Figures/CREST_Example_wjb_NSE/Rolling_result/20100722/BJP_forecast/ens_13/wjb.rain.20100715.asc
ncols            288
nrows            254
xllcorner        113.274861
yllcorner        31.4918055
cellsize         0.008333333333
NODATA_value     -9999
[rows 160 to 179 of 254, columns 180 to 224 of 288]
4.571274533867836 4.571274533867836 4.571274533867836 4.4316715866119285 4.142829930214341 3.8539882738167535 3.565146617419166 3.276304961021578 2.98746330462399 2.6986216482264025 2.409779991828815 2.120938335431227 1.8320966790336395 1.5432550226360515 1.254413366238464 1.1633499045986304 1.2837158083066158 1.4040817120146014 1.5244476157225868 1.6448135194305724 1.7651794231385578 1.8855453268465432 2.0059112305545286 2.126277134262514 2.2466430379704994 2.367008941678485 2.4873748453864706 2.549565501511097 2.549565501511097 2.549565501511097 2.549565501511097 2.549565501511097 2.549565501511097 2.549565501511097 2.549565501511097 2.549565501511097 2.549565501511097 2.549565501511097 2.549565501511097 2.594682797493669 2.68803150394147 2.78138021038943 2.8747289168372308 2.9680776232850317 3.061426329732833
4.571274533867836 4.571274533867836 4.571274533867836 4.4316715866119285 4.142829930214341 3.8539882738167535 3.565146617419166 3.276304961021578 2.98746330462399 2.6986216482264025 2.409779991828815 2.120938335431227 1.8320966790336395 1.5432550226360515 1.254413366238464 1.1633499045986304 1.2837158083066158 1.4040817120146014 1.5244476157225868 1.6448135194305724 1.7651794231385578 1.8855453268465432 2.0059112305545286 2.126277134262514 2.2466430379704994 2.367008941678485 2.4873748453864706 2.549565501511097 2.549565501511097 2.549565501511097 2.549565501511097 2.549565501511097 2.549565501511097 2.549565501511097 2.549565501511097 2.549565501511097 2.549565501511097 2.549565501511097 2.549565501511097 2.594682797493669 2.68803150394147 2.78138021038943 2.8747289168372308 2.9680776232850317 3.061426329732833
4.571274533867836 4.571274533867836 4.571274533867836 4.4316715866119285 4.142829930214341 3.8539882738167535 3.565146617419166 3.276304961021578 2.98746330462399 2.6986216482264025 2.409779991828815 2.120938335431227 1.8320966790336395 1.5432550226360515 1.254413366238464 1.1633499045986304 1.2837158083066158 1.4040817120146014 1.5244476157225868 1.6448135194305724 1.7651794231385578 1.8855453268465432 2.0059112305545286 2.126277134262514 2.2466430379704994 2.367008941678485 2.4873748453864706 2.549565501511097 2.549565501511097 2.549565501511097 2.549565501511097 2.549565501511097 2.549565501511097 2.549565501511097 2.549565501511097 2.549565501511097 2.549565501511097 2.549565501511097 2.549565501511097 2.594682797493669 2.68803150394147 2.78138021038943 2.8747289168372308 2.9680776232850317 3.061426329732833
4.571274533867836 4.571274533867836 4.571274533867836 4.4316715866119285 4.142829930214341 3.8539882738167535 3.565146617419166 3.276304961021578 2.98746330462399 2.6986216482264025 2.409779991828815 2.120938335431227 1.8320966790336395 1.5432550226360515 1.254413366238464 1.1633499045986304 1.2837158083066158 1.4040817120146014 1.5244476157225868 1.6448135194305724 1.7651794231385578 1.8855453268465432 2.0059112305545286 2.126277134262514 2.2466430379704994 2.367008941678485 2.4873748453864706 2.549565501511097 2.549565501511097 2.549565501511097 2.549565501511097 2.549565501511097 2.549565501511097 2.549565501511097 2.549565501511097 2.549565501511097 2.549565501511097 2.549565501511097 2.549565501511097 2.594682797493669 2.68803150394147 2.78138021038943 2.8747289168372308 2.9680776232850317 3.061426329732833
4.571274533867836 4.571274533867836 4.571274533867836 4.4316715866119285 4.142829930214341 3.8539882738167535 3.565146617419166 3.276304961021578 2.98746330462399 2.6986216482264025 2.409779991828815 2.120938335431227 1.8320966790336395 1.5432550226360515 1.254413366238464 1.1633499045986304 1.2837158083066158 1.4040817120146014 1.5244476157225868 1.6448135194305724 1.7651794231385578 1.8855453268465432 2.0059112305545286 2.126277134262514 2.2466430379704994 2.367008941678485 2.4873748453864706 2.549565501511097 2.549565501511097 2.549565501511097 2.549565501511097 2.549565501511097 2.549565501511097 2.549565501511097 2.549565501511097 2.549565501511097 2.549565501511097 2.549565501511097 2.549565501511097 2.594682797493669 2.68803150394147 2.78138021038943 2.8747289168372308 2.9680776232850317 3.061426329732833
4.571274533867836 4.571274533867836 4.571274533867836 4.4316715866119285 4.142829930214341 3.8539882738167535 3.565146617419166 3.276304961021578 2.98746330462399 2.6986216482264025 2.409779991828815 2.120938335431227 1.8320966790336395 1.5432550226360515 1.254413366238464 1.1633499045986304 1.2837158083066158 1.4040817120146014 1.5244476157225868 1.6448135194305724 1.7651794231385578 1.8855453268465432 2.0059112305545286 2.126277134262514 2.2466430379704994 2.367008941678485 2.4873748453864706 2.549565501511097 2.549565501511097 2.549565501511097 2.549565501511097 2.549565501511097 2.549565501511097 2.549565501511097 2.549565501511097 2.549565501511097 2.549565501511097 2.549565501511097 2.549565501511097 2.594682797493669 2.68803150394147 2.78138021038943 2.8747289168372308 2.9680776232850317 3.061426329732833
4.571274533867836 4.571274533867836 4.571274533867836 4.4316715866119285 4.142829930214341 3.8539882738167535 3.565146617419166 3.276304961021578 2.98746330462399 2.6986216482264025 2.409779991828815 2.120938335431227 1.8320966790336395 1.5432550226360515 1.254413366238464 1.1633499045986304 1.2837158083066158 1.4040817120146014 1.5244476157225868 1.6448135194305724 1.7651794231385578 1.8855453268465432 2.0059112305545286 2.126277134262514 2.2466430379704994 2.367008941678485 2.4873748453864706 2.549565501511097 2.549565501511097 2.549565501511097 2.549565501511097 2.549565501511097 2.549565501511097 2.549565501511097 2.549565501511097 2.549565501511097 2.549565501511097 2.549565501511097 2.549565501511097 2.594682797493669 2.68803150394147 2.78138021038943 2.8747289168372308 2.9680776232850317 3.061426329732833
4.571274533867836 4.571274533867836 4.571274533867836 4.4316715866119285 4.142829930214341 3.8539882738167535 3.565146617419166 3.276304961021578 2.98746330462399 2.6986216482264025 2.409779991828815 2.120938335431227 1.8320966790336395 1.5432550226360515 1.254413366238464 1.1633499045986304 1.2837158083066158 1.4040817120146014 1.5244476157225868 1.6448135194305724 1.7651794231385578 1.8855453268465432 2.0059112305545286 2.126277134262514 2.2466430379704994 2.367008941678485 2.4873748453864706 2.549565501511097 2.549565501511097 2.549565501511097 2.549565501511097 2.549565501511097 2.549565501511097 2.549565501511097 2.549565501511097 2.549565501511097 2.549565501511097 2.549565501511097 2.549565501511097 2.594682797493669 2.68803150394147 2.78138021038943 2.8747289168372308 2.9680776232850317 3.061426329732833
4.571274533867836 4.571274533867836 4.571274533867836 4.4316715866119285 4.142829930214341 3.8539882738167535 3.565146617419166 3.276304961021578 2.98746330462399 2.6986216482264025 2.409779991828815 2.120938335431227 1.8320966790336395 1.5432550226360515 1.254413366238464 1.1633499045986304 1.2837158083066158 1.4040817120146014 1.5244476157225868 1.6448135194305724 1.7651794231385578 1.8855453268465432 2.0059112305545286 2.126277134262514 2.2466430379704994 2.367008941678485 2.4873748453864706 2.549565501511097 2.549565501511097 2.549565501511097 2.549565501511097 2.549565501511097 2.549565501511097 2.549565501511097 2.549565501511097 2.549565501511097 2.549565501511097 2.549565501511097 2.549565501511097 2.594682797493669 2.68803150394147 2.78138021038943 2.8747289168372308 2.9680776232850317 3.061426329732833
4.563508092082648 4.563508092082648 4.563508092082648 4.426432021665125 4.142818530616896 3.859205039568667 3.5755915485204377 3.2919780574722086 3.008364566423979 2.7247510753757505 2.441137584327521 2.157524093279292 1.8739106022310628 1.5902971111828332 1.3066836201346042 1.2146800168328011 1.327511719112671 1.4403434213925408 1.5531751236724107 1.6660068259522807 1.7788385282321504 1.8916702305120205 2.0045019327918903 2.11733363507176 2.23016533735163 2.3429970396315003 2.45582874191137 2.5141266267797246 2.5141266267797246 2.5141266267797246 2.5141266267797246 2.5141266267797246 2.5141266267797246 2.5141266267797246 2.5141266267797246 2.5141266267797246 2.5141266267797246 2.5141266267797246 2.5141266267797246 2.5551294374402116 2.639965180640759 2.7248009238414506 2.809636667041998 2.8944724102425448 2.979308153443092
4.547439813581848 4.547439813581848 4.547439813581848 4.415591692062857 4.142794945568348 3.86999819907384 3.5972014525793314 3.3244047060848234 3.051607959590315 2.778811213095807 2.5060144666012985 2.23321772010679 1.960420973612282 1.6876242271177735 1.414827480623265 1.3208787834840825 1.4181226979228116 1.5153666123615406 1.6126105268002697 1.7098544412389987 1.8070983556777278 1.904342270116457 2.001586184555186 2.098830098993915 2.196074013432644 2.293317927871373 2.3905618423101025 2.4408058288276093 2.4408058288276093 2.4408058288276093 2.4408058288276093 2.4408058288276093 2.4408058288276093 2.4408058288276093 2.4408058288276093 2.4408058288276093 2.4408058288276093 2.4408058288276093 2.4408058288276093 2.4732960287106867 2.5405189875619296 2.607741946413287 2.6749649052645297 2.742187864115772 2.809410822967015
4.531371535081062 4.531371535081062 4.531371535081062 4.404751362460598 4.142771360519801 3.880791358579004 3.618811356638208 3.3568313546974107 3.0948513527566144 2.8328713508158176 2.570891348875021 2.308911346934224 2.0469313449934274 1.7849513430526307 1.5229713411118344 1.4270775501352735 1.508733676732875 1.5903898033304764 1.6720459299280779 1.7537020565256793 1.8353581831232808 1.9170143097208823 1.9986704363184837 2.0803265629160856 2.161982689513687 2.2436388161112886 2.32529494270889 2.367485030875556 2.367485030875556 2.367485030875556 2.367485030875556 2.367485030875556 2.367485030875556 2.367485030875556 2.367485030875556 2.367485030875556 2.367485030875556 2.367485030875556 2.367485030875556 2.3914626199812314 2.4410727944831847 2.490682968985223 2.540293143487176 2.5899033179891293 2.6395134924910826
4.5153032565802755 4.5153032565802755 4.5153032565802755 4.3939110328583375 4.1427477754712525 3.891584518084168 3.640421260697083 3.389258003309998 3.1380947459229134 2.8869314885358284 2.6357682311487434 2.3846049737616584 2.1334417163745734 1.8822784589874884 1.6311152016004034 1.5332763167864645 1.5993446555429385 1.6654129942994123 1.7314813330558863 1.79754967181236 1.863618010568834 1.9296863493253078 1.9957546880817818 2.0618230268382556 2.1278913655947296 2.1939597043512036 2.260028043107677 2.294164232923503 2.294164232923503 2.294164232923503 2.294164232923503 2.294164232923503 2.294164232923503 2.294164232923503 2.294164232923503 2.294164232923503 2.294164232923503 2.294164232923503 2.294164232923503 2.3096292112517762 2.3416266014044402 2.3736239915571584 2.4056213817098224 2.4376187718624864 2.4696161620151504
4.49923497807949 4.49923497807949 4.49923497807949 4.383070703256079 4.1427241904227055 3.902377677589332 3.662031164755959 3.421684651922585 3.1813381390892124 2.9409916262558387 2.7006451134224654 2.460298600589092 2.219952087755719 1.9796055749223456 1.7392590620889723 1.6394750834376557 1.689955634353002 1.7404361852683483 1.7909167361836946 1.841397287099041 1.8918778380143872 1.9423583889297338 1.9928389398450799 2.0433194907604264 2.0938000416757725 2.144280592591119 2.194761143506465 2.2208434349714503 2.2208434349714503 2.2208434349714503 2.2208434349714503 2.2208434349714503 2.2208434349714503 2.2208434349714503 2.2208434349714503 2.2208434349714503 2.2208434349714503 2.2208434349714503 2.2208434349714503 2.2277958025223215 2.2421804083256958 2.256565014129095 2.2709496199324692 2.285334225735844 2.2997188315392183
4.483166699578704 4.483166699578704 4.483166699578704 4.37223037365382 4.142700605374158 3.9131708370944964 3.683641068814835 3.454111300535173 3.2245815322555114 2.99505176397585 2.7655219956961883 2.5359922274165263 2.3064624591368648 2.076932690857203 1.8474029225775412 1.7456738500888467 1.7805666131630655 1.8154593762372842 1.850352139311503 1.8852449023857218 1.9201376654599407 1.9550304285341593 1.9899231916083782 2.024815954682597 2.059708717756816 2.0946014808310345 2.1294942439052535 2.1475226370193976 2.1475226370193976 2.1475226370193976 2.1475226370193976 2.1475226370193976 2.1475226370193976 2.1475226370193976 2.1475226370193976 2.1475226370193976 2.1475226370193976 2.1475226370193976 2.1475226370193976 2.1459623937928662 2.1427342152469513 2.139506036701031 2.136277858155116 2.133049679609201 2.129821501063286
4.467098421077917 4.467098421077917 4.467098421077917 4.36139004405156 4.1426770203256105 3.92396399659966 3.70525097287371 3.4865379491477597 3.26782492542181 3.04911190169586 2.83039887796991 2.6116858542439596 2.39297283051801 2.1742598067920595 1.9555467830661097 1.8518726167400374 1.8711775919731286 1.89048256720622 1.9097875424393111 1.9290925176724023 1.9483974929054937 1.9677024681385848 1.987007443371676 2.006312418604767 2.0256173938378583 2.0449223690709495 2.064227344304041 2.0742018390673445 2.0742018390673445 2.0742018390673445 2.0742018390673445 2.0742018390673445 2.0742018390673445 2.0742018390673445 2.0742018390673445 2.0742018390673445 2.0742018390673445 2.0742018390673445 2.0742018390673445 2.064128985063411 2.043288022168207 2.0224470592729666 2.0016060963777624 1.9807651334825582 1.9599241705873538
4.4510301425771175 4.4510301425771175 4.4510301425771175 4.350549714449292 4.1426534352770625 3.9347571561048333 3.726860876932604 3.518964597760375 3.3110683185881458 3.1031720394159166 2.8952757602436874 2.6873794810714586 2.4794832018992294 2.2715869227270002 2.063690643554771 1.9580713833913193 1.9617885707832694 1.9655057581752198 1.9692229455671701 1.9729401329591205 1.976657320351071 1.9803745077430213 1.9840916951349716 1.987808882526922 1.9915260699188724 1.9952432573108227 1.9989604447027731 2.000881041115229 2.000881041115229 2.000881041115229 2.000881041115229 2.000881041115229 2.000881041115229 2.000881041115229 2.000881041115229 2.000881041115229 2.000881041115229 2.000881041115229 2.000881041115229 1.9822955763338863 1.9438418290893775 1.9053880818448032 1.8669343346002945 1.8284805873557857 1.7900268401112769
4.434961864076332 4.434961864076332 4.434961864076332 4.3397093848470325 4.142629850228515 3.9455503156099976 3.74847078099148 3.5513912463729627 3.354311711754445 3.1572321771359277 2.96015264251741 2.763073107898893 2.565993573280375 2.368914038661858 2.1718345040433404 2.06427015004251 2.052399549593333 2.040528949144156 2.0286583486949783 2.016787748245801 2.004917147796624 1.9930465473474468 1.9811759468982695 1.9693053464490924 1.957434745999915 1.945564145550738 1.9336935451015607 1.927560243163176 1.927560243163176 1.927560243163176 1.927560243163176 1.927560243163176 1.927560243163176 1.927560243163176 1.927560243163176 1.927560243163176 1.927560243163176 1.927560243163176 1.927560243163176 1.9004621676044309 1.8443956360106328 1.7883291044167389 1.7322625728229408 1.6761960412291428 1.6201295096353445
4.418893585575546 4.418893585575546 4.418893585575546 4.328869055244773 4.1426062651799676 3.956343475115162 3.770080685050356 3.5838178949855504 3.3975551049207446 3.2112923148559385 3.0250295247911327 2.8387667347263266 2.652503944661521 2.466241154596715 2.2799783645319094 2.170468916693701 2.1430105284033965 2.115552140113092 2.088093751822787 2.0606353635324823 2.0331769752421773 2.0057185869518728 1.9782601986615678 1.950801810371263 1.9233434220809582 1.8958850337906534 1.8684266455003486 1.8542394452111233 1.8542394452111233 1.8542394452111233 1.8542394452111233 1.8542394452111233 1.8542394452111233 1.8542394452111233 1.8542394452111233 1.8542394452111233 1.8542394452111233 1.8542394452111233 1.8542394452111233 1.818628758874976 1.7449494429318884 1.6712701269886752 1.5975908110455876 1.5239114951025001 1.4502321791594124
4.402825307074759 4.402825307074759 4.402825307074759 4.318028725642514 4.14258268013142 3.9671366346203256 3.791690589109231 3.616244543598137 3.440798498087043 3.265352452575949 3.0899064070648548 2.9144603615537603 2.7390143160426663 2.5635682705315723 2.3881222250204783 2.2766676833448924 2.23362150721346 2.1905753310820275 2.147529154950595 2.104482978819163 2.0614368026877306 2.018390626556298 1.9753444504248658 1.9322982742934336 1.8892520981620011 1.8462059220305689 1.8031597458991364 1.7809186472590703 1.7809186472590703 1.7809186472590703 1.7809186472590703 1.7809186472590703 1.7809186472590703 1.7809186472590703 1.7809186472590703 1.7809186472590703 1.7809186472590703 1.7809186472590703 1.7809186472590703 1.7367953501455209 1.645503249853144 1.5542111495606112 1.4629190492682342 1.3716269489758572 1.2803348486834802
