Figures/CREST_Example_wjb_NSE/Rolling_result/20100722/BJP_forecast/ens_13/wjb.rain.20100722.asc
ncols            288
nrows            254
xllcorner        113.274861
yllcorner        31.4918055
cellsize         0.008333333333
NODATA_value     -9999
[rows 80 to 99 of 254, columns 176 to 219 of 288]
14.206726354520772 14.022202824146039 13.837679293771306 13.653155763396573 13.46863223302184 13.284108702647107 13.099585172272057 16.810481927678378 16.810481927678378 16.810481927678378 16.810481927678378 16.810481927678378 16.810481927678378 16.810481927678378 16.810481927678378 16.810481927678378 16.810481927678378 16.810481927678378 16.810481927678378 16.810481927678378 16.810481927678378 16.810481927678378 16.810481927678378 16.810481927678378 16.810481927678378 16.810481927678378 16.810481927678378 16.810481927678378 16.810481927678378 16.810481927678378 -9999.0 -9999.0 -9999.0 -9999.0 -9999.0 -9999.0 -9999.0 -9999.0 -9999.0 -9999.0 -9999.0 -9999.0 -9999.0 -9999.0
13.680702244223353 13.478931498007714 13.277160751792078 13.07539000557644 12.873619259360801 12.671848513145164 12.470077766929183 16.810481927678378 16.810481927678378 16.810481927678378 16.810481927678378 16.810481927678378 16.810481927678378 16.810481927678378 16.810481927678378 16.810481927678378 16.810481927678378 16.810481927678378 16.810481927678378 16.810481927678378 16.810481927678378 16.810481927678378 16.810481927678378 16.810481927678378 16.810481927678378 16.810481927678378 16.810481927678378 16.810481927678378 16.810481927678378 16.810481927678378 -9999.0 -9999.0 -9999.0 -9999.0 -9999.0 -9999.0 -9999.0 -9999.0 -9999.0 -9999.0 -9999.0 -9999.0 -9999.0 -9999.0
13.154678133925934 12.935660171869394 12.716642209812852 12.49762424775631 12.278606285699768 12.059588323643226 11.840570361586309 16.810481927678378 16.810481927678378 16.810481927678378 16.810481927678378 16.810481927678378 16.810481927678378 16.810481927678378 16.810481927678378 16.810481927678378 16.810481927678378 16.810481927678378 16.810481927678378 16.810481927678378 16.810481927678378 16.810481927678378 16.810481927678378 16.810481927678378 16.810481927678378 16.810481927678378 16.810481927678378 16.810481927678378 16.810481927678378 -9999.0 -9999.0 -9999.0 -9999.0 -9999.0 -9999.0 -9999.0 -9999.0 -9999.0 -9999.0 -9999.0 -9999.0 -9999.0 -9999.0 -9999.0
12.628654023628517 12.39238884573107 12.156123667833624 11.919858489936178 11.683593312038731 11.447328134141285 11.211062956243435 16.810481927678378 16.810481927678378 16.810481927678378 16.810481927678378 16.810481927678378 16.810481927678378 16.810481927678378 16.810481927678378 16.810481927678378 16.810481927678378 16.810481927678378 16.810481927678378 16.810481927678378 16.810481927678378 16.810481927678378 16.810481927678378 16.810481927678378 16.810481927678378 16.810481927678378 16.810481927678378 16.810481927678378 16.810481927678378 -9999.0 -9999.0 -9999.0 -9999.0 -9999.0 -9999.0 -9999.0 -9999.0 -9999.0 -9999.0 -9999.0 -9999.0 -9999.0 -9999.0 -9999.0
12.102629913331098 11.849117519592747 11.595605125854396 11.342092732116047 11.088580338377696 10.835067944639345 10.58155555090056 16.810481927678378 16.810481927678378 16.810481927678378 16.810481927678378 16.810481927678378 16.810481927678378 16.810481927678378 16.810481927678378 16.810481927678378 16.810481927678378 16.810481927678378 16.810481927678378 16.810481927678378 16.810481927678378 16.810481927678378 16.810481927678378 16.810481927678378 16.810481927678378 16.810481927678378 16.810481927678378 16.810481927678378 16.810481927678378 -9999.0 -9999.0 -9999.0 -9999.0 -9999.0 -9999.0 -9999.0 -9999.0 -9999.0 -9999.0 -9999.0 -9999.0 -9999.0 -9999.0 -9999.0
12.286515316561484 12.03023179747764 11.773948278393794 11.51766475930995 11.261381240226104 11.00509772114226 10.748814202057977 10.632376421365825 10.66543689903267 10.698497376699516 10.73155785436636 10.764618332033205 10.79767880970005 10.830739287366896 10.863799765033741 10.896860242700587 10.929920720367432 10.962981198034278 10.996041675701123 16.810481927678378 16.810481927678378 16.810481927678378 16.810481927678378 16.810481927678378 16.810481927678378 16.810481927678378 16.810481927678378 16.810481927678378 16.810481927678378 16.810481927678378 -9999.0 -9999.0 16.810481927678378 16.810481927678378 -9999.0 -9999.0 -9999.0 -9999.0 -9999.0 -9999.0 -9999.0 -9999.0 -9999.0 -9999.0
13.229249230843617 12.98566861445443 12.742087998065244 12.498507381676058 12.254926765286871 12.011346148897683 11.767765532508081 11.629019974744368 11.602345466550819 11.575670958357271 11.548996450163724 11.522321941970176 11.495647433776627 11.46897292558308 11.442298417389532 11.415623909195984 11.388949401002435 11.362274892808887 11.33560038461534 16.810481927678378 16.810481927678378 16.810481927678378 16.810481927678378 16.810481927678378 16.810481927678378 16.810481927678378 16.810481927678378 16.810481927678378 16.810481927678378 16.810481927678378 16.810481927678378 16.810481927678378 16.810481927678378 16.810481927678378 16.810481927678378 -9999.0 -9999.0 -9999.0 -9999.0 -9999.0 -9999.0 -9999.0 -9999.0 -9999.0
14.171983145125752 13.941105431431223 13.710227717736696 13.479350004042168 13.248472290347639 13.01759457665311 12.786716862958187 12.625663528122914 12.539254034068971 12.45284454001503 12.366435045961088 12.280025551907148 12.193616057853205 12.107206563799265 12.020797069745324 11.934387575691382 11.847978081637441 11.761568587583499 11.675159093529558 16.810481927678378 16.810481927678378 16.810481927678378 16.810481927678378 16.810481927678378 16.810481927678378 16.810481927678378 16.810481927678378 16.810481927678378 16.810481927678378 16.810481927678378 16.810481927678378 16.810481927678378 16.810481927678378 16.810481927678378 16.810481927678378 -9999.0 -9999.0 -9999.0 -9999.0 -9999.0 -9999.0 -9999.0 -9999.0 -9999.0
15.114717059407887 14.896542248408016 14.678367437408147 14.460192626408276 14.242017815408406 14.023843004408535 13.805668193408293 13.622307081501457 13.476162601587124 13.330018121672788 13.183873641758453 13.03772916184412 12.891584681929784 12.745440202015448 12.599295722101115 12.45315124218678 12.307006762272444 12.160862282358108 12.014717802443775 16.810481927678378 16.810481927678378 16.810481927678378 16.810481927678378 16.810481927678378 16.810481927678378 16.810481927678378 16.810481927678378 16.810481927678378 16.810481927678378 16.810481927678378 16.810481927678378 16.810481927678378 16.810481927678378 16.810481927678378 16.810481927678378 -9999.0 -9999.0 -9999.0 -9999.0 -9999.0 -9999.0 -9999.0 -9999.0 -9999.0
16.057450973690024 15.85197906538481 15.646507157079599 15.441035248774387 15.235563340469174 15.030091432163962 14.824619523858399 14.618950634880003 14.413071169105274 14.207191703330547 14.001312237555819 13.79543277178109 13.589553306006362 13.383673840231634 13.177794374456905 12.971914908682177 12.766035442907448 12.56015597713272 12.354276511357991 16.810481927678378 16.810481927678378 16.810481927678378 16.810481927678378 16.810481927678378 16.810481927678378 16.810481927678378 16.810481927678378 16.810481927678378 16.810481927678378 16.810481927678378 16.810481927678378 16.810481927678378 16.810481927678378 16.810481927678378 16.810481927678378 16.810481927678378 -9999.0 -9999.0 -9999.0 -9999.0 -9999.0 -9999.0 -9999.0 -9999.0
17.000184887972157 16.807415882361603 16.61464687675105 16.421877871140495 16.22910886552994 16.036339859919387 15.843570854308505 15.615594188258548 15.349979736623427 15.084365284988305 14.818750833353183 14.553136381718062 14.28752193008294 14.021907478447819 13.756293026812697 13.490678575177576 13.225064123542454 12.959449671907333 12.69383522027221 16.810481927678378 16.810481927678378 16.810481927678378 16.810481927678378 16.810481927678378 16.810481927678378 16.810481927678378 16.810481927678378 16.810481927678378 16.810481927678378 16.810481927678378 16.810481927678378 16.810481927678378 16.810481927678378 16.810481927678378 16.810481927678378 16.810481927678378 -9999.0 -9999.0 -9999.0 -9999.0 -9999.0 -9999.0 -9999.0 -9999.0
17.942918802254294 17.762852699338396 17.5827865964225 17.402720493506607 17.22265439059071 17.042588287674814 16.86252218475861 16.612237741637095 16.286888304141577 15.961538866646062 15.636189429150548 15.310839991655033 14.985490554159519 14.660141116664002 14.334791679168488 14.009442241672971 13.684092804177457 13.358743366681942 13.033393929186428 16.810481927678378 16.810481927678378 16.810481927678378 16.810481927678378 16.810481927678378 16.810481927678378 16.810481927678378 16.810481927678378 16.810481927678378 16.810481927678378 16.810481927678378 16.810481927678378 16.810481927678378 16.810481927678378 16.810481927678378 -9999.0 -9999.0 -9999.0 -9999.0 -9999.0 -9999.0 16.810481927678378 -9999.0 16.810481927678378 -9999.0
18.88565271653723 18.718289516316002 18.550926316094774 18.38356311587355 18.21619991565232 18.048836715431094 17.881473515209585 17.608881295016488 17.22379687166053 16.83871244830457 16.453628024948607 16.068543601592648 15.68345917823669 15.298374754880731 14.91329033152477 14.528205908168811 14.143121484812852 13.758037061456893 13.372952638100934 16.810481927678378 16.810481927678378 16.810481927678378 16.810481927678378 16.810481927678378 16.810481927678378 16.810481927678378 16.810481927678378 16.810481927678378 16.810481927678378 16.810481927678378 16.810481927678378 16.810481927678378 16.810481927678378 16.810481927678378 -9999.0 -9999.0 -9999.0 -9999.0 -9999.0 16.810481927678378 16.810481927678378 16.810481927678378 16.810481927678378 -9999.0
19.828386630819363 19.673726333292795 19.519066035766226 19.364405738239657 19.209745440713093 19.055085143186524 18.90042484565969 18.605524848395035 18.16070543917868 17.715886029962327 17.271066620745973 16.826247211529623 16.38142780231327 15.936608393096915 15.491788983880562 15.04696957466421 14.602150165447856 14.157330756231504 13.712511347015152 16.810481927678378 16.810481927678378 16.810481927678378 16.810481927678378 16.810481927678378 16.810481927678378 16.810481927678378 16.810481927678378 16.810481927678378 16.810481927678378 16.810481927678378 16.810481927678378 16.810481927678378 16.810481927678378 16.810481927678378 16.810481927678378 -9999.0 -9999.0 -9999.0 -9999.0 16.810481927678378 16.810481927678378 16.810481927678378 16.810481927678378 -9999.0
20.771120545101496 20.629163150269587 20.487205755437678 20.345248360605765 20.203290965773856 20.061333570941947 19.919376176109793 19.60216840177358 19.09761400669683 18.593059611620085 18.08850521654334 17.583950821466594 17.079396426389845 16.5748420313131 16.070287636236355 15.565733241159608 15.06117884608286 14.556624451006115 14.052070055929368 16.810481927678378 16.810481927678378 16.810481927678378 16.810481927678378 16.810481927678378 16.810481927678378 16.810481927678378 16.810481927678378 16.810481927678378 16.810481927678378 16.810481927678378 16.810481927678378 16.810481927678378 16.810481927678378 16.810481927678378 16.810481927678378 16.810481927678378 -9999.0 -9999.0 -9999.0 16.810481927678378 16.810481927678378 16.810481927678378 16.810481927678378 16.810481927678378
21.713854459383633 21.584599967246383 21.45534547510913 21.326090982971877 21.196836490834627 21.067581998697374 20.9383275065599 20.598811955152122 20.034522574214986 19.470233193277846 18.905943812340706 18.341654431403565 17.777365050466425 17.213075669529285 16.648786288592145 16.084496907655005 15.520207526717865 14.955918145780725 14.391628764843587 16.810481927678378 16.810481927678378 16.810481927678378 16.810481927678378 16.810481927678378 16.810481927678378 16.810481927678378 16.810481927678378 16.810481927678378 16.810481927678378 16.810481927678378 16.810481927678378 16.810481927678378 16.810481927678378 16.810481927678378 16.810481927678378 16.810481927678378 16.810481927678378 16.810481927678378 16.810481927678378 16.810481927678378 16.810481927678378 16.810481927678378 16.810481927678378 16.810481927678378
22.65658837366577 22.540036784223176 22.423485194780582 22.306933605337985 22.19038201589539 22.073830426452798 21.957278837010005 21.595455508530666 20.971431141733134 20.3474067749356 19.723382408138068 19.099358041340537 18.475333674543002 17.851309307745467 17.227284940947936 16.603260574150404 15.97923620735287 15.355211840555336 14.731187473757803 16.810481927678378 16.810481927678378 16.810481927678378 16.810481927678378 16.810481927678378 16.810481927678378 16.810481927678378 16.810481927678378 16.810481927678378 16.810481927678378 16.810481927678378 16.810481927678378 16.810481927678378 16.810481927678378 16.810481927678378 16.810481927678378 16.810481927678378 16.810481927678378 16.810481927678378 16.810481927678378 16.810481927678378 16.810481927678378 16.810481927678378 16.810481927678378 16.810481927678378
23.08722564327947 22.966948113555826 22.846670583832182 22.726393054108538 22.606115524384894 22.48583799466125 22.365560464937403 21.988355247655836 21.336488519370402 20.684621791084965 20.03275506279953 19.380888334514097 18.72902160622866 18.077154877943226 17.42528814965779 16.773421421372355 16.121554693086917 15.469687964801484 14.817821236516048 14.166570862843297 13.515979386200137 12.865387909556976 12.214796432913815 11.564204956270654 10.913613479627493 10.263022002984332 9.612430526341171 8.96183904969801 8.311247573054851 7.6606560964116905 7.01006461976853 16.810481927678378 16.810481927678378 16.810481927678378 16.810481927678378 16.810481927678378 16.810481927678378 16.810481927678378 16.810481927678378 16.810481927678378 16.810481927678378 16.810481927678378 16.810481927678378 16.810481927678378
22.970463885743847 22.828899018382366 22.687334151020885 22.5457692836594 22.40420441629792 22.262639548936438 22.121074681574715 21.735890913396467 21.090273028352744 20.44465514330902 19.799037258265297 19.153419373221574 18.507801488177854 17.86218360313413 17.216565718090408 16.570947833046684 15.925329948002961 15.279712062959238 14.634094177915516 13.99224484468584 13.354424178619128 12.716603512552416 12.078782846485703 11.440962180418992 10.80314151435228 10.165320848285567 9.527500182218855 8.889679516152142 8.25185885008543 7.614038184018718 6.976217517952006 16.810481927678378 16.810481927678378 16.810481927678378 16.810481927678378 16.810481927678378 16.810481927678378 16.810481927678378 16.810481927678378 16.810481927678378 16.810481927678378 16.810481927678378 16.810481927678378 16.810481927678378
22.853702128208322 22.690849923209022 22.52799771820972 22.36514551321042 22.202293308211118 22.039441103211818 21.87658889821224 21.483426579137316 20.8440575373353 20.204688495533283 19.565319453731266 18.92595041192925 18.286581370127237 17.64721232832522 17.007843286523205 16.368474244721188 15.729105202919172 15.089736161117157 14.45036711931514 13.817918826528532 13.192868971038257 12.567819115547982 11.942769260057707 11.317719404567434 10.69266954907716 10.067619693586884 9.44256983809661 8.817519982606335 8.19247012711606 7.567420271625786 6.942370416135511 16.810481927678378 16.810481927678378 16.810481927678378 16.810481927678378 16.810481927678378 16.810481927678378 16.810481927678378 16.810481927678378 16.810481927678378 16.810481927678378 16.810481927678378 16.810481927678378 16.810481927678378
