Figures/CREST_Example_wjb_NSE/Rolling_result/20100722/BJP_forecast/ens_13/wjb.rain.20100627.asc
ncols            288
nrows            254
xllcorner        113.274861
yllcorner        31.4918055
cellsize         0.008333333333
NODATA_value     -9999
[rows 160 to 179 of 254, columns 92 to 137 of 288]
0.0 0.0 0.0 0.0 0.0 0.0 0.0 0.0008916470712148115 0.002736485022304069 0.0045813229733933265 0.0064261609244825844 0.008270998875571842 0.010115836826664245 0.011960674777753503 0.013805512728842761 0.015650350679932017 0.017495188631021275 0.019340026582110533 0.02118486453319979 0.02213805541396141 0.02213805541396141 0.02213805541396141 0.02213805541396141 0.02213805541396141 0.02213805541396141 0.02213805541396141 0.02213805541396141 0.02213805541396141 0.02213805541396141 0.02213805541396141 0.02213805541396141 0.0212464083445178 0.019401570393428543 0.017556732442339285 0.015711894491250027 0.013867056540160771 0.012022218589071513 0.010177380637982255 0.008332542686889852 0.0064877047358005945 0.0046428667847113365 0.0027980288336220786 0.0009531908825328207 0.0 0.0 0.0
0.0 0.0 0.0 0.0 0.0 0.0 0.0 0.0008916470712148115 0.002736485022304069 0.0045813229733933265 0.0064261609244825844 0.008270998875571842 0.010115836826664245 0.011960674777753503 0.013805512728842761 0.015650350679932017 0.017495188631021275 0.019340026582110533 0.02118486453319979 0.02213805541396141 0.02213805541396141 0.02213805541396141 0.02213805541396141 0.02213805541396141 0.02213805541396141 0.02213805541396141 0.02213805541396141 0.02213805541396141 0.02213805541396141 0.02213805541396141 0.02213805541396141 0.0212464083445178 0.019401570393428543 0.017556732442339285 0.015711894491250027 0.013867056540160771 0.012022218589071513 0.010177380637982255 0.008332542686889852 0.0064877047358005945 0.0046428667847113365 0.0027980288336220786 0.0009531908825328207 0.0 0.0 0.0
0.0 0.0 0.0 0.0 0.0 0.0 0.0 0.0008916470712148115 0.002736485022304069 0.0045813229733933265 0.0064261609244825844 0.008270998875571842 0.010115836826664245 0.011960674777753503 0.013805512728842761 0.015650350679932017 0.017495188631021275 0.019340026582110533 0.02118486453319979 0.02213805541396141 0.02213805541396141 0.02213805541396141 0.02213805541396141 0.02213805541396141 0.02213805541396141 0.02213805541396141 0.02213805541396141 0.02213805541396141 0.02213805541396141 0.02213805541396141 0.02213805541396141 0.0212464083445178 0.019401570393428543 0.017556732442339285 0.015711894491250027 0.013867056540160771 0.012022218589071513 0.010177380637982255 0.008332542686889852 0.0064877047358005945 0.0046428667847113365 0.0027980288336220786 0.0009531908825328207 0.0 0.0 0.0
0.0 0.0 0.0 0.0 0.0 0.0 0.0 0.0008916470712148115 0.002736485022304069 0.0045813229733933265 0.0064261609244825844 0.008270998875571842 0.010115836826664245 0.011960674777753503 0.013805512728842761 0.015650350679932017 0.017495188631021275 0.019340026582110533 0.02118486453319979 0.02213805541396141 0.02213805541396141 0.02213805541396141 0.02213805541396141 0.02213805541396141 0.02213805541396141 0.02213805541396141 0.02213805541396141 0.02213805541396141 0.02213805541396141 0.02213805541396141 0.02213805541396141 0.0212464083445178 0.019401570393428543 0.017556732442339285 0.015711894491250027 0.013867056540160771 0.012022218589071513 0.010177380637982255 0.008332542686889852 0.0064877047358005945 0.0046428667847113365 0.0027980288336220786 0.0009531908825328207 0.0 0.0 0.0
0.0 0.0 0.0 0.0 0.0 0.0 0.0 0.0008916470712148115 0.002736485022304069 0.0045813229733933265 0.0064261609244825844 0.008270998875571842 0.010115836826664245 0.011960674777753503 0.013805512728842761 0.015650350679932017 0.017495188631021275 0.019340026582110533 0.02118486453319979 0.02213805541396141 0.02213805541396141 0.02213805541396141 0.02213805541396141 0.02213805541396141 0.02213805541396141 0.02213805541396141 0.02213805541396141 0.02213805541396141 0.02213805541396141 0.02213805541396141 0.02213805541396141 0.0212464083445178 0.019401570393428543 0.017556732442339285 0.015711894491250027 0.013867056540160771 0.012022218589071513 0.010177380637982255 0.008332542686889852 0.0064877047358005945 0.0046428667847113365 0.0027980288336220786 0.0009531908825328207 0.0 0.0 0.0
0.0 0.0 0.0 0.0 0.0 0.0 0.0 0.0008916470712148115 0.002736485022304069 0.0045813229733933265 0.0064261609244825844 0.008270998875571842 0.010115836826664245 0.011960674777753503 0.013805512728842761 0.015650350679932017 0.017495188631021275 0.019340026582110533 0.02118486453319979 0.02213805541396141 0.02213805541396141 0.02213805541396141 0.02213805541396141 0.02213805541396141 0.02213805541396141 0.02213805541396141 0.02213805541396141 0.02213805541396141 0.02213805541396141 0.02213805541396141 0.02213805541396141 0.0212464083445178 0.019401570393428543 0.017556732442339285 0.015711894491250027 0.013867056540160771 0.012022218589071513 0.010177380637982255 0.008332542686889852 0.0064877047358005945 0.0046428667847113365 0.0027980288336220786 0.0009531908825328207 0.0 0.0 0.0
0.0 0.0 0.0 0.0 0.0 0.0 0.0 0.0008916470712148115 0.002736485022304069 0.0045813229733933265 0.0064261609244825844 0.008270998875571842 0.010115836826664245 0.011960674777753503 0.013805512728842761 0.015650350679932017 0.017495188631021275 0.019340026582110533 0.02118486453319979 0.02213805541396141 0.02213805541396141 0.02213805541396141 0.02213805541396141 0.02213805541396141 0.02213805541396141 0.02213805541396141 0.02213805541396141 0.02213805541396141 0.02213805541396141 0.02213805541396141 0.02213805541396141 0.0212464083445178 0.019401570393428543 0.017556732442339285 0.015711894491250027 0.013867056540160771 0.012022218589071513 0.010177380637982255 0.008332542686889852 0.0064877047358005945 0.0046428667847113365 0.0027980288336220786 0.0009531908825328207 0.0 0.0 0.0
0.0 0.0 0.0 0.0 0.0 0.0 0.0 0.0008916470712148115 0.002736485022304069 0.0045813229733933265 0.0064261609244825844 0.008270998875571842 0.010115836826664245 0.011960674777753503 0.013805512728842761 0.015650350679932017 0.017495188631021275 0.019340026582110533 0.02118486453319979 0.02213805541396141 0.02213805541396141 0.02213805541396141 0.02213805541396141 0.02213805541396141 0.02213805541396141 0.02213805541396141 0.02213805541396141 0.02213805541396141 0.02213805541396141 0.02213805541396141 0.02213805541396141 0.0212464083445178 0.019401570393428543 0.017556732442339285 0.015711894491250027 0.013867056540160771 0.012022218589071513 0.010177380637982255 0.008332542686889852 0.0064877047358005945 0.0046428667847113365 0.0027980288336220786 0.0009531908825328207 0.0 0.0 0.0
0.0 0.0 0.0 0.0 0.0 0.0 0.0 0.0008916470712148115 0.002736485022304069 0.0045813229733933265 0.0064261609244825844 0.008270998875571842 0.010115836826664245 0.011960674777753503 0.013805512728842761 0.015650350679932017 0.017495188631021275 0.019340026582110533 0.02118486453319979 0.02213805541396141 0.02213805541396141 0.02213805541396141 0.02213805541396141 0.02213805541396141 0.02213805541396141 0.02213805541396141 0.02213805541396141 0.02213805541396141 0.02213805541396141 0.02213805541396141 0.02213805541396141 0.0212464083445178 0.019401570393428543 0.017556732442339285 0.015711894491250027 0.013867056540160771 0.012022218589071513 0.010177380637982255 0.008332542686889852 0.0064877047358005945 0.0046428667847113365 0.0027980288336220786 0.0009531908825328207 0.0 0.0 0.0
0.0 0.0 0.0 0.0 0.0 0.0 0.0 0.0009042284702172771 0.0027750976203166117 0.004645966770415946 0.006516835920515281 0.008387705070614615 0.01025857422071714 0.012129443370816475 0.01400031252091581 0.015871181671015144 0.017742050821114477 0.019612919971213814 0.021483789121313147 0.0224504298020949 0.0224504298020949 0.0224504298020949 0.0224504298020949 0.0224504298020949 0.0224504298020949 0.0224504298020949 0.0224504298020949 0.0224504298020949 0.0224504298020949 0.0224504298020949 0.0224504298020949 0.021579060000364667 0.019776176174740527 0.017973292349116387 0.016170408523492247 0.014367524697868103 0.012564640872243963 0.010761757046619821 0.008958873220992605 0.007155989395368463 0.0053531055697443215 0.0035502217441201814 0.0017473379184960412 0.0007829652270769669 0.0007149799026017638 0.0006469945781265606
0.0 0.0 0.0 0.0 0.0 0.0 0.0 0.0009302585916928353 0.002854984651683824 0.004779710711674813 0.006704436771665802 0.008629162831656791 0.010553888891651063 0.01247861495164205 0.01440334101163304 0.016328067071624028 0.018252793131615017 0.020177519191606007 0.022102245251596996 0.023096712720820742 0.023096712720820742 0.023096712720820742 0.023096712720820742 0.023096712720820742 0.023096712720820742 0.023096712720820742 0.023096712720820742 0.023096712720820742 0.023096712720820742 0.023096712720820742 0.023096712720820742 0.022267295307824727 0.020551211923236102 0.018835128538647477 0.01711904515405885 0.015402961769470223 0.013686878384881598 0.011970795000292973 0.01025471161570142 0.008538628231112795 0.00682254484652417 0.005106461461935545 0.0033903780773469165 0.0024028709281804506 0.0021942282527780575 0.001985585577375665
0.0 0.0 0.0 0.0 0.0 0.0 0.0 0.0009562887131683717 0.0029348716830509694 0.004913454652933567 0.006892037622816164 0.008870620592698763 0.010849203562584734 0.012827786532467331 0.014806369502349929 0.016784952472232526 0.018763535442115124 0.02074211841199772 0.02272070138188032 0.023742995639546037 0.023742995639546037 0.023742995639546037 0.023742995639546037 0.023742995639546037 0.023742995639546037 0.023742995639546037 0.023742995639546037 0.023742995639546037 0.023742995639546037 0.023742995639546037 0.023742995639546037 0.022955530615284204 0.021326247671731018 0.019696964728177835 0.01806768178462465 0.016438398841071462 0.01480911589751828 0.013179832953965095 0.011550550010409132 0.009921267066855947 0.008291984123302763 0.00666270117974958 0.005033418236196394 0.004022776629282553 0.0036734766029530895 0.003324176576623627
0.0 0.0 0.0 0.0 0.0 0.0 0.0 0.000982318834643908 0.0030147587144181143 0.0050471985941923205 0.007079638473966527 0.009112078353740734 0.011144518233518405 0.013176958113292612 0.01520939799306682 0.017241837872841025 0.01927427775261523 0.02130671763238944 0.023339157512163644 0.024389278558271332 0.024389278558271332 0.024389278558271332 0.024389278558271332 0.024389278558271332 0.024389278558271332 0.024389278558271332 0.024389278558271332 0.024389278558271332 0.024389278558271332 0.024389278558271332 0.024389278558271332 0.023643765922743677 0.022101283420225933 0.02055880091770819 0.01901631841519045 0.0174738359126727 0.01593135341015496 0.014388870907637217 0.012846388405116843 0.0113039059025991 0.009761423400081355 0.008218940897563611 0.006676458395045867 0.005642682330384652 0.005152724953128121 0.004662767575871588
0.0 0.0 0.0 0.0 0.0 0.0 0.0 0.001008348956119444 0.0030946457457852587 0.005180942535451073 0.007267239325116888 0.009353536114782703 0.011439832904452074 0.01352612969411789 0.015612426483783704 0.01769872327344952 0.019785020063115333 0.02187131685278115 0.023957613642446963 0.025035561476996624 0.025035561476996624 0.025035561476996624 0.025035561476996624 0.025035561476996624 0.025035561476996624 0.025035561476996624 0.025035561476996624 0.025035561476996624 0.025035561476996624 0.025035561476996624 0.025035561476996624 0.024332001230203147 0.022876319168720845 0.021420637107238544 0.019964955045756242 0.01850927298427394 0.017053590922791635 0.015597908861309335 0.014142226799824551 0.012686544738342248 0.011230862676859946 0.009775180615377644 0.008319498553895341 0.007262588031486753 0.006631973303303151 0.006001358575119549
0.0 0.0 0.0 0.0 0.0 0.0 0.0 0.0010343790775949803 0.0031745327771524035 0.005314686476709827 0.00745484017626725 0.009594993875824673 0.011735147575385746 0.013875301274943169 0.016015454974500593 0.018155608674058014 0.02029576237361544 0.02243591607317286 0.024576069772730285 0.02568184439572192 0.02568184439572192 0.02568184439572192 0.02568184439572192 0.02568184439572192 0.02568184439572192 0.02568184439572192 0.02568184439572192 0.02568184439572192 0.02568184439572192 0.02568184439572192 0.02568184439572192 0.025020236537662624 0.02365135491721576 0.0222824732967689 0.02091359167632204 0.01954471005587518 0.018175828435428316 0.016806946814981454 0.015438065194532261 0.0140691835740854 0.012700301953638537 0.011331420333191676 0.009962538712744815 0.008882493732588854 0.008111221653478183 0.007339949574367511
0.0 0.0 0.0 0.0 0.0 0.0 0.0 0.0010604091990705168 0.0032544198085195488 0.005448430417968581 0.007642441027417613 0.009836451636866646 0.012030462246319418 0.014224472855768451 0.016418483465217484 0.018612494074666516 0.02080650468411555 0.023000515293564578 0.02519452590301361 0.026328127314447215 0.026328127314447215 0.026328127314447215 0.026328127314447215 0.026328127314447215 0.026328127314447215 0.026328127314447215 0.026328127314447215 0.026328127314447215 0.026328127314447215 0.026328127314447215 0.026328127314447215 0.025708471845122097 0.024426390665710677 0.02314430948629926 0.02186222830688784 0.02058014712747642 0.019298065948064998 0.018015984768653577 0.01673390358923997 0.01545182240982855 0.01416974123041713 0.012887660051005709 0.011605578871594288 0.010502399433690955 0.009590470003653213 0.008678540573615473
0.0 0.0 0.0 0.0 0.0 0.0 0.0 0.0010864393205460752 0.0033343068398867617 0.005582174359227448 0.007830041878568134 0.010077909397908822 0.012325776917253341 0.014573644436594027 0.016821511955934714 0.0190693794752754 0.021317246994616085 0.02356511451395677 0.02581298203329746 0.026974410233173058 0.026974410233173058 0.026974410233173058 0.026974410233173058 0.026974410233173058 0.026974410233173058 0.026974410233173058 0.026974410233173058 0.026974410233173058 0.026974410233173058 0.026974410233173058 0.026974410233173058 0.026396707152582157 0.02520142641420625 0.024006145675830346 0.02281086493745444 0.02161558419907854 0.020420303460702633 0.019225022722326728 0.018029741983948785 0.016834461245572876 0.015639180507196974 0.014443899768821069 0.013248619030445163 0.012122305134794436 0.011069718353829507 0.010017131572864576
0.0 0.0 0.0 0.0 0.0 0.0 0.0 0.0011124694420216114 0.0034141938712539065 0.005715918300486201 0.008017642729718496 0.010319367158950791 0.01262109158818701 0.014922816017419306 0.0172245404466516 0.019526264875883895 0.021827989305116192 0.024129713734348485 0.02643143816358078 0.027620693151898353 0.027620693151898353 0.027620693151898353 0.027620693151898353 0.027620693151898353 0.027620693151898353 0.027620693151898353 0.027620693151898353 0.027620693151898353 0.027620693151898353 0.027620693151898353 0.027620693151898353 0.02708494246004163 0.025976462162701167 0.024867981865360704 0.02375950156802024 0.022651021270679778 0.021542540973339314 0.02043406067599885 0.019325580378656497 0.01821710008131603 0.017108619783975567 0.016000139486635104 0.01489165918929464 0.013742210835896539 0.012548966704004537 0.011355722572112537
0.0 0.0 0.0 0.0 0.0 0.0 0.0 0.0011384995634971477 0.003494080902621051 0.005849662241744954 0.008205243580868857 0.01056082491999276 0.012916406259120682 0.015271987598244585 0.017627568937368488 0.019983150276492393 0.022338731615616295 0.0246943129547402 0.0270498942938641 0.02826697607062365 0.02826697607062365 0.02826697607062365 0.02826697607062365 0.02826697607062365 0.02826697607062365 0.02826697607062365 0.02826697607062365 0.02826697607062365 0.02826697607062365 0.02826697607062365 0.02826697607062365 0.027773177767501107 0.026751497911196083 0.025729818054891062 0.024708138198586038 0.023686458342281017 0.022664778485975992 0.02164309862967097 0.020621418773364205 0.019599738917059184 0.01857805906075416 0.017556379204449135 0.016534699348144114 0.01536211653699864 0.01402821505417957 0.0126943135713605
0.0 0.0 0.0 0.0 0.0 0.0 0.0 0.0011645296849726841 0.0035739679339881966 0.005983406183003709 0.00839284443201922 0.010802282681034734 0.013211720930054354 0.015621159179069867 0.01803059742808538 0.02044003567710089 0.022849473926116404 0.025258912175131917 0.02766835042414743 0.028913258989348944 0.028913258989348944 0.028913258989348944 0.028913258989348944 0.028913258989348944 0.028913258989348944 0.028913258989348944 0.028913258989348944 0.028913258989348944 0.028913258989348944 0.028913258989348944 0.028913258989348944 0.02846141307496058 0.027526533659691 0.026591654244421416 0.025656774829151838 0.024721895413882256 0.023787015998612673 0.02285213658334309 0.021917257168071913 0.02098237775280233 0.02004749833753275 0.019112618922263166 0.018177739506993584 0.01698202223810074 0.0155074634043546 0.014032904570608459
