Figures/CREST_Example_wjb_NSE/Rolling_result/20100722/BJP_forecast/ens_13/wjb.rain.20100724.asc
ncols            288
nrows            254
xllcorner        113.274861
yllcorner        31.4918055
cellsize         0.008333333333
NODATA_value     -9999
[rows 80 to 99 of 254, columns 92 to 137 of 288]
0.9880828534392198 0.9954212069376946 1.0027595604361694 1.0100979139346442 1.0174362674331192 1.024774620931594 1.0321129744300688 1.0229155471393812 0.9960409962998458 0.9691664454603102 0.9422918946207747 0.9154173437812392 0.8885427929416578 0.8616682421021223 0.8347936912625868 0.8079191404230514 0.7810445895835159 0.7541700387439803 0.7272954879044449 0.7231085622929074 0.7431752210794198 0.7632418798659322 0.7833085386524445 0.8033751974389569 0.8234418562254693 0.8435085150120158 0.8635751737985282 0.8836418325850406 0.903708491371553 0.9237751501580653 0.9438418089445777 0.9574406778418035 0.9641253330796778 0.9708099883175523 0.9774946435554266 0.984179298793301 0.9908639540311753 0.9975486092690496 1.0042332645069354 1.0109179197448097 1.0176025749826842 1.0242872302205586 1.0309718854584329 1.0390998025720708 1.0487705992729341 1.0584413959737975
0.9742452963659808 0.9826378931991481 0.9910304900323155 0.9994230868654828 1.00781568369865 1.0162082805318173 1.0246008773649848 1.0167780873381647 0.9916206821171093 0.9664632768960539 0.9413058716749985 0.916148466453943 0.8909910612328447 0.8658336560117893 0.8406762507907338 0.8155188455696785 0.790361440348623 0.7652040351275675 0.740046629906512 0.7361698022491058 0.7550423932193603 0.7739149841896147 0.7927875751598691 0.8116601661301236 0.830532757100378 0.8494053480706647 0.8682779390409191 0.8871505300111735 0.906023120981428 0.9248957119516824 0.9437683029219369 0.9533837881766288 0.953103218073891 0.9528226479711532 0.9525420778684154 0.9522615077656776 0.9519809376629398 0.951700367560202 0.9514197974574637 0.9511392273547259 0.9508586572519881 0.9505780871492503 0.9502975170465126 0.9552741644330469 0.9658708962173007 0.9764676280015545
0.9604077392927417 0.9698545794606015 0.9793014196284614 0.9887482597963212 0.998195099964181 1.007641940132041 1.0170887802999007 1.0106406275369484 0.9872003679343729 0.9637601083317976 0.9403198487292221 0.9168795891266468 0.8934393295240315 0.8699990699214561 0.8465588103188808 0.8231185507163054 0.79967829111373 0.7762380315111547 0.7527977719085792 0.749231042205304 0.7669095653593005 0.7845880885132971 0.8022666116672936 0.8199451348212902 0.8376236579752867 0.8553021811293133 0.87298070428331 0.8906592274373064 0.9083377505913031 0.9260162737452995 0.9436947968992961 0.9493268985114541 0.9420811030681041 0.9348353076247542 0.9275895121814043 0.9203437167380543 0.9130979212947044 0.9058521258513543 0.898606330407992 0.8913605349646421 0.884114739521292 0.8768689440779421 0.8696231486345922 0.8714485262940229 0.8829711931616672 0.8944938600293115
0.9465701822195027 0.957071265722055 0.9675723492246073 0.9780734327271596 0.988574516229712 0.9990755997322643 1.0095766832348168 1.004503167735732 0.9827800537516366 0.9610569397675413 0.9393338257834459 0.9176107117993506 0.8958875978152183 0.874164483831123 0.8524413698470277 0.8307182558629325 0.8089951418788371 0.7872720278947418 0.7655489139106465 0.7622922821615024 0.7787767374992409 0.7952611928369796 0.8117456481747182 0.8282301035124569 0.8447145588501954 0.8611990141879622 0.8776834695257008 0.8941679248634394 0.9106523802011781 0.9271368355389167 0.9436212908766552 0.9452700088462794 0.9310589880623172 0.9168479672783552 0.902636946494393 0.8884259257104309 0.8742149049264687 0.8600038841425066 0.8457928633585202 0.8315818425745581 0.817370821790596 0.8031598010066339 0.7889487802226718 0.7876228881549989 0.8000714901060336 0.8125200920570684
0.9327326251462636 0.9442879519835085 0.9558432788207533 0.9673986056579981 0.978953932495243 0.9905092593324878 1.0020645861697326 0.9983657079345154 0.9783597395689001 0.9583537712032849 0.9383478028376697 0.9183418344720544 0.8983358661064051 0.8783298977407898 0.8583239293751747 0.8383179610095595 0.8183119926439442 0.798306024278329 0.7783000559127138 0.7753535221177006 0.7906439096391813 0.8059342971606621 0.8212246846821428 0.8365150722036235 0.8518054597251042 0.867095847246611 0.8823862347680917 0.8976766222895725 0.9129670098110532 0.9282573973325339 0.9435477848540146 0.9412131191811047 0.9200368730565304 0.8988606269319561 0.8776843808073818 0.8565081346828075 0.8353318885582331 0.8141556424336589 0.7929793963090485 0.7718031501844742 0.7506269040598998 0.7294506579353256 0.7082744118107513 0.7037972500159748 0.7171717870504001 0.7305463240848253
0.9051778559903985 0.9165205921705131 0.9278633283506277 0.9392060645307422 0.9505488007108568 0.9618915368909714 0.973234273071086 0.9706685828189563 0.9532344702317904 0.9358003576446244 0.9183662450574586 0.9009321324702926 0.883498019883097 0.8660639072959311 0.8486297947087651 0.8311956821215991 0.8137615695344332 0.7963274569472674 0.7788933443601014 0.7769646770852939 0.7916116814699663 0.8062586858546387 0.820905690239311 0.8355526946239835 0.8501996990086559 0.8648467033933532 0.8794937077780257 0.8941407121626981 0.9087877165473704 0.9234347209320428 0.9380817253167153 0.9344929197917196 0.9114096210742935 0.8883263223568675 0.8652430236394414 0.8421597249220153 0.8190764262045892 0.7959931274871632 0.7729098287696977 0.7498265300522716 0.7267432313348456 0.7036599326174195 0.6805766338999935 0.6773081236733839 0.6952220704915117 0.7131360173096395
0.8629602519713627 0.8727362318293918 0.8825122116874207 0.8922881915454496 0.9020641714034785 0.9118401512615074 0.9216161311195363 0.9199255347924142 0.9059769092562909 0.8920282837201676 0.8780796581840442 0.8641310326479209 0.8501824071117737 0.8362337815756504 0.8222851560395271 0.8083365305034037 0.7943879049672804 0.780439279431157 0.7664906538950337 0.7663364131136388 0.7809286815638536 0.7955209500140684 0.8101132184642833 0.8247054869144981 0.839297755364713 0.8538900238149526 0.8684822922651675 0.8830745607153823 0.8976668291655971 0.9122590976158119 0.9268513660660267 0.9249258102255205 0.9053423266711207 0.8857588431167209 0.8661753595623211 0.8465918760079212 0.8270083924535214 0.8074249088991217 0.7878414253446884 0.7682579417902886 0.7486744582358887 0.729090974681489 0.7095074911270891 0.7121081134456904 0.7384240466770746 0.7647399799084589
0.8207426479523271 0.8289518714882703 0.8371610950242137 0.8453703185601569 0.8535795420961002 0.8617887656320434 0.8699979891679868 0.8691824867658722 0.8587193482807914 0.8482562097957107 0.8377930713106299 0.8273299328255491 0.8168667943404505 0.8064036558553698 0.795940517370289 0.7854773788852083 0.7750142404001276 0.7645511019150468 0.754087963429966 0.7557081491419837 0.770245681657741 0.7847832141734983 0.7993207466892555 0.8138582792050127 0.82839581172077 0.8429333442365521 0.8574708767523093 0.8720084092680666 0.8865459417838238 0.901083474299581 0.9156210068153383 0.9153587006593216 0.8992750322679479 0.8831913638765744 0.8671076954852008 0.8510240270938272 0.8349403587024536 0.8188566903110801 0.802773021919679 0.7866893535283055 0.7706056851369318 0.7545220167455583 0.7384383483541848 0.7469081032179967 0.7816260228626375 0.8163439425072783
0.7785250439332914 0.785167511147149 0.7918099783610066 0.7984524455748643 0.8050949127887219 0.8117373800025796 0.8183798472164371 0.8184394387393301 0.811461787305292 0.8044841358712538 0.7975064844372156 0.7905288330031774 0.7835511815691274 0.7765735301350892 0.7695958787010511 0.7626182272670129 0.7556405758329747 0.7486629243989366 0.7416852729648984 0.7450798851703286 0.7595626817516283 0.774045478332928 0.7885282749142277 0.8030110714955274 0.8174938680768271 0.8319766646581515 0.8464594612394511 0.8609422578207508 0.8754250544020505 0.8899078509833502 0.9043906475646499 0.9057915910931226 0.8932077378647753 0.8806238846364278 0.8680400314080805 0.8554561781797332 0.8428723249513859 0.8302884717230385 0.8177046184946697 0.8051207652663224 0.792536912037975 0.7799530588096277 0.7673692055812803 0.7817080929903031 0.8248279990482003 0.8679479051060975
0.7363074399142557 0.7413831508060277 0.7464588616977996 0.7515345725895716 0.7566102834813435 0.7616859943731155 0.7667617052648874 0.767696390712788 0.7642042263297923 0.7607120619467967 0.7572198975638011 0.7537277331808057 0.7502355687978041 0.7467434044148086 0.743251240031813 0.7397590756488174 0.7362669112658218 0.7327747468828263 0.7292825824998307 0.7344516211986736 0.7488796818455157 0.7633077424923578 0.7777358031391999 0.792163863786042 0.8065919244328842 0.8210199850797508 0.835448045726593 0.8498761063734351 0.8643041670202772 0.8787322276671193 0.8931602883139615 0.8962244815269236 0.8871404434616025 0.8780564053962814 0.8689723673309603 0.8598883292656392 0.8508042912003181 0.841720253134997 0.8326362150696605 0.8235521770043394 0.8144681389390183 0.8053841008736972 0.7963000628083761 0.8165080827626096 0.8680299752337632 0.9195518677049169
0.69408983589522 0.6975987904649064 0.7011077450345926 0.7046166996042789 0.7081256541739652 0.7116346087436515 0.7151435633133377 0.7169533426862459 0.7169466653542929 0.7169399880223399 0.7169333106903869 0.716926633358434 0.716919956026481 0.7169132786945279 0.716906601362575 0.716899924030622 0.716893246698669 0.716886569366716 0.7168798920347631 0.7238233572270185 0.7381966819394031 0.7525700066517876 0.7669433313641723 0.7813166560765568 0.7956899807889413 0.8100633055013503 0.8244366302137349 0.8388099549261194 0.8531832796385039 0.8675566043508885 0.8819299290632732 0.8866573719607246 0.8810731490584297 0.8754889261561349 0.8699047032538401 0.8643204803515452 0.8587362574492503 0.8531520345469555 0.8475678116446511 0.8419835887423562 0.8363993658400615 0.8308151429377666 0.8252309200354717 0.8513080725349159 0.9112319514193261 0.9711558303037363
0.6518722318761844 0.6538144301237849 0.6557566283713856 0.6576988266189863 0.6596410248665868 0.6615832231141875 0.6635254213617882 0.6662102946597037 0.6696891043787934 0.673167914097883 0.6766467238169726 0.6801255335360622 0.6836043432551577 0.6870831529742474 0.690561962693337 0.6940407724124266 0.6975195821315162 0.7009983918506059 0.7044772015696954 0.7131950932553635 0.7275136820332905 0.7418322708112174 0.7561508595891444 0.7704694483670714 0.7847880371449983 0.7991066259229498 0.8134252147008767 0.8277438034788037 0.8420623922567307 0.8563809810346577 0.8706995698125847 0.8770902623945256 0.875005854655257 0.8729214469159884 0.8708370391767198 0.8687526314374512 0.8666682236981826 0.864583815958914 0.8624994082196419 0.8604150004803732 0.8583305927411047 0.856246185001836 0.8541617772625675 0.8861080623072224 0.954433927604889 1.0227597929025556
0.6096546278571127 0.6100300697826262 0.6104055117081398 0.6107809536336535 0.6111563955591671 0.6115318374846808 0.6119072794101944 0.6154672466331184 0.6224315434032536 0.6293958401733888 0.6363601369435239 0.6433244337136591 0.6502887304838061 0.6572530272539413 0.6642173240240765 0.6711816207942116 0.6781459175643468 0.685110214334482 0.6920745111046172 0.7025668292836993 0.7168306821271687 0.731094534970638 0.7453583878141075 0.7596222406575768 0.7738860935010461 0.7881499463445398 0.8024137991880091 0.8166776520314786 0.8309415048749479 0.8452053577184173 0.8594692105618866 0.8675231528283185 0.868938560252079 0.8703539676758397 0.8717693750996003 0.873184782523361 0.8746001899471215 0.8760155973708822 0.8774310047946452 0.8788464122184059 0.8802618196421664 0.8816772270659271 0.8830926344896877 0.9209080520795584 0.9976359037904887 1.074363755501419
0.5674370238380769 0.5662457094415049 0.5650543950449328 0.5638630806483608 0.5626717662517888 0.5614804518552168 0.5602891374586447 0.5647241986065762 0.575173982427754 0.5856237662489318 0.5960735500701095 0.6065233338912873 0.6169731177124829 0.6274229015336606 0.6378726853548384 0.6483224691760162 0.658772252997194 0.6692220368183718 0.6796718206395496 0.6919385653120442 0.7061476822210561 0.7203567991300679 0.7345659160390796 0.7487750329480914 0.7629841498571033 0.7771932667661392 0.791402383675151 0.8056115005841629 0.8198206174931746 0.8340297344021864 0.8482388513111982 0.8579560432621195 0.8628712658489064 0.8677864884356932 0.8727017110224801 0.877616933609267 0.8825321561960539 0.8874473787828406 0.892362601369636 0.8972778239564227 0.9021930465432096 0.9071082691299965 0.9120234917167834 0.9557080418518649 1.0408378799760516 1.1259677181002383
0.5252194198190412 0.5224613491003836 0.5197032783817258 0.5169452076630682 0.5141871369444104 0.5114290662257528 0.508670995507095 0.5139811505800341 0.5279164214522545 0.5418516923244748 0.5557869631966952 0.5697222340689155 0.5836575049411596 0.5975927758133801 0.6115280466856005 0.6254633175578208 0.6393985884300412 0.6533338593022615 0.6672691301744819 0.6813103013403892 0.6954646823149434 0.7096190632894976 0.7237734442640519 0.7379278252386061 0.7520822062131602 0.7662365871877387 0.7803909681622929 0.7945453491368472 0.8086997301114014 0.8228541110859555 0.8370084920605099 0.8483889336959205 0.8568039714457336 0.8652190091955467 0.8736340469453598 0.882049084695173 0.890464122444986 0.8988791601947991 0.9072941979446265 0.9157092356944396 0.9241242734442527 0.9325393111940659 0.940954348943879 0.9905080316241712 1.0840398561616145 1.1775716806990577
0.48300181580000556 0.4786769887592622 0.47435216171851885 0.47002733467777547 0.46570250763703214 0.46137768059628875 0.45705285355554537 0.463238102553492 0.48065886047675493 0.4980796184000179 0.5155003763232808 0.5329211342465437 0.5503418921698364 0.5677626500930995 0.5851834080163624 0.6026041659396253 0.6200249238628883 0.6374456817861512 0.6548664397094142 0.6706820373687341 0.6847816824088307 0.6988813274489274 0.712980972489024 0.7270806175291207 0.7411802625692174 0.755279907609338 0.7693795526494347 0.7834791976895314 0.7975788427296281 0.8116784877697247 0.8257781328098214 0.8388218241297215 0.8507366770425608 0.8626515299554002 0.8745663828682396 0.886481235781079 0.8983960886939183 0.9103109416067576 0.9222257945196173 0.9341406474324566 0.946055500345296 0.9579703532581354 0.9698852061709746 1.0253080213964776 1.1272418323471773 1.229175643297877
0.4407842117809698 0.4348926284181408 0.4290010450553118 0.42310946169248276 0.41721787832965374 0.4113262949668247 0.4054347116039957 0.41249505452694984 0.4334012995012554 0.45430754447556093 0.4752137894498665 0.496120034424172 0.5170262793985132 0.5379325243728188 0.5588387693471243 0.5797450143214299 0.6006512592957354 0.621557504270041 0.6424637492443466 0.6600537733970789 0.6740986825027181 0.6881435916083571 0.7021885007139963 0.7162334098196353 0.7302783189252744 0.7443232280309375 0.7583681371365766 0.7724130462422156 0.7864579553478548 0.800502864453494 0.814547773559133 0.8292547145635225 0.8446693826393882 0.8600840507152537 0.8754987187911193 0.890913386866985 0.9063280549428505 0.9217427230187161 0.937157391094608 0.9525720591704736 0.9679867272463392 0.9834013953222048 0.9988160633980704 1.0601080111687842 1.1704438085327402 1.2807796058966963
0.42400334073988427 0.4174182933476493 0.4108332459554144 0.40424819856317945 0.3976631511709445 0.39107810377870955 0.3844930563864746 0.3918339358690159 0.41406194605535696 0.43628995624169803 0.45851796642803905 0.4807459766143801 0.5029739868007591 0.5252019969871001 0.5474300071734413 0.5696580173597823 0.5918860275461233 0.6141140377324643 0.6363420479188053 0.6540631343178563 0.6669662172744085 0.6798693002309606 0.6927723831875128 0.705675466144065 0.718578549100617 0.7314816320571912 0.7443847150137433 0.7572877979702954 0.7701908809268476 0.7830939638833997 0.7959970468399519 0.8113173756150316 0.8292217948356218 0.8471262140562119 0.865030633276802 0.8829350524973921 0.9008394717179823 0.9187438909385724 0.9366483101591931 0.9545527293797833 0.9724571486003734 0.9903615678209635 1.0082659870415536 1.0724907764753335 1.1862330892877737 1.299975402100214
0.4344127335502726 0.42806771653131315 0.4217226995123537 0.41537768249339424 0.40903266547443473 0.4026876484554753 0.3963426314365158 0.40332850313988683 0.4245653963078764 0.44580228947586586 0.46703918264385536 0.4882760758118449 0.5095129689798706 0.5307498621478601 0.5519867553158496 0.5732236484838391 0.5944605416518287 0.6156974348198182 0.6369343279878077 0.6530298238617178 0.6636290497671882 0.6742282756726585 0.6848275015781289 0.6954267274835992 0.7060259533890696 0.716625179294558 0.7272244052000284 0.7378236311054988 0.7484228570109691 0.7590220829164396 0.7696213088219099 0.7844327891721525 0.8037472647831027 0.8230617403940529 0.842376216005003 0.8616906916159531 0.8810051672269033 0.9003196428378535 0.9196341184488366 0.9389485940597867 0.9582630696707368 0.9775775452816869 0.9968920208926371 1.0609109421599079 1.1727199269074267 1.2845289116549452
0.4448221263606521 0.4387171397149679 0.43261215306928374 0.42650716642359954 0.4204021797779154 0.4142971931322312 0.40819220648654697 0.414823070410748 0.43506884656038686 0.45531462271002565 0.4755603988596645 0.4958061750093033 0.5160519511589766 0.5362977273086155 0.5565435034582542 0.5767892796078931 0.5970350557575319 0.6172808319071708 0.6375266080568095 0.6519965134055801 0.6602918822599706 0.6685872511143611 0.6768826199687518 0.6851779888231423 0.6934733576775328 0.7017687265319376 0.7100640953863282 0.7183594642407187 0.7266548330951093 0.7349502019494999 0.7432455708038904 0.7575482027292965 0.7782727347306054 0.7989972667319144 0.8197217987332234 0.8404463307345322 0.8611708627358412 0.8818953947371502 0.9026199267384946 0.9233444587398034 0.9440689907411124 0.9647935227424214 0.9855180547437303 1.0493311078444922 1.159206764527091 1.2690824212096894
