Figures/CREST_Example_wjb_NSE/Rolling_result/20100722/BJP_forecast/ens_13/wjb.rain.20100723.asc
ncols            288
nrows            254
xllcorner        113.274861
yllcorner        31.4918055
cellsize         0.008333333333
NODATA_value     -9999
[rows 95 to 113 of 254, columns 88 to 131 of 288]
0.7893628675754025 0.8152671236467719 0.8411713797181412 0.8670756357895547 0.8929798918609241 0.9188841479322934 0.9447884040036627 0.9706926600750321 0.9965969161464014 1.0225011722177708 1.0484054282891402 1.027071575521347 0.9552391163187685 0.8834066571161897 0.811574197913611 0.7397417387110323 0.667909279508331 0.5960768203057523 0.5242443611031736 0.4524119019005949 0.38057944269801613 0.3087469834954374 0.23691452429285875 0.19915260561067885 0.1978128651730036 0.19647312473532832 0.19513338429765306 0.1937936438599778 0.19245390342230254 0.19111416298462497 0.1897744225469497 0.18843468210927444 0.18709494167159918 0.18575520123392392 0.18441546079624865 0.19611288885462233 0.22174734486808834 0.24738180088155431 0.27301625689502035 0.2986507129084863 0.32428516892195236 0.3499196249354184 0.37555408094892806 0.4011885369623941
0.6763540301841517 0.7075194072780653 0.7386847843719788 0.7698501614659454 0.801015538559859 0.8321809156537725 0.863346292747686 0.8945116698415996 0.9256770469355131 0.9568424240294267 0.9880078011233402 0.9704545449433515 0.9008199682321771 0.8311853915210028 0.7615508148098284 0.6919162380986541 0.622281661387361 0.5526470846761866 0.48301250796501227 0.4133779312538379 0.3437433545426636 0.27410877783148924 0.2044742011203149 0.1683098610974492 0.16792596094807044 0.16754206079869166 0.16715816064931288 0.16677426049993413 0.16639036035055535 0.16600646020117593 0.16562256005179715 0.1652386599024184 0.16485475975303962 0.16447085960366087 0.1640869594542821 0.17765981913600012 0.20615277070634075 0.2346457222766814 0.26313867384702205 0.2916316254173627 0.32012457698770336 0.348617528558044 0.37711048012843323 0.4056034316987739
0.6139526139300518 0.6454132538900194 0.6768738938499869 0.708334533810008 0.7397951737699754 0.7712558137299429 0.8027164536899103 0.8341770936498778 0.8656377336098453 0.8970983735698127 0.9285590135297802 0.9126480299452787 0.8460957096871607 0.7795433894290428 0.7129910691709247 0.6464387489128067 0.5798864286545753 0.5133341083964573 0.4467817881383393 0.3802294678802213 0.3136771476221033 0.24712482736398533 0.18057250710586736 0.14623725193103057 0.14634276784626543 0.14644828376150032 0.14655379967673518 0.14665931559197007 0.14676483150720493 0.14687034742243998 0.14697586333767487 0.14708137925290973 0.14718689516814462 0.14729241108337948 0.14739792699861437 0.16210931160053718 0.19243470013716946 0.2227600886738017 0.25308547721043395 0.2834108657470662 0.31373625428369845 0.3440616428203307 0.3743870313570147 0.4047124198936469
0.6056473402408787 0.6320950537785558 0.658542767316233 0.6849904808539551 0.7114381943916321 0.7378859079293093 0.7643336214669864 0.7907813350046634 0.8172290485423406 0.8436767620800176 0.8701244756176947 0.8535700310951552 0.791045307298247 0.7285205835013387 0.6659958597044305 0.6034711359075222 0.5409464121105074 0.47842168831359916 0.41589696451669095 0.3533722407197827 0.29084751692287447 0.22832279312596626 0.16579806932905805 0.13353936452228768 0.1336357184135253 0.13373207230476294 0.13382842619600058 0.1339247800872382 0.13402113397847584 0.13411748786971361 0.13421384176095125 0.13431019565218888 0.1344065495434265 0.13450290343466414 0.13459925732590178 0.14966146004190617 0.18072249360110113 0.21178352716029608 0.24284456071949106 0.27390559427868605 0.304966627837881 0.33602766139707596 0.3670886949563239 0.3981497285155189
0.5973420665517127 0.6187768536671037 0.6402116407824947 0.6616464278979222 0.6830812150133131 0.7045160021287041 0.7259507892440951 0.747385576359486 0.768820363474877 0.790255150590268 0.8116899377056589 0.7944920322450819 0.73599490490938 0.6774977775736781 0.6190006502379762 0.5605035229022743 0.5020063955664726 0.44350926823077075 0.3850121408950688 0.3265150135593669 0.26801788622366496 0.20952075888796307 0.15102363155226117 0.1208414771135556 0.12092866898079599 0.1210158608480364 0.12110305271527678 0.12119024458251719 0.12127743644975758 0.12136462831699812 0.12145182018423852 0.12153901205147892 0.12162620391871931 0.12171339578595972 0.12180058765320011 0.13721360848328576 0.16901028706504284 0.2008069656467999 0.23260364422855698 0.264400322810314 0.2961970013920711 0.32799367997382817 0.35979035855563946 0.3915870371373965
0.5890367928625466 0.6054586535556514 0.6218805142487563 0.6383023749418892 0.654724235634994 0.671146096328099 0.6875679570212038 0.7039898177143087 0.7204116784074135 0.7368335391005184 0.7532553997936232 0.7354140333950089 0.6809445025205132 0.6264749716460176 0.572005440771522 0.5175359098970264 0.4630663790224379 0.4085968481479423 0.35412731727344665 0.2996577863989511 0.24518825552445545 0.19071872464995987 0.13624919377546418 0.10814358970482352 0.10822161954806668 0.10829964939130984 0.108377679234553 0.10845570907779616 0.10853373892103932 0.10861176876428262 0.10868979860752578 0.10876782845076895 0.10884585829401211 0.10892388813725527 0.10900191798049844 0.12476575692466535 0.15729808052898453 0.18983040413330365 0.22236272773762283 0.25489505134194196 0.28742737494626114 0.31995969855058026 0.3524920221549549 0.3850243457592741
0.5807315191733806 0.5921404534441993 0.6035493877150181 0.6149583219858562 0.626367256256675 0.6377761905274938 0.6491851247983125 0.6605940590691313 0.67200299333995 0.6834119276107687 0.6948208618815874 0.6763360345449356 0.6258941001316463 0.575452165718357 0.5250102313050677 0.4745682968917785 0.4241263624784032 0.37368442806511387 0.3232424936518246 0.2728005592385353 0.222358624825246 0.17191669041195667 0.12147475599866742 0.09544570229609142 0.09551457011533736 0.09558343793458328 0.09565230575382921 0.09572117357307514 0.09579004139232107 0.09585890921156712 0.09592777703081304 0.09599664485005897 0.0960655126693049 0.09613438048855083 0.09620324830779675 0.11231790536604494 0.1455858739929262 0.17885384261980744 0.2121218112466887 0.24538977987356994 0.2786577485004512 0.3119257171273324 0.3451936857542704 0.37846165438115165
0.5724262454842145 0.5788222533327472 0.5852182611812798 0.5916142690298234 0.598010276878356 0.6044062847268886 0.6108022925754213 0.617198300423954 0.6235943082724865 0.6299903161210192 0.6363863239695519 0.6172580356948625 0.5708436977427795 0.5244293597906965 0.47801502183861355 0.4316006838865306 0.38518634593436846 0.33877200798228546 0.2923576700302025 0.24594333207811953 0.19952899412603653 0.1531146561739536 0.10670031822187065 0.08274781488735936 0.08280752068260805 0.08286722647785674 0.08292693227310544 0.08298663806835413 0.08304634386360282 0.08310604965885161 0.0831657554541003 0.083225461249349 0.0832851670445977 0.08334487283984639 0.08340457863509508 0.09987005380742454 0.13387366745686788 0.16787728110631123 0.20188089475575455 0.23588450840519787 0.26988812205464124 0.30389173570408456 0.3378953493535859 0.3718989630030292
0.5641209717950484 0.5655040532212949 0.5668871346475415 0.5682702160737904 0.5696532975000369 0.5710363789262834 0.57241946035253 0.5738025417787764 0.575185623205023 0.5765687046312695 0.5779517860575161 0.5581800368447892 0.5157932953539126 0.473406553863036 0.4310198123721593 0.3886330708812826 0.34624632939033373 0.30385958789945705 0.26147284640858043 0.21908610491770375 0.17669936342682713 0.13431262193595045 0.09192588044507383 0.07004992747862727 0.07010047124987873 0.07015101502113019 0.07020155879238164 0.07025210256363311 0.07030264633488456 0.07035319010613611 0.07040373387738756 0.07045427764863903 0.07050482141989048 0.07055536519114194 0.0706059089623934 0.08742220224880412 0.12216146092080955 0.15690071959281499 0.1916399782648204 0.22637923693682582 0.26111849560883127 0.29585775428083666 0.33059701295290134 0.3653362716249068
0.5558156981058824 0.5521858531098428 0.5485560081138032 0.5449261631177574 0.5412963181217179 0.5376664731256783 0.5340366281296387 0.530406783133599 0.5267769381375594 0.5231470931415199 0.5195172481454803 0.49910203799471603 0.46074289296504567 0.42238374793537536 0.38402460290570506 0.3456654578760347 0.30730631284629895 0.26894716781662864 0.23058802278695828 0.19222887775728797 0.15386973272761761 0.11551058769794731 0.07715144266827695 0.057352040069895194 0.05739342181714942 0.05743480356440364 0.057476185311657865 0.05751756705891209 0.05755894880616631 0.057600330553420606 0.05764171230067483 0.057683094047929054 0.05772447579518328 0.0577658575424375 0.057807239289691725 0.07497435069018372 0.11044925438475126 0.14592415807931877 0.1813990617738863 0.2168739654684538 0.2523488691630213 0.2878237728575888 0.32329867655221683 0.35877358024678435
0.5475104244167093 0.5388676529983792 0.5302248815800493 0.5215821101617045 0.5129393387433746 0.5042965673250446 0.49565379590671466 0.4870110244883847 0.4783682530700547 0.46972548165172473 0.46108271023339475 0.4400240391445925 0.4056924905761319 0.37136094200767134 0.33702939343921073 0.30269784487075013 0.2683662963022311 0.23403474773377048 0.19970319916530987 0.16537165059684933 0.13104010202838873 0.09670855345992813 0.06237700489146758 0.04465415266115229 0.04468637238440927 0.04471859210766625 0.044750811830923234 0.044783031554180217 0.04481525127743719 0.04484747100069423 0.04487969072395121 0.04491191044720819 0.044944130170465176 0.04497634989372216 0.04500856961697914 0.0625264991315527 0.09873704784868294 0.13494759656581318 0.1711581452829434 0.20736869400007366 0.24357924271720388 0.27978979143433413 0.3160003401515261 0.35221088886865637
0.5392051507275432 0.525549452886927 0.511893755046311 0.4982380572056716 0.4845823593650555 0.4709266615244394 0.45727096368382336 0.4436152658432073 0.4299595680025912 0.4163038701619751 0.4026481723213591 0.3809460402945193 0.35064208818726506 0.32033813608001077 0.2900341839727565 0.25973023186550226 0.2294262797581963 0.199122327650942 0.16881837554368775 0.1385144234364335 0.10821047132917921 0.07790651922192493 0.047602567114670646 0.03195626525242021 0.031979322951679955 0.0320023806509397 0.03202543835019945 0.032048496049459196 0.032071553748718944 0.032094611447978726 0.03211766914723847 0.03214072684649822 0.03216378454575797 0.032186842245017715 0.03220989994427746 0.0500786475729323 0.08702484131262463 0.12397103505231695 0.16091722879200926 0.19786342253170164 0.23480961627139396 0.2717558100110863 0.3087020037508416 0.34564819749053394
0.530899877038377 0.5122312527754749 0.4935626285125727 0.4748940042496387 0.4562253799867365 0.4375567557238343 0.41888813146093207 0.4002195071980299 0.38155088293512773 0.3628822586722255 0.34421363440932334 0.32186804144444614 0.2955916857983982 0.2693153301523502 0.2430389745063023 0.21676261886025433 0.19048626321416157 0.1642099075681136 0.13793355192206566 0.11165719627601772 0.08538084062996976 0.05910448498392179 0.03282812933787388 0.019258377843688126 0.01927227351895064 0.01928616919421315 0.019300064869475664 0.019313960544738176 0.01932785622000069 0.019341751895263225 0.019355647570525734 0.019369543245788247 0.01938343892105076 0.019397334596313272 0.019411230271575784 0.037630796014311886 0.0753126347765663 0.11299447353882072 0.15067631230107514 0.18835815106332957 0.22603998982558396 0.2637218285878384 0.30140366735015706 0.33908550611241145
0.522594603349211 0.49891305266402275 0.47523150197883446 0.45154995129360576 0.42786840060841747 0.4041868499232292 0.3805052992380409 0.35682374855285254 0.33314219786766425 0.3094606471824759 0.2857790964972876 0.26279004259437294 0.24054128340953132 0.21829252422468967 0.19604376503984805 0.1737950058550064 0.15154624667012684 0.1292974874852852 0.10704872830044354 0.08479996911560192 0.06255120993076027 0.04030245074591865 0.018053691561077 0.006560490434956049 0.006565224086221327 0.0065699577374866034 0.006574691388751881 0.006579425040017159 0.006584158691282436 0.006588892342547722 0.006593625993812999 0.006598359645078276 0.006603093296343554 0.006607826947608831 0.006612560598874108 0.02518294445569148 0.06360042824050799 0.1020179120253245 0.14043539581014103 0.17885287959495755 0.21727036337977404 0.25568784716459053 0.2941053309494726 0.3325228147342891
0.5096260560273335 0.48477965864382655 0.4599332612603196 0.43508686387677026 0.4102404664932633 0.3853940691097564 0.36054767172624946 0.3357012743427425 0.3108548769592355 0.2860084795757286 0.26116208219222165 0.2389238241978009 0.219473726182116 0.2000236281664311 0.18057353015074618 0.16112343213506128 0.1416733341193432 0.12222323610365832 0.10277313808797339 0.0833230400722885 0.0638729420566036 0.0444228440409187 0.024972746025233805 0.014923103371021535 0.014922760068255422 0.01492241676548931 0.014922073462723196 0.014921730159957083 0.01492138685719097 0.014921043554424857 0.014920700251658743 0.01492035694889263 0.014920013646126518 0.014919670343360404 0.014919327040594291 0.03255005475042934 0.06902879609568764 0.10550753744094594 0.14198627878620423 0.17846502013146254 0.21494376147672084 0.25142250282197914 0.2879012441672996 0.3243799855125579
0.4916727631865159 0.46977487372879323 0.4478769842710706 0.4259790948133106 0.40408120535558795 0.38218331589786525 0.3602854264401426 0.33838753698241997 0.3164896475246973 0.29459175806697463 0.272693868609252 0.2526967791918398 0.23473168799589925 0.21676659679995872 0.19880150560401816 0.18083641440807763 0.16287132321210646 0.14490623201616593 0.12694114082022537 0.10897604962428484 0.09101095842834431 0.07304586723240375 0.05508077603646322 0.04579806342391791 0.04579700984937209 0.045795956274826286 0.04579490270028048 0.04579384912573467 0.045792795551188856 0.04579174197664305 0.04579068840209724 0.045789634827551426 0.04578858125300562 0.04578752767845981 0.045786474103914 0.06109811003918082 0.09277935735368119 0.12446060466818157 0.15614185198268193 0.1878230992971823 0.2195043466116827 0.25118559392618306 0.28286684124073747 0.3145480885552378
0.473719470345683 0.45477008881374714 0.43582070728181127 0.4168713257498431 0.3979219442179072 0.37897256268597135 0.36002318115403553 0.34107379962209966 0.3221244180901638 0.303175036558228 0.28422565502629205 0.2664697341858904 0.24998964980969549 0.23350956543350057 0.21702948105730566 0.20054939668111077 0.18406931230488777 0.16758922792869285 0.15110914355249794 0.13462905917630302 0.11814897480010811 0.10166889042391322 0.08518880604771831 0.07667302347684059 0.07667125963051509 0.07666949578418959 0.07666773193786408 0.07666596809153858 0.07666420424521309 0.07666244039888757 0.07666067655256208 0.07665891270623658 0.07665714885991108 0.07665538501358557 0.07665362116726007 0.08964616532795669 0.11652991861169504 0.14341367189543341 0.17029742517917176 0.1971811784629101 0.2240649317466485 0.2509486850303868 0.27783243831417104 0.3047161915979094
0.45576617750486537 0.4397653038987138 0.4237644302925622 0.40776355668638337 0.39176268308023177 0.3757618094740802 0.3597609358679286 0.343760062261777 0.3277591886556255 0.31175831504947393 0.29575744144332233 0.2802426891799293 0.2652476116234787 0.2502525340670282 0.23525745651057764 0.2202623789541271 0.20526730139765098 0.19027222384120046 0.17527714628474989 0.16028206872829937 0.14528699117184882 0.1302919136153983 0.11529683605894775 0.10754798352973696 0.10754550941163177 0.10754303529352657 0.10754056117542138 0.10753808705731618 0.107535612939211 0.1075331388211058 0.10753066470300061 0.10752819058489542 0.10752571646679022 0.10752324234868503 0.10752076823057984 0.11819422061670821 0.14028047986968864 0.16236673912266908 0.1844529983756495 0.20653925762862993 0.22862551688161037 0.25071177613459084 0.2727980353876089 0.2948842946405893
0.4378128846640478 0.42476051898368045 0.4117081533033132 0.39865578762292364 0.3856034219425563 0.37255105626218904 0.3594986905818217 0.34644632490145444 0.33339395922108717 0.32034159354071984 0.3072892278603525 0.2940156441739681 0.2805055734372619 0.2669955027005557 0.25348543196384954 0.2399753612271434 0.2264652904904142 0.212955219753708 0.19944514901700183 0.18593507828029568 0.1724250075435895 0.15891493680688334 0.14540486607017716 0.13842294358263332 0.13841975919274843 0.13841657480286354 0.13841339041297868 0.13841020602309378 0.1384070216332089 0.138403837243324 0.1384006528534391 0.13839746846355422 0.13839428407366933 0.13839109968378444 0.13838791529389954 0.14674227590545968 0.1640310411276822 0.1813198063499047 0.1986085715721272 0.2158973367943497 0.23318610201657222 0.25047486723879475 0.26776363246104673 0.2850523976832692
