Figures/CREST_Example_wjb_NSE/Rolling_result/20100722/BJP_forecast/ens_13/wjb.rain.20090811.asc
ncols            288
nrows            254
xllcorner        113.274861
yllcorner        31.4918055
cellsize         0.008333333333
NODATA_value     -9999
[rows 180 to 199 of 254, columns 90 to 134 of 288]
0.0 0.0 0.0 0.0 0.0 0.0 0.0 0.0 0.0 0.001204552795233435 0.003696799764328145 0.006189046733422855 0.008681293702517565 0.011173540671612274 0.013665787640711233 0.016158034609805944 0.01865028157890065 0.02114252854799536 0.023634775517090072 0.02612702248618478 0.02861926945527949 0.029906963630339272 0.029906963630339272 0.029906963630339272 0.029906963630339272 0.029906963630339272 0.029906963630339272 0.029906963630339272 0.029906963630339272 0.029906963630339272 0.029906963630339272 0.029906963630339272 0.029906963630339272 0.03179709410631102 0.035707816805998646 0.03961853950568628 0.04352926220537391 0.047439984905061544 0.05135070760474918 0.05526143030443681 0.05917215300413111 0.06308287570381875 0.06699359840350638 0.07090432110319402 0.07481504380288163
0.008424232129876308 0.008424232129876308 0.008424232129876308 0.008424232129876308 0.008424232129876308 0.008424232129876308 0.008424232129876308 0.008424232129876308 0.008424232129876308 0.009808073475429918 0.012671272508972948 0.01553447154251598 0.01839767057605901 0.02126086960960204 0.024124068643149955 0.026987267676692985 0.02985046671023602 0.03271366574377905 0.03557686477732208 0.03844006381086511 0.04130326284440814 0.04278262053377446 0.04278262053377446 0.04278262053377446 0.04278262053377446 0.04278262053377446 0.04278262053377446 0.04278262053377446 0.04278262053377446 0.04278262053377446 0.04278262053377446 0.04278262053377446 0.04278262053377446 0.044475092827284096 0.0479768562774595 0.05147861972763491 0.054980383177810316 0.05848214662798572 0.06198391007816113 0.06548567352833654 0.06898743697851792 0.07248920042869332 0.07599096387886872 0.07949272732904414 0.08299449077921954
0.025853437407732133 0.025853437407732133 0.025853437407732133 0.025853437407732133 0.025853437407732133 0.025853437407732133 0.025853437407732133 0.025853437407732133 0.025853437407732133 0.027624007376409066 0.03128735667539105 0.034950705974373046 0.038614055273355034 0.04227740457233702 0.04594075387132526 0.04960410317030725 0.05326745246928924 0.05693080176827123 0.060594151067253216 0.0642575003662352 0.06792084966521719 0.06981362899728394 0.06981362899728394 0.06981362899728394 0.06981362899728394 0.06981362899728394 0.06981362899728394 0.06981362899728394 0.06981362899728394 0.06981362899728394 0.06981362899728394 0.06981362899728394 0.06981362899728394 0.07116186072684627 0.07395138266528697 0.07674090460372768 0.07953042654216838 0.08231994848060908 0.08510947041904979 0.08789899235749049 0.09068851429593594 0.09347803623437664 0.09626755817281735 0.09905708011125805 0.10184660204969875
0.04328264268560286 0.04328264268560286 0.04328264268560286 0.04328264268560286 0.04328264268560286 0.04328264268560286 0.04328264268560286 0.04328264268560286 0.04328264268560286 0.045439941277403445 0.049903440841825075 0.054366940406246705 0.058830439970668336 0.06329393953508997 0.0677574390995192 0.07222093866394083 0.07668443822836246 0.08114793779278409 0.08561143735720572 0.09007493692162735 0.09453843648604898 0.09684463746081651 0.09684463746081651 0.09684463746081651 0.09684463746081651 0.09684463746081651 0.09684463746081651 0.09684463746081651 0.09684463746081651 0.09684463746081651 0.09684463746081651 0.09684463746081651 0.09684463746081651 0.09784862862643126 0.09992590905313664 0.10200318947984202 0.10408046990654742 0.1061577503332528 0.10823503075995819 0.11031231118666357 0.1123895916133725 0.11446687204007788 0.11654415246678326 0.11862143289348864 0.12069871332019404
0.06071184796345869 0.06071184796345869 0.06071184796345869 0.06071184796345869 0.06071184796345869 0.06071184796345869 0.06071184796345869 0.06071184796345869 0.06071184796345869 0.0632558751783826 0.06851952500824318 0.07378317483810377 0.07904682466796437 0.08431047449782496 0.08957412432769452 0.09483777415755512 0.1001014239874157 0.10536507381727629 0.11062872364713688 0.11589237347699746 0.12115602330685807 0.12387564592432601 0.12387564592432601 0.12387564592432601 0.12387564592432601 0.12387564592432601 0.12387564592432601 0.12387564592432601 0.12387564592432601 0.12387564592432601 0.12387564592432601 0.12387564592432601 0.12387564592432601 0.12453539652599346 0.12590043544096416 0.12726547435593483 0.1286305132709055 0.1299955521858762 0.13136059110084686 0.13272563001581755 0.13409066893079055 0.13545570784576122 0.13682074676073191 0.13818578567570258 0.13955082459067328
0.07814105324131454 0.07814105324131454 0.07814105324131454 0.07814105324131454 0.07814105324131454 0.07814105324131454 0.07814105324131454 0.07814105324131454 0.07814105324131454 0.08107180907936178 0.08713560917466132 0.09319940926996087 0.09926320936526042 0.10532700946055996 0.11139080955586986 0.11745460965116941 0.12351840974646895 0.1295822098417685 0.13564600993706805 0.1417098100323676 0.14777361012766715 0.15090665438783551 0.15090665438783551 0.15090665438783551 0.15090665438783551 0.15090665438783551 0.15090665438783551 0.15090665438783551 0.15090665438783551 0.15090665438783551 0.15090665438783551 0.15090665438783551 0.15090665438783551 0.15122216442555567 0.15187496182879165 0.15252775923202763 0.1531805566352636 0.15383335403849957 0.15448615144173553 0.1551389488449715 0.1557917462482086 0.15644454365144456 0.15709734105468054 0.15775013845791652 0.15840293586115248
0.09557025851917038 0.09557025851917038 0.09557025851917038 0.09557025851917038 0.09557025851917038 0.09557025851917038 0.09557025851917038 0.09557025851917038 0.09557025851917038 0.09888774298034093 0.10575169334107945 0.11261564370181795 0.11947959406255645 0.12634354442329496 0.13320749478404517 0.1400714451447837 0.1469353955055222 0.1537993458662607 0.1606632962269992 0.1675272465877377 0.1743911969484762 0.17793766285134502 0.17793766285134502 0.17793766285134502 0.17793766285134502 0.17793766285134502 0.17793766285134502 0.17793766285134502 0.17793766285134502 0.17793766285134502 0.17793766285134502 0.17793766285134502 0.17793766285134502 0.1779089323251179 0.17784948821661914 0.1777900441081204 0.17773059999962168 0.17767115589112295 0.1776117117826242 0.17755226767412546 0.17749282356562662 0.1774333794571279 0.17737393534862916 0.17731449124013043 0.1772550471316317
0.11299946379702623 0.11299946379702623 0.11299946379702623 0.11299946379702623 0.11299946379702623 0.11299946379702623 0.11299946379702623 0.11299946379702623 0.11299946379702623 0.1167036768813201 0.12436777750749758 0.13203187813367503 0.1396959787598525 0.14736007938602996 0.1550241800122205 0.16268828063839796 0.17035238126457544 0.17801648189075292 0.18568058251693037 0.19334468314310782 0.20100878376928533 0.20496867131485452 0.20496867131485452 0.20496867131485452 0.20496867131485452 0.20496867131485452 0.20496867131485452 0.20496867131485452 0.20496867131485452 0.20496867131485452 0.20496867131485452 0.20496867131485452 0.20496867131485452 0.2045957002246801 0.20382401460444666 0.20305232898421322 0.20228064336397977 0.20150895774374633 0.2007372721235129 0.19996558650327945 0.19919390088304467 0.19842221526281123 0.1976505296425778 0.19687884402234435 0.1961071584021109
0.13042866907488207 0.13042866907488207 0.13042866907488207 0.13042866907488207 0.13042866907488207 0.13042866907488207 0.13042866907488207 0.13042866907488207 0.13042866907488207 0.13451961078229926 0.1429838616739157 0.15144811256553212 0.15991236345714854 0.16837661434876497 0.17684086524039583 0.18530511613201225 0.19376936702362868 0.20223361791524508 0.21069786880686153 0.21916211969847793 0.22762637059009438 0.231999679778364 0.231999679778364 0.231999679778364 0.231999679778364 0.231999679778364 0.231999679778364 0.231999679778364 0.231999679778364 0.231999679778364 0.231999679778364 0.231999679778364 0.231999679778364 0.23128246812424227 0.22979854099227412 0.228314613860306 0.22683068672833784 0.22534675959636968 0.22386283246440156 0.2223789053324334 0.22089497820046272 0.21941105106849457 0.21792712393652644 0.21644319680455829 0.21495926967259013
0.14785787435275277 0.14785787435275277 0.14785787435275277 0.14785787435275277 0.14785787435275277 0.14785787435275277 0.14785787435275277 0.14785787435275277 0.14785787435275277 0.15233554468329363 0.1615999458403497 0.17086434699740577 0.18012874815446184 0.1893931493115179 0.19865755046858974 0.2079219516256458 0.21718635278270187 0.22645075393975794 0.235715155096814 0.24497955625387008 0.25424395741092615 0.25903068824189657 0.25903068824189657 0.25903068824189657 0.25903068824189657 0.25903068824189657 0.25903068824189657 0.25903068824189657 0.25903068824189657 0.25903068824189657 0.25903068824189657 0.25903068824189657 0.25903068824189657 0.25796923602382726 0.2557730673801238 0.2535768987364203 0.2513807300927169 0.2491845614490134 0.24698839280530993 0.24479222416160648 0.24259605551789926 0.2403998868741958 0.23820371823049233 0.23600754958678888 0.2338113809430854
0.16528707963060862 0.16528707963060862 0.16528707963060862 0.16528707963060862 0.16528707963060862 0.16528707963060862 0.16528707963060862 0.16528707963060862 0.16528707963060862 0.1701514785842728 0.18021603000676784 0.19028058142926285 0.20034513285175787 0.21040968427425288 0.22047423569676508 0.2305387871192601 0.2406033385417551 0.25066788996425016 0.2607324413867452 0.2707969928092402 0.2808615442317352 0.28606169670540604 0.28606169670540604 0.28606169670540604 0.28606169670540604 0.28606169670540604 0.28606169670540604 0.28606169670540604 0.28606169670540604 0.28606169670540604 0.28606169670540604 0.28606169670540604 0.28606169670540604 0.2846560039233894 0.2817475937679513 0.2788391836125131 0.27593077345707495 0.27302236330163676 0.2701139531461986 0.26720554299076044 0.2642971328353173 0.2613887226798791 0.258480312524441 0.2555719023690028 0.25266349221356466
0.18271628490846448 0.18271628490846448 0.18271628490846448 0.18271628490846448 0.18271628490846448 0.18271628490846448 0.18271628490846448 0.18271628490846448 0.18271628490846448 0.18796741248525198 0.19883211417318597 0.20969681586111993 0.22056151754905393 0.23142621923698792 0.24229092092494042 0.2531556226128744 0.26402032430080835 0.27488502598874237 0.28574972767667633 0.29661442936461035 0.3074791310525443 0.3130927051689156 0.3130927051689156 0.3130927051689156 0.3130927051689156 0.3130927051689156 0.3130927051689156 0.3130927051689156 0.3130927051689156 0.3130927051689156 0.3130927051689156 0.3130927051689156 0.3130927051689156 0.31134277182295167 0.3077221201557788 0.3041014684886059 0.30048081682143307 0.29686016515426017 0.2932395134870873 0.2896188618199144 0.28599821015273535 0.2823775584855625 0.2787569068183896 0.27513625515121676 0.27151560348404385
0.20014549018632033 0.20014549018632033 0.20014549018632033 0.20014549018632033 0.20014549018632033 0.20014549018632033 0.20014549018632033 0.20014549018632033 0.20014549018632033 0.20578334638623116 0.2174481983396041 0.22911305029297704 0.24077790224634998 0.25244275419972295 0.26410760615311574 0.2757724581064887 0.2874373100598616 0.2991021620132346 0.31076701396660755 0.32243186591998046 0.3340967178733534 0.3401237136324251 0.3401237136324251 0.3401237136324251 0.3401237136324251 0.3401237136324251 0.3401237136324251 0.3401237136324251 0.3401237136324251 0.3401237136324251 0.3401237136324251 0.3401237136324251 0.3401237136324251 0.3380295397225139 0.3336966465436063 0.32936375336469875 0.32503086018579114 0.3206979670068836 0.31636507382797596 0.3120321806490684 0.3076992874701534 0.30336639429124584 0.29903350111233823 0.29470060793343067 0.29036771475452305
0.23532465730804908 0.23532465730804908 0.23532465730804908 0.23532465730804908 0.23532465730804908 0.23532465730804908 0.23532465730804908 0.23532465730804908 0.23532465730804908 0.24274666560570624 0.2581029685902069 0.2734592715747076 0.28881557455920837 0.30417187754370906 0.31952818052823595 0.33488448351273664 0.35024078649723733 0.365597089481738 0.3809533924662387 0.39630969545073946 0.4116659984352401 0.41960029312946845 0.41960029312946845 0.41960029312946845 0.41960029312946845 0.41960029312946845 0.41960029312946845 0.41960029312946845 0.41960029312946845 0.41960029312946845 0.41960029312946845 0.41960029312946845 0.41960029312946845 0.41727734736298544 0.41247112003920355 0.40766489271542167 0.4028586653916397 0.39805243806785784 0.39324621074407595 0.38843998342029407 0.38363375609650396 0.378827528772722 0.37402130144894014 0.36921507412515825 0.3644088468013763
0.2894774148561775 0.2894774148561775 0.2894774148561775 0.2894774148561775 0.2894774148561775 0.2894774148561775 0.2894774148561775 0.2894774148561775 0.2894774148561775 0.3001773328659884 0.32231570516069985 0.3444540774554113 0.36659244975012273 0.38873082204483417 0.41086919433958335 0.4330075666342948 0.45514593892900623 0.47728431122371767 0.4994226835184291 0.5215610558131405 0.543699428107852 0.5551378824033988 0.5551378824033988 0.5551378824033988 0.5551378824033988 0.5551378824033988 0.5551378824033988 0.5551378824033988 0.5551378824033988 0.5551378824033988 0.5551378824033988 0.5551378824033988 0.5551378824033988 0.5527095935505056 0.5476854089986294 0.5426612244467532 0.537637039894877 0.5326128553430008 0.5275886707911246 0.5225644862392484 0.5175403016873636 0.5125161171354875 0.5074919325836112 0.502467748031735 0.49744356347985885
0.34363017240428273 0.34363017240428273 0.34363017240428273 0.34363017240428273 0.34363017240428273 0.34363017240428273 0.34363017240428273 0.34363017240428273 0.34363017240428273 0.35760800012624594 0.3865284417311653 0.41544888333608454 0.4443693249410039 0.47328976654592314 0.5022102081508918 0.5311306497558111 0.5600510913607304 0.5889715329656497 0.6178919745705691 0.6468124161754883 0.6757328577804076 0.6906754716772714 0.6906754716772714 0.6906754716772714 0.6906754716772714 0.6906754716772714 0.6906754716772714 0.6906754716772714 0.6906754716772714 0.6906754716772714 0.6906754716772714 0.6906754716772714 0.6906754716772714 0.6881418397379682 0.6828996979579978 0.6776575561780274 0.6724154143980569 0.6671732726180865 0.661931130838116 0.6566889890581457 0.6514468472781664 0.6462047054981959 0.6409625637182255 0.6357204219382551 0.6304782801582847
0.39778292995238806 0.39778292995238806 0.39778292995238806 0.39778292995238806 0.39778292995238806 0.39778292995238806 0.39778292995238806 0.39778292995238806 0.39778292995238806 0.41503866738650363 0.4507411783016308 0.48644368921675796 0.5221462001318851 0.5578487110470123 0.5935512219622003 0.6292537328773274 0.6649562437924545 0.7006587547075818 0.736361265622709 0.7720637765378361 0.8077662874529632 0.826213060951144 0.826213060951144 0.826213060951144 0.826213060951144 0.826213060951144 0.826213060951144 0.826213060951144 0.826213060951144 0.826213060951144 0.826213060951144 0.826213060951144 0.826213060951144 0.8235740859254306 0.818113986917366 0.8126538879093014 0.8071937889012368 0.8017336898931722 0.7962735908851075 0.790813491877043 0.785353392868969 0.7798932938609044 0.7744331948528398 0.7689730958447751 0.7635129968367106
0.4519356875005165 0.4519356875005165 0.4519356875005165 0.4519356875005165 0.4519356875005165 0.4519356875005165 0.4519356875005165 0.4519356875005165 0.4519356875005165 0.4724693346467858 0.5149539148721237 0.5574384950974616 0.5999230753227995 0.6424076555481375 0.6848922357735479 0.7273768159988857 0.7698613962242237 0.8123459764495615 0.8548305566748995 0.8973151369002375 0.9397997171255753 0.9617506502250746 0.9617506502250746 0.9617506502250746 0.9617506502250746 0.9617506502250746 0.9617506502250746 0.9617506502250746 0.9617506502250746 0.9617506502250746 0.9617506502250746 0.9617506502250746 0.9617506502250746 0.959006332112951 0.953328275876792 0.9476502196406331 0.9419721634044742 0.9362941071683153 0.9306160509321564 0.9249379946959975 0.9192599384598288 0.9135818822236699 0.907903825987511 0.902225769751352 0.8965477135151931
0.5060884450486218 0.5060884450486218 0.5060884450486218 0.5060884450486218 0.5060884450486218 0.5060884450486218 0.5060884450486218 0.5060884450486218 0.5060884450486218 0.5299000019070434 0.5791666514425893 0.628433300978135 0.6776999505136807 0.7269666000492265 0.7762332495848563 0.8254998991204021 0.8747665486559479 0.9240331981914937 0.9732998477270394 1.0225664972625852 1.0718331467981308 1.0972882394989472 1.0972882394989472 1.0972882394989472 1.0972882394989472 1.0972882394989472 1.0972882394989472 1.0972882394989472 1.0972882394989472 1.0972882394989472 1.0972882394989472 1.0972882394989472 1.0972882394989472 1.0944385783004136 1.0885425648361604 1.0826465513719072 1.076750537907654 1.070854524443401 1.0649585109791477 1.0590624975148946 1.0531664840506314 1.0472704705863785 1.0413744571221253 1.0354784436578721 1.029582430193619
0.560241202596727 0.560241202596727 0.560241202596727 0.560241202596727 0.560241202596727 0.560241202596727 0.560241202596727 0.560241202596727 0.560241202596727 0.587330669167301 0.6433793880130546 0.6994281068588083 0.7554768257045619 0.8115255445503156 0.8675742633961647 0.9236229822419184 0.9796717010876721 1.0357204199334258 1.0917691387791792 1.147817857624933 1.2038665764706864 1.2328258287728198 1.2328258287728198 1.2328258287728198 1.2328258287728198 1.2328258287728198 1.2328258287728198 1.2328258287728198 1.2328258287728198 1.2328258287728198 1.2328258287728198 1.2328258287728198 1.2328258287728198 1.229870824487876 1.2237568537955286 1.2176428831031814 1.211528912410834 1.2054149417184865 1.1993009710261393 1.1931870003337919 1.1870730296414342 1.1809590589490868 1.1748450882567394 1.1687311175643922 1.1626171468720448
