Figures/CREST_Example_wjb_NSE/Rolling_result/20100722/BJP_forecast/ens_13/wjb.rain.20100726.asc
ncols            288
nrows            254
xllcorner        113.274861
yllcorner        31.4918055
cellsize         0.008333333333
NODATA_value     -9999
[rows 200 to 219 of 254, columns 90 to 134 of 288]
16.97254320049455 16.765362016799894 16.55818083310559 16.35099964941129 16.14381846571699 15.936637282022687 15.729456098328386 15.522274914634085 15.315093730939783 9.273825397721177 9.273825397721177 9.273825397721177 9.273825397721177 9.273825397721177 9.273825397721177 9.273825397721177 9.273825397721177 9.273825397721177 9.273825397721177 9.273825397721177 9.273825397721177 9.273825397721177 9.273825397721177 9.273825397721177 9.273825397721177 9.273825397721177 9.273825397721177 9.273825397721177 9.273825397721177 9.273825397721177 9.273825397721177 9.273825397721177 9.273825397721177 13.421190657524244 13.785006447580788 14.14882223763733 14.512638027693873 14.876453817750415 15.240269607806958 15.604085397863502 15.967901187920663 16.33171697797721 16.69553276803375 17.059348558090292 17.423164348146834
16.353463924059447 16.202197691062796 16.0509314580664 15.899665225070004 15.748398992073609 15.597132759077214 15.445866526080819 15.294600293084423 15.143334060088028 9.273825397721177 9.273825397721177 9.273825397721177 9.273825397721177 9.273825397721177 9.273825397721177 9.273825397721177 9.273825397721177 9.273825397721177 9.273825397721177 9.273825397721177 9.273825397721177 9.273825397721177 9.273825397721177 9.273825397721177 9.273825397721177 9.273825397721177 9.273825397721177 9.273825397721177 9.273825397721177 9.273825397721177 9.273825397721177 9.273825397721177 9.273825397721177 13.194197131791096 13.544350539904505 13.894503948017913 14.244657356131322 14.59481076424473 14.944964172358137 15.295117580471546 15.645270988585551 15.99542439669896 16.34557780481237 16.695731212925775 17.045884621039185
15.734384647624346 15.639033365325695 15.543682083027207 15.448330800728717 15.352979518430228 15.25762823613174 15.162276953833251 15.066925671534761 14.971574389236274 9.273825397721177 9.273825397721177 9.273825397721177 9.273825397721177 -9999.0 -9999.0 -9999.0 9.273825397721177 9.273825397721177 9.273825397721177 9.273825397721177 9.273825397721177 9.273825397721177 9.273825397721177 9.273825397721177 9.273825397721177 9.273825397721177 9.273825397721177 9.273825397721177 9.273825397721177 9.273825397721177 9.273825397721177 9.273825397721177 9.273825397721177 12.967203606057952 13.303694632228225 13.640185658398499 13.97667668456877 14.313167710739044 14.649658736909318 14.986149763079592 15.322640789250439 15.65913181542071 15.995622841590986 16.332113867761258 16.66860489393153
15.115305371189246 15.075869039588596 15.036432707988014 14.996996376387433 14.957560044786849 14.918123713186267 14.878687381585685 14.839251049985103 14.79981471838452 9.273825397721177 9.273825397721177 9.273825397721177 9.273825397721177 -9999.0 -9999.0 -9999.0 -9999.0 9.273825397721177 9.273825397721177 -9999.0 9.273825397721177 9.273825397721177 9.273825397721177 9.273825397721177 9.273825397721177 9.273825397721177 9.273825397721177 9.273825397721177 9.273825397721177 9.273825397721177 9.273825397721177 9.273825397721177 9.273825397721177 12.740210080324806 13.063038724551944 13.385867368779081 13.708696013006222 14.031524657233359 14.354353301460499 14.677181945687636 15.000010589915325 15.322839234142464 15.645667878369602 15.968496522596741 16.29132516682388
14.496226094753881 14.512704713851257 14.529183332948605 14.545661952045952 14.562140571143301 14.578619190240648 14.595097809337997 14.611576428435344 14.62805504753269 9.273825397721177 9.273825397721177 9.273825397721177 -9999.0 -9999.0 -9999.0 -9999.0 -9999.0 -9999.0 -9999.0 -9999.0 -9999.0 9.273825397721177 9.273825397721177 9.273825397721177 9.273825397721177 9.273825397721177 9.273825397721177 9.273825397721177 9.273825397721177 9.273825397721177 9.273825397721177 9.273825397721177 9.273825397721177 12.513216554591562 12.82238281687556 13.131549079159559 13.440715341443557 13.749881603727555 14.059047866011554 14.368214128295552 14.677380390580076 14.986546652864075 15.295712915148073 15.604879177432071 15.914045439716068
9.273825397721177 9.273825397721177 9.273825397721177 9.273825397721177 9.273825397721177 9.273825397721177 9.273825397721177 9.273825397721177 9.273825397721177 9.273825397721177 9.273825397721177 9.273825397721177 -9999.0 -9999.0 -9999.0 -9999.0 -9999.0 -9999.0 -9999.0 -9999.0 -9999.0 -9999.0 9.273825397721177 9.273825397721177 9.273825397721177 9.273825397721177 9.273825397721177 9.273825397721177 9.273825397721177 9.273825397721177 9.273825397721177 9.273825397721177 9.273825397721177 12.328422416572597 12.630700246813662 12.93297807705473 13.235255907295796 13.537533737536862 13.839811567777929 14.142089398018996 14.444367228260578 14.746645058501644 15.04892288874271 15.351200718983778 15.653478549224843
9.273825397721177 9.273825397721177 9.273825397721177 9.273825397721177 9.273825397721177 9.273825397721177 9.273825397721177 9.273825397721177 9.273825397721177 9.273825397721177 9.273825397721177 9.273825397721177 9.273825397721177 -9999.0 -9999.0 -9999.0 -9999.0 -9999.0 -9999.0 -9999.0 -9999.0 -9999.0 9.273825397721177 9.273825397721177 9.273825397721177 9.273825397721177 9.273825397721177 9.273825397721177 9.273825397721177 9.273825397721177 9.273825397721177 9.273825397721177 9.273825397721177 12.188736764268388 12.491367087959931 12.793997411651475 13.096627735343018 13.399258059034562 13.701888382726105 14.004518706417649 14.307149030109708 14.609779353801251 14.912409677492795 15.215040001184338 15.517670324875882
9.273825397721177 9.273825397721177 9.273825397721177 9.273825397721177 9.273825397721177 9.273825397721177 9.273825397721177 9.273825397721177 9.273825397721177 9.273825397721177 9.273825397721177 9.273825397721177 9.273825397721177 -9999.0 -9999.0 -9999.0 -9999.0 -9999.0 -9999.0 -9999.0 -9999.0 -9999.0 -9999.0 9.273825397721177 9.273825397721177 9.273825397721177 9.273825397721177 9.273825397721177 9.273825397721177 9.273825397721177 9.273825397721177 9.273825397721177 9.273825397721177 12.04905111196412 12.352033929106142 12.655016746248162 12.957999563390182 13.260982380532202 13.563965197674223 13.866948014816243 14.16993083195878 14.472913649100802 14.775896466242822 15.078879283384842 15.381862100526863
9.273825397721177 9.273825397721177 9.273825397721177 9.273825397721177 9.273825397721177 9.273825397721177 9.273825397721177 9.273825397721177 9.273825397721177 9.273825397721177 9.273825397721177 9.273825397721177 9.273825397721177 -9999.0 -9999.0 -9999.0 -9999.0 -9999.0 -9999.0 -9999.0 -9999.0 -9999.0 -9999.0 -9999.0 -9999.0 -9999.0 -9999.0 9.273825397721177 9.273825397721177 9.273825397721177 9.273825397721177 9.273825397721177 9.273825397721177 11.909365459659911 12.21270077025241 12.516036080844906 12.819371391437404 13.1227067020299 13.426042012622398 13.729377323214894 14.03271263380791 14.336047944400406 14.639383254992904 14.942718565585402 15.246053876177898
9.273825397721177 9.273825397721177 9.273825397721177 9.273825397721177 9.273825397721177 9.273825397721177 9.273825397721177 9.273825397721177 9.273825397721177 9.273825397721177 9.273825397721177 9.273825397721177 9.273825397721177 -9999.0 -9999.0 -9999.0 -9999.0 -9999.0 -9999.0 -9999.0 -9999.0 -9999.0 -9999.0 -9999.0 -9999.0 -9999.0 -9999.0 -9999.0 -9999.0 9.273825397721177 9.273825397721177 9.273825397721177 9.273825397721177 11.769679807355706 12.073367611398679 12.377055415441653 12.680743219484627 12.9844310235276 13.288118827570575 13.591806631613549 13.89549443565704 14.199182239700015 14.502870043742988 14.806557847785962 15.110245651828937
9.273825397721177 9.273825397721177 9.273825397721177 9.273825397721177 9.273825397721177 9.273825397721177 9.273825397721177 9.273825397721177 9.273825397721177 9.273825397721177 9.273825397721177 9.273825397721177 9.273825397721177 -9999.0 -9999.0 -9999.0 -9999.0 -9999.0 -9999.0 -9999.0 -9999.0 -9999.0 -9999.0 -9999.0 -9999.0 -9999.0 -9999.0 -9999.0 -9999.0 9.273825397721177 9.273825397721177 9.273825397721177 9.273825397721177 11.629994155051437 11.934034452544887 12.238074750038338 12.542115047531789 12.846155345025242 13.150195642518693 13.454235940012143 13.758276237506113 14.062316534999564 14.366356832493015 14.670397129986466 14.974437427479916
9.273825397721177 9.273825397721177 9.273825397721177 9.273825397721177 9.273825397721177 9.273825397721177 9.273825397721177 9.273825397721177 9.273825397721177 9.273825397721177 9.273825397721177 9.273825397721177 -9999.0 -9999.0 -9999.0 -9999.0 -9999.0 -9999.0 -9999.0 -9999.0 -9999.0 -9999.0 -9999.0 -9999.0 -9999.0 -9999.0 -9999.0 -9999.0 9.273825397721177 9.273825397721177 9.273825397721177 9.273825397721177 9.273825397721177 11.49030850274723 11.794701293691157 12.099094084635086 12.403486875579013 12.70787966652294 13.01227245746687 13.316665248410796 13.621058039355244 13.925450830299171 14.229843621243099 14.534236412187026 14.838629203130953
9.273825397721177 9.273825397721177 9.273825397721177 9.273825397721177 9.273825397721177 9.273825397721177 9.273825397721177 9.273825397721177 9.273825397721177 9.273825397721177 9.273825397721177 9.273825397721177 -9999.0 -9999.0 -9999.0 -9999.0 -9999.0 -9999.0 -9999.0 -9999.0 -9999.0 -9999.0 -9999.0 -9999.0 -9999.0 -9999.0 -9999.0 -9999.0 9.273825397721177 9.273825397721177 9.273825397721177 9.273825397721177 9.273825397721177 11.35062285044302 11.655368134837426 11.96011341923183 12.264858703626235 12.569603988020638 12.874349272415044 13.179094556809448 13.483839841204372 13.788585125598777 14.09333040999318 14.398075694387586 14.70282097878199
9.273825397721177 9.273825397721177 9.273825397721177 9.273825397721177 9.273825397721177 9.273825397721177 9.273825397721177 9.273825397721177 9.273825397721177 9.273825397721177 9.273825397721177 9.273825397721177 -9999.0 -9999.0 -9999.0 -9999.0 -9999.0 -9999.0 -9999.0 -9999.0 -9999.0 -9999.0 -9999.0 -9999.0 -9999.0 -9999.0 9.273825397721177 9.273825397721177 9.273825397721177 9.273825397721177 9.273825397721177 9.273825397721177 9.273825397721177 11.210937198138755 11.516034975983635 11.821132753828516 12.126230531673398 12.43132830951828 12.736426087363162 13.041523865208044 13.346621643053444 13.651719420898326 13.956817198743208 14.26191497658809 14.567012754432971
9.273825397721177 9.273825397721177 9.273825397721177 9.273825397721177 9.273825397721177 9.273825397721177 9.273825397721177 9.273825397721177 9.273825397721177 9.273825397721177 9.273825397721177 -9999.0 -9999.0 -9999.0 -9999.0 -9999.0 -9999.0 -9999.0 -9999.0 -9999.0 -9999.0 -9999.0 -9999.0 -9999.0 -9999.0 -9999.0 9.273825397721177 9.273825397721177 9.273825397721177 9.273825397721177 9.273825397721177 9.273825397721177 9.273825397721177 11.071251545834546 11.376701817129904 11.682152088425262 11.98760235972062 12.293052631015978 12.598502902311337 12.903953173606695 13.209403444902575 13.514853716197933 13.820303987493292 14.12575425878865 14.431204530084008
9.273825397721177 9.273825397721177 9.273825397721177 9.273825397721177 9.273825397721177 9.273825397721177 9.273825397721177 9.273825397721177 9.273825397721177 9.273825397721177 -9999.0 -9999.0 -9999.0 -9999.0 -9999.0 -9999.0 -9999.0 -9999.0 -9999.0 -9999.0 -9999.0 -9999.0 -9999.0 -9999.0 -9999.0 -9999.0 9.273825397721177 9.273825397721177 9.273825397721177 9.273825397721177 9.273825397721177 9.273825397721177 9.273825397721177 10.931565893530339 11.237368658276173 11.543171423022008 11.848974187767844 12.154776952513679 12.460579717259513 12.766382482005348 13.072185246751705 13.37798801149754 13.683790776243374 13.989593540989208 14.295396305735045
9.273825397721177 9.273825397721177 9.273825397721177 9.273825397721177 9.273825397721177 9.273825397721177 -9999.0 -9999.0 -9999.0 -9999.0 -9999.0 -9999.0 -9999.0 -9999.0 -9999.0 -9999.0 -9999.0 -9999.0 -9999.0 -9999.0 -9999.0 -9999.0 -9999.0 -9999.0 -9999.0 -9999.0 -9999.0 9.273825397721177 9.273825397721177 9.273825397721177 9.273825397721177 9.273825397721177 9.273825397721177 10.79188024122613 11.098035499422442 11.404190757618753 11.710346015815066 12.016501274011377 12.32265653220769 12.628811790404 12.934967048600836 13.241122306797147 13.547277564993458 13.85343282318977 14.159588081386081
9.273825397721177 9.273825397721177 9.273825397721177 9.273825397721177 9.273825397721177 9.273825397721177 -9999.0 -9999.0 -9999.0 -9999.0 -9999.0 -9999.0 -9999.0 -9999.0 -9999.0 -9999.0 -9999.0 -9999.0 -9999.0 -9999.0 -9999.0 -9999.0 -9999.0 -9999.0 -9999.0 -9999.0 -9999.0 9.273825397721177 9.273825397721177 9.273825397721177 9.273825397721177 9.273825397721177 9.273825397721177 9.273825397721177 9.273825397721177 9.273825397721177 9.273825397721177 9.273825397721177 9.273825397721177 9.273825397721177 9.273825397721177 9.273825397721177 9.273825397721177 9.273825397721177 9.273825397721177
9.273825397721177 9.273825397721177 -9999.0 9.273825397721177 -9999.0 -9999.0 -9999.0 -9999.0 -9999.0 -9999.0 -9999.0 -9999.0 -9999.0 -9999.0 -9999.0 -9999.0 -9999.0 -9999.0 -9999.0 -9999.0 -9999.0 -9999.0 -9999.0 -9999.0 -9999.0 -9999.0 -9999.0 -9999.0 -9999.0 9.273825397721177 9.273825397721177 9.273825397721177 9.273825397721177 9.273825397721177 9.273825397721177 9.273825397721177 9.273825397721177 9.273825397721177 9.273825397721177 9.273825397721177 9.273825397721177 9.273825397721177 9.273825397721177 9.273825397721177 9.273825397721177
9.273825397721177 9.273825397721177 -9999.0 -9999.0 -9999.0 -9999.0 -9999.0 -9999.0 -9999.0 -9999.0 -9999.0 -9999.0 -9999.0 -9999.0 -9999.0 -9999.0 -9999.0 -9999.0 -9999.0 -9999.0 -9999.0 -9999.0 -9999.0 -9999.0 -9999.0 -9999.0 -9999.0 -9999.0 -9999.0 9.273825397721177 9.273825397721177 9.273825397721177 9.273825397721177 9.273825397721177 9.273825397721177 9.273825397721177 9.273825397721177 9.273825397721177 9.273825397721177 9.273825397721177 9.273825397721177 9.273825397721177 9.273825397721177 9.273825397721177 9.273825397721177
