Figures/CREST_Example_wjb_NSE/Rolling_result/20100722/BJP_forecast/ens_13/wjb.rain.20100725.asc
ncols            288
nrows            254
xllcorner        113.274861
yllcorner        31.4918055
cellsize         0.008333333333
NODATA_value     -9999
[rows 180 to 199 of 254, columns 44 to 87 of 288]
10.432922172584131 10.432922172584131 10.432922172584131 10.432922172584131 10.432922172584131 10.432922172584131 10.432922172584131 10.432922172584131 10.432922172584131 10.432922172584131 10.432922172584131 10.432922172584131 10.432922172584131 10.432922172584131 10.432922172584131 10.432922172584131 10.432922172584131 10.432922172584131 10.432922172584131 9.495271816479864 9.226162215436403 8.957052614392484 8.687943013349026 8.418833412305565 8.149723811262104 7.880614210218645 7.611504609175185 7.342395008131724 7.073285407088265 6.804175806044805 6.535066205001344 6.298888154741641 6.097914676739392 5.896941198737143 5.695967720734552 5.494994242732303 5.294020764730054 5.0930472867278045 4.892073808725556 4.691100330723307 4.490126852721058 4.2891533747188095 4.088179896716561 3.9882073903480815
10.432922172584131 10.432922172584131 10.432922172584131 10.432922172584131 10.432922172584131 10.432922172584131 10.432922172584131 10.432922172584131 10.432922172584131 10.432922172584131 10.432922172584131 10.432922172584131 10.432922172584131 10.432922172584131 10.432922172584131 10.432922172584131 10.432922172584131 10.432922172584131 10.432922172584131 9.450959861658955 9.197588629524406 8.944217397389423 8.690846165254873 8.437474933120324 8.184103700985775 7.930732468851224 7.677361236716674 7.423990004582125 7.170618772447575 6.917247540313025 6.663876308178475 6.444263556525405 6.260739383670704 6.077215210816004 5.8936910379609895 5.71016686510629 5.526642692251589 5.343118519396889 5.159594346542188 4.9760701736874875 4.792546000832787 4.609021827978086 4.425497655123387 4.3355708405772955
10.432922172584131 10.432922172584131 10.432922172584131 10.432922172584131 10.432922172584131 10.432922172584131 10.432922172584131 10.432922172584131 -9999.0 10.432922172584131 10.432922172584131 10.432922172584131 10.432922172584131 10.432922172584131 10.432922172584131 10.432922172584131 10.432922172584131 10.432922172584131 10.432922172584131 9.06532649213664 8.895872779491311 8.726419066845693 8.556965354200365 8.387511641555037 8.218057928909706 8.048604216264378 7.87915050361905 7.709696790973721 7.540243078328392 7.370789365683063 7.201335653037734 7.034450470450114 6.870311104559856 6.706171738669598 6.54203237277906 6.377893006888802 6.213753640998544 6.0496142751082855 5.885474909218027 5.721335543327769 5.557196177437511 5.393056811547253 5.228917445656995 5.144677048143851
-9999.0 -9999.0 -9999.0 -9999.0 10.432922172584131 10.432922172584131 10.432922172584131 10.432922172584131 -9999.0 -9999.0 10.432922172584131 10.432922172584131 10.432922172584131 10.432922172584131 10.432922172584131 10.432922172584131 10.432922172584131 10.432922172584131 10.432922172584131 8.679693122613996 8.59415692945796 8.508620736301777 8.423084543145741 8.337548349989705 8.252012156833668 8.166475963677634 8.080939770521598 7.995403577365561 7.909867384209525 7.8243311910534885 7.738794997897452 7.624637384375328 7.479882825449529 7.335128266523729 7.190373707597684 7.045619148671884 6.900864589746085 6.7561100308202855 6.611355471894487 6.466600912968687 6.321846354042888 6.1770917951170885 6.03233723619129 5.953783255711098
-9999.0 -9999.0 -9999.0 -9999.0 -9999.0 10.432922172584131 -9999.0 -9999.0 -9999.0 -9999.0 -9999.0 -9999.0 10.432922172584131 10.432922172584131 10.432922172584131 10.432922172584131 10.432922172584131 10.432922172584131 10.432922172584131 8.29405975309168 8.292441079424865 8.290822405758048 8.289203732091233 8.287585058424417 8.285966384757602 8.284347711090787 8.282729037423971 8.281110363757158 8.279491690090342 8.277873016423527 8.276254342756712 8.214824298300039 8.08945454633868 7.9640847943773245 7.838715042415754 7.713345290454397 7.5879755384930405 7.462605786531683 7.337236034570327 7.21186628260897 7.086496530647613 6.961126778686256 6.835757026724899 6.762889463277656
-9999.0 -9999.0 -9999.0 -9999.0 -9999.0 -9999.0 -9999.0 -9999.0 -9999.0 -9999.0 -9999.0 -9999.0 -9999.0 10.432922172584131 10.432922172584131 10.432922172584131 10.432922172584131 10.432922172584131 10.432922172584131 7.908426383569364 7.99072522939177 8.073024075214317 8.155322921036722 8.237621766859128 8.319920612681535 8.402219458503941 8.484518304326347 8.566817150148752 8.649115995971158 8.731414841793566 8.813713687615971 8.805011212224748 8.699026267227834 8.59304132223092 8.487056377233824 8.38107143223691 8.275086487239996 8.16910154224308 8.063116597246166 7.957131652249252 7.8511467072523375 7.745161762255423 7.639176817258509 7.571995670844212
-9999.0 -9999.0 -9999.0 -9999.0 -9999.0 -9999.0 -9999.0 -9999.0 -9999.0 -9999.0 -9999.0 -9999.0 -9999.0 -9999.0 -9999.0 -9999.0 -9999.0 -9999.0 -9999.0 7.522793014047048 7.689009379358676 7.8552257446705855 8.021442109982214 8.18765847529384 8.353874840605467 8.520091205917094 8.686307571228722 8.852523936540349 9.018740301851976 9.184956667163602 9.35117303247523 9.39519812614946 9.308597988116986 9.221997850084515 9.135397712051896 9.048797574019423 8.962197435986951 8.87559729795448 8.788997159922006 8.702397021889535 8.615796883857064 8.52919674582459 8.442596607792119 8.381101878410771
-9999.0 -9999.0 -9999.0 -9999.0 -9999.0 -9999.0 -9999.0 -9999.0 -9999.0 -9999.0 -9999.0 -9999.0 -9999.0 -9999.0 -9999.0 -9999.0 -9999.0 -9999.0 -9999.0 7.137159644524733 7.387293529325581 7.637427414126856 7.887561298927704 8.137695183728553 8.3878290685294 8.637962953330248 8.888096838131098 9.138230722931945 9.388364607732793 9.638498492533643 9.88863237733449 9.985385040074169 9.91816970900614 9.850954377938109 9.783739046869965 9.716523715801936 9.649308384733907 9.582093053665876 9.514877722597847 9.447662391529818 9.380447060461787 9.313231729393758 9.246016398325727 9.190208085977327
-9999.0 -9999.0 -9999.0 -9999.0 -9999.0 -9999.0 -9999.0 -9999.0 -9999.0 -9999.0 -9999.0 -9999.0 -9999.0 -9999.0 -9999.0 -9999.0 -9999.0 10.432922172584131 10.432922172584131 6.751526275002418 7.085577679292487 7.419629083583126 7.753680487873195 8.087731892163264 8.421783296453334 8.755834700743403 9.089886105033472 9.42393750932354 9.75798891361361 10.09204031790368 10.42609172219375 10.57557195399888 10.527741429895292 10.479910905791705 10.432080381688035 10.384249857584448 10.33641933348086 10.288588809377273 10.240758285273687 10.192927761170099 10.145097237066512 10.097266712962924 10.049436188859337 9.999314293543883
-9999.0 -9999.0 -9999.0 -9999.0 -9999.0 -9999.0 -9999.0 -9999.0 -9999.0 -9999.0 -9999.0 -9999.0 -9999.0 -9999.0 -9999.0 -9999.0 10.432922172584131 10.432922172584131 10.432922172584131 6.3658929054797735 6.783861829259135 7.20183075303921 7.619799676818571 8.037768600597934 8.455737524377295 8.873706448156657 9.29167537193602 9.709644295715382 10.127613219494743 10.545582143274105 10.963551067053466 11.165758867924092 11.137313150784964 11.108867433645836 11.08042171650666 11.05197599936753 11.023530282228402 10.995084565089273 10.966638847950145 10.938193130811017 10.909747413671889 10.88130169653276 10.852855979393631 10.80842050111113
-9999.0 -9999.0 -9999.0 -9999.0 -9999.0 -9999.0 -9999.0 -9999.0 -9999.0 -9999.0 -9999.0 -9999.0 -9999.0 -9999.0 -9999.0 10.432922172584131 10.432922172584131 10.432922172584131 10.432922172584131 5.980259535957458 6.482145979226041 6.9840324224954795 7.485918865764063 7.9878053090326455 8.489691752301228 8.991578195569812 9.493464638838395 9.995351082106978 10.49723752537556 10.999123968644144 11.501010411912727 11.755945781848803 11.746884871674117 11.737823961499432 11.72876305132473 11.719702141150044 11.710641230975357 11.701580320800671 11.692519410625986 11.6834585004513 11.674397590276614 11.665336680101928 11.656275769927241 11.617526708677689
-9999.0 -9999.0 -9999.0 -9999.0 -9999.0 -9999.0 -9999.0 -9999.0 -9999.0 -9999.0 -9999.0 -9999.0 -9999.0 -9999.0 -9999.0 10.432922172584131 10.432922172584131 10.432922172584131 10.432922172584131 5.594626166435142 6.180430129192946 6.766234091951749 7.352038054709553 7.937842017467357 8.523645980225162 9.109449942982966 9.69525390574077 10.281057868498573 10.866861831256378 11.45266579401418 12.038469756771985 12.346132695773512 12.35645659256327 12.366780489353026 12.3771043861428 12.387428282932555 12.397752179722312 12.408076076512069 12.418399973301826 12.42872387009158 12.439047766881338 12.449371663671094 12.459695560460851 12.426632916244245
-9999.0 -9999.0 -9999.0 -9999.0 -9999.0 -9999.0 -9999.0 -9999.0 -9999.0 -9999.0 -9999.0 -9999.0 -9999.0 -9999.0 -9999.0 10.432922172584131 10.432922172584131 10.432922172584131 10.432922172584131 5.208992796912826 5.878714279159851 6.548435761408019 7.218157243655044 7.88787872590207 8.557600208149095 9.22732169039612 9.897043172643144 10.566764654890171 11.236486137137195 11.906207619384222 12.575929101631246 12.936319609698225 12.966028313452425 12.995737017206622 13.025445720960871 13.05515442471507 13.08486312846927 13.114571832223469 13.144280535977666 13.173989239731865 13.203697943486064 13.233406647240262 13.263115350994461 13.235739123810802
-9999.0 -9999.0 -9999.0 -9999.0 -9999.0 -9999.0 -9999.0 -9999.0 -9999.0 -9999.0 -9999.0 -9999.0 -9999.0 10.432922172584131 10.432922172584131 10.432922172584131 10.432922172584131 10.432922172584131 10.432922172584131 5.06833573557761 5.750931439299007 6.4335271430215695 7.116122846742968 7.798718550464366 8.481314254185763 9.163909957907162 9.84650566162856 10.529101365349959 11.211697069071356 11.894292772792754 12.576888476514153 12.953121957059189 13.001847295227682 13.050572633396175 13.099297971564752 13.148023309733246 13.196748647901739 13.245473986070232 13.294199324238726 13.34292466240722 13.391650000575714 13.440375338744207 13.4891006769127 13.47192028014441
-9999.0 -9999.0 -9999.0 -9999.0 -9999.0 -9999.0 -9999.0 -9999.0 -9999.0 -9999.0 -9999.0 -9999.0 -9999.0 10.432922172584131 10.432922172584131 10.432922172584131 10.432922172584131 10.432922172584131 10.432922172584131 5.189542906773866 5.809072024269337 6.4286011417658635 7.048130259261335 7.667659376756805 8.287188494252275 8.906717611747746 9.526246729243216 10.145775846738687 10.765304964234158 11.384834081729629 12.0043631992251 12.357012343342003 12.424360762674704 12.491709182007405 12.55905760134022 12.626406020672919 12.69375444000562 12.76110285933832 12.82845127867102 12.89579969800372 12.963148117336422 13.030496536669121 13.097844956001822 13.095680668325212
-9999.0 -9999.0 -9999.0 -9999.0 -9999.0 -9999.0 -9999.0 -9999.0 -9999.0 -9999.0 -9999.0 -9999.0 -9999.0 -9999.0 10.432922172584131 10.432922172584131 10.432922172584131 10.432922172584131 10.432922172584131 5.310750077970072 5.867212609239642 6.423675140510161 6.980137671779731 7.536600203049301 8.09306273431887 8.64952526558844 9.205987796858011 9.762450328127581 10.318912859397152 10.875375390666722 11.431837921936292 11.760902729625073 11.846874230121973 11.932845730618872 12.018817231115918 12.104788731612816 12.190760232109715 12.276731732606615 12.362703233103513 12.448674733600413 12.534646234097313 12.62061773459421 12.70658923509111 12.719441056506174
-9999.0 -9999.0 -9999.0 -9999.0 -9999.0 -9999.0 -9999.0 -9999.0 -9999.0 -9999.0 -9999.0 -9999.0 -9999.0 -9999.0 10.432922172584131 10.432922172584131 10.432922172584131 10.432922172584131 10.432922172584131 5.431957249166277 5.925353194209946 6.418749139254457 6.912145084298127 7.405541029341796 7.8989369743854665 8.392332919429137 8.885728864472807 9.379124809516476 9.872520754560146 10.365916699603815 10.859312644647485 11.164793115908141 11.26938769756924 11.373982279230338 11.478576860891614 11.583171442552713 11.687766024213811 11.79236060587491 11.896955187536008 12.001549769197107 12.106144350858203 12.210738932519302 12.3153335141804 12.34320144468714
-9999.0 -9999.0 -9999.0 -9999.0 -9999.0 -9999.0 -9999.0 -9999.0 -9999.0 -9999.0 -9999.0 -9999.0 -9999.0 -9999.0 10.432922172584131 10.432922172584131 10.432922172584131 10.432922172584131 10.432922172584131 5.553164420362534 5.983493779180276 6.413823137998753 6.844152496816495 7.274481855634237 7.704811214451979 8.135140573269721 8.565469932087463 8.995799290905206 9.426128649722948 9.856458008540692 10.286787367358432 10.568683502190959 10.691901165016263 10.815118827841568 10.938336490667083 11.061554153492388 11.184771816317694 11.307989479142998 11.431207141968303 11.554424804793609 11.677642467618913 11.800860130444217 11.924077793269523 11.966961832867943
-9999.0 -9999.0 -9999.0 -9999.0 -9999.0 -9999.0 -9999.0 -9999.0 -9999.0 -9999.0 -9999.0 -9999.0 -9999.0 -9999.0 10.432922172584131 10.432922172584131 10.432922172584131 10.432922172584131 10.432922172584131 5.674371591558739 6.041634364150581 6.4088971367430485 6.77615990933489 7.143422681926732 7.510685454518574 7.877948227110416 8.245210999702257 8.612473772294098 8.979736544885942 9.346999317477783 9.714262090069624 9.972573888474027 10.11441463246353 10.256255376453034 10.39809612044278 10.539936864432285 10.681777608421788 10.823618352411293 10.965459096400796 11.1072998403903 11.249140584379804 11.390981328369307 11.532822072358812 11.590722221048905
-9999.0 -9999.0 -9999.0 -9999.0 -9999.0 -9999.0 -9999.0 -9999.0 -9999.0 -9999.0 10.432922172584131 10.432922172584131 10.432922172584131 10.432922172584131 10.432922172584131 10.432922172584131 10.432922172584131 10.432922172584131 10.432922172584131 5.795578762754944 6.099774949120885 6.403971135487345 6.708167321853287 7.012363508219228 7.31655969458517 7.62075588095111 7.924952067317053 8.229148253682993 8.533344440048936 8.837540626414876 9.141736812780817 9.376464274757097 9.5369280999108 9.697391925064503 9.857855750218478 10.018319575372182 10.178783400525884 10.339247225679587 10.49971105083329 10.660174875986993 10.820638701140695 10.981102526294398 11.1415663514481 11.214482609229869
