Figures/CREST_Example_wjb_NSE/Rolling_result/20100722/BJP_forecast/ens_13/wjb.rain.20100728.asc
ncols            288
nrows            254
xllcorner        113.274861
yllcorner        31.4918055
cellsize         0.008333333333
NODATA_value     -9999
[rows 100 to 119 of 254, columns 88 to 131 of 288]
0.0 0.0 0.0 0.0 0.0 0.0 0.0 0.0 0.0 0.0 0.0 0.0012596423734073806 0.003865870925356758 0.006472099477306136 0.009078328029255513 0.011684556581204892 0.014290785133158714 0.01689701368510809 0.019503242237057468 0.022109470789006845 0.024715699340956226 0.027321927892905603 0.02992815644485498 0.032658411202983795 0.035521252780090516 0.03838409435719723 0.04124693593430395 0.04410977751141067 0.04697261908851738 0.04983546066562898 0.052698302242735695 0.055561143819842417 0.05842398539694914 0.06128682697405585 0.06414966855116257 0.06298553060344099 0.05751646047438531 0.052047390345329625 0.046578320216273936 0.041109250087218246 0.03564017995816256 0.030171109829106868 0.02470203970004186 0.01923296957098617
0.0 0.0 0.0 0.0 0.0 0.0 0.0 0.0 0.0 0.0 0.0 0.0016212615007784189 0.004975688203712526 0.008330114906646632 0.01168454160958074 0.015038968312514847 0.018393395015454676 0.021747821718388783 0.02510224842132289 0.028456675124256998 0.0318111018271911 0.03516552853012521 0.038519955233059316 0.04203401368339361 0.045718722081409535 0.04940343047942547 0.053088138877441404 0.05677284727545733 0.06045755567347326 0.06414226407149548 0.06782697246951142 0.07151168086752735 0.07519638926554327 0.0788810976635592 0.08256580606157513 0.08106746647243383 0.07402833137148432 0.0669891962705348 0.05995006116958529 0.052910926068635775 0.04587179096768626 0.038832655866736746 0.03179352076577523 0.024754385664825712
0.0 0.0 0.0 0.0 0.0 0.0 0.0 0.0 0.0 0.0 0.0 0.0019828806281494576 0.006085505482068295 0.010188130335987132 0.01429075518990597 0.018393380043824806 0.02249600489775064 0.02659862975166948 0.030701254605588316 0.03480387945950715 0.03890650431342599 0.043009129167344826 0.04711175402126366 0.051409616163803434 0.055916191382728575 0.060422766601653716 0.06492934182057886 0.069435917039504 0.07394249225842914 0.07844906747736197 0.08295564269628711 0.08746221791521225 0.09196879313413739 0.09647536835306253 0.10098194357198767 0.09914940234142665 0.09054020226858331 0.08193100219573997 0.07332180212289663 0.06471260205005329 0.05610340197720995 0.04749420190436661 0.03888500183150859 0.030275801758665247
0.0 0.0 0.0 0.0 0.0 0.0 0.0 0.0 0.0 0.0 0.0 0.002344499755520496 0.007195322760424064 0.01204614576532763 0.016896968770231197 0.021747791775134764 0.026598614780046603 0.03144943778495017 0.03630026078985374 0.04115108379475731 0.046001906799660874 0.05085272980456444 0.05570355280946801 0.06078521864421325 0.0661136606840476 0.07144210272388196 0.07677054476371631 0.08209898680355066 0.08742742884338502 0.09275587088322845 0.0980843129230628 0.10341275496289716 0.10874119700273152 0.11406963904256587 0.11939808108240021 0.11723133821041946 0.1070520731656823 0.09687280812094515 0.08669354307620797 0.07651427803147082 0.06633501298673364 0.05615574794199649 0.04597648289724196 0.035797217852504795
0.0 0.0 0.0 0.0 0.0 0.0 0.0 0.0 0.0 0.0 0.0 0.002706118882891534 0.00830514003877983 0.013904161194668129 0.019503182350556425 0.025102203506444723 0.03070122466234257 0.03630024581823087 0.041899266974119165 0.04749828813000746 0.05309730928589576 0.05869633044178405 0.06429535159767236 0.07016082112462306 0.07631112998536663 0.0824614388461102 0.08861174770685376 0.09476205656759733 0.1009123654283409 0.10706267428909494 0.11321298314983852 0.11936329201058207 0.12551360087132563 0.1316639097320692 0.1378142185928128 0.1353132740794123 0.1235639440627813 0.11181461404615031 0.10006528402951932 0.08831595401288833 0.07656662399625734 0.06481729397962635 0.053067963962975334 0.041318633946344344
0.0 0.0 0.0 0.0 0.0 0.0 0.0 0.0 0.0 0.0 0.0 0.0030677380102628812 0.009414957317136546 0.01576217662401021 0.022109395930883877 0.028456615237757544 0.03480383454464203 0.0411510538515157 0.047498273158389365 0.05384549246526303 0.0601927117721367 0.06653993107901036 0.07288715038588403 0.07953642360504087 0.08650859928669435 0.09348077496834784 0.10045295065000132 0.1074251263316548 0.11439730201330828 0.12136947769497364 0.12834165337662712 0.1353138290582806 0.14228600473993408 0.14925818042158756 0.15623035610324104 0.15339520994842054 0.1400758149598944 0.12675641997136824 0.11343702498284208 0.10011762999431593 0.08679823500578979 0.07347884001726362 0.06015944502871476 0.04684005004018861
0.0 0.0 0.0 0.0 0.0 0.0 0.0 0.0 0.0 0.0 0.0 0.00342935713763392 0.010524774595492316 0.017620192053350713 0.02471560951120911 0.031811026969067506 0.038906444426938004 0.0460018618847964 0.0530972793426548 0.060192696800513194 0.06728811425837158 0.07438353171622998 0.08147894917408838 0.0889120260854507 0.0967060685880134 0.10450011109057608 0.11229415359313877 0.12008819609570145 0.12788223859826414 0.13567628110084012 0.14347032360340284 0.1512643661059655 0.1590584086085282 0.1668524511110909 0.1746464936136536 0.17147714581741336 0.1565876858569934 0.1416982258965734 0.12680876593615342 0.11191930597573345 0.09702984601531346 0.08214038605489349 0.06725092609444812 0.052361466134028145
0.0 0.0 0.0 0.0 0.0 0.0 0.0 0.0 0.0 0.0 0.0 0.003790976265004958 0.011634591873848084 0.019478207482691207 0.027321823091534334 0.03516543870037746 0.04300905430923396 0.05085266991807708 0.05869628552692021 0.06653990113576333 0.07438351674460646 0.08222713235344958 0.09007074796229271 0.09828762856586051 0.1069035378893324 0.11551944721280431 0.12413535653627622 0.1327512658597481 0.14136717518322003 0.1499830845067066 0.15859899383017853 0.16721490315365042 0.17583081247712234 0.18444672180059424 0.19306263112406613 0.1895590816864062 0.1730995567540924 0.1566400318217786 0.1401805068894648 0.12372098195715098 0.10726145702483718 0.09080193209252338 0.0743424071601815 0.057882882227867694
0.0 0.0 0.0 0.0 0.0 0.0 0.0 0.0 0.0 0.0 0.0 0.0041525953923759965 0.012744409152203854 0.02133622291203171 0.029928036671859566 0.03851985043168742 0.04711166419152993 0.055703477951357785 0.06429529171118564 0.0728871054710135 0.08147891923084136 0.09007073299066921 0.09866254675049707 0.10766323104627033 0.11710100719065145 0.12653878333503255 0.13597655947941367 0.1454143356237948 0.1548521117681759 0.1642898879125731 0.17372766405695422 0.18316544020133535 0.19260321634571645 0.20204099249009755 0.21147876863447868 0.20764101755539902 0.18961142765119138 0.17158183774698377 0.1535522478427761 0.1355226579385685 0.11749306803436087 0.09946347813015323 0.08143388822591485 0.06340429832170724
0.0 0.0 0.0 0.0 0.0 0.0 0.0 0.0 0.0 0.0 0.0 0.004825855738493966 0.014810660377313548 0.02479546501613313 0.03478026965495271 0.04476507429377229 0.0547498789326089 0.06473468357142849 0.07471948821024807 0.08470429284906765 0.09468909748788723 0.10467390212670681 0.11465870676552639 0.12403868146589285 0.1327720792851921 0.14150547710449135 0.15023887492379062 0.1589722727430899 0.16770567056238914 0.17643906838170328 0.18517246620100253 0.1939058640203018 0.20263926183960107 0.2113726596589003 0.22010605747819956 0.21557154798648326 0.19685334552836567 0.17813514307024808 0.15941694061213046 0.14069873815401288 0.12198053569589527 0.10326233323777767 0.08454413077962816 0.06582592832151057
0.0 0.0 0.0 0.0 0.0 0.0 0.0 0.0 0.0 0.0 0.0 0.005832240900142552 0.01789927919346502 0.02996631748678748 0.04203335578010995 0.054100394073432416 0.06616743236677546 0.07823447066009792 0.09030150895342039 0.10236854724674285 0.11443558554006532 0.12650262383338778 0.13856966212671024 0.14789652802960876 0.15429408768434438 0.16069164733908003 0.16708920699381563 0.17348676664855128 0.17988432630328688 0.18628188595803344 0.19267944561276906 0.1990770052675047 0.2054745649222403 0.21187212457697593 0.21826968423171156 0.2126508659961905 0.19418626804813333 0.17572167010007614 0.15725707215201895 0.1387924742039618 0.1203278762559046 0.10186327830784742 0.08339868035975875 0.06493408241170157
0.0 0.0 0.0 0.0 0.0 0.0 0.0 0.0 0.0 0.0 0.0 0.006838626061791995 0.020987898009619116 0.035137169957446236 0.04928644190527336 0.06343571385310048 0.07758498580095173 0.09173425774877884 0.10588352969660597 0.12003280164443308 0.13418207359226023 0.14833134554008734 0.16248061748791445 0.171754374593345 0.17581609608351498 0.17987781757368498 0.183939539063855 0.188001260554025 0.192062982044195 0.19612470353437195 0.20018642502454195 0.20424814651471196 0.20830986800488194 0.21237158949505197 0.21643331098522195 0.20973018400589524 0.1915191905678987 0.17330819712990217 0.1550972036919056 0.13688621025390907 0.11867521681591252 0.10046422337791597 0.08225322993988837 0.06404223650189181
0.0 0.0 0.0 0.0 0.0 0.0 0.0 0.0 0.0 0.0 0.0 0.007845011223440581 0.024076516825770583 0.04030802242810058 0.05653952803043059 0.07277103363276059 0.08900253923511828 0.10523404483744828 0.12146555043977827 0.13769705604210827 0.15392856164443827 0.17016006724676827 0.1863915728490983 0.19561222115706087 0.19733810448266725 0.19906398780827364 0.20078987113388 0.20251575445948639 0.20424163778509274 0.20596752111070207 0.20769340443630846 0.20941928776191482 0.2111451710875212 0.21287105441312756 0.21459693773873395 0.2068095020156025 0.18885211308766636 0.17089472415973023 0.1529373352317941 0.13497994630385796 0.11702255737592185 0.09906516844798571 0.08110777952001896 0.06315039059208283
0.0 0.0 0.0 0.0 0.0 0.0 0.0 0.0 0.0 0.0 0.0 0.008851396385089166 0.02716513564192205 0.045478874898754934 0.06379261415558782 0.0821063534124207 0.10042009266928481 0.1187338319261177 0.13704757118295058 0.15536131043978346 0.17367504969661635 0.19198878895344923 0.2103025282102821 0.21947006772077676 0.21886011288181953 0.21825015804286227 0.217640203203905 0.21703024836494775 0.21642029352599051 0.2158103386870322 0.21520038384807497 0.2145904290091177 0.21398047417016045 0.21337051933120318 0.21276056449224595 0.20388882002530975 0.18618503560743405 0.1684812511895583 0.1507774667716826 0.1330736823538069 0.11536989793593116 0.09766611351805546 0.07996232910014955 0.06225854468227382
0.0 0.0 0.0 0.0 0.0 0.0 0.0 0.0 0.0 0.0 0.0 0.009857781546737752 0.030253754458073517 0.05064972736940928 0.07104570028074504 0.09144167319208081 0.11183764610345136 0.1322336190147871 0.15262959192612288 0.17302556483745865 0.19342153774879442 0.2138175106601302 0.23421348357146593 0.24332791428449266 0.24038212128097178 0.2374363282774509 0.23449053527393002 0.23154474227040914 0.22859894926688826 0.22565315626336235 0.22270736325984147 0.2197615702563206 0.21681577725279969 0.2138699842492788 0.21092419124575792 0.200968138035017 0.1835179581272017 0.1660677782193864 0.1486175983115711 0.1311674184037558 0.1137172384959405 0.09626705858812519 0.07881687868028014 0.06136669877246484
0.0 0.0 0.0 0.0 0.0 0.0 0.0 0.0 0.0 0.0 0.0 0.010864166708386337 0.033342373274224985 0.05582057984006363 0.07829878640590228 0.10077699297174092 0.1232551995376179 0.14573340610345653 0.16821161266929519 0.19068981923513384 0.2131680258009725 0.23564623236681112 0.25812443893264975 0.26718576084820855 0.26190412968012405 0.25662249851203955 0.251340867343955 0.2460592361758705 0.240777605007786 0.23549597383969248 0.23021434267160795 0.22493271150352345 0.21965108033543895 0.21436944916735443 0.20908781799926993 0.19804745604472426 0.18085088064696936 0.16365430524921448 0.1464577298514596 0.12926115445370473 0.11206457905594984 0.09486800365819496 0.07767142826041076 0.06047485286265586
0.0 0.0 0.0 0.0 0.0 0.0 0.0 0.0 0.0 0.0 0.0 0.011870551870034923 0.03643099209037645 0.06099143231071798 0.0855518725310595 0.11011231275140103 0.13467275297178444 0.15923319319212598 0.1837936334124675 0.20835407363280903 0.23291451385315054 0.2574749540734921 0.2820353942938336 0.2910436074119245 0.2834261380792763 0.2758086687466282 0.26819119941398006 0.2605737300813319 0.25295626074868377 0.2453387914160226 0.23772132208337446 0.2301038527507263 0.2224863834180782 0.21486891408543002 0.2072514447527819 0.19512677405443146 0.17818380316673701 0.16124083227904254 0.14429786139134806 0.12735489050365362 0.11041191961595914 0.09346894872826468 0.07652597784054133 0.05958300695284685
0.0 0.0 0.0 0.0 0.0 0.0 0.0 0.0 0.0 0.0 0.0 0.012876937031683506 0.03951961090652791 0.06616228478137232 0.09280495865621673 0.11944763253106112 0.14609030640595097 0.17273298028079537 0.19937565415563976 0.2260183280304842 0.2526610019053286 0.279303675780173 0.3059463496550174 0.31490145397564034 0.30494814647842855 0.2949948389812168 0.285041531484005 0.2750882239867932 0.2651349164895815 0.25518160899235276 0.24522830149514097 0.2352749939979292 0.22532168650071743 0.21536837900350564 0.2054150715062939 0.19220609206413872 0.17551672568650467 0.15882735930887062 0.14213799293123658 0.12544862655360253 0.10875926017596849 0.09206989379833444 0.07538052742067193 0.0586911610430379
0.0 0.0 0.0 0.0 0.0 0.0 0.0 0.0 0.0 0.0 0.0 0.01388332219333295 0.04260822972268201 0.07133313725203108 0.10005804478138014 0.1287829523107292 0.15750785984012725 0.1862327673694763 0.21495767489882536 0.24368258242817442 0.2724074899575235 0.30113239748687254 0.3298573050162216 0.33875930053937653 0.3264701548775992 0.31418100921582176 0.3018918635540444 0.289602717892267 0.2773135722304896 0.26502442656869124 0.2527352809069139 0.24044613524513647 0.2281569895833591 0.2158678439215817 0.20357869825980432 0.1892854100738435 0.17284964820627008 0.15641388633869666 0.13997812447112323 0.12354236260354982 0.10710660073597641 0.09067083886840299 0.07423507700080155 0.05779931513322814
0.0 0.0 0.0 0.0 0.0 0.0 0.0 0.0 0.0 0.0 0.0 0.014889707354981536 0.045696848538833476 0.07650398972268542 0.10731113090653736 0.13811827209038932 0.16892541327429378 0.19973255445814572 0.23053969564199767 0.26134683682584964 0.29215397800970155 0.3229611191935535 0.35376826037740544 0.36261714710309245 0.3479921632767514 0.33336717945041044 0.3187421956240694 0.3041172117977284 0.28949222797138735 0.2748672441450214 0.26024226031868036 0.24561727649233933 0.23099229266599833 0.2163673088396573 0.20174232501331626 0.18636472808355073 0.1701825707260377 0.1540004133685247 0.13781825601101172 0.12163609865349871 0.10545394129598572 0.08927178393847272 0.07308962658093213 0.05690746922341913
