Figures/CREST_Example_wjb_NSE/Rolling_result/20100722/BJP_forecast/ens_13/wjb.rain.20090926.asc
ncols            288
nrows            254
xllcorner        113.274861
yllcorner        31.4918055
cellsize         0.008333333333
NODATA_value     -9999
[rows 38 to 56 of 254, columns 0 to 43 of 288]
-9999.0 -9999.0 -9999.0 -9999.0 -9999.0 -9999.0 -9999.0 -9999.0 -9999.0 -9999.0 -9999.0 -9999.0 -9999.0 1.1945767192127366 1.23776033122734 1.2643242178753118 1.2731212425620904 1.2819182672488691 1.2907152919356477 1.2995123166224265 1.3083093413092053 1.3171063659959839 1.3259033906827626 1.3347004153695414 1.34349744005632 1.3522944647430988 1.3610914894298924 1.3656367361545563 1.3656367361545563 1.3656367361545563 1.3656367361545563 1.3656367361545563 1.3656367361545563 1.3656367361545563 1.3656367361545563 1.3656367361545563 1.3656367361545563 1.3656367361545563 1.3656367361545563 1.3386114347772058 1.2826954754448328 1.2267795161124595 1.1708635567800865 1.1149475974477134
-9999.0 -9999.0 -9999.0 -9999.0 -9999.0 -9999.0 -9999.0 -9999.0 -9999.0 -9999.0 -9999.0 -9999.0 -9999.0 1.1945767192127366 1.23776033122734 1.2643242178753118 1.2731212425620904 1.2819182672488691 1.2907152919356477 1.2995123166224265 1.3083093413092053 1.3171063659959839 1.3259033906827626 1.3347004153695414 1.34349744005632 1.3522944647430988 1.3610914894298924 1.3656367361545563 1.3656367361545563 1.3656367361545563 1.3656367361545563 1.3656367361545563 1.3656367361545563 1.3656367361545563 1.3656367361545563 1.3656367361545563 1.3656367361545563 1.3656367361545563 1.3656367361545563 1.3386114347772058 1.2826954754448328 1.2267795161124595 1.1708635567800865 1.1149475974477134
-9999.0 -9999.0 -9999.0 -9999.0 -9999.0 -9999.0 -9999.0 -9999.0 -9999.0 -9999.0 -9999.0 -9999.0 -9999.0 -9999.0 1.23776033122734 1.2643242178753118 1.2731212425620904 1.2819182672488691 1.2907152919356477 1.2995123166224265 1.3083093413092053 1.3171063659959839 1.3259033906827626 1.3347004153695414 1.34349744005632 1.3522944647430988 1.3610914894298924 1.3656367361545563 1.3656367361545563 1.3656367361545563 1.3656367361545563 1.3656367361545563 1.3656367361545563 1.3656367361545563 1.3656367361545563 1.3656367361545563 1.3656367361545563 1.3656367361545563 1.3656367361545563 1.3386114347772058 1.2826954754448328 1.2267795161124595 1.1708635567800865 1.1149475974477134
-9999.0 -9999.0 -9999.0 -9999.0 -9999.0 -9999.0 -9999.0 -9999.0 -9999.0 -9999.0 -9999.0 -9999.0 -9999.0 -9999.0 -9999.0 1.2643242178753118 1.2731212425620904 1.2819182672488691 1.2907152919356477 1.2995123166224265 1.3083093413092053 1.3171063659959839 1.3259033906827626 1.3347004153695414 1.34349744005632 1.3522944647430988 1.3610914894298924 1.3656367361545563 1.3656367361545563 1.3656367361545563 1.3656367361545563 1.3656367361545563 1.3656367361545563 1.3656367361545563 1.3656367361545563 1.3656367361545563 1.3656367361545563 1.3656367361545563 1.3656367361545563 1.3386114347772058 1.2826954754448328 1.2267795161124595 1.1708635567800865 1.1149475974477134
-9999.0 -9999.0 -9999.0 -9999.0 -9999.0 -9999.0 -9999.0 -9999.0 -9999.0 -9999.0 -9999.0 -9999.0 -9999.0 -9999.0 -9999.0 1.2643242178753118 1.2731212425620904 1.2819182672488691 1.2907152919356477 1.2995123166224265 1.3083093413092053 1.3171063659959839 1.3259033906827626 1.3347004153695414 1.34349744005632 1.3522944647430988 1.3610914894298924 1.3656367361545563 1.3656367361545563 1.3656367361545563 1.3656367361545563 1.3656367361545563 1.3656367361545563 1.3656367361545563 1.3656367361545563 1.3656367361545563 1.3656367361545563 1.3656367361545563 1.3656367361545563 1.3386114347772058 1.2826954754448328 1.2267795161124595 1.1708635567800865 1.1149475974477134
-9999.0 -9999.0 -9999.0 -9999.0 -9999.0 -9999.0 -9999.0 -9999.0 -9999.0 -9999.0 -9999.0 -9999.0 -9999.0 -9999.0 -9999.0 -9999.0 1.2731212425620904 1.2819182672488691 1.2907152919356477 1.2995123166224265 1.3083093413092053 1.3171063659959839 1.3259033906827626 1.3347004153695414 1.34349744005632 1.3522944647430988 1.3610914894298924 1.3656367361545563 1.3656367361545563 1.3656367361545563 1.3656367361545563 1.3656367361545563 1.3656367361545563 1.3656367361545563 1.3656367361545563 1.3656367361545563 1.3656367361545563 1.3656367361545563 1.3656367361545563 1.3386114347772058 1.2826954754448328 1.2267795161124595 1.1708635567800865 1.1149475974477134
-9999.0 -9999.0 -9999.0 -9999.0 -9999.0 -9999.0 -9999.0 -9999.0 -9999.0 -9999.0 -9999.0 -9999.0 -9999.0 -9999.0 -9999.0 -9999.0 -9999.0 1.2819182672488691 1.2907152919356477 1.2995123166224265 1.3083093413092053 1.3171063659959839 1.3259033906827626 1.3347004153695414 1.34349744005632 1.3522944647430988 1.3610914894298924 1.3656367361545563 1.3656367361545563 1.3656367361545563 1.3656367361545563 1.3656367361545563 1.3656367361545563 1.3656367361545563 1.3656367361545563 1.3656367361545563 1.3656367361545563 1.3656367361545563 1.3656367361545563 1.3386114347772058 1.2826954754448328 1.2267795161124595 1.1708635567800865 1.1149475974477134
-9999.0 -9999.0 -9999.0 -9999.0 -9999.0 -9999.0 -9999.0 -9999.0 -9999.0 -9999.0 -9999.0 -9999.0 -9999.0 -9999.0 -9999.0 -9999.0 -9999.0 1.2819182672488691 1.2907152919356477 1.2995123166224265 1.3083093413092053 1.3171063659959839 1.3259033906827626 1.3347004153695414 1.34349744005632 1.3522944647430988 1.3610914894298924 1.3656367361545563 1.3656367361545563 1.3656367361545563 1.3656367361545563 1.3656367361545563 1.3656367361545563 1.3656367361545563 1.3656367361545563 1.3656367361545563 1.3656367361545563 1.3656367361545563 1.3656367361545563 1.3386114347772058 1.2826954754448328 1.2267795161124595 1.1708635567800865 1.1149475974477134
-9999.0 -9999.0 -9999.0 -9999.0 -9999.0 -9999.0 -9999.0 -9999.0 -9999.0 -9999.0 -9999.0 -9999.0 -9999.0 -9999.0 -9999.0 -9999.0 -9999.0 -9999.0 1.2907152919356477 1.2995123166224265 1.3083093413092053 1.3171063659959839 1.3259033906827626 1.3347004153695414 1.34349744005632 1.3522944647430988 1.3610914894298924 1.3656367361545563 1.3656367361545563 1.3656367361545563 1.3656367361545563 1.3656367361545563 1.3656367361545563 1.3656367361545563 1.3656367361545563 1.3656367361545563 1.3656367361545563 1.3656367361545563 1.3656367361545563 1.3386114347772058 1.2826954754448328 1.2267795161124595 1.1708635567800865 1.1149475974477134
-9999.0 -9999.0 -9999.0 -9999.0 -9999.0 -9999.0 -9999.0 -9999.0 -9999.0 -9999.0 -9999.0 -9999.0 -9999.0 -9999.0 -9999.0 -9999.0 -9999.0 -9999.0 1.2907152919356477 1.2995123166224265 1.3083093413092053 1.3171063659959839 1.3259033906827626 1.3347004153695414 1.34349744005632 1.3522944647430988 1.3610914894298924 1.3656367361545563 1.3656367361545563 1.3656367361545563 1.3656367361545563 1.3656367361545563 1.3656367361545563 1.3656367361545563 1.3656367361545563 1.3656367361545563 1.3656367361545563 1.3656367361545563 1.3656367361545563 1.3386114347772058 1.2826954754448328 1.2267795161124595 1.1708635567800865 1.1149475974477134
-9999.0 -9999.0 -9999.0 -9999.0 -9999.0 -9999.0 -9999.0 -9999.0 -9999.0 -9999.0 -9999.0 -9999.0 -9999.0 -9999.0 -9999.0 -9999.0 -9999.0 -9999.0 -9999.0 1.2995123166224265 1.3083093413092053 1.3171063659959839 1.3259033906827626 1.3347004153695414 1.34349744005632 1.3522944647430988 1.3610914894298924 1.3656367361545563 1.3656367361545563 1.3656367361545563 1.3656367361545563 1.3656367361545563 1.3656367361545563 1.3656367361545563 1.3656367361545563 1.3656367361545563 1.3656367361545563 1.3656367361545563 1.3656367361545563 1.3386114347772058 1.2826954754448328 1.2267795161124595 1.1708635567800865 1.1149475974477134
-9999.0 -9999.0 -9999.0 -9999.0 -9999.0 -9999.0 -9999.0 -9999.0 -9999.0 -9999.0 -9999.0 -9999.0 -9999.0 -9999.0 -9999.0 -9999.0 -9999.0 -9999.0 -9999.0 1.2874599630890406 1.296212423462727 1.3049648838364132 1.3137173442100996 1.322469804583786 1.331222264957472 1.3399747253311585 1.3487271857048597 1.3532494069401868 1.3532494069401868 1.3532494069401868 1.3532494069401868 1.3532494069401868 1.3532494069401868 1.3532494069401868 1.3532494069401868 1.3532494069401868 1.3532494069401868 1.3532494069401868 1.3532494069401868 1.3263258722417783 1.270620470468104 1.2149150686944297 1.1592096669207552 1.1035042651470808
-9999.0 -9999.0 -9999.0 -9999.0 -9999.0 -9999.0 -9999.0 -9999.0 -9999.0 -9999.0 -9999.0 -9999.0 -9999.0 -9999.0 -9999.0 -9999.0 -9999.0 -9999.0 -9999.0 -9999.0 -9999.0 -9999.0 -9999.0 1.2971654420682255 1.3058257016881227 1.31448596130802 1.3231462209279319 1.3276208038776918 1.3276208038776918 1.3276208038776918 1.3276208038776918 1.3276208038776918 1.3276208038776918 1.3276208038776918 1.3276208038776918 1.3276208038776918 1.3276208038776918 1.3276208038776918 1.3276208038776918 1.3009078180211247 1.2456380465597081 1.1903682750982918 1.1350985036368755 1.079828732175459
-9999.0 -9999.0 -9999.0 -9999.0 -9999.0 -9999.0 -9999.0 -9999.0 -9999.0 -9999.0 -9999.0 -9999.0 -9999.0 -9999.0 -9999.0 -9999.0 -9999.0 -9999.0 -9999.0 -9999.0 -9999.0 -9999.0 -9999.0 1.271861079552665 1.2804291384187734 1.2889971972848815 1.2975652561510045 1.301992200815197 1.301992200815197 1.301992200815197 1.301992200815197 1.301992200815197 1.301992200815197 1.301992200815197 1.301992200815197 1.301992200815197 1.301992200815197 1.301992200815197 1.301992200815197 1.2754897638004712 1.2206556226513128 1.1658214815021541 1.1109873403529957 1.0561531992038373
-9999.0 -9999.0 -9999.0 -9999.0 -9999.0 -9999.0 -9999.0 -9999.0 -9999.0 -9999.0 -9999.0 -9999.0 -9999.0 -9999.0 -9999.0 -9999.0 -9999.0 -9999.0 -9999.0 -9999.0 -9999.0 -9999.0 -9999.0 -9999.0 -9999.0 1.263508433261743 1.2719842913740766 1.276363597752702 1.276363597752702 1.276363597752702 1.276363597752702 1.276363597752702 1.276363597752702 1.276363597752702 1.276363597752702 1.276363597752702 1.276363597752702 1.276363597752702 1.276363597752702 1.2500717095798175 1.195673198742917 1.1412746879060165 1.086876177069116 1.0324776662322153
-9999.0 -9999.0 -9999.0 -9999.0 -9999.0 -9999.0 -9999.0 -9999.0 -9999.0 -9999.0 -9999.0 -9999.0 -9999.0 -9999.0 -9999.0 -9999.0 -9999.0 -9999.0 -9999.0 -9999.0 -9999.0 -9999.0 -9999.0 -9999.0 -9999.0 1.238019669238583 1.2464033265971275 1.2507349946901853 1.2507349946901853 1.2507349946901853 1.2507349946901853 1.2507349946901853 1.2507349946901853 1.2507349946901853 1.2507349946901853 1.2507349946901853 1.2507349946901853 1.2507349946901853 1.2507349946901853 1.2246536553591425 1.1706907748345001 1.116727894309858 1.0627650137852156 1.0088021332605734
-9999.0 -9999.0 -9999.0 -9999.0 -9999.0 -9999.0 -9999.0 -9999.0 -9999.0 -9999.0 -9999.0 -9999.0 -9999.0 -9999.0 -9999.0 -9999.0 -9999.0 -9999.0 -9999.0 -9999.0 -9999.0 -9999.0 -9999.0 -9999.0 -9999.0 1.2125309052154445 1.2208223618201997 1.2251063916276903 1.2251063916276903 1.2251063916276903 1.2251063916276903 1.2251063916276903 1.2251063916276903 1.2251063916276903 1.2251063916276903 1.2251063916276903 1.2251063916276903 1.2251063916276903 1.2251063916276903 1.1992356011384888 1.1457083509261046 1.09218110071372 1.0386538505013359 0.9851266002889516
-9999.0 -9999.0 -9999.0 -9999.0 -9999.0 -9999.0 -9999.0 -9999.0 -9999.0 -9999.0 -9999.0 -9999.0 -9999.0 -9999.0 -9999.0 -9999.0 -9999.0 -9999.0 -9999.0 -9999.0 1.146045861937546 1.154245117788498 1.16244437363945 1.1706436294904021 1.1788428853413542 1.1870421411923062 1.195241397043272 1.1994777885651955 1.1994777885651955 1.1994777885651955 1.1994777885651955 1.1994777885651955 1.1994777885651955 1.1994777885651955 1.1994777885651955 1.1994777885651955 1.1994777885651955 1.1994777885651955 1.1994777885651955 1.1738175469178354 1.120725927017709 1.0676343071175827 1.014542687217456 0.9614510673173298
-9999.0 -9999.0 -9999.0 -9999.0 -9999.0 -9999.0 -9999.0 -9999.0 -9999.0 -9999.0 -9999.0 -9999.0 -9999.0 -9999.0 -9999.0 -9999.0 -9999.0 -9999.0 -9999.0 1.1129110465861898 1.1210181016833527 1.1291251567805158 1.1372322118776788 1.1453392669748417 1.1534463220720048 1.1615533771691677 1.1696604322663446 1.1738491855027007 1.1738491855027007 1.1738491855027007 1.1738491855027007 1.1738491855027007 1.1738491855027007 1.1738491855027007 1.1738491855027007 1.1738491855027007 1.1738491855027007 1.1738491855027007 1.1738491855027007 1.148399492697182 1.0957435031093135 1.043087513521445 0.9904315239335765 0.937775534345708
