Figures/CREST_Example_wjb_NSE/Rolling_result/20100722/BJP_forecast/ens_13/wjb.rain.20100414.asc
ncols            288
nrows            254
xllcorner        113.274861
yllcorner        31.4918055
cellsize         0.008333333333
NODATA_value     -9999
[rows 40 to 59 of 254, columns 88 to 131 of 288]
3.327985852956772 3.327985852956772 3.327985852956772 3.327985852956772 3.327985852956772 3.327985852956772 3.327985852956772 3.327985852956772 3.327985852956772 3.327985852956772 3.327985852956772 3.3429609589870597 3.3739447919610424 3.4049286249350246 3.4359124579090072 3.46689629088299 3.4978801238570254 3.5288639568310076 3.5598477898049903 3.590831622778973 3.6218154557529556 3.6527992887269383 3.6837831217009205 3.6997918486595154 3.6997918486595154 3.6997918486595154 3.6997918486595154 3.6997918486595154 3.6997918486595154 3.6997918486595154 3.6997918486595154 3.6997918486595154 3.6997918486595154 3.6997918486595154 3.6997918486595154 3.722602292447864 3.769797616499333 3.816992940550802 3.8641882646022707 3.91138358865374 3.9585789127052085 4.005774236756678 4.0529695608082275 4.100164884859696
3.327985852956772 3.327985852956772 3.327985852956772 3.327985852956772 3.327985852956772 3.327985852956772 3.327985852956772 3.327985852956772 3.327985852956772 3.327985852956772 3.327985852956772 3.3429609589870597 3.3739447919610424 3.4049286249350246 3.4359124579090072 3.46689629088299 3.4978801238570254 3.5288639568310076 3.5598477898049903 3.590831622778973 3.6218154557529556 3.6527992887269383 3.6837831217009205 3.6997918486595154 3.6997918486595154 3.6997918486595154 3.6997918486595154 3.6997918486595154 3.6997918486595154 3.6997918486595154 3.6997918486595154 3.6997918486595154 3.6997918486595154 3.6997918486595154 3.6997918486595154 3.722602292447864 3.769797616499333 3.816992940550802 3.8641882646022707 3.91138358865374 3.9585789127052085 4.005774236756678 4.0529695608082275 4.100164884859696
3.327985852956772 3.327985852956772 3.327985852956772 3.327985852956772 3.327985852956772 3.327985852956772 3.327985852956772 3.327985852956772 3.327985852956772 3.327985852956772 3.327985852956772 3.3429609589870597 3.3739447919610424 3.4049286249350246 3.4359124579090072 3.46689629088299 3.4978801238570254 3.5288639568310076 3.5598477898049903 3.590831622778973 3.6218154557529556 3.6527992887269383 3.6837831217009205 3.6997918486595154 3.6997918486595154 3.6997918486595154 3.6997918486595154 3.6997918486595154 3.6997918486595154 3.6997918486595154 3.6997918486595154 3.6997918486595154 3.6997918486595154 3.6997918486595154 3.6997918486595154 3.722602292447864 3.769797616499333 3.816992940550802 3.8641882646022707 3.91138358865374 3.9585789127052085 4.005774236756678 4.0529695608082275 4.100164884859696
3.327985852956772 3.327985852956772 3.327985852956772 3.327985852956772 3.327985852956772 3.327985852956772 3.327985852956772 3.327985852956772 3.327985852956772 3.327985852956772 3.327985852956772 3.3429609589870597 3.3739447919610424 3.4049286249350246 3.4359124579090072 3.46689629088299 3.4978801238570254 3.5288639568310076 3.5598477898049903 3.590831622778973 3.6218154557529556 3.6527992887269383 3.6837831217009205 3.6997918486595154 3.6997918486595154 3.6997918486595154 3.6997918486595154 3.6997918486595154 3.6997918486595154 3.6997918486595154 3.6997918486595154 3.6997918486595154 3.6997918486595154 3.6997918486595154 3.6997918486595154 3.722602292447864 3.769797616499333 3.816992940550802 3.8641882646022707 3.91138358865374 3.9585789127052085 4.005774236756678 4.0529695608082275 4.100164884859696
3.327985852956772 3.327985852956772 3.327985852956772 3.327985852956772 3.327985852956772 3.327985852956772 3.327985852956772 3.327985852956772 3.327985852956772 3.327985852956772 3.327985852956772 3.3429609589870597 3.3739447919610424 3.4049286249350246 3.4359124579090072 3.46689629088299 3.4978801238570254 3.5288639568310076 3.5598477898049903 3.590831622778973 3.6218154557529556 3.6527992887269383 3.6837831217009205 3.6997918486595154 3.6997918486595154 3.6997918486595154 3.6997918486595154 3.6997918486595154 3.6997918486595154 3.6997918486595154 3.6997918486595154 3.6997918486595154 3.6997918486595154 3.6997918486595154 3.6997918486595154 3.722602292447864 3.769797616499333 3.816992940550802 3.8641882646022707 3.91138358865374 3.9585789127052085 4.005774236756678 4.0529695608082275 4.100164884859696
3.327985852956772 3.327985852956772 3.327985852956772 3.327985852956772 3.327985852956772 3.327985852956772 3.327985852956772 3.327985852956772 3.327985852956772 3.327985852956772 3.327985852956772 3.3429609589870597 3.3739447919610424 3.4049286249350246 3.4359124579090072 3.46689629088299 3.4978801238570254 3.5288639568310076 3.5598477898049903 3.590831622778973 3.6218154557529556 3.6527992887269383 3.6837831217009205 3.6997918486595154 3.6997918486595154 3.6997918486595154 3.6997918486595154 3.6997918486595154 3.6997918486595154 3.6997918486595154 3.6997918486595154 3.6997918486595154 3.6997918486595154 3.6997918486595154 3.6997918486595154 3.722602292447864 3.769797616499333 3.816992940550802 3.8641882646022707 3.91138358865374 3.9585789127052085 4.005774236756678 4.0529695608082275 4.100164884859696
3.327985852956772 3.327985852956772 3.327985852956772 3.327985852956772 3.327985852956772 3.327985852956772 3.327985852956772 3.327985852956772 3.327985852956772 3.327985852956772 3.327985852956772 3.3429609589870597 3.3739447919610424 3.4049286249350246 3.4359124579090072 3.46689629088299 3.4978801238570254 3.5288639568310076 3.5598477898049903 3.590831622778973 3.6218154557529556 3.6527992887269383 3.6837831217009205 3.6997918486595154 3.6997918486595154 3.6997918486595154 3.6997918486595154 3.6997918486595154 3.6997918486595154 3.6997918486595154 3.6997918486595154 3.6997918486595154 3.6997918486595154 3.6997918486595154 3.6997918486595154 3.722602292447864 3.769797616499333 3.816992940550802 3.8641882646022707 3.91138358865374 3.9585789127052085 4.005774236756678 4.0529695608082275 4.100164884859696
3.327985852956772 3.327985852956772 3.327985852956772 3.327985852956772 3.327985852956772 3.327985852956772 3.327985852956772 3.327985852956772 3.327985852956772 3.327985852956772 3.327985852956772 3.3429609589870597 3.3739447919610424 3.4049286249350246 3.4359124579090072 3.46689629088299 3.4978801238570254 3.5288639568310076 3.5598477898049903 3.590831622778973 3.6218154557529556 3.6527992887269383 3.6837831217009205 3.6997918486595154 3.6997918486595154 3.6997918486595154 3.6997918486595154 3.6997918486595154 3.6997918486595154 3.6997918486595154 3.6997918486595154 3.6997918486595154 3.6997918486595154 3.6997918486595154 3.6997918486595154 3.722602292447864 3.769797616499333 3.816992940550802 3.8641882646022707 3.91138358865374 3.9585789127052085 4.005774236756678 4.0529695608082275 4.100164884859696
3.327985852956772 3.327985852956772 3.327985852956772 3.327985852956772 3.327985852956772 3.327985852956772 3.327985852956772 3.327985852956772 3.327985852956772 3.327985852956772 3.327985852956772 3.3429609589870597 3.3739447919610424 3.4049286249350246 3.4359124579090072 3.46689629088299 3.4978801238570254 3.5288639568310076 3.5598477898049903 3.590831622778973 3.6218154557529556 3.6527992887269383 3.6837831217009205 3.6997918486595154 3.6997918486595154 3.6997918486595154 3.6997918486595154 3.6997918486595154 3.6997918486595154 3.6997918486595154 3.6997918486595154 3.6997918486595154 3.6997918486595154 3.6997918486595154 3.6997918486595154 3.722602292447864 3.769797616499333 3.816992940550802 3.8641882646022707 3.91138358865374 3.9585789127052085 4.005774236756678 4.0529695608082275 4.100164884859696
3.350687025255385 3.350687025255385 3.350687025255385 3.350687025255385 3.350687025255385 3.350687025255385 3.350687025255385 3.350687025255385 3.350687025255385 3.350687025255385 3.350687025255385 3.3656129113026 3.396494907018708 3.427376902734815 3.458258898450923 3.4891408941670305 3.520022889883191 3.5509048855992984 3.581786881315406 3.612668877031514 3.6435508727476216 3.6744328684637293 3.7053148641798366 3.7212709738635805 3.7212709738635805 3.7212709738635805 3.7212709738635805 3.7212709738635805 3.7212709738635805 3.7212709738635805 3.7212709738635805 3.7212709738635805 3.7212709738635805 3.7212709738635805 3.7212709738635805 3.7413406299769285 3.7828652023464864 3.824389774716044 3.865914347085601 3.907438919455159 3.9489634918247165 3.990488064194274 4.032012636563903 4.07353720893346
3.397654319320644 3.397654319320644 3.397654319320644 3.397654319320644 3.397654319320644 3.397654319320644 3.397654319320644 3.397654319320644 3.397654319320644 3.397654319320644 3.397654319320644 3.412478372326443 3.4431496731773477 3.473820974028252 3.5044922748791567 3.5351635757300612 3.5658348765810177 3.5965061774319222 3.6271774782828268 3.6578487791337313 3.688520079984636 3.7191913808355404 3.749862681686445 3.7657099295462997 3.7657099295462997 3.7657099295462997 3.7657099295462997 3.7657099295462997 3.7657099295462997 3.7657099295462997 3.7657099295462997 3.7657099295462997 3.7657099295462997 3.7657099295462997 3.7657099295462997 3.7801090687802157 3.8099012134886845 3.8396933581971533 3.869485502905622 3.899277647614091 3.92906979232256 3.958861937031029 3.9886540817395484 4.018446226448018
3.444621613385903 3.444621613385903 3.444621613385903 3.444621613385903 3.444621613385903 3.444621613385903 3.444621613385903 3.444621613385903 3.444621613385903 3.444621613385903 3.444621613385903 3.4593438333502866 3.489804439335988 3.5202650453216893 3.5507256513073906 3.581186257293092 3.6116468632788448 3.642107469264546 3.6725680752502474 3.7030286812359487 3.73348928722165 3.763949893207351 3.7944104991930523 3.8101488852290184 3.8101488852290184 3.8101488852290184 3.8101488852290184 3.8101488852290184 3.8101488852290184 3.8101488852290184 3.8101488852290184 3.8101488852290184 3.8101488852290184 3.8101488852290184 3.8101488852290184 3.818877507583502 3.836937224630882 3.8549969416782623 3.8730566587256425 3.8911163757730227 3.9091760928204033 3.9272358098677835 3.9452955269151944 3.9633552439625745
3.491588907451162 3.491588907451162 3.491588907451162 3.491588907451162 3.491588907451162 3.491588907451162 3.491588907451162 3.491588907451162 3.491588907451162 3.491588907451162 3.491588907451162 3.50620929437413 3.5364592054946278 3.566709116615126 3.596959027735624 3.627208938856122 3.657458849976672 3.68770876109717 3.7179586722176676 3.7482085833381658 3.778458494458664 3.808708405579162 3.83895831669966 3.854587840911737 3.854587840911737 3.854587840911737 3.854587840911737 3.854587840911737 3.854587840911737 3.854587840911737 3.854587840911737 3.854587840911737 3.854587840911737 3.854587840911737 3.854587840911737 3.8576459463867883 3.86397323577308 3.8703005251593714 3.876627814545663 3.8829551039319545 3.889282393318246 3.8956096827045377 3.9019369720908403 3.908264261477132
3.5385562015164607 3.5385562015164607 3.5385562015164607 3.5385562015164607 3.5385562015164607 3.5385562015164607 3.5385562015164607 3.5385562015164607 3.5385562015164607 3.5385562015164607 3.5385562015164607 3.553074755398013 3.5831139716533076 3.6131531879086025 3.643192404163897 3.673231620419192 3.7032708366745375 3.7333100529298324 3.763349269185127 3.793388485440422 3.8234277016957163 3.8534669179510113 3.8835061342063057 3.899026796594494 3.899026796594494 3.899026796594494 3.899026796594494 3.899026796594494 3.899026796594494 3.899026796594494 3.899026796594494 3.899026796594494 3.899026796594494 3.899026796594494 3.899026796594494 3.8964143851901083 3.891009246915301 3.885604108640494 3.880198970365687 3.87479383209088 3.869388693816073 3.8639835555412656 3.8585784172664495 3.853173278991642
3.5855234955817195 3.5855234955817195 3.5855234955817195 3.5855234955817195 3.5855234955817195 3.5855234955817195 3.5855234955817195 3.5855234955817195 3.5855234955817195 3.5855234955817195 3.5855234955817195 3.599940216421856 3.6297687378119474 3.659597259202039 3.6894257805921304 3.719254301982222 3.7490828233723645 3.778911344762456 3.8087398661525476 3.838568387542639 3.8683969089327306 3.898225430322822 3.9280539517129136 3.9434657522772127 3.9434657522772127 3.9434657522772127 3.9434657522772127 3.9434657522772127 3.9434657522772127 3.9434657522772127 3.9434657522772127 3.9434657522772127 3.9434657522772127 3.9434657522772127 3.9434657522772127 3.9351828239933946 3.918045258057499 3.9009076921216033 3.8837701261857074 3.866632560249812 3.849494994313916 3.83235742837802 3.8152198624420954 3.7980822965061996
3.6324907896469787 3.6324907896469787 3.6324907896469787 3.6324907896469787 3.6324907896469787 3.6324907896469787 3.6324907896469787 3.6324907896469787 3.6324907896469787 3.6324907896469787 3.6324907896469787 3.6468056774456996 3.676423503970588 3.7060413304954762 3.7356591570203648 3.765276983545253 3.7948948100701916 3.82451263659508 3.854130463119968 3.8837482896448567 3.913366116169745 3.9429839426946334 3.9726017692195215 3.987904707959932 3.987904707959932 3.987904707959932 3.987904707959932 3.987904707959932 3.987904707959932 3.987904707959932 3.987904707959932 3.987904707959932 3.987904707959932 3.987904707959932 3.987904707959932 3.9739512627966818 3.9450812691996973 3.9162112756027128 3.8873412820057283 3.8584712884087438 3.8296012948117593 3.8007313012147748 3.7718613076177414 3.742991314020757
3.6794580837122375 3.6794580837122375 3.6794580837122375 3.6794580837122375 3.6794580837122375 3.6794580837122375 3.6794580837122375 3.6794580837122375 3.6794580837122375 3.6794580837122375 3.6794580837122375 3.6936711384695426 3.723078270129228 3.7524854017889133 3.781892533448598 3.8112996651082836 3.8407067967680186 3.870113928427704 3.899521060087389 3.928928191747074 3.958335323406759 3.9877424550664444 4.01714958672613 4.032343663642651 4.032343663642651 4.032343663642651 4.032343663642651 4.032343663642651 4.032343663642651 4.032343663642651 4.032343663642651 4.032343663642651 4.032343663642651 4.032343663642651 4.032343663642651 4.012719701599969 3.9721172803418954 3.9315148590838223 3.890912437825749 3.850310016567676 3.809707595309603 3.76910517405153 3.7285027527933874 3.6879003315353143
3.7264253777774963 3.7264253777774963 3.7264253777774963 3.7264253777774963 3.7264253777774963 3.7264253777774963 3.7264253777774963 3.7264253777774963 3.7264253777774963 3.7264253777774963 3.7264253777774963 3.740536599493386 3.769733036287868 3.79892947308235 3.8281259098768317 3.857322346671314 3.8865187834658452 3.915715220260327 3.944911657054809 3.9741080938492908 4.0033045306437725 4.032500967438255 4.061697404232737 4.076782619325369 4.076782619325369 4.076782619325369 4.076782619325369 4.076782619325369 4.076782619325369 4.076782619325369 4.076782619325369 4.076782619325369 4.076782619325369 4.076782619325369 4.076782619325369 4.051488140403254 3.9991532914840926 3.946818442564931 3.894483593645769 3.8421487447266074 3.7898138958074457 3.737479046888284 3.685144197969033 3.632809349049871
3.773392671842755 3.773392671842755 3.773392671842755 3.773392671842755 3.773392671842755 3.773392671842755 3.773392671842755 3.773392671842755 3.773392671842755 3.773392671842755 3.773392671842755 3.787402060517229 3.8163878024465077 3.8453735443757866 3.8743592863050655 3.903345028234344 3.9323307701636723 3.961316512092951 3.9903022540222297 4.019287995951508 4.048273737880788 4.077259479810066 4.106245221739345 4.1212215750080885 4.1212215750080885 4.1212215750080885 4.1212215750080885 4.1212215750080885 4.1212215750080885 4.1212215750080885 4.1212215750080885 4.1212215750080885 4.1212215750080885 4.1212215750080885 4.1212215750080885 4.0902565792065415 4.026189302626291 3.9621220260460404 3.89805474946579 3.8339874728855396 3.7699201963052893 3.7058529197250385 3.641785643144679 3.5777183665644285
3.820359965908054 3.820359965908054 3.820359965908054 3.820359965908054 3.820359965908054 3.820359965908054 3.820359965908054 3.820359965908054 3.820359965908054 3.820359965908054 3.820359965908054 3.834267521541112 3.8630425686051875 3.8918176156692628 3.920592662733338 3.9493677097974134 3.978142756861538 4.006917803925614 4.0356928509896886 4.064467898053764 4.093242945117839 4.122017992181915 4.15079303924599 4.165660530690845 4.165660530690845 4.165660530690845 4.165660530690845 4.165660530690845 4.165660530690845 4.165660530690845 4.165660530690845 4.165660530690845 4.165660530690845 4.165660530690845 4.165660530690845 4.129025018009861 4.053225313768512 3.9774256095271627 3.9016259052858135 3.8258262010444644 3.750026496803115 3.674226792561766 3.598427088320288 3.522627384078939
