Figures/CREST_Example_wjb_NSE/Rolling_result/20100722/BJP_forecast/ens_13/wjb.rain.20091115.asc
ncols            288
nrows            254
xllcorner        113.274861
yllcorner        31.4918055
cellsize         0.008333333333
NODATA_value     -9999
[rows 40 to 59 of 254, columns 0 to 43 of 288]
-9999.0 -9999.0 -9999.0 -9999.0 -9999.0 -9999.0 -9999.0 -9999.0 -9999.0 -9999.0 -9999.0 -9999.0 -9999.0 -9999.0 0.8859305388807437 0.9048974442467256 1.0206409782606831 1.1363845122746408 1.2521280462885984 1.367871580302556 1.4836151143165137 1.5993586483304714 1.7151021823444288 1.8308457163583864 1.9465892503723443 2.0623327843863017 2.178076318400457 2.2378786876797676 2.2378786876797676 2.2378786876797676 2.2378786876797676 2.2378786876797676 2.2378786876797676 2.2378786876797676 2.2378786876797676 2.2378786876797676 2.2378786876797676 2.2378786876797676 2.2378786876797676 2.233972572914055 2.225890733184038 2.2178088934540208 2.2097270537240035 2.201645213993986
-9999.0 -9999.0 -9999.0 -9999.0 -9999.0 -9999.0 -9999.0 -9999.0 -9999.0 -9999.0 -9999.0 -9999.0 -9999.0 -9999.0 -9999.0 0.9048974442467256 1.0206409782606831 1.1363845122746408 1.2521280462885984 1.367871580302556 1.4836151143165137 1.5993586483304714 1.7151021823444288 1.8308457163583864 1.9465892503723443 2.0623327843863017 2.178076318400457 2.2378786876797676 2.2378786876797676 2.2378786876797676 2.2378786876797676 2.2378786876797676 2.2378786876797676 2.2378786876797676 2.2378786876797676 2.2378786876797676 2.2378786876797676 2.2378786876797676 2.2378786876797676 2.233972572914055 2.225890733184038 2.2178088934540208 2.2097270537240035 2.201645213993986
-9999.0 -9999.0 -9999.0 -9999.0 -9999.0 -9999.0 -9999.0 -9999.0 -9999.0 -9999.0 -9999.0 -9999.0 -9999.0 -9999.0 -9999.0 0.9048974442467256 1.0206409782606831 1.1363845122746408 1.2521280462885984 1.367871580302556 1.4836151143165137 1.5993586483304714 1.7151021823444288 1.8308457163583864 1.9465892503723443 2.0623327843863017 2.178076318400457 2.2378786876797676 2.2378786876797676 2.2378786876797676 2.2378786876797676 2.2378786876797676 2.2378786876797676 2.2378786876797676 2.2378786876797676 2.2378786876797676 2.2378786876797676 2.2378786876797676 2.2378786876797676 2.233972572914055 2.225890733184038 2.2178088934540208 2.2097270537240035 2.201645213993986
-9999.0 -9999.0 -9999.0 -9999.0 -9999.0 -9999.0 -9999.0 -9999.0 -9999.0 -9999.0 -9999.0 -9999.0 -9999.0 -9999.0 -9999.0 -9999.0 1.0206409782606831 1.1363845122746408 1.2521280462885984 1.367871580302556 1.4836151143165137 1.5993586483304714 1.7151021823444288 1.8308457163583864 1.9465892503723443 2.0623327843863017 2.178076318400457 2.2378786876797676 2.2378786876797676 2.2378786876797676 2.2378786876797676 2.2378786876797676 2.2378786876797676 2.2378786876797676 2.2378786876797676 2.2378786876797676 2.2378786876797676 2.2378786876797676 2.2378786876797676 2.233972572914055 2.225890733184038 2.2178088934540208 2.2097270537240035 2.201645213993986
-9999.0 -9999.0 -9999.0 -9999.0 -9999.0 -9999.0 -9999.0 -9999.0 -9999.0 -9999.0 -9999.0 -9999.0 -9999.0 -9999.0 -9999.0 -9999.0 -9999.0 1.1363845122746408 1.2521280462885984 1.367871580302556 1.4836151143165137 1.5993586483304714 1.7151021823444288 1.8308457163583864 1.9465892503723443 2.0623327843863017 2.178076318400457 2.2378786876797676 2.2378786876797676 2.2378786876797676 2.2378786876797676 2.2378786876797676 2.2378786876797676 2.2378786876797676 2.2378786876797676 2.2378786876797676 2.2378786876797676 2.2378786876797676 2.2378786876797676 2.233972572914055 2.225890733184038 2.2178088934540208 2.2097270537240035 2.201645213993986
-9999.0 -9999.0 -9999.0 -9999.0 -9999.0 -9999.0 -9999.0 -9999.0 -9999.0 -9999.0 -9999.0 -9999.0 -9999.0 -9999.0 -9999.0 -9999.0 -9999.0 1.1363845122746408 1.2521280462885984 1.367871580302556 1.4836151143165137 1.5993586483304714 1.7151021823444288 1.8308457163583864 1.9465892503723443 2.0623327843863017 2.178076318400457 2.2378786876797676 2.2378786876797676 2.2378786876797676 2.2378786876797676 2.2378786876797676 2.2378786876797676 2.2378786876797676 2.2378786876797676 2.2378786876797676 2.2378786876797676 2.2378786876797676 2.2378786876797676 2.233972572914055 2.225890733184038 2.2178088934540208 2.2097270537240035 2.201645213993986
-9999.0 -9999.0 -9999.0 -9999.0 -9999.0 -9999.0 -9999.0 -9999.0 -9999.0 -9999.0 -9999.0 -9999.0 -9999.0 -9999.0 -9999.0 -9999.0 -9999.0 -9999.0 1.2521280462885984 1.367871580302556 1.4836151143165137 1.5993586483304714 1.7151021823444288 1.8308457163583864 1.9465892503723443 2.0623327843863017 2.178076318400457 2.2378786876797676 2.2378786876797676 2.2378786876797676 2.2378786876797676 2.2378786876797676 2.2378786876797676 2.2378786876797676 2.2378786876797676 2.2378786876797676 2.2378786876797676 2.2378786876797676 2.2378786876797676 2.233972572914055 2.225890733184038 2.2178088934540208 2.2097270537240035 2.201645213993986
-9999.0 -9999.0 -9999.0 -9999.0 -9999.0 -9999.0 -9999.0 -9999.0 -9999.0 -9999.0 -9999.0 -9999.0 -9999.0 -9999.0 -9999.0 -9999.0 -9999.0 -9999.0 1.2521280462885984 1.367871580302556 1.4836151143165137 1.5993586483304714 1.7151021823444288 1.8308457163583864 1.9465892503723443 2.0623327843863017 2.178076318400457 2.2378786876797676 2.2378786876797676 2.2378786876797676 2.2378786876797676 2.2378786876797676 2.2378786876797676 2.2378786876797676 2.2378786876797676 2.2378786876797676 2.2378786876797676 2.2378786876797676 2.2378786876797676 2.233972572914055 2.225890733184038 2.2178088934540208 2.2097270537240035 2.201645213993986
-9999.0 -9999.0 -9999.0 -9999.0 -9999.0 -9999.0 -9999.0 -9999.0 -9999.0 -9999.0 -9999.0 -9999.0 -9999.0 -9999.0 -9999.0 -9999.0 -9999.0 -9999.0 -9999.0 1.367871580302556 1.4836151143165137 1.5993586483304714 1.7151021823444288 1.8308457163583864 1.9465892503723443 2.0623327843863017 2.178076318400457 2.2378786876797676 2.2378786876797676 2.2378786876797676 2.2378786876797676 2.2378786876797676 2.2378786876797676 2.2378786876797676 2.2378786876797676 2.2378786876797676 2.2378786876797676 2.2378786876797676 2.2378786876797676 2.233972572914055 2.225890733184038 2.2178088934540208 2.2097270537240035 2.201645213993986
-9999.0 -9999.0 -9999.0 -9999.0 -9999.0 -9999.0 -9999.0 -9999.0 -9999.0 -9999.0 -9999.0 -9999.0 -9999.0 -9999.0 -9999.0 -9999.0 -9999.0 -9999.0 -9999.0 1.3940179894839109 1.51221932629169 1.630420663099469 1.7486219999072485 1.8668233367150275 1.9850246735228068 2.103226010330586 2.221427347138567 2.282499613968043 2.282499613968043 2.282499613968043 2.282499613968043 2.282499613968043 2.282499613968043 2.282499613968043 2.282499613968043 2.282499613968043 2.282499613968043 2.282499613968043 2.282499613968043 2.27759209040709 2.2674383132474802 2.257284536087871 2.247130758928261 2.2369769817686516
-9999.0 -9999.0 -9999.0 -9999.0 -9999.0 -9999.0 -9999.0 -9999.0 -9999.0 -9999.0 -9999.0 -9999.0 -9999.0 -9999.0 -9999.0 -9999.0 -9999.0 -9999.0 -9999.0 -9999.0 -9999.0 -9999.0 -9999.0 1.941258764666994 2.064545140478635 2.187831516290276 2.311117892102127 2.374817496889609 2.374817496889609 2.374817496889609 2.374817496889609 2.374817496889609 2.374817496889609 2.374817496889609 2.374817496889609 2.374817496889609 2.374817496889609 2.374817496889609 2.374817496889609 2.3678381216750535 2.353397636619463 2.3389571515638727 2.324516666508282 2.3100761814526916
-9999.0 -9999.0 -9999.0 -9999.0 -9999.0 -9999.0 -9999.0 -9999.0 -9999.0 -9999.0 -9999.0 -9999.0 -9999.0 -9999.0 -9999.0 -9999.0 -9999.0 -9999.0 -9999.0 -9999.0 -9999.0 -9999.0 -9999.0 2.01569419261896 2.144065607434463 2.2724370222499655 2.400808437065687 2.4671353798111753 2.4671353798111753 2.4671353798111753 2.4671353798111753 2.4671353798111753 2.4671353798111753 2.4671353798111753 2.4671353798111753 2.4671353798111753 2.4671353798111753 2.4671353798111753 2.4671353798111753 2.4580841529430173 2.4393569599914455 2.420629767039874 2.401902574088303 2.3831753811367316
-9999.0 -9999.0 -9999.0 -9999.0 -9999.0 -9999.0 -9999.0 -9999.0 -9999.0 -9999.0 -9999.0 -9999.0 -9999.0 -9999.0 -9999.0 -9999.0 -9999.0 -9999.0 -9999.0 -9999.0 -9999.0 -9999.0 -9999.0 -9999.0 -9999.0 2.3570425282096545 2.4904989820292465 2.559453262732741 2.559453262732741 2.559453262732741 2.559453262732741 2.559453262732741 2.559453262732741 2.559453262732741 2.559453262732741 2.559453262732741 2.559453262732741 2.559453262732741 2.559453262732741 2.5483301842109802 2.525316283363428 2.5023023825158757 2.4792884816683234 2.4562745808207715
-9999.0 -9999.0 -9999.0 -9999.0 -9999.0 -9999.0 -9999.0 -9999.0 -9999.0 -9999.0 -9999.0 -9999.0 -9999.0 -9999.0 -9999.0 -9999.0 -9999.0 -9999.0 -9999.0 -9999.0 -9999.0 -9999.0 -9999.0 -9999.0 -9999.0 2.4416480341694164 2.580189526992883 2.6517711456543855 2.6517711456543855 2.6517711456543855 2.6517711456543855 2.6517711456543855 2.6517711456543855 2.6517711456543855 2.6517711456543855 2.6517711456543855 2.6517711456543855 2.6517711456543855 2.6517711456543855 2.6385762154790204 2.6112756067354836 2.5839749979919473 2.5566743892484105 2.5293737805048737
-9999.0 -9999.0 -9999.0 -9999.0 -9999.0 -9999.0 -9999.0 -9999.0 -9999.0 -9999.0 -9999.0 -9999.0 -9999.0 -9999.0 -9999.0 -9999.0 -9999.0 -9999.0 -9999.0 -9999.0 -9999.0 -9999.0 -9999.0 -9999.0 -9999.0 2.5262535401291055 2.6698800719564426 2.744089028575951 2.744089028575951 2.744089028575951 2.744089028575951 2.744089028575951 2.744089028575951 2.744089028575951 2.744089028575951 2.744089028575951 2.744089028575951 2.744089028575951 2.744089028575951 2.728822246746984 2.697234930107466 2.6656476134679488 2.634060296828431 2.6024729801889137
-9999.0 -9999.0 -9999.0 -9999.0 -9999.0 -9999.0 -9999.0 -9999.0 -9999.0 -9999.0 -9999.0 -9999.0 -9999.0 -9999.0 -9999.0 -9999.0 -9999.0 -9999.0 -9999.0 -9999.0 1.867301191934028 2.0160127627649818 2.1647243335959354 2.3134359044268886 2.462147475257842 2.6108590460887955 2.7595706169200027 2.8364069114975172 2.8364069114975172 2.8364069114975172 2.8364069114975172 2.8364069114975172 2.8364069114975172 2.8364069114975172 2.8364069114975172 2.8364069114975172 2.8364069114975172 2.8364069114975172 2.8364069114975172 2.819068278014947 2.783194253479449 2.7473202289439502 2.711446204408452 2.6755721798729537
-9999.0 -9999.0 -9999.0 -9999.0 -9999.0 -9999.0 -9999.0 -9999.0 -9999.0 -9999.0 -9999.0 -9999.0 -9999.0 -9999.0 -9999.0 -9999.0 -9999.0 -9999.0 -9999.0 1.7726848930395942 1.9264815028744091 2.0802781127092245 2.2340747225440394 2.3878713323788547 2.5416679422136697 2.6954645520484846 2.849261161883562 2.928724794419083 2.928724794419083 2.928724794419083 2.928724794419083 2.928724794419083 2.928724794419083 2.928724794419083 2.928724794419083 2.928724794419083 2.928724794419083 2.928724794419083 2.928724794419083 2.90931430928291 2.869153576851431 2.8289928444199517 2.7888321119884725 2.7486713795569933
-9999.0 -9999.0 -9999.0 -9999.0 -9999.0 -9999.0 -9999.0 -9999.0 -9999.0 -9999.0 -9999.0 -9999.0 -9999.0 -9999.0 -9999.0 -9999.0 -9999.0 1.5090168672987603 1.667898516137437 1.826780164976114 1.9856618138147906 2.144543462653467 2.3034251114921442 2.4623067603308213 2.6211884091694975 2.7800700580081745 2.9389517068471225 3.021042677340649 3.021042677340649 3.021042677340649 3.021042677340649 3.021042677340649 3.021042677340649 3.021042677340649 3.021042677340649 3.021042677340649 3.021042677340649 3.021042677340649 3.021042677340649 2.9995603405508735 2.9551129002234138 2.9106654598959536 2.8662180195684934 2.8217705792410337
-9999.0 -9999.0 -9999.0 -9999.0 -9999.0 -9999.0 -9999.0 -9999.0 -9999.0 -9999.0 -9999.0 -9999.0 -9999.0 -9999.0 -9999.0 1.2250086855424798 1.388975373385018 1.5529420612275566 1.716908749070095 1.8808754369126333 2.0448421247551716 2.2088088125977103 2.372775500440248 2.536742188282787 2.7007088761253253 2.8646755639678636 3.0286422518106817 3.1133605602622145 3.1133605602622145 3.1133605602622145 3.1133605602622145 3.1133605602622145 3.1133605602622145 3.1133605602622145 3.1133605602622145 3.1133605602622145 3.1133605602622145 3.1133605602622145 3.1133605602622145 3.089806371818837 3.0410722235953958 2.992338075371955 2.9436039271485144 2.8948697789250732
-9999.0 -9999.0 -9999.0 -9999.0 -9999.0 -9999.0 -9999.0 -9999.0 -9999.0 -9999.0 -9999.0 -9999.0 -9999.0 -9999.0 1.1937061399320479 1.2587638014635816 1.4278155283099858 1.5968672551563903 1.7659189820027947 1.9349707088491992 2.1040224356956037 2.2730741625420077 2.4421258893884126 2.6111776162348166 2.780229343081221 2.9492810699276255 3.118332796774318 3.205678443183859 3.205678443183859 3.205678443183859 3.205678443183859 3.205678443183859 3.205678443183859 3.205678443183859 3.205678443183859 3.205678443183859 3.205678443183859 3.205678443183859 3.205678443183859 3.180052403086877 3.127031546967452 3.0740106908480263 3.020989834728601 2.967968978609176
