Figures/CREST_Example_wjb_NSE/Rolling_result/20100722/BJP_forecast/ens_13/wjb.rain.20100727.asc
ncols            288
nrows            254
xllcorner        113.274861
yllcorner        31.4918055
cellsize         0.008333333333
NODATA_value     -9999
[rows 145 to 173 of 254, columns 195 to 259 of 288]
0.005351277946059134 0.01642319310045869 0.027495108254858243 0.0385670234092578 0.04963893856365735 0.06071085371805691 0.07178276887245646 0.08285468402685602 0.09392659918125557 0.10499851433565513 0.11607042949005468 0.12714234464445423 0.1275117039173844 0.11643978876296596 0.1053678736085664 0.09429595845416686 0.08322404329976729 0.07215212814536774 0.06108021299096819 0.05000829783656863 0.03893638268216908 0.027864467527769526 0.016792552373369962 0.005720637218970426 0.0 0.0 0.0 0.0 0.0 0.0 0.0 0.0 0.0 0.0 0.0 0.0 0.0 0.0 0.0 0.0 0.0 0.0 0.0 0.0 0.0 0.0 0.0 0.0 0.0 0.0 0.0 0.0 0.0 0.0 0.0 0.0 0.0 0.0 0.0 0.0 0.0 0.0 0.0 0.0 0.0
0.005044105975871261 0.015480475373535366 0.025916844771199474 0.03635321416886358 0.04678958356652768 0.05722595296419179 0.06766232236185589 0.07809869175952 0.08853506115718411 0.09897143055484821 0.10940779995251232 0.11984416935017643 0.1201923268061356 0.1097559574084537 0.0993195880107896 0.0888832186131255 0.07844684921546138 0.06801047981779729 0.057574110420133176 0.047137741022469065 0.03670137162480497 0.026265002227140857 0.015828632829476746 0.0053922634318126494 0.0 0.0 0.0 0.0 0.0 0.0 0.0 0.0 0.0 0.0 0.0 0.0 0.0 0.0 0.0 0.0 0.0 0.0 0.0 0.0 0.0 0.0 0.0 0.0 0.0 0.0 0.0 0.0 0.0 0.0 0.0 0.0 0.0 0.0 0.0 0.0 0.0 0.0 0.0 0.0 0.0
0.0047369340056833895 0.014537757646612049 0.024338581287540708 0.03413940492846937 0.04394022856939803 0.053741052210326684 0.06354187585125534 0.073342699492184 0.08314352313311266 0.09294434677404131 0.10274517041496997 0.11254599405589863 0.11287294969488684 0.10307212605394148 0.09327130241301282 0.08347047877208416 0.0736696551311555 0.06386883149022685 0.054068007849298175 0.04426718420836952 0.03446636056744086 0.024665536926512202 0.014864713285583545 0.005063889644654887 0.0 0.0 0.0 0.0 0.0 0.0 0.0 0.0 0.0 0.0 0.0 0.0 0.0 0.0 0.0 0.0 0.0 0.0 0.0 0.0 0.0 0.0 0.0 0.0 0.0 0.0 0.0 0.0 0.0 0.0 0.0 0.0 0.0 0.0 0.0 0.0 0.0 0.0 0.0 0.0 0.0
0.004429762035495517 0.013595039919688728 0.02276031780388194 0.031925595688075147 0.04109087357226836 0.05025615145646157 0.05942142934065477 0.06858670722484798 0.0777519851090412 0.0869172629932344 0.09608254087742761 0.10524781876162083 0.10555357258363808 0.09638829469942925 0.08722301681523603 0.07805773893104283 0.06889246104684962 0.059727183162656405 0.050561905278463194 0.04139662739426998 0.03223134951007678 0.02306607162588356 0.013900793741690357 0.004735515857497152 0.0 0.0 0.0 0.0 0.0 0.0 0.0 0.0 0.0 0.0 0.0 0.0 0.0 0.0 0.0 0.0 0.0 0.0 0.0 0.0 0.0 0.0 0.0 0.0 0.0 0.0 0.0 0.0 0.0 0.0 0.0 0.0 0.0 0.0 0.0 0.0 0.0 0.0 0.0 0.0 0.0
0.004122590065307645 0.012652322192765407 0.021182054320223166 0.029711786447680927 0.03824151857513869 0.046771250702596454 0.05530098283005421 0.06383071495751197 0.07236044708496973 0.0808901792124275 0.08941991133988525 0.09794964346734301 0.09823419547238929 0.089704463344917 0.08117473121745923 0.07264499909000147 0.06411526696254372 0.05558553483508595 0.047055802707628186 0.03852607058017042 0.02999633845271267 0.021466606325254906 0.01293687419779714 0.004407142070339376 0.0 0.0 0.0 0.0 0.0 0.0 0.0 0.0 0.0 0.0 0.0 0.0 0.0 0.0 0.0 0.0 0.0 0.0 0.0 0.0 0.0 0.0 0.0 0.0 0.0 0.0 0.0 0.0 0.0 0.0 0.0 0.0 0.0 0.0 0.0 0.0 0.0 0.0 0.0 0.0 0.0
0.003815418095119512 0.011709604465841284 0.019603790836563054 0.027497977207284828 0.0353921635780066 0.04328634994872837 0.051180536319450146 0.059074722690171916 0.06696890906089369 0.07486309543161546 0.08275728180233723 0.090651468173059 0.0909148183611343 0.08302063199039907 0.0751264456196773 0.06723225924895553 0.059338072878233755 0.051443886507511985 0.043549700136790215 0.03565551376606844 0.027761327395346674 0.01986714102462489 0.01197295465390312 0.00407876828318135 0.0 0.0 0.0 0.0 0.0 0.0 0.0 0.0 0.0 0.0 0.0 0.0 0.0 0.0 0.0 0.0 0.0 0.0 0.0 0.0 0.0 0.0 0.0 0.0 0.0 0.0 0.0 0.0 0.0 0.0 0.0 0.0 0.0 0.0 0.0 0.0 0.0 0.0 0.0 0.0 0.0
0.0035082461249316397 0.010766886738917963 0.018025527352904285 0.02528416796689061 0.03254280858087693 0.03980144919486325 0.04706008980884958 0.0543187304228359 0.061577371036822225 0.06883601165080855 0.07609465226479487 0.0833532928787812 0.08359544124988554 0.07633680063588683 0.06907816002190051 0.061819519407914185 0.05456087879392786 0.04730223817994154 0.04004359756595521 0.03278495695196889 0.025526316337982566 0.01826767572399625 0.011009035110009918 0.0037503944960236013 0.0 0.0 0.0 0.0 0.0 0.0 0.0 0.0 0.0 0.0 0.0 0.0 0.0 0.0 0.0 0.0 0.0 0.0 0.0 0.0 0.0 0.0 0.0 0.0 0.0 0.0 0.0 0.0 0.0 0.0 0.0 0.0 0.0 0.0 0.0 0.0 0.0 0.0 0.0 0.0 0.0
0.0032010741547437676 0.009824169011994642 0.016447263869245516 0.02307035872649639 0.029693453583747264 0.03631654844099814 0.042939643298249015 0.049562738155499886 0.05618583301275076 0.06280892787000164 0.0694320227272525 0.07605511758450338 0.07627606413863676 0.06965296928137459 0.06302987442412372 0.056406779566872844 0.04978368470962197 0.04316058985237109 0.03653749499512022 0.02991440013786934 0.02329130528061847 0.016668210423367594 0.010045115566116716 0.0034220207088658527 0.0 0.0 0.0 0.0 0.0 0.0 0.0 0.0 0.0 0.0 0.0 0.0 0.0 0.0 0.0 0.0 0.0 0.0 0.0 0.0 0.0 0.0 0.0 0.0 0.0 0.0 0.0 0.0 0.0 0.0 0.0 0.0 0.0 0.0 0.0 0.0 0.0 0.0 0.0 0.0 0.0
0.0028939021845558965 0.008881451285071323 0.01486900038558675 0.020856549486102178 0.026844098586617605 0.03283164768713303 0.03881919678764846 0.044806745888163885 0.050794294988679316 0.05678184408919474 0.06276939318971017 0.0687569422902256 0.068956687027388 0.06296913792686236 0.056981588826346935 0.050994039725831504 0.04500649062531607 0.03901894152480065 0.033031392424285225 0.027043843323769794 0.02105629422325437 0.015068745122738939 0.009081196022223514 0.0030936469217080903 0.0 0.0 0.0 0.0 0.0 0.0 0.0 0.0 0.0 0.0 0.0 0.0 0.0 0.0 0.0 0.0 0.0 0.0 0.0 0.0 0.0 0.0 0.0 0.0 0.0 0.0 0.0 0.0 0.0 0.0 0.0 0.0 0.0 0.0 0.0 0.0 0.0 0.0 0.0 0.0 0.0
0.002586730214368024 0.007938733558148002 0.013290736901927981 0.01864274024570796 0.023994743589487937 0.029346746933267914 0.03469875027704789 0.04005075362082787 0.04540275696460785 0.050754760308387825 0.05610676365216781 0.06145876699594779 0.06163730991613922 0.05628530657235012 0.05093330322857014 0.045581299884790163 0.04022929654101018 0.03487729319723021 0.029525289853450223 0.024173286509670246 0.018821283165890268 0.01346927982211029 0.008117276478330313 0.002765273134550335 0.0 0.0 0.0 0.0 0.0 0.0 0.0 0.0 0.0 0.0 0.0 0.0 0.0 0.0 0.0 0.0 0.0 0.0 0.0 0.0 0.0 0.0 0.0 0.0 0.0 0.0 0.0 0.0 0.0 0.0 0.0 0.0 0.0 0.0 0.0 0.0 0.0 0.0 0.0 0.0 0.0
0.0022795582441801523 0.006996015831224682 0.011712473418269214 0.016428931005313743 0.021145388592358275 0.025861846179402802 0.030578303766447334 0.03529476135349186 0.04001121894053639 0.044727676527580924 0.049444134114625456 0.05416059170166999 0.05431793280489045 0.04960147521783788 0.04488501763079335 0.04016856004374882 0.03545210245670429 0.03073564486965976 0.02601918728261523 0.021302729695570698 0.016586272108526166 0.011869814521481642 0.007153356934437111 0.0024368993473925793 0.0 0.0 0.0 0.0 0.0 0.0 0.0 0.0 0.0 0.0 0.0 0.0 0.0 0.0 0.0 0.0 0.0 0.0 0.0 0.0 0.0 0.0 0.0 0.0 0.0 0.0 0.0 0.0 0.0 0.0 0.0 0.0 0.0 0.0 0.0 0.0 0.0 0.0 0.0 0.0 0.0
0.0019723862739922803 0.006053298104301362 0.010134209934610445 0.014215121764919526 0.01829603359522861 0.02237694542553769 0.026457857255846772 0.030538769086155854 0.03461968091646494 0.03870059274677402 0.0427815045770831 0.04686241640739218 0.04699855569364169 0.042917643863325645 0.03883673203301657 0.03475582020270748 0.0306749083723984 0.02659399654208932 0.022513084711780238 0.018432172881471157 0.014351261051162072 0.010270349220852994 0.006189437390543909 0.0021085255602348307 0.0 0.0 0.0 0.0 0.0 0.0 0.0 0.0 0.0 0.0 0.0 0.0 0.0 0.0 0.0 0.0 0.0 0.0 0.0 0.0 0.0 0.0 0.0 0.0 0.0 0.0 0.0 0.0 0.0 0.0 0.0 0.0 0.0 0.0 0.0 0.0 0.0 0.0 0.0 0.0 0.0
0.0017406306838995583 0.005342034954345468 0.00894343922479138 0.012544843495237289 0.0161462477656832 0.019747652036129108 0.02334905630657502 0.026950460577020927 0.030551864847466838 0.03415326911791275 0.03775467338835866 0.04135607765880457 0.04147622056491516 0.03787481629446311 0.0342734120240172 0.03067200775357129 0.02707060348312538 0.023469199212679467 0.01986779494223356 0.01626639067178765 0.012664986401341737 0.00906358213089583 0.005462177860449918 0.001860773590004007 0.0 0.0 0.0 0.0 0.0 0.0 0.0 0.0 0.0 0.0 0.0 0.0 0.0 0.0 0.0 0.0 0.0 0.0 0.0 0.0 0.0 0.0 0.0 0.0 0.0 0.0 0.0 0.0 0.0 0.0 0.0 0.0 0.0 0.0 0.0 0.0 0.1926769020413059 0.1926769020413059 0.1926769020413059 0.1926769020413059 0.1926769020413059
0.0015894904501500883 0.004878182157100281 0.008166873864050473 0.011455565571000666 0.014744257277950859 0.01803294898490105 0.021321640691851242 0.024610332398801435 0.027899024105751628 0.03118771581270182 0.034476407519652016 0.037765099226602206 0.037874810036415255 0.03458611832945945 0.031297426622509256 0.028008734915559066 0.024720043208608874 0.02143135150165868 0.01814265979470849 0.014853968087758296 0.011565276380808103 0.00827658467385791 0.004987892966907721 0.0016992012599575251 0.0 0.0 0.0 0.0 0.0 0.0 0.0 0.0 0.0 0.0 0.0 0.0 0.0 0.0 0.0 0.0 0.0 0.0 0.0 0.0 0.0 0.0 0.0 0.0 0.0 0.0 0.0 0.0 0.0 0.0 0.0 0.0 0.0 0.0 0.0 0.0 0.1926769020413059 0.1926769020413059 0.1926769020413059 0.1926769020413059 0.1926769020413059
0.0014383502164006176 0.004414329359855092 0.007390308503309566 0.01036628764676404 0.013342266790218514 0.016318245933672988 0.019294225077127462 0.022270204220581936 0.02524618336403641 0.028222162507490885 0.03119814165094536 0.03417412079439983 0.03427339950791534 0.03129742036445579 0.028321441221001317 0.025345462077546843 0.02236948293409237 0.019393503790637895 0.01641752464718342 0.013441545503728947 0.010465566360274473 0.007489587216819998 0.004513608073365524 0.0015376289299110502 0.0 0.0 0.0 0.0 0.0 0.0 0.0 0.0 0.0 0.0 0.0 0.0 0.0 0.0 0.0 0.0 0.0 0.0 0.0 0.0 0.0 0.0 0.0 0.0 0.0 0.0 0.0 0.0 0.0 0.0 0.0 0.0 0.0 0.0 0.0 0.0 0.1926769020413059 0.1926769020413059 0.1926769020413059 0.1926769020413059 0.1926769020413059
0.0012872099826511472 0.003950476562609904 0.00661374314256866 0.009277009722527416 0.011940276302486173 0.014603542882444928 0.017266809462403686 0.01993007604236244 0.022593342622321197 0.025256609202279953 0.027919875782238708 0.030583142362197467 0.03067198897941543 0.028008722399452134 0.02534545581949338 0.02268218923953462 0.020018922659575868 0.01735565607961711 0.014692389499658353 0.012029122919699597 0.009365856339740842 0.006702589759782086 0.004039323179823327 0.0013760565998645717 0.0 0.0 0.0 0.0 0.0 0.0 0.0 0.0 0.0 0.0 0.0 0.0 0.0 0.0 0.0 0.0 0.0 0.0 0.0 0.0 0.0 0.0 0.0 0.0 0.0 0.0 0.0 0.0 0.0 0.0 0.0 0.0 0.0 0.0 0.0 0.0 0.1926769020413059 0.1926769020413059 0.1926769020413059 0.1926769020413059 0.1926769020413059
0.001136069748901677 0.003486623765364715 0.005837177781827753 0.008187731798290791 0.01053828581475383 0.012888839831216869 0.015239393847679906 0.017589947864142946 0.019940501880605983 0.02229105589706902 0.02464160991353206 0.026992163929995098 0.02707057845091552 0.024720024434448474 0.022369470417985437 0.020018916401522396 0.01766836238505936 0.015317808368596322 0.012967254352133284 0.010616700335670245 0.008266146319207208 0.005915592302744167 0.0035650382862811303 0.0012144842698180933 0.0 0.0 0.0 0.0 0.0 0.0 0.0 0.0 0.0 0.0 0.0 0.0 0.0 0.0 0.0 0.0 0.0 0.0 0.0 0.0 0.0 0.0 0.0 0.0 0.0 0.0 0.0 0.0 0.0 0.0 0.0 0.0 0.0 0.0 0.0 0.0 0.1926769020413059 0.1926769020413059 0.1926769020413059 0.1926769020413059 0.1926769020413059
0.0009849295151522065 0.003022770968119527 0.005060612421086848 0.007098453874054168 0.009136295327021487 0.011174136779988809 0.01321197823295613 0.01524981968592345 0.01728766113889077 0.019325502591858088 0.02136334404482541 0.023401185497792732 0.023469167922415615 0.02143132646944482 0.0193934850164775 0.01735564356351018 0.015317802110542858 0.013279960657575538 0.011242119204608218 0.009204277751640897 0.007166436298673577 0.005128594845706255 0.0030907533927389368 0.0010529119397716148 0.0 0.0 0.0 0.0 0.0 0.0 0.0 0.0 0.0 0.0 0.0 0.0 0.0 0.0 0.0 0.0 0.0 0.0 0.0 0.0 0.0 0.0 0.0 0.0 0.0 0.0 0.0 0.0 0.0 0.0 0.0 0.0 0.0 0.0 0.0 0.0 0.1926769020413059 0.1926769020413059 0.1926769020413059 0.1926769020413059 0.1926769020413059
0.0008337892814026073 0.002558918170873943 0.004284047060345279 0.0060091759498166145 0.00773430483928795 0.009459433728759285 0.011184562618230622 0.012909691507701958 0.014634820397173294 0.01635994928664463 0.018085078176115963 0.0198102070655873 0.019867757393912635 0.018142628504438357 0.01641749961496702 0.014692370725495684 0.01296724183602435 0.011242112946553013 0.009516984057081679 0.007791855167610343 0.006066726278139006 0.00434159738866767 0.002616468499196334 0.0008913396097249976 0.0 0.0 0.0 0.0 0.0 0.0 0.0 0.0 0.0 0.0 0.0 0.0 0.0 0.0 0.0 0.0 0.0 0.0 0.0 0.0 0.0 0.0 0.0 0.0 0.0 0.0 0.0 0.0 0.0 0.0 0.0 0.0 0.0 0.0 0.0 0.0 0.1926769020413059 0.1926769020413059 0.1926769020413059 0.1926769020413059 0.1926769020413059
0.0006826490476531369 0.0020950653736287544 0.003507481699604372 0.004919898025579989 0.006332314351555607 0.007744730677531225 0.009157147003506842 0.01056956332948246 0.011981979655458077 0.013394395981433695 0.014806812307409312 0.01621922863338493 0.016266346865412725 0.014853930539434698 0.01344151421345908 0.012029097887483462 0.010616681561507845 0.009204265235532227 0.007791848909556609 0.006379432583580992 0.004967016257605374 0.0035545999316297563 0.0021421836056541403 0.0007297672796785226 0.0 0.0 0.0 0.0 0.0 0.0 0.0 0.0 0.0 0.0 0.0 0.0 0.0 0.0 0.0 0.0 0.0 0.0 0.0 0.0 0.0 0.0 0.0 0.0 0.0 0.0 0.0 0.0 0.0 0.0 0.0 0.0 0.0 0.0 0.0 0.0 0.1926769020413059 0.1926769020413059 0.1926769020413059 0.1926769020413059 0.1926769020413059
0.0005315088139036666 0.0016312125763835662 0.002730916338863466 0.0038306201013433654 0.004930323863823265 0.006030027626303165 0.007129731388783064 0.008229435151262964 0.009329138913742863 0.010428842676222764 0.011528546438702663 0.012628250201182563 0.012664936336912814 0.01156523257443104 0.010465528811951138 0.009365825049471239 0.008266121286991338 0.00716641752451144 0.00606671376203154 0.004967009999551641 0.0038673062370717416 0.0027676024745918407 0.0016678987121119416 0.0005681949496320424 0.0 0.0 0.0 0.0 0.0 0.0 0.0 0.0 0.0 0.0 0.0 0.0 0.0 0.0 0.0 0.0 0.0 0.0 0.0 0.0 0.0 0.0 0.0 0.0 0.0 0.0 0.0 0.0 0.0 0.0 0.0 0.0 0.0 0.0 0.0 0.0 0.1926769020413059 0.1926769020413059 0.1926769020413059 0.1926769020413059 0.1926769020413059
0.0003803685801541961 0.0011673597791383775 0.001954350978122559 0.0027413421771067406 0.003528333376090922 0.004315324575075104 0.005102315774059285 0.0058893069730434665 0.006676298172027648 0.0074632893710118295 0.008250280569996011 0.009037271768980193 0.009063525808412904 0.008276534609427379 0.007489543410443198 0.006702552211459017 0.005915561012474835 0.005128569813490654 0.004341578614506472 0.0035545874155222907 0.0027675962165381093 0.001980605017553928 0.0011936138185697463 0.000406622619585564 0.0 0.0 0.0 0.0 0.0 0.0 0.0 0.0 0.0 0.0 0.0 0.0 0.0 0.0 0.0 0.0 0.0 0.0 0.0 0.0 0.0 0.0 0.0 0.0 0.0 0.0 0.0 0.0 0.0 0.0 0.0 0.0 0.0 0.0 0.0 0.0 0.1926769020413059 0.1926769020413059 0.1926769020413059 0.1926769020413059 0.1926769020413059
0.00022922834640472573 0.0007035069818931893 0.0011777856173816527 0.0016520642528701163 0.0021263428883585797 0.0026006215238470434 0.003074900159335507 0.00354917879482397 0.0040234574303124335 0.004497736065800897 0.004972014701289361 0.005446293336777824 0.005462115279912994 0.004987836644423721 0.004513558008935258 0.004039279373446794 0.0035650007379583308 0.003090722102469867 0.0026164434669814036 0.0021421648314929403 0.001667886196004477 0.0011936075605160131 0.0007193289250275493 0.0002450502895390864 0.0 0.0 0.0 0.0 0.0 0.0 0.0 0.0 0.0 0.0 0.0 0.0 0.0 0.0 0.0 0.0 0.0 0.0 0.0 0.0 0.0 0.0 0.0 0.0 0.0 0.0 0.0 0.0 0.0 0.0 0.0 0.0 0.0 0.0 0.0 0.0 0.1926769020413059 0.1926769020413059 0.1926769020413059 0.1926769020413059 0.1926769020413059
7.808811265525537e-05 0.00023965418464800092 0.00040122025664074645 0.000562786328633492 0.0007243524006262375 0.0008859184726189831 0.0010474845446117288 0.0012090506166044742 0.0013706166885972197 0.0015321827605899653 0.0016937488325827108 0.0018553149045754565 0.001860704751413084 0.001699138679420063 0.0015375726074273175 0.001376006535434572 0.0012144404634418264 0.0010528743914490807 0.0008913083194563352 0.0007297422474635898 0.0005681761754708441 0.00040661010347809866 0.000245044031485353 8.347795949260753e-05 0.0 0.0 0.0 0.0 0.0 0.0 0.0 0.0 0.0 0.0 0.0 0.0 0.0 0.0 0.0 0.0 0.0 0.0 0.0 0.0 0.0 0.0 0.0 0.0 0.0 0.0 0.0 0.0 0.0 0.0 0.0 0.0 0.0 0.0 0.0 0.0 0.1926769020413059 0.1926769020413059 0.1926769020413059 0.1926769020413059 0.1926769020413059
0.024162663408848265 0.023497665472209873 0.02283266753557148 0.022167669598933088 0.021502671662294696 0.020837673725656303 0.020172675789017908 0.019507677852379515 0.018842679915741123 0.01817768197910273 0.017512684042464338 0.016847686105825946 0.016677299110059496 0.017035662402724642 0.017394025695389177 0.01775238898805371 0.018110752280718245 0.01846911557338278 0.018827478866047312 0.019185842158711847 0.019544205451376383 0.019902568744040915 0.02026093203670545 0.020619295329369982 0.020721995365729086 0.020551385595123973 0.020380775824518572 0.02021016605391346 0.020039556283308342 0.01986894651270323 0.019698336742098116 0.019527726971493003 0.01935711720088789 0.019186507430282777 0.019015897659677664 0.01884528788907255 0.018409464887948417 0.017690122940752104 0.016970780993555788 0.016251439046358247 0.015532097099161934 0.01481275515196562 0.014093413204769305 0.01337407125757299 0.012654729310376676 0.011935387363180363 0.011216045415984047 0.010496703468787734 0.1926769020413059 0.1926769020413059 0.1926769020413059 0.1926769020413059 0.1926769020413059 0.1926769020413059 0.1926769020413059 0.1926769020413059 0.1926769020413059 0.1926769020413059 0.1926769020413059 0.1926769020413059 0.1926769020413059 0.1926769020413059 0.1926769020413059 0.1926769020413059 0.1926769020413059
0.07415369092352264 0.07211285417370449 0.07007201742388634 0.06803118067406819 0.06599034392425003 0.06394950717443187 0.061908670424613725 0.059867833674795576 0.05782699692497742 0.05578616017515927 0.05374532342534112 0.051704486675522965 0.051181579725752435 0.052281374081737865 0.05338116843772142 0.05448096279370498 0.055580757149688534 0.05668055150567209 0.057780345861655646 0.058880140217639196 0.05997993457362276 0.06107972892960631 0.06217952328558987 0.06327931764157342 0.06359449757952756 0.06307090694781964 0.06254731631611082 0.062023725684402904 0.06150013505269498 0.06097654442098706 0.06045295378927913 0.05992936315757121 0.05940577252586329 0.058882181894155367 0.05835859126244745 0.05783500063073953 0.056497487312117275 0.05428987221943728 0.05208225712675727 0.049874642034073505 0.047667026941393506 0.04545941184871351 0.04325179675603351 0.04104418166335351 0.03883656657067351 0.03662895147799351 0.03442133638531351 0.03221372129263351 0.1926769020413059 0.1926769020413059 0.1926769020413059 0.1926769020413059 0.1926769020413059 0.1926769020413059 0.1926769020413059 0.1926769020413059 0.1926769020413059 0.1926769020413059 0.1926769020413059 0.1926769020413059 0.1926769020413059 0.1926769020413059 0.1926769020413059 0.1926769020413059 0.1926769020413059
0.12414471843815429 0.12072804287515755 0.11731136731216082 0.11389469174916408 0.11047801618616736 0.10706134062317063 0.10364466506017389 0.10022798949717716 0.09681131393418044 0.0933946383711837 0.08997796280818696 0.08656128724519024 0.08568586034141593 0.087527085760721 0.08936831118002295 0.09120953659932489 0.09305076201862683 0.09489198743792877 0.09673321285723072 0.09857443827653267 0.10041566369583461 0.10225688911513656 0.1040981145344385 0.10593933995374044 0.10646699979328943 0.10559042830047902 0.1047138568076671 0.10383728531485667 0.10296071382204626 0.10208414232923584 0.10120757083642541 0.10033099934361499 0.09945442785080458 0.09857785635799415 0.09770128486518373 0.0968247133723733 0.09458550973625371 0.0908896214980913 0.08719373325992887 0.08349784502176014 0.07980195678359772 0.0761060685454353 0.07241018030727286 0.06871429206911045 0.06501840383094802 0.0613225155927856 0.05762662735462318 0.05393073911646075 0.1926769020413059 0.1926769020413059 0.1926769020413059 0.1926769020413059 0.1926769020413059 0.1926769020413059 0.1926769020413059 0.1926769020413059 0.1926769020413059 0.1926769020413059 0.1926769020413059 0.1926769020413059 0.1926769020413059 0.1926769020413059 0.1926769020413059 0.1926769020413059 0.1926769020413059
0.17413574595278594 0.16934323157661063 0.16455071720043532 0.15975820282426 0.1549656884480847 0.1501731740719094 0.14538065969573408 0.14058814531955877 0.13579563094338343 0.13100311656720814 0.1262106021910328 0.12141808781485751 0.1201901409570794 0.12277279743970414 0.12535545392232447 0.1279381104049448 0.13052076688756514 0.13310342337018546 0.1356860798528058 0.13826873633542613 0.14085139281804646 0.1434340493006668 0.14601670578328713 0.14859936226590748 0.14933950200705132 0.14810994965313837 0.14688039729922336 0.14565084494531044 0.14442129259139752 0.1431917402374846 0.14196218788357165 0.14073263552965873 0.1395030831757458 0.13827353082183289 0.13704397846791996 0.13581442611400704 0.1326735321603901 0.12748937077674527 0.12230520939310041 0.11712104800944674 0.1119368866258019 0.10675272524215706 0.10156856385851222 0.09638440247486738 0.09120024109122254 0.0860160797075777 0.08083191832393286 0.07564775694028802 0.1926769020413059 0.1926769020413059 0.1926769020413059 0.1926769020413059 0.1926769020413059 0.1926769020413059 0.1926769020413059 0.1926769020413059 0.1926769020413059 0.1926769020413059 0.1926769020413059 0.1926769020413059 0.1926769020413059 0.1926769020413059 0.1926769020413059 0.1926769020413059 0.1926769020413059
0.22412677346741758 0.2179584202780637 0.21179006708870982 0.20562171389935593 0.19945336071000203 0.19328500752064814 0.18711665433129426 0.18094830114194038 0.1747799479525865 0.1686115947632326 0.1624432415738787 0.15627488838452483 0.15469442157274294 0.15801850911868734 0.16134259666462605 0.16466668421056477 0.16799077175650348 0.1713148593024422 0.1746389468483809 0.17796303439431962 0.18128712194025834 0.18461120948619705 0.18793529703213577 0.19125938457807448 0.19221200422081317 0.19062947100579775 0.18904693779077963 0.1874644045757642 0.18588187136074877 0.18429933814573335 0.1827168049307179 0.18113427171570248 0.17955173850068706 0.17796920528567162 0.1763866720706562 0.17480413885564078 0.1707615545845265 0.16408912005539922 0.15741668552627197 0.15074425099713334 0.1440718164680061 0.13739938193887882 0.13072694740975158 0.12405451288062432 0.11738207835149705 0.11070964382236981 0.10403720929324255 0.0973647747641153 0.1926769020413059 0.1926769020413059 0.1926769020413059 0.1926769020413059 0.1926769020413059 0.1926769020413059 0.1926769020413059 0.1926769020413059 0.1926769020413059 0.1926769020413059 0.1926769020413059 0.1926769020413059 0.1926769020413059 0.1926769020413059 0.1926769020413059 0.1926769020413059 -9999.0
