Figures/CREST_Example_wjb_NSE/Rolling_result/20100722/BJP_forecast/ens_13/wjb.rain.20090801.asc
ncols            288
nrows            254
xllcorner        113.274861
yllcorner        31.4918055
cellsize         0.008333333333
NODATA_value     -9999
[rows 40 to 59 of 254, columns 132 to 175 of 288]
0.0 0.0 0.0 0.0072622867248095645 0.02228812220847369 0.03731395769213782 0.052339793175801945 0.06736562865946608 0.0823914641431302 0.09741729962679432 0.11244313511045846 -9999.0 -9999.0 -9999.0 -9999.0 -9999.0 -9999.0 -9999.0 -9999.0 -9999.0 -9999.0 -9999.0 -9999.0 -9999.0 -9999.0 -9999.0 -9999.0 -9999.0 -9999.0 -9999.0 -9999.0 -9999.0 -9999.0 -9999.0 -9999.0 -9999.0 -9999.0 -9999.0 -9999.0 -9999.0 -9999.0 -9999.0 -9999.0 -9999.0
0.0 0.0 0.0 0.0072622867248095645 0.02228812220847369 0.03731395769213782 0.052339793175801945 0.06736562865946608 0.0823914641431302 0.09741729962679432 0.11244313511045846 0.12746897059414822 -9999.0 -9999.0 -9999.0 0.18031002581119537 0.18031002581119537 -9999.0 -9999.0 -9999.0 -9999.0 -9999.0 -9999.0 -9999.0 -9999.0 -9999.0 -9999.0 -9999.0 -9999.0 -9999.0 -9999.0 -9999.0 -9999.0 -9999.0 -9999.0 -9999.0 -9999.0 -9999.0 -9999.0 -9999.0 -9999.0 -9999.0 -9999.0 -9999.0
0.0 0.0 0.0 0.0072622867248095645 0.02228812220847369 0.03731395769213782 0.052339793175801945 0.06736562865946608 0.0823914641431302 0.09741729962679432 0.11244313511045846 0.12746897059414822 0.14249480607781234 0.15752064156147647 0.1725464770451406 0.18031002581119537 0.18031002581119537 -9999.0 -9999.0 0.18031002581119537 0.18031002581119537 0.18031002581119537 0.18031002581119537 -9999.0 -9999.0 -9999.0 -9999.0 -9999.0 -9999.0 -9999.0 -9999.0 -9999.0 -9999.0 -9999.0 -9999.0 -9999.0 -9999.0 -9999.0 -9999.0 -9999.0 -9999.0 -9999.0 -9999.0 -9999.0
0.0 0.0 0.0 0.0072622867248095645 0.02228812220847369 0.03731395769213782 0.052339793175801945 0.06736562865946608 0.0823914641431302 0.09741729962679432 0.11244313511045846 0.12746897059414822 0.14249480607781234 0.15752064156147647 0.1725464770451406 0.18031002581119537 0.18031002581119537 0.18031002581119537 0.18031002581119537 0.18031002581119537 0.18031002581119537 0.18031002581119537 0.18031002581119537 0.18031002581119537 -9999.0 -9999.0 -9999.0 -9999.0 -9999.0 -9999.0 -9999.0 -9999.0 -9999.0 -9999.0 -9999.0 -9999.0 -9999.0 -9999.0 -9999.0 -9999.0 -9999.0 -9999.0 -9999.0 -9999.0
0.0 0.0 0.0 0.0072622867248095645 0.02228812220847369 0.03731395769213782 0.052339793175801945 0.06736562865946608 0.0823914641431302 0.09741729962679432 0.11244313511045846 0.12746897059414822 0.14249480607781234 0.15752064156147647 0.1725464770451406 0.18031002581119537 0.18031002581119537 0.18031002581119537 0.18031002581119537 0.18031002581119537 0.18031002581119537 0.18031002581119537 0.18031002581119537 0.18031002581119537 0.18031002581119537 -9999.0 -9999.0 -9999.0 -9999.0 -9999.0 -9999.0 -9999.0 -9999.0 -9999.0 -9999.0 -9999.0 -9999.0 -9999.0 -9999.0 -9999.0 -9999.0 -9999.0 -9999.0 -9999.0
0.0 0.0 0.0 0.0072622867248095645 0.02228812220847369 0.03731395769213782 0.052339793175801945 0.06736562865946608 0.0823914641431302 0.09741729962679432 0.11244313511045846 0.12746897059414822 0.14249480607781234 0.15752064156147647 0.1725464770451406 0.18031002581119537 0.18031002581119537 0.18031002581119537 0.18031002581119537 0.18031002581119537 0.18031002581119537 0.18031002581119537 0.18031002581119537 0.18031002581119537 0.18031002581119537 -9999.0 0.18031002581119537 0.18293159862530334 0.18835569208016142 -9999.0 -9999.0 -9999.0 -9999.0 -9999.0 -9999.0 -9999.0 -9999.0 -9999.0 -9999.0 -9999.0 -9999.0 -9999.0 -9999.0 -9999.0
0.0 0.0 0.0 0.0072622867248095645 0.02228812220847369 0.03731395769213782 0.052339793175801945 0.06736562865946608 0.0823914641431302 0.09741729962679432 0.11244313511045846 0.12746897059414822 0.14249480607781234 0.15752064156147647 0.1725464770451406 0.18031002581119537 0.18031002581119537 0.18031002581119537 0.18031002581119537 0.18031002581119537 0.18031002581119537 0.18031002581119537 0.18031002581119537 0.18031002581119537 0.18031002581119537 0.18031002581119537 0.18031002581119537 0.18293159862530334 0.18835569208016142 -9999.0 -9999.0 -9999.0 -9999.0 -9999.0 -9999.0 -9999.0 -9999.0 -9999.0 -9999.0 -9999.0 -9999.0 -9999.0 -9999.0 -9999.0
0.0 0.0 0.0 0.0072622867248095645 0.02228812220847369 0.03731395769213782 0.052339793175801945 0.06736562865946608 0.0823914641431302 0.09741729962679432 0.11244313511045846 0.12746897059414822 0.14249480607781234 0.15752064156147647 0.1725464770451406 0.18031002581119537 0.18031002581119537 0.18031002581119537 0.18031002581119537 0.18031002581119537 0.18031002581119537 0.18031002581119537 0.18031002581119537 0.18031002581119537 0.18031002581119537 0.18031002581119537 0.18031002581119537 0.18293159862530334 -9999.0 -9999.0 -9999.0 -9999.0 -9999.0 -9999.0 -9999.0 -9999.0 -9999.0 -9999.0 -9999.0 -9999.0 -9999.0 -9999.0 -9999.0 -9999.0
0.0 0.0 0.0 0.0072622867248095645 0.02228812220847369 0.03731395769213782 0.052339793175801945 0.06736562865946608 0.0823914641431302 0.09741729962679432 0.11244313511045846 0.12746897059414822 0.14249480607781234 0.15752064156147647 0.1725464770451406 0.18031002581119537 0.18031002581119537 0.18031002581119537 0.18031002581119537 0.18031002581119537 0.18031002581119537 0.18031002581119537 0.18031002581119537 0.18031002581119537 0.18031002581119537 0.18031002581119537 0.18031002581119537 0.18293159862530334 0.18835569208016142 0.1937797855350195 0.19920387898987757 -9999.0 -9999.0 -9999.0 -9999.0 -9999.0 -9999.0 -9999.0 -9999.0 -9999.0 -9999.0 -9999.0 -9999.0 -9999.0
0.004965277422981421 0.004629870338932222 0.004294463254883021 0.011211744466302843 0.025882313498525975 0.04055288253074911 0.05522345156297224 0.06989402059519537 0.0845645896274185 0.09923515865964164 0.11390572769186476 0.12857629672411292 0.14324686575633605 0.15791743478855919 0.17258800382078232 0.18016799351461754 0.18016799351461754 0.18016799351461754 0.18016799351461754 0.18016799351461754 0.18016799351461754 0.18016799351461754 0.18016799351461754 0.18016799351461754 0.18016799351461754 0.18016799351461754 0.18016799351461754 0.18243909385721183 0.18713805184048768 0.1918370098237635 0.19653596780703936 0.2012349257903152 0.20593388377359104 0.2106328417568669 -9999.0 -9999.0 -9999.0 -9999.0 -9999.0 -9999.0 -9999.0 -9999.0 -9999.0 -9999.0
0.015238123325966088 0.014208780134085493 0.013179436942204897 0.019382923500715927 0.03331846864620483 0.04725401379169374 0.06118955893718265 0.07512510408267156 0.08906064922816047 0.10299619437364937 0.11693173951913828 0.13086728466465097 0.14480282981013987 0.15873837495562876 0.17267392010111768 0.17987413764883295 0.17987413764883295 0.17987413764883295 0.17987413764883295 0.17987413764883295 0.17987413764883295 0.17987413764883295 0.17987413764883295 0.17987413764883295 0.17987413764883295 0.17987413764883295 0.17987413764883295 0.18142013254687858 0.18461883096280893 0.1878175293787393 0.19101622779466965 0.19421492621060002 0.1974136246265304 0.20061232304246074 0.2038110214583911 0.20700971987432146 0.21020841829025183 -9999.0 -9999.0 -9999.0 -9999.0 -9999.0 -9999.0 -9999.0
0.02551096922895074 0.02378768992923875 0.02206441062952676 0.027554102535128994 0.04075462379388367 0.053955145052638355 0.06715566631139303 0.08035618757014772 0.0935567088289024 0.10675723008765707 0.11995775134641176 0.13315827260518895 0.14635879386394363 0.1595593151226983 0.17275983638145298 0.17958028178304833 0.17958028178304833 0.17958028178304833 0.17958028178304833 0.17958028178304833 0.17958028178304833 0.17958028178304833 0.17958028178304833 0.17958028178304833 0.17958028178304833 0.17958028178304833 0.17958028178304833 0.1804011712365453 0.18209961008513018 0.18379804893371507 0.18549648778229993 0.18719492663088483 0.1888933654794697 0.19059180432805456 0.19229024317663945 0.19398868202522432 0.1956871208738092 0.197385559722397 -9999.0 -9999.0 -9999.0 -9999.0 -9999.0 -9999.0
0.035783815131935404 0.033366599724392015 0.030949384316848627 0.035725281569542064 0.04819077894156251 0.060656276313582974 0.07312177368560342 0.08558727105762388 0.09805276842964433 0.1105182658016648 0.12298376317368524 0.13544926054572698 0.1479147579177474 0.16038025528976788 0.17284575266178834 0.1792864259172637 0.1792864259172637 0.1792864259172637 0.1792864259172637 0.1792864259172637 0.1792864259172637 0.1792864259172637 0.1792864259172637 0.1792864259172637 0.1792864259172637 0.1792864259172637 0.1792864259172637 0.17938220992621204 0.17958038920745142 0.1797785684886908 0.17997674776993022 0.1801749270511696 0.180373106332409 0.1805712856136484 0.1807694648948878 0.18096764417612718 0.1811658234573666 0.1813640027386063 0.18156218201984572 0.1816645772922321 0.1816645772922321 -9999.0 -9999.0 -9999.0
0.04605666103492881 0.042945509519553435 0.03983435800417806 0.0438964606039621 0.0556269340892477 0.0673574075745333 0.07908788105981891 0.09081835454510451 0.10254882803039012 0.11427930151567572 0.12600977500096133 0.13774024848626693 0.14947072197155253 0.16120119545683814 0.17293166894212375 0.17899257005147887 0.17899257005147887 0.17899257005147887 0.17899257005147887 0.17899257005147887 0.17899257005147887 0.17899257005147887 0.17899257005147887 0.17899257005147887 0.17899257005147887 0.17899257005147887 0.17899257005147887 0.1783632486158779 0.17706116832977056 0.1757590880436632 0.17445700775755582 0.17315492747144845 0.17185284718534108 0.1705507668992337 0.16924868661312636 0.167946606327019 0.16664452604091162 0.16534244575480203 0.16404036546869466 0.16336760661756208 0.16336760661756208 -9999.0 -9999.0 -9999.0
0.056329506937913464 0.052524419314706694 0.048719331691499924 0.052067639638375164 0.06306308923692654 0.07405853883547792 0.0850539884340293 0.09604943803258068 0.10704488763113204 0.11804033722968342 0.1290357868282348 0.14003123642680493 0.1510266860253563 0.1620221356239077 0.17301758522245905 0.17869871418569425 0.17869871418569425 0.17869871418569425 0.17869871418569425 0.17869871418569425 0.17869871418569425 0.17869871418569425 0.17869871418569425 0.17869871418569425 0.17869871418569425 0.17869871418569425 0.17869871418569425 0.17734428730554463 0.17454194745209178 0.17173960759863893 0.16893726774518608 0.16613492789173326 0.1633325880382804 0.16053024818482756 0.1577279083313747 0.15492556847792185 0.152123228624469 0.14932088877101138 0.14651854891755853 0.14507063594290764 0.14507063594290764 0.14507063594290764 -9999.0 -9999.0
0.06660235284089812 0.06210332910985995 0.05760430537882179 0.060238818672788234 0.07049924438460539 0.08075967009642254 0.09102009580823969 0.10128052152005684 0.111540947231874 0.12180137294369116 0.13206179865550832 0.14232222436734296 0.1525826500791601 0.16284307579097726 0.1731035015027944 0.17840485831990965 0.17840485831990965 0.17840485831990965 0.17840485831990965 0.17840485831990965 0.17840485831990965 0.17840485831990965 0.17840485831990965 0.17840485831990965 0.17840485831990965 0.17840485831990965 0.17840485831990965 0.1763253259952114 0.17202272657441306 0.16772012715361473 0.1634175277328164 0.15911492831201807 0.15481232889121974 0.1505097294704214 0.14620713004962307 0.14190453062882474 0.1376019312080264 0.13329933178722075 0.1289967323664224 0.12677366526825323 0.12677366526825323 0.12677366526825323 0.12677366526825323 -9999.0
0.07687519874388278 0.07168223890501321 0.06648927906614366 0.0684099977072013 0.07793539953228422 0.08746080135736715 0.09698620318245008 0.10651160500753301 0.11603700683261593 0.12556240865769885 0.1350878104827818 0.14461321230788093 0.15413861413296387 0.1636640159580468 0.17318941778312974 0.17811100245412503 0.17811100245412503 0.17811100245412503 0.17811100245412503 0.17811100245412503 0.17811100245412503 0.17811100245412503 0.17811100245412503 0.17811100245412503 0.17811100245412503 0.17811100245412503 0.17811100245412503 0.17530636468487812 0.1695035056967343 0.1637006467085905 0.1578977877204467 0.15209492873230285 0.14629206974415904 0.14048921075601523 0.13468635176787142 0.1288834927797276 0.1230806337915838 0.11727777480343007 0.11147491581528626 0.1084766945935988 0.1084766945935988 0.1084766945935988 0.1084766945935988 0.1084766945935988
0.08714804464686743 0.08126114870016647 0.07537425275346551 0.07658117674161437 0.08537155467996307 0.09416193261831177 0.10295231055666047 0.11174268849500918 0.12053306643335787 0.12932344437170656 0.13811382231005526 0.14690420024841896 0.15569457818676766 0.16448495612511638 0.17327533406346507 0.1778171465883404 0.1778171465883404 0.1778171465883404 0.1778171465883404 0.1778171465883404 0.1778171465883404 0.1778171465883404 0.1778171465883404 0.1778171465883404 0.1778171465883404 0.1778171465883404 0.1778171465883404 0.17428740337454485 0.16698428481905556 0.15968116626356627 0.15237804770807695 0.14507492915258766 0.13777181059709837 0.13046869204160905 0.12316557348611976 0.11586245493063047 0.10855933637514117 0.10125621781963942 0.09395309926415012 0.09017972391894435 0.09017972391894435 0.09017972391894435 0.09017972391894435 0.09017972391894435
0.09742089054985209 0.09084005849531973 0.08425922644078737 0.08475235577602744 0.09280770982764192 0.10086306387925639 0.10891841793087086 0.11697377198248533 0.12502912603409982 0.13308448008571427 0.14113983413732875 0.14919518818895697 0.15725054224057144 0.16530589629218592 0.1733612503438004 0.17752329072255582 0.17752329072255582 0.17752329072255582 0.17752329072255582 0.17752329072255582 0.17752329072255582 0.17752329072255582 0.17752329072255582 0.17752329072255582 0.17752329072255582 0.17752329072255582 0.17752329072255582 0.1732684420642116 0.16446506394137683 0.15566168581854203 0.14685830769570726 0.13805492957287246 0.1292515514500377 0.12044817332720292 0.11164479520436814 0.10284141708153335 0.09403803895869857 0.08523466083584878 0.076431282713014 0.07188275324428993 0.07188275324428993 0.07188275324428993 0.07188275324428993 0.07188275324428993
0.1076937364528455 0.10041896829048115 0.0931442001281168 0.09292353481044748 0.1002438649753271 0.10756419514020671 0.11488452530508633 0.12220485546996596 0.12952518563484558 0.1368455157997252 0.14416584596460483 0.15148617612949694 0.15880650629437654 0.1661268364592562 0.17344716662413578 0.17722943485677095 0.17722943485677095 0.17722943485677095 0.17722943485677095 0.17722943485677095 0.17722943485677095 0.17722943485677095 0.17722943485677095 0.17722943485677095 0.17722943485677095 0.17722943485677095 0.17722943485677095 0.17224948075387747 0.16194584306369592 0.1516422053735144 0.14133856768333283 0.1310349299931513 0.12073129230296975 0.11042765461278821 0.10012401692260667 0.08982037923242513 0.07951674154224359 0.06921310385204447 0.05890946616186293 0.053585782569619905 0.053585782569619905 0.053585782569619905 0.053585782569619905 0.053585782569619905
