Figures/CREST_Example_wjb_NSE/Rolling_result/20100722/BJP_forecast/ens_28/wjb.rain.20100726.asc
ncols            288
nrows            254
xllcorner        113.274861
yllcorner        31.4918055
cellsize         0.008333333333
NODATA_value     -9999
[rows 30 to 59 of 254, columns 67 to 133 of 288]
0.0 0.0 0.0 0.0 0.0 0.0 0.0 0.0 0.0 0.0 0.0 0.0 0.0 0.0 0.0 0.0 0.0 0.0 0.0 0.0 0.0 0.0 0.0 0.0 0.0 0.0 0.0 0.0 0.0 0.0 0.0 0.0 0.3090058478635808 0.9483459339254008 1.5876860199872207 2.2270261060490406 2.8663661921108607 3.505706278173771 4.145046364235591 4.7843864502974105 5.423726536359231 6.063066622421051 6.7024067084828705 7.341746794544691 7.621111855196154 7.515655473663096 7.410199092130037 7.304742710596979 7.199286329063921 7.093829947530862 6.988373565997624 6.882917184464565 6.7774608029315075 6.672004421398449 6.56654803986539 6.461091658332332 0.5795548342397786 0.5795548342397786 0.5795548342397786 0.5795548342397786 0.5795548342397786 0.5795548342397786 0.5795548342397786 0.5795548342397786 0.5795548342397786 0.5795548342397786 0.5795548342397786
0.0 0.0 0.0 0.0 0.0 0.0 0.0 0.0 0.0 0.0 0.0 0.0 0.0 0.0 0.0 0.0 0.0 0.0 0.0 0.0 0.0 0.0 0.0 0.0 0.0 0.0 0.0 0.0 0.0 0.0 0.0 0.0 0.3653594293207587 1.121296349610227 1.8772332698996954 2.6331701901891638 3.389107110478632 4.14504403076939 4.900980951058858 5.656917871348327 6.412854791637795 7.1687917119272635 7.924728632216731 8.6806655525062 9.010978586506898 8.886290061543576 8.761601536580256 8.636913011616935 8.512224486653613 8.387535961690292 8.262847436726759 8.138158911763437 8.013470386800115 7.888781861836794 7.764093336873473 7.639404811910151 0.5795548342397786 0.5795548342397786 0.5795548342397786 0.5795548342397786 0.5795548342397786 0.5795548342397786 0.5795548342397786 0.5795548342397786 0.5795548342397786 0.5795548342397786 0.5795548342397786
0.0 0.0 0.0 0.0 0.0 0.0 0.0 0.0 0.0 0.0 0.0 0.0 0.0 0.0 0.0 0.0 0.0 0.0 0.0 0.0 0.0 0.0 0.0 0.0 0.0 0.0 0.0 0.0 0.0 0.0 0.0 0.0 0.42171301077793666 1.2942467652950538 2.166780519812171 3.039314274329288 3.911848028846405 4.78438178336501 5.656915537882127 6.529449292399244 7.401983046916361 8.274516801433478 9.147050555950594 10.019584310467712 10.400845317817646 10.256924649424061 10.113003981030477 9.969083312636892 9.825162644243308 9.681241975849723 9.537321307455894 9.393400639062309 9.249479970668725 9.10555930227514 8.961638633881556 8.81771796548797 0.5795548342397786 0.5795548342397786 0.5795548342397786 0.5795548342397786 0.5795548342397786 0.5795548342397786 0.5795548342397786 0.5795548342397786 0.5795548342397786 0.5795548342397786 0.5795548342397786
0.0 0.0 0.0 0.0 0.0 0.0 0.0 0.0 0.0 0.0 0.0 0.0 0.0 0.0 0.0 0.0 0.0 0.0 0.0 0.0 0.0 0.0 0.0 0.0 0.0 0.0 0.0 0.0 0.0 0.0 0.0 0.0 0.47806659223516257 1.4671971809800273 2.456327769724892 3.445458358469757 4.434588947214622 5.423719535961173 6.412850124706038 7.401980713450903 8.391111302195768 9.380241890940633 10.369372479685497 11.358503068430363 11.790712049129576 11.627559237305713 11.464406425481847 11.301253613657984 11.13810080183412 10.974947990010257 10.811795178186115 10.64864236636225 10.485489554538386 10.322336742714523 10.15918393089066 9.996031119066794 0.5795548342397786 0.5795548342397786 0.5795548342397786 0.5795548342397786 0.5795548342397786 0.5795548342397786 0.5795548342397786 0.5795548342397786 0.5795548342397786 0.5795548342397786 0.5795548342397786
0.0 0.0 0.0 0.0 0.0 0.0 0.0 0.0 0.0 0.0 0.0 0.0 0.0 0.0 0.0 0.0 0.0 0.0 0.0 0.0 0.0 0.0 0.0 0.0 0.0 0.0 0.0 0.0 0.0 0.0 0.0 0.0 0.5344201736923405 1.640147596664854 2.7458750196373676 3.851602442609881 4.957329865582395 6.063057288556793 7.168784711529307 8.27451213450182 9.380239557474335 10.485966980446847 11.59169440341936 12.697421826391874 13.180578780440323 12.998193825186195 12.815808869932068 12.633423914677941 12.451038959423814 12.268654004169687 12.08626904891525 11.903884093661123 11.721499138406996 11.539114183152869 11.356729227898741 11.174344272644614 0.5795548342397786 0.5795548342397786 0.5795548342397786 0.5795548342397786 0.5795548342397786 0.5795548342397786 0.5795548342397786 0.5795548342397786 0.5795548342397786 0.5795548342397786 0.5795548342397786
0.0 0.0 0.0 0.0 0.0 0.0 0.0 0.0 0.0 0.0 0.0 0.0 0.0 0.0 0.0 0.0 0.0 0.0 0.0 0.0 0.0 0.0 0.0 0.0 0.0 0.0 0.0 0.0 0.0 0.0 0.0 0.0 0.5907737551495184 1.81309801234968 3.035422269549842 4.257746526750004 5.480070783950166 6.702395041152411 7.924719298352573 9.147043555552735 10.369367812752897 11.591692069953059 12.81401632715322 14.036340584353383 14.570445511751068 14.368828413066678 14.167211314382287 13.965594215697898 13.763977117013507 13.562360018329118 13.360742919644384 13.159125820959993 12.957508722275604 12.755891623591214 12.554274524906823 12.352657426222434 0.5795548342397786 0.5795548342397786 0.5795548342397786 0.5795548342397786 0.5795548342397786 0.5795548342397786 0.5795548342397786 0.5795548342397786 0.5795548342397786 0.5795548342397786 0.5795548342397786
0.0 0.0 0.0 0.0 0.0 0.0 0.0 0.0 0.0 0.0 0.0 0.0 0.0 0.0 0.0 0.0 0.0 0.0 0.0 0.0 0.0 0.0 0.0 0.0 0.0 0.0 0.0 0.0 0.0 0.0 0.0 0.0 0.6471273366066963 1.9860484280345065 3.324969519462317 4.663890610890127 6.0028117023179375 7.341732793748031 8.680653885175841 10.019574976603652 11.358496068031462 12.697417159459272 14.036338250887082 15.375259342314893 15.960312243061813 15.73946300094716 15.518613758832506 15.297764516717853 15.0769152746032 14.856066032488547 14.635216790373518 14.414367548258866 14.193518306144213 13.97266906402956 13.751819821914907 13.530970579800254 0.5795548342397786 0.5795548342397786 0.5795548342397786 0.5795548342397786 0.5795548342397786 0.5795548342397786 0.5795548342397786 0.5795548342397786 0.5795548342397786 0.5795548342397786 0.5795548342397786
0.0 0.0 0.0 0.0 0.0 0.0 0.0 0.0 0.0 0.0 0.0 0.0 0.0 0.0 0.0 0.0 0.0 0.0 0.0 0.0 0.0 0.0 0.0 0.0 0.0 0.0 0.0 0.0 0.0 0.0 0.0 0.0 0.6760518577767096 2.0748184375083443 3.4735850172399787 4.872351596971614 6.271118176703248 7.669884756437268 9.068651336168903 10.467417915900537 11.866184495632172 13.264951075363806 14.663717655095441 16.062484234827075 16.67352794516385 16.442478095546853 16.211428245929856 15.98037839631286 15.749328546695862 15.518278697078864 15.287228847461472 15.056178997844475 14.825129148227477 14.59407929861048 14.363029448993482 14.131979599376484 13.448219917685877 12.280503187571208 11.112786457456538 9.94506972734187 8.7773529972272 7.60963626711253 6.441919536997861 5.274202806881199 4.106486076766529 2.93876934665186 1.7710526165371903
0.0 0.0 0.0 0.0 0.0 0.0 0.0 0.0 0.0 0.0 0.0 0.0 0.0 0.0 0.0 0.0 0.0 0.0 0.0 0.0 0.0 0.0 0.0 0.0 0.0 0.0 0.0 0.0 0.0 0.0 0.0 0.0 0.6756564430931704 2.073604900903968 3.4715533587147656 4.869501816525563 6.267450274336361 7.665398732149542 9.06334718996034 10.461295647771138 11.859244105581935 13.257192563392731 14.65514102120353 16.05308947901433 16.66344636460531 16.431850049891622 16.200253735177938 15.968657420464252 15.737061105750566 15.50546479103688 15.273868476322798 15.042272161609112 14.810675846895426 14.57907953218174 14.347483217468055 14.115886902754369 13.432504405665513 12.266152262568369 11.099800119471226 9.93344797637408 8.767095833276937 7.600743690179791 6.4343915470826465 5.268039403983513 4.101687260886369 2.935335117789224 1.7689829746920793
0.0 0.0 0.0 0.0 0.0 0.0 0.0 0.0 0.0 0.0 0.0 0.0 0.0 0.0 0.0 0.0 0.0 0.0 0.0 0.0 0.0 0.0 0.0 0.0 0.0 0.0 0.0 0.0 0.0 0.0 0.0 0.0 0.6752610284096313 2.072391364299592 3.469521700189553 4.866652036079514 6.263782371969474 7.660912707861818 9.058043043751779 10.455173379641739 11.852303715531699 13.24943405142166 14.64656438731162 16.043694723201583 16.653364784046765 16.42122200423639 16.189079224426017 15.956936444615643 15.724793664805269 15.492650884994895 15.260508105184124 15.02836532537375 14.796222545563376 14.564079765753002 14.331936985942626 14.099794206132252 13.416788893645148 12.25180133756553 11.08681378148591 9.92182622540629 8.756838669326672 7.591851113247052 6.426863557167432 5.261876001085826 4.096888445006208 2.931900888926588 1.7669133328469684
0.0 0.0 0.0 0.0 0.0 0.0 0.0 0.0 0.0 0.0 0.0 0.0 0.0 0.0 0.0 0.0 0.0 0.0 0.0 0.0 0.0 0.0 0.0 0.0 0.0 0.0 0.0 0.0 0.0 0.0 0.0 0.0 0.6748656137260918 2.0711778276952146 3.4674900416643375 4.863802255633461 6.260114469602583 7.656426683574088 9.052738897543211 10.449051111512333 11.845363325481456 13.24167553945058 14.637987753419702 16.034299967388826 16.643283203488217 16.410593958581153 16.17790471367409 15.945215468767026 15.712526223859962 15.4798369789529 15.24714773404544 15.014458489138377 14.781769244231313 14.54907999932425 14.316390754417187 14.083701509510124 13.401073381624771 12.237450412562678 11.073827443500585 9.910204474438492 8.7465815053764 7.582958536314306 6.419335567252213 5.255712598188136 4.092089629126043 2.9284666600639504 1.7648436910018575
0.0 0.0 0.0 0.0 0.0 0.0 0.0 0.0 0.0 0.0 0.0 0.0 0.0 0.0 0.0 0.0 0.0 0.0 0.0 0.0 0.0 0.0 0.0 0.0 0.0 0.0 0.0 0.0 0.0 0.0 0.0 0.0 0.6744701990425528 2.0699642910908387 3.465458383139125 4.860952475187411 6.256446567235697 7.651940659286363 9.047434751334649 10.442928843382935 11.838422935431222 13.233917027479507 14.629411119527793 16.02490521157608 16.633201622929672 16.39996591292592 16.166730202922167 15.933494492918417 15.700258782914666 15.467023072910914 15.233787362906765 15.000551652903013 14.767315942899263 14.53408023289551 14.30084452289176 14.067608812888007 13.385357869604405 12.223099487559837 11.06084110551527 9.898582723470703 8.736324341426135 7.574065959381567 6.411807577336999 5.2495491952904505 4.0872908132458825 2.9250324312013145 1.7627740491567465
0.0 0.0 0.0 0.0 0.0 0.0 0.0 0.0 0.0 0.0 0.0 0.0 0.0 0.0 0.0 0.0 0.0 0.0 0.0 0.0 0.0 0.0 0.0 0.0 0.0 0.0 0.0 0.0 0.0 0.0 0.0 0.0 0.6740747843590136 2.0687507544864627 3.4634267246139117 4.858102694741361 6.25277866486881 7.647454634998637 9.042130605126086 10.436806575253534 11.831482545380984 13.226158515508432 14.620834485635882 16.01551045576333 16.623120042371127 16.38933786727069 16.15555569217025 15.92177351706981 15.687991341969369 15.45420916686893 15.220426991768091 14.986644816667653 14.752862641567212 14.519080466466772 14.285298291366333 14.051516116265892 13.369642357584041 12.208748562556998 11.047854767529955 9.886960972502912 8.726067177475871 7.565173382448828 6.404279587421786 5.243385792392763 4.08249199736572 2.9215982023386786 1.7607044073116356
0.0 0.0 0.0 0.0 0.0 0.0 0.0 0.0 0.0 0.0 0.0 0.0 0.0 0.0 0.0 0.0 0.0 0.0 0.0 0.0 0.0 0.0 0.0 0.0 0.0 0.0 0.0 0.0 0.0 0.0 0.0 0.0 0.6736793696754745 2.0675372178820863 3.4613950660886985 4.85525291429531 6.249110762501922 7.642968610710911 9.036826458917522 10.430684307124135 11.824542155330747 13.21840000353736 14.612257851743971 16.006115699950584 16.613038461812586 16.378709821615455 16.14438118141833 15.910052541221201 15.675723901024073 15.441395260826944 15.207066620629417 14.972737980432289 14.738409340235162 14.504080700038033 14.269752059840904 14.035423419643777 13.353926845563675 12.19439763755416 11.034868429544641 9.875339221535125 8.715810013525608 7.55628080551609 6.396751597506573 5.237222389495079 4.077693181485561 2.9181639734760445 1.7586347654665264
0.0 0.0 0.0 0.0 0.0 0.0 0.0 0.0 0.0 0.0 0.0 0.0 0.0 0.0 0.0 0.0 0.0 0.0 0.0 0.0 0.0 0.0 0.0 0.0 0.0 0.0 0.0 0.0 0.0 0.0 0.0 0.0 0.6732839549919354 2.0663236812777104 3.4593634075634854 4.85240313384926 6.245442860135036 7.638482586423186 9.031522312708962 10.424562038994736 11.817601765280513 13.210641491566287 14.603681217852062 15.996720944137838 16.60295688125404 16.368081775960224 16.13320667066641 15.898331565372592 15.663456460078777 15.42858135478496 15.193706249490743 14.958831144196926 14.723956038903111 14.489080933609294 14.254205828315477 14.019330723021662 13.338211333543311 12.18004671255132 11.021882091559327 9.863717470567336 8.705552849575344 7.547388228583351 6.389223607591359 5.231058986597391 4.0728943656054 2.9147297446134086 1.7565651236214155
0.0 0.0 0.0 0.0 0.0 0.0 0.0 0.0 0.0 0.0 0.0 0.0 0.0 0.0 0.0 0.0 0.0 0.0 0.0 0.0 0.0 0.0 0.0 0.0 0.0 0.0 0.0 0.0 0.0 0.0 0.0 0.0 0.6728885403083962 2.0651101446733344 3.4573317490382722 4.84955335340321 6.241774957768149 7.633996562135461 9.0262181665004 10.418439770865337 11.810661375230275 13.202882979595213 14.59510458396015 15.987326188325088 16.5928753006955 16.357453730304993 16.12203215991449 15.886610589523984 15.65118901913348 15.415767448742976 15.18034587835207 14.944924307961564 14.709502737571059 14.474081167180554 14.23865959679005 14.003238026399545 13.322495821522946 12.16569578754848 11.008895753574013 9.852095719599546 8.695295685625078 7.538495651650612 6.381695617676145 5.2248955836997055 4.068095549725239 2.911295515750771 1.7544954817763045
0.0 0.0 0.0 0.0 0.0 0.0 0.0 0.0 0.0 0.0 0.0 0.0 0.0 0.0 0.0 0.0 0.0 0.0 0.0 0.0 0.0 0.0 0.0 0.0 0.0 0.0 0.0 0.0 0.0 0.0 0.0 0.0 0.6724931256248567 2.063896608068957 3.4553000905130578 4.846703572957158 6.238107055401259 7.629510537847732 9.020914020291832 10.412317502735933 11.803720985180034 13.195124467624135 14.586527950068234 15.977931432512335 16.582793720136948 16.346825684649755 16.11085764916256 15.874889613675368 15.638921578188175 15.40295354270098 15.166985507213385 14.931017471726191 14.695049436238998 14.459081400751804 14.22311336526461 13.987145329777416 13.30678030950257 12.151344862545628 10.995909415588688 9.840473968631748 8.685038521674807 7.529603074717866 6.374167627760926 5.218732180802016 4.063296733845075 2.907861286888135 1.7524258399311936
0.0 0.0 0.0 0.0 0.0 0.0 0.0 0.0 0.0 0.0 0.0 0.0 0.0 0.0 0.0 0.0 0.0 0.0 0.0 0.0 0.0 0.0 0.0 0.0 0.0 0.0 0.0 0.0 0.0 0.0 0.0 0.0 0.6720977109413176 2.062683071464581 3.4532684319878446 4.843853792511108 6.234439153034371 7.625024513560006 9.01560987408327 10.406195234606534 11.796780595129796 13.18736595565306 14.577951316176323 15.968536676699587 16.572712139578403 16.336197638994523 16.09968313841064 15.863168637826758 15.626654137242877 15.390139636658995 15.153625136074709 14.917110635490827 14.680596134906946 14.444081634323064 14.207567133739182 13.9710526331553 13.291064797482203 12.136993937542787 10.982923077603372 9.828852217663957 8.674781357724541 7.520710497785127 6.366639637845712 5.212568777904329 4.058497917964914 2.904427058025499 1.7503561980860827
0.0 0.0 0.0 0.0 0.0 0.0 0.0 0.0 0.0 0.0 0.0 0.0 0.0 0.0 0.0 0.0 0.0 0.0 0.0 0.0 0.0 0.0 0.0 0.0 0.0 0.0 0.0 0.0 0.0 0.0 0.0 0.0 0.6717022962577784 2.061469534860205 3.451236773462631 4.841004012065057 6.230771250667484 7.62053848927228 9.010305727874707 10.400072966477133 11.789840205079559 13.179607443681986 14.569374682284412 15.959141920886838 16.562630559019862 16.32556959333929 16.08850862765872 15.851447661978149 15.61438669629758 15.37732573061701 15.140264764936035 14.903203799255465 14.666142833574895 14.429081867894325 14.192020902213754 13.954959936533184 13.275349285461838 12.122643012539948 10.969936739618056 9.817230466696167 8.664524193774277 7.511817920852388 6.359111647930498 5.206405375006643 4.053699102084753 2.9009928291628633 1.7482865562409735
0.0 0.0 0.0 0.0 0.0 0.0 0.0 0.0 0.0 0.0 0.0 0.0 0.0 0.0 0.0 0.0 0.0 0.0 0.0 0.0 0.0 0.0 0.0 0.0 0.0 0.0 0.0 0.0 0.0 0.0 0.0 0.0 0.6760056214067205 2.0746765370434117 3.473347452680103 4.872018368316795 6.2706892839534865 7.669360199592562 9.068031115229253 10.466702030865946 11.865372946502637 13.264043862139328 14.662714777776019 16.06138569341271 16.66341142372018 16.41380543658205 16.164199449443917 15.914593462305783 15.664987475167651 15.415381488029519 15.16577550089096 14.916169513752827 14.666563526614695 14.416957539476563 14.167351552338431 13.917745565200297 13.241587459076387 12.109435491370467 10.97728352366455 9.84513155595863 8.712979588252711 7.580827620546792 6.448675652840873 5.316523685133022 4.184371717427103 3.052219749721184 1.9200677820152645
0.0 0.0 0.0 0.0 0.0 0.0 0.0 0.0 0.0 0.0 0.0 0.0 0.0 0.0 0.0 0.0 0.0 0.0 0.0 0.0 0.0 0.0 0.0 0.0 0.0 0.0 0.0 0.0 0.0 0.0 0.0 0.0 0.6853316031579268 2.103298185904645 3.5212647686513634 4.939231351398082 6.3571979341448 7.775164516893936 9.193131099640654 10.611097682387372 12.02906426513409 13.447030847880809 14.864997430627527 16.282964013374244 16.882697251979756 16.607720543202284 16.332743834424807 16.057767125647334 15.782790416869862 15.507813708092387 15.232836999314445 14.95786029053697 14.682883581759498 14.407906872982023 14.13293016420455 13.857953455427076 13.188535260543544 12.097450196801615 11.006365133059685 9.915280069317756 8.824195005575827 7.733109941833897 6.642024878091967 5.550939814348176 4.459854750606247 3.368769686864317 2.277684623122388
0.0 0.0 0.0 0.0 0.0 0.0 0.0 0.0 0.0 0.0 0.0 0.0 0.0 0.0 0.0 0.0 0.0 0.0 0.0 0.0 0.0 0.0 0.0 0.0 0.0 0.0 0.0 0.0 0.0 0.0 0.0 0.0 0.6946575849091331 2.131919834765878 3.5691820846226228 5.006444334479368 6.4437065843361125 7.880968834195308 9.318231084052053 10.755493333908797 12.192755583765543 13.630017833622286 15.067280083479032 16.504542333335777 17.101983080239332 16.80163564982252 16.5012882194057 16.200940788988888 15.900593358572072 15.600245928155259 15.299898497737932 14.999551067321116 14.6992036369043 14.398856206487487 14.098508776070672 13.798161345653856 13.135483062010703 12.085464902232763 11.035446742454823 9.985428582676883 8.935410422898943 7.885392263121004 6.835374103343064 5.785355943563332 4.735337783785393 3.6853196240074535 2.6353014642295136
0.0 0.0 0.0 0.0 0.0 0.0 0.0 0.0 0.0 0.0 0.0 0.0 0.0 0.0 0.0 0.0 0.0 0.0 0.0 0.0 0.0 0.0 0.0 0.0 0.0 0.0 0.0 0.0 0.0 0.0 0.0 0.0 0.7039835666603393 2.1605414836271106 3.617099400593882 5.073657317560653 6.530215234527425 7.98677315149668 9.44333106846345 10.899888985430223 12.356446902396995 13.813004819363766 15.269562736330537 16.726120653297308 17.321268908498908 16.99555075644275 16.669832604386595 16.34411445233044 16.018396300274283 15.692678148218127 15.366959996161416 15.04124184410526 14.715523692049103 14.389805539992947 14.064087387936791 13.738369235880636 13.08243086347786 12.073479607663911 11.06452835184996 10.05557709603601 9.04662584022206 8.037674584408109 7.028723328594158 6.019772072778488 5.010820816964538 4.001869561150587 2.9929183053366373
0.0 0.0 0.0 0.0 0.0 0.0 0.0 0.0 0.0 0.0 0.0 0.0 0.0 0.0 0.0 0.0 0.0 0.0 0.0 0.0 0.0 0.0 0.0 0.0 0.0 0.0 0.0 0.0 0.0 0.0 0.0 0.0 0.7133095484115536 2.189163132488368 3.665016716565183 5.140870300641997 6.6167238847188115 8.092577468798144 9.568431052874958 11.044284636951772 12.520138221028587 13.995991805105401 15.471845389182215 16.94769897325903 17.540554736758672 17.189465863063152 16.83837698936763 16.487288115672115 16.136199241976595 15.785110368281076 15.434021494584957 15.082932620889439 14.73184374719392 14.3807548734984 14.029665999802882 13.678577126107363 13.029378664944973 12.061494313095046 11.093609961245122 10.125725609395197 9.15784125754527 8.189956905695343 7.222072553845418 6.254188201993842 5.286303850143916 4.318419498293991 3.3505351464440647
0.0 0.0 0.0 0.0 0.0 0.0 0.0 0.0 0.0 0.0 0.0 0.0 0.0 0.0 0.0 0.0 0.0 0.0 0.0 0.0 0.0 0.0 0.0 0.0 0.0 0.0 0.0 0.0 0.0 0.0 0.0 0.0 0.7226355301627599 2.2177847813496014 3.7129340325364426 5.208083283723284 6.703232534910126 8.198381786099516 9.693531037286357 11.188680288473199 12.68382953966004 14.178978790846882 15.674128042033724 17.169277293220564 17.759840565018248 17.383380969683387 17.006921374348526 16.630461779013665 16.254002183678807 15.877542588343946 15.501082993008444 15.124623397673583 14.748163802338723 14.371704207003862 13.995244611669001 13.618785016334142 12.97632646641213 12.049509018526194 11.122691570640256 10.195874122754322 9.269056674868384 8.34223922698245 7.415421779096513 6.488604331208997 5.561786883323061 4.6349694354371245 3.7081519875511884
0.0 0.0 0.0 0.0 0.0 0.0 0.0 0.0 0.0 0.0 0.0 0.0 0.0 0.0 0.0 0.0 0.0 0.0 0.0 0.0 0.0 0.0 0.0 0.0 0.0 0.0 0.0 0.0 0.0 0.0 0.0 0.0 0.7319615119139663 2.246406430210834 3.760851348507702 5.27529626680457 6.789741185101438 8.30418610340089 9.818631021697756 11.333075939994625 12.847520858291492 14.36196577658836 15.876410694885228 17.390855613182097 17.979126393277824 17.57729607630362 17.17546575932942 16.773635442355218 16.371805125381016 15.969974808406816 15.568144491431928 15.166314174457728 14.764483857483526 14.362653540509324 13.960823223535122 13.55899290656092 12.92327426787929 12.037523723957342 11.151773180035395 10.266022636113448 9.3802720921915 8.494521548269555 7.608771004347608 6.72302046042415 5.837269916502204 4.9515193725802575 4.06576882865831
0.0 0.0 0.0 0.0 0.0 0.0 0.0 0.0 0.0 0.0 0.0 0.0 0.0 0.0 0.0 0.0 0.0 0.0 0.0 0.0 0.0 0.0 0.0 0.0 0.0 0.0 0.0 0.0 0.0 0.0 0.0 0.0 0.7412874936651728 2.275028079072068 3.8087686644789627 5.3425092498858575 6.876249835292753 8.409990420702263 9.943731006109159 11.477471591516053 13.011212176922948 14.544952762329842 16.07869334773674 17.612433933143635 18.198412221537403 17.771211182923857 17.344010144310314 16.91680910569677 16.48960806708323 16.062407028469686 15.635205989855415 15.208004951241872 14.780803912628329 14.353602874014786 13.926401835401244 13.4992007967877 12.870222069346447 12.025538429388488 11.180854789430532 10.336171149472575 9.491487509514618 8.64680386955666 7.802120229598704 6.957436589639307 6.112752949681349 5.268069309723392 4.423385669765436
0.0 0.0 0.0 0.0 0.0 0.0 0.0 0.0 0.0 0.0 0.0 0.0 0.0 0.0 0.0 0.0 0.0 0.0 0.0 0.0 0.0 0.0 0.0 0.0 0.0 0.0 0.0 0.0 0.0 0.0 0.0 0.0 0.750613475416379 2.3036497279333004 3.856685980450222 5.409722232967144 6.962758485484065 8.515794738003635 10.068830990520556 11.621867243037478 13.1749034955544 14.727939748071321 16.280976000588243 17.834012253105165 18.417698049796975 17.96512628954409 17.512554529291208 17.059982769038324 16.60741100878544 16.154839248532557 15.7022674882789 15.249695728026015 14.797123967773132 14.344552207520248 13.891980447267365 13.43940868701448 12.817169870813604 12.013553134819636 11.209936398825668 10.4063196628317 9.602702926837733 8.799086190843767 7.995469454849799 7.19185271885446 6.388235982860493 5.584619246866525 4.781002510872558
0.0 0.0 0.0 0.0 0.0 0.0 0.0 0.0 0.0 0.0 0.0 0.0 0.0 0.0 0.0 0.0 0.0 0.0 0.0 0.0 0.0 0.0 0.0 0.0 0.0 0.0 0.0 0.0 0.0 0.0 0.0 0.0 0.7599394571675853 2.3322713767945333 3.9046032964214814 5.47693521604843 7.049267135675378 8.621599055305007 10.193930974931956 11.766262894558905 13.338594814185852 14.9109267338128 16.483258653439748 18.055590573066695 18.63698387805655 18.159041396164326 17.681098914272102 17.203156432379878 16.72521395048765 16.247271468595425 15.769328986702385 15.29138650481016 14.813444022917935 14.33550154102571 13.857559059133482 13.379616577241258 12.76411767228076 12.001567840250782 11.239018008220805 10.476468176190828 9.713918344160849 8.951368512130871 8.188818680100894 7.426268848069615 6.663719016039637 5.901169184009659 5.138619351979681
0.0 0.0 0.0 0.0 0.0 0.0 0.0 0.0 0.0 0.0 0.0 0.0 0.0 0.0 0.0 0.0 0.0 0.0 0.0 0.0 0.0 0.0 0.0 0.0 0.0 0.0 0.0 0.0 0.0 0.0 0.0 0.0 0.7692654389187996 2.360893025655791 3.952520612392783 5.544148199129774 7.135775785866766 8.72740337260647 10.319030959343463 11.910658546080455 13.502286132817446 15.093913719554438 16.68554130629143 18.27716889302842 18.856269706316315 18.35295650278473 17.849643299253138 17.34633009572155 16.84301689218996 16.339703688658375 15.836390485125929 15.333077281594338 14.829764078062752 14.326450874531162 13.823137670999575 13.319824467467985 12.711065473747873 11.98958254568192 11.268099617615967 10.546616689550014 9.825133761484059 9.103650833418106 8.382167905352153 7.660684977284969 6.939202049219016 6.2177191211530625 5.4962361930871095
