Figures/CREST_Example_wjb_NSE/Rolling_result/20100722/BJP_forecast/ens_28/wjb.rain.20100724.asc
ncols            288
nrows            254
xllcorner        113.274861
yllcorner        31.4918055
cellsize         0.008333333333
NODATA_value     -9999
[rows 42 to 62 of 254, columns 0 to 47 of 288]
-9999.0 -9999.0 -9999.0 -9999.0 -9999.0 -9999.0 -9999.0 -9999.0 -9999.0 -9999.0 -9999.0 -9999.0 -9999.0 -9999.0 -9999.0 7.73172245377036 7.73172245377036 7.73172245377036 7.73172245377036 7.73172245377036 7.73172245377036 7.73172245377036 7.73172245377036 7.73172245377036 7.73172245377036 7.73172245377036 7.73172245377036 13.908616254184112 13.762053337647663 13.615490421111215 13.468927504574767 13.322364588038319 13.175801671501869 13.029238754965421 12.882675838428973 12.736112921892524 12.589550005356076 12.442987088819628 12.29642417228318 12.912453094820812 14.34370992821014 15.774966761599467 17.206223594988796 18.637480428378122 20.06873726176745 21.49999409515678 22.931250928546106 24.362507761935433
-9999.0 -9999.0 -9999.0 -9999.0 -9999.0 -9999.0 -9999.0 -9999.0 -9999.0 -9999.0 -9999.0 -9999.0 -9999.0 -9999.0 -9999.0 -9999.0 7.73172245377036 7.73172245377036 7.73172245377036 7.73172245377036 7.73172245377036 7.73172245377036 7.73172245377036 7.73172245377036 7.73172245377036 7.73172245377036 7.73172245377036 13.789149562831987 13.634500162734488 13.479850762636989 13.325201362539488 13.170551962441989 13.01590256234449 12.86125316224699 12.706603762149491 12.551954362051992 12.397304961954493 12.242655561856994 12.088006161759495 12.69732498411688 14.123343102266885 15.549361220416888 16.975379338566892 18.401397456716897 19.8274155748669 21.253433693016902 22.679451811166906 24.10546992931691
-9999.0 -9999.0 -9999.0 -9999.0 -9999.0 -9999.0 -9999.0 -9999.0 -9999.0 -9999.0 -9999.0 -9999.0 -9999.0 -9999.0 -9999.0 -9999.0 -9999.0 7.73172245377036 7.73172245377036 7.73172245377036 7.73172245377036 7.73172245377036 7.73172245377036 7.73172245377036 7.73172245377036 7.73172245377036 7.73172245377036 13.669682871479862 13.506946987821312 13.344211104162762 13.181475220504211 13.01873933684566 12.85600345318711 12.693267569528562 12.53053168587001 12.367795802211461 12.20505991855291 12.04232403489436 11.87958815123581 12.48219687341295 13.90297627632363 15.32375567923431 16.74453508214499 18.16531448505567 19.58609388796635 21.00687329087703 22.42765269378771 23.84843209669839
-9999.0 -9999.0 -9999.0 -9999.0 -9999.0 -9999.0 -9999.0 -9999.0 -9999.0 -9999.0 -9999.0 -9999.0 -9999.0 -9999.0 -9999.0 -9999.0 -9999.0 7.73172245377036 7.73172245377036 7.73172245377036 7.73172245377036 7.73172245377036 7.73172245377036 7.73172245377036 7.73172245377036 7.73172245377036 7.73172245377036 13.550216180127737 13.379393812908136 13.208571445688536 13.037749078468934 12.866926711249333 12.696104344029731 12.525281976810131 12.35445960959053 12.183637242370928 12.012814875151326 11.841992507931726 11.671170140712125 12.267068762709016 13.682609450380372 15.09815013805173 16.513690825723085 17.92923151339444 19.3447722010658 20.760312888737154 22.175853576408514 23.591394264079867
-9999.0 -9999.0 -9999.0 -9999.0 -9999.0 -9999.0 -9999.0 -9999.0 -9999.0 -9999.0 -9999.0 -9999.0 -9999.0 -9999.0 -9999.0 -9999.0 -9999.0 -9999.0 7.73172245377036 7.73172245377036 7.73172245377036 7.73172245377036 7.73172245377036 7.73172245377036 7.73172245377036 7.73172245377036 7.73172245377036 13.43074948877551 13.251840637994851 13.072931787214193 12.894022936433533 12.715114085652875 12.536205234872215 12.357296384091557 12.178387533310897 11.999478682530238 11.82056983174958 11.64166098096892 11.462752130188262 12.051940652004902 13.46224262443693 14.87254459686896 16.282846569300986 17.693148541733017 19.103450514165047 20.513752486597074 21.9240544590291 23.33435643146113
-9999.0 -9999.0 -9999.0 -9999.0 -9999.0 -9999.0 -9999.0 -9999.0 -9999.0 -9999.0 -9999.0 -9999.0 -9999.0 -9999.0 -9999.0 -9999.0 -9999.0 -9999.0 7.73172245377036 7.73172245377036 7.73172245377036 7.73172245377036 7.73172245377036 7.73172245377036 7.73172245377036 7.73172245377036 7.73172245377036 13.311282797423386 13.124287463081675 12.937292128739966 12.750296794398256 12.563301460056547 12.376306125714837 12.189310791373126 12.002315457031417 11.815320122689707 11.628324788347998 11.441329454006286 11.254334119664577 11.83681254130097 13.241875798493675 14.64693905568638 16.052002312879083 17.45706557007179 18.862128827264495 20.2671920844572 21.672255341649905 23.07731859884261
-9999.0 -9999.0 -9999.0 -9999.0 -9999.0 -9999.0 -9999.0 -9999.0 -9999.0 -9999.0 -9999.0 -9999.0 -9999.0 -9999.0 -9999.0 -9999.0 -9999.0 -9999.0 -9999.0 7.73172245377036 7.73172245377036 7.73172245377036 7.73172245377036 7.73172245377036 7.73172245377036 7.73172245377036 7.73172245377036 13.191816106071261 12.9967342881685 12.80165247026574 12.60657065236298 12.411488834460219 12.216407016557456 12.021325198654695 11.826243380751935 11.631161562849174 11.436079744946413 11.240997927043653 11.045916109140892 11.621684430597037 13.02150897255042 14.4213335145038 15.821158056457183 17.220982598410565 18.620807140363944 20.020631682317326 21.42045622427071 22.820280766224087
-9999.0 -9999.0 -9999.0 -9999.0 -9999.0 -9999.0 -9999.0 -9999.0 -9999.0 -9999.0 -9999.0 -9999.0 -9999.0 -9999.0 -9999.0 -9999.0 -9999.0 -9999.0 -9999.0 7.73172245377036 7.73172245377036 7.73172245377036 7.73172245377036 7.73172245377036 7.73172245377036 7.73172245377036 7.73172245377036 13.42692009062845 13.236905719772388 13.046891348916326 12.856876978060264 12.666862607204202 12.47684823634814 12.286833865492078 12.096819494636014 11.906805123779952 11.71679075292389 11.526776382067828 11.336762011211766 11.890644958061284 13.239770949916046 14.588896941770813 15.938022933625575 17.28714892548034 18.636274917335104 19.98540090918987 21.334526901044633 22.683652892899396
-9999.0 -9999.0 -9999.0 -9999.0 -9999.0 -9999.0 -9999.0 -9999.0 -9999.0 -9999.0 -9999.0 -9999.0 -9999.0 -9999.0 -9999.0 -9999.0 -9999.0 -9999.0 -9999.0 -9999.0 -9999.0 -9999.0 -9999.0 7.73172245377036 7.73172245377036 7.73172245377036 7.73172245377036 14.041037770307575 13.870151568897871 13.699265367488167 13.528379166078464 13.35749296466876 13.186606763259055 13.015720561849353 12.844834360439648 12.673948159029944 12.50306195762024 12.332175756210537 12.161289554800833 12.677065715557614 13.926899460315365 15.176733205073118 16.42656694983087 17.676400694588622 18.926234439346374 20.176068184104125 21.425901928861876 22.675735673619627
-9999.0 -9999.0 -9999.0 -9999.0 -9999.0 -9999.0 -9999.0 -9999.0 -9999.0 -9999.0 -9999.0 -9999.0 -9999.0 -9999.0 -9999.0 -9999.0 -9999.0 -9999.0 -9999.0 -9999.0 -9999.0 -9999.0 -9999.0 7.73172245377036 7.73172245377036 7.73172245377036 7.73172245377036 14.6551554499867 14.503397418023352 14.351639386060008 14.199881354096663 14.048123322133318 13.896365290169971 13.744607258206626 13.592849226243281 13.441091194279936 13.289333162316591 13.137575130353245 12.9858170983899 13.463486473053944 14.614027970714684 15.764569468375422 16.91511096603616 18.0656524636969 19.21619396135764 20.366735459018376 21.517276956679115 22.66781845433985
-9999.0 -9999.0 -9999.0 -9999.0 -9999.0 -9999.0 -9999.0 -9999.0 -9999.0 -9999.0 -9999.0 -9999.0 -9999.0 -9999.0 -9999.0 -9999.0 -9999.0 -9999.0 -9999.0 -9999.0 -9999.0 -9999.0 -9999.0 -9999.0 -9999.0 7.73172245377036 7.73172245377036 15.269273129665823 15.136643267148838 15.00401340463185 14.871383542114863 14.738753679597876 14.606123817080888 14.473493954563901 14.340864092046914 14.208234229529928 14.075604367012941 13.942974504495954 13.810344641978967 14.249907230550276 15.301156481114003 16.352405731677727 17.403654982241452 18.454904232805177 19.506153483368905 20.55740273393263 21.608651984496355 22.659901235060083
-9999.0 -9999.0 -9999.0 -9999.0 -9999.0 -9999.0 -9999.0 -9999.0 -9999.0 -9999.0 -9999.0 -9999.0 -9999.0 -9999.0 -9999.0 -9999.0 -9999.0 -9999.0 -9999.0 -9999.0 -9999.0 -9999.0 -9999.0 -9999.0 -9999.0 7.73172245377036 7.73172245377036 15.883390809345471 15.769889116274857 15.656387423204245 15.542885730133634 15.429384037063022 15.315882343992408 15.202380650921796 15.088878957851184 14.975377264780573 14.861875571709959 14.748373878639347 14.634872185568735 15.036327988047276 15.988284991513906 16.940241994980532 17.892198998447164 18.844156001913788 19.79611300538042 20.748070008847048 21.700027012313676 22.651984015780304
-9999.0 -9999.0 -9999.0 -9999.0 -9999.0 -9999.0 -9999.0 -9999.0 -9999.0 -9999.0 -9999.0 -9999.0 -9999.0 -9999.0 -9999.0 -9999.0 -9999.0 -9999.0 -9999.0 -9999.0 -9999.0 -9999.0 -9999.0 -9999.0 -9999.0 7.73172245377036 7.73172245377036 16.497508489024593 16.40313496540034 16.308761441776085 16.214387918151832 16.12001439452758 16.025640870903324 15.931267347279071 15.836893823654817 15.742520300030563 15.64814677640631 15.553773252782056 15.459399729157802 15.822748745543608 16.675413501913223 17.52807825828284 18.380743014652452 19.23340777102207 20.086072527391686 20.9387372837613 21.791402040130915 22.644066796500532
-9999.0 -9999.0 -9999.0 -9999.0 -9999.0 -9999.0 -9999.0 -9999.0 -9999.0 -9999.0 -9999.0 -9999.0 -9999.0 -9999.0 -9999.0 -9999.0 -9999.0 -9999.0 -9999.0 -9999.0 7.73172245377036 7.73172245377036 7.73172245377036 7.73172245377036 7.73172245377036 7.73172245377036 7.73172245377036 17.11162616870372 17.03638081452582 16.961135460347926 16.88589010617003 16.810644751992136 16.73539939781424 16.660154043636346 16.58490868945845 16.509663335280553 16.43441798110266 16.359172626924764 16.28392727274687 16.60916950303994 17.36254201231254 18.115914521585143 18.869287030857745 19.62265954013035 20.37603204940295 21.129404558675553 21.882777067948155 22.636149577220756
-9999.0 -9999.0 -9999.0 -9999.0 -9999.0 -9999.0 -9999.0 -9999.0 -9999.0 -9999.0 -9999.0 -9999.0 -9999.0 -9999.0 -9999.0 -9999.0 -9999.0 -9999.0 -9999.0 7.73172245377036 7.73172245377036 7.73172245377036 7.73172245377036 7.73172245377036 7.73172245377036 7.73172245377036 7.73172245377036 17.725743848382844 17.669626663651307 17.61350947891977 17.557392294188233 17.501275109456696 17.44515792472516 17.389040739993618 17.33292355526208 17.276806370530544 17.220689185799007 17.16457200106747 17.108454816335932 17.395590260536267 18.049670522711857 18.703750784887447 19.357831047063037 20.011911309238627 20.665991571414214 21.320071833589804 21.974152095765394 22.628232357940984
-9999.0 -9999.0 -9999.0 -9999.0 -9999.0 -9999.0 -9999.0 -9999.0 -9999.0 -9999.0 -9999.0 -9999.0 -9999.0 -9999.0 -9999.0 -9999.0 -9999.0 7.73172245377036 7.73172245377036 7.73172245377036 7.73172245377036 7.73172245377036 7.73172245377036 7.73172245377036 7.73172245377036 7.73172245377036 7.73172245377036 18.339861528061967 18.302872512776787 18.26588349749161 18.22889448220643 18.191905466921252 18.154916451636073 18.117927436350893 18.080938421065714 18.043949405780538 18.006960390495358 17.96997137521018 17.932982359925 18.182011018032597 18.736799033111176 19.29158704818975 19.84637506326833 20.401163078346904 20.955951093425483 21.51073910850406 22.065527123582637 22.620315138661212
-9999.0 -9999.0 -9999.0 -9999.0 -9999.0 -9999.0 -9999.0 -9999.0 -9999.0 -9999.0 -9999.0 -9999.0 -9999.0 -9999.0 -9999.0 7.73172245377036 7.73172245377036 7.73172245377036 7.73172245377036 7.73172245377036 7.73172245377036 7.73172245377036 7.73172245377036 7.73172245377036 7.73172245377036 7.73172245377036 7.73172245377036 18.953979207741092 18.93611836190227 18.91825751606345 18.90039667022463 18.88253582438581 18.86467497854699 18.846814132708168 18.828953286869346 18.811092441030528 18.793231595191706 18.775370749352888 18.757509903514066 18.968431775528927 19.42392754351049 19.879423311492058 20.33491907947362 20.790414847455185 21.24591061543675 21.701406383418313 22.156902151399876 22.61239791938144
-9999.0 -9999.0 -9999.0 -9999.0 -9999.0 -9999.0 -9999.0 -9999.0 -9999.0 -9999.0 -9999.0 -9999.0 -9999.0 -9999.0 7.73172245377036 7.73172245377036 7.73172245377036 7.73172245377036 7.73172245377036 7.73172245377036 7.73172245377036 7.73172245377036 7.73172245377036 7.73172245377036 7.73172245377036 7.73172245377036 7.73172245377036 19.568096887420737 19.56936421102829 19.570631534635847 19.5718988582434 19.573166181850954 19.574433505458508 19.575700829066065 19.57696815267362 19.578235476281172 19.579502799888726 19.58077012349628 19.582037447103836 19.75485253302593 20.111056053910396 20.467259574794863 20.82346309567933 21.179666616563797 21.535870137448264 21.89207365833273 22.248277179217197 22.604480700101664
-9999.0 -9999.0 -9999.0 -9999.0 -9999.0 -9999.0 -9999.0 -9999.0 -9999.0 -9999.0 -9999.0 7.73172245377036 7.73172245377036 7.73172245377036 7.73172245377036 7.73172245377036 7.73172245377036 7.73172245377036 7.73172245377036 7.73172245377036 7.73172245377036 7.73172245377036 7.73172245377036 7.73172245377036 7.73172245377036 7.73172245377036 7.73172245377036 20.182214567099866 20.202610060153777 20.223005553207688 20.243401046261603 20.263796539315514 20.284192032369425 20.30458752542334 20.32498301847725 20.345378511531163 20.365774004585077 20.38616949763899 20.406564990692903 20.54127329052226 20.798184564309715 21.055095838097166 21.312007111884622 21.568918385672074 21.82582965945953 22.08274093324698 22.339652207034437 22.59656348082189
-9999.0 -9999.0 -9999.0 -9999.0 -9999.0 -9999.0 -9999.0 -9999.0 -9999.0 7.73172245377036 7.73172245377036 7.73172245377036 7.73172245377036 7.73172245377036 7.73172245377036 22.054984156296012 21.96000284178851 21.86502152728101 21.770040212773505 21.675058898266002 21.5800775837585 21.485096269251 21.390114954743495 21.295133640235992 21.20015232572849 21.10517101122099 21.010189696713322 20.97861333636194 21.01481830485074 21.05102327333954 21.087228241828342 21.123433210317142 21.159638178805942 21.19584314729474 21.23204811578354 21.26825308427234 21.30445805276114 21.34066302124994 21.37686798973874 21.485191377486615 21.67061098532747 21.856030593168324 22.04145020100918 22.226869808850033 22.412289416690886 22.597709024531742 22.783128632372595 22.96854824021345
-9999.0 -9999.0 -9999.0 -9999.0 -9999.0 -9999.0 -9999.0 -9999.0 -9999.0 7.73172245377036 7.73172245377036 7.73172245377036 7.73172245377036 7.73172245377036 7.73172245377036 22.36407690178085 22.32781273014132 22.29154855850179 22.25528438686226 22.21902021522273 22.1827560435832 22.14649187194367 22.11022770030414 22.073963528664606 22.037699357025076 22.001435185385546 21.965171013745955 21.969859097043475 22.018326066322064 22.06679303560065 22.11526000487924 22.163726974157825 22.212193943436414 22.260660912715 22.30912788199359 22.357594851272175 22.40606182055076 22.45452878982935 22.502995759107936 22.597464178994628 22.741109189232418 22.884754199470205 23.028399209707995 23.172044219945782 23.315689230183573 23.459334240421363 23.60297925065915 23.74662426089694
