Figures/CREST_Example_wjb_NSE/Rolling_result/20100722/BJP_forecast/ens_28/wjb.rain.20100728.asc
ncols            288
nrows            254
xllcorner        113.274861
yllcorner        31.4918055
cellsize         0.008333333333
NODATA_value     -9999
[rows 92 to 114 of 254, columns 104 to 155 of 288]
0.0 0.0 0.0 0.0 0.0 0.0 0.0 0.0 0.0 0.0 0.0 0.0 0.0 0.0 0.0 0.0 0.0 0.0 0.0 0.016746826510841268 0.051396389287721535 0.0860459520646018 0.12069551484148207 0.15534507761836233 0.1899946403952426 0.22464420317212286 0.2592937659490622 0.2939433287259425 0.3285928915028228 0.36324245427970303 0.3978920170565833 0.4492436269286418 0.518450102893102 0.5876565788575623 0.6568630548220225 0.7260695307864826 0.795276006750943 0.8644824827154032 0.9336889586798633 1.0028954346444416 1.072101910608902 1.1413083865733622 1.2105148625378224 1.2448403559028263 1.2418772898995856 1.2389142238963449 1.235951157893104 1.2329880918898632 1.2300250258866225 1.2270619598833818 1.2240988938801411 1.2211358278769004
0.0 0.0 0.0 0.0 0.0 0.0 0.0 0.0 0.0 0.0 0.0 0.0 0.0 0.0 0.0 0.0 0.0 0.0 0.0 0.01898470779055227 0.05826449754436777 0.09754428729818328 0.13682407705199878 0.17610386680581427 0.2153836565596298 0.2546634463134453 0.29394323606732775 0.33322302582114327 0.3725028155749588 0.4117826053287743 0.4510623950825898 0.49736719492970527 0.5511818894501421 0.6049965839705789 0.6588112784910156 0.7126259730114525 0.7664406675318893 0.8202553620523261 0.8740700565727628 0.9278847510932915 0.9816994456137282 1.0355141401341652 1.089328834654602 1.1194608180981083 1.1242754477235242 1.12909007734894 1.133904706974356 1.1387193365997716 1.1435339662251875 1.1483485958506034 1.1531632254760193 1.1579778551014352
0.0 0.0 0.0 0.0 0.0 0.0 0.0 0.0 0.0 0.0 0.0 0.0 0.0 0.0 0.0 0.0 0.0 0.0 0.0 0.021222589070263278 0.06513260580101403 0.10904262253176479 0.15295263926251554 0.1968626559932663 0.24077267272401706 0.2846826894547678 0.32859270618559344 0.3725027229163442 0.41641273964709496 0.4603227563778457 0.5042327731085965 0.5454907629307689 0.5839136760071822 0.6223365890835956 0.6607595021600089 0.6991824152364222 0.7376053283128355 0.7760282413892489 0.8144511544656622 0.852874067542141 0.8912969806185544 0.9297198936949678 0.9681428067713811 0.99408128029339 1.0066736055474625 1.019265930801535 1.0318582560556075 1.04445058130968 1.0570429065637525 1.069635231817825 1.0822275570718976 1.0948198823259698
0.0 0.0 0.0 0.0 0.0 0.0 0.0 0.0 0.0 0.0 0.0 0.0 0.0 0.0 0.0 0.0 0.0 0.0 0.0 0.023460470349974283 0.07200071405766029 0.12054095776534628 0.16908120147303227 0.21762144518071827 0.2661616888884043 0.3147019325960903 0.3632421763038591 0.4117824200115451 0.46032266371923103 0.5088629074269171 0.557403151134603 0.5936143309318324 0.6166454625642223 0.6396765941966122 0.662707725829002 0.6857388574613918 0.7087699890937817 0.7318011207261715 0.7548322523585614 0.7778633839909905 0.8008945156233804 0.8239256472557703 0.8469567788881602 0.8687017424886719 0.8890717633714009 0.90944178425413 0.9298118051368591 0.9501818260195882 0.9705518469023172 0.9909218677850463 1.0112918886677753 1.0316619095505044
0.0 0.0 0.0 0.0 0.0 0.0 0.0 0.0 0.0 0.0 0.0 0.0 0.0 0.0 0.0 0.0 0.0 0.0 0.0 0.025698351629685288 0.07886882231430654 0.1320392929989278 0.18520976368354905 0.2383802343681703 0.29155070505279157 0.3447211757374128 0.3978916464221247 0.451062117106746 0.5042325877913673 0.5574030584759885 0.6105735291606097 0.641737898932896 0.6493772491212624 0.6570165993096287 0.6646559494979952 0.6722952996863616 0.679934649874728 0.6875740000630944 0.6952133502514608 0.7028527004398403 0.7104920506282066 0.718131400816573 0.7257707510049395 0.7433222046839538 0.7714699211953395 0.7996176377067252 0.8277653542181108 0.8559130707294965 0.8840607872408822 0.9122085037522678 0.9403562202636535 0.9685039367750392
0.0 0.0 0.0 0.0 0.0 0.0 0.0 0.0 0.0 0.0 0.0 0.0 0.0 0.0 0.0 0.0 0.0 0.0 0.0 0.027553061109177664 0.08456096765073237 0.14156887419228706 0.19857678073384177 0.25558468727539646 0.3125925938169512 0.3696005003585059 0.4266084069001578 0.4836163134417125 0.5406242199832672 0.5976321265248219 0.6546400330663766 0.6834333234668225 0.6820645510867457 0.6806957787066688 0.6793270063265919 0.677958233946515 0.6765894615664382 0.6752206891863614 0.6738519168062844 0.6724831444262053 0.6711143720461284 0.6697455996660515 0.6683768272859747 0.6827987279681303 0.714101215321453 0.7454037026747757 0.7767061900280984 0.8080086773814211 0.8393111647347438 0.8706136520880665 0.9019161394413892 0.9332186267947118
0.0 0.0 0.0 0.0 0.0 0.0 0.0 0.0 0.0 0.0 0.0 0.0 0.0 0.0 0.0 0.0 0.0 0.0 0.0 0.02899818409195345 0.08899608276602274 0.14899398144009202 0.2089918801141613 0.2689897787882306 0.3289876774622999 0.3889855761363692 0.4489834748105408 0.50898137348461 0.5689792721586794 0.6289771708327486 0.688975069506818 0.7182574679076144 0.7147043018284891 0.7111511357493637 0.7075979696702384 0.704044803591113 0.7004916375119877 0.6969384714328624 0.693385305353737 0.6898321392746056 0.6862789731954803 0.682725807116355 0.6791726410372296 0.691602291595995 0.7211179346543822 0.7506335777127695 0.7801492207711567 0.809664863829544 0.8391805068879312 0.8686961499463184 0.8982117930047057 0.9277274360630929
0.0 0.0 0.0 0.0 0.0 0.0 0.0 0.0 0.0 0.0 0.0 0.0 0.0 0.0 0.0 0.0 0.0 0.0 0.0 0.030443307074728004 0.09343119788130932 0.15641908868789065 0.21940697949447197 0.28239487030105326 0.3453827611076346 0.4083706519142159 0.47135854272090466 0.534346433527486 0.5973343243340673 0.6603222151406486 0.7233101059472299 0.7530816123483766 0.7473440525702045 0.7416064927920326 0.7358689330138607 0.7301313732356887 0.7243938134575167 0.7186562536793448 0.7129186939011729 0.7071811341229911 0.7014435743448192 0.6957060145666472 0.6899684547884752 0.7004058552238521 0.7281346539873054 0.7558634527507587 0.7835922515142121 0.8113210502776653 0.8390498490411187 0.866778647804572 0.8945074465680254 0.9222362453314786
0.0 0.0 0.0 0.0 0.0 0.0 0.0 0.0 0.0 0.0 0.0 0.0 0.0 0.0 0.0 0.0 0.0 0.0 0.0 0.03188843005750256 0.09786631299659593 0.1638441959356893 0.22982207887478265 0.295799961813876 0.36177784475296937 0.42775572769206277 0.49373361063126864 0.559711493570362 0.6256893765094553 0.6916672594485488 0.7576451423876421 0.7879057567891388 0.7799838033119202 0.7720618498347016 0.764139896357483 0.7562179428802644 0.7482959894030459 0.7403740359258273 0.7324520824486087 0.7245301289713766 0.716608175494158 0.7086862220169394 0.7007642685397208 0.7092094188517092 0.7351513733202286 0.761093327788748 0.7870352822572675 0.8129772367257868 0.8389191911943062 0.8648611456628257 0.8908031001313451 0.9167450545998646
0.0 0.0 0.0 0.0 0.0 0.0 0.0 0.0 0.0 0.0 0.0 0.0 0.0 0.0 0.0 0.0 0.0 0.0 0.0 0.03333355304027712 0.10230142811188253 0.17126930318348793 0.24023717825509333 0.30920505332669873 0.37817292839830413 0.44714080346990953 0.5161086785416326 0.585076553613238 0.6540444286848434 0.7230123037564488 0.7919801788280542 0.822729901229901 0.8126235540536358 0.8025172068773706 0.7924108597011054 0.7823045125248402 0.772198165348575 0.7620918181723098 0.7519854709960446 0.7418791238197622 0.7317727766434969 0.7216664294672317 0.7115600822909666 0.7180129824795662 0.7421680926531518 0.7663232028267373 0.7904783130003228 0.8146334231739083 0.8387885333474938 0.8629436435210792 0.8870987536946647 0.9112538638682502
0.0 0.0 0.0 0.0 0.0 0.0 0.0 0.0 0.0 0.0 0.0 0.0 0.0 0.0 0.0 0.0 0.0 0.0 0.0 0.03477867602305167 0.10673654322716912 0.17869441043128656 0.250652277635404 0.32261014483952144 0.3945680120436389 0.46652587924775635 0.5384837464519965 0.6104416136561139 0.6823994808602314 0.7543573480643488 0.8263152152684663 0.8575540456706632 0.8452633047953514 0.8329725639200396 0.8206818230447277 0.8083910821694159 0.7961003412941041 0.7838096004187923 0.7715188595434805 0.7592281186681478 0.7469373777928359 0.7346466369175241 0.7223558960422123 0.7268165461074235 0.749184811986075 0.7715530778647266 0.7939213437433782 0.8162896096220297 0.8386578755006813 0.8610261413793329 0.8833944072579845 0.9057626731366359
0.0 0.0 0.0 0.0 0.0 0.0 0.0 0.0 0.0 0.0 0.0 0.0 0.0 0.0 0.0 0.0 0.0 0.0 0.0 0.03622379900582623 0.11117165834245571 0.1861195176790852 0.2610673770157147 0.33601523635234415 0.41096309568897366 0.4859109550256031 0.5608588143623604 0.6358066736989899 0.7107545330356194 0.7857023923722489 0.8606502517088783 0.8923781901114254 0.8779030555370669 0.8634279209627086 0.8489527863883501 0.8344776518139917 0.8200025172396332 0.8055273826652748 0.7910522480909163 0.7765771135165332 0.7621019789421748 0.7476268443678163 0.7331517097934579 0.7356201097352806 0.7562015313189983 0.7767829529027158 0.7973643744864335 0.8179457960701512 0.8385272176538688 0.8591086392375864 0.8796900608213041 0.9002714824050218
0.0 0.0 0.0 0.0 0.0 0.0 0.0 0.0 0.0 0.0 0.0 0.0 0.0 0.0 0.0 0.0 0.0 0.0 0.0 0.037668921988600786 0.11560677345774231 0.19354462492688385 0.27148247639602535 0.34942032786516686 0.4273581793343084 0.5052960308034499 0.5832338822727243 0.6611717337418659 0.7391095852110074 0.8170474366801489 0.8949852881492905 0.9272023345521876 0.9105428062787825 0.8938832780053775 0.8772237497319725 0.8605642214585674 0.8439046931851624 0.8272451649117573 0.8105856366383523 0.7939261083649188 0.7772665800915137 0.7606070518181087 0.7439475235447037 0.7444236733631378 0.7632182506519215 0.7820128279407051 0.8008074052294889 0.8196019825182727 0.8383965598070563 0.85719113709584 0.8759857143846238 0.8947802916734074
0.0 0.0 0.0 0.0 0.0 0.0 0.0 0.0 0.0 0.0 0.0 0.0 0.0 0.0 0.0 0.0 0.0 0.0 0.0 0.039114044971376584 0.1200418885730327 0.20096973217468883 0.28189757577634494 0.36282541937800106 0.44375326297965717 0.5246811065813133 0.6056089501831075 0.6865367937847636 0.7674646373864197 0.8483924809880758 0.9293203245897319 0.9620264789929796 0.943182557020526 0.9243386350480725 0.9054947130756189 0.8866507911031654 0.8678068691307119 0.8489629471582584 0.8301190251858048 0.8112751032133191 0.7924311812408655 0.7735872592684121 0.7547433372959584 0.7532272369910024 0.7702349699848506 0.7872427029786989 0.8042504359725472 0.8212581689663955 0.8382659019602438 0.855273634954092 0.8722813679479403 0.8892891009417886
0.0 0.0 0.0 0.0 0.0 0.0 0.0 0.0 0.0 0.0 0.0 0.0 0.0 0.0 0.0 0.0 0.0 0.0 0.0 0.04055916795415113 0.12447700368831928 0.20839483942248743 0.29231267515665554 0.3762305108908237 0.4601483466249919 0.54406618235916 0.6279840180934713 0.7119018538276394 0.7958196895618076 0.8797375252959757 0.9636553610301438 0.9968506234337416 0.9758223077622414 0.9547939920907413 0.9337656764192412 0.912737360747741 0.8917090450762409 0.8706807294047407 0.8496524137332406 0.8286240980617047 0.8075957823902045 0.7865674667187044 0.7655391510472043 0.7620308006188595 0.7772516893177739 0.7924725780166882 0.8076934667156026 0.822914355414517 0.8381352441134313 0.8533561328123457 0.86857702151126 0.8837979102101744
0.0 0.0 0.0 0.0 0.0 0.0 0.0 0.0 0.0 0.0 0.0 0.0 0.0 0.0 0.0 0.0 0.0 0.0 0.0 0.04200429093692569 0.12891211880360587 0.21581994667028606 0.30272777453696625 0.3896356024036464 0.47654343027032664 0.5634512581370068 0.6503590860038352 0.7372669138705154 0.8241747417371955 0.9110825696038758 0.997990397470556 1.031674767874504 1.008462058503957 0.9852493491334103 0.9620366397628636 0.9388239303923168 0.9156112210217701 0.8923985116512233 0.8691858022806765 0.8459730929100902 0.8227603835395434 0.7995476741689966 0.7763349647984499 0.7708343642467166 0.784268408650697 0.7977024530546775 0.8111364974586579 0.8245705418626383 0.8380045862666188 0.8514386306705992 0.8648726750745797 0.8783067194785601
0.0 0.0 0.0 0.0 0.0 0.0 0.0 0.0 0.0 0.0 0.0 0.0 0.0 0.0 0.0 0.0 0.0 0.0 0.0 0.043449413919700246 0.13334723391889247 0.2232450539180847 0.3131428739172769 0.40304069391646913 0.49293851391566135 0.5828363339148536 0.6727341539141991 0.7626319739133913 0.8525297939125835 0.9424276139117758 1.032325433910968 1.0664989123152662 1.0411018092456727 1.0157047061760793 0.9903076031064859 0.9649105000368925 0.9395133969672992 0.9141162938977058 0.8887191908281123 0.8633220877584756 0.8379249846888823 0.8125278816192889 0.7871307785496955 0.7796379278745738 0.7912851279836203 0.8029323280926668 0.8145795282017133 0.8262267283107598 0.8378739284198063 0.8495211285288529 0.8611683286378994 0.8728155287469459
0.010764499405529199 0.009112661445372573 0.007460823485215947 0.0058089855250593216 0.0041571475649026975 0.00250530960474607 0.0008534716445894458 0.0 0.0 0.0 0.0 0.0 0.0 0.0 0.0 0.0 0.0 0.0 0.0 0.04505459495623184 0.13827357082083855 0.23149254668544525 0.324711522550052 0.4179304984146587 0.5111494742792654 0.6043684501438721 0.6975874260086378 0.7908064018732445 0.8840253777378512 0.9772443536024579 1.0704633294670647 1.105488963539061 1.0783045990848061 1.051120234630551 1.0239358701762962 0.9967515057220411 0.9695671412677861 0.9423827768135311 0.9151984123592761 0.8880140479049747 0.8608296834507198 0.8336453189964648 0.8064609545422098 0.7974416981141709 0.8078413530409023 0.8182410079676339 0.8286406628943653 0.8390403178210968 0.8494399727478282 0.8598396276745597 0.8702392826012911 0.8806389375280226
0.03303557003153057 0.027966183471346898 0.022896796911163232 0.01782741035097956 0.012758023790795894 0.007688637230612229 0.0026192506704285565 0.0 0.0 0.0 0.0 0.0 0.0 0.0 0.0 0.0 0.0 0.0 0.0 0.04683086796142661 0.1437249928438207 0.2406191177262148 0.3375132426086089 0.434407367491003 0.5313014923733971 0.6281956172557912 0.7250897421383505 0.8219838670207446 0.9188779919031387 1.0157721167855327 1.112666241667927 1.148932106475806 1.1203849900439014 1.0918378736119967 1.0632907571800922 1.0347436407481876 1.006196524316283 0.9776494078843783 0.9491022914524736 0.9205551750205203 0.8920080585886156 0.863460942156711 0.8349138257248064 0.8248661218068916 0.8345947083027767 0.8443232947986619 0.854051881294547 0.8637804677904322 0.8735090542863173 0.8832376407822025 0.8929662272780876 0.9026948137739728
0.05530664065755096 0.046819705497337334 0.038332770337123706 0.02984583517691007 0.02135890001669645 0.012871964856482815 0.004385029696269194 0.0 0.0 0.0 0.0 0.0 0.0 0.0 0.0 0.0 0.0 0.0 0.0 0.04860714096662289 0.1491764148668075 0.2497456887669921 0.3503149626671767 0.45088423656736126 0.5514535104675459 0.6520227843677305 0.7525920582680866 0.8531613321682712 0.9537306060684558 1.0542998799686405 1.154869153868825 1.1923752494125879 1.1624653810030323 1.132555512593477 1.1026456441839216 1.0727357757743663 1.0428259073648107 1.0129160389552554 0.9830061705457 0.9530963021360936 0.9231864337265382 0.8932765653169827 0.8633666969074274 0.8522905454996358 0.861348063564674 0.8704055816297123 0.8794630996947504 0.8885206177597887 0.8975781358248269 0.9066356538898652 0.9156931719549034 0.9247506900199417
0.07757771128355233 0.06567322752331164 0.053768743763070975 0.041864260002830306 0.029959776242589636 0.018055292482348967 0.006150808722108297 0.0 0.0 0.0 0.0 0.0 0.0 0.0 0.0 0.0 0.0 0.0 0.0 0.050383413971817656 0.15462783688978962 0.2588722598077616 0.36311668272573355 0.46736110564370553 0.5716055285616775 0.6758499514796494 0.7800943743977992 0.8843387973157711 0.9885832202337431 1.092827643151715 1.197072066069687 1.2358183923493324 1.2045457719621273 1.1732731515749224 1.1420005311877173 1.1107279108005124 1.0794552904133072 1.0481826700261023 1.0169100496388972 0.985637429251639 0.954364808864434 0.923092188477229 0.8918195680900239 0.8797149691923565 0.8881014188265484 0.8964878684607402 0.9048743180949322 0.9132607677291241 0.921647217363316 0.930033666997508 0.9384201166316999 0.9468065662658918
0.09984878190955372 0.084526749549286 0.06920471718901829 0.053882684828750554 0.03856065246848284 0.02323862010821512 0.007916587747947401 0.0 0.0 0.0 0.0 0.0 0.0 0.0 0.0 0.0 0.0 0.0 0.0 0.052159686977012426 0.16007925891277178 0.2679988308485311 0.37591840278429045 0.4838379747200498 0.5917575466558092 0.6996771185915686 0.8075966905275119 0.9155162624632712 1.0234358343990306 1.13135540633479 1.2392749782705492 1.2792615352860774 1.2466261629212227 1.213990790556368 1.1813554181915134 1.1487200458266589 1.1160846734618042 1.0834493010969495 1.0508139287320948 1.0181785563671846 0.9855431840023299 0.9529078116374752 0.9202724392726205 0.9071393928850772 0.9148547740884228 0.9225701552917683 0.9302855364951139 0.9380009176984595 0.9457162989018051 0.9534316801051508 0.9611470613084964 0.968862442511842
0.12211985253555513 0.10338027157526036 0.0846406906149656 0.06590110965467083 0.047161528694376065 0.028421947734081326 0.00968236677378656 0.0 0.0 0.0 0.0 0.0 0.0 0.0 0.0 0.0 0.0 0.0 0.0 0.05393595998220719 0.1655306809357539 0.2771254018893006 0.38872012284284735 0.500314843796394 0.6119095647499407 0.7235042857034875 0.8350990066572245 0.9466937276107712 1.058288448564318 1.1698831695178646 1.2814778904714115 1.322704678222822 1.2887065538803177 1.2547084295378135 1.2207103051953092 1.186712180852805 1.1527140565103007 1.1187159321677964 1.0847178078252921 1.05071968348273 1.0167215591402257 0.9827234347977214 0.9487253104552171 0.934563816577798 0.9416081293502973 0.9486524421227965 0.9556967548952958 0.9627410676677951 0.9697853804402944 0.9768296932127936 0.9838740059852928 0.9909183187577921
