Figures/CREST_Example_wjb_NSE/Rolling_result/20100722/BJP_forecast/ens_28/wjb.rain.20100314.asc
ncols            288
nrows            254
xllcorner        113.274861
yllcorner        31.4918055
cellsize         0.008333333333
NODATA_value     -9999
[rows 200 to 219 of 254, columns 90 to 134 of 288]
8.486798616883197 8.486798616883197 8.486798616883197 8.486798616883197 8.486798616883197 8.486798616883197 8.486798616883197 8.486798616883197 8.486798616883197 8.589152282566356 8.800924331150705 9.012696379735054 9.224468428319403 9.436240476903752 9.648012525488461 9.859784574072812 10.071556622657159 10.28332867124151 10.495100719825857 10.706872768410207 10.918644816994554 11.028063199997584 11.028063199997584 11.028063199997584 11.028063199997584 11.028063199997584 11.028063199997584 11.028063199997584 11.028063199997584 11.028063199997584 11.028063199997584 11.028063199997584 11.028063199997584 10.9910246796663 10.914391143482543 10.837757607298789 10.761124071115034 10.68449053493128 10.607856998747524 10.53122346256377 10.454589926379883 10.377956390196129 10.301322854012374 10.224689317828618 10.148055781644864
8.09780783407664 8.09780783407664 8.09780783407664 8.09780783407664 8.09780783407664 8.09780783407664 8.09780783407664 8.09780783407664 8.09780783407664 8.215567745787995 8.459215665750367 8.70286358571274 8.94651150567511 9.190159425637482 9.433807345600268 9.67745526556264 9.921103185525011 10.164751105487383 10.408399025449754 10.652046945412126 10.895694865374498 11.021582873742682 11.021582873742682 11.021582873742682 11.021582873742682 11.021582873742682 11.021582873742682 11.021582873742682 11.021582873742682 11.021582873742682 11.021582873742682 11.021582873742682 11.021582873742682 10.988762825130614 10.920857402333764 10.852951979536916 10.785046556740067 10.717141133943219 10.649235711146371 10.581330288349521 10.513424865552558 10.445519442755709 10.37761401995886 10.309708597162013 10.241803174365163
7.708817051270086 7.708817051270086 7.708817051270086 7.708817051270086 7.708817051270086 7.708817051270086 7.708817051270086 7.708817051270086 7.708817051270086 7.841983209009637 8.117507000350031 8.393030791690425 8.668554583030819 -9999.0 -9999.0 -9999.0 9.770649748392863 10.046173539733257 10.32169733107365 10.597221122414044 10.872744913754438 11.01510254748778 11.01510254748778 11.01510254748778 11.01510254748778 11.01510254748778 11.01510254748778 11.01510254748778 11.01510254748778 11.01510254748778 11.01510254748778 11.01510254748778 11.01510254748778 10.986500970594927 10.927323661184985 10.868146351775042 10.808969042365101 10.749791732955158 10.690614423545217 10.631437114135275 10.572259804725231 10.51308249531529 10.453905185905347 10.394727876495406 10.335550567085463
7.31982626846353 7.31982626846353 7.31982626846353 7.31982626846353 7.31982626846353 7.31982626846353 7.31982626846353 7.31982626846353 7.31982626846353 7.4683986722312765 7.775798334949694 8.08319799766811 8.390597660386526 -9999.0 -9999.0 -9999.0 -9999.0 9.927595973979132 10.23499563669755 -9999.0 10.849794962134382 11.008622221232878 11.008622221232878 11.008622221232878 11.008622221232878 11.008622221232878 11.008622221232878 11.008622221232878 11.008622221232878 11.008622221232878 11.008622221232878 11.008622221232878 11.008622221232878 10.984239116059241 10.933789920036206 10.88334072401317 10.832891527990133 10.782442331967099 10.731993135944062 10.681543939921028 10.631094743897906 10.58064554787487 10.530196351851835 10.479747155828798 10.429297959805762
6.930835485656808 6.930835485656808 6.930835485656808 6.930835485656808 6.930835485656808 6.930835485656808 6.930835485656808 6.930835485656808 6.930835485656808 7.094814135452758 7.43408966954921 7.773365203645663 -9999.0 -9999.0 -9999.0 -9999.0 -9999.0 -9999.0 -9999.0 -9999.0 -9999.0 11.002141894977973 11.002141894977973 11.002141894977973 11.002141894977973 11.002141894977973 11.002141894977973 11.002141894977973 11.002141894977973 11.002141894977973 11.002141894977973 11.002141894977973 11.002141894977973 10.981977261523554 10.940256178887429 10.898535096251303 10.856814013615178 10.815092930979052 10.773371848342927 10.731650765706801 10.689929683070604 10.64820860043448 10.606487517798353 10.564766435162229 10.523045352526102
6.729859508574009 6.729859508574009 6.729859508574009 6.729859508574009 6.729859508574009 6.729859508574009 6.729859508574009 6.729859508574009 6.729859508574009 6.901797949412705 7.257542471152882 7.613286992893059 -9999.0 -9999.0 -9999.0 -9999.0 -9999.0 -9999.0 -9999.0 -9999.0 -9999.0 -9999.0 10.99879376962781 10.99879376962781 10.99879376962781 10.99879376962781 10.99879376962781 10.99879376962781 10.99879376962781 10.99879376962781 10.99879376962781 10.99879376962781 10.99879376962781 10.980808651763576 10.943597036172832 10.906385420582087 10.869173804991343 10.831962189400597 10.794750573809853 10.757538958219108 10.7203273426283 10.683115727037556 10.64590411144681 10.608692495856065 10.571480880265321
6.729859508574009 6.729859508574009 6.729859508574009 6.729859508574009 6.729859508574009 6.729859508574009 6.729859508574009 6.729859508574009 6.729859508574009 6.901797949412705 7.257542471152882 7.613286992893059 7.969031514633235 -9999.0 -9999.0 -9999.0 -9999.0 -9999.0 -9999.0 -9999.0 -9999.0 -9999.0 10.99879376962781 10.99879376962781 10.99879376962781 10.99879376962781 10.99879376962781 10.99879376962781 10.99879376962781 10.99879376962781 10.99879376962781 10.99879376962781 10.99879376962781 10.980808651763576 10.943597036172832 10.906385420582087 10.869173804991343 10.831962189400597 10.794750573809853 10.757538958219108 10.7203273426283 10.683115727037556 10.64590411144681 10.608692495856065 10.571480880265321
6.729859508574009 6.729859508574009 6.729859508574009 6.729859508574009 6.729859508574009 6.729859508574009 6.729859508574009 6.729859508574009 6.729859508574009 6.901797949412705 7.257542471152882 7.613286992893059 7.969031514633235 -9999.0 -9999.0 -9999.0 -9999.0 -9999.0 -9999.0 -9999.0 -9999.0 -9999.0 -9999.0 10.99879376962781 10.99879376962781 10.99879376962781 10.99879376962781 10.99879376962781 10.99879376962781 10.99879376962781 10.99879376962781 10.99879376962781 10.99879376962781 10.980808651763576 10.943597036172832 10.906385420582087 10.869173804991343 10.831962189400597 10.794750573809853 10.757538958219108 10.7203273426283 10.683115727037556 10.64590411144681 10.608692495856065 10.571480880265321
6.729859508574009 6.729859508574009 6.729859508574009 6.729859508574009 6.729859508574009 6.729859508574009 6.729859508574009 6.729859508574009 6.729859508574009 6.901797949412705 7.257542471152882 7.613286992893059 7.969031514633235 -9999.0 -9999.0 -9999.0 -9999.0 -9999.0 -9999.0 -9999.0 -9999.0 -9999.0 -9999.0 -9999.0 -9999.0 -9999.0 -9999.0 10.99879376962781 10.99879376962781 10.99879376962781 10.99879376962781 10.99879376962781 10.99879376962781 10.980808651763576 10.943597036172832 10.906385420582087 10.869173804991343 10.831962189400597 10.794750573809853 10.757538958219108 10.7203273426283 10.683115727037556 10.64590411144681 10.608692495856065 10.571480880265321
6.729859508574009 6.729859508574009 6.729859508574009 6.729859508574009 6.729859508574009 6.729859508574009 6.729859508574009 6.729859508574009 6.729859508574009 6.901797949412705 7.257542471152882 7.613286992893059 7.969031514633235 -9999.0 -9999.0 -9999.0 -9999.0 -9999.0 -9999.0 -9999.0 -9999.0 -9999.0 -9999.0 -9999.0 -9999.0 -9999.0 -9999.0 -9999.0 -9999.0 10.99879376962781 10.99879376962781 10.99879376962781 10.99879376962781 10.980808651763576 10.943597036172832 10.906385420582087 10.869173804991343 10.831962189400597 10.794750573809853 10.757538958219108 10.7203273426283 10.683115727037556 10.64590411144681 10.608692495856065 10.571480880265321
6.729859508574009 6.729859508574009 6.729859508574009 6.729859508574009 6.729859508574009 6.729859508574009 6.729859508574009 6.729859508574009 6.729859508574009 6.901797949412705 7.257542471152882 7.613286992893059 7.969031514633235 -9999.0 -9999.0 -9999.0 -9999.0 -9999.0 -9999.0 -9999.0 -9999.0 -9999.0 -9999.0 -9999.0 -9999.0 -9999.0 -9999.0 -9999.0 -9999.0 10.99879376962781 10.99879376962781 10.99879376962781 10.99879376962781 10.980808651763576 10.943597036172832 10.906385420582087 10.869173804991343 10.831962189400597 10.794750573809853 10.757538958219108 10.7203273426283 10.683115727037556 10.64590411144681 10.608692495856065 10.571480880265321
6.729859508574009 6.729859508574009 6.729859508574009 6.729859508574009 6.729859508574009 6.729859508574009 6.729859508574009 6.729859508574009 6.729859508574009 6.901797949412705 7.257542471152882 7.613286992893059 -9999.0 -9999.0 -9999.0 -9999.0 -9999.0 -9999.0 -9999.0 -9999.0 -9999.0 -9999.0 -9999.0 -9999.0 -9999.0 -9999.0 -9999.0 -9999.0 10.99879376962781 10.99879376962781 10.99879376962781 10.99879376962781 10.99879376962781 10.980808651763576 10.943597036172832 10.906385420582087 10.869173804991343 10.831962189400597 10.794750573809853 10.757538958219108 10.7203273426283 10.683115727037556 10.64590411144681 10.608692495856065 10.571480880265321
6.729859508574009 6.729859508574009 6.729859508574009 6.729859508574009 6.729859508574009 6.729859508574009 6.729859508574009 6.729859508574009 6.729859508574009 6.901797949412705 7.257542471152882 7.613286992893059 -9999.0 -9999.0 -9999.0 -9999.0 -9999.0 -9999.0 -9999.0 -9999.0 -9999.0 -9999.0 -9999.0 -9999.0 -9999.0 -9999.0 -9999.0 -9999.0 10.99879376962781 10.99879376962781 10.99879376962781 10.99879376962781 10.99879376962781 10.980808651763576 10.943597036172832 10.906385420582087 10.869173804991343 10.831962189400597 10.794750573809853 10.757538958219108 10.7203273426283 10.683115727037556 10.64590411144681 10.608692495856065 10.571480880265321
6.729859508574009 6.729859508574009 6.729859508574009 6.729859508574009 6.729859508574009 6.729859508574009 6.729859508574009 6.729859508574009 6.729859508574009 6.901797949412705 7.257542471152882 7.613286992893059 -9999.0 -9999.0 -9999.0 -9999.0 -9999.0 -9999.0 -9999.0 -9999.0 -9999.0 -9999.0 -9999.0 -9999.0 -9999.0 -9999.0 10.99879376962781 10.99879376962781 10.99879376962781 10.99879376962781 10.99879376962781 10.99879376962781 10.99879376962781 10.980808651763576 10.943597036172832 10.906385420582087 10.869173804991343 10.831962189400597 10.794750573809853 10.757538958219108 10.7203273426283 10.683115727037556 10.64590411144681 10.608692495856065 10.571480880265321
6.729859508574009 6.729859508574009 6.729859508574009 6.729859508574009 6.729859508574009 6.729859508574009 6.729859508574009 6.729859508574009 6.729859508574009 6.901797949412705 7.257542471152882 -9999.0 -9999.0 -9999.0 -9999.0 -9999.0 -9999.0 -9999.0 -9999.0 -9999.0 -9999.0 -9999.0 -9999.0 -9999.0 -9999.0 -9999.0 10.99879376962781 10.99879376962781 10.99879376962781 10.99879376962781 10.99879376962781 10.99879376962781 10.99879376962781 10.980808651763576 10.943597036172832 10.906385420582087 10.869173804991343 10.831962189400597 10.794750573809853 10.757538958219108 10.7203273426283 10.683115727037556 10.64590411144681 10.608692495856065 10.571480880265321
6.729859508574009 6.729859508574009 6.729859508574009 6.729859508574009 6.729859508574009 6.729859508574009 6.729859508574009 6.729859508574009 6.729859508574009 6.901797949412705 -9999.0 -9999.0 -9999.0 -9999.0 -9999.0 -9999.0 -9999.0 -9999.0 -9999.0 -9999.0 -9999.0 -9999.0 -9999.0 -9999.0 -9999.0 -9999.0 10.99879376962781 10.99879376962781 10.99879376962781 10.99879376962781 10.99879376962781 10.99879376962781 10.99879376962781 10.980808651763576 10.943597036172832 10.906385420582087 10.869173804991343 10.831962189400597 10.794750573809853 10.757538958219108 10.7203273426283 10.683115727037556 10.64590411144681 10.608692495856065 10.571480880265321
6.729859508574009 6.729859508574009 6.729859508574009 6.729859508574009 6.729859508574009 6.729859508574009 -9999.0 -9999.0 -9999.0 -9999.0 -9999.0 -9999.0 -9999.0 -9999.0 -9999.0 -9999.0 -9999.0 -9999.0 -9999.0 -9999.0 -9999.0 -9999.0 -9999.0 -9999.0 -9999.0 -9999.0 -9999.0 10.99879376962781 10.99879376962781 10.99879376962781 10.99879376962781 10.99879376962781 10.99879376962781 10.980808651763576 10.943597036172832 10.906385420582087 10.869173804991343 10.831962189400597 10.794750573809853 10.757538958219108 10.7203273426283 10.683115727037556 10.64590411144681 10.608692495856065 10.571480880265321
6.865453080745941 6.865453080745941 6.865453080745941 6.865453080745941 6.865453080745941 6.865453080745941 -9999.0 -9999.0 -9999.0 -9999.0 -9999.0 -9999.0 -9999.0 -9999.0 -9999.0 -9999.0 -9999.0 -9999.0 -9999.0 -9999.0 -9999.0 -9999.0 -9999.0 -9999.0 -9999.0 -9999.0 -9999.0 10.99305718572726 10.99305718572726 10.99305718572726 10.99305718572726 10.99305718572726 10.99305718572726 10.975619438450668 10.93954034498442 10.903461251518173 10.867382158051926 10.83130306458568 10.795223971119434 10.759144877653187 10.723065784186877 10.68698669072063 10.650907597254385 10.614828503788138 10.57874941032189
7.145987635628451 7.145987635628451 -9999.0 7.145987635628451 -9999.0 -9999.0 -9999.0 -9999.0 -9999.0 -9999.0 -9999.0 -9999.0 -9999.0 -9999.0 -9999.0 -9999.0 -9999.0 -9999.0 -9999.0 -9999.0 -9999.0 -9999.0 -9999.0 -9999.0 -9999.0 -9999.0 -9999.0 -9999.0 -9999.0 10.981188555191835 10.981188555191835 10.981188555191835 10.981188555191835 10.964883283162408 10.931147306593234 10.897411330024061 10.863675353454887 10.829939376885715 10.796203400316541 10.762467423747367 10.728731447178136 10.694995470608964 10.66125949403979 10.627523517470616 10.593787540901443
7.42652219051096 7.42652219051096 -9999.0 -9999.0 -9999.0 -9999.0 -9999.0 -9999.0 -9999.0 -9999.0 -9999.0 -9999.0 -9999.0 -9999.0 -9999.0 -9999.0 -9999.0 -9999.0 -9999.0 -9999.0 -9999.0 -9999.0 -9999.0 -9999.0 -9999.0 -9999.0 -9999.0 -9999.0 -9999.0 10.96931992465641 10.96931992465641 10.96931992465641 10.96931992465641 10.954147127874148 10.922754268202048 10.89136140852995 10.859968548857848 10.82857568918575 10.79718282951365 10.76578996984155 10.734397110169397 10.703004250497298 10.671611390825197 10.640218531153097 10.608825671480997
