Figures/CREST_Example_wjb_NSE/Rolling_result/20100722/BJP_forecast/ens_28/wjb.rain.20100304.asc
ncols            288
nrows            254
xllcorner        113.274861
yllcorner        31.4918055
cellsize         0.008333333333
NODATA_value     -9999
[rows 105 to 125 of 254, columns 188 to 234 of 288]
0.034457587344196884 0.040741661115232156 0.047025734886267434 0.053309808657302706 0.05959388242833798 0.06587795619937326 0.07216202997040852 0.07537245889263179 0.07529709192372491 0.07522172495481803 0.07514635798591116 0.07507099101700428 0.0749956240480974 0.07492025707919052 0.07484489011028364 0.07476952314137676 0.07469415617246988 0.074618789203563 0.07454342223465613 0.07450448162853718 0.07450448162853718 0.07450448162853718 0.07450448162853718 0.07450448162853718 0.07450448162853718 0.07450448162853718 0.07450448162853718 0.07450448162853718 0.07450448162853718 0.07450448162853718 0.07450448162853718 0.0715036895113237 0.0652949827091953 0.059086275907056306 0.0528775691049279 0.0466688623027995 0.04046015550067109 0.034251448698542686 0.028042741896414286 0.02183403509428588 0.015625328292157473 0.009416621490029073 0.0032079146879006593 0.0 0.0 0.0 -9999.0
0.034457587344196884 0.040741661115232156 0.047025734886267434 0.053309808657302706 0.05959388242833798 0.06587795619937326 0.07216202997040852 0.07537245889263179 0.07529709192372491 0.07522172495481803 0.07514635798591116 0.07507099101700428 0.0749956240480974 0.07492025707919052 0.07484489011028364 0.07476952314137676 0.07469415617246988 0.074618789203563 0.07454342223465613 0.07450448162853718 0.07450448162853718 0.07450448162853718 0.07450448162853718 0.07450448162853718 0.07450448162853718 0.07450448162853718 0.07450448162853718 0.07450448162853718 0.07450448162853718 0.07450448162853718 0.07450448162853718 0.0715036895113237 0.0652949827091953 0.059086275907056306 0.0528775691049279 0.0466688623027995 0.04046015550067109 0.034251448698542686 0.028042741896414286 0.02183403509428588 0.015625328292157473 0.009416621490029073 0.0032079146879006593 0.0 0.0 0.0 0.0
0.034457587344196884 0.040741661115232156 0.047025734886267434 0.053309808657302706 0.05959388242833798 0.06587795619937326 0.07216202997040852 0.07537245889263179 0.07529709192372491 0.07522172495481803 0.07514635798591116 0.07507099101700428 0.0749956240480974 0.07492025707919052 0.07484489011028364 0.07476952314137676 0.07469415617246988 0.074618789203563 0.07454342223465613 0.07450448162853718 0.07450448162853718 0.07450448162853718 0.07450448162853718 0.07450448162853718 0.07450448162853718 0.07450448162853718 0.07450448162853718 0.07450448162853718 0.07450448162853718 0.07450448162853718 0.07450448162853718 0.0715036895113237 0.0652949827091953 0.059086275907056306 0.0528775691049279 0.0466688623027995 0.04046015550067109 0.034251448698542686 0.028042741896414286 0.02183403509428588 0.015625328292157473 0.009416621490029073 0.0032079146879006593 0.0 0.0 0.0 0.0
0.034457587344196884 0.040741661115232156 0.047025734886267434 0.053309808657302706 0.05959388242833798 0.06587795619937326 0.07216202997040852 0.07537245889263179 0.07529709192372491 0.07522172495481803 0.07514635798591116 0.07507099101700428 0.0749956240480974 0.07492025707919052 0.07484489011028364 0.07476952314137676 0.07469415617246988 0.074618789203563 0.07454342223465613 0.07450448162853718 0.07450448162853718 0.07450448162853718 0.07450448162853718 0.07450448162853718 0.07450448162853718 0.07450448162853718 0.07450448162853718 0.07450448162853718 0.07450448162853718 0.07450448162853718 0.07450448162853718 0.0715036895113237 0.0652949827091953 0.059086275907056306 0.0528775691049279 0.0466688623027995 0.04046015550067109 0.034251448698542686 0.028042741896414286 0.02183403509428588 0.015625328292157473 0.009416621490029073 0.0032079146879006593 0.0 0.0 0.0 0.0
0.036524779736098946 0.0431858499973375 0.049846920258576066 0.05650799051981462 0.06316906078105318 0.06983013104229174 0.0764912013035303 0.07991508941256385 0.07987835655276078 0.07984162369295772 0.07980489083315465 0.07976815797335157 0.0797314251135485 0.07969469225374544 0.07965795939394237 0.07962122653413929 0.07958449367433622 0.07954776081453316 0.07951102795473008 0.07949204882042284 0.07949204882042284 0.07949204882042284 0.07949204882042284 0.07949204882042284 0.07949204882042284 0.07949204882042284 0.07949204882042284 0.07949204882042284 0.07949204882042284 0.07949204882042284 0.07949204882042284 0.07629037412559338 0.06966603672415789 0.06304169932271109 0.0564173619212756 0.04979302451984011 0.04316868711840461 0.03654434971696912 0.029920012315533623 0.023295674914098133 0.016671337512662643 0.010047000111227139 0.003422662709791649 0.0 0.0 0.0 0.0
0.0408016704695348 0.04824272270139424 0.05568377493325369 0.06312482716511314 0.07056587939697258 0.07800693162883203 0.08544798386069147 0.08931350556977696 0.08935670424603599 0.08939990292229504 0.08944310159855406 0.08948630027481311 0.08952949895107214 0.08957269762733118 0.08961589630359021 0.08965909497984925 0.08970229365610828 0.08974549233236732 0.08978869100862635 0.08981101090103362 0.08981101090103362 0.08981101090103362 0.08981101090103362 0.08981101090103362 0.08981101090103362 0.08981101090103362 0.08981101090103362 0.08981101090103362 0.08981101090103362 0.08981101090103362 0.08981101090103362 0.08619372281768739 0.07870947190956892 0.07122522100143767 0.0637409700933192 0.056256719185200726 0.048772468277082245 0.04128821736896377 0.0338039664608453 0.026319715552726816 0.018835464644608335 0.011351213736489868 0.003866962828371387 0.0 0.0 0.0 0.0
0.045078561202974286 0.053299595405455286 0.061520629607936285 0.06974166381041728 0.07796269801289828 0.08618373221537928 0.09440476641786028 0.09871192172699808 0.0988350519393193 0.0989581821516405 0.09908131236396171 0.09920444257628293 0.09932757278860413 0.09945070300092534 0.09957383321324656 0.09969696342556778 0.09982009363788898 0.09994322385021019 0.1000663540625314 0.1001299729816532 0.1001299729816532 0.1001299729816532 0.1001299729816532 0.1001299729816532 0.1001299729816532 0.1001299729816532 0.1001299729816532 0.1001299729816532 0.1001299729816532 0.1001299729816532 0.1001299729816532 0.09609707150978986 0.08775290709498766 0.07940874268017124 0.07106457826536905 0.06272041385056687 0.05437624943576467 0.04603208502096248 0.03768792060616029 0.029343756191358095 0.0209995917765559 0.012655427361753721 0.004311262946951527 0.0 0.0 0.0 0.0
0.049355451936410125 0.05835646810951201 0.0673574842826139 0.07635850045571578 0.08535951662881766 0.09436053280191954 0.10336154897502142 0.10811033788421118 0.1083133996325945 0.10851646138097781 0.10871952312936113 0.10892258487774445 0.10912564662612777 0.10932870837451109 0.1095317701228944 0.10973483187127772 0.10993789361966104 0.11014095536804436 0.11034401711642768 0.11044893506226398 0.11044893506226398 0.11044893506226398 0.11044893506226398 0.11044893506226398 0.11044893506226398 0.11044893506226398 0.11044893506226398 0.11044893506226398 0.11044893506226398 0.11044893506226398 0.11044893506226398 0.10600042020188387 0.0967963422803987 0.08759226435889783 0.07838818643741266 0.06918410851592748 0.0599800305944423 0.05077595267295713 0.04157187475147195 0.03236779682998678 0.023163718908501607 0.013959640987016422 0.004755563065531251 0.0 0.0 0.0 0.0
0.053632342669845984 0.06341334081356875 0.07319433895729152 0.0829753371010143 0.09275633524473707 0.10253733338845984 0.11231833153218261 0.11750875404142427 0.11779174732586971 0.11807474061031513 0.11835773389476055 0.11864072717920598 0.1189237204636514 0.11920671374809683 0.11948970703254226 0.11977270031698768 0.1200556936014331 0.12033868688587854 0.12062168017032396 0.12076789714287477 0.12076789714287477 0.12076789714287477 0.12076789714287477 0.12076789714287477 0.12076789714287477 0.12076789714287477 0.12076789714287477 0.12076789714287477 0.12076789714287477 0.12076789714287477 0.12076789714287477 0.11590376889397788 0.10583977746580973 0.0957757860376244 0.08571179460945626 0.0756478031812881 0.06558381175311995 0.055519820324951785 0.04545582889678362 0.035391837468615475 0.025327846040447313 0.015263854612279165 0.005199863184111003 0.0 0.0 0.0 0.0
0.05790923340328183 0.06847021351762549 0.07903119363196914 0.0895921737463128 0.10015315386065646 0.11071413397500011 0.12127511408934377 0.1269071701986374 0.1272700950191449 0.12763301983965245 0.12799594466015998 0.12835886948066752 0.12872179430117506 0.1290847191216826 0.1294476439421901 0.12981056876269764 0.13017349358320518 0.13053641840371272 0.13089934322422025 0.13108685922348556 0.13108685922348556 0.13108685922348556 0.13108685922348556 0.13108685922348556 0.13108685922348556 0.13108685922348556 0.13108685922348556 0.13108685922348556 0.13108685922348556 0.13108685922348556 0.13108685922348556 0.1258071175860719 0.11488321265122077 0.10395930771635101 0.09303540278149987 0.08211149784664873 0.07118759291179758 0.06026368797694645 0.04933978304209531 0.03841587810724417 0.027491973172393033 0.016568068237541894 0.005644163302690741 0.0 0.0 0.0 0.0
0.062186124136717674 0.07352708622168222 0.08486804830664677 0.09620901039161131 0.10754997247657586 0.1188909345615404 0.13023189664650495 0.1363055863558505 0.13674844271242012 0.13719129906898977 0.1376341554255594 0.13807701178212906 0.13851986813869868 0.13896272449526834 0.13940558085183796 0.13984843720840762 0.14029129356497724 0.1407341499215469 0.14117700627811652 0.14140582130409635 0.14140582130409635 0.14140582130409635 0.14140582130409635 0.14140582130409635 0.14140582130409635 0.14140582130409635 0.14140582130409635 0.14140582130409635 0.14140582130409635 0.14140582130409635 0.14140582130409635 0.13571046627816594 0.1239266478366318 0.11214282939507758 0.10035901095354346 0.08857519251200935 0.07679137407047522 0.06500755562894109 0.05322373718740697 0.04143991874587284 0.029656100304338726 0.017872281862804595 0.006088463421270479 0.0 0.0 0.0 0.0
0.06646301487015352 0.07858395892573895 0.09070490298132437 0.1028258470369098 0.11494679109249524 0.12706773514808067 0.1391886792036661 0.14570400251306356 0.14622679040569533 0.14674957829832708 0.14727236619095882 0.14779515408359056 0.1483179419762223 0.14884072986885405 0.14936351776148582 0.14988630565411756 0.1504090935467493 0.15093188143938105 0.1514546693320128 0.15172478338470713 0.15172478338470713 0.15172478338470713 0.15172478338470713 0.15172478338470713 0.15172478338470713 0.15172478338470713 0.15172478338470713 0.15172478338470713 0.15172478338470713 0.15172478338470713 0.15172478338470713 0.14561381497025994 0.13297008302204283 0.12032635107380417 0.10768261912558708 0.09503888717736997 0.08239515522915286 0.06975142328093575 0.057107691332718646 0.04446395938450154 0.03182022743628443 0.019176495488067324 0.006532763539850217 0.0 0.0 0.0 0.0
0.07073990560358936 0.08364083162979569 0.09654175765600201 0.10944268368220833 0.12234360970841465 0.13524453573462097 0.1481454617608273 0.1551024186702767 0.15570513809897055 0.1563078575276644 0.15691057695635827 0.1575132963850521 0.15811601581374596 0.15871873524243982 0.15932145467113368 0.1599241740998275 0.16052689352852137 0.16112961295721523 0.1617323323859091 0.1620437454653179 0.1620437454653179 0.1620437454653179 0.1620437454653179 0.1620437454653179 0.1620437454653179 0.1620437454653179 0.1620437454653179 0.1620437454653179 0.1620437454653179 0.1620437454653179 0.1620437454653179 0.15551716366235396 0.14201351820745386 0.12850987275253076 0.11500622729763067 0.10150258184273059 0.0879989363878305 0.0744952909329304 0.06099164547803032 0.047488000023130236 0.03398435456823015 0.020480709113330053 0.006977063658429983 0.0 0.0 0.0 0.0
0.07501679633702887 0.08869770433385674 0.10237861233068461 0.11605952032751249 0.12974042832434035 0.14342133632116824 0.1571022443179961 0.1645008348274978 0.16518348579225384 0.16586613675700987 0.1665487877217659 0.16723143868652193 0.16791408965127796 0.16859674061603397 0.16927939158079 0.16996204254554603 0.17064469351030206 0.1713273444750581 0.17200999543981413 0.1723627075459375 0.1723627075459375 0.1723627075459375 0.1723627075459375 0.1723627075459375 0.1723627075459375 0.1723627075459375 0.1723627075459375 0.1723627075459375 0.1723627075459375 0.1723627075459375 0.1723627075459375 0.16542051235445643 0.15105695339287262 0.13669339443126433 0.12232983546968051 0.10796627650809672 0.0936027175465129 0.07923915858492911 0.0648755996233453 0.0505120406617615 0.036148481700177704 0.021784922738593893 0.0074213637770100815 0.0 0.0 0.0 0.0
0.07929368707046472 0.09375457703791347 0.10821546700536223 0.12267635697281098 0.13713724694025975 0.15159813690770851 0.16605902687515725 0.1738992509847109 0.17466183348552905 0.17542441598634717 0.17618699848716532 0.17694958098798344 0.1777121634888016 0.1784747459896197 0.17923732849043786 0.17999991099125598 0.18076249349207413 0.18152507599289225 0.1822876584937104 0.18268166962654828 0.18268166962654828 0.18268166962654828 0.18268166962654828 0.18268166962654828 0.18268166962654828 0.18268166962654828 0.18268166962654828 0.18268166962654828 0.18268166962654828 0.18268166962654828 0.18268166962654828 0.17532386104655043 0.16010038857828365 0.1448769161099909 0.12965344364172413 0.11442997117345734 0.09920649870519055 0.08398302623692376 0.06875955376865699 0.0535360813003902 0.038312608832123424 0.02308913636385662 0.007865663895589847 0.0 0.0 0.0 0.0
0.08357057780390055 0.09881144974197019 0.11405232168003983 0.12929319361810948 0.14453406555617912 0.15977493749424876 0.1750158094323184 0.183297667141924 0.18414018117880424 0.18498269521568447 0.18582520925256474 0.18666772328944498 0.1875102373263252 0.18835275136320545 0.1891952654000857 0.19003777943696595 0.1908802934738462 0.19172280751072643 0.19256532154760667 0.19300063170715906 0.19300063170715906 0.19300063170715906 0.19300063170715906 0.19300063170715906 0.19300063170715906 0.19300063170715906 0.19300063170715906 0.19300063170715906 0.19300063170715906 0.19300063170715906 0.19300063170715906 0.18522720973864445 0.1691438237636947 0.15306043778871747 0.1369770518137677 0.12089366583881794 0.10481027986386818 0.08872689388891841 0.07264350791396865 0.05656012193901888 0.040476735964069116 0.02439334998911935 0.008309964014169585 0.0 0.0 0.0 0.0
0.09194403671568341 0.1078817810249334 0.12381952533418338 0.13975726964343338 0.15569501395268334 0.17163275826193333 0.18757050257118332 0.1962758122460475 0.19724948564753747 0.19822315904902743 0.1991968324505174 0.20017050585200735 0.2011441792534973 0.20211785265498727 0.20309152605647723 0.2040651994579672 0.20503887285945718 0.20601254626094714 0.2069862196624371 0.2074892972435822 0.2074892972435822 0.2074892972435822 0.2074892972435822 0.2074892972435822 0.2074892972435822 0.2074892972435822 0.2074892972435822 0.2074892972435822 0.2074892972435822 0.2074892972435822 0.2074892972435822 0.1994803430204822 0.1829096354804109 0.16633892794031135 0.14976822040024004 0.13319751286016873 0.11662680532009742 0.10005609778002611 0.0834853902399548 0.06691468269988349 0.050343975159812177 0.033773267619740865 0.017202560079669582 0.008640806754729474 0.008640806754729474 0.008640806754729474 0.008640806754729474
0.10469646875185236 0.12124224650992511 0.13778802426799788 0.15433380202607064 0.1708795797841434 0.18742535754221618 0.20397113530028893 0.21308046191903496 0.2142400540043171 0.2153996460895992 0.2165592381748813 0.2177188302601634 0.2188784223454455 0.2200380144307276 0.2211976065160097 0.2223571986012918 0.2235167906865739 0.224676382771856 0.2258359748571381 0.22643511290536458 0.22643511290536458 0.22643511290536458 0.22643511290536458 0.22643511290536458 0.22643511290536458 0.22643511290536458 0.22643511290536458 0.22643511290536458 0.22643511290536458 0.22643511290536458 0.22643511290536458 0.21838312180707084 0.20172336999824628 0.1850636181893933 0.16840386638056873 0.15174411457174414 0.13508436276291957 0.11842461095409502 0.10176485914527045 0.08510510733644588 0.06844535552762132 0.05178560371879676 0.03512585190997217 0.026518091191429755 0.026518091191429755 0.026518091191429755 0.026518091191429755
0.11744890078802131 0.13460271199491686 0.15175652320181238 0.16891033440870792 0.18606414561560347 0.20321795682249902 0.22037176802939454 0.22988511159202243 0.23123062236109668 0.23257613313017092 0.23392164389924516 0.2352671546683194 0.23661266543739365 0.23795817620646792 0.23930368697554216 0.2406491977446164 0.24199470851369065 0.2433402192827649 0.24468573005183913 0.24538092856714697 0.24538092856714697 0.24538092856714697 0.24538092856714697 0.24538092856714697 0.24538092856714697 0.24538092856714697 0.24538092856714697 0.24538092856714697 0.24538092856714697 0.24538092856714697 0.24538092856714697 0.23728590059365948 0.22053710451608163 0.20378830843847526 0.18703951236089741 0.1702907162833196 0.15354192020574176 0.1367931241281639 0.1200443280505861 0.10329553197300828 0.08654673589543044 0.06979793981785262 0.05304914374027478 0.044395375628130035 0.044395375628130035 0.044395375628130035 0.044395375628130035
0.13020133282420115 0.14796317747992 0.16572502213563883 0.18348686679135762 0.20124871144707646 0.2190105561027953 0.23677240075851413 0.24668976126502426 0.24822119071789078 0.24975262017075733 0.2512840496236239 0.25281547907649043 0.254346908529357 0.25587833798222354 0.2574097674350901 0.2589411968879566 0.26047262634082313 0.2620040557936897 0.26353548524655623 0.26432674422894553 0.26432674422894553 0.26432674422894553 0.26432674422894553 0.26432674422894553 0.26432674422894553 0.26432674422894553 0.26432674422894553 0.26432674422894553 0.26432674422894553 0.26432674422894553 0.26432674422894553 0.25618867938026424 0.23935083903393306 0.22251299868757318 0.20567515834124203 0.18883731799491088 0.1719994776485797 0.15516163730224852 0.13832379695591737 0.1214859566095862 0.10464811626325501 0.08781027591692386 0.07097243557059268 0.06227266006484558 0.06227266006484558 0.06227266006484558 0.06227266006484558
0.14295376486037006 0.16132364296491167 0.17969352106945327 0.19806339917399488 0.2164332772785365 0.2348031553830781 0.2531730334876197 0.26349441093801174 0.2652117590746704 0.26692910721132906 0.26864645534798776 0.27036380348464645 0.27208115162130514 0.2737984997579638 0.27551584789462247 0.27723319603128116 0.27895054416793985 0.28066789230459854 0.2823852404412572 0.28327255989072786 0.28327255989072786 0.28327255989072786 0.28327255989072786 0.28327255989072786 0.28327255989072786 0.28327255989072786 0.28327255989072786 0.28327255989072786 0.28327255989072786 0.28327255989072786 0.28327255989072786 0.2750914581668528 0.2581645735517684 0.2412376889366551 0.2243108043215707 0.20738391970648626 0.19045703509140183 0.17353015047631742 0.156603265861233 0.13967638124614856 0.12274949663106416 0.10582261201597973 0.0888957274008953 0.08014994450154586 0.08014994450154586 0.08014994450154586 0.08014994450154586
