Figures/CREST_Example_wjb_NSE/Rolling_result/20100722/BJP_forecast/ens_28/wjb.rain.20100725.asc
ncols            288
nrows            254
xllcorner        113.274861
yllcorner        31.4918055
cellsize         0.008333333333
NODATA_value     -9999
[rows 115 to 137 of 254, columns 102 to 152 of 288]
1.3281612005684267 1.408408010979824 1.4886548213913582 1.5689016318027558 1.6491484422141531 1.7293952526255505 1.8096420630369479 1.8898888734483452 1.9701356838597426 2.0074851879830438 1.9989765016588323 1.990467815334621 1.9819591290104095 1.973450442686198 1.9649417563619866 1.9564330700377608 1.9479243837135491 1.9394156973893377 1.9309070110651263 1.9223983247409149 1.9138896384167035 1.962570711161831 2.0723889296864217 2.1822071482110124 2.2920253667356034 2.401843585260194 2.511661803784785 2.6214800223093757 2.731298240834154 2.841116459358745 2.9509346778833354 3.0607528964079265 3.1705711149325175 3.417340242409206 3.8105129889535436 4.203685735497881 4.596858482042219 4.990031228586556 5.383203975130894 5.7763767216752315 6.16954946821957 6.562722214764578 6.955894961308915 7.349067707853252 7.7422404543975905 7.919232405386515 7.865122196155103 7.811011986923691 7.7569017776922795 7.702791568460867 7.648681359229456
1.3371074672604462 1.373488973707434 1.4098704801544841 1.446251986601472 1.48263349304846 1.5190149994954478 1.5553965059424357 1.5917780123894236 1.6281595188364115 1.643590151870903 1.6366238274708294 1.6296575030707559 1.6226911786706824 1.6157248542706086 1.6087585298705351 1.6017922054704496 1.5948258810703762 1.5878595566703027 1.580893232270229 1.5739269078701554 1.566960583470082 1.6504287491504976 1.8305734298838772 2.0107181106172565 2.190862791350636 2.3710074720840155 2.5511521528173953 2.7312968335507746 2.911441514284461 3.0915861950178405 3.2717308757512202 3.4518755564846 3.6320202372179793 3.909430982767579 4.290821351457496 4.672211720147414 5.053602088837331 5.434992457527248 5.816382826217165 6.197773194907082 6.579163563597 6.960553932287567 7.3419443009774845 7.723334669667402 8.10472503835732 8.28114662176759 8.23845193754565 8.195757253323707 8.153062569101765 8.110367884879823 8.06767320065788
1.3460537339524659 1.3385699364350443 1.33108613891761 1.3236023414001885 1.316118543882767 1.3086347463653454 1.3011509488479238 1.293667151330502 1.2861833538130805 1.2796951157587624 1.2742711532828266 1.268847190806891 1.2634232283309552 1.2579992658550194 1.2525753033790838 1.247151340903139 1.2417273784272032 1.2363034159512676 1.2308794534753318 1.225455490999396 1.2200315285234604 1.3382867871391644 1.5887579300813326 1.8392290730235008 2.089700215965669 2.3401713589078375 2.5906425018500054 2.8411136447921734 3.091584787734769 3.3420559306769375 3.592527073619105 3.8429982165612735 4.093469359503442 4.401521723125952 4.771129713961448 5.140737704796946 5.510345695632442 5.879953686467939 6.249561677303436 6.619169668138933 6.9887776589744295 7.358385649810557 7.727993640646053 8.09760163148155 8.467209622317046 8.643060838148664 8.611781678936193 8.580502519723721 8.549223360511249 8.517944201298777 8.486665042086306
1.3550000006444933 1.3036508991626248 1.2523017976806687 1.2009526961988002 1.1496035947169319 1.0982544932350633 1.046905391753195 0.9955562902713264 0.9442071887894579 0.9158000796463113 0.9119184790945147 0.9080368785427182 0.9041552779909217 0.9002736774391252 0.8963920768873287 0.8925104763355256 0.8886288757837291 0.8847472752319325 0.880865674680136 0.8769840741283396 0.873102473576543 1.0261448251275649 1.346942430278582 1.6677400354295986 1.9885376405806154 2.3093352457316323 2.6301328508826494 2.950930456033666 3.27172806118523 3.592525666336247 3.913323271487264 4.234120876638281 4.554918481789297 4.893612463484744 5.251438076465811 5.609263689446877 5.967089302427944 6.32491491540901 6.6827405283900765 7.0405661413711425 7.398391754352209 7.7562173673338854 8.114042980314952 8.47186859329602 8.829694206277086 9.004975054530048 8.985111420327057 8.965247786124063 8.945384151921072 8.92552051771808 8.905656883515089
1.363946267336513 1.268731861890235 1.1735174564437947 1.0783030509975167 0.9830886455512386 0.8878742401049607 0.7926598346586827 0.6974454292124048 0.6022310237661268 0.5519050435341706 0.549565804906512 0.5472265662788532 0.5448873276511946 0.542548089023536 0.5402088503958773 0.5378696117682147 0.5355303731405561 0.5331911345128975 0.5308518958852387 0.5285126572575801 0.5261734186299215 0.7140028631162317 1.1051269304760374 1.4962509978358427 1.8873750651956485 2.2784991325554538 2.6696231999152595 3.060747267275065 3.4518713346355376 3.842995401995343 4.234119469355148 4.6252435367149545 5.01636760407476 5.385703203843117 5.731746438969763 6.07778967409641 6.423832909223055 6.769876144349702 7.115919379476348 7.461962614602994 7.808005849729639 8.154049084856876 8.500092319983523 8.846135555110168 9.192178790236815 9.366889270911123 9.358441161717602 9.349993052524079 9.341544943330558 9.333096834137036 9.324648724943513
1.3728925340285327 1.2338128246178452 1.0947331152069206 0.9556534057962331 0.8165736963855457 0.6774939869748582 0.5384142775641707 0.39933456815348345 0.26025485874279597 0.18801000742202983 0.18721313071850906 0.1864162540149883 0.1856193773114675 0.18482250060794672 0.18402562390442595 0.18322874720090382 0.18243187049738305 0.18163499379386228 0.18083811709034148 0.1800412403868207 0.17924436368329993 0.40186090110489847 0.8633114306734926 1.3247619602420868 1.786212489810681 2.2476630193792753 2.7091135489478693 3.1705640785164633 3.6320146080858446 4.093465137654439 4.5549156672230335 5.016366196791626 5.477816726360221 5.87779394420149 6.212054801473716 6.546315658745941 6.880576516018167 7.214837373290393 7.549098230562619 7.883359087834844 8.21761994510707 8.551880802379866 8.886141659652091 9.220402516924317 9.554663374196544 9.728803487292199 9.731770903108147 9.734738318924094 9.737705734740043 9.740673150555992 9.743640566371939
1.322030714774908 1.1668023025197471 1.0115738902643217 0.856345478009161 0.7011170657540002 0.5458886534988394 0.3906602412436786 0.23543182898851778 0.08020341673335696 0.0 0.0 0.0 0.0 0.0 0.0 0.0 0.0 0.0 0.0 0.0 0.0 0.2308990869838024 0.7086345196874457 1.186369952391089 1.6641053850947323 2.141840817798376 2.619576250502019 3.097311683205662 3.5750471159101203 4.052782548613764 4.530517981317407 5.00825341402105 5.485988846724694 5.892699558702105 6.223483237867881 6.554266917033657 6.885050596199433 7.215834275365209 7.546617954530985 7.877401633696761 8.208185312862536 8.538968992028877 8.869752671194652 9.200536350360428 9.531320029526205 9.705513323867079 9.712307954928018 9.719102585988958 9.7258972170499 9.73269184811084 9.739486479171779
1.2072378221020128 1.065488006273278 0.9237381904443018 0.7819883746155671 0.6402385587868324 0.49848874295809775 0.35673892712936306 0.21498911130062837 0.07323929547189367 0.0 0.0 0.0 0.0 0.0 0.0 0.0 0.0 0.0 0.0 0.0 0.0 0.21084995059523218 0.6471032667039325 1.0833565828126328 1.5196098989213331 1.9558632150300337 2.392116531138734 2.8283698472474343 3.2646231633568785 3.700876479465579 4.137129795574279 4.57338311168298 5.00963642779168 5.397524356646879 5.733708592655486 6.069892828664092 6.406077064672699 6.742261300681306 7.078445536689912 7.414629772698519 7.750814008707126 8.086998244716305 8.423182480724911 8.759366716733519 9.095550952742126 9.270463962710803 9.272974384265208 9.275484805819612 9.277995227374015 9.28050564892842 9.283016070482825
1.0924449294291176 0.964173710026809 0.8359024906242817 0.7076312712219731 0.5793600518196644 0.45108883241735587 0.3228176130150473 0.19454639361273873 0.06627517421043017 0.0 0.0 0.0 0.0 0.0 0.0 0.0 0.0 0.0 0.0 0.0 0.0 0.19080081420666195 0.5855720137204194 0.9803432132341768 1.3751144127479344 1.7698856122616917 2.1646568117754494 2.559428011289207 2.9541992108036372 3.3489704103173947 3.7437416098311522 4.13851280934491 4.533284008858668 4.902349154591653 5.24393394744309 5.585518740294528 5.927103533145965 6.268688325997402 6.61027311884884 6.9518579117002774 7.293442704551715 7.635027497403735 7.976612290255172 8.31819708310661 8.659781875958046 8.835414601554527 8.833640813602395 8.831867025650265 8.830093237698133 8.828319449746003 8.82654566179387
0.9776520367561247 0.8628594137802537 0.7480667908041868 0.6332741678283158 0.5184815448524448 0.4036889218765738 0.2888962989007027 0.17410367592483178 0.05931105294896066 0.0 0.0 0.0 0.0 0.0 0.0 0.0 0.0 0.0 0.0 0.0 0.0 0.17075167781807463 0.5240407607368538 0.8773298436556329 1.230618926574412 1.5839080094931912 1.9371970924119704 2.2904861753307495 2.6437752582501313 2.9970643411689104 3.3503534240876895 3.7036425070064687 4.056931589925248 4.407173952536005 4.754159302230278 5.1011446519245505 5.448130001618823 5.795115351313096 6.142100701007369 6.489086050701641 6.836071400395914 7.183056750090778 7.530042099785051 7.877027449479323 8.224012799173597 8.40036524039788 8.39430724293921 8.388249245480539 8.382191248021869 8.376133250563198 8.370075253104527
0.8628591440832294 0.7615451175337844 0.6602310909841668 0.5589170644347218 0.4576030378852769 0.3562890113358319 0.254974984786387 0.15366095823694215 0.052346931687497156 0.0 0.0 0.0 0.0 0.0 0.0 0.0 0.0 0.0 0.0 0.0 0.0 0.15070254142950437 0.4625095077533406 0.7743164740771767 1.086123440401013 1.3979304067248493 1.7097373730486853 2.0215443393725216 2.3333513056968895 2.645158272020726 2.956965238344562 3.268772204668398 3.5805791709922343 3.911998750480779 4.264384657017882 4.616770563554986 4.969156470092089 5.321542376629192 5.673928283166295 6.026314189703399 6.378700096240502 6.731086002778206 7.083471909315309 7.435857815852413 7.788243722389516 7.9653158792416034 7.954973672276397 7.944631465311191 7.934289258345985 7.923947051380779 7.913604844415572
0.7480662514103342 0.6602308212873154 0.5723953911641467 0.48455996104112786 0.396724530918109 0.30888910079509013 0.22105367067207138 0.1332182405490525 0.04538281042603365 0.0 0.0 0.0 0.0 0.0 0.0 0.0 0.0 0.0 0.0 0.0 0.0 0.13065340504093415 0.4009782547698274 0.6713031044987207 0.9416279542276139 1.211952803956507 1.4822776536854003 1.7526025034142936 2.022927353143648 2.2932522028725413 2.5635770526014343 2.833901902330328 3.104226752059221 3.416823548425553 3.774610011805487 4.132396475185421 4.490182938565354 4.847969401945289 5.205755865325223 5.563542328705156 5.921328792085091 6.279115255465635 6.636901718845569 6.994688182225502 7.352474645605437 7.5302665180853285 7.515640101613586 7.501013685141844 7.486387268670102 7.47176085219836 7.457134435726617
0.633273358737439 0.5589165250408462 0.4845596913441267 0.4102028576475339 0.3358460239509412 0.26148919025434847 0.18713235655775562 0.11277552286116288 0.03841868916457014 0.0 0.0 0.0 0.0 0.0 0.0 0.0 0.0 0.0 0.0 0.0 0.0 0.11060426865236392 0.33944700178631426 0.5682897349202646 0.797132468054215 1.0259752011881653 1.2548179343221157 1.483660667456066 1.7125034005904067 1.941346133724357 2.1701888668583074 2.3990315999922576 2.627874333126208 2.921648346370327 3.2848353665930916 3.6480223868158563 4.011209407038621 4.374396427261386 4.73758344748415 5.100770467706916 5.4639574879296795 5.827144508153064 6.190331528375829 6.553518548598594 6.916705568821358 7.095217156929053 7.076306530950775 7.0573959049724975 7.038485278994219 7.019574653015941 7.000664027037663
0.5184804660645438 0.4576022287943771 0.3967239915241066 0.3358457542539399 0.27496751698377325 0.21408927971360658 0.15321104244343997 0.09233280517327325 0.03145456790310652 0.0 0.0 0.0 0.0 0.0 0.0 0.0 0.0 0.0 0.0 0.0 0.0 0.09055513226379368 0.2779157488028011 0.46527636534180855 0.652636981880816 0.8399975984198234 1.027358214958831 1.2147188314978383 1.4020794480371652 1.5894400645761726 1.77680068111518 1.9641612976541876 2.1515219141931947 2.426473144315101 2.795060721380696 3.1636482984462915 3.532235875511887 3.9008234525774825 4.269411029643078 4.637998606708673 5.006586183774269 5.375173760840493 5.743761337906088 6.112348914971683 6.480936492037279 6.660167795772778 6.636972960287964 6.61377812480315 6.590583289318337 6.567388453833523 6.544193618348709
0.4036875733916485 0.3562879325479079 0.30888829170408655 0.26148865086034595 0.21408901001660535 0.16668936917286475 0.11928972832912421 0.07189008748538361 0.024490446641643016 0.0 0.0 0.0 0.0 0.0 0.0 0.0 0.0 0.0 0.0 0.0 0.0 0.07050599587522345 0.21638449581928795 0.36226299576335247 0.508141495707417 0.6540199956514815 0.799898495595546 0.9457769955396105 1.0916554954839237 1.2375339954279883 1.3834124953720528 1.5292909953161173 1.6751694952601819 1.9312979422598746 2.3052860761683007 2.679274210076727 3.053262343985153 3.427250477893579 3.801238611802005 4.175226745710431 4.549214879618857 4.923203013527921 5.297191147436347 5.671179281344774 6.045167415253199 6.225118434616501 6.197639389625152 6.1701603446338025 6.142681299642453 6.115202254651104 6.087723209659754
0.28889468071875335 0.2549736363014389 0.2210525918840665 0.187131547466752 0.1532105030494375 0.11928945863212304 0.08536841421480851 0.051447369797494036 0.017526325380179508 0.0 0.0 0.0 0.0 0.0 0.0 0.0 0.0 0.0 0.0 0.0 0.0 0.050456859486653224 0.1548532428357748 0.2592496261848964 0.363646009534018 0.46804239288313954 0.5724387762322611 0.6768351595813827 0.7812315429306823 0.8856279262798039 0.9900243096289255 1.0944206929780471 1.1988170763271686 1.4361227402046486 1.8155114309559055 2.194900121707162 2.574288812458419 2.953677503209676 3.3330661939609327 3.71245488471219 4.091843575463447 4.471232266215351 4.850620956966607 5.230009647717864 5.609398338469121 5.790069073460226 5.758305818962341 5.726542564464456 5.69477930996657 5.6630160554686855 5.631252800970801
0.1741017880457603 0.15365934005488335 0.13321689206397158 0.11277444407309467 0.09233199608221773 0.07188954809134082 0.05144710010046391 0.031004652109586972 0.010562204118710061 0.0 0.0 0.0 0.0 0.0 0.0 0.0 0.0 0.0 0.0 0.0 0.0 0.03040772309806589 0.09332198985220917 0.15623625660635246 0.21915052336049573 0.28206479011463903 0.3449790568687823 0.4078933236229256 0.4708075903771761 0.5337218571313194 0.5966361238854627 0.659550390639606 0.7224646573937492 0.9409475381490005 1.3257367857430924 1.7105260333371848 2.0953152809312767 2.480104528525369 2.864893776119461 3.2496830237135534 3.6344722713076454 4.019261518902394 4.4040507664964865 4.788840014090578 5.17362926168467 5.355019712303579 5.318972248299155 5.28292478429473 5.246877320290306 5.210829856285881 5.174782392281457
0.059308895372865086 0.052345043808414246 0.04538119224395154 0.03841734067950071 0.031453489115049874 0.024489637550599033 0.017525785986148207 0.010561934421697367 0.003598082857246526 0.0 0.0 0.0 0.0 0.0 0.0 0.0 0.0 0.0 0.0 0.0 0.0 0.010358586709495658 0.03179073686869601 0.05322288702789636 0.07465503718709672 0.09608718734629706 0.11751933750549742 0.13895148766469778 0.16038363782393467 0.18181578798313502 0.20324793814233538 0.22468008830153574 0.24611223846073607 0.44577233609377426 0.8359621405306972 1.22615194496762 1.6163417494045427 2.0065315538414654 2.396721358278388 2.786911162715311 3.1771009671522337 3.567290771589822 3.957480576026745 4.347670380463668 4.73786018490059 4.919970351147303 4.8796386776363425 4.8393070041253825 4.7989753306144225 4.7586436571034625 4.7183119835925025
0.0 0.0 0.0 0.0 0.0 0.0 0.0 0.0 0.0 0.0 0.0 0.0 0.0 0.0 0.0 0.0 0.0 0.0 0.0 0.0 0.0 0.0 0.0 0.0 0.0 0.0 0.0 0.0 0.0 0.0 0.0 0.0 0.0 0.1822848485013916 0.5594363227594357 0.9365877970174797 1.3137392712755238 1.6908907455335678 2.0680422197916117 2.445193694049656 2.8223451683077 3.199496642566387 3.5766481168244315 3.9537995910824755 4.330951065340519 4.506083008378561 4.46525150308303 4.424419997787499 4.383588492491968 4.342756987196436 4.301925481900906
0.0 0.0 0.0 0.0 0.0 0.0 0.0 0.0 0.0 0.0 0.0 0.0 0.0 0.0 0.0 0.0 0.0 0.0 0.0 0.0 0.0 0.0 0.0 0.0 0.0 0.0 0.0 0.0 0.0 0.0 0.0 0.0 0.0 0.16645692195234335 0.5108600582026017 0.85526319445286 1.1996663307031183 1.5440694669533768 1.8884726032036352 2.2328757394538936 2.577278875704152 2.9216820119549975 3.266085148205256 3.6104882844555144 3.9548914207057724 4.114816529201134 4.077530453336617 4.040244377472099 4.002958301607582 3.965672225743065 3.928386149878548
0.0 0.0 0.0 0.0 0.0 0.0 0.0 0.0 0.0 0.0 0.0 0.0 0.0 0.0 0.0 0.0 0.0 0.0 0.0 0.0 0.0 0.0 0.0 0.0 0.0 0.0 0.0 0.0 0.0 0.0 0.0 0.0 0.0 0.15062899540329508 0.4622837936457677 0.7739385918882403 1.085593390130713 1.3972481883731855 1.7089029866156582 2.020557784858131 2.3322125831006035 2.6438673813436075 2.9555221795860804 3.267176977828553 3.5788317760710258 3.7235500500237064 3.6898094035902034 3.6560687571567 3.6223281107231964 3.5885874642896933 3.55484681785619
0.0 0.0 0.0 0.0 0.0 0.0 0.0 0.0 0.0 0.0 0.0 0.0 0.0 0.0 0.0 0.0 0.0 0.0 0.0 0.0 0.0 0.0 0.0 0.0 0.0 0.0 0.0 0.0 0.0 0.0 0.0 0.0 0.0 0.13480106885424684 0.41370752908893377 0.6926139893236207 0.9715204495583076 1.2504269097929945 1.5293333700276814 1.8082398302623683 2.0871462904970555 2.366052750732218 2.644959210966905 2.923865671201592 3.2027721314362787 3.3322835708462795 3.3020883538437897 3.2718931368413005 3.2416979198388107 3.2115027028363214 3.1813074858338317
0.0 0.0 0.0 0.0 0.0 0.0 0.0 0.0 0.0 0.0 0.0 0.0 0.0 0.0 0.0 0.0 0.0 0.0 0.0 0.0 0.0 0.0 0.0 0.0 0.0 0.0 0.0 0.0 0.0 0.0 0.0 0.0 0.0 0.1189731423051851 0.3651312645320584 0.6112893867589316 0.857447508985805 1.1036056312126783 1.3497637534395515 1.5959218756664248 1.8420799978932982 2.0882381201205913 2.3343962423474647 2.5805543645743376 2.826712486801211 2.941017091668518 2.9143673040970457 2.8877175165255733 2.8610677289541004 2.834417941382628 2.807768153811155
