Figures/CREST_Example_wjb_NSE/Rolling_result/20100722/BJP_forecast/ens_28/wjb.rain.20100727.asc
ncols            288
nrows            254
xllcorner        113.274861
yllcorner        31.4918055
cellsize         0.008333333333
NODATA_value     -9999
[rows 140 to 167 of 254, columns 192 to 255 of 288]
0.0 0.0 0.0 0.036592351675996 0.11230275527312977 0.18801315887026354 0.2637235624673973 0.33943396606453113 0.4151443696616649 0.49085477325879867 0.5665651768559324 0.6422755804530662 0.7179859840502 0.7936963876473337 0.8694067912444675 0.9136859692504995 0.9243644558368725 0.9350429424232274 0.9457214290095822 0.9563999155959371 0.9670784021822919 0.9777568887686467 0.9884353753550016 0.9991138619413564 1.0097923485277114 1.020470835114066 1.031149321700421 0.9949132045967374 0.9085243144132611 0.8221354242296374 0.7357465340461611 0.6493576438626847 0.5629687536792083 0.476579863495732 0.3901909733122557 0.3038020831287793 0.21741319294530304 0.13102430276182664 0.04463541257835035 0.0 0.0 0.0 0.0 0.0 0.0 0.0 0.0 0.0 0.0 0.0 0.0 0.0 0.0 0.0 0.0 0.0 0.0 0.0 0.0 0.0 0.0 0.0 0.0 0.0
0.0 0.0 0.0 0.039441792207680265 0.12104775273949896 0.20265371327131765 0.2842596738031363 0.36586563433495506 0.44747159486677374 0.5290775553985925 0.6106835159304111 0.6922894764622298 0.7738954369940485 0.8555013975258672 0.9371073580576859 0.9840551403914843 0.9939525459455427 1.0038499514995842 1.0137473570536255 1.023644762607667 1.0335421681617085 1.0434395737157498 1.0533369792697913 1.0632343848238328 1.0731317903778743 1.0830291959319156 1.092926601485957 1.0538149869793265 0.9623116208934794 0.8708082548074763 0.7793048887216292 0.687801522635782 0.5962981565499349 0.5047947904640877 0.4132914243782406 0.32178805829239343 0.23028469220654635 0.13878132612069916 0.04727796003485207 0.0 0.0 0.0 0.0 0.0 0.0 0.0 0.0 0.0 0.0 0.0 0.0 0.0 0.0 0.0 0.0 0.0 0.0 0.0 0.0 0.0 0.0 0.0 0.0 0.0
0.0 0.0 0.0 0.04229123273936455 0.12979275020586817 0.21729426767237178 0.3047957851388754 0.39229730260537904 0.4797988200718826 0.5673003375383863 0.6548018550048899 0.7423033724713936 0.8298048899378971 0.9173064074044007 1.0048079248709043 1.0544243115324692 1.0635406360542128 1.0726569605759408 1.0817732850976687 1.0908896096193967 1.1000059341411248 1.1091222586628529 1.1182385831845807 1.1273549077063088 1.1364712322280368 1.1455875567497649 1.1547038812714927 1.1127167693619153 1.0160989273736976 0.9194810853853148 0.8228632433970969 0.726245401408879 0.6296275594206612 0.5330097174324433 0.4363918754442254 0.33977403345600754 0.24315619146778955 0.14653834947957178 0.049920507491353794 0.0 0.0 0.0 0.0 0.0 0.0 0.0 0.0 0.0 0.0 0.0 0.0 0.0 0.0 0.0 0.0 0.0 0.0 0.0 0.0 0.0 0.0 0.0 0.0 0.0
0.0 0.0 0.0 0.045140673271048815 0.13853774767223734 0.2319348220734259 0.3253318964746144 0.41872897087580296 0.5121260452769915 0.6055231196781801 0.6989201940793686 0.7923172684805571 0.8857143428817457 0.9791114172829342 1.0725084916841228 1.124793482673454 1.1331287261628828 1.1414639696522975 1.149799213141712 1.1581344566311267 1.1664697001205413 1.174804943609956 1.1831401870993705 1.1914754305887851 1.1998106740781997 1.2081459175676144 1.216481161057029 1.1716185517445046 1.069886233853916 0.9681539159631536 0.8664215980725649 0.7646892801819762 0.6629569622913876 0.5612246444007989 0.4594923265102102 0.35776000861962143 0.25602769072903275 0.15429537283844397 0.05256305494785529 0.0 0.0 0.0 0.0 0.0 0.0 0.0 0.0 0.0 0.0 0.0 0.0 0.0 0.0 0.0 0.0 0.0 0.0 0.0 0.0 0.0 0.0 0.0 0.0 0.0
0.0 0.0 0.0 0.04799011380273552 0.14728274513861403 0.2465753764744925 0.345868007810371 0.44516063914624954 0.544453270482128 0.6437459018180065 0.743038533153885 0.8423311644897635 0.941623795825642 1.0409164271615206 1.140209058497399 1.1951626538144988 1.2027168162716122 1.210270978728713 1.2178251411858134 1.225379303642914 1.2329334661000144 1.240487628557115 1.2480417910142154 1.255595953471316 1.2631501159284164 1.270704278385517 1.2782584408426174 1.2305203341271436 1.1236735403341798 1.0168267465410339 0.90997995274807 0.8031331589551061 0.6962863651621423 0.5894395713691785 0.48259277757621466 0.37574598378325086 0.26889918999028706 0.16205239619732326 0.055205602404359455 0.0 0.0 0.0 0.0 0.0 0.0 0.0 0.0 0.0 0.0 0.0 0.0 0.0 0.0 0.0 0.0 0.0 0.0 0.0 0.0 0.0 0.0 0.0 0.0 0.0
0.0034702012163084616 0.003836128045624235 0.004202054874940009 0.05281394749560658 0.15300186921443798 0.2531897909332694 0.3533777126521008 0.45356563437093217 0.5537535560897636 0.653941477808595 0.7541293995274264 0.8543173212462578 0.9545052429650892 1.0546931646839206 1.1548810864027519 1.2093424968230004 1.214921231911723 1.2204999670004364 1.2260787020891495 1.2316574371778628 1.237236172266576 1.2428149073552892 1.2483936424440023 1.2539723775327156 1.2595511126214287 1.265129847710142 1.2707085827988553 1.2222950042997758 1.1161624206629304 1.010029837025904 0.9038972533890588 0.7977646697522134 0.691632086115368 0.5854995024785227 0.47936691884167726 0.37323433520483196 0.26710175156798655 0.16096916793114113 0.05483658429429594 0.0 0.0 0.0 0.0 0.0 0.0 0.0 0.0 0.0 0.0 0.0 0.0 0.0 0.0 0.0 0.0 0.0 0.0 0.0 0.0 0.0 0.0 0.0 0.0 0.00016978098874217046
0.010649828776640492 0.011772835148339468 0.012895841520038443 0.0597482830150424 0.1554865253822285 0.2512247677494146 0.3469630101166007 0.4427012524837868 0.5384394948509729 0.634177737218159 0.729915979585345 0.8256542219525311 0.9213924643197172 1.0171307066869033 1.1128689490540893 1.163459490147718 1.1657861169245625 1.1681127437014032 1.1704393704782439 1.1727659972550846 1.1750926240319253 1.177419250808766 1.1797458775856065 1.1820725043624472 1.1843991311392879 1.1867257579161286 1.1890523846929693 1.1423150231110888 1.043127147595377 0.943939272079496 0.8447513965637843 0.7455635210480724 0.6463756455323606 0.5471877700166489 0.447999894500937 0.3488120189852253 0.24962414346951345 0.1504362679538016 0.05124839243808976 0.0 0.0 0.0 0.0 0.0 0.0 0.0 0.0 0.0 0.0 0.0 0.0 0.0 0.0 0.0 0.0 0.0 0.0 0.0 0.0 0.0 0.0 0.0 0.0 0.0005210471517142482
0.01782945633697252 0.019709542251054698 0.021589628165136876 0.06668261853447821 0.157971181550019 0.24925974456555977 0.34054830758110055 0.43183687059664133 0.5231254336121821 0.6144139966277229 0.7057025596432637 0.7969911226588045 0.8882796856743452 0.979568248689886 1.0708568117054267 1.1175764834724355 1.116651001937402 1.1157255204023702 1.1148000388673382 1.1138745573323063 1.1129490757972744 1.1120235942622425 1.1110981127272106 1.1101726311921787 1.1092471496571468 1.1083216681221149 1.107396186587083 1.0623350419224016 0.9700918745278233 0.8778487071330878 0.7856055397385096 0.6933623723439314 0.6011192049493532 0.508876037554775 0.4166328701601968 0.3243897027656186 0.23214653537104035 0.1399033679764622 0.04766020058188403 0.0 0.0 0.0 0.0 0.0 0.0 0.0 0.0 0.0 0.0 0.0 0.0 0.0 0.0 0.0 0.0 0.0 0.0 0.0 0.0 0.0 0.0 0.0 0.0 0.0008723133146863266
0.025009083897304548 0.027646249353769928 0.030283414810235307 0.07361695405391402 0.16045583771780952 0.247294721381705 0.33413360504560047 0.42097248870949594 0.5078113723733914 0.5946502560372868 0.6814891397011823 0.7683280233650778 0.8551669070289732 0.9420057906928687 1.0288446743567643 1.0716934767971533 1.0675158869502417 1.0633382971033372 1.0591607072564326 1.054983117409528 1.0508055275626238 1.0466279377157193 1.0424503478688147 1.0382727580219102 1.0340951681750057 1.0299175783281012 1.0257399884811966 0.9823550607337143 0.8970566014602697 0.8117581421866795 0.726459682913235 0.6411612236397903 0.5558627643663457 0.47056430509290115 0.38526584581945655 0.29996738654601196 0.21466892727256737 0.12937046799912266 0.04407200872567807 0.0 0.0 0.0 0.0 0.0 0.0 0.0 0.0 0.0 0.0 0.0 0.0 0.0 0.0 0.0 0.0 0.0 0.0 0.0 0.0 0.0 0.0 0.0 0.0 0.001223579477658405
0.03218871145763658 0.03558295645648516 0.038977201455333746 0.08055128957334985 0.1629404938856 0.24532969819785017 0.3277189025101004 0.41010810682235055 0.4924973111346007 0.5748865154468509 0.657275719759101 0.7396649240713512 0.8220541283836014 0.9044433326958515 0.9868325370081017 1.0258104701218709 1.018380771963081 1.0109510738043042 1.003521375645527 0.99609167748675 0.988661979327973 0.9812322811691959 0.9738025830104189 0.9663728848516419 0.9589431866928648 0.9515134885340877 0.9440837903753106 0.9023750795450272 0.8240213283927161 0.7456675772402714 0.6673138260879605 0.5889600749356494 0.5106063237833384 0.43225257263102734 0.3538988214787163 0.2755450703264052 0.19719131917409416 0.11883756802178314 0.04048381686947211 0.0 0.0 0.0 0.0 0.0 0.0 0.0 0.0 0.0 0.0 0.0 0.0 0.0 0.0 0.0 0.0 0.0 0.0 0.0 0.0 0.0 0.0 0.0 0.0 0.0015748456406304828
0.03936833901797472 0.04351966355920715 0.047670988100439585 0.08748562509279158 0.16542515005339264 0.24336467501399367 0.32130419997459475 0.3992437249351958 0.47718324989579686 0.5551227748563979 0.6330622998169989 0.7110018247776 0.7889413497382011 0.8668808746988022 0.9448203996594032 0.9799274634465494 0.9692456569758788 0.9585638505052264 0.947882044034574 0.9372002375639216 0.9265184310932693 0.9158366246226168 0.9051548181519644 0.8944730116813121 0.8837912052106597 0.8731093987400073 0.862427592269355 0.8223950983562719 0.7509860553251003 0.679577012293807 0.6081679692626354 0.5367589262314639 0.46534988320029236 0.3939408401691208 0.3225317971379492 0.25112275410677776 0.1797137110756062 0.10830466804443462 0.036895625013263045 0.0 0.0 0.0 0.0 0.0 0.0 0.0 0.0 0.0 0.0 0.0 0.0 0.0 0.0 0.0 0.0 0.0 0.0 0.0 0.0 0.0 0.0 0.0 0.0 0.0019261118036028606
0.04654796657830675 0.051456370661922386 0.05636477474553801 0.09441996061222739 0.16790980622118312 0.24139965183013887 0.3148894974390946 0.38837934304805033 0.46186918865700605 0.5353590342659619 0.6088488798749176 0.6823387254838733 0.7558285710928291 0.8293184167017849 0.9028082623107405 0.934044456771267 0.9201105419887182 0.9061766272061933 0.8922427124236684 0.8783087976411434 0.8643748828586184 0.8504409680760935 0.8365070532935686 0.8225731385110436 0.8086392237285187 0.7947053089459937 0.7807713941634687 0.7424151171675847 0.6779507822575468 0.6134864473473989 0.5490221124373609 0.48455777752732293 0.420093442617285 0.35562910770724704 0.2911647727972091 0.2267004378871711 0.1622361029771332 0.0977717680670952 0.0333074331570572 0.0 0.0 0.0 0.0 0.0 0.0 0.0 0.0 0.0 0.0 0.0 0.0 0.0 0.0 0.0 0.0 0.0 0.0 0.0 0.0 0.0 0.0 0.0 0.0 0.0022773779665749387
0.05372759413863878 0.05939307776463761 0.06505856139063644 0.1013542961316632 0.17039446238897366 0.23943462864628406 0.30847479490359453 0.37751496116090494 0.44655512741821535 0.5155952936755258 0.5846354599328363 0.6536756261901466 0.7227157924474571 0.7917559587047676 0.8607961249620779 0.8881614500959846 0.8709754270015577 0.8537894039071602 0.8366033808127628 0.8194173577183652 0.8022313346239677 0.7850453115295701 0.7678592884351727 0.7506732653407752 0.7334872422463776 0.7163012191519801 0.6991151960575825 0.6624351359788976 0.6049155091899932 0.5473958824009907 0.48987625561208636 0.43235662882318193 0.37483700203427756 0.3173173752453732 0.2597977484564688 0.20227812166756443 0.1447584948786601 0.08723886808975567 0.02971924130085124 0.0 0.0 0.0 0.0 0.0 0.0 0.0 0.0 0.0 0.0 0.0 0.0 0.0 0.0 0.0 0.0 0.0 0.0 0.0 0.0 0.0 0.0 0.0 0.0 0.0026286441295470166
0.06090722169897081 0.06732978486735285 0.07375234803573488 0.10828863165109903 0.17287911855676413 0.2374696054624293 0.3020600923680944 0.36665057927375955 0.43124106617942465 0.4958315530850898 0.5604220399907549 0.62501252689642 0.6896030138020852 0.7541935007077503 0.8187839876134155 0.8422784434207022 0.8218403120143973 0.8014021806081273 0.7809640492018571 0.7605259177955871 0.7400877863893169 0.7196496549830469 0.6992115235767768 0.6787733921705067 0.6583352607642367 0.6378971293579665 0.6174589979516965 0.5824551547902104 0.5318802361224396 0.4813053174545826 0.4307303987868118 0.380155480119041 0.3295805614512702 0.27900564278349943 0.22843072411572862 0.17785580544795782 0.127280886780187 0.07670596811241626 0.026131049444645393 0.0 0.0 0.0 0.0 0.0 0.0 0.0 0.0 0.0 0.0 0.0 0.0 0.0 0.0 0.0 0.0 0.0 0.0 0.0 0.0 0.0 0.0 0.0 0.0 0.002979910292519095
0.06808684925930283 0.07526649197006807 0.08244613468083331 0.11522296717053485 0.17536377472455467 0.2355045822785745 0.29564538983259425 0.3557861973866141 0.41592700494063395 0.47606781249465374 0.5362086200486735 0.5963494276026934 0.6564902351567132 0.716631042710733 0.7767718502647528 0.7963954367454199 0.7727051970272368 0.7490149573090942 0.7253247175909515 0.7016344778728089 0.6779442381546662 0.6542539984365235 0.6305637587183809 0.6068735190002382 0.5831832792820955 0.5594930395639528 0.5358027998458101 0.5024751736015232 0.458844963054886 0.41521475250817436 0.3715845419615371 0.32795433141489994 0.28432412086826275 0.24069391032162551 0.19706369977498828 0.1534334892283511 0.10980327868171386 0.06617306813507667 0.022542857588439436 0.0 0.0 0.0 0.0 0.0 0.0 0.0 0.0 0.0 0.0 0.0 0.0 0.0 0.0 0.0 0.0 0.0 0.0 0.0 0.0 0.0 0.0 0.0 0.0 0.003331176455491173
0.07526647681963487 0.08320319907278331 0.09113992132593175 0.12215730268997066 0.17784843089234517 0.23353955909471968 0.2892306872970942 0.3449218154994687 0.40061294370184325 0.45630407190421773 0.5119952001065923 0.5676863283089668 0.6233774565113412 0.6790685847137159 0.7347597129160903 0.7505124300701376 0.7235700820400763 0.6966277340100612 0.6696853859800459 0.6427430379500307 0.6158006899200155 0.5888583418900002 0.561915993859985 0.5349736458299698 0.5080312977999546 0.4810889497699393 0.4541466017399241 0.42249519241283606 0.38580968998733245 0.3491241875617662 0.3124386851362626 0.275753182710759 0.23906768028525535 0.20238217785975174 0.1656966754342481 0.12901117300874448 0.09232567058324082 0.0556401681577372 0.01895466573223359 0.0 0.0 0.0 0.0 0.0 0.0 0.0 0.0 0.0 0.0 0.0 0.0 0.0 0.0 0.0 0.0 0.0 0.0 0.0 0.0 0.0 0.0 0.0 0.0 0.0036824426184632513
0.08244610437996688 0.09113990617549853 0.09983370797103017 0.12909163820940647 0.18033308706013568 0.23157453591086485 0.2828159847615941 0.33405743361232326 0.38529888246305244 0.4365403313137816 0.48778178016451085 0.53902322901524 0.5902646778659693 0.6415061267166984 0.6927475755674276 0.7046294233948551 0.6744349670529158 0.6442405107110281 0.6140460543691403 0.5838515980272525 0.5536571416853646 0.5234626853434768 0.49326822900158906 0.4630737726597013 0.4328793163178135 0.4026848599759257 0.3724904036340379 0.3425152112241489 0.31277441691977886 0.2830336226153581 0.25329282831098804 0.223552034006618 0.19381123970224795 0.16407044539787788 0.13432965109350783 0.10458885678913776 0.07484806248476772 0.045107268180397675 0.015366473876027631 0.0 0.0 0.0 0.0 0.0 0.0 0.0 0.0 0.0 0.0 0.0 0.0 0.0 0.0 0.0 0.0 0.0 0.0 0.0 0.0 0.0 0.0 0.0 0.0 0.004033708781435329
0.08926524822149394 0.09867811716300297 0.108090986104512 0.13680067259837403 0.1861390936870564 0.2354775147757388 0.2848159358644212 0.3341543569531036 0.383492778041786 0.43283119913046836 0.4821696202191508 0.5315080413078331 0.5808464623965155 0.630184883485198 0.6795233045738802 0.6902701656925907 0.6597617759080805 0.6292533861236222 0.598744996339164 0.5682366065547058 0.5377282167702476 0.5072198269857894 0.47671143720133113 0.44620304741687294 0.4156946576324147 0.3851862678479565 0.35467787806349826 0.32526444466305116 0.29702154441732065 0.26877864417154196 0.2405357439258114 0.21229284368008086 0.18404994343435035 0.15580704318861982 0.12756414294288929 0.09932124269715875 0.07107834245142824 0.04283544220569768 0.014592541959967176 0.0 0.0 0.0 0.0 0.0 0.0 0.0 0.0 0.0 0.0 0.0 0.0 0.0 0.0 0.0 0.0 0.0 0.0 0.0 0.0 0.0 0.0 0.0 0.0 1.0403053076068118
0.0956990576912108 0.10579036092310365 0.1158816641549965 0.1453378112446114 0.1954954145887231 0.24565301793283484 0.2958106212769466 0.34596822462105825 0.39612582796517004 0.4462834313092817 0.4964410346533934 0.5465986379975052 0.5967562413416169 0.6469138446857287 0.6970714480298403 0.709607808498118 0.6819262089942915 0.6542446094905121 0.6265630099867326 0.5988814104829533 0.5711998109791739 0.5435182114753946 0.5158366119716152 0.4881550124678359 0.46047341296405647 0.4327918134602771 0.4051102139564977 0.3750672543135398 0.3424999472413178 0.30993264016904026 0.27736533309681827 0.24479802602459627 0.21223071895237425 0.17966341188015225 0.14709610480793026 0.11452879773570823 0.08196149066348624 0.04939418359126424 0.016826876519042244 0.0 0.0 0.0 0.0 0.0 0.0 0.0 0.0 0.0 0.0 0.0 0.0 0.0 0.0 0.0 0.0 0.0 0.0 0.0 0.0 0.0 0.0 0.0 0.0 1.0403053076068118
0.10213286716092766 0.11290260468320433 0.12367234220548098 0.15387494989084877 0.20485173549038982 0.25582852108993087 0.3068053066894719 0.3577820922890129 0.40875887788855403 0.459735663488095 0.510712449087636 0.5616892346871771 0.6126660202867182 0.6636428058862592 0.7146195914858002 0.7289454513036453 0.7040906420805023 0.6792358328574019 0.6543810236343013 0.6295262144112008 0.6046714051881003 0.5798165959649997 0.5549617867418992 0.5301069775187988 0.5052521682956982 0.4803973590725977 0.45554254984949716 0.4248700639640284 0.38797835006531495 0.35108663616653857 0.3141949222678251 0.2773032083691116 0.24041149447039814 0.20351978057168466 0.1666280666729712 0.1297363527742577 0.09284463887554423 0.0559529249768308 0.019061211078117313 0.0 0.0 0.0 0.0 0.0 0.0 0.0 0.0 0.0 0.0 0.0 0.0 0.0 0.0 0.0 0.0 0.0 0.0 0.0 0.0 0.0 0.0 0.0 0.0 1.0403053076068118
0.10856667663064452 0.12001484844330501 0.13146302025596548 0.16241208853708614 0.21420805639205653 0.2660040242470269 0.3177999921019973 0.36959595995696765 0.421391927811938 0.47318789566690844 0.5249838635218788 0.5767798313768492 0.6285757992318195 0.6803717670867898 0.7321677349417602 0.7482830941091726 0.7262550751667134 0.7042270562242917 0.68219903728187 0.6601710183394484 0.6381429993970267 0.616114980454605 0.5940869615121833 0.5720589425697616 0.55003092362734 0.5280029046849183 0.5059748857424966 0.47467287361451704 0.4334567528893121 0.3922406321640369 0.35102451143883195 0.309808390713627 0.268592269988422 0.2273761492632171 0.18616002853801217 0.1449439078128072 0.10372778708760227 0.0625116663623973 0.02129554563719238 0.0 0.0 0.0 0.0 0.0 0.0 0.0 0.0 0.0 0.0 0.0 0.0 0.0 0.0 0.0 0.0 0.0 0.0 0.0 0.0 0.0 0.0 0.0 0.0 1.0403053076068118
0.11500048610036138 0.12712709220340568 0.13925369830644999 0.1709492271833235 0.2235643772937232 0.2761795274041229 0.3287946775145226 0.38140982762492226 0.434024977735322 0.4866401278457217 0.5392552779561214 0.591870428066521 0.6444855781769208 0.6971007282873205 0.7497158783977202 0.7676207369146999 0.7484195082529244 0.7292182795911815 0.7100170509294387 0.6908158222676959 0.671614593605953 0.6524133649442102 0.6332121362824674 0.6140109076207245 0.5948096789589817 0.575608450297239 0.556407221635496 0.5244756832650056 0.47893515571330925 0.4333946281615352 0.3878541006098387 0.3423135730581423 0.2967730455064459 0.2512325179547495 0.20569199040305308 0.16015146285135667 0.11461093529966021 0.0690704077479638 0.02352988019626745 0.0 0.0 0.0 0.0 0.0 0.0 0.0 0.0 0.0 0.0 0.0 0.0 0.0 0.0 0.0 0.0 0.0 0.0 0.0 0.0 0.0 0.0 0.0 0.0 1.0403053076068118
0.12143429557007825 0.13423933596350637 0.1470443763569345 0.1794863658295609 0.2329206981953899 0.2863550305612189 0.339789362927048 0.393223695292877 0.446658027658706 0.500092360024535 0.553526692390364 0.6069610247561931 0.6603953571220221 0.7138296894878512 0.7672640218536801 0.7869583797202273 0.7705839413391353 0.7542095029580714 0.7378350645770074 0.7214606261959434 0.7050861878148794 0.6887117494338154 0.6723373110527515 0.6559628726716875 0.6395884342906235 0.6232139959095595 0.6068395575284955 0.5742784929154943 0.5244135585373064 0.4745486241590335 0.4246836897808456 0.3748187554026577 0.3249538210244698 0.27508888664628195 0.22522395226809405 0.17535901788990615 0.12549408351171826 0.07562914913353036 0.025764214755342518 0.0 0.0 0.0 0.0 0.0 0.0 0.0 0.0 0.0 0.0 0.0 0.0 0.0 0.0 0.0 0.0 0.0 0.0 0.0 0.0 0.0 0.0 0.0 0.0 1.0403053076068118
0.1278681050398006 0.1413515797236131 0.1548350544074256 0.18802350447580554 0.2422770190970646 0.2965305337183236 0.35078404833958265 0.4050375629608417 0.4592910775821008 0.5135445922033599 0.567798106824619 0.622051621445878 0.676305136067137 0.7305586506883961 0.7848121653096551 0.806296022525771 0.7927483744253652 0.7792007263249825 0.7656530782245997 0.752105430124217 0.7385577820238343 0.7250101339234516 0.7114624858230688 0.6979148377226861 0.6843671896223034 0.6708195415219207 0.6572718934215379 0.6240813025660253 0.5698919613613422 0.5157026201565669 0.46151327895188377 0.40732393774720077 0.3531345965425177 0.29894525533783467 0.24475591413315162 0.19056657292846857 0.13637723172378546 0.08218789051910247 0.027998549314419363 0.0 0.0 0.0 0.0 0.0 0.0 0.0 0.0 0.0 0.0 0.0 0.0 0.0 0.0 0.0 0.0 0.0 0.0 0.0 0.0 0.0 0.0 0.0 0.0 1.0403053076068118
0.13430191450951745 0.14846382348371376 0.1626257324579101 0.1965606431220429 0.2516333399987313 0.30670603687541964 0.361778733752108 0.41685143062879637 0.47192412750548474 0.5269968243821731 0.5820695212588615 0.6371422181355498 0.6922149150122383 0.7472876118889267 0.802360308765615 0.8256336653312983 0.8149128075115761 0.8041919496918722 0.7934710918721684 0.7827502340524646 0.7720293762327607 0.7613085184130568 0.7505876605933529 0.739866802773649 0.7291459449539451 0.7184250871342412 0.7077042293145375 0.673884112216514 0.6153703641853394 0.5568566161540651 0.49834286812289064 0.43982912009171615 0.3813153720605416 0.3228016240293671 0.2642878759981926 0.20577412796701805 0.1472603799358435 0.08874663190466903 0.030232883873494543 0.0 0.0 0.0 0.0 0.0 0.0 0.0 0.0 0.0 0.0 0.0 0.0 0.0 0.0 0.0 0.0 0.0 0.0 0.0 0.0 0.0 0.0 0.0 0.0 1.0403053076068118
0.1407357239792343 0.15557606724381445 0.1704164105083946 0.2050977817682803 0.260989660900398 0.3168815400325157 0.3727734191646334 0.4286652982967511 0.48455717742886883 0.5404490565609865 0.5963409356931042 0.6522328148252219 0.7081246939573397 0.7640165730894574 0.819908452221575 0.8449713081368256 0.8370772405977872 0.8291831730587621 0.8212891055197371 0.8133950379807121 0.8055009704416871 0.797606902902662 0.789712835363637 0.781818767824612 0.7739247002855869 0.7660306327465619 0.7581365652075369 0.7236869218670027 0.6608487670093366 0.5980106121515635 0.5351724572938975 0.47233430243623153 0.4094961475785655 0.34665799272089953 0.28381983786323356 0.22098168300556753 0.15814352814790156 0.09530537329023558 0.03246721843256961 0.0 0.0 0.0 0.0 0.0 0.0 0.0 0.0 0.0 0.0 0.0 0.0 0.0 0.0 0.0 0.0 0.0 0.0 0.0 0.0 0.0 0.0 0.0 0.0 1.0403053076068118
0.14716953344895117 0.16268831100391512 0.1782070885588791 0.21363492041451768 0.2703459818020647 0.3270570431896117 0.38376810457715876 0.4404791659647058 0.4971902273522528 0.5539012887397998 0.6106123501273469 0.6673234115148939 0.7240344729024409 0.7807455342899879 0.8374565956775349 0.8643089509423529 0.8592416736839982 0.854174396425652 0.8491071191673057 0.8440398419089596 0.8389725646506134 0.8339052873922672 0.8288380101339211 0.8237707328755749 0.8187034556172287 0.8136361783588826 0.8085689011005364 0.7734897315174913 0.7063271698333338 0.6391646081490618 0.5720020464649044 0.5048394847807469 0.43767692309658945 0.370514361412432 0.30335179972827453 0.23618923804411707 0.1690266763599596 0.10186411467580214 0.03470155299164468 0.0 0.0 0.0 0.0 0.0 0.0 0.0 0.0 0.0 0.0 0.0 0.0 0.0 0.0 0.0 0.0 0.0 0.0 0.0 0.0 0.0 0.0 0.0 0.0 1.0403053076068118
0.15360334291866803 0.16980055476401582 0.18599776660936357 0.22217205906075504 0.27970230270373136 0.33723254634670774 0.39476278998968406 0.45229303363266044 0.5098232772756368 0.5673535209186131 0.6248837645615894 0.6824140082045658 0.7399442518475421 0.7974744954905184 0.8550047391334947 0.8836465937478802 0.881406106770209 0.8791656197925417 0.8769251328148744 0.8746846458372071 0.8724441588595397 0.8702036718818724 0.8679631849042051 0.8657226979265378 0.8634822109488705 0.8612417239712031 0.8590012369935358 0.8232925411679799 0.751805572657331 0.6803186041465601 0.6088316356359113 0.5373446671252623 0.46585769861461335 0.3943707301039644 0.32288376159331544 0.2513967930826665 0.17990982457201765 0.1084228560613687 0.03693588755071975 0.0 0.0 0.0 0.0 0.0 0.0 0.0 0.0 0.0 0.0 0.0 0.0 0.0 0.0 0.0 0.0 0.0 0.0 0.0 0.0 0.0 0.0 0.0 0.0 1.0403053076068118
