Figures/CREST_Example_wjb_NSE/Rolling_result/20100722/BJP_forecast/ens_28/wjb.rain.20100705.asc
ncols            288
nrows            254
xllcorner        113.274861
yllcorner        31.4918055
cellsize         0.008333333333
NODATA_value     -9999
[rows 180 to 199 of 254, columns 94 to 140 of 288]
8.144851119265287 8.144851119265287 8.144851119265287 8.144851119265287 8.144851119265287 8.020856822516144 7.764309818946911 7.507762815377678 7.251215811808445 6.994668808239211 6.738121804669541 6.481574801100308 6.225027797531076 5.9684807939618425 5.711933790392609 5.455386786823377 5.198839783254144 5.066287076310681 5.066287076310681 5.066287076310681 5.066287076310681 5.066287076310681 5.066287076310681 5.066287076310681 5.066287076310681 5.066287076310681 5.066287076310681 5.066287076310681 5.066287076310681 5.145288884073432 5.308745410943785 5.4722019378141376 5.63565846468449 5.799114991554843 5.962571518425196 6.1260280452955485 6.289484572166179 6.452941099036533 6.616397625906885 6.779854152777237 6.94331067964759 6.956411986970488 6.8087801640360475 6.661148341101607 6.513516518167167 6.365884695232727 6.218252872298287
8.21712254388252 8.21712254388252 8.21712254388252 8.21712254388252 8.21712254388252 8.091124413229192 7.830431432004156 7.569738450779119 7.309045469554083 7.048352488329047 6.787659507103566 6.52696652587853 6.266273544653494 6.005580563428457 5.744887582203421 5.484194600978384 5.223501619753348 5.088806769056274 5.088806769056274 5.088806769056274 5.088806769056274 5.088806769056274 5.088806769056274 5.088806769056274 5.088806769056274 5.088806769056274 5.088806769056274 5.088806769056274 5.088806769056274 5.161383712903492 5.3115470510356655 5.4617103891678385 5.611873727300011 5.762037065432185 5.912200403564358 6.062363741696531 6.212527079828961 6.362690417961134 6.512853756093307 6.663017094225481 6.813180432357654 6.816414957871353 6.662579259629321 6.508743561387289 6.354907863145256 6.201072164903223 6.047236466661191
8.083919077154569 8.083919077154569 8.083919077154569 8.083919077154569 8.083919077154569 7.957504766992844 7.695950700954832 7.434396634916819 7.172842568878807 6.9112885028407955 6.649734436802337 6.388180370764325 6.126626304726313 5.865072238688301 5.603518172650289 5.341964106612277 5.0804100405742645 4.945270284572198 4.945270284572198 4.945270284572198 4.945270284572198 4.945270284572198 4.945270284572198 4.945270284572198 4.945270284572198 4.945270284572198 4.945270284572198 4.945270284572198 4.945270284572198 5.007148846726218 5.135176991193521 5.263205135660822 5.391233280128124 5.519261424595426 5.647289569062728 5.77531771353003 5.90334585799755 6.031374002464852 6.159402146932154 6.287430291399456 6.415458435866758 6.419465780320013 6.2908920845987 6.162318388877388 6.033744693156076 5.905170997434763 5.776597301713451
7.950715610426506 7.950715610426506 7.950715610426506 7.950715610426506 7.950715610426506 7.823885120756383 7.561469969905395 7.299054819054406 7.036639668203417 6.774224517352429 6.511809366500993 6.249394215650003 5.986979064799015 5.724563913948026 5.462148763097037 5.199733612246049 4.93731846139506 4.801733800088 4.801733800088 4.801733800088 4.801733800088 4.801733800088 4.801733800088 4.801733800088 4.801733800088 4.801733800088 4.801733800088 4.801733800088 4.801733800088 4.852913980548814 4.9588069313512255 5.064699882153637 5.170592832956049 5.276485783758461 5.382378734560872 5.488271685363284 5.594164636165876 5.7000575869682875 5.805950537770699 5.911843488573111 6.017736439375523 6.0225166027683334 5.919204909567763 5.815893216367193 5.712581523166622 5.609269829966052 5.50595813676548
7.817512143698558 7.817512143698558 7.817512143698558 7.817512143698558 7.817512143698558 7.690265474520037 7.4269892388560725 7.1637130031921075 6.900436767528143 6.637160531864178 6.373884296199765 6.1106080605357995 5.847331824871835 5.58405558920787 5.320779353543905 5.057503117879941 4.794226882215977 4.658197315603924 4.658197315603924 4.658197315603924 4.658197315603924 4.658197315603924 4.658197315603924 4.658197315603924 4.658197315603924 4.658197315603924 4.658197315603924 4.658197315603924 4.658197315603924 4.69867911437154 4.782436871509081 4.866194628646621 4.949952385784161 5.033710142921701 5.117467900059242 5.201225657196781 5.284983414334465 5.3687411714720055 5.452498928609545 5.536256685747086 5.620014442884626 5.625567425216992 5.547517734537141 5.469468043857291 5.391418353177441 5.313368662497591 5.23531897181774
7.684308676970608 7.684308676970608 7.684308676970608 7.684308676970608 7.684308676970608 7.55664582828369 7.292508507806749 7.0283711873298085 6.764233866852868 6.500096546375927 6.235959225898537 5.971821905421596 5.707684584944655 5.443547264467714 5.179409943990773 4.915272623513832 4.6511353030368925 4.514660831119848 4.514660831119848 4.514660831119848 4.514660831119848 4.514660831119848 4.514660831119848 4.514660831119848 4.514660831119848 4.514660831119848 4.514660831119848 4.514660831119848 4.514660831119848 4.544444248194266 4.606066811666936 4.667689375139605 4.729311938612273 4.7909345020849425 4.852557065557612 4.91417962903028 4.975802192503054 5.0374247559757235 5.099047319448393 5.160669882921061 5.22229244639373 5.2286182476656515 5.1758305595065215 5.1230428713473914 5.070255183188261 5.0174674950291305 4.96467980687
7.5511052102426595 7.5511052102426595 7.5511052102426595 7.5511052102426595 7.5511052102426595 7.4230261820473435 7.158027776757427 6.89302937146751 6.628030966177594 6.363032560887677 6.0980341555973085 5.833035750307392 5.568037345017475 5.303038939727559 5.038040534437642 4.773042129147726 4.508043723857809 4.371124346635772 4.371124346635772 4.371124346635772 4.371124346635772 4.371124346635772 4.371124346635772 4.371124346635772 4.371124346635772 4.371124346635772 4.371124346635772 4.371124346635772 4.371124346635772 4.390209382016994 4.429696751824791 4.469184121632589 4.508671491440386 4.548158861248184 4.587646231055982 4.627133600863779 4.666620970671644 4.7061083404794415 4.7455957102872395 4.785083080095037 4.824570449902835 4.831669070114311 4.804143384475901 4.776617698837491 4.749092013199081 4.721566327560671 4.6940406419222604
7.41790174351471 7.41790174351471 7.41790174351471 7.41790174351471 7.41790174351471 7.289406535810996 7.023547045708104 6.757687555605211 6.491828065502319 6.225968575399426 5.9601090852960805 5.694249595193188 5.428390105090296 5.1625306149874035 4.89667112488451 4.630811634781618 4.364952144678725 4.227587862151696 4.227587862151696 4.227587862151696 4.227587862151696 4.227587862151696 4.227587862151696 4.227587862151696 4.227587862151696 4.227587862151696 4.227587862151696 4.227587862151696 4.227587862151696 4.23597451583972 4.253326691982646 4.2706788681255725 4.288031044268498 4.305383220411425 4.322735396554351 4.340087572697277 4.357439748840233 4.3747919249831595 4.392144101126085 4.409496277269012 4.426848453411938 4.434719892562969 4.432456209445279 4.430192526327589 4.4279288432099 4.42566516009221 4.4234014769745205
7.284698276786761 7.284698276786761 7.284698276786761 7.284698276786761 7.284698276786761 7.15578688957465 6.889066314658781 6.622345739742913 6.355625164827045 6.088904589911176 5.822184014994853 5.555463440078984 5.288742865163116 5.022022290247248 4.755301715331379 4.488581140415511 4.221860565499643 4.08405137766762 4.08405137766762 4.08405137766762 4.08405137766762 4.08405137766762 4.08405137766762 4.08405137766762 4.08405137766762 4.08405137766762 4.08405137766762 4.08405137766762 4.08405137766762 4.081739649662447 4.076956632140502 4.072173614618556 4.067390597096612 4.062607579574666 4.057824562052721 4.053041544530776 4.048258527008823 4.0434755094868775 4.038692491964932 4.0339094744429875 4.029126456921042 4.037770715011629 4.060769034414659 4.08376735381769 4.106765673220719 4.12976399262375 4.1527623120267805
7.151494810058698 7.151494810058698 7.151494810058698 7.151494810058698 7.151494810058698 7.022167243338189 6.754585583609344 6.487003923880499 6.219422264151654 5.9518406044228085 5.684258944693507 5.4166772849646625 5.149095625235818 4.881513965506972 4.6139323057781265 4.346350646049282 4.078768986320437 3.9405148931834217 3.9405148931834217 3.9405148931834217 3.9405148931834217 3.9405148931834217 3.9405148931834217 3.9405148931834217 3.9405148931834217 3.9405148931834217 3.9405148931834217 3.9405148931834217 3.9405148931834217 3.9275047834850416 3.9005865722982063 3.873668361111371 3.8467501499245356 3.8198319387377 3.792913727550865 3.7659955163640295 3.7390773051771484 3.712159093990313 3.6852408828034777 3.6583226716166424 3.631404460429807 3.6408215374599493 3.6890818593837214 3.7373421813074934 3.785602503231266 3.833862825155038 3.88212314707881
7.018291343330749 7.018291343330749 7.018291343330749 7.018291343330749 7.018291343330749 6.888547597101843 6.620104852560021 6.351662108018201 6.083219363476379 5.814776618934558 5.546333874392279 5.277891129850458 5.009448385308637 4.741005640766816 4.472562896224995 4.204120151683174 3.9356774071413527 3.7969784086993457 3.7969784086993457 3.7969784086993457 3.7969784086993457 3.7969784086993457 3.7969784086993457 3.7969784086993457 3.7969784086993457 3.7969784086993457 3.7969784086993457 3.7969784086993457 3.7969784086993457 3.773269917307768 3.7242165124560613 3.6751631076043547 3.626109702752648 3.577056297900941 3.5280028930492344 3.478949488197528 3.4298960833457373 3.3808426784940306 3.331789273642324 3.2827358687906174 3.2336824639389103 3.243872359908608 3.3173946843531 3.390917008797593 3.464439333242085 3.5379616576865778 3.61148398213107
6.8850878766028 6.8850878766028 6.8850878766028 6.8850878766028 6.8850878766028 6.754927950865495 6.485624121510699 6.216320292155902 5.947016462801105 5.6777126334463075 5.408408804091051 5.139104974736255 4.869801145381458 4.600497316026661 4.331193486671864 4.061889657317067 3.79258582796227 3.65344192421527 3.65344192421527 3.65344192421527 3.65344192421527 3.65344192421527 3.65344192421527 3.65344192421527 3.65344192421527 3.65344192421527 3.65344192421527 3.65344192421527 3.65344192421527 3.619035051130495 3.547846452613917 3.476657854097339 3.4054692555807606 3.3342806570641828 3.263092058547605 3.1919034600310265 3.120714861514327 3.049526262997749 2.978337664481171 2.907149065964593 2.835960467448015 2.846923182357267 2.94570750932248 3.0444918362876923 3.1432761632529047 3.2420604902181176 3.34084481718333
6.751884409874851 6.751884409874851 6.751884409874851 6.751884409874851 6.751884409874851 6.621308304629149 6.3511433904613765 6.080978476293604 5.81081356212583 5.540648647958058 5.270483733789824 5.00031881962205 4.730153905454278 4.4599889912865045 4.1898240771187325 3.919659162950959 3.6494942487831863 3.509905439731194 3.509905439731194 3.509905439731194 3.509905439731194 3.509905439731194 3.509905439731194 3.509905439731194 3.509905439731194 3.509905439731194 3.509905439731194 3.509905439731194 3.509905439731194 3.4648001849532215 3.371476392771772 3.2781526005903228 3.184828808408873 3.0915050162274236 2.9981812240459744 2.904857431864525 2.8115336396829163 2.718209847501467 2.6248860553200175 2.531562263138568 2.4382384709571188 2.449974004805926 2.5740203342918586 2.6980666637777917 2.8221129932637243 2.946159322749657 3.07020565223559
6.479549854328344 6.479549854328344 6.479549854328344 6.479549854328344 6.479549854328344 6.369187449229635 6.140845137711479 5.9125028261933235 5.684160514675168 5.455818203157012 5.227475891638467 4.999133580120311 4.770791268602156 4.542448957084 4.314106645565844 4.085764334047688 3.8574220225295326 3.7394421160002764 3.7394421160002764 3.7394421160002764 3.7394421160002764 3.7394421160002764 3.7394421160002764 3.7394421160002764 3.7394421160002764 3.7394421160002764 3.7394421160002764 3.7394421160002764 3.7394421160002764 3.715744224484349 3.6667127510150754 3.6176812775458016 3.568649804076528 3.519618330607255 3.4705868571379814 3.421555383668708 3.372523910199351 3.3234924367300778 3.2744609632608044 3.225429489791531 3.1763980163222576 3.1991252801852506 3.298564257212873 3.3980032342404956 3.497442211268118 3.5968811882957406 3.696320165323363
6.058492934303427 6.058492934303427 6.058492934303427 6.058492934303427 6.058492934303427 5.990396270396649 5.849502733061708 5.708609195726768 5.567715658391828 5.426822121056888 5.285928583721707 5.1450350463867665 5.004141509051826 4.863247971716886 4.722354434381946 4.581460897047005 4.440567359712064 4.3677704862161475 4.3677704862161475 4.3677704862161475 4.3677704862161475 4.3677704862161475 4.3677704862161475 4.3677704862161475 4.3677704862161475 4.3677704862161475 4.3677704862161475 4.3677704862161475 4.3677704862161475 4.3997989756859655 4.466066644716554 4.532334313747142 4.598601982777729 4.664869651808317 4.731137320838905 4.797404989869493 4.863672658900194 4.929940327930782 4.99620799696137 5.062475665991958 5.128743335022546 5.173385700737884 5.194910128113028 5.2164345554881715 5.237958982863315 5.259483410238459 5.281007837613603
5.6374360142786895 5.6374360142786895 5.6374360142786895 5.6374360142786895 5.6374360142786895 5.611605091563824 5.558160328412061 5.504715565260299 5.451270802108537 5.397826038956775 5.344381275804921 5.290936512653159 5.237491749501397 5.184046986349634 5.130602223197872 5.07715746004611 5.023712696894348 4.99609885643175 4.99609885643175 4.99609885643175 4.99609885643175 4.99609885643175 4.99609885643175 4.99609885643175 4.99609885643175 4.99609885643175 4.99609885643175 4.99609885643175 4.99609885643175 5.08385372688729 5.265420538417691 5.446987349948091 5.628554161478491 5.810120973008892 5.991687784539292 6.173254596069692 6.354821407600403 6.536388219130803 6.717955030661203 6.899521842191604 7.081088653722004 7.147646121289678 7.091255999012375 7.034865876735074 6.978475754457772 6.92208563218047 6.865695509903168
5.216379094253952 5.216379094253952 5.216379094253952 5.216379094253952 5.216379094253952 5.2328139127309985 5.266817923762415 5.30082193479383 5.334825945825246 5.368829956856662 5.402833967888136 5.436837978919552 5.4708419899509675 5.504846000982384 5.5388500120138 5.572854023045215 5.606858034076631 5.624427226647353 5.624427226647353 5.624427226647353 5.624427226647353 5.624427226647353 5.624427226647353 5.624427226647353 5.624427226647353 5.624427226647353 5.624427226647353 5.624427226647353 5.624427226647353 5.767908478088615 6.064774432118828 6.36164038614904 6.658506340179253 6.955372294209466 7.252238248239679 7.549104202269891 7.84597015630061 8.142836110330823 8.439702064361036 8.736568018391248 9.033433972421461 9.12190654184147 8.987601869911723 8.853297197981977 8.71899252605223 8.584687854122482 8.450383182192734
4.795322174229036 4.795322174229036 4.795322174229036 4.795322174229036 4.795322174229036 4.854022733898013 4.975475519112644 5.096928304327275 5.218381089541906 5.339833874756537 5.461286659971376 5.582739445186007 5.704192230400638 5.825645015615269 5.9470978008299005 6.068550586044531 6.190003371259163 6.252755596863223 6.252755596863223 6.252755596863223 6.252755596863223 6.252755596863223 6.252755596863223 6.252755596863223 6.252755596863223 6.252755596863223 6.252755596863223 6.252755596863223 6.252755596863223 6.451963229290231 6.864128325820305 7.2762934223503795 7.688458518880453 8.100623615410527 8.512788711940601 8.924953808470676 9.337118905001452 9.749284001531525 10.161449098061599 10.573614194591674 10.985779291121748 11.096166962394102 10.883947740811877 10.671728519229651 10.459509297647426 10.247290076065198 10.035070854482973
4.3742652542043 4.3742652542043 4.3742652542043 4.3742652542043 4.3742652542043 4.475231555065188 4.684133114462997 4.893034673860807 5.101936233258616 5.310837792656425 5.51973935205459 5.7286409114524 5.937542470850209 6.146444030248018 6.355345589645827 6.564247149043636 6.773148708441446 6.881083967078826 6.881083967078826 6.881083967078826 6.881083967078826 6.881083967078826 6.881083967078826 6.881083967078826 6.881083967078826 6.881083967078826 6.881083967078826 6.881083967078826 6.881083967078826 7.136017980491556 7.663482219521442 8.190946458551329 8.718410697581215 9.245874936611102 9.773339175640988 10.300803414670874 10.82826765370166 11.355731892731546 11.883196131761434 12.41066037079132 12.938124609821205 13.070427382945896 12.780293611711224 12.490159840476553 12.200026069241881 11.90989229800721 11.619758526772538
3.9532083341795623 3.9532083341795623 3.9532083341795623 3.9532083341795623 3.9532083341795623 4.096440376232363 4.392790709813351 4.689141043394338 4.985491376975325 5.2818417105563125 5.578192044137805 5.874542377718793 6.17089271129978 6.467243044880767 6.763593378461755 7.059943712042742 7.356294045623729 7.509412337294429 7.509412337294429 7.509412337294429 7.509412337294429 7.509412337294429 7.509412337294429 7.509412337294429 7.509412337294429 7.509412337294429 7.509412337294429 7.509412337294429 7.509412337294429 7.820072731692881 8.46283611322258 9.105599494752278 9.748362876281977 10.391126257811676 11.033889639341375 11.676653020871072 12.319416402401867 12.962179783931566 13.604943165461265 14.247706546990962 14.890469928520663 15.044687803497688 14.676639482610572 14.308591161723454 13.940542840836336 13.572494519949219 13.204446199062101
