Figures/CREST_Example_wjb_NSE/Rolling_result/20100722/BJP_forecast/ens_28/wjb.rain.20100722.asc
ncols            288
nrows            254
xllcorner        113.274861
yllcorner        31.4918055
cellsize         0.008333333333
NODATA_value     -9999
[rows 20 to 39 of 254, columns 0 to 44 of 288]
-9999.0 -9999.0 -9999.0 -9999.0 -9999.0 -9999.0 -9999.0 -9999.0 -9999.0 -9999.0 -9999.0 -9999.0 -9999.0 -9999.0 -9999.0 -9999.0 -9999.0 -9999.0 -9999.0 -9999.0 -9999.0 -9999.0 -9999.0 10.963053966292703 10.963053966292703 10.963053966292703 10.963053966292703 10.963053966292703 10.963053966292703 10.963053966292703 10.963053966292703 10.963053966292703 10.963053966292703 10.963053966292703 10.963053966292703 10.963053966292703 10.963053966292703 10.963053966292703 10.963053966292703 10.963053966292703 10.963053966292703 10.963053966292703 10.963053966292703 10.963053966292703 10.963053966292703
-9999.0 -9999.0 -9999.0 -9999.0 -9999.0 -9999.0 -9999.0 -9999.0 -9999.0 -9999.0 -9999.0 -9999.0 -9999.0 -9999.0 -9999.0 -9999.0 -9999.0 -9999.0 -9999.0 -9999.0 -9999.0 -9999.0 10.963053966292703 10.963053966292703 10.963053966292703 10.963053966292703 10.963053966292703 10.963053966292703 10.963053966292703 10.963053966292703 10.963053966292703 10.963053966292703 10.963053966292703 10.963053966292703 10.963053966292703 10.963053966292703 10.963053966292703 10.963053966292703 10.963053966292703 10.963053966292703 10.963053966292703 10.963053966292703 10.963053966292703 10.963053966292703 10.963053966292703
-9999.0 -9999.0 -9999.0 -9999.0 -9999.0 -9999.0 -9999.0 -9999.0 -9999.0 -9999.0 -9999.0 -9999.0 -9999.0 -9999.0 -9999.0 -9999.0 -9999.0 -9999.0 -9999.0 -9999.0 -9999.0 -9999.0 -9999.0 10.963053966292703 10.963053966292703 10.963053966292703 10.963053966292703 10.963053966292703 10.963053966292703 10.963053966292703 10.963053966292703 10.963053966292703 10.963053966292703 10.963053966292703 10.963053966292703 10.963053966292703 10.963053966292703 10.963053966292703 10.963053966292703 10.963053966292703 10.963053966292703 10.963053966292703 10.963053966292703 10.963053966292703 10.963053966292703
-9999.0 -9999.0 -9999.0 -9999.0 -9999.0 -9999.0 -9999.0 -9999.0 -9999.0 -9999.0 -9999.0 -9999.0 -9999.0 -9999.0 -9999.0 -9999.0 -9999.0 -9999.0 -9999.0 -9999.0 -9999.0 -9999.0 10.963053966292703 10.963053966292703 10.963053966292703 10.963053966292703 10.963053966292703 10.963053966292703 10.963053966292703 10.963053966292703 10.963053966292703 10.963053966292703 10.963053966292703 10.963053966292703 10.963053966292703 10.963053966292703 10.963053966292703 10.963053966292703 10.963053966292703 10.963053966292703 10.963053966292703 10.963053966292703 10.963053966292703 10.963053966292703 10.963053966292703
-9999.0 -9999.0 -9999.0 -9999.0 -9999.0 -9999.0 -9999.0 -9999.0 -9999.0 -9999.0 -9999.0 -9999.0 -9999.0 -9999.0 -9999.0 -9999.0 -9999.0 -9999.0 -9999.0 -9999.0 -9999.0 -9999.0 10.963053966292703 10.963053966292703 10.963053966292703 10.963053966292703 10.963053966292703 10.963053966292703 10.963053966292703 10.963053966292703 10.963053966292703 10.963053966292703 10.963053966292703 10.963053966292703 10.963053966292703 10.963053966292703 10.963053966292703 10.963053966292703 10.963053966292703 10.963053966292703 10.963053966292703 10.963053966292703 10.963053966292703 10.963053966292703 10.963053966292703
-9999.0 -9999.0 -9999.0 -9999.0 -9999.0 -9999.0 -9999.0 -9999.0 -9999.0 -9999.0 -9999.0 -9999.0 -9999.0 -9999.0 -9999.0 -9999.0 -9999.0 -9999.0 -9999.0 -9999.0 -9999.0 -9999.0 10.963053966292703 10.963053966292703 10.963053966292703 10.963053966292703 10.963053966292703 15.622260015519242 15.848116073121497 16.073972130723753 16.29982818832601 16.525684245928264 16.751540303530522 16.97739636113278 17.203252418735033 17.42910847633729 17.654964533939545 17.880820591541802 18.10667664914406 18.015298956782484 17.584791216098978 17.154283475415472 16.723775734731962 16.293267994048456 15.86276025336495
-9999.0 -9999.0 -9999.0 -9999.0 -9999.0 -9999.0 -9999.0 -9999.0 -9999.0 -9999.0 -9999.0 -9999.0 -9999.0 -9999.0 -9999.0 -9999.0 10.963053966292703 10.963053966292703 10.963053966292703 10.963053966292703 10.963053966292703 10.963053966292703 10.963053966292703 10.963053966292703 10.963053966292703 10.963053966292703 10.963053966292703 16.041683913852538 16.240437205548186 16.439190497243835 16.63794378893948 16.83669708063513 17.03545037233078 17.234203664026424 17.432956955722073 17.631710247417722 17.830463539113367 18.029216830809016 18.227970122504665 18.124395350669634 17.69762504618429 17.270854741698944 16.8440844372136 16.417314132728254 15.99054382824291
-9999.0 -9999.0 -9999.0 -9999.0 -9999.0 -9999.0 -9999.0 -9999.0 -9999.0 -9999.0 -9999.0 -9999.0 -9999.0 -9999.0 -9999.0 -9999.0 10.963053966292703 10.963053966292703 10.963053966292703 10.963053966292703 10.963053966292703 10.963053966292703 10.963053966292703 10.963053966292703 10.963053966292703 10.963053966292703 10.963053966292703 16.461107812186196 16.63275833797521 16.804408863764227 16.976059389553242 17.14770991534226 17.319360441131277 17.491010966920292 17.66266149270931 17.834312018498327 18.005962544287343 18.177613070076358 18.349263595865377 18.23349174455688 17.8104588762697 17.38742600798252 16.964393139695343 16.541360271408163 16.118327403120983
-9999.0 -9999.0 -9999.0 -9999.0 -9999.0 -9999.0 -9999.0 -9999.0 -9999.0 -9999.0 -9999.0 -9999.0 -9999.0 -9999.0 -9999.0 10.963053966292703 10.963053966292703 10.963053966292703 10.963053966292703 10.963053966292703 10.963053966292703 10.963053966292703 10.963053966292703 10.963053966292703 10.963053966292703 10.963053966292703 10.963053966292703 16.88053171051949 17.0250794704019 17.16962723028431 17.314174990166716 17.458722750049123 17.603270509931534 17.74781826981394 17.892366029696348 18.036913789578758 18.181461549461165 18.326009309343572 18.470557069225983 18.34258813844403 17.92329270635501 17.503997274265995 17.084701842176976 16.66540641008796 16.246110977998946
-9999.0 -9999.0 -9999.0 -9999.0 -9999.0 -9999.0 -9999.0 -9999.0 -9999.0 -9999.0 -9999.0 -9999.0 -9999.0 -9999.0 -9999.0 10.963053966292703 10.963053966292703 10.963053966292703 10.963053966292703 10.963053966292703 10.963053966292703 10.963053966292703 10.963053966292703 10.963053966292703 10.963053966292703 10.963053966292703 10.963053966292703 17.299955608852787 17.41740060282859 17.534845596804388 17.652290590780186 17.76973558475599 17.887180578731787 18.004625572707585 18.122070566683387 18.239515560659186 18.356960554634988 18.474405548610786 18.591850542586585 18.45168453233118 18.036126536440324 17.620568540549467 17.205010544658613 16.78945254876776 16.373894552876905
-9999.0 -9999.0 -9999.0 -9999.0 -9999.0 -9999.0 -9999.0 -9999.0 -9999.0 -9999.0 -9999.0 -9999.0 -9999.0 -9999.0 -9999.0 10.963053966292703 10.963053966292703 10.963053966292703 10.963053966292703 10.963053966292703 10.963053966292703 10.963053966292703 10.963053966292703 10.963053966292703 10.963053966292703 10.963053966292703 10.963053966292703 17.719379507186083 17.809721735255277 17.90006396332447 17.99040619139366 18.080748419462854 18.171090647532044 18.261432875601237 18.351775103670427 18.44211733173962 18.53245955980881 18.622801787878004 18.713144015947194 18.560780926218328 18.14896036652564 17.737139806832946 17.325319247140254 16.91349868744756 16.501678127754868
-9999.0 -9999.0 -9999.0 -9999.0 -9999.0 -9999.0 -9999.0 -9999.0 -9999.0 -9999.0 -9999.0 -9999.0 -9999.0 -9999.0 -9999.0 10.963053966292703 10.963053966292703 10.963053966292703 10.963053966292703 10.963053966292703 10.963053966292703 10.963053966292703 10.963053966292703 10.963053966292703 10.963053966292703 10.963053966292703 10.963053966292703 18.138803405519383 18.202042867681964 18.26528232984455 18.328521792007134 18.391761254169715 18.4550007163323 18.51824017849488 18.581479640657466 18.644719102820048 18.707958564982633 18.771198027145218 18.8344374893078 18.669877320105478 18.26179419661095 17.85371107311642 17.44562794962189 17.03754482612736 16.62946170263283
-9999.0 -9999.0 -9999.0 -9999.0 -9999.0 -9999.0 -9999.0 -9999.0 -9999.0 -9999.0 -9999.0 -9999.0 -9999.0 -9999.0 10.963053966292703 10.963053966292703 10.963053966292703 10.963053966292703 10.963053966292703 10.963053966292703 10.963053966292703 10.963053966292703 10.963053966292703 10.963053966292703 10.963053966292703 10.963053966292703 10.963053966292703 18.55822730385268 18.594364000108655 18.63050069636463 18.666637392620604 18.70277408887658 18.738910785132557 18.77504748138853 18.811184177644506 18.847320873900482 18.88345757015646 18.91959426641243 18.955730962668408 18.77897371399263 18.374628026696264 17.970282339399894 17.565936652103527 17.16159096480716 16.75724527751079
-9999.0 -9999.0 -9999.0 -9999.0 -9999.0 -9999.0 -9999.0 -9999.0 -9999.0 -9999.0 -9999.0 -9999.0 -9999.0 -9999.0 10.963053966292703 10.963053966292703 10.963053966292703 10.963053966292703 10.963053966292703 10.963053966292703 10.963053966292703 10.963053966292703 10.963053966292703 10.963053966292703 10.963053966292703 10.963053966292703 10.963053966292703 18.977651202186333 18.98668513253568 18.995719062885023 19.004752993234366 19.01378692358371 19.022820853933055 19.031854784282398 19.04088871463174 19.049922644981084 19.05895657533043 19.067990505679774 19.077024436029117 18.888070107879873 18.48746185678167 18.08685360568347 17.686245354585267 17.285637103487066 16.885028852388864
-9999.0 -9999.0 -9999.0 -9999.0 -9999.0 -9999.0 -9999.0 -9999.0 -9999.0 -9999.0 -9999.0 -9999.0 -9999.0 -9999.0 10.963053966292703 10.963053966292703 10.963053966292703 10.963053966292703 10.963053966292703 10.963053966292703 10.963053966292703 10.963053966292703 10.963053966292703 10.963053966292703 10.963053966292703 10.963053966292703 10.963053966292703 19.397075100519633 19.379006264962367 19.3609374294051 19.34286859384784 19.324799758290574 19.30673092273331 19.288662087176046 19.27059325161878 19.252524416061515 19.23445558050425 19.216386744946988 19.198317909389722 18.997166501767023 18.600295686866982 18.203424871966945 17.806554057066904 17.409683242166864 17.012812427266823
-9999.0 -9999.0 -9999.0 -9999.0 -9999.0 -9999.0 -9999.0 -9999.0 -9999.0 -9999.0 -9999.0 -9999.0 -9999.0 -9999.0 10.963053966292703 10.963053966292703 10.963053966292703 10.963053966292703 10.963053966292703 10.963053966292703 10.963053966292703 10.963053966292703 10.963053966292703 10.963053966292703 10.963053966292703 10.963053966292703 10.963053966292703 19.81649899885293 19.771327397389054 19.726155795925184 19.68098419446131 19.63581259299744 19.590640991533565 19.545469390069695 19.50029778860582 19.45512618714195 19.409954585678076 19.3647829842142 19.31961138275033 19.106262895654176 18.713129516952296 18.31999613825042 17.92686275954854 17.533729380846665 17.140596002144786
-9999.0 -9999.0 -9999.0 -9999.0 -9999.0 -9999.0 -9999.0 -9999.0 -9999.0 -9999.0 -9999.0 -9999.0 -9999.0 10.963053966292703 10.963053966292703 10.963053966292703 10.963053966292703 10.963053966292703 10.963053966292703 10.963053966292703 10.963053966292703 10.963053966292703 10.963053966292703 10.963053966292703 10.963053966292703 10.963053966292703 10.963053966292703 20.235922897186224 20.163648529815745 20.091374162445263 20.019099795074784 19.9468254277043 19.874551060333822 19.80227669296334 19.73000232559286 19.657727958222377 19.5854535908519 19.513179223481416 19.440904856110937 19.215359289541325 18.825963347037607 18.436567404533893 18.047171462030178 17.657775519526464 17.26837957702275
-9999.0 -9999.0 -9999.0 -9999.0 -9999.0 -9999.0 -9999.0 -9999.0 -9999.0 -9999.0 -9999.0 -9999.0 10.963053966292703 10.963053966292703 10.963053966292703 10.963053966292703 10.963053966292703 10.963053966292703 10.963053966292703 10.963053966292703 10.963053966292703 10.963053966292703 10.963053966292703 10.963053966292703 10.963053966292703 10.963053966292703 10.963053966292703 20.458237540533183 20.384105457501285 20.309973374469386 20.23584129143749 20.161709208405593 20.0875771253737 20.0134450423418 19.939312959309902 19.865180876278007 19.79104879324611 19.71691671021421 19.642784627182316 19.41227789276538 19.01460312188835 18.61692835101132 18.219253580134293 17.821578809257264 17.423904038380236
-9999.0 -9999.0 -9999.0 -9999.0 -9999.0 -9999.0 -9999.0 -9999.0 -9999.0 -9999.0 -9999.0 -9999.0 -9999.0 10.963053966292703 10.963053966292703 10.963053966292703 10.963053966292703 10.963053966292703 10.963053966292703 10.963053966292703 10.963053966292703 10.963053966292703 10.963053966292703 10.963053966292703 10.963053966292703 10.963053966292703 10.963053966292703 20.46985481941208 20.42085038755451 20.371845955696934 20.322841523839358 20.273837091981783 20.22483266012421 20.175828228266635 20.12682379640906 20.077819364551484 20.028814932693912 19.979810500836336 19.93080606897876 19.703072899968177 19.28427467160016 18.86547644323214 18.44667821486412 18.027879986496107 17.609081758128088
-9999.0 -9999.0 -9999.0 -9999.0 -9999.0 -9999.0 -9999.0 -9999.0 -9999.0 -9999.0 -9999.0 -9999.0 -9999.0 10.963053966292703 10.963053966292703 10.963053966292703 10.963053966292703 10.963053966292703 10.963053966292703 10.963053966292703 10.963053966292703 10.963053966292703 10.963053966292703 10.963053966292703 10.963053966292703 10.963053966292703 10.963053966292703 20.481472098290983 20.45759531760773 20.433718536924477 20.409841756241228 20.385964975557975 20.362088194874723 20.33821141419147 20.31433463350822 20.290457852824968 20.266581072141715 20.242704291458463 20.218827510775213 19.99386790717098 19.55394622131197 19.114024535452963 18.674102849593957 18.23418116373495 17.79425947787594
