Figures/CREST_Example_wjb_NSE/Rolling_result/20100722/BJP_forecast/ens_28/wjb.rain.20091209.asc
ncols            288
nrows            254
xllcorner        113.274861
yllcorner        31.4918055
cellsize         0.008333333333
NODATA_value     -9999
[rows 184 to 206 of 254, columns 208 to 259 of 288]
0.3305845414752674 0.3305845414752674 0.3305845414752674 0.3305845414752674 0.3305845414752674 0.3305845414752674 0.3305845414752674 0.3305845414752674 0.3305845414752674 0.3305845414752674 0.3305845414752674 0.3808652896522115 0.4848972955454374 0.5889293014388408 0.6929613073320666 0.7969933132252927 0.9010253191185186 1.0050573250117445 1.1090893309049705 1.2131213367981963 1.3171533426914221 1.4211853485846482 1.5252173544778742 1.5789686122441846 1.5789686122441846 1.5789686122441846 1.5789686122441846 1.5789686122441846 1.5789686122441846 1.5789686122441846 1.5789686122441846 1.5789686122441846 1.5789686122441846 1.5789686122441846 1.5789686122441846 1.6934092496095454 1.930189518721103 2.1669697878326604 2.4037500569442174 2.6405303260561785 2.877310595167736 3.1140908642792935 3.350871133390851 3.5876514025024075 3.824431671613965 4.0612119407255225 -9999.0 -9999.0 -9999.0 -9999.0 -9999.0 -9999.0
0.4254890128154615 0.4254890128154615 0.4254890128154615 0.4254890128154615 0.4254890128154615 0.4254890128154615 0.4254890128154615 0.4254890128154615 0.4254890128154615 0.4254890128154615 0.4254890128154615 0.4797007451002059 0.5918660460754723 0.7040313470509301 0.8161966480261966 0.9283619490014631 1.0405272499767295 1.152692550951996 1.2648578519272626 1.377023152902529 1.4891884538777953 1.6013537548530619 1.7135190558283284 1.77147262457279 1.77147262457279 1.77147262457279 1.77147262457279 1.77147262457279 1.77147262457279 1.77147262457279 1.77147262457279 1.77147262457279 1.77147262457279 1.77147262457279 1.77147262457279 1.883313397183352 2.1147144872684103 2.3461155773534683 2.5775166674385264 2.8089177575239788 3.0403188476090373 3.2717199376940953 3.5031210277791534 3.7345221178642114 3.9659232079492694 4.197324298034328 -9999.0 -9999.0 -9999.0 -9999.0 -9999.0 -9999.0
0.5203934841556556 0.5203934841556556 0.5203934841556556 0.5203934841556556 0.5203934841556556 0.5203934841556556 0.5203934841556556 0.5203934841556556 0.5203934841556556 0.5203934841556556 0.5203934841556556 0.5785362005482002 0.6988347966055073 0.8191333926630193 0.9394319887203263 1.0597305847776333 1.1800291808349401 1.3003277768922472 1.4206263729495543 1.5409249690068614 1.661223565064168 1.781522161121475 1.9018207571787822 1.9639766369013953 1.9639766369013953 1.9639766369013953 1.9639766369013953 1.9639766369013953 1.9639766369013953 1.9639766369013953 1.9639766369013953 1.9639766369013953 1.9639766369013953 1.9639766369013953 1.9639766369013953 2.073217544757158 2.299239455815717 2.5252613668742763 2.751283277932835 2.9773051889917794 3.2033271000503385 3.429349011108897 3.655370922167456 3.8813928332260152 -9999.0 -9999.0 -9999.0 -9999.0 -9999.0 -9999.0 -9999.0 -9999.0
0.6152979554958496 0.6152979554958496 0.6152979554958496 0.6152979554958496 0.6152979554958496 0.6152979554958496 0.6152979554958496 0.6152979554958496 0.6152979554958496 0.6152979554958496 0.6152979554958496 0.6773716559961946 0.805803547135542 0.9342354382751086 1.062667329414456 1.1910992205538036 1.319531111693151 1.4479630028324983 1.576394893971846 1.7048267851111936 1.8332586762505407 1.9616905673898883 2.090122458529236 2.1564806492300006 2.1564806492300006 2.1564806492300006 2.1564806492300006 2.1564806492300006 2.1564806492300006 2.1564806492300006 2.1564806492300006 2.1564806492300006 2.1564806492300006 2.1564806492300006 2.1564806492300006 2.2631216923309645 2.483764424363024 2.7044071563950838 2.925049888427144 3.1456926204595796 3.3663353524916393 3.586978084523699 3.8076208165557586 -9999.0 -9999.0 -9999.0 -9999.0 -9999.0 -9999.0 -9999.0 -9999.0 -9999.0
0.7102024268360436 0.7102024268360436 0.7102024268360436 0.7102024268360436 0.7102024268360436 0.7102024268360436 0.7102024268360436 0.7102024268360436 0.7102024268360436 0.7102024268360436 0.7102024268360436 0.7762071114441889 0.9127722976655769 1.0493374838871978 1.185902670108586 1.3224678563299739 1.4590330425513618 1.59559822877275 1.7321634149941378 1.868728601215526 2.005293787436914 2.141858973658302 2.27842415987969 2.3489846615586063 2.3489846615586063 2.3489846615586063 2.3489846615586063 2.3489846615586063 2.3489846615586063 2.3489846615586063 2.3489846615586063 2.3489846615586063 2.3489846615586063 2.3489846615586063 2.3489846615586063 2.4530258399047713 2.6682893929103315 2.883552945915892 3.0988164989214524 3.3140800519273803 3.5293436049329405 3.7446071579385007 3.9598707109440614 -9999.0 -9999.0 -9999.0 -9999.0 -9999.0 -9999.0 -9999.0 -9999.0 -9999.0
0.8051068981763188 0.8051068981763188 0.8051068981763188 0.8051068981763188 0.8051068981763188 0.8051068981763188 0.8051068981763188 0.8051068981763188 0.8051068981763188 0.8051068981763188 0.8051068981763188 0.8750425668922677 1.0197410481957032 1.1644395294993852 1.3091380108028208 1.453836492106256 1.5985349734096916 1.7432334547131272 1.8879319360165625 2.0326304173199983 2.1773288986234336 2.322027379926869 2.4667258612303042 2.541488673887376 2.541488673887376 2.541488673887376 2.541488673887376 2.541488673887376 2.541488673887376 2.541488673887376 2.541488673887376 2.541488673887376 2.541488673887376 2.541488673887376 2.541488673887376 2.6429299874787398 2.852814361457796 3.062698735436853 3.2725831094159092 3.4824674833953235 3.6923518573743803 3.902236231353437 4.1121206053324935 -9999.0 -9999.0 -9999.0 -9999.0 -9999.0 -9999.0 -9999.0 -9999.0 -9999.0
0.9000113695165127 0.9000113695165127 0.9000113695165127 0.9000113695165127 0.9000113695165127 0.9000113695165127 0.9000113695165127 0.9000113695165127 0.9000113695165127 0.9000113695165127 0.9000113695165127 0.9738780223402619 1.126709798725738 1.2795415751114745 1.4323733514969503 1.5852051278824266 1.7380369042679025 1.8908686806533783 2.0437004570388546 2.1965322334243305 2.3493640098098063 2.502195786195282 2.6550275625807584 2.733992686215981 2.733992686215981 2.733992686215981 2.733992686215981 2.733992686215981 2.733992686215981 2.733992686215981 2.733992686215981 2.733992686215981 2.733992686215981 2.733992686215981 2.733992686215981 2.832834135052546 3.0373393300051035 3.241844524957661 3.446349719910218 3.650854914863124 3.855360109815681 4.0598653047682385 4.264370499720796 4.468875694673353 -9999.0 -9999.0 -9999.0 -9999.0 -9999.0 -9999.0 -9999.0 -9999.0
0.9949158408567068 0.9949158408567068 0.9949158408567068 0.9949158408567068 0.9949158408567068 0.9949158408567068 0.9949158408567068 0.9949158408567068 0.9949158408567068 0.9949158408567068 0.9949158408567068 1.0727134777882563 1.2336785492557727 1.394643620723564 1.5556086921910803 1.7165737636585967 1.8775388351261133 2.03850390659363 2.1994689780611463 2.360434049528663 2.5213991209961795 2.682364192463696 2.843329263931212 2.926496698544587 2.926496698544587 2.926496698544587 2.926496698544587 2.926496698544587 2.926496698544587 2.926496698544587 2.926496698544587 2.926496698544587 2.926496698544587 2.926496698544587 2.926496698544587 3.0227382826263525 3.221864298552411 3.420990314478469 3.6201163304045267 3.8192423463309244 4.018368362256982 4.217494378183041 4.416620394109099 4.615746410035157 -9999.0 -9999.0 -9999.0 -9999.0 -9999.0 -9999.0 -9999.0 -9999.0
1.089820312196901 1.089820312196901 1.089820312196901 1.089820312196901 1.089820312196901 1.089820312196901 1.089820312196901 1.089820312196901 1.089820312196901 1.089820312196901 1.089820312196901 1.1715489332362508 1.3406472997858079 1.5097456663356532 1.6788440328852103 1.8479423994347672 2.017040765984324 2.1861391325338815 2.3552374990834384 2.5243358656329953 2.693434232182552 2.862532598732109 3.031630965281666 3.119000710873192 3.119000710873192 3.119000710873192 3.119000710873192 3.119000710873192 3.119000710873192 3.119000710873192 3.119000710873192 3.119000710873192 3.119000710873192 3.119000710873192 3.119000710873192 3.212642430200159 3.406389267099718 3.6001361039992767 3.7938829408988357 3.987629777798725 4.181376614698284 4.375123451597842 4.5688702884974015 4.762617125396961 -9999.0 -9999.0 -9999.0 -9999.0 -9999.0 -9999.0 -9999.0 -9999.0
1.2444025884718406 1.2444025884718406 1.2444025884718406 1.2444025884718406 1.2444025884718406 1.2444025884718406 1.2444025884718406 1.2444025884718406 1.2444025884718406 1.2444025884718406 1.2444025884718406 1.3236753380253448 1.487692450891297 1.651709563757529 1.8157266766234814 1.9797437894894334 2.143760902355386 2.307778015221338 2.4717951280872903 2.6358122409532427 2.799829353819195 2.963846466685147 3.127863579551099 3.2126079429424226 3.2126079429424226 3.2126079429424226 3.2126079429424226 3.2126079429424226 3.2126079429424226 3.2126079429424226 3.2126079429424226 3.2126079429424226 3.2126079429424226 3.2126079429424226 3.2126079429424226 3.30003520808686 3.4809241986164885 3.661813189146117 3.8427021796757455 4.023591170205682 4.204480160735311 4.385369151264939 4.566258141794567 4.747147132324196 4.928036122853824 -9999.0 -9999.0 -9999.0 -9999.0 -9999.0 -9999.0 -9999.0
1.4627766767145092 1.4627766767145092 1.4627766767145092 1.4627766767145092 1.4627766767145092 1.4627766767145092 1.4627766767145092 1.4627766767145092 1.4627766767145092 1.4627766767145092 1.4627766767145092 1.5327664087177297 1.6775767481860488 1.822387087654615 1.9671974271229342 2.1120077665912533 2.2568181060595727 2.4016284455278916 2.546438784996211 2.6912491244645302 2.836059463932849 2.9808698034011685 3.125680142869488 3.200500750404225 3.200500750404225 3.200500750404225 3.200500750404225 3.200500750404225 3.200500750404225 3.200500750404225 3.200500750404225 3.200500750404225 3.200500750404225 3.200500750404225 3.200500750404225 3.277849793096399 3.437886713248313 3.5979236334002267 3.7579605535521408 3.917997473704327 4.078034393856241 4.238071314008155 4.398108234160069 4.558145154311982 4.718182074463896 -9999.0 -9999.0 -9999.0 -9999.0 -9999.0 -9999.0 -9999.0
1.681150764957085 1.681150764957085 1.681150764957085 1.681150764957085 1.681150764957085 1.681150764957085 1.681150764957085 1.681150764957085 1.681150764957085 1.681150764957085 1.681150764957085 1.7418574794100259 1.8674610454807201 1.9930646115516286 2.1186681776223226 2.244271743693017 2.369875309763711 2.4954788758344053 2.6210824419050995 2.7466860079757938 2.872289574046488 2.997893140117182 3.1234967061878764 3.188393557866032 3.188393557866032 3.188393557866032 3.188393557866032 3.188393557866032 3.188393557866032 3.188393557866032 3.188393557866032 3.188393557866032 3.188393557866032 3.188393557866032 3.188393557866032 3.2556643781059473 3.3948492278801554 3.534034077654364 3.673218927428572 3.8124037772030173 3.9515886269772253 4.090773476751433 4.229958326525642 4.36914317629985 4.508328026074058 -9999.0 -9999.0 -9999.0 -9999.0 -9999.0 -9999.0 -9999.0
1.8995248531996605 1.8995248531996605 1.8995248531996605 1.8995248531996605 1.8995248531996605 1.8995248531996605 1.8995248531996605 1.8995248531996605 1.8995248531996605 1.8995248531996605 1.8995248531996605 1.9509485501023218 2.057345342775391 2.163742135448642 2.2701389281217113 2.376535720794781 2.48293251346785 2.589329306140919 2.6957260988139886 2.802122891487058 2.9085196841601273 3.0149164768331964 3.121313269506266 3.1762863653278397 3.1762863653278397 3.1762863653278397 3.1762863653278397 3.1762863653278397 3.1762863653278397 3.1762863653278397 3.1762863653278397 3.1762863653278397 3.1762863653278397 3.1762863653278397 3.1762863653278397 3.233478963115496 3.3518117425119986 3.470144521908501 3.5884773013050038 3.706810080701708 3.8251428600982105 3.943475639494713 4.061808418891216 4.180141198287718 4.29847397768422 -9999.0 -9999.0 -9999.0 -9999.0 -9999.0 -9999.0 -9999.0
2.1178989414423293 2.1178989414423293 2.1178989414423293 2.1178989414423293 2.1178989414423293 2.1178989414423293 2.1178989414423293 2.1178989414423293 2.1178989414423293 2.1178989414423293 2.1178989414423293 2.160039620794707 2.2472296400701435 2.3344196593457283 2.4216096786211643 2.5087996978966007 2.5959897171720367 2.6831797364474728 2.770369755722909 2.8575597749983452 2.9447497942737817 3.0319398135492177 3.1191298328246537 3.1641791727896416 3.1641791727896416 3.1641791727896416 3.1641791727896416 3.1641791727896416 3.1641791727896416 3.1641791727896416 3.1641791727896416 3.1641791727896416 3.1641791727896416 3.1641791727896416 3.1641791727896416 3.211293548125035 3.3087742571438232 3.406254966162611 3.503735675181399 3.6012163842003533 3.6986970932191414 3.7961778022379296 3.8936585112567172 3.9911392202755054 4.0886199292942935 -9999.0 -9999.0 -9999.0 -9999.0 -9999.0 -9999.0 -9999.0
2.3362730296849046 2.3362730296849046 2.3362730296849046 2.3362730296849046 2.3362730296849046 2.3362730296849046 2.3362730296849046 2.3362730296849046 2.3362730296849046 2.3362730296849046 2.3362730296849046 2.369130691487003 2.4371139373648143 2.505097183242741 2.5730804291205525 2.641063674998364 2.709046920876175 2.7770301667539865 2.845013412631798 2.912996658509609 2.9809799043874206 3.048963150265232 3.1169463961430433 3.152071980251449 3.152071980251449 3.152071980251449 3.152071980251449 3.152071980251449 3.152071980251449 3.152071980251449 3.152071980251449 3.152071980251449 3.152071980251449 3.152071980251449 3.152071980251449 3.189108133134584 3.265736771775666 3.342365410416748 3.4189940490578308 3.4956226876990435 3.572251326340126 3.6488799649812083 3.7255086036222904 -9999.0 -9999.0 -9999.0 -9999.0 -9999.0 -9999.0 -9999.0 -9999.0 -9999.0
2.5546471179274803 2.5546471179274803 2.5546471179274803 2.5546471179274803 2.5546471179274803 2.5546471179274803 2.5546471179274803 2.5546471179274803 2.5546471179274803 2.5546471179274803 2.5546471179274803 2.578221762179299 2.626998234659485 2.675774707139755 2.724551179619941 2.7733276521001278 2.822104124580314 2.8708805970605002 2.919657069540687 2.968433542020873 3.0172100145010594 3.065986486981246 3.1147629594614323 3.1399647877132564 3.1399647877132564 3.1399647877132564 3.1399647877132564 3.1399647877132564 3.1399647877132564 3.1399647877132564 3.1399647877132564 3.1399647877132564 3.1399647877132564 3.1399647877132564 3.1399647877132564 3.166922718144132 3.222699286407509 3.2784758546708854 3.334252422934262 3.3900289911977337 3.4458055594611103 3.501582127724487 3.5573586959878636 -9999.0 -9999.0 -9999.0 -9999.0 -9999.0 -9999.0 -9999.0 -9999.0 -9999.0
2.7730212061701494 2.7730212061701494 2.7730212061701494 2.7730212061701494 2.7730212061701494 2.7730212061701494 2.7730212061701494 2.7730212061701494 2.7730212061701494 2.7730212061701494 2.7730212061701494 2.7873128328716845 2.8168825319542377 2.8464522310368414 2.8760219301193946 2.9055916292019477 2.935161328284501 2.9647310273670544 2.9943007264496075 3.0238704255321607 3.0534401246147143 3.0830098236972674 3.1125795227798205 3.1278575951750587 3.1278575951750587 3.1278575951750587 3.1278575951750587 3.1278575951750587 3.1278575951750587 3.1278575951750587 3.1278575951750587 3.1278575951750587 3.1278575951750587 3.1278575951750587 3.1278575951750587 3.144737303153671 3.1796618010393334 3.2145862989249956 3.249510796810658 3.284435294696379 3.3193597925820413 3.3542842904677035 3.3892087883533657 -9999.0 -9999.0 -9999.0 -9999.0 -9999.0 -9999.0 -9999.0 -9999.0 -9999.0
2.9913952944127247 2.9913952944127247 2.9913952944127247 2.9913952944127247 2.9913952944127247 2.9913952944127247 2.9913952944127247 2.9913952944127247 2.9913952944127247 2.9913952944127247 2.9913952944127247 2.99640390356398 3.0067668292489085 3.0171297549338547 3.0274926806187827 3.037855606303711 3.0482185319886397 3.058581457673568 3.068944383358496 3.0793073090434246 3.089670234728353 3.1000331604132816 3.11039608609821 3.1157504026368663 3.1157504026368663 3.1157504026368663 3.1157504026368663 3.1157504026368663 3.1157504026368663 3.1157504026368663 3.1157504026368663 3.1157504026368663 3.1157504026368663 3.1157504026368663 3.1157504026368663 3.12255188816322 3.136624315671176 3.150696743179133 3.164769170687089 3.1788415981950697 3.192914025703026 3.2069864532109826 -9999.0 -9999.0 -9999.0 -9999.0 -9999.0 -9999.0 -9999.0 -9999.0 -9999.0 -9999.0
3.2097693826553004 3.2097693826553004 3.2097693826553004 3.2097693826553004 3.2097693826553004 3.2097693826553004 3.2097693826553004 3.2097693826553004 3.2097693826553004 3.2097693826553004 3.2097693826553004 3.2054949742562764 3.1966511265435797 3.187807278830868 3.1789634311181714 3.1701195834054747 3.161275735692778 3.152431887980082 3.1435880402673853 3.1347441925546886 3.125900344841992 3.1170564971292953 3.1082126494165987 3.1036432100986735 3.1036432100986735 3.1036432100986735 3.1036432100986735 3.1036432100986735 3.1036432100986735 3.1036432100986735 3.1036432100986735 3.1036432100986735 3.1036432100986735 3.1036432100986735 3.1036432100986735 3.1003664731727683 3.093586830303019 3.0868071874332697 3.080027544563521 3.07324790169376 3.0664682588240106 3.0596886159542613 -9999.0 -9999.0 -9999.0 -9999.0 -9999.0 -9999.0 -9999.0 -9999.0 -9999.0 -9999.0
3.4281434708978757 3.4281434708978757 3.4281434708978757 3.4281434708978757 3.4281434708978757 3.4281434708978757 3.4281434708978757 3.4281434708978757 3.4281434708978757 3.4281434708978757 3.4281434708978757 3.414586044948572 3.3865354238382506 3.3584848027278813 3.33043418161756 3.3023835605072382 3.274332939396917 3.2462823182865956 3.218231697176274 3.1901810760659526 3.1621304549556313 3.1340798338453095 3.106029212734988 3.091536017560481 3.091536017560481 3.091536017560481 3.091536017560481 3.091536017560481 3.091536017560481 3.091536017560481 3.091536017560481 3.091536017560481 3.091536017560481 3.091536017560481 3.091536017560481 3.078181058182317 3.050549344934862 3.0229176316874073 2.9952859184399525 2.96765420519245 2.9400224919449953 2.9123907786975405 2.8847590654500856 -9999.0 -9999.0 -9999.0 -9999.0 -9999.0 -9999.0 -9999.0 -9999.0 -9999.0
3.6465175591405448 3.6465175591405448 3.6465175591405448 3.6465175591405448 3.6465175591405448 3.6465175591405448 3.6465175591405448 3.6465175591405448 3.6465175591405448 3.6465175591405448 3.6465175591405448 3.6236771156409575 3.5764197211330027 3.529162326624968 3.481904932117013 3.4346475376090586 3.3873901431011038 3.3401327485931493 3.292875354085195 3.24561795957724 3.1983605650692857 3.1511031705613313 3.1038457760533764 3.0794288250222834 3.0794288250222834 3.0794288250222834 3.0794288250222834 3.0794288250222834 3.0794288250222834 3.0794288250222834 3.0794288250222834 3.0794288250222834 3.0794288250222834 3.0794288250222834 3.0794288250222834 3.055995643191856 3.0075118595666868 2.959028075941517 2.910544292316348 2.862060508691096 2.8135767250659263 2.765092941440757 -9999.0 -9999.0 -9999.0 -9999.0 -9999.0 -9999.0 -9999.0 -9999.0 -9999.0 -9999.0
3.7593427151441574 3.7593427151441574 3.7593427151441574 3.7593427151441574 3.7593427151441574 3.7593427151441574 3.7593427151441574 3.7593427151441574 3.7593427151441574 3.7593427151441574 3.7593427151441574 3.7317061078152283 3.674525341801283 3.6173445757872402 3.560163809773295 3.5029830437593494 3.445802277745404 3.388621511731459 3.3314407457175137 3.2742599797035683 3.2170792136896234 3.159898447675678 3.1027176816617326 3.0731735229492188 3.0731735229492188 3.0731735229492188 3.0731735229492188 3.0731735229492188 3.0731735229492188 3.0731735229492188 3.0731735229492188 3.0731735229492188 3.0731735229492188 3.0731735229492188 3.0731735229492188 3.044533326726351 2.985276112460685 2.9260188981950197 2.8667616839293544 2.807504469663588 2.7482472553979225 -9999.0 -9999.0 -9999.0 -9999.0 -9999.0 -9999.0 -9999.0 -9999.0 -9999.0 -9999.0 -9999.0
3.7593427151441574 3.7593427151441574 3.7593427151441574 3.7593427151441574 3.7593427151441574 3.7593427151441574 3.7593427151441574 3.7593427151441574 3.7593427151441574 3.7593427151441574 3.7593427151441574 3.7317061078152283 3.674525341801283 3.6173445757872402 3.560163809773295 3.5029830437593494 3.445802277745404 3.388621511731459 3.3314407457175137 3.2742599797035683 3.2170792136896234 3.159898447675678 3.1027176816617326 3.0731735229492188 3.0731735229492188 3.0731735229492188 3.0731735229492188 3.0731735229492188 3.0731735229492188 3.0731735229492188 3.0731735229492188 3.0731735229492188 3.0731735229492188 3.0731735229492188 3.0731735229492188 3.044533326726351 2.985276112460685 2.9260188981950197 2.8667616839293544 -9999.0 -9999.0 -9999.0 -9999.0 -9999.0 -9999.0 -9999.0 -9999.0 -9999.0 -9999.0 -9999.0 -9999.0 -9999.0
