Figures/CREST_Example_wjb_NSE/Rolling_result/20100722/BJP_forecast/ens_28/wjb.rain.20100723.asc
ncols            288
nrows            254
xllcorner        113.274861
yllcorner        31.4918055
cellsize         0.008333333333
NODATA_value     -9999
[rows 184 to 206 of 254, columns 204 to 254 of 288]
1.6304611699835796 1.63852244074712 1.6465837115106603 1.6640580798993623 1.691595262660068 1.7191324454207269 1.7466696281813856 1.7742068109420444 1.801743993702703 1.8292811764633619 1.8568183592240206 1.8843555419846796 1.9118927247453383 1.939429907505997 1.9669670902666558 1.9767736003263041 1.967625620001657 1.9584776396769945 1.9493296593523475 1.9401816790277004 1.9310336987030536 1.9218857183784066 1.9127377380537596 1.9035897577291125 1.8944417774044655 1.8852937970798187 1.8761458167551717 1.8821626247694287 1.9043909347469918 1.9266192447245547 1.9488475547021558 1.9710758646797186 1.9933041746572817 2.0155324846348446 2.0377607946124074 2.0599891045899708 2.0822174145675336 2.1044457245450965 2.12667403452266 1.4179227968812063 1.4179227968812063 1.4179227968812063 1.4179227968812063 1.4179227968812063 1.4179227968812063 1.4179227968812063 1.4179227968812063 1.4179227968812063 1.4179227968812063 1.4179227968812063 -9999.0
2.0985352507844284 2.108910757527455 2.119286264270481 2.1417771881415804 2.177219767084577 2.212662346027514 2.2481049249704506 2.283547503913387 2.3189900828563235 2.35443266179926 2.389875240742197 2.4253178196851333 2.4607603986280697 2.4962029775710066 2.531645556513943 2.544267327229005 2.53249313748553 2.5207189477420355 2.5089447579985613 2.4971705682550867 2.4853963785116124 2.4736221887681378 2.4618479990246636 2.450073809281189 2.4382996195377142 2.42652542979424 2.4147512400507654 2.4224953580632467 2.451104988830319 2.4797146195973916 2.5083242503645127 2.5369338811315854 2.5655435118986576 2.59415314266573 2.6227627734328025 2.6513724041998747 2.6799820349669474 2.7085916657340197 2.7372012965010923 1.4179227968812063 1.4179227968812063 1.4179227968812063 1.4179227968812063 1.4179227968812063 1.4179227968812063 1.4179227968812063 1.4179227968812063 1.4179227968812063 1.4179227968812063 1.4179227968812063 -9999.0
2.5666093315852776 2.57929907430779 2.5919888170303023 2.6194962963837987 2.662844271509087 2.7061922466343016 2.7495402217595157 2.7928881968847303 2.8362361720099445 2.8795841471351586 2.9229321222603732 2.9662800973855874 3.009628072510802 3.052976047636016 3.0963240227612308 3.111761054131706 3.0973606549694037 3.082960255807077 3.068559856644775 3.054159457482473 3.0397590583201715 3.0253586591578694 3.0109582599955673 2.9965578608332653 2.982157461670963 2.9677570625086616 2.9533566633463595 2.9628280913570646 2.997819042913646 3.0328099944702283 3.06780094602687 3.102791897583452 3.1377828491400335 3.1727738006966155 3.207764752253197 3.242755703809779 3.277746655366361 3.312737606922943 3.347728558479525 1.4179227968812063 1.4179227968812063 1.4179227968812063 1.4179227968812063 1.4179227968812063 1.4179227968812063 1.4179227968812063 1.4179227968812063 1.4179227968812063 -9999.0 -9999.0 -9999.0
3.034683412386126 3.0496873910881246 3.064691369790123 3.097215404626017 3.1484687759335963 3.1997221472410886 3.250975518548581 3.3022288898560728 3.353482261163565 3.4047356324710574 3.4559890037785497 3.5072423750860415 3.558495746393534 3.609749117701026 3.661002489008518 3.6792547810344067 3.6622281724532773 3.645201563872119 3.6281749552909894 3.61114834670986 3.5941217381287305 3.577095129547601 3.560068520966471 3.5430419123853416 3.526015303804212 3.5089886952230827 3.491962086641953 3.5031608246508825 3.544533096996974 3.585905369343065 3.627277641689227 3.6686499140353184 3.71002218638141 3.7513944587275008 3.792766731073592 3.8341390034196836 3.875511275765775 3.9168835481118665 3.958255820457958 1.4179227968812063 1.4179227968812063 1.4179227968812063 1.4179227968812063 1.4179227968812063 1.4179227968812063 1.4179227968812063 1.4179227968812063 -9999.0 -9999.0 -9999.0 -9999.0
3.502757493186975 3.5200757078684592 3.537393922549944 3.5749345128682353 3.634093280358106 3.693252047847876 3.752410815337646 3.811569582827416 3.8707283503171857 3.9298871178069557 3.9890458852967257 4.048204652786495 4.107363420276266 4.166522187766035 4.225680955255806 4.246748507937108 4.22709568993715 4.20744287193716 4.187790053937203 4.168137235937246 4.148484417937289 4.128831599937332 4.109178781937375 4.089525963937418 4.0698731459374615 4.050220327937504 4.030567509937547 4.0434935579447 4.091247151080301 4.139000744215902 4.1867543373515845 4.234507930487185 4.282261523622786 4.3300151167583865 4.377768709893988 4.425522303029588 4.473275896165189 4.52102948930079 4.568783082436391 1.4179227968812063 1.4179227968812063 1.4179227968812063 1.4179227968812063 1.4179227968812063 1.4179227968812063 1.4179227968812063 1.4179227968812063 -9999.0 -9999.0 -9999.0 -9999.0
3.9708315739882227 3.990464024649195 4.010096475310167 4.05265362111086 4.119717784783029 4.186781948455084 4.253846112127138 4.320910275799193 4.387974439471248 4.4550386031433025 4.522102766815356 4.589166930487411 4.656231094159466 4.723295257831521 4.790359421503575 4.814242234840293 4.791963207421506 4.769684180002681 4.7474051525838945 4.725126125165108 4.7028470977463215 4.680568070327534 4.658289042908748 4.636010015489961 4.613730988071174 4.591451960652387 4.569172933233601 4.583826291238979 4.637961205164094 4.692096119089211 4.746231033014419 4.800365946939534 4.85450086086465 4.908635774789765 4.962770688714881 5.016905602639997 5.0710405165651125 5.125175430490228 5.179310344415343 1.4179227968812063 1.4179227968812063 1.4179227968812063 1.4179227968812063 1.4179227968812063 1.4179227968812063 1.4179227968812063 1.4179227968812063 -9999.0 -9999.0 -9999.0 -9999.0
4.438905654789072 4.46085234142953 4.482799028069988 4.530372729353079 4.605342289207539 4.680311849061871 4.755281408916203 4.830250968770536 4.905220528624868 4.9801900884792 5.055159648333532 5.130129208187865 5.205098768042197 5.2800683278965295 5.355037887750862 5.381735961742994 5.35683072490538 5.331925488067722 5.307020251230108 5.282115014392494 5.25720977755488 5.232304540717266 5.207399303879652 5.182494067042037 5.157588830204423 5.132683593366808 5.107778356529194 5.124159024532797 5.184675259247422 5.245191493962047 5.305707728676776 5.3662239633914 5.4267401981060255 5.487256432820651 5.547772667535276 5.6082889022499005 5.668805136964526 5.729321371679151 5.789837606393776 1.4179227968812063 1.4179227968812063 1.4179227968812063 1.4179227968812063 1.4179227968812063 1.4179227968812063 1.4179227968812063 1.4179227968812063 1.4179227968812063 -9999.0 -9999.0 -9999.0
4.90697973558992 4.931240658209865 4.955501580829809 5.008091837595297 5.090966793632049 5.173841749668659 5.256716705705268 5.339591661741879 5.422466617778489 5.505341573815099 5.588216529851709 5.6710914858883195 5.753966441924929 5.836841397961539 5.919716353998149 5.949229688645694 5.921698242389253 5.8941667961327635 5.866635349876322 5.83910390361988 5.811572457363439 5.784041011106996 5.756509564850555 5.728978118594114 5.7014466723376716 5.67391522608123 5.646383779824788 5.664491757826615 5.731389313330749 5.798286868834884 5.865184424339132 5.932081979843267 5.998979535347401 6.065877090851536 6.132774646355671 6.199672201859805 6.266569757363939 6.333467312868074 6.4003648683722085 1.4179227968812063 1.4179227968812063 1.4179227968812063 1.4179227968812063 1.4179227968812063 1.4179227968812063 1.4179227968812063 1.4179227968812063 1.4179227968812063 -9999.0 -9999.0 -9999.0
5.3750538163907695 5.4016289749902 5.428204133589631 5.485810945837516 5.576591298056559 5.667371650275446 5.758152002494334 5.848932354713222 5.939712706932109 6.030493059150998 6.121273411369885 6.212053763588774 6.302834115807661 6.3936144680265485 6.484394820245437 6.516723415548395 6.486565759873126 6.456408104197805 6.426250448522536 6.396092792847266 6.365935137171998 6.335777481496728 6.305619825821459 6.27546217014619 6.24530451447092 6.215146858795651 6.184989203120382 6.204824491120433 6.278103367414077 6.351382243707721 6.424661120001489 6.497939996295133 6.571218872588777 6.644497748882421 6.717776625176065 6.791055501469709 6.864334377763353 6.9376132540569975 7.010892130350641 1.4179227968812063 1.4179227968812063 1.4179227968812063 1.4179227968812063 1.4179227968812063 1.4179227968812063 1.4179227968812063 1.4179227968812063 1.4179227968812063 -9999.0 -9999.0 -9999.0
5.607820901628122 5.644704685049617 5.681588468471112 5.744242220883607 5.834444653300842 5.924647085717924 6.014849518135005 6.105051950552086 6.195254382969168 6.285456815386249 6.3756592478033305 6.465861680220411 6.556064112637492 6.646266545054574 6.736468977471655 6.7951162982611235 6.8200304905897156 6.84494468291835 6.869858875246942 6.894773067575534 6.919687259904127 6.944601452232719 6.969515644561311 6.994429836889903 7.019344029218495 7.0442582215470875 7.0691724138756795 7.109550341710393 7.166459352796326 7.223368363882258 7.280277374968288 7.337186386054221 7.394095397140154 7.451004408226086 7.507913419312019 7.564822430397951 7.621731441483885 7.678640452569817 7.735549463655749 1.4179227968812063 1.4179227968812063 1.4179227968812063 1.4179227968812063 1.4179227968812063 1.4179227968812063 1.4179227968812063 1.4179227968812063 1.4179227968812063 1.4179227968812063 -9999.0 -9999.0
5.589059640069378 5.64479754609725 5.700535452125122 5.768268624012359 5.8488250065464 5.929381389080303 6.009937771614206 6.090494154148109 6.171050536682013 6.251606919215916 6.3321633017498185 6.412719684283722 6.493276066817625 6.573832449351528 6.654388831885432 6.764478600636358 6.90614022763011 7.047801854624104 7.189463481617856 7.331125108611608 7.47278673560536 7.614448362599112 7.756109989592864 7.897771616586617 8.039433243580369 8.181094870574121 8.322756497567873 8.403789466897274 8.420009028957637 8.436228591017997 8.452448153078388 8.468667715138748 8.48488727719911 8.50110683925947 8.517326401319833 8.533545963380194 8.549765525440556 8.565985087500916 8.582204649561278 1.4179227968812063 1.4179227968812063 1.4179227968812063 1.4179227968812063 1.4179227968812063 1.4179227968812063 1.4179227968812063 1.4179227968812063 1.4179227968812063 1.4179227968812063 -9999.0 -9999.0
5.570298378510643 5.644890407144883 5.719482435779122 5.792295027141101 5.863205359791952 5.93411569244268 6.00502602509341 6.075936357744139 6.1468466903948675 6.217757023045597 6.288667355696326 6.359577688347055 6.430488020997784 6.501398353648513 6.572308686299242 6.733840903011605 6.992249964670467 7.25065902632977 7.509068087988633 7.767477149647496 8.025886211306359 8.28429527296522 8.542704334624084 8.801113396282947 9.059522457941808 9.317931519600672 9.576340581259533 9.698028592083608 9.673558705118415 9.649088818153222 9.624618931187987 9.600149044222794 9.575679157257602 9.551209270292409 9.526739383327216 9.502269496362024 9.47779960939683 9.453329722431638 9.428859835466445 1.4179227968812063 1.4179227968812063 1.4179227968812063 1.4179227968812063 1.4179227968812063 1.4179227968812063 1.4179227968812063 1.4179227968812063 1.4179227968812063 1.4179227968812063 -9999.0 -9999.0
5.551537116951908 5.644983268192516 5.738429419433125 5.816321430269844 5.8775857130375035 5.938849995805058 6.000114278572613 6.0613785613401685 6.122642844107723 6.183907126875278 6.2451714096428335 6.306435692410388 6.367699975177943 6.428964257945498 6.490228540713053 6.703203205386851 7.0783597017108235 7.4535161980354365 7.82867269435941 8.203829190683383 8.578985687007355 8.954142183331328 9.329298679655302 9.704455175979275 10.079611672303248 10.45476816862722 10.829924664951193 10.992267717269938 10.927108381279192 10.861949045288446 10.796789709297588 10.73163037330684 10.666471037316095 10.601311701325347 10.536152365334601 10.470993029343854 10.405833693353108 10.340674357362362 10.275515021371614 1.4179227968812063 1.4179227968812063 1.4179227968812063 1.4179227968812063 1.4179227968812063 1.4179227968812063 1.4179227968812063 1.4179227968812063 1.4179227968812063 1.4179227968812063 -9999.0 -9999.0
5.532775855393164 5.645076129240149 5.757376403087133 5.840347833398596 5.891966066283061 5.943584299167437 5.995202532051814 6.046820764936191 6.098438997820568 6.150057230704945 6.201675463589321 6.2532936964736985 6.3049119293580755 6.356530162242453 6.40814839512683 6.672565507762085 7.164469438751218 7.65637336974119 8.148277300730323 8.640181231719456 9.132085162708588 9.623989093697721 10.115893024686855 10.607796955675987 11.099700886665122 11.591604817654254 12.083508748643386 12.28650684245682 12.180658057440501 12.074809272424185 11.968960487407685 11.863111702391368 11.75726291737505 11.651414132358731 11.545565347342412 11.439716562326096 11.333867777309777 11.228018992293459 11.122170207277142 1.4179227968812063 1.4179227968812063 1.4179227968812063 1.4179227968812063 1.4179227968812063 1.4179227968812063 1.4179227968812063 1.4179227968812063 1.4179227968812063 1.4179227968812063 -9999.0 -9999.0
5.51401459383443 5.645168990287782 5.776323386741135 5.864374236527338 5.906346419528612 5.948318602529815 5.990290785531018 6.032262968532221 6.074235151533423 6.116207334534626 6.158179517535829 6.200151700537032 6.242123883538235 6.284096066539437 6.32606824954064 6.641927810137331 7.250579175791575 7.859230541446856 8.4678819071011 9.076533272755343 9.685184638409588 10.29383600406383 10.902487369718074 11.511138735372317 12.119790101026561 12.728441466680806 13.337092832335049 13.580745967643152 13.43420773360128 13.287669499559408 13.141131265517286 12.994593031475414 12.848054797433543 12.701516563391671 12.5549783293498 12.408440095307926 12.261901861266054 12.115363627224182 11.96882539318231 1.4179227968812063 1.4179227968812063 1.4179227968812063 1.4179227968812063 1.4179227968812063 1.4179227968812063 1.4179227968812063 1.4179227968812063 -9999.0 -9999.0 -9999.0 -9999.0
5.495253332275694 5.645261851335415 5.795270370395135 5.888400639656079 5.920726772774163 5.953052905892192 5.985379039010221 6.01770517212825 6.050031305246279 6.0823574383643075 6.114683571482336 6.147009704600365 6.179335837718394 6.211661970836423 6.243988103954452 6.611290112512578 7.336688912831932 8.062087713152524 8.787486513471876 9.51288531379123 10.238284114110584 10.963682914429938 11.689081714749292 12.414480515068647 13.139879315387999 13.865278115707353 14.590676916026705 14.874985092829483 14.687757409762057 14.50052972669463 14.313302043626885 14.126074360559459 13.938846677492034 13.751618994424607 13.56439131135718 13.377163628289754 13.189935945222329 13.002708262154902 12.815480579087476 1.4179227968812063 1.4179227968812063 1.4179227968812063 1.4179227968812063 1.4179227968812063 1.4179227968812063 1.4179227968812063 1.4179227968812063 -9999.0 -9999.0 -9999.0 -9999.0
5.476492070716951 5.645354712383048 5.814217354049145 5.912427042784832 5.935107126019721 5.957787209254572 5.980467292489422 6.003147375724273 6.025827458959124 6.048507542193974 6.071187625428824 6.093867708663676 6.116547791898526 6.139227875133376 6.161907958368227 6.580652414887812 7.422798649872326 8.264944884858275 9.107091119842789 9.949237354827304 10.791383589811819 11.63352982479633 12.475676059780845 13.31782229476536 14.159968529749873 15.002114764734387 15.844260999718902 16.169224218016364 15.941307085923368 15.71338995383037 15.485472821736984 15.257555689643986 15.029638557550989 14.801721425457993 14.573804293364995 14.345887161271998 14.117970029179 13.890052897086003 13.662135764993005 1.4179227968812063 1.4179227968812063 1.4179227968812063 1.4179227968812063 1.4179227968812063 1.4179227968812063 1.4179227968812063 1.4179227968812063 -9999.0 -9999.0 -9999.0 -9999.0
5.457730809158216 5.645447573430681 5.8331643377031455 5.936453445913573 5.949487479265272 5.962521512616949 5.975555545968625 5.988589579320302 6.001623612671978 6.014657646023655 6.027691679375332 6.040725712727008 6.0537597460786845 6.066793779430362 6.079827812782038 6.550014717263059 7.508908386912683 8.467802056563942 9.426695726213566 10.385589395863192 11.344483065512815 12.303376735162441 13.262270404812064 14.22116407446169 15.180057744111313 16.13895141376094 17.09784508341056 17.463463343202697 17.194856762084143 16.926250180965592 16.657643599846583 16.389037018728033 16.120430437609482 15.85182385649093 15.583217275372379 15.314610694253828 15.046004113135275 14.777397532016725 14.508790950898174 1.4179227968812063 1.4179227968812063 1.4179227968812063 1.4179227968812063 1.4179227968812063 1.4179227968812063 1.4179227968812063 -9999.0 -9999.0 -9999.0 -9999.0 -9999.0
5.438969547599481 5.645540434478314 5.852111321357148 5.960479849042316 5.963867832510824 5.9672558159793265 5.970643799447829 5.974031782916332 5.977419766384834 5.980807749853336 5.984195733321839 5.987583716790342 5.990971700258845 5.994359683727347 5.997747667195849 6.519377019638306 7.59501812395304 8.67065922826961 9.746300332584344 10.821941436899078 11.897582541213813 12.973223645528549 14.048864749843283 15.124505854158016 16.20014695847275 17.275788062787488 18.35142916710222 18.757702468389027 18.44840643824492 18.139110408100816 17.829814377956183 17.52051834781208 17.21122231766797 16.901926287523867 16.592630257379763 16.283334227235656 15.974038197091552 15.664742166947446 15.35544613680334 1.4179227968812063 1.4179227968812063 1.4179227968812063 1.4179227968812063 1.4179227968812063 1.4179227968812063 1.4179227968812063 -9999.0 -9999.0 -9999.0 -9999.0 -9999.0
5.4202082860407454 5.645633295525947 5.8710583050111484 5.984506252171057 5.9782481857563745 5.9719901193417035 5.965732052927032 5.959473986512361 5.953215920097689 5.946957853683018 5.940699787268346 5.934441720853675 5.928183654439003 5.921925588024331 5.91566752160966 6.4887393220135525 7.6811278609933975 8.873516399975276 10.065904938955121 11.258293477934966 12.450682016914811 13.643070555894656 14.835459094874501 16.027847633854346 17.22023617283419 18.412624711814036 19.60501325079388 20.05194159357536 19.7019561144057 19.35197063523604 19.001985156065786 18.651999676896125 18.302014197726464 17.952028718556804 17.602043239387147 17.252057760217486 16.902072281047825 16.55208680187817 16.202101322708508 1.4179227968812063 1.4179227968812063 1.4179227968812063 1.4179227968812063 1.4179227968812063 1.4179227968812063 1.4179227968812063 1.4179227968812063 -9999.0 -9999.0 -9999.0 -9999.0
5.401447024482002 5.645726156573581 5.890005288665158 6.00853265529981 5.992628539001933 5.976724422704083 5.960820306406234 5.944916190108384 5.929012073810535 5.913107957512684 5.897203841214835 5.881299724916985 5.865395608619136 5.849491492321286 5.833587376023437 6.458101624388786 7.767237598033791 9.076373571681028 10.385509545326034 11.69464551897104 13.003781492616046 14.31291746626105 15.622053439906056 16.93118941355106 18.240325387196066 19.54946136084107 20.858597334486078 21.34618071876224 20.95550579056701 20.564830862371778 20.174155934175882 19.78348100598065 19.392806077785423 19.00213114959019 18.61145622139496 18.220781293199728 17.830106365004497 17.439431436809265 17.048756508614037 1.4179227968812063 1.4179227968812063 1.4179227968812063 1.4179227968812063 1.4179227968812063 1.4179227968812063 1.4179227968812063 -9999.0 -9999.0 -9999.0 -9999.0 -9999.0
5.385144287418916 5.63605372303622 5.886963158653524 6.007341976182967 5.988180609175902 5.969019242168868 5.949857875161835 5.930696508154802 5.911535141147769 5.8923737741407365 5.873212407133703 5.85405104012667 5.834889673119637 5.815728306112605 5.796566939105571 6.449769836859656 7.821745350073054 9.193720863288792 10.565696376502189 11.937671889715588 13.309647402928984 14.681622916142384 16.05359842935578 17.42557394256918 18.79754945578258 20.169524968995976 21.541500482209372 1.4179227968812063 1.4179227968812063 1.4179227968812063 1.4179227968812063 1.4179227968812063 1.4179227968812063 1.4179227968812063 1.4179227968812063 1.4179227968812063 1.4179227968812063 1.4179227968812063 1.4179227968812063 1.4179227968812063 1.4179227968812063 1.4179227968812063 1.4179227968812063 1.4179227968812063 1.4179227968812063 -9999.0 -9999.0 -9999.0 -9999.0 -9999.0 -9999.0
5.371469558085288 5.615942805076498 5.860416052067709 5.979195825533046 5.963606431459249 5.948017037385479 5.9324276433117085 5.916838249237938 5.901248855164169 5.885659461090398 5.870070067016628 5.854480672942858 5.838891278869087 5.823301884795317 5.8077124907215465 6.465281661321253 7.842472571962565 9.219663482606228 10.59685439324754 11.974045303888854 13.351236214530166 14.728427125171478 16.105618035812792 17.482808946454107 18.859999857095417 20.23719076773673 21.614381678378045 1.4179227968812063 1.4179227968812063 1.4179227968812063 1.4179227968812063 1.4179227968812063 1.4179227968812063 1.4179227968812063 1.4179227968812063 1.4179227968812063 1.4179227968812063 1.4179227968812063 1.4179227968812063 1.4179227968812063 1.4179227968812063 1.4179227968812063 1.4179227968812063 -9999.0 -9999.0 -9999.0 -9999.0 -9999.0 -9999.0 -9999.0 -9999.0
