Figures/CREST_Example_wjb_NSE/Rolling_result/20100722/BJP_forecast/ens_49/wjb.rain.20091007.asc
ncols            288
nrows            254
xllcorner        113.274861
yllcorner        31.4918055
cellsize         0.008333333333
NODATA_value     -9999
[rows 63 to 83 of 254, columns 96 to 143 of 288]
0.049440235346979396 0.049440235346979396 0.049440235346979396 0.04809441032870704 0.045309867935883895 0.04252532554306075 0.039740783150237616 0.03695624075741447 0.034171698364586583 0.031387155971763434 0.028602613578940297 0.025818071186117154 0.02303352879329401 0.02024898640047087 0.017464444007647725 0.016025726631757872 0.016025726631757872 0.016025726631757872 0.016025726631757872 0.016025726631757872 0.016025726631757872 0.016025726631757872 0.016025726631757872 0.016025726631757872 0.016025726631757872 0.016025726631757872 0.016025726631757872 0.05375772545368277 0.13182608431744114 0.20989444318119954 0.28796280204495794 0.36603116090871635 0.44409951977247475 0.522167878636233 0.6002362375001246 0.678304596363883 0.7563729552276414 0.8344413140913998 0.9125096729551582 0.9411507538839314 0.9169529568109862 0.892755159738041 0.8685573626650958 0.8443595655921504 0.8201617685192052 0.79596397144626 0.7717661743733147 0.7475683773003282
0.04424511065148953 0.04424511065148953 0.04424511065148953 0.04336844516246287 0.04155460444366463 0.03974076372486639 0.03792692300606815 0.03611308228726991 0.03429924156846857 0.03248540084967033 0.03067156013087209 0.02885771941207385 0.027043878693275607 0.025230037974477367 0.023416197255679127 0.022479022025035288 0.022479022025035288 0.022479022025035288 0.022479022025035288 0.022479022025035288 0.022479022025035288 0.022479022025035288 0.022479022025035288 0.022479022025035288 0.022479022025035288 0.022479022025035288 0.022479022025035288 0.059759387412831155 0.13689330648778172 0.21402722556273227 0.2911611446376828 0.3682950637126334 0.4454289827875839 0.5225629018625345 0.5996968209376166 0.6768307400125672 0.7539646590875176 0.8310985781624682 0.9082324972374188 0.9338732340783933 0.904466594497785 0.8750599549171767 0.8456533153365683 0.81624667575596 0.7868400361753517 0.7574333965947433 0.728026757014135 0.6986201174334765
0.03904998595599968 0.03904998595599968 0.03904998595599968 0.0386424799962187 0.03779934095144536 0.03695620190667202 0.03611306286189868 0.03526992381712534 0.03442678477235056 0.03358364572757722 0.032740506682803885 0.03189736763803054 0.031054228593257203 0.030211089548483866 0.02936795050371053 0.028932317418312703 0.028932317418312703 0.028932317418312703 0.028932317418312703 0.028932317418312703 0.028932317418312703 0.028932317418312703 0.028932317418312703 0.028932317418312703 0.028932317418312703 0.028932317418312703 0.028932317418312703 0.06576104937197953 0.14196052865812225 0.21816000794426496 0.29435948723040767 0.3705589665165504 0.4467584458026931 0.5229579250888359 0.5991574043751084 0.6753568836612511 0.7515563629473939 0.8277558422335366 0.9039553215196793 0.926595714272855 0.8919802321845837 0.8573647500963122 0.8227492680080408 0.7881337859197695 0.7535183038314981 0.7189028217432266 0.6842873396549553 0.6496718575666248
0.03385486126050539 0.03385486126050539 0.03385486126050539 0.0339165148299705 0.03404407745922289 0.03417164008847528 0.03429920271772767 0.034426765346980054 0.03455432797623266 0.03468189060548505 0.03480945323473744 0.03493701586398983 0.03506457849324222 0.03519214112249461 0.035319703751747 0.03538561281159562 0.03538561281159562 0.03538561281159562 0.03538561281159562 0.03538561281159562 0.03538561281159562 0.03538561281159562 0.03538561281159562 0.03538561281159562 0.03538561281159562 0.03538561281159562 0.03538561281159562 0.07176271133113303 0.1470277508284671 0.22229279032580118 0.2975578298231353 0.3728228693204694 0.44808790881780347 0.5233529483151375 0.5986179878125999 0.673883027309934 0.7491480668072681 0.8244131063046022 0.8996781458019363 0.9193181944673107 0.8794938698713717 0.8396695452754328 0.7998452206794939 0.7600208960835549 0.7201965714876161 0.6803722468916771 0.6405479222957382 0.6007235976997314
0.02865973656501553 0.02865973656501553 0.02865973656501553 0.02919054966372633 0.03028881396700362 0.03138707827028091 0.0324853425735582 0.033583606876835495 0.034681871180114655 0.03578013548339195 0.036878399786669236 0.03797666408994653 0.03907492839322382 0.04017319269650111 0.041271456999778404 0.04183890820487304 0.04183890820487304 0.04183890820487304 0.04183890820487304 0.04183890820487304 0.04183890820487304 0.04183890820487304 0.04183890820487304 0.04183890820487304 0.04183890820487304 0.04183890820487304 0.04183890820487304 0.07776437329028141 0.15209497299880764 0.22642557270733388 0.30075617241586017 0.37508677212438635 0.44941737183291264 0.5237479715414388 0.5980785712500918 0.6724091709586181 0.7467397706671443 0.8210703703756705 0.8954009700841967 0.9120406746617724 0.8670075075581705 0.8219743404545685 0.7769411733509665 0.7319080062473644 0.6868748391437625 0.6418416720401605 0.5968085049365585 0.5517753378328797
0.023464611869525673 0.023464611869525673 0.023464611869525673 0.024464584497482164 0.026533550474784354 0.028602516452086547 0.03067148242938874 0.03274044840669093 0.03480941438399665 0.03687838036129884 0.03894734633860103 0.041016312315903226 0.043085278293205416 0.04515424427050761 0.0472232102478098 0.04829220359815046 0.04829220359815046 0.04829220359815046 0.04829220359815046 0.04829220359815046 0.04829220359815046 0.04829220359815046 0.04829220359815046 0.04829220359815046 0.04829220359815046 0.04829220359815046 0.04829220359815046 0.0837660352494298 0.1571621951691482 0.2305583550888666 0.303954515008585 0.37735067492830343 0.4507468348480218 0.5241429947677403 0.5975391546875838 0.6709353146073022 0.7443314745270206 0.817727634446739 0.8911237943664574 0.9047631548562343 0.8545211452449691 0.8042791356337041 0.754037126022439 0.703795116411174 0.653553106799909 0.6033110971886438 0.5530690875773787 0.502827077966028
0.018269487174035814 0.018269487174035814 0.018269487174035814 0.01973861933123799 0.022778286982565087 0.02581795463389218 0.02885762228521927 0.031897289936546364 0.03493695758787864 0.03797662523920573 0.041016292890532824 0.044055960541859916 0.04709562819318701 0.0501352958445141 0.05317496349584119 0.054745498991427874 0.054745498991427874 0.054745498991427874 0.054745498991427874 0.054745498991427874 0.054745498991427874 0.054745498991427874 0.054745498991427874 0.054745498991427874 0.054745498991427874 0.054745498991427874 0.054745498991427874 0.08976769720857818 0.16222941733948873 0.23469113747039927 0.30715285760130984 0.3796145777322204 0.45207629786313097 0.5245380179940415 0.5969997381250757 0.6694614582559862 0.7419231783868968 0.8143848985178074 0.8868466186487179 0.8974856350506961 0.8420347829317679 0.7865839308128397 0.7311330786939116 0.6756822265749834 0.6202313744560553 0.5647805223371272 0.5093296702181991 0.4538788180991763
0.013074362478545955 0.013074362478545955 0.013074362478545955 0.015012654164993823 0.019023023490345816 0.02303339281569781 0.027043762141049806 0.0310541314664018 0.035064500791760635 0.03907487011711262 0.04308523944246462 0.04709560876781661 0.05110597809316861 0.0551163474185206 0.0591267167438726 0.06119879438470529 0.06119879438470529 0.06119879438470529 0.06119879438470529 0.06119879438470529 0.06119879438470529 0.06119879438470529 0.06119879438470529 0.06119879438470529 0.06119879438470529 0.06119879438470529 0.06119879438470529 0.09576935916772655 0.1672966395098293 0.23882391985193202 0.3103512001940347 0.38187848053613743 0.4534057608782402 0.5249330412203429 0.5964603215625677 0.6679876019046704 0.7395148822467731 0.8110421625888758 0.8825694429309786 0.8902081152451579 0.8295484206185667 0.7688887259919754 0.7082290313653843 0.6475693367387929 0.5869096421122018 0.5262499474856106 0.4655902528590193 0.4049305582323246
0.007879237783056098 0.007879237783056098 0.007879237783056098 0.010286688998749655 0.015267759998126549 0.020248830997503443 0.02522990199688034 0.03021097299625724 0.03519204399564262 0.04017311499501952 0.04515418599439641 0.05013525699377331 0.05511632799315021 0.0600973989925271 0.065078469991904 0.0676520897779827 0.0676520897779827 0.0676520897779827 0.0676520897779827 0.0676520897779827 0.0676520897779827 0.0676520897779827 0.0676520897779827 0.0676520897779827 0.0676520897779827 0.0676520897779827 0.0676520897779827 0.10177102112687494 0.17236386168016982 0.24295670223346474 0.3135495427867596 0.3841423833400545 0.4547352238933494 0.5253280644466443 0.5959209050000596 0.6665137455533545 0.7371065861066495 0.8076994266599442 0.8782922672132392 0.8829305954396196 0.8170620583053654 0.751193521171111 0.6853249840368567 0.6194564469026025 0.553587909768348 0.4877193726340938 0.4218508354998395 0.3559822983654729
0.0026841130875618095 0.0026841130875618095 0.0026841130875618095 0.005560723832501455 0.01151249650590408 0.017464269179306702 0.02341604185270933 0.02936781452611195 0.03531958719952472 0.04127135987292735 0.04722313254632997 0.053174905219732595 0.05912667789313522 0.06507845056653784 0.07103022323994047 0.07410538517126562 0.07410538517126562 0.07410538517126562 0.07410538517126562 0.07410538517126562 0.07410538517126562 0.07410538517126562 0.07410538517126562 0.07410538517126562 0.07410538517126562 0.07410538517126562 0.07410538517126562 0.10777268308602844 0.1774310838505147 0.2470894846150009 0.31674788537948717 0.38640628614397343 0.4560646869084597 0.525723087672946 0.595381488437551 0.6650398892020373 0.7346982899665235 0.8043566907310098 0.8740150914954959 0.8756530756340752 0.8045756959921534 0.7334983163502315 0.6624209367083098 0.5913435570663879 0.5202661774244661 0.4491887977825443 0.37811141814062244 0.30703403849857946
0.0 0.0 0.0 0.0029933783103571108 0.009186745716802423 0.015380113123247736 0.02157348052969305 0.027766847936138362 0.03396021534259423 0.040153582749039546 0.04634695015548486 0.05254031756193017 0.058733684968375485 0.0649270523748208 0.07112041978126611 0.07432040888033267 0.07432040888033267 0.07432040888033267 0.07432040888033267 0.07432040888033267 0.07432040888033267 0.07432040888033267 0.07432040888033267 0.07432040888033267 0.07432040888033267 0.07432040888033267 0.07432040888033267 0.10645616926630805 0.17294578424833484 0.23943539923036167 0.3059250142123885 0.37241462919441526 0.43890424417644214 0.5053938591584689 0.5718834741406091 0.6383730891226359 0.7048627041046627 0.7713523190866896 0.8378419340687163 0.8379295683046558 0.7670319833195395 0.6961343983344233 0.6252368133493069 0.5543392283641906 0.48344164337907425 0.4125440583939579 0.3416464734088416 0.27074888842360434
0.0 0.0 0.0 0.0027334610850406078 0.008389053875401098 0.014044646665761587 0.019700239456122075 0.025355832246482565 0.0310114250368527 0.03666701782721319 0.042322610617573676 0.04797820340793417 0.053633796198294656 0.05928938898865515 0.06494498177901564 0.06786711348705526 0.06786711348705526 0.06786711348705526 0.06786711348705526 0.06786711348705526 0.06786711348705526 0.06786711348705526 0.06786711348705526 0.06786711348705526 0.06786711348705526 0.06786711348705526 0.06786711348705526 0.09731698695588015 0.1582494411655564 0.21918189537523267 0.28011434958490894 0.3410468037945852 0.4019792580042615 0.46291171221393773 0.5238441664237179 0.5847766206333942 0.6457090748430705 0.7066415290527468 0.7675739832624229 0.7676612199563514 0.7027035429989249 0.6377458660414984 0.5727881890840719 0.5078305121266454 0.44287283516921894 0.37791515821179245 0.31295748125436595 0.24799980429682866
0.0 0.0 0.0 0.0024735438597241043 0.00759136203399977 0.012709180208275436 0.0178269983825511 0.022944816556826765 0.028062634731111157 0.03318045290538682 0.03829827107966249 0.04341608925393815 0.04853390742821382 0.053651725602489486 0.05876954377676515 0.06141381809377784 0.06141381809377784 0.06141381809377784 0.06141381809377784 0.06141381809377784 0.06141381809377784 0.06141381809377784 0.06141381809377784 0.06141381809377784 0.06141381809377784 0.06141381809377784 0.06141381809377784 0.08817780464545222 0.14355309808277794 0.19892839152010366 0.25430368495742933 0.30967897839475506 0.3650542718320807 0.42042956526940645 0.4758048587068266 0.5311801521441524 0.5865554455814781 0.6419307390188037 0.6973060324561294 0.6973928716080469 0.6383751026783102 0.5793573337485736 0.5203395648188369 0.4613217958891003 0.4023040269593636 0.3432862580296269 0.2842684890998903 0.225250720170053
0.0 0.0 0.0 0.002213626634407601 0.006793670192598442 0.011373713750789284 0.015953757308980125 0.020533800867170965 0.025113844425369618 0.029693887983560457 0.0342739315417513 0.038853975099942144 0.04343401865813298 0.04801406221632382 0.05259410577451466 0.054960522700500426 0.054960522700500426 0.054960522700500426 0.054960522700500426 0.054960522700500426 0.054960522700500426 0.054960522700500426 0.054960522700500426 0.054960522700500426 0.054960522700500426 0.054960522700500426 0.054960522700500426 0.07903862233502432 0.1288567549999995 0.17867488766497466 0.2284930203299498 0.278311152994925 0.3281292856599002 0.37794741832487533 0.42776555098993546 0.47758368365491066 0.5274018163198858 0.577219948984861 0.6270380816498361 0.6271245232597426 0.5740466623576957 0.5209688014556488 0.46789094055360203 0.41481307965155517 0.3617352187495083 0.3086573578474615 0.25557949694541465 0.2025016360432773
0.0 0.0 0.0 0.0019537094090910975 0.0059959783511971156 0.010038247293303132 0.01408051623540915 0.018122785177515168 0.02216505411962808 0.026207323061734095 0.030249592003840114 0.03429186094594613 0.03833412988805215 0.04237639883015817 0.04641866777226418 0.04850722730722301 0.04850722730722301 0.04850722730722301 0.04850722730722301 0.04850722730722301 0.04850722730722301 0.04850722730722301 0.04850722730722301 0.04850722730722301 0.04850722730722301 0.04850722730722301 0.04850722730722301 0.06989944002459642 0.11416041191722104 0.15842138380984566 0.20268235570247028 0.2469433275950949 0.29120429948771953 0.33546527138034415 0.3797262432730443 0.4239872151656689 0.4682481870582935 0.5125091589509181 0.5567701308435428 0.5568561749114381 0.5097182220370811 0.4625802691627241 0.41544231628836703 0.36830436341401007 0.32116641053965306 0.27402845766529604 0.22689050479093903 0.17975255191650163
0.0 0.0 0.0 0.0016937921837745945 0.005198286509795788 0.008702780835816982 0.012207275161838177 0.015711769487859368 0.01921626381388654 0.022720758139907732 0.02622525246592893 0.02972974679195012 0.03323424111797132 0.03673873544399251 0.040243229770013704 0.042053931913945596 0.042053931913945596 0.042053931913945596 0.042053931913945596 0.042053931913945596 0.042053931913945596 0.042053931913945596 0.042053931913945596 0.042053931913945596 0.042053931913945596 0.042053931913945596 0.042053931913945596 0.060760257714168514 0.09946406883444259 0.13816787995471666 0.17687169107499076 0.21557550219526483 0.2542793133155389 0.292983124435813 0.33168693555615303 0.37039074667642713 0.4090945577967012 0.4477983689169753 0.4865021800372494 0.48658782656313365 0.4453897817164664 0.40419173686979926 0.36299369202313203 0.3217956471764649 0.2805976023297977 0.23939955748313052 0.1982015126364633 0.15700346778972585
0.0 0.0 0.0 0.0014338749584578694 0.00440059466839378 0.007367314378329692 0.010334034088265604 0.013300753798201514 0.016267473508142484 0.019234193218078396 0.022200912928014307 0.02516763263795022 0.02813435234788613 0.03110107205782204 0.034067791767757954 0.03560063652066268 0.03560063652066268 0.03560063652066268 0.03560063652066268 0.03560063652066268 0.03560063652066268 0.03560063652066268 0.03560063652066268 0.03560063652066268 0.03560063652066268 0.03560063652066268 0.03560063652066268 0.05162107540373281 0.08476772575165159 0.11791437609957037 0.15106102644748914 0.18420767679540792 0.2173543271433267 0.2505009774912455 0.2836476278392208 0.3167942781871396 0.34994092853505837 0.3830875788829772 0.4162342292308959 0.4163194782147692 0.38106134139579695 0.3458032045768246 0.31054506775785234 0.27528693093888 0.24002879411990774 0.20477065730093547 0.1695125204819632 0.13425438366293074
0.0 0.0 0.0 0.0011739577331413662 0.003602902826992454 0.006031847920843541 0.008460793014694629 0.010889738108545717 0.013318683202400946 0.015747628296252033 0.01817657339010312 0.02060551848395421 0.023034463577805295 0.025463408671656383 0.02789235376550747 0.02914734112738526 0.02914734112738526 0.02914734112738526 0.02914734112738526 0.02914734112738526 0.02914734112738526 0.02914734112738526 0.02914734112738526 0.02914734112738526 0.02914734112738526 0.02914734112738526 0.02914734112738526 0.042481893093304905 0.07007138266887314 0.0976608722444414 0.12525036182000962 0.15283985139557785 0.1804293409711461 0.20801883054671433 0.23560832012232963 0.26319780969789786 0.2907872992734661 0.31837678884903436 0.3459662784246026 0.3460511298664648 0.3167329010751823 0.28741467228389983 0.2580964434926174 0.22877821470133491 0.19945998591005246 0.17014175711876997 0.1408235283274875 0.11150529953615504
0.0 0.0 0.0 0.000914040507824863 0.0028052109855911263 0.00469638146335739 0.0065875519411236535 0.008478722418889917 0.010369892896659407 0.01226106337442567 0.014152233852191934 0.016043404329958197 0.017934574807724462 0.019825745285490724 0.02171691576325699 0.022694045734107843 0.022694045734107843 0.022694045734107843 0.022694045734107843 0.022694045734107843 0.022694045734107843 0.022694045734107843 0.022694045734107843 0.022694045734107843 0.022694045734107843 0.022694045734107843 0.022694045734107843 0.033342710782877004 0.0553750395860947 0.07740736838931239 0.09943969719253008 0.12147202599574777 0.14350435479896548 0.16553668360218318 0.18756901240543844 0.20960134120865612 0.23163367001187382 0.2536659988150915 0.2756983276183092 0.2757827815181603 0.2524044607545677 0.22902613999097504 0.2056478192273824 0.18226949846378976 0.15889117770019712 0.13551285693660448 0.11213453617301183 0.08875621540937934
0.0 0.0 0.0 0.0006541232825083596 0.002007519144189799 0.003360915005871239 0.004714310867552678 0.006067706729234118 0.007421102590917866 0.008774498452599306 0.010127894314280746 0.011481290175962186 0.012834686037643624 0.014188081899325064 0.015541477761006504 0.016240750340830425 0.016240750340830425 0.016240750340830425 0.016240750340830425 0.016240750340830425 0.016240750340830425 0.016240750340830425 0.016240750340830425 0.016240750340830425 0.016240750340830425 0.016240750340830425 0.016240750340830425 0.024203528472449096 0.040678696503316236 0.05715386453418338 0.07362903256505052 0.09010420059591767 0.1065793686267848 0.12305453665765195 0.1395297046885472 0.15600487271941432 0.17248004075028145 0.1889552087811486 0.20543037681201573 0.20551443316985588 0.18807602043395308 0.17063760769805025 0.15319919496214743 0.1357607822262446 0.1183223694903418 0.10088395675443898 0.08344554401853618 0.0660071312826036
0.0 0.0 0.0 0.00039420605719185637 0.0012098273027884722 0.002025448548385088 0.002841069793981704 0.00365669103957832 0.004472312285176327 0.005287933530772943 0.006103554776369559 0.0069191760219661745 0.00773479726756279 0.008550418513159406 0.009366039758756021 0.00978745494755301 0.00978745494755301 0.00978745494755301 0.00978745494755301 0.00978745494755301 0.00978745494755301 0.00978745494755301 0.00978745494755301 0.00978745494755301 0.00978745494755301 0.00978745494755301 0.00978745494755301 0.015064346162021187 0.02598235342053778 0.036900360679054375 0.04781836793757097 0.05873637519608757 0.06965438245460416 0.08057238971312075 0.09149039697165597 0.10240840423017257 0.11332641148868916 0.12424441874720575 0.13516242600572234 0.13524608482155145 0.12374758011333846 0.11224907540512546 0.10075057069691248 0.08925206598869949 0.0777535612804865 0.06625505657227351 0.05475655186406052 0.04325804715582793
