Figures/CREST_Example_wjb_NSE/Rolling_result/20100722/BJP_forecast/ens_49/wjb.rain.20090816.asc
ncols            288
nrows            254
xllcorner        113.274861
yllcorner        31.4918055
cellsize         0.008333333333
NODATA_value     -9999
[rows 48 to 71 of 254, columns 0 to 55 of 288]
-9999.0 -9999.0 -9999.0 -9999.0 -9999.0 -9999.0 -9999.0 -9999.0 -9999.0 -9999.0 -9999.0 -9999.0 -9999.0 -9999.0 -9999.0 -9999.0 -9999.0 -9999.0 -9999.0 15.906662587537689 15.744623048077882 15.582583508618074 15.420543969158265 15.258504429698458 15.09646489023865 14.934425350778842 14.772385811318758 14.688663221895695 14.688663221895695 14.688663221895695 14.688663221895695 14.688663221895695 14.688663221895695 14.688663221895695 14.688663221895695 14.688663221895695 14.688663221895695 14.688663221895695 14.688663221895695 14.294306151036114 13.478372458799901 12.662438766563689 11.846505074327474 11.030571382091262 10.21463768985505 9.398703997618835 8.582770305382624 7.76683661314641 6.950902920910197 6.1349692286739845 5.31903553643777 4.897458914667368 4.897458914667368 4.897458914667368 4.897458914667368 4.897458914667368
-9999.0 -9999.0 -9999.0 -9999.0 -9999.0 -9999.0 -9999.0 -9999.0 -9999.0 -9999.0 -9999.0 -9999.0 -9999.0 -9999.0 -9999.0 -9999.0 -9999.0 -9999.0 -9999.0 16.028631503501202 15.848615526615529 15.668599549729853 15.488583572844178 15.308567595958502 15.128551619072827 14.948535642187151 14.76851966530117 14.675509010169499 14.675509010169499 14.675509010169499 14.675509010169499 14.675509010169499 14.675509010169499 14.675509010169499 14.675509010169499 14.675509010169499 14.675509010169499 14.675509010169499 14.675509010169499 14.280024774757491 13.461758953587934 12.643493132418378 11.82522731124882 11.006961490079263 10.188695668909707 9.370429847740152 8.552164026570594 7.733898205401037 6.91563238423148 6.097366563061923 5.279100741892366 4.856319155739922 4.856319155739922 4.856319155739922 4.856319155739922 4.856319155739922
-9999.0 -9999.0 -9999.0 -9999.0 -9999.0 -9999.0 -9999.0 -9999.0 -9999.0 -9999.0 -9999.0 -9999.0 -9999.0 -9999.0 -9999.0 -9999.0 -9999.0 -9999.0 -9999.0 -9999.0 -9999.0 -9999.0 -9999.0 15.412145130221658 15.194937037804662 14.977728945387666 14.7605208529703 14.648293775545747 14.648293775545747 14.648293775545747 14.648293775545747 14.648293775545747 14.648293775545747 14.648293775545747 14.648293775545747 14.648293775545747 14.648293775545747 14.648293775545747 14.648293775545747 14.250477507748036 13.42738665886759 12.604295809987146 11.781204961106702 10.958114112226257 10.135023263345813 9.311932414465367 8.488841565584924 7.665750716704479 6.842659867824035 6.01956901894359 5.196478170063147 4.77120358858319 4.77120358858319 4.77120358858319 4.77120358858319 4.77120358858319
-9999.0 -9999.0 -9999.0 -9999.0 -9999.0 -9999.0 -9999.0 -9999.0 -9999.0 -9999.0 -9999.0 -9999.0 -9999.0 -9999.0 -9999.0 -9999.0 -9999.0 -9999.0 -9999.0 -9999.0 -9999.0 -9999.0 -9999.0 15.515722664484816 15.261322456536499 15.006922248588182 14.752522040639434 14.621078540921998 14.621078540921998 14.621078540921998 14.621078540921998 14.621078540921998 14.621078540921998 14.621078540921998 14.621078540921998 14.621078540921998 14.621078540921998 14.621078540921998 14.621078540921998 14.220930240738582 13.39301436414725 12.565098487555918 11.737182610964584 10.909266734373253 10.08135085778192 9.253434981190589 8.425519104599257 7.597603228007925 6.769687351416592 5.941771474825261 5.113855598233927 4.686088021426458 4.686088021426458 4.686088021426458 4.686088021426458 4.686088021426458
-9999.0 -9999.0 -9999.0 -9999.0 -9999.0 -9999.0 -9999.0 -9999.0 -9999.0 -9999.0 -9999.0 -9999.0 -9999.0 -9999.0 -9999.0 -9999.0 -9999.0 -9999.0 -9999.0 -9999.0 -9999.0 -9999.0 -9999.0 -9999.0 -9999.0 15.0361155517887 14.744523228308566 14.593863306298248 14.593863306298248 14.593863306298248 14.593863306298248 14.593863306298248 14.593863306298248 14.593863306298248 14.593863306298248 14.593863306298248 14.593863306298248 14.593863306298248 14.593863306298248 14.191382973729128 13.358642069426908 12.525901165124687 11.693160260822467 10.860419356520246 10.027678452218026 9.194937547915806 8.362196643613586 7.529455739311366 6.696714835009146 5.863973930706926 5.031233026404706 4.6009724542697255 4.6009724542697255 4.6009724542697255 4.6009724542697255 4.6009724542697255
-9999.0 -9999.0 -9999.0 -9999.0 -9999.0 -9999.0 -9999.0 -9999.0 -9999.0 -9999.0 -9999.0 -9999.0 -9999.0 -9999.0 -9999.0 -9999.0 -9999.0 -9999.0 -9999.0 -9999.0 -9999.0 -9999.0 -9999.0 -9999.0 -9999.0 15.06530885498924 14.73652441597769 14.566648071674475 14.566648071674475 14.566648071674475 14.566648071674475 14.566648071674475 14.566648071674475 14.566648071674475 14.566648071674475 14.566648071674475 14.566648071674475 14.566648071674475 14.566648071674475 14.161835706719648 13.324269774706536 12.486703842693425 11.649137910680313 10.811571978667201 9.97400604665409 9.136440114640976 8.298874182627864 7.461308250614753 6.623742318601641 5.786176386588529 4.948610454575416 4.51585688711292 4.51585688711292 4.51585688711292 4.51585688711292 4.51585688711292
-9999.0 -9999.0 -9999.0 -9999.0 -9999.0 -9999.0 -9999.0 -9999.0 -9999.0 -9999.0 -9999.0 -9999.0 -9999.0 -9999.0 -9999.0 -9999.0 -9999.0 -9999.0 -9999.0 -9999.0 -9999.0 -9999.0 -9999.0 -9999.0 -9999.0 15.094502158189755 14.728525603646823 14.539432837050724 14.539432837050724 14.539432837050724 14.539432837050724 14.539432837050724 14.539432837050724 14.539432837050724 14.539432837050724 14.539432837050724 14.539432837050724 14.539432837050724 14.539432837050724 14.132288439710193 13.289897479986193 12.447506520262195 11.605115560538195 10.762724600814195 9.920333641090195 9.077942681366196 8.235551721642196 7.393160761918196 6.550769802194196 5.7083788424701964 4.865987882746197 4.430741319956188 4.430741319956188 4.430741319956188 4.430741319956188 4.430741319956188
-9999.0 -9999.0 -9999.0 -9999.0 -9999.0 -9999.0 -9999.0 -9999.0 -9999.0 -9999.0 -9999.0 -9999.0 -9999.0 -9999.0 -9999.0 -9999.0 -9999.0 -9999.0 -9999.0 -9999.0 17.13953881175842 16.736370141684787 16.33320147161116 15.93003280153753 15.5268641314639 15.123695461390271 14.720526791315955 14.512217602426974 14.512217602426974 14.512217602426974 14.512217602426974 14.512217602426974 14.512217602426974 14.512217602426974 14.512217602426974 14.512217602426974 14.512217602426974 14.512217602426974 14.512217602426974 14.102741172700739 13.255525185265851 12.408309197830963 11.561093210396075 10.713877222961187 9.866661235526301 9.019445248091412 8.172229260656525 7.3250132732216375 6.47779728578675 5.630581298351862 4.783365310916974 4.345625752799456 4.345625752799456 4.345625752799456 4.345625752799456 4.345625752799456
-9999.0 -9999.0 -9999.0 -9999.0 -9999.0 -9999.0 -9999.0 -9999.0 -9999.0 -9999.0 -9999.0 -9999.0 -9999.0 -9999.0 -9999.0 -9999.0 -9999.0 -9999.0 -9999.0 17.795053478220485 17.354692692615536 16.914331907010585 16.473971121405636 16.033610335800688 15.593249550195738 15.152888764590788 14.712527978985088 14.485002367803224 14.485002367803224 14.485002367803224 14.485002367803224 14.485002367803224 14.485002367803224 14.485002367803224 14.485002367803224 14.485002367803224 14.485002367803224 14.485002367803224 14.485002367803224 14.073193905691285 13.22115289054551 12.369111875399735 11.517070860253959 10.665029845108183 9.812988829962409 8.960947814816633 8.108906799670859 7.256865784525083 6.404824769379307 5.552783754233532 4.700742739087756 4.260510185642723 4.260510185642723 4.260510185642723 4.260510185642723 4.260510185642723
-9999.0 -9999.0 -9999.0 -9999.0 -9999.0 -9999.0 -9999.0 -9999.0 -9999.0 -9999.0 -9999.0 -9999.0 -9999.0 -9999.0 -9999.0 -9999.0 -9999.0 19.00250527688146 18.524952375745194 18.047399474608923 17.569846573472653 17.092293672336382 16.61474077120011 16.137187870063844 15.659634968927573 15.182082067791303 14.704529166654218 14.457787133179473 14.457787133179473 14.457787133179473 14.457787133179473 14.457787133179473 14.457787133179473 14.457787133179473 14.457787133179473 14.457787133179473 14.457787133179473 14.457787133179473 14.457787133179473 14.04364663868183 13.186780595825166 12.329914552968503 11.473048510111841 10.616182467255177 9.759316424398513 8.90245038154185 8.045584338685188 7.188718295828525 6.331852252971862 5.474986210115199 4.618120167258535 4.175394618485991 4.175394618485991 4.175394618485991 4.175394618485991 4.175394618485991
-9999.0 -9999.0 -9999.0 -9999.0 -9999.0 -9999.0 -9999.0 -9999.0 -9999.0 -9999.0 -9999.0 -9999.0 -9999.0 -9999.0 -9999.0 20.35872553766772 19.84398052100013 19.32923550433254 18.81449048766495 18.29974547099736 17.78500045432977 17.27025543766218 16.75551042099459 16.240765404327 15.72602038765941 15.21127537099182 14.69653035432335 14.430571898555723 14.430571898555723 14.430571898555723 14.430571898555723 14.430571898555723 14.430571898555723 14.430571898555723 14.430571898555723 14.430571898555723 14.430571898555723 14.430571898555723 14.430571898555723 14.014099371672376 13.152408301104824 12.290717230537274 11.429026159969723 10.567335089402171 9.70564401883462 8.84395294826707 7.982261877699518 7.120570807131967 6.258879736564417 5.397188665996865 4.535497595429314 4.090279051329259 4.090279051329259 4.090279051329259 4.090279051329259 4.090279051329259
-9999.0 -9999.0 -9999.0 -9999.0 -9999.0 -9999.0 -9999.0 -9999.0 -9999.0 -9999.0 -9999.0 -9999.0 -9999.0 -9999.0 22.167309215009645 20.759839996181782 20.20790286398284 19.655965731783898 19.104028599584957 18.552091467386013 18.000154335187073 17.44821720298813 16.89628007078919 16.344342938590245 15.792405806391303 15.24046867419236 14.688531541992479 14.40335666393195 14.40335666393195 14.40335666393195 14.40335666393195 14.40335666393195 14.40335666393195 14.40335666393195 14.40335666393195 14.40335666393195 14.40335666393195 14.40335666393195 14.40335666393195 13.984552104662896 13.118036006384454 12.251519908106012 11.385003809827568 10.518487711549126 9.651971613270682 8.78545551499224 7.918939416713797 7.052423318435354 6.185907220156912 5.319391121878468 4.452875023600026 4.005163484172454 4.005163484172454 4.005163484172454 4.005163484172454 4.005163484172454
-9999.0 -9999.0 -9999.0 -9999.0 -9999.0 -9999.0 -9999.0 -9999.0 -9999.0 -9999.0 -9999.0 28.550892605153603 26.530464189266453 24.510035773375858 22.48960735748871 21.160954454695506 20.571825206965244 19.98269595923498 19.393566711504718 18.804437463774455 18.215308216044193 17.62617896831393 17.037049720583667 16.447920472853404 15.85879122512314 15.269661977392877 14.68053272966161 14.3761414293082 14.3761414293082 14.3761414293082 14.3761414293082 14.3761414293082 14.3761414293082 14.3761414293082 14.3761414293082 14.3761414293082 14.3761414293082 14.3761414293082 14.3761414293082 13.955004837653442 13.083663711664112 12.21232258567478 11.34098145968545 10.46964033369612 9.598299207706788 8.726958081717457 7.855616955728127 6.984275829738796 6.112934703749465 5.241593577760135 4.370252451770805 3.920047917015721 3.920047917015721 3.920047917015721 3.920047917015721 3.920047917015721
-9999.0 -9999.0 -9999.0 -9999.0 -9999.0 -9999.0 -9999.0 -9999.0 -9999.0 31.535066740451555 29.668990635224425 27.8029145299973 25.936838424770173 24.07076231953986 22.204686214312733 20.95285966800588 20.357679779950764 19.76249989189565 19.167320003840533 18.57214011578542 17.976960227730306 17.381780339675192 16.786600451620075 16.19142056356496 15.596240675509847 15.001060787454733 14.405880899398603 14.098363354195616 14.098363354195616 14.098363354195616 14.098363354195616 14.098363354195616 14.098363354195616 14.098363354195616 14.098363354195616 14.098363354195616 14.098363354195616 14.098363354195616 14.098363354195616 13.685865680195867 12.83239867007775 11.978931659959631 11.125464649841515 10.271997639723397 9.418530629605279 8.56506361948716 7.7115966093690425 6.858129599250924 6.004662589132806 5.151195579014688 4.297728568896572 3.8567592323663185 3.8567592323663185 3.8567592323663185 3.8567592323663185 3.8567592323663185
-9999.0 -9999.0 -9999.0 -9999.0 -9999.0 -9999.0 -9999.0 -9999.0 -9999.0 30.005584522412462 28.258604806267854 26.511625090123246 24.76464537397864 23.017665657831053 21.270685941686445 20.09355861058145 19.525616355638004 18.957674100694557 18.38973184575111 17.821789590807665 17.25384733586422 16.685905080920772 16.117962825977326 15.55002057103388 14.982078316090433 14.414136061146987 13.846193806202571 13.552749401305132 13.552749401305132 13.552749401305132 13.552749401305132 13.552749401305132 13.552749401305132 13.552749401305132 13.552749401305132 13.552749401305132 13.552749401305132 13.552749401305132 13.552749401305132 13.160617898804096 12.349288957800448 11.537960016796799 10.72663107579315 9.915302134789503 9.103973193785855 8.292644252782205 7.481315311778556 6.669986370774908 5.8586574297712595 5.0473284887676115 4.235999547763962 3.8168021088698003 3.8168021088698003 3.8168021088698003 3.8168021088698003 3.8168021088698003
-9999.0 -9999.0 -9999.0 -9999.0 -9999.0 -9999.0 -9999.0 -9999.0 -9999.0 28.476102304373377 26.84821897731129 25.220335650249204 23.592452323187114 21.964568996122253 20.336685669060163 19.234257553157025 18.693552931325247 18.152848309493468 17.61214368766169 17.07143906582991 16.53073444399813 15.990029822166353 15.449325200334574 14.908620578502795 14.367915956671016 13.827211334839237 13.286506713006535 13.007135448414644 13.007135448414644 13.007135448414644 13.007135448414644 13.007135448414644 13.007135448414644 13.007135448414644 13.007135448414644 13.007135448414644 13.007135448414644 13.007135448414644 13.007135448414644 12.635370117412322 11.866179245523142 11.096988373633963 10.327797501744783 9.558606629855605 8.789415757966426 8.020224886077246 7.251034014188067 6.481843142298888 5.712652270409709 4.94346139852053 4.17427052663135 3.7768449853732826 3.7768449853732826 3.7768449853732826 3.7768449853732826 3.7768449853732826
-9999.0 -9999.0 -9999.0 -9999.0 -9999.0 -9999.0 -9999.0 -9999.0 28.455407024313853 26.946620086334285 25.43783314835472 23.929046210375155 22.420259272395587 20.911472334413446 19.40268539643388 18.3749564957326 17.86148950701249 17.348022518292378 16.834555529572267 16.32108854085216 15.807621552132046 15.294154563411935 14.780687574691823 14.267220585971712 13.753753597251603 13.240286608531491 12.726819619810502 12.461521495524158 12.461521495524158 12.461521495524158 12.461521495524158 12.461521495524158 12.461521495524158 12.461521495524158 12.461521495524158 12.461521495524158 12.461521495524158 12.461521495524158 12.461521495524158 12.110122336020549 11.383069533245838 10.656016730471128 9.928963927696419 9.20191112492171 8.474858322147 7.74780551937229 7.020752716597579 6.29369991382287 5.56664711104816 4.83959430827345 4.11254150549874 3.736887861876765 3.736887861876765 3.736887861876765 3.736887861876765 3.736887861876765
-9999.0 -9999.0 -9999.0 -9999.0 -9999.0 -9999.0 -9999.0 -9999.0 26.806828417192243 25.4171378682952 24.02744731939815 22.637756770501106 21.24806622160406 19.858375672704643 18.468685123807596 17.515655438308173 17.029426082699732 16.54319672709129 16.056967371482845 15.5707380158744 15.084508660265957 14.598279304657515 14.112049949049071 13.62582059344063 13.139591237832185 12.653361882223741 12.16713252661447 11.915907542633672 11.915907542633672 11.915907542633672 11.915907542633672 11.915907542633672 11.915907542633672 11.915907542633672 11.915907542633672 11.915907542633672 11.915907542633672 11.915907542633672 11.915907542633672 11.584874554628776 10.899959820968535 10.215045087308294 9.530130353648055 8.845215619987814 8.160300886327573 7.475386152667333 6.790471419007093 6.105556685346852 5.420641951686612 4.735727218026372 4.050812484366132 3.696930738380247 3.696930738380247 3.696930738380247 3.696930738380247 3.696930738380247
-9999.0 -9999.0 -9999.0 -9999.0 -9999.0 -9999.0 -9999.0 -9999.0 25.15824981006923 23.887655650254807 22.617061490440378 21.346467330625956 20.07587317081153 18.805279010994937 17.534684851180515 16.656354380883016 16.197362658386265 15.738370935889511 15.279379213392758 14.820387490896007 14.361395768399255 13.902404045902502 13.44341232340575 12.984420600908997 12.525428878412246 12.066437155915494 11.607445433417958 11.37029358974272 11.37029358974272 11.37029358974272 11.37029358974272 11.37029358974272 11.37029358974272 11.37029358974272 11.37029358974272 11.37029358974272 11.37029358974272 11.37029358974272 11.37029358974272 11.059626773236554 10.416850108690818 9.774073444145083 9.13129677959935 8.488520115053614 7.845743450507879 7.202966785962143 6.560190121416408 5.917413456870673 5.274636792324938 4.631860127779203 3.9890834632334675 3.6569736148836953 3.6569736148836953 3.6569736148836953 3.6569736148836953 3.6569736148836953
-9999.0 -9999.0 -9999.0 -9999.0 -9999.0 -9999.0 -9999.0 -9999.0 23.509671202947622 22.358173432215715 21.206675661483814 20.055177890751906 18.903680120020002 17.752182349286134 16.60068457855423 15.797053323458591 15.365299234073506 14.933545144688422 14.501791055303338 14.070036965918252 13.638282876533168 13.206528787148084 12.774774697763 12.343020608377916 11.91126651899283 11.479512429607746 11.047758340221925 10.824679636852235 10.824679636852235 10.824679636852235 10.824679636852235 10.824679636852235 10.824679636852235 10.824679636852235 10.824679636852235 10.824679636852235 10.824679636852235 10.824679636852235 10.824679636852235 10.53437899184478 9.933740396413516 9.333101800982249 8.732463205550983 8.131824610119718 7.531186014688452 6.930547419257186 6.329908823825921 5.729270228394655 5.128631632963389 4.527993037532124 3.9273544421008575 3.6170164913871776 3.6170164913871776 3.6170164913871776 3.6170164913871776 3.6170164913871776
-9999.0 -9999.0 -9999.0 -9999.0 -9999.0 -9999.0 -9999.0 22.893493977475394 21.861092595826012 20.828691214176626 19.796289832527243 18.763888450877857 17.73148706922847 16.69908568757733 15.666684305927944 14.937752266034163 14.533235809760747 14.12871935348733 13.724202897213914 13.319686440940497 12.91516998466708 12.510653528393664 12.106137072120248 11.701620615846831 11.297104159573415 10.892587703299998 10.488071247025891 10.279065683961749 10.279065683961749 10.279065683961749 10.279065683961749 10.279065683961749 10.279065683961749 10.279065683961749 10.279065683961749 10.279065683961749 10.279065683961749 10.279065683961749 10.279065683961749 10.009131210453008 9.450630684136211 8.892130157819414 8.333629631502617 7.7751291051858225 7.216628578869026 6.658128052552229 6.099627526235433 5.541126999918636 4.98262647360184 4.424125947285043 3.8656254209682475 3.5770593678906595 3.5770593678906595 3.5770593678906595 3.5770593678906595 3.5770593678906595
-9999.0 -9999.0 -9999.0 -9999.0 -9999.0 -9999.0 -9999.0 21.12581898127127 20.212513988704405 19.29920899613754 18.385904003570676 17.472599011003812 16.559294018436947 15.645989025868525 14.73268403330166 14.078451208609739 13.70117238544799 13.32389356228624 12.946614739124492 12.569335915962743 12.192057092800994 11.814778269639245 11.437499446477498 11.060220623315749 10.682941800154 10.30566297699225 9.928384153829859 9.733451731071263 9.733451731071263 9.733451731071263 9.733451731071263 9.733451731071263 9.733451731071263 9.733451731071263 9.733451731071263 9.733451731071263 9.733451731071263 9.733451731071263 9.733451731071263 9.483883429061235 8.967520971858907 8.45115851465658 7.934796057454253 7.418433600251927 6.902071143049599 6.385708685847272 5.869346228644945 5.352983771442618 4.836621314240291 4.320258857037964 3.8038963998356374 3.537102244394142 3.537102244394142 3.537102244394142 3.537102244394142 3.537102244394142
-9999.0 -9999.0 -9999.0 -9999.0 -9999.0 -9999.0 -9999.0 19.35814398506714 18.563935381582795 17.769726778098452 16.97551817461411 16.181309571129763 15.38710096764542 14.59289236415972 13.798683760675377 13.219150151185312 12.86910896113523 12.519067771085151 12.16902658103507 11.818985390984988 11.468944200934907 11.118903010884825 10.768861820834744 10.418820630784662 10.068779440734582 9.7187382506845 9.368697060633822 9.187837778180775 9.187837778180775 9.187837778180775 9.187837778180775 9.187837778180775 9.187837778180775 9.187837778180775 9.187837778180775 9.187837778180775 9.187837778180775 9.187837778180775 9.187837778180775 8.958635647669459 8.484411259581602 8.010186871493744 7.535962483405887 7.061738095318029 6.587513707230173 6.113289319142314 5.639064931054457 5.1648405429666 4.690616154878742 4.216391766790885 3.7421673787030274 3.497145120897624 3.497145120897624 3.497145120897624 3.497145120897624 3.497145120897624
-9999.0 -9999.0 -9999.0 -9999.0 -9999.0 -9999.0 18.265581203264837 17.590468988863012 16.915356774461188 16.240244560059367 15.56513234565754 14.890020131255717 14.214907916853893 13.539795702450917 12.864683488049092 12.359849093760888 12.037045536822474 11.71424197988406 11.391438422945647 11.068634866007233 10.74583130906882 10.423027752130407 10.100224195191993 9.77742063825358 9.454617081315167 9.131813524376753 8.80900996743779 8.642223825290289 8.642223825290289 8.642223825290289 8.642223825290289 8.642223825290289 8.642223825290289 8.642223825290289 8.642223825290289 8.642223825290289 8.642223825290289 8.642223825290289 8.642223825290289 8.433387866277686 8.001301547304298 7.56921522833091 7.137128909357522 6.705042590384134 6.272956271410746 5.840869952437358 5.40878363346397 4.976697314490582 4.544610995517194 4.1125246765438055 3.6804383575704174 3.4571879974011064 3.4571879974011064 3.4571879974011064 3.4571879974011064 3.4571879974011064
