Figures/CREST_Example_wjb_NSE/Rolling_result/20100722/BJP_forecast/ens_49/wjb.rain.20100725.asc
ncols            288
nrows            254
xllcorner        113.274861
yllcorner        31.4918055
cellsize         0.008333333333
NODATA_value     -9999
[rows 160 to 179 of 254, columns 45 to 89 of 288]
7.752758815645015 7.313587593492105 6.874416371339196 6.435245149186287 5.996073927033379 5.55690270488047 5.354429385943304 5.404991475500268 5.455553565057147 5.5061156546140255 5.556677744170903 5.607239833727782 5.65780192328466 5.708364012841538 5.758926102398417 5.809488191955295 5.860050281512174 5.9106123710690515 5.952191835414967 5.984168670362451 6.01614550530999 6.048122340257475 6.080099175204959 6.112076010152443 6.144052845099927 6.176029680047412 6.208006514994897 6.2399833499423805 6.271960184889865 6.303937019837349 6.349790819059114 6.4104794068007385 6.471167994542363 6.531856582284091 6.592545170025715 6.653233757767339 6.713922345508963 6.774610933250587 6.835299520992212 6.895988108733836 6.95667669647546 7.017365284217084 7.026526791890906 6.980604686015674 6.934682580140442
7.7378984101768005 7.302595718603185 6.86729302702957 6.4319903354559536 5.996687643882337 5.561384952308722 5.3733194412626935 5.449556064370864 5.525792687478903 5.602029310586943 5.678265933694983 5.754502556803023 5.830739179911062 5.906975803019103 5.983212426127142 6.059449049235182 6.135685672343222 6.211922295451262 6.250377407302864 6.248443229588491 6.246509051874115 6.244574874159743 6.2426406964453705 6.240706518730997 6.238772341016625 6.236838163302252 6.23490398558788 6.2329698078735065 6.231035630159134 6.229101452444762 6.260970702084352 6.328976579745094 6.396982457405835 6.4649883350666935 6.532994212727435 6.601000090388177 6.669005968048918 6.7370118457096595 6.805017723370401 6.873023601031143 6.941029478691885 7.009035356352626 7.016456227764244 6.959110357751691 6.90176448773914
7.723038004708588 7.291603843714265 6.860169682719942 6.42873552172562 5.997301360731297 5.565867199736974 5.392209496582083 5.494120653241459 5.596031809900659 5.697942966559861 5.799854123219062 5.901765279878264 6.003676436537465 6.105587593196667 6.207498749855867 6.309409906515069 6.41132106317427 6.513232219833472 6.548562979190761 6.512717788814531 6.4768725984382405 6.441027408062011 6.405182217685781 6.369337027309552 6.333491836933322 6.297646646557093 6.261801456180863 6.2259562658046335 6.190111075428404 6.154265885052174 6.17215058510959 6.24747375268945 6.322796920269309 6.398120087849296 6.473443255429156 6.548766423009014 6.6240895905888735 6.699412758168733 6.774735925748592 6.850059093328451 6.92538226090831 7.000705428488169 7.006385663637581 6.937616029487709 6.868846395337838
7.708177599240361 7.280611968825335 6.853046338410309 6.425480707995282 5.997915077580256 5.5703494471652295 5.411099551901489 5.538685242112091 5.666270932322476 5.793856622532861 5.921442312743245 6.049028002953631 6.176613693164016 6.3041993833744 6.431785073584785 6.55937076379517 6.686956454005555 6.81454214421594 6.846748551078914 6.776992348040798 6.707236145002564 6.637479941964448 6.5677237389263325 6.4979675358882165 6.4282113328501005 6.358455129811985 6.28869892677387 6.218942723735754 6.149186520697638 6.079430317659523 6.083330468134753 6.1659709256337365 6.248611383132719 6.331251840631842 6.4138922981308255 6.496532755629808 6.579173213128791 6.661813670627773 6.7444541281267565 6.827094585625739 6.909735043124722 6.992375500623704 6.996315099510911 6.916121701223709 6.835928302936507
7.693317193772149 7.269620093936415 6.845922994100682 6.422225894264948 5.998528794429214 5.574831694593481 5.429989607220879 5.583249830982687 5.736510054744233 5.889770278505779 6.043030502267325 6.196290726028872 6.349550949790419 6.502811173551965 6.656071397313511 6.809331621075058 6.962591844836604 7.115852068598151 7.144934122966811 7.041266907266839 6.93759969156669 6.833932475866717 6.730265260166744 6.626598044466772 6.522930828766799 6.419263613066827 6.315596397366853 6.211929181666881 6.108261965966909 6.004594750266936 5.994510351159993 6.084468098578093 6.1744258459961925 6.264383593414446 6.354341340832546 6.444299088250646 6.534256835668746 6.624214583086847 6.7141723305049466 6.8041300779230465 6.894087825341146 6.984045572759246 6.986244535384247 6.894627372959726 6.803010210535204
7.678456788303935 7.258628219047495 6.838799649791055 6.4189710805346145 5.9991425112781736 5.5793139420217335 5.448879662540269 5.627814419853282 5.806749177165989 5.985683934478697 6.164618691791405 6.343553449104113 6.522488206416821 6.701422963729529 6.880357721042237 7.059292478354944 7.238227235667653 7.417161992980361 7.443119694854708 7.305541466492879 7.167963238130815 7.0303850097689855 6.892806781407156 6.755228553045326 6.617650324683496 6.480072096321667 6.3424938679598375 6.204915639598008 6.067337411236178 5.929759182874348 5.90569023418523 6.002965271522448 6.100240308859665 6.197515346197049 6.2947903835342665 6.392065420871484 6.4893404582087015 6.586615495545919 6.683890532883137 6.781165570220354 6.878440607557572 6.975715644894789 6.976173971257586 6.873133044695744 6.770092118133903
7.663596382835722 7.2476363441585745 6.831676305481427 6.41571626680428 5.999756228127133 5.583796189449985 5.467769717859658 5.672379008723876 5.876988299587746 6.081597590451615 6.2862068813154846 6.490816172179354 6.6954254630432235 6.900034753907093 7.1046440447709625 7.309253335634832 7.513862626498701 7.718471917362571 7.741305266742605 7.569816025718919 7.39832678469494 7.2268375436712535 7.055348302647567 6.88385906162388 6.712369820600194 6.540880579576507 6.36939133855282 6.197902097529134 6.026412856505447 5.85492361548176 5.816870117210469 5.921462444466804 6.026054771723138 6.130647098979652 6.235239426235987 6.339831753492322 6.444424080748657 6.5490164080049915 6.653608735261327 6.758201062517662 6.862793389773997 6.967385717030332 6.966103407130922 6.851638716431761 6.7371740257326
7.648735977367508 7.236644469269654 6.8245529611718 6.412461453073945 6.000369944976091 5.5882784368782366 5.486659773179047 5.716943597594471 5.947227422009503 6.177511246424533 6.407795070839565 6.638078895254596 6.868362719669626 7.098646544084658 7.328930368499688 7.55921419291472 7.78949801732975 8.01978184174478 8.039490838630504 7.83409058494496 7.628690331259066 7.423290077573522 7.217889823887979 7.012489570202435 6.807089316516892 6.601689062831348 6.396288809145805 6.190888555460261 5.985488301774717 5.780088048089174 5.728050000235707 5.83995961741116 5.951869234586613 6.0637788517622555 6.175688468937708 6.28759808611316 6.399507703288613 6.511417320464065 6.623326937639518 6.7352365548149695 6.847146171990422 6.959055789165875 6.956032843004261 6.8301443881677795 6.704255933331297
7.633875571899296 7.225652594380735 6.817429616862173 6.409206639343612 6.0009836618250505 5.59276068430649 5.505549828498437 5.761508186465067 6.017466544431259 6.273424902397451 6.529383260363645 6.785341618329837 7.041299976296029 7.297258334262223 7.553216692228414 7.809175050194607 8.0651334081608 8.321091766126992 8.337676410518402 8.098365144171002 7.859053877823192 7.619742611475791 7.3804313451283905 7.14112007878099 6.90180881243359 6.662497546086189 6.423186279738788 6.183875013391387 5.944563747043986 5.705252480696586 5.6392298832609455 5.758456790355515 5.8776836974500855 5.996910604544858 6.116137511639428 6.235364418733998 6.354591325828568 6.473818232923137 6.593045140017708 6.712272047112277 6.831498954206847 6.950725861301416 6.945962278877598 6.808650059903797 6.671337840929995
7.851919553155284 7.851919553155284 7.851919553155284 7.851919553155284 7.851919553155284 7.851919553155284 7.851919553155284 7.851919553155284 7.851919553155284 7.851919553155284 7.851919553155284 7.851919553155284 7.851919553155284 7.851919553155284 7.851919553155284 7.851919553155284 7.851919553155284 7.851919553155284 8.610195236138509 8.3539327325647 8.097670228990454 7.841407725416646 7.585145221842836 7.3288827182690275 7.072620214695219 6.81635771112141 6.560095207547601 6.303832703973792 6.047570200399983 5.791307696826173 5.715285603096839 5.8319445821098475 5.948603561122857 6.0652625401360645 6.181921519149073 6.298580498162082 6.415239477175091 6.5318984561881 6.648557435201108 6.765216414214118 6.881875393227126 6.998534372240135 6.991279070356862 6.85155660066361 6.711834130970359
7.851919553155284 7.851919553155284 7.851919553155284 7.851919553155284 7.851919553155284 7.851919553155284 7.851919553155284 7.851919553155284 7.851919553155284 7.851919553155284 7.851919553155284 7.851919553155284 7.851919553155284 7.851919553155284 7.851919553155284 7.851919553155284 7.851919553155284 7.851919553155284 8.85527792788575 8.60019311797726 8.345108308068337 8.09002349815985 7.834938688251361 7.579853878342872 7.324769068434383 7.0696842585258945 6.814599448617407 6.559514638708918 6.30442982880043 6.049345018891941 5.967583199638966 6.07110757563617 6.174631951633375 6.278156327630756 6.3816807036279615 6.485205079625166 6.588729455622371 6.692253831619575 6.795778207616779 6.899302583613984 7.002826959611189 7.106351335608394 7.09580145367186 6.963303610941724 6.830805768211588
7.851919553155284 7.851919553155284 7.851919553155284 7.851919553155284 7.851919553155284 7.851919553155284 7.851919553155284 7.851919553155284 7.851919553155284 7.851919553155284 7.851919553155284 7.851919553155284 7.851919553155284 7.851919553155284 7.851919553155284 7.851919553155284 7.851919553155284 7.851919553155284 9.100360619632783 8.846453503389613 8.592546387146012 8.338639270902842 8.084732154659672 7.830825038416504 7.576917922173335 7.323010805930165 7.069103689686996 6.815196573443826 6.561289457200657 6.3073823409574885 6.219880796180878 6.31027056916229 6.400660342143701 6.491050115125267 6.5814398881066785 6.671829661088091 6.762219434069502 6.8526092070509135 6.942998980032325 7.033388753013737 7.1237785259951485 7.21416829897656 7.200323836986769 7.075050621219742 6.949777405452716
7.851919553155284 7.851919553155284 7.851919553155284 7.851919553155284 7.851919553155284 7.851919553155284 7.851919553155284 7.851919553155284 7.851919553155284 7.851919553155284 7.851919553155284 7.851919553155284 7.851919553155284 7.851919553155284 7.851919553155284 7.851919553155284 7.851919553155284 7.851919553155284 9.345443311379817 9.092713888801967 8.839984466223687 8.587255043645836 8.334525621067986 8.081796198490135 7.8290667759122865 7.576337353334436 7.323607930756586 7.070878508178736 6.818149085600886 6.565419663023036 6.472178392722791 6.549433562688409 6.626688732654029 6.703943902619779 6.781199072585397 6.858454242551016 6.935709412516634 7.012964582482253 7.090219752447871 7.16747492241349 7.244730092379109 7.321985262344728 7.304846220301679 7.186797631497762 7.068749042693844
7.851919553155284 7.851919553155284 7.851919553155284 7.851919553155284 7.851919553155284 7.851919553155284 7.851919553155284 7.851919553155284 7.851919553155284 7.851919553155284 7.851919553155284 7.851919553155284 7.851919553155284 7.851919553155284 7.851919553155284 7.851919553155284 7.851919553155284 7.851919553155284 9.590526003126849 9.338974274214317 9.087422545301358 8.835870816388828 8.584319087476297 8.332767358563768 8.081215629651236 7.829663900738706 7.5781121718261755 7.326560442913644 7.075008714001114 6.823456985088583 6.724475989264703 6.788596556214529 6.852717123164354 6.916837690114289 6.980958257064115 7.045078824013941 7.1091993909637665 7.173319957913591 7.237440524863417 7.301561091813243 7.3656816587630685 7.429802225712894 7.409368603616588 7.29854464177578 7.187720679934972
7.851919553155284 7.851919553155284 7.851919553155284 7.851919553155284 7.851919553155284 7.851919553155284 7.851919553155284 7.851919553155284 7.851919553155284 7.851919553155284 7.851919553155284 7.851919553155284 7.851919553155284 7.851919553155284 7.851919553155284 7.851919553155284 7.851919553155284 7.851919553155284 9.83560869487388 9.58523465962667 9.334860624379031 9.08448658913182 8.834112553884609 8.583738518637398 8.333364483390186 8.082990448142976 7.832616412895764 7.582242377648553 7.331868342401341 7.081494307154131 6.976773585806615 7.027759549740648 7.07874551367468 7.1297314776088 7.180717441542832 7.231703405476865 7.282689369410898 7.333675333344931 7.384661297278963 7.435647261212996 7.4866332251470284 7.53761918908106 7.513890986931497 7.4102916520537985 7.3066923171761005
7.851919553155284 7.851919553155284 7.851919553155284 7.851919553155284 7.851919553155284 7.851919553155284 7.851919553155284 7.851919553155284 7.851919553155284 7.851919553155284 7.851919553155284 7.851919553155284 7.851919553155284 7.851919553155284 7.851919553155284 7.851919553155284 7.851919553155284 7.851919553155284 10.080691386620913 9.831495045039022 9.582298703456704 9.333102361874813 9.083906020292922 8.834709678711029 8.585513337129138 8.336316995547245 8.087120653965354 7.837924312383461 7.588727970801569 7.339531629219678 7.229071182348528 7.266922543266767 7.304773904185007 7.342625265103311 7.380476626021551 7.41832798693979 7.45617934785803 7.494030708776269 7.531882069694509 7.569733430612748 7.607584791530988 7.6454361524492285 7.618413370246407 7.522038662331818 7.425663954417229
7.851919553155284 7.851919553155284 7.851919553155284 7.851919553155284 7.851919553155284 7.851919553155284 7.851919553155284 7.851919553155284 7.851919553155284 7.851919553155284 7.851919553155284 7.851919553155284 7.851919553155284 7.851919553155284 7.851919553155284 7.851919553155284 7.851919553155284 7.851919553155284 10.325774078368156 10.077755430451584 9.829736782534589 9.581718134618018 9.333699486701446 9.085680838784874 8.837662190868304 8.589643542951732 8.34162489503516 8.09360624711859 7.845587599202018 7.597568951285446 7.481368778890655 7.5060855367930905 7.530802294695526 7.555519052598004 7.580235810500439 7.604952568402874 7.62966932630531 7.654386084207745 7.67910284211018 7.703819600012616 7.7285363579150514 7.753253115817486 7.722935753561405 7.633785672609932 7.544635591658458
7.851919553155284 7.851919553155284 7.851919553155284 7.851919553155284 7.851919553155284 7.851919553155284 7.851919553155284 7.851919553155284 7.851919553155284 7.851919553155284 7.851919553155284 7.851919553155284 7.851919553155284 7.851919553155284 7.851919553155284 7.851919553155284 7.851919553155284 7.851919553155284 10.570856770115187 10.324015815863936 10.077174861612262 9.83033390736101 9.583492953109758 9.336651998858505 9.089811044607254 8.842970090356001 8.59612913610475 8.349288181853497 8.102447227602244 7.855606273350993 7.733666375432567 7.74524853031921 7.756830685205852 7.768412840092514 7.779994994979156 7.791577149865799 7.803159304752441 7.814741459639084 7.826323614525726 7.837905769412369 7.8494879242990105 7.861070079185653 7.827458136876314 7.7455326828879505 7.663607228899586
7.851919553155284 7.851919553155284 7.851919553155284 7.851919553155284 7.851919553155284 7.851919553155284 7.851919553155284 7.851919553155284 7.851919553155284 7.851919553155284 7.851919553155284 7.851919553155284 7.851919553155284 7.851919553155284 7.851919553155284 7.851919553155284 7.851919553155284 7.851919553155284 10.815939461862222 10.570276201276288 10.324612940689937 10.078949680104003 9.833286419518071 9.587623158932137 9.341959898346206 9.096296637760272 8.85063337717434 8.604970116588406 8.359306856002474 8.11364359541654 7.98596397197448 7.9844115238453295 7.982859075716179 7.981306627587025 7.979754179457875 7.978201731328724 7.976649283199573 7.975096835070422 7.973544386941271 7.971991938812121 7.9704394906829705 7.96888704255382 7.931980520191224 7.857279693165968 7.782578866140714
7.851919553155284 7.851919553155284 7.851919553155284 7.851919553155284 7.851919553155284 7.851919553155284 7.851919553155284 7.851919553155284 7.851919553155284 7.851919553155284 7.851919553155284 7.851919553155284 7.851919553155284 7.851919553155284 7.851919553155284 7.851919553155284 7.851919553155284 7.851919553155284 11.061022153609253 10.816536586688638 10.572051019767608 10.327565452846995 10.08307988592638 9.838594319005768 9.594108752085155 9.34962318516454 9.105137618243928 8.860652051323314 8.6161664844027 8.371680917482088 8.238261568516391 8.223574517371448 8.208887466226503 8.194200415081536 8.179513363936593 8.164826312791648 8.150139261646705 8.13545221050176 8.120765159356818 8.106078108211875 8.09139105706693 8.076704005921988 8.036502903506133 7.969026703443988 7.901550503381842
