Figures/CREST_Example_wjb_NSE/Rolling_result/20100722/BJP_forecast/ens_49/wjb.rain.20100726.asc
ncols            288
nrows            254
xllcorner        113.274861
yllcorner        31.4918055
cellsize         0.008333333333
NODATA_value     -9999
[rows 160 to 179 of 254, columns 135 to 179 of 288]
15.372396853876127 15.889903769657693 16.40741068543926 16.924917601220823 17.44242451700239 17.959931432783954 18.47743834856552 18.994945264347088 19.512452180129536 20.0299590959111 20.547466011692666 21.06497292747423 21.616714564911256 22.205053894149682 22.793393223388108 23.38173255262653 23.970071881864957 24.558411211103383 25.14675054034181 25.735089869580236 26.32342919881866 26.91176852805809 27.500107857296513 28.08844718653494 27.873299277406332 26.799205334818378 25.72511139223042 24.651017449642467 23.57692350705451 22.502829564466552 21.428735621878598 20.35464167929064 19.280547736702687 18.20645379411473 17.132359851524942 16.05826590893699 15.386651054912058 15.145295451849082 14.903939848786106 14.662584245723128 14.421228642660152 14.179873039597176 13.9385174365342 13.697161833471222 13.455806230408246
15.241363423686947 15.756212495711157 16.271061567735366 16.785910639759578 17.300759711783787 17.815608783808 18.330457855832208 18.84530692785642 19.360155999881506 19.87500507190572 20.389854143929927 20.904703215954136 21.432794534402536 21.975042113803433 22.517289693204326 23.05953727260522 23.601784852006112 24.144032431407005 24.6862800108079 25.228527590208795 25.77077516960969 26.31302274901151 26.855270328412402 27.397517907813295 27.180281066217585 26.15113819831707 25.121995330416556 24.092852462516042 23.063709594615528 22.034566726715013 21.005423858814495 19.97628099091398 18.947138123013467 17.91799525511295 16.888852387210683 15.859709519310167 15.230326820837044 15.028296787259748 14.82626675368245 14.624236720105152 14.422206686527856 14.220176652950558 14.01814661937326 13.816116585795964 13.614086552218666
15.110329993497768 15.622521221764622 16.134712450031476 16.646903678298333 17.159094906565187 17.67128613483204 18.183477363098895 18.695668591365752 19.20785981963348 19.720051047900334 20.232242276167188 20.744433504434042 21.248874503893816 21.74503033345718 22.24118616302054 22.737341992583904 23.233497822147264 23.729653651710628 24.22580948127399 24.72196531083735 25.21812114040071 25.71427696996492 26.210432799528284 26.706588629091645 26.48726285502884 25.503071061815763 24.51887926860269 23.534687475389617 22.550495682176543 21.566303888963468 20.582112095750396 19.59792030253732 18.613728509324247 17.629536716111176 16.64534492289642 15.661153129683347 15.074002586762033 14.911298122670415 14.748593658578795 14.585889194487176 14.423184730395558 14.26048026630394 14.097775802212322 13.935071338120704 13.772366874029085
14.979296563308477 15.488829947817974 15.998363332327472 16.507896716836967 17.017430101346463 17.526963485855962 18.036496870365458 18.546030254874957 19.05556363938532 19.56509702389482 20.074630408404314 20.584163792913813 21.06495447338494 21.515018553110732 21.965082632836523 22.415146712562315 22.865210792288106 23.315274872013894 23.765338951739686 24.215403031465478 24.66546711119127 25.115531190917828 25.56559527064362 26.01565935036941 25.794244643839498 24.855003925313905 23.915763206788313 22.976522488262717 22.03728176973712 21.098041051211528 20.158800332685935 19.21955961416034 18.280318895634746 17.34107817710915 16.401837458581955 15.46259674005636 14.917678352686886 14.79429945808098 14.670920563475075 14.547541668869169 14.424162774263262 14.300783879657356 14.177404985051451 14.054026090445545 13.930647195839638
14.848263133119298 15.355138673871439 15.86201421462358 16.368889755375722 16.875765296127863 17.382640836880004 17.889516377632148 18.39639191838429 18.903267459137293 19.410142999889437 19.91701854064158 20.42389408139372 20.88103444287622 21.28500677276448 21.68897910265274 22.092951432541 22.496923762429258 22.900896092317517 23.304868422205775 23.708840752094037 24.112813081982296 24.516785411871243 24.920757741759502 25.32473007164776 25.10122643265075 24.206936788812598 23.312647144974445 22.418357501136292 21.52406785729814 20.629778213459986 19.735488569621833 18.84119892578368 17.946909281945526 17.052619638107373 16.158329994267696 15.264040350429543 14.761354118611873 14.677300793491646 14.59324746837142 14.509194143251193 14.425140818130966 14.34108749301074 14.257034167890513 14.172980842770286 14.08892751765006
14.71722970293012 15.221447399924905 15.725665096919691 16.229882793914477 16.734100490909263 17.23831818790405 17.742535884898835 18.24675358189362 18.750971278889267 19.255188975884053 19.75940667287884 20.263624369873625 20.6971144123675 21.05499499241823 21.41287557246896 21.770756152519684 22.128636732570413 22.48651731262114 22.844397892671868 23.202278472722597 23.560159052773322 23.918039632824662 24.275920212875388 24.633800792926117 24.408208221462004 23.558869652311294 22.70953108316058 21.860192514009867 21.010853944859157 20.161515375708444 19.312176806557733 18.46283823740702 17.61349966825631 16.764161099105596 15.914822529953435 15.065483960802723 14.605029884536862 14.560302128902313 14.515574373267764 14.470846617633217 14.426118861998669 14.381391106364122 14.336663350729573 14.291935595095024 14.247207839460478
14.58619627274094 15.08775612597837 15.589315979215801 16.090875832453232 16.592435685690663 17.09399553892809 17.595555392165522 18.097115245402954 18.598675098641237 19.10023495187867 19.6017948051161 20.10335465835353 20.51319438185878 20.82498321207198 21.136772042285177 21.448560872498373 21.76034970271157 22.072138532924765 22.38392736313796 22.695716193351156 23.007505023564352 23.319293853778078 23.631082683991274 23.94287151420447 23.715190010273258 22.910802515809987 22.106415021346717 21.302027526883446 20.497640032420176 19.6932525379569 18.88886504349363 18.08447754903036 17.28009005456709 16.47570256010382 15.671315065639176 14.866927571175905 14.448705650461848 14.44330346431298 14.43790127816411 14.432499092015242 14.427096905866373 14.421694719717504 14.416292533568635 14.410890347419766 14.405488161270897
14.455162842551761 14.954064852031836 15.45296686151191 15.951868870991985 16.45077088047206 16.949672889952137 17.44857489943221 17.947476908912286 18.44637891839321 18.945280927873284 19.44418293735336 19.943084946833437 20.329274351350065 20.594971431725728 20.86066851210139 21.126365592477057 21.39206267285272 21.657759753228383 21.92345683360405 22.189153913979712 22.454850994355375 22.720548074731493 22.98624515510716 23.251942235482822 23.02217179908451 22.26273537930868 21.50329895953285 20.74386253975702 19.98442611998119 19.224989700205363 18.465553280429532 17.7061168606537 16.94668044087787 16.187244021102043 15.427807601324917 14.668371181549087 14.292381416386835 14.326304799723646 14.360228183060455 14.394151566397266 14.428074949734077 14.461998333070886 14.495921716407697 14.529845099744506 14.563768483081317
14.324129412362582 14.820373578085302 15.316617743808022 15.81286190953074 16.30910607525346 16.80535024097618 17.3015944066989 17.797838572421618 18.294082738145185 18.790326903867903 19.28657106959062 19.782815235313343 20.145354320841346 20.36495965137948 20.58456498191761 20.804170312455742 21.023775642993876 21.24338097353201 21.46298630407014 21.682591634608272 21.902196965146405 22.121802295684912 22.341407626223045 22.56101295676118 22.329153587895764 21.614668242807376 20.900182897718988 20.185697552630597 19.47121220754221 18.75672686245382 18.042241517365433 17.32775617227704 16.613270827188654 15.898785482100266 15.184300137010657 14.469814791922268 14.136057182311822 14.209306135134312 14.282555087956801 14.35580404077929 14.429052993601779 14.502301946424268 14.575550899246757 14.648799852069246 14.722048804891736
14.969340166912279 15.395767407348881 15.822194647785482 16.248621888222083 16.675049128658685 17.101476369095288 17.52790360953189 17.954330849968493 18.38075809040582 18.807185330842422 19.233612571279025 19.660039811715627 19.971508483494922 20.1600838451433 20.348659206791677 20.537234568440052 20.725809930088428 20.914385291736803 21.10296065338518 21.291536015033554 21.48011137668193 21.668686738330628 21.857262099979003 22.04583746162738 21.81184929077687 21.126131144896323 20.44041299901578 19.754694853135238 19.068976707254695 18.38325856137415 17.697540415493606 17.011822269613063 16.32610412373252 15.640385977851976 14.954667831970262 14.26894968608972 13.964448239244442 14.067476067936703 14.170503896628965 14.273531725321225 14.376559554013488 14.479587382705748 14.582615211398009 14.685643040090271 14.788670868782532
16.444307024885624 16.72912851521216 17.0139500055387 17.298771495865235 17.583592986191775 17.86841447651831 18.15323596684485 18.438057457171386 18.72287894749841 19.007700437824948 19.292521928151483 19.577343418478023 19.808431323618432 19.982076810800333 20.15572229798223 20.32936778516413 20.50301327234603 20.676658759527932 20.85030424670983 21.02394973389173 21.19759522107363 21.371240708255826 21.544886195437723 21.718531682619624 21.482372091782423 20.808121602362448 20.133871112942472 19.459620623522497 18.78537013410252 18.11111964468255 17.436869155262574 16.7626186658426 16.088368176422623 15.414117687002648 14.739867197581525 14.06561670816155 13.77650090572607 13.899102796582538 14.021704687439005 14.144306578295472 14.26690846915194 14.389510360008407 14.512112250864874 14.634714141721341 14.757316032577808
17.919273882857713 18.062489623074306 18.2057053632909 18.348921103507493 18.492136843724087 18.635352583940684 18.778568324157277 18.92178406437387 19.06499980459071 19.208215544807302 19.351431285023896 19.49464702524049 19.64535416374208 19.804069776457517 19.962785389172954 20.12150100188839 20.280216614603823 20.43893222731926 20.597647840034696 20.75636345275013 20.915079065465566 21.073794678181272 21.23251029089671 21.391225903612142 21.152894892788254 20.49011205982884 19.827329226869423 19.16454639391001 18.50176356095059 17.838980727991174 17.17619789503176 16.513415062072344 15.850632229112929 15.187849396153512 14.525066563192965 13.86228373023355 13.588553572207859 13.730729525228515 13.872905478249173 14.015081431269829 14.157257384290485 14.299433337311141 14.4416092903318 14.583785243352455 14.725961196373111
19.394240740829794 19.395850730936445 19.397460721043096 19.399070711149747 19.400680701256398 19.40229069136305 19.4039006814697 19.40551067157635 19.407120661683003 19.408730651789654 19.410340641896305 19.411950632002956 19.48227700386573 19.6260627421147 19.769848480363674 19.913634218612643 20.057419956861615 20.201205695110588 20.34499143335956 20.488777171608533 20.632562909857505 20.776348648106723 20.92013438635569 21.063920124604664 20.823417693794088 20.172102517295233 19.520787340796375 18.86947216429752 18.21815698779866 17.566841811299803 16.915526634800948 16.26421145830209 15.612896281803234 14.961581105304376 14.310265928804409 13.658950752305552 13.40060623868965 13.562356253874494 13.724106269059341 13.885856284244186 14.047606299429033 14.209356314613878 14.371106329798724 14.53285634498357 14.694606360168414
20.869207598801886 20.72921183879859 20.5892160787953 20.449220318792005 20.309224558788713 20.16922879878542 20.029233038782127 19.889237278778836 19.749241518775303 19.609245758772012 19.469249998768717 19.329254238765426 19.319199843989377 19.448055707771886 19.576911571554394 19.705767435336902 19.83462329911941 19.96347916290192 20.092335026684427 20.221190890466936 20.350046754249444 20.478902618032173 20.607758481814678 20.736614345597186 20.493940494799922 19.854092974761624 19.214245454723326 18.57439793468503 17.93455041464673 17.294702894608434 16.654855374570136 16.015007854531838 15.37516033449354 14.735312814455241 14.095465294415852 13.455617774377554 13.212658905171438 13.393982982520473 13.575307059869507 13.756631137218543 13.937955214567578 14.119279291916612 14.300603369265648 14.481927446614684 14.663251523963718
22.344174456773967 22.062572946660733 21.780971436547496 21.49936992643426 21.217768416321025 20.936166906207788 20.654565396094554 20.372963885981317 20.0913623758676 19.809760865754363 19.52815935564113 19.246557845527892 19.15612268411303 19.270048673429073 19.383974662745118 19.497900652061162 19.611826641377206 19.72575263069325 19.839678620009295 19.95360460932534 20.067530598641383 20.18145658795762 20.295382577273664 20.409308566589708 20.164463295805756 19.53608343222802 18.90770356865028 18.27932370507254 17.6509438414948 17.022563977917063 16.39418411433932 15.765804250761583 15.137424387183845 14.509044523606104 13.880664660027294 13.252284796449555 13.024711571653226 13.22560971116645 13.426507850679675 13.6274059901929 13.828304129706122 14.029202269219347 14.230100408732572 14.430998548245796 14.63189668775902
23.81914131474606 23.39593405452288 22.9727267942997 22.54951953407652 22.12631227385334 21.70310501363016 21.27989775340698 20.8566904931838 20.4334832329599 20.01027597273672 19.587068712513542 19.163861452290362 18.993045524236678 19.092041639086258 19.191037753935838 19.290033868785418 19.389029983634998 19.48802609848458 19.58702221333416 19.68601832818374 19.78501444303332 19.88401055788307 19.98300667273265 20.082002787582226 19.834986096811587 19.21807388969441 18.601161682577228 17.984249475460047 17.36733726834287 16.750425061225688 16.13351285410851 15.516600646991328 14.899688439874149 14.28277623275697 13.665864025638736 13.048951818521559 12.836764238135016 13.05723643981243 13.277708641489843 13.498180843167257 13.71865304484467 13.939125246522083 14.159597448199497 14.38006964987691 14.600541851554324
25.2941081727194 24.72929516238616 24.164482152052912 23.59966914171967 23.034856131386427 22.470043121053184 21.905230110719938 21.340417100386695 20.77560409005249 20.210791079719243 19.645978069386 19.081165059052758 18.829968364360187 18.91403460474329 18.998100845126395 19.0821670855095 19.166233325892602 19.250299566275707 19.33436580665881 19.418432047041915 19.502498287425016 19.586564527808264 19.67063076819137 19.75469700857447 19.505508897817144 18.90006434716053 18.29461979650392 17.68917524584731 17.083730695190695 16.478286144534085 15.872841593877475 15.267397043220862 14.66195249256425 14.05650794190764 13.451063391249996 12.845618840593385 12.648816904616643 12.888863168458263 13.128909432299881 13.368955696141501 13.609001959983122 13.84904822382474 14.08909448766636 14.32914075150798 14.569187015349598
26.769075030691486 26.0626562702483 25.356237509805112 24.649818749361927 23.94339998891874 23.236981228475553 22.530562468032365 21.82414370758918 21.117724947144787 20.4113061867016 19.704887426258413 18.998468665815224 18.666891204483836 18.736027570400477 18.805163936317115 18.874300302233756 18.943436668150394 19.012573034067035 19.081709399983676 19.150845765900314 19.219982131816955 19.28911849773371 19.35825486365035 19.427391229566993 19.176031698822975 18.58205480462692 17.988077910430867 17.394101016234817 16.800124122038763 16.206147227842713 15.61217033364666 15.018193439450608 14.424216545254556 13.830239651058502 13.236262756861437 12.642285862665386 12.460869571098431 12.72048989710424 12.98011022311005 13.239730549115858 13.499350875121667 13.758971201127476 14.018591527133283 14.278211853139092 14.537832179144901
28.244041888663574 27.396017378110443 26.547992867557312 25.69996835700418 24.85194384645105 24.00391933589792 23.155894825344788 22.30787031479166 21.459845804237084 20.611821293683953 19.76379678313082 18.91577227257769 18.503814044607484 18.558020536057658 18.612227027507835 18.666433518958012 18.72064001040819 18.774846501858363 18.82905299330854 18.883259484758717 18.93746597620889 18.99167246765916 19.045878959109338 19.100085450559515 18.84655449982881 18.264045262093315 17.681536024357822 17.09902678662233 16.516517548886835 15.934008311151342 15.351499073415848 14.768989835680355 14.186480597944861 13.603971360209368 13.021462122472883 12.43895288473739 12.272922237580222 12.55211662575022 12.831311013920217 13.110505402090215 13.389699790260213 13.668894178430211 13.948088566600209 14.227282954770207 14.506477342940205
29.71900874663566 28.729378485972585 27.739748225309512 26.75011796464644 25.760487703983365 24.770857443320292 23.78122718265722 22.79159692199414 21.80196666132938 20.812336400666307 19.822706140003234 18.83307587934016 18.340736884731133 18.380013501714846 18.41929011869856 18.45856673568227 18.49784335266598 18.537119969649694 18.576396586633408 18.61567320361712 18.65494982060083 18.69422643758461 18.733503054568324 18.772779671552037 18.517077300834643 17.946035719559706 17.374994138284773 16.80395255700984 16.232910975734903 15.66186939445997 15.090827813185037 14.519786231910102 13.948744650635167 13.377703069360233 12.806661488084323 12.23561990680939 12.08497490406201 12.383743354396197 12.682511804730385 12.981280255064572 13.280048705398759 13.578817155732946 13.877585606067134 14.17635405640132 14.475122506735508
