Figures/CREST_Example_wjb_NSE/Rolling_result/20100722/BJP_forecast/ens_49/wjb.rain.20100624.asc
ncols            288
nrows            254
xllcorner        113.274861
yllcorner        31.4918055
cellsize         0.008333333333
NODATA_value     -9999
[rows 132 to 153 of 254, columns 96 to 143 of 288]
0.15531677037856714 0.15531677037856714 0.15531677037856714 0.3662756034756903 0.8027541990761202 1.23923279467655 1.67571139027698 2.11218998587741 2.548668581478584 2.985147177079014 3.4216257726794437 3.8581043682798737 4.294582963880304 4.731061559480733 5.167540155081164 5.39305991779437 5.39305991779437 5.39305991779437 5.39305991779437 5.39305991779437 5.39305991779437 5.39305991779437 5.39305991779437 5.39305991779437 5.39305991779437 5.39305991779437 5.39305991779437 5.202676659137279 4.808769391498514 4.414862123859749 4.0209548562209845 3.6270475885822195 3.233140320943454 2.8392330533046892 2.445325785665253 2.051418518026488 1.6575112503877225 1.2636039827489576 0.8696967151101926 0.6722277263498231 0.6847557005251027 0.6972836747003823 0.709811648875662 0.7223396230509416 0.7348675972262213 0.7473955714015009 0.7599235455767805 0.7724515197520816
0.20455046986426328 0.20455046986426328 0.20455046986426328 0.4147997293756425 0.8498102011832276 1.2848206729908125 1.7198311447983976 2.1548416166059825 2.5898520884143093 3.0248625602218944 3.4598730320294795 3.8948835038370646 4.32989397564465 4.764904447452235 5.19991491925982 5.42467613176522 5.42467613176522 5.42467613176522 5.42467613176522 5.42467613176522 5.42467613176522 5.42467613176522 5.42467613176522 5.42467613176522 5.42467613176522 5.42467613176522 5.42467613176522 5.232641112300739 4.835316314197261 4.437991516093784 4.040666717990306 3.643341919886829 3.2460171217833516 2.8486923236798742 2.4513675255757192 2.0540427274722415 1.6567179293687642 1.2593931312652868 0.8620683331618091 0.6619617746679768 0.672685974771753 0.683410174875529 0.6941343749793052 0.7048585750830813 0.7155827751868574 0.7263069752906335 0.7370311753944097 0.747755375498204
0.30643814237886335 0.30643814237886335 0.30643814237886335 0.5084829381861209 0.9265181890813817 1.3445534399766428 1.7625886908719035 2.1806239417671645 2.5986591926631384 3.016694443558399 3.4347296944536603 3.852764945348921 4.270800196244182 4.688835447139443 5.106870698034704 5.322861153323738 5.322861153323738 5.322861153323738 5.322861153323738 5.322861153323738 5.322861153323738 5.322861153323738 5.322861153323738 5.322861153323738 5.322861153323738 5.322861153323738 5.322861153323738 5.136805342211766 4.751851661408166 4.366897980604565 3.981944299800965 3.596990618997365 3.2120369381937643 2.8270832573901643 2.4421295765859075 2.057175895782307 1.672222214978707 1.287268534175107 0.9023148533715064 0.7074142454662662 0.7156846708907869 0.7239550963153077 0.7322255217398285 0.7404959471643493 0.74876637258887 0.7570367980133909 0.7653072234379116 0.7735776488624465
0.4083258148934633 0.4083258148934633 0.4083258148934633 0.602166146996599 1.0032261769795356 1.4042862069624724 1.8053462369454092 2.206406266928346 2.6074662969119666 3.0085263268949034 3.40958635687784 3.8106463868607765 4.211706416843713 4.61276644682665 5.013826476809587 5.221046174882256 5.221046174882256 5.221046174882256 5.221046174882256 5.221046174882256 5.221046174882256 5.221046174882256 5.221046174882256 5.221046174882256 5.221046174882256 5.221046174882256 5.221046174882256 5.040969572122792 4.668387008619069 4.295804445115346 3.923221881611623 3.5506393181079 3.1780567546041767 2.805474191100454 2.4328916275960952 2.060309064092372 1.6877265005886488 1.315143937084926 0.9425613735812028 0.7528667162645555 0.7586833670098209 0.7645000177550864 0.7703166685003517 0.7761333192456172 0.7819499699908827 0.7877666207361481 0.7935832714814136 0.799399922226689
0.5102134874080634 0.5102134874080634 0.5102134874080634 0.6958493558070772 1.07993416487769 1.4640189739483023 1.848103783018915 2.2321885920895275 2.6162734011607953 3.0003582102314077 3.38444301930202 3.768527828372633 4.152612637443245 4.536697446513858 4.920782255584471 5.119231196440774 5.119231196440774 5.119231196440774 5.119231196440774 5.119231196440774 5.119231196440774 5.119231196440774 5.119231196440774 5.119231196440774 5.119231196440774 5.119231196440774 5.119231196440774 4.94513380203382 4.584922355829974 4.224710909626128 3.864499463422282 3.504288017218436 3.1440765710145895 2.783865124810744 2.4236536786062834 2.0634422324024375 1.7032307861985916 1.3430193399947457 0.9828078937908993 0.7983191870628449 0.8016820631288549 0.8050449391948651 0.8084078152608751 0.8117706913268853 0.8151335673928953 0.8184964434589055 0.8218593195249155 0.8252221955909314
0.6121011599227504 0.6121011599227504 0.6121011599227504 0.7895325646176354 1.1566421527759092 1.5237517409341832 1.890861329092457 2.2579709172507307 2.6250805054096302 2.9921900935679044 3.3592996817261787 3.726409269884452 4.093518858042726 4.4606284462009995 4.827738034359274 5.017416217999204 5.017416217999204 5.017416217999204 5.017416217999204 5.017416217999204 5.017416217999204 5.017416217999204 5.017416217999204 5.017416217999204 5.017416217999204 5.017416217999204 5.017416217999204 4.849298031944764 4.501457703040806 4.153617374136848 3.8057770452328894 3.4579367163289314 3.110096387424973 2.7622560585210145 2.4144157296164632 2.066575400712505 1.7187350718085468 1.3708947429045883 1.0230544140006304 0.843771657861173 0.8446807592479256 0.8455898606346783 0.846498962021431 0.8474080634081836 0.8483171647949364 0.8492262661816891 0.8501353675684418 0.8510444689551959
0.7139888324373505 0.7139888324373505 0.7139888324373505 0.8832157734281136 1.2333501406740632 1.583484507920013 1.9336188751659626 2.2837532424119127 2.6338876096584594 2.984021976904409 3.334156344150359 3.684290711396308 4.034425078642258 4.384559445888208 4.734693813134157 4.915601239557722 4.915601239557722 4.915601239557722 4.915601239557722 4.915601239557722 4.915601239557722 4.915601239557722 4.915601239557722 4.915601239557722 4.915601239557722 4.915601239557722 4.915601239557722 4.753462261855791 4.4179930502517095 4.082523838647629 3.747054627043548 3.411585415439467 3.0761162038353858 2.740646992231305 2.405177780626652 2.069708569022571 1.73423935741849 1.3987701458144088 1.0633009342103281 0.8892241286594624 0.8876794553669597 0.8861347820744571 0.8845901087819543 0.8830454354894517 0.8815007621969491 0.8799560889044463 0.8784114156119437 0.8768667423194384
0.8158765049519505 0.8158765049519505 0.8158765049519505 0.9768989822385918 1.3100581285722175 1.643217274905843 1.9763764212394686 2.3095355675730938 2.6426947139072876 2.975853860240913 3.3090130065745385 3.6421721529081648 3.97533129924179 4.308490445575416 4.641649591909041 4.81378626111624 4.81378626111624 4.81378626111624 4.81378626111624 4.81378626111624 4.81378626111624 4.81378626111624 4.81378626111624 4.81378626111624 4.81378626111624 4.81378626111624 4.81378626111624 4.657626491766818 4.3345283974626145 4.01143030315841 3.6883322088542068 3.365234114550003 3.042136020245799 2.719037925941595 2.39593983163684 2.072841737332636 1.7497436430284328 1.4266455487242289 1.103547454420025 0.9346765994577517 0.9306781514859938 0.9266797035142357 0.9226812555424777 0.9186828075707197 0.9146843595989617 0.9106859116272037 0.9066874636554457 0.9026890156836809
0.9177641774665506 0.9177641774665506 0.9177641774665506 1.0705821910490703 1.3867661164703715 1.7029500418916728 2.0191339673129742 2.3353178927342757 2.651501818156116 2.9676857435774178 3.283869668998719 3.60005359442002 3.9162375198413217 4.232421445262623 4.548605370683924 4.7119712826747575 4.7119712826747575 4.7119712826747575 4.7119712826747575 4.7119712826747575 4.7119712826747575 4.7119712826747575 4.7119712826747575 4.7119712826747575 4.7119712826747575 4.7119712826747575 4.7119712826747575 4.561790721677845 4.251063744673518 3.940336767669191 3.6296097906648646 3.3188828136605375 3.0081558366562113 2.6974288596518843 2.386701882647028 2.075974905642701 1.7652479286383742 1.4545209516340476 1.1437939746297205 0.980129070256041 0.9736768476050277 0.9672246249540143 0.960772402303001 0.9543201796519877 0.9478679570009743 0.941415734349961 0.9349635116989476 0.9285112890479232
1.0196518499811507 1.0196518499811507 1.0196518499811507 1.1642653998595485 1.4634741043685255 1.762682808877503 2.06189151338648 2.3611002178954577 2.660308922404945 2.959517626913922 3.258726331422899 3.5579350359318767 3.857143740440854 4.156352444949831 4.455561149458808 4.610156304233276 4.610156304233276 4.610156304233276 4.610156304233276 4.610156304233276 4.610156304233276 4.610156304233276 4.610156304233276 4.610156304233276 4.610156304233276 4.610156304233276 4.610156304233276 4.465954951588873 4.167599091884423 3.869243232179973 3.5708873724755232 3.272531512771074 2.9741756530666246 2.675819793362175 2.3774639336572165 2.0791080739527668 1.7807522142483174 1.4823963545438676 1.1840404948394183 1.0255815410543305 1.0166755437240618 1.007769546393793 0.9988635490635244 0.9899575517332557 0.981051554402987 0.9721455570727183 0.9632395597424497 0.9543335624121657
1.1215395224957507 1.1215395224957507 1.1215395224957507 1.2579486086700267 1.5401820922666798 1.8224155758633327 2.1046490594599856 2.3868825430566387 2.6691160266537732 2.9513495102504264 3.2335829938470795 3.5158164774437326 3.798049961040385 4.080283444637038 4.362516928233691 4.508341325791793 4.508341325791793 4.508341325791793 4.508341325791793 4.508341325791793 4.508341325791793 4.508341325791793 4.508341325791793 4.508341325791793 4.508341325791793 4.508341325791793 4.508341325791793 4.3701191814998985 4.084134439095326 3.798149696690754 3.5121649542861815 3.2261802118816094 2.940195469477037 2.6542107270724644 2.3682259846674043 2.082241242262832 1.7962564998582597 1.5102717574536872 1.2242870150491147 1.0710340118526198 1.0596742398430958 1.0483144678335719 1.0369546958240479 1.0255949238145237 1.0142351518049997 1.0028753797954757 0.9915156077859516 0.9801558357764082
1.2234271950103508 1.2234271950103508 1.2234271950103508 1.3516318174805049 1.6168900801648336 1.8821483428491625 2.1474066055334915 2.4126648682178202 2.6779231309026015 2.94318139358693 3.208439656271259 3.4736979189555877 3.7389561816399164 4.004214444324245 4.269472707008574 4.406526347350311 4.406526347350311 4.406526347350311 4.406526347350311 4.406526347350311 4.406526347350311 4.406526347350311 4.406526347350311 4.406526347350311 4.406526347350311 4.406526347350311 4.406526347350311 4.274283411410925 4.00066978630623 3.727056161201535 3.4534425360968397 3.1798289109921445 2.9062152858874493 2.632601660782754 2.3589880356775925 2.0853744105728973 1.8117607854682025 1.5381471603635073 1.264533535258812 1.116486482650909 1.1026729359621297 1.0888593892733502 1.075045842584571 1.0612322958957916 1.0474187492070124 1.033605202518233 1.0197916558294535 1.0059781091406508
1.3253148675250377 1.3253148675250377 1.3253148675250377 1.445315026291063 1.6935980680630531 1.9418811098350435 2.190164151607034 2.438447193379024 2.6867302351514377 2.935013276923428 3.183296318695418 3.431579360467408 3.679862402239398 3.9281454440113888 4.176428485783379 4.304711368908742 4.304711368908742 4.304711368908742 4.304711368908742 4.304711368908742 4.304711368908742 4.304711368908742 4.304711368908742 4.304711368908742 4.304711368908742 4.304711368908742 4.304711368908742 4.1784476413218705 3.9172051335170632 3.655962625712256 3.394720117907448 3.133477610102641 2.872235102297833 2.610992594493026 2.3497500866877727 2.0885075788829655 1.8272650710781582 1.5660225632733504 1.3047800554685431 1.1619389534492373 1.1456716320812004 1.1294043107131637 1.1131369893451268 1.09686966797709 1.0806023466090533 1.0643350252410164 1.0480677038729798 1.0318003825049151
1.515500925516152 1.515500925516152 1.515500925516152 1.6342035046856493 1.879801824933267 2.1254001451808846 2.370998465428502 2.61659678567612 2.8621951059241564 3.1077934261717743 3.3533917464193923 3.59899006666701 3.8445883869146273 4.090186707162245 4.335785027409862 4.4626807686060905 4.4626807686060905 4.4626807686060905 4.4626807686060905 4.4626807686060905 4.4626807686060905 4.4626807686060905 4.4626807686060905 4.4626807686060905 4.4626807686060905 4.4626807686060905 4.4626807686060905 4.333259529447437 4.065484058794154 3.7977085881408716 3.5299331174875888 3.262157646834306 2.9943821761810234 2.7266067055277405 2.458831234874001 2.1910557642207182 1.9232802935674354 1.6555048229141525 1.3877293522608696 1.2385841699900593 1.2162574490432818 1.1939307280965046 1.1716040071497273 1.1492772862029499 1.1269505652561727 1.1046238443093954 1.082297123362618 1.0599704024158025
1.800072391385648 1.800072391385648 1.800072391385648 1.9248604146701587 2.1830496563877637 2.441238898105368 2.699428139822973 2.9576173815405777 3.215806623258623 3.473995864976228 3.7321851066938327 3.9903743484114376 4.248563590129042 4.506752831846647 4.764942073564252 4.898343292121508 4.898343292121508 4.898343292121508 4.898343292121508 4.898343292121508 4.898343292121508 4.898343292121508 4.898343292121508 4.898343292121508 4.898343292121508 4.898343292121508 4.898343292121508 4.7559979637569425 4.461482260261075 4.166966556765208 3.87245085326934 3.5779351497734724 3.283419446277605 2.9889037427817375 2.694388039285368 2.3998723357895004 2.105356632293633 1.8108409287977656 1.5163252253018982 1.3485724653863682 1.316332159136414 1.2840918528864598 1.2518515466365057 1.2196112403865513 1.1873709341365972 1.155130627886643 1.1228903216366888 1.0906500153866796
2.0846438572551445 2.0846438572551445 2.0846438572551445 2.2155173246546687 2.4862974878422603 2.757077651029852 3.027857814217444 3.298637977405036 3.5694181405930894 3.8401983037806815 4.110978466968273 4.381758630155865 4.6525387933434565 4.923318956531048 5.19409911971864 5.3340058156369246 5.3340058156369246 5.3340058156369246 5.3340058156369246 5.3340058156369246 5.3340058156369246 5.3340058156369246 5.3340058156369246 5.3340058156369246 5.3340058156369246 5.3340058156369246 5.3340058156369246 5.178736398066446 4.857480461727994 4.536224525389542 4.21496858905109 3.8937126527126384 3.5724567163741865 3.2512007800357345 2.9299448436967346 2.6086889073582826 2.2874329710198307 1.9661770346813787 1.6449210983429268 1.4585607607826774 1.4164068692295462 1.3742529776764152 1.332099086123284 1.2899451945701528 1.2477913030170218 1.2056374114638906 1.1634835199107596 1.1213296283575565
2.3692153231246404 2.3692153231246404 2.3692153231246404 2.506174234639178 2.789545319296757 3.072916403954336 3.3562874886119145 3.6396585732694935 3.9230296579275556 4.206400742585134 4.489771827242713 4.773142911900292 5.056513996557872 5.33988508121545 5.623256165873029 5.769668339152342 5.769668339152342 5.769668339152342 5.769668339152342 5.769668339152342 5.769668339152342 5.769668339152342 5.769668339152342 5.769668339152342 5.769668339152342 5.769668339152342 5.769668339152342 5.601474832375951 5.253478663194914 4.905482494013878 4.557486324832841 4.209490155651805 3.8614939864707676 3.513497817289731 3.1655016481081013 2.8175054789270644 2.469509309746028 2.121513140564991 1.7735169713839545 1.568549056178986 1.5164815793226782 1.4644141024663702 1.4123466256100623 1.3602791487537542 1.3082116718974461 1.2561441950411383 1.2040767181848302 1.1520092413284335
2.653786788994137 2.653786788994137 2.653786788994137 2.796831144623688 3.092793150751254 3.38875515687882 3.6847171630063857 3.9806791691339516 4.276641175262022 4.572603181389589 4.868565187517154 5.1645271936447195 5.460489199772287 5.756451205899852 6.052413212027417 6.2053308626677595 6.2053308626677595 6.2053308626677595 6.2053308626677595 6.2053308626677595 6.2053308626677595 6.2053308626677595 6.2053308626677595 6.2053308626677595 6.2053308626677595 6.2053308626677595 6.2053308626677595 6.024213266685456 5.649476864661835 5.2747404626382135 4.9000040606145925 4.5252676585909715 4.15053125656735 3.775794854543729 3.4010584525194685 3.0263220504958475 2.651585648472226 2.276849246448605 1.902112844424984 1.6785373515752953 1.6165562894158103 1.5545752272563254 1.4925941650968406 1.4306131029373557 1.3686320407778707 1.306650978618386 1.244669916458901 1.1826888542993106
2.938358254863876 2.938358254863876 2.938358254863876 3.0874880546084458 3.396040982206009 3.704593909803573 4.013146837401137 4.3216997649987 4.63025269259679 4.938805620194353 5.247358547791917 5.555911475389481 5.8644644029870445 6.173017330584608 6.481570258182172 6.640993386183547 6.640993386183547 6.640993386183547 6.640993386183547 6.640993386183547 6.640993386183547 6.640993386183547 6.640993386183547 6.640993386183547 6.640993386183547 6.640993386183547 6.640993386183547 6.446951700995321 6.045475066129092 5.6439984312628635 5.242521796396635 4.841045161530406 4.439568526664178 4.038091891797949 3.636615256931036 3.2351386220648073 2.8336619871985786 2.4321853523323504 2.030708717466122 1.7885256469716981 1.7166309995090279 1.6447363520463576 1.5728417045836873 1.500947057121017 1.4290524096583468 1.3571577621956767 1.2852631147330063 1.2133684672702136
3.222929720733372 3.222929720733372 3.222929720733372 3.378144964592955 3.6992888136605058 4.020432662728057 4.3415765117956076 4.662720360863158 4.983864209931257 5.305008058998808 5.626151908066358 5.94729575713391 6.26843960620146 6.589583455269011 6.910727304336562 7.076655909698966 7.076655909698966 7.076655909698966 7.076655909698966 7.076655909698966 7.076655909698966 7.076655909698966 7.076655909698966 7.076655909698966 7.076655909698966 7.076655909698966 7.076655909698966 6.869690135304826 6.441473267596013 6.0132563998872 5.585039532178387 5.156822664469573 4.7286057967607595 4.300388929051946 3.8721720613424027 3.4439551936335895 3.015738325924776 2.5875214582159627 2.1593045905071495 1.898513942368007 1.81670570960216 1.7348974768363128 1.6530892440704656 1.5712810113046185 1.4894727785387714 1.4076645457729242 1.325856313007077 1.2440480802410905
3.507501186602868 3.507501186602868 3.507501186602868 3.6688018745774644 4.002536645115002 4.33627141565254 4.670006186190078 5.003740956727616 5.337475727265723 5.67121049780326 6.004945268340798 6.338680038878336 6.672414809415875 7.006149579953412 7.33988435049095 7.512318433214382 7.512318433214382 7.512318433214382 7.512318433214382 7.512318433214382 7.512318433214382 7.512318433214382 7.512318433214382 7.512318433214382 7.512318433214382 7.512318433214382 7.512318433214382 7.292428569614331 6.837471469062932 6.382514368511535 5.927557267960137 5.472600167408739 5.017643066857341 4.562685966305944 4.107728865753769 3.6527717652023717 3.1978146646509735 2.742857564099576 2.287900463548178 2.0085022377643162 1.9167804196952924 1.8250586016262682 1.7333367835572442 1.6416149654882202 1.549893147419196 1.4581713293501721 1.3664495112811479 1.2747276932119673
3.7920726524723642 3.7920726524723642 3.7920726524723642 3.9594587845619746 4.3057844765694995 4.652110168577024 4.998435860584549 5.3447615525920735 5.691087244600189 6.037412936607714 6.383738628615239 6.730064320622764 7.07639001263029 7.422715704637814 7.769041396645338 7.9479809567298 7.9479809567298 7.9479809567298 7.9479809567298 7.9479809567298 7.9479809567298 7.9479809567298 7.9479809567298 7.9479809567298 7.9479809567298 7.9479809567298 7.9479809567298 7.715167003923836 7.233469670529853 6.75177233713587 6.270075003741888 5.788377670347906 5.306680336953923 4.8249830035599395 4.343285670165136 3.8615883367711534 3.379891003377171 2.898193669983188 2.416496336589206 2.118490533160625 2.016855129788424 1.9152197264162232 1.8135843230440223 1.7119489196718214 1.6103135162996205 1.5086781129274196 1.4070427095552187 1.3054073061828442
