Figures/CREST_Example_wjb_NSE/Rolling_result/20100722/BJP_forecast/ens_49/wjb.rain.20100724.asc
ncols            288
nrows            254
xllcorner        113.274861
yllcorner        31.4918055
cellsize         0.008333333333
NODATA_value     -9999
[rows 180 to 199 of 254, columns 90 to 134 of 288]
3.363808754425856 3.312908075649163 3.262007396872557 3.211106718095951 3.160206039319345 3.109305360542739 3.0584046817661332 3.0075040029895277 2.9566033242129217 2.8544990741138414 2.6976570485235154 2.5408150229331894 2.3839729973428634 2.227130971752538 2.0702889461619445 1.9134469205716185 1.7566048949812925 1.5997628693909667 1.4429208438006407 1.286078818210315 1.1292367926199889 1.042670470235943 1.031230463705458 1.0197904571749727 1.0083504506444878 0.9969104441140026 0.9854704375835175 0.9740304310530129 0.9625904245225277 0.9511504179920427 0.9397104114615575 0.9282704049310725 0.9168303984005873 0.8848374313949182 0.8308728848404109 0.7769083382859036 0.7229437917313962 0.6689792451768889 0.6150146986223816 0.5610501520678742 0.5070856055132749 0.45312105895876753 0.3991565124042602 0.34519196584975287 0.29122741929524554
3.370721728161486 3.3203934387942224 3.270065149427045 3.2197368600598675 3.1694085706926898 3.1190802813255125 3.068751991958335 3.018423702591157 2.9680954132239794 2.8645171315952234 2.7040134042203516 2.54350967684548 2.383005949470608 2.2225022220957364 2.0619984947205907 1.901494767345719 1.7409910399708473 1.5804873125959755 1.4199835852211036 1.2594798578462318 1.0989761304713601 1.0104228674410005 0.9987862777919062 0.9871496881428119 0.9755130984937176 0.9638765088446233 0.952239919195529 0.9406033295464148 0.9289667398973205 0.9173301502482262 0.9056935605991319 0.8940569709500376 0.8824203813009432 0.8517836724321535 0.8008354064338201 0.7498871404354868 0.6989388744371534 0.6479906084388201 0.5970423424404867 0.5460940764421534 0.4951458104437332 0.44419754444539983 0.3932492784470665 0.3423010124487331 0.29135274645039977
3.122402463142159 3.076440541376039 3.030478619609997 2.9845166978439557 2.938554776077914 2.8925928543118724 2.846630932545831 2.800669010779789 2.7547070890137477 2.659088659607315 2.510386300765945 2.3616839419245745 2.212981583083204 2.0642792242418335 1.9155768654002094 1.766874506558839 1.6181721477174686 1.4694697888760981 1.3207674300347276 1.1720650711933573 1.0233627123519868 0.9418136831379362 0.9320530818161229 0.9222924804943096 0.9125318791724962 0.9027712778506829 0.8930106765288695 0.8832500752070396 0.8734894738852261 0.8637288725634128 0.8539682712415995 0.8442076699197861 0.8344470685979728 0.8069024497981626 0.760346314132569 0.7137901784669755 0.6672340428013819 0.6206779071357883 0.5741217714701947 0.5275656358046011 0.4810095001389282 0.4344533644733346 0.3878972288077411 0.3413410931421475 0.29478495747655387
2.87408319812262 2.8324876439576467 2.790892089792745 2.749296535627843 2.707700981462941 2.666105427298039 2.6245098731331375 2.5829143189682355 2.5413187648033335 2.453660187619232 2.316759197311373 2.1798582070035137 2.0429572166956547 1.9060562263877956 1.7691552360797032 1.632254245771844 1.495353255463985 1.358452265156126 1.2215512748482669 1.084650284540408 0.9477492942325489 0.8732044988348133 0.8653198858402826 0.8574352728457518 0.849550659851221 0.8416660468566903 0.8337814338621595 0.8258968208676154 0.8180122078730846 0.8101275948785539 0.8022429818840231 0.7943583688894924 0.7864737558949616 0.7620212271641336 0.7198572218312835 0.6776932164984334 0.6355292111655834 0.5933652058327333 0.5512012004998832 0.5090371951670332 0.46687318983411125 0.42470918450126116 0.3825451791684111 0.34038117383556105 0.29821716850271096
2.625763933103293 2.5885347465394637 2.5513055599756975 2.514076373411932 2.4768471868481656 2.4396180002843995 2.4023888137206337 2.3651596271568676 2.327930440593102 2.2482317156313236 2.1231320938569658 1.9980324720826084 1.8729328503082505 1.7478332285338931 1.6227336067593219 1.4976339849849643 1.3725343632106064 1.2474347414362488 1.1223351196618911 0.9972354978875335 0.8721358761131759 0.8045953145317489 0.7985866898644992 0.7925780651972494 0.7865694405299997 0.7805608158627498 0.7745521911955001 0.7685435665282401 0.7625349418609902 0.7565263171937405 0.7505176925264907 0.744509067859241 0.7385004431919912 0.7171400045301427 0.6793681295300324 0.6415962545299222 0.6038243795298119 0.5660525045297016 0.5282806295295913 0.49050875452948106 0.45273687952930636 0.4149650045291961 0.3771931295290858 0.33942125452897554 0.3016493795288652
2.3774446680839656 2.3445818491212798 2.31171903015865 2.2788562111960196 2.2459933922333897 2.21313057327076 2.1802677543081295 2.1474049353454996 2.1145421163828697 2.042803243643416 1.9295049904025592 1.816206737161703 1.7029084839208466 1.5896102306799902 1.4763119774389406 1.3630137241980842 1.249715470957228 1.1364172177163716 1.0231189644755152 0.909820711234659 0.7965224579938026 0.7359861302286848 0.7318534938887159 0.727720857548747 0.7235882212087783 0.7194555848688095 0.7153229485288407 0.7111903121888647 0.707057675848896 0.7029250395089272 0.6987924031689584 0.6946597668289896 0.6905271304890207 0.6722587818961518 0.6388790372287814 0.6054992925614109 0.5721195478940403 0.5387398032266698 0.5053600585592993 0.4719803138919288 0.4386005692245014 0.4052208245571309 0.37184107988976034 0.33846133522238986 0.3050815905550194
2.1291254030646387 2.100628951703096 2.072132500341602 2.0436360489801078 2.0151395976186137 1.98664314625712 1.9581466948956259 1.9296502435341318 1.9011537921726378 1.8373747716555076 1.7358778869481526 1.6343810022407974 1.5328841175334424 1.4313872328260875 1.3298903481185593 1.2283934634112044 1.1268965787038494 1.0253996939964942 0.9239028092891394 0.8224059245817843 0.7209090398744293 0.6673769459256204 0.6651202979129325 0.6628636499002447 0.6606070018875568 0.6583503538748691 0.6560937058621812 0.6538370578494895 0.6515804098368018 0.6493237618241139 0.6470671138114261 0.6448104657987382 0.6425538177860505 0.6273775592621611 0.5983899449275304 0.5694023305928996 0.5404147162582689 0.5114271019236382 0.4824394875890074 0.45345187325437664 0.4244642589196965 0.3954766445850657 0.366489030250435 0.3375014159158043 0.30851380158117353
1.8808061380453114 1.8566760542849123 1.8325459705245541 1.8084158867641962 1.784285803003838 1.76015571924348 1.7360256354831218 1.7118955517227639 1.687765467962406 1.6319462996675993 1.5422507834937456 1.452555267319892 1.3628597511460383 1.2731642349721846 1.1834687187981778 1.093773202624324 1.0040776864504706 0.9143821702766168 0.8246866541027632 0.7349911379289095 0.6452956217550558 0.598767761622556 0.5983871019371492 0.5980064422517423 0.5976257825663355 0.5972451228809287 0.5968644631955218 0.5964838035101143 0.5961031438247074 0.5957224841393006 0.5953418244538938 0.5949611647684869 0.5945805050830801 0.5824963366281704 0.5579008526262794 0.5333053686243884 0.5087098846224974 0.48411440062060646 0.45951891661871547 0.43492343261682453 0.4103279486148916 0.3857324646130006 0.36113698061110966 0.33654149660921867 0.3119460126073277
1.6324868730259843 1.6127231568667286 1.5929594407075065 1.5731957245482844 1.5534320083890623 1.5336682922298401 1.513904576070618 1.494140859911396 1.4743771437521738 1.4265178276796913 1.348623680039339 1.2707295323989864 1.1928353847586342 1.1149412371182819 1.0370470894777966 0.9591529418374443 0.881258794197092 0.8033646465567396 0.7254704989163873 0.6475763512760349 0.5696822036356826 0.5301585773194917 0.5316539059613659 0.5331492346032399 0.5346445632451141 0.5361398918869882 0.5376352205288624 0.539130549170739 0.5406258778126132 0.5421212064544872 0.5436165350963614 0.5451118637382355 0.5466071923801097 0.5376151139941795 0.5174117603250283 0.49720840665587707 0.4770050529867259 0.4568016993175747 0.4365983456484235 0.4163949919792723 0.39619163831008664 0.3759882846409355 0.3557849309717843 0.33558157730263305 0.3153782236334819
1.3841676080064453 1.3687702594483366 1.3533729108902544 1.3379755623321719 1.3225782137740894 1.307180865216007 1.2917835166579246 1.276386168099842 1.2609888195417598 1.2210893556916078 1.1549965765847667 1.0889037974779259 1.022811018371085 0.9567182392642439 0.8906254601572904 0.8245326810504494 0.7584399019436086 0.6923471228367676 0.6262543437299266 0.5601615646230858 0.4940687855162448 0.4615493930163689 0.4649207099855256 0.4682920269546823 0.471663343923839 0.47503466089299573 0.47840597786215244 0.4817772948313149 0.4851486118004716 0.4885199287696283 0.491891245738785 0.4952625627079417 0.49863387967709843 0.49273389136015044 0.4769226680237428 0.4611114446873351 0.4453002213509274 0.42948899801451973 0.41367777467811206 0.39786655134170434 0.3820553280052697 0.36624410466886204 0.3504328813324543 0.33462165799604665 0.318810434659639
1.1358483429871182 1.1248173620301531 1.1137863810732065 1.10275540011626 1.0917244191593136 1.0806934382023672 1.0696624572454208 1.0586314762884743 1.0476004953315279 1.0156608837036996 0.96136947313036 0.9070780625570204 0.8527866519836809 0.7984952414103412 0.744203830836909 0.6899124202635695 0.6356210096902298 0.5813295991168903 0.5270381885435507 0.47274677797021103 0.4184553673968715 0.3929402087133045 0.39818751400974217 0.40343481930617986 0.40868212460261755 0.41392942989905523 0.4191767351954929 0.4244240404919396 0.4296713457883773 0.434918651084815 0.44016595638125267 0.44541326167769035 0.45066056697412804 0.4478526687261596 0.4364335757224917 0.42501448271882375 0.41359538971515586 0.40217629671148797 0.3907572037078201 0.37933811070415213 0.36791901770046476 0.3564999246967968 0.3450808316931289 0.33366173868946103 0.3222426456857931
0.8875290779677912 0.8808644646119693 0.8741998512561588 0.8675352379003484 0.8608706245445379 0.8542060111887273 0.8475413978329168 0.8408767844771063 0.8342121711212959 0.8102324117157915 0.7677423696759532 0.725252327636115 0.6827622855962767 0.6402722435564385 0.5977822015165277 0.5552921594766895 0.5128021174368512 0.470312075397013 0.4278220333571747 0.3853319913173365 0.3428419492774982 0.3243310244102402 0.33145431803395886 0.3385776116576775 0.3457009052813962 0.35282419890511485 0.3599474925288335 0.36707078615256433 0.374194079776283 0.38131737340000166 0.3884406670237203 0.395563960647439 0.40268725427115765 0.4029714460921688 0.39594448342124067 0.3889175207503125 0.3818905580793844 0.37486359540845626 0.3678366327375281 0.3608096700666 0.35378270739565987 0.3467557447247317 0.3397287820538036 0.33270181938287546 0.3256748567119473
0.6392098129484641 0.6369115671937856 0.6346133214391111 0.6323150756844366 0.630016829929762 0.6277185841750875 0.625420338420413 0.6231220926657385 0.620823846911064 0.6048039397278834 0.5741152662215465 0.5434265927152095 0.5127379192088726 0.4820492457025357 0.45136057219614645 0.4206718986898095 0.3899832251834725 0.3592945516771356 0.32860587817079867 0.29791720466446175 0.26722853115812484 0.2557218401071758 0.26472112205817544 0.27372040400917513 0.28271968596017477 0.2917189679111744 0.30071824986217405 0.30971753181318906 0.3187168137641887 0.32771609571518834 0.336715377666188 0.3457146596171876 0.35471394156818725 0.358090223458178 0.3554553911199896 0.35282055878180124 0.3501857264436129 0.3475508941054245 0.34491606176723616 0.34228122942904776 0.3396463970908549 0.3370115647526665 0.3343767324144782 0.3317419000762898 0.32910706773810144
0.5140917712573494 0.5137815595541364 0.513471347850924 0.5131611361477115 0.512850924444499 0.5125407127412865 0.5122305010380741 0.5119202893348617 0.5116100776316491 0.8637972257857849 0.8637972257857849 0.8637972257857849 0.8637972257857849 0.8637972257857849 0.8637972257857849 0.8637972257857849 0.8637972257857849 0.8637972257857849 0.8637972257857849 0.8637972257857849 0.8637972257857849 0.8637972257857849 0.8637972257857849 0.8637972257857849 0.8637972257857849 0.8637972257857849 0.8637972257857849 0.8637972257857849 0.8637972257857849 0.8637972257857849 0.8637972257857849 0.8637972257857849 0.8637972257857849 0.3216587047033852 0.3218170300459341 0.32197535538848293 0.32213368073103177 0.32229200607358066 0.3224503314161295 0.32260865675867834 0.32276698210122745 0.32292530744377634 0.3230836327863252 0.323241958128874 0.3234002834714229
0.5206680718988635 0.5198036055894939 0.5189391392801257 0.5180746729707575 0.5172102066613893 0.5163457403520211 0.5154812740426529 0.5146168077332847 0.5137523414239165 0.8637972257857849 0.8637972257857849 0.8637972257857849 0.8637972257857849 0.8637972257857849 0.8637972257857849 0.8637972257857849 0.8637972257857849 0.8637972257857849 0.8637972257857849 0.8637972257857849 0.8637972257857849 0.8637972257857849 0.8637972257857849 0.8637972257857849 0.8637972257857849 0.8637972257857849 0.8637972257857849 0.8637972257857849 0.8637972257857849 0.8637972257857849 0.8637972257857849 0.8637972257857849 0.8637972257857849 0.2942593868084045 0.2955016688503636 0.29674395089232264 0.29798623293428167 0.2992285149762407 0.30047079701819973 0.30171307906015876 0.3029553611021199 0.30419764314407893 0.30543992518603796 0.306682207227997 0.307924489269956
0.5272443725403749 0.5258256516248488 0.5244069307093251 0.5229882097938013 0.5215694888782777 0.520150767962754 0.5187320470472302 0.5173133261317066 0.5158946052161828 0.8637972257857849 0.8637972257857849 0.8637972257857849 0.8637972257857849 0.8637972257857849 0.8637972257857849 0.8637972257857849 0.8637972257857849 0.8637972257857849 0.8637972257857849 0.8637972257857849 0.8637972257857849 0.8637972257857849 0.8637972257857849 0.8637972257857849 0.8637972257857849 0.8637972257857849 0.8637972257857849 0.8637972257857849 0.8637972257857849 0.8637972257857849 0.8637972257857849 0.8637972257857849 0.8637972257857849 0.2668600689134355 0.2691863076548043 0.271512546396173 0.2738387851375418 0.2761650238789105 0.2784912626202793 0.28081750136164807 0.2831437401030208 0.2854699788443895 0.28779621758575824 0.290122456327127 0.2924486950684958
0.5338206731818863 0.5318476976602037 0.5298747221385245 0.5279017466168453 0.525928771095166 0.5239557955734868 0.5219828200518076 0.5200098445301284 0.5180368690084491 0.8637972257857849 0.8637972257857849 0.8637972257857849 0.8637972257857849 0.8637972257857849 0.8637972257857849 0.8637972257857849 0.8637972257857849 0.8637972257857849 0.8637972257857849 0.8637972257857849 0.8637972257857849 0.8637972257857849 0.8637972257857849 0.8637972257857849 0.8637972257857849 0.8637972257857849 0.8637972257857849 0.8637972257857849 0.8637972257857849 0.8637972257857849 0.8637972257857849 0.8637972257857849 0.8637972257857849 0.23946075101846653 0.24287094645924498 0.24628114190002345 0.24969133734080193 0.25310153278158043 0.25651172822235885 0.2599219236631373 0.2633321191039216 0.2667423145447001 0.2701525099854786 0.27356270542625705 0.2769729008670355
0.5403969738234005 0.5378697436955612 0.5353425135677262 0.5328152834398913 0.5302880533120563 0.5277608231842214 0.5252335930563864 0.5227063629285514 0.5201791328007165 0.8637972257857849 0.8637972257857849 0.8637972257857849 0.8637972257857849 0.8637972257857849 0.8637972257857849 0.8637972257857849 0.8637972257857849 0.8637972257857849 0.8637972257857849 0.8637972257857849 0.8637972257857849 0.8637972257857849 0.8637972257857849 0.8637972257857849 0.8637972257857849 0.8637972257857849 0.8637972257857849 0.8637972257857849 0.8637972257857849 0.8637972257857849 0.8637972257857849 0.8637972257857849 0.8637972257857849 0.21206143312348585 0.2165555852636745 0.22104973740386313 0.2255438895440518 0.23003804168424044 0.23453219382442908 0.23902634596461775 0.24352049810481408 0.24801465024500272 0.25250880238519136 0.25700295452538 0.2614971066655687
0.5469732744649117 0.543891789730916 0.5408103049969255 0.5377288202629351 0.5346473355289446 0.5315658507949541 0.5284843660609637 0.5254028813269732 0.5223213965929827 0.8637972257857849 0.8637972257857849 0.8637972257857849 0.8637972257857849 0.8637972257857849 0.8637972257857849 0.8637972257857849 0.8637972257857849 0.8637972257857849 0.8637972257857849 0.8637972257857849 0.8637972257857849 0.8637972257857849 0.8637972257857849 0.8637972257857849 0.8637972257857849 0.8637972257857849 0.8637972257857849 0.8637972257857849 0.8637972257857849 0.8637972257857849 0.8637972257857849 0.8637972257857849 0.8637972257857849 0.18466211522851683 0.1902402240681152 0.19581833290771358 0.20139644174731194 0.2069745505869103 0.21255265942650867 0.21813076826610703 0.2237088771057149 0.22928698594531327 0.23486509478491163 0.24044320362451 0.24602131246410835
0.5535495751064231 0.549913835766271 0.5462780964261249 0.542642357085979 0.539006617745833 0.535370878405687 0.531735139065541 0.5280993997253951 0.5244636603852492 0.8637972257857849 0.8637972257857849 0.8637972257857849 0.8637972257857849 0.8637972257857849 0.8637972257857849 0.8637972257857849 0.8637972257857849 0.8637972257857849 0.8637972257857849 0.8637972257857849 0.8637972257857849 0.8637972257857849 0.8637972257857849 0.8637972257857849 0.8637972257857849 0.8637972257857849 0.8637972257857849 0.8637972257857849 0.8637972257857849 0.8637972257857849 0.8637972257857849 0.8637972257857849 0.8637972257857849 0.15726279733354784 0.16392486287255592 0.170586928411564 0.1772489939505721 0.18391105948958017 0.19057312502858825 0.19723519056759634 0.20389725610661577 0.21055932164562385 0.21722138718463194 0.22388345272364002 0.2305455182626481
