Figures/CREST_Example_wjb_NSE/Rolling_result/20100722/BJP_forecast/ens_49/wjb.rain.20100722.asc
ncols            288
nrows            254
xllcorner        113.274861
yllcorner        31.4918055
cellsize         0.008333333333
NODATA_value     -9999
[rows 80 to 99 of 254, columns 180 to 224 of 288]
8.731540275842923 8.543762088013242 8.355983900183244 5.697871959922898 5.697871959922898 5.697871959922898 5.697871959922898 5.697871959922898 5.697871959922898 5.697871959922898 5.697871959922898 5.697871959922898 5.697871959922898 5.697871959922898 5.697871959922898 5.697871959922898 5.697871959922898 5.697871959922898 5.697871959922898 5.697871959922898 5.697871959922898 5.697871959922898 5.697871959922898 5.697871959922898 5.697871959922898 5.697871959922898 -9999.0 -9999.0 -9999.0 -9999.0 -9999.0 -9999.0 -9999.0 -9999.0 -9999.0 -9999.0 -9999.0 -9999.0 -9999.0 -9999.0 -9999.0 -9999.0 -9999.0 -9999.0 -9999.0
8.467769249374989 8.268082231550316 8.068395213725301 5.697871959922898 5.697871959922898 5.697871959922898 5.697871959922898 5.697871959922898 5.697871959922898 5.697871959922898 5.697871959922898 5.697871959922898 5.697871959922898 5.697871959922898 5.697871959922898 5.697871959922898 5.697871959922898 5.697871959922898 5.697871959922898 5.697871959922898 5.697871959922898 5.697871959922898 5.697871959922898 5.697871959922898 5.697871959922898 5.697871959922898 -9999.0 -9999.0 -9999.0 -9999.0 -9999.0 -9999.0 -9999.0 -9999.0 -9999.0 -9999.0 -9999.0 -9999.0 -9999.0 -9999.0 -9999.0 -9999.0 -9999.0 -9999.0 -9999.0
8.203998222907055 7.992402375087387 7.780806527267359 5.697871959922898 5.697871959922898 5.697871959922898 5.697871959922898 5.697871959922898 5.697871959922898 5.697871959922898 5.697871959922898 5.697871959922898 5.697871959922898 5.697871959922898 5.697871959922898 5.697871959922898 5.697871959922898 5.697871959922898 5.697871959922898 5.697871959922898 5.697871959922898 5.697871959922898 5.697871959922898 5.697871959922898 5.697871959922898 -9999.0 -9999.0 -9999.0 -9999.0 -9999.0 -9999.0 -9999.0 -9999.0 -9999.0 -9999.0 -9999.0 -9999.0 -9999.0 -9999.0 -9999.0 -9999.0 -9999.0 -9999.0 -9999.0 -9999.0
7.940227196439123 7.71672251862446 7.493217840809416 5.697871959922898 5.697871959922898 5.697871959922898 5.697871959922898 5.697871959922898 5.697871959922898 5.697871959922898 5.697871959922898 5.697871959922898 5.697871959922898 5.697871959922898 5.697871959922898 5.697871959922898 5.697871959922898 5.697871959922898 5.697871959922898 5.697871959922898 5.697871959922898 5.697871959922898 5.697871959922898 5.697871959922898 5.697871959922898 -9999.0 -9999.0 -9999.0 -9999.0 -9999.0 -9999.0 -9999.0 -9999.0 -9999.0 -9999.0 -9999.0 -9999.0 -9999.0 -9999.0 -9999.0 -9999.0 -9999.0 -9999.0 -9999.0 -9999.0
7.676456169971189 7.441042662161533 7.205629154351475 5.697871959922898 5.697871959922898 5.697871959922898 5.697871959922898 5.697871959922898 5.697871959922898 5.697871959922898 5.697871959922898 5.697871959922898 5.697871959922898 5.697871959922898 5.697871959922898 5.697871959922898 5.697871959922898 5.697871959922898 5.697871959922898 5.697871959922898 5.697871959922898 5.697871959922898 5.697871959922898 5.697871959922898 5.697871959922898 -9999.0 -9999.0 -9999.0 -9999.0 -9999.0 -9999.0 -9999.0 -9999.0 -9999.0 -9999.0 -9999.0 -9999.0 -9999.0 -9999.0 -9999.0 -9999.0 -9999.0 -9999.0 -9999.0 -9999.0
7.66280279171427 7.422839812779001 7.1828768338433235 7.035406447346337 6.986812734816366 6.938219022286396 6.8896253097564255 6.841031597226454 6.792437884696484 6.743844172166513 6.695250459636543 6.646656747106571 6.598063034576601 6.5494693220466305 6.50087560951666 5.697871959922898 5.697871959922898 5.697871959922898 5.697871959922898 5.697871959922898 5.697871959922898 5.697871959922898 5.697871959922898 5.697871959922898 5.697871959922898 5.697871959922898 -9999.0 -9999.0 5.697871959922898 5.697871959922898 -9999.0 -9999.0 -9999.0 -9999.0 -9999.0 -9999.0 -9999.0 -9999.0 -9999.0 -9999.0 -9999.0 -9999.0 -9999.0 -9999.0 -9999.0
7.916509409789274 7.679863650361376 7.4432178909330755 7.291508011190242 7.2305965085101525 7.169685005830063 7.108773503149973 7.047862000469883 6.986950497789794 6.926038995109703 6.865127492429614 6.804215989749524 6.743304487069435 6.682392984389345 6.621481481709255 5.697871959922898 5.697871959922898 5.697871959922898 5.697871959922898 5.697871959922898 5.697871959922898 5.697871959922898 5.697871959922898 5.697871959922898 5.697871959922898 5.697871959922898 5.697871959922898 5.697871959922898 5.697871959922898 5.697871959922898 5.697871959922898 -9999.0 -9999.0 -9999.0 -9999.0 -9999.0 -9999.0 -9999.0 -9999.0 -9999.0 -9999.0 -9999.0 -9999.0 -9999.0 -9999.0
8.170216027864278 7.936887487943752 7.703558948022827 7.547609575034147 7.474380282203938 7.401150989373729 7.3279216965435205 7.254692403713312 7.181463110883103 7.108233818052894 7.035004525222686 6.961775232392477 6.888545939562268 6.815316646732059 6.742087353901851 5.697871959922898 5.697871959922898 5.697871959922898 5.697871959922898 5.697871959922898 5.697871959922898 5.697871959922898 5.697871959922898 5.697871959922898 5.697871959922898 5.697871959922898 5.697871959922898 5.697871959922898 5.697871959922898 5.697871959922898 5.697871959922898 -9999.0 -9999.0 -9999.0 -9999.0 -9999.0 -9999.0 -9999.0 -9999.0 -9999.0 -9999.0 -9999.0 -9999.0 -9999.0 -9999.0
8.423922645939282 8.193911325526127 7.963900005112578 7.80371113887805 7.718164055897723 7.632616972917395 7.547069889937068 7.46152280695674 7.3759757239764125 7.290428640996084 7.204881558015757 7.119334475035429 7.0337873920551015 6.948240309074774 6.862693226094446 5.697871959922898 5.697871959922898 5.697871959922898 5.697871959922898 5.697871959922898 5.697871959922898 5.697871959922898 5.697871959922898 5.697871959922898 5.697871959922898 5.697871959922898 5.697871959922898 5.697871959922898 5.697871959922898 5.697871959922898 5.697871959922898 -9999.0 -9999.0 -9999.0 -9999.0 -9999.0 -9999.0 -9999.0 -9999.0 -9999.0 -9999.0 -9999.0 -9999.0 -9999.0 -9999.0
8.677629264014286 8.4509351631085 8.224241062202328 8.059812702721954 7.961947829591508 7.864082956461061 7.766218083330615 7.668353210200168 7.570488337069722 7.472623463939275 7.374758590808828 7.276893717678382 7.179028844547934 7.081163971417488 6.983299098287041 5.697871959922898 5.697871959922898 5.697871959922898 5.697871959922898 5.697871959922898 5.697871959922898 5.697871959922898 5.697871959922898 5.697871959922898 5.697871959922898 5.697871959922898 5.697871959922898 5.697871959922898 5.697871959922898 5.697871959922898 5.697871959922898 5.697871959922898 -9999.0 -9999.0 -9999.0 -9999.0 -9999.0 -9999.0 -9999.0 -9999.0 -9999.0 -9999.0 -9999.0 -9999.0 -9999.0
8.93133588208929 8.707959000690876 8.48458211929208 8.315914266565859 8.205731603285294 8.095548940004727 7.985366276724163 7.875183613443596 7.765000950163031 7.654818286882465 7.544635623601899 7.434452960321334 7.324270297040768 7.214087633760203 7.103904970479637 5.697871959922898 5.697871959922898 5.697871959922898 5.697871959922898 5.697871959922898 5.697871959922898 5.697871959922898 5.697871959922898 5.697871959922898 5.697871959922898 5.697871959922898 5.697871959922898 5.697871959922898 5.697871959922898 5.697871959922898 5.697871959922898 5.697871959922898 -9999.0 -9999.0 -9999.0 -9999.0 -9999.0 -9999.0 -9999.0 -9999.0 -9999.0 -9999.0 -9999.0 -9999.0 -9999.0
9.185042500164293 8.96498283827325 8.744923176381832 8.572015830409764 8.449515376979079 8.327014923548395 8.20451447011771 8.082014016687026 7.9595135632563405 7.837013109825656 7.714512656394971 7.592012202964287 7.469511749533602 7.347011296102917 7.224510842672233 5.697871959922898 5.697871959922898 5.697871959922898 5.697871959922898 5.697871959922898 5.697871959922898 5.697871959922898 5.697871959922898 5.697871959922898 5.697871959922898 5.697871959922898 5.697871959922898 5.697871959922898 5.697871959922898 5.697871959922898 -9999.0 -9999.0 -9999.0 -9999.0 -9999.0 -9999.0 5.697871959922898 -9999.0 5.697871959922898 -9999.0 -9999.0 -9999.0 -9999.0 -9999.0 -9999.0
9.438749118239514 9.222006675855845 9.005264233471806 8.828117394253887 8.693299150673074 8.558480907092259 8.423662663511445 8.28884441993063 8.154026176349817 8.019207932769001 7.884389689188188 7.749571445607374 7.614753202026559 7.479934958445745 7.345116714864931 5.697871959922898 5.697871959922898 5.697871959922898 5.697871959922898 5.697871959922898 5.697871959922898 5.697871959922898 5.697871959922898 5.697871959922898 5.697871959922898 5.697871959922898 5.697871959922898 5.697871959922898 5.697871959922898 5.697871959922898 -9999.0 -9999.0 -9999.0 -9999.0 -9999.0 5.697871959922898 5.697871959922898 5.697871959922898 5.697871959922898 -9999.0 -9999.0 -9999.0 -9999.0 -9999.0 -9999.0
9.69245573631452 9.47903051343822 9.265605290561556 9.084218958097793 8.937082924366859 8.789946890635926 8.642810856904992 8.49567482317406 8.348538789443126 8.201402755712193 8.054266721981259 7.9071306882503265 7.759994654519393 7.61285862078846 7.465722587057527 5.697871959922898 5.697871959922898 5.697871959922898 5.697871959922898 5.697871959922898 5.697871959922898 5.697871959922898 5.697871959922898 5.697871959922898 5.697871959922898 5.697871959922898 5.697871959922898 5.697871959922898 5.697871959922898 5.697871959922898 5.697871959922898 -9999.0 -9999.0 -9999.0 -9999.0 5.697871959922898 5.697871959922898 5.697871959922898 5.697871959922898 -9999.0 -9999.0 -9999.0 -9999.0 -9999.0 -9999.0
9.946162354389523 9.736054351020595 9.525946347651308 9.340320521941697 9.180866698060644 9.021412874179592 8.861959050298541 8.702505226417488 8.543051402536436 8.383597578655383 8.224143754774332 8.064689930893278 7.905236107012226 7.745782283131174 7.586328459250122 5.697871959922898 5.697871959922898 5.697871959922898 5.697871959922898 5.697871959922898 5.697871959922898 5.697871959922898 5.697871959922898 5.697871959922898 5.697871959922898 5.697871959922898 5.697871959922898 5.697871959922898 5.697871959922898 5.697871959922898 5.697871959922898 5.697871959922898 -9999.0 -9999.0 -9999.0 5.697871959922898 5.697871959922898 5.697871959922898 5.697871959922898 5.697871959922898 -9999.0 -9999.0 -9999.0 -9999.0 -9999.0
10.199868972464527 9.99307818860297 9.78628740474106 9.596422085785601 9.42465047175443 9.252878857723259 9.081107243692088 8.909335629660916 8.737564015629745 8.565792401598573 8.394020787567403 8.22224917353623 8.05047755950506 7.878705945473889 7.706934331442717 5.697871959922898 5.697871959922898 5.697871959922898 5.697871959922898 5.697871959922898 5.697871959922898 5.697871959922898 5.697871959922898 5.697871959922898 5.697871959922898 5.697871959922898 5.697871959922898 5.697871959922898 5.697871959922898 5.697871959922898 5.697871959922898 5.697871959922898 5.697871959922898 5.697871959922898 5.697871959922898 5.697871959922898 5.697871959922898 5.697871959922898 5.697871959922898 5.697871959922898 5.697871959922898 5.697871959922898 5.697871959922898 -9999.0 -9999.0
10.45357559053953 10.250102026185344 10.04662846183081 9.852523649629505 9.668434245448214 9.484344841266925 9.300255437085633 9.116166032904344 8.932076628723054 8.747987224541763 8.563897820360474 8.379808416179184 8.195719011997893 8.011629607816603 7.827540203635312 5.697871959922898 5.697871959922898 5.697871959922898 5.697871959922898 5.697871959922898 5.697871959922898 5.697871959922898 5.697871959922898 5.697871959922898 5.697871959922898 5.697871959922898 5.697871959922898 5.697871959922898 5.697871959922898 5.697871959922898 5.697871959922898 5.697871959922898 5.697871959922898 5.697871959922898 5.697871959922898 5.697871959922898 5.697871959922898 5.697871959922898 5.697871959922898 5.697871959922898 5.697871959922898 5.697871959922898 5.697871959922898 -9999.0 -9999.0
10.51216090466192 10.307641935597132 10.103122966531995 9.906824140086242 9.719312832081457 9.53180152407667 9.344290216071885 9.1567789080671 8.969267600062315 8.78175629205753 8.594244984052745 8.40673367604796 8.219222368043175 8.03171106003839 7.844199752033604 7.615517566668592 7.342822781827815 7.070127996987038 6.797433212146261 6.5247384273054845 6.252043642464708 5.979348857623931 5.706654072783154 5.433959287942377 5.1612645031016005 4.888569718260824 4.615874933420047 5.697871959922898 5.697871959922898 5.697871959922898 5.697871959922898 5.697871959922898 5.697871959922898 5.697871959922898 5.697871959922898 5.697871959922898 5.697871959922898 5.697871959922898 5.697871959922898 5.697871959922898 5.697871959922898 5.697871959922898 5.697871959922898 -9999.0 -9999.0
10.362173846612311 10.151946102596947 9.941718358581225 9.74541200598282 9.563987935781467 9.382563865580115 9.201139795378763 9.019715725177411 8.838291654976059 8.656867584774707 8.475443514573355 8.294019444372003 8.11259537417065 7.931171303969299 7.7497472337679465 7.5270147316900475 7.260122581245954 6.9932304308018605 6.7263382803577665 6.459446129913673 6.192553979469579 5.925661829025486 5.658769678581392 5.391877528137298 5.124985377693205 4.85809322724911 4.591201076805017 5.697871959922898 5.697871959922898 5.697871959922898 5.697871959922898 5.697871959922898 5.697871959922898 5.697871959922898 5.697871959922898 5.697871959922898 5.697871959922898 5.697871959922898 5.697871959922898 5.697871959922898 5.697871959922898 5.697871959922898 5.697871959922898 -9999.0 -9999.0
10.212186788562828 9.996250269596892 9.78031375063059 9.583999871879536 9.408663039481612 9.233326207083687 9.057989374685764 8.88265254228784 8.707315709889915 8.53197887749199 8.356642045094066 8.181305212696143 8.005968380298219 7.830631547900294 7.655294715502371 7.43851189671158 7.177422380664164 6.916332864616749 6.655243348569334 6.394153832521918 6.133064316474503 5.871974800427087 5.6108852843796715 5.349795768332256 5.08870625228484 4.827616736237425 4.566527220190009 5.697871959922898 5.697871959922898 5.697871959922898 5.697871959922898 5.697871959922898 5.697871959922898 5.697871959922898 5.697871959922898 5.697871959922898 5.697871959922898 5.697871959922898 5.697871959922898 5.697871959922898 5.697871959922898 5.697871959922898 5.697871959922898 5.697871959922898 -9999.0
