Figures/CREST_Example_wjb_NSE/Rolling_result/20100722/BJP_forecast/ens_49/wjb.rain.20100728.asc
ncols            288
nrows            254
xllcorner        113.274861
yllcorner        31.4918055
cellsize         0.008333333333
NODATA_value     -9999
[rows 196 to 223 of 254, columns 189 to 251 of 288]
0.04672806096755054 0.0382577380738057 0.029787415180060867 0.021317092286316022 0.012846769392571192 0.004376446498826347 0.0 0.0 0.0 0.0 0.0 0.0 0.0 0.0 0.0 0.0 0.0 0.0 0.0 0.0 0.0 0.0 0.0 0.0 0.0 0.0 0.0 0.0 0.0 0.0 0.005741205244284415 0.017619888825239752 0.029498572406215343 0.04137725598717068 0.053255939568126014 0.06513462314908135 0.07701330673003669 0.08889199031099201 0.10077067389194735 0.1126493574729027 0.12452804105385802 0.13640672463481335 0.1404027746890951 0.13597211109345037 0.1315414474978056 0.12711078390215333 0.1226801203065086 0.11824945671086386 0.11381879311521913 0.10938812951957438 0.10495746592392965 0.10052680232828493 0.09609613873264018 0.09166547513699545 0.02764072696795125 0.02764072696795125 0.02764072696795125 0.02764072696795125 0.02764072696795125 0.02764072696795125 0.02764072696795125 0.02764072696795125 0.02764072696795125
0.04124139589247277 0.033765632238582 0.02628986858469122 0.01881410493080045 0.011338341276909678 0.0038625776230189063 0.0 0.0 0.0 0.0 0.0 0.0 0.0 0.0 0.0 0.0 0.0 0.0 0.0 0.0 0.0 0.0 0.0 0.0 0.0 0.0 0.0 0.0 0.0 0.0 0.005672395140723818 0.017408709060155066 0.02914502297960633 0.04088133689903758 0.05261765081846882 0.06435396473790007 0.07609027865733133 0.08782659257676256 0.09956290649619381 0.11129922041562507 0.12303553433505632 0.13477184825448757 0.13834047412595568 0.13317765661251788 0.12801483909908004 0.12285202158563342 0.1176892040721956 0.1125263865587578 0.10736356904531998 0.10220075153188216 0.09703793401844435 0.09187511650500652 0.08671229899156871 0.08154948147813089 0.02764072696795125 0.02764072696795125 0.02764072696795125 0.02764072696795125 0.02764072696795125 0.02764072696795125 0.02764072696795125 0.02764072696795125 0.02764072696795125
0.035754730817397336 0.029273526403360207 0.022792321989323072 0.016311117575285944 0.009829913161248816 0.003348708747211687 0.0 0.0 0.0 0.0 0.0 0.0 0.0 0.0 0.0 0.0 0.0 0.0 0.0 0.0 0.0 0.0 0.0 0.0 0.0 0.0 0.0 0.0 0.0 0.0 0.005603585037163253 0.017197529295070478 0.028791473552997472 0.0403854178109047 0.051979362068811916 0.06357330632671915 0.07516725058462637 0.08676119484253358 0.09835513910044082 0.10994908335834803 0.12154302761625525 0.13313697187416249 0.13627817356281718 0.13038320213158658 0.12448823070035599 0.11859325926911535 0.11269828783788476 0.10680331640665416 0.10090834497542359 0.09501337354419298 0.0891184021129624 0.08322343068173181 0.07732845925050122 0.07143348781927063 0.02764072696795125 0.02764072696795125 0.02764072696795125 0.02764072696795125 0.02764072696795125 0.02764072696795125 0.02764072696795125 0.02764072696795125 -9999.0
0.030268065742321902 0.024781420568138417 0.019294775393954924 0.013808130219771432 0.008321485045587947 0.0028348398714044543 0.0 0.0 0.0 0.0 0.0 0.0 0.0 0.0 0.0 0.0 0.0 0.0 0.0 0.0 0.0 0.0 0.0 0.0 0.0 0.0 0.0 0.0 0.0 0.0 0.005534774933602686 0.01698634952998588 0.028437924126388604 0.0398894987227718 0.051341073319154995 0.0627926479155382 0.07424422251192139 0.08569579710830458 0.09714737170468778 0.10859894630107098 0.12005052089745416 0.13150209549383737 0.13421587299967863 0.12758874765065528 0.12096162230163192 0.11433449695259726 0.10770737160357391 0.10108024625455055 0.09445312090552718 0.08782599555650383 0.08119887020748047 0.0745717448584571 0.06794461950943376 0.06131749416041039 0.02764072696795125 0.02764072696795125 0.02764072696795125 0.02764072696795125 0.02764072696795125 0.02764072696795125 0.02764072696795125 0.02764072696795125 -9999.0
0.02478140066724413 0.020289314732914704 0.015797228798585285 0.011305142864255859 0.006813056929926432 0.002320970995597013 0.0 0.0 0.0 0.0 0.0 0.0 0.0 0.0 0.0 0.0 0.0 0.0 0.0 0.0 0.0 0.0 0.0 0.0 0.0 0.0 0.0 0.0 0.0 0.0 0.00546596483004209 0.016775169764901197 0.02808437469977959 0.0393935796346387 0.050702784569497804 0.062011989504356914 0.07332119443921602 0.08463039937407513 0.09593960430893424 0.10724880924379335 0.11855801417865246 0.12986721911351157 0.13215357243653922 0.12479429316972279 0.11743501390290634 0.11007573463607735 0.10271645536926091 0.09535717610244447 0.08799789683562803 0.08063861756881159 0.07327933830199515 0.06592005903517871 0.05856077976836227 0.05120150050154583 0.02764072696795125 0.02764072696795125 0.02764072696795125 0.02764072696795125 0.02764072696795125 0.02764072696795125 0.02764072696795125 0.02764072696795125 -9999.0
0.0192947355921687 0.015797208897692917 0.012299682203217133 0.008802155508741354 0.00530462881426557 0.0018071021197897871 0.0 0.0 0.0 0.0 0.0 0.0 0.0 0.0 0.0 0.0 0.0 0.0 0.0 0.0 0.0 0.0 0.0 0.0 0.0 0.0 0.0 0.0 0.0 0.0 0.005397154726481523 0.016563989999816606 0.02773082527317073 0.03889766054650581 0.05006449581984089 0.061231331093175974 0.07239816636651106 0.08356500163984613 0.09473183691318122 0.1058986721865163 0.11706550745985138 0.12823234273318646 0.13009127187340072 0.12199983868879151 0.1139084055041823 0.10581697231955928 0.09772553913495007 0.08963410595034085 0.08154267276573163 0.07345123958112243 0.0653598063965132 0.05726837321190399 0.04917694002729478 0.04108550684268557 0.02764072696795125 0.02764072696795125 0.02764072696795125 0.02764072696795125 0.02764072696795125 0.02764072696795125 0.02764072696795125 -9999.0 -9999.0
0.013808070517093266 0.011305103062471126 0.008802135607848986 0.006299168153226842 0.0037962006986047014 0.0012932332439825611 0.0 0.0 0.0 0.0 0.0 0.0 0.0 0.0 0.0 0.0 0.0 0.0 0.0 0.0 0.0 0.0 0.0 0.0 0.0 0.0 0.0 0.0 0.0 0.0 0.005328344622920957 0.01635281023473201 0.02737727584656187 0.03840174145837292 0.049426207070183976 0.060450672681995034 0.07147513829380608 0.08249960390561714 0.0935240695174282 0.10454853512923926 0.11557300074105031 0.12659746635286137 0.1280289713102622 0.1192053842078602 0.11038179710545822 0.10155821000304119 0.0927346229006392 0.08391103579823722 0.07508744869583525 0.06626386159343325 0.05744027449103127 0.04861668738862929 0.039793100286227304 0.03096951318382532 0.02764072696795125 0.02764072696795125 0.02764072696795125 0.02764072696795125 0.02764072696795125 0.02764072696795125 0.02764072696795125 -9999.0 -9999.0
0.008321405442017833 0.006812997227249332 0.0053045890124808325 0.0037961807977123334 0.0022877725829438325 0.0007793643681753351 0.0 0.0 0.0 0.0 0.0 0.0 0.0 0.0 0.0 0.0 0.0 0.0 0.0 0.0 0.0 0.0 0.0 0.0 0.0 0.0 0.0 0.0 0.0 0.0 0.0052595345193603895 0.016141630469647415 0.027023726419953 0.037905822370240025 0.048787918320527056 0.05967001427081408 0.07055211022110111 0.08143420617138813 0.09231630212167516 0.1031983980719622 0.11408049402224922 0.12496258997253624 0.12596667074712364 0.1164109297269289 0.10685518870673415 0.0972994476865231 0.08774370666632833 0.07818796564613359 0.06863222462593882 0.05907648360574408 0.049520742585549324 0.03996500156535457 0.030409260545159814 0.02085351952496506 0.02764072696795125 0.02764072696795125 0.02764072696795125 0.02764072696795125 0.02764072696795125 0.02764072696795125 0.02764072696795125 0.02764072696795125 -9999.0
0.00283474036694006 0.0023208913920256258 0.001807042417111192 0.0012931934421967573 0.0007793444672823235 0.0002654954923678888 0.0 0.0 0.0 0.0 0.0 0.0 0.0 0.0 0.0 0.0 0.0 0.0 0.0 0.0 0.0 0.0 0.0 0.0 0.0 0.0 0.0 0.0 0.0 0.0 0.005190724415799795 0.015930450704562737 0.02667017699334399 0.037409903282106936 0.04814962957086987 0.058889355859632814 0.06962908214839576 0.0803688084371587 0.09110853472592165 0.10184826101468458 0.11258798730344752 0.12332771359221047 0.12390437018398427 0.11361647524599643 0.1033285803080086 0.0930406853700032 0.08275279043201537 0.07246489549402754 0.0621770005560397 0.051889105618051864 0.04160121068006402 0.031313315742076187 0.02102542080408834 0.010737525866100509 0.02764072696795125 0.02764072696795125 0.02764072696795125 0.02764072696795125 0.02764072696795125 0.02764072696795125 0.02764072696795125 -9999.0 -9999.0
0.0 0.0 0.0 0.0 0.0 0.0 0.0 0.0 0.0 0.0 0.0 0.0 0.0 0.0 0.0 0.0 0.0 0.0 0.0 0.0 0.0 0.0 0.0 0.0 0.0 0.0 0.0 0.0 0.0 0.0 0.004947531211000962 0.015184085255274 0.025420639299564493 0.03565719334383753 0.04589374738811057 0.0561303014323836 0.06636685547665665 0.07660340952092969 0.08683996356520271 0.09707651760947575 0.10731307165374879 0.11754962569802183 0.02764072696795125 0.02764072696795125 0.02764072696795125 0.02764072696795125 0.02764072696795125 0.02764072696795125 0.02764072696795125 0.02764072696795125 0.02764072696795125 0.02764072696795125 0.02764072696795125 0.02764072696795125 0.02764072696795125 0.02764072696795125 0.02764072696795125 0.02764072696795125 0.02764072696795125 0.02764072696795125 -9999.0 -9999.0 -9999.0
0.0 0.0 0.0 0.0 0.0 0.0 0.0 0.0 0.0 0.0 0.0 0.0 0.0 0.0 0.0 0.0 0.0 0.0 0.0 0.0 0.0 0.0 0.0 0.0 0.0 0.0 0.0 0.0 0.0 0.0 0.004517933462032445 0.013865640041364567 0.023213346620712626 0.03256105320004475 0.04190875977937687 0.051256466358708994 0.060604172938041115 0.06995187951737324 0.07929958609670536 0.08864729267603748 0.0979949992553696 0.10734270583470172 0.02764072696795125 0.02764072696795125 0.02764072696795125 0.02764072696795125 0.02764072696795125 0.02764072696795125 0.02764072696795125 0.02764072696795125 0.02764072696795125 0.02764072696795125 0.02764072696795125 0.02764072696795125 0.02764072696795125 0.02764072696795125 0.02764072696795125 0.02764072696795125 -9999.0 -9999.0 -9999.0 -9999.0 -9999.0
0.0 0.0 0.0 0.0 0.0 0.0 0.0 0.0 0.0 0.0 0.0 0.0 0.0 0.0 0.0 0.0 0.0 0.0 0.0 0.0 0.0 0.0 0.0 0.0 0.0 0.0 0.0 0.0 0.0 0.0 0.004088335713063744 0.012547194827454568 0.021006053941859816 0.029464913056250642 0.03792377217064146 0.04638263128503229 0.05484149039942311 0.06330034951381394 0.07175920862820476 0.08021806774259559 0.0886769268569864 0.09713578597137723 0.02764072696795125 0.02764072696795125 0.02764072696795125 0.02764072696795125 0.02764072696795125 0.02764072696795125 0.02764072696795125 0.02764072696795125 0.02764072696795125 0.02764072696795125 0.02764072696795125 0.02764072696795125 0.02764072696795125 0.02764072696795125 0.02764072696795125 -9999.0 -9999.0 -9999.0 -9999.0 -9999.0 -9999.0
0.0 0.0 0.0 0.0 0.0 0.0 0.0 0.0 0.0 0.0 0.0 0.0 0.0 0.0 0.0 0.0 0.0 0.0 0.0 0.0 0.0 0.0 0.0 0.0 0.0 0.0 0.0 0.0 0.0 0.0 0.0036587379640952255 0.011228749613545131 0.018798761263007946 0.02636877291245785 0.033938784561907756 0.04150879621135766 0.049078807860807566 0.05664881951025747 0.06421883115970738 0.07178884280915727 0.07935885445860719 0.08692886610805708 0.02764072696795125 0.02764072696795125 0.02764072696795125 0.02764072696795125 0.02764072696795125 0.02764072696795125 0.02764072696795125 0.02764072696795125 0.02764072696795125 0.02764072696795125 0.02764072696795125 0.02764072696795125 0.02764072696795125 0.02764072696795125 0.02764072696795125 -9999.0 -9999.0 -9999.0 -9999.0 -9999.0 -9999.0
0.0 0.0 0.0 0.0 0.0 0.0 0.0 0.0 0.0 0.0 0.0 0.0 0.0 0.0 0.0 0.0 0.0 0.0 0.0 0.0 0.0 0.0 0.0 0.0 0.0 0.0 0.0 0.0 0.0 0.0 0.0032291402151267074 0.009910304399635694 0.016591468584156076 0.02327263276866506 0.029953796953174048 0.03663496113768303 0.04331612532219202 0.04999728950670101 0.056678453691209996 0.06335961787571898 0.07004078206022797 0.07672194624473695 0.02764072696795125 0.02764072696795125 0.02764072696795125 0.02764072696795125 0.02764072696795125 0.02764072696795125 0.02764072696795125 0.02764072696795125 0.02764072696795125 0.02764072696795125 0.02764072696795125 0.02764072696795125 0.02764072696795125 0.02764072696795125 0.02764072696795125 0.02764072696795125 -9999.0 -9999.0 -9999.0 -9999.0 -9999.0
0.0 0.0 0.0 0.0 0.0 0.0 0.0 0.0 0.0 0.0 0.0 0.0 0.0 0.0 0.0 0.0 0.0 0.0 0.0 0.0 0.0 0.0 0.0 0.0 0.0 0.0 0.0 0.0 0.0 0.0 0.002799542466158006 0.008591859185725696 0.014384175905303264 0.020176492624870954 0.025968809344438643 0.03176112606400633 0.037553442783574024 0.04334575950314171 0.0491380762227094 0.05493039294227709 0.06072270966184478 0.06651502638141248 0.02764072696795125 0.02764072696795125 0.02764072696795125 0.02764072696795125 0.02764072696795125 0.02764072696795125 0.02764072696795125 0.02764072696795125 0.02764072696795125 0.02764072696795125 0.02764072696795125 0.02764072696795125 0.02764072696795125 0.02764072696795125 0.02764072696795125 0.02764072696795125 -9999.0 -9999.0 -9999.0 -9999.0 -9999.0
0.0 0.0 0.0 0.0 0.0 0.0 0.0 0.0 0.0 0.0 0.0 0.0 0.0 0.0 0.0 0.0 0.0 0.0 0.0 0.0 0.0 0.0 0.0 0.0 0.0 0.0 0.0 0.0 0.0 0.0 0.0023699447171894885 0.00727341397181626 0.012176883226451394 0.017080352481078163 0.021983821735704935 0.026887290990331707 0.03179076024495848 0.03669422949958525 0.04159769875421202 0.04650116800883879 0.051404637263465565 0.056308106518092337 0.02764072696795125 0.02764072696795125 0.02764072696795125 0.02764072696795125 0.02764072696795125 0.02764072696795125 0.02764072696795125 0.02764072696795125 0.02764072696795125 0.02764072696795125 0.02764072696795125 0.02764072696795125 0.02764072696795125 0.02764072696795125 -9999.0 -9999.0 -9999.0 -9999.0 -9999.0 -9999.0 -9999.0
0.0 0.0 0.0 0.0 0.0 0.0 0.0 0.0 0.0 0.0 0.0 0.0 0.0 0.0 0.0 0.0 0.0 0.0 0.0 0.0 0.0 0.0 0.0 0.0 0.0 0.0 0.0 0.0 0.0 0.0 0.00194034696822097 0.005954968757906823 0.009969590547599523 0.013984212337285376 0.01799883412697123 0.02201345591665708 0.026028077706342936 0.03004269949602879 0.03405732128571464 0.038071943075400495 0.04208656486508635 0.046101186654772204 0.02764072696795125 0.02764072696795125 0.02764072696795125 0.02764072696795125 0.02764072696795125 0.02764072696795125 0.02764072696795125 0.02764072696795125 0.02764072696795125 0.02764072696795125 0.02764072696795125 0.02764072696795125 0.02764072696795125 -9999.0 -9999.0 -9999.0 -9999.0 -9999.0 -9999.0 -9999.0 -9999.0
0.0 0.0 0.0 0.0 0.0 0.0 0.0 0.0 0.0 0.0 0.0 0.0 0.0 0.0 0.0 0.0 0.0 0.0 0.0 0.0 0.0 0.0 0.0 0.0 0.0 0.0 0.0 0.0 0.0 0.0 0.0015107492192522692 0.004636523543996825 0.007762297868746712 0.010888072193491269 0.014013846518235824 0.01713962084298038 0.020265395167724937 0.023391169492469492 0.02651694381721405 0.029642718141958607 0.032768492466703165 0.03589426679144772 0.02764072696795125 0.02764072696795125 0.02764072696795125 0.02764072696795125 0.02764072696795125 0.02764072696795125 0.02764072696795125 0.02764072696795125 0.02764072696795125 0.02764072696795125 0.02764072696795125 -9999.0 -9999.0 -9999.0 -9999.0 -9999.0 -9999.0 -9999.0 -9999.0 -9999.0 -9999.0
0.0 0.0 0.0 0.0 0.0 0.0 0.0 0.0 0.0 0.0 0.0 0.0 0.0 0.0 0.0 0.0 0.0 0.0 0.0 0.0 0.0 0.0 0.0 0.0 0.0 0.0 0.0 0.0 0.0 0.0 0.001081151470283751 0.0033180783300873888 0.005555005189894841 0.007791932049698479 0.010028858909502118 0.012265785769305756 0.014502712629109392 0.016739639488913032 0.018976566348716667 0.021213493208520305 0.023450420068323943 0.02568734692812758 0.02764072696795125 0.02764072696795125 0.02764072696795125 0.02764072696795125 0.02764072696795125 0.02764072696795125 0.02764072696795125 0.02764072696795125 0.02764072696795125 0.02764072696795125 -9999.0 -9999.0 -9999.0 -9999.0 -9999.0 -9999.0 -9999.0 -9999.0 -9999.0 -9999.0 -9999.0
0.0 0.0 0.0 0.0 0.0 0.0 0.0 0.0 0.0 0.0 0.0 0.0 0.0 0.0 0.0 0.0 0.0 0.0 0.0 0.0 0.0 0.0 0.0 0.0 0.0 0.0 0.0 0.0 0.0 0.0 0.000651553721315233 0.001999633116177953 0.0033477125110429715 0.004695791905905692 0.006043871300768411 0.007391950695631131 0.008740030090493851 0.01008810948535657 0.011436188880219291 0.01278426827508201 0.01413234766994473 0.01548042706480745 0.02764072696795125 0.02764072696795125 0.02764072696795125 0.02764072696795125 0.02764072696795125 0.02764072696795125 0.02764072696795125 0.02764072696795125 -9999.0 -9999.0 -9999.0 -9999.0 -9999.0 -9999.0 -9999.0 -9999.0 -9999.0 -9999.0 -9999.0 -9999.0 -9999.0
0.0 0.0 0.0 0.0 0.0 0.0 0.0 0.0 0.0 0.0 0.0 0.0 0.0 0.0 0.0 0.0 0.0 0.0 0.0 0.0 0.0 0.0 0.0 0.0 0.0 0.0 0.0 0.0 0.0 0.0 0.00022195597234671492 0.0006811879022685164 0.001140419832191101 0.0015996517621129024 0.002058883692034704 0.002518115621956505 0.0029773475518783065 0.003436579481800108 0.0038958114117219095 0.004355043341643711 0.004814275271565512 0.005273507201487314 0.02764072696795125 0.02764072696795125 0.02764072696795125 0.02764072696795125 0.02764072696795125 0.02764072696795125 0.02764072696795125 -9999.0 -9999.0 -9999.0 -9999.0 -9999.0 -9999.0 -9999.0 -9999.0 -9999.0 -9999.0 -9999.0 -9999.0 -9999.0 -9999.0
0.0 0.0 0.0 0.0 0.0 0.0 0.0007552295131167243 0.0023178164644233378 0.003880403415729951 0.005442990367036564 0.007005577318343178 0.008568164269649792 0.010130751220956405 0.011693338172263017 0.013255925123569632 0.014818512074876245 0.016381099026182858 0.017943685977489472 0.018457183995041048 0.01784918220238755 0.017241180409735088 0.016633178617082623 0.01602517682443016 0.015417175031777697 0.014809173239125235 0.01420117144647277 0.013593169653820309 0.012985167861167844 0.012377166068515383 0.011769164275862918 0.010993651813790821 0.010039066655136807 0.009084481496481164 0.00812989633782715 0.007175311179173135 0.0062207260205191205 0.005266140861865105 0.004311555703211091 0.0033569705445570756 0.002402385385903061 0.0014478002272490468 0.0004932150685950324 0.02764072696795125 0.02764072696795125 0.02764072696795125 0.02764072696795125 0.02764072696795125 0.02764072696795125 0.02764072696795125 -9999.0 -9999.0 -9999.0 -9999.0 -9999.0 -9999.0 -9999.0 -9999.0 -9999.0 -9999.0 -9999.0 -9999.0 -9999.0 -9999.0
0.0 0.0 0.0 0.0 0.0 0.0 0.002317751776544426 0.007113232646260242 0.011908713515976058 0.016704194385691876 0.02149967525540769 0.02629515612512351 0.031090636994839323 0.03588611786455514 0.040681598734270956 0.045477079603986774 0.05027256047370259 0.0550680413434184 0.0566439343954796 0.05477801521383997 0.05291209603220353 0.05104617685056709 0.04918025766893065 0.0473143384872942 0.04544841930565777 0.04358250012402132 0.04171658094238488 0.03985066176074843 0.037984742579111996 0.03611882339747555 0.03373882452894333 0.030809262840864368 0.027879701152780417 0.02495013946470146 0.022020577776622502 0.019091016088543546 0.016161454400464587 0.013231892712385632 0.010302331024306673 0.007372769336227717 0.004443207648148758 0.0015136459600698024 0.02764072696795125 0.02764072696795125 0.02764072696795125 0.02764072696795125 0.02764072696795125 0.02764072696795125 0.02764072696795125 -9999.0 -9999.0 -9999.0 -9999.0 -9999.0 -9999.0 -9999.0 -9999.0 -9999.0 -9999.0 -9999.0 -9999.0 -9999.0 -9999.0
0.0 0.0 0.0 0.0 0.0 0.0 0.003880274039972125 0.011908648828097139 0.01993702361622215 0.027965398404347166 0.03599377319247218 0.04402214798059719 0.052050522768722206 0.06007889755684722 0.06810727234497223 0.07613564713309724 0.08416402192122226 0.09219239670934727 0.0948306847959181 0.09170684822529235 0.08858301165467193 0.08545917508405151 0.0823353385134311 0.07921150194281068 0.07608766537219026 0.07296382880156985 0.06983999223094943 0.06671615566032901 0.0635923190897086 0.06046848251908818 0.056483997244095835 0.05157945902659193 0.04667492080907967 0.04177038259157577 0.036865844374071866 0.03196130615656797 0.027056767939064072 0.022152229721560168 0.01724769150405627 0.012343153286552375 0.007438615069048471 0.002534076851544574 0.02764072696795125 0.02764072696795125 0.02764072696795125 0.02764072696795125 0.02764072696795125 0.02764072696795125 -9999.0 -9999.0 -9999.0 -9999.0 -9999.0 -9999.0 -9999.0 -9999.0 -9999.0 -9999.0 -9999.0 -9999.0 -9999.0 -9999.0 -9999.0
0.0 0.0 0.0 0.0 0.0 0.0 0.00544279630340049 0.01670406500993608 0.02796533371647167 0.03922660242300726 0.050487871129542845 0.06174913983607844 0.07301040854261402 0.08427167724914962 0.0955329459556852 0.10679421466222079 0.11805548336875639 0.12931675207529197 0.13301743519637288 0.12863568123676047 0.12425392727715555 0.11987217331755062 0.11549041935794568 0.11110866539834076 0.10672691143873583 0.10234515747913091 0.09796340351952598 0.09358164955992104 0.08919989560031613 0.08481814164071119 0.07922916995925804 0.07234965521232835 0.06547014046538693 0.058590625718457245 0.051711110971527564 0.04483159622459788 0.037952081477668195 0.031072566730738514 0.024193051983808826 0.017313537236879145 0.010434022489949457 0.003554507743019783 0.02764072696795125 0.02764072696795125 0.02764072696795125 0.02764072696795125 0.02764072696795125 -9999.0 -9999.0 -9999.0 -9999.0 -9999.0 -9999.0 -9999.0 -9999.0 -9999.0 -9999.0 -9999.0 -9999.0 -9999.0 -9999.0 -9999.0 -9999.0
0.0 0.0 0.0 0.0 0.0 0.0 0.007005318566828189 0.021499481191772977 0.03599364381671776 0.05048780644166255 0.06498196906660735 0.07947613169155213 0.09397029431649692 0.1084644569414417 0.1229586195663865 0.13745278219133128 0.15194694481627607 0.16644110744122084 0.1712041855968114 0.16556451424821286 0.15992484289962394 0.15428517155103505 0.14864550020244616 0.14300582885385724 0.13736615750526834 0.13172648615667942 0.12608681480809053 0.12044714345950162 0.11480747211091272 0.10916780076232381 0.10197434267441054 0.09311985139805591 0.08426536012168619 0.07541086884533156 0.06655637756897693 0.05770188629262231 0.04884739501626768 0.03999290373991306 0.031138412463558432 0.022283921187203806 0.01342942991084918 0.004574938634494555 0.02764072696795125 0.02764072696795125 0.02764072696795125 0.02764072696795125 -9999.0 -9999.0 -9999.0 -9999.0 -9999.0 -9999.0 -9999.0 -9999.0 -9999.0 -9999.0 -9999.0 -9999.0 -9999.0 -9999.0 -9999.0 -9999.0 -9999.0
0.0 0.0 0.0 0.0 0.0 0.0 0.008567840830255892 0.026294897373609884 0.044021953916963875 0.06174901046031787 0.07947606700367185 0.09720312354702584 0.11493018009037984 0.13265723663373383 0.15038429317708782 0.1681113497204418 0.1858384062637958 0.2035654628071498 0.20939093599724992 0.20249334725966528 0.1955957585220924 0.18869816978451953 0.18180058104694663 0.17490299230937376 0.16800540357180088 0.161107814834228 0.15421022609665513 0.14731263735908223 0.14041504862150936 0.13351745988393648 0.12471951538956307 0.1138900475837835 0.10306057977798547 0.09223111197220589 0.08140164416642631 0.07057217636064675 0.05974270855486717 0.04891324074908761 0.03808377294330803 0.027254305137528467 0.01642483733174889 0.0055953695259693265 0.02764072696795125 0.02764072696795125 0.02764072696795125 0.02764072696795125 -9999.0 -9999.0 -9999.0 -9999.0 -9999.0 -9999.0 -9999.0 -9999.0 -9999.0 -9999.0 -9999.0 -9999.0 -9999.0 -9999.0 -9999.0 -9999.0 -9999.0
0.0 0.0 0.0 0.0 0.0 0.0 0.010130363093684256 0.031090313555448827 0.052050264017213396 0.07301021447897796 0.09397016494074253 0.1149301154025071 0.13589006586427166 0.15685001632603623 0.1778099667878008 0.19876991724956536 0.21972986771132993 0.2406898181730945 0.2475776863977047 0.2394221802711334 0.23126667414457602 0.2231111680180186 0.21495566189146123 0.20680015576490385 0.19864464963834644 0.19048914351178906 0.18233363738523167 0.17417813125867426 0.16602262513211688 0.1578671190055595 0.14746468810472527 0.1346602437695199 0.12185579943429273 0.10905135509908737 0.096246910763882 0.08344246642867666 0.0706380220934713 0.05783357775826595 0.045029133423060586 0.032224689087855224 0.019420244752649862 0.006615800417444528 0.02764072696795125 0.02764072696795125 0.02764072696795125 0.02764072696795125 0.02764072696795125 0.02764072696795125 -9999.0 -9999.0 -9999.0 -9999.0 -9999.0 -9999.0 -9999.0 -9999.0 -9999.0 -9999.0 -9999.0 -9999.0 -9999.0 -9999.0 -9999.0
