Figures/CREST_Example_wjb_NSE/Rolling_result/20100722/BJP_forecast/ens_49/wjb.rain.20100723.asc
ncols            288
nrows            254
xllcorner        113.274861
yllcorner        31.4918055
cellsize         0.008333333333
NODATA_value     -9999
[rows 152 to 170 of 254, columns 220 to 263 of 288]
0.05878689772618197 0.06206585362500945 0.06534480952383134 0.06862376542265324 0.07190272132147513 0.075181677220297 0.0784606331191189 0.08173958901794079 0.08501854491676267 0.08829750081558457 0.09157645671440645 0.09348599756524141 0.09393160273541357 0.09437720790558574 0.09482281307575866 0.09526841824593082 0.09571402341610298 0.09615962858627515 0.0966052337564473 0.09705083892661948 0.09749644409679163 0.0979420492669638 0.09838765443713597 0.12881054050574972 0.19127981840071395 0.2537490962956782 0.31621837419064236 0.37868765208571314 0.44115692998067735 0.5036262078756415 0.5660954857706058 0.62856476366557 0.6910340415605343 0.7535033194554985 0.8159725973504626 0.8778309200813568 0.9390361179114248 1.0002413157414929 1.061446513571561 1.122651711401629 1.1838569092318014 1.2450621070618695 1.3062673048919375 1.3674725027220056
0.04986456601527705 0.055177063066144956 0.0604895601170038 0.06580205716786265 0.0711145542187215 0.07642705126958034 0.08173954832043918 0.08705204537129803 0.09236454242215687 0.09767703947301573 0.10298953652387458 0.10597854735060101 0.10648369881559774 0.10698885028059449 0.1074940017455921 0.10799915321058882 0.10850430467558557 0.1090094561405823 0.10951460760557905 0.11001975907057579 0.11052491053557252 0.11103006200056927 0.11153521346556601 0.14569491389082173 0.21583208893671998 0.28596926398261824 0.35610643902851646 0.42624361407453437 0.4963807891204326 0.5665179641663308 0.636655139212229 0.7067923142581273 0.7769294893040256 0.8470666643499238 0.9172038393958221 0.9818326816185085 1.0405729913588604 1.0993133010992124 1.1580536108395645 1.2167939205799168 1.275534230320369 1.334274540060721 1.393014849801073 1.451755159541425
0.04094223430437213 0.04828827250728047 0.05563431071017627 0.06298034891307208 0.07032638711596788 0.07767242531886367 0.08501846352175949 0.0923645017246553 0.09971053992755109 0.10705657813044689 0.1144026163333427 0.11847109713596063 0.11903579489578194 0.11960049265560325 0.12016519041542553 0.12072988817524685 0.12129458593506816 0.12185928369488948 0.12242398145471078 0.1229886792145321 0.12355337697435341 0.12411807473417473 0.12468277249399605 0.16257928727589374 0.24038435947272602 0.31818943166955826 0.39599450386639057 0.47379957606335554 0.5516046482601878 0.6294097204570201 0.7072147926538525 0.7850198648506848 0.862824937047517 0.9406300092443493 1.0184350814411816 1.0858344431556601 1.1421098648062962 1.1983852864569322 1.2546607081075682 1.3109361297582043 1.3672115514089365 1.4234869730595725 1.4797623947102085 1.5360378163608446
0.03201990259346722 0.04139948194841597 0.050779061303348735 0.0601586406582815 0.06953822001321426 0.07891779936814702 0.08829737872307979 0.09767695807801255 0.10705653743294531 0.11643611678787807 0.12581569614281082 0.13096364692132023 0.13158789097596613 0.13221213503061202 0.13283637908525897 0.13346062313990487 0.13408486719455076 0.13470911124919663 0.13533335530384252 0.13595759935848842 0.1365818434131343 0.1372060874677802 0.13783033152242607 0.17946366066096572 0.264936630008732 0.3504095993564984 0.4358825687042647 0.5213555380521767 0.6068285073999431 0.6923014767477095 0.7777744460954757 0.8632474154432421 0.9487203847910084 1.0341933541387747 1.119666323486541 1.1898362046928117 1.2436467382537317 1.2974572718146518 1.3512678053755718 1.405078338936492 1.4588888724975038 1.5126994060584238 1.566509939619344 1.620320473180264
0.0230975708825623 0.034510691389551484 0.0459238118965212 0.05733693240349092 0.06875005291046063 0.08016317341743034 0.09157629392440006 0.10298941443136979 0.1144025349383395 0.12581565544530923 0.13722877595227895 0.14345619670667983 0.1441399870561503 0.14482377740562077 0.1455075677550924 0.14619135810456288 0.14687514845403332 0.1475589388035038 0.14824272915297426 0.14892651950244473 0.1496103098519152 0.15029410020138564 0.15097789055085611 0.19634803404603773 0.2894889005447381 0.38262976704343843 0.4757706335421388 0.568911500040998 0.6620523665396982 0.7551932330383986 0.8483340995370989 0.9414749660357995 1.0346158325344998 1.1277566990332002 1.2208975655319003 1.2938379662299633 1.3451836117011673 1.3965292571723715 1.4478749026435755 1.4992205481147796 1.550566193586071 1.6019118390572753 1.6532574845284793 1.7046031299996833
0.024920346121612123 0.03697857319279736 0.049036800263962045 0.06109502733512672 0.0731532544062914 0.08521148147745608 0.09726970854862076 0.10932793561978545 0.12138616269095012 0.1334443897621148 0.14550261683327947 0.1522166909816107 0.15321774469968236 0.15421879841775404 0.15521985213582742 0.15622090585389908 0.15722195957197077 0.15822301329004243 0.15922406700811412 0.16022512072618578 0.16122617444425746 0.16222722816232915 0.1632282818804008 0.21096787030210024 0.30867201026455654 0.40637615022701284 0.5040802901894691 0.601784430152092 0.6994885701145483 0.7971927100770048 0.8948968500394611 0.9926009900019174 1.0903051299643736 1.1880092699268299 1.2857134098892862 1.0745168128036824 1.0745168128036824 1.0745168128036824 1.0745168128036824 1.0745168128036824 1.0745168128036824 1.0745168128036824 1.0745168128036824 1.0745168128036824
0.03822896335704838 0.04944814793997357 0.06066733252287962 0.07188651710578567 0.08310570168869172 0.09432488627159777 0.10554407085450382 0.11676325543740988 0.12798244002031595 0.139201624603222 0.15042080918612802 0.15698785317130928 0.15858165356428625 0.16017545395726318 0.16176925435024286 0.1633630547432198 0.16495685513619676 0.1665506555291737 0.16814445592215066 0.1697382563151276 0.17133205670810456 0.17292585710108152 0.17451965749405846 0.22316705911554718 0.3221158255245315 0.42106459193351575 0.5200133583425001 0.6189621247516531 0.7179108911606374 0.8168596575696218 0.915808423978606 1.0147571903875903 1.1137059567965746 1.2126547232055591 1.311603489614543 1.0745168128036824 1.0745168128036824 1.0745168128036824 1.0745168128036824 1.0745168128036824 1.0745168128036824 1.0745168128036824 1.0745168128036824 1.0745168128036824
0.05153758059248462 0.06191772268714975 0.07229786478179717 0.0826780068764446 0.09305814897109202 0.10343829106573944 0.11381843316038687 0.12419857525503429 0.13457871734968171 0.14495885944432912 0.15533900153897656 0.1617590153610079 0.1639455624288901 0.16613210949677232 0.16831865656465828 0.17050520363254051 0.17269175070042272 0.17487829776830496 0.17706484483618717 0.1792513919040694 0.18143793897195162 0.18362448603983386 0.18581103310771607 0.23536624792899416 0.3355596407845065 0.43575303364001877 0.5359464264955311 0.6361398193512142 0.7363332122067265 0.8365266050622389 0.9367199979177512 1.0369133907732635 1.1371067836287758 1.2373001764842881 1.3374935693398005 1.0745168128036824 1.0745168128036824 1.0745168128036824 1.0745168128036824 1.0745168128036824 1.0745168128036824 1.0745168128036824 1.0745168128036824 1.0745168128036824
0.06484619782792089 0.07438729743432596 0.08392839704071475 0.09346949664710354 0.10301059625349232 0.11255169585988112 0.12209279546626992 0.1316338950726587 0.14117499467904748 0.15071609428543628 0.16025719389182508 0.16653017755070645 0.16930947129349394 0.17208876503628145 0.1748680587790737 0.1776473525218612 0.1804266462646487 0.1832059400074362 0.1859852337502237 0.1887645274930112 0.1915438212357987 0.1943231149785862 0.1971024087213737 0.2475654367424411 0.34900345604448146 0.4504414753465218 0.5518794946485621 0.6533175139507754 0.7547555332528157 0.8561935525548561 0.9576315718568964 1.0590695911589367 1.160507610460977 1.2619456297630176 1.363383649065058 1.0745168128036824 1.0745168128036824 1.0745168128036824 1.0745168128036824 1.0745168128036824 1.0745168128036824 1.0745168128036824 1.0745168128036824 1.0745168128036824
0.07815481506335714 0.08685687218150215 0.09555892929963232 0.10426098641776249 0.11296304353589265 0.1216651006540228 0.13036715777215296 0.13906921489028312 0.1477712720084133 0.1564733291265435 0.16517538624467365 0.17130133974040504 0.17467338015809783 0.1780454205757906 0.18141746099348913 0.1847895014111819 0.18816154182887468 0.19153358224656744 0.1949056226642602 0.198277663081953 0.20164970349964575 0.20502174391733852 0.2083937843350313 0.2597646255558881 0.3624472713044564 0.4651299170530247 0.5678125628015931 0.6704952085503364 0.7731778542989047 0.8758605000474731 0.9785431457960414 1.0812257915446097 1.183908437293178 1.2865910830417464 1.3892737287903147 1.0745168128036824 1.0745168128036824 1.0745168128036824 1.0745168128036824 1.0745168128036824 1.0745168128036824 1.0745168128036824 1.0745168128036824 1.0745168128036824
0.0914634322987934 0.09932644692867836 0.10718946155854989 0.11505247618842143 0.12291549081829295 0.1307785054481645 0.13864152007803604 0.14650453470790756 0.1543675493377791 0.16223056396765062 0.17009357859752217 0.17607250193010365 0.1800372890227017 0.18400207611529976 0.18796686320790454 0.1919316503005026 0.19589643739310064 0.19986122448569868 0.20382601157829675 0.20779079867089478 0.21175558576349282 0.2157203728560909 0.21968515994868892 0.27196381436933503 0.3758910865644314 0.4798183587595277 0.5837456309546241 0.6876729031498976 0.7916001753449939 0.8955274475400903 0.9994547197351866 1.103381991930283 1.2073092641253793 1.3112365363204757 1.415163808515572 1.0745168128036824 1.0745168128036824 1.0745168128036824 1.0745168128036824 1.0745168128036824 1.0745168128036824 1.0745168128036824 1.0745168128036824 1.0745168128036824
0.10477204953424102 0.11179602167586519 0.11881999381747738 0.1258439659590896 0.13286793810070177 0.13989191024231395 0.14691588238392614 0.15393985452553832 0.16096382666715053 0.16798779880876272 0.1750117709503749 0.18084366411980632 0.18540119788731016 0.18995873165481397 0.19451626542232556 0.1990737991898294 0.2036313329573332 0.20818886672483705 0.21274640049234086 0.21730393425984468 0.22186146802734852 0.22641900179485233 0.23097653556235617 0.28416300318279236 0.38933490182441777 0.4945068004660432 0.5996786991076686 0.7048505977494733 0.8100224963910988 0.9151943950327242 1.0203662936743496 1.1255381923159749 1.2307100909576003 1.3358819895992258 1.4410538882408512 1.0745168128036824 1.0745168128036824 1.0745168128036824 1.0745168128036824 1.0745168128036824 1.0745168128036824 1.0745168128036824 1.0745168128036824 1.0745168128036824
0.11808066676967728 0.12426559642304139 0.13045052607639496 0.13663545572974853 0.14282038538310207 0.14900531503645564 0.15519024468980921 0.16137517434316276 0.16756010399651633 0.17374503364986987 0.17992996330322347 0.18561482630950493 0.19076510675191402 0.1959153871943231 0.201065667636741 0.2062159480791501 0.2113662285215592 0.2165165089639683 0.2216667894063774 0.2268170698487865 0.2319673502911956 0.2371176307336047 0.24226791117601382 0.29636219199623937 0.4027787170843927 0.5091952421725462 0.6156117672606995 0.7220282923490344 0.8284448174371879 0.9348613425253413 1.0412778676134948 1.147694392701648 1.2541109177898015 1.360527442877955 1.4669439679661085 1.0745168128036824 1.0745168128036824 1.0745168128036824 1.0745168128036824 1.0745168128036824 1.0745168128036824 1.0745168128036824 1.0745168128036824 1.0745168128036824
0.13138928400511354 0.13673517117021758 0.1420810583353125 0.14742694550040744 0.15277283266550237 0.15811871983059733 0.16346460699569226 0.1688104941607872 0.17415638132588213 0.17950226849097706 0.184848155656072 0.1903859884992035 0.19612901561651785 0.20187204273383225 0.2076150698511564 0.21335809696847077 0.21910112408578514 0.22484415120309953 0.2305871783204139 0.23633020543772826 0.24207323255504265 0.24781625967235701 0.2535592867896714 0.30856138080968626 0.4162225323443677 0.523883683879049 0.6315448354137305 0.7392059869485956 0.846867138483277 0.9545282900179584 1.0621894415526398 1.1698505930873213 1.2775117446220028 1.3851728961566843 1.4928340476913653 1.0745168128036824 1.0745168128036824 1.0745168128036824 1.0745168128036824 1.0745168128036824 1.0745168128036824 1.0745168128036824 1.0745168128036824 1.0745168128036824
0.1446979012405498 0.14920474591739377 0.15371159059423006 0.15821843527106638 0.1627252799479027 0.167232124624739 0.17173896930157528 0.1762458139784116 0.18075265865524792 0.1852595033320842 0.1897663480089205 0.1951571506889021 0.20149292448112174 0.20782869827334138 0.21416447206557185 0.22050024585779152 0.22683601965001116 0.23317179344223082 0.23950756723445046 0.2458433410266701 0.25217911481888977 0.2585148886111094 0.26485066240332905 0.32076056962313326 0.4296663476043427 0.5385721255855521 0.6474779035667615 0.7563836815481567 0.8652894595293661 0.9741952375105756 1.083101015491785 1.1920067934729943 1.3009125714542038 1.4098183494354133 1.5187241274166225 1.0745168128036824 1.0745168128036824 1.0745168128036824 1.0745168128036824 1.0745168128036824 1.0745168128036824 1.0745168128036824 1.0745168128036824 1.0745168128036824
0.15800651847598604 0.16167432066456996 0.16534212285314764 0.16900992504172532 0.172677727230303 0.17634552941888068 0.18001333160745836 0.18368113379603604 0.18734893598461372 0.1910167381731914 0.19468454036176908 0.1999283128786007 0.2068568333457256 0.21378535381285055 0.2207138742799873 0.2276423947471122 0.23457091521423712 0.24149943568136206 0.24842795614848698 0.2553564766156119 0.26228499708273684 0.2692135175498618 0.27614203801698667 0.3329597584365802 0.44311016286431765 0.5532605672920551 0.6634109717197925 0.7735613761477178 0.8837117805754553 0.9938621850031926 1.10401258943093 1.2141629938586675 1.324313398286405 1.4344638027141423 1.5446142071418798 1.0745168128036824 1.0745168128036824 1.0745168128036824 1.0745168128036824 1.0745168128036824 1.0745168128036824 1.0745168128036824 1.0745168128036824 1.0745168128036824
0.17131513571142232 0.17414389541174619 0.17697265511206522 0.17980141481238426 0.18263017451270333 0.18545893421302237 0.18828769391334144 0.19111645361366048 0.19394521331397951 0.19677397301429855 0.19960273271461762 0.2046994750682993 0.2122207422103295 0.21974200935235969 0.2272632764944027 0.23478454363643292 0.2423058107784631 0.2498270779204933 0.2573483450625235 0.2648696122045537 0.2723908793465839 0.27991214648861407 0.2874334136306443 0.34515894725002716 0.45655397812429266 0.5679490089985582 0.6793440398728235 0.790739070747279 0.9021341016215443 1.0135291324958098 1.1249241633700753 1.2363191942443408 1.347714225118606 1.4591092559928716 1.570504286867137 1.0745168128036824 1.0745168128036824 1.0745168128036824 1.0745168128036824 1.0745168128036824 1.0745168128036824 1.0745168128036824 1.0745168128036824 1.0745168128036824
0.20936930692473404 0.21323071717534633 0.21709212742595208 0.2209535376765578 0.2248149479271635 0.22867635817776924 0.23253776842837495 0.23639917867898066 0.2402605889295864 0.24412199918019212 0.24798340943079783 0.25339332928677616 0.26045864095876115 0.26752395263074613 0.27458926430274316 0.28165457597472815 0.28871988764671314 0.2957851993186981 0.3028505109906831 0.3099158226626681 0.31698113433465314 0.3240464460066381 0.3311117576786231 1.0745168128036824 1.0745168128036824 1.0745168128036824 1.0745168128036824 1.0745168128036824 1.0745168128036824 1.0745168128036824 1.0745168128036824 1.0745168128036824 1.0745168128036824 1.0745168128036824 1.0745168128036824 1.0745168128036824 1.0745168128036824 1.0745168128036824 1.0745168128036824 1.0745168128036824 1.0745168128036824 1.0745168128036824 1.0745168128036824 1.0745168128036824
0.27387491552003423 0.2807696981981536 0.28766448087626123 0.29455926355436884 0.30145404623247646 0.30834882891058407 0.3152436115886917 0.3221383942667993 0.3290331769449069 0.3359279596230145 0.34282274230112214 0.3490377726448597 0.3545261323581256 0.3600144920713914 0.3655028517846666 0.37099121149793246 0.37647957121119835 0.3819679309244642 0.38745629063773 0.3929446503509959 0.39843301006426174 0.4039213697775276 0.40940972949079346 1.0745168128036824 1.0745168128036824 1.0745168128036824 1.0745168128036824 1.0745168128036824 1.0745168128036824 1.0745168128036824 1.0745168128036824 1.0745168128036824 1.0745168128036824 1.0745168128036824 1.0745168128036824 1.0745168128036824 1.0745168128036824 1.0745168128036824 1.0745168128036824 1.0745168128036824 1.0745168128036824 1.0745168128036824 1.0745168128036824 1.0745168128036824
