Figures/CREST_Example_wjb_NSE/Rolling_result/20100722/BJP_forecast/ens_26/wjb.rain.20100727.asc
ncols            288
nrows            254
xllcorner        113.274861
yllcorner        31.4918055
cellsize         0.008333333333
NODATA_value     -9999
[rows 175 to 199 of 254, columns 112 to 167 of 288]
0.0 0.0 0.0 0.0 0.0 0.0 0.0 0.0 0.0 0.0 0.0 0.025170813928140183 0.07724979717811074 0.1293287804280813 0.18140776367805186 0.23348674692802243 0.28556573017799297 0.33764471342796354 0.3897236966780229 0.4418026799279935 0.49388166317796406 0.5459606464279346 0.5980396296779051 0.6844485791088398 0.8075570388228435 0.930665498536847 1.0537739582508505 1.1768824179648543 1.2999908776788578 1.4230993373928613 1.5462077971068648 1.6693162568210784 1.792424716535082 1.9155331762490857 2.0386416359630894 2.096367371055146 2.0841974946410913 2.072027618227037 2.059857741812982 2.0476878653989274 2.035517988984873 2.0233481125708184 2.0111782361567636 1.999008359742709 1.9868384833286337 1.9746686069145791 1.9624987305005244 2.013777086036333 2.132883036785855 2.251988987535377 2.3710949382848985 2.4902008890344205 2.6093068397839425 2.728412790533464 2.847518741282986 2.966624692032508
0.0 0.0 0.0 0.0 0.0 0.0 0.0 0.0 0.0 0.0 0.0 0.02905319768635147 0.0891649207313511 0.14927664377635072 0.20938836682135037 0.26950008986635 0.3296118129113496 0.38972353595634923 0.4498352590014514 0.5099469820464511 0.5700587050914506 0.6301704281364503 0.6902821511814499 0.7807129655977992 0.9035555744123946 1.0263981832269902 1.1492407920415857 1.272083400856181 1.3949260096707765 1.517768618485372 1.6406112272999676 1.7634538361147727 1.8862964449293682 2.0091390537439637 2.1319816625585593 2.186191569204388 2.1670315648356415 2.1478715604668945 2.128711556098148 2.109551551729401 2.0903915473606545 2.0712315429919075 2.052071538623161 2.0329115342544144 2.013751529885635 1.994591525516888 1.9754315211481415 2.0187158796894233 2.128754674732365 2.238793469775306 2.348832264818247 2.4588710598611883 2.5689098549041294 2.6789486499470705 2.7889874449900116 2.8990262400329527
0.0 0.0 0.0 0.0 0.0 0.0 0.0 0.0 0.0 0.0 0.0 0.03293558144455945 0.1010800442845813 0.16922450712460313 0.23736896996462498 0.3055134328046468 0.37365789564466867 0.4418023584846905 0.5099468213248285 0.5780912841648503 0.6462357470048722 0.714380209844894 0.7825246726849159 0.8769773520866765 0.9995541100018641 1.1221308679170516 1.2447076258322394 1.367284383747427 1.4898611416626144 1.6124378995778021 1.7350146574929897 1.8575914154083863 1.9801681733235739 2.1027449312387616 2.225321689153949 2.2760157673535533 2.2498656350301207 2.2237155027066877 2.1975653703832547 2.1714152380598217 2.1452651057363887 2.119114973412956 2.092964841089523 2.06681470876609 2.040664576442613 2.01451444411918 1.988364311795747 2.02365467334251 2.124626312678878 2.225597952015246 2.326569591351614 2.427541230687982 2.5285128700243504 2.629484509360718 2.7304561486970864 2.8314277880334546
0.0 0.0 0.0 0.0 0.0 0.0 0.0 0.0 0.0 0.0 0.0 0.03681796520276743 0.11299516783781148 0.18917237047285554 0.2653495731078996 0.34152677574294366 0.41770397837798773 0.49388118101303174 0.5700583836482057 0.6462355862832497 0.7224127889182939 0.7985899915533379 0.8747671941883819 0.9732417385755537 1.0955526455913334 1.217863552607113 1.3401744596228928 1.4624853666386726 1.5847962736544523 1.7071071806702318 1.8294180876860118 1.951728994702 2.0740399017177795 2.1963508087335595 2.3186617157493394 2.365839965502719 2.3326997052246 2.299559444946481 2.2664191846683615 2.2332789243902424 2.2001386641121234 2.1669984038340044 2.1338581435558854 2.1007178832777664 2.067577622999591 2.034437362721472 2.001297102443353 2.0285934669955963 2.120497950625391 2.2124024342551865 2.3043069178849813 2.396211401514776 2.4881158851445715 2.5800203687743664 2.6719248524041617 2.7638293360339565
0.0 0.0 0.0 0.0 0.0 0.0 0.0 0.0 0.0 0.0 0.0 0.04070034896097541 0.12491029139104168 0.20912023382110795 0.2933301762511742 0.3775401186812405 0.46175006111130673 0.545960003541373 0.6301699459715829 0.7143798884016491 0.7985898308317154 0.8827997732617817 0.9670097156918479 1.0695061250644309 1.1915511811808028 1.3135962372971746 1.4356412934135465 1.5576863495299182 1.6797314056462902 1.801776461762662 1.9238215178790337 2.045866573995614 2.167911630111986 2.2899566862283574 2.4120017423447293 2.455664163651884 2.415533775419079 2.3754033871862736 2.3352729989534686 2.2951426107206636 2.255012222487858 2.214881834255053 2.174751446022248 2.1346210577894427 2.0944906695565693 2.054360281323764 2.014229893090959 2.0335322606486828 2.1163695885719047 2.1992069164951267 2.2820442444183486 2.3648815723415706 2.4477189002647926 2.530556228188015 2.613393556111237 2.696230884034459
0.0 0.0 0.0 0.0 0.0 0.0 0.0 0.0 0.0 0.0 0.0 0.044582732719183386 0.13682541494427186 0.22906809716936036 0.32131077939444885 0.4135534616195373 0.5057961438446258 0.5980388260697143 0.69028150829496 0.7825241905200485 0.874766872745137 0.9670095549702254 1.059252237195314 1.1657705115533081 1.287549716770272 1.409328921987236 1.5311081272042 1.6528873324211641 1.774666537638128 1.896445742855092 2.018224948072056 2.1400041532892278 2.2617833585061913 2.3835625637231557 2.505341768940119 2.5454883618010493 2.4983678456135583 2.451247329426067 2.4041268132385754 2.3570062970510843 2.309885780863593 2.2627652646761014 2.21564474848861 2.168524232301119 2.121403716113547 2.0742831999260556 2.0271626837385646 2.038471054301769 2.112241226518418 2.186011398735067 2.259781570951716 2.333551743168365 2.407321915385014 2.481092087601663 2.5548622598183117 2.6286324320349608
0.0 0.0 0.0 0.0 0.0 0.0 0.0 0.0 0.0 0.0 0.0 0.04471209372334082 0.13722242679150287 0.2297327598596649 0.32224309292782694 0.41475342599598897 0.507263759064151 0.599774092132313 0.6922844252006329 0.784794758268795 0.877305091336957 0.969815424405119 1.062325757473281 1.1665478941668461 1.2832902138200462 1.4000325334732464 1.5167748531264467 1.633517172779647 1.7502594924328472 1.8670018120860474 1.9837441317392477 2.100486451392647 2.217228771045847 2.3339710906990474 2.4507134103522477 2.487499642545429 2.438811008725176 2.390122374904923 2.34143374108467 2.292745107264417 2.2440564734441644 2.195367839623911 2.1466792058036583 2.0979905719834053 2.0493019381630693 2.0006133043428163 1.9519246705225632 1.9588137370060714 2.025116622334704 2.091419507663337 2.1577223929919693 2.2240252783206023 2.2903281636492347 2.3566310489778672 2.4229339343065 2.4892368196351327
0.0 0.0 0.0 0.0 0.0 0.0 0.0 0.0 0.0 0.0 0.0 0.04082970996513283 0.12530730323827263 0.20978489651141244 0.2942624897845522 0.378740083057692 0.46321767633083183 0.5476952696039716 0.6321728628772555 0.7166504561503952 0.8011280494235351 0.8856056426966749 0.9700832359698147 1.0652556884046085 1.1718611871672113 1.2784666859298142 1.3850721846924172 1.49167768345502 1.598283182217623 1.704888680980226 1.8114941797428288 1.9180996785056135 2.024705177268216 2.1313106760308194 2.237916174793422 2.271508231574551 2.2270472673938078 2.1825863032130646 2.1381253390323214 2.093664374851578 2.049203410670835 2.0047424464900923 1.9602814823093488 1.9158205181286057 1.8713595539477867 1.8268985897670436 1.7824376255863004 1.7887285093948866 1.849274266759104 1.9098200241233212 1.9703657814875384 2.030911538851756 2.0914572962159728 2.15200305358019 2.212548810944407 2.2730945683086246
0.0 0.0 0.0 0.0 0.0 0.0 0.0 0.0 0.0 0.0 0.0 0.036947326206921545 0.11339217968503229 0.18983703316314304 0.2662818866412538 0.34272674011936455 0.4191715935974753 0.49561644707558605 0.5720613005538271 0.6485061540319379 0.7249510075100486 0.8013958609881594 0.8778407144662701 0.9639634826422846 1.0604321605142815 1.1569008383862784 1.2533695162582754 1.3498381941302722 1.446306872002269 1.542775549874266 1.6392442277462629 1.7357129056184242 1.8321815834904212 1.928650261362418 2.0251189392344147 2.0555168206034886 2.015283526062259 1.9750502315210292 1.9348169369797994 1.8945836424385698 1.85435034789734 1.8141170533561102 1.7738837588148804 1.7336504642736508 1.6934171697323523 1.6531838751911225 1.612950580649893 1.6186432817835568 1.6734319111833535 1.7282205405831506 1.7830091699829473 1.8377977993827441 1.8925864287825411 1.947375058182338 2.0021636875821347 2.0569523169819317
0.0 0.0 0.0 0.0 0.0 0.0 0.0 0.0 0.0 0.0 0.0 0.03306494244871356 0.10147705613180208 0.1698891698148906 0.2383012834979791 0.30671339718106766 0.37512551086415613 0.44353762454724466 0.5119497382304499 0.5803618519135384 0.6487739655966269 0.7171860792797154 0.785598192962804 0.8626712768800471 0.9490031338614466 1.0353349908428462 1.1216668478242455 1.207998704805645 1.2943305617870444 1.380662418768444 1.4669942757498435 1.55332613273139 1.6396579897127896 1.7259898466941892 1.8123217036755888 1.8395254096326101 1.8035197847308904 1.7675141598291704 1.7315085349274506 1.6955029100257306 1.6594972851240106 1.6234916602222909 1.5874860353205709 1.551480410418851 1.5154747855170696 1.4794691606153498 1.4434635357136298 1.448558054172372 1.4975895556077532 1.5466210570431347 1.5956525584785162 1.6446840599138977 1.6937155613492791 1.7427470627846606 1.7917785642200421 1.8408100656554234
0.0 0.0 0.0 0.0 0.0 0.0 0.0 0.0 0.0 0.0 0.0 0.029182558690505584 0.0895619325785719 0.14994130646663822 0.21032068035470453 0.2707000542427708 0.33107942813083713 0.3914588020189035 0.45183817590707276 0.512217549795139 0.5725969236832054 0.6329762975712717 0.693355671459338 0.7613790711178097 0.8375741072086118 0.9137691432994139 0.9899641793902161 1.0661592154810182 1.1423542515718204 1.2185492876626225 1.2947443237534246 1.3709393598443564 1.4471343959351586 1.5233294320259607 1.5995244681167629 1.6235339986617319 1.591756043399522 1.5599780881373118 1.5282001328751018 1.4964221776128916 1.4646442223506817 1.4328662670884715 1.4010883118262616 1.3693103565640514 1.3375324013017873 1.3057544460395771 1.273976490777367 1.278472826561187 1.321747200032153 1.365021573503119 1.4082959469740852 1.4515703204450512 1.4948446939160172 1.5381190673869831 1.581393440857949 1.624667814328915
0.0 0.0 0.0 0.0 0.0 0.0 0.0 0.0 0.0 0.0 0.0 0.0253001749322976 0.07764680902534168 0.12999344311838576 0.18234007721142986 0.23468671130447394 0.287033345397518 0.3393799794905621 0.3917266135836955 0.44407324767673956 0.49641988176978363 0.5487665158628278 0.6011131499558718 0.6600868653555721 0.726145080555777 0.7922032957559817 0.8582615109561864 0.9243197261563911 0.9903779413565958 1.0564361565568006 1.1224943717570053 1.1885525869573228 1.2546108021575275 1.3206690173577322 1.386727232557937 1.4075425876908538 1.3799923020681537 1.3524420164454534 1.3248917308227532 1.297341445200053 1.2697911595773528 1.2422408739546524 1.214690588331952 1.187140302709252 1.1595900170865048 1.1320397314638044 1.1044894458411043 1.1083875989500025 1.145904844456553 1.1834220899631034 1.220939335469654 1.2584565809762045 1.2959738264827552 1.3334910719893056 1.3710083174958563 1.4085255630024067
0.0 0.0 0.0 0.0 0.0 0.0 0.0 0.0 0.0 0.0 0.0 0.02141779117408962 0.06573168547211149 0.11004557977013335 0.1543594740681552 0.19867336836617708 0.24298726266419896 0.2873011569622208 0.33161505126031826 0.3759289455583401 0.42024283985636196 0.4645567341543838 0.5088706284524057 0.5587946595933346 0.614716053902942 0.6706374482125494 0.7265588425221567 0.7824802368317642 0.8384016311413716 0.8943230254509789 0.9502444197605863 1.0061658140702892 1.0620872083798965 1.1180086026895037 1.173929996999111 1.1915511767199756 1.1682285607367853 1.1449059447535948 1.1215833287704045 1.098260712787214 1.0749380968040236 1.0516154808208331 1.0282928648376428 1.0049702488544523 0.9816476328712221 0.9583250168880317 0.9350024009048413 0.9383023713388176 0.9700624888809527 1.0018226064230877 1.0335827239652229 1.0653428415073578 1.097102959049493 1.128863076591628 1.1606231941337632 1.1923833116758984
0.0 0.0 0.0 0.0 0.0 0.0 0.0 0.0 0.0 0.0 0.0 0.01753540741588164 0.05381656191888129 0.09009771642188094 0.1263788709248806 0.16266002542788024 0.1989411799308799 0.23522233443387955 0.2715034889369411 0.3077846434399407 0.3440657979429404 0.38034695244594 0.4166281069489397 0.4575024538310972 0.5032870272501072 0.5490716006691172 0.5948561740881272 0.6406407475071372 0.6864253209261472 0.7322098943451572 0.7779944677641671 0.8237790411832553 0.8695636146022652 0.9153481880212753 0.9611327614402853 0.9755597657490974 0.9564648194054168 0.9373698730617362 0.9182749267180557 0.8991799803743751 0.8800850340306945 0.8609900876870139 0.8418951413433333 0.8228001949996527 0.8037052486559396 0.784610302312259 0.7655153559685784 0.7682171437276327 0.7942201333053523 0.8202231228830721 0.8462261124607917 0.8722291020385113 0.898232091616231 0.9242350811939506 0.9502380707716702 0.9762410603493898
0.0 0.0 0.0 0.0 0.0 0.0 0.0 0.0 0.0 0.0 0.0 0.013653023657670349 0.04190143836564093 0.07014985307361152 0.0983982677815821 0.1266466824895527 0.15489509719752326 0.18314351190549386 0.2113919266135126 0.2396403413214832 0.2678887560294538 0.29613717073742435 0.3243855854453949 0.3562102480687734 0.39185800059717735 0.4275057531255813 0.4631535056539853 0.49880125818238924 0.5344490107107932 0.5700967632391971 0.6057445157676011 0.6413922682960659 0.6770400208244698 0.7126877733528738 0.7483355258812778 0.759568354778035 0.7447010780738678 0.7298338013697007 0.7149665246655335 0.7000992479613664 0.6852319712571991 0.670364694553032 0.6554974178488648 0.6406301411446977 0.6257628644405052 0.6108955877363381 0.5960283110321709 0.5981319161163029 0.6183777777296022 0.6386236393429015 0.6588695009562008 0.6791153625695001 0.6993612241827993 0.7196070857960987 0.739852947409398 0.7600988090226972
0.0 0.0 0.0 0.0 0.0 0.0 0.0 0.0 0.0 0.0 0.0 0.00977063989946237 0.029986314812410736 0.0502019897253591 0.07041766463830747 0.09063333955125584 0.1108490144642042 0.13106468937715257 0.15128036429013542 0.1714960392030838 0.19171171411603213 0.2119273890289805 0.23214306394192888 0.25491804230653586 0.28042897394434246 0.30593990558214906 0.33145083721995566 0.35696176885776226 0.38247270049556886 0.40798363213337546 0.433494563771182 0.4590054954090321 0.4845164270468387 0.5100273586846453 0.5355382903224519 0.5435769438071568 0.5329373367424994 0.5222977296778422 0.5116581226131848 0.5010185155485275 0.49037890848387017 0.47973930141921284 0.46909969435455556 0.45846008728989823 0.44782048022522275 0.4371808731605654 0.42654126609590814 0.4280466885051181 0.44253542215400193 0.4570241558028858 0.47151288945176967 0.48600162310065353 0.5004903567495373 0.5149790903984213 0.5294678240473051 0.5439565576961889
0.0 0.0 0.0 0.0 0.0 0.0 0.0 0.0 0.0 0.0 0.0 0.005888256141254391 0.018071191259180542 0.03025412637710669 0.04243706149503284 0.05461999661295899 0.06680293173088514 0.07898586684881129 0.09116880196675821 0.10335173708468437 0.11553467220261052 0.12771760732053666 0.1399005424384628 0.1536258365442984 0.16899994729150764 0.18437405803871684 0.19974816878592605 0.21512227953313529 0.23049639028034447 0.2458705010275537 0.2612446117747629 0.2766187225219984 0.29199283326920755 0.30736694401641673 0.322741054763626 0.3275855328362785 0.321173595411131 0.31476165798598355 0.30834972056083604 0.30193778313568853 0.2955258457105411 0.2891139082853936 0.28270197086024607 0.2762900334350986 0.26987809600994017 0.26346615858479266 0.2570542211596452 0.2579614608939333 0.2666930665784017 0.2754246722628701 0.2841562779473385 0.2928878836318069 0.30161948931627536 0.31035109500074376 0.31908270068521216 0.32781430636968056
0.0 0.0 0.0 0.0 0.0 0.0 0.0 0.0 0.0 0.0 0.0 0.00200587238304641 0.006156067705950341 0.010306263028854271 0.014456458351758203 0.018606653674662132 0.022756848997566064 0.026907044320469996 0.031057239643381005 0.03520743496628494 0.039357630289188865 0.04350782561209279 0.04765802093499673 0.05233363078206093 0.057570920638672765 0.0628082104952846 0.06804550035189644 0.07328279020850827 0.07852008006512011 0.08375736992173194 0.08899465977834378 0.09423194963496453 0.09946923949157638 0.10470652934818821 0.10994381920480004 0.11159412186540026 0.1094098540797626 0.10722558629412494 0.10504131850848729 0.10285705072284963 0.10067278293721198 0.09848851515157432 0.09630424736593668 0.09411997958029902 0.09193571179465765 0.08975144400901999 0.08756717622338234 0.08787623328274849 0.09085071100280145 0.09382518872285442 0.09679966644290738 0.09977414416296035 0.10274862188301331 0.10572309960306628 0.10869757732311924 0.11167205504317221
1.5865809904754362 1.5865809904754362 1.5865809904754362 1.5865809904754362 1.5865809904754362 1.5865809904754362 1.5865809904754362 1.5865809904754362 1.5865809904754362 1.5865809904754362 1.5865809904754362 0.001852939581297191 0.00568671347883893 0.009520487376380669 0.013354261273922408 0.017188035171464146 0.021021809069005887 0.024855582966547624 0.0286893568640959 0.03252313076163764 0.03635690465917938 0.04019067855672112 0.044024452454262855 0.04415234719289724 0.04031857329535496 0.03648479939781267 0.03265102550027039 0.028817251602728106 0.02498347770518582 0.021149703807643538 0.017315929910101252 0.013482156012552433 0.009648382115010151 0.005814608217467862 0.00198083431992558 0.0 0.0 0.0 0.0 0.0 0.0 0.0 0.0 0.0 0.0 0.0 0.0 0.0 0.0 0.0 0.0 0.0 0.0 0.0 0.0 0.0
1.5865809904754362 1.5865809904754362 1.5865809904754362 1.5865809904754362 1.5865809904754362 1.5865809904754362 1.5865809904754362 1.5865809904754362 1.5865809904754362 1.5865809904754362 1.5865809904754362 0.005686554783737718 0.017452165231528212 0.029217775679318703 0.0409833861271092 0.05274899657489969 0.06451460702269018 0.07628021747048068 0.08804582791829124 0.09981143836608172 0.11157704881387222 0.12334265926166271 0.13510826970945322 0.1355007706010835 0.12373516015329135 0.11196954970549919 0.10020393925770701 0.08843832880991485 0.0766727183621227 0.06490710791433052 0.05314149746653836 0.04137588701872613 0.02961027657093397 0.017844666123141797 0.006079055675349637 0.0 0.0 0.0 0.0 0.0 0.0 0.0 0.0 0.0 0.0 0.0 0.0 0.0 0.0 0.0 0.0 0.0 0.0 0.0 0.0 0.0
1.5865809904754362 1.5865809904754362 1.5865809904754362 1.5865809904754362 1.5865809904754362 1.5865809904754362 1.5865809904754362 1.5865809904754362 1.5865809904754362 1.5865809904754362 1.5865809904754362 0.009520169986176604 0.029217616984212456 0.04891506398224831 0.06861251098028416 0.08830995797832002 0.10800740497635587 0.12770485197439171 0.14740229897246115 0.167099745970497 0.18679719296853287 0.20649463996656872 0.22619208696460458 0.22684919400923068 0.20715174701119202 0.18745430001315339 0.16775685301511473 0.14805940601707607 0.1283619590190374 0.10866451202099878 0.08896706502296012 0.06926961802488787 0.049572171026849216 0.029874724028810584 0.010177277030771925 0.0 0.0 0.0 0.0 0.0 0.0 0.0 0.0 0.0 0.0 0.0 0.0 0.0 0.0 0.0 0.0 0.0 0.0 0.0 0.0 0.0
1.5865809904754362 1.5865809904754362 1.5865809904754362 1.5865809904754362 1.5865809904754362 1.5865809904754362 1.5865809904754362 1.5865809904754362 1.5865809904754362 1.5865809904754362 1.5865809904754362 0.013353785188615495 0.040983068736896715 0.06861235228517794 0.09624163583345915 0.12387091938174037 0.1515002029300216 0.17912948647830282 0.20675877002663115 0.23438805357491238 0.2620173371231936 0.2896466206714748 0.31727590421975604 0.31819761741737795 0.2905683338690928 0.26293905032080767 0.23530976677252252 0.20768048322423738 0.1800511996759522 0.15242191612766706 0.12479263257938192 0.09716334903104965 0.06953406548276453 0.041904781934479385 0.01427549838619424 0.0 0.0 0.0 0.0 0.0 0.0 0.0 0.0 0.0 0.0 0.0 0.0 0.0 0.0 0.0 0.0 0.0 0.0 0.0 0.0 0.0
1.5865809904754362 1.5865809904754362 1.5865809904754362 1.5865809904754362 1.5865809904754362 1.5865809904754362 1.5865809904754362 1.5865809904754362 1.5865809904754362 1.5865809904754362 1.5865809904754362 0.017187400391056016 0.052748520489585976 0.08830964058811594 0.1238707606866459 0.15943188078517587 0.19499300088370583 0.2305541209822358 0.2661152410808264 0.30167636117935637 0.33723748127788633 0.3727986013764163 0.40835972147494626 0.4095460408255641 0.3739849207270291 0.3384238006284941 0.30286268052995907 0.26730156043142406 0.23174044033288901 0.196179320234354 0.160618200135819 0.12505708003722332 0.08949595993868831 0.05393483984015329 0.018373719741618277 0.0 0.0 0.0 0.0 0.0 0.0 0.0 0.0 0.0 0.0 0.0 0.0 0.0 0.0 0.0 0.0 0.0 0.0 0.0 0.0 0.0
1.5865809904754362 1.5865809904754362 1.5865809904754362 1.5865809904754362 1.5865809904754362 1.5865809904754362 1.5865809904754362 1.5865809904754362 1.5865809904754362 1.5865809904754362 1.5865809904754362 0.021021015593494907 0.06451397224227023 0.10800692889104557 0.1514998855398209 0.19499284218859625 0.23848579883737156 0.2819787554861469 0.3254717121349964 0.3689646687837717 0.41245762543254705 0.4559505820813224 0.4994435387300977 0.5008944642337114 0.45740150758492987 0.41390855093614837 0.3704155942873668 0.3269226376385853 0.2834296809898038 0.2399367243410223 0.1964437676922408 0.1529508110433851 0.1094578543946036 0.0659648977458221 0.022471941097040593 0.0 0.0 0.0 0.0 0.0 0.0 0.0 0.0 0.0 0.0 0.0 0.0 0.0 0.0 0.0 0.0 0.0 0.0 0.0 0.0 0.0
1.5865809904754362 1.5865809904754362 1.5865809904754362 1.5865809904754362 1.5865809904754362 1.5865809904754362 1.5865809904754362 1.5865809904754362 1.5865809904754362 1.5865809904754362 1.5865809904754362 0.0248546307959338 0.0762794239949545 0.1277042171939752 0.17912901039299592 0.2305538035920166 0.2819785967910373 0.33340338999005803 0.3848281831891664 0.4362529763881871 0.4876777695872078 0.5391025627862285 0.5905273559852492 0.5922428876418586 0.5408180944428307 0.48939330124380265 0.4379685080447746 0.3865437148457466 0.3351189216467186 0.2836941284476906 0.2322693352486626 0.18084454204954686 0.12941974885051888 0.07799495565149084 0.02657016245246291 0.0 0.0 0.0 0.0 0.0 0.0 0.0 0.0 0.0 0.0 0.0 0.0 0.0 0.0 0.0 0.0 0.0 0.0 0.0 0.0 0.0
