Figures/CREST_Example_wjb_NSE/Rolling_result/20100722/BJP_forecast/ens_26/wjb.rain.20100724.asc
ncols            288
nrows            254
xllcorner        113.274861
yllcorner        31.4918055
cellsize         0.008333333333
NODATA_value     -9999
[rows 184 to 206 of 254, columns 156 to 207 of 288]
8.420562771114678 8.30603042715154 8.191498083188403 8.170297409240337 8.248870401789462 8.327443394338587 8.406016386887714 8.484589379436839 8.563162371985964 8.64173536453509 8.720308357084216 8.798881349633342 8.877454342182467 8.956027334731727 9.034600327280852 9.061603686211136 9.033477940142587 9.005352194074039 8.97722644800549 8.94910070193694 8.920974955868392 8.892849209799843 8.864723463731295 8.836597717662746 8.808471971594198 8.780346225525648 8.752220479457051 8.565917361394307 8.210519053897167 7.8551207464000266 7.499722438902887 7.144324131405747 6.788925823908607 6.433527516411468 6.078129208914328 5.722730901417188 5.3673325939200485 5.011934286422909 4.656535978925769 4.32919745834232 4.031855484883002 3.7345135114236845 3.4371715379643666 3.139829564505049 2.8424875910457312 2.5451456175864138 2.2478036441270954 1.950461670667778 1.65311969720846 1.3557777237491422 1.0584357502898243 0.9017192104110769
8.736970012075886 8.614107667925417 8.491245323774946 8.469054581980213 8.55448406039109 8.639913538801967 8.725343017212843 8.81077249562372 8.896201974034597 8.981631452445473 9.06706093085635 9.152490409267227 9.237919887678103 9.323349366089126 9.4087788445 9.436932610857973 9.403857345282436 9.370782079706899 9.33770681413136 9.304631548555824 9.271556282980287 9.23848101740475 9.205405751829211 9.172330486253674 9.139255220678137 9.1061799551026 9.073104689527007 8.870049878789537 8.485283088476482 8.100516298163429 7.715749507850375 7.330982717537321 6.946215927224268 6.561449136911213 6.1766823465981595 5.791915556285105 5.407148765972051 5.022381975658997 4.637615185345943 4.2921968157847585 3.9888427983500803 3.685488780915402 3.382134763480724 3.0787807460460463 2.775426728611368 2.47207271117669 2.168718693742012 1.8653646763073342 1.5620106588726559 1.258656641437978 0.9553026240032998 0.7958421164952432
9.053377253037093 8.92218490869929 8.790992564361487 8.767811754720087 8.860097718992716 8.952383683265342 9.04466964753797 9.136955611810599 9.229241576083226 9.321527540355854 9.413813504628482 9.506099468901109 9.598385433173737 9.690671397446522 9.78295736171915 9.81226153550481 9.774236750422284 9.73621196533976 9.698187180257232 9.660162395174707 9.622137610092182 9.584112825009656 9.546088039927131 9.508063254844604 9.470038469762079 9.432013684679553 9.393988899596962 9.174182396184769 8.7600471230558 8.345911849926832 7.931776576797864 7.517641303668896 7.103506030539927 6.689370757410959 6.275235484281991 5.861100211153023 5.446964938024054 5.032829664895086 4.618694391766118 4.255196173227196 3.9458301118171577 3.6364640504071195 3.3270979889970813 3.017731927587043 2.7083658661770045 2.3989998047669667 2.0896337433569285 1.78026768194689 1.4709016205368517 1.1615355591268135 0.8521694977167753 0.6899650225794092
9.369784493998301 9.230262149473166 9.09073980494803 9.066568927459963 9.165711377594342 9.264853827728722 9.3639962778631 9.463138727997478 9.562281178131856 9.661423628266236 9.760566078400615 9.859708528534993 9.958850978669371 10.05799342880392 10.157135878938298 10.187590460151647 10.144616155562133 10.10164185097262 10.058667546383104 10.01569324179359 9.972718937204077 9.929744632614561 9.886770328025047 9.843796023435534 9.800821718846018 9.757847414256505 9.714873109666916 9.47831491358 9.034811157635117 8.591307401690235 8.147803645745352 7.7042998898004695 7.260796133855587 6.8172923779107055 6.373788621965822 5.930284866020941 5.486781110076057 5.043277354131175 4.599773598186292 4.218195530669634 3.902817425284235 3.5874393198988366 3.272061214513438 2.95668310912804 2.6413050037426413 2.3259268983572428 2.010548792971844 1.6951706875864456 1.379792582201047 1.064414476815649 0.7490363714302504 0.5840879286635752
9.686191734959507 9.538339390247039 9.39048704553457 9.365326100199837 9.471325036195967 9.577323972192097 9.683322908188227 9.789321844184357 9.895320780180487 10.001319716176617 10.107318652172747 10.213317588168877 10.319316524165007 10.425315460161318 10.531314396157446 10.562919384798484 10.514995560701982 10.46707173660548 10.419147912508976 10.371224088412474 10.32330026431597 10.275376440219468 10.227452616122964 10.179528792026462 10.13160496792996 10.083681143833456 10.035757319736872 9.78244743097523 9.309575192214433 8.836702953453637 8.36383071469284 7.8909584759320435 7.418086237171247 6.945213998410451 6.472341759649654 5.999469520888858 5.526597282128061 5.0537250433672645 4.580852804606468 4.181194888112072 3.8598047387513135 3.538414589390555 3.217024440029796 2.8956342906690375 2.5742441413082786 2.2528539919475197 1.9314638425867612 1.6100736932260022 1.2886835438652433 0.9672933945044848 0.6459032451437259 0.4782108347477413
10.002598975920986 9.846416631021178 9.69023428612137 9.664083272939969 9.776938694797856 9.889794116655743 10.00264953851363 10.115504960371515 10.228360382229402 10.34121580408729 10.454071225945176 10.566926647803061 10.679782069660948 10.792637491519027 10.905492913376914 10.93824830944564 10.885374965842146 10.83250162223865 10.779628278635155 10.726754935031659 10.673881591428163 10.621008247824667 10.568134904221173 10.515261560617677 10.462388217014182 10.409514873410686 10.3566415298071 10.086579948370721 9.584339226793984 9.08209850521725 8.579857783640513 8.077617062063776 7.575376340487042 7.073135618910306 6.57089489733357 6.068654175756834 5.566413454180099 5.064172732603363 4.561932011026627 4.144194245554479 3.8167920522183545 3.4893898588822303 3.161987665546106 2.834585472209982 2.507183278873858 2.179781085537734 1.8523788922016098 1.524976698865486 1.1975745055293618 0.8701723121932377 0.5427701188571139 0.3723337408318171
10.319006216882192 10.15449387179505 9.989981526707911 9.962840445679843 10.082552353399482 10.202264261119119 10.321976168838757 10.441688076558394 10.561399984278033 10.68111189199767 10.800823799717309 10.920535707436946 11.040247615156584 11.159959522876425 11.279671430596062 11.31357723409248 11.255754370981995 11.19793150787151 11.140108644761026 11.082285781650542 11.024462918540058 10.966640055429574 10.90881719231909 10.850994329208605 10.793171466098121 10.735348602987637 10.677525739877055 10.39071246576595 9.859103261373301 9.327494056980651 8.795884852588001 8.264275648195351 7.732666443802701 7.201057239410051 6.6694480350174015 6.1378388306247516 5.606229626232102 5.074620421839452 4.543011217446802 4.107193602996916 3.773779365685432 3.440365128373948 3.1069508910624632 2.773536653750979 2.440122416439495 2.1067081791280104 1.7732939418165263 1.4398797045050422 1.1064654671935577 0.7730512298820735 0.4396369925705894 0.26645664691598314
10.6354134578434 10.462571112568927 10.289728767294454 10.261597618419719 10.38816601200111 10.514734405582498 10.641302799163887 10.767871192745275 10.894439586326664 11.021007979908052 11.147576373489441 11.27414476707083 11.400713160652218 11.527281554233824 11.653849947815212 11.688906158739316 11.626133776121844 11.56336139350437 11.500589010886898 11.437816628269426 11.375044245651953 11.31227186303448 11.249499480417008 11.186727097799535 11.123954715182062 11.06118233256459 10.99840994994701 10.694844983161182 10.13386729595262 9.572889608744054 9.011911921535491 8.450934234326926 7.889956547118363 7.328978859909798 6.768001172701234 6.20702348549267 5.6460457982841055 5.085068111075541 4.524090423866977 4.070192960439355 3.7307666791525103 3.3913403978656658 3.0519141165788213 2.712487835291977 2.3730615540051323 2.033635272718288 1.6942089914314433 1.3547827101445984 1.015356428857754 0.6759301475709094 0.3365038662840649 0.16057955300014923
10.951820698804607 10.7706483533428 10.589476007880995 10.560354791159595 10.693779670602733 10.827204550045874 10.960629429489014 11.094054308932154 11.227479188375295 11.360904067818433 11.494328947261574 11.627753826704714 11.761178706147852 11.89460358559122 12.02802846503436 12.064235083386153 11.996513181261692 11.928791279137231 11.86106937701277 11.793347474888309 11.725625572763848 11.657903670639387 11.590181768514926 11.522459866390465 11.454737964266004 11.387016062141543 11.319294160016966 10.998977500556414 10.408631330531936 9.818285160507457 9.22793899048298 8.6375928204585 8.047246650434023 7.456900480409544 6.866554310385066 6.276208140360588 5.685861970336109 5.095515800311631 4.505169630287153 4.0331923178817926 3.687753992619588 3.3423156673573833 2.9968773420951784 2.651439016832974 2.3060006915707687 1.9605623663085643 1.6151240410463594 1.2696857157841546 0.9242473905219502 0.5788090652597453 0.23337073999754043 0.05470245908431531
10.742274873877587 10.564465790891632 10.386656707905676 10.384078198506495 10.568825136153695 10.753572073800896 10.938319011448096 11.123065949095295 11.307812886742497 11.492559824389696 11.677306762036896 11.862053699684095 12.046800637331295 12.23154757497881 12.41629451262601 12.477016273464198 12.405152314470849 12.3332883554775 12.261424396484152 12.189560437490803 12.117696478497455 12.045832519504106 11.973968560510759 11.90210460151741 11.83024064252406 11.758376683530713 11.686512724537241 11.348224583176297 10.725122963001171 10.102021342826044 9.478919722650916 8.855818102475789 8.232716482300662 7.609614862125535 6.986513241950408 6.363411621775281 5.740310001600154 5.117208381425026 4.4941067612499 4.004121811221586 3.65644159362916 3.3087613760367334 2.9610811584443066 2.6134009408518803 2.2657207232594536 1.9180405056670269 1.5703602880746006 1.2226800704821739 0.8749998528897471 0.5273196352973204 0.1796394177048941 0.0
9.970518372474617 9.808571912722067 9.646625452969518 9.70002045215012 9.983620342158732 10.267220232167341 10.550820122175953 10.834420012184562 11.118019902193172 11.401619792201783 11.685219682210395 11.968819572219004 12.252419462227614 12.536019352236709 12.81961924224532 12.929831574662336 12.854688685465648 12.77954579626896 12.704402907072273 12.629260017875586 12.554117128678898 12.478974239482211 12.403831350285524 12.328688461088836 12.253545571892149 12.178402682695461 12.103259793498646 11.745696292438694 11.086218767513506 10.426741242588317 9.767263717663129 9.10778619273794 8.448308667812752 7.788831142887564 7.1293536179623755 6.469876093037187 5.8103985681119985 5.15092104318681 4.4914435182616215 3.9835281199971107 3.6376360645494747 3.291744009101839 2.945851953654203 2.599959898206567 2.254067842758931 1.9081757873112952 1.5622837318636593 1.2163916764160234 0.8704996209683875 0.5246075655207512 0.17871551007311526 0.0
9.198761871071975 9.052678034552825 8.906594198033673 9.015962705794037 9.398415548164015 9.780868390533994 10.163321232903973 10.545774075273952 10.928226917643931 11.31067976001391 11.693132602383889 12.075585444753868 12.458038287123847 12.840491129494477 13.222943971864456 13.382646875860281 13.304225056460258 13.225803237060232 13.147381417660208 13.068959598260182 12.990537778860157 12.912115959460133 12.833694140060107 12.755272320660083 12.676850501260057 12.598428681860034 12.520006862459875 12.143168001700923 11.447314572025688 10.751461142350454 10.05560771267522 9.359754282999987 8.663900853324751 7.968047423649517 7.272193993974283 6.5763405642990485 5.880487134623814 5.18463370494858 4.488780275273346 3.962934428772644 3.618830535469798 3.274726642166952 2.9306227488641055 2.58651885556126 2.2424149622584135 1.8983110689555676 1.5542071756527216 1.2101032823498752 0.8659993890470292 0.5218954957441833 0.1777916024413373 0.0
8.427005369669333 8.296784156383582 8.16656294309783 8.331904959437953 8.813210754169301 9.294516548900647 9.775822343631996 10.257128138363342 10.73843393309469 11.219739727826038 11.701045522557386 12.182351317288733 12.66365711202008 13.144962906752248 13.626268701483596 13.83546217705823 13.753761427454865 13.672060677851503 13.59035992824814 13.508659178644779 13.426958429041417 13.345257679438054 13.26355692983469 13.181856180231328 13.100155430627966 13.018454681024604 12.936753931421102 12.540639710963152 11.808410376537871 11.07618104211259 10.34395170768731 9.61172237326203 8.87949303883675 8.14726370441147 7.4150343699861905 6.68280503556091 5.95057570113563 5.21834636671035 4.486117032285069 3.9423407375481774 3.600025006390121 3.257709275232065 2.915393544074009 2.5730778129159524 2.230762081757896 1.88844635059984 1.5461306194417839 1.2038148882837274 0.8614991571256714 0.5191834259676149 0.17686769480955888 0.0
7.655248868266363 7.540890278214017 7.426531688161672 7.647847213081578 8.228005960174336 8.808164707267094 9.388323454359853 9.96848220145261 10.54864094854537 11.128799695638127 11.708958442730886 12.289117189823644 12.869275936916402 13.44943468401015 14.029593431102906 14.288277478256369 14.203297798449666 14.118318118642964 14.033338438836264 13.948358759029562 13.863379079222861 13.778399399416159 13.693419719609457 13.608440039802757 13.523460359996054 13.438480680189354 13.353501000382506 12.938111420225548 12.169506181050206 11.400900941874864 10.632295702699523 9.863690463524183 9.095085224348841 8.3264799851735 7.5578747459981575 6.789269506822816 6.020664267647475 5.252059028472132 4.483453789296792 3.921747046323701 3.5812194773104356 3.24069190829717 2.9001643392839043 2.559636770270639 2.2191092012573734 1.8785816322441078 1.5380540632308426 1.197526494217577 0.8569989252043113 0.5164713561910461 0.17594378717778048 0.0
6.883492366863722 6.784996400044775 6.686500433225828 6.963789466725494 7.64280116617962 8.321812865633747 9.000824565087873 9.679836264542 10.358847963996126 11.037859663450254 11.716871362904381 12.395883062358507 13.074894761812633 13.753906461267917 14.432918160722044 14.741092779454313 14.652834169444274 14.564575559434235 14.476316949424197 14.388058339414158 14.299799729404118 14.211541119394079 14.12328250938404 14.035023899374002 13.946765289363963 13.858506679353924 13.770248069343735 13.335583129487777 12.53060198556239 11.725620841637003 10.920639697711614 10.115658553786227 9.31067740986084 8.505696265935454 7.700715122010066 6.895733978084679 6.090752834159291 5.285771690233904 4.480790546308517 3.9011533550992343 3.562413948230759 3.223674541362283 2.8849351344938077 2.5461957276253315 2.2074563207568563 1.8687169138883806 1.5299775070199049 1.1912381001514292 0.8524986932829535 0.5137592864144778 0.17501987954600207 0.0
6.11173586546108 6.029102521875532 5.946469178289985 6.279731720369409 7.057596372184905 7.8354610240004 8.613325675815895 9.39119032763139 10.169054979446885 10.94691963126238 11.724784283077877 12.502648934893372 13.280513586708867 14.058378238525687 14.836242890341182 15.19390808065226 15.102370540438883 15.010833000225507 14.91929546001213 14.827757919798755 14.736220379585378 14.644682839372 14.553145299158624 14.461607758945249 14.370070218731872 14.278532678518495 14.186995138304962 13.733054838750006 12.891697790074572 12.05034074139914 11.208983692723706 10.367626644048272 9.526269595372838 8.684912546697404 7.843555498021972 7.0021984493465395 6.1608414006711065 5.319484351995673 4.478127303320239 3.880559663874767 3.5436084191510813 3.2066571744273955 2.8697059297037097 2.532754684980024 2.1958034402563382 1.8588521955326525 1.5219009508089667 1.184949706085281 0.8479984613615952 0.5110472166379094 0.17409597191422366 0.0
5.3399793640581095 5.273208643705968 5.206437923353826 5.595673974013034 6.47239157818994 7.349109182366846 8.225826786543752 9.102544390720658 9.979261994897563 10.85597959907447 11.732697203251377 12.609414807428282 13.486132411605187 14.362850015783588 15.239567619960495 15.6467233818504 15.551906911433683 15.457090441016968 15.362273970600253 15.267457500183538 15.172641029766822 15.077824559350105 14.98300808893339 14.888191618516675 14.79337514809996 14.698558677683245 14.603742207266368 14.130526548012401 13.252793594586908 12.375060641161413 11.497327687735918 10.619594734310423 9.741861780884928 8.864128827459435 7.98639587403394 7.108662920608445 6.23092996718295 5.353197013757455 4.475464060331962 3.8599659726502917 3.5248028900713964 3.1896398074925014 2.854476724913606 2.519313642334711 2.1841505597558157 1.8489874771769204 1.5138243945980254 1.17866131201913 0.8434982294402351 0.5083351468613397 0.1731720642824448 0.0
4.568222862655468 4.517314765536725 4.466406668417982 4.911616227656951 5.887186784195226 6.8627573407335 7.838327897271775 8.813898453810049 9.789469010348324 10.765039566886598 11.740610123424872 12.716180679963148 13.691751236501421 14.66732179304136 15.642892349579636 16.099538683048348 16.001443282428294 15.90334788180824 15.805252481188187 15.707157080568134 15.609061679948082 15.510966279328029 15.412870878707976 15.314775478087922 15.216680077467869 15.118584676847815 15.020489276227595 14.52799825727463 13.61388939909909 12.699780540923548 11.785671682748008 10.871562824572468 9.957453966396928 9.043345108221388 8.129236250045846 7.215127391870306 6.301018533694766 5.386909675519226 4.472800817343684 3.839372281425825 3.50599736099172 3.1726224405576144 2.839247520123509 2.505872599689404 2.172497679255298 1.8391227588211931 1.5057478383870877 1.1723729179529823 0.8389979975188768 0.5056230770847718 0.1722481566506664 0.0
3.7964663612528264 3.761420887367483 3.7263754134821387 4.227558481300867 5.30198199020051 6.376405499100152 7.450829007999795 8.525252516899439 9.59967602579908 10.674099534698723 11.748523043598366 12.822946552498008 13.897370061397652 14.971793570299127 16.04621707919877 16.55235398424629 16.450979653422902 16.34960532259951 16.24823099177612 16.14685666095273 16.04548233012934 15.944107999305947 15.842733668482557 15.741359337659166 15.639985006835776 15.538610676012386 15.437236345188822 14.925469966536857 13.97498520361127 13.024500440685685 12.074015677760098 11.123530914834513 10.173046151908927 9.22256138898334 8.272076626057753 7.321591863132168 6.371107100206581 5.420622337280996 4.470137574355409 3.818778590201358 3.4871918319120425 3.155605073622727 2.8240183153334115 2.492431557044096 2.1608447987547805 1.8292580404654655 1.49767128217615 1.1660845238868345 0.834497765597519 0.5029110073082039 0.17132424901888843 0.0
3.024709859850185 3.0055270091982402 2.986344158546295 3.5435007349447827 4.716777196205793 5.8900536574668045 7.063330118727817 8.236606579988827 9.409883041249838 10.58315950251085 11.75643596377186 12.929712425032871 14.102988886293883 15.276265347556894 16.449541808817905 17.005169285444236 16.90051602441751 16.79586276339078 16.691209502364053 16.586556241337323 16.481902980310597 16.377249719283867 16.27259645825714 16.16794319723041 16.063289936203685 15.958636675176956 15.853983414150049 15.322941675799086 14.336081008123454 13.349220340447822 12.36235967277219 11.375499005096557 10.388638337420925 9.401777669745293 8.41491700206966 7.428056334394029 6.4411956667183965 5.454334999042764 4.467474331367132 3.7981848989768907 3.468386302832365 3.1385877066878396 2.808789110543314 2.4789905143987885 2.149191918254263 1.8193933221097374 1.4895947259652118 1.1597961298206863 0.8299975336761607 0.5001989375316351 0.17040034138710958 0.0
2.252953358447215 2.2496331310286752 2.246312903610136 2.8594429885884076 4.13157240221083 5.4037018158332515 6.6758312294556745 7.947960643078097 9.220090056700519 10.49221947032294 11.764348883945363 13.036478297567786 14.308607711190206 15.5807371248148 16.852866538437222 17.45798458664238 17.350052395412312 17.242120204182243 17.134188012952176 17.02625582172211 16.918323630492043 16.810391439261974 16.702459248031907 16.59452705680184 16.486594865571774 16.378662674341705 16.270730483111453 15.720413385061482 14.697176812635789 13.673940240210095 12.650703667784402 11.627467095358709 10.604230522933015 9.58099395050732 8.557757378081629 7.534520805655934 6.51128423323024 5.488047660804547 4.464811088378854 3.7775912077524154 3.4495807737526802 3.121570339752945 2.7935599057532103 2.4655494717534756 2.1375390377537404 1.8095286037540057 1.4815181697542705 1.1535077357545358 0.8254973017548006 0.4974868677550659 0.16947643375533072 0.0
1.8741460817085873 1.88131692366266 1.8884877656167325 2.5307220190684467 3.8518534251490917 5.172984831229737 6.494116237310382 7.815247643391027 9.136379049471671 10.457510455552317 11.778641861632963 13.099773267713607 14.420904673794253 15.742036079877149 17.063167485957795 17.695304197258206 17.590889992705314 17.48647578815242 17.382061583599526 17.277647379046634 17.17323317449374 17.068818969940846 16.964404765387954 16.85999056083506 16.755576356282166 16.651162151729274 16.546747947176204 15.985941076079696 14.937240118536414 13.88853916099313 12.839838203449847 11.791137245906564 10.742436288363281 9.693735330819997 8.645034373276715 7.596333415733431 6.547632458190149 5.498931500646865 4.450230543103583 3.75097089715413 3.4252719201523445 3.0995729431505588 2.7738739661487735 2.4481749891469877 2.122476012145202 1.7967770351434167 1.471078058141631 1.1453790811398457 0.8196801041380599 0.4939811271362746 0.16828215013448888 0.0
1.9153767592511333 1.927296818060039 1.9392168768689446 2.581833667746751 3.8986795321657244 5.215525396584699 6.532371261003672 7.849217125422646 9.16606298984162 10.482908854260593 11.799754718679567 13.11660058309854 14.433446447517515 15.750292311938734 17.06713817635771 17.702272496948524 17.608641754820592 17.515011012692664 17.421380270564732 17.327749528436804 17.234118786308873 17.140488044180945 17.046857302053013 16.953226559925085 16.859595817797157 16.765965075669225 16.672334333541137 16.110428927789815 15.047927311882532 13.985425695975248 12.922924080067965 11.860422464160681 10.797920848253398 9.735419232346112 8.672917616438829 7.610416000531545 6.547914384624262 5.485412768716978 4.422911152809695 3.7179085102922396 3.395080359504095 3.072252208715951 2.749424057927806 2.426595907139662 2.1037677563515174 1.7809396055633728 1.4581114547752283 1.1352833039870842 0.8124551531989397 0.48962700241079515 0.16679885162265062 0.0
