Figures/CREST_Example_wjb_NSE/Rolling_result/20100722/BJP_forecast/ens_26/wjb.rain.20100725.asc
ncols            288
nrows            254
xllcorner        113.274861
yllcorner        31.4918055
cellsize         0.008333333333
NODATA_value     -9999
[rows 189 to 209 of 254, columns 144 to 191 of 288]
0.058918701787436356 0.0355074211916622 0.012096140595888039 0.0 0.0 0.0 0.0 0.0 0.0 0.0 0.0 0.0 0.0 0.0 0.0 0.05225462451994768 0.16037062470099048 0.2684866248820333 0.3766026250630761 0.4847186252441189 0.5928346254251617 0.7009506256062046 0.8090666257872473 0.9171826259682901 1.0252986261493329 1.1334146263305602 1.241530626511603 1.2902428358976443 1.2754510490313307 1.2606592621650172 1.2458674752987038 1.2310756884323903 1.216283901566077 1.2014921146997632 1.1867003278334498 1.1719085409671364 1.157116754100823 1.1423249672345093 1.1275331803681707 1.1646303287521347 1.2571979229089405 1.3497655170657463 1.4423331112225521 1.534900705379358 1.6274682995361638 1.7200358936929696 1.8126034878497752 1.905171082006581
0.04216453680466847 0.02541050502226025 0.008656473239852053 0.0 0.0 0.0 0.0 0.0 0.0 0.0 0.0 0.0 0.0 0.0 0.0 0.0584143003671914 0.17927480921390346 0.30013531806061555 0.4209958269073276 0.5418563357540397 0.6627168446007518 0.7835773534474638 0.9044378622941759 1.025298371140888 1.1461588799876001 1.2670193888345183 1.3878798976812303 1.4423342097496195 1.4257987951539894 1.4092633805583592 1.3927279659627292 1.3761925513670992 1.359657136771469 1.343121722175839 1.326586307580209 1.3100508929845787 1.2935154783889486 1.2769800637933186 1.2604446491976602 1.301914738943304 1.4053940252078096 1.5088733114723154 1.6123525977368212 1.715831884001327 1.8193111702658327 1.9227904565303384 2.0262697427948444 2.12974902905935
0.025410371821900535 0.015313588852858287 0.005216805883816039 0.0 0.0 0.0 0.0 0.0 0.0 0.0 0.0 0.0 0.0 0.0 0.0 0.06457397621443511 0.19817899372681644 0.33178401123919776 0.4653890287515791 0.5989940462639605 0.7325990637763418 0.8662040812887231 0.9998090988011045 1.1334141163134859 1.2670191338258672 1.4006241513384763 1.5342291688508576 1.5944255836015948 1.576146541276648 1.5578674989517014 1.5395884566267546 1.521309414301808 1.5030303719768612 1.4847513296519146 1.4664722873269678 1.4481932450020212 1.4299142026770744 1.4116351603521278 1.3933561180271499 1.4391991491344733 1.5535901275066788 1.6679811058788845 1.7823720842510902 1.8967630626232959 2.0111540409955015 2.1255450193677072 2.239935997739913 2.3543269761121186
0.008656206839132638 0.005216672683456339 0.0017771385277800464 0.0 0.0 0.0 0.0 0.0 0.0 0.0 0.0 0.0 0.0 0.0 0.0 0.07073365206167882 0.2170831782397294 0.36343270441778 0.5097822305958306 0.6561317567738811 0.8024812829519317 0.9488308091299823 1.095180335308033 1.2415298614860835 1.387879387664134 1.534228913842434 1.6805784400204848 1.74651695745357 1.7264942873993068 1.7064716173450434 1.6864489472907802 1.6664262772365168 1.6464036071822536 1.6263809371279903 1.6063582670737269 1.5863355970194637 1.5663129269652003 1.5462902569109371 1.5262675868566395 1.5764835593256428 1.7017862298055482 1.8270889002854538 1.9523915707653594 2.077694241245265 2.2029969117251706 2.328299582205076 2.4536022526849814 2.5789049231648873
0.06750534729280316 0.06402500376290499 0.06054466023300683 0.05907126273970242 0.0597433359544266 0.06041540916915079 0.06108748238387498 0.061759555598599164 0.06243162881332335 0.06310370202804753 0.06377577524277173 0.0644478484574959 0.06511992167222125 0.06579199488694543 0.06646406810166962 0.13505927030133513 0.27626583387163683 0.4174723974419385 0.5586789610122402 0.6998855245825418 0.8410920881528435 0.9822986517231452 1.1235052152934468 1.2647117788637485 1.4059183424340502 1.5471249060045926 1.6883314695748943 1.751584641288401 1.7315038735667025 1.711423105845004 1.6913423381233055 1.671261570401607 1.6511808026799084 1.6311000349582099 1.6110192672365113 1.5909384995148128 1.5708577317931143 1.5507769640714155 1.5306961963496828 1.5856656680814951 1.7208655438053126 1.85606541952913 1.9912652952529475 2.126465170976765 2.2616650467005823 2.3968649224244 2.532064798148217 2.667264673872035
0.2071696559620293 0.19648870103572907 0.18580774610942885 0.18128598207110458 0.18334853240614377 0.18541108274118295 0.1874736330762221 0.1895361834112613 0.1915987337463005 0.19366128408133965 0.19572383441637883 0.19778638475141802 0.1998489350864607 0.2019114854214999 0.20397403575653905 0.26156061474401815 0.37850363636725537 0.49544665799049253 0.6123896796137298 0.7293327012369669 0.8462757228602041 0.9632187444834414 1.0801617661066785 1.197104787729916 1.314047809353153 1.4309908309765895 1.5479338525998267 1.5994932674363609 1.5811561274439798 1.5628189874515985 1.5444818474592175 1.5261447074668362 1.507807567474455 1.4894704274820738 1.4711332874896927 1.4527961474973115 1.4344590075049304 1.416121867512549 1.3977847275201367 1.4579144909244042 1.6019271493781195 1.7459398078318347 1.8899524662855498 2.033965124739265 2.17797778319298 2.3219904416466957 2.4660031001004104 2.610015758554126
0.3468339646311959 0.32895239830849676 0.31107083198579755 0.3035007014024547 0.3069537288578083 0.3104067563131619 0.3138597837685155 0.31731281122386906 0.3207658386792226 0.3242188661345762 0.32767189358992976 0.33112492104528335 0.3345779485006428 0.3380309759559964 0.34148400341135 0.3880619591866473 0.4807414388628304 0.5734209185390134 0.6661003982151965 0.7587798778913796 0.8514593575675626 0.9441388372437457 1.0368183169199288 1.129497796596112 1.222177276272295 1.314856755948636 1.407536235624819 1.4474018935843858 1.430808381321321 1.4142148690582566 1.3976213567951918 1.3810278445321273 1.3644343322690626 1.3478408200059981 1.3312473077429334 1.314653795479869 1.2980602832168042 1.2814667709537397 1.2648732586906468 1.3301633137673674 1.4829887549509766 1.6358141961345858 1.7886396373181952 1.9414650785018044 2.094290519685414 2.2471159608690225 2.399941402052632 2.552766843236241
0.48649827330036266 0.46141609558126445 0.4363339178621663 0.42571542073380486 0.4305589253094729 0.43540242988514083 0.4402459344608088 0.4450894390364768 0.44993294361214475 0.45477644818781277 0.4596199527634807 0.4644634573391487 0.4693069619148249 0.4741504664904929 0.4789939710661609 0.5145633036292765 0.5829792413584054 0.6513951790875343 0.7198111168166633 0.7882270545457923 0.8566429922749212 0.9250589300040502 0.9934748677331791 1.061890805462308 1.1303067431914369 1.1987226809206826 1.2671386186498115 1.2953105197324104 1.2804606351986625 1.2656107506649144 1.2507608661311664 1.2359109815974185 1.2210610970636706 1.2062112125299225 1.1913613279961746 1.1765114434624266 1.1616615589286785 1.1468116743949306 1.1319617898611574 1.2024121366103309 1.364050360523834 1.5256885844373373 1.6873268083508406 1.8489650322643438 2.010603256177847 2.1722414800913503 2.333879704004853 2.495517927918357
0.6261625819695886 0.5938797928540884 0.5615970037385882 0.5479301400652069 0.5541641217611899 0.5603981034571729 0.5666320851531559 0.5728660668491389 0.5791000485451219 0.5853340302411048 0.5915680119370877 0.5978019936330707 0.6040359753290644 0.6102699570250474 0.6165039387210304 0.6410646480719595 0.6852170438540239 0.7293694396360885 0.7735218354181529 0.8176742312002174 0.8618266269822819 0.9059790227643463 0.9501314185464107 0.9942838143284752 1.0384362101105398 1.0825886058926795 1.126741001674744 1.1432191458803702 1.1301128890759395 1.1170066322715089 1.1039003754670782 1.0907941186626477 1.077687861858217 1.0645816050537864 1.0514753482493557 1.038369091444925 1.0252628346404944 1.0121565778360637 0.9990503210316108 1.0746609594532397 1.2451119660966405 1.4155629727400416 1.5860139793834427 1.7564649860268435 1.9269159926702444 2.0973669993136457 2.2678180059570465 2.4382690126004474
0.7658268906387553 0.7263434901268562 0.6868600896149568 0.6701448593965571 0.6777693182128545 0.6853937770291518 0.6930182358454492 0.7006426946617466 0.7082671534780439 0.7158916122943413 0.7235160711106385 0.7311405299269359 0.7387649887432464 0.7463894475595436 0.754013906375841 0.7675659925145885 0.7874548463495988 0.8073437001846091 0.8272325540196195 0.8471214078546299 0.8670102616896402 0.8868991155246506 0.906787969359661 0.9266768231946713 0.9465656770296816 0.9664545308647259 0.9863433846997363 0.991127772028395 0.9797651429532809 0.9684025138781669 0.9570398848030528 0.9456772557279388 0.9343146266528247 0.9229519975777107 0.9115893685025966 0.9002267394274827 0.8888641103523686 0.8775014812772546 0.8661388522021212 0.946909782296203 1.126173571669498 1.305437361042793 1.4847011504160879 1.663964939789383 1.843228729162678 2.022492518535973 2.2017563079092684 2.381020097282563
0.905491199307922 0.8588071873996237 0.8121231754913255 0.7923595787279071 0.8013745146645189 0.8103894506011307 0.8194043865377424 0.8284193224743542 0.837434258410966 0.8464491943475777 0.8554641302841894 0.8644790662208013 0.8734940021574285 0.8825089380940402 0.8915238740306519 0.8940673369572176 0.8896926488451739 0.8853179607331301 0.8809432726210863 0.8765685845090425 0.8721938963969987 0.867819208284955 0.8634445201729112 0.8590698320608674 0.8546951439488236 0.8503204558367724 0.8459457677247286 0.8390363981764197 0.8294173968306223 0.8197983954848248 0.8101793941390274 0.8005603927932299 0.7909413914474325 0.7813223901016351 0.7717033887558375 0.7620843874100401 0.7524653860642427 0.7428463847184452 0.7332273833726314 0.8191586051391664 1.0072351772423553 1.1953117493455443 1.3833883214487335 1.5714648935519224 1.7595414656551114 1.9476180377583003 2.1356946098614893 2.3237711819646782
1.0451555079771482 0.9912708846724478 0.9373862613677476 0.9145742980593092 0.924979711116236 0.9353851241731628 0.9457905372300895 0.9561959502870163 0.9666013633439431 0.9770067764008699 0.9874121894577966 0.9978176025147234 1.0082230155716678 1.0186284286285947 1.0290338416855214 1.0205686813999006 0.9919304513407924 0.9632922212816841 0.9346539912225759 0.9060157611634676 0.8773775311043593 0.8487393010452511 0.8201010709861428 0.7914628409270346 0.7628246108679264 0.7341863808087692 0.705548150749661 0.6869450243243795 0.6790696507078995 0.6711942770914193 0.6633189034749393 0.6554435298584592 0.647568156241979 0.639692782625499 0.631817409009019 0.6239420353925389 0.6160666617760587 0.6081912881595787 0.6003159145430852 0.6914074279820753 0.888296782815162 1.0851861376482488 1.2820754924813356 1.4789648473144223 1.6758542021475091 1.872743556980596 2.0696329118136827 2.2665222666467693
1.1848198166463146 1.1237345819452154 1.062649347244116 1.0367890173906593 1.0485849075679006 1.0603807977451418 1.0721766879223829 1.083972578099624 1.0957684682768651 1.1075643584541064 1.1193602486313474 1.1311561388085887 1.14295202898585 1.1547479191630912 1.1665438093403322 1.1470700258425297 1.0941682538363673 1.041266481830205 0.9883647098240427 0.9354629378178803 0.8825611658117178 0.8296593938055554 0.7767576217993931 0.7238558497932307 0.6709540777870684 0.6180523057808157 0.5651505337746534 0.5348536504724043 0.5287219045852408 0.5225901586980772 0.5164584128109138 0.5103266669237503 0.5041949210365868 0.49806317514942333 0.49193142926225986 0.4857996833750963 0.47966793748793285 0.4735361916007694 0.4674044457135954 0.5636562508250386 0.7693583883880194 0.9750605259510001 1.180762663513981 1.3864648010769618 1.5921669386399424 1.7978690762029232 2.003571213765904 2.2092733513288847
1.3244841253154813 1.2561982792179829 1.1879124331204847 1.1590037367220094 1.1721901040195648 1.1853764713171204 1.198562838614676 1.2117492059122317 1.224935573209787 1.2381219405073427 1.2513083078048983 1.2644946751024537 1.2776810424000318 1.2908674096975874 1.304053776995143 1.2735713702851588 1.1964060563319423 1.1192407423787256 1.0420754284255092 0.9649101144722927 0.8877448005190762 0.8105794865658598 0.7334141726126432 0.6562488586594267 0.5790835447062102 0.5019182307528621 0.42475291679964555 0.38276227662042894 0.37837415846258204 0.3739860403047352 0.3695979221468883 0.3652098039890414 0.3608216858311945 0.35643356767334766 0.35204544951550076 0.34765733135765386 0.34326921319980697 0.33888109504196007 0.33449297688410573 0.4359050736680019 0.6504199939608767 0.8649349142537515 1.0794498345466264 1.293964754839501 1.508479675132376 1.7229945954252506 1.9375095157181255 2.152024436011
1.464148433984648 1.3886619764907506 1.3131755189968533 1.2812184560533595 1.2957953004712295 1.3103721448890995 1.3249489893069695 1.3395258337248392 1.3541026781427092 1.3686795225605792 1.3832563669784492 1.3978332113963192 1.412410055814214 1.4269869002320839 1.4415637446499538 1.4000727147277878 1.2986438588275173 1.1972150029272466 1.095786147026976 0.9943572911267053 0.8929284352264347 0.7914995793261641 0.6900707234258935 0.5886418675256229 0.48721301162535224 0.38578415572490865 0.2843552998246379 0.2306709027684537 0.2280264123399234 0.22538192191139314 0.22273743148286285 0.22009294105433255 0.21744845062580226 0.214803960197272 0.2121594697687417 0.2095149793402114 0.20687048891168114 0.20422599848315084 0.20158150805461605 0.3081538965109653 0.5314815995337341 0.7548093025565029 0.9781370055792716 1.2014647086020402 1.4247924116248092 1.648120114647578 1.8714478176703466 2.0947755206931156
1.603812742653874 1.5211256737635748 1.4384386048732754 1.4034331753847618 1.4194004969229466 1.4353678184611316 1.4513351399993166 1.4673024615375014 1.4832697830756865 1.4992371046138713 1.5152044261520563 1.5311717476902413 1.5471390692284535 1.5631063907666385 1.5790737123048233 1.5265740591704708 1.4008816613231359 1.2751892634758006 1.1494968656284656 1.0238044677811304 0.8981120699337953 0.7724196720864602 0.6467272742391251 0.52103487639179 0.39534247854445503 0.26965008069690555 0.14395768284957033 0.07857952891641355 0.07767866621720061 0.07677780351798767 0.07587694081877473 0.07497607811956179 0.07407521542034887 0.07317435272113593 0.07227349002192299 0.07137262732271005 0.07047176462349711 0.06957090192428417 0.0686700392250697 0.1804027193538742 0.41254320510654074 0.6446836908592073 0.8768241766118738 1.1089646623645404 1.341105148117207 1.5732456338698735 1.80538611962254 2.0375266053752066
1.7055445762390073 1.6231667553112943 1.540788934383581 1.506770495911395 1.5244493311201592 1.5421281663289235 1.5598070015376877 1.5774858367464522 1.5951646719552164 1.6128435071639806 1.6305223423727448 1.6482011775815093 1.6658800127903037 1.683558847999068 1.7012376832078322 1.6414839025337256 1.498952903881464 1.3564219052292024 1.213890906576941 1.0713599079246796 0.928828909272418 0.7862979106201565 0.643766911967895 0.5012359133156334 0.35870491466337207 0.21617391601086755 0.07364291735860595 0.0 0.0 0.0 0.0 0.0 0.0 0.0 0.0 0.0 0.0 0.0 0.0 0.11464707149990602 0.35185445633013085 0.5890618411603558 0.8262692259905806 1.0634766108208054 1.3006839956510303 1.537891380481255 1.77509876531148 2.012306150141705
1.7667289847751613 1.692687978131827 1.6186469714884926 1.589929066924366 1.609662583641585 1.629396100358804 1.649129617076023 1.668863133793242 1.688596650510461 1.7083301672276803 1.7280636839448993 1.7477972006621183 1.7675307173793708 1.7872642340965899 1.8069977508138089 1.7440031618346463 1.5925703564776736 1.4411375511207007 1.289704745763728 1.1382719404067552 0.9868391350497824 0.8354063296928096 0.6839735243358367 0.532540718978864 0.3811079136218911 0.22967510826465998 0.0782423029076873 0.0 0.0 0.0 0.0 0.0 0.0 0.0 0.0 0.0 0.0 0.0 0.0 0.11516073700392954 0.3534309073836921 0.5917010777634547 0.8299712481432173 1.0682414185229798 1.3065115889027423 1.544781759282505 1.7830519296622676 2.0213221000420303
1.8279133933113407 1.7622092009523889 1.6965050085934368 1.6730876379373723 1.6948758361630467 1.7166640343887214 1.738452232614396 1.7602404308400708 1.7820286290657454 1.8038168272914201 1.8256050255170948 1.8473932237427695 1.8691814219684812 1.890969620194156 1.9127578184198306 1.8465224211356108 1.6861878090739228 1.525853197012235 1.3655185849505471 1.2051839728888591 1.0448493608271714 0.8845147487654834 0.7241801367037957 0.5638455246421077 0.40351091258041993 0.24317630051845862 0.08284168845677065 0.0 0.0 0.0 0.0 0.0 0.0 0.0 0.0 0.0 0.0 0.0 0.0 0.11567440250795329 0.35500735843725406 0.5943403143665549 0.8336732702958556 1.0730062262251563 1.3123391821544572 1.551672138083758 1.7910050940130586 2.0303380499423596
1.8890978018474944 1.8317304237729215 1.7743630456983484 1.7562462089503432 1.7800890886844727 1.803931968418602 1.8277748481527314 1.8516177278868609 1.87546060762099 1.8993034873551196 1.923146367089249 1.9469892468233783 1.9708321265575484 1.9946750062916778 2.018517886025807 1.9490416804365314 1.7798052616701323 1.610568842903733 1.4413324241373338 1.2720960053709347 1.1028595866045354 0.9336231678381364 0.7643867490717371 0.5951503303053378 0.42591391153893876 0.2566774927722508 0.08744107400585177 0.0 0.0 0.0 0.0 0.0 0.0 0.0 0.0 0.0 0.0 0.0 0.0 0.11618806801197681 0.35658380949081536 0.5969795509696539 0.8373752924484924 1.077771033927331 1.3181667754061694 1.558562516885008 1.7989582583638466 2.0393539998426853
1.9502822103836477 1.9012516465934537 1.8522210828032595 1.839404779963314 1.865302341205898 1.8911999024484822 1.9170974636910665 1.9429950249336505 1.9688925861762347 1.994790147418819 2.020687708661403 2.046585269903987 2.0724828311466155 2.0983803923892 2.124277953631784 2.051560939737452 1.8734227142663418 1.6952844887952314 1.517146263324121 1.3390080378530105 1.1608698123819 0.9827315869107895 0.804593361439679 0.6264551359685686 0.44831691049745803 0.2701786850260437 0.09204045955493312 0.0 0.0 0.0 0.0 0.0 0.0 0.0 0.0 0.0 0.0 0.0 0.0 0.11670173351600034 0.3581602605443766 0.5996187875727529 0.8410773146011291 1.0825358416295054 1.3239943686578817 1.565452895686258 1.8069114227146341 2.0483699497430106
