Figures/CREST_Example_wjb_NSE/Rolling_result/20100722/BJP_forecast/ens_26/wjb.rain.20100726.asc
ncols            288
nrows            254
xllcorner        113.274861
yllcorner        31.4918055
cellsize         0.008333333333
NODATA_value     -9999
[rows 147 to 167 of 254, columns 0 to 47 of 288]
5.196533205462082 5.196533205462082 5.196533205462082 5.196533205462082 5.196533205462082 5.196533205462082 5.196533205462082 5.196533205462082 5.196533205462082 5.196533205462082 5.196533205462082 5.196533205462082 5.196533205462082 5.196533205462082 5.196533205462082 16.038207723787576 15.491153295998267 14.944098868208957 14.397044440419647 13.849990012630336 13.302935584841027 12.755881157051716 12.208826729262405 11.661772301473096 11.114717873683785 10.567663445894475 10.020609018104233 9.6280870727337 9.400763843247837 9.173440613761972 8.946117384276109 8.718794154790244 8.49147092530438 8.264147695818515 8.036824466332652 7.8095012368467875 7.582178007360923 7.35485477787506 7.127531548389196 6.7429373032201685 6.190216787898702 5.637496272577235 5.084775757255768 4.532055241934302 3.9793347266128345 3.426614211291368 2.873893695969901 2.321173180648434
-9999.0 5.196533205462082 5.196533205462082 5.196533205462082 5.196533205462082 5.196533205462082 5.196533205462082 5.196533205462082 5.196533205462082 5.196533205462082 5.196533205462082 5.196533205462082 5.196533205462082 5.196533205462082 5.196533205462082 16.15224434269398 15.648347058289058 15.144449773884135 14.640552489479214 14.136655205074291 13.63275792066937 13.128860636264449 12.624963351859526 12.121066067454603 11.617168783049681 11.11327149864476 10.60937421423898 10.232549810483553 9.991569187779765 9.750588565075978 9.50960794237219 9.268627319668402 9.027646696964617 8.786666074260829 8.545685451557041 8.304704828853254 8.063724206149466 7.8227435834456776 7.58176296074189 7.17822297345485 6.600903351522418 6.023583729589987 5.446264107657555 4.868944485725123 4.291624863792691 3.7143052418602593 3.1369856199278274 2.5596659979953955
-9999.0 5.196533205462082 5.196533205462082 5.196533205462082 5.196533205462082 5.196533205462082 5.196533205462082 5.196533205462082 5.196533205462082 5.196533205462082 5.196533205462082 5.196533205462082 5.196533205462082 5.196533205462082 5.196533205462082 16.266280961600383 15.805540820579848 15.344800679559315 14.88406053853878 14.423320397518246 13.962580256497713 13.50184011547718 13.041099974456646 12.580359833436113 12.11961969241558 11.658879551395044 11.198139410373724 10.837012548233407 10.582374532311695 10.327736516389985 10.073098500468273 9.818460484546563 9.563822468624853 9.30918445270314 9.05454643678143 8.799908420859719 8.545270404938009 8.290632389016297 8.035994373094587 7.613508643689533 7.0115899151461365 6.40967118660274 5.807752458059342 5.2058337295159465 4.603915000972549 4.001996272429153 3.4000775438857564 2.7981588153423598
-9999.0 -9999.0 5.196533205462082 5.196533205462082 5.196533205462082 5.196533205462082 5.196533205462082 5.196533205462082 5.196533205462082 5.196533205462082 5.196533205462082 5.196533205462082 5.196533205462082 5.196533205462082 5.196533205462082 16.38031758050688 15.962734582870771 15.545151585234663 15.127568587598555 14.709985589962447 14.292402592326336 13.87481959469023 13.45723659705412 13.039653599418012 12.622070601781903 12.204487604145793 11.786904606508973 11.441475285983776 11.173179876844129 10.904884467704484 10.636589058564837 10.368293649425192 10.099998240285545 9.8317028311459 9.563407422006254 9.295112012866607 9.026816603726962 8.758521194587315 8.49022578544767 8.048794313924587 7.422276478770203 6.795758643615821 6.1692408084614385 5.542722973307056 4.916205138152673 4.28968730299829 3.6631694678439075 3.0366516326895256
-9999.0 -9999.0 -9999.0 -9999.0 -9999.0 -9999.0 5.196533205462082 5.196533205462082 5.196533205462082 5.196533205462082 5.196533205462082 5.196533205462082 5.196533205462082 5.196533205462082 5.196533205462082 16.494354199413284 16.11992834516156 15.745502490909843 15.371076636658122 14.996650782406402 14.622224928154681 14.24779907390296 13.87337321965124 13.49894736539952 13.1245215111478 12.750095656896079 12.37566980264372 12.045938023733628 11.763985221376059 11.48203241901849 11.20007961666092 10.918126814303351 10.636174011945782 10.35422120958821 10.072268407230641 9.790315604873072 9.508362802515503 9.226410000157934 8.944457197800364 8.484079984159267 7.83296304239392 7.181846100628572 6.530729158863226 5.879612217097877 5.228495275332531 4.577378333567183 3.9262613918018356 3.275144450036488
-9999.0 -9999.0 -9999.0 -9999.0 -9999.0 5.196533205462082 5.196533205462082 5.196533205462082 5.196533205462082 5.196533205462082 5.196533205462082 5.196533205462082 5.196533205462082 5.196533205462082 5.196533205462082 16.608390818319684 16.277122107452353 15.94585339658502 15.614584685717688 15.283315974850357 14.952047263983024 14.620778553115692 14.28950984224836 13.958241131381028 13.626972420513695 13.295703709646363 12.964434998778465 12.650400761483482 12.354790565907988 12.059180370332497 11.763570174757003 11.467959979181511 11.172349783606018 10.876739588030524 10.581129392455033 10.28551919687954 9.989909001304046 9.694298805728554 9.39868861015306 8.91936565439395 8.243649606017637 7.567933557641325 6.892217509265013 6.216501460888701 5.540785412512388 4.865069364136076 4.189353315759764 3.5136372673834515
-9999.0 -9999.0 -9999.0 -9999.0 5.196533205462082 5.196533205462082 5.196533205462082 5.196533205462082 5.196533205462082 5.196533205462082 5.196533205462082 5.196533205462082 5.196533205462082 5.196533205462082 5.196533205462082 16.722427437226088 16.434315869743145 16.146204302260198 15.858092734777255 15.569981167294312 15.281869599811367 14.993758032328424 14.70564646484548 14.417534897362536 14.129423329879591 13.841311762396646 13.553200194913211 13.254863499233334 12.945595910439918 12.636328321646502 12.327060732853086 12.01779314405967 11.708525555266254 11.399257966472838 11.08999037767942 10.780722788886004 10.471455200092588 10.162187611299172 9.852920022505756 9.354651324628632 8.654336169641354 7.954021014654077 7.2537058596668 6.553390704679523 5.853075549692246 5.152760394704969 4.452445239717692 3.752130084730415
-9999.0 -9999.0 -9999.0 -9999.0 5.196533205462082 5.196533205462082 5.196533205462082 5.196533205462082 5.196533205462082 5.196533205462082 5.196533205462082 5.196533205462082 5.196533205462082 5.196533205462082 5.196533205462082 16.83646405613249 16.591509632033933 16.346555207935374 16.10160078383682 15.856646359738265 15.611691935639708 15.366737511541153 15.121783087442598 14.876828663344043 14.631874239245487 14.386919815146932 14.141965391047957 13.859326236983188 13.536401254971848 13.21347627296051 12.890551290949169 12.567626308937829 12.24470132692649 11.92177634491515 11.59885136290381 11.275926380892471 10.953001398881131 10.630076416869791 10.307151434858453 9.789936994863314 9.065022733265073 8.34010847166683 7.615194210068588 6.890279948470345 6.165365686872104 5.440451425273862 4.715537163675619 3.9906229020773774
-9999.0 -9999.0 -9999.0 -9999.0 -9999.0 -9999.0 5.196533205462082 5.196533205462082 5.196533205462082 5.196533205462082 5.196533205462082 5.196533205462082 5.196533205462082 5.196533205462082 5.196533205462082 16.95050067503889 16.74870339432472 16.546906113610554 16.345108832896386 16.14331155218222 15.941514271468053 15.739716990753886 15.537919710039718 15.33612242932555 15.134325148611383 14.932527867897216 14.730730587182704 14.46378897473304 14.127206599503777 13.790624224274515 13.454041849045252 13.117459473815988 12.780877098586725 12.444294723357462 12.1077123481282 11.771129972898937 11.434547597669674 11.09796522244041 10.761382847211147 10.225222665097995 9.47570929688879 8.726195928679582 7.976682560470375 7.227169192261169 6.477655824051961 5.728142455842755 4.978629087633548 4.229115719424341
-9999.0 -9999.0 -9999.0 -9999.0 -9999.0 -9999.0 -9999.0 -9999.0 5.196533205462082 5.196533205462082 5.196533205462082 5.196533205462082 5.196533205462082 5.196533205462082 5.196533205462082 17.064537293945293 16.905897156615513 16.747257019285733 16.588616881955954 16.429976744626174 16.271336607296398 16.112696469966618 15.954056332636839 15.795416195307059 15.636776057977281 15.478135920647501 15.319495783317452 15.068251712482896 14.718011944035709 14.367772175588522 14.017532407141335 13.66729263869415 13.317052870246963 12.966813101799776 12.61657333335259 12.266333564905404 11.916093796458217 11.56585402801103 11.215614259563843 10.660508335332679 9.886395860512508 9.112283385692335 8.338170910872163 7.564058436051991 6.789945961231819 6.015833486411648 5.241721011591475 4.467608536771303
-9999.0 -9999.0 -9999.0 -9999.0 -9999.0 -9999.0 -9999.0 -9999.0 -9999.0 5.196533205462082 -9999.0 -9999.0 -9999.0 5.196533205462082 5.196533205462082 5.196533205462082 5.196533205462082 5.196533205462082 5.196533205462082 5.196533205462082 5.196533205462082 5.196533205462082 5.196533205462082 5.196533205462082 5.196533205462082 5.196533205462082 5.196533205462082 5.196533205462082 5.196533205462082 5.196533205462082 5.196533205462082 5.196533205462082 5.196533205462082 5.196533205462082 5.196533205462082 5.196533205462082 5.196533205462082 5.196533205462082 5.196533205462082 10.840643094972823 10.060534116964297 9.28042513895577 8.500316160947243 7.720207182938717 6.940098204930191 6.159989226921665 5.379880248913138 4.599771270904612
-9999.0 -9999.0 -9999.0 -9999.0 -9999.0 -9999.0 -9999.0 -9999.0 -9999.0 -9999.0 -9999.0 -9999.0 -9999.0 -9999.0 5.196533205462082 5.196533205462082 5.196533205462082 5.196533205462082 5.196533205462082 5.196533205462082 5.196533205462082 5.196533205462082 5.196533205462082 5.196533205462082 5.196533205462082 5.196533205462082 5.196533205462082 5.196533205462082 5.196533205462082 5.196533205462082 5.196533205462082 5.196533205462082 5.196533205462082 5.196533205462082 5.196533205462082 5.196533205462082 5.196533205462082 5.196533205462082 5.196533205462082 10.74803761498794 9.981817144208254 9.215596673428566 8.44937620264888 7.683155731869193 6.916935261089506 6.15071479030982 5.384494319530133 4.618273848750446
-9999.0 -9999.0 -9999.0 -9999.0 -9999.0 -9999.0 -9999.0 -9999.0 -9999.0 -9999.0 -9999.0 -9999.0 -9999.0 -9999.0 -9999.0 -9999.0 5.196533205462082 5.196533205462082 5.196533205462082 5.196533205462082 5.196533205462082 5.196533205462082 5.196533205462082 5.196533205462082 5.196533205462082 5.196533205462082 5.196533205462082 5.196533205462082 5.196533205462082 5.196533205462082 5.196533205462082 5.196533205462082 5.196533205462082 5.196533205462082 5.196533205462082 5.196533205462082 5.196533205462082 5.196533205462082 5.196533205462082 10.655432135003055 9.903100171452209 9.150768207901361 8.398436244350513 7.646104280799667 6.89377231724882 6.141440353697974 5.389108390147127 4.63677642659628
-9999.0 -9999.0 -9999.0 -9999.0 -9999.0 -9999.0 -9999.0 -9999.0 -9999.0 -9999.0 -9999.0 -9999.0 -9999.0 -9999.0 -9999.0 -9999.0 -9999.0 5.196533205462082 5.196533205462082 5.196533205462082 5.196533205462082 5.196533205462082 5.196533205462082 5.196533205462082 5.196533205462082 5.196533205462082 5.196533205462082 5.196533205462082 5.196533205462082 5.196533205462082 5.196533205462082 5.196533205462082 5.196533205462082 5.196533205462082 5.196533205462082 5.196533205462082 5.196533205462082 5.196533205462082 5.196533205462082 10.56282665501817 9.824383198696164 9.085939742374157 8.347496286052149 7.6090528297301425 6.8706093734081355 6.132165917086128 5.3937224607641205 4.6552790044421135
-9999.0 -9999.0 -9999.0 -9999.0 -9999.0 -9999.0 -9999.0 -9999.0 -9999.0 -9999.0 -9999.0 -9999.0 -9999.0 -9999.0 -9999.0 -9999.0 -9999.0 -9999.0 5.196533205462082 5.196533205462082 5.196533205462082 5.196533205462082 5.196533205462082 5.196533205462082 5.196533205462082 5.196533205462082 5.196533205462082 5.196533205462082 5.196533205462082 5.196533205462082 5.196533205462082 5.196533205462082 5.196533205462082 5.196533205462082 5.196533205462082 5.196533205462082 5.196533205462082 5.196533205462082 5.196533205462082 10.470221175033286 9.745666225940118 9.021111276846952 8.296556327753784 7.572001378660616 6.847446429567449 6.122891480474281 5.398336531381114 4.673781582287947
-9999.0 -9999.0 -9999.0 -9999.0 -9999.0 -9999.0 -9999.0 -9999.0 -9999.0 -9999.0 -9999.0 -9999.0 -9999.0 -9999.0 -9999.0 -9999.0 -9999.0 -9999.0 -9999.0 5.196533205462082 5.196533205462082 5.196533205462082 5.196533205462082 5.196533205462082 5.196533205462082 5.196533205462082 5.196533205462082 5.196533205462082 5.196533205462082 5.196533205462082 5.196533205462082 5.196533205462082 5.196533205462082 5.196533205462082 5.196533205462082 5.196533205462082 5.196533205462082 5.196533205462082 5.196533205462082 10.377615695048403 9.666949253184075 8.956282811319749 8.245616369455421 7.534949927591093 6.824283485726765 6.113617043862437 5.40295060199811 4.692284160133782
-9999.0 -9999.0 -9999.0 -9999.0 -9999.0 -9999.0 -9999.0 -9999.0 -9999.0 -9999.0 -9999.0 -9999.0 -9999.0 -9999.0 -9999.0 -9999.0 -9999.0 -9999.0 -9999.0 5.196533205462082 5.196533205462082 5.196533205462082 5.196533205462082 5.196533205462082 5.196533205462082 5.196533205462082 5.196533205462082 5.196533205462082 5.196533205462082 5.196533205462082 5.196533205462082 5.196533205462082 5.196533205462082 5.196533205462082 5.196533205462082 5.196533205462082 5.196533205462082 5.196533205462082 5.196533205462082 10.285010215063439 9.588232280427963 8.891454345792488 8.194676411157012 7.497898476521535 6.801120541886059 6.104342607250583 5.4075646726151065 4.710786737979631
-9999.0 -9999.0 -9999.0 -9999.0 -9999.0 -9999.0 -9999.0 -9999.0 -9999.0 -9999.0 -9999.0 -9999.0 -9999.0 -9999.0 -9999.0 -9999.0 -9999.0 -9999.0 -9999.0 -9999.0 5.196533205462082 5.196533205462082 5.196533205462082 5.196533205462082 5.196533205462082 5.196533205462082 -9999.0 -9999.0 5.196533205462082 5.196533205462082 5.196533205462082 5.196533205462082 5.196533205462082 5.196533205462082 5.196533205462082 5.196533205462082 5.196533205462082 5.196533205462082 5.196533205462082 10.192404735078556 9.50951530767192 8.826625880265283 8.143736452858647 7.46084702545201 6.777957598045373 6.095068170638736 5.4121787432321 4.729289315825463
-9999.0 -9999.0 -9999.0 -9999.0 -9999.0 -9999.0 -9999.0 -9999.0 -9999.0 -9999.0 -9999.0 -9999.0 -9999.0 -9999.0 -9999.0 -9999.0 -9999.0 -9999.0 -9999.0 -9999.0 -9999.0 -9999.0 -9999.0 -9999.0 -9999.0 -9999.0 -9999.0 5.196533205462082 5.196533205462082 5.196533205462082 5.196533205462082 5.196533205462082 5.196533205462082 5.196533205462082 5.196533205462082 5.196533205462082 5.196533205462082 5.196533205462082 5.196533205462082 10.099799255093671 9.430798334915876 8.761797414738078 8.092796494560282 7.423795574382485 6.754794654204687 6.085793734026891 5.416792813849094 4.747791893671296
-9999.0 -9999.0 -9999.0 -9999.0 -9999.0 -9999.0 -9999.0 -9999.0 -9999.0 -9999.0 -9999.0 -9999.0 -9999.0 -9999.0 -9999.0 -9999.0 -9999.0 -9999.0 -9999.0 -9999.0 -9999.0 -9999.0 -9999.0 -9999.0 -9999.0 -9999.0 -9999.0 5.196533205462082 5.196533205462082 5.196533205462082 5.196533205462082 5.196533205462082 5.196533205462082 5.196533205462082 5.196533205462082 5.196533205462082 5.196533205462082 5.196533205462082 5.196533205462082 10.007193775108789 9.352081362159831 8.696968949210873 8.041856536261916 7.386744123312959 6.731631710364002 6.076519297415045 5.421406884466087 4.7662944715171305
-9999.0 -9999.0 -9999.0 -9999.0 -9999.0 -9999.0 -9999.0 -9999.0 -9999.0 -9999.0 -9999.0 -9999.0 -9999.0 -9999.0 -9999.0 -9999.0 -9999.0 -9999.0 -9999.0 -9999.0 -9999.0 -9999.0 -9999.0 -9999.0 -9999.0 -9999.0 -9999.0 5.196533205462082 5.196533205462082 5.196533205462082 5.196533205462082 5.196533205462082 5.196533205462082 5.196533205462082 5.196533205462082 5.196533205462082 5.196533205462082 5.196533205462082 5.196533205462082 9.914588295123904 9.273364389403786 8.632140483683669 7.990916577963551 7.3496926722434335 6.708468766523316 6.067244860803199 5.426020955083081 4.784797049362964
