Figures/CREST_Example_wjb_NSE/Rolling_result/20100722/BJP_forecast/ens_26/wjb.rain.20100215.asc
ncols            288
nrows            254
xllcorner        113.274861
yllcorner        31.4918055
cellsize         0.008333333333
NODATA_value     -9999
[rows 180 to 199 of 254, columns 46 to 91 of 288]
0.0 0.0 0.0 0.0 0.0 0.0 0.0 0.0 0.0 0.0 0.0 0.0 0.0 0.0 0.0 0.0 0.0 0.003708938146342126 0.011382815009882289 0.01905669187343554 0.026730568736975702 0.034404445600515865 0.04207832246405603 0.04975219932759619 0.057426076191136356 0.06509995305467652 0.07277382991821668 0.08044770678175685 0.08812158364529701 0.09494061307527508 0.10084579127360146 0.10675096947192783 0.11265614767026427 0.11856132586859065 0.12446650406691703 0.1303716822652434 0.13627686046356977 0.14218203866189616 0.14808721686022253 0.1539923950585489 0.15989757325687526 0.16294866074894163 0.16294866074894163 0.16294866074894163 0.16294866074894163 0.16294866074894163
0.0 0.0 0.0 0.0 0.0 0.0 0.0 0.0 0.0 0.0 0.0 0.0 0.0 0.0 0.0 0.0 0.0 0.003832295594205291 0.011761401805809969 0.019690508017428165 0.027619614229032845 0.03554872044063752 0.043477826652242195 0.05140693286384687 0.059336039075451555 0.06726514528705622 0.07519425149866091 0.08312335771026558 0.09105246392187026 0.09794760071623429 0.10373740082905943 0.10952720094188456 0.11531700105471956 0.1211068011675447 0.12689660128036984 0.13268640139319496 0.13847620150602008 0.14426600161884523 0.15005580173167035 0.1558456018444955 0.16163540195732062 0.1646268758997686 0.1646268758997686 0.1646268758997686 0.1646268758997686 0.1646268758997686
0.0 0.0 0.0 0.0 0.0 0.0 -9999.0 0.0 0.0 0.0 0.0 0.0 0.0 0.0 0.0 0.0 0.0 0.00390809742656464 0.011994039342784677 0.0200799812590185 0.02816592317523854 0.03625186509145858 0.044337807007678615 0.05242374892389865 0.06050969084011869 0.06859563275633873 0.07668157467255876 0.0847675165887788 0.09285345850499883 0.09974670177552167 0.10536492323096112 0.11098314468640057 0.1166013661418496 0.12221958759728904 0.1278378090527285 0.13345603050816796 0.1390742519636074 0.14469247341904684 0.15031069487448628 0.15592891632992573 0.1615471377853652 0.16444996046651789 0.16444996046651789 0.16444996046651789 0.16444996046651789 0.16444996046651789
-9999.0 -9999.0 0.0 0.0 0.0 0.0 -9999.0 -9999.0 0.0 0.0 0.0 0.0 0.0 0.0 0.0 0.0 0.0 0.003983899258924053 0.012226676879759585 0.020469454500609174 0.028712232121444702 0.036955009742280234 0.04519778736311577 0.0534405649839513 0.06168334260478683 0.06992612022562236 0.07816889784645789 0.08641167546729342 0.09465445308812895 0.1015458028348106 0.10699244563286421 0.11243908843091784 0.11788573122898073 0.12333237402703436 0.12877901682508797 0.1342256596231416 0.13967230242119522 0.1451189452192488 0.15056558801730244 0.15601223081535603 0.16145887361340966 0.164273045033267 0.164273045033267 0.164273045033267 0.164273045033267 0.164273045033267
-9999.0 -9999.0 -9999.0 0.0 -9999.0 -9999.0 -9999.0 -9999.0 -9999.0 -9999.0 0.0 0.0 0.0 0.0 0.0 0.0 0.0 0.004059701091283402 0.012459314416734294 0.02085892774219951 0.0292585410676504 0.037658154393101294 0.04605776771855218 0.05445738104400307 0.06285699436945397 0.07125660769490486 0.07965622102035574 0.08805583434580665 0.09645544767125754 0.10334490389409799 0.10861996803476592 0.11389503217543386 0.11917009631611078 0.12444516045677871 0.12972022459744664 0.13499528873811456 0.1402703528787825 0.14554541701945045 0.15082048116011837 0.1560955453007863 0.16137060944145423 0.1640961296000163 0.1640961296000163 0.1640961296000163 0.1640961296000163 0.1640961296000163
-9999.0 -9999.0 -9999.0 -9999.0 -9999.0 -9999.0 -9999.0 -9999.0 -9999.0 -9999.0 -9999.0 0.0 0.0 0.0 0.0 0.0 0.0 0.004135502923642751 0.012691951953709004 0.02124840098378985 0.0298048500138561 0.03836129904392235 0.0469177480739886 0.05547419710405486 0.06403064613412111 0.07258709516418736 0.08114354419425361 0.08969999322431987 0.09825644225438612 0.10514400495338538 0.11024749043666762 0.11535097591994987 0.12045446140324081 0.12555794688652308 0.13066143236980532 0.13576491785308756 0.1408684033363698 0.14597188881965206 0.1510753743029343 0.15617885978621654 0.1612823452694988 0.16391921416676558 0.16391921416676558 0.16391921416676558 0.16391921416676558 0.16391921416676558
-9999.0 -9999.0 -9999.0 -9999.0 -9999.0 -9999.0 -9999.0 -9999.0 -9999.0 -9999.0 -9999.0 -9999.0 -9999.0 -9999.0 -9999.0 -9999.0 -9999.0 0.0042113047560020985 0.012924589490683711 0.02163787422538018 0.030351158960061794 0.039064443694743406 0.047777728429425015 0.05649101316410663 0.06520429789878823 0.07391758263346986 0.08263086736815146 0.09134415210283307 0.10005743683751468 0.10694310601267276 0.11187501283856932 0.11680691966446588 0.12173882649037086 0.12667073331626744 0.131602640142164 0.13653454696806056 0.14146645379395711 0.14639836061985367 0.15133026744575023 0.1562621742716468 0.16119408109754335 0.16374229873351487 0.16374229873351487 0.16374229873351487 0.16374229873351487 0.16374229873351487
-9999.0 -9999.0 -9999.0 -9999.0 -9999.0 -9999.0 -9999.0 -9999.0 -9999.0 -9999.0 -9999.0 -9999.0 -9999.0 -9999.0 -9999.0 -9999.0 -9999.0 0.004287106588361448 0.013157227027658421 0.02202734746697052 0.030897467906267493 0.039767588345564465 0.048637708784861435 0.05750782922415841 0.06637794966345538 0.07524807010275236 0.08411819054204933 0.0929883109813463 0.10185843142064327 0.10874220707196015 0.11350253524047102 0.1182628634089819 0.1230231915775009 0.12778351974601176 0.13254384791452264 0.13730417608303352 0.1420645042515444 0.14682483242005528 0.15158516058856616 0.15634548875707704 0.16110581692558792 0.16356538330026416 0.16356538330026416 0.16356538330026416 0.16356538330026416 0.16356538330026416
-9999.0 -9999.0 -9999.0 -9999.0 -9999.0 -9999.0 -9999.0 -9999.0 -9999.0 -9999.0 -9999.0 -9999.0 -9999.0 -9999.0 -9999.0 0.0 0.0 0.004362908420720797 0.013389864564633132 0.02241682070856086 0.03144377685247319 0.040470732996385525 0.04949768914029786 0.05852464528421019 0.06755160142812253 0.07657855757203486 0.0856055137159472 0.09463246985985953 0.10365942600377186 0.11054130813124755 0.11513005764237273 0.11971880715349793 0.12430755666463095 0.12889630617575615 0.13348505568688135 0.13807380519800652 0.14266255470913172 0.14725130422025692 0.1518400537313821 0.1564288032425073 0.1610175527536325 0.16338846786701344 0.16338846786701344 0.16338846786701344 0.16338846786701344 0.16338846786701344
-9999.0 -9999.0 -9999.0 -9999.0 -9999.0 -9999.0 -9999.0 -9999.0 -9999.0 -9999.0 -9999.0 -9999.0 -9999.0 -9999.0 0.0 0.0 0.0 0.004438710253080211 0.013622502101608038 0.02280629395015153 0.03199008579867935 0.04117387764720718 0.05035766949573501 0.05954146134426284 0.06872525319279067 0.0779090450413185 0.08709283688984633 0.09627662873837416 0.10546042058690198 0.11234040919053646 0.11675758004427583 0.12117475089801519 0.1255919217517621 0.13000909260550145 0.1344262634592408 0.13884343431298016 0.1432606051667195 0.1476777760204589 0.15209494687419825 0.1565121177279376 0.16092928858167696 0.16321155243376256 0.16321155243376256 0.16321155243376256 0.16321155243376256 0.16321155243376256
-9999.0 -9999.0 -9999.0 -9999.0 -9999.0 -9999.0 -9999.0 -9999.0 -9999.0 -9999.0 -9999.0 -9999.0 -9999.0 0.0 0.0 0.0 0.0 0.004514512085439559 0.013855139638582748 0.023195767191741865 0.03253639474488505 0.04187702229802824 0.051217649851171436 0.060558277404314624 0.0698989049574578 0.079239532510601 0.0885801600637442 0.09792078761688738 0.10726141517003057 0.11413951024982386 0.11838510244617753 0.12263069464253121 0.12687628683889213 0.1311218790352458 0.13536747123159948 0.13961306342795315 0.14385865562430683 0.1481042478206605 0.15234984001701418 0.15659543221336786 0.16084102440972153 0.16303463700051185 0.16303463700051185 0.16303463700051185 0.16303463700051185 0.16303463700051185
-9999.0 -9999.0 -9999.0 -9999.0 -9999.0 -9999.0 -9999.0 -9999.0 -9999.0 -9999.0 -9999.0 -9999.0 -9999.0 0.0 0.0 0.0 0.0 0.0045903139177989076 0.014087777175557455 0.0235852404333322 0.033082703691090745 0.04258016694884929 0.05207763020660784 0.06157509346436639 0.07107255672212494 0.08057001997988349 0.09006748323764203 0.09956494649540058 0.10906240975315913 0.11593861130911123 0.12001262484807923 0.12408663838704721 0.12816065192602216 0.13223466546499016 0.13630867900395816 0.14038269254292612 0.14445670608189412 0.14853071962086212 0.1526047331598301 0.1566787466987981 0.16075276023776608 0.16285772156726114 0.16285772156726114 0.16285772156726114 0.16285772156726114 0.16285772156726114
-9999.0 -9999.0 -9999.0 -9999.0 -9999.0 -9999.0 -9999.0 -9999.0 -9999.0 -9999.0 -9999.0 -9999.0 -9999.0 0.0 0.0 0.0 0.0 0.004666115750158256 0.014320414712532165 0.02397471367492254 0.033629012637296445 0.04328331159967036 0.05293761056204427 0.06259190952441818 0.07224620848679209 0.081900507449166 0.0915548064115399 0.10120910537391381 0.11086340433628772 0.11773771236839864 0.12164014724998094 0.12554258213156325 0.1294450170131522 0.13334745189473451 0.13724988677631683 0.14115232165789912 0.14505475653948144 0.14895719142106373 0.15285962630264605 0.15676206118422836 0.16066449606581065 0.16268080613401043 0.16268080613401043 0.16268080613401043 0.16268080613401043 0.16268080613401043
-9999.0 -9999.0 -9999.0 -9999.0 -9999.0 -9999.0 -9999.0 -9999.0 -9999.0 -9999.0 -9999.0 0.0 0.0 0.0 0.0 0.0 0.0 0.004686084938451757 0.014381700602798793 0.024077316267162363 0.033772931931509396 0.04346854759585644 0.05316416326020347 0.06285977892455051 0.07255539458889754 0.08225101025324458 0.09194662591759162 0.10164224158193864 0.11133785724628568 0.11818913782919727 0.1219997599093759 0.12581038198955452 0.12962100406973967 0.1334316261499183 0.13724224823009695 0.14105287031027558 0.1448634923904542 0.14867411447063283 0.1524847365508115 0.15629535863099012 0.16010598071116877 0.1620748529408197 0.1620748529408197 0.1620748529408197 0.1620748529408197 0.1620748529408197
-9999.0 -9999.0 -9999.0 -9999.0 -9999.0 -9999.0 -9999.0 -9999.0 -9999.0 -9999.0 -9999.0 0.0 0.0 0.0 0.0 0.0 0.0 0.0046463725493849665 0.014259822383073406 0.02387327221677824 0.033486722050466676 0.04310017188415512 0.05271362171784356 0.062327071551532 0.07194052138522043 0.08155397121890888 0.09116742105259731 0.10078087088628575 0.1103943207199742 0.11719998301955538 0.12100405697071241 0.12480813092186946 0.128612204873033 0.13241627882419002 0.13622035277534705 0.1400244267265041 0.14382850067766112 0.14763257462881818 0.1514366485799752 0.15524072253113225 0.15904479648228928 0.16101028542461454 0.16101028542461454 0.16101028542461454 0.16101028542461454 0.16101028542461454
-9999.0 -9999.0 -9999.0 -9999.0 -9999.0 -9999.0 -9999.0 -9999.0 -9999.0 -9999.0 -9999.0 -9999.0 0.0 0.0 0.0 0.0 0.0 0.004606660160318192 0.01413794416334807 0.0236692281663942 0.03320051216942408 0.042731796172453956 0.05226308017548384 0.061794364178513715 0.07132564818154359 0.08085693218457347 0.09038821618760334 0.09991950019063323 0.10945078419366311 0.11621082820991394 0.12000835403204937 0.12380587985418481 0.12760340567632672 0.1314009314984622 0.13519845732059763 0.13899598314273306 0.1427935089648685 0.14659103478700394 0.15038856060913938 0.15418608643127482 0.15798361225341026 0.15994571790840986 0.15994571790840986 0.15994571790840986 0.15994571790840986 0.15994571790840986
-9999.0 -9999.0 -9999.0 -9999.0 -9999.0 -9999.0 -9999.0 -9999.0 -9999.0 -9999.0 -9999.0 -9999.0 0.0 0.0 0.0 0.0 0.0 0.004566947771251418 0.014016065943622735 0.023465184116010167 0.032914302288381485 0.0423634204607528 0.051812538633124114 0.06126165680549543 0.07071077497786675 0.08015989315023807 0.08960901132260939 0.0990581294949807 0.10850724766735202 0.11522167340027246 0.11901265109338631 0.12280362878650017 0.12659460647962048 0.13038558417273433 0.13417656186584817 0.13796753955896202 0.14175851725207586 0.1455494949451897 0.14934047263830355 0.1531314503314174 0.15692242802453124 0.15888115039220516 0.15888115039220516 0.15888115039220516 0.15888115039220516 0.15888115039220516
-9999.0 -9999.0 -9999.0 -9999.0 -9999.0 -9999.0 -9999.0 -9999.0 -9999.0 -9999.0 -9999.0 -9999.0 0.0 0.0 0.0 0.0 0.0 0.004527235382184627 0.013894187723897347 0.023261140065626042 0.032628092407338764 0.04199504474905148 0.0513619970907642 0.06072894943247693 0.07009590177418965 0.07946285411590237 0.08882980645761508 0.09819675879932781 0.10756371114104053 0.1142325185906306 0.11801694815472286 0.1218013777188151 0.1255858072829138 0.12937023684700605 0.1331546664110983 0.13693909597519052 0.14072352553928277 0.14450795510337502 0.14829238466746728 0.1520768142315595 0.15586124379565175 0.157816582876 0.157816582876 0.157816582876 0.157816582876 0.157816582876
-9999.0 -9999.0 -9999.0 -9999.0 -9999.0 -9999.0 -9999.0 -9999.0 -9999.0 -9999.0 -9999.0 -9999.0 0.0 0.0 0.0 0.0 0.0 0.004487522993117852 0.01377230950417201 0.023057096015242 0.03234188252629616 0.041626669037350315 0.050911455548404476 0.06019624205945863 0.06948102857051279 0.07876581508156695 0.08805060159262111 0.09733538810367526 0.10662017461472942 0.11324336378098915 0.11702124521605979 0.12079912665113045 0.12457700808620754 0.1283548895212782 0.13213277095634884 0.1359106523914195 0.13968853382649016 0.1434664152615608 0.14724429669663144 0.1510221781317021 0.15480005956677276 0.15675201535979533 0.15675201535979533 0.15675201535979533 0.15675201535979533 0.15675201535979533
-9999.0 -9999.0 -9999.0 -9999.0 -9999.0 -9999.0 -9999.0 -9999.0 0.0 0.0 0.0 0.0 0.0 0.0 0.0 0.0 0.0 0.004447810604051077 0.013650431284446674 0.022853051964857964 0.03205567264525356 0.041258293325649155 0.05046091400604476 0.05966353468644035 0.06886615536683595 0.07806877604723154 0.08727139672762714 0.09647401740802274 0.10567663808841833 0.11225420897134769 0.11602554227739675 0.1197968755834458 0.12356820888950129 0.12733954219555033 0.1311108755015994 0.13488220880764845 0.13865354211369751 0.14242487541974655 0.1461962087257956 0.14996754203184465 0.1537388753378937 0.15568744784359062 0.15568744784359062 0.15568744784359062 0.15568744784359062 0.15568744784359062
