Figures/CREST_Example_wjb_NSE/Rolling_result/20100722/BJP_forecast/ens_26/wjb.rain.20100722.asc
ncols            288
nrows            254
xllcorner        113.274861
yllcorner        31.4918055
cellsize         0.008333333333
NODATA_value     -9999
[rows 114 to 132 of 254, columns 132 to 175 of 288]
2.6113421225618403 1.8248331763285357 1.038324230095233 0.6270669752509835 0.6169622655120065 0.6068575557730295 0.5967528460340525 0.5866481362950755 0.5765434265560985 0.5664387168171215 0.5563340070781445 0.5462292973391503 0.5361245876001732 0.5260198778611963 0.5159151681222193 0.523568657236211 0.5502060625949343 0.5768434679536577 0.603480873312381 0.6301182786711043 0.6567556840298276 0.6833930893885509 0.7100304947472742 0.7366679001059975 0.7633053054647663 0.7899427108234895 0.8165801161822128 0.7968996778894177 0.7277044169795042 0.6585091560695906 0.5893138951596771 0.5201186342497636 0.45092337333985005 0.3817281124299365 0.31253285152002297 0.2433375906101094 0.17414232970019583 0.10494706879016436 0.035751807880250785 0.0 0.0 0.0 0.0 0.0
2.943778423193729 2.0144572540263805 1.0851360848590303 0.6001982338496942 0.5903162005011197 0.5804341671525451 0.5705521338039706 0.5606701004553961 0.5507880671068216 0.5409060337582471 0.5310240004096726 0.5211419670610813 0.5112599337125068 0.5013779003639323 0.49149586701535775 0.4975919967447096 0.520769144212823 0.5439462916809366 0.56712343914905 0.5903005866171634 0.6134777340852768 0.6366548815533903 0.6598320290215038 0.6830091764896172 0.7061863239577703 0.7293634714258836 0.7525406188939971 0.7337236404632325 0.6700139914995268 0.606304342535821 0.5425946935721153 0.4788850446084096 0.41517539564470385 0.35146574668099817 0.28775609771729244 0.2240464487535867 0.16033679978988102 0.09662715082606665 0.032917501862360865 0.0 0.0 0.0 0.0 0.0
3.2762147238256194 2.2040813317242254 1.1319479396228314 0.5733294924484047 0.5636701354902327 0.5540107785320607 0.5443514215738887 0.5346920646157167 0.5250327076575447 0.5153733506993727 0.5057139937412006 0.4960546367830122 0.4863952798248402 0.47673592286666816 0.46707656590849617 0.4716153362532081 0.49133222583071173 0.5110491154082154 0.530766004985719 0.5504828945632226 0.5701997841407263 0.5899166737182298 0.6096335632957335 0.629350452873237 0.6490673424507742 0.668784232028278 0.6885011216057815 0.6705476030370473 0.6123235660195494 0.5540995290020514 0.49587549198455355 0.43765145496705565 0.3794274179495577 0.3212033809320598 0.2629793439145619 0.204755306897064 0.1465312698795661 0.08830723286196884 0.030083195844470945 0.0 0.0 0.0 0.0 0.0
3.6086510244575116 2.393705409422072 1.1787597943866324 0.5464607510471153 0.5370240704793459 0.5275873899115764 0.5181507093438068 0.5087140287760373 0.4992773482082678 0.48984066764049833 0.4804039870727288 0.47096730650494323 0.4615306259371737 0.45209394536940417 0.4426572648016347 0.44563867576170674 0.46189530744860047 0.47815193913549425 0.49440857082238804 0.5106652025092818 0.5269218341961756 0.5431784658830694 0.5594350975699631 0.5756917292568569 0.5919483609437785 0.6082049926306722 0.624461624317566 0.6073715656108621 0.554633140539572 0.5018947154682819 0.44915629039699184 0.3964178653257017 0.3436794402544116 0.29094101518312154 0.23820259011183142 0.1854641650405413 0.1327257399692512 0.07998731489787114 0.027248889826581024 0.0 0.0 0.0 0.0 0.0
3.9410873250896827 2.5833294871200767 1.225571649150469 0.519592009645803 0.5103780054684363 0.5011640012910694 0.4919499971137026 0.48273599293633573 0.47352198875896895 0.4643079845816021 0.4550939804042353 0.44587997622685277 0.436665972049486 0.42745196787211914 0.4182379636947523 0.4196620152701831 0.4324583890664641 0.44525476286274507 0.4580511366590261 0.47084751045530704 0.48364388425158805 0.49644025804786907 0.50923663184415 0.522033005640431 0.5348293794367338 0.5476257532330148 0.5604221270292957 0.5441955281846231 0.4969427150595455 0.4496899019344679 0.4024370888093902 0.35518427568431266 0.30793146255923504 0.2606786494341574 0.2134258363090798 0.16617302318400218 0.11892021005892456 0.07166739693376634 0.024414583808688772 0.0 0.0 0.0 0.0 0.0
4.273523625721575 2.7729535648179233 1.27238350391427 0.49272326824451357 0.48373194045754925 0.4747406126705849 0.4657492848836206 0.4567579570966563 0.447766629309692 0.4387753015227277 0.4297839737357634 0.42079264594878374 0.4118013181618194 0.4028099903748551 0.3938186625878908 0.3936853547786816 0.4030214706843528 0.4123575865900239 0.42169370249569504 0.4310298184013662 0.44036593430703735 0.4497020502127085 0.45903816611837966 0.4683742820240508 0.47771039792973785 0.487046513835409 0.49638262974108016 0.4810194907584379 0.4392522895795681 0.3974850884006983 0.3557178872218285 0.31395068604295867 0.27218348486408883 0.23041628368521905 0.18864908250634926 0.14688188132747942 0.10511468014860964 0.06334747896966864 0.021580277790798796 0.0 0.0 0.0 0.0 0.0
4.605959926353465 2.962577642515768 1.3191953586780691 0.46585452684322415 0.45708587544666235 0.44831722405010055 0.4395485726535387 0.4307799212569769 0.4220112698604151 0.41324261846385324 0.40447396706729144 0.39570531567071465 0.38693666427415285 0.37816801287759105 0.36939936148102925 0.36770869428718017 0.37358455230224147 0.37946041031730277 0.38533626833236406 0.3912121263474254 0.3970879843624867 0.402963842377548 0.4088397003926093 0.4147155584076706 0.42059141642274195 0.42646727443780325 0.4323431324528646 0.4178434533322527 0.38156186409959075 0.34528027486692875 0.30899868563426675 0.2727170964016048 0.23643550716894277 0.20015391793628076 0.16387232870361879 0.12759073947095678 0.09130915023829478 0.055027561005570935 0.01874597177290893 0.0 0.0 0.0 0.0 0.0
4.599412076759462 2.951873520680735 1.3043349646020062 0.4484543871128006 0.43887409354375795 0.42929379997471523 0.4197135064056725 0.41013321283662985 0.4005529192675871 0.3909726256985444 0.3813923321295017 0.37181203856044265 0.3622317449914 0.35265145142235726 0.34307115785331455 0.34036840103095084 0.3450178865530966 0.3496673720752424 0.3543168575973882 0.3589663431195339 0.3636158286416797 0.36826531416382546 0.37291479968597124 0.377564285208117 0.38221377073027074 0.38686325625241647 0.39151274177456225 0.3784779741462604 0.34653833986551613 0.3145987055847718 0.28265907130402756 0.25071943702328325 0.21877980274253897 0.1868401684617947 0.1549005341810504 0.12296089990030612 0.09102126561956181 0.059081631338763096 0.027141997058018785 0.01047203875015585 0.010125709503321133 0.009779380256486414 0.009433051009651697 0.00908672176281698
4.2305115410126835 2.727031182753551 1.223550824494417 0.44117558564336246 0.4296780285642373 0.41818047148511217 0.40668291440598703 0.3951853573268619 0.38368780024773674 0.3721902431686116 0.36069268608948646 0.3491951290103417 0.3376975719312166 0.32620001485209144 0.31470245777296635 0.31157047031616836 0.31738146600561323 0.32319246169505805 0.32900345738450293 0.3348144530739478 0.3406254487633927 0.34643644445283756 0.3522474401422824 0.35805843583172725 0.36386943152118206 0.36968042721062694 0.37549142290007176 0.3645644806397804 0.33574430408315636 0.30692412752653236 0.2781039509699083 0.24928377441328425 0.22046359785666023 0.19164342130003617 0.16282324474341214 0.1340030681867881 0.10518289163016403 0.07636271507349085 0.04754253851686685 0.03213802673978597 0.031075164114742836 0.030012301489699703 0.02894943886465657 0.027886576239613436
3.8616110052659014 2.502188844826364 1.1427666843868263 0.43389678417392424 0.4204819635847167 0.4070671429955091 0.39365232240630155 0.380237501817094 0.3668226812278864 0.3534078606386788 0.33999304004947123 0.3265782194602408 0.31316339887103317 0.29974857828182566 0.28633375769261804 0.2827725396013858 0.2897450454581298 0.29671755131487376 0.30369005717161773 0.3106625630283617 0.3176350688851056 0.3246075747418496 0.33158008059859356 0.33855258645533753 0.3455250923120934 0.35249759816883736 0.3594701040255813 0.35065098713330045 0.32495026830079665 0.29924954946829285 0.27354883063578905 0.24784811180328525 0.22214739297078145 0.19644667413827765 0.17074595530577386 0.14504523647327006 0.11934451764076626 0.0936437988082186 0.0679430799757148 0.05380401472941611 0.05202461872616456 0.050245222722913006 0.04846582671966145 0.046686430716409905
3.492710469518805 2.2773465068989847 1.0619825442791662 0.42661798270447987 0.4112858986051882 0.39595381450589656 0.3806217304066049 0.36528964630731325 0.3499575622080216 0.33462547810872995 0.3192933940094383 0.3039613099101205 0.28862922581082884 0.2732971417115372 0.25796505761224553 0.25397460888657875 0.26210862491062276 0.2702426409346668 0.2783766569587109 0.28651067298275495 0.294644689006799 0.30277870503084303 0.3109127210548871 0.31904673707893116 0.3271807531029891 0.3353147691270332 0.34344878515107724 0.33673749362680866 0.3141562325184278 0.29157497141004685 0.26899371030166597 0.2464124491932851 0.22383118808490415 0.20124992697652327 0.17866866586814237 0.1560874047597615 0.13350614365138058 0.11092488254296118 0.0883436214345803 0.07547000271906472 0.07297407333760414 0.07047814395614356 0.06798221457468298 0.0654862851932224
3.1238099337720246 2.052504168971801 0.9811984041715753 0.41933918123504166 0.4020898336256676 0.3848404860162935 0.3675911384069194 0.35034179079754535 0.33309244318817127 0.3158430955787972 0.29859374796942306 0.2813444003600196 0.2640950527506455 0.24684570514127144 0.22959635753189733 0.2251766781717962 0.23447220436313937 0.24376773055448253 0.2530632567458257 0.2623587829371688 0.27165430912851196 0.2809498353198551 0.2902453615111983 0.2995408877025414 0.30883641389390043 0.3181319400852436 0.3274274662765867 0.3228240001203287 0.303362196736068 0.2839003933518074 0.2644385899675467 0.2449767865832861 0.2255149831990254 0.20605317981476476 0.1865913764305041 0.16712957304624346 0.1476677696619828 0.12820596627768896 0.10874416289342831 0.09713599070869484 0.09392352794902584 0.09071106518935684 0.08749860242968785 0.08428613967001886
2.7549093980252426 1.8276618310446118 0.9004142640639827 0.4120603797656035 0.39289376864614695 0.37372715752669045 0.3545605464072339 0.3353939352877774 0.3162273241683209 0.2970607130488644 0.27789410192940783 0.25872749080991864 0.2395608796904621 0.2203942685710056 0.20122765745154908 0.19637874745701372 0.20683578381565595 0.2172928201742982 0.22774985653294047 0.2382068928915827 0.24866392925022496 0.2591209656088672 0.2695780019675095 0.28003503832615173 0.2904920746848118 0.300949111043454 0.31140614740209627 0.3089105066138488 0.29256816095370836 0.27622581529356793 0.2598834696334275 0.2435411239732871 0.2271987783131467 0.21085643265300627 0.19451408699286588 0.17817174133272545 0.16182939567258503 0.14548705001241677 0.12914470435227635 0.11880197869832498 0.11487298256044756 0.11094398642257015 0.10701499028469275 0.10308599414681532
2.3860088622784623 1.602819493117428 0.8196301239563937 0.4047815782961653 0.3836977036666263 0.3626138290370874 0.3415299544075484 0.32044607977800943 0.2993622051484705 0.2782783305189316 0.2571944558893926 0.23611058125981768 0.21502670663027873 0.19394283200073978 0.1728589573712008 0.1675808167422312 0.17919936326817254 0.1908179097941139 0.20243645632005522 0.21405500284599657 0.22567354937193793 0.23729209589787925 0.2489106424238206 0.26052918894976196 0.27214773547572313 0.2837662820016645 0.29538482852760584 0.29499701310736876 0.2817741251713486 0.2685512372353284 0.25532834929930825 0.2421054613632881 0.22888257342726792 0.21565968549124775 0.2024367975552276 0.18921390961920742 0.17599102168318725 0.16276813374714452 0.14954524581112436 0.1404679666879551 0.13582243717186926 0.13117690765578344 0.12653137813969761 0.12188584862361178
2.0171083265316803 1.3779771551902407 0.7388459838488011 0.39750277682672713 0.37450163868710573 0.35150050054748433 0.3284993624078629 0.3054982242682415 0.2824970861286201 0.2594959479889988 0.23649480984937735 0.21349367170971673 0.19049253357009532 0.16749139543047395 0.14449025729085252 0.13878288602744868 0.15156294272068913 0.16434299941392957 0.17712305610717002 0.18990311280041047 0.2026831694936509 0.21546322618689134 0.2282432828801318 0.24102333957337224 0.2538033962666345 0.26658345295987496 0.2793635096531154 0.28108351960088884 0.27098008938898893 0.260876659177089 0.25077322896518905 0.24066979875328914 0.2305663685413892 0.22046293832948927 0.21035950811758936 0.20025607790568942 0.19015264769378948 0.1800492174818723 0.1699457872699724 0.16213395467758523 0.15677189178329098 0.15140982888899673 0.1460477659947025 0.14068570310040826
1.6482077907849 1.1531348172630551 0.6580618437412094 0.3902239753572889 0.3653055737075851 0.34038717205788127 0.31546877040817745 0.2905503687584736 0.2656319671087698 0.24071356545906594 0.21579516380936212 0.1908767621596158 0.16595836050991197 0.14103995886020815 0.11612155721050432 0.10998495531266615 0.1239265221732057 0.13786808903374526 0.1518096558942848 0.16575122275482435 0.17969278961536386 0.1936343564759034 0.20757592333644295 0.2215174901969825 0.2354590570575458 0.24940062391808535 0.26334219077862486 0.2671700260944089 0.26018605360662916 0.2532020811188495 0.2462181086310698 0.23923413614329014 0.23225016365551043 0.22526619116773075 0.21828221867995107 0.21129824619217139 0.2043142737043917 0.1973303012166001 0.1903463287288204 0.18379994266721536 0.1777213463947127 0.17164275012221003 0.16556415384970738 0.1594855575772047
1.279307255038118 0.9282924793358678 0.5772777036336176 0.38294517388785076 0.35610950872806446 0.3292738435682782 0.30243817840849196 0.27560251324870566 0.2487668480889194 0.22193118292913314 0.1950955177693469 0.16825985260951484 0.14142418744972857 0.11458852228994232 0.08775285713015607 0.08118702459788364 0.09629010162572227 0.11139317865356091 0.12649625568139955 0.1415993327092382 0.15670240973707683 0.17180548676491547 0.1869085637927541 0.20201164082059275 0.21711471784845715 0.2322177948762958 0.24732087190413443 0.2532565325879289 0.24939201782426945 0.24552750306061 0.24166298829695057 0.23779847353329112 0.2339339587696317 0.23006944400597223 0.2262049292423128 0.22234041447865335 0.21847589971499393 0.21461138495132787 0.21074687018766844 0.2054659306568455 0.19867080100613443 0.19187567135542336 0.18508054170471228 0.1782854120540012
0.9104067192910226 0.7034501414084904 0.4964935635259584 0.3756663724184064 0.34691344374853605 0.3181605150786657 0.2894075864087954 0.26065465773892504 0.23190172906905468 0.20314880039918434 0.174395871729314 0.14564294305939463 0.11689001438952429 0.08813708571965395 0.059384157049783615 0.052389093883076575 0.0686536810782153 0.08491826827335403 0.10118285546849276 0.1174474426636315 0.13371202985877023 0.14997661705390894 0.16624120424904767 0.1825057914441864 0.19877037863935287 0.21503496583449158 0.23129955302963032 0.23934303908143711 0.23859798204190055 0.23785292500236402 0.23710786796282748 0.23636281092329092 0.2356177538837544 0.23487269684421785 0.23412763980468132 0.23338258276514476 0.23263752572560822 0.2318924686860704 0.23114741164653388 0.22713191864649412 0.219620255617574 0.2121085925886539 0.20459692955973377 0.19708526653081368
0.5415061835442412 0.47860780348130394 0.4157094234183668 0.3683875709489682 0.3377173787690154 0.3070471865890626 0.27637699440910984 0.24570680222915708 0.2150366100492043 0.18436641786925154 0.15369622568929875 0.1230260335092937 0.09235584132934088 0.06168564914938812 0.031015456969435362 0.023591163168294054 0.041017260530731875 0.058443357893169706 0.07586945525560754 0.09329555261804535 0.11072164998048319 0.128147747342921 0.14557384470535883 0.16299994206779667 0.18042603943026422 0.19785213679270205 0.21527823415513986 0.22542954557495712 0.2278039462595408 0.23017834694412453 0.23255274762870823 0.23492714831329192 0.23730154899787562 0.23967594968245934 0.24205035036704303 0.24442475105162673 0.24679915173621042 0.2491735524207982 0.25154795310538186 0.24879790663612422 0.2405697102289957 0.23234151382186718 0.22411331741473867 0.21588512100761015
