Figures/CREST_Example_wjb_NSE/Rolling_result/20100722/BJP_forecast/ens_26/wjb.rain.20100207.asc
ncols            288
nrows            254
xllcorner        113.274861
yllcorner        31.4918055
cellsize         0.008333333333
NODATA_value     -9999
[rows 60 to 79 of 254, columns 176 to 219 of 288]
0.0 0.0 0.0 0.0 0.0 0.0 0.0 0.0 0.0 0.0 0.0 0.0 0.0 0.0 0.0 0.0 0.0 0.0 0.0 0.0031774046627201795 0.009751526805401835 0.016325648948083492 0.022899771090765148 0.0294738932334468 0.03604801537612846 0.04262213751881012 0.04919625966149177 0.05577038180417342 0.06234450394685508 0.06891862608953674 0.0754927482322184 0.07888946571534133 0.07888946571534133 0.07888946571534133 -9999.0 -9999.0 -9999.0 -9999.0 -9999.0 -9999.0 -9999.0 -9999.0 -9999.0 -9999.0
0.0014338681413675752 0.0014338681413675752 0.0014338681413675752 0.0014338681413675752 0.0014338681413675752 0.0014338681413675752 0.0014338681413675752 0.0013761167130706823 0.0012566277012948566 0.0011371386895190306 0.001017649677743205 0.0008981606659673791 0.0007786716541915532 0.0006591826424157275 0.0005396936306399017 0.00042020461886407585 0.0003007156070882501 0.00018122659531242418 -9999.0 -9999.0 -9999.0 0.01861655961756597 0.026113201079819202 0.033609842542072436 0.04110648400432567 0.048603125466578904 0.05609976692883213 0.06359640839108537 0.0710930498533386 0.07858969131559183 0.08608633277784507 0.0899596975506439 -9999.0 -9999.0 -9999.0 -9999.0 -9999.0 -9999.0 -9999.0 -9999.0 -9999.0 -9999.0 -9999.0 -9999.0
0.00440045091636445 0.00440045091636445 0.00440045091636445 0.00440045091636445 0.00440045091636445 0.00440045091636445 0.00440045091636445 0.0042232154243142285 0.0038565111812986054 0.0034898069382829824 0.0031231026952673593 0.0027563984522517362 0.0023896942092361127 0.0020229899662204897 0.0016562857232048666 0.0012895814801892436 0.00092287723717362 0.000556172994157997 -9999.0 -9999.0 -9999.0 0.021836621750383114 0.030629939493958015 0.03942325723753292 0.04821657498110782 0.05700989272468272 0.06580321046825763 -9999.0 -9999.0 -9999.0 -9999.0 -9999.0 -9999.0 -9999.0 -9999.0 -9999.0 -9999.0 -9999.0 -9999.0 -9999.0 -9999.0 -9999.0 -9999.0 -9999.0
0.007367033691361321 0.007367033691361321 0.007367033691361321 0.007367033691361321 0.007367033691361321 0.007367033691361321 0.007367033691361321 0.007070314135557772 0.006456394661302351 0.0058424751870469315 0.005228555712791511 0.00461463623853609 0.0040007167642806705 0.00338679729002525 0.00277287781576983 0.0021589583415144095 0.001545038867258989 0.0009311193930035691 -9999.0 -9999.0 -9999.0 -9999.0 -9999.0 -9999.0 -9999.0 -9999.0 -9999.0 -9999.0 -9999.0 -9999.0 -9999.0 -9999.0 -9999.0 -9999.0 -9999.0 -9999.0 -9999.0 -9999.0 -9999.0 -9999.0 -9999.0 -9999.0 -9999.0 -9999.0
0.010333616466358192 0.010333616466358192 0.010333616466358192 0.010333616466358192 0.010333616466358192 0.010333616466358192 0.010333616466358192 0.009917412846801315 0.009056278141306098 0.00819514343581088 0.007334008730315663 0.006472874024820446 0.005611739319325228 0.0047506046138300105 0.0038894699083347932 0.003028335202839576 0.0021672004973443595 0.0013060657918491422 -9999.0 -9999.0 -9999.0 -9999.0 -9999.0 -9999.0 -9999.0 -9999.0 -9999.0 -9999.0 -9999.0 -9999.0 -9999.0 -9999.0 -9999.0 -9999.0 -9999.0 -9999.0 -9999.0 -9999.0 -9999.0 -9999.0 -9999.0 -9999.0 -9999.0 -9999.0
0.013300199241355063 0.013300199241355063 0.013300199241355063 0.013300199241355063 0.013300199241355063 0.013300199241355063 0.013300199241355063 0.012764511558044858 0.011656161621309844 0.010547811684574828 0.009439461747839814 0.0083311118111048 0.007222761874369785 0.006114411937634771 0.005006062000899756 0.0038977120641647423 0.0027893621274297266 0.0016810121906947126 0.0005726622539596986 -9999.0 -9999.0 -9999.0 -9999.0 -9999.0 -9999.0 -9999.0 -9999.0 -9999.0 -9999.0 -9999.0 -9999.0 -9999.0 -9999.0 -9999.0 -9999.0 -9999.0 -9999.0 -9999.0 -9999.0 -9999.0 -9999.0 -9999.0 -9999.0 -9999.0
0.016266782016354463 0.016266782016354463 0.016266782016354463 0.016266782016354463 0.016266782016354463 0.016266782016354463 0.016266782016354463 0.015611610269290827 0.014256045101315805 0.012900479933340783 0.01154491476536576 0.010189349597390738 0.008833784429415717 0.007478219261440695 0.006122654093465673 0.00476708892549065 0.003411523757515628 0.0020559585895406057 0.0007003934215655833 -9999.0 -9999.0 -9999.0 -9999.0 -9999.0 -9999.0 -9999.0 -9999.0 -9999.0 -9999.0 -9999.0 -9999.0 -9999.0 -9999.0 -9999.0 -9999.0 -9999.0 -9999.0 -9999.0 -9999.0 -9999.0 -9999.0 -9999.0 -9999.0 -9999.0
0.019233364791351334 0.019233364791351334 0.019233364791351334 0.019233364791351334 0.019233364791351334 0.019233364791351334 0.019233364791351334 0.01845870898053437 0.01685592858131955 0.015253148182104732 0.013650367782889913 0.012047587383675094 0.010444806984460275 0.008842026585245456 0.007239246186030637 0.005636465786815818 0.004033685387600997 0.0024309049883861795 0.0008281245891713605 0.007383534114102883 -9999.0 -9999.0 -9999.0 -9999.0 -9999.0 -9999.0 -9999.0 -9999.0 -9999.0 -9999.0 -9999.0 -9999.0 -9999.0 -9999.0 -9999.0 -9999.0 -9999.0 -9999.0 -9999.0 -9999.0 -9999.0 -9999.0 -9999.0 -9999.0
0.02219994756634821 0.02219994756634821 0.02219994756634821 0.02219994756634821 0.02219994756634821 0.02219994756634821 0.02219994756634821 0.021305807691777916 0.0194558120613233 0.017605816430868684 0.015755820800414065 0.01390582516995945 0.012055829539504834 0.010205833909050216 0.0083558382785956 0.006505842648140983 0.004655847017686367 0.0028058513872317482 0.0009558557567771325 -9999.0 -9999.0 -9999.0 -9999.0 -9999.0 -9999.0 -9999.0 -9999.0 -9999.0 -9999.0 -9999.0 -9999.0 -9999.0 -9999.0 -9999.0 -9999.0 -9999.0 -9999.0 -9999.0 -9999.0 -9999.0 -9999.0 -9999.0 -9999.0 -9999.0
0.025166530341345077 0.025166530341345077 0.025166530341345077 0.025166530341345077 0.025166530341345077 0.025166530341345077 0.025166530341345077 0.024152906403021458 0.022055695541327042 0.01995848467963263 0.017861273817938218 0.0157640629562438 0.013666852094549391 0.011569641232854977 0.009472430371160565 0.007375219509466149 0.005278008647771736 0.003180797786077324 -9999.0 -9999.0 -9999.0 -9999.0 -9999.0 -9999.0 -9999.0 -9999.0 -9999.0 -9999.0 -9999.0 -9999.0 -9999.0 -9999.0 -9999.0 -9999.0 -9999.0 -9999.0 -9999.0 -9999.0 -9999.0 -9999.0 -9999.0 -9999.0 -9999.0 -9999.0
0.02813311311634195 0.02813311311634195 0.02813311311634195 0.02813311311634195 0.02813311311634195 0.02813311311634195 0.02813311311634195 0.027000005114265004 0.02465557902133079 0.022311152928396583 0.01996672683546237 0.017622300742528157 0.015277874649593948 0.012933448556659738 0.010589022463725527 0.008244596370791318 0.005900170277857105 0.003555744184922896 -9999.0 -9999.0 -9999.0 -9999.0 -9999.0 -9999.0 -9999.0 -9999.0 -9999.0 -9999.0 -9999.0 -9999.0 -9999.0 -9999.0 -9999.0 -9999.0 -9999.0 -9999.0 -9999.0 -9999.0 -9999.0 -9999.0 -9999.0 -9999.0 -9999.0 -9999.0
0.031099695891338822 0.031099695891338822 0.031099695891338822 0.031099695891338822 0.031099695891338822 0.031099695891338822 0.031099695891338822 0.029847103825508547 0.027255462501334538 0.024663821177160532 0.022072179852986522 0.019480538528812513 0.016888897204638507 0.014297255880464498 0.011705614556290492 0.009113973232116483 0.006522331907942474 0.003930690583768468 -9999.0 -9999.0 -9999.0 -9999.0 -9999.0 -9999.0 -9999.0 -9999.0 -9999.0 -9999.0 -9999.0 -9999.0 -9999.0 -9999.0 -9999.0 -9999.0 -9999.0 -9999.0 -9999.0 -9999.0 -9999.0 -9999.0 -9999.0 -9999.0 -9999.0 -9999.0
0.034066278666338226 0.034066278666338226 0.034066278666338226 0.034066278666338226 0.034066278666338226 0.034066278666338226 0.034066278666338226 0.03269420253675452 0.029855345981340504 0.02701648942592649 0.024177632870512472 0.021338776315098458 0.01849991975968444 0.015661063204270426 0.012822206648856409 0.009983350093442395 0.007144493538028377 0.0043056369826143595 0.0014667804272003454 -9999.0 -9999.0 -9999.0 -9999.0 -9999.0 -9999.0 -9999.0 -9999.0 -9999.0 -9999.0 -9999.0 -9999.0 -9999.0 -9999.0 -9999.0 -9999.0 -9999.0 -9999.0 -9999.0 -9999.0 -9999.0 -9999.0 -9999.0 -9999.0 -9999.0
0.03834317155475575 0.03834317155475575 0.03834317155475575 0.03834317155475575 0.03834317155475575 0.03834317155475575 0.03834317155475575 0.03698240169981143 0.03416693808243144 0.03135147446505145 0.02853601084767147 0.025720547230291477 0.022905083612911492 0.020089619995531504 0.017274156378151516 0.014458692760771531 0.011643229143391543 0.008827765526011555 0.0060123019086315704 0.014969750059970685 0.036512707279156724 0.05805566449834277 -9999.0 -9999.0 -9999.0 -9999.0 -9999.0 -9999.0 -9999.0 -9999.0 -9999.0 -9999.0 -9999.0 -9999.0 -9999.0 -9999.0 -9999.0 -9999.0 -9999.0 -9999.0 -9999.0 -9999.0 -9999.0 -9999.0
0.044020703338307286 0.044020703338307286 0.044020703338307286 0.044020703338307286 0.044020703338307286 0.044020703338307286 0.044020703338307286 0.04281104638330751 0.04030823877485128 0.03780543116639505 0.03530262355793882 0.032799815949482586 0.030297008341026357 0.027794200732570128 0.025291393124113895 0.022788585515657666 0.020285777907201437 0.017782970298745204 0.015280162690288975 0.023512126588226087 0.04321980412345948 0.06292748165869287 0.08263515919392626 0.10234283672915966 0.12205051426439305 -9999.0 -9999.0 -9999.0 -9999.0 -9999.0 -9999.0 -9999.0 -9999.0 -9999.0 -9999.0 -9999.0 -9999.0 -9999.0 -9999.0 -9999.0 -9999.0 -9999.0 -9999.0 -9999.0
0.04969823512185882 0.04969823512185882 0.04969823512185882 0.04969823512185882 0.04969823512185882 0.04969823512185882 0.04969823512185882 0.04863969106680359 0.046449539467271116 0.04425938786773864 0.04206923626820617 0.039879084668673695 0.03768893306914122 0.03549878146960875 0.03330862987007627 0.031118478270543797 0.028928326671011324 0.02673817507147885 0.024548023471946376 0.03205450311648149 0.049926900967762214 0.06779929881904295 0.08567169667032368 0.1035440945216044 0.12141649237288514 -9999.0 -9999.0 -9999.0 -9999.0 -9999.0 0.2286508794805695 -9999.0 -9999.0 -9999.0 -9999.0 -9999.0 -9999.0 -9999.0 -9999.0 -9999.0 -9999.0 -9999.0 -9999.0 -9999.0
0.05537576690541036 0.05537576690541036 0.05537576690541036 0.05537576690541036 0.05537576690541036 0.05537576690541036 0.05537576690541036 0.05446833575029967 0.052590840159690955 0.05071334456908224 0.04883584897847352 0.046958353387864804 0.04508085779725608 0.04320336220664737 0.04132586661603865 0.03944837102542993 0.03757087543482121 0.0356933798442125 0.03381588425360378 0.04059687964473689 0.05663399781206496 0.07267111597939302 0.0887082341467211 0.10474535231404918 0.12078247048137723 0.1368195886487053 -9999.0 -9999.0 -9999.0 0.2009680613180176 0.21700517948534565 -9999.0 -9999.0 -9999.0 -9999.0 -9999.0 -9999.0 -9999.0 -9999.0 -9999.0 -9999.0 -9999.0 -9999.0 -9999.0
0.061053298688961886 0.061053298688961886 0.061053298688961886 0.061053298688961886 0.061053298688961886 0.061053298688961886 0.061053298688961886 0.06029698043379575 0.05873214085211079 0.057167301270425824 0.05560246168874086 0.054037622107055906 0.052472782525370944 0.05090794294368599 0.049343103362001026 0.04777826378031606 0.0462134241986311 0.04464858461694614 0.04308374503526118 0.04913925617299229 0.0633410946563677 0.07754293313974311 0.09174477162311852 0.10594661010649394 0.12014844858986934 0.13435028707324476 -9999.0 -9999.0 -9999.0 0.1911576410067464 0.2053594794901218 -9999.0 -9999.0 -9999.0 -9999.0 -9999.0 -9999.0 -9999.0 -9999.0 -9999.0 -9999.0 -9999.0 -9999.0 -9999.0
0.06673083047251342 0.06673083047251342 0.06673083047251342 0.06673083047251342 0.06673083047251342 0.06673083047251342 0.06673083047251342 0.06612562511729182 0.06487344154453062 0.06362125797176943 0.06236907439900822 0.061116890826247015 0.05986470725348581 0.05861252368072461 0.057360340107963405 0.0561081565352022 0.054855972962441 0.053603789389679794 0.05235160581691859 0.057681632701247695 0.07004819150067045 0.08241475030009321 0.09478130909951596 0.10714786789893871 0.11951442669836146 0.1318809854977842 -9999.0 -9999.0 0.16898066189605246 0.1813472206954752 0.19371377949489796 -9999.0 -9999.0 -9999.0 -9999.0 -9999.0 -9999.0 -9999.0 -9999.0 -9999.0 -9999.0 -9999.0 -9999.0 -9999.0
0.07240836225606981 0.07240836225606981 0.07240836225606981 0.07240836225606981 0.07240836225606981 0.07240836225606981 0.07240836225606981 0.07195426980079289 0.07101474223695571 0.07007521467311853 0.06913568710928135 0.06819615954544417 0.06725663198160699 0.0663171044177698 0.06537757685393263 0.06443804929009544 0.06349852172625825 0.06255899416242108 0.061619466598583895 0.06622400922951038 0.07675528834497891 0.08728656746044743 0.09781784657591597 0.10834912569138448 0.11888040480685301 0.12941168392232152 0.13994296303779005 0.15047424215325858 0.1610055212687271 0.17153680038419564 -9999.0 -9999.0 -9999.0 -9999.0 -9999.0 -9999.0 -9999.0 -9999.0 -9999.0 -9999.0 -9999.0 -9999.0 -9999.0 -9999.0
