Figures/CREST_Example_wjb_NSE/Rolling_result/20100722/BJP_forecast/ens_22/wjb.rain.20091116.asc
ncols            288
nrows            254
xllcorner        113.274861
yllcorner        31.4918055
cellsize         0.008333333333
NODATA_value     -9999
[rows 100 to 119 of 254, columns 132 to 175 of 288]
0.7288945976291832 0.6797708782965564 0.6306471589639296 0.6080956358580335 0.6139503914978288 0.619805147137624 0.6256599027774193 0.6315146584172147 0.6373694140570099 0.6432241696968052 0.6490789253366005 0.6549336809764057 0.660788436616201 0.6666431922559963 0.6724979478957915 0.6755229830741882 0.6755229830741882 0.6755229830741882 0.6755229830741882 0.6755229830741882 0.6755229830741882 0.6755229830741882 0.6755229830741882 0.6755229830741882 0.6755229830741882 0.6755229830741882 0.6755229830741882 0.658384335952099 0.6229240873640094 0.5874638387759199 0.5520035901878303 0.5165433415997407 0.4810830930116511 0.4456228444235615 0.41016259583547193 0.37470234724738233 0.3392420986592927 0.30378185007114267 0.26832160148305306 0.25 0.25 0.25 0.25 0.25
0.7288945976291832 0.6797708782965564 0.6306471589639296 0.6080956358580335 0.6139503914978288 0.619805147137624 0.6256599027774193 0.6315146584172147 0.6373694140570099 0.6432241696968052 0.6490789253366005 0.6549336809764057 0.660788436616201 0.6666431922559963 0.6724979478957915 0.6755229830741882 0.6755229830741882 0.6755229830741882 0.6755229830741882 0.6755229830741882 0.6755229830741882 0.6755229830741882 0.6755229830741882 0.6755229830741882 0.6755229830741882 0.6755229830741882 0.6755229830741882 0.658384335952099 0.6229240873640094 0.5874638387759199 0.5520035901878303 0.5165433415997407 0.4810830930116511 0.4456228444235615 0.41016259583547193 0.37470234724738233 0.3392420986592927 0.30378185007114267 0.26832160148305306 0.25 0.25 0.25 0.25 0.25
0.7288945976291832 0.6797708782965564 0.6306471589639296 0.6080956358580335 0.6139503914978288 0.619805147137624 0.6256599027774193 0.6315146584172147 0.6373694140570099 0.6432241696968052 0.6490789253366005 0.6549336809764057 0.660788436616201 0.6666431922559963 0.6724979478957915 0.6755229830741882 0.6755229830741882 0.6755229830741882 0.6755229830741882 0.6755229830741882 0.6755229830741882 0.6755229830741882 0.6755229830741882 0.6755229830741882 0.6755229830741882 0.6755229830741882 0.6755229830741882 0.658384335952099 0.6229240873640094 0.5874638387759199 0.5520035901878303 0.5165433415997407 0.4810830930116511 0.4456228444235615 0.41016259583547193 0.37470234724738233 0.3392420986592927 0.30378185007114267 0.26832160148305306 0.25 0.25 0.25 0.25 0.25
0.7288945976291832 0.6797708782965564 0.6306471589639296 0.6080956358580335 0.6139503914978288 0.619805147137624 0.6256599027774193 0.6315146584172147 0.6373694140570099 0.6432241696968052 0.6490789253366005 0.6549336809764057 0.660788436616201 0.6666431922559963 0.6724979478957915 0.6755229830741882 0.6755229830741882 0.6755229830741882 0.6755229830741882 0.6755229830741882 0.6755229830741882 0.6755229830741882 0.6755229830741882 0.6755229830741882 0.6755229830741882 0.6755229830741882 0.6755229830741882 0.658384335952099 0.6229240873640094 0.5874638387759199 0.5520035901878303 0.5165433415997407 0.4810830930116511 0.4456228444235615 0.41016259583547193 0.37470234724738233 0.3392420986592927 0.30378185007114267 0.26832160148305306 0.25 0.25 0.25 0.25 0.25
0.7288945976291832 0.6797708782965564 0.6306471589639296 0.6080956358580335 0.6139503914978288 0.619805147137624 0.6256599027774193 0.6315146584172147 0.6373694140570099 0.6432241696968052 0.6490789253366005 0.6549336809764057 0.660788436616201 0.6666431922559963 0.6724979478957915 0.6755229830741882 0.6755229830741882 0.6755229830741882 0.6755229830741882 0.6755229830741882 0.6755229830741882 0.6755229830741882 0.6755229830741882 0.6755229830741882 0.6755229830741882 0.6755229830741882 0.6755229830741882 0.658384335952099 0.6229240873640094 0.5874638387759199 0.5520035901878303 0.5165433415997407 0.4810830930116511 0.4456228444235615 0.41016259583547193 0.37470234724738233 0.3392420986592927 0.30378185007114267 0.26832160148305306 0.25 0.25 0.25 0.25 0.25
0.7288945976291832 0.6797708782965564 0.6306471589639296 0.6080956358580335 0.6139503914978288 0.619805147137624 0.6256599027774193 0.6315146584172147 0.6373694140570099 0.6432241696968052 0.6490789253366005 0.6549336809764057 0.660788436616201 0.6666431922559963 0.6724979478957915 0.6755229830741882 0.6755229830741882 0.6755229830741882 0.6755229830741882 0.6755229830741882 0.6755229830741882 0.6755229830741882 0.6755229830741882 0.6755229830741882 0.6755229830741882 0.6755229830741882 0.6755229830741882 0.658384335952099 0.6229240873640094 0.5874638387759199 0.5520035901878303 0.5165433415997407 0.4810830930116511 0.4456228444235615 0.41016259583547193 0.37470234724738233 0.3392420986592927 0.30378185007114267 0.26832160148305306 0.25 0.25 0.25 0.25 0.25
0.7288945976291832 0.6797708782965564 0.6306471589639296 0.6080956358580335 0.6139503914978288 0.619805147137624 0.6256599027774193 0.6315146584172147 0.6373694140570099 0.6432241696968052 0.6490789253366005 0.6549336809764057 0.660788436616201 0.6666431922559963 0.6724979478957915 0.6755229830741882 0.6755229830741882 0.6755229830741882 0.6755229830741882 0.6755229830741882 0.6755229830741882 0.6755229830741882 0.6755229830741882 0.6755229830741882 0.6755229830741882 0.6755229830741882 0.6755229830741882 0.658384335952099 0.6229240873640094 0.5874638387759199 0.5520035901878303 0.5165433415997407 0.4810830930116511 0.4456228444235615 0.41016259583547193 0.37470234724738233 0.3392420986592927 0.30378185007114267 0.26832160148305306 0.25 0.25 0.25 0.25 0.25
0.7288945976291832 0.6797708782965564 0.6306471589639296 0.6080956358580335 0.6139503914978288 0.619805147137624 0.6256599027774193 0.6315146584172147 0.6373694140570099 0.6432241696968052 0.6490789253366005 0.6549336809764057 0.660788436616201 0.6666431922559963 0.6724979478957915 0.6755229830741882 0.6755229830741882 0.6755229830741882 0.6755229830741882 0.6755229830741882 0.6755229830741882 0.6755229830741882 0.6755229830741882 0.6755229830741882 0.6755229830741882 0.6755229830741882 0.6755229830741882 0.658384335952099 0.6229240873640094 0.5874638387759199 0.5520035901878303 0.5165433415997407 0.4810830930116511 0.4456228444235615 0.41016259583547193 0.37470234724738233 0.3392420986592927 0.30378185007114267 0.26832160148305306 0.25 0.25 0.25 0.25 0.25
0.7288945976291832 0.6797708782965564 0.6306471589639296 0.6080956358580335 0.6139503914978288 0.619805147137624 0.6256599027774193 0.6315146584172147 0.6373694140570099 0.6432241696968052 0.6490789253366005 0.6549336809764057 0.660788436616201 0.6666431922559963 0.6724979478957915 0.6755229830741882 0.6755229830741882 0.6755229830741882 0.6755229830741882 0.6755229830741882 0.6755229830741882 0.6755229830741882 0.6755229830741882 0.6755229830741882 0.6755229830741882 0.6755229830741882 0.6755229830741882 0.658384335952099 0.6229240873640094 0.5874638387759199 0.5520035901878303 0.5165433415997407 0.4810830930116511 0.4456228444235615 0.41016259583547193 0.37470234724738233 0.3392420986592927 0.30378185007114267 0.26832160148305306 0.25 0.25 0.25 0.25 0.25
0.748939606873138 0.6980094763225045 0.6470793457718711 0.6232026625689209 0.6282467264443438 0.6332907903197666 0.6383348541951895 0.6433789180706124 0.6484229819460353 0.6534670458214582 0.6585111096968811 0.6635551735723126 0.6685992374477355 0.6736433013231584 0.6786873651985813 0.681293532151395 0.681293532151395 0.681293532151395 0.681293532151395 0.681293532151395 0.681293532151395 0.681293532151395 0.681293532151395 0.681293532151395 0.681293532151395 0.681293532151395 0.681293532151395 0.6636385680799214 0.6271100480439754 0.5905815280080294 0.5540530079720835 0.5175244879361375 0.4809959679001915 0.4444674478642455 0.4079389278282996 0.3714104077923536 0.33488188775640765 0.2983533677203994 0.2618248476844534 0.2429512917024146 0.2429512917024146 0.2429512917024146 0.2429512917024146 0.2429512917024146
0.7904114672683984 0.735743985792262 0.6810765043161257 0.6544581484166178 0.6578249421413284 0.6611917358660389 0.6645585295907495 0.66792532331546 0.6712921170401704 0.674658910764881 0.6780257044895915 0.6813924982143079 0.6847592919390184 0.688126085663729 0.6914928793884395 0.6932324343899204 0.6932324343899204 0.6932324343899204 0.6932324343899204 0.6932324343899204 0.6932324343899204 0.6932324343899204 0.6932324343899204 0.6932324343899204 0.6932324343899204 0.6932324343899204 0.6932324343899204 0.6745092431011891 0.635770536788422 0.5970318304756548 0.5582931241628877 0.5195544178501206 0.4808157115373534 0.44207700522458626 0.4033382989118191 0.364599592599052 0.32586088628628485 0.28712217997345163 0.24838347366068447 0.22836795861801942 0.22836795861801942 0.22836795861801942 0.22836795861801942 0.22836795861801942
0.8318833276636941 0.7734784952620517 0.7150736628604093 0.6857136342643415 0.6874031578383383 0.689092681412335 0.6907822049863318 0.6924717285603286 0.6941612521343253 0.695850775708322 0.6975402992823188 0.6992298228563184 0.7009193464303152 0.7026088700043119 0.7042983935783087 0.7051713366284561 0.7051713366284561 0.7051713366284561 0.7051713366284561 0.7051713366284561 0.7051713366284561 0.7051713366284561 0.7051713366284561 0.7051713366284561 0.7051713366284561 0.7051713366284561 0.7051713366284561 0.6853799181224661 0.6444310255328759 0.6034821329432858 0.5625332403536956 0.5215843477641053 0.4806354551745151 0.43968656258492494 0.3987376699953347 0.35778877740574455 0.3168398848161543 0.2758909922264943 0.2349420996369041 0.2137846255336118 0.2137846255336118 0.2137846255336118 0.2137846255336118 0.2137846255336118
0.8733551880589543 0.8112130047318091 0.749070821404664 0.7169691201120384 0.7169813735353229 0.7169936269586072 0.7170058803818916 0.7170181338051761 0.7170303872284605 0.7170426406517448 0.7170548940750293 0.7170671474983137 0.717079400921598 0.7170916543448825 0.7171039077681669 0.7171102388669816 0.7171102388669816 0.7171102388669816 0.7171102388669816 0.7171102388669816 0.7171102388669816 0.7171102388669816 0.7171102388669816 0.7171102388669816 0.7171102388669816 0.7171102388669816 0.7171102388669816 0.6962505931437338 0.6530915142773225 0.6099324354109111 0.5667733565444998 0.5236142776780884 0.4804551988116771 0.4372961199452657 0.39413704107885433 0.350977962212443 0.3078188833460316 0.2646598044795466 0.22150072561313527 0.1992012924492166 0.1992012924492166 0.1992012924492166 0.1992012924492166 0.1992012924492166
0.9148270484542148 0.8489475142015667 0.7830679799489186 0.7482246059597355 0.7465595892323075 0.7448945725048796 0.7432295557774516 0.7415645390500237 0.7398995223225957 0.7382345055951678 0.7365694888677399 0.7349044721403091 0.7332394554128812 0.7315744386854532 0.7299094219580252 0.7290491411055071 0.7290491411055071 0.7290491411055071 0.7290491411055071 0.7290491411055071 0.7290491411055071 0.7290491411055071 0.7290491411055071 0.7290491411055071 0.7290491411055071 0.7290491411055071 0.7290491411055071 0.7071212681650016 0.6617520030217692 0.6163827378785366 0.5710134727353041 0.5256442075920715 0.480274942448839 0.4349056773056065 0.3895364121623739 0.34416714701914136 0.29879788187590883 0.2534286167325989 0.2080593515893664 0.18461795936482142 0.18461795936482142 0.18461795936482142 0.18461795936482142 0.18461795936482142
0.9562989088494751 0.8866820236713242 0.8170651384931733 0.7794800918074325 0.7761378049292922 0.7727955180511519 0.7694532311730116 0.7661109442948713 0.7627686574167309 0.7594263705385906 0.7560840836604503 0.7527417967823044 0.749399509904164 0.7460572230260237 0.7427149361478835 0.7409880433440326 0.7409880433440326 0.7409880433440326 0.7409880433440326 0.7409880433440326 0.7409880433440326 0.7409880433440326 0.7409880433440326 0.7409880433440326 0.7409880433440326 0.7409880433440326 0.7409880433440326 0.7179919431862695 0.6704124917662158 0.622833040346162 0.5752535889261083 0.5276741375060546 0.4800946860860009 0.4325152346659472 0.3849357832458935 0.3373563318258398 0.2897768804057861 0.24219742898565128 0.1946179775655975 0.17003462628042623 0.17003462628042623 0.17003462628042623 0.17003462628042623 0.17003462628042623
0.9977707692447354 0.9244165331410817 0.851062297037428 0.8107355776551295 0.8057160206262768 0.8006964635974242 0.7956769065685715 0.7906573495397189 0.7856377925108662 0.7806182354820136 0.7755986784531609 0.7705791214242996 0.765559564395447 0.7605400073665943 0.7555204503377417 0.752926945582558 0.752926945582558 0.752926945582558 0.752926945582558 0.752926945582558 0.752926945582558 0.752926945582558 0.752926945582558 0.752926945582558 0.752926945582558 0.752926945582558 0.752926945582558 0.7288626182075372 0.6790729805106623 0.6292833428137874 0.5794937051169126 0.5297040674200376 0.4799144297231628 0.4301247920262879 0.380335154329413 0.33054551663253817 0.2807558789356633 0.23096624123870346 0.18117660354182863 0.15545129319603104 0.15545129319603104 0.15545129319603104 0.15545129319603104 0.15545129319603104
1.039242629639996 0.9621510426108392 0.8850594555816826 0.8419910635028265 0.8352942363232615 0.8285974091436965 0.8219005819641315 0.8152037547845664 0.8085069276050014 0.8018101004254364 0.7951132732458714 0.788416446066295 0.7817196188867299 0.7750227917071649 0.7683259645275999 0.7648658478210835 0.7648658478210835 0.7648658478210835 0.7648658478210835 0.7648658478210835 0.7648658478210835 0.7648658478210835 0.7648658478210835 0.7648658478210835 0.7648658478210835 0.7648658478210835 0.7648658478210835 0.7397332932288049 0.6877334692551088 0.6357336452814129 0.5837338213077168 0.5317339973340207 0.4797341733603247 0.42773434938662863 0.3757345254129326 0.32373470143923655 0.27173487746554054 0.21973505349175582 0.16773522951805975 0.14086796011163585 0.14086796011163585 0.14086796011163585 0.14086796011163585 0.14086796011163585
1.080714490035256 0.9998855520805967 0.9190566141259373 0.8732465493505235 0.8648724520202462 0.8564983546899688 0.8481242573596914 0.839750160029414 0.8313760626991367 0.8230019653688593 0.8146278680385819 0.8062537707082903 0.7978796733780129 0.7895055760477355 0.7811314787174581 0.7768047500596089 0.7768047500596089 0.7768047500596089 0.7768047500596089 0.7768047500596089 0.7768047500596089 0.7768047500596089 0.7768047500596089 0.7768047500596089 0.7768047500596089 0.7768047500596089 0.7768047500596089 0.7506039682500726 0.6963939579995554 0.6421839477490382 0.587973937498521 0.5337639272480037 0.47955391699748656 0.42534390674696937 0.3711338964964521 0.3169238862459349 0.26271387599541773 0.20850386574480806 0.15429385549429087 0.12628462702724066 0.12628462702724066 0.12628462702724066 0.12628462702724066 0.12628462702724066
1.1221863504305518 1.0376200615503866 0.9530537726702211 0.9045020351982471 0.894450667717256 0.8843993002362649 0.8743479327552737 0.8642965652742826 0.8542451977932914 0.8441938303123002 0.8341424628313091 0.8240910953503008 0.8140397278693097 0.8039883603883184 0.7939369929073273 0.7887436522981446 0.7887436522981446 0.7887436522981446 0.7887436522981446 0.7887436522981446 0.7887436522981446 0.7887436522981446 0.7887436522981446 0.7887436522981446 0.7887436522981446 0.7887436522981446 0.7887436522981446 0.7614746432713496 0.7050544467440094 0.6486342502166691 0.5922140536893288 0.5357938571619886 0.4793736606346483 0.42295346410730805 0.3665332675799678 0.3101130710526275 0.2536928745252872 0.19727267799785075 0.14085248147051044 0.11170129394283304 0.11170129394283304 0.11170129394283304 0.11170129394283304 0.11170129394283304
1.1636582108258122 1.075354571020144 0.9870509312144757 0.9357575210459442 0.9240288834142407 0.9123002457825372 0.9005716081508337 0.8888429705191302 0.8771143328874267 0.8653856952557232 0.8536570576240197 0.8419284199922962 0.8301997823605927 0.8184711447288892 0.8067425070971856 0.8006825545366701 0.8006825545366701 0.8006825545366701 0.8006825545366701 0.8006825545366701 0.8006825545366701 0.8006825545366701 0.8006825545366701 0.8006825545366701 0.8006825545366701 0.8006825545366701 0.8006825545366701 0.7723453182926174 0.713714935488456 0.6550845526842946 0.5964541698801331 0.5378237870759717 0.4791934042718103 0.42056302146764885 0.3619326386634874 0.30330225585932596 0.24467187305516458 0.1860414902509031 0.12741110744674167 0.09711796085843785 0.09711796085843785 0.09711796085843785 0.09711796085843785 0.09711796085843785
