Figures/CREST_Example_wjb_NSE/Rolling_result/20100722/BJP_forecast/ens_22/wjb.rain.20100727.asc
ncols            288
nrows            254
xllcorner        113.274861
yllcorner        31.4918055
cellsize         0.008333333333
NODATA_value     -9999
[rows 189 to 215 of 254, columns 61 to 121 of 288]
0.8851001533792164 0.8851001533792164 0.0 0.0 0.0 0.0 0.0 0.0 0.0 0.0 0.0 0.0 0.0 0.0 0.012383326375313416 0.03800470859045105 0.06362609080558868 0.08924747302077 0.11486885523590763 0.14049023745104527 0.1661116196661829 0.19173300188132053 0.21735438409645816 0.2429757663115958 0.26859714852673344 0.29421853074187104 0.30133544317181177 0.28867065904070743 0.27600587490960304 0.2633410907784987 0.2506763066473728 0.23801152251626845 0.2253467383851641 0.21268195425405975 0.2000171701229554 0.18735238599185106 0.17468760186074672 0.16202281772964236 0.15203089396879066 0.14489631837892716 0.1377617427890637 0.1306271671992002 0.12349259160933673 0.11635801601946108 0.10922344042959758 0.10208886483973412 0.09495428924987062 0.08781971366000714 0.08068513807014366 0.07355056248028018 0.0741979969272179 0.08316457607604832 0.09213115522487875 0.10109773437370917 0.1100643135225396 0.11903089267137003 0.12799747182021576 0.13696405096904618 0.1459306301178766 0.15489720926670703 0.16386378841553745
0.8851001533792164 0.8851001533792164 0.0 0.0 0.0 0.0 0.0 0.0 0.0 0.0 0.0 0.0 0.0 0.0 0.008861994661726626 0.02719766195619867 0.04553332925067071 0.06386899654517403 0.08220466383964607 0.10054033113411812 0.11887599842859016 0.1372116657230622 0.15554733301753423 0.1738830003120063 0.19221866760647832 0.21055433490095038 0.21564747692520023 0.20658406004025792 0.19752064315531564 0.18845722627037337 0.1793938093854156 0.17033039250047333 0.16126697561553105 0.15220355873058874 0.14314014184564644 0.13407672496070416 0.1250133080757619 0.11594989119081958 0.10879927815314892 0.10369349567800559 0.09858771320286228 0.09348193072771896 0.08837614825257564 0.08327036577742361 0.0781645833022803 0.07305880082713696 0.06795301835199365 0.06284723587685032 0.057741453401707006 0.05263567092656368 0.05309900044229204 0.059515836609131206 0.06593267277597037 0.07234950894280955 0.07876634510964871 0.08518318127648788 0.09160001744333798 0.09801685361017716 0.10443368977701634 0.1108505259438555 0.11726736211069466
0.8851001533792164 0.8851001533792164 0.0 0.0 0.0 0.0 0.0 0.0 0.0 0.0 0.0 0.0 0.0 0.0 0.005340662948139838 0.016390615321946293 0.027440567695752746 0.038490520069578045 0.0495404724433845 0.06059042481719095 0.0716403771909974 0.08269032956480386 0.09374028193861032 0.10479023431241677 0.11584018668622323 0.1268901390600297 0.12995951067858869 0.12449746103980845 0.11903541140102822 0.113573361762248 0.10811131212345845 0.1026492624846782 0.09718721284589799 0.09172516320711775 0.08626311356833752 0.08080106392955728 0.07533901429077705 0.06987696465199683 0.06556766233750717 0.06249067297708402 0.05941368361666086 0.056336694256237704 0.05325970489581455 0.05018271553538614 0.04710572617496299 0.04402873681453983 0.04095174745411667 0.03787475809369352 0.03479776873327036 0.0317207793728472 0.03200000395736617 0.03586709714221408 0.03973419032706199 0.0436012835119099 0.04746837669675781 0.05133546988160573 0.05520256306646023 0.05906965625130814 0.06293674943615606 0.06680384262100396 0.07067093580585188
0.8851001533792164 0.8851001533792164 0.0 0.0 0.0 0.0 0.0 0.0 0.0 0.0 0.0 0.0 0.0 0.0 0.001819331234553049 0.0055835686876939145 0.009347806140834782 0.013112043593982065 0.01687628104712293 0.0206405185002638 0.024404755953404664 0.02816899340654553 0.0319332308596864 0.03569746831282726 0.03946170576596813 0.04322594321910899 0.04427154443197715 0.042410862039358975 0.0405501796467408 0.03868949725412262 0.036828814861501274 0.0349681324688831 0.03310745007626492 0.031246767683646745 0.029386085291028565 0.027525402898410392 0.025664720505792216 0.02380403811317404 0.022336046521865424 0.02128785027616243 0.020239654030459436 0.019191457784756442 0.01814326153905345 0.01709506529334867 0.016046869047645677 0.014998672801942683 0.01395047655623969 0.012902280310536697 0.011854084064833703 0.010805887819130711 0.010901007472440306 0.01221835767529696 0.013535707878153613 0.014853058081010267 0.01617040828386692 0.017487758486723577 0.018805108689582475 0.020122458892439132 0.021439809095295782 0.02275715929815244 0.02407450950100909
0.8851001533792164 0.8851001533792164 0.0 0.0 0.0 0.0 0.0 0.0 0.0 0.0 0.0 0.0 0.0 0.0 0.0 0.0 0.0 0.0 0.0 0.0 0.0 0.0 0.0 0.0 0.0 0.0 0.0 0.0 0.0 0.0 0.0 0.0 0.0 0.0 0.0 0.0 0.0 0.0 0.8851001533792164 0.8851001533792164 0.8851001533792164 0.8851001533792164 0.8851001533792164 0.8851001533792164 0.8851001533792164 0.8851001533792164 0.8851001533792164 0.8851001533792164 0.8851001533792164 0.8851001533792164 0.8851001533792164 0.8851001533792164 0.8851001533792164 0.8851001533792164 0.8851001533792164 0.8851001533792164 0.8851001533792164 0.8851001533792164 0.8851001533792164 0.8851001533792164 0.8851001533792164
0.8851001533792164 0.8851001533792164 0.0 0.0 0.0 0.0 0.0 0.0 0.0 0.0 0.0 0.0 0.0 0.0 0.0 0.0 0.0 0.0 0.0 0.0 0.0 0.0 0.0 0.0 0.0 0.0 0.0 0.0 0.0 0.0 0.0 0.0 0.0 0.0 0.0 0.0 0.0 0.0 0.8851001533792164 0.8851001533792164 0.8851001533792164 0.8851001533792164 0.8851001533792164 0.8851001533792164 0.8851001533792164 0.8851001533792164 0.8851001533792164 0.8851001533792164 0.8851001533792164 0.8851001533792164 0.8851001533792164 0.8851001533792164 0.8851001533792164 0.8851001533792164 0.8851001533792164 0.8851001533792164 0.8851001533792164 0.8851001533792164 0.8851001533792164 0.8851001533792164 0.8851001533792164
0.8851001533792164 0.8851001533792164 0.0 0.0 0.0 0.0 0.0 0.0 0.0 0.0 0.0 0.0 0.0 0.0 0.0 0.0 0.0 0.0 0.0 0.0 0.0 0.0 0.0 0.0 0.0 0.0 0.0 0.0 0.0 0.0 0.0 0.0 0.0 0.0 0.0 0.0 0.0 0.0 0.8851001533792164 0.8851001533792164 0.8851001533792164 0.8851001533792164 0.8851001533792164 0.8851001533792164 0.8851001533792164 0.8851001533792164 0.8851001533792164 0.8851001533792164 0.8851001533792164 0.8851001533792164 0.8851001533792164 0.8851001533792164 0.8851001533792164 0.8851001533792164 0.8851001533792164 0.8851001533792164 0.8851001533792164 0.8851001533792164 0.8851001533792164 0.8851001533792164 0.8851001533792164
0.8851001533792164 0.8851001533792164 0.0 0.0 0.0 0.0 0.0 0.0 0.0 0.0 0.0 0.0 0.0 0.0 0.0 0.0 0.0 0.0 0.0 0.0 0.0 0.0 0.0 0.0 0.0 0.0 0.0 0.0 0.0 0.0 0.0 0.0 0.0 0.0 0.0 0.0 0.0 0.0 0.8851001533792164 0.8851001533792164 0.8851001533792164 0.8851001533792164 0.8851001533792164 0.8851001533792164 0.8851001533792164 0.8851001533792164 0.8851001533792164 0.8851001533792164 0.8851001533792164 0.8851001533792164 0.8851001533792164 0.8851001533792164 0.8851001533792164 0.8851001533792164 0.8851001533792164 0.8851001533792164 0.8851001533792164 0.8851001533792164 0.8851001533792164 0.8851001533792164 0.8851001533792164
0.8851001533792164 0.8851001533792164 0.0 0.0 0.0 0.0 0.0 0.0 0.0 0.0 0.0 0.0 0.0 0.0 0.0 0.0 0.0 0.0 0.0 0.0 0.0 0.0 0.0 0.0 0.0 0.0 0.0 0.0 0.0 0.0 0.0 0.0 0.0 0.0 0.0 0.0 0.0 0.0 0.8851001533792164 0.8851001533792164 0.8851001533792164 0.8851001533792164 0.8851001533792164 0.8851001533792164 0.8851001533792164 0.8851001533792164 0.8851001533792164 0.8851001533792164 0.8851001533792164 0.8851001533792164 0.8851001533792164 0.8851001533792164 0.8851001533792164 0.8851001533792164 0.8851001533792164 0.8851001533792164 0.8851001533792164 0.8851001533792164 0.8851001533792164 0.8851001533792164 0.8851001533792164
0.8851001533792164 0.8851001533792164 0.0 0.0 0.0 0.0 0.0 0.0 0.0 0.0 0.0 0.0 0.0 0.0 0.0 0.0 0.0 0.0 0.0 0.0 0.0 0.0 0.0 0.0 0.0 0.0 0.0 0.0 0.0 0.0 0.0 0.0 0.0 0.0 0.0 0.0 0.0 0.0 0.8851001533792164 0.8851001533792164 0.8851001533792164 0.8851001533792164 0.8851001533792164 0.8851001533792164 0.8851001533792164 0.8851001533792164 0.8851001533792164 0.8851001533792164 0.8851001533792164 0.8851001533792164 0.8851001533792164 0.8851001533792164 0.8851001533792164 0.8851001533792164 0.8851001533792164 0.8851001533792164 0.8851001533792164 0.8851001533792164 0.8851001533792164 0.8851001533792164 0.8851001533792164
0.8851001533792164 0.8851001533792164 0.0 0.0 0.0 0.0 0.0 0.0 0.0 0.0 0.0 0.0 0.0 0.0 0.0 0.0 0.0 0.0 0.0 0.0 0.0 0.0 0.0 0.0 0.0 0.0 0.0 0.0 0.0 0.0 0.0 0.0 0.0 0.0 0.0 0.0 0.0 0.0 0.8851001533792164 0.8851001533792164 0.8851001533792164 0.8851001533792164 0.8851001533792164 0.8851001533792164 0.8851001533792164 0.8851001533792164 0.8851001533792164 0.8851001533792164 0.8851001533792164 0.8851001533792164 0.8851001533792164 0.8851001533792164 0.8851001533792164 0.8851001533792164 0.8851001533792164 0.8851001533792164 0.8851001533792164 0.8851001533792164 0.8851001533792164 0.8851001533792164 0.8851001533792164
0.8851001533792164 0.8851001533792164 0.0 0.0 0.0 0.0 0.0 0.0 0.0 0.0 0.0 0.0 0.0 0.0 0.0 0.0 0.0 0.0 0.0 0.0 0.0 0.0 0.0 0.0 0.0 0.0 0.0 0.0 0.0 0.0 0.0 0.0 0.0 0.0 0.0 0.0 0.0 0.0 0.8851001533792164 0.8851001533792164 0.8851001533792164 0.8851001533792164 0.8851001533792164 0.8851001533792164 0.8851001533792164 0.8851001533792164 0.8851001533792164 0.8851001533792164 0.8851001533792164 0.8851001533792164 0.8851001533792164 0.8851001533792164 0.8851001533792164 0.8851001533792164 0.8851001533792164 0.8851001533792164 0.8851001533792164 0.8851001533792164 0.8851001533792164 0.8851001533792164 0.8851001533792164
0.8851001533792164 0.8851001533792164 0.0 0.0 0.0 0.0 0.0 0.0 0.0 0.0 0.0 0.0 0.0 0.0 0.0 0.0 0.0 0.0 0.0 0.0 0.0 0.0 0.0 0.0 0.0 0.0 0.0 0.0 0.0 0.0 0.0 0.0 0.0 0.0 0.0 0.0 0.0 0.0 0.8851001533792164 0.8851001533792164 0.8851001533792164 0.8851001533792164 0.8851001533792164 0.8851001533792164 0.8851001533792164 0.8851001533792164 0.8851001533792164 0.8851001533792164 0.8851001533792164 0.8851001533792164 0.8851001533792164 0.8851001533792164 0.8851001533792164 0.8851001533792164 0.8851001533792164 0.8851001533792164 0.8851001533792164 0.8851001533792164 0.8851001533792164 0.8851001533792164 0.8851001533792164
0.8851001533792164 0.8851001533792164 0.0 0.0 0.0 0.0 0.0 0.0 0.0 0.0 0.0 0.0 0.0 0.0 0.0 0.0 0.0 0.0 0.0 0.0 0.0 0.0 0.0 0.0 0.0 0.0 0.0 0.0 0.0 0.0 0.0 0.0 0.0 0.0 0.0 0.0 0.0 0.0 0.8851001533792164 0.8851001533792164 0.8851001533792164 0.8851001533792164 -9999.0 -9999.0 -9999.0 0.8851001533792164 0.8851001533792164 0.8851001533792164 0.8851001533792164 0.8851001533792164 0.8851001533792164 0.8851001533792164 0.8851001533792164 0.8851001533792164 0.8851001533792164 0.8851001533792164 0.8851001533792164 0.8851001533792164 0.8851001533792164 0.8851001533792164 0.8851001533792164
0.8851001533792164 0.8851001533792164 0.0 0.0 0.0 0.0 0.0 0.0 0.0 0.0 0.0 0.0 0.0 0.0 0.0 0.0 0.0 0.0 0.0 0.0 0.0 0.0 0.0 0.0 0.0 0.0 0.0 0.0 0.0 0.0 0.0 0.0 0.0 0.0 0.0 0.0 0.0 0.0 0.8851001533792164 0.8851001533792164 0.8851001533792164 0.8851001533792164 -9999.0 -9999.0 -9999.0 -9999.0 0.8851001533792164 0.8851001533792164 -9999.0 0.8851001533792164 0.8851001533792164 0.8851001533792164 0.8851001533792164 0.8851001533792164 0.8851001533792164 0.8851001533792164 0.8851001533792164 0.8851001533792164 0.8851001533792164 0.8851001533792164 0.8851001533792164
0.8851001533792164 0.8851001533792164 0.0 0.0 0.0 0.0 0.0 0.0 0.0 0.0 0.0 0.0 0.0 0.0 0.0 0.0 0.0 0.0 0.0 0.0 0.0 0.0 0.0 0.0 0.0 0.0 0.0 0.0 0.0 0.0 0.0 0.0 0.0 0.0 0.0 0.0 0.0 0.0 0.8851001533792164 0.8851001533792164 0.8851001533792164 -9999.0 -9999.0 -9999.0 -9999.0 -9999.0 -9999.0 -9999.0 -9999.0 -9999.0 0.8851001533792164 0.8851001533792164 0.8851001533792164 0.8851001533792164 0.8851001533792164 0.8851001533792164 0.8851001533792164 0.8851001533792164 0.8851001533792164 0.8851001533792164 0.8851001533792164
0.8851001533792164 0.8851001533792164 0.8851001533792164 0.8851001533792164 0.8851001533792164 0.8851001533792164 0.8851001533792164 0.8851001533792164 0.8851001533792164 0.8851001533792164 0.8851001533792164 0.8851001533792164 0.8851001533792164 0.8851001533792164 0.0 0.0 0.0 0.0 0.0 0.0 0.0 0.0 0.0 0.0 0.0 0.0 0.8851001533792164 0.8851001533792164 0.8851001533792164 0.8851001533792164 0.8851001533792164 0.8851001533792164 0.8851001533792164 0.8851001533792164 0.8851001533792164 0.8851001533792164 0.8851001533792164 0.8851001533792164 0.8851001533792164 0.8851001533792164 0.8851001533792164 -9999.0 -9999.0 -9999.0 -9999.0 -9999.0 -9999.0 -9999.0 -9999.0 -9999.0 -9999.0 0.8851001533792164 0.8851001533792164 0.8851001533792164 0.8851001533792164 0.8851001533792164 0.8851001533792164 0.8851001533792164 0.8851001533792164 0.8851001533792164 0.8851001533792164
0.8851001533792164 0.8851001533792164 0.8851001533792164 0.8851001533792164 0.8851001533792164 0.8851001533792164 0.8851001533792164 0.8851001533792164 0.8851001533792164 0.8851001533792164 0.8851001533792164 0.8851001533792164 0.8851001533792164 0.8851001533792164 0.0 0.0 0.0 0.0 0.0 0.0 0.0 0.0 0.0 0.0 0.0 0.0 0.8851001533792164 0.8851001533792164 0.8851001533792164 0.8851001533792164 0.8851001533792164 0.8851001533792164 0.8851001533792164 0.8851001533792164 0.8851001533792164 0.8851001533792164 0.8851001533792164 0.8851001533792164 0.8851001533792164 0.8851001533792164 0.8851001533792164 0.8851001533792164 -9999.0 -9999.0 -9999.0 -9999.0 -9999.0 -9999.0 -9999.0 -9999.0 -9999.0 0.8851001533792164 0.8851001533792164 0.8851001533792164 0.8851001533792164 0.8851001533792164 0.8851001533792164 0.8851001533792164 0.8851001533792164 0.8851001533792164 0.8851001533792164
0.8851001533792164 0.8851001533792164 0.8851001533792164 0.8851001533792164 0.8851001533792164 0.8851001533792164 0.8851001533792164 0.8851001533792164 0.8851001533792164 0.8851001533792164 0.8851001533792164 0.8851001533792164 0.8851001533792164 0.8851001533792164 0.0 0.0 0.0 0.0 0.0 0.0 0.0 0.0 0.0 0.0 0.0 0.0 0.8851001533792164 0.8851001533792164 0.8851001533792164 0.8851001533792164 0.8851001533792164 0.8851001533792164 0.8851001533792164 0.8851001533792164 0.8851001533792164 0.8851001533792164 0.8851001533792164 0.8851001533792164 0.8851001533792164 0.8851001533792164 0.8851001533792164 0.8851001533792164 -9999.0 -9999.0 -9999.0 -9999.0 -9999.0 -9999.0 -9999.0 -9999.0 -9999.0 -9999.0 0.8851001533792164 0.8851001533792164 0.8851001533792164 0.8851001533792164 0.8851001533792164 0.8851001533792164 0.8851001533792164 0.8851001533792164 0.8851001533792164
0.8851001533792164 0.8851001533792164 0.8851001533792164 0.8851001533792164 0.8851001533792164 0.8851001533792164 0.8851001533792164 0.8851001533792164 0.8851001533792164 0.8851001533792164 0.8851001533792164 0.8851001533792164 0.8851001533792164 0.8851001533792164 0.0 0.0 0.0 0.0 0.0 0.0 0.0 0.0 0.0 0.0 0.0 0.0 0.8851001533792164 0.8851001533792164 0.8851001533792164 0.8851001533792164 0.8851001533792164 0.8851001533792164 0.8851001533792164 0.8851001533792164 0.8851001533792164 0.8851001533792164 0.8851001533792164 0.8851001533792164 0.8851001533792164 0.8851001533792164 0.8851001533792164 0.8851001533792164 -9999.0 -9999.0 -9999.0 -9999.0 -9999.0 -9999.0 -9999.0 -9999.0 -9999.0 -9999.0 -9999.0 -9999.0 -9999.0 -9999.0 0.8851001533792164 0.8851001533792164 0.8851001533792164 0.8851001533792164 0.8851001533792164
0.8851001533792164 0.8851001533792164 0.8851001533792164 0.8851001533792164 0.8851001533792164 0.8851001533792164 0.8851001533792164 0.8851001533792164 0.8851001533792164 0.8851001533792164 0.8851001533792164 0.8851001533792164 0.8851001533792164 0.8851001533792164 0.0 0.0 0.0 0.0 0.0 0.0 0.0 0.0 0.0 0.0 0.0 0.0 0.8851001533792164 0.8851001533792164 0.8851001533792164 0.8851001533792164 0.8851001533792164 0.8851001533792164 0.8851001533792164 0.8851001533792164 0.8851001533792164 0.8851001533792164 0.8851001533792164 0.8851001533792164 0.8851001533792164 0.8851001533792164 0.8851001533792164 0.8851001533792164 -9999.0 -9999.0 -9999.0 -9999.0 -9999.0 -9999.0 -9999.0 -9999.0 -9999.0 -9999.0 -9999.0 -9999.0 -9999.0 -9999.0 -9999.0 -9999.0 0.8851001533792164 0.8851001533792164 0.8851001533792164
0.8851001533792164 0.8851001533792164 0.8851001533792164 0.8851001533792164 0.8851001533792164 0.8851001533792164 0.8851001533792164 0.8851001533792164 0.8851001533792164 0.8851001533792164 0.8851001533792164 0.8851001533792164 0.8851001533792164 0.8851001533792164 0.0 0.0 0.0 0.0 0.0 0.0 0.0 0.0 0.0 0.0 0.0 0.0 0.8851001533792164 0.8851001533792164 0.8851001533792164 0.8851001533792164 0.8851001533792164 0.8851001533792164 0.8851001533792164 0.8851001533792164 0.8851001533792164 0.8851001533792164 0.8851001533792164 0.8851001533792164 0.8851001533792164 0.8851001533792164 0.8851001533792164 0.8851001533792164 -9999.0 -9999.0 -9999.0 -9999.0 -9999.0 -9999.0 -9999.0 -9999.0 -9999.0 -9999.0 -9999.0 -9999.0 -9999.0 -9999.0 -9999.0 -9999.0 0.8851001533792164 0.8851001533792164 0.8851001533792164
-9999.0 0.8851001533792164 0.8851001533792164 0.8851001533792164 0.8851001533792164 0.8851001533792164 0.8851001533792164 0.8851001533792164 0.8851001533792164 0.8851001533792164 0.8851001533792164 0.8851001533792164 0.8851001533792164 0.8851001533792164 0.0 0.0 0.0 0.0 0.0 0.0 0.0 0.0 0.0 0.0 0.0 0.0 0.8851001533792164 0.8851001533792164 0.8851001533792164 0.8851001533792164 0.8851001533792164 0.8851001533792164 0.8851001533792164 0.8851001533792164 0.8851001533792164 0.8851001533792164 0.8851001533792164 0.8851001533792164 0.8851001533792164 0.8851001533792164 0.8851001533792164 -9999.0 -9999.0 -9999.0 -9999.0 -9999.0 -9999.0 -9999.0 -9999.0 -9999.0 -9999.0 -9999.0 -9999.0 -9999.0 -9999.0 -9999.0 -9999.0 0.8851001533792164 0.8851001533792164 0.8851001533792164 0.8851001533792164
-9999.0 0.8851001533792164 0.8851001533792164 0.8851001533792164 0.8851001533792164 0.8851001533792164 0.8851001533792164 0.8851001533792164 0.8851001533792164 0.8851001533792164 0.8851001533792164 0.8851001533792164 0.8851001533792164 0.8851001533792164 0.0 0.0 0.0 0.0 0.0 0.0 0.0 0.0 0.0 0.0 0.0 0.0 0.8851001533792164 0.8851001533792164 0.8851001533792164 0.8851001533792164 0.8851001533792164 0.8851001533792164 0.8851001533792164 0.8851001533792164 0.8851001533792164 0.8851001533792164 0.8851001533792164 0.8851001533792164 0.8851001533792164 0.8851001533792164 0.8851001533792164 -9999.0 -9999.0 -9999.0 -9999.0 -9999.0 -9999.0 -9999.0 -9999.0 -9999.0 -9999.0 -9999.0 -9999.0 -9999.0 -9999.0 -9999.0 -9999.0 0.8851001533792164 0.8851001533792164 0.8851001533792164 0.8851001533792164
-9999.0 -9999.0 -9999.0 0.8851001533792164 0.8851001533792164 0.8851001533792164 0.8851001533792164 0.8851001533792164 0.8851001533792164 0.8851001533792164 0.8851001533792164 0.8851001533792164 0.8851001533792164 0.8851001533792164 0.0 0.0 0.0 0.0 0.0 0.0 0.0 0.0 0.0 0.0 0.0 0.0 0.8851001533792164 0.8851001533792164 0.8851001533792164 0.8851001533792164 0.8851001533792164 0.8851001533792164 0.8851001533792164 0.8851001533792164 0.8851001533792164 0.8851001533792164 0.8851001533792164 0.8851001533792164 0.8851001533792164 0.8851001533792164 0.8851001533792164 -9999.0 -9999.0 -9999.0 -9999.0 -9999.0 -9999.0 -9999.0 -9999.0 -9999.0 -9999.0 -9999.0 -9999.0 -9999.0 -9999.0 0.8851001533792164 0.8851001533792164 0.8851001533792164 0.8851001533792164 0.8851001533792164 0.8851001533792164
-9999.0 -9999.0 -9999.0 -9999.0 -9999.0 0.8851001533792164 -9999.0 0.8851001533792164 0.8851001533792164 0.8851001533792164 0.8851001533792164 0.8851001533792164 0.8851001533792164 0.8851001533792164 0.0 0.0 0.0 0.0 0.0 0.0 0.0 0.0 0.0 0.0 0.0 0.0 0.8851001533792164 0.8851001533792164 0.8851001533792164 0.8851001533792164 0.8851001533792164 0.8851001533792164 0.8851001533792164 0.8851001533792164 0.8851001533792164 0.8851001533792164 0.8851001533792164 0.8851001533792164 0.8851001533792164 0.8851001533792164 -9999.0 -9999.0 -9999.0 -9999.0 -9999.0 -9999.0 -9999.0 -9999.0 -9999.0 -9999.0 -9999.0 -9999.0 -9999.0 -9999.0 -9999.0 0.8851001533792164 0.8851001533792164 0.8851001533792164 0.8851001533792164 0.8851001533792164 0.8851001533792164
-9999.0 -9999.0 -9999.0 -9999.0 -9999.0 -9999.0 -9999.0 -9999.0 -9999.0 0.8851001533792164 0.8851001533792164 0.8851001533792164 0.8851001533792164 0.8851001533792164 0.0 0.0 0.0 0.0 0.0 0.0 0.0 0.0 0.0 0.0 0.0 0.0 0.8851001533792164 0.8851001533792164 0.8851001533792164 0.8851001533792164 0.8851001533792164 0.8851001533792164 0.8851001533792164 0.8851001533792164 0.8851001533792164 0.8851001533792164 0.8851001533792164 0.8851001533792164 0.8851001533792164 -9999.0 -9999.0 -9999.0 -9999.0 -9999.0 -9999.0 -9999.0 -9999.0 -9999.0 -9999.0 -9999.0 -9999.0 -9999.0 -9999.0 -9999.0 -9999.0 0.8851001533792164 0.8851001533792164 0.8851001533792164 0.8851001533792164 0.8851001533792164 0.8851001533792164
