Figures/CREST_Example_wjb_NSE/Rolling_result/20100722/BJP_forecast/ens_22/wjb.rain.20100303.asc
ncols            288
nrows            254
xllcorner        113.274861
yllcorner        31.4918055
cellsize         0.008333333333
NODATA_value     -9999
[rows 140 to 159 of 254, columns 45 to 89 of 288]
1.656848061372557 1.772108149151546 1.8873682369305351 2.0026283247095242 2.117888412488514 2.233148500267503 2.292701082656464 2.292701082656464 2.292701082656464 2.292701082656464 2.292701082656464 2.292701082656464 2.292701082656464 2.292701082656464 2.292701082656464 2.292701082656464 2.292701082656464 2.292701082656464 2.3172339593579245 2.3679930358070944 2.418752112256351 2.4695111887055203 2.52027026515469 2.57102934160386 2.62178841805303 2.6725474945021994 2.7233065709513693 2.774065647400539 2.8248247238497086 2.8755838002988785 2.879641993230089 2.833775885933508 2.7879097786369273 2.7420436713402685 2.6961775640436874 2.6503114567471067 2.6044453494505255 2.558579242153945 2.512713134857364 2.466847027560783 2.4209809202642023 2.375114812967621 2.3514167124899705 2.3514167124899705 2.3514167124899705
1.6595440064809028 1.7812869215295675 1.9030298365782323 2.024772751626897 2.146515666675562 2.2682585817242265 2.331160711320119 2.331160711320119 2.331160711320119 2.331160711320119 2.331160711320119 2.331160711320119 2.331160711320119 2.331160711320119 2.331160711320119 2.331160711320119 2.331160711320119 2.331160711320119 2.355744017348921 2.4066074332162906 2.457470849083747 2.508334264951117 2.559197680818487 2.6100610966858566 2.6609245125532266 2.7117879284205966 2.762651344287966 2.813514760155336 2.864378176022706 2.9152415918900756 2.9222601467845224 2.882407554116714 2.8425549614489056 2.802702368781029 2.7628497761132205 2.7229971834454116 2.6831445907776033 2.643291998109795 2.603439405441986 2.5635868127741777 2.5237342201063693 2.4838816274385604 2.463290589720236 2.463290589720236 2.463290589720236
1.6622399515892488 1.790465693907589 1.9186914362259293 2.0469171785442697 2.17514292086261 2.30336866318095 2.369620339983774 2.369620339983774 2.369620339983774 2.369620339983774 2.369620339983774 2.369620339983774 2.369620339983774 2.369620339983774 2.369620339983774 2.369620339983774 2.369620339983774 2.369620339983774 2.3942540753399175 2.445221830625487 2.496189585911144 2.547157341196714 2.5981250964822835 2.6490928517678536 2.700060607053423 2.7510283623389933 2.8019961176245634 2.852963872910133 2.9039316281957026 2.9548993834812727 2.964878300338956 2.93103922229992 2.8972001442608835 2.8633610662217897 2.8295219881827536 2.795682910143717 2.761843832104681 2.728004754065645 2.694165676026609 2.6603265979875723 2.6264875199485362 2.5926484419095 2.575164466950502 2.575164466950502 2.575164466950502
1.6649358966975947 1.7996444662856104 1.9343530358736265 2.069061605461642 2.2037701750496583 2.338478744637674 2.408079968647429 2.408079968647429 2.408079968647429 2.408079968647429 2.408079968647429 2.408079968647429 2.408079968647429 2.408079968647429 2.408079968647429 2.408079968647429 2.408079968647429 2.408079968647429 2.4327641333309136 2.4838362280346837 2.5349083227385405 2.5859804174423107 2.6370525121460804 2.6881246068498506 2.7391967015536203 2.79026879625739 2.84134089096116 2.89241298566493 2.9434850803687 2.9945571750724698 3.0074964538933893 2.9796708904831255 2.9518453270728617 2.9240197636625505 2.8961942002522862 2.8683686368420225 2.8405430734317587 2.812717510021495 2.7848919466112307 2.757066383200967 2.729240819790703 2.7014152563804394 2.6870383441807673 2.6870383441807673 2.6870383441807673
1.6676318418059428 1.8088232386636398 1.9500146355213368 2.091206032379034 2.232397429236731 2.373588826094428 2.4465395973111166 2.4465395973111166 2.4465395973111166 2.4465395973111166 2.4465395973111166 2.4465395973111166 2.4465395973111166 2.4465395973111166 2.4465395973111166 2.4465395973111166 2.4465395973111166 2.4465395973111166 2.471274191321943 2.5224506254439127 2.57362705956597 2.6248034936879403 2.67597992780991 2.7271563619318804 2.77833279605385 2.8295092301758205 2.8806856642977903 2.9318620984197605 2.9830385325417303 3.0342149666637006 3.0501146074478593 3.0283025586663728 3.006490509884886 2.9846784611033628 2.962866412321876 2.94105436354039 2.9192423147589035 2.8974302659774174 2.875618217195931 2.8538061684144447 2.831994119632958 2.8101820708514715 2.7989122214111286 2.7989122214111286 2.7989122214111286
1.738254180304831 1.867271293250386 1.9962884061959412 2.125305519141496 2.2543226320870513 2.3833397450326066 2.450000307212715 2.450000307212715 2.450000307212715 2.450000307212715 2.450000307212715 2.450000307212715 2.450000307212715 2.450000307212715 2.450000307212715 2.450000307212715 2.450000307212715 2.450000307212715 2.475209308550852 2.527367302156776 2.5795252957627897 2.6316832893687137 2.683841282974638 2.7359992765805625 2.7881572701864865 2.840315263792411 2.8924732573983354 2.94463125100426 2.9967892446101843 3.0489472382161082 3.068557028327095 3.0533720530985433 3.0381870778699915 3.023002102641414 3.0078171274128627 2.992632152184311 2.977447176955759 2.9622622017272078 2.947077226498656 2.931892251270104 2.9167072760415524 2.901522300813001 2.893676527759056 2.893676527759056 2.893676527759056
1.8814855513616133 1.9783851046575949 2.0752846579535764 2.172184211249558 2.269083764545539 2.365983317841521 2.416049379236317 2.416049379236317 2.416049379236317 2.416049379236317 2.416049379236317 2.416049379236317 2.416049379236317 2.416049379236317 2.416049379236317 2.416049379236317 2.416049379236317 2.416049379236317 2.442185993656803 2.496263239698353 2.5503404857399956 2.6044177317815462 2.6584949778230964 2.7125722238646466 2.766649469906197 2.8207267159477474 2.874803961989298 2.928881208030848 2.982958454072399 3.037035700113949 3.0611571149779873 3.053255069114478 3.0453530232509687 3.037450977387446 3.029548931523937 3.0216468856604277 3.013744839796918 3.005842793933409 2.9979407480698996 2.9900387022063906 2.982136656342881 2.974234610479372 2.970151781395108 2.970151781395108 2.970151781395108
2.024716922418396 2.089498916064804 2.1542809097112117 2.21906290335762 2.2838448970040277 2.3486268906504355 2.3820984512599193 2.3820984512599193 2.3820984512599193 2.3820984512599193 2.3820984512599193 2.3820984512599193 2.3820984512599193 2.3820984512599193 2.3820984512599193 2.3820984512599193 2.3820984512599193 2.3820984512599193 2.409162678762754 2.46515917723993 2.521155675717202 2.5771521741943784 2.6331486726715547 2.689145171148731 2.7451416696259074 2.801138168103084 2.85713466658026 2.9131311650574365 2.969127663534613 3.0251241620117892 3.053757201628879 3.053138085130412 3.0525189686319454 3.0518998521334777 3.0512807356350105 3.0506616191365437 3.050042502638077 3.04942338613961 3.0488042696411433 3.0481851531426765 3.0475660366442097 3.0469469201457424 3.0466270350311597 3.0466270350311597 3.0466270350311597
2.167948293475179 2.2006127274720133 2.2332771614688474 2.265941595465682 2.298606029462516 2.3312704634593504 2.348147523283522 2.348147523283522 2.348147523283522 2.348147523283522 2.348147523283522 2.348147523283522 2.348147523283522 2.348147523283522 2.348147523283522 2.348147523283522 2.348147523283522 2.348147523283522 2.376139363868705 2.4340551147815073 2.4919708656944084 2.549886616607211 2.607802367520013 2.6657181184328156 2.7236338693456177 2.7815496202584202 2.8394653711712223 2.897381122084025 2.9552968729968274 3.0132126239096295 3.046357288279771 3.0530211011463466 3.059684914012922 3.066348726879509 3.0730125397460846 3.07967635261266 3.0863401654792355 3.093003978345811 3.0996677912123864 3.1063316040789624 3.112995416945538 3.1196592298121133 3.1231022886672113 3.1231022886672113 3.1231022886672113
2.3111796645319616 2.3117265388792223 2.312273413226483 2.312820287573744 2.3133671619210046 2.3139140362682653 2.3141965953071244 2.3141965953071244 2.3141965953071244 2.3141965953071244 2.3141965953071244 2.3141965953071244 2.3141965953071244 2.3141965953071244 2.3141965953071244 2.3141965953071244 2.3141965953071244 2.3141965953071244 2.343116048974656 2.402951052323085 2.462786055671615 2.522621059020043 2.582456062368472 2.6422910657169 2.7021260690653284 2.7619610724137567 2.821796075762185 2.8816310791106132 2.9414660824590415 3.00130108580747 3.038957374930663 3.0529041171622806 3.066850859393899 3.0807976016255405 3.0947443438571587 3.1086910860887764 3.1226378283203946 3.1365845705520123 3.1505313127836305 3.1644780550152483 3.1784247972468664 3.192371539478484 3.1995775423032633 3.1995775423032633 3.1995775423032633
2.4544110355888664 2.4228403502865263 2.391269664984186 2.3596989796818457 2.328128294379505 2.296557609077165 2.2802456673306977 2.2802456673306977 2.2802456673306977 2.2802456673306977 2.2802456673306977 2.2802456673306977 2.2802456673306977 2.2802456673306977 2.2802456673306977 2.2802456673306977 2.2802456673306977 2.2802456673306977 2.310092734080579 2.3718469898646353 2.4336012456487963 2.495355501432852 2.5571097572169084 2.618864013000964 2.68061826878502 2.742372524569076 2.804126780353132 2.8658810361371883 2.927635291921244 2.9893895477053 3.0315574615815484 3.052787133178215 3.0740168047748817 3.0952464763715843 3.116476147968251 3.1377058195649177 3.158935491161584 3.1801651627582506 3.2013948343549172 3.222624505951584 3.2438541775482506 3.265083849144917 3.27605279593938 3.27605279593938 3.27605279593938
2.597642406645649 2.5339541616937353 2.4702659167418215 2.4065776717899072 2.3428894268379934 2.2792011818860796 2.2462947393543 2.2462947393543 2.2462947393543 2.2462947393543 2.2462947393543 2.2462947393543 2.2462947393543 2.2462947393543 2.2462947393543 2.2462947393543 2.2462947393543 2.2462947393543 2.27706941918653 2.340742927406212 2.4044164356260027 2.4680899438456843 2.5317634520653662 2.5954369602850482 2.65911046850473 2.722783976724412 2.786457484944094 2.850130993163776 2.913804501383458 2.97747800960314 3.02415754823244 3.052670149194149 3.081182750155858 3.1096953511176157 3.1382079520793247 3.1667205530410336 3.1952331540027425 3.2237457549644515 3.252258355926161 3.28077095688787 3.3092835578495787 3.3377961588112877 3.3525280495754317 3.3525280495754317 3.3525280495754317
2.740873777702432 2.6450679731009448 2.5492621684994567 2.4534563638979696 2.357650559296482 2.2618447546949945 2.2123438113779024 2.2123438113779024 2.2123438113779024 2.2123438113779024 2.2123438113779024 2.2123438113779024 2.2123438113779024 2.2123438113779024 2.2123438113779024 2.2123438113779024 2.2123438113779024 2.2123438113779024 2.2440461042924813 2.3096388649477895 2.375231625603209 2.4408243862585173 2.506417146913825 2.572009907569133 2.637602668224441 2.703195428879749 2.768788189535057 2.834380950190365 2.899973710845673 2.965566471500981 3.0167576348833323 3.052553165210084 3.088348695536835 3.1241442258636476 3.159939756190399 3.1957352865171504 3.2315308168439016 3.2673263471706533 3.3031218774974045 3.3389174078241557 3.3747129381509073 3.4105084684776585 3.4290033032114837 3.4290033032114837 3.4290033032114837
2.8841051487592146 2.7561817845081533 2.6282584202570924 2.5003350560060316 2.3724116917549702 2.244488327503909 2.1783928834015045 2.1783928834015045 2.1783928834015045 2.1783928834015045 2.1783928834015045 2.1783928834015045 2.1783928834015045 2.1783928834015045 2.1783928834015045 2.1783928834015045 2.1783928834015045 2.1783928834015045 2.211022789398432 2.278534802489366 2.3460468155804155 2.4135588286713494 2.4810708417622833 2.5485828548532172 2.6160948679441516 2.6836068810350855 2.7511188941260194 2.8186309072169533 2.886142920307887 2.9536549333988216 3.0093577215342244 3.052436181226018 3.095514640917812 3.138593100609679 3.181671560301473 3.224750019993267 3.2678284796850603 3.310906939376854 3.353985399068648 3.3970638587604416 3.4401423184522355 3.4832207781440294 3.5054785568475353 3.5054785568475353 3.5054785568475353
3.0273365198159974 2.8672955959153628 2.707254672014728 2.5472137481140935 2.387172824213459 2.2271319003128243 2.144441955425107 2.144441955425107 2.144441955425107 2.144441955425107 2.144441955425107 2.144441955425107 2.144441955425107 2.144441955425107 2.144441955425107 2.144441955425107 2.144441955425107 2.144441955425107 2.1779994745043836 2.2474307400309437 2.316862005557622 2.386293271084182 2.4557245366107416 2.5251558021373017 2.594587067663862 2.664018333190422 2.733449598716982 2.8028808642435417 2.8723121297701018 2.941743395296662 3.001957808185116 3.0523191972419523 3.1026805862987885 3.1530419753557104 3.2034033644125466 3.2537647534693828 3.304126142526219 3.354487531583055 3.4048489206398913 3.4552103096967275 3.5055716987535637 3.5559330878104 3.581953810483587 3.581953810483587 3.581953810483587
3.17056789087278 2.9784094073225718 2.7862509237723634 2.594092440222155 2.4019339566719466 2.2097754731217383 2.110491027448709 2.110491027448709 2.110491027448709 2.110491027448709 2.110491027448709 2.110491027448709 2.110491027448709 2.110491027448709 2.110491027448709 2.110491027448709 2.110491027448709 2.110491027448709 2.1449761596103345 2.2163266775725203 2.287677195534828 2.359027713497014 2.4303782314592 2.5017287494213862 2.573079267383572 2.644429785345758 2.7157803033079437 2.78713082127013 2.858481339232316 2.929831857194502 2.994557894836008 3.0522022132578868 3.109846531679765 3.1674908501017423 3.2251351685236207 3.282779486945499 3.340423805367378 3.3980681237892565 3.455712442211135 3.513356760633014 3.5710010790548923 3.628645397476771 3.658429064119639 3.658429064119639 3.658429064119639
3.313799261929563 3.0895232187297808 2.865247175529999 2.6409711323302174 2.4166950891304353 2.1924190459306536 2.0765400994723118 2.0765400994723118 2.0765400994723118 2.0765400994723118 2.0765400994723118 2.0765400994723118 2.0765400994723118 2.0765400994723118 2.0765400994723118 2.0765400994723118 2.0765400994723118 2.0765400994723118 2.111952844716286 2.185222615114098 2.2584923855120347 2.3317621559098467 2.4050319263076583 2.4783016967054703 2.5515714671032823 2.6248412375010943 2.6981110078989063 2.7713807782967184 2.8446505486945304 2.9179203190923424 2.9871579814868996 3.0520852292738208 3.117012477060742 3.1819397248477737 3.2468669726346944 3.3117942204216155 3.3767214682085367 3.4416487159954574 3.5065759637823786 3.5715032115692997 3.6364304593562204 3.7013577071431416 3.7349043177556904 3.7349043177556904 3.7349043177556904
3.387801181544263 3.1469312801004943 2.9060613786567258 2.6651914772129577 2.424321575769189 2.183451674325421 2.0589990131556988 2.0589990131556988 2.0589990131556988 2.0589990131556988 2.0589990131556988 2.0589990131556988 2.0589990131556988 2.0589990131556988 2.0589990131556988 2.0589990131556988 2.0589990131556988 2.0589990131556988 2.0948910189712016 2.1691523903249603 2.243413761678846 2.3176751330326053 2.391936504386364 2.4661978757401233 2.540459247093882 2.6147206184476413 2.6889819898014 2.7632433611551592 2.8375047325089184 2.911766103862677 2.983334742284649 3.052024788329067 3.1207148343734854 3.189404880418021 3.258094926462439 3.3267849725068572 3.3954750185512754 3.4641650645956936 3.532855110640112 3.60154515668453 3.670235202728948 3.7389252487733664 3.774416022002697 3.774416022002697 3.774416022002697
3.387801181544263 3.1469312801004943 2.9060613786567258 2.6651914772129577 2.424321575769189 2.183451674325421 2.0589990131556988 2.0589990131556988 2.0589990131556988 2.0589990131556988 2.0589990131556988 2.0589990131556988 2.0589990131556988 2.0589990131556988 2.0589990131556988 2.0589990131556988 2.0589990131556988 2.0589990131556988 2.0948910189712016 2.1691523903249603 2.243413761678846 2.3176751330326053 2.391936504386364 2.4661978757401233 2.540459247093882 2.6147206184476413 2.6889819898014 2.7632433611551592 2.8375047325089184 2.911766103862677 2.983334742284649 3.052024788329067 3.1207148343734854 3.189404880418021 3.258094926462439 3.3267849725068572 3.3954750185512754 3.4641650645956936 3.532855110640112 3.60154515668453 3.670235202728948 3.7389252487733664 3.774416022002697 3.774416022002697 3.774416022002697
3.387801181544263 3.1469312801004943 2.9060613786567258 2.6651914772129577 2.424321575769189 2.183451674325421 2.0589990131556988 2.0589990131556988 2.0589990131556988 2.0589990131556988 2.0589990131556988 2.0589990131556988 2.0589990131556988 2.0589990131556988 2.0589990131556988 2.0589990131556988 2.0589990131556988 2.0589990131556988 2.0948910189712016 2.1691523903249603 2.243413761678846 2.3176751330326053 2.391936504386364 2.4661978757401233 2.540459247093882 2.6147206184476413 2.6889819898014 2.7632433611551592 2.8375047325089184 2.911766103862677 2.983334742284649 3.052024788329067 3.1207148343734854 3.189404880418021 3.258094926462439 3.3267849725068572 3.3954750185512754 3.4641650645956936 3.532855110640112 3.60154515668453 3.670235202728948 3.7389252487733664 3.774416022002697 3.774416022002697 3.774416022002697
