Figures/CREST_Example_wjb_NSE/Rolling_result/20100722/BJP_forecast/ens_22/wjb.rain.20090810.asc
ncols            288
nrows            254
xllcorner        113.274861
yllcorner        31.4918055
cellsize         0.008333333333
NODATA_value     -9999
[rows 140 to 159 of 254, columns 132 to 175 of 288]
0.21814342928307506 0.21868702711865579 0.2192306249542365 0.22003996784037516 0.22113339819587552 0.2222268285513759 0.2233202589068763 0.22441368926237668 0.22550711961787706 0.22660054997337745 0.22769398032887783 0.22878741068438008 0.22988084103988043 0.23097427139538082 0.2320677017508812 0.23263265535339075 0.23263265535339075 0.23263265535339075 0.23263265535339075 0.23263265535339075 0.23263265535339075 0.23263265535339075 0.23263265535339075 0.23263265535339075 0.23263265535339075 0.23263265535339075 0.23263265535339075 0.25241211046517154 0.2933362505215195 0.33426039057786755 0.3751845306342156 0.41610867069056356 0.4570328107469116 0.49795695080325963 0.5388810908596077 0.5798052309159557 0.6207293709723037 0.6616535110287215 0.7025776510850695 0.723722336049317 0.723722336049317 0.723722336049317 0.723722336049317 0.723722336049317
0.211920556546399 0.2135881284169695 0.21525570028753999 0.21682820400077765 0.21829907770368445 0.21976995140659122 0.22124082510949802 0.22271169881240482 0.2241825725153116 0.2256534462182184 0.22712431992112517 0.22859519362403447 0.23006606732694126 0.23153694102984806 0.23300781473275484 0.2337677857662218 0.2337677857662218 0.2337677857662218 0.2337677857662218 0.2337677857662218 0.2337677857662218 0.2337677857662218 0.2337677857662218 0.2337677857662218 0.2337677857662218 0.2337677857662218 0.2337677857662218 0.24993376533825598 0.2833815427626173 0.31682932018697857 0.35027709761133985 0.3837248750357012 0.4171726524600624 0.45062042988442375 0.4840682073087851 0.5175159847331463 0.5509637621575076 0.5844115395819259 0.6178593170062873 0.6351411148746993 0.6351411148746993 0.6351411148746993 0.6351411148746993 0.6351411148746993
0.2056976838097229 0.2084892297152832 0.2112807756208435 0.21361644016118017 0.21546475721149336 0.21731307426180654 0.21916139131211976 0.22100970836243294 0.22285802541274616 0.22470634246305934 0.22655465951337253 0.22840297656368888 0.2302512936140021 0.23209961066431528 0.2339479277146285 0.23490291617905282 0.23490291617905282 0.23490291617905282 0.23490291617905282 0.23490291617905282 0.23490291617905282 0.23490291617905282 0.23490291617905282 0.23490291617905282 0.23490291617905282 0.23490291617905282 0.23490291617905282 0.24745542021134043 0.273426835003715 0.29939824979608953 0.3253696645884641 0.35134107938083864 0.3773124941732132 0.40328390896558775 0.4292553237579623 0.4552267385503369 0.48119815334271143 0.5071695681351303 0.5331409829275049 0.5465598937000813 0.5465598937000813 0.5465598937000813 0.5465598937000813 0.5465598937000813
0.19947481107304685 0.2033903310135969 0.207305850954147 0.2104046763215827 0.2126304367193023 0.2148561971170219 0.2170819575147415 0.2193077179124611 0.22153347831018072 0.22375923870790032 0.22598499910561992 0.22821075950334332 0.23043651990106293 0.23266228029878253 0.23488804069650213 0.23603804659188385 0.23603804659188385 0.23603804659188385 0.23603804659188385 0.23603804659188385 0.23603804659188385 0.23603804659188385 0.23603804659188385 0.23603804659188385 0.23603804659188385 0.23603804659188385 0.23603804659188385 0.24497707508442487 0.2634721272448127 0.28196717940520055 0.3004622315655884 0.3189572837259762 0.33745233588636403 0.35594738804675186 0.3744424402071397 0.3929374923675275 0.41143254452791533 0.4299275966883347 0.4484226488487225 0.4579786725254635 0.4579786725254635 0.4579786725254635 0.4579786725254635 0.4579786725254635
0.19325193833636545 0.19829143231190627 0.2033309262874471 0.20719291248198246 0.2097961162271088 0.21239931997223513 0.21500252371736145 0.2176057274624878 0.22020893120761412 0.22281213495274046 0.22541533869786679 0.22801854244299757 0.2306217461881239 0.23322494993325024 0.23582815367837656 0.23717317700471585 0.23717317700471585 0.23717317700471585 0.23717317700471585 0.23717317700471585 0.23717317700471585 0.23717317700471585 0.23717317700471585 0.23717317700471585 0.23717317700471585 0.23717317700471585 0.23717317700471585 0.24249872995750724 0.25351741948590195 0.26453610901429664 0.2755547985426914 0.28657348807108607 0.2975921775994808 0.3086108671278755 0.31962955665627024 0.33064824618466493 0.34166693571305967 0.3526856252414732 0.36370431476986786 0.36939745135077007 0.36939745135077007 0.36939745135077007 0.36939745135077007 0.36939745135077007
0.18813916163688665 0.19380820261255194 0.1994772435882172 0.20382476387977774 0.20675954867139823 0.20969433346301874 0.21262911825463923 0.21556390304625975 0.21849868783788023 0.22143347262950075 0.22436825742112124 0.22730304221274675 0.23023782700436726 0.23317261179598775 0.23610739658760826 0.2376237412109999 0.2376237412109999 0.2376237412109999 0.2376237412109999 0.2376237412109999 0.2376237412109999 0.2376237412109999 0.2376237412109999 0.2376237412109999 0.2376237412109999 0.2376237412109999 0.2376237412109999 0.24092105264164143 0.24774326457995718 0.25456547651827294 0.26138768845658866 0.26820990039490444 0.27503211233322017 0.28185432427153595 0.2886765362098517 0.2954987481481674 0.3023209600864832 0.30914317202481056 0.3159653839631263 0.3194902844740813 0.3194902844740813 0.3194902844740813 0.3194902844740813 0.3194902844740813
0.1842130076224049 0.18998308426585234 0.19575316090929978 0.20028944982460367 0.2035067917541329 0.2067241336836621 0.20994147561319132 0.21315881754272054 0.21637615947224975 0.21959350140177897 0.2228108433313082 0.2260281852608429 0.2292455271903721 0.23246286911990133 0.23568021104943054 0.2373425472964984 0.2373425472964984 0.2373425472964984 0.2373425472964984 0.2373425472964984 0.2373425472964984 0.2373425472964984 0.2373425472964984 0.2373425472964984 0.2373425472964984 0.2373425472964984 0.2373425472964984 0.24030613243905796 0.24643785713812635 0.25256958183719475 0.2587013065362631 0.2648330312353315 0.2709647559343999 0.27709648063346826 0.2832282053325366 0.289359930031605 0.2954916547306734 0.3016233794297522 0.30775510412882057 0.3109232436882781 0.3109232436882781 0.3109232436882781 0.3109232436882781 0.3109232436882781
0.1802868536079231 0.18615796591915273 0.19202907823038237 0.1967541357694296 0.20025403483686754 0.2037539339043055 0.2072538329717434 0.21075373203918135 0.2142536311066193 0.21775353017405724 0.2212534292414952 0.22475332830893907 0.22825322737637702 0.23175312644381496 0.2352530255112529 0.2370613533819969 0.2370613533819969 0.2370613533819969 0.2370613533819969 0.2370613533819969 0.2370613533819969 0.2370613533819969 0.2370613533819969 0.2370613533819969 0.2370613533819969 0.2370613533819969 0.2370613533819969 0.23969121223647455 0.24513244969629555 0.25057368715611655 0.25601492461593756 0.26145616207575856 0.26689739953557956 0.2723386369954006 0.2777798744552216 0.2832211119150426 0.2886623493748636 0.2941035868346939 0.2995448242945149 0.30235620290247495 0.30235620290247495 0.30235620290247495 0.30235620290247495 0.30235620290247495
0.17636069959344128 0.1823328475724531 0.18830499555146493 0.1932188217142555 0.19700127791960217 0.20078373412494882 0.2045661903302955 0.20834864653564214 0.2121311027409888 0.21591355894633546 0.21969601515168213 0.22347847135703525 0.2272609275623819 0.23104338376772854 0.2348258399730752 0.2367801594674954 0.2367801594674954 0.2367801594674954 0.2367801594674954 0.2367801594674954 0.2367801594674954 0.2367801594674954 0.2367801594674954 0.2367801594674954 0.2367801594674954 0.2367801594674954 0.2367801594674954 0.23907629203389108 0.24382704225446472 0.24857779247503833 0.253328542695612 0.2580792929161856 0.26283004313675923 0.26758079335733287 0.2723315435779065 0.27708229379848015 0.2818330440190538 0.28658379423963554 0.2913345444602092 0.2937891621166717 0.2937891621166717 0.2937891621166717 0.2937891621166717 0.2937891621166717
0.17243454557895949 0.1785077292257535 0.18458091287254752 0.18968350765908143 0.1937485210023368 0.19781353434559218 0.20187854768884758 0.20594356103210296 0.21000857437535833 0.2140735877186137 0.2181386010618691 0.22220361440513142 0.2262686277483868 0.23033364109164217 0.23439865443489755 0.2364989655529939 0.2364989655529939 0.2364989655529939 0.2364989655529939 0.2364989655529939 0.2364989655529939 0.2364989655529939 0.2364989655529939 0.2364989655529939 0.2364989655529939 0.2364989655529939 0.2364989655529939 0.23846137183130764 0.2425216348126339 0.24658189779396017 0.25064216077528645 0.2547024237566127 0.25876268673793895 0.26282294971926523 0.26688321270059145 0.27094347568191773 0.275003738663244 0.2790640016445772 0.28312426462590345 0.28522212133086855 0.28522212133086855 0.28522212133086855 0.28522212133086855 0.28522212133086855
0.16850839156447434 0.17468261087905063 0.18085683019362692 0.18614819360390433 0.1904957640850687 0.194843334566233 0.19919090504739737 0.2035384755285617 0.20788604600972604 0.21223361649089037 0.2165811869720547 0.22092875745322646 0.2252763279343908 0.22962389841555514 0.2339714688967195 0.23621777163849214 0.23621777163849214 0.23621777163849214 0.23621777163849214 0.23621777163849214 0.23621777163849214 0.23621777163849214 0.23621777163849214 0.23621777163849214 0.23621777163849214 0.23621777163849214 0.23621777163849214 0.23784645162872364 0.24121622737080195 0.24458600311288026 0.24795577885495856 0.25132555459703687 0.2546953303391152 0.2580651060811935 0.2614348818232718 0.2648046575653501 0.2681744333074284 0.27154420904951243 0.27491398479159074 0.27665508054505805 0.27665508054505805 0.27665508054505805 0.27665508054505805 0.27665508054505805
0.16458223754999257 0.17085749253235105 0.17713274751470953 0.18261287954873026 0.18724300716780334 0.1918731347868764 0.19650326240594945 0.2011333900250225 0.20576351764409556 0.21039364526316862 0.21502377288224167 0.21965390050132264 0.2242840281203957 0.22891415573946874 0.23354428335854183 0.23593657772399065 0.23593657772399065 0.23593657772399065 0.23593657772399065 0.23593657772399065 0.23593657772399065 0.23593657772399065 0.23593657772399065 0.23593657772399065 0.23593657772399065 0.23593657772399065 0.23593657772399065 0.2372315314261402 0.23991081992897115 0.24259010843180207 0.245269396934633 0.24794868543746393 0.2506279739402949 0.2533072624431258 0.25598655094595674 0.2586658394487877 0.2613451279516186 0.2640244164544541 0.266703704957285 0.2680880397592549 0.2680880397592549 0.2680880397592549 0.2680880397592549 0.2680880397592549
0.16065608353551075 0.16703237418565142 0.1734086648357921 0.17907756549355616 0.18399025025053795 0.18890293500751973 0.1938156197645015 0.1987283045214833 0.20364098927846508 0.20855367403544686 0.21346635879242865 0.21837904354941878 0.22329172830640057 0.22820441306338235 0.23311709782036413 0.23565538380948914 0.23565538380948914 0.23565538380948914 0.23565538380948914 0.23565538380948914 0.23565538380948914 0.23565538380948914 0.23565538380948914 0.23565538380948914 0.23565538380948914 0.23565538380948914 0.23565538380948914 0.23661661122355673 0.23860541248714032 0.24059421375072387 0.24258301501430743 0.244571816277891 0.24656061754147457 0.24854941880505813 0.2505382200686417 0.25252702133222527 0.25451582259580885 0.25650462385939576 0.25849342512297935 0.2595209989734517 0.2595209989734517 0.2595209989734517 0.2595209989734517 0.2595209989734517
0.15672992952102896 0.16320725583895182 0.16968458215687465 0.1755422514383821 0.1807374933332726 0.1859327352281631 0.1911279771230536 0.19632321901794408 0.2015184609128346 0.20671370280772508 0.2119089447026156 0.21710418659751496 0.22229942849240544 0.22749467038729593 0.23268991228218644 0.23537418989498762 0.23537418989498762 0.23537418989498762 0.23537418989498762 0.23537418989498762 0.23537418989498762 0.23537418989498762 0.23537418989498762 0.23537418989498762 0.23537418989498762 0.23537418989498762 0.23537418989498762 0.2360016910209733 0.23730000504530946 0.23859831906964565 0.23989663309398185 0.24119494711831804 0.24249326114265424 0.24379157516699043 0.24508988919132663 0.24638820321566282 0.247686517239999 0.2489848312643374 0.25028314528867357 0.2509539581876485 0.2509539581876485 0.2509539581876485 0.2509539581876485 0.2509539581876485
0.15280377550654717 0.15938213749225222 0.16596049947795727 0.17200693738320802 0.17748473641600726 0.18296253544880647 0.1884403344816057 0.1939181335144049 0.1993959325472041 0.20487373158000333 0.21035153061280257 0.21582932964561113 0.22130712867841035 0.22678492771120956 0.23226272674400877 0.23509299598048614 0.23509299598048614 0.23509299598048614 0.23509299598048614 0.23509299598048614 0.23509299598048614 0.23509299598048614 0.23509299598048614 0.23509299598048614 0.23509299598048614 0.23509299598048614 0.23509299598048614 0.23538677081838985 0.23599459760347866 0.2366024243885675 0.2372102511736563 0.23781807795874513 0.23842590474383393 0.23903373152892277 0.23964155831401157 0.2402493850991004 0.24085721188418924 0.24146503866927907 0.2420728654543679 0.24238691740184531 0.24238691740184531 0.24238691740184531 0.24238691740184531 0.24238691740184531
0.14887762149206538 0.1555570191455526 0.16223641679903983 0.16847162332803392 0.17423197949874186 0.1799923356694498 0.18575269184015775 0.1915130480108657 0.19727340418157363 0.20303376035228157 0.20879411652298951 0.21455447269370725 0.2203148288644152 0.22607518503512314 0.23183554120583108 0.23481180206598462 0.23481180206598462 0.23481180206598462 0.23481180206598462 0.23481180206598462 0.23481180206598462 0.23481180206598462 0.23481180206598462 0.23481180206598462 0.23481180206598462 0.23481180206598462 0.23481180206598462 0.23477185061580638 0.23468919016164783 0.23460652970748927 0.23452386925333074 0.23444120879917218 0.23435854834501363 0.23427588789085507 0.23419322743669652 0.23411056698253796 0.23402790652837943 0.23394524607422074 0.23386258562006218 0.23381987661604212 0.23381987661604212 0.23381987661604212 0.23381987661604212 0.23381987661604212
0.14495146747758358 0.151731900798853 0.1585123341201224 0.16493630927285988 0.17097922258147652 0.1770221358900932 0.18306504919870983 0.1891079625073265 0.19515087581594315 0.20119378912455982 0.2072367024331765 0.21327961574180343 0.2193225290504201 0.22536544235903677 0.23140835566765344 0.23453060815148313 0.23453060815148313 0.23453060815148313 0.23453060815148313 0.23453060815148313 0.23453060815148313 0.23453060815148313 0.23453060815148313 0.23453060815148313 0.23453060815148313 0.23453060815148313 0.23453060815148313 0.23415693041322294 0.23338378271981702 0.2326106350264111 0.2318374873330052 0.23106433963959927 0.23029119194619332 0.2295180442527874 0.2287448965593815 0.22797174886597557 0.22719860117256965 0.2264254534791624 0.22565230578575649 0.22525283583023895 0.22525283583023895 0.22525283583023895 0.22525283583023895 0.22525283583023895
0.14292298075968832 0.14975561516868224 0.15658824957767614 0.16310975392682472 0.16929865320521745 0.17548755248361017 0.1816764517620029 0.18786535104039565 0.19405425031878837 0.2002431495971811 0.20643204887557381 0.2126209481539771 0.21880984743236984 0.22499874671076256 0.2311876459891553 0.23438532650470734 0.23438532650470734 0.23438532650470734 0.23438532650470734 0.23438532650470734 0.23438532650470734 0.23438532650470734 0.23438532650470734 0.23438532650470734 0.23438532650470734 0.23438532650470734 0.23438532650470734 0.23383922574374102 0.2327093309159835 0.23157943608822595 0.23044954126046843 0.22931964643271088 0.22818975160495336 0.2270598567771958 0.2259299619494383 0.22480006712168074 0.22367017229392322 0.22254027746616376 0.2214103826384062 0.22082658857107162 0.22082658857107162 0.22082658857107162 0.22082658857107162 0.22082658857107162
0.14292298075968832 0.14975561516868224 0.15658824957767614 0.16310975392682472 0.16929865320521745 0.17548755248361017 0.1816764517620029 0.18786535104039565 0.19405425031878837 0.2002431495971811 0.20643204887557381 0.2126209481539771 0.21880984743236984 0.22499874671076256 0.2311876459891553 0.23438532650470734 0.23438532650470734 0.23438532650470734 0.23438532650470734 0.23438532650470734 0.23438532650470734 0.23438532650470734 0.23438532650470734 0.23438532650470734 0.23438532650470734 0.23438532650470734 0.23438532650470734 0.23383922574374102 0.2327093309159835 0.23157943608822595 0.23044954126046843 0.22931964643271088 0.22818975160495336 0.2270598567771958 0.2259299619494383 0.22480006712168074 0.22367017229392322 0.22254027746616376 0.2214103826384062 0.22082658857107162 0.22082658857107162 0.22082658857107162 0.22082658857107162 0.22082658857107162
0.14292298075968832 0.14975561516868224 0.15658824957767614 0.16310975392682472 0.16929865320521745 0.17548755248361017 0.1816764517620029 0.18786535104039565 0.19405425031878837 0.2002431495971811 0.20643204887557381 0.2126209481539771 0.21880984743236984 0.22499874671076256 0.2311876459891553 0.23438532650470734 0.23438532650470734 0.23438532650470734 0.23438532650470734 0.23438532650470734 0.23438532650470734 0.23438532650470734 0.23438532650470734 0.23438532650470734 0.23438532650470734 0.23438532650470734 0.23438532650470734 0.23383922574374102 0.2327093309159835 0.23157943608822595 0.23044954126046843 0.22931964643271088 0.22818975160495336 0.2270598567771958 0.2259299619494383 0.22480006712168074 0.22367017229392322 0.22254027746616376 0.2214103826384062 0.22082658857107162 0.22082658857107162 0.22082658857107162 0.22082658857107162 0.22082658857107162
