Figures/CREST_Example_wjb_NSE/Rolling_result/20100722/BJP_forecast/ens_22/wjb.rain.20100726.asc
ncols            288
nrows            254
xllcorner        113.274861
yllcorner        31.4918055
cellsize         0.008333333333
NODATA_value     -9999
[rows 80 to 99 of 254, columns 90 to 134 of 288]
0.0 0.0 0.0 0.0 0.0 0.0 0.0 0.0 0.0 0.0 0.0 0.0 0.0 0.0 0.0 0.0 0.0 0.0 0.0 0.0 0.0 0.0 0.0 0.0 0.0 0.0 0.0 0.0 0.0 0.0 0.0 0.0 0.0 0.0 0.0 0.0 0.0 0.0 0.0 0.0 0.0 0.0 0.0 0.0 0.0
0.0 0.0 0.0 0.0 0.0 0.0 0.0 0.0 0.0 0.0 0.0 0.0 0.0 0.0 0.0 0.0 0.0 0.0 0.0 0.0 0.0 0.0 0.0 0.0 0.0 0.0 0.0 0.0 0.0 0.0 0.0 0.0 0.0 0.0 0.0 0.0 0.0 0.0 0.0 0.0 0.0 0.0 0.0 0.0 0.0
0.0 0.0 0.0 0.0 0.0 0.0 0.0 0.0 0.0 0.0 0.0 0.0 0.0 0.0 0.0 0.0 0.0 0.0 0.0 0.0 0.0 0.0 0.0 0.0 0.0 0.0 0.0 0.0 0.0 0.0 0.0 0.0 0.0 0.0 0.0 0.0 0.0 0.0 0.0 0.0 0.0 0.0 0.0 0.0 0.0
0.0 0.0 0.0 0.0 0.0 0.0 0.0 0.0 0.0 0.0 0.0 0.0 0.0 0.0 0.0 0.0 0.0 0.0 0.0 0.0 0.0 0.0 0.0 0.0 0.0 0.0 0.0 0.0 0.0 0.0 0.0 0.0 0.0 0.0 0.0 0.0 0.0 0.0 0.0 0.0 0.0 0.0 0.0 0.0 0.0
0.0 0.0 0.0 0.0 0.0 0.0 0.0 0.0 0.0 0.0 0.0 0.0 0.0 0.0 0.0 0.0 0.0 0.0 0.0 0.0 0.0 0.0 0.0 0.0 0.0 0.0 0.0 0.0 0.0 0.0 0.0 0.0 0.0 0.0 0.0 0.0 0.0 0.0 0.0 0.0 0.0 0.0 0.0 0.0 0.0
0.048008073770863725 0.0488686317460602 0.04972918972125521 0.050589747696450214 0.05145030567164522 0.05231086364684022 0.053171421622035225 0.05403197959723023 0.05489253757242524 0.053108373911437544 0.04849694302241826 0.04388551213339898 0.0392740812443797 0.03466265035536042 0.030051219466333275 0.025439788577313993 0.02082835768829471 0.01621692679927543 0.011605495910256149 0.006994065021236867 0.0023826341322175926 0.0 0.0 0.0 0.0 0.0 0.0 0.0 0.0 0.0 0.0 0.0 0.0 0.0024338459113285647 0.007469528142779358 0.012505210374230151 0.017540892605680945 0.022576574837131737 0.027612257068582533 0.032647939300033325 0.037683621531492704 0.0427193037629435 0.047754985994394296 0.052790668225845085 0.05782635045729588
0.1473337515535393 0.14997474972230906 0.15261574789107432 0.15525674605983958 0.1578977442286048 0.16053874239737007 0.16317974056613532 0.16582073873490058 0.16846173690366584 0.16298625111739065 0.14883406046396297 0.13468186981053532 0.12052967915710763 0.10637748850367995 0.09222529785022814 0.07807310719680047 0.0639209165433728 0.04976872588994512 0.03561653523651745 0.021464344583089767 0.007312153929662085 0.0 0.0 0.0 0.0 0.0 0.0 0.0 0.0 0.0 0.0 0.0 0.0 0.007469319650914821 0.02292351092574623 0.03837770220057764 0.05383189347540905 0.06928608475024045 0.08474027602507186 0.10019446729990328 0.11564865857476103 0.13110284984959245 0.14655704112442386 0.16201123239925527 0.1774654236740867
0.2466594293362149 0.2510808676985579 0.2555023060608934 0.2599237444232289 0.2643451827855644 0.26876662114789995 0.27318805951023545 0.27760949787257094 0.28203093623490644 0.2728641283233438 0.2491711779055077 0.22547822748767163 0.20178527706983557 0.17809232665199948 0.154399376234123 0.13070642581628694 0.10701347539845088 0.08332052498061482 0.05962757456277876 0.035934624144942695 0.012241673727106606 0.0 0.0 0.0 0.0 0.0 0.0 0.0 0.0 0.0 0.0 0.0 0.0 0.012504793390501067 0.03837749370871307 0.06425019402692508 0.09012289434513708 0.11599559466334909 0.1418682949815611 0.1677409952997731 0.19361369561802924 0.21948639593624125 0.24535909625445324 0.2712317965726653 0.29710449689087726
0.3459851071188904 0.3521869856748068 0.3583888642307125 0.36459074278661824 0.37079262134252394 0.3769944998984297 0.3831963784543354 0.38939825701024117 0.3956001355661469 0.38274200552929677 0.3495082953470523 0.31627458516480783 0.28304087498256336 0.24980716480031895 0.21657345461801783 0.18333974443577336 0.15010603425352892 0.11687232407128445 0.08363861388904004 0.05040490370679557 0.017171193524551098 0.0 0.0 0.0 0.0 0.0 0.0 0.0 0.0 0.0 0.0 0.0 0.0 0.01754026713008732 0.05383147649167994 0.09012268585327256 0.12641389521486518 0.1627051045764578 0.19899631393805042 0.23528752329964303 0.27157873266129756 0.30786994202289014 0.3441611513844828 0.3804523607460754 0.416743570107668
0.445310784901566 0.45329310365105563 0.4612754224005316 0.46925774115000757 0.47724005989948354 0.48522237864895956 0.49320469739843553 0.5011870161479115 0.5091693348973875 0.49261988273524987 0.449845412788597 0.40707094284194417 0.3642964728952913 0.32152200294863853 0.2787475330019127 0.2359730630552599 0.19319859310860704 0.1504241231619542 0.10764965321530134 0.0648751832686485 0.022100713321995646 0.0 0.0 0.0 0.0 0.0 0.0 0.0 0.0 0.0 0.0 0.0 0.0 0.02257574086967357 0.06928545927464679 0.11599517767962 0.1627048960845932 0.20941461448956644 0.2561243328945396 0.30283405129951285 0.34954376970456574 0.3962534881095389 0.44296320651451215 0.4896729249194854 0.5363826433244586
0.5446364626842416 0.5543992216273045 0.5641619805703506 0.5739247395133968 0.5836874984564431 0.5934502573994893 0.6032130163425355 0.6129757752855818 0.622738534228628 0.6024977599412028 0.5501825302301416 0.4978673005190804 0.4455520708080192 0.39323684109695795 0.3409216113858075 0.2886063816747463 0.23629115196368505 0.18397592225262382 0.1316606925415626 0.07934546283050137 0.027030233119440084 0.0 0.0 0.0 0.0 0.0 0.0 0.0 0.0 0.0 0.0 0.0 0.0 0.02761121460925982 0.08473944205761365 0.1418676695059675 0.1989958969543213 0.2561241244026751 0.31325235185102895 0.3703805792993828 0.42750880674783404 0.48463703419618787 0.5417652616445416 0.5988934890928955 0.6560217165412493
0.6439621404669171 0.6555053396035533 0.6670485387401698 0.6785917378767863 0.6901349370134027 0.7016781361500192 0.7132213352866357 0.7247645344232521 0.7363077335598686 0.712375637147156 0.6505196476716864 0.5886636581962167 0.5268076687207471 0.46495167924527747 0.4030956897697024 0.3412397002942328 0.2793837108187632 0.21752772134329357 0.1556717318678239 0.09381574239235435 0.03195975291688469 0.0 0.0 0.0 0.0 0.0 0.0 0.0 0.0 0.0 0.0 0.0 0.0 0.03264668834884607 0.10019342484058051 0.16774016133231492 0.23528689782404938 0.3028336343157838 0.37038037080751823 0.43792710729925266 0.5054738437911023 0.5730205802828368 0.6405673167745711 0.7081140532663056 0.77566078975804
0.7432878182496775 0.7566114575798883 0.7699350969100766 0.7832587362402648 0.796582375570453 0.8099060149006412 0.8232296542308295 0.8365532935610176 0.8498769328912059 0.8222535143532026 0.7508567651133164 0.6794600158734303 0.6080632666335442 0.536666517393658 0.4652697681536502 0.39387301891376403 0.3224762696738779 0.25107952043399173 0.17968277119410558 0.10828602195421944 0.03688927271433329 0.0 0.0 0.0 0.0 0.0 0.0 0.0 0.0 0.0 0.0 0.0 0.0 0.03768216208843662 0.11564740762356054 0.19361265315868448 0.2715778986938084 0.34954314422893235 0.42750838976405625 0.5054736352991802 0.5834388808344371 0.661404126369561 0.7393693719046849 0.8173346174398088 0.8952998629749328
0.842613496032353 0.8577175755561373 0.8728216550798957 0.8879257346036542 0.9030298141274127 0.918133893651171 0.9332379731749295 0.948342052698688 0.9634461322224465 0.9321313915591557 0.8511938825548612 0.7702563735505666 0.6893188645462721 0.6083813555419776 0.5274438465375451 0.44650633753325053 0.365568828528956 0.2846313195246615 0.20369381052036695 0.12275630151607242 0.04181879251177789 0.0 0.0 0.0 0.0 0.0 0.0 0.0 0.0 0.0 0.0 0.0 0.0 0.04271763582802287 0.13110139040652738 0.2194851449850319 0.3078688995635364 0.39625265414204097 0.4846364087205455 0.57302016329905 0.6614039178777052 0.7497876724562098 0.8381714270347143 0.9265551816132188 1.0149389361917234
0.9419391738150286 0.9588236935323861 0.9757082132497148 0.9925927329670435 1.0094772526843723 1.026361772401701 1.0432462921190295 1.0601308118363584 1.077015331553687 1.0420092687651088 0.9515309999964059 0.861052731227703 0.7705744624590001 0.6800961936902972 0.5896179249214399 0.49913965615273703 0.4086613873840341 0.3181831186153312 0.2277048498466283 0.1372265810779254 0.046748312309222495 0.0 0.0 0.0 0.0 0.0 0.0 0.0 0.0 0.0 0.0 0.0 0.0 0.047753109567609114 0.14655537318949424 0.24535763681137934 0.3441599004332645 0.4429621640551496 0.5417644276770347 0.6405666912989199 0.7393689549209734 0.8381712185428586 0.9369734821647436 1.0357757457866288 1.1345780094085138
1.041264851597704 1.0599298115086349 1.0785947714195339 1.0972597313304329 1.1159246912413316 1.1345896511522306 1.1532546110631297 1.1719195709740284 1.1905845308849274 1.1518871459710618 1.0518681174379505 0.9518490889048391 0.8518300603717279 0.7518110318386166 0.6517920033053347 0.5517729747722234 0.45175394623911214 0.35173491770600085 0.25171588917288956 0.15169686063977816 0.05167783210666688 0.0 0.0 0.0 0.0 0.0 0.0 0.0 0.0 0.0 0.0 0.0 0.0 0.052788583307195366 0.1620093559724611 0.27123012863772683 0.3804509013029926 0.4896716739682583 0.598892446633524 0.7081132192987898 0.8173339919642417 0.9265547646295075 1.0357755372947732 1.1449963099600389 1.2542170826253047
1.1405905293803797 1.1610359294848838 1.181481329589353 1.201926729693822 1.2223721297982912 1.2428175299027604 1.2632629300072296 1.2837083301116987 1.304153730216168 1.2617650231770148 1.152205234879495 1.0426454465819754 0.9330856582844558 0.8235258699869361 0.7139660816892295 0.6044062933917098 0.49484650509419015 0.38528671679667037 0.2757269284991508 0.16616714020163093 0.05660735190411126 0.0 0.0 0.0 0.0 0.0 0.0 0.0 0.0 0.0 0.0 0.0 0.0 0.05782405704678162 0.17746333875542794 0.29710262046407426 0.4167419021727206 0.5363811838813669 0.6560204655900133 0.7756597472986596 0.8952990290075099 1.0149383107161563 1.1345775924248025 1.254216874133449 1.3738561558420952
1.1812211360218416 1.2045356991158744 1.2278502622098677 1.2511648253038608 1.2744793883978538 1.297793951491847 1.32110851458584 1.3444230776798332 1.3677376407738262 1.3242107172228577 1.2092287331170186 1.0942467490111798 0.9792647649053409 0.8642827807995019 0.7493007966934669 0.634318812587628 0.5193368284817891 0.40435484437595015 0.28937286027011133 0.1743908761642723 0.05940889205843347 0.0 0.0 0.0 0.0 0.0 0.0 0.0 0.0 0.0 0.0 0.0 0.0 0.05972303144758344 0.1832913341363943 0.30685963682520523 0.4304279395140161 0.553996242202827 0.6775645448916379 0.8011328475804488 0.9247011502694703 1.0482694529582812 1.171837755647092 1.295406058335903 1.4189743610247139
1.1591104121436167 1.1864579142556835 1.2138054163677037 1.2411529184797236 1.2685004205917438 1.2958479227037638 1.323195424815784 1.3505429269278042 1.3778904290398242 1.3359543979129704 1.2199527032060222 1.1039510084990742 0.987949313792126 0.8719476190851778 0.7559459243780319 0.6399442296710837 0.5239425349641356 0.40794084025718735 0.29193914555023914 0.17593745084329115 0.059935756136342944 0.0 0.0 0.0 0.0 0.0 0.0 0.0 0.0 0.0 0.0 0.0 0.0 0.05826928580114285 0.17882975587131694 0.29939022594149106 0.4199506960116651 0.5405111660818392 0.6610716361520134 0.7816321062221875 0.9021925762925671 1.0227530463627412 1.1433135164329153 1.2638739865030895 1.3844344565732636
1.1369996882654108 1.1683801293955078 1.1997605705255516 1.2311410116555952 1.2625214527856388 1.2939018939156826 1.3252823350457261 1.35666277617577 1.3880432173058135 1.3476980786030732 1.2306766732950165 1.1136552679869602 0.9966338626789036 0.8796124573708471 0.7625910520625911 0.6455696467545345 0.528548241446478 0.41152683613842156 0.2945054308303652 0.17748402552230869 0.060462620214252194 0.0 0.0 0.0 0.0 0.0 0.0 0.0 0.0 0.0 0.0 0.0 0.0 0.05681554015470349 0.17436817760624335 0.2919208150577832 0.4094734525093231 0.527026089960863 0.6445787274124029 0.7621313648639426 0.879684002315683 0.9972366397672229 1.1147892772187626 1.2323419146703025 1.3498945521218424
