Figures/CREST_Example_wjb_NSE/Rolling_result/20100722/BJP_forecast/ens_22/wjb.rain.20100723.asc
ncols            288
nrows            254
xllcorner        113.274861
yllcorner        31.4918055
cellsize         0.008333333333
NODATA_value     -9999
[rows 176 to 197 of 254, columns 147 to 195 of 288]
2.29172112305737 2.270293335460278 2.248865547863186 2.2274377602660933 2.2060099726690012 2.184582185071909 2.163154397474817 2.1417266098777246 2.1202988222806325 2.098871034683504 2.0774432470864115 2.0560154594893194 2.087976238689838 2.1770106034971253 2.2660449683044126 2.3550793331117 2.4441136979189872 2.5331480627262746 2.622182427533562 2.7112167923408492 2.8002511571481365 2.889285521955424 2.978319886762863 3.0673542515701504 3.093675249606057 3.0529542397982916 3.012233229990527 2.971512220182762 2.930791210374997 2.8900702005672323 2.849349190759467 2.808628180951702 2.7679071711439374 2.7271861613361725 2.6864651515284077 2.645744141720573 2.6993726277063135 2.8538628593583533 3.008353091010393 3.162843322662433 3.3173335543144726 3.4718237859665124 3.626314017618552 3.780804249270592 3.935294480922632 4.089784712574671 4.244274944226712 4.398765175878752 4.3963062636780785
2.5806675869254403 2.5578782759919036 2.535088965058367 2.51229965412483 2.4895103431912933 2.466721032257756 2.4439317213242195 2.421142410390683 2.398353099457146 2.37556378852357 2.3527744775900334 2.3299851666564964 2.355443904826023 2.432480898903452 2.5095178929808806 2.5865548870583095 2.663591881135738 2.740628875213167 2.8176658692905954 2.8947028633680243 2.9717398574454528 3.0487768515228817 3.1258138456004416 3.20285083967787 3.2227028253945216 3.181422743476539 3.1401426615585564 3.0988625796405733 3.0575824977225907 3.0163024158046077 2.975022333886625 2.9337422519686425 2.8924621700506594 2.851182088132677 2.8099020062146938 2.768621924296641 2.8283675729027764 2.996112013152451 3.1638564534021256 3.3316008936518 3.499345333901475 3.6670897741511492 3.834834214400824 4.002578654650499 4.170323094900173 4.338067535149848 4.5058119753995225 4.673556415649197 4.6692959906319444
2.869614050793511 2.8454632165235294 2.8213123822535477 2.7971615479835665 2.773010713713585 2.7488598794436037 2.724709045173622 2.700558210903641 2.676407376633659 2.6522565423636366 2.628105708093655 2.6039548738236737 2.6229115709622084 2.687951194309779 2.752990817657349 2.818030441004919 2.883070064352489 2.948109687700059 3.0131493110476293 3.0781889343951994 3.1432285577427694 3.2082681810903395 3.2733078044380206 3.3383474277855907 3.3517304011829867 3.3098912471547863 3.2680520931265855 3.2262129390983847 3.1843737850701843 3.1425346310419835 3.100695477013783 3.0588563229855823 3.0170171689573815 2.975178014929181 2.9333388609009803 2.8914997068727084 2.9573625180992393 3.1383611669465488 3.319359815793858 3.5003584646411676 3.6813571134884775 3.862355762335787 4.043354411183096 4.224353060030406 4.405351708877715 4.586350357725025 4.767349006572335 4.948347655419644 4.94228571758581
3.158560514661582 3.1330481570551556 3.1075357994487294 3.082023441842303 3.0565110842358774 3.030998726629451 3.005486369023025 2.9799740114165987 2.9544616538101725 2.928949296203703 2.903436938597277 2.8779245809908507 2.890379237098394 2.9434214897161053 2.996463742333817 3.0495059949515286 3.10254824756924 3.1555905001869515 3.208632752804663 3.2616750054223744 3.314717258040086 3.3677595106577978 3.4208017632755996 3.4738440158933113 3.480757976971452 3.4383597508330332 3.3959615246946147 3.3535632985561965 3.311165072417778 3.2687668462793593 3.2263686201409407 3.183970394002522 3.141572167864104 3.0991739417256854 3.056775715587267 3.014377489448776 3.086357463295702 3.2806103207406463 3.4748631781855908 3.6691160356305352 3.8633688930754797 4.057621750520424 4.251874607965369 4.446127465410314 4.640380322855258 4.834633180300202 5.0288860377451465 5.2231388951900914 5.215275444539676
3.447506978529652 3.4206330975867814 3.3937592166439106 3.3668853357010398 3.340011454758169 3.313137573815298 3.2862636928724274 3.2593898119295566 3.232515930986686 3.2056420500437692 3.178768169100899 3.151894288158028 3.1578469032345793 3.198891785122432 3.2399366670102854 3.280981548898138 3.322026430785991 3.363071312673844 3.4041161945616967 3.44516107644955 3.4862059583374028 3.5272508402252556 3.5682957221131786 3.6093406040010314 3.609785552759917 3.5668282545112806 3.5238709562626442 3.480913658014008 3.4379563597653715 3.394999061516735 3.3520417632680988 3.3090844650194624 3.266127166770826 3.2231698685221897 3.1802125702735533 3.137255272024844 3.215352408492165 3.4228594745347447 3.6303665405773238 3.837873606619903 4.045380672662482 4.252887738705061 4.460394804747641 4.66790187079022 4.875408936832799 5.082916002875378 5.290423068917958 5.497930134960537 5.488265171493541
3.6956264108085026 3.6654218734663293 3.635217336124156 3.605012798781982 3.574808261439809 3.5446037240976356 3.514399186755462 3.4841946494132885 3.453990112071115 3.42378557472889 3.3935810373867166 3.3633765000445432 3.364738627666956 3.3998462342044755 3.4349538407419953 3.4700614472795146 3.5051690538170344 3.5402766603545537 3.5753842668920734 3.6104918734295928 3.6455994799671125 3.680707086504632 3.7158146930422116 3.750922299579731 3.7488399890729815 3.7070008158980783 3.665161642723175 3.6233224695482718 3.5814832963733685 3.539644123198465 3.497804950023562 3.4559657768486587 3.4141266036737554 3.372287430498852 3.330448257323949 3.288609084148974 3.3709626385337566 3.586081028547807 3.8011994185618576 4.0163178085759075 4.231436198589958 4.446554588604009 4.661672978618059 4.87679136863211 5.09190975864616 5.30702814866021 5.522146538674261 5.737264928688312 5.741224782680559
3.900104319740818 3.8644642468741632 3.8288241740075084 3.793184101140853 3.7575440282741983 3.7219039554075435 3.686263882540888 3.6506238096742334 3.6149837368075786 3.5793436639408625 3.5437035910742076 3.508063518207553 3.5068784886598356 3.5425266798258894 3.5781748709919436 3.613823062157998 3.649471253324052 3.6851194444901063 3.7207676356561605 3.7564158268222148 3.7920640179882685 3.8277122091543228 3.863360400320438 3.899008591486492 3.8986125072706064 3.8596842772414575 3.8207560472123085 3.78182781718316 3.742899587154011 3.7039713571248623 3.665043127095714 3.626114897066565 3.5871866670374164 3.5482584370082675 3.5093302069791186 3.4704019769499035 3.5550229304517575 3.771720756455995 3.988418582460232 4.20511640846447 4.421814234468707 4.638512060472944 4.855209886477181 5.071907712481418 5.288605538485656 5.505303364489893 5.72200119049413 5.938699016498368 5.972773462657399
4.104582228673308 4.063506620282166 4.022431011891025 3.9813554034998844 3.940279795108743 3.8992041867176024 3.858128578326461 3.81705296993532 3.775977361544179 3.7349017531529682 3.693826144761827 3.652750536370686 3.6490183496528363 3.6852071254474255 3.7213959012420146 3.7575846770366037 3.793773452831193 3.829962228625782 3.8661510044203715 3.9023397802149606 3.9385285560095498 3.974717331804139 4.01090610759879 4.047094883393379 4.048385025468358 4.012367738584966 3.9763504517015744 3.940333164818183 3.904315877934791 3.868298591051399 3.8322813041680077 3.796264017284616 3.760246730401224 3.7242294435178325 3.6882121566344406 3.6521948697509874 3.7390832223699144 3.95736048436434 4.175637746358765 4.393915008353191 4.612192270347617 4.8304695323420415 5.048746794336466 5.267024056330892 5.485301318325318 5.703578580319743 5.9218558423141685 6.140133104308594 6.2043221426344335
4.309060137605623 4.26254899369 4.216037849774378 4.169526705858756 4.123015561943133 4.07650441802751 4.029993274111888 3.9834821301962653 3.936970986280643 3.8904598423649412 3.8439486984493185 3.797437554533696 3.791158210645716 3.82788757106884 3.8646169314919634 3.9013462919150874 3.938075652338211 3.974805012761335 4.011534373184459 4.048263733607582 4.084993094030706 4.12172245445383 4.158451814877016 4.1951811753001405 4.198157543665983 4.165051199928345 4.1319448561907075 4.098838512453071 4.065732168715433 4.032625824977796 3.999519481240159 3.9664131375025216 3.9333067937648845 3.9002004500272474 3.86709410628961 3.8339877625519163 3.923143514287915 4.143000212272527 4.36285691025714 4.582713608241751 4.802570306226364 5.022427004210976 5.242283702195588 5.4621404001802 5.681997098164812 5.901853796149425 6.121710494134037 6.341567192118649 6.435870822611271
4.513538046537938 4.461591367097834 4.40964468765773 4.357698008217627 4.305751328777522 4.253804649337418 4.201857969897314 4.149911290457211 4.097964611017106 4.046017931576913 3.9940712521368096 3.942124572696706 3.9332980716385952 3.9705680166902537 4.007837961741912 4.045107906793571 4.082377851845229 4.119647796896888 4.156917741948545 4.194187687000204 4.231457632051862 4.268727577103521 4.305997522155243 4.343267467206902 4.3479300618636065 4.317734661271724 4.287539260679841 4.257343860087959 4.2271484594960755 4.196953058904193 4.16675765831231 4.136562257720428 4.1063668571285445 4.076171456536662 4.045976055944779 4.015780655352845 4.1072038062059155 4.3286399401807145 4.5500760741555135 4.7715122081303125 4.9929483421051115 5.2143844760799105 5.4358206100547095 5.6572567440295085 5.8786928780043075 6.1001290119791065 6.3215651459539055 6.5430012799287045 6.66741950258811
4.7180159554702525 4.660633740505667 4.603251525541082 4.545869310576497 4.488487095611911 4.431104880647326 4.37372266568274 4.316340450718155 4.258958235753569 4.201576020788886 4.144193805824301 4.086811590859715 4.075437932631474 4.113248462311668 4.15105899199186 4.1888695216720535 4.226680051352247 4.264490581032439 4.302301110712633 4.340111640392825 4.377922170073019 4.415732699753212 4.453543229433469 4.491353759113663 4.497702580061231 4.470418122615103 4.443133665168975 4.415849207722847 4.388564750276719 4.36128029283059 4.333995835384462 4.306711377938334 4.279426920492205 4.252142463046077 4.224858005599949 4.197573548153774 4.291264098123915 4.514279668088902 4.737295238053887 4.960310808018873 5.1833263779838585 5.406341947948845 5.629357517913831 5.852373087878816 6.075388657843803 6.298404227808788 6.521419797773774 6.74443536773876 6.898968182564947
4.922493864402568 4.859676113913501 4.796858363424435 4.734040612935368 4.671222862446301 4.608405111957234 4.545587361468167 4.4827696109791 4.419951860490033 4.357134110000859 4.294316359511793 4.231498609022726 4.217577793624355 4.255928907933082 4.29428002224181 4.332631136550537 4.370982250859265 4.409333365167993 4.44768447947672 4.486035593785448 4.524386708094175 4.5627378224029025 4.601088936711696 4.639440051020424 4.647475098258856 4.623101583958482 4.598728069658108 4.5743545553577345 4.549981041057361 4.525607526756987 4.501234012456613 4.476860498156239 4.452486983855866 4.428113469555492 4.403739955255118 4.379366440954703 4.475324390041916 4.699919395997089 4.924514401952261 5.149109407907434 5.373704413862606 5.59829941981778 5.822894425772952 6.047489431728125 6.272084437683297 6.49667944363847 6.7212744495936425 6.945869455548815 7.130516862541786
5.126971773334883 5.058718487321335 4.990465201307787 4.9222119152942385 4.85395862928069 4.785705343267142 4.717452057253594 4.649198771240045 4.580945485226497 4.512692199212832 4.444438913199284 4.376185627185736 4.359717654617234 4.398609353554496 4.437501052491759 4.476392751429021 4.515284450366282 4.554176149303545 4.593067848240807 4.631959547178069 4.6708512461153315 4.709742945052594 4.748634643989923 4.787526342927184 4.79724761645648 4.775785045301861 4.754322474147242 4.732859902992622 4.711397331838003 4.689934760683384 4.668472189528765 4.647009618374145 4.625547047219526 4.604084476064907 4.582621904910288 4.561159333755632 4.659384681959916 4.885559123905276 5.111733565850635 5.337908007795995 5.564082449741354 5.790256891686713 6.016431333632073 6.242605775577433 6.4687802175227915 6.694954659468151 6.921129101413511 7.14730354335887 7.362065542518623
5.331449682267373 5.25776086072934 5.184072039191305 5.11038321765327 5.0366943961152355 4.963005574577201 4.889316753039166 4.815627931501132 4.741939109963098 4.668250288424938 4.594561466886903 4.520872645348868 4.501857515610234 4.541289799176032 4.580722082741829 4.620154366307626 4.6595866498734235 4.699018933439221 4.738451217005019 4.777883500570816 4.817315784136613 4.85674806770241 4.896180351268275 4.935612634834072 4.947020134654233 4.928468506645371 4.909916878636508 4.891365250627646 4.872813622618784 4.854261994609921 4.835710366601059 4.817158738592196 4.798607110583334 4.780055482574472 4.76150385456561 4.7429522265567154 4.843444973878073 5.071198851813621 5.2989527297491685 5.526706607684717 5.754460485620264 5.982214363555812 6.209968241491359 6.4377221194269065 6.665475997362455 6.893229875298002 7.120983753233549 7.348737631169097 7.593614222495658
5.535927591199688 5.456803234137173 5.377678877074657 5.298554520012141 5.2194301629496245 5.140305805887109 5.061181448824593 4.982057091762077 4.9029327346995615 4.823808377636911 4.744684020574395 4.665559663511878 4.643997376603115 4.683970244797447 4.723943112991778 4.76391598118611 4.803888849380442 4.843861717574774 4.883834585769106 4.9238074539634376 4.96378032215777 5.003753190352102 5.043726058546501 5.0836989267408335 5.096792652851858 5.08115196798875 5.065511283125642 5.049870598262534 5.034229913399426 5.018589228536318 5.00294854367321 4.987307858810103 4.9716671739469955 4.956026489083888 4.94038580422078 4.924745119357645 5.027505265796075 5.256838579721809 5.486171893647543 5.715505207573278 5.944838521499012 6.174171835424747 6.40350514935048 6.632838463276215 6.862171777201949 7.091505091127684 7.3208384050534185 7.550171718979152 7.8251629024724965
5.740405500132004 5.6558456075450065 5.571285714958009 5.486725822371012 5.402165929784014 5.317606037197017 5.23304614461002 5.148486252023022 5.063926359436024 4.979366466848883 4.894806574261886 4.810246681674888 4.786137237595994 4.826650690418861 4.867164143241727 4.907677596064593 4.94819104888746 4.988704501710326 5.029217954533193 5.069731407356059 5.110244860178926 5.150758313001792 5.1912717658247285 5.231785218647595 5.246565171049482 5.233835429332129 5.2211056876147754 5.208375945897422 5.195646204180068 5.182916462462716 5.170186720745362 5.157456979028009 5.144727237310655 5.1319974955933025 5.119267753875949 5.106538012158574 5.211565557714075 5.4424783076299965 5.673391057545917 5.904303807461838 6.13521655737776 6.366129307293681 6.5970420572096025 6.827954807125523 7.058867557041444 7.289780306957366 7.520693056873286 7.7516058067892075 8.056711582449335
5.944883409064319 5.8548879809528405 5.764892552841362 5.674897124729883 5.584901696618403 5.4949062685069245 5.404910840395446 5.314915412283967 5.224919984172488 5.134924556060856 5.044929127949377 4.954933699837898 4.928277098588873 4.9693311360402745 5.010385173491676 5.051439210943077 5.092493248394478 5.133547285845879 5.17460132329728 5.215655360748681 5.2567093982000825 5.2977634356514836 5.338817473102955 5.379871510554356 5.396337689247106 5.386518890675507 5.376700092103909 5.36688129353231 5.3570624949607115 5.347243696389112 5.337424897817513 5.327606099245915 5.317787300674316 5.307968502102717 5.298149703531118 5.288330904959503 5.395625849632076 5.628118035538184 5.860610221444292 6.0931024073504 6.325594593256508 6.558086779162615 6.790578965068724 7.023071150974832 7.25556333688094 7.488055522787047 7.7205477086931555 7.953039894599263 8.288260262426173
5.944962417015514 5.856772231995657 5.7685820469758005 5.680391861955944 5.592201676936087 5.504011491916231 5.415821306896374 5.327631121876517 5.239440936856661 5.1512507518366535 5.063060566816797 4.97487038179694 4.948210124304967 4.98732675120574 5.026443378106513 5.065560005007287 5.10467663190806 5.143793258808833 5.182909885709606 5.2220265126103795 5.2611431395111525 5.3002597664119255 5.339376393312766 5.378493020213539 5.394162657445805 5.384766932280977 5.3753712071161495 5.365975481951321 5.356579756786493 5.347184031621665 5.3377883064568366 5.328392581292009 5.318996856127181 5.309601130962353 5.3002054057975245 5.29080968063268 5.4160849362143635 5.6853265171531415 5.95456809809192 6.2238096790306985 6.4930512599694765 6.762292840908255 7.0315344218470335 7.3007760027858115 7.57001758372459 7.8392591646633685 8.108500745602147 8.377742326540925 8.73479319895767
5.726551883133828 5.647906877158048 5.569261871182268 5.490616865206488 5.411971859230708 5.3333268532549285 5.254681847279148 5.176036841303368 5.097391835327588 5.018746829351675 4.940101823375895 4.861456817400114 4.837511745838823 4.872042141531124 4.9065725372234255 4.941102932915726 4.975633328608027 5.0101637243003285 5.044694119992629 5.07922451568493 5.113754911377232 5.148285307069532 5.182815702761893 5.217346098454193 5.229565271989282 5.217933244291328 5.206301216593375 5.194669188895421 5.1830371611974675 5.171405133499515 5.159773105801561 5.148141078103607 5.136509050405654 5.1248770227077 5.1132449950097465 5.101612967311773 5.261664646119343 5.605250091535549 5.948835536951755 6.292420982367961 6.636006427784166 6.9795918732003726 7.323177318616578 7.666762764032784 8.01034820944899 8.353933654865196 8.697519100281403 9.041104545697607 9.411130755232634
5.508141349252234 5.439041522320528 5.36994169538882 5.300841868457113 5.231742041525406 5.162642214593698 5.093542387661992 5.024442560730284 4.9553427337985765 4.886242906866752 4.817143079935044 4.748043253003337 4.726813367372727 4.756757531856557 4.786701696340388 4.816645860824219 4.84659002530805 4.87653418979188 4.906478354275712 4.936422518759542 4.966366683243374 4.996310847727204 5.026255012211086 5.056199176694917 5.064967886532829 5.051099556301751 5.037231226070673 5.023362895839595 5.009494565608517 4.995626235377439 4.9817579051463605 4.967889574915283 4.9540212446842045 4.940152914453127 4.926284584222048 4.912416253990947 5.107244356024388 5.52517366591799 5.943102975811591 6.3610322857051935 6.778961595598795 7.196890905492396 7.614820215385999 8.0327495252796 8.450678835173202 8.868608145066803 9.286537454960405 9.704466764854006 10.087468311507308
5.289730815370641 5.230176167483006 5.170621519595372 5.111066871707737 5.051512223820103 4.991957575932468 4.932402928044834 4.872848280157199 4.8132936322695645 4.753738984381829 4.694184336494194 4.63462968860656 4.61611498890663 4.641472922181991 4.666830855457351 4.692188788732712 4.7175467220080725 4.742904655283433 4.768262588558794 4.793620521834154 4.818978455109515 4.844336388384876 4.869694321660279 4.8950522549356394 4.900370501076376 4.8842658683121725 4.86816123554797 4.852056602783768 4.835951970019566 4.819847337255363 4.80374270449116 4.787638071726958 4.771533438962756 4.7554288061985535 4.739324173434351 4.723219540670121 4.952824065929435 5.445097240300432 5.937370414671429 6.429643589042427 6.921916763413424 7.414189937784421 7.906463112155419 8.398736286526416 8.891009460897413 9.383282635268412 9.875555809639408 10.367828984010405 10.763805867781983
5.071320281488955 5.021310812645397 4.971301343801839 4.921291874958281 4.871282406114724 4.821272937271166 4.771263468427608 4.72125399958405 4.671244530740492 4.621235061896849 4.571225593053292 4.521216124209734 4.505416610440486 4.526188312507375 4.546960014574263 4.567731716641152 4.58850341870804 4.609275120774928 4.630046822841817 4.650818524908705 4.671590226975593 4.692361929042482 4.713133631109406 4.733905333176294 4.7357731156198515 4.717432180322524 4.699091245025196 4.680750309727868 4.66240937443054 4.644068439133212 4.6257275038358845 4.607386568538556 4.589045633241228 4.5707046979439 4.552363762646572 4.534022827349213 4.798403775834413 5.365020814682838 5.931637853531263 6.498254892379688 7.0648719312281125 7.631488970076537 8.198106008924963 8.764723047773387 9.331340086621811 9.897957125470237 10.46457416431866 11.031191203167086 11.440143424056945
