Figures/CREST_Example_wjb_NSE/Rolling_result/20100722/BJP_forecast/ens_22/wjb.rain.20100724.asc
ncols            288
nrows            254
xllcorner        113.274861
yllcorner        31.4918055
cellsize         0.008333333333
NODATA_value     -9999
[rows 200 to 219 of 254, columns 220 to 263 of 288]
27.584210398201176 27.422629869330198 27.261049340459493 27.09946881158879 26.937888282718085 26.776307753847377 26.614727224976672 26.453146696105968 26.291566167235263 26.12998563836456 25.968405109493855 26.10729448044375 26.56739297492355 27.027491469403348 27.487589963883934 27.947688458363732 28.407786952843534 28.86788544732333 29.327983941803133 29.78808243628293 30.248180930762732 30.70827942524253 31.16837791972233 25.776803417850292 25.776803417850292 25.776803417850292 25.776803417850292 25.776803417850292 25.776803417850292 25.776803417850292 25.776803417850292 -9999.0 -9999.0 -9999.0 -9999.0 -9999.0 -9999.0 -9999.0 -9999.0 -9999.0 -9999.0 -9999.0 -9999.0 -9999.0
28.31774755212364 28.19618283164364 28.074618111163844 27.953053390684047 27.831488670204255 27.70992394972446 27.588359229244663 27.466794508764867 27.34522978828507 27.22366506780528 27.102100347325482 27.278787678369888 27.774313202918155 28.269838727466418 28.765364252015527 29.260889776563793 29.756415301112057 30.25194082566032 30.747466350208587 31.24299187475685 31.738517399305117 32.23404292385338 32.72956844840164 25.776803417850292 25.776803417850292 25.776803417850292 25.776803417850292 25.776803417850292 25.776803417850292 25.776803417850292 -9999.0 -9999.0 -9999.0 -9999.0 -9999.0 -9999.0 -9999.0 -9999.0 -9999.0 -9999.0 -9999.0 -9999.0 -9999.0 -9999.0
29.051284706046108 28.96973579395708 28.888186881868197 28.80663796977931 28.725089057690425 28.643540145601538 28.561991233512654 28.480442321423766 28.39889340933488 28.317344497245994 28.23579558515711 28.450280876296027 28.981233430912756 29.512185985529484 30.04313854014712 30.57409109476385 31.10504364938058 31.63599620399731 32.16694875861404 32.697901313230766 33.2288538678475 33.75980642246422 34.290758977080955 25.776803417850292 25.776803417850292 25.776803417850292 25.776803417850292 25.776803417850292 25.776803417850292 25.776803417850292 -9999.0 -9999.0 -9999.0 -9999.0 -9999.0 -9999.0 -9999.0 -9999.0 -9999.0 -9999.0 -9999.0 -9999.0 -9999.0 -9999.0
29.784821859968574 29.743288756270527 29.70175565257255 29.66022254887457 29.618689445176596 29.57715634147862 29.535623237780644 29.49409013408267 29.452557030384693 29.411023926686713 29.369490822988737 29.62177407422217 30.188153658907364 30.754533243592554 31.320912828278715 31.88729241296391 32.4536719976491 33.0200515823343 33.58643116701949 34.152810751704685 34.71919033638988 35.28556992107507 35.85194950576027 25.776803417850292 25.776803417850292 25.776803417850292 25.776803417850292 25.776803417850292 25.776803417850292 25.776803417850292 25.776803417850292 -9999.0 -9999.0 -9999.0 -9999.0 -9999.0 -9999.0 -9999.0 -9999.0 -9999.0 -9999.0 -9999.0 -9999.0 -9999.0
30.518359013891352 30.5168417185843 30.51532442327725 30.5138071279702 30.512289832663146 30.510772537356097 30.509255242049047 30.507737946741997 30.506220651434948 30.504703356127898 30.503186060820845 30.793267272148807 31.39507388690248 31.996880501656154 32.59868711641085 33.20049373116453 33.8023003459182 34.404106960671875 35.005913575425545 35.60772019017922 36.20952680493289 36.81133341968657 37.41314003444024 25.776803417850292 25.776803417850292 25.776803417850292 25.776803417850292 25.776803417850292 25.776803417850292 25.776803417850292 -9999.0 -9999.0 -9999.0 -9999.0 -9999.0 -9999.0 -9999.0 -9999.0 -9999.0 -9999.0 -9999.0 -9999.0 -9999.0 -9999.0
30.92088103609159 30.98553934397811 31.050197651864526 31.114855959750937 31.17951426763735 31.244172575523763 31.308830883410177 31.37348919129659 31.438147499183003 31.502805807069414 31.56746411495583 25.776803417850292 25.776803417850292 25.776803417850292 25.776803417850292 25.776803417850292 25.776803417850292 25.776803417850292 25.776803417850292 25.776803417850292 25.776803417850292 25.776803417850292 25.776803417850292 25.776803417850292 25.776803417850292 25.776803417850292 25.776803417850292 25.776803417850292 25.776803417850292 -9999.0 -9999.0 -9999.0 -9999.0 -9999.0 -9999.0 -9999.0 -9999.0 -9999.0 -9999.0 -9999.0 -9999.0 -9999.0 -9999.0 -9999.0
30.96956874577065 31.128365828689795 31.287162911608664 31.445959994527538 31.604757077446408 31.76355416036528 31.922351243284155 32.08114832620303 32.239945409121894 32.39874249204077 32.55753957495964 25.776803417850292 25.776803417850292 25.776803417850292 25.776803417850292 25.776803417850292 25.776803417850292 25.776803417850292 25.776803417850292 25.776803417850292 25.776803417850292 25.776803417850292 25.776803417850292 25.776803417850292 25.776803417850292 25.776803417850292 25.776803417850292 -9999.0 -9999.0 -9999.0 -9999.0 -9999.0 -9999.0 -9999.0 -9999.0 -9999.0 -9999.0 -9999.0 -9999.0 -9999.0 -9999.0 -9999.0 -9999.0 -9999.0
31.018256455449734 31.271192313401535 31.524128171352906 31.77706402930428 32.02999988725565 32.28293574520702 32.53587160315839 32.78880746110977 33.04174331906114 33.29467917701251 33.54761503496388 25.776803417850292 25.776803417850292 25.776803417850292 25.776803417850292 25.776803417850292 25.776803417850292 25.776803417850292 25.776803417850292 25.776803417850292 25.776803417850292 25.776803417850292 25.776803417850292 25.776803417850292 25.776803417850292 25.776803417850292 -9999.0 -9999.0 -9999.0 -9999.0 -9999.0 -9999.0 -9999.0 -9999.0 -9999.0 -9999.0 -9999.0 -9999.0 -9999.0 -9999.0 -9999.0 -9999.0 -9999.0 -9999.0
31.066944165128795 31.41401879811322 31.76109343109705 32.10816806408088 32.45524269706471 32.80231733004854 33.14939196303237 33.496466596016205 33.84354122900003 34.190615861983865 34.53769049496769 25.776803417850292 25.776803417850292 25.776803417850292 25.776803417850292 25.776803417850292 25.776803417850292 25.776803417850292 25.776803417850292 25.776803417850292 25.776803417850292 25.776803417850292 25.776803417850292 25.776803417850292 25.776803417850292 25.776803417850292 -9999.0 -9999.0 -9999.0 -9999.0 -9999.0 -9999.0 -9999.0 -9999.0 -9999.0 -9999.0 -9999.0 -9999.0 -9999.0 -9999.0 -9999.0 -9999.0 -9999.0 -9999.0
31.115631874807857 31.5568452828249 31.99805869084119 32.43927209885748 32.88048550687377 33.32169891489006 33.762912322906345 34.20412573092264 34.64533913893893 35.08655254695522 35.52776595497151 25.776803417850292 25.776803417850292 25.776803417850292 25.776803417850292 25.776803417850292 25.776803417850292 25.776803417850292 25.776803417850292 25.776803417850292 25.776803417850292 25.776803417850292 25.776803417850292 25.776803417850292 25.776803417850292 25.776803417850292 25.776803417850292 -9999.0 -9999.0 -9999.0 -9999.0 -9999.0 -9999.0 -9999.0 -9999.0 -9999.0 -9999.0 -9999.0 -9999.0 -9999.0 -9999.0 -9999.0 -9999.0 -9999.0
31.164319584486943 31.699671767536643 32.23502395058543 32.77037613363422 33.30572831668301 33.841080499731795 34.37643268278059 34.911784865829375 35.44713704887816 35.98248923192695 36.51784141497574 25.776803417850292 25.776803417850292 25.776803417850292 25.776803417850292 25.776803417850292 25.776803417850292 25.776803417850292 25.776803417850292 25.776803417850292 25.776803417850292 25.776803417850292 25.776803417850292 25.776803417850292 25.776803417850292 25.776803417850292 25.776803417850292 -9999.0 -9999.0 -9999.0 -9999.0 -9999.0 -9999.0 -9999.0 -9999.0 -9999.0 -9999.0 -9999.0 -9999.0 -9999.0 -9999.0 -9999.0 -9999.0 -9999.0
31.213007294166005 31.842498252248326 32.471989210329575 33.10148016841082 33.730971126492065 34.360462084573314 34.98995304265456 35.61944400073581 36.24893495881706 36.87842591689831 37.50791687497955 25.776803417850292 25.776803417850292 25.776803417850292 25.776803417850292 25.776803417850292 25.776803417850292 25.776803417850292 25.776803417850292 25.776803417850292 25.776803417850292 25.776803417850292 25.776803417850292 25.776803417850292 25.776803417850292 -9999.0 -9999.0 -9999.0 -9999.0 -9999.0 -9999.0 -9999.0 -9999.0 -9999.0 -9999.0 -9999.0 -9999.0 -9999.0 -9999.0 -9999.0 -9999.0 -9999.0 -9999.0 -9999.0
31.261695003845066 31.985324736960006 32.708954470073714 33.43258420318742 34.15621393630113 34.87984366941483 35.603473402528536 36.32710313564225 37.05073286875595 37.774362601869655 38.497992334983365 25.776803417850292 25.776803417850292 25.776803417850292 25.776803417850292 25.776803417850292 25.776803417850292 25.776803417850292 25.776803417850292 25.776803417850292 25.776803417850292 25.776803417850292 25.776803417850292 25.776803417850292 -9999.0 -9999.0 -9999.0 -9999.0 -9999.0 -9999.0 -9999.0 -9999.0 -9999.0 -9999.0 -9999.0 -9999.0 -9999.0 -9999.0 -9999.0 -9999.0 -9999.0 -9999.0 -9999.0 -9999.0
31.31038271352415 32.12815122167175 32.94591972981796 33.76368823796416 34.58145674611037 35.39922525425658 36.21699376240278 37.03476227054899 37.8525307786952 38.6702992868414 39.48806779498761 25.776803417850292 25.776803417850292 25.776803417850292 25.776803417850292 25.776803417850292 25.776803417850292 25.776803417850292 25.776803417850292 25.776803417850292 25.776803417850292 25.776803417850292 -9999.0 -9999.0 -9999.0 -9999.0 -9999.0 -9999.0 -9999.0 -9999.0 -9999.0 -9999.0 -9999.0 -9999.0 -9999.0 -9999.0 -9999.0 -9999.0 -9999.0 -9999.0 -9999.0 -9999.0 -9999.0 -9999.0
31.35907042320321 32.270977706383434 33.1828849895621 34.09479227274076 35.006699555919425 35.91860683909809 36.83051412227675 37.742421405455424 38.65432868863409 39.56623597181275 40.478143254991416 25.776803417850292 25.776803417850292 25.776803417850292 25.776803417850292 25.776803417850292 25.776803417850292 25.776803417850292 25.776803417850292 25.776803417850292 25.776803417850292 -9999.0 -9999.0 -9999.0 -9999.0 -9999.0 -9999.0 -9999.0 -9999.0 -9999.0 -9999.0 -9999.0 -9999.0 -9999.0 -9999.0 -9999.0 -9999.0 -9999.0 -9999.0 -9999.0 -9999.0 -9999.0 -9999.0 -9999.0
31.407758132882275 32.41380419109512 33.419850249306236 34.42589630751736 35.43194236572849 36.437988423939615 37.444034482150734 38.45008054036186 39.456126598572986 40.462172656784105 41.46821871499523 25.776803417850292 25.776803417850292 25.776803417850292 25.776803417850292 25.776803417850292 25.776803417850292 25.776803417850292 25.776803417850292 -9999.0 -9999.0 -9999.0 -9999.0 -9999.0 -9999.0 -9999.0 -9999.0 -9999.0 -9999.0 -9999.0 -9999.0 -9999.0 -9999.0 -9999.0 -9999.0 -9999.0 -9999.0 -9999.0 -9999.0 -9999.0 -9999.0 -9999.0 -9999.0 -9999.0
31.456445842561337 32.5566306758068 33.65681550905038 34.75700034229396 35.857185175537545 36.957370008781126 38.057554842024715 39.157739675268296 40.25792450851188 41.358109341755465 42.45829417499905 25.776803417850292 25.776803417850292 25.776803417850292 25.776803417850292 25.776803417850292 25.776803417850292 25.776803417850292 -9999.0 -9999.0 -9999.0 -9999.0 -9999.0 -9999.0 -9999.0 -9999.0 -9999.0 -9999.0 -9999.0 -9999.0 -9999.0 -9999.0 -9999.0 -9999.0 -9999.0 -9999.0 -9999.0 -9999.0 -9999.0 -9999.0 -9999.0 -9999.0 -9999.0 -9999.0
31.94485669888569 32.99502815702486 34.04519961516224 35.09537107329962 36.145542531437 37.19571398957438 38.245885447711764 39.29605690584914 40.34622836398652 41.396399822123904 42.44657128026128 25.776803417850292 25.776803417850292 25.776803417850292 25.776803417850292 25.776803417850292 25.776803417850292 25.776803417850292 -9999.0 -9999.0 -9999.0 -9999.0 -9999.0 -9999.0 -9999.0 -9999.0 -9999.0 -9999.0 -9999.0 -9999.0 -9999.0 -9999.0 -9999.0 -9999.0 -9999.0 -9999.0 -9999.0 -9999.0 -9999.0 -9999.0 -9999.0 -9999.0 -9999.0 -9999.0
32.90330388491551 33.749372404805285 34.595440924693605 35.44150944458194 36.28757796447026 37.13364648435859 37.97971500424691 38.82578352413525 39.67185204402357 40.5179205639119 41.36398908380022 25.776803417850292 25.776803417850292 25.776803417850292 25.776803417850292 25.776803417850292 25.776803417850292 25.776803417850292 -9999.0 -9999.0 -9999.0 -9999.0 -9999.0 -9999.0 -9999.0 -9999.0 -9999.0 -9999.0 -9999.0 -9999.0 -9999.0 -9999.0 -9999.0 -9999.0 -9999.0 -9999.0 -9999.0 -9999.0 -9999.0 -9999.0 -9999.0 -9999.0 -9999.0 -9999.0
33.86175107094533 34.5037166525857 35.14568223422498 35.78764781586425 36.42961339750352 37.07157897914279 37.71354456078207 38.35551014242134 38.997475724060614 39.63944130569989 40.28140688733916 25.776803417850292 25.776803417850292 25.776803417850292 25.776803417850292 25.776803417850292 25.776803417850292 -9999.0 -9999.0 -9999.0 -9999.0 -9999.0 -9999.0 -9999.0 -9999.0 -9999.0 -9999.0 -9999.0 -9999.0 -9999.0 -9999.0 -9999.0 -9999.0 -9999.0 -9999.0 -9999.0 -9999.0 -9999.0 -9999.0 -9999.0 -9999.0 -9999.0 -9999.0 -9999.0
