Figures/CREST_Example_wjb_NSE/Rolling_result/20100722/BJP_forecast/ens_22/wjb.rain.20100722.asc
ncols            288
nrows            254
xllcorner        113.274861
yllcorner        31.4918055
cellsize         0.008333333333
NODATA_value     -9999
[rows 80 to 99 of 254, columns 88 to 131 of 288]
22.7019172018232 22.62162992619283 22.541342650562463 22.46105537493196 22.38076809930159 22.300480823671222 22.220193548040854 22.139906272410485 22.059618996780117 21.979331721149748 21.89904444551938 21.559812128292958 20.943761706677112 20.327711285061266 19.71166086344542 19.095610441829574 18.479560020212677 17.86350959859683 17.247459176980986 16.63140875536514 16.015358333749294 15.399307912133448 14.783257490517602 14.543179894917106 14.705025752101939 14.866871609286772 15.028717466471605 15.190563323656438 15.35240918084127 15.514255038026379 15.676100895211212 15.837946752396045 15.999792609580878 16.16163846676571 16.32348432395054 16.662292084117055 17.190276120527095 17.718260156937134 18.246244193347177 18.774228229757217 19.30221226616726 19.8301963025773 20.35818033898824 20.88616437539828
23.51343020760205 23.402292228809042 23.291154250016035 23.18001627122284 23.06887829242983 22.957740313636823 22.846602334843816 22.73546435605081 22.624326377257802 22.513188398464795 22.402050419671788 22.012683721895392 21.325884232585473 20.639084743275554 19.952285253965634 19.265485764655715 18.578686275344623 17.891886786034704 17.205087296724784 16.518287807414865 15.831488318104945 15.144688828795024 14.457889339485105 14.169376931412307 14.306642419543316 14.443907907674323 14.58117339580533 14.718438883936336 14.855704372067345 14.992969860198587 15.130235348329593 15.267500836460602 15.404766324591609 15.542031812722616 15.679297300853623 16.04884128113704 16.666696222460494 17.28455116378395 17.902406105107403 18.52026104643086 19.138115987754315 19.75597092907777 20.37382587040228 20.991680811725733
24.324943213380898 24.182954531425253 24.040965849469607 23.898977167513717 23.75698848555807 23.614999803602426 23.47301112164678 23.331022439691132 23.189033757735487 23.04704507577984 22.905056393824193 22.465555315497827 21.708006758493834 20.95045820148984 20.192909644485848 19.435361087481855 18.67781253047657 17.920263973472576 17.162715416468583 16.40516685946459 15.647618302460595 14.890069745456602 14.132521188452609 13.79557396790751 13.90825908698469 14.020944206061873 14.133629325139056 14.246314444216239 14.358999563293422 14.471684682370796 14.584369801447979 14.69705492052516 14.809740039602342 14.922425158679525 15.035110277756708 15.435390478157029 16.143116324393898 16.850842170630767 17.558568016867632 18.2662938631045 18.97401970934137 19.68174555557824 20.389471401816316 21.09719724805318
25.13645621915975 24.963616834041463 24.79077744892318 24.617938063804598 24.445098678686314 24.272259293568027 24.099419908449743 23.92658052333146 23.753741138213172 23.58090175309489 23.4080623679766 22.918426909100262 22.090129284402195 21.26183165970413 20.433534035006062 19.605236410307995 18.776938785608515 17.948641160910448 17.120343536212378 16.29204591151431 15.463748286816244 14.635450662118176 13.80715303742011 13.421771004402709 13.509875754426066 13.597980504449424 13.686085254472781 13.774190004496138 13.862294754519496 13.950399504543004 14.03850425456636 14.126609004589717 14.214713754613076 14.302818504636432 14.39092325465979 14.821939675177017 15.619536426327299 16.41713317747758 17.21472992862786 18.012326679778145 18.809923430928425 19.60752018207871 20.40511693323035 21.202713684380633
25.947969224938603 25.744279136657678 25.540589048376752 25.336898960095482 25.133208871814556 24.92951878353363 24.72582869525271 24.522138606971783 24.318448518690857 24.114758430409935 23.91106834212901 23.371298502702697 22.472251810310556 21.573205117918416 20.674158425526276 19.775111733134132 18.87606504074046 17.977018348348317 17.077971655956176 16.178924963564036 15.279878271171894 14.380831578779754 13.481784886387612 13.04796804089791 13.111492421867442 13.175016802836975 13.238541183806506 13.302065564776038 13.36558994574557 13.429114326715212 13.492638707684744 13.556163088654277 13.619687469623807 13.68321185059334 13.746736231562872 14.208488872197004 15.0959565282607 15.983424184324395 16.87089184038809 17.75835949645179 18.645827152515484 19.53329480857918 20.42076246464439 21.308230120708085
26.38153208824687 26.164981611819375 25.948431135391875 25.73188065896401 25.51533018253651 25.298779706109013 25.082229229681513 24.865678753254013 24.649128276826517 24.432577800399017 24.21602732397152 23.64879944162123 22.706689483285178 21.764579524949127 20.822469566613076 19.880359608277026 18.938249649939365 17.996139691603315 17.054029733267264 16.111919774931213 15.169809816595162 14.22769985825911 13.285589899923059 12.824021914302273 12.87616416388372 12.928306413465165 12.980448663046612 13.032590912628057 13.084733162209504 13.136875411791038 13.189017661372485 13.24115991095393 13.293302160535378 13.345444410116823 13.39758665969827 13.83904778501844 14.69669959286758 15.554351400716717 16.412003208565853 17.26965501641499 18.12730682426413 18.98495863211327 19.842610439963867 20.700262247813004
26.411090078538283 26.20090972644949 25.990729374360697 25.780549022271543 25.57036867018275 25.360188318093957 25.150007966005163 24.939827613916368 24.729647261827573 24.51946690973878 24.309286557649987 23.73884020758316 22.78326135981894 21.82768251205472 20.8721036642905 19.91652481652628 18.96094596876043 18.005367120996212 17.049788273231993 16.094209425467774 15.138630577703553 14.183051729939333 13.227472882175114 12.76026329807632 12.815131500201955 12.869999702327592 12.924867904453228 12.979736106578864 13.0346043087045 13.08947251083023 13.144340712955866 13.199208915081503 13.254077117207139 13.308945319332775 13.363813521458411 13.730437699524122 14.430336066165417 15.130234432806713 15.830132799448009 16.530031166089305 17.2299295327306 17.929827899371894 18.629726266014384 19.32962463265568
26.440648068829695 26.236837841079605 26.03302761332952 25.82921738557908 25.62540715782899 25.421596930078902 25.217786702328812 25.013976474578726 24.810166246828636 24.606356019078547 24.402545791328457 23.828880973545093 22.859833236352706 21.890785499160316 20.92173776196793 19.95269002477554 18.9836422875815 18.01459455038911 17.045546813196722 16.076499076004332 15.107451338811945 14.138403601619556 13.169355864427168 12.696504681850366 12.754098836520193 12.81169299119002 12.869287145859845 12.926881300529672 12.984475455199497 13.042069609869422 13.09966376453925 13.157257919209075 13.214852073878902 13.272446228548729 13.330040383218554 13.621827614029803 14.163972539463256 14.706117464896709 15.248262390330162 15.790407315763616 16.332552241197067 16.874697166630522 17.4168420920649 17.95898701749835
26.470206059121107 26.272765955709723 26.075325852298338 25.87788574888662 25.680445645475235 25.48300554206385 25.285565438652466 25.08812533524108 24.890685231829696 24.69324512841831 24.495805025006927 23.918921739507027 22.93640511288647 21.95388848626591 20.971371859645355 19.988855233024797 19.006338606402565 18.023821979782007 17.04130535316145 16.058788726540893 15.076272099920336 14.09375547329978 13.111238846679223 12.632746065624412 12.693066172838428 12.753386280052444 12.81370638726646 12.874026494480479 12.934346601694495 12.994666708908614 13.05498681612263 13.115306923336647 13.175627030550663 13.235947137764681 13.296267244978697 13.513217528535483 13.897609012761095 14.282000496986704 14.666391981212316 15.050783465437927 15.435174949663539 15.81956643388915 16.203957918115417 16.588349402341027
26.49976404941252 26.30869407033984 26.11762409126716 25.926554112194154 25.735484133121474 25.544414154048795 25.353344174976115 25.162274195903436 24.971204216830753 24.780134237758073 24.589064258685394 24.008962505468958 23.01297698942023 22.016991473371505 21.02100595732278 20.025020441274055 19.02903492522363 18.033049409174907 17.03706389312618 16.041078377077454 15.04509286102873 14.049107344980003 13.053121828931278 12.568987449398458 12.632033509156665 12.695079568914872 12.758125628673078 12.821171688431285 12.884217748189492 12.947263807947806 13.010309867706013 13.073355927464219 13.136401987222426 13.199448046980633 13.262494106738838 13.404607443041163 13.631245486058932 13.8578835290767 14.08452157209447 14.311159615112238 14.537797658130007 14.764435701147775 14.99107374416593 15.217711787183699
26.52932203970393 26.344622184969957 26.159922330235982 25.975222475501692 25.790522620767717 25.60582276603374 25.421122911299765 25.23642305656579 25.051723201831816 24.867023347097838 24.682323492363864 24.099003271430888 23.089548865953994 22.080094460477103 21.070640055000208 20.061185649523313 19.051731244044696 18.0422768385678 17.032822433090907 16.023368027614012 15.01391362213712 14.004459216660226 12.995004811183332 12.505228833172504 12.5710008454749 12.636772857777299 12.702544870079695 12.768316882382091 12.83408889468449 12.899860906986998 12.965632919289396 13.031404931591792 13.097176943894189 13.162948956196587 13.228720968498983 13.295997357546845 13.36488195935677 13.433766561166697 13.502651162976624 13.57153576478655 13.640420366596476 13.709304968406403 13.778189570216446 13.847074172026373
26.558880029995343 26.380550299600074 26.202220569204805 26.02389083880923 25.845561108413957 25.667231378018688 25.48890164762342 25.310571917228145 25.132242186832876 24.953912456437607 24.775582726042334 24.189044037392822 23.16612074248776 22.143197447582697 21.120274152677634 20.09735085777257 19.074427562865765 18.051504267960702 17.02858097305564 16.005657678150577 14.982734383245512 13.95981108834045 12.936887793435387 12.441470216946552 12.509968181793138 12.578466146639725 12.646964111486312 12.7154620763329 12.783960041179487 12.85245800602619 12.920955970872777 12.989453935719364 13.057951900565952 13.126449865412539 13.194947830259126 13.187387272052526 13.09851843265461 13.009649593256693 12.920780753858777 12.831911914460862 12.743043075062946 12.65417423566503 12.565305396266963 12.476436556869047
26.588438020286784 26.416478414230223 26.244518808173662 26.072559202116807 25.900599596060246 25.728639990003686 25.556680383947125 25.384720777890564 25.212761171834003 25.040801565777443 24.868841959720882 24.27908480335483 23.24269261902159 22.206300434688345 21.169908250355103 20.133516066021862 19.09712388168685 18.060731697353607 17.024339513020365 15.987947328687122 14.951555144353879 13.915162960020636 12.878770775687393 12.377711600720543 12.448935518111321 12.520159435502102 12.591383352892882 12.66260727028366 12.73383118767444 12.80505510506534 12.87627902245612 12.9475029398469 13.018726857237679 13.08995077462846 13.16117469201924 13.078777186558112 12.832154905952219 12.585532625346328 12.338910344740434 12.092288064134543 11.845665783528649 11.599043502922758 11.352421222316444 11.105798941710551
26.617996010578196 26.452406528860337 26.28681704714248 26.121227565424345 25.955638083706486 25.79004860198863 25.624459120270775 25.45886963855292 25.293280156835063 25.127690675117208 24.96210119339935 24.36912556931676 23.319264495555352 22.26940342179394 21.219542348032526 20.169681274271117 19.119820200507917 18.069959126746504 17.02009805298509 15.97023697922368 14.920375905462269 13.870514831700858 12.820653757939446 12.313952984494588 12.387902854429559 12.461852724364528 12.535802594299497 12.609752464234468 12.683702334169437 12.757652204104533 12.831602074039504 12.905551943974473 12.979501813909444 13.053451683844413 13.127401553779382 12.970167101063794 12.56579137925006 12.161415657436326 11.75703993562259 11.352664213808854 10.94828849199512 10.543912770181386 10.139537048366961 9.735161326553225
26.647554000869608 26.488334643490454 26.329115286111303 26.16989592873188 26.01067657135273 25.85145721397358 25.692237856594428 25.533018499215274 25.373799141836123 25.214579784456973 25.055360427077822 24.459166335278695 23.395836372089114 22.332506408899533 21.269176445709956 20.205846482520375 19.142516519328982 18.0791865561394 17.015856592949824 15.952526629760243 14.889196666570662 13.825866703381083 12.762536740191502 12.250194368268636 12.326870190747796 12.403546013226956 12.480221835706114 12.556897658185274 12.633573480664435 12.710249303143726 12.786925125622885 12.863600948102045 12.940276770581205 13.016952593060365 13.093628415539525 12.861557015569476 12.299427852547899 11.737298689526321 11.175169526504744 10.613040363483167 10.05091120046159 9.488782037440012 8.926652874417476 8.364523711395899
26.67711199116102 26.52426275812057 26.371413525080126 26.218564292039417 26.065715058998972 25.912865825958523 25.760016592918078 25.607167359877632 25.454318126837183 25.301468893796738 25.148619660756292 24.54920710124063 23.47240824862288 22.39560939600513 21.318810543387382 20.242011690769633 19.165212838150048 18.0884139855323 17.01161513291455 15.934816280296802 14.858017427679053 13.781218575061304 12.704419722443555 12.18643575204268 12.265837527066031 12.34523930208938 12.424641077112732 12.504042852136081 12.583444627159432 12.662846402182916 12.742248177206267 12.821649952229617 12.901051727252968 12.980453502276317 13.059855277299668 12.752946930075156 12.033064325845736 11.313181721616317 10.593299117386898 9.873416513157478 9.153533908928058 8.433651304698639 7.713768700467992 6.993886096238573
26.706669981452432 26.560190872750688 26.413711764048948 26.267232655346955 26.12075354664521 25.97427443794347 25.82779532924173 25.681316220539987 25.534837111838247 25.388358003136503 25.241878894434763 24.639247867202563 23.548980125156646 22.45871238311073 21.36844464106481 20.27817689901889 19.187909156971116 18.0976414149252 17.007373672879282 15.917105930833364 14.826838188787447 13.73657044674153 12.646302704695612 12.122677135816728 12.204804863384268 12.286932590951809 12.369060318519349 12.45118804608689 12.53331577365443 12.615443501222108 12.697571228789649 12.779698956357189 12.861826683924729 12.94395441149227 13.02608213905981 12.644336844580836 11.766700799143575 10.889064753706313 10.011428708269051 9.13379266283179 8.256156617394527 7.3785205719572655 6.500884526518508 5.623248481081246
26.729126172312956 26.587928158948785 26.446730145584613 26.3055321322202 26.16433411885603 26.023136105491854 25.881938092127683 25.740740078763512 25.599542065399337 25.458344052035166 25.317146038670995 24.713698341094734 23.61609527931647 22.518492217538203 21.420889155759937 20.32328609398167 19.225683032201534 18.12807997042327 17.030476908645007 15.93287384686674 14.835270785088474 13.737667723310208 12.640064661531943 12.114030676936274 12.199016960590452 12.28400324424463 12.368989527898808 12.453975811552988 12.538962095207166 12.623948378861488 12.708934662515667 12.793920946169846 12.878907229824025 12.963893513478203 13.04887979713238 12.62800000950471 11.666337951622227 10.704675893739743 9.74301383585726 8.781351777974777 7.819689720092294 6.85802766220981 5.896365604325687 4.9347035464432025
26.74399098732687 26.60690996595774 26.469828944588606 26.33274792321924 26.19566690185011 26.058585880480976 25.921504859111845 25.784423837742715 25.64734281637358 25.51026179500445 25.37318077363532 24.771483775680785 23.673101793473702 22.57471981126662 21.47633782905953 20.377955846852448 19.27957386464349 18.18119188243641 17.08280990022932 15.984427918022238 14.886045935815154 13.78766395360807 12.689281971400986 12.164295639618787 12.252282224186269 12.34026880875375 12.428255393321232 12.516241977888711 12.604228562456193 12.692215147023823 12.780201731591305 12.868188316158786 12.956174900726268 13.044161485293749 13.132148069861229 12.710297461602165 11.743419364350931 10.776541267099697 9.809663169848463 8.842785072597227 7.875906975345994 6.90902887809476 5.942150780841877 4.975272683590642
26.75885580234077 26.625891772966675 26.492927743592578 26.359963714218257 26.226999684844163 26.094035655470066 25.961071626095972 25.828107596721875 25.69514356734778 25.562179537973684 25.42921550859959 24.829269210266784 23.730108307630882 22.63094740499498 21.53178650235908 20.432625599723174 19.3334646970854 18.2343037944495 17.135142891813594 16.035981989177692 14.93682108654179 13.83766018390589 12.738499281269988 12.21456060230126 12.305547487782041 12.396534373262822 12.487521258743604 12.578508144224385 12.669495029705164 12.760481915186102 12.851468800666883 12.942455686147664 13.033442571628445 13.124429457109224 13.215416342590006 12.79259491369955 11.820500777079568 10.848406640459586 9.876312503839607 8.904218367219627 7.932124230599646 6.9600300939796655 5.987935957358028 5.015841820738046
