Figures/CREST_Example_wjb_NSE/Rolling_result/20100722/BJP_forecast/ens_22/wjb.rain.20100725.asc
ncols            288
nrows            254
xllcorner        113.274861
yllcorner        31.4918055
cellsize         0.008333333333
NODATA_value     -9999
[rows 140 to 159 of 254, columns 225 to 269 of 288]
4.8357549488576765 4.5556982057697475 4.2756414626818176 3.995584719593888 3.715527976505958 3.4354712334180286 3.295306721250236 3.304690170157179 3.314073619064122 3.3234570679710806 3.332840516878023 3.342223965784966 3.351607414691909 3.3609908635988517 3.3703743125057946 3.3797577614127374 3.38914121031968 3.3985246592266227 3.431152642461226 3.488629559040013 3.5461064756187994 3.6035833921975864 3.6610603087764715 3.7185372253552584 3.7760141419340454 3.8334910585128323 3.890967975091619 3.9484448916704062 4.005921808249193 4.06339872482798 4.423798533147507 5.108029770123852 5.792261007100197 6.476492244076542 7.1607234810528855 7.844954718030397 8.529185955006742 9.213417191983087 9.897648428959432 10.581879665935777 11.266110902912121 11.950342139888466 1.8302257353434614 1.8302257353434614 1.8302257353434614
4.762042407166096 4.495555736046251 4.229069064926407 3.9625823938065627 3.6960957226867186 3.4296090515668745 3.300669474556138 3.3187708542909893 3.3368722340258405 3.354973613760723 3.373074993495574 3.3911763732304254 3.4092777529652767 3.427379132700128 3.4454805124349797 3.463581892169831 3.481683271904682 3.4997846516395335 3.5449476100383124 3.619040008576838 3.6931324071153635 3.767224805653889 3.8413172041925407 3.9154096027310663 3.989502001269592 4.063594399808117 4.1376867983466425 4.211779196885168 4.285871595423694 4.359963993962219 4.7630856808468645 5.51794712534036 6.272808569833854 7.027670014327349 7.782531458820844 8.537392903315627 9.29225434780912 10.047115792302616 10.80197723679611 11.556838681289605 12.311700125783101 13.066561570276596 1.8302257353434614 1.8302257353434614 1.8302257353434614
4.688329865474515 4.435413266322756 4.182496667170997 3.9295800680192383 3.6766634688674795 3.4237468697157207 3.3060322278620395 3.3328515384247996 3.3596708489875593 3.386490159550365 3.413309470113125 3.440128780675885 3.4669480912386446 3.4937674018014047 3.5205867123641648 3.5474060229269244 3.5742253334896845 3.601044644052444 3.6587425776153992 3.7494504581136634 3.8401583386119276 3.9308662191101917 4.0215740996086105 4.112281980106874 4.202989860605139 4.2936977411034025 4.384405621601667 4.475113502099931 4.565821382598195 4.656529263096459 5.102372828546223 5.927864480556868 6.753356132567513 7.5788477845781586 8.404339436588803 9.229831088600857 10.055322740611501 10.880814392622147 11.706306044632793 12.531797696643437 13.357289348654083 14.182781000664727 1.8302257353434614 1.8302257353434614 1.8302257353434614
4.614617323782934 4.375270796599261 4.135924269415587 3.8965777422319134 3.65723121504824 3.4178846878645666 3.311394981167941 3.3469322225586096 3.382469463949278 3.418006705340007 3.4535439467306754 3.489081188121344 3.5246184295120124 3.560155670902681 3.5956929122933494 3.631230153684018 3.666767395074686 3.7023046364653545 3.7725375451924856 3.8798609076504884 3.987184270108491 4.0945076325664935 4.20183099502468 4.309154357482682 4.416477719940685 4.523801082398688 4.63112444485669 4.738447807314693 4.8457711697726955 4.953094532230699 5.44165997624558 6.3377818357733755 7.233903695301171 8.130025554828968 9.026147414356764 9.922269273886087 10.818391133413883 11.714512992941678 12.610634852469474 13.50675671199727 14.402878571525065 15.29900043105286 1.8302257353434614 1.8302257353434614 1.8302257353434614
4.54090478209129 4.315128326875714 4.089351871660137 3.8635754164445606 3.637798961228984 3.4120225060134075 3.3167577344738475 3.361012906692432 3.4052680789110163 3.4495232511296763 3.4937784233482607 3.538033595566845 3.5822887677854296 3.626543940004014 3.6707991122225985 3.715054284441183 3.7593094566597673 3.803564628878352 3.8863325127696693 4.010271357187425 4.13421020160518 4.258149046022936 4.382087890440903 4.506026734858658 4.629965579276413 4.753904423694169 4.877843268111924 5.001782112529679 5.1257209569474345 5.2496598013651905 5.780947123945227 6.747699190990232 7.71445125803524 8.681203325080245 9.647955392125251 10.614707459171907 11.581459526216914 12.548211593261918 13.514963660306925 14.481715727351933 15.448467794396937 16.415219861441944 1.8302257353434614 1.8302257353434614 1.8302257353434614
4.519077887696088 4.314821968654228 4.110566049612368 3.906310130570508 3.7020542115286483 3.497798292486788 3.4166728543241556 3.4671766870690135 3.5176805198138714 3.5681843525588155 3.6186881853036734 3.6691920180485313 3.7196958507933893 3.770199683538247 3.820703516283105 3.871207349027963 3.921711181772821 3.972215014517679 4.07002993662201 4.218421484154165 4.36681303168632 4.515204579218475 4.663596126750883 4.8119876742830385 4.960379221815193 5.108770769347348 5.257162316879503 5.405553864411658 5.553945411943813 5.702336959475969 6.257636262505149 7.247929167493328 8.238222072481507 9.228514977469686 10.218807882457865 11.209100787447731 12.199393692435912 13.18968659742409 14.17997950241227 15.170272407400448 16.160565312388627 17.150858217376808 1.8302257353434614 1.8302257353434614 1.8302257353434614
4.552713479468372 4.378476641650869 4.204239803833366 4.030002966015864 3.855766128198361 3.681529290380858 3.617658493572961 3.6717714925506915 3.7258844915284217 3.7799974905062443 3.8341104894839746 3.888223488461705 3.942336487439435 3.9964494864171654 4.050562485394895 4.104675484372626 4.158788483350356 4.212901482328086 4.328448679688001 4.509670425702378 4.690892171716756 4.8721139177311334 5.053335663745821 5.234557409760198 5.415779155774576 5.597000901788953 5.778222647803331 5.959444393817709 6.140666139832087 6.321887885846465 6.881199467682353 7.844697642981407 8.80819581828046 9.771693993579513 10.735192168878566 11.698690344179264 12.662188519478317 13.625686694777372 14.589184870076423 15.552683045375478 16.516181220674532 17.479679395973584 1.8302257353434614 1.8302257353434614 1.8302257353434614
4.586349071240657 4.442131314647511 4.297913558054365 4.153695801461219 4.009478044868073 3.865260288274927 3.8186441328217673 3.8763662980323694 3.934088463242972 3.991810628453673 4.049532793664276 4.107254958874878 4.164977124085481 4.222699289296083 4.280421454506685 4.338143619717288 4.39586578492789 4.453587950138493 4.586867422753991 4.800919367250591 5.014971311747192 5.229023256243792 5.443075200740757 5.657127145237357 5.871179089733958 6.085231034230558 6.299282978727159 6.513334923223759 6.727386867720359 6.941438812216959 7.504762672859556 8.441466118469485 9.378169564079414 10.314873009689341 11.25157645529927 12.188279900910796 13.124983346520725 14.061686792130654 14.998390237740583 15.935093683350512 16.87179712896044 17.808500574570367 1.8302257353434614 1.8302257353434614 1.8302257353434614
4.619984663012941 4.505785987644152 4.391587312275363 4.277388636906574 4.163189961537785 4.048991286168996 4.019629772070573 4.080961103514047 4.142292434957522 4.203623766401101 4.2649550978445765 4.326286429288051 4.387617760731526 4.448949092175001 4.510280423618475 4.571611755061951 4.632943086505425 4.6942744179489 4.8452861658199815 5.092168308798804 5.339050451777627 5.58593259475645 5.832814737735695 6.0796968807145175 6.32657902369334 6.573461166672163 6.820343309650987 7.06722545262981 7.3141075956086326 7.560989738587455 8.12832587803676 9.038234593957563 9.948143309878368 10.858052025799172 11.767960741719975 12.67786945764233 13.587778173563134 14.497686889483937 15.40759560540474 16.317504321325544 17.22741303724635 18.13732175316715 1.8302257353434614 1.8302257353434614 1.8302257353434614
4.653620254785225 4.569440660640793 4.485261066496361 4.40108147235193 4.3169018782074975 4.232722284063065 4.220615411319378 4.285555908995725 4.350496406672072 4.41543690434853 4.480377402024877 4.5453178997012245 4.610258397377572 4.675198895053919 4.740139392730265 4.8050798904066125 4.87002038808296 4.934960885759307 5.103704908885972 5.3834172503470175 5.6631295918080635 5.942841933269109 6.222554274730632 6.502266616191677 6.781978957652722 7.061691299113768 7.341403640574814 7.621115982035859 7.900828323496905 8.18054066495795 8.751889083213962 9.635003069445641 10.51811705567732 11.401231041909 12.284345028140677 13.167459014373863 14.050573000605542 14.93368698683722 15.816800973068899 16.69991495930058 17.583028945532256 18.466142931763933 1.8302257353434614 1.8302257353434614 1.8302257353434614
4.687255846557539 4.633095333637489 4.57893482071744 4.52477430779739 4.470613794877341 4.416453281957291 4.421601050568356 4.490150714477577 4.5587003783868 4.62725004229614 4.695799706205362 4.7643493701145845 4.832899034023807 4.90144869793303 4.9699983618422525 5.038548025751474 5.107097689660697 5.17564735356992 5.362123651952183 5.674666191895479 5.987208731838775 6.299751271782072 6.612293811725901 6.924836351669198 7.237378891612494 7.54992143155579 7.862463971499086 8.175006511442383 8.487549051385678 8.800091591328975 9.375452288391699 10.23177154493423 11.08809080147676 11.94441005801929 12.800729314561822 13.657048571105813 14.513367827648345 15.369687084190875 16.226006340733406 17.082325597275936 17.938644853818467 18.794964110361 1.8302257353434614 1.8302257353434614 1.8302257353434614
4.720891438329823 4.69675000663413 4.672608574938438 4.648467143242745 4.624325711547053 4.60018427985136 4.622586689817161 4.694745519959255 4.76690435010135 4.839063180243568 4.9112220103856625 4.983380840527758 5.0555396706698525 5.127698500811947 5.199857330954043 5.272016161096137 5.344174991238232 5.416333821380326 5.620542395018173 5.965915133443692 6.311287871869212 6.65666061029473 7.002033348720838 7.347406087146357 7.692778825571875 8.038151563997394 8.383524302422913 8.728897040848432 9.074269779273951 9.419642517699469 9.999015493568901 10.828540020422308 11.658064547275714 12.487589074129119 13.317113600982525 14.146638127837345 14.976162654690752 15.805687181544158 16.635211708397563 17.46473623525097 18.294260762104376 19.123785288957784 1.8302257353434614 1.8302257353434614 1.8302257353434614
4.754527030102108 4.760404679630772 4.766282329159437 4.772159978688101 4.778037628216765 4.78391527774543 4.823572329065967 4.899340325440934 4.975108321815901 5.050876318190997 5.126644314565964 5.2024123109409315 5.278180307315898 5.353948303690865 5.429716300065833 5.5054842964408 5.581252292815766 5.657020289190734 5.878961138084164 6.2571640749919055 6.635367011899647 7.013569948807389 7.391772885715776 7.7699758226235165 8.148178759531259 8.526381696439 8.904584633346742 9.282787570254484 9.660990507162225 10.039193444069966 10.622578698746107 11.425308495910386 12.228038293074668 13.030768090238947 13.83349788740323 14.636227684568878 15.438957481733159 16.241687278897437 17.04441707606172 17.847146873226002 18.64987667039028 19.45260646755456 1.8302257353434614 1.8302257353434614 1.8302257353434614
4.788162621874392 4.824059352627414 4.8599560833804345 4.895852814133456 4.931749544886477 4.967646275639499 5.024557968314772 5.103935130922611 5.1833122935304505 5.262689456138426 5.342066618746265 5.421443781354104 5.500820943961944 5.580198106569783 5.659575269177623 5.738952431785462 5.818329594393301 5.89770675700114 6.137379881150155 6.548413016540119 6.9594461519300825 7.370479287320047 7.781512422710712 8.192545558100676 8.60357869349064 9.014611828880605 9.42564496427057 9.836678099660533 10.247711235050497 10.658744370440463 11.24614190392331 12.022076971398466 12.79801203887362 13.573947106348776 14.349882173823932 15.12581724130041 15.901752308775567 16.677687376250724 17.453622443725877 18.229557511201033 19.00549257867619 19.781427646151343 1.8302257353434614 1.8302257353434614 1.8302257353434614
4.821798213646677 4.887714025624055 4.953629837601433 5.019545649578812 5.08546146155619 5.151377273533569 5.225543607563578 5.30852993640429 5.391516265245002 5.474502594085855 5.5574889229265665 5.6404752517672785 5.7234615806079905 5.806447909448702 5.889434238289414 5.972420567130126 6.055406895970837 6.138393224811549 6.3957986242161455 6.839661958088333 7.28352529196052 7.727388625832706 8.17125195970565 8.615115293577837 9.058978627450024 9.502841961322211 9.946705295194398 10.390568629066586 10.83443196293877 11.278295296810958 11.869705109100515 12.618845446886544 13.367985784672575 14.117126122458606 14.866266460244637 15.615406798031945 16.364547135817975 17.113687473604006 17.862827811390037 18.611968149176068 19.3611084869621 20.110248824748126 1.8302257353434614 1.8302257353434614 1.8302257353434614
4.855433805418961 4.951368698620696 5.047303591822431 5.143238485024167 5.239173378225902 5.335108271427638 5.426529246812384 5.513124741885968 5.599720236959552 5.686315732033283 5.772911227106867 5.859506722180452 5.946102217254036 6.03269771232762 6.119293207401204 6.2058887024747875 6.292484197548371 6.379079692621955 6.654217367282136 7.130910899636546 7.607604431990955 8.084297964345366 8.560991496700588 9.037685029054996 9.514378561409407 9.991072093763815 10.467765626118226 10.944459158472636 11.421152690827045 11.897846223181453 12.493268314277717 13.215613922374622 13.93795953047153 14.660305138568434 15.382650746665341 16.10499635476348 16.827341962860384 17.54968757095729 18.272033179054194 18.9943787871511 19.716724395248008 20.439070003344913 1.8302257353434614 1.8302257353434614 1.8302257353434614
4.889069397191246 5.015023371617338 5.140977346043431 5.2669313204695225 5.392885294895615 5.518839269321708 5.62751488606119 5.717719547367646 5.807924208674103 5.898128869980713 5.988333531287169 6.0785381925936255 6.168742853900081 6.258947515206538 6.349152176512994 6.43935683781945 6.529561499125906 6.619766160432363 6.912636110348127 7.422159841184759 7.931683572021392 8.441207302858023 8.950731033695524 9.460254764532156 9.96977849536879 10.47930222620542 10.988825957042053 11.498349687878685 12.007873418715317 12.517397149551948 13.116831519454921 13.8123823978627 14.507933276270482 15.203484154678263 15.899035033086044 16.59458591149501 17.290136789902792 17.98568766831057 18.681238546718355 19.376789425126134 20.072340303533913 20.767891181941696 1.8302257353434614 1.8302257353434614 1.8302257353434614
4.945879731151041 5.09484755940005 5.24381538764906 5.392783215898069 5.5417510441470785 5.690718872396088 5.808253056182885 5.892183962592856 5.976114869002828 6.060045775412942 6.143976681822914 6.227907588232886 6.311838494642857 6.395769401052829 6.4797003074628 6.563631213872772 6.6475621202827435 6.731493026692716 7.028808105437005 7.554235694429765 8.079663283422525 8.605090872415284 9.13051846140894 9.655946050401699 10.181373639394458 10.706801228387217 11.232228817379976 11.757656406372735 12.283083995365496 12.808511584358255 1.8302257353434614 1.8302257353434614 1.8302257353434614 1.8302257353434614 1.8302257353434614 1.8302257353434614 1.8302257353434614 1.8302257353434614 1.8302257353434614 1.8302257353434614 1.8302257353434614 1.8302257353434614 1.8302257353434614 1.8302257353434614 1.8302257353434614
5.0274624036563225 5.19195593922055 5.356449474784779 5.520943010349007 5.685436545913236 5.8499300814774635 5.967347958135418 6.0344408899456345 6.101533821755852 6.1686267535661825 6.2357196853764 6.302812617186616 6.369905548996833 6.43699848080705 6.504091412617266 6.571184344427484 6.6382772762377 6.705370208047917 6.992927293664387 7.516165549980606 8.039403806296825 8.562642062613046 9.085880318930156 9.609118575246377 10.132356831562596 10.655595087878815 11.178833344195034 11.702071600511253 12.225309856827474 12.748548113143693 1.8302257353434614 1.8302257353434614 1.8302257353434614 1.8302257353434614 1.8302257353434614 1.8302257353434614 1.8302257353434614 1.8302257353434614 1.8302257353434614 1.8302257353434614 1.8302257353434614 1.8302257353434614 1.8302257353434614 1.8302257353434614 1.8302257353434614
5.109045076161604 5.289064319041051 5.469083561920497 5.649102804799944 5.829122047679391 6.009141290558837 6.12644286008795 6.176697817298413 6.226952774508875 6.277207731719423 6.327462688929884 6.377717646140347 6.427972603350809 6.478227560561271 6.528482517771733 6.578737474982195 6.628992432192657 6.67924738940312 6.957046481891769 7.478095405531449 7.999144329171128 8.520193252810808 9.041242176451377 9.562291100091056 10.083340023730734 10.604388947370413 11.125437871010094 11.646486794649773 12.167535718289454 12.688584641929133 1.8302257353434614 1.8302257353434614 1.8302257353434614 1.8302257353434614 1.8302257353434614 1.8302257353434614 1.8302257353434614 1.8302257353434614 1.8302257353434614 1.8302257353434614 1.8302257353434614 1.8302257353434614 1.8302257353434614 1.8302257353434614 1.8302257353434614
