Figures/CREST_Example_wjb_NSE/Rolling_result/20100722/BJP_forecast/ens_35/wjb.rain.20100725.asc
ncols            288
nrows            254
xllcorner        113.274861
yllcorner        31.4918055
cellsize         0.008333333333
NODATA_value     -9999
[rows 110 to 131 of 254, columns 150 to 199 of 288]
3.950690383145218 3.831318943148681 3.711947503152144 3.5925760631556063 3.473204623159069 3.353833183162532 3.2344617431657916 3.1150903031692545 2.9957188631727174 2.815868595656564 2.571365093433383 2.3268615912102018 2.08235808898702 1.8378545867638387 1.5933510845406573 1.348847582317476 1.1043440800942945 0.8598405778711129 0.6153370756479317 0.3708335734243331 0.12633007120115192 0.0 0.0 0.0 0.0 0.0 0.0 0.0 0.0 0.0 0.0 0.0 0.0 0.0 0.0 0.0 0.0 0.0 0.0 0.0 0.0 0.0 0.0 0.0 0.0 0.0 0.0 0.0 0.0 0.0
3.5750302034735166 3.467009462278405 3.358988721083293 3.2509679798881814 3.1429472386930692 3.0349264974979575 2.9269057563026615 2.8188850151075497 2.7108642739124376 2.548115468990611 2.326861125944109 2.105606782897607 1.8843524398511056 1.6630980968046036 1.441843753758102 1.2205894107116002 0.9993350676650983 0.7780807246185966 0.5568263815720949 0.33557203852521544 0.11431769547871395 0.0 0.0 0.0 0.0 0.0 0.0 0.0 0.0 0.0 0.0 0.0 0.0 0.0 0.0 0.0 0.0 0.0 0.0 0.0 0.0 0.0 0.0 0.0 0.0 0.0 0.0 0.0 0.0 0.0
3.1993700238021354 3.102699981408439 3.0060299390147427 2.9093598966210465 2.81268985422735 2.716019811833654 2.619349769439793 2.5226797270460963 2.4260096846524 2.280362342324885 2.082357158455043 1.884351974585201 1.686346790715359 1.488341606845517 1.2903364229756753 1.0923312391058333 0.8943260552359913 0.6963208713661493 0.4983156874963073 0.30031050362612755 0.10230531975628576 0.0 0.0 0.0 0.0 0.0 0.0 0.0 0.0 0.0 0.0 0.0 0.0 0.0 0.0 0.0 0.0 0.0 0.0 0.0 0.0 0.0 0.0 0.0 0.0 0.0 0.0 0.0 0.0 0.0
2.823709844130754 2.7383905005384737 2.6530711569461927 2.567751813353912 2.4824324697616316 2.397113126169351 2.311793782576925 2.2264744389846443 2.1411550953923637 2.0126092156591597 1.8378531909659774 1.6630971662727951 1.488341141579613 1.313585116886431 1.138829092193249 0.9640730675000666 0.7893170428068845 0.6145610181137022 0.43980499342052015 0.2650489687270401 0.09029294403385801 0.0 0.0 0.0 0.0 0.0 0.0 0.0 0.0 0.0 0.0 0.0 0.0 0.0 0.0 0.0 0.0 0.0 0.0 0.0 0.0 0.0 0.0 0.0 0.0 0.0 0.0 0.0 0.0 0.0
2.4480496644593726 2.3740810196685076 2.3001123748776426 2.2261437300867777 2.1521750852959127 2.0782064405050478 2.0042377957140567 1.9302691509231915 1.8563005061323266 1.7448560889934341 1.5933492234769118 1.4418423579603894 1.2903354924438672 1.1388286269273449 0.9873217614108224 0.8358148958943 0.6843080303777778 0.5328011648612554 0.381294299344733 0.2297874338279522 0.07828056831142982 0.0 0.0 0.0 0.0 0.0 0.0 0.0 0.0 0.0 0.0 0.0 0.0 0.0 0.0 0.0 0.0 0.0 0.0 0.0 0.0 0.0 0.0 0.0 0.0 0.0 0.0 0.0 0.0 0.0
2.0723894847879913 2.009771538798542 1.9471535928090926 1.8845356468196433 1.8219177008301939 1.7592997548407445 1.6966818088511886 1.634063862861739 1.5714459168722896 1.4771029623277088 1.348845255987846 1.2205875496479837 1.092329843308121 0.9640721369682586 0.835814430628396 0.7075567242885334 0.5792990179486709 0.45104131160880834 0.3227836052689457 0.19452589892886452 0.06626819258900185 0.0 0.0 0.0 0.0 0.0 0.0 0.0 0.0 0.0 0.0 0.0 0.0 0.0 0.0 0.0 0.0 0.0 0.0 0.0 0.0 0.0 0.0 0.0 0.0 0.0 0.0 0.0 0.0 0.0
1.6967293051166101 1.6454620579285764 1.5941948107405426 1.5429275635525088 1.4916603163644753 1.4403930691764415 1.3891258219883202 1.3378585748002867 1.286591327612253 1.2093498356619834 1.1043412884987807 0.9993327413355778 0.8943241941723751 0.7893156470091722 0.6843070998459696 0.5792985526827669 0.474290005519564 0.3692814583563613 0.26427291119315854 0.15926436402977684 0.0542558168665741 0.0 0.0 0.0 0.0 0.0 0.0 0.0 0.0 0.0 0.0 0.0 0.0 0.0 0.0 0.0 0.0 0.0 0.0 0.0 0.0 0.0 0.0 0.0 0.0 0.0 0.0 0.0 0.0 0.0
1.321069125445229 1.2811525770586107 1.2412360286719926 1.2013194802853744 1.1614029318987564 1.1214863835121383 1.0815698351254521 1.041653286738834 1.0017367383522158 0.9415967089962579 0.8598373210097149 0.778077933023172 0.696318545036629 0.6145591570500861 0.5327997690635431 0.4510403810770002 0.36928099309045725 0.28752160510391434 0.20576221711737142 0.12400282913068905 0.04224344114414602 0.0 0.0 0.0 0.0 0.0 0.0 0.0 0.0 0.0 0.0 0.0 0.0 0.0 0.0 0.0 0.0 0.0 0.0 0.0 0.0 0.0 0.0 0.0 0.0 0.0 0.0 0.0 0.0 0.0
0.9454089457735273 0.9168430961883345 0.8882772466031417 0.8597113970179487 0.8311455474327559 0.8025796978475631 0.7740138482623216 0.7454479986771287 0.7168821490919359 0.673843582330304 0.6153333535204407 0.5568231247105774 0.49831289590071415 0.4398026670908508 0.3812924382809875 0.32278220947112424 0.26427198066126095 0.2057617518513976 0.14725152304153433 0.08874129423157129 0.030231065421707948 0.0 0.0 0.0 0.0 0.0 0.0 0.0 0.0 0.0 0.0 0.0 0.0 0.0 0.0 0.0 0.0 0.0 0.0 0.0 0.0 0.0 0.0 0.0 0.0 0.0 0.0 0.0 0.0 0.0
0.569748766102146 0.5525336153183688 0.5353184645345915 0.5181033137508144 0.5008881629670372 0.48367301218326 0.46645786139945344 0.4492427106156763 0.4320275598318991 0.4060904556645786 0.37082938603137505 0.3355683163981716 0.3003072467649681 0.2650461771317646 0.2297851074985611 0.19452403786535763 0.15926296823215413 0.12400189859895061 0.08874082896574714 0.0534797593324835 0.018218689699280033 0.0 0.0 0.0 0.0 0.0 0.0 0.0 0.0 0.0 0.0 0.0 0.0 0.0 0.0 0.0 0.0 0.0 0.0 0.0 0.0 0.0 0.0 0.0 0.0 0.0 0.0 0.0 0.0 0.0
0.19408858643076465 0.18822413444840308 0.18235968246604153 0.17649523048367996 0.17063077850131841 0.16476632651895684 0.15890187453658527 0.1530374225542237 0.14717297057186213 0.1383373289988531 0.12632541854230941 0.11431350808576572 0.10230159762922204 0.09028968717267837 0.07827777671613469 0.06626586625959101 0.05425395580304733 0.04224204534650364 0.03023013488995996 0.018218224433395797 0.006206313976852118 0.0 0.0 0.0 0.0 0.0 0.0 0.0 0.0 0.0 0.0 0.0 0.0 0.0 0.0 0.0 0.0 0.0 0.0 0.0 0.0 0.0 0.0 0.0 0.0 0.0 0.0 0.0 0.0 0.0
0.0 0.0 0.0 0.0 0.0 0.0 0.0 0.0 0.0 0.01775740177448486 0.054497867735199365 0.09123833369591387 0.12797879965662837 0.16471926561734287 0.20145973157805738 0.2382001975387719 0.2749406634994864 0.31168112946020093 0.34842159542091544 0.38516206138169257 0.4219025273424071 0.44051717549698094 0.4397549143562498 0.43899265321551867 0.43823039207478753 0.4374681309340564 0.43670586979332526 0.43594360865259413 0.435181347511863 0.43441908637113186 0.4336568252304007 0.4328945640896696 0.4321323029489371 0.4229558825762923 0.40478453561387073 0.3866131886514491 0.36844184168902755 0.350270494726606 0.3320991477641844 0.31392780080176286 0.29575645383934124 0.27758510687691973 0.2594137599144981 0.24124241295207655 0.22307106598965495 0.20896019768074134 0.19919007292942578 0.1894199481781102 0.17964982342679464 0.16987969867547908
0.0 0.0 0.0 0.0 0.0 0.0 0.0 0.0 0.0 0.054496346573299645 0.16725052039261112 0.2800046942119226 0.3927588680312341 0.5055130418505456 0.6182672156698571 0.7310213894891685 0.84377556330848 0.9565297371277915 1.069283910947103 1.1820380847666068 1.2947922585859182 1.3519194402566794 1.3495801088706922 1.347240777484705 1.3449014460987179 1.342562114712731 1.3402227833267437 1.3378834519407565 1.3355441205547693 1.3332047891687822 1.3308654577827952 1.328526126396808 1.3261867950108168 1.2980249393924743 1.2422582211335733 1.186491502874672 1.130724784615771 1.0749580663568699 1.0191913480979689 0.9634246298390676 0.9076579115801665 0.8518911933212654 0.7961244750623643 0.7403577568034632 0.684591038544562 0.6412856732901873 0.6113017763623658 0.5813178794345445 0.5513339825067232 0.5213500855789017
0.0 0.0 0.0 0.0 0.0 0.0 0.0 0.0 0.0 0.09123529137211442 0.28000317305002287 0.4687710547279313 0.6575389364058397 0.8463068180837482 1.0350746997616567 1.223842581439565 1.4126104631174734 1.601378344795382 1.7901462264732904 1.9789141081515207 2.167681989829429 2.2633217050163776 2.2594053033851345 2.2554889017538917 2.2515725001226485 2.2476560984914054 2.243739696860162 2.239823295228919 2.235906893597676 2.2319904919664326 2.2280740903351894 2.2241576887039463 2.2202412870726964 2.1730939962086566 2.079731906653276 1.9863698170978954 1.8930077275425148 1.7996456379871342 1.7062835484317536 1.612921458876373 1.5195593693209923 1.4261972797656117 1.3328351902102313 1.2394731006548505 1.1461110110994701 1.073611148899634 1.0234134797953067 0.9732158106909795 0.9230181415866523 0.8728204724823251
0.0 0.0 0.0 0.0 0.0 0.0 0.0 0.0 0.0 0.1279742361709606 0.3927558257075309 0.6575374152441013 0.9223190047806715 1.187100594317242 1.4518821838538123 1.7166637733903827 1.9814453629269528 2.246226952463523 2.5110085420000936 2.7757901315371156 3.0405717210736856 3.1747239697768546 3.1692304979003536 3.163737026023853 3.158243554147352 3.1527500822708516 3.1472566103943507 3.14176313851785 3.1362696666413497 3.1307761947648487 3.125282722888348 3.1197892510118472 3.1142957791353374 3.0481630530255837 2.9172055921736915 2.7862481313217993 2.6552906704699075 2.5243332096180153 2.393375748766123 2.2624182879142314 2.131460827062339 2.000503366210447 1.869545905358555 1.738588444506663 1.607630983654771 1.505936624509449 1.4355251832285987 1.3651137419477486 1.2947023006668983 1.224290859386048
0.0 0.0 0.0 0.0 0.0 0.0 0.0 0.0 0.0 0.16471318096977539 0.5055084783649427 0.8463037757601101 1.1870990731552773 1.5278943705504446 1.868689667945612 2.2094849653407795 2.5502802627359467 2.891075560131114 3.2318708575262813 3.5726661549220298 3.9134614523171973 4.086126234536553 4.079055692414796 4.071985150293039 4.064914608171282 4.057844066049526 4.050773523927769 4.043702981806012 4.036632439684255 4.029561897562498 4.022491355440742 4.015420813318985 4.008350271197216 3.9232321098417646 3.754679277693393 3.586126445545022 3.4175736133966503 3.2490207812482788 3.0804679490999076 2.911915116951536 2.7433622848031645 2.574809452654793 2.4062566205064213 2.23770378835805 2.0691509562096786 1.9382621001188953 1.8476368866615391 1.7570116732041832 1.666386459746827 1.575761246289471
0.0 0.0 0.0 0.0 0.0 0.0 0.0 0.0 0.0 0.20145212576859017 0.6182611310223545 1.0350701362761188 1.451879141529883 1.8686881467836476 2.285497152037412 2.702306157291176 3.1191151625449405 3.5359241677987048 3.952733173052469 4.369542178306944 4.786351183560709 4.997528499296252 4.988880886929239 4.980233274562226 4.9715856621952135 4.9629380498282005 4.954290437461188 4.945642825094175 4.936995212727162 4.928347600360149 4.919699987993136 4.911052375626123 4.902404763259095 4.798301166657946 4.5921529632130955 4.3860047597682446 4.179856556323394 3.9737083528785426 3.7675601494336917 3.5614119459888407 3.3552637425439897 3.1491155390991388 2.942967335654288 2.736819132209437 2.530670928764586 2.3705875757283414 2.2597485900944796 2.1489096044606177 2.038070618826756 1.927231633192894
0.0 0.0 0.0 0.0 0.0 0.0 0.0 0.0 0.0 0.238191070567405 0.7310137836797664 1.2238364967921278 1.716659209904489 2.2094819230168508 2.702304636129212 3.1951273492415733 3.6879500623539347 4.180772775466296 4.673595488578657 5.166418201691859 5.65924091480422 5.908930764055952 5.898706081443683 5.888481398831414 5.878256716219144 5.868032033606875 5.857807350994606 5.847582668382337 5.837357985770068 5.827133303157799 5.81690862054553 5.806683937933261 5.796459255320975 5.673370223474128 5.429626648732798 5.185883073991468 4.942139499250137 4.698395924508807 4.454652349767477 4.210908775026146 3.9671652002848155 3.723421625543485 3.4796780508021548 3.235934476060824 2.9921909013194936 2.8029130513377885 2.6718602935274207 2.540807535717053 2.4097547779066852 2.2787020200963175
0.0 0.0 0.0 0.0 0.0 0.0 0.0 0.0 0.0 0.2749300153662198 0.8437664363371782 1.4126028573081366 1.981439278279095 2.5502756992500535 3.1191121202210117 3.68794854119197 4.256784962162929 4.825621383133887 5.394457804104845 5.9632942250767735 6.532130646047732 6.82033302881565 6.808531275958124 6.796729523100599 6.784927770243074 6.773126017385549 6.7613242645280245 6.7495225116704995 6.737720758812974 6.725919005955449 6.714117253097924 6.702315500240399 6.6905137473828535 6.548439280290309 6.2671003342525 5.98576138821469 5.70442244217688 5.42308349613907 5.14174455010126 4.86040560406345 4.57906665802564 4.2977277119878305 4.016388765950021 3.735049819912211 3.4537108738744013 3.2352385269472346 3.083971996960361 2.9327054669734878 2.781438936986614 2.6301724069997405
0.0 0.0 0.0 0.0 0.0 0.0 0.0 0.0 0.0 0.31166896016503465 0.95651908899459 1.6013692178241454 2.246219346653701 2.891069475483256 3.535919604312812 4.180769733142367 4.825619861971923 5.470469990801478 6.115320119631034 6.760170248461689 7.405020377291244 7.731735293575349 7.718356470472568 7.704977647369787 7.691598824267005 7.678220001164224 7.664841178061443 7.651462354958661 7.63808353185588 7.624704708753099 7.611325885650317 7.5979470625475365 7.5845682394447325 7.42350833710649 7.104574019772201 6.785639702437912 6.466705385103623 6.147771067769334 5.828836750435045 5.509902433100756 5.190968115766466 4.872033798432177 4.553099481097887 4.234165163763598 3.915230846429309 3.667564002556681 3.4960837003933016 3.3246033982299226 3.153123096066543 2.9816427939031636
0.0 0.0 0.0 0.0 0.0 0.0 0.0 0.0 0.0 0.3484079049638494 1.0692717416520017 1.7901355783401542 2.5109994150283064 3.231863251716459 3.9527270884046115 4.673590925092764 5.394454761780916 6.115318598469068 6.8361824351572205 7.557046271846603 8.277910108534755 8.643137558335047 8.62818166498701 8.613225771638973 8.598269878290935 8.583313984942897 8.56835809159486 8.553402198246824 8.538446304898786 8.523490411550748 8.50853451820271 8.493578624854674 8.478622731506611 8.29857739392267 7.942047705291903 7.585518016661134 7.228988328030365 6.872458639399596 6.515928950768828 6.159399262138059 5.802869573507291 5.446339884876522 5.089810196245754 4.733280507614985 4.376750818984217 4.099889478166128 3.9081954038262423 3.7165013294863574 3.524807255146472 3.3331131808065866
0.0 0.0 0.0 0.0 0.0 0.0 0.0 0.0 0.0 0.38514684976269553 1.1820243943095097 1.978901938856324 2.775779483403138 3.5726570279499525 4.369534572496766 5.166412117043581 5.963289661590395 6.76016720613721 7.557044750684024 8.353922295232197 9.15079983977901 9.554539823095523 9.538006859502229 9.521473895908933 9.50494093231564 9.488407968722344 9.47187500512905 9.455342041535754 9.43880907794246 9.422276114349165 9.405743150755871 9.389210187162575 9.372677223569253 9.1736464507396 8.77952139081232 8.38539633088504 7.99127127095776 7.597146211030479 7.203021151103199 6.808896091175919 6.414771031248639 6.0206459713213585 5.626520911394079 5.232395851466799 4.838270791539518 4.532214953775942 4.320307107259534 4.108399260743126 3.896491414226718 3.6845835677103094
