Figures/CREST_Example_wjb_NSE/Rolling_result/20100722/BJP_forecast/ens_35/wjb.rain.20100724.asc
ncols            288
nrows            254
xllcorner        113.274861
yllcorner        31.4918055
cellsize         0.008333333333
NODATA_value     -9999
[rows 132 to 153 of 254, columns 51 to 101 of 288]
0.3710969498729817 0.3723741977736496 0.3736514456743153 0.37492869357498104 0.37620594147564673 0.3774831893763124 0.37876043727697817 0.38003768517764386 0.38131493307830955 0.3825921809789753 0.383869428879641 0.3851466767803067 0.4777944496162744 0.6681193789947362 0.8584443083735225 1.0487692377519842 1.239094167130446 1.4294190965089077 1.6197440258873694 1.8100689552658313 2.0003938846442932 2.190718814022755 2.3810437434012166 2.5713686727796783 2.6008677070522697 2.4584402237337963 2.3160127404153226 2.173585257096606 2.0311577737781326 1.8887302904596588 1.7463028071411852 1.6038753238227117 1.461447840504238 1.3190203571857644 1.1765928738672908 1.034165390548817 0.9624494401453443 0.966325717118734 0.9702019940921238 0.9740782710655136 0.9779545480389099 0.9818308250122997 0.9857071019856894 0.9895833789590792 0.993459655932469 0.9973359329058588 1.0012122098792486 1.0050884868526384 0.9674850063569467 0.8855387272413211 0.8035924481256955
0.36088418463126815 0.3620314457631275 0.3631787068949849 0.3643259680268423 0.3654732291586997 0.3666204902905571 0.3677677514224145 0.3689150125542719 0.3700622736861293 0.3712095348179867 0.3723567959498441 0.37350405708170153 0.46686829856450746 0.6588145765628501 0.8507608545615202 1.0427071325598627 1.2346534105582054 1.4265996885565482 1.618545966554891 1.8104922445532337 2.0024385225515764 2.194384800549919 2.386331078548262 2.5782773565466046 2.6074269153754934 2.4625431011357617 2.31765928689603 2.172775472656051 2.027891658416319 1.8830078441765874 1.7381240299368557 1.593240215697124 1.4483564014573922 1.3034725872176605 1.1585887729779287 1.013704958738197 0.9407271094345752 0.9446183623428506 0.9485096152511261 0.9524008681594016 0.9562921210676838 0.9601833739759593 0.9640746268842348 0.9679658797925104 0.9718571327007859 0.9757483856090614 0.9796396385173369 0.9835308914256123 0.9458471009001137 0.8637186489039442 0.7815901969077746
0.3295483472645477 0.3305959908742875 0.3316436344840255 0.33269127809376353 0.33373892170350156 0.3347865653132395 0.33583420892297755 0.3368818525327156 0.3379294961424536 0.3389771397521916 0.34002478336192965 0.3410724269716677 0.42632978316671377 0.6016092256354004 0.776888668104386 0.9521681105730726 1.1274475530417591 1.302726995510446 1.4780064379791324 1.653285880447819 1.8285653229165058 2.0038447653851925 2.179124207853879 2.3544036503225656 2.3810221316654543 2.2487186848494853 2.1164152380335164 1.9841117912173218 1.8518083444013527 1.7195048975853835 1.5872014507694145 1.4548980039534456 1.3225945571374764 1.1902911103215075 1.0579876635055385 0.9256842166895694 0.8590430873491343 0.8625964599249394 0.8661498325007445 0.8697032050765497 0.873256577652361 0.8768099502281661 0.8803633228039713 0.8839166953797765 0.8874700679555817 0.8910234405313868 0.8945768131071921 0.8981301856829972 0.8637185062157183 0.7887213276987731 0.713724149181828
0.29821250989782727 0.2991605359854475 0.30010856207306613 0.30105658816068476 0.3020046142483034 0.302952640335922 0.30390066642354063 0.30484869251115926 0.3057967185987779 0.3067447446863965 0.30769277077401513 0.30864079686163376 0.38579126776892014 0.5444038747079507 0.7030164816472517 0.8616290885862824 1.0202416955253129 1.1788543024643436 1.337466909403374 1.4960795163424048 1.6546921232814356 1.813304730220466 1.9719173371594967 2.130529944098527 2.1546173479554156 2.0348942685632094 1.9151711891710028 1.7954481097785924 1.675725030386386 1.5560019509941796 1.4362788716019734 1.3165557922097668 1.1968327128175607 1.0771096334253543 0.9573865540331479 0.8376634746409415 0.7773590652636931 0.780574557507028 0.7837900497503629 0.7870055419936977 0.790221034237038 0.7934365264803729 0.7966520187237077 0.7998675109670426 0.8030830032103774 0.8062984954537122 0.8095139876970471 0.8127294799403819 0.7815899115313227 0.7137240064936019 0.6458581014558812
0.2668766725311068 0.2677250810966075 0.26857348966210676 0.269421898227606 0.2702703067931052 0.27111871535860443 0.27196712392410366 0.27281553248960294 0.27366394105510217 0.2745123496206014 0.2753607581861006 0.27620916675159984 0.3452527523711264 0.48719852378050094 0.6291442951901176 0.7710900665994921 0.9130358380088666 1.0549816094182412 1.1969273808276157 1.3388731522369903 1.4808189236463647 1.6227646950557393 1.7647104664651139 1.9066562378744885 1.928212564245377 1.821069852276933 1.7139271403084895 1.6067844283398631 1.4996417163714195 1.392499004402976 1.2853562924345323 1.1782135804660885 1.071070868497645 0.9639281565292013 0.8567854445607577 0.7496427325923141 0.6956750431782522 0.6985526550891168 0.7014302669999813 0.7043078789108458 0.7071854908217152 0.7100631027325797 0.7129407146434442 0.7158183265543088 0.7186959384651732 0.7215735503760378 0.7244511622869022 0.7273287741977668 0.6994613168469273 0.6387266852884309 0.5779920537299345
0.23554083516435967 0.23628962620774072 0.2370384172511205 0.23778720829450023 0.23853599933788 0.23928479038125977 0.24003358142463954 0.24078237246801928 0.24153116351139906 0.24227995455477883 0.24302874559815857 0.24377753664153834 0.30471423697329814 0.4299931728530024 0.5552721087329203 0.6805510446126246 0.8058299804923288 0.9311089163720331 1.0563878522517371 1.1816667881314415 1.306945724011146 1.4322246598908501 1.5575035957705543 1.6827825316502585 1.701807780535145 1.6072454359904746 1.5126830914458045 1.4181207469009731 1.3235584023563027 1.2289960578116326 1.1344337132669624 1.039871368722292 0.9453090241776219 0.8507466796329516 0.7561843350882813 0.6616219905436111 0.6139910210927416 0.6165307526711356 0.6190704842495294 0.6216102158279233 0.6241499474063215 0.6266896789847154 0.6292294105631092 0.6317691421415031 0.634308873719897 0.6368486052982909 0.6393883368766847 0.6419280684550787 0.6173327221624617 0.5637293640831957 0.5101260060039298
0.20420499779763926 0.20485417131890074 0.2055033448401611 0.20615251836142148 0.20680169188268185 0.20745086540394223 0.2081000389252026 0.20874921244646297 0.20939838596772334 0.21004755948898374 0.2106967330102441 0.21134590653150448 0.2641757215755045 0.3727878219255527 0.4813999222757861 0.5900120226258343 0.6986241229758825 0.8072362233259307 0.9158483236759789 1.024460424026027 1.1330725243760753 1.2416846247261235 1.3502967250761717 1.45890882542622 1.4754029968251061 1.3934210197041985 1.3114390425832911 1.2294570654622436 1.1474750883413363 1.0654931112204287 0.9835111340995211 0.9015291569786136 0.8195471798577061 0.7375652027367985 0.655583225615891 0.5736012484949834 0.5323069990073007 0.5345088502532243 0.5367107014991478 0.5389125527450713 0.5411144039909986 0.5433162552369222 0.5455181064828457 0.5477199577287692 0.5499218089746928 0.5521236602206163 0.5543255114665399 0.5565273627124635 0.5352041274780663 0.4887320428780247 0.4422599582779831
0.17286916043091882 0.17341871643006074 0.17396827242920174 0.1745178284283427 0.17506738442748368 0.17561694042662468 0.17616649642576565 0.17671605242490665 0.17726560842404762 0.17781516442318862 0.1783647204223296 0.1789142764214706 0.2236372061777108 0.315582470998103 0.4075277358186519 0.4994730006390441 0.5914182654594362 0.6833635302798284 0.7753087951002205 0.8672540599206128 0.9591993247410049 1.0511445895613971 1.1430898543817891 1.2350351192021813 1.2489982131150674 1.1795966034179224 1.1101949937207776 1.0407933840235144 0.9713917743263696 0.9019901646292248 0.83258855493208 0.7631869452349351 0.6937853355377903 0.6243837258406454 0.5549821161435006 0.48558050644635575 0.4506229769218597 0.4524869478353129 0.45435091874876615 0.45621488966221935 0.4580788605756757 0.4599428314891289 0.46180680240258215 0.46367077331603535 0.46553474422948854 0.46739871514294173 0.46926268605639493 0.4711266569698482 0.45307553279367074 0.4137347216728535 0.3743939105520363
0.14153332306419839 0.14198326154122076 0.14243320001824233 0.14288313849526393 0.14333307697228553 0.14378301544930713 0.1442329539263287 0.1446828924033503 0.1451328308803719 0.1455827693573935 0.1460327078344151 0.14648264631143668 0.18309869077991708 0.25837712007065317 0.33365554936151764 0.4089339786522538 0.48421240794298986 0.559490837233726 0.6347692665244621 0.7100476958151982 0.7853261251059342 0.8606045543966705 0.9358829836874065 1.0111614129781425 1.0225934294050285 0.9657721871316464 0.9089509448582642 0.8521297025847852 0.7953084603114031 0.7384872180380209 0.6816659757646388 0.6248447334912566 0.5680234912178745 0.5112022489444924 0.45438100667111025 0.3975597643977281 0.3689389548364188 0.37046504541740166 0.3719911359983845 0.3735172265793674 0.3750433171603529 0.37656940774133574 0.3780954983223186 0.37962158890330144 0.3811476794842843 0.3826737700652672 0.38419986064625006 0.3857259512272329 0.3709469381092752 0.33873740046768236 0.3065278628260895
0.11019748569747798 0.11054780665238077 0.11089812760728297 0.11124844856218517 0.11159876951708739 0.11194909047198959 0.11229941142689179 0.11264973238179399 0.1130000533366962 0.1133503742915984 0.1137006952465006 0.1140510162014028 0.14256017538212343 0.2011717691432035 0.2597833629043835 0.3183949566654636 0.37700655042654363 0.43561814418762373 0.4942297379487038 0.5528413317097838 0.6114529254708639 0.6700645192319439 0.728676112993024 0.7872877067541041 0.7961886456949898 0.7519477708453703 0.707706895995751 0.663466021146056 0.6192251462964367 0.5749842714468172 0.5307433965971977 0.48650252174757824 0.44226164689795877 0.39802077204833936 0.3537798971987199 0.30953902234910047 0.28725493275097785 0.28844314299949037 0.28963135324800293 0.29081956349651544 0.29200777374503 0.2931959839935425 0.29438419424205503 0.29557240449056754 0.2967606147390801 0.2979488249875926 0.29913703523610513 0.3003252454846177 0.2888183434248797 0.26374007926251125 0.23866181510014278
0.07886164833075754 0.07911235176354078 0.0793630551963236 0.07961375862910641 0.07986446206188923 0.08011516549467204 0.08036586892745486 0.08061657236023767 0.08086727579302048 0.0811179792258033 0.08136868265858611 0.08161938609136893 0.10202165998432973 0.14396641821575373 0.18591117644724928 0.2278559346786733 0.2698006929100973 0.3117454511415213 0.35369020937294526 0.39563496760436934 0.4375797258357933 0.47952448406721737 0.5214692422986413 0.5634140005300653 0.569783861984951 0.5381233545590943 0.5064628471332375 0.47480233970732677 0.44314183228147 0.4114813248556133 0.3798208174297565 0.34816031000389974 0.316499802578043 0.2848392951521862 0.25317878772632946 0.22151828030047271 0.20557091066553687 0.20642124058157907 0.20727157049762124 0.20812190041366344 0.20897223032970708 0.20982256024574927 0.21067289016179147 0.21152322007783367 0.21237354999387587 0.21322387990991803 0.21407420982596023 0.21492453974200243 0.2066897487404842 0.18874275805734012 0.170795767374196
0.047525810964037116 0.047676896874700794 0.04782798278536422 0.047979068696027645 0.04813015460669107 0.048281240517354496 0.04843232642801792 0.04858341233868134 0.04873449824934477 0.04888558416000819 0.04903667007067161 0.04918775598133504 0.06148314458653604 0.08676106728830399 0.11203898999011505 0.137316912691883 0.16259483539365097 0.18787275809541892 0.21315068079718688 0.23842860349895484 0.2637065262007228 0.28898444890249075 0.3142623716042587 0.33954029430602667 0.34337907827491226 0.3242989382728182 0.3052187982707241 0.2861386582685975 0.26705851826650345 0.24797837826440938 0.2288982382623153 0.20981809826022124 0.19073795825812717 0.1716578182560331 0.15257767825393903 0.133497538251845 0.12388688858009592 0.12439933816366777 0.12491178774723963 0.12542423733081148 0.1259366869143842 0.12644913649795606 0.1269615860815279 0.12747403566509977 0.12798648524867162 0.12849893483224348 0.12901138441581533 0.1295238339993872 0.12456115405608871 0.11374543685216898 0.10292971964824925
0.01618997359728997 0.016241441985834007 0.016292910374377956 0.016344378762921906 0.016395847151465855 0.016447315540009805 0.016498783928553754 0.016550252317097704 0.01660172070564165 0.0166531890941856 0.01670465748272955 0.016756125871273498 0.020944629188707785 0.02955571636080548 0.038166803532917855 0.04677789070501555 0.05538897787711325 0.06400006504921094 0.07261115222130864 0.08122223939340632 0.08983332656550402 0.09844441373760171 0.10705550090969941 0.1156665880817971 0.11697429456468039 0.11047452198635975 0.10397474940803911 0.09747497682970738 0.09097520425138672 0.08447543167306609 0.07797565909474544 0.0714758865164248 0.06497611393810415 0.0584763413597835 0.051976568781462854 0.04547679620314221 0.0422028664945853 0.04237743574568653 0.04255200499678776 0.04272657424788899 0.04290114349899052 0.04307571275009175 0.04325028200119298 0.04342485125229421 0.043599420503395436 0.04377398975449667 0.0439485590055979 0.04412312825669913 0.04243255937162317 0.038748115646933895 0.03506367192224462
0.0 0.0 0.0 0.0 0.0 0.0 0.0 0.0 0.0 0.0 0.0 0.0 0.0 0.0 0.0 0.0 0.0 0.0 0.0 0.0 0.0 0.0 0.0 0.0 0.0 0.0 0.0 0.0 0.0 0.0 0.0 0.0 0.0 0.0 0.0 0.0 0.0 0.0 0.0 0.0 0.0 0.0 0.0 0.0 0.0 0.0 0.0 0.0 0.0 0.0 0.0
0.0 0.0 0.0 0.0 0.0 0.0 0.0 0.0 0.0 0.0 0.0 0.0 0.0 0.0 0.0 0.0 0.0 0.0 0.0 0.0 0.0 0.0 0.0 0.0 0.0 0.0 0.0 0.0 0.0 0.0 0.0 0.0 0.0 0.0 0.0 0.0 0.0 0.0 0.0 0.0 0.0 0.0 0.0 0.0 0.0 0.0 0.0 0.0 0.0 0.0 0.0
0.0 0.0 0.0 0.0 0.0 0.0 0.0 0.0 0.0 0.0 0.0 0.0 0.0 0.0 0.0 0.0 0.0 0.0 0.0 0.0 0.0 0.0 0.0 0.0 0.0 0.0 0.0 0.0 0.0 0.0 0.0 0.0 0.0 0.0 0.0 0.0 0.0 0.0 0.0 0.0 0.0 0.0 0.0 0.0 0.0 0.0 0.0 0.0 0.0 0.0 0.0
0.0 0.0 0.0 0.0 0.0 0.0 0.0 0.0 0.0 0.0 0.0 0.0 0.0 0.0 0.0 0.0 0.0 0.0 0.0 0.0 0.0 0.0 0.0 0.0 0.0 0.0 0.0 0.0 0.0 0.0 0.0 0.0 0.0 0.0 0.0 0.0 0.0 0.0 0.0 0.0 0.0 0.0 0.0 0.0 0.0 0.0 0.0 0.0 0.0 0.0 0.0
0.0 0.0 0.0 0.0 0.0 0.0 0.0 0.0 0.0 0.0 0.0 0.0 0.0 0.0 0.0 0.0 0.0 0.0 0.0 0.0 0.0 0.0 0.0 0.0 0.0 0.0 0.0 0.0 0.0 0.0 0.0 0.0 0.0 0.0 0.0 0.0 0.0 0.0 0.0 0.0 0.0 0.0 0.0 0.0 0.0 0.0 0.0 0.0 0.0 0.0 0.0
0.0 0.0 0.0 0.0 0.0 0.0 0.0 0.0 0.0 0.0 0.0 0.0 0.0 0.0 0.0 0.0 0.0 0.0 0.0 0.0 0.0 0.0 0.0 0.0 0.0 0.0 0.0 0.0 0.0 0.0 0.0 0.0 0.0 0.0 0.0 0.0 0.0 0.0 0.0 0.0 0.0 0.0 0.0 0.0 0.0 0.0 0.0 0.0 0.0 0.0 0.0
0.0 0.0 0.0 0.0 0.0 0.0 0.0 0.0 0.0 0.0 0.0 0.0 0.0 0.0 0.0 0.0 0.0 0.0 0.0 0.0 0.0 0.0 0.0 0.0 0.0 0.0 0.0 0.0 0.0 0.0 0.0 0.0 0.0 0.0 0.0 0.0 0.0 0.0 0.0 0.0 0.0 0.0 0.0 0.0 0.0 0.0 0.0 0.0 0.0 0.0 0.0
0.0 0.0 0.0 0.0 0.0 0.0 0.0 0.0 0.0 0.0 0.0 0.0 0.0 0.0 0.0 0.0 0.0 0.0 0.0 0.0 0.0 0.0 0.0 0.0 0.0 0.0 0.0 0.0 0.0 0.0 0.0 0.0 0.0 0.0 0.0 0.0 0.0 0.0 0.0 0.0 0.0 0.0 0.0 0.0 0.0 0.0 0.0 0.0 0.0 0.0 0.0
0.0 0.0 0.0 0.0 0.0 0.0 0.0 0.0 0.0 0.0 0.0 0.0 0.0 0.0 0.0 0.0 0.0 0.0 0.0 0.0 0.0 0.0 0.0 0.0 0.0 0.0 0.0 0.0 0.0 0.0 0.0 0.0 0.0 0.0 0.0 0.0 0.0 0.0 0.0 0.0 0.0 0.0 0.0 0.0 0.0 0.0 0.0 0.0 0.0 0.0 0.0
