Figures/CREST_Example_wjb_NSE/Rolling_result/20100722/BJP_forecast/ens_35/wjb.rain.20091110.asc
ncols            288
nrows            254
xllcorner        113.274861
yllcorner        31.4918055
cellsize         0.008333333333
NODATA_value     -9999
[rows 46 to 68 of 254, columns 52 to 103 of 288]
0.10421385616064072 0.10421385616064072 0.10421385616064072 0.10421385616064072 0.10421385616064072 0.10421385616064072 0.10421385616064072 0.10421385616064072 0.10421385616064072 0.10421385616064072 0.10421385616064072 0.11002031604573652 0.12203401280022551 0.134047709554735 0.14606140630922398 0.15807510306371297 0.17008879981820196 0.18210249657269095 0.19411619332717994 0.20612989008166893 0.21814358683615792 0.23015728359064688 0.24217098034513587 0.2522190727374659 0.2601658896310628 0.2681127065246597 0.27605952341827006 0.28400634031186694 0.29195315720546383 0.29989997409906066 0.30784679099265755 0.31579360788625443 0.3237404247798513 0.33168724167344815 0.33963405856704504 0.3437400199472904 0.3437400199472904 0.3437400199472904 0.3437400199472904 0.3437400199472904 0.3437400199472904 0.3437400199472904 0.3437400199472904 0.3437400199472904 0.3437400199472904 0.3437400199472904 0.3437400199472904 0.3388743691020611 0.3288072274876116 0.31874008587316216 0.30867294425871267 0.2986058026442632
0.10421385616064072 0.10421385616064072 0.10421385616064072 0.10421385616064072 0.10421385616064072 0.10421385616064072 0.10421385616064072 0.10421385616064072 0.10421385616064072 0.10421385616064072 0.10421385616064072 0.11002031604573652 0.12203401280022551 0.134047709554735 0.14606140630922398 0.15807510306371297 0.17008879981820196 0.18210249657269095 0.19411619332717994 0.20612989008166893 0.21814358683615792 0.23015728359064688 0.24217098034513587 0.2522190727374659 0.2601658896310628 0.2681127065246597 0.27605952341827006 0.28400634031186694 0.29195315720546383 0.29989997409906066 0.30784679099265755 0.31579360788625443 0.3237404247798513 0.33168724167344815 0.33963405856704504 0.3437400199472904 0.3437400199472904 0.3437400199472904 0.3437400199472904 0.3437400199472904 0.3437400199472904 0.3437400199472904 0.3437400199472904 0.3437400199472904 0.3437400199472904 0.3437400199472904 0.3437400199472904 0.3388743691020611 0.3288072274876116 0.31874008587316216 0.30867294425871267 0.2986058026442632
0.10421385616064072 0.10421385616064072 0.10421385616064072 0.10421385616064072 0.10421385616064072 0.10421385616064072 0.10421385616064072 0.10421385616064072 0.10421385616064072 0.10421385616064072 0.10421385616064072 0.11002031604573652 0.12203401280022551 0.134047709554735 0.14606140630922398 0.15807510306371297 0.17008879981820196 0.18210249657269095 0.19411619332717994 0.20612989008166893 0.21814358683615792 0.23015728359064688 0.24217098034513587 0.2522190727374659 0.2601658896310628 0.2681127065246597 0.27605952341827006 0.28400634031186694 0.29195315720546383 0.29989997409906066 0.30784679099265755 0.31579360788625443 0.3237404247798513 0.33168724167344815 0.33963405856704504 0.3437400199472904 0.3437400199472904 0.3437400199472904 0.3437400199472904 0.3437400199472904 0.3437400199472904 0.3437400199472904 0.3437400199472904 0.3437400199472904 0.3437400199472904 0.3437400199472904 0.3437400199472904 0.3388743691020611 0.3288072274876116 0.31874008587316216 0.30867294425871267 0.2986058026442632
0.10548854701659084 0.10548854701659084 0.10548854701659084 0.10548854701659084 0.10548854701659084 0.10548854701659084 0.10548854701659084 0.10548854701659084 0.10548854701659084 0.10548854701659084 0.10548854701659084 0.11091993126488146 0.1221575880484166 0.1333952448319709 0.14463290161550607 0.1558705583990412 0.16710821518257635 0.1783458719661115 0.18958352874964665 0.2008211855331818 0.21205884231671696 0.22329649910025207 0.23453415588378723 0.24400385104246441 0.25158355525660886 0.25916325947075325 0.26674296368491063 0.274322667899055 0.28190237211319946 0.2894820763273439 0.2970617805414883 0.30464148475563274 0.31222118896977713 0.3198008931839216 0.327380597398066 0.331296878997814 0.331296878997814 0.331296878997814 0.331296878997814 0.331296878997814 0.331296878997814 0.331296878997814 0.331296878997814 0.331296878997814 0.331296878997814 0.331296878997814 0.331296878997814 0.3265707351636153 0.31679223670933643 0.30701373825505757 0.29723523980077876 0.2874567413464999
0.10812580202202343 0.10812580202202343 0.10812580202202343 0.10812580202202343 0.10812580202202343 0.10812580202202343 0.10812580202202343 0.10812580202202343 0.10812580202202343 0.10812580202202343 0.10812580202202343 0.11278117842812788 0.12241325744489676 0.13204533646168207 0.14167741547845095 0.15130949449521983 0.1609415735119887 0.1705736525287576 0.1802057315455265 0.18983781056229537 0.19946988957906425 0.20910196859583313 0.218734047612602 0.22700707536564194 0.23382724659425938 0.24064741782287682 0.2474675890515059 0.25428776028012334 0.2611079315087408 0.2679281027373582 0.2747482739659756 0.28156844519459306 0.2883886164232105 0.29520878765182795 0.30202895888044534 0.3055528049745875 0.3055528049745875 0.3055528049745875 0.3055528049745875 0.3055528049745875 0.3055528049745875 0.3055528049745875 0.3055528049745875 0.3055528049745875 0.3055528049745875 0.3055528049745875 0.3055528049745875 0.3011152923496079 0.29193397839335106 0.28275266443709424 0.2735713504808374 0.26439003652458054
0.11076305702745602 0.11076305702745602 0.11076305702745602 0.11076305702745602 0.11076305702745602 0.11076305702745602 0.11076305702745602 0.11076305702745602 0.11076305702745602 0.11076305702745602 0.11076305702745602 0.11464242559137429 0.12266892684137691 0.13069542809139323 0.13872192934139582 0.14674843059139844 0.15477493184140106 0.16280143309140369 0.1708279343414063 0.1788544355914089 0.18688093684141152 0.19490743809141414 0.20293393934141676 0.21001029968881946 0.2160709379319099 0.22213157617500034 0.22819221441810114 0.23425285266119159 0.24031349090428203 0.2463741291473725 0.25243476739046294 0.2584954056335534 0.26455604387664383 0.2706166821197343 0.2766773203628247 0.27980873095136094 0.27980873095136094 0.27980873095136094 0.27980873095136094 0.27980873095136094 0.27980873095136094 0.27980873095136094 0.27980873095136094 0.27980873095136094 0.27980873095136094 0.27980873095136094 0.27980873095136094 0.27565984953560047 0.2670757200773657 0.25849159061913085 0.24990746116089604 0.24132333170266124
0.11340031203288861 0.11340031203288861 0.11340031203288861 0.11340031203288861 0.11340031203288861 0.11340031203288861 0.11340031203288861 0.11340031203288861 0.11340031203288861 0.11340031203288861 0.11340031203288861 0.11650367275462072 0.12292459623785706 0.12934551972110436 0.1357664432043407 0.14218736668757706 0.1486082901708134 0.15502921365404976 0.1614501371372861 0.16787106062052246 0.1742919841037588 0.18071290758699515 0.1871338310702315 0.19301352401199695 0.19831462926956042 0.2036157345271239 0.20891683978469638 0.21421794504225986 0.21951905029982333 0.22482015555738677 0.23012126081495024 0.2354223660725137 0.24072347133007718 0.24602457658764065 0.2513256818452041 0.2540646569281344 0.2540646569281344 0.2540646569281344 0.2540646569281344 0.2540646569281344 0.2540646569281344 0.2540646569281344 0.2540646569281344 0.2540646569281344 0.2540646569281344 0.2540646569281344 0.2540646569281344 0.25020440672159305 0.2422174617613803 0.2342305168011675 0.22624357184095473 0.21825662688074193
0.11603756703832344 0.11603756703832344 0.11603756703832344 0.11603756703832344 0.11603756703832344 0.11603756703832344 0.11603756703832344 0.11603756703832344 0.11603756703832344 0.11603756703832344 0.11603756703832344 0.1183649199178687 0.12318026563433741 0.12799561135081433 0.13281095706728308 0.13762630278375176 0.1424416485002205 0.14725699421668922 0.15207233993315794 0.15688768564962663 0.16170303136609537 0.1665183770825641 0.1713337227990328 0.17601674833515998 0.18055832060719582 0.18509989287923165 0.18964146515127522 0.19418303742331106 0.1987246096953469 0.20326618196738272 0.20780775423941855 0.21234932651145438 0.21689089878349022 0.22143247105552605 0.22597404332756188 0.2283205829048859 0.2283205829048859 0.2283205829048859 0.2283205829048859 0.2283205829048859 0.2283205829048859 0.2283205829048859 0.2283205829048859 0.2283205829048859 0.2283205829048859 0.2283205829048859 0.2283205829048859 0.22474896390756394 0.21735920344537368 0.20996944298318343 0.2025796825209932 0.19518992205880295
0.11867482204375604 0.11867482204375604 0.11867482204375604 0.11867482204375604 0.11867482204375604 0.11867482204375604 0.11867482204375604 0.11867482204375604 0.11867482204375604 0.11867482204375604 0.11867482204375604 0.12022616708111512 0.12343593503081757 0.1266457029805255 0.12985547093022795 0.13306523887993038 0.13627500682963284 0.13948477477933527 0.14269454272903773 0.14590431067874016 0.14911407862844261 0.15232384657814507 0.1555336145278475 0.15901997265833745 0.1628020119448463 0.16658405123135517 0.17036609051787047 0.1741481298043793 0.17793016909088816 0.181712208377397 0.18549424766390585 0.1892762869504147 0.19305832623692354 0.1968403655234324 0.20062240480994123 0.20257650888165937 0.20257650888165937 0.20257650888165937 0.20257650888165937 0.20257650888165937 0.20257650888165937 0.20257650888165937 0.20257650888165937 0.20257650888165937 0.20257650888165937 0.20257650888165937 0.20257650888165937 0.19929352109355652 0.1925009451293883 0.18570836916522007 0.17891579320105186 0.17212321723688362
0.12131207704918862 0.12131207704918862 0.12131207704918862 0.12131207704918862 0.12131207704918862 0.12131207704918862 0.12131207704918862 0.12131207704918862 0.12131207704918862 0.12131207704918862 0.12131207704918862 0.12208741424436154 0.12369160442729772 0.12529579461023663 0.12689998479317283 0.128504174976109 0.1301083651590452 0.13171255534198137 0.13331674552491754 0.13492093570785374 0.1365251258907899 0.1381293160737261 0.13973350625666228 0.142023196981515 0.14504570328249686 0.14806820958347872 0.15109071588446574 0.1541132221854476 0.15713572848642945 0.1601582347874113 0.16318074108839317 0.16620324738937503 0.16922575369035692 0.17224825999133878 0.17527076629232063 0.17683243485843286 0.17683243485843286 0.17683243485843286 0.17683243485843286 0.17683243485843286 0.17683243485843286 0.17683243485843286 0.17683243485843286 0.17683243485843286 0.17683243485843286 0.17683243485843286 0.17683243485843286 0.17383807827954914 0.16764268681340294 0.16144729534725674 0.15525190388111054 0.14905651241496432
0.1239493320546212 0.1239493320546212 0.1239493320546212 0.1239493320546212 0.1239493320546212 0.1239493320546212 0.1239493320546212 0.1239493320546212 0.1239493320546212 0.1239493320546212 0.1239493320546212 0.12394866140760795 0.12394727382377786 0.12394588623994778 0.1239444986561177 0.12394311107228762 0.12394172348845753 0.12394033590462744 0.12393894832079737 0.12393756073696728 0.1239361731531372 0.12393478556930711 0.12393339798547703 0.1250264213046925 0.12728939462014738 0.12955236793560224 0.13181534125106098 0.13407831456651587 0.13634128788197075 0.1386042611974256 0.1408672345128805 0.14313020782833538 0.14539318114379024 0.14765615445924513 0.1499191277747 0.15108836083520633 0.15108836083520633 0.15108836083520633 0.15108836083520633 0.15108836083520633 0.15108836083520633 0.15108836083520633 0.15108836083520633 0.15108836083520633 0.15108836083520633 0.15108836083520633 0.15108836083520633 0.14838263546554173 0.14278442849741754 0.13718622152929336 0.1315880145611692 0.125989807593045
0.1265865870600538 0.1265865870600538 0.1265865870600538 0.1265865870600538 0.1265865870600538 0.1265865870600538 0.1265865870600538 0.1265865870600538 0.1265865870600538 0.1265865870600538 0.1265865870600538 0.12580990857085436 0.12420294322025802 0.12259597786965892 0.12098901251906258 0.11938204716846622 0.11777508181786987 0.11616811646727353 0.11456115111667717 0.11295418576608082 0.11134722041548448 0.10974025506488813 0.10813328971429177 0.10802964562787 0.10953308595779788 0.11103652628772578 0.11253996661765624 0.11404340694758414 0.11554684727751202 0.11705028760743992 0.1185537279373678 0.1200571682672957 0.12156060859722359 0.12306404892715149 0.12456748925707938 0.1253442868119798 0.1253442868119798 0.1253442868119798 0.1253442868119798 0.1253442868119798 0.1253442868119798 0.1253442868119798 0.1253442868119798 0.1253442868119798 0.1253442868119798 0.1253442868119798 0.1253442868119798 0.1229271926515343 0.11792617018143216 0.11292514771133 0.10792412524122785 0.10292310277112571
0.1292238420654864 0.1292238420654864 0.1292238420654864 0.1292238420654864 0.1292238420654864 0.1292238420654864 0.1292238420654864 0.1292238420654864 0.1292238420654864 0.1292238420654864 0.1292238420654864 0.1276711557341008 0.12445861261673817 0.12124606949937008 0.11803352638200747 0.11482098326464485 0.11160844014728223 0.10839589702991961 0.105183353912557 0.10197081079519438 0.09875826767783176 0.09554572456046914 0.09233318144310652 0.0910328699510475 0.0917767772954484 0.09252068463984932 0.0932645919842515 0.0940084993286524 0.09475240667305332 0.09549631401745422 0.09624022136185513 0.09698412870625604 0.09772803605065694 0.09847194339505785 0.09921585073945877 0.09960021278875326 0.09960021278875326 0.09960021278875326 0.09960021278875326 0.09960021278875326 0.09960021278875326 0.09960021278875326 0.09960021278875326 0.09960021278875326 0.09960021278875326 0.09960021278875326 0.09960021278875326 0.0974717498375269 0.09306791186544677 0.08866407389336665 0.08426023592128652 0.07985639794920639
0.13186109707092122 0.13186109707092122 0.13186109707092122 0.13186109707092122 0.13186109707092122 0.13186109707092122 0.13186109707092122 0.13186109707092122 0.13186109707092122 0.13186109707092122 0.13186109707092122 0.12953240289734877 0.12471428201321853 0.11989616112908007 0.11507804024494982 0.11025991936081955 0.1054417984766893 0.10062367759255905 0.0958055567084288 0.09098743582429855 0.0861693149401683 0.08135119405603805 0.0765330731719078 0.07403609427421051 0.0740204686330838 0.07400484299195707 0.07398921735083032 0.07397359170970359 0.07395796606857688 0.07394234042745015 0.07392671478632343 0.0739110891451967 0.07389546350406997 0.07387983786294326 0.07386421222181654 0.07385613876550479 0.07385613876550479 0.07385613876550479 0.07385613876550479 0.07385613876550479 0.07385613876550479 0.07385613876550479 0.07385613876550479 0.07385613876550479 0.07385613876550479 0.07385613876550479 0.07385613876550479 0.0720163070234978 0.06820965354944021 0.0644030000753826 0.06059634660132501 0.05678969312726741
0.13449835207635383 0.13449835207635383 0.13449835207635383 0.13449835207635383 0.13449835207635383 0.13449835207635383 0.13449835207635383 0.13449835207635383 0.13449835207635383 0.13449835207635383 0.13449835207635383 0.13139365006059522 0.12496995140969869 0.11854625275879122 0.1121225541078947 0.10569885545699818 0.09927515680610166 0.09285145815520515 0.08642775950430864 0.0800040608534121 0.0735803622025156 0.06715666355161908 0.060732964900722566 0.057039318597388027 0.05626415997073432 0.05548900134408061 0.054713842717425576 0.05393868409077187 0.05316352546411816 0.05238836683746445 0.05161320821081074 0.05083804958415703 0.050062890957503325 0.04928773233084961 0.048512573704195906 0.04811206474227825 0.04811206474227825 0.04811206474227825 0.04811206474227825 0.04811206474227825 0.04811206474227825 0.04811206474227825 0.04811206474227825 0.04811206474227825 0.04811206474227825 0.04811206474227825 0.04811206474227825 0.04656086420949039 0.04335139523345481 0.04014192625741924 0.03693245728138367 0.033722988305348096
0.16635263249616417 0.16635263249616417 0.16635263249616417 0.16635263249616417 0.16635263249616417 0.16635263249616417 0.16635263249616417 0.16635263249616417 0.16635263249616417 0.16635263249616417 0.16635263249616417 0.16159754008161134 0.15175914638933047 0.1419207526970328 0.1320823590047519 0.12224396531247103 0.11240557162019016 0.10256717792790929 0.0927287842356284 0.08289039054334753 0.07305199685106664 0.06321360315878577 0.05337520946650488 0.0476924741458485 0.04645223156966729 0.04521198899348608 0.043971746417302754 0.042731503841121544 0.041491261264940335 0.040251018688759126 0.039010776112577916 0.0377705335363967 0.03653029096021549 0.03529004838403428 0.03404980580785307 0.033408997269274654 0.033408997269274654 0.033408997269274654 0.033408997269274654 0.033408997269274654 0.033408997269274654 0.033408997269274654 0.033408997269274654 0.033408997269274654 0.033408997269274654 0.033408997269274654 0.033408997269274654 0.03206339423367172 0.029279311128010802 0.02649522802234988 0.023711144916688957 0.02092706181102804
0.22943807086681978 0.22943807086681978 0.22943807086681978 0.22943807086681978 0.22943807086681978 0.22943807086681978 0.22943807086681978 0.22943807086681978 0.22943807086681978 0.22943807086681978 0.22943807086681978 0.222097928232783 0.20691100720257616 0.1917240861723434 0.17653716514213658 0.16135024411192972 0.1461633230817229 0.13097640205151606 0.11578948102130922 0.10060255999110237 0.08541563896089552 0.07022871793068869 0.05504179690048186 0.0465229238240647 0.045132344751984466 0.04374176567990424 0.04235118660782163 0.040960607535741406 0.03957002846366117 0.03817944939158094 0.036788870319500705 0.03539829124742047 0.034007712175340245 0.03261713310326001 0.03122655403117978 0.030508069631376956 0.030508069631376956 0.030508069631376956 0.030508069631376956 0.030508069631376956 0.030508069631376956 0.030508069631376956 0.030508069631376956 0.030508069631376956 0.030508069631376956 0.030508069631376956 0.030508069631376956 0.029279306290307734 0.0267369671544619 0.024194628018616063 0.02165228888277023 0.01910994974692439
0.2925235092374753 0.2925235092374753 0.2925235092374753 0.2925235092374753 0.2925235092374753 0.2925235092374753 0.2925235092374753 0.2925235092374753 0.2925235092374753 0.2925235092374753 0.2925235092374753 0.28259831638395455 0.26206286801582174 0.24152741964765395 0.22099197127952114 0.20045652291138838 0.17992107454325557 0.15938562617512278 0.13885017780699 0.11831472943885718 0.0977792810707244 0.07724383270259161 0.05670838433445882 0.04535337350228091 0.043812457934301656 0.0422715423663224 0.04073062679834052 0.03918971123036127 0.03764879566238201 0.03610788009440276 0.03456696452642351 0.03302604895844425 0.031485133390465 0.029944217822485745 0.02840330225450649 0.02760714199347926 0.02760714199347926 0.02760714199347926 0.02760714199347926 0.02760714199347926 0.02760714199347926 0.02760714199347926 0.02760714199347926 0.02760714199347926 0.02760714199347926 0.02760714199347926 0.02760714199347926 0.026495218346943746 0.024194623180913 0.021894028014882248 0.0195934328488515 0.01729283768282075
0.3556089476081309 0.3556089476081309 0.3556089476081309 0.3556089476081309 0.3556089476081309 0.3556089476081309 0.3556089476081309 0.3556089476081309 0.3556089476081309 0.3556089476081309 0.3556089476081309 0.3430987045351262 0.3172147288290674 0.2913307531229645 0.2654467774169058 0.23956280171084704 0.2136788260047883 0.18779485029872953 0.16191087459267078 0.136026898886612 0.11014292318055327 0.08425894747449453 0.05837497176843576 0.04418382318049711 0.04249257111661883 0.04080131905274056 0.039110066988859396 0.03741881492498112 0.035727562861102846 0.03403631079722457 0.032345058733346296 0.03065380666946802 0.028962554605589746 0.02727130254171147 0.025580050477833197 0.024706214355581558 0.024706214355581558 0.024706214355581558 0.024706214355581558 0.024706214355581558 0.024706214355581558 0.024706214355581558 0.024706214355581558 0.024706214355581558 0.024706214355581558 0.024706214355581558 0.024706214355581558 0.023711130403579757 0.02165227920736409 0.01959342801114843 0.017534576814932767 0.015475725618717105
0.41869438597878644 0.41869438597878644 0.41869438597878644 0.41869438597878644 0.41869438597878644 0.41869438597878644 0.41869438597878644 0.41869438597878644 0.41869438597878644 0.41869438597878644 0.41869438597878644 0.40359909268629784 0.3723665896423131 0.34113408659827515 0.3099015835542904 0.2786690805103057 0.24743657746632097 0.21620407442233627 0.18497157137835155 0.15373906833436685 0.12250656529038212 0.09127406224639739 0.060041559202412664 0.043014272858713315 0.041172684298936016 0.03933109573915872 0.03748950717937828 0.03564791861960098 0.03380633005982368 0.03196474150004639 0.030123152940269092 0.028281564380491793 0.026439975820714497 0.024598387260937202 0.022756798701159903 0.02180528671768386 0.02180528671768386 0.02180528671768386 0.02180528671768386 0.02180528671768386 0.02180528671768386 0.02180528671768386 0.02180528671768386 0.02180528671768386 0.02180528671768386 0.02180528671768386 0.02180528671768386 0.020927042460215768 0.01910993523381519 0.017292828007414614 0.015475720781014037 0.01365861355461346
0.4817798243494958 0.4817798243494958 0.4817798243494958 0.4817798243494958 0.4817798243494958 0.4817798243494958 0.4817798243494958 0.4817798243494958 0.4817798243494958 0.4817798243494958 0.4817798243494958 0.464099480837521 0.42751845045560577 0.3909374200736282 0.3543563896917129 0.3177753593097977 0.2811943289278825 0.24461329854596725 0.20803226816405201 0.17145123778213678 0.13487020740022154 0.0982891770183063 0.061708146636391126 0.04184472253692851 0.03985279748125207 0.03786087242557562 0.03586894736989578 0.03387702231421933 0.03188509725854288 0.029893172202866435 0.02790124714718999 0.025909322091513545 0.023917397035837097 0.02192547198016065 0.019933546924484204 0.01890435907978369 0.01890435907978369 0.01890435907978369 0.01890435907978369 0.01890435907978369 0.01890435907978369 0.01890435907978369 0.01890435907978369 0.01890435907978369 0.01890435907978369 0.01890435907978369 0.01890435907978369 0.018142954516849406 0.01656759126026412 0.014992228003678835 0.01341686474709355 0.011841501490508267
0.5448652627201513 0.5448652627201513 0.5448652627201513 0.5448652627201513 0.5448652627201513 0.5448652627201513 0.5448652627201513 0.5448652627201513 0.5448652627201513 0.5448652627201513 0.5448652627201513 0.5245998689886926 0.4826703112688514 0.4407407535489387 0.3988111958290975 0.3568816381092563 0.31495208038941513 0.27302252266957394 0.23109296494973275 0.18916340722989156 0.14723384951005036 0.10530429179020917 0.06337473407036792 0.04067517221514472 0.03853291066356925 0.036390649111993786 0.034248387560414664 0.03210612600883919 0.029963864457263727 0.027821602905688258 0.02567934135411279 0.02353707980253732 0.021394818250961855 0.019252556699386386 0.017110295147810917 0.01600343144188599 0.01600343144188599 0.01600343144188599 0.01600343144188599 0.01600343144188599 0.01600343144188599 0.01600343144188599 0.01600343144188599 0.01600343144188599 0.01600343144188599 0.01600343144188599 0.01600343144188599 0.015358866573485416 0.014025247286715219 0.01269162799994502 0.01135800871317482 0.010024389426404622
0.607950701090807 0.607950701090807 0.607950701090807 0.607950701090807 0.607950701090807 0.607950701090807 0.607950701090807 0.607950701090807 0.607950701090807 0.607950701090807 0.607950701090807 0.5851002571398642 0.5378221720820971 0.49054408702424934 0.4432660019664822 0.39598791690871504 0.3487098318509479 0.30143174679318074 0.25415366173541354 0.2068755766776464 0.15959749161987924 0.11231940656211209 0.06504132150434494 0.03950562189336092 0.03721302384588643 0.03492042579841194 0.03262782775093354 0.030335229703459053 0.028042631655984564 0.025750033608510074 0.023457435561035585 0.021164837513561095 0.018872239466086606 0.016579641418612116 0.014287043371137627 0.013102503803988294 0.013102503803988294 0.013102503803988294 0.013102503803988294 0.013102503803988294 0.013102503803988294 0.013102503803988294 0.013102503803988294 0.013102503803988294 0.013102503803988294 0.013102503803988294 0.013102503803988294 0.012574778630121429 0.011482903313166315 0.010391027996211203 0.00929915267925609 0.008207277362300976
