Figures/CREST_Example_wjb_NSE/Rolling_result/20100722/BJP_forecast/ens_35/wjb.rain.20100726.asc
ncols            288
nrows            254
xllcorner        113.274861
yllcorner        31.4918055
cellsize         0.008333333333
NODATA_value     -9999
[rows 120 to 143 of 254, columns 162 to 215 of 288]
0.0 0.0 0.0 0.0 0.0 0.0 0.0 0.0 0.0 0.0 0.0 0.0 0.0 0.0 0.0 0.0 0.0 0.0 0.0 0.0 0.0 0.0 0.0 0.0 0.0 0.0 0.0 0.0 0.0 0.0 0.0 0.0 0.0 0.0 0.0 0.0 0.0 0.0 0.0 0.0 0.0 0.0 0.0 0.0 0.0 0.0 0.0 0.0 0.0 0.0 0.0 0.0 0.0 0.0
0.02488598394447364 0.03203031291508425 0.03917464188569486 0.04631897085630547 0.05346329982691608 0.060607628797526694 0.0677519577681373 0.0748962867387601 0.08204061570937071 0.08678649883333739 0.08896838908717955 0.09115027934102171 0.09333216959486387 0.09551405984870603 0.0976959501025482 0.09987784035639036 0.10205973061023252 0.10424162086407468 0.10642351111791684 0.108605401371759 0.11078729162560488 0.10740708249063124 0.09808086326617878 0.08875464404172632 0.07942842481727386 0.0701022055928214 0.06077598636836893 0.05144976714391647 0.042123547919464 0.03279732869501155 0.02347110947055908 0.014144890246106614 0.004818671021654161 0.0 0.0 0.0 0.0 0.0 0.0 0.0 0.0 0.0 0.0 0.0 0.0 0.0 0.0 0.0 0.0 0.0 0.0 0.0 0.0 0.0
0.07637351584871434 0.09829901106251829 0.12022450627632222 0.14215000149012616 0.1640754967039301 0.18600099191773406 0.207926487131538 0.22985198234537932 0.2517774775591833 0.2663422936738744 0.2730383773109039 0.2797344609479334 0.286430544584963 0.2931266282219925 0.299822711859022 0.30651879549605154 0.31321487913308105 0.31991096277011055 0.3266070464071401 0.3333031300441696 0.33999921368121055 0.329625564943114 0.3010039860922815 0.272382407241449 0.24376082839061652 0.215139249539784 0.18651767068895148 0.15789609183811898 0.12927451298728646 0.10065293413645396 0.07203135528562143 0.04340977643478894 0.014788197583956442 0.0 0.0 0.0 0.0 0.0 0.0 0.0 0.0 0.0 0.0 0.0 0.0 0.0 0.0 0.0 0.0 0.0 0.0 0.0 0.0 0.0
0.12786104775295504 0.1645677092099523 0.20127437066694956 0.23798103212394683 0.27468769358094414 0.3113943550379414 0.34810101649493863 0.3848076779519985 0.4215143394089958 0.44589808851441143 0.4571083655346283 0.4683186425548452 0.47952891957506205 0.4907391965952789 0.5019494736154958 0.5131597506357127 0.5243700276559295 0.5355803046761465 0.5467905816963633 0.5580008587165802 0.5692111357368161 0.5518440473955968 0.5039271089183843 0.45601017044117176 0.4080932319639592 0.3601762934867466 0.31225935500953406 0.2643424165323215 0.21642547805510892 0.1685085395778964 0.12059160110068384 0.07267466262347122 0.024757724146258764 0.0 0.0 0.0 0.0 0.0 0.0 0.0 0.0 0.0 0.0 0.0 0.0 0.0 0.0 0.0 0.0 0.0 0.0 0.0 0.0 0.0
0.1793485796572397 0.23083640735744293 0.28232423505764614 0.33381206275784936 0.3852998904580526 0.4367877181582558 0.488275545858459 0.53976337355875 0.5912512012589533 0.6254538833551018 0.6411783537585097 0.6569028241619178 0.6726272945653259 0.688351764968734 0.704076235372142 0.7198007057755501 0.7355251761789582 0.7512496465823663 0.7669741169857743 0.7826985873891824 0.7984230577926172 0.7740625298482691 0.70685023174466 0.6396379336410509 0.572425635537442 0.5052133374338328 0.4380010393302238 0.3707887412266147 0.3035764431230057 0.23636414501939662 0.16915184691578755 0.10193954881217848 0.03472725070856941 0.0 0.0 0.0 0.0 0.0 0.0 0.0 0.0 0.0 0.0 0.0 0.0 0.0 0.0 0.0 0.0 0.0 0.0 0.0 0.0 0.0
0.23083611156148046 0.297105105504877 0.3633740994482736 0.42964309339167017 0.49591208733506675 0.5621810812784633 0.6284500752218599 0.6947190691653694 0.760988063108766 0.805009678195639 0.8252483419822344 0.8454870057688297 0.8657256695554252 0.8859643333420206 0.906202997128616 0.9264416609152114 0.9466803247018067 0.9669189884884022 0.9871576522749976 1.007396316061593 1.027634979848223 0.9962810123007518 0.9097733545707628 0.8232656968407737 0.7367580391107846 0.6502503813807955 0.5637427236508064 0.4772350659208173 0.3907274081908282 0.30421975046083916 0.21771209273085002 0.13120443500086099 0.044696777270871846 0.0 0.0 0.0 0.0 0.0 0.0 0.0 0.0 0.0 0.0 0.0 0.0 0.0 0.0 0.0 0.0 0.0 0.0 0.0 0.0 0.0
0.28232364346572125 0.36337380365231114 0.4444239638389011 0.525474124025491 0.6065242842120809 0.6875744443986709 0.7686246045852608 0.8496747647719889 0.9307249249585788 0.9845654730361761 1.009318330205959 1.0340711873757418 1.0588240445455244 1.0835769017153072 1.10832975888509 1.1330826160548728 1.1578354732246554 1.1825883303944382 1.207341187564221 1.2320940447340039 1.2568469019038289 1.2184994947532348 1.1126964773968657 1.0068934600404966 0.9010904426841273 0.7952874253277582 0.689484407971389 0.5836813906150199 0.4778783732586507 0.37207535590228147 0.26627233854591226 0.16046932118954316 0.05466630383317406 0.0 0.0 0.0 0.0 0.0 0.0 0.0 0.0 0.0 0.0 0.0 0.0 0.0 0.0 0.0 0.0 0.0 0.0 0.0 0.0 0.0
0.33381117536996197 0.4296425017997452 0.5254738282295285 0.6213051546593117 0.717136481089095 0.8129678075188782 0.9087991339486615 1.0046304603786083 1.1004617868083915 1.1641212678767132 1.1933883184296834 1.2226553689826534 1.2519224195356236 1.2811894700885937 1.310456520641564 1.339723571194534 1.368990621747504 1.3982576723004743 1.4275247228534442 1.4567917734064144 1.4860588239594346 1.4407179772057177 1.3156196002229685 1.1905212232402191 1.0654228462574702 0.9403244692747209 0.8152260922919716 0.6901277153092225 0.5650293383264733 0.4399309613437241 0.31483258436097494 0.18973420737822555 0.06463583039547638 0.0 0.0 0.0 0.0 0.0 0.0 0.0 0.0 0.0 0.0 0.0 0.0 0.0 0.0 0.0 0.0 0.0 0.0 0.0 0.0 0.0
0.3852987072742027 0.4959111999471793 0.6065236926201559 0.7171361852931325 0.8277486779661091 0.9383611706390858 1.0489736633120623 1.1595861559852276 1.2701986486582042 1.3436770627172505 1.3774583066534078 1.4112395505895654 1.4450207945257227 1.4788020384618803 1.5125832823980376 1.5463645263341952 1.5801457702703527 1.61392701420651 1.6477082581426676 1.6814895020788252 1.7152707460150403 1.6629364596582006 1.5185427230490713 1.374148986439942 1.2297552498308129 1.0853615132216836 0.9409677766125543 0.7965740400034249 0.6521803033942957 0.5077865667851664 0.3633928301760372 0.21899909356690794 0.0746053569577787 0.0 0.0 0.0 0.0 0.0 0.0 0.0 0.0 0.0 0.0 0.0 0.0 0.0 0.0 0.0 0.0 0.0 0.0 0.0 0.0 0.0
0.43678623917844345 0.5621798980946134 0.6875735570107834 0.8129672159269533 0.9383608748431232 1.0637545337592933 1.1891481926754632 1.314541851591847 1.439935510508017 1.5232328575577876 1.5615282948771325 1.5998237321964772 1.6381191695158221 1.6764146068351669 1.7147100441545118 1.7530054814738565 1.7913009187932012 1.8295963561125461 1.8678917934318908 1.9061872307512355 1.9444826680706457 1.8851549421106832 1.721465845875174 1.5577767496396646 1.3940876534041555 1.230398557168646 1.066709460933137 0.9030203646976274 0.739331268462118 0.575642172226609 0.41195307599109965 0.24826397975559034 0.08457488352008102 0.0 0.0 0.0 0.0 0.0 0.0 0.0 0.0 0.0 0.0 0.0 0.0 0.0 0.0 0.0 0.0 0.0 0.0 0.0 0.0 0.0
0.4882737710826841 0.6284485962420474 0.7686234214014106 0.9087982465607739 1.048973071720137 1.1891478968795004 1.3293227220388637 1.469497547198466 1.6096723723578292 1.7027886523983247 1.7455982831008567 1.788407913803389 1.8312175445059211 1.8740271752084534 1.9168368059109855 1.9596464366135176 2.0024560673160496 2.045265698018582 2.0880753287211142 2.1308849594236463 2.173694590126251 2.107373424563166 1.9243889687012767 1.7414045128393874 1.558420056977498 1.3754356011156088 1.1924511452537194 1.00946668939183 0.8264822335299407 0.6434977776680513 0.4605133218061619 0.2775288659442725 0.09454441008238312 0.0 0.0 0.0 0.0 0.0 0.0 0.0 0.0 0.0 0.0 0.0 0.0 0.0 0.0 0.0 0.0 0.0 0.0 0.0 0.0 0.0
0.5397613029869688 0.694717294389538 0.8496732857921072 1.0046292771946765 1.1595852685972456 1.314541259999815 1.469497251402384 1.6244532428052176 1.7794092342077867 1.882344447239015 1.9296682713247384 1.9769920954104616 2.024315919496185 2.0716397435819083 2.118963567667632 2.166287391753355 2.2136112158390784 2.260935039924802 2.3082588640105253 2.3555826880962485 2.4029065121820525 2.3295919070158386 2.1273120915275525 1.9250322760392669 1.722752460550981 1.520472645062695 1.3181928295744092 1.1159130140861233 0.9136331985978374 0.7113533831095515 0.5090735676212659 0.30679375213297977 0.1045139366446941 0.0 0.0 0.0 0.0 0.0 0.0 0.0 0.0 0.0 0.0 0.0 0.0 0.0 0.0 0.0 0.0 0.0 0.0 0.0 0.0 0.0
0.5912488348912095 0.760985992536972 0.9307231501827345 1.1004603078284971 1.2701974654742596 1.439934623120022 1.6096717807657848 1.7794089384118368 1.9491460960575993 2.061900242079552 2.113738259548463 2.165576277017373 2.217414294486284 2.269252311955195 2.3210903294241056 2.3729283468930165 2.4247663643619273 2.4766043818308376 2.5284423992997485 2.5802804167686593 2.6321184342376585 2.5518103894683213 2.3302352143536553 2.1086600392389894 1.8870848641243236 1.6655096890096577 1.4439345138949917 1.2223593387803258 1.00078416366566 0.7792089885509941 0.5576338134363281 0.33605863832166216 0.1144834632069962 0.0 0.0 0.0 0.0 0.0 0.0 0.0 0.0 0.0 0.0 0.0 0.0 0.0 0.0 0.0 0.0 0.0 0.0 0.0 0.0 0.0
0.5929643989559356 0.7631940649178615 0.9334237308797874 1.1036533968417133 1.2738830628036393 1.444112728765565 1.614342394727491 1.784572060689707 1.954801726651633 2.0678830394258036 2.1198714697745515 2.1718599001232994 2.2238483304720473 2.275836760820795 2.3278251911695427 2.3798136215182906 2.431802051867038 2.483790482215786 2.535778912564534 2.5877673429132817 2.639755773262118 2.5611799431871822 2.343027964695048 2.1248759862029143 1.90672400771078 1.6885720292186464 1.4704200507265124 1.2522680722343784 1.0341160937422444 0.8159641152501105 0.5978121367579763 0.37966015826584254 0.16150817977370835 0.04682817779201398 0.04276205997348109 0.03869594215494821 0.03462982433641532 0.03056370651788244 0.026497588699349556 0.02243147088081667 0.018365353062283787 0.014299235243750902 0.01023311742521802 0.006166999606685139 0.0021008817881522507 0.0 0.0 0.0 0.0 0.0 0.0 0.0 0.0 0.0
0.5414768670516948 0.6969253667704274 0.8523738664891599 1.0078223662078925 1.163270865926625 1.3187193656453575 1.4741678653640902 1.6296163650830877 1.7850648648018204 1.8883272445852666 1.9358014815508269 1.9832757185163874 2.030749955481948 2.0782241924475082 2.1256984294130685 2.173172666378629 2.220646903344189 2.26812114030975 2.31559537727531 2.3630696142408705 2.410543851206512 2.3430274102001163 2.152583332770664 1.962139255341211 1.7716951779117582 1.5812511004823055 1.3908070230528529 1.2003629456234 1.0099188681939473 0.8194747907644946 0.6290307133350419 0.4385866359055892 0.24814255847613653 0.1437127255703152 0.13123406631547996 0.11875540706064472 0.10627674780580948 0.09379808855097425 0.08131942929613901 0.06884077004130379 0.05636211078646855 0.043883451531633325 0.031404792276798085 0.01892613302196286 0.0064474737671276205 0.0 0.0 0.0 0.0 0.0 0.0 0.0 0.0 0.0
0.489989335147454 0.6306566686229933 0.7713240020985325 0.9119913355740716 1.052658669049611 1.1933260025251502 1.3339933360006893 1.4746606694764683 1.6153280029520076 1.7087714497447293 1.7517314933271024 1.7946915369094756 1.8376515804918485 1.8806116240742217 1.9235716676565946 1.9665317112389678 2.0094917548213407 2.052451798403714 2.095411841986087 2.1383718855684597 2.181331929150906 2.1248748772130512 1.9621387008462796 1.7994025244795082 1.6366663481127366 1.4739301717459652 1.3111939953791936 1.148457819012422 0.9857216426456505 0.8229854662788789 0.6602492899121075 0.4975131135453359 0.33477693717856427 0.2405972733486166 0.219706072657479 0.1988148719663414 0.1779236712752038 0.1570324705840662 0.13614126989292857 0.11525006920179098 0.0943588685106534 0.07346766781951578 0.052576467128378185 0.03168526643724057 0.010794065746102977 0.0 0.0 0.0 0.0 0.0 0.0 0.0 0.0 0.0
0.4385018032432133 0.5643879704755591 0.690274137707905 0.8161603049402508 0.9420464721725967 1.0679326394049427 1.1938188066372886 1.319704973869849 1.4455911411021949 1.5292156549041922 1.5676615051033778 1.6061073553025635 1.6445532055017493 1.682999055700935 1.7214449059001207 1.7598907560993065 1.7983366062984922 1.8367824564976778 1.8752283066968636 1.9136741568960494 1.9521200070953006 1.906722344225986 1.7716940689218956 1.6366657936178053 1.5016375183137152 1.3666092430096248 1.2315809677055345 1.0965526924014442 0.9615244170973538 0.8264961417932637 0.6914678664891734 0.556439591185083 0.4214113158809927 0.33748182112691794 0.30817807899947797 0.278874336872038 0.24957059474459803 0.22026685261715806 0.1909631104897181 0.16165936836227815 0.13235562623483818 0.10305188410739821 0.07374814197995827 0.0444443998525183 0.015140657725078333 0.0 0.0 0.0 0.0 0.0 0.0 0.0 0.0 0.0
0.3870142713389286 0.4981192723280685 0.6092242733172084 0.7203292743063483 0.8314342752954882 0.9425392762846281 1.053644277273768 1.1647492782630975 1.2758542792522374 1.349659860063502 1.3835915168794963 1.417523173695491 1.4514548305114854 1.48538648732748 1.5193181441434744 1.553249800959469 1.5871814577754635 1.6211131145914581 1.6550447714074528 1.6889764282234472 1.7229080850394995 1.6885698112387346 1.581249436997349 1.4739290627559638 1.3666086885145783 1.2592883142731928 1.1519679400318072 1.044647565790422 0.9373271915490363 0.8300068173076509 0.7226864430662654 0.6153660688248799 0.5080456945834944 0.43436636890530184 0.3966500853415523 0.3589338017778028 0.3212175182140533 0.28350123465030386 0.24578495108655435 0.20806866752280487 0.1703523839590554 0.13263610039530588 0.09491981683155637 0.05720353326780686 0.019487249704057408 0.0 0.0 0.0 0.0 0.0 0.0 0.0 0.0 0.0
0.3355267394346879 0.43185057418063444 0.5281744089265811 0.6244982436725276 0.7208220784184742 0.8171459131644208 0.9134697479103673 1.0097935826564781 1.1061174174024246 1.1701040652229648 1.1995215286557719 1.2289389920885792 1.2583564555213864 1.2877739189541935 1.3171913823870007 1.3466088458198078 1.376026309252615 1.4054437726854223 1.4348612361182294 1.4642786995510366 1.4936961629838938 1.4704172782516693 1.3908048050729651 1.3111923318942609 1.2315798587155566 1.1519673855368524 1.072354912358148 0.9927424391794438 0.9131299660007395 0.8335174928220352 0.753905019643331 0.6742925464646267 0.5946800732859224 0.5312509166836031 0.48512209168355125 0.4389932666834994 0.3928644416834476 0.3467356166833957 0.30060679168334387 0.25447796668329203 0.2083491416832402 0.16222031668318831 0.11609149168313648 0.06996266668308465 0.02383384168303282 0.0 0.0 0.0 0.0 0.0 0.0 0.0 0.0 0.0
0.28403920753044715 0.36558187603320036 0.44712454453595357 0.5286672130387068 0.61020988154146 0.6917525500442132 0.7732952185469665 0.8548378870498587 0.936380555552612 0.9905482703824275 1.0154515404320474 1.0403548104816671 1.065258080531287 1.090161350580907 1.1150646206305266 1.1399678906801465 1.1648711607297664 1.189774430779386 1.214677700829006 1.2395809708786256 1.264484240928288 1.2522647452646039 1.200360173148581 1.1484556010325577 1.0965510289165348 1.0446464568005118 0.9927418846844887 0.9408373125684657 0.8889327404524426 0.8370281683364196 0.7851235962203966 0.7332190241043735 0.6813144519883505 0.6281354644619045 0.5735940980255503 0.519052731589196 0.4645113651528418 0.4099699987164876 0.3554286322801334 0.3008872658437792 0.24634589940742496 0.19180453297107075 0.13726316653471649 0.08272180009836227 0.028180433662008064 0.0 0.0 0.0 0.0 0.0 0.0 0.0 0.0 0.0
0.23255167562620643 0.29931317788576633 0.36607468014532624 0.4328361824048861 0.499597684664446 0.5663591869240059 0.6331206891835658 0.6998821914432395 0.7666436937027994 0.8109924755418905 0.8313815522083229 0.8517706288747554 0.8721597055411878 0.8925487822076204 0.9129378588740528 0.9333269355404853 0.9537160122069177 0.9741050888733502 0.9944941655397826 1.014883242206215 1.0352723188726825 1.0341122122775386 1.009915541224197 0.985718870170855 0.9615221991175131 0.9373255280641712 0.9131288570108295 0.8889321859574877 0.8647355149041458 0.8405388438508039 0.8163421727974621 0.7921455017441204 0.7679488306907785 0.7250200122402057 0.6620661043675492 0.5991121964948927 0.536158288622236 0.4732043807495795 0.4102504728769229 0.3472965650042663 0.2843426571316098 0.22138874925895324 0.1584348413862966 0.09548093351364006 0.03252702564098353 0.0 0.0 0.0 0.0 0.0 0.0 0.0 0.0 0.0
0.1810641437219657 0.23304447973833226 0.2850248157546988 0.3370051517710654 0.3889854877874319 0.44096582380379845 0.492946159820165 0.5449264958366202 0.5969068318529868 0.6314366807013534 0.6473115639845984 0.6631864472678436 0.6790613305510886 0.6949362138343338 0.710811097117579 0.726685980400824 0.7425608636840692 0.7584357469673143 0.7743106302505594 0.7901855135338045 0.8060603968170768 0.8159596792904734 0.8194709092998127 0.8229821393091521 0.8264933693184915 0.8300045993278309 0.8335158293371702 0.8370270593465096 0.840538289355849 0.8440495193651883 0.8475607493745276 0.851071979383867 0.8545832093932064 0.821904560018507 0.750538110709548 0.6791716614005892 0.6078052120916302 0.5364387627826712 0.46507231347371236 0.39370586416475345 0.32233941485579454 0.25097296554683557 0.1796065162378767 0.10824006692891774 0.03687361761995889 0.0 0.0 0.0 0.0 0.0 0.0 0.0 0.0 0.0
0.12957661181772492 0.16677578159089815 0.20397495136407134 0.24117412113724457 0.27837329091041774 0.31557246068359096 0.3527716304567642 0.3899708002300008 0.427169970003174 0.45188088586081615 0.46324157576087394 0.47460226566093167 0.48596295556098945 0.49732364546104724 0.508684335361105 0.5200450252611627 0.5314057151612205 0.5427664050612783 0.554127094961336 0.5654877848613938 0.5768484747614709 0.597807146303408 0.6290262773754286 0.6602454084474492 0.6914645395194697 0.7226836705914904 0.753902801663511 0.7851219327355315 0.8163410638075521 0.8475601948795728 0.8787793259515934 0.9099984570236139 0.9412175880956346 0.9187891077968083 0.839010117051547 0.7592311263062859 0.6794521355610246 0.5996731448157633 0.519894154070502 0.4401151633252406 0.3603361725799793 0.280557181834718 0.20077819108945671 0.12099920034419542 0.04122020959893413 0.0 0.0 0.0 0.0 0.0 0.0 0.0 0.0 0.0
0.0780890799134842 0.10050708344346405 0.12292508697344391 0.14534309050342378 0.16776109403340364 0.1901790975633835 0.21259710109336338 0.23501510462338146 0.25743310815336135 0.27232509102027896 0.2791715875371494 0.2860180840540198 0.2928645805708902 0.2997110770877606 0.30655757360463104 0.31340407012150145 0.32025056663837187 0.3270970631552423 0.3339435596721127 0.3407900561889831 0.3476365527058652 0.37965461331634265 0.4385816454510445 0.49750867758574624 0.5564357097204481 0.6153627418551499 0.6742897739898517 0.7332168061245534 0.7921438382592554 0.8510708703939571 0.9099979025286589 0.9689249346633608 1.0278519667980626 1.0156736555751096 0.927482123393546 0.8392905912119824 0.7510990590304187 0.6629075268488551 0.5747159946672915 0.4865244624857278 0.39833293030416417 0.31014139812260055 0.22194986594103694 0.1337583337594732 0.0455668015779096 0.0 0.0 0.0 0.0 0.0 0.0 0.0 0.0 0.0
