Figures/CREST_Example_wjb_NSE/Rolling_result/20100722/BJP_forecast/ens_35/wjb.rain.20100722.asc
ncols            288
nrows            254
xllcorner        113.274861
yllcorner        31.4918055
cellsize         0.008333333333
NODATA_value     -9999
[rows 200 to 219 of 254, columns 220 to 263 of 288]
15.556370008658947 14.869744167447083 14.18311832623639 13.496492485025696 12.809866643815003 12.123240802604311 11.436614961393616 10.749989120182924 10.06336327897223 9.376737437761538 8.690111596550842 8.28027045609471 8.16631842529296 8.052366394491212 7.938414363689268 7.824462332887519 7.71051030208577 7.596558271284021 7.482606240482272 7.368654209680523 7.254702178878774 7.140750148077025 7.026798117275276 23.480058253132988 23.480058253132988 23.480058253132988 23.480058253132988 23.480058253132988 23.480058253132988 23.480058253132988 23.480058253132988 -9999.0 -9999.0 -9999.0 -9999.0 -9999.0 -9999.0 -9999.0 -9999.0 -9999.0 -9999.0 -9999.0 -9999.0 -9999.0
16.148205351923313 15.440996118036526 14.733786884150945 14.026577650265365 13.319368416379785 12.612159182494205 11.904949948608625 11.197740714723043 10.490531480837465 9.783322246951883 9.076113013066303 8.65523902174496 8.540463885432708 8.425688749120456 8.310913612808008 8.196138476495756 8.081363340183504 7.966588203871252 7.851813067559 7.737037931246748 7.622262794934496 7.507487658622243 7.392712522309991 23.480058253132988 23.480058253132988 23.480058253132988 23.480058253132988 23.480058253132988 23.480058253132988 23.480058253132988 -9999.0 -9999.0 -9999.0 -9999.0 -9999.0 -9999.0 -9999.0 -9999.0 -9999.0 -9999.0 -9999.0 -9999.0 -9999.0 -9999.0
16.74004069518768 16.012248068625972 15.284455442065504 14.556662815505035 13.828870188944567 13.101077562384098 12.373284935823632 11.645492309263165 10.917699682702697 10.189907056142228 9.46211442958176 9.030207587395209 8.914609345572455 8.799011103749699 8.683412861926747 8.567814620103992 8.452216378281237 8.336618136458481 8.221019894635727 8.105421652812971 7.989823410990217 7.874225169167461 7.758626927344707 23.480058253132988 23.480058253132988 23.480058253132988 23.480058253132988 23.480058253132988 23.480058253132988 23.480058253132988 -9999.0 -9999.0 -9999.0 -9999.0 -9999.0 -9999.0 -9999.0 -9999.0 -9999.0 -9999.0 -9999.0 -9999.0 -9999.0 -9999.0
17.331876038452044 16.583500019215414 15.835123999980059 15.086747980744704 14.338371961509349 13.589995942273994 12.841619923038639 12.093243903803284 11.344867884567929 10.596491865332574 9.84811584609722 9.40517615304546 9.288754805712202 9.172333458378944 9.055912111045487 8.939490763712229 8.82306941637897 8.706648069045713 8.590226721712455 8.473805374379197 8.357384027045939 8.24096267971268 8.124541332379422 23.480058253132988 23.480058253132988 23.480058253132988 23.480058253132988 23.480058253132988 23.480058253132988 23.480058253132988 23.480058253132988 -9999.0 -9999.0 -9999.0 -9999.0 -9999.0 -9999.0 -9999.0 -9999.0 -9999.0 -9999.0 -9999.0 -9999.0 -9999.0
17.923711381716664 17.1547519698051 16.38579255789485 15.6168331459846 14.847873734074348 14.078914322164097 13.309954910253847 12.540995498343595 11.772036086433344 11.003076674523093 10.234117262612843 9.780144718695867 9.662900265852107 9.545655813008345 9.428411360164384 9.311166907320622 9.193922454476862 9.0766780016331 8.959433548789338 8.842189095945578 8.724944643101816 8.607700190258054 8.490455737414294 23.480058253132988 23.480058253132988 23.480058253132988 23.480058253132988 23.480058253132988 23.480058253132988 23.480058253132988 -9999.0 -9999.0 -9999.0 -9999.0 -9999.0 -9999.0 -9999.0 -9999.0 -9999.0 -9999.0 -9999.0 -9999.0 -9999.0 -9999.0
18.082603148010488 17.31750159050034 16.552400032991496 15.78729847548265 15.022196917973806 14.257095360464962 13.491993802956118 12.726892245447274 11.961790687938429 11.196689130429586 10.431587572920742 23.480058253132988 23.480058253132988 23.480058253132988 23.480058253132988 23.480058253132988 23.480058253132988 23.480058253132988 23.480058253132988 23.480058253132988 23.480058253132988 23.480058253132988 23.480058253132988 23.480058253132988 23.480058253132988 23.480058253132988 23.480058253132988 23.480058253132988 23.480058253132988 -9999.0 -9999.0 -9999.0 -9999.0 -9999.0 -9999.0 -9999.0 -9999.0 -9999.0 -9999.0 -9999.0 -9999.0 -9999.0 -9999.0 -9999.0
17.778705518179734 17.043587967707644 16.308470417236812 15.57335286676598 14.838235316295147 14.103117765824313 13.36800021535348 12.632882664882647 11.897765114411815 11.16264756394098 10.427530013470147 23.480058253132988 23.480058253132988 23.480058253132988 23.480058253132988 23.480058253132988 23.480058253132988 23.480058253132988 23.480058253132988 23.480058253132988 23.480058253132988 23.480058253132988 23.480058253132988 23.480058253132988 23.480058253132988 23.480058253132988 23.480058253132988 -9999.0 -9999.0 -9999.0 -9999.0 -9999.0 -9999.0 -9999.0 -9999.0 -9999.0 -9999.0 -9999.0 -9999.0 -9999.0 -9999.0 -9999.0 -9999.0 -9999.0
17.474807888348845 16.769674344914836 16.064540801482025 15.359407258049217 14.654273714616407 13.949140171183597 13.244006627750789 12.538873084317979 11.833739540885169 11.128605997452361 10.423472454019551 23.480058253132988 23.480058253132988 23.480058253132988 23.480058253132988 23.480058253132988 23.480058253132988 23.480058253132988 23.480058253132988 23.480058253132988 23.480058253132988 23.480058253132988 23.480058253132988 23.480058253132988 23.480058253132988 23.480058253132988 -9999.0 -9999.0 -9999.0 -9999.0 -9999.0 -9999.0 -9999.0 -9999.0 -9999.0 -9999.0 -9999.0 -9999.0 -9999.0 -9999.0 -9999.0 -9999.0 -9999.0 -9999.0
17.17091025851809 16.495760722122142 15.820611185727344 15.145461649332546 14.470312112937748 13.79516257654295 13.12001304014815 12.444863503753352 11.769713967358554 11.094564430963755 10.419414894568957 23.480058253132988 23.480058253132988 23.480058253132988 23.480058253132988 23.480058253132988 23.480058253132988 23.480058253132988 23.480058253132988 23.480058253132988 23.480058253132988 23.480058253132988 23.480058253132988 23.480058253132988 23.480058253132988 23.480058253132988 -9999.0 -9999.0 -9999.0 -9999.0 -9999.0 -9999.0 -9999.0 -9999.0 -9999.0 -9999.0 -9999.0 -9999.0 -9999.0 -9999.0 -9999.0 -9999.0 -9999.0 -9999.0
16.867012628687334 16.221847099329448 15.57668156997266 14.931516040615872 14.286350511259085 13.641184981902299 12.99601945254551 12.350853923188723 11.705688393831934 11.060522864475148 10.41535733511836 23.480058253132988 23.480058253132988 23.480058253132988 23.480058253132988 23.480058253132988 23.480058253132988 23.480058253132988 23.480058253132988 23.480058253132988 23.480058253132988 23.480058253132988 23.480058253132988 23.480058253132988 23.480058253132988 23.480058253132988 23.480058253132988 -9999.0 -9999.0 -9999.0 -9999.0 -9999.0 -9999.0 -9999.0 -9999.0 -9999.0 -9999.0 -9999.0 -9999.0 -9999.0 -9999.0 -9999.0 -9999.0 -9999.0
16.56311499885645 15.947933476536637 15.332751954217873 14.717570431899109 14.102388909580347 13.487207387261583 12.872025864942819 12.256844342624055 11.641662820305292 11.026481297986528 10.411299775667764 23.480058253132988 23.480058253132988 23.480058253132988 23.480058253132988 23.480058253132988 23.480058253132988 23.480058253132988 23.480058253132988 23.480058253132988 23.480058253132988 23.480058253132988 23.480058253132988 23.480058253132988 23.480058253132988 23.480058253132988 23.480058253132988 -9999.0 -9999.0 -9999.0 -9999.0 -9999.0 -9999.0 -9999.0 -9999.0 -9999.0 -9999.0 -9999.0 -9999.0 -9999.0 -9999.0 -9999.0 -9999.0 -9999.0
16.259217369025695 15.674019853743944 15.088822338463192 14.503624823182438 13.918427307901686 13.333229792620934 12.74803227734018 12.162834762059429 11.577637246778675 10.992439731497923 10.40724221621717 23.480058253132988 23.480058253132988 23.480058253132988 23.480058253132988 23.480058253132988 23.480058253132988 23.480058253132988 23.480058253132988 23.480058253132988 23.480058253132988 23.480058253132988 23.480058253132988 23.480058253132988 23.480058253132988 -9999.0 -9999.0 -9999.0 -9999.0 -9999.0 -9999.0 -9999.0 -9999.0 -9999.0 -9999.0 -9999.0 -9999.0 -9999.0 -9999.0 -9999.0 -9999.0 -9999.0 -9999.0 -9999.0
15.955319739194936 15.400106230951247 14.844892722708506 14.289679214465764 13.734465706223023 13.179252197980283 12.62403868973754 12.068825181494798 11.513611673252058 10.958398165009317 10.403184656766575 23.480058253132988 23.480058253132988 23.480058253132988 23.480058253132988 23.480058253132988 23.480058253132988 23.480058253132988 23.480058253132988 23.480058253132988 23.480058253132988 23.480058253132988 23.480058253132988 23.480058253132988 -9999.0 -9999.0 -9999.0 -9999.0 -9999.0 -9999.0 -9999.0 -9999.0 -9999.0 -9999.0 -9999.0 -9999.0 -9999.0 -9999.0 -9999.0 -9999.0 -9999.0 -9999.0 -9999.0 -9999.0
15.65142210936405 15.126192608158437 14.600963106953719 14.075733605749 13.550504104544284 13.025274603339566 12.500045102134848 11.974815600930132 11.449586099725412 10.924356598520696 10.399127097315978 23.480058253132988 23.480058253132988 23.480058253132988 23.480058253132988 23.480058253132988 23.480058253132988 23.480058253132988 23.480058253132988 23.480058253132988 23.480058253132988 23.480058253132988 -9999.0 -9999.0 -9999.0 -9999.0 -9999.0 -9999.0 -9999.0 -9999.0 -9999.0 -9999.0 -9999.0 -9999.0 -9999.0 -9999.0 -9999.0 -9999.0 -9999.0 -9999.0 -9999.0 -9999.0 -9999.0 -9999.0
15.347524479533295 14.852278985365743 14.357033491199036 13.86178799703233 13.366542502865624 12.871297008698917 12.37605151453221 11.880806020365503 11.385560526198796 10.89031503203209 10.395069537865382 23.480058253132988 23.480058253132988 23.480058253132988 23.480058253132988 23.480058253132988 23.480058253132988 23.480058253132988 23.480058253132988 23.480058253132988 23.480058253132988 -9999.0 -9999.0 -9999.0 -9999.0 -9999.0 -9999.0 -9999.0 -9999.0 -9999.0 -9999.0 -9999.0 -9999.0 -9999.0 -9999.0 -9999.0 -9999.0 -9999.0 -9999.0 -9999.0 -9999.0 -9999.0 -9999.0 -9999.0
15.04362684970254 14.578365362573049 14.113103875444354 13.647842388315658 13.182580901186963 12.717319414058267 12.25205792692957 11.786796439800876 11.321534952672181 10.856273465543484 10.391011978414788 23.480058253132988 23.480058253132988 23.480058253132988 23.480058253132988 23.480058253132988 23.480058253132988 23.480058253132988 23.480058253132988 -9999.0 -9999.0 -9999.0 -9999.0 -9999.0 -9999.0 -9999.0 -9999.0 -9999.0 -9999.0 -9999.0 -9999.0 -9999.0 -9999.0 -9999.0 -9999.0 -9999.0 -9999.0 -9999.0 -9999.0 -9999.0 -9999.0 -9999.0 -9999.0 -9999.0
14.739729219871784 14.304451739780356 13.869174259689672 13.433896779598987 12.998619299508302 12.563341819417618 12.128064339326933 11.692786859236248 11.257509379145564 10.822231899054879 10.386954418964194 23.480058253132988 23.480058253132988 23.480058253132988 23.480058253132988 23.480058253132988 23.480058253132988 23.480058253132988 -9999.0 -9999.0 -9999.0 -9999.0 -9999.0 -9999.0 -9999.0 -9999.0 -9999.0 -9999.0 -9999.0 -9999.0 -9999.0 -9999.0 -9999.0 -9999.0 -9999.0 -9999.0 -9999.0 -9999.0 -9999.0 -9999.0 -9999.0 -9999.0 -9999.0 -9999.0
14.664313062271228 14.267359174986609 13.870405287702669 13.473451400418726 13.076497513134786 12.679543625850844 12.282589738566903 11.885635851282961 11.48868196399902 11.091728076715079 10.694774189431136 23.480058253132988 23.480058253132988 23.480058253132988 23.480058253132988 23.480058253132988 23.480058253132988 23.480058253132988 -9999.0 -9999.0 -9999.0 -9999.0 -9999.0 -9999.0 -9999.0 -9999.0 -9999.0 -9999.0 -9999.0 -9999.0 -9999.0 -9999.0 -9999.0 -9999.0 -9999.0 -9999.0 -9999.0 -9999.0 -9999.0 -9999.0 -9999.0 -9999.0 -9999.0 -9999.0
14.833129198176813 14.483413395273757 14.1336975923713 13.783981789468843 13.434265986566384 13.084550183663925 12.734834380761468 12.385118577859009 12.035402774956552 11.685686972054093 11.335971169151636 23.480058253132988 23.480058253132988 23.480058253132988 23.480058253132988 23.480058253132988 23.480058253132988 23.480058253132988 -9999.0 -9999.0 -9999.0 -9999.0 -9999.0 -9999.0 -9999.0 -9999.0 -9999.0 -9999.0 -9999.0 -9999.0 -9999.0 -9999.0 -9999.0 -9999.0 -9999.0 -9999.0 -9999.0 -9999.0 -9999.0 -9999.0 -9999.0 -9999.0 -9999.0 -9999.0
15.001945334082396 14.699467615560906 14.396989897039932 14.094512178518956 13.792034459997982 13.489556741477006 13.187079022956032 12.884601304435057 12.582123585914083 12.279645867393107 11.977168148872131 23.480058253132988 23.480058253132988 23.480058253132988 23.480058253132988 23.480058253132988 23.480058253132988 -9999.0 -9999.0 -9999.0 -9999.0 -9999.0 -9999.0 -9999.0 -9999.0 -9999.0 -9999.0 -9999.0 -9999.0 -9999.0 -9999.0 -9999.0 -9999.0 -9999.0 -9999.0 -9999.0 -9999.0 -9999.0 -9999.0 -9999.0 -9999.0 -9999.0 -9999.0 -9999.0
