Figures/CREST_Example_wjb_NSE/Rolling_result/20100722/BJP_forecast/ens_35/wjb.rain.20091109.asc
ncols            288
nrows            254
xllcorner        113.274861
yllcorner        31.4918055
cellsize         0.008333333333
NODATA_value     -9999
[rows 160 to 179 of 254, columns 90 to 134 of 288]
6.042362114414573 6.042362114414573 6.042362114414573 6.042362114414573 6.042362114414573 6.042362114414573 6.042362114414573 6.042362114414573 6.042362114414573 6.046501350517731 6.055065523606107 6.063629696694481 6.072193869782857 6.080758042871231 6.089322215959621 6.097886389047996 6.106450562136371 6.115014735224746 6.123578908313122 6.132143081401496 6.140707254489872 6.145132191479206 6.145132191479206 6.145132191479206 6.145132191479206 6.145132191479206 6.145132191479206 6.145132191479206 6.145132191479206 6.145132191479206 6.145132191479206 6.145132191479206 6.145132191479206 6.102472948438821 6.0142100098584805 5.92594707127814 5.837684132697798 5.749421194117457 5.661158255537116 5.572895316956775 5.4846323783762845 5.396369439795943 5.308106501215602 5.219843562635261 5.13158062405492
6.042362114414573 6.042362114414573 6.042362114414573 6.042362114414573 6.042362114414573 6.042362114414573 6.042362114414573 6.042362114414573 6.042362114414573 6.046501350517731 6.055065523606107 6.063629696694481 6.072193869782857 6.080758042871231 6.089322215959621 6.097886389047996 6.106450562136371 6.115014735224746 6.123578908313122 6.132143081401496 6.140707254489872 6.145132191479206 6.145132191479206 6.145132191479206 6.145132191479206 6.145132191479206 6.145132191479206 6.145132191479206 6.145132191479206 6.145132191479206 6.145132191479206 6.145132191479206 6.145132191479206 6.102472948438821 6.0142100098584805 5.92594707127814 5.837684132697798 5.749421194117457 5.661158255537116 5.572895316956775 5.4846323783762845 5.396369439795943 5.308106501215602 5.219843562635261 5.13158062405492
6.042362114414573 6.042362114414573 6.042362114414573 6.042362114414573 6.042362114414573 6.042362114414573 6.042362114414573 6.042362114414573 6.042362114414573 6.046501350517731 6.055065523606107 6.063629696694481 6.072193869782857 6.080758042871231 6.089322215959621 6.097886389047996 6.106450562136371 6.115014735224746 6.123578908313122 6.132143081401496 6.140707254489872 6.145132191479206 6.145132191479206 6.145132191479206 6.145132191479206 6.145132191479206 6.145132191479206 6.145132191479206 6.145132191479206 6.145132191479206 6.145132191479206 6.145132191479206 6.145132191479206 6.102472948438821 6.0142100098584805 5.92594707127814 5.837684132697798 5.749421194117457 5.661158255537116 5.572895316956775 5.4846323783762845 5.396369439795943 5.308106501215602 5.219843562635261 5.13158062405492
6.042362114414573 6.042362114414573 6.042362114414573 6.042362114414573 6.042362114414573 6.042362114414573 6.042362114414573 6.042362114414573 6.042362114414573 6.046501350517731 6.055065523606107 6.063629696694481 6.072193869782857 6.080758042871231 6.089322215959621 6.097886389047996 6.106450562136371 6.115014735224746 6.123578908313122 6.132143081401496 6.140707254489872 6.145132191479206 6.145132191479206 6.145132191479206 6.145132191479206 6.145132191479206 6.145132191479206 6.145132191479206 6.145132191479206 6.145132191479206 6.145132191479206 6.145132191479206 6.145132191479206 6.102472948438821 6.0142100098584805 5.92594707127814 5.837684132697798 5.749421194117457 5.661158255537116 5.572895316956775 5.4846323783762845 5.396369439795943 5.308106501215602 5.219843562635261 5.13158062405492
6.042362114414573 6.042362114414573 6.042362114414573 6.042362114414573 6.042362114414573 6.042362114414573 6.042362114414573 6.042362114414573 6.042362114414573 6.046501350517731 6.055065523606107 6.063629696694481 6.072193869782857 6.080758042871231 6.089322215959621 6.097886389047996 6.106450562136371 6.115014735224746 6.123578908313122 6.132143081401496 6.140707254489872 6.145132191479206 6.145132191479206 6.145132191479206 6.145132191479206 6.145132191479206 6.145132191479206 6.145132191479206 6.145132191479206 6.145132191479206 6.145132191479206 6.145132191479206 6.145132191479206 6.102472948438821 6.0142100098584805 5.92594707127814 5.837684132697798 5.749421194117457 5.661158255537116 5.572895316956775 5.4846323783762845 5.396369439795943 5.308106501215602 5.219843562635261 5.13158062405492
6.042362114414573 6.042362114414573 6.042362114414573 6.042362114414573 6.042362114414573 6.042362114414573 6.042362114414573 6.042362114414573 6.042362114414573 6.046501350517731 6.055065523606107 6.063629696694481 6.072193869782857 6.080758042871231 6.089322215959621 6.097886389047996 6.106450562136371 6.115014735224746 6.123578908313122 6.132143081401496 6.140707254489872 6.145132191479206 6.145132191479206 6.145132191479206 6.145132191479206 6.145132191479206 6.145132191479206 6.145132191479206 6.145132191479206 6.145132191479206 6.145132191479206 6.145132191479206 6.145132191479206 6.102472948438821 6.0142100098584805 5.92594707127814 5.837684132697798 5.749421194117457 5.661158255537116 5.572895316956775 5.4846323783762845 5.396369439795943 5.308106501215602 5.219843562635261 5.13158062405492
6.042362114414573 6.042362114414573 6.042362114414573 6.042362114414573 6.042362114414573 6.042362114414573 6.042362114414573 6.042362114414573 6.042362114414573 6.046501350517731 6.055065523606107 6.063629696694481 6.072193869782857 6.080758042871231 6.089322215959621 6.097886389047996 6.106450562136371 6.115014735224746 6.123578908313122 6.132143081401496 6.140707254489872 6.145132191479206 6.145132191479206 6.145132191479206 6.145132191479206 6.145132191479206 6.145132191479206 6.145132191479206 6.145132191479206 6.145132191479206 6.145132191479206 6.145132191479206 6.145132191479206 6.102472948438821 6.0142100098584805 5.92594707127814 5.837684132697798 5.749421194117457 5.661158255537116 5.572895316956775 5.4846323783762845 5.396369439795943 5.308106501215602 5.219843562635261 5.13158062405492
6.042362114414573 6.042362114414573 6.042362114414573 6.042362114414573 6.042362114414573 6.042362114414573 6.042362114414573 6.042362114414573 6.042362114414573 6.046501350517731 6.055065523606107 6.063629696694481 6.072193869782857 6.080758042871231 6.089322215959621 6.097886389047996 6.106450562136371 6.115014735224746 6.123578908313122 6.132143081401496 6.140707254489872 6.145132191479206 6.145132191479206 6.145132191479206 6.145132191479206 6.145132191479206 6.145132191479206 6.145132191479206 6.145132191479206 6.145132191479206 6.145132191479206 6.145132191479206 6.145132191479206 6.102472948438821 6.0142100098584805 5.92594707127814 5.837684132697798 5.749421194117457 5.661158255537116 5.572895316956775 5.4846323783762845 5.396369439795943 5.308106501215602 5.219843562635261 5.13158062405492
6.042362114414573 6.042362114414573 6.042362114414573 6.042362114414573 6.042362114414573 6.042362114414573 6.042362114414573 6.042362114414573 6.042362114414573 6.046501350517731 6.055065523606107 6.063629696694481 6.072193869782857 6.080758042871231 6.089322215959621 6.097886389047996 6.106450562136371 6.115014735224746 6.123578908313122 6.132143081401496 6.140707254489872 6.145132191479206 6.145132191479206 6.145132191479206 6.145132191479206 6.145132191479206 6.145132191479206 6.145132191479206 6.145132191479206 6.145132191479206 6.145132191479206 6.145132191479206 6.145132191479206 6.102472948438821 6.0142100098584805 5.92594707127814 5.837684132697798 5.749421194117457 5.661158255537116 5.572895316956775 5.4846323783762845 5.396369439795943 5.308106501215602 5.219843562635261 5.13158062405492
6.01972402047398 6.01972402047398 6.01972402047398 6.01972402047398 6.01972402047398 6.01972402047398 6.01972402047398 6.01972402047398 6.01972402047398 6.022416855139309 6.027988390948697 6.033559926758085 6.039131462567473 6.04470299837686 6.050274534186257 6.055846069995645 6.061417605805032 6.06698914161442 6.072560677423808 6.078132213233196 6.083703749042583 6.08658245018932 6.08658245018932 6.08658245018932 6.08658245018932 6.08658245018932 6.08658245018932 6.08658245018932 6.08658245018932 6.08658245018932 6.08658245018932 6.08658245018932 6.08658245018932 6.0445768439629735 5.957666294732736 5.870755745502497 5.783845196272259 5.6969346470420215 5.610024097811784 5.523113548581545 5.436202999351159 5.349292450120921 5.262381900890683 5.175471351660445 5.088560802430207
5.972887231088852 5.972887231088852 5.972887231088852 5.972887231088852 5.972887231088852 5.972887231088852 5.972887231088852 5.972887231088852 5.972887231088852 5.972587552352315 5.971967510270479 5.971347468188643 5.970727426106808 5.970107384024971 5.969487341943135 5.9688672998613 5.968247257779463 5.967627215697628 5.967007173615793 5.966387131533956 5.965767089452121 5.965446726106524 5.965446726106524 5.965446726106524 5.965446726106524 5.965446726106524 5.965446726106524 5.965446726106524 5.965446726106524 5.965446726106524 5.965446726106524 5.965446726106524 5.965446726106524 5.924793453246838 5.840680912334953 5.75656837142307 5.672455830511185 5.588343289599302 5.504230748687418 5.420118207775534 5.336005666863507 5.251893125951622 5.167780585039738 5.083668044127855 4.99955550321597
5.926050441703765 5.926050441703765 5.926050441703765 5.926050441703765 5.926050441703765 5.926050441703765 5.926050441703765 5.926050441703765 5.926050441703765 5.922758249565363 5.915946629592309 5.909135009619256 5.9023233896462015 5.895511769673147 5.888700149700082 5.8818885297270285 5.875076909753974 5.86826528978092 5.861453669807866 5.854642049834813 5.847830429861759 5.844311002023831 5.844311002023831 5.844311002023831 5.844311002023831 5.844311002023831 5.844311002023831 5.844311002023831 5.844311002023831 5.844311002023831 5.844311002023831 5.844311002023831 5.844311002023831 5.805010062530804 5.723695529937271 5.642380997343739 5.561066464750207 5.479751932156675 5.398437399563142 5.31712286696961 5.235808334375939 5.154493801782406 5.073179269188874 4.991864736595343 4.91055020400181
5.879213652318677 5.879213652318677 5.879213652318677 5.879213652318677 5.879213652318677 5.879213652318677 5.879213652318677 5.879213652318677 5.879213652318677 5.87292894677841 5.859925748914138 5.846922551049866 5.833919353185594 5.8209161553213224 5.807912957457028 5.794909759592756 5.781906561728484 5.768903363864212 5.7559001659999405 5.7428969681356685 5.729893770271397 5.723175277941138 5.723175277941138 5.723175277941138 5.723175277941138 5.723175277941138 5.723175277941138 5.723175277941138 5.723175277941138 5.723175277941138 5.723175277941138 5.723175277941138 5.723175277941138 5.685226671814769 5.606710147539589 5.528193623264408 5.449677098989228 5.371160574714048 5.2926440504388665 5.214127526163686 5.135611001888371 5.057094477613191 4.978577953338011 4.90006142906283 4.8215449047876495
5.8323768629335895 5.8323768629335895 5.8323768629335895 5.8323768629335895 5.8323768629335895 5.8323768629335895 5.8323768629335895 5.8323768629335895 5.8323768629335895 5.823099643991458 5.803904868235968 5.784710092480478 5.765515316724988 5.7463205409694975 5.727125765213975 5.707930989458485 5.688736213702994 5.669541437947505 5.650346662192015 5.631151886436524 5.611957110681034 5.602039553858445 5.602039553858445 5.602039553858445 5.602039553858445 5.602039553858445 5.602039553858445 5.602039553858445 5.602039553858445 5.602039553858445 5.602039553858445 5.602039553858445 5.602039553858445 5.5654432810987355 5.489724765141907 5.414006249185078 5.338287733228249 5.2625692172714205 5.186850701314591 5.1111321853577625 5.035413669400804 4.959695153443976 4.883976637487146 4.808258121530318 4.732539605573489
5.7855400735485025 5.7855400735485025 5.7855400735485025 5.7855400735485025 5.7855400735485025 5.7855400735485025 5.7855400735485025 5.7855400735485025 5.7855400735485025 5.7732703412045066 5.747883987557798 5.7224976339110905 5.697111280264382 5.6717249266176735 5.646338572970922 5.620952219324214 5.595565865677505 5.570179512030797 5.544793158384089 5.519406804737381 5.494020451090672 5.480903829775752 5.480903829775752 5.480903829775752 5.480903829775752 5.480903829775752 5.480903829775752 5.480903829775752 5.480903829775752 5.480903829775752 5.480903829775752 5.480903829775752 5.480903829775752 5.445659890382702 5.372739382744224 5.299818875105747 5.22689836746727 5.153977859828792 5.0810573521903155 5.008136844551839 4.935216336913237 4.86229582927476 4.789375321636283 4.716454813997805 4.643534306359328
5.738703284163415 5.738703284163415 5.738703284163415 5.738703284163415 5.738703284163415 5.738703284163415 5.738703284163415 5.738703284163415 5.738703284163415 5.723441038417555 5.6918631068796275 5.660285175341701 5.628707243803775 5.5971293122658485 5.565551380727869 5.533973449189942 5.502395517652015 5.470817586114089 5.439239654576163 5.4076617230382364 5.37608379150031 5.359768105693059 5.359768105693059 5.359768105693059 5.359768105693059 5.359768105693059 5.359768105693059 5.359768105693059 5.359768105693059 5.359768105693059 5.359768105693059 5.359768105693059 5.359768105693059 5.325876499666668 5.255754000346542 5.185631501026417 5.115509001706291 5.045386502386165 4.97526400306604 4.905141503745915 4.83501900442567 4.764896505105544 4.694774005785419 4.624651506465293 4.554529007145168
5.691866494778288 5.691866494778288 5.691866494778288 5.691866494778288 5.691866494778288 5.691866494778288 5.691866494778288 5.691866494778288 5.691866494778288 5.67361173563056 5.635842226201411 5.59807271677226 5.560303207343111 5.5225336979139605 5.484764188484747 5.446994679055597 5.409225169626447 5.371455660197297 5.3336861507681474 5.295916641338998 5.258147131909848 5.2386323816102625 5.2386323816102625 5.2386323816102625 5.2386323816102625 5.2386323816102625 5.2386323816102625 5.2386323816102625 5.2386323816102625 5.2386323816102625 5.2386323816102625 5.2386323816102625 5.2386323816102625 5.206093108950532 5.13876861794876 5.0714441269469885 5.004119635945218 4.936795144943446 4.869470653941675 4.802146162939903 4.7348216719380165 4.6674971809362455 4.600172689934474 4.532848198932703 4.465523707930931
5.6450297053932 5.6450297053932 5.6450297053932 5.6450297053932 5.6450297053932 5.6450297053932 5.6450297053932 5.6450297053932 5.6450297053932 5.6237824328436075 5.57982134552324 5.535860258202872 5.491899170882504 5.4479380835621365 5.403976996241693 5.3600159089213255 5.316054821600957 5.272093734280589 5.228132646960222 5.184171559639854 5.1402104723194855 5.117496657527569 5.117496657527569 5.117496657527569 5.117496657527569 5.117496657527569 5.117496657527569 5.117496657527569 5.117496657527569 5.117496657527569 5.117496657527569 5.117496657527569 5.117496657527569 5.086309718234498 5.021783235551078 4.957256752867658 4.892730270184239 4.828203787500819 4.763677304817399 4.699150822133979 4.63462433945045 4.570097856767029 4.50557137408361 4.44104489140019 4.376518408716771
5.598192916008112 5.598192916008112 5.598192916008112 5.598192916008112 5.598192916008112 5.598192916008112 5.598192916008112 5.598192916008112 5.598192916008112 5.573953130056656 5.52380046484507 5.473647799633484 5.423495134421898 5.373342469210312 5.323189803998639 5.273037138787053 5.222884473575467 5.172731808363881 5.122579143152295 5.072426477940709 5.022273812729123 4.996360933444876 4.996360933444876 4.996360933444876 4.996360933444876 4.996360933444876 4.996360933444876 4.996360933444876 4.996360933444876 4.996360933444876 4.996360933444876 4.996360933444876 4.996360933444876 4.966526327518464 4.904797853153396 4.843069378788328 4.78134090442326 4.719612430058191 4.657883955693124 4.596155481328055 4.534427006962882 4.472698532597814 4.410970058232746 4.349241583867678 4.28751310950261
5.551356126623025 5.551356126623025 5.551356126623025 5.551356126623025 5.551356126623025 5.551356126623025 5.551356126623025 5.551356126623025 5.551356126623025 5.524123827269704 5.4677795841669 5.411435341064095 5.355091097961291 5.298746854858487 5.242402611755587 5.186058368652782 5.129714125549978 5.0733698824471745 5.01702563934437 4.960681396241566 4.904337153138762 4.875225209362183 4.875225209362183 4.875225209362183 4.875225209362183 4.875225209362183 4.875225209362183 4.875225209362183 4.875225209362183 4.875225209362183 4.875225209362183 4.875225209362183 4.875225209362183 4.84674293680243 4.787812470755713 4.728882004708997 4.669951538662281 4.611021072615564 4.552090606568848 4.493160140522131 4.434229674475315 4.375299208428599 4.316368742381882 4.257438276335166 4.198507810288449
