Figures/CREST_Example_wjb_NSE/Rolling_result/20100722/BJP_forecast/ens_35/wjb.rain.20100723.asc
ncols            288
nrows            254
xllcorner        113.274861
yllcorner        31.4918055
cellsize         0.008333333333
NODATA_value     -9999
[rows 220 to 239 of 254, columns 176 to 219 of 288]
0.0 0.0 0.0 0.0 0.0 0.0 0.0 0.09297925340280448 0.28535543235443267 0.4777316113060609 0.6701077902576892 0.8624839692093174 1.0548601481609456 1.2472363271125737 1.439612506064202 1.6319886850158303 1.8243648639674583 2.0167410429190866 2.2091172218707147 2.3396638150635174 2.4041131820540587 2.4685625490445995 2.5330119160351408 2.5974612830256816 2.661910650016223 2.7263600170067637 2.790809383997305 2.8552587509878458 2.919708117978387 2.984157484968928 3.048606851959469 3.07017165326054 3.045891883397069 3.0216121135336387 2.997332343670209 2.973052573806779 2.948772803943349 2.924493034079919 2.900213264216489 2.8759334943530592 2.8516537244896294 2.827373954626199 2.8030941847627693 2.8252368549481957
0.0 0.0 0.0 0.0 0.0 0.0 0.0 0.08206191568899404 0.2518498759053231 0.4216378361216522 0.5914257963379812 0.7612137565543102 0.9310017167706394 1.1007896769869683 1.2705776372032975 1.4403655974196266 1.6101535576359556 1.7799415178522846 1.9497294780686136 2.0649476921541017 2.121829612868979 2.1787115335838565 2.235593454298734 2.2924753750136113 2.3493572957284887 2.406239216443366 2.4631211371582435 2.520003057873121 2.576884978587998 2.6337668993028753 2.6906488200177527 2.709681548733609 2.688252634706383 2.666823720679193 2.645394806652004 2.623965892624814 2.6025369785976245 2.581108064570435 2.5596791505432455 2.538250236516056 2.5168213224888665 2.4953924084616768 2.4739634944344875 2.5105775919716247
0.0 0.0 0.0 0.0 0.0 0.0 0.0 0.07114457797518361 0.21834431945621355 0.36554406093724345 0.5127438024182734 0.6599435438993033 0.8071432853803332 0.9543430268613632 1.101542768342393 1.248742509823423 1.3959422513044528 1.5431419927854828 1.6903417342665128 1.7902315692446864 1.8395460436839 1.8888605181231137 1.9381749925623273 1.987489467001541 2.0368039414407546 2.0861184158799686 2.135432890319182 2.1847473647583957 2.2340618391976093 2.283376313636823 2.332690788076037 2.3491914442066775 2.330613386015697 2.3120353278247476 2.2934572696337985 2.2748792114428498 2.2563011532519006 2.2377230950609515 2.2191450368700023 2.200566978679053 2.181988920488104 2.1634108622971553 2.144832804106206 2.195918328995054
0.0 0.0 0.0 0.0 0.0 0.0 0.0 0.06022724026136853 0.18483876300708968 0.30945028575281086 0.434061808498532 0.5586733312442531 0.6832848539899743 0.8078963767356955 0.9325078994814167 1.0571194222271378 1.181730944972859 1.30634246771858 1.4309539904643012 1.5155154463351537 1.5572624744987005 1.5990095026622473 1.640756530825794 1.682503558989341 1.7242505871528875 1.7659976153164343 1.807744643479981 1.849491671643528 1.8912386998070747 1.9329857279706215 1.974732756134168 1.9887013396795927 1.9729741373248586 1.9572469349701511 1.9415197326154436 1.9257925302607362 1.9100653279060287 1.8943381255513212 1.8786109231966137 1.8628837208419062 1.8471565184871988 1.8314293161324913 1.8157021137777838 1.881259066018349
0.0 0.0 0.0 0.0 0.0 0.0 0.0 0.049309902547558106 0.1513332065579801 0.25335651056840214 0.3553798145788241 0.45740311858924615 0.5594264225996681 0.6614497266100902 0.7634730306205122 0.8654963346309341 0.9675196386413562 1.0695429426517782 1.1715662466622 1.2407993234257382 1.2749789053136211 1.3091584872015043 1.3433380690893875 1.3775176509772704 1.4116972328651536 1.4458768147530365 1.4800563966409197 1.5142359785288027 1.5484155604166858 1.582595142304569 1.616774724192452 1.6282112351526616 1.6153348886341725 1.6024585421157054 1.5895821955972385 1.5767058490787713 1.5638295025603042 1.5509531560418373 1.5380768095233701 1.525200463004903 1.512324116486436 1.499447769967969 1.4865714234495018 1.566599803041778
0.0 0.0 0.0 0.0 0.0 0.0 0.0 0.03839256483374767 0.11782765010887053 0.1972627353839934 0.27669782065911624 0.35613290593423913 0.43556799120936196 0.5150030764844848 0.5944381617596077 0.6738732470347305 0.7533083323098534 0.8327434175849763 0.9121785028600992 0.9660832005163226 0.992695336128542 1.0193074717407613 1.0459196073529808 1.0725317429652002 1.0991438785774195 1.125756014189639 1.1523681498018583 1.1789802854140778 1.2055924210262972 1.2322045566385165 1.258816692250736 1.2677211306257303 1.2576956399434867 1.2476701492612599 1.2376446585790333 1.2276191678968067 1.2175936772145801 1.2075681865323533 1.1975426958501267 1.1875172051679002 1.1774917144856736 1.1674662238034468 1.1574407331212202 1.2519405400652073
0.0 0.0 0.0 0.0 0.0 0.0 0.0 0.02747522711993259 0.08432209365974667 0.14116896019956077 0.19801582673937485 0.2548626932791889 0.311709559819003 0.3685564263588171 0.42540329289863116 0.48225015943844524 0.5390970259782594 0.5959438925180734 0.6527907590578875 0.6913670776067898 0.7104117669433424 0.7294564562798949 0.7485011456164473 0.7675458349529999 0.7865905242895523 0.8056352136261049 0.8246799029626574 0.8437245922992098 0.8627692816357624 0.8818139709723148 0.9008586603088673 0.9072310260986455 0.9000563912526482 0.8928817564066632 0.8857071215606782 0.8785324867146932 0.8713578518687082 0.8641832170227232 0.8570085821767381 0.8498339473307531 0.8426593124847681 0.835484677638783 0.828310042792798 0.9372812770885021
0.0 0.0 0.0 0.0 0.0 0.0 0.0 0.016557889406122163 0.05081653721063711 0.08507518501515204 0.11933383281966699 0.15359248062418193 0.1878511284286969 0.22210977623321182 0.25636842403772675 0.29062707184224174 0.32488571964675667 0.3591443674512716 0.3934030152557865 0.4166509546973744 0.4281281977582632 0.439605440819152 0.4510826838800408 0.4625599269409296 0.47403717000181844 0.4855144130627072 0.496991656123596 0.5084688991844848 0.5199461422453736 0.5314233853062624 0.5429006283671513 0.5467409215717143 0.5424171425619623 0.5380933635522177 0.533769584542473 0.5294458055327285 0.5251220265229839 0.5207982475132392 0.5164744685034947 0.51215068949375 0.5078269104840054 0.5035031314742608 0.4991793524645162 0.6226220141119311
0.0 0.0 0.0 0.0 0.0 0.0 0.0 0.005640551692311735 0.017310980761527536 0.02898140983074334 0.040651838899959145 0.05232226796917495 0.06399269703839075 0.07566312610760655 0.08733355517682236 0.09900398424603815 0.11067441331525396 0.12234484238446976 0.13401527145368555 0.14193483178795885 0.14584462857318398 0.1497544253584091 0.1536642221436342 0.15757401892885933 0.16148381571408443 0.16539361249930956 0.1693034092845347 0.1732132060697598 0.17712300285498492 0.18103279964021002 0.18494259642543515 0.18625081704478305 0.18477789387127636 0.18330497069777216 0.18183204752426796 0.1803591243507638 0.1788862011772596 0.1774132780037554 0.1759403548302512 0.174467431656747 0.1729945084832428 0.1715215853097386 0.17004866213623443 0.3079627511353602
2.864257077472567 2.864257077472567 2.864257077472567 2.864257077472567 2.864257077472567 2.864257077472567 2.864257077472567 2.864257077472567 2.864257077472567 2.864257077472567 2.864257077472567 2.864257077472567 2.864257077472567 2.864257077472567 2.864257077472567 2.864257077472567 2.864257077472567 2.864257077472567 2.864257077472567 0.0 0.0 0.0 0.0 0.0 0.0 0.0 0.0 0.0 0.0 0.0 0.0 0.0 0.0 0.0 0.0 0.0 0.0 0.0 0.0 0.0 0.0 0.0 0.0 2.864257077472567
2.864257077472567 2.864257077472567 2.864257077472567 2.864257077472567 2.864257077472567 2.864257077472567 2.864257077472567 2.864257077472567 2.864257077472567 2.864257077472567 2.864257077472567 2.864257077472567 2.864257077472567 2.864257077472567 2.864257077472567 2.864257077472567 2.864257077472567 2.864257077472567 2.864257077472567 0.0 0.0 0.0 0.0 0.0 0.0 0.0 0.0 0.0 0.0 0.0 0.0 0.0 0.0 0.0 0.0 0.0 0.0 0.0 0.0 0.0 0.0 0.0 0.0 2.864257077472567
2.864257077472567 2.864257077472567 2.864257077472567 2.864257077472567 2.864257077472567 2.864257077472567 2.864257077472567 2.864257077472567 2.864257077472567 2.864257077472567 2.864257077472567 2.864257077472567 2.864257077472567 2.864257077472567 2.864257077472567 2.864257077472567 2.864257077472567 2.864257077472567 2.864257077472567 0.0 0.0 0.0 0.0 0.0 0.0 0.0 0.0 0.0 0.0 0.0 0.0 0.0 0.0 0.0 0.0 0.0 0.0 0.0 0.0 0.0 0.0 0.0 0.0 2.864257077472567
2.864257077472567 2.864257077472567 2.864257077472567 2.864257077472567 2.864257077472567 2.864257077472567 2.864257077472567 2.864257077472567 2.864257077472567 2.864257077472567 2.864257077472567 2.864257077472567 2.864257077472567 2.864257077472567 2.864257077472567 2.864257077472567 2.864257077472567 2.864257077472567 2.864257077472567 0.0 0.0 0.0 0.0 0.0 0.0 0.0 0.0 0.0 0.0 0.0 0.0 0.0 0.0 0.0 0.0 0.0 0.0 0.0 0.0 0.0 0.0 0.0 0.0 2.864257077472567
2.864257077472567 2.864257077472567 2.864257077472567 2.864257077472567 2.864257077472567 2.864257077472567 2.864257077472567 2.864257077472567 2.864257077472567 2.864257077472567 2.864257077472567 2.864257077472567 2.864257077472567 2.864257077472567 2.864257077472567 2.864257077472567 2.864257077472567 2.864257077472567 2.864257077472567 0.0 0.0 0.0 0.0 0.0 0.0 0.0 0.0 0.0 0.0 0.0 0.0 0.0 0.0 0.0 0.0 0.0 0.0 0.0 0.0 0.0 0.0 0.0 0.0 2.864257077472567
2.864257077472567 2.864257077472567 2.864257077472567 2.864257077472567 2.864257077472567 2.864257077472567 2.864257077472567 2.864257077472567 2.864257077472567 2.864257077472567 2.864257077472567 2.864257077472567 2.864257077472567 2.864257077472567 2.864257077472567 2.864257077472567 2.864257077472567 2.864257077472567 2.864257077472567 0.0 0.0 0.0 0.0 0.0 0.0 0.0 0.0 0.0 0.0 0.0 0.0 0.0 0.0 0.0 0.0 0.0 0.0 0.0 0.0 0.0 0.0 0.0 0.0 2.864257077472567
2.864257077472567 2.864257077472567 2.864257077472567 2.864257077472567 2.864257077472567 2.864257077472567 2.864257077472567 2.864257077472567 2.864257077472567 2.864257077472567 2.864257077472567 2.864257077472567 2.864257077472567 2.864257077472567 2.864257077472567 2.864257077472567 2.864257077472567 2.864257077472567 2.864257077472567 0.0 0.0 0.0 0.0 0.0 0.0 0.0 0.0 0.0 0.0 0.0 0.0 0.0 0.0 0.0 0.0 0.0 0.0 0.0 0.0 0.0 0.0 0.0 0.0 2.864257077472567
2.864257077472567 2.864257077472567 2.864257077472567 2.864257077472567 2.864257077472567 2.864257077472567 2.864257077472567 2.864257077472567 2.864257077472567 2.864257077472567 2.864257077472567 2.864257077472567 2.864257077472567 2.864257077472567 2.864257077472567 2.864257077472567 2.864257077472567 2.864257077472567 2.864257077472567 0.0 0.0 0.0 0.0 0.0 0.0 0.0 0.0 0.0 0.0 0.0 0.0 0.0 0.0 0.0 0.0 0.0 0.0 0.0 0.0 0.0 0.0 0.0 0.0 2.864257077472567
2.864257077472567 2.864257077472567 2.864257077472567 2.864257077472567 2.864257077472567 2.864257077472567 2.864257077472567 2.864257077472567 2.864257077472567 2.864257077472567 2.864257077472567 2.864257077472567 2.864257077472567 2.864257077472567 2.864257077472567 2.864257077472567 2.864257077472567 2.864257077472567 2.864257077472567 0.0 0.0 0.0 0.0 0.0 0.0 0.0 0.0 0.0 0.0 0.0 0.0 0.0 0.0 0.0 0.0 0.0 0.0 0.0 0.0 0.0 0.0 0.0 0.0 2.864257077472567
-9999.0 2.864257077472567 2.864257077472567 2.864257077472567 2.864257077472567 2.864257077472567 2.864257077472567 2.864257077472567 2.864257077472567 2.864257077472567 2.864257077472567 2.864257077472567 2.864257077472567 2.864257077472567 2.864257077472567 2.864257077472567 2.864257077472567 2.864257077472567 2.864257077472567 0.0 0.0 0.0 0.0 0.0 0.0 0.0 0.0 0.0 0.0 0.0 0.0 0.0 0.0 0.0 0.0 0.0 0.0 0.0 0.0 0.0 0.0 0.0 0.0 2.864257077472567
-9999.0 -9999.0 -9999.0 -9999.0 -9999.0 -9999.0 -9999.0 2.864257077472567 2.864257077472567 2.864257077472567 2.864257077472567 2.864257077472567 2.864257077472567 2.864257077472567 2.864257077472567 2.864257077472567 2.864257077472567 2.864257077472567 2.864257077472567 0.0 0.0 0.0 0.0 0.0 0.0 0.0 0.0 0.0 0.0 0.0 0.0 0.0 0.0 0.0 0.0 0.0 0.0 0.0 0.0 0.0 0.0 0.0 0.0 2.864257077472567
