Figures/CREST_Example_wjb_NSE/Rolling_result/20100722/BJP_forecast/ens_35/wjb.rain.20091129.asc
ncols            288
nrows            254
xllcorner        113.274861
yllcorner        31.4918055
cellsize         0.008333333333
NODATA_value     -9999
[rows 46 to 68 of 254, columns 106 to 158 of 288]
0.0 0.0 0.0 0.0 0.0 0.0 0.0 0.0 0.0 0.0 0.0 0.0 0.0 0.0 0.0 0.0 0.0 0.0 0.0 0.0 0.0 0.0 0.0 0.0 0.0 0.0 0.0 0.0 0.0 0.0009691708356166631 0.0029744072140967678 0.004979643592576872 0.006984879971056976 0.008990116349537081 0.010995352728017186 0.01300058910649729 0.015005825484977395 0.01701106186346092 0.019016298241941024 0.02102153462042113 0.023026770998901235 0.024062836542725563 0.024062836542725563 0.024062836542725563 0.024062836542725563 0.024062836542725563 0.024062836542725563 0.024062836542725563 0.024062836542725563 0.024062836542725563 0.024062836542725563 0.024062836542725563 0.024062836542725563
0.0 0.0 0.0 0.0 0.0 0.0 0.0 0.0 0.0 0.0 0.0 0.0 0.0 0.0 0.0 0.0 0.0 0.0 0.0 0.0 0.0 0.0 0.0 0.0 0.0 0.0 0.0 0.0 0.0 0.0009691708356166631 0.0029744072140967678 0.004979643592576872 0.006984879971056976 0.008990116349537081 0.010995352728017186 0.01300058910649729 0.015005825484977395 0.01701106186346092 0.019016298241941024 0.02102153462042113 0.023026770998901235 0.024062836542725563 0.024062836542725563 0.024062836542725563 0.024062836542725563 0.024062836542725563 0.024062836542725563 0.024062836542725563 0.024062836542725563 0.024062836542725563 0.024062836542725563 0.024062836542725563 0.024062836542725563
0.0 0.0 0.0 0.0 0.0 0.0 0.0 0.0 0.0 0.0 0.0 0.0 0.0 0.0 0.0 0.0 0.0 0.0 0.0 0.0 0.0 0.0 0.0 0.0 0.0 0.0 0.0 0.0 0.0 0.0009691708356166631 0.0029744072140967678 0.004979643592576872 0.006984879971056976 0.008990116349537081 0.010995352728017186 0.01300058910649729 0.015005825484977395 0.01701106186346092 0.019016298241941024 0.02102153462042113 0.023026770998901235 0.024062836542725563 0.024062836542725563 0.024062836542725563 0.024062836542725563 0.024062836542725563 0.024062836542725563 0.024062836542725563 0.024062836542725563 0.024062836542725563 0.024062836542725563 0.024062836542725563 0.024062836542725563
0.0 0.0 0.0 0.0 0.0 0.0 0.0 0.0 0.0 0.0 0.0 0.0 0.0 0.0 0.0 0.0 0.0 3.5805675203491026e-05 0.00010988842693730735 0.0001839711786711237 0.00025805393040494 0.00033213668213875636 0.00040621943387257267 0.00048030218560638903 0.0005543849373403317 0.000628467689074148 0.0007025504408079644 0.0007766331925417807 0.000850715944275597 0.001844542805200589 0.00382159692056343 0.005798651035926272 0.007775705151289112 0.009752759266651954 0.011729813382014795 0.013706867497377637 0.015683921612740476 0.01766097572810669 0.01963802984346953 0.02161508395883237 0.023592138074195215 0.0246136424061464 0.0246136424061464 0.0246136424061464 0.0246136424061464 0.0246136424061464 0.0246136424061464 0.0246136424061464 0.0246136424061464 0.0246136424061464 0.0246136424061464 0.0246136424061464 0.0246136424061464
0.0 0.0 0.0 0.0 0.0 0.0 0.0 0.0 0.0 0.0 0.0 0.0 0.0 0.0 0.0 0.0 0.0 0.00010988535947557705 0.000337240653264776 0.0005645959470539749 0.0007919512408431739 0.0010193065346323729 0.0012466618284215716 0.0014740171222107706 0.0017013724160003572 0.0019287277097895562 0.002156083003578755 0.002383438297367954 0.002610793591157153 0.0036556322137614077 0.00557437900376494 0.007493125793768472 0.009411872583772003 0.011330619373775535 0.013249366163779067 0.015168112953782599 0.017086859743786133 0.019005606533792935 0.020924353323796465 0.0228431001138 0.02476184690380353 0.025753225006545206 0.025753225006545206 0.025753225006545206 0.025753225006545206 0.025753225006545206 0.025753225006545206 0.025753225006545206 0.025753225006545206 0.025753225006545206 0.025753225006545206 0.025753225006545206 0.025753225006545206
0.0 0.0 0.0 0.0 0.0 0.0 0.0 0.0 0.0 0.0 0.0 0.0 0.0 0.0 0.0 0.0 0.0 0.0001839650437476631 0.0005645928795922446 0.0009452207154368261 0.0013258485512814076 0.0017064763871259892 0.0020871042229705706 0.0024677320588151522 0.0028483598946603826 0.0032289877305049642 0.003609615566349546 0.003990243402194127 0.004370871238038709 0.005466721622322226 0.007327161086966448 0.009187600551610671 0.011048040016254894 0.012908479480899116 0.014768918945543339 0.01662935841018756 0.018489797874831782 0.020350237339479178 0.022210676804123402 0.024071116268767623 0.025931555733411844 0.026892807606944014 0.026892807606944014 0.026892807606944014 0.026892807606944014 0.026892807606944014 0.026892807606944014 0.026892807606944014 0.026892807606944014 0.026892807606944014 0.026892807606944014 0.026892807606944014 0.026892807606944014
0.0 0.0 0.0 0.0 0.0 0.0 0.0 0.0 0.0 0.0 0.0 0.0 0.0 0.0 0.0 0.0 0.0 0.0002580447280197491 0.0007919451059197132 0.0013258454838196772 0.0018597458617196413 0.002393646239619605 0.0029275466175195694 0.0034614469954195332 0.003995347373320408 0.004529247751220372 0.005063148129120336 0.0055970485070203 0.0061309488849202644 0.007277811030883045 0.009079943170167958 0.010882075309452871 0.012684207448737782 0.014486339588022696 0.01628847172730761 0.01809060386659252 0.01989273600587743 0.02169486814516542 0.023497000284450332 0.025299132423735243 0.027101264563020158 0.028032390207342817 0.028032390207342817 0.028032390207342817 0.028032390207342817 0.028032390207342817 0.028032390207342817 0.028032390207342817 0.028032390207342817 0.028032390207342817 0.028032390207342817 0.028032390207342817 0.028032390207342817
0.0 0.0 0.0 0.0 0.0 0.0 0.0 0.0 0.0 0.0 0.0 0.0 0.0 0.0 0.0 0.0 0.0 0.00033212441229189826 0.0010192973322473756 0.0017064702522028529 0.00239364317215833 0.0030808160921138076 0.003767989012069285 0.004455161932024762 0.005142334851981411 0.005829507771936889 0.006516680691892366 0.007203853611847843 0.00789102653180332 0.009088900439445408 0.010832725253370961 0.012576550067296514 0.014320374881222068 0.01606419969514762 0.01780802450907317 0.019551849322998728 0.021295674136924278 0.023039498950852805 0.024783323764778358 0.02652714857870391 0.028270973392629465 0.029171972807742592 0.029171972807742592 0.029171972807742592 0.029171972807742592 0.029171972807742592 0.029171972807742592 0.029171972807742592 0.029171972807742592 0.029171972807742592 0.029171972807742592 0.029171972807742592 0.029171972807742592
0.0 0.0 0.0 0.0 0.0 0.0 0.0 0.0 0.0 0.0 0.0 0.0 0.0 0.0 0.0 0.0 0.0 0.0004062040965639843 0.0012466495585748442 0.002087095020585704 0.002927540482596564 0.003767985944607424 0.004608431406618284 0.0054488768686291435 0.006289322330641437 0.007129767792652297 0.007970213254663157 0.008810658716674016 0.009651104178684877 0.010899989848006227 0.01258550733657247 0.014271024825138715 0.015956542313704955 0.017642059802271202 0.019327577290837443 0.02101309477940369 0.02269861226796993 0.02438412975653905 0.02606964724510529 0.027755164733671536 0.02944068222223778 0.0303115554081414 0.0303115554081414 0.0303115554081414 0.0303115554081414 0.0303115554081414 0.0303115554081414 0.0303115554081414 0.0303115554081414 0.0303115554081414 0.0303115554081414 0.0303115554081414 0.0303115554081414
0.0 0.0 0.0 0.0 0.0 0.0 0.0 0.0 0.0 0.0 0.0 0.0 0.0 0.0 0.0 0.0 0.0 0.00048028378083607047 0.0014740017849023132 0.002467719788968556 0.003461437793034799 0.004455155797101041 0.005448873801167284 0.006442591805233527 0.007436309809301464 0.008430027813367706 0.00942374581743395 0.010417463821500193 0.011411181825566436 0.012711079256567046 0.01433828941977398 0.015965499582980915 0.01759270974618785 0.019219919909394784 0.020847130072601715 0.022474340235808653 0.024101550399015584 0.025728760562225294 0.02735597072543223 0.02898318088863916 0.030610391051846098 0.03145113800854021 0.03145113800854021 0.03145113800854021 0.03145113800854021 0.03145113800854021 0.03145113800854021 0.03145113800854021 0.03145113800854021 0.03145113800854021 0.03145113800854021 0.03145113800854021 0.03145113800854021
0.0 0.0 0.0 0.0 0.0 0.0 0.0 0.0 0.0 0.0 0.0 0.0 0.0 0.0 0.0 0.0 0.0 0.0005543634651081564 0.0017013540112297816 0.002848344557351407 0.003995335103473032 0.005142325649594657 0.006289316195716282 0.007436306741837907 0.008583297287961488 0.009730287834083114 0.01087727838020474 0.012024268926326364 0.01317125947244799 0.014522168665127864 0.01609107150297549 0.017659974340823115 0.01922887717867074 0.020797780016518365 0.022366682854365987 0.023935585692213615 0.025504488530061237 0.027073391367911537 0.028642294205759162 0.030211197043606787 0.03178009988145441 0.032590720608939014 0.032590720608939014 0.032590720608939014 0.032590720608939014 0.032590720608939014 0.032590720608939014 0.032590720608939014 0.032590720608939014 0.032590720608939014 0.032590720608939014 0.032590720608939014 0.032590720608939014
0.0 0.0 0.0 0.0 0.0 0.0 0.0 0.0 0.0 0.0 0.0 0.0 0.0 0.0 0.0 0.0 0.0 0.0006284431493802425 0.0019287062375572504 0.003228969325734258 0.004529232413911267 0.005829495502088274 0.007129758590265282 0.00843002167844229 0.009730284766621515 0.011030547854798524 0.01233081094297553 0.013631074031152539 0.014931337119329547 0.016333258073688683 0.017843853586177 0.019354449098665315 0.020865044611153627 0.022375640123641946 0.02388623563613026 0.025396831148618574 0.02690742666110689 0.028418022173597783 0.029928617686086095 0.03143921319857441 0.03294980871106273 0.03373030320933782 0.03373030320933782 0.03373030320933782 0.03373030320933782 0.03373030320933782 0.03373030320933782 0.03373030320933782 0.03373030320933782 0.03373030320933782 0.03373030320933782 0.03373030320933782 0.03373030320933782
0.0 0.0 0.0 0.0 0.0 0.0 0.0 0.0 0.0 0.0 0.0 0.0 0.0 0.0 0.0 0.0 0.0 0.0007025228336523285 0.002156058463884719 0.0036095940941171093 0.005063129724349499 0.00651666535458189 0.00797020098481428 0.00942373661504667 0.01087727224528154 0.01233080787551393 0.01378434350574632 0.01523787913597871 0.0166914147662111 0.0181443474822495 0.019596635669378505 0.02104892385650751 0.022501212043636518 0.023953500230765524 0.02540578841789453 0.026858076605023533 0.02831036479215254 0.029762652979284022 0.031214941166413025 0.032667229353542035 0.03411951754067104 0.03486988580973663 0.03486988580973663 0.03486988580973663 0.03486988580973663 0.03486988580973663 0.03486988580973663 0.03486988580973663 0.03486988580973663 0.03486988580973663 0.03486988580973663 0.03486988580973663 0.03486988580973663
0.0 0.0 0.0 0.0 0.0 0.0 0.0 0.0 0.0 0.0 0.0 0.0 0.0 0.0 0.0 0.0 0.0 0.0007766025179244778 0.0023834106902123815 0.003990218862500285 0.005597027034788189 0.007203835207076093 0.008810643379363997 0.0104174515516519 0.012024259723942544 0.013631067896230448 0.015237876068518352 0.016844684240806256 0.01845149241309416 0.019955436890811865 0.021349417752581513 0.022743398614351158 0.024137379476120803 0.025531360337890448 0.026925341199660096 0.02831932206142974 0.029713302923199385 0.031107283784971407 0.03250126464674105 0.033895245508510696 0.03528922637028034 0.0360094684101364 0.0360094684101364 0.0360094684101364 0.0360094684101364 0.0360094684101364 0.0360094684101364 0.0360094684101364 0.0360094684101364 0.0360094684101364 0.0360094684101364 0.0360094684101364 0.0360094684101364
0.0 0.0 0.0 0.0 0.0 0.0 0.0 0.0 0.0 0.0 0.0 0.0 0.0 0.0 0.0 0.0 0.0 0.0008506822021965638 0.00261076291653985 0.004370843630883137 0.006130924345226423 0.00789100505956971 0.009651085773912996 0.011411166488256283 0.01317124720260257 0.014931327916945857 0.016691408631289144 0.01845148934563243 0.020211570059975717 0.021766526299372684 0.02310219983578302 0.02443787337219336 0.025773546908603694 0.02710922044501403 0.028444893981424364 0.0297805675178347 0.03111624105424504 0.03245191459065765 0.03378758812706799 0.035123261663478324 0.03645893519988866 0.03714905101053521 0.03714905101053521 0.03714905101053521 0.03714905101053521 0.03714905101053521 0.03714905101053521 0.03714905101053521 0.03714905101053521 0.03714905101053521 0.03714905101053521 0.03714905101053521 0.03714905101053521
0.0 0.0 0.0 0.0 0.0 0.0 0.0 0.0 0.0 0.0 0.0 0.0 0.0 0.0 0.0 0.0 0.0 0.0008531505361327907 0.002618338289210982 0.0043835260422891735 0.006148713795367365 0.007913901548445556 0.009679089301523747 0.011444277054601939 0.01320946480768314 0.014974652560761331 0.016739840313839523 0.018505028066917714 0.020270215819995906 0.021848222077600687 0.023226127083089007 0.02460403208857733 0.025981937094065655 0.027359842099553975 0.0287377471050423 0.03011565211053062 0.03149355711601894 0.03287146212150961 0.034249367126997936 0.03562727213248626 0.03700517713797458 0.03771711310431267 0.03771711310431267 0.03771711310431267 0.03771711310431267 0.03771711310431267 0.03771711310431267 0.03771711310431267 0.03771711310431267 0.03771711310431267 0.03771711310431267 0.03771711310431267 0.03771711310431267
0.0 0.0 0.0 0.0 0.0 0.0 0.0 0.0 0.0 0.0 0.0 0.0 0.0 0.0 0.0 0.0 0.0 0.0007790708518607046 0.0023909860628835134 0.004002901273906322 0.005614816484929131 0.0072267316959519394 0.008838646906974747 0.010450562117997556 0.012062477329023115 0.013674392540045922 0.01528630775106873 0.01689822296209154 0.018510138173114348 0.020081305108223965 0.02160891121478483 0.023136517321345692 0.024664123427906557 0.026191729534467422 0.027719335641028284 0.02924694174758915 0.030774547854150014 0.03230215396071348 0.033829760067274346 0.03535736617383521 0.03688497228039607 0.0376742558125166 0.0376742558125166 0.0376742558125166 0.0376742558125166 0.0376742558125166 0.0376742558125166 0.0376742558125166 0.0376742558125166 0.0376742558125166 0.0376742558125166 0.0376742558125166 0.0376742558125166
0.0 0.0 0.0 0.0 0.0 0.0 0.0 0.0 0.0 0.0 0.0 0.0 0.0 0.0 0.0 0.0 0.0 0.0007049911675886186 0.002163633836556045 0.003622276505523471 0.005080919174490897 0.006539561843458323 0.00799820451242575 0.009456847181393176 0.01091548985036309 0.012374132519330516 0.013832775188297942 0.015291417857265368 0.016750060526232794 0.018314388138847247 0.01999169534648065 0.021669002554114053 0.02334630976174746 0.025023616969380866 0.02670092417701427 0.02837823138464767 0.030055538592281078 0.03173284579991734 0.03341015300755075 0.03508746021518415 0.036764767422817556 0.03763139852072052 0.03763139852072052 0.03763139852072052 0.03763139852072052 0.03763139852072052 0.03763139852072052 0.03763139852072052 0.03763139852072052 0.03763139852072052 0.03763139852072052 0.03763139852072052 0.03763139852072052
0.0 0.0 0.0 0.0 0.0 0.0 0.0 0.0 0.0 0.0 0.0 0.0 0.0 0.0 0.0 0.0 0.0 0.0006309114833165326 0.001936281610228576 0.0032416517371406193 0.004547021864052663 0.005852391990964706 0.00715776211787675 0.008463132244788793 0.009768502371703063 0.011073872498615106 0.01237924262552715 0.013684612752439193 0.014989982879351237 0.016547471169470526 0.01837447947817647 0.020201487786882417 0.022028496095588365 0.02385550440429431 0.025682512713000254 0.0275095210217062 0.02933652933041215 0.03116353763912121 0.03299054594782715 0.0348175542565331 0.03664456256523904 0.037588541228924445 0.037588541228924445 0.037588541228924445 0.037588541228924445 0.037588541228924445 0.037588541228924445 0.037588541228924445 0.037588541228924445 0.037588541228924445 0.037588541228924445 0.037588541228924445 0.037588541228924445
0.0 0.0 0.0 0.0 0.0 0.0 0.0 0.0 0.0 0.0 0.0 0.0 0.0 0.0 0.0 0.0 0.0 0.0005568317990444465 0.0017089293839011072 0.002861026968757768 0.0040131245536144285 0.005165222138471089 0.00631731972332775 0.007469417308184411 0.008621514893043036 0.009773612477899696 0.010925710062756357 0.012077807647613018 0.013229905232469679 0.014780554200093804 0.016757263609872293 0.01873397301965078 0.020710682429429268 0.022687391839207753 0.024664101248986242 0.02664081065876473 0.02861752006854322 0.030594229478325075 0.032570938888103564 0.03454764829788205 0.03652435770766054 0.03754568393712837 0.03754568393712837 0.03754568393712837 0.03754568393712837 0.03754568393712837 0.03754568393712837 0.03754568393712837 0.03754568393712837 0.03754568393712837 0.03754568393712837 0.03754568393712837 0.03754568393712837
0.0 0.0 0.0 0.0 0.0 0.0 0.0 0.0 0.0 0.0 0.0 0.0 0.0 0.0 0.0 0.0 0.0 0.00048275211477229727 0.0014815771575734447 0.0024804022003745924 0.0034792272431757396 0.004478052285976887 0.005476877328778035 0.006475702371579182 0.007474527414382033 0.00847335245718318 0.009472177499984328 0.010471002542785475 0.011469827585586623 0.013013637230715578 0.015140047741566734 0.01726645825241789 0.019392868763269046 0.0215192792741202 0.023645689784971356 0.025772100295822515 0.027898510806673674 0.03002492131752845 0.032151331828379606 0.03427774233923077 0.036404152850081924 0.037502826645332256 0.037502826645332256 0.037502826645332256 0.037502826645332256 0.037502826645332256 0.037502826645332256 0.037502826645332256 0.037502826645332256 0.037502826645332256 0.037502826645332256 0.037502826645332256 0.037502826645332256
0.0 0.0 0.0 0.0 0.0 0.0 0.0 0.0 0.0 0.0 0.0 0.0 0.0 0.0 0.0 0.0 0.0 0.0004086724305002113 0.0012542249312459761 0.002099777431991741 0.0029453299327375057 0.0037908824334832707 0.004636434934229035 0.005481987434974801 0.006327539935722008 0.007173092436467772 0.008018644937213538 0.008864197437959302 0.009709749938705067 0.011246720261338859 0.013522831873262555 0.01579894348518625 0.018075055097109948 0.020351166709033645 0.022627278320957345 0.02490338993288104 0.027179501544804738 0.029455613156732313 0.03173172476865601 0.034007836380579706 0.0362839479925034 0.037459969353536175 0.037459969353536175 0.037459969353536175 0.037459969353536175 0.037459969353536175 0.037459969353536175 0.037459969353536175 0.037459969353536175 0.037459969353536175 0.037459969353536175 0.037459969353536175 0.037459969353536175
0.0 0.0 0.0 0.0 0.0 0.0 0.0 0.0 0.0 0.0 0.0 0.0 0.0 0.0 0.0 0.0 0.0 0.00033459274622812523 0.0010268727049185075 0.00171915266360889 0.0024114326222992723 0.0031037125809896546 0.003795992539680037 0.004488272498370419 0.005180552457061982 0.0058728324157523645 0.0065651123744427465 0.007257392333133129 0.007949672291823511 0.009479803291962137 0.011905616004958377 0.014331428717954614 0.01675724143095085 0.01918305414394709 0.02160886685694333 0.024034679569939564 0.026460492282935802 0.028886304995936182 0.03131211770893242 0.03373793042192866 0.036163743134924896 0.0374171120617401 0.0374171120617401 0.0374171120617401 0.0374171120617401 0.0374171120617401 0.0374171120617401 0.0374171120617401 0.0374171120617401 0.0374171120617401 0.0374171120617401 0.0374171120617401 0.0374171120617401
