Figures/CREST_Example_wjb_NSE/Rolling_result/20100722/BJP_forecast/ens_35/wjb.rain.20100727.asc
ncols            288
nrows            254
xllcorner        113.274861
yllcorner        31.4918055
cellsize         0.008333333333
NODATA_value     -9999
[rows 125 to 149 of 254, columns 0 to 55 of 288]
-9999.0 -9999.0 -9999.0 -9999.0 -9999.0 -9999.0 -9999.0 -9999.0 -9999.0 -9999.0 -9999.0 0.061527419880108423 0.061527419880108423 0.061527419880108423 0.061527419880108423 0.061527419880108423 0.061527419880108423 0.061527419880108423 0.061527419880108423 0.061527419880108423 0.061527419880108423 0.061527419880108423 0.061527419880108423 0.061527419880108423 0.061527419880108423 0.061527419880108423 0.061527419880108423 0.061527419880108423 0.061527419880108423 0.061527419880108423 0.061527419880108423 0.061527419880108423 0.061527419880108423 0.061527419880108423 0.061527419880108423 0.061527419880108423 0.061527419880108423 0.061527419880108423 0.061527419880108423 0.020215012553185592 0.06204033039310645 0.10386564823302731 0.14569096607294815 0.187516283912869 0.22934160175278986 0.2711669195927107 0.3129922374326316 0.35481755527255243 0.3966428731124733 0.43846819095239414 0.480293508792315 0.49517212038572384 0.48124409393956363 0.46731606749342725 0.4533880410472908 0.4394600146011544
-9999.0 -9999.0 -9999.0 -9999.0 -9999.0 -9999.0 -9999.0 -9999.0 -9999.0 -9999.0 -9999.0 0.061527419880108423 0.061527419880108423 0.061527419880108423 0.061527419880108423 0.061527419880108423 0.061527419880108423 0.061527419880108423 0.061527419880108423 0.061527419880108423 0.061527419880108423 0.061527419880108423 0.061527419880108423 0.061527419880108423 0.061527419880108423 0.061527419880108423 0.061527419880108423 0.061527419880108423 0.061527419880108423 0.061527419880108423 0.061527419880108423 0.061527419880108423 0.061527419880108423 0.061527419880108423 0.061527419880108423 0.061527419880108423 0.061527419880108423 0.061527419880108423 0.061527419880108423 0.019904629771291215 0.06108775862069742 0.10227088747010363 0.14345401631950985 0.18463714516891605 0.22582027401832225 0.26700340286772845 0.30818653171713467 0.3493696605665409 0.3905527894159471 0.4317359182653533 0.4729190471147595 0.48800757123286814 0.47520037309077007 0.46239317494869386 0.4495859768066176 0.4367787786645414
-9999.0 -9999.0 -9999.0 -9999.0 -9999.0 -9999.0 -9999.0 -9999.0 -9999.0 -9999.0 -9999.0 0.061527419880108423 0.061527419880108423 0.061527419880108423 0.061527419880108423 0.061527419880108423 0.061527419880108423 0.061527419880108423 0.061527419880108423 0.061527419880108423 0.061527419880108423 0.061527419880108423 0.061527419880108423 0.061527419880108423 0.061527419880108423 0.061527419880108423 0.061527419880108423 0.061527419880108423 0.061527419880108423 0.061527419880108423 0.061527419880108423 0.061527419880108423 0.061527419880108423 0.061527419880108423 0.061527419880108423 0.061527419880108423 0.061527419880108423 0.061527419880108423 0.061527419880108423 0.019594246989396834 0.06013518684828839 0.10067612670717994 0.1412170665660715 0.18175800642496306 0.2222989462838546 0.26283988614274617 0.30338082600163774 0.34392176586052925 0.3844627057194208 0.4250036455783124 0.46554458543720395 0.4808430220800125 0.4691566522419765 0.4574702824039605 0.4457839125659444 0.4340975427279284
-9999.0 -9999.0 -9999.0 -9999.0 -9999.0 -9999.0 -9999.0 -9999.0 -9999.0 -9999.0 -9999.0 0.061527419880108423 0.061527419880108423 0.061527419880108423 0.061527419880108423 0.061527419880108423 0.061527419880108423 0.061527419880108423 0.061527419880108423 0.061527419880108423 0.061527419880108423 0.061527419880108423 0.061527419880108423 0.061527419880108423 0.061527419880108423 0.061527419880108423 0.061527419880108423 0.061527419880108423 0.061527419880108423 0.061527419880108423 0.061527419880108423 0.061527419880108423 0.061527419880108423 0.061527419880108423 0.061527419880108423 0.061527419880108423 0.061527419880108423 0.061527419880108423 0.061527419880108423 0.019283864207502454 0.05918261507587935 0.09908136594425625 0.13898011681263314 0.17887886768101005 0.21877761854938696 0.25867636941776384 0.29857512028614075 0.33847387115451766 0.37837262202289457 0.4182713728912715 0.45817012375964833 0.47367847292715687 0.463112931393183 0.4525473898592271 0.4419818483252712 0.4314163067913154
-9999.0 -9999.0 -9999.0 -9999.0 -9999.0 -9999.0 -9999.0 -9999.0 -9999.0 -9999.0 0.061527419880108423 0.061527419880108423 0.061527419880108423 0.061527419880108423 0.061527419880108423 0.061527419880108423 0.061527419880108423 0.061527419880108423 0.061527419880108423 0.061527419880108423 0.061527419880108423 0.061527419880108423 0.061527419880108423 0.061527419880108423 0.061527419880108423 0.061527419880108423 0.061527419880108423 0.061527419880108423 0.061527419880108423 0.061527419880108423 0.061527419880108423 0.061527419880108423 0.061527419880108423 0.061527419880108423 0.061527419880108423 0.061527419880108423 0.061527419880108423 0.061527419880108423 0.061527419880108423 0.018973481425608077 0.05823004330347033 0.09748660518133258 0.13674316705919484 0.1759997289370571 0.21525629081491934 0.25451285269278157 0.2937694145706438 0.3330259764485061 0.3722825383263684 0.4115391002042306 0.4507956620820929 0.46651392377430123 0.4570692105443894 0.4476244973144937 0.438179784084598 0.4287350708547023
-9999.0 -9999.0 -9999.0 -9999.0 -9999.0 -9999.0 -9999.0 -9999.0 -9999.0 0.061527419880108423 0.061527419880108423 0.061527419880108423 0.061527419880108423 0.061527419880108423 0.061527419880108423 0.061527419880108423 0.061527419880108423 0.061527419880108423 0.061527419880108423 0.061527419880108423 0.061527419880108423 0.061527419880108423 0.061527419880108423 0.061527419880108423 0.061527419880108423 0.061527419880108423 0.061527419880108423 0.061527419880108423 0.061527419880108423 0.061527419880108423 0.061527419880108423 0.061527419880108423 0.061527419880108423 0.061527419880108423 0.061527419880108423 0.061527419880108423 0.061527419880108423 0.061527419880108423 0.061527419880108423 0.018663098643713693 0.05727747153106129 0.0958918444184089 0.1345062173057565 0.17312059019310408 0.21173496308045167 0.2503493359677993 0.2889637088551469 0.3275780817424945 0.36619245462984207 0.40480682751718966 0.44342120040453725 0.45934937462144554 0.45102548969559586 0.44270160476976034 0.4343777198439248 0.4260538349180893
-9999.0 -9999.0 -9999.0 -9999.0 -9999.0 -9999.0 -9999.0 0.061527419880108423 0.061527419880108423 0.061527419880108423 0.061527419880108423 0.061527419880108423 0.061527419880108423 0.061527419880108423 0.061527419880108423 0.061527419880108423 0.061527419880108423 0.061527419880108423 0.061527419880108423 0.061527419880108423 0.061527419880108423 0.061527419880108423 0.061527419880108423 0.061527419880108423 0.061527419880108423 0.061527419880108423 0.061527419880108423 0.061527419880108423 0.061527419880108423 0.061527419880108423 0.061527419880108423 0.061527419880108423 0.061527419880108423 0.061527419880108423 0.061527419880108423 0.061527419880108423 0.061527419880108423 0.061527419880108423 0.061527419880108423 0.01835271586181905 0.056324899758651445 0.09429708365548384 0.13226926755231624 0.17024145144914862 0.20821363534598103 0.24618581924281344 0.28415800313964584 0.3221301870364782 0.3601023709333106 0.398074554830143 0.4360467387269754 0.4521848254685838 0.44498176884679713 0.43777871222502274 0.4305756556032484 0.423372598981474
-9999.0 -9999.0 -9999.0 -9999.0 -9999.0 -9999.0 0.061527419880108423 0.061527419880108423 0.061527419880108423 0.061527419880108423 0.061527419880108423 0.061527419880108423 0.061527419880108423 0.061527419880108423 0.061527419880108423 0.061527419880108423 0.061527419880108423 0.061527419880108423 0.061527419880108423 0.061527419880108423 0.061527419880108423 0.061527419880108423 0.061527419880108423 0.061527419880108423 0.061527419880108423 0.061527419880108423 0.061527419880108423 0.061527419880108423 0.061527419880108423 0.061527419880108423 0.061527419880108423 0.061527419880108423 0.061527419880108423 0.061527419880108423 0.061527419880108423 0.061527419880108423 0.061527419880108423 0.061527419880108423 0.061527419880108423 0.018042333079924668 0.055372327986242406 0.09270232289256015 0.1300323177988779 0.16736231270519564 0.20469230761151339 0.2420223025178311 0.27935229742414885 0.3166822923304666 0.35401228723678435 0.39134228214310207 0.4286722770494198 0.44502027631572816 0.43893804799800357 0.43285581968028936 0.42677359136257514 0.420691363044861
-9999.0 -9999.0 -9999.0 0.061527419880108423 0.061527419880108423 -9999.0 0.061527419880108423 0.061527419880108423 0.061527419880108423 0.061527419880108423 0.061527419880108423 0.061527419880108423 0.061527419880108423 0.061527419880108423 0.061527419880108423 0.0 0.0 0.0 0.0 0.0 0.0 0.0 0.0 0.0 0.0 0.0 0.0 0.0 0.0 0.0 0.0 0.0 0.0 0.0 0.0 0.0 0.0 0.0 0.0 0.01716171472910222 0.052669690365240905 0.08817766600137959 0.12368564163751827 0.15919361727365697 0.19470159290979563 0.23020956854593433 0.265717544182073 0.3012255198182117 0.3367334954543504 0.37224147109048905 0.4077494467266278 0.42354306090418314 0.41826157708931067 0.4129800932744471 0.40769860945958364 0.4024171256447201
-9999.0 -9999.0 -9999.0 0.061527419880108423 0.061527419880108423 0.061527419880108423 0.061527419880108423 0.061527419880108423 0.061527419880108423 0.061527419880108423 0.061527419880108423 0.061527419880108423 0.061527419880108423 0.061527419880108423 0.061527419880108423 0.0 0.0 0.0 0.0 0.0 0.0 0.0 0.0 0.0 0.0 0.0 0.0 0.0 0.0 0.0 0.0 0.0 0.0 0.0 0.0 0.0 0.0 0.0 0.0 0.01567155050305095 0.04809634267718123 0.08052113485131152 0.11294592702544179 0.14537071919957206 0.17779551137370236 0.21022030354783264 0.2426450957219629 0.2750698878960932 0.30749468007022346 0.33991947224435376 0.37234426441848406 0.38676650754023584 0.3819436188229759 0.37712073010572417 0.37229784138847244 0.36747495267122077
-9999.0 -9999.0 -9999.0 0.061527419880108423 0.061527419880108423 0.061527419880108423 0.061527419880108423 0.061527419880108423 0.061527419880108423 0.061527419880108423 0.061527419880108423 0.061527419880108423 0.061527419880108423 0.061527419880108423 0.061527419880108423 0.0 0.0 0.0 0.0 0.0 0.0 0.0 0.0 0.0 0.0 0.0 0.0 0.0 0.0 0.0 0.0 0.0 0.0 0.0 0.0 0.0 0.0 0.0 0.0 0.01418138627699968 0.04352299498912156 0.07286460370124344 0.10220621241336532 0.1315478211254872 0.1608894298376091 0.19023103854973097 0.21957264726185285 0.24891425597397474 0.2782558646860966 0.30759747339821847 0.33693908211034035 0.34998995417628853 0.3456256605566412 0.34126136693700126 0.33689707331736135 0.33253277969772144
-9999.0 -9999.0 -9999.0 0.061527419880108423 0.061527419880108423 0.061527419880108423 0.061527419880108423 0.061527419880108423 0.061527419880108423 0.061527419880108423 0.061527419880108423 0.061527419880108423 0.061527419880108423 0.061527419880108423 0.061527419880108423 0.0 0.0 0.0 0.0 0.0 0.0 0.0 0.0 0.0 0.0 0.0 0.0 0.0 0.0 0.0 0.0 0.0 0.0 0.0 0.0 0.0 0.0 0.0 0.0 0.012691222050948409 0.03894964730106189 0.06520807255117536 0.09146649780128883 0.11772492305140231 0.1439833483015158 0.17024177355162926 0.19650019880174274 0.22275862405185623 0.2490170493019697 0.2752754745520832 0.30153389980219664 0.3132134008123412 0.3093077022903064 0.3054020037682783 0.30149630524625015 0.29759060672422205
-9999.0 -9999.0 -9999.0 0.061527419880108423 0.061527419880108423 0.061527419880108423 0.061527419880108423 0.061527419880108423 0.061527419880108423 0.061527419880108423 0.061527419880108423 0.061527419880108423 0.061527419880108423 0.061527419880108423 0.061527419880108423 0.0 0.0 0.0 0.0 0.0 0.0 0.0 0.0 0.0 0.0 0.0 0.0 0.0 0.0 0.0 0.0 0.0 0.0 0.0 0.0 0.0 0.0 0.0 0.0 0.011201057824895867 0.03437629961299831 0.057551541401100755 0.0807267831892032 0.10390202497730565 0.1270772667654081 0.15025250855351052 0.17342775034161298 0.19660299212971544 0.21977823391781787 0.24295347570592032 0.2661287174940228 0.27643684744836255 0.2729897440239407 0.26954264059952476 0.26609553717510886 0.2626484337506929
-9999.0 -9999.0 -9999.0 0.061527419880108423 0.061527419880108423 0.061527419880108423 0.061527419880108423 0.061527419880108423 0.061527419880108423 0.061527419880108423 0.061527419880108423 0.061527419880108423 0.061527419880108423 0.061527419880108423 0.061527419880108423 0.0 0.0 0.0 0.0 0.0 0.0 0.0 0.0 0.0 0.0 0.0 0.0 0.0 0.0 0.0 0.0 0.0 0.0 0.0 0.0 0.0 0.0 0.0 0.0 0.009710893598844595 0.029802951924938637 0.04989501025103268 0.06998706857712672 0.09007912690322076 0.1101711852293148 0.13026324355540883 0.15035530188150287 0.17044736020759693 0.19053941853369097 0.210631476859785 0.23072353518587904 0.23966029408441522 0.23667178575760597 0.2336832774308018 0.23069476910399767 0.22770626077719353
-9999.0 0.061527419880108423 0.061527419880108423 0.061527419880108423 0.061527419880108423 0.061527419880108423 0.061527419880108423 0.061527419880108423 0.061527419880108423 0.061527419880108423 0.061527419880108423 0.061527419880108423 0.061527419880108423 0.061527419880108423 0.061527419880108423 0.0 0.0 0.0 0.0 0.0 0.0 0.0 0.0 0.0 0.0 0.0 0.0 0.0 0.0 0.0 0.0 0.0 0.0 0.0 0.0 0.0 0.0 0.0 0.0 0.008220729372793324 0.025229604236878957 0.042238479100964586 0.05924735396505022 0.07625622882913585 0.09326510369322148 0.11027397855730711 0.12728285342139276 0.14429172828547837 0.16130060314956401 0.17830947801364966 0.19531835287773527 0.2028837407204679 0.2003538274912712 0.19782391426207885 0.19529400103288652 0.19276408780369417
-9999.0 0.061527419880108423 0.061527419880108423 0.061527419880108423 0.061527419880108423 0.061527419880108423 0.061527419880108423 0.061527419880108423 0.061527419880108423 0.061527419880108423 0.061527419880108423 0.061527419880108423 0.061527419880108423 0.061527419880108423 0.061527419880108423 0.0 0.0 0.0 0.0 0.0 0.0 0.0 0.0 0.0 0.0 0.0 0.0 0.0 0.0 0.0 0.0 0.0 0.0 0.0 0.0 0.0 0.0 0.0 0.0 0.006730565146742053 0.020656256548819286 0.034581947950896516 0.04850763935297375 0.06243333075505098 0.07635902215712821 0.09028471355920545 0.10421040496128268 0.11813609636335991 0.13206178776543714 0.14598747916751437 0.15991317056959162 0.16610718735652058 0.1640358692249365 0.16196455109335592 0.15989323296177538 0.1578219148301948
-9999.0 -9999.0 0.061527419880108423 0.061527419880108423 0.061527419880108423 0.061527419880108423 0.061527419880108423 0.061527419880108423 0.061527419880108423 0.061527419880108423 0.061527419880108423 0.061527419880108423 0.061527419880108423 0.061527419880108423 0.061527419880108423 0.0 0.0 0.0 0.0 0.0 0.0 0.0 0.0 0.0 0.0 0.0 0.0 0.0 0.0 0.0 0.0 0.0 0.0 0.0 0.0 0.0 0.0 0.0 0.0 0.005240400920690781 0.016082908860759606 0.026925416800828432 0.03776792474089726 0.048610432680966084 0.059452940621034914 0.07029544856110374 0.08113795650117256 0.09198046444124139 0.10282297238131022 0.11366548032137905 0.12450798826144786 0.12933063399257325 0.12771791095860174 0.12610518792463296 0.1244924648906642 0.12287974185669544
-9999.0 -9999.0 0.061527419880108423 0.061527419880108423 0.061527419880108423 0.061527419880108423 0.061527419880108423 0.061527419880108423 0.061527419880108423 0.061527419880108423 0.061527419880108423 0.061527419880108423 0.061527419880108423 0.061527419880108423 0.061527419880108423 0.0 0.0 0.0 0.0 0.0 0.0 0.0 0.0 0.0 0.0 0.0 0.0 0.0 0.0 0.0 0.0 0.0 0.0 0.0 0.0 0.0 0.0 0.0 0.0 0.00375023669463951 0.011509561172699934 0.01926888565076036 0.02702821012882078 0.03478753460688121 0.04254685908494163 0.05030618356300205 0.05806550804106248 0.0658248325191229 0.07358415699718332 0.08134348147524376 0.08910280595330418 0.09255408062862594 0.091399952692267 0.09024582475591003 0.08909169681955305 0.08793756888319608
-9999.0 -9999.0 0.061527419880108423 0.061527419880108423 0.061527419880108423 0.061527419880108423 0.061527419880108423 0.061527419880108423 0.061527419880108423 0.061527419880108423 0.061527419880108423 0.061527419880108423 0.061527419880108423 0.061527419880108423 0.061527419880108423 0.0 0.0 0.0 0.0 0.0 0.0 0.0 0.0 0.0 0.0 0.0 0.0 0.0 0.0 0.0 0.0 0.0 0.0 0.0 0.0 0.0 0.0 0.0 0.0 0.002260072468588238 0.006936213484640259 0.011612354500692278 0.016288495516744297 0.02096463653279632 0.02564077754884834 0.030316918564900357 0.034993059580952376 0.0396692005970044 0.044345341613056415 0.04902148262910844 0.05369762364516046 0.05577752726467861 0.05508199442593225 0.054386461587187074 0.0536909287484419 0.052995395909696714
-9999.0 -9999.0 0.061527419880108423 0.061527419880108423 0.061527419880108423 0.061527419880108423 0.061527419880108423 0.061527419880108423 0.061527419880108423 0.061527419880108423 0.061527419880108423 0.061527419880108423 0.061527419880108423 0.061527419880108423 0.061527419880108423 0.0 0.0 0.0 0.0 0.0 0.0 0.0 0.0 0.0 0.0 0.0 0.0 0.0 0.0 0.0 0.0 0.0 0.0 0.0 0.0 0.0 0.0 0.0 0.0 0.0007699082425356962 0.002362865796576683 0.00395582335061767 0.005548780904658657 0.007141738458699644 0.008734696012740632 0.010327653566781617 0.011920611120822605 0.013513568674863592 0.01510652622890458 0.016699483782945567 0.018292441336986553 0.019000973900699936 0.01876403615956654 0.018527098418433547 0.018290160677300556 0.01805322293616756
-9999.0 -9999.0 0.061527419880108423 0.061527419880108423 0.061527419880108423 0.061527419880108423 0.061527419880108423 0.061527419880108423 0.061527419880108423 0.061527419880108423 0.061527419880108423 0.061527419880108423 0.061527419880108423 0.061527419880108423 0.061527419880108423 0.0 0.0 0.0 0.0 0.0 0.0 0.0 0.0 0.0 0.0 0.0 0.0 0.0 0.0 0.0 0.0 0.0 0.0 0.0 0.0 0.0 0.0 0.0 0.0 0.0 0.0 0.0 0.0 0.0 0.0 0.0 0.0 0.0 0.0 0.0 0.0 0.0 0.0 0.0 0.0 0.0
0.061527419880108423 0.061527419880108423 0.061527419880108423 0.061527419880108423 0.061527419880108423 0.061527419880108423 0.061527419880108423 0.061527419880108423 0.061527419880108423 0.061527419880108423 0.061527419880108423 0.061527419880108423 0.061527419880108423 0.061527419880108423 0.061527419880108423 0.0 0.0 0.0 0.0 0.0 0.0 0.0 0.0 0.0 0.0 0.0 0.0 0.0 0.0 0.0 0.0 0.0 0.0 0.0 0.0 0.0 0.0 0.0 0.0 0.0 0.0 0.0 0.0 0.0 0.0 0.0 0.0 0.0 0.0 0.0 0.0 0.0 0.0 0.0 0.0 0.0
0.061527419880108423 0.061527419880108423 0.061527419880108423 0.061527419880108423 0.061527419880108423 0.061527419880108423 0.061527419880108423 0.061527419880108423 0.061527419880108423 0.061527419880108423 0.061527419880108423 0.061527419880108423 0.061527419880108423 0.061527419880108423 0.061527419880108423 0.0 0.0 0.0 0.0 0.0 0.0 0.0 0.0 0.0 0.0 0.0 0.0 0.0 0.0 0.0 0.0 0.0 0.0 0.0 0.0 0.0 0.0 0.0 0.0 0.0 0.0 0.0 0.0 0.0 0.0 0.0 0.0 0.0 0.0 0.0 0.0 0.0 0.0 0.0 0.0 0.0
-9999.0 0.061527419880108423 0.061527419880108423 0.061527419880108423 0.061527419880108423 0.061527419880108423 0.061527419880108423 0.061527419880108423 0.061527419880108423 0.061527419880108423 0.061527419880108423 0.061527419880108423 0.061527419880108423 0.061527419880108423 0.061527419880108423 0.0 0.0 0.0 0.0 0.0 0.0 0.0 0.0 0.0 0.0 0.0 0.0 0.0 0.0 0.0 0.0 0.0 0.0 0.0 0.0 0.0 0.0 0.0 0.0 0.0 0.0 0.0 0.0 0.0 0.0 0.0 0.0 0.0 0.0 0.0 0.0 0.0 0.0 0.0 0.0 0.0
-9999.0 0.061527419880108423 0.061527419880108423 0.061527419880108423 0.061527419880108423 0.061527419880108423 0.061527419880108423 0.061527419880108423 0.061527419880108423 0.061527419880108423 0.061527419880108423 0.061527419880108423 0.061527419880108423 0.061527419880108423 0.061527419880108423 0.0 0.0 0.0 0.0 0.0 0.0 0.0 0.0 0.0 0.0 0.0 0.0 0.0 0.0 0.0 0.0 0.0 0.0 0.0 0.0 0.0 0.0 0.0 0.0 0.0 0.0 0.0 0.0 0.0 0.0 0.0 0.0 0.0 0.0 0.0 0.0 0.0 0.0 0.0 0.0 0.0
