Figures/CREST_Example_wjb_NSE/Rolling_result/20100722/BJP_forecast/ens_35/wjb.rain.20100513.asc
ncols            288
nrows            254
xllcorner        113.274861
yllcorner        31.4918055
cellsize         0.008333333333
NODATA_value     -9999
[rows 57 to 75 of 254, columns 129 to 171 of 288]
0.029506786801566008 0.024158137473941604 0.01880948814632632 0.01346083881871104 0.008112189491095753 0.002763540163480474 0.0 0.0 0.0 0.0 0.0 0.0 0.0 0.0 0.0 0.0 0.0 0.0 0.0 0.0 0.0 0.0 0.0 0.0 0.0 0.0 0.0 0.0 0.0 0.0 0.0 0.0 0.0 0.0 0.0 0.0 0.0 0.0 0.0 0.0 0.0 0.0 0.0
0.032984990760507094 0.027005852813723946 0.021026714866951 0.015047576920178045 0.00906843897340509 0.0030893010266321436 0.0 0.0 0.0 0.0 0.0 0.0 0.0 0.0 0.0 0.0 0.0 0.0 0.0 0.0 0.0 0.0 0.0 0.0 0.0 0.0 0.0 0.0 0.0 0.0 0.0 0.0 0.0 0.0 0.0 0.0 0.0 0.0 0.0 0.0 0.0 0.0 0.0
0.03646319471945115 0.029853568153508717 0.023243941587577567 0.016634315021646404 0.010024688455715261 0.0034150618897841045 0.0 0.0 0.0 0.0 0.0 0.0 0.0 0.0 0.0 0.0 0.0 0.0 0.0 0.0 0.0 0.0 0.0 0.0 0.0 0.0 0.0 0.0 0.0 0.0 0.0 0.0 0.0 0.0 0.0 0.0 0.0 0.0 0.0 0.0 0.0 0.0 0.0
0.039941398678392234 0.032701283493291065 0.02546116830820224 0.01822105312311341 0.010980937938024585 0.00374082275293576 0.0 0.0 0.0 0.0 0.0 0.0 0.0 0.0 0.0 0.0 0.0 0.0 0.0 0.0 0.0 0.0 0.0 0.0 0.0 0.0 0.0 0.0 0.0 0.0 0.0 0.0 0.0 0.0 0.0 0.0 0.0 0.0 0.0 0.0 0.0 0.0 0.0
0.040506059813103686 0.03316358938278992 0.025821118952488675 0.018478648522187432 0.01113617809188619 0.003793707661584947 0.0004412904590938655 0.001354330399558198 0.0022673703400225304 0.003180410280486863 0.004093450220951196 0.005006490161415528 0.0059195301018798606 0.006832570042344194 0.007745609982810083 0.008658649923274416 0.009571689863738748 0.01048472980420308 0.010956479286011067 0.010956479286011067 0.010956479286011067 0.010956479286011067 0.010956479286011067 0.010956479286011067 0.010956479286011067 0.010956479286011067 0.010956479286011067 0.010956479286011067 0.010956479286011067 0.010956479286011067 0.010515188827792303 0.009602148887328101 0.008689108946863897 0.007776069006399695 0.006863029065935492 0.00594998912547129 0.005036949185007087 0.004123909244542884 0.0032108693040786814 0.0022978293636144783 0.0013847894231487183 0.0004717494826845161 0.0
0.03795632737593256 0.031076042976832932 0.024195758577745037 0.017315474178657142 0.010435189779569254 0.003554905380481352 0.0013542925943318526 0.004156354601833865 0.006958416609335876 0.00976047861683789 0.012562540624339901 0.015364602631841912 0.018166664639343924 0.020968726646845938 0.023770788654352726 0.02657285066185474 0.02937491266935675 0.03217697467685876 0.033624744091371644 0.033624744091371644 0.033624744091371644 0.033624744091371644 0.033624744091371644 0.033624744091371644 0.033624744091371644 0.033624744091371644 0.033624744091371644 0.033624744091371644 0.033624744091371644 0.033624744091371644 0.032270451499725426 0.02946838949222381 0.026666327484722196 0.02386426547722058 0.021062203469718967 0.018260141462217355 0.01545807945471574 0.012656017447214125 0.00985395543971251 0.007051893432210896 0.004249831424704503 0.0014477694172028918 0.0
0.03540659493876144 0.028988496570875953 0.022570398203001406 0.01615229983512686 0.009734201467252304 0.003316103099377757 0.002267294729569839 0.006958378804109528 0.011649462878649219 0.016340546953188907 0.0210316310277286 0.025722715102268288 0.030413799176807976 0.03510488325134767 0.039795967325895354 0.044487051400435046 0.04917813547497474 0.05386921954951442 0.056293008896732194 0.056293008896732194 0.056293008896732194 0.056293008896732194 0.056293008896732194 0.056293008896732194 0.056293008896732194 0.056293008896732194 0.056293008896732194 0.056293008896732194 0.056293008896732194 0.056293008896732194 0.054025714171658516 0.0493346300971195 0.04464354602258047 0.039952461948041446 0.03526137787350243 0.030570293798963404 0.025879209724424382 0.021188125649885363 0.016497041575346337 0.011805957500807318 0.007114873426260292 0.0024237893517212727 0.0
0.032856862501590325 0.026900950164918974 0.020945037828257768 0.014989125491596568 0.009033213154935368 0.0030773008182741757 0.003180296864807826 0.009760403006385195 0.016340509147962562 0.022920615289539932 0.029500721431117302 0.03608082757269467 0.04266093371427204 0.049241039855849406 0.055821145997437996 0.062401252139015366 0.06898135828059274 0.0755614644221701 0.07896127370209277 0.07896127370209277 0.07896127370209277 0.07896127370209277 0.07896127370209277 0.07896127370209277 0.07896127370209277 0.07896127370209277 0.07896127370209277 0.07896127370209277 0.07896127370209277 0.07896127370209277 0.07578097684359164 0.06920087070201521 0.06262076456043877 0.05604065841886234 0.0494605522772859 0.04288044613570947 0.036300339994133034 0.0297202338525566 0.023140127710980167 0.016560021569403727 0.00997991542781608 0.0033998092862396467 0.0
0.030307130064419208 0.02481340375896198 0.01931967745351413 0.013825951148066278 0.008332224842618426 0.0028384985371705806 0.004093299000045813 0.012562427208660862 0.021031555417275912 0.02950068362589096 0.03796981183450601 0.04643894004312106 0.05490806825173611 0.06337719646035116 0.07184632466898065 0.0803154528775957 0.08878458108621075 0.0972537092948258 0.10162953850745335 0.10162953850745335 0.10162953850745335 0.10162953850745335 0.10162953850745335 0.10162953850745335 0.10162953850745335 0.10162953850745335 0.10162953850745335 0.10162953850745335 0.10162953850745335 0.10162953850745335 0.09753623951552476 0.08906711130691092 0.08059798309829708 0.07212885488968324 0.06365972668106938 0.05519059847245554 0.04672147026384169 0.038252342055227845 0.029783213846614004 0.021314085638000163 0.012844957429371875 0.004375829220758035 0.0
0.02775739762724591 0.02272585735300322 0.01769431707876911 0.012662776804535002 0.007631236530300893 0.0025996962560667775 0.005006301135284578 0.015364451410938916 0.025722601686593256 0.03608075196224759 0.04643890223790193 0.05679705251355627 0.06715520278921061 0.07751335306486494 0.08787150334053695 0.09822965361619128 0.10858780389184562 0.11894595416749995 0.12429780331283324 0.12429780331283324 0.12429780331283324 0.12429780331283324 0.12429780331283324 0.12429780331283324 0.12429780331283324 0.12429780331283324 0.12429780331283324 0.12429780331283324 0.12429780331283324 0.12429780331283324 0.11929150218747642 0.10893335191182356 0.09857520163617069 0.08821705136051783 0.07785890108486496 0.06750075080921208 0.057142600533559226 0.046784450257906354 0.03642629998225348 0.026068149706600624 0.015709999430930086 0.005351849155277227 0.0
0.02520766519007479 0.020638310947046233 0.016068956704025472 0.011499602461004704 0.006930248217983943 0.0023608939749631824 0.005919303270522564 0.01816647561321458 0.030413647955906595 0.042660820298598606 0.05490799264129063 0.06715516498398263 0.07940233732667465 0.09164950966936666 0.10389668201207956 0.11614385435477159 0.1283910266974636 0.14063819904015562 0.1469660681181938 0.1469660681181938 0.1469660681181938 0.1469660681181938 0.1469660681181938 0.1469660681181938 0.1469660681181938 0.1469660681181938 0.1469660681181938 0.1469660681181938 0.1469660681181938 0.1469660681181938 0.1410467648594095 0.12879959251671924 0.11655242017402896 0.10430524783133868 0.09205807548864842 0.07981090314595814 0.06756373080326786 0.05531655846057759 0.04306938611788731 0.030822213775197033 0.018575041432485867 0.006327869089795601 0.0
0.022657932752903672 0.018550764541089254 0.014443596329281841 0.01033642811747442 0.0062292599056670075 0.0021220916938595943 0.006832305405760552 0.02096849981549025 0.035104694225219946 0.04924088863494964 0.06337708304467933 0.07751327745440903 0.09164947186413873 0.10578566627386843 0.11992186068362223 0.13405805509335192 0.14819424950308163 0.16233044391281132 0.16963433292355437 0.16963433292355437 0.16963433292355437 0.16963433292355437 0.16963433292355437 0.16963433292355437 0.16963433292355437 0.16963433292355437 0.16963433292355437 0.16963433292355437 0.16963433292355437 0.16963433292355437 0.16280202753134262 0.14866583312161494 0.13452963871188728 0.12039344430215958 0.10625724989243189 0.0921210554827042 0.07798486107297652 0.06384866666324883 0.04971247225352114 0.03557627784379347 0.021440083434041662 0.007303889024313975 0.0
0.02010820031573255 0.016463218135132268 0.012818235954538203 0.009173253773944137 0.005528271593350065 0.0018832894127559993 0.007745307540998539 0.023770524017765915 0.03979574049453329 0.05582095697130066 0.07184617344806804 0.08787138992483541 0.1038966064016028 0.11992182287837017 0.13594703935516486 0.15197225583193225 0.16799747230869963 0.184022688785467 0.19230259772891495 0.19230259772891495 0.19230259772891495 0.19230259772891495 0.19230259772891495 0.19230259772891495 0.19230259772891495 0.19230259772891495 0.19230259772891495 0.19230259772891495 0.19230259772891495 0.19230259772891495 0.18455729020327577 0.16853207372651066 0.15250685724974555 0.13648164077298047 0.12045642429621536 0.10443120781945027 0.08840599134268518 0.07238077486592008 0.056355558389154986 0.04033034191238988 0.024305125435597458 0.00827990895883235 0.0
0.017558467878561433 0.014375671729175286 0.011192875579794564 0.008010079430413847 0.004827283281033129 0.0016444871316524043 0.008658309676236525 0.026572548220041577 0.044486786763846625 0.062401025307651674 0.08031526385145672 0.09822950239526178 0.11614374093906683 0.13405797948287188 0.1519722180267075 0.16988645657051252 0.18780069511431757 0.20571493365812263 0.2149708625342755 0.2149708625342755 0.2149708625342755 0.2149708625342755 0.2149708625342755 0.2149708625342755 0.2149708625342755 0.2149708625342755 0.2149708625342755 0.2149708625342755 0.2149708625342755 0.2149708625342755 0.20631255287520886 0.18839831433140633 0.17048407578760383 0.15256983724380133 0.13465559869999882 0.11674136015619631 0.0988271216123938 0.08091288306859129 0.06299864452478879 0.045084405980986286 0.027170167437153225 0.009255928893350723 0.0
0.015008735441390312 0.0122881253232183 0.00956751520505093 0.006846905086883556 0.004126294968716186 0.0014056848505488127 0.009571311811474513 0.029374572422317245 0.04917783303315998 0.06898109364400272 0.08878435425484545 0.10858761486568819 0.1283908754765309 0.14819413608737364 0.16799739669825015 0.18780065730909287 0.20760391791993563 0.22740717853077835 0.23763912733963607 0.23763912733963607 0.23763912733963607 0.23763912733963607 0.23763912733963607 0.23763912733963607 0.23763912733963607 0.23763912733963607 0.23763912733963607 0.23763912733963607 0.23763912733963607 0.23763912733963607 0.22806781554714198 0.20826455493630205 0.18846129432546213 0.16865803371462224 0.1488547731037823 0.1290515124929424 0.10924825188210247 0.08944499127126254 0.06964173066042265 0.04983847004958272 0.03003520943870902 0.010231948827869125 0.0
0.012459003004217019 0.010200578917259537 0.007942154830305907 0.005683730743352277 0.0034253066563986467 0.0011668825694450165 0.01048431394671328 0.0321765966245953 0.05386887930247732 0.07556116198035935 0.09725344465824137 0.1189457273361234 0.14063801001400542 0.16233029269188742 0.18402257536980646 0.20571485804768846 0.2274071407255705 0.2490994234034525 0.26030739214501597 0.26030739214501597 0.26030739214501597 0.26030739214501597 0.26030739214501597 0.26030739214501597 0.26030739214501597 0.26030739214501597 0.26030739214501597 0.26030739214501597 0.26030739214501597 0.26030739214501597 0.24982307821909364 0.22813079554121468 0.20643851286333575 0.18474623018545683 0.16305394750757787 0.14136166482969892 0.11966938215181999 0.09797709947394106 0.07628481679606211 0.054592534118183184 0.03290025144026726 0.011207968762388304 0.0
0.018451107579594513 0.015419302694262008 0.012387497808934674 0.009355692923607339 0.006323888038280004 0.0032920831529526726 0.012254774492503482 0.034039853574143936 0.055824932655784386 0.07761001173742485 0.0993950908190653 0.12118016990070575 0.1429652489823462 0.16475032806398665 0.18653540714566427 0.20832048622730473 0.23010556530894516 0.2518906443905856 0.26314655917858865 0.26314655917858865 0.26314655917858865 0.26314655917858865 0.26314655917858865 0.26314655917858865 0.26314655917858865 0.26314655917858865 0.26314655917858865 0.26314655917858865 0.26314655917858865 0.26314655917858865 0.25254789306995334 0.23061901313928618 0.20869013320861904 0.1867612532779519 0.16483237334728473 0.1429034934166176 0.12097461348595046 0.09904573355528329 0.07711685362461615 0.05518797369394901 0.03325909376324446 0.011330213832577318 0.0
0.033573897351652504 0.028447968630602345 0.023322039909560922 0.0181961111885195 0.013070182467478077 0.007944253746436654 0.014941804015727533 0.03489962752056211 0.05485745102539668 0.07481527453023125 0.09477309803506583 0.11473092153990039 0.13468874504473494 0.15464656854956954 0.17460439205443812 0.19456221555927272 0.21452003906410727 0.23447786256894187 0.24478967093477616 0.24478967093477616 0.24478967093477616 0.24478967093477616 0.24478967093477616 0.24478967093477616 0.24478967093477616 0.24478967093477616 0.24478967093477616 0.24478967093477616 0.24478967093477616 0.24478967093477616 0.23493035908521614 0.21453121984147186 0.19413208059772757 0.17373294135398326 0.15333380211023898 0.1329346628664947 0.1125355236227504 0.09213638437900609 0.0717372451352618 0.05133810589151752 0.03093896664773843 0.010539827403994145 0.0
0.04869668712371052 0.0414766345669427 0.034256582010187185 0.02703652945343167 0.019816476896676163 0.012596424339920656 0.01762883353895158 0.03575940146698027 0.05388996939500896 0.07202053732303765 0.09015110525106634 0.10828167317909501 0.1264122411071237 0.1445428090351524 0.16267337696321202 0.18080394489124071 0.19893451281926938 0.21706508074729808 0.22643278269096367 0.22643278269096367 0.22643278269096367 0.22643278269096367 0.22643278269096367 0.22643278269096367 0.22643278269096367 0.22643278269096367 0.22643278269096367 0.22643278269096367 0.22643278269096367 0.22643278269096367 0.21731282510047897 0.19844342654365754 0.17957402798683608 0.16070462943001465 0.14183523087319322 0.12296583231637176 0.10409643375955031 0.08522703520272887 0.06635763664590744 0.047488238089086005 0.028618839532232376 0.009749440975410945 0.0
