Figures/CREST_Example_wjb_NSE/Rolling_result/20100722/BJP_forecast/ens_41/wjb.rain.20100725.asc
ncols            288
nrows            254
xllcorner        113.274861
yllcorner        31.4918055
cellsize         0.008333333333
NODATA_value     -9999
[rows 80 to 99 of 254, columns 88 to 131 of 288]
2.897551035815181 2.9525531514716565 3.0075552671281325 3.0625573827847017 3.1175594984411776 3.172561614097653 3.227563729754129 3.2825658454106046 3.3375679610670805 3.392570076723556 3.447572192380032 3.3855156777483915 3.1983208405636274 3.011126003378863 2.823931166194099 2.636736329009335 2.4495414918242515 2.2623466546394875 2.0751518174547234 1.8879569802699594 1.7007621430851951 1.513567305900431 1.3263724687156673 1.2241323399156876 1.2127107154375854 1.2012890909594833 1.189867466481381 1.1784458420032788 1.1670242175251768 1.155602593047055 1.144180968568953 1.1327593440908508 1.1213377196127485 1.1099160951346463 1.0984944706565443 1.1241845259830385 1.1895478062934586 1.2549110866038786 1.3202743669142984 1.3856376472247185 1.4510009275351385 1.5163642078455586 1.58172748815609 1.64709076846651
3.072682104716074 3.1341247398709995 3.195567375025925 3.2570100101809554 3.318452645335881 3.3798952804908065 3.441337915645732 3.502780550800657 3.5642231859555826 3.625665821110508 3.6871084562654337 3.6233642172690117 3.4257923792445584 3.228220541220105 3.0306487031956513 2.833076865171198 2.6355050271464076 2.437933189121954 2.2403613510975005 2.042789513073047 1.8452176750485936 1.64764583702414 1.4500739989996867 1.3421500103045856 1.3300615997258705 1.3179731891471556 1.3058847785684404 1.2937963679897253 1.2817079574110102 1.2696195468322744 1.2575311362535593 1.2454427256748444 1.2333543150961293 1.2212659045174141 1.209177493938699 1.2237070103625696 1.2666916927110095 1.3096763750594493 1.3526610574078894 1.3956457397563293 1.4386304221047692 1.4816151044532093 1.5245997868017225 1.5675844691501624
3.247813173616967 3.315696328270342 3.3835794829237176 3.4514626375772086 3.5193457922305837 3.5872289468839593 3.6551121015373345 3.7229952561907096 3.790878410844085 3.8587615654974607 3.926644720150836 3.8612127567896324 3.6532639179254898 3.4453150790613467 3.237366240197204 3.029417401333061 2.8214685624685636 2.613519723604421 2.405570884740278 2.197622045876135 1.9896732070119922 1.7817243681478492 1.5737755292837066 1.460167680693484 1.447412484014156 1.434657287334828 1.4219020906555 1.409146893976172 1.3963916972968438 1.383636500617494 1.370881303938166 1.358126107258838 1.34537091057951 1.332615713900182 1.3198605172208537 1.3232294947421004 1.3438355791285603 1.3644416635150203 1.3850477479014802 1.4056538322879402 1.4262599166744 1.44686600106086 1.4674720854473553 1.488078169833815
3.42294424251786 3.497267916669685 3.57159159082151 3.645915264973462 3.720238939125287 3.794562613277112 3.8688862874289374 3.9432099615807625 4.017533635732588 4.091857309884412 4.166180984036238 4.0990612963102535 3.8807354566064207 3.662409616902589 3.4440837771987565 3.225757937494924 3.0074320977907196 2.7891062580868873 2.5707804183830554 2.3524545786792226 2.1341287389753907 1.9158028992715583 1.697477059567726 1.5781853510823822 1.5647633683024411 1.5513413855225002 1.5379194027425593 1.5244974199626182 1.5110754371826773 1.4976534544027134 1.4842314716227725 1.4708094888428316 1.4573875060628905 1.4439655232829496 1.4305435405030087 1.4227519791216314 1.4209794655461112 1.4192069519705912 1.4174344383950712 1.415661924819551 1.413889411244031 1.4121168976685108 1.4103443840929877 1.4085718705174677
3.5980753114187523 3.6788395050690275 3.7596036987193022 3.840367892369715 3.9211320860199903 4.001896279670265 4.08266047332054 4.1634246669708155 4.24418886062109 4.324953054271365 4.40571724792164 4.336909835830874 4.108206995287352 3.8795041547438305 3.650801314200309 3.4220984736567877 3.1933956331128757 2.964692792569354 2.7359899520258324 2.5072871114823108 2.278584270938789 2.0498814303952675 1.8211785898517459 1.6962030214712804 1.6821142525907264 1.6680254837101727 1.6539367148296187 1.6398479459490647 1.625759177068511 1.611670408187933 1.597581639307379 1.5834928704268252 1.5694041015462712 1.5553153326657174 1.5412265637851634 1.5222744635011625 1.4981233519636623 1.4739722404261622 1.449821128888662 1.4256700173511618 1.4015189058136617 1.3773677942761617 1.3532166827386203 1.3290655712011201
3.5416868107435735 3.6235357277231985 3.705384644702823 3.7872335616825876 3.869082478662212 3.9509313956418373 4.032780312621462 4.1146292296010865 4.196478146580712 4.2783270635603365 4.360175980539961 4.296070459637564 4.075936344510325 3.8558022293830856 3.6356681142558465 3.415533999128607 3.1953998840009925 2.975265768873753 2.755131653746514 2.5349975386192742 2.314863423492035 2.094729308364796 1.8745951932375569 1.7542736307546742 1.7406539440836872 1.7270342574127 1.7134145707417128 1.6997948840707255 1.6861751973997385 1.672555510728728 1.658935824057741 1.6453161373867538 1.6316964507157665 1.6180767640447793 1.6044570773737923 1.5814118513018645 1.5482905104537457 1.5151691696056266 1.4820478287575078 1.4489264879093888 1.41580514706127 1.382683806213151 1.3495624653649756 1.3164411245168568
3.237818487211693 3.3150271190921643 3.3922357509726355 3.4694443828532386 3.54665301473371 3.6238616466141815 3.7010702784946528 3.778278910375124 3.855487542255595 3.932696174136067 4.009904806016538 3.9573312724715306 3.7660176696237886 3.5747040667760466 3.383390463928305 3.192076861080563 3.0007632582324946 2.8094496553847526 2.618136052537011 2.4268224496892685 2.235508846841527 2.044195243993785 1.852881641146043 1.748264611303595 1.7363281784506759 1.7243917455977569 1.7124553127448379 1.7005188798919189 1.6885824470389996 1.6766460141860602 1.6647095813331412 1.6527731484802222 1.6408367156273032 1.6289002827743841 1.616963849921465 1.5973801170896496 1.5696212476383176 1.5418623781869856 1.5141035087356536 1.4863446392843216 1.4585857698329896 1.4308269003816576 1.4030680309302783 1.3753091614789463
2.933950163679812 3.00651851046113 3.0790868572424483 3.1516552040238897 3.224223550805208 3.296791897586526 3.3693602443678436 3.4419285911491615 3.5144969379304793 3.587065284711797 3.659633631493115 3.6185920853054974 3.4560989947372525 3.293605904169008 3.1311128136007635 2.9686197230325186 2.806126632463997 2.6436335418957526 2.4811404513275077 2.318647360759263 2.156154270191019 1.993661179622774 1.8311680890545292 1.7422555918525158 1.7320024128176648 1.7217492337828137 1.711496054747963 1.701242875713112 1.6909896966782612 1.6807365176433926 1.6704833386085418 1.6602301595736908 1.64997698053884 1.639723801503989 1.629470622469138 1.6133483828774349 1.5909519848228897 1.5685555867683447 1.5461591887137995 1.5237627906592546 1.5013663926047094 1.4789699945501642 1.456573596495581 1.4341771984410359
2.630081840147932 2.6980099018300963 2.7659379635122607 2.8338660251945407 2.901794086876705 2.9697221485588696 3.037650210241034 3.1055782719231986 3.173506333605363 3.2414343952875275 3.309362456969692 3.2798528981394637 3.1461803198507163 3.012507741561969 2.878835163273222 2.7451625849844747 2.611490006695499 2.477817428406752 2.3441448501180044 2.2104722718292575 2.07679969354051 1.9431271152517628 1.8094545369630155 1.7362465724014364 1.7276766471846536 1.7191067219678708 1.7105367967510878 1.701966871534305 1.6933969463175222 1.684827021100725 1.676257095883942 1.6676871706671592 1.6591172454503764 1.6505473202335936 1.6419773950168108 1.62931664866522 1.6122827220074618 1.5952487953497037 1.5782148686919453 1.5611809420341871 1.544147015376429 1.5271130887186708 1.5100791620608836 1.4930452354031254
2.3262135166160505 2.3895012931990616 2.4527890697820727 2.5160768463651917 2.579364622948203 2.642652399531214 2.7059401761142245 2.7692279526972357 2.8325157292802468 2.895803505863258 2.959091282446269 2.9411137109734304 2.83626164496418 2.7314095789549304 2.6265575129456806 2.5217054469364304 2.4168533809270016 2.312001314917752 2.2071492489085016 2.102297182899252 1.9974451168900018 1.8925930508807518 1.7877409848715018 1.730237552950357 1.7233508815516423 1.7164642101529277 1.709577538754213 1.7026908673554983 1.6958041959567836 1.6889175245580572 1.6820308531593424 1.6751441817606278 1.668257510361913 1.6613708389631985 1.6544841675644837 1.645284914453005 1.6336134591920337 1.6219420039310624 1.6102705486700912 1.5985990934091199 1.5869276381481487 1.5752561828871774 1.5635847276261863 1.551913272365215
2.02234519308417 2.0809926845680278 2.139640176051885 2.198287667535843 2.2569351590197004 2.315582650503558 2.374230141987416 2.432877633471273 2.491525124955131 2.5501726164389886 2.6088201079228464 2.602374523807397 2.5263429700776445 2.450311416347892 2.374279862618139 2.2982483088883865 2.222216755158504 2.1461852014287515 2.070153647698999 1.9941220939692461 1.9180905402394934 1.8420589865097408 1.766027432779988 1.7242285334992777 1.7190251159186312 1.7138216983379846 1.708618280757338 1.7034148631766914 1.6982114455960449 1.6930080280153894 1.6878046104347428 1.6826011928540963 1.6773977752734497 1.6721943576928031 1.6669909401121565 1.66125318024079 1.6549441963766056 1.6486352125124213 1.642326228648237 1.6360172447840526 1.6297082609198683 1.623399277055684 1.617090293191489 1.6107813093273045
1.7184768695522894 1.7724840759369935 1.8264912823216977 1.880498488706494 1.934505695091198 1.9885129014759024 2.0425201078606063 2.0965273142453107 2.150534520630015 2.204541727014719 2.258548933399423 2.263635336641364 2.2164242951911084 2.1692132537408533 2.1220022122905977 2.074791170840342 2.0275801293900066 1.980369087939751 1.9331580464894957 1.8859470050392404 1.8387359635889848 1.7915249221387297 1.7443138806884741 1.7182195140481982 1.7146993502856198 1.7111791865230412 1.7076590227604629 1.7041388589978845 1.700618695235306 1.6970985314727216 1.6935783677101433 1.690058203947565 1.6865380401849863 1.683017876422408 1.6794977126598296 1.6772214460285753 1.676274933561178 1.6753284210937804 1.674381908626383 1.6734353961589856 1.672488883691588 1.6715423712241906 1.6705958587567915 1.6696493462893942
1.4146085460201496 1.4639754673056964 1.5133423885912434 1.5627093098768743 1.612076231162421 1.6614431524479678 1.7108100737335146 1.7601769950190613 1.8095439163046083 1.858910837590155 1.9082777588757018 1.924896149475042 1.9065056203043085 1.888115091133575 1.8697245619628415 1.851334032792108 1.832943503621343 1.8145529744506097 1.7961624452798761 1.7777719161091425 1.7593813869384092 1.7409908577676756 1.722600328596942 1.7122104945971137 1.710373584652605 1.708536674708096 1.706699764763587 1.7048628548190783 1.7030259448745693 1.7011890349300574 1.6993521249855486 1.6975152150410395 1.6956783050965307 1.693841395152022 1.692004485207513 1.693189711816374 1.697605670745768 1.702021629675162 1.7064375886045562 1.7108535475339501 1.7152695064633443 1.7196854653927383 1.72410142432214 1.728517383251534
1.1107402224882688 1.1554668586746621 1.2001934948610555 1.2449201310475253 1.2896467672339187 1.334373403420312 1.3791000396067055 1.4238266757930989 1.4685533119794922 1.5132799481658856 1.5580065843522788 1.5861569623090088 1.5965869454177726 1.6070169285265363 1.6174469116353 1.627876894744064 1.6383068778528456 1.6487368609616093 1.659166844070373 1.6695968271791368 1.6800268102879008 1.6904567933966645 1.7008867765054283 1.7062014751460344 1.7060478190195936 1.7058941628931528 1.7057405067667122 1.7055868506402714 1.7054331945138306 1.7052795383873895 1.7051258822609487 1.7049722261345082 1.7048185700080674 1.7046649138816266 1.7045112577551857 1.709157977604159 1.71893640793034 1.728714838256521 1.738493268582702 1.748271698908883 1.7580501292350639 1.7678285595612448 1.7776069898874425 1.7873854202136235
0.8068718989563881 0.8469582500436281 0.887044601130868 0.9271309522181763 0.9672173033054162 1.0073036543926561 1.0473900054798961 1.087476356567136 1.127562707654376 1.167649058741616 1.2077354098288557 1.2474177751429754 1.2866682705312364 1.3259187659194975 1.3651692613077586 1.40441975669602 1.4436702520843478 1.482920747472609 1.52217124286087 1.5614217382491313 1.6006722336373924 1.6399227290256535 1.6791732244139146 1.700192455694955 1.7017220533865824 1.7032516510782099 1.7047812487698373 1.7063108464614645 1.7078404441530919 1.709370041844722 1.7108996395363494 1.7124292372279768 1.713958834919604 1.7154884326112314 1.7170180303028588 1.7251262433919443 1.740267145114912 1.75540804683788 1.7705489485608479 1.7856898502838159 1.8008307520067837 1.8159716537297514 1.8311125554527452 1.8462534571757132
0.5030035754245075 0.538449641412594 0.5738957074006804 0.6093417733888274 0.644787839376914 0.6802339053650004 0.7156799713530869 0.7511260373411734 0.7865721033292599 0.8220181693173465 0.8574642353054329 0.9086785879769421 0.9767495956447005 1.044820603312459 1.1128916109802174 1.1809626186479758 1.2490336263158504 1.3171046339836088 1.3851756416513672 1.4532466493191256 1.5213176569868838 1.5893886646546425 1.6574596723224007 1.6941834362438757 1.697396287753571 1.7006091392632667 1.7038219907729621 1.7070348422826578 1.7102476937923532 1.7134605453020542 1.7166733968117498 1.7198862483214452 1.7230990998311406 1.7263119513408363 1.7295248028505317 1.7410945091797294 1.7615978822994842 1.782101255419239 1.8026046285389938 1.8231080016587486 1.8436113747785032 1.864114747898258 1.884618121018048 1.9051214941378027
0.19913525189262674 0.2299410327815598 0.2607468136704929 0.29155259455947846 0.32235837544841156 0.35316415633734466 0.3839699372262777 0.4147757181152108 0.44558149900414384 0.47638727989307694 0.50719306078201 0.5699394008109088 0.6668309207581645 0.7637224407054202 0.8606139606526759 0.9575054805999317 1.0543970005473526 1.1512885204946084 1.2481800404418641 1.3450715603891197 1.4419630803363754 1.538854600283631 1.6357461202308867 1.6881744167927963 1.69307052212056 1.6979666274483236 1.7028627327760872 1.7077588381038509 1.7126549434316145 1.7175510487593864 1.72244715408715 1.7273432594149136 1.7322393647426773 1.737135470070441 1.7420315753982045 1.7570627749675145 1.7829286194840561 1.808794464000598 1.8346603085171396 1.8605261530336814 1.886391997550223 1.9122578420667649 1.9381236865833507 1.9639895310998923
0.04044137132219709 0.06770546229184596 0.09496955326149481 0.12223364423119017 0.14949773520083903 0.17676182617048788 0.20402591714013676 0.23129000810978562 0.2585540990794345 0.2858181900490833 0.3130822810187322 0.3816390048141002 0.49433848675463254 0.607037968695165 0.7197374506356974 0.8324369325762297 0.9451364145169544 1.0578358964574868 1.1705353783980192 1.2832348603385517 1.3959343422790842 1.5086338242196162 1.6213333061601487 1.6831247429022362 1.6904943281569094 1.6978639134115827 1.7052334986662558 1.7126030839209292 1.7199726691756023 1.727342254430288 1.7347118396849615 1.7420814249396346 1.749451010194308 1.756820595448981 1.7641901807036544 1.7809137193717868 1.8076368457765908 1.834359972181395 1.861083098586199 1.887806224991003 1.914529351395807 1.9412524778006113 1.9679756042054608 1.9946987306102648
0.03692981750862699 0.06182654754347382 0.08672327757832064 0.11162000761320992 0.13651673764805675 0.16141346768290357 0.1863101977177504 0.21120692775259722 0.23610365778744405 0.26100038782229085 0.2858971178571377 0.35414819190848107 0.46874603998462017 0.5833438880607592 0.6979417361368982 0.8125395842130374 0.927137432289372 1.0417352803655109 1.15633312844165 1.270930976517789 1.3855288245939281 1.5001266726700673 1.6147245207462062 1.6791005489322999 1.6897883160030922 1.7004760830738845 1.7111638501446766 1.721851617215469 1.7325393842862613 1.7432271513570718 1.753914918427864 1.7646026854986563 1.7752904525694486 1.785978219640241 1.796665986711033 1.813190750240272 1.8359553949860343 1.8587200397317964 1.8814846844775588 1.904249329223321 1.9270139739690832 1.9497786187148454 1.9725432634606463 1.9953079082064087
0.033418263695059874 0.05594763279510668 0.07847700189515348 0.10100637099523871 0.12353574009528552 0.14606510919533233 0.16859447829537913 0.19112384739542593 0.21365321649547275 0.23618258559551955 0.25871195469556635 0.3266573790028854 0.4431535932146295 0.5596498074263736 0.6761460216381177 0.7926422358498617 0.9091384500618045 1.0256346642735485 1.1421308784852926 1.2586270926970367 1.3751233069087807 1.4916195211205248 1.608115735332269 1.675076354962367 1.6890823038492755 1.703088252736184 1.7170942016230923 1.7311001505100008 1.7451060993969094 1.7591120482838416 1.7731179971707502 1.7871239460576587 1.801129894944567 1.8151358438314755 1.8291417927183842 1.8454677811087297 1.8642739441954534 1.8830801072821772 1.901886270368901 1.9206924334556248 1.9394985965423486 1.9583047596290724 1.9771109227158281 1.995917085802552
