Figures/CREST_Example_wjb_NSE/Rolling_result/20100722/BJP_forecast/ens_41/wjb.rain.20100723.asc
ncols            288
nrows            254
xllcorner        113.274861
yllcorner        31.4918055
cellsize         0.008333333333
NODATA_value     -9999
[rows 120 to 143 of 254, columns 0 to 54 of 288]
-9999.0 -9999.0 -9999.0 -9999.0 -9999.0 -9999.0 -9999.0 -9999.0 -9999.0 -9999.0 -9999.0 -9999.0 -9999.0 0.936664576761121 0.936664576761121 0.936664576761121 0.936664576761121 0.936664576761121 -9999.0 -9999.0 -9999.0 -9999.0 -9999.0 -9999.0 -9999.0 -9999.0 -9999.0 -9999.0 -9999.0 0.936664576761121 0.936664576761121 0.936664576761121 0.936664576761121 0.936664576761121 0.936664576761121 0.936664576761121 0.936664576761121 0.936664576761121 0.936664576761121 0.2703673482384192 0.33812174007364404 0.40587613190886895 0.47363052374409387 0.5413849155793188 0.6091393074145436 0.6768936992497685 0.7446480910849934 0.8124024829202183 0.8801568747554432 0.947911266590668 1.015665658425893 1.0495781735338867 1.0473129575105835 1.0450477414872843 1.0427825254639849
-9999.0 -9999.0 -9999.0 -9999.0 -9999.0 -9999.0 -9999.0 -9999.0 -9999.0 -9999.0 -9999.0 -9999.0 0.936664576761121 0.936664576761121 0.936664576761121 0.936664576761121 0.936664576761121 0.936664576761121 0.936664576761121 -9999.0 -9999.0 -9999.0 -9999.0 -9999.0 -9999.0 -9999.0 -9999.0 -9999.0 -9999.0 -9999.0 0.936664576761121 0.936664576761121 0.936664576761121 0.936664576761121 0.936664576761121 0.936664576761121 0.936664576761121 0.936664576761121 0.936664576761121 0.2115239988738292 0.28671700475743656 0.3619100106410439 0.4371030165246513 0.5122960224082587 0.5874890282918661 0.6626820341754733 0.7378750400590808 0.8130680459426881 0.8882610518262954 0.9634540577099029 1.0386470635935101 1.076157460452567 1.0733842965444682 1.0706111326363743 1.0678379687282804
-9999.0 -9999.0 -9999.0 -9999.0 -9999.0 -9999.0 -9999.0 -9999.0 -9999.0 -9999.0 -9999.0 -9999.0 0.936664576761121 0.936664576761121 0.936664576761121 0.936664576761121 0.936664576761121 0.936664576761121 0.936664576761121 0.936664576761121 0.936664576761121 -9999.0 -9999.0 -9999.0 -9999.0 -9999.0 -9999.0 -9999.0 -9999.0 0.936664576761121 0.936664576761121 0.936664576761121 0.936664576761121 0.936664576761121 0.936664576761121 0.936664576761121 0.936664576761121 0.936664576761121 0.936664576761121 0.5576621864531346 0.5991265287168293 0.6405908709805239 0.6820552132442186 0.7235195555079132 0.7649838977716078 0.8064482400353025 0.8479125822989971 0.8893769245626917 0.9308412668263863 0.972305609090081 1.0137699513537757 1.0334474080545473 1.029834191651198 1.026220975247855 1.022607758844512
-9999.0 -9999.0 -9999.0 -9999.0 -9999.0 -9999.0 -9999.0 -9999.0 -9999.0 -9999.0 -9999.0 -9999.0 0.936664576761121 0.936664576761121 0.936664576761121 0.936664576761121 0.936664576761121 0.936664576761121 0.936664576761121 0.936664576761121 0.936664576761121 -9999.0 -9999.0 0.936664576761121 -9999.0 -9999.0 -9999.0 -9999.0 -9999.0 0.936664576761121 0.936664576761121 0.936664576761121 0.936664576761121 0.936664576761121 0.936664576761121 0.936664576761121 0.936664576761121 0.936664576761121 0.936664576761121 0.9038003740324405 0.9115360526762224 0.9192717313200043 0.9270074099637862 0.934743088607568 0.9424787672513499 0.9502144458951318 0.9579501245389137 0.9656858031826956 0.9734214818264775 0.9811571604702594 0.9888928391140412 0.9907373556565277 0.9862840867579279 0.9818308178593357 0.9773775489607435
-9999.0 -9999.0 -9999.0 -9999.0 -9999.0 -9999.0 -9999.0 -9999.0 -9999.0 -9999.0 -9999.0 -9999.0 0.936664576761121 0.936664576761121 0.936664576761121 0.936664576761121 0.936664576761121 0.936664576761121 0.936664576761121 0.936664576761121 0.936664576761121 0.936664576761121 0.936664576761121 0.936664576761121 0.936664576761121 0.936664576761121 -9999.0 -9999.0 0.936664576761121 0.936664576761121 0.936664576761121 0.936664576761121 0.936664576761121 0.936664576761121 0.936664576761121 0.936664576761121 0.936664576761121 0.936664576761121 0.936664576761121 1.2499385616120415 1.2239455766358818 1.1979525916597222 1.1719596066835627 1.145966621707403 1.1199736367312434 1.0939806517550836 1.067987666778924 1.0419946818027643 1.0160016968266048 0.9900087118504451 0.9640157268742855 0.9480273032584715 0.9427339818646205 0.9374406604707786 0.9321473390769366
-9999.0 -9999.0 -9999.0 -9999.0 -9999.0 -9999.0 -9999.0 -9999.0 -9999.0 -9999.0 -9999.0 0.936664576761121 0.936664576761121 0.936664576761121 0.936664576761121 0.936664576761121 0.936664576761121 0.936664576761121 0.936664576761121 0.936664576761121 0.936664576761121 0.936664576761121 0.936664576761121 0.936664576761121 0.936664576761121 0.936664576761121 0.936664576761121 0.936664576761121 0.936664576761121 0.936664576761121 0.936664576761121 0.936664576761121 0.936664576761121 0.936664576761121 0.936664576761121 0.936664576761121 0.936664576761121 0.936664576761121 0.936664576761121 1.5960767491913475 1.536355100595275 1.4766334519992026 1.4169118034031303 1.357190154807058 1.2974685062109854 1.237746857614913 1.1780252090188408 1.1183035604227682 1.058581911826696 0.9988602632306235 0.9391386146345511 0.905317250860452 0.8991838769713505 0.8930505030822593 0.8869171291931682
-9999.0 -9999.0 -9999.0 -9999.0 -9999.0 -9999.0 -9999.0 -9999.0 -9999.0 -9999.0 -9999.0 0.936664576761121 0.936664576761121 0.936664576761121 0.936664576761121 0.936664576761121 0.936664576761121 0.936664576761121 0.936664576761121 0.936664576761121 0.936664576761121 0.936664576761121 0.936664576761121 0.936664576761121 0.936664576761121 0.936664576761121 0.936664576761121 0.936664576761121 0.936664576761121 0.936664576761121 0.936664576761121 0.936664576761121 0.936664576761121 0.936664576761121 0.936664576761121 0.936664576761121 0.936664576761121 0.936664576761121 0.936664576761121 1.9422149367706532 1.848764624554668 1.755314312338683 1.6618640001226979 1.5684136879067128 1.4749633756907277 1.3815130634747423 1.2880627512587575 1.1946124390427721 1.101162126826787 1.007711814610802 0.9142615023948168 0.8626071984624324 0.8556337720780802 0.84866034569374 0.8416869193093999
-9999.0 -9999.0 -9999.0 -9999.0 -9999.0 -9999.0 -9999.0 -9999.0 -9999.0 -9999.0 -9999.0 0.936664576761121 0.936664576761121 0.936664576761121 0.936664576761121 0.936664576761121 0.936664576761121 0.936664576761121 0.936664576761121 0.936664576761121 0.936664576761121 0.936664576761121 0.936664576761121 0.936664576761121 0.936664576761121 0.936664576761121 0.936664576761121 0.936664576761121 0.936664576761121 0.936664576761121 0.936664576761121 0.936664576761121 0.936664576761121 0.936664576761121 0.936664576761121 0.936664576761121 0.936664576761121 0.936664576761121 0.936664576761121 2.288353124349959 2.1611741485140614 2.0339951726781633 1.9068161968422654 1.7796372210063676 1.6524582451704695 1.5252792693345718 1.3981002934986737 1.2709213176627758 1.143742341826878 1.01656336599098 0.8893843901550822 0.8198971460644128 0.8120836671848101 0.8042701883052208 0.7964567094256314
-9999.0 -9999.0 -9999.0 -9999.0 -9999.0 -9999.0 -9999.0 -9999.0 -9999.0 -9999.0 -9999.0 0.936664576761121 0.936664576761121 0.936664576761121 0.936664576761121 0.936664576761121 0.936664576761121 0.936664576761121 0.936664576761121 0.936664576761121 0.936664576761121 0.936664576761121 0.936664576761121 0.936664576761121 0.936664576761121 0.936664576761121 0.936664576761121 0.936664576761121 0.936664576761121 0.936664576761121 0.936664576761121 0.936664576761121 0.936664576761121 0.936664576761121 0.936664576761121 0.936664576761121 0.936664576761121 0.936664576761121 0.936664576761121 2.634491311929265 2.4735836724734543 2.3126760330176435 2.151768393561833 1.9908607541060224 1.8299531146502117 1.669045475194401 1.5081378357385904 1.3472301962827797 1.186322556826969 1.0254149173711584 0.8645072779153478 0.777187093666393 0.7685335622915399 0.7598800309167015 0.751226499541863
-9999.0 -9999.0 -9999.0 -9999.0 -9999.0 -9999.0 -9999.0 -9999.0 -9999.0 -9999.0 0.936664576761121 0.936664576761121 0.936664576761121 0.936664576761121 0.936664576761121 0.936664576761121 0.936664576761121 0.936664576761121 0.936664576761121 0.936664576761121 0.936664576761121 0.936664576761121 0.936664576761121 0.936664576761121 0.936664576761121 0.936664576761121 0.936664576761121 0.936664576761121 0.936664576761121 0.936664576761121 0.936664576761121 0.936664576761121 0.936664576761121 0.936664576761121 0.936664576761121 0.936664576761121 0.936664576761121 0.936664576761121 0.936664576761121 2.9806294995085705 2.785993196432847 2.5913568933571236 2.3967205902814004 2.2020842872056767 2.0074479841299535 1.81281168105423 1.6181753779785066 1.4235390749027834 1.22890277182706 1.0342664687513365 0.8396301656756133 0.7344770412683734 0.7249834573982697 0.7154898735281822 0.7059962896580947
-9999.0 -9999.0 -9999.0 -9999.0 -9999.0 -9999.0 -9999.0 -9999.0 -9999.0 0.936664576761121 0.936664576761121 0.936664576761121 0.936664576761121 0.936664576761121 0.936664576761121 0.936664576761121 0.936664576761121 0.936664576761121 0.936664576761121 0.936664576761121 0.936664576761121 0.936664576761121 0.936664576761121 0.936664576761121 0.936664576761121 0.936664576761121 0.936664576761121 0.936664576761121 0.936664576761121 0.936664576761121 0.936664576761121 0.936664576761121 0.936664576761121 0.936664576761121 0.936664576761121 0.936664576761121 0.936664576761121 0.936664576761121 0.936664576761121 3.3267676870878766 3.0984027203922406 2.870037753696604 2.641672787000968 2.4133078203053318 2.1849428536096958 1.9565778869140595 1.7282129202184233 1.499847953522787 1.2714829868271509 1.043118020131515 0.8147530534358784 0.6917669888703538 0.6814333525049996 0.6710997161396629 0.6607660797743262
-9999.0 -9999.0 -9999.0 -9999.0 -9999.0 -9999.0 -9999.0 0.936664576761121 0.936664576761121 0.936664576761121 0.936664576761121 0.936664576761121 0.936664576761121 0.936664576761121 0.936664576761121 0.936664576761121 0.936664576761121 0.936664576761121 0.936664576761121 0.936664576761121 0.936664576761121 0.936664576761121 0.936664576761121 0.936664576761121 0.936664576761121 0.936664576761121 0.936664576761121 0.936664576761121 0.936664576761121 0.936664576761121 0.936664576761121 0.936664576761121 0.936664576761121 0.936664576761121 0.936664576761121 0.936664576761121 0.936664576761121 0.936664576761121 0.936664576761121 3.672905874667477 3.4108122443518996 3.148718614036322 2.8866249837207443 2.6245313534051666 2.362437723089589 2.1003440927740114 1.838250462458434 1.576156832142856 1.3140632018272784 1.0519695715117008 0.7898759411961231 0.6490569364722979 0.6378832476116923 0.6267095587511059 0.6155358698905193
-9999.0 -9999.0 -9999.0 -9999.0 -9999.0 -9999.0 0.936664576761121 0.936664576761121 0.936664576761121 0.936664576761121 0.936664576761121 0.936664576761121 0.936664576761121 0.936664576761121 0.936664576761121 0.936664576761121 0.936664576761121 0.936664576761121 0.936664576761121 0.936664576761121 0.936664576761121 0.936664576761121 0.936664576761121 0.936664576761121 0.936664576761121 0.936664576761121 0.936664576761121 0.936664576761121 0.936664576761121 0.936664576761121 0.936664576761121 0.936664576761121 0.936664576761121 0.936664576761121 0.936664576761121 0.936664576761121 0.936664576761121 0.936664576761121 0.936664576761121 4.019044062246784 3.7232217683112934 3.427399474375803 3.1315771804403125 2.835754886504822 2.5399325925693312 2.244110298633841 1.9482880046983504 1.65246571076286 1.3566434168273696 1.0608211228918791 0.7649988289563887 0.6063468840742782 0.5943331427184222 0.5823194013625865 0.570305660006751
-9999.0 -9999.0 -9999.0 0.936664576761121 0.936664576761121 -9999.0 0.936664576761121 0.936664576761121 0.936664576761121 0.936664576761121 0.936664576761121 0.936664576761121 0.936664576761121 0.936664576761121 0.936664576761121 3.498836556589353 3.5848645111057924 3.6708924656222317 3.756920420138671 3.8429483746551103 3.9289763291715496 4.015004283687989 4.101032238204429 4.1870601927208675 4.273088147237307 4.359116101753746 4.445144056270332 4.485004760101402 4.475511629646162 4.4660184991909215 4.456525368735681 4.447032238280441 4.4375391078252004 4.42804597736996 4.418552846914719 4.4090597164594785 4.399566586004238 4.390073455548998 4.380580325093757 4.222255348115565 3.9048257635450314 3.587396178974498 3.2699665944039644 2.952537009833431 2.6351074252628974 2.317677840692364 2.0002482561218304 1.682818671551297 1.3653890869807634 1.04795950241023 0.7305299178396965 0.5607464713440672 0.5488000836173726 0.5368536958906985 0.5249073081640243
-9999.0 -9999.0 -9999.0 0.936664576761121 0.936664576761121 0.936664576761121 0.936664576761121 0.936664576761121 0.936664576761121 0.936664576761121 0.936664576761121 0.936664576761121 0.936664576761121 0.936664576761121 0.936664576761121 3.843531877993689 3.906527063271088 3.969522248548487 4.032517433825886 4.095512619103285 4.158507804380684 4.221502989658084 4.284498174935482 4.347493360212882 4.4104885454902805 4.473483730767679 4.536478916045186 4.5634393018668495 4.551877672743353 4.540316043619855 4.528754414496357 4.517192785372861 4.505631156249363 4.494069527125866 4.4825078980023685 4.470946268878872 4.459384639755374 4.447823010631876 4.43626138150838 4.2726867862441305 3.946606894621543 3.6205270029989554 3.2944471113763676 2.9683672197537803 2.6422873281311925 2.3162074365086047 1.9901275448860174 1.6640476532634296 1.3379677616408419 1.0118878700182545 0.6858079783956668 0.512056445628605 0.5011473714747011 0.49023829732081575 0.47932922316693044
-9999.0 -9999.0 -9999.0 0.936664576761121 0.936664576761121 0.936664576761121 0.936664576761121 0.936664576761121 0.936664576761121 0.936664576761121 0.936664576761121 0.936664576761121 0.936664576761121 0.936664576761121 0.936664576761121 4.188227199398025 4.228189615436383 4.2681520314747425 4.308114447513101 4.34807686355146 4.388039279589819 4.428001695628178 4.467964111666537 4.507926527704896 4.547888943743255 4.587851359781614 4.627813775820041 4.641873843632298 4.628243715840544 4.6146135880487895 4.600983460257035 4.58735333246528 4.573723204673526 4.560093076881772 4.546462949090018 4.532832821298263 4.519202693506509 4.505572565714755 4.491942437923001 4.3231182243726956 3.9883880256980535 3.653657827023412 3.3189276283487708 2.9841974296741287 2.649467230999487 2.3147370323248455 1.980006833650204 1.6452766349755623 1.3105464363009207 0.9758162376262791 0.6410860389516375 0.46336641991314287 0.45349465933202954 0.443622898750933 0.4337511381698365
-9999.0 -9999.0 -9999.0 0.936664576761121 0.936664576761121 0.936664576761121 0.936664576761121 0.936664576761121 0.936664576761121 0.936664576761121 0.936664576761121 0.936664576761121 0.936664576761121 0.936664576761121 0.936664576761121 4.53292252080236 4.549852167601678 4.566781814400997 4.583711461200315 4.6006411079996345 4.617570754798953 4.634500401598272 4.65143004839759 4.6683596951969095 4.685289341996228 4.702218988795547 4.719148635594895 4.720308385397745 4.7046097589377345 4.688911132477723 4.673212506017712 4.6575138795577 4.641815253097689 4.626116626637677 4.610418000177667 4.5947193737176555 4.579020747257644 4.563322120797633 4.547623494337621 4.37354966250126 4.030169156774565 3.686788651047869 3.343408145321173 3.000027639594478 2.656647133867782 2.3132666281410867 1.9698861224143913 1.6265056166876954 1.283125110961 0.9397446052343046 0.5963640995076092 0.41467639419768065 0.40584194718935795 0.3970075001810503 0.38817305317274264
-9999.0 -9999.0 -9999.0 0.936664576761121 0.936664576761121 0.936664576761121 0.936664576761121 0.936664576761121 0.936664576761121 0.936664576761121 0.936664576761121 0.936664576761121 0.936664576761121 0.936664576761121 0.936664576761121 4.87761784220699 4.871514719767249 4.865411597327507 4.859308474887766 4.8532053524480245 4.847102230008284 4.840999107568543 4.834895985128801 4.82879286268906 4.822689740249318 4.816586617809578 4.810483495369826 4.79874292716326 4.780975802034989 4.76320867690672 4.74544155177845 4.72767442665018 4.70990730152191 4.69214017639364 4.67437305126537 4.6566059261371 4.638838801008831 4.62107167588056 4.6033045507522905 4.423981100629868 4.071950287851111 3.7199194750723543 3.367888662293597 3.0158578495148403 2.663827036736083 2.311796223957326 1.9597654111785694 1.6077345983998121 1.2557037856210553 0.9036729728422981 0.5516421600635413 0.36598636848217697 0.35818923504664574 0.35039210161112777 0.34259496817560986
-9999.0 -9999.0 -9999.0 0.936664576761121 0.936664576761121 0.936664576761121 0.936664576761121 0.936664576761121 0.936664576761121 0.936664576761121 0.936664576761121 0.936664576761121 0.936664576761121 0.936664576761121 0.936664576761121 5.222313163611325 5.1931772719325435 5.164041380253762 5.13490548857498 5.1057695968962 5.076633705217418 5.047497813538636 5.018361921859855 4.989226030181073 4.960090138502292 4.930954246823511 4.9018183551446795 4.877177468928707 4.85734184513218 4.837506221335653 4.817670597539126 4.797834973742599 4.777999349946073 4.758163726149546 4.7383281023530195 4.718492478556493 4.698656854759966 4.678821230963439 4.658985607166913 4.4744125387584335 4.113731418927623 3.7530502990968118 3.3923691792660007 3.0316880594351896 2.6710069396043785 2.3103258197735674 1.9496446999427564 1.5889635801119453 1.2282824602811342 0.8676013404503231 0.506920220619512 0.3172963427667148 0.31053652290397415 0.30377670304124504 0.29701688317851593
-9999.0 0.936664576761121 0.936664576761121 0.936664576761121 0.936664576761121 0.936664576761121 0.936664576761121 0.936664576761121 0.936664576761121 0.936664576761121 0.936664576761121 0.936664576761121 0.936664576761121 0.936664576761121 0.936664576761121 5.56700848501566 5.514839824097838 5.462671163180017 5.4105025022621955 5.358333841344374 5.306165180426552 5.253996519508731 5.201827858590909 5.149659197673087 5.0974905367552665 5.045321875837445 4.993153214919534 4.955612010694155 4.933707888229371 4.911803765764588 4.889899643299803 4.86799552083502 4.846091398370236 4.8241872759054525 4.802283153440668 4.780379030975885 4.758474908511101 4.736570786046317 4.714666663581533 4.524843976886999 4.155512550004134 3.7861811231212683 3.4168496962384034 3.0475182693555385 2.6781868424726736 2.3088554155898087 1.9395239887069438 1.5701925618240788 1.2008611349412135 0.8315297080583486 0.46219828117548367 0.2686063170512526 0.26288381076130257 0.25716130447136226 0.251438798181422
-9999.0 0.936664576761121 0.936664576761121 0.936664576761121 0.936664576761121 0.936664576761121 0.936664576761121 0.936664576761121 0.936664576761121 0.936664576761121 0.936664576761121 0.936664576761121 0.936664576761121 0.936664576761121 0.936664576761121 5.911703806419996 5.836502376263135 5.761300946106273 5.686099515949411 5.610898085792549 5.535696655635687 5.460495225478825 5.385293795321964 5.310092365165102 5.23489093500824 5.159689504851378 5.084488074694388 5.0340465524596025 5.010073931326562 4.986101310193521 4.9621286890604805 4.93815606792744 4.914183446794399 4.890210825661358 4.866238204528317 4.842265583395276 4.818292962262236 4.794320341129195 4.770347719996154 4.575275415015563 4.1972936810806445 3.8193119471457253 3.441330213210806 3.063348479275887 2.685366745340968 2.307385011406049 1.9294032774711298 1.551421543536211 1.173439809601292 0.7954580756663727 0.41747634173145354 0.2199162913357904 0.215231098618631 0.21054590590147956 0.20586071318432814
-9999.0 -9999.0 0.936664576761121 0.936664576761121 0.936664576761121 0.936664576761121 0.936664576761121 0.936664576761121 0.936664576761121 0.936664576761121 0.936664576761121 0.936664576761121 0.936664576761121 0.936664576761121 0.936664576761121 6.256399127824332 6.158164928428429 6.059930729032527 5.961696529636625 5.863462330240723 5.765228130844822 5.6669939314489195 5.568759732053017 5.470525532657115 5.372291333261213 5.274057133865311 5.175822934469242 5.11248109422505 5.086439974423753 5.060398854622455 5.034357734821157 5.00831661501986 4.982275495218562 4.956234375417265 4.930193255615967 4.904152135814669 4.878111016013372 4.852069896212074 4.8260287764107765 4.625706853144129 4.239074812157155 3.8524427711701827 3.4658107301832093 3.0791786891962363 2.6925466482092633 2.3059146072222902 1.9192825662353172 1.5326505252483442 1.1460184842613712 0.7593864432743977 0.3727544022874252 0.17122626562032822 0.1675783864759594 0.16393050733159684 0.16028262818723424
-9999.0 -9999.0 0.936664576761121 0.936664576761121 0.936664576761121 0.936664576761121 0.936664576761121 0.936664576761121 0.936664576761121 0.936664576761121 0.936664576761121 0.936664576761121 0.936664576761121 0.936664576761121 0.936664576761121 6.6010944492286665 6.479827480593724 6.358560511958782 6.2372935433238395 6.116026574688897 5.994759606053956 5.873492637419013 5.752225668784071 5.630958700149129 5.509691731514186 5.388424762879244 5.2671577942440955 5.190915635990497 5.162806017520943 5.134696399051388 5.106586780581834 5.0784771621122795 5.050367543642724 5.02225792517317 4.994148306703615 4.966038688234061 4.937929069764507 4.909819451294952 4.881709832825397 4.676138291272693 4.280855943233666 3.8855735951946393 3.4902912471556125 3.095008899116585 2.699726551077558 2.304444203038531 1.9091618549995037 1.513879506960477 1.11859715892145 0.7233148108824228 0.32803246284339593 0.12253623990486603 0.11992567433328782 0.11731510876171407 0.11470454319014031
-9999.0 -9999.0 0.936664576761121 0.936664576761121 0.936664576761121 0.936664576761121 0.936664576761121 0.936664576761121 0.936664576761121 0.936664576761121 0.936664576761121 0.936664576761121 0.936664576761121 0.936664576761121 0.936664576761121 6.945789770633002 6.80149003275902 6.657190294885037 6.512890557011056 6.368590819137073 6.2242910812630905 6.079991343389108 5.935691605515125 5.791391867641143 5.647092129767161 5.502792391893179 5.35849265401895 5.269350177755946 5.2391720606181345 5.208993943480323 5.178815826342511 5.148637709204699 5.118459592066888 5.088281474929076 5.058103357791264 5.027925240653453 4.997747123515642 4.96756900637783 4.937390889240018 4.726569729401258 4.322637074310177 3.918704419219096 3.5147717641280147 3.1108391090369336 2.706906453945853 2.302973798854772 1.8990411437636907 1.4951084886726096 1.0911758335815285 0.6872431784904478 0.2833105233993667 0.07384621418940386 0.07227296219061626 0.07069971019183133 0.06912645819304641
