Figures/CREST_Example_wjb_NSE/Rolling_result/20100722/BJP_forecast/ens_41/wjb.rain.20100724.asc
ncols            288
nrows            254
xllcorner        113.274861
yllcorner        31.4918055
cellsize         0.008333333333
NODATA_value     -9999
[rows 175 to 199 of 254, columns 171 to 227 of 288]
0.0 0.0 0.0 0.0 0.0 0.0 0.0 0.0 0.0 0.0 0.0 0.0 0.002365613169631844 0.007260120339741016 0.012154627509850188 0.01704913467995936 0.02194364185006853 0.026838149020177702 0.031732656190286875 0.036627163360396044 0.04152167053050522 0.04641617770061439 0.05131068487072356 0.056205192040832734 0.05636847287639372 0.051473965706283854 0.046579458536173984 0.04168495136606412 0.036790444195954244 0.03189593702584438 0.02700142985573451 0.02210692268562465 0.01721241551551478 0.012317908345404915 0.0074234011752950455 0.0025288940051851755 0.0 0.0 0.0 0.0 0.0 0.0 0.0 0.0 0.0 0.0 0.0 0.0 0.0 0.0 0.0 0.0 0.0 0.0 0.0 0.0 0.0
0.0 0.0 0.0 0.0 0.0 0.0 0.0 0.0 0.0 0.0 0.0 0.0 0.0027304888615426945 0.00837993209354999 0.014029375325557284 0.019678818557564582 0.025328261789571874 0.03097770502157917 0.03662714825358647 0.04227659148559376 0.047926034717601054 0.053575477949608354 0.059224921181615646 0.06487436441362295 0.06506282992798768 0.05941338669597958 0.05376394346397148 0.048114500231963384 0.042465056999955286 0.03681561376794718 0.031166170535939085 0.025516727303930987 0.01986728407192289 0.014217840839914793 0.008568397607906689 0.0029189543758985914 0.0 0.0 0.0 0.0 0.0 0.0 0.0 0.0 0.0 0.0 0.0 0.0 0.0 0.0 0.0 0.0 0.0 0.0 0.0 0.0 0.0
0.0 0.0 0.0 0.0 0.0 0.0 0.0 0.0 0.0 0.0 0.0 0.0 0.003095364553453233 0.009499743847358006 0.01590412314126278 0.022308502435167552 0.028712881729072326 0.035117261022977096 0.04152164031688187 0.047926019610786644 0.05433039890469142 0.06073477819859619 0.06713915749250096 0.07354353678640574 0.0737571869795742 0.06735280768566851 0.06094842839176283 0.05454404909785715 0.048139669803951464 0.04173529051004578 0.0353309112161401 0.028926531922234412 0.022522152628328733 0.016117773334423047 0.009713394040517367 0.0033090147466116743 0.0 0.0 0.0 0.0 0.0 0.0 0.0 0.0 0.0 0.0 0.0 0.0 0.0 0.0 0.0 0.0 0.0 0.0 0.0 0.0 0.0
0.0 0.0 0.0 0.0 0.0 0.0 0.0 0.0 0.0 0.0 0.0 0.0 0.0034602402453637712 0.010619555601166022 0.017778870956968274 0.024938186312770522 0.032097501668572774 0.03925681702437503 0.04641613238017728 0.053575447735979526 0.06073476309178178 0.06789407844758404 0.07505339380338628 0.08221270915918853 0.08245154403116073 0.07529222867535745 0.06813291331955418 0.06097359796375092 0.05381428260794765 0.04665496725214438 0.03949565189634111 0.032336336540537844 0.025177021184734576 0.018017705828931307 0.010858390473128032 0.003699075117324771 0.0 0.0 0.0 0.0 0.0 0.0 0.0 0.0 0.0 0.0 0.0 0.0 0.0 0.0 0.0 0.0 0.0 0.0 0.0 0.0 0.0
0.0 0.0 0.0 0.0 0.0 0.0 0.0 0.0 0.0 0.0 0.0 0.0 0.0038251159372743103 0.01173936735497404 0.019653618772673773 0.027567870190373503 0.035482121608073236 0.04339637302577296 0.051310624443472695 0.05922487586117242 0.06713912727887215 0.07505337869657189 0.08296763011427162 0.09088188153197135 0.09114590108274725 0.0832316496650464 0.07531739824734555 0.0674031468296447 0.05948889541194384 0.05157464399424298 0.04366039257654213 0.035746141158841276 0.027831889741140425 0.019917638323439568 0.012003386905738711 0.004089135488037854 0.0 0.0 0.0 0.0 0.0 0.0 0.0 0.0 0.0 0.0 0.0 0.0 0.0 0.0 0.0 0.0 0.0 0.0 0.0 0.0 0.0
0.0 0.0 0.0 0.0 0.0 0.0 0.0 0.0 0.0 0.0 0.0 0.0 0.004189991629184849 0.012859179108782056 0.021528366588379266 0.030197554067976473 0.038866741547573684 0.04753592902717089 0.0562051165067681 0.0648743039863653 0.07354349146596252 0.08221267894555973 0.09088186642515693 0.09955105390475415 0.09984025813433378 0.09117107065473534 0.0825018831751369 0.07383269569553846 0.06516350821594002 0.05649432073634158 0.04782513325674314 0.03915594577714469 0.030486758297546254 0.021817570817947815 0.013148383338349376 0.004479195858750937 0.0 0.0 0.0 0.0 0.0 0.0 0.0 0.0 0.0 0.0 0.0 0.0 0.0 0.0 0.0 0.0 0.0 0.0 0.0 0.0 0.0
0.005778914332198353 0.006327282086785938 0.006875649841373524 0.007424017595961109 0.007972385350548694 0.00852075310513628 0.009069120859723865 0.009617488614311451 0.010165856368899037 0.010714224123486622 0.011262591878074206 0.011810959632662727 0.015809321882118126 0.0234958063029211 0.031182290723724075 0.03886877514452705 0.04655525956533003 0.054241743986133 0.06192822840693597 0.06961471282773896 0.07730119724854193 0.0849876816693449 0.09267416609014788 0.10036065051095085 0.10030534105047036 0.09197387875637883 0.0836424164622873 0.07531095416819578 0.06697949187410424 0.058648029580012716 0.05031656728592119 0.04198510499182966 0.03365364269773813 0.025322180403646602 0.016990718109555075 0.008659255815463549 0.004179168818594655 0.0038162891679121526 0.0034534095172302688 0.003090529866548385 0.0027276502158665008 0.002364770565184617 0.002001890914502733 0.0016390112638208494 0.0012761316131389656 0.0009132519624570818 0.0005503723117751976 0.0001874926610933138 0.0 0.0 0.0 0.0 0.0 0.0 0.0 0.0 0.0
0.017735123827164773 0.019418029901104708 0.02110093597504465 0.022783842048984586 0.024466748122924525 0.026149654196864464 0.027832560270804402 0.02951546634474434 0.03119837241868428 0.03288127849262422 0.034564184566564154 0.03624709064050696 0.03945895466645307 0.0443053093358598 0.049151664005266535 0.05399801867467327 0.058844373344080006 0.06369072801348674 0.06853708268289346 0.07338343735230021 0.07822979202170693 0.08307614669111368 0.0879225013605204 0.09276885602992714 0.0919738486260153 0.08514809751793752 0.07832234640985973 0.07149659530178194 0.06467084419370416 0.05784509308562636 0.05101934197754857 0.044193590869470785 0.037367839761393 0.030542088653315203 0.023716337545237415 0.016890586437159627 0.012825605681579106 0.01171195090677917 0.010598296131981131 0.009484641357183094 0.008370986582385057 0.0072573318075870195 0.006143677032788982 0.005030022257990945 0.003916367483192906 0.0028027127083948694 0.0016890579335968325 0.0005754031587987939 0.0 0.0 0.0 0.0 0.0 0.0 0.0 0.0 0.0
0.029691333322141387 0.032508777715434645 0.035326222108727906 0.03814366650202117 0.04096111089531443 0.04377855528860768 0.046595999681900944 0.0494134440751942 0.05223088846848746 0.05504833286178072 0.05786577725507398 0.060683221648372046 0.06310858745080819 0.06511481236881625 0.06712103728682432 0.0691272622048324 0.07113348712284047 0.07313971204084854 0.07514593695885662 0.07715216187686469 0.07915838679487275 0.08116461171288084 0.0831708366308889 0.08517706154889697 0.08364235620155315 0.07832231627949039 0.07300227635742762 0.06768223643536486 0.06236219651330209 0.057042156591239325 0.05172211666917656 0.046402076747113795 0.04108203682505103 0.035761996902988265 0.0304419569809255 0.025121917058862735 0.021472042544570934 0.019607612645652923 0.01774318274673809 0.015878752847823262 0.01401432294890843 0.012149893049993598 0.010285463151078766 0.008421033252163935 0.006556603353249105 0.0046921734543342725 0.0028277435554194402 0.000963313656504608 0.0 0.0 0.0 0.0 0.0 0.0 0.0 0.0 0.0
0.0416475428171078 0.04559952552975342 0.049551508242399026 0.053503490955044634 0.05745547366769024 0.06140745638033586 0.06535943909298148 0.06931142180562708 0.07326340451827268 0.0772153872309183 0.08116736994356391 0.08511935265621626 0.0867582202351431 0.08592431540175494 0.08509041056836678 0.0842565057349786 0.08342260090159044 0.08258869606820227 0.0817547912348141 0.08092088640142595 0.08008698156803777 0.07925307673464961 0.07841917190126144 0.07758526706787328 0.07531086377709811 0.07149653504104908 0.06768220630500006 0.06386787756895103 0.060053548832902 0.056239220096852977 0.05242489136080395 0.048610562624754924 0.0447962338887059 0.04098190515265687 0.037167576416607846 0.03335324768055882 0.030118479407555385 0.02750327438451994 0.024888069361488956 0.02227286433845797 0.019657659315426984 0.017042454292396002 0.014427249269365016 0.01181204424633403 0.009196839223303045 0.006581634200272059 0.003966429177241073 0.0013512241542100872 0.0 0.0 0.0 0.0 0.0 0.0 0.0 0.0 0.0
0.053603752312074225 0.05869027334407219 0.06377679437607015 0.06886331540806812 0.07394983644006607 0.07903635747206404 0.084122878504062 0.08920939953605997 0.09429592056805794 0.0993824416000559 0.10446896263205385 0.1095554836640605 0.11040785301947804 0.10673381843469364 0.10305978384990923 0.09938574926512482 0.09571171468034041 0.092037680095556 0.0883636455107716 0.0846896109259872 0.0810155763412028 0.07734154175641839 0.07366750717163398 0.06999347258684957 0.06697937135264305 0.06467075380260777 0.06236213625257248 0.060053518702537195 0.057744901152501915 0.05543628360246663 0.05312766605243134 0.05081904850239606 0.04851043095236077 0.04620181340232549 0.0438931958522902 0.04158457830225491 0.03876491627053985 0.03539893612338697 0.03203295597623983 0.02866697582909269 0.02530099568194555 0.021935015534798413 0.01856903538765127 0.01520305524050413 0.011837075093356991 0.008471094946209852 0.005105114799062713 0.0017391346519155734 0.0 0.0 0.0 0.0 0.0 0.0 0.0 0.0 0.0
0.06555996180704064 0.07178102115839095 0.07800208050974128 0.08422313986109159 0.0904441992124419 0.09666525856379223 0.10288631791514255 0.10910737726649286 0.11532843661784317 0.12154949596919348 0.12777055532054382 0.13399161467190474 0.134057485803813 0.12754332146763234 0.1210291571314517 0.11451499279527104 0.1080008284590904 0.10148666412290974 0.09497249978672909 0.08845833545054844 0.0819441711143678 0.07543000677818715 0.0689158424420065 0.06240167810582585 0.058647878928188006 0.05784497256416646 0.05704206620014491 0.05623915983612336 0.05543625347210182 0.05463334710808027 0.053830440744058725 0.05302753438003718 0.052224628016015635 0.05142172165199409 0.050618815287972546 0.049815908923951 0.0474113531335243 0.04329459786225399 0.03917784259099069 0.0350610873197274 0.030944332048464106 0.026827576777200813 0.02271082150593752 0.018594066234674227 0.014477310963410935 0.010360555692147638 0.006243800420884342 0.0021270451496210527 0.0 0.0 0.0 0.0 0.0 0.0 0.0 0.0 0.0
0.07751617130200705 0.08487176897270973 0.0922273666434124 0.09958296431411506 0.10693856198481774 0.11429415965552041 0.12164975732622307 0.12900535499692575 0.13636095266762843 0.14371655033833108 0.15107214800903376 0.158427745679749 0.15770711858814793 0.14835282450057105 0.13899853041299415 0.12964423632541727 0.12028994223784037 0.1109356481502635 0.10158135406268659 0.09222705997510972 0.08287276588753283 0.07351847179995594 0.06416417771237905 0.05480988362480216 0.050316386503732956 0.05101919132572515 0.051721996147717345 0.052424800969709535 0.053127605791701726 0.053830410613693924 0.054533215435686115 0.05523602025767831 0.055938825079670504 0.0566416299016627 0.05734443472365489 0.05804723954564709 0.05605778999650876 0.05119025960112101 0.04632272920574156 0.041455198810362116 0.03658766841498267 0.03172013801960322 0.026852607624223777 0.021985077228844324 0.017117546833464878 0.012250016438085432 0.007382486042705985 0.002514955647326539 0.0 0.0 0.0 0.0 0.0 0.0 0.0 0.0 0.0
0.08947238079697348 0.0979625167870285 0.10645265277708352 0.11494278876713854 0.12343292475719356 0.13192306074724858 0.1404131967373036 0.14890333272735862 0.15739346871741364 0.16588360470746866 0.17437374069752368 0.18286387668759319 0.18135675137248286 0.16916232753350974 0.1569679036945366 0.14477347985556346 0.13257905601659034 0.12038463217761722 0.1081902083386441 0.09599578449967097 0.08380136066069785 0.07160693682172471 0.0594125129827516 0.04721808914377848 0.041984894079277905 0.044193410087283835 0.04640192609528977 0.04861044210329571 0.05081895811130164 0.053027474119307576 0.055235990127313506 0.05744450613531944 0.05965302214332538 0.06186153815133131 0.06407005415933724 0.06627857016734318 0.06470422685949322 0.05908592133998804 0.053467615820492434 0.04784931030099683 0.04223100478150123 0.036612699262005624 0.030994393742510028 0.025376088223014424 0.01975778270351882 0.014139477184023225 0.008521171664527621 0.002902866145032018 0.0 0.0 0.0 0.0 0.0 0.0 0.0 0.0 0.0
0.10142859029195009 0.11105326460135843 0.12067793891076678 0.1303026132201751 0.13992728752958344 0.1495519618389918 0.15917663614840014 0.1688013104578085 0.17842598476721683 0.18805065907662516 0.1976753333860335 0.20730000769545825 0.20500638415683797 0.1899718305664662 0.1749372769760944 0.1599027233857226 0.1448681697953508 0.12983361620497902 0.11479906261460723 0.09976450902423545 0.08472995543386366 0.06969540184349188 0.05466084825312009 0.03962629466274828 0.03365340165481575 0.03736762884883671 0.04108185604285767 0.04479608323687863 0.04851031043089958 0.05222453762492054 0.0559387648189415 0.05965299201296245 0.0633672192069834 0.06708144640100437 0.07079567359502534 0.07450990078904629 0.07335066372248504 0.06698158307886179 0.06061250243524939 0.05424342179163699 0.0478743411480246 0.04150526050441221 0.03513617986079981 0.02876709921718741 0.02239801857357502 0.01602893792996262 0.009659857286350229 0.0032907766427378304 0.0 0.0 0.0 0.0 0.0 0.0 0.0 0.0 0.0
0.11338479978691653 0.12414401241567721 0.1349032250444379 0.1456624376731986 0.15642165030195931 0.16718086293072 0.1779400755594807 0.1886992881882414 0.19945850081700206 0.2102177134457628 0.22097692607452346 0.2317361387033025 0.2286560169411729 0.21078133359940487 0.19290665025763684 0.1750319669158688 0.15715728357410078 0.13928260023233274 0.12140791689056472 0.10353323354879668 0.08565855020702864 0.06778386686526061 0.049909183523492606 0.03203450018172457 0.025321909230360703 0.030541847610395398 0.035761785990430096 0.040981724370464795 0.046201662750499486 0.051421601130534185 0.056641539510568883 0.06186147789060358 0.06708141627063827 0.07230135465067297 0.07752129303070768 0.08274123141074237 0.0819971005854695 0.07487724481772881 0.06775738905000026 0.0606375332822717 0.05351767751454316 0.0463978217468146 0.03927796597908605 0.032158110211357505 0.025038254443628956 0.017918398675900407 0.010798542908171851 0.0036786871404433097 0.0 0.0 0.0 0.0 0.0 0.0 0.0 0.0 0.0
0.12534100928188294 0.13723476022999598 0.14912851117810905 0.1610222621262221 0.17291601307433513 0.18480976402244817 0.1967035149705612 0.20859726591867428 0.2204910168667873 0.23238476781490036 0.2442785187630134 0.2561722697111467 0.25230564972550784 0.2315908366323436 0.2108760235391793 0.19016121044601503 0.16944639735285077 0.1487315842596865 0.12801677116652221 0.10730195807335793 0.08658714498019368 0.0658723318870294 0.04515751879386512 0.024442705700700867 0.016990416805905652 0.023716066371954087 0.030441715938002527 0.03716736550405096 0.0438930150700994 0.050618664636147837 0.057344314202196274 0.06406996376824471 0.07079561333429316 0.07752126290034159 0.08424691246639002 0.09097256203243845 0.09064353744845396 0.08277290655659583 0.07490227566475113 0.06703164477290643 0.05916101388106172 0.051290382989217016 0.04341975209737232 0.03554912120552761 0.027678490313682913 0.0198078594218382 0.011937228529993502 0.004066597638148789 0.0 0.0 0.0 0.0 0.0 0.0 0.0 0.0 0.0
0.13729721877684936 0.15032550804431474 0.16335379731178015 0.17638208657924553 0.18941037584671094 0.20243866511417635 0.21546695438164173 0.22849524364910712 0.24152353291657253 0.25455182218403793 0.2675801114515033 0.28060840071899096 0.27595528250984275 0.25240033966528225 0.22884539682072175 0.20529045397616122 0.18173551113160072 0.15818056828704022 0.13462562544247972 0.11107068259791919 0.08751573975335869 0.06396079690879819 0.04040585406423769 0.01685091121967719 0.008658924381450602 0.01689028513351278 0.025121645885574955 0.033353006637637135 0.04158436738969931 0.04981572814176149 0.058047088893823665 0.06627844964588583 0.07450981039794802 0.0827411711500102 0.09097253190207237 0.09920389265413455 0.0992899743114384 0.09066856829546285 0.082047162279502 0.07342575626354114 0.06480435024758027 0.056182944231619424 0.04756153821565857 0.038940132199697705 0.03031872618373685 0.021697320167775994 0.013075914151815138 0.004454508135854282 0.0 0.0 0.0 0.0 0.0 0.0 0.0 0.0 0.0
0.13769559961889805 0.1507616916976299 0.16382778377636173 0.17689387585509356 0.18995996793382539 0.2030260600125572 0.21609215209128904 0.22915824417002087 0.2422243362487527 0.25529042832748455 0.2683565204062164 0.28142261248497047 0.2765669291410336 0.25255246238901213 0.22853799563699068 0.20452352888496922 0.1805090621329478 0.15649459538092633 0.13248012862890488 0.10846566187688345 0.08445119512486199 0.06043672837284053 0.036422261620819074 0.012407794868797617 0.004178988535989801 0.012825410375423852 0.021471832214857905 0.030118254054291957 0.03876467589372601 0.04741109773316006 0.05605751957259411 0.06470394141202816 0.07335036325146221 0.08199678509089627 0.09064320693033032 0.09928962876976437 0.09957807354553487 0.09093165170608608 0.08228522986665203 0.07363880802721798 0.06499238618778393 0.056345964348349875 0.04769954250891582 0.03905312066948177 0.03040669883004772 0.02176027699061367 0.013113855151179618 0.004467433311745567 0.0 0.0 0.0 0.0 0.0 0.0 0.0 0.0 0.0
0.12573939012392654 0.13767094388330553 0.14960249764268455 0.16153405140206353 0.17346560516144252 0.18539715892082154 0.19732871268020052 0.2092602664395795 0.2211918201989585 0.2331233739583375 0.24505492771771648 0.25698648147711584 0.2525524206647779 0.23062314760225608 0.20869387453973426 0.18676460147721247 0.16483532841469067 0.14290605535216888 0.12097678228964706 0.09904750922712527 0.07711823616460348 0.055188963102081656 0.033259690039559864 0.011330416977038071 0.003816123908858166 0.011711770624175744 0.019607417339493324 0.0275030640548109 0.03539871077012848 0.04329435748544606 0.05119000420076364 0.059085650916081214 0.06698129763139879 0.07487694434671636 0.08277259106203395 0.09066823777735153 0.09093163668254674 0.08303598996721569 0.07514034325189811 0.06724469653658054 0.059349049821262954 0.05145340310594538 0.0435577563906278 0.03566210967531022 0.027766462959992647 0.01987081624467507 0.011975169529357482 0.004079522814039907 0.0 0.0 0.0 0.0 0.0 0.0 0.0 0.0 0.0
0.11378318062896013 0.12458019606898676 0.1353772115090134 0.14617422694904006 0.15697124238906668 0.16776825782909333 0.17856527326911997 0.18936228870914662 0.20015930414917327 0.2109563195891999 0.2217533350292265 0.23255035046927158 0.2285379121885324 0.20869383281550935 0.1888497534424863 0.16900567406946326 0.14916159469644025 0.12931751532341718 0.10947343595039416 0.08962935657737112 0.06978527720434807 0.04994119783132503 0.030097118458301986 0.010253039085278942 0.003453259281726686 0.01059813087292811 0.017743002464129538 0.024887874055330963 0.032032745646532385 0.03917761723773381 0.046322488828935235 0.05346736042013666 0.060612232011338085 0.06775710360253952 0.07490197519374094 0.08204684678494237 0.08228519981956228 0.07514032822834868 0.06799545663714725 0.06085058504594583 0.0537057134547444 0.04656084186354297 0.03941597027234155 0.03227109868114012 0.025126227089938696 0.017981355498737278 0.010836483907535846 0.0036916123163344278 0.0 0.0 0.0 0.0 0.0 0.0 0.0 0.0 0.0
0.10182697113399371 0.111489448254668 0.12115192537534228 0.13081440249601656 0.14047687961669086 0.15013935673736514 0.15980183385803942 0.16946431097871373 0.179126788099388 0.18878926522006229 0.1984517423407366 0.20811421946142733 0.20452340371228692 0.18676451802876262 0.16900563234523835 0.15124674666171406 0.1334878609781898 0.11572897529466551 0.09797008961114123 0.08021120392761696 0.06245231824409267 0.0446934325605684 0.026934546877044108 0.00917566119351984 0.003090394654595205 0.009484491121680476 0.015878587588765748 0.02227268405585102 0.02866678052293629 0.03506087699002156 0.04145497345710683 0.047849069924192106 0.054243166391277374 0.06063726285836264 0.06703135932544792 0.07342545579253319 0.07363876295657783 0.06724466648948166 0.06085057002239638 0.054456473555311115 0.04806237708822585 0.04166828062114057 0.0352741841540553 0.028880087686970035 0.02248599121988476 0.016091894752799492 0.009697798285714224 0.0033037018186289485 0.0 0.0 0.0 0.0 0.0 0.0 0.0 0.0 0.0
0.08987076163902219 0.09839870044034364 0.1069266392416651 0.11545457804298655 0.123982516844308 0.13251045564562947 0.1410383944469509 0.14956633324827234 0.1580942720495938 0.16662221085091528 0.17515014965223671 0.1836780884535727 0.1805088952360312 0.16483520324200657 0.14916151124798194 0.1334878192539573 0.11781412725993269 0.10214043526590806 0.08646674327188343 0.0707930512778588 0.055119359283834185 0.039445667289809555 0.023771975295784925 0.008098283301760295 0.0027275300274635693 0.008370851370432366 0.014014172713401161 0.01965749405636996 0.025300815399338754 0.03094413674230755 0.036587458085276345 0.042230779428245144 0.047874100771213936 0.053517422114182735 0.05916074345715153 0.06480406480012033 0.06499232609358968 0.059349004750611264 0.053705683407642466 0.04806236206467367 0.042419040721704875 0.036775719378736076 0.031132398035767284 0.025489076692798485 0.019845755349829693 0.014202434006860894 0.008559112663892095 0.0029157913209233027 0.0 0.0 0.0 0.0 0.0 0.0 0.0 0.0 0.0
0.07791455214405577 0.08530795262602486 0.09270135310799396 0.10009475358996307 0.10748815407193216 0.11488155455390127 0.12227495503587037 0.12966835551783945 0.13706175599980858 0.14445515648177765 0.15184855696374677 0.15924195744572847 0.15649438675978572 0.14290588845525987 0.12931739015073399 0.11572889184620812 0.10214039354168225 0.08855189523715638 0.07496339693263052 0.06137489862810465 0.04778640032357878 0.03419790201905293 0.020609403714527047 0.007020905410001194 0.0023646654003320893 0.007257211619184732 0.012149757838037374 0.017042304056890018 0.02193485027574266 0.026827396494595302 0.03171994271344795 0.03661248893230059 0.04150503515115323 0.04639758137000587 0.051290127588858515 0.05618267380771116 0.056345889230605226 0.05145334301174424 0.0465607967928916 0.04166825057403896 0.03677570435518632 0.031883158136333675 0.026990611917481033 0.022098065698628384 0.017205519479775742 0.0123129732609231 0.0074204270420704585 0.0025278808232178165 0.0 0.0 0.0 0.0 0.0 0.0 0.0 0.0 0.0
0.06595834264908935 0.0722172048117061 0.07847606697432286 0.0847349291369396 0.09099379129955634 0.0972526534621731 0.10351151562478984 0.10977037778740659 0.11602923995002334 0.12228810211264007 0.12854696427525683 0.13480582643788425 0.13247987828354027 0.12097657366851317 0.10947326905348605 0.09796996443845894 0.08646665982343182 0.07496335520840473 0.06346005059337761 0.05195674597835051 0.040453441363323406 0.0289501367482963 0.017446832133269183 0.005943527518242092 0.0020018007732006088 0.006143571867937097 0.010285342962673586 0.014427114057410075 0.018568885152146563 0.02271065624688305 0.02685242734161954 0.03099419843635603 0.03513596953109252 0.039277740625829005 0.0434195117205655 0.04756128281530198 0.04769945236762077 0.04355768127287722 0.03941591017814073 0.035274139083404245 0.031132367988667756 0.026990596893931264 0.022848825799194776 0.018707054704458288 0.0145652836097218 0.010423512514985314 0.006281741420248822 0.0021399703255123373 0.0 0.0 0.0 0.0 0.0 0.0 0.0 0.0 0.0
