Figures/CREST_Example_wjb_NSE/Rolling_result/20100722/BJP_forecast/ens_41/wjb.rain.20100728.asc
ncols            288
nrows            254
xllcorner        113.274861
yllcorner        31.4918055
cellsize         0.008333333333
NODATA_value     -9999
[rows 115 to 137 of 254, columns 106 to 158 of 288]
0.8745510675385046 0.9532889705355587 1.0320268735326128 1.110764776529667 1.1895026795267212 1.231222925786939 1.2333704599249142 1.2355179940628898 1.237665528200865 1.2398130623388404 1.241960596476816 1.244108130614795 1.2462556647527703 1.2484031988907456 1.2505507330287209 1.2526982671666964 1.2548458013046717 1.217989087253491 1.1394359498152558 1.0608828123770204 0.9823296749387852 0.9037765375005499 0.8252234000623146 0.7466702626240793 0.66811712518571 0.5895639877474748 0.5110108503092394 0.4324577128710041 0.35390457543276876 0.3006983459254412 0.2745885342634114 0.24847872260138162 0.22236891093935185 0.19625909927732205 0.17014928761529224 0.14403947595326247 0.11792966429123267 0.09181985262915834 0.06571004096712857 0.039600229305098766 0.013490417643068964 0.0 0.0 0.0 0.0 0.0 0.0 0.0 0.0 0.0 0.0 0.0 0.0
0.878226420368044 0.9602512851500815 1.0422761499321191 1.1243010147141566 1.2063258794961942 1.247270697254979 1.2443000158135757 1.2413293343721725 1.2383586529307695 1.2353879714893663 1.232417290047963 1.2294466086065547 1.2264759271651515 1.2235052457237485 1.2205345642823453 1.217563882840942 1.2145932013995389 1.1754967366303186 1.0977809925066906 1.0200652483830626 0.9423495042594345 0.8646337601358066 0.7869180160121787 0.7092022718885507 0.6314865277647902 0.5537707836411622 0.47605503951753425 0.3983392953939062 0.3206235512702783 0.26917300856783993 0.24580056022071517 0.2224281118735904 0.19905566352646561 0.17568321517934082 0.15231076683221606 0.1289383184850913 0.1055658701379665 0.08219342179080188 0.058820973443677094 0.03544852509655233 0.012076076749427567 0.0 0.0 0.0 0.0 0.0 0.0 0.0 0.0 0.0 0.0 0.0 0.0
0.8819017731975834 0.9672135997646045 1.0525254263316257 1.1378372528986467 1.2231490794656676 1.2633184687230192 1.2552295717022375 1.2471406746814557 1.239051777660674 1.2309628806398922 1.2228739836191105 1.214785086598315 1.2066961895775332 1.1986072925567515 1.1905183955359697 1.182429498515188 1.1743406014944062 1.1330043860071461 1.0561260351981254 0.9792476843891047 0.9023693335800841 0.8254909827710634 0.7486126319620428 0.671734281153022 0.5948559303438702 0.5179775795348495 0.44109922872582885 0.36422087791680813 0.2873425271077874 0.23764767121023866 0.2170125861780189 0.19637750114579916 0.17574241611357938 0.15510733108135966 0.13447224604913988 0.11383716101692012 0.09320207598470037 0.07256699095244543 0.051931905920225674 0.03129682088800592 0.010661735855786142 0.0 0.0 0.0 0.0 0.0 0.0 0.0 0.0 0.0 0.0 0.0 0.0
0.8855771260271261 0.9741759143791333 1.0627747027311405 1.151373491083148 1.239972279435155 1.279366240191073 1.2661591275909083 1.2529520149907436 1.239744902390579 1.2265377897904144 1.2133306771902497 1.2001235645900625 1.1869164519898978 1.173709339389733 1.1605022267895684 1.1472951141894039 1.1340880015892392 1.0905120353839375 1.0144710778895247 0.9384301203951121 0.8623891629006994 0.7863482054062867 0.710307247911874 0.6342662904174614 0.558225332922919 0.48218437542850634 0.4061434179340937 0.33010246043968094 0.2540615029452683 0.20612233385261056 0.18822461213529815 0.17032689041798574 0.15242916870067333 0.1345314469833609 0.1166337252660485 0.09873600354873609 0.08083828183142369 0.06294056011408075 0.04504283839676834 0.027145116679455933 0.009247394962143524 0.0 0.0 0.0 0.0 0.0 0.0 0.0 0.0 0.0 0.0 0.0 0.0
0.8892524788566655 0.9811382289936562 1.0730239791306468 1.1649097292676376 1.2567954794046283 1.295414011659113 1.2770886834795698 1.2587633553000266 1.2404380271204833 1.2221126989409403 1.203787370761397 1.1854620425818225 1.1671367144022793 1.148811386222736 1.1304860580431928 1.1121607298636498 1.0938354016841065 1.048019684760765 0.9728161205809597 0.8976125564011543 0.822408992221349 0.7472054280415437 0.6720018638617382 0.5967982996819329 0.5215947355019993 0.44639117132219397 0.3711876071423885 0.2959840429625832 0.22078047878277784 0.1745969964950093 0.1594366380926019 0.1442762796901945 0.1291159212877871 0.1139555628853797 0.0987952044829723 0.08363484608056491 0.06847448767815752 0.053314129275724265 0.03815377087331687 0.02299341247090947 0.007833054068502071 0.0 0.0 0.0 0.0 0.0 0.0 0.0 0.0 0.0 0.0 0.0 0.0
0.8929278316862048 0.9881005436081791 1.0832732555301532 1.1784459674521275 1.2736186793741016 1.3114617831271533 1.2880182393682316 1.2645746956093098 1.241131151850388 1.2176876080914663 1.1942440643325445 1.1708005205735827 1.147356976814661 1.1239134330557392 1.1004698892968174 1.0770263455378957 1.0535828017789737 1.0055273341375928 0.9311611632723946 0.8567949924071966 0.7824288215419986 0.7080626506768004 0.6336964798116024 0.5593303089464043 0.4849641380810794 0.4105979672158814 0.33623179635068334 0.2618656254854853 0.18749945462028716 0.14307165913740805 0.13064866404990566 0.11822566896240327 0.10580267387490089 0.09337967878739852 0.08095668369989614 0.06853368861239376 0.056110693524891384 0.04368769843736782 0.03126470334986543 0.01884170826236306 0.006418713174860674 0.0 0.0 0.0 0.0 0.0 0.0 0.0 0.0 0.0 0.0 0.0 0.0
0.8596149816839769 0.952400288938519 1.045185596193061 1.137970903447603 1.2307562107021452 1.2665955718211221 1.241558428817433 1.216521285813744 1.191484142810055 1.166446999806366 1.1414098568026771 1.1163727137989454 1.0913355707952563 1.0662984277915675 1.0412612847878784 1.0162241417841895 0.9911869987805004 0.9439565453791346 0.8730009412656181 0.8020453371521016 0.731089733038585 0.6601341289250684 0.5891785248115519 0.5182229206980353 0.4472673165843978 0.37631171247088124 0.3053561083573647 0.23440050424384817 0.16344490013033164 0.12167713915800647 0.11111184264061932 0.10054654612323219 0.08998124960584504 0.07941595308845789 0.06885065657107074 0.058285360053683594 0.047720063536296445 0.03715476701889128 0.026589470501504134 0.016024173984117 0.00545887746672985 0.0 0.0 0.0 0.0 0.0 0.0 0.0 0.0 0.0 0.0 0.0 0.0
0.7867640746866846 0.8710964372629184 0.9554287998391522 1.039761162415386 1.12409352499162 1.1566161531048316 1.1337530035171335 1.1108898539294354 1.0880267043417373 1.0651635547540392 1.0423004051663411 1.019437255578604 0.996574105990906 0.9737109564032079 0.9508478068155098 0.9279846572278118 0.9051215076401137 0.861992109008204 0.797197631831084 0.7324031546539641 0.6676086774768442 0.6028142002997242 0.5380197231226043 0.4732252459454843 0.4084307687682539 0.34363629159113396 0.278841814414014 0.21404733723689406 0.14925286005977412 0.11111182428293707 0.10146392017982847 0.09181601607671985 0.08216811197361125 0.07252020787050265 0.06287230376739404 0.05322439966428544 0.04357649556117682 0.03392859145805177 0.024280687354943153 0.01463278325183455 0.004984879148725946 0.0 0.0 0.0 0.0 0.0 0.0 0.0 0.0 0.0 0.0 0.0 0.0
0.7139131676893926 0.789792585587318 0.8656720034852436 0.9415514213831693 1.0174308392810947 1.046636734388541 1.025947578216834 1.0052584220451266 0.9845692658734195 0.9638801097017123 0.9431909535300051 0.9225017973582628 0.9018126411865555 0.8811234850148484 0.8604343288431412 0.839745172671434 0.8190560164997268 0.7800276726372732 0.72139432239655 0.6627609721558266 0.6041276219151033 0.54549427167438 0.4868609214336566 0.4282275711929333 0.36959422095211 0.31096087071138667 0.2523275204706633 0.19369417022993995 0.1350608199892167 0.10054650940786768 0.09181599771903762 0.08308548603020754 0.07435497434137747 0.0656244626525474 0.056893950963717334 0.04816343927488727 0.039432927586057195 0.030702415897212246 0.021971904208382173 0.0132413925195521 0.004510880830722042 0.0 0.0 0.0 0.0 0.0 0.0 0.0 0.0 0.0 0.0 0.0 0.0
0.6410622606920382 0.7084887339116483 0.7759152071312585 0.8433416803508684 0.9107681535704786 0.9366573156721568 0.9181421529164424 0.899626990160728 0.8811118274050136 0.8625966646492992 0.8440815018935848 0.8255663391378387 0.8070511763821243 0.7885360136264099 0.7700208508706955 0.7515056881149811 0.7329905253592667 0.6980632362662728 0.6455910129619513 0.5931187896576298 0.5406465663533083 0.4881743430489869 0.4357021197446654 0.38322989644034394 0.33075767313593296 0.2782854498316115 0.22581322652729002 0.17334100322296853 0.12086877991864708 0.08998119453278926 0.08216807525823852 0.07435495598368777 0.06654183670913702 0.058728717434586276 0.05091559816003553 0.04310247888548479 0.035289359610934046 0.027476240336369973 0.019663121061819236 0.011850001787268485 0.004036882512717735 0.0 0.0 0.0 0.0 0.0 0.0 0.0 0.0 0.0 0.0 0.0 0.0
0.568211353694746 0.6271848822360477 0.6861584107773497 0.7451319393186515 0.8041054678599533 0.8266778969558664 0.8103367276161428 0.7939955582764193 0.7776543889366958 0.7613132195969723 0.7449720502572488 0.7286308809174974 0.7122897115777739 0.6959485422380504 0.6796073728983268 0.6632662035586033 0.6469250342188798 0.6160987998953421 0.5697877035274173 0.5234766071594924 0.4771655107915675 0.43085441442364264 0.3845433180557178 0.33823222168779293 0.2919211253197891 0.24561002895186418 0.19929893258393933 0.15298783621601447 0.10667673984808956 0.07941587965771986 0.07252015279744764 0.06562442593717543 0.058728699076903236 0.05183297221663103 0.044937245356358825 0.03804151849608662 0.031145791635814414 0.024250064775530447 0.01735433791525824 0.010458611054986036 0.0035628841947138307 0.0 0.0 0.0 0.0 0.0 0.0 0.0 0.0 0.0 0.0 0.0 0.0
0.4953604466974539 0.5458810305604475 0.5964016144234411 0.6469221982864346 0.6974427821494282 0.716698478239576 0.7025313023158434 0.6883641263921108 0.6741969504683781 0.6600297745446455 0.6458625986209129 0.6316954226971561 0.6175282467734234 0.6033610708496908 0.5891938949259583 0.5750267190022256 0.5608595430784931 0.5341343635244115 0.4939843940928832 0.45383442466135493 0.41368445522982666 0.3735344857982984 0.33338451636677013 0.29323454693524187 0.25308457750364516 0.2129346080721169 0.17278463864058868 0.13263466920906042 0.09248469977753215 0.06885056478265046 0.06287223033665679 0.056893895890663126 0.05091556144466946 0.04493722699867579 0.038958892552682124 0.03298055810668846 0.027002223660694796 0.02102388921469093 0.015045554768697261 0.0090672203227036 0.0030888858767099264 0.0 0.0 0.0 0.0 0.0 0.0 0.0 0.0 0.0 0.0 0.0 0.0
0.4225095397001616 0.46457717888484695 0.5066448180695323 0.5487124572542176 0.590780096438903 0.6067190595232854 0.5947258770155438 0.5827326945078021 0.5707395120000603 0.5587463294923186 0.5467531469845769 0.5347599644768147 0.522766781969073 0.5107735994613314 0.49878041695358966 0.4867872344458479 0.4747940519381062 0.4521699271534808 0.41818108465834913 0.3841922421632175 0.35020339966808584 0.3162145571729542 0.28222571467782254 0.2482368721826909 0.21424802968750128 0.1802591871923696 0.146270344697238 0.11228150220210631 0.07829265970697463 0.05828524990758105 0.05322430787586592 0.0481633658441508 0.04310242381243567 0.038041481780720546 0.032980539749005416 0.027919597717290287 0.022858655685575158 0.017797713653851403 0.012736771622136274 0.0076758295904211515 0.002614887558706022 0.0 0.0 0.0 0.0 0.0 0.0 0.0 0.0 0.0 0.0 0.0 0.0
0.34965863270286934 0.3832733272092464 0.41688802171562345 0.4505027162220005 0.4841174107283776 0.49673964080699495 0.4869204517152442 0.47710126262349334 0.46728207353174256 0.4574628844399917 0.44764369534824094 0.4378245062564734 0.42800531716472257 0.4181861280729718 0.408366938981221 0.39854774988947017 0.3887285607977194 0.3702054907825501 0.3423777752238151 0.31455005966508004 0.286722344106345 0.25889462854761 0.2310669129888749 0.20323919743013988 0.17541148187135736 0.14758376631262232 0.11975605075388729 0.09192833519515226 0.06410061963641717 0.04771993503251165 0.04357638541507506 0.039432835797638476 0.035289286180201884 0.0311457365627653 0.027002186945328712 0.022858637327892124 0.018715087710455536 0.014571538093011885 0.010427988475575294 0.006284438858138709 0.002140889240702118 0.0 0.0 0.0 0.0 0.0 0.0 0.0 0.0 0.0 0.0 0.0 0.0
0.2768077257055772 0.30196947553364595 0.3271312253617148 0.3522929751897836 0.3774547250178524 0.3867602220907045 0.3791150264149446 0.3714698307391847 0.36382463506342483 0.3561794393876649 0.348534243711905 0.34088904803613207 0.3332438523603722 0.32559865668461224 0.31795346100885236 0.31030826533309247 0.3026630696573326 0.28824105441161946 0.266574465789281 0.2449078771669426 0.22324128854460415 0.20157469992226573 0.1799081112999273 0.15824152267758884 0.13657493405521345 0.11490834543287504 0.09324175681053659 0.07157516818819817 0.04990857956585973 0.037154620157442246 0.0339284629542842 0.030702305751126147 0.0274761485479681 0.024249991344810054 0.021023834141652004 0.017797676938493955 0.014571519735335908 0.011345362532172356 0.00811920532901431 0.00489304812585626 0.0016668909226982137 0.0 0.0 0.0 0.0 0.0 0.0 0.0 0.0 0.0 0.0 0.0 0.0
0.20395681870828497 0.2206656238580455 0.23737442900780606 0.2540832341575666 0.27079203930732715 0.2767808033744141 0.2713096011146451 0.2658383988548761 0.2603671965951071 0.25489599433533805 0.24942479207556906 0.24395358981579074 0.23848238755602175 0.23301118529625275 0.22753998303648376 0.22206878077671474 0.21659757851694575 0.2062766180406888 0.19077115635474698 0.17526569466880515 0.15976023298286332 0.1442547712969215 0.12874930961097966 0.11324384792503783 0.09773838623906957 0.08223292455312775 0.06672746286718592 0.05122200118124409 0.03571653949530226 0.02658930528237284 0.024280540493493333 0.02197177570461382 0.019663010915734313 0.017354246126854805 0.015045481337975296 0.012736716549095788 0.01042795176021628 0.008119186971332834 0.005810422182453326 0.003501657393573814 0.001192892604694306 0.0 0.0 0.0 0.0 0.0 0.0 0.0 0.0 0.0 0.0 0.0 0.0
0.1311059117109306 0.13936177218237572 0.1476176326538208 0.15587349312526588 0.16412935359671096 0.16680138465802982 0.16350417581425358 0.16020696697047734 0.1569097581267011 0.15361254928292487 0.15031534043914863 0.14701813159536675 0.1437209227515905 0.14042371390781427 0.13712650506403803 0.1338292962202618 0.13053208737648556 0.12431218166968826 0.11496784692014829 0.10562351217060832 0.09627917742106835 0.08693484267152839 0.07759050792198842 0.06824617317244845 0.05890183842289255 0.049557503673352585 0.04021316892381262 0.03086883417427265 0.021524499424732682 0.01602399040729443 0.01463261803269424 0.013241245658094054 0.011849873283493868 0.01045850090889368 0.009067128534293492 0.007675756159693306 0.00628438378509312 0.004893011410490559 0.003501639035890373 0.0021102666612901853 0.0007188942866899993 0.0 0.0 0.0 0.0 0.0 0.0 0.0 0.0 0.0 0.0 0.0 0.0
0.05825500471363841 0.05805792050677524 0.057860836299912066 0.05766375209304889 0.057466667886185714 0.05682196594173934 0.055698750513954 0.05457553508616867 0.05345231965838333 0.052329104230598 0.05120588880281267 0.050082673375025415 0.048959457947240076 0.047836242519454744 0.04671302709166941 0.045589811663884074 0.04446659623609874 0.04234774529875761 0.03916453748561424 0.035981329672470884 0.032798121859327525 0.029614914046184167 0.026431706233040805 0.023248498419897443 0.020065290606748654 0.016882082793605296 0.013698874980461937 0.010515667167318575 0.0073324593541752164 0.005458675532225025 0.004984695571903377 0.00451071561158173 0.004036735651260082 0.003562755690938435 0.0030887757306167878 0.0026147957702951402 0.0021408158099734927 0.0016668358496510372 0.0011928558893293893 0.0007188759290077422 0.00024489596868609506 0.0 0.0 0.0 0.0 0.0 0.0 0.0 0.0 0.0 0.0 0.0 0.0
0.019785483150634296 0.015404946311367275 0.011024409472100254 0.006643872632833232 0.002263335793566211 0.0 0.0 0.0 0.0 0.0 0.0 0.0 0.0 0.0 0.0 0.0 0.0 0.0 0.0 0.0 0.0 0.0 0.0 0.0 0.0 0.0 0.0 0.0 0.0 0.0 0.0 0.0 0.0 0.0 0.0 0.0 0.0 0.0 0.0 0.0 0.0 0.0 0.0 0.0 0.0 0.0 0.0 0.0 0.0 0.0 0.0 0.0 0.0
0.018067495195956424 0.014067323570295123 0.010067151944633819 0.006066980318972522 0.0020668086933112242 0.0 0.0 0.0 0.0 0.0 0.0 0.0 0.0 0.0 0.0 0.0 0.0 0.0 0.0 0.0 0.0 0.0 0.0 0.0 0.0 0.0 0.0 0.0 0.0 0.0 0.0 0.0 0.0 0.0 0.0 0.0 0.0 0.0 0.0 0.0 0.0 0.0 0.0 0.0 0.0 0.0 0.0 0.0 0.0 0.0 0.0 0.0 0.0
0.016349507241278552 0.012729700829222972 0.009109894417167391 0.005490088005111811 0.0018702815930562375 0.0 0.0 0.0 0.0 0.0 0.0 0.0 0.0 0.0 0.0 0.0 0.0 0.0 0.0 0.0 0.0 0.0 0.0 0.0 0.0 0.0 0.0 0.0 0.0 0.0 0.0 0.0 0.0 0.0 0.0 0.0 0.0 0.0 0.0 0.0 0.0 0.0 0.0 0.0 0.0 0.0 0.0 0.0 0.0 0.0 0.0 0.0 0.0
0.014631519286600683 0.011392078088150827 0.008152636889700967 0.004913195691251107 0.0016737544928012507 0.0 0.0 0.0 0.0 0.0 0.0 0.0 0.0 0.0 0.0 0.0 0.0 0.0 0.0 0.0 0.0 0.0 0.0 0.0 0.0 0.0 0.0 0.0 0.0 0.0 0.0 0.0 0.0 0.0 0.0 0.0 0.0 0.0 0.0 0.0 0.0 0.0 0.0 0.0 0.0 0.0 0.0 0.0 0.0 0.0 0.0 0.0 0.0
0.012913531331921344 0.01005445534707753 0.007195379362233717 0.004336303377389907 0.0014772273925460974 0.0 0.0 0.0 0.0 0.0 0.0 0.0 0.0 0.0 0.0 0.0 0.0 0.0 0.0 0.0 0.0 0.0 0.0 0.0 0.0 0.0 0.0 0.0 0.0 0.0 0.0 0.0 0.0 0.0 0.0 0.0 0.0 0.0 0.0 0.0 0.0 0.0 0.0 0.0 0.0 0.0 0.0 0.0 0.0 0.0 0.0 0.0 0.0
