Figures/CREST_Example_wjb_NSE/Rolling_result/20100722/BJP_forecast/ens_41/wjb.rain.20100722.asc
ncols            288
nrows            254
xllcorner        113.274861
yllcorner        31.4918055
cellsize         0.008333333333
NODATA_value     -9999
[rows 180 to 199 of 254, columns 135 to 179 of 288]
1.3492488880573965 1.3118379981104538 1.274427108163511 1.2370162182165683 1.1996053282696255 1.1621944383226825 1.1247835483757398 1.087372658428797 1.0499617684817906 1.0125508785348476 0.9751399885879048 0.9377290986409621 0.9011166490787279 0.8653577503475895 0.8295988516164512 0.7938399528853128 0.7580810541541745 0.722322155423036 0.6865632566918977 0.6508043579607593 0.615045459229621 0.5792865604984216 0.5435276617672833 0.5077687630361449 0.48812707408722994 0.48571504698211543 0.48330301987700097 0.48089099277188646 0.47847896566677195 0.47606693856165744 0.473654911456543 0.47124288435142847 0.46883085724631396 0.46641883014119945 0.46400680303608083 0.4615947759309664 0.44841430622754386 0.42372212777195556 0.39902994931636726 0.37433777086077896 0.34964559240519066 0.3249534139496023 0.30026123549401407 0.2755690570384257 0.2508768785828374
1.3169414604989655 1.2819387342955864 1.2469360080922072 1.211933281888828 1.176930555685449 1.1419278294820698 1.1069251032786906 1.0719223770753117 1.0369196508718728 1.0019169246684936 0.9669141984651145 0.9319114722617354 0.8953993279901137 0.8572735816621658 0.819147835334218 0.78102208900627 0.7428963426783222 0.7047705963503743 0.6666448500224265 0.6285191036944785 0.5903933573665306 0.5522676110385177 0.5141418647105698 0.476016118382622 0.45647780923387543 0.45680989089519025 0.4571419725565051 0.45747405421781995 0.45780613587913477 0.4581382175404496 0.45847029920176446 0.4588023808630793 0.4591344625243941 0.4594665441857089 0.45979862584702436 0.4601307075083392 0.44816042967532044 0.42303865122646866 0.3979168727776169 0.3727950943287651 0.34767331587991335 0.3225515374310616 0.2974297589822098 0.27230798053335803 0.24718620208450623
1.2619717583766041 1.2285686690166717 1.195165579656739 1.1617624902968067 1.128359400936874 1.0949563115769416 1.0615532222170092 1.0281501328570766 0.9947470434970871 0.9613439541371547 0.927940864777222 0.8945377754172896 0.8587282739777355 0.8203462635946741 0.7819642532116128 0.7435822428285513 0.7052002324454899 0.6668182220624285 0.6284362116793671 0.5900542012963057 0.5516721909132443 0.5132901805301173 0.474908170147056 0.43652615976399456 0.41768083659542965 0.4197206739975944 0.4217605113997592 0.42380034880192397 0.42584018620408876 0.4278800236062535 0.4299198610084183 0.43195969841058307 0.43399953581274786 0.4360393732149126 0.4380792106170809 0.4401190480192457 0.4295309729077591 0.4054433736377998 0.38135577436784057 0.3572681750978813 0.33318057582792204 0.30909297655796275 0.2850053772880035 0.2609177780180443 0.23683017874808499
1.2070020562541959 1.1751986037377113 1.1433951512212268 1.1115916987047423 1.0797882461882577 1.0479847936717732 1.0161813411552887 0.9843778886388043 0.9525744361222654 0.9207709836057809 0.8889675310892964 0.8571640785728118 0.8220572199653261 0.783418945527151 0.7447806710889758 0.7061423966508007 0.6675041222126256 0.6288658477744504 0.5902275733362752 0.5515892988981002 0.5129510244599249 0.4743127500216839 0.43567447558350875 0.3970362011453336 0.37888386395695073 0.3826314570999669 0.3863790502429831 0.3901266433859992 0.39387423652901543 0.3976218296720316 0.4013694228150478 0.40511701595806393 0.40886460910108013 0.4126122022440963 0.41635979538711887 0.4201073885301351 0.4109015161401818 0.38784809604911596 0.3647946759580501 0.34174125586698423 0.31868783577591836 0.2956344156848525 0.2725809955937867 0.2495275755027208 0.22647415541165494
1.1520323541318345 1.1218285384587965 1.0916247227857587 1.0614209071127207 1.0312170914396828 1.001013275766645 0.9708094600936071 0.9406056444205693 0.9104018287474798 0.880198013074442 0.849994197401404 0.8197903817283662 0.7853861659529481 0.7464916274596594 0.7075970889663706 0.6687025504730819 0.6298080119797933 0.5909134734865046 0.5520189349932159 0.5131243964999272 0.4742298580066386 0.4353353195132836 0.39644078101999486 0.3575462425267062 0.3400868913185049 0.345542240202371 0.3509975890862371 0.35645293797010325 0.36190828685396936 0.3673636357378355 0.3728189846217016 0.3782743335055677 0.38372968238943383 0.38918503127329995 0.3946403801571754 0.4000957290410415 0.39227205937262044 0.3702528184604471 0.3482335775482738 0.32621433663610044 0.3041950957239271 0.2821758548117538 0.26015661389958045 0.2381373729874071 0.21611813207523375
1.0970626520094728 1.0684584731798816 1.0398542943502904 1.0112501155206992 0.982645936691108 0.9540417578615167 0.9254375790319255 0.8968334002023342 0.8682292213726942 0.8396250425431029 0.8110208637135117 0.7824166848839205 0.7487151119405699 0.7095643093921677 0.6704135068437655 0.6312627042953634 0.592111901746961 0.5529610991985588 0.5138102966501567 0.47465949410175445 0.43550869155335226 0.3963578890048833 0.3572070864564811 0.3180562839080789 0.30128991868005905 0.30845302330477514 0.31561612792949123 0.32277923255420726 0.32994233717892335 0.3371054418036394 0.34426854642835547 0.3514316510530715 0.3585947556777876 0.3657578603025037 0.3729209649272319 0.380084069551948 0.37364260260505905 0.35265754087177825 0.3316724791384974 0.3106874174052166 0.2897023556719358 0.26871729393865496 0.24773223220537413 0.22674717047209333 0.2057621087388125
1.0420929498871114 1.0150884079009668 0.9880838659148222 0.9610793239286777 0.934074781942533 0.9070702399563884 0.8800656979702437 0.8530611559840992 0.8260566139979084 0.7990520720117639 0.7720475300256193 0.7450429880394747 0.7120440579281918 0.672636991324676 0.6332299247211604 0.5938228581176446 0.5544157915141289 0.5150087249106131 0.4756016583070974 0.43619459170358166 0.39678752510006593 0.35738045849648303 0.3179733918929673 0.2785663252894516 0.2624929460416133 0.2713638064071793 0.2802346667727453 0.2891055271383113 0.2979763875038773 0.3068472478694433 0.3157181082350093 0.3245889686005753 0.33345982896614135 0.3423306893317073 0.35120154969728845 0.36007241006285445 0.35501314583749766 0.3350622632831094 0.3151113807287211 0.29516049817433276 0.2752096156199445 0.2552587330655562 0.2353078505111679 0.2153569679567796 0.1954060854023913
0.98712324776475 0.961718342622052 0.936313437479354 0.910908532336656 0.885503627193958 0.86009872205126 0.834693816908562 0.809288911765864 0.7838840066231227 0.7584791014804247 0.7330741963377267 0.7076692911950287 0.6753730039158136 0.6357096732571843 0.596046342598555 0.5563830119399258 0.5167196812812966 0.4770563506226673 0.43739301996403807 0.39772968930540886 0.3580663586467796 0.31840302798808273 0.2787396973294535 0.23907636667082421 0.22369597340316746 0.2342745895095834 0.24485320561599935 0.2554318217224153 0.2660104378288312 0.2765890539352472 0.2871676700416631 0.2977462861480791 0.30832490225449505 0.31890351836091096 0.329482134467345 0.3400607505737609 0.3363836890699362 0.3174669856944405 0.2985502823189447 0.2796335789434489 0.26071687556795314 0.24180017219245736 0.22288346881696158 0.20396676544146583 0.18505006206597005
0.9321535456423885 0.9083482773431372 0.8845430090438858 0.8607377407446345 0.836932472445383 0.8131272041461317 0.7893219358468804 0.765516667547629 0.7417113992483371 0.7179061309490857 0.6941008626498344 0.6702955943505831 0.6387019499034354 0.5987823551896927 0.5588627604759498 0.5189431657622071 0.4790235710484643 0.43910397633472154 0.3991843816209788 0.359264786907236 0.3193451921934932 0.2794255974796824 0.23950600276593959 0.1995864080521968 0.18489900076472163 0.1971853726119875 0.2094717444592534 0.22175811630651932 0.2340444881537852 0.2463308600010511 0.258617231848317 0.27090360369558286 0.28318997554284875 0.29547634739011464 0.30776271923740145 0.32004909108466734 0.3177542323023749 0.29987170810577163 0.2819891839091684 0.2641066597125651 0.24622413551596184 0.2283416113193586 0.21045908712275535 0.1925765629261521 0.17469403872954883
0.8771838435199801 0.8549782120641768 0.8327725806083734 0.8105669491525701 0.7883613176967668 0.7661556862409634 0.7439500547851601 0.7217444233293566 0.6995387918735154 0.6773331604177121 0.6551275289619087 0.6329218975061053 0.602030895891026 0.5618550371221694 0.521679178353313 0.48150331958445647 0.4413274608155999 0.4011516020467434 0.3609757432778869 0.32079988450903035 0.2806240257401738 0.24044816697124882 0.20027230820239228 0.16009644943353574 0.14610202812624273 0.16009615571436 0.1740902833024773 0.18808441089059458 0.20207853847871188 0.21607266606682918 0.23006679365494645 0.24406092124306372 0.258055048831181 0.2720491764192983 0.2860433040074395 0.30003743159555674 0.2991247755347976 0.28227643051708773 0.2654280854993779 0.24857974048166803 0.23173139546395818 0.21488305044624834 0.1980347054285385 0.18118636041082864 0.1643380153931188
0.8222141413976187 0.8016081467852619 0.7810021521729053 0.7603961575605485 0.7397901629481918 0.7191841683358351 0.6985781737234783 0.6779721791111216 0.6573661844987297 0.6367601898863731 0.6161541952740163 0.5955482006616596 0.5653598418786479 0.5249277190546778 0.4844955962307078 0.4440634734067378 0.4036313505827677 0.36319922775879765 0.32276710493482763 0.28233498211085756 0.24190285928688754 0.20147073646284852 0.1610386136388785 0.12060649081490843 0.10730505548779691 0.12300693881676414 0.13870882214573138 0.1544107054746986 0.1701125888036658 0.18581447213263305 0.2015163554616003 0.2172182387905675 0.23292012211953475 0.24862200544850196 0.264323888777496 0.2800257721064632 0.2804953187672362 0.2646811529284189 0.24886698708960156 0.23305282125078422 0.2172386554119669 0.20142448957314957 0.18561032373433223 0.1697961578955149 0.15398199205669758
0.7672444392752573 0.7482380815063472 0.7292317237374372 0.710225365968527 0.6912190081996169 0.6722126504307069 0.6532062926617968 0.6341999348928866 0.6151935771239442 0.596187219355034 0.5771808615861239 0.5581745038172139 0.5286887878662698 0.4880004009871862 0.4473120141081026 0.40662362722901907 0.3659352403499355 0.3252468534708519 0.28455846659176837 0.24387007971268476 0.2031816928336012 0.16249330595444827 0.12180491907536467 0.08111653219628112 0.06850808284935109 0.08591772191916826 0.10332736098898543 0.1207370000588026 0.13814663912861977 0.15555627819843693 0.1729659172682541 0.19037555633807127 0.20778519540788845 0.2251948344777056 0.2426044735475525 0.2600141126173696 0.26186586199967476 0.24708587533974996 0.23230588867982516 0.21752590201990035 0.20274591535997555 0.18796592870005074 0.17318594204012594 0.15840595538020114 0.14362596872027633
0.7122747371528959 0.6948680162274324 0.677461295301969 0.6600545743765055 0.642647853451042 0.6252411325255786 0.6078344116001151 0.5904276906746516 0.5730209697491584 0.555614248823695 0.5382075278982315 0.5208008069727681 0.49201773385389164 0.45107308291969456 0.4101284319854974 0.36918378105130034 0.32823913011710326 0.2872944791829062 0.24634982824870905 0.20540517731451197 0.16446052638031483 0.12351587544604792 0.08257122451185084 0.0416265735776537 0.029711110210905268 0.04882850502157238 0.06794589983223949 0.0870632946429066 0.10618068945357372 0.12529808426424083 0.14441547907490795 0.16353287388557508 0.18265026869624218 0.2017676635069093 0.22088505831760902 0.24000245312827612 0.2432364052321134 0.2294905977510811 0.21574479027004884 0.20199898278901654 0.18825317530798427 0.17450736782695198 0.1607615603459197 0.1470157528648874 0.13326994538385512
0.6884185437448735 0.6716404709254759 0.654862398106078 0.6380843252866804 0.6213062524672827 0.6045281796478849 0.5877501068284872 0.5709720340090895 0.5541939611896631 0.5374158883702653 0.5206378155508676 0.5038597427314699 0.4761331672033728 0.43670239463659805 0.39727162206982336 0.3578408495030486 0.31841007693627393 0.27897930436949925 0.2395485318027245 0.20011775923594977 0.16068698666917508 0.12125621410233312 0.08182544153555843 0.04239466896878369 0.031123255421603505 0.04995483365783451 0.06878641189406551 0.08761799013029652 0.10644956836652752 0.12528114660275852 0.14411272483898951 0.16294430307522054 0.18177588131145153 0.20060745954768253 0.21943903778394566 0.23827061602017666 0.24175862774538504 0.22884401975266588 0.2159294117599467 0.20301480376722753 0.19010019577450835 0.17718558778178917 0.16427097978907002 0.1513563717963508 0.13844176380363166
0.6978207300599159 0.6806333795879969 0.6634460291160779 0.6462586786441589 0.6290713281722399 0.6118839777003209 0.5946966272284019 0.5775092767564829 0.5603219262845346 0.5431345758126156 0.5259472253406965 0.5087598748687776 0.48246804536496535 0.44644332184276686 0.4104185983205684 0.3743938747983699 0.3383691512761714 0.3023444277539729 0.2663197042317744 0.23029498070957594 0.19427025718737745 0.15824553366511757 0.12222081014291908 0.08619608662072059 0.07551641322187247 0.09193117173400843 0.10834593024614439 0.12476068875828034 0.1411754472704163 0.15759020578255226 0.1740049642946882 0.19041972280682418 0.20683448131896012 0.22324923983109607 0.23966399834326002 0.256078756855396 0.25861491433505673 0.24631453333528436 0.23401415233551198 0.2217137713357396 0.20941339033596723 0.19711300933619488 0.1848126283364225 0.17251224733665016 0.16021186633687778
0.7072229163749543 0.6896262882505141 0.672029660126074 0.6544330320016339 0.6368364038771939 0.6192397757527537 0.6016431476283136 0.5840465195038735 0.5664498913794034 0.5488532632549633 0.5312566351305232 0.5136600070060832 0.4888029235265553 0.45618424904893157 0.42356557457130783 0.39094690009368416 0.3583282256160605 0.32570955113843675 0.293090876660813 0.26047220218318934 0.2278535277055656 0.1952348532278863 0.16261617875026257 0.1299975042726389 0.11990957102212256 0.1339075098101645 0.14790544859820642 0.16190338738624838 0.1759013261742903 0.18989926496233223 0.20389720375037418 0.2178951425384161 0.23189308132645803 0.24589102011449998 0.2598889589025658 0.2738868976906077 0.2754712009247212 0.2637850469178954 0.25209889291106957 0.24041273890424375 0.22872658489741793 0.2170404308905921 0.20535427688376628 0.19366812287694046 0.18198196887011464
0.7166251026899927 0.6986191969130314 0.6806132911360703 0.662607385359109 0.6446014795821479 0.6265955738051866 0.6085896680282255 0.5905837622512642 0.5725778564742723 0.5545719506973111 0.5365660449203499 0.5185601391433887 0.49513780168814514 0.4659251762550962 0.4367125508220473 0.4074999253889984 0.37828729995594945 0.34907467452290053 0.3198620490898516 0.2906494236568027 0.26143679822375376 0.232224172790655 0.20301154735760607 0.17379892192455715 0.1643027288223726 0.17588384788632053 0.18746496695026846 0.19904608601421636 0.2106272050781643 0.22220832414211222 0.23378944320606015 0.24537056227000806 0.25695168133395596 0.2685328003979039 0.2801139194618716 0.2916950385258195 0.29232748751438575 0.2812555605005065 0.27018363348662716 0.2591117064727479 0.24803977945886863 0.23696785244498933 0.22589592543111003 0.21482399841723077 0.2037520714033515
0.726027289005035 0.7076121055755525 0.6891969221460701 0.6707817387165876 0.6523665552871051 0.6339513718576226 0.6155361884281402 0.5971210049986577 0.5787058215691439 0.5602906381396613 0.5418754547101788 0.5234602712806964 0.5014726798497378 0.47566610346126503 0.4498595270727923 0.42405295068431964 0.3982463742958469 0.37243979790737425 0.3466332215189015 0.32082664513042886 0.2950200687419562 0.26921349235343944 0.24340691596496677 0.21760033957649405 0.20869588662264157 0.21786018596249443 0.2270244853023473 0.2361887846422002 0.24535308398205308 0.25451738332190593 0.26368168266175884 0.2728459820016117 0.28201028134146455 0.29117458068131746 0.30033888002118597 0.3095031793610388 0.3091837741040574 0.2987260740831249 0.28826837406219247 0.27781067404126 0.2673529740203275 0.25689527399939505 0.24643757397846255 0.2359798739575301 0.22552217393659763
0.7354294753200735 0.7166050142380699 0.6977805531560662 0.6789560920740627 0.6601316309920591 0.6413071699100555 0.6224827088280519 0.6036582477460484 0.5848337866640126 0.5660093255820091 0.5471848645000055 0.5283604034180018 0.5078075580113276 0.4854070306674297 0.46300650332353177 0.44060597597963386 0.41820544863573594 0.39580492129183803 0.3734043939479401 0.3510038666040422 0.3286033392601443 0.3062028119162082 0.28380228457231027 0.26140175722841236 0.25308904442289165 0.2598365240386505 0.2665840036544094 0.2733314832701682 0.2800789628859271 0.28682644250168593 0.2935739221174448 0.30032140173320365 0.3070688813489625 0.3138163609647214 0.3205638405804917 0.3273113201962506 0.3260400606937219 0.31619658766573594 0.30635311463775 0.2965096416097641 0.2866661685817782 0.27682269555379224 0.2669792225258063 0.25713574949782037 0.24729227646983443
0.7448316616351118 0.7255979229005871 0.7063641841660624 0.6871304454315378 0.6678967066970131 0.6486629679624883 0.6294292292279637 0.610195490493439 0.5909617517588815 0.5717280130243568 0.5524942742898321 0.5332605355553075 0.5141424361729174 0.49514795787359434 0.4761534795742712 0.4571590012749481 0.4381645229756249 0.4191700446763018 0.40017556637697865 0.3811810880776555 0.3621866097783324 0.34319213147897687 0.32419765317965377 0.3052031748803306 0.2974822022231417 0.3018128621148065 0.3061435220064714 0.31047418189813625 0.31480484178980106 0.3191355016814659 0.3234661615731308 0.3277968214647956 0.3321274813564605 0.3364581412481253 0.34078880113979754 0.3451194610314624 0.3428963472833864 0.33366710124834703 0.32443785521330765 0.31520860917826826 0.3059793631432289 0.2967501171081895 0.2875208710731501 0.27829162503811067 0.2690623790030713
