Figures/CREST_Example_wjb_NSE/Rolling_result/20100722/BJP_forecast/ens_41/wjb.rain.20100726.asc
ncols            288
nrows            254
xllcorner        113.274861
yllcorner        31.4918055
cellsize         0.008333333333
NODATA_value     -9999
[rows 150 to 174 of 254, columns 0 to 55 of 288]
-9999.0 -9999.0 0.3091267367078522 0.3091267367078522 0.3091267367078522 0.3091267367078522 0.3091267367078522 0.3091267367078522 0.3091267367078522 0.3091267367078522 0.3091267367078522 0.3091267367078522 0.3091267367078522 0.3091267367078522 0.3091267367078522 0.003905813090031249 0.011987028630221703 0.02006824417041216 0.028149459710602613 0.036230675250793064 0.04431189079098352 0.05239310633117397 0.06047432187136443 0.06855553741155489 0.07663675295174534 0.08471796849193579 0.09279918403214003 0.09497906184916391 0.09085027627963232 0.08672149071010075 0.08259270514056918 0.0784639195710376 0.07433513400150603 0.07020634843197446 0.06607756286244287 0.06194877729291131 0.05781999172337973 0.053691206153848155 0.049562420584316584 0.05514316334292194 0.07110361132354917 0.08706405930417638 0.10302450728480361 0.11898495526543082 0.13494540324605803 0.15090585122668526 0.1668662992073125 0.1828267471879397 0.1987871951685669 0.21474764314919415 0.23070809112982135 0.24025467112100662 0.242944681262247 0.24563469140348276 0.24832470154471856 0.25101471168595435
-9999.0 -9999.0 -9999.0 -9999.0 -9999.0 -9999.0 0.3091267367078522 0.3091267367078522 0.3091267367078522 0.3091267367078522 0.3091267367078522 0.3091267367078522 0.3091267367078522 0.3091267367078522 0.3091267367078522 0.004618118562047493 0.014173110219306137 0.02372810187656478 0.03328309353382342 0.04283808519108207 0.052393076848340714 0.061948068505599356 0.071503060162858 0.08105805182011665 0.09061304347737528 0.10016803513463393 0.10972302679190887 0.1123004502317266 0.10741869556557718 0.10253694089942775 0.0976551862332783 0.09277343156712888 0.08789167690097943 0.08300992223483 0.07812816756868057 0.07324641290253114 0.0683646582363817 0.06348290357023227 0.058601148904082835 0.06519965506130433 0.08407081949721908 0.10294198393313381 0.12181314836904855 0.1406843128049633 0.159555477240878 0.17842664167679276 0.1972978061127075 0.21616897054862222 0.23504013498453696 0.2539112994204517 0.27278246385636645 0.2840700593570029 0.28725064825847 0.29043123715993163 0.29361182606139324 0.2967924149628549
-9999.0 -9999.0 -9999.0 -9999.0 -9999.0 0.3091267367078522 0.3091267367078522 0.3091267367078522 0.3091267367078522 0.3091267367078522 0.3091267367078522 0.3091267367078522 0.3091267367078522 0.3091267367078522 0.3091267367078522 0.005330424034063736 0.01635919180839057 0.027387959582717402 0.03841672735704424 0.04944549513137107 0.060474262905697906 0.07150303068002474 0.08253179845435157 0.09356056622867841 0.10458933400300524 0.11561810177733207 0.12664686955167773 0.12962183861428933 0.12398711485152203 0.11835239108875474 0.11271766732598744 0.10708294356322015 0.10144821980045285 0.09581349603768556 0.09017877227491827 0.08454404851215097 0.07890932474938367 0.07327460098661638 0.0676398772238491 0.07525614677968673 0.09703802767088898 0.11881990856209125 0.1406017894532935 0.16238367034449577 0.18416555123569803 0.2059474321269003 0.22772931301810256 0.24951119390930482 0.2712930748005071 0.2930749556917093 0.3148568365829116 0.3278854475929993 0.33155661525469304 0.33522778291638056 0.338898950578068 0.34257011823975553
-9999.0 -9999.0 -9999.0 -9999.0 0.3091267367078522 0.3091267367078522 0.3091267367078522 0.3091267367078522 0.3091267367078522 0.3091267367078522 0.3091267367078522 0.3091267367078522 0.3091267367078522 0.3091267367078522 0.3091267367078522 0.006042729506079979 0.018545273397475002 0.031047817288870027 0.04355036118026505 0.056052905071660074 0.0685554489630551 0.08105799285445012 0.09356053674584515 0.10606308063724017 0.11856562452863519 0.13106816842003022 0.14357071231144655 0.14694322699685203 0.14055553413746688 0.13416784127808173 0.1277801484186966 0.12139245555931141 0.11500476269992627 0.10861706984054112 0.10222937698115596 0.0958416841217708 0.08945399126238565 0.08306629840300049 0.07667860554361534 0.08531263849806912 0.1100052358445589 0.1346978331910487 0.15939043053753849 0.18408302788402825 0.20877562523051804 0.23346822257700783 0.2581608199234976 0.2828534172699874 0.3075460146164772 0.332238611962967 0.35693120930945677 0.37170083582899566 0.3758625822509161 0.3800243286728294 0.3841860750947428 0.38834782151665614
-9999.0 -9999.0 -9999.0 -9999.0 0.3091267367078522 0.3091267367078522 0.3091267367078522 0.3091267367078522 0.3091267367078522 0.3091267367078522 0.3091267367078522 0.3091267367078522 0.3091267367078522 0.3091267367078522 0.3091267367078522 0.00675503497809622 0.020731354986559432 0.03470767499502264 0.04868399500348585 0.06266031501194906 0.07663663502041226 0.09061295502887548 0.10458927503733868 0.1185655950458019 0.1325419150542651 0.14651823506272832 0.16049455507121535 0.16426461537941472 0.1571239534234117 0.1499832914674087 0.1428426295114057 0.13570196755540267 0.12856130559939966 0.12142064364339665 0.11427998168739364 0.10713931973139063 0.0999986577753876 0.0928579958193846 0.08571733386338158 0.09536913021645152 0.12297244401822882 0.15057575782000612 0.17817907162178342 0.20578238542356075 0.23338569922533806 0.26098901302711536 0.2885923268288927 0.31619564063066996 0.34379895443244723 0.3714022682342246 0.3990055820360019 0.41551622406499206 0.4201685492471392 0.42482087442927835 0.42947319961141756 0.43412552479355676
-9999.0 -9999.0 -9999.0 -9999.0 -9999.0 -9999.0 0.3091267367078522 0.3091267367078522 0.3091267367078522 0.3091267367078522 0.3091267367078522 0.3091267367078522 0.3091267367078522 0.3091267367078522 0.3091267367078522 0.007467340450112464 0.022917436575643862 0.03836753270117526 0.05381762882670666 0.06926772495223806 0.08471782107776946 0.10016791720330086 0.11561801332883226 0.13106810945436365 0.14651820557989506 0.16196830170542645 0.1774183978309842 0.18158600376197745 0.17369237270935656 0.1657987416567357 0.15790511060411483 0.15001147955149396 0.14211784849887307 0.1342242174462522 0.12633058639363132 0.11843695534101045 0.11054332428838959 0.10264969323576871 0.09475606218314783 0.10542562193483392 0.13593965219189874 0.16645368244896358 0.1969677127060284 0.2274817429630932 0.25799577322015804 0.2885098034772229 0.3190238337342877 0.34953786399135256 0.3800518942484174 0.4105659245054822 0.441079954762547 0.4593316123009884 0.4644745162433622 0.4696174201857273 0.4747603241280923 0.4799032280704573
-9999.0 -9999.0 -9999.0 -9999.0 -9999.0 -9999.0 -9999.0 -9999.0 0.3091267367078522 0.3091267367078522 0.3091267367078522 0.3091267367078522 0.3091267367078522 0.3091267367078522 0.3091267367078522 0.008179645922128708 0.0251035181647283 0.04202739040732789 0.05895126264992748 0.07587513489252708 0.09279900713512666 0.10972287937772625 0.12664675162032585 0.14357062386292543 0.16049449610552502 0.1774183683481246 0.19434224059075306 0.19890739214454015 0.19026079199530144 0.1816141918460627 0.17296759169682396 0.16432099154758523 0.1556743913983465 0.14702779124910775 0.13838119109986902 0.12973459095063028 0.12108799080139154 0.1124413906521528 0.10379479050291408 0.1154821136532163 0.14890686036556866 0.182331607077921 0.21575635379027336 0.2491811005026257 0.28260584721497806 0.3160305939273304 0.34945534063968275 0.3828800873520351 0.41630483406438745 0.4497295807767398 0.48315432748909215 0.5031470005369847 0.5087804832395852 0.5144139659421761 0.520047448644767 0.5256809313473579
-9999.0 -9999.0 -9999.0 -9999.0 -9999.0 -9999.0 -9999.0 -9999.0 -9999.0 0.3091267367078522 -9999.0 -9999.0 -9999.0 0.3091267367078522 0.3091267367078522 0.3091267367078522 0.3091267367078522 0.3091267367078522 0.3091267367078522 0.3091267367078522 0.3091267367078522 0.3091267367078522 0.3091267367078522 0.3091267367078522 0.3091267367078522 0.3091267367078522 0.3091267367078522 0.3091267367078522 0.3091267367078522 0.3091267367078522 0.3091267367078522 0.3091267367078522 0.3091267367078522 0.3091267367078522 0.3091267367078522 0.3091267367078522 0.3091267367078522 0.3091267367078522 0.3091267367078522 0.12557322040936825 0.1612678848923089 0.19696254937524954 0.23265721385819016 0.26835187834113083 0.3040465428240714 0.33974120730701207 0.3754358717899527 0.41113053627289337 0.446825200755834 0.4825198652387746 0.5182145297217152 0.5392150753093009 0.5445072756744318 0.5497994760395538 0.5550916764046757 0.5603838767697976
-9999.0 -9999.0 -9999.0 -9999.0 -9999.0 -9999.0 -9999.0 -9999.0 -9999.0 -9999.0 -9999.0 -9999.0 -9999.0 -9999.0 0.3091267367078522 0.3091267367078522 0.3091267367078522 0.3091267367078522 0.3091267367078522 0.3091267367078522 0.3091267367078522 0.3091267367078522 0.3091267367078522 0.3091267367078522 0.3091267367078522 0.3091267367078522 0.3091267367078522 0.3091267367078522 0.3091267367078522 0.3091267367078522 0.3091267367078522 0.3091267367078522 0.3091267367078522 0.3091267367078522 0.3091267367078522 0.3091267367078522 0.3091267367078522 0.3091267367078522 0.3091267367078522 0.1357013284588699 0.17298093731210856 0.21026054616534723 0.2475401550185859 0.28481976387182456 0.3220993727250632 0.35937898157830195 0.3966585904315406 0.4339381992847793 0.47121780813801795 0.5084974169912566 0.5457770258444953 0.5670017603518115 0.5710634713035846 0.5751251822553508 0.579186893207117 0.5832486041588832
-9999.0 -9999.0 -9999.0 -9999.0 -9999.0 -9999.0 -9999.0 -9999.0 -9999.0 -9999.0 -9999.0 -9999.0 -9999.0 -9999.0 -9999.0 -9999.0 0.3091267367078522 0.3091267367078522 0.3091267367078522 0.3091267367078522 0.3091267367078522 0.3091267367078522 0.3091267367078522 0.3091267367078522 0.3091267367078522 0.3091267367078522 0.3091267367078522 0.3091267367078522 0.3091267367078522 0.3091267367078522 0.3091267367078522 0.3091267367078522 0.3091267367078522 0.3091267367078522 0.3091267367078522 0.3091267367078522 0.3091267367078522 0.3091267367078522 0.3091267367078522 0.14582943650837152 0.18469398973190823 0.22355854295544494 0.26242309617898163 0.3012876494025184 0.3401522026260551 0.3790167558495918 0.4178813090731286 0.45674586229666525 0.495610415520202 0.5344749687437387 0.5733395219672754 0.594788445394322 0.5976196669327373 0.6004508884711478 0.6032821100095583 0.6061133315479689
-9999.0 -9999.0 -9999.0 -9999.0 -9999.0 -9999.0 -9999.0 -9999.0 -9999.0 -9999.0 -9999.0 -9999.0 -9999.0 -9999.0 -9999.0 -9999.0 -9999.0 0.3091267367078522 0.3091267367078522 0.3091267367078522 0.3091267367078522 0.3091267367078522 0.3091267367078522 0.3091267367078522 0.3091267367078522 0.3091267367078522 0.3091267367078522 0.3091267367078522 0.3091267367078522 0.3091267367078522 0.3091267367078522 0.3091267367078522 0.3091267367078522 0.3091267367078522 0.3091267367078522 0.3091267367078522 0.3091267367078522 0.3091267367078522 0.3091267367078522 0.1559575445578731 0.1964070421517079 0.23685653974554266 0.2773060373393774 0.3177555349332122 0.35820503252704694 0.3986545301208817 0.43910402771471646 0.4795535253085512 0.520003022902386 0.5604525204962207 0.6009020180900555 0.6225751304368325 0.6241758625618901 0.6257765946869448 0.6273773268119996 0.6289780589370544
-9999.0 -9999.0 -9999.0 -9999.0 -9999.0 -9999.0 -9999.0 -9999.0 -9999.0 -9999.0 -9999.0 -9999.0 -9999.0 -9999.0 -9999.0 -9999.0 -9999.0 -9999.0 0.3091267367078522 0.3091267367078522 0.3091267367078522 0.3091267367078522 0.3091267367078522 0.3091267367078522 0.3091267367078522 0.3091267367078522 0.3091267367078522 0.3091267367078522 0.3091267367078522 0.3091267367078522 0.3091267367078522 0.3091267367078522 0.3091267367078522 0.3091267367078522 0.3091267367078522 0.3091267367078522 0.3091267367078522 0.3091267367078522 0.3091267367078522 0.16608565260737476 0.20812009457150757 0.25015453653564035 0.29218897849977316 0.33422342046390596 0.37625786242803877 0.4182923043921716 0.4603267463563044 0.5023611883204372 0.54439563028457 0.5864300722487028 0.6284645142128356 0.6503618154793431 0.6507320581910429 0.6511023009027419 0.651472543614441 0.65184278632614
-9999.0 -9999.0 -9999.0 -9999.0 -9999.0 -9999.0 -9999.0 -9999.0 -9999.0 -9999.0 -9999.0 -9999.0 -9999.0 -9999.0 -9999.0 -9999.0 -9999.0 -9999.0 -9999.0 0.3091267367078522 0.3091267367078522 0.3091267367078522 0.3091267367078522 0.3091267367078522 0.3091267367078522 0.3091267367078522 0.3091267367078522 0.3091267367078522 0.3091267367078522 0.3091267367078522 0.3091267367078522 0.3091267367078522 0.3091267367078522 0.3091267367078522 0.3091267367078522 0.3091267367078522 0.3091267367078522 0.3091267367078522 0.3091267367078522 0.1762137606568764 0.21983314699130727 0.26345253332573815 0.307071919660169 0.35069130599459986 0.3943106923290307 0.43793007866346156 0.4815494649978924 0.5251688513323233 0.5687882376667541 0.612407624001185 0.6560270103356158 0.6781485005218537 0.6772882538201956 0.676428007118539 0.6755677604168824 0.6747075137152257
-9999.0 -9999.0 -9999.0 -9999.0 -9999.0 -9999.0 -9999.0 -9999.0 -9999.0 -9999.0 -9999.0 -9999.0 -9999.0 -9999.0 -9999.0 -9999.0 -9999.0 -9999.0 -9999.0 0.3091267367078522 0.3091267367078522 0.3091267367078522 0.3091267367078522 0.3091267367078522 0.3091267367078522 0.3091267367078522 0.3091267367078522 0.3091267367078522 0.3091267367078522 0.3091267367078522 0.3091267367078522 0.3091267367078522 0.3091267367078522 0.3091267367078522 0.3091267367078522 0.3091267367078522 0.3091267367078522 0.3091267367078522 0.3091267367078522 0.18634186870638667 0.2315461994111169 0.27675053011584716 0.3219548608205774 0.3671591915253076 0.41236352223003786 0.4575678529347681 0.5027721836394984 0.5479765143442286 0.5931808450489588 0.638385175753689 0.6835895064584193 0.705935185564388 0.703844449449371 0.7017537133343575 0.6996629772193441 0.6975722411043307
-9999.0 -9999.0 -9999.0 -9999.0 -9999.0 -9999.0 -9999.0 -9999.0 -9999.0 -9999.0 -9999.0 -9999.0 -9999.0 -9999.0 -9999.0 -9999.0 -9999.0 -9999.0 -9999.0 -9999.0 0.3091267367078522 0.3091267367078522 0.3091267367078522 0.3091267367078522 0.3091267367078522 0.3091267367078522 -9999.0 -9999.0 0.3091267367078522 0.3091267367078522 0.3091267367078522 0.3091267367078522 0.3091267367078522 0.3091267367078522 0.3091267367078522 0.3091267367078522 0.3091267367078522 0.3091267367078522 0.3091267367078522 0.1964699767558883 0.24325925183091657 0.29004852690594485 0.33683780198097313 0.3836270770560014 0.43041635213102974 0.477205627206058 0.5239949022810864 0.5707841773561146 0.6175734524311429 0.6643627275061712 0.7111520025811995 0.7337218706068985 0.7304006450785238 0.7270794195501546 0.7237581940217855 0.7204369684934164
-9999.0 -9999.0 -9999.0 -9999.0 -9999.0 -9999.0 -9999.0 -9999.0 -9999.0 -9999.0 -9999.0 -9999.0 -9999.0 -9999.0 -9999.0 -9999.0 -9999.0 -9999.0 -9999.0 -9999.0 -9999.0 -9999.0 -9999.0 -9999.0 -9999.0 -9999.0 -9999.0 0.3091267367078522 0.3091267367078522 0.3091267367078522 0.3091267367078522 0.3091267367078522 0.3091267367078522 0.3091267367078522 0.3091267367078522 0.3091267367078522 0.3091267367078522 0.3091267367078522 0.3091267367078522 0.2065980848053899 0.25497230425071626 0.3033465236960426 0.3517207431413689 0.4000949625866953 0.44846918203202163 0.49684340147734796 0.5452176209226742 0.5935918403680006 0.641966059813327 0.6903402792586533 0.7387144987039796 0.7615085556494091 0.7569568407076765 0.7524051257659516 0.7478534108242268 0.7433016958825021
-9999.0 -9999.0 -9999.0 -9999.0 -9999.0 -9999.0 -9999.0 -9999.0 -9999.0 -9999.0 -9999.0 -9999.0 -9999.0 -9999.0 -9999.0 -9999.0 -9999.0 -9999.0 -9999.0 -9999.0 -9999.0 -9999.0 -9999.0 -9999.0 -9999.0 -9999.0 -9999.0 0.3091267367078522 0.3091267367078522 0.3091267367078522 0.3091267367078522 0.3091267367078522 0.3091267367078522 0.3091267367078522 0.3091267367078522 0.3091267367078522 0.3091267367078522 0.3091267367078522 0.3091267367078522 0.21672619285489156 0.26668535667051596 0.31664452048614034 0.3666036843017647 0.4165628481173891 0.46652201193301346 0.5164811757486378 0.5664403395642622 0.6163995033798866 0.666358667195511 0.7163178310111353 0.7662769948267597 0.7892952406919197 0.7835130363368292 0.7777308319817487 0.7719486276266682 0.7661664232715876
-9999.0 -9999.0 -9999.0 -9999.0 -9999.0 -9999.0 -9999.0 -9999.0 -9999.0 -9999.0 -9999.0 -9999.0 -9999.0 -9999.0 -9999.0 -9999.0 -9999.0 -9999.0 -9999.0 -9999.0 -9999.0 -9999.0 -9999.0 -9999.0 -9999.0 -9999.0 -9999.0 0.3091267367078522 0.3091267367078522 0.3091267367078522 0.3091267367078522 0.3091267367078522 0.3091267367078522 0.3091267367078522 0.3091267367078522 0.3091267367078522 0.3091267367078522 0.3091267367078522 0.3091267367078522 0.22685430090439318 0.2783984090903156 0.329942517276238 0.38148662546216044 0.43303073364808287 0.48457484183400523 0.5361189500199277 0.5876630582058501 0.6392071663917726 0.690751274577695 0.7422953827636174 0.7938394909495399 0.8170819257344302 0.810069231965982 0.8030565381975457 0.7960438444291095 0.7890311506606732
-9999.0 -9999.0 -9999.0 -9999.0 -9999.0 -9999.0 -9999.0 -9999.0 -9999.0 -9999.0 -9999.0 -9999.0 -9999.0 -9999.0 -9999.0 -9999.0 -9999.0 -9999.0 -9999.0 -9999.0 -9999.0 -9999.0 -9999.0 -9999.0 -9999.0 -9999.0 -9999.0 -9999.0 0.3091267367078522 0.3091267367078522 0.3091267367078522 0.3091267367078522 0.3091267367078522 0.3091267367078522 0.3091267367078522 0.3091267367078522 0.3091267367078522 0.3091267367078522 0.3091267367078522 0.2369824089538948 0.29011146151011524 0.3432405140663357 0.3963695666225562 0.44949861917877665 0.5026276717349971 0.5557567242912176 0.608885776847438 0.6620148294036585 0.715143881959879 0.7682729345160995 0.8214019870723199 0.8448686107769408 0.8366254275951347 0.8283822444133427 0.8201390612315508 0.8118958780497588
-9999.0 -9999.0 -9999.0 -9999.0 -9999.0 -9999.0 -9999.0 -9999.0 -9999.0 -9999.0 -9999.0 -9999.0 -9999.0 -9999.0 -9999.0 -9999.0 -9999.0 -9999.0 -9999.0 -9999.0 -9999.0 -9999.0 -9999.0 -9999.0 -9999.0 -9999.0 -9999.0 -9999.0 -9999.0 0.3091267367078522 0.3091267367078522 0.3091267367078522 0.3091267367078522 0.3091267367078522 0.3091267367078522 0.3091267367078522 0.3091267367078522 0.3091267367078522 0.3091267367078522 0.3091267367078522 0.3091267367078522 0.3091267367078522 0.3091267367078522 0.3091267367078522 0.3091267367078522 0.3091267367078522 0.3091267367078522 0.3091267367078522 0.3091267367078522 0.3091267367078522 0.3091267367078522 0.3091267367078522 0.3091267367078522 0.3091267367078522 0.3091267367078522 0.3091267367078522
-9999.0 -9999.0 -9999.0 -9999.0 -9999.0 -9999.0 -9999.0 -9999.0 -9999.0 -9999.0 -9999.0 -9999.0 -9999.0 -9999.0 -9999.0 -9999.0 -9999.0 -9999.0 -9999.0 -9999.0 -9999.0 -9999.0 -9999.0 -9999.0 -9999.0 -9999.0 -9999.0 -9999.0 -9999.0 0.3091267367078522 0.3091267367078522 0.3091267367078522 0.3091267367078522 0.3091267367078522 0.3091267367078522 0.3091267367078522 0.3091267367078522 0.3091267367078522 0.3091267367078522 0.3091267367078522 0.3091267367078522 0.3091267367078522 0.3091267367078522 0.3091267367078522 0.3091267367078522 0.3091267367078522 0.3091267367078522 0.3091267367078522 0.3091267367078522 0.3091267367078522 0.3091267367078522 0.3091267367078522 0.3091267367078522 0.3091267367078522 0.3091267367078522 0.3091267367078522
-9999.0 -9999.0 -9999.0 -9999.0 -9999.0 -9999.0 -9999.0 -9999.0 -9999.0 -9999.0 -9999.0 -9999.0 -9999.0 -9999.0 -9999.0 -9999.0 -9999.0 -9999.0 -9999.0 -9999.0 -9999.0 -9999.0 -9999.0 -9999.0 -9999.0 -9999.0 -9999.0 -9999.0 -9999.0 -9999.0 0.3091267367078522 0.3091267367078522 0.3091267367078522 0.3091267367078522 0.3091267367078522 0.3091267367078522 0.3091267367078522 0.3091267367078522 0.3091267367078522 0.3091267367078522 0.3091267367078522 0.3091267367078522 0.3091267367078522 0.3091267367078522 0.3091267367078522 0.3091267367078522 0.3091267367078522 0.3091267367078522 0.3091267367078522 0.3091267367078522 0.3091267367078522 0.3091267367078522 0.3091267367078522 0.3091267367078522 0.3091267367078522 0.3091267367078522
-9999.0 -9999.0 -9999.0 -9999.0 -9999.0 -9999.0 -9999.0 -9999.0 -9999.0 -9999.0 -9999.0 -9999.0 -9999.0 -9999.0 -9999.0 -9999.0 -9999.0 -9999.0 -9999.0 -9999.0 -9999.0 -9999.0 -9999.0 -9999.0 -9999.0 -9999.0 -9999.0 -9999.0 -9999.0 -9999.0 0.3091267367078522 0.3091267367078522 0.3091267367078522 0.3091267367078522 0.3091267367078522 0.3091267367078522 0.3091267367078522 0.3091267367078522 0.3091267367078522 0.3091267367078522 0.3091267367078522 0.3091267367078522 0.3091267367078522 0.3091267367078522 0.3091267367078522 0.3091267367078522 0.3091267367078522 0.3091267367078522 0.3091267367078522 0.3091267367078522 0.3091267367078522 0.3091267367078522 0.3091267367078522 0.3091267367078522 0.3091267367078522 0.3091267367078522
-9999.0 -9999.0 -9999.0 -9999.0 -9999.0 -9999.0 -9999.0 -9999.0 -9999.0 -9999.0 -9999.0 -9999.0 -9999.0 -9999.0 -9999.0 -9999.0 -9999.0 -9999.0 -9999.0 -9999.0 -9999.0 -9999.0 -9999.0 -9999.0 -9999.0 -9999.0 -9999.0 -9999.0 -9999.0 -9999.0 -9999.0 -9999.0 0.3091267367078522 0.3091267367078522 0.3091267367078522 0.3091267367078522 0.3091267367078522 0.3091267367078522 0.3091267367078522 0.3091267367078522 0.3091267367078522 0.3091267367078522 0.3091267367078522 0.3091267367078522 0.3091267367078522 0.3091267367078522 0.3091267367078522 0.3091267367078522 0.3091267367078522 0.3091267367078522 0.3091267367078522 0.3091267367078522 0.3091267367078522 0.3091267367078522 0.3091267367078522 0.3091267367078522
-9999.0 -9999.0 -9999.0 -9999.0 -9999.0 -9999.0 -9999.0 -9999.0 -9999.0 -9999.0 -9999.0 -9999.0 -9999.0 -9999.0 -9999.0 -9999.0 -9999.0 -9999.0 -9999.0 -9999.0 -9999.0 -9999.0 -9999.0 -9999.0 -9999.0 -9999.0 -9999.0 -9999.0 -9999.0 -9999.0 -9999.0 -9999.0 -9999.0 0.3091267367078522 0.3091267367078522 0.3091267367078522 0.3091267367078522 0.3091267367078522 0.3091267367078522 0.3091267367078522 0.3091267367078522 0.3091267367078522 0.3091267367078522 0.3091267367078522 0.3091267367078522 0.3091267367078522 0.3091267367078522 0.3091267367078522 0.3091267367078522 0.3091267367078522 0.3091267367078522 0.3091267367078522 0.3091267367078522 0.3091267367078522 0.3091267367078522 0.3091267367078522
