Figures/CREST_Example_wjb_NSE/Rolling_result/20100722/BJP_forecast/ens_41/wjb.rain.20100701.asc
ncols            288
nrows            254
xllcorner        113.274861
yllcorner        31.4918055
cellsize         0.008333333333
NODATA_value     -9999
[rows 72 to 95 of 254, columns 53 to 105 of 288]
7.529290021531532 7.529290021531532 7.529290021531532 7.529290021531532 7.529290021531532 7.529290021531532 7.529290021531532 7.529290021531532 7.529290021531532 7.529290021531532 7.467341818954476 7.3391695875133 7.210997356071906 7.08282512463073 6.954652893189554 6.826480661748379 6.698308430307202 6.570136198866027 6.441963967424851 6.313791735983676 6.185619504542499 6.057447273101324 6.00806318715999 6.042905409888219 6.077747632616448 6.112589855344737 6.147432078072966 6.182274300801195 6.217116523529424 6.251958746257654 6.286800968985883 6.321643191714112 6.356485414442341 6.391327637170571 6.409329916931073 6.409329916931073 6.409329916931073 6.409329916931073 6.409329916931073 6.409329916931073 6.409329916931073 6.409329916931073 6.409329916931073 6.409329916931073 6.409329916931073 6.409329916931073 6.622308037372947 7.0629645841471245 7.503621130921302 7.94427767769548 8.384934224469657 8.825590771244586 9.266247318018763
7.209177920896988 7.209177920896988 7.209177920896988 7.209177920896988 7.209177920896988 7.209177920896988 7.209177920896988 7.209177920896988 7.209177920896988 7.209177920896988 7.155175354459007 7.04344282379685 6.931710293134502 6.8199777624723446 6.708245231810188 6.59651270114803 6.484780170485873 6.3730476398237155 6.261315109161559 6.149582578499401 6.037850047837244 5.926117517175086 5.889737629590445 5.9339114209209525 5.978085212251459 6.022259003582042 6.06643279491255 6.110606586243057 6.154780377573564 6.198954168904072 6.243127960234579 6.287301751565087 6.331475542895594 6.375649334226101 6.398473048884511 6.398473048884511 6.398473048884511 6.398473048884511 6.398473048884511 6.398473048884511 6.398473048884511 6.398473048884511 6.398473048884511 6.398473048884511 6.398473048884511 6.398473048884511 6.604082002303844 7.029491575886515 7.454901149469185 7.880310723051856 8.305720296634526 8.731129870217924 9.156539443800593
6.93009612740622 6.93009612740622 6.93009612740622 6.93009612740622 6.93009612740622 6.93009612740622 6.93009612740622 6.93009612740622 6.93009612740622 6.93009612740622 6.900187987634324 6.838307370387196 6.776426753139961 6.7145461358928324 6.652665518645704 6.590784901398575 6.528904284151446 6.467023666904318 6.405143049657188 6.34326243241006 6.281381815162931 6.219501197915802 6.217828089406077 6.280518168822285 6.343208248238493 6.405898327654808 6.468588407071016 6.531278486487223 6.593968565903431 6.65665864531964 6.719348724735847 6.782038804152055 6.844728883568263 6.907418962984471 6.939809673435453 6.939809673435453 6.939809673435453 6.939809673435453 6.939809673435453 6.939809673435453 6.939809673435453 6.939809673435453 6.939809673435453 6.939809673435453 6.939809673435453 6.939809673435453 7.09488150589268 7.415728633526125 7.736575761159571 8.057422888793017 8.378270016426463 8.699117144060457 9.019964271693903
6.65101433391545 6.65101433391545 6.65101433391545 6.65101433391545 6.65101433391545 6.65101433391545 6.65101433391545 6.65101433391545 6.65101433391545 6.65101433391545 6.645200620809641 6.633171916977541 6.6211432131454195 6.6091145093133195 6.597085805481219 6.585057101649119 6.573028397817019 6.560999693984919 6.548970990152818 6.536942286320718 6.524913582488618 6.512884878656518 6.545918549221709 6.627124916723618 6.708331284225527 6.789537651727573 6.870744019229482 6.95195038673139 7.033156754233299 7.114363121735207 7.195569489237116 7.2767758567390235 7.357982224240932 7.439188591742841 7.4811462979863945 7.4811462979863945 7.4811462979863945 7.4811462979863945 7.4811462979863945 7.4811462979863945 7.4811462979863945 7.4811462979863945 7.4811462979863945 7.4811462979863945 7.4811462979863945 7.4811462979863945 7.585681009481514 7.801965691165735 8.018250372849957 8.234535054534179 8.4508197362184 8.66710441790299 8.88338909958721
6.37193254042468 6.37193254042468 6.37193254042468 6.37193254042468 6.37193254042468 6.37193254042468 6.37193254042468 6.37193254042468 6.37193254042468 6.37193254042468 6.390213253984958 6.428036463567886 6.465859673150878 6.5036828827338065 6.541506092316736 6.579329301899664 6.617152511482592 6.6549757210655205 6.692798930648449 6.730622140231377 6.768445349814305 6.806268559397234 6.8740090090373425 6.973731664624951 7.0734543202125595 7.173176975800339 7.272899631387948 7.372622286975556 7.472344942563165 7.572067598150774 7.671790253738383 7.771512909325992 7.871235564913601 7.97095822050121 8.022482922537336 8.022482922537336 8.022482922537336 8.022482922537336 8.022482922537336 8.022482922537336 8.022482922537336 8.022482922537336 8.022482922537336 8.022482922537336 8.022482922537336 8.022482922537336 8.076480513070349 8.188202748805345 8.299924984540342 8.41164722027534 8.523369456010336 8.635091691745522 8.74681392748052
6.0928507469339115 6.0928507469339115 6.0928507469339115 6.0928507469339115 6.0928507469339115 6.0928507469339115 6.0928507469339115 6.0928507469339115 6.0928507469339115 6.0928507469339115 6.135225887160275 6.222901010158232 6.310576133156338 6.398251256154294 6.485926379152252 6.5736015021502086 6.661276625148165 6.748951748146122 6.8366268711440785 6.924301994142035 7.011977117139992 7.099652240137949 7.202099468852975 7.320338412526285 7.438577356199594 7.5568162998731045 7.6750552435464146 7.793294187219724 7.911533130893034 8.029772074566342 8.148011018239652 8.266249961912962 8.38448890558627 8.50272784925958 8.56381954708828 8.56381954708828 8.56381954708828 8.56381954708828 8.56381954708828 8.56381954708828 8.56381954708828 8.56381954708828 8.56381954708828 8.56381954708828 8.56381954708828 8.56381954708828 8.567280016659186 8.574439806444957 8.58159959623073 8.588759386016502 8.595919175802273 8.603078965588058 8.61023875537383
5.813768953443143 5.813768953443143 5.813768953443143 5.813768953443143 5.813768953443143 5.813768953443143 5.813768953443143 5.813768953443143 5.813768953443143 5.813768953443143 5.880238520335592 6.017765556748578 6.155292593161797 6.292819629574782 6.430346665987768 6.567873702400753 6.705400738813738 6.842927775226723 6.980454811639709 7.117981848052694 7.255508884465679 7.393035920878665 7.530189928668608 7.666945160427617 7.803700392186627 7.94045562394587 8.07721085570488 8.213966087463891 8.3507213192229 8.48747655098191 8.624231782740921 8.76098701449993 8.89774224625894 9.03449747801795 9.105156171639221 9.105156171639221 9.105156171639221 9.105156171639221 9.105156171639221 9.105156171639221 9.105156171639221 9.105156171639221 9.105156171639221 9.105156171639221 9.105156171639221 9.105156171639221 9.05807952024802 8.960676864084567 8.863274207921116 8.765871551757662 8.66846889559421 8.571066239430591 8.473663583267138
5.534687159952135 5.534687159952135 5.534687159952135 5.534687159952135 5.534687159952135 5.534687159952135 5.534687159952135 5.534687159952135 5.534687159952135 5.534687159952135 5.625251153510692 5.812630103338748 6.0000090531671235 6.1873880029951795 6.3747669528232365 6.5621459026512925 6.749524852479349 6.936903802307405 7.124282752135462 7.311661701963518 7.499040651791574 7.686419601619631 7.85828038848452 8.013551908329246 8.168823428173972 8.324094948018963 8.47936646786369 8.634637987708416 8.789909507553142 8.945181027397869 9.100452547242595 9.255724067087321 9.410995586932048 9.566267106776774 9.646492796190625 9.646492796190625 9.646492796190625 9.646492796190625 9.646492796190625 9.646492796190625 9.646492796190625 9.646492796190625 9.646492796190625 9.646492796190625 9.646492796190625 9.646492796190625 9.548879023837275 9.346913921724507 9.144948819611741 8.942983717498974 8.741018615386208 8.539053513273096 8.33708841116033
5.255605366461366 5.255605366461366 5.255605366461366 5.255605366461366 5.255605366461366 5.255605366461366 5.255605366461366 5.255605366461366 5.255605366461366 5.255605366461366 5.370263786686008 5.607494649929094 5.844725513172583 6.081956376415668 6.319187239658753 6.556418102901838 6.793648966144923 7.030879829388008 7.268110692631092 7.505341555874178 7.742572419117263 7.979803282360347 8.186370848300154 8.36015865623058 8.533946464161007 8.70773427209173 8.881522080022156 9.055309887952584 9.22909769588301 9.402885503813437 9.576673311743864 9.75046111967429 9.924248927604717 10.098036735535143 10.187829420741567 10.187829420741567 10.187829420741567 10.187829420741567 10.187829420741567 10.187829420741567 10.187829420741567 10.187829420741567 10.187829420741567 10.187829420741567 10.187829420741567 10.187829420741567 10.039678527426108 9.733150979364119 9.426623431302128 9.120095883240136 8.813568335178145 8.507040787115631 8.20051323905364
4.9765235729705966 4.9765235729705966 4.9765235729705966 4.9765235729705966 4.9765235729705966 4.9765235729705966 4.9765235729705966 4.9765235729705966 4.9765235729705966 4.9765235729705966 5.115276419861325 5.402359196519439 5.689441973178042 5.976524749836155 6.263607526494269 6.550690303152383 6.837773079810495 7.124855856468609 7.411938633126723 7.6990214097848355 7.986104186442949 8.273186963101063 8.514461308115786 8.706765404131913 8.899069500148041 9.091373596164495 9.283677692180623 9.47598178819675 9.668285884212876 9.860589980229005 10.052894076245131 10.245198172261258 10.437502268277385 10.629806364293513 10.729166045292509 10.729166045292509 10.729166045292509 10.729166045292509 10.729166045292509 10.729166045292509 10.729166045292509 10.729166045292509 10.729166045292509 10.729166045292509 10.729166045292509 10.729166045292509 10.530478031014944 10.119388037003729 9.708298042992512 9.297208048981297 8.88611805497008 8.475028060958163 8.063938066946948
4.697441779479828 4.697441779479828 4.697441779479828 4.697441779479828 4.697441779479828 4.697441779479828 4.697441779479828 4.697441779479828 4.697441779479828 4.697441779479828 4.8602890530366425 5.1972237431097845 5.534158433183501 5.871093123256643 6.208027813329785 6.544962503402927 6.881897193476069 7.2188318835492105 7.555766573622353 7.8927012636954945 8.229635953768637 8.566570643841779 8.842551767931418 9.053372152033246 9.264192536135074 9.475012920237262 9.685833304339088 9.896653688440917 10.107474072542743 10.318294456644571 10.529114840746399 10.739935224848226 10.950755608950054 11.161575993051882 11.27050266984345 11.27050266984345 11.27050266984345 11.27050266984345 11.27050266984345 11.27050266984345 11.27050266984345 11.27050266984345 11.27050266984345 11.27050266984345 11.27050266984345 11.27050266984345 11.02127753460378 10.505625094643339 9.989972654682898 9.474320214722457 8.958667774762016 8.443015334800698 7.927362894840257
4.418359985989058 4.418359985989058 4.418359985989058 4.418359985989058 4.418359985989058 4.418359985989058 4.418359985989058 4.418359985989058 4.418359985989058 4.418359985989058 4.605301686211959 4.9920882897001295 5.37887489318896 5.76566149667713 6.1524481001653015 6.539234703653472 6.926021307141642 7.312807910629813 7.699594514117983 8.086381117606154 8.473167721094324 8.859954324582496 9.17064222774705 9.39997889993458 9.629315572122108 9.858652244310026 10.087988916497554 10.317325588685083 10.546662260872612 10.775998933060139 11.005335605247668 11.234672277435195 11.464008949622723 11.693345621810252 11.811839294394392 11.811839294394392 11.811839294394392 11.811839294394392 11.811839294394392 11.811839294394392 11.811839294394392 11.811839294394392 11.811839294394392 11.811839294394392 11.811839294394392 11.811839294394392 11.512077038192615 10.891862152282949 10.271647266373284 9.65143238046362 9.031217494553953 8.411002608643232 7.790787722733566
4.139278192498289 4.139278192498289 4.139278192498289 4.139278192498289 4.139278192498289 4.139278192498289 4.139278192498289 4.139278192498289 4.139278192498289 4.139278192498289 4.350314319387277 4.786952836290475 5.223591353194419 5.660229870097618 6.096868387000818 6.533506903904016 6.970145420807215 7.406783937710414 7.843422454613613 8.280060971516813 8.716699488420012 9.15333800532321 9.498732687562685 9.746585647835913 9.99443860810914 10.242291568382793 10.490144528656021 10.737997488929249 10.985850449202479 11.233703409475707 11.481556369748935 11.729409330022165 11.977262290295393 12.22511525056862 12.353175918945334 12.353175918945334 12.353175918945334 12.353175918945334 12.353175918945334 12.353175918945334 12.353175918945334 12.353175918945334 12.353175918945334 12.353175918945334 12.353175918945334 12.353175918945334 12.002876541781449 11.27809920992256 10.55332187806367 9.82854454620478 9.10376721434589 8.378989882485765 7.654212550626875
3.9211363698801573 3.9211363698801573 3.9211363698801573 3.9211363698801573 3.9211363698801573 3.9211363698801573 3.9211363698801573 3.9211363698801573 3.9211363698801573 3.9211363698801573 4.141518892580308 4.597495313687575 5.05347173479562 5.509448155902886 5.965424577010154 6.42140099811742 6.877377419224688 7.333353840331954 7.789330261439221 8.245306682546488 8.701283103653754 9.157259524761022 9.511853908281683 9.758068601721483 10.004283295161283 10.250497988601502 10.496712682041302 10.7429273754811 10.9891420689209 11.2353567623607 11.481571455800498 11.727786149240298 11.974000842680098 12.220215536119898 12.347429744783412 12.347429744783412 12.347429744783412 12.347429744783412 12.347429744783412 12.347429744783412 12.347429744783412 12.347429744783412 12.347429744783412 12.347429744783412 12.347429744783412 12.347429744783412 11.979231109058412 11.217419806522187 10.455608503985962 9.693797201449735 8.93198589891351 8.170174596375986 7.408363293839759
3.7681355339361238 3.7681355339361238 3.7681355339361238 3.7681355339361238 3.7681355339361238 3.7681355339361238 3.7681355339361238 3.7681355339361238 3.7681355339361238 3.7681355339361238 3.9820997373084555 4.424796510643451 4.867493283979201 5.3101900573141965 5.752886830649191 6.195583603984186 6.638280377319182 7.080977150654178 7.523673923989173 7.966370697324169 8.409067470659163 8.851764243994158 9.188292870823929 9.411325348941295 9.634357827058663 9.85739030517641 10.080422783293777 10.303455261411143 10.526487739528509 10.749520217645877 10.972552695763243 11.195585173880609 11.418617651997977 11.641650130115343 11.75688655168537 11.75688655168537 11.75688655168537 11.75688655168537 11.75688655168537 11.75688655168537 11.75688655168537 11.75688655168537 11.75688655168537 11.75688655168537 11.75688655168537 11.75688655168537 11.405676474529445 10.67901488379548 9.952353293061513 9.225691702327548 8.499030111593584 7.772368520858379 7.045706930124414
3.61513469799209 3.61513469799209 3.61513469799209 3.61513469799209 3.61513469799209 3.61513469799209 3.61513469799209 3.61513469799209 3.61513469799209 3.61513469799209 3.8226805820366025 4.252097707599327 4.681514833162782 5.110931958725507 5.540349084288231 5.969766209850954 6.399183335413678 6.828600460976402 7.258017586539125 7.687434712101849 8.116851837664573 8.546268963227298 8.864731833366177 9.06458209616111 9.264432358956045 9.464282621751318 9.664132884546252 9.863983147341186 10.06383341013612 10.263683672931053 10.463533935725987 10.66338419852092 10.863234461315855 11.063084724110787 11.166343358587325 11.166343358587325 11.166343358587325 11.166343358587325 11.166343358587325 11.166343358587325 11.166343358587325 11.166343358587325 11.166343358587325 11.166343358587325 11.166343358587325 11.166343358587325 10.832121840000474 10.140609961068769 9.449098082137064 8.75758620320536 8.066074324273655 7.374562445340771 6.683050566409068
3.4621338620480566 3.4621338620480566 3.4621338620480566 3.4621338620480566 3.4621338620480566 3.4621338620480566 3.4621338620480566 3.4621338620480566 3.4621338620480566 3.4621338620480566 3.6632614267647496 4.079398904555202 4.495536382346364 4.911673860136816 5.327811337927268 5.7439488157177205 6.160086293508173 6.576223771298626 6.992361249089077 7.40849872687953 7.824636204669982 8.240773682460434 8.541170795908423 8.717838843380923 8.894506890853425 9.071174938326227 9.247842985798727 9.424511033271228 9.601179080743728 9.77784712821623 9.95451517568873 10.131183223161232 10.307851270633734 10.484519318106233 10.575800165489282 10.575800165489282 10.575800165489282 10.575800165489282 10.575800165489282 10.575800165489282 10.575800165489282 10.575800165489282 10.575800165489282 10.575800165489282 10.575800165489282 10.575800165489282 10.258567205471506 9.602205038342062 8.945842871212617 8.289480704083173 7.633118536953729 6.976756369823166 6.3203942026937225
3.3091330261040226 3.3091330261040226 3.3091330261040226 3.3091330261040226 3.3091330261040226 3.3091330261040226 3.3091330261040226 3.3091330261040226 3.3091330261040226 3.3091330261040226 3.5038422714928963 3.906700101511077 4.309557931529945 4.712415761548126 5.115273591566306 5.518131421584487 5.920989251602668 6.323847081620849 6.72670491163903 7.12956274165721 7.532420571675392 7.935278401693573 8.217609758450669 8.371095590600737 8.524581422750805 8.678067254901135 8.831553087051203 8.985038919201271 9.138524751351339 9.292010583501407 9.445496415651474 9.598982247801542 9.75246807995161 9.905953912101678 9.985256972391237 9.985256972391237 9.985256972391237 9.985256972391237 9.985256972391237 9.985256972391237 9.985256972391237 9.985256972391237 9.985256972391237 9.985256972391237 9.985256972391237 9.985256972391237 9.685012570942535 9.063800115615352 8.442587660288169 7.821375204960985 7.200162749633803 6.57895029430556 5.957737838978376
3.156132190159989 3.156132190159989 3.156132190159989 3.156132190159989 3.156132190159989 3.156132190159989 3.156132190159989 3.156132190159989 3.156132190159989 3.156132190159989 3.3444231162210434 3.7340012984669526 4.123579480713526 4.513157662959436 4.9027358452053456 5.292314027451255 5.681892209697164 6.071470391943073 6.4610485741889825 6.850626756434892 7.240204938680801 7.62978312092671 7.894048720992916 8.02435233782055 8.154655954648186 8.284959571476044 8.415263188303678 8.545566805131314 8.675870421958948 8.806174038786583 8.936477655614219 9.066781272441853 9.197084889269489 9.327388506097124 9.394713779293195 9.394713779293195 9.394713779293195 9.394713779293195 9.394713779293195 9.394713779293195 9.394713779293195 9.394713779293195 9.394713779293195 9.394713779293195 9.394713779293195 9.394713779293195 9.111457936413567 8.525395192888643 7.939332449363721 7.353269705838798 6.7672069623138755 6.181144218787953 5.595081475263031
3.0031313542159555 3.0031313542159555 3.0031313542159555 3.0031313542159555 3.0031313542159555 3.0031313542159555 3.0031313542159555 3.0031313542159555 3.0031313542159555 3.0031313542159555 3.1850039609491905 3.5613024954228285 3.937601029897108 4.313899564370746 4.690198098844384 5.066496633318021 5.442795167791659 5.819093702265297 6.195392236738934 6.571690771212573 6.94798930568621 7.3242878401598475 7.570487683535163 7.677609085040364 7.784730486545567 7.891851888050952 7.998973289556154 8.106094691061356 8.213216092566558 8.320337494071762 8.427458895576963 8.534580297082165 8.641701698587367 8.748823100092569 8.804170586195152 8.804170586195152 8.804170586195152 8.804170586195152 8.804170586195152 8.804170586195152 8.804170586195152 8.804170586195152 8.804170586195152 8.804170586195152 8.804170586195152 8.804170586195152 8.537903301884597 7.986990270161935 7.436077238439273 6.8851642067166114 6.334251174993948 5.783338143270347 5.232425111547685
2.8501305182717913 2.8501305182717913 2.8501305182717913 2.8501305182717913 2.8501305182717913 2.8501305182717913 2.8501305182717913 2.8501305182717913 2.8501305182717913 2.8501305182717913 3.0255848056772017 3.388603692378557 3.751622579080531 4.114641465781886 4.477660352483241 4.840679239184595 5.203698125885952 5.566717012587306 5.92973589928866 6.292754785990017 6.655773672691371 7.018792559392725 7.246926646077133 7.330865832259883 7.414805018442633 7.498744204625526 7.582683390808275 7.666622576991024 7.750561763173774 7.834500949356523 7.918440135539273 8.002379321722023 8.086318507904771 8.170257694087521 8.213627393096605 8.213627393096605 8.213627393096605 8.213627393096605 8.213627393096605 8.213627393096605 8.213627393096605 8.213627393096605 8.213627393096605 8.213627393096605 8.213627393096605 8.213627393096605 7.9643486673551385 7.448585347434768 6.932822027514396 6.417058707594024 5.9012953876736525 5.385532067752402 4.86976874783203
2.6971296823277577 2.6971296823277577 2.6971296823277577 2.6971296823277577 2.6971296823277577 2.6971296823277577 2.6971296823277577 2.6971296823277577 2.6971296823277577 2.6971296823277577 2.8661656504053488 3.2159048893344324 3.5656441282641125 3.915383367193196 4.265122606122279 4.6148618450513625 4.964601083980446 5.31434032290953 5.664079561838613 6.013818800767696 6.36355803969678 6.7132972786258645 6.923365608619379 6.984122579479696 7.044879550340013 7.105636521200433 7.16639349206075 7.227150462921067 7.287907433781383 7.3486644046417 7.409421375502016 7.470178346362333 7.530935317222649 7.5916922880829665 7.623084199998561 7.623084199998561 7.623084199998561 7.623084199998561 7.623084199998561 7.623084199998561 7.623084199998561 7.623084199998561 7.623084199998561 7.623084199998561 7.623084199998561 7.623084199998561 7.390794032826169 6.9101804247080585 6.429566816589948 5.948953208471837 5.468339600353726 4.987725992234796 4.507112384116685
2.544128846383724 2.544128846383724 2.544128846383724 2.544128846383724 2.544128846383724 2.544128846383724 2.544128846383724 2.544128846383724 2.544128846383724 2.544128846383724 2.706746495133496 3.043206086290308 3.3796656774476936 3.7161252686045056 4.052584859761318 4.38904445091813 4.725504042074942 5.061963633231754 5.398423224388566 5.734882815545378 6.07134240670219 6.407801997859002 6.599804571161627 6.63737932669951 6.674954082237394 6.712528837775342 6.750103593313225 6.787678348851109 6.825253104388993 6.862827859926877 6.900402615464761 6.937977371002644 6.975552126540528 7.013126882078412 7.032541006900518 7.032541006900518 7.032541006900518 7.032541006900518 7.032541006900518 7.032541006900518 7.032541006900518 7.032541006900518 7.032541006900518 7.032541006900518 7.032541006900518 7.032541006900518 6.8172393982971995 6.371775501981349 5.926311605665499 5.480847709349649 5.035383813033799 4.589919916717189 4.144456020401339
2.3911280104396906 2.3911280104396906 2.3911280104396906 2.3911280104396906 2.3911280104396906 2.3911280104396906 2.3911280104396906 2.3911280104396906 2.3911280104396906 2.3911280104396906 2.5473273398616434 2.8705072832461838 3.1936872266312752 3.516867170015816 3.8400471134003564 4.163227056784897 4.486407000169438 4.8095869435539775 5.132766886938518 5.455946830323059 5.779126773707599 6.10230671709214 6.276243533703873 6.290636073919324 6.305028614134775 6.31942115435025 6.333813694565701 6.348206234781152 6.362598774996602 6.376991315212053 6.391383855427504 6.405776395642955 6.420168935858405 6.434561476073856 6.441997813802474 6.441997813802474 6.441997813802474 6.441997813802474 6.441997813802474 6.441997813802474 6.441997813802474 6.441997813802474 6.441997813802474 6.441997813802474 6.441997813802474 6.441997813802474 6.24368476376823 5.833370579254641 5.423056394741051 5.0127422102274615 4.6024280257138726 4.192113841199584 3.7817996566859935
