Figures/CREST_Example_wjb_NSE/Rolling_result/20100722/BJP_forecast/ens_46/wjb.rain.20100723.asc
ncols            288
nrows            254
xllcorner        113.274861
yllcorner        31.4918055
cellsize         0.008333333333
NODATA_value     -9999
[rows 24 to 47 of 254, columns 0 to 52 of 288]
-9999.0 -9999.0 -9999.0 -9999.0 -9999.0 -9999.0 -9999.0 -9999.0 -9999.0 -9999.0 -9999.0 -9999.0 -9999.0 -9999.0 -9999.0 -9999.0 -9999.0 -9999.0 -9999.0 -9999.0 -9999.0 -9999.0 0.3456820444344184 0.3456820444344184 0.3456820444344184 0.3456820444344184 0.3456820444344184 0.3456820444344184 0.3456820444344184 0.3456820444344184 0.3456820444344184 0.3456820444344184 0.3456820444344184 0.3456820444344184 0.3456820444344184 0.3456820444344184 0.3456820444344184 0.3456820444344184 0.3456820444344184 0.3456820444344184 0.3456820444344184 0.3456820444344184 0.3456820444344184 0.3456820444344184 0.3456820444344184 0.3456820444344184 0.3456820444344184 0.3456820444344184 0.3456820444344184 0.3456820444344184 0.3456820444344184 0.3456820444344184 0.3456820444344184
-9999.0 -9999.0 -9999.0 -9999.0 -9999.0 -9999.0 -9999.0 -9999.0 -9999.0 -9999.0 -9999.0 -9999.0 -9999.0 -9999.0 -9999.0 -9999.0 -9999.0 -9999.0 -9999.0 -9999.0 -9999.0 -9999.0 0.3456820444344184 0.3456820444344184 0.3456820444344184 0.3456820444344184 0.3456820444344184 1.712591966364636 1.6685966060660993 1.6246012457675625 1.580605885469026 1.5366105251704891 1.4926151648719523 1.4486198045734155 1.4046244442748788 1.3606290839763422 1.3166337236778054 1.2726383633792686 1.228643003080732 1.1985883145847371 1.183436519310581 1.1682847240364247 1.1531329287622687 1.1379811334881125 1.1228293382139563 1.1076775429398003 1.092525747665644 1.0773739523914878 1.0622221571173318 1.0470703618431756 1.0319185665690194 1.0205841325134897 1.0133305438824378
-9999.0 -9999.0 -9999.0 -9999.0 -9999.0 -9999.0 -9999.0 -9999.0 -9999.0 -9999.0 -9999.0 -9999.0 -9999.0 -9999.0 -9999.0 -9999.0 0.3456820444344184 0.3456820444344184 0.3456820444344184 0.3456820444344184 0.3456820444344184 0.3456820444344184 0.3456820444344184 0.3456820444344184 0.3456820444344184 0.3456820444344184 0.3456820444344184 1.691894188968068 1.6479972202990325 1.604100251629997 1.5602032829609613 1.5163063142919257 1.4724093456228902 1.4285123769538546 1.384615408284819 1.3407184396157834 1.2968214709467478 1.2529245022777122 1.2090275336086767 1.176230179311679 1.155298563634275 1.1343669479568708 1.1134353322794668 1.0925037166020626 1.0715721009246586 1.0506404852472544 1.0297088695698504 1.0087772538924462 0.9878456382150421 0.966914022537638 0.9459824068602339 0.9319660667476831 0.9253423125162331
-9999.0 -9999.0 -9999.0 -9999.0 -9999.0 -9999.0 -9999.0 -9999.0 -9999.0 -9999.0 -9999.0 -9999.0 -9999.0 -9999.0 -9999.0 -9999.0 0.3456820444344184 0.3456820444344184 0.3456820444344184 0.3456820444344184 0.3456820444344184 0.3456820444344184 0.3456820444344184 0.3456820444344184 0.3456820444344184 0.3456820444344184 0.3456820444344184 1.6711964115714824 1.6273978345319482 1.5835992574924138 1.5398006804528794 1.4960021034133453 1.452203526373811 1.4084049493342765 1.3646063722947424 1.320807795255208 1.2770092182156736 1.2332106411761394 1.189412064136605 1.153872044038602 1.127160607957945 1.1004491718772882 1.0737377357966311 1.047026299715974 1.0203148636353172 0.9936034275546601 0.9668919914740032 0.9401805553933462 0.9134691193126891 0.8867576832320323 0.8600462471513752 0.8433480009818011 0.8373540811499532
-9999.0 -9999.0 -9999.0 -9999.0 -9999.0 -9999.0 -9999.0 -9999.0 -9999.0 -9999.0 -9999.0 -9999.0 -9999.0 -9999.0 -9999.0 0.3456820444344184 0.3456820444344184 0.3456820444344184 0.3456820444344184 0.3456820444344184 0.3456820444344184 0.3456820444344184 0.3456820444344184 0.3456820444344184 0.3456820444344184 0.3456820444344184 0.3456820444344184 1.6504986341749144 1.6067984487648814 1.5630982633548482 1.519398077944815 1.475697892534782 1.431997707124749 1.3882975217147158 1.3445973363046826 1.3008971508946496 1.2571969654846165 1.2134967800745833 1.1697965946645503 1.1315139087655444 1.0990226522816393 1.0665313957977345 1.0340401393138294 1.0015488828299244 0.9690576263460196 0.9365663698621145 0.9040751133782096 0.8715838568943046 0.8390926004103997 0.8066013439264947 0.7741100874425898 0.7547299352159946 0.7493658497837485
-9999.0 -9999.0 -9999.0 -9999.0 -9999.0 -9999.0 -9999.0 -9999.0 -9999.0 -9999.0 -9999.0 -9999.0 -9999.0 -9999.0 -9999.0 0.3456820444344184 0.3456820444344184 0.3456820444344184 0.3456820444344184 0.3456820444344184 0.3456820444344184 0.3456820444344184 0.3456820444344184 0.3456820444344184 0.3456820444344184 0.3456820444344184 0.3456820444344184 1.6298008567783466 1.5861990629978147 1.5425972692172827 1.4989954754367507 1.4553936816562187 1.4117918878756868 1.3681900940951548 1.3245883003146228 1.2809865065340909 1.2373847127535589 1.193782918973027 1.150181125192495 1.1091557734924862 1.0708846966053334 1.0326136197181803 0.9943425428310275 0.9560714659438746 0.9178003890567217 0.8795293121695689 0.841258235282416 0.802987158395263 0.7647160815081102 0.7264450046209573 0.6881739277338044 0.6661118694501882 0.6613776184175437
-9999.0 -9999.0 -9999.0 -9999.0 -9999.0 -9999.0 -9999.0 -9999.0 -9999.0 -9999.0 -9999.0 -9999.0 -9999.0 -9999.0 -9999.0 0.3456820444344184 0.3456820444344184 0.3456820444344184 0.3456820444344184 0.3456820444344184 0.3456820444344184 0.3456820444344184 0.3456820444344184 0.3456820444344184 0.3456820444344184 0.3456820444344184 0.3456820444344184 1.6091030793817784 1.5655996772307477 1.522096275079717 1.4785928729286861 1.4350894707776554 1.3915860686266246 1.3480826664755938 1.304579264324563 1.2610758621735323 1.2175724600225015 1.1740690578714708 1.13056565572044 1.0867976382194284 1.0427467409290274 0.9986958436386266 0.9546449463482258 0.9105940490578249 0.866543151767424 0.8224922544770232 0.7784413571866224 0.7343904598962214 0.6903395626058206 0.6462886653154198 0.6022377680250189 0.5774938036843817 0.573389387051339
-9999.0 -9999.0 -9999.0 -9999.0 -9999.0 -9999.0 -9999.0 -9999.0 -9999.0 -9999.0 -9999.0 -9999.0 -9999.0 -9999.0 -9999.0 0.3456820444344184 0.3456820444344184 0.3456820444344184 0.3456820444344184 0.3456820444344184 0.3456820444344184 0.3456820444344184 0.3456820444344184 0.3456820444344184 0.3456820444344184 0.3456820444344184 0.3456820444344184 1.5884053019852105 1.545000291463681 1.5015952809421513 1.4581902704206218 1.4147852598990922 1.3713802493775626 1.327975238856033 1.2845702283345035 1.241165217812974 1.1977602072914442 1.1543551967699148 1.110950186248385 1.0644395029463705 1.0146087852527217 0.9647780675590729 0.914947349865424 0.8651166321717753 0.8152859144781264 0.7654551967844776 0.7156244790908288 0.66579376139718 0.6159630437035313 0.5661323260098824 0.5163016083162336 0.4888757379185753 0.48540115568513426
-9999.0 -9999.0 -9999.0 -9999.0 -9999.0 -9999.0 -9999.0 -9999.0 -9999.0 -9999.0 -9999.0 -9999.0 -9999.0 -9999.0 0.3456820444344184 0.3456820444344184 0.3456820444344184 0.3456820444344184 0.3456820444344184 0.3456820444344184 0.3456820444344184 0.3456820444344184 0.3456820444344184 0.3456820444344184 0.3456820444344184 0.3456820444344184 0.3456820444344184 1.5677075245886425 1.5244009056966141 1.4810942868045855 1.4377876679125572 1.3944810490205288 1.3511744301285005 1.307867811236472 1.2645611923444435 1.2212545734524152 1.1779479545603868 1.1346413356683585 1.09133471677633 1.0420813676733125 0.9864708295764156 0.930860291479519 0.8752497533826222 0.8196392152857255 0.7640286771888287 0.708418139091932 0.6528076009950352 0.5971970628981385 0.5415865248012417 0.48597598670434494 0.4303654486074482 0.4002576721527688 0.39741292431892944
-9999.0 -9999.0 -9999.0 -9999.0 -9999.0 -9999.0 -9999.0 -9999.0 -9999.0 -9999.0 -9999.0 -9999.0 -9999.0 -9999.0 0.3456820444344184 0.3456820444344184 0.3456820444344184 0.3456820444344184 0.3456820444344184 0.3456820444344184 0.3456820444344184 0.3456820444344184 0.3456820444344184 0.3456820444344184 0.3456820444344184 0.3456820444344184 0.3456820444344184 1.5470097471920568 1.5038015199295296 1.4605932926670024 1.4173850654044755 1.3741768381419484 1.3309686108794212 1.287760383616894 1.244552156354367 1.2013439290918397 1.1581357018293126 1.1149274745667856 1.0717192473042585 1.0197232324002354 0.9583328739000858 0.8969425153999362 0.8355521568997866 0.774161798399637 0.7127714398994873 0.6513810813993376 0.5899907228991879 0.5286003643990382 0.4672100058988886 0.405819647398739 0.34442928889858926 0.3116396063868868 0.3094246929526497
-9999.0 -9999.0 -9999.0 -9999.0 -9999.0 -9999.0 -9999.0 -9999.0 -9999.0 -9999.0 -9999.0 -9999.0 -9999.0 -9999.0 0.3456820444344184 0.3456820444344184 0.3456820444344184 0.3456820444344184 0.3456820444344184 0.3456820444344184 0.3456820444344184 0.3456820444344184 0.3456820444344184 0.3456820444344184 0.3456820444344184 0.3456820444344184 0.3456820444344184 1.5263119697954888 1.4832021341624628 1.4400922985294369 1.396982462896411 1.353872627263385 1.310762791630359 1.2676529559973333 1.2245431203643071 1.1814332847312814 1.1383234490982552 1.0952136134652295 1.0521037778322033 0.9973650971271777 0.9301949182237801 0.8630247393203825 0.7958545604169849 0.7286843815135872 0.6615142026101896 0.594344023706792 0.5271738448033944 0.46000366589999675 0.39283348699659915 0.32566330809320143 0.2584931291898038 0.22302154062108032 0.2214364615864449
-9999.0 -9999.0 -9999.0 -9999.0 -9999.0 -9999.0 -9999.0 -9999.0 -9999.0 -9999.0 -9999.0 -9999.0 -9999.0 -9999.0 0.3456820444344184 0.3456820444344184 0.3456820444344184 0.3456820444344184 0.3456820444344184 0.3456820444344184 0.3456820444344184 0.3456820444344184 0.3456820444344184 0.3456820444344184 0.3456820444344184 0.3456820444344184 0.3456820444344184 1.5056141923989208 1.462602748395396 1.4195913043918713 1.3765798603883466 1.3335684163848218 1.290556972381297 1.2475455283777723 1.2045340843742474 1.1615226403707228 1.1185111963671979 1.0754997523636731 1.0324883083601484 0.9750069618541196 0.902056962547474 0.8291069632408284 0.756156963934183 0.6832069646275374 0.6102569653208918 0.5373069660142462 0.4643569667076006 0.39140696740095504 0.31845696809430946 0.24550696878766398 0.1725569694810184 0.13440347485527385 0.13344823022024013
-9999.0 -9999.0 -9999.0 -9999.0 -9999.0 -9999.0 -9999.0 -9999.0 -9999.0 -9999.0 -9999.0 -9999.0 -9999.0 0.3456820444344184 0.3456820444344184 0.3456820444344184 0.3456820444344184 0.3456820444344184 0.3456820444344184 0.3456820444344184 0.3456820444344184 0.3456820444344184 0.3456820444344184 0.3456820444344184 0.3456820444344184 0.3456820444344184 0.3456820444344184 1.4849164150023526 1.442003362628329 1.3990903102543055 1.356177257880282 1.3132642055062584 1.270351153132235 1.2274381007582114 1.1845250483841876 1.1416119960101643 1.0986989436361405 1.055785891262117 1.0128728388880934 0.9526488265810618 0.8739190068711682 0.7951891871612747 0.7164593674513813 0.6377295477414877 0.5589997280315941 0.4802699083217007 0.4015400886118071 0.32281026890191367 0.2440804491920201 0.16535062948212664 0.08662080977223308 0.045785409089467405 0.04545999885403537
-9999.0 -9999.0 -9999.0 -9999.0 -9999.0 -9999.0 -9999.0 -9999.0 -9999.0 -9999.0 -9999.0 -9999.0 0.3456820444344184 0.3456820444344184 0.3456820444344184 0.3456820444344184 0.3456820444344184 0.3456820444344184 0.3456820444344184 0.3456820444344184 0.3456820444344184 0.3456820444344184 0.3456820444344184 0.3456820444344184 0.3456820444344184 0.3456820444344184 0.3456820444344184 1.4502447568814045 1.4091183721236697 1.3679919873659352 1.3268656026082004 1.2857392178504656 1.2446128330927309 1.203486448334996 1.1623600635772615 1.1212336788195267 1.080107294061792 1.0389809093040574 0.9978545245463226 0.9372709362285733 0.8558871575647203 0.7745033789008674 0.6931196002370146 0.6117358215731616 0.5303520429093087 0.4489682642454559 0.36758448558160295 0.28620070691775 0.2048169282538972 0.12343314959004426 0.04204937092619143 0.0 0.0
-9999.0 -9999.0 -9999.0 -9999.0 -9999.0 -9999.0 -9999.0 -9999.0 -9999.0 -9999.0 -9999.0 -9999.0 -9999.0 0.3456820444344184 0.3456820444344184 0.3456820444344184 0.3456820444344184 0.3456820444344184 0.3456820444344184 0.3456820444344184 0.3456820444344184 0.3456820444344184 0.3456820444344184 0.3456820444344184 0.3456820444344184 0.3456820444344184 0.3456820444344184 1.4006359014166685 1.3631008448475308 1.3255657882783929 1.2880307317092552 1.2504956751401175 1.2129606185709796 1.175425562001842 1.137890505432704 1.1003554488635663 1.0628203922944284 1.0252853357252907 0.9877502791561529 0.92935448754308 0.8486580987072062 0.7679617098713323 0.6872653210354585 0.6065689321995846 0.5258725433637108 0.4451761545278369 0.36447976569196305 0.28378337685608923 0.2030869880202154 0.12239059918434148 0.04169421034846765 0.0 0.0
-9999.0 -9999.0 -9999.0 -9999.0 -9999.0 -9999.0 -9999.0 -9999.0 -9999.0 -9999.0 -9999.0 -9999.0 -9999.0 0.3456820444344184 0.3456820444344184 0.3456820444344184 0.3456820444344184 0.3456820444344184 0.3456820444344184 0.3456820444344184 0.3456820444344184 0.3456820444344184 0.3456820444344184 0.3456820444344184 0.3456820444344184 0.3456820444344184 0.3456820444344184 1.3510270459519327 1.3170833175713919 1.283139589190851 1.24919586081031 1.2152521324297691 1.1813084040492283 1.1473646756686875 1.1134209472881467 1.0794772189076058 1.045533490527065 1.0115897621465242 0.9776460337659834 0.9214380388575869 0.8414290398496921 0.7614200408417973 0.6814110418339026 0.6014020428260076 0.5213930438181129 0.4413840448102181 0.36137504580232327 0.28136604679442845 0.20135704778653363 0.12134804877863892 0.041339049770744096 0.0 0.0
-9999.0 -9999.0 -9999.0 -9999.0 -9999.0 -9999.0 -9999.0 -9999.0 -9999.0 -9999.0 -9999.0 -9999.0 -9999.0 -9999.0 0.3456820444344184 0.3456820444344184 0.3456820444344184 0.3456820444344184 0.3456820444344184 0.3456820444344184 0.3456820444344184 0.3456820444344184 0.3456820444344184 0.3456820444344184 0.3456820444344184 0.3456820444344184 0.3456820444344184 1.3014181904871545 1.2710657902952136 1.2407133901032728 1.210360989911332 1.180008589719391 1.1496561895274502 1.1193037893355093 1.0889513891435685 1.0585989889516276 1.0282465887596868 0.997894188567746 0.9675417883758052 0.913521590172087 0.8341999809921719 0.7548783718122567 0.6755567626323415 0.5962351534524264 0.5169135442725112 0.4375919350925961 0.35827032591268093 0.2789487167327658 0.19962710755285062 0.12030549837293547 0.04098388919302032 0.0 0.0
-9999.0 -9999.0 -9999.0 -9999.0 -9999.0 -9999.0 -9999.0 -9999.0 -9999.0 -9999.0 -9999.0 -9999.0 -9999.0 -9999.0 -9999.0 0.3456820444344184 0.3456820444344184 0.3456820444344184 0.3456820444344184 0.3456820444344184 0.3456820444344184 0.3456820444344184 0.3456820444344184 0.3456820444344184 0.3456820444344184 0.3456820444344184 0.3456820444344184 1.2518093350224186 1.2250482630190747 1.198287191015731 1.171526119012387 1.144765047009043 1.1180039750056991 1.0912429030023552 1.0644818309990112 1.0377207589956674 1.0109596869923234 0.9841986149889794 0.9574375429856355 0.9056051414865938 0.8269709221346577 0.7483367027827216 0.6697024834307854 0.5910682640788494 0.5124340447269132 0.4337998253749772 0.35516560602304104 0.2765313866711049 0.19789716731916884 0.11926294796723269 0.04062872861529665 0.0 0.0
-9999.0 -9999.0 -9999.0 -9999.0 -9999.0 -9999.0 -9999.0 -9999.0 -9999.0 -9999.0 -9999.0 -9999.0 -9999.0 -9999.0 -9999.0 0.3456820444344184 0.3456820444344184 0.3456820444344184 0.3456820444344184 0.3456820444344184 0.3456820444344184 0.3456820444344184 0.3456820444344184 0.3456820444344184 0.3456820444344184 0.3456820444344184 0.3456820444344184 1.2022004795576826 1.1790307357429357 1.1558609919281888 1.1326912481134417 1.1095215042986948 1.0863517604839479 1.063182016669201 1.0400122728544539 1.016842529039707 0.9936727852249599 0.970503041410213 0.947333297595466 0.8976886928011006 0.8197418632771436 0.7417950337531866 0.6638482042292295 0.5859013747052725 0.5079545451813154 0.4300077156573584 0.35206088613340136 0.2741140566094443 0.19616722708548728 0.11822039756153024 0.040273568037573204 0.0 0.0
-9999.0 -9999.0 -9999.0 -9999.0 -9999.0 -9999.0 -9999.0 -9999.0 -9999.0 -9999.0 -9999.0 -9999.0 -9999.0 -9999.0 -9999.0 -9999.0 0.3456820444344184 0.3456820444344184 0.3456820444344184 0.3456820444344184 0.3456820444344184 0.3456820444344184 0.3456820444344184 0.3456820444344184 0.3456820444344184 0.3456820444344184 0.3456820444344184 1.1525916240929466 1.1330132084667968 1.1134347928406467 1.0938563772144967 1.0742779615883467 1.0546995459621966 1.0351211303360466 1.0155427147098965 0.9959642990837465 0.9763858834575965 0.9568074678314464 0.9372290522052964 0.8897722441156075 0.8125128044196295 0.7352533647236514 0.6579939250276734 0.5807344853316955 0.5034750456357174 0.4262156059397395 0.34895616624376147 0.27169672654778343 0.1944372868518055 0.11717784715582746 0.039918407459849425 0.0 0.0
-9999.0 -9999.0 -9999.0 -9999.0 -9999.0 -9999.0 -9999.0 -9999.0 -9999.0 -9999.0 -9999.0 -9999.0 -9999.0 -9999.0 -9999.0 -9999.0 -9999.0 0.3456820444344184 0.3456820444344184 0.3456820444344184 0.3456820444344184 0.3456820444344184 0.3456820444344184 0.3456820444344184 0.3456820444344184 0.3456820444344184 0.3456820444344184 1.102982768628211 1.0869956811906578 1.0710085937531046 1.0550215063155517 1.0390344188779985 1.0230473314404454 1.0070602440028924 0.9910731565653392 0.9750860691277862 0.9590989816902331 0.9431118942526799 0.9271248068151269 0.8818557954301144 0.8052837455621155 0.7287116956941164 0.6521396458261175 0.5755675959581186 0.49899554609011965 0.4224234962221207 0.3458514463541218 0.26927939648612287 0.19270734661812394 0.1161352967501249 0.03956324688212598 0.0 0.0
-9999.0 -9999.0 -9999.0 -9999.0 -9999.0 -9999.0 -9999.0 -9999.0 -9999.0 -9999.0 -9999.0 -9999.0 -9999.0 -9999.0 -9999.0 -9999.0 -9999.0 0.3456820444344184 0.3456820444344184 0.3456820444344184 0.3456820444344184 0.3456820444344184 0.3456820444344184 0.3456820444344184 0.3456820444344184 0.3456820444344184 0.3456820444344184 1.053373913163475 1.0409781539145189 1.0285823946655626 1.0161866354166065 1.0037908761676504 0.9913951169186942 0.978999357669738 0.9666035984207819 0.9542078391718257 0.9418120799228695 0.9294163206739134 0.9170205614249572 0.8739393467446211 0.7980546867046012 0.7221700266645814 0.6462853666245615 0.5704007065845416 0.4945160465445217 0.41863138650450177 0.3427467264644819 0.266862066424462 0.19097740638444205 0.11509274634442224 0.03920808630440231 0.0 0.0
-9999.0 -9999.0 -9999.0 -9999.0 -9999.0 -9999.0 -9999.0 -9999.0 -9999.0 -9999.0 -9999.0 -9999.0 -9999.0 -9999.0 -9999.0 -9999.0 -9999.0 -9999.0 0.3456820444344184 0.3456820444344184 0.3456820444344184 0.3456820444344184 0.3456820444344184 0.3456820444344184 0.3456820444344184 0.3456820444344184 0.3456820444344184 1.0037650576986967 0.9949606266383406 0.9861561955779844 0.9773517645176283 0.9685473334572722 0.959742902396916 0.9509384713365598 0.9421340402762037 0.9333296092158475 0.9245251781554914 0.9157207470951352 0.9069163160347791 0.8660228980591212 0.790825627847081 0.7156283576350407 0.6404310874230006 0.5652338172109603 0.49003654699892 0.41483927678687976 0.33964200657483956 0.2644447363627993 0.18924746615075905 0.11405019593871879 0.03885292572667853 0.0 0.0
-9999.0 -9999.0 -9999.0 -9999.0 -9999.0 -9999.0 -9999.0 -9999.0 -9999.0 -9999.0 -9999.0 -9999.0 -9999.0 -9999.0 -9999.0 -9999.0 -9999.0 -9999.0 0.3456820444344184 0.3456820444344184 0.3456820444344184 0.3456820444344184 0.3456820444344184 0.3456820444344184 0.3456820444344184 0.3456820444344184 0.3456820444344184 0.9541562022339609 0.9489430993622017 0.9437299964904424 0.9385168936186833 0.933303790746924 0.9280906878751648 0.9228775850034057 0.9176644821316464 0.9124513792598872 0.9072382763881279 0.9020251735163688 0.8968120706446095 0.8581064493736281 0.783596568989567 0.7090866886055057 0.6345768082214445 0.5600669278373833 0.4855570474533221 0.4110471670692609 0.3365372866851998 0.2620274063011385 0.18751752591707738 0.11300764553301612 0.03849776514895498 0.0 0.0
