Figures/CREST_Example_wjb_NSE/Rolling_result/20100722/BJP_forecast/ens_46/wjb.rain.20100728.asc
ncols            288
nrows            254
xllcorner        113.274861
yllcorner        31.4918055
cellsize         0.008333333333
NODATA_value     -9999
[rows 140 to 159 of 254, columns 132 to 175 of 288]
3.2204462511975365 2.082252693923074 0.9440591366486135 0.34163970510789116 0.31197493149836086 0.28231015788883057 0.2526453842793003 0.22298061066977 0.19331583706023975 0.16365106345070946 0.1339862898411792 0.1043215162315983 0.074656742622068 0.04499196901253777 0.015327195403007476 0.0024066249508217525 0.007385986409278864 0.012365347867735976 0.01734470932619309 0.0223240707846502 0.02730343224310731 0.03228279370156442 0.037262155160021536 0.04224151661847865 0.04722087807694425 0.052200239535401365 0.05717960099385847 0.057345712555444545 0.05236635109698814 0.04738698963853173 0.04240762818007533 0.037428266721618926 0.03244890526316252 0.02746954380470612 0.022490182346249714 0.017510820887793307 0.012531459429336908 0.0075520979708720085 0.002572736512415602 0.0 0.0 0.0 0.0 0.0
3.4490992876916966 2.1887339362630556 0.9283685848344163 0.26599980628053693 0.24290288892721265 0.2198059715738884 0.19670905422056412 0.17361213686723984 0.15051521951391558 0.1274183021605913 0.10432138480726702 0.08122446745390335 0.0581275501005791 0.03503063274725482 0.011933715393930566 0.001873792071405539 0.005750710250257375 0.009627628429109211 0.013504546607961047 0.01738146478681288 0.021258382965664718 0.025135301144516554 0.02901221932336839 0.03288913750222023 0.03676605568107867 0.04064297385993051 0.044519892038782344 0.04464922607853893 0.040772307899687645 0.036895389720836363 0.033018471541985076 0.02914155336313379 0.025264635184282506 0.021387717005431222 0.017510798826579937 0.01363388064772865 0.009756962468877368 0.005880044290019468 0.0020031261111681867 0.0 0.0 0.0 0.0 0.0
3.6777523241858567 2.295215178603039 0.9126780330202209 0.19035990745318276 0.1738308463560645 0.15730178525894623 0.14077272416182796 0.12424366306470967 0.1077146019675914 0.09118554087047312 0.07465647977335485 0.05812741867620838 0.04159835757909011 0.025069296481971842 0.008540235384853573 0.001340959191989326 0.004115434091235886 0.006889908990482447 0.009664383889729008 0.012438858788975568 0.01521333368822213 0.01798780858746869 0.02076228348671525 0.02353675838596181 0.026311233285213103 0.029085708184459665 0.03186018308370622 0.03195273960163332 0.029178264702387158 0.02640378980314099 0.023629314903894826 0.020854840004648656 0.018080365105402493 0.015305890206156327 0.012531415306910161 0.009756940407663995 0.006982465508417829 0.0042079906091669304 0.0014335157099207643 0.0 0.0 0.0 0.0 0.0
3.9064053606800186 2.401696420943024 0.8969874812060254 0.11472000862582855 0.10475880378491628 0.09479759894400402 0.08483639410309175 0.07487518926217948 0.06491398442126722 0.05495277958035495 0.04499157473944268 0.035030369898513436 0.025069165057601164 0.015107960216688893 0.005146755375776635 0.0008081263125731126 0.0024801579322143975 0.004152189551855682 0.005824221171496967 0.007496252791138251 0.009168284410779536 0.010840316030420821 0.012512347650062105 0.01418437926970339 0.015856410889347528 0.01752844250898881 0.019200474128630095 0.019256253124727712 0.017584221505086664 0.01591218988544562 0.014240158265804572 0.012568126646163524 0.010896095026522477 0.009224063406881429 0.007552031787240383 0.005880000167599335 0.004207968547958289 0.0025359369283143897 0.000863905308673342 0.0 0.0 0.0 0.0 0.0
4.135058397174372 2.508177663283096 0.8812969293918158 0.03908010979840986 0.0356867612137092 0.03229341262900853 0.028900064044307873 0.025506715459607206 0.022113366874906545 0.01872001829020588 0.015326669705505218 0.011933321120798767 0.008539972536098103 0.005146623951397436 0.0017532753666967757 0.00027529343315644503 0.0008448817731915141 0.0014144701132265832 0.001984058453261652 0.0025536467932967214 0.0031232351333317903 0.003692823473366859 0.004262411813401928 0.004832000153436998 0.005401588493473038 0.005971176833508107 0.006540765173543176 0.006559766647811276 0.005990178307776288 0.005420589967741299 0.004851001627706311 0.004281413287671323 0.003711824947636335 0.003142236607601347 0.002572648267566359 0.002003059927531371 0.0014334715874963827 0.000863883247460423 0.00029429490742543477 0.0 0.0 0.0 0.0 0.0
4.252181297526981 2.562581790080106 0.872982282633231 0.0 0.0 0.0 0.0 0.0 0.0 0.0 0.0 0.0 0.0 0.0 0.0 0.0 0.0 0.0 0.0 0.0 0.0 0.0 0.0 0.0 0.0 0.0 0.0 0.004237274603457697 0.01300429160919044 0.021771308614923185 0.030538325620655928 0.03930534262638867 0.04807235963212141 0.056839376637854155 0.0656063936435869 0.07437341064931964 0.08314042765505239 0.09190744466080009 0.10067446166653282 0.10388467305114828 0.10115453351512536 0.09842439397910245 0.09569425444307952 0.09296411490705661
4.250085513034527 2.561318763223884 0.872552013413241 0.0 0.0 0.0 0.0 0.0 0.0 0.0 0.0 0.0 0.0 0.0 0.0 0.0 0.0 0.0 0.0 0.0 0.0 0.0 0.0 0.0 0.0 0.0 0.0 0.013003928646661042 0.03990935117782807 0.06681477370899509 0.09372019624016212 0.12062561877132914 0.14753104130249617 0.17443646383366318 0.20134188636483022 0.22824730889599723 0.25515273142716427 0.28205815395837713 0.3089635764895442 0.31881551286208265 0.3104368867298751 0.30205826059766744 0.29367963446545986 0.2853010083332523
4.247989728542077 2.5600557363676657 0.8721217441932545 0.0 0.0 0.0 0.0 0.0 0.0 0.0 0.0 0.0 0.0 0.0 0.0 0.0 0.0 0.0 0.0 0.0 0.0 0.0 0.0 0.0 0.0 0.0 0.0 0.021770582689864405 0.06681441074646574 0.11185823880306708 0.15690206685966843 0.20194589491626977 0.2469897229728711 0.2920335510294724 0.33707737908607377 0.3821212071426751 0.42716503519927645 0.4722088632559546 0.517252691312556 0.5337463526730174 0.5197192399446251 0.5056921272162329 0.49166501448784056 0.47763790175944826
4.245893944049625 2.5587927095114473 0.871691474973268 0.0 0.0 0.0 0.0 0.0 0.0 0.0 0.0 0.0 0.0 0.0 0.0 0.0 0.0 0.0 0.0 0.0 0.0 0.0 0.0 0.0 0.0 0.0 0.0 0.03053723673306776 0.0937194703151034 0.15690170389713906 0.2200839374791747 0.2832661710612103 0.346448404643246 0.4096306382252816 0.4728128718073173 0.5359951053893529 0.5991773389713886 0.662359572553532 0.7255418061355676 0.748677192483952 0.7290015931593751 0.7093259938347981 0.6896503945102211 0.6699747951856442
4.2437981595571745 2.557529682655229 0.8712612057532816 0.0 0.0 0.0 0.0 0.0 0.0 0.0 0.0 0.0 0.0 0.0 0.0 0.0 0.0 0.0 0.0 0.0 0.0 0.0 0.0 0.0 0.0 0.0 0.0 0.039303890776271125 0.12062452988374109 0.20194516899121104 0.283265808098681 0.36458644720615097 0.4459070863136209 0.5272277254210909 0.6085483645285609 0.6898690036360308 0.7711896427435008 0.8525102818511094 0.9338309209585793 0.9636080322948868 0.9382839463741252 0.9129598604533634 0.8876357745326018 0.86231168861184
4.241702375064719 2.556266655799007 0.8708309365332951 0.0 0.0 0.0 0.0 0.0 0.0 0.0 0.0 0.0 0.0 0.0 0.0 0.0 0.0 0.0 0.0 0.0 0.0 0.0 0.0 0.0 0.0 0.0 0.0 0.04807054481948196 0.1475295894524017 0.24698863408532143 0.34644767871824117 0.4459067233511609 0.5453657679840807 0.6448248126170003 0.7442838572499201 0.8437429018828398 0.9432019465157595 1.042660991148849 1.1421200357817687 1.1785388721060046 1.1475662995890534 1.1165937270721022 1.085621154555151 1.0546485820381999
4.23960659057227 2.5550036289427887 0.8704006673133122 0.0 0.0 0.0 0.0 0.0 0.0 0.0 0.0 0.0 0.0 0.0 0.0 0.0 0.0 0.0 0.0 0.0 0.0 0.0 0.0 0.0 0.0 0.0 0.0 0.05683719886268531 0.17443464902103933 0.2920320991793933 0.40962954933774737 0.5272269994961014 0.6448244496544554 0.7624218998128094 0.8800193499711635 0.9976168001295175 1.1152142502878715 1.232811700446426 1.3504091506047802 1.3934697119169392 1.3568486528038035 1.3202275936906676 1.2836065345775316 1.2469854754643959
4.237510806079817 2.5537406020865703 0.8699703980933222 0.0 0.0 0.0 0.0 0.0 0.0 0.0 0.0 0.0 0.0 0.0 0.0 0.0 0.0 0.0 0.0 0.0 0.0 0.0 0.0 0.0 0.0 0.0 0.0 0.06560385290588867 0.201339708589677 0.33707556427346536 0.4728114199572537 0.608547275641042 0.7442831313248304 0.8800189870086187 1.015754842692407 1.1514906983761954 1.2872265540599837 1.4229624097440035 1.5586982654277919 1.6084005517278739 1.5661310060185534 1.5238614603092329 1.4815919145999121 1.4393223688905916
4.2354150215873645 2.552477575230352 0.8695401288733358 0.0 0.0 0.0 0.0 0.0 0.0 0.0 0.0 0.0 0.0 0.0 0.0 0.0 0.0 0.0 0.0 0.0 0.0 0.0 0.0 0.0 0.0 0.0 0.0 0.07437050694909203 0.22824476815831468 0.38211902936753733 0.53599329057676 0.6898675517859827 0.8437418129952053 0.997616074204428 1.1514903354136505 1.3053645966228733 1.4592388578320958 1.613113119041581 1.7669873802508036 1.8233313915388087 1.7754133592333035 1.7274953269277982 1.6795772946222929 1.6316592623167876
4.233319237094914 2.5512145483741335 0.8691098596533529 0.0 0.0 0.0 0.0 0.0 0.0 0.0 0.0 0.0 0.0 0.0 0.0 0.0 0.0 0.0 0.0 0.0 0.0 0.0 0.0 0.0 0.0 0.0 0.0 0.0831371609922954 0.2551498277269524 0.42716249446160937 0.5991751611962663 0.7711878279309233 0.9432004946655803 1.1152131614002372 1.2872258281348943 1.4592384948695512 1.6312511616042082 1.8032638283391584 1.9752764950738155 2.0382622313497434 1.9846957124480535 1.9311291935463635 1.8775626746446736 1.8239961557429836
4.23122345260246 2.5499515215179116 0.8686795904333628 0.0 0.0 0.0 0.0 0.0 0.0 0.0 0.0 0.0 0.0 0.0 0.0 0.0 0.0 0.0 0.0 0.0 0.0 0.0 0.0 0.0 0.0 0.0 0.0 0.09190381503549873 0.28205488729559 0.4722059595556812 0.6623570318157724 0.8525081040758636 1.042659176335955 1.2328102485960462 1.4229613208561374 1.6131123931162286 1.8032634653763198 1.9934145376367354 2.1835656098968266 2.253193071160678 2.193978065662803 2.1347630601649286 2.075548054667054 2.0163330491691793
4.229127668110012 2.5486884946616932 0.8682493212133799 0.0 0.0 0.0 0.0 0.0 0.0 0.0 0.0 0.0 0.0 0.0 0.0 0.0 0.0 0.0 0.0 0.0 0.0 0.0 0.0 0.0 0.0 0.0 0.0 0.1006704690787021 0.3089599468642276 0.5172494246497532 0.7255389024352787 0.9338283802208043 1.1421178580063298 1.3504073357918553 1.5586968135773809 1.7669862913629064 1.975275769148432 2.1835652469343128 2.3918547247198383 2.4681239109716127 2.4032604188775535 2.338396926783494 2.2735334346894347 2.2086699425953755
4.227984037921347 2.547999284656054 0.8680145313907595 0.0 0.0 0.0 0.0 0.0 0.0 0.0 0.0 0.0 0.0 0.0 0.0 0.0 0.0 0.0 0.0 0.0 0.0 0.0 0.0 0.0 0.0 0.0 0.0 0.10625421547820207 0.3260965908739436 0.5459389662696851 0.7657813416654266 0.9856237170611681 1.2054660924569096 1.425308467852651 1.6451508432483926 1.8649932186441343 2.0848355940398755 2.3046779694359922 2.5245203448317337 2.604063925076936 2.533624919325296 2.463185913573656 2.3927469078220165 2.3223079020703765
4.2278582006630305 2.5479234486923197 0.8679886967216035 0.0 0.0 0.0 0.0 0.0 0.0 0.0 0.0 0.0 0.0 0.0 0.0 0.0 0.0 0.0 0.0 0.0 0.0 0.0 0.0 0.0 0.0 0.0 0.0 0.10843563424568733 0.3327914144171217 0.557147194588556 0.7815029747599903 1.0058587549314246 1.230214535102859 1.4545703152742933 1.6789260954457277 1.903281875617162 2.1276376557885963 2.3519934359604133 2.5763492161318475 2.6555677258018595 2.579631209864064 2.5036946939262683 2.4277581779884727 2.351821662050677
4.227732363404716 2.547847612728585 0.8679628620524511 0.0 0.0 0.0 0.0 0.0 0.0 0.0 0.0 0.0 0.0 0.0 0.0 0.0 0.0 0.0 0.0 0.0 0.0 0.0 0.0 0.0 0.0 0.0 0.0 0.11061705301317258 0.3394862379602997 0.5683554229074268 0.797224607854554 1.0260937928016811 1.2549629777488083 1.4838321626959352 1.7127013476430624 1.9415705325901895 2.1704397175373167 2.399308902484834 2.6281780874319614 2.7070715265267835 2.625637500402832 2.5442034742788806 2.462769448154929 2.3813354220309777
