Figures/CREST_Example_wjb_NSE/Rolling_result/20100722/BJP_forecast/ens_46/wjb.rain.20100722.asc
ncols            288
nrows            254
xllcorner        113.274861
yllcorner        31.4918055
cellsize         0.008333333333
NODATA_value     -9999
[rows 40 to 59 of 254, columns 132 to 175 of 288]
3.275693107713301 3.2923741107486584 3.3090551137840154 3.2422684579210883 3.2422684579210883 3.2422684579210883 3.2422684579210883 3.2422684579210883 3.2422684579210883 3.2422684579210883 3.2422684579210883 -9999.0 -9999.0 -9999.0 -9999.0 -9999.0 -9999.0 -9999.0 -9999.0 -9999.0 -9999.0 -9999.0 -9999.0 -9999.0 -9999.0 -9999.0 -9999.0 -9999.0 -9999.0 -9999.0 -9999.0 -9999.0 -9999.0 -9999.0 -9999.0 -9999.0 -9999.0 -9999.0 -9999.0 -9999.0 -9999.0 -9999.0 -9999.0 -9999.0
3.3632955842723575 3.38053954419174 3.397783504111122 3.2422684579210883 3.2422684579210883 3.2422684579210883 3.2422684579210883 3.2422684579210883 3.2422684579210883 3.2422684579210883 3.2422684579210883 3.2422684579210883 -9999.0 -9999.0 -9999.0 3.2422684579210883 3.2422684579210883 -9999.0 -9999.0 -9999.0 -9999.0 -9999.0 -9999.0 -9999.0 -9999.0 -9999.0 -9999.0 -9999.0 -9999.0 -9999.0 -9999.0 -9999.0 -9999.0 -9999.0 -9999.0 -9999.0 -9999.0 -9999.0 -9999.0 -9999.0 -9999.0 -9999.0 -9999.0 -9999.0
3.450898060831414 3.4687049776348218 3.4865118944382294 3.2422684579210883 3.2422684579210883 3.2422684579210883 3.2422684579210883 3.2422684579210883 3.2422684579210883 3.2422684579210883 3.2422684579210883 3.2422684579210883 3.2422684579210883 3.2422684579210883 3.2422684579210883 3.2422684579210883 3.2422684579210883 -9999.0 -9999.0 3.2422684579210883 3.2422684579210883 3.2422684579210883 3.2422684579210883 -9999.0 -9999.0 -9999.0 -9999.0 -9999.0 -9999.0 -9999.0 -9999.0 -9999.0 -9999.0 -9999.0 -9999.0 -9999.0 -9999.0 -9999.0 -9999.0 -9999.0 -9999.0 -9999.0 -9999.0 -9999.0
3.5385005373904708 3.5568704110779032 3.5752402847653357 3.2422684579210883 3.2422684579210883 3.2422684579210883 3.2422684579210883 3.2422684579210883 3.2422684579210883 3.2422684579210883 3.2422684579210883 3.2422684579210883 3.2422684579210883 3.2422684579210883 3.2422684579210883 3.2422684579210883 3.2422684579210883 3.2422684579210883 3.2422684579210883 3.2422684579210883 3.2422684579210883 3.2422684579210883 3.2422684579210883 3.2422684579210883 -9999.0 -9999.0 -9999.0 -9999.0 -9999.0 -9999.0 -9999.0 -9999.0 -9999.0 -9999.0 -9999.0 -9999.0 -9999.0 -9999.0 -9999.0 -9999.0 -9999.0 -9999.0 -9999.0 -9999.0
3.6261030139495274 3.645035844520985 3.663968675092443 3.2422684579210883 3.2422684579210883 3.2422684579210883 3.2422684579210883 3.2422684579210883 3.2422684579210883 3.2422684579210883 3.2422684579210883 3.2422684579210883 3.2422684579210883 3.2422684579210883 3.2422684579210883 3.2422684579210883 3.2422684579210883 3.2422684579210883 3.2422684579210883 3.2422684579210883 3.2422684579210883 3.2422684579210883 3.2422684579210883 3.2422684579210883 3.2422684579210883 -9999.0 -9999.0 -9999.0 -9999.0 -9999.0 -9999.0 -9999.0 -9999.0 -9999.0 -9999.0 -9999.0 -9999.0 -9999.0 -9999.0 -9999.0 -9999.0 -9999.0 -9999.0 -9999.0
3.7137054905085836 3.7332012779640666 3.7526970654195493 3.2422684579210883 3.2422684579210883 3.2422684579210883 3.2422684579210883 3.2422684579210883 3.2422684579210883 3.2422684579210883 3.2422684579210883 3.2422684579210883 3.2422684579210883 3.2422684579210883 3.2422684579210883 3.2422684579210883 3.2422684579210883 3.2422684579210883 3.2422684579210883 3.2422684579210883 3.2422684579210883 3.2422684579210883 3.2422684579210883 3.2422684579210883 3.2422684579210883 -9999.0 3.2422684579210883 3.2422684579210883 3.2422684579210883 -9999.0 -9999.0 -9999.0 -9999.0 -9999.0 -9999.0 -9999.0 -9999.0 -9999.0 -9999.0 -9999.0 -9999.0 -9999.0 -9999.0 -9999.0
3.801307967067715 3.8213667114072236 3.841425455746732 3.2422684579210883 3.2422684579210883 3.2422684579210883 3.2422684579210883 3.2422684579210883 3.2422684579210883 3.2422684579210883 3.2422684579210883 3.2422684579210883 3.2422684579210883 3.2422684579210883 3.2422684579210883 3.2422684579210883 3.2422684579210883 3.2422684579210883 3.2422684579210883 3.2422684579210883 3.2422684579210883 3.2422684579210883 3.2422684579210883 3.2422684579210883 3.2422684579210883 3.2422684579210883 3.2422684579210883 3.2422684579210883 3.2422684579210883 -9999.0 -9999.0 -9999.0 -9999.0 -9999.0 -9999.0 -9999.0 -9999.0 -9999.0 -9999.0 -9999.0 -9999.0 -9999.0 -9999.0 -9999.0
3.8889104436267714 3.909532144850305 3.930153846073839 3.2422684579210883 3.2422684579210883 3.2422684579210883 3.2422684579210883 3.2422684579210883 3.2422684579210883 3.2422684579210883 3.2422684579210883 3.2422684579210883 3.2422684579210883 3.2422684579210883 3.2422684579210883 3.2422684579210883 3.2422684579210883 3.2422684579210883 3.2422684579210883 3.2422684579210883 3.2422684579210883 3.2422684579210883 3.2422684579210883 3.2422684579210883 3.2422684579210883 3.2422684579210883 3.2422684579210883 3.2422684579210883 -9999.0 -9999.0 -9999.0 -9999.0 -9999.0 -9999.0 -9999.0 -9999.0 -9999.0 -9999.0 -9999.0 -9999.0 -9999.0 -9999.0 -9999.0 -9999.0
3.9765129201858276 3.9976975782933866 4.0188822364009456 3.2422684579210883 3.2422684579210883 3.2422684579210883 3.2422684579210883 3.2422684579210883 3.2422684579210883 3.2422684579210883 3.2422684579210883 3.2422684579210883 3.2422684579210883 3.2422684579210883 3.2422684579210883 3.2422684579210883 3.2422684579210883 3.2422684579210883 3.2422684579210883 3.2422684579210883 3.2422684579210883 3.2422684579210883 3.2422684579210883 3.2422684579210883 3.2422684579210883 3.2422684579210883 3.2422684579210883 3.2422684579210883 3.2422684579210883 3.2422684579210883 3.2422684579210883 -9999.0 -9999.0 -9999.0 -9999.0 -9999.0 -9999.0 -9999.0 -9999.0 -9999.0 -9999.0 -9999.0 -9999.0 -9999.0
3.990061090910136 4.003209451825 4.016357812739863 4.079667583486512 4.196601035836309 4.3135344881861055 4.430467940535903 4.5474013928857 4.664334845235496 4.781268297585293 4.898201749935089 5.0151352022850855 5.132068654634883 5.24900210698468 5.365935559334476 5.389131236448165 5.312119111589175 5.235106986730185 5.158094861871195 5.081082737012205 5.004070612153216 4.927058487294225 4.8500463624352355 4.773034237576246 4.696022112717124 4.619009987858134 4.541997862999144 3.2422684579210883 3.2422684579210883 3.2422684579210883 3.2422684579210883 3.2422684579210883 3.2422684579210883 3.2422684579210883 -9999.0 -9999.0 -9999.0 -9999.0 -9999.0 -9999.0 -9999.0 -9999.0 -9999.0 -9999.0
3.9244498781853268 3.9203698815247465 3.9162898848641663 3.972794907823196 4.094066686997754 4.2153384661723114 4.3366102453468685 4.457882024521426 4.579153803695984 4.700425582870542 4.821697362045099 4.942969141219864 5.064240920394422 5.18551269956898 5.306784478743537 5.336028738723026 5.2668934991218155 5.197758259520605 5.128623019919395 5.059487780318185 4.990352540716975 4.921217301115765 4.852082061514555 4.782946821913344 4.713811582312017 4.644676342710807 4.575541103109597 3.2422684579210883 3.2422684579210883 3.2422684579210883 3.2422684579210883 3.2422684579210883 3.2422684579210883 3.2422684579210883 3.2422684579210883 3.2422684579210883 3.2422684579210883 -9999.0 -9999.0 -9999.0 -9999.0 -9999.0 -9999.0 -9999.0
3.858838665460518 3.8375303112244934 3.816221956988469 3.8659222321598796 3.9915323381591983 4.1171424441585165 4.242752550157835 4.368362656157154 4.4939727621564725 4.61958286815579 4.745192974155109 4.870803080154642 4.99641318615396 5.122023292153279 5.2476333981525976 5.282926240997886 5.221667886654456 5.160409532311025 5.099151177967595 5.037892823624165 4.976634469280735 4.915376114937304 4.854117760593874 4.792859406250444 4.731601051906909 4.670342697563479 4.609084343220048 3.2422684579210883 3.2422684579210883 3.2422684579210883 3.2422684579210883 3.2422684579210883 3.2422684579210883 3.2422684579210883 3.2422684579210883 3.2422684579210883 3.2422684579210883 3.2422684579210883 -9999.0 -9999.0 -9999.0 -9999.0 -9999.0 -9999.0
3.7932274527357084 3.7546907409242403 3.716154029112772 3.7590495564965636 3.888997989320643 4.018946422144722 4.148894854968801 4.27884328779288 4.40879172061696 4.538740153441039 4.668688586265119 4.798637019089419 4.928585451913499 5.058533884737578 5.1884823175616575 5.229823743272746 5.176442274187095 5.123060805101445 5.069679336015795 5.016297866930144 4.962916397844494 4.909534928758843 4.856153459673193 4.802771990587543 4.749390521501802 4.696009052416151 4.6426275833305 3.2422684579210883 3.2422684579210883 3.2422684579210883 3.2422684579210883 3.2422684579210883 3.2422684579210883 3.2422684579210883 3.2422684579210883 3.2422684579210883 3.2422684579210883 3.2422684579210883 3.2422684579210883 3.2422684579210883 3.2422684579210883 -9999.0 -9999.0 -9999.0
3.727616240010844 3.671851170623917 3.6160861012369905 3.652176880833157 3.7864636404820007 3.920750400130844 4.055037159779688 4.189323919428531 4.323610679077375 4.457897438726219 4.592184198375063 4.7264709580241355 4.860757717672979 4.995044477321823 5.129331236970667 5.176721245547561 5.131216661719697 5.085712077891833 5.04020749406397 4.994702910236105 4.949198326408242 4.903693742580378 4.858189158752515 4.812684574924651 4.767179991096709 4.721675407268846 4.676170823440982 3.2422684579210883 3.2422684579210883 3.2422684579210883 3.2422684579210883 3.2422684579210883 3.2422684579210883 3.2422684579210883 3.2422684579210883 3.2422684579210883 3.2422684579210883 3.2422684579210883 3.2422684579210883 3.2422684579210883 3.2422684579210883 -9999.0 -9999.0 -9999.0
3.6620050272860345 3.589011600323664 3.516018173361293 3.5453042051698405 3.683929291643445 3.82255437811705 3.9611794645906544 4.099804551064259 4.238429637537863 4.377054724011468 4.515679810485072 4.654304896958913 4.792929983432518 4.931555069906123 5.0701801563797275 5.123618747822421 5.085991049252337 5.048363350682253 5.010735652112169 4.973107953542086 4.935480254972002 4.897852556401918 4.860224857831834 4.82259715926175 4.784969460691602 4.7473417621215175 4.709714063551434 3.2422684579210883 3.2422684579210883 3.2422684579210883 3.2422684579210883 3.2422684579210883 3.2422684579210883 3.2422684579210883 3.2422684579210883 3.2422684579210883 3.2422684579210883 3.2422684579210883 3.2422684579210883 3.2422684579210883 3.2422684579210883 3.2422684579210883 -9999.0 -9999.0
3.5963938145612255 3.5061720300234107 3.415950245485597 3.4384315295065244 3.5813949428048897 3.724358356103255 3.86732176940162 4.0102851826999855 4.153248595998351 4.296212009296716 4.439175422595081 4.582138835893691 4.725102249192056 4.868065662490421 5.0110290757887865 5.070516250097281 5.040765436784977 5.011014623472673 4.981263810160369 4.951512996848065 4.921762183535761 4.8920113702234564 4.862260556911153 4.832509743598849 4.802758930286494 4.77300811697419 4.743257303661886 3.2422684579210883 3.2422684579210883 3.2422684579210883 3.2422684579210883 3.2422684579210883 3.2422684579210883 3.2422684579210883 3.2422684579210883 3.2422684579210883 3.2422684579210883 3.2422684579210883 3.2422684579210883 3.2422684579210883 3.2422684579210883 3.2422684579210883 3.2422684579210883 -9999.0
3.5307826018364166 3.4233324597231585 3.3158823176099 3.331558853843209 3.478860593966335 3.626162334089461 3.773464074212587 3.920765814335713 4.068067554458839 4.215369294581965 4.362671034705091 4.509972774828469 4.657274514951595 4.804576255074721 4.951877995197847 5.017413752372142 4.995539824317618 4.9736658962630935 4.9517919682085685 4.929918040154044 4.90804411209952 4.886170184044996 4.864296255990472 4.842422327935948 4.820548399881386 4.798674471826862 4.776800543772338 3.2422684579210883 3.2422684579210883 3.2422684579210883 3.2422684579210883 3.2422684579210883 3.2422684579210883 3.2422684579210883 3.2422684579210883 3.2422684579210883 3.2422684579210883 3.2422684579210883 3.2422684579210883 3.2422684579210883 3.2422684579210883 3.2422684579210883 3.2422684579210883 3.2422684579210883
3.4651713891116076 3.3404928894229053 3.215814389734203 3.2246861781798923 3.376326245127779 3.5279663120756664 3.679606379023553 3.83124644597144 3.982886512919327 4.134526579867214 4.286166646815101 4.437806713763246 4.589446780711133 4.7410868476590196 4.892726914606907 4.964311254647002 4.950314211850257 4.936317169053512 4.922320126256769 4.908323083460024 4.894326040663279 4.880328997866536 4.866331955069791 4.852334912273047 4.838337869476279 4.824340826679534 4.81034378388279 3.2422684579210883 3.2422684579210883 3.2422684579210883 3.2422684579210883 3.2422684579210883 3.2422684579210883 3.2422684579210883 3.2422684579210883 3.2422684579210883 3.2422684579210883 3.2422684579210883 3.2422684579210883 3.2422684579210883 3.2422684579210883 3.2422684579210883 3.2422684579210883 3.2422684579210883
3.3995601763867986 3.2576533191226527 3.1157464618585067 3.1178135025165767 3.2737918962892243 3.429770290061872 3.58574868383452 3.7417270776071674 3.8977054713798154 4.053683865152463 4.2096622589251105 4.3656406526980245 4.521619046470672 4.67759744024332 4.833575834015967 4.911208756921861 4.905088599382897 4.898968441843933 4.892848284304969 4.8867281267660045 4.880607969227039 4.874487811688075 4.868367654149111 4.862247496610147 4.856127339071172 4.850007181532208 4.8438870239932434 3.2422684579210883 3.2422684579210883 3.2422684579210883 3.2422684579210883 3.2422684579210883 3.2422684579210883 3.2422684579210883 3.2422684579210883 3.2422684579210883 3.2422684579210883 3.2422684579210883 3.2422684579210883 3.2422684579210883 3.2422684579210883 3.2422684579210883 3.2422684579210883 3.2422684579210883
3.3339489636619337 3.174813748822329 3.0156785339827246 3.010940826853169 3.1712575474505815 3.331574268047994 3.491890988645406 3.652207709242818 3.8125244298402303 3.9728411504376426 4.1331578710350545 4.293474591632741 4.453791312230153 4.6141080328275645 4.774424753424977 4.858106259196677 4.859862986915499 4.861619714634321 4.863376442353143 4.8651331700719656 4.866889897790788 4.8686466255096095 4.870403353228432 4.872160080947254 4.873916808666079 4.875673536384902 4.877430264103723 3.2422684579210883 3.2422684579210883 3.2422684579210883 3.2422684579210883 3.2422684579210883 3.2422684579210883 3.2422684579210883 3.2422684579210883 3.2422684579210883 3.2422684579210883 3.2422684579210883 3.2422684579210883 3.2422684579210883 3.2422684579210883 3.2422684579210883 3.2422684579210883 3.2422684579210883
