Figures/CREST_Example_wjb_NSE/Rolling_result/20100722/BJP_forecast/ens_46/wjb.rain.20100724.asc
ncols            288
nrows            254
xllcorner        113.274861
yllcorner        31.4918055
cellsize         0.008333333333
NODATA_value     -9999
[rows 40 to 59 of 254, columns 45 to 89 of 288]
0.19885694240805024 0.19981713750229252 0.2007773325965348 0.20173752769077707 0.20269772278501935 0.20365791787926163 0.208542869488191 0.21762347452051384 0.2267040795528212 0.23578468458512855 0.2448652896174359 0.25394589464974326 0.2630264996820506 0.27210710471435795 0.2811877097466653 0.29026831477897264 0.29934891981128 0.3084295248435873 0.3241371573393788 0.346929231994395 0.3697213066494501 0.3925133813044662 0.41530545595948243 0.43809753061449863 0.46088960526951483 0.48368167992453104 0.5064737545795472 0.5292658292345633 0.5520579038895795 0.5748499785445957 0.5731781513693092 0.5453538600923624 0.5175295688154157 0.4897052775384214 0.46188098626147467 0.43405669498452787 0.40623240370758107 0.3784081124306343 0.3505838211536875 0.3227595298767407 0.294935238599794 0.2671109473228472 0.25527489009632703 0.26053061654174525 0.26578634298716347
0.2018431490148059 0.20273065107255436 0.20361815313030282 0.20450565518805128 0.20539315724579973 0.2062806593035482 0.21044684982458822 0.218118032419346 0.2257892150140907 0.23346039760883538 0.24113158020358008 0.24880276279832478 0.25647394539306945 0.26414512798781414 0.27181631058255884 0.27948749317730354 0.28715867577204823 0.29482985836679293 0.3092809131469424 0.3309798045490309 0.3526786959511564 0.37437758735324494 0.39607647875533347 0.417775370157422 0.4394742615595105 0.461173152961599 0.4828720443636876 0.504570935765776 0.5262698271678646 0.5479687185699531 0.5473974465693731 0.5230188664391893 0.49864028630900536 0.47426170617877994 0.44988312604859604 0.4255045459184122 0.40112596578822834 0.37674738565804444 0.35236880552786065 0.32799022539767675 0.3036116452674929 0.27923306513730906 0.26848343290457233 0.2723034541060166 0.27612347530746084
0.20482935562156154 0.20564416464281618 0.20645897366407082 0.20727378268532545 0.2080885917065801 0.20890340072783475 0.2123508301609854 0.21861259031817812 0.22487435047536017 0.23113611063254222 0.23739787078972424 0.2436596309469063 0.24992139110408834 0.2561831512612704 0.2624449114184524 0.26870667157563444 0.2749684317328165 0.28123019188999854 0.2944246689545059 0.31503037710366677 0.33563608525286276 0.3562417934020236 0.37684750155118446 0.3974532097003453 0.4180589178495061 0.43866462599866696 0.4592703341478278 0.47987604229698866 0.5004817504461495 0.5210874585953104 0.5216167417694368 0.5006838727860159 0.479751003802595 0.45881813481913836 0.4378852658357174 0.41695239685229646 0.39601952786887556 0.3750866588854546 0.3541537899020337 0.3332209209186128 0.3122880519351918 0.2913551829517709 0.2816919757128177 0.284076291670288 0.28646060762775827
0.2078155622283172 0.20855767821307802 0.20929979419783884 0.21004191018259966 0.21078402616736044 0.21152614215212126 0.21425481049738257 0.21910714821701024 0.22395948593662962 0.22881182365624902 0.2336641613758684 0.2385164990954878 0.24336883681510718 0.24822117453472659 0.253073512254346 0.25792584997396534 0.26277818769358474 0.26763052541320415 0.2795684247620695 0.2990809496583027 0.3185934745545691 0.33810599945080233 0.35761852434703545 0.3771310492432687 0.3966435741395018 0.416156099035735 0.4356686239319682 0.4551811488282014 0.47469367372443455 0.4942061986206677 0.49583603696950074 0.4783488791328427 0.4608617212961847 0.44337456345949683 0.42588740562283883 0.4084002477861808 0.3909130899495228 0.3734259321128648 0.35593877427620674 0.3384516164395487 0.3209644586028907 0.3034773007662327 0.29490051852106297 0.2958491292345593 0.2967977399480557
0.21080176883507284 0.21147119178333984 0.21214061473160684 0.21281003767987383 0.21347946062814083 0.21414888357640782 0.21615879083377976 0.21960170611584237 0.2230446213978991 0.22648753667995586 0.2299304519620126 0.23337336724406932 0.23681628252612605 0.24025919780818278 0.24370211309023954 0.24714502837229627 0.250587943654353 0.25403085893640975 0.264712180569633 0.2831315222129386 0.3015508638562755 0.319970205499581 0.3383895471428865 0.356808888786192 0.37522823042949754 0.39364757207280304 0.4120669137161086 0.4304862553594141 0.4489055970027196 0.4673249386460251 0.4700553321695646 0.4560138854796695 0.4419724387897744 0.42793099209985536 0.41388954540996026 0.3998480987200651 0.38580665203017006 0.3717652053402749 0.3577237586503798 0.3436823119604847 0.3296408652705896 0.3155994185806945 0.30810906132930826 0.3076219667988307 0.30713487226835307
0.2137879754418285 0.21438470535360168 0.21498143526537486 0.21557816517714803 0.2161748950889212 0.21677162500069438 0.21806277117017697 0.22009626401467453 0.2221297568591686 0.2241632497036627 0.22619674254815678 0.22823023539265086 0.23026372823714494 0.23229722108163903 0.2343307139261331 0.2363642067706272 0.23839769961512128 0.24043119245961536 0.24985593637719664 0.2671820947675745 0.2845082531579819 0.3018344115483597 0.31916056993873754 0.3364867283291154 0.35381288671949324 0.37113904510987106 0.38846520350024893 0.40579136189062676 0.4231175202810046 0.44044367867138245 0.44427462736962847 0.43367889182649627 0.4230831562833641 0.41248742074021383 0.4018916851970817 0.3912959496539495 0.3807002141108173 0.37010447856768514 0.35950874302455293 0.34891300748142073 0.33831727193828853 0.32772153639515633 0.3213176041375536 0.319394804363102 0.3174720045886505
0.21677418204858667 0.21729821892386597 0.21782225579914527 0.21834629267442457 0.21887032954970387 0.21939436642498317 0.21996675150657577 0.22059082191350707 0.2212148923204373 0.22183896272736753 0.22246303313429777 0.223087103541228 0.22371117394815823 0.22433524435508848 0.2249593147620187 0.22558338516894894 0.22620745557587918 0.2268315259828094 0.23499969218474756 0.2512326673221968 0.2674656424596737 0.28369861759712295 0.29993159273457215 0.3161645678720214 0.3323975430094706 0.34863051814691987 0.36486349328436907 0.3810964684218183 0.3973294435592676 0.4135624186967168 0.4184939225696703 0.41134389817330397 0.40419387377693766 0.39704384938055914 0.3898938249841928 0.3827438005878265 0.3755937761914601 0.3684437517950938 0.36129372739872745 0.35414370300236114 0.34699367860599484 0.3398436542096285 0.3345261469458102 0.3311676419273834 0.32780913690895663
0.21976038865534234 0.22021173249412782 0.2206630763329133 0.22111442017169877 0.22156576401048425 0.22201710784926973 0.22187073184297296 0.2210853798123392 0.2203000277817068 0.21951467575107436 0.21872932372044193 0.21794397168980953 0.2171586196591771 0.21637326762854467 0.21558791559791227 0.21480256356727984 0.2140172115366474 0.213231859506015 0.22014344799231111 0.2352832398768327 0.25042303176138003 0.2655628236459016 0.2807026155304232 0.2958424074149447 0.3109821992994663 0.3261219911839879 0.3412617830685094 0.35640157495303104 0.37154136683755257 0.3866811587220741 0.39271321776973417 0.38900890452013076 0.38530459127052735 0.3816002780209176 0.3778959647713142 0.3741916515217108 0.3704873382721074 0.366783025022504 0.3630787117729006 0.35937439852329717 0.35567008527369376 0.35196577202409035 0.3477346897540555 0.3429404794916548 0.33814626922925406
0.222746595262098 0.22312524606438966 0.22350389686668132 0.22388254766897298 0.22426119847126463 0.2246398492735563 0.22377471217937017 0.22157993771117135 0.21938516324297627 0.2171903887747812 0.21499561430658612 0.21280083983839104 0.21060606537019597 0.2084112909020009 0.2062165164338058 0.20402174196561074 0.20182696749741566 0.19963219302922058 0.20528720379987467 0.21933381243146857 0.2333804210630864 0.2474270296946803 0.2614736383262742 0.2755202469578681 0.289566855589462 0.30361346422105584 0.31766007285264974 0.33170668148424365 0.34575329011583755 0.35979989874743146 0.366932512969798 0.3666739108669575 0.36641530876411704 0.3661567066612761 0.3658981045584356 0.3656395024555951 0.3653809003527546 0.3651222982499141 0.36486369614707365 0.36460509404423314 0.3643464919413927 0.36408788983855217 0.3609432325623008 0.3547133170559261 0.3484834015495515
0.2255062656976398 0.22622748827121777 0.22694871084479573 0.22766993341837372 0.2283911559919517 0.22911237856552966 0.22786020140253013 0.2244984153174222 0.22113662923232003 0.21777484314721784 0.21441305706211564 0.21105127097701346 0.20768948489191125 0.20432769880680907 0.20096591272170689 0.19760412663660468 0.1942423405515025 0.1908805544664003 0.19560867616959768 0.20898509216695182 0.22236150816432876 0.23573792416168288 0.249114340159037 0.2624907561563911 0.27586717215374523 0.2892435881510994 0.3026200041484535 0.31599642014580764 0.32937283614316176 0.3427492521405159 0.3506069710568501 0.3525650780347267 0.3545231850126032 0.3564812919904831 0.3584393989683597 0.36039750594623626 0.3623556129241128 0.36431371990198935 0.3662718268798659 0.3682299338577425 0.370188040835619 0.3721461478134956 0.36952545873128767 0.3620099331405537 0.3544944075498197
0.2280237832503739 0.22953146949026645 0.23103915573015904 0.23254684197005163 0.23405452820994418 0.23556221444983677 0.2342775860707742 0.2300079102508438 0.22573823443092067 0.22146855861099757 0.21719888279107444 0.21292920697115134 0.2086595311512282 0.2043898553313051 0.20012017951138197 0.19585050369145884 0.19158082787153574 0.18731115205161264 0.19146480106377256 0.20462317472662525 0.21778154838950037 0.23093992205235309 0.24409829571520575 0.25725666937805847 0.27041504304091113 0.28357341670376385 0.29673179036661657 0.30989016402946923 0.3230485376923219 0.33620691135517466 0.34438840207556615 0.347249492420182 0.35011058276479784 0.35297167310941857 0.3558327634540345 0.3586938537986503 0.36155494414326617 0.364416034487882 0.3672771248324979 0.37013821517711376 0.3729993055217296 0.37586039586634545 0.3731624441249266 0.36452175071122334 0.35588105729752
0.23054130080310797 0.23283545070931516 0.23512960061552238 0.23742375052172957 0.23971790042793675 0.24201205033414394 0.2406949707390183 0.23551740518426542 0.23033983962952137 0.22516227407477732 0.21998470852003327 0.21480714296528922 0.20962957741054516 0.20445201185580114 0.19927444630105706 0.19409688074631304 0.188919315191569 0.18374174963682494 0.1873209259579474 0.20026125728629865 0.21320158861467198 0.22614191994302324 0.2390822512713745 0.25202258259972576 0.264962913928077 0.2779032452564283 0.29084357658477955 0.3037839079131308 0.3167242392414821 0.32966457056983334 0.3381698330942821 0.3419339068056373 0.34569798051699246 0.349462054228354 0.3532261279397092 0.3569902016510644 0.36075427536241955 0.36451834907377473 0.36828242278512985 0.372046496496485 0.3758105702078402 0.3795746439191954 0.37679942951856554 0.36703356828189293 0.3572677070452203
0.23305881835584205 0.23613943192836387 0.23922004550088566 0.24230065907340745 0.24538127264592924 0.24846188621845106 0.24711235540726237 0.24102690011768702 0.23494144482812201 0.22885598953855704 0.22277053424899207 0.2166850789594271 0.21059962366986212 0.20451416838029715 0.19842871309073218 0.1923432578011672 0.18625780251160223 0.18017234722203726 0.18317705085212227 0.19589933984597208 0.20862162883984361 0.22134391783369345 0.23406620682754326 0.2467884958213931 0.2595107848152429 0.27223307380909273 0.28495536280294254 0.2976776517967924 0.31039994079064226 0.323122229784492 0.33195126411299813 0.3366183211910926 0.3412853782691871 0.3459524353472895 0.350619492425384 0.35528654950347843 0.35995360658157294 0.3646206636596674 0.36928772073776184 0.3739547778158563 0.3786218348939508 0.38328889197204524 0.3804364149122045 0.3695453858525626 0.3586543567929206
0.2355763359085783 0.23944341314741538 0.24331049038625246 0.24717756762508952 0.25104464486392664 0.2549117221027637 0.25352974007551193 0.24653639505111333 0.23954305002672663 0.23254970500233996 0.22555635997795329 0.21856301495356661 0.21156966992917992 0.20457632490479324 0.19758297988040657 0.19058963485601987 0.18359628983163323 0.17660294480724653 0.1790331757462936 0.1915374224056418 0.20404166906501134 0.21654591572435955 0.22905016238370773 0.24155440904305597 0.25405865570240416 0.2665629023617524 0.2790671490211006 0.29157139568044876 0.304075642339797 0.31657988899914524 0.3257326951317088 0.3313027355765434 0.33687277602137794 0.342442816466222 0.3480128569110565 0.35358289735589105 0.3591529378007256 0.3647229782455601 0.37029301869039466 0.3758630591352292 0.3814330995800638 0.3870031400248983 0.38407340030584647 0.3720572034232343 0.3600410065406221
0.23809385346131237 0.24274739436646406 0.24740093527161575 0.25205447617676746 0.2567080170819191 0.2613615579870708 0.259947124743756 0.2520458899845349 0.2441446552253273 0.23624342046611968 0.2283421857069121 0.22044095094770447 0.21253971618849687 0.20463848142928925 0.19673724667008166 0.18883601191087407 0.18093477715166645 0.17303354239245883 0.17488930064046843 0.1871755049653152 0.19946170929018295 0.2117479136150297 0.2240341179398765 0.23632032226472327 0.24860652658957005 0.26089273091441684 0.2731789352392636 0.28546513956411035 0.29775134388895713 0.3100375482138039 0.31951412615042485 0.3259871499619987 0.3324601737735725 0.3389331975851574 0.34540622139673127 0.3518792452083051 0.35835226901987893 0.36482529283145276 0.3712983166430266 0.3777713404546005 0.38424436426617425 0.39071738807774814 0.38771038569948535 0.3745690209939039 0.3614276562883224
0.24061137101404648 0.24605137558551277 0.251491380156979 0.25693138472844534 0.2623713892999116 0.2678113938713779 0.266364509412 0.2575553849179565 0.24874626042392795 0.2399371359298994 0.2311280114358709 0.22231888694184235 0.21350976244781383 0.2047006379537853 0.19589151345975675 0.18708238896572824 0.17827326447169972 0.16946413997767118 0.1707454255346433 0.18281358752498864 0.19488174951535456 0.2069499115056999 0.21901807349604524 0.23108623548639057 0.24315439747673592 0.2552225594670813 0.2672907214574266 0.27935888344777193 0.29142704543811726 0.3034952074284626 0.31329555716914087 0.32067156434745403 0.32804757152576713 0.3354235787040929 0.342799585882406 0.35017559306071916 0.3575516002390323 0.3649276074173454 0.3723036145956586 0.37967962177397174 0.38705562895228485 0.394431636130598 0.3913473710931243 0.3770808385645735 0.3628143060360227
0.24312888856678055 0.24935535680456145 0.25558182504234234 0.2618082932801232 0.2680347615179041 0.274261229755685 0.27278189408024406 0.26306487985137805 0.2533478656225286 0.24363085139367915 0.2339138371648297 0.22419682293598023 0.2144798087071308 0.20476279447828133 0.19504578024943187 0.1853287660205824 0.17561175179173294 0.16589473756288348 0.16660155042881816 0.17845167008466206 0.1903017897405262 0.2021519093963701 0.214002029052214 0.22585214870805792 0.23770226836390182 0.24955238801974572 0.26140250767558965 0.2732526273314335 0.28510274698727744 0.29695286664312137 0.3070769881878569 0.3153559787329093 0.32363496927796176 0.33191395982302835 0.3401929503680808 0.3484719409131332 0.35675093145818565 0.36502992200323814 0.3733089125482906 0.381587903093343 0.38986689363839544 0.3981458841834479 0.3949843564867632 0.3795926561352431 0.364200955783723
0.24564640611951466 0.2526593380236102 0.25967226992770565 0.26668520183180117 0.2736981337358967 0.28071106563999215 0.2791992787484882 0.2685743747847997 0.2579494708211293 0.2473245668574589 0.23669966289378852 0.22607475893011814 0.21544985496644775 0.20482495100277737 0.19420004703910695 0.18357514307543657 0.17295023911176619 0.16232533514809577 0.16245767532299302 0.1740897526443355 0.1857218299656978 0.19735390728704028 0.20898598460838275 0.22061806192972522 0.2322501392510677 0.24388221657241016 0.25551429389375263 0.2671463712150951 0.2787784485364376 0.29041052585778004 0.30085841920657286 0.3100403931183646 0.3192223670301564 0.3284043409419638 0.3375863148537555 0.3467682887655473 0.35595026267733904 0.3651322365891308 0.3743142105009225 0.38349618441271427 0.39267815832450603 0.4018601322362978 0.39862134188040216 0.3821044737059127 0.3655876055314233
0.24816392367224874 0.25596331924265886 0.26376271481306895 0.27156211038347905 0.2793615059538892 0.2871609015242993 0.28561666341673225 0.27408386971822124 0.26255107601972993 0.25101828232123863 0.23948548862274732 0.22795269492425602 0.21641990122576468 0.20488710752727338 0.19335431382878204 0.18182152013029074 0.17028872643179943 0.15875593273330812 0.15831380021716787 0.16972783520400891 0.18114187019086941 0.19255590517771046 0.2039699401645515 0.21538397515139251 0.22679801013823359 0.2382120451250746 0.24962608011191567 0.2610401150987567 0.2724541500855977 0.2838681850724388 0.2946398502252889 0.3047248075038199 0.314809764782351 0.32489472206089925 0.3349796793394303 0.34506463661796133 0.35514959389649237 0.36523455117502346 0.3753195084535545 0.38540446573208553 0.3954894230106166 0.40557438028914766 0.4022583272740411 0.38461629127658237 0.3669742552791236
0.2506814412249849 0.2592673004617103 0.2678531596984357 0.2764390189351611 0.2850248781718865 0.2936107374086119 0.29203404808498173 0.2795933646516475 0.2671526812183345 0.2547119977850215 0.24227131435170848 0.22983063091839548 0.21738994748508247 0.20494926405176944 0.19250858061845644 0.18006789718514343 0.16762721375183043 0.1551865303185174 0.1541699251113392 0.16536591776367862 0.17656191041603714 0.18775790306837656 0.19895389572071598 0.2101498883730554 0.22134588102539482 0.23254187367773424 0.24373786633007366 0.25493385898241305 0.2661298516347525 0.27732584428709195 0.28842128124399957 0.2994092218892707 0.31039716253454186 0.3213851031798317 0.3323730438251028 0.34336098447037394 0.3543489251156451 0.3653368657609162 0.3763248064061873 0.38731274705145846 0.39830068769672955 0.4092886283420007 0.4058953126676831 0.38712810884725407 0.36836090502682506
