Figures/CREST_Example_wjb_NSE/Rolling_result/20100722/BJP_forecast/ens_46/wjb.rain.20100228.asc
ncols            288
nrows            254
xllcorner        113.274861
yllcorner        31.4918055
cellsize         0.008333333333
NODATA_value     -9999
[rows 200 to 219 of 254, columns 220 to 263 of 288]
2.4265624815069695 2.4233544974923364 2.4201465134777087 2.416938529463081 2.4137305454484532 2.4105225614338255 2.4073145774191977 2.40410659340457 2.4008986093899423 2.397690625375315 2.3944826413606872 2.392825140150363 2.392825140150363 2.392825140150363 2.392825140150363 2.392825140150363 2.392825140150363 2.392825140150363 2.392825140150363 2.392825140150363 2.392825140150363 2.392825140150363 2.392825140150363 2.3472074904558315 2.2528235406668786 2.158439590877926 2.0640556410889737 1.96967169129986 1.8752877415109073 1.7809037917219546 1.686519841933002 -9999.0 -9999.0 -9999.0 -9999.0 -9999.0 -9999.0 -9999.0 -9999.0 -9999.0 -9999.0 -9999.0 -9999.0 -9999.0
2.360535321750586 2.357161149082097 2.353786976413614 2.3504128037451304 2.3470386310766473 2.343664458408164 2.340290285739681 2.3369161130711973 2.3335419404027142 2.330167767734231 2.3267935950657477 2.325050227500214 2.325050227500214 2.325050227500214 2.325050227500214 2.325050227500214 2.325050227500214 2.325050227500214 2.325050227500214 2.325050227500214 2.325050227500214 2.325050227500214 2.325050227500214 2.279479992614219 2.18519414513738 2.0909082976605404 1.9966224501837009 1.9023366027067008 1.8080507552298615 1.713764907753022 -9999.0 -9999.0 -9999.0 -9999.0 -9999.0 -9999.0 -9999.0 -9999.0 -9999.0 -9999.0 -9999.0 -9999.0 -9999.0 -9999.0
2.294508161994203 2.290967800671858 2.287427439349519 2.2838870780271803 2.2803467167048415 2.2768063553825026 2.2732659940601643 2.2697256327378255 2.2661852714154866 2.262644910093148 2.259104548770809 2.257275314850065 2.257275314850065 2.257275314850065 2.257275314850065 2.257275314850065 2.257275314850065 2.257275314850065 2.257275314850065 2.257275314850065 2.257275314850065 2.257275314850065 2.257275314850065 2.2117524947726075 2.1175647496078813 2.023377004443155 1.9291892592784288 1.835001514113542 1.740813768948816 1.6466260237840897 -9999.0 -9999.0 -9999.0 -9999.0 -9999.0 -9999.0 -9999.0 -9999.0 -9999.0 -9999.0 -9999.0 -9999.0 -9999.0 -9999.0
2.2284810022378196 2.224774452261619 2.2210679022854247 2.21736135230923 2.213654802333036 2.2099482523568414 2.206241702380647 2.2025351524044527 2.198828602428258 2.195122052452064 2.1914155024758695 2.189500402199916 2.189500402199916 2.189500402199916 2.189500402199916 2.189500402199916 2.189500402199916 2.189500402199916 2.189500402199916 2.189500402199916 2.189500402199916 2.189500402199916 2.189500402199916 2.144024996930995 2.0499353540783822 1.9558457112257692 1.8617560683731562 1.7676664255203831 1.67357678266777 1.579487139815157 1.4853974969625443 -9999.0 -9999.0 -9999.0 -9999.0 -9999.0 -9999.0 -9999.0 -9999.0 -9999.0 -9999.0 -9999.0 -9999.0 -9999.0
2.1624538424814084 2.158581103851352 2.154708365221302 2.1508356265912516 2.1469628879612017 2.143090149331152 2.1392174107011015 2.1353446720710516 2.1314719334410013 2.1275991948109514 2.1237264561809015 2.1217254895497377 2.1217254895497377 2.1217254895497377 2.1217254895497377 2.1217254895497377 2.1217254895497377 2.1217254895497377 2.1217254895497377 2.1217254895497377 2.1217254895497377 2.1217254895497377 2.1217254895497377 2.076297499089354 1.9823059585488543 1.8883144180083546 1.794322877467855 1.700331336927195 1.6063397963866954 1.5123482558461958 -9999.0 -9999.0 -9999.0 -9999.0 -9999.0 -9999.0 -9999.0 -9999.0 -9999.0 -9999.0 -9999.0 -9999.0 -9999.0 -9999.0
2.128340250251023 2.124381648591391 2.1204230469317653 2.1164644452721397 2.1125058436125146 2.108547241952889 2.1045886402932634 2.100630038633638 2.0966714369740123 2.0927128353143867 2.0887542336547615 2.086708903312683 2.086708903312683 2.086708903312683 2.086708903312683 2.086708903312683 2.086708903312683 2.086708903312683 2.086708903312683 2.086708903312683 2.086708903312683 2.086708903312683 2.086708903312683 2.041305410187185 1.9473645551870697 1.8534237001869545 1.759482845186839 1.6655419901865633 1.571601135186448 -9999.0 -9999.0 -9999.0 -9999.0 -9999.0 -9999.0 -9999.0 -9999.0 -9999.0 -9999.0 -9999.0 -9999.0 -9999.0 -9999.0 -9999.0
2.128340250251023 2.124381648591391 2.1204230469317653 2.1164644452721397 2.1125058436125146 2.108547241952889 2.1045886402932634 2.100630038633638 2.0966714369740123 2.0927128353143867 2.0887542336547615 2.086708903312683 2.086708903312683 2.086708903312683 2.086708903312683 2.086708903312683 2.086708903312683 2.086708903312683 2.086708903312683 2.086708903312683 2.086708903312683 2.086708903312683 2.086708903312683 2.041305410187185 1.9473645551870697 1.8534237001869545 1.759482845186839 -9999.0 -9999.0 -9999.0 -9999.0 -9999.0 -9999.0 -9999.0 -9999.0 -9999.0 -9999.0 -9999.0 -9999.0 -9999.0 -9999.0 -9999.0 -9999.0 -9999.0
2.128340250251023 2.124381648591391 2.1204230469317653 2.1164644452721397 2.1125058436125146 2.108547241952889 2.1045886402932634 2.100630038633638 2.0966714369740123 2.0927128353143867 2.0887542336547615 2.086708903312683 2.086708903312683 2.086708903312683 2.086708903312683 2.086708903312683 2.086708903312683 2.086708903312683 2.086708903312683 2.086708903312683 2.086708903312683 2.086708903312683 2.086708903312683 2.041305410187185 1.9473645551870697 1.8534237001869545 -9999.0 -9999.0 -9999.0 -9999.0 -9999.0 -9999.0 -9999.0 -9999.0 -9999.0 -9999.0 -9999.0 -9999.0 -9999.0 -9999.0 -9999.0 -9999.0 -9999.0 -9999.0
2.128340250251023 2.124381648591391 2.1204230469317653 2.1164644452721397 2.1125058436125146 2.108547241952889 2.1045886402932634 2.100630038633638 2.0966714369740123 2.0927128353143867 2.0887542336547615 2.086708903312683 2.086708903312683 2.086708903312683 2.086708903312683 2.086708903312683 2.086708903312683 2.086708903312683 2.086708903312683 2.086708903312683 2.086708903312683 2.086708903312683 2.086708903312683 2.041305410187185 1.9473645551870697 1.8534237001869545 -9999.0 -9999.0 -9999.0 -9999.0 -9999.0 -9999.0 -9999.0 -9999.0 -9999.0 -9999.0 -9999.0 -9999.0 -9999.0 -9999.0 -9999.0 -9999.0 -9999.0 -9999.0
2.128340250251023 2.124381648591391 2.1204230469317653 2.1164644452721397 2.1125058436125146 2.108547241952889 2.1045886402932634 2.100630038633638 2.0966714369740123 2.0927128353143867 2.0887542336547615 2.086708903312683 2.086708903312683 2.086708903312683 2.086708903312683 2.086708903312683 2.086708903312683 2.086708903312683 2.086708903312683 2.086708903312683 2.086708903312683 2.086708903312683 2.086708903312683 2.041305410187185 1.9473645551870697 1.8534237001869545 1.759482845186839 -9999.0 -9999.0 -9999.0 -9999.0 -9999.0 -9999.0 -9999.0 -9999.0 -9999.0 -9999.0 -9999.0 -9999.0 -9999.0 -9999.0 -9999.0 -9999.0 -9999.0
2.128340250251023 2.124381648591391 2.1204230469317653 2.1164644452721397 2.1125058436125146 2.108547241952889 2.1045886402932634 2.100630038633638 2.0966714369740123 2.0927128353143867 2.0887542336547615 2.086708903312683 2.086708903312683 2.086708903312683 2.086708903312683 2.086708903312683 2.086708903312683 2.086708903312683 2.086708903312683 2.086708903312683 2.086708903312683 2.086708903312683 2.086708903312683 2.041305410187185 1.9473645551870697 1.8534237001869545 1.759482845186839 -9999.0 -9999.0 -9999.0 -9999.0 -9999.0 -9999.0 -9999.0 -9999.0 -9999.0 -9999.0 -9999.0 -9999.0 -9999.0 -9999.0 -9999.0 -9999.0 -9999.0
2.128340250251023 2.124381648591391 2.1204230469317653 2.1164644452721397 2.1125058436125146 2.108547241952889 2.1045886402932634 2.100630038633638 2.0966714369740123 2.0927128353143867 2.0887542336547615 2.086708903312683 2.086708903312683 2.086708903312683 2.086708903312683 2.086708903312683 2.086708903312683 2.086708903312683 2.086708903312683 2.086708903312683 2.086708903312683 2.086708903312683 2.086708903312683 2.041305410187185 1.9473645551870697 -9999.0 -9999.0 -9999.0 -9999.0 -9999.0 -9999.0 -9999.0 -9999.0 -9999.0 -9999.0 -9999.0 -9999.0 -9999.0 -9999.0 -9999.0 -9999.0 -9999.0 -9999.0 -9999.0
2.128340250251023 2.124381648591391 2.1204230469317653 2.1164644452721397 2.1125058436125146 2.108547241952889 2.1045886402932634 2.100630038633638 2.0966714369740123 2.0927128353143867 2.0887542336547615 2.086708903312683 2.086708903312683 2.086708903312683 2.086708903312683 2.086708903312683 2.086708903312683 2.086708903312683 2.086708903312683 2.086708903312683 2.086708903312683 2.086708903312683 2.086708903312683 2.041305410187185 -9999.0 -9999.0 -9999.0 -9999.0 -9999.0 -9999.0 -9999.0 -9999.0 -9999.0 -9999.0 -9999.0 -9999.0 -9999.0 -9999.0 -9999.0 -9999.0 -9999.0 -9999.0 -9999.0 -9999.0
2.128340250251023 2.124381648591391 2.1204230469317653 2.1164644452721397 2.1125058436125146 2.108547241952889 2.1045886402932634 2.100630038633638 2.0966714369740123 2.0927128353143867 2.0887542336547615 2.086708903312683 2.086708903312683 2.086708903312683 2.086708903312683 2.086708903312683 2.086708903312683 2.086708903312683 2.086708903312683 2.086708903312683 2.086708903312683 2.086708903312683 -9999.0 -9999.0 -9999.0 -9999.0 -9999.0 -9999.0 -9999.0 -9999.0 -9999.0 -9999.0 -9999.0 -9999.0 -9999.0 -9999.0 -9999.0 -9999.0 -9999.0 -9999.0 -9999.0 -9999.0 -9999.0 -9999.0
2.128340250251023 2.124381648591391 2.1204230469317653 2.1164644452721397 2.1125058436125146 2.108547241952889 2.1045886402932634 2.100630038633638 2.0966714369740123 2.0927128353143867 2.0887542336547615 2.086708903312683 2.086708903312683 2.086708903312683 2.086708903312683 2.086708903312683 2.086708903312683 2.086708903312683 2.086708903312683 2.086708903312683 2.086708903312683 -9999.0 -9999.0 -9999.0 -9999.0 -9999.0 -9999.0 -9999.0 -9999.0 -9999.0 -9999.0 -9999.0 -9999.0 -9999.0 -9999.0 -9999.0 -9999.0 -9999.0 -9999.0 -9999.0 -9999.0 -9999.0 -9999.0 -9999.0
2.128340250251023 2.124381648591391 2.1204230469317653 2.1164644452721397 2.1125058436125146 2.108547241952889 2.1045886402932634 2.100630038633638 2.0966714369740123 2.0927128353143867 2.0887542336547615 2.086708903312683 2.086708903312683 2.086708903312683 2.086708903312683 2.086708903312683 2.086708903312683 2.086708903312683 2.086708903312683 -9999.0 -9999.0 -9999.0 -9999.0 -9999.0 -9999.0 -9999.0 -9999.0 -9999.0 -9999.0 -9999.0 -9999.0 -9999.0 -9999.0 -9999.0 -9999.0 -9999.0 -9999.0 -9999.0 -9999.0 -9999.0 -9999.0 -9999.0 -9999.0 -9999.0
2.128340250251023 2.124381648591391 2.1204230469317653 2.1164644452721397 2.1125058436125146 2.108547241952889 2.1045886402932634 2.100630038633638 2.0966714369740123 2.0927128353143867 2.0887542336547615 2.086708903312683 2.086708903312683 2.086708903312683 2.086708903312683 2.086708903312683 2.086708903312683 2.086708903312683 -9999.0 -9999.0 -9999.0 -9999.0 -9999.0 -9999.0 -9999.0 -9999.0 -9999.0 -9999.0 -9999.0 -9999.0 -9999.0 -9999.0 -9999.0 -9999.0 -9999.0 -9999.0 -9999.0 -9999.0 -9999.0 -9999.0 -9999.0 -9999.0 -9999.0 -9999.0
2.118082020817054 2.1160685556665544 2.1140550905160578 2.112041625365561 2.1100281602150646 2.108014695064568 2.1060012299140713 2.103987764763575 2.1019742996130786 2.099960834462582 2.0979473693120854 2.0969070521195197 2.0969070521195197 2.0969070521195197 2.0969070521195197 2.0969070521195197 2.0969070521195197 2.0969070521195197 -9999.0 -9999.0 -9999.0 -9999.0 -9999.0 -9999.0 -9999.0 -9999.0 -9999.0 -9999.0 -9999.0 -9999.0 -9999.0 -9999.0 -9999.0 -9999.0 -9999.0 -9999.0 -9999.0 -9999.0 -9999.0 -9999.0 -9999.0 -9999.0 -9999.0 -9999.0
2.096858390654909 2.098869290347333 2.1008801900397533 2.1028910897321733 2.1049019894245937 2.106912889117014 2.108923788809434 2.1109346885018545 2.112945588194275 2.1149564878866953 2.1169673875791153 2.1180063792507786 2.1180063792507786 2.1180063792507786 2.1180063792507786 2.1180063792507786 2.1180063792507786 2.1180063792507786 -9999.0 -9999.0 -9999.0 -9999.0 -9999.0 -9999.0 -9999.0 -9999.0 -9999.0 -9999.0 -9999.0 -9999.0 -9999.0 -9999.0 -9999.0 -9999.0 -9999.0 -9999.0 -9999.0 -9999.0 -9999.0 -9999.0 -9999.0 -9999.0 -9999.0 -9999.0
2.075634760492764 2.081670025028111 2.0877052895634485 2.0937405540987855 2.0997758186341224 2.10581108316946 2.111846347704797 2.117881612240134 2.1239168767754713 2.1299521413108082 2.1359874058461457 2.1391057063820376 2.1391057063820376 2.1391057063820376 2.1391057063820376 2.1391057063820376 2.1391057063820376 -9999.0 -9999.0 -9999.0 -9999.0 -9999.0 -9999.0 -9999.0 -9999.0 -9999.0 -9999.0 -9999.0 -9999.0 -9999.0 -9999.0 -9999.0 -9999.0 -9999.0 -9999.0 -9999.0 -9999.0 -9999.0 -9999.0 -9999.0 -9999.0 -9999.0 -9999.0 -9999.0
