Figures/CREST_Example_wjb_NSE/Rolling_result/20100722/BJP_forecast/ens_46/wjb.rain.20100726.asc
ncols            288
nrows            254
xllcorner        113.274861
yllcorner        31.4918055
cellsize         0.008333333333
NODATA_value     -9999
[rows 225 to 249 of 254, columns 168 to 223 of 288]
0.0 0.0 0.0 0.0 0.0 0.0 0.0 0.0 0.0 0.0 0.0 0.0 0.0 0.0 0.0 0.0053282574676150225 0.016352542720257626 0.02737682797290023 0.038401113225542835 0.04942539847818544 0.06044968373082804 0.07147396898347064 0.08249825423611325 0.09352253948875584 0.10454682474139845 0.11557110999404105 0.12659539524668365 0.12696316557471732 0.11593888032207314 0.10491459506942896 0.0938903098167848 0.08286602456414063 0.07184173931149646 0.06081745405885229 0.04979316880620811 0.03876888355356395 0.027744598300919784 0.016720313048275606 0.005696027795631442 0.0 0.0 0.0 0.0 0.0 0.0 0.0 0.0 0.0 0.0 0.0 0.0 0.0 0.0 0.0 0.0 0.0
0.0 0.0 0.0 0.0 0.0 0.0 0.0 0.0 0.0 0.0 0.0 0.0 0.0 0.0 0.0 0.005956342333562584 0.01828014938430873 0.030603956435054876 0.042927763485801025 0.05525157053654717 0.06757537758729332 0.07989918463803947 0.0922229916887856 0.10454679873953175 0.1168706057902779 0.12919441284102404 0.1415182198917702 0.14192934228726425 0.12960553523651636 0.11728172818576847 0.10495792113502057 0.09263411408427268 0.08031030703352478 0.06798649998277688 0.05566269293202898 0.04333888588128108 0.031015078830533185 0.0186912717797853 0.006367464729037403 0.0 0.0 0.0 0.0 0.0 0.0 0.0 0.0 0.0 0.0 0.0 0.0 0.0 0.0 0.0 0.0 0.0
0.0 0.0 0.0 0.0 0.0 0.0 0.0 0.0 0.0 0.0 0.0 0.0 0.0 0.0 0.0 0.006584427199509875 0.020207756048359005 0.03383108489720814 0.047454413746057265 0.0610777425949064 0.07470107144375553 0.08832440029260466 0.1019477291414538 0.11557105799030293 0.12919438683915205 0.1428177156880012 0.15644104453685032 0.1568955189998048 0.14327219015095372 0.12964886130210265 0.11602553245325159 0.10240220360440053 0.08877887475554945 0.07515554590669839 0.06153221705784731 0.04790888820899625 0.034285559360145185 0.020662230511294122 0.007038901662443031 0.0 0.0 0.0 0.0 0.0 0.0 0.0 0.0 0.0 0.0 0.0 0.0 0.0 0.0 0.0 0.0 0.0
0.0 0.0 0.0 0.0 0.0 0.0 0.0 0.0 0.0 0.0 0.0 0.0 0.0 0.0 0.0 0.007212512065457168 0.022135362712409287 0.03705821335936141 0.051981064006313527 0.06690391465326564 0.08182676530021776 0.09674961594716988 0.111672466594122 0.12659531724107412 0.14151816788802624 0.15644101853497835 0.17136386918193047 0.17186169571234536 0.1569388450653911 0.14201599441843687 0.12709314377148262 0.11217029312452839 0.09724744247757415 0.08232459183061991 0.06740174118366567 0.052478890536711426 0.0375560398897572 0.022633189242802942 0.007710338595848715 0.0 0.0 0.0 0.0 0.0 0.0 0.0 0.0 0.0 0.0 0.0 0.0 0.0 0.0 0.0 0.0 0.0
0.3074104489530899 0.3074104489530899 0.3074104489530899 0.3074104489530899 0.3074104489530899 0.3074104489530899 0.3074104489530899 0.3074104489530899 0.3074104489530899 0.3074104489530899 0.3074104489530899 0.3074104489530899 0.3074104489530899 0.3074104489530899 0.3074104489530899 0.3074104489530899 0.3074104489530899 0.3074104489530899 0.3074104489530899 0.3074104489530899 0.3074104489530899 0.3074104489530899 0.3074104489530899 0.3074104489530899 0.3074104489530899 0.3074104489530899 0.3074104489530899 0.17236036869050686 0.1573942179798361 0.14242806726916532 0.12746191655849454 0.11249576584782377 0.097529615137153 0.08256346442648221 0.06759731371581144 0.052631163005140674 0.03766501229446989 0.022698861583799107 0.007732710873128351 0.0 0.0 0.0 0.0 0.0 0.0 0.0 0.0 0.0 0.0 0.0 0.0 0.3074104489530899 0.3074104489530899 0.3074104489530899 0.3074104489530899 0.3074104489530899
0.3074104489530899 0.3074104489530899 0.3074104489530899 0.3074104489530899 0.3074104489530899 0.3074104489530899 0.3074104489530899 0.3074104489530899 0.3074104489530899 0.3074104489530899 0.3074104489530899 0.3074104489530899 0.3074104489530899 0.3074104489530899 0.3074104489530899 0.3074104489530899 0.3074104489530899 0.3074104489530899 0.3074104489530899 0.3074104489530899 0.3074104489530899 0.3074104489530899 0.3074104489530899 0.3074104489530899 0.3074104489530899 0.3074104489530899 0.3074104489530899 0.15739419197795942 0.14372756306539242 0.1300609341528254 0.1163943052402584 0.10272767632769139 0.0890610474151244 0.07539441850255739 0.06172778958999038 0.04806116067742339 0.03439453176485638 0.02072790285228937 0.007061273939722362 0.0 0.0 0.0 0.0 0.0 0.0 0.0 0.0 0.0 0.0 0.0 0.0 0.3074104489530899 0.3074104489530899 0.3074104489530899 0.3074104489530899 0.3074104489530899
0.3074104489530899 0.3074104489530899 0.3074104489530899 0.3074104489530899 0.3074104489530899 0.3074104489530899 0.3074104489530899 0.3074104489530899 0.3074104489530899 0.3074104489530899 0.3074104489530899 0.3074104489530899 0.3074104489530899 0.3074104489530899 0.3074104489530899 0.3074104489530899 0.3074104489530899 0.3074104489530899 0.3074104489530899 0.3074104489530899 0.3074104489530899 0.3074104489530899 0.3074104489530899 0.3074104489530899 0.3074104489530899 0.3074104489530899 0.3074104489530899 0.14242801526541832 0.13006090815095453 0.11769380103649076 0.10532669392202697 0.0929595868075632 0.0805924796930994 0.06822537257863562 0.05585826546417183 0.04349115834970804 0.03112405123524427 0.018756944120780467 0.0063898370063167065 0.0 0.0 0.0 0.0 0.0 0.0 0.0 0.0 0.0 0.0 0.0 0.0 0.3074104489530899 0.3074104489530899 0.3074104489530899 0.3074104489530899 0.3074104489530899
0.3074104489530899 0.3074104489530899 0.3074104489530899 0.3074104489530899 0.3074104489530899 0.3074104489530899 0.3074104489530899 0.3074104489530899 0.3074104489530899 0.3074104489530899 0.3074104489530899 0.3074104489530899 0.3074104489530899 0.3074104489530899 0.3074104489530899 0.3074104489530899 0.3074104489530899 0.3074104489530899 0.3074104489530899 0.3074104489530899 0.3074104489530899 0.3074104489530899 0.3074104489530899 0.3074104489530899 0.3074104489530899 0.3074104489530899 0.3074104489530899 0.12746183855287727 0.1163942532365167 0.10532666792015613 0.09425908260379556 0.083191497287435 0.07212391197107443 0.06105632665471386 0.04998874133835329 0.038921156021992726 0.027853570705632158 0.01678598538927159 0.005718400072911023 0.0 0.0 0.0 0.0 0.0 0.0 0.0 0.0 0.0 0.0 0.0 0.0 0.3074104489530899 0.3074104489530899 0.3074104489530899 0.3074104489530899 0.3074104489530899
0.3074104489530899 0.3074104489530899 0.3074104489530899 0.3074104489530899 0.3074104489530899 0.3074104489530899 0.3074104489530899 0.3074104489530899 0.3074104489530899 0.3074104489530899 0.3074104489530899 0.3074104489530899 0.3074104489530899 0.3074104489530899 0.3074104489530899 0.3074104489530899 0.3074104489530899 0.3074104489530899 0.3074104489530899 0.3074104489530899 0.3074104489530899 0.3074104489530899 0.3074104489530899 0.3074104489530899 0.3074104489530899 0.3074104489530899 0.3074104489530899 0.11249566184032979 0.102727598322073 0.0929595348038162 0.0831914712855594 0.0734234077673026 0.06365534424904581 0.05388728073078902 0.04411921721253223 0.03435115369427544 0.024583090176018646 0.014815026657761854 0.005046963139505048 0.0 0.0 0.0 0.0 0.0 0.0 0.0 0.0 0.0 0.0 0.0 0.0 0.3074104489530899 0.3074104489530899 0.3074104489530899 0.3074104489530899 0.3074104489530899
0.3074104489530899 0.3074104489530899 0.3074104489530899 0.3074104489530899 0.3074104489530899 0.3074104489530899 0.3074104489530899 0.3074104489530899 0.3074104489530899 0.3074104489530899 0.3074104489530899 0.3074104489530899 0.3074104489530899 0.3074104489530899 0.3074104489530899 0.3074104489530899 0.3074104489530899 0.3074104489530899 0.3074104489530899 0.3074104489530899 0.3074104489530899 0.3074104489530899 0.3074104489530899 0.3074104489530899 0.3074104489530899 0.3074104489530899 0.3074104489530899 0.09752948512778871 0.08906094340763514 0.08059240168748155 0.07212385996732798 0.06365531824717441 0.05518677652702083 0.04671823480686725 0.03824969308671368 0.029781151366560107 0.021312609646406522 0.01284406792625295 0.004375526206099378 0.0 0.0 0.0 0.0 0.0 0.0 0.0 0.0 0.0 0.0 0.0 0.0 0.3074104489530899 0.3074104489530899 0.3074104489530899 0.3074104489530899 0.3074104489530899
0.3074104489530899 0.3074104489530899 0.3074104489530899 0.3074104489530899 0.3074104489530899 0.3074104489530899 0.3074104489530899 0.3074104489530899 0.3074104489530899 0.3074104489530899 0.3074104489530899 0.3074104489530899 0.3074104489530899 0.3074104489530899 0.3074104489530899 0.3074104489530899 0.3074104489530899 0.3074104489530899 0.3074104489530899 0.3074104489530899 0.3074104489530899 0.3074104489530899 0.3074104489530899 0.3074104489530899 0.3074104489530899 0.3074104489530899 0.3074104489530899 0.08256330841524763 0.07539428849319728 0.06822526857114691 0.061056248649096555 0.053887228727046196 0.04671820880499584 0.03954918888294548 0.032380168960895114 0.025211149038844756 0.018042129116794398 0.010873109194744032 0.003704089272693681 0.0 0.0 0.0 0.0 0.0 0.0 0.0 0.0 0.0 0.0 0.0 0.0 0.3074104489530899 0.3074104489530899 0.3074104489530899 0.3074104489530899 0.3074104489530899
-9999.0 -9999.0 -9999.0 0.3074104489530899 0.3074104489530899 0.3074104489530899 0.3074104489530899 0.3074104489530899 0.3074104489530899 0.3074104489530899 0.3074104489530899 0.3074104489530899 0.3074104489530899 0.3074104489530899 0.3074104489530899 0.3074104489530899 0.3074104489530899 0.3074104489530899 0.3074104489530899 0.3074104489530899 0.3074104489530899 0.3074104489530899 0.3074104489530899 0.3074104489530899 0.3074104489530899 0.3074104489530899 0.3074104489530899 0.06759713170270017 0.06172763357875358 0.055858135454806994 0.049988637330860404 0.04411913920691382 0.03824964108296723 0.03238014295902064 0.02651064483507406 0.02064114671112747 0.014771648587180886 0.008902150463234296 0.003032652339287706 0.0 0.0 0.0 0.0 0.0 0.0 0.0 0.0 0.0 0.0 0.0 0.0 0.3074104489530899 0.3074104489530899 0.3074104489530899 0.3074104489530899 0.3074104489530899
-9999.0 -9999.0 -9999.0 0.3074104489530899 0.3074104489530899 0.3074104489530899 0.3074104489530899 0.3074104489530899 0.3074104489530899 0.3074104489530899 0.3074104489530899 0.3074104489530899 0.3074104489530899 0.3074104489530899 0.3074104489530899 0.3074104489530899 0.3074104489530899 0.3074104489530899 0.3074104489530899 0.3074104489530899 0.3074104489530899 0.3074104489530899 0.3074104489530899 0.3074104489530899 0.3074104489530899 0.3074104489530899 0.3074104489530899 0.05263095499015909 0.04806097866431572 0.04349100233847235 0.03892102601262898 0.03435104968678561 0.029781073360942243 0.025211097035098873 0.0206411207092555 0.01607114438341213 0.011501168057568761 0.006931191731725399 0.0023612154058820292 0.0 0.0 0.0 0.0 0.0 0.0 0.0 0.0 0.0 0.0 0.0 0.0 0.3074104489530899 0.3074104489530899 0.3074104489530899 0.3074104489530899 0.3074104489530899
-9999.0 -9999.0 -9999.0 -9999.0 0.3074104489530899 0.3074104489530899 0.3074104489530899 -9999.0 -9999.0 0.3074104489530899 0.3074104489530899 0.3074104489530899 0.3074104489530899 0.3074104489530899 0.3074104489530899 0.3074104489530899 0.3074104489530899 0.3074104489530899 0.3074104489530899 0.3074104489530899 0.3074104489530899 0.3074104489530899 0.3074104489530899 0.3074104489530899 0.3074104489530899 0.3074104489530899 0.3074104489530899 0.03766477827761801 0.03439432374987785 0.031123869222137703 0.027853414694397553 0.024582960166657404 0.02131250563891725 0.018042051111177102 0.01477159658343695 0.0115011420556968 0.008230687527956648 0.004960233000216495 0.0016897784724763457 0.0 0.0 0.0 0.0 0.0 0.0 0.0 0.0 0.0 0.0 0.0 0.0 0.3074104489530899 0.3074104489530899 0.3074104489530899 0.3074104489530899 0.3074104489530899
-9999.0 -9999.0 -9999.0 -9999.0 -9999.0 -9999.0 -9999.0 -9999.0 -9999.0 -9999.0 -9999.0 -9999.0 -9999.0 -9999.0 -9999.0 0.3074104489530899 0.3074104489530899 0.3074104489530899 0.3074104489530899 0.3074104489530899 0.3074104489530899 0.3074104489530899 0.3074104489530899 0.3074104489530899 0.3074104489530899 0.3074104489530899 0.3074104489530899 0.022698601565070545 0.020727668835434167 0.01875673610579779 0.01678580337616141 0.01481487064652503 0.012843937916888652 0.010873005187252274 0.008902072457615895 0.006931139727979516 0.004960206998343139 0.0029892742687067583 0.001018341539070381 0.0 0.0 0.0 0.0 0.0 0.0 0.0 0.0 0.0 0.0 0.0 0.0 0.3074104489530899 0.3074104489530899 0.3074104489530899 0.3074104489530899 0.3074104489530899
-9999.0 -9999.0 -9999.0 -9999.0 -9999.0 -9999.0 -9999.0 -9999.0 -9999.0 -9999.0 -9999.0 -9999.0 -9999.0 -9999.0 -9999.0 -9999.0 0.3074104489530899 0.3074104489530899 0.3074104489530899 0.3074104489530899 0.3074104489530899 0.3074104489530899 0.3074104489530899 0.3074104489530899 0.3074104489530899 0.3074104489530899 0.3074104489530899 0.007732424852529465 0.007061013920996305 0.0063896029894631445 0.005718192057929984 0.005046781126396824 0.0043753701948636625 0.003703959263330502 0.0030325483317973417 0.0023611374002641804 0.00168972646873102 0.0010183155371978597 0.00034690460566469926 0.0 0.0 0.0 0.0 0.0 0.0 0.0 0.0 0.0 0.0 0.0 0.0 0.3074104489530899 0.3074104489530899 0.3074104489530899 0.3074104489530899 0.3074104489530899
-9999.0 -9999.0 -9999.0 -9999.0 -9999.0 -9999.0 -9999.0 -9999.0 -9999.0 -9999.0 -9999.0 -9999.0 -9999.0 -9999.0 -9999.0 -9999.0 -9999.0 0.3074104489530899 0.3074104489530899 0.3074104489530899 0.3074104489530899 0.3074104489530899 0.3074104489530899 0.3074104489530899 0.3074104489530899 0.3074104489530899 0.3074104489530899 0.3074104489530899 0.3074104489530899 0.3074104489530899 0.3074104489530899 0.3074104489530899 0.3074104489530899 0.3074104489530899 0.3074104489530899 0.3074104489530899 0.3074104489530899 0.3074104489530899 0.3074104489530899 0.3074104489530899 0.3074104489530899 0.3074104489530899 0.3074104489530899 0.3074104489530899 0.3074104489530899 0.3074104489530899 0.3074104489530899 0.3074104489530899 0.3074104489530899 0.3074104489530899 0.3074104489530899 0.3074104489530899 0.3074104489530899 0.3074104489530899 0.3074104489530899 0.3074104489530899
-9999.0 -9999.0 -9999.0 -9999.0 -9999.0 -9999.0 -9999.0 -9999.0 -9999.0 -9999.0 -9999.0 -9999.0 -9999.0 -9999.0 -9999.0 -9999.0 -9999.0 0.3074104489530899 0.3074104489530899 0.3074104489530899 0.3074104489530899 0.3074104489530899 0.3074104489530899 0.3074104489530899 0.3074104489530899 0.3074104489530899 0.3074104489530899 0.3074104489530899 0.3074104489530899 0.3074104489530899 0.3074104489530899 0.3074104489530899 0.3074104489530899 0.3074104489530899 0.3074104489530899 0.3074104489530899 0.3074104489530899 0.3074104489530899 0.3074104489530899 0.3074104489530899 0.3074104489530899 0.3074104489530899 0.3074104489530899 0.3074104489530899 0.3074104489530899 0.3074104489530899 0.3074104489530899 0.3074104489530899 0.3074104489530899 0.3074104489530899 0.3074104489530899 0.3074104489530899 0.3074104489530899 0.3074104489530899 0.3074104489530899 0.3074104489530899
-9999.0 -9999.0 -9999.0 -9999.0 -9999.0 -9999.0 -9999.0 -9999.0 -9999.0 -9999.0 -9999.0 -9999.0 -9999.0 -9999.0 -9999.0 -9999.0 -9999.0 0.3074104489530899 0.3074104489530899 0.3074104489530899 0.3074104489530899 0.3074104489530899 0.3074104489530899 0.3074104489530899 0.3074104489530899 0.3074104489530899 0.3074104489530899 0.3074104489530899 0.3074104489530899 0.3074104489530899 0.3074104489530899 0.3074104489530899 0.3074104489530899 0.3074104489530899 0.3074104489530899 0.3074104489530899 0.3074104489530899 0.3074104489530899 0.3074104489530899 0.3074104489530899 0.3074104489530899 0.3074104489530899 0.3074104489530899 0.3074104489530899 0.3074104489530899 0.3074104489530899 0.3074104489530899 -9999.0 -9999.0 -9999.0 -9999.0 0.3074104489530899 0.3074104489530899 -9999.0 -9999.0 -9999.0
-9999.0 -9999.0 -9999.0 -9999.0 -9999.0 -9999.0 -9999.0 -9999.0 -9999.0 -9999.0 -9999.0 -9999.0 -9999.0 -9999.0 -9999.0 -9999.0 -9999.0 -9999.0 -9999.0 0.3074104489530899 0.3074104489530899 0.3074104489530899 0.3074104489530899 0.3074104489530899 0.3074104489530899 0.3074104489530899 0.3074104489530899 0.3074104489530899 0.3074104489530899 0.3074104489530899 0.3074104489530899 0.3074104489530899 0.3074104489530899 0.3074104489530899 0.3074104489530899 0.3074104489530899 0.3074104489530899 0.3074104489530899 0.3074104489530899 0.3074104489530899 0.3074104489530899 0.3074104489530899 0.3074104489530899 0.3074104489530899 0.3074104489530899 0.3074104489530899 0.3074104489530899 -9999.0 -9999.0 -9999.0 -9999.0 -9999.0 -9999.0 -9999.0 -9999.0 -9999.0
-9999.0 -9999.0 -9999.0 -9999.0 -9999.0 -9999.0 -9999.0 -9999.0 -9999.0 -9999.0 -9999.0 -9999.0 -9999.0 -9999.0 -9999.0 -9999.0 -9999.0 -9999.0 -9999.0 -9999.0 0.3074104489530899 0.3074104489530899 0.3074104489530899 0.3074104489530899 0.3074104489530899 0.3074104489530899 0.3074104489530899 0.3074104489530899 0.3074104489530899 0.3074104489530899 0.3074104489530899 0.3074104489530899 0.3074104489530899 0.3074104489530899 0.3074104489530899 0.3074104489530899 0.3074104489530899 0.3074104489530899 0.3074104489530899 0.3074104489530899 0.3074104489530899 0.3074104489530899 0.3074104489530899 0.3074104489530899 0.3074104489530899 0.3074104489530899 -9999.0 -9999.0 -9999.0 -9999.0 -9999.0 -9999.0 -9999.0 -9999.0 -9999.0 -9999.0
-9999.0 -9999.0 -9999.0 -9999.0 -9999.0 -9999.0 -9999.0 -9999.0 -9999.0 -9999.0 -9999.0 -9999.0 -9999.0 -9999.0 -9999.0 -9999.0 -9999.0 -9999.0 -9999.0 -9999.0 0.3074104489530899 0.3074104489530899 0.3074104489530899 0.3074104489530899 0.3074104489530899 0.3074104489530899 0.3074104489530899 0.3074104489530899 0.3074104489530899 0.3074104489530899 0.3074104489530899 0.3074104489530899 0.3074104489530899 0.3074104489530899 0.3074104489530899 0.3074104489530899 0.3074104489530899 0.3074104489530899 0.3074104489530899 0.3074104489530899 0.3074104489530899 0.3074104489530899 0.3074104489530899 0.3074104489530899 -9999.0 -9999.0 -9999.0 -9999.0 -9999.0 -9999.0 -9999.0 -9999.0 -9999.0 -9999.0 -9999.0 -9999.0
-9999.0 -9999.0 -9999.0 -9999.0 -9999.0 -9999.0 -9999.0 -9999.0 -9999.0 -9999.0 -9999.0 -9999.0 -9999.0 -9999.0 -9999.0 -9999.0 -9999.0 -9999.0 -9999.0 -9999.0 -9999.0 0.3074104489530899 0.3074104489530899 0.3074104489530899 0.3074104489530899 0.3074104489530899 0.3074104489530899 0.3074104489530899 0.3074104489530899 0.3074104489530899 0.3074104489530899 0.3074104489530899 0.3074104489530899 0.3074104489530899 0.3074104489530899 0.3074104489530899 0.3074104489530899 0.3074104489530899 0.3074104489530899 0.3074104489530899 0.3074104489530899 0.3074104489530899 0.3074104489530899 0.3074104489530899 -9999.0 -9999.0 -9999.0 -9999.0 -9999.0 -9999.0 -9999.0 -9999.0 -9999.0 -9999.0 -9999.0 -9999.0
-9999.0 -9999.0 -9999.0 -9999.0 -9999.0 -9999.0 -9999.0 -9999.0 -9999.0 -9999.0 -9999.0 -9999.0 -9999.0 -9999.0 -9999.0 -9999.0 -9999.0 -9999.0 -9999.0 -9999.0 -9999.0 -9999.0 0.3074104489530899 0.3074104489530899 0.3074104489530899 0.3074104489530899 0.3074104489530899 0.3074104489530899 0.3074104489530899 0.3074104489530899 0.3074104489530899 0.3074104489530899 0.3074104489530899 0.3074104489530899 0.3074104489530899 0.3074104489530899 0.3074104489530899 0.3074104489530899 0.3074104489530899 0.3074104489530899 0.3074104489530899 0.3074104489530899 0.3074104489530899 -9999.0 -9999.0 -9999.0 -9999.0 -9999.0 -9999.0 -9999.0 -9999.0 -9999.0 -9999.0 -9999.0 -9999.0 -9999.0
-9999.0 -9999.0 -9999.0 -9999.0 -9999.0 -9999.0 -9999.0 -9999.0 -9999.0 -9999.0 -9999.0 -9999.0 -9999.0 -9999.0 -9999.0 -9999.0 -9999.0 -9999.0 -9999.0 -9999.0 -9999.0 -9999.0 0.3074104489530899 0.3074104489530899 0.3074104489530899 0.3074104489530899 0.3074104489530899 0.3074104489530899 0.3074104489530899 0.3074104489530899 0.3074104489530899 0.3074104489530899 0.3074104489530899 0.3074104489530899 0.3074104489530899 0.3074104489530899 0.3074104489530899 0.3074104489530899 0.3074104489530899 0.3074104489530899 0.3074104489530899 -9999.0 -9999.0 -9999.0 -9999.0 -9999.0 -9999.0 -9999.0 -9999.0 -9999.0 -9999.0 -9999.0 -9999.0 -9999.0 -9999.0 -9999.0
