Figures/CREST_Example_wjb_NSE/Rolling_result/20100722/BJP_forecast/ens_46/wjb.rain.20100725.asc
ncols            288
nrows            254
xllcorner        113.274861
yllcorner        31.4918055
cellsize         0.008333333333
NODATA_value     -9999
[rows 114 to 132 of 254, columns 132 to 175 of 288]
1.2090192916673415 1.1165189741728465 1.0240186566783516 0.9944235567155999 1.032075557012009 1.0697275573084182 1.1073795576048275 1.1450315579012367 1.1826835581976458 1.220335558494055 1.257987558790464 1.2956395590869376 1.3332915593833468 1.370943559679756 1.4085955599761653 1.4001564583245554 1.3424449261605296 1.2847333939965035 1.2270218618324777 1.1693103296684517 1.111598797504426 1.0538872653404 0.9961757331763741 0.9384642010123481 0.8807526688482238 0.8230411366841979 0.765329604520172 0.7192334955027699 0.6855545365810201 0.6518755776592701 0.6181966187375202 0.5845176598157703 0.5508387008940204 0.5171597419722704 0.4834807830505206 0.4498018241287707 0.4161228652070208 0.38244390628521346 0.3487649473634636 0.33960859136077165 0.35666745265362104 0.3737263139464705 0.3907851752393199 0.4078440365321693
1.1719901274595612 1.090869709504863 1.0097492915501647 0.9841015109907387 1.0177552344230525 1.0514089578553665 1.0850626812876802 1.118716404719994 1.152370128152308 1.1860238515846218 1.2196775750169357 1.253331298449307 1.2869850218816208 1.3206387453139348 1.3542924687462485 1.3453445094350995 1.2908543876680256 1.2363642659009515 1.1818741441338776 1.1273840223668037 1.0728939005997298 1.0184037788326559 0.963913657065582 0.9094235352985081 0.8549334135313412 0.8004432917642673 0.7459531699971934 0.7015134036749848 0.6678176946719299 0.6341219856688749 0.6004262766658199 0.5667305676627649 0.5330348586597099 0.4993391496566549 0.4656434406535999 0.4319477316505449 0.39825202264748993 0.36455631364437746 0.33086060464132244 0.32304063346517536 0.3428824114130445 0.3627241893609136 0.38256596730878273 0.40240774525665185
1.134960963251781 1.0652204448368794 0.995479926421978 0.9737794652658776 1.0034349118340962 1.0330903584023146 1.0627458049705332 1.0924012515387516 1.1220566981069702 1.1517121446751886 1.1813675912434072 1.2110230378116762 1.2406784843798948 1.2703339309481132 1.2999893775163318 1.2905325605456435 1.2392638491755215 1.1879951378053994 1.1367264264352777 1.0854577150651556 1.0341890036950339 0.9829202923249118 0.93165158095479 0.880382869584668 0.8291141582144587 0.7778454468443368 0.7265767354742149 0.6837933118471999 0.6500808527628398 0.6163683936784797 0.5826559345941196 0.5489434755097595 0.5152310164253994 0.4815185573410393 0.4478060982566792 0.4140936391723191 0.380381180087959 0.3466687210035414 0.3129562619191813 0.3064726755695791 0.32909737017246793 0.3517220647753567 0.3743467593782456 0.3969714539811344
1.0979317990440007 1.0395711801688958 0.9812105612937913 0.9634574195410164 0.9891145892451396 1.0147717589492629 1.0404289286533859 1.0660860983575091 1.0917432680616324 1.1174004377657554 1.1430576074698786 1.1687147771740456 1.1943719468781686 1.2200291165822919 1.245686286286415 1.2357206116561874 1.1876733106830175 1.1396260097098474 1.0915787087366775 1.0435314077635076 0.9954841067903377 0.9474368058171678 0.8993895048439978 0.8513422038708278 0.803294902897576 0.7552476019244061 0.7072003009512362 0.6660732200194148 0.6323440108537497 0.5986148016880845 0.5648855925224193 0.5311563833567541 0.49742717419108895 0.4636979650254237 0.4299687558597585 0.39623954669409334 0.36251033752842815 0.32878112836270545 0.29505191919704027 0.28990471767398285 0.31531232893189143 0.34071994018979995 0.36612755144770853 0.39153516270561706
1.060902634836189 1.0139219155008905 0.9669411961655924 0.9531353738161464 0.9747942666561709 0.9964531594961954 1.0181120523362197 1.0397709451762442 1.0614298380162686 1.083088730856293 1.1047476236963174 1.1264065165363788 1.1480654093764033 1.1697243022164276 1.1913831950564522 1.1809086627666847 1.1360827721904696 1.0912568816142543 1.0464309910380392 1.0016051004618238 0.9567792098856087 0.9119533193093935 0.8671274287331783 0.8223015381569632 0.7774756475806714 0.7326497570044562 0.687823866428241 0.6483531281916147 0.6146071689446444 0.5808612096976741 0.5471152504507037 0.5133692912037335 0.4796233319567632 0.4458773727097929 0.41213141346282256 0.3783854542158523 0.34463949496888197 0.31089353572185413 0.2771475764748838 0.2733367597783724 0.30152728769130305 0.3297178156042337 0.3579083435171644 0.386098871430095
1.0238734706284087 0.9882726508329073 0.9526718310374057 0.9428133280912854 0.9604739440672145 0.9781345600431436 0.9957951760190726 1.0134557919950018 1.0311164079709307 1.04877702394686 1.0664376399227888 1.0840982558987482 1.1017588718746771 1.1194194878506063 1.1370801038265355 1.1260967138772286 1.0844922336979654 1.0428877535187022 1.001283273339439 0.9596787931601758 0.9180743129809126 0.8764698328016494 0.8348653526223861 0.7932608724431229 0.7516563922637889 0.7100519120845257 0.6684474319052625 0.6306330363638296 0.5968703270355542 0.5631076177072788 0.5293449083790034 0.49558219905072803 0.4618194897224527 0.42805678039417727 0.39429407106590186 0.36053136173762645 0.3267686524093511 0.2930059430810181 0.2592432337527427 0.2567688018827761 0.2877422464507265 0.31871569101867686 0.34968913558662723 0.3806625801545776
0.9868443064206285 0.9626233861649237 0.9384024659092189 0.9324912823664242 0.946153621478258 0.9598159605900917 0.9734782997019255 0.9871406388137591 1.000802977925593 1.0144653170374267 1.0281276561492603 1.0417899952611174 1.0554523343729512 1.069114673484785 1.0827770125966185 1.0712847649877726 1.0329016952054615 0.9945186254231502 0.956135555640839 0.9177524858585278 0.8793694160762165 0.8409863462939053 0.8026032765115941 0.7642202067292829 0.7258371369469063 0.687454067164595 0.6490709973822839 0.6129129445360446 0.5791334851264641 0.5453540257168836 0.5115745663073031 0.47779510689772264 0.44401564748814215 0.41023618807856166 0.37645672866898117 0.3426772692594007 0.3088978098498202 0.2751183504401821 0.24133889103060163 0.24020084398717986 0.27395720521015 0.3077135664331201 0.3414699276560902 0.3752262888790603
0.9501209931167375 0.9331752818610638 0.9162295706053901 0.9131627796778952 0.9249328684786511 0.936702957279407 0.9484730460801629 0.960243134880919 0.9720132236816749 0.9837833124824308 0.9955534012831867 1.0073234900839627 1.0190935788847186 1.0308636676854745 1.0426337564862305 1.0313360188199086 0.9953782528914412 0.959420486962974 0.9234627210345067 0.8875049551060394 0.8515471891775721 0.8155894232491048 0.7796316573206375 0.7436738913921703 0.7077161254636417 0.6717583595351744 0.635800593606707 0.6039942175780181 0.5766257712605772 0.5492573249431363 0.5218888786256953 0.49452043230825443 0.46715198599081353 0.4397835396733726 0.41241509335593163 0.3850466470384908 0.35767820072104983 0.33030975440356225 0.3029413080861213 0.3036905221999543 0.3344981514209062 0.36530578064185815 0.3961134098628101 0.426921039083762
0.9137246151474709 0.8996664574751406 0.8856082998028103 0.8842069422855763 0.8963359903910623 0.9084650384965482 0.9205940866020342 0.9327231347075202 0.9448521828130063 0.9569812309184923 0.9691102790239783 0.9812393271294849 0.9933683752349709 1.005497423340457 1.0176264714459429 1.0072750993466355 0.9728916495660478 0.9385081997854601 0.9041247500048724 0.8697413002242846 0.8353578504436969 0.8009744006631093 0.7665909508825216 0.7322075011019339 0.6978240513212876 0.6634406015407 0.6290571517601122 0.6044835948049295 0.5903970351892041 0.5763104755734787 0.5622239159577532 0.5481373563420278 0.5340507967263024 0.5199642371105769 0.5058776774948515 0.4917911178791261 0.47770455826340064 0.4636179986476512 0.44953143903192583 0.45275676637187195 0.4744888925144068 0.4962210186569416 0.5179531447994765 0.5396852709420112
0.8773282371782045 0.8661576330892176 0.8549870290002305 0.8552511048932574 0.8677391123034736 0.8802271197136896 0.8927151271239057 0.9052031345341217 0.9176911419443378 0.9301791493545538 0.9426671567647699 0.9551551641750072 0.9676431715852233 0.9801311789954393 0.9926191864056554 0.9832141798733625 0.9504050462406544 0.9175959126079463 0.8847867789752382 0.85197764534253 0.8191685117098219 0.7863593780771138 0.7535502444444057 0.7207411108116974 0.6879319771789334 0.6551228435462253 0.6223137099135172 0.6049729720318407 0.6041682991178309 0.603363626203821 0.602558953289811 0.6017542803758011 0.6009496074617912 0.6001449345477813 0.5993402616337713 0.5985355887197614 0.5977309158057516 0.5969262428917402 0.5961215699777302 0.6018230105437896 0.6144796336079074 0.6271362566720251 0.6397928797361428 0.6524495028002606
0.8409318592089071 0.8326488087032659 0.8243657581976246 0.826295267500914 0.8391422342158604 0.8519892009308068 0.8648361676457532 0.8776831343606997 0.8905301010756461 0.9033770677905926 0.9162240345055389 0.9290710012205072 0.9419179679354537 0.9547649346504001 0.9676119013653466 0.959153260400069 0.9279184429152417 0.8966836254304146 0.8654488079455873 0.8342139904607602 0.8029791729759329 0.7717443554911058 0.7405095380062785 0.7092747205214514 0.6780399030365709 0.6468050855517437 0.6155702680669164 0.6054623492587525 0.6179395630464695 0.6304167768341864 0.6428939906219032 0.6553712044096202 0.6678484181973371 0.6803256319850539 0.6928028457727708 0.7052800595604878 0.7177572733482046 0.7302344871359429 0.7427117009236597 0.7508892547158343 0.7544703747015272 0.7580514946872202 0.7616326146729131 0.765213734658606
0.8045354812396406 0.7991399843173427 0.7937444873950448 0.7973394301085951 0.8105453561282716 0.8237512821479481 0.8369572081676246 0.850163134187301 0.8633690602069776 0.8765749862266541 0.8897809122463306 0.9029868382660295 0.9161927642857061 0.9293986903053826 0.9426046163250591 0.9350923409267959 0.9054318395898483 0.8757713382529007 0.8461108369159531 0.8164503355790054 0.7867898342420578 0.7571293329051102 0.7274688315681626 0.6978083302312149 0.6681478288942166 0.6384873275572691 0.6088268262203214 0.6059517264856639 0.6317108269750963 0.6574699274645286 0.683229027953961 0.7089881284433934 0.7347472289328257 0.7605063294222582 0.7862654299116906 0.8120245304011229 0.8377836308905553 0.8635427313800317 0.8893018318694641 0.8999554988877518 0.8944611157950276 0.8889667327023034 0.8834723496095793 0.8779779665168551
0.7681391032703742 0.7656311599314195 0.763123216592465 0.7683835927162762 0.7819484780406828 0.7955133633650894 0.809078248689496 0.8226431340139024 0.836208019338309 0.8497729046627156 0.8633377899871221 0.8769026753115519 0.8904675606359583 0.9040324459603649 0.9175973312847714 0.9110314214535229 0.8829452362644549 0.8548590510753868 0.8267728658863188 0.7986866806972508 0.7706004955081827 0.7425143103191146 0.7144281251300466 0.6863419399409786 0.6582557547518626 0.6301695695627946 0.6020833843737265 0.6064411037125752 0.6454820909037231 0.684523078094871 0.7235640652860189 0.7626050524771668 0.8016460396683146 0.8406870268594625 0.8797280140506104 0.9187690012417582 0.9578099884329061 0.9968509756241206 1.0358919628152685 1.0490217430596696 1.0344518568885281 1.019881970717387 1.0053120845462455 0.9907421983751044
0.7317427253011076 0.7321223355454964 0.7325019457898851 0.7394277553239574 0.753351599953094 0.7672754445822306 0.7811992892113673 0.7951231338405039 0.8090469784696405 0.8229708230987771 0.8368946677279138 0.8508185123570741 0.8647423569862107 0.8786662016153474 0.892590046244484 0.88697050198025 0.8604586329390614 0.833946763897873 0.8074348948566845 0.780923025815496 0.7544111567743076 0.7278992877331191 0.7013874186919307 0.6748755496507421 0.6483636806095084 0.62185181156832 0.5953399425271315 0.6069304809394865 0.6592533548323499 0.7115762287252133 0.7638991026180767 0.8162219765109401 0.8685448504038034 0.9208677242966667 0.9731905981895301 1.0255134720823935 1.077836345975257 1.1301592198682096 1.182482093761073 1.1980879872315873 1.1744425979820288 1.1507972087324705 1.127151819482912 1.1035064302333537
0.6953463473318412 0.6986135111595733 0.7018806749873053 0.7104719179316386 0.7247547218655053 0.7390375257993719 0.7533203297332386 0.7676031336671052 0.7818859376009719 0.7961687415348386 0.8104515454687053 0.8247343494025963 0.839017153336463 0.8532999572703297 0.8675827612041964 0.8629095825069768 0.8379720296136679 0.813034476720359 0.7880969238270501 0.7631593709337412 0.7382218180404323 0.7132842651471234 0.6883467122538145 0.6634091593605056 0.6384716064671543 0.6135340535738454 0.5885965006805365 0.6074198581663979 0.6730246187609767 0.7386293793555556 0.8042341399501345 0.8698389005447134 0.9354436611392922 1.001048421733871 1.06665318232845 1.1322579429230286 1.1978627035176075 1.2634674641122983 1.3290722247068771 1.3471542314035045 1.3144333390755292 1.2817124467475538 1.2489915544195782 1.2162706620916028
0.6589499693625747 0.6651046867736501 0.6712594041847255 0.6815160805393197 0.6961578437779165 0.7107996070165132 0.7254413702551099 0.7400831334937067 0.7547248967323035 0.7693666599709001 0.7840084232094969 0.7986501864481186 0.8132919496867154 0.8279337129253121 0.8425754761639088 0.8388486630337039 0.8154854262882746 0.7921221895428452 0.7687589527974159 0.7453957160519866 0.7220324793065573 0.698669242561128 0.6753060058156987 0.6519427690702693 0.6285795323248002 0.6052162955793708 0.5818530588339416 0.6079092353933092 0.6867958826896036 0.765682529985898 0.8445691772821924 0.9234558245784867 1.002342471874781 1.0812291191710754 1.1601157664673698 1.2390024137636642 1.3178890610599585 1.3967757083563874 1.4756623556526818 1.4962204755754223 1.4544240801690298 1.4126276847626371 1.3708312893562447 1.329034893949852
0.6225535913933082 0.6315958623877269 0.6406381333821456 0.6525602431470008 0.6675609656903276 0.6825616882336545 0.6975624107769812 0.7125631333203081 0.7275638558636348 0.7425645784069617 0.7575653009502885 0.7725660234936409 0.7875667460369676 0.8025674685802945 0.8175681911236212 0.8147877435604308 0.792998822962881 0.7712099023653313 0.7494209817677816 0.7276320611702318 0.7058431405726822 0.6840542199751324 0.6622652993775826 0.6404763787800329 0.618687458182446 0.5968985375848963 0.5751096169873465 0.6083986126202205 0.7005671466182304 0.7927356806162402 0.8849042146142501 0.9770727486122599 1.0692412826102697 1.1614098166082796 1.2535783506062894 1.3457468846042993 1.437915418602309 1.5300839526004761 1.622252486598486 1.64528671974734 1.5944148212625304 1.5435429227777206 1.4926710242929109 1.4417991258081013
0.5861572134240107 0.5980870380017752 0.6100168625795397 0.6236044057546573 0.6389640876027144 0.6543237694507716 0.6696834512988288 0.6850431331468859 0.7004028149949432 0.7157624968430003 0.7311221786910576 0.7464818605391409 0.761841542387198 0.7772012242352553 0.7925609060833124 0.7907268240871372 0.7705122196374684 0.7502976151877996 0.7300830107381309 0.709868406288462 0.6896538018387932 0.6694391973891244 0.6492245929394556 0.6290099884897867 0.6087953840400835 0.5885807795904145 0.5683661751407458 0.6088879898471322 0.714338410546869 0.8197888312466056 0.9252392519463424 1.030689672646079 1.1361400933458157 1.2415905140455523 1.347040934745289 1.4524913554450256 1.5579417761447623 1.6633921968446788 1.7688426175444159 1.7943529639193847 1.7344055623561503 1.6744581607929157 1.6145107592296812 1.5545633576664466
0.5497608354547442 0.564578213615852 0.5793955917769598 0.5946485683623384 0.6103672095151257 0.6260858506679129 0.6418044918207001 0.6575231329734874 0.6732417741262746 0.6889604152790618 0.7046790564318491 0.7203976975846632 0.7361163387374504 0.7518349798902376 0.7675536210430249 0.7666659046138643 0.7480256163120751 0.7293853280102858 0.7107450397084966 0.6921047514067074 0.673464463104918 0.6548241748031288 0.6361838865013395 0.6175435981995503 0.5989033098977292 0.58026302159594 0.5616227332941508 0.6093773670740436 0.7281096744754958 0.8468419818769479 0.9655742892784 1.0843065966798524 1.2030389040813043 1.3217712114827567 1.4405035188842088 1.559235826285661 1.677968133687113 1.7967004410887677 1.91543274849022 1.9434192080913022 1.8743963034496505 1.805373398807999 1.7363504941663475 1.667327589524696
