Figures/CREST_Example_wjb_NSE/Rolling_result/20100722/BJP_forecast/ens_46/wjb.rain.20090918.asc
ncols            288
nrows            254
xllcorner        113.274861
yllcorner        31.4918055
cellsize         0.008333333333
NODATA_value     -9999
[rows 100 to 119 of 254, columns 88 to 131 of 288]
3.59587268717587 3.59587268717587 3.59587268717587 3.59587268717587 3.59587268717587 3.59587268717587 3.59587268717587 3.59587268717587 3.59587268717587 3.59587268717587 3.59587268717587 3.578302226630459 3.5419485464819584 3.505594866333458 3.4692411861849575 3.432887506036457 3.3965338258878948 3.360180145739394 3.323826465590894 3.287472785442393 3.251119105293893 3.214765425145392 3.178411744996892 3.15962852537632 3.15962852537632 3.15962852537632 3.15962852537632 3.15962852537632 3.15962852537632 3.15962852537632 3.15962852537632 3.15962852537632 3.15962852537632 3.15962852537632 3.15962852537632 3.1289998135095134 3.065628315995231 3.002256818480949 2.938885320966667 2.8755138234523847 2.8121423259381024 2.74877082842382 2.68539933090943 2.6220278333951477
3.59587268717587 3.59587268717587 3.59587268717587 3.59587268717587 3.59587268717587 3.59587268717587 3.59587268717587 3.59587268717587 3.59587268717587 3.59587268717587 3.59587268717587 3.578302226630459 3.5419485464819584 3.505594866333458 3.4692411861849575 3.432887506036457 3.3965338258878948 3.360180145739394 3.323826465590894 3.287472785442393 3.251119105293893 3.214765425145392 3.178411744996892 3.15962852537632 3.15962852537632 3.15962852537632 3.15962852537632 3.15962852537632 3.15962852537632 3.15962852537632 3.15962852537632 3.15962852537632 3.15962852537632 3.15962852537632 3.15962852537632 3.1289998135095134 3.065628315995231 3.002256818480949 2.938885320966667 2.8755138234523847 2.8121423259381024 2.74877082842382 2.68539933090943 2.6220278333951477
3.59587268717587 3.59587268717587 3.59587268717587 3.59587268717587 3.59587268717587 3.59587268717587 3.59587268717587 3.59587268717587 3.59587268717587 3.59587268717587 3.59587268717587 3.578302226630459 3.5419485464819584 3.505594866333458 3.4692411861849575 3.432887506036457 3.3965338258878948 3.360180145739394 3.323826465590894 3.287472785442393 3.251119105293893 3.214765425145392 3.178411744996892 3.15962852537632 3.15962852537632 3.15962852537632 3.15962852537632 3.15962852537632 3.15962852537632 3.15962852537632 3.15962852537632 3.15962852537632 3.15962852537632 3.15962852537632 3.15962852537632 3.1289998135095134 3.065628315995231 3.002256818480949 2.938885320966667 2.8755138234523847 2.8121423259381024 2.74877082842382 2.68539933090943 2.6220278333951477
3.59587268717587 3.59587268717587 3.59587268717587 3.59587268717587 3.59587268717587 3.59587268717587 3.59587268717587 3.59587268717587 3.59587268717587 3.59587268717587 3.59587268717587 3.578302226630459 3.5419485464819584 3.505594866333458 3.4692411861849575 3.432887506036457 3.3965338258878948 3.360180145739394 3.323826465590894 3.287472785442393 3.251119105293893 3.214765425145392 3.178411744996892 3.15962852537632 3.15962852537632 3.15962852537632 3.15962852537632 3.15962852537632 3.15962852537632 3.15962852537632 3.15962852537632 3.15962852537632 3.15962852537632 3.15962852537632 3.15962852537632 3.1289998135095134 3.065628315995231 3.002256818480949 2.938885320966667 2.8755138234523847 2.8121423259381024 2.74877082842382 2.68539933090943 2.6220278333951477
3.59587268717587 3.59587268717587 3.59587268717587 3.59587268717587 3.59587268717587 3.59587268717587 3.59587268717587 3.59587268717587 3.59587268717587 3.59587268717587 3.59587268717587 3.578302226630459 3.5419485464819584 3.505594866333458 3.4692411861849575 3.432887506036457 3.3965338258878948 3.360180145739394 3.323826465590894 3.287472785442393 3.251119105293893 3.214765425145392 3.178411744996892 3.15962852537632 3.15962852537632 3.15962852537632 3.15962852537632 3.15962852537632 3.15962852537632 3.15962852537632 3.15962852537632 3.15962852537632 3.15962852537632 3.15962852537632 3.15962852537632 3.1289998135095134 3.065628315995231 3.002256818480949 2.938885320966667 2.8755138234523847 2.8121423259381024 2.74877082842382 2.68539933090943 2.6220278333951477
3.59587268717587 3.59587268717587 3.59587268717587 3.59587268717587 3.59587268717587 3.59587268717587 3.59587268717587 3.59587268717587 3.59587268717587 3.59587268717587 3.59587268717587 3.578302226630459 3.5419485464819584 3.505594866333458 3.4692411861849575 3.432887506036457 3.3965338258878948 3.360180145739394 3.323826465590894 3.287472785442393 3.251119105293893 3.214765425145392 3.178411744996892 3.15962852537632 3.15962852537632 3.15962852537632 3.15962852537632 3.15962852537632 3.15962852537632 3.15962852537632 3.15962852537632 3.15962852537632 3.15962852537632 3.15962852537632 3.15962852537632 3.1289998135095134 3.065628315995231 3.002256818480949 2.938885320966667 2.8755138234523847 2.8121423259381024 2.74877082842382 2.68539933090943 2.6220278333951477
3.59587268717587 3.59587268717587 3.59587268717587 3.59587268717587 3.59587268717587 3.59587268717587 3.59587268717587 3.59587268717587 3.59587268717587 3.59587268717587 3.59587268717587 3.578302226630459 3.5419485464819584 3.505594866333458 3.4692411861849575 3.432887506036457 3.3965338258878948 3.360180145739394 3.323826465590894 3.287472785442393 3.251119105293893 3.214765425145392 3.178411744996892 3.15962852537632 3.15962852537632 3.15962852537632 3.15962852537632 3.15962852537632 3.15962852537632 3.15962852537632 3.15962852537632 3.15962852537632 3.15962852537632 3.15962852537632 3.15962852537632 3.1289998135095134 3.065628315995231 3.002256818480949 2.938885320966667 2.8755138234523847 2.8121423259381024 2.74877082842382 2.68539933090943 2.6220278333951477
3.59587268717587 3.59587268717587 3.59587268717587 3.59587268717587 3.59587268717587 3.59587268717587 3.59587268717587 3.59587268717587 3.59587268717587 3.59587268717587 3.59587268717587 3.578302226630459 3.5419485464819584 3.505594866333458 3.4692411861849575 3.432887506036457 3.3965338258878948 3.360180145739394 3.323826465590894 3.287472785442393 3.251119105293893 3.214765425145392 3.178411744996892 3.15962852537632 3.15962852537632 3.15962852537632 3.15962852537632 3.15962852537632 3.15962852537632 3.15962852537632 3.15962852537632 3.15962852537632 3.15962852537632 3.15962852537632 3.15962852537632 3.1289998135095134 3.065628315995231 3.002256818480949 2.938885320966667 2.8755138234523847 2.8121423259381024 2.74877082842382 2.68539933090943 2.6220278333951477
3.59587268717587 3.59587268717587 3.59587268717587 3.59587268717587 3.59587268717587 3.59587268717587 3.59587268717587 3.59587268717587 3.59587268717587 3.59587268717587 3.59587268717587 3.578302226630459 3.5419485464819584 3.505594866333458 3.4692411861849575 3.432887506036457 3.3965338258878948 3.360180145739394 3.323826465590894 3.287472785442393 3.251119105293893 3.214765425145392 3.178411744996892 3.15962852537632 3.15962852537632 3.15962852537632 3.15962852537632 3.15962852537632 3.15962852537632 3.15962852537632 3.15962852537632 3.15962852537632 3.15962852537632 3.15962852537632 3.15962852537632 3.1289998135095134 3.065628315995231 3.002256818480949 2.938885320966667 2.8755138234523847 2.8121423259381024 2.74877082842382 2.68539933090943 2.6220278333951477
3.567975384978764 3.567975384978764 3.567975384978764 3.567975384978764 3.567975384978764 3.567975384978764 3.567975384978764 3.567975384978764 3.567975384978764 3.567975384978764 3.567975384978764 3.551767702911881 3.5182336422488016 3.4846995815857227 3.4511655209226433 3.417631460259564 3.3840973995964276 3.3505633389333482 3.317029278270269 3.2834952176071894 3.2499611569441105 3.216427096281031 3.1828930356179517 3.165566657005629 3.165566657005629 3.165566657005629 3.165566657005629 3.165566657005629 3.165566657005629 3.165566657005629 3.165566657005629 3.165566657005629 3.165566657005629 3.165566657005629 3.165566657005629 3.1345444624115926 3.0703588402361426 3.006173218060693 2.941987595885243 2.877801973709793 2.8136163515343435 2.7494307293588935 2.6852451071833343 2.6210594850078843
3.510257625508453 3.510257625508453 3.510257625508453 3.510257625508453 3.510257625508453 3.510257625508453 3.510257625508453 3.510257625508453 3.510257625508453 3.510257625508453 3.510257625508453 3.49686944619776 3.4691690004881086 3.441468554778458 3.4137681090688066 3.3860676633591553 3.358367217649457 3.330666771939806 3.302966326230155 3.2752658805205037 3.247565434810853 3.2198649891012017 3.192164543391551 3.177852276979272 3.177852276979272 3.177852276979272 3.177852276979272 3.177852276979272 3.177852276979272 3.177852276979272 3.177852276979272 3.177852276979272 3.177852276979272 3.177852276979272 3.177852276979272 3.1460159914295756 3.0801459966563693 3.0142760018831636 2.948406007109958 2.882536012336752 2.816666017563546 2.75079602279034 2.684926028017022 2.6190560332438158
3.4525398660380926 3.4525398660380926 3.4525398660380926 3.4525398660380926 3.4525398660380926 3.4525398660380926 3.4525398660380926 3.4525398660380926 3.4525398660380926 3.4525398660380926 3.4525398660380926 3.441971189483591 3.4201043587273734 3.3982375279711556 3.3763706972149374 3.3545038664587197 3.3326370357024646 3.310770204946247 3.288903374190029 3.2670365434338113 3.2451697126775936 3.2233028819213754 3.2014360511651576 3.1901378969529257 3.1901378969529257 3.1901378969529257 3.1901378969529257 3.1901378969529257 3.1901378969529257 3.1901378969529257 3.1901378969529257 3.1901378969529257 3.1901378969529257 3.1901378969529257 3.1901378969529257 3.1574875204475683 3.089933153076605 3.0223787857056417 2.954824418334678 2.8872700509637146 2.8197156835927513 2.752161316221788 2.684606948850709 2.617052581479746
3.3948221065677813 3.3948221065677813 3.3948221065677813 3.3948221065677813 3.3948221065677813 3.3948221065677813 3.3948221065677813 3.3948221065677813 3.3948221065677813 3.3948221065677813 3.3948221065677813 3.3870729327694695 3.37103971696668 3.3550065011638903 3.3389732853611007 3.322940069558311 3.3069068537554944 3.290873637952705 3.274840422149915 3.2588072063471256 3.242773990544336 3.2267407747415464 3.210707558938757 3.202423516926569 3.202423516926569 3.202423516926569 3.202423516926569 3.202423516926569 3.202423516926569 3.202423516926569 3.202423516926569 3.202423516926569 3.202423516926569 3.202423516926569 3.202423516926569 3.1689590494655517 3.099720309496832 3.0304815695281127 2.961242829559393 2.8920040895906736 2.822765349621954 2.7535266096532345 2.6842878696843973 2.6150491297156777
3.33710434709747 3.33710434709747 3.33710434709747 3.33710434709747 3.33710434709747 3.33710434709747 3.33710434709747 3.33710434709747 3.33710434709747 3.33710434709747 3.33710434709747 3.3321746760553475 3.3219750752059864 3.311775474356625 3.3015758735072636 3.2913762726579026 3.281176671808524 3.2709770709591623 3.260777470109801 3.25057786926044 3.2403782684110785 3.2301786675617175 3.219979066712356 3.214709136900212 3.214709136900212 3.214709136900212 3.214709136900212 3.214709136900212 3.214709136900212 3.214709136900212 3.214709136900212 3.214709136900212 3.214709136900212 3.214709136900212 3.214709136900212 3.1804305784835343 3.109507465917059 3.038584353350583 2.967661240784108 2.896738128217632 2.825815015651157 2.7548919030846815 2.683968790518085 2.613045677951609
3.2793865876271586 3.2793865876271586 3.2793865876271586 3.2793865876271586 3.2793865876271586 3.2793865876271586 3.2793865876271586 3.2793865876271586 3.2793865876271586 3.2793865876271586 3.2793865876271586 3.277276419341226 3.272910433445293 3.2685444475493597 3.264178461653427 3.2598124757574936 3.255446489861553 3.2510805039656203 3.2467145180696875 3.242348532173754 3.2379825462778213 3.2336165603818885 3.229250574485955 3.2269947568738555 3.2269947568738555 3.2269947568738555 3.2269947568738555 3.2269947568738555 3.2269947568738555 3.2269947568738555 3.2269947568738555 3.2269947568738555 3.2269947568738555 3.2269947568738555 3.2269947568738555 3.1919021075015177 3.119294622337286 3.0466871371730546 2.9740796520088226 2.901472166844591 2.8288646816803595 2.756257196516128 2.6836497113517725 2.611042226187541
3.2216688281568473 3.2216688281568473 3.2216688281568473 3.2216688281568473 3.2216688281568473 3.2216688281568473 3.2216688281568473 3.2216688281568473 3.2216688281568473 3.2216688281568473 3.2216688281568473 3.222378162627104 3.223845791684599 3.2253134207420944 3.2267810497995897 3.228248678857085 3.2297163079145825 3.231183936972078 3.232651566029573 3.2341191950870685 3.2355868241445638 3.237054453202059 3.238522082259554 3.2392803768474985 3.2392803768474985 3.2392803768474985 3.2392803768474985 3.2392803768474985 3.2392803768474985 3.2392803768474985 3.2392803768474985 3.2392803768474985 3.2392803768474985 3.2392803768474985 3.2392803768474985 3.2033736365195007 3.129081778757513 3.054789920995525 2.9804980632335374 2.9062062054715496 2.8319143477095623 2.7576224899475745 2.68333063218546 2.6090387744234724
3.163951068686536 3.163951068686536 3.163951068686536 3.163951068686536 3.163951068686536 3.163951068686536 3.163951068686536 3.163951068686536 3.163951068686536 3.163951068686536 3.163951068686536 3.167479905912982 3.1747811499239056 3.182082393934829 3.1893836379457525 3.196684881956676 3.2039861259676123 3.211287369978536 3.2185886139894593 3.2258898580003827 3.233191102011306 3.2404923460222297 3.247793590033153 3.2515659968211414 3.2515659968211414 3.2515659968211414 3.2515659968211414 3.2515659968211414 3.2515659968211414 3.2515659968211414 3.2515659968211414 3.2515659968211414 3.2515659968211414 3.2515659968211414 3.2515659968211414 3.2148451655374832 3.1388689351777397 3.062892704817996 2.986916474458252 2.9109402440985086 2.834964013738765 2.758987783379021 2.683011553019148 2.6070353226594043
3.1062333092162246 3.1062333092162246 3.1062333092162246 3.1062333092162246 3.1062333092162246 3.1062333092162246 3.1062333092162246 3.1062333092162246 3.1062333092162246 3.1062333092162246 3.1062333092162246 3.1125816491988605 3.125716508163212 3.138851367127564 3.151986226091916 3.1651210850562674 3.1782559440206417 3.1913908029849933 3.2045256619493454 3.217660520913697 3.2307953798780487 3.2439302388424007 3.2570650978067524 3.263851616794785 3.263851616794785 3.263851616794785 3.263851616794785 3.263851616794785 3.263851616794785 3.263851616794785 3.263851616794785 3.263851616794785 3.263851616794785 3.263851616794785 3.263851616794785 3.2263166945554667 3.148656091597967 3.070995488640467 2.9933348856829674 2.9156742827254676 2.838013679767968 2.7603530768104676 2.6826924738528355 2.6050318708953357
3.048515549745864 3.048515549745864 3.048515549745864 3.048515549745864 3.048515549745864 3.048515549745864 3.048515549745864 3.048515549745864 3.048515549745864 3.048515549745864 3.048515549745864 3.057683392484692 3.076651866402477 3.095620340320262 3.1145888142380467 3.133557288155832 3.1525257620736493 3.1714942359914344 3.190462709909219 3.209431183827004 3.2283996577447893 3.2473681316625744 3.2663366055803595 3.2761372367684385 3.2761372367684385 3.2761372367684385 3.2761372367684385 3.2761372367684385 3.2761372367684385 3.2761372367684385 3.2761372367684385 3.2761372367684385 3.2761372367684385 3.2761372367684385 3.2761372367684385 3.2377882235734594 3.158443248018202 3.0790982724629448 2.9997532969076874 2.92040832135243 2.8410633457971732 2.7617183702419155 2.682373394686523 2.603028419131266
2.9907977902755527 2.9907977902755527 2.9907977902755527 2.9907977902755527 2.9907977902755527 2.9907977902755527 2.9907977902755527 2.9907977902755527 2.9907977902755527 2.9907977902755527 2.9907977902755527 3.00278513577057 3.0275872246417834 3.0523893135129967 3.07719140238421 3.1019934912554232 3.1267955801266787 3.151597668997892 3.1763997578691052 3.2012018467403185 3.2260039356115318 3.250806024482745 3.2756081133539583 3.2884228567420815 3.2884228567420815 3.2884228567420815 3.2884228567420815 3.2884228567420815 3.2884228567420815 3.2884228567420815 3.2884228567420815 3.2884228567420815 3.2884228567420815 3.2884228567420815 3.2884228567420815 3.2492597525914424 3.168230404438429 3.0872010562854157 3.006171708132402 2.9251423599793887 2.8441130118263755 2.763083663673362 2.682054315520211 2.6010249673671972
