Figures/CREST_Example_wjb_NSE/Rolling_result/20100722/BJP_forecast/ens_30/wjb.rain.20100728.asc
ncols            288
nrows            254
xllcorner        113.274861
yllcorner        31.4918055
cellsize         0.008333333333
NODATA_value     -9999
[rows 92 to 114 of 254, columns 102 to 152 of 288]
0.0 0.0 0.0 0.0 0.0 0.0 0.0 0.0 0.0 0.0 0.0 0.0 0.0 0.0 0.0 0.0 0.0 0.0 0.0 0.0 0.0 0.0 0.0 0.0 0.0 0.0 0.0 0.0 0.0 0.0 0.0 0.0 0.0 0.01585935149587145 0.048672708429367606 0.08148606536286376 0.1142994222963599 0.14711277922985608 0.17992613616335223 0.21273949309684836 0.24555285003034452 0.27836620696389663 0.3111795638973928 0.34399292083088895 0.3768062777643851 0.39909158778061904 0.4101221775094688 0.4211527672383185 0.43218335696716825 0.443213946696018 0.45424453642486773
0.0 0.0 0.0 0.0 0.0 0.0 0.0 0.0 0.0 0.0 0.0 0.0 0.0 0.0 0.0 0.0 0.0 0.0 0.0 0.0 0.0 0.0 0.0 0.0 0.0 0.0 0.0 0.0 0.0 0.0 0.0 0.0 0.0 0.01698977890242078 0.05214201570677205 0.08729425251112331 0.12244648931547458 0.15759872611982584 0.1927509629241771 0.22790319972852838 0.26305543653287966 0.29820767333729087 0.3333599101416421 0.3685121469459934 0.40366438375034464 0.42885942980374575 0.44341001372368843 0.4579605976436311 0.47251118156357375 0.48706176548351643 0.5016123494034591
0.0 0.0 0.0 0.0 0.0 0.0 0.0 0.0 0.0 0.0 0.0 0.0 0.0 0.0 0.0 0.0 0.0 0.0 0.0 0.0 0.0 0.0 0.0 0.0 0.0 0.0 0.0 0.0 0.0 0.0 0.0 0.0 0.0 0.018120206308970113 0.05561132298417649 0.09310243965938286 0.13059355633458922 0.1680846730097956 0.20557578968500198 0.24306690636020833 0.2805580230354147 0.31804913971068505 0.3555402563858914 0.39303137306109776 0.43052248973630414 0.4586272718268725 0.47669784993790815 0.4947684280489437 0.5128390061599793 0.5309095842710149 0.5489801623820505
0.0 0.0 0.0 0.0 0.0 0.0 0.0 0.0 0.0 0.0 0.0 0.0 0.0 0.0 0.0 0.0 0.0 0.0 0.0 0.0 0.0 0.0 0.0 0.0 0.0 0.0 0.0 0.0 0.0 0.0 0.0 0.0 0.0 0.019250633715519445 0.059080630261580926 0.0989106268076424 0.13874062335370388 0.17857061989976536 0.21840061644582684 0.2582306129918883 0.29806060953794977 0.33789060608407917 0.3777206026301407 0.41755059917620213 0.45738059572226364 0.4883951138499993 0.5099856861521278 0.5315762584542564 0.5531668307563848 0.5747574030585134 0.5963479753606419
0.0 0.0 0.0 0.0 0.0 0.0 0.0 0.0 0.0 0.0 0.0 0.0 0.0 0.0 0.0 0.0 0.0 0.0 0.0 0.0 0.0 0.0 0.0 0.0 0.0 0.0 0.0 0.0 0.0 0.0 0.0 0.0 0.0 0.020381061122068774 0.06254993753898536 0.10471881395590195 0.14688769037281854 0.18905656678973512 0.2312254432066517 0.2733943196235683 0.3155631960404849 0.35773207245747335 0.39990094887439 0.44206982529130656 0.48423870170822314 0.518162955873126 0.5432735223663474 0.5683840888595689 0.5934946553527903 0.6186052218460119 0.6437157883392333
0.0 0.0 0.0 0.0 0.0 0.0 0.0 0.0 0.0 0.0 0.0 0.0 0.0 0.0 0.0 0.0 0.0 0.0 0.0 0.0 0.0 0.0 0.0 0.0 0.0 0.0 0.0 0.0 0.0 0.0 0.0 0.0 0.0 0.021104862439956365 0.06477130015368658 0.1084377378674168 0.152104175581147 0.19577061329487722 0.23943705100860743 0.28310348872233765 0.3267699264360679 0.3704363641498726 0.41410280186360277 0.45776923957733295 0.5014356772910632 0.5366139070050283 0.5627180503733243 0.5888221937416205 0.6149263371099165 0.6410304804782125 0.6671346238465086
0.0 0.0 0.0 0.0 0.0 0.0 0.0 0.0 0.0 0.0 0.0 0.0 0.0 0.0 0.0 0.0 0.0 0.0 0.0 0.0 0.0 0.0 0.0 0.0 0.0 0.0 0.0 0.0 0.0 0.0 0.0 0.0 0.0 0.02139400610549607 0.06565868860274619 0.10992337109999632 0.15418805359724644 0.19845273609449657 0.2427174185917467 0.2869821010889968 0.33124678358624693 0.37551146608357255 0.4197761485808227 0.4640408310780728 0.5083055135753229 0.5429678152667933 0.5673649546816026 0.591762094096412 0.6161592335112213 0.6405563729260306 0.66495351234084
0.0 0.0 0.0 0.0 0.0 0.0 0.0 0.0 0.0 0.0 0.0 0.0 0.0 0.0 0.0 0.0 0.0 0.0 0.0 0.0 0.0 0.0 0.0 0.0 0.0 0.0 0.0 0.0 0.0 0.0 0.0 0.0 0.0 0.021683149771035536 0.06654607705180507 0.11140900433257461 0.15627193161334416 0.2011348588941137 0.24599778617488324 0.2908607134556528 0.3357236407364223 0.38058656801726837 0.4254494952980379 0.47031242257880745 0.5151753498595769 0.549321723528553 0.572011858989877 0.5947019944512011 0.6173921299125252 0.6400822653738493 0.6627724008351733
0.0 0.0 0.0 0.0 0.0 0.0 0.0 0.0 0.0 0.0 0.0 0.0 0.0 0.0 0.0 0.0 0.0 0.0 0.0 0.0 0.0 0.0 0.0 0.0 0.0 0.0 0.0 0.0 0.0 0.0 0.0 0.0 0.0 0.021972293436574995 0.06743346550086393 0.11289463756515287 0.15835580962944182 0.20381698169373075 0.24927815375801968 0.2947393258223086 0.34020049788659756 0.385661669950964 0.43112284201525297 0.4765840140795419 0.5220451861438309 0.5556756317903125 0.5766587632981514 0.5976418948059902 0.618625026313829 0.6396081578216678 0.6605912893295065
0.0 0.0 0.0 0.0 0.0 0.0 0.0 0.0 0.0 0.0 0.0 0.0 0.0 0.0 0.0 0.0 0.0 0.0 0.0 0.0 0.0 0.0 0.0 0.0 0.0 0.0 0.0 0.0 0.0 0.0 0.0 0.0 0.0 0.022261437102114454 0.0683208539499228 0.11438027079773112 0.16043968764553945 0.2064991044933478 0.25255852134115614 0.2986179381889645 0.3446773550367728 0.3907367718846597 0.436796188732468 0.48285560558027635 0.5289150224280847 0.5620295400520722 0.5813056676064257 0.6005817951607793 0.6198579227151327 0.6391340502694863 0.6584101778238398
0.0 0.0 0.0 0.0 0.0 0.0 0.0 0.0 0.0 0.0 0.0 0.0 0.0 0.0 0.0 0.0 0.0 0.0 0.0 0.0 0.0 0.0 0.0 0.0 0.0 0.0 0.0 0.0 0.0 0.0 0.0 0.0 0.0 0.022550580767653917 0.06920824239898167 0.11586590403030941 0.16252356566163717 0.20918122729296493 0.2558388889242927 0.3024965505556204 0.3491542121869482 0.3958118738183555 0.44246953544968326 0.489127197081011 0.5357848587123387 0.5683834483138318 0.5859525719147001 0.6035216955155683 0.6210908191164366 0.638659942717305 0.6562290663181731
0.0 0.0 0.0 0.0 0.0 0.0 0.0 0.0 0.0 0.0 0.0 0.0 0.0 0.0 0.0 0.0 0.0 0.0 0.0 0.0 0.0 0.0 0.0 0.0 0.0 0.0 0.0 0.0 0.0 0.0 0.0 0.0 0.0 0.022839724433193376 0.07009563084804053 0.11735153726288768 0.16460744367773483 0.21186335009258198 0.2591192565074291 0.3063751629222763 0.3536310693371234 0.4008869757520512 0.4481428821668983 0.49539878858174546 0.5426546949965926 0.5747373565755914 0.5905994762229744 0.6064615958703574 0.6223237155177404 0.6381858351651234 0.6540479548125064
0.0 0.0 0.0 0.0 0.0 0.0 0.0 0.0 0.0 0.0 0.0 0.0 0.0 0.0 0.0 0.0 0.0 0.0 0.0 0.0 0.0 0.0 0.0 0.0 0.0 0.0 0.0 0.0 0.0 0.0 0.0 0.0 0.0 0.023128868098732838 0.0709830192970994 0.11883717049546595 0.1666913216938325 0.21454547289219905 0.2623996240905656 0.31025377528893217 0.3581079264872987 0.4059620776857469 0.45381622888411344 0.50167038008248 0.5495245312808466 0.581091264837351 0.5952463805312487 0.6094014962251465 0.6235566119190442 0.6377117276129419 0.6518668433068397
0.0 0.0 0.0 0.0 0.0 0.0 0.0 0.0 0.0 0.0 0.0 0.0 0.0 0.0 0.0 0.0 0.0 0.0 0.0 0.0 0.0 0.0 0.0 0.0 0.0 0.0 0.0 0.0 0.0 0.0 0.0 0.0 0.0 0.023418011764272547 0.07187040774615902 0.12032280372804549 0.16877519970993196 0.21722759569181843 0.26567999167370493 0.31413238765559137 0.36258478363747787 0.41103717961944697 0.4594895756013334 0.50794197158322 0.5563943675651064 0.587445173099116 0.5998932848395271 0.6123413965799381 0.6247895083203492 0.6372376200607601 0.6496857318011712
0.0 0.0 0.0 0.0 0.0 0.0 0.0 0.0 0.0 0.0 0.0 0.0 0.0 0.0 0.0 0.0 0.0 0.0 0.0 0.0 0.0 0.0 0.0 0.0 0.0 0.0 0.0 0.0 0.0 0.0 0.0 0.0 0.0 0.023707155429812006 0.07275779619521788 0.12180843696062375 0.17085907772602962 0.2199097184914355 0.26896035925684136 0.31801100002224725 0.36706164078765313 0.4161122815531426 0.4651629223185485 0.5142135630839544 0.5632642038493603 0.5937990813608757 0.6045401891478014 0.6152812969347271 0.6260224047216529 0.6367635125085787 0.6475046202955045
0.0 0.0 0.0 0.0 0.0 0.0 0.0 0.0 0.0 0.0 0.0 0.0 0.0 0.0 0.0 0.0 0.0 0.0 0.0 0.0 0.0 0.0 0.0 0.0 0.0 0.0 0.0 0.0 0.0 0.0 0.0 0.0 0.0 0.02399629909535147 0.07364518464427676 0.12329407019320204 0.17294295574212734 0.2225918412910526 0.2722407268399779 0.3218896123889032 0.3715384979378285 0.42118738348683843 0.4708362690357637 0.520485154584689 0.5701340401336142 0.6001529896226353 0.6091870934560758 0.6182211972895163 0.6272553011229568 0.6362894049563973 0.6453235087898378
0.0 0.0 0.0 0.0 0.0 0.0 0.0 0.0 0.0 0.0 0.0 0.0 0.0 0.0 0.0 0.0 0.0 0.0 0.0 0.0 0.0 0.0 0.0 0.0 0.0 0.0 0.0 0.0 0.0 0.0 0.0 0.0 0.0 0.024285442760890927 0.07453257309333561 0.1247797034257803 0.17502683375822498 0.22527396409066966 0.27552109442311434 0.32576822475555905 0.3760153550880037 0.4262624854205341 0.4765096157529788 0.5267567460854234 0.5770038764178682 0.6065068978843949 0.6138339977643501 0.6211610976443054 0.6284881975242606 0.6358152974042158 0.6431423972841711
0.01097175855285213 0.014121557757440137 0.017271356962033513 0.020421156166621518 0.023570955371209523 0.026720754575797527 0.02987055378038553 0.033020352984973536 0.036170152189561544 0.03726973198012816 0.03617758085603195 0.035085429731935736 0.033993278607839524 0.03290112748374331 0.03180897635964709 0.03071682523554902 0.02962467411145281 0.028532522987356597 0.027440371863260385 0.02634822073916417 0.025256069615067957 0.023697274506756932 0.021639626426264984 0.019581978345773035 0.01752433026528109 0.015466682184789141 0.013409034104297194 0.011351386023805246 0.00929373794330979 0.007236089862817843 0.005178441782325894 0.0031207937018339453 0.0010631456213420001 0.023450637416500723 0.0719705366107367 0.12049043580497268 0.16901033499920864 0.21753023419344464 0.26605013338768063 0.31457003258191657 0.36308993177615256 0.41160983097047127 0.46012973016470726 0.5086496293589432 0.5571695285531792 0.5852283946706668 0.591413953623068 0.5975995125754692 0.6037850715278704 0.6099706304802716 0.6161561894326728
0.03367163528808535 0.04333817046899474 0.053004705649920617 0.06267124083083 0.0723377760117394 0.0820043111926488 0.09167084637355818 0.10133738155446757 0.11100391673537696 0.11437845779000888 0.11102671484443702 0.10767497189886516 0.1043232289532933 0.10097148600772143 0.09761974306214957 0.09426800011657199 0.09091625717100013 0.08756451422542827 0.08421277127985641 0.08086102833428455 0.0775092853887127 0.07272544147498966 0.06641064923965166 0.06009585700431365 0.053781064768975644 0.04746627253363764 0.04115148029829963 0.03483668806296162 0.028521895827612845 0.02220710359227484 0.015892311356936833 0.009577519121598821 0.003262726886260822 0.02141440143946149 0.06572128234396422 0.11002816324846697 0.1543350441529697 0.19864192505747244 0.24294880596197518 0.28725568686647796 0.33156256777098064 0.375869448675559 0.4201763295800617 0.4644832104845644 0.5087900913890672 0.5344125856652012 0.5400610480153534 0.5457095103655055 0.5513579727156578 0.5570064350658099 0.5626548974159621
0.05637151202333796 0.0725547831805743 0.08873805433783825 0.10492132549507459 0.12110459665231094 0.1372878678095473 0.15347113896678363 0.16965441012401997 0.18583768128125633 0.1914871835999555 0.18587584883290606 0.1802645140658566 0.17465317929880717 0.16904184453175772 0.1634305097647083 0.15781917499764928 0.15220784023059983 0.14659650546355038 0.14098517069650096 0.1353738359294515 0.12976250116240207 0.12175360844326427 0.11118167205307657 0.10060973566288886 0.09003779927270117 0.07946586288251346 0.06889392649232576 0.05832199010213805 0.04775005371193233 0.03717811732174463 0.026606180931556922 0.016034244541369216 0.005462308151181525 0.019378165462420528 0.05947202807718645 0.09956589069195237 0.1396597533067183 0.1797536159214842 0.21984747853625014 0.259941341151016 0.30003520376578197 0.34012906638061624 0.3802229289953822 0.4203167916101481 0.460410654224914 0.4835967766596924 0.4887081424075951 0.4938195081554978 0.49893087390340046 0.5040422396513031 0.5091536053992058
0.07907138875857121 0.10177139589212895 0.1244714030257254 0.14717141015928314 0.1698714172928409 0.19257142442639863 0.21527143155995637 0.23797143869351411 0.26067144582707186 0.2685959094098363 0.26072498282131124 0.2528540562327861 0.24498312964426103 0.23711220305573594 0.22924127646721082 0.2213703498786723 0.2134994232901472 0.2056284967016221 0.19775757011309703 0.1898866435245719 0.1820157169360468 0.170781775411497 0.15595269486646324 0.14112361432142947 0.1262945337763957 0.11146545323136195 0.09663637268632819 0.08180729214129444 0.06697821159623539 0.052149131051201614 0.03732005050616785 0.02249096996113409 0.007661889416100326 0.0173419294853813 0.053222773810413994 0.08910361813544668 0.12498446246047937 0.16086530678551206 0.19674615111054475 0.23262699543557744 0.26850783976061016 0.304388684085704 0.3402695284107367 0.3761503727357694 0.4120312170608021 0.4327809676542268 0.4373552367998805 0.44192950594553415 0.4465037750911878 0.45107804423684145 0.4556523133824951
0.10177126549380446 0.1309880086036836 0.16020475171361256 0.1894214948234917 0.21863823793337084 0.24785498104324996 0.2770717241531291 0.30628846726300823 0.3355052103728874 0.34570463521971717 0.3355741168097164 0.32544359839971565 0.31531307998971486 0.30518256157971413 0.29505204316971334 0.28492152475969534 0.27479100634969456 0.2646604879396938 0.2545299695296931 0.2443994511196923 0.23426893270969157 0.21980994237972973 0.20072371767984992 0.1816374929799701 0.16255126828009026 0.14346504358021045 0.12437881888033063 0.10529259418045081 0.08620636948053845 0.06712014478065861 0.04803392008077881 0.028947695380898975 0.009861470681019169 0.015305693508342067 0.04697351954364152 0.07864134557894098 0.11030917161424043 0.1419769976495399 0.17364482368483936 0.2053126497201388 0.23698047575543826 0.2686483017907917 0.3003161278260912 0.3319839538613906 0.36365177989669006 0.38196515864876124 0.38600233119216587 0.3900395037355705 0.39407667627897514 0.39811384882237977 0.4021510213657844
0.1244711422290377 0.16020462131523822 0.1959381004014997 0.2316715794877002 0.26740505857390073 0.3031385376601013 0.3388720167463018 0.3746054958325023 0.41033897491870286 0.422813361029598 0.41042325079812153 0.3980331405666451 0.3856430303351687 0.3732529201036923 0.3608628098722159 0.34847269964071836 0.33608258940924196 0.32369247917776556 0.31130236894628915 0.2989122587148127 0.2865221484833363 0.2688381093479625 0.24549474049323658 0.2221513716385107 0.19880800278378483 0.17546463392905892 0.15212126507433307 0.1287778962196072 0.10543452736484149 0.08209115851011561 0.05874778965538974 0.03540442080066386 0.012061051945937984 0.013269457531302839 0.040724265276869065 0.0681790730224353 0.09563388076800151 0.12308868851356775 0.15054349625913396 0.17799830400470018 0.20545311175026643 0.23290791949587947 0.2603627272414457 0.2878175349870119 0.31527234273257815 0.33114934964329573 0.3346494255844513 0.33814950152560697 0.34164957746676256 0.34514965340791814 0.3486497293490738
