Figures/CREST_Example_wjb_NSE/Rolling_result/20100722/BJP_forecast/ens_30/wjb.rain.20100725.asc
ncols            288
nrows            254
xllcorner        113.274861
yllcorner        31.4918055
cellsize         0.008333333333
NODATA_value     -9999
[rows 25 to 49 of 254, columns 112 to 167 of 288]
1.476537122080858 1.4721379103120358 1.4677386985432133 1.4633394867743907 1.4589402750055682 1.4545410632367384 1.4501418514679159 1.4457426396990936 1.441343427930271 1.4369442161614485 1.432545004392626 1.7123389448532023 1.7123389448532023 1.7123389448532023 1.7123389448532023 -9999.0 -9999.0 -9999.0 -9999.0 -9999.0 -9999.0 -9999.0 -9999.0 -9999.0 -9999.0 -9999.0 -9999.0 -9999.0 -9999.0 -9999.0 -9999.0 -9999.0 -9999.0 -9999.0 -9999.0 -9999.0 -9999.0 -9999.0 -9999.0 -9999.0 -9999.0 -9999.0 -9999.0 -9999.0 -9999.0 -9999.0 -9999.0 -9999.0 -9999.0 -9999.0 -9999.0 -9999.0 -9999.0 -9999.0 -9999.0 -9999.0
4.531399318675395 4.517898415166881 4.504397511658366 4.4908966081498525 4.477395704641339 4.463894801132802 4.450393897624288 4.436892994115774 4.423392090607259 4.409891187098745 4.3963902835902315 1.7123389448532023 1.7123389448532023 1.7123389448532023 1.7123389448532023 -9999.0 -9999.0 -9999.0 -9999.0 -9999.0 -9999.0 -9999.0 -9999.0 -9999.0 -9999.0 -9999.0 -9999.0 -9999.0 -9999.0 -9999.0 -9999.0 -9999.0 -9999.0 -9999.0 -9999.0 -9999.0 -9999.0 -9999.0 -9999.0 -9999.0 -9999.0 -9999.0 -9999.0 -9999.0 -9999.0 -9999.0 -9999.0 -9999.0 -9999.0 -9999.0 -9999.0 -9999.0 -9999.0 -9999.0 -9999.0 -9999.0
7.5862615152725414 7.563658920024328 7.541056324776114 7.5184537295279 7.495851134279687 7.4732485390314345 7.450645943783221 7.428043348535008 7.405440753286794 7.382838158038581 7.3602355627903675 1.7123389448532023 1.7123389448532023 1.7123389448532023 1.7123389448532023 1.7123389448532023 1.7123389448532023 1.7123389448532023 -9999.0 -9999.0 -9999.0 -9999.0 -9999.0 -9999.0 -9999.0 -9999.0 -9999.0 -9999.0 -9999.0 -9999.0 -9999.0 -9999.0 -9999.0 -9999.0 -9999.0 -9999.0 -9999.0 -9999.0 -9999.0 -9999.0 -9999.0 -9999.0 -9999.0 -9999.0 -9999.0 -9999.0 -9999.0 -9999.0 -9999.0 -9999.0 -9999.0 -9999.0 -9999.0 -9999.0 -9999.0 -9999.0
10.641123711867078 10.609419424879173 10.577715137891268 10.546010850903365 10.51430656391546 10.4826022769275 10.450897989939595 10.41919370295169 10.387489415963786 10.355785128975882 10.324080841987977 1.7123389448532023 1.7123389448532023 1.7123389448532023 1.7123389448532023 1.7123389448532023 1.7123389448532023 1.7123389448532023 1.7123389448532023 1.7123389448532023 1.7123389448532023 -9999.0 -9999.0 -9999.0 -9999.0 -9999.0 -9999.0 -9999.0 -9999.0 -9999.0 -9999.0 -9999.0 -9999.0 -9999.0 -9999.0 -9999.0 -9999.0 -9999.0 -9999.0 -9999.0 -9999.0 -9999.0 -9999.0 -9999.0 -9999.0 -9999.0 -9999.0 -9999.0 -9999.0 -9999.0 -9999.0 -9999.0 -9999.0 -9999.0 -9999.0 -9999.0
13.695985908461617 13.655179929734022 13.614373951006424 13.573567972278829 13.532761993551231 13.491956014823565 13.451150036095969 13.410344057368372 13.369538078640774 13.328732099913179 13.287926121185581 1.7123389448532023 1.7123389448532023 1.7123389448532023 1.7123389448532023 1.7123389448532023 1.7123389448532023 1.7123389448532023 1.7123389448532023 1.7123389448532023 1.7123389448532023 1.7123389448532023 1.7123389448532023 -9999.0 -9999.0 -9999.0 -9999.0 -9999.0 -9999.0 -9999.0 -9999.0 -9999.0 -9999.0 -9999.0 -9999.0 -9999.0 -9999.0 -9999.0 -9999.0 -9999.0 -9999.0 -9999.0 -9999.0 -9999.0 -9999.0 -9999.0 -9999.0 -9999.0 -9999.0 -9999.0 -9999.0 -9999.0 -9999.0 -9999.0 -9999.0 -9999.0
16.750848105056157 16.70094043458887 16.65103276412158 16.601125093654293 16.551217423187005 16.50130975271963 16.451402082252343 16.401494411785055 16.351586741317767 16.30167907085048 16.25177140038319 1.7123389448532023 1.7123389448532023 1.7123389448532023 1.7123389448532023 1.7123389448532023 1.7123389448532023 1.7123389448532023 1.7123389448532023 1.7123389448532023 1.7123389448532023 1.7123389448532023 1.7123389448532023 1.7123389448532023 1.7123389448532023 1.7123389448532023 -9999.0 -9999.0 -9999.0 -9999.0 -9999.0 -9999.0 -9999.0 -9999.0 -9999.0 -9999.0 -9999.0 -9999.0 -9999.0 -9999.0 -9999.0 -9999.0 -9999.0 -9999.0 -9999.0 -9999.0 -9999.0 -9999.0 -9999.0 -9999.0 -9999.0 -9999.0 -9999.0 -9999.0 -9999.0 -9999.0
19.805710301650695 19.746700939443716 19.687691577236738 19.628682215029755 19.569672852822777 19.5106634906157 19.451654128408716 19.392644766201737 19.33363540399476 19.27462604178778 19.2156166795808 1.7123389448532023 1.7123389448532023 1.7123389448532023 1.7123389448532023 1.7123389448532023 1.7123389448532023 1.7123389448532023 1.7123389448532023 1.7123389448532023 1.7123389448532023 1.7123389448532023 1.7123389448532023 1.7123389448532023 1.7123389448532023 1.7123389448532023 -9999.0 -9999.0 -9999.0 -9999.0 -9999.0 -9999.0 -9999.0 -9999.0 -9999.0 -9999.0 -9999.0 -9999.0 -9999.0 -9999.0 -9999.0 -9999.0 -9999.0 -9999.0 -9999.0 -9999.0 -9999.0 -9999.0 -9999.0 -9999.0 -9999.0 -9999.0 -9999.0 -9999.0 -9999.0 -9999.0
22.860572498245237 22.792461444298564 22.724350390351894 22.65623933640522 22.588128282458552 22.520017228511765 22.451906174565092 22.383795120618423 22.31568406667175 22.24757301272508 22.179461958778408 1.7123389448532023 1.7123389448532023 1.7123389448532023 1.7123389448532023 1.7123389448532023 1.7123389448532023 1.7123389448532023 1.7123389448532023 1.7123389448532023 1.7123389448532023 1.7123389448532023 1.7123389448532023 1.7123389448532023 1.7123389448532023 1.7123389448532023 -9999.0 -9999.0 -9999.0 -9999.0 -9999.0 -9999.0 -9999.0 -9999.0 -9999.0 -9999.0 -9999.0 -9999.0 -9999.0 -9999.0 -9999.0 -9999.0 -9999.0 -9999.0 -9999.0 -9999.0 -9999.0 -9999.0 -9999.0 -9999.0 -9999.0 -9999.0 -9999.0 -9999.0 -9999.0 -9999.0
25.91543469484238 25.838221949156008 25.761009203469637 25.683796457783266 25.606583712096896 25.529370966410397 25.452158220724026 25.374945475037656 25.297732729351285 25.220519983664914 25.143307237978544 1.7123389448532023 1.7123389448532023 1.7123389448532023 1.7123389448532023 1.7123389448532023 1.7123389448532023 1.7123389448532023 1.7123389448532023 1.7123389448532023 1.7123389448532023 1.7123389448532023 1.7123389448532023 1.7123389448532023 1.7123389448532023 1.7123389448532023 1.7123389448532023 -9999.0 -9999.0 -9999.0 -9999.0 -9999.0 -9999.0 -9999.0 -9999.0 -9999.0 -9999.0 -9999.0 -9999.0 -9999.0 -9999.0 -9999.0 -9999.0 -9999.0 -9999.0 -9999.0 -9999.0 -9999.0 -9999.0 -9999.0 -9999.0 -9999.0 -9999.0 -9999.0 -9999.0 -9999.0
28.97029689143692 28.883982454010855 28.797668016584794 28.711353579158732 28.62503914173267 28.538724704306464 28.4524102668804 28.366095829454338 28.279781392028276 28.193466954602215 28.107152517176154 1.7123389448532023 1.7123389448532023 1.7123389448532023 1.7123389448532023 1.7123389448532023 1.7123389448532023 1.7123389448532023 1.7123389448532023 1.7123389448532023 1.7123389448532023 1.7123389448532023 1.7123389448532023 1.7123389448532023 1.7123389448532023 1.7123389448532023 1.7123389448532023 1.7123389448532023 -9999.0 -9999.0 -9999.0 -9999.0 -9999.0 -9999.0 -9999.0 -9999.0 -9999.0 -9999.0 -9999.0 -9999.0 -9999.0 -9999.0 -9999.0 -9999.0 -9999.0 -9999.0 -9999.0 -9999.0 -9999.0 -9999.0 -9999.0 -9999.0 -9999.0 -9999.0 -9999.0 -9999.0
32.02515908803146 31.929742958865706 31.83432682969995 31.7389107005342 31.643494571368446 31.54807844220253 31.452662313036775 31.357246183871023 31.261830054705268 31.166413925539516 31.070997796373764 1.7123389448532023 1.7123389448532023 1.7123389448532023 1.7123389448532023 1.7123389448532023 1.7123389448532023 1.7123389448532023 1.7123389448532023 1.7123389448532023 1.7123389448532023 1.7123389448532023 1.7123389448532023 1.7123389448532023 1.7123389448532023 1.7123389448532023 1.7123389448532023 1.7123389448532023 -9999.0 -9999.0 -9999.0 -9999.0 -9999.0 -9999.0 -9999.0 -9999.0 -9999.0 -9999.0 -9999.0 -9999.0 -9999.0 -9999.0 -9999.0 -9999.0 -9999.0 -9999.0 -9999.0 -9999.0 -9999.0 -9999.0 -9999.0 -9999.0 -9999.0 -9999.0 -9999.0 -9999.0
35.08002128462599 34.97550346372055 34.87098564281511 34.766467821909664 34.661950001004215 34.557432180098594 34.45291435919315 34.3483965382877 34.24387871738226 34.139360896476816 34.034843075571374 1.7123389448532023 1.7123389448532023 1.7123389448532023 1.7123389448532023 1.7123389448532023 1.7123389448532023 1.7123389448532023 1.7123389448532023 1.7123389448532023 1.7123389448532023 1.7123389448532023 1.7123389448532023 1.7123389448532023 1.7123389448532023 1.7123389448532023 1.7123389448532023 1.7123389448532023 1.7123389448532023 -9999.0 -9999.0 -9999.0 -9999.0 -9999.0 -9999.0 -9999.0 -9999.0 -9999.0 -9999.0 -9999.0 -9999.0 -9999.0 -9999.0 -9999.0 -9999.0 -9999.0 -9999.0 -9999.0 -9999.0 -9999.0 -9999.0 -9999.0 -9999.0 -9999.0 -9999.0 -9999.0
36.733404598821046 36.63615486342708 36.538905128033115 36.441655392639156 36.34440565724519 36.24715592185106 36.149906186457095 36.052656451063136 35.95540671566917 35.858156980275204 35.76090724488124 34.2723539064381 31.296465552297832 28.32057719815756 25.34468884401729 22.368800489877025 19.39291213573675 16.417023781596484 13.441135427451137 10.465247073310866 7.489358719170596 4.513470365030326 1.5375820108900555 1.7123389448532023 1.7123389448532023 1.7123389448532023 1.7123389448532023 1.7123389448532023 1.7123389448532023 1.7123389448532023 1.7123389448532023 -9999.0 -9999.0 -9999.0 -9999.0 -9999.0 -9999.0 -9999.0 -9999.0 -9999.0 -9999.0 -9999.0 -9999.0 -9999.0 -9999.0 -9999.0 -9999.0 -9999.0 -9999.0 -9999.0 -9999.0 -9999.0 -9999.0 -9999.0 -9999.0 -9999.0
36.88869536074261 36.81621197051309 36.74372858028356 36.67124519005403 36.5987617998245 36.526278409594845 36.453795019365316 36.38131162913579 36.308828238906266 36.23634484867674 36.16386145844721 34.67135935165839 31.6608251234439 28.650290895229407 25.639756667014915 22.629222438800426 19.618688210585933 16.60815398237144 13.597619754151815 10.587085525937322 7.576551297722833 4.566017069508341 1.555482841293852 1.7123389448532023 1.7123389448532023 1.7123389448532023 1.7123389448532023 1.7123389448532023 1.7123389448532023 1.7123389448532023 1.7123389448532023 -9999.0 -9999.0 -9999.0 -9999.0 -9999.0 -9999.0 -9999.0 -9999.0 -9999.0 -9999.0 -9999.0 -9999.0 -9999.0 -9999.0 -9999.0 -9999.0 -9999.0 -9999.0 -9999.0 -9999.0 -9999.0 -9999.0 -9999.0 -9999.0 -9999.0
37.04398612266418 36.99626907759909 36.948552032533996 36.900834987468905 36.85311794240381 36.805400897338636 36.757683852273544 36.70996680720845 36.66224976214336 36.61453271707827 36.56681567201318 35.070364796878685 32.02518469458997 28.980004592301256 25.934824490012545 22.889644387723827 19.844464285435116 16.7992841831464 13.754104080852496 10.708923978563782 7.663743876275067 4.618563773986356 1.5733836716976413 1.7123389448532023 1.7123389448532023 1.7123389448532023 1.7123389448532023 1.7123389448532023 1.7123389448532023 1.7123389448532023 1.7123389448532023 -9999.0 -9999.0 -9999.0 -9999.0 -9999.0 -9999.0 -9999.0 -9999.0 -9999.0 -9999.0 -9999.0 -9999.0 -9999.0 -9999.0 -9999.0 -9999.0 -9999.0 -9999.0 -9999.0 -9999.0 -9999.0 -9999.0 -9999.0 -9999.0 -9999.0
37.199276884585885 37.176326184685244 37.15337548478461 37.13042478488398 37.10747408498334 37.08452338508266 37.06157268518203 37.038621985281395 37.015671285380755 36.99272058548012 36.96976988557948 35.46937024209931 32.38954426573635 29.309718289373382 26.229892313010417 23.150066336647456 20.07024036028449 16.990414383921525 13.910588407553309 10.830762431190344 7.750936454827379 4.6711104784644135 1.591284502101452 1.7123389448532023 1.7123389448532023 1.7123389448532023 1.7123389448532023 1.7123389448532023 1.7123389448532023 1.7123389448532023 1.7123389448532023 -9999.0 -9999.0 -9999.0 -9999.0 -9999.0 -9999.0 -9999.0 -9999.0 -9999.0 -9999.0 -9999.0 -9999.0 -9999.0 -9999.0 -9999.0 -9999.0 -9999.0 -9999.0 -9999.0 -9999.0 -9999.0 -9999.0 -9999.0 -9999.0 -9999.0
37.354567646507455 37.35638329177125 37.358198937035056 37.36001458229885 37.36183022756265 37.36364587282645 37.36546151809026 37.36727716335405 37.36909280861786 37.370908453881654 37.37272409914545 35.868375687319606 32.75390383688242 29.63943198644523 26.524960136008048 23.41048828557086 20.296016435133673 17.181544584696486 14.06707273425399 10.952600883816803 7.838129033379616 4.723657182942432 1.6091853325052412 1.7123389448532023 1.7123389448532023 1.7123389448532023 1.7123389448532023 1.7123389448532023 1.7123389448532023 1.7123389448532023 1.7123389448532023 1.7123389448532023 -9999.0 -9999.0 -9999.0 1.7123389448532023 1.7123389448532023 -9999.0 -9999.0 -9999.0 -9999.0 -9999.0 -9999.0 -9999.0 -9999.0 -9999.0 -9999.0 -9999.0 -9999.0 -9999.0 -9999.0 -9999.0 -9999.0 -9999.0 -9999.0 -9999.0
37.509858408429025 37.53644039885726 37.56302238928549 37.58960437971373 37.61618637014196 37.642768360570244 37.66935035099848 37.69593234142671 37.722514331854946 37.74909632228318 37.77567831271142 36.267381132539896 33.11826340802848 29.969145683517077 26.82002795900567 23.67091023449426 20.521792509982852 17.372674785471446 14.223557060954665 11.074439336443259 7.9253216119318495 4.7762038874204436 1.6270861629090305 1.7123389448532023 1.7123389448532023 1.7123389448532023 1.7123389448532023 1.7123389448532023 1.7123389448532023 1.7123389448532023 1.7123389448532023 1.7123389448532023 1.7123389448532023 1.7123389448532023 1.7123389448532023 1.7123389448532023 1.7123389448532023 -9999.0 -9999.0 1.7123389448532023 1.7123389448532023 1.7123389448532023 1.7123389448532023 -9999.0 -9999.0 -9999.0 -9999.0 -9999.0 -9999.0 -9999.0 -9999.0 -9999.0 -9999.0 -9999.0 -9999.0 -9999.0
37.665149170350595 37.71649750594326 37.76784584153593 37.8191941771286 37.87054251272127 37.92189084831403 37.9732391839067 38.02458751949937 38.07593585509204 38.12728419068471 38.17863252627738 36.66638657776018 33.48262297917455 30.298859380588922 27.11509578200329 23.93133218341766 20.74756858483203 17.563804986246403 14.380041387655343 11.196277789069715 8.012514190484083 4.828750591898455 1.644986993312827 1.7123389448532023 1.7123389448532023 1.7123389448532023 1.7123389448532023 1.7123389448532023 1.7123389448532023 1.7123389448532023 1.7123389448532023 1.7123389448532023 1.7123389448532023 1.7123389448532023 1.7123389448532023 1.7123389448532023 1.7123389448532023 1.7123389448532023 1.7123389448532023 1.7123389448532023 1.7123389448532023 1.7123389448532023 1.7123389448532023 1.7123389448532023 -9999.0 -9999.0 -9999.0 -9999.0 -9999.0 -9999.0 -9999.0 -9999.0 -9999.0 -9999.0 -9999.0 -9999.0
37.820439932272166 37.89655461302927 37.972669293786375 38.04878397454348 38.12489865530058 38.20101333605782 38.27712801681493 38.353242697572036 38.42935737832914 38.505472059086244 38.58158673984335 37.065392022980475 33.846982550320625 30.62857307766077 27.410163605000918 24.191754132341067 20.973344659681217 17.754935187021363 14.536525714356024 11.31811624169617 8.09970676903632 4.8812972963764665 1.6628878237166163 1.7123389448532023 1.7123389448532023 1.7123389448532023 1.7123389448532023 1.7123389448532023 1.7123389448532023 1.7123389448532023 1.7123389448532023 1.7123389448532023 1.7123389448532023 1.7123389448532023 1.7123389448532023 1.7123389448532023 1.7123389448532023 1.7123389448532023 1.7123389448532023 1.7123389448532023 1.7123389448532023 1.7123389448532023 1.7123389448532023 1.7123389448532023 1.7123389448532023 -9999.0 -9999.0 -9999.0 -9999.0 -9999.0 -9999.0 -9999.0 -9999.0 -9999.0 -9999.0 -9999.0
37.97573069419373 38.076611720115274 38.17749274603681 38.27837377195836 38.379254797879895 38.48013582380161 38.58101684972315 38.681897875644694 38.78277890156623 38.88365992748778 38.984540953409315 37.464397468200765 34.211342121466686 30.958286774732613 27.70523142799854 24.45217608126447 21.199120734530396 17.94606538779632 14.693010041056702 11.439954694322626 8.186899347588554 4.933844000854478 1.6807886541204056 1.7123389448532023 1.7123389448532023 1.7123389448532023 1.7123389448532023 1.7123389448532023 1.7123389448532023 1.7123389448532023 1.7123389448532023 1.7123389448532023 1.7123389448532023 1.7123389448532023 1.7123389448532023 1.7123389448532023 1.7123389448532023 1.7123389448532023 1.7123389448532023 1.7123389448532023 1.7123389448532023 1.7123389448532023 1.7123389448532023 1.7123389448532023 1.7123389448532023 -9999.0 1.7123389448532023 1.7123389448532023 1.7123389448532023 -9999.0 -9999.0 -9999.0 -9999.0 -9999.0 -9999.0 -9999.0
38.13102145611544 38.25666882720144 38.382316198287434 38.50796356937343 38.63361094045943 38.75925831154564 38.88490568263164 39.010553053717636 39.13620042480363 39.26184779588963 39.38749516697563 37.863402913421396 34.57570169261307 31.28800047180475 28.000299250996424 24.712598030188097 21.424896809379774 18.137195588571448 14.849494367757519 11.561793146949192 8.27409192614087 4.986390705332546 1.6986894845242162 1.7123389448532023 1.7123389448532023 1.7123389448532023 1.7123389448532023 1.7123389448532023 1.7123389448532023 1.7123389448532023 1.7123389448532023 1.7123389448532023 1.7123389448532023 1.7123389448532023 1.7123389448532023 1.7123389448532023 1.7123389448532023 1.7123389448532023 1.7123389448532023 1.7123389448532023 1.7123389448532023 1.7123389448532023 1.7123389448532023 1.7123389448532023 1.7123389448532023 1.7123389448532023 1.7123389448532023 1.7123389448532023 1.7123389448532023 -9999.0 -9999.0 -9999.0 -9999.0 -9999.0 -9999.0 -9999.0
38.28631221803701 38.43672593428744 38.58713965053787 38.737553366788305 38.88796708303874 39.03838079928943 39.18879451553986 39.339208231790295 39.48962194804073 39.64003566429116 39.790449380541595 38.262408358641686 34.94006126375914 31.617714168876592 28.295367073994043 24.9730199791115 21.650672884228953 18.328325789346408 15.005978694458193 11.683631599575648 8.361284504693103 5.038937409810558 1.7165903149280055 1.7123389448532023 1.7123389448532023 1.7123389448532023 1.7123389448532023 1.7123389448532023 1.7123389448532023 1.7123389448532023 1.7123389448532023 1.7123389448532023 1.7123389448532023 1.7123389448532023 1.7123389448532023 1.7123389448532023 1.7123389448532023 1.7123389448532023 1.7123389448532023 1.7123389448532023 1.7123389448532023 1.7123389448532023 1.7123389448532023 1.7123389448532023 1.7123389448532023 1.7123389448532023 1.7123389448532023 1.7123389448532023 -9999.0 -9999.0 -9999.0 -9999.0 -9999.0 -9999.0 -9999.0 -9999.0
38.441602979958574 38.616783041373445 38.791963102788316 38.96714316420318 39.14232322561805 39.31750328703322 39.49268334844808 39.66786340986295 39.843043471277824 40.01822353269269 40.19340359410756 38.661413803861976 35.3044208349052 31.947427865948434 28.590434896991667 25.2334419280349 21.876448959078132 18.519455990121365 15.162463021158871 11.805470052202104 8.448477083245336 5.091484114288569 1.734491145331802 1.7123389448532023 1.7123389448532023 1.7123389448532023 1.7123389448532023 1.7123389448532023 1.7123389448532023 1.7123389448532023 1.7123389448532023 1.7123389448532023 1.7123389448532023 1.7123389448532023 1.7123389448532023 1.7123389448532023 1.7123389448532023 1.7123389448532023 1.7123389448532023 1.7123389448532023 1.7123389448532023 1.7123389448532023 1.7123389448532023 1.7123389448532023 1.7123389448532023 1.7123389448532023 1.7123389448532023 1.7123389448532023 1.7123389448532023 1.7123389448532023 1.7123389448532023 -9999.0 -9999.0 -9999.0 -9999.0 -9999.0
38.848312327582576 39.00967137909906 39.17103043061555 39.33238948213204 39.49374853364853 39.65510758516529 39.81646663668178 39.977825688198266 40.13918473971476 40.30054379123124 40.46190284274773 38.92987506687382 35.587578476933594 32.24528188699337 28.902985297053146 25.560688707112924 22.218392117172698 18.876095527232472 15.533798937286548 12.191502347346326 8.8492057574061 5.506909167465878 2.164612577525652 0.42008506620299924 0.3836088364225027 0.3471326066420062 0.31065637686150965 0.2741801470810131 0.2377039173005166 0.20122768752002007 0.16475145773952354 0.1282752279589648 0.09179899817846826 0.05532276839797173 0.018846538617475206 0.0 0.0 0.0 0.0 0.0 0.0 0.0 0.0 0.0 0.0 0.0 0.0 1.7123389448532023 1.7123389448532023 1.7123389448532023 1.7123389448532023 1.7123389448532023 1.7123389448532023 1.7123389448532023 -9999.0 -9999.0
