Figures/CREST_Example_wjb_NSE/Rolling_result/20100722/BJP_forecast/ens_30/wjb.rain.20100727.asc
ncols            288
nrows            254
xllcorner        113.274861
yllcorner        31.4918055
cellsize         0.008333333333
NODATA_value     -9999
[rows 56 to 83 of 254, columns 62 to 123 of 288]
0.0 0.0 0.0 0.0 0.0 0.0 0.0 0.0 0.0 0.0 0.0 0.0 0.0 0.0 0.0 0.0 0.0 0.0 0.0 0.0 0.0 0.0 0.0 0.0 0.0 0.0 0.0 0.0 0.0 0.0 0.0 0.0 0.0 0.0 0.0 0.0 0.0 0.0 0.0 0.0 0.0 0.0 0.0 0.0 0.0 0.0 0.0 0.0 0.0 0.0 0.0 0.0 0.0 0.0 0.0 0.0 0.0 0.0 0.0 0.0 0.0 0.0
0.0 0.0 0.0 0.0 0.0 0.0 0.0 0.0 0.0 0.0 0.0 0.0 0.0 0.0 0.0 0.0 0.0 0.0 0.0 0.0 0.0 0.0 0.0 0.0 0.0 0.0 0.0 0.0 0.0 0.0 0.0 0.0 0.0 0.0 0.0 0.0 0.0 0.0 0.0 0.0 0.0 0.0 0.0 0.0 0.0 0.0 0.0 0.0 0.0 0.0 0.0 0.0 0.0 0.0 0.0 0.0 0.0 0.0 0.0 0.0 0.0 0.0
0.0 0.0 0.0 0.0 0.0 0.0 0.0 0.0 0.0 0.0 0.0 0.0 0.0 0.0 0.0 0.0 0.0 0.0 0.0 0.0 0.0 0.0 0.0 0.0 0.0 0.0 0.0 0.0 0.0 0.0 0.0 0.0 0.0 0.0 0.0 0.0 0.0 0.0 0.0 0.0 0.0 0.0 0.0 0.0 0.0 0.0 0.0 0.0 0.0 0.0 0.0 0.0 0.0 0.0 0.0 0.0 0.0 0.0 0.0 0.0 0.0 0.0
0.0 0.0 0.0 0.0 0.0 0.0 0.0 0.0 0.0 0.0 0.0 0.0 0.0 0.0 0.0 0.0 0.0 0.0 0.0 0.0 0.0 0.0 0.0 0.0 0.0 0.0 0.0 0.0 0.0 0.0 0.0 0.0 0.0 0.0 0.0 0.0 0.0 0.0 0.0 0.0 0.0 0.0 0.0 0.0 0.0 0.0 0.0 0.0 0.0 0.0 0.0 0.0 0.0 0.0 0.0 0.0 0.0 0.0 0.0 0.0 0.0 0.0
0.0 0.0 0.0 0.0 0.0 0.0 0.0 0.0 0.0 0.0 0.0 0.0 0.0 0.0 0.0 0.0 0.0 0.0 0.0 0.0 0.0 0.0 0.0 0.0 0.0 0.0 0.0 0.0 0.0 0.0 0.0 0.0 0.0 0.0 0.0 0.0 0.0 0.0 0.0 0.0 0.0 0.0 0.0 0.0 0.0 0.0 0.0 0.0 0.0 0.0 0.0 0.0 0.0 0.0 0.0 0.0 0.0 0.0 0.0 0.0 0.0 0.0
0.0 0.0 0.0 0.0 0.0 0.0 0.0 0.0 0.0 0.0 0.0 0.0 0.0 0.0013405291729738096 0.004114114336631829 0.0068876995002898475 0.009661284663952597 0.012434869827610615 0.015208454991268635 0.017982040154926653 0.020755625318584672 0.023529210482242692 0.02630279564590071 0.029076380809558728 0.03184996597321675 0.03323354282289535 0.03313116935874937 0.0330287958946034 0.032926422430457424 0.03282404896631127 0.032721675502165294 0.03261930203801932 0.032516928573873345 0.03241455510972737 0.032312181645581396 0.03220980818143542 0.03210743471728945 0.03076349036739925 0.028092278667887584 0.02542106696837592 0.022749855268864257 0.020078643569352593 0.01740743186983637 0.014736220170324707 0.012065008470813043 0.00939379677130138 0.006722585071789716 0.004051373372278053 0.0013801616727663855 0.0 0.0 0.0 0.0 0.0 0.0 0.0 0.0 0.0 0.0 0.0 0.0 0.0
0.0 0.0 0.0 0.0 0.0 0.0 0.0 0.0 0.0 0.0 0.0 0.0 0.0 0.0041139995076532295 0.01262595749243207 0.02113791547721091 0.029649873462004265 0.038161831446783104 0.04667378943156194 0.05518574741634078 0.06369770540111962 0.07220966338589846 0.0807216213706773 0.08923357935545614 0.09774553734023497 0.10199164745341593 0.10167746974689204 0.10136329204036816 0.10104911433384427 0.10073493662731985 0.10042075892079597 0.10010658121427207 0.09979240350774819 0.09947822580122431 0.09916404809470042 0.09884987038817654 0.09853569268165265 0.09441121221137971 0.08621343193312593 0.07801565165487215 0.06981787137661835 0.06162009109836456 0.0534223108200968 0.04522453054184301 0.03702675026358922 0.02882896998533542 0.020631189707081637 0.01243340942882784 0.004235629150574058 0.0 0.0 0.0 0.0 0.0 0.0 0.0 0.0 0.0 0.0 0.0 0.0 0.0
0.0 0.0 0.0 0.0 0.0 0.0 0.0 0.0 0.0 0.0 0.0 0.0 0.0 0.006887469842332646 0.0211378006482323 0.03538813145413195 0.04963846226005591 0.06388879306595556 0.07813912387185522 0.09238945467775486 0.10663978548365452 0.12089011628955416 0.13514044709545384 0.14939077790135347 0.16364110870725312 0.17074975208393642 0.17022377013503462 0.16969778818613282 0.16917180623723105 0.16864582428832836 0.16811984233942656 0.1675938603905248 0.167067878441623 0.16654189649272122 0.16601591454381942 0.16548993259491765 0.16496395064601585 0.1580589340553602 0.14433458519836428 0.13061023634136837 0.11688588748437244 0.10316153862737652 0.08943718977035721 0.07571284091336129 0.06198849205636538 0.04826414319936946 0.03453979434237353 0.020815445485377615 0.007091096628381699 0.0 0.0 0.0 0.0 0.0 0.0 0.0 0.0 0.0 0.0 0.0 0.0 0.0
0.0 0.0 0.0 0.0 0.0 0.0 0.0 0.0 0.0 0.0 0.0 0.0 0.0 0.009660940177012066 0.02964964380403254 0.04963834743105301 0.06962705105810757 0.08961575468512804 0.10960445831214852 0.129593161939169 0.14958186556618946 0.16957056919320995 0.1895592728202304 0.2095479764472509 0.22953668007427136 0.23950785671445698 0.23877007052317728 0.2380322843318976 0.2372944981406179 0.23655671194933695 0.23581892575805724 0.23508113956677754 0.23434335337549786 0.23360556718421815 0.23286778099293845 0.23212999480165875 0.23139220861037907 0.22170665589934066 0.20245573846360262 0.1832048210278646 0.16395390359212653 0.1447029861563885 0.12545206872061765 0.1062011512848796 0.08695023384914155 0.06769931641340352 0.04844839897766548 0.029197481541927445 0.00994656410618941 0.0 0.0 0.0 0.0 0.0 0.0 0.0 0.0 0.0 0.0 0.0 0.0 0.0
0.0 0.0 0.0 0.0 0.0 0.0 0.0 0.0 0.0 0.0 0.0 0.0 0.0 0.012434410511691488 0.038161486959832784 0.06388856340797408 0.08961563985615925 0.11534271630430054 0.14106979275244183 0.16679686920058315 0.19252394564872444 0.21825102209686573 0.24397809854500704 0.26970517499314833 0.29543225144128965 0.3082659613449776 0.30731637091131997 0.30636678047766236 0.30541719004400475 0.30446759961034553 0.3035180091766879 0.3025684187430303 0.3016188283093727 0.3006692378757151 0.2997196474420575 0.29877005700839987 0.29782046657474226 0.2853543777433211 0.26057689172884096 0.2357994057143608 0.21102191969988063 0.18624443368540045 0.16146694767087805 0.1366894616563979 0.11191197564191771 0.08713448962743756 0.062357003612957373 0.03757951759847722 0.012802031583997064 0.0 0.0 0.0 0.0 0.0 0.0 0.0 0.0 0.0 0.0 0.0 0.0 0.0
0.0 0.0 0.0 0.0 0.0 0.0 0.0 0.0 0.0 0.0 0.0 0.0 0.0 0.015207880846373272 0.04667333011564029 0.07813877938490729 0.10960422865422796 0.14106967792349498 0.17253512719276198 0.20400057646202902 0.23546602573129602 0.266931475000563 0.29839692426983006 0.32986237353909703 0.36132782280836406 0.3770240659755568 0.3758626712995211 0.3747012766234854 0.3735398819474497 0.372378487271412 0.3712170925953763 0.37005569791934056 0.3688943032433049 0.3677329085672692 0.3665715138912335 0.3654101192151978 0.36424872453916207 0.34900209958735584 0.31869804499412885 0.28839399040090186 0.2580899358076748 0.22778588121444784 0.19748182662116914 0.16717777202794215 0.13687371743471516 0.10656966284148817 0.07626560824826117 0.04596155365503418 0.015657499061807134 0.0 0.0 0.0 0.0 0.0 0.0 0.0 0.0 0.0 0.0 0.0 0.0 0.0
0.0 0.0 0.0 0.0 0.0 0.0 0.0 0.0 0.0 0.0 0.0 0.0 0.0 0.017981351181052693 0.05518517327144052 0.09238899536182836 0.12959281745227963 0.16679663954266746 0.2040004616330553 0.24120428372344313 0.27840810581383096 0.31561192790421877 0.35281574999460663 0.39001957208499444 0.4272233941753823 0.44578217060607733 0.4444089716876637 0.4430357727692501 0.4416625738508365 0.44028937493242054 0.43891617601400695 0.4375429770955933 0.4361697781771797 0.4347965792587661 0.4334233803403525 0.4320501814219389 0.43067698250352526 0.41264982143133627 0.37681919825936716 0.34098857508739805 0.30515795191542894 0.26932732874345977 0.23349670557142957 0.19766608239946043 0.16183545922749132 0.1260048360555222 0.09017421288355304 0.05434358971158393 0.018512966539614817 0.0 0.0 0.0 0.0 0.0 0.0 0.0 0.0 0.0 0.0 0.0 0.0 0.0
0.0 0.0 0.0 0.0 0.0 0.0 0.0 0.0 0.0 0.0 0.0 0.0 0.0 0.020754821515732106 0.06369701642724075 0.10663921133874939 0.14958140625033126 0.19252360116183992 0.23546579607334855 0.2784079909848572 0.3213501858963658 0.36429238080787446 0.4072345757193831 0.4501767706308918 0.4931189655424004 0.5145402752365978 0.5129552720758064 0.5113702689150148 0.5097852657542233 0.5082002625934291 0.5066152594326375 0.5050302562718461 0.5034452531110545 0.501860249950263 0.5002752467894714 0.4986902436286799 0.4971052404678884 0.4762975432753167 0.4349403515246055 0.39358315977389424 0.35222596802318296 0.3108687762724717 0.26951158452168994 0.2281543927709787 0.18679720102026742 0.1454400092695562 0.10408281751884496 0.06272562576813367 0.021368434017422444 0.0 0.0 0.0 0.0 0.0 0.0 0.0 0.0 0.0 0.0 0.0 0.0 0.0
0.0 0.0 0.0 0.0 0.0 0.0 0.0 0.0 0.0 0.0 0.0 0.0 0.0 0.023528291850411533 0.072208859583041 0.12088942731567048 0.16956999504838297 0.21825056278101246 0.2669311305136419 0.3156116982462714 0.3642922659789009 0.4129728337115304 0.46165340144415984 0.5103339691767893 0.5590145369094188 0.5832983798671185 0.5815015724639491 0.5797047650607796 0.5779079576576102 0.5761111502544377 0.5743143428512683 0.5725175354480988 0.5707207280449293 0.5689239206417599 0.5671271132385904 0.565330305835421 0.5635334984322515 0.5399452651192971 0.4930615047898438 0.4461777444603904 0.39929398413093703 0.3524102238014837 0.30552646347195034 0.258642703142497 0.21175894281304364 0.16487518248359023 0.11799142215413688 0.07110766182468353 0.024223901495230127 0.0 0.0 0.0 0.0 0.0 0.0 0.0 0.0 0.0 0.0 0.0 0.0 0.0
0.0 0.0 0.0 0.0 0.0 0.0 0.0 0.0 0.0 0.0 0.0 0.0 0.0 0.02630176218509095 0.08072070273884124 0.13513964329259154 0.18955858384643462 0.24397752440018491 0.2983964649539352 0.3528154055076855 0.40723434606143577 0.46165328661518606 0.5160722271689363 0.5704911677226866 0.6249101082764369 0.652056484497639 0.6500478728520916 0.6480392612065443 0.646030649560997 0.6440220379154462 0.6420134262698989 0.6400048146243515 0.6379962029788042 0.6359875913332568 0.6339789796877094 0.6319703680421621 0.6299617563966148 0.6035929869632776 0.551182658055082 0.49877232914688663 0.4463620002386911 0.3939516713304956 0.34154134242221074 0.28913101351401527 0.23672068460581974 0.18431035569762427 0.13190002678942875 0.07948969788123328 0.027079368973037754 0.0 0.0 0.0 0.0 0.0 0.0 0.0 0.0 0.0 0.0 0.0 0.0 0.0
0.0 0.0 0.0 0.0 0.0 0.0 0.0 0.0 0.0 0.0 0.0 0.0 0.0 0.02907523251977037 0.08923254589464148 0.1493898592695126 0.20954717264448627 0.26970448601935737 0.3298617993942285 0.3900191127690996 0.4501764261439707 0.5103337395188419 0.5704910528937129 0.630648366268584 0.6908056796434552 0.7208145891281597 0.7185941732402343 0.7163737573523091 0.7141533414643838 0.7119329255764548 0.7097125096885295 0.7074920938006043 0.705271677912679 0.7030512620247538 0.7008308461368284 0.6986104302489032 0.696390014360978 0.667240708807258 0.6093038113203204 0.5513669138333828 0.49343001634644523 0.4354931188595076 0.3775562213724712 0.31961932388553355 0.26168242639859596 0.2037455289116583 0.14580863142472067 0.08787173393778314 0.029934836450845492 0.0 0.0 0.0 0.0 0.0 0.0 0.0 0.0 0.0 0.0 0.0 0.0 0.0
0.0 0.0 0.0 0.0 0.0 0.0 0.0 0.0 0.0 0.0 0.0 0.0 0.0 0.031848702854452154 0.09774438905044898 0.1636400752464458 0.229535761442555 0.29543144763855184 0.3613271338345487 0.4272228200305455 0.4931185062265423 0.5590141924225391 0.624909878618536 0.6908055648145328 0.7567012510105297 0.7895726937587388 0.7871404736284355 0.7847082534981321 0.7822760333678288 0.7798438132375213 0.777411593107218 0.7749793729769147 0.7725471528466112 0.7701149327163079 0.7676827125860046 0.7652504924557012 0.7628182723253979 0.7308884306512928 0.6674249645856084 0.603961498519924 0.5404980324542394 0.477034566388555 0.41357110032276234 0.35010763425707786 0.28664416819139343 0.22318070212570895 0.15971723606002453 0.09625376999433999 0.03279030392865556 0.0 0.0 0.0 0.0 0.0 0.0 0.0 0.0 0.0 0.0 0.0 0.0 0.0
0.0 0.0003847151213037138 0.0011806994035809006 0.001976683685859445 0.002772667968136632 0.0035686522504138184 0.004364636532691006 0.005160620814968192 0.0059566050972453795 0.006752589379522566 0.007548573661799753 0.00834455794407694 0.009140542226354126 0.04110821111263613 0.10639911552566976 0.1716900199387034 0.23698092435184837 0.302271828764882 0.36756273317791566 0.43285363759094925 0.4981445420039829 0.5634354464170166 0.6287263508300502 0.6940172552430839 0.7593081596561175 0.7918637128094824 0.7894244353648898 0.7869851579202971 0.7845458804757044 0.7821066030311076 0.779667325586515 0.7772280481419223 0.7747887706973295 0.7723494932527369 0.7699102158081442 0.7674709383635516 0.7650316609189589 0.733009171821582 0.6693615605708727 0.6057139493201635 0.5420663380694543 0.47841872681874503 0.4147711155679273 0.35112350431721806 0.28747589306650884 0.2238282818157996 0.16018067056509033 0.09653305931438116 0.032885448063671885 0.0 0.0 0.0 0.0 0.0 0.0 0.0 0.0 0.0 0.0 0.0 0.0 0.0
0.0 0.0011806664506814686 0.0036234920255372137 0.006066317600397125 0.00850914317525287 0.010951968750108615 0.01339479432496436 0.015837619899820105 0.01828044547467585 0.020723271049531596 0.02316609662438734 0.025608922199243087 0.028051747774098832 0.057300884961108266 0.1152065752604423 0.17311226555977632 0.23101795585920912 0.28892364615854316 0.34682933645787717 0.4047350267572112 0.46264071705654525 0.5205464073558792 0.5784520976552132 0.6363577879545472 0.6942634782538815 0.7231056081789619 0.7208781349767471 0.7186506617745323 0.7164231885723176 0.7141957153700991 0.7119682421678842 0.7097407689656695 0.7075132957634548 0.70528582256124 0.7030583493590252 0.7008308761568105 0.6986034029545957 0.6693614499776015 0.6112404073056344 0.5531193646336673 0.49499832196170024 0.43687727928973313 0.3787562366176669 0.3206351939456998 0.2625141512737327 0.20439310860176557 0.14627206592979847 0.08815102325783142 0.030029980585864258 0.0 0.0 0.0 0.0 0.0 0.0 0.0 0.0 0.0 0.0 0.0 0.0 0.0
0.0 0.0019766177800592233 0.006066284647493527 0.010155951514934805 0.014245618382369107 0.01833528524980341 0.022424952117237714 0.026514618984672018 0.03060428585210632 0.03469395271954062 0.038783619586974925 0.04287328645440923 0.04696295332184353 0.07349355880958039 0.12401403499521481 0.1745345111808492 0.22505498736656976 0.2755754635522042 0.32609593973783857 0.376616415923473 0.4271368921091074 0.4776573682947418 0.5281778444803762 0.5786983206660106 0.629218796851645 0.6543475035484413 0.6523318345886044 0.6503161656287676 0.6483004966689307 0.6462848277090905 0.6442691587492536 0.6422534897894168 0.6402378208295799 0.6382221518697431 0.6362064829099062 0.6341908139500694 0.6321751449902325 0.605713728133621 0.5531192540403961 0.500524779947171 0.4479303058539461 0.3953358317607211 0.3427413576674065 0.2901468835741815 0.23755240948095652 0.18495793538773153 0.13236346129450655 0.07976898720128156 0.02717451310805663 0.0 0.0 0.0 0.0 0.0 0.0 0.0 0.0 0.0 0.0 0.0 0.0 0.0
0.0 0.002772569109436978 0.00850907726944984 0.014245585429472483 0.019982093589485345 0.025718601749498204 0.031455109909511066 0.03719161806952393 0.04292812622953679 0.04866463438954965 0.05440114254956251 0.06013765070957537 0.06587415886958824 0.08968623265805253 0.13282149472998733 0.17595675680192213 0.2190920188739305 0.26222728094586534 0.3053625430178001 0.34849780508973494 0.39163306716166973 0.43476832923360453 0.47790359130553933 0.5210388533774741 0.5641741154494089 0.5855893989179207 0.5837855342004618 0.5819816694830028 0.5801778047655439 0.5783739400480818 0.5765700753306229 0.574766210613164 0.572962345895705 0.5711584811782461 0.5693546164607872 0.5675507517433283 0.5657468870258693 0.5420660062896405 0.4949981007751577 0.4479301952606749 0.400862289746192 0.35379438423170917 0.30672647871714603 0.25965857320266317 0.2125906676881803 0.1655227621736975 0.11845485665921462 0.07138695114473176 0.024319045630248892 0.0 0.0 0.0 0.0 0.0 0.0 0.0 0.0 0.0 0.0 0.0 0.0 0.0
0.0 0.003568520438814732 0.01095186989140615 0.018335219344010157 0.025718568796601574 0.033101918249192994 0.04048526770178441 0.04786861715437583 0.05525196660696725 0.06263531605955866 0.07001866551215008 0.0774020149647415 0.08478536441733292 0.10587890650652465 0.14162895446475984 0.17737900242299504 0.2131290503812912 0.24887909833952643 0.2846291462977616 0.3203791942559968 0.35612924221423203 0.39187929017246725 0.4276293381307025 0.4633793860889376 0.4991294340471728 0.5168312942874002 0.5152392338123192 0.5136471733372381 0.5120551128621571 0.5104630523870733 0.5088709919119924 0.5072789314369113 0.5056868709618303 0.5040948104867492 0.5025027500116682 0.5009106895365871 0.4993186290615061 0.4784182844456601 0.4368769475099194 0.39533561057417865 0.35379427363843796 0.3122529367026972 0.27071159976688564 0.22917026283114494 0.1876289258954042 0.14608758895966345 0.10454625202392276 0.06300491508818201 0.02146357815244132 0.0 0.0 0.0 0.0 0.0 0.0 0.0 0.0 0.0 0.0 0.0 0.0 0.0
0.0 0.004364471768192486 0.013394662513362462 0.022424853258547837 0.03145504400371781 0.04048523474888779 0.04951542549405776 0.05854561623922774 0.06757580698439772 0.07660599772956769 0.08563618847473767 0.09466637921990764 0.10369656996507762 0.12207158035499678 0.15043641419953235 0.17880124804406794 0.20716608188865188 0.23553091573318746 0.26389574957772305 0.29226058342225864 0.3206254172667942 0.34899025111132975 0.37735508495586534 0.4057199188004009 0.4340847526449365 0.4480731896568796 0.4466929334241765 0.4453126771914733 0.4439324209587702 0.44255216472606473 0.44117190849336163 0.4397916522606585 0.4384113960279554 0.4370311397952523 0.43565088356254916 0.43427062732984606 0.43289037109714296 0.4147705626016797 0.3787557942446811 0.3427410258876825 0.3067262575306839 0.27071148917368526 0.23469672081662526 0.19868195245962667 0.1626671841026281 0.12665241574562947 0.09063764738863084 0.054622879031632265 0.018608110674633638 0.0 0.0 0.0 0.0 0.0 0.0 0.0 0.0 0.0 0.0 0.0 0.0 0.0
0.0 0.00516042309757092 0.01583745513532086 0.026514487173089005 0.03719151921083894 0.04786855124858888 0.05854558328633882 0.06922261532408876 0.07989964736183869 0.09057667939958863 0.10125371143733856 0.11193074347508851 0.12260777551283844 0.13826425420348273 0.15924387393431239 0.18022349366514206 0.20120311339600752 0.2221827331268372 0.24316235285766685 0.2641419725884966 0.2851215923193262 0.3061012120501559 0.32708083178098557 0.34806045151181525 0.36904007124264493 0.3793150850263004 0.3781466330359754 0.37697818104565034 0.37580972905532534 0.3746412770649983 0.3734728250746733 0.3723043730843482 0.3711359210940232 0.36996746910369815 0.36879901711337315 0.3676305651230481 0.3664621131327231 0.35112284075764494 0.32063464097939315 0.2901464412011414 0.2596582414228896 0.22917004164463786 0.1986818418663341 0.16819364208808235 0.13770544230983056 0.10721724253157883 0.07672904275332704 0.04624084297507525 0.015752643196823513 0.0 0.0 0.0 0.0 0.0 0.0 0.0 0.0 0.0 0.0 0.0 0.0 0.0
0.0 0.005956374426948675 0.01828024775727717 0.03060412108762668 0.04292799441795518 0.055251867748283674 0.06757574107861217 0.07989961440894067 0.09222348773926917 0.10454736106959765 0.11687123439992615 0.12919510773025464 0.14151898106058314 0.15445692805195485 0.16805133366908492 0.18164573928621497 0.19524014490336822 0.2088345505204983 0.22242895613762836 0.2360233617547584 0.24961776737188845 0.26321217298901856 0.27680657860614855 0.29040098422327865 0.30399538984040875 0.31055698039577984 0.3096003326478327 0.3086436848998856 0.30768703715193846 0.3067303894039897 0.3057737416560426 0.3048170939080955 0.3038604461601484 0.3029037984122013 0.30194715066425415 0.300990502916307 0.30003385516835995 0.2874751189136645 0.2625134877141549 0.23755185651464522 0.2125902253151356 0.18762859411562594 0.16266696291607374 0.1377053317165641 0.11274370051705443 0.08778206931754479 0.06282043811803514 0.0378588069185255 0.012897175719015885 0.0 0.0 0.0 0.0 0.0 0.0 0.0 0.0 0.0 0.0 0.0 0.0 0.0
0.0 0.0067523257563264286 0.02072304037923348 0.03469375500216436 0.048664469625071406 0.06263518424797847 0.07660589887088551 0.09057661349379256 0.10454732811669962 0.11851804273960667 0.13248875736251373 0.14645947198542078 0.16043018660832783 0.17064960190042697 0.1768587934038574 0.18306798490728787 0.18927717641072891 0.19548636791415935 0.20169555941758982 0.20790475092102026 0.2141139424244507 0.22032313392788117 0.2265323254313116 0.23274151693474204 0.2389507084381725 0.24179887576525927 0.24105403225969005 0.24030918875412086 0.23956434524855164 0.23881950174298117 0.23807465823741197 0.23732981473184275 0.23658497122627356 0.23584012772070434 0.23509528421513515 0.23435044070956593 0.23360559720399673 0.22382739706968405 0.20439233444891652 0.18495727182814903 0.1655222092073815 0.14608714658661398 0.12665208396581332 0.1072170213450458 0.0877819587242783 0.06834689610351077 0.04891183348274325 0.029476770861975726 0.010041708241208203 0.0 0.0 0.0 0.0 0.0 0.0 0.0 0.0 0.0 0.0 0.0 0.0 0.0
0.0 0.007548277085704183 0.02316583300118979 0.038783388916702036 0.054400944832187645 0.07001850074767325 0.08563605666315886 0.10125361257864447 0.11687116849413008 0.1324887244096157 0.1481062803251013 0.16372383624058692 0.17934139215607253 0.1868422757488991 0.18566625313862994 0.18449023052836078 0.1833142079180896 0.18213818530782044 0.1809621626975513 0.17978614008728214 0.17861011747701297 0.1774340948667438 0.17625807225647466 0.1750820496462055 0.17390602703593633 0.1730407711347387 0.17250773187154742 0.1719746926083561 0.1714416533451648 0.1709086140819726 0.17037557481878132 0.16984253555559 0.16930949629239872 0.1687764570292074 0.16824341776601612 0.16771037850282483 0.16717733923963352 0.1601796752257036 0.14627118118367818 0.13236268714165278 0.1184541930996274 0.104545699057602 0.09063720501555289 0.0767287109735275 0.0628202169315021 0.048911722889476705 0.0350032288474513 0.021094734805425924 0.00718624076340052 0.0 0.0 0.0 0.0 0.0 0.0 0.0 0.0 0.0 0.0 0.0 0.0 0.0
0.0 0.008344228415081936 0.0256086256231461 0.042873022831239706 0.06013742003930387 0.07740181724736804 0.0946662144554322 0.11193061166349637 0.12919500887156052 0.14645940607962468 0.16372380328768885 0.180988200495753 0.19825259770381717 0.2030349495973712 0.19447371287340243 0.18591247614943368 0.1773512394254503 0.16879000270148153 0.16022876597751276 0.151667529253544 0.1431062925295752 0.13454505580560644 0.12598381908163767 0.11742258235766889 0.10886134563370012 0.10428266650421812 0.10396143148340474 0.10364019646259136 0.10331896144177796 0.10299772642096404 0.10267649140015064 0.10235525637933726 0.10203402135852388 0.1017127863377105 0.1013915513168971 0.10107031629608372 0.10074908127527034 0.09653195338172313 0.08815002791843986 0.07976810245515659 0.07138617699187332 0.06300425152859004 0.054622326065292486 0.046240400602009214 0.03785847513872595 0.02947654967544268 0.021094624212159407 0.012712698748876136 0.004330773285592865 0.0 0.0 0.0 0.0 0.0 0.0 0.0 0.0 0.0 0.0 0.0 0.0 0.0
