Figures/CREST_Example_wjb_NSE/Rolling_result/20100722/BJP_forecast/ens_30/wjb.rain.20100331.asc
ncols            288
nrows            254
xllcorner        113.274861
yllcorner        31.4918055
cellsize         0.008333333333
NODATA_value     -9999
[rows 140 to 159 of 254, columns 176 to 219 of 288]
22.306693488725394 22.306693488725394 22.306693488725394 22.306693488725394 22.306693488725394 22.306693488725394 22.306693488725394 21.82398925009938 20.825263259169592 19.826537268239807 18.82781127731002 17.829085286380234 16.83035929545045 15.831633304520661 14.832907313590876 13.83418132266109 12.835455331731303 11.836729340801517 10.83800334987173 10.553775017790372 11.033360850045103 11.512946682299834 11.992532514554565 12.472118346809294 12.951704179064025 13.431290011318755 13.910875843573486 14.390461675828217 14.870047508082948 15.349633340337679 15.829219172592408 16.07701158437337 16.07701158437337 16.07701158437337 16.07701158437337 16.07701158437337 16.07701158437337 16.07701158437337 16.07701158437337 16.07701158437337 16.07701158437337 16.07701158437337 16.07701158437337 16.090344333963746
22.369014527018717 22.369014527018717 22.369014527018717 22.369014527018717 22.369014527018717 22.369014527018717 22.369014527018717 21.845862308772897 20.763448532871752 19.681034756970604 18.59862098106946 17.516207205168314 16.433793429267165 15.35137965336602 14.268965877464874 13.186552101563729 12.104138325662582 11.021724549761435 9.93931077386029 9.649616327683225 10.207356781939675 10.765097236196125 11.322837690452575 11.880578144709027 12.438318598965477 12.996059053221927 13.553799507478377 14.111539961734827 14.669280415991278 15.227020870247728 15.78476132450418 16.07293466702821 16.07293466702821 16.07293466702821 16.07293466702821 16.07293466702821 16.07293466702821 16.07293466702821 16.07293466702821 16.07293466702821 16.07293466702821 16.07293466702821 16.07293466702821 16.12306441066547
22.43133556531204 22.43133556531204 22.43133556531204 22.43133556531204 22.43133556531204 22.43133556531204 22.43133556531204 21.867735367446414 20.70163380657391 19.535532245701404 18.3694306848289 17.203329123956394 16.03722756308389 14.871126002211382 13.705024441338876 12.53892288046637 11.372821319593864 10.20671975872136 9.040618197848854 8.745457637576079 9.381352713834248 10.01724779009242 10.653142866350588 11.289037942608758 11.924933018866929 12.5608280951251 13.196723171383269 13.832618247641438 14.468513323899607 15.104408400157778 15.74030347641595 16.068857749683048 16.068857749683048 16.068857749683048 16.068857749683048 16.068857749683048 16.068857749683048 16.068857749683048 16.068857749683048 16.068857749683048 16.068857749683048 16.068857749683048 16.068857749683048 16.155784487367193
22.493656603605363 22.493656603605363 22.493656603605363 22.493656603605363 22.493656603605363 22.493656603605363 22.493656603605363 21.88960842611993 20.639819080276066 19.3900297344322 18.140240388588335 16.89045104274447 15.640661696900604 14.39087235105674 13.141083005212874 11.891293659369008 10.641504313525143 9.391714967681278 8.141925621837412 7.841298947468932 8.555348645728822 9.269398343988712 9.9834480422486 10.69749774050849 11.41154743876838 12.12559713702827 12.83964683528816 13.553696533548049 14.26774623180794 14.981795930067829 15.69584562832772 16.06478083233789 16.06478083233789 16.06478083233789 16.06478083233789 16.06478083233789 16.06478083233789 16.06478083233789 16.06478083233789 16.06478083233789 16.06478083233789 16.06478083233789 16.06478083233789 16.188504564068914
22.55597764189874 22.55597764189874 22.55597764189874 22.55597764189874 22.55597764189874 22.55597764189874 22.55597764189874 21.91148148479347 20.578004353978173 19.244527223162876 17.91105009234758 16.577572961532283 15.244095830716986 13.91061869990169 12.577141569086393 11.243664438271097 9.9101873074558 8.576710176640503 7.243233045825207 6.937140257361014 7.7293445776226894 8.521548897884365 9.313753218146042 10.105957538407717 10.898161858669393 11.690366178931068 12.482570499192745 13.274774819454422 14.066979139716096 14.859183459977771 15.651387780239446 16.06070391499272 16.06070391499272 16.06070391499272 16.06070391499272 16.06070391499272 16.06070391499272 16.06070391499272 16.06070391499272 16.06070391499272 16.06070391499272 16.06070391499272 16.06070391499272 16.221224640770664
22.74457450479153 22.74457450479153 22.74457450479153 22.74457450479153 22.74457450479153 22.74457450479153 22.74457450479153 22.095761278439515 20.753352033678755 19.410942788917993 18.06853354415723 16.72612429939647 15.383715054635708 14.041305809874947 12.698896565114184 11.356487320353423 10.014078075592662 8.6716688308319 7.329259586071139 7.031625996797566 7.850881223507684 8.6701364502178 9.489391676927918 10.308646903638035 11.127902130348152 11.94715735705827 12.766412583768387 13.585667810478505 14.404923037188622 15.22417826389874 16.043433490608855 16.466726287929927 16.466726287929927 16.466726287929927 16.466726287929927 16.466726287929927 16.466726287929927 16.466726287929927 16.466726287929927 16.466726287929927 16.466726287929927 16.466726287929927 16.466726287929927 16.62851097953796
23.068152263945098 23.068152263945098 23.068152263945098 23.068152263945098 23.068152263945098 23.068152263945098 23.068152263945098 22.45364363389747 21.182211375034047 19.910779116170627 18.639346857307203 17.367914598443782 16.09648233958036 14.825050080716935 13.553617821853512 12.28218556299009 11.010753304126666 9.739321045263244 8.467888786399822 8.193599678389372 8.985279161122032 9.77695864385469 10.568638126587349 11.360317609320006 12.151997092052666 12.943676574785325 13.735356057517983 14.52703554025064 15.318715022983302 16.11039450571596 16.902073988448617 17.31111895014305 17.31111895014305 17.31111895014305 17.31111895014305 17.31111895014305 17.31111895014305 17.31111895014305 17.31111895014305 17.31111895014305 17.31111895014305 17.31111895014305 17.31111895014305 17.436185040365523
23.391730023098667 23.391730023098667 23.391730023098667 23.391730023098667 23.391730023098667 23.391730023098667 23.391730023098667 22.811525989355424 21.611070716389342 20.410615443423257 19.210160170457176 18.00970489749109 16.80924962452501 15.608794351558924 14.40833907859284 13.207883805626757 12.007428532660672 10.806973259694589 9.606517986728505 9.355573359981179 10.119677098736378 10.883780837491578 11.647884576246778 12.411988315001977 13.176092053757177 13.940195792512377 14.704299531267576 15.468403270022774 16.232507008777972 16.996610747533175 17.76071448628837 18.15551161235617 18.15551161235617 18.15551161235617 18.15551161235617 18.15551161235617 18.15551161235617 18.15551161235617 18.15551161235617 18.15551161235617 18.15551161235617 18.15551161235617 18.15551161235617 18.24385910119308
23.715307782252236 23.715307782252236 23.715307782252236 23.715307782252236 23.715307782252236 23.715307782252236 23.715307782252236 23.16940834481338 22.039930057744634 20.91045177067589 19.780973483607145 18.651495196538402 17.522016909469656 16.392538622400913 15.263060335332167 14.133582048263422 13.004103761194678 11.874625474125933 10.745147187057189 10.517547041572984 11.254075036350725 11.990603031128465 12.727131025906207 13.463659020683949 14.200187015461688 14.93671501023943 15.67324300501717 16.40977099979491 17.146298994572653 17.882826989350395 18.619354984128137 18.999904274569296 18.999904274569296 18.999904274569296 18.999904274569296 18.999904274569296 18.999904274569296 18.999904274569296 18.999904274569296 18.999904274569296 18.999904274569296 18.999904274569296 18.999904274569296 19.051533162020643
24.038885541405804 24.038885541405804 24.038885541405804 24.038885541405804 24.038885541405804 24.038885541405804 24.038885541405804 23.527290700271337 22.46878939909993 21.410288097928525 20.351786796757118 19.293285495585714 18.234784194414306 17.1762828932429 16.117781592071495 15.05928029090009 14.000778989728683 12.942277688557278 11.883776387385872 11.67952072316479 12.388472973965072 13.097425224765354 13.806377475565636 14.51532972636592 15.224281977166202 15.933234227966484 16.642186478766767 17.351138729567047 18.06009098036733 18.769043231167615 19.477995481967895 19.84429693678242 19.84429693678242 19.84429693678242 19.84429693678242 19.84429693678242 19.84429693678242 19.84429693678242 19.84429693678242 19.84429693678242 19.84429693678242 19.84429693678242 19.84429693678242 19.859207222848205
24.362463300559646 24.362463300559646 24.362463300559646 24.362463300559646 24.362463300559646 24.362463300559646 24.362463300559646 23.88517305572959 22.897648740455587 21.910124425181582 20.922600109907574 19.93507579463357 18.94755147935956 17.960027164085556 16.97250284881155 15.984978533537545 14.997454218263538 14.009929902989532 13.022405587715525 12.841494404757587 13.522870911580386 14.204247418403186 14.885623925225985 15.567000432048786 16.248376938871587 16.929753445694384 17.611129952517185 18.292506459339986 18.973882966162783 19.655259472985584 20.336635979808385 20.688689598996262 20.688689598996262 20.688689598996262 20.688689598996262 20.688689598996262 20.688689598996262 20.688689598996262 20.688689598996262 20.688689598996262 20.688689598996262 20.688689598996262 20.688689598996262 20.666881283676453
24.686041059713215 24.686041059713215 24.686041059713215 24.686041059713215 24.686041059713215 24.686041059713215 24.686041059713215 24.243055411187548 23.326508081810882 22.409960752434213 21.493413423057547 20.576866093680877 19.66031876430421 18.743771434927545 17.827224105550876 16.91067677617421 15.994129446797544 15.077582117420876 14.161034788044208 14.003468086349391 14.657268849194732 15.311069612040074 15.964870374885415 16.618671137730757 17.272471900576097 17.92627266342144 18.58007342626678 19.23387418911212 19.887674951957464 20.541475714802804 21.195276477648143 21.533082261209387 21.533082261209387 21.533082261209387 21.533082261209387 21.533082261209387 21.533082261209387 21.533082261209387 21.533082261209387 21.533082261209387 21.533082261209387 21.533082261209387 21.533082261209387 21.47455534450401
25.009618818866784 25.009618818866784 25.009618818866784 25.009618818866784 25.009618818866784 25.009618818866784 25.009618818866784 24.600937766645504 23.755367423166174 22.909797079686847 22.06422673620752 21.21865639272819 20.37308604924886 19.527515705769535 18.681945362290207 17.836375018810877 16.99080467533155 16.145234331852222 15.299663988372892 15.165441767941198 15.79166678680908 16.417891805676962 17.044116824544844 17.67034184341273 18.29656686228061 18.92279188114849 19.549016900016376 20.175241918884257 20.80146693775214 21.427691956620023 22.053916975487905 22.37747492342251 22.37747492342251 22.37747492342251 22.37747492342251 22.37747492342251 22.37747492342251 22.37747492342251 22.37747492342251 22.37747492342251 22.37747492342251 22.37747492342251 22.37747492342251 22.282229405331574
25.333196578020353 25.333196578020353 25.333196578020353 25.333196578020353 25.333196578020353 25.333196578020353 25.333196578020353 24.958820122103457 24.18422676452147 23.40963340693948 22.635040049357492 21.8604466917755 21.085853334193512 20.311259976611524 19.536666619029535 18.762073261447547 17.987479903865555 17.212886546283567 16.43829318870158 16.327415449533007 16.92606472442343 17.524713999313853 18.123363274204277 18.7220125490947 19.320661823985123 19.919311098875546 20.517960373765973 21.116609648656393 21.71525892354682 22.313908198437243 22.912557473327666 23.221867585635636 23.221867585635636 23.221867585635636 23.221867585635636 23.221867585635636 23.221867585635636 23.221867585635636 23.221867585635636 23.221867585635636 23.221867585635636 23.221867585635636 23.221867585635636 23.089903466159136
25.65677433717392 25.65677433717392 25.65677433717392 25.65677433717392 25.65677433717392 25.65677433717392 25.65677433717392 25.316702477561414 24.61308610587676 23.90946973419211 23.20585336250746 22.502236990822812 21.798620619138163 21.09500424745351 20.39138787576886 19.68777150408421 18.98415513239956 18.28053876071491 17.57692238903026 17.48938913112481 18.060462662037775 18.63153619295074 19.202609723863702 19.773683254776667 20.344756785689633 20.915830316602598 21.486903847515563 22.05797737842853 22.629050909341494 23.20012444025446 23.771197971167425 24.066260247848756 24.066260247848756 24.066260247848756 24.066260247848756 24.066260247848756 24.066260247848756 24.066260247848756 24.066260247848756 24.066260247848756 24.066260247848756 24.066260247848756 24.066260247848756 23.897577526986694
25.98035209632749 25.98035209632749 25.98035209632749 25.98035209632749 25.98035209632749 25.98035209632749 25.98035209632749 25.674584833019367 25.041945447232056 24.409306061444745 23.776666675657435 23.144027289870124 22.511387904082813 21.878748518295502 21.246109132508188 20.61346974672088 19.980830360933567 19.348190975146256 18.715551589358945 18.65136281271662 19.194860599652124 19.73835838658763 20.281856173523135 20.825353960458642 21.368851747394146 21.912349534329653 22.45584732126516 22.999345108200664 23.54284289513617 24.08634068207168 24.629838469007183 24.91065291006188 24.91065291006188 24.91065291006188 24.91065291006188 24.91065291006188 24.91065291006188 24.91065291006188 24.91065291006188 24.91065291006188 24.91065291006188 24.91065291006188 24.91065291006188 24.705251587814256
26.30392985548106 26.30392985548106 26.30392985548106 26.30392985548106 26.30392985548106 26.30392985548106 26.30392985548106 26.032467188477323 25.47080478858735 24.90914238869738 24.347479988807407 23.785817588917432 23.224155189027464 22.662492789137488 22.100830389247516 21.539167989357544 20.977505589467572 20.4158431895776 19.85418078968763 19.813336494308423 20.329258537266472 20.84518058022452 21.361102623182568 21.877024666140613 22.39294670909866 22.90886875205671 23.424790795014754 23.940712837972804 24.45663488093085 24.972556923888895 25.488478966846944 25.755045572275005 25.755045572275005 25.755045572275005 25.755045572275005 25.755045572275005 25.755045572275005 25.755045572275005 25.755045572275005 25.755045572275005 25.755045572275005 25.755045572275005 25.755045572275005 25.51292564864182
26.4711095392704 26.4711095392704 26.4711095392704 26.4711095392704 26.4711095392704 26.4711095392704 26.4711095392704 26.217370684860246 25.69237925422872 25.167387823597196 24.64239639296567 24.117404962334145 23.59241353170262 23.067422101071095 22.542430670439572 22.017439239808045 21.49244780917652 20.967456378544995 20.44246494791347 20.413681812133134 20.915356571314735 21.417031330496336 21.918706089677936 22.420380848859537 22.92205560804114 23.423730367222742 23.925405126404343 24.427079885585943 24.928754644767544 25.430429403949145 25.932104163130745 26.191309481859207 26.191309481859207 26.191309481859207 26.191309481859207 26.191309481859207 26.191309481859207 26.191309481859207 26.191309481859207 26.191309481859207 26.191309481859207 26.191309481859207 26.191309481859207 25.93021852577656
26.4711095392704 26.4711095392704 26.4711095392704 26.4711095392704 26.4711095392704 26.4711095392704 26.4711095392704 26.217370684860246 25.69237925422872 25.167387823597196 24.64239639296567 24.117404962334145 23.59241353170262 23.067422101071095 22.542430670439572 22.017439239808045 21.49244780917652 20.967456378544995 20.44246494791347 20.413681812133134 20.915356571314735 21.417031330496336 21.918706089677936 22.420380848859537 22.92205560804114 23.423730367222742 23.925405126404343 24.427079885585943 24.928754644767544 25.430429403949145 25.932104163130745 26.191309481859207 26.191309481859207 26.191309481859207 26.191309481859207 26.191309481859207 26.191309481859207 26.191309481859207 26.191309481859207 26.191309481859207 26.191309481859207 26.191309481859207 26.191309481859207 25.93021852577656
26.4711095392704 26.4711095392704 26.4711095392704 26.4711095392704 26.4711095392704 26.4711095392704 26.4711095392704 26.217370684860246 25.69237925422872 25.167387823597196 24.64239639296567 24.117404962334145 23.59241353170262 23.067422101071095 22.542430670439572 22.017439239808045 21.49244780917652 20.967456378544995 20.44246494791347 20.413681812133134 20.915356571314735 21.417031330496336 21.918706089677936 22.420380848859537 22.92205560804114 23.423730367222742 23.925405126404343 24.427079885585943 24.928754644767544 25.430429403949145 25.932104163130745 26.191309481859207 26.191309481859207 26.191309481859207 26.191309481859207 26.191309481859207 26.191309481859207 26.191309481859207 26.191309481859207 26.191309481859207 26.191309481859207 26.191309481859207 26.191309481859207 25.93021852577656
