Figures/CREST_Example_wjb_NSE/Rolling_result/20100722/BJP_forecast/ens_30/wjb.rain.20100723.asc
ncols            288
nrows            254
xllcorner        113.274861
yllcorner        31.4918055
cellsize         0.008333333333
NODATA_value     -9999
[rows 150 to 174 of 254, columns 112 to 167 of 288]
0.0 0.0 0.0 0.0 0.0 0.0 0.0 0.0 0.0 0.0 0.0 0.0 0.0 0.0 0.0 0.0 0.0 0.0 0.0 0.0 0.0 0.0 0.0 0.040335167333878756 0.12378954080201227 0.2072439142701458 0.2906982877382793 0.37415266120641283 0.45760703467454633 0.5410614081426799 0.6245157816108133 0.7079701550790892 0.7914245285472228 0.8748789020153562 0.9583332754834898 1.0065518524271175 1.0171025658911224 1.0276532793551274 1.0382039928191324 1.0487547062831375 1.0593054197471425 1.0698561332111474 1.0804068466751524 1.0909575601391575 1.1015082736031805 1.1120589870671855 1.1226097005311904 1.1233064604615768 1.1134691211587304 1.1036317818558843 1.093794442553038 1.0839571032501916 1.0741197639473452 1.0642824246444988 1.0544450853416525 1.0446077460388064
0.0 0.0 0.0 0.0 0.0 0.0 0.0 0.0 0.0 0.0 0.0 0.0 0.0 0.0 0.0 0.0 0.0 0.0 0.0 0.0 0.0 0.0 0.0 0.04769111595311561 0.14636511348282016 0.24503911101252468 0.34371310854222925 0.44238710607193377 0.5410611036016383 0.6397351011313428 0.7384090986610473 0.8370830961909201 0.9357570937206247 1.0344310912503292 1.1331050887800338 1.1901173164739862 1.2025921698701523 1.2150670232663183 1.2275418766624844 1.2400167300586504 1.2524915834548163 1.2649664368509823 1.2774412902471484 1.2899161436433144 1.3023909970395016 1.3148658504356676 1.3273407038318337 1.328164532287942 1.3165331515258711 1.3049017707638002 1.2932703900017295 1.2816390092396586 1.2700076284775879 1.258376247715517 1.246744866953446 1.2351134861913753
0.0 0.0 0.0 0.0 0.0 0.0 0.0 0.0 0.0 0.0 0.0 0.0 0.0 0.0 0.0 0.0 0.0 0.0 0.0 0.0 0.0 0.0 0.0 0.055047064572352485 0.16894068616362806 0.28283430775490365 0.3967279293461792 0.5106215509374548 0.6245151725287303 0.7384087941200059 0.8523024157112815 0.9661960373027513 1.0800896588940267 1.1939832804853023 1.307876902076578 1.3736827805208554 1.3880817738491824 1.4024807671775095 1.4168797605058363 1.4312787538341634 1.4456777471624904 1.4600767404908173 1.4744757338191443 1.4888747271474714 1.5032737204758229 1.51767271380415 1.5320717071324768 1.5330226041143071 1.5195971818930119 1.5061717596717166 1.492746337450421 1.4793209152291258 1.4658954930078303 1.452470070786535 1.4390446485652397 1.4256192263439442
0.0 0.0 0.0 0.0 0.0 0.0 0.0 0.0 0.0 0.0 0.0 0.0 0.0 0.0 0.0 0.0 0.0 0.0 0.0 0.0 0.0 0.0 0.0 0.06240301319158934 0.1915162588444359 0.3206295044972825 0.44974275015012904 0.5788559958029756 0.7079692414558222 0.8370824871086687 0.9661957327615154 1.095308978414582 1.2244222240674287 1.3535354697202753 1.4826487153731218 1.5572482445677243 1.5735713778282123 1.5898945110887002 1.6062176443491882 1.6225407776096763 1.6388639108701641 1.6551870441306522 1.6715101773911403 1.6878333106516281 1.7041564439121442 1.720479577172632 1.73680271043312 1.7378806759406724 1.7226612122601526 1.7074417485796325 1.6922222848991126 1.6770028212185928 1.661783357538073 1.646563893857553 1.631344430177033 1.6161249664965132
0.0 0.0 0.0 0.0 0.0 0.0 0.0 0.0 0.0 0.0 0.0 0.0 0.0 0.0 0.0 0.0 0.0 0.0 0.0 0.0 0.0 0.0 0.0 0.06975896181082622 0.2140918315252438 0.3584247012396614 0.502757570954079 0.6470904406684966 0.7914233103829142 0.9357561800973319 1.0800890498117495 1.2244219195264132 1.3687547892408307 1.5130876589552484 1.657420528669666 1.7408137086145934 1.7590609818072425 1.7773082549998913 1.7955555281925404 1.8138028013851892 1.8320500745778383 1.8502973477704872 1.8685446209631362 1.886791894155785 1.9050391673484652 1.9232864405411143 1.9415337137337632 1.9427387477670375 1.925725242627293 1.9087117374875486 1.8916982323478042 1.8746847272080598 1.8576712220683154 1.840657716928571 1.8236442117888265 1.806630706649082
0.0 0.0 0.0 0.0 0.0 0.0 0.0 0.0 0.0 0.0 0.0 0.0 0.0 0.0 0.0 0.0 0.0 0.0 0.0 0.0 0.0 0.0 0.0 0.07711491043006308 0.23666740420605167 0.39621989798204027 0.5557723917580288 0.7153248855340175 0.8748773793100061 1.0344298730859947 1.1939823668619833 1.353534860638244 1.5130873544142325 1.6726398481902212 1.8321923419662098 1.9243791726614623 1.9445505857862722 1.9647219989110822 1.984893412035892 2.005064825160702 2.025236238285512 2.045407651410322 2.065579064535132 2.085750477659942 2.1059218907847863 2.126093303909596 2.146264717034406 2.147596819593402 2.1287892729944335 2.1099817263954646 2.0911741797964956 2.0723666331975266 2.0535590865985576 2.0347515399995886 2.01594399340062 1.997136446801651
0.0 0.0 0.0 0.0 0.0 0.0 0.0 0.0 0.0 0.0 0.0 0.0 0.0 0.0 0.0 0.0 0.0 0.0 0.0 0.0 0.0 0.0 0.0 0.08447085904929995 0.2592429768868596 0.43401509472441924 0.6087872125619789 0.7835593303995385 0.9583314482370981 1.1331035660746578 1.3078756839122174 1.482647801750075 1.6574199195876347 1.8321920374251943 2.006964155262754 2.107944636708331 2.1300401897653023 2.152135742822273 2.174231295879244 2.196326848936215 2.2184224019931857 2.240517955050157 2.262613508107128 2.2847090611640986 2.3068046142211074 2.328900167278078 2.350995720335049 2.3524548914197676 2.331853303361574 2.3112517153033805 2.290650127245187 2.270048539186994 2.2494469511288004 2.2288453630706067 2.2082437750124133 2.18764218695422
0.0 0.0 0.0 0.0 0.0 0.0 0.0 0.0 0.0 0.0 0.0 0.0 0.0 0.0 0.0 0.0 0.0 0.0 0.0 0.0 0.0 0.0 0.0 0.0885822108668072 0.2718608086006074 0.4551394063344077 0.6384180040682079 0.8216966018020081 1.0049751995358083 1.1882537972696086 1.3715323950034088 1.5548109927375215 1.7380895904713218 1.9213681882051221 2.104646785938922 2.2092820149347023 2.2298457039231168 2.2504093929115316 2.2709730818999465 2.2915367708883614 2.3121004598767763 2.3326641488651907 2.3532278378536056 2.3737915268420204 2.3943552158304704 2.4149189048188853 2.4354825938073 2.4388466953157755 2.42382404873718 2.4088014021585846 2.393778755579989 2.378756109001394 2.363733462422798 2.348710815844203 2.3336881692656073 2.318665522687012
0.0 0.0 0.0 0.0 0.0 0.0 0.0 0.0 0.0 0.0 0.0 0.0 0.0 0.0 0.0 0.0 0.0 0.0 0.0 0.0 0.0 0.0 0.0 0.08922529323103622 0.2738344429209222 0.4584435926108082 0.6430527423006942 0.8276618919905802 1.012271041680466 1.1968801913703522 1.381489341060238 1.566098490750439 1.7507076404403248 1.9353167901302109 2.1199259398200967 2.2227227527832207 2.238060327280447 2.2533979017776735 2.2687354762749 2.2840730507721263 2.2994106252693527 2.3147481997665795 2.330085774263806 2.3454233487610323 2.360760923258285 2.3760984977555113 2.3914360722527377 2.3986055264839115 2.3970430753800307 2.3954806242761495 2.3939181731722687 2.392355722068388 2.3907932709645072 2.3892308198606265 2.3876683687567457 2.3861059176528645
0.0 0.0 0.0 0.0 0.0 0.0 0.0 0.0 0.0 0.0 0.0 0.0 0.0 0.0 0.0 0.0 0.0 0.0 0.0 0.0 0.0 0.0 0.0 0.08986837559526523 0.27580807724123696 0.4617477788872087 0.6476874805331804 0.8336271821791521 1.019566883825124 1.2055065854710956 1.3914462871170674 1.5773859887633561 1.7633256904093277 1.9492653920552996 2.135205093701271 2.236163490631739 2.246274950637777 2.2563864106438154 2.2664978706498533 2.2766093306558917 2.2867207906619296 2.296832250667968 2.306943710674006 2.317055170680044 2.3271666306860994 2.3372780906921378 2.3473895506981757 2.3583643576520474 2.370262102022881 2.382159846393715 2.394057590764549 2.4059553351353826 2.4178530795062163 2.42975082387705 2.441648568247884 2.453546312618718
0.0 0.0 0.0 0.0 0.0 0.0 0.0 0.0 0.0 0.0 0.0 0.0 0.0 0.0 0.0 0.0 0.0 0.0 0.0 0.0 0.0 0.0 0.0 0.09051145795949425 0.27778171156155174 0.46505196516360925 0.6523222187656668 0.8395924723677243 1.0268627259697818 1.2141329795718392 1.4014032331738968 1.5886734867762737 1.7759437403783311 1.9632139939803885 2.150484247582446 2.2496042284802575 2.2544895739951074 2.2593749195099573 2.264260265024807 2.269145610539657 2.274030956054507 2.2789163015693563 2.283801647084206 2.288686992599056 2.2935723381139144 2.298457683628764 2.3033430291436137 2.318123188820183 2.3434811286657315 2.36883906851128 2.3941970083568287 2.419554948202377 2.4449128880479254 2.470270827893474 2.4956287677390225 2.520986707584571
0.0 0.0 0.0 0.0 0.0 0.0 0.0 0.0 0.0 0.0 0.0 0.0 0.0 0.0 0.0 0.0 0.0 0.0 0.0 0.0 0.0 0.0 0.0 0.09115454032372326 0.2797553458818665 0.46835615144000975 0.656956956998153 0.8455577625562962 1.0341585681144396 1.2227593736725828 1.411360179230726 1.599960984789191 1.788561790347334 1.9771625959054775 2.1657634014636207 2.263044966328776 2.2627041973524378 2.262363428376099 2.2620226593997605 2.261681890423422 2.2613411214470833 2.2610003524707447 2.2606595834944065 2.260318814518068 2.259978045541729 2.2596372765653903 2.2592965075890517 2.277882019988319 2.3167001553085824 2.3555182906288454 2.3943364259491084 2.4331545612693715 2.4719726965896345 2.510790831909898 2.549608967230161 2.588427102550424
0.0 0.0 0.0 0.0 0.0 0.0 0.0 0.0 0.0 0.0 0.0 0.0 0.0 0.0 0.0 0.0 0.0 0.0 0.0 0.0 0.0 0.0 0.0 0.09179762268795227 0.2817289802021813 0.47166033771641025 0.6615916952306393 0.8515230527448683 1.0414544102590972 1.2313857677733262 1.4213171252875552 1.611248482802108 1.801179840316337 1.9911111978305662 2.181042555344795 2.2764857041772943 2.2709188207097677 2.2653519372422406 2.259785053774714 2.2542181703071873 2.24865128683966 2.2430844033721336 2.2375175199046065 2.23195063643708 2.2263837529695434 2.2208168695020163 2.2152499860344896 2.237640851156455 2.289919181951433 2.3421975127464103 2.394475843541388 2.446754174336366 2.4990325051313436 2.5513108359263215 2.6035891667212994 2.6558674975162773
0.0 0.0 0.0 0.0 0.0 0.0 0.0 0.0 0.0 0.0 0.0 0.0 0.0 0.0 0.0 0.0 0.0 0.0 0.0 0.0 0.0 0.0 0.0 0.09244070505218185 0.28370261452249773 0.47496452399281364 0.6662264334631296 0.8574883429334454 1.0487502524037613 1.2400121618740771 1.4312740713443932 1.6225359808150353 1.813797890285351 2.005059799755667 2.196321709225983 2.2899264420258247 2.2791334440671047 2.268340446108385 2.2575474481496656 2.246754450190946 2.2359614522322264 2.2251684542735064 2.214375456314787 2.2035824583560673 2.192789460397329 2.1819964624386095 2.17120346447989 2.1973996823245563 2.26313820859426 2.328876734863964 2.394615261133668 2.460353787403372 2.5260923136730757 2.5918308399427796 2.6575693662124835 2.7233078924821874
0.0 0.0 0.0 0.0 0.0 0.0 0.0 0.0 0.0 0.0 0.0 0.0 0.0 0.0 0.0 0.0 0.0 0.0 0.0 0.0 0.0 0.0 0.0 0.09308378741641087 0.2856762488428125 0.47826871026921414 0.6708611716956158 0.8634536331220174 1.0560460945484191 1.2486385559748208 1.4412310174012224 1.6338234788279524 1.826415940254354 2.0190084016807557 2.2116008631071575 2.303367179874343 2.287348067424435 2.271328954974527 2.255309842524619 2.239290730074711 2.223271617624803 2.207252505174895 2.191233392724987 2.175214280275079 2.1591951678251435 2.1431760553752355 2.127156942925328 2.1571585134926923 2.236357235237111 2.3155559569815294 2.3947546787259477 2.4739534004703665 2.553152122214785 2.632350843959203 2.7115495657036215 2.7907482874480403
0.0 0.0 0.0 0.0 0.0 0.0 0.0 0.0 0.0 0.0 0.0 0.0 0.0 0.0 0.0 0.0 0.0 0.0 0.0 0.0 0.0 0.0 0.0 0.09372686978063989 0.2876498831631273 0.48157289654561475 0.6754959099281022 0.8694189233105896 1.063341936693077 1.2572649500755644 1.4511879634580518 1.64511097684087 1.8390339902233575 2.0329570036058446 2.226880016988332 2.316807917722862 2.2955626907817654 2.274317463840669 2.253072236899573 2.2318270099584763 2.21058178301738 2.1893365560762836 2.168091329135187 2.146846102194091 2.1256008752529585 2.104355648311862 2.083110421370766 2.1169173446608283 2.2095762618799615 2.3022351790990947 2.394894096318228 2.4875530135373607 2.580211930756494 2.672870847975627 2.7655297651947603 2.8581886824138936
0.0 0.0 0.0 0.0 0.0 0.0 0.0 0.0 0.0 0.0 0.0 0.0 0.0 0.0 0.0 0.0 0.0 0.0 0.0 0.0 0.0 0.0 0.0 0.0943699521448689 0.28962351748344206 0.48487708282201525 0.6801306481605884 0.8753842134991616 1.0706377788377348 1.265891344176308 1.4611449095148812 1.6563984748537872 1.8516520401923604 2.0469056055309336 2.2421591708695066 2.33024865557138 2.3037773141390954 2.277305972706811 2.250834631274526 2.2243632898422416 2.1978919484099566 2.171420606977672 2.1449492655453875 2.118477924113103 2.092006582680773 2.0655352412484884 2.0390638998162034 2.0766761758289642 2.182795288522812 2.2889144012166596 2.3950335139105077 2.5011526266043553 2.607271739298203 2.7133908519920507 2.8195099646858988 2.9256290773797464
0.0 0.0 0.0 0.0 0.0 0.0 0.0 0.0 0.0 0.0 0.0 0.0 0.0 0.0 0.0 0.0 0.0 0.0 0.0 0.0 0.0 0.0 0.0 0.09501303450909791 0.29159715180375684 0.48818126909841575 0.6847653863930747 0.8813495036877336 1.0779336209823924 1.2745177382770514 1.4711018555717104 1.6676859728667044 1.8642700901613634 2.060854207456022 2.257438324750681 2.3436893934198983 2.3119919374964257 2.2802944815729527 2.2485970256494796 2.2168995697260065 2.1852021138025335 2.1535046578790604 2.1218072019555874 2.0901097460321143 2.0584122901085875 2.0267148341851144 1.9950173782616412 2.0364350069971 2.1560143151656623 2.275593623334225 2.395172931502787 2.5147522396713495 2.634331547839912 2.753910856008474 2.8734901641770367 2.9930694723455993
0.0 0.0 0.0 0.0 0.0 0.0 0.0 0.0 0.0 0.0 0.0 0.0 0.0 0.0 0.0 0.0 0.0 0.0 0.0 0.0 0.0 0.0 0.0 0.09565611687332692 0.2935707861240716 0.49148545537481625 0.6894001246255609 0.8873147938763056 1.0852294631270503 1.283144132377795 1.4810588016285395 1.6789734708796218 1.8768881401303663 2.074802809381111 2.2727174786318556 2.3571301312684168 2.3202065608537557 2.283282990439094 2.246359420024433 2.2094358496097715 2.1725122791951104 2.135588708780449 2.0986651383657877 2.061741567951126 2.024817997536402 1.9878944271217405 1.9509708567070791 1.9961938381652358 2.1292333418085128 2.2622728454517897 2.395312349095067 2.528351852738344 2.661391356381621 2.794430860024898 2.927470363668175 3.0605098673114526
0.0 0.0 0.0 0.0 0.0 0.0 0.0 0.0 0.0 0.0 0.0 0.001984244965377473 0.0060896926720248835 0.010195140378672295 0.014300588085319706 0.018406035791967118 0.022511483498614527 0.02661693120526194 0.03072237891191635 0.03482782661856376 0.038933274325211174 0.04303872203185859 0.04714416973850599 0.14388512825258948 0.3396555429430659 0.5354259576335423 0.7311963723240187 0.9269667870144951 1.1227372017049715 1.318507616395448 1.5142780310859243 1.7100484457767344 1.9058188604672108 2.1015892751576875 2.2973596898481636 2.379881617330513 2.3413383504312706 2.3027950835320277 2.2642518166327847 2.225708549733542 2.1871652828342993 2.1486220159350564 2.1100787490358135 2.0715354821365706 2.032992215237262 1.9944489483380192 1.9559056814387765 2.0008894733907674 2.135165580716185 2.269441688041603 2.403717795367021 2.5379939026924387 2.6722700100178565 2.806546117343274 2.9408222246686924 3.07509833199411
0.0 0.0 0.0 0.0 0.0 0.0 0.0 0.0 0.0 0.0 0.0 0.006089522723114819 0.0186888829505115 0.03128824317790818 0.043887603405304856 0.05648696363270154 0.06908632386009822 0.0816856840874949 0.09428504431491307 0.10688440454230974 0.11948376476970642 0.1320831249971031 0.14468248522449978 0.24298049819993123 0.43289230919639304 0.6228041201928549 0.8127159311893166 1.0026277421857785 1.1925395531822403 1.382451364178702 1.5723631751751639 1.7622749861719496 1.9521867971684113 2.142098608164873 2.332010419161335 2.4125857063358 2.376277776472752 2.3399698466097036 2.3036619167466554 2.2673539868836072 2.2310460570205595 2.1947381271575113 2.158430197294463 2.122122267431415 2.085814337568305 2.0495064077052567 2.0131984778422085 2.053619719590548 2.1760661814782476 2.2985126433659477 2.4209591052536474 2.543405567141347 2.6658520290290473 2.7882984909167474 2.910744952804447 3.033191414692147
0.0 0.0 0.0 0.0 0.0 0.0 0.0 0.0 0.0 0.0 0.0 0.010194800480848676 0.0312880732289874 0.052381345977126126 0.07347461872526485 0.09456789147340358 0.11566116422154231 0.13675443696968104 0.15784770971785572 0.17894098246599446 0.20003425521413318 0.2211275279622719 0.24222080071041063 0.34207586814718866 0.5261290754496408 0.7101822827520929 0.8942354900545451 1.0782886973569972 1.2623419046594493 1.4463951119619014 1.6304483192643535 1.8145015265671196 1.9985547338695717 2.182607941172024 2.366661148474476 2.4452897953410586 2.4112172025142034 2.377144609687348 2.343072016860493 2.308999424033637 2.274926831206782 2.2408542383799266 2.2067816455530713 2.1727090527262156 2.1386364598993026 2.104563867072447 2.0704912742455917 2.106349965790283 2.216966782240275 2.3275835986902673 2.438200415140259 2.5488172315902515 2.659434048040244 2.7700508644902357 2.880667680940228 2.99128449739022
0.0 0.0 0.0 0.0 0.0 0.0 0.0 0.0 0.0 0.0 0.0 0.014300078238582528 0.043887263507463296 0.07347444877634406 0.10306163404522482 0.1326488193141056 0.16223600458298637 0.19182318985186714 0.22141037512079834 0.25099756038967913 0.2805847456585599 0.31017193092744066 0.33975911619632143 0.4411712380944461 0.6193658417028886 0.797560445311331 0.9757550489197735 1.153949652528216 1.3321442561366585 1.5103388597451008 1.6885334633535434 1.8667280669622897 2.044922670570732 2.2231172741791747 2.4013118777876175 2.477993884346318 2.4461566285556553 2.4143193727649925 2.38248211697433 2.3506448611836674 2.318807605393005 2.2869703496023424 2.25513309381168 2.2232958380210173 2.1914585822303003 2.1596213264396376 2.1277840706489752 2.1590802119900188 2.257867383002303 2.3566545540145873 2.4554417250268714 2.554228896039156 2.65301606705144 2.7518032380637245 2.8505904090760086 2.949377580088293
0.0 0.0 0.0 0.0 0.0 0.0 0.0 0.0 0.0 0.0 0.0 0.01840535599631638 0.05648645378593918 0.09456755157556199 0.13264864936518478 0.1707297471548076 0.2088108449444304 0.2468919427340532 0.28497304052374095 0.32305413831336377 0.36113523610298653 0.39921633389260935 0.4372974316822322 0.5402666080417035 0.7126026079561363 0.884938607870569 1.057274607785002 1.2296106076994349 1.4019466076138674 1.5742826075283003 1.7466186074427332 1.91895460735746 2.0912906072718926 2.2636266071863256 2.435962607100758 2.5106979733515766 2.481096054597107 2.451494135842637 2.421892217088167 2.3922902983336973 2.3626883795792275 2.3330864608247577 2.303484542070288 2.273882623315818 2.244280704561298 2.2146787858068278 2.1850768670523584 2.211810458189754 2.2987679837643302 2.385725509338907 2.472683034913483 2.5596405604880594 2.646598086062636 2.7335556116372124 2.820513137211789 2.9074706627863653
0.0 0.0 0.0 0.0 0.0 0.0 0.0 0.0 0.0 0.0 0.0 0.02251063375405023 0.06908564406441506 0.1156606543747799 0.16223566468514475 0.20881067499550957 0.2553856853058744 0.3019606956162392 0.3485357059266835 0.39511071623704835 0.44168572654741317 0.488260736857778 0.5348357471681429 0.6393619779889608 0.8058393742093839 0.972316770429807 1.1387941666502304 1.3052715628706535 1.4717489590910766 1.6382263553114997 1.8047037515319229 1.97118114775263 2.1376585439730533 2.3041359401934765 2.4706133364138996 2.543402062356835 2.5160354806385583 2.4886688989202814 2.4613023172020045 2.433935735483727 2.4065691537654503 2.3792025720471734 2.3518359903288966 2.3244694086106192 2.2971028268922957 2.269736245174019 2.2423696634557415 2.264540704389489 2.339668584526358 2.4147964646632265 2.4899243448000954 2.565052224936964 2.6401801050738323 2.715307985210701 2.7904358653475696 2.8655637454844385
