Figures/CREST_Example_wjb_NSE/Rolling_result/20100722/BJP_forecast/ens_30/wjb.rain.20100724.asc
ncols            288
nrows            254
xllcorner        113.274861
yllcorner        31.4918055
cellsize         0.008333333333
NODATA_value     -9999
[rows 140 to 167 of 254, columns 189 to 251 of 288]
0.0 0.0 0.0 0.0 0.0 0.0 0.0 0.0 0.0 0.0 0.0 0.0 0.0 0.0 0.0 0.0 0.0 0.0 0.0 0.0 0.0 0.0 0.0 0.0 0.0 0.0 0.0 0.0 0.0 0.0 0.09141993451859422 0.28056984798304313 0.4697197614478145 0.6588696749122634 0.8480195883767123 1.037169501841161 1.22631941530561 1.415469328770059 1.6046192422345078 1.7937691556989568 1.9829190691634055 2.1720689826278545 2.2873254579337767 2.3235881753967904 2.359850892859804 2.39611361032288 2.4323763277858936 2.4686390452489073 2.504901762711921 2.5411644801749347 2.5774271976379484 2.613689915100962 2.6499526325639757 2.6862153500269894 2.596005140649552 2.3705925097220946 2.145179878794637 1.9197672478671794 1.6943546169393378 1.4689419860118804 1.2435293550844229 1.0181167241569655 0.792704093229508
0.0 0.0 0.0 0.0 0.0 0.0 0.0 0.0 0.0 0.0 0.0 0.0 0.0 0.0 0.0 0.0 0.0 0.0 0.0 0.0 0.0 0.0 0.0 0.0 0.0 0.0 0.0 0.0 0.0 0.0 0.10363639594617405 0.3180624445778223 0.5324884932098362 0.7469145418414844 0.9613405904731326 1.175766639104781 1.390192687736429 1.6046187363680773 1.8190447849997256 2.0334708336313736 2.247896882263022 2.46232293089467 2.5929811486353045 2.6340896592120293 2.6751981697887546 2.7163066803655496 2.7574151909422744 2.798523701518999 2.839632212095724 2.8807407226724493 2.921849233249174 2.962957743825899 3.0040662544026238 3.0451747649793486 2.94290974995108 2.6873751907427126 2.431840631534345 2.176306072325978 1.920771513117175 1.6652369539088077 1.4097023947004403 1.154167835492073 0.8986332762837059
0.0 0.0 0.0 0.0 0.0 0.0 0.0 0.0 0.0 0.0 0.0 0.0 0.0 0.0 0.0 0.0 0.0 0.0 0.0 0.0 0.0 0.0 0.0 0.0 0.0 0.0 0.0 0.0 0.0 0.0 0.11585285737375386 0.3555550411726014 0.5952572249718577 0.8349594087707053 1.0746615925695528 1.3143637763684004 1.554065960167248 1.7937681439660955 2.033470327764943 2.2731725115637906 2.512874695362638 2.7525768791614857 2.898636839336832 2.9445911430272678 2.990545446717704 3.0364997504082187 3.0824540540986547 3.1284083577890907 3.174362661479527 3.220316965169963 3.266271268860399 3.3122255725508354 3.3581798762412713 3.4041341799317073 3.2898143592526075 3.00415787176333 2.7185013842740533 2.432844896784776 2.147188409295012 1.8615319218057347 1.5758754343164576 1.2902189468271805 1.0045624593379032
0.0 0.0 0.0 0.0 0.0 0.0 0.0 0.0 0.0 0.0 0.0 0.0 0.0 0.0 0.0 0.0 0.0 0.0 0.0 0.0 0.0 0.0 0.0 0.0 0.0 0.0 0.0 0.0 0.0 0.0 0.12806931880133368 0.39304763776738055 0.6580259567338793 0.9230042756999262 1.187982594665973 1.4529609136320198 1.7179392325980667 1.9829175515641138 2.2478958705301606 2.5128741894962072 2.7778525084622543 3.0428308274283014 3.204292530038359 3.255092626842506 3.3058927236466538 3.3566928204508875 3.407492917255035 3.458293014059182 3.5090931108633296 3.5598932076674767 3.6106933044716243 3.6614934012757714 3.712293498079919 3.763093594884066 3.636718968554135 3.320940552783948 3.005162137013761 2.689383721243574 2.3736053054728488 2.0578268897026617 1.7420484739324746 1.426270058162288 1.110491642392101
0.0 0.0 0.0 0.0 0.0 0.0 0.0 0.0 0.0 0.0 0.0 0.0 0.0 0.0 0.0 0.0 0.0 0.0 0.0 0.0 0.0 0.0 0.0 0.0 0.0 0.0 0.0 0.0 0.0 0.0 0.1402857802289239 0.4305402343621917 0.7207946884959544 1.0110491426292223 1.30130359676249 1.5915580508957579 1.8818125050290255 2.172066959162293 2.462321413295561 2.752575867428829 3.042830321562097 3.3330847756953643 3.509948220740147 3.56559411065801 3.6212400005758725 3.67688589049383 3.7325317804116924 3.788177670329555 3.843823560247418 3.8994694501652805 3.955115340083143 4.010761230001005 4.0664071199188685 4.122053009836731 3.9836235778559583 3.6377232338048358 3.291822889753713 2.945922545702591 2.6000222016508783 2.254121857599756 1.9082215135486336 1.562321169497511 1.2164208254463889
0.0 0.0 0.0 0.0 0.0 0.0 0.0 0.0 0.0 0.0 0.0 0.0 0.0 0.0 0.0 0.0 0.0 0.0 0.0 0.0 0.0 0.0 0.0 0.0 0.0 0.0 0.0 0.0 0.0 0.0 0.14350277846617165 0.440413274756929 0.7373237710481926 1.03423426733895 1.3311447636297074 1.6280552599204645 1.924965756211222 2.2218762525019793 2.5187867487927367 2.815697245083494 3.112607741374251 3.4095182376650084 3.589638799298756 3.6449082774439696 3.7001777555891833 3.755447233734491 3.8107167118797047 3.8659861900249184 3.921255668170132 3.9765251463153457 4.031794624460559 4.087064102605773 4.142333580750987 4.1976030588962 4.055944071580517 3.7037640971445533 3.3515841227085903 2.9994041482726272 2.6472241738360633 2.2950441994001007 1.9428642249641372 1.5906842505281742 1.2385042760922111
0.0 0.0 0.0 0.0 0.0 0.0 0.0 0.0 0.0 0.0 0.0 0.0 0.0 0.0 0.0 0.0 0.0 0.0 0.0 0.0 0.0 0.0 0.0 0.0 0.0 0.0 0.0 0.0 0.0 0.0 0.13709991786543532 0.4207627506686643 0.704425583472377 0.9880884162756061 1.2717512490788352 1.555414081882064 1.8390769146852932 2.1227397474885223 2.406402580291751 2.69006541309498 2.9737282458982093 3.2573910787014384 3.4277869174738003 3.4770977760227044 3.5264086345716086 3.575719493120597 3.625030351669501 3.674341210218405 3.723652068767309 3.7729629273162133 3.8222737858651175 3.8715846444140216 3.9208955029629258 3.97020636151183 3.8347514551185884 3.501777763766462 3.168804072414336 2.83583038106221 2.502856689709516 2.16988299835739 1.8369093070052638 1.5039356156531376 1.1709619243010114
0.0 0.0 0.0 0.0 0.0 0.0 0.0 0.0 0.0 0.0 0.0 0.0 0.0 0.0 0.0 0.0 0.0 0.0 0.0 0.0 0.0 0.0 0.0 0.0 0.0 0.0 0.0 0.0 0.0 0.0 0.13069705726469896 0.4011122265803997 0.6715273958965615 0.9419425652122623 1.212357734527963 1.4827729038436637 1.7531880731593643 2.023603242475065 2.294018411790766 2.5644335811064667 2.834848750422167 3.105263919737868 3.2659350356488446 3.3092872746014392 3.352639513554034 3.3959917525067027 3.439343991459297 3.4826962304118916 3.5260484693644862 3.569400708317081 3.6127529472696756 3.65610518622227 3.699457425174865 3.7428096641274595 3.61355883865666 3.2997914303883706 2.9860240221200813 2.6722566138517925 2.358489205582968 2.044721797314679 1.7309543890463899 1.4171869807781006 1.1034195725098113
0.0 0.0 0.0 0.0 0.0 0.0 0.0 0.0 0.0 0.0 0.0 0.0 0.0 0.0 0.0 0.0 0.0 0.0 0.0 0.0 0.0 0.0 0.0 0.0 0.0 0.0 0.0 0.0 0.0 0.0 0.12429419666396262 0.381461702492135 0.638629208320746 0.8957967141489184 1.1529642199770909 1.4101317258052632 1.6672992316334356 1.924466737461608 2.1816342432897806 2.4388017491179528 2.6959692549461254 2.9531367607742975 3.1040831538238898 3.1414767731801745 3.1788703925364596 3.2162640118928087 3.253657631249094 3.2910512506053786 3.3284448699616638 3.365838489317949 3.403232108674234 3.4406257280305192 3.4780193473868044 3.5154129667430896 3.3923662221947315 3.0978050970102795 2.803243971825827 2.508682846641375 2.2141217214564204 1.9195605962719684 1.6249994710875162 1.330438345903064 1.035877220718612
0.0 0.0 0.0 0.0 0.0 0.0 0.0 0.0 0.0 0.0 0.0 0.0 0.0 0.0 0.0 0.0 0.0 0.0 0.0 0.0 0.0 0.0 0.0 0.0 0.0 0.0 0.0 0.0 0.0 0.0 0.11789133606322627 0.3618111784038704 0.6057310207449305 0.8496508630855746 1.0935707054262187 1.3374905477668628 1.5814103901075067 1.8253302324481508 2.069250074788795 2.3131699171294393 2.557089759470083 2.801009601810727 2.942231271998934 2.9736662717589097 3.0051012715188854 3.0365362712789143 3.06797127103889 3.0994062707988657 3.1308412705588413 3.162276270318817 3.1937112700787926 3.225146269838768 3.2565812695987435 3.288016269358719 3.1711736057328035 2.8958187636321884 2.620463921531573 2.3451090794309577 2.0697542373298727 1.7943993952292576 1.5190445531286423 1.243689711028027 0.9683348689274118
0.0 0.0 0.0 0.0 0.0 0.0 0.0 0.0 0.0 0.0 0.0 0.0 0.0 0.0 0.0 0.0 0.0 0.0 0.0 0.0 0.0 0.0 0.0 0.0 0.0 0.0 0.0 0.0 0.0 0.0 0.11148847546248444 0.3421606543155889 0.5728328331690867 0.8035050120221912 1.0341771908752957 1.2648493697284 1.4955215485815045 1.726193727434609 1.9568659062877134 2.187538085140818 2.4182102639939225 2.648882442847027 2.78037939017384 2.805855770337501 2.831332150501162 2.8568085306648667 2.8822849108285276 2.907761290992189 2.9332376711558497 2.958714051319511 2.9841904314831718 3.009666811646833 3.035143191810494 3.060619571974155 2.9499809892706867 2.6938324302539245 2.4376838712371627 2.181535312220401 1.925386753203202 1.6692381941864403 1.4130896351696784 1.1569410761529164 0.9007925171361548
0.0 0.0 0.0 0.0 0.0 0.0 0.0 0.0 0.0 0.0 0.0 0.0 0.0 0.0 0.0 0.0 0.0 0.0 0.0 0.0 0.0 0.0 0.0 0.0 0.0 0.0 0.0 0.0 0.0 0.0 0.1050856148617481 0.3225101302273242 0.5399346455932712 0.7573591609588474 0.9747836763244234 1.1922081916899996 1.4096327070555759 1.627057222421152 1.844481737786728 2.061906253152304 2.2793307685178803 2.4967552838834566 2.6185275083488846 2.638045268916236 2.6575630294835877 2.6770807900509723 2.696598550618324 2.7161163111856754 2.735634071753027 2.7551518323203785 2.7746695928877303 2.794187353455082 2.8137051140224334 2.833222874589785 2.7287883728087583 2.4918460968758334 2.2549038209429084 2.0179615450099835 1.7810192690766546 1.5440769931437297 1.3071347172108048 1.0701924412778798 0.8332501653449547
0.0 0.0 0.0 0.0 0.0 0.0 0.0 0.0 0.0 0.0 0.0 0.0 0.0 0.0 0.0 0.0 0.0 0.0 0.0 0.0 0.0 0.0 0.0 0.0 0.0 0.0 0.0 0.0 0.0 0.0 0.09868275426101177 0.30285960613905966 0.5070364580174557 0.7112133098955036 0.9153901617735515 1.1195670136515994 1.3237438655296472 1.527920717407695 1.732097569285743 1.9362744211637908 2.1404512730418386 2.3446281249198866 2.4566756265239293 2.470234767494971 2.4837939084660134 2.4973530494370784 2.5109121904081206 2.5244713313791625 2.5380304723502047 2.5515896133212466 2.565148754292289 2.5787078952633307 2.592267036234373 2.6058261772054148 2.5075957563468303 2.2898597634977422 2.072123770648654 1.854387777799566 1.6366517849501068 1.418915792101019 1.2011797992519309 0.983443806402843 0.765707813553755
0.0 0.0 0.0 0.0 0.0 0.0 0.0 0.0 0.0 0.0 0.0 0.0 0.0 0.0 0.0 0.0 0.0 0.0 0.0 0.0 0.0 0.0 0.0 0.0 0.0 0.0 0.0 0.0 0.0 0.0 0.0922798936602754 0.2832090820507949 0.4741382704416401 0.6650674588321596 0.8559966472226791 1.0469258356131987 1.2378550240037183 1.4287842123942378 1.6197134007847573 1.8106425891752769 2.0015717775657964 2.1925009659563157 2.2948237446989737 2.3024242660737064 2.3100247874484388 2.3176253088231844 2.3252258301979167 2.3328263515726495 2.340426872947382 2.3480273943221146 2.3556279156968474 2.3632284370715797 2.3708289584463125 2.378429479821045 2.286403139884902 2.087873430119651 1.8893437203544 1.690814010589149 1.4922843008235593 1.2937545910583081 1.0952248812930572 0.8966951715278062 0.698165461762555
0.0 0.0 0.0 0.0 0.0 0.0 0.0 0.0 0.0 0.0 0.0 0.0 0.0 0.0 0.0 0.0 0.0 0.0 0.0 0.0 0.0 0.0 0.0 0.0 0.0 0.0 0.0 0.0 0.0 0.0 0.08587703305953905 0.2635585579625303 0.4412400828658245 0.6189216077688158 0.7966031326718069 0.9742846575747982 1.1519661824777894 1.3296477073807806 1.507329232283772 1.6850107571867632 1.8626922820897545 2.0403738069927457 2.132971862874018 2.1346137646524412 2.136255666430864 2.13789756820929 2.1395394699877133 2.141181371766136 2.1428232735445594 2.1444651753229826 2.1461070771014055 2.1477489788798287 2.1493908806582516 2.151032782436675 2.065210523422974 1.8858870967415597 1.7065636700601456 1.5272402433787315 1.3479168166970117 1.1685933900155976 0.9892699633341835 0.8099465366527694 0.6306231099713553
0.0 0.0 0.0 0.0 0.0 0.0 0.0 0.0 0.0 0.0 0.0 0.0 0.0 0.0 0.0 0.0 0.0 0.0 0.0 0.0 0.0 0.0 0.0 0.0 0.0 0.0 0.0 0.0 0.0 0.0 0.0794741724588027 0.24390803387426563 0.40834189529000897 0.5727757567054719 0.7372096181209348 0.9016434795363978 1.0660773409518607 1.2305112023673237 1.3949450637827865 1.5593789251982495 1.7238127866137123 1.8882466480291753 1.9711199810490627 1.9668032632311763 1.9624865454132898 1.9581698275953958 1.9538531097775094 1.949536391959623 1.9452196741417365 1.94090295632385 1.9365862385059636 1.9322695206880771 1.9279528028701907 1.9236360850523042 1.8440179069610454 1.6839007633634682 1.5237836197658912 1.363666476168314 1.2035493325704638 1.0434321889728868 0.8833150453753096 0.7231979017777326 0.5630807581801556
0.0 0.0 0.0 0.0 0.0 0.0 0.0 0.0 0.0 0.0 0.0 0.0 0.0 0.0 0.0 0.0 0.0 0.0 0.0 0.0 0.0 0.0 0.0 0.0 0.0 0.0 0.0 0.0 0.0 0.0 0.07307131185806635 0.22425750978600098 0.37544370771419344 0.5266299056421281 0.6778161035700626 0.8290023014979973 0.9801884994259319 1.1313746973538665 1.282560895281801 1.4337470932097358 1.5849332911376703 1.736119489065605 1.809268099224107 1.798992761809911 1.7887174243957151 1.7784420869815016 1.7681667495673057 1.7578914121531097 1.7476160747389138 1.7373407373247178 1.727065399910522 1.7167900624963262 1.7065147250821302 1.6962393876679343 1.6228252904991172 1.481914429985377 1.341003569471637 1.2000927089578968 1.0591818484439162 0.9182709879301761 0.777360127416436 0.6364492669026958 0.49553840638895563
0.0 0.0 0.0 0.0 0.0 0.0 0.0 0.0 0.0 0.0 0.0 0.0 0.0 0.0 0.0 0.0 0.0 0.0 0.0 0.0 0.0 0.0 0.0 0.0 0.0 0.0 0.0 0.0 0.0 0.0 0.06872884235092132 0.2109303725931508 0.3531319028356228 0.49533343307785227 0.6375349633200817 0.7797364935623112 0.9219380238045408 1.0641395540467702 1.2063410842889997 1.3485426145312291 1.4907441447734588 1.6329456750156883 1.7016368320819946 1.6917437364418153 1.6818506408016358 1.6719575451614395 1.6620644495212602 1.6521713538810807 1.6422782582409012 1.632385162600722 1.6224920669605425 1.612598971320363 1.6027058756801837 1.5928127800400043 1.5237539039627186 1.3914454693606673 1.2591370347586157 1.1268286001565642 0.9945201655542871 0.8622117309522356 0.7299032963501841 0.5975948617481326 0.46528642714608126
0.0 0.0 0.0 0.0 0.0 0.0 0.0 0.0 0.0 0.0 0.0 0.0 0.0 0.0 0.0 0.0 0.0 0.0 0.0 0.0 0.0 0.0 0.0 0.0 0.0 0.0 0.0 0.0 0.0 0.0 0.06658880104314756 0.20436253738782814 0.34213627373274363 0.47991001007742423 0.6176837464221048 0.7554574827667854 0.893231219111466 1.0310049554561465 1.1687786918008272 1.3065524281455076 1.4443261644901881 1.5820999008348688 1.6519639841624034 1.649231111395896 1.6464982386293883 1.6437653658628761 1.6410324930963687 1.638299620329861 1.6355667475633535 1.6328338747968458 1.6301010020303384 1.6273681292638307 1.6246352564973232 1.6219023837308155 1.5552224141313216 1.4201815505531483 1.2851406869749749 1.1500998233968014 1.0150589598183979 0.8800180962402244 0.7449772326620511 0.6099363690838777 0.47489550550570425
0.0 0.0 0.0 0.0 0.0 0.0 0.0 0.0 0.0 0.0 0.0 0.0 0.0 0.0 0.0 0.0 0.0 0.0 0.0 0.0 0.0 0.0 0.0 0.0 0.0 0.0 0.0 0.0 0.0 0.0 0.0644487597353738 0.19779470218250544 0.3311406446298645 0.46448658707699614 0.5978325295241278 0.7311784719712594 0.8645244144183911 0.9978703568655227 1.1312162993126544 1.2645622417597862 1.3979081842069176 1.5312541266540494 1.6022911362428125 1.6067184863499768 1.611145836457141 1.6155731865643128 1.6200005366714771 1.6244278867786415 1.6288552368858056 1.63328258699297 1.6377099371001342 1.6421372872072983 1.6465646373144627 1.650991987421627 1.5866909242999245 1.4489176317456294 1.311144339191334 1.1733710466370386 1.0355977540825085 0.8978244615282132 0.7600511689739179 0.6222778764196226 0.48450458386532724
0.0 0.0 0.0 0.0 0.0 0.0 0.0 0.0 0.0 0.0 0.0 0.0 0.0 0.0 0.0 0.0 0.0 0.0 0.0 0.0 0.0 0.0 0.0 0.0 0.0 0.0 0.0 0.0 0.0 0.0 0.062308718427600024 0.19122686697718275 0.3201450155269853 0.44906316407656804 0.5779813126261507 0.7068994611757334 0.8358176097253162 0.9647357582748989 1.0936539068244817 1.2225720553740644 1.3514902039236472 1.4804083524732299 1.5526182883232214 1.5642058613040575 1.5757934342848936 1.5873810072657495 1.5989685802465856 1.6105561532274217 1.6221437262082576 1.6337312991890938 1.64531887216993 1.656906445150766 1.6684940181316021 1.6800815911124383 1.6181594344685275 1.4776537129381104 1.3371479914076931 1.196642269877276 1.0561365483466192 0.915630826816202 0.7751251052857848 0.6346193837553675 0.49411366222495046
0.0 0.0 0.0 0.0 0.0 0.0 0.0 0.0 0.0 0.0 0.0 0.0 0.0 0.0 0.0 0.0 0.0 0.0 0.0 0.0 0.0 0.0 0.0 0.0 0.0 0.0 0.0 0.0 0.0 0.0 0.06016867711982626 0.18465903177186005 0.30914938642410617 0.43363974107613995 0.5581300957281737 0.6826204503802076 0.8071108050322413 0.9316011596842751 1.056091514336309 1.1805818689883427 1.3050722236403764 1.4295625782924104 1.5029454404036302 1.5216932362581381 1.540441032112646 1.559188827967186 1.5779366238216939 1.596684419676202 1.61543221553071 1.6341800113852178 1.6529278072397258 1.6716756030942337 1.6904233989487416 1.7091711948032495 1.6496279446371305 1.5063897941305915 1.3631516436240525 1.2199134931175133 1.0766753426107298 0.9334371921041908 0.7901990415976518 0.6469608910911127 0.5037227405845734
0.0 0.0 0.0 0.0 0.0 0.0 0.0 0.0 0.0 0.0 0.0 0.0 0.0 0.0 0.0 0.0 0.0 0.0 0.0 0.0 0.0 0.0 0.0 0.0 0.0 0.0 0.0 0.0 0.0 0.0 0.05802863581205249 0.17809119656653735 0.29815375732122695 0.4182163180757118 0.5382788788301966 0.6583414395846815 0.7784040003391665 0.8984665610936513 1.018529121848136 1.138591682602621 1.258654243357106 1.3787168041115907 1.453272592484039 1.4791806112122188 1.5050886299403985 1.5309966486686226 1.5569046673968023 1.582812686124982 1.608720704853162 1.6346287235813417 1.6605367423095214 1.6864447610377014 1.712352779765881 1.738260798494061 1.6810964548057337 1.5351258753230725 1.3891552958404116 1.2431847163577507 1.0972141368748407 0.9512435573921798 0.8052729779095188 0.6593023984268578 0.5133318189441969
0.0 0.0 0.0 0.0 0.0 0.0 0.0 0.0 0.0 0.0 0.0 0.0 0.0 0.0 0.0 0.0 0.0 0.0 0.0 0.0 0.0 0.0 0.0 0.0 0.0 0.0 0.0 0.0 0.0 0.0 0.0558885945042769 0.17152336136120908 0.2871581282183384 0.4027928950752706 0.5184276619322028 0.634062428789135 0.7496971956460671 0.8653319625029993 0.9809667293599315 1.0966014962168635 1.2122362630737957 1.327871029930728 1.4035997445644055 1.4366679861662632 1.469736227768121 1.502804469370035 1.5358727109718928 1.5689409525737505 1.6020091941756083 1.635077435777466 1.6681456773793237 1.7012139189811815 1.7342821605830392 1.7673504021848971 1.7125649649743635 1.5638619565155782 1.415158948056793 1.2664559395980077 1.117752931138969 0.9690499226801838 0.8203469142213985 0.6716439057626133 0.5229408973038281
0.0 0.0 0.0 0.0 0.0 0.0 0.0 0.0 0.0 0.0 0.0 0.0 0.0 0.0 0.0 0.0 0.0 0.0 0.0 0.0 0.0 0.0 0.0 0.0 0.0 0.0 0.0 0.0 0.0 0.0 0.05374855319650313 0.16495552615588635 0.27616249911545926 0.38736947207484246 0.4985764450342257 0.6097834179936089 0.7209903909529922 0.8321973639123754 0.9434043368717586 1.0546113098311418 1.165818282790525 1.2770252557499084 1.3539268966448144 1.3941553611203439 1.4343838255958734 1.4746122900714715 1.5148407545470013 1.5550692190225308 1.5952976834980603 1.6355261479735899 1.6757546124491196 1.7159830769246491 1.7562115414001789 1.7964400058757084 1.7440334751429662 1.5925980377080593 1.4411626002731521 1.289727162838245 1.1382917254030795 0.9868562879681725 0.8354208505332654 0.6839854130983583 0.5325499756634511
0.0 0.0 0.0 0.0 0.0 0.0 0.0 0.0 0.0 0.0 0.0 0.0 0.0 0.0 0.0 0.0 0.0 0.0 0.0 0.0 0.0 0.0 0.0 0.0 0.0 0.0 0.0 0.0 0.0 0.0 0.051608511888729364 0.15838769095056368 0.2651668700125801 0.3719460490744144 0.47872522813624874 0.585504407198083 0.6922835862599174 0.7990627653217517 0.905841944383586 1.0126211234454203 1.1194003025072545 1.226179481569089 1.304254048725223 1.3516427360744245 1.3990314234236259 1.4464201107729082 1.4938087981221095 1.541197485471311 1.5885861728205124 1.635974860169714 1.6833635475189155 1.7307522348681168 1.7781409222173181 1.8255296095665197 1.7755019853115694 1.6213341189005404 1.4671662524895113 1.3129983860784824 1.1588305196671902 1.0046626532561613 0.8504947868451322 0.6963269204341034 0.5421590540230743
0.0 0.0 0.0 0.0 0.0 0.0 0.0 0.0 0.0 0.0 0.0 0.0 0.0 0.0 0.0 0.0 0.0 0.0 0.0 0.0 0.0 0.0 0.0 0.0 0.0 0.0 0.0 0.0 0.0 0.0 0.0494684705809556 0.15181985574524098 0.2541712409097009 0.35652262607398627 0.45887401123827165 0.5612253964025571 0.6635767815668424 0.7659281667311278 0.8682795518954132 0.9706309370596986 1.072982322223984 1.1753337073882693 1.2545812008056318 1.3091301110285052 1.3636790212513785 1.4182279314743447 1.472776841697218 1.5273257519200913 1.5818746621429647 1.636423572365838 1.6909724825887111 1.7455213928115845 1.8000703030344578 1.854619213257331 1.8069704954801724 1.6500702000930214 1.4931699047058704 1.3362696093187196 1.179369313931301 1.0224690185441503 0.8655687231569993 0.7086684277698483 0.5517681323826973
0.0 0.0 0.0 0.0 0.0 0.0 0.0 0.0 0.0 0.0 0.0 0.0 0.0 0.0 0.0 0.0 0.0 0.0 0.0 0.0 0.0 0.0 0.0 0.0 0.0 0.0 0.0 0.0 0.0 0.0 0.04732842927318183 0.1452520205399183 0.24317561180682173 0.3410992030735582 0.4390227943402947 0.5369463856070311 0.6348699768737676 0.732793568140504 0.8307171594072406 0.928640750673977 1.0265643419407133 1.12448793320745 1.2049083528860407 1.2666174859825858 1.328326619079131 1.3900357521757813 1.4517448852723265 1.5134540183688716 1.5751631514654167 1.6368722845619619 1.6985814176585068 1.7602905507550521 1.821999683851597 1.8837088169481424 1.8384390056487754 1.6788062812855025 1.5191735569222296 1.3595408325589569 1.1999081081954117 1.0402753838321388 0.8806426594688661 0.7210099351055932 0.5613772107423205
