Figures/CREST_Example_wjb_NSE/Rolling_result/20100722/BJP_forecast/ens_30/wjb.rain.20100131.asc
ncols            288
nrows            254
xllcorner        113.274861
yllcorner        31.4918055
cellsize         0.008333333333
NODATA_value     -9999
[rows 180 to 199 of 254, columns 176 to 219 of 288]
2.901133031117678 2.901133031117678 2.901133031117678 2.901133031117678 2.901133031117678 2.901133031117678 2.901133031117678 2.9022386466909555 2.9045261903266857 2.9068137339624163 2.9091012775981464 2.911388821233877 2.913676364869607 2.9159639085053377 2.918251452141068 2.9205389957767984 2.9228265394125286 2.925114083048259 2.9274016266839893 2.922114289816862 2.9087292342944484 2.895344178772035 2.8819591232496213 2.8685740677272076 2.8551890122047943 2.8418039566823805 2.828418901159967 2.8150338456375534 2.80164879011514 2.7882637345927264 2.774878679070313 2.7679628884721468 2.7679628884721468 2.7679628884721468 2.7679628884721468 2.7679628884721468 2.7679628884721468 2.7679628884721468 2.7679628884721468 2.7679628884721468 2.7679628884721468 2.7679628884721468 2.7679628884721468 2.7598622005713347
2.9166695762923833 2.9166695762923833 2.9166695762923833 2.9166695762923833 2.9166695762923833 2.9166695762923833 2.9166695762923833 2.9175667105946554 2.9194229017637743 2.921279092932893 2.923135284102012 2.924991475271131 2.9268476664402496 2.928703857609368 2.930560048778487 2.9324162399476057 2.9342724311167245 2.9361286222858434 2.937984813454962 2.9319291196663695 2.9174154418348137 2.902901764003258 2.8883880861717026 2.873874408340147 2.859360730508591 2.8448470526770353 2.83033337484548 2.815819697013924 2.8013060191823684 2.7867923413508127 2.772278663519257 2.764779736337057 2.764779736337057 2.764779736337057 2.764779736337057 2.764779736337057 2.764779736337057 2.764779736337057 2.764779736337057 2.764779736337057 2.764779736337057 2.764779736337057 2.764779736337057 2.7567424925169957
2.873764456270269 2.873764456270269 2.873764456270269 2.873764456270269 2.873764456270269 2.873764456270269 2.873764456270269 2.8753989801016 2.8787808468898244 2.8821627136780483 2.8855445804662727 2.8889264472544967 2.892308314042721 2.8956901808309454 2.8990720476191694 2.9024539144073938 2.9058357811956177 2.909217647983842 2.912599514772066 2.9075614718583638 2.8935223549549907 2.8794832380516175 2.8654441211482444 2.8514050042448713 2.837365887341498 2.8233267704381246 2.8092876535347515 2.7952485366313784 2.7812094197280053 2.767170302824632 2.753131185921259 2.745877454883362 2.745877454883362 2.745877454883362 2.745877454883362 2.745877454883362 2.745877454883362 2.745877454883362 2.745877454883362 2.745877454883362 2.745877454883362 2.745877454883362 2.745877454883362 2.7351824194893077
2.8308593362481185 2.8308593362481185 2.8308593362481185 2.8308593362481185 2.8308593362481185 2.8308593362481185 2.8308593362481185 2.833231249608509 2.83813879201584 2.8430463344231707 2.8479538768305015 2.8528614192378323 2.8577689616451636 2.8626765040524944 2.8675840464598252 2.872491588867156 2.877399131274487 2.8823066736818177 2.8872142160891485 2.8831938240503376 2.869629268075147 2.8560647120999567 2.8425001561247667 2.8289356001495762 2.8153710441743858 2.8018064881991958 2.7882419322240053 2.7746773762488153 2.761112820273625 2.747548264298435 2.7339837083232443 2.726975173429651 2.726975173429651 2.726975173429651 2.726975173429651 2.726975173429651 2.726975173429651 2.726975173429651 2.726975173429651 2.726975173429651 2.726975173429651 2.726975173429651 2.726975173429651 2.713622346461601
2.7879542162260043 2.7879542162260043 2.7879542162260043 2.7879542162260043 2.7879542162260043 2.7879542162260043 2.7879542162260043 2.7910635191154536 2.79749673714189 2.8039299551683263 2.8103631731947623 2.8167963912211986 2.823229609247635 2.8296628272740714 2.8360960453005077 2.8425292633269437 2.84896248135338 2.8553956993798164 2.861828917406253 2.858826176242332 2.8457361811953237 2.832646186148316 2.819556191101308 2.8064661960543003 2.7933762010072924 2.7802862059602846 2.767196210913277 2.754106215866269 2.741016220819261 2.7279262257722534 2.7148362307252456 2.708072891975956 2.708072891975956 2.708072891975956 2.708072891975956 2.708072891975956 2.708072891975956 2.708072891975956 2.708072891975956 2.708072891975956 2.708072891975956 2.708072891975956 2.708072891975956 2.692062273433913
2.74504909620389 2.74504909620389 2.74504909620389 2.74504909620389 2.74504909620389 2.74504909620389 2.74504909620389 2.748895788622398 2.75685468226794 2.7648135759134815 2.7727724695590235 2.780731363204565 2.788690256850107 2.7966491504956483 2.8046080441411902 2.8125669377867317 2.820525831432273 2.828484725077815 2.836443618723357 2.834458528434326 2.8218430943155006 2.8092276601966755 2.7966122260778503 2.7839967919590247 2.7713813578401996 2.7587659237213744 2.746150489602549 2.7335350554837237 2.7209196213648985 2.708304187246073 2.6956887531272478 2.689170610522261 2.689170610522261 2.689170610522261 2.689170610522261 2.689170610522261 2.689170610522261 2.689170610522261 2.689170610522261 2.689170610522261 2.689170610522261 2.689170610522261 2.689170610522261 2.670502200406225
2.702143976181776 2.702143976181776 2.702143976181776 2.702143976181776 2.702143976181776 2.702143976181776 2.702143976181776 2.7067280581293427 2.71621262739399 2.725697196658637 2.735181765923284 2.7446663351879312 2.7541509044525783 2.7636354737172257 2.7731200429818728 2.78260461224652 2.792089181511167 2.8015737507758143 2.8110583200404613 2.8100908806263205 2.797950007435678 2.785809134245035 2.773668261054392 2.761527387863749 2.7493865146731062 2.7372456414824637 2.725104768291821 2.712963895101178 2.700823021910535 2.688682148719892 2.676541275529249 2.670268329068566 2.670268329068566 2.670268329068566 2.670268329068566 2.670268329068566 2.670268329068566 2.670268329068566 2.670268329068566 2.670268329068566 2.670268329068566 2.670268329068566 2.670268329068566 2.648942127378536
2.6592388561596616 2.6592388561596616 2.6592388561596616 2.6592388561596616 2.6592388561596616 2.6592388561596616 2.6592388561596616 2.6645603276362873 2.67557057252004 2.6865808174037924 2.697591062287545 2.7086013071712975 2.71961155205505 2.7306217969388027 2.7416320418225553 2.752642286706308 2.7636525315900604 2.774662776473813 2.7856730213575656 2.785723232818315 2.7740569205558545 2.7623906082933942 2.750724296030934 2.7390579837684736 2.7273916715060134 2.715725359243553 2.7040590469810923 2.692392734718632 2.6807264224561718 2.6690601101937115 2.657393797931251 2.651366047614871 2.651366047614871 2.651366047614871 2.651366047614871 2.651366047614871 2.651366047614871 2.651366047614871 2.651366047614871 2.651366047614871 2.651366047614871 2.651366047614871 2.651366047614871 2.627382054350848
2.616333736137547 2.616333736137547 2.616333736137547 2.616333736137547 2.616333736137547 2.616333736137547 2.616333736137547 2.622392597143232 2.6349285176460895 2.6474644381489476 2.6600003586518057 2.6725362791546634 2.6850721996575215 2.6976081201603797 2.7101440406632373 2.7226799611660955 2.7352158816689536 2.7477518021718113 2.7602877226746694 2.761355585010309 2.7501638336760315 2.7389720823417534 2.7277803310074757 2.7165885796731977 2.70539682833892 2.694205077004642 2.6830133256703643 2.6718215743360862 2.660629823001808 2.6494380716675305 2.6382463203332525 2.632463766161176 2.632463766161176 2.632463766161176 2.632463766161176 2.632463766161176 2.632463766161176 2.632463766161176 2.632463766161176 2.632463766161176 2.632463766161176 2.632463766161176 2.632463766161176 2.60582198132316
2.5734286161153963 2.5734286161153963 2.5734286161153963 2.5734286161153963 2.5734286161153963 2.5734286161153963 2.5734286161153963 2.5802248666501404 2.594286462772105 2.60834805889407 2.6224096550160345 2.636471251137999 2.6505328472599636 2.6645944433819286 2.678656039503893 2.6927176356258578 2.7067792317478223 2.7208408278697873 2.734902423991752 2.736987937202283 2.726270746796188 2.715553556390093 2.704836365983998 2.694119175577903 2.683401985171808 2.672684794765713 2.661967604359618 2.651250413953523 2.640533223547428 2.6298160331413327 2.6190988427352377 2.6135614847074646 2.6135614847074646 2.6135614847074646 2.6135614847074646 2.6135614847074646 2.6135614847074646 2.6135614847074646 2.6135614847074646 2.6135614847074646 2.6135614847074646 2.6135614847074646 2.6135614847074646 2.584261908295453
2.530523496093282 2.530523496093282 2.530523496093282 2.530523496093282 2.530523496093282 2.530523496093282 2.530523496093282 2.538057136157085 2.553644407898155 2.569231679639225 2.5848189513802953 2.6004062231213654 2.6159934948624355 2.6315807666035056 2.6471680383445757 2.662755310085646 2.678342581826716 2.693929853567786 2.7095171253088557 2.7126202893942772 2.702377659916365 2.692135030438452 2.68189240096054 2.671649771482627 2.6614071420047147 2.6511645125268024 2.6409218830488896 2.6306792535709773 2.620436624093065 2.6101939946151522 2.59995136513724 2.59465920325377 2.59465920325377 2.59465920325377 2.59465920325377 2.59465920325377 2.59465920325377 2.59465920325377 2.59465920325377 2.59465920325377 2.59465920325377 2.59465920325377 2.59465920325377 2.5627018352677653
2.487618376071168 2.487618376071168 2.487618376071168 2.487618376071168 2.487618376071168 2.487618376071168 2.487618376071168 2.49588940566403 2.513002353024205 2.530115300384381 2.547228247744556 2.5643411951047317 2.5814541424649073 2.5985670898250826 2.615680037185258 2.6327929845454334 2.649905931905609 2.6670188792657843 2.68413182662596 2.6882526415862715 2.6784845730365414 2.6687165044868113 2.6589484359370816 2.6491803673873515 2.6394122988376214 2.6296442302878913 2.619876161738161 2.6101080931884315 2.6003400246387014 2.5905719560889713 2.580803887539241 2.5757569218000747 2.5757569218000747 2.5757569218000747 2.5757569218000747 2.5757569218000747 2.5757569218000747 2.5757569218000747 2.5757569218000747 2.5757569218000747 2.5757569218000747 2.5757569218000747 2.5757569218000747 2.541141762240077
2.4447132560490537 2.4447132560490537 2.4447132560490537 2.4447132560490537 2.4447132560490537 2.4447132560490537 2.4447132560490537 2.4537216751709745 2.4723602981502553 2.490998921129536 2.5096375441088172 2.528276167088098 2.5469147900673788 2.56555341304666 2.5841920360259407 2.602830659005222 2.6214692819845027 2.6401079049637834 2.658746527943064 2.6638849937782663 2.654591486156719 2.645297978535171 2.6360044709136234 2.626710963292076 2.6174174556705285 2.6081239480489806 2.598830440427433 2.5895369328058857 2.580243425184338 2.5709499175627903 2.561656409941243 2.5568546403463794 2.5568546403463794 2.5568546403463794 2.5568546403463794 2.5568546403463794 2.5568546403463794 2.5568546403463794 2.5568546403463794 2.5568546403463794 2.5568546403463794 2.5568546403463794 2.5568546403463794 2.519581689212388
2.38336994837171 2.38336994837171 2.38336994837171 2.38336994837171 2.38336994837171 2.38336994837171 2.38336994837171 2.3944231736327923 2.41729254677786 2.4401619199229283 2.4630312930679965 2.4859006662130643 2.5087700393581325 2.5316394125032007 2.5545087856482684 2.5773781587933366 2.600247531938405 2.623116905083473 2.645986278228541 2.6563958559109713 2.6534856303144854 2.650575404718 2.647665179121514 2.644754953525028 2.6418447279285426 2.6389345023320567 2.636024276735571 2.6331140511390854 2.6302038255425995 2.6272935999461136 2.624383374349628 2.6228797189643354 2.6228797189643354 2.6228797189643354 2.6228797189643354 2.6228797189643354 2.6228797189643354 2.6228797189643354 2.6228797189643354 2.6228797189643354 2.6228797189643354 2.6228797189643354 2.6228797189643354 2.58641474613965
2.3023173802546686 2.3023173802546686 2.3023173802546686 2.3023173802546686 2.3023173802546686 2.3023173802546686 2.3023173802546686 2.316812957604303 2.34680463510401 2.376796312603717 2.406787990103424 2.436779667603131 2.466771345102838 2.496763022602545 2.5267547001022517 2.556746377601959 2.586738055101666 2.6167297326013728 2.6467214101010796 2.6669487813134176 2.6767378881663317 2.686526995019246 2.69631610187216 2.7061052087250737 2.7158943155779878 2.725683422430902 2.7354725292838156 2.7452616361367297 2.755050742989644 2.764839849842558 2.7746289566954716 2.7796867925053017 2.7796867925053017 2.7796867925053017 2.7796867925053017 2.7796867925053017 2.7796867925053017 2.7796867925053017 2.7796867925053017 2.7796867925053017 2.7796867925053017 2.7796867925053017 2.7796867925053017 2.7477344875467917
2.2212648121376617 2.2212648121376617 2.2212648121376617 2.2212648121376617 2.2212648121376617 2.2212648121376617 2.2212648121376617 2.239202741575847 2.27631672343019 2.313430705284533 2.3505446871388758 2.387658668993218 2.424772650847561 2.461886632701904 2.499000614556247 2.53611459641059 2.5732285782649327 2.6103425601192756 2.647456541973618 2.67750170671586 2.6999901460181683 2.7224785853204767 2.7449670246227846 2.767455463925093 2.7899439032274014 2.8124323425297098 2.834920781832018 2.8574092211343265 2.8798976604366344 2.902386099738943 2.924874539041251 2.936493866046201 2.936493866046201 2.936493866046201 2.936493866046201 2.936493866046201 2.936493866046201 2.936493866046201 2.936493866046201 2.936493866046201 2.936493866046201 2.936493866046201 2.936493866046201 2.9090542289538646
2.1402122440206544 2.1402122440206544 2.1402122440206544 2.1402122440206544 2.1402122440206544 2.1402122440206544 2.1402122440206544 2.1615925255473907 2.2058288117563696 2.250065097965348 2.294301384174327 2.338537670383306 2.3827739565922843 2.427010242801263 2.4712465290102417 2.5154828152192206 2.5597191014281995 2.603955387637178 2.648191673846157 2.6880546321183023 2.723242403870005 2.7584301756217076 2.7936179473734097 2.8288057191251124 2.863993490876815 2.8991812626285176 2.9343690343802202 2.969556806131923 3.0047445778836255 3.039932349635328 3.0751201213870307 3.0933009395871003 3.0933009395871003 3.0933009395871003 3.0933009395871003 3.0933009395871003 3.0933009395871003 3.0933009395871003 3.0933009395871003 3.0933009395871003 3.0933009395871003 3.0933009395871003 3.0933009395871003 3.0703739703609374
2.059159675903613 2.059159675903613 2.059159675903613 2.059159675903613 2.059159675903613 2.059159675903613 2.059159675903613 2.0839823095189014 2.135340900082519 2.186699490646137 2.2380580812097546 2.289416671773372 2.3407752623369897 2.3921338529006073 2.443492443464225 2.4948510340278425 2.5462096245914605 2.5975682151550776 2.6489268057186957 2.6986075575207487 2.7464946617218513 2.7943817659229535 2.8422688701240557 2.890155974325158 2.9380430785262606 2.9859301827273628 3.033817286928465 3.081704391129567 3.12959149533067 3.177478599531772 3.2253657037328742 3.2501080131280666 3.2501080131280666 3.2501080131280666 3.2501080131280666 3.2501080131280666 3.2501080131280666 3.2501080131280666 3.2501080131280666 3.2501080131280666 3.2501080131280666 3.2501080131280666 3.2501080131280666 3.231693711768079
1.9781071077866055 1.9781071077866055 1.9781071077866055 1.9781071077866055 1.9781071077866055 1.9781071077866055 1.9781071077866055 2.006372093490445 2.0648529884086986 2.123333883326952 2.1818147782452058 2.2402956731634593 2.298776568081713 2.3572574629999665 2.41573835791822 2.4742192528364733 2.532700147754727 2.5911810426729804 2.649661937591234 2.709160482923191 2.7697469195736875 2.8303333562241844 2.890919792874681 2.9515062295251777 3.012092666175674 3.0726791028261706 3.1332655394766675 3.193851976127164 3.2544384127776604 3.3150248494281573 3.375611286078654 3.406915086668966 3.406915086668966 3.406915086668966 3.406915086668966 3.406915086668966 3.406915086668966 3.406915086668966 3.406915086668966 3.406915086668966 3.406915086668966 3.406915086668966 3.406915086668966 3.3930134531751515
1.8970545396695986 1.8970545396695986 1.8970545396695986 1.8970545396695986 1.8970545396695986 1.8970545396695986 1.8970545396695986 1.9287618774619892 1.9943650767348786 2.059968276007768 2.1255714752806574 2.191174674553547 2.256777873826436 2.3223810730993257 2.387984272372215 2.4535874716451045 2.519190670917994 2.5847938701908832 2.6503970694637724 2.7197134083256334 2.792999177425524 2.8662849465254148 2.939570715625306 3.0128564847251966 3.0861422538250878 3.1594280229249785 3.232713792024869 3.30599956112476 3.379285330224651 3.4525710993245418 3.525856868424433 3.5637221602098648 3.5637221602098648 3.5637221602098648 3.5637221602098648 3.5637221602098648 3.5637221602098648 3.5637221602098648 3.5637221602098648 3.5637221602098648 3.5637221602098648 3.5637221602098648 3.5637221602098648 3.554333194582224
