Figures/CREST_Example_wjb_NSE/Rolling_result/20100722/BJP_forecast/ens_30/wjb.rain.20100722.asc
ncols            288
nrows            254
xllcorner        113.274861
yllcorner        31.4918055
cellsize         0.008333333333
NODATA_value     -9999
[rows 140 to 159 of 254, columns 90 to 134 of 288]
11.001403930003347 11.005845487087106 11.010287044170857 11.014728601254609 11.01917015833836 11.023611715422112 11.028053272505863 11.032494829589615 11.036936386673366 11.077452503459396 11.156533140237455 11.235613777015514 11.314694413793573 11.393775050571632 11.472855687349826 11.551936324127885 11.631016960905944 11.710097597684003 11.789178234462064 11.868258871240123 11.947339508018182 11.916380008587376 11.767785115240553 11.619190221893732 11.470595328546908 11.322000435200085 11.173405541853263 11.024810648506186 10.876215755159365 10.727620861812541 10.579025968465718 10.430431075118896 10.281836181772073 10.430860831988884 10.898047504878429 11.365234177767974 11.83242085065752 12.299607523547065 12.76679419643661 13.233980869326157 13.701167542216497 14.168354215106044 14.635540887995589 15.102727560885135 15.569914233774679
8.737159954107122 8.738862241758074 8.740564529409022 8.74226681705997 8.743969104710919 8.745671392361867 8.747373680012817 8.749075967663765 8.750778255314714 8.781233014899271 8.842424817093777 8.90361661928828 8.964808421482784 9.02600022367729 9.087192025871898 9.148383828066402 9.209575630260906 9.27076743245541 9.331959234649915 9.393151036844419 9.454342839038922 9.427473475328835 9.30646473396269 9.185455992596543 9.064447251230396 8.943438509864249 8.822429768498102 8.701421027131751 8.580412285765604 8.459403544399457 8.33839480303331 8.217386061667163 8.096377320301016 8.208316981528291 8.569283753206928 8.930250524885567 9.291217296564204 9.652184068242843 10.01315083992148 10.374117611600116 10.73508438327937 11.096051154958008 11.457017926636645 11.817984698315282 12.178951469993919
6.472915978210898 6.471878996429041 6.470842014647187 6.469805032865332 6.468768051083478 6.467731069301623 6.466694087519768 6.465657105737914 6.464620123956059 6.485013526339146 6.528316493950095 6.571619461561045 6.614922429171994 6.658225396782943 6.701528364393966 6.744831332004916 6.788134299615865 6.831437267226814 6.8747402348377635 6.918043202448713 6.961346170059662 6.938566942070293 6.845144352684822 6.751721763299352 6.658299173913882 6.564876584528411 6.471453995142941 6.378031405757311 6.284608816371842 6.191186226986371 6.097763637600901 6.00434104821543 5.91091845882996 5.985773131067698 6.240520001535428 6.4952668720031586 6.750013742470888 7.004760612938618 7.259507483406348 7.514254353874078 7.769001224342243 8.023748094809973 8.278494965277702 8.533241835745432 8.787988706213163
4.208672002314674 4.204895751100009 4.201119499885351 4.197343248670694 4.193566997456036 4.1897907462413775 4.18601449502672 4.182238243812062 4.178461992597404 4.18879403777902 4.214208170806414 4.239622303833809 4.265036436861203 4.2904505698885975 4.315864702916035 4.34127883594343 4.366692968970824 4.392107101998219 4.417521235025613 4.442935368053008 4.468349501080402 4.4496604088117495 4.383823971406956 4.317987534002162 4.252151096597368 4.186314659192574 4.12047822178778 4.0546417843828735 3.9888053469780798 3.922968909573286 3.857132472168492 3.7912960347636977 3.725459597358904 3.7632292806071055 3.911756249863928 4.06028321912075 4.208810188377573 4.357337157634395 4.505864126891217 4.654391096148039 4.802918065405115 4.951445034661937 5.09997200391876 5.2484989731755824 5.397025942432404
1.9444280264165188 1.9379125057690445 1.931396985121581 1.9248814644741177 1.9183659438266543 1.9118504231791908 1.9053349025317274 1.8988193818842642 1.8923038612368008 1.8925745492169364 1.9000998476607607 1.907625146104585 1.9151504445484093 1.9226757429922336 1.9302010414360709 1.9377263398798954 1.9452516383237197 1.952776936767544 1.9603022352113684 1.9678275336551927 1.975352832099017 1.9607538755510858 1.9225035901269916 1.8842533047028973 1.846003019278803 1.8077527338547088 1.7695024484306145 1.731252163006455 1.6930018775823608 1.6547515921582665 1.6165013067341722 1.578251021310078 1.5400007358859835 1.5406854301446173 1.5829924981904413 1.6252995662362655 1.6676066342820894 1.7099137023279136 1.7522207703737376 1.7945278384195618 1.8368349064654579 1.879141974511282 1.9214490425571062 1.9637561106029302 2.006063178648754
0.7576915151548272 0.7493831711415716 0.7410748271283303 0.7327664831150889 0.7244581391018474 0.716149795088606 0.7078414510753646 0.6995331070621232 0.6912247630488818 0.6862085016621965 0.6847115510395236 0.6832146004168508 0.6817176497941779 0.6802206991715051 0.6787237485488296 0.6772267979261567 0.6757298473034838 0.674232896680811 0.6727359460581381 0.6712389954354653 0.6697420448127923 0.6577588289873324 0.6345655585369278 0.6113722880865232 0.5881790176361187 0.564985747185714 0.5417924767353095 0.5185992062848654 0.49540593583446085 0.47221266538405626 0.4490193949336517 0.42582612448324714 0.4026328540328426 0.3844858346273635 0.37173337170881293 0.3589809087902624 0.34622844587171187 0.3334759829531613 0.32072352003461074 0.3079710571160602 0.29521859419748786 0.2824661312789373 0.2697136683603868 0.2569612054418362 0.24420874252328567
0.7227425591546288 0.7136530829587222 0.704563606762831 0.6954741305669399 0.6863846543710488 0.6772951781751576 0.6682057019792665 0.6591162257833754 0.6500267495874842 0.6448270798378067 0.643785701130297 0.6427443224227872 0.6417029437152775 0.6406615650077677 0.6396201863002562 0.6385788075927464 0.6375374288852367 0.6364960501777269 0.6354546714702172 0.6344132927627073 0.6333719140551975 0.6224284036427034 0.6008992905232732 0.5793701774038431 0.5578410642844129 0.5363119511649828 0.5147828380455527 0.49325372492608577 0.47172461180665565 0.4501954986872255 0.42866638556779535 0.40713727244836523 0.3856081593289351 0.3681410269234886 0.35501624376212776 0.3418914606007669 0.3287666774394061 0.31564189427804523 0.30251711111668445 0.2893923279553236 0.2762675447939404 0.26314276163257955 0.2500179784712187 0.2368931953098579 0.22376841214849705
0.6877936031544305 0.6779229947758728 0.6680523863973319 0.6581817780187911 0.6483111696402502 0.6384405612617093 0.6285699528831685 0.6186993445046276 0.6088287361260868 0.603445658013417 0.6028598512210703 0.6022740444287237 0.6016882376363771 0.6011024308440305 0.6005166240516828 0.5999308172593362 0.5993450104669895 0.5987592036746429 0.5981733968822962 0.5975875900899495 0.5970017832976029 0.5870979782980745 0.5672330225096187 0.547368066721163 0.5275031109327073 0.5076381551442516 0.4877731993557959 0.4679082435673063 0.44804328777885055 0.42817833199039484 0.4083133762019391 0.3884484204134834 0.36858346462502767 0.3517962192196137 0.3382991158154426 0.3248020124112715 0.3113049090071004 0.29780780560292924 0.28431070219875815 0.270813598794587 0.2573164953903929 0.24381939198622177 0.23032228858205067 0.21682518517787955 0.20332808177370845
0.6528446471542321 0.6421929065930233 0.6315411660318327 0.6208894254706422 0.6102376849094515 0.599585944348261 0.5889342037870704 0.5782824632258797 0.5676307226646892 0.5620642361890272 0.5619340013118437 0.5618037664346601 0.5616735315574767 0.5615432966802931 0.5614130618031093 0.5612828269259259 0.5611525920487423 0.5610223571715588 0.5608921222943754 0.5607618874171918 0.5606316525400082 0.5517675529534456 0.5335667544959642 0.515365956038483 0.49716515758100166 0.47896435912352037 0.4607635606660391 0.4425627622085267 0.4243619637510454 0.40616116529356405 0.3879603668360828 0.36975956837860147 0.3515587699211201 0.3354514115157387 0.32158198786875736 0.30771256422177595 0.29384314057479455 0.27997371692781314 0.2661042932808318 0.2522348696338504 0.23836544598684534 0.22449602233986396 0.21062659869288258 0.19675717504590118 0.1828877513989198
0.6178956911540336 0.6064628184101738 0.5950299456663335 0.5835970729224932 0.5721642001786529 0.5607313274348126 0.5492984546909723 0.5378655819471319 0.5264327092032917 0.5206828143646374 0.521008151402617 0.5213334884405966 0.5216588254785762 0.5219841625165558 0.522309499554536 0.5226348365925155 0.5229601736304952 0.5232855106684747 0.5236108477064543 0.5239361847444339 0.5242615217824135 0.5164371276088167 0.4999004864823097 0.48336384535580285 0.46682720422929597 0.4502905631027891 0.4337539219762822 0.41721728084974713 0.40068063972324025 0.38414399859673337 0.3676073574702265 0.3510707163437196 0.33453407521721273 0.31910660381186384 0.3048648599220722 0.2906231160322805 0.2763813721424888 0.26213962825269715 0.2478978843629055 0.23365614047311384 0.21941439658329787 0.2051726526935062 0.19093090880371452 0.17668916491392286 0.16244742102413118
0.5829467351538055 0.570732730227294 0.5585187253008033 0.5463047203743125 0.5340907154478217 0.521876710521331 0.5096627055948403 0.49744870066834956 0.48523469574185885 0.4793013925402123 0.4800823014933554 0.4808632104464985 0.48164411939964163 0.4824250283527847 0.4832059373059292 0.4839868462590723 0.48476775521221543 0.4855486641653585 0.4863295731185016 0.48711048207164476 0.48789139102478785 0.48110670226415764 0.46623421846862656 0.45136173467309554 0.43648925087756446 0.42161676708203344 0.40674428328650236 0.39187179949094597 0.3769993156954149 0.36212683189988387 0.34725434810435285 0.3323818643088218 0.3175093805132907 0.30276179610797493 0.2881477319753727 0.2735336678427704 0.25891960371016814 0.2443055395775659 0.2296914754449636 0.21507741131236136 0.20046334717973419 0.18584928304713189 0.17123521891452964 0.15662115478192737 0.14200709064932512
0.5479977791536071 0.5350026420444445 0.522007504935304 0.5090123678261635 0.4960172307170232 0.48302209360788273 0.47002695649874227 0.4570318193896018 0.44403668228046134 0.43791997071582256 0.43915645158412875 0.440392932452435 0.44162941332074124 0.4428658941890474 0.4441023750573558 0.445338855925662 0.4465753367939682 0.44781181766227446 0.4490482985305807 0.45028477939888695 0.45152126026719314 0.4457762769195287 0.43256795045497204 0.41935962399041543 0.4061512975258588 0.39294297106130216 0.37973464459674555 0.3665263181321664 0.3533179916676098 0.3401096652030532 0.3269013387384965 0.3136930122739399 0.30048468580938326 0.28641698840410007 0.2714306040286875 0.25644421965327496 0.2414578352778624 0.22647145090244986 0.2114850665270373 0.19649868215162475 0.18151229777618666 0.1665259134007741 0.15153952902536155 0.136553144649949 0.12156676027453647
0.5130488231534086 0.49927255386159497 0.4854962845698048 0.47172001527801466 0.45794374598622445 0.4441674766944343 0.43039120740264414 0.4166149381108539 0.40283866881906377 0.39653854889143275 0.3982306016749021 0.39992265445837144 0.4016147072418408 0.40330676002531013 0.40499881280878236 0.4066908655922517 0.4083829183757211 0.41007497115919045 0.4117670239426598 0.41345907672612914 0.4151511295095985 0.4104458515748998 0.3989016824413176 0.3873575133077354 0.37581334417415313 0.36426917504057094 0.35272500590698874 0.34118083677338684 0.3296366676398046 0.3180924985062224 0.3065483293726402 0.29500416023905796 0.28345999110547576 0.2700721807002251 0.25471347608200223 0.23935477146377943 0.22399606684555662 0.2086373622273338 0.19327865760911098 0.17791995299088814 0.16256124837263913 0.14720254375441633 0.1318438391361935 0.11648513451797068 0.10112642989974785
0.4780998671532103 0.4635424656787455 0.4489850642043056 0.4344276627298657 0.4198702612554258 0.4053128597809859 0.390755458306546 0.3761980568321061 0.3616406553576662 0.35515712706704294 0.3573047517656754 0.35945237646430783 0.36160000116294033 0.3637476258615728 0.36589525056020894 0.3680428752588414 0.3701904999574739 0.37233812465610633 0.3744857493547388 0.3766333740533713 0.3787809987520037 0.37511542623027083 0.36523541442766305 0.35535540262505527 0.34547539082244744 0.33559537901983966 0.3257153672172319 0.3158353554146073 0.3059553436119995 0.2960753318093917 0.2861953200067839 0.2763153082041761 0.2664352964015683 0.2537273729963502 0.2379963481353171 0.222265323274284 0.20653429841325088 0.19080327355221777 0.17507224869118468 0.1593412238301516 0.14361019896909166 0.12787917410805855 0.11214814924702543 0.09641712438599234 0.08068609952495923
0.4431509111530119 0.4278123774958961 0.4124738438388065 0.3971353101817168 0.3817967765246272 0.3664582428675376 0.35111970921044794 0.3357811755533583 0.3204426418962687 0.3137757052426532 0.31637890185644874 0.31898209847024434 0.32158529508403993 0.32418849169783553 0.3267916883116355 0.3293948849254311 0.3319980815392267 0.3346012781530223 0.3372044747668179 0.33980767138061346 0.34241086799440906 0.33978500088564195 0.3315691464140086 0.32335329194237517 0.3151374374707418 0.30692158299910843 0.29870572852747507 0.2904898740558277 0.28227401958419435 0.274058165112561 0.26584231064092756 0.2576264561692942 0.24941060169766083 0.23738256529247523 0.22127922018863186 0.2051758750847885 0.1890725299809451 0.17296918487710172 0.15686583977325835 0.14076249466941496 0.12465914956554412 0.10855580446170074 0.09245245935785737 0.07634911425401397 0.0602457691501706
0.40820195515281354 0.3920822893130467 0.3759626234733073 0.35984295763356794 0.34372329179382854 0.3276036259540892 0.31148396011434987 0.2953642942746105 0.2792446284348711 0.2723942834182633 0.2754530519472221 0.2785118204761808 0.2815705890051395 0.2846293575340982 0.2876881260630621 0.2907468945920208 0.29380566312097955 0.29686443164993825 0.29992320017889695 0.30298196870785565 0.30604073723681435 0.304454575541013 0.29790287840035407 0.2913511812596951 0.28479948411903616 0.2782477869783772 0.27169608983771826 0.26514439269704815 0.2585926955563892 0.25204099841573024 0.2454893012750713 0.23893760413441234 0.2323859069937534 0.22103775758860034 0.20456209224194666 0.188086426895293 0.17161076154863936 0.15513509620198568 0.13865943085533203 0.12218376550867836 0.10570810016199661 0.08923243481534296 0.07275676946868928 0.05628110412203563 0.03980543877538198
0.3732529991526151 0.3563522011301972 0.33945140310780814 0.322550605085419 0.3056498070630299 0.2887490090406408 0.27184821101825174 0.25494741299586265 0.23804661497347354 0.23101286159387358 0.2345272020379954 0.23804154248211723 0.24155588292623906 0.24507022337036088 0.24858456381448868 0.25209890425861053 0.25561324470273233 0.2591275851468542 0.262641925590976 0.26615626603509784 0.26967060647921964 0.2691241501963841 0.26423661038669954 0.259349070577015 0.25446153076733047 0.24957399095764596 0.24468645114796142 0.23979891133826856 0.23491137152858405 0.2300238317188995 0.22513629190921497 0.22024875209953043 0.21536121228984592 0.20469294988472542 0.18784496429526146 0.17099697870579753 0.1541489931163336 0.13730100752686963 0.12045302193740572 0.10360503634794177 0.08675705075844911 0.06990906516898515 0.05306107957952122 0.03621309399005729 0.019365108400593356
0.3541592162019335 0.336889779835622 0.31962034346933993 0.30235090710305784 0.2850814707367758 0.2678120343704937 0.25054259800421164 0.23327316163792955 0.2160037252716475 0.20870028804801297 0.2120507292458774 0.2154011704437418 0.21875161164160623 0.22210205283947063 0.22545249403734074 0.22880293523520517 0.2321533764330696 0.235503817630934 0.2388542588287984 0.24220470002666283 0.24555514122452726 0.2454252072231502 0.24157467343297237 0.2377241396427945 0.23387360585261666 0.2300230720624388 0.22617253827226094 0.22232200448207654 0.21847147069189868 0.21462093690172085 0.210770403111543 0.20691986932136514 0.20306933553118728 0.19298101603822168 0.17622436256276783 0.15946770908731395 0.1427110556118601 0.12595440213640624 0.10919774866095239 0.09244109518549853 0.07568444171001609 0.05892778823456224 0.042171134759108386 0.025414481283654533 0.008657827808200652
0.35201361378781654 0.33481646898910744 0.3176193241904277 0.300422179391748 0.28322503459306825 0.2660278897943885 0.24883074499570876 0.23163360019702903 0.21443645539834927 0.20677111127994424 0.20929547760923944 0.21181984393853465 0.21434421026782988 0.21686857659712508 0.21939294292642458 0.22191730925571979 0.22444167558501502 0.22696604191431022 0.22949040824360542 0.23201477457290062 0.23453914090219585 0.23415958569793113 0.23067567270867476 0.22719175971941838 0.22370784673016203 0.22022393374090565 0.21674002075164928 0.21325610776238696 0.20977219477313058 0.2062882817838742 0.20280436879461786 0.19932045580536148 0.1958365428161051 0.18622133230547003 0.17005162608648075 0.1538819198674915 0.13771221364850222 0.12154250742951293 0.10537280121052367 0.08920309499153439 0.07303338877251754 0.05686368255352828 0.040693976334539 0.024524270115549723 0.008354563896560446
0.3498680113736995 0.3327431581425929 0.3156183049115155 0.29849345168043806 0.2813685984493607 0.26424374521828325 0.24711889198720585 0.22999403875612845 0.21286918552505102 0.2048419345118755 0.2065402259726015 0.2082385174333275 0.2099368088940535 0.2116351003547795 0.2133333918155084 0.2150316832762344 0.2167299747369604 0.2184282661976864 0.2201265576584124 0.2218248491191384 0.22352314057986442 0.22289396417271204 0.21977667198437717 0.21665937979604227 0.21354208760770738 0.21042479541937248 0.20730750323103758 0.20419021104269738 0.2010729188543625 0.19795562666602762 0.19483833447769272 0.19172104228935782 0.18860375010102293 0.1794616485727184 0.1638788896101937 0.148296130647669 0.13271337168514433 0.11713061272261963 0.10154785376009494 0.08596509479757024 0.07038233583501897 0.05479957687249429 0.03921681790996959 0.023634058947444914 0.008051299984920213
