Figures/CREST_Example_wjb_NSE/Rolling_result/20100722/BJP_forecast/ens_30/wjb.rain.20100726.asc
ncols            288
nrows            254
xllcorner        113.274861
yllcorner        31.4918055
cellsize         0.008333333333
NODATA_value     -9999
[rows 161 to 183 of 254, columns 52 to 103 of 288]
0.0 0.0 0.0 0.0 0.0 0.0 0.0 0.0 0.0 0.0 0.0 0.0 0.0 0.0 0.0 0.0 0.0 0.0 0.0 0.0 0.0 0.0 0.0 0.06677244336480805 0.2049261381829403 0.3430798330010726 0.48123352781944045 0.6193872226375727 0.757540917455705 0.8956946122738373 1.0338483070919695 1.1720020019101018 1.3101556967282342 1.4483093915463663 1.5864630863644986 1.6556254900115692 1.651034643598353 1.646443797185137 1.6418529507719206 1.6372621043586966 1.6326712579454803 1.628080411532264 1.623489565119048 1.6188987187058317 1.6143078722926154 1.6097170258793991 1.6051261794661829 1.7811252055000033 2.150178888439364 2.519232571378724 2.888286254318084 3.2573399372574445
0.0 0.0 0.0 0.0 0.0 0.0 0.0 0.0 0.0 0.0 0.0 0.0 0.0 0.0 0.0 0.0 0.0 0.0 0.0 0.0 0.0 0.0 0.0 0.06705549282215956 0.2057948233663313 0.344534153910503 0.4832734844549113 0.622012814999083 0.7607521455432548 0.8994914760874265 1.0382308066315982 1.17697013717577 1.3157094677199417 1.4544487982641134 1.5931881288082852 1.6662364942734604 1.6690597328866106 1.6718829714997607 1.6747062101129109 1.677529448726066 1.680352687339216 1.6831759259523662 1.6859991645655164 1.6888224031786665 1.6916456417918169 1.694468880404967 1.6972921190181172 1.8806072162633538 2.2568721914297893 2.633137166596225 3.009402141762661 3.3856671169290964
0.0 0.0 0.0 0.0 0.0 0.0 0.0 0.0 0.0 0.0 0.0 0.0 0.0 0.0 0.0 0.0 0.0 0.0 0.0 0.0 0.0 0.0 0.0 0.0673385422795113 0.20666350854972299 0.34598847481993467 0.485313441090384 0.6246384073605956 0.7639633736308074 0.9032883399010191 1.0426133061712308 1.1819382724414425 1.321263238711654 1.4605882049818657 1.5999131712520775 1.6768474985353605 1.6870848221748835 1.6973221458144063 1.7075594694539293 1.7177967930934697 1.7280341167329925 1.7382714403725155 1.7485087640120383 1.7587460876515613 1.7689834112910843 1.779220734930607 1.78945805857013 1.980089227026789 2.3635654944203064 2.747041761813824 3.130518029207341 3.5139942966008584
0.0 0.0 0.0 0.0 0.0 0.0 0.0 0.0 0.0 0.0 0.0 0.0 0.0 0.0 0.0 0.0 0.0 0.0 0.0 0.0 0.0 0.0 0.0 0.06762159173686279 0.2075321937331139 0.34744279572936504 0.48735339772585473 0.6272639997221059 0.7671746017183569 0.9070852037146081 1.0469958057108593 1.1869064077071103 1.3268170097033614 1.4667276116996126 1.6066382136958637 1.6874585027972515 1.7051099114631407 1.7227613201290302 1.7404127287949194 1.7580641374608388 1.7757155461267282 1.7933669547926174 1.8110183634585069 1.828669772124396 1.8463211807902855 1.863972589456175 1.8816239981220642 2.079571237790139 2.4702587974107324 2.8609463570313247 3.251633916651918 3.6423214762725102
0.0 0.0 0.0 0.0 0.0 0.0 0.0 0.0 0.0 0.0 0.0 0.0 0.0 0.0 0.0 0.0 0.0 0.0 0.0 0.0 0.0 0.0 0.0 0.0679046411942143 0.20840087891650488 0.34889711663879547 0.48939335436132564 0.6298895920836162 0.7703858298059068 0.9108820675281973 1.051378305250488 1.1918745429727786 1.332370780695069 1.4728670184173596 1.6133632561396503 1.6980695070591425 1.7231350007513984 1.748200494443654 1.7732659881359099 1.7983314818282081 1.823396975520464 1.8484624692127196 1.8735279629049755 1.898593456597231 1.923658950289487 1.9487244439817426 1.9737899376739985 2.17905324855349 2.576952100401158 2.9748509522488265 3.372749804096495 3.770648655944163
0.0 0.0 0.0 0.0 0.0 0.0 0.0 0.0 0.0 0.0 0.0 0.0 0.0 0.0 0.0 0.0 0.0 0.0 0.0 0.0 0.0 0.0 0.0 0.06818769065156581 0.20926956409989583 0.3503514375482259 0.4914333109967965 0.6325151844451266 0.7735970578934566 0.9146789313417866 1.0557608047901166 1.1968426782384467 1.3379245516867768 1.4790064251351067 1.6200882985834368 1.7086805113210337 1.7411600900396558 1.7736396687582778 1.8061192474769001 1.8385988261955777 1.8710784049141997 1.9035579836328218 1.936037562351444 1.9685171410700661 2.0009967197886884 2.0334762985073103 2.0659558772259325 2.27853525931684 2.683645403391584 3.0887555474663273 3.493865691541071 3.898975835615815
0.0 0.0 0.0 0.0 0.0 0.0 0.0 0.0 0.0 0.0 0.0 0.0 0.0 0.0 0.0 0.0 0.0 0.0 0.0 0.0 0.0 0.0 0.0 0.06847074010891731 0.2101382492832868 0.3518057584576563 0.4934732676322674 0.6351407768066368 0.7768082859810064 0.9184757951553759 1.0601433043297455 1.2018108135041148 1.3434783226784843 1.4851458318528539 1.6268133410272234 1.7192915155829247 1.7591851793279134 1.799078843072902 1.8389725068178904 1.878866170562947 1.9187598343079355 1.958653498052924 1.9985471617979127 2.038440825542901 2.0783344892878897 2.118228153032878 2.1581218167778666 2.3780172700801905 2.7903387063820095 3.2026601426838286 3.614981578985648 4.027303015287467
0.0 0.0 0.0 0.0 0.0 0.0 0.0 0.0 0.0 0.0 0.0 0.0 0.0 0.0 0.0 0.0 0.0 0.0 0.0 0.0 0.0 0.0 0.0 0.06875378956626882 0.21100693446667776 0.3532600793670867 0.49551322426773825 0.6377663691681472 0.7800195140685562 0.9222726589689652 1.0645258038693741 1.206778948769783 1.349032093670192 1.491285238570601 1.63353838347101 1.729902519844816 1.7772102686161708 1.824518017387526 1.8718257661588809 1.9191335149303166 1.9664412637016715 2.0137490124730264 2.0610567612443815 2.108364510015736 2.1556722587870913 2.2029800075584465 2.2502877563298016 2.477499280843541 2.897032009372436 3.3165647379013308 3.736097466430225 4.1556301949591195
0.8679731458743094 0.8679731458743094 0.8679731458743094 0.8679731458743094 0.8679731458743094 0.8679731458743094 0.8679731458743094 0.8679731458743094 0.8679731458743094 0.8679731458743094 0.8679731458743094 0.0 0.0 0.0 0.0 0.0 0.0 0.0 0.0 0.0 0.0 0.0 0.0 0.06815880996824791 0.20918092862989984 0.3502030472915518 0.49122516595344423 0.6322472846150962 0.7732694032767481 0.9142915219384 1.055313640600052 1.1963357592617039 1.337357877923356 1.4783799965850077 1.6194021152466598 1.7169850939344171 1.7681306498907343 1.8192762058470517 1.870421761803369 1.9215673177597736 1.9727128737160908 2.023858429672408 2.0750039856287255 2.126149541585043 2.17729509754136 2.2284406534976773 2.2795862094539947 2.506106079011863 2.9201050551421197 3.3341040312723766 3.7481030074026336 4.1621019835328905
0.8679731458743094 0.8679731458743094 0.8679731458743094 0.8679731458743094 0.8679731458743094 0.8679731458743094 0.8679731458743094 0.8679731458743094 0.8679731458743094 0.8679731458743094 0.8679731458743094 0.0 0.0 0.0 0.0 0.0 0.0 0.0 0.0 0.0 0.0 0.0 0.0 0.06662527265604133 0.2044744679507094 0.34232366324537744 0.4801728585402806 0.6180220538349487 0.7558712491296167 0.8937204444242848 1.0315696397189529 1.169418835013621 1.307268030308289 1.445117225602957 1.582966420897625 1.678917259269591 1.7300778068268317 1.7812383543840726 1.8323989019413136 1.8835594494986416 1.9347199970558826 1.9858805446131236 2.0370410921703646 2.0882016397276053 2.1393621872848465 2.1905227348420873 2.241683282399328 2.458951742490464 2.8537933168930425 3.2486348912956213 3.6434764656981997 4.038318040100779
0.8679731458743094 0.8679731458743094 0.8679731458743094 0.8679731458743094 0.8679731458743094 0.8679731458743094 0.8679731458743094 0.8679731458743094 0.8679731458743094 0.8679731458743094 0.8679731458743094 0.0 0.0 0.0 0.0 0.0 0.0 0.0 0.0 0.0 0.0 0.0 0.0 0.06509173534383605 0.19976800727152294 0.3344442791992098 0.46912055112712636 0.6037968230548132 0.7384730949825001 0.873149366910187 1.007825638837874 1.1425019107655607 1.2771781826932476 1.4118544546209344 1.5465307265486214 1.6408494246047969 1.6920249637629614 1.743200502921126 1.7943760420792905 1.845551581237542 1.8967271203957066 1.947902659553871 1.9990781987120356 2.0502537378702 2.1014292770283647 2.152604816186529 2.2037803553446933 2.4117974059691045 2.7874815786440217 3.163165751318939 3.5388499239938556 3.9145340966687727
0.8679731458743094 0.8679731458743094 0.8679731458743094 0.8679731458743094 0.8679731458743094 0.8679731458743094 0.8679731458743094 0.8679731458743094 0.8679731458743094 0.8679731458743094 0.8679731458743094 0.0 0.0 0.0 0.0 0.0 0.0 0.0 0.0 0.0 0.0 0.0 0.0 0.06355819803163076 0.19506154659233646 0.32656489515304216 0.4580682437139721 0.5895715922746778 0.7210749408353835 0.8525782893960892 0.9840816379567948 1.1155849865175005 1.2470883350782063 1.378591683638912 1.5100950321996176 1.602781589940003 1.6539721206990912 1.705162651458179 1.756353182217267 1.8075437129764425 1.8587342437355305 1.9099247744946186 1.9611153052537067 2.0123058360127946 2.063496366771883 2.1146868975309707 2.1658774282900586 2.3646430694477454 2.7211698403950004 3.077696611342256 3.4342233822895114 3.7907501532367665
0.8679731458743094 0.8679731458743094 0.8679731458743094 0.8679731458743094 0.8679731458743094 0.8679731458743094 0.8679731458743094 0.8679731458743094 0.8679731458743094 0.8679731458743094 0.8679731458743094 0.0 0.0 0.0 0.0 0.0 0.0 0.0 0.0 0.0 0.0 0.0 0.0 0.06202466071942549 0.19035508591315 0.3186855111068745 0.4470159363008179 0.5753463614945423 0.7036767866882668 0.8320072118819913 0.9603376370757158 1.0886680622694405 1.216998487463165 1.3453289126568895 1.473659337850614 1.5647137552752093 1.615919277635221 1.6671247999952323 1.718330322355244 1.7695358447153429 1.8207413670753545 1.8719468894353661 1.9231524117953778 1.9743579341553894 2.025563456515401 2.0767689788754127 2.1279745012354243 2.3174887329263862 2.65485810214598 2.992227471365574 3.3295968405851673 3.6669662098047615
0.8679731458743094 0.8679731458743094 0.8679731458743094 0.8679731458743094 0.8679731458743094 0.8679731458743094 0.8679731458743094 0.8679731458743094 0.8679731458743094 0.8679731458743094 0.8679731458743094 0.0 0.0 0.0 0.0 0.0 0.0 0.0 0.0 0.0 0.0 0.0 0.0 0.0604911234072202 0.18564862523396353 0.31080612706070687 0.4359636288876636 0.561121130714407 0.6862786325411503 0.8114361343678935 0.9365936361946369 1.0617511380213802 1.1869086398481234 1.312066141674867 1.4372236435016101 1.5266459206104153 1.5778664345713505 1.6290869485322856 1.6803074624932208 1.7315279764542433 1.7827484904151785 1.8339690043761137 1.8851895183370488 1.936410032297984 1.9876305462589192 2.038851060219854 2.0900715741807896 2.2703343964050267 2.588546363896959 2.9067583313888905 3.2249702988808227 3.543182266372755
0.8679731458743094 0.8679731458743094 0.8679731458743094 0.8679731458743094 0.8679731458743094 0.8679731458743094 0.8679731458743094 0.8679731458743094 0.8679731458743094 0.8679731458743094 0.8679731458743094 0.0 0.0 0.0 0.0 0.0 0.0 0.0 0.0 0.0 0.0 0.0 0.0 0.05895758609501492 0.18094216455477705 0.30292674301453915 0.42491132147450933 0.5468958999342715 0.6688804783940335 0.7908650568537957 0.9128496353135578 1.03483421377332 1.1568187922330821 1.278803370692844 1.4007879491526063 1.4885780859456212 1.53981359150748 1.5910490970693387 1.6422846026311977 1.6935201081931437 1.7447556137550024 1.7959911193168614 1.8472266248787201 1.8984621304405789 1.9496976360024376 2.0009331415642966 2.0521686471261553 2.223180059883668 2.5222346256479384 2.8212891914122085 3.120343757176479 3.419398322940749
0.8679731458743094 0.8679731458743094 0.8679731458743094 0.8679731458743094 0.8679731458743094 0.8679731458743094 0.8679731458743094 0.8679731458743094 0.8679731458743094 0.8679731458743094 0.8679731458743094 0.0 0.0 0.0 0.0 0.0 0.0 0.0 0.0 0.0 0.0 0.0 0.0 0.05742404878280833 0.17623570387558657 0.29504735896836476 0.4138590140613456 0.5326706691541239 0.6514823242469021 0.7702939793396804 0.8891056344324585 1.0079172895252368 1.126728944618015 1.2455405997107931 1.3643522548035714 1.450510251280795 1.5017607484435773 1.5530112456063596 1.6042617427691421 1.6555122399320117 1.7067627370947942 1.7580132342575765 1.8092637314203588 1.860514228583141 1.9117647257459236 1.963015222908706 2.014265720071488 2.1760257233622684 2.4559228873988608 2.735820051435453 3.015717215472045 3.2956143795086374
0.8679731458743094 0.8679731458743094 0.8679731458743094 0.8679731458743094 0.8679731458743094 0.8679731458743094 0.8679731458743094 0.8679731458743094 0.8679731458743094 0.8679731458743094 0.8679731458743094 0.0 0.0 0.0 0.0 0.0 0.0 0.0 0.0 0.0 0.0 0.0 0.0 0.05589051147060305 0.17152924319640012 0.28716797492219714 0.4028067066481914 0.5184454383739885 0.6340841700997856 0.7497229018255827 0.8653616335513796 0.9810003652771767 1.0966390970029738 1.2122778287287708 1.327916560454568 1.4124424166160012 1.463707905379707 1.514973394143413 1.5662388829071188 1.617504371670912 1.6687698604346182 1.720035349198324 1.7713008379620299 1.822566326725736 1.8738318154894418 1.9250973042531476 1.9763627930168535 2.1288713868409093 2.3896111491498395 2.65035091145877 2.911090673767701 3.1718304360766316
0.8679731458743094 0.8679731458743094 0.8679731458743094 0.8679731458743094 0.8679731458743094 0.8679731458743094 0.8679731458743094 0.8679731458743094 0.8679731458743094 0.8679731458743094 0.8679731458743094 0.0 0.0 0.0 0.0 0.0 0.0 0.0 0.0 0.0 0.0 0.0 0.0 0.05435697415839777 0.16682278251721364 0.27928859087602953 0.3917543992350372 0.504220207593853 0.6166860159526689 0.7291518243114848 0.8416176326703007 0.9540834410291166 1.0665492493879325 1.1790150577467482 1.2914808661055641 1.3743745819512072 1.4256550623158368 1.4769355426804662 1.5282160230450959 1.5794965034098127 1.6307769837744421 1.6820574641390718 1.7333379445037012 1.7846184248683308 1.8358989052329602 1.8871793855975896 1.9384598659622192 2.08171705031955 2.323299410900819 2.5648817714820877 2.8064641320633568 3.048046492644626
0.8679731458743094 0.8679731458743094 0.8679731458743094 0.8679731458743094 0.8679731458743094 0.8679731458743094 0.8679731458743094 0.8679731458743094 0.8679731458743094 0.8679731458743094 0.8679731458743094 0.0 0.0 0.0 0.0 0.0 0.0 0.0 0.0 0.0 0.0 0.0 0.0 0.05282343684619249 0.16211632183802718 0.27140920682986186 0.3807020918218829 0.4899949768137176 0.5992878618055523 0.708580746797387 0.8178736317892217 0.9271665167810563 1.036459401772891 1.1457522867647258 1.2550451717565605 1.3363067472864134 1.3876022192519666 1.4388976912175195 1.4901931631830725 1.5414886351487131 1.592784107114266 1.6440795790798193 1.6953750510453722 1.7466705230109252 1.7979659949764784 1.8492614669420315 1.9005569389075845 2.0345627137981905 2.256987672651798 2.4794126315054053 2.7018375903590126 2.9242625492126195
0.8679731458743094 0.8679731458743094 0.8679731458743094 0.8679731458743094 0.8679731458743094 0.8679731458743094 0.8679731458743094 0.8679731458743094 0.8679731458743094 0.8679731458743094 0.8679731458743094 0.0 0.0 0.0 0.0 0.0 0.0 0.0 0.0 0.0 0.0 0.0 0.0 0.05128989953398721 0.1574098611588407 0.2635298227836942 0.3696497844087287 0.4757697460335822 0.5818897076584357 0.6880096692832892 0.7941296309081427 0.9002495925329962 1.0063695541578497 1.1124895157827033 1.2186094774075567 1.2982389126216196 1.3495493761880961 1.4008598397545728 1.4521703033210493 1.5034807668876136 1.55479123045409 1.6061016940205668 1.6574121575870433 1.70872262115352 1.7600330847199965 1.811343548286473 1.8626540118529498 1.9874083772768314 2.190675934402777 2.3939434915287228 2.5972110486546685 2.8004786057806137
0.8679731458743094 0.8679731458743094 0.8679731458743094 0.8679731458743094 0.8679731458743094 0.8679731458743094 0.8679731458743094 0.8679731458743094 0.8679731458743094 0.8679731458743094 0.8679731458743094 0.040289595515798624 0.04087095013962787 0.041452304763458105 0.04203365938728735 0.04261501401111659 0.04319636863494584 0.04377772325877508 0.04435907788260432 0.044940432506433564 0.04552178713026281 0.04610314175409205 0.0466844963779213 0.09553110682735039 0.19597436686654046 0.2964176269057306 0.396860886945092 0.49730414698428205 0.5977474070234722 0.6981906670626622 0.7986339271018523 0.8990771871410425 0.9995204471802326 1.0999637072194226 1.2004069672586126 1.2764289731558356 1.326344106244251 1.3762592393326663 1.4261743724210816 1.476089505509582 1.5260046385979973 1.5759197716864126 1.625834904774828 1.6757500378632433 1.7256651709516586 1.775580304040074 1.8254954371284893 1.9418734929622545 2.129301915982618 2.3167303390029814 2.504158762023345 2.6915871850437085
-9999.0 0.8679731458743094 0.8679731458743094 0.8679731458743094 0.8679731458743094 0.8679731458743094 0.8679731458743094 0.8679731458743094 0.8679731458743094 0.8679731458743094 0.8679731458743094 0.12364622909148648 0.1254303697878903 0.12721451048429716 0.12899865118070097 0.1307827918771048 0.1325669325735086 0.13435107326991244 0.13613521396631625 0.13791935466272007 0.13970349535912388 0.1414876360555277 0.14327177675193153 0.1887026308159181 0.2807928081726123 0.3728829855293066 0.46497316288615786 0.5570633402428522 0.6491535175995464 0.7412436949562407 0.8333338723129349 0.9254240496696291 1.0175142270263233 1.1096044043830178 1.201694581739712 1.2719976988850124 1.3190099560887978 1.3660222132925834 1.4130344704963689 1.4600467277002347 1.5070589849040201 1.5540712421078058 1.6010834993115912 1.6480957565153769 1.6951080137191623 1.742120270922948 1.7891325281267334 1.8980697009789047 2.0732060088235973 2.24834231666829 2.4234786245129825 2.598614932357675
-9999.0 -9999.0 0.8679731458743094 0.8679731458743094 0.8679731458743094 0.8679731458743094 0.8679731458743094 0.8679731458743094 0.8679731458743094 0.8679731458743094 0.8679731458743094 0.20700286266724544 0.20998978943622484 0.21297671620520936 0.2159636429741888 0.2189505697431682 0.22193749651214761 0.22492442328112705 0.22791135005010646 0.23089827681908587 0.2338852035880653 0.2368721303570447 0.23985905712602415 0.2818741548045653 0.3656112494787566 0.44934834415294794 0.5330854388272821 0.6168225335014734 0.7005596281756648 0.784296722849856 0.8680338175240473 0.9517709121982386 1.0355080068724298 1.1192451015466212 1.2029821962208125 1.2675664246141853 1.3116758059333387 1.3557851872524918 1.399894568571645 1.4440039498908737 1.488113331210027 1.53222271252918 1.5763320938483334 1.6204414751674867 1.66455085648664 1.7086602378057933 1.7527696191249467 1.8542659089955176 2.0171101016645285 2.1799542943335397 2.3427984870025513 2.5056426796715625
