Figures/CREST_Example_wjb_NSE/Rolling_result/20100722/BJP_forecast/ens_15/wjb.rain.20090915.asc
ncols            288
nrows            254
xllcorner        113.274861
yllcorner        31.4918055
cellsize         0.008333333333
NODATA_value     -9999
[rows 133 to 151 of 254, columns 44 to 87 of 288]
0.8278902298119128 0.8645314206531447 0.9011726114943766 0.9378138023356084 0.9744549931768403 1.011096184018072 1.047737374859304 1.0666691454179578 1.0666691454179578 1.0666691454179578 1.0666691454179578 1.0666691454179578 1.0666691454179578 1.0666691454179578 1.0666691454179578 1.0666691454179578 1.0666691454179578 1.0666691454179578 1.0666691454179578 1.1426832043152022 1.2999580104347477 1.4572328165545612 1.6145076226741066 1.771782428793652 1.9290572349131974 2.086332041032743 2.243606847152288 2.4008816532718336 2.5581564593913786 2.715431265510924 2.8727060716304695 2.919977642437558 2.849653267899084 2.779328893360609 2.709004518822015 2.63868014428354 2.5683557697450654 2.498031395206591 2.427707020668117 2.357382646129642 2.2870582715911674 2.216733897052693 2.1464095225142183 2.1100743244328903
1.1117204263049256 1.1646191757319615 1.2175179251589976 1.2704166745860337 1.3233154240130698 1.3762141734401059 1.4291129228671418 1.4564446488291 1.4564446488291 1.4564446488291 1.4564446488291 1.4564446488291 1.4564446488291 1.4564446488291 1.4564446488291 1.4564446488291 1.4564446488291 1.4564446488291 1.4564446488291 1.5261178008096694 1.6702731271854705 1.8144284535615174 1.9585837799373185 2.1027391063131198 2.2468944326889204 2.391049759064722 2.5352050854405226 2.679360411816324 2.8235157381921248 2.9676710645679263 3.1118263909437274 3.1468276261047388 3.0651406701568336 2.983453714208929 2.9017667582608846 2.82007980231298 2.738392846365075 2.6567058904171703 2.5750189344692656 2.493331978521361 2.411645022573456 2.329958066625551 2.248271110677646 2.206065093994142
1.3955506227979382 1.4647069308107785 1.5338632388236189 1.603019546836459 1.672175854849299 1.7413321628621394 1.8104884708749798 1.8462201522402424 1.8462201522402424 1.8462201522402424 1.8462201522402424 1.8462201522402424 1.8462201522402424 1.8462201522402424 1.8462201522402424 1.8462201522402424 1.8462201522402424 1.8462201522402424 1.8462201522402424 1.9095523973041364 2.040588243936193 2.1716240905684736 2.3026599372005303 2.433695783832587 2.5647316304646437 2.695767477096701 2.8268033237287575 2.9578391703608142 3.088875016992871 3.2199108636249276 3.3509467102569843 3.3736776097719186 3.2806280724145838 3.1875785350572485 3.0945289976997548 3.0014794603424195 2.9084299229850847 2.8153803856277495 2.7223308482704143 2.6292813109130795 2.5362317735557443 2.4431822361984095 2.3501326988410742 2.302055863555394
1.6793808192909512 1.7647946858895955 1.8502085524882401 1.9356224190868847 2.021036285685529 2.1064501522841734 2.191864018882818 2.235995655651385 2.235995655651385 2.235995655651385 2.235995655651385 2.235995655651385 2.235995655651385 2.235995655651385 2.235995655651385 2.235995655651385 2.235995655651385 2.235995655651385 2.235995655651385 2.292986993798604 2.410903360686916 2.52881972757543 2.6467360944637424 2.764652461352055 2.8825688282403674 3.0004851951286797 3.1184015620169925 3.236317928905305 3.354234295793617 3.47215066268193 3.5900670295702426 3.6005275934390992 3.4961154746723335 3.3917033559055683 3.287291237138625 3.1828791183718597 3.0784669996050944 2.9740548808383287 2.8696427620715634 2.765230643304798 2.6608185245380325 2.556406405771267 2.451994287004502 2.3980466331166457
1.9632110157842058 2.064882440968668 2.166553866153131 2.2682252913375933 2.3698967165220557 2.471568141706518 2.573239566890981 2.6257711590628596 2.6257711590628596 2.6257711590628596 2.6257711590628596 2.6257711590628596 2.6257711590628596 2.6257711590628596 2.6257711590628596 2.6257711590628596 2.6257711590628596 2.6257711590628596 2.6257711590628596 2.6764215902933977 2.781218477437955 2.8860153645826907 2.9908122517272475 3.0956091388718048 3.2004060260163616 3.305202913160919 3.4099998003054757 3.514796687450033 3.6195935745945897 3.724390461739147 3.829187348883704 3.827377577106473 3.7116028769302676 3.595828176754062 3.4800534765776594 3.364278776401454 3.248504076225249 3.1327293760490433 3.016954675872838 2.9011799756966328 2.7854052755204273 2.6696305753442218 2.5538558751680167 2.4940374026779795
2.2470412122772183 2.364970196047485 2.4828991798177515 2.6008281635880186 2.718757147358285 2.836686131128552 2.954615114898819 3.015546662474002 3.015546662474002 3.015546662474002 3.015546662474002 3.015546662474002 3.015546662474002 3.015546662474002 3.015546662474002 3.015546662474002 3.015546662474002 3.015546662474002 3.015546662474002 3.0598561867878646 3.1515335941886775 3.2432110015896463 3.334888408990459 3.426565816391272 3.5182432237920844 3.6099206311928973 3.70159803859371 3.7932754459945226 3.8849528533953355 3.976630260796148 4.068307668196961 4.054227560773652 3.927090279188017 3.7999529976023814 3.672815716016529 3.5456784344308936 3.4185411528452576 3.291403871259622 3.1642665896739866 3.037129308088351 2.9099920265027155 2.78285474491708 2.6557174633314444 2.590028172239231
2.5308714087702313 2.665057951126302 2.799244493482373 2.933431035838444 3.0676175781945147 3.2018041205505856 3.3359906629066565 3.4053221658851447 3.4053221658851447 3.4053221658851447 3.4053221658851447 3.4053221658851447 3.4053221658851447 3.4053221658851447 3.4053221658851447 3.4053221658851447 3.4053221658851447 3.4053221658851447 3.4053221658851447 3.443290783282332 3.5218487109394006 3.600406638596603 3.678964566253671 3.7575224939107397 3.836080421567808 3.9146383492248766 3.993196276881945 4.071754204539014 4.150312132196082 4.228870059853151 4.307427987510218 4.281077544440833 4.142577681445767 4.0040778184507015 3.8655779554553993 3.7270780924603333 3.5885782294652673 3.4500783664702013 3.3115785034751357 3.1730786404800697 3.034578777485004 2.896078914489938 2.757579051494872 2.686018941800483
2.814701605263244 2.965145706205119 3.1155898071469945 3.266033908088869 3.4164780090307447 3.5669221099726194 3.717366210914495 3.795097669296287 3.795097669296287 3.795097669296287 3.795097669296287 3.795097669296287 3.795097669296287 3.795097669296287 3.795097669296287 3.795097669296287 3.795097669296287 3.795097669296287 3.795097669296287 3.8267253797767995 3.8921638276901236 3.957602275603559 4.023040723516884 4.088479171430207 4.153917619343532 4.2193560672568555 4.28479451517018 4.350232963083504 4.415671410996828 4.481109858910152 4.546548306823476 4.507927528108014 4.358065083703517 4.208202639299021 4.058340194894269 3.908477750489773 3.758615306085277 3.608752861680781 3.458890417276285 3.309027972871789 3.1591655284672924 3.0093030840627963 2.8594406396583 2.782009711361735
3.0985318017562564 3.2652334612839358 3.431935120811615 3.5986367803392945 3.765338439866974 3.932040099394653 4.0987417589223325 4.184873172707429 4.184873172707429 4.184873172707429 4.184873172707429 4.184873172707429 4.184873172707429 4.184873172707429 4.184873172707429 4.184873172707429 4.184873172707429 4.184873172707429 4.184873172707429 4.2101599762712665 4.262478944440846 4.314797912610516 4.367116880780095 4.419435848949675 4.471754817119255 4.524073785288834 4.576392753458414 4.628711721627995 4.681030689797574 4.733349657967154 4.785668626136734 4.734777511775194 4.573552485961267 4.412327460147341 4.25110243433314 4.089877408519213 3.9286523827052866 3.7674273568913605 3.6062023310774336 3.4449773052635075 3.2837522794495806 3.1225272536356545 2.961302227821728 2.878000480922987
3.3823619982492694 3.5653212163627526 3.748280434476236 3.9312396525897197 4.114198870703204 4.297158088816687 4.48011730693017 4.574648676118572 4.574648676118572 4.574648676118572 4.574648676118572 4.574648676118572 4.574648676118572 4.574648676118572 4.574648676118572 4.574648676118572 4.574648676118572 4.574648676118572 4.574648676118572 4.593594572765733 4.632794061191569 4.671993549617471 4.711193038043307 4.750392526469143 4.789592014894978 4.828791503320813 4.867990991746649 4.907190480172485 4.946389968598321 4.985589457024156 5.024788945449991 4.961627495442374 4.789039888219017 4.616452280995661 4.443864673772009 4.271277066548653 4.098689459325296 3.9261018521019393 3.7535142448785823 3.580926637655226 3.4083390304318693 3.2357514232085123 3.0631638159851553 2.9739912504842385
3.666192194742282 3.8654089714415694 4.064625748140857 4.263842524840145 4.463059301539433 4.662276078238721 4.8614928549380085 4.964424179529714 4.964424179529714 4.964424179529714 4.964424179529714 4.964424179529714 4.964424179529714 4.964424179529714 4.964424179529714 4.964424179529714 4.964424179529714 4.964424179529714 4.964424179529714 4.9770291692602004 5.003109177942292 5.029189186624428 5.0552691953065185 5.08134920398861 5.107429212670701 5.133509221352793 5.159589230034884 5.185669238716976 5.211749247399067 5.237829256081158 5.2639092647632495 5.1884774791095545 5.0045272904767675 4.8205771018439805 4.63662691321088 4.452676724578093 4.268726535945306 4.084776347312519 3.900826158679732 3.716875970046945 3.532925781414158 3.348975592781371 3.165025404148584 3.0699820200454906
3.950022391235537 4.165496726520643 4.380971061805749 4.5964453970908545 4.81191973237596 5.027394067661066 5.242868402946172 5.354199682941189 5.354199682941189 5.354199682941189 5.354199682941189 5.354199682941189 5.354199682941189 5.354199682941189 5.354199682941189 5.354199682941189 5.354199682941189 5.354199682941189 5.354199682941189 5.360463765754995 5.373424294693331 5.386384823631689 5.399345352570024 5.4123058815083605 5.425266410446696 5.438226939385031 5.451187468323368 5.464147997261703 5.4771085262000385 5.490069055138375 5.50302958407671 5.4153274627769274 5.220014692734701 5.024701922692474 4.829389152649914 4.634076382607687 4.4387636125654595 4.243450842523233 4.048138072481006 3.852825302438779 3.6575125323965523 3.462199762354325 3.2668869923120982 3.165972789606824
4.000073497167156 4.217591039224724 4.435108581282291 4.652626123339859 4.870143665397427 5.087661207454995 5.305178749512563 5.4175657135869475 5.4175657135869475 5.4175657135869475 5.4175657135869475 5.4175657135869475 5.4175657135869475 5.4175657135869475 5.4175657135869475 5.4175657135869475 5.4175657135869475 5.4175657135869475 5.4175657135869475 5.426743500441478 5.445732548902948 5.46472159736445 5.48371064582592 5.50269969428739 5.52168874274886 5.54067779121033 5.5596668396718 5.5786558881332695 5.597644936594739 5.616633985056209 5.635623033517679 5.548399792398339 5.34763321262087 5.146866632843402 4.9461000530655905 4.745333473288122 4.544566893510654 4.343800313733184 4.143033733955716 3.9422671541782472 3.7415005744007788 3.54073399462331 3.3399674148458414 3.2362353377075785
3.800229492367184 4.004595995159885 4.2089624979525855 4.413329000745287 4.617695503537988 4.822062006330688 5.026428509123389 5.132020594203553 5.132020594203553 5.132020594203553 5.132020594203553 5.132020594203553 5.132020594203553 5.132020594203553 5.132020594203553 5.132020594203553 5.132020594203553 5.132020594203553 5.132020594203553 5.15400468081566 5.199490252955787 5.244975825095991 5.290461397236118 5.335946969376245 5.3814325415163715 5.426918113656498 5.472403685796625 5.517889257936751 5.563374830076878 5.608860402217005 5.654345974357132 5.581229721445595 5.381325436372607 5.181421151299619 4.981516866226291 4.781612581153302 4.581708296080315 4.381804011007326 4.181899725934338 3.9819954408613505 3.782091155788363 3.5821868707153746 3.3822825856423866 3.2789960389350368
3.6003854875672126 3.791600951095046 3.9828164146228797 4.174031878150714 4.365247341678547 4.556462805206381 4.747678268734214 4.846475474820158 4.846475474820158 4.846475474820158 4.846475474820158 4.846475474820158 4.846475474820158 4.846475474820158 4.846475474820158 4.846475474820158 4.846475474820158 4.846475474820158 4.846475474820158 4.881265861189842 4.953247957008625 5.025230052827532 5.0972121486463156 5.1691942444651 5.241176340283883 5.313158436102667 5.385140531921451 5.457122627740235 5.529104723559018 5.601086819377802 5.673068915196586 5.614059650492853 5.415017660124345 5.215975669755838 5.016933679386991 4.8178916890184835 4.618849698649976 4.4198077082814695 4.220765717912961 4.021723727544455 3.822681737175947 3.6236397468074397 3.4245977564389323 3.321756740162495
3.400541482767241 3.578605907030207 3.7566703312931735 3.93473475555614 4.112799179819106 4.290863604082073 4.468928028345038 4.560930355436762 4.560930355436762 4.560930355436762 4.560930355436762 4.560930355436762 4.560930355436762 4.560930355436762 4.560930355436762 4.560930355436762 4.560930355436762 4.560930355436762 4.560930355436762 4.608527041564022 4.707005661061463 4.805484280559072 4.903962900056513 5.002441519553953 5.100920139051394 5.199398758548835 5.297877378046276 5.396355997543716 5.494834617041157 5.593313236538598 5.691791856036039 5.646889579540109 5.448709883876082 5.250530188212055 5.052350492547691 4.854170796883665 4.655991101219637 4.457811405555611 4.259631709891584 4.061452014227558 3.8632723185635314 3.6650926228995044 3.466912927235478 3.3645174413899532
3.2006974779672692 3.3656108629653687 3.5305242479634678 3.695437632961567 3.8603510179596663 4.025264402957766 4.190177787955864 4.275385236053367 4.275385236053367 4.275385236053367 4.275385236053367 4.275385236053367 4.275385236053367 4.275385236053367 4.275385236053367 4.275385236053367 4.275385236053367 4.275385236053367 4.275385236053367 4.335788221938205 4.460763365114302 4.585738508290613 4.710713651466711 4.835688794642809 4.960663937818906 5.085639080995003 5.210614224171101 5.335589367347199 5.460564510523296 5.585539653699394 5.710514796875492 5.6797195085873655 5.48240210762782 5.2850847066682745 5.087767305708391 4.890449904748846 4.6931325037892995 4.495815102829754 4.2984977018702075 4.101180300910662 3.903862899951116 3.70654549899157 3.509228098032024 3.407278142617412
3.000853473167127 3.152615818900348 3.304378164633569 3.4561405103667893 3.6079028561000106 3.759665201833231 3.911427547566452 3.989840116669728 3.989840116669728 3.989840116669728 3.989840116669728 3.989840116669728 3.989840116669728 3.989840116669728 3.989840116669728 3.989840116669728 3.989840116669728 3.989840116669728 3.989840116669728 4.063049402312154 4.21452106916693 4.365992736021966 4.517464402876744 4.6689360697315205 4.820407736586298 4.971879403441076 5.123351070295852 5.27482273715063 5.426294404005407 5.577766070860184 5.7292377377149615 5.712549437634651 5.516094331379587 5.319639225124522 5.123184118869123 4.926729012614058 4.730273906358994 4.533818800103929 4.337363693848864 4.1409085875938 3.9444534813387353 3.7479983750836707 3.551543268828606 3.4500388438449066
2.8010094683671554 2.939620774835509 3.078232081303863 3.216843387772217 3.3554546942405703 3.4940660007089237 3.6326773071772775 3.704294997286333 3.704294997286333 3.704294997286333 3.704294997286333 3.704294997286333 3.704294997286333 3.704294997286333 3.704294997286333 3.704294997286333 3.704294997286333 3.704294997286333 3.704294997286333 3.790310582686335 3.9682787732197693 4.146246963753507 4.324215154286941 4.502183344820375 4.68015153535381 4.858119725887244 5.036087916420677 5.214056106954112 5.392024297487546 5.56999248802098 5.747960678554414 5.745379366681908 5.549786555131323 5.35419374358074 5.158600932029822 4.9630081204792384 4.767415308928655 4.57182249737807 4.376229685827487 4.180636874276903 3.985044062726319 3.7894512511757354 3.5938584396251514 3.492799545072365
