Figures/CREST_Example_wjb_NSE/Rolling_result/20100722/BJP_forecast/ens_15/wjb.rain.20100722.asc
ncols            288
nrows            254
xllcorner        113.274861
yllcorner        31.4918055
cellsize         0.008333333333
NODATA_value     -9999
[rows 200 to 219 of 254, columns 180 to 224 of 288]
2.9150063116964087 2.908361296728979 2.901716281761538 2.88948406104399 2.871278990968698 2.8530739208934057 2.834868850818114 2.8166637807428216 2.79845871066753 2.780253640592238 2.7620485705169457 2.743843500441654 2.7256384303663617 2.70743336029107 2.6892282902157776 2.6265988513117127 2.51647875693427 2.406358662556828 2.2962385681793855 2.1861184738019435 2.0759983794245014 1.9658782850470589 1.8557581906696168 1.7456380962921745 1.6355180019147322 1.5253979075372899 1.4152778131598476 1.3511581213359503 1.3362139007930507 1.3212696802501764 1.3063254597073024 1.2913812391644282 1.2764370186215541 1.2614927980786799 1.2465485775358056 1.2316043569929316 1.2166601364500573 1.201715915907183 1.186771695364309 1.1619613119379602 1.126603777105785 1.0912462422735496 1.0558887074413743 1.0205311726091992 0.985173637777024
2.9037029911674144 2.9008009231129686 2.8978988550585174 2.8868302326618394 2.8670313789045303 2.8472325251472212 2.8274336713899126 2.8076348176326036 2.7878359638752945 2.7680371101179855 2.7482382563606764 2.7284394026033674 2.7086405488460583 2.6888416950887497 2.6690428413314407 2.6032736204357727 2.4883610368922993 2.373448453348826 2.2585358698053524 2.1436232862618785 2.028710702718405 1.9137981191749316 1.798885535631458 1.6839729520879843 1.5690603685445108 1.4541477850010371 1.3392352014575637 1.2721218371897811 1.256106919984712 1.24009200277967 1.2240770855746281 1.2080621683695862 1.1920472511645446 1.1760323339595027 1.1600174167544608 1.144002499549419 1.1279875823443772 1.1119726651393353 1.0959577479342935 1.0717584879385476 1.0388099802778026 1.0058614726170014 0.9729129649562567 0.9399644572955117 0.9070159496347668
2.8923996706384205 2.8932405494969577 2.8940814283554968 2.884176404279689 2.862783766840363 2.8413911294010368 2.819998491961711 2.798605854522385 2.777213217083059 2.755820579643733 2.734427942204407 2.713035304765081 2.691642667325755 2.6702500298864287 2.648857392447103 2.5799483895598327 2.460243316850328 2.340538244140823 2.2208331714313183 2.1011280987218135 1.9814230260123085 1.8617179533028037 1.7420128805932986 1.6223078078837938 1.502602735174289 1.382897662464784 1.2631925897552791 1.1930855530436115 1.175999939176373 1.1589143253091634 1.1418287114419539 1.1247430975747446 1.107657483707535 1.0905718698403255 1.073486255973116 1.0564006421059065 1.0393150282386971 1.0222294143714876 1.005143800504278 0.981555663939135 0.9510161834498204 0.9204767029604537 0.889937222471139 0.8593977419818244 0.8288582614925097
2.881096350109426 2.8856801758809474 2.890264001652476 2.8815225758975385 2.8585361547761954 2.8355497336548523 2.8125633125335097 2.7895768914121666 2.7665904702908235 2.7436040491694804 2.720617628048138 2.6976312069267947 2.6746447858054516 2.6516583646841085 2.6286719435627655 2.5566231586838932 2.432125596808357 2.307628034932821 2.1831304730572847 2.0586329111817485 1.9341353493062123 1.809637787430676 1.6851402255551398 1.5606426636796036 1.4361451018040672 1.311647539928531 1.1871499780529948 1.114049268897442 1.095892958368034 1.0777366478386567 1.0595803373092796 1.0414240267799024 1.0232677162505255 1.0051114057211483 0.9869550951917712 0.968798784662394 0.9506424741330168 0.9324861636036398 0.9143298530742626 0.8913528399397224 0.863222386621838 0.8350919333039056 0.8069614799860213 0.7788310266681369 0.7507005733502525
2.869793029580427 2.8781198022649335 2.8864465749494537 2.8788687475153867 2.854288542712026 2.8297083379086656 2.805128133105305 2.780547928301944 2.7559677234985838 2.731387518695223 2.7068073138918622 2.682227109088502 2.657646904285141 2.6330666994817804 2.60848649467842 2.533297927807944 2.404007876766374 2.274717825724805 2.145427774683235 2.0161377236416653 1.8868476726000958 1.7575576215585262 1.6282675705169565 1.498977519475387 1.3696874684338174 1.2403974173922476 1.111107366350678 1.0350129847512388 1.0157859775596607 0.9965589703681156 0.9773319631765703 0.9581049559850251 0.9388779487934799 0.9196509416019346 0.9004239344103895 0.8811969272188442 0.861969920027299 0.8427429128357538 0.8235159056442085 0.8011500159402715 0.7754285897938183 0.7497071636473214 0.7239857375008684 0.6982643113544152 0.6725428852079622
2.854087031670845 2.8612990829282894 2.8685111341857463 2.860966037388523 2.8376452154394927 2.814324393490463 2.7910035715414327 2.767682749592403 2.744361927643373 2.7210411056943427 2.697720283745313 2.6743994617962827 2.651078639847253 2.627757817898223 2.604436995949193 2.528210779784518 2.3954275001067464 2.2626442204289754 2.129860940751204 1.9970776610734329 1.8642943813956616 1.7315111017178904 1.598727822040119 1.4659445423623478 1.3331612626845766 1.2003779830068053 1.067594703329034 0.9890539233283488 0.9684996029455976 0.9479452825628812 0.927390962180165 0.9068366417974487 0.8862823214147324 0.8657280010320162 0.8451736806492999 0.8246193602665837 0.8040650398838673 0.783510719501151 0.7629563991184348 0.7413123590321383 0.7185033839210183 0.6956944088098594 0.6728854336987395 0.6500764585876195 0.6272674834764995
2.8336748491342707 2.8345796376792656 2.8354844262242622 2.8267632337862194 2.8077516498889072 2.7887400659915955 2.769728482094284 2.750716898196972 2.7317053142996603 2.712693730402348 2.6936821465050365 2.6746705626077247 2.655658978710413 2.636647394813101 2.617635810915789 2.5426189928167866 2.4077313121191417 2.2728436314214964 2.1379559507238515 2.003068270026206 1.868180589328561 1.733292908630916 1.5984052279332708 1.4635175472356257 1.3286298665379805 1.1937421858403352 1.05885450514269 0.9784523281986388 0.9562963877292885 0.934140447259976 0.9119845067906635 0.889828566321351 0.8676726258520384 0.845516685382726 0.8233607449134134 0.8012048044441009 0.7790488639747883 0.7568929235054759 0.7347369830361634 0.7139331518825779 0.6945747561874002 0.6752163604921896 0.6558579647970119 0.6364995691018343 0.6171411734066565
2.8132626665976876 2.80786019243023 2.8024577182627635 2.792560430183901 2.777858084338309 2.763155738492717 2.748453392647125 2.7337510468015336 2.7190487009559416 2.7043463551103497 2.689644009264758 2.6749416634191663 2.6602393175735743 2.6455369717279824 2.630834625882391 2.557027205849061 2.4200351241315414 2.2830430424140213 2.1460509606965017 2.0090588789789816 1.8720667972614615 1.7350747155439417 1.5980826338264218 1.461090552108902 1.3240984703913818 1.187106388673862 1.0501143069563421 0.9678507330689243 0.9440931725129744 0.9203356119570649 0.8965780514011554 0.872820490845246 0.8490629302893365 0.8253053697334272 0.8015478091775177 0.7777902486216082 0.7540326880656987 0.7302751275097893 0.7065175669538798 0.6865539447330057 0.6706461284537718 0.6547383121745108 0.638830495895277 0.6229226796160431 0.6070148633368092
2.792850484061114 2.781140747181207 2.76943101030128 2.758357626581597 2.7479645187877235 2.73757141099385 2.727178303199976 2.7167851954061026 2.7063920876122287 2.6959989798183552 2.6856058720244818 2.675212764230608 2.6648196564367344 2.654426548642861 2.644033440848987 2.57143541888133 2.4323389361439363 2.2932424534065423 2.1541459706691484 2.015049487931755 1.875953005194361 1.736856522456967 1.597760039719573 1.458663556982179 1.3195670742447854 1.1804705915073914 1.0413741087699977 0.9572491379392143 0.9318899572966653 0.9065307766541597 0.881171596011654 0.8558124153691483 0.8304532347266427 0.8050940540841369 0.7797348734416313 0.7543756927991255 0.7290165121566199 0.7036573315141141 0.6782981508716085 0.6591747375834454 0.6467175007201538 0.634260263856841 0.6218030269935494 0.6093457901302578 0.5968885532669663
2.7724383015245397 2.754421301932183 2.7364043023397957 2.7241548229792936 2.718070953237138 2.7119870834949826 2.705903213752827 2.6998193440106717 2.6937354742685162 2.687651604526361 2.6815677347842057 2.6754838650420503 2.669399995299895 2.6633161255577393 2.657232255815584 2.5858436319135993 2.4446427481563315 2.3034418643990637 2.162240980641796 2.021040096884528 1.8798392131272603 1.7386383293699925 1.5974374456127247 1.456236561855457 1.315035678098189 1.1738347943409215 1.0326339105836537 0.9466475428095042 0.9196867420803564 0.8927259413512544 0.8657651406221525 0.8388043398930506 0.8118435391639486 0.7848827384348467 0.7579219377057448 0.7309611369766429 0.7040003362475409 0.6770395355184389 0.6500787347893371 0.6317955304338849 0.6227888729865357 0.6137822155391711 0.6047755580918218 0.5957689006444725 0.5867622431971232
2.7520261189879567 2.7277018566831472 2.703377594378297 2.689952019376975 2.68817738768654 2.686402755996104 2.684628124305669 2.682853492615233 2.681078860924798 2.6793042292343623 2.677529597543927 2.675754965853492 2.673980334163056 2.672205702472621 2.6704310707821852 2.600251844945874 2.4569465601687313 2.3136412753915887 2.170335990614446 2.0270307058373036 1.883725421060161 1.7404201362830185 1.597114851505876 1.4538095667287336 1.310504281951591 1.1671989971744485 1.023893712397306 0.9360459476797898 0.9074835268640422 0.8789211060483434 0.8503586852326445 0.8217962644169456 0.7932338436012467 0.7646714227855479 0.7361090019698491 0.7075465811541501 0.6789841603384513 0.6504217395227525 0.6218593187070536 0.6044163232843129 0.5988602452529074 0.5933041672214925 0.5877480891900869 0.5821920111586815 0.5766359331272759
2.7316139364513825 2.700982411434124 2.670350886416813 2.6557492157746716 2.6582838221359544 2.660818428497237 2.66335303485852 2.6658876412198027 2.668422247581085 2.670956853942368 2.6734914603036506 2.6760260666649334 2.678560673026216 2.681095279387499 2.6836298857487817 2.6146600579781425 2.469250372181126 2.3238406863841097 2.1784310005870933 2.033021314790077 1.8876116289930605 1.7422019431960438 1.5967922573990274 1.4513825716020108 1.3059728858049944 1.160563200007978 1.0151535142109613 0.9254443525500797 0.8952803116477331 0.8651162707454381 0.834952229843143 0.8047881889408479 0.7746241480385527 0.7444601071362577 0.7142960662339626 0.6841320253316675 0.6539679844293724 0.6238039435270772 0.5936399026247822 0.5770371161347525 0.5749316175192893 0.5728261189038225 0.5707206202883593 0.5686151216728961 0.5665096230574329
2.7112017539148083 2.6742629661851 2.6373241784553287 2.621546412172368 2.628390256585369 2.6352341009983697 2.642077945411371 2.6489217898243718 2.6557656342373726 2.6626094786503733 2.669453323063374 2.6762971674763754 2.683141011889376 2.689984856302377 2.6968287007153777 2.6290682710104116 2.481554184193521 2.3340400973766307 2.1865260105597404 2.03901192374285 1.8914978369259596 1.7439837501090691 1.5964696632921789 1.4489555764752884 1.3014414896583981 1.1539274028415076 1.0064133160246174 0.9148427574203697 0.8830770964314242 0.8513114354425328 0.8195457744536415 0.7877801134647502 0.7560144524758587 0.7242487914869675 0.6924831304980761 0.6607174695091848 0.6289518085202934 0.5971861475314021 0.5654204865425108 0.5496579089851921 0.5510029897856712 0.5523480705861527 0.5536931513866317 0.5550382321871108 0.5563833129875899
2.6907895713782253 2.6475435209360647 2.6042974704938304 2.5873436085700496 2.5984966910347707 2.6096497734994912 2.6208028559642123 2.6319559384289333 2.6431090208936543 2.6542621033583753 2.665415185823096 2.676568268287817 2.687721350752538 2.698874433217259 2.71002751568198 2.6434764840426865 2.4938579962059215 2.344239508369156 2.194621020532391 2.0450025326956256 1.8953840448588606 1.7457655570220953 1.5961470691853301 1.4465285813485649 1.2969100935117996 1.1472916056750346 0.9976731178382694 0.9042411622906552 0.87087388121511 0.8375066001396217 0.8041393190641335 0.7707720379886451 0.737404756913157 0.7040374758376686 0.6706701947621804 0.6373029136866921 0.6039356326112038 0.5705683515357156 0.5372010704602272 0.52227870183562 0.5270743620520429 0.531870022268474 0.5366656824848969 0.5414613427013197 0.5462570029177426
2.6703773888416515 2.6208240756870413 2.5712707625323463 2.553140804967746 2.5686031254841852 2.5840654460006243 2.5995277665170633 2.6149900870335023 2.6304524075499414 2.6459147280663804 2.66137704858282 2.676839369099259 2.692301689615698 2.707764010132137 2.723226330648576 2.6578846970749552 2.5061618082183164 2.354438919361677 2.202716030505038 2.050993141648399 1.89927025279176 1.7475473639351207 1.5958244750784816 1.4441015862218425 1.2923786973652034 1.1406558085085643 0.9889329196519252 0.8936395671609452 0.858670665998801 0.8237017648367165 0.788732863674632 0.7537639625125474 0.718795061350463 0.6838261601883784 0.648857259026294 0.6138883578642094 0.578919456702125 0.5439505555400403 0.5089816543779558 0.4948994946860596 0.5031457343184248 0.511391973950804 0.5196382135831692 0.5278844532155345 0.5361306928478996
2.6499652063050774 2.5941046304380175 2.538244054570862 2.5189380013654423 2.5387095599336 2.558481118501757 2.5782526770699143 2.5980242356380714 2.617795794206229 2.637567352774386 2.6573389113425434 2.6771104699107005 2.696882028478858 2.716653587047015 2.7364251456151725 2.672292910107224 2.518465620230711 2.364638330354198 2.2108110404776853 2.056983750601172 1.9031564607246592 1.7493291708481462 1.595501880971633 1.44167459109512 1.2878473012186071 1.1340200113420942 0.9801927214655812 0.8830379720312352 0.8464674507824921 0.8098969295338113 0.7733264082851306 0.7367558870364498 0.700185365787769 0.6636148445390883 0.6270443232904075 0.5904738020417267 0.553903280793046 0.5173327595443653 0.4807622382956845 0.4675202875364992 0.4792171065848067 0.4909139256331342 0.5026107446814416 0.5143075637297492 0.5260043827780566
2.629553023768503 2.5673851851889937 2.5052173466093777 2.4847351977631384 2.508815994383014 2.5328967910028894 2.556977587622765 2.5810583842426404 2.605139180862516 2.6292199774823914 2.653300774102267 2.6773815707221424 2.7014623673420175 2.725543163961893 2.7496239605817685 2.686701123139493 2.530769432243106 2.374837741346719 2.2189060504503324 2.0629743595539454 1.9070426686575583 1.7511109777611715 1.5951792868647847 1.4392475959683977 1.2833159050720109 1.1273842141756238 0.971452523279237 0.8724363769015252 0.8342642355661831 0.7960920942309061 0.7579199528956291 0.7197478115603521 0.681575670225075 0.6434035288897981 0.6052313875545211 0.5670592462192441 0.5288871048839672 0.4907149635486901 0.45254282221341313 0.44014108038693883 0.45528847885118867 0.47043587731546427 0.48558327577971405 0.5007306742439639 0.5158780727082136
2.649559707052292 2.5819271901947998 2.5142946733371927 2.488226434057708 2.506591347903406 2.5249562617491033 2.5433211755948006 2.5616860894404985 2.580051003286196 2.5984159171318937 2.616780830977591 2.6351457448232884 2.6535106586689863 2.6718755725146837 2.6902404863603815 2.6272193366165846 2.477194643363404 2.3271699501102225 2.1771452568570417 2.0271205636038605 1.8770958703506793 1.7270711770974982 1.5770464838443172 1.4270217905911362 1.276997097337955 1.126972404084774 0.9769477108315929 0.8803026635155023 0.8407216656435874 0.80114066777174 0.7615596698998925 0.7219786720280451 0.6823976741561977 0.6428166762843504 0.6032356784125028 0.5636546805406555 0.5240736826688079 0.48449268479696056 0.4449116869251131 0.43214781683342834 0.4480520632432987 0.46395630965319623 0.4798605560630666 0.49576480247293697 0.5116690488828073
2.712771610452447 2.640575084972568 2.568378559492566 2.5320102232917416 2.533943032045173 2.5358758407986044 2.5378086495520358 2.539741458305467 2.5416742670588985 2.5436070758123295 2.545539884565761 2.5474726933191922 2.5494055020726236 2.551338310826055 2.5532711195794864 2.4887537975715923 2.353199782204814 2.217645766838035 2.082091751471257 1.946537736104478 1.8109837207376995 1.675429705370921 1.5398756900041426 1.4043216746373641 1.2687676592705854 1.133213643903807 0.9976596285370285 0.9079099517539511 0.8671261494312976 0.8263423471087138 0.78555854478613 0.744774742463546 0.7039909401409622 0.6632071378183784 0.6224233354957944 0.5816395331732107 0.5408557308506268 0.5000719285280429 0.4592881262054591 0.44487690516267325 0.45865857035191887 0.47244023554118797 0.4862219007304336 0.5000035659196792 0.5137852311089248
2.775983513852602 2.699222979750336 2.6224624456479395 2.5757940125257743 2.5612947161869397 2.5467954198481046 2.53229612350927 2.517796827170435 2.5032975308316003 2.4887982344927653 2.4742989381539306 2.459799641815096 2.445300345476261 2.4308010491374263 2.4163017527985913 2.350288258526599 2.2292049210462235 2.1081215835658473 1.9870382460854716 1.8659549086050957 1.7448715711247198 1.6237882336443439 1.502704896163968 1.381621558683592 1.2605382212032161 1.1394548837228402 1.0183715462424643 0.9355172399923999 0.893530633219008 0.8515440264456877 0.8095574196723674 0.7675708128990472 0.7255842061257269 0.6835975993524066 0.6416109925790863 0.599624385805766 0.5576377790324458 0.5156511722591255 0.4736645654858052 0.45760599349191816 0.46926507746053897 0.4809241614291797 0.4925832453978006 0.5042423293664214 0.5159014133350422
