Figures/CREST_Example_wjb_NSE/Rolling_result/20100722/BJP_forecast/ens_15/wjb.rain.20100727.asc
ncols            288
nrows            254
xllcorner        113.274861
yllcorner        31.4918055
cellsize         0.008333333333
NODATA_value     -9999
[rows 80 to 99 of 254, columns 45 to 89 of 288]
0.0 0.0 0.0 0.0 0.0 0.0 0.0 0.0 0.0 0.0 0.0 0.0 0.0 0.0 0.0 0.0 0.0 0.0 0.018445157058466558 0.05660860395631471 0.09477205085422793 0.13293549775207608 0.17109894464992423 0.20926239154777238 0.24742583844562052 0.28558928534346867 0.3237527322413168 0.36191617913916496 0.4000796260370131 0.43824307293486126 0.4395162057524789 0.40135275885462535 0.3631893119567718 0.3250258650588531 0.28686241816099955 0.24869897126314597 0.2105355243652924 0.17237207746743882 0.13420863056958526 0.0960451836717317 0.05788173677387809 0.01971828987602453 0.0 0.0 0.0
0.0 0.0 0.0 0.0 0.0 0.0 0.0 0.0 0.0 0.0 0.0 0.0 0.0 0.0 0.0 0.0 0.0 0.0 0.020263593779810615 0.06218942735900483 0.10411526093827055 0.14604109451746475 0.18796692809665896 0.22989276167585318 0.2718185952550474 0.31374442883424164 0.3556702624134358 0.39759609599263 0.43952192957182423 0.48144776315101845 0.48284640921091243 0.4409205756317122 0.39899474205251206 0.3570689084732404 0.31514307489404025 0.2732172413148401 0.23129140773563994 0.18936557415643973 0.14743974057723958 0.10551390699803942 0.06358807341883926 0.021662239839639108 0.0 0.0 0.0
0.0 0.0 0.0 0.0 0.0 0.0 0.0 0.0 0.0 0.0 0.0 0.0 0.0 0.0 0.0 0.0 0.0 0.0 0.02208203050115467 0.06777025076169495 0.11345847102231313 0.15914669128285341 0.20483491154339367 0.25052313180393393 0.29621135206447424 0.3418995723250145 0.38758779258555476 0.43327601284609507 0.47896423310663533 0.5246524533671756 0.5261766126693459 0.48048839240879915 0.4348001721482524 0.3891119518876277 0.34342373162708095 0.29773551136653414 0.2520472911059874 0.20635907084544064 0.1606708505848939 0.11498263032434708 0.06929441006380033 0.023606189803253574 0.0 0.0 0.0
0.0 0.0 0.0 0.0 0.0 0.0 0.0 0.0 0.0 0.0 0.0 0.0 0.0 0.0 0.0 0.0 0.0 0.0 0.02390046722249872 0.07335107416438505 0.1228016811063557 0.17225228804824202 0.22170289499012835 0.2711535019320147 0.320604108873901 0.37005471581578736 0.41950532275767366 0.46895592969956 0.5184065366414463 0.5678571435833326 0.5695068161277793 0.5200562091858859 0.47060560224399256 0.4211549953020149 0.37170438836012154 0.32225378141822814 0.2728031744763348 0.22335256753444144 0.1739019605925481 0.12445135365065474 0.07500074670876133 0.02555013976686804 0.0 0.0 0.0
0.0 0.0 0.0 0.0 0.0 0.0 0.0 0.0 0.0 0.0 0.0 0.0 0.0 0.0 0.0 0.0 0.0 0.0 0.025718903943842773 0.07893189756707517 0.1321448911903983 0.1853578848136307 0.23857087843686306 0.2917838720600955 0.3449968656833278 0.3982098593065602 0.4514228529297926 0.504635846553025 0.5578488401762574 0.6110618337994898 0.6128370195862127 0.5596240259629728 0.5064110323397328 0.4531980387164022 0.39998504509316224 0.3467720514699223 0.2935590578466823 0.24034606422344235 0.1871330706002024 0.1339200769769625 0.08070708335372256 0.027494089730482507 0.0 0.0 0.0
3.773982890214336 3.773982890214336 3.773982890214336 3.773982890214336 3.773982890214336 3.773982890214336 0.0060624364995154004 0.005891260217027747 0.005720083934540386 0.005548907652053025 0.005377731369565663 0.005206555087078302 0.005035378804590941 0.00486420252210358 0.004693026239616219 0.004521849957128857 0.0043506736746414965 0.004179497392154135 0.029685740744975007 0.08264172611362929 0.13559771148237387 0.18855369685102813 0.24150968221968244 0.2944656675883367 0.347421652956991 0.40037763832564527 0.4533336236942996 0.5062896090629537 0.559245594431608 0.6122015798002624 0.6138034177716145 0.5605065112337925 0.5072096046959704 0.45391269815805746 0.40061579162023536 0.3473188850824133 0.2940219785445912 0.24072507200676918 0.18742816546894714 0.1341312589311251 0.08083435239330294 0.027537445855480902 0.0 0.0 0.0
3.773982890214336 3.773982890214336 3.773982890214336 3.773982890214336 3.773982890214336 3.773982890214336 0.01860523538794426 0.018079906169441006 0.017554576950938646 0.017029247732436286 0.01650391851393393 0.01597858929543157 0.01545326007692921 0.01492793085842685 0.014402601639924491 0.013877272421422133 0.013351943202919773 0.012826613984417413 0.03594908177744912 0.08435157912285894 0.1327540764683513 0.1811565738137611 0.22955907115917096 0.27796156850458076 0.32636406584999056 0.3747665631954004 0.4231690605408102 0.47157155788622 0.5199740552316299 0.5683765525770397 0.5694855791052134 0.5200368161862987 0.47058805326738423 0.4211392903483854 0.37169052742947084 0.32224176451055625 0.2727930015916417 0.22334423867272718 0.1738954757538126 0.12444671283489805 0.07499794991598352 0.025549186997068984 0.0 0.0 0.0
3.773982890214336 3.773982890214336 3.773982890214336 3.773982890214336 3.773982890214336 3.773982890214336 0.031148034276373106 0.03026855212185425 0.02938906996733689 0.028509587812819533 0.02763010565830218 0.02675062350378482 0.025871141349267462 0.024991659194750108 0.02411217704023275 0.023232694885715395 0.022353212731198037 0.02147373057668068 0.04221242280992321 0.08606143213208856 0.12991044145432867 0.17375945077649405 0.2176084600986594 0.2614574694208247 0.3053064787429901 0.3491554880651554 0.3930044973873208 0.4368535067094861 0.4807025160316515 0.5245515253538169 0.525167740438812 0.479567121138805 0.433966501838798 0.3883658825387132 0.34276526323870615 0.2971646439386991 0.2515640246386921 0.20596340533868507 0.16036278603867804 0.11476216673867101 0.06916154743866398 0.023560928138656956 0.0 0.0 0.0
3.773982890214336 3.773982890214336 3.773982890214336 3.773982890214336 3.773982890214336 3.773982890214336 0.043690833164801955 0.042457198074267496 0.04122356298373514 0.039989927893202784 0.038756292802670435 0.03752265771213808 0.03628902262160573 0.03505538753107337 0.03382175244054102 0.03258811735000866 0.03135448225947631 0.030120847168943955 0.048475763842397324 0.08777128514131823 0.12706680644030613 0.16636232773922704 0.20565784903814793 0.24495337033706882 0.2842488916359897 0.32354441293491065 0.36283993423383154 0.40213545553275243 0.4414309768316733 0.4807264981305942 0.48084990177241094 0.4390974260913114 0.3973449504102119 0.35559247472904115 0.31383999904794163 0.2720875233668421 0.2303350476857426 0.18858257200464307 0.14683009632354355 0.10507762064244403 0.06332514496134445 0.021572669280244927 0.0 0.0 0.0
3.773982890214336 3.773982890214336 3.773982890214336 3.773982890214336 3.773982890214336 3.773982890214336 0.0562336320532308 0.05464584402668074 0.05305805600013339 0.05147026797358604 0.04988247994703869 0.04829469192049134 0.04670690389394399 0.045119115867396635 0.04353132784084929 0.04194353981430193 0.040355751787754586 0.03876796376120724 0.054739104874871436 0.08948113815054787 0.12422317142628354 0.15896520470195996 0.19370723797763642 0.22844927125331285 0.2631913045289893 0.2979333378046657 0.3326753710803422 0.36741740435601855 0.40215943763169504 0.4369014709073714 0.43653206310600967 0.39862773104381766 0.36072339898162564 0.322819066919369 0.284914734857177 0.24701040279498498 0.20910607073279297 0.17120173867060096 0.133297406608409 0.09539307454621698 0.05748874248402497 0.019584410421832954 0.0 0.0 0.0
3.773982890214336 3.773982890214336 3.773982890214336 3.773982890214336 3.773982890214336 3.773982890214336 0.06877643094165965 0.066834489979094 0.06489254901653164 0.06295060805396929 0.061008667091406954 0.0590667261288446 0.05712478516628225 0.055182844203719904 0.05324090324115756 0.051298962278595206 0.049357021316032854 0.04741508035347051 0.061002445907345534 0.09119099115977751 0.12137953641226096 0.15156808166469293 0.1817566269171249 0.21194517216955688 0.24213371742198886 0.27232226267442083 0.3025108079268528 0.3326993531792848 0.36288789843171676 0.39307644368414874 0.39221422443960846 0.35815803599632395 0.3241018475530395 0.29004565910969693 0.2559894706664124 0.22193328222312794 0.18787709377984343 0.15382090533655896 0.11976471689327445 0.08570852844999 0.05165234000670549 0.01759615156342098 0.0 0.0 0.0
3.773982890214336 3.773982890214336 3.773982890214336 3.773982890214336 3.773982890214336 3.773982890214336 0.0813192298300885 0.07902313593150724 0.07672704203292989 0.07443094813435255 0.0721348542357752 0.06983876033719785 0.0675426664386205 0.06524657254004317 0.06295047864146582 0.060654384742888465 0.05835829084431113 0.05606219694573378 0.06726578693981965 0.09290084416900715 0.1185359013982384 0.1441709586274259 0.16980601585661342 0.19544107308580094 0.22107613031498846 0.24671118754417598 0.2723462447733635 0.297981302002551 0.32361635923173854 0.34925141646092606 0.34789638577320725 0.3176883409488303 0.28748029612445336 0.25727225130002485 0.22706420647564787 0.1968561616512709 0.1666481168268939 0.13644007200251693 0.10623202717813995 0.07602398235376301 0.04581593752938601 0.015607892705009063 0.0 0.0 0.0
3.773982890214336 3.773982890214336 3.773982890214336 3.773982890214336 3.773982890214336 3.773982890214336 0.09386202871852804 0.09121178188393088 0.08856153504933822 0.08591128821474558 0.08326104138015294 0.08061079454556029 0.07796054771096764 0.075310300876375 0.07266005404178236 0.0700098072071897 0.06735956037259706 0.06470931353800441 0.07352912797229907 0.09461069717823825 0.11569226638421337 0.13677383559015255 0.15785540479609173 0.1789369740020309 0.20001854320797008 0.22110011241390926 0.24218168161984843 0.2632632508257876 0.2843448200317268 0.30542638923766596 0.30357854710676824 0.2772186459013021 0.2508587446958359 0.22449884349032478 0.19813894228485862 0.17177904107939243 0.14541913987392624 0.11905923866846008 0.09269933746299389 0.06633943625752772 0.03997953505206153 0.01361963384659537 0.0 0.0 0.0
3.773982890214336 3.773982890214336 3.773982890214336 3.773982890214336 3.773982890214336 3.773982890214336 0.1064048276069569 0.10340042783634414 0.10039602806573648 0.09739162829512885 0.09438722852452121 0.09138282875391356 0.08837842898330592 0.08537402921269827 0.08236962944209063 0.07936522967148299 0.07636082990087534 0.07335643013026769 0.07979246900477319 0.09632055018746791 0.1128486313701908 0.12937671255288552 0.14590479373558024 0.16243287491827496 0.17896095610096965 0.19548903728366437 0.2120171184663591 0.2285451996490538 0.2450732808317485 0.26160136201444323 0.2592607084403671 0.23674895085380843 0.21423719326724974 0.1917254356806527 0.16921367809409404 0.1467019205075354 0.1241901629209767 0.10167840533441805 0.07916664774785939 0.05665489016130071 0.03414313257474205 0.011631374988183396 0.0 0.0 0.0
3.773982890214336 3.773982890214336 3.773982890214336 3.773982890214336 3.773982890214336 3.773982890214336 0.11894762649538573 0.11558907378875737 0.11223052108213473 0.1088719683755121 0.10551341566888944 0.10215486296226681 0.09879631025564417 0.09543775754902153 0.09207920484239888 0.08872065213577625 0.08536209942915361 0.08200354672253096 0.0860558100372473 0.09803040319669755 0.11000499635616823 0.12197958951561849 0.13395418267506873 0.145928775834519 0.15790336899396923 0.1698779621534195 0.18185255531286976 0.19382714847232002 0.20580174163177026 0.21777633479122052 0.2149428697739659 0.19627925580631472 0.17761564183866357 0.15895202787098062 0.14028841390332947 0.1216247999356783 0.10296118596802716 0.08429757200037599 0.06563395803272484 0.046970344065073694 0.028306730097422544 0.009643116129771395 0.0 0.0 0.0
3.773982890214336 3.773982890214336 3.773982890214336 3.773982890214336 3.773982890214336 3.773982890214336 0.13149042538381459 0.12777771974117064 0.12406501409853299 0.12035230845589535 0.11663960281325772 0.11292689717062007 0.10921419152798244 0.1055014858853448 0.10178878024270716 0.09807607460006953 0.09436336895743189 0.09065066331479425 0.09231915106972141 0.0997402562059272 0.10716136134214566 0.11458246647835145 0.12200357161455724 0.12942467675076305 0.13684578188696883 0.14426688702317464 0.15168799215938045 0.15910909729558625 0.16653020243179203 0.17395130756799781 0.17062503110756472 0.15580956075882108 0.14099409041007743 0.12617862006130853 0.11136314971256489 0.09654767936382125 0.08173220901507762 0.06691673866633398 0.05210126831759035 0.03728579796884671 0.022470327620103064 0.007654857271359422 0.0 0.0 0.0
3.773982890214336 3.773982890214336 3.773982890214336 3.773982890214336 3.773982890214336 3.773982890214336 0.14403322427224347 0.1399663656935839 0.13589950711493123 0.1318326485362786 0.12776578995762597 0.12369893137897334 0.1196320728003207 0.11556521422166806 0.11149835564301543 0.1074314970643628 0.10336463848571015 0.09929777990705752 0.09858249210219551 0.10145010921515685 0.10431772632812307 0.10718534344108441 0.11005296055404575 0.11292057766700708 0.11578819477996842 0.11865581189292976 0.12152342900589108 0.12439104611885243 0.12725866323181376 0.1301262803447751 0.12630719244116348 0.11533986571132737 0.10437253898149124 0.09340521225163642 0.08243788552180029 0.07147055879196418 0.06050323206212806 0.04953590533229192 0.0385685786024558 0.027601251872619678 0.016633925142783557 0.005666598412947449 0.0 0.0 0.0
3.773982890214336 3.773982890214336 3.773982890214336 3.773982890214336 3.773982890214336 3.773982890214336 0.15464167544477433 0.1506110450570122 0.14658041466925698 0.14254978428150172 0.13851915389374647 0.13448852350599122 0.13045789311823597 0.12642726273048072 0.12239663234272546 0.11836600195497021 0.11433537156721496 0.11030474117945971 0.10881219233677555 0.11003291003788183 0.1112536277389902 0.11247434544009648 0.11369506314120276 0.11491578084230902 0.1161364985434153 0.11735721624452158 0.11857793394562786 0.11979865164673414 0.12101936934784041 0.12224008704894669 0.11829332973210135 0.10882242480214677 0.09935151987219219 0.08988061494222147 0.08040971001226689 0.07093880508231232 0.061467900152357736 0.05199699522240317 0.04252609029244858 0.03305518536249401 0.023584280432539434 0.01411337550258486 0.009164784367680184 0.009050648922993136 0.008936513478306091
3.773982890214336 3.773982890214336 3.773982890214336 3.773982890214336 3.773982890214336 3.773982890214336 0.16318243086324938 0.159605321478815 0.15602821209438678 0.1524511027099585 0.14887399332553025 0.145296883941102 0.14171977455667373 0.1381426651722455 0.13456555578781723 0.13098844640338897 0.12741133701896074 0.12383422763453247 0.12328168049257753 0.12596245875659756 0.12864323702062214 0.13132401528464216 0.13400479354866218 0.1366855718126822 0.13936635007670226 0.14204712834072228 0.1447279066047423 0.14740868486876232 0.15008946313278235 0.15277024139680237 0.14908612847573602 0.13859780298941324 0.12810947750309049 0.11762115201674983 0.10713282653042706 0.0966445010441043 0.08615617555778154 0.07566785007145878 0.06517952458513601 0.054691199098813245 0.04420287361249049 0.033714548126167726 0.028126145415055464 0.02777587093117337 0.02742559644729127
3.773982890214336 3.773982890214336 3.773982890214336 3.773982890214336 3.773982890214336 3.773982890214336 0.17172318628171712 0.16859959790061013 0.1654760095195085 0.16235242113840687 0.1592288327573052 0.15610524437620357 0.1529816559951019 0.14985806761400028 0.14673447923289862 0.14361089085179699 0.14048730247069532 0.1373637140895937 0.13775116864836714 0.14189200747529968 0.14603284630223928 0.1501736851291718 0.15431452395610434 0.15845536278303687 0.1625962016099694 0.16673704043690196 0.1708778792638345 0.17501871809076702 0.17915955691769955 0.18330039574463208 0.17987892721934448 0.1683731811766544 0.1568674351339643 0.1453616890912546 0.13385594304856452 0.12235019700587443 0.11084445096318433 0.09933870492049425 0.08783295887780417 0.07632721283511408 0.06482146679242398 0.0533157207497339 0.04708750646241457 0.04650109293933763 0.04591467941626068
