Figures/CREST_Example_wjb_NSE/Rolling_result/20100722/BJP_forecast/ens_15/wjb.rain.20100726.asc
ncols            288
nrows            254
xllcorner        113.274861
yllcorner        31.4918055
cellsize         0.008333333333
NODATA_value     -9999
[rows 20 to 39 of 254, columns 88 to 131 of 288]
0.0 0.0 0.0 0.0 0.0 0.0 0.0 0.0 0.0 0.0 0.0 1.615892128183164 1.615892128183164 1.615892128183164 1.615892128183164 1.615892128183164 1.615892128183164 1.615892128183164 1.615892128183164 1.615892128183164 1.615892128183164 1.615892128183164 1.615892128183164 1.615892128183164 1.615892128183164 1.615892128183164 1.615892128183164 1.615892128183164 1.615892128183164 1.615892128183164 1.615892128183164 1.615892128183164 1.615892128183164 -9999.0 -9999.0 -9999.0 -9999.0 -9999.0 -9999.0 -9999.0 -9999.0 -9999.0 -9999.0 -9999.0
0.0 0.0 0.0 0.0 0.0 0.0 0.0 0.0 0.0 0.0 0.0 1.615892128183164 1.615892128183164 1.615892128183164 1.615892128183164 1.615892128183164 1.615892128183164 1.615892128183164 1.615892128183164 1.615892128183164 1.615892128183164 1.615892128183164 1.615892128183164 1.615892128183164 1.615892128183164 1.615892128183164 1.615892128183164 1.615892128183164 1.615892128183164 1.615892128183164 1.615892128183164 1.615892128183164 1.615892128183164 -9999.0 -9999.0 -9999.0 -9999.0 -9999.0 -9999.0 -9999.0 -9999.0 -9999.0 -9999.0 -9999.0
0.0 0.0 0.0 0.0 0.0 0.0 0.0 0.0 0.0 0.0 0.0 1.615892128183164 1.615892128183164 1.615892128183164 1.615892128183164 1.615892128183164 1.615892128183164 1.615892128183164 1.615892128183164 1.615892128183164 1.615892128183164 1.615892128183164 1.615892128183164 1.615892128183164 1.615892128183164 1.615892128183164 1.615892128183164 1.615892128183164 1.615892128183164 1.615892128183164 1.615892128183164 1.615892128183164 1.615892128183164 1.615892128183164 1.615892128183164 1.615892128183164 -9999.0 1.615892128183164 -9999.0 -9999.0 -9999.0 -9999.0 -9999.0 -9999.0
0.0 0.0 0.0 0.0 0.0 0.0 0.0 0.0 0.0 0.0 0.0 1.615892128183164 1.615892128183164 1.615892128183164 1.615892128183164 1.615892128183164 1.615892128183164 1.615892128183164 1.615892128183164 1.615892128183164 1.615892128183164 1.615892128183164 1.615892128183164 1.615892128183164 1.615892128183164 1.615892128183164 1.615892128183164 1.615892128183164 1.615892128183164 1.615892128183164 1.615892128183164 1.615892128183164 1.615892128183164 1.615892128183164 1.615892128183164 1.615892128183164 1.615892128183164 1.615892128183164 1.615892128183164 -9999.0 -9999.0 -9999.0 -9999.0 -9999.0
0.0 0.0 0.0 0.0 0.0 0.0 0.0 0.0 0.0 0.0 0.0 1.615892128183164 1.615892128183164 1.615892128183164 1.615892128183164 1.615892128183164 1.615892128183164 1.615892128183164 1.615892128183164 1.615892128183164 1.615892128183164 1.615892128183164 1.615892128183164 1.615892128183164 1.615892128183164 1.615892128183164 1.615892128183164 1.615892128183164 1.615892128183164 1.615892128183164 1.615892128183164 1.615892128183164 1.615892128183164 1.615892128183164 1.615892128183164 1.615892128183164 1.615892128183164 1.615892128183164 1.615892128183164 -9999.0 -9999.0 -9999.0 -9999.0 -9999.0
0.0 0.0 0.0 0.0 0.0 0.0 0.0 0.0 0.0 0.0 0.0 0.00796689837130894 0.02445059123852977 0.0409342841057506 0.05741797697297143 0.07390166984019225 0.0903853627074412 0.10686905557466203 0.12335274844188285 0.1398364413091037 0.1563201341763245 0.17280382704354533 0.18928751991076617 0.18983741605122184 0.1733537231839987 0.15687003031677552 0.14038633744955234 0.12390264458232916 0.107418951715106 0.09093525884785472 0.07445156598063155 0.05796787311340837 0.04148418024618519 0.025000487378962044 0.008516794511738868 1.615892128183164 1.615892128183164 1.615892128183164 1.615892128183164 -9999.0 -9999.0 -9999.0 -9999.0 -9999.0
0.0 0.0 0.0 0.0 0.0 0.0 0.0 0.0 0.0 0.0 0.0 0.007700801152652226 0.023633932857833485 0.039567064563014745 0.05550019626819601 0.07143332797337727 0.0873664596785857 0.10329959138376696 0.11923272308894822 0.1351658547941295 0.15109898649931075 0.16703211820449199 0.18296524990967325 0.1834967793248733 0.16756364761968978 0.15163051591450627 0.13569738420932273 0.11976425250413922 0.10383112079895569 0.087897989093745 0.07196485738856147 0.05603172568337794 0.04009859397819443 0.02416546227301089 0.008232330567827378 1.615892128183164 1.615892128183164 1.615892128183164 1.615892128183164 -9999.0 -9999.0 -9999.0 -9999.0 -9999.0
0.0 0.0 0.0 0.0 0.0 0.0 0.0 0.0 0.0 0.0 0.0 0.007434703933995282 0.0228172744771365 0.03819984502027772 0.05358241556341894 0.06896498610656016 0.08434755664972761 0.09973012719286882 0.11511269773601004 0.13049526827915126 0.14587783882229247 0.1612604093654337 0.17664297990857492 0.17715614259851933 0.16177357205537593 0.1463910015122325 0.1310084309690891 0.1156258604259457 0.1002432898828023 0.08486071933963266 0.06947814879648925 0.05409557825334585 0.038713007710202446 0.023330437167059043 0.00794786662391564 1.615892128183164 1.615892128183164 1.615892128183164 1.615892128183164 1.615892128183164 1.615892128183164 1.615892128183164 -9999.0 -9999.0
0.0 0.0 0.0 0.0 0.0 0.0 0.0 0.0 0.0 0.0 0.0 0.0071686067153385645 0.02200061609644021 0.036832625477541854 0.051664634858643504 0.06649664423974515 0.08132865362087209 0.09616066300197373 0.11099267238307538 0.12582468176417702 0.14065669114527868 0.1554887005263803 0.17032070990748197 0.17081550587217076 0.155983496491067 0.14115148710996325 0.12631947772885949 0.11148746834775573 0.09665545896665198 0.08182344958552294 0.06699144020441919 0.05215943082331542 0.03732742144221168 0.022495412061107917 0.007663402680004178 1.615892128183164 1.615892128183164 1.615892128183164 1.615892128183164 1.615892128183164 1.615892128183164 1.615892128183164 1.615892128183164 1.615892128183164
0.0 0.0 0.0 0.0 0.0 0.0 0.0 0.0 0.0 0.0 0.0 0.006902509496681848 0.021183957715743922 0.035465405934805995 0.049746854153868064 0.06402830237293014 0.07830975059201657 0.09259119881107863 0.10687264703014071 0.12115409524920279 0.13543554346826486 0.14971699168732694 0.16399843990638902 0.16447486914582218 0.15019342092675808 0.13591197270769398 0.12163052448862988 0.10734907626956576 0.09306762805050166 0.0787861798314132 0.0645047316123491 0.050223283393284995 0.03594183517422089 0.02166038695515679 0.007378938736092688 1.615892128183164 1.615892128183164 1.615892128183164 1.615892128183164 1.615892128183164 1.615892128183164 1.615892128183164 1.615892128183164 1.615892128183164
0.0 0.0 0.0 0.0 0.0 0.0 0.0 0.0 0.0 0.0 0.0 0.006636412278025132 0.020367299335047634 0.034098186392070136 0.04782907344909264 0.06155996050611514 0.07529084756316105 0.08902173462018356 0.10275262167720607 0.11648350873422857 0.13021439579125108 0.14394528284827357 0.15767616990529607 0.1581342324194736 0.14440334536244914 0.1306724583054247 0.11694157124840024 0.10321068419137579 0.08947979713435134 0.07574891007730347 0.06201802302027902 0.04828713596325457 0.0345562489062301 0.020825361849205665 0.007094474792181199 1.615892128183164 1.615892128183164 1.615892128183164 1.615892128183164 1.615892128183164 1.615892128183164 1.615892128183164 1.615892128183164 1.615892128183164
0.0 0.0 0.0 0.0 0.0 0.0 0.0 0.0 0.0 0.0 0.0 0.006370315059368414 0.019550640954351346 0.03273096684933428 0.045911292744317204 0.05909161863930014 0.07227194453430555 0.08545227042928848 0.0986325963242714 0.11181292221925433 0.12499324811423726 0.1381735740092202 0.15135389990420312 0.15179359569312503 0.13861326979814023 0.12543294390315543 0.11225261800817062 0.09907229211318581 0.08589196621820101 0.07271164032319373 0.05953131442820893 0.04635098853322413 0.033170662638239326 0.01999033674325451 0.00681001084826971 1.615892128183164 1.615892128183164 1.615892128183164 1.615892128183164 1.615892128183164 1.615892128183164 1.615892128183164 1.615892128183164 1.615892128183164
0.0 0.0 0.0 0.0 0.0 0.0 0.0 0.0 0.0 0.0 0.0 0.006104217840711698 0.018733982573655057 0.03136374730659841 0.04399351203954177 0.05662327677248513 0.06925304150545003 0.08188280623839338 0.09451257097133674 0.1071423357042801 0.11977210043722346 0.1324018651701668 0.14503162990311017 0.14545295896677646 0.1328231942338313 0.12019342950088616 0.10756366476794099 0.09493390003499584 0.08230413530205069 0.069674370569084 0.05704460583613885 0.044414841103193686 0.031785076370248536 0.019155311637303385 0.00652554690435822 1.615892128183164 1.615892128183164 1.615892128183164 1.615892128183164 1.615892128183164 1.615892128183164 1.615892128183164 1.615892128183164 1.615892128183164
0.0 0.0 0.0 0.0 0.0 0.0 0.0 0.0 0.0 0.0 0.0 0.005838120622054754 0.017917324192958068 0.029996527763861386 0.0420757313347647 0.054154934905668015 0.06623413847659193 0.07831334204749525 0.09039254561839856 0.10247174918930188 0.11455095276020519 0.1266301563311085 0.13870935990201183 0.13911232224042247 0.12703311866951744 0.1149539150986124 0.10287471152770737 0.09079550795680233 0.0787163043858973 0.06663710081497168 0.054557897244066636 0.04247869367316161 0.03039949010225658 0.018320286531351537 0.006241082960446509 1.615892128183164 1.615892128183164 1.615892128183164 1.615892128183164 1.615892128183164 1.615892128183164 1.615892128183164 1.615892128183164 1.615892128183164
0.0 0.0 0.0 0.0 0.0 0.0 0.0 0.0 0.0 0.0 0.0 0.005572023403398037 0.01710066581226178 0.028629308221125523 0.04015795062998927 0.05168659303885301 0.06321523544773641 0.07474387785660015 0.08627252026546389 0.09780116267432765 0.10932980508319139 0.12085844749205513 0.13238708990091888 0.1327716855140739 0.12124304310520852 0.10971440069634313 0.09818575828747775 0.08665711587861236 0.07512847346974698 0.06359983106086194 0.05207118865199656 0.04054254624313118 0.02901390383426579 0.01748526142540041 0.00595661901653502 1.615892128183164 1.615892128183164 1.615892128183164 1.615892128183164 1.615892128183164 1.615892128183164 1.615892128183164 1.615892128183164 1.615892128183164
0.0 0.0 0.0 0.0 0.0 0.0 0.0 0.0 0.0 0.0 0.0 0.005305926184741319 0.01628400743156549 0.02726208867838966 0.038240169925213834 0.049218251172038 0.060196332418880893 0.07117441366570507 0.08215249491252924 0.09313057615935341 0.10410865740617757 0.11508673865300174 0.12606481989982593 0.12643104878772532 0.11545296754089959 0.10447488629407387 0.09349680504724814 0.0825187238004224 0.07154064255359667 0.06056256130675222 0.04958448005992648 0.038606398813100753 0.027628317566275026 0.0166502363194493 0.005672155072623558 1.615892128183164 1.615892128183164 1.615892128183164 1.615892128183164 1.615892128183164 1.615892128183164 1.615892128183164 1.615892128183164 1.615892128183164
0.0 0.0 0.0 0.0 0.0 0.0 0.0 0.0 0.0 0.0 0.0 0.005039828966084603 0.015467349050869201 0.025894869135653798 0.0363223892204384 0.046749909305223 0.057177429390025375 0.06760494947480998 0.07803246955959457 0.08845998964437918 0.09888750972916377 0.10931502981394838 0.11974254989873297 0.12009041206137674 0.10966289197659067 0.09923537189180459 0.0888078518070185 0.07838033172223242 0.06795281163744635 0.05752529155264248 0.0470977714678564 0.036670251383070326 0.026242731298284236 0.01581521121349816 0.005387691128712083 1.615892128183164 1.615892128183164 1.615892128183164 1.615892128183164 1.615892128183164 1.615892128183164 1.615892128183164 1.615892128183164 1.615892128183164
0.0 0.0 0.0 0.0 0.0 0.0 0.0 0.0 0.0 0.0 0.0 0.004704888802057494 0.014439410114245434 0.024173931426433374 0.03390845273862131 0.043642974050809254 0.05337749536301379 0.06311201667520173 0.07284653798738967 0.08258105929957761 0.09231558061176555 0.10205010192395349 0.11178462323614143 0.11210936695357629 0.10237484564138696 0.09264032432919764 0.08290580301700831 0.07317128170481899 0.06343676039262967 0.05370223908042375 0.043967717768234424 0.0342331964560451 0.024498675143855772 0.01476415383166646 0.005029632519477134 0.0 0.0 0.0 0.0 0.0 0.0 0.0 0.0 0.0
0.0 0.0 0.0 0.0 0.0 0.0 0.0 0.0 0.0 0.0 0.0 0.004296359870456966 0.013185625586046829 0.02207489130163669 0.030964157017226553 0.03985342273281642 0.04874268844842144 0.057631954164011304 0.06652121987960116 0.07541048559519102 0.0842997513107809 0.09318901702637075 0.10207828274196061 0.10237482872518555 0.09348556300959442 0.0845962972940033 0.07570703157841216 0.06681776586282104 0.05792850014722991 0.04903923443162363 0.040149968716032505 0.03126070300044137 0.02237143728485025 0.013482171569259127 0.004592905853667992 0.0 0.0 0.0 0.0 0.0 0.0 0.0 0.0 0.0
0.0 0.0 0.0 0.0 0.0 0.0 0.0 0.0 0.0 0.0 0.0 0.0038878309388564354 0.01193184105784822 0.019975851176840004 0.028019861295831786 0.03606387141482357 0.04410788153382907 0.05215189165282085 0.06019590177181264 0.06823991189080442 0.07628392200979621 0.08432793212878799 0.09237194224777977 0.09264029049679479 0.08459628037780187 0.07655227025880894 0.06850826013981601 0.060464250020823083 0.05242023990183015 0.04437622978282351 0.03633221966383058 0.028288209544837656 0.020244199425844725 0.012200189306851808 0.004156179187858877 0.0 0.0 0.0 0.0 0.0 0.0 0.0 0.0 0.0
