Figures/CREST_Example_wjb_NSE/Rolling_result/20100722/BJP_forecast/ens_15/wjb.rain.20100725.asc
ncols            288
nrows            254
xllcorner        113.274861
yllcorner        31.4918055
cellsize         0.008333333333
NODATA_value     -9999
[rows 126 to 146 of 254, columns 47 to 93 of 288]
0.02091638163962494 0.014968617945606125 0.009020854251587308 0.003073090557568492 0.0 0.0 0.0 0.0 0.0 0.0 0.0 0.0 0.0 0.0 0.0 0.0 0.0 0.0 0.0 0.0 0.0 0.0 0.0 0.0 0.0 0.0 0.0 0.0 0.0 0.0 0.0 0.0 0.0 0.0 0.0 0.0 0.0 0.0 0.0 0.0 0.0 0.0 0.0 0.0 0.0 0.0 0.0
0.01770670342177183 0.012671640973243012 0.007636578524714194 0.0026015160761853756 0.0 0.0 0.0 0.0 0.0 0.0 0.0 0.0 0.0 0.0 0.0 0.0 0.0 0.0 0.0 0.0 0.0 0.0 0.0 0.0 0.0 0.0 0.0 0.0 0.0 0.0 0.0 0.0 0.0 0.0 0.0 0.0 0.0 0.0 0.0 0.0 0.0 0.0 0.0 0.0 0.0 0.0 0.0
0.014497025203918712 0.010374664000879892 0.006252302797841065 0.0021299415948022454 0.0 0.0 0.0 0.0 0.0 0.0 0.0 0.0 0.0 0.0 0.0 0.0 0.0 0.0 0.0 0.0 0.0 0.0 0.0 0.0 0.0 0.0 0.0 0.0 0.0 0.0 0.0 0.0 0.0 0.0 0.0 0.0 0.0 0.0 0.0 0.0 0.0 0.0 0.0 0.0 0.0 0.0 0.0
0.011287346986065597 0.008077687028516772 0.004868027070967944 0.0016583671134191152 0.0 0.0 0.0 0.0 0.0 0.0 0.0 0.0 0.0 0.0 0.0 0.0 0.0 0.0 0.0 0.0 0.0 0.0 0.0 0.0 0.0 0.0 0.0 0.0 0.0 0.0 0.0 0.0 0.0 0.0 0.0 0.0 0.0 0.0 0.0 0.0 0.0 0.0 0.0 0.0 0.0 0.0 0.0
0.00807766876821248 0.005780710056153649 0.003483751344094819 0.0011867926320359885 0.0 0.0 0.0 0.0 0.0 0.0 0.0 0.0 0.0 0.0 0.0 0.0 0.0 0.0 0.0 0.0 0.0 0.0 0.0 0.0 0.0 0.0 0.0 0.0 0.0 0.0 0.0 0.0 0.0 0.0 0.0 0.0 0.0 0.0 0.0 0.0 0.0 0.0 0.0 0.0 0.0 0.0 0.0
0.004867990550356629 0.0034837330837885726 0.002099475617220516 0.0007152181506524594 0.0 0.0 0.0 0.0 0.0 0.0 0.0 0.0 0.0 0.0 0.0 0.0 0.0 0.0 0.0 0.0 0.0 0.0 0.0 0.0 0.0 0.0 0.0 0.0 0.0 0.0 0.0 0.0 0.0 0.0 0.0 0.0 0.0 0.0 0.0 0.0 0.0 0.0 0.0 0.0 0.0 0.0 0.0
0.0016583123325035146 0.0011867561114254545 0.0007151998903473945 0.00024364366926933351 0.0 0.0 0.0 0.0 0.0 0.0 0.0 0.0 0.0 0.0 0.0 0.0 0.0 0.0 0.0 0.0 0.0 0.0 0.0 0.0 0.0 0.0 0.0 0.0 0.0 0.0 0.0 0.0 0.0 0.0 0.0 0.0 0.0 0.0 0.0 0.0 0.0 0.0 0.0 0.0 0.0 0.0 0.0
0.08063390769022272 0.07752392493903601 0.07441394218784929 0.07130395943666258 0.07098392527758124 0.07364640922318452 0.07630889316878325 0.07897137711438199 0.08163386105998072 0.08429634500557946 0.0869588289511782 0.08962131289677693 0.09228379684237567 0.0949462807879744 0.09760876473357313 0.10027124867917186 0.09755290256753009 0.08908232749362947 0.08061175241971441 0.0721411773458138 0.06367060227191318 0.05520002719801255 0.04672945212411193 0.038258877050211304 0.029788301976310688 0.021317726902410072 0.012847151828509443 0.004376576754608827 0.0005625158603882487 0.0017263738920893267 0.002890231923790405 0.004054089955493468 0.005217947987194546 0.006381806018895624 0.007545664050596702 0.00870952208229778 0.009873380113998858 0.011037238145699936 0.012201096177401014 0.013364954209102093 0.014166163935286313 0.014579694423892457 0.0149932249124986 0.015406755401104744 0.015820285889711592 0.016233816378317736 0.016647346866923884
0.24746037949662353 0.2379160384882076 0.2283716974797917 0.2188273564713758 0.21784519181227974 0.22601618719692418 0.23418718258155466 0.24235817796618517 0.2505291733508157 0.25870016873544616 0.26687116412007666 0.2750421595047072 0.2832131548893377 0.2913841502739682 0.29955514565859864 0.30772614104322915 0.2993837081925934 0.2733880472803758 0.2473923863681138 0.22139672545589617 0.1954010645436785 0.16940540363146087 0.14340974271924323 0.11741408180702556 0.09141842089480792 0.06542275998259028 0.03942709907037262 0.013431438158155007 0.001726325714230817 0.005298132643288581 0.008869939572346346 0.0124417465014102 0.016013553430467963 0.019585360359525728 0.023157167288583493 0.02672897421764126 0.03030078114669902 0.033872588075756785 0.03744439500481455 0.041016201933872315 0.043475064074841994 0.044744163075191065 0.046013262075540136 0.04728236107588921 0.04855146007624044 0.04982055907658951 0.05108965807693859
0.4142868513030242 0.398308152037379 0.3823294527717339 0.3663507535060888 0.364706458346978 0.3783859651706636 0.39206547199432584 0.4057449788179881 0.4194244856416503 0.43310399246531256 0.4467834992889748 0.4604630061126371 0.4741425129362993 0.48782201975996153 0.5015015265836238 0.515181033407286 0.5012145138176564 0.4576937670671217 0.4141730203165128 0.3706522735659782 0.32713152681544355 0.2836107800649089 0.24009003331437428 0.19656928656383965 0.15304853981330502 0.10952779306277038 0.0660070463122357 0.022486299561701062 0.002890135568073387 0.008869891394487841 0.014849647220902295 0.020829403047326948 0.026809158873741402 0.03278891470015586 0.03876867052657031 0.04474842635298477 0.05072818217939922 0.056707938005813675 0.06268769383222812 0.06866744965864258 0.07278396421439773 0.07490863172648972 0.07703329923858172 0.07915796675067371 0.08128263426276933 0.08340730177486133 0.08553196928695332
0.5811133231094249 0.5587002655865505 0.5362872080636761 0.5138741505408018 0.5115677248816762 0.530755743144403 0.5499437614070971 0.5691317796697911 0.5883197979324851 0.6075078161951791 0.6266958344578732 0.6458838527205673 0.6650718709832613 0.6842598892459553 0.7034479075086493 0.7226359257713434 0.7030453194427196 0.641999486853868 0.5809536542649123 0.5199078216760606 0.45886198908720893 0.3978161564983572 0.33677032390950556 0.2757244913206539 0.21467865873180225 0.1536328261429506 0.09258699355409894 0.031541160965247284 0.004053945421915956 0.012441650145687098 0.02082935486945824 0.029217059593243687 0.03760476431701483 0.04599246904078597 0.054380173764557116 0.06276787848832825 0.0711555832120994 0.07954328793587054 0.08793099265964169 0.09631869738341282 0.10209286435395344 0.10507310037778836 0.10805333640162328 0.1110335724254582 0.1140138084492982 0.11699404447313312 0.11997428049696804
0.7479397949159681 0.719092379135859 0.6902449633557499 0.6613975475756408 0.6584289914165 0.6831255211182726 0.7078220508200032 0.7325185805217336 0.7572151102234641 0.7819116399251945 0.806608169626925 0.8313046993286555 0.856001229030386 0.8806977587321165 0.905394288433847 0.9300908181355774 0.904876125067955 0.8263052066407713 0.7477342882134538 0.6691633697862701 0.5905924513590866 0.5120215329319029 0.4334506145047192 0.35487969607753567 0.276308777650352 0.19773785922316844 0.11916694079598478 0.04059602236880111 0.005217755275759518 0.0160134088968894 0.026809062518019285 0.03760471613916758 0.04840036976029746 0.05919602338142734 0.06999167700255722 0.0807873306236871 0.09158298424481699 0.10237863786594688 0.11317429148707676 0.12396994510820664 0.1314017644935341 0.1352375690291127 0.13907337356469127 0.14290917810026985 0.14674498263585498 0.15058078717143356 0.15441659170701214
0.9147662667223686 0.8794844926850305 0.8442027186476921 0.8089209446103538 0.8052902579511984 0.835495299092012 0.8657003402327743 0.8959053813735366 0.9261104225142989 0.956315463655061 0.9865205047958233 1.0167255459365856 1.0469305870773478 1.0771356282181102 1.1073406693588723 1.1375457104996345 1.1067069306930182 1.0106109264275176 0.9145149221618529 0.8184189178963523 0.7223229136308518 0.6262269093653511 0.5301309050998504 0.4340349008343498 0.3379388965688491 0.24184289230334854 0.14574688803784785 0.049650883772347276 0.006381565129602087 0.01958516764808866 0.03278877016657523 0.04599237268508432 0.05919597520357089 0.07239957772205746 0.08560318024054403 0.09880678275903061 0.11201038527751718 0.12521398779600376 0.13841759031449033 0.1516211928329769 0.16071066463308983 0.16540203768041134 0.17009341072773282 0.17478478377505433 0.17947615682238383 0.18416752986970533 0.18885890291702684
1.0815927385287694 1.0398766062342018 0.9981604739396344 0.9564443416450669 0.9521515244858966 0.9878650770657516 1.0235786296455456 1.0592921822253396 1.0950057348051336 1.1307192873849277 1.1664328399647217 1.2021463925445157 1.2378599451243097 1.2735734977041038 1.3092870502838978 1.3450006028636918 1.3085377363180815 1.1949166462142637 1.0812955561102524 0.9676744660064347 0.8540533759026171 0.7404322857987994 0.6268111956949817 0.5131901055911641 0.39956901548734636 0.28594792538352864 0.17232683527971115 0.05870574517589344 0.007545374983444656 0.023156926399287913 0.038768477815131173 0.054380029231001055 0.06999158064684431 0.08560313206268758 0.10121468347853083 0.11682623489437409 0.13243778631021735 0.1480493377260606 0.16366088914190385 0.17927244055774713 0.19001956477264553 0.19556650633170997 0.2011134478907744 0.20666038944983883 0.2122073310089127 0.21775427256797714 0.22330121412704157
1.2484192103351701 1.2002687197833735 1.1521182292315768 1.10396773867978 1.0990127910205951 1.1402348550394912 1.1814569190583168 1.2226789830771427 1.2639010470959684 1.3051231111147943 1.34634517513362 1.3875672391524458 1.4287893031712715 1.4700113671900974 1.511233431208923 1.552455495227749 1.5103685419431445 1.37922236600101 1.2480761900586517 1.1169300141165168 0.9857838381743822 0.8546376622322476 0.7234914862901128 0.5923453103479782 0.4611991344058435 0.33005295846370886 0.19890678252157423 0.06776060657943961 0.008709184837287226 0.026728685150487177 0.044748185463687126 0.0627676857769178 0.08078718609011776 0.0988066864033177 0.11682618671651765 0.1348456870297176 0.15286518734291754 0.1708846876561175 0.18890418796931746 0.2069236882825174 0.21932846491220123 0.2257309749830086 0.23213348505381595 0.2385359951246233 0.24493850519544158 0.2513410152662489 0.2577435253370563
1.4152456821415709 1.360660833332545 1.306075984523519 1.251491135714493 1.2458740575552933 1.2926046330132306 1.3393352084710881 1.3860657839289456 1.4327963593868032 1.4795269348446607 1.5262575103025182 1.5729880857603757 1.6197186612182333 1.6664492366760908 1.7131798121339485 1.7599103875918058 1.7121993475682078 1.563528085787756 1.414856824007051 1.2661855622265992 1.1175143004461474 0.9688430386656959 0.8201717768852441 0.6715005151047926 0.5228292533243408 0.37415799154388907 0.22548672976343753 0.07681546798298577 0.009872994691129794 0.03030044390168643 0.050727893112243065 0.07115534232283453 0.09158279153339116 0.1120102407439478 0.13243768995450445 0.15286513916506106 0.1732925883756177 0.19372003758617434 0.21414748679673098 0.2345749360072876 0.24863736505175696 0.2558954436343072 0.2631535222168575 0.2704116007994078 0.27766967938197046 0.28492775796452074 0.292185836547071
1.5820721539479714 1.5210529468817162 1.460033739815461 1.399014532749206 1.3927353240899916 1.44497441098697 1.4972134978838594 1.5494525847807488 1.601691671677638 1.6539307585745273 1.7061698454714167 1.7584089323683059 1.8106480192651953 1.8628871061620846 1.915126193058974 1.9673652799558634 1.914030153193271 1.7478338055745024 1.5816374579554502 1.4154411103366815 1.2492447627179128 1.0830484150991442 0.9168520674803753 0.7506557198616066 0.584459372242838 0.4182630246240693 0.2520666770053004 0.08587032938653172 0.011036804544972363 0.03387220265288569 0.05670760076079901 0.07954299886875127 0.10237839697666459 0.12521379508457792 0.14804919319249124 0.17088459130040456 0.1937199894083179 0.2165553875162312 0.23939078562414454 0.26222618373205786 0.27794626519131266 0.28605991228560584 0.2941735593798991 0.30228720647419227 0.31040085356849934 0.3185145006627925 0.3266281477570857
1.7488986257543722 1.681445060430888 1.6139914951074035 1.546537929783919 1.53959659062469 1.5973441889607096 1.6550917872966306 1.7128393856325517 1.770586983968473 1.828334582304394 1.8860821806403152 1.9438297789762362 2.0015773773121572 2.0593249756480785 2.1170725739839993 2.1748201723199205 2.1158609588183346 1.9321395253612486 1.7484180919038497 1.5646966584467639 1.3809752249896783 1.1972537915325925 1.0135323580755067 0.8298109246184211 0.6460894911613353 0.4623680577042495 0.2786466242471639 0.09492519079007788 0.012200614398814931 0.03744396140408494 0.06268730840935495 0.087930655414668 0.11317400241993801 0.13841734942520803 0.16366069643047804 0.18890404343574804 0.21414739044101805 0.23939073744628805 0.26463408445155806 0.2898774314568281 0.30725516533086833 0.31622438093690447 0.3251935965429406 0.33416281214897675 0.34313202775502816 0.3521012433610643 0.36107045896710044
1.9157250975609155 1.8418371739801964 1.7679492503994774 1.6940613268187583 1.6864578571595137 1.7497139669345791 1.8129700767095367 1.8762261864844942 1.9394822962594516 2.002738406034409 2.0659945158093667 2.129250625584324 2.1925067353592818 2.2557628451342393 2.319018954909197 2.3822750646841544 2.3176917644435693 2.1164452451481517 1.9151987258523908 1.7139522065569732 1.5127056872615556 1.3114591679661378 1.1102126486707202 0.9089661293753024 0.7077196100798848 0.506473090784467 0.3052265714890492 0.1039800521936316 0.013364424252658496 0.04101572015528725 0.068667016057916 0.09631831196059192 0.12396960786322067 0.1516209037658494 0.17927219966847818 0.20692349557110692 0.2345747914737357 0.26222608737636444 0.2898773832789932 0.317528679181622 0.3365640654704491 0.34638884958822885 0.3562136337060086 0.36603841782378843 0.37586320194158496 0.3856879860593647 0.3955127701771445
2.012208361666876 1.935060562684186 1.8579127637014956 1.7807649647188053 1.7722860344658469 1.8372156769708836 1.9021453194758096 1.9670749619807355 2.0320046044856617 2.0969342469905876 2.1618638894955136 2.2267935320004395 2.2917231745053654 2.3566528170102914 2.4215824595152178 2.4865121020201437 2.4185603358256564 2.2085553400113307 1.9985503441966461 1.7885453483823202 1.5785403525679942 1.368535356753668 1.1585303609393418 0.9485253651250158 0.7385203693106897 0.5285153734963635 0.3185103776820375 0.1085053818677113 0.01493769451633648 0.04584412216076945 0.07675054980520242 0.1076569774496881 0.13856340509412104 0.16946983273855404 0.200376260382987 0.23128268802741997 0.26218911567185293 0.2930955433162859 0.32400197096071887 0.35490839860515183 0.37508433314356454 0.3837891279499171 0.39249392275626965 0.40119871756262226 0.40990351236898964 0.4186083071753422 0.4273131019816948
2.0334991710699635 1.9564848187429984 1.8794704664160333 1.8024561140890683 1.792873686820236 1.8553775115664772 1.917881336312612 1.9803851610587466 2.0428889858048813 2.105392810551016 2.1678966352971507 2.2304004600432856 2.29290428478942 2.3554081095355546 2.4179119342816895 2.4804157590278244 2.411506643307793 2.202114123703279 1.9927216040984086 1.7833290844938952 1.5739365648893817 1.364544045284868 1.1551515256803546 0.9457590060758412 0.7363664864713277 0.5269739668668141 0.31758144726230064 0.1081889276577872 0.01694865214636664 0.05201579658819937 0.0870829410300321 0.12215008547192463 0.15721722991375736 0.1922843743555901 0.22735151879742282 0.26241866323925556 0.2974858076810883 0.332552952122921 0.36762009656475375 0.4026872410065865 0.4234509720394467 0.42892403075756563 0.43439708947568456 0.4398701481938035 0.44534320691193174 0.45081626563005067 0.4562893243481696
