Figures/CREST_Example_wjb_NSE/Rolling_result/20100722/BJP_forecast/ens_15/wjb.rain.20100728.asc
ncols            288
nrows            254
xllcorner        113.274861
yllcorner        31.4918055
cellsize         0.008333333333
NODATA_value     -9999
[rows 120 to 139 of 254, columns 0 to 43 of 288]
-9999.0 -9999.0 -9999.0 -9999.0 -9999.0 -9999.0 -9999.0 -9999.0 -9999.0 -9999.0 -9999.0 -9999.0 -9999.0 17.521105033341108 17.521105033341108 17.521105033341108 17.521105033341108 17.521105033341108 -9999.0 -9999.0 -9999.0 -9999.0 -9999.0 -9999.0 -9999.0 -9999.0 -9999.0 -9999.0 -9999.0 17.521105033341108 17.521105033341108 17.521105033341108 17.521105033341108 17.521105033341108 17.521105033341108 17.521105033341108 17.521105033341108 17.521105033341108 17.521105033341108 8.373148882703365 8.198460713496265 8.023772544289166 7.849084375082065 7.674396205874966
-9999.0 -9999.0 -9999.0 -9999.0 -9999.0 -9999.0 -9999.0 -9999.0 -9999.0 -9999.0 -9999.0 -9999.0 17.521105033341108 17.521105033341108 17.521105033341108 17.521105033341108 17.521105033341108 17.521105033341108 17.521105033341108 -9999.0 -9999.0 -9999.0 -9999.0 -9999.0 -9999.0 -9999.0 -9999.0 -9999.0 -9999.0 -9999.0 17.521105033341108 17.521105033341108 17.521105033341108 17.521105033341108 17.521105033341108 17.521105033341108 17.521105033341108 17.521105033341108 17.521105033341108 8.428865847477187 8.28373847397208 8.138611100466973 7.993483726961865 7.848356353456757
-9999.0 -9999.0 -9999.0 -9999.0 -9999.0 -9999.0 -9999.0 -9999.0 -9999.0 -9999.0 -9999.0 -9999.0 17.521105033341108 17.521105033341108 17.521105033341108 17.521105033341108 17.521105033341108 17.521105033341108 17.521105033341108 17.521105033341108 17.521105033341108 -9999.0 -9999.0 -9999.0 -9999.0 -9999.0 -9999.0 -9999.0 -9999.0 17.521105033341108 17.521105033341108 17.521105033341108 17.521105033341108 17.521105033341108 17.521105033341108 17.521105033341108 17.521105033341108 17.521105033341108 17.521105033341108 8.237335755960718 8.158057755351566 8.078779754742415 7.999501754133263 7.920223753524112
-9999.0 -9999.0 -9999.0 -9999.0 -9999.0 -9999.0 -9999.0 -9999.0 -9999.0 -9999.0 -9999.0 -9999.0 17.521105033341108 17.521105033341108 17.521105033341108 17.521105033341108 17.521105033341108 17.521105033341108 17.521105033341108 17.521105033341108 17.521105033341108 -9999.0 -9999.0 17.521105033341108 -9999.0 -9999.0 -9999.0 -9999.0 -9999.0 17.521105033341108 17.521105033341108 17.521105033341108 17.521105033341108 17.521105033341108 17.521105033341108 17.521105033341108 17.521105033341108 17.521105033341108 17.521105033341108 8.045805664444247 8.032377036731052 8.018948409017856 8.005519781304661 7.992091153591466
-9999.0 -9999.0 -9999.0 -9999.0 -9999.0 -9999.0 -9999.0 -9999.0 -9999.0 -9999.0 -9999.0 -9999.0 17.521105033341108 17.521105033341108 17.521105033341108 17.521105033341108 17.521105033341108 17.521105033341108 17.521105033341108 17.521105033341108 17.521105033341108 17.521105033341108 17.521105033341108 17.521105033341108 17.521105033341108 17.521105033341108 -9999.0 -9999.0 17.521105033341108 17.521105033341108 17.521105033341108 17.521105033341108 17.521105033341108 17.521105033341108 17.521105033341108 17.521105033341108 17.521105033341108 17.521105033341108 17.521105033341108 7.854275572927615 7.906696318110432 7.959117063293249 8.011537808476065 8.063958553658884
-9999.0 -9999.0 -9999.0 -9999.0 -9999.0 -9999.0 -9999.0 -9999.0 -9999.0 -9999.0 -9999.0 17.521105033341108 17.521105033341108 17.521105033341108 17.521105033341108 17.521105033341108 17.521105033341108 17.521105033341108 17.521105033341108 17.521105033341108 17.521105033341108 17.521105033341108 17.521105033341108 17.521105033341108 17.521105033341108 17.521105033341108 17.521105033341108 17.521105033341108 17.521105033341108 17.521105033341108 17.521105033341108 17.521105033341108 17.521105033341108 17.521105033341108 17.521105033341108 17.521105033341108 17.521105033341108 17.521105033341108 17.521105033341108 7.662745481411146 7.781015599489918 7.8992857175686915 8.017555835647464 8.135825953726238
-9999.0 -9999.0 -9999.0 -9999.0 -9999.0 -9999.0 -9999.0 -9999.0 -9999.0 -9999.0 -9999.0 17.521105033341108 17.521105033341108 17.521105033341108 17.521105033341108 17.521105033341108 17.521105033341108 17.521105033341108 17.521105033341108 17.521105033341108 17.521105033341108 17.521105033341108 17.521105033341108 17.521105033341108 17.521105033341108 17.521105033341108 17.521105033341108 17.521105033341108 17.521105033341108 17.521105033341108 17.521105033341108 17.521105033341108 17.521105033341108 17.521105033341108 17.521105033341108 17.521105033341108 17.521105033341108 17.521105033341108 17.521105033341108 7.471215389894676 7.655334880869405 7.839454371844134 8.023573862818864 8.207693353793593
-9999.0 -9999.0 -9999.0 -9999.0 -9999.0 -9999.0 -9999.0 -9999.0 -9999.0 -9999.0 -9999.0 17.521105033341108 17.521105033341108 17.521105033341108 17.521105033341108 17.521105033341108 17.521105033341108 17.521105033341108 17.521105033341108 17.521105033341108 17.521105033341108 17.521105033341108 17.521105033341108 17.521105033341108 17.521105033341108 17.521105033341108 17.521105033341108 17.521105033341108 17.521105033341108 17.521105033341108 17.521105033341108 17.521105033341108 17.521105033341108 17.521105033341108 17.521105033341108 17.521105033341108 17.521105033341108 17.521105033341108 17.521105033341108 7.279685298378206 7.5296541622488915 7.779623026119577 8.029591889990263 8.279560753860949
-9999.0 -9999.0 -9999.0 -9999.0 -9999.0 -9999.0 -9999.0 -9999.0 -9999.0 -9999.0 -9999.0 17.521105033341108 17.521105033341108 17.521105033341108 17.521105033341108 17.521105033341108 17.521105033341108 17.521105033341108 17.521105033341108 17.521105033341108 17.521105033341108 17.521105033341108 17.521105033341108 17.521105033341108 17.521105033341108 17.521105033341108 17.521105033341108 17.521105033341108 17.521105033341108 17.521105033341108 17.521105033341108 17.521105033341108 17.521105033341108 17.521105033341108 17.521105033341108 17.521105033341108 17.521105033341108 17.521105033341108 17.521105033341108 7.088155206861737 7.403973443628378 7.719791680395019 8.035609917161661 8.351428153928303
-9999.0 -9999.0 -9999.0 -9999.0 -9999.0 -9999.0 -9999.0 -9999.0 -9999.0 -9999.0 17.521105033341108 17.521105033341108 17.521105033341108 17.521105033341108 17.521105033341108 17.521105033341108 17.521105033341108 17.521105033341108 17.521105033341108 17.521105033341108 17.521105033341108 17.521105033341108 17.521105033341108 17.521105033341108 17.521105033341108 17.521105033341108 17.521105033341108 17.521105033341108 17.521105033341108 17.521105033341108 17.521105033341108 17.521105033341108 17.521105033341108 17.521105033341108 17.521105033341108 17.521105033341108 17.521105033341108 17.521105033341108 17.521105033341108 6.896625115345268 7.278292725007865 7.659960334670463 8.04162794433306 8.423295553995658
-9999.0 -9999.0 -9999.0 -9999.0 -9999.0 -9999.0 -9999.0 -9999.0 -9999.0 17.521105033341108 17.521105033341108 17.521105033341108 17.521105033341108 17.521105033341108 17.521105033341108 17.521105033341108 17.521105033341108 17.521105033341108 17.521105033341108 17.521105033341108 17.521105033341108 17.521105033341108 17.521105033341108 17.521105033341108 17.521105033341108 17.521105033341108 17.521105033341108 17.521105033341108 17.521105033341108 17.521105033341108 17.521105033341108 17.521105033341108 17.521105033341108 17.521105033341108 17.521105033341108 17.521105033341108 17.521105033341108 17.521105033341108 17.521105033341108 6.705095023828797 7.152612006387351 7.6001289889459045 8.047645971504458 8.495162954063012
-9999.0 -9999.0 -9999.0 -9999.0 -9999.0 -9999.0 -9999.0 17.521105033341108 17.521105033341108 17.521105033341108 17.521105033341108 17.521105033341108 17.521105033341108 17.521105033341108 17.521105033341108 17.521105033341108 17.521105033341108 17.521105033341108 17.521105033341108 17.521105033341108 17.521105033341108 17.521105033341108 17.521105033341108 17.521105033341108 17.521105033341108 17.521105033341108 17.521105033341108 17.521105033341108 17.521105033341108 17.521105033341108 17.521105033341108 17.521105033341108 17.521105033341108 17.521105033341108 17.521105033341108 17.521105033341108 17.521105033341108 17.521105033341108 17.521105033341108 6.513564932312165 7.026931287766731 7.540297643221297 8.053663998675862 8.567030354130429
-9999.0 -9999.0 -9999.0 -9999.0 -9999.0 -9999.0 17.521105033341108 17.521105033341108 17.521105033341108 17.521105033341108 17.521105033341108 17.521105033341108 17.521105033341108 17.521105033341108 17.521105033341108 17.521105033341108 17.521105033341108 17.521105033341108 17.521105033341108 17.521105033341108 17.521105033341108 17.521105033341108 17.521105033341108 17.521105033341108 17.521105033341108 17.521105033341108 17.521105033341108 17.521105033341108 17.521105033341108 17.521105033341108 17.521105033341108 17.521105033341108 17.521105033341108 17.521105033341108 17.521105033341108 17.521105033341108 17.521105033341108 17.521105033341108 17.521105033341108 6.322034840795695 6.9012505691462165 7.480466297496738 8.05968202584726 8.638897754197783
-9999.0 -9999.0 -9999.0 17.521105033341108 17.521105033341108 -9999.0 17.521105033341108 17.521105033341108 17.521105033341108 17.521105033341108 17.521105033341108 17.521105033341108 17.521105033341108 17.521105033341108 17.521105033341108 5.210508297623124 5.399843157311738 5.589178017000352 5.778512876688965 5.967847736377578 6.157182596066192 6.346517455754805 6.535852315443419 6.7251871751320325 6.914522034820646 7.10385689450926 7.293191754198196 7.34399962033949 7.2467189998973325 7.149438379455175 7.052157759013017 6.954877138570859 6.857596518128702 6.760315897686544 6.663035277244386 6.565754656802229 6.468474036360071 6.371193415917913 6.273912795475756 6.525908342969406 7.151288007768057 7.77666767256671 8.402047337365362 9.027427002164014
-9999.0 -9999.0 -9999.0 17.521105033341108 17.521105033341108 17.521105033341108 17.521105033341108 17.521105033341108 17.521105033341108 17.521105033341108 17.521105033341108 17.521105033341108 17.521105033341108 17.521105033341108 17.521105033341108 5.525901650695942 5.704905243723165 5.88390883675039 6.062912429777614 6.241916022804838 6.420919615832062 6.599923208859286 6.77892680188651 6.957930394913735 7.136933987940958 7.315937580968183 7.494941173995712 7.55724599724749 7.49479719840977 7.43234839957205 7.36989960073433 7.30745080189661 7.2450020030588895 7.18255320422117 7.12010440538345 7.05765560654573 6.99520680770801 6.93275800887029 6.87030921003257 7.152443360343879 7.802944471008377 8.453445581672876 9.103946692337374 9.754447803001872
-9999.0 -9999.0 -9999.0 17.521105033341108 17.521105033341108 17.521105033341108 17.521105033341108 17.521105033341108 17.521105033341108 17.521105033341108 17.521105033341108 17.521105033341108 17.521105033341108 17.521105033341108 17.521105033341108 5.841295003768757 6.009967330134593 6.178639656500428 6.3473119828662625 6.515984309232097 6.684656635597932 6.853328961963767 7.0220012883296015 7.190673614695436 7.359345941061271 7.528018267427106 7.696690593793228 7.77049237415549 7.742875396922207 7.715258419688925 7.687641442455642 7.66002446522236 7.632407487989077 7.604790510755795 7.5771735335225125 7.549556556289231 7.521939579055948 7.494322601822666 7.466705624589383 7.778978377718352 8.454600934248697 9.130223490779041 9.805846047309386 10.481468603839732
-9999.0 -9999.0 -9999.0 17.521105033341108 17.521105033341108 17.521105033341108 17.521105033341108 17.521105033341108 17.521105033341108 17.521105033341108 17.521105033341108 17.521105033341108 17.521105033341108 17.521105033341108 17.521105033341108 6.156688356841575 6.31502941654602 6.473370476250466 6.631711535954912 6.790052595659357 6.948393655363802 7.106734715068248 7.2650757747726935 7.4234168344771385 7.5817578941815835 7.740098953886029 7.898440013590744 7.983738751063489 7.990953595434644 7.9981684398057995 8.005383284176954 8.01259812854811 8.019812972919265 8.02702781729042 8.034242661661574 8.04145750603273 8.048672350403885 8.05588719477504 8.063102039146194 8.405513395092823 9.106257397489014 9.807001399885205 10.507745402281397 11.20848940467759
-9999.0 -9999.0 -9999.0 17.521105033341108 17.521105033341108 17.521105033341108 17.521105033341108 17.521105033341108 17.521105033341108 17.521105033341108 17.521105033341108 17.521105033341108 17.521105033341108 17.521105033341108 17.521105033341108 6.4720817099146615 6.620091502957708 6.768101296000755 6.9161110890438025 7.06412088208685 7.212130675129897 7.360140468172943 7.508150261215991 7.656160054259038 7.804169847302085 7.952179640345133 8.100189433388431 8.19698512797167 8.239031793947293 8.281078459922915 8.323125125898537 8.365171791874161 8.407218457849783 8.449265123825406 8.491311789801028 8.533358455776652 8.575405121752274 8.617451787727896 8.659498453703518 9.032048412467832 9.757913860729891 10.48377930899195 11.20964475725401 11.935510205516069
-9999.0 -9999.0 -9999.0 17.521105033341108 17.521105033341108 17.521105033341108 17.521105033341108 17.521105033341108 17.521105033341108 17.521105033341108 17.521105033341108 17.521105033341108 17.521105033341108 17.521105033341108 17.521105033341108 6.787475062987477 6.925153589369136 7.062832115750793 7.200510642132452 7.338189168514109 7.475867694895768 7.613546221277425 7.751224747659084 7.888903274040741 8.026581800422399 8.164260326804056 8.30193885318595 8.410231504879672 8.48710999245973 8.563988480039791 8.640866967619852 8.717745455199912 8.794623942779971 8.871502430360032 8.948380917940092 9.025259405520153 9.102137893100213 9.179016380680272 9.255894868260333 9.658583429842306 10.409570323970211 11.160557218098116 11.911544112226021 12.662531006353927
-9999.0 17.521105033341108 17.521105033341108 17.521105033341108 17.521105033341108 17.521105033341108 17.521105033341108 17.521105033341108 17.521105033341108 17.521105033341108 17.521105033341108 17.521105033341108 17.521105033341108 17.521105033341108 17.521105033341108 7.102868416060295 7.230215675780563 7.357562935500831 7.4849101952211 7.612257454941369 7.7396047146616365 7.866951974381905 7.994299234102174 8.121646493822443 8.24899375354271 8.376341013262978 8.503688272983464 8.62347788178767 8.735188190972167 8.846898500156666 8.958608809341163 9.07031911852566 9.182029427710159 9.293739736894656 9.405450046079155 9.517160355263652 9.62887066444815 9.740580973632648 9.852291282817147 10.285118447216778 11.061226787210531 11.837335127204282 12.613443467198035 13.389551807191786
