Figures/CREST_Example_wjb_NSE/Rolling_result/20100722/BJP_forecast/ens_15/wjb.rain.20100724.asc
ncols            288
nrows            254
xllcorner        113.274861
yllcorner        31.4918055
cellsize         0.008333333333
NODATA_value     -9999
[rows 100 to 119 of 254, columns 44 to 87 of 288]
11.008097822816916 11.008097822816916 11.008097822816916 11.008097822816916 11.008097822816916 11.008097822816916 11.008097822816916 2.47202860519049 2.4642328092712367 2.4564370133519966 2.448641217432756 2.440845421513516 2.433049625594276 2.425253829675036 2.4174580337557954 2.4096622378365553 2.4018664419173152 2.394070645998075 2.3862748500788347 2.4167948693730787 2.488275361241064 2.559755853109171 2.6312363449771556 2.702716836845141 2.774197328713126 2.845677820581111 2.917158312449096 2.9886388043170813 3.060119296185066 3.1315997880530513 3.2030802799210365 3.2337143408490654 3.2206826437043192 3.2076509465595726 3.194619249414804 3.1815875522700576 3.168555855125311 3.1555241579805644 3.1424924608358182 3.1294607636910716 3.116429066546325 3.103397369401579 3.0903656722568322 3.0736247177943516
11.008097822816916 11.008097822816916 11.008097822816916 11.008097822816916 11.008097822816916 11.008097822816916 11.008097822816916 2.4211356474896335 2.415099400450443 2.409063153411263 2.403026906372083 2.396990659332903 2.390954412293723 2.384918165254543 2.378881918215363 2.372845671176183 2.366809424137003 2.3607731770978226 2.354736930058643 2.384665023742061 2.4530398106145164 2.5214145974870883 2.5897893843595434 2.6581641712319986 2.7265389581044537 2.794913744976909 2.8632885318493644 2.9316633187218195 3.0000381055942746 3.06841289246673 3.1367876793391853 3.169688269821148 3.1646661424115416 3.159644015001936 3.154621887592321 3.149599760182715 3.144577632773109 3.1395555053635027 3.134533377953897 3.129511250544291 3.1244891231346847 3.119466995725079 3.1144448683154726 3.100125986699756
11.008097822816916 11.008097822816916 11.008097822816916 11.008097822816916 11.008097822816916 11.008097822816916 11.008097822816916 2.370242689788777 2.36596599162965 2.3616892934705302 2.3574125953114105 2.35313589715229 2.3488591989931704 2.3445825008340506 2.340305802674931 2.336029104515811 2.3317524063566912 2.327475708197571 2.323199010038451 2.3525351781110437 2.417804259987969 2.4830733418650057 2.548342423741931 2.6136115056188567 2.678880587495782 2.744149669372707 2.8094187512496327 2.874687833126558 2.9399569150034837 3.005225996880409 3.070495078757334 3.1056621987932305 3.1086496411187645 3.111637083444299 3.1146245257698384 3.117611968095373 3.1205994104209074 3.1235868527464414 3.126574295071976 3.12956173739751 3.1325491797230445 3.135536622048579 3.138524064374113 3.12662725560516
11.008097822816916 11.008097822816916 11.008097822816916 11.008097822816916 11.008097822816916 11.008097822816916 11.008097822816916 2.319349732087921 2.316832582808857 2.314315433529797 2.3117982842507376 2.3092811349716778 2.306763985692618 2.3042468364135584 2.3017296871344985 2.299212537855439 2.2966953885763792 2.2941782392973193 2.29166109001826 2.3204053324800262 2.382568709361422 2.4447320862429236 2.506895463124319 2.5690588400057144 2.63122221688711 2.6933855937685056 2.755548970649901 2.8177123475312964 2.8798757244126922 2.9420391012940876 3.0042024781754835 3.0416361277653126 3.0526331398259874 3.063630151886662 3.0746271639473557 3.0856241760080305 3.0966211880687053 3.1076182001293797 3.1186152121900546 3.1296122242507294 3.140609236311404 3.151606248372079 3.162603260432754 3.153128524510564
11.008097822816916 11.008097822816916 11.008097822816916 11.008097822816916 11.008097822816916 11.008097822816916 11.008097822816916 2.2684567743870643 2.2676991739880634 2.266941573589064 2.2661839731900644 2.265426372791065 2.2646687723920653 2.263911171993066 2.263153571594066 2.2623959711950663 2.2616383707960668 2.2608807703970673 2.2601231699980677 2.2882754868490087 2.3473331587348745 2.406390830620841 2.4654485025067068 2.5245061743925725 2.5835638462784383 2.642621518164304 2.7016791900501698 2.760736861936035 2.8197945338219013 2.8788522057077666 2.9379098775936328 2.977610056737395 2.9966166385332103 3.0156232203290254 3.034629802124873 3.053636383920688 3.0726429657165033 3.0916495475123185 3.1106561293081336 3.129662711103949 3.148669292899764 3.167675874695579 3.1866824564913943 3.1796297934159683
11.008097822816916 11.008097822816916 11.008097822816916 11.008097822816916 11.008097822816916 11.008097822816916 11.008097822816916 2.217563816686164 2.218565765167228 2.2195677136482903 2.2205696621293525 2.2215716106104146 2.222573559091477 2.2235755075725385 2.2245774560536007 2.225579404534663 2.226581353015725 2.227583301496787 2.2285852499778493 2.2561456412179637 2.312097608108297 2.3680495749987256 2.424001541889059 2.479953508779392 2.5359054756697255 2.591857442560059 2.647809409450392 2.7037613763407253 2.7597133432310583 2.8156653101213918 2.871617277011725 2.913583985709423 2.940600137240385 2.9676162887713478 2.994632440302356 3.0216485918333187 3.048664743364281 3.0756808948952434 3.1026970464262056 3.129713197957168 3.1567293494881303 3.183745501019093 3.2107616525500555 3.2061310623213948
11.008097822816916 11.008097822816916 11.008097822816916 11.008097822816916 11.008097822816916 11.008097822816916 11.008097822816916 2.166670858985308 2.169432356346435 2.172193853707557 2.1749553510686797 2.1777168484298017 2.1804783457909243 2.1832398431520463 2.186001340513169 2.188762837874291 2.1915243352354135 2.1942858325965355 2.197047329957658 2.2240157955869466 2.27686205748175 2.3297083193766435 2.382554581271447 2.43540084316625 2.4882471050610535 2.5410933669558573 2.5939396288506607 2.646785890745464 2.6996321526402673 2.7524784145350707 2.8053246764298745 2.8495579146815055 2.8845836359476085 2.919609357213711 2.9546350784798734 2.9896607997459763 3.0246865210120792 3.0597122422781817 3.0947379635442847 3.1297636848103876 3.1647894060764905 3.199815127342593 3.234840848608696 3.232632331226799
11.008097822816916 11.008097822816916 11.008097822816916 11.008097822816916 11.008097822816916 11.008097822816916 11.008097822816916 2.1157779012844515 2.120298947525642 2.1248199937668244 2.129341040008007 2.1338620862491893 2.1383831324903717 2.142904178731554 2.1474252249727366 2.151946271213919 2.1564673174551015 2.160988363696284 2.1655094099374663 2.191885949955929 2.241626506855203 2.2913670637545613 2.3411076206538346 2.3908481775531083 2.440588734452382 2.4903292913516553 2.540069848250929 2.5898104051502027 2.639550962049476 2.6892915189487496 2.739032075848023 2.7855318436535876 2.828567134654831 2.871602425656074 2.9146377166573907 2.957673007658634 3.000708298659877 3.0437435896611205 3.0867788806623637 3.129814171663607 3.1728494626648502 3.2158847536660935 3.2589200446673368 3.2591336001322038
11.008097822816916 11.008097822816916 11.008097822816916 11.008097822816916 11.008097822816916 11.008097822816916 11.008097822816916 2.064884943583595 2.0711655387048484 2.077446133826091 2.0837267289473336 2.0900073240685764 2.0962879191898187 2.1025685143110615 2.108849109432304 2.1151297045535467 2.121410299674789 2.127690894796032 2.1339714899172746 2.1597561043249116 2.206390956228655 2.2530258081324788 2.2996606600362224 2.346295511939966 2.3929303638437096 2.4395652157474537 2.4862000676511973 2.532834919554941 2.579469771458685 2.6261046233624286 2.672739475266172 2.72150577262567 2.7725506333620538 2.823595494098438 2.8746403548349084 2.925685215571292 2.9767300763076756 3.027774937044059 3.078819797780443 3.1298646585168264 3.18090951925321 3.2319543799895936 3.2829992407259776 3.2856348690376076
2.1747312290994745 2.15451782013834 2.134304411177206 2.1140910022160715 2.0938775932549376 2.0736641842938033 2.053450775332669 2.0474719609609973 2.0567102499424235 2.0659485389238337 2.0751868279052443 2.0844251168866545 2.093663405868065 2.1029016948494754 2.1121399838308856 2.1213782728122963 2.1306165617937065 2.139854850775117 2.1490931397565274 2.177201079055327 2.2254811010827615 2.273761123110279 2.3220411451377134 2.370321167165148 2.4186011891925827 2.466881211220018 2.5151612332474524 2.563441255274887 2.6117212773023217 2.6600012993297564 2.708281321357191 2.7573569938945472 2.807283234813944 2.85720947573334 2.9071357166528213 2.957061957572218 3.006988198491614 3.0569144394110106 3.1068406803304067 3.156766921249803 3.2066931621691994 3.2566194030885955 3.3065456440079917 3.309122875506554
2.173301412836618 2.1558127495613495 2.1383240862860804 2.1208354230108117 2.1033467597355426 2.0858580964602735 2.068369433185005 2.0658469609639294 2.0793236852526413 2.09280040954133 2.106277133830019 2.1197538581187083 2.133230582407397 2.146707306696086 2.160184030984775 2.1736607552734637 2.1871374795621525 2.2006142038508414 2.2140909281395302 2.247638411325186 2.302641989461526 2.3576455675979595 2.4126491457342993 2.467652723870639 2.5226563020069785 2.5776598801433184 2.632663458279658 2.687667036415998 2.742670614552338 2.7976741926886777 2.8526777708250175 2.8999707439003095 2.9390209058549597 2.9780710678096094 3.017121229764326 3.056171391718976 3.095221553673626 3.134271715628276 3.173321877582926 3.2123720395375757 3.2514222014922254 3.2904723634468755 3.3295225254015253 3.3293898944009865
2.171871596573761 2.1571076789843597 2.1423437613949585 2.1275798438055578 2.1128159262161565 2.0980520086267553 2.083288091037354 2.0842219609668784 2.101937120562879 2.11965228015885 2.1373674397548212 2.1550825993507923 2.1727977589467633 2.190512918542734 2.208228078138705 2.225943237734676 2.243658397330647 2.261373556926618 2.2790887165225886 2.3180757435951054 2.3798028778403557 2.4415300120857117 2.503257146330962 2.564984280576213 2.626711414821463 2.6884385490667135 2.7501656833119643 2.8118928175572147 2.873619951802465 2.9353470860477158 2.997074220292966 3.042584493906193 3.0707585768960874 3.0989326598859814 3.127106742875924 3.1552808258658183 3.1834549088557123 3.2116289918456067 3.2398030748355007 3.267977157825395 3.2961512408152895 3.3243253238051835 3.352499406795078 3.3496569132954357
2.170441780310905 2.158402608407369 2.1463634365038335 2.1343242646002976 2.122285092696762 2.110245920793226 2.0982067488896905 2.102596960969811 2.124550555873098 2.146504150776347 2.1684577456795964 2.190411340582846 2.2123649354860953 2.234318530389345 2.256272125292594 2.2782257201958434 2.300179315099093 2.3221329100023422 2.344086504905592 2.3885130758649646 2.45696376621912 2.5254144565733925 2.593865146927548 2.6623158372817035 2.730766527635859 2.7992172179900146 2.86766790834417 2.9361185986983256 3.0045692890524816 3.073019979406637 3.1414706697607926 3.1851982439119553 3.2024962479371033 3.219794251962251 3.2370922559874282 3.2543902600125763 3.271688264037724 3.288986268062872 3.3062842720880194 3.3235822761131675 3.340880280138315 3.358178284163463 3.3754762881886107 3.369923932189868
2.1690119640480487 2.1596975378303784 2.150383111612708 2.141068685395038 2.1317542591773675 2.122439832959697 2.1131254067420264 2.1209719609727435 2.1471639911833162 2.173356021393844 2.199548051604372 2.2257400818149 2.2519321120254276 2.2781241422359555 2.3043161724464833 2.330508202657011 2.356700232867539 2.382892263078067 2.4090842932885947 2.4589504081348235 2.534124654597884 2.609298901061073 2.6844731475241335 2.759647393987194 2.834821640450255 2.9099958869133156 2.985170133376376 3.0603443798394365 3.1355186263024972 3.210692872765558 3.2858671192286186 3.3278119939177175 3.334233918978119 3.3406558440385203 3.347077769098933 3.3534996941593342 3.359921619219736 3.366343544280137 3.3727654693405387 3.37918739440094 3.3856093194613415 3.392031244521743 3.3984531695821443 3.3901909510843007
2.167582147785193 2.160992467253388 2.154402786721583 2.147813106189778 2.141223425657973 2.134633745126168 2.128044064594363 2.139346960975676 2.1697774264935346 2.200207892011341 2.230638357529147 2.2610688230469536 2.2914992885647596 2.321929754082566 2.3523602196003726 2.3827906851181786 2.413221150635985 2.443651616153791 2.4740820816715976 2.5293877404046827 2.6112855429766486 2.693183345548754 2.7750811481207194 2.8569789506926853 2.9388767532646507 3.020774555836616 3.102672358408582 3.184570160980548 3.2664679635525133 3.348365766124479 3.4302635686964447 3.47042574392348 3.465971590019135 3.46151743611479 3.4570632822104375 3.4526091283060922 3.4481549744017475 3.4437008204974022 3.4392466665930574 3.434792512688712 3.4303383587843674 3.425884204880022 3.4214300509756774 3.4104579699787325
2.1661523315223365 2.1622873966763967 2.1584224618304573 2.154557526984518 2.150692592138578 2.1468276572926386 2.1429627224466987 2.1577219609786087 2.1923908618037524 2.227059762628837 2.261728663453922 2.296397564279007 2.3310664651040915 2.3657353659291767 2.4004042667542613 2.435073167579346 2.469742068404431 2.504410969229516 2.5390798700546005 2.599825072674542 2.6884464313554126 2.7770677900364347 2.8656891487173053 2.954310507398176 3.0429318660790465 3.131553224759917 3.220174583440788 3.308795942121659 3.3974173008025295 3.4860386594834 3.5746600181642707 3.613039493929242 3.597709261060151 3.5823790281910592 3.567048795321942 3.5517185624528502 3.536388329583759 3.5210580967146674 3.505727863845576 3.4903976309764846 3.4750673981073934 3.4597371652383018 3.4444069323692106 3.430724988873165
2.1647225152594807 2.1635823260994065 2.162442136939332 2.1613019477792577 2.1601617586191835 2.1590215694591093 2.157881380299035 2.1760969609815413 2.2150042971139707 2.253911633246334 2.2928189693786973 2.3317263055110606 2.370633641643424 2.4095409777757872 2.4484483139081505 2.487355650040514 2.526262986172877 2.5651703223052404 2.6040776584376037 2.6702624049444013 2.765607319734177 2.860952234524115 2.9562971493138908 3.0516420641036666 3.1469869788934424 3.242331893683218 3.337676808472994 3.4330217232627698 3.5283666380525456 3.6237115528423214 3.7190564676320967 3.7556532439350043 3.7294469321011667 3.7032406202673287 3.6770343084334463 3.650827996599608 3.6246216847657706 3.5984153729319326 3.5722090610980946 3.546002749264257 3.519796437430419 3.4935901255965813 3.4673838137627433 3.450992007767597
2.163292698996625 2.164877255522416 2.166461812048207 2.168046368573998 2.169630925099789 2.17121548162558 2.1728000381513715 2.194471960984474 2.2376177324241895 2.280763503863831 2.323909275303473 2.3670550467431144 2.4102008181827563 2.453346589622398 2.4964923610620398 2.5396381325016812 2.582783903941323 2.6259296753809647 2.6690754468206066 2.74069973721426 2.842768208112941 2.9448366790117957 3.0469051499104767 3.148973620809157 3.251042091707838 3.3531105626065187 3.4551790335051997 3.5572475044038803 3.6593159753025613 3.761384446201242 3.863452917099923 3.898266993940766 3.861184603142182 3.8241022123435977 3.78701982154495 3.749937430746366 3.712855039947782 3.6757726491491978 3.6386902583506138 3.6016078675520293 3.5645254767534453 3.527443085954861 3.490360695156277 3.47125902666203
2.1618628827337676 2.1661721849454265 2.170481487157085 2.174790789368744 2.179100091580403 2.183409393792062 2.1877186960037207 2.212846960987423 2.2602311677344273 2.307615374481351 2.3549995812282747 2.4023837879751984 2.4497679947221225 2.497152201469046 2.54453640821597 2.5919206149628935 2.6393048217098176 2.6866890284567413 2.734073235203665 2.8111370694841793 2.919929096491771 3.028721123499548 3.1375131505071394 3.246305177514731 3.3550972045223224 3.463889231529914 3.5726812585375054 3.6814732855450973 3.7902653125526884 3.8990573395602803 4.007849366567871 4.04088074394665 3.99292227418331 3.9449638044199697 3.8970053346565483 3.8490468648932086 3.8010883951298684 3.7531299253665287 3.705171455603189 3.6572129858398488 3.609254516076509 3.5612960463131693 3.513337576549829 3.491526045556479
2.1604330664709113 2.1674671143684354 2.1745011622659596 2.1815352101634837 2.188569258061008 2.195603305958532 2.2026373538560566 2.231221960990355 2.282844603044645 2.3344672450988475 2.38608988715305 2.437712529207252 2.4893351712614544 2.5409578133156563 2.5925804553698586 2.644203097424061 2.695825739478263 2.7474483815324655 2.799071023586668 2.8815744017540386 2.9970899848705352 3.1126055679872286 3.2281211511037253 3.343636734220222 3.4591523173367182 3.574667900453215 3.6901834835697116 3.8056990666862083 3.921214649802705 4.036730232919201 4.152245816035698 4.183494493952412 4.124659945224326 4.06582539649624 4.006990847768053 3.9481562990399666 3.88932175031188 3.830487201583794 3.7716526528557077 3.712818104127621 3.653983555399535 3.5951490066714484 3.5363144579433623 3.511793064450911
