Figures/CREST_Example_wjb_NSE/Rolling_result/20100722/BJP_forecast/ens_15/wjb.rain.20100723.asc
ncols            288
nrows            254
xllcorner        113.274861
yllcorner        31.4918055
cellsize         0.008333333333
NODATA_value     -9999
[rows 120 to 139 of 254, columns 225 to 269 of 288]
3.2802196121829885 3.350837716170841 3.4214558201586933 3.492073924146546 3.562692028134398 3.6333101321222507 6.685404739028705 6.685404739028705 6.685404739028705 6.685404739028705 6.685404739028705 6.685404739028705 6.685404739028705 6.685404739028705 6.685404739028705 6.685404739028705 6.685404739028705 6.685404739028705 6.685404739028705 6.685404739028705 6.685404739028705 6.685404739028705 6.685404739028705 6.685404739028705 6.685404739028705 6.685404739028705 6.685404739028705 6.685404739028705 6.685404739028705 6.685404739028705 6.685404739028705 6.685404739028705 6.685404739028705 6.685404739028705 6.685404739028705 6.685404739028705 6.685404739028705 6.685404739028705 -9999.0 -9999.0 -9999.0 -9999.0 -9999.0 -9999.0 -9999.0
3.38195926399896 3.445585622689043 3.509211981379126 3.5728383400692088 3.6364646987592915 3.700091057449374 3.7250537056279276 3.7086839721827727 3.6923142387376178 3.675944505292435 3.6595747718472804 3.6432050384021255 3.6268353049569706 3.6104655715118157 3.5940958380666608 3.577726104621506 3.561356371176351 3.544986637731196 3.4972597625180035 3.416011392975243 3.3347630234324823 3.253514653889722 3.172266284346823 3.0910179148040626 3.0097695452613022 2.928521175718542 2.8472728061757815 2.766024436633021 2.6847760670902603 2.6035276975475 6.685404739028705 6.685404739028705 6.685404739028705 6.685404739028705 6.685404739028705 6.685404739028705 6.685404739028705 6.685404739028705 -9999.0 -9999.0 -9999.0 -9999.0 -9999.0 -9999.0 -9999.0
3.4597844484252063 3.5033327650336514 3.546881081642096 3.5904293982505413 3.633977714858986 3.6775260314674307 3.6924919882589062 3.6769027554932685 3.661313522727631 3.645724289961967 3.630135057196329 3.6145458244306914 3.598956591665054 3.5833673588994164 3.5677781261337786 3.5521888933681414 3.5365996606025036 3.521010427836866 3.4774130645380934 3.4038743757258687 3.3303356869136445 3.2567969981014198 3.18325830928907 3.1097196204768456 3.036180931664621 2.9626422428523966 2.889103554040172 2.8155648652279477 2.742026176415723 2.6684874876034987 6.685404739028705 6.685404739028705 6.685404739028705 6.685404739028705 6.685404739028705 6.685404739028705 6.685404739028705 6.685404739028705 6.685404739028705 6.685404739028705 6.685404739028705 -9999.0 -9999.0 -9999.0 -9999.0
3.5376096328514532 3.56107990737826 3.584550181905067 3.608020456431874 3.631490730958681 3.6549610054854877 3.6599302708898853 3.6451215388037648 3.6303128067176447 3.615504074631499 3.6006953425453783 3.585886610459258 3.5710778783731376 3.556269146287017 3.541460414200897 3.5266516821147764 3.511842950028656 3.4970342179425358 3.457566366558183 3.3917373584764947 3.325908350394806 3.2600793423131176 3.1942503342313167 3.1284213261496285 3.06259231806794 2.9967633099862514 2.9309343019045633 2.8651052938228743 2.799276285741186 2.7334472776594976 6.685404739028705 6.685404739028705 6.685404739028705 6.685404739028705 6.685404739028705 6.685404739028705 6.685404739028705 6.685404739028705 6.685404739028705 6.685404739028705 6.685404739028705 6.685404739028705 6.685404739028705 6.685404739028705 -9999.0
3.615434817277766 3.618827049722918 3.6222192821680697 3.6256115146132215 3.6290037470583734 3.632395979503525 3.6273685535208364 3.613340322114234 3.5993120907076315 3.585283859301005 3.5712556278944025 3.5572273964878 3.5431991650811976 3.529170933674595 3.5151427022679926 3.50111447086139 3.4870862394547877 3.473058008048185 3.437719668578256 3.37960034122711 3.3214810138759643 3.2633616865248185 3.2052423591735733 3.1471230318224275 3.0890037044712813 3.0308843771201355 2.9727650497689897 2.914645722417844 2.8565263950666977 2.798407067715552 6.685404739028705 6.685404739028705 6.685404739028705 6.685404739028705 6.685404739028705 6.685404739028705 6.685404739028705 6.685404739028705 6.685404739028705 6.685404739028705 6.685404739028705 6.685404739028705 6.685404739028705 6.685404739028705 -9999.0
3.6932600017040125 3.6765741920675263 3.65988838243104 3.643202572794554 3.626516763158068 3.609830953521582 3.594806836151815 3.5815591054247298 3.5683113746976445 3.5550636439705365 3.5418159132434512 3.528568182516366 3.515320451789281 3.502072721062196 3.4888249903351105 3.475577259608025 3.46232952888094 3.4490817981538546 3.4178729705983457 3.367463323977736 3.317053677357126 3.266644030736516 3.21623438411582 3.1658247374952104 3.1154150908746003 3.0650054442539902 3.0145957976333806 2.9641861510127705 2.9137765043921604 2.8633668577715508 6.685404739028705 6.685404739028705 6.685404739028705 6.685404739028705 6.685404739028705 6.685404739028705 6.685404739028705 6.685404739028705 6.685404739028705 6.685404739028705 6.685404739028705 6.685404739028705 6.685404739028705 6.685404739028705 6.685404739028705
3.771085186130259 3.734321334412135 3.697557482694011 3.660793630975887 3.624029779257763 3.587265927539639 3.562245118782794 3.549777888735226 3.537310658687658 3.5248434286400685 3.5123761985925004 3.4999089685449327 3.4874417384973646 3.4749745084497965 3.4625072784022284 3.4500400483546607 3.4375728183070926 3.4251055882595245 3.3980262726184356 3.3553263067283616 3.3126263408382877 3.2699263749482137 3.227226409058067 3.184526443167993 3.141826477277919 3.099126511387845 3.056426545497771 3.013726579607697 2.971026613717623 2.928326647827549 6.685404739028705 6.685404739028705 6.685404739028705 6.685404739028705 6.685404739028705 6.685404739028705 6.685404739028705 6.685404739028705 6.685404739028705 6.685404739028705 6.685404739028705 6.685404739028705 6.685404739028705 6.685404739028705 6.685404739028705
3.8489103705565055 3.7920684767567434 3.7352265829569813 3.6783846891572196 3.6215427953574575 3.5647009015576954 3.529683401413773 3.517996672045722 3.506309942677671 3.4946232133096005 3.4829364839415495 3.4712497545734986 3.459563025205448 3.447876295837397 3.4361895664693467 3.4245028371012958 3.412816107733245 3.4011293783651944 3.3781795746385255 3.3431892894789876 3.3081990043194494 3.2732087191599115 3.2382184340003137 3.203228148840776 3.168237863681238 3.1332475785217 3.098257293362162 3.063267008202624 3.0282767230430863 2.9932864378835484 6.685404739028705 6.685404739028705 6.685404739028705 6.685404739028705 6.685404739028705 6.685404739028705 6.685404739028705 6.685404739028705 6.685404739028705 6.685404739028705 6.685404739028705 6.685404739028705 6.685404739028705 6.685404739028705 6.685404739028705
3.926735554982752 3.849815619101352 3.7728956832199523 3.695975747338552 3.619055811457152 3.5421358755757524 3.497121684044751 3.4862154553562177 3.4753092266676844 3.464402997979132 3.4534967692905987 3.442590540602065 3.4316843119135316 3.420778083224998 3.4098718545364646 3.398965625847931 3.3880593971593975 3.3771531684708638 3.3583328766586154 3.331052272229613 3.3037716678006115 3.2764910633716093 3.249210458942561 3.221929854513559 3.1946492500845567 3.167368645655555 3.140088041226553 3.1128074367975507 3.085526832368549 3.058246227939547 6.685404739028705 6.685404739028705 6.685404739028705 6.685404739028705 6.685404739028705 6.685404739028705 6.685404739028705 6.685404739028705 6.685404739028705 6.685404739028705 6.685404739028705 6.685404739028705 6.685404739028705 6.685404739028705 6.685404739028705
4.004560739408999 3.907562761445961 3.810564783482923 3.7135668055198847 3.616568827556847 3.5195708495938094 3.46455996667573 3.454434238666714 3.444308510657698 3.434182782648664 3.424057054639648 3.4139313266306313 3.403805598621615 3.393679870612599 3.3835541426035824 3.3734284145945663 3.3633026865855498 3.3531769585765336 3.3384861786787052 3.318915254980239 3.299344331281773 3.279773407583307 3.260202483884808 3.240631560186342 3.2210606364878758 3.2014897127894097 3.1819187890909437 3.1623478653924777 3.1427769416940117 3.123206017995546 6.685404739028705 6.685404739028705 6.685404739028705 6.685404739028705 6.685404739028705 6.685404739028705 6.685404739028705 6.685404739028705 6.685404739028705 6.685404739028705 6.685404739028705 6.685404739028705 6.685404739028705 6.685404739028705 6.685404739028705
4.082385923835245 3.965309903790569 3.8482338837458934 3.7311578637012173 3.6140818436565416 3.4970058236118655 3.4319982493067087 3.4226530219772098 3.413307794647711 3.403962567318196 3.3946173399886965 3.3852721126591976 3.3759268853296986 3.3665816580001997 3.3572364306707003 3.3478912033412014 3.3385459760117024 3.3292007486822035 3.3186394806987947 3.3067782377308648 3.294916994762935 3.283055751795005 3.2711945088270546 3.2593332658591248 3.2474720228911944 3.2356107799232645 3.2237495369553346 3.2118882939874047 3.2000270510194744 3.1881658080515445 6.685404739028705 6.685404739028705 6.685404739028705 6.685404739028705 6.685404739028705 6.685404739028705 6.685404739028705 6.685404739028705 6.685404739028705 6.685404739028705 6.685404739028705 6.685404739028705 6.685404739028705 6.685404739028705 6.685404739028705
4.160211108261557 4.023057046135227 3.885902984008896 3.748748921882565 3.611594859756234 3.474440797629903 3.39943653193766 3.3908718052876785 3.3823070786376976 3.3737423519877017 3.365177625337721 3.3566128986877395 3.3480481720377586 3.3394834453877773 3.330918718737796 3.322353992087815 3.313789265437834 3.3052245387878525 3.2987927827188677 3.2946412204814806 3.290489658244093 3.2863380960067055 3.282186533769311 3.2780349715319237 3.273883409294536 3.2697318470571486 3.265580284819761 3.2614287225823735 3.2572771603449864 3.253125598107599 6.685404739028705 6.685404739028705 6.685404739028705 6.685404739028705 6.685404739028705 6.685404739028705 6.685404739028705 6.685404739028705 6.685404739028705 6.685404739028705 6.685404739028705 6.685404739028705 6.685404739028705 6.685404739028705 6.685404739028705
4.238036292687804 4.080804188479835 3.9235720842718664 3.766339980063898 3.609107875855929 3.45187577164796 3.3668748145686385 3.3590905885981748 3.3513063626277106 3.3435221366572336 3.3357379106867695 3.327953684716306 3.3201694587458417 3.312385232775378 3.304601006804914 3.29681678083445 3.2890325548639865 3.2812483288935224 3.2789460847389575 3.282504203232106 3.2860623217252547 3.2896204402184033 3.2931785587115576 3.296736677204706 3.3002947956978548 3.3038529141910034 3.307411032684152 3.3109691511773005 3.314527269670449 3.318085388163597 6.685404739028705 6.685404739028705 6.685404739028705 6.685404739028705 6.685404739028705 6.685404739028705 6.685404739028705 6.685404739028705 6.685404739028705 6.685404739028705 6.685404739028705 6.685404739028705 6.685404739028705 6.685404739028705 6.685404739028705
4.369500705895443 4.221418475469959 4.073336245044475 3.925254014618991 3.777171784193507 3.629089553768023 3.547372720777657 3.5366019997125635 3.5258312786474706 3.515060557582359 3.5042898365172657 3.4935191154521723 3.482748394387079 3.471977673321986 3.4612069522568927 3.4504362311917993 3.439665510126706 3.428894789061613 3.4245961027022727 3.427216167940082 3.429836233177891 3.4324562984157 3.4350763636535135 3.4376964288913228 3.440316494129132 3.442936559366941 3.4455566246047504 3.4481766898425597 3.450796755080369 3.453416820318178 3.4426239322705547 3.4174922935264465 3.392360654782338 3.36722901603823 3.342097377294122 3.3169657385499707 3.2918340998058624 3.2667024610617545 3.2415708223176463 3.216439183573538 3.1913075448294297 3.1661759060853214 6.685404739028705 6.685404739028705 6.685404739028705
4.558302073224717 4.450612516097016 4.342922958969315 4.235233401841613 4.127543844713912 4.019854287586211 3.955617933198967 3.9378340360301105 3.920050138861254 3.902266241692367 3.8844823445235104 3.8666984473546537 3.848914550185797 3.831130653016941 3.8133467558480842 3.7955628586792276 3.777778961510371 3.7599950643415143 3.7471516770074023 3.739589806516747 3.732027936026092 3.724466065535437 3.716904195044769 3.7093423245541137 3.7017804540634587 3.6942185835728036 3.6866567130821486 3.6790948425914936 3.6715329721008385 3.6639711016101835 3.648571814177401 3.624794150614761 3.6010164870521213 3.5772388234894814 3.553461159926841 3.529683496364161 3.505905832801521 3.482128169238881 3.4583505056762407 3.434572842113601 3.410795178550961 3.387017514988321 6.685404739028705 6.685404739028705 6.685404739028705
4.7471034405539925 4.679806556724073 4.612509672894155 4.545212789064236 4.477915905234318 4.4106190214044 4.363863145620278 4.3390660723476575 4.314268999075038 4.289471925802376 4.2646748525297555 4.239877779257135 4.215080705984516 4.190283632711895 4.165486559439275 4.140689486166655 4.115892412894035 4.091095339621415 4.069707251312531 4.051963445093412 4.034219638874292 4.016475832655173 3.9987320264360235 3.9809882202169042 3.9632444139977854 3.945500607778666 3.9277568015595468 3.9100129953404275 3.892269189121308 3.874525382902189 3.854519696084248 3.832096007703076 3.8096723193219044 3.7872486309407325 3.7648249425595606 3.742401254178351 3.719977565797179 3.697553877416007 3.6751301890348356 3.6527065006536636 3.630282812272492 3.6078591238913202 6.685404739028705 6.685404739028705 6.685404739028705
4.935904807883267 4.909000597351131 4.882096386818995 4.8551921762868595 4.828287965754724 4.801383755222588 4.772108358041589 4.740298108665206 4.708487859288822 4.676677609912384 4.644867360536001 4.613057111159617 4.581246861783233 4.549436612406851 4.517626363030467 4.485816113654083 4.4540058642777 4.422195614901316 4.392262825617661 4.364337083670077 4.336411341722494 4.308485599774911 4.280559857827279 4.252634115879696 4.2247083739321125 4.1967826319845285 4.168856890036945 4.140931148089361 4.113005406141778 4.085079664194194 4.060467577991095 4.0393978647913915 4.018328151591688 3.9972584383919845 3.9761887251922805 3.955119011992541 3.9340492987928375 3.912979585593134 3.8919098723934304 3.870840159193727 3.8497704459940234 3.82870073279432 6.685404739028705 6.685404739028705 6.685404739028705
5.124706175212702 5.138194637978383 5.151683100744064 5.1651715635097455 5.178660026275427 5.1921484890411085 5.180353570463247 5.141530144983094 5.102706719502941 5.063883294022722 5.025059868542569 4.986236443062417 4.947413017582264 4.908589592102111 4.869766166621958 4.830942741141805 4.792119315661653 4.7532958901815 4.7148183999230655 4.676710722247009 4.638603044570953 4.600495366894896 4.562387689218775 4.524280011542718 4.486172333866662 4.448064656190605 4.409956978514549 4.371849300838493 4.333741623162436 4.2956339454863794 4.266415459898117 4.246699721879883 4.226983983861649 4.207268245843415 4.18755250782518 4.167836769806913 4.148121031788678 4.128405293770444 4.10868955575221 4.088973817733976 4.069258079715741 4.049542341697507 6.685404739028705 6.685404739028705 6.685404739028705
5.313507542541976 5.36738867860544 5.4212698146689045 5.475150950732369 5.529032086795833 5.582913222859297 5.588598782884558 5.542762181300642 5.496925579716725 5.451088978132731 5.405252376548814 5.359415774964898 5.313579173380982 5.267742571797066 5.221905970213149 5.176069368629233 5.1302327670453165 5.0843961654614 5.037373974228194 4.989084360823673 4.940794747419153 4.892505134014632 4.844215520610029 4.7959259072055085 4.747636293800988 4.699346680396467 4.651057066991947 4.602767453587426 4.554477840182906 4.506188226778384 4.4723633418049635 4.454001578968198 4.435639816131432 4.417278053294666 4.398916290457899 4.380554527621102 4.362192764784337 4.343831001947571 4.325469239110804 4.307107476274038 4.288745713437272 4.270383950600507 6.685404739028705 6.685404739028705 6.685404739028705
5.502308909871251 5.596582719232498 5.690856528593745 5.785130337954992 5.879404147316238 5.973677956677486 5.996843995305869 5.943994217618189 5.8911444399305095 5.83829466224274 5.78544488455506 5.732595106867381 5.679745329179701 5.626895551492021 5.574045773804341 5.521195996116662 5.468346218428982 5.415496440741302 5.359929548533324 5.3014579994003395 5.242986450267354 5.184514901134369 5.126043352001285 5.0675718028683 5.009100253735315 4.95062870460233 4.892157155469345 4.833685606336361 4.775214057203375 4.716742508070391 4.678311223711811 4.661303436056513 4.644295648401215 4.627287860745918 4.61028007309062 4.593272285435293 4.576264497779995 4.559256710124697 4.5422489224694 4.525241134814102 4.5082333471588045 4.491225559503507 6.685404739028705 6.685404739028705 6.685404739028705
