 DateTime,Rain,PET,EPot,EAct,W,SM,RS,RI,ExcS,ExcI,R,RObs
2009- 7-22  0: 0: 0,    29.869,     2.354,     2.902,     2.632,   314.102,     1.198,     1.143,    24.367,     1.978,    25.348,  1231.812,    97.400
2009- 7-23  0: 0: 0,     4.587,     2.250,     2.774,     2.575,   312.633,     1.193,     1.118,    22.717,     0.220,     2.817,  1468.126,   264.000
2009- 7-24  0: 0: 0,     0.003,     3.576,     4.408,     5.255,   307.377,     1.173,     1.055,    18.956,     0.000,     0.000,  1302.504,   673.000
2009- 7-25  0: 0: 0,     0.000,     3.213,     3.962,     4.647,   302.730,     1.155,     0.993,    15.438,     0.000,     0.000,  1082.257,   611.000
2009- 7-26  0: 0: 0,     4.525,     3.013,     3.714,     2.804,   301.577,     1.151,     0.950,    13.303,     0.131,     1.680,   891.140,   451.000
2009- 7-27  0: 0: 0,     9.898,     1.456,     1.796,     1.501,   301.055,     1.149,     0.979,    15.225,     0.619,     7.939,  1002.731,   344.000
2009- 7-28  0: 0: 0,     0.010,     3.337,     4.114,     4.714,   296.341,     1.131,     0.913,    12.554,     0.000,     0.000,  1050.736,   277.000
2009- 7-29  0: 0: 0,     1.155,     3.542,     4.367,     4.411,   292.365,     1.115,     0.854,    10.271,     0.022,     0.281,   933.568,   229.000
2009- 7-30  0: 0: 0,     2.420,     3.070,     3.785,     2.977,   290.335,     1.108,     0.799,     8.474,     0.033,     0.428,   742.779,   195.000
2009- 7-31  0: 0: 0,    15.143,     0.767,     0.946,     0.926,   290.314,     1.108,     0.892,    14.471,     1.029,    13.187,   836.735,   170.000
2009- 8- 1  0: 0: 0,     1.674,     2.449,     3.019,     2.559,   288.369,     1.100,     0.836,    13.013,     0.031,     0.392,   899.966,   158.000
2009- 8- 2  0: 0: 0,     1.053,     2.817,     3.473,     3.063,   285.578,     1.090,     0.780,    11.370,     0.009,     0.115,   928.323,   152.000
2009- 8- 3  0: 0: 0,     3.530,     1.873,     2.309,     1.714,   284.785,     1.087,     0.746,    10.679,     0.141,     1.811,   869.914,   142.000
2009- 8- 4  0: 0: 0,     2.440,     1.265,     1.559,     1.266,   284.563,     1.086,     0.706,     9.683,     0.078,     1.006,   745.300,   125.000
2009- 8- 5  0: 0: 0,     1.965,     1.160,     1.430,     1.068,   284.048,     1.084,     0.669,     8.918,     0.073,     0.932,   614.751,   120.000
2009- 8- 6  0: 0: 0,     0.519,     1.449,     1.786,     1.450,   282.664,     1.078,     0.624,     7.876,     0.001,     0.013,   508.812,   110.000
2009- 8- 7  0: 0: 0,     0.398,     1.807,     2.227,     2.078,   280.662,     1.071,     0.582,     7.018,     0.002,     0.027,   417.992,    83.900
2009- 8- 8  0: 0: 0,     1.973,     1.339,     1.651,     1.117,   280.336,     1.070,     0.549,     6.620,     0.045,     0.581,   337.553,    80.100
2009- 8- 9  0: 0: 0,     1.918,     2.533,     3.123,     2.600,   278.395,     1.062,     0.519,     6.336,     0.044,     0.559,   272.470,    82.600
2009- 8-10  0: 0: 0,     1.208,     3.243,     3.998,     3.120,   275.399,     1.051,     0.485,     5.865,     0.002,     0.020,   219.730,    84.800
2009- 8-11  0: 0: 0,     0.495,     3.360,     4.142,     3.829,   271.570,     1.036,     0.454,     5.485,     0.000,     0.000,   185.483,    83.500
2009- 8-12  0: 0: 0,     0.138,     3.664,     4.517,     4.569,   267.027,     1.019,     0.425,     5.180,     0.001,     0.007,   167.523,    80.000
2009- 8-13  0: 0: 0,     0.889,     3.273,     4.035,     3.883,   263.496,     1.005,     0.402,     5.084,     0.024,     0.294,   191.314,    75.200
2009- 8-14  0: 0: 0,     0.038,     3.489,     4.302,     4.288,   259.208,     0.989,     0.378,     4.797,     0.000,     0.000,   154.673,    70.100
2009- 8-15  0: 0: 0,     0.001,     3.681,     4.538,     4.488,   254.719,     0.972,     0.355,     4.578,     0.000,     0.000,   128.330,    66.800
2009- 8-16  0: 0: 0,     2.741,     3.604,     4.444,     4.053,   252.210,     0.962,     0.350,     4.855,     0.110,     0.782,   106.280,    65.200
2009- 8-17  0: 0: 0,    30.160,     2.318,     2.858,     2.847,   260.681,     0.995,     0.618,    14.354,     1.976,    16.855,   433.370,    66.500
2009- 8-18  0: 0: 0,     2.390,     2.447,     3.017,     1.975,   259.678,     0.991,     0.593,    13.806,     0.036,     0.346,   616.904,    75.200
2009- 8-19  0: 0: 0,     1.996,     3.930,     4.845,     4.070,   256.294,     0.978,     0.569,    12.927,     0.045,     0.525,   670.918,    92.500
2009- 8-20  0: 0: 0,     1.683,     2.964,     3.654,     2.975,   254.160,     0.970,     0.545,    11.547,     0.038,     0.180,   647.553,   125.000
2009- 8-21  0: 0: 0,    12.500,     3.421,     4.218,     3.565,   256.024,     0.977,     0.617,    13.253,     0.697,     5.751,   908.666,   169.000
2009- 8-22  0: 0: 0,     0.015,     2.422,     2.986,     2.902,   253.123,     0.966,     0.579,    11.071,     0.000,     0.000,   786.728,   217.000
2009- 8-23  0: 0: 0,     0.006,     2.299,     2.835,     2.729,   250.393,     0.955,     0.544,     8.993,     0.000,     0.000,   602.312,   257.000
2009- 8-24  0: 0: 0,     0.000,     2.690,     3.316,     3.167,   247.226,     0.943,     0.511,     7.367,     0.000,     0.000,   432.718,   269.000
2009- 8-25  0: 0: 0,     0.000,     3.502,     4.318,     4.073,   243.153,     0.928,     0.479,     6.212,     0.000,     0.000,   301.636,   243.000
2009- 8-26  0: 0: 0,     9.458,     3.888,     4.794,     3.875,   245.950,     0.938,     0.513,     6.312,     0.428,     1.538,   212.159,   209.000
2009- 8-27  0: 0: 0,     1.794,     3.190,     3.933,     3.286,   243.774,     0.930,     0.493,     5.867,     0.062,     0.151,   191.889,   184.000
2009- 8-28  0: 0: 0,    51.993,     2.722,     3.356,     3.356,   259.432,     0.990,     0.977,    22.270,     3.520,    29.459,   260.409,   170.000
2009- 8-29  0: 0: 0,    46.524,     0.697,     0.859,     0.859,   262.050,     1.000,     1.420,    44.421,     3.305,    39.743,   835.497,   265.000
2009- 8-30  0: 0: 0,     0.095,     2.270,     2.798,     2.773,   259.305,     0.989,     1.356,    41.879,     0.003,     0.039,  1505.572,  1200.000
2009- 8-31  0: 0: 0,     0.015,     2.404,     2.964,     2.916,   256.389,     0.978,     1.290,    36.714,     0.000,     0.000,  1858.779,  2130.000
2009- 9- 1  0: 0: 0,     0.239,     2.416,     2.978,     2.782,   253.699,     0.968,     1.223,    30.445,     0.002,     0.010,  1862.649,  1930.000
2009- 9- 2  0: 0: 0,     0.025,     2.340,     2.885,     2.769,   250.930,     0.957,     1.156,    24.373,     0.000,     0.000,  1618.538,  1320.000
2009- 9- 3  0: 0: 0,     0.853,     2.684,     3.309,     3.138,   248.181,     0.947,     1.097,    19.470,     0.048,     0.378,  1275.660,   945.000
2009- 9- 4  0: 0: 0,     0.786,     3.178,     3.918,     3.575,   245.147,     0.935,     1.037,    15.576,     0.021,     0.060,   952.398,   703.000
2009- 9- 5  0: 0: 0,     0.000,     3.419,     4.215,     3.942,   241.204,     0.920,     0.975,    12.737,     0.000,     0.000,   678.177,   564.000
2009- 9- 6  0: 0: 0,     1.135,     3.510,     4.327,     3.589,   238.216,     0.909,     0.920,    10.795,     0.021,     0.053,   470.634,   471.000
2009- 9- 7  0: 0: 0,     0.212,     2.335,     2.878,     2.420,   235.795,     0.900,     0.865,     9.473,     0.000,     0.000,   324.594,   396.000
2009- 9- 8  0: 0: 0,     0.250,     1.333,     1.643,     1.251,   234.544,     0.895,     0.813,     8.607,     0.000,     0.000,   226.987,   332.000
2009- 9- 9  0: 0: 0,     0.010,     1.006,     1.241,     1.100,   233.444,     0.891,     0.764,     8.039,     0.000,     0.000,   163.854,   276.000
2009- 9-10  0: 0: 0,     0.000,     2.038,     2.512,     2.234,   231.210,     0.882,     0.719,     7.660,     0.000,     0.000,   123.588,   244.000
2009- 9-11  0: 0: 0,     0.055,     2.311,     2.849,     2.468,   228.747,     0.873,     0.677,     7.397,     0.000,     0.000,    97.784,   238.000
2009- 9-12  0: 0: 0,     0.191,     1.789,     2.206,     1.850,   226.992,     0.866,     0.639,     7.205,     0.004,     0.008,    80.836,   233.000
2009- 9-13  0: 0: 0,     0.351,     2.159,     2.662,     2.061,   225.001,     0.858,     0.603,     7.049,     0.001,     0.002,    69.216,   200.000
2009- 9-14  0: 0: 0,     4.003,     1.133,     1.397,     1.140,   227.035,     0.866,     0.600,     7.137,     0.205,     0.394,    88.095,   170.000
2009- 9-15  0: 0: 0,     1.697,     1.654,     2.039,     1.630,   226.674,     0.865,     0.574,     7.026,     0.049,     0.098,    87.710,   158.000
2009- 9-16  0: 0: 0,     6.904,     1.410,     1.739,     1.653,   230.690,     0.880,     0.599,     7.296,     0.377,     0.778,    92.888,   159.000
2009- 9-17  0: 0: 0,     2.205,     1.348,     1.661,     1.231,   231.071,     0.882,     0.577,     7.173,     0.066,     0.143,    97.547,   163.000
2009- 9-18  0: 0: 0,     4.173,     0.574,     0.707,     0.705,   233.754,     0.892,     0.585,     7.248,     0.251,     0.532,   100.394,   170.000
2009- 9-19  0: 0: 0,     8.770,     0.938,     1.157,     1.130,   239.539,     0.914,     0.637,     7.732,     0.552,     1.277,    99.750,   165.000
2009- 9-20  0: 0: 0,     9.645,     0.653,     0.805,     0.781,   245.970,     0.938,     0.702,     8.497,     0.641,     1.769,   194.449,   159.000
2009- 9-21  0: 0: 0,     0.001,     2.359,     2.908,     2.727,   243.243,     0.928,     0.668,     8.052,     0.000,     0.000,   230.367,   175.000
2009- 9-22  0: 0: 0,     0.001,     2.495,     3.076,     2.853,   240.391,     0.917,     0.635,     7.534,     0.000,     0.000,   220.338,   206.000
2009- 9-23  0: 0: 0,     0.148,     2.755,     3.396,     2.976,   237.415,     0.906,     0.605,     7.033,     0.000,     0.000,   186.705,   201.000
2009- 9-24  0: 0: 0,     3.707,     1.032,     1.273,     1.084,   239.178,     0.913,     0.606,     6.889,     0.212,     0.503,   148.648,   193.000
2009- 9-25  0: 0: 0,     0.410,     1.548,     1.908,     1.461,   237.812,     0.907,     0.579,     6.541,     0.002,     0.007,   116.068,   184.000
2009- 9-26  0: 0: 0,     0.627,     1.745,     2.151,     1.661,   236.412,     0.902,     0.554,     6.247,     0.007,     0.016,    91.470,   173.000
2009- 9-27  0: 0: 0,     0.369,     1.596,     1.967,     1.663,   234.953,     0.896,     0.530,     5.999,     0.008,     0.019,    75.538,   162.000
2009- 9-28  0: 0: 0,     0.000,     2.284,     2.816,     2.522,   232.431,     0.887,     0.507,     5.775,     0.000,     0.000,    65.676,   154.000
2009- 9-29  0: 0: 0,     0.000,     2.375,     2.927,     2.595,   229.836,     0.877,     0.486,     5.577,     0.000,     0.000,    58.569,   152.000
2009- 9-30  0: 0: 0,     0.001,     2.411,     2.972,     2.604,   227.232,     0.867,     0.466,     5.397,     0.000,     0.000,    51.950,   155.000
2009-10- 1  0: 0: 0,     0.000,     2.463,     3.036,     2.630,   224.602,     0.857,     0.448,     5.234,     0.000,     0.000,    45.648,   146.000
2009-10- 2  0: 0: 0,     0.000,     2.374,     2.926,     2.506,   222.097,     0.847,     0.431,     5.083,     0.000,     0.000,    39.924,   119.000
2009-10- 3  0: 0: 0,     0.001,     2.421,     2.985,     2.526,   219.571,     0.838,     0.416,     4.943,     0.000,     0.000,    34.963,   111.000
2009-10- 4  0: 0: 0,     0.011,     2.178,     2.686,     2.238,   217.333,     0.829,     0.401,     4.811,     0.000,     0.000,    30.791,   112.000
2009-10- 5  0: 0: 0,     0.001,     2.231,     2.751,     2.278,   215.055,     0.820,     0.388,     4.684,     0.000,     0.000,    27.325,   114.000
2009-10- 6  0: 0: 0,     0.033,     2.292,     2.825,     2.290,   212.765,     0.812,     0.376,     4.562,     0.000,     0.000,    24.439,   117.000
2009-10- 7  0: 0: 0,     0.134,     1.795,     2.213,     1.723,   211.078,     0.805,     0.365,     4.443,     0.000,     0.001,    22.007,   117.000
2009-10- 8  0: 0: 0,     0.173,     1.537,     1.895,     1.387,   209.694,     0.800,     0.355,     4.325,     0.000,     0.000,    19.924,   113.000
2009-10- 9  0: 0: 0,     1.027,     0.976,     1.204,     0.734,   209.558,     0.800,     0.347,     4.222,     0.014,     0.023,    18.206,   107.000
2009-10-10  0: 0: 0,     0.892,     1.226,     1.511,     0.835,   209.066,     0.798,     0.340,     4.115,     0.009,     0.015,    17.289,   100.000
2009-10-11  0: 0: 0,     1.285,     1.098,     1.354,     0.860,   209.017,     0.797,     0.335,     4.019,     0.022,     0.036,    17.594,    99.700
2009-10-12  0: 0: 0,     0.855,     0.757,     0.934,     0.762,   208.961,     0.797,     0.333,     3.936,     0.038,     0.059,    18.959,   102.000
2009-10-13  0: 0: 0,     0.020,     1.644,     2.026,     1.598,   207.363,     0.791,     0.326,     3.816,     0.000,     0.000,    20.699,   101.000
2009-10-14  0: 0: 0,     0.002,     1.779,     2.193,     1.731,   205.632,     0.785,     0.319,     3.693,     0.000,     0.000,    20.179,    98.700
2009-10-15  0: 0: 0,     0.006,     1.933,     2.383,     1.863,   203.769,     0.777,     0.313,     3.569,     0.000,     0.000,    18.246,    95.500
2009-10-16  0: 0: 0,     0.001,     1.679,     2.070,     1.607,   202.161,     0.771,     0.307,     3.448,     0.000,     0.000,    15.905,    87.900
2009-10-17  0: 0: 0,     0.001,     1.776,     2.189,     1.685,   200.476,     0.765,     0.302,     3.330,     0.000,     0.000,    13.717,    79.800
2009-10-18  0: 0: 0,     0.103,     0.811,     0.999,     0.689,   199.791,     0.762,     0.297,     3.217,     0.000,     0.000,    11.882,    78.400
2009-10-19  0: 0: 0,     0.002,     0.890,     1.098,     0.836,   198.955,     0.759,     0.292,     3.106,     0.000,     0.000,    10.411,    79.700
2009-10-20  0: 0: 0,     0.067,     1.629,     2.008,     1.501,   197.482,     0.753,     0.288,     2.999,     0.000,     0.000,     9.241,    80.600
2009-10-21  0: 0: 0,     0.010,     1.679,     2.069,     1.550,   195.932,     0.748,     0.283,     2.894,     0.000,     0.000,     8.298,    80.900
2009-10-22  0: 0: 0,     0.000,     1.535,     1.892,     1.414,   194.518,     0.742,     0.279,     2.791,     0.000,     0.000,     7.518,    80.700
2009-10-23  0: 0: 0,     0.000,     1.634,     2.014,     1.493,   193.026,     0.736,     0.276,     2.691,     0.000,     0.000,     6.866,    80.200
2009-10-24  0: 0: 0,     0.006,     1.372,     1.691,     1.240,   191.788,     0.732,     0.272,     2.592,     0.000,     0.000,     6.299,    79.800
2009-10-25  0: 0: 0,     0.000,     1.357,     1.672,     1.222,   190.566,     0.727,     0.269,     2.496,     0.000,     0.000,     5.791,    79.400
2009-10-26  0: 0: 0,     0.122,     1.415,     1.744,     1.179,   189.387,     0.723,     0.266,     2.401,     0.000,     0.000,     5.333,    78.500
2009-10-27  0: 0: 0,     0.000,     1.255,     1.547,     1.118,   188.269,     0.718,     0.263,     2.308,     0.000,     0.000,     4.916,    76.000
2009-10-28  0: 0: 0,     0.023,     1.627,     2.006,     1.421,   186.848,     0.713,     0.260,     2.218,     0.000,     0.000,     4.538,    71.200
2009-10-29  0: 0: 0,     0.940,     1.221,     1.506,     1.020,   186.500,     0.712,     0.262,     2.154,     0.031,     0.042,     9.376,    63.200
2009-10-30  0: 0: 0,     1.015,     1.243,     1.533,     1.108,   186.212,     0.710,     0.266,     2.095,     0.047,     0.060,     8.240,    54.000
2009-10-31  0: 0: 0,    16.235,     0.754,     0.930,     0.930,   198.901,     0.759,     0.423,     2.867,     1.108,     1.508,    23.323,    47.500
2009-11- 1  0: 0: 0,     0.000,     1.181,     1.456,     1.103,   197.799,     0.755,     0.415,     2.743,     0.000,     0.000,    42.839,    45.400
2009-11- 2  0: 0: 0,     0.085,     1.001,     1.234,     0.889,   196.935,     0.751,     0.405,     2.568,     0.001,     0.001,    51.954,    47.100
2009-11- 3  0: 0: 0,     0.030,     1.171,     1.444,     1.061,   195.874,     0.747,     0.395,     2.369,     0.000,     0.000,    53.155,    50.700
2009-11- 4  0: 0: 0,     0.005,     1.049,     1.294,     0.960,   194.914,     0.744,     0.385,     2.169,     0.000,     0.000,    48.987,    54.900
2009-11- 5  0: 0: 0,     0.008,     1.327,     1.636,     1.209,   193.706,     0.739,     0.375,     1.985,     0.000,     0.000,    42.112,    58.400
2009-11- 6  0: 0: 0,     0.208,     1.363,     1.680,     1.084,   192.622,     0.735,     0.365,     1.823,     0.000,     0.000,    34.683,    57.300
2009-11- 7  0: 0: 0,     0.042,     1.332,     1.642,     1.173,   191.448,     0.730,     0.356,     1.685,     0.000,     0.000,    27.992,    52.100
2009-11- 8  0: 0: 0,     0.286,     1.646,     2.029,     1.333,   190.187,     0.726,     0.346,     1.573,     0.003,     0.004,    22.563,    46.600
2009-11- 9  0: 0: 0,     9.587,     0.710,     0.876,     0.856,   197.406,     0.753,     0.429,     1.968,     0.631,     0.863,    50.572,    46.600
2009-11-10  0: 0: 0,     0.175,     0.318,     0.392,     0.262,   197.248,     0.753,     0.415,     1.831,     0.003,     0.005,    60.695,    50.900
2009-11-11  0: 0: 0,     3.603,     0.459,     0.566,     0.526,   199.750,     0.762,     0.433,     1.864,     0.225,     0.327,    68.783,    54.800
2009-11-12  0: 0: 0,     1.590,     0.305,     0.376,     0.314,   200.741,     0.766,     0.431,     1.781,     0.092,     0.146,    74.599,    58.300
2009-11-13  0: 0: 0,     0.558,     0.747,     0.921,     0.594,   200.468,     0.765,     0.416,     1.617,     0.008,     0.013,    66.569,    61.400
2009-11-14  0: 0: 0,     0.081,     0.835,     1.029,     0.726,   199.742,     0.762,     0.401,     1.467,     0.000,     0.000,    58.041,    63.900
2009-11-15  0: 0: 0,     2.565,     0.486,     0.599,     0.532,   201.365,     0.768,     0.408,     1.461,     0.149,     0.217,    52.876,    65.800
2009-11-16  0: 0: 0,     0.325,     0.301,     0.371,     0.267,   201.341,     0.768,     0.395,     1.355,     0.013,     0.019,    46.133,    66.600
2009-11-17  0: 0: 0,     1.007,     0.647,     0.798,     0.568,   201.534,     0.769,     0.388,     1.284,     0.045,     0.068,    41.327,    65.700
2009-11-18  0: 0: 0,     0.226,     0.419,     0.517,     0.363,   201.314,     0.768,     0.375,     1.185,     0.005,     0.007,    35.066,    72.900
2009-11-19  0: 0: 0,     0.215,     0.751,     0.926,     0.629,   200.768,     0.766,     0.363,     1.095,     0.002,     0.003,    31.587,    86.200
2009-11-20  0: 0: 0,     0.000,     0.787,     0.970,     0.742,   200.026,     0.763,     0.351,     1.015,     0.000,     0.000,    28.322,    91.500
2009-11-21  0: 0: 0,     0.000,     0.799,     0.984,     0.750,   199.276,     0.760,     0.339,     0.945,     0.000,     0.000,    25.090,    92.700
2009-11-22  0: 0: 0,     0.003,     0.891,     1.098,     0.832,   198.444,     0.757,     0.328,     0.884,     0.000,     0.000,    21.907,    91.400
2009-11-23  0: 0: 0,     0.004,     0.908,     1.120,     0.844,   197.600,     0.754,     0.318,     0.831,     0.000,     0.000,    19.019,    88.900
2009-11-24  0: 0: 0,     0.000,     0.964,     1.188,     0.894,   196.706,     0.750,     0.308,     0.785,     0.000,     0.000,    16.558,    85.400
2009-11-25  0: 0: 0,     0.000,     0.867,     1.068,     0.801,   195.905,     0.747,     0.299,     0.744,     0.000,     0.000,    14.531,    80.900
2009-11-26  0: 0: 0,     0.280,     0.889,     1.096,     0.747,   195.303,     0.745,     0.291,     0.711,     0.004,     0.006,    12.902,    78.000
2009-11-27  0: 0: 0,     5.382,     0.689,     0.849,     0.811,   199.022,     0.759,     0.331,     0.958,     0.331,     0.492,    19.619,    79.000
2009-11-28  0: 0: 0,     2.342,     0.396,     0.488,     0.442,   200.546,     0.765,     0.342,     1.023,     0.141,     0.213,    27.689,    86.900
2009-11-29  0: 0: 0,     0.464,     0.513,     0.633,     0.466,   200.434,     0.765,     0.335,     0.973,     0.022,     0.037,    32.568,   104.000
2009-11-30  0: 0: 0,     0.021,     0.713,     0.879,     0.655,   199.778,     0.762,     0.325,     0.896,     0.000,     0.000,    38.194,   127.000
2009-12- 1  0: 0: 0,     0.262,     0.795,     0.980,     0.707,   199.234,     0.760,     0.316,     0.815,     0.005,     0.007,    38.174,   158.000
2009-12- 2  0: 0: 0,     0.009,     0.589,     0.726,     0.543,   198.691,     0.758,     0.306,     0.733,     0.000,     0.000,    34.739,   167.000
2009-12- 3  0: 0: 0,     0.001,     0.752,     0.927,     0.701,   197.990,     0.755,     0.297,     0.660,     0.000,     0.000,    29.743,   156.000
2009-12- 4  0: 0: 0,     0.052,     0.632,     0.779,     0.588,   197.443,     0.753,     0.289,     0.601,     0.002,     0.003,    24.615,   141.000
2009-12- 5  0: 0: 0,     0.043,     0.726,     0.895,     0.666,   196.803,     0.751,     0.281,     0.551,     0.001,     0.001,    20.131,   127.000
2009-12- 6  0: 0: 0,     0.025,     0.595,     0.733,     0.533,   196.271,     0.749,     0.273,     0.511,     0.000,     0.000,    16.550,   114.000
2009-12- 7  0: 0: 0,     0.209,     0.393,     0.485,     0.326,   196.070,     0.748,     0.266,     0.482,     0.003,     0.005,    13.832,   104.000
2009-12- 8  0: 0: 0,     0.209,     0.282,     0.348,     0.254,   195.973,     0.748,     0.259,     0.461,     0.007,     0.011,    12.222,    96.200
2009-12- 9  0: 0: 0,     1.273,     0.742,     0.915,     0.714,   196.310,     0.749,     0.262,     0.493,     0.066,     0.099,    13.705,    91.000
2009-12-10  0: 0: 0,     0.018,     0.744,     0.918,     0.672,   195.638,     0.746,     0.255,     0.465,     0.000,     0.000,    14.544,    90.800
2009-12-11  0: 0: 0,     0.268,     0.319,     0.393,     0.280,   195.555,     0.746,     0.250,     0.447,     0.008,     0.014,    16.270,    91.900
2009-12-12  0: 0: 0,     1.136,     0.435,     0.537,     0.418,   196.058,     0.748,     0.252,     0.472,     0.060,     0.096,    19.078,    93.100
2009-12-13  0: 0: 0,     0.691,     0.337,     0.416,     0.321,   196.298,     0.749,     0.250,     0.467,     0.035,     0.057,    16.795,    95.700
2009-12-14  0: 0: 0,     2.829,     0.679,     0.837,     0.728,   197.926,     0.755,     0.266,     0.578,     0.156,     0.251,    19.298,   102.000
2009-12-15  0: 0: 0,     0.624,     0.300,     0.369,     0.291,   198.141,     0.756,     0.264,     0.562,     0.029,     0.050,    20.305,   115.000
2009-12-16  0: 0: 0,     0.146,     0.396,     0.489,     0.372,   197.890,     0.755,     0.257,     0.526,     0.007,     0.011,    24.638,   145.000
2009-12-17  0: 0: 0,     0.049,     0.588,     0.725,     0.519,   197.381,     0.753,     0.251,     0.480,     0.000,     0.000,    26.441,   199.000
2009-12-18  0: 0: 0,     0.002,     0.543,     0.669,     0.502,   196.878,     0.751,     0.244,     0.432,     0.000,     0.000,    25.010,   243.000
2009-12-19  0: 0: 0,     0.055,     0.600,     0.740,     0.534,   196.367,     0.749,     0.237,     0.389,     0.001,     0.001,    22.004,   248.000
2009-12-20  0: 0: 0,     0.028,     0.524,     0.646,     0.471,   195.905,     0.747,     0.231,     0.351,     0.000,     0.000,    18.583,   233.000
2009-12-21  0: 0: 0,     0.008,     0.671,     0.827,     0.611,   195.294,     0.745,     0.225,     0.320,     0.000,     0.000,    15.361,   208.000
2009-12-22  0: 0: 0,     0.001,     0.766,     0.944,     0.703,   194.590,     0.742,     0.219,     0.295,     0.000,     0.000,    12.690,   185.000
2009-12-23  0: 0: 0,     0.002,     0.610,     0.751,     0.556,   194.035,     0.740,     0.214,     0.275,     0.000,     0.000,    10.620,   169.000
2009-12-24  0: 0: 0,     0.000,     0.520,     0.641,     0.475,   193.560,     0.738,     0.208,     0.259,     0.000,     0.000,     9.064,   156.000
2009-12-25  0: 0: 0,     0.032,     0.642,     0.792,     0.582,   192.999,     0.736,     0.203,     0.247,     0.001,     0.001,     7.896,   144.000
2009-12-26  0: 0: 0,     0.118,     0.489,     0.603,     0.366,   192.642,     0.735,     0.199,     0.235,     0.000,     0.000,     7.002,   134.000
2009-12-27  0: 0: 0,     0.175,     0.595,     0.734,     0.542,   192.243,     0.733,     0.195,     0.232,     0.009,     0.012,     6.314,   124.000
2009-12-28  0: 0: 0,     0.002,     0.699,     0.862,     0.630,   191.613,     0.731,     0.191,     0.223,     0.000,     0.000,     6.442,   115.000
2009-12-29  0: 0: 0,     0.011,     0.594,     0.733,     0.531,   191.087,     0.729,     0.186,     0.213,     0.000,     0.000,     5.875,   107.000
2009-12-30  0: 0: 0,     0.001,     0.661,     0.814,     0.593,   190.494,     0.727,     0.182,     0.203,     0.000,     0.000,     5.231,    99.400
2009-12-31  0: 0: 0,     0.005,     0.743,     0.917,     0.662,   189.832,     0.724,     0.178,     0.194,     0.000,     0.000,     4.665,    91.800
2010- 1- 1  0: 0: 0,     0.000,     0.748,     0.922,     0.668,   189.164,     0.722,     0.175,     0.186,     0.000,     0.000,     4.193,    84.500
2010- 1- 2  0: 0: 0,     0.000,     0.715,     0.882,     0.637,   188.527,     0.719,     0.171,     0.178,     0.000,     0.000,     3.797,    75.400
2010- 1- 3  0: 0: 0,     0.000,     0.767,     0.946,     0.680,   187.847,     0.717,     0.168,     0.171,     0.000,     0.000,     3.458,    71.400
2010- 1- 4  0: 0: 0,     0.000,     0.628,     0.774,     0.555,   187.292,     0.715,     0.164,     0.165,     0.000,     0.000,     3.160,    72.700
2010- 1- 5  0: 0: 0,     0.001,     0.520,     0.641,     0.458,   186.834,     0.713,     0.161,     0.158,     0.000,     0.000,     2.895,    73.400
2010- 1- 6  0: 0: 0,     0.001,     0.652,     0.803,     0.572,   186.262,     0.711,     0.158,     0.152,     0.000,     0.000,     2.656,    69.700
2010- 1- 7  0: 0: 0,     0.003,     0.505,     0.623,     0.441,   185.820,     0.709,     0.155,     0.146,     0.000,     0.000,     2.439,    61.600
2010- 1- 8  0: 0: 0,     0.000,     0.730,     0.900,     0.638,   185.183,     0.707,     0.153,     0.141,     0.000,     0.000,     2.241,    61.000
2010- 1- 9  0: 0: 0,     0.008,     0.585,     0.722,     0.506,   184.676,     0.705,     0.150,     0.135,     0.000,     0.000,     2.061,    66.800
2010- 1-10  0: 0: 0,     0.062,     0.245,     0.302,     0.201,   184.507,     0.704,     0.147,     0.131,     0.001,     0.001,     1.923,    71.800
2010- 1-11  0: 0: 0,     0.427,     0.629,     0.775,     0.415,   184.277,     0.703,     0.146,     0.130,     0.005,     0.007,     2.069,    71.800
2010- 1-12  0: 0: 0,     0.017,     0.719,     0.887,     0.611,   183.666,     0.701,     0.143,     0.125,     0.000,     0.000,     2.421,    70.600
2010- 1-13  0: 0: 0,     0.001,     0.689,     0.850,     0.594,   183.072,     0.698,     0.141,     0.119,     0.000,     0.000,     2.215,    69.200
2010- 1-14  0: 0: 0,     0.000,     0.895,     1.103,     0.770,   182.301,     0.696,     0.138,     0.113,     0.000,     0.000,     1.920,    67.900
2010- 1-15  0: 0: 0,     0.019,     0.261,     0.322,     0.219,   182.091,     0.695,     0.136,     0.108,     0.000,     0.000,     1.661,    68.000
2010- 1-16  0: 0: 0,     0.000,     0.823,     1.015,     0.705,   181.386,     0.692,     0.133,     0.104,     0.000,     0.000,     1.458,    68.400
2010- 1-17  0: 0: 0,     0.000,     0.891,     1.099,     0.760,   180.627,     0.689,     0.131,     0.099,     0.000,     0.000,     1.305,    68.500
2010- 1-18  0: 0: 0,     0.017,     0.997,     1.229,     0.836,   179.791,     0.686,     0.129,     0.095,     0.000,     0.000,     1.177,    68.800
2010- 1-19  0: 0: 0,     0.000,     0.775,     0.956,     0.658,   179.133,     0.683,     0.127,     0.091,     0.000,     0.000,     1.069,    68.700
2010- 1-20  0: 0: 0,     0.037,     0.552,     0.681,     0.461,   178.696,     0.682,     0.125,     0.088,     0.001,     0.001,     0.994,    65.800
2010- 1-21  0: 0: 0,     0.098,     0.570,     0.703,     0.451,   178.286,     0.680,     0.123,     0.085,     0.001,     0.001,     0.979,    62.300
2010- 1-22  0: 0: 0,     0.005,     0.640,     0.789,     0.534,   177.754,     0.678,     0.121,     0.081,     0.000,     0.000,     0.959,    60.600
2010- 1-23  0: 0: 0,     0.004,     0.740,     0.913,     0.617,   177.137,     0.676,     0.119,     0.078,     0.000,     0.000,     0.886,    61.800
2010- 1-24  0: 0: 0,     0.008,     0.764,     0.942,     0.629,   176.508,     0.673,     0.117,     0.075,     0.000,     0.000,     0.806,    65.300
2010- 1-25  0: 0: 0,     0.000,     0.852,     1.051,     0.708,   175.800,     0.671,     0.115,     0.071,     0.000,     0.000,     0.735,    70.100
2010- 1-26  0: 0: 0,     0.160,     0.917,     1.131,     0.755,   175.162,     0.668,     0.114,     0.071,     0.004,     0.004,     0.767,    71.400
2010- 1-27  0: 0: 0,     0.007,     0.926,     1.141,     0.758,   174.404,     0.665,     0.112,     0.068,     0.000,     0.000,     0.961,    67.100
2010- 1-28  0: 0: 0,     0.002,     0.953,     1.174,     0.781,   173.623,     0.662,     0.110,     0.065,     0.000,     0.000,     0.937,    56.500
2010- 1-29  0: 0: 0,     0.065,     1.074,     1.324,     0.834,   172.790,     0.659,     0.108,     0.062,     0.000,     0.000,     0.834,    43.400
2010- 1-30  0: 0: 0,     1.152,     0.976,     1.203,     0.873,   172.886,     0.660,     0.113,     0.090,     0.048,     0.055,     2.897,    36.200
2010- 1-31  0: 0: 0,     2.093,     0.982,     1.211,     0.921,   173.667,     0.663,     0.123,     0.139,     0.080,     0.094,     7.264,    41.100
2010- 2- 1  0: 0: 0,     0.010,     0.777,     0.958,     0.627,   173.040,     0.660,     0.120,     0.124,     0.000,     0.000,    11.114,    48.200
2010- 2- 2  0: 0: 0,     0.007,     0.548,     0.675,     0.441,   172.600,     0.659,     0.116,     0.102,     0.000,     0.000,    10.120,    48.200
2010- 2- 3  0: 0: 0,     0.029,     0.627,     0.773,     0.495,   172.112,     0.657,     0.113,     0.083,     0.000,     0.000,     7.968,    43.700
2010- 2- 4  0: 0: 0,     0.011,     0.943,     1.163,     0.754,   171.358,     0.654,     0.110,     0.069,     0.000,     0.000,     6.003,    37.600
2010- 2- 5  0: 0: 0,     0.005,     0.799,     0.985,     0.637,   170.720,     0.651,     0.108,     0.059,     0.000,     0.000,     4.547,    33.900
2010- 2- 6  0: 0: 0,     0.161,     0.476,     0.587,     0.306,   170.442,     0.650,     0.105,     0.052,     0.000,     0.000,     3.552,    32.100
2010- 2- 7  0: 0: 0,     0.071,     0.497,     0.613,     0.352,   170.089,     0.649,     0.102,     0.047,     0.000,     0.000,     2.904,    32.700
2010- 2- 8  0: 0: 0,     1.047,     0.448,     0.553,     0.416,   170.543,     0.651,     0.107,     0.076,     0.049,     0.056,     4.807,    35.900
2010- 2- 9  0: 0: 0,     2.902,     0.524,     0.646,     0.559,   172.474,     0.658,     0.129,     0.185,     0.174,     0.204,    12.766,    41.100
2010- 2-10  0: 0: 0,     2.863,     0.702,     0.865,     0.658,   174.208,     0.665,     0.148,     0.278,     0.166,     0.208,    26.566,    47.300
2010- 2-11  0: 0: 0,     0.022,     0.341,     0.421,     0.265,   173.945,     0.664,     0.141,     0.230,     0.000,     0.000,    31.872,    55.100
2010- 2-12  0: 0: 0,     4.355,     0.895,     1.103,     1.040,   176.694,     0.674,     0.170,     0.339,     0.241,     0.286,    34.468,    65.300
2010- 2-13  0: 0: 0,     0.788,     0.959,     1.182,     0.591,   176.449,     0.673,     0.163,     0.280,     0.006,     0.008,    32.068,    76.800
2010- 2-14  0: 0: 0,     0.921,     0.588,     0.725,     0.459,   176.658,     0.674,     0.160,     0.240,     0.033,     0.039,    27.883,    88.800
2010- 2-15  0: 0: 0,     0.453,     0.638,     0.786,     0.498,   176.475,     0.673,     0.154,     0.198,     0.014,     0.021,    23.918,   102.000
2010- 2-16  0: 0: 0,     0.733,     0.686,     0.845,     0.561,   176.475,     0.673,     0.151,     0.177,     0.031,     0.045,    21.792,   116.000
2010- 2-17  0: 0: 0,     1.421,     0.862,     1.062,     0.818,   176.874,     0.675,     0.153,     0.184,     0.064,     0.086,    21.550,   133.000
2010- 2-18  0: 0: 0,     0.261,     1.096,     1.351,     0.826,   176.146,     0.672,     0.145,     0.146,     0.002,     0.002,    20.398,   137.000
2010- 2-19  0: 0: 0,     0.010,     1.360,     1.676,     1.116,   175.030,     0.668,     0.137,     0.111,     0.000,     0.000,    17.116,   132.000
2010- 2-20  0: 0: 0,     0.000,     1.478,     1.822,     1.212,   173.817,     0.663,     0.130,     0.085,     0.000,     0.000,    13.910,   127.000
2010- 2-21  0: 0: 0,     0.000,     1.542,     1.901,     1.258,   172.559,     0.658,     0.124,     0.067,     0.000,     0.000,    11.238,   126.000
2010- 2-22  0: 0: 0,     0.005,     1.235,     1.522,     0.997,   171.562,     0.655,     0.118,     0.055,     0.000,     0.000,     9.193,   127.000
2010- 2-23  0: 0: 0,     0.001,     1.700,     2.096,     1.366,   170.196,     0.649,     0.112,     0.047,     0.000,     0.000,     7.680,   120.000
2010- 2-24  0: 0: 0,     0.039,     1.024,     1.262,     0.788,   169.409,     0.646,     0.107,     0.042,     0.000,     0.000,     6.558,   112.000
2010- 2-25  0: 0: 0,     0.504,     0.718,     0.885,     0.591,   169.234,     0.646,     0.106,     0.054,     0.024,     0.027,     5.754,   106.000
2010- 2-26  0: 0: 0,     0.075,     0.582,     0.718,     0.420,   168.818,     0.644,     0.101,     0.051,     0.000,     0.000,     5.508,   103.000
2010- 2-27  0: 0: 0,     0.000,     1.388,     1.711,     1.089,   167.728,     0.640,     0.097,     0.049,     0.000,     0.000,     6.401,   101.000
2010- 2-28  0: 0: 0,     3.417,     0.669,     0.825,     0.729,   169.921,     0.648,     0.122,     0.181,     0.194,     0.238,    11.212,    99.300
2010- 3- 1  0: 0: 0,     0.683,     0.902,     1.113,     0.718,   169.738,     0.648,     0.120,     0.175,     0.029,     0.039,    19.101,    97.600
2010- 3- 2  0: 0: 0,     4.140,     0.712,     0.878,     0.716,   172.490,     0.658,     0.150,     0.317,     0.246,     0.316,    32.247,    96.700
2010- 3- 3  0: 0: 0,     5.390,     0.497,     0.613,     0.605,   176.497,     0.673,     0.192,     0.504,     0.346,     0.427,    48.187,   117.000
2010- 3- 4  0: 0: 0,     0.232,     1.147,     1.414,     0.816,   175.727,     0.670,     0.181,     0.420,     0.001,     0.001,    51.434,   149.000
2010- 3- 5  0: 0: 0,     1.945,     0.533,     0.658,     0.486,   176.829,     0.675,     0.186,     0.406,     0.103,     0.133,    49.381,   187.000
2010- 3- 6  0: 0: 0,     0.413,     0.599,     0.739,     0.466,   176.639,     0.674,     0.177,     0.328,     0.012,     0.014,    44.619,   232.000
2010- 3- 7  0: 0: 0,     0.665,     1.272,     1.569,     0.905,   176.088,     0.672,     0.169,     0.263,     0.009,     0.015,    40.487,   279.000
2010- 3- 8  0: 0: 0,     0.054,     0.733,     0.904,     0.562,   175.525,     0.670,     0.159,     0.200,     0.000,     0.000,    34.106,   315.000
2010- 3- 9  0: 0: 0,     0.302,     1.181,     1.457,     0.781,   174.782,     0.667,     0.150,     0.150,     0.000,     0.001,    27.491,   307.000
2010- 3-10  0: 0: 0,     0.017,     1.657,     2.042,     1.341,   173.441,     0.662,     0.141,     0.114,     0.000,     0.000,    22.037,   271.000
2010- 3-11  0: 0: 0,     0.000,     1.938,     2.390,     1.573,   171.868,     0.656,     0.133,     0.090,     0.000,     0.000,    17.920,   235.000
2010- 3-12  0: 0: 0,     0.002,     2.057,     2.536,     1.655,   170.212,     0.649,     0.126,     0.074,     0.000,     0.000,    14.925,   209.000
2010- 3-13  0: 0: 0,     0.368,     1.982,     2.444,     1.458,   168.877,     0.644,     0.119,     0.066,     0.005,     0.005,    12.745,   197.000
2010- 3-14  0: 0: 0,    12.469,     0.633,     0.780,     0.778,   178.686,     0.682,     0.235,     0.649,     0.846,     1.033,    39.221,   200.000
2010- 3-15  0: 0: 0,     0.083,     1.601,     1.974,     1.287,   177.407,     0.677,     0.223,     0.591,     0.000,     0.000,    54.913,   235.000
2010- 3-16  0: 0: 0,     0.004,     2.095,     2.583,     1.734,   175.673,     0.670,     0.211,     0.496,     0.000,     0.000,    58.218,   291.000
2010- 3-17  0: 0: 0,     0.058,     2.038,     2.512,     1.643,   174.032,     0.664,     0.199,     0.392,     0.000,     0.000,    53.060,   313.000
2010- 3-18  0: 0: 0,     0.000,     1.975,     2.435,     1.613,   172.419,     0.658,     0.187,     0.299,     0.000,     0.000,    44.573,   290.000
2010- 3-19  0: 0: 0,     0.018,     2.569,     3.168,     2.067,   170.353,     0.650,     0.176,     0.225,     0.000,     0.000,    36.016,   252.000
2010- 3-20  0: 0: 0,     0.008,     2.088,     2.575,     1.654,   168.699,     0.644,     0.165,     0.171,     0.000,     0.000,    28.810,   206.000
2010- 3-21  0: 0: 0,     0.001,     2.229,     2.747,     1.762,   166.937,     0.637,     0.155,     0.133,     0.000,     0.000,    23.263,   178.000
2010- 3-22  0: 0: 0,     5.717,     0.909,     1.120,     1.092,   170.843,     0.652,     0.195,     0.316,     0.334,     0.364,    27.874,   176.000
2010- 3-23  0: 0: 0,    10.764,     0.759,     0.935,     0.819,   179.022,     0.683,     0.289,     0.849,     0.722,     0.983,    69.091,   182.000
2010- 3-24  0: 0: 0,     0.434,     0.581,     0.717,     0.455,   178.890,     0.682,     0.275,     0.768,     0.019,     0.033,    85.932,   205.000
2010- 3-25  0: 0: 0,     0.009,     1.971,     2.430,     1.641,   177.249,     0.676,     0.259,     0.643,     0.000,     0.000,    90.712,   225.000
2010- 3-26  0: 0: 0,     0.019,     2.331,     2.873,     1.927,   175.321,     0.669,     0.244,     0.506,     0.000,     0.000,    81.531,   235.000
2010- 3-27  0: 0: 0,     0.056,     2.231,     2.751,     1.779,   173.542,     0.662,     0.229,     0.384,     0.000,     0.000,    67.378,   224.000
2010- 3-28  0: 0: 0,     0.000,     2.303,     2.839,     1.872,   171.670,     0.655,     0.214,     0.290,     0.000,     0.000,    53.823,   193.000
2010- 3-29  0: 0: 0,     0.469,     1.250,     1.541,     0.789,   170.951,     0.652,     0.201,     0.223,     0.001,     0.001,    42.900,   167.000
2010- 3-30  0: 0: 0,     1.332,     0.909,     1.121,     0.759,   171.240,     0.653,     0.195,     0.215,     0.048,     0.065,    35.803,   152.000
2010- 3-31  0: 0: 0,    22.498,     2.437,     3.004,     2.989,   187.283,     0.715,     0.388,     1.349,     1.411,     2.043,    89.156,   148.000
2010- 4- 1  0: 0: 0,     0.276,     1.449,     1.787,     1.117,   186.271,     0.711,     0.367,     1.226,     0.003,     0.008,   131.107,   176.000
2010- 4- 2  0: 0: 0,     0.007,     2.026,     2.497,     1.745,   184.525,     0.704,     0.345,     1.038,     0.000,     0.000,   145.322,   259.000
2010- 4- 3  0: 0: 0,     0.000,     2.352,     2.900,     2.027,   182.498,     0.696,     0.324,     0.819,     0.000,     0.000,   133.150,   433.000
2010- 4- 4  0: 0: 0,     0.001,     2.401,     2.961,     2.041,   180.457,     0.688,     0.304,     0.619,     0.000,     0.000,   110.704,   467.000
2010- 4- 5  0: 0: 0,     0.001,     2.719,     3.352,     2.290,   178.167,     0.680,     0.284,     0.462,     0.000,     0.000,    88.156,   395.000
2010- 4- 6  0: 0: 0,     0.004,     1.653,     2.038,     1.323,   176.843,     0.675,     0.266,     0.350,     0.000,     0.000,    69.588,   306.000
2010- 4- 7  0: 0: 0,     0.011,     1.980,     2.441,     1.622,   175.221,     0.669,     0.248,     0.274,     0.000,     0.000,    55.654,   225.000
2010- 4- 8  0: 0: 0,     0.000,     2.423,     2.987,     1.964,   173.257,     0.661,     0.232,     0.225,     0.000,     0.000,    45.624,   154.000
2010- 4- 9  0: 0: 0,     0.029,     2.606,     3.212,     2.089,   171.168,     0.653,     0.216,     0.193,     0.000,     0.000,    38.455,   122.000
2010- 4-10  0: 0: 0,     0.016,     1.449,     1.787,     1.136,   170.032,     0.649,     0.202,     0.173,     0.000,     0.000,    33.235,   112.000
2010- 4-11  0: 0: 0,     2.341,     0.586,     0.722,     0.479,   171.382,     0.654,     0.209,     0.312,     0.143,     0.267,    32.537,   125.000
2010- 4-12  0: 0: 0,     2.025,     0.793,     0.978,     0.707,   172.255,     0.657,     0.209,     0.393,     0.088,     0.159,    48.967,   111.000
2010- 4-13  0: 0: 0,     0.598,     1.400,     1.727,     0.841,   171.554,     0.655,     0.196,     0.360,     0.002,     0.005,    56.665,   129.000
2010- 4-14  0: 0: 0,     4.973,     0.795,     0.980,     0.970,   174.870,     0.667,     0.226,     0.530,     0.289,     0.392,    63.092,   138.000
2010- 4-15  0: 0: 0,     0.001,     1.968,     2.426,     1.604,   173.266,     0.661,     0.213,     0.462,     0.000,     0.000,    64.202,   110.000
2010- 4-16  0: 0: 0,     0.001,     2.677,     3.301,     2.166,   171.100,     0.653,     0.200,     0.386,     0.000,     0.000,    59.338,   103.000
2010- 4-17  0: 0: 0,     0.577,     2.786,     3.435,     1.913,   169.329,     0.646,     0.188,     0.321,     0.004,     0.010,    51.056,   121.000
2010- 4-18  0: 0: 0,    10.712,     1.514,     1.866,     1.571,   176.688,     0.674,     0.274,     0.832,     0.668,     0.998,    88.231,   127.000
2010- 4-19  0: 0: 0,     0.456,     1.496,     1.845,     0.999,   175.769,     0.671,     0.256,     0.700,     0.001,     0.001,    99.288,   139.000
2010- 4-20  0: 0: 0,    31.441,     0.868,     1.071,     1.071,   200.934,     0.767,     0.558,     2.267,     2.198,     3.007,   132.712,   159.000
2010- 4-21  0: 0: 0,    10.269,     0.532,     0.656,     0.654,   207.875,     0.793,     0.632,     3.153,     0.696,     1.977,   223.654,   199.000
2010- 4-22  0: 0: 0,     0.032,     2.482,     3.060,     2.387,   205.487,     0.784,     0.598,     2.699,     0.000,     0.000,   294.821,   440.000
2010- 4-23  0: 0: 0,     0.004,     2.926,     3.607,     2.804,   202.683,     0.773,     0.564,     2.128,     0.000,     0.000,   276.526,   902.000
2010- 4-24  0: 0: 0,     0.049,     2.946,     3.632,     2.750,   199.933,     0.763,     0.531,     1.599,     0.000,     0.000,   226.644,   943.000
2010- 4-25  0: 0: 0,     2.337,     0.928,     1.144,     0.810,   200.875,     0.766,     0.514,     1.322,     0.114,     0.260,   182.745,   740.000
2010- 4-26  0: 0: 0,     0.003,     2.917,     3.597,     2.735,   198.140,     0.756,     0.482,     0.997,     0.000,     0.000,   147.180,   581.000
2010- 4-27  0: 0: 0,     0.080,     3.139,     3.869,     2.836,   195.304,     0.745,     0.451,     0.757,     0.000,     0.000,   117.762,   455.000
2010- 4-28  0: 0: 0,     0.000,     2.909,     3.587,     2.654,   192.650,     0.735,     0.421,     0.585,     0.000,     0.000,    93.451,   355.000
2010- 4-29  0: 0: 0,     0.003,     3.012,     3.713,     2.706,   189.943,     0.725,     0.393,     0.466,     0.000,     0.000,    74.593,   294.000
2010- 4-30  0: 0: 0,     0.000,     3.063,     3.776,     2.710,   187.233,     0.714,     0.367,     0.388,     0.000,     0.000,    60.647,   260.000
2010- 5- 1  0: 0: 0,     0.000,     3.373,     4.158,     2.950,   184.283,     0.703,     0.342,     0.337,     0.000,     0.000,    50.545,   238.000
2010- 5- 2  0: 0: 0,     0.018,     3.545,     4.370,     3.038,   181.245,     0.691,     0.320,     0.304,     0.000,     0.000,    43.190,   211.000
2010- 5- 3  0: 0: 0,     0.781,     3.430,     4.229,     2.700,   178.808,     0.682,     0.299,     0.286,     0.006,     0.004,    37.696,   165.000
2010- 5- 4  0: 0: 0,    44.020,     1.094,     1.348,     1.348,   213.981,     0.816,     0.728,     2.790,     3.088,     4.410,    85.589,   137.000
2010- 5- 5  0: 0: 0,     0.025,     2.679,     3.303,     2.633,   211.349,     0.806,     0.696,     2.664,     0.000,     0.000,   140.041,   143.000
2010- 5- 6  0: 0: 0,     0.092,     0.975,     1.202,     0.933,   210.426,     0.803,     0.662,     2.369,     0.000,     0.000,   163.264,   160.000
2010- 5- 7  0: 0: 0,     0.248,     2.641,     3.257,     2.423,   208.003,     0.794,     0.628,     1.983,     0.000,     0.000,   155.992,   153.000
2010- 5- 8  0: 0: 0,     4.384,     0.581,     0.716,     0.713,   210.905,     0.805,     0.632,     1.885,     0.266,     0.501,   144.180,   147.000
2010- 5- 9  0: 0: 0,     0.037,     2.775,     3.421,     2.724,   208.181,     0.794,     0.597,     1.538,     0.000,     0.000,   129.177,   151.000
2010- 5-10  0: 0: 0,     0.017,     3.239,     3.993,     3.146,   205.036,     0.782,     0.563,     1.244,     0.000,     0.000,   113.274,   135.000
2010- 5-11  0: 0: 0,     0.032,     3.346,     4.125,     3.190,   201.846,     0.770,     0.530,     1.009,     0.000,     0.000,    94.730,   128.000
2010- 5-12  0: 0: 0,     3.997,     1.549,     1.910,     1.587,   203.558,     0.777,     0.524,     0.974,     0.170,     0.247,    77.220,   128.000
2010- 5-13  0: 0: 0,     0.403,     1.303,     1.607,     1.134,   202.604,     0.773,     0.495,     0.853,     0.006,     0.007,    63.101,   127.000
2010- 5-14  0: 0: 0,     0.102,     2.510,     3.095,     2.298,   200.316,     0.764,     0.466,     0.764,     0.000,     0.000,    53.077,   122.000
2010- 5-15  0: 0: 0,     0.391,     1.809,     2.230,     1.575,   198.905,     0.759,     0.441,     0.700,     0.007,     0.006,    45.493,   113.000
2010- 5-16  0: 0: 0,    32.284,     1.463,     1.803,     1.803,   223.485,     0.853,     0.736,     2.758,     2.206,     3.695,    78.950,   110.000
2010- 5-17  0: 0: 0,     0.762,     1.279,     1.577,     1.130,   222.774,     0.850,     0.705,     2.657,     0.017,     0.036,   119.901,   117.000
2010- 5-18  0: 0: 0,     0.069,     2.300,     2.836,     2.360,   220.413,     0.841,     0.672,     2.406,     0.000,     0.000,   135.806,   125.000
2010- 5-19  0: 0: 0,     0.029,     2.682,     3.307,     2.749,   217.664,     0.830,     0.639,     2.085,     0.000,     0.000,   134.503,   131.000
2010- 5-20  0: 0: 0,     0.844,     3.309,     4.080,     3.050,   214.972,     0.820,     0.608,     1.770,     0.010,     0.024,   121.185,   129.000
2010- 5-21  0: 0: 0,    21.269,     0.931,     1.147,     1.147,   230.357,     0.879,     0.787,     3.352,     1.456,     3.280,   181.135,   126.000
2010- 5-22  0: 0: 0,     1.482,     1.550,     1.911,     1.108,   229.875,     0.877,     0.751,     3.083,     0.034,     0.179,   244.382,   132.000
2010- 5-23  0: 0: 0,     0.010,     3.436,     4.236,     3.691,   226.183,     0.863,     0.711,     2.621,     0.000,     0.000,   255.149,   166.000
2010- 5-24  0: 0: 0,     0.006,     3.772,     4.651,     3.995,   222.188,     0.848,     0.672,     2.149,     0.000,     0.000,   220.607,   194.000
2010- 5-25  0: 0: 0,     0.002,     3.592,     4.428,     3.742,   218.446,     0.833,     0.634,     1.749,     0.000,     0.000,   175.356,   200.000
2010- 5-26  0: 0: 0,     2.673,     2.037,     2.512,     1.809,   218.530,     0.834,     0.609,     1.512,     0.071,     0.117,   134.940,   189.000
2010- 5-27  0: 0: 0,     5.682,     0.721,     0.889,     0.889,   222.321,     0.848,     0.626,     1.670,     0.347,     0.656,   108.154,   166.000
2010- 5-28  0: 0: 0,     0.033,     2.110,     2.602,     2.168,   220.153,     0.840,     0.593,     1.516,     0.000,     0.000,   101.311,   139.000
2010- 5-29  0: 0: 0,     0.029,     3.366,     4.150,     3.446,   216.706,     0.827,     0.562,     1.379,     0.000,     0.000,    96.125,   124.000
2010- 5-30  0: 0: 0,     0.008,     3.599,     4.437,     3.651,   213.056,     0.813,     0.533,     1.251,     0.000,     0.000,    86.256,   118.000
2010- 5-31  0: 0: 0,     0.196,     2.463,     3.036,     2.319,   210.740,     0.804,     0.506,     1.140,     0.000,     0.000,    74.398,   116.000
2010- 6- 1  0: 0: 0,     0.197,     2.485,     3.063,     2.316,   208.431,     0.795,     0.480,     1.050,     0.000,     0.000,    63.046,   105.000
2010- 6- 2  0: 0: 0,     0.003,     2.796,     3.447,     2.725,   205.706,     0.785,     0.456,     0.980,     0.000,     0.000,    53.349,    91.900
2010- 6- 3  0: 0: 0,     0.123,     2.050,     2.527,     1.880,   203.836,     0.778,     0.433,     0.928,     0.000,     0.000,    45.533,    78.900
2010- 6- 4  0: 0: 0,     0.015,     2.966,     3.657,     2.829,   201.007,     0.767,     0.413,     0.890,     0.000,     0.000,    39.392,    64.700
2010- 6- 5  0: 0: 0,     0.013,     2.679,     3.302,     2.513,   198.494,     0.757,     0.394,     0.861,     0.000,     0.000,    34.549,    51.900
2010- 6- 6  0: 0: 0,     0.000,     2.868,     3.536,     2.663,   195.831,     0.747,     0.376,     0.839,     0.000,     0.000,    30.676,    42.700
2010- 6- 7  0: 0: 0,    18.433,     2.470,     3.046,     2.944,   208.366,     0.795,     0.522,     1.819,     1.117,     1.747,    43.594,    38.400
2010- 6- 8  0: 0: 0,    51.452,     0.668,     0.824,     0.824,   245.756,     0.938,     1.036,     7.256,     3.664,     9.573,   220.809,    50.000
2010- 6- 9  0: 0: 0,     4.049,     0.698,     0.861,     0.787,   247.582,     0.945,     1.028,     7.543,     0.234,     1.131,   485.751,   117.000
2010- 6-10  0: 0: 0,     0.313,     2.062,     2.542,     2.299,   245.453,     0.936,     0.983,     6.612,     0.005,     0.030,   556.512,   221.000
2010- 6-11  0: 0: 0,     0.075,     2.806,     3.460,     3.170,   242.284,     0.924,     0.937,     5.422,     0.000,     0.000,   507.074,   306.000
2010- 6-12  0: 0: 0,     0.001,     3.103,     3.825,     3.532,   238.752,     0.911,     0.891,     4.284,     0.000,     0.000,   409.071,   335.000
2010- 6-13  0: 0: 0,     0.001,     3.062,     3.775,     3.431,   235.321,     0.898,     0.845,     3.352,     0.000,     0.000,   309.768,   317.000
2010- 6-14  0: 0: 0,     0.002,     3.016,     3.719,     3.318,   232.004,     0.885,     0.801,     2.658,     0.000,     0.000,   228.301,   273.000
2010- 6-15  0: 0: 0,     0.000,     3.764,     4.641,     4.101,   227.902,     0.869,     0.758,     2.172,     0.000,     0.000,   168.175,   234.000
2010- 6-16  0: 0: 0,     0.025,     3.186,     3.928,     3.392,   224.510,     0.857,     0.718,     1.847,     0.000,     0.000,   126.349,   198.000
2010- 6-17  0: 0: 0,     0.016,     3.579,     4.413,     3.759,   220.752,     0.842,     0.680,     1.635,     0.000,     0.000,    98.108,   170.000
2010- 6-18  0: 0: 0,     2.485,     3.983,     4.910,     3.538,   218.668,     0.834,     0.652,     1.552,     0.051,     0.093,    79.184,   142.000
2010- 6-19  0: 0: 0,     0.047,     2.678,     3.301,     2.706,   215.962,     0.824,     0.618,     1.461,     0.000,     0.000,    66.478,   124.000
2010- 6-20  0: 0: 0,     0.017,     3.590,     4.426,     3.629,   212.337,     0.810,     0.586,     1.395,     0.000,     0.000,    57.389,   124.000
2010- 6-21  0: 0: 0,     0.065,     3.572,     4.403,     3.518,   208.819,     0.797,     0.557,     1.348,     0.000,     0.000,    50.596,   129.000
2010- 6-22  0: 0: 0,     0.001,     3.586,     4.421,     3.517,   205.303,     0.783,     0.530,     1.312,     0.000,     0.000,    45.275,   125.000
2010- 6-23  0: 0: 0,     2.231,     3.281,     4.045,     2.923,   203.932,     0.778,     0.518,     1.369,     0.087,     0.150,    40.884,   112.000
2010- 6-24  0: 0: 0,     2.176,     3.244,     3.999,     2.766,   202.565,     0.773,     0.502,     1.396,     0.052,     0.091,    37.571,   104.000
2010- 6-25  0: 0: 0,     0.001,     3.204,     3.949,     3.048,   199.516,     0.761,     0.481,     1.364,     0.000,     0.000,    36.800,   102.000
2010- 6-26  0: 0: 0,     0.046,     2.490,     3.070,     2.300,   197.216,     0.752,     0.461,     1.322,     0.000,     0.000,    36.678,   101.000
2010- 6-27  0: 0: 0,     0.331,     2.766,     3.411,     2.369,   194.904,     0.744,     0.442,     1.274,     0.001,     0.002,    34.309,    95.800
2010- 6-28  0: 0: 0,     0.409,     3.290,     4.056,     2.716,   192.204,     0.733,     0.425,     1.229,     0.000,     0.000,    30.868,    87.700
2010- 6-29  0: 0: 0,     0.158,     2.973,     3.665,     2.575,   189.629,     0.723,     0.410,     1.190,     0.000,     0.000,    27.458,    77.400
2010- 6-30  0: 0: 0,     0.094,     3.121,     3.848,     2.713,   186.916,     0.713,     0.395,     1.158,     0.000,     0.000,    24.350,    66.800
2010- 7- 1  0: 0: 0,     3.956,     3.672,     4.527,     3.300,   186.797,     0.713,     0.408,     1.259,     0.179,     0.226,    21.669,    63.200
2010- 7- 2  0: 0: 0,    10.857,     2.957,     3.645,     2.847,   192.867,     0.736,     0.482,     1.701,     0.593,     0.818,    60.476,    67.300
2010- 7- 3  0: 0: 0,     3.710,     3.046,     3.755,     2.298,   192.947,     0.736,     0.480,     1.679,     0.097,     0.142,    58.236,    74.000
2010- 7- 4  0: 0: 0,    12.392,     2.526,     3.114,     2.474,   200.486,     0.765,     0.567,     2.246,     0.709,     1.173,   107.246,    79.100
2010- 7- 5  0: 0: 0,     4.910,     2.151,     2.652,     2.070,   202.303,     0.772,     0.586,     2.396,     0.273,     0.586,   142.483,    78.400
2010- 7- 6  0: 0: 0,     0.007,     4.038,     4.979,     3.847,   198.455,     0.757,     0.565,     2.179,     0.000,     0.000,   162.635,    82.000
2010- 7- 7  0: 0: 0,     1.572,     4.007,     4.940,     3.622,   195.890,     0.747,     0.553,     2.057,     0.062,     0.216,   168.819,   162.000
2010- 7- 8  0: 0: 0,     9.654,     1.388,     1.712,     1.629,   201.691,     0.769,     0.616,     2.706,     0.584,     1.581,   159.663,   226.000
2010- 7- 9  0: 0: 0,     0.718,     3.231,     3.983,     2.735,   199.175,     0.760,     0.595,     2.491,     0.006,     0.013,   167.335,   227.000
2010- 7-10  0: 0: 0,    23.613,     0.685,     0.844,     0.844,   215.015,     0.820,     0.813,     5.295,     1.648,     5.282,   307.350,   242.000
2010- 7-11  0: 0: 0,     1.696,     2.032,     2.505,     1.742,   213.899,     0.816,     0.790,     5.229,     0.066,     0.632,   415.777,   350.000
2010- 7-12  0: 0: 0,     1.865,     2.162,     2.665,     1.787,   212.709,     0.812,     0.768,     5.064,     0.076,     0.742,   511.079,   548.000
2010- 7-13  0: 0: 0,     0.553,     1.596,     1.968,     1.406,   211.487,     0.807,     0.735,     4.342,     0.012,     0.133,   541.100,   582.000
2010- 7-14  0: 0: 0,     0.019,     2.132,     2.628,     2.085,   209.402,     0.799,     0.701,     3.462,     0.000,     0.000,   461.445,   509.000
2010- 7-15  0: 0: 0,    18.731,     1.426,     1.758,     1.715,   221.146,     0.844,     0.846,     4.988,     1.229,     4.005,   371.376,   449.000
2010- 7-16  0: 0: 0,    52.883,     1.538,     1.897,     1.897,   241.984,     0.923,     1.348,    19.506,     3.690,    26.459,   573.013,   401.000
2010- 7-17  0: 0: 0,    32.647,     1.860,     2.293,     2.089,   251.927,     0.961,     1.616,    28.953,     2.217,    18.196,  1107.535,   594.000
2010- 7-18  0: 0: 0,    26.542,     1.573,     1.940,     1.833,   257.124,     0.981,     1.815,    37.279,     1.791,    17.615,  2037.088,  2070.000
2010- 7-19  0: 0: 0,    33.393,     2.207,     2.721,     2.715,   260.027,     0.992,     2.063,    48.361,     2.220,    25.550,  3213.530,  3160.000
2010- 7-20  0: 0: 0,     1.631,     2.271,     2.800,     2.701,   257.594,     0.983,     1.978,    42.639,     0.094,     1.204,  3880.772,  3810.000
2010- 7-21  0: 0: 0,    20.732,     2.466,     3.040,     2.809,   258.909,     0.988,     2.067,    43.622,     1.309,    15.100,  3992.256,  4260.000
2010- 7-22  0: 0: 0,    10.015,     1.356,     1.672,     1.571,   259.703,     0.991,     2.046,    39.491,     0.609,     6.941,  3656.193,  4030.000
2010- 7-23  0: 0: 0,    21.862,     1.707,     2.105,     2.103,   261.582,     0.998,     2.143,    41.112,     1.430,    16.448,  3355.481,  3580.000
2010- 7-24  0: 0: 0,    69.301,     2.802,     3.454,     3.454,   262.110,     1.000,     2.719,    68.328,     4.765,    60.554,  3684.353,  3490.000
2010- 7-25  0: 0: 0,    35.004,     3.196,     3.940,     3.934,   262.110,     1.000,     2.905,    76.768,     2.248,    28.816,  4211.452,  3240.000
2010- 7-26  0: 0: 0,    13.991,     3.683,     4.541,     4.013,   261.287,     0.997,     2.863,    72.436,     0.744,     9.530,  4365.957,  2480.000
2010- 7-27  0: 0: 0,     3.031,     3.774,     4.652,     3.699,   258.385,     0.986,     2.725,    62.230,     0.095,     1.199,  4183.255,  1870.000
2010- 7-28  0: 0: 0,    12.449,     3.745,     4.618,     4.209,   260.083,     0.992,     2.663,    54.365,     0.614,     5.528,  3800.794,  1430.000
