Figures/CREST_Example_wjb_NSE/Rolling_result/20100722/BJP_forecast/ens_20/wjb.rain.20100726.asc
ncols            288
nrows            254
xllcorner        113.274861
yllcorner        31.4918055
cellsize         0.008333333333
NODATA_value     -9999
[rows 160 to 179 of 254, columns 135 to 179 of 288]
36.119357800651365 36.15987564929329 36.200393497935224 36.24091134657716 36.28142919521908 36.321947043861016 36.36246489250295 36.402982741144875 36.44350058978688 36.484018438428805 36.52453628707074 36.56505413571267 36.98649672395196 37.815156474919064 38.64381622588618 39.47247597685328 40.301135727820395 41.1297954787875 41.958455229754605 42.78711498072172 43.61577473168882 44.44443448265735 45.273094233624455 46.10175398459157 46.14329226102342 45.34337987574122 44.54346749045903 43.74355510517684 42.94364271989464 42.14373033461245 41.34381794933025 40.54390556404806 39.74399317876586 38.94408079348367 38.144168408200116 37.34425602291792 36.6210612822613 35.979879439293384 35.338697596325474 34.69751575335756 34.05633391038965 33.41515206742173 32.77397022445382 32.1327883814859 31.49160653851799
35.42530778615333 35.531091156395455 35.636874526637584 35.742657896879706 35.84844126712183 35.95422463736396 36.06000800760608 36.16579137784821 36.271574748090515 36.37735811833264 36.483141488574766 36.58892485881689 37.00982357205315 37.76758771451229 38.52535185697143 39.28311599943057 40.04088014188971 40.79864428434885 41.55640842680799 42.31417256926713 43.071936711726266 43.829700854186704 44.58746499664584 45.34522913910498 45.37960723948607 44.64066929720592 43.90173135492577 43.16279341264562 42.423855470365474 41.68491752808532 40.945979585805176 40.207041643525024 39.46810370124488 38.729165758964726 37.990227816683316 37.25128987440317 36.601696500465586 36.04761449132918 35.49353248219278 34.939450473056375 34.385368463919974 33.831286454783566 33.277204445647165 32.723122436510764 32.169040427374355
34.731257771655294 34.90230666349762 35.07335555533994 35.244404447182255 35.41545333902458 35.5865022308669 35.757551122709216 35.928600014551535 36.09964890639415 36.27069779823647 36.44174669007879 36.61279558192111 37.03315042015435 37.72001895410552 38.40688748805669 39.09375602200786 39.78062455595903 40.4674930899102 41.15436162386138 41.84123015781255 42.52809869176372 43.21496722571606 43.90183575966723 44.5887042936184 44.61592221794872 43.937958718670615 43.259995219392515 42.58203172011441 41.9040682208363 41.226104721558194 40.548141222280094 39.87017772300199 39.19221422372388 38.51425072444577 37.836287225166515 37.15832372588841 36.58233171866986 36.11534954336497 35.64836736806008 35.18138519275519 34.714403017450294 34.2474208421454 33.78043866684051 33.31345649153562 32.846474316230726
34.037207757156665 34.273522170599236 34.50983658404181 34.74615099748438 34.98246541092695 35.21877982436952 35.45509423781209 35.69140865125466 35.92772306469764 36.16403747814021 36.40035189158278 36.63666630502535 37.05647726825556 37.6724501936987 38.28842311914185 38.904396044584985 39.52036897002813 40.13634189547127 40.752314820914414 41.36828774635755 41.9842606718007 42.60023359724489 43.21620652268803 43.83217944813117 43.85223719641073 43.235248140134715 42.61825908385871 42.0012700275827 41.38428097130669 40.76729191503068 40.15030285875467 39.533313802478666 38.916324746202655 38.29933568992664 37.68234663364959 37.065357577373575 36.562966936874126 36.18308459540082 35.803202253927516 35.423319912454204 35.0434375709809 34.663555229507594 34.28367288803428 33.90379054656098 33.52390820508767
33.34315774265863 33.6447376777014 33.94631761274417 34.247897547786934 34.5494774828297 34.85105741787246 35.15263735291523 35.454217287957995 35.75579722300128 36.05737715804405 36.358957093086815 36.660537028129575 37.07980411635676 37.62488143329193 38.16995875022711 38.71503606716228 39.26011338409745 39.80519070103263 40.3502680179678 40.89534533490297 41.44042265183814 41.98549996877425 42.53057728570942 43.07565460264459 43.08855217487338 42.53253756159941 41.976522948325446 41.42050833505149 40.86449372177752 40.308479108503555 39.752464495229596 39.19644988195563 38.640435268681664 38.0844206554077 37.52840604213279 36.97239142885883 36.54360215507841 36.250819647436614 35.95803713979482 35.66525463215302 35.372472124511226 35.07968961686943 34.786907109227634 34.49412460158583 34.201342093944035
32.6491077281606 33.01595318480356 33.38279864144652 33.74964409808948 34.116489554732446 34.4833350113754 34.850180468018365 35.21702592466133 35.58387138130492 35.95071683794787 36.317562294590836 36.6844077512338 37.10313096445796 37.577312672885164 38.05149438131237 38.52567608973957 38.99985779816677 39.474039506593975 39.94822121502118 40.42240292344838 40.896584631875584 41.370766340303604 41.84494804873081 42.31912975715801 42.32486715333603 41.82982698306411 41.33478681279219 40.83974664252027 40.34470647224835 39.84966630197643 39.354626131704514 38.85958596143259 38.36454579116067 37.86950562088875 37.374465450615986 36.879425280344066 36.52423737328269 36.31855469947241 36.11287202566212 35.907189351851834 35.70150667804155 35.49582400423127 35.29014133042098 35.08445865661069 34.878775982800406
31.955057713662566 32.38716869190572 32.81927967014888 33.25139064839203 33.68350162663519 34.11561260487834 34.5477235831215 34.979834561364655 35.41194553960855 35.844056517851705 36.276167496094864 36.708278474338016 37.12645781255915 37.52974391247839 37.93303001239762 38.33631611231686 38.73960221223609 39.14288831215533 39.54617441207456 39.9494605119938 40.352746611913034 40.75603271183296 41.159318811752186 41.56260491167143 41.56118213179868 41.127116404528806 40.69305067725893 40.258984949989056 39.82491922271918 39.390853495449306 38.95678776817943 38.52272204090956 38.08865631363968 37.65459058636981 37.22052485909919 36.78645913182932 36.50487259148698 36.3862897515082 36.26770691152942 36.14912407155065 36.030541231571874 35.9119583915931 35.793375551614325 35.67479271163555 35.556209871656776
31.261007699164526 31.758384199007878 32.25576069885123 32.75313719869458 33.25051369853793 33.747890198381285 34.24526669822463 34.74264319806799 35.24001969791218 35.73739619775554 36.234772697598885 36.73214919744224 37.149784660660345 37.48217515207161 37.81456564348288 38.14695613489415 38.479346626305414 38.81173711771668 39.14412760912795 39.47651810053922 39.808908591950484 40.14129908336231 40.47368957477358 40.80608006618485 40.79749711026134 40.42440582599351 40.05131454172568 39.678223257457844 39.305131973190015 38.932040688922186 38.55894940465435 38.18585812038652 37.81276683611869 37.439675551850854 37.06658426758239 36.693492983314556 36.485507809691256 36.45402480354399 36.422541797396725 36.39105879124946 36.359575785102194 36.32809277895493 36.29660977280767 36.2651267666604 36.23364376051314
30.566957684666495 31.129599706110042 31.692241727553586 32.25488374899713 32.81752577044068 33.380167791884226 33.94280981332777 34.505451834771314 35.068093856215825 35.63073587765937 36.19337789910291 36.75601992054646 37.173111508761544 37.43460639166484 37.696101274568136 37.957596157471436 38.219091040374735 38.480585923278035 38.74208080618133 39.00357568908463 39.26507057198793 39.52656545489167 39.78806033779497 40.04955522069827 40.03381208872399 39.72169524745821 39.40957840619242 39.09746156492663 38.78534472366085 38.47322788239506 38.161111041129274 37.84899419986348 37.5368773585977 37.224760517331916 36.91264367606559 36.60052683479981 36.46614302789554 36.52175985557979 36.577376683264035 36.63299351094828 36.68861033863253 36.74422716631677 36.799843994001016 36.85546082168526 36.91107764936951
30.48030802101586 31.074678276346184 31.66904853167651 32.263418787006835 32.85778904233716 33.452159297667485 34.04652955299781 34.640899808328136 35.23527006365948 35.8296403189898 36.42401057432013 37.018380829650454 37.43031546642921 37.647222300483485 37.86412913453776 38.08103596859203 38.29794280264631 38.51484963670059 38.73175647075487 38.94866330480914 39.165570138863416 39.38247697291806 39.59938380697234 39.81629064102661 39.76947614264601 39.44073757426535 39.11199900588468 38.78326043750401 38.45452186912334 38.125783300742675 37.797044732362004 37.46830616398134 37.13956759560067 36.81082902722 36.48209045883877 36.153351890458104 36.043703985428785 36.16826895601213 36.29283392659547 36.417398897178806 36.54196386776215 36.66652883834549 36.791093808928835 36.91565877951218 37.040223750095514
31.04293104532287 31.633180287976145 32.223429530629424 32.8136787732827 33.40392801593598 33.994177258589254 34.58442650124253 35.17467574389581 35.7649249865501 36.35517422920337 36.94542347185665 37.53567271450993 37.93751931192751 38.137959220127705 38.3383991283279 38.53883903652809 38.739278944728284 38.93971885292848 39.140158761128674 39.34059866932887 39.541038577529065 39.7414784857296 39.9419183939298 40.14235830212999 40.03891288207976 39.610607171954854 39.18230146182996 38.753995751705055 38.32569004158015 37.89738433145526 37.469078621330354 37.04077291120546 36.612467201080555 36.18416149095566 35.755855780830025 35.32755007070513 35.19040396583622 35.36451406589235 35.53862416594849 35.712734266004624 35.886844366060764 36.0609544661169 36.23506456617303 36.40917466622917 36.5832847662853
31.6055540696294 32.19168229960563 32.77781052958186 33.363938759558096 33.95006698953433 34.53619521951056 35.12232344948679 35.708451679463025 36.29457990944026 36.88070813941649 37.46683636939272 38.052964599368956 38.444723157425365 38.62869613977149 38.81266912211762 38.99664210446375 39.18061508680988 39.36458806915601 39.54856105150213 39.73253403384826 39.91650701619439 40.100479998540834 40.28445298088696 40.46842596323309 40.30834962151326 39.78047676964421 39.25260391777516 38.72473106590612 38.19685821403707 37.66898536216802 37.14111251029898 36.61323965842993 36.085366806560884 35.55749395469184 35.02962110282189 34.50174825095285 34.33710394624437 34.56075917577326 34.78441440530215 35.00806963483104 35.231724864359926 35.45538009388881 35.6790353234177 35.902690552946595 36.12634578247548
32.16817709393593 32.75018431123512 33.33219152853431 33.914198745833495 34.49620596313268 35.07821318043187 35.66022039773106 36.242227615030245 36.824234832330426 37.40624204962961 37.9882492669288 38.57025648422799 38.951927002923235 39.11943305941529 39.28693911590735 39.45444517239941 39.621951228891476 39.789457285383534 39.95696334187559 40.12446939836765 40.29197545485972 40.45948151135206 40.626987567844125 40.794493624336184 40.57778636094676 39.950346367333566 39.32290637372037 38.695466380107185 38.06802638649399 37.440586392880796 36.81314639926761 36.185706405654415 35.55826641204122 34.93082641842803 34.303386424813766 33.67594643120058 33.483803926652534 33.75700428565417 34.03020464465581 34.30340500365745 34.576605362659095 34.849805721660736 35.12300608066237 35.39620643966401 35.669406798665655
32.730800118242456 33.3086863228646 33.88657252748674 34.46445873210889 35.04234493673103 35.62023114135317 36.19811734597531 36.77600355059746 37.353889755220585 37.931775959842724 38.50966216446487 39.08754836908701 39.45913084842109 39.61016997905909 39.76120910969708 39.912248240335074 40.063287370973065 40.21432650161106 40.36536563224905 40.51640476288705 40.667443893525046 40.81848302416329 40.96952215480129 41.12056128543928 40.84722310038027 40.12021596502293 39.39320882966559 38.666201694308256 37.939194558950916 37.212187423593576 36.485180288236236 35.758173152878896 35.03116601752156 34.304158882164224 33.57715174680564 32.8501446114483 32.63050390706069 32.95324939553508 33.27599488400948 33.59874037248387 33.92148586095826 34.24423134943266 34.56697683790705 34.889722326381445 35.212467814855835
33.293423142548995 33.86718833449409 34.44095352643919 35.01471871838429 35.58848391032938 36.16224910227448 36.73601429421958 37.30977948616467 37.88354467811075 38.45730987005585 39.031075062000944 39.604840253946044 39.96633469391896 40.10090689870288 40.23547910348681 40.37005130827074 40.50462351305466 40.63919571783859 40.77376792262252 40.90834012740644 41.04291233219037 41.177484536974525 41.312056741758454 41.446628946542376 41.11665983981377 40.290085562712285 39.46351128561081 38.63693700850932 37.810362731407835 36.98378845430635 36.157214177204864 35.33063990010338 34.50406562300189 33.677491345900414 32.850917068797514 32.02434279169603 31.77720388746885 32.149494505415994 32.52178512336314 32.89407574131029 33.26636635925743 33.638656977204576 34.01094759515172 34.38323821309886 34.75552883104601
33.85604616685553 34.425690346123574 34.99533452539163 35.56497870465968 36.13462288392773 36.704267063195786 37.27391124246384 37.84355542173189 38.41319960100091 38.982843780268965 39.55248795953702 40.12213213880507 40.473538539416815 40.591643818346675 40.709749097276536 40.827854376206396 40.94595965513626 41.06406493406611 41.18217021299597 41.30027549192583 41.41838077085569 41.53648604978575 41.65459132871561 41.77269660764547 41.38609657924727 40.45995516040164 39.53381374155602 38.607672322710386 37.681530903864754 36.75538948501912 35.82924806617349 34.90310664732786 33.97696522848223 33.0508238096366 32.12468239078939 31.19854097194376 30.92390386787701 31.345739615296907 31.767575362716805 32.1894111101367 32.6112468575566 33.03308260497649 33.45491835239639 33.87675409981629 34.29858984723619
34.41866919116253 34.984192357753535 35.54971552434454 36.11523869093554 36.68076185752655 37.246285024117554 37.81180819070856 38.37733135729956 38.94285452389153 39.50837769048253 40.07390085707354 40.639424023664546 40.98074238491512 41.082380737990896 41.18401909106667 41.28565744414245 41.38729579721823 41.48893415029401 41.590572503369785 41.69221085644556 41.79384920952134 41.895487562597296 41.997125915673074 42.09876426874885 41.655533318681016 40.629824758091154 39.60411619750129 38.57840763691143 37.55269907632157 36.526990515731704 35.50128195514184 34.47557339455198 33.449864833962124 32.42415627337226 31.398447712780648 30.37273915219079 30.070603848284442 30.541984725177134 31.013365602069825 31.484746478962517 31.95612735585521 32.427508232747904 32.89888910964059 33.37026998653329 33.841650863425976
34.98129221546906 35.54269436938302 36.10409652329698 36.66549867721094 37.2269008311249 37.78830298503886 38.34970513895282 38.911107292866774 39.47250944678169 40.03391160069565 40.59531375460961 41.156715908523566 41.48794623041297 41.57311765763468 41.6582890848564 41.74346051207811 41.82863193929982 41.913803366521535 41.998974793743244 42.08414622096495 42.16931764818666 42.25448907540852 42.33966050263024 42.42483192985195 41.92497005811452 40.79969435578051 39.6744186534465 38.54914295111249 37.423867248778485 36.29859154644448 35.17331584411047 34.04804014177646 32.92276443944245 31.797488737108445 30.67221303477252 29.54693733243851 29.2173038286926 29.738229835058043 30.25915584142349 30.78008184778893 31.301007854154374 31.82193386051982 32.34285986688526 32.863785873250706 33.38471187961615
35.54391523977559 36.10119638101251 36.65847752224942 37.21575866348633 37.77303980472325 38.33032094596016 38.88760208719708 39.444883228433994 40.00216436967186 40.55944551090877 41.11672665214569 41.6740077933826 41.99515007591084 42.063854577278484 42.13255907864613 42.20126358001377 42.26996808138142 42.33867258274906 42.40737708411671 42.47608158548435 42.544786086852 42.61349058821976 42.6821950895874 42.75089959095505 42.19440679754803 40.96956395346987 39.74472110939172 38.519878265313565 37.29503542123541 36.07019257715726 34.845349733079104 33.62050688900094 32.39566404492279 31.170821200844635 29.945978356764392 28.72113551268624 28.36400380910076 28.934474944938955 29.504946080777152 30.07541721661535 30.645888352453547 31.21635948829174 31.786830624129937 32.35730175996814 32.92777289580633
36.106538264082126 36.65969839264199 37.212858521201866 37.76601864976173 38.3191787783216 38.872338906881474 39.42549903544134 39.978659164001215 40.53181929256203 41.08497942112189 41.63813954968177 42.191299678241634 42.502353921408705 42.554591496922285 42.60682907243586 42.65906664794944 42.71130422346302 42.76354179897659 42.81577937449017 42.86801695000374 42.92025452551732 42.97249210103099 43.02472967654457 43.07696725205814 42.46384353698153 41.13943355115923 39.81502356533693 38.49061357951463 37.16620359369233 35.84179360787003 34.517383622047724 33.192973636225425 31.868563650403125 30.544153664580826 29.219743678756267 27.895333692933967 27.51070378950892 28.130720054819868 28.750736320130816 29.370752585441764 29.990768850752712 30.61078511606366 31.23080138137461 31.850817646685556 32.47083391199651
