Figures/CREST_Example_wjb_NSE/Rolling_result/20100722/BJP_forecast/ens_20/wjb.rain.20100724.asc
ncols            288
nrows            254
xllcorner        113.274861
yllcorner        31.4918055
cellsize         0.008333333333
NODATA_value     -9999
[rows 200 to 219 of 254, columns 45 to 89 of 288]
-9999.0 -9999.0 -9999.0 -9999.0 -9999.0 -9999.0 -9999.0 -9999.0 -9999.0 5.350819617660727 5.350819617660727 5.350819617660727 5.350819617660727 5.350819617660727 5.350819617660727 5.350819617660727 5.350819617660727 5.350819617660727 4.263664461507132 4.272847670996536 4.282030880485956 4.29121408997536 4.300397299464764 4.309580508954168 4.318763718443572 4.327946927932976 4.33713013742238 4.346313346911784 4.355496556401188 4.364679765890592 4.354541889996083 4.323749337042578 4.292956784089073 4.262164231135515 4.231371678182009 4.200579125228504 4.169786572274999 4.138994019321494 4.108201466367989 4.077408913414484 4.046616360460979 4.0158238075074735 3.994782954012987 3.984166887712736 3.9735508214124846
-9999.0 -9999.0 -9999.0 -9999.0 -9999.0 -9999.0 -9999.0 -9999.0 5.350819617660727 5.350819617660727 5.350819617660727 5.350819617660727 5.350819617660727 5.350819617660727 5.350819617660727 5.350819617660727 5.350819617660727 5.350819617660727 3.9443445043937526 3.953320009638386 3.9622955148830337 3.971271020127667 3.9802465253722996 3.989222030616933 3.9981975358615656 4.007173041106198 4.0161485463508315 4.025124051595465 4.034099556840097 4.04307506208473 4.049102528720679 4.051978475438883 4.054854422157088 4.057730368875298 4.060606315593502 4.063482262311707 4.066358209029911 4.0692341557481155 4.07211010246632 4.074986049184525 4.07786199590273 4.080737942620934 4.072393190547511 4.0520532577812345 4.031713325014958
-9999.0 -9999.0 -9999.0 -9999.0 -9999.0 -9999.0 -9999.0 5.350819617660727 5.350819617660727 5.350819617660727 5.350819617660727 5.350819617660727 5.350819617660727 5.350819617660727 5.350819617660727 5.350819617660727 5.350819617660727 5.350819617660727 3.625024547280373 3.6337923482802346 3.642560149280112 3.6513279502799736 3.6600957512798358 3.6688635522796975 3.6776313532795597 3.6863991542794214 3.6951669552792836 3.703934756279146 3.7127025572790076 3.7214703582788697 3.743663167445275 3.7802076138351897 3.816752060225104 3.853296506615081 3.889840953004995 3.9263853993949094 3.9629298457848234 3.999474292174738 4.036018738564652 4.072563184954566 4.1091076313444805 4.145652077734395 4.150003427082034 4.119939627849732 4.08987582861743
-9999.0 -9999.0 -9999.0 -9999.0 -9999.0 -9999.0 -9999.0 -9999.0 5.350819617660727 5.350819617660727 5.350819617660727 5.350819617660727 5.350819617660727 5.350819617660727 5.350819617660727 5.350819617660727 5.350819617660727 5.350819617660727 3.3057045901669926 3.3142646869220838 3.322824783677189 3.3313848804322803 3.3399449771873715 3.348505073942462 3.3570651706975534 3.3656252674526446 3.3741853642077353 3.3827454609628265 3.391305557717917 3.3998656544730084 3.4382238061698716 3.508436752231496 3.5786496982931197 3.6488626443548635 3.719075590416488 3.7892885364781117 3.859501482539736 3.9297144286013603 3.999927374662984 4.070140320724608 4.140353266786232 4.210566212847857 4.227613663616558 4.187825997918231 4.148038332219904
-9999.0 -9999.0 -9999.0 -9999.0 -9999.0 -9999.0 -9999.0 -9999.0 -9999.0 5.350819617660727 5.350819617660727 5.350819617660727 5.350819617660727 5.350819617660727 5.350819617660727 5.350819617660727 5.350819617660727 5.350819617660727 2.986384633053477 2.9947370255637966 3.003089418074131 3.0114418105844507 3.019794203094771 3.0281465956050906 3.0364989881154107 3.0448513806257305 3.0532037731360506 3.061556165646371 3.0699085581566905 3.0782609506670107 3.132784444894338 3.236665890627686 3.340547336361034 3.4444287820945596 3.548310227827908 3.6521916735612563 3.756073119294604 3.8599545650279525 3.963836010761301 4.067717456494649 4.171598902227998 4.275480347961345 4.305223900151114 4.255712367986758 4.2062008358224015
-9999.0 -9999.0 -9999.0 -9999.0 -9999.0 -9999.0 -9999.0 -9999.0 -9999.0 5.350819617660727 5.350819617660727 5.350819617660727 5.350819617660727 5.350819617660727 5.350819617660727 5.350819617660727 5.350819617660727 5.350819617660727 5.350819617660727 5.350819617660727 5.350819617660727 5.350819617660727 5.350819617660727 5.350819617660727 5.350819617660727 5.350819617660727 5.350819617660727 5.350819617660727 5.350819617660727 5.350819617660727 2.979657757246808 3.1000412886170756 3.2204248199873438 3.3408083513578166 3.4611918827280848 3.5815754140983525 3.70195894546862 3.8223424768388883 3.942726008209156 4.063109539579424 4.183493070949692 4.30387660231996 5.350819617660727 5.350819617660727 5.350819617660727
-9999.0 -9999.0 -9999.0 -9999.0 -9999.0 -9999.0 -9999.0 -9999.0 -9999.0 -9999.0 -9999.0 5.350819617660727 5.350819617660727 5.350819617660727 5.350819617660727 5.350819617660727 5.350819617660727 5.350819617660727 5.350819617660727 5.350819617660727 5.350819617660727 5.350819617660727 5.350819617660727 5.350819617660727 5.350819617660727 5.350819617660727 5.350819617660727 5.350819617660727 5.350819617660727 5.350819617660727 2.9893437177129143 3.10787952008519 3.226415322457466 3.3449511248299437 3.4634869272022195 3.5820227295744953 3.700558531946771 3.819094334319047 3.9376301366913227 4.0561659390635985 4.174701741435874 4.29323754380815 5.350819617660727 5.350819617660727 5.350819617660727
-9999.0 -9999.0 -9999.0 -9999.0 -9999.0 -9999.0 -9999.0 -9999.0 -9999.0 -9999.0 -9999.0 -9999.0 5.350819617660727 5.350819617660727 5.350819617660727 5.350819617660727 5.350819617660727 5.350819617660727 5.350819617660727 5.350819617660727 5.350819617660727 5.350819617660727 5.350819617660727 5.350819617660727 5.350819617660727 5.350819617660727 5.350819617660727 5.350819617660727 5.350819617660727 5.350819617660727 2.999029678179025 3.1157177515533077 3.2324058249275907 3.3490938983020726 3.4657819716763556 3.5824700450506386 3.6991581184249216 3.8158461917992046 3.932534265173487 4.04922233854777 4.165910411922053 4.282598485296337 5.350819617660727 5.350819617660727 5.350819617660727
-9999.0 -9999.0 -9999.0 -9999.0 -9999.0 -9999.0 -9999.0 -9999.0 -9999.0 -9999.0 -9999.0 -9999.0 5.350819617660727 5.350819617660727 5.350819617660727 5.350819617660727 5.350819617660727 5.350819617660727 5.350819617660727 5.350819617660727 5.350819617660727 5.350819617660727 5.350819617660727 5.350819617660727 5.350819617660727 5.350819617660727 5.350819617660727 5.350819617660727 5.350819617660727 5.350819617660727 3.008715638645131 3.123555983021422 3.2383963273977128 3.3532366717741997 3.468077016150491 3.5829173605267814 3.6977577049030725 3.812598049279363 3.9274383936556543 4.042278738031945 4.1571190824082365 4.271959426784527 5.350819617660727 5.350819617660727 5.350819617660727
-9999.0 -9999.0 -9999.0 -9999.0 -9999.0 -9999.0 -9999.0 -9999.0 -9999.0 -9999.0 -9999.0 -9999.0 -9999.0 5.350819617660727 5.350819617660727 5.350819617660727 5.350819617660727 5.350819617660727 5.350819617660727 5.350819617660727 5.350819617660727 5.350819617660727 5.350819617660727 5.350819617660727 5.350819617660727 5.350819617660727 5.350819617660727 5.350819617660727 5.350819617660727 5.350819617660727 3.0184015991112374 3.1313942144895366 3.2443868298678353 3.357379445246327 3.4703720606246256 3.5833646760029247 3.696357291381224 3.8093499067595227 3.9223425221378214 4.03533513751612 4.148327752894419 4.2613203682727185 5.350819617660727 5.350819617660727 5.350819617660727
-9999.0 -9999.0 -9999.0 -9999.0 -9999.0 -9999.0 -9999.0 -9999.0 -9999.0 -9999.0 -9999.0 -9999.0 -9999.0 -9999.0 5.350819617660727 5.350819617660727 5.350819617660727 5.350819617660727 5.350819617660727 5.350819617660727 5.350819617660727 5.350819617660727 5.350819617660727 5.350819617660727 5.350819617660727 5.350819617660727 5.350819617660727 5.350819617660727 5.350819617660727 5.350819617660727 3.0280875595773478 3.1392324459576537 3.2503773323379597 3.3615222187184557 3.4726671050987616 3.5838119914790676 3.694956877859374 3.80610176423968 3.917246650619986 4.028391537000292 4.139536423380598 4.250681309760904 5.350819617660727 5.350819617660727 5.350819617660727
-9999.0 -9999.0 -9999.0 -9999.0 -9999.0 -9999.0 -9999.0 -9999.0 -9999.0 -9999.0 -9999.0 -9999.0 -9999.0 -9999.0 -9999.0 -9999.0 -9999.0 5.350819617660727 5.350819617660727 5.350819617660727 5.350819617660727 5.350819617660727 5.350819617660727 5.350819617660727 5.350819617660727 5.350819617660727 5.350819617660727 5.350819617660727 5.350819617660727 5.350819617660727 3.037773520043454 3.147070677425768 3.2563678348080822 3.365664992190583 3.474962149572897 3.584259306955211 3.693556464337525 3.802853621719839 3.912150779102153 4.021447936484467 4.130745093866781 4.240042251249095 5.350819617660727 5.350819617660727 5.350819617660727
-9999.0 -9999.0 -9999.0 -9999.0 -9999.0 -9999.0 -9999.0 -9999.0 -9999.0 -9999.0 -9999.0 -9999.0 -9999.0 -9999.0 -9999.0 -9999.0 -9999.0 5.350819617660727 5.350819617660727 5.350819617660727 5.350819617660727 5.350819617660727 5.350819617660727 5.350819617660727 5.350819617660727 5.350819617660727 5.350819617660727 5.350819617660727 5.350819617660727 5.350819617660727 3.04745948050956 3.154908908893882 3.2623583372782043 3.36980776566271 3.477257194047032 3.584706622431354 3.692156050815676 3.7996054791999985 3.90705490758432 4.014504335968643 4.1219537643529645 4.229403192737287 5.350819617660727 5.350819617660727 5.350819617660727
-9999.0 -9999.0 -9999.0 -9999.0 -9999.0 -9999.0 -9999.0 -9999.0 -9999.0 -9999.0 -9999.0 -9999.0 -9999.0 -9999.0 -9999.0 -9999.0 -9999.0 -9999.0 -9999.0 5.350819617660727 5.350819617660727 5.350819617660727 5.350819617660727 5.350819617660727 5.350819617660727 5.350819617660727 5.350819617660727 5.350819617660727 5.350819617660727 5.350819617660727 3.057145440975671 3.162747140362 3.268348839748329 3.3739505391348388 3.479552238521168 3.5851539379074975 3.6907556372938264 3.7963573366801557 3.901959036066485 4.007560735452815 4.113162434839143 4.218764134225473 5.350819617660727 5.350819617660727 5.350819617660727
-9999.0 -9999.0 -9999.0 -9999.0 -9999.0 -9999.0 -9999.0 -9999.0 -9999.0 -9999.0 -9999.0 -9999.0 -9999.0 -9999.0 -9999.0 -9999.0 -9999.0 -9999.0 -9999.0 -9999.0 -9999.0 5.350819617660727 -9999.0 5.350819617660727 5.350819617660727 5.350819617660727 5.350819617660727 5.350819617660727 5.350819617660727 5.350819617660727 3.066831401441777 3.1705853718301142 3.2743393422184512 3.3780933126069654 3.481847282995303 3.5856012533836403 3.6893552237719778 3.793109194160315 3.8968631645486522 4.00061713493699 4.104371105325327 4.208125075713664 5.350819617660727 5.350819617660727 5.350819617660727
-9999.0 -9999.0 -9999.0 -9999.0 -9999.0 -9999.0 -9999.0 -9999.0 -9999.0 -9999.0 -9999.0 -9999.0 -9999.0 -9999.0 -9999.0 -9999.0 -9999.0 -9999.0 -9999.0 -9999.0 -9999.0 -9999.0 -9999.0 -9999.0 -9999.0 5.350819617660727 5.350819617660727 5.350819617660727 5.350819617660727 5.350819617660727 3.076517361907883 3.1784236032982283 3.280329844688574 3.3822360860790925 3.4841423274694376 3.586048568859783 3.6879548102501283 3.7898610516404734 3.891767293030819 3.993673534421164 4.095579775811509 4.197486017201854 5.350819617660727 5.350819617660727 5.350819617660727
-9999.0 -9999.0 -9999.0 -9999.0 -9999.0 -9999.0 -9999.0 -9999.0 -9999.0 -9999.0 -9999.0 -9999.0 -9999.0 -9999.0 -9999.0 -9999.0 -9999.0 -9999.0 -9999.0 -9999.0 -9999.0 -9999.0 -9999.0 -9999.0 -9999.0 5.350819617660727 5.350819617660727 5.350819617660727 5.350819617660727 5.350819617660727 3.0862033223739895 3.1862618347663427 3.286320347158696 3.3863788595512196 3.486437371943573 3.586495884335926 3.6865543967282792 3.7866129091206324 3.8866714215129856 3.986729933905339 4.0867884462976924 4.186846958690046 5.350819617660727 5.350819617660727 5.350819617660727
-9999.0 -9999.0 -9999.0 -9999.0 -9999.0 -9999.0 -9999.0 -9999.0 -9999.0 -9999.0 -9999.0 -9999.0 -9999.0 -9999.0 -9999.0 -9999.0 -9999.0 -9999.0 -9999.0 -9999.0 -9999.0 -9999.0 -9999.0 -9999.0 -9999.0 -9999.0 5.350819617660727 5.350819617660727 5.350819617660727 5.350819617660727 5.350819617660727 5.350819617660727 5.350819617660727 5.350819617660727 5.350819617660727 5.350819617660727 5.350819617660727 5.350819617660727 5.350819617660727 5.350819617660727 5.350819617660727 5.350819617660727 5.350819617660727 5.350819617660727 5.350819617660727
-9999.0 -9999.0 -9999.0 -9999.0 -9999.0 -9999.0 -9999.0 -9999.0 -9999.0 -9999.0 -9999.0 -9999.0 -9999.0 -9999.0 -9999.0 -9999.0 -9999.0 -9999.0 -9999.0 -9999.0 -9999.0 -9999.0 -9999.0 -9999.0 -9999.0 -9999.0 -9999.0 5.350819617660727 5.350819617660727 5.350819617660727 5.350819617660727 5.350819617660727 5.350819617660727 5.350819617660727 5.350819617660727 5.350819617660727 5.350819617660727 5.350819617660727 5.350819617660727 5.350819617660727 5.350819617660727 5.350819617660727 5.350819617660727 5.350819617660727 5.350819617660727
-9999.0 -9999.0 -9999.0 -9999.0 -9999.0 -9999.0 -9999.0 -9999.0 -9999.0 -9999.0 -9999.0 -9999.0 -9999.0 -9999.0 -9999.0 -9999.0 -9999.0 -9999.0 -9999.0 -9999.0 -9999.0 -9999.0 -9999.0 -9999.0 -9999.0 -9999.0 -9999.0 -9999.0 5.350819617660727 5.350819617660727 5.350819617660727 5.350819617660727 5.350819617660727 5.350819617660727 5.350819617660727 5.350819617660727 5.350819617660727 5.350819617660727 5.350819617660727 5.350819617660727 5.350819617660727 5.350819617660727 5.350819617660727 5.350819617660727 5.350819617660727
