Figures/CREST_Example_wjb_NSE/Rolling_result/20100722/BJP_forecast/ens_20/wjb.rain.20100727.asc
ncols            288
nrows            254
xllcorner        113.274861
yllcorner        31.4918055
cellsize         0.008333333333
NODATA_value     -9999
[rows 150 to 174 of 254, columns 112 to 167 of 288]
0.0 0.0 0.0 0.0 0.0 0.0 0.0 0.0 0.0 0.0 0.0 0.002328008994818838 0.00714471225253146 0.011961415510244083 0.016778118767956703 0.021594822025669327 0.026411525283381948 0.031228228541094572 0.036044931798815405 0.040861635056528026 0.04567833831424065 0.050495041571953274 0.055311744829665895 0.05547243010237317 0.05065572684465986 0.04583902358694655 0.04102232032923325 0.03620561707151994 0.03138891381380664 0.026572210556093333 0.02175550729838003 0.016938804040658506 0.012122100782945198 0.007305397525231898 0.0024886942675185902 0.0 0.0 0.0 0.0 0.0 0.0 0.0 0.0 0.0 0.0 0.0 0.0 0.0 0.0 0.0 0.0 0.0 0.0 0.0 0.0 0.0
0.0 0.0 0.0 0.0 0.0 0.0 0.0 0.0 0.0 0.0 0.0 0.0027525693892076083 0.008447697704254378 0.014142826019301146 0.019837954334347915 0.025533082649394686 0.031228210964441453 0.036923339279488224 0.042618467594544705 0.04831359590959147 0.05400872422463824 0.05970385253968501 0.06539898085473178 0.06558897039684046 0.05989384208179288 0.0541987137667453 0.04850358545169772 0.042808457136650144 0.037113328821602565 0.03141820050655499 0.025723072191507414 0.02002794387645012 0.014332815561402541 0.008637687246354962 0.00294255893130739 0.0 0.0 0.0 0.0 0.0 0.0 0.0 0.0 0.0 0.0 0.0 0.0 0.0 0.0 0.0 0.0 0.0 0.0 0.0 0.0 0.0
0.0 0.0 0.0 0.0 0.0 0.0 0.0 0.0 0.0 0.0 0.0 0.0031771297835963795 0.009750683155977297 0.016324236528358214 0.02289778990073913 0.029471343273120048 0.036044896645500965 0.04261845001788188 0.049192003390274006 0.055765556762654926 0.06233911013503584 0.06891266350741676 0.07548621687979767 0.07570551069130776 0.06913195731892591 0.06255840394654405 0.05598485057416221 0.049411297201780356 0.042837743829398506 0.036264190457016655 0.029690637084634805 0.02311708371224175 0.016543530339859898 0.009969976967478048 0.00339642359509619 0.0 0.0 0.0 0.0 0.0 0.0 0.0 0.0 0.0 0.0 0.0 0.0 0.0 0.0 0.0 0.0 0.0 0.0 0.0 0.0 0.0
0.0 0.0 0.0 0.0 0.0 0.0 0.0 0.0 0.0 0.0 0.0 0.0036016901779851508 0.011053668607700216 0.01850564703741528 0.025957625467130343 0.033409603896845406 0.040861582326560474 0.04831356075627554 0.05576553918600331 0.06321751761571838 0.07066949604543343 0.0781214744751485 0.08557345290486357 0.08582205098577507 0.07837007255605895 0.07091809412634281 0.06346611569662669 0.056014137266910576 0.04856215883719445 0.041110180407478325 0.0336582019777622 0.02620622354803337 0.018754245118317248 0.011302266688601126 0.003850288258885004 0.0 0.0 0.0 0.0 0.0 0.0 0.0 0.0 0.0 0.0 0.0 0.0 0.0 0.0 0.0 0.0 0.0 0.0 0.0 0.0 0.0
0.0 0.0 0.0 0.0 0.0 0.0 0.0 0.0 0.0 0.0 0.0 0.004026250572373922 0.012356654059423135 0.020687057546472345 0.02901746103352156 0.03734786452057077 0.04567826800761998 0.054008671494669196 0.06233907498173261 0.07066947846878183 0.07899988195583103 0.08733028544288025 0.09566068892992946 0.09593859128024236 0.08760818779319196 0.07927778430614157 0.07094738081909117 0.06261697733204077 0.05428657384499038 0.04595617035793999 0.03762576687088959 0.02929536338382499 0.02096495989677459 0.01263455640972419 0.00430415292267379 0.0 0.0 0.0 0.0 0.0 0.0 0.0 0.0 0.0 0.0 0.0 0.0 0.0 0.0 0.0 0.0 0.0 0.0 0.0 0.0 0.0
0.0 0.0 0.0 0.0 0.0 0.0 0.0 0.0 0.0 0.0 0.0 0.004450810966762692 0.013659639511146052 0.02286846805552941 0.03207729659991277 0.04128612514429613 0.05049495368867949 0.059703782233062844 0.06891261077746191 0.07812143932184527 0.08733026786622863 0.096539096410612 0.10574792495499534 0.10605513157470967 0.09684630303032499 0.08763747448594032 0.07842864594155566 0.06921981739717098 0.060010988852786315 0.050802160308401643 0.04159333176401697 0.0323845032196166 0.023175674675231933 0.013966846130847269 0.00475801758646259 0.0 0.0 0.0 0.0 0.0 0.0 0.0 0.0 0.0 0.0 0.0 0.0 0.0 0.0 0.0 0.0 0.0 0.0 0.0 0.0 0.0
0.0 0.0 0.0 0.0 0.0 0.0 0.0 0.0 0.0 0.0 0.0 0.004875371361151464 0.014962624962868971 0.02504987856458648 0.035137132166303986 0.04522438576802149 0.055311639369739006 0.06539889297145651 0.07548614657319122 0.08557340017490873 0.09566065377662623 0.10574790737834375 0.11583516098006125 0.11617167186917696 0.10608441826745801 0.09599716466573907 0.08590991106402013 0.0758226574623012 0.06573540386058226 0.05564815025886331 0.04556089665714437 0.03547364305540823 0.02538638945368929 0.01529913585197036 0.005211882250251418 0.0 0.0 0.0 0.0 0.0 0.0 0.0 0.0 0.0 0.0 0.0 0.0 0.0 0.0 0.0 0.0 0.0 0.0 0.0 0.0 0.0
0.0 0.0 0.0 0.0 0.0 0.0 0.0 0.0 0.0 0.0 0.0 0.005779835327570603 0.01773844533007116 0.02969705533257172 0.04165566533507228 0.053614275337572834 0.0655728853400734 0.07753149534257395 0.0894901053450949 0.10144871534759546 0.11340732535009601 0.12536593535259657 0.13732454535509714 0.13772348471395734 0.1257648747114551 0.11380626470895283 0.10184765470645057 0.08988904470394832 0.07793043470144606 0.0659718246989438 0.05401321469644155 0.04205460469391889 0.030095994691416633 0.018137384688914376 0.00617877468641212 0.0 0.0 0.0 0.0 0.0 0.0 0.0 0.0 0.0 0.0 0.0 0.0 0.0 0.0 0.0 0.0 0.0 0.0 0.0 0.0 0.0
0.0 0.0 0.0 0.0 0.0 0.0 0.0 0.0 0.0 0.0 0.0 0.007197285961083818 0.022088633379670358 0.0369799807982569 0.05187132821684344 0.06676267563542998 0.08165402305401652 0.09654537047260306 0.111436717891215 0.12632806530980153 0.14121941272838806 0.15611076014697461 0.17100210756556114 0.1714988830763014 0.15660753565771274 0.14171618823912407 0.1268248408205354 0.11193349340194678 0.09704214598335811 0.08215079856476946 0.0672594511461808 0.052368103727566756 0.03747675630897809 0.02258540889038943 0.007694061471800767 0.0 0.0 0.0 0.0 0.0 0.0 0.0 0.0 0.0 0.0 0.0 0.0 0.0 0.0 0.0 0.0 0.0 0.0 0.0 0.0 0.0
0.0 0.0 0.0 0.0 0.0 0.0 0.0 0.0 0.0 0.0 0.0 0.008614736594597036 0.026438821429269566 0.044262906263942095 0.062086991098614625 0.07991107593328715 0.09773516076795968 0.11555924560263221 0.13338333043733513 0.15120741527200768 0.1690315001066802 0.18685558494135274 0.20467966977602525 0.2052742814386455 0.18745019660397044 0.16962611176929537 0.15180202693462033 0.13397794209994526 0.11615385726527021 0.09832977243059514 0.08050568759592008 0.06268160276121462 0.04485751792653955 0.02703343309186451 0.009209348257189442 0.0 0.0 0.0 0.0 0.0 0.0 0.0 0.0 0.0 0.0 0.0 0.0 0.0 0.0 0.0 0.0 0.0 0.0 0.0 0.0 0.0
0.0 0.0 0.0 0.0 0.0 0.0 0.0 0.0 0.0 0.0 0.0 0.010032187228110251 0.03078900947886876 0.05154583172962727 0.07230265398038578 0.09305947623114429 0.1138162984819028 0.1345731207326613 0.1553299429834552 0.17608676523421374 0.19684358748497224 0.21760040973573075 0.23835723198648925 0.23904967980098957 0.21829285755022812 0.19753603529946664 0.1767792130487052 0.15602239079794372 0.13526556854718227 0.1145087462964208 0.09375192404565935 0.07299510179486249 0.05223827954410104 0.031481457293339565 0.010724635042578118 0.0 0.0 0.0 0.0 0.0 0.0 0.0 0.0 0.0 0.0 0.0 0.0 0.0 0.0 0.0 0.0 0.0 0.0 0.0 0.0 0.0
0.0 0.0 0.0 0.0 0.0 0.0 0.0 0.0 0.0 0.0 0.0 0.011449637861623467 0.03513919752846796 0.058828757195312456 0.08251831686215695 0.10620787652900145 0.12989743619584593 0.15358699586269042 0.17727655552957533 0.20096611519641983 0.22465567486326432 0.24834523453010882 0.2720347941969533 0.2728250781633336 0.24913551849648577 0.22544595882963792 0.20175639916279003 0.17806683949594218 0.15437727982909433 0.13068772016224645 0.10699816049539859 0.08330860082851033 0.05961904116166247 0.03592948149481462 0.012239921827966738 0.0 0.0 0.0 0.0 0.0 0.0 0.0 0.0 0.0 0.0 0.0 0.0 0.0 0.0 0.0 0.0 0.0 0.0 0.0 0.0 0.0
0.0 0.0 0.0 0.0 0.0 0.0 0.0 0.0 0.0 0.0 0.0 0.012867088495136684 0.039489385578067165 0.06611168266099765 0.09273397974392814 0.1193562768268586 0.1459785739097891 0.17260087099271956 0.19922316807569546 0.22584546515862594 0.2524677622415564 0.2790900593244869 0.3057123564074174 0.30660047652567773 0.2799781794427435 0.2533558823598092 0.22673358527687493 0.2001112881939407 0.1734889911110064 0.14686669402807215 0.12024439694513789 0.09362209986215822 0.06699980277922396 0.04037750569628967 0.01375520861335544 0.0 0.0 0.0 0.0 0.0 0.0 0.0 0.0 0.0 0.0 0.0 0.0 0.0 0.0 0.0 0.0 0.0 0.0 0.0 0.0 0.0
0.0 0.0 0.0 0.0 0.0 0.0 0.0 0.0 0.0 0.0 0.0 0.01428453912865111 0.043839573627670075 0.07339460812668905 0.10294964262570801 0.13250467712472697 0.16205971162374594 0.1916147461227649 0.2211697806218343 0.25072481512085326 0.28027984961987223 0.3098348841188912 0.3393899186179101 0.3403758748880506 0.31082084038902746 0.2812658058900043 0.2517107713909811 0.22215573689195794 0.19260070239293478 0.16304566789391162 0.13349063339488845 0.10393559889581488 0.07438056439679169 0.04482552989776856 0.015270495398745365 0.0 0.0 0.0 0.0 0.0 0.0 0.0 0.0 0.0 0.0 0.0 0.0 0.0 0.0 0.0 0.0 0.0 0.0 0.0 0.0 0.0
0.0 0.0 0.0 0.0 0.0 0.0 0.0 0.0 0.0 0.0 0.0 0.015701989762164324 0.04818976167726927 0.08067753359237421 0.11316530550747916 0.14565307742258413 0.17814084933768906 0.210628621252794 0.24311639316795436 0.2756041650830593 0.30809193699816423 0.3405797089132692 0.37306748082837415 0.37415127325039466 0.3416635013352851 0.30917572942017557 0.276687957505066 0.2442001855899564 0.21171241367484683 0.17922464175973726 0.14673686984462772 0.11424909792946275 0.08176132601435315 0.04927355409924361 0.016785782184134068 0.0 0.0 0.0 0.0 0.0 0.0 0.0 0.0 0.0 0.0 0.0 0.0 0.0 0.0 0.0 0.0 0.0 0.0 0.0 0.0 0.0
0.0 0.0 0.0 0.0 0.0 0.0 0.0 0.0 0.0 0.0 0.0 0.017119440395677542 0.05253994972686848 0.08796045905805941 0.12338096838925035 0.1588014777204413 0.1942219870516322 0.22964249638282316 0.2650630057140745 0.30048351504526544 0.33590402437645633 0.3713245337076473 0.40674504303883824 0.40792667161273877 0.3725061622815428 0.33708565295034687 0.30166514361915087 0.2662446342879549 0.23082412495675894 0.19540361562556297 0.15998310629436702 0.12456259696311062 0.08914208763191467 0.05372157830071872 0.018301068969522716 0.0 0.0 0.0 0.0 0.0 0.0 0.0 0.0 0.0 0.0 0.0 0.0 0.0 0.0 0.0 0.0 0.0 0.0 0.0 0.0 0.0
0.0 0.0 0.0 0.0 0.0 0.0 0.0 0.0 0.0 0.0 0.0 0.018536891029190757 0.056890137776467675 0.09524338452374459 0.1335966312710215 0.17194987801829845 0.21030312476557536 0.24865637151285228 0.2870096182601946 0.3253628650074715 0.36371611175474844 0.40206935850202535 0.44042260524930227 0.4417020699750828 0.40334882322780047 0.3649955764805181 0.3266423297332357 0.28828908298595335 0.24993583623867102 0.21158258949138864 0.17322934274410628 0.13487609599675848 0.09652284924947613 0.058169602502193773 0.01981635575491142 0.0 0.0 0.0 0.0 0.0 0.0 0.0 0.0 0.0 0.0 0.0 0.0 0.0 0.0 0.0 0.0 0.0 0.0 0.0 0.0 0.0
0.0 0.0 0.0 0.0 0.0 0.0 0.0 0.0 0.0 0.0 0.0 0.019954341662703972 0.06124032582606688 0.10252630998942978 0.14381229415279267 0.18509827831615558 0.22638426247951848 0.2676702466428814 0.3089562308063147 0.3502422149696776 0.3915281991330405 0.4328141832964034 0.4741001674597663 0.4754774683374269 0.4341914841740581 0.39290550001068936 0.35161951584732054 0.31033353168395184 0.269047547520583 0.22776156335721426 0.1864755791938455 0.1451895950304063 0.10390361086703753 0.06261762670366877 0.02133164254030001 0.0 0.0 0.0 0.0 0.0 0.0 0.0 0.0 0.0 0.0 0.0 0.0 0.0 0.0 0.0 0.0 0.0 0.0 0.0 0.0 0.0
0.0 0.0 0.0 0.0 0.0 0.0 0.0 0.0 0.0 0.0 0.0 0.02137179229621719 0.06559051387566607 0.10980923545511496 0.15402795703456384 0.19824667861401274 0.24246540019346163 0.2866841217729105 0.3309028433524348 0.3751215649318837 0.4193402865113326 0.4635590080907815 0.5077777296702304 0.509252866699771 0.4650341451203158 0.42081542354086066 0.3765967019614055 0.3323779803819503 0.28815925880249516 0.24394053722304 0.19972181564358482 0.15550309406405421 0.11128437248459905 0.06706565090514388 0.02284692932568877 0.0 0.0 0.0 0.0 0.0 0.0 0.0 0.0 0.0 0.0 0.0 0.0 0.0 0.0 0.0 0.0 0.0 0.0 0.0 0.0 0.0
0.035071922314859255 0.037843256756771845 0.04061459119868444 0.04338592564059704 0.04615726008250963 0.04892859452442695 0.05169992896633954 0.05447126340825214 0.057242597850164736 0.06001393229207733 0.06278526673398993 0.08284452143209405 0.12138495384673753 0.15992538626138103 0.19846581867602453 0.23700625109066803 0.27554668350531153 0.314087115919955 0.35262754833466425 0.3911679807493077 0.4297084131639512 0.4682488455785947 0.5067892779932381 0.5056955664081905 0.4622320584880726 0.41876855056795464 0.3753050426478367 0.3318415347277188 0.28837802680760083 0.24491451888748295 0.201451010967365 0.15798750304717296 0.11452399512705502 0.07106048720693708 0.027596979286819145 0.005162265248086668 0.005207807516721983 0.005253349785357298 0.005298892053992614 0.005344434322627929 0.005389976591263245 0.005435518859898561 0.005481061128533876 0.005526603397169191 0.005572145665804585 0.0056176879344399 0.0056632302030752155 0.007772489959353746 0.012087910393173867 0.016403330826993988 0.020718751260814107 0.02503417169463423 0.02934959212845435 0.03366501256227447 0.03798043299609459 0.04229585342991471
0.10763351884782255 0.11613856956073543 0.12464362027364832 0.13314867098656122 0.1416537216994741 0.1501587724124015 0.1586638231253144 0.1671688738382273 0.17567392455114017 0.18417897526405308 0.19268402597696596 0.20851255774043437 0.23217005636592603 0.2558275549914177 0.27948505361690934 0.303142552242401 0.32680005086789266 0.3504575494933843 0.37411504811891627 0.397772546744408 0.4214300453698996 0.4450875439953913 0.46874504262088296 0.46223196449868303 0.42346585746986004 0.3846997504410371 0.3459336434122141 0.30716753638339117 0.26840142935456823 0.2296353223257453 0.1908692152969223 0.15210310826803325 0.11333700123921031 0.07457089421038732 0.03580478718156438 0.01584266664624727 0.015982432997960906 0.016122199349674543 0.016261965701388183 0.01640173205310182 0.016541498404815457 0.016681264756529094 0.016821031108242734 0.01696079745995637 0.017100563811670248 0.017240330163383884 0.01738009651509752 0.02385328175125928 0.03709703504285072 0.050340788334442166 0.06358454162603361 0.07682829491762505 0.0900720482092165 0.10331580150080794 0.11655955479239938 0.12980330808399082
0.18019511538072394 0.19443388236463222 0.20867264934854052 0.2229114163324488 0.23715018331635707 0.2513889503002896 0.26562771728419793 0.27986648426810623 0.2941052512520145 0.30834401823592283 0.3225827852198311 0.33418059404866735 0.3429551588850199 0.3517297237213724 0.36050428855772493 0.36927885339407746 0.37805341823043 0.3868279830667825 0.39560254790315 0.40437711273950255 0.4131516775758551 0.4219262424122076 0.4307008072485602 0.4187683625892126 0.3846996564516806 0.3506309503141486 0.3165622441766166 0.2824935380390846 0.24842483190155262 0.21435612576402063 0.18028741962648864 0.14621871348889853 0.11215000735136654 0.07808130121383455 0.04401259507630256 0.026523068044398766 0.026757058479190646 0.026991048913982525 0.0272250393487744 0.02745902978356628 0.027693020218358157 0.027927010653150036 0.028161001087941912 0.02839499152273379 0.02862898195752607 0.028862972392317946 0.029096962827109826 0.039934073543151094 0.062106159692506255 0.08427824584186142 0.10645033199121659 0.12862241814057174 0.1507945042899269 0.1729665904392821 0.19513867658863726 0.2173107627379924
0.2527567119136254 0.2727291951685291 0.2927016784234328 0.3126741616783365 0.3326466449332402 0.352619128188178 0.3725916114430816 0.39256409469798537 0.412536577952889 0.43250906120779276 0.4524815444626964 0.45984863035690055 0.45374026140411394 0.44763189245132734 0.44152352349854074 0.4354151545457541 0.4293067855929675 0.4231984166401809 0.4170900476873839 0.41098167873459723 0.40487330978181063 0.39876494082902403 0.3926565718762374 0.3753047606797422 0.3459334554335012 0.3165621501872602 0.28719084494101915 0.2578195396947781 0.22844823444853707 0.19907692920229603 0.169705623956055 0.14033431870976387 0.11096301346352283 0.08159170821728179 0.0522204029710408 0.03720346944255027 0.037531683960420385 0.03785989847829051 0.03818811299616062 0.038516327514030745 0.03884454203190087 0.03917275654977098 0.039500971067641104 0.03982918558551122 0.0401574001033819 0.04048561462125202 0.04081382913912214 0.05601486533504292 0.08711528434216181 0.11821570334928069 0.14931612235639957 0.18041654136351848 0.21151696037063736 0.24261737937775626 0.27371779838487514 0.304818217391994
0.32531830844652687 0.35102450797242596 0.37673070749832505 0.40243690702422413 0.4281431065501232 0.4538493060760662 0.47955550560196525 0.5052617051278644 0.5309679046537634 0.5566741041796626 0.5823803037055617 0.5855166666651337 0.5645253639232078 0.5435340611812821 0.5225427584393564 0.5015514556974306 0.4805601529555049 0.4595688502135792 0.43857754747161765 0.41758624472969186 0.3965949419877661 0.3756036392458404 0.35461233650391466 0.3318411587702718 0.3071672544153218 0.2824933500603717 0.25781944570542165 0.23314554135047155 0.20847163699552151 0.18379773264057145 0.15912382828562138 0.13444992393062924 0.10977601957567917 0.08510211522072908 0.06042821086577904 0.04788387084070177 0.048306309441650125 0.04872874804259848 0.04915118664354685 0.049573625244495205 0.04999606384544356 0.05041850244639192 0.050840941047340285 0.05126337964828864 0.05168581824923772 0.05210825685018608 0.05253069545113444 0.07209565712693472 0.11212440899181732 0.15215316085669991 0.19218191272158253 0.2322106645864651 0.2722394164513477 0.3122681683162303 0.3522969201811129 0.3923256720459955
0.3978799049794283 0.4293198207763228 0.4607597365732173 0.49219965237011176 0.5236395681670063 0.5550794839639543 0.5865193997608489 0.6179593155577434 0.649399231354638 0.6808391471515324 0.7122790629484268 0.7111847029733668 0.6753104664423019 0.6394362299112369 0.6035619933801721 0.5676877568491072 0.5318135203180423 0.49593928378697744 0.4600650472558514 0.4241908107247865 0.3883165741937216 0.35244233766265676 0.31656810113159184 0.2883775568608014 0.2684010533971423 0.2484245499334832 0.22844804646982408 0.208471543006165 0.1884950395425059 0.1685185360788468 0.1485420326151877 0.12856552915149452 0.1085890256878354 0.08861252222417632 0.0686360187605172 0.058564272238853264 0.059080934922879864 0.059597597606906465 0.060114260290933065 0.060630922974959665 0.061147585658986266 0.061664248343012866 0.062180911027039466 0.06269757371106606 0.06321423639509355 0.06373089907912015 0.06424756176314675 0.08817644891882653 0.13713353364147285 0.18609061836411916 0.23504770308676548 0.28400478780941174 0.3329618725320581 0.38191895725470437 0.4308760419773507 0.479833126699997
