Figures/CREST_Example_wjb_NSE/Rolling_result/20100722/BJP_forecast/ens_20/wjb.rain.20100725.asc
ncols            288
nrows            254
xllcorner        113.274861
yllcorner        31.4918055
cellsize         0.008333333333
NODATA_value     -9999
[rows 176 to 197 of 254, columns 49 to 97 of 288]
2.417006187469664 2.417006187469664 2.417006187469664 2.417006187469664 2.417006187469664 2.417006187469664 2.417006187469664 2.417006187469664 2.417006187469664 2.417006187469664 2.417006187469664 2.417006187469664 2.417006187469664 2.417006187469664 0.13163509711232652 0.2564952988775525 0.3813555006429914 0.5062157024082173 0.6310759041734434 0.7559361059386693 0.8807963077038953 1.0056565094691214 1.1305167112343473 1.2553769129995733 1.3802371147647994 1.5050973165300252 1.5063914241194636 1.3755905836286328 1.244789743137802 1.1139889026467482 0.9831880621559174 0.8523872216650866 0.7215863811742558 0.5907855406834249 0.4599847001925941 0.32918385970176334 0.1983830192109326 0.06758217872010164 0.0 0.0 0.0 0.0 0.0 0.0 0.0 0.0 0.0 0.0 0.0
2.417006187469664 2.417006187469664 2.417006187469664 2.417006187469664 2.417006187469664 2.417006187469664 2.417006187469664 2.417006187469664 2.417006187469664 2.417006187469664 2.417006187469664 2.417006187469664 2.417006187469664 2.417006187469664 0.1492255175733111 0.29077080937967953 0.43231610118628927 0.5738613929926577 0.7154066847990261 0.8569519766053946 0.998497268411763 1.1400425602181314 1.2815878520244997 1.423133143830868 1.5646784356372365 1.706223727443605 1.7076907668507677 1.5594109877534608 1.4111312086561536 1.2628514295585938 1.1145716504612868 0.9662918713639796 0.8180120922666726 0.6697323131693655 0.5214525340720586 0.37317275497475144 0.2248929758774445 0.07661319678013734 0.0 0.0 0.0 0.0 0.0 0.0 0.0 0.0 0.0 0.0 0.0
2.417006187469664 2.417006187469664 2.417006187469664 2.417006187469664 2.417006187469664 2.417006187469664 2.417006187469664 2.417006187469664 2.417006187469664 2.417006187469664 2.417006187469664 2.417006187469664 2.417006187469664 2.417006187469664 0.16681593803429567 0.32504631988180654 0.48327670172958714 0.641507083577098 0.7997374654246088 0.9579678472721196 1.1161982291196304 1.2744286109671412 1.432658992814652 1.5908893746621628 1.7491197565096737 1.9073501383571845 1.9089901095820718 1.7432313918782885 1.5774726741745053 1.4117139564704395 1.2459552387666561 1.0801965210628728 0.9144378033590896 0.7486790856553065 0.5829203679515231 0.41716165024774 0.2514029325439566 0.08564421484017348 0.0 0.0 0.0 0.0 0.0 0.0 0.0 0.0 0.0 0.0 0.0
2.417006187469664 2.417006187469664 2.417006187469664 2.417006187469664 2.417006187469664 2.417006187469664 2.417006187469664 2.417006187469664 2.417006187469664 2.417006187469664 2.417006187469664 2.417006187469664 2.417006187469664 2.417006187469664 0.18440635849528025 0.35932183038393345 0.534237302272885 0.7091527741615382 0.8840682460501915 1.0589837179388446 1.2338991898274978 1.408814661716151 1.5837301336048042 1.7586456054934576 1.9335610773821108 2.108476549270764 2.110289452313376 1.9270517960031166 1.743814139692857 1.560576483382285 1.3773388270720257 1.1941011707617661 1.0108635144515068 0.8276258581412472 0.6443882018309879 0.4611505455207283 0.27791288921046897 0.0946752329002094 0.0 0.0 0.0 0.0 0.0 0.0 0.0 0.0 0.0 0.0 0.0
2.417006187469664 2.417006187469664 2.417006187469664 2.417006187469664 2.417006187469664 2.417006187469664 2.417006187469664 2.417006187469664 2.417006187469664 2.417006187469664 2.417006187469664 2.417006187469664 2.417006187469664 2.417006187469664 0.20199677895626483 0.39359734088606046 0.5851979028161829 0.7767984647459785 0.9683990266757742 1.1599995886055698 1.3516001505353654 1.5432007124651612 1.7348012743949568 1.9264018363247524 2.118002398254548 2.3096029601843435 2.3115887950446803 2.1108722001279445 1.9101556052112088 1.7094390102941306 1.508722415377395 1.3080058204606593 1.1072892255439235 0.906572630627188 0.7058560357104522 0.5051394407937164 0.30442284587698065 0.10370625096024488 0.0 0.0 0.0 0.0 0.0 0.0 0.0 0.0 0.0 0.0 0.0
2.417006187469664 2.417006187469664 2.417006187469664 2.417006187469664 2.417006187469664 2.417006187469664 2.417006187469664 2.417006187469664 2.417006187469664 2.417006187469664 2.417006187469664 2.417006187469664 2.417006187469664 2.417006187469664 0.27762320954594194 0.47214129223067575 0.6666593749157412 0.861177457600475 1.0556955402852088 1.2502136229699428 1.4447317056546765 1.6392497883394104 1.833767871024144 2.028285953708878 2.2228040363936117 2.417322119078346 2.4204554978640718 2.2189943016288223 2.0175331053935732 1.81607190915798 1.614610712922731 1.4131495166874815 1.2116883204522322 1.010227124216983 0.8087659279817334 0.6073047317464841 0.40584353551123487 0.20438233927598537 0.09937132029694445 0.09746772141094658 0.0955641225249487 0.09366052363895082 0.09175692475294969 0.08985332586695181 0.08794972698095394 0.08604612809495606 0.08414252920895818 0.0822389303229603 0.08033533143696242
2.417006187469664 2.417006187469664 2.417006187469664 -9999.0 2.417006187469664 2.417006187469664 2.417006187469664 2.417006187469664 2.417006187469664 2.417006187469664 2.417006187469664 2.417006187469664 2.417006187469664 2.417006187469664 0.41528647681908526 0.5980054164935771 0.7807243561683805 0.9634432958428724 1.1461622355173642 1.3288811751918561 1.5116001148663478 1.6943190545408398 1.8770379942153315 2.0597569338898234 2.242475873564315 2.4251948132388073 2.4305175348609596 2.246199689063999 2.061881843267039 1.8775639974697644 1.6932461516728043 1.508928305875844 1.3246104600788837 1.1402926142819236 0.9559747684849633 0.771656922688003 0.5873390768910429 0.40302123109408283 0.30496431838690036 0.29912229339401863 0.2932802684011369 0.2874382434082552 0.2815962184153635 0.27575419342248175 0.26991216842960003 0.2640701434367183 0.25822811844383653 0.2523860934509548 0.24654406845807308
2.417006187469664 2.417006187469664 2.417006187469664 -9999.0 -9999.0 2.417006187469664 2.417006187469664 2.417006187469664 2.417006187469664 2.417006187469664 2.417006187469664 2.417006187469664 2.417006187469664 2.417006187469664 0.5529497440923458 0.7238695407565856 0.8947893374211169 1.0657091340853566 1.2366289307495966 1.407548727413836 1.578468524078076 1.7493883207423158 1.9203081174065557 2.0912279140707954 2.262147710735035 2.433067507399275 2.440579571857856 2.2734050764991993 2.106230581140543 1.9390560857816013 1.7718815904229448 1.6047070950642883 1.4375325997056319 1.2703581043469754 1.103183608988319 0.9360091136296624 0.768834618271006 0.6016601229123495 0.5105573164770318 0.500776865377263 0.49099641427749396 0.48121596317772497 0.4714355120779394 0.46165506097817044 0.45187460987840145 0.4420941587786325 0.43231370767886357 0.4225332565790946 0.41275280547932564
2.417006187469664 -9999.0 -9999.0 -9999.0 -9999.0 -9999.0 -9999.0 2.417006187469664 2.417006187469664 2.417006187469664 2.417006187469664 2.417006187469664 2.417006187469664 2.417006187469664 0.690613011365489 0.8497336650194869 1.0088543186737562 1.167974972327754 1.3270956259817517 1.4862162796357494 1.6453369332897474 1.8044575869437451 1.963578240597743 2.122698894251741 2.2818195479057386 2.4409402015597363 2.4506416088547436 2.300610463934376 2.1505793190140086 2.0005481740933857 1.8505170291730182 1.700485884252651 1.5504547393322836 1.4004235944119163 1.2503924494915488 1.1003613045711815 0.9503301596508142 0.800299014730447 0.7161503145669882 0.7024314373603354 0.6887125601536825 0.6749936829470298 0.6612748057403535 0.6475559285337007 0.6338370513270478 0.620118174120395 0.6063992969137422 0.5926804197070894 0.5789615425004365
-9999.0 -9999.0 -9999.0 -9999.0 -9999.0 -9999.0 -9999.0 -9999.0 2.417006187469664 2.417006187469664 2.417006187469664 2.417006187469664 2.417006187469664 2.417006187469664 0.8282762786386323 0.9755977892823882 1.122919299926395 1.2702408105701508 1.4175623212139068 1.5648838318576626 1.7122053425014183 1.859526853145174 2.00684836378893 2.154169874432686 2.3014913850764414 2.4488128957201973 2.4607036458516305 2.3278158513695524 2.1949280568874743 2.0620402624051697 1.9291524679230914 1.796264673441013 1.663376878958935 1.5304890844768568 1.3976012899947787 1.2647134955127004 1.1318257010306223 0.9989379065485442 0.9217433126569443 0.9040860093434077 0.886428706029871 0.8687714027163344 0.8511140994027675 0.8334567960892308 0.8157994927756942 0.7981421894621574 0.7804848861486208 0.7628275828350841 0.7451702795215475
-9999.0 -9999.0 -9999.0 -9999.0 -9999.0 -9999.0 -9999.0 -9999.0 -9999.0 -9999.0 -9999.0 -9999.0 -9999.0 -9999.0 0.9659395459117756 1.1014619135452894 1.2369842811790344 1.3725066488125481 1.508029016446062 1.6435513840795757 1.7790737517130897 1.9145961193466035 2.050118486980117 2.1856408546136312 2.321163222247145 2.4566855898806588 2.4707656828485183 2.3550212388047296 2.2392767947609404 2.123532350716954 2.007787906673165 1.8920434626293758 1.7762990185855867 1.6605545745417976 1.5448101304980086 1.4290656864542195 1.3133212424104306 1.1975767983666414 1.1273363107469005 1.10574058132648 1.0841448519060595 1.062549122485639 1.0409533930651815 1.019357663644761 0.9977619342243405 0.9761662048039199 0.9545704753834994 0.9329747459630788 0.9113790165426583
-9999.0 -9999.0 -9999.0 -9999.0 -9999.0 -9999.0 -9999.0 -9999.0 -9999.0 -9999.0 -9999.0 -9999.0 -9999.0 -9999.0 1.1036028131849187 1.2273260378081905 1.3510492624316734 1.474772487054945 1.598495711678217 1.7222189363014888 1.8459421609247606 1.9696653855480326 2.0933886101713046 2.217111834794576 2.3408350594178478 2.4645582840411198 2.4808277198454056 2.382226626239906 2.283625532634406 2.185024439028738 2.086423345423238 1.9878222518177382 1.8892211582122385 1.7906200646067383 1.6920189710012385 1.5934178773957386 1.4948167837902389 1.396215690184739 1.3329293088368566 1.3073951533095522 1.281860997782248 1.2563268422549434 1.2307926867275956 1.2052585312002912 1.1797243756729867 1.1541902201456824 1.128656064618378 1.1031219090910735 1.0775877535637692
-9999.0 -9999.0 -9999.0 -9999.0 -9999.0 -9999.0 -9999.0 -9999.0 -9999.0 -9999.0 -9999.0 -9999.0 2.417006187469664 2.417006187469664 1.241266080458062 1.3531901620710918 1.4651142436843125 1.5770383252973423 1.6889624069103721 1.8008864885234022 1.912810570136432 2.024734651749462 2.136658733362492 2.2485828149755216 2.3605068965885514 2.472430978201581 2.4908897568422934 2.4094320136750826 2.327974270507872 2.246516527340522 2.1650587841733113 2.0836010410061006 2.00214329783889 1.9206855546716792 1.8392278115044685 1.7577700683372577 1.676312325170047 1.5948545820028361 1.5385223069268128 1.5090497252926245 1.4795771436584362 1.450104562024248 1.4206319803900094 1.3911593987558213 1.361686817121633 1.3322142354874447 1.3027416538532564 1.273269072219068 1.24379649058488
-9999.0 -9999.0 -9999.0 -9999.0 -9999.0 -9999.0 -9999.0 -9999.0 -9999.0 -9999.0 -9999.0 2.417006187469664 2.417006187469664 2.417006187469664 1.3789293477313227 1.4790542863341005 1.579179224937049 1.679304163539827 1.7794291021426047 1.8795540407453823 1.9796789793481602 2.079803917950938 2.179928856553716 2.2800537951564936 2.3801787337592715 2.4803036723620493 2.5009517938391896 2.4366374011102825 2.3723230083813758 2.308008615652359 2.2436942229234518 2.179379830194545 2.115065437465638 2.0507510447367308 1.986436652007824 1.922122259278917 1.8578078665500097 1.793493473821103 1.7441153050169442 1.7107042972758688 1.6772932895347932 1.6438822817937178 1.6104712740525853 1.5770602663115099 1.5436492585704344 1.5102382508293588 1.4768272430882834 1.443416235347208 1.4100052276061323
-9999.0 -9999.0 -9999.0 -9999.0 -9999.0 -9999.0 -9999.0 -9999.0 -9999.0 -9999.0 2.417006187469664 2.417006187469664 2.417006187469664 2.417006187469664 1.516592615004466 1.6049184105970018 1.6932442061896882 1.781570001782224 1.8698957973747596 1.9582215929672957 2.0465473885598313 2.134873184152367 2.223198979744903 2.3115247753374386 2.3998505709299747 2.4881763665225103 2.511013830836077 2.4638427885454592 2.4166717462548415 2.369500703964143 2.322329661673525 2.2751586193829074 2.2279875770922892 2.1808165348016715 2.1336454925110537 2.086474450220436 2.0393034079298182 1.9921323656392 1.9497083031069005 1.912358869258941 1.8750094354109816 1.8376600015630224 1.8003105677149993 1.76296113386704 1.7256117000190807 1.6882622661711213 1.6509128323231619 1.6135633984752027 1.5762139646272433
-9999.0 -9999.0 -9999.0 -9999.0 -9999.0 -9999.0 -9999.0 -9999.0 -9999.0 -9999.0 2.417006187469664 2.417006187469664 2.417006187469664 2.417006187469664 1.6542558822776092 1.730782534859903 1.8073091874423275 1.8838358400246213 1.960362492606915 2.036889145189209 2.113415797771503 2.1899424503537963 2.2664691029360906 2.342995755518384 2.419522408100678 2.4960490606829717 2.521075867832965 2.491048175980636 2.461020484128307 2.4309927922759273 2.4009651004235986 2.3709374085712698 2.340909716718941 2.3108820248666126 2.280854333014284 2.250826641161955 2.2207989493096263 2.1907712574572975 2.1553013011968565 2.1140134412420135 2.07272558128717 2.031437721332327 1.9901498613774133 1.9488620014225702 1.907574141467727 1.8662862815128838 1.8249984215580406 1.7837105616031974 1.7424227016483542
-9999.0 -9999.0 -9999.0 -9999.0 -9999.0 -9999.0 -9999.0 -9999.0 -9999.0 -9999.0 2.417006187469664 2.417006187469664 2.417006187469664 2.417006187469664 1.7919191495507525 1.8566466591228044 1.9213741686949666 1.9861016782670184 2.0508291878390703 2.1155566974111224 2.180284206983174 2.2450117165552257 2.309739226127278 2.37446673569933 2.4391942452713815 2.503921754843433 2.5311379048298526 2.518253563415813 2.5053692220017734 2.492484880587712 2.4796005391736724 2.4667161977596326 2.453831856345593 2.4409475149315534 2.428063173517514 2.415178832103474 2.402294490689435 2.389410149275395 2.3608942992868127 2.315668013225086 2.270441727163359 2.2252154411016316 2.1799891550398276 2.1347628689781004 2.0895365829163732 2.0443102968546465 1.9990840107929193 1.9538577247311921 1.9086314386694652
-9999.0 -9999.0 -9999.0 -9999.0 -9999.0 -9999.0 -9999.0 -9999.0 2.417006187469664 2.417006187469664 2.417006187469664 2.417006187469664 2.417006187469664 2.417006187469664 1.794242275621158 1.8634193339465945 1.9325963922721487 2.001773450597585 2.0709505089230213 2.1401275672484577 2.209304625573894 2.2784816838993303 2.347658742224767 2.416835800550203 2.4860128588756396 2.555189917201076 2.5898719596510413 2.587678050315916 2.5854841409807903 2.583290231645661 2.5810963223105357 2.5789024129754097 2.576708503640284 2.5745145943051586 2.572320684970033 2.5701267756349075 2.567932866299782 2.5657389569646565 2.54330749671058 2.49924163698089 2.4551757772511995 2.411109917521509 2.3670440577917438 2.3229781980620534 2.278912338332363 2.2348464786026727 2.1907806188729824 2.146714759143292 2.1026488994136017
-9999.0 -9999.0 -9999.0 -9999.0 -9999.0 -9999.0 -9999.0 -9999.0 2.417006187469664 2.417006187469664 2.417006187469664 2.417006187469664 2.417006187469664 2.417006187469664 1.6518953212701684 1.7428907556850364 1.8338861901000594 1.9248816245149274 2.0158770589297954 2.1068724933446634 2.197867927759531 2.288863362174399 2.379858796589267 2.470854231004135 2.561849665419003 2.652845099833871 2.700633333716481 2.702232093463226 2.703830853209971 2.705429612956719 2.707028372703464 2.7086271324502085 2.7102258921969535 2.7118246519436986 2.7134234116904437 2.7150221714371887 2.7166209311839333 2.7182196909306784 2.7009429482511402 2.6634878667286968 2.626032785206253 2.5885777036838094 2.551122622161302 2.5136675406388584 2.476212459116415 2.438757377593971 2.4013022960715276 2.363847214549084 2.3263921330266406
-9999.0 -9999.0 -9999.0 -9999.0 -9999.0 -9999.0 -9999.0 -9999.0 -9999.0 2.417006187469664 2.417006187469664 2.417006187469664 2.417006187469664 2.417006187469664 1.5095483669192393 1.6223621774235295 1.7351759879280122 1.8479897984323024 1.9608036089365926 2.073617419440883 2.186431229945173 2.2992450404494633 2.4120588509537537 2.5248726614580437 2.6376864719623336 2.750500282466624 2.811394707781873 2.816786136610487 2.822177565439101 2.827568994267724 2.832960423096338 2.8383518519249518 2.8437432807535656 2.8491347095821795 2.8545261384107934 2.8599175672394077 2.8653089960680216 2.8707004248966355 2.8585783997916328 2.827734096476433 2.7968897931612338 2.766045489846034 2.7352011865307815 2.7043568832155818 2.6735125799003825 2.6426682765851828 2.611823973269983 2.5809796699547833 2.5501353666395836
-9999.0 -9999.0 -9999.0 -9999.0 -9999.0 -9999.0 -9999.0 -9999.0 -9999.0 2.417006187469664 2.417006187469664 2.417006187469664 2.417006187469664 2.417006187469664 1.36720141256831 1.5018335991620226 1.6364657857559648 1.7710979723496774 1.9057301589433897 2.040362345537102 2.174994532130815 2.309626718724527 2.4442589053182395 2.5788910919119523 2.713523278505665 2.848155465099377 2.9221560818472647 2.9313401797577474 2.9405242776682305 2.949708375578729 2.958892473489212 2.9680765713996946 2.9772606693101777 2.9864447672206604 2.995628865131143 3.0048129630416263 3.013997060952109 3.023181158862592 3.0162138513321253 2.9919803262241693 2.967746801116214 2.9435132760082583 2.919279750900261 2.8950462257923055 2.87081270068435 2.846579175576394 2.8223456504684385 2.798112125360483 2.773878600252527
-9999.0 -9999.0 -9999.0 -9999.0 -9999.0 -9999.0 -9999.0 -9999.0 -9999.0 2.417006187469664 2.417006187469664 2.417006187469664 2.417006187469664 2.417006187469664 1.2248544582173206 1.3813050209004647 1.5377555835838754 1.6942061462670195 1.8506567089501635 2.0071072716333074 2.1635578343164514 2.3200083969995955 2.4764589596827395 2.6329095223658836 2.7893600850490277 2.9458106477321717 3.0329174559127035 3.045894222905057 3.0588709898974105 3.071847756889786 3.0848245238821397 3.097801290874493 3.1107780578668462 3.1237548248592 3.1367315918515533 3.149708358843907 3.1626851258362603 3.1756618928286136 3.173849302872685 3.1562265559719758 3.138603809071267 3.120981062170558 3.103358315269819 3.08573556836911 3.0681128214684015 3.0504900745676924 3.0328673276669833 3.0152445807662747 2.9976218338655656
