Figures/CREST_Example_wjb_NSE/Rolling_result/20100722/BJP_forecast/ens_20/wjb.rain.20100722.asc
ncols            288
nrows            254
xllcorner        113.274861
yllcorner        31.4918055
cellsize         0.008333333333
NODATA_value     -9999
[rows 80 to 99 of 254, columns 132 to 175 of 288]
5.874239975875341 4.251349496894143 2.6284590179129452 2.163272120282362 2.935696534721221 3.7081209491600813 4.4805453635989405 5.252969778037801 6.02539419247666 6.79781860691552 7.570243021354379 8.342667435794556 9.115091850233416 9.887516264672277 10.659940679111136 11.082180506130216 11.130065088407704 11.177949670685193 11.225834252962681 11.273718835240171 11.32160341751766 11.369487999795147 11.417372582072636 11.465257164350126 11.513141746627696 11.561026328905184 11.608910911182672 11.916116067101292 12.500540782320124 13.084965497538956 13.669390212757788 14.25381492797662 14.83823964319545 15.422664358414282 16.007089073633114 16.591513788851945 17.17593850407078 17.760363219290607 18.344787934509437 18.532304390331188 18.295516937598304 18.05872948486542 17.82194203213254 17.585154579399656
5.985152139871273 4.301219981473114 2.6172878230749568 2.132071894507584 2.928310726811784 3.7245495591159834 4.520788391420183 5.3170272237243825 6.113266056028582 6.909504888332782 7.705743720636981 8.50198255294254 9.298221385246737 10.094460217550939 10.890699049855137 11.331678778949302 11.392878491142135 11.454078203334968 11.515277915527802 11.576477627720635 11.637677339913468 11.698877052106301 11.760076764299134 11.821276476491967 11.882476188684905 11.94367590087774 12.004875613070572 12.286803121049173 12.80469363579529 13.322584150541406 13.840474665287523 14.35836518003364 14.876255694779756 15.394146209525873 15.912036724271989 16.429927239018106 16.947817753764223 17.46570826851122 17.98359878325734 18.131823063777222 17.884865776946697 17.63790849011617 17.390951203285645 17.143993916455123
6.096064303867202 4.351090466052085 2.6061166282369683 2.100871668732806 2.920924918902345 3.7409781690718846 4.561031419241424 5.381084669410963 6.2011379195805025 7.0211911697500415 7.8412444199195805 8.661297670090518 9.481350920260057 10.301404170429596 11.121457420599135 11.581177051768387 11.655691893876565 11.730206735984742 11.80472157809292 11.8792364202011 11.953751262309277 12.028266104417455 12.102780946525634 12.177295788633812 12.251810630742117 12.326325472850295 12.400840314958472 12.657490174997058 13.108846489270459 13.56020280354386 14.01155911781726 14.46291543209066 14.914271746364063 15.365628060637464 15.816984374910865 16.268340689184267 16.719697003457668 17.17105331773184 17.62240963200524 17.73134173722326 17.474214616295093 17.217087495366922 16.959960374438754 16.702833253510587
6.206976467863132 4.400960950631056 2.59494543339898 2.0696714429580285 2.9135391109929074 3.757406779027786 4.601274447062665 5.4451421150975445 6.289009783132423 7.132877451167302 7.976745119202181 8.820612787238499 9.664480455273377 10.508348123308256 11.352215791343134 11.830675324587473 11.918505296610995 12.006335268634519 12.094165240658041 12.181995212681564 12.269825184705088 12.35765515672861 12.445485128752132 12.533315100775654 12.621145072799328 12.70897504482285 12.796805016846374 13.02817722894494 13.412999342745625 13.79782145654631 14.182643570346997 14.567465684147683 14.952287797948369 15.337109911749055 15.72193202554974 16.106754139350425 16.491576253151113 16.876398366952454 17.26122048075314 17.330860410669295 17.063563455643486 16.796266500617673 16.528969545591863 16.261672590566054
6.317888631859063 4.450831435210027 2.5837742385609914 2.0384712171832504 2.906153303083469 3.7738353889836875 4.641517474883906 5.509199560784125 6.3768816466843425 7.244563732584561 8.11224581848478 8.979927904386479 9.847609990286697 10.715292076186914 11.582974162087133 12.080173597406558 12.181318699345425 12.282463801284292 12.38360890322316 12.484754005162028 12.585899107100897 12.687044209039763 12.78818931097863 12.8893344129175 12.990479514856538 13.091624616795407 13.192769718734274 13.398864282892823 13.717152196220795 14.035440109548764 14.353728022876735 14.672015936204707 14.990303849532676 15.308591762860647 15.626879676188619 15.94516758951659 16.26345550284456 16.581743416173072 16.900031329501044 16.930379084115337 16.652912294991882 16.375445505868427 16.097978716744976 15.82051192762152
6.580103415684434 4.675594021728131 2.7710846277718275 2.1977295765772507 3.047408624310048 3.8970876720428453 4.746766719775643 5.59644576750844 6.446124815241237 7.295803862974036 8.145482910706832 8.995161958441079 9.844841006173876 10.694520053906675 11.544199101639471 12.035167683327982 12.14266666317932 12.250165643030655 12.357664622881991 12.465163602733329 12.572662582584664 12.680161562436002 12.787660542287338 12.895159522138673 13.002658501990194 13.11015748184153 13.217656461692867 13.412619283252246 13.701082930112754 13.989546576973261 14.278010223833768 14.566473870694274 14.85493751755478 15.143401164415287 15.431864811275794 15.7203284581363 16.008792104996807 16.297255751857808 16.585719398718314 16.60151104804022 16.32581016333228 16.050109278624348 15.77440839391641 15.498707509208474
7.004051160665604 5.087305238489947 3.1705593163142893 2.560576155340212 3.347551940945031 4.13452772654985 4.921503512154668 5.708479297759488 6.495455083364306 7.282430868969126 8.069406654573944 8.856382440180106 9.643358225784924 10.430334011389743 11.217309796994563 11.675355361577454 11.781767079848427 11.8881787981194 11.994590516390373 12.101002234661346 12.20741395293232 12.313825671203293 12.420237389474266 12.52664910774524 12.633060826016393 12.739472544287368 12.845884262558341 13.044836422446256 13.342716407775425 13.640596393104595 13.938476378433762 14.236356363762932 14.534236349092101 14.83211633442127 15.12999631975044 15.427876305079607 15.725756290408777 16.023636275738454 16.32151626106762 16.349193104358942 16.08801667600367 15.826840247648395 15.56566381929312 15.304487390937846
7.427998905646771 5.499016455251759 3.570034004856751 2.9234227341031733 3.647695257580014 4.3719677810568545 5.096240304533694 5.820512828010536 6.544785351487375 7.269057874964216 7.993330398441056 8.717602921919132 9.441875445395972 10.166147968872814 10.890420492349655 11.315543039826924 11.420867496517534 11.526191953208144 11.631516409898754 11.736840866589365 11.842165323279975 11.947489779970585 12.052814236661195 12.158138693351805 12.263463150042595 12.368787606733205 12.474112063423815 12.677053561640266 12.984349885438096 13.291646209235928 13.59894253303376 13.90623885683159 14.213535180629423 14.520831504427253 14.828127828225085 15.135424152022916 15.442720475820748 15.750016799619104 16.057313123416932 16.09687516067767 15.850223188675058 15.603571216672444 15.356919244669832 15.110267272667219
7.851946650627937 5.910727672013575 3.9695086933992094 3.286269312866135 3.9478385742149973 4.609407835563859 5.270977096912721 5.9325463582615825 6.594115619610444 7.255684880959306 7.917254142308169 8.578823403658157 9.24039266500702 9.901961926355883 10.563531187704744 10.955730718076394 11.05996791318664 11.164205108296887 11.268442303407134 11.372679498517382 11.47691669362763 11.581153888737877 11.685391083848122 11.78962827895837 11.893865474068795 11.998102669179042 12.10233986428929 12.309270700834276 12.625983363100769 12.942696025367262 13.259408687633757 13.57612134990025 13.892834012166743 14.209546674433238 14.52625933669973 14.842971998966224 15.159684661232719 15.476397323499752 15.793109985766247 15.844557216996398 15.612429701346446 15.380302185696495 15.148174670046544 14.916047154396592
8.2758943956091 6.322438888775384 4.368983381941668 3.6491158916290964 4.24798189084998 4.846847890070864 5.4457138892917465 6.044579888512629 6.643445887733513 7.242311886954397 7.841177886175281 8.440043885397184 9.038909884618068 9.637775883838952 10.236641883059836 10.595918396325864 10.699068329855749 10.802218263385631 10.905368196915516 11.0085181304454 11.111668063975285 11.214817997505168 11.317967931035053 11.421117864564938 11.524267798094996 11.627417731624881 11.730567665154766 11.941487840028286 12.267616840763441 12.593745841498597 12.919874842233753 13.24600384296891 13.572132843704066 13.898261844439222 14.224390845174378 14.550519845909534 14.87664884664469 15.202777847380402 15.528906848115557 15.592239273315126 15.374636214017835 15.157033154720546 14.939430095423257 14.721827036125966
8.699842140590263 6.734150105537196 4.768458070484126 4.011962470392058 4.548125207484963 5.084287944577868 5.620450681670773 6.156613418763678 6.692776155856582 7.228938892949487 7.765101630042391 8.301264367136211 8.837427104229116 9.37358984132202 9.909752578414926 10.236106074575334 10.338168746524854 10.440231418474376 10.542294090423896 10.644356762373418 10.746419434322938 10.84848210627246 10.95054477822198 11.052607450171502 11.154670122121198 11.256732794070718 11.35879546602024 11.573704979222295 11.909250318426114 12.244795657629933 12.580340996833751 12.91588633603757 13.251431675241388 13.586977014445207 13.922522353649025 14.258067692852844 14.59361303205666 14.929158371261053 15.26470371046487 15.339921329633853 15.136842726689226 14.933764123744597 14.730685520799968 14.527606917855339
9.123789885571433 7.145861322299009 5.167932759026588 4.37480904915502 4.848268524119947 5.321727999084873 5.795187474049799 6.268646949014725 6.742106423979651 7.215565898944577 7.689025373909503 8.162484848875238 8.635944323840164 9.10940379880509 9.582863273770016 9.876293752824804 9.977269163193961 10.07824457356312 10.179219983932278 10.280195394301435 10.381170804670594 10.482146215039752 10.583121625408909 10.684097035778068 10.785072446147398 10.886047856516555 10.987023266885714 11.205922118416305 11.550883796088785 11.895845473761266 12.240807151433748 12.585768829106229 12.930730506778708 13.27569218445119 13.620653862123671 13.96561553979615 14.310577217468632 14.655538895141701 15.000500572814182 15.087603385952582 14.899049239360615 14.710495092768648 14.52194094617668 14.333386799584714
9.547737630552959 7.557572539061173 5.567407447569387 4.73765562791829 5.148411840755184 5.559168053592079 5.969924266428973 6.380680479265868 6.791436692102762 7.202192904939656 7.61294911777655 8.023705330614145 8.43446154345104 8.845217756287933 9.255973969124828 9.516481431073966 9.616369579862761 9.716257728651556 9.816145877440348 9.916034026229143 10.015922175017936 10.11581032380673 10.215698472595525 10.315586621384318 10.415474770173283 10.515362918962076 10.61525106775087 10.83813925761 11.192517273751152 11.546895289892303 11.901273306033454 12.255651322174606 12.610029338315757 12.964407354456908 13.318785370598059 13.67316338673921 14.027541402880361 14.381919419022118 14.73629743516327 14.835285442271093 14.6612557520318 14.487226061792507 14.313196371553213 14.13916668131392
9.971685375534125 7.969283755822985 5.966882136111845 5.100502206681252 5.448555157390168 5.7966081080990834 6.1446610588079995 6.492714009516915 6.840766960225831 7.188819910934747 7.536872861643662 7.8849258123531705 8.232978763062086 8.581031713771003 8.929084664479918 9.156669109323436 9.255469996531867 9.354270883740298 9.453071770948728 9.55187265815716 9.65067354536559 9.749474432574022 9.848275319782452 9.947076206990884 10.045877094199483 10.144677981407913 10.243478868616345 10.470356396804009 10.834150751413823 11.197945106023637 11.56173946063345 11.925533815243265 12.289328169853079 12.65312252446289 13.016916879072705 13.380711233682518 13.744505588292332 14.108299942902766 14.47209429751258 14.58296749858982 14.42346226470319 14.263957030816558 14.104451796929926 13.944946563043294
10.395633120515292 8.380994972584801 6.366356824654307 5.4633487854442135 5.748698474025151 6.034048162606088 6.319397851187025 6.6047475397679625 6.8900972283489 7.175446916929837 7.460796605510774 7.746146294092198 8.031495982673135 8.316845671254072 8.60219535983501 8.796856787572906 8.894570413200976 8.992284038829043 9.08999766445711 9.187711290085177 9.285424915713246 9.383138541341314 9.480852166969381 9.578565792597448 9.676279418225683 9.77399304385375 9.871706669481819 10.102573535998019 10.475784229076496 10.84899492215497 11.222205615233447 11.595416308311924 11.968627001390399 12.341837694468875 12.715048387547352 13.088259080625829 13.461469773704303 13.834680466783416 14.207891159861893 14.330649554908549 14.185668777374579 14.040687999840607 13.895707222306637 13.750726444772667
10.819580865496455 8.79270618934661 6.765831513196762 5.826195364207175 6.048841790660134 6.271488217113093 6.494134643566051 6.716781070019009 6.939427496471968 7.162073922924927 7.384720349377885 7.607366775831223 7.8300132022841815 8.05265962873714 8.2753060551901 8.437044465822376 8.533670829870081 8.630297193917785 8.72692355796549 8.823549922013195 8.920176286060899 9.016802650108604 9.11342901415631 9.210055378204014 9.306681742251884 9.403308106299589 9.499934470347293 9.734790675192029 10.117417706739166 10.500044738286306 10.882671769833443 11.265298801380581 11.64792583292772 12.030552864474858 12.413179896021997 12.795806927569135 13.178433959116273 13.561060990664064 13.943688022211203 14.078331611227275 13.947875290045966 13.817418968864658 13.686962647683348 13.55650632650204
11.243528610477625 9.204417406108423 7.165306201739224 6.189041942970136 6.348985107295117 6.508928271620097 6.668871435945077 6.828814600270057 6.988757764595038 7.148700928920017 7.308644093244998 7.468587257570251 7.62853042189523 7.788473586220211 7.94841675054519 8.077232144071846 8.172771246539188 8.26831034900653 8.363849451473872 8.459388553941213 8.554927656408555 8.650466758875897 8.746005861343239 8.841544963810579 8.937084066278084 9.032623168745426 9.128162271212767 9.367007814386039 9.759051184401839 10.15109455441764 10.54313792443344 10.93518129444924 11.327224664465042 11.719268034480843 12.111311404496643 12.503354774512443 12.895398144528244 13.287441514544714 13.679484884560516 13.826013667546002 13.710081802717355 13.594149937888707 13.478218073060061 13.362286208231414
11.47649233251214 9.423300271109483 7.3701082097068245 6.369756949835835 6.494916318742316 6.620075687648797 6.745235056555279 6.87039442546176 6.9955537943682415 7.120713163274722 7.245872532181204 7.371031901087899 7.49619126999438 7.621350638900862 7.746510007807343 7.858532131127177 7.956510241764852 8.054488352402528 8.152466463040204 8.25044457367788 8.348422684315555 8.446400794953231 8.544378905590907 8.642357016228582 8.740335126866425 8.838313237504101 8.936291348141776 9.17762201326085 9.572199801891566 9.966777590522282 10.361355379152998 10.755933167783716 11.150510956414433 11.545088745045149 11.939666533675865 12.334244322306581 12.728822110937298 13.123399899568687 13.517977688199403 13.666560729350868 13.55216982030561 13.437778911260349 13.32338800221509 13.208997093169831
11.50530617492829 9.436061785268716 7.366817395609143 6.355784789137136 6.476004512307426 6.596224235477718 6.716443958648008 6.836663681818298 6.956883404988589 7.077103128158879 7.1973228513291705 7.317542574499665 7.4377622976699564 7.557982020840247 7.678201744010537 7.790672279631121 7.894858758482975 7.99904523733483 8.103231716186684 8.207418195038539 8.311604673890393 8.415791152742248 8.519977631594102 8.624164110445957 8.728350589297989 8.832537068149843 8.936723547001698 9.178931421589306 9.568687290393585 9.958443159197865 10.348199028002146 10.737954896806425 11.127710765610704 11.517466634414983 11.907222503219263 12.296978372023542 12.686734240827821 13.076490109632765 13.466245978437044 13.606374627188622 13.479646130384998 13.352917633581372 13.226189136777746 13.099460639974122
11.53412001734441 9.448823299427936 7.363526581511461 6.341812628438449 6.457092705872553 6.572372783306657 6.687652860740761 6.802932938174865 6.91821301560897 7.033493093043074 7.1487731704771775 7.2640532479114786 7.379333325345582 7.494613402779687 7.609893480213791 7.722812428135123 7.833207275201151 7.943602122267179 8.053996969333207 8.164391816399236 8.274786663465264 8.385181510531293 8.49557635759732 8.605971204663348 8.716366051729565 8.826760898795593 8.937155745861622 9.180240829917762 9.56517477889561 9.950108727873456 10.335042676851302 10.71997662582915 11.104910574806995 11.489844523784843 11.874778472762689 12.259712421740534 12.64464637071838 13.029580319696883 13.41451426867473 13.546188525026428 13.407122440464446 13.268056355902466 13.128990271340486 12.989924186778506
