Figures/CREST_Example_wjb_NSE/Rolling_result/20100722/BJP_forecast/ens_20/wjb.rain.20100723.asc
ncols            288
nrows            254
xllcorner        113.274861
yllcorner        31.4918055
cellsize         0.008333333333
NODATA_value     -9999
[rows 120 to 139 of 254, columns 0 to 43 of 288]
-9999.0 -9999.0 -9999.0 -9999.0 -9999.0 -9999.0 -9999.0 -9999.0 -9999.0 -9999.0 -9999.0 -9999.0 -9999.0 5.398055541385508 5.398055541385508 5.398055541385508 5.398055541385508 5.398055541385508 -9999.0 -9999.0 -9999.0 -9999.0 -9999.0 -9999.0 -9999.0 -9999.0 -9999.0 -9999.0 -9999.0 5.398055541385508 5.398055541385508 5.398055541385508 5.398055541385508 5.398055541385508 5.398055541385508 5.398055541385508 5.398055541385508 5.398055541385508 5.398055541385508 4.524812903149954 4.503858753955983 4.482904604762012 4.461950455568041 4.440996306374069
-9999.0 -9999.0 -9999.0 -9999.0 -9999.0 -9999.0 -9999.0 -9999.0 -9999.0 -9999.0 -9999.0 -9999.0 5.398055541385508 5.398055541385508 5.398055541385508 5.398055541385508 5.398055541385508 5.398055541385508 5.398055541385508 -9999.0 -9999.0 -9999.0 -9999.0 -9999.0 -9999.0 -9999.0 -9999.0 -9999.0 -9999.0 -9999.0 5.398055541385508 5.398055541385508 5.398055541385508 5.398055541385508 5.398055541385508 5.398055541385508 5.398055541385508 5.398055541385508 5.398055541385508 4.573637171330207 4.54401680142233 4.514396431514453 4.484776061606577 4.4551556916987
-9999.0 -9999.0 -9999.0 -9999.0 -9999.0 -9999.0 -9999.0 -9999.0 -9999.0 -9999.0 -9999.0 -9999.0 5.398055541385508 5.398055541385508 5.398055541385508 5.398055541385508 5.398055541385508 5.398055541385508 5.398055541385508 5.398055541385508 5.398055541385508 -9999.0 -9999.0 -9999.0 -9999.0 -9999.0 -9999.0 -9999.0 -9999.0 5.398055541385508 5.398055541385508 5.398055541385508 5.398055541385508 5.398055541385508 5.398055541385508 5.398055541385508 5.398055541385508 5.398055541385508 5.398055541385508 4.44920135544734 4.417679453893043 4.386157552338746 4.354635650784449 4.323113749230151
-9999.0 -9999.0 -9999.0 -9999.0 -9999.0 -9999.0 -9999.0 -9999.0 -9999.0 -9999.0 -9999.0 -9999.0 5.398055541385508 5.398055541385508 5.398055541385508 5.398055541385508 5.398055541385508 5.398055541385508 5.398055541385508 5.398055541385508 5.398055541385508 -9999.0 -9999.0 5.398055541385508 -9999.0 -9999.0 -9999.0 -9999.0 -9999.0 5.398055541385508 5.398055541385508 5.398055541385508 5.398055541385508 5.398055541385508 5.398055541385508 5.398055541385508 5.398055541385508 5.398055541385508 5.398055541385508 4.324765539564474 4.291342106363756 4.257918673163038 4.22449523996232 4.191071806761603
-9999.0 -9999.0 -9999.0 -9999.0 -9999.0 -9999.0 -9999.0 -9999.0 -9999.0 -9999.0 -9999.0 -9999.0 5.398055541385508 5.398055541385508 5.398055541385508 5.398055541385508 5.398055541385508 5.398055541385508 5.398055541385508 5.398055541385508 5.398055541385508 5.398055541385508 5.398055541385508 5.398055541385508 5.398055541385508 5.398055541385508 -9999.0 -9999.0 5.398055541385508 5.398055541385508 5.398055541385508 5.398055541385508 5.398055541385508 5.398055541385508 5.398055541385508 5.398055541385508 5.398055541385508 5.398055541385508 5.398055541385508 4.2003297236815005 4.165004758834361 4.129679793987221 4.094354829140081 4.059029864292942
-9999.0 -9999.0 -9999.0 -9999.0 -9999.0 -9999.0 -9999.0 -9999.0 -9999.0 -9999.0 -9999.0 5.398055541385508 5.398055541385508 5.398055541385508 5.398055541385508 5.398055541385508 5.398055541385508 5.398055541385508 5.398055541385508 5.398055541385508 5.398055541385508 5.398055541385508 5.398055541385508 5.398055541385508 5.398055541385508 5.398055541385508 5.398055541385508 5.398055541385508 5.398055541385508 5.398055541385508 5.398055541385508 5.398055541385508 5.398055541385508 5.398055541385508 5.398055541385508 5.398055541385508 5.398055541385508 5.398055541385508 5.398055541385508 4.075893907798633 4.038667411305073 4.001440914811513 3.9642144183179533 3.926987921824393
-9999.0 -9999.0 -9999.0 -9999.0 -9999.0 -9999.0 -9999.0 -9999.0 -9999.0 -9999.0 -9999.0 5.398055541385508 5.398055541385508 5.398055541385508 5.398055541385508 5.398055541385508 5.398055541385508 5.398055541385508 5.398055541385508 5.398055541385508 5.398055541385508 5.398055541385508 5.398055541385508 5.398055541385508 5.398055541385508 5.398055541385508 5.398055541385508 5.398055541385508 5.398055541385508 5.398055541385508 5.398055541385508 5.398055541385508 5.398055541385508 5.398055541385508 5.398055541385508 5.398055541385508 5.398055541385508 5.398055541385508 5.398055541385508 3.9514580919157667 3.9123300637757863 3.873202035635806 3.834074007495825 3.7949459793558447
-9999.0 -9999.0 -9999.0 -9999.0 -9999.0 -9999.0 -9999.0 -9999.0 -9999.0 -9999.0 -9999.0 5.398055541385508 5.398055541385508 5.398055541385508 5.398055541385508 5.398055541385508 5.398055541385508 5.398055541385508 5.398055541385508 5.398055541385508 5.398055541385508 5.398055541385508 5.398055541385508 5.398055541385508 5.398055541385508 5.398055541385508 5.398055541385508 5.398055541385508 5.398055541385508 5.398055541385508 5.398055541385508 5.398055541385508 5.398055541385508 5.398055541385508 5.398055541385508 5.398055541385508 5.398055541385508 5.398055541385508 5.398055541385508 3.8270222760328996 3.785992716246499 3.744963156460098 3.703933596673697 3.662904036887296
-9999.0 -9999.0 -9999.0 -9999.0 -9999.0 -9999.0 -9999.0 -9999.0 -9999.0 -9999.0 -9999.0 5.398055541385508 5.398055541385508 5.398055541385508 5.398055541385508 5.398055541385508 5.398055541385508 5.398055541385508 5.398055541385508 5.398055541385508 5.398055541385508 5.398055541385508 5.398055541385508 5.398055541385508 5.398055541385508 5.398055541385508 5.398055541385508 5.398055541385508 5.398055541385508 5.398055541385508 5.398055541385508 5.398055541385508 5.398055541385508 5.398055541385508 5.398055541385508 5.398055541385508 5.398055541385508 5.398055541385508 5.398055541385508 3.7025864601500325 3.6596553687172113 3.61672427728439 3.5737931858515686 3.5308620944187474
-9999.0 -9999.0 -9999.0 -9999.0 -9999.0 -9999.0 -9999.0 -9999.0 -9999.0 -9999.0 5.398055541385508 5.398055541385508 5.398055541385508 5.398055541385508 5.398055541385508 5.398055541385508 5.398055541385508 5.398055541385508 5.398055541385508 5.398055541385508 5.398055541385508 5.398055541385508 5.398055541385508 5.398055541385508 5.398055541385508 5.398055541385508 5.398055541385508 5.398055541385508 5.398055541385508 5.398055541385508 5.398055541385508 5.398055541385508 5.398055541385508 5.398055541385508 5.398055541385508 5.398055541385508 5.398055541385508 5.398055541385508 5.398055541385508 3.5781506442671662 3.5333180211879243 3.4884853981086827 3.443652775029441 3.3988201519501993
-9999.0 -9999.0 -9999.0 -9999.0 -9999.0 -9999.0 -9999.0 -9999.0 -9999.0 5.398055541385508 5.398055541385508 5.398055541385508 5.398055541385508 5.398055541385508 5.398055541385508 5.398055541385508 5.398055541385508 5.398055541385508 5.398055541385508 5.398055541385508 5.398055541385508 5.398055541385508 5.398055541385508 5.398055541385508 5.398055541385508 5.398055541385508 5.398055541385508 5.398055541385508 5.398055541385508 5.398055541385508 5.398055541385508 5.398055541385508 5.398055541385508 5.398055541385508 5.398055541385508 5.398055541385508 5.398055541385508 5.398055541385508 5.398055541385508 3.453714828384299 3.4069806736586368 3.360246518932975 3.3135123642073125 3.2667782094816507
-9999.0 -9999.0 -9999.0 -9999.0 -9999.0 -9999.0 -9999.0 5.398055541385508 5.398055541385508 5.398055541385508 5.398055541385508 5.398055541385508 5.398055541385508 5.398055541385508 5.398055541385508 5.398055541385508 5.398055541385508 5.398055541385508 5.398055541385508 5.398055541385508 5.398055541385508 5.398055541385508 5.398055541385508 5.398055541385508 5.398055541385508 5.398055541385508 5.398055541385508 5.398055541385508 5.398055541385508 5.398055541385508 5.398055541385508 5.398055541385508 5.398055541385508 5.398055541385508 5.398055541385508 5.398055541385508 5.398055541385508 5.398055541385508 5.398055541385508 3.329279012501326 3.280643326129242 3.2320076397571578 3.1833719533850737 3.1347362670129897
-9999.0 -9999.0 -9999.0 -9999.0 -9999.0 -9999.0 5.398055541385508 5.398055541385508 5.398055541385508 5.398055541385508 5.398055541385508 5.398055541385508 5.398055541385508 5.398055541385508 5.398055541385508 5.398055541385508 5.398055541385508 5.398055541385508 5.398055541385508 5.398055541385508 5.398055541385508 5.398055541385508 5.398055541385508 5.398055541385508 5.398055541385508 5.398055541385508 5.398055541385508 5.398055541385508 5.398055541385508 5.398055541385508 5.398055541385508 5.398055541385508 5.398055541385508 5.398055541385508 5.398055541385508 5.398055541385508 5.398055541385508 5.398055541385508 5.398055541385508 3.2048431966184587 3.1543059785999543 3.10376876058145 3.0532315425629455 3.002694324544441
-9999.0 -9999.0 -9999.0 5.398055541385508 5.398055541385508 -9999.0 5.398055541385508 5.398055541385508 5.398055541385508 5.398055541385508 5.398055541385508 5.398055541385508 5.398055541385508 5.398055541385508 5.398055541385508 6.871057005133854 6.579046068783266 6.2870351324326785 5.995024196082092 5.703013259731504 5.411002323380917 5.118991387030329 4.826980450679741 4.534969514329154 4.242958577978566 3.950947641627979 3.6589367052768935 3.4895812580574797 3.4513473005308595 3.4131133430042393 3.374879385477619 3.336645427950999 3.2984114704243788 3.2601775128977586 3.221943555371139 3.1837095978445187 3.1454756403178985 3.1072416827912783 3.069007725264658 3.030999310769559 2.993232006872653 2.955464702975747 2.917697399078841 2.879930095181935
-9999.0 -9999.0 -9999.0 5.398055541385508 5.398055541385508 5.398055541385508 5.398055541385508 5.398055541385508 5.398055541385508 5.398055541385508 5.398055541385508 5.398055541385508 5.398055541385508 5.398055541385508 5.398055541385508 6.345212730831365 6.075684308455053 5.8061558860787414 5.5366274637024295 5.267099041326118 4.997570618949806 4.728042196573494 4.458513774197183 4.18898535182087 3.9194569294445585 3.6499285070682466 3.380400084691475 3.2237286600881268 3.187703916485917 3.151679172883707 3.1156544292814976 3.0796296856792877 3.0436049420770783 3.0075801984748685 2.9715554548726586 2.935530711270449 2.8995059676682393 2.8634812240660295 2.82745648046382 2.804341312838126 2.7950267736930425 2.785712234547959 2.7763976954028755 2.767083156257792
-9999.0 -9999.0 -9999.0 5.398055541385508 5.398055541385508 5.398055541385508 5.398055541385508 5.398055541385508 5.398055541385508 5.398055541385508 5.398055541385508 5.398055541385508 5.398055541385508 5.398055541385508 5.398055541385508 5.819368456528878 5.5723225481268415 5.325276639724805 5.078230731322769 4.831184822920732 4.584138914518696 4.3370930061166595 4.090047097714623 3.8430011893125866 3.59595528091055 3.3489093725085137 3.101863464106056 2.9578760621187734 2.9240605324409743 2.8902450027631748 2.8564294730853756 2.8226139434075765 2.7887984137297774 2.754982884051978 2.721167354374179 2.6873518246963797 2.6535362950185806 2.619720765340781 2.585905235662982 2.577683314906694 2.5968215405134325 2.6159597661201714 2.63509799172691 2.6542362173336485
-9999.0 -9999.0 -9999.0 5.398055541385508 5.398055541385508 5.398055541385508 5.398055541385508 5.398055541385508 5.398055541385508 5.398055541385508 5.398055541385508 5.398055541385508 5.398055541385508 5.398055541385508 5.398055541385508 5.293524182226389 5.068960787798629 4.844397393370867 4.619833998943107 4.395270604515346 4.170707210087585 3.9461438156598243 3.721580421232064 3.4970170268043024 3.272453632376542 3.047890237948781 2.823326843520637 2.69202346414942 2.6604171483960313 2.6288108326426425 2.597204516889254 2.5655982011358653 2.5339918853824765 2.5023855696290878 2.470779253875699 2.43917293812231 2.407566622368922 2.375960306615533 2.3443539908621442 2.351025316975262 2.3986163073338225 2.4462072976923834 2.4937982880509444 2.5413892784095053
-9999.0 -9999.0 -9999.0 5.398055541385508 5.398055541385508 5.398055541385508 5.398055541385508 5.398055541385508 5.398055541385508 5.398055541385508 5.398055541385508 5.398055541385508 5.398055541385508 5.398055541385508 5.398055541385508 4.767679907923453 4.565599027469987 4.363518147016521 4.161437266563055 3.9593563861095884 3.7572755056561222 3.555194625202656 3.35311374474919 3.1510328642957237 2.9489519838422575 2.7468711033887914 2.544790222934981 2.4261708661798402 2.396773764350864 2.3673766625218877 2.337979560692911 2.3085824588639348 2.2791853570349585 2.2497882552059822 2.2203911533770055 2.1909940515480293 2.161596949719053 2.1321998478900763 2.1028027460611 2.1243673190436363 2.2004110741540437 2.276454829264451 2.3524985843748585 2.428542339485266
-9999.0 -9999.0 -9999.0 5.398055541385508 5.398055541385508 5.398055541385508 5.398055541385508 5.398055541385508 5.398055541385508 5.398055541385508 5.398055541385508 5.398055541385508 5.398055541385508 5.398055541385508 5.398055541385508 4.2418356336209655 4.062237267141774 3.8826389006625837 3.703040534183393 3.5234421677042027 3.343843801225012 3.1642454347458213 2.9846470682666304 2.80504870178744 2.6254503353082494 2.445851968829059 2.2662536023495616 2.160318268210487 2.1331303803059214 2.1059424924013554 2.0787546044967895 2.0515667165922236 2.0243788286876576 1.997190940783092 1.970003052878526 1.94281516497396 1.9156272770693943 1.8884393891648283 1.8612515012602624 1.897709321112204 2.0022058409744337 2.1067023608366635 2.211198880698893 2.3156954005611228
-9999.0 5.398055541385508 5.398055541385508 5.398055541385508 5.398055541385508 5.398055541385508 5.398055541385508 5.398055541385508 5.398055541385508 5.398055541385508 5.398055541385508 5.398055541385508 5.398055541385508 5.398055541385508 5.398055541385508 3.7159913593184766 3.558875506813562 3.4017596543086466 3.244643801803732 3.0875279492988166 2.9304120967939014 2.7732962442889866 2.6161803917840714 2.459064539279156 2.3019486867742414 2.144832834269326 1.9877169817641434 1.8944656702411342 1.8694869962609788 1.8445083222808234 1.819529648300668 1.7945509743205126 1.7695723003403572 1.7445936263602018 1.7196149523800464 1.6946362783998907 1.6696576044197353 1.64467893043958 1.6197002564594245 1.6710513231807718 1.8040006077948239 1.9369498924088757 2.069899177022928 2.2028484616369797
