Figures/CREST_Example_wjb_NSE/Rolling_result/20100722/BJP_forecast/ens_25/wjb.rain.20100725.asc
ncols            288
nrows            254
xllcorner        113.274861
yllcorner        31.4918055
cellsize         0.008333333333
NODATA_value     -9999
[rows 154 to 175 of 254, columns 196 to 244 of 288]
5.411019143095572 5.378875255594931 5.3467313680942885 5.314587480593646 5.282443593093004 5.2502997055923615 5.218155818091719 5.186011930591077 5.1538680430904344 5.121724155589792 5.08958026808915 5.047470646157709 4.99470742860328 4.941944211048941 4.889180993494602 4.836417775940263 4.783654558385924 4.730891340831585 4.678128123277245 4.625364905722906 4.572601688168567 4.519838470614228 4.467075253059889 4.324077101092123 4.084615762108937 3.8451544231253423 3.605693084142156 3.3662317451589696 3.1267704061757833 2.887309067192597 2.6478477282094106 2.4083863892262243 2.168925050243038 1.9294637112598516 1.6900023722766653 1.5761767552263588 1.59665856847174 1.6171403817171215 1.6376221949625376 1.6581040082079188 1.6785858214533003 1.6990676346986815 1.7195494479440627 1.740031261189444 1.7605130744348254 1.7809948876802066 1.8014767009255879 1.8560531861412985 1.9470776474377502
5.497844272535831 5.461416413759138 5.424988554982445 5.388560696205752 5.352132837429059 5.3157049786523665 5.279277119875673 5.24284926109898 5.206421402322287 5.169993543545594 5.133565684768902 5.0886098748099595 5.034537492056579 4.980465109303291 4.926392726550002 4.872320343796713 4.818247961043425 4.7641755782901365 4.710103195536847 4.656030812783559 4.601958430030271 4.5478860472769815 4.493813664523693 4.346452041560143 4.099362109561662 3.8522721775627593 3.6051822455642775 3.3580923135657965 3.1110023815673147 2.8639124495688333 2.616822517570352 2.3697325855718705 2.1226426535733887 1.8755527215749073 1.6284627895764259 1.512124142902818 1.535561579572957 1.5589990162430958 1.5824364529132744 1.6058738895834133 1.6293113262535521 1.6527487629236908 1.6761861995938296 1.6996236362639685 1.7230610729341072 1.746498509604246 1.7699359462743849 1.839583460781307 1.9586305944765292
5.584669401976089 5.543957571923345 5.503245741870601 5.462533911817858 5.421822081765114 5.381110251712371 5.340398421659628 5.299686591606884 5.25897476155414 5.218262931501397 5.177551101448653 5.129749103462211 5.074367555509878 5.01898600755764 4.963604459605402 4.908222911653163 4.852841363700925 4.797459815748687 4.742078267796449 4.686696719844211 4.631315171891973 4.575933623939735 4.520552075987497 4.368826982028162 4.114108457014386 3.859389932000175 3.6046714069863985 3.349952881972622 3.0952343569588456 2.840515831945069 2.5857973069312923 2.331078781917516 2.0763602569037394 1.821641731889963 1.5669232068761865 1.4480715305792773 1.4744645906741736 1.5008576507690699 1.5272507108640112 1.5536437709589075 1.5800368310538038 1.6064298911487 1.6328229512435963 1.6592160113384928 1.6856090714333891 1.7120021315282854 1.7383951916231817 1.8231137354213156 1.9701835415153082
5.595972009746763 5.553946247770026 5.511920485793288 5.469894723816551 5.427868961839813 5.385843199863076 5.343817437886338 5.3017916759096 5.2597659139328625 5.217740151956125 5.175714389979388 5.127411265626981 5.072397498843342 5.017383732059797 4.9623699652762525 4.907356198492707 4.852342431709162 4.797328664925617 4.742314898142071 4.687301131358526 4.632287364574981 4.577273597791436 4.522259831007891 4.37061836282499 4.1156796950425365 3.8607410272596487 3.6058023594771953 3.350863691694742 3.0959250239122884 2.840986356129835 2.5860476883473815 2.3311090205649276 2.076170352782474 1.8212316850000208 1.5662930172175673 1.4473514915835832 1.473793988968756 1.5002364863539286 1.5266789837391463 1.553121481124319 1.5795639785094915 1.6060064758946642 1.6324489732798368 1.6588914706650095 1.6853339680501822 1.7117764654353549 1.7382189628205276 1.8279429343918037 1.985316234265647
5.52654580252229 5.486380893468251 5.446215984414212 5.406051075360173 5.365886166306134 5.325721257252095 5.285556348198056 5.245391439144017 5.205226530089978 5.165061621035939 5.1248967119819 5.078599184355415 5.02574574869878 4.972892313042236 4.920038877385691 4.867185441729147 4.814332006072602 4.761478570416058 4.708625134759513 4.655771699102969 4.6029182634464245 4.55006482778988 4.497211392133336 4.350407215847294 4.103167571607592 3.8559279273674685 3.6086882831277665 3.3614486388880644 3.114208994648362 2.8669693504086595 2.6197297061689575 2.3724900619292555 2.125250417689553 1.878010773449851 1.6307711292101486 1.514329981216447 1.5377153861097155 1.5611007910029837 1.5844861958962921 1.6078716007895604 1.6312570056828288 1.6546424105760973 1.6780278154693655 1.701413220362634 1.7247986252559024 1.748184030149171 1.7715694350424394 1.8555393408635523 2.00427544952725
5.457119595297817 5.418815539166476 5.380511483035137 5.342207426903796 5.303903370772455 5.265599314641115 5.227295258509774 5.188991202378434 5.150687146247093 5.1123830901157525 5.074079033984413 5.02978710308385 4.9790939985542195 4.9284008940246755 4.8777077894951315 4.8270146849655875 4.7763215804360435 4.7256284759064995 4.6749353713769555 4.6242422668474115 4.5735491623178675 4.522856057788324 4.47216295325878 4.330196068869599 4.090655448172648 3.851114827475288 3.6115742067783376 3.372033586081386 3.1324929653844356 2.8929523446874845 2.6534117239905335 2.4138711032935825 2.1743304825966314 1.9347898618996804 1.6952492412027294 1.5813084708493108 1.6016367832506748 1.621965095652039 1.642293408053438 1.662621720454802 1.6829500328561662 1.7032783452575302 1.7236066576588944 1.7439349700602584 1.7642632824616227 1.7845915948629867 1.804919907264351 1.883135747335301 2.0232346647888524
5.387693388073345 5.3512501848647025 5.31480698165606 5.278363778447418 5.241920575238776 5.205477372030134 5.169034168821492 5.1325909656128506 5.096147762404208 5.059704559195566 5.023261355986924 4.9809750218122835 4.932442248409657 4.883909475007114 4.83537670160457 4.786843928202027 4.738311154799484 4.689778381396941 4.641245607994398 4.592712834591854 4.544180061189311 4.495647287786768 4.447114514384225 4.309984921891903 4.078143324737703 3.8463017275831084 3.6144601304289083 3.3826185332747087 3.1507769361205087 2.918935338966309 2.6870937418121095 2.4552521446579094 2.22341054750371 1.9915689503495098 1.7597273531953102 1.6482869604821744 1.6655581803916342 1.6828294003010942 1.7001006202105835 1.7173718401200435 1.7346430600295033 1.7519142799389633 1.769185499848423 1.7864567197578831 1.803727939667343 1.820999159576803 1.838270379486263 1.9107321538070496 2.0421938800504558
5.318267180848872 5.283684830562929 5.249102480276985 5.214520129991041 5.179937779705098 5.145355429419155 5.110773079133211 5.076190728847267 5.041608378561324 5.00702602827538 4.972443677989437 4.932162940540717 4.885790498265096 4.839418055989553 4.7930456137140105 4.746673171438468 4.700300729162925 4.653928286887383 4.60755584461184 4.561183402336297 4.514810960060754 4.468438517785212 4.422066075509669 4.289773774914208 4.065631201302759 3.841488627690928 3.6173460540794795 3.3932034804680313 3.1690609068565827 2.944918333245134 2.7207757596336855 2.496633186022237 2.272490612410788 2.0483480387993396 1.8242054651878914 1.7152654501150382 1.7294795775325937 1.7436937049501493 1.7579078323677293 1.7721219597852849 1.7863360872028407 1.8005502146203962 1.814764342037952 1.8289784694555076 1.8431925968730631 1.857406724290619 1.8716208517081745 1.9383285602787983 2.0611530953120583
5.248840973624399 5.216119476261154 5.183397978897909 5.150676481534664 5.117954984171419 5.085233486808174 5.052511989444929 5.019790492081684 4.987068994718439 4.954347497355194 4.9216259999919485 4.883350859269151 4.839138748120534 4.794926636971992 4.75071452582345 4.706502414674907 4.662290303526365 4.618078192377824 4.573866081229282 4.52965397008074 4.485441858932198 4.441229747783656 4.3970176366351135 4.269562627936511 4.053119077867814 3.836675527798748 3.6202319777300507 3.403788427661353 3.187344877592656 2.9709013275239586 2.7544577774552614 2.5380142273865642 2.3215706773178666 2.1051271272491694 1.8886835771804722 1.782243939747902 1.7934009746735533 1.8045580095992046 1.815715044524875 1.8268720794505264 1.8380291143761778 1.8491861493018293 1.8603431842274807 1.871500219153132 1.8826572540787834 1.8938142890044347 1.9049713239300863 1.965924966750547 2.080112310573661
5.1794147663998675 5.1485541219593225 5.1176934775187775 5.086832833078232 5.055972188637687 5.025111544197142 4.994250899756597 4.963390255316053 4.932529610875508 4.901668966434963 4.870808321994418 4.834538777997544 4.792486997975932 4.750435217954393 4.708383437932853 4.666331657911313 4.624279877889775 4.582228097868235 4.540176317846695 4.498124537825156 4.456072757803616 4.4140209777820765 4.371969197760537 4.249351480958799 4.040606954432859 3.8318624279065636 3.623117901380624 3.4143733748546845 3.205628848328745 2.9968843218028054 2.788139795276866 2.5793952687509267 2.370650742224987 2.1619062156990476 1.953161689173108 1.8492224293808226 1.857322371814567 1.8654223142483117 1.87352225668207 1.8816221991158146 1.889722141549559 1.8978220839833035 1.9059220264170482 1.9140219688507927 1.9221219112845374 1.9302218537182818 1.9383217961520263 1.993521373222319 2.09907152583528
5.109988559175394 5.080988767657548 5.051988976139701 5.022989184621855 4.993989393104009 4.964989601586162 4.935989810068316 4.906990018550469 4.8779902270326225 4.848990435514776 4.819990643996929 4.785726696725977 4.74583524783137 4.705943798936832 4.666052350042293 4.626160901147753 4.586269452253215 4.546378003358676 4.5064865544641375 4.466595105569598 4.426703656675059 4.386812207780521 4.3469207588859815 4.229140333981103 4.028094830997914 3.8270493280143834 3.6260038250311952 3.424958322048007 3.223912819064819 3.0228673160816304 2.821821813098442 2.6207763101152537 2.4197308071320656 2.218685304148877 2.017639801165689 1.9162009190136864 1.9212437689555266 1.9262866188973669 1.9313294688392157 1.936372318781056 1.9414151687228964 1.9464580186647367 1.951500868606577 1.9565437185484171 1.9615865684902574 1.9666294184320978 1.971672268373938 2.021117779694068 2.1180307410968826
5.040562351950921 5.013423413355774 4.986284474760626 4.959145536165478 4.9320065975703296 4.904867658975182 4.877728720380034 4.850589781784886 4.823450843189738 4.796311904594591 4.769172965999442 4.7369146154544115 4.699183497686809 4.661452379919271 4.623721262151732 4.585990144384194 4.548259026616656 4.5105279088491175 4.47279679108158 4.435065673314041 4.397334555546503 4.359603437778965 4.321872320011426 4.208929187003407 4.01558270756297 3.8222362281222035 3.6288897486817664 3.4355432692413292 3.242196789800892 3.048850310360455 2.855503830920018 2.662157351479581 2.4688108720391435 2.275464392598707 2.0821179131582697 1.98317940864655 1.985165166096486 1.987150923546422 1.9891366809963613 1.9911224384462973 1.9931081958962336 1.9950939533461696 1.9970797107961056 1.9990654682460416 2.001051225695978 2.003036983145914 2.00502274059585 2.048714186165816 2.1369899563584855
4.971136144726449 4.945858059053999 4.92057997338155 4.8953018877091 4.870023802036651 4.844745716364201 4.819467630691752 4.794189545019303 4.768911459346853 4.743633373674403 4.718355288001955 4.688102534182845 4.6525317475422465 4.616960960901709 4.581390174261172 4.545819387620634 4.510248600980097 4.474677814339558 4.439107027699021 4.403536241058483 4.367965454417946 4.3323946677774074 4.29682388113687 4.1887180400257105 4.003070584128025 3.8174231282300224 3.6317756723323367 3.446128216434651 3.2604807605369652 3.0748333046392795 2.889185848741594 2.703538392843908 2.5178909369462223 2.3322434810485366 2.146596025150851 2.050157898279414 2.0490865632374455 2.0480152281954775 2.0469438931535073 2.045872558111539 2.044801223069571 2.0437298880276025 2.0426585529856345 2.041587217943666 2.040515882901698 2.0394445478597296 2.038373212817761 2.0763105926375647 2.1559491716200885
4.901709937501977 4.8782927047522255 4.854875472002474 4.831458239252724 4.808041006502973 4.784623773753221 4.761206541003471 4.73778930825372 4.714372075503968 4.690954842754218 4.667537610004467 4.63929045291128 4.605879997397685 4.572469541884148 4.539059086370611 4.505648630857074 4.472238175343537 4.43882771983 4.405417264316463 4.372006808802926 4.338596353289389 4.305185897775852 4.271775442262315 4.168506893048015 3.99055846069308 3.8126100283378426 3.634661595982908 3.456713163627973 3.278764731273039 3.1008162989181045 2.9228678665631698 2.744919434208235 2.5669710018533003 2.389022569498366 2.2110741371434317 2.1171363879122773 2.113007960378405 2.1088795328445324 2.104751105310653 2.1006226777767805 2.096494250242908 2.0923658227090356 2.088237395175163 2.0841089676412907 2.079980540107418 2.0758521125735454 2.071723685039673 2.1039069991093133 2.174908386881691
4.832283730277504 4.810727350450451 4.789170970623399 4.767614590796346 4.746058210969293 4.724501831142241 4.7029454513151885 4.6813890714881365 4.659832691661084 4.638276311834031 4.616719932006979 4.590478371639713 4.559228247253124 4.527978122866587 4.496727998480051 4.465477874093514 4.434227749706978 4.402977625320442 4.371727500933905 4.340477376547368 4.309227252160833 4.277977127774296 4.246727003387759 4.148295746070319 3.978046337258136 3.8077969284456623 3.637547519633479 3.4672981108212957 3.2970487020091124 3.126799293196929 2.9565498843847458 2.7863004755725624 2.616051066760379 2.445801657948196 2.2755522491360125 2.184114877545141 2.1769293575193642 2.1697438374935873 2.1625583174677985 2.155372797442022 2.148187277416245 2.1410017573904683 2.133816237364692 2.126630717338915 2.119445197313138 2.1122596772873616 2.1050741572615848 2.131503405581062 2.193867602143294
4.849676578181496 4.8128657304330416 4.776054882684587 4.739244034936132 4.702433187187678 4.665622339439223 4.628811491690769 4.592000643942313 4.555189796193859 4.518378948445404 4.48156810069695 4.448832832802588 4.420454451999223 4.392076071195906 4.36369769039259 4.335319309589274 4.3069409287859575 4.2785625479826415 4.250184167179325 4.221805786376009 4.193427405572692 4.165049024769376 4.13667064396606 4.041914375368742 3.8761986425064534 3.7104829096438827 3.544767176781595 3.3790514439193067 3.213335711057019 3.0476199781947306 2.881904245332443 2.716188512470155 2.550472779607867 2.3847570467455785 2.2190413138832907 2.129353640066634 2.1209416821346894 2.1125297242027448 2.1041177662707855 2.095705808338841 2.0872938504068963 2.0788818924749517 2.0704699345430075 2.0620579766110625 2.0536460186791183 2.0452340607471737 2.036822102815229 5.63708319854203 5.63708319854203
4.9598735234334335 4.889513008634678 4.819152493835923 4.7487919790371675 4.678431464238412 4.608070949439657 4.537710434640902 4.467349919842146 4.396989405043391 4.326628890244636 4.25626837544588 4.207954179526224 4.183207997378351 4.15846181523052 4.13371563308269 4.108969450934858 4.084223268787028 4.0594770866391965 4.034730904491366 4.0099847223435345 3.985238540195704 3.960492358047873 3.935746175900042 3.843422467191965 3.678856853228503 3.5142912392647605 3.3497256253012986 3.1851600113378367 3.0205943973743747 2.856028783410913 2.691463169447451 2.526897555483989 2.362331941520527 2.197766327557065 2.033200713593603 1.9444603080929665 1.9367787666128478 1.9290972251327287 1.9214156836525969 1.9137341421724778 1.906052600692359 1.89837105921224 1.8906895177321212 1.8830079762520022 1.8753264347718832 1.8676448932917644 1.8599633518116454 5.63708319854203 5.63708319854203
5.070070468685276 4.966160286836248 4.862250104987221 4.758339923138194 4.654429741289166 4.55051955944014 4.446609377591113 4.342699195742085 4.238789013893058 4.134878832044031 4.030968650195003 3.9670755262500674 3.945961542757683 3.924847559265334 3.903733575772985 3.8826195922806366 3.861505608788288 3.8403916252959394 3.8192776418035908 3.7981636583112417 3.777049674818893 3.7559356913265445 3.734821707834196 3.6449305590153576 3.481515063950721 3.3180995688858053 3.1546840738211688 2.991268578756532 2.827853083691895 2.6644375886272584 2.5010220935626215 2.3376065984979846 2.1741911034333476 2.0107756083687107 1.8473601133040742 1.7595669761194572 1.7526158510911634 1.7456647260628695 1.7387136010345636 1.7317624760062698 1.7248113509779759 1.717860225949682 1.7109091009213881 1.7039579758930943 1.6970068508648004 1.6900557258365065 1.6831046008082127 5.63708319854203 5.63708319854203
5.180267413937118 5.042807565037819 4.90534771613852 4.767887867239221 4.630428018339922 4.492968169440623 4.355508320541323 4.218048471642024 4.080588622742725 3.9431287738434255 3.8056689249441265 3.7261968729739094 3.7087150881370134 3.6912333033001468 3.6737515184632805 3.6562697336264143 3.6387879487895476 3.6213061639526813 3.603824379115815 3.586342594278949 3.568860809442082 3.551379024605216 3.5338972397683497 3.4464386508387506 3.2841732746729386 3.1219078985068505 2.9596425223410385 2.7973771461752266 2.635111770009415 2.4728463938436036 2.3105810176777917 2.1483156415119797 1.9860502653461682 1.8237848891803565 1.6615195130145448 1.5746736441459475 1.5684529355694787 1.56223222699301 1.5560115184165304 1.5497908098400617 1.5435701012635927 1.537349392687124 1.531128684110655 1.5249079755341863 1.5186872669577176 1.5124665583812487 1.50624584980478 5.63708319854203 5.63708319854203
5.290464359188961 5.11945484323939 4.948445327289819 4.777435811340247 4.606426295390676 4.435416779441105 4.264407263491534 4.093397747541962 3.9223882315923913 3.75137871564282 3.5803691996932487 3.4853182196977515 3.4714686335163436 3.4576190473349597 3.443769461153576 3.4299198749721915 3.4160702887908077 3.4022207026094233 3.3883711164280395 3.374521530246655 3.3606719440652713 3.346822357883887 3.332972771702503 3.2479467426621427 3.086831485395156 2.925716228127895 2.7646009708609083 2.603485713593922 2.4423704563269353 2.281255199059949 2.120139941792962 1.9590246845259753 1.7979094272589888 1.6367941699920021 1.4756789127250156 1.389780312172438 1.3842900200477941 1.3787997279231503 1.3733094357984972 1.3678191436738534 1.3623288515492098 1.356838559424566 1.3513482672999222 1.3458579751752784 1.3403676830506346 1.3348773909259908 1.329387098801347 5.63708319854203 5.63708319854203
5.400661304440804 5.19610212144096 4.991542938441118 4.786983755441274 4.582424572441431 4.377865389441587 4.173306206441744 3.9687470234419013 3.764187840442058 3.5596286574422145 3.3550694744423715 3.2444395664215935 3.234222178895674 3.2240047913697727 3.2137874038438707 3.2035700163179692 3.1933526287920673 3.1831352412661658 3.172917853740264 3.1627004662143623 3.1524830786884603 3.1422656911625584 3.132048303636657 3.0494548344855357 2.889489696117374 2.72952455774894 2.569559419380778 2.409594281012617 2.249629142644455 2.089664004276294 1.9296988659081322 1.7697337275399707 1.6097685891718092 1.4498034508036477 1.2898383124354862 1.2048869801989284 1.2001271045261095 1.1953672288532908 1.190607353180464 1.1858474775076453 1.1810876018348266 1.1763277261620078 1.171567850489189 1.1668079748163704 1.1620480991435518 1.157288223470733 1.1525283477979142 5.63708319854203 5.63708319854203
5.510858249692646 5.272749399642531 5.034640549592416 4.7965316995423 4.558422849492185 4.32031399944207 4.082205149391955 3.8440962993418397 3.6059874492917245 3.3678785992416094 3.129769749191494 3.003560913145436 2.9969757242750052 2.9903905354045857 2.9838053465341665 2.977220157663747 2.9706349687933273 2.9640497799229077 2.957464591052488 2.9508794021820686 2.9442942133116494 2.93770902444123 2.9311238355708102 2.850962926308928 2.6921479068395913 2.5333328873699843 2.374517867900648 2.2157028484313113 2.056887828961975 1.8980728094926387 1.7392577900233022 1.5804427705539659 1.4216277510846294 1.262812731615293 1.1039977121459568 1.0199936482254186 1.0159641890044249 1.0119347297834314 1.0079052705624307 1.003875811341437 0.9998463521204435 0.9958168928994497 0.9917874336784561 0.9877579744574625 0.9837285152364688 0.9796990560154751 0.9756695967944814 5.63708319854203 5.63708319854203
