Figures/CREST_Example_wjb_NSE/Rolling_result/20100722/BJP_forecast/ens_25/wjb.rain.20100704.asc
ncols            288
nrows            254
xllcorner        113.274861
yllcorner        31.4918055
cellsize         0.008333333333
NODATA_value     -9999
[rows 60 to 79 of 254, columns 176 to 219 of 288]
4.829290996511292 4.829290996511292 4.829290996511292 4.829290996511292 4.829290996511292 4.829290996511292 4.829290996511292 4.784239255670676 4.691026184573084 4.597813113475492 4.5046000423779 4.411386971280308 4.318173900182716 4.2249608290851235 4.131747757987532 4.03853468688994 3.945321615792348 3.852108544694756 3.758895473597164 3.630514577756835 3.4645384815202913 3.2985623852837476 3.1325862890472043 2.966610192810661 2.800634096574117 2.6346580003375735 2.46868190410103 2.302705807864487 2.136729711627943 1.9707536153913994 1.8047775191548558 1.7190209883768632 1.7190209883768632 1.7190209883768632 -9999.0 -9999.0 -9999.0 -9999.0 -9999.0 -9999.0 -9999.0 -9999.0 -9999.0 -9999.0
4.6948872197831015 4.6948872197831015 4.6948872197831015 4.6948872197831015 4.6948872197831015 4.6948872197831015 4.6948872197831015 4.659582370235814 4.586535837748123 4.513489305260431 4.440442772772739 4.367396240285048 4.294349707797356 4.221303175309664 4.1482566428219725 4.0752101103342815 4.00216357784659 3.9291170453588977 -9999.0 -9999.0 -9999.0 3.3783747625007354 3.201211099027337 3.024047435553938 2.8468837720805396 2.669720108607141 2.4925564451337423 2.3153927816603437 2.138229118186945 1.9610654547135464 1.7839017912401478 1.6923648681295693 -9999.0 -9999.0 -9999.0 -9999.0 -9999.0 -9999.0 -9999.0 -9999.0 -9999.0 -9999.0 -9999.0 -9999.0
4.539718697640007 4.539718697640007 4.539718697640007 4.539718697640007 4.539718697640007 4.539718697640007 4.539718697640007 4.517155348366406 4.470471268222186 4.423787188077966 4.377103107933745 4.3304190277895245 4.283734947645304 4.237050867501083 4.190366787356863 4.143682707212643 4.096998627068422 4.050314546924202 -9999.0 -9999.0 -9999.0 3.526969104000626 3.34473699806676 3.162504892132894 2.9802727861990284 2.7980406802651627 2.6158085743312967 -9999.0 -9999.0 -9999.0 -9999.0 -9999.0 -9999.0 -9999.0 -9999.0 -9999.0 -9999.0 -9999.0 -9999.0 -9999.0 -9999.0 -9999.0 -9999.0 -9999.0
4.384550175496912 4.384550175496912 4.384550175496912 4.384550175496912 4.384550175496912 4.384550175496912 4.384550175496912 4.374728326496998 4.354406698696248 4.334085070895499 4.31376344309475 4.293441815294001 4.273120187493252 4.252798559692502 4.232476931891753 4.212155304091004 4.191833676290255 4.171512048489506 -9999.0 -9999.0 -9999.0 -9999.0 -9999.0 -9999.0 -9999.0 -9999.0 -9999.0 -9999.0 -9999.0 -9999.0 -9999.0 -9999.0 -9999.0 -9999.0 -9999.0 -9999.0 -9999.0 -9999.0 -9999.0 -9999.0 -9999.0 -9999.0 -9999.0 -9999.0
4.229381653353817 4.229381653353817 4.229381653353817 4.229381653353817 4.229381653353817 4.229381653353817 4.229381653353817 4.23230130462759 4.238342129170312 4.244382953713034 4.250423778255756 4.256464602798478 4.2625054273412 4.268546251883922 4.274587076426644 4.280627900969367 4.286668725512088 4.29270955005481 -9999.0 -9999.0 -9999.0 -9999.0 -9999.0 -9999.0 -9999.0 -9999.0 -9999.0 -9999.0 -9999.0 -9999.0 -9999.0 -9999.0 -9999.0 -9999.0 -9999.0 -9999.0 -9999.0 -9999.0 -9999.0 -9999.0 -9999.0 -9999.0 -9999.0 -9999.0
4.074213131210722 4.074213131210722 4.074213131210722 4.074213131210722 4.074213131210722 4.074213131210722 4.074213131210722 4.089874282758181 4.122277559644374 4.154680836530567 4.187084113416761 4.219487390302954 4.251890667189148 4.2842939440753405 4.316697220961534 4.3491004978477275 4.381503774733921 4.4139070516201135 4.446310328506307 -9999.0 -9999.0 -9999.0 -9999.0 -9999.0 -9999.0 -9999.0 -9999.0 -9999.0 -9999.0 -9999.0 -9999.0 -9999.0 -9999.0 -9999.0 -9999.0 -9999.0 -9999.0 -9999.0 -9999.0 -9999.0 -9999.0 -9999.0 -9999.0 -9999.0
3.9190446090674946 3.9190446090674946 3.9190446090674946 3.9190446090674946 3.9190446090674946 3.9190446090674946 3.9190446090674946 3.9474472608886515 4.006212990118339 4.064978719348026 4.123744448577713 4.1825101778074 4.241275907037087 4.300041636266774 4.358807365496461 4.417573094726148 4.476338823955835 4.535104553185522 4.593870282415209 -9999.0 -9999.0 -9999.0 -9999.0 -9999.0 -9999.0 -9999.0 -9999.0 -9999.0 -9999.0 -9999.0 -9999.0 -9999.0 -9999.0 -9999.0 -9999.0 -9999.0 -9999.0 -9999.0 -9999.0 -9999.0 -9999.0 -9999.0 -9999.0 -9999.0
3.763876086924399 3.763876086924399 3.763876086924399 3.763876086924399 3.763876086924399 3.763876086924399 3.763876086924399 3.8050202390192425 3.890148420592401 3.9752766021655592 4.060404783738718 4.145532965311876 4.230661146885034 4.315789328458193 4.40091751003135 4.486045691604509 4.571173873177667 4.656302054750825 4.741430236323984 4.685089447972619 -9999.0 -9999.0 -9999.0 -9999.0 -9999.0 -9999.0 -9999.0 -9999.0 -9999.0 -9999.0 -9999.0 -9999.0 -9999.0 -9999.0 -9999.0 -9999.0 -9999.0 -9999.0 -9999.0 -9999.0 -9999.0 -9999.0 -9999.0 -9999.0
3.6087075647813043 3.6087075647813043 3.6087075647813043 3.6087075647813043 3.6087075647813043 3.6087075647813043 3.6087075647813043 3.6625932171498343 3.774083851066464 3.8855744849830938 3.997065118899723 4.108555752816352 4.2200463867329825 4.331537020649612 4.443027654566241 4.554518288482871 4.6660089223995005 4.77749955631613 4.888990190232759 -9999.0 -9999.0 -9999.0 -9999.0 -9999.0 -9999.0 -9999.0 -9999.0 -9999.0 -9999.0 -9999.0 -9999.0 -9999.0 -9999.0 -9999.0 -9999.0 -9999.0 -9999.0 -9999.0 -9999.0 -9999.0 -9999.0 -9999.0 -9999.0 -9999.0
3.453539042638209 3.453539042638209 3.453539042638209 3.453539042638209 3.453539042638209 3.453539042638209 3.453539042638209 3.520166195280426 3.658019281540527 3.795872367800628 3.9337254540607285 4.0715785403208296 4.20943162658093 4.347284712841031 4.485137799101132 4.622990885361233 4.760843971621333 4.898697057881434 -9999.0 -9999.0 -9999.0 -9999.0 -9999.0 -9999.0 -9999.0 -9999.0 -9999.0 -9999.0 -9999.0 -9999.0 -9999.0 -9999.0 -9999.0 -9999.0 -9999.0 -9999.0 -9999.0 -9999.0 -9999.0 -9999.0 -9999.0 -9999.0 -9999.0 -9999.0
3.298370520495114 3.298370520495114 3.298370520495114 3.298370520495114 3.298370520495114 3.298370520495114 3.298370520495114 3.3777391734110176 3.5419547120145896 3.7061702506181615 3.870385789221734 4.034601327825306 4.198816866428878 4.36303240503245 4.527247943636022 4.691463482239594 4.855679020843166 5.019894559446738 -9999.0 -9999.0 -9999.0 -9999.0 -9999.0 -9999.0 -9999.0 -9999.0 -9999.0 -9999.0 -9999.0 -9999.0 -9999.0 -9999.0 -9999.0 -9999.0 -9999.0 -9999.0 -9999.0 -9999.0 -9999.0 -9999.0 -9999.0 -9999.0 -9999.0 -9999.0
3.1432019983520187 3.1432019983520187 3.1432019983520187 3.1432019983520187 3.1432019983520187 3.1432019983520187 3.1432019983520187 3.235312151541609 3.4258901424886523 3.6164681334356956 3.807046124382739 3.9976241153297822 4.188202106276826 4.378780097223869 4.569358088170912 4.7599360791179555 4.950514070064999 5.141092061012042 -9999.0 -9999.0 -9999.0 -9999.0 -9999.0 -9999.0 -9999.0 -9999.0 -9999.0 -9999.0 -9999.0 -9999.0 -9999.0 -9999.0 -9999.0 -9999.0 -9999.0 -9999.0 -9999.0 -9999.0 -9999.0 -9999.0 -9999.0 -9999.0 -9999.0 -9999.0
2.9880334762087917 2.9880334762087917 2.9880334762087917 2.9880334762087917 2.9880334762087917 2.9880334762087917 2.9880334762087917 3.0928851296720796 3.3098255729626165 3.5267660162531533 3.7437064595436906 3.9606469028342275 4.177587346124764 4.394527789415301 4.611468232705838 4.828408675996375 5.045349119286913 5.262289562577449 5.479230005867986 -9999.0 -9999.0 -9999.0 -9999.0 -9999.0 -9999.0 -9999.0 -9999.0 -9999.0 -9999.0 -9999.0 -9999.0 -9999.0 -9999.0 -9999.0 -9999.0 -9999.0 -9999.0 -9999.0 -9999.0 -9999.0 -9999.0 -9999.0 -9999.0 -9999.0
2.871282344655739 2.871282344655739 2.871282344655739 2.871282344655739 2.871282344655739 2.871282344655739 2.871282344655739 2.9812230802705537 3.2086929496733907 3.4361628190762277 3.6636326884790646 3.8911025578819016 4.118572427284739 4.346042296687575 4.573512166090412 4.800982035493249 5.028451904896086 5.255921774298923 5.48339164370176 5.50284268858977 5.299916903203918 5.096991117818067 -9999.0 -9999.0 -9999.0 -9999.0 -9999.0 -9999.0 -9999.0 -9999.0 -9999.0 -9999.0 -9999.0 -9999.0 -9999.0 -9999.0 -9999.0 -9999.0 -9999.0 -9999.0 -9999.0 -9999.0 -9999.0 -9999.0
2.7955969813958856 2.7955969813958856 2.7955969813958856 2.7955969813958856 2.7955969813958856 2.7955969813958856 2.7955969813958856 2.902446846680791 3.1235216354399187 3.3445964241990462 3.565671212958174 3.786746001717301 4.007820790476428 4.228895579235556 4.449970367994683 4.671045156753811 4.892119945512938 5.113194734272065 5.3342695230311925 5.383024413849129 5.2475654346643035 5.112106455479478 4.976647476294653 4.841188497109828 4.705729517925002 -9999.0 -9999.0 -9999.0 -9999.0 -9999.0 -9999.0 -9999.0 -9999.0 -9999.0 -9999.0 -9999.0 -9999.0 -9999.0 -9999.0 -9999.0 -9999.0 -9999.0 -9999.0 -9999.0
2.7199116181360323 2.7199116181360323 2.7199116181360323 2.7199116181360323 2.7199116181360323 2.7199116181360323 2.7199116181360323 2.823670613091029 3.038350321206447 3.253030029321865 3.467709737437283 3.6823894455527006 3.8970691536681183 4.1117488617835365 4.326428569898955 4.541108278014372 4.755787986129791 4.970467694245208 5.185147402360626 5.263206139108488 5.1952139661246886 5.127221793140889 5.05922962015709 4.991237447173291 4.923245274189492 -9999.0 -9999.0 -9999.0 -9999.0 -9999.0 4.5152922362866965 -9999.0 -9999.0 -9999.0 -9999.0 -9999.0 -9999.0 -9999.0 -9999.0 -9999.0 -9999.0 -9999.0 -9999.0 -9999.0
2.644226254876179 2.644226254876179 2.644226254876179 2.644226254876179 2.644226254876179 2.644226254876179 2.644226254876179 2.744894379501267 2.9531790069729755 3.161463634444684 3.369748261916392 3.5780328893881004 3.786317516859809 3.9946021443315174 4.202886771803226 4.411171399274934 4.619456026746643 4.827740654218351 5.03602528169006 5.143387864367846 5.142862497585074 5.1423371308023 5.141811764019527 5.141286397236754 5.140761030453981 5.140235663671207 -9999.0 -9999.0 -9999.0 5.138134196540115 5.137608829757341 -9999.0 -9999.0 -9999.0 -9999.0 -9999.0 -9999.0 -9999.0 -9999.0 -9999.0 -9999.0 -9999.0 -9999.0 -9999.0
2.5685408916163253 2.5685408916163253 2.5685408916163253 2.5685408916163253 2.5685408916163253 2.5685408916163253 2.5685408916163253 2.666118145911504 2.868007692739503 3.069897239567502 3.2717867863955012 3.4736763332235 3.675565880051499 3.8774554268794983 4.079344973707497 4.281234520535496 4.4831240673634944 4.685013614191494 4.886903161019493 5.023569589627206 5.090511029045459 5.1574524684637115 5.224393907881964 5.291335347300217 5.35827678671847 5.425218226136723 -9999.0 -9999.0 -9999.0 5.692983983809734 5.759925423227988 -9999.0 -9999.0 -9999.0 -9999.0 -9999.0 -9999.0 -9999.0 -9999.0 -9999.0 -9999.0 -9999.0 -9999.0 -9999.0
2.4928555283564724 2.4928555283564724 2.4928555283564724 2.4928555283564724 2.4928555283564724 2.4928555283564724 2.4928555283564724 2.5873419123217425 2.782836378506032 2.9783308446903214 3.173825310874611 3.3693197770589003 3.5648142432431893 3.7603087094274787 3.955803175611768 4.151297641796058 4.346792107980347 4.5422865741646365 4.737781040348926 4.903751314886565 5.038159560505844 5.172567806125122 5.306976051744401 5.441384297363681 5.57579254298296 5.710200788602238 -9999.0 -9999.0 6.113425525460076 6.247833771079355 6.382242016698633 -9999.0 -9999.0 -9999.0 -9999.0 -9999.0 -9999.0 -9999.0 -9999.0 -9999.0 -9999.0 -9999.0 -9999.0 -9999.0
2.4171701650965542 2.4171701650965542 2.4171701650965542 2.4171701650965542 2.4171701650965542 2.4171701650965542 2.4171701650965542 2.508565678731913 2.697665064272487 2.886764449813062 3.075863835353636 3.2649632208942108 3.4540626064347855 3.6431619919753597 3.8322613775159344 4.021360763056509 4.210460148597083 4.3995595341376585 4.588658919678233 4.783933040145821 4.985808091966184 5.187683143786547 5.389558195606909 5.591433247427272 5.793308299247634 5.995183351067997 6.197058402888359 6.398933454708722 6.600808506529084 6.802683558349447 -9999.0 -9999.0 -9999.0 -9999.0 -9999.0 -9999.0 -9999.0 -9999.0 -9999.0 -9999.0 -9999.0 -9999.0 -9999.0 -9999.0
