Figures/CREST_Example_wjb_NSE/Rolling_result/20100722/BJP_forecast/ens_25/wjb.rain.20100723.asc
ncols            288
nrows            254
xllcorner        113.274861
yllcorner        31.4918055
cellsize         0.008333333333
NODATA_value     -9999
[rows 22 to 43 of 254, columns 50 to 99 of 288]
1.362428539983843 1.362428539983843 1.362428539983843 1.362428539983843 1.362428539983843 1.362428539983843 1.362428539983843 1.362428539983843 -9999.0 -9999.0 -9999.0 -9999.0 -9999.0 -9999.0 -9999.0 -9999.0 -9999.0 -9999.0 -9999.0 -9999.0 1.362428539983843 1.362428539983843 1.362428539983843 1.362428539983843 1.362428539983843 1.362428539983843 1.362428539983843 1.362428539983843 1.362428539983843 1.362428539983843 1.362428539983843 1.362428539983843 1.362428539983843 1.362428539983843 1.362428539983843 1.362428539983843 1.362428539983843 0.0 0.0 0.0 0.0 0.0 0.0 0.0 0.0 0.0 0.0 0.0 0.0 1.362428539983843
1.362428539983843 1.362428539983843 1.362428539983843 1.362428539983843 1.362428539983843 1.362428539983843 1.362428539983843 1.362428539983843 -9999.0 -9999.0 -9999.0 -9999.0 -9999.0 -9999.0 -9999.0 -9999.0 -9999.0 -9999.0 -9999.0 -9999.0 1.362428539983843 1.362428539983843 1.362428539983843 1.362428539983843 1.362428539983843 1.362428539983843 1.362428539983843 1.362428539983843 1.362428539983843 1.362428539983843 1.362428539983843 1.362428539983843 1.362428539983843 1.362428539983843 1.362428539983843 1.362428539983843 1.362428539983843 0.0 0.0 0.0 0.0 0.0 0.0 0.0 0.0 0.0 0.0 0.0 0.0 1.362428539983843
1.362428539983843 1.362428539983843 1.362428539983843 1.362428539983843 1.362428539983843 1.362428539983843 1.362428539983843 1.362428539983843 1.362428539983843 1.362428539983843 -9999.0 1.362428539983843 1.362428539983843 -9999.0 -9999.0 -9999.0 -9999.0 -9999.0 -9999.0 1.362428539983843 1.362428539983843 1.362428539983843 1.362428539983843 1.362428539983843 1.362428539983843 1.362428539983843 1.362428539983843 1.362428539983843 1.362428539983843 1.362428539983843 1.362428539983843 1.362428539983843 1.362428539983843 1.362428539983843 1.362428539983843 1.362428539983843 1.362428539983843 0.0 0.0 0.0 0.0 0.0 0.0 0.0 0.0 0.0 0.0 0.0 0.0 1.362428539983843
0.035575714388146946 0.036613525400047565 0.035448911601868915 0.03428429780369224 0.03311968400551558 0.03195507020733891 0.030790456409162243 0.029625842610985574 0.02846122881280891 0.027296615014632243 0.026132001216455574 0.024967387418278905 0.02380277362010224 0.03818114331669314 0.06917531371083746 -9999.0 -9999.0 -9999.0 -9999.0 0.2241461656816119 0.2551403360757562 0.2861345064699005 0.31712867686404483 0.34812284725818915 0.37911701765233347 0.39164784276932624 0.38444093439201776 0.37723402601470934 0.3700271176373886 0.36282020926008013 0.3556133008827717 0.34840639250546324 0.3411994841281548 0.33399257575084634 0.3267856673735379 0.31957875899622945 0.31237185061892103 0.30572072858893157 0.2996637547297928 0.29360678087065406 0.2875498070115153 0.2814928331523662 0.27543585929322745 0.26937888543408867 0.2633219115749499 0.25726493771581116 0.2512079638566724 0.2451509899975336 0.23909401613839487 0.2264606354733343
0.10917962408737303 0.11236460063954586 0.10879047433234573 0.1052163480251517 0.10164222171795767 0.09806809541076365 0.09449396910356962 0.09091984279637559 0.08734571648918157 0.08377159018198754 0.08019746387479351 0.07662333756759948 0.07304921126040545 0.11717552117327407 0.2122946756507487 -9999.0 -9999.0 -9999.0 -9999.0 0.687890448038284 0.7830096025157586 0.8781287569932332 0.9732479114707079 1.0683670659481823 1.163486220425657 1.201942532528098 1.179824985178751 1.1577074378294039 1.1355898904800192 1.1134723431306721 1.0913547957813252 1.069237248431978 1.047119701082631 1.025002153733284 1.002884606383937 0.9807670590345899 0.9586495116852429 0.9382376375884733 0.9196491667616407 0.9010606959348079 0.8824722251079752 0.8638837542811107 0.8452952834542781 0.8267068126274453 0.8081183418006126 0.7895298709737799 0.7709414001469472 0.7523529293201144 0.7337644584932818 0.6949934098808737
0.18278353378666182 0.18811567587910866 0.18213203706288503 0.17614839824667158 0.17016475943045817 0.16418112061424472 0.15819748179803128 0.15221384298181787 0.14623020416560442 0.140246565349391 0.13426292653317756 0.12827928771696412 0.12229564890075069 0.19616989902992232 0.3554140375907817 0.5146581761519127 -9999.0 -9999.0 -9999.0 1.1516347303953505 1.3108788689562099 1.4701230075170693 1.6293671460779287 1.788611284638788 1.9478554231996474 2.012237222287559 1.975209035966161 1.9381808496447628 1.9011526633233016 1.8641244770019034 1.8270962906805055 1.7900681043591073 1.7530399180377092 1.716011731716311 1.678983545394913 1.6419553590735148 1.6049271727521168 1.5707545465885553 1.5396345787940175 1.50851461099948 1.4773946432049425 1.446274675410352 1.4151547076158144 1.384034739821277 1.3529147720267394 1.3217948042322019 1.2906748364376641 1.2595548686431266 1.228434900848589 1.1635261842888112
0.2563874434858879 0.26386675111860697 0.2554735997933618 0.24708044846813107 0.23868729714290027 0.2302941458176695 0.2219009944924387 0.21350784316720792 0.20511469184197711 0.19672154051674634 0.18832838919151557 0.17993523786628476 0.17154208654105396 0.27516427688650325 0.4985333995306928 0.7219025221752633 0.9452716448194529 1.1686407674636425 1.3920098901078322 1.6153790127520218 1.8387481353962112 2.062117258040401 2.2854863806845906 2.50885550332878 2.7322246259729694 2.8225319120463292 2.7705930867528927 2.718654261459456 2.6667154361659313 2.614776610872495 2.5628377855790583 2.5108989602856218 2.4589601349921852 2.4070213096987487 2.355082484405312 2.3031436591118757 2.2512048338184396 2.203271455588098 2.1596199908258664 2.1159685260636345 2.072317061301403 2.028665596539097 1.9850141317768655 1.941362667014634 1.8977112022524023 1.8540597374901708 1.8104082727279391 1.7667568079657077 1.7231053432034762 1.6320589586963505
0.32999135318511397 0.3396178263581052 0.3288151625238387 0.31801249868959053 0.30720983485534237 0.29640717102109426 0.2856045071868461 0.27480184335259794 0.26399917951834984 0.2531965156841017 0.24239385184985351 0.23159118801560538 0.22078852418135725 0.35415865474308417 0.641652761470604 0.929146868198614 1.2166409749261338 1.5041350816536536 1.7916291883811735 2.079123295108693 2.366617401836213 2.654111508563733 2.9416056152912526 3.2290997220187725 3.5165938287462923 3.6328266018051 3.565977137539625 3.49912767327415 3.432278209008561 3.365428744743086 3.298579280477611 3.231729816212136 3.1648803519466613 3.098030887681186 3.0311814234157115 2.964331959150236 2.8974824948847613 2.8357883645876396 2.779605402857714 2.7234224411277883 2.6672394793978627 2.611056517667841 2.5548735559379154 2.49869059420799 2.442507632478064 2.3863246707481385 2.3301417090182133 2.2739587472882876 2.217775785558362 2.1005917331038884
0.40359526288434 0.4153689015976034 0.4021567252543154 0.3889445489110499 0.3757323725677844 0.3625201962245189 0.34930801988125343 0.33609584353798794 0.3228836671947225 0.30967149085145695 0.2964593145081915 0.28324713816492597 0.27003496182166054 0.4331530325996651 0.7847721234105149 1.1363912142219645 1.4880103050328146 1.8396293958436645 2.1912484866545143 2.5428675774653646 2.8944866682762145 3.2461057590870643 3.597724849897914 3.9493439407087645 4.300963031519614 4.44312129156387 4.361361188326357 4.279601085088843 4.197840981851191 4.116080878613677 4.034320775376164 3.9525606721386506 3.8708005689011373 3.789040465663624 3.707280362426111 3.6255202591885975 3.543760155951084 3.468305273587182 3.3995908148895624 3.3308763561919426 3.262161897494323 3.193447438796586 3.1247329800989663 3.056018521401347 2.987304062703727 2.9185896040061072 2.849875145308488 2.781160686610868 2.712446227913248 2.5691245075114275
0.47719917258356603 0.4911199768371017 0.4754982879847922 0.4598765991325094 0.4442549102802265 0.4286332214279437 0.4130115325756608 0.397389843723378 0.38176815487109517 0.3661464660188123 0.35052477716652947 0.33490308831424664 0.31928139946196377 0.512147410456246 0.9278914853504262 1.3436355602453154 1.7593796351394957 2.1751237100336756 2.590867784927856 3.006611859822036 3.422355934716216 3.8381000096103963 4.253844084504577 4.6695881593987565 5.085332234292937 5.253415981322641 5.156745239113089 5.060074496903537 4.963403754693821 4.866733012484269 4.7700622702747175 4.6733915280651654 4.576720785855613 4.480050043646062 4.38337930143651 4.286708559226959 4.190037817017407 4.100822182586724 4.019576226921411 3.9383302712560972 3.8570843155907832 3.775838359925331 3.694592404260017 3.6133464485947036 3.5321004929293895 3.4508545372640755 3.369608581598762 3.2883626259334484 3.2071166702681344 3.037657281918966
0.5508030822827921 0.5668710520766 0.5488398507152691 0.5308086493539689 0.5127774479926687 0.49474624663136846 0.47671504527006825 0.45868384390876804 0.44065264254746783 0.4226214411861676 0.4045902398248674 0.3865590384635672 0.36852783710226705 0.5911417883128269 1.0710108472903375 1.550879906268666 2.0307489652461768 2.510618024223687 2.9904870832011974 3.4703561421787077 3.9502252011562184 4.430094260133728 4.909963319111238 5.389832378088749 5.86970143706626 6.063710671081412 5.952129289899822 5.840547908718231 5.728966527536451 5.61738514635486 5.505803765173271 5.39422238399168 5.28264100281009 5.171059621628499 5.059478240446909 4.947896859265319 4.836315478083729 4.7333390915862665 4.639561638953259 4.545784186320251 4.452006733687243 4.358229281054075 4.264451828421067 4.170674375788059 4.076896923155052 3.983119470522044 3.889342017889036 3.7955645652560284 3.7017871126230206 3.5061900563265045
0.6244069919820808 0.6426221273161628 0.6221814134458084 0.6017406995754887 0.5812999857051692 0.5608592718348495 0.54041855796453 0.5199778440942103 0.4995371302238907 0.47909641635357114 0.4586557024832515 0.4382149886129319 0.4177742747426123 0.6701361661694752 1.2141302092303705 1.7581242522921934 2.3021182953530888 2.8461123384139837 3.390106381474879 3.934100424535774 4.478094467596669 5.022088510657565 5.56608255371846 6.110076596779355 6.654070639840251 6.874005360840873 6.747513340687232 6.621021320533591 6.4945293003797335 6.368037280226092 6.24154526007245 6.115053239918809 5.988561219765168 5.862069199611526 5.735577179457885 5.609085159304244 5.482593139150603 5.365856000586349 5.259547050985636 5.1532381013849236 5.0469291517842105 4.940620202183316 4.834311252582604 4.728002302981891 4.621693353381179 4.515384403780466 4.409075454179754 4.302766504579042 4.196457554978329 3.974722830734443
0.698010901681307 0.7183732025556611 0.6955229761762851 0.6726727497969482 0.6498225234176113 0.6269722970382743 0.6041220706589373 0.5812718442796003 0.5584216179002635 0.5355713915209265 0.5127211651415895 0.4898709387622525 0.4670207123829156 0.7491305440260562 1.3572495711702817 1.965368598315544 2.5734876254597694 3.1816066526039943 3.78972567974822 4.397844706892445 5.005963734036671 5.614082761180897 6.222201788325122 6.8303208154693476 7.4384398426135725 7.684300050599644 7.542897391473964 7.401494732348285 7.2600920732223635 7.118689414096684 6.977286754971004 6.835884095845324 6.694481436719644 6.5530787775939645 6.411676118468285 6.270273459342605 6.128870800216925 5.998372909585891 5.879532463017484 5.760692016449077 5.641851569880671 5.523011123312061 5.404170676743655 5.285330230175248 5.166489783606842 5.047649337038434 4.9288088904700285 4.809968443901622 4.691127997333215 4.443255605141982
0.771614811380533 0.7941242777951593 0.7688645389067619 0.7436048000184076 0.7183450611300533 0.693085322241699 0.6678255833533446 0.6425658444649904 0.6173061055766361 0.5920463666882818 0.5667866277999275 0.5415268889115732 0.5162671500232189 0.8281249218826372 1.5003689331101928 2.172612944338895 2.8448569555664505 3.5171009667940063 4.189344978021562 4.8615889892491175 5.533833000476673 6.206077011704229 6.878321022931784 7.55056503415934 8.222809045386896 8.494594740358414 8.338281442260696 8.181968144162978 8.025654846064993 7.869341547967275 7.713028249869557 7.556714951771839 7.400401653674121 7.244088355576403 7.087775057478684 6.931461759380966 6.775148461283248 6.630889818585433 6.4995178750493325 6.368145931513232 6.236773987977131 6.105402044440806 5.974030100904706 5.8426581573686045 5.711286213832504 5.5799142702964035 5.448542326760302 5.317170383224202 5.185798439688101 4.911788379549519
0.845218721079759 0.8698753530346576 0.8422061016372387 0.8145368502398671 0.7868675988424954 0.7591983474451237 0.7315290960477521 0.7038598446503804 0.6761905932530088 0.648521341855637 0.6208520904582655 0.5931828390608938 0.5655135876635221 0.907119299739218 1.6434882950501035 2.3798572903622452 3.1162262856731306 3.8525952809840165 4.588964276294902 5.325333271605788 6.061702266916673 6.798071262227559 7.534440257538445 8.27080925284933 9.007178248160216 9.304889430117184 9.133665493047427 8.962441555977671 8.791217618907622 8.619993681837865 8.448769744768109 8.277545807698353 8.106321870628596 7.93509793355884 7.763873996489083 7.592650059419326 7.42142612234957 7.263406727584975 7.11950328708118 6.975599846577386 6.831696406073591 6.687792965569551 6.543889525065756 6.399986084561961 6.256082644058167 6.112179203554372 5.968275763050578 5.8243723225467825 5.680468882042987 5.380321153957059
0.8676140515810091 0.8933981193510224 0.8659766981410771 0.8385552769311787 0.8111338557212802 0.7837124345113817 0.7562910133014832 0.7288695920915846 0.7014481708816862 0.6740267496717877 0.6466053284618891 0.6191839072519907 0.5917624860420923 0.9477889731902353 1.71372994202819 2.4796709108674513 3.2456118797054057 4.011552848543361 4.777493817381315 5.5434347862192705 6.309375755057225 7.07531672389518 7.8412576927331346 8.60719866157109 9.373139630409046 9.681592324426793 9.500979710418086 9.320367096409381 9.139754482400367 8.959141868391661 8.778529254382956 8.597916640374251 8.417304026365544 8.236691412356839 8.056078798348134 7.875466184339428 7.6948535703307215 7.529821576575181 7.381445618126717 7.233069659678253 7.0846937012297895 6.936317742781073 6.787941784332609 6.639565825884145 6.491189867435681 6.3428139089872175 6.194437950538753 6.04606199209029 5.8976860336418255 5.586571735990244
0.8352706399774558 0.8610921167874571 0.8367590575435604 0.8124259982997053 0.7880929390558501 0.7637598798119949 0.7394268205681397 0.7150937613242845 0.6907607020804293 0.6664276428365741 0.6420945835927189 0.6177615243488637 0.5934284651050086 0.9474919542714337 1.706069907159958 2.4646478600497765 3.223225812938301 3.9818037658268253 4.74038171871535 5.498959671603874 6.257537624492398 7.016115577380923 7.774693530269447 8.533271483157971 9.291849436046498 9.594812930386002 9.410714268653527 9.226615606921051 9.042516945188263 8.858418283455787 8.674319621723312 8.490220959990836 8.30612229825836 8.122023636525885 7.937924974793409 7.753826313060934 7.569727651328458 7.404896408701953 7.260662472709637 7.116428536717321 6.972194600725005 6.8279606647324425 6.683726728740126 6.539492792747811 6.395258856755494 6.251024920763178 6.106790984770862 5.962557048778546 5.81832311278623 5.512459193095533
0.8029272283739023 0.8287861142238916 0.8075414169460435 0.7862967196682317 0.7650520223904198 0.7438073251126079 0.7225626278347961 0.7013179305569841 0.6800732332791722 0.6588285360013604 0.6375838387235485 0.6163391414457366 0.5950944441679248 0.9471949353526321 1.6984098722917262 2.4496248092321014 3.2008397461711953 3.952054683110289 4.703269620049383 5.4544845569884775 6.205699493927572 6.956914430866665 7.70812936780576 8.459344304744853 9.210559241683947 9.508033536345213 9.320448826888967 9.132864117432721 8.945279407976157 8.757694698519911 8.570109989063667 8.382525279607421 8.194940570151175 8.00735586069493 7.819771151238685 7.63218644178244 7.444601732326195 7.279971240828726 7.139879327292557 6.999787413756389 6.85969550022022 6.719603586683813 6.579511673147644 6.439419759611475 6.2993278460753075 6.159235932539138 6.01914401900297 5.879052105466801 5.738960191930633 5.438346650200821
0.7705838167703213 0.7964801116602988 0.7783237763485019 0.760167441036736 0.74201110572497 0.7238547704132041 0.7056984351014381 0.6875420997896722 0.6693857644779063 0.6512294291661404 0.6330730938543745 0.6149167585426085 0.5967604232308426 0.9468979164338303 1.6907498374234875 2.4346017584144133 3.1784536794040705 3.9223056003937278 4.666157521383385 5.410009442373042 6.153861363362699 6.897713284352356 7.641565205342015 8.385417126331673 9.12926904732133 9.421254142304347 9.23018338512433 9.039112627944311 8.848041870763968 8.65697111358395 8.465900356403932 8.274829599223914 8.083758842043895 7.892688084863877 7.701617327683859 7.510546570503841 7.319475813323823 7.155046072955391 7.019096181875373 6.883146290795356 6.747196399715339 6.611246508635089 6.475296617555072 6.339346726475055 6.203396835395038 6.06744694431502 5.931497053235003 5.795547162154986 5.6595972710749685 5.364234107306047
0.7382404051667677 0.7641741090967332 0.749106135750985 0.7340381624052623 0.7189701890595397 0.7039022157138172 0.6888342423680945 0.6737662690223719 0.6586982956766493 0.6436303223309267 0.6285623489852041 0.6134943756394815 0.5984264022937589 0.9466008975150286 1.6830898025552554 2.419578707596738 3.1560676126369653 3.892556517677192 4.629045422717419 5.365534327757646 6.1020232327978725 6.8385121378381 7.575001042878326 8.311489947918552 9.04797885295878 9.334474748263558 9.13991794335977 8.945361138455981 8.750804333551862 8.556247528648074 8.361690723744287 8.167133918840499 7.972577113936711 7.778020309032923 7.583463504129135 7.388906699225347 7.19434989432156 7.030120905082161 6.898313036458292 6.766505167834422 6.634697299210553 6.502889430586459 6.37108156196259 6.23927369333872 6.1074658247148506 5.975657956090981 5.8438500874671115 5.712042218843242 5.5802343502193725 5.290121564411336
0.7058969935632143 0.731868106533168 0.7198884951534682 0.7079088837737889 0.6959292723941096 0.6839496610144303 0.671970049634751 0.6599904382550716 0.6480108268753924 0.6360312154957131 0.6240516041160338 0.6120719927363545 0.6000923813566752 0.946303878596227 1.6754297676870236 2.4045556567790634 3.1336815458698597 3.862807434960656 4.591933324051453 5.32105921314225 6.050185102233046 6.779310991323842 7.508436880414639 8.237562769505436 8.966688658596231 9.247695354222767 9.04965250159521 8.851609648967651 8.653566796339756 8.4555239437122 8.257481091084642 8.059438238457084 7.8613953858295265 7.6633525332019685 7.4653096805744115 7.2672668279468535 7.0692239753192965 6.905195737208934 6.777529891041212 6.649864044873491 6.522198198705769 6.394532352537829 6.266866506370107 6.139200660202385 6.011534814034663 5.883868967866942 5.75620312169922 5.628537275531498 5.500871429363776 5.216009021516625
0.6735535819596609 0.6995621039696025 0.6906708545559513 0.6817796051423154 0.6728883557286793 0.6639971063150434 0.6551058569014074 0.6462146074877715 0.6373233580741354 0.6284321086604995 0.6195408592468635 0.6106496098332275 0.6017583604195915 0.9460068596774256 1.6677697328187917 2.3895326059613886 3.111295479102755 3.8330583522441213 4.554821225385488 5.276584098526854 5.998346971668219 6.720109844809586 7.441872717950952 8.163635591092318 8.885398464233683 9.160915960181976 8.959387059830648 8.757858159479323 8.55632925912765 8.354800358776323 8.153271458424996 7.9517425580736685 7.750213657722341 7.548684757371014 7.347155857019687 7.145626956668359 6.944098056317032 6.7802705693357055 6.656746745624131 6.533222921912557 6.409699098200983 6.2861752744891986 6.162651450777624 6.03912762706605 5.915603803354476 5.792079979642902 5.668556155931328 5.545032332219753 5.421508508508179 5.141896478621914
