Figures/CREST_Example_wjb_NSE/Rolling_result/20100722/BJP_forecast/ens_25/wjb.rain.20100727.asc
ncols            288
nrows            254
xllcorner        113.274861
yllcorner        31.4918055
cellsize         0.008333333333
NODATA_value     -9999
[rows 105 to 125 of 254, columns 144 to 191 of 288]
0.12249595202278583 0.11820089401062109 0.11390583599845636 0.11082344687500896 0.10903742822283564 0.10725140957066233 0.10546539091848901 0.1036793722663157 0.10189335361414237 0.10010733496196905 0.09832131630979574 0.09653529765762242 0.09474927900544605 0.09296326035327274 0.09117724170109942 0.0866192935621099 0.07909809009803433 0.07157688663395877 0.0640556831698832 0.05653447970580765 0.04901327624173208 0.04149207277765652 0.03397086931358096 0.026449665849505394 0.018928462385429834 0.011407258921341451 0.003886055457265891 0.0 0.0 0.0 0.0 0.0 0.0 0.0 0.0 0.0 0.0 0.0 0.0 0.0 0.0 0.0 0.0 0.0 0.0 0.0 0.0 0.0
0.13082035102070638 0.12844886409521322 0.12607737716972006 0.12388710420725853 0.1218905530701381 0.11989400193301769 0.11789745079589727 0.11590089965877685 0.11390434852165643 0.11190779738453602 0.1099112462474156 0.10791469511029518 0.10591814397317137 0.10392159283605094 0.10192504169893052 0.09682981129427498 0.08842202265755425 0.08001423402083353 0.07160644538411282 0.06319865674739208 0.05479086811067137 0.04638307947395064 0.03797529083722992 0.029567502200509202 0.02115971356378847 0.012751924927053418 0.004344136290332701 0.0 0.0 0.0 0.0 0.0 0.0 0.0 0.0 0.0 0.0 0.0 0.0 0.0 0.0 0.0 0.0 0.0 0.0 0.0 0.0 0.0
0.13914475001862692 0.13869683417980536 0.1382489183409838 0.13695076153950808 0.13474367791744057 0.13253659429537304 0.13032951067330553 0.12812242705123802 0.1259153434291705 0.12370825980710298 0.12150117618503548 0.11929409256296795 0.11708700894089667 0.11487992531882915 0.11267284169676164 0.10704032902644006 0.09774595521707417 0.0884515814077083 0.07915720759834241 0.06986283378897654 0.060568459979610655 0.05127408617024477 0.041979712360878885 0.03268533855151301 0.023390964742147122 0.014096590932765399 0.00480221712339951 0.0 0.0 0.0 0.0 0.0 0.0 0.0 0.0 0.0 0.0 0.0 0.0 0.0 0.0 0.0 0.0 0.0 0.0 0.0 0.0 0.0
0.14746914901654748 0.1489448042643975 0.15042045951224753 0.15001441887175765 0.14759680276474305 0.14517918665772842 0.1427615705507138 0.14034395444369918 0.13792633833668458 0.13550872222966995 0.13309110612265534 0.13067349001564071 0.12825587390862198 0.12583825780160737 0.12342064169459274 0.11725084675860514 0.1070698877765941 0.09688892879458305 0.08670796981257202 0.07652701083056099 0.06634605184854994 0.056165092866538896 0.04598413388452785 0.03580317490251682 0.025622215920505773 0.01544125693847738 0.005260297956466334 0.0 0.0 0.0 0.0 0.0 0.0 0.0 0.0 0.0 0.0 0.0 0.0 0.0 0.0 0.0 0.0 0.0 0.0 0.0 0.0 0.0
0.31288179936790805 0.2907013832897444 0.26852096721158064 0.254679957811225 0.24975396277764425 0.24482796774406354 0.23990197271048283 0.2349759776769021 0.23004998264332138 0.22512398760974067 0.22019799257615996 0.21527199754257922 0.2103460025089901 0.2054200074754094 0.20049401244182868 0.1905894327051141 0.1753626333004317 0.16013583389574929 0.14490903449106687 0.12968223508638443 0.11445543568170204 0.09922863627701962 0.0840018368723372 0.06877503746765479 0.053548238062972375 0.038321438658263984 0.023094639253581573 0.01520934183288479 0.015172276119934644 0.015135210406984498 0.015098144694034353 0.015061078981084207 0.015024013268134061 0.014986947555183915 0.01494988184223377 0.014912816129283624 0.014875750416333478 0.014838684703383334 0.014801618990433123 0.014187079355418778 0.012955207032335424 0.01172333470925207 0.010491462386168719 0.009259590063085365 0.008027717740002011 0.006795845416918658 0.005563973093835306 0.004332100770751952
0.646211886843131 0.5730323743592558 0.4998528618753806 0.4572621331807445 0.447371506241419 0.43748087930209356 0.42759025236276804 0.4176996254234426 0.40780899848411706 0.3979183715447916 0.3880277446054661 0.3781371176661406 0.36824649072679827 0.35835586378747275 0.3484652368481473 0.33140794368613635 0.3066893222152733 0.2819707007444102 0.2572520792735472 0.23253345780268414 0.20781483633182107 0.183096214860958 0.15837759339009494 0.1336589719192319 0.10894035044836883 0.0842217289774636 0.059503107506600594 0.04667651121757419 0.04656275888132488 0.04644900654507556 0.04633525420882624 0.046221501872576926 0.046107749536327604 0.04599399720007829 0.045880244863828974 0.04576649252757965 0.04565274019133034 0.04553898785508102 0.04542523551883151 0.04353925212240531 0.03975871362581522 0.035978175129225125 0.03219763663263503 0.02841709813604494 0.02463655963945485 0.020856021142864757 0.01707548264627466 0.013294944149684573
0.9795419743186387 0.8553633654290083 0.7311847565393779 0.659844308550437 0.6449890497053624 0.630133790860288 0.6152785320152134 0.6004232731701389 0.5855680143250644 0.5707127554799899 0.5558574966349153 0.5410022377898409 0.526146978944741 0.5112917200996665 0.496436461254592 0.4722264546672786 0.43801601113022676 0.403805567593175 0.3695951240561232 0.33538468051907144 0.3011742369820196 0.2669637934449678 0.23275334990791602 0.19854290637086425 0.16433246283381242 0.1301220192967023 0.09591157575965054 0.07814368060229038 0.07795324164274184 0.0777628026831933 0.07757236372364475 0.07738192476409621 0.07719148580454765 0.07700104684499912 0.07681060788545058 0.07662016892590202 0.07642972996635349 0.07623929100680493 0.07604885204725607 0.07289142488941694 0.06656222021931793 0.060233015549218914 0.0539038108791199 0.04757460620902089 0.04124540153892188 0.03491619686882287 0.028586992198723855 0.022257787528624846
1.3128720617938618 1.1376943564985198 0.962516651203178 0.8624264839199567 0.8426065931691374 0.8227867024183181 0.8029668116674988 0.7831469209166795 0.7633270301658602 0.743507139415041 0.7236872486642216 0.7038673579134023 0.6840474671625492 0.6642275764117299 0.6444076856609107 0.6130449656483008 0.5693427000450684 0.525640434441836 0.4819381688386035 0.43823590323537104 0.3945336376321386 0.3508313720289062 0.3071291064256737 0.2634268408224413 0.21972457521920885 0.17602230961590187 0.1323200440126694 0.10961084998697973 0.10934372440413202 0.10907659882128432 0.1088094732384366 0.10854234765558889 0.10827522207274118 0.10800809648989347 0.10774097090704575 0.10747384532419804 0.10720671974135033 0.10693959415850261 0.10667246857565445 0.10224359765640346 0.09336572681279771 0.08448785596919198 0.07560998512558623 0.06673211428198048 0.05785424343837472 0.04897637259476897 0.04009850175116321 0.03122063090755746
1.6462021492690853 1.4200253475680316 1.1938485458669783 1.0650086592894765 1.0402241366329124 1.0154396139763482 0.9906550913197842 0.9658705686632201 0.941086046006656 0.916301523350092 0.8915170006935278 0.8667324780369637 0.8419479553803574 0.8171634327237933 0.7923789100672292 0.7538634766293231 0.7006693889599099 0.6474753012904968 0.5942812136210838 0.5410871259516707 0.4878930382822576 0.4346989506128445 0.3815048629434314 0.3283107752740183 0.2751166876046053 0.22192259993510144 0.1687285122656883 0.1410780193716691 0.14073420716552223 0.14039039495937536 0.14004658275322848 0.1397027705470816 0.13935895834093473 0.13901514613478785 0.13867133392864095 0.13832752172249407 0.1379837095163472 0.13763989731020032 0.13729608510405286 0.13159577042339002 0.12016923340627754 0.10874269638916505 0.09731615937205255 0.08588962235494006 0.07446308533782757 0.06303654832071508 0.051610011303602585 0.04018347428649009
1.979532236744308 1.7023563386375433 1.4251804405307782 1.267590834658996 1.2378416800966872 1.2080925255343784 1.1783433709720694 1.1485942164097607 1.1188450618474517 1.089095907285143 1.059346752722834 1.0295975981605252 0.9998484435981656 0.9700992890358568 0.940350134473548 0.8946819876103453 0.8319960778747516 0.7693101681391579 0.7066242584035641 0.6439383486679704 0.5812524389323767 0.5185665291967829 0.4558806194611892 0.39319470972559545 0.3305087999900017 0.26782289025430106 0.20513698051870732 0.1725451887563585 0.17212468992691243 0.1717041910974664 0.17128369226802034 0.1708631934385743 0.17044269460912825 0.17002219577968222 0.16960169695023616 0.16918119812079013 0.16876069929134407 0.16834020046189804 0.16791970163245126 0.16094794319037659 0.14697273999975735 0.13299753680913812 0.11902233361851888 0.10504713042789965 0.09107192723728041 0.07709672404666118 0.06312152085604195 0.04914631766542271
2.3128623242195308 1.9846873297070542 1.6565123351945776 1.4701730100285157 1.4354592235604622 1.4007454370924086 1.3660316506243548 1.3313178641563013 1.2966040776882477 1.261890291220194 1.2271765047521404 1.1924627182840868 1.157748931815974 1.1230351453479204 1.0883213588798668 1.0355004985913676 0.9633227667895933 0.8911450349878189 0.8189673031860445 0.7467895713842702 0.6746118395824958 0.6024341077807214 0.5302563759789469 0.4580786441771726 0.38590091237539814 0.3137231805735007 0.24154544877172635 0.20401235814104784 0.20351517268830263 0.20301798723555742 0.20252080178281223 0.20202361633006702 0.2015264308773218 0.2010292454245766 0.20053205997183138 0.2000348745190862 0.19953768906634098 0.19904050361359577 0.19854331816084972 0.19030011595736318 0.1737762465932372 0.15725237722911123 0.14072850786498525 0.12420463850085926 0.10768076913673329 0.09115689977260731 0.07463303040848134 0.058109161044355345
2.6461924116947544 2.267018320776566 1.887844229858378 1.6727551853980356 1.633076767024237 1.5933983486504386 1.5537199302766402 1.5140415119028419 1.4743630935290435 1.434684675155245 1.3950062567814465 1.3553278384076481 1.315649420033782 1.2759710016599837 1.2362925832861853 1.1763190095723899 1.0946494557044348 1.0129799018364798 0.9313103479685247 0.8496407941005697 0.7679712402326146 0.6863016863646597 0.6046321324967047 0.5229625786287496 0.44129302476079457 0.3596234708927003 0.27795391702474526 0.23547952752573723 0.23490565544969286 0.23433178337364846 0.2337579112976041 0.23318403922155972 0.23261016714551536 0.23203629506947096 0.2314624229934266 0.23088855091738222 0.23031467884133786 0.22974080676529346 0.22916693468924812 0.21965228872434975 0.20057975318671703 0.18150721764908428 0.16243468211145157 0.14336214657381885 0.12428961103618615 0.10521707549855343 0.0861445399609207 0.06707200442328798
2.9795224991699776 2.549349311846078 2.1191761245221787 1.875337360767555 1.8306943104880118 1.7860512602084686 1.7414082099289254 1.6967651596493822 1.652122109369839 1.6074790590902959 1.5628360088107527 1.5181929585312095 1.4735499082515902 1.4289068579720472 1.3842638076925038 1.3171375205534122 1.2259761446192765 1.1348147686851409 1.043653392751005 0.9524920168168693 0.8613306408827337 0.770169264948598 0.6790078890144623 0.5878465130803266 0.496685137146191 0.4055237612118998 0.31436238527776417 0.2669466969104266 0.26629613821108306 0.2656455795117395 0.26499502081239595 0.26434446211305246 0.2636939034137089 0.26304334471436536 0.2623927860150218 0.26174222731567826 0.2610916686163347 0.26044110991699115 0.25979055121764655 0.2490044614913363 0.22738325978019683 0.20576205806905737 0.18414085635791794 0.16251965464677845 0.140898452935639 0.11927725122449953 0.09765604951336007 0.07603484780222061
3.3128525866454854 2.8316803029158306 2.350508019186176 2.0779195361372476 2.0283118539519553 1.9787041717666631 1.929096489581371 1.8794888073960787 1.8298811252107865 1.7802734430254943 1.730665760840202 1.6810580786549099 1.631450396469533 1.5818427142842408 1.5322350320989486 1.4579560315345543 1.3573028335342299 1.2566496355339054 1.155996437533581 1.0553432395332567 0.9546900415329322 0.8540368435326078 0.7533836455322833 0.6527304475319589 0.5520772495316345 0.4514240515311383 0.35077085353081405 0.29841386629514277 0.29768662097250004 0.29695937564985725 0.29623213032721446 0.29550488500457167 0.29477763968192894 0.29405039435928615 0.29332314903664336 0.29259590371400057 0.29186865839135784 0.29114141306871505 0.29041416774607104 0.2783566342583479 0.2541867663736995 0.23001689848905113 0.20584703060440274 0.18167716271975437 0.157507294835106 0.13333742695045764 0.10916755906580924 0.08499769118116088
3.646182674120708 3.1140112939853415 2.5818399138499757 2.280501711506767 2.22592939741573 2.171357083324693 2.1167847692336563 2.0622124551426193 2.0076401410515823 1.9530678269605453 1.8984955128695082 1.8439231987784712 1.7893508846873412 1.7347785705963044 1.6802062565052673 1.5987745425155766 1.4886295224490715 1.3784845023825665 1.2683394823160614 1.1581944622495564 1.0480494421830513 0.9379044221165462 0.8277594020500412 0.7176143819835361 0.607469361917031 0.49732434185033814 0.3871793217838331 0.3298810356798321 0.3290771037338902 0.3282731717879483 0.3274692398420063 0.3266653078960644 0.32586137595012243 0.3250574440041805 0.3242535120582386 0.32344958011229663 0.3226456481663547 0.3218417162204128 0.3210377842744695 0.30770880702533443 0.2809902729671793 0.2542717389090242 0.2275532048508691 0.200834670792714 0.17411613673455886 0.14739760267640376 0.12067906861824862 0.09396053456009351
3.979512761595931 3.3963422850548532 2.8131718085137756 2.483083886876287 2.4235469408795054 2.3640099948827236 2.3044730488859417 2.24493610288916 2.185399156892378 2.1258622108955962 2.0663252648988144 2.006788318902033 1.9472513729051495 1.8877144269083677 1.8281774809115858 1.7395930534965989 1.6199562113639132 1.5003193692312276 1.3806825270985417 1.261045684965856 1.1414088428331703 1.0217720007004847 0.9021351585677989 0.7824983164351131 0.6628614743024275 0.5432246321695378 0.4235877900368521 0.36134820506452153 0.36046758649528043 0.35958696792603934 0.35870634935679824 0.35782573078755714 0.356945112218316 0.3560644936490749 0.3551838750798338 0.3543032565105927 0.3534226379413516 0.35254201937211044 0.35166140080286784 0.33706097979232097 0.3077937795606591 0.27852657932899727 0.24925937909733542 0.21999217886567354 0.1907249786340117 0.16145777840234982 0.13219057817068797 0.10292337793902612
4.3158792599146905 3.7066465504184505 3.0974138409222105 2.7556800533395838 2.6999086638137295 2.644137274287875 2.5883658847620206 2.532594495236166 2.4768231057103116 2.421051716184457 2.3652803266586027 2.3095089371327484 2.2537375476067987 2.197966158080944 2.1421947685550897 2.04815785100659 1.9132142183992698 1.7782705857919494 1.643326953184629 1.508383320577309 1.3734396879699886 1.2384960553626683 1.1035524227553482 0.9686087901480278 0.8336651575407075 0.6987215249331571 0.5637778923258367 0.4924805345238001 0.4892224843588638 0.48596443419392743 0.4827063840289911 0.4794483338640548 0.4761902836991184 0.4729322335341821 0.46967418336924577 0.4664161332043094 0.4631580830393731 0.45990003287443676 0.45664198270949485 0.43663439718859337 0.3987211794129158 0.36080796163723816 0.3228947438615606 0.28498152608588295 0.24706830831020535 0.20915509053452772 0.1712418727588501 0.13332865498317253
4.65549149000199 4.046852482494773 3.438213474987557 3.1031167624188143 3.0604429503648656 3.0177691383109173 2.9750953262569686 2.9324215142030203 2.8897477021490716 2.847073890095123 2.8044000780411746 2.761726265987226 2.719052453933205 2.676378641879256 2.6337048298253074 2.5360328536557324 2.379566595935808 2.2231003382158834 2.066634080495959 1.9101678227760346 1.75370156505611 1.5972353073361858 1.4407690496162613 1.2843027918963368 1.1278365341764123 0.9713702764562211 0.8149040187362966 0.7301486369530208 0.7220538038618192 0.7139589707706175 0.7058641376794158 0.6977693045882142 0.6896744714970124 0.6815796384058108 0.6734848053146092 0.6653899722234075 0.6572951391322058 0.6492003060410041 0.6411054729497887 0.611269898164459 0.5581929786225122 0.5051160590805654 0.45203913953861863 0.3989622199966718 0.345885300454725 0.2928083809127782 0.2397314613708314 0.18665454182888463
4.995103720089288 4.387058414571095 3.7790131090529036 3.450553471498045 3.420977236916002 3.3914010023339594 3.361824767751917 3.3322485331698743 3.3026722985878316 3.273096064005789 3.2435198294237466 3.213943594841704 3.1843673602596105 3.1547911256775683 3.1252148910955255 3.023907856304875 2.845918973472346 2.6679300906398176 2.4899412078072887 2.31195232497476 2.1339634421422313 1.9559745593097029 1.7779856764771742 1.5999967936446455 1.4220079108121169 1.2440190279792847 1.066030145146756 0.9678167393822411 0.9548851233647742 0.9419535073473072 0.9290218913298401 0.9160902753123732 0.9031586592949062 0.8902270432774392 0.8772954272599722 0.8643638112425052 0.8514321952250382 0.8385005792075713 0.8255689631900822 0.7859053991403244 0.7176647778321085 0.6494241565238925 0.5811835352156765 0.5129429139074606 0.4447022925992446 0.37646167129102864 0.30822104998281263 0.23998042867459668
5.334715950176875 4.727264346647707 4.119812743118539 3.797990180577571 3.781511523467446 3.7650328663573203 3.7485542092471946 3.7320755521370694 3.715596895026944 3.699118237916818 3.682639580806693 3.6661609236965673 3.6496822665864137 3.6332036094762885 3.616724952366163 3.5117828589544335 3.3122713510092825 3.112759843064131 2.91324833511898 2.713736827173829 2.5142253192286774 2.314713811283526 2.115202303338375 1.9156907953932238 1.7161792874480726 1.5166677795025811 1.31715627155743 1.2054848418116642 1.1877164428679277 1.1699480439241914 1.1521796449804549 1.1344112460367184 1.1166428470929821 1.0988744481492456 1.0811060492055091 1.0633376502617726 1.0455692513180361 1.0278008523742999 1.010032453430533 0.9605409001163387 0.8771365770418407 0.7937322539673426 0.7103279308928445 0.6269236078183464 0.5435192847438485 0.4601149616693504 0.3767106385948523 0.29330631552035424
5.674328180264173 5.067470278724029 4.460612377183884 4.145426889656802 4.142045810018582 4.138664730380363 4.135283650742143 4.1319025711039234 4.128521491465704 4.125140411827484 4.1217593321892645 4.118378252551046 4.11499717291282 4.1116160932746 4.1082350136363806 3.999657861603576 3.7786237285458206 3.557589595488065 3.3365554624303098 3.1155213293725543 2.894487196314799 2.6734530632570435 2.452418930199288 2.2313847971415326 2.010350664083777 1.7893165310256447 1.5682823979678893 1.4431529442408848 1.4205477623708829 1.3979425805008812 1.3753373986308794 1.3527322167608775 1.3301270348908758 1.307521853020874 1.2849166711508722 1.2623114892808704 1.2397063074108687 1.217101125540867 1.1944959436708267 1.135176401092204 1.0366083762514369 0.9380403514106697 0.8394723265699024 0.7409043017291352 0.642336276888368 0.5437682520476008 0.4452002272068336 0.3466322023660664
