Figures/CREST_Example_wjb_NSE/Rolling_result/20100722/BJP_forecast/ens_25/wjb.rain.20100728.asc
ncols            288
nrows            254
xllcorner        113.274861
yllcorner        31.4918055
cellsize         0.008333333333
NODATA_value     -9999
[rows 72 to 95 of 254, columns 0 to 55 of 288]
-9999.0 -9999.0 -9999.0 -9999.0 -9999.0 -9999.0 -9999.0 1.6174432412442306 1.6174432412442306 1.6174432412442306 1.6174432412442306 1.6174432412442306 1.6174432412442306 1.6174432412442306 1.6174432412442306 9.439347240290315 9.207803427506793 8.97625961472327 8.744715801939748 8.513171989156227 8.281628176372704 8.050084363589182 7.818540550805659 7.586996738022138 7.355452925238615 7.1239091124550935 6.892365299671176 6.679070329678409 6.485283785022681 6.291497240366954 6.097710695711226 5.903924151055499 5.710137606399771 5.516351061744043 5.322564517088315 5.128777972432587 4.934991427776859 4.7412048831211315 4.547418338465404 4.418363568482329 4.358508528589036 4.298653488695743 4.2387984488024495 4.178943408909157 4.119088369015864 4.059233329122571 3.999378289229278 3.939523249335985 3.8796682094426918 3.819813169549399 3.759958129656106 3.7702474861475017 3.855522787810641 3.9407980894736347 4.026073391136628 4.111348692799622
-9999.0 -9999.0 -9999.0 -9999.0 -9999.0 -9999.0 -9999.0 -9999.0 1.6174432412442306 1.6174432412442306 1.6174432412442306 1.6174432412442306 1.6174432412442306 1.6174432412442306 1.6174432412442306 9.371530115759091 9.148703588945876 8.92587706213266 8.703050535319445 8.48022400850623 8.257397481693015 8.0345709548798 7.811744428066586 7.588917901253371 7.366091374440156 7.1432648476269405 6.9204383208133455 6.706946905389613 6.503434934999345 6.299922964609077 6.096410994218809 5.892899023828541 5.6893870534382724 5.485875083048004 5.282363112657736 5.078851142267467 4.875339171877199 4.671827201486931 4.468315231096662 4.336591880323198 4.281612186372367 4.226632492421538 4.171652798470707 4.116673104519878 4.061693410569047 4.006713716618218 3.951734022667387 3.896754328716557 3.841774634765727 3.786794940814897 3.731815246864067 3.746159682774348 3.834613180402627 3.9230666780307546 4.011520175658883 4.0999736732870105
-9999.0 -9999.0 -9999.0 -9999.0 -9999.0 -9999.0 -9999.0 -9999.0 -9999.0 1.6174432412442306 1.6174432412442306 1.6174432412442306 1.6174432412442306 1.6174432412442306 1.6174432412442306 9.43647204882879 9.19820330411856 8.959934559408326 8.721665814698095 8.483397069987863 8.245128325277632 8.0068595805674 7.768590835857168 7.530322091146937 7.292053346436705 7.053784601726473 6.815515857015836 6.598821384743275 6.405190297249525 6.211559209755776 6.017928122262026 5.824297034768277 5.630665947274527 5.437034859780777 5.243403772287028 5.049772684793278 4.856141597299529 4.662510509805779 4.46887942231203 4.331564029846763 4.254451388124887 4.177338746403012 4.100226104681138 4.023113462959262 3.9460008212373876 3.8688881795155123 3.7917755377936375 3.7146628960717623 3.6375502543498874 3.5604376126280126 3.4833249709061374 3.4831743106841433 3.5652977482162655 3.6474211857482475 3.72954462328023 3.811668060812212
-9999.0 -9999.0 -9999.0 -9999.0 -9999.0 -9999.0 -9999.0 -9999.0 -9999.0 -9999.0 1.6174432412442306 1.6174432412442306 1.6174432412442306 1.6174432412442306 1.6174432412442306 9.501413981898489 9.247703019291242 8.993992056683993 8.740281094076744 8.486570131469495 8.232859168862248 7.979148206254999 7.725437243647751 7.471726281040503 7.218015318433254 6.964304355826005 6.710593393218325 6.490695864096935 6.306945659499704 6.123195454902474 5.939445250305242 5.755695045708012 5.571944841110781 5.388194636513551 5.20444443191632 5.020694227319089 4.836944022721858 4.6531938181246275 4.469443613527397 4.326536179370327 4.227290589877407 4.128045000384487 4.028799410891567 3.9295538213986476 3.8303082319057276 3.731062642412808 3.631817052919888 3.532571463426968 3.4333258739340478 3.334080284441128 3.234834694948208 3.220188938593938 3.295982316029904 3.3717756934657404 3.447569070901577 3.5233624483374135
-9999.0 -9999.0 -9999.0 -9999.0 -9999.0 -9999.0 -9999.0 -9999.0 -9999.0 -9999.0 -9999.0 1.6174432412442306 1.6174432412442306 1.6174432412442306 1.6174432412442306 9.566355914968188 9.297202734463923 9.028049553959658 8.758896373455393 8.489743192951128 8.220590012446863 7.9514368319425985 7.6822836514383335 7.413130470934068 7.143977290429803 6.874824109925538 6.605670929420814 6.382570343450596 6.208701021749884 6.034831700049172 5.86096237834846 5.687093056647748 5.513223734947036 5.339354413246324 5.165485091545612 4.9916157698449 4.817746448144188 4.643877126443476 4.470007804742764 4.321508328893892 4.200129791629927 4.0787512543659625 3.9573727171019972 3.8359941798380324 3.7146156425740675 3.593237105310103 3.4718585680461382 3.3504800307821734 3.2291014935182085 3.1077229562542437 2.986344418990279 2.957203566503733 3.0266668838435424 3.0961302011832332 3.165593518522924 3.235056835862615
-9999.0 -9999.0 -9999.0 -9999.0 -9999.0 -9999.0 -9999.0 -9999.0 -9999.0 -9999.0 -9999.0 1.6174432412442306 1.6174432412442306 1.6174432412442306 1.6174432412442306 9.63129784803789 9.346702449636608 9.062107051235326 8.777511652834045 8.492916254432762 8.20832085603148 7.923725457630199 7.639130059228917 7.354534660827635 7.069939262426353 6.785343864025071 6.500748465623304 6.274444822804257 6.110456384000063 5.94646794519587 5.7824795063916765 5.618491067587484 5.45450262878329 5.290514189979097 5.126525751174904 4.962537312370711 4.798548873566517 4.634560434762324 4.470571995958131 4.316480478417457 4.1729689933824465 4.029457508347437 3.8859460233124272 3.7424345382774176 3.598923053242408 3.455411568207398 3.311900083172388 3.1683885981373785 3.0248771131023684 2.8813656280673587 2.737854143032349 2.694218194413528 2.757351451657181 2.820484708900726 2.8836179661442713 2.9467512233878166
-9999.0 -9999.0 -9999.0 -9999.0 -9999.0 -9999.0 -9999.0 -9999.0 -9999.0 -9999.0 -9999.0 1.6174432412442306 1.6174432412442306 1.6174432412442306 1.6174432412442306 9.69623978110759 9.39620216480929 9.096164548510993 8.796126932212694 8.496089315914396 8.196051699616097 7.896014083317798 7.595976467019501 7.2959388507212015 6.995901234422903 6.695863618124605 6.395826001825794 6.166319302157918 6.012211746250244 5.858104190342569 5.703996634434894 5.54988907852722 5.395781522619545 5.24167396671187 5.087566410804196 4.9334588548965215 4.779351298988846 4.625243743081172 4.471136187173498 4.311452627941021 4.145808195134966 3.9801637623289112 3.8145193295228568 3.6488748967168023 3.4832304639107474 3.317586031104693 3.151941598298638 2.9862971654925836 2.820652732686529 2.6550082998804747 2.48936386707442 2.431232822323323 2.4880360194708193 2.544839216618219 2.6016424137656187 2.658445610913018
-9999.0 -9999.0 -9999.0 -9999.0 -9999.0 -9999.0 -9999.0 -9999.0 -9999.0 -9999.0 -9999.0 -9999.0 1.6174432412442306 1.6174432412442306 1.6174432412442306 9.761181714177345 9.445701879982016 9.130222045786688 8.81474221159136 8.49926237739603 8.183782543200703 7.868302709005374 7.552822874810046 7.237343040614718 6.921863206419389 6.606383372224061 6.290903538028195 6.058193781511486 5.913967108500339 5.769740435489192 5.625513762478044 5.481287089466897 5.337060416455749 5.192833743444602 5.048607070433455 4.904380397422307 4.76015372441116 4.615927051400012 4.471700378388865 4.306424777464581 4.1186473968874635 3.9308700163103447 3.743092635733226 3.5553152551561076 3.3675378745789892 3.179760494001871 2.9919831134247525 2.8042057328476337 2.6164283522705154 2.428650971693397 2.2408735911162783 2.1682474502328937 2.2187205872842286 2.269193724335477 2.3196668613867253 2.3701399984379736
-9999.0 -9999.0 -9999.0 -9999.0 -9999.0 -9999.0 -9999.0 -9999.0 -9999.0 -9999.0 -9999.0 -9999.0 -9999.0 1.6174432412442306 1.6174432412442306 9.826123647247044 9.495201595154699 9.164279543062355 8.833357490970009 8.502435438877663 8.17151338678532 7.840591334692974 7.509669282600629 7.178747230508284 6.847825178415939 6.516903126323594 6.185981074230685 5.950068260865148 5.8157224707505195 5.68137668063589 5.5470308905212615 5.412685100406633 5.278339310292004 5.143993520177375 5.009647730062746 4.875301939948118 4.740956149833489 4.606610359718861 4.472264569604231 4.301396926988145 4.091486598639983 3.881576270291819 3.6716659419436555 3.4617556135954923 3.251845285247329 3.0419349568991656 2.8320246285510025 2.6221143002028393 2.4122039718546757 2.2022936435065126 1.9923833151583494 1.905262078142689 1.949405155097867 1.9935482320529698 2.0376913090080726 2.0818343859631754
-9999.0 -9999.0 -9999.0 -9999.0 -9999.0 -9999.0 -9999.0 -9999.0 -9999.0 -9999.0 -9999.0 -9999.0 1.6174432412442306 1.6174432412442306 1.6174432412442306 9.891065580316743 9.544701310327381 9.19833704033802 8.851972770348658 8.505608500359298 8.159244230369936 7.812879960380574 7.466515690391212 7.12015142040185 6.773787150412488 6.427422880423126 6.081058610433175 5.841942740218808 5.717477833000698 5.593012925782588 5.468548018564478 5.344083111346369 5.219618204128259 5.095153296910149 4.970688389692039 4.8462234824739285 4.721758575255818 4.597293668037708 4.472828760819598 4.29636907651171 4.064325800392502 3.832282524273294 3.600239248154086 3.3681959720348775 3.136152695915669 2.9041094197964608 2.672066143677253 2.4400228675580444 2.2079795914388365 1.975936315319628 1.7438930392004197 1.642276706052484 1.6800897229115057 1.7179027397704627 1.75571575662942 1.793528773488377
-9999.0 -9999.0 -9999.0 -9999.0 -9999.0 -9999.0 -9999.0 -9999.0 -9999.0 -9999.0 -9999.0 1.6174432412442306 1.6174432412442306 1.6174432412442306 1.6174432412442306 9.956007513386442 9.594201025500064 9.232394537613686 8.870588049727308 8.50878156184093 8.14697507395455 7.785168586068172 7.423362098181794 7.061555610295416 6.699749122409037 6.337942634522658 5.976136146635664 5.73381721957247 5.619233195250878 5.504649170929287 5.390065146607696 5.275481122286104 5.160897097964513 5.046313073642922 4.931729049321331 4.817145024999739 4.702561000678148 4.587976976356557 4.473392952034965 4.291341226035275 4.037165002145022 3.7829887782547686 3.5288125543645155 3.2746363304742623 3.020460106584009 2.766283882693756 2.5121076588035027 2.25793143491325 2.003755211022997 1.7495789871327436 1.4954027632424904 1.379291333962279 1.4107742907251442 1.4422572474879556 1.473740204250767 1.5052231610135784
-9999.0 -9999.0 -9999.0 -9999.0 -9999.0 -9999.0 -9999.0 -9999.0 -9999.0 -9999.0 -9999.0 1.6174432412442306 1.6174432412442306 1.6174432412442306 1.6174432412442306 10.020949446456145 9.643700740672749 9.266452034889353 8.889203329105959 8.511954623322563 8.134705917539168 7.7574572117557725 7.380208505972377 7.002959800188982 6.625711094405587 6.248462388622192 5.871213682838153 5.62569169892613 5.520988557501058 5.4162854160759855 5.311582274650912 5.20687913322584 5.102175991800768 4.997472850375695 4.892769708950623 4.78806656752555 4.6833634261004775 4.578660284675405 4.473957143250333 4.28631337555884 4.010004203897542 3.733695032236244 3.457385860574946 3.181076688913648 2.9047675172523495 2.6284583455910515 2.3521491739297535 2.075840002268455 1.7995308306071571 1.5232216589458591 1.2469124872845612 1.116305961872074 1.1414588585387826 1.1666117552054485 1.1917646518721143 1.21691754853878
-9999.0 -9999.0 -9999.0 -9999.0 -9999.0 -9999.0 -9999.0 -9999.0 -9999.0 -9999.0 -9999.0 1.6174432412442306 1.6174432412442306 1.6174432412442306 1.6174432412442306 10.085891379525844 9.693200455845432 9.30050953216502 8.907818608484607 8.515127684804197 8.122436761123785 7.729745837443373 7.337054913762961 6.944363990082549 6.551673066402138 6.158982142721726 5.766291219040644 5.517566178279791 5.4227439197512375 5.3279216612226845 5.233099402694131 5.138277144165577 5.043454885637023 4.948632627108469 4.853810368579915 4.758988110051361 4.6641658515228075 4.569343592994254 4.4745213344657 4.281285525082405 3.982843405650062 3.6844012862177187 3.3859591667853755 3.0875170473530327 2.78907492792069 2.4906328084883467 2.192190689056004 1.8937485696236607 1.5953064501913174 1.2968643307589747 0.9984222113266314 0.8533205897818691 0.8721434263524213 0.8909662629229415 0.9097890994934615 0.9286119360639816
-9999.0 -9999.0 -9999.0 -9999.0 -9999.0 -9999.0 -9999.0 -9999.0 -9999.0 -9999.0 -9999.0 1.6174432412442306 1.6174432412442306 1.6174432412442306 1.6174432412442306 1.6174432412442306 1.6174432412442306 1.6174432412442306 1.6174432412442306 1.6174432412442306 1.6174432412442306 1.6174432412442306 1.6174432412442306 1.6174432412442306 1.6174432412442306 1.6174432412442306 1.6174432412442306 1.6174432412442306 1.6174432412442306 1.6174432412442306 1.6174432412442306 1.6174432412442306 1.6174432412442306 1.6174432412442306 1.6174432412442306 1.6174432412442306 -9999.0 -9999.0 1.6174432412442306 1.6174432412442306 1.6174432412442306 1.6174432412442306 1.6174432412442306 1.6174432412442306 1.6174432412442306 1.6174432412442306 1.6174432412442306 1.6174432412442306 1.6174432412442306 1.6174432412442306 1.6174432412442306 0.6885490167484798 0.7034749418564422 0.7184008669643792 0.7333267920723162 0.7482527171802532
-9999.0 -9999.0 -9999.0 -9999.0 -9999.0 -9999.0 -9999.0 -9999.0 -9999.0 -9999.0 1.6174432412442306 1.6174432412442306 1.6174432412442306 1.6174432412442306 1.6174432412442306 1.6174432412442306 1.6174432412442306 1.6174432412442306 1.6174432412442306 1.6174432412442306 1.6174432412442306 1.6174432412442306 1.6174432412442306 1.6174432412442306 1.6174432412442306 1.6174432412442306 1.6174432412442306 1.6174432412442306 1.6174432412442306 1.6174432412442306 1.6174432412442306 1.6174432412442306 -9999.0 1.6174432412442306 -9999.0 -9999.0 -9999.0 -9999.0 -9999.0 -9999.0 -9999.0 -9999.0 1.6174432412442306 1.6174432412442306 1.6174432412442306 1.6174432412442306 1.6174432412442306 1.6174432412442306 1.6174432412442306 1.6174432412442306 1.6174432412442306 0.6287618026496173 0.642391698777294 0.6560215949049474 0.6696514910326008 0.6832813871602542
-9999.0 -9999.0 -9999.0 -9999.0 -9999.0 -9999.0 -9999.0 -9999.0 -9999.0 -9999.0 1.6174432412442306 1.6174432412442306 1.6174432412442306 1.6174432412442306 1.6174432412442306 1.6174432412442306 1.6174432412442306 1.6174432412442306 1.6174432412442306 1.6174432412442306 1.6174432412442306 1.6174432412442306 1.6174432412442306 1.6174432412442306 1.6174432412442306 1.6174432412442306 1.6174432412442306 1.6174432412442306 1.6174432412442306 -9999.0 -9999.0 -9999.0 -9999.0 -9999.0 -9999.0 -9999.0 -9999.0 -9999.0 -9999.0 -9999.0 -9999.0 -9999.0 -9999.0 1.6174432412442306 1.6174432412442306 1.6174432412442306 1.6174432412442306 1.6174432412442306 1.6174432412442306 1.6174432412442306 1.6174432412442306 0.5689745885507549 0.5813084556981457 0.5936423228455154 0.6059761899928853 0.618310057140255
-9999.0 -9999.0 -9999.0 -9999.0 -9999.0 -9999.0 -9999.0 -9999.0 -9999.0 -9999.0 -9999.0 1.6174432412442306 1.6174432412442306 1.6174432412442306 1.6174432412442306 1.6174432412442306 1.6174432412442306 1.6174432412442306 1.6174432412442306 1.6174432412442306 1.6174432412442306 1.6174432412442306 1.6174432412442306 1.6174432412442306 1.6174432412442306 1.6174432412442306 1.6174432412442306 1.6174432412442306 1.6174432412442306 -9999.0 -9999.0 -9999.0 -9999.0 -9999.0 -9999.0 -9999.0 -9999.0 -9999.0 -9999.0 -9999.0 -9999.0 -9999.0 -9999.0 -9999.0 1.6174432412442306 1.6174432412442306 1.6174432412442306 1.6174432412442306 1.6174432412442306 1.6174432412442306 1.6174432412442306 0.5091873744518924 0.5202252126189975 0.5312630507860836 0.5423008889531697 0.5533387271202559
-9999.0 -9999.0 -9999.0 -9999.0 -9999.0 -9999.0 -9999.0 -9999.0 -9999.0 -9999.0 -9999.0 -9999.0 -9999.0 -9999.0 1.6174432412442306 1.6174432412442306 1.6174432412442306 1.6174432412442306 1.6174432412442306 1.6174432412442306 1.6174432412442306 1.6174432412442306 1.6174432412442306 1.6174432412442306 1.6174432412442306 1.6174432412442306 1.6174432412442306 1.6174432412442306 1.6174432412442306 -9999.0 -9999.0 -9999.0 -9999.0 -9999.0 -9999.0 -9999.0 -9999.0 -9999.0 -9999.0 -9999.0 -9999.0 -9999.0 -9999.0 -9999.0 1.6174432412442306 1.6174432412442306 1.6174432412442306 1.6174432412442306 1.6174432412442306 1.6174432412442306 1.6174432412442306 0.44940016035303 0.45914196953984915 0.4688837787266517 0.4786255879134543 0.48836739710025684
-9999.0 -9999.0 -9999.0 -9999.0 -9999.0 -9999.0 -9999.0 -9999.0 -9999.0 -9999.0 -9999.0 -9999.0 -9999.0 -9999.0 1.6174432412442306 1.6174432412442306 1.6174432412442306 1.6174432412442306 1.6174432412442306 1.6174432412442306 1.6174432412442306 1.6174432412442306 1.6174432412442306 1.6174432412442306 1.6174432412442306 1.6174432412442306 1.6174432412442306 1.6174432412442306 -9999.0 -9999.0 -9999.0 -9999.0 -9999.0 -9999.0 -9999.0 -9999.0 -9999.0 -9999.0 -9999.0 -9999.0 -9999.0 -9999.0 -9999.0 -9999.0 1.6174432412442306 1.6174432412442306 1.6174432412442306 1.6174432412442306 1.6174432412442306 1.6174432412442306 1.6174432412442306 0.3896129462541676 0.3980587264607009 0.4065045066672199 0.4149502868737388 0.42339606708025773
-9999.0 -9999.0 -9999.0 -9999.0 -9999.0 -9999.0 -9999.0 -9999.0 -9999.0 -9999.0 -9999.0 -9999.0 -9999.0 1.6174432412442306 1.6174432412442306 1.6174432412442306 1.6174432412442306 1.6174432412442306 1.6174432412442306 1.6174432412442306 1.6174432412442306 1.6174432412442306 1.6174432412442306 1.6174432412442306 1.6174432412442306 1.6174432412442306 1.6174432412442306 1.6174432412442306 -9999.0 -9999.0 -9999.0 -9999.0 -9999.0 -9999.0 -9999.0 -9999.0 -9999.0 -9999.0 -9999.0 -9999.0 -9999.0 -9999.0 -9999.0 1.6174432412442306 1.6174432412442306 1.6174432412442306 1.6174432412442306 1.6174432412442306 1.6174432412442306 1.6174432412442306 1.6174432412442306 0.32982573215530514 0.33697548338155264 0.344125234607788 0.35127498583402333 0.3584247370602587
-9999.0 -9999.0 -9999.0 -9999.0 -9999.0 -9999.0 -9999.0 -9999.0 -9999.0 -9999.0 -9999.0 -9999.0 1.6174432412442306 1.6174432412442306 1.6174432412442306 1.6174432412442306 1.6174432412442306 1.6174432412442306 1.6174432412442306 1.6174432412442306 1.6174432412442306 1.6174432412442306 1.6174432412442306 1.6174432412442306 1.6174432412442306 1.6174432412442306 1.6174432412442306 1.6174432412442306 -9999.0 -9999.0 -9999.0 -9999.0 -9999.0 -9999.0 -9999.0 -9999.0 -9999.0 -9999.0 -9999.0 -9999.0 -9999.0 -9999.0 -9999.0 1.6174432412442306 1.6174432412442306 1.6174432412442306 1.6174432412442306 1.6174432412442306 1.6174432412442306 1.6174432412442306 1.6174432412442306 0.27003851805639173 0.2758922403023523 0.2817459625483029 0.2875996847942536 0.2934534070402042
-9999.0 -9999.0 -9999.0 -9999.0 -9999.0 -9999.0 -9999.0 -9999.0 -9999.0 -9999.0 -9999.0 -9999.0 1.6174432412442306 1.6174432412442306 1.6174432412442306 1.6174432412442306 1.6174432412442306 1.6174432412442306 1.6174432412442306 1.6174432412442306 1.6174432412442306 1.6174432412442306 1.6174432412442306 1.6174432412442306 1.6174432412442306 1.6174432412442306 1.6174432412442306 -9999.0 -9999.0 -9999.0 -9999.0 -9999.0 -9999.0 -9999.0 -9999.0 -9999.0 -9999.0 -9999.0 -9999.0 -9999.0 -9999.0 -9999.0 -9999.0 1.6174432412442306 1.6174432412442306 1.6174432412442306 1.6174432412442306 1.6174432412442306 1.6174432412442306 1.6174432412442306 1.6174432412442306 0.2102513039575293 0.21480899722320407 0.21936669048887109 0.22392438375453808 0.22848207702020507
-9999.0 -9999.0 -9999.0 -9999.0 -9999.0 -9999.0 -9999.0 -9999.0 -9999.0 -9999.0 -9999.0 -9999.0 1.6174432412442306 1.6174432412442306 1.6174432412442306 1.6174432412442306 1.6174432412442306 -9999.0 -9999.0 1.6174432412442306 1.6174432412442306 1.6174432412442306 1.6174432412442306 1.6174432412442306 -9999.0 -9999.0 -9999.0 -9999.0 -9999.0 -9999.0 -9999.0 -9999.0 -9999.0 -9999.0 -9999.0 -9999.0 -9999.0 -9999.0 -9999.0 -9999.0 -9999.0 -9999.0 1.6174432412442306 1.6174432412442306 1.6174432412442306 1.6174432412442306 1.6174432412442306 1.6174432412442306 1.6174432412442306 1.6174432412442306 1.6174432412442306 0.15046408985866686 0.1537257541440558 0.1569874184294392 0.16024908271482258 0.16351074700020596
-9999.0 -9999.0 -9999.0 -9999.0 -9999.0 -9999.0 -9999.0 -9999.0 -9999.0 -9999.0 -9999.0 -9999.0 1.6174432412442306 1.6174432412442306 1.6174432412442306 1.6174432412442306 1.6174432412442306 -9999.0 -9999.0 -9999.0 1.6174432412442306 1.6174432412442306 1.6174432412442306 1.6174432412442306 -9999.0 -9999.0 -9999.0 -9999.0 -9999.0 -9999.0 -9999.0 -9999.0 -9999.0 -9999.0 -9999.0 -9999.0 -9999.0 -9999.0 -9999.0 -9999.0 -9999.0 -9999.0 1.6174432412442306 1.6174432412442306 1.6174432412442306 1.6174432412442306 1.6174432412442306 1.6174432412442306 1.6174432412442306 1.6174432412442306 1.6174432412442306 0.0906768757598044 0.09264251106490753 0.0946081463700073 0.09657378167510709 0.09853941698020686
