Figures/CREST_Example_wjb_NSE/Rolling_result/20100722/BJP_forecast/ens_25/wjb.rain.20100722.asc
ncols            288
nrows            254
xllcorner        113.274861
yllcorner        31.4918055
cellsize         0.008333333333
NODATA_value     -9999
[rows 154 to 175 of 254, columns 0 to 49 of 288]
-9999.0 -9999.0 -9999.0 -9999.0 1.128135929947859 1.128135929947859 1.128135929947859 1.128135929947859 1.128135929947859 1.128135929947859 1.128135929947859 1.128135929947859 1.128135929947859 1.128135929947859 1.128135929947859 2.355876052176171 2.3775905141202003 2.39930497606423 2.4210194380082597 2.442733899952289 2.4644483618963187 2.486162823840348 2.507877285784378 2.5295917477284076 2.551306209672437 2.5730206716164665 2.5947351335605333 2.626518326409389 2.6690652201322007 2.711612113855012 2.7541590075778237 2.7967059013006352 2.8392527950234467 2.8817996887462582 2.9243465824690698 2.9668934761918813 3.0094403699146928 3.0519872636375043 3.094534157360316 3.0039552749260086 2.771061929083733 2.5381685832414576 2.305275237399182 2.0723818915569066 1.8394885457146313 1.606595199872356 1.3737018540300805 1.140808508187805 0.9079151623455295 0.675021816503254
-9999.0 -9999.0 -9999.0 -9999.0 -9999.0 -9999.0 1.128135929947859 1.128135929947859 1.128135929947859 1.128135929947859 1.128135929947859 1.128135929947859 1.128135929947859 1.128135929947859 1.128135929947859 2.5669685646801024 2.5888141373309814 2.610659709981861 2.63250528263274 2.654350855283619 2.676196427934498 2.698042000585377 2.719887573236256 2.7417331458871352 2.7635787185380147 2.785424291188894 2.80726986383981 2.8408410509965725 2.8869471850396544 2.933053319082737 2.9791594531258188 3.025265587168901 3.071371721211983 3.117477855255065 3.1635839892981474 3.20969012334123 3.2557962573843118 3.3019023914273937 3.348008525470476 3.249734079534488 2.997113530541779 2.7444929815490697 2.491872432556361 2.239251883563652 1.986631334570943 1.7340107855782338 1.481390236585525 1.2287696875928158 0.9761491386001069 0.723528589607398
-9999.0 -9999.0 -9999.0 -9999.0 -9999.0 -9999.0 -9999.0 -9999.0 1.128135929947859 1.128135929947859 1.128135929947859 1.128135929947859 1.128135929947859 1.128135929947859 1.128135929947859 2.7780610771840335 2.800037760541762 2.822014443899491 2.84399112725722 2.8659678106149484 2.887944493972677 2.9099211773304057 2.9318978606881343 2.953874544045863 2.9758512274035915 2.99782791076132 3.0198045941190865 3.0551637755837553 3.104829149947108 3.154494524310461 3.204159898673814 3.2538252730371666 3.3034906474005195 3.3531560217638723 3.402821396127225 3.452486770490578 3.502152144853931 3.5518175192172836 3.6014828935806364 3.4955128841429675 3.223165131999825 2.9508173798566824 2.6784696277135396 2.4061218755703973 2.133774123427254 1.8614263712841117 1.589078619140969 1.3167308669978262 1.0443831148546838 0.772035362711541
-9999.0 -9999.0 -9999.0 -9999.0 -9999.0 -9999.0 -9999.0 -9999.0 -9999.0 1.128135929947859 -9999.0 -9999.0 -9999.0 1.128135929947859 1.128135929947859 1.128135929947859 1.128135929947859 1.128135929947859 1.128135929947859 1.128135929947859 1.128135929947859 1.128135929947859 1.128135929947859 1.128135929947859 1.128135929947859 1.128135929947859 1.128135929947859 1.128135929947859 1.128135929947859 1.128135929947859 1.128135929947859 1.128135929947859 1.128135929947859 1.128135929947859 1.128135929947859 1.128135929947859 1.128135929947859 1.128135929947859 1.128135929947859 3.60918895232126 3.3268887088663357 3.0445884654114117 2.7622882219564873 2.4799879785015633 2.197687735046639 1.9153874915917148 1.6330872481367908 1.3507870046818664 1.0684867612269424 0.786186517772018
-9999.0 -9999.0 -9999.0 -9999.0 -9999.0 -9999.0 -9999.0 -9999.0 -9999.0 -9999.0 -9999.0 -9999.0 -9999.0 -9999.0 1.128135929947859 1.128135929947859 1.128135929947859 1.128135929947859 1.128135929947859 1.128135929947859 1.128135929947859 1.128135929947859 1.128135929947859 1.128135929947859 1.128135929947859 1.128135929947859 1.128135929947859 1.128135929947859 1.128135929947859 1.128135929947859 1.128135929947859 1.128135929947859 1.128135929947859 1.128135929947859 1.128135929947859 1.128135929947859 1.128135929947859 1.128135929947859 1.128135929947859 3.5816555225395166 3.299851338565473 3.0180471545914287 2.736242970617385 2.4544387866433413 2.1726346026692975 1.8908304186952536 1.6090262347212096 1.327222050747166 1.0454178667731222 0.7636136827990785
-9999.0 -9999.0 -9999.0 -9999.0 -9999.0 -9999.0 -9999.0 -9999.0 -9999.0 -9999.0 -9999.0 -9999.0 -9999.0 -9999.0 -9999.0 -9999.0 1.128135929947859 1.128135929947859 1.128135929947859 1.128135929947859 1.128135929947859 1.128135929947859 1.128135929947859 1.128135929947859 1.128135929947859 1.128135929947859 1.128135929947859 1.128135929947859 1.128135929947859 1.128135929947859 1.128135929947859 1.128135929947859 1.128135929947859 1.128135929947859 1.128135929947859 1.128135929947859 1.128135929947859 1.128135929947859 1.128135929947859 3.554122092757773 3.2728139682646096 2.991505843771446 2.7101977192782827 2.428889594785119 2.1475814702919553 1.866273345798792 1.5849652213056284 1.303657096812465 1.0223489723193016 0.7410408478261377
-9999.0 -9999.0 -9999.0 -9999.0 -9999.0 -9999.0 -9999.0 -9999.0 -9999.0 -9999.0 -9999.0 -9999.0 -9999.0 -9999.0 -9999.0 -9999.0 -9999.0 1.128135929947859 1.128135929947859 1.128135929947859 1.128135929947859 1.128135929947859 1.128135929947859 1.128135929947859 1.128135929947859 1.128135929947859 1.128135929947859 1.128135929947859 1.128135929947859 1.128135929947859 1.128135929947859 1.128135929947859 1.128135929947859 1.128135929947859 1.128135929947859 1.128135929947859 1.128135929947859 1.128135929947859 1.128135929947859 3.52658866297603 3.2457765979637467 2.9649645329514636 2.6841524679391804 2.403340402926897 2.1225283379146136 1.8417162729023306 1.5609042078900477 1.2800921428777645 0.9992800778654813 0.7184680128531982
-9999.0 -9999.0 -9999.0 -9999.0 -9999.0 -9999.0 -9999.0 -9999.0 -9999.0 -9999.0 -9999.0 -9999.0 -9999.0 -9999.0 -9999.0 -9999.0 -9999.0 -9999.0 1.128135929947859 1.128135929947859 1.128135929947859 1.128135929947859 1.128135929947859 1.128135929947859 1.128135929947859 1.128135929947859 1.128135929947859 1.128135929947859 1.128135929947859 1.128135929947859 1.128135929947859 1.128135929947859 1.128135929947859 1.128135929947859 1.128135929947859 1.128135929947859 1.128135929947859 1.128135929947859 1.128135929947859 3.4990552331942864 3.2187392276628835 2.938423222131481 2.658107216600078 2.377791211068675 2.0974752055372723 1.8171592000058694 1.5368431944744665 1.2565271889430636 0.9762111834116611 0.6958951778802582
-9999.0 -9999.0 -9999.0 -9999.0 -9999.0 -9999.0 -9999.0 -9999.0 -9999.0 -9999.0 -9999.0 -9999.0 -9999.0 -9999.0 -9999.0 -9999.0 -9999.0 -9999.0 -9999.0 1.128135929947859 1.128135929947859 1.128135929947859 1.128135929947859 1.128135929947859 1.128135929947859 1.128135929947859 1.128135929947859 1.128135929947859 1.128135929947859 1.128135929947859 1.128135929947859 1.128135929947859 1.128135929947859 1.128135929947859 1.128135929947859 1.128135929947859 1.128135929947859 1.128135929947859 1.128135929947859 3.4715218034125437 3.191701857362021 2.9118819113114984 2.632061965260976 2.352242019210453 2.0724220731599305 1.792602127109408 1.5127821810588853 1.2329622350083627 0.95314228895784 0.6733223429073174
-9999.0 -9999.0 -9999.0 -9999.0 -9999.0 -9999.0 -9999.0 -9999.0 -9999.0 -9999.0 -9999.0 -9999.0 -9999.0 -9999.0 -9999.0 -9999.0 -9999.0 -9999.0 -9999.0 1.128135929947859 1.128135929947859 1.128135929947859 1.128135929947859 1.128135929947859 1.128135929947859 1.128135929947859 1.128135929947859 1.128135929947859 1.128135929947859 1.128135929947859 1.128135929947859 1.128135929947859 1.128135929947859 1.128135929947859 1.128135929947859 1.128135929947859 1.128135929947859 1.128135929947859 1.128135929947859 3.4439883736307766 3.1646644870611347 2.8853406004914928 2.606016713921851 2.3266928273522094 2.0473689407825675 1.7680450542129258 1.488721167643284 1.2093972810736422 0.9300733945040003 0.6507495079343588
-9999.0 -9999.0 -9999.0 -9999.0 -9999.0 -9999.0 -9999.0 -9999.0 -9999.0 -9999.0 -9999.0 -9999.0 -9999.0 -9999.0 -9999.0 -9999.0 -9999.0 -9999.0 -9999.0 -9999.0 1.128135929947859 1.128135929947859 1.128135929947859 1.128135929947859 1.128135929947859 1.128135929947859 -9999.0 -9999.0 1.128135929947859 1.128135929947859 1.128135929947859 1.128135929947859 1.128135929947859 1.128135929947859 1.128135929947859 1.128135929947859 1.128135929947859 1.128135929947859 1.128135929947859 3.4164549438490335 3.137627116760272 2.85879928967151 2.579971462582749 2.3011436354939874 2.0223158084052257 1.743487981316464 1.4646601542277025 1.1858323271389413 0.9070045000501796 0.628176672961418
-9999.0 -9999.0 -9999.0 -9999.0 -9999.0 -9999.0 -9999.0 -9999.0 -9999.0 -9999.0 -9999.0 -9999.0 -9999.0 -9999.0 -9999.0 -9999.0 -9999.0 -9999.0 -9999.0 -9999.0 -9999.0 -9999.0 -9999.0 -9999.0 -9999.0 -9999.0 -9999.0 1.128135929947859 1.128135929947859 1.128135929947859 1.128135929947859 1.128135929947859 1.128135929947859 1.128135929947859 1.128135929947859 1.128135929947859 1.128135929947859 1.128135929947859 1.128135929947859 3.3889215140672904 3.110589746459409 2.8322579788515276 2.5539262112436467 2.2755944436357654 1.9972626760278842 1.7189309084200028 1.4405991408121217 1.1622673732042403 0.8839356055963594 0.605603837988478
-9999.0 -9999.0 -9999.0 -9999.0 -9999.0 -9999.0 -9999.0 -9999.0 -9999.0 -9999.0 -9999.0 -9999.0 -9999.0 -9999.0 -9999.0 -9999.0 -9999.0 -9999.0 -9999.0 -9999.0 -9999.0 -9999.0 -9999.0 -9999.0 -9999.0 -9999.0 -9999.0 1.128135929947859 1.128135929947859 1.128135929947859 1.128135929947859 1.128135929947859 1.128135929947859 1.128135929947859 1.128135929947859 1.128135929947859 1.128135929947859 1.128135929947859 1.128135929947859 3.361388084285547 3.083552376158546 2.805716668031545 2.5278809599045444 2.2500452517775433 1.9722095436505425 1.6943738355235418 1.416538127396541 1.1387024192695399 0.8608667111425392 0.5830310030155381
-9999.0 -9999.0 -9999.0 -9999.0 -9999.0 -9999.0 -9999.0 -9999.0 -9999.0 -9999.0 -9999.0 -9999.0 -9999.0 -9999.0 -9999.0 -9999.0 -9999.0 -9999.0 -9999.0 -9999.0 -9999.0 -9999.0 -9999.0 -9999.0 -9999.0 -9999.0 -9999.0 1.128135929947859 1.128135929947859 1.128135929947859 1.128135929947859 1.128135929947859 1.128135929947859 1.128135929947859 1.128135929947859 1.128135929947859 1.128135929947859 1.128135929947859 1.128135929947859 3.3338546545038037 3.056515005857683 2.7791753572115625 2.5018357085654417 2.2244960599193213 1.9471564112732007 1.6698167626270801 1.3924771139809593 1.115137465334839 0.8377978166887186 0.5604581680425977
-9999.0 -9999.0 -9999.0 -9999.0 -9999.0 -9999.0 -9999.0 -9999.0 -9999.0 -9999.0 -9999.0 -9999.0 -9999.0 -9999.0 -9999.0 -9999.0 -9999.0 -9999.0 -9999.0 -9999.0 -9999.0 -9999.0 -9999.0 -9999.0 -9999.0 -9999.0 -9999.0 -9999.0 1.128135929947859 1.128135929947859 1.128135929947859 1.128135929947859 1.128135929947859 1.128135929947859 1.128135929947859 1.128135929947859 1.128135929947859 1.128135929947859 1.128135929947859 3.30632122472206 3.02947763555682 2.75263404639158 2.4757904572263394 2.1989468680610993 1.922103278895859 1.6452596897306189 1.3684161005653785 1.0915725114001384 0.8147289222348983 0.5378853330696578
-9999.0 -9999.0 -9999.0 -9999.0 -9999.0 -9999.0 -9999.0 -9999.0 -9999.0 -9999.0 -9999.0 -9999.0 -9999.0 -9999.0 -9999.0 -9999.0 -9999.0 -9999.0 -9999.0 -9999.0 -9999.0 -9999.0 -9999.0 -9999.0 -9999.0 -9999.0 -9999.0 -9999.0 -9999.0 1.128135929947859 1.128135929947859 1.128135929947859 1.128135929947859 1.128135929947859 1.128135929947859 1.128135929947859 1.128135929947859 1.128135929947859 1.128135929947859 1.128135929947859 1.128135929947859 1.128135929947859 1.128135929947859 1.128135929947859 1.128135929947859 1.128135929947859 1.128135929947859 1.128135929947859 1.128135929947859 1.128135929947859
-9999.0 -9999.0 -9999.0 -9999.0 -9999.0 -9999.0 -9999.0 -9999.0 -9999.0 -9999.0 -9999.0 -9999.0 -9999.0 -9999.0 -9999.0 -9999.0 -9999.0 -9999.0 -9999.0 -9999.0 -9999.0 -9999.0 -9999.0 -9999.0 -9999.0 -9999.0 -9999.0 -9999.0 -9999.0 1.128135929947859 1.128135929947859 1.128135929947859 1.128135929947859 1.128135929947859 1.128135929947859 1.128135929947859 1.128135929947859 1.128135929947859 1.128135929947859 1.128135929947859 1.128135929947859 1.128135929947859 1.128135929947859 1.128135929947859 1.128135929947859 1.128135929947859 1.128135929947859 1.128135929947859 1.128135929947859 1.128135929947859
-9999.0 -9999.0 -9999.0 -9999.0 -9999.0 -9999.0 -9999.0 -9999.0 -9999.0 -9999.0 -9999.0 -9999.0 -9999.0 -9999.0 -9999.0 -9999.0 -9999.0 -9999.0 -9999.0 -9999.0 -9999.0 -9999.0 -9999.0 -9999.0 -9999.0 -9999.0 -9999.0 -9999.0 -9999.0 -9999.0 1.128135929947859 1.128135929947859 1.128135929947859 1.128135929947859 1.128135929947859 1.128135929947859 1.128135929947859 1.128135929947859 1.128135929947859 1.128135929947859 1.128135929947859 1.128135929947859 1.128135929947859 1.128135929947859 1.128135929947859 1.128135929947859 1.128135929947859 1.128135929947859 1.128135929947859 1.128135929947859
-9999.0 -9999.0 -9999.0 -9999.0 -9999.0 -9999.0 -9999.0 -9999.0 -9999.0 -9999.0 -9999.0 -9999.0 -9999.0 -9999.0 -9999.0 -9999.0 -9999.0 -9999.0 -9999.0 -9999.0 -9999.0 -9999.0 -9999.0 -9999.0 -9999.0 -9999.0 -9999.0 -9999.0 -9999.0 -9999.0 1.128135929947859 1.128135929947859 1.128135929947859 1.128135929947859 1.128135929947859 1.128135929947859 1.128135929947859 1.128135929947859 1.128135929947859 1.128135929947859 1.128135929947859 1.128135929947859 1.128135929947859 1.128135929947859 1.128135929947859 1.128135929947859 1.128135929947859 1.128135929947859 1.128135929947859 1.128135929947859
-9999.0 -9999.0 -9999.0 -9999.0 -9999.0 -9999.0 -9999.0 -9999.0 -9999.0 -9999.0 -9999.0 -9999.0 -9999.0 -9999.0 -9999.0 -9999.0 -9999.0 -9999.0 -9999.0 -9999.0 -9999.0 -9999.0 -9999.0 -9999.0 -9999.0 -9999.0 -9999.0 -9999.0 -9999.0 -9999.0 -9999.0 -9999.0 1.128135929947859 1.128135929947859 1.128135929947859 1.128135929947859 1.128135929947859 1.128135929947859 1.128135929947859 1.128135929947859 1.128135929947859 1.128135929947859 1.128135929947859 1.128135929947859 1.128135929947859 1.128135929947859 1.128135929947859 1.128135929947859 1.128135929947859 1.128135929947859
-9999.0 -9999.0 -9999.0 -9999.0 -9999.0 -9999.0 -9999.0 -9999.0 -9999.0 -9999.0 -9999.0 -9999.0 -9999.0 -9999.0 -9999.0 -9999.0 -9999.0 -9999.0 -9999.0 -9999.0 -9999.0 -9999.0 -9999.0 -9999.0 -9999.0 -9999.0 -9999.0 -9999.0 -9999.0 -9999.0 -9999.0 -9999.0 -9999.0 1.128135929947859 1.128135929947859 1.128135929947859 1.128135929947859 1.128135929947859 1.128135929947859 1.128135929947859 1.128135929947859 1.128135929947859 1.128135929947859 1.128135929947859 1.128135929947859 1.128135929947859 1.128135929947859 1.128135929947859 1.128135929947859 1.128135929947859
-9999.0 -9999.0 -9999.0 -9999.0 -9999.0 -9999.0 -9999.0 -9999.0 -9999.0 -9999.0 -9999.0 -9999.0 -9999.0 -9999.0 -9999.0 -9999.0 -9999.0 -9999.0 -9999.0 -9999.0 -9999.0 -9999.0 -9999.0 -9999.0 -9999.0 -9999.0 -9999.0 -9999.0 -9999.0 -9999.0 -9999.0 -9999.0 -9999.0 1.128135929947859 1.128135929947859 1.128135929947859 1.128135929947859 1.128135929947859 1.128135929947859 1.128135929947859 1.128135929947859 1.128135929947859 1.128135929947859 1.128135929947859 1.128135929947859 1.128135929947859 1.128135929947859 1.128135929947859 1.128135929947859 1.128135929947859
