Figures/CREST_Example_wjb_NSE/Rolling_result/20100722/BJP_forecast/ens_25/wjb.rain.20100726.asc
ncols            288
nrows            254
xllcorner        113.274861
yllcorner        31.4918055
cellsize         0.008333333333
NODATA_value     -9999
[rows 115 to 137 of 254, columns 204 to 254 of 288]
2.286181977245911 2.4714820842079352 2.6567821911699596 2.7322821309240704 2.690403207245355 2.6485242835667107 2.606645359888067 2.5647664362094225 2.522887512530778 2.4810085888521343 2.43912966517349 2.3972507414948456 2.3553718178162013 2.3134928941375574 2.271613970458913 2.4517385844748603 2.8691900044992353 3.2866414245243227 3.704092844548698 4.121544264573073 4.538995684597449 4.956447104621823 5.373898524646199 5.791349944670574 6.208801364694949 6.626252784719324 7.0437042047437 1.0264394047163607 1.0264394047163607 1.0264394047163607 1.0264394047163607 1.0264394047163607 1.0264394047163607 1.0264394047163607 1.0264394047163607 1.0264394047163607 1.0264394047163607 1.0264394047163607 1.0264394047163607 1.0264394047163607 1.0264394047163607 1.0264394047163607 1.0264394047163607 1.0264394047163607 1.0264394047163607 1.0264394047163607 1.0264394047163607 1.0264394047163607 1.0264394047163607 1.0264394047163607 1.0264394047163607
2.5225410204668597 2.7241621377455454 2.925783255024232 3.0036460158686844 2.9492082931350083 2.894770570401425 2.8403328476678418 2.7858951249342585 2.7314574022006752 2.677019679467092 2.6225819567335087 2.5681442339999254 2.513706511266342 2.459268788532759 2.4048310657991756 2.5771873534315284 2.991991570772261 3.406795788113701 3.8216000054544335 4.236404222795167 4.651208440135899 5.066012657476632 5.480816874817364 5.8956210921580965 6.31042530949883 6.725229526839563 7.140033744180295 1.0264394047163607 1.0264394047163607 1.0264394047163607 1.0264394047163607 1.0264394047163607 1.0264394047163607 1.0264394047163607 1.0264394047163607 1.0264394047163607 1.0264394047163607 1.0264394047163607 1.0264394047163607 1.0264394047163607 1.0264394047163607 1.0264394047163607 1.0264394047163607 1.0264394047163607 1.0264394047163607 1.0264394047163607 1.0264394047163607 1.0264394047163607 1.0264394047163607 1.0264394047163607 1.0264394047163607
2.758900063687809 2.9768421912831564 3.194784318878504 3.275009900813298 3.208013379024661 3.141016857236139 3.0740203354476168 3.0070238136590945 2.940027291870572 2.8730307700820497 2.8060342482935274 2.739037726505005 2.672041204716483 2.6050446829279603 2.538048161139438 2.702636122388196 3.1147931370452864 3.5269501517030792 3.939107166360169 4.351264181017259 4.763421195674349 5.175578210331439 5.5877352249885295 5.99989223964562 6.41204925430271 6.8242062689597995 7.23636328361689 1.0264394047163607 1.0264394047163607 1.0264394047163607 1.0264394047163607 1.0264394047163607 1.0264394047163607 1.0264394047163607 1.0264394047163607 1.0264394047163607 1.0264394047163607 1.0264394047163607 1.0264394047163607 1.0264394047163607 1.0264394047163607 1.0264394047163607 1.0264394047163607 1.0264394047163607 1.0264394047163607 1.0264394047163607 1.0264394047163607 1.0264394047163607 1.0264394047163607 1.0264394047163607 1.0264394047163607
2.995259106908959 3.2295222448209824 3.463785382733005 3.5463737857581425 3.466818464914535 3.387263144071063 3.3077078232275907 3.228152502384119 3.1485971815406466 3.0690418606971748 2.9894865398537025 2.9099312190102307 2.8303758981667584 2.7508205773232866 2.6712652564798143 2.8280848913449717 3.2375947033184165 3.6471045152925603 4.056614327266005 4.466124139239451 4.875633951212896 5.2851437631863405 5.694653575159786 6.104163387133231 6.513673199106677 6.923183011080122 7.332692823053566 1.0264394047163607 1.0264394047163607 1.0264394047163607 1.0264394047163607 1.0264394047163607 1.0264394047163607 1.0264394047163607 1.0264394047163607 1.0264394047163607 1.0264394047163607 1.0264394047163607 1.0264394047163607 1.0264394047163607 1.0264394047163607 1.0264394047163607 1.0264394047163607 1.0264394047163607 1.0264394047163607 1.0264394047163607 1.0264394047163607 1.0264394047163607 1.0264394047163607 1.0264394047163607 1.0264394047163607
3.231618150129908 3.482202298358593 3.7327864465872773 3.817737670702756 3.725623550804188 3.633509430905777 3.5413953110073657 3.4492811911089545 3.3571670712105437 3.2650529513121325 3.1729388314137212 3.08082471151531 2.988710591616899 2.896596471718488 2.8044823518200768 2.9535336603016398 3.360396269591442 3.7672588788819388 4.174121488171741 4.580984097461544 4.987846706751347 5.394709316041149 5.801571925330951 6.2084345346207535 6.615297143910556 7.022159753200358 7.429022362490161 1.0264394047163607 1.0264394047163607 1.0264394047163607 1.0264394047163607 1.0264394047163607 1.0264394047163607 1.0264394047163607 1.0264394047163607 1.0264394047163607 1.0264394047163607 1.0264394047163607 1.0264394047163607 1.0264394047163607 1.0264394047163607 1.0264394047163607 1.0264394047163607 1.0264394047163607 1.0264394047163607 1.0264394047163607 1.0264394047163607 1.0264394047163607 1.0264394047163607 1.0264394047163607 1.0264394047163607
3.467977193350857 3.7348823518962035 4.00178751044155 4.08910155564737 3.9844286366938415 3.8797557177404913 3.7750827987871407 3.6704098798337905 3.5657369608804403 3.46106404192709 3.35639112297374 3.25171820402039 3.1470452850670396 3.0423723661136894 2.9376994471603393 3.0789824292583075 3.4831978358644675 3.887413242471317 4.291628649077476 4.6958440556836365 5.100059462289797 5.504274868895957 5.908490275502116 6.312705682108276 6.716921088714436 7.121136495320595 7.525351901926756 1.0264394047163607 1.0264394047163607 1.0264394047163607 1.0264394047163607 1.0264394047163607 1.0264394047163607 1.0264394047163607 1.0264394047163607 1.0264394047163607 1.0264394047163607 1.0264394047163607 1.0264394047163607 1.0264394047163607 1.0264394047163607 1.0264394047163607 1.0264394047163607 1.0264394047163607 1.0264394047163607 1.0264394047163607 1.0264394047163607 1.0264394047163607 1.0264394047163607 1.0264394047163607 1.0264394047163607
3.610395199839588 3.888977525092554 4.167559850345519 4.263330176580939 4.163670338981219 4.064010501381669 3.964350663782119 3.8646908261825694 3.7650309885830193 3.6653711509834697 3.5657113133839196 3.4660514757843695 3.36639163818482 3.26673180058527 3.16707196298572 3.3006472218671274 3.6835560772835683 4.066464932700662 4.449373788117104 4.832282643533544 5.215191498949984 5.598100354366426 5.981009209782867 6.363918065199307 6.7468269206157485 7.12973577603219 7.51264463144863 7.858070887308495 8.163427395887922 8.468783904467347 8.774140413047295 9.079496921626722 9.38485343020615 9.690209938785575 9.995566447365002 10.30092295594443 10.606279464523855 10.911635973103282 11.21699248168271 11.167174944595335 10.73766831320521 10.308161681815086 9.878655050424962 9.449148419034106 9.019641787643982 8.590135156253858 8.160628524863734 7.73112189347361 7.301615262083486 6.872108630693362 6.442601999303238
3.6523961603478123 3.9376916762502594 4.222987192152706 4.333727323945296 4.257863800079512 4.182000276213858 4.106136752348204 4.0302732284825495 3.954409704616896 3.8785461807512416 3.8026826568855876 3.7268191330199336 3.650955609154279 3.575092085288625 3.4992285614229712 3.625160878052796 3.966817515060174 4.308474152068134 4.650130789075513 4.991787426082891 5.333444063090269 5.675100700097648 6.016757337105026 6.358413974112404 6.7000706111197825 7.04172724812716 7.383383885134538 7.697450866179912 7.982023880557283 8.266596894934654 8.55116990931251 8.83574292368988 9.120315938067252 9.404888952444622 9.689461966821993 9.974034981199363 10.258607995576735 10.543181009954106 10.827754024331476 10.78209434648913 10.38340844573496 9.984722544980787 9.586036644226615 9.187350743471765 8.788664842717592 8.38997894196342 7.99129304120925 7.592607140455078 7.193921239700906 6.795235338946735 6.3965494381925625
3.6943971208560367 3.986405827407965 4.278414533959893 4.404124471309653 4.352057261177806 4.299990051046048 4.247922840914289 4.195855630782531 4.143788420650773 4.091721210519014 4.039654000387255 3.9875867902554973 3.935519580123739 3.8834523699919803 3.831385159860222 3.949674534238464 4.2500789528367795 4.550483371435607 4.850887790033923 5.151292208632238 5.451696627230553 5.752101045828868 6.052505464427184 6.352909883025499 6.653314301623815 6.95371872022213 7.254123138820446 7.536830845051329 7.800620365226644 8.06440988540196 8.328199405577724 8.59198892575304 8.855778445928355 9.11956796610367 9.383357486278985 9.6471470064543 9.910936526629614 10.17472604680493 10.438515566980245 10.397013748382927 10.029148578264708 9.661283408146488 9.29341823802827 8.925553067909423 8.557687897791205 8.189822727672984 7.821957557554765 7.454092387436546 7.086227217318327 6.718362047200108 6.350496877081889
3.736398081364298 4.035119978565713 4.333841875767128 4.47452161867407 4.44625072227618 4.417979825878337 4.389708929480495 4.361438033082653 4.333167136684811 4.304896240286968 4.276625343889126 4.248354447491283 4.220083551093441 4.191812654695599 4.1635417582977565 4.274188190424409 4.533340390613627 4.792492590803286 5.051644790992503 5.310796991181721 5.569949191370938 5.829101391560156 6.088253591749374 6.347405791938591 6.606557992127809 6.865710192317026 7.124862392506244 7.376210823922609 7.61921684989585 7.862222875869092 8.105228901842748 8.348234927815989 8.591240953789232 8.834246979762472 9.077253005735713 9.320259031708956 9.563265057682196 9.806271083655439 10.04927710962868 10.011933150276393 9.674888710794153 9.337844271311912 9.000799831829672 8.663755392346857 8.326710952864616 7.989666513382376 7.652622073900135 7.315577634417895 6.978533194935654 6.641488755453414 6.304444315971173
3.778399041872522 4.083834129723419 4.389269217574315 4.544918766038427 4.540444183374473 4.535969600710526 4.53149501804658 4.527020435382633 4.522545852718687 4.51807127005474 4.513596687390794 4.509122104726847 4.504647522062901 4.500172939398954 4.495698356735008 4.598701846610077 4.816601828390232 5.034501810170759 5.252401791950914 5.470301773731068 5.688201755511223 5.906101737291378 6.124001719071533 6.341901700851688 6.559801682631842 6.777701664411997 6.995601646192151 7.215590802794026 7.437813334565211 7.660035866336397 7.882258398107961 8.104480929879147 8.326703461650332 8.548925993421518 8.771148525192704 8.99337105696389 9.215593588735075 9.43781612050626 9.660038652277446 9.626852552170188 9.3206288433239 9.014405134477613 8.708181425631325 8.401957716784514 8.095734007938226 7.789510299091939 7.483286590245651 7.177062881399363 6.870839172553074 6.564615463706787 6.258391754860499
3.8204000023807474 4.1325482808811245 4.4446965593815015 4.615315913402784 4.634637644472766 4.6539593755427155 4.673281106612666 4.692602837682615 4.711924568752564 4.731246299822513 4.750568030892462 4.769889761962411 4.789211493032361 4.80853322410231 4.82785495517226 4.923215502795746 5.099863266166838 5.276511029538232 5.453158792909323 5.629806556280416 5.8064543196515075 5.983102083022599 6.159749846393692 6.336397609764783 6.513045373135876 6.689693136506968 6.866340899878059 7.054970781665442 7.256409819234571 7.457848856803702 7.6592878943731755 7.860726931942305 8.062165969511435 8.263605007080566 8.465044044649694 8.666483082218825 8.867922119787956 9.069361157357084 9.270800194926215 9.241771954063985 8.96636897585365 8.690965997643314 8.415563019432978 8.140160041222174 7.8647570630118375 7.589354084801502 7.313951106591166 7.038548128380831 6.763145150170495 6.48774217196016 6.212339193749824
3.862400962888972 4.18126243203883 4.500123901188688 4.685713060767141 4.72883110557106 4.771949150374905 4.8150671951787505 4.858185239982595 4.90130328478644 4.944421329590285 4.98753937439413 5.030657419197975 5.0737754640018204 5.116893508805665 5.16001155360951 5.247729158981414 5.383124703943444 5.518520248905704 5.653915793867733 5.789311338829762 5.924706883791791 6.0601024287538205 6.19549797371585 6.330893518677879 6.466289063639909 6.601684608601938 6.7370801535639675 6.894350760536859 7.075006303903933 7.255661847271007 7.436317390638389 7.616972934005464 7.7976284773725375 7.978284020739612 8.158939564106687 8.33959510747376 8.520250650840834 8.700906194207908 8.881561737574984 8.856691355957782 8.612109108383398 8.367526860809015 8.122944613234631 7.878362365659832 7.633780118085449 7.389197870511065 7.144615622936682 6.900033375362298 6.655451127787916 6.410868880213532 6.1662866326391494
3.9044019233971965 4.229976583196536 4.555551242995875 4.756110208131498 4.823024566669353 4.889938925207094 4.956853283744835 5.023767642282576 5.090682000820316 5.157596359358058 5.224510717895798 5.291425076433539 5.35833943497128 5.425253793509021 5.492168152046761 5.572242815167082 5.666386141720049 5.760529468273177 5.854672794826143 5.948816121379109 6.042959447932076 6.137102774485043 6.231246101038009 6.3253894275909754 6.419532754143942 6.513676080696909 6.607819407249876 6.7337307394082755 6.893602788573293 7.053474837738312 7.213346886903603 7.373218936068621 7.53309098523364 7.692963034398658 7.852835083563677 8.012707132728695 8.172579181893713 8.332451231058732 8.49232328022375 8.471610757851577 8.257849240913146 8.044087723974716 7.8303262070362845 7.616564690097489 7.402803173159058 7.189041656220628 6.975280139282197 6.761518622343766 6.547757105405335 6.333995588466905 6.120234071528474
3.946402883905421 4.2786907343542415 4.610978584803061 4.826507355495855 4.917218027767647 5.007928700039283 5.09863937231092 5.189350044582556 5.2800607168541935 5.37077138912583 5.461482061397467 5.552192733669103 5.64290340594074 5.733614078212376 5.824324750484013 5.896756471352751 5.949647579496655 6.002538687640649 6.055429795784553 6.1083209039284565 6.161212012072361 6.214103120216264 6.266994228360168 6.319885336504072 6.372776444647975 6.42566755279188 6.478558660935783 6.5731107182796915 6.712199273242654 6.851287828205617 6.990376383168817 7.12946493813178 7.268553493094743 7.4076420480577045 7.546730603020667 7.68581915798363 7.824907712946593 7.963996267909556 8.103084822872518 8.086530159745374 7.9035893734428955 7.720648587140417 7.537707800837938 7.354767014535148 7.1718262282326695 6.988885441930191 6.805944655627712 6.623003869325234 6.440063083022755 6.2571222967202775 6.074181510417798
3.9884038444136456 4.327404885511947 4.666405926610248 4.896904502860212 5.0114114888659405 5.125918474871472 5.240425460877005 5.354932446882537 5.46943943288807 5.583946418893602 5.698453404899134 5.812960390904667 5.927467376910199 6.041974362915731 6.156481348921264 6.2212701275384195 6.23290901727326 6.244547907008121 6.256186796742962 6.267825686477804 6.279464576212645 6.291103465947486 6.3027423556823265 6.3143812454171675 6.3260201351520085 6.33765902488685 6.349297914621691 6.412490697151108 6.530795757912015 6.649100818672922 6.767405879434031 6.8857109401949375 7.004016000955844 7.122321061716751 7.240626122477658 7.358931183238565 7.477236243999472 7.595541304760379 7.713846365521285 7.701449561639169 7.5493295059726435 7.397209450306118 7.245089394639591 7.092969338972806 6.94084928330628 6.788729227639754 6.636609171973228 6.484489116306702 6.3323690606401755 6.18024900497365 6.028128949307124
4.030404804921907 4.376119036669695 4.721833268417483 4.9673016502246305 5.105604949964315 5.243908249703763 5.382211549443212 5.52051484918266 5.6588181489221085 5.7971214486615565 5.9354247484010045 6.073728048140453 6.212031347879902 6.35033464761935 6.488637947358798 6.545783783724365 6.516170455050108 6.486557126375801 6.456943797701544 6.427330469027287 6.39771714035303 6.368103811678774 6.338490483004517 6.3088771543302595 6.2792638256560025 6.2496504969817455 6.220037168307489 6.2518706760223886 6.349392242581222 6.446913809140055 6.544435375699055 6.641956942257888 6.739478508816721 6.837000075375554 6.934521641934388 7.032043208493222 7.129564775052055 7.227086341610888 7.324607908169721 7.3163689635326365 7.19506963850209 7.073770313471543 6.952470988440995 6.831171663410241 6.709872338379693 6.588573013349146 6.467273688318599 6.345974363288051 6.224675038257504 6.103375713226956 5.982076388196409
4.0724057654301316 4.424833187827401 4.777260610224671 5.0376987975889875 5.199798411062607 5.361898024535952 5.5239976380092966 5.68609725148264 5.848196864955985 6.0102964784293285 6.172396091902673 6.334495705376017 6.496595318849361 6.658694932322705 6.8207945457960495 6.870297439910033 6.799431892826713 6.728566345743273 6.6577007986599535 6.586835251576634 6.5159697044933145 6.445104157409995 6.374238610326675 6.303373063243355 6.232507516160036 6.161641969076716 6.090776421993397 6.0912506548938055 6.167988727250583 6.24472679960736 6.3214648719642685 6.398202944321046 6.474941016677824 6.551679089034601 6.628417161391379 6.705155233748156 6.781893306104934 6.858631378461711 6.935369450818489 6.931288365426433 6.840809771031838 6.750331176637243 6.659852582242648 6.569373987847899 6.478895393453304 6.388416799058709 6.297938204664114 6.207459610269519 6.1169810158749245 6.0265024214803296 5.936023827085735
4.0392589795508345 4.377466117695412 4.715673255839988 4.971025200182005 5.137803067404465 5.304580934626641 5.471358801848816 5.638136669070992 5.804914536293167 5.971692403515343 6.138470270737518 6.305248137959694 6.472026005181869 6.638803872404044 6.80558173962622 6.846001716519459 6.751342249016707 6.656682781513793 6.562023314011041 6.467363846508289 6.372704379005537 6.278044911502785 6.183385444000033 6.0887259764972805 5.994066508994528 5.899407041491776 5.804747573989024 5.786853953629798 5.851024761330505 5.915195569031211 5.9793663767320275 6.043537184432734 6.10770799213344 6.171878799834147 6.236049607534853 6.300220415235559 6.364391222936266 6.428562030636972 6.492732838337679 6.497353572137519 6.43831392900122 6.379274285864921 6.3202346427286225 6.261194999592223 6.202155356455924 6.1431157133196255 6.084076070183326 6.025036427047027 5.965996783910729 5.90695714077443 5.847917497638131
3.925783990137405 4.2273942790163215 4.529004567895237 4.75783161762753 4.908851737687487 5.059871857747187 5.210891977806887 5.361912097866588 5.512932217926288 5.663952337985988 5.814972458045688 5.9659925781053875 6.117012698165087 6.268032818224787 6.419052938284487 6.448850755491741 6.3490591875400275 6.249267619588144 6.149476051636431 6.049684483684718 5.949892915733004 5.850101347781291 5.750309779829578 5.6505182118778645 5.550726643926152 5.450935075974439 5.351143508022725 5.328769045059843 5.389155219533631 5.449541394007419 5.509927568481309 5.570313742955098 5.630699917428886 5.691086091902673 5.751472266376462 5.81185844085025 5.872244615324037 5.932630789797825 5.993016964271614 6.011196723992884 5.984256870987209 5.9573170179815325 5.930377164975856 5.9034373119701335 5.876497458964457 5.849557605958781 5.8226177529531045 5.795677899947428 5.768738046941753 5.741798193936076 5.7148583409304
3.812309000723975 4.07732244033723 4.342335879950484 4.544638035073054 4.679900407970509 4.815162780867734 4.950425153764958 5.085687526662183 5.2209498995594075 5.356212272456633 5.491474645353857 5.626737018251082 5.761999391148306 5.897261764045531 6.032524136942755 6.051699794464024 5.946776126063349 5.841852457662496 5.736928789261821 5.632005120861146 5.5270814524604726 5.422157784059798 5.317234115659123 5.2123104472584485 5.107386778857775 5.0024631104571 4.897539442056425 4.870684136489888 4.927285677736757 4.983887218983626 5.040488760230592 5.097090301477462 5.1536918427243315 5.210293383971201 5.26689492521807 5.32349646646494 5.380098007711809 5.4366995489586785 5.493301090205548 5.52503987584825 5.530199812973197 5.535359750098143 5.54051968722309 5.545679624348045 5.550839561472991 5.555999498597937 5.5611594357228835 5.56631937284783 5.571479309972776 5.576639247097723 5.581799184222669
3.698834011310545 3.927250601658139 4.155667192005733 4.331444452518578 4.450949078253531 4.570453703988281 4.68995832972303 4.8094629554577795 4.928967581192529 5.048472206927278 5.167976832662028 5.287481458396776 5.4069860841315265 5.526490709866275 5.645995335601024 5.654548833436308 5.544493064586671 5.434437295736848 5.324381526887213 5.214325758037577 5.104269989187941 4.994214220338305 4.88415845148867 4.774102682639034 4.664046913789399 4.553991144939763 4.443935376090128 4.412599227919933 4.465416135939884 4.518233043959834 4.571049951979876 4.6238668599998265 4.676683768019777 4.729500676039728 4.782317584059679 4.8351344920796295 4.88795140009958 4.940768308119531 4.993585216139482 5.038883027703616 5.076142754959185 5.113402482214753 5.1506622094703225 5.187921936725955 5.225181663981524 5.262441391237092 5.299701118492662 5.336960845748231 5.374220573003799 5.4114803002593685 5.448740027514937
3.585359021897019 3.77717876297892 3.9689985040608224 4.11825086996392 4.221997748536358 4.325744627108619 4.429491505680879 4.533238384253139 4.6369852628254 4.74073214139766 4.844479019969921 4.948225898542181 5.051972777114441 5.155719655686703 5.259466534258962 5.257397872408251 5.14221000310965 5.027022133810852 4.911834264512251 4.796646395213649 4.6814585259150485 4.566270656616447 4.451082787317846 4.335894918019244 4.2207070487206435 4.105519179422042 3.990331310123441 3.9545143193495873 4.003546594142616 4.052578868935645 4.101611143728758 4.150643418521787 4.199675693314815 4.248707968107845 4.297740242900874 4.3467725176939025 4.395804792486931 4.444837067279961 4.49386934207299 4.552726179558567 4.622085696944786 4.691445214331004 4.760804731717223 4.830164249103561 4.8995237664897795 4.968883283875998 5.038242801262218 5.1076023186484365 5.176961836034655 5.246321353420874 5.315680870807093
