Figures/CREST_Example_wjb_NSE/Rolling_result/20100722/BJP_forecast/ens_25/wjb.rain.20100724.asc
ncols            288
nrows            254
xllcorner        113.274861
yllcorner        31.4918055
cellsize         0.008333333333
NODATA_value     -9999
[rows 56 to 83 of 254, columns 130 to 194 of 288]
0.0 0.0 0.0 0.0 0.0 0.0 0.0 0.0 0.0 0.0 0.0 0.0 0.0 0.0 0.0 0.0 0.0 0.0 0.0 0.0 0.0 0.0 0.0 0.0 0.0 0.0 0.0 0.0 0.0 0.7170407228237982 0.7170407228237982 0.7170407228237982 0.7170407228237982 0.7170407228237982 0.7170407228237982 0.7170407228237982 0.7170407228237982 0.7170407228237982 0.7170407228237982 0.7170407228237982 0.7170407228237982 0.7170407228237982 0.7170407228237982 0.7170407228237982 0.7170407228237982 0.7170407228237982 -9999.0 -9999.0 0.7170407228237982 0.7170407228237982 0.7170407228237982 0.7170407228237982 0.7170407228237982 -9999.0 -9999.0 -9999.0 -9999.0 -9999.0 -9999.0 -9999.0 -9999.0 -9999.0 -9999.0 -9999.0 -9999.0
0.0 0.0 0.0 0.0 0.0 0.0 0.0 0.0 0.0 0.0 0.0 0.0 0.0 0.0 0.0 0.0 0.0 0.0 0.0 0.0 0.0 0.0 0.0 0.0 0.0 0.0 0.0 0.0 0.0 0.7170407228237982 0.7170407228237982 0.7170407228237982 0.7170407228237982 0.7170407228237982 0.7170407228237982 0.7170407228237982 0.7170407228237982 0.7170407228237982 0.7170407228237982 0.7170407228237982 0.7170407228237982 0.7170407228237982 0.7170407228237982 0.7170407228237982 0.7170407228237982 0.7170407228237982 0.7170407228237982 0.7170407228237982 0.7170407228237982 0.7170407228237982 0.7170407228237982 0.7170407228237982 0.7170407228237982 0.7170407228237982 0.7170407228237982 -9999.0 -9999.0 0.7170407228237982 -9999.0 -9999.0 -9999.0 -9999.0 -9999.0 -9999.0 0.7170407228237982
0.0 0.0 0.0 0.0 0.0 0.0 0.0 0.0 0.0 0.0 0.0 0.0 0.0 0.0 0.0 0.0 0.0 0.0 0.0 0.0 0.0 0.0 0.0 0.0 0.0 0.0 0.0 0.0 0.0 0.7170407228237982 0.7170407228237982 0.7170407228237982 0.7170407228237982 0.7170407228237982 0.7170407228237982 0.7170407228237982 0.7170407228237982 0.7170407228237982 0.7170407228237982 0.7170407228237982 0.7170407228237982 0.7170407228237982 0.7170407228237982 0.7170407228237982 0.7170407228237982 0.7170407228237982 0.7170407228237982 0.7170407228237982 0.7170407228237982 0.7170407228237982 0.7170407228237982 0.7170407228237982 0.7170407228237982 0.7170407228237982 0.7170407228237982 0.7170407228237982 0.7170407228237982 0.7170407228237982 0.7170407228237982 0.7170407228237982 0.7170407228237982 0.7170407228237982 0.7170407228237982 0.7170407228237982 0.7170407228237982
0.0 0.0 0.0 0.0 0.0 0.0 0.0 0.0 0.0 0.0 0.0 0.0 0.0 0.0 0.0 0.0 0.0 0.0 0.0 0.0 0.0 0.0 0.0 0.0 0.0 0.0 0.0 0.0 0.0 0.7170407228237982 0.7170407228237982 0.7170407228237982 0.7170407228237982 0.7170407228237982 0.7170407228237982 0.7170407228237982 0.7170407228237982 0.7170407228237982 0.7170407228237982 0.7170407228237982 0.7170407228237982 0.7170407228237982 0.7170407228237982 0.7170407228237982 0.7170407228237982 0.7170407228237982 0.7170407228237982 0.7170407228237982 0.7170407228237982 0.7170407228237982 0.7170407228237982 0.7170407228237982 0.7170407228237982 0.7170407228237982 0.7170407228237982 0.7170407228237982 0.7170407228237982 0.7170407228237982 0.7170407228237982 0.7170407228237982 0.7170407228237982 0.7170407228237982 0.7170407228237982 0.7170407228237982 0.7170407228237982
0.0 0.0 0.0 0.0 0.0 0.0 0.0 0.0 0.0 0.0 0.0 0.0 0.0 0.0 0.0 0.0 0.0 0.0 0.0 0.0 0.0 0.0 0.0 0.0 0.0 0.0 0.0 0.0 0.0 0.7170407228237982 0.7170407228237982 0.7170407228237982 0.7170407228237982 0.7170407228237982 0.7170407228237982 0.7170407228237982 0.7170407228237982 0.7170407228237982 0.7170407228237982 0.7170407228237982 0.7170407228237982 0.7170407228237982 0.7170407228237982 0.7170407228237982 0.7170407228237982 0.7170407228237982 0.7170407228237982 0.7170407228237982 0.7170407228237982 0.7170407228237982 0.7170407228237982 0.7170407228237982 0.7170407228237982 0.7170407228237982 0.7170407228237982 0.7170407228237982 0.7170407228237982 0.7170407228237982 0.7170407228237982 0.7170407228237982 0.7170407228237982 0.7170407228237982 0.7170407228237982 0.7170407228237982 0.7170407228237982
0.0 0.0 0.0 0.0 0.0 0.0 0.0 0.0 0.0 0.0 0.0 0.0 0.0 0.0 0.0 0.0 0.0 0.0 0.0 0.0 0.0 0.0 0.0 0.0 0.0 0.0 0.0 0.0 0.0 0.0 0.0 0.0 0.0 0.0 0.0 0.0 0.0 0.0 0.0 0.0 0.0 0.0 0.0 0.0 0.0 0.0 0.0 0.0 0.0 0.0 0.0 0.0 0.0 0.7170407228237982 0.7170407228237982 0.7170407228237982 0.7170407228237982 0.7170407228237982 0.7170407228237982 0.7170407228237982 0.7170407228237982 0.7170407228237982 0.7170407228237982 0.7170407228237982 -9999.0
0.0 0.0 0.0 0.0 0.0 0.0 0.0 0.0 0.0 0.0 0.0 0.0 0.0 0.0 0.0 0.0 0.0 0.0 0.0 0.0 0.0 0.0 0.0 0.0 0.0 0.0 0.0 0.0 0.0 0.0 0.0 0.0 0.0 0.0 0.0 0.0 0.0 0.0 0.0 0.0 0.0 0.0 0.0 0.0 0.0 0.0 0.0 0.0 0.0 0.0 0.0 0.0 0.0 0.7170407228237982 0.7170407228237982 0.7170407228237982 0.7170407228237982 0.7170407228237982 0.7170407228237982 0.7170407228237982 0.7170407228237982 0.7170407228237982 0.7170407228237982 0.7170407228237982 -9999.0
0.0 0.0 0.0 0.0 0.0 0.0 0.0 0.0 0.0 0.0 0.0 0.0 0.0 0.0 0.0 0.0 0.0 0.0 0.0 0.0 0.0 0.0 0.0 0.0 0.0 0.0 0.0 0.0 0.0 0.0 0.0 0.0 0.0 0.0 0.0 0.0 0.0 0.0 0.0 0.0 0.0 0.0 0.0 0.0 0.0 0.0 0.0 0.0 0.0 0.0 0.0 0.0 0.0 0.7170407228237982 0.7170407228237982 0.7170407228237982 0.7170407228237982 0.7170407228237982 0.7170407228237982 0.7170407228237982 0.7170407228237982 0.7170407228237982 0.7170407228237982 0.7170407228237982 -9999.0
0.0 0.0 0.0 0.0 0.0 0.0 0.0 0.0 0.0 0.0 0.0 0.0 0.0 0.0 0.0 0.0 0.0 0.0 0.0 0.0 0.0 0.0 0.0 0.0 0.0 0.0 0.0 0.0 0.0 0.0 0.0 0.0 0.0 0.0 0.0 0.0 0.0 0.0 0.0 0.0 0.0 0.0 0.0 0.0 0.0 0.0 0.0 0.0 0.0 0.0 0.0 0.0 0.0 0.7170407228237982 0.7170407228237982 0.7170407228237982 0.7170407228237982 0.7170407228237982 0.7170407228237982 0.7170407228237982 0.7170407228237982 0.7170407228237982 0.7170407228237982 0.7170407228237982 -9999.0
0.0 0.0 0.0 0.0 0.0 0.0 0.0 0.0 0.0 0.0 0.0 0.0 0.0 0.0 0.0 0.0 0.0 0.0 0.0 0.0 0.0 0.0 0.0 0.0 0.0 0.0 0.0 0.0 0.0 0.0 0.0 0.0 0.0 0.0 0.0 0.0 0.0 0.0 0.0 0.0 0.0 0.0 0.0 0.0 0.0 0.0 0.0 0.0 0.0 0.0 0.0 0.0 0.0 0.7170407228237982 0.7170407228237982 0.7170407228237982 0.7170407228237982 0.7170407228237982 0.7170407228237982 0.7170407228237982 0.7170407228237982 0.7170407228237982 0.7170407228237982 0.7170407228237982 0.7170407228237982
0.0 0.0 0.0 0.0 0.0 0.0 0.0 0.0 0.0 0.0 0.0 0.0 0.0 0.0 0.0 0.0 0.0 0.0 0.0 0.0 0.0 0.0 0.0 0.0 0.0 0.0 0.0 0.0 0.0 0.0 0.0 0.0 0.0 0.0 0.0 0.0 0.0 0.0 0.0 0.0 0.0 0.0 0.0 0.0 0.0 0.0 0.0 0.0 0.0 0.0 0.0 0.0 0.0 0.7170407228237982 0.7170407228237982 0.7170407228237982 0.7170407228237982 0.7170407228237982 0.7170407228237982 0.7170407228237982 0.7170407228237982 0.7170407228237982 0.7170407228237982 0.7170407228237982 0.7170407228237982
0.0 0.0 0.0 0.0 0.0 0.0 0.0 0.0 0.0 0.0 0.0 0.0 0.0 0.0 0.0 0.0 0.0 0.0 0.0 0.0 0.0 0.0 0.0 0.0 0.0 0.0 0.0 0.0 0.0 0.0 0.0 0.0 0.0 0.0 0.0 0.0 0.0 0.0 0.0 0.0 0.0 0.0 0.0 0.0 0.0 0.0 0.0 0.0 0.0 0.0 0.0 0.0 0.0 0.7170407228237982 0.7170407228237982 0.7170407228237982 0.7170407228237982 0.7170407228237982 0.7170407228237982 0.7170407228237982 0.7170407228237982 0.7170407228237982 0.7170407228237982 0.7170407228237982 0.7170407228237982
0.0 0.0 0.0 0.0 0.0 0.0 0.0 0.0 0.0 0.0 0.0 0.0 0.0 0.0 0.0 0.0 0.0 0.0 0.0 0.0 0.0 0.0 0.0 0.0 0.0 0.0 0.0 0.0 0.0 0.0 0.0 0.0 0.0 0.0 0.0 0.0 0.0 0.0 0.0 0.0 0.0 0.0 0.0 0.0 0.0 0.0 0.0 0.0 0.0 0.0 0.0 0.0 0.0 0.7170407228237982 0.7170407228237982 0.7170407228237982 0.7170407228237982 0.7170407228237982 0.7170407228237982 0.7170407228237982 0.7170407228237982 0.7170407228237982 0.7170407228237982 0.7170407228237982 0.7170407228237982
0.0 0.0 0.0 0.0 0.0 0.0 0.0 0.0 0.0 0.0 0.0 0.0 0.0 0.0 0.0 0.0 0.0 0.0 0.0 0.0 0.0 0.0 0.0 0.0 0.0 0.0 0.0 0.0 0.0 0.0 0.0 0.0 0.0 0.0 0.0 0.0 0.0 0.0 0.0 0.0 0.0 0.0 0.0 0.0 0.0 0.0 0.0 0.0 0.0 0.0 0.0 0.0 0.0 0.7170407228237982 0.7170407228237982 0.7170407228237982 0.7170407228237982 0.7170407228237982 0.7170407228237982 0.7170407228237982 0.7170407228237982 0.7170407228237982 0.7170407228237982 0.7170407228237982 -9999.0
0.0 0.0 0.0 0.0 0.0 0.0 0.0 0.0 0.0 0.0 0.0 0.0 0.0 0.0 0.0 0.0 0.0 0.0 0.0 0.0 0.0 0.0 0.0 0.0 0.0 0.0 0.0 0.0 0.0 0.0 0.0 0.0 0.0 0.0 0.0 0.0 0.0 0.0 0.0 0.0 0.0 0.0 0.0 0.0 0.0 0.0 0.0 0.0 0.0 0.0 0.0 0.0 0.0 0.7170407228237982 0.7170407228237982 0.7170407228237982 0.7170407228237982 0.7170407228237982 0.7170407228237982 0.7170407228237982 0.7170407228237982 0.7170407228237982 0.7170407228237982 0.7170407228237982 -9999.0
0.0 0.0 0.0 0.0 0.0 0.0 0.0 0.0 0.0 0.0 0.0 0.0 0.0 0.0 0.0 0.0 0.0 0.0 0.0 0.0 0.0 0.0 0.0 0.0 0.0 0.0 0.0 0.0 0.0 0.0 0.0 0.0 0.0 0.0 0.0 0.0 0.0 0.0 0.0 0.0 0.0 0.0 0.0 0.0 0.0 0.0 0.0 0.0 0.0 0.0 0.0 0.0 0.0 0.7170407228237982 0.7170407228237982 0.7170407228237982 0.7170407228237982 0.7170407228237982 0.7170407228237982 0.7170407228237982 0.7170407228237982 0.7170407228237982 0.7170407228237982 0.7170407228237982 -9999.0
0.0 0.0 0.0 0.0 0.0 0.0 0.0 0.0 0.0 0.0 0.0 0.0 0.0 0.0 0.0 0.0 0.0 0.0 0.0 0.0 0.0 0.0 0.0 0.0 0.0 0.0 0.0 0.0 0.0 0.0 0.0 0.0 0.0 0.0 0.0 0.0 0.0 0.0 0.0 0.0 0.0 0.0 0.0 0.0 0.0 0.0 0.0 0.0 0.0 0.0 0.0 0.0 0.0 0.7170407228237982 0.7170407228237982 0.7170407228237982 0.7170407228237982 0.7170407228237982 0.7170407228237982 0.7170407228237982 0.7170407228237982 0.7170407228237982 0.7170407228237982 0.7170407228237982 0.7170407228237982
0.0 0.0 0.0 0.0 0.0 0.0052930069998744075 0.01624435819374799 0.02719570938762157 0.038147060581495154 0.04909841177536873 0.06004976296924231 0.0710011141631159 0.08195246535698948 0.09290381655088173 0.10385516774475531 0.1148065189386289 0.12575787013250248 0.13421757557352426 0.1400136553464636 0.14580973511940293 0.15160581489234226 0.1574018946652816 0.16319797443822093 0.16899405421116026 0.1747901339840996 0.18058621375703893 0.18638229352998814 0.19217837330292747 0.1979744530758668 0.20182913868516325 0.2036084300173443 0.20538772134952532 0.20716701268170637 0.2089463040138874 0.21072559534606844 0.21250488667824946 0.2142841780104305 0.21606346934261156 0.21784276067479258 0.21962205200697665 0.22140134333915767 0.2249534498501215 0.23040073589361798 0.23584802193711443 0.2412953079806109 0.2467425940241074 0.25218988006760384 0.2576371661111003 0.2630844521545968 0.2685317381980933 0.2739790242415897 0.2794263102850862 0.284873596328592 0.7170407228237982 0.7170407228237982 0.7170407228237982 0.7170407228237982 0.7170407228237982 0.7170407228237982 0.7170407228237982 0.7170407228237982 0.7170407228237982 0.7170407228237982 0.7170407228237982 0.7170407228237982
0.0 0.0 0.0 0.0 0.0 0.016243904754241197 0.04985291107668686 0.08346191739913252 0.11707092372157817 0.15067993004402383 0.18428893636646948 0.21789794268891516 0.2515069490113608 0.2851159553338638 0.3187249616563094 0.3523339679787551 0.3859429743012007 0.41190527690842466 0.4296930802840567 0.4474808836596888 0.46526868703532087 0.483056490410953 0.5008442937865851 0.5186320971622171 0.5364199005378493 0.5542077039134814 0.5719955072891437 0.5897833106647759 0.6075711140404079 0.6194009011342926 0.6248614340469983 0.6303219669597041 0.6357824998724099 0.6412430327851156 0.6467035656978214 0.6521640986105272 0.6576246315232329 0.6630851644359387 0.6685456973486444 0.6740062302613595 0.6794667631740653 0.6903679540930241 0.7070853315047227 0.7238027089164215 0.7405200863281202 0.7572374637398188 0.7739548411515176 0.7906722185632162 0.8073895959749149 0.8241069733866137 0.8408243507983123 0.8575417282100111 0.8742591056217383 0.7170407228237982 0.7170407228237982 0.7170407228237982 0.7170407228237982 0.7170407228237982 0.7170407228237982 0.7170407228237982 0.7170407228237982 0.7170407228237982 0.7170407228237982 0.7170407228237982 0.7170407228237982
0.0 0.0 0.0 0.0 0.0 0.02719480250860799 0.08346146395962573 0.13972812541064344 0.1959947868616612 0.25226144831267894 0.30852810976369666 0.3647947712147144 0.42106143266573215 0.4773280941168458 0.5335947555678635 0.5898614170188813 0.6461280784698991 0.689592978243325 0.7193725052216499 0.7491520321999747 0.7789315591782997 0.8087110861566246 0.8384906131349494 0.8682701401132743 0.8980496670915992 0.927829194069924 0.9576087210482997 0.9873882480266245 1.0171677750049495 1.0369726635834224 1.046114438076653 1.0552562125698832 1.0643979870631137 1.0735397615563442 1.0826815360495747 1.091823310542805 1.1009650850360355 1.110106859529266 1.1192486340224965 1.1283904085157426 1.1375321830089729 1.1557824583359266 1.1837699271158275 1.2117573958957284 1.239744864675629 1.26773233345553 1.2957198022354308 1.3237072710153317 1.3516947397952326 1.3796822085751335 1.4076696773550341 1.435657146134935 1.4636446149148836 0.7170407228237982 0.7170407228237982 0.7170407228237982 0.7170407228237982 0.7170407228237982 0.7170407228237982 0.7170407228237982 0.7170407228237982 0.7170407228237982 0.7170407228237982 0.7170407228237982 0.7170407228237982
0.0 0.0 0.0 0.0 0.0 0.03814570026297478 0.11707001684256459 0.19599433342215442 0.2749186500017442 0.353842966581334 0.43276728316092383 0.5116915997405137 0.5906159163201035 0.6695402328998279 0.7484645494794177 0.8273888660590075 0.9063131826385973 0.9672806795782254 1.009051930159243 1.0508231807402608 1.0925944313212783 1.134365681902296 1.1761369324833137 1.2179081830643315 1.2596794336453492 1.3014506842263667 1.3432219348074557 1.3849931853884734 1.426764435969491 1.4545444260325522 1.4673674421063072 1.4801904581800625 1.4930134742538175 1.5058364903275725 1.5186595064013277 1.5314825224750828 1.5443055385488378 1.557128554622593 1.569951570696348 1.582774586770125 1.59559760284388 1.6211969625788287 1.6604545227269318 1.699712082875035 1.738969643023138 1.7782272031712412 1.8174847633193443 1.8567423234674474 1.8959998836155505 1.9352574437636536 1.9745150039117567 2.0137725640598596 2.0530301242080298 0.7170407228237982 0.7170407228237982 0.7170407228237982 0.7170407228237982 0.7170407228237982 0.7170407228237982 0.7170407228237982 0.7170407228237982 0.7170407228237982 0.7170407228237982 0.7170407228237982 0.7170407228237982
0.0 0.0 0.0 0.0 0.0 0.04909659801734157 0.15067856972550345 0.25226054143366533 0.35384251314182724 0.4554244848499891 0.5570064565581511 0.6585884282663129 0.7601703999744748 0.8617523716828099 0.9633343433909718 1.0649163150991336 1.1664982868072955 1.2449683809131258 1.2987313550968362 1.3524943292805467 1.4062573034642571 1.4600202776479674 1.5137832518316778 1.5675462260153883 1.6213092001990987 1.6750721743828092 1.7288351485666111 1.7825981227503216 1.836361096934032 1.8721161884816815 1.8886204461359615 1.9051247037902412 1.921628961444521 1.938133219098801 1.9546374767530807 1.9711417344073605 1.9876459920616403 2.00415024971592 2.0206545073702 2.037158765024508 2.053663022678788 2.0866114668217315 2.1371391183380366 2.187666769854342 2.2381944213706473 2.288722072886953 2.339249724403258 2.3897773759195635 2.4403050274358686 2.4908326789521738 2.5413603304684793 2.5918879819847844 2.642415633501176 0.7170407228237982 0.7170407228237982 0.7170407228237982 0.7170407228237982 0.7170407228237982 0.7170407228237982 0.7170407228237982 0.7170407228237982 0.7170407228237982 0.7170407228237982 0.7170407228237982 0.7170407228237982
0.0 0.0 0.0 0.0 0.0 0.06004749577170836 0.18428712260844232 0.3085267494451763 0.4327663762819103 0.5570060031186442 0.6812456299553782 0.8054852567921121 0.9297248836288461 1.053964510465792 1.1782041373025258 1.3024437641392599 1.426683390975994 1.5226560822480262 1.5884107800344294 1.6541654778208326 1.7199201756072358 1.785674873393639 1.8514295711800424 1.9171842689664453 1.9829389667528488 2.048693664539252 2.114448362325767 2.1802030601121705 2.245957757898574 2.2896879509308112 2.309873450165616 2.3300589494004202 2.350244448635225 2.3704299478700293 2.390615447104834 2.4108009463396383 2.430986445574443 2.4511719448092473 2.471357444044052 2.491542943278891 2.511728442513695 2.552025971064634 2.6138237139491416 2.6756214568336487 2.7374191997181563 2.799216942602664 2.8610146854871714 2.922812428371679 2.9846101712561866 3.046407914140694 3.1082056570252017 3.1700033999097093 3.231801142794322 0.7170407228237982 0.7170407228237982 0.7170407228237982 0.7170407228237982 0.7170407228237982 0.7170407228237982 0.7170407228237982 0.7170407228237982 0.7170407228237982 0.7170407228237982 0.7170407228237982 0.7170407228237982
0.0 0.0 0.0 0.0 0.0 0.07099839352608449 0.21789567549140984 0.36479295745673523 0.5116902394220606 0.658587521387386 0.8054848033527113 0.9523820853180367 1.099279367283362 1.246176649248938 1.3930739312142633 1.5399712131795886 1.686868495144914 1.8003437835831633 1.8780902049722694 1.9558366263613758 2.033583047750482 2.111329469139588 2.1890758905286942 2.2668223119178004 2.3445687333069065 2.4223151546960127 2.5000615760852516 2.5778079974743577 2.655554418863464 2.7072597133802967 2.7311264541956293 2.7549931950109614 2.778859935826294 2.802726676641626 2.8265934174569587 2.850460158272291 2.8743268990876234 2.8981936399029555 2.922060380718288 2.945927121533661 2.9697938623489937 3.017440475307933 3.0905083095606525 3.163576143813372 3.236643978066091 3.3097118123188105 3.38277964657153 3.455847480824249 3.5289153150769685 3.601983149329688 3.6750509835824072 3.7481188178351266 3.8211866520879703 0.7170407228237982 0.7170407228237982 0.7170407228237982 0.7170407228237982 0.7170407228237982 0.7170407228237982 0.7170407228237982 0.7170407228237982 0.7170407228237982 0.7170407228237982 0.7170407228237982 0.7170407228237982
0.0 0.0 0.0 0.0 0.0 0.08194929128045128 0.2515042283743487 0.4210591654682462 0.5906141025621436 0.760169039656041 0.9297239767499385 1.099278913843836 1.2688338509377333 1.43838878803192 1.6079437251258173 1.7774986622197149 1.9470535993136122 2.0780314849180637 2.1677696299098628 2.257507774901662 2.3472459198934605 2.4369840648852596 2.5267222098770588 2.6164603548688574 2.7061984998606565 2.7959366448524556 2.8856747898444075 2.9754129348362066 3.0651510798280057 3.1248314758294264 3.1523794582252838 3.1799274406211406 3.2074754230169975 3.235023405412855 3.2625713878087117 3.290119370204569 3.317667352600426 3.3452153349962828 3.37276331739214 3.400311299788044 3.427859282183901 3.4828549795508357 3.5671929051717575 3.651530830792679 3.7358687564136 3.820206682034522 3.9045446076554433 3.9888825332763647 4.0732204588972865 4.157558384518207 4.241896310139129 4.326234235760051 4.410572161381117 0.7170407228237982 0.7170407228237982 0.7170407228237982 0.7170407228237982 0.7170407228237982 0.7170407228237982 0.7170407228237982 0.7170407228237982 0.7170407228237982 0.7170407228237982 0.7170407228237982 0.7170407228237982
0.0 0.0 0.0 0.0 0.0 0.09290018903481807 0.28511278125728756 0.4773253734797571 0.6695379657022266 0.8617505579246961 1.0539631501471656 1.2461757423696351 1.4383883345921047 1.630600926814902 1.8228135190373715 2.015026111259841 2.2072387034823104 2.3557191862529643 2.457449054847456 2.5591789234419475 2.660908792036439 2.762638660630931 2.864368529225423 2.9660983978199145 3.067828266414406 3.1695581350088977 3.271288003603563 3.373017872198055 3.4747477407925467 3.5424032382785557 3.573632462254938 3.6048616862313194 3.636090910207701 3.667320134184083 3.6985493581604647 3.7297785821368468 3.7610078061132284 3.79223703008961 3.823466254065992 3.854695478042427 3.8859247020188086 3.948269483793738 4.0438775007828625 4.139485517771986 4.235093534761109 4.330701551750233 4.426309568739357 4.521917585728481 4.617525602717604 4.713133619706728 4.808741636695852 4.904349653684975 4.999957670674262 0.7170407228237982 0.7170407228237982 0.7170407228237982 0.7170407228237982 0.7170407228237982 0.7170407228237982 0.7170407228237982 0.7170407228237982 0.7170407228237982 0.7170407228237982 0.7170407228237982 0.7170407228237982
0.0 0.0 0.0 0.0 0.0 0.10385108678918487 0.31872133414022646 0.5335915814912681 0.7484618288423096 0.9633320761933513 1.1782023235443928 1.3930725708954343 1.607942818246476 1.822813065597884 2.037683312948926 2.252553560299967 2.467423807651009 2.6334068875878645 2.747128479785049 2.8608500719822336 2.9745716641794178 3.0882932563766023 3.202014848573787 3.3157364407709715 3.4294580329681557 3.5431796251653402 3.6569012173627184 3.770622809559903 3.8843444017570876 3.959975000727685 3.994885466284592 4.029795931841498 4.064706397398405 4.099616862955311 4.134527328512218 4.1694377940691245 4.20434825962603 4.239258725182937 4.274169190739844 4.3090796562968094 4.343990121853716 4.413683988036641 4.5205620963939666 4.627440204751293 4.734318313108619 4.841196421465945 4.948074529823271 5.0549526381805965 5.161830746537922 5.268708854895248 5.375586963252575 5.482465071609901 5.5893431799674085 0.7170407228237982 0.7170407228237982 0.7170407228237982 0.7170407228237982 0.7170407228237982 0.7170407228237982 0.7170407228237982 0.7170407228237982 0.7170407228237982 0.7170407228237982 0.7170407228237982 0.7170407228237982
0.0 0.0 0.0 0.0 0.0 0.11480198454355164 0.3523298870231653 0.589857789502779 0.8273856919823926 1.0649135944620063 1.30244149694162 1.5399693994212336 1.7774973019008473 2.015025204380866 2.25255310686048 2.4900810093400936 2.727608911819707 2.9110945889227646 3.036807904722642 3.1625212205225193 3.2882345363223964 3.413947852122274 3.539661167922151 3.665374483722028 3.7910877995219057 3.9168011153217828 4.042514431121875 4.168227746921752 4.293941062721629 4.377546763176815 4.4161384703142454 4.454730177451677 4.4933218845891085 4.531913591726539 4.570505298863971 4.609097006001402 4.647688713138833 4.6862804202762645 4.724872127413696 4.763463834551192 4.802055541688624 4.879098492279543 4.9972466920050715 5.1153948917306 5.233543091456128 5.351691291181655 5.469839490907184 5.587987690632712 5.70613589035824 5.8242840900837685 5.942432289809297 6.060580489534825 6.178728689260554 0.7170407228237982 0.7170407228237982 0.7170407228237982 0.7170407228237982 0.7170407228237982 0.7170407228237982 0.7170407228237982 0.7170407228237982 0.7170407228237982 0.7170407228237982 0.7170407228237982 0.7170407228237982
