Figures/CREST_Example_wjb_NSE/Rolling_result/20100722/BJP_forecast/ens_10/wjb.rain.20100724.asc
ncols            288
nrows            254
xllcorner        113.274861
yllcorner        31.4918055
cellsize         0.008333333333
NODATA_value     -9999
[rows 40 to 59 of 254, columns 0 to 44 of 288]
-9999.0 -9999.0 -9999.0 -9999.0 -9999.0 -9999.0 -9999.0 -9999.0 -9999.0 -9999.0 -9999.0 -9999.0 -9999.0 -9999.0 20.23339634545106 20.23339634545106 20.23339634545106 20.23339634545106 20.23339634545106 20.23339634545106 20.23339634545106 20.23339634545106 20.23339634545106 20.23339634545106 20.23339634545106 20.23339634545106 20.23339634545106 65.92561655525625 65.90152098740413 65.87742541955198 65.85332985169985 65.82923428384773 65.8051387159956 65.78104314814345 65.75694758029132 65.7328520124392 65.70875644458707 65.68466087673494 65.6605653088828 64.39368618711651 61.798243358810026 59.20280053050354 56.60735770219705 54.01191487389056 51.41647204558407
-9999.0 -9999.0 -9999.0 -9999.0 -9999.0 -9999.0 -9999.0 -9999.0 -9999.0 -9999.0 -9999.0 -9999.0 -9999.0 -9999.0 -9999.0 20.23339634545106 20.23339634545106 20.23339634545106 20.23339634545106 20.23339634545106 20.23339634545106 20.23339634545106 20.23339634545106 20.23339634545106 20.23339634545106 20.23339634545106 20.23339634545106 64.4995864329762 64.34691225817409 64.19423808337197 64.04156390856986 63.88888973376775 63.73621555896563 63.58354138416352 63.4308672093614 63.27819303455929 63.12551885975717 62.97284468495506 62.82017051015294 61.59932002709719 59.236564929306475 56.87380983151576 54.51105473372503 52.148299635934315 49.7855445381436
-9999.0 -9999.0 -9999.0 -9999.0 -9999.0 -9999.0 -9999.0 -9999.0 -9999.0 -9999.0 -9999.0 -9999.0 -9999.0 -9999.0 -9999.0 20.23339634545106 20.23339634545106 20.23339634545106 20.23339634545106 20.23339634545106 20.23339634545106 20.23339634545106 20.23339634545106 20.23339634545106 20.23339634545106 20.23339634545106 20.23339634545106 63.073556310696155 62.79230352894406 62.51105074719196 62.229797965439865 61.94854518368777 61.66729240193567 61.386039620183574 61.10478683843147 60.82353405667938 60.542281274927284 60.26102849317518 59.97977571142309 58.80495386707787 56.67488649980292 54.54481913252797 52.414751765253015 50.28468439797807 48.154617030703115
-9999.0 -9999.0 -9999.0 -9999.0 -9999.0 -9999.0 -9999.0 -9999.0 -9999.0 -9999.0 -9999.0 -9999.0 -9999.0 -9999.0 -9999.0 -9999.0 20.23339634545106 20.23339634545106 20.23339634545106 20.23339634545106 20.23339634545106 20.23339634545106 20.23339634545106 20.23339634545106 20.23339634545106 20.23339634545106 20.23339634545106 61.64752618841611 61.23769479971403 60.82786341101195 60.418032022309866 60.008200633607785 59.598369244905705 59.188537856203624 58.778706467501536 58.368875078799455 57.959043690097374 57.54921230139529 57.13938091269321 56.01058770705854 54.11320807029936 52.215828433540175 50.318448796781 48.421069160021815 46.52368952326263
-9999.0 -9999.0 -9999.0 -9999.0 -9999.0 -9999.0 -9999.0 -9999.0 -9999.0 -9999.0 -9999.0 -9999.0 -9999.0 -9999.0 -9999.0 -9999.0 -9999.0 20.23339634545106 20.23339634545106 20.23339634545106 20.23339634545106 20.23339634545106 20.23339634545106 20.23339634545106 20.23339634545106 20.23339634545106 20.23339634545106 60.22149606613606 59.683086070483995 59.144676074831935 58.60626607917987 58.0678560835278 57.52944608787574 56.99103609222367 56.45262609657161 55.914216100919546 55.375806105267486 54.83739610961542 54.29898611396336 53.21622154703922 51.551529640795806 49.886837734552394 48.22214582830898 46.55745392206557 44.89276201582216
-9999.0 -9999.0 -9999.0 -9999.0 -9999.0 -9999.0 -9999.0 -9999.0 -9999.0 -9999.0 -9999.0 -9999.0 -9999.0 -9999.0 -9999.0 -9999.0 -9999.0 20.23339634545106 20.23339634545106 20.23339634545106 20.23339634545106 20.23339634545106 20.23339634545106 20.23339634545106 20.23339634545106 20.23339634545106 20.23339634545106 58.795465943856016 58.12847734125397 57.46148873865192 56.79450013604988 56.12751153344783 55.46052293084578 54.79353432824373 54.126545725641684 53.45955712303964 52.79256852043759 52.12557991783554 51.45859131523349 50.42185538701989 48.98985121129225 47.557847035564606 46.125842859836965 44.693838684109316 43.261834508381675
-9999.0 -9999.0 -9999.0 -9999.0 -9999.0 -9999.0 -9999.0 -9999.0 -9999.0 -9999.0 -9999.0 -9999.0 -9999.0 -9999.0 -9999.0 -9999.0 -9999.0 -9999.0 20.23339634545106 20.23339634545106 20.23339634545106 20.23339634545106 20.23339634545106 20.23339634545106 20.23339634545106 20.23339634545106 20.23339634545106 57.36943582157476 56.573868612022615 55.778301402470476 54.982734192918336 54.1871669833662 53.39159977381406 52.59603256426192 51.80046535470977 51.00489814515763 50.20933093560549 49.413763726053354 48.618196516501214 47.627489226998186 46.42817278178651 45.228856336574836 44.02953989136316 42.830223446151486 41.63090700093981
-9999.0 -9999.0 -9999.0 -9999.0 -9999.0 -9999.0 -9999.0 -9999.0 -9999.0 -9999.0 -9999.0 -9999.0 -9999.0 -9999.0 -9999.0 -9999.0 -9999.0 -9999.0 20.23339634545106 20.23339634545106 20.23339634545106 20.23339634545106 20.23339634545106 20.23339634545106 20.23339634545106 20.23339634545106 20.23339634545106 55.94340569929471 55.01925988279259 54.09511406629046 53.17096824978834 52.24682243328621 51.32267661678409 50.39853080028197 49.47438498377984 48.55023916727772 47.6260933507756 46.70194753427347 45.77780171777135 44.83312306697886 43.866494352282956 42.89986563758705 41.93323692289114 40.96660820819523 39.999979493499325
-9999.0 -9999.0 -9999.0 -9999.0 -9999.0 -9999.0 -9999.0 -9999.0 -9999.0 -9999.0 -9999.0 -9999.0 -9999.0 -9999.0 -9999.0 -9999.0 -9999.0 -9999.0 -9999.0 20.23339634545106 20.23339634545106 20.23339634545106 20.23339634545106 20.23339634545106 20.23339634545106 20.23339634545106 20.23339634545106 54.51737557701466 53.464651153562556 52.41192673011045 51.35920230665834 50.306477883206234 49.25375345975413 48.20102903630202 47.14830461284991 46.09558018939781 45.0428557659457 43.99013134249359 42.937406919041486 42.038756906959534 41.3048159227794 40.57087493859926 39.83693395441912 39.10299297023899 38.36905198605885
-9999.0 -9999.0 -9999.0 -9999.0 -9999.0 -9999.0 -9999.0 -9999.0 -9999.0 -9999.0 -9999.0 -9999.0 -9999.0 -9999.0 -9999.0 -9999.0 -9999.0 -9999.0 -9999.0 20.23339634545106 20.23339634545106 20.23339634545106 20.23339634545106 20.23339634545106 20.23339634545106 20.23339634545106 20.23339634545106 54.16163695813562 53.016365755208824 51.871094552282024 50.725823349355224 49.58055214642843 48.43528094350163 47.29000974057483 46.14473853764804 44.99946733472124 43.85419613179444 42.708924928867646 41.563653725940846 40.663589239303334 40.02565627415311 39.38772330900288 38.74979034385265 38.111857378702425 37.4739244135522
-9999.0 -9999.0 -9999.0 -9999.0 -9999.0 -9999.0 -9999.0 -9999.0 -9999.0 -9999.0 -9999.0 -9999.0 -9999.0 -9999.0 -9999.0 -9999.0 -9999.0 -9999.0 -9999.0 -9999.0 -9999.0 -9999.0 -9999.0 20.23339634545106 20.23339634545106 20.23339634545106 20.23339634545106 54.949972469248564 53.75067023843422 52.55136800761987 51.35206577680552 50.15276354599117 48.953461315176824 47.75415908436248 46.55485685354813 45.35555462273378 44.15625239191944 42.956950161105084 41.75764793029074 40.80545527253786 40.11742833316725 39.42940139379663 38.74137445442602 38.05334751505541 37.36532057568479
-9999.0 -9999.0 -9999.0 -9999.0 -9999.0 -9999.0 -9999.0 -9999.0 -9999.0 -9999.0 -9999.0 -9999.0 -9999.0 -9999.0 -9999.0 -9999.0 -9999.0 -9999.0 -9999.0 -9999.0 -9999.0 -9999.0 -9999.0 20.23339634545106 20.23339634545106 20.23339634545106 20.23339634545106 55.73830798036152 54.48497472165962 53.23164146295772 51.97830820425582 50.724974945553924 49.471641686852024 48.218308428150124 46.96497516944822 45.71164191074632 44.45830865204442 43.20497539334253 41.95164213464063 40.947321305772384 40.20920039218139 39.47107947859038 38.732958564999386 37.99483765140839 37.256716737817385
-9999.0 -9999.0 -9999.0 -9999.0 -9999.0 -9999.0 -9999.0 -9999.0 -9999.0 -9999.0 -9999.0 -9999.0 -9999.0 -9999.0 -9999.0 -9999.0 -9999.0 -9999.0 -9999.0 -9999.0 -9999.0 -9999.0 -9999.0 -9999.0 -9999.0 20.23339634545106 20.23339634545106 56.526643491474466 55.21927920488502 53.911914918295565 52.60455063170612 51.29718634511667 49.98982205852722 48.68245777193777 47.375093485348316 46.06772919875887 44.76036491216942 43.453000625579975 42.14563633899052 41.08918733900691 40.30097245119553 39.512757563384135 38.72454267557275 37.936327787761364 37.14811289994998
-9999.0 -9999.0 -9999.0 -9999.0 -9999.0 -9999.0 -9999.0 -9999.0 -9999.0 -9999.0 -9999.0 -9999.0 -9999.0 -9999.0 -9999.0 -9999.0 -9999.0 -9999.0 -9999.0 -9999.0 -9999.0 -9999.0 -9999.0 -9999.0 -9999.0 20.23339634545106 20.23339634545106 57.314979002588096 55.953583688111046 54.592188373633995 53.23079305915695 51.8693977446799 50.50800243020286 49.14660711572581 47.785211801248764 46.42381648677171 45.06242117229466 43.70102585781762 42.33963054334057 41.23105337224155 40.39274451020974 39.55443564817792 38.716126786146106 37.87781792411429 37.03950906208247
-9999.0 -9999.0 -9999.0 -9999.0 -9999.0 -9999.0 -9999.0 -9999.0 -9999.0 -9999.0 -9999.0 -9999.0 -9999.0 -9999.0 -9999.0 -9999.0 -9999.0 -9999.0 -9999.0 -9999.0 -9999.0 -9999.0 -9999.0 -9999.0 -9999.0 20.23339634545106 20.23339634545106 58.103314513701044 56.687888171336446 55.27246182897185 53.85703548660725 52.44160914424265 51.02618280187805 49.61075645951345 48.195330117148856 46.77990377478426 45.36447743241966 43.949051090055065 42.53362474769047 41.372919405476075 40.48451656922387 39.59611373297167 38.70771089671947 37.81930806046727 36.93090522421507
-9999.0 -9999.0 -9999.0 -9999.0 -9999.0 -9999.0 -9999.0 -9999.0 -9999.0 -9999.0 -9999.0 -9999.0 -9999.0 -9999.0 -9999.0 -9999.0 -9999.0 -9999.0 -9999.0 -9999.0 20.23339634545106 20.23339634545106 20.23339634545106 20.23339634545106 20.23339634545106 20.23339634545106 20.23339634545106 58.89165002481399 57.42219265456184 55.952735284309696 54.483277914057545 53.013820543805394 51.54436317355325 50.0749058033011 48.60544843304895 47.135991062796805 45.666533692544654 44.1970763222925 42.72761895204036 41.5147854387106 40.57628862823801 39.637791817765425 38.69929500729283 37.76079819682025 36.82230138634766
-9999.0 -9999.0 -9999.0 -9999.0 -9999.0 -9999.0 -9999.0 -9999.0 -9999.0 -9999.0 -9999.0 -9999.0 -9999.0 -9999.0 -9999.0 -9999.0 -9999.0 -9999.0 -9999.0 20.23339634545106 20.23339634545106 20.23339634545106 20.23339634545106 20.23339634545106 20.23339634545106 20.23339634545106 20.23339634545106 59.67998553592694 58.15649713778724 56.63300873964754 55.10952034150784 53.58603194336814 52.062543545228436 50.53905514708874 49.01556674894904 47.49207835080934 45.96858995266964 44.44510155452994 42.92161315639024 41.65665147194512 40.668060687252144 39.67946990255917 38.690879117866196 37.70228833317322 36.71369754848025
-9999.0 -9999.0 -9999.0 -9999.0 -9999.0 -9999.0 -9999.0 -9999.0 -9999.0 -9999.0 -9999.0 -9999.0 -9999.0 -9999.0 -9999.0 -9999.0 -9999.0 20.23339634545106 20.23339634545106 20.23339634545106 20.23339634545106 20.23339634545106 20.23339634545106 20.23339634545106 20.23339634545106 20.23339634545106 20.23339634545106 60.46832104703989 58.89080162101264 57.31328219498539 55.73576276895814 54.15824334293089 52.58072391690364 51.003204490876385 49.425685064849134 47.84816563882188 46.27064621279463 44.69312678676738 43.11560736074013 41.79851750517964 40.759832746266284 39.72114798735292 38.68246322843956 37.643778469526204 36.60509371061284
-9999.0 -9999.0 -9999.0 -9999.0 -9999.0 -9999.0 -9999.0 -9999.0 -9999.0 -9999.0 -9999.0 -9999.0 -9999.0 -9999.0 -9999.0 20.23339634545106 20.23339634545106 20.23339634545106 20.23339634545106 20.23339634545106 20.23339634545106 20.23339634545106 20.23339634545106 20.23339634545106 20.23339634545106 20.23339634545106 20.23339634545106 61.25665655815285 59.62510610423804 57.993555650323245 56.36200519640844 54.730454742493635 53.09890428857884 51.46735383466403 49.83580338074923 48.20425292683443 46.57270247291963 44.941152019004825 43.30960156509002 41.94038353841417 40.851604805280424 39.76282607214667 38.67404733901293 37.58526860587918 36.496489872745435
-9999.0 -9999.0 -9999.0 -9999.0 -9999.0 -9999.0 -9999.0 -9999.0 -9999.0 -9999.0 -9999.0 -9999.0 -9999.0 -9999.0 20.23339634545106 20.23339634545106 20.23339634545106 20.23339634545106 20.23339634545106 20.23339634545106 20.23339634545106 20.23339634545106 20.23339634545106 20.23339634545106 20.23339634545106 20.23339634545106 20.23339634545106 62.04499206926646 60.35941058746407 58.67382910566167 56.988247623859266 55.30266614205687 53.61708466025447 51.931503178452076 50.245921696649674 48.56034021484727 46.87475873304488 45.189177251242484 43.50359576944008 42.082249571648816 40.943376864294635 39.80450415694046 38.665631449586286 37.52675874223211 36.38788603487794
