Figures/CREST_Example_wjb_NSE/Rolling_result/20100722/BJP_forecast/ens_10/wjb.rain.20100726.asc
ncols            288
nrows            254
xllcorner        113.274861
yllcorner        31.4918055
cellsize         0.008333333333
NODATA_value     -9999
[rows 160 to 179 of 254, columns 47 to 93 of 288]
0.22714265350106677 0.17858827151125417 0.13003388952144157 0.08147950753162891 0.05412113027639734 0.04942176116441059 0.04472239205243185 0.04002302294045311 0.035323653828474376 0.03062428471649564 0.0259249156045169 0.021225546492538168 0.016526177380559427 0.011826808268580694 0.007127439156601953 0.0024280700446232192 0.025979451928373327 0.07973152522116099 0.13348359851404032 0.18723567180682799 0.24098774509961562 0.2947398183924033 0.34849189168519096 0.4022439649779786 0.4559960382707663 0.5097481115635539 0.5635001848563416 0.6172522581491292 0.6190454276368648 0.5652933543440695 0.5115412810512742 0.4577892077583873 0.404037134465592 0.3502850611727966 0.2965329878800013 0.24278091458720602 0.18902884129441072 0.13527676800161548 0.08152469470882018 0.02777262141602488 0.0 0.0 0.0 0.0 0.0 0.0 0.0
0.24823939246025034 0.198289502266072 0.1483396120718936 0.09838972187771533 0.06965826710947308 0.06360979940052096 0.05756133169157915 0.05151286398263734 0.04546439627369553 0.03941592856475372 0.033367460855811916 0.027318993146870106 0.021270525437928296 0.015222057728986493 0.009173590020044683 0.0031251223111028736 0.027241235959068542 0.08360396893338418 0.13996670190779592 0.19632943488211155 0.2526921678564272 0.3090549008307428 0.36541763380505843 0.421780366779374 0.4781430997536897 0.5345058327280053 0.5908685657023209 0.6472312986766365 0.6491115597870204 0.5927488268126967 0.5363860938383731 0.48002336086395336 0.4236606278896297 0.36729789491530607 0.3109351619409824 0.2545724289666588 0.19820969599233518 0.14184696301801158 0.08548423004368788 0.02912149706936429 0.0 0.0 0.0 0.0 0.0 0.0 0.0
0.26933613141943397 0.21799073302088984 0.16664533462234576 0.11529993622380164 0.0851954039425488 0.07779783763663131 0.07040027133072643 0.06300270502482155 0.05560513871891668 0.0482075724130118 0.04081000610710692 0.03341243980120204 0.02601487349529716 0.01861730718939228 0.0112197408834874 0.003822174577582521 0.028503019989763758 0.08747641264560735 0.14644980530155152 0.2054231979573951 0.2643965906132387 0.3233699832690823 0.3823433759249259 0.44131676858076946 0.5002901612366131 0.5592635538924566 0.6182369465483003 0.6772103392041439 0.6791776919371759 0.6202042992813239 0.561230906625472 0.5022575139695195 0.4432841213136675 0.3843107286578155 0.3253373360019636 0.2663639433461116 0.20739055069025958 0.14841715803440758 0.0894437653785557 0.030470372722703698 0.0 0.0 0.0 0.0 0.0 0.0 0.0
0.29043287037863547 0.23769196377572444 0.18495105717281346 0.13221015056990248 0.10073254077563779 0.09198587587275377 0.08323921096988467 0.07449254606701557 0.06574588116414647 0.056999216261277366 0.048252551358408266 0.039505886455539166 0.030759221552670066 0.022012556649800966 0.013265891746931865 0.004519226844062765 0.029764804020460046 0.09134885635783382 0.15293290869531262 0.21451696103268642 0.2761010133700602 0.33768506570743395 0.39926911804480775 0.46085317038218154 0.5224372227195553 0.5840212750569291 0.6456053273943029 0.7071893797316766 0.7092438240873571 0.6476597717499746 0.5860757194125921 0.5244916670751045 0.4629076147377219 0.4013235624003394 0.3397395100629569 0.2781554577255743 0.21657140538819175 0.15498735305080924 0.09340330071342673 0.03181924837604422 0.0 0.0 0.0 0.0 0.0 0.0 0.0
0.3115296093378191 0.2573931945305423 0.2032567797232656 0.1491203649159889 0.11626967760871353 0.10617391410886413 0.09607815060903196 0.0859823871091998 0.07588662360936763 0.06579086010953544 0.055695096609703273 0.045599333109871104 0.035503569610038935 0.025407806110206765 0.015312042610374596 0.005216279110542413 0.03102658805115526 0.09522130007005701 0.15941601208906822 0.22361072410796998 0.2878054361268717 0.35200014814577346 0.4161948601646752 0.480389572183577 0.5445842842024787 0.6087789962213804 0.6729737082402822 0.7371684202591839 0.7393099562375127 0.6751152442186018 0.6109205321996909 0.5467258201806706 0.4825311081617597 0.41833639614284884 0.354141684123938 0.28994697210502707 0.22575226008611626 0.16155754806720535 0.09736283604829443 0.03316812402938363 0.0 0.0 0.0 0.0 0.0 0.0 0.0
0.3326263482970026 0.2770944252853601 0.22156250227371765 0.1660305792620752 0.13180681444178924 0.12036195234497449 0.10891709024817925 0.09747222815138401 0.08602736605458876 0.07458250395779352 0.06313764186099828 0.05169277976420303 0.04024791766740779 0.02880305557061255 0.0173581934738173 0.005913331377022074 0.032288372081850474 0.09909374378228018 0.16589911548282382 0.23270448718325354 0.29950985888368326 0.36631523058411297 0.4331206022845427 0.4999259739849724 0.5667313456854021 0.6335367173858318 0.7003420890862615 0.7671474607866913 0.7693760883876681 0.7025707166872289 0.6357653449867897 0.5689599732862366 0.5021546015857974 0.43534922988535824 0.368543858184919 0.3017384864844798 0.23493311478404055 0.16812774308360146 0.10132237138316225 0.03451699968272304 0.0 0.0 0.0 0.0 0.0 0.0 0.0
0.3537230872561863 0.2967956560401781 0.2398682248241698 0.18294079360816162 0.147343951274865 0.13454999058108486 0.12175602988732655 0.10896206919356824 0.09616810849980992 0.08337414780605161 0.07058018711229329 0.05778622641853498 0.04499226572477666 0.03219830503101834 0.019404344337260016 0.006610383643501722 0.033550156112545686 0.10296618749450336 0.1723822188765794 0.24179825025853707 0.31121428164049475 0.3806303130224524 0.4500463444044101 0.5194623757863678 0.5888784071683254 0.6582944385502831 0.7277104699322408 0.7971265013141985 0.7994422205378238 0.7300261891558562 0.6606101577738887 0.5911941263918027 0.5217780950098352 0.4523620636278676 0.38294603224590007 0.31353000086393257 0.24411396948196495 0.17469793809999745 0.10528190671802984 0.035865875336062336 0.0 0.0 0.0 0.0 0.0 0.0 0.0
0.37481982621536974 0.31649688679499577 0.25817394737462185 0.19985100795424793 0.16288108810794072 0.14873802881719522 0.13459496952647385 0.12045191023575245 0.10630885094503106 0.09216579165430969 0.0780227323635883 0.06387967307286692 0.04973661378214553 0.03559355449142415 0.021450495200702774 0.007307435909981369 0.034811940143240905 0.10683863120672656 0.17886532227033503 0.25089201333382066 0.3229187043973063 0.39494539546079194 0.4669720865242776 0.5389987775877633 0.6110254686512488 0.6830521597147345 0.7550788507782202 0.8271055418417058 0.8295083526879793 0.7574816616244834 0.6854549705609876 0.6134282794973689 0.541401588433873 0.4693748973703771 0.3973482063068812 0.3253215152433854 0.25329482417988947 0.18126813311639356 0.10924144205289776 0.03721475098940186 0.0 0.0 0.0 0.0 0.0 0.0 0.0
0.3959165651745533 0.33619811754981366 0.276479669925074 0.21676122230033423 0.17841822494101647 0.1629260670533056 0.14743390916562116 0.13194175127793667 0.11644959339025222 0.10095743550256778 0.08546527761488332 0.06997311972719886 0.0544809618395144 0.03898880395182994 0.023496646064145477 0.008004488176461044 0.03607372417393612 0.11071107491894971 0.1853484256640906 0.2599857764091042 0.3346231271541178 0.4092604778991314 0.483897828644145 0.5585351793891586 0.6331725301341722 0.7078098808791858 0.7824472316241994 0.857084582369213 0.8595744848381348 0.7849371340931106 0.7102997833480864 0.6356624326029349 0.5610250818579107 0.48638773111288647 0.41175038036786227 0.33711302962283807 0.26247567887781387 0.18783832813278967 0.11320097738776547 0.03856362664274127 0.0 0.0 0.0 0.0 0.0 0.0 0.0
0.16561884966095802 0.16561884966095802 0.16561884966095802 0.16561884966095802 0.16561884966095802 0.16561884966095802 0.16561884966095802 0.16561884966095802 0.16561884966095802 0.16561884966095802 0.16561884966095802 0.16561884966095802 0.16561884966095802 0.16561884966095802 0.16561884966095802 0.16561884966095802 0.035432057677430066 0.10874178593661092 0.1820515141959168 0.25536124245509767 0.32867097071427853 0.4019806989734594 0.4752904272326402 0.5486001554918211 0.621909883751002 0.6952196120101828 0.7685293402693637 0.8418390685285445 0.8445611833167267 0.7718235435601323 0.6990859038035379 0.6263482640468194 0.553610624290225 0.4808729845336306 0.4081353447770362 0.33539770502044175 0.26266006526384733 0.18992242550725302 0.1171847857506586 0.044447145994064186 0.00714822296848203 0.007734089349107224 0.008319955729732417 0.008905822110357611 0.009491688490983804 0.010077554871608998 0.010663421252234191
0.16561884966095802 0.16561884966095802 0.16561884966095802 0.16561884966095802 0.16561884966095802 0.16561884966095802 0.16561884966095802 0.16561884966095802 0.16561884966095802 0.16561884966095802 0.16561884966095802 0.16561884966095802 0.16561884966095802 0.16561884966095802 0.16561884966095802 0.16561884966095802 0.0327557225501492 0.10052805293372094 0.16830038331740824 0.23607271370097999 0.3038450440845517 0.3716173744681235 0.4393897048516952 0.5071620352352669 0.5749343656188387 0.6427066960024105 0.7104790263859821 0.7782513567695539 0.7813608087540835 0.7153441819237344 0.6493275550933852 0.5833109282629235 0.5172943014325744 0.45127767460222523 0.3852610477718761 0.31924442094152694 0.2532277941111778 0.18721116728082865 0.1211945404504795 0.05517791362013036 0.021937445706549562 0.023735432698970865 0.025533419691392167 0.027331406683813474 0.02912939367623784 0.030927380668659146 0.03272536766108045
0.16561884966095802 0.16561884966095802 0.16561884966095802 0.16561884966095802 0.16561884966095802 0.16561884966095802 0.16561884966095802 0.16561884966095802 0.16561884966095802 0.16561884966095802 0.16561884966095802 0.16561884966095802 0.16561884966095802 0.16561884966095802 0.16561884966095802 0.16561884966095802 0.030079387422870602 0.09231431993083794 0.1545492524389114 0.21678418494687876 0.2790191174548461 0.34125404996281344 0.40348898247078074 0.4657239149787481 0.5279588474867154 0.5901937799946828 0.6524287125026501 0.7146636450106174 0.7181604341914942 0.6588648202873846 0.599569206383275 0.5402735924790643 0.4809779785749547 0.4216823646708451 0.3623867507667355 0.3030911368626259 0.24379552295851625 0.18449990905440672 0.12520429515029707 0.06590868124618743 0.03672666844460449 0.03973677604882087 0.042746883653037256 0.04575699125725364 0.04876709886147516 0.05177720646569153 0.054787314069907916
0.16561884966095802 0.16561884966095802 0.16561884966095802 0.16561884966095802 0.16561884966095802 0.16561884966095802 0.16561884966095802 0.16561884966095802 0.16561884966095802 0.16561884966095802 0.16561884966095802 0.16561884966095802 0.16561884966095802 0.16561884966095802 0.16561884966095802 0.16561884966095802 0.02740305229559201 0.08410058692795494 0.14079812156041457 0.1974956561927775 0.25419319082514047 0.3108907254575034 0.36758826008986634 0.42428579472222927 0.4809833293545922 0.5376808639869551 0.5943783986193181 0.651075933251681 0.6549600596289049 0.6023854586510349 0.5498108576731647 0.497236256695205 0.44466165571733496 0.39208705473946487 0.3395124537615948 0.2869378527837247 0.2343632518058546 0.1817886508279845 0.12921404985011442 0.07663944887224439 0.05151589118265941 0.05573811939867086 0.05996034761468232 0.06418257583069378 0.06840480404671244 0.07262703226272389 0.07684926047873536
0.16561884966095802 0.16561884966095802 0.16561884966095802 0.16561884966095802 0.16561884966095802 0.16561884966095802 0.16561884966095802 0.16561884966095802 0.16561884966095802 0.16561884966095802 0.16561884966095802 0.16561884966095802 0.16561884966095802 0.16561884966095802 0.16561884966095802 0.16561884966095802 0.02472671716831341 0.07588685392507194 0.12704699068191772 0.17820712743867623 0.22936726419543477 0.2805274009521933 0.3316875377089518 0.38284767446571033 0.4340078112224689 0.4851679479792274 0.5363280847359859 0.5874882214927445 0.5917596850663155 0.545906097014685 0.5000525089630544 0.4541989209113457 0.4083453328597152 0.3624917448080846 0.31663815675645407 0.27078456870482354 0.224930980653193 0.17907739260156247 0.13322380454993193 0.08737021649830146 0.06630511392071434 0.07173946274852087 0.07717381157632741 0.08260816040413395 0.08804250923194976 0.09347685805975628 0.09891120688756283
0.16561884966095802 0.16561884966095802 0.16561884966095802 0.16561884966095802 0.16561884966095802 0.16561884966095802 0.16561884966095802 0.16561884966095802 0.16561884966095802 0.16561884966095802 0.16561884966095802 0.16561884966095802 0.16561884966095802 0.16561884966095802 0.16561884966095802 0.16561884966095802 0.02205038204103482 0.06767312092218895 0.11329585980342088 0.15891859868457503 0.20454133756572915 0.25016407644688327 0.2957868153280374 0.34140955420919156 0.3870322930903457 0.43265503197149985 0.47827777085265394 0.5239005097338081 0.5285593105037262 0.4894267353783352 0.45029416025294416 0.41116158512748646 0.37202901000209543 0.3328964348767044 0.2937638597513134 0.25463128462592244 0.2154987095005314 0.17636613437514043 0.1372335592497494 0.09810098412435841 0.08109433665876925 0.08774080609837087 0.09438727553797248 0.10103374497757409 0.10768021441718705 0.11432668385678865 0.12097315329639027
0.16561884966095802 0.16561884966095802 0.16561884966095802 0.16561884966095802 0.16561884966095802 0.16561884966095802 0.16561884966095802 0.16561884966095802 0.16561884966095802 0.16561884966095802 0.16561884966095802 0.16561884966095802 0.16561884966095802 0.16561884966095802 0.16561884966095802 0.16561884966095802 0.019374046913756226 0.05945938791930595 0.09954472892492403 0.13963006993047375 0.17971541093602347 0.2198007519415732 0.25988609294712295 0.2999714339526727 0.3400567749582224 0.3801421159637721 0.42022745696932184 0.46031279797487157 0.4653589359411368 0.43294737374198533 0.4005358115428339 0.36812424934362714 0.33571268714447566 0.30330112494532424 0.27088956274617276 0.23847800054702128 0.2060664383478698 0.17365487614871838 0.1412433139495669 0.10883175175041543 0.09588355939682416 0.10374214944822086 0.11160073949961755 0.11945932955101424 0.12731791960242433 0.13517650965382103 0.14303509970521772
0.16561884966095802 0.16561884966095802 0.16561884966095802 0.16561884966095802 0.16561884966095802 0.16561884966095802 0.16561884966095802 0.16561884966095802 0.16561884966095802 0.16561884966095802 0.16561884966095802 0.16561884966095802 0.16561884966095802 0.16561884966095802 0.16561884966095802 0.16561884966095802 0.016697711786475354 0.05124565491641596 0.08579359804641548 0.12034154117635609 0.1548894843062967 0.18943742743623732 0.22398537056617793 0.25853331369611854 0.2930812568260591 0.32762919995599976 0.36217714308594035 0.396725086215881 0.4021585613784936 0.3764680121055874 0.3507774628326812 0.3250869135597312 0.299396364286825 0.2737058150139188 0.24801526574101257 0.22232471646810636 0.19663416719520016 0.17094361792229398 0.14525306864938775 0.11956251937648155 0.1106727821348917 0.11974349279808451 0.1288142034612773 0.13788491412447013 0.14695562478767837 0.1560263354508712 0.165097046114064
0.16561884966095802 0.16561884966095802 0.16561884966095802 0.16561884966095802 0.16561884966095802 0.16561884966095802 0.16561884966095802 0.16561884966095802 0.16561884966095802 0.16561884966095802 0.16561884966095802 0.16561884966095802 0.16561884966095802 0.16561884966095802 0.16561884966095802 0.16561884966095802 0.014021376659196757 0.04303192191353296 0.07204246716791862 0.10105301242225483 0.13006355767659103 0.15907410293092722 0.1880846481852634 0.21709519343959963 0.24610573869393582 0.27511628394827203 0.3041268292026082 0.3331373744569444 0.3389581868159042 0.3199886504692376 0.30101911412257093 0.2820495777758719 0.26308004142920527 0.24411050508253856 0.22514096873587192 0.20617143238920524 0.1872018960425386 0.1682323596958719 0.14926282334920524 0.1302932870025386 0.12546200487294662 0.1357448361479345 0.1460276674229224 0.15631049869791028 0.16659332997291568 0.17687616124790356 0.18715899252289145
0.16561884966095802 0.16561884966095802 0.16561884966095802 0.16561884966095802 0.16561884966095802 0.16561884966095802 0.16561884966095802 0.16561884966095802 0.16561884966095802 0.16561884966095802 0.16561884966095802 0.16561884966095802 0.16561884966095802 0.16561884966095802 0.16561884966095802 0.16561884966095802 0.011345041531918162 0.03481818891064996 0.058291336289421784 0.08176448366815359 0.10523763104688538 0.12871077842561718 0.15218392580434897 0.17565707318308077 0.19913022056181257 0.22260336794054436 0.24607651531927616 0.26954966269800795 0.27575781225331486 0.26350928883288777 0.2512607654124606 0.2390122419920126 0.22676371857158548 0.21451519515115836 0.2022666717307312 0.1900181483103041 0.17776962488987696 0.16552110146944982 0.1532725780490227 0.14102405462859557 0.14025122761100153 0.15174617949778452 0.16324113138456747 0.17473608327135043 0.18623103515815298 0.19772598704493594 0.2092209389317189
0.16561884966095802 0.16561884966095802 0.16561884966095802 0.16561884966095802 0.16561884966095802 0.16561884966095802 0.16561884966095802 0.16561884966095802 0.16561884966095802 0.16561884966095802 0.16561884966095802 0.16561884966095802 0.16561884966095802 0.16561884966095802 0.16561884966095802 0.16561884966095802 0.00866870640463957 0.026604455907766965 0.044540205410924946 0.06247595491405234 0.08041170441717974 0.09834745392030714 0.11628320342343453 0.1342189529265619 0.15215470242968931 0.17009045193281672 0.18802620143594412 0.20596195093907152 0.21255743769072558 0.20702992719653798 0.2015024167023504 0.19597490620815336 0.19044739571396577 0.18491988521977817 0.17939237472559058 0.173864864231403 0.1683373537372154 0.16280984324302777 0.15728233274884018 0.1517548222546526 0.15504045034905647 0.1677475228476345 0.18045459534621255 0.19316166784479058 0.20586874034339028 0.2185758128419683 0.23128288534054636
