Figures/CREST_Example_wjb_NSE/Rolling_result/20100722/BJP_forecast/ens_10/wjb.rain.20100725.asc
ncols            288
nrows            254
xllcorner        113.274861
yllcorner        31.4918055
cellsize         0.008333333333
NODATA_value     -9999
[rows 140 to 159 of 254, columns 0 to 44 of 288]
-9999.0 8.01778500301039 8.01778500301039 8.01778500301039 8.01778500301039 8.01778500301039 8.01778500301039 8.01778500301039 8.01778500301039 8.01778500301039 8.01778500301039 8.01778500301039 8.01778500301039 8.01778500301039 8.01778500301039 4.21461874103709 4.10180854387609 3.9889983467150896 3.876188149554089 3.7633779523930886 3.650567755232088 3.537757558071088 3.4249473609100876 3.312137163749087 3.1993269665880866 3.086516769427086 2.9737065722658933 2.9438563186500555 3.002692119441767 3.061527920233478 3.12036372102519 3.1791995218169014 3.2380353226086127 3.296871123400324 3.3557069241920354 3.414542724983747 3.473378525775458 3.53221432656717 3.5910501273588813 3.7000368421667607 3.8626360174884584 4.025235192810157 4.187834368131854 4.350433543453552 4.51303271877525
-9999.0 -9999.0 8.01778500301039 8.01778500301039 8.01778500301039 8.01778500301039 8.01778500301039 8.01778500301039 8.01778500301039 8.01778500301039 8.01778500301039 8.01778500301039 8.01778500301039 8.01778500301039 8.01778500301039 4.453720001975164 4.326803109997825 4.199886218020486 4.072969326043148 3.946052434065809 3.81913554208847 3.692218650111131 3.565301758133792 3.4383848661564533 3.3114679741791146 3.184551082201776 3.0576341902242206 3.021446652953327 3.0822508461972613 3.1430550394411956 3.2038592326851294 3.2646634259290637 3.325467619172998 3.3862718124169318 3.447076005660866 3.5078801989048003 3.568684392148734 3.6294885853926684 3.690292778636602 3.7841139807383573 3.913231111506532 4.0423482422747075 4.171465373042882 4.300582503811057 4.429699634579231
-9999.0 -9999.0 8.01778500301039 8.01778500301039 8.01778500301039 8.01778500301039 8.01778500301039 8.01778500301039 8.01778500301039 8.01778500301039 8.01778500301039 8.01778500301039 8.01778500301039 8.01778500301039 8.01778500301039 4.692821262913238 4.551797676119561 4.4107740893258836 4.269750502532206 4.128726915738529 3.9877033289448516 3.8466797421511743 3.705656155357497 3.56463256856382 3.4236089817701427 3.2825853949764654 3.141561808182548 3.0990369872565995 3.161809572952756 3.224582158648913 3.2873547443450697 3.350127330041226 3.4128999157373827 3.4756725014335395 3.538445087129696 3.601217672825853 3.6639902585220097 3.7267628442181664 3.789535429914323 3.868191119309954 3.963826205524606 4.059461291739257 4.155096377953909 4.250731464168561 4.346366550383213
-9999.0 -9999.0 8.01778500301039 8.01778500301039 8.01778500301039 8.01778500301039 8.01778500301039 8.01778500301039 8.01778500301039 8.01778500301039 8.01778500301039 8.01778500301039 8.01778500301039 8.01778500301039 8.01778500301039 4.931922523851312 4.776792242241296 4.62166196063128 4.466531679021265 4.311401397411249 4.156271115801233 4.001140834191218 3.846010552581202 3.690880270971186 3.535749989361171 3.380619707751155 3.2254894261408746 3.176627321559871 3.2413682997082507 3.30610927785663 3.370850256005009 3.4355912341533887 3.500332212301768 3.565073190450147 3.629814168598527 3.694555146746906 3.759296124895285 3.824037103043665 3.888778081192044 3.9522682578815505 4.014421299542679 4.076574341203808 4.1387273828649365 4.200880424526066 4.263033466187195
-9999.0 -9999.0 8.01778500301039 8.01778500301039 8.01778500301039 8.01778500301039 8.01778500301039 8.01778500301039 8.01778500301039 8.01778500301039 8.01778500301039 8.01778500301039 8.01778500301039 8.01778500301039 8.01778500301039 5.171023784789589 5.001786808363223 4.8325498319368565 4.66331285551049 4.494075879084125 4.324838902657759 4.155601926231393 3.9863649498050266 3.8171279733786605 3.6478909969522944 3.478654020525928 3.309417044099274 3.2542176558632097 3.320927026463813 3.3876363970644165 3.4543457676650204 3.521055138265624 3.5877645088662278 3.654473879466831 3.7211832500674347 3.7878926206680386 3.854601991268642 3.921311361869246 3.9880207324698493 4.0363453964532185 4.0650163935607955 4.093687390668372 4.12235838777595 4.151029384883527 4.179700381991105
-9999.0 -9999.0 8.01778500301039 8.01778500301039 8.01778500301039 8.01778500301039 8.01778500301039 8.01778500301039 8.01778500301039 8.01778500301039 8.01778500301039 8.01778500301039 8.01778500301039 8.01778500301039 8.01778500301039 5.360385263106115 5.186443540677914 5.012501818249712 4.838560095821511 4.664618373393309 4.490676650965108 4.316734928536906 4.142793206108705 3.9688514836805036 3.7949097612523026 3.6209680388241012 3.447026316395603 3.3892764745204107 3.455738378701071 3.522200282881732 3.5886621870623925 3.6551240912430534 3.721585995423714 3.7880478996043747 3.854509803785035 3.920971707965696 3.9874336121463565 4.053895516327017 4.120357420507678 4.160080982847524 4.171220653462071 4.182360324076618 4.193499994691165 4.204639665305712 4.215779335920258
8.01778500301039 8.01778500301039 8.01778500301039 8.01778500301039 8.01778500301039 8.01778500301039 8.01778500301039 8.01778500301039 8.01778500301039 8.01778500301039 8.01778500301039 8.01778500301039 8.01778500301039 8.01778500301039 8.01778500301039 5.496578049320501 5.3279816714886055 5.159385293656709 4.9907889158248135 4.822192537992918 4.6535961601610225 4.484999782329126 4.316403404497231 4.147807026665335 3.979210648833439 3.810614271001543 3.64201789316936 3.5857654802260575 3.6496113045368057 3.7134571288475535 3.777302953158302 3.8411487774690496 3.904994601779798 3.968840426090546 4.032686250401294 4.096532074712042 4.16037789902279 4.224223723333538 4.2880695476442865 4.326208949956035 4.336867606175196 4.347526262394356 4.358184918613517 4.368843574832678 4.3795022310518394
8.01778500301039 8.01778500301039 8.01778500301039 8.01778500301039 8.01778500301039 8.01778500301039 8.01778500301039 8.01778500301039 8.01778500301039 8.01778500301039 8.01778500301039 8.01778500301039 8.01778500301039 8.01778500301039 8.01778500301039 5.6327708355348864 5.469519802299296 5.306268769063706 5.143017735828116 4.979766702592526 4.816515669356936 4.653264636121346 4.490013602885756 4.326762569650166 4.163511536414576 4.0002605031789855 3.8370094699431174 3.782254485931704 3.84348423037254 3.9047139748133755 3.9659437192542106 4.027173463695046 4.088403208135881 4.1496329525767175 4.210862697017553 4.272092441458388 4.333322185899224 4.394551930340059 4.455781674780894 4.492336917064546 4.50251455888832 4.512692200712095 4.52286984253587 4.533047484359645 4.54322512618342
-9999.0 8.01778500301039 8.01778500301039 8.01778500301039 8.01778500301039 8.01778500301039 8.01778500301039 8.01778500301039 8.01778500301039 8.01778500301039 8.01778500301039 8.01778500301039 8.01778500301039 8.01778500301039 8.01778500301039 5.768963621749272 5.611057933109988 5.4531522444707035 5.295246555831419 5.137340867192135 4.97943517855285 4.821529489913566 4.663623801274282 4.505718112634997 4.3478124239957125 4.189906735356429 4.032001046716875 3.978743491637352 4.037357156208275 4.095970820779197 4.15458448535012 4.213198149921043 4.271811814491966 4.330425479062889 4.389039143633811 4.447652808204734 4.506266472775657 4.56488013734658 4.623493801917503 4.658464884173057 4.668161511601445 4.6778581390298335 4.687554766458223 4.697251393886611 4.706948021314999
-9999.0 8.01778500301039 8.01778500301039 8.01778500301039 8.01778500301039 8.01778500301039 8.01778500301039 8.01778500301039 8.01778500301039 8.01778500301039 8.01778500301039 8.01778500301039 8.01778500301039 8.01778500301039 8.01778500301039 5.905156407963658 5.75259606392068 5.600035719877701 5.447475375834722 5.294915031791743 5.142354687748765 4.9897943437057855 4.837233999662807 4.684673655619828 4.5321133115768495 4.37955296753387 4.226992623490632 4.175232497342998 4.231230082044008 4.287227666745019 4.343225251446029 4.39922283614704 4.4552204208480495 4.511218005549059 4.56721559025007 4.62321317495108 4.67921075965209 4.735208344353101 4.791205929054111 4.824592851281567 4.83380846431457 4.843024077347573 4.852239690380575 4.861455303413577 4.8706709164465805
-9999.0 -9999.0 8.01778500301039 8.01778500301039 8.01778500301039 8.01778500301039 8.01778500301039 8.01778500301039 8.01778500301039 8.01778500301039 8.01778500301039 8.01778500301039 8.01778500301039 8.01778500301039 8.01778500301039 6.04134919417816 5.894134194731492 5.746919195284823 5.599704195838155 5.452489196391486 5.305274196944818 5.158059197498149 5.010844198051481 4.863629198604812 4.716414199158143 4.569199199711475 4.421984200264555 4.371721503048812 4.425103007879908 4.478484512711003 4.531866017542099 4.585247522373194 4.63862902720429 4.692010532035385 4.74539203686648 4.798773541697576 4.852155046528671 4.905536551359767 4.958918056190862 4.99072081839022 4.9994554170278365 5.008190015665452 5.016924614303068 5.025659212940684 5.0343938115783
-9999.0 -9999.0 -9999.0 -9999.0 -9999.0 -9999.0 8.01778500301039 8.01778500301039 8.01778500301039 8.01778500301039 8.01778500301039 8.01778500301039 8.01778500301039 8.01778500301039 8.01778500301039 6.177541980392546 6.035672325542183 5.89380267069182 5.751933015841458 5.610063360991095 5.468193706140732 5.326324051290369 5.184454396440007 5.042584741589644 4.900715086739281 4.7588454318889175 4.616975777038313 4.56821050875446 4.618975933715643 4.669741358676826 4.720506783638009 4.771272208599191 4.822037633560374 4.872803058521557 4.92356848348274 4.974333908443922 5.025099333405105 5.075864758366288 5.126630183327471 5.156848785498731 5.165102369740961 5.173355953983191 5.181609538225421 5.18986312246765 5.198116706709881
-9999.0 -9999.0 -9999.0 -9999.0 -9999.0 8.01778500301039 8.01778500301039 8.01778500301039 8.01778500301039 8.01778500301039 8.01778500301039 8.01778500301039 8.01778500301039 8.01778500301039 8.01778500301039 6.313734766606932 6.177210456352874 6.0406861460988175 5.90416183584476 5.767637525590703 5.631113215336645 5.494588905082589 5.358064594828532 5.221540284574474 5.085015974320417 4.94849166406636 4.81196735381207 4.764699514460108 4.812848859551377 4.860998204642647 4.909147549733918 4.957296894825188 5.005446239916458 5.053595585007728 5.101744930098999 5.1498942751902685 5.198043620281538 5.246192965372809 5.294342310464079 5.322976752607242 5.330749322454086 5.338521892300929 5.346294462147773 5.354067031994617 5.361839601841461
-9999.0 -9999.0 -9999.0 -9999.0 8.01778500301039 8.01778500301039 8.01778500301039 8.01778500301039 8.01778500301039 8.01778500301039 8.01778500301039 8.01778500301039 8.01778500301039 8.01778500301039 8.01778500301039 6.449927552821317 6.318748587163566 6.187569621505815 6.056390655848063 5.925211690190311 5.79403272453256 5.6628537588748085 5.531674793217057 5.400495827559306 5.2693168619015545 5.138137896243802 5.006958930585827 4.961188520165754 5.0067217853871115 5.052255050608469 5.097788315829827 5.143321581051184 5.188854846272542 5.2343881114938995 5.279921376715257 5.325454641936615 5.370987907157972 5.41652117237933 5.462054437600687 5.489104719715753 5.496396275167211 5.503687830618668 5.510979386070126 5.518270941521584 5.525562496973041
-9999.0 -9999.0 -9999.0 -9999.0 8.01778500301039 8.01778500301039 8.01778500301039 8.01778500301039 8.01778500301039 8.01778500301039 8.01778500301039 8.01778500301039 8.01778500301039 8.01778500301039 8.01778500301039 6.586120339035704 6.460286717974258 6.334453096912812 6.208619475851366 6.08278585478992 5.956952233728474 5.831118612667028 5.705284991605582 5.579451370544136 5.4536177494826905 5.327784128421245 5.201950507359585 5.157677525871401 5.200594711222846 5.243511896574291 5.286429081925736 5.329346267277181 5.3722634526286255 5.415180637980071 5.458097823331515 5.501015008682961 5.543932194034405 5.586849379385851 5.629766564737295 5.655232686824263 5.662043227880335 5.6688537689364065 5.675664309992478 5.68247485104855 5.689285392104622
-9999.0 -9999.0 -9999.0 -9999.0 -9999.0 -9999.0 8.01778500301039 8.01778500301039 8.01778500301039 8.01778500301039 8.01778500301039 8.01778500301039 8.01778500301039 8.01778500301039 8.01778500301039 6.722313125250089 6.601824848784949 6.481336572319808 6.360848295854669 6.240360019389528 6.1198717429243885 5.999383466459248 5.8788951899941075 5.758406913528967 5.6379186370638275 5.517430360598687 5.396942084133341 5.3541665315770475 5.39446763705858 5.434768742540113 5.475069848021645 5.515370953503178 5.55567205898471 5.595973164466242 5.636274269947775 5.676575375429307 5.716876480910839 5.7571775863923715 5.797478691873904 5.821360653932774 5.82769018059346 5.8340197072541455 5.84034923391483 5.846678760575516 5.853008287236202
-9999.0 -9999.0 -9999.0 -9999.0 -9999.0 -9999.0 -9999.0 -9999.0 8.01778500301039 8.01778500301039 8.01778500301039 8.01778500301039 8.01778500301039 8.01778500301039 8.01778500301039 6.858505911464475 6.7433629795956405 6.628220047726806 6.513077115857971 6.397934183989137 6.282791252120302 6.167648320251468 6.052505388382633 5.937362456513799 5.822219524644964 5.707076592776129 5.591933660907099 5.550655537282695 5.588340562894315 5.626025588505934 5.663710614117553 5.701395639729173 5.739080665340793 5.776765690952413 5.814450716564032 5.852135742175652 5.889820767787271 5.9275057933988915 5.965190819010511 5.987488621041284 5.993337133306584 5.999185645571883 6.005034157837183 6.0108826701024825 6.016731182367781
-9999.0 -9999.0 -9999.0 -9999.0 -9999.0 -9999.0 -9999.0 -9999.0 -9999.0 8.01778500301039 -9999.0 -9999.0 -9999.0 8.01778500301039 8.01778500301039 8.01778500301039 8.01778500301039 8.01778500301039 8.01778500301039 8.01778500301039 8.01778500301039 8.01778500301039 8.01778500301039 8.01778500301039 8.01778500301039 8.01778500301039 8.01778500301039 8.01778500301039 8.01778500301039 8.01778500301039 8.01778500301039 8.01778500301039 8.01778500301039 8.01778500301039 8.01778500301039 8.01778500301039 8.01778500301039 8.01778500301039 8.01778500301039 6.099561877840409 6.102074631880804 6.104587385921198 6.107100139961592 6.1096128940019865 6.1121256480423805
-9999.0 -9999.0 -9999.0 -9999.0 -9999.0 -9999.0 -9999.0 -9999.0 -9999.0 -9999.0 -9999.0 -9999.0 -9999.0 -9999.0 8.01778500301039 8.01778500301039 8.01778500301039 8.01778500301039 8.01778500301039 8.01778500301039 8.01778500301039 8.01778500301039 8.01778500301039 8.01778500301039 8.01778500301039 8.01778500301039 8.01778500301039 8.01778500301039 8.01778500301039 8.01778500301039 8.01778500301039 8.01778500301039 8.01778500301039 8.01778500301039 8.01778500301039 8.01778500301039 8.01778500301039 8.01778500301039 8.01778500301039 6.153854056734211 6.149979511348791 6.146104965963371 6.142230420577951 6.138355875192531 6.134481329807111
-9999.0 -9999.0 -9999.0 -9999.0 -9999.0 -9999.0 -9999.0 -9999.0 -9999.0 -9999.0 -9999.0 -9999.0 -9999.0 -9999.0 -9999.0 -9999.0 8.01778500301039 8.01778500301039 8.01778500301039 8.01778500301039 8.01778500301039 8.01778500301039 8.01778500301039 8.01778500301039 8.01778500301039 8.01778500301039 8.01778500301039 8.01778500301039 8.01778500301039 8.01778500301039 8.01778500301039 8.01778500301039 8.01778500301039 8.01778500301039 8.01778500301039 8.01778500301039 8.01778500301039 8.01778500301039 8.01778500301039 6.208146235628013 6.197884390816779 6.187622546005544 6.17736070119431 6.167098856383076 6.156837011571842
