Figures/CREST_Example_wjb_NSE/Rolling_result/20100722/BJP_forecast/ens_10/wjb.rain.20100727.asc
ncols            288
nrows            254
xllcorner        113.274861
yllcorner        31.4918055
cellsize         0.008333333333
NODATA_value     -9999
[rows 182 to 207 of 254, columns 174 to 231 of 288]
0.5111913522016559 0.5055679132203125 0.49994447423896904 0.4943210352576256 0.4886975962762822 0.48307415729493874 0.47745071831359537 0.47182727933225194 0.4662038403508989 0.44463821006354587 0.4060300165770271 0.3674218230905083 0.3288136296039895 0.29020543611747074 0.25159724263095196 0.21298904914443323 0.17438085565791445 0.13577266217139566 0.09716446868487688 0.0585562751983581 0.019948081711839316 0.0 0.0 0.0 0.0 0.0 0.0 0.0 0.0 0.0 0.0 0.0 0.0 0.0 0.0 0.0 0.0 0.0 0.0 0.0 0.0 0.0 0.0 0.0 0.0 0.0 0.0 0.0 0.0 0.0 0.0 0.0 0.0 0.0 0.0 0.0 0.0 0.0
0.5324748230605133 0.5275431623769333 0.5226115016933532 0.5176798410097733 0.5127481803261932 0.5078165196426132 0.5028848589590331 0.49795319827545315 0.4930215375918647 0.4707188118754854 0.4298460246176479 0.3889732373598104 0.3481004501019729 0.3072276628441354 0.2663548755862979 0.2254820883284604 0.18460930107062284 0.14373651381278535 0.10286372655494785 0.06199093929711036 0.021118152039272864 0.0 0.0 0.0 0.0 0.0 0.0 0.0 0.0 0.0 0.0 0.0 0.0 0.0 0.0 0.0 0.0 0.0 0.0 0.0 0.0 0.0 0.0 0.0 0.0 0.0 0.0 0.0 0.0 0.0 0.0 0.0 0.0 0.0 0.0 0.0 0.0 0.0
0.5537582939193526 0.5495184115335354 0.5452785291477182 0.5410386467619009 0.5367987643760838 0.5325588819902665 0.5283189996044493 0.5240791172186321 0.5198392348328076 0.4967994136874027 0.45366203265824845 0.41052465162909413 0.3673872705999398 0.3242498895707855 0.2811125085416312 0.2379751275124769 0.19483774648332264 0.15170036545416832 0.108562984425014 0.06542560339585968 0.022288222366705412 0.0 0.0 0.0 0.0 0.0 0.0 0.0 0.0 0.0 0.0 0.0 0.0 0.0 0.0 0.0 0.0 0.0 0.0 0.0 0.0 0.0 0.0 0.0 0.0 0.0 0.0 0.0 0.0 0.0 0.0 0.0 0.0 0.0 0.0 0.0 0.0 0.0
0.575041764778192 0.5714936606901376 0.5679455566020831 0.5643974525140287 0.5608493484259743 0.5573012443379198 0.5537531402498654 0.550205036161811 0.5466569320737505 0.5228800154993201 0.47747804069884897 0.4320760658983779 0.38667409109790674 0.34127211629743565 0.29587014149696456 0.25046816669649347 0.20506619189602238 0.15966421709555123 0.11426224229508014 0.06886026749460905 0.023458292694137906 0.0 0.0 0.0 0.0 0.0 0.0 0.0 0.0 0.0 0.0 0.0 0.0 0.0 0.0 0.0 0.0 0.0 0.0 0.0 0.0 0.0 0.0 0.0 0.0 0.0 0.0 0.0 0.0 0.0 0.0 0.0 0.0 0.0 0.0 0.0 0.0 0.0
0.5963252356370313 0.5934689098467396 0.590612584056448 0.5877562582661564 0.5848999324758648 0.5820436066855731 0.5791872808952815 0.5763309551049899 0.5734746293146933 0.5489606173112372 0.5012940487394494 0.45362748016766147 0.4059609115958736 0.3582943430240857 0.31062777445229783 0.2629612058805099 0.21529463730872206 0.16762806873693414 0.11996150016514628 0.07229493159335837 0.024628363021570454 0.0 0.0 0.0 0.0 0.0 0.0 0.0 0.0 0.0 0.0 0.0 0.0 0.0 0.0 0.0 0.0 0.0 0.0 0.0 0.0 0.0 0.0 0.0 0.0 0.0 0.0 0.0 0.0 0.0 0.0 0.0 0.0 0.0 0.0 0.0 0.0 0.0
0.6176087064958707 0.6154441590033419 0.613279611510813 0.6111150640182842 0.6089505165257554 0.6067859690332266 0.6046214215406978 0.6024568740481688 0.6002923265556364 0.5750412191231546 0.52511005678005 0.4751788944369453 0.4252477320938406 0.3753165697507359 0.3253854074076312 0.27545424506452654 0.22552308272142185 0.17559192037831717 0.12566075803521243 0.0757295956921078 0.025798433349003114 0.0 0.0 0.0 0.0 0.0 0.0 0.0 0.0 0.0 0.0 0.0 0.0 0.0 0.0 0.0 0.0 0.0 0.0 0.0 0.0 0.0 0.0 0.0 0.0 0.0 0.0 0.0 0.0 0.0 0.0 0.0 0.0 0.0 0.0 0.0 0.0 0.0
0.6388921773547099 0.6374194081599439 0.6359466389651779 0.6344738697704119 0.6330011005756458 0.6315283313808798 0.6300555621861138 0.6285827929913477 0.6271100237965792 0.6011218209350719 0.5489260648206504 0.4967303087062289 0.44453455259180746 0.392338796477386 0.3401430403629645 0.287947284248543 0.23575152813412154 0.18355577201970003 0.13136001590527857 0.07916425979085706 0.02696850367643555 0.0 0.0 0.0 0.0 0.0 0.0 0.0 0.0 0.0 0.0 0.0 0.0 0.0 0.0 0.0 0.0 0.0 0.0 0.0 0.0 0.0 0.0 0.0 0.0 0.0 0.0 0.0 0.0 0.0 0.0 0.0 0.0 0.0 0.0 0.0 0.0 0.0
0.6601756482135676 0.6593946573165649 0.6586136664195622 0.6578326755225595 0.657051684625557 0.6562706937285543 0.6554897028315516 0.6547087119345489 0.653927721037545 0.6272024227470115 0.5727420728612713 0.518281722975531 0.4638213730897908 0.40936102320405066 0.3549006733183104 0.30044032343257016 0.24597997354682993 0.1915196236610897 0.13705927377534954 0.08259892388960932 0.0281385740038691 0.0 0.0 0.0 0.0 0.0 0.0 0.0 0.0 0.0 0.0 0.0 0.0 0.0 0.0 0.0 0.0 0.0 0.0 0.0 0.0 0.0 0.0 0.0 0.0 0.0 0.0 0.0 0.0 0.0 0.0 0.0 0.0 0.0 0.0 0.0 0.0 0.0
0.6814591190724067 0.681369906473167 0.6812806938739271 0.6811914812746872 0.6811022686754473 0.6810130560762075 0.6809238434769677 0.6808346308777278 0.6807454182784878 0.6532830245589287 0.5965580809018717 0.5398331372448146 0.4831081935877577 0.42638324993070065 0.36965830627364366 0.31293336261658666 0.2562084189595296 0.19948347530247262 0.14275853164541563 0.08603358798835858 0.029308644331301648 0.0 0.0 0.0 0.0 0.0 0.0 0.0 0.0 0.0 0.0 0.0 0.0 0.0 0.0 0.0 0.0 0.0 0.0 0.0 0.0 0.0 0.0 0.0 0.0 0.0 0.0 0.0 0.0 0.0 0.0 0.0 0.0 0.0 0.0 0.0 0.0 0.0
0.7027425899312462 0.7033451556297691 0.7039477213282921 0.704550287026815 0.7051528527253379 0.7057554184238609 0.7063579841223838 0.7069605498209067 0.7075631155194307 0.679363626370846 0.6203740889424723 0.5613845515140984 0.5023950140857246 0.4434054766573508 0.384415939228977 0.32542640180060317 0.2664368643722294 0.2074473269438556 0.14845778951548172 0.08946825208710796 0.030478714658734196 0.0 0.0 0.0 0.0 0.0 0.0 0.0 0.0 0.0 0.0 0.0 0.0 0.0 0.0 0.0 0.0 0.0 0.0 0.0 0.0 0.0 0.0 0.0 0.0 0.0 0.0 0.0 0.0 0.0 0.0 0.0 0.0 0.0 0.0 0.0 0.0 0.0
0.7240260607900855 0.7253204047863712 0.726614748782657 0.7279090927789427 0.7292034367752285 0.7304977807715142 0.7317921247678 0.7330864687640857 0.7343808127603736 0.7054442281827633 0.6441900969830727 0.5829359657833821 0.5216818345836916 0.46042770338400096 0.3991735721843103 0.33791944098461973 0.27666530978492915 0.2154111785852385 0.15415704738554792 0.09290291618585733 0.031648784986166745 0.0 0.0 0.0 0.0 0.0 0.0 0.0 0.0 0.0 0.0 0.0 0.0 0.0 0.0 0.0 0.0 0.0 0.0 0.0 0.0 0.0 0.0 0.0 0.0 0.0 0.0 0.0 0.0 0.0 0.0 0.0 0.0 0.0 0.0 0.0 0.0 0.0
0.7054169022634463 0.7070021303668798 0.7085873584703132 0.7101725865737466 0.71175781467718 0.7133430427806134 0.7149282708840469 0.7165134989874803 0.7180987270909164 0.6902513984425799 0.6309400007132268 0.5716286029838735 0.5123172052545204 0.45300580752516717 0.393694409795814 0.3343830120664608 0.2750716143371076 0.21576021660775446 0.15644881887840123 0.097137421149048 0.037826023419694876 0.008500086471014488 0.011229285581673916 0.013958484692333347 0.016687683802992775 0.019416882913652206 0.022146082024311634 0.02487528113497106 0.027604480245630492 0.03033367935628992 0.03306287846694935 0.03579207757760878 0.038521276688268206 0.03933288904561136 0.03809455777024588 0.036856226494882516 0.035617895219519156 0.03437956394415579 0.03314123266879243 0.031902901393429065 0.030664570118065705 0.02942623884270234 0.02818790756733898 0.026949576291975613 0.025711245016612254 0.024061630633349183 0.021972345299899113 0.019883059966445477 0.017793774632995408 0.015704489299545335 0.013615203966095266 0.011525918632645196 0.009436633299195127 0.007347347965745054 0.005258062632294985 0.0031687772988449117 0.0010794919653948423 0.0
0.6441650373665374 0.6456126189558162 0.647060200545095 0.6485077821343739 0.6499553637236527 0.6514029453129315 0.6528505269022103 0.6542981084914892 0.6557456900807705 0.6309398718483289 0.5780685752217111 0.5251972785950932 0.4723259819684753 0.4194546853418575 0.3665833887152396 0.3137120920886218 0.2608407954620039 0.20796949883538607 0.15509820220876824 0.10222690558215031 0.04935560895553248 0.026086229616884136 0.034461969665368686 0.04283770971385323 0.05121344976233777 0.05958918981082232 0.06796492985930686 0.0763406699077914 0.08471640995627595 0.0930921500047605 0.10146789005324504 0.10984363010172958 0.11821937015021412 0.12071015731876243 0.1169097966870079 0.11310943605525987 0.10930907542351183 0.10550871479176378 0.10170835416001574 0.0979079935282677 0.09410763289651966 0.09030727226477162 0.08650691163302357 0.08270655100127552 0.07890619036952748 0.07384362780291642 0.06743174280275571 0.061019857802584065 0.054607972802423355 0.048196087802262644 0.041784202802101926 0.035372317801941215 0.028960432801780497 0.022548547801619787 0.016136662801459076 0.009724777801298365 0.00331289280113764 0.0
0.5829131724696545 0.5842231075447788 0.5855330426199031 0.5868429776950275 0.5881529127701518 0.5894628478452761 0.5907727829204004 0.5920827179955247 0.5933926530706513 0.5716283452541032 0.5251971497302179 0.4787659542063327 0.4323347586824474 0.3859035631585621 0.33947236763467686 0.29304117211079156 0.2466099765869063 0.200178781063021 0.15374758553913576 0.10731639001525045 0.0608851944913652 0.0436723727627463 0.057694653749053554 0.07171693473536081 0.08573921572166807 0.09976149670797532 0.11378377769428258 0.12780605868058983 0.1418283396668971 0.15585062065320435 0.1698729016395116 0.18389518262581886 0.19791746361212612 0.20208742559187884 0.19572503560373636 0.18936264561560473 0.1830002556274731 0.17663786563934145 0.17027547565120982 0.1639130856630782 0.15755069567494656 0.1511883056868149 0.14482591569868328 0.13846352571055165 0.13210113572242002 0.12362562497246242 0.11289114030559291 0.10215665563870509 0.09142217097183558 0.08068768630496606 0.06995320163809657 0.05921871697122705 0.04848423230435754 0.03774974763748802 0.027015262970618514 0.016280778303749008 0.005546293636879487 0.0
0.5216613075727716 0.5228335961337415 0.5240058846947112 0.5251781732556811 0.5263504618166508 0.5275227503776205 0.5286950389385904 0.5298673274995601 0.531039616060532 0.5123168186598774 0.47232572423872476 0.4323346298175721 0.3923435353964194 0.35235244097526675 0.31236134655411407 0.2723702521329614 0.23237915771180873 0.192388063290656 0.15239696886950332 0.11240587444835065 0.07241478002719798 0.06125851590860845 0.08092733783273842 0.10059615975686839 0.12026498168099835 0.1399338036051283 0.1596026255292583 0.17927144745338824 0.19894026937751821 0.21860909130164818 0.23827791322577815 0.25794673514990807 0.27761555707403807 0.28346469386499523 0.2745402745204648 0.2656158551759496 0.2566914358314344 0.24776701648691915 0.2388425971424039 0.2299181777978887 0.2209937584533735 0.21206933910885825 0.20314491976434304 0.1942205004198278 0.1852960810753126 0.17340762214200847 0.15835053780843014 0.14329345347482617 0.12823636914124786 0.11317928480766953 0.09812220047409122 0.0830651161405129 0.06800803180693459 0.05295094747335627 0.03789386313977797 0.022836778806199665 0.007779694472621335 0.0
0.46040944267586276 0.46144408472267795 0.46247872676949314 0.4635133688163084 0.4645480108631236 0.4655826529099388 0.46661729495675397 0.46765193700356916 0.46868657905038613 0.4530052920656265 0.4194542987472092 0.3859033054287918 0.35235231211037443 0.3188013187919571 0.2852503254735398 0.2516993321551224 0.21814833883670504 0.18459734551828771 0.15104635219987034 0.11749535888145302 0.08394436556303564 0.07884465905447811 0.1041600219164332 0.12947538477838827 0.15479074764034334 0.18010611050229844 0.20542147336425354 0.2307368362262086 0.2560521990881637 0.28136756195011875 0.3066829248120738 0.33199828767402895 0.357313650535984 0.36484196213814635 0.3533555134372269 0.34186906473632694 0.33038261603542707 0.3188961673345272 0.30740971863362726 0.2959232699327274 0.28443682123182745 0.2729503725309276 0.2614639238300277 0.24997747512912777 0.2384910264282279 0.22318961931157577 0.2038099353112868 0.1844302513109648 0.16505056731067586 0.14567088331038686 0.1262911993100979 0.10691151530980894 0.08753183130952 0.06815214730923103 0.04877246330894208 0.02939277930865311 0.01001309530836414 0.0
0.3991575777789799 0.40005457331164057 0.4009515688443013 0.401848564376962 0.40274555990962263 0.40364255544228334 0.404539550974944 0.4054365465076047 0.4063335420402669 0.39369376547140084 0.3665828732557161 0.3394719810400313 0.31236108882434654 0.28525019660866174 0.258139304392977 0.23102841217729223 0.20391751996160745 0.17680662774592268 0.1496957355302379 0.12258484331455316 0.09547395109886836 0.09643080220034028 0.12739270600011807 0.15835460979989585 0.18931651359967366 0.22027841739945148 0.25124032119922923 0.28220222499900705 0.31316412879878486 0.3441260325985626 0.3750879363983404 0.40604984019811824 0.437011743997896 0.44621923041126277 0.4321707523539553 0.4181222742966718 0.4040737962393883 0.39002531818210484 0.37597684012482135 0.36192836206753787 0.3478798840102544 0.3338314059529709 0.3197829278956874 0.3057344498384039 0.29168597178112043 0.2729716164811218 0.249269332814124 0.2255670491470858 0.20186476548008808 0.1781624818130903 0.15446019814609255 0.1307579144790948 0.10705563081209704 0.08335334714509929 0.05965106347810151 0.035948779811103754 0.012246496144106 0.0
0.3379057128820971 0.33866506190060325 0.3394244109191094 0.34018375993761557 0.34094310895612173 0.3417024579746279 0.34246180699313405 0.3432211560116402 0.34398050503014765 0.33438223887717516 0.313711447764223 0.2930406566512708 0.27236986553831866 0.25169907442536643 0.23102828331241426 0.2103574921994621 0.1896867010865099 0.16901590997355773 0.14834511886060553 0.12767432774765336 0.10700353663470116 0.11401694534620244 0.15062539008380293 0.18723383482140343 0.22384227955900393 0.2604507242966044 0.2970591690342049 0.33366761377180537 0.37027605850940587 0.40688450324700637 0.44349294798460687 0.48010139272220737 0.5167098374598078 0.5275964986843791 0.5109859912706837 0.4943754838570166 0.47776497644334953 0.4611544690296825 0.4445439616160154 0.4279334542023483 0.41132294678868125 0.3947124393750142 0.3781019319613471 0.36149142454768 0.344880917134013 0.3227536136506678 0.29472873031696123 0.26670384698320687 0.2386789636495003 0.21065408031579377 0.1826291969820872 0.15460431364838065 0.12657943031467409 0.09855454698096752 0.07052966364726093 0.04250478031355437 0.014479896979847806 0.0
0.2766538479851881 0.2772755504895397 0.2778972529938913 0.27851895549824285 0.27914065800259447 0.27976236050694603 0.2803840630112976 0.28100576551564915 0.2816274680200018 0.2750707122829242 0.2608400222727073 0.2466093322624905 0.23237864225227362 0.21814795224205677 0.20391726223183992 0.18968657222162305 0.1754558822114062 0.16122519220118936 0.14699450219097251 0.13276381218075564 0.1185331221705388 0.13160308849207208 0.1738580741674977 0.2161130598429233 0.2583680455183489 0.30062303119377454 0.34287801686920016 0.38513300254462574 0.42738798822005136 0.469642973895477 0.5118979595709026 0.5541529452463282 0.5964079309217538 0.6089737669575302 0.5898012301874458 0.5706286934173941 0.5514561566473423 0.5322836198772906 0.5131110831072387 0.49393854633718703 0.4747660095671353 0.4555934727970835 0.4364209360270318 0.41724839925698004 0.3980758624869283 0.3725356108202351 0.3401881278198179 0.30784064481934553 0.2754931618189283 0.2431456788185111 0.2107981958180939 0.1784507128176767 0.14610322981725948 0.11375574681684225 0.08140826381642507 0.04906078081600784 0.016713297815590666 0.0
0.2154019830883053 0.21588603907850235 0.21637009506869942 0.21685415105889647 0.2173382070490935 0.21782226303929056 0.2183063190294876 0.21879037501968468 0.21927443100988253 0.21575918568869848 0.2079685967812142 0.20017800787372997 0.1923874189662457 0.18459683005876143 0.17680624115127716 0.1690156522437929 0.16122506333630862 0.15343447442882435 0.1456438855213401 0.1378532966138558 0.13006270770637157 0.14918923163793427 0.1970907582511826 0.24499228486443092 0.29289381147767923 0.34079533809092755 0.3886968647041759 0.43659839131742423 0.48449991793067254 0.5324014445439209 0.5803029711571692 0.6282044977704175 0.6761060243836658 0.6903510352306467 0.6686164691041743 0.646881902977739 0.6251473368513036 0.6034127707248682 0.5816782045984329 0.5599436384719976 0.5382090723455623 0.5164745062191269 0.4947399400926915 0.4730053739662562 0.4512708078398209 0.42231760798978113 0.3856475253226551 0.3489774426554666 0.3123073599883406 0.27563727732121457 0.23896719465408855 0.20229711198696254 0.16562702931983653 0.1289569466527105 0.0922868639855845 0.055616781318458486 0.018946698651332472 0.0
0.15415011819142246 0.154496527667465 0.15484293714350753 0.15518934661955006 0.1555357560955926 0.15588216557163512 0.15622857504767765 0.15657498452372018 0.1569213939997633 0.1564476590944728 0.15509717128972114 0.15374668348496945 0.15239619568021776 0.1510457078754661 0.1496952200707144 0.14834473226596273 0.14699424446121104 0.14564375665645937 0.14429326885170768 0.142942781046956 0.14159229324220432 0.16677537478379642 0.22032344233486745 0.27387150988593845 0.3274195774370095 0.38096764498808056 0.43451571253915156 0.48806378009022255 0.5416118476412937 0.5951599151923647 0.6487079827434357 0.7022560502945067 0.7558041178455777 0.771728303503763 0.7474317080209026 0.7231351125380837 0.6988385170552648 0.6745419215724459 0.6502453260896269 0.625948730606808 0.6016521351239892 0.5773555396411703 0.5530589441583513 0.5287623486755324 0.5044657531927135 0.4720996051593272 0.43110692282549234 0.39011424049158766 0.3491215581577528 0.308128875823918 0.2671361934900832 0.22614351115624842 0.18515082882241357 0.14415814648857878 0.10316546415474398 0.06217278182090913 0.021180099487074333 0.0
0.09289825329453963 0.09310701625642763 0.09331577921831564 0.09352454218020365 0.09373330514209166 0.09394206810397966 0.09415083106586766 0.09435959402775568 0.09456835698964404 0.09713613250024711 0.10222574579822802 0.10731535909620891 0.11240497239418983 0.11749458569217074 0.12258419899015163 0.12767381228813254 0.13276342558611345 0.13785303888409436 0.14294265218207527 0.14803226548005616 0.15312187877803707 0.18436151792965857 0.24355612641855234 0.3027507349074461 0.3619453433963399 0.42113995188523357 0.48033456037412736 0.539529168863021 0.5987237773519148 0.6579183858408086 0.7171129943297023 0.776307602818596 0.8355022113074899 0.8531055717768795 0.8262469469376311 0.7993883220984287 0.7725296972592262 0.7456710724200236 0.7188124475808211 0.6919538227416187 0.6650951979024161 0.6382365730632136 0.611377948224011 0.5845193233848085 0.5576606985456061 0.5218816023288733 0.47656632032832963 0.4312510383277087 0.38593575632716515 0.34062047432662146 0.2953051923260779 0.24998991032553425 0.20467462832499067 0.15935934632444704 0.1140440643239034 0.06872878232335983 0.023413500322816194 0.0
0.031646388397630676 0.0317175048453641 0.03178862129309753 0.03185973774083095 0.03193085418856438 0.032001970636297804 0.03207308708403123 0.032144203531764656 0.0322153199794982 0.03782460590599613 0.049354320306712364 0.0608840347074286 0.07241374910814483 0.08394346350886107 0.09547317790957731 0.10700289231029354 0.11853260671100978 0.130062321111726 0.14159203551244226 0.15312174991315847 0.16465146431387473 0.20194766107552822 0.2667888105022471 0.33162995992896593 0.3964711093556848 0.4613122587824037 0.5261534082091225 0.5909945576358414 0.6558357070625602 0.7206768564892791 0.785518005915998 0.8503591553427169 0.9152003047694357 0.9344828400500306 0.9050621858543932 0.875641531658806 0.8462208774632188 0.8168002232676317 0.7873795690720444 0.7579589148764573 0.72853826068087 0.6991176064852829 0.6696969522896956 0.6402762980941085 0.6108556438985213 0.5716635994984405 0.5220257178311862 0.47238783616384733 0.42274995449659303 0.3731120728293388 0.32347419116208453 0.2738363094948303 0.22419842782757604 0.1745605461603218 0.12492266449306749 0.0752847828258133 0.025646901158559055 0.0
0.0 0.0 0.0 0.0 0.0 0.0 0.0 0.0 0.0 0.00689148555147462 0.02115012507775257 0.03540876460403052 0.04966740413030848 0.06392604365658643 0.07818468318286438 0.09244332270914232 0.10670196223542028 0.12096060176169823 0.1352192412879762 0.14947788081425414 0.1637365203405321 0.20441699212389627 0.2733430004399796 0.3422690087560629 0.41119501707214623 0.48012102538822965 0.549047033704313 0.6179730420203963 0.6868990503364796 0.7558250586525629 0.8247510669686462 0.8936770752847295 0.9626030836008129 0.9829607406012988 0.9513977309835049 0.9198347213657647 0.8882717117480246 0.8567087021302845 0.8251456925125443 0.7935826828948042 0.7620196732770641 0.7304566636593239 0.6988936540415838 0.6673306444238436 0.6357676348061034 0.5945098889858113 0.5428882507611955 0.4912666125364916 0.43964497431187577 0.38802333608726 0.3364016978626441 0.2847800596380283 0.23315842141341248 0.18153678318879668 0.12991514496418083 0.07829350673956503 0.026671868514949182 0.13304632373107297
0.0 0.0 0.0 0.0 0.0 0.0 0.0 0.0 0.0 0.006293092827164025 0.019313644268171816 0.03233419570917961 0.0453547471501874 0.05837529859119519 0.07139585003220297 0.08441640147321076 0.09743695291421856 0.11045750435522635 0.12347805579623414 0.13649860723724191 0.14951915867824972 0.19072740382558923 0.2620689313512529 0.33341045887691656 0.40475198640258025 0.47609351392824395 0.5474350414539076 0.6187765689795713 0.690118096505235 0.7614596240308986 0.8328011515565623 0.904142679082226 0.9754842066078897 0.9962712906460357 0.9630145305904834 0.9297577705349876 0.8965010104794919 0.8632442504239962 0.8299874903685005 0.7967307303130048 0.7634739702575091 0.7302172102020135 0.6969604501465176 0.663703690091022 0.6304469300355263 0.5885636046702678 0.5374582857590974 0.4863529668478399 0.43524764793666953 0.38414232902549916 0.33303701011432885 0.2819316912031585 0.2308263722919881 0.17972105338081773 0.1286157344696474 0.07751041555847704 0.026405096647306614 0.13304632373107297
0.0 0.0 0.0 0.0 0.0 0.0 0.0 0.0 0.0 0.005694700102853174 0.017477163458590277 0.029259626814327377 0.04104209017006448 0.05282455352580158 0.06460701688153868 0.07638948023727578 0.08817194359301289 0.09995440694874999 0.11173687030448709 0.12351933366022419 0.1353017970159613 0.17703781552727635 0.25079486226252146 0.32455190899776654 0.3983089557330116 0.4720660024682567 0.5458230492035018 0.6195800959387469 0.6933371426739918 0.7670941894092369 0.840851236144482 0.9146082828797271 0.9883653296149721 1.0095818406907784 0.9746313301974668 0.9396808197042148 0.9047303092109629 0.8697797987177108 0.8348292882244589 0.7998787777312069 0.7649282672379549 0.7299777567447029 0.6950272462514508 0.6600767357581989 0.625126225264947 0.5826173203547218 0.5320283207569971 0.4814393211591862 0.4308503215614615 0.38026132196373685 0.3296723223660122 0.2790833227682875 0.22849432317056284 0.17790532357283817 0.1273163239751135 0.07672732437738883 0.026138324779664157 0.13304632373107297
