Figures/CREST_Example_wjb_NSE/Rolling_result/20100722/BJP_forecast/ens_10/wjb.rain.20090819.asc
ncols            288
nrows            254
xllcorner        113.274861
yllcorner        31.4918055
cellsize         0.008333333333
NODATA_value     -9999
[rows 140 to 159 of 254, columns 44 to 87 of 288]
4.219129815014629 4.433429059300137 4.6477283035856445 4.862027547871152 5.07632679215666 5.290626036442168 5.504925280727676 5.615649414702622 5.615649414702622 5.615649414702622 5.615649414702622 5.615649414702622 5.615649414702622 5.615649414702622 5.615649414702622 5.615649414702622 5.615649414702622 5.615649414702622 5.615649414702622 5.615853776806188 5.616276606617974 5.6166994364297596 5.617122266241545 5.61754509605333 5.617967925865115 5.618390755676901 5.618813585488686 5.619236415300472 5.619659245112257 5.620082074924043 5.620504904735828 5.564297076648258 5.447549795040982 5.3308025134337065 5.214055231826231 5.097307950218955 4.980560668611679 4.863813387004402 4.747066105397126 4.63031882378985 4.513571542182573 4.396824260575297 4.280076978968021 4.219755993100793
4.681251730151949 4.91982103956431 5.1583903489766705 5.396959658389031 5.635528967801392 5.874098277213752 6.112667586626113 6.235931577900351 6.235931577900351 6.235931577900351 6.235931577900351 6.235931577900351 6.235931577900351 6.235931577900351 6.235931577900351 6.235931577900351 6.235931577900351 6.235931577900351 6.235931577900351 6.206580522614784 6.145852525762496 6.085124528910105 6.024396532057817 5.963668535205528 5.90294053835324 5.8422125415009525 5.781484544648664 5.720756547796376 5.660028550944088 5.5993005540917995 5.538572557239512 5.462366350829079 5.369613588491663 5.276860826154246 5.184108063816671 5.091355301479254 4.998602539141838 4.905849776804422 4.813097014467004 4.720344252129588 4.627591489792171 4.534838727454755 4.442085965117338 4.394162467549982
5.143373645289269 5.406213019828482 5.6690523943676965 5.93189176890691 6.194731143446123 6.457570517985337 6.72040989252455 6.856213741098079 6.856213741098079 6.856213741098079 6.856213741098079 6.856213741098079 6.856213741098079 6.856213741098079 6.856213741098079 6.856213741098079 6.856213741098079 6.856213741098079 6.856213741098079 6.79730726842338 6.675428444907019 6.55354962139045 6.431670797874088 6.309791974357727 6.187913150841365 6.066034327325004 5.944155503808642 5.822276680292281 5.700397856775919 5.578519033259558 5.456640209743196 5.360435625009901 5.2916773819423435 5.222919138874786 5.154160895807112 5.085402652739555 5.016644409671998 4.947886166604441 4.879127923536884 4.810369680469327 4.74161143740177 4.672853194334213 4.604094951266655 4.568568941999172
5.60549556042659 5.892605000092656 6.1797144397587225 6.466823879424789 6.753933319090855 7.041042758756921 7.328152198422988 7.476495904295809 7.476495904295809 7.476495904295809 7.476495904295809 7.476495904295809 7.476495904295809 7.476495904295809 7.476495904295809 7.476495904295809 7.476495904295809 7.476495904295809 7.476495904295809 7.388034014231978 7.205004364051542 7.0219747138707955 6.83894506369036 6.655915413509925 6.47288576332949 6.289856113149056 6.106826462968621 5.9237968127881855 5.740767162607751 5.557737512427316 5.374707862246881 5.258504899190722 5.213741175393024 5.168977451595326 5.124213727797553 5.079450003999855 5.034686280202157 4.98992255640446 4.945158832606762 4.9003951088090645 4.8556313850113675 4.81086766121367 4.766103937415972 4.7429754164483615
6.067617475564304 6.378996980357244 6.690376485150184 7.001755989943124 7.3131354947360645 7.624514999529004 7.9358945043219435 8.096778067494068 8.096778067494068 8.096778067494068 8.096778067494068 8.096778067494068 8.096778067494068 8.096778067494068 8.096778067494068 8.096778067494068 8.096778067494068 8.096778067494068 8.096778067494068 7.978760760041078 7.734580283196518 7.490399806351541 7.24621932950698 7.0020388526624195 6.757858375817859 6.513677898973299 6.2694974221287385 6.025316945284177 5.781136468439617 5.536955991595056 5.292775514750495 5.156574173371457 5.135804968843639 5.115035764315821 5.094266559787968 5.073497355260151 5.0527281507323325 5.031958946204515 5.011189741676698 4.9904205371488795 4.969651332621062 4.948882128093245 4.928112923565427 4.917381890897699
6.575618364768796 6.887265848902006 7.198913333035215 7.510560817168425 7.822208301301634 8.133855785434845 8.445503269568054 8.606525292306255 8.606525292306255 8.606525292306255 8.606525292306255 8.606525292306255 8.606525292306255 8.606525292306255 8.606525292306255 8.606525292306255 8.606525292306255 8.606525292306255 8.606525292306255 8.468383797647075 8.182565922575357 7.896748047503151 7.610930172431432 7.3251122973597145 7.0392944222879965 6.7534765472162785 6.467658672144561 6.181840797072843 5.896022922001125 5.610205046929407 5.324387171857689 5.170248684869142 5.156878440561658 5.143508196254174 5.130137951946668 5.116767707639184 5.1033974633317 5.090027219024217 5.076656974716733 5.063286730409249 5.049916486101766 5.036546241794282 5.023175997486798 5.016267859611467
7.132660985110302 7.41891973193293 7.705178478755559 7.991437225578187 8.277695972400815 8.563954719223444 8.850213466046073 8.99811763593881 8.99811763593881 8.99811763593881 8.99811763593881 8.99811763593881 8.99811763593881 8.99811763593881 8.99811763593881 8.99811763593881 8.99811763593881 8.99811763593881 8.99811763593881 8.849933344608585 8.543336696211904 8.236740047814699 7.930143399418017 7.623546751021335 7.316950102624653 7.010353454227971 6.703756805831289 6.397160157434607 6.090563509037924 5.783966860641243 5.47737021224456 5.3074979074801085 5.283787016927834 5.2600761263755595 5.236365235823245 5.21265434527097 5.188943454718695 5.165232564166421 5.141521673614146 5.117810783061872 5.094099892509597 5.070389001957323 5.046678111405048 5.034427168391964
7.6897036054518075 7.950573614963855 8.211443624475903 8.47231363398795 8.733183643499997 8.994053653012045 9.254923662524092 9.389709979571364 9.389709979571364 9.389709979571364 9.389709979571364 9.389709979571364 9.389709979571364 9.389709979571364 9.389709979571364 9.389709979571364 9.389709979571364 9.389709979571364 9.389709979571364 9.231482891570097 8.904107469848451 8.576732048126248 8.249356626404602 7.921981204682956 7.59460578296131 7.267230361239664 6.939854939518018 6.6124795177963716 6.2851040960747255 5.9577286743530795 5.6303532526314335 5.444747130091075 5.41069559329401 5.376644056496945 5.342592519699821 5.3085409829027554 5.27448944610569 5.240437909308625 5.20638637251156 5.172334835714494 5.138283298917429 5.104231762120364 5.070180225323298 5.052586477172462
8.246746225793313 8.48222749799478 8.717708770196245 8.953190042397711 9.188671314599176 9.424152586800643 9.65963385900211 9.781302323203917 9.781302323203917 9.781302323203917 9.781302323203917 9.781302323203917 9.781302323203917 9.781302323203917 9.781302323203917 9.781302323203917 9.781302323203917 9.781302323203917 9.781302323203917 9.613032438531608 9.264878243484997 8.916724048437795 8.568569853391185 8.220415658344574 7.872261463297965 7.524107268251356 7.175953073204746 6.827798878158136 6.479644683111527 6.131490488064917 5.783336293018307 5.581996352702042 5.537604169660186 5.49321198661833 5.448819803576399 5.404427620534542 5.360035437492686 5.31564325445083 5.271251071408974 5.226858888367118 5.182466705325261 5.138074522283405 5.093682339241549 5.07074578595296
8.803788846134818 9.013881381025705 9.223973915916588 9.434066450807473 9.644158985698358 9.854251520589242 10.064344055480127 10.172894666836472 10.172894666836472 10.172894666836472 10.172894666836472 10.172894666836472 10.172894666836472 10.172894666836472 10.172894666836472 10.172894666836472 10.172894666836472 10.172894666836472 10.172894666836472 9.994581985493118 9.625649017121546 9.256716048749343 8.887783080377769 8.518850112006195 8.149917143634621 7.780984175263049 7.412051206891475 7.0431182385199005 6.674185270148327 6.305252301776753 5.93631933340518 5.719245575313008 5.664512746026361 5.609779916739714 5.555047087452974 5.500314258166327 5.44558142887968 5.390848599593033 5.336115770306386 5.281382941019739 5.226650111733093 5.171917282446446 5.117184453159799 5.088905094733457
9.3608314664768 9.545535264057083 9.730239061637365 9.914942859217646 10.099646656797928 10.28435045437821 10.469054251958491 10.56448701046936 10.56448701046936 10.56448701046936 10.56448701046936 10.56448701046936 10.56448701046936 10.56448701046936 10.56448701046936 10.56448701046936 10.56448701046936 10.56448701046936 10.56448701046936 10.376131532454956 9.9864197907584 9.596708049061181 9.206996307364626 8.817284565668071 8.427572823971515 8.03786108227496 7.648149340578405 7.25843759888185 6.868725857185295 6.479014115488739 6.089302373792184 5.856494797924092 5.791421322392646 5.726347846861199 5.661274371329641 5.596200895798195 5.531127420266748 5.466053944735302 5.400980469203855 5.335906993672409 5.270833518140963 5.205760042609516 5.1406865670780695 5.10706440351397
9.917874086818307 10.077189147088006 10.236504207357706 10.395819267627408 10.555134327897107 10.714449388166809 10.873764448436509 10.956079354101913 10.956079354101913 10.956079354101913 10.956079354101913 10.956079354101913 10.956079354101913 10.956079354101913 10.956079354101913 10.956079354101913 10.956079354101913 10.956079354101913 10.956079354101913 10.757681079416466 10.347190564394946 9.936700049372728 9.526209534351208 9.11571901932969 8.70522850430817 8.294737989286652 7.884247474265132 7.473756959243614 7.063266444222094 6.652775929200575 6.242285414179056 5.9937440205350585 5.918329898758821 5.842915776982584 5.767501655206218 5.692087533429981 5.616673411653744 5.541259289877506 5.465845168101269 5.390431046325032 5.315016924548795 5.239602802772557 5.16418868099632 5.125223712294468
10.474916707159812 10.608843030118932 10.742769353078051 10.87669567603717 11.010621998996289 11.144548321955408 11.278474644914528 11.347671697734468 11.347671697734468 11.347671697734468 11.347671697734468 11.347671697734468 11.347671697734468 11.347671697734468 11.347671697734468 11.347671697734468 11.347671697734468 11.347671697734468 11.347671697734468 11.139230626377978 10.707961338031495 10.276692049684277 9.845422761337794 9.41415347299131 8.982884184644828 8.551614896298345 8.120345607951862 7.689076319605379 7.257807031258896 6.8265377429124126 6.3952684545659295 6.130993243146025 6.045238475124997 5.959483707103969 5.8737289390827945 5.787974171061767 5.702219403040738 5.61646463501971 5.5307098669986825 5.444955098977654 5.359200330956626 5.273445562935598 5.18769079491457 5.143383021074965
11.031959327501317 11.140496913149855 11.249034498798395 11.357572084446932 11.46610967009547 11.574647255744008 11.683184841392547 11.739264041367022 11.739264041367022 11.739264041367022 11.739264041367022 11.739264041367022 11.739264041367022 11.739264041367022 11.739264041367022 11.739264041367022 11.739264041367022 11.739264041367022 11.739264041367022 11.520780173339489 11.068732111668043 10.616684049995825 10.164635988324378 9.712587926652931 9.260539864981483 8.808491803310037 8.35644374163859 7.904395679967143 7.452347618295696 7.00029955662425 6.548251494952803 6.268242465756992 6.172147051491173 6.076051637225355 5.9799562229593715 5.883860808693553 5.787765394427734 5.691669980161915 5.595574565896096 5.499479151630277 5.403383737364458 5.307288323098639 5.211192908832821 5.161542329855463
11.589001947842823 11.67215079618078 11.755299644518736 11.838448492856694 11.92159734119465 12.004746189532607 12.087895037870563 12.130856384999575 12.130856384999575 12.130856384999575 12.130856384999575 12.130856384999575 12.130856384999575 12.130856384999575 12.130856384999575 12.130856384999575 12.130856384999575 12.130856384999575 12.130856384999575 11.902329720301 11.429502885304588 10.956676050307372 10.483849215310961 10.01102238031455 9.538195545318139 9.06536871032173 8.592541875325319 8.119715040328908 7.646888205332497 7.174061370336087 6.701234535339676 6.405491688367959 6.299055627857349 6.192619567346739 6.086183506835948 5.979747446325338 5.873311385814729 5.7668753253041185 5.660439264793509 5.5540032042829 5.4475671437722895 5.34113108326168 5.234695022751071 5.17970163863596
12.146044568184328 12.203804679211704 12.26156479023908 12.319324901266455 12.377085012293831 12.434845123321207 12.492605234348582 12.52244872863213 12.52244872863213 12.52244872863213 12.52244872863213 12.52244872863213 12.52244872863213 12.52244872863213 12.52244872863213 12.52244872863213 12.52244872863213 12.52244872863213 12.52244872863213 12.283879267262511 11.790273658941135 11.29666805061892 10.803062442297545 10.30945683397617 9.815851225654797 9.322245617333422 8.828640009012046 8.335034400690672 7.841428792369298 7.347823184047924 6.854217575726548 6.542740910978925 6.425964204223525 6.309187497468124 6.1924107907125245 6.075634083957125 5.958857377201724 5.8420806704463235 5.725303963690923 5.608527256935522 5.4917505501801225 5.374973843424722 5.258197136669321 5.197860947416458
12.703087188525835 12.735458562242629 12.767829935959425 12.800201309676218 12.832572683393012 12.864944057109808 12.897315430826602 12.914041072264684 12.914041072264684 12.914041072264684 12.914041072264684 12.914041072264684 12.914041072264684 12.914041072264684 12.914041072264684 12.914041072264684 12.914041072264684 12.914041072264684 12.914041072264684 12.665428814224022 12.151044432577685 11.636660050930468 11.122275669284129 10.607891287637791 10.093506905991452 9.579122524345115 9.064738142698776 8.550353761052438 8.0359693794061 7.52158499775976 7.007200616113422 6.679990133589892 6.5528727805897 6.425755427589509 6.2986380745891015 6.17152072158891 6.044403368588719 5.917286015588528 5.790168662588336 5.663051309588145 5.535933956587954 5.408816603587763 5.281699250587571 5.216020256196955
12.990888826591085 13.01014285538746 13.029396884183836 13.04865091298021 13.067904941776586 13.087158970572961 13.106412999369336 13.116361171007156 13.116361171007156 13.116361171007156 13.116361171007156 13.116361171007156 13.116361171007156 13.116361171007156 13.116361171007156 13.116361171007156 13.116361171007156 13.116361171007156 13.116361171007156 12.862560201677383 12.337440259085556 11.812320316492832 11.287200373901005 10.762080431309178 10.23696048871735 9.711840546125522 9.186720603533695 8.661600660941868 8.13648071835004 7.611360775758213 7.086240833166386 6.750901316411777 6.618441365162856 6.485981413913936 6.353521462664789 6.2210615114158685 6.088601560166948 5.956141608918028 5.823681657669107 5.691221706420187 5.5587617551712665 5.426301803922346 5.293841852673426 5.225402444601059
12.990888826591085 13.01014285538746 13.029396884183836 13.04865091298021 13.067904941776586 13.087158970572961 13.106412999369336 13.116361171007156 13.116361171007156 13.116361171007156 13.116361171007156 13.116361171007156 13.116361171007156 13.116361171007156 13.116361171007156 13.116361171007156 13.116361171007156 13.116361171007156 13.116361171007156 12.862560201677383 12.337440259085556 11.812320316492832 11.287200373901005 10.762080431309178 10.23696048871735 9.711840546125522 9.186720603533695 8.661600660941868 8.13648071835004 7.611360775758213 7.086240833166386 6.750901316411777 6.618441365162856 6.485981413913936 6.353521462664789 6.2210615114158685 6.088601560166948 5.956141608918028 5.823681657669107 5.691221706420187 5.5587617551712665 5.426301803922346 5.293841852673426 5.225402444601059
12.990888826591085 13.01014285538746 13.029396884183836 13.04865091298021 13.067904941776586 13.087158970572961 13.106412999369336 13.116361171007156 13.116361171007156 13.116361171007156 13.116361171007156 13.116361171007156 13.116361171007156 13.116361171007156 13.116361171007156 13.116361171007156 13.116361171007156 13.116361171007156 13.116361171007156 12.862560201677383 12.337440259085556 11.812320316492832 11.287200373901005 10.762080431309178 10.23696048871735 9.711840546125522 9.186720603533695 8.661600660941868 8.13648071835004 7.611360775758213 7.086240833166386 6.750901316411777 6.618441365162856 6.485981413913936 6.353521462664789 6.2210615114158685 6.088601560166948 5.956141608918028 5.823681657669107 5.691221706420187 5.5587617551712665 5.426301803922346 5.293841852673426 5.225402444601059
