Figures/CREST_Example_wjb_NSE/Rolling_result/20100722/BJP_forecast/ens_10/wjb.rain.20100723.asc
ncols            288
nrows            254
xllcorner        113.274861
yllcorner        31.4918055
cellsize         0.008333333333
NODATA_value     -9999
[rows 200 to 219 of 254, columns 88 to 131 of 288]
2.567757588497793 2.530968720530515 2.494179852563237 2.457390984595896 2.420602116628618 2.3838132486613395 2.3470243806940614 2.3102355127267833 2.273446644759505 2.236657776792227 2.199868908824949 11.906294467898636 11.906294467898636 11.906294467898636 11.906294467898636 11.906294467898636 11.906294467898636 11.906294467898636 11.906294467898636 11.906294467898636 11.906294467898636 11.906294467898636 11.906294467898636 11.906294467898636 11.906294467898636 11.906294467898636 11.906294467898636 11.906294467898636 11.906294467898636 11.906294467898636 11.906294467898636 11.906294467898636 11.906294467898636 11.906294467898636 11.906294467898636 4.85573706644558 4.967456191486029 5.079175316526478 5.190894441566926 5.302613566607375 5.414332691647824 5.526051816688273 5.637770941728912 5.749490066769361
2.69252206610518 2.65197682429622 2.6114315824872607 2.570886340678232 2.5303410988692727 2.489795857060313 2.4492506152513536 2.4087053734423938 2.3681601316334344 2.327614889824475 2.2870696480155157 11.906294467898636 11.906294467898636 11.906294467898636 11.906294467898636 11.906294467898636 11.906294467898636 11.906294467898636 11.906294467898636 11.906294467898636 11.906294467898636 11.906294467898636 11.906294467898636 11.906294467898636 11.906294467898636 11.906294467898636 11.906294467898636 11.906294467898636 11.906294467898636 11.906294467898636 11.906294467898636 11.906294467898636 11.906294467898636 11.906294467898636 11.906294467898636 5.041561386070368 5.116105925587178 5.190650465103988 5.265195004620797 5.339739544137607 5.414284083654417 5.488828623171226 5.563373162688164 5.637917702204973
2.8172865437125667 2.772984928061926 2.728683312411285 2.6843816967605685 2.640080081109928 2.595778465459287 2.5514768498086458 2.507175234158005 2.462873618507364 2.418572002856723 2.3742703872060824 11.906294467898636 11.906294467898636 11.906294467898636 11.906294467898636 -9999.0 -9999.0 -9999.0 11.906294467898636 11.906294467898636 11.906294467898636 11.906294467898636 11.906294467898636 11.906294467898636 11.906294467898636 11.906294467898636 11.906294467898636 11.906294467898636 11.906294467898636 11.906294467898636 11.906294467898636 11.906294467898636 11.906294467898636 11.906294467898636 11.906294467898636 5.227385705695158 5.264755659688328 5.302125613681499 5.339495567674669 5.37686552166784 5.41423547566101 5.4516054296541805 5.488975383647414 5.526345337640585
2.942051021319954 2.8939930318276317 2.8459350423353094 2.797877052842905 2.7498190633505826 2.7017610738582603 2.653703084365938 2.6056450948736156 2.5575871053812933 2.509529115888971 2.4614711263966487 11.906294467898636 11.906294467898636 11.906294467898636 11.906294467898636 -9999.0 -9999.0 -9999.0 -9999.0 11.906294467898636 11.906294467898636 -9999.0 11.906294467898636 11.906294467898636 11.906294467898636 11.906294467898636 11.906294467898636 11.906294467898636 11.906294467898636 11.906294467898636 11.906294467898636 11.906294467898636 11.906294467898636 11.906294467898636 11.906294467898636 5.413210025319947 5.413405393789478 5.413600762259009 5.4137961307285405 5.4139914991980715 5.414186867667603 5.4143822361371345 5.414577604606666 5.414772973076197
3.066815498927394 3.015001135593389 2.9631867722593834 2.9113724089252897 2.8595580455912843 2.807743682257279 2.7559293189232736 2.7041149555892683 2.652300592255263 2.6004862289212576 2.5486718655872522 11.906294467898636 11.906294467898636 11.906294467898636 -9999.0 -9999.0 -9999.0 -9999.0 -9999.0 -9999.0 -9999.0 -9999.0 -9999.0 11.906294467898636 11.906294467898636 11.906294467898636 11.906294467898636 11.906294467898636 11.906294467898636 11.906294467898636 11.906294467898636 11.906294467898636 11.906294467898636 11.906294467898636 11.906294467898636 5.5990343449448154 5.562055127890692 5.525075910836568 5.488096693782444 5.45111747672832 5.414138259674196 5.377159042620072 5.340179825565885 5.303200608511761
11.906294467898636 11.906294467898636 11.906294467898636 11.906294467898636 11.906294467898636 11.906294467898636 11.906294467898636 11.906294467898636 11.906294467898636 11.906294467898636 11.906294467898636 11.906294467898636 11.906294467898636 11.906294467898636 -9999.0 -9999.0 -9999.0 -9999.0 -9999.0 -9999.0 -9999.0 -9999.0 -9999.0 -9999.0 11.906294467898636 11.906294467898636 11.906294467898636 11.906294467898636 11.906294467898636 11.906294467898636 11.906294467898636 11.906294467898636 11.906294467898636 11.906294467898636 11.906294467898636 5.672222180674022 5.619066332688877 5.565910484703732 5.5127546367185865 5.459598788733441 5.4064429407482955 5.35328709276315 5.300131244777914 5.246975396792768
11.906294467898636 11.906294467898636 11.906294467898636 11.906294467898636 11.906294467898636 11.906294467898636 11.906294467898636 11.906294467898636 11.906294467898636 11.906294467898636 11.906294467898636 11.906294467898636 11.906294467898636 11.906294467898636 11.906294467898636 -9999.0 -9999.0 -9999.0 -9999.0 -9999.0 -9999.0 -9999.0 -9999.0 -9999.0 11.906294467898636 11.906294467898636 11.906294467898636 11.906294467898636 11.906294467898636 11.906294467898636 11.906294467898636 11.906294467898636 11.906294467898636 11.906294467898636 11.906294467898636 5.6250087143943555 5.57812172547429 5.531234736554225 5.48434774763416 5.437460758714095 5.39057376979403 5.3436867808739645 5.29679979195382 5.249912803033755
11.906294467898636 11.906294467898636 11.906294467898636 11.906294467898636 11.906294467898636 11.906294467898636 11.906294467898636 11.906294467898636 11.906294467898636 11.906294467898636 11.906294467898636 11.906294467898636 11.906294467898636 11.906294467898636 11.906294467898636 -9999.0 -9999.0 -9999.0 -9999.0 -9999.0 -9999.0 -9999.0 -9999.0 -9999.0 -9999.0 11.906294467898636 11.906294467898636 11.906294467898636 11.906294467898636 11.906294467898636 11.906294467898636 11.906294467898636 11.906294467898636 11.906294467898636 11.906294467898636 5.5777952481146675 5.537177118259686 5.496558988404704 5.455940858549722 5.41532272869474 5.374704598839758 5.334086468984776 5.293468339129724 5.252850209274742
11.906294467898636 11.906294467898636 11.906294467898636 11.906294467898636 11.906294467898636 11.906294467898636 11.906294467898636 11.906294467898636 11.906294467898636 11.906294467898636 11.906294467898636 11.906294467898636 11.906294467898636 11.906294467898636 11.906294467898636 -9999.0 -9999.0 -9999.0 -9999.0 -9999.0 -9999.0 -9999.0 -9999.0 -9999.0 -9999.0 -9999.0 -9999.0 -9999.0 -9999.0 11.906294467898636 11.906294467898636 11.906294467898636 11.906294467898636 11.906294467898636 11.906294467898636 5.530581781835002 5.4962325110451 5.461883240255198 5.427533969465296 5.393184698675395 5.358835427885492 5.324486157095591 5.29013688630563 5.255787615515729
11.906294467898636 11.906294467898636 11.906294467898636 11.906294467898636 11.906294467898636 11.906294467898636 11.906294467898636 11.906294467898636 11.906294467898636 11.906294467898636 11.906294467898636 11.906294467898636 11.906294467898636 11.906294467898636 11.906294467898636 -9999.0 -9999.0 -9999.0 -9999.0 -9999.0 -9999.0 -9999.0 -9999.0 -9999.0 -9999.0 -9999.0 -9999.0 -9999.0 -9999.0 -9999.0 -9999.0 11.906294467898636 11.906294467898636 11.906294467898636 11.906294467898636 5.483368315555334 5.455287903830513 5.427207492105691 5.39912708038087 5.3710466686560485 5.342966256931227 5.3148858452064065 5.286805433481537 5.258725021756716
11.906294467898636 11.906294467898636 11.906294467898636 11.906294467898636 11.906294467898636 11.906294467898636 11.906294467898636 11.906294467898636 11.906294467898636 11.906294467898636 11.906294467898636 11.906294467898636 11.906294467898636 11.906294467898636 11.906294467898636 -9999.0 -9999.0 -9999.0 -9999.0 -9999.0 -9999.0 -9999.0 -9999.0 -9999.0 -9999.0 -9999.0 -9999.0 -9999.0 -9999.0 -9999.0 -9999.0 11.906294467898636 11.906294467898636 11.906294467898636 11.906294467898636 5.436154849275648 5.414343296615909 5.392531743956171 5.370720191296432 5.348908638636694 5.3270970859769555 5.3052855333172175 5.283473980657441 5.261662427997703
11.906294467898636 11.906294467898636 11.906294467898636 11.906294467898636 11.906294467898636 11.906294467898636 11.906294467898636 11.906294467898636 11.906294467898636 11.906294467898636 11.906294467898636 11.906294467898636 11.906294467898636 11.906294467898636 -9999.0 -9999.0 -9999.0 -9999.0 -9999.0 -9999.0 -9999.0 -9999.0 -9999.0 -9999.0 -9999.0 -9999.0 -9999.0 -9999.0 -9999.0 -9999.0 11.906294467898636 11.906294467898636 11.906294467898636 11.906294467898636 11.906294467898636 5.388941382995981 5.373398689401323 5.3578559958066645 5.342313302212006 5.326770608617348 5.31122791502269 5.295685221428032 5.280142527833347 5.264599834238689
11.906294467898636 11.906294467898636 11.906294467898636 11.906294467898636 11.906294467898636 11.906294467898636 11.906294467898636 11.906294467898636 11.906294467898636 11.906294467898636 11.906294467898636 11.906294467898636 11.906294467898636 11.906294467898636 -9999.0 -9999.0 -9999.0 -9999.0 -9999.0 -9999.0 -9999.0 -9999.0 -9999.0 -9999.0 -9999.0 -9999.0 -9999.0 -9999.0 -9999.0 -9999.0 11.906294467898636 11.906294467898636 11.906294467898636 11.906294467898636 11.906294467898636 5.341727916716315 5.332454082186737 5.323180247657159 5.313906413127581 5.304632578598003 5.295358744068425 5.286084909538848 5.276811075009253 5.267537240479675
11.906294467898636 11.906294467898636 11.906294467898636 11.906294467898636 11.906294467898636 11.906294467898636 11.906294467898636 11.906294467898636 11.906294467898636 11.906294467898636 11.906294467898636 11.906294467898636 11.906294467898636 11.906294467898636 -9999.0 -9999.0 -9999.0 -9999.0 -9999.0 -9999.0 -9999.0 -9999.0 -9999.0 -9999.0 -9999.0 -9999.0 -9999.0 -9999.0 11.906294467898636 11.906294467898636 11.906294467898636 11.906294467898636 11.906294467898636 11.906294467898636 11.906294467898636 5.294514450436627 5.291509474972132 5.288504499507638 5.285499524043143 5.282494548578648 5.279489573114153 5.276484597649659 5.2734796221851585 5.270474646720664
11.906294467898636 11.906294467898636 11.906294467898636 11.906294467898636 11.906294467898636 11.906294467898636 11.906294467898636 11.906294467898636 11.906294467898636 11.906294467898636 11.906294467898636 11.906294467898636 11.906294467898636 -9999.0 -9999.0 -9999.0 -9999.0 -9999.0 -9999.0 -9999.0 -9999.0 -9999.0 -9999.0 -9999.0 -9999.0 -9999.0 -9999.0 -9999.0 11.906294467898636 11.906294467898636 11.906294467898636 11.906294467898636 11.906294467898636 11.906294467898636 11.906294467898636 5.247300984156961 5.2505648677575465 5.253828751358132 5.257092634958718 5.260356518559303 5.263620402159888 5.266884285760473 5.270148169361065 5.27341205296165
11.906294467898636 11.906294467898636 11.906294467898636 11.906294467898636 11.906294467898636 11.906294467898636 11.906294467898636 11.906294467898636 11.906294467898636 11.906294467898636 11.906294467898636 11.906294467898636 -9999.0 -9999.0 -9999.0 -9999.0 -9999.0 -9999.0 -9999.0 -9999.0 -9999.0 -9999.0 -9999.0 -9999.0 -9999.0 -9999.0 -9999.0 -9999.0 11.906294467898636 11.906294467898636 11.906294467898636 11.906294467898636 11.906294467898636 11.906294467898636 11.906294467898636 5.200087517877294 5.20962026054296 5.219153003208626 5.228685745874291 5.238218488539957 5.247751231205623 5.257283973871289 5.266816716536971 5.276349459202636
11.906294467898636 11.906294467898636 11.906294467898636 11.906294467898636 11.906294467898636 11.906294467898636 11.906294467898636 11.906294467898636 -9999.0 -9999.0 -9999.0 -9999.0 -9999.0 -9999.0 -9999.0 -9999.0 -9999.0 -9999.0 -9999.0 -9999.0 -9999.0 -9999.0 -9999.0 -9999.0 -9999.0 -9999.0 -9999.0 -9999.0 -9999.0 11.906294467898636 11.906294467898636 11.906294467898636 11.906294467898636 11.906294467898636 11.906294467898636 5.152874051597627 5.168675653328374 5.18447725505912 5.200278856789866 5.2160804585206115 5.231882060251358 5.247683661982104 5.263485263712877 5.279286865443623
11.906294467898636 11.906294467898636 11.906294467898636 11.906294467898636 11.906294467898636 11.906294467898636 11.906294467898636 11.906294467898636 -9999.0 -9999.0 -9999.0 -9999.0 -9999.0 -9999.0 -9999.0 -9999.0 -9999.0 -9999.0 -9999.0 -9999.0 -9999.0 -9999.0 -9999.0 -9999.0 -9999.0 -9999.0 -9999.0 -9999.0 -9999.0 11.906294467898636 11.906294467898636 11.906294467898636 11.906294467898636 11.906294467898636 11.906294467898636 11.906294467898636 11.906294467898636 11.906294467898636 11.906294467898636 11.906294467898636 11.906294467898636 11.906294467898636 11.906294467898636 11.906294467898636
11.906294467898636 11.906294467898636 11.906294467898636 11.906294467898636 -9999.0 11.906294467898636 -9999.0 -9999.0 -9999.0 -9999.0 -9999.0 -9999.0 -9999.0 -9999.0 -9999.0 -9999.0 -9999.0 -9999.0 -9999.0 -9999.0 -9999.0 -9999.0 -9999.0 -9999.0 -9999.0 -9999.0 -9999.0 -9999.0 -9999.0 -9999.0 -9999.0 11.906294467898636 11.906294467898636 11.906294467898636 11.906294467898636 11.906294467898636 11.906294467898636 11.906294467898636 11.906294467898636 11.906294467898636 11.906294467898636 11.906294467898636 11.906294467898636 11.906294467898636
11.906294467898636 11.906294467898636 11.906294467898636 11.906294467898636 -9999.0 -9999.0 -9999.0 -9999.0 -9999.0 -9999.0 -9999.0 -9999.0 -9999.0 -9999.0 -9999.0 -9999.0 -9999.0 -9999.0 -9999.0 -9999.0 -9999.0 -9999.0 -9999.0 -9999.0 -9999.0 -9999.0 -9999.0 -9999.0 -9999.0 -9999.0 -9999.0 11.906294467898636 11.906294467898636 11.906294467898636 11.906294467898636 11.906294467898636 11.906294467898636 11.906294467898636 11.906294467898636 11.906294467898636 11.906294467898636 11.906294467898636 11.906294467898636 11.906294467898636
