Figures/CREST_Example_wjb_NSE/Rolling_result/20100722/BJP_forecast/ens_10/wjb.rain.20100728.asc
ncols            288
nrows            254
xllcorner        113.274861
yllcorner        31.4918055
cellsize         0.008333333333
NODATA_value     -9999
[rows 200 to 219 of 254, columns 220 to 263 of 288]
8.755700664347783 8.548382348932678 8.34106403351793 8.13374571810318 7.9264274026884305 7.719109087273681 7.511790771858932 7.3044724564441825 7.097154141029433 6.889835825614684 6.682517510199934 6.600198910064123 6.651507834716015 6.702816759367907 6.754125684019886 6.805434608671779 6.85674353332367 6.908052457975562 6.9593613826274545 7.010670307279346 7.061979231931238 7.11328815658313 7.164597081235022 6.6415673881482915 6.6415673881482915 6.6415673881482915 6.6415673881482915 6.6415673881482915 6.6415673881482915 6.6415673881482915 6.6415673881482915 -9999.0 -9999.0 -9999.0 -9999.0 -9999.0 -9999.0 -9999.0 -9999.0 -9999.0 -9999.0 -9999.0 -9999.0 -9999.0
8.508032691438025 8.309944286888605 8.111855882339524 7.913767477790442 7.71567907324136 7.517590668692279 7.319502264143197 7.121413859594115 6.923325455045034 6.725237050495952 6.52714864594687 6.4461592023208585 6.490351198256079 6.534543194191299 6.5787351901265945 6.622927186061815 6.667119181997035 6.711311177932255 6.755503173867475 6.799695169802696 6.843887165737916 6.8880791616731365 6.932271157608357 6.6415673881482915 6.6415673881482915 6.6415673881482915 6.6415673881482915 6.6415673881482915 6.6415673881482915 6.6415673881482915 -9999.0 -9999.0 -9999.0 -9999.0 -9999.0 -9999.0 -9999.0 -9999.0 -9999.0 -9999.0 -9999.0 -9999.0 -9999.0 -9999.0
8.260364718528269 8.071506224844534 7.88264773116112 7.693789237477706 7.504930743794292 7.316072250110878 7.127213756427464 6.938355262744049 6.749496769060635 6.560638275377221 6.3717797816938075 6.2921194945775945 6.329194561796142 6.366269629014691 6.403344696233303 6.440419763451851 6.4774948306704 6.514569897888948 6.551644965107497 6.588720032326045 6.625795099544594 6.662870166763142 6.6999452339816905 6.6415673881482915 6.6415673881482915 6.6415673881482915 6.6415673881482915 6.6415673881482915 6.6415673881482915 6.6415673881482915 -9999.0 -9999.0 -9999.0 -9999.0 -9999.0 -9999.0 -9999.0 -9999.0 -9999.0 -9999.0 -9999.0 -9999.0 -9999.0 -9999.0
8.012696745618513 7.83306816280046 7.653439579982714 7.473810997164968 7.294182414347222 7.114553831529475 6.934925248711729 6.755296665893983 6.575668083076237 6.396039500258491 6.216410917440745 6.13807978683433 6.168037925336207 6.197996063838083 6.227954202340011 6.257912340841888 6.2878704793437645 6.317828617845642 6.347786756347518 6.377744894849395 6.407703033351272 6.437661171853149 6.467619310355025 6.6415673881482915 6.6415673881482915 6.6415673881482915 6.6415673881482915 6.6415673881482915 6.6415673881482915 6.6415673881482915 6.6415673881482915 -9999.0 -9999.0 -9999.0 -9999.0 -9999.0 -9999.0 -9999.0 -9999.0 -9999.0 -9999.0 -9999.0 -9999.0 -9999.0
7.765028772708652 7.594630100756286 7.4242314288042115 7.2538327568521375 7.0834340849000625 6.913035412947988 6.742636740995914 6.572238069043839 6.401839397091765 6.23144072513969 6.061042053187615 5.984040079091 6.006881288876202 6.029722498661403 6.052563708446645 6.075404918231847 6.098246128017048 6.12108733780225 6.1439285475874525 6.166769757372655 6.189610967157856 6.212452176943058 6.2352933867282605 6.6415673881482915 6.6415673881482915 6.6415673881482915 6.6415673881482915 6.6415673881482915 6.6415673881482915 6.6415673881482915 -9999.0 -9999.0 -9999.0 -9999.0 -9999.0 -9999.0 -9999.0 -9999.0 -9999.0 -9999.0 -9999.0 -9999.0 -9999.0 -9999.0
7.676105680696138 7.505044803006387 7.333983925316929 7.16292304762747 6.9918621699380115 6.820801292248553 6.649740414559094 6.4786795368696355 6.307618659180177 6.136557781490718 5.9654969038012595 6.6415673881482915 6.6415673881482915 6.6415673881482915 6.6415673881482915 6.6415673881482915 6.6415673881482915 6.6415673881482915 6.6415673881482915 6.6415673881482915 6.6415673881482915 6.6415673881482915 6.6415673881482915 6.6415673881482915 6.6415673881482915 6.6415673881482915 6.6415673881482915 6.6415673881482915 6.6415673881482915 -9999.0 -9999.0 -9999.0 -9999.0 -9999.0 -9999.0 -9999.0 -9999.0 -9999.0 -9999.0 -9999.0 -9999.0 -9999.0 -9999.0 -9999.0
7.756870860957732 7.574573728364278 7.392276595771135 7.2099794631779925 7.02768233058485 6.845385197991707 6.663088065398564 6.480790932805421 6.298493800212278 6.1161966676191355 5.9338995350259935 6.6415673881482915 6.6415673881482915 6.6415673881482915 6.6415673881482915 6.6415673881482915 6.6415673881482915 6.6415673881482915 6.6415673881482915 6.6415673881482915 6.6415673881482915 6.6415673881482915 6.6415673881482915 6.6415673881482915 6.6415673881482915 6.6415673881482915 6.6415673881482915 -9999.0 -9999.0 -9999.0 -9999.0 -9999.0 -9999.0 -9999.0 -9999.0 -9999.0 -9999.0 -9999.0 -9999.0 -9999.0 -9999.0 -9999.0 -9999.0 -9999.0
7.837636041219359 7.644102653722197 7.450569266225366 7.2570358787285345 7.063502491231702 6.869969103734871 6.676435716238039 6.482902328741208 6.289368941244376 6.095835553747545 5.9023021662507125 6.6415673881482915 6.6415673881482915 6.6415673881482915 6.6415673881482915 6.6415673881482915 6.6415673881482915 6.6415673881482915 6.6415673881482915 6.6415673881482915 6.6415673881482915 6.6415673881482915 6.6415673881482915 6.6415673881482915 6.6415673881482915 6.6415673881482915 -9999.0 -9999.0 -9999.0 -9999.0 -9999.0 -9999.0 -9999.0 -9999.0 -9999.0 -9999.0 -9999.0 -9999.0 -9999.0 -9999.0 -9999.0 -9999.0 -9999.0 -9999.0
7.918401221480954 7.713631579080089 7.5088619366795735 7.304092294279057 7.099322651878541 6.894553009478026 6.68978336707751 6.485013724676993 6.280244082276478 6.075474439875961 5.870704797475446 6.6415673881482915 6.6415673881482915 6.6415673881482915 6.6415673881482915 6.6415673881482915 6.6415673881482915 6.6415673881482915 6.6415673881482915 6.6415673881482915 6.6415673881482915 6.6415673881482915 6.6415673881482915 6.6415673881482915 6.6415673881482915 6.6415673881482915 -9999.0 -9999.0 -9999.0 -9999.0 -9999.0 -9999.0 -9999.0 -9999.0 -9999.0 -9999.0 -9999.0 -9999.0 -9999.0 -9999.0 -9999.0 -9999.0 -9999.0 -9999.0
7.9991664017425474 7.783160504437979 7.567154607133779 7.351148709829579 7.1351428125253795 6.91913691522118 6.70313101791698 6.48712512061278 6.271119223308579 6.0551133260043795 5.83910742870018 6.6415673881482915 6.6415673881482915 6.6415673881482915 6.6415673881482915 6.6415673881482915 6.6415673881482915 6.6415673881482915 6.6415673881482915 6.6415673881482915 6.6415673881482915 6.6415673881482915 6.6415673881482915 6.6415673881482915 6.6415673881482915 6.6415673881482915 6.6415673881482915 -9999.0 -9999.0 -9999.0 -9999.0 -9999.0 -9999.0 -9999.0 -9999.0 -9999.0 -9999.0 -9999.0 -9999.0 -9999.0 -9999.0 -9999.0 -9999.0 -9999.0
8.079931582004175 7.852689429795898 7.62544727758801 7.398205125380121 7.170962973172232 6.9437208209643435 6.716478668756455 6.489236516548566 6.261994364340677 6.034752212132789 5.807510059924899 6.6415673881482915 6.6415673881482915 6.6415673881482915 6.6415673881482915 6.6415673881482915 6.6415673881482915 6.6415673881482915 6.6415673881482915 6.6415673881482915 6.6415673881482915 6.6415673881482915 6.6415673881482915 6.6415673881482915 6.6415673881482915 6.6415673881482915 6.6415673881482915 -9999.0 -9999.0 -9999.0 -9999.0 -9999.0 -9999.0 -9999.0 -9999.0 -9999.0 -9999.0 -9999.0 -9999.0 -9999.0 -9999.0 -9999.0 -9999.0 -9999.0
8.160696762265768 7.922218355153788 7.6837399480422155 7.445261540930643 7.20678313381907 6.968304726707498 6.729826319595924 6.491347912484352 6.252869505372779 6.014391098261206 5.7759126911496335 6.6415673881482915 6.6415673881482915 6.6415673881482915 6.6415673881482915 6.6415673881482915 6.6415673881482915 6.6415673881482915 6.6415673881482915 6.6415673881482915 6.6415673881482915 6.6415673881482915 6.6415673881482915 6.6415673881482915 6.6415673881482915 -9999.0 -9999.0 -9999.0 -9999.0 -9999.0 -9999.0 -9999.0 -9999.0 -9999.0 -9999.0 -9999.0 -9999.0 -9999.0 -9999.0 -9999.0 -9999.0 -9999.0 -9999.0 -9999.0
8.241461942527362 7.99174728051168 7.742032618496423 7.492317956481166 7.2426032944659084 6.992888632450652 6.743173970435395 6.493459308420137 6.243744646404881 5.994029984389623 5.744315322374367 6.6415673881482915 6.6415673881482915 6.6415673881482915 6.6415673881482915 6.6415673881482915 6.6415673881482915 6.6415673881482915 6.6415673881482915 6.6415673881482915 6.6415673881482915 6.6415673881482915 6.6415673881482915 6.6415673881482915 -9999.0 -9999.0 -9999.0 -9999.0 -9999.0 -9999.0 -9999.0 -9999.0 -9999.0 -9999.0 -9999.0 -9999.0 -9999.0 -9999.0 -9999.0 -9999.0 -9999.0 -9999.0 -9999.0 -9999.0
8.32222712278899 8.0612762058696 7.800325288950654 7.539374372031707 7.278423455112762 7.017472538193816 6.75652162127487 6.495570704355924 6.234619787436978 5.973668870518033 5.712717953599086 6.6415673881482915 6.6415673881482915 6.6415673881482915 6.6415673881482915 6.6415673881482915 6.6415673881482915 6.6415673881482915 6.6415673881482915 6.6415673881482915 6.6415673881482915 6.6415673881482915 -9999.0 -9999.0 -9999.0 -9999.0 -9999.0 -9999.0 -9999.0 -9999.0 -9999.0 -9999.0 -9999.0 -9999.0 -9999.0 -9999.0 -9999.0 -9999.0 -9999.0 -9999.0 -9999.0 -9999.0 -9999.0 -9999.0
8.402992303050583 8.13080513122749 7.858617959404859 7.58643078758223 7.314243615759599 7.0420564439369695 6.76986927211434 6.49768210029171 6.22549492846908 5.953307756646449 5.6811205848238195 6.6415673881482915 6.6415673881482915 6.6415673881482915 6.6415673881482915 6.6415673881482915 6.6415673881482915 6.6415673881482915 6.6415673881482915 6.6415673881482915 6.6415673881482915 -9999.0 -9999.0 -9999.0 -9999.0 -9999.0 -9999.0 -9999.0 -9999.0 -9999.0 -9999.0 -9999.0 -9999.0 -9999.0 -9999.0 -9999.0 -9999.0 -9999.0 -9999.0 -9999.0 -9999.0 -9999.0 -9999.0 -9999.0
8.483757483312178 8.200334056585382 7.916910629859067 7.633487203132752 7.350063776406438 7.0666403496801244 6.783216922953811 6.499793496227496 6.216370069501181 5.932946642774867 5.649523216048554 6.6415673881482915 6.6415673881482915 6.6415673881482915 6.6415673881482915 6.6415673881482915 6.6415673881482915 6.6415673881482915 6.6415673881482915 -9999.0 -9999.0 -9999.0 -9999.0 -9999.0 -9999.0 -9999.0 -9999.0 -9999.0 -9999.0 -9999.0 -9999.0 -9999.0 -9999.0 -9999.0 -9999.0 -9999.0 -9999.0 -9999.0 -9999.0 -9999.0 -9999.0 -9999.0 -9999.0 -9999.0
8.564522663573772 8.269862981943271 7.9752033003132725 7.6805436186832745 7.385883937053276 7.091224255423278 6.79656457379328 6.501904892163282 6.207245210533284 5.912585528903285 5.617925847273287 6.6415673881482915 6.6415673881482915 6.6415673881482915 6.6415673881482915 6.6415673881482915 6.6415673881482915 6.6415673881482915 -9999.0 -9999.0 -9999.0 -9999.0 -9999.0 -9999.0 -9999.0 -9999.0 -9999.0 -9999.0 -9999.0 -9999.0 -9999.0 -9999.0 -9999.0 -9999.0 -9999.0 -9999.0 -9999.0 -9999.0 -9999.0 -9999.0 -9999.0 -9999.0 -9999.0 -9999.0
9.1309058331625 8.783357730775196 8.435809628388483 8.088261526001771 7.74071342361506 7.393165321228349 7.045617218841636 6.698069116454924 6.350521014068213 6.002972911681502 5.655424809294789 6.6415673881482915 6.6415673881482915 6.6415673881482915 6.6415673881482915 6.6415673881482915 6.6415673881482915 6.6415673881482915 -9999.0 -9999.0 -9999.0 -9999.0 -9999.0 -9999.0 -9999.0 -9999.0 -9999.0 -9999.0 -9999.0 -9999.0 -9999.0 -9999.0 -9999.0 -9999.0 -9999.0 -9999.0 -9999.0 -9999.0 -9999.0 -9999.0 -9999.0 -9999.0 -9999.0 -9999.0
10.216384026708193 9.771423963442906 9.326463900178378 8.88150383691385 8.436543773649321 7.991583710384793 7.546623647120265 7.101663583855737 6.6567035205912095 6.211743457326682 5.766783394062154 6.6415673881482915 6.6415673881482915 6.6415673881482915 6.6415673881482915 6.6415673881482915 6.6415673881482915 6.6415673881482915 -9999.0 -9999.0 -9999.0 -9999.0 -9999.0 -9999.0 -9999.0 -9999.0 -9999.0 -9999.0 -9999.0 -9999.0 -9999.0 -9999.0 -9999.0 -9999.0 -9999.0 -9999.0 -9999.0 -9999.0 -9999.0 -9999.0 -9999.0 -9999.0 -9999.0 -9999.0
11.301862220253884 10.759490196110615 10.217118171968272 9.674746147825926 9.132374123683583 8.590002099541238 8.047630075398894 7.50525805125655 6.962886027114205 6.420514002971861 5.878141978829516 6.6415673881482915 6.6415673881482915 6.6415673881482915 6.6415673881482915 6.6415673881482915 6.6415673881482915 -9999.0 -9999.0 -9999.0 -9999.0 -9999.0 -9999.0 -9999.0 -9999.0 -9999.0 -9999.0 -9999.0 -9999.0 -9999.0 -9999.0 -9999.0 -9999.0 -9999.0 -9999.0 -9999.0 -9999.0 -9999.0 -9999.0 -9999.0 -9999.0 -9999.0 -9999.0 -9999.0
