Figures/CREST_Example_wjb_NSE/Rolling_result/20100722/BJP_forecast/ens_10/wjb.rain.20100722.asc
ncols            288
nrows            254
xllcorner        113.274861
yllcorner        31.4918055
cellsize         0.008333333333
NODATA_value     -9999
[rows 160 to 179 of 254, columns 135 to 179 of 288]
5.779668097518457 6.07352199962018 6.367375901721902 6.661229803823623 6.955083705925346 7.2489376080270675 7.54279151012879 7.836645412230512 8.130499314332734 8.424353216434458 8.718207118536178 9.012061020637901 9.10563261140423 8.985097881187636 8.86456315097104 8.744028420754447 8.62349369053785 8.502958960321257 8.382424230104661 8.261889499888067 8.141354769671473 8.020820039454671 7.900285309238077 7.779750579021482 7.515005473236955 7.096096213794551 6.677186954352148 6.258277694909744 5.839368435467341 5.420459176024936 5.001549916582533 4.5826406571401295 4.163731397697726 3.744822138255322 3.325912878812204 2.9070036193698003 2.659962603079526 2.5966526268957035 2.5333426507118806 2.4700326745280576 2.406722698344235 2.343412722160412 2.2801027459765897 2.2167927697927667 2.1534827936089442
5.7250378817622 6.006969582182434 6.288901282602668 6.5708329830229015 6.852764683443136 7.13469638386337 7.416628084283604 7.698559784703839 7.980491485124554 8.262423185544788 8.544354885965022 8.826286586385256 8.924968826181054 8.82775324766827 8.730537669155487 8.633322090642702 8.536106512129919 8.438890933617136 8.341675355104352 8.244459776591569 8.147244198078784 8.050028619565836 7.952813041053052 7.855597462540269 7.597338939557787 7.166921865992734 6.73650479242768 6.306087718862627 5.875670645297573 5.44525357173252 5.014836498167467 4.584419424602414 4.15400235103736 3.7235852774723073 3.2931682039065198 2.862751130341466 2.611424321781189 2.551549058071707 2.4916737943622254 2.431798530652743 2.3719232669432615 2.3120480032337793 2.2521727395242976 2.1922974758148155 2.132422212105334
5.67040766600594 5.940417164744686 6.210426663483433 6.480436162222179 6.750445660960925 7.020455159699671 7.290464658438418 7.560474157177164 7.830483655916371 8.100493154655117 8.370502653393864 8.64051215213261 8.744305040957874 8.670408614148903 8.59651218733993 8.52261576053096 8.448719333721986 8.374822906913014 8.300926480104042 8.22703005329507 8.153133626486097 8.079237199677 8.005340772868028 7.931444346059056 7.679672405878619 7.2377475181909166 6.7958226305032134 6.35389774281551 5.911972855127807 5.470047967440104 5.028123079752401 4.586198192064698 4.144273304376996 3.7023484166892926 3.2604235290008363 2.818498641313133 2.5628860404828524 2.5064454892477115 2.45000493801257 2.393564386777429 2.337123835542288 2.280683284307147 2.2242427330720056 2.1678021818368647 2.1113616306017233
5.6157774502496345 5.873864747306882 6.131952044364131 6.390039341421379 6.648126638478628 6.906213935535876 7.164301232593124 7.422388529650372 7.6804758267080615 7.938563123765309 8.196650420822557 8.454737717879805 8.563641255734543 8.513063980629402 8.462486705524261 8.41190943041912 8.36133215531398 8.310754880208838 8.260177605103697 8.209600329998556 8.159023054893416 8.108445779788187 8.057868504683046 8.007291229577906 7.76200587219952 7.308573170389158 6.855140468578796 6.401707766768434 5.948275064958072 5.4948423631477095 5.041409661337347 4.587976959526985 4.134544257716622 3.68111155590626 3.2276788540951244 2.7742461522847623 2.5143477591844743 2.461341920423677 2.4083360816628794 2.355330242902082 2.3023244041412845 2.2493185653804875 2.19631272661969 2.1433068878588926 2.090301049098095
5.561147234493375 5.807312329869136 6.053477425244896 6.299642520620656 6.545807615996417 6.7919727113721775 7.0381378067479385 7.284302902123699 7.53046799749988 7.77663309287564 8.0227981882514 8.26896328362716 8.382977470511367 8.355719347110037 8.328461223708707 8.301203100307378 8.273944976906048 8.246686853504718 8.219428730103388 8.192170606702058 8.164912483300728 8.137654359899352 8.110396236498023 8.083138113096693 7.844339338520352 7.379398822587341 6.914458306654328 6.449517790721316 5.984577274788305 5.5196367588552935 5.054696242922281 4.58975572698927 4.124815211056259 3.6598746951232464 3.194934179189442 2.7299936632564297 2.4658094778861375 2.416238351599681 2.3666672253132246 2.317096099026768 2.2675249727403113 2.217953846453855 2.1683827201673984 2.1188115938809418 2.069240467594485
5.5065170187371155 5.740759912431389 5.975002806125661 6.209245699819935 6.443488593514207 6.677731487208479 6.911974380902753 7.146217274597025 7.380460168291697 7.614703061985971 7.848945955680243 8.083188849374515 8.202313685288189 8.19837471359067 8.194435741893153 8.190496770195635 8.186557798498116 8.182618826800597 8.178679855103079 8.17474088340556 8.170801911708041 8.166862940010517 8.162923968312999 8.15898499661548 7.926672804841184 7.450224474785523 6.973776144729862 6.4973278146742 6.020879484618539 5.5444311545628775 5.067982824507216 4.591534494451555 4.115086164395893 3.6386378343402317 3.1621895042837584 2.685741174228097 2.4172711965878007 2.371134782775685 2.324998368963569 2.2788619551514535 2.2327255413393376 2.1865891275272222 2.1404527137151064 2.0943162999029905 2.0481798860908746
5.451886802980858 5.6742074949936425 5.896528187006427 6.118848879019213 6.3411695710319975 6.563490263044782 6.785810955057567 7.008131647070352 7.2304523390835165 7.452773031096301 7.675093723109086 7.897414415121871 8.021649900065013 8.041030080071305 8.060410260077598 8.07979044008389 8.099170620090183 8.118550800096475 8.13793098010277 8.157311160109062 8.176691340115354 8.19607152012168 8.215451700127973 8.234831880134266 8.009006271162015 7.521050126983704 7.0330939828053936 6.545137838627083 6.057181694448771 5.569225550270461 5.08126940609215 4.593313261913838 4.105357117735528 3.617400973557217 3.129444829378074 2.6414886851997634 2.368732915289464 2.326031213951689 2.283329512613914 2.240627811276139 2.1979261099383645 2.1552244086005894 2.1125227072628143 2.0698210059250397 2.0271193045872646
5.397256587224598 5.607655077555895 5.818053567887192 6.028452058218489 6.238850548549786 6.449249038881083 6.65964752921238 6.870046019543677 7.080444509875333 7.29084300020663 7.501241490537927 7.711639980869224 7.840986114841835 7.883685446551938 7.926384778262043 7.969084109972147 8.011783441682251 8.054482773392355 8.097182105102458 8.139881436812564 8.182580768522667 8.225280100232844 8.267979431942948 8.310678763653053 8.091339737482848 7.591875779181887 7.092411820880926 6.592947862579965 6.0934839042790045 5.594019945978045 5.094555987677085 4.595092029376124 4.095628071075163 3.5961641127742023 3.0967001544723907 2.59723619617143 2.320194633991127 2.2809276451276927 2.241660656264259 2.2023936674008247 2.163126678537391 2.1238596896739566 2.0845927008105227 2.0453257119470885 2.0060587230836546
5.342626371468339 5.541102660118148 5.739578948767957 5.938055237417767 6.136531526067576 6.335007814717385 6.533484103367194 6.731960392017004 6.930436680667151 7.128912969316961 7.32738925796677 7.525865546616579 7.660322329618657 7.726340813032572 7.792359296446487 7.858377779860403 7.924396263274318 7.990414746688233 8.056433230102149 8.122451713516064 8.188470196929979 8.254488680344007 8.320507163757922 8.386525647171839 8.173673203803677 7.662701431380068 7.151729658956458 6.640757886532848 6.129786114109238 5.618814341685628 5.107842569262019 4.596870796838408 4.085899024414799 3.5749272519911885 3.063955479566707 2.552983707143097 2.27165635269279 2.235824076303697 2.1999917999146037 2.1641595235255107 2.128327247136417 2.092494970747324 2.0566626943582307 2.0208304179691376 1.9849981415800442
5.2846922662762825 5.484290863741041 5.6838894612057995 5.883488058670558 6.0830866561353165 6.282685253600075 6.4822838510648335 6.681882448529592 6.881481045994691 7.081079643459449 7.280678240924207 7.480276838388965 7.6155886929722305 7.682176565319828 7.748764437667426 7.815352310015024 7.881940182362622 7.94852805471022 8.015115927057817 8.081703799405416 8.148291671753013 8.214879544100723 8.281467416448322 8.34805528879592 8.13757131478456 7.6308912693869715 7.124211223989384 6.617531178591796 6.110851133194208 5.60417108779662 5.097491042399032 4.590810997001444 4.084130951603856 3.577450906206268 3.0707708608078157 2.5640908154102275 2.2850256036462273 2.2492857983689802 2.2135459930917327 2.1778061878144857 2.142066382537238 2.106326577259991 2.0705867719827435 2.0348469667054965 1.999107161428249
5.223226511535897 5.437891177283802 5.652555843031707 5.867220508779613 6.081885174527518 6.296549840275423 6.511214506023329 6.725879171771234 6.940543837519505 7.15520850326741 7.369873169015316 7.584537834763221 7.716155816883101 7.758995015780067 7.801834214677032 7.8446734135739975 7.887512612470963 7.930351811367928 7.973191010264894 8.016030209161858 8.058869408058824 8.101708606955862 8.144547805852827 8.187387004749793 7.974869496404954 7.489369891607206 7.003870286809459 6.518370682011712 6.032871077213965 5.547371472416217 5.0618718676184695 4.576372262820723 4.090872658022976 3.605373053225229 3.1198734484266533 2.6343738436289064 2.3645701042745593 2.325350124768728 2.286130145262897 2.2469101657570656 2.2076901862512344 2.168470206745403 2.129250227239572 2.0900302477337407 2.0508102682279095
5.161760756795562 5.391491490826602 5.621222224857641 5.85095295888868 6.080683692919719 6.310414426950759 6.5401451609817975 6.769875895012837 6.999606629044268 7.229337363075308 7.459068097106346 7.688798831137386 7.816722940793886 7.835813466240239 7.854903991686593 7.873994517132946 7.893085042579299 7.912175568025653 7.931266093472006 7.950356618918359 7.969447144364713 7.988537669811099 8.007628195257452 8.026718720703805 7.812167678025487 7.347848513827563 6.883529349629638 6.419210185431713 5.954891021233789 5.490571857035864 5.026252692837939 4.561933528640015 4.097614364442091 3.6332952002441665 3.16897603604545 2.7046568718475257 2.4441146049028233 2.401414451168411 2.3587142974339987 2.3160141436995865 2.273313989965174 2.230613836230762 2.18791368249635 2.145213528761938 2.1025133750275256
5.100295002055229 5.345091804369402 5.589888606683576 5.834685408997749 6.079482211311922 6.324279013626096 6.569075815940268 6.813872618254441 7.058669420569032 7.3034662228832055 7.548263025197379 7.793059827511552 7.9172900647046704 7.912631916700412 7.907973768696153 7.903315620691894 7.898657472687636 7.893999324683377 7.889341176679118 7.88468302867486 7.880024880670601 7.875366732666334 7.870708584662076 7.866050436657817 7.649465859646019 7.206327136047918 6.763188412449816 6.320049688851714 5.876910965253613 5.433772241655511 4.990633518057409 4.547494794459308 4.104356070861206 3.661217347263104 3.2180786236642467 2.774939900066145 2.5236591055310873 2.477478777568094 2.4312984496051007 2.3851181216421073 2.3389377936791145 2.292757465716121 2.246577137753128 2.200396809790135 2.1542164818271416
5.0388292473148955 5.298692117912203 5.55855498850951 5.818417859106817 6.078280729704124 6.338143600301431 6.5980064708987385 6.857869341496046 7.117732212093795 7.377595082691103 7.6374579532884095 7.897320823885717 8.017857188615455 7.989450367160584 7.961043545705714 7.932636724250843 7.904229902795972 7.875823081341101 7.847416259886231 7.81900943843136 7.790602616976489 7.76219579552157 7.733788974066699 7.705382152611828 7.486764041266553 7.064805758268274 6.642847475269995 6.2208891922717156 5.7989309092734365 5.376972626275158 4.955014343276879 4.5330560602786 4.111097777280321 3.689139494282042 3.2671812112830434 2.8452229282847643 2.603203606159351 2.553543103967777 2.5038826017762026 2.4542220995846287 2.4045615973930543 2.3549010952014804 2.305240593009906 2.255580090818332 2.2059195886267577
4.977363492574563 5.252292431455004 5.527221370335445 5.802150309215886 6.077079248096327 6.352008186976768 6.626937125857209 6.90186606473765 7.17679500361856 7.451723942499001 7.726652881379442 8.001581820259883 8.118424312526239 8.066268817620756 8.014113322715275 7.961957827809791 7.909802332904309 7.857646837998826 7.805491343093343 7.75333584818786 7.701180353282378 7.649024858376806 7.596869363471324 7.544713868565841 7.324062222887086 6.92328438048863 6.522506538090174 6.121728695691718 5.720950853293261 5.320173010894805 4.919395168496349 4.518617326097893 4.117839483699436 3.717061641300979 3.316283798901839 2.9155059565033836 2.682748106787615 2.62960743036746 2.576466753947305 2.5233260775271495 2.4701854011069946 2.417044724686839 2.363904048266684 2.3107633718465292 2.257622695426374
4.915897737834229 5.205892744997803 5.495887752161378 5.785882759324954 6.075877766488529 6.365872773652104 6.6558677808156785 6.945862787979253 7.235857795143323 7.525852802306899 7.8158478094704735 8.105842816634048 8.218991436437024 8.14308726808093 8.067183099724835 7.99127893136874 7.915374763012645 7.83947059465655 7.763566426300455 7.6876622579443605 7.611758089588267 7.535853921232042 7.459949752875947 7.3840455845198525 7.16136040450762 6.781763002708986 6.402165600910353 6.022568199111719 5.642970797313085 5.263373395514451 4.883775993715818 4.504178591917184 4.124581190118551 3.7449837883199173 3.3653863865206364 2.985788984722003 2.762292607415879 2.705671756767143 2.649050906118407 2.5924300554696704 2.5358092048209344 2.4791883541721984 2.4225675035234624 2.365946652874726 2.30932580222599
4.854431983093843 5.159493058540564 5.464554133987286 5.769615209434008 6.074676284880729 6.379737360327451 6.684798435774173 6.989859511220894 7.294920586668137 7.599981662114859 7.90504273756158 8.210103813008303 8.319558560347893 8.219905718541167 8.12025287673444 8.020600034927712 7.920947193120986 7.8212943513142585 7.721641509507531 7.621988667700805 7.522335825894078 7.422682984087181 7.323030142280453 7.223377300473727 6.9986585861280135 6.640241624929221 6.281824663730428 5.923407702531636 5.564990741332842 5.2065737801340495 4.848156818935257 4.489739857736463 4.131322896537672 3.772905935338878 3.4144889741394744 3.0560720129406818 2.841837108044211 2.7817360831668907 2.7216350582895705 2.6615340334122504 2.6014330085349306 2.5413319836576105 2.4812309587802903 2.42112993390297 2.3610289090256504
4.792966228353509 5.113093372083365 5.43322051581322 5.753347659543076 6.073474803272932 6.393601947002788 6.7137290907326435 7.033856234462499 7.3539833781929005 7.674110521922756 7.994237665652612 8.314364809382468 8.420125684258679 8.29672416900134 8.173322653744 8.049921138486662 7.926519623229322 7.803118107971983 7.6797165927146445 7.556315077457305 7.432913562199966 7.309512046942416 7.1861105316850775 7.062709016427738 6.835956767748547 6.498720247149576 6.161483726550606 5.824247205951636 5.487010685352666 5.149774164753696 4.812537644154726 4.475301123555756 4.138064602956786 3.8008280823578153 3.46359156175827 3.1263550411593 2.9213816086724744 2.8578004095665737 2.7942192104606725 2.7306380113547712 2.6670568122488705 2.6034756131429697 2.5398944140370685 2.4763132149311673 2.4127320158252665
4.731500473613175 5.066693685626165 5.401886897639154 5.737080109652144 6.072273321665134 6.407466533678123 6.742659745691114 7.077852957704103 7.413046169717664 7.748239381730654 8.083432593743645 8.418625805756633 8.520692808169464 8.373542619461512 8.226392430753561 8.07924224204561 7.932092053337659 7.784941864629707 7.637791675921757 7.490641487213805 7.343491298505854 7.196341109797652 7.049190921089701 6.902040732381749 6.673254949369079 6.357198869369932 6.0411427893707845 5.725086709371637 5.40903062937249 5.092974549373343 4.776918469374195 4.460862389375048 4.1448063093759 3.8287502293767535 3.512694149377067 3.1966380693779195 3.0009261093007384 2.9338647359662566 2.8668033626317744 2.7997419892972926 2.7326806159628103 2.6656192426283285 2.5985578692938462 2.5314964959593644 2.4644351226248826
4.6700347188728415 5.020293999168965 5.3705532794650885 5.720812559761212 6.0710718400573365 6.42133112035346 6.771590400649584 7.121849680945708 7.472108961242428 7.822368241538552 8.172627521834675 8.522886802130799 8.621259932080248 8.450361069921685 8.279462207763121 8.108563345604558 7.937664483445995 7.766765621287432 7.595866759128869 7.424967896970306 7.254069034811742 7.0831701726528875 6.912271310494324 6.7413724483357615 6.510553130989613 6.215677491590288 5.920801852190963 5.625926212791638 5.3310505733923135 5.036174933992989 4.741299294593665 4.44642365519434 4.151548015795015 3.8566723763956907 3.561796736995863 3.2669210975965384 3.0804706099290025 3.0099290623659396 2.9393875148028763 2.8688459672398134 2.7983044196767506 2.7277628721136877 2.6572213245506244 2.5866797769875616 2.5161382294244987
