Figures/CREST_Example_wjb_NSE/Rolling_result/20100722/BJP_forecast/ens_33/wjb.rain.20100723.asc
ncols            288
nrows            254
xllcorner        113.274861
yllcorner        31.4918055
cellsize         0.008333333333
NODATA_value     -9999
[rows 60 to 79 of 254, columns 176 to 219 of 288]
21.61716421826597 21.61716421826597 21.61716421826597 21.61716421826597 21.61716421826597 21.61716421826597 21.61716421826597 21.61716421826597 21.61716421826597 21.61716421826597 21.61716421826597 21.61716421826597 21.61716421826597 21.61716421826597 21.61716421826597 21.61716421826597 21.61716421826597 21.61716421826597 21.61716421826597 21.61716421826597 21.61716421826597 21.61716421826597 21.61716421826597 21.61716421826597 21.61716421826597 21.61716421826597 21.61716421826597 21.61716421826597 21.61716421826597 21.61716421826597 21.61716421826597 21.61716421826597 21.61716421826597 21.61716421826597 -9999.0 -9999.0 -9999.0 -9999.0 -9999.0 -9999.0 -9999.0 -9999.0 -9999.0 -9999.0
6.1879144717269305 6.1874638135511 6.187013155375269 6.186562497199438 6.186111839023607 6.185661180847776 6.185210522671945 21.61716421826597 21.61716421826597 21.61716421826597 21.61716421826597 21.61716421826597 21.61716421826597 21.61716421826597 21.61716421826597 21.61716421826597 21.61716421826597 21.61716421826597 -9999.0 -9999.0 -9999.0 21.61716421826597 21.61716421826597 21.61716421826597 21.61716421826597 21.61716421826597 21.61716421826597 21.61716421826597 21.61716421826597 21.61716421826597 21.61716421826597 21.61716421826597 -9999.0 -9999.0 -9999.0 -9999.0 -9999.0 -9999.0 -9999.0 -9999.0 -9999.0 -9999.0 -9999.0 -9999.0
6.490179578826835 6.49617295619706 6.502166333567286 6.508159710937511 6.5141530883077365 6.5201464656779615 6.526139843048197 21.61716421826597 21.61716421826597 21.61716421826597 21.61716421826597 21.61716421826597 21.61716421826597 21.61716421826597 21.61716421826597 21.61716421826597 21.61716421826597 21.61716421826597 -9999.0 -9999.0 -9999.0 21.61716421826597 21.61716421826597 21.61716421826597 21.61716421826597 21.61716421826597 21.61716421826597 -9999.0 -9999.0 -9999.0 -9999.0 -9999.0 -9999.0 -9999.0 -9999.0 -9999.0 -9999.0 -9999.0 -9999.0 -9999.0 -9999.0 -9999.0 -9999.0 -9999.0
6.792444685926739 6.80488209884302 6.817319511759302 6.829756924675584 6.842194337591865 6.854631750508147 6.867069163424449 21.61716421826597 21.61716421826597 21.61716421826597 21.61716421826597 21.61716421826597 21.61716421826597 21.61716421826597 21.61716421826597 21.61716421826597 21.61716421826597 21.61716421826597 -9999.0 -9999.0 -9999.0 -9999.0 -9999.0 -9999.0 -9999.0 -9999.0 -9999.0 -9999.0 -9999.0 -9999.0 -9999.0 -9999.0 -9999.0 -9999.0 -9999.0 -9999.0 -9999.0 -9999.0 -9999.0 -9999.0 -9999.0 -9999.0 -9999.0 -9999.0
7.0947097930266425 7.11359124148898 7.132472689951318 7.151354138413655 7.170235586875993 7.189117035338331 7.207998483800701 21.61716421826597 21.61716421826597 21.61716421826597 21.61716421826597 21.61716421826597 21.61716421826597 21.61716421826597 21.61716421826597 21.61716421826597 21.61716421826597 21.61716421826597 -9999.0 -9999.0 -9999.0 -9999.0 -9999.0 -9999.0 -9999.0 -9999.0 -9999.0 -9999.0 -9999.0 -9999.0 -9999.0 -9999.0 -9999.0 -9999.0 -9999.0 -9999.0 -9999.0 -9999.0 -9999.0 -9999.0 -9999.0 -9999.0 -9999.0 -9999.0
7.396974900126547 7.422300384134941 7.447625868143334 7.4729513521517275 7.498276836160121 7.523602320168515 7.5489278041769525 21.61716421826597 21.61716421826597 21.61716421826597 21.61716421826597 21.61716421826597 21.61716421826597 21.61716421826597 21.61716421826597 21.61716421826597 21.61716421826597 21.61716421826597 21.61716421826597 -9999.0 -9999.0 -9999.0 -9999.0 -9999.0 -9999.0 -9999.0 -9999.0 -9999.0 -9999.0 -9999.0 -9999.0 -9999.0 -9999.0 -9999.0 -9999.0 -9999.0 -9999.0 -9999.0 -9999.0 -9999.0 -9999.0 -9999.0 -9999.0 -9999.0
7.699240007226709 7.731009526781164 7.762779046335619 7.794548565890075 7.82631808544453 7.858087604998985 7.889857124553495 21.61716421826597 21.61716421826597 21.61716421826597 21.61716421826597 21.61716421826597 21.61716421826597 21.61716421826597 21.61716421826597 21.61716421826597 21.61716421826597 21.61716421826597 21.61716421826597 -9999.0 -9999.0 -9999.0 -9999.0 -9999.0 -9999.0 -9999.0 -9999.0 -9999.0 -9999.0 -9999.0 -9999.0 -9999.0 -9999.0 -9999.0 -9999.0 -9999.0 -9999.0 -9999.0 -9999.0 -9999.0 -9999.0 -9999.0 -9999.0 -9999.0
8.001505114326612 8.039718669427124 8.077932224527636 8.116145779628146 8.154359334728658 8.19257288982917 8.230786444929747 21.61716421826597 21.61716421826597 21.61716421826597 21.61716421826597 21.61716421826597 21.61716421826597 21.61716421826597 21.61716421826597 21.61716421826597 21.61716421826597 21.61716421826597 21.61716421826597 21.61716421826597 -9999.0 -9999.0 -9999.0 -9999.0 -9999.0 -9999.0 -9999.0 -9999.0 -9999.0 -9999.0 -9999.0 -9999.0 -9999.0 -9999.0 -9999.0 -9999.0 -9999.0 -9999.0 -9999.0 -9999.0 -9999.0 -9999.0 -9999.0 -9999.0
8.303770221426516 8.348427812073083 8.393085402719652 8.43774299336622 8.482400584012787 8.527058174659354 8.571715765305997 21.61716421826597 21.61716421826597 21.61716421826597 21.61716421826597 21.61716421826597 21.61716421826597 21.61716421826597 21.61716421826597 21.61716421826597 21.61716421826597 21.61716421826597 21.61716421826597 -9999.0 -9999.0 -9999.0 -9999.0 -9999.0 -9999.0 -9999.0 -9999.0 -9999.0 -9999.0 -9999.0 -9999.0 -9999.0 -9999.0 -9999.0 -9999.0 -9999.0 -9999.0 -9999.0 -9999.0 -9999.0 -9999.0 -9999.0 -9999.0 -9999.0
8.60603532852642 8.657136954719045 8.708238580911669 8.759340207104291 8.810441833296915 8.861543459489539 8.91264508568225 21.61716421826597 21.61716421826597 21.61716421826597 21.61716421826597 21.61716421826597 21.61716421826597 21.61716421826597 21.61716421826597 21.61716421826597 21.61716421826597 21.61716421826597 -9999.0 -9999.0 -9999.0 -9999.0 -9999.0 -9999.0 -9999.0 -9999.0 -9999.0 -9999.0 -9999.0 -9999.0 -9999.0 -9999.0 -9999.0 -9999.0 -9999.0 -9999.0 -9999.0 -9999.0 -9999.0 -9999.0 -9999.0 -9999.0 -9999.0 -9999.0
8.908300435626323 8.965846097365004 9.023391759103683 9.080937420842364 9.138483082581043 9.196028744319724 9.253574406058501 21.61716421826597 21.61716421826597 21.61716421826597 21.61716421826597 21.61716421826597 21.61716421826597 21.61716421826597 21.61716421826597 21.61716421826597 21.61716421826597 21.61716421826597 -9999.0 -9999.0 -9999.0 -9999.0 -9999.0 -9999.0 -9999.0 -9999.0 -9999.0 -9999.0 -9999.0 -9999.0 -9999.0 -9999.0 -9999.0 -9999.0 -9999.0 -9999.0 -9999.0 -9999.0 -9999.0 -9999.0 -9999.0 -9999.0 -9999.0 -9999.0
9.210565542726227 9.274555240010963 9.3385449372957 9.402534634580435 9.466524331865172 9.530514029149908 9.594503726434754 21.61716421826597 21.61716421826597 21.61716421826597 21.61716421826597 21.61716421826597 21.61716421826597 21.61716421826597 21.61716421826597 21.61716421826597 21.61716421826597 21.61716421826597 -9999.0 -9999.0 -9999.0 -9999.0 -9999.0 -9999.0 -9999.0 -9999.0 -9999.0 -9999.0 -9999.0 -9999.0 -9999.0 -9999.0 -9999.0 -9999.0 -9999.0 -9999.0 -9999.0 -9999.0 -9999.0 -9999.0 -9999.0 -9999.0 -9999.0 -9999.0
9.51283064982639 9.583264382657187 9.653698115487984 9.724131848318782 9.79456558114958 9.864999313980377 9.935433046811294 21.61716421826597 21.61716421826597 21.61716421826597 21.61716421826597 21.61716421826597 21.61716421826597 21.61716421826597 21.61716421826597 21.61716421826597 21.61716421826597 21.61716421826597 21.61716421826597 -9999.0 -9999.0 -9999.0 -9999.0 -9999.0 -9999.0 -9999.0 -9999.0 -9999.0 -9999.0 -9999.0 -9999.0 -9999.0 -9999.0 -9999.0 -9999.0 -9999.0 -9999.0 -9999.0 -9999.0 -9999.0 -9999.0 -9999.0 -9999.0 -9999.0
9.619918852965059 9.68364643314153 9.747374013318002 9.811101593494472 9.874829173670943 9.938556753847413 10.002284334023994 21.61716421826597 21.61716421826597 21.61716421826597 21.61716421826597 21.61716421826597 21.61716421826597 21.61716421826597 21.61716421826597 21.61716421826597 21.61716421826597 21.61716421826597 21.61716421826597 21.61716421826597 21.61716421826597 21.61716421826597 -9999.0 -9999.0 -9999.0 -9999.0 -9999.0 -9999.0 -9999.0 -9999.0 -9999.0 -9999.0 -9999.0 -9999.0 -9999.0 -9999.0 -9999.0 -9999.0 -9999.0 -9999.0 -9999.0 -9999.0 -9999.0 -9999.0
9.518375251830863 9.561339957296802 9.604304662762742 9.64726936822868 9.690234073694619 9.733198779160558 9.77616348462657 21.61716421826597 21.61716421826597 21.61716421826597 21.61716421826597 21.61716421826597 21.61716421826597 21.61716421826597 21.61716421826597 21.61716421826597 21.61716421826597 21.61716421826597 21.61716421826597 21.61716421826597 21.61716421826597 21.61716421826597 21.61716421826597 21.61716421826597 21.61716421826597 -9999.0 -9999.0 -9999.0 -9999.0 -9999.0 -9999.0 -9999.0 -9999.0 -9999.0 -9999.0 -9999.0 -9999.0 -9999.0 -9999.0 -9999.0 -9999.0 -9999.0 -9999.0 -9999.0
9.416831650696665 9.439033481452073 9.46123531220748 9.483437142962888 9.505638973718296 9.527840804473703 9.550042635229149 21.61716421826597 21.61716421826597 21.61716421826597 21.61716421826597 21.61716421826597 21.61716421826597 21.61716421826597 21.61716421826597 21.61716421826597 21.61716421826597 21.61716421826597 21.61716421826597 21.61716421826597 21.61716421826597 21.61716421826597 21.61716421826597 21.61716421826597 21.61716421826597 -9999.0 -9999.0 -9999.0 -9999.0 -9999.0 21.61716421826597 -9999.0 -9999.0 -9999.0 -9999.0 -9999.0 -9999.0 -9999.0 -9999.0 -9999.0 -9999.0 -9999.0 -9999.0 -9999.0
9.315288049562469 9.316727005607344 9.31816596165222 9.319604917697097 9.321043873741973 9.322482829786848 9.323921785831727 21.61716421826597 21.61716421826597 21.61716421826597 21.61716421826597 21.61716421826597 21.61716421826597 21.61716421826597 21.61716421826597 21.61716421826597 21.61716421826597 21.61716421826597 21.61716421826597 21.61716421826597 21.61716421826597 21.61716421826597 21.61716421826597 21.61716421826597 21.61716421826597 21.61716421826597 -9999.0 -9999.0 -9999.0 21.61716421826597 21.61716421826597 -9999.0 -9999.0 -9999.0 -9999.0 -9999.0 -9999.0 -9999.0 -9999.0 -9999.0 -9999.0 -9999.0 -9999.0 -9999.0
9.21374444842827 9.194420529762615 9.17509661109696 9.155772692431304 9.13644877376565 9.117124855099995 9.097800936434306 21.61716421826597 21.61716421826597 21.61716421826597 21.61716421826597 21.61716421826597 21.61716421826597 21.61716421826597 21.61716421826597 21.61716421826597 21.61716421826597 21.61716421826597 21.61716421826597 21.61716421826597 21.61716421826597 21.61716421826597 21.61716421826597 21.61716421826597 21.61716421826597 21.61716421826597 -9999.0 -9999.0 -9999.0 21.61716421826597 21.61716421826597 -9999.0 -9999.0 -9999.0 -9999.0 -9999.0 -9999.0 -9999.0 -9999.0 -9999.0 -9999.0 -9999.0 -9999.0 -9999.0
9.112200847294075 9.072114053917888 9.0320272605417 8.991940467165513 8.951853673789326 8.911766880413138 8.871680087036884 21.61716421826597 21.61716421826597 21.61716421826597 21.61716421826597 21.61716421826597 21.61716421826597 21.61716421826597 21.61716421826597 21.61716421826597 21.61716421826597 21.61716421826597 21.61716421826597 21.61716421826597 21.61716421826597 21.61716421826597 21.61716421826597 21.61716421826597 21.61716421826597 21.61716421826597 -9999.0 -9999.0 21.61716421826597 21.61716421826597 21.61716421826597 -9999.0 -9999.0 -9999.0 -9999.0 -9999.0 -9999.0 -9999.0 -9999.0 -9999.0 -9999.0 -9999.0 -9999.0 -9999.0
9.010657246159791 8.949807578073054 8.888957909986317 8.828108241899582 8.767258573812844 8.706408905726107 8.645559237639267 21.61716421826597 21.61716421826597 21.61716421826597 21.61716421826597 21.61716421826597 21.61716421826597 21.61716421826597 21.61716421826597 21.61716421826597 21.61716421826597 21.61716421826597 21.61716421826597 21.61716421826597 21.61716421826597 21.61716421826597 21.61716421826597 21.61716421826597 21.61716421826597 21.61716421826597 21.61716421826597 21.61716421826597 21.61716421826597 21.61716421826597 -9999.0 -9999.0 -9999.0 -9999.0 -9999.0 -9999.0 -9999.0 -9999.0 -9999.0 -9999.0 -9999.0 -9999.0 -9999.0 -9999.0
