Figures/CREST_Example_wjb_NSE/Rolling_result/20100722/BJP_forecast/ens_33/wjb.rain.20100728.asc
ncols            288
nrows            254
xllcorner        113.274861
yllcorner        31.4918055
cellsize         0.008333333333
NODATA_value     -9999
[rows 120 to 143 of 254, columns 55 to 109 of 288]
0.0 0.0 0.0 0.0 0.0 0.0 0.0 0.0 0.0 0.0 0.0 0.0 0.0 0.0 0.0 0.0 0.0 0.0 0.0 0.0 0.0 0.0 0.0 0.0 0.0 0.0 0.0 0.0 0.0 0.0 0.0 0.0 0.0 0.0 0.0 0.0 0.0 0.0 0.0 0.0 0.0 0.0 0.0 0.0 0.0 0.0 0.0 0.0 0.0 0.0 0.0 0.0 0.0 0.0 0.0
0.0 0.0 0.0 0.0 0.0 0.0 0.0 0.0 0.001375897230866232 0.004222659703021896 0.007069422175182414 0.009916184647338079 0.012762947119493743 0.015609709591649406 0.01845647206380507 0.021303234535960735 0.0241499970081164 0.026996759480272064 0.02984352195242773 0.03269028442458339 0.0332063334874815 0.031230797226432454 0.02925526096538341 0.027279724704330995 0.02530418844328195 0.023328652182232908 0.02135311592118386 0.019377579660134814 0.01740204339908577 0.015426507138036723 0.01345097087698768 0.011475434615938633 0.010313809461208212 0.010022273680545642 0.00973073789988307 0.009439202119220499 0.00914766633855743 0.008856130557894859 0.008564594777232287 0.008273058996569715 0.007981523215907144 0.007689987435244574 0.007398451654582002 0.00710691587391943 0.006676109189065427 0.006096418758621057 0.0055167283281766875 0.004937037897732317 0.004357347467287947 0.0037776570368425887 0.003197966606398219 0.002618276175953849 0.0020385857455094787 0.0014588953150651094 0.0008792048846207393
0.0 0.0 0.0 0.0 0.0 0.0 0.0 0.0 0.004222541861403866 0.01295907642117108 0.021695610980953194 0.03043214554072041 0.03916868010048763 0.047905214660254845 0.05664174922002206 0.06537828377978927 0.07411481833955649 0.0828513528993237 0.09158788745909092 0.10032442201885813 0.1019081440598231 0.09584534781758552 0.08978255157534795 0.08371975533310005 0.07765695909086248 0.07159416284862491 0.06553136660638734 0.059468570364149764 0.05340577412191219 0.047342977879674626 0.04128018163743705 0.03521738539519949 0.03165243102718983 0.030757726095507008 0.029863021163824183 0.028968316232141363 0.028073611300457012 0.02717890636877419 0.02628420143709137 0.025389496505408546 0.02449479157372572 0.0236000866420429 0.02270538171036008 0.021810676778677256 0.020488558222029395 0.018709524836181584 0.016930491450333773 0.015151458064485961 0.013372424678638148 0.011593391292787305 0.009814357906939493 0.008035324521091682 0.0062562911352438706 0.0044772577493960575 0.002698224363548246
0.0 0.0 0.0 0.0 0.0 0.0 0.0 0.0 0.007069186491941504 0.021695493139320284 0.036321799786724 0.05094810643410278 0.06557441308148156 0.08020071972886034 0.09482702637623912 0.1094533330236179 0.12407963967099668 0.13870594631837546 0.15333225296575423 0.167958559613133 0.1706099546321648 0.1604598984087387 0.1503098421853126 0.14015978596186918 0.13000972973844308 0.11985967351501696 0.10970961729159086 0.09955956106816474 0.08940950484473864 0.07925944862131253 0.06910939239788642 0.05895933617446031 0.052991052593171446 0.05149317851046837 0.0499953044277653 0.04849743034506222 0.0469995562623566 0.04550168217965352 0.04400380809695045 0.042505934014247376 0.0410080599315443 0.03951018584884123 0.03801231176613815 0.03651443768343508 0.03430100725499336 0.03132263091374211 0.028344254572490856 0.025365878231239605 0.02238750188998835 0.019409125548732017 0.016430749207480767 0.013452372866229512 0.010473996524978258 0.007495620183727007 0.004517243842475753
0.0 0.0 0.0 0.0 0.0 0.0 0.0 0.0 0.009915831122481567 0.030431909857476923 0.050947988592507265 0.07146406732750261 0.09198014606249798 0.11249622479749333 0.1330123035324887 0.15352838226748405 0.1740444610024794 0.19456053973747475 0.21507661847247012 0.23559269720746545 0.239311765204565 0.22507444899994689 0.21083713279532876 0.19659981659068637 0.18236250038606824 0.16812518418145012 0.15388786797683202 0.13965055177221386 0.12541323556759576 0.11117591936297763 0.0969386031583595 0.0827012869537414 0.07432967415917124 0.0722286309254474 0.07012758769172357 0.06802654445799973 0.0659255012242723 0.06382445799054846 0.061723414756824635 0.05962237152310079 0.05752132828937695 0.05542028505565312 0.05331924182192928 0.051218198588205435 0.048113456287969106 0.04393573699131339 0.03975801769465767 0.035580298398001954 0.03140257910134624 0.027224859804683397 0.02304714050802768 0.018869421211371966 0.014691701914716249 0.010513982618060531 0.006336263321404814
0.0 0.0 0.0 0.0 0.0 0.0 0.0 0.0 0.012762475753019201 0.03916832657562611 0.06557417739827805 0.09198002822088495 0.11838587904349186 0.14479172986609878 0.1711975806887057 0.1976034315113126 0.2240092823339195 0.2504151331565264 0.2768209839791333 0.30322683480174023 0.3080135757769066 0.28968899959109995 0.2713644234052933 0.2530398472194554 0.23471527103364875 0.21639069484784212 0.19806611866203547 0.1797415424762288 0.16141696629042215 0.14309239010461552 0.12476781391880887 0.10644323773300221 0.09566829572515285 0.09296408334040877 0.09025987095566468 0.0875556585709206 0.0848514461861719 0.0821472338014278 0.07944302141668372 0.07673880903193962 0.07403459664719553 0.07133038426245145 0.06862617187770735 0.06592195949296327 0.06192590532093307 0.056548843068873915 0.051171780816814755 0.0457947185647556 0.040417656312696434 0.03504059406062811 0.029663531808568955 0.024286469556509795 0.01890940730445064 0.013532345052391481 0.008155282800332321
0.0 0.0 0.0 0.0 0.0 0.0 0.0 0.0 0.015609120383556838 0.04790474329377531 0.08020036620404886 0.11249598911426732 0.1447916120244858 0.17708723493470427 0.20938285784492272 0.2416784807551412 0.2739741036653597 0.30626972657557816 0.3385653494857966 0.37086097239601507 0.37671538634924834 0.3543035501822531 0.33189171401525797 0.30947987784822456 0.28706804168122935 0.2646562055142342 0.242244369347239 0.21983253318024382 0.19742069701324863 0.17500886084625344 0.1525970246792583 0.13018518851226307 0.11700691729113448 0.11369953575537013 0.1103921542196058 0.10708477268384145 0.10377739114807147 0.10047000961230712 0.09716262807654279 0.09385524654077844 0.0905478650050141 0.08724048346924976 0.08393310193348541 0.08062572039772108 0.07573835435389703 0.06916194914643442 0.06258554393897182 0.05600913873150923 0.04943273352404663 0.042856328316572816 0.03627992310911022 0.029703517901647623 0.02312711269418502 0.016550707486722424 0.009974302279259828
0.0 0.0 0.0 0.0 0.0 0.0 0.0 0.0 0.018455765014094475 0.05664116001192449 0.09482655500981964 0.13301195000764965 0.17119734500547967 0.2093827400033097 0.24756813500113972 0.28575352999896975 0.32393892499679977 0.3621243199946298 0.4003097149924598 0.43849510999028984 0.44541719692159 0.41891810077340624 0.39241900462522256 0.3659199084769936 0.33942081232880994 0.31292171618062625 0.2864226200324425 0.25992352388425877 0.23342442773607508 0.2069253315878914 0.18042623543970765 0.15392713929152396 0.1383455388571161 0.1344349881703315 0.13052443748354692 0.1266138867967623 0.12270333610997106 0.11879278542318646 0.11488223473640187 0.11097168404961727 0.10706113336283268 0.1031505826760481 0.0992400319892635 0.0953294813024789 0.089550803386861 0.08177505522399495 0.07399930706112891 0.06622355889826287 0.05844781073539683 0.05067206257251753 0.04289631440965149 0.03512056624678545 0.027344818083919406 0.019569069921053367 0.011793321758187328
0.0 0.0 0.0 0.0 0.0 0.0 0.0 0.0 0.02130240964463211 0.06537757673007369 0.10945274381559043 0.15352791090103202 0.1976030779864736 0.24167824507191518 0.2857534121573568 0.32982857924279835 0.3739037463282399 0.41797891341368154 0.4620540804991231 0.5061292475845647 0.5141190074939316 0.48353265136455936 0.45294629523518715 0.42235993910576275 0.3917735829763905 0.3611872268470182 0.330600870717646 0.3000145145882738 0.2694281584589015 0.23884180232952928 0.208255446200157 0.1776690900707848 0.15968416042309772 0.15517044058529286 0.150656720747488 0.14614300090968319 0.14162928107187064 0.1371155612340658 0.13260184139626094 0.12808812155845611 0.12357440172065126 0.11906068188284641 0.11454696204504157 0.11003324220723673 0.10336325241982496 0.09438816130155547 0.085413070183286 0.07643797906501651 0.06746288794674704 0.058487796828462245 0.04951270571019276 0.04053761459192329 0.031562523473653806 0.022587432355384324 0.013612341237114842
0.0 0.0 0.0 0.0 0.0 0.0 0.0 0.0 0.024149054275169744 0.07411399344822288 0.12407893262136123 0.17404387179441436 0.2240088109674675 0.2739737501405206 0.3239386893135738 0.3739036284866269 0.42386856765968006 0.4738335068327332 0.5237984460057863 0.5737633851788394 0.5828208180662732 0.5481472019557124 0.5134735858451517 0.47879996973453176 0.444126353623971 0.40945273751341027 0.3747791214028495 0.3401055052922887 0.305431889181728 0.2707582730711672 0.23608465696060643 0.2014110408500457 0.18102278198907934 0.17590589300025422 0.17078900401142913 0.16567211502260404 0.1605552260337702 0.1554383370449451 0.15032144805612002 0.14520455906729493 0.14008767007846984 0.13497078108964472 0.12985389210081963 0.12473700311199454 0.11717570145278891 0.107001267379116 0.09682683330544307 0.08665239923177015 0.07647796515809724 0.06630353108440695 0.05612909701073404 0.045954662937061116 0.03578022886338819 0.025605794789715267 0.015431360716042355
0.0 0.0 0.0 0.0 0.0 0.0 0.0 0.0 0.026995698905707383 0.08285041016637208 0.13870512142713204 0.19455983268779672 0.2504145439484614 0.3062692552091261 0.36212396646979084 0.4179786777304555 0.4738333889911202 0.5296881002517849 0.5855428115124496 0.6413975227731143 0.6515226286386149 0.6127617525468656 0.5740008764551163 0.5352400003633009 0.4964791242715516 0.4577182481798023 0.418957372088053 0.3801964959963037 0.34143561990455434 0.30267474381280507 0.26391386772105574 0.22515299162930646 0.20236140355506094 0.1966413454152156 0.19092128727537025 0.1852012291355249 0.1794811709956698 0.17376111285582446 0.1680410547159791 0.16232099657613375 0.15660093843628842 0.15088088029644306 0.1451608221565977 0.13944076401675237 0.13098815048575288 0.11961437345667653 0.10824059642760016 0.09686681939852379 0.08549304236944744 0.07411926534035168 0.06274548831127531 0.051371711282198945 0.03999793425312258 0.028624157224046223 0.017250380194969855
0.0 0.0 0.0 0.0 0.0 0.0 0.0 0.0 0.029842343536247446 0.09158682688452872 0.1533313102329153 0.21507579358119658 0.27682027692947786 0.3385647602777591 0.40030924362604037 0.4620537269743217 0.523798210322603 0.5855426936708842 0.6472871770191655 0.7090316603674468 0.7202244392110151 0.6773763031380738 0.6345281670651325 0.5916800309921181 0.5488318949191767 0.5059837588462355 0.4631356227732941 0.42028748670035276 0.37743935062741146 0.3345912145544701 0.2917430784815288 0.24889494240858745 0.22370002512106074 0.21737679783019462 0.21105357053932852 0.2047303432484624 0.1984071159575855 0.19208388866671938 0.1857606613758533 0.1794374340849872 0.17311420679412107 0.16679097950325494 0.16046775221238885 0.15414452492152272 0.14480059951872862 0.1322274795342478 0.11965435954976697 0.10708123956528615 0.09450811958080532 0.08193499959630304 0.06936187961182222 0.05678875962734138 0.04421563964286056 0.031642519658379734 0.019069399673898896
0.0 0.0 0.0 0.0 0.0 0.0 0.0 0.0 0.03268898816678508 0.10032324360267791 0.1679574990386861 0.23559175447457892 0.30322600991047177 0.3708602653463646 0.4384945207822574 0.5061287762181502 0.5737630316540431 0.6413972870899359 0.7090315425258288 0.7766657979617216 0.7889262497833568 0.741990853729227 0.6950554576750971 0.6481200616208872 0.6011846655667574 0.5542492695126275 0.5073138734584977 0.4603784774043678 0.413443081350238 0.3665076852961081 0.3195722892419783 0.27263689318784845 0.24503864668704237 0.238112250245156 0.23118585380326961 0.22425945736138325 0.2173330609194851 0.21040666447759873 0.20348026803571237 0.196553871593826 0.18962747515193962 0.18270107871005326 0.1757746822681669 0.16884828582628053 0.1586130485516926 0.14484058561180832 0.13106812267192405 0.11729565973203979 0.10352319679215552 0.08975073385224776 0.07597827091236349 0.062205807972479224 0.04843334503259494 0.034660882092710676 0.02088841915282641
0.0 0.0 0.0 0.0 0.0 0.0 0.0 0.0 0.032783838338323275 0.10061434092317102 0.16844484350813443 0.2362753460929822 0.30410584867782997 0.3719363512626777 0.43976685384752545 0.5075973564323731 0.5754278590172209 0.6432583616020687 0.7110888641869164 0.7789193667717642 0.7912153934466951 0.7441438099295506 0.6970722264124063 0.6500006428951816 0.6029290593780372 0.5558574758608927 0.5087858923437483 0.4617143088266039 0.4146427253094595 0.3675711417923151 0.3204995582751707 0.27342797475802627 0.24574964935109447 0.2388031553189339 0.23185666128677332 0.22491016725461274 0.21796367322244034 0.21101717919027976 0.20407068515811919 0.19712419112595864 0.19017769709379806 0.18323120306163748 0.1762847090294769 0.16933821499731633 0.15907327921978678 0.14526085418423634 0.13144842914868593 0.11763600411313548 0.10382357907758505 0.09001115404201104 0.0761987290064606 0.062386303970910176 0.048573878935359735 0.03476145389980928 0.020949028864258867
0.0 0.0 0.0 0.0 0.0 0.0 0.0 0.0 0.02993719370778564 0.09187792420502183 0.15381865470236364 0.21575938519959983 0.277700115696836 0.3396408461940722 0.4015815766913084 0.4635223071885446 0.5254630376857807 0.587403768183017 0.6493444986802531 0.7112852291774894 0.7225135828743534 0.6795292593383975 0.6365449358024416 0.5935606122664124 0.5505762887304566 0.5075919651945007 0.46460764165854485 0.42162331812258896 0.3786389945866331 0.3356546710506772 0.2926703475147214 0.2496860239787655 0.22441102778511285 0.21806770290397254 0.21172437802283223 0.2053810531416919 0.19903772826054075 0.19269440337940044 0.18635107849826013 0.1800077536171198 0.17366442873597948 0.16732110385483917 0.16097777897369886 0.15463445409255855 0.14526083018682284 0.13264774810667584 0.12003466602652885 0.10742158394638185 0.09480850186623485 0.08219541978606634 0.06958233770591934 0.05696925562577233 0.044356173545625335 0.03174309146547834 0.019130009385331326
0.0 0.0 0.0 0.0 0.0 0.0 0.0 0.0 0.027090549077248005 0.08314150748687264 0.13919246589659287 0.1952434243062175 0.25129438271584215 0.30734534112546674 0.3633962995350914 0.41944725794471605 0.47549821635434064 0.5315491747639653 0.58760013317359 0.6436510915832145 0.6538117723020118 0.6149147087472444 0.5760176451924771 0.5371205816376434 0.49822351808287607 0.4593264545281087 0.42042939097334137 0.381532327418574 0.34263526386380666 0.3037382003090393 0.26484113675427196 0.2259440731995046 0.20307240621913125 0.19733225048901118 0.1915920947588911 0.18585193902877106 0.1801117832986412 0.17437162756852112 0.16863147183840105 0.162891316108281 0.1571511603781609 0.15141100464804086 0.1456708489179208 0.13993069318780071 0.13144838115385887 0.12003464202911532 0.10862090290437176 0.09720716377962821 0.08579342465488465 0.07437968553012163 0.06296594640537806 0.051552207280634504 0.04013846815589095 0.028724729031147395 0.017310989906403826
0.0 0.0 0.0 0.0 0.0 0.0 0.0 0.0 0.024243904446710367 0.07440509076872344 0.12456627709082206 0.17472746341283513 0.2248886497348482 0.2750498360568613 0.32521102237887434 0.37537220870088744 0.4255333950229005 0.47569458134491355 0.5258557676669267 0.5760169539889397 0.5851099617296701 0.5503001581560912 0.5154903545825125 0.4806805510088743 0.4458707474352955 0.41106094386171665 0.37625114028813783 0.341441336714559 0.3066315331409802 0.27182172956740136 0.2370119259938226 0.20220212242024377 0.18173378465314965 0.17659679807404982 0.17145981149495002 0.16632282491585018 0.1611858383367416 0.1560488517576418 0.15091186517854197 0.14577487859944216 0.14063789202034233 0.13550090544124252 0.1303639188621427 0.12522693228304288 0.11763593212089492 0.10742153595155479 0.09720713978221468 0.08699274361287457 0.07677834744353446 0.06656395127417691 0.05634955510483679 0.046135158935496676 0.035920762766156564 0.025706366596816438 0.015491970427476326
0.0 0.0 0.0 0.0 0.0 0.0 0.0 0.0 0.021397259816170303 0.0656686740505668 0.10994008828503879 0.15421150251943527 0.19848291675383178 0.24275433098822827 0.28702574522262475 0.33129715945702126 0.3755685736914178 0.4198399879258143 0.46411140216021074 0.5083828163946073 0.5164081511572699 0.4856856075648831 0.4549630639724963 0.4242405203800571 0.3935179767876703 0.3627954331952835 0.3320728896028967 0.30135034601050986 0.27062780241812306 0.23990525882573627 0.20918271523334947 0.17846017164096267 0.16039516308714982 0.15586134565907075 0.15132752823099171 0.14679371080291265 0.1422598933748259 0.13772607594674682 0.13319225851866778 0.12865844109058872 0.12412462366250968 0.11959080623443062 0.11505698880635157 0.11052317137827253 0.10382348308791918 0.09480842987398352 0.08579337666004787 0.07677832344611221 0.06776327023217657 0.05874821701822554 0.04973316380428989 0.04071811059035424 0.031703057376418584 0.022688004162482928 0.013672950948547272
0.0 0.0 0.0 0.0 0.0 0.0 0.0 0.0 0.01855061518563267 0.056932257332417614 0.09531389947926801 0.13369554162605296 0.1720771837728379 0.21045882591962284 0.24884046806640778 0.2872221102131927 0.3256037523599777 0.3639853945067626 0.40236703665354756 0.44074867880033247 0.44770634058492825 0.42107105697372993 0.39443577336253166 0.367800489751288 0.3411652061400897 0.31452992252889145 0.2878946389176932 0.2612593553064949 0.23462407169529662 0.20798878808409832 0.18135350447290005 0.15471822086170178 0.1390565415211682 0.1351258932441094 0.1311952449670506 0.1272645966899918 0.1233339484129263 0.1194033001358675 0.1154726518588087 0.1115420035817499 0.1076113553046911 0.1036807070276323 0.0997500587505735 0.0958194104735147 0.09001103405495521 0.082195323796423 0.07437961353789078 0.06656390327935857 0.058748193020826366 0.05093248276228082 0.04311677250374861 0.035301062245216404 0.027485351986684198 0.019669641728151985 0.011853931469619772
0.0 0.0 0.0 0.0 0.0 0.0 0.0 0.0 0.015703970555095034 0.04819584061426841 0.0806877106734972 0.11317958073267058 0.14567145079184396 0.17816332085101735 0.21065519091019072 0.24314706096936411 0.2756389310285375 0.30813080108771085 0.34062267114688427 0.37311454120605764 0.3790045300125866 0.35645650638257687 0.3339084827525671 0.3113604591225189 0.2888124354925092 0.26626441186249944 0.24371638823248967 0.22116836460247993 0.1986203409724702 0.17607231734246045 0.15352429371245072 0.13097627008244095 0.11771791995518659 0.11439044082914804 0.11106296170310949 0.10773548257707094 0.10440800345102672 0.10108052432498818 0.09775304519894963 0.09442556607291108 0.09109808694687253 0.08777060782083398 0.08444312869479544 0.08111564956875689 0.07619858502199126 0.06958221771886249 0.06296585041573372 0.056349483112604945 0.049733115809476175 0.043116748506336115 0.036500381203207345 0.029884013900078575 0.023267646596949805 0.016651279293821042 0.010034911990692272
0.0 0.0 0.0 0.0 0.0 0.0 0.0 0.0 0.012857325924557397 0.03945942389611922 0.0660615218677264 0.09266361983928824 0.11926571781085006 0.14586781578241187 0.17246991375397372 0.19907201172553554 0.22567410969709736 0.25227620766865916 0.278878305640221 0.3054804036117828 0.3103027194402449 0.2918419557914237 0.2733811921426025 0.2549204284937498 0.23645966484492859 0.21799890119610738 0.19953813754728617 0.18107737389846496 0.16261661024964374 0.14415584660082253 0.12569508295200132 0.10723431930318011 0.09637929838920496 0.09365498841418667 0.09093067843916837 0.08820636846415009 0.08548205848912714 0.08275774851410884 0.08003343853909055 0.07730912856407225 0.07458481858905396 0.07186050861403566 0.06913619863901736 0.06641188866399907 0.062386135989027286 0.05696911164130196 0.051552087293576625 0.04613506294585129 0.040718038598125963 0.035301014250391394 0.029883989902666067 0.02446696555494074 0.019049941207215412 0.013632916859490078 0.008215892511764751
0.0 0.0 0.0 0.0 0.0 0.0 0.0 0.0 0.01001068129401976 0.030723007177970028 0.051435333061955614 0.07214765894590588 0.09285998482985615 0.11357231071380641 0.1342846365977567 0.15499696248170694 0.17570928836565722 0.1964216142496075 0.21713394013355775 0.23784626601750802 0.24160090886790328 0.2272274052002706 0.21285390153263792 0.19848039786498073 0.18410689419734805 0.16973339052971537 0.15535988686208269 0.14098638319445 0.12661287952681732 0.11223937585918464 0.09786587219155196 0.08349236852391928 0.07504067682322337 0.07291953599922532 0.07079839517522728 0.06867725435122923 0.06655611352722757 0.06443497270322952 0.06231383187923147 0.06019269105523343 0.058071550231235385 0.055950409407237334 0.05382926858323929 0.051708127759241246 0.048573686956063324 0.04435600556374143 0.04013832417141955 0.035920642779097664 0.03170296138677577 0.02748527999444669 0.023267598602124802 0.019049917209802918 0.014832235817481026 0.010614554425159142 0.006396873032837251
0.0 0.0 0.0 0.0 0.0 0.0 0.0 0.0 0.007164036663482124 0.021986590459820834 0.036809144256184825 0.05163169805252353 0.06645425184886224 0.08127680564520096 0.09609935944153966 0.11092191323787838 0.12574446703421707 0.1405670208305558 0.1553895746268945 0.17021212842323322 0.17289909829556163 0.16261285460911748 0.15232661092267333 0.14204036723621163 0.13175412354976748 0.12146787986332333 0.11118163617687918 0.10089539249043504 0.09060914880399089 0.08032290511754674 0.07003666143110258 0.05975041774465843 0.05370205525724174 0.05218408358426395 0.05066611191128616 0.04914814023830836 0.04763016856532798 0.04611219689235019 0.044594225219372396 0.0430762535463946 0.04155828187341681 0.040040310200439015 0.03852233852746122 0.037004366854483425 0.03476123792309936 0.03174289948618091 0.028724561049262468 0.02570622261234402 0.022687884175425575 0.01966954573850198 0.01665120730158353 0.013632868864665085 0.010614530427746637 0.007596191990828189 0.004577853553909744
0.0 0.0 0.0 0.0 0.0 0.0 0.0 0.0 0.004317392032944488 0.013250173741671641 0.02218295545041403 0.03111573715914118 0.04004851886786834 0.04898130057659549 0.057914082285322646 0.0668468639940498 0.07577964570277695 0.0847124274115041 0.09364520912023126 0.10257799082895841 0.10419728772321997 0.09799830401796435 0.09179932031270874 0.08560033660744254 0.07940135290218692 0.07320236919693131 0.06700338549167568 0.06080440178642007 0.05460541808116445 0.04840643437590883 0.04220745067065322 0.0360084669653976 0.03236343369126012 0.031448631169302584 0.03053382864734504 0.0296190261253875 0.0287042236034284 0.027789421081470856 0.026874618559513314 0.025959816037555775 0.025045013515598232 0.02413021099364069 0.023215408471683147 0.022300605949725605 0.0209487888901354 0.019129793408620394 0.01731079792710539 0.01549180244559038 0.013672806964075374 0.011853811482557266 0.01003481600104226 0.008215820519527255 0.006396825038012248 0.004577829556497243 0.0027588340749822374
