Figures/CREST_Example_wjb_NSE/Rolling_result/20100722/BJP_forecast/ens_33/wjb.rain.20090916.asc
ncols            288
nrows            254
xllcorner        113.274861
yllcorner        31.4918055
cellsize         0.008333333333
NODATA_value     -9999
[rows 140 to 159 of 254, columns 0 to 44 of 288]
-9999.0 4.295039397088912 4.295039397088912 4.312456559891373 4.348493063257209 4.384529566623044 4.420566069988879 4.456602573354714 4.4926390767205495 4.528675580086384 4.5647120834522195 4.600748586818055 4.63678509018389 4.672821593549786 4.7088580969156215 4.722529227005252 4.7122912676879825 4.702053308370713 4.691815349053444 4.681577389736176 4.671339430418906 4.661101471101637 4.650863511784369 4.6406255524671 4.63038759314983 4.620149633832561 4.609911674515275 4.604621925684174 4.604621925684174 4.604621925684174 4.604621925684174 4.604621925684174 4.604621925684174 4.604621925684174 4.604621925684174 4.604621925684174 4.604621925684174 4.604621925684174 4.604621925684174 4.5925956060477855 4.567712878920458 4.54283015179313 4.517947424665803 4.493064697538476 4.468181970411148
-9999.0 -9999.0 4.075991142440169 4.0908202699880025 4.121502069937323 4.1521838698866445 4.182865669835966 4.213547469785286 4.244229269734608 4.274911069683928 4.30559286963325 4.336274669582571 4.366956469531892 4.3976382694812655 4.428320069430587 4.43845416705059 4.426622306578554 4.414790446106517 4.40295858563448 4.391126725162444 4.379294864690407 4.36746300421837 4.355631143746333 4.343799283274296 4.3319674228022595 4.320135562330223 4.308303701858166 4.302190416176698 4.302190416176698 4.302190416176698 4.302190416176698 4.302190416176698 4.302190416176698 4.302190416176698 4.302190416176698 4.302190416176698 4.302190416176698 4.302190416176698 4.302190416176698 4.295146208985593 4.280571585105293 4.265996961224994 4.251422337344694 4.236847713464394 4.222273089584095
-9999.0 -9999.0 3.8569428877914262 3.869183980084631 3.894511076617438 3.9198381731502447 3.9451652696830517 3.970492366215859 3.995819462748666 4.021146559281473 4.04647365581428 4.071800752347087 4.097127848879894 4.122454945412745 4.147782041945551 4.15437910709593 4.140953345469126 4.127527583842321 4.114101822215517 4.100676060588712 4.087250298961908 4.073824537335103 4.060398775708299 4.046973014081494 4.03354725245469 4.020121490827885 4.006695729201057 3.999758906669223 3.999758906669223 3.999758906669223 3.999758906669223 3.999758906669223 3.999758906669223 3.999758906669223 3.999758906669223 3.999758906669223 3.999758906669223 3.999758906669223 3.999758906669223 3.9976968119234018 3.99343029129013 3.989163770656858 3.984897250023586 3.980630729390314 3.9763642087570417
-9999.0 -9999.0 3.6378946331426834 3.647547690181259 3.667520083297552 3.687492476413845 3.707464869530138 3.727437262646431 3.747409655762724 3.7673820488790173 3.7873544419953102 3.807326835111603 3.827299228227896 3.847271621344223 3.867244014460516 3.870304047141269 3.8552843843596967 3.8402647215781247 3.8252450587965523 3.81022539601498 3.7952057332334075 3.7801860704518355 3.765166407670263 3.7501467448886907 3.7351270821071187 3.7201074193255463 3.7050877565439486 3.6973273971617475 3.6973273971617475 3.6973273971617475 3.6973273971617475 3.6973273971617475 3.6973273971617475 3.6973273971617475 3.6973273971617475 3.6973273971617475 3.6973273971617475 3.6973273971617475 3.6973273971617475 3.7002474148612094 3.706288997474965 3.7123305800887207 3.7183721627024764 3.7244137453162325 3.730455327929988
-9999.0 -9999.0 3.4188463784937535 3.4259114002776987 3.4405290899774728 3.4551467796772473 3.4697644693770218 3.484382159076796 3.4989998487765703 3.513617538476345 3.528235228176119 3.5428529178758934 3.5574706075756675 3.572088297275467 3.5867059869752413 3.5862289871863657 3.5696154232500246 3.553001859313683 3.536388295377342 3.519774731441 3.503161167504659 3.4865476035683174 3.469934039631976 3.4533204756956346 3.4367069117592934 3.4200933478229523 3.4034797838865822 3.3948958876540143 3.3948958876540143 3.3948958876540143 3.3948958876540143 3.3948958876540143 3.3948958876540143 3.3948958876540143 3.3948958876540143 3.3948958876540143 3.3948958876540143 3.3948958876540143 3.3948958876540143 3.4027980177987636 3.4191477036595557 3.435497389520348 3.4518470753811403 3.4681967612419324 3.484546447102725
-9999.0 -9999.0 3.313784894334516 3.3190613138642395 3.3299783450879232 3.3408953763116065 3.3518124075352898 3.362729438758973 3.3736464699826567 3.38456350120634 3.3954805324300232 3.4063975636537065 3.41731459487739 3.428231626101092 3.4391486573247754 3.4364001421802133 3.419042849177241 3.401685556174269 3.3843282631712968 3.3669709701683246 3.3496136771653524 3.3322563841623802 3.3148990911594085 3.2975417981564363 3.280184505153464 3.262827212150492 3.24546991914749 3.2365017529799722 3.2365017529799722 3.2365017529799722 3.2365017529799722 3.2365017529799722 3.2365017529799722 3.2365017529799722 3.2365017529799722 3.2365017529799722 3.2365017529799722 3.2365017529799722 3.2365017529799722 3.247987636021545 3.2717521876201165 3.2955167392186877 3.319281290817259 3.34304584241583 3.366810394014401
3.330568082275801 3.330568082275801 3.330568082275801 3.3349104430336975 3.343894885554123 3.352879328074549 3.3618637705949745 3.3708482131154 3.379832655635826 3.3888170981562515 3.397801540676677 3.406785983197103 3.4157704257175285 3.4247548682379696 3.433739310758395 3.430072038276672 3.4128797965757314 3.3956875548747907 3.37849531317385 3.3613030714729097 3.344110829771969 3.3269185880710284 3.3097263463700877 3.292534104669147 3.2753418629682063 3.258149621267266 3.240957379566296 3.23207449210569 3.23207449210569 3.23207449210569 3.23207449210569 3.23207449210569 3.23207449210569 3.23207449210569 3.23207449210569 3.23207449210569 3.23207449210569 3.23207449210569 3.23207449210569 3.2456493698372437 3.2737360986615016 3.30182282748576 3.3299095563100183 3.357996285134276 3.3860830139585345
3.3473512702170853 3.3473512702170853 3.3473512702170853 3.3507595722031547 3.357811426020323 3.364863279837491 3.371915133654659 3.378966987471827 3.3860188412889953 3.393070695106163 3.4001225489233313 3.407174402740499 3.4142262565576673 3.4212781103748475 3.4283299641920153 3.423743934373131 3.406716743974222 3.389689553575313 3.3726623631764037 3.3556351727774945 3.3386079823785852 3.3215807919796765 3.3045536015807673 3.287526411181858 3.270499220782949 3.2534720303840396 3.2364448399851016 3.2276472312314075 3.2276472312314075 3.2276472312314075 3.2276472312314075 3.2276472312314075 3.2276472312314075 3.2276472312314075 3.2276472312314075 3.2276472312314075 3.2276472312314075 3.2276472312314075 3.2276472312314075 3.243311103652942 3.275720009702887 3.308128915752832 3.3405378218027773 3.3729467278527228 3.405355633902668
-9999.0 3.36413445815837 3.36413445815837 3.3666087013726123 3.3717279664865227 3.376847231600433 3.3819664967143432 3.3870857618282537 3.392205026942164 3.3973242920560747 3.402443557169985 3.407562822283895 3.4126820873978057 3.417801352511725 3.4229206176256355 3.4174158304695896 3.4005536913727124 3.3836915522758346 3.366829413178957 3.349967274082079 3.333105134985202 3.316242995888324 3.2993808567914464 3.282518717694569 3.2656565785976914 3.2487944395008137 3.2319323004039076 3.223219970357125 3.223219970357125 3.223219970357125 3.223219970357125 3.223219970357125 3.223219970357125 3.223219970357125 3.223219970357125 3.223219970357125 3.223219970357125 3.223219970357125 3.223219970357125 3.2409728374686404 3.2777039207442726 3.314435004019905 3.3511660872955367 3.387897170571169 3.4246282538468007
-9999.0 3.380917646099655 3.380917646099655 3.38245783054207 3.3856445069527226 3.3888311833633753 3.392017859774028 3.3952045361846808 3.3983912125953335 3.4015778890059862 3.404764565416639 3.4079512418272917 3.4111379182379444 3.4143245946486025 3.4175112710592552 3.4110877265660484 3.394390638771202 3.3776935509763564 3.36099646318151 3.3442993753866643 3.327602287591818 3.310905199796972 3.294208112002126 3.27751102420728 3.260813936412434 3.2441168486175878 3.227419760822713 3.218792709482843 3.218792709482843 3.218792709482843 3.218792709482843 3.218792709482843 3.218792709482843 3.218792709482843 3.218792709482843 3.218792709482843 3.218792709482843 3.218792709482843 3.218792709482843 3.238634571284339 3.279687831785658 3.320741092286977 3.361794352788296 3.402847613289615 3.4439008737909345
-9999.0 -9999.0 3.397700834040954 3.398306959711541 3.399561047418935 3.400815135126328 3.4020692228337213 3.403323310541115 3.404577398248508 3.4058314859559013 3.407085573663295 3.4083396613706882 3.4095937490780814 3.410847836785477 3.4121019244928705 3.404759622662502 3.3882275861696876 3.371695549676873 3.3551635131840585 3.338631476691244 3.32209944019843 3.305567403705615 3.2890353672128008 3.2725033307199864 3.255971294227172 3.2394392577343574 3.222907221241515 3.2143654486085564 3.2143654486085564 3.2143654486085564 3.2143654486085564 3.2143654486085564 3.2143654486085564 3.2143654486085564 3.2143654486085564 3.2143654486085564 3.2143654486085564 3.2143654486085564 3.2143654486085564 3.2362963051000353 3.281671742827045 3.3270471805540547 3.3724226182810644 3.417798056008074 3.4631734937350838
-9999.0 -9999.0 -9999.0 -9999.0 -9999.0 -9999.0 3.4121205858934056 3.4114420848975415 3.410763583901677 3.410085082905813 3.4094065819099484 3.4087280809140843 3.40804957991822 3.4073710789223544 3.4066925779264903 3.3984315187589607 3.3820645335681774 3.3656975483773945 3.3493305631866117 3.332963577995829 3.316596592805046 3.300229607614263 3.2838626224234804 3.267495637232697 3.2511286520419143 3.2347616668511314 3.2183946816603206 3.209938187734274 3.209938187734274 3.209938187734274 3.209938187734274 3.209938187734274 3.209938187734274 3.209938187734274 3.209938187734274 3.209938187734274 3.209938187734274 3.209938187734274 3.209938187734274 3.2339580389157336 3.2836556538684305 3.333353268821127 3.383050883773824 3.43274849872652 3.482446113679217
-9999.0 -9999.0 -9999.0 -9999.0 -9999.0 3.4247830386522127 3.4221719489530904 3.4195608592539686 3.4169497695548467 3.414338679855725 3.4117275901566027 3.409116500457481 3.406505410758359 3.4038943210592323 3.4012832313601105 3.3921034148554194 3.375901480966668 3.3596995470779167 3.3434976131891654 3.327295679300414 3.3110937454116627 3.2948918115229113 3.27868987763416 3.262487943745408 3.246286009856657 3.2300840759679055 3.2138821420791266 3.2055109268599917 3.2055109268599917 3.2055109268599917 3.2055109268599917 3.2055109268599917 3.2055109268599917 3.2055109268599917 3.2055109268599917 3.2055109268599917 3.2055109268599917 3.2055109268599917 3.2055109268599917 3.231619772731432 3.2856395649098156 3.3396593570881996 3.393679149266583 3.447698941444967 3.5017187336233504
-9999.0 -9999.0 -9999.0 -9999.0 3.4413106688175343 3.4367669904151548 3.432223312012775 3.427679633610395 3.4231359552080156 3.418592276805636 3.4140485984032565 3.409504920000877 3.4049612415984973 3.4004175631961098 3.39587388479373 3.3857753109518782 3.3697384283651584 3.3537015457784385 3.3376646631917186 3.3216277806049987 3.305590898018279 3.289554015431559 3.273517132844839 3.2574802502581193 3.2414433676713994 3.2254064850846795 3.209369602497932 3.2010836659857094 3.2010836659857094 3.2010836659857094 3.2010836659857094 3.2010836659857094 3.2010836659857094 3.2010836659857094 3.2010836659857094 3.2010836659857094 3.2010836659857094 3.2010836659857094 3.2010836659857094 3.2292815065471308 3.287623475951201 3.345965445355272 3.404307414759342 3.462649384163413 3.5209913535674833
-9999.0 -9999.0 -9999.0 -9999.0 3.4552272092837337 3.448750942178097 3.4422746750724595 3.4357984079668222 3.429322140861185 3.4228458737555476 3.4163696066499103 3.409893339544273 3.4034170724386357 3.3969408053329873 3.39046453822735 3.379447207048337 3.3635753757636486 3.3477035444789602 3.331831713194272 3.3159598819095835 3.300088050624895 3.2842162193402067 3.2683443880555183 3.2524725567708304 3.236600725486142 3.2207288942014536 3.204857062916738 3.196656405111427 3.196656405111427 3.196656405111427 3.196656405111427 3.196656405111427 3.196656405111427 3.196656405111427 3.196656405111427 3.196656405111427 3.196656405111427 3.196656405111427 3.196656405111427 3.226943240362829 3.2896073869925866 3.352271533622344 3.4149356802521016 3.4775998268818595 3.540263973511617
-9999.0 -9999.0 -9999.0 -9999.0 -9999.0 -9999.0 3.452326038132144 3.4439171823232493 3.4355083265143542 3.427099470705459 3.418690614896564 3.410281759087669 3.401872903278774 3.3934640474698647 3.38505519166097 3.3731191031447953 3.357412323162139 3.341705543179482 3.325998763196825 3.310291983214168 3.2945852032315113 3.278878423248855 3.263171643266198 3.247464863283541 3.231758083300884 3.2160513033182276 3.2003445233355436 3.1922291442371447 3.1922291442371447 3.1922291442371447 3.1922291442371447 3.1922291442371447 3.1922291442371447 3.1922291442371447 3.1922291442371447 3.1922291442371447 3.1922291442371447 3.1922291442371447 3.1922291442371447 3.2246049741785274 3.291591298033972 3.3585776218894168 3.425563945744861 3.4925502696003057 3.55953659345575
-9999.0 -9999.0 -9999.0 -9999.0 -9999.0 -9999.0 -9999.0 -9999.0 3.4416945121675235 3.4313530676553707 3.4210116231432184 3.4106701786310656 3.4003287341189132 3.3899872896067427 3.3796458450945903 3.3667909992412546 3.351249270560629 3.335707541880004 3.3201658131993788 3.3046240845187533 3.289082355838128 3.273540627157503 3.2579988984768775 3.242457169796252 3.2269154411156267 3.2113737124350017 3.1958319837543496 3.1878018833628623 3.1878018833628623 3.1878018833628623 3.1878018833628623 3.1878018833628623 3.1878018833628623 3.1878018833628623 3.1878018833628623 3.1878018833628623 3.1878018833628623 3.1878018833628623 3.1878018833628623 3.222266707994226 3.2935752090753576 3.364883710156489 3.4361922112376204 3.507500712318752 3.5788092133998832
-9999.0 -9999.0 -9999.0 -9999.0 -9999.0 -9999.0 -9999.0 -9999.0 -9999.0 3.4335507310390154 -9999.0 -9999.0 -9999.0 3.3881909879026657 3.3768510521185835 3.363521521102993 3.3480650678274353 3.332608614551878 3.31715216127632 3.301695708000762 3.286239254725204 3.2707828014496463 3.2553263481740884 3.2398698948985305 3.2244134416229726 3.208956988347415 3.1935005350718306 3.1855144947767258 3.1855144947767258 3.1855144947767258 3.1855144947767258 3.1855144947767258 3.1855144947767258 3.1855144947767258 3.1855144947767258 3.1855144947767258 3.1855144947767258 3.1855144947767258 3.1855144947767258 3.2210586193965134 3.2946002165463053 3.368141813696097 3.4416834108458896 3.5152250079956815 3.588766605145474
-9999.0 -9999.0 -9999.0 -9999.0 -9999.0 -9999.0 -9999.0 -9999.0 -9999.0 -9999.0 -9999.0 -9999.0 -9999.0 -9999.0 3.3768510521185835 3.363521521102993 3.3480650678274353 3.332608614551878 3.31715216127632 3.301695708000762 3.286239254725204 3.2707828014496463 3.2553263481740884 3.2398698948985305 3.2244134416229726 3.208956988347415 3.1935005350718306 3.1855144947767258 3.1855144947767258 3.1855144947767258 3.1855144947767258 3.1855144947767258 3.1855144947767258 3.1855144947767258 3.1855144947767258 3.1855144947767258 3.1855144947767258 3.1855144947767258 3.1855144947767258 3.2210586193965134 3.2946002165463053 3.368141813696097 3.4416834108458896 3.5152250079956815 3.588766605145474
-9999.0 -9999.0 -9999.0 -9999.0 -9999.0 -9999.0 -9999.0 -9999.0 -9999.0 -9999.0 -9999.0 -9999.0 -9999.0 -9999.0 -9999.0 -9999.0 3.3480650678274353 3.332608614551878 3.31715216127632 3.301695708000762 3.286239254725204 3.2707828014496463 3.2553263481740884 3.2398698948985305 3.2244134416229726 3.208956988347415 3.1935005350718306 3.1855144947767258 3.1855144947767258 3.1855144947767258 3.1855144947767258 3.1855144947767258 3.1855144947767258 3.1855144947767258 3.1855144947767258 3.1855144947767258 3.1855144947767258 3.1855144947767258 3.1855144947767258 3.2210586193965134 3.2946002165463053 3.368141813696097 3.4416834108458896 3.5152250079956815 3.588766605145474
