Figures/CREST_Example_wjb_NSE/Rolling_result/20100722/BJP_forecast/ens_33/wjb.rain.20100726.asc
ncols            288
nrows            254
xllcorner        113.274861
yllcorner        31.4918055
cellsize         0.008333333333
NODATA_value     -9999
[rows 207 to 229 of 254, columns 106 to 158 of 288]
-9999.0 -9999.0 -9999.0 -9999.0 -9999.0 -9999.0 -9999.0 0.24349532288048212 0.24349532288048212 0.24349532288048212 0.24349532288048212 0.24349532288048212 0.24349532288048212 0.24349532288048212 0.24349532288048212 0.24349532288048212 0.24349532288048212 0.01754512758026976 0.0538463933232079 0.09014765906614604 0.12644892480908418 0.1627501905520223 0.19905145629496046 0.2353527220378986 0.27165398778089866 0.3079552535238368 0.3442565192667749 0.38055778500971305 0.4168590507526512 0.47083826156929187 0.5437155954891129 0.6165929294089337 0.6894702633287547 0.7623475972485756 0.8352249311683966 0.9081022650882176 0.9809795990080385 1.0538569329279837 1.1267342668478046 1.1996116007676256 1.2724889346874464 1.3389125804904747 1.3984370877213312 1.4579615949521878 1.5174861021830446 1.5770106094139011 1.6365351166447577 1.6960596238756143 1.755584131106471 1.8151086383373276 1.8746331455682856 1.9341576527991424 1.993682160029999
-9999.0 -9999.0 -9999.0 -9999.0 -9999.0 -9999.0 -9999.0 -9999.0 -9999.0 -9999.0 -9999.0 0.24349532288048212 0.24349532288048212 0.24349532288048212 0.24349532288048212 0.24349532288048212 0.24349532288048212 0.0175057091196264 0.05372541717605325 0.0899451252324801 0.12616483328890696 0.1623845413453338 0.19860424940176066 0.23482395745818752 0.2710436655146761 0.307263373571103 0.34348308162752983 0.3797027896839567 0.41592249774038353 0.46911386969349866 0.540448334197712 0.6117827987019253 0.6831172632061386 0.754451727710352 0.8257861922145652 0.8971206567187785 0.9684551212229917 1.0397895857273267 1.11112405023154 1.1824585147357534 1.2537929792399667 1.3172245444130652 1.37220773144632 1.4271909184795746 1.4821741055128292 1.537157292546084 1.5921404795793386 1.6471236666125932 1.702106853645848 1.7570900406791026 1.812073227712451 1.8670564147457056 1.9220396017789603
-9999.0 -9999.0 -9999.0 -9999.0 -9999.0 -9999.0 -9999.0 -9999.0 -9999.0 -9999.0 -9999.0 -9999.0 -9999.0 0.24349532288048212 0.24349532288048212 0.24349532288048212 0.24349532288048212 0.017466290658983037 0.053604441028898595 0.08974259139881416 0.1258807417687297 0.1620188921386453 0.19815704250856084 0.2342951928784764 0.2704333432484536 0.30657149361836916 0.3427096439882847 0.37884779435820026 0.41498594472811584 0.4673894778177054 0.5371810729063111 0.6069726679949168 0.6767642630835224 0.7465558581721282 0.8163474532607339 0.8861390483493397 0.9559306434379453 1.02572223852667 1.0955138336152757 1.1653054287038813 1.2350970237924872 1.2955365083356563 1.345978375171309 1.3964202420069616 1.4468621088426143 1.497303975678267 1.5477458425139197 1.5981877093495722 1.648629576185225 1.6990714430208778 1.7495133098566162 1.799955176692269 1.8503970435279218
-9999.0 -9999.0 -9999.0 -9999.0 -9999.0 -9999.0 -9999.0 -9999.0 -9999.0 -9999.0 -9999.0 -9999.0 -9999.0 0.24349532288048212 0.24349532288048212 0.24349532288048212 0.24349532288048212 0.017426872198339657 0.05348346488174389 0.08954005756514812 0.12559665024855235 0.16165324293195657 0.19770983561536082 0.23376642829876504 0.26982302098223077 0.305879613665635 0.3419362063490392 0.3779927990324434 0.41404939171584765 0.4656650859419114 0.5339138116149088 0.6021625372879063 0.6704112629609037 0.7386599886339011 0.8069087143068986 0.875157439979896 0.9434061656528934 1.0116548913260073 1.0799036169990048 1.1481523426720022 1.2164010683449995 1.2738484722582377 1.3197490188962866 1.3656495655343353 1.4115501121723841 1.4574506588104328 1.5033512054484817 1.5492517520865303 1.595152298724579 1.6410528453626279 1.686953392000755 1.7328539386388035 1.7787544852768524
-9999.0 -9999.0 -9999.0 -9999.0 -9999.0 -9999.0 -9999.0 -9999.0 -9999.0 -9999.0 -9999.0 -9999.0 0.24349532288048212 0.24349532288048212 0.24349532288048212 0.24349532288048212 0.24349532288048212 0.017387453737696294 0.05336248873458923 0.08933752373148217 0.1253125587283751 0.16128759372526805 0.19726262872216097 0.2332376637190539 0.2692126987160082 0.30518773371290114 0.34116276870979406 0.377137803706687 0.41311283870357995 0.46394069406611815 0.5306465503235079 0.5973524065808977 0.6640582628382876 0.7307641190956774 0.7974699753530672 0.8641758316104571 0.9308816878678469 0.9975875441253504 1.0642934003827402 1.1309992566401301 1.1977051128975198 1.2521604361808285 1.2935196626212753 1.334878889061722 1.376238115502169 1.4175973419426158 1.4589565683830625 1.5003157948235093 1.541675021263956 1.5830342477044028 1.6243934741449202 1.665752700585367 1.7071119270258137
-9999.0 -9999.0 -9999.0 -9999.0 -9999.0 -9999.0 -9999.0 -9999.0 -9999.0 -9999.0 -9999.0 -9999.0 0.24349532288048212 0.24349532288048212 0.24349532288048212 0.24349532288048212 0.24349532288048212 0.017348035277052927 0.05324151258743457 0.08913498989781622 0.12502846720819785 0.1609219445185795 0.19681542182896114 0.23270889913934278 0.26860237644978563 0.3044958537601673 0.3403893310705489 0.3762828083809306 0.4121762856913122 0.4622163021903249 0.5273792890321071 0.5925422758738892 0.6577052627156714 0.7228682495574537 0.7880312363992359 0.853194223241018 0.9183572100828001 0.9835201969246936 1.0486831837664756 1.1138461706082579 1.17900915745004 1.2304724001034193 1.267290306346264 1.3041082125891088 1.3409261188319537 1.3777440250747985 1.4145619313176434 1.4513798375604883 1.4881977438033331 1.525015650046178 1.5618335562890855 1.5986514625319304 1.6354693687747752
-9999.0 -9999.0 -9999.0 -9999.0 -9999.0 -9999.0 -9999.0 -9999.0 -9999.0 -9999.0 0.24349532288048212 0.24349532288048212 0.24349532288048212 0.24349532288048212 0.24349532288048212 0.24349532288048212 0.24349532288048212 0.01730861681640955 0.05312053644027987 0.08893245606415019 0.12474437568802052 0.16055629531189083 0.19636821493576115 0.23218013455963146 0.26799205418356287 0.3038039738074332 0.3396158934313035 0.3754278130551738 0.4112397326790441 0.4604919103145309 0.5241120277407049 0.5877321451668788 0.6513522625930527 0.7149723800192267 0.7785924974454006 0.8422126148715745 0.9058327322977484 0.9694528497240309 1.0330729671502048 1.0966930845763787 1.1603132020025526 1.2087843640260008 1.2410609500712417 1.2733375361164827 1.3056141221617237 1.3378907082069644 1.3701672942522054 1.4024438802974464 1.4347204663426874 1.4669970523879283 1.4992736384332241 1.5315502244784651 1.563826810523706
-9999.0 -9999.0 -9999.0 -9999.0 -9999.0 -9999.0 -9999.0 -9999.0 -9999.0 -9999.0 0.24349532288048212 0.24349532288048212 0.24349532288048212 0.24349532288048212 0.24349532288048212 0.24349532288048212 0.24349532288048212 0.017269198355766187 0.05299956029312521 0.08872992223048425 0.12446028416784327 0.1601906461052023 0.19592100804256132 0.23165136997992036 0.2673817319173403 0.30311209385469934 0.33884245579205835 0.3745728177294174 0.41030317966677643 0.45876751843873764 0.520844766449304 0.5829220144598704 0.6449992624704366 0.707076510481003 0.7691537584915693 0.8312310065021355 0.8933082545127019 0.9553855025233741 1.0174627505339404 1.0795399985445067 1.141617246555073 1.1870963279485918 1.2148315937962306 1.2425668596438695 1.2703021254915086 1.2980373913391474 1.3257726571867865 1.3535079230344254 1.3812431888820644 1.4089784547297033 1.4367137205773894 1.4644489864250285 1.4921842522726674
-9999.0 -9999.0 -9999.0 -9999.0 -9999.0 -9999.0 -9999.0 -9999.0 -9999.0 -9999.0 0.24349532288048212 0.24349532288048212 0.24349532288048212 0.24349532288048212 0.24349532288048212 0.24349532288048212 0.24349532288048212 0.017229779895122824 0.05287858414597056 0.0885273883968183 0.12417619264766602 0.15982499689851376 0.1954738011493615 0.23112260540020924 0.26677140965111773 0.3024202139019655 0.3380690181528132 0.37371782240366097 0.4093666266545087 0.4570431265629444 0.5175775051579031 0.5781118837528618 0.6386462623478204 0.6991806409427792 0.7597150195377378 0.8202493981326966 0.8807837767276552 0.9413181553227172 1.0018525339176758 1.0623869125126346 1.1229212911075932 1.1654082918711823 1.1886022375212193 1.2117961831712565 1.2349901288212934 1.2581840744713304 1.2813780201213674 1.3045719657714043 1.3277659114214413 1.3509598570714783 1.3741538027215547 1.397347748371592 1.4205416940216289
-9999.0 -9999.0 -9999.0 -9999.0 -9999.0 -9999.0 -9999.0 -9999.0 -9999.0 -9999.0 -9999.0 0.24349532288048212 0.24349532288048212 0.24349532288048212 0.24349532288048212 0.24349532288048212 0.24349532288048212 0.01719036143447946 0.0527576079988159 0.08832485456315234 0.12389210112748879 0.15945934769182524 0.19502659425616167 0.2305938408204981 0.2661610873848952 0.30172833394923165 0.33729558051356806 0.3728628270779045 0.408430073642241 0.4553187346871511 0.5143102438665023 0.5733017530458533 0.6322932622252044 0.6912847714045556 0.7502762805839067 0.8092677897632577 0.8682592989426088 0.9272508081220605 0.9862423173014117 1.0452338264807628 1.104225335660114 1.1437202557937733 1.1623728812462084 1.1810255066986433 1.1996781321510783 1.2183307576035134 1.2369833830559485 1.2556360085083833 1.2742886339608184 1.2929412594132534 1.3115938848657203 1.3302465103181553 1.3488991357705902
-9999.0 -9999.0 -9999.0 -9999.0 -9999.0 -9999.0 -9999.0 -9999.0 -9999.0 -9999.0 -9999.0 0.24349532288048212 0.24349532288048212 0.24349532288048212 0.24349532288048212 0.24349532288048212 0.24349532288048212 0.24349532288048212 0.24349532288048212 0.24349532288048212 0.24349532288048212 0.24349532288048212 0.24349532288048212 0.24349532288048212 0.24349532288048212 0.24349532288048212 0.24349532288048212 0.24349532288048212 0.24349532288048212 0.43612421550531644 0.49197461352376837 0.5478250115422203 0.6036754095606722 0.6595258075791242 0.7153762055975762 0.7712266036160281 0.8270770016344801 0.8829273996530274 0.9387777976714792 0.9946281956899312 1.0504785937083831 1.0868991017126919 1.1025486178091597 1.1181981339056277 1.1338476500020958 1.1494971660985638 1.1651466821950318 1.1807961982914998 1.1964457143879679 1.212095230484436 1.2277447465809306 1.2433942626773986 1.2590437787738666
-9999.0 -9999.0 -9999.0 -9999.0 -9999.0 -9999.0 -9999.0 -9999.0 -9999.0 -9999.0 -9999.0 -9999.0 -9999.0 0.24349532288048212 0.24349532288048212 0.24349532288048212 0.24349532288048212 0.24349532288048212 0.24349532288048212 0.24349532288048212 0.24349532288048212 0.24349532288048212 0.24349532288048212 0.24349532288048212 0.24349532288048212 0.24349532288048212 0.24349532288048212 0.24349532288048212 0.24349532288048212 0.39825523130824053 0.44925609847110676 0.5002569656339729 0.5512578327968392 0.6022586999597054 0.6532595671225716 0.7042604342854378 0.7552613014483041 0.8062621686112572 0.8572630357741234 0.9082639029369897 0.9592647700998558 0.9925228587909727 1.0068135159736737 1.0211041731563748 1.0353948303390759 1.0496854875217767 1.0639761447044778 1.0782668018871788 1.0925574590698799 1.106848116252581 1.1211387734353062 1.1354294306180073 1.1497200878007083
-9999.0 -9999.0 -9999.0 -9999.0 -9999.0 -9999.0 -9999.0 -9999.0 -9999.0 -9999.0 -9999.0 -9999.0 -9999.0 0.24349532288048212 0.24349532288048212 0.24349532288048212 0.24349532288048212 0.24349532288048212 0.24349532288048212 0.24349532288048212 0.24349532288048212 0.24349532288048212 0.24349532288048212 0.24349532288048212 0.24349532288048212 0.24349532288048212 0.24349532288048212 0.24349532288048212 0.24349532288048212 0.3603862471111646 0.4065375834184451 0.45268891972572556 0.4988402560330061 0.5449915923402865 0.5911429286475669 0.6372942649548474 0.6834456012621279 0.7295969375694871 0.7757482738767676 0.821899610184048 0.8680509464913285 0.8981466158692536 0.9110784141381877 0.9240102124071217 0.9369420106760558 0.9498738089449897 0.9628056072139238 0.9757374054828579 0.9886692037517919 1.001601002020726 1.014532800289682 1.0274645985586162 1.0403963968275503
-9999.0 -9999.0 -9999.0 -9999.0 -9999.0 -9999.0 -9999.0 -9999.0 -9999.0 -9999.0 -9999.0 -9999.0 -9999.0 -9999.0 0.24349532288048212 0.24349532288048212 0.24349532288048212 0.24349532288048212 0.24349532288048212 0.24349532288048212 0.24349532288048212 0.24349532288048212 0.24349532288048212 0.24349532288048212 0.24349532288048212 0.24349532288048212 0.24349532288048212 0.24349532288048212 0.24349532288048212 0.32251726291407257 0.3638190683657653 0.4051208738174579 0.4464226792691506 0.4877244847208433 0.5290262901725359 0.5703280956242286 0.6116299010759212 0.6529317065276843 0.694233511979377 0.7355353174310697 0.7768371228827624 0.8037703729474942 0.8153433123026608 0.8269162516578272 0.8384891910129937 0.8500621303681601 0.8616350697233267 0.8732080090784932 0.8847809484336597 0.8963538877888262 0.9079268271440124 0.9194997664991789 0.9310727058543453
-9999.0 -9999.0 -9999.0 -9999.0 -9999.0 -9999.0 -9999.0 -9999.0 -9999.0 -9999.0 -9999.0 -9999.0 -9999.0 -9999.0 -9999.0 0.24349532288048212 0.24349532288048212 0.24349532288048212 0.24349532288048212 0.24349532288048212 0.24349532288048212 0.24349532288048212 0.24349532288048212 0.24349532288048212 0.24349532288048212 0.24349532288048212 0.24349532288048212 0.24349532288048212 0.24349532288048212 0.2846482787169967 0.3211005533131036 0.35755282790921056 0.3940051025053175 0.4304573771014244 0.46690965169753135 0.5033619262936383 0.5398142008897452 0.5762664754859144 0.6127187500820213 0.6491710246781282 0.685623299274235 0.7093941300257751 0.7196082104671746 0.7298222909085741 0.7400363713499737 0.7502504517913732 0.7604645322327727 0.7706786126741721 0.7808926931155716 0.7911067735569711 0.801320853998388 0.8115349344397875 0.821749014881187
-9999.0 -9999.0 -9999.0 -9999.0 -9999.0 -9999.0 -9999.0 -9999.0 -9999.0 -9999.0 -9999.0 -9999.0 -9999.0 -9999.0 -9999.0 -9999.0 0.24349532288048212 0.24349532288048212 0.24349532288048212 0.24349532288048212 0.24349532288048212 0.24349532288048212 0.24349532288048212 0.24349532288048212 0.24349532288048212 0.24349532288048212 0.24349532288048212 0.24349532288048212 0.24349532288048212 0.2467792945199208 0.278382038260442 0.3099847820009632 0.3415875257414844 0.3731902694820055 0.4047930132225267 0.4363957569630479 0.4679985007035691 0.49960124444414417 0.5312039881846653 0.5628067319251866 0.5944094756657077 0.615017887104056 0.6238731086316885 0.6327283301593211 0.6415835516869536 0.6504387732145861 0.6592939947422186 0.6681492162698511 0.6770044377974836 0.6858596593251162 0.6947148808527638 0.7035701023803964 0.7124253239080289
-9999.0 -9999.0 -9999.0 -9999.0 -9999.0 -9999.0 -9999.0 -9999.0 -9999.0 -9999.0 -9999.0 -9999.0 -9999.0 -9999.0 -9999.0 -9999.0 -9999.0 0.24349532288048212 0.24349532288048212 0.24349532288048212 0.24349532288048212 0.24349532288048212 0.24349532288048212 0.24349532288048212 0.24349532288048212 0.24349532288048212 0.24349532288048212 0.24349532288048212 0.24349532288048212 0.20891031032282875 0.23566352320776213 0.2624167360926955 0.2891699489776289 0.3159231618625623 0.3426763747474957 0.36942958763242906 0.39618280051736243 0.42293601340234144 0.4496892262872748 0.4764424391722082 0.5031956520571416 0.5206416441822966 0.5281380067961616 0.5356343694100266 0.5431307320238916 0.5506270946377565 0.5581234572516215 0.5656198198654865 0.5731161824793514 0.5806125450932164 0.5881089077070941 0.5956052703209591 0.603101632934824
-9999.0 -9999.0 -9999.0 -9999.0 -9999.0 -9999.0 -9999.0 -9999.0 -9999.0 -9999.0 -9999.0 -9999.0 -9999.0 -9999.0 -9999.0 -9999.0 -9999.0 -9999.0 0.24349532288048212 0.24349532288048212 0.24349532288048212 0.24349532288048212 0.24349532288048212 0.24349532288048212 0.24349532288048212 0.24349532288048212 0.24349532288048212 0.24349532288048212 0.24349532288048212 0.17104132612575285 0.1929450081551005 0.21484869018444813 0.2367523722137958 0.2586560542431434 0.2805597362724911 0.30246341830183876 0.3243671003311864 0.34627078236057135 0.36817446438991897 0.39007814641926664 0.4119818284486143 0.4262654012605776 0.43240290496067557 0.43854040866077354 0.4446779123608715 0.4508154160609695 0.45695291976106744 0.4630904234611654 0.4692279271612634 0.47536543086136135 0.4815029345614698 0.4876404382615678 0.49377794196166575
-9999.0 -9999.0 -9999.0 -9999.0 -9999.0 -9999.0 -9999.0 -9999.0 -9999.0 -9999.0 -9999.0 -9999.0 -9999.0 -9999.0 -9999.0 -9999.0 -9999.0 -9999.0 -9999.0 0.24349532288048212 0.24349532288048212 0.24349532288048212 0.24349532288048212 0.24349532288048212 0.24349532288048212 0.24349532288048212 0.24349532288048212 0.24349532288048212 0.24349532288048212 0.13317234192867694 0.15022649310243885 0.16728064427620076 0.18433479544996267 0.20138894662372459 0.2184430977974865 0.2354972489712484 0.2525514001450103 0.26960555131880126 0.2866597024925632 0.3037138536663251 0.320768004840087 0.3318891583388585 0.33666780312518946 0.34144644791152046 0.34622509269785146 0.35100373748418245 0.3557823822705134 0.3605610270568444 0.3653396718431754 0.3701183166295064 0.3748969614158455 0.3796756062021765 0.3844542509885075
-9999.0 -9999.0 -9999.0 -9999.0 -9999.0 -9999.0 -9999.0 -9999.0 -9999.0 -9999.0 -9999.0 -9999.0 -9999.0 -9999.0 -9999.0 -9999.0 -9999.0 -9999.0 -9999.0 0.24349532288048212 0.24349532288048212 0.24349532288048212 0.24349532288048212 0.24349532288048212 0.24349532288048212 0.24349532288048212 0.24349532288048212 0.24349532288048212 0.24349532288048212 0.09530335773158491 0.107507978049759 0.1197125983679331 0.13191721868610723 0.14412183900428133 0.15632645932245542 0.16853107964062952 0.18073569995880362 0.19294032027699853 0.20514494059517263 0.21734956091334676 0.22955418123152085 0.23751291541709918 0.2409327012896626 0.24435248716222602 0.24777227303478944 0.25119205890735286 0.2546118447799163 0.2580316306524797 0.2614514165250431 0.26487120239760653 0.2682909882701758 0.2717107741427392 0.27513056001530267
-9999.0 -9999.0 -9999.0 -9999.0 -9999.0 -9999.0 -9999.0 -9999.0 -9999.0 -9999.0 -9999.0 -9999.0 -9999.0 -9999.0 -9999.0 -9999.0 -9999.0 -9999.0 -9999.0 0.24349532288048212 0.24349532288048212 0.24349532288048212 0.24349532288048212 0.24349532288048212 0.24349532288048212 0.24349532288048212 0.24349532288048212 0.24349532288048212 0.24349532288048212 0.057434373534509 0.06478946299709737 0.07214455245968573 0.0794996419222741 0.08685473138486247 0.09420982084745083 0.1015649103100392 0.10891999977262756 0.11627508923522847 0.12363017869781684 0.1309852681604052 0.13834035762299357 0.14313667249538006 0.1451975994541765 0.14725852641297293 0.14931945337176938 0.15138038033056583 0.15344130728936226 0.1555022342481587 0.15756316120695513 0.15962408816575158 0.16168501512455152 0.16374594208334797 0.1658068690421444
-9999.0 -9999.0 -9999.0 -9999.0 -9999.0 -9999.0 -9999.0 -9999.0 -9999.0 -9999.0 -9999.0 -9999.0 -9999.0 -9999.0 -9999.0 -9999.0 -9999.0 -9999.0 -9999.0 -9999.0 0.24349532288048212 0.24349532288048212 0.24349532288048212 0.24349532288048212 0.24349532288048212 0.24349532288048212 0.24349532288048212 0.24349532288048212 0.24349532288048212 0.0195653893374331 0.02207094794443573 0.024576506551438358 0.027082065158440985 0.029587623765443615 0.032093182372446245 0.03459874097944887 0.037104299586451506 0.0396098581934584 0.042115416800461034 0.04462097540746366 0.04712653401446629 0.04876042957366096 0.04946249761869042 0.05016456566371987 0.05086663370874933 0.051568701753778784 0.05227076979880824 0.052972837843837696 0.053674905888867155 0.05437697393389661 0.05507904197892727 0.05578111002395672 0.05648317806898617
-9999.0 -9999.0 -9999.0 -9999.0 -9999.0 -9999.0 -9999.0 -9999.0 -9999.0 -9999.0 -9999.0 -9999.0 -9999.0 -9999.0 -9999.0 -9999.0 -9999.0 -9999.0 -9999.0 0.24349532288048212 0.24349532288048212 0.24349532288048212 0.24349532288048212 0.24349532288048212 0.24349532288048212 0.24349532288048212 0.24349532288048212 0.24349532288048212 0.24349532288048212 0.0 0.0 0.0 0.0 0.0 0.0 0.0 0.0 0.0 0.0 0.0 0.0 0.0 0.0 0.0 0.0 0.0 0.0 0.0 0.0 0.0 0.0 0.0 0.0
