Figures/CREST_Example_wjb_NSE/Rolling_result/20100722/BJP_forecast/ens_33/wjb.rain.20100727.asc
ncols            288
nrows            254
xllcorner        113.274861
yllcorner        31.4918055
cellsize         0.008333333333
NODATA_value     -9999
[rows 132 to 153 of 254, columns 49 to 97 of 288]
0.14321666744262285 0.15687805214364509 0.1657872556154381 0.16961626994217477 0.1734452842689049 0.17727429859563504 0.18110331292236517 0.1849323272490953 0.18876134157582544 0.19259035590255558 0.1964193702292857 0.20024838455601585 0.20407739888274598 0.20790641320947612 0.2643708671763516 0.37710379591727416 0.489836724658389 0.6025696533993116 0.7153025821402341 0.8280355108811566 0.9407684396220792 1.0535013683630017 1.1662342971039243 1.278967225844847 1.3917001545857695 1.5044330833266921 1.5170642165487422 1.4226842674022269 1.3283043182557113 1.233924369109035 1.1395444199625193 1.045164470816004 0.9507845216694885 0.856404572522973 0.7620246233764575 0.667644674229942 0.5732647250834265 0.47888477593691103 0.42867457213565124 0.42568282472580116 0.4226910773159511 0.41969932990610104 0.41670758249624584 0.41371583508639576 0.41072408767654567 0.4077323402666956 0.4047405928568455 0.4017488454469954 0.3987570980371454
0.1436322240638542 0.15733324855659256 0.16626830291961708 0.17010842749130414 0.17394855206298462 0.17778867663466513 0.18162880120634564 0.18546892577802612 0.18930905034970663 0.1931491749213871 0.19698929949306762 0.20082942406474813 0.2046695486364286 0.20850967320810912 0.26513796409515 0.3781979980243556 0.49125803195375406 0.6043180658829597 0.7173780998121653 0.8304381337413709 0.9434981676705765 1.056558201599782 1.1696182355289877 1.2826782694581933 1.395738303387399 1.5087983373166045 1.5214661209588736 1.4268123195193279 1.332158518079782 1.2375047166400748 1.1428509152005293 1.0481971137609833 0.9535433123214377 0.858889510881892 0.7642357094423462 0.6695819080028005 0.5749281065632548 0.48027430512370906 0.4299184116969638 0.4269179834508158 0.4239175552046677 0.4209171269585196 0.4179166987123664 0.4149162704662183 0.41191584222007027 0.40891541397392217 0.40591498572777407 0.402914557481626 0.3999141292354779
0.13116053312931245 0.14367188765715452 0.15183110472304556 0.15533778847307597 0.1588444722231004 0.16235115597312486 0.1658578397231493 0.16936452347317374 0.17287120722319818 0.17637789097322262 0.17988457472324706 0.1833912584732715 0.18689794222329592 0.19040462597332036 0.2421158409973535 0.34535878959348654 0.44860173818979565 0.5518446867859287 0.6550876353820618 0.7583305839781949 0.8615735325743279 0.9648164811704609 1.068059429766594 1.171302378362727 1.27454532695886 1.377788275554993 1.3893561062901636 1.3029211635714066 1.2164862208526497 1.1300512781337455 1.0436163354149885 0.9571813926962316 0.8707464499774746 0.7843115072587177 0.6978765645399607 0.6114416218212039 0.5250066791024469 0.43857173638368996 0.39258828196667483 0.3898483830968636 0.38710848422705235 0.38436858535724105 0.38162868648742515 0.3788887876176139 0.37614888874780267 0.37340898987799137 0.37066909100818013 0.3679291921383689 0.36518929326855765
0.11868884219477067 0.1300105267577165 0.13739390652647404 0.14056714945484783 0.1437403923832162 0.14691363531158458 0.15008687823995298 0.15326012116832136 0.15643336409668973 0.1596066070250581 0.16277984995342648 0.16595309288179488 0.16912633581016326 0.17229957873853163 0.21909371789955695 0.3125195811626174 0.4059454444258372 0.4993713076888977 0.5927971709519582 0.6862230342150186 0.7796488974780791 0.8730747607411395 0.9665006240042 1.0599264872672605 1.153352350530321 1.2467782137933812 1.2572460916214536 1.1790300076234854 1.1008139236255172 1.0225978396274158 0.9443817556294476 0.8661656716314796 0.7879495876335114 0.7097335036355433 0.6315174196375751 0.553301335639607 0.47508525164163895 0.39686916764367075 0.3552581522363858 0.3527787827429114 0.350299413249437 0.34782004375596254 0.34534067426248394 0.3428613047690095 0.34038193527553506 0.3379025657820607 0.33542319628858625 0.3329438267951118 0.33046445730163737
0.1062171512602289 0.11634916585827842 0.12295670832990252 0.12579651043661969 0.128636312543332 0.13147611465004433 0.13431591675675664 0.13715571886346897 0.13999552097018128 0.14283532307689362 0.14567512518360592 0.14851492729031823 0.15135472939703057 0.15419453150374288 0.19607159480176045 0.27968037273174834 0.3632891506618788 0.44689792859186667 0.5305067065218545 0.6141154844518424 0.6977242623818303 0.7813330403118182 0.864941818241806 0.9485505961717939 1.0321593741017818 1.1157681520317697 1.1251360769527436 1.0551388516755644 0.985141626398385 0.9151444011210863 0.8451471758439071 0.7751499505667276 0.7051527252895484 0.635155500012369 0.5651582747351896 0.4951610494580103 0.425163824180831 0.35516659890365165 0.3179280225060968 0.31570918238895923 0.31349034227182165 0.311271502154684 0.30905266203754267 0.3068338219204051 0.3046149818032675 0.30239614168612994 0.3001773015689923 0.29795846145185473 0.29573962133471715
0.09374546032567652 0.10268780495882875 0.10851951013331869 0.11102587141837894 0.11353223270343492 0.1160385939884909 0.11854495527354687 0.12105131655860285 0.12355767784365883 0.1260640391287148 0.12857040041377077 0.13107676169882676 0.13358312298388272 0.13608948426893872 0.1730494717039443 0.2468411643008512 0.32063285689788396 0.39442454949479083 0.46821624209169777 0.5420079346886046 0.6157996272855115 0.6895913198824185 0.7633830124793254 0.8371747050762323 0.9109663976731391 0.9847580902700461 0.9930260622839211 0.9312476957275376 0.8694693291711542 0.8076909626146652 0.7459125960582818 0.6841342295018982 0.6223558629455147 0.5605774963891312 0.49879912983274766 0.4370207632763641 0.3752423967199806 0.31346403016359714 0.2805978927757759 0.2786395820349754 0.27668127129417486 0.2747229605533743 0.2727646498125705 0.27080633907176993 0.2688480283309694 0.2668897175901689 0.26493140684936833 0.2629730961085678 0.26101478536776723
0.08127376939113473 0.0890264440593907 0.09408231193674717 0.09625523240015078 0.09842815286355071 0.10060107332695062 0.10277399379035054 0.10494691425375047 0.10711983471715038 0.1092927551805503 0.11146567564395021 0.11363859610735014 0.11581151657075005 0.11798443703414997 0.15002734860614778 0.2140019558699821 0.2779765631339255 0.34195117039775985 0.4059257776615942 0.4699003849254285 0.5338749921892628 0.5978495994530971 0.6618242067169314 0.7257988139807657 0.7897734212446 0.8537480285084345 0.8609160476152112 0.8073565397796165 0.7537970319440217 0.7002375241083357 0.646678016272741 0.5931185084371462 0.5395590006015516 0.48599949276595683 0.4324399849303621 0.37888047709476735 0.32532096925917264 0.27176146142357793 0.2432677630454869 0.2415699816810232 0.23987220031655948 0.2381744189520958 0.23647663758762918 0.2347788562231655 0.2330810748587018 0.2313832934942381 0.2296855121297744 0.2279877307653107 0.226289949400847
0.06880207845659296 0.07536508315995265 0.07964511374017565 0.08148459338192264 0.0833240730236665 0.08516355266541036 0.08700303230715421 0.08884251194889807 0.09068199159064193 0.09252147123238579 0.09436095087412964 0.0962004305158735 0.09803991015761737 0.09987938979936123 0.12700522550835128 0.18116274743911304 0.23532026936996714 0.28947779130072887 0.34363531323149066 0.3977928351622524 0.4519503570930141 0.5061078790237759 0.5602654009545376 0.6144229228852993 0.668580444816061 0.7227379667468228 0.7288060329465014 0.6834653838316954 0.6381247347168895 0.5927840856020062 0.5474434364872003 0.5021027873723944 0.45676213825758843 0.41142148914278254 0.3660808400279766 0.3207401909131707 0.27539954179836473 0.23005889268355884 0.20593763331519788 0.204500381327071 0.20306312933894413 0.20162587735081727 0.20018862536268794 0.19875137337456109 0.19731412138643423 0.19587686939830734 0.19443961741018048 0.1930023654220536 0.19156511343392674
0.05633038752205121 0.061703722260514605 0.06520791554360411 0.06671395436369448 0.06821999318378229 0.06972603200387008 0.07123207082395788 0.07273810964404567 0.07424414846413348 0.07575018728422128 0.07725622610430907 0.07876226492439688 0.08026830374448468 0.08177434256457247 0.10398310241055475 0.1483235390082439 0.19266397560600868 0.23700441220369783 0.281344848801387 0.32568528539907615 0.3700257219967653 0.41436615859445447 0.45870659519214363 0.5030470317898328 0.547387468387522 0.5917279049852111 0.5966960182777914 0.5595742278837743 0.5224524374897571 0.4853306470956767 0.44820885670165955 0.41108706630764247 0.37396527591362533 0.3368434855196082 0.29972169512559105 0.26259990473157396 0.22547811433755682 0.18835632394353968 0.16860750358490884 0.1674307809731188 0.16625405836132875 0.16507733574953873 0.1639006131377467 0.16272389052595665 0.16154716791416662 0.1603704453023766 0.15919372269058657 0.15801700007879652 0.1568402774670065
0.04385869658750944 0.04804236136107656 0.05077071734703259 0.05194331534546633 0.05311591334389807 0.054288511342329815 0.05546110934076155 0.05663370733919329 0.057806305337625034 0.05897890333605677 0.06015150133448851 0.061324099332920254 0.06249669733135199 0.06366929532978373 0.08096097931275822 0.11548433057737481 0.15000768184205027 0.18453103310666683 0.2190543843712834 0.25357773563589997 0.28810108690051656 0.32262443816513314 0.35714778942974973 0.39167114069436626 0.42619449195898285 0.46071784322359943 0.4645860036090815 0.43568307193585315 0.4067801402626248 0.3778772085893472 0.3489742769161189 0.32007134524289055 0.2911684135696622 0.2622654818964339 0.23336255022320554 0.20445961854997724 0.1755566868767489 0.14665375520352059 0.1312773738546198 0.1303611806191666 0.12944498738371338 0.12852879414826018 0.12761260091280544 0.1266964076773522 0.12578021444189902 0.12486402120644582 0.12394782797099262 0.12303163473553942 0.12211544150008621
0.031387005652967676 0.03438100046163852 0.036333519150461076 0.03717267632723819 0.03801183350401387 0.03885099068078955 0.03969014785756523 0.04052930503434091 0.04136846221111659 0.04220761938789227 0.04304677656466795 0.04388593374144363 0.044725090918219315 0.04556424809499499 0.05793885621496171 0.0826451221465057 0.10735138807809182 0.1320576540096358 0.15676391994117977 0.18147018587272376 0.20617645180426775 0.23088271773581173 0.2555889836673557 0.28029524959889973 0.3050015155304437 0.3297077814619877 0.33247598894037156 0.311791915987932 0.2911078430354925 0.27042377008301766 0.24973969713057814 0.2290556241781386 0.20837155122569906 0.18768747827325954 0.16700340532082 0.1463193323683805 0.12563525941594095 0.1049511864635014 0.09394724412433078 0.0932915802652144 0.09263591640609804 0.09198025254698167 0.09132458868786418 0.0906689248287478 0.09001326096963144 0.08935759711051507 0.0887019332513987 0.08804626939228233 0.08739060553316597
0.018915314718425905 0.020719639562200475 0.02189632095388955 0.022402037309010036 0.022907753664129657 0.023413470019249278 0.0239191863743689 0.02442490272948852 0.02493061908460814 0.025436335439727762 0.025942051794847383 0.026447768149967008 0.02695348450508663 0.02745920086020625 0.0349167331171652 0.0498059137156366 0.0646950943141334 0.0795842749126048 0.09447345551107621 0.1093626361095476 0.124251816708019 0.1391409973064904 0.15403017790496182 0.1689193585034332 0.18380853910190462 0.198697719700376 0.20036597427166164 0.18790076004001088 0.17543554580836015 0.16297033157668817 0.15050511734503744 0.1380399031133867 0.12557468888173595 0.11310947465008522 0.1006442604184345 0.08817904618678375 0.07571383195513304 0.06324861772348228 0.05661711439404175 0.05622197991126221 0.055826845428482666 0.05543171094570313 0.05503657646292292 0.05464144198014338 0.054246307497363845 0.05385117301458431 0.05345603853180477 0.053060904049025234 0.05266576956624569
0.006443623783873504 0.0070582786627507825 0.00745912275730572 0.007631398290769292 0.007803673824232569 0.007975949357695846 0.008148224891159125 0.008320500424622403 0.008492775958085681 0.008665051491548958 0.008837327025012236 0.009009602558475514 0.009181878091938791 0.00935415362540207 0.01189461001934905 0.016966705284739498 0.022038800550138595 0.027110895815529043 0.03218299108091949 0.03725508634630994 0.04232718161170038 0.047399276877090835 0.05247137214248128 0.05754346740787173 0.06261556267326218 0.06768765793865263 0.06825595960283906 0.06400960409198413 0.059763248581129205 0.05551689307026703 0.051270537559412105 0.04702418204855718 0.04277782653770225 0.03853147102684732 0.03428511551599239 0.030038760005137465 0.025792404494282536 0.02154604898342761 0.019286984663720884 0.0191523795572784 0.01901777445083592 0.018883169344393432 0.01874856423795072 0.018613959131508238 0.018479354025065755 0.018344748918623272 0.01821014381218079 0.018075538705738307 0.017940933599295824
0.0 0.0 0.0 0.0 0.0 0.0 0.0 0.0 0.0 0.0 0.0 0.0 0.0 0.0 0.0 0.0 0.0 0.0 0.0 0.0 0.0 0.0 0.0 0.0 0.0 0.0 0.0 0.0 0.0 0.0 0.0 0.0 0.0 0.0 0.0 0.0 0.0 0.0 0.0 0.0 0.0 0.0 0.0 0.0 0.0 0.0 0.0 0.0 0.0
0.0 0.0 0.0 0.0 0.0 0.0 0.0 0.0 0.0 0.0 0.0 0.0 0.0 0.0 0.0 0.0 0.0 0.0 0.0 0.0 0.0 0.0 0.0 0.0 0.0 0.0 0.0 0.0 0.0 0.0 0.0 0.0 0.0 0.0 0.0 0.0 0.0 0.0 0.0 0.0 0.0 0.0 0.0 0.0 0.0 0.0 0.0 0.0 0.0
0.0 0.0 0.0 0.0 0.0 0.0 0.0 0.0 0.0 0.0 0.0 0.0 0.0 0.0 0.0 0.0 0.0 0.0 0.0 0.0 0.0 0.0 0.0 0.0 0.0 0.0 0.0 0.0 0.0 0.0 0.0 0.0 0.0 0.0 0.0 0.0 0.0 0.0 0.0 0.0 0.0 0.0 0.0 0.0 0.0 0.0 0.0 0.0 0.0
0.0 0.0 0.0 0.0 0.0 0.0 0.0 0.0 0.0 0.0 0.0 0.0 0.0 0.0 0.0 0.0 0.0 0.0 0.0 0.0 0.0 0.0 0.0 0.0 0.0 0.0 0.0 0.0 0.0 0.0 0.0 0.0 0.0 0.0 0.0 0.0 0.0 0.0 0.0 0.0 0.0 0.0 0.0 0.0 0.0 0.0 0.0 0.0 0.0
0.0 0.0 0.0 0.0 0.0 0.0 0.0 0.0 0.0 0.0 0.0 0.0 0.0 0.0 0.0 0.0 0.0 0.0 0.0 0.0 0.0 0.0 0.0 0.0 0.0 0.0 0.0 0.0 0.0 0.0 0.0 0.0 0.0 0.0 0.0 0.0 0.0 0.0 0.0 0.0 0.0 0.0 0.0 0.0 0.0 0.0 0.0 0.0 0.0
0.0 0.0 0.0 0.0 0.0 0.0 0.0 0.0 0.0 0.0 0.0 0.0 0.0 0.0 0.0 0.0 0.0 0.0 0.0 0.0 0.0 0.0 0.0 0.0 0.0 0.0 0.0 0.0 0.0 0.0 0.0 0.0 0.0 0.0 0.0 0.0 0.0 0.0 0.0 0.0 0.0 0.0 0.0 0.0 0.0 0.0 0.0 0.0 0.0
0.0 0.0 0.0 0.0 0.0 0.0 0.0 0.0 0.0 0.0 0.0 0.0 0.0 0.0 0.0 0.0 0.0 0.0 0.0 0.0 0.0 0.0 0.0 0.0 0.0 0.0 0.0 0.0 0.0 0.0 0.0 0.0 0.0 0.0 0.0 0.0 0.0 0.0 0.0 0.0 0.0 0.0 0.0 0.0 0.0 0.0 0.0 0.0 0.0
0.0 0.0 0.0 0.0 0.0 0.0 0.0 0.0 0.0 0.0 0.0 0.0 0.0 0.0 0.0 0.0 0.0 0.0 0.0 0.0 0.0 0.0 0.0 0.0 0.0 0.0 0.0 0.0 0.0 0.0 0.0 0.0 0.0 0.0 0.0 0.0 0.0 0.0 0.0 0.0 0.0 0.0 0.0 0.0 0.0 0.0 0.0 0.0 0.0
0.0 0.0 0.0 0.0 0.0 0.0 0.0 0.0 0.0 0.0 0.0 0.0 0.0 0.0 0.0 0.0 0.0 0.0 0.0 0.0 0.0 0.0 0.0 0.0 0.0 0.0 0.0 0.0 0.0 0.0 0.0 0.0 0.0 0.0 0.0 0.0 0.0 0.0 0.0 0.0 0.0 0.0 0.0 0.0 0.0 0.0 0.0 0.0 0.0
