Figures/CREST_Example_wjb_NSE/Rolling_result/20100722/BJP_forecast/ens_33/wjb.rain.20100724.asc
ncols            288
nrows            254
xllcorner        113.274861
yllcorner        31.4918055
cellsize         0.008333333333
NODATA_value     -9999
[rows 100 to 119 of 254, columns 45 to 89 of 288]
9.61833269903299 9.61833269903299 9.61833269903299 9.61833269903299 9.61833269903299 9.61833269903299 10.97280878909842 10.794153108574706 10.615497428051299 10.43684174752789 10.258186067004482 10.079530386481075 9.900874705957667 9.72221902543426 9.54356334491085 9.364907664387443 9.186251983864036 9.007596303340629 8.824251352010931 8.635893464190604 8.447535576369956 8.25917768854963 8.070819800729303 7.882461912908977 7.6941040250886505 7.505746137268324 7.317388249447998 7.129030361627671 6.940672473807345 6.752314585987019 6.543336727025823 6.312315652768083 6.081294578510343 5.85027350425221 5.619252429994471 5.388231355736732 5.157210281478992 4.9261892072212525 4.695168132963513 4.464147058705773 4.233125984448034 4.002104910190295 3.875310011773908 3.8599352517427414 3.844560491711575
9.61833269903299 9.61833269903299 9.61833269903299 9.61833269903299 9.61833269903299 9.61833269903299 10.696735088279425 10.53737357898433 10.378012069689506 10.218650560394682 10.059289051099858 9.899927541805035 9.74056603251021 9.581204523215387 9.421843013920563 9.26248150462574 9.103119995330916 8.943758486036092 8.766694890233328 8.570707363806447 8.37471983737923 8.178732310952348 7.982744784525467 7.786757258098586 7.5907697316717035 7.394782205244822 7.19879467881794 7.002807152391059 6.806819625964177 6.610832099537296 6.405391103035228 6.189844133312195 5.974297163589161 5.75875019386576 5.543203224142726 5.327656254419692 5.112109284696658 4.896562314973624 4.68101534525059 4.465468375527557 4.249921405804523 4.034374436081489 3.9130855218292906 3.8925605999207065 3.872035678012122
9.61833269903299 9.61833269903299 9.61833269903299 9.61833269903299 9.61833269903299 9.61833269903299 10.420661387460434 10.280594049393956 10.140526711327716 10.000459373261476 9.860392035195236 9.720324697128996 9.580257359062756 9.440190020996516 9.300122682930276 9.160055344864036 9.019988006797796 8.879920668731556 8.709138428455725 8.505521263422288 8.301904098388503 8.098286933355068 7.89466976832163 7.691052603288194 7.4874354382547565 7.2838182732213195 7.080201108187882 6.876583943154446 6.672966778121009 6.469349613087573 6.267445479044635 6.067372613856307 5.867299748667978 5.667226883479309 5.46715401829098 5.2670811531026525 5.067008287914324 4.866935422725996 4.666862557537668 4.466789692349339 4.2667168271610105 4.066643961972683 3.950861031884673 3.925185948098671 3.8995108643126692
9.61833269903299 9.61833269903299 9.61833269903299 9.61833269903299 9.61833269903299 9.61833269903299 10.144587686641444 10.023814519803581 9.903041352965925 9.782268186128269 9.661495019290612 9.540721852452956 9.4199486856153 9.299175518777643 9.178402351939987 9.05762918510233 8.936856018264674 8.816082851427018 8.651581966678119 8.440335163038128 8.229088359397776 8.017841555757784 7.8065947521177925 7.595347948477801 7.384101144837809 7.172854341197818 6.961607537557826 6.750360733917834 6.539113930277842 6.32786712663785 6.129499855054042 5.944901094400419 5.760302333746797 5.575703573092858 5.391104812439236 5.206506051785613 5.02190729113199 4.837308530478368 4.652709769824745 4.468111009171123 4.2835122485175 4.098913487863877 3.9886365419400556 3.957811296276636 3.926986050613216
9.61833269903299 9.61833269903299 9.61833269903299 9.61833269903299 9.61833269903299 9.61833269903299 9.868513985822451 9.767034990213206 9.665555994604134 9.564076998995061 9.462598003385988 9.361119007776916 9.259640012167843 9.158161016558772 9.0566820209497 8.955203025340627 8.853724029731554 8.752245034122481 8.594025504900516 8.37514906265397 8.15627262040705 7.937396178160503 7.718519735913956 7.499643293667409 7.280766851420862 7.061890409174315 6.843013966927768 6.62413752468122 6.405261082434674 6.186384640188127 5.991554231063448 5.822429574944531 5.653304918825613 5.484180262706408 5.3150556065874905 5.145930950468574 4.9768062943496565 4.80768163823074 4.638556982111822 4.469432325992905 4.300307669873988 4.131183013755071 4.026412051995438 3.9904366444546007 3.9544612369137635
9.61833269903299 9.61833269903299 9.61833269903299 9.61833269903299 9.61833269903299 9.61833269903299 9.592440285003226 9.510255460622613 9.42807063624214 9.345885811861669 9.263700987481196 9.181516163100724 9.099331338720251 9.01714651433978 8.934961689959307 8.852776865578834 8.770592041198363 8.68840721681789 8.536469043122864 8.309962962269756 8.08345688141626 7.856950800563152 7.630444719710043 7.4039386388569355 7.177432558003827 6.950926477150718 6.724420396297609 6.4979143154445005 6.271408234591393 6.044902153738284 5.8536086070727364 5.699958055488539 5.54630750390434 5.3926569523198795 5.239006400735681 5.085355849151483 4.931705297567285 4.778054745983086 4.624404194398888 4.47075364281469 4.317103091230491 4.163452539646293 4.0641875620508525 4.023061992632593 3.9819364232143344
9.61833269903299 9.61833269903299 9.61833269903299 9.61833269903299 9.61833269903299 9.61833269903299 9.316366584184234 9.25347593103224 9.19058527788035 9.127694624728461 9.064803971576573 9.001913318424684 8.939022665272796 8.876132012120907 8.81324135896902 8.75035070581713 8.687460052665243 8.624569399513353 8.478912581345261 8.244776861885597 8.010641142425534 7.7765054229658706 7.542369703506207 7.308233984046543 7.07409826458688 6.839962545127216 6.6058268256675525 6.371691106207888 6.137555386748224 5.903419667288561 5.715662983082143 5.57748653603265 5.439310088983158 5.301133641933429 5.162957194883936 5.024780747834444 4.886604300784951 4.748427853735459 4.610251406685966 4.472074959636473 4.3338985125869804 4.195722065537487 4.101963072106235 4.055687340810558 4.009411609514881
9.61833269903299 9.61833269903299 9.61833269903299 9.61833269903299 9.61833269903299 9.61833269903299 9.040292883365243 8.996696401441865 8.953099919518559 8.909503437595255 8.86590695567195 8.822310473748646 8.77871399182534 8.735117509902036 8.69152102797873 8.647924546055425 8.60432806413212 8.560731582208815 8.421356119567657 8.179590761501437 7.937825403434807 7.696060045368588 7.454294687302369 7.21252932923615 6.970763971169932 6.7289986131037125 6.487233255037494 6.245467896971276 6.003702538905056 5.761937180838838 5.577717359091549 5.455015016576762 5.332312674061975 5.209610331546978 5.086907989032191 4.964205646517404 4.841503304002617 4.71880096148783 4.596098618973043 4.4733962764582555 4.350693933943468 4.227991591428681 4.139738582161618 4.088312688988523 4.036886795815429
9.61833269903299 9.61833269903299 9.61833269903299 9.61833269903299 9.61833269903299 9.61833269903299 8.76421918254625 8.739916871851488 8.715614561156768 8.691312250462047 8.667009939767325 8.642707629072605 8.618405318377883 8.594103007683163 8.569800696988443 8.54549838629372 8.521196075599 8.496893764904279 8.363799657790054 8.11440466111728 7.86500966444408 7.615614667771307 7.366219671098532 7.116824674425758 6.867429677752984 6.618034681080211 6.368639684407436 6.119244687734662 5.869849691061889 5.620454694389115 5.439771735100956 5.332543497120874 5.2253152591407925 5.118087021160528 5.0108587831804465 4.903630545200365 4.7964023072202835 4.6891740692402015 4.58194583126012 4.4747175932800385 4.367489355299957 4.2602611173198754 4.177514092217 4.120938037166487 4.064361982115976
8.741564971531837 8.723462696478041 8.705360421424245 8.687258146370448 8.669155871316653 8.651053596262857 8.633711833258973 8.617183074825865 8.600654316392786 8.584125557959707 8.567596799526628 8.55106804109355 8.534539282660472 8.518010524227392 8.501481765794313 8.484953007361234 8.468424248928155 8.451895490495076 8.326078717936408 8.083430587874627 7.8407824578124306 7.598134327750649 7.355486197688867 7.112838067627086 6.870189937565304 6.627541807503523 6.384893677441741 6.142245547379959 5.899597417318177 5.656949287256396 5.482332147489804 5.380441674296552 5.278551201103301 5.1766607279098755 5.074770254716624 4.972879781523372 4.87098930833012 4.7690988351368695 4.667208361943618 4.565317888750366 4.463427415557114 4.361536942363863 4.281799302900139 4.225743543538454 4.1696877841767686
8.80228795231017 8.778125112900245 8.75396227349032 8.729799434080395 8.70563659467047 8.681473755260544 8.658805736580208 8.637735715046402 8.616665693512632 8.595595671978861 8.574525650445091 8.55345562891132 8.532385607377549 8.511315585843779 8.490245564310008 8.469175542776238 8.448105521242468 8.427035499708698 8.309560700496045 8.089027014761152 7.868493329025883 7.647959643290991 7.427425957556099 7.206892271821206 6.986358586086315 6.765824900351422 6.54529121461653 6.324757528881637 6.104223843146745 5.883690157411852 5.717842132829377 5.610454316274412 5.503066499719448 5.3956786831643 5.288290866609335 5.180903050054371 5.073515233499407 4.966127416944442 4.858739600389478 4.751351783834513 4.643963967279548 4.536576150724584 4.457179190473916 4.407705088447392 4.358230986420867
8.863010933088551 8.832787529322493 8.802564125556433 8.772340721790375 8.742117318024315 8.711893914258255 8.683899639901462 8.658288355266953 8.632677070632488 8.607065785998023 8.581454501363556 8.555843216729091 8.530231932094626 8.504620647460161 8.479009362825694 8.45339807819123 8.427786793556765 8.402175508922298 8.293042683055665 8.094623441647682 7.896204200239359 7.697784958831376 7.499365717423392 7.300946476015408 7.1025272346074235 6.90410799319944 6.705688751791456 6.5072695103834715 6.308850268975489 6.110431027567504 5.9533521181691516 5.8404669582524695 5.727581798335787 5.614696638418913 5.50181147850223 5.388926318585548 5.276041158668866 5.163155998752184 5.050270838835502 4.93738567891882 4.824500519002138 4.711615359085456 4.6325590780478425 4.589666633356484 4.546774188665126
8.923733913866885 8.887449945744695 8.851165977622507 8.81488200950032 8.778598041378132 8.742314073255944 8.708993543222697 8.678840995487489 8.648688447752333 8.618535900017175 8.588383352282019 8.558230804546861 8.528078256811705 8.497925709076547 8.467773161341391 8.437620613606235 8.407468065871077 8.377315518135921 8.276524665615302 8.100219868534207 7.923915071452813 7.747610274371718 7.571305477290624 7.395000680209529 7.218695883128435 7.04239108604734 6.866086288966246 6.689781491885151 6.513476694804057 6.337171897722962 6.188862103508725 6.07047960023033 5.952097096951935 5.833714593673338 5.715332090394943 5.596949587116548 5.478567083838153 5.360184580559758 5.241802077281363 5.123419574002968 5.0050370707245735 4.886654567446178 4.80793896562162 4.771628178265423 4.735317390909225
8.984456894645216 8.942112362166899 8.899767829688582 8.857423297210264 8.815078764731947 8.772734232253631 8.734087446543931 8.699393635708025 8.664699824872176 8.630006014036327 8.59531220320048 8.560618392364631 8.525924581528784 8.491230770692935 8.456536959857088 8.421843149021239 8.387149338185392 8.352455527349543 8.260006648174938 8.105816295420732 7.951625942666265 7.79743558991206 7.6432452371578545 7.48905488440365 7.334864531649445 7.18067417889524 7.0264838261410345 6.872293473386829 6.718103120632625 6.56391276787842 6.424372088848298 6.30049224220819 6.176612395568082 6.052732548927763 5.928852702287655 5.804972855647547 5.681093009007439 5.557213162367331 5.433333315727223 5.309453469087115 5.1855736224470075 5.0616937758069 4.983318853195396 4.95358972317436 4.923860593153324
9.045179875423548 8.996774778589103 8.948369681754656 8.89996458492021 8.851559488085764 8.803154391251319 8.759181349865166 8.71994627592856 8.68071120199202 8.641476128055482 8.602241054118942 8.563005980182401 8.523770906245863 8.484535832309323 8.445300758372783 8.406065684436244 8.366830610499704 8.327595536563164 8.243488630734573 8.111412722307259 7.979336813879717 7.847260905452402 7.715184997025086 7.583109088597771 7.451033180170455 7.318957271743139 7.186881363315824 7.054805454888509 6.922729546461193 6.790653638033877 6.6598820741878715 6.53050488418605 6.40112769418423 6.271750504182188 6.142373314180368 6.012996124178547 5.8836189341767255 5.754241744174905 5.624864554173085 5.495487364171264 5.366110174169442 5.236732984167622 5.158698740769173 5.135551268083298 5.112403795397422
9.10590285620188 9.051437195011305 8.99697153382073 8.942505872630154 8.888040211439579 8.833574550249004 8.7842752531864 8.740498916149095 8.696722579111864 8.652946242074632 8.609169905037403 8.565393568000172 8.52161723096294 8.477840893925709 8.43406455688848 8.390288219851248 8.346511882814017 8.302735545776786 8.22697061329421 8.117009149193784 8.00704768509317 7.897086220992744 7.787124756892318 7.677163292791892 7.5672018286914655 7.45724036459104 7.347278900490614 7.237317436390187 7.127355972289761 7.017394508189335 6.8953920595274445 6.760517526163911 6.625642992800377 6.490768459436614 6.35589392607308 6.221019392709547 6.086144859346013 5.951270325982479 5.816395792618946 5.681521259255412 5.546646725891878 5.411772192528344 5.33407862834295 5.317512812992236 5.300946997641521
9.166625836980211 9.106099611433507 9.045573385886803 8.9850471603401 8.924520934793396 8.863994709246692 8.809369156507636 8.76105155636963 8.712733956231707 8.664416356093787 8.616098755955864 8.567781155817942 8.51946355568002 8.471145955542097 8.422828355404175 8.374510755266252 8.32619315512833 8.277875554990409 8.210452595853846 8.122605576080309 8.034758556306622 7.946911536533086 7.859064516759549 7.771217496986012 7.683370477212476 7.595523457438939 7.507676437665403 7.419829417891865 7.331982398118329 7.244135378344792 7.1309020448670175 6.99053016814177 6.850158291416524 6.709786414691038 6.569414537965792 6.429042661240546 6.288670784515299 6.1482989077900525 6.007927031064806 5.867555154339559 5.727183277614313 5.586811400889067 5.5094585159167275 5.499474357901174 5.48949019988562
9.227348817758543 9.16076202785571 9.094175237952877 9.027588448050045 8.961001658147211 8.894414868244379 8.83446305982887 8.781604196590166 8.728745333351553 8.675886470112939 8.623027606874325 8.570168743635712 8.517309880397098 8.464451017158485 8.411592153919871 8.358733290681258 8.305874427442644 8.25301556420403 8.193934578413481 8.128202002966834 8.062469427520075 7.996736852073428 7.931004276626781 7.865271701180133 7.799539125733487 7.73380655028684 7.668073974840192 7.602341399393545 7.536608823946898 7.470876248500251 7.366412030206591 7.220542810119632 7.074673590032672 6.928804369945464 6.782935149858505 6.637065929771546 6.491196709684586 6.345327489597627 6.199458269510667 6.0535890494237075 5.907719829336749 5.761850609249789 5.684838403490504 5.681435902810112 5.678033402129719
9.288071798536928 9.21542444427796 9.142777090018994 9.070129735760027 8.99748238150106 8.924835027242093 8.859556963150126 8.802156836810719 8.74475671047141 8.687356584132102 8.629956457792792 8.572556331453484 8.515156205114176 8.457756078774866 8.400355952435557 8.342955826096249 8.28555569975694 8.22815557341763 8.177416560973104 8.133798429853364 8.090180298733552 8.046562167613812 8.002944036494073 7.959325905374335 7.915707774254596 7.872089643134857 7.828471512015118 7.784853380895379 7.74123524977564 7.697617118655901 7.601922015546365 7.450555452097689 7.299188888649011 7.147822325200076 6.996455761751399 6.8450891983027224 6.693722634854045 6.542356071405369 6.390989507956691 6.239622944508014 6.088256381059337 5.93688981761066 5.860218291064431 5.863397447719204 5.866576604373978
9.34879477931526 9.270086860700165 9.191378942085068 9.112671023469971 9.033963104854875 8.95525518623978 8.884650866471361 8.822709477031255 8.760768087591254 8.698826698151255 8.636885308711255 8.574943919271254 8.513002529831255 8.451061140391253 8.389119750951254 8.327178361511253 8.265236972071254 8.203295582631252 8.16089854353274 8.13939485673989 8.117891169947004 8.096387483154155 8.074883796361306 8.053380109568456 8.031876422775607 8.010372735982758 7.9888690491899075 7.967365362397058 7.945861675604209 7.9243579888113596 7.837432000885939 7.680568094075548 7.523704187265158 7.366840280454501 7.209976373644111 7.0531124668337215 6.896248560023332 6.739384653212942 6.582520746402552 6.425656839592162 6.268792932781772 6.111929025971382 6.035598178638208 6.045358992628143 6.055119806618077
