Figures/CREST_Example_wjb_NSE/Rolling_result/20100722/BJP_forecast/ens_33/wjb.rain.20100725.asc
ncols            288
nrows            254
xllcorner        113.274861
yllcorner        31.4918055
cellsize         0.008333333333
NODATA_value     -9999
[rows 40 to 59 of 254, columns 45 to 89 of 288]
25.180665290908617 24.66282729733175 24.144989303754876 23.627151310178007 23.10931331660114 22.59147532302427 22.642382403207492 23.301290822282823 23.96019924135703 24.61910766043124 25.27801607950545 25.936924498579657 26.595832917653865 27.254741336728074 27.913649755802282 28.57255817487649 29.2314665939507 29.890375013024908 29.022763382621495 26.52326731307689 24.023771243528017 21.524275173983412 19.024779104438807 16.525283034894198 14.025786965349589 11.526290895804983 9.026794826260375 6.527298756715769 4.02780268717116 1.528306617626555 0.23646815981703143 0.23564298995642005 0.23481782009580868 0.2339926502351959 0.2331674803745845 0.2323423105139731 0.23151714065336174 0.23069197079275036 0.229866800932139 0.2290416310715276 0.2282164612109162 0.22739129135030484 0.22320633643961105 0.21542969535024956 0.20765305426088804
25.452345241679506 24.924814151714287 24.397283061749064 23.869751971783842 23.34222088181862 22.814689791853397 22.867701652721912 23.54132704973541 24.21495244674776 24.88857784376011 25.562203240772458 26.23582863778481 26.909454034797157 27.58307943180951 28.256704828821857 28.930330225834204 29.603955622846556 30.277581019858903 29.402675004461578 26.872353905392448 24.342032806319004 21.811711707249877 19.281390608180747 16.751069509111616 14.22074841004249 11.690427310973359 9.160106211904232 6.629785112835101 4.099464013765974 1.5691429146968439 0.26094136176529875 0.2592132315937515 0.2574851014222042 0.255756971250654 0.2540288410791067 0.25230071090755946 0.25057258073601224 0.24884445056446494 0.2471163203929177 0.24538819022137043 0.24366006004982316 0.24193192987827591 0.2366845469243137 0.2276750031804737 0.2186654594366337
25.724025192450398 25.18680100609682 24.64957681974325 24.112352633389673 23.5751284470361 23.037904260682524 23.093020902236333 23.781363277188 24.469705652138487 25.158048027088977 25.846390402039468 26.53473277698996 27.22307515194045 27.911417526890936 28.599759901841427 29.288102276791918 29.97644465174241 30.6647870266929 29.782586626301658 27.22144049770801 24.66029436910999 22.099148240516342 19.538002111922694 16.976855983329045 14.415709854735393 11.854563726141745 9.293417597548093 6.732271468954444 4.1711253403607955 1.6099792117671434 0.28541456371356605 0.28278347323108294 0.28015238274859977 0.27752129226611216 0.274890201783629 0.27225911130114583 0.2696280208186627 0.26699693033617955 0.26436583985369644 0.26173474937121327 0.2591036588887301 0.256472568406247 0.25016275740901633 0.23992031101069786 0.22967786461237935
25.995705143221286 25.448787860479356 24.90187057773743 24.354953294995504 23.808036012253577 23.26111872951165 23.318340151750753 24.02139950464058 24.724458857529214 25.427518210417844 26.130577563306478 26.833636916195108 27.53669626908374 28.23975562197237 28.942814974861 29.645874327749635 30.348933680638265 31.051993033526898 30.162498248141745 27.570527090023575 24.97855593190098 22.386584773782808 19.794613615664638 17.202642457546467 14.610671299428294 12.018700141310124 9.426728983191953 6.83475782507378 4.24278666695561 1.6508155088374359 0.3098877656618334 0.3063537148684144 0.30281966407499533 0.2992856132815703 0.29575156248815127 0.2922175116947322 0.28868346090131314 0.28514941010789413 0.28161535931447507 0.27808130852105606 0.274547257727637 0.271013206934218 0.26364096789371894 0.2521656188409219 0.24069026978812497
26.267385093992175 25.710774714861895 25.154164335731615 24.597553956601338 24.040943577471054 23.484333198340778 23.543659401265174 24.26143573209317 24.97921206291994 25.696988393746715 26.414764724573487 27.132541055400257 27.85031738622703 28.568093717053802 29.285870047880575 30.003646378707344 30.721422709534117 31.43919904036089 30.542409869981828 27.919613682339133 25.296817494691968 22.674021307049276 20.05122511940658 17.42842893176389 14.805632744121198 12.182836556478502 9.56004036883581 6.937244181193119 4.314447993550424 1.691651805907732 0.33436096761010076 0.32992395650574585 0.3254869454013909 0.32104993429702844 0.3166129231926735 0.3121759120883186 0.30773890098396367 0.3033018898796087 0.2988648787752538 0.2944278676708989 0.28999085656654394 0.28555384546218904 0.2771191783784216 0.2644109266711461 0.2517026749638706
26.539065044763063 25.97276156924443 25.4064580937258 24.840154618207166 24.273851142688535 23.7075476671699 23.76897865077959 24.501471959545754 25.233965268310666 25.966458577075578 26.698951885840494 27.431445194605406 28.163938503370318 28.896431812135233 29.628925120900146 30.361418429665058 31.093911738429973 31.826405047194886 30.92232149182191 28.268700274654694 25.615079057482955 22.96145784031574 20.307836623148525 17.65421540598131 15.000594188814098 12.346972971646885 9.693351754479668 7.039730537312455 4.386109320145241 1.732488102978028 0.35883416955836805 0.35349419814307725 0.34815422672778645 0.34281425531248655 0.3374742838971957 0.3321343124819049 0.3267943410666141 0.3214543696513233 0.3161143982360325 0.3107744268207417 0.3054344554054509 0.3000944839901601 0.2905973888631242 0.2766562345013702 0.2627150801396163
26.810744995534183 26.23474842362719 25.658751851720197 25.082755279813206 24.50675870790621 23.930762135999217 23.9942979002942 24.741508186998544 25.48871847370161 26.235928760404676 26.98313904710774 27.73034933381081 28.477559620513876 29.224769907216942 29.97198019392001 30.719190480623077 31.466400767326142 32.21361105402921 31.302233113662318 28.617786866970555 25.933340620274215 23.248894373582452 20.56444812689069 17.880001880198925 15.195555633507166 12.511109386815402 9.826663140123642 7.142216893431879 4.457770646740116 1.7733244000483523 0.3833073715066563 0.3770644397804288 0.37082150805420133 0.36457857632796326 0.3583356446017358 0.3520927128755083 0.34584978114928083 0.3396068494230534 0.33336391769682594 0.32712098597059847 0.320878054244371 0.3146351225181435 0.30407559934783834 0.2889015423316048 0.27372748531537133
27.082424946305075 26.49673527800973 25.911045609714385 25.325355941419037 24.739666273123692 24.153976604828344 24.219617149808624 24.98154441445113 25.743471679092337 26.505398943733546 27.267326208374755 28.02925347301596 28.791180737657168 29.553108002298377 30.315035266939585 31.07696253158079 31.838889796222 32.60081706086321 31.6821447355024 28.96687345928612 26.251602183065206 23.53633090684892 20.82105963063264 18.105788354416354 15.39051707820007 12.675245801983788 9.959974525767503 7.244703249551218 4.529431973334937 1.814160697118652 0.4077805734549236 0.4006346814177602 0.3934887893805969 0.3863428973434213 0.379197005306258 0.3720511132690947 0.3649052212319313 0.357759329194768 0.3506134371576046 0.3434675451204413 0.33632165308327794 0.3291757610461146 0.317553809832541 0.30114685016182896 0.284739890491117
27.354104897075963 26.758722132392265 26.163339367708566 25.567956603024868 24.97257383834117 24.37719107365747 24.44493639932304 25.221580641903714 25.99822488448306 26.774869127062413 27.55151336964176 28.32815761222111 29.10480185480046 29.881446097379808 30.65809033995916 31.434734582538507 32.211378825117855 32.988023067697206 32.062056357342485 29.31596005160168 26.569863745856196 23.82376744011539 21.077671134374583 18.331574828633777 15.585478522892974 12.839382217152167 10.09328591141136 7.3471896056705575 4.601093299929751 1.8549969941889444 0.4322537754031909 0.42420492305509166 0.41615607070699245 0.4081072183588795 0.40005836601078026 0.392009513662681 0.3839606613145818 0.3759118089664826 0.3678629566183833 0.3598141042702841 0.3517652519221849 0.3437163995740857 0.33103202031724366 0.3133921579920531 0.2957522956668626
26.83776092757052 26.21314789167667 25.588534855782818 24.96392181988897 24.33930878399512 23.71469574810127 23.75776719546547 24.51460844674995 25.27144969803314 26.02829094931633 26.78513220059952 27.541973451882708 28.298814703165895 29.055655954449087 29.812497205732278 30.569338457015466 31.326179708298653 32.083020959581845 31.18444090383302 28.5161780508666 25.847915197895624 23.179652344929202 20.511389491962777 17.843126638996353 15.174863786029931 12.506600933063506 9.838338080097085 7.17007522713066 4.501812374164235 1.8335495211978134 0.4626365530975698 0.47861994055860746 0.4946033280196451 0.51058671548071 0.5265701029417477 0.5425534904027853 0.558536877863823 0.5745202653248607 0.5905036527858983 0.606487040246936 0.6224704277079736 0.6384538151690113 0.6393300393360531 0.624056364389582 0.6087826894431108
25.479069076073863 24.804341761000323 24.12961444592679 23.45488713085325 22.780159815779715 22.10543250070618 22.09520537183844 22.795343961369046 23.49548255089846 24.195621140427875 24.895759729957287 25.5958983194867 26.296036909016117 26.99617549854553 27.696314088074946 28.39645267760436 29.09659126713377 29.796729856663184 28.962608300042323 26.488327965976048 24.01404763190555 21.539767297839276 19.065486963772997 16.591206629706722 14.116926295640447 11.642645961574171 9.168365627507896 6.694085293441617 4.219804959375342 1.7455246253090664 0.4993362946367242 0.5660060785482416 0.632675862459759 0.6993456463713903 0.7660154302829076 0.8326852141944252 0.8993549981059425 0.9660247820174601 1.0326945659289775 1.0993643498404948 1.1660341337520124 1.23270391766353 1.2627718438387823 1.2537115565761896 1.244651269313597
24.1203772245772 23.395535630323977 22.670694036070756 21.945852441817532 21.221010847564308 20.496169253311088 20.432643548211402 21.076079475988138 21.719515403763776 22.362951331539417 23.006387259315055 23.649823187090693 24.29325911486633 24.936695042641972 25.58013097041761 26.223566898193248 26.86700282596889 27.510438753744527 26.74077569625162 24.46047788108549 22.180180065915476 19.899882250749346 17.619584435583217 15.339286620417088 13.058988805250959 10.77869099008483 8.4983931749187 6.218095359752574 3.937797544586445 1.6574997294203158 0.5360360361758786 0.6533922165378758 0.7707483968998732 0.8881045772620705 1.0054607576240677 1.122816937986065 1.2401731183480622 1.3575292987100596 1.4748854790720567 1.592241659434054 1.7095978397960514 1.8269540201580485 1.8862136483415113 1.8833667487627972 1.880519849184083
22.76168537308054 21.98672949964763 21.211773626214722 20.436817752781813 19.661861879348905 18.886906005915996 18.770081724584365 19.35681499060723 19.943548256629093 20.530281522650956 21.11701478867282 21.703748054694685 22.290481320716548 22.87721458673841 23.463947852760274 24.050681118782137 24.637414384804003 25.224147650825863 24.518943092460916 22.432627796194936 20.346312499925396 18.259997203659417 16.173681907393437 14.087366611127456 12.001051314861474 9.914736018595494 7.828420722329515 5.742105426063532 3.655790129797552 1.5694748335315722 0.5727357777150329 0.7407783545275101 0.9088209313399871 1.0768635081527507 1.2449060849652278 1.412948661777705 1.5809912385901819 1.749033815402659 1.9170763922151361 2.0851189690276133 2.2531615458400904 2.4212041226525676 2.5096554528442403 2.513021940949405 2.5163884290545693
21.402993521582722 20.577923368970083 19.752853216357444 18.92778306374481 18.102712911132173 17.277642758519534 17.107519900955914 17.63755050522486 18.167581109492897 18.69761171376094 19.227642318028977 19.757672922297015 20.287703526565057 20.817734130833095 21.347764735101137 21.877795339369175 22.407825943637214 22.937856547905255 22.29711048866832 20.404777711302653 18.512444933933757 16.62011215656809 14.727779379202422 12.835446601836754 10.943113824471085 9.050781047105417 7.1584482697397505 5.26611549237408 3.3737827150084136 1.4814499376427435 0.6094355192542186 0.8281644925172187 1.0468934657802187 1.265622439043592 1.484351412306592 1.7030803855695922 1.9218093588325922 2.140538332095592 2.3592673053585926 2.5779962786215926 2.7967252518845926 3.015454225147593 3.1330972573475013 3.1426771331365497 3.152257008925598
20.04430167008606 19.169117238293737 18.293932806501413 17.41874837470909 16.543563942916766 15.668379511124442 15.444958077328877 15.91828601984395 16.391613962358214 16.864941904872477 17.338269847386744 17.811597789901008 18.284925732415275 18.758253674929538 19.2315816174438 19.704909559958068 20.17823750247233 20.651565444986595 20.07527788487762 18.3769276264121 16.67857736794368 14.980227109478164 13.281876851012644 11.583526592547123 9.885176334081603 8.186826075616082 6.488475817150562 4.790125558685041 3.0917753002195205 1.393425041754 0.6461352607933729 0.9155506305068528 1.1849660002203328 1.4543813699342723 1.723796739647752 1.9932121093612318 2.2626274790747116 2.532042848788192 2.8014582185016716 3.0708735882151514 3.3402889579286317 3.6097043276421115 3.7565390618502303 3.772332325323157 3.788125588796084
18.6856098185894 17.76031110761739 16.83501239664538 15.909713685673369 14.984414974701359 14.05911626372935 13.782396253701842 14.199021534463043 14.615646815223531 15.032272095984021 15.44889737674451 15.865522657505 16.28214793826549 16.69877321902598 17.11539849978647 17.532023780546957 17.94864906130745 18.365274342067938 17.85344528108692 16.349077541521545 14.84470980195361 13.340342062388235 11.835974322822864 10.33160658325749 8.827238843692117 7.322871104126744 5.818503364561371 4.314135624995998 2.8097678854306256 1.3054001458652529 0.6828350023325273 1.002936768496487 1.3230385346604465 1.6431403008249523 1.963242066988912 2.2833438331528715 2.603445599316831 2.9235473654807906 3.24364913164475 3.56375089780871 3.8838526639726694 4.20395443013663 4.379980866352958 4.401987517509764 4.423994168666569
17.326917967092736 16.351504976941044 15.376091986789346 14.40067899663765 13.425266006485954 12.44985301633426 12.119834430074807 12.479757049082135 12.839679668088849 13.199602287095564 13.559524906102277 13.919447525108993 14.279370144115706 14.639292763122421 14.999215382129135 15.35913800113585 15.719060620142564 16.078983239149277 15.631612677296218 14.321227456630993 13.010842235963533 11.700457015298309 10.390071794633084 9.079686573967859 7.769301353302632 6.458916132637407 5.148530911972182 3.8381456913069574 2.5277604706417325 1.2173752499765058 0.7195347438716816 1.090322906486121 1.4611110691005607 1.8318992317156324 2.2026873943300718 2.573475556944511 2.9442637195589505 3.31505188217339 3.6858400447878292 4.0566282074022695 4.427416370016709 4.798204532631148 5.003422670855687 5.031642709696372 5.059862748537055
15.968226115596075 14.942698846264694 13.917171576933312 12.89164430760193 11.866117038270549 10.840589768939166 10.45727260644777 10.760492563701227 11.063712520954166 11.366932478207104 11.670152435460043 11.973372392712983 12.276592349965922 12.57981230721886 12.883032264471801 13.18625222172474 13.489472178977678 13.792692136230617 13.409780073505516 12.293377371740439 11.176974669973458 10.060571968208379 8.944169266443302 7.827766564678224 6.711363862913147 5.594961161148069 4.478558459382992 3.3621557576179146 2.245753055852836 1.1293503540877587 0.756234485410836 1.1777090444757552 1.5991836035406746 2.0206581626063125 2.4421327216712316 2.863607280736151 3.28508183980107 3.706556398865989 4.128030957930909 4.549505516995827 4.970980076060746 5.392454635125667 5.626864475358416 5.661297901882979 5.6957313284075415
14.609534264099416 13.53389271558835 12.45825116707728 11.382609618566212 10.306968070055143 9.231326521544077 8.794710782820736 9.04122807832032 9.287745373819483 9.534262669318647 9.78077996481781 10.027297260316974 10.273814555816138 10.520331851315301 10.766849146814465 11.013366442313629 11.259883737812793 11.506401033311956 11.187947469714814 10.265527286849883 9.34310710398338 8.42068692111845 7.498266738253521 6.5758465553885905 5.65342637252366 4.73100618965873 3.8085860067938 2.88616582392887 1.963745641063941 1.04132545819901 0.7929342269499904 1.2650951824653895 1.7372561379807885 2.2094170934969926 2.6815780490123915 3.1537390045277904 3.6258999600431894 4.098060915558589 4.570221871073988 5.042382826589387 5.514543782104786 5.986704737620185 6.250306279861145 6.290953094069587 6.331599908278028
13.2508424126016 12.125086584910802 10.999330757220005 9.873574929529207 8.747819101838411 7.622063274147614 7.132148959192282 7.321963592937946 7.511778226683286 7.701592860428626 7.891407494173967 8.081222127919307 8.271036761664647 8.460851395409987 8.650666029155326 8.840480662900667 9.030295296646006 9.220109930391347 8.966114865922217 8.2376772019576 7.509239537991741 6.780801874027125 6.052364210062507 5.323926546097891 4.595488882133274 3.8670512181686565 3.1386135542040394 2.4101758902394232 1.6817382262748062 0.9533005623101882 0.829633968489176 1.352481320455098 1.8753286724210203 2.3981760243878343 2.9210233763537565 3.4438707283196788 3.9667180802856006 4.489565432251522 5.012412784217444 5.535260136183367 6.058107488149289 6.580954840115211 6.873748084364406 6.920608286256732 6.9674684881490565
