Figures/CREST_Example_wjb_NSE/Rolling_result/20100722/BJP_forecast/ens_33/wjb.rain.20100722.asc
ncols            288
nrows            254
xllcorner        113.274861
yllcorner        31.4918055
cellsize         0.008333333333
NODATA_value     -9999
[rows 60 to 79 of 254, columns 0 to 43 of 288]
-9999.0 -9999.0 -9999.0 -9999.0 -9999.0 -9999.0 -9999.0 -9999.0 -9999.0 -9999.0 -9999.0 31.570153422803717 31.570153422803717 31.570153422803717 31.570153422803717 31.570153422803717 31.570153422803717 31.570153422803717 31.570153422803717 31.570153422803717 31.570153422803717 31.570153422803717 31.570153422803717 31.570153422803717 31.570153422803717 31.570153422803717 31.570153422803717 17.578788101171945 17.50471108931154 17.43063407745114 17.35655706559074 17.282480053730335 17.208403041869932 17.13432603000953 17.06024901814913 16.986172006288726 16.912094994428323 16.83801798256792 16.76394097070752 17.1610785030819 18.06195503288094 18.962831562679987 19.863708092479033 20.76458462227808
-9999.0 -9999.0 -9999.0 -9999.0 -9999.0 -9999.0 -9999.0 -9999.0 -9999.0 31.570153422803717 31.570153422803717 31.570153422803717 31.570153422803717 31.570153422803717 31.570153422803717 15.701660759115834 15.917779506188957 16.13389825326208 16.3500170003352 16.566135747408325 16.782254494481446 16.998373241554567 17.214491988627692 17.430610735700814 17.646729482773935 17.86284822984706 18.07896697692055 18.1580547586322 18.090653341698832 18.023251924765464 17.9558505078321 17.88844909089873 17.821047673965367 17.753646257032 17.686244840098635 17.618843423165266 17.551442006231902 17.484040589298534 17.41663917236517 17.80641548065122 18.684925109596765 19.56343473854231 20.441944367487856 21.3204539964334
-9999.0 -9999.0 -9999.0 -9999.0 -9999.0 -9999.0 -9999.0 -9999.0 -9999.0 31.570153422803717 31.570153422803717 31.570153422803717 31.570153422803717 31.570153422803717 31.570153422803717 16.07854490235467 16.31084533428404 16.543145766213414 16.775446198142788 17.007746630072162 17.240047062001533 17.472347493930908 17.704647925860282 17.936948357789653 18.169248789719028 18.401549221648402 18.63384965357817 18.735187852815322 18.69652446577423 18.657861078733138 18.619197691692044 18.580534304650953 18.54187091760986 18.503207530568766 18.46454414352767 18.42588075648658 18.387217369445487 18.348553982404393 18.309890595363303 18.68272108037778 19.495447814546125 20.308174548714465 21.120901282882805 21.933628017051145
-9999.0 -9999.0 -9999.0 -9999.0 -9999.0 -9999.0 -9999.0 -9999.0 -9999.0 31.570153422803717 31.570153422803717 31.570153422803717 31.570153422803717 31.570153422803717 31.570153422803717 16.4554290455935 16.703911162379125 16.95239327916475 17.200875395950373 17.449357512736 17.697839629521624 17.946321746307248 18.194803863092872 18.443285979878496 18.69176809666412 18.940250213449744 19.188732330235794 19.312320946998447 19.30239558984963 19.29247023270081 19.28254487555199 19.272619518403175 19.262694161254355 19.252768804105536 19.242843446956716 19.2329180898079 19.22299273265908 19.21306737551026 19.203142018361444 19.559026680104353 20.305970519495485 21.05291435888662 21.799858198277757 22.546802037668893
-9999.0 -9999.0 -9999.0 -9999.0 -9999.0 -9999.0 -9999.0 -9999.0 31.570153422803717 31.570153422803717 31.570153422803717 31.570153422803717 31.570153422803717 31.570153422803717 31.570153422803717 16.832313188832334 17.096976990474207 17.361640792116084 17.62630459375796 17.890968395399835 18.15563219704171 18.42029599868359 18.684959800325462 18.94962360196734 19.214287403609216 19.47895120525109 19.743615006893418 19.889454041181576 19.90826671392503 19.927079386668485 19.94589205941194 19.964704732155393 19.983517404898848 20.002330077642306 20.02114275038576 20.039955423129214 20.05876809587267 20.077580768616123 20.096393441359577 20.435332279830913 21.116493224444845 21.797654169058774 22.478815113672706 23.159976058286638
-9999.0 -9999.0 -9999.0 -9999.0 -9999.0 -9999.0 -9999.0 -9999.0 31.570153422803717 31.570153422803717 31.570153422803717 31.570153422803717 31.570153422803717 31.570153422803717 31.570153422803717 17.209197332071163 17.49004281856929 17.77088830506742 18.051733791565546 18.332579278063672 18.6134247645618 18.89427025105993 19.175115737558055 19.455961224056182 19.73680671055431 20.01765219705244 20.298497683551044 20.466587135364705 20.514137838000433 20.561688540636162 20.60923924327189 20.65678994590762 20.704340648543347 20.751891351179072 20.7994420538148 20.84699275645053 20.894543459086258 20.942094161721986 20.989644864357714 21.311637879557477 21.927015929394205 22.54239397923093 23.157772029067658 23.773150078904386
-9999.0 -9999.0 -9999.0 -9999.0 -9999.0 -9999.0 -9999.0 -9999.0 31.570153422803717 31.570153422803717 31.570153422803717 31.570153422803717 31.570153422803717 31.570153422803717 31.570153422803717 17.58608147531032 17.88310864666471 18.180135818019103 18.477162989373493 18.774190160727887 19.071217332082277 19.36824450343667 19.66527167479106 19.962298846145455 20.259326017499845 20.55635318885424 20.853380360209137 21.04372022954832 21.120008962076348 21.196297694604375 21.272586427132403 21.348875159660427 21.425163892188454 21.50145262471648 21.577741357244506 21.654030089772533 21.73031882230056 21.806607554828588 21.882896287356612 22.18794347928479 22.737538634344254 23.287133789403722 23.83672894446319 24.386324099522657
-9999.0 -9999.0 -9999.0 -9999.0 -9999.0 -9999.0 -9999.0 -9999.0 31.570153422803717 31.570153422803717 31.570153422803717 31.570153422803717 31.570153422803717 31.570153422803717 31.570153422803717 17.962965618549152 18.276174474759795 18.58938333097044 18.90259218718108 19.215801043391725 19.529009899602368 19.84221875581301 20.155427612023654 20.468636468234298 20.78184532444494 21.095054180655584 21.408263036866764 21.62085332373145 21.72588008615175 21.83090684857205 21.93593361099235 22.04096037341265 22.14598713583295 22.251013898253248 22.356040660673546 22.461067423093848 22.566094185514146 22.671120947934448 22.776147710354746 23.06424907901135 23.54806133929361 24.031873599575874 24.515685859858138 24.9994981201404
-9999.0 -9999.0 -9999.0 -9999.0 -9999.0 -9999.0 -9999.0 31.570153422803717 31.570153422803717 31.570153422803717 31.570153422803717 31.570153422803717 31.570153422803717 31.570153422803717 31.570153422803717 18.339849761787985 18.669240302854877 18.998630843921774 19.328021384988666 19.65741192605556 19.986802467122455 20.31619300818935 20.645583549256244 20.974974090323137 21.304364631390033 21.633755172456926 21.963145713524383 22.197986417914574 22.33175121022715 22.465516002539722 22.599280794852294 22.73304558716487 22.866810379477442 23.000575171790015 23.13433996410259 23.268104756415163 23.40186954872774 23.53563434104031 23.669399133352883 23.940554678737914 24.358584044242974 24.77661340974803 25.19464277525309 25.61267214075815
-9999.0 -9999.0 -9999.0 -9999.0 -9999.0 -9999.0 -9999.0 31.570153422803717 31.570153422803717 31.570153422803717 31.570153422803717 31.570153422803717 31.570153422803717 31.570153422803717 31.570153422803717 18.716733905026814 19.06230613094996 19.407878356873105 19.75345058279625 20.099022808719397 20.444595034642543 20.79016726056569 21.135739486488834 21.48131171241198 21.826883938335126 22.17245616425827 22.518028390182003 22.7751195120977 22.937622334302546 23.100125156507396 23.262627978712242 23.42513080091709 23.58763362312194 23.750136445326785 23.91263926753163 24.075142089736477 24.237644911941327 24.400147734146174 24.56265055635102 24.81686027846448 25.169106749192334 25.521353219920186 25.873599690648042 26.225846161375895
-9999.0 -9999.0 -9999.0 -9999.0 -9999.0 -9999.0 -9999.0 31.570153422803717 31.570153422803717 31.570153422803717 31.570153422803717 31.570153422803717 31.570153422803717 31.570153422803717 31.570153422803717 19.09361804826565 19.455371959045046 19.817125869824444 20.17887978060384 20.540633691383235 20.902387602162634 21.26414151294203 21.625895423721428 21.987649334500823 22.349403245280218 22.711157156059617 23.07291106683963 23.352252606280828 23.54349345837795 23.73473431047507 23.92597516257219 24.11721601466931 24.308456866766434 24.499697718863555 24.690938570960675 24.882179423057796 25.073420275154916 25.264661127252037 25.455901979349157 25.693165878191042 25.979629454141694 26.266093030092343 26.55255660604299 26.839020181993643
-9999.0 -9999.0 -9999.0 -9999.0 -9999.0 -9999.0 31.570153422803717 31.570153422803717 31.570153422803717 31.570153422803717 31.570153422803717 31.570153422803717 31.570153422803717 31.570153422803717 31.570153422803717 19.47050219150448 19.848437787140128 20.226373382775776 20.604308978411424 20.982244574047073 21.36018016968272 21.73811576531837 22.116051360954017 22.493986956589662 22.87192255222531 23.24985814786096 23.62779374349725 23.929385700463953 24.149364582453348 24.369343464442743 24.589322346432137 24.809301228421532 25.029280110410927 25.24925899240032 25.469237874389716 25.68921675637911 25.909195638368505 26.1291745203579 26.349153402347294 26.569471477917606 26.790152159091054 27.0108328402645 27.231513521437943 27.45219420261139
-9999.0 -9999.0 -9999.0 -9999.0 -9999.0 -9999.0 -9999.0 31.570153422803717 31.570153422803717 31.570153422803717 31.570153422803717 31.570153422803717 31.570153422803717 31.570153422803717 31.570153422803717 19.847386334743636 20.241503615235548 20.63562089572746 21.02973817621937 21.423855456711287 21.8179727372032 22.21209001769511 22.606207298187023 23.00032457867894 23.39444185917085 23.788559139662762 24.18267642015535 24.506518794647572 24.755235706529266 25.003952618410956 25.25266953029265 25.501386442174343 25.750103354056037 25.998820265937727 26.24753717781942 26.496254089701115 26.744971001582805 26.9936879134645 27.242404825346192 27.445777077644916 27.6006748640411 27.755572650437287 27.91047043683347 28.065368223229658
-9999.0 -9999.0 -9999.0 -9999.0 -9999.0 -9999.0 -9999.0 -9999.0 31.570153422803717 31.570153422803717 31.570153422803717 31.570153422803717 31.570153422803717 31.570153422803717 31.570153422803717 21.675926576055115 22.08528721406379 22.49464785207246 22.904008490081136 23.313369128089807 23.72272976609848 24.132090404107156 24.541451042115828 24.950811680124502 25.360172318133174 25.76953295614185 26.17889359415122 26.50593296945009 26.744969054587546 26.984005139725 27.223041224862456 27.46207730999991 27.701113395137366 27.94014948027482 28.179185565412276 28.41822165054973 28.657257735687185 28.89629382082464 29.135329905962095 29.280427697450644 29.32510332998461 29.369778962518577 29.414454595052543 29.45913022758651
-9999.0 -9999.0 -9999.0 -9999.0 -9999.0 -9999.0 -9999.0 -9999.0 -9999.0 31.570153422803717 31.570153422803717 31.570153422803717 31.570153422803717 31.570153422803717 31.570153422803717 25.056195658114895 25.47979664087671 25.903397623638526 26.32699860640034 26.750599589162157 27.174200571923976 27.59780155468579 28.021402537447607 28.445003520209422 28.868604502971237 29.292205485733053 29.715806468495593 30.02567594346199 30.21396386645077 30.402251789439546 30.590539712428324 30.7788276354171 30.96711555840588 31.155403481394657 31.343691404383435 31.531979327372213 31.72026725036099 31.908555173349768 32.096843096338546 32.13948871929218 32.02643943193329 31.913390144574393 31.800340857215495 31.687291569856598
-9999.0 -9999.0 -9999.0 -9999.0 -9999.0 -9999.0 -9999.0 -9999.0 -9999.0 -9999.0 31.570153422803717 31.570153422803717 31.570153422803717 31.570153422803717 31.570153422803717 28.436464740174674 28.87430606768963 29.31214739520459 29.74998872271955 30.18783005023451 30.62567137774947 31.06351270526443 31.501354032779386 31.939195360294345 32.37703668780931 32.81487801532426 33.25271934283997 33.545418917473896 33.682958678313994 33.8204984391541 33.9580381999942 34.0955779608343 34.2331177216744 34.370657482514495 34.508197243354594 34.64573700419469 34.78327676503479 34.92081652587489 35.05835628671499 34.99854974113372 34.72777553388196 34.4570013266302 34.186227119378444 33.91545291212668
-9999.0 -9999.0 -9999.0 -9999.0 -9999.0 -9999.0 -9999.0 -9999.0 -9999.0 -9999.0 -9999.0 31.570153422803717 31.570153422803717 31.570153422803717 31.570153422803717 31.816733822234447 32.26881549450255 32.720897166770655 33.172978839038755 33.625060511306856 34.077142183574956 34.52922385584306 34.981305528111164 35.433387200379265 35.885468872647365 36.337550544915466 36.78963221718434 37.0651618914858 37.15195349017722 37.23874508886864 37.32553668756006 37.41232828625149 37.49911988494291 37.58591148363433 37.67270308232575 37.759494681017166 37.846286279708586 37.93307787840001 38.01986947709143 37.857610762975256 37.42911163583063 37.00061250868601 36.57211338154139 36.143614254396766
-9999.0 -9999.0 -9999.0 -9999.0 -9999.0 -9999.0 -9999.0 -9999.0 -9999.0 -9999.0 -9999.0 31.570153422803717 31.570153422803717 31.570153422803717 31.570153422803717 35.19700290429422 35.66332492131547 36.12964693833671 36.59596895535796 37.06229097237921 37.52861298940045 37.9949350064217 38.46125702344294 38.92757904046419 39.39390105748544 39.86022307450668 40.32654509152872 40.584904865497705 40.620948302040446 40.656991738583194 40.693035175125935 40.729078611668676 40.76512204821142 40.801165484754165 40.837208921296906 40.87325235783965 40.90929579438239 40.94533923092513 40.98138266746788 40.71667178481679 40.130447737779306 39.544223690741816 38.95799964370433 38.37177559666685
-9999.0 -9999.0 -9999.0 -9999.0 -9999.0 -9999.0 -9999.0 -9999.0 -9999.0 -9999.0 -9999.0 31.570153422803717 31.570153422803717 31.570153422803717 31.570153422803717 38.577271986354006 39.05783434812839 39.53839670990278 40.018959071677166 40.499521433451555 40.980083795225944 41.46064615700033 41.94120851877472 42.42177088054911 42.9023332423235 43.38289560409789 43.863457965873096 44.10464783950962 44.08994311390368 44.07523838829774 44.0605336626918 44.04582893708587 44.031124211479934 44.016419485873996 44.001714760268065 43.98701003466213 43.97230530905619 43.95760058345025 43.94289585784432 43.57573280665832 42.831783839727976 42.08783487279763 41.34388590586728 40.599936938936935
-9999.0 -9999.0 -9999.0 -9999.0 -9999.0 -9999.0 -9999.0 -9999.0 -9999.0 -9999.0 -9999.0 -9999.0 31.570153422803717 31.570153422803717 31.570153422803717 41.95754106841666 42.452343774944204 42.94714648147175 43.44194918799929 43.936751894526836 44.43155460105438 44.926357307581924 45.42116001410947 45.91596272063701 46.41076542716455 46.9055681336921 47.40037084022048 47.62439081352451 47.55893792576986 47.4934850380152 47.42803215026054 47.36257926250589 47.29712637475123 47.23167348699658 47.16622059924192 47.10076771148726 47.035314823732605 46.969861935977946 46.90440904822329 46.4347938285023 45.533119941678954 44.63144605485561 43.72977216803227 42.82809828120892
