Figures/CREST_Example_wjb_NSE/Rolling_result/20100722/BJP_forecast/ens_37/wjb.rain.20100512.asc
ncols            288
nrows            254
xllcorner        113.274861
yllcorner        31.4918055
cellsize         0.008333333333
NODATA_value     -9999
[rows 40 to 59 of 254, columns 44 to 87 of 288]
9.478460279998785 8.987491861245267 8.49652344249175 8.00555502373823 7.514586604984712 7.023618186231193 6.5326497674776745 6.2789762038737535 6.2789762038737535 6.2789762038737535 6.2789762038737535 6.2789762038737535 6.2789762038737535 6.2789762038737535 6.2789762038737535 6.2789762038737535 6.2789762038737535 6.2789762038737535 6.2789762038737535 6.312303157254096 6.381257377137735 6.450211597021492 6.519165816905131 6.58812003678877 6.657074256672409 6.726028476556048 6.794982696439687 6.863936916323326 6.932891136206965 7.001845356090604 7.0707995759742435 7.070122716515377 6.995008659119055 6.919894601722732 6.844780544326282 6.769666486929959 6.694552429533637 6.619438372137315 6.544324314740993 6.46921025734467 6.394096199948348 6.318982142552025 6.243868085155703 6.20505815371871
9.478460279998785 8.987491861245267 8.49652344249175 8.00555502373823 7.514586604984712 7.023618186231193 6.5326497674776745 6.2789762038737535 6.2789762038737535 6.2789762038737535 6.2789762038737535 6.2789762038737535 6.2789762038737535 6.2789762038737535 6.2789762038737535 6.2789762038737535 6.2789762038737535 6.2789762038737535 6.2789762038737535 6.312303157254096 6.381257377137735 6.450211597021492 6.519165816905131 6.58812003678877 6.657074256672409 6.726028476556048 6.794982696439687 6.863936916323326 6.932891136206965 7.001845356090604 7.0707995759742435 7.070122716515377 6.995008659119055 6.919894601722732 6.844780544326282 6.769666486929959 6.694552429533637 6.619438372137315 6.544324314740993 6.46921025734467 6.394096199948348 6.318982142552025 6.243868085155703 6.20505815371871
9.478460279998785 8.987491861245267 8.49652344249175 8.00555502373823 7.514586604984712 7.023618186231193 6.5326497674776745 6.2789762038737535 6.2789762038737535 6.2789762038737535 6.2789762038737535 6.2789762038737535 6.2789762038737535 6.2789762038737535 6.2789762038737535 6.2789762038737535 6.2789762038737535 6.2789762038737535 6.2789762038737535 6.312303157254096 6.381257377137735 6.450211597021492 6.519165816905131 6.58812003678877 6.657074256672409 6.726028476556048 6.794982696439687 6.863936916323326 6.932891136206965 7.001845356090604 7.0707995759742435 7.070122716515377 6.995008659119055 6.919894601722732 6.844780544326282 6.769666486929959 6.694552429533637 6.619438372137315 6.544324314740993 6.46921025734467 6.394096199948348 6.318982142552025 6.243868085155703 6.20505815371871
9.478460279998785 8.987491861245267 8.49652344249175 8.00555502373823 7.514586604984712 7.023618186231193 6.5326497674776745 6.2789762038737535 6.2789762038737535 6.2789762038737535 6.2789762038737535 6.2789762038737535 6.2789762038737535 6.2789762038737535 6.2789762038737535 6.2789762038737535 6.2789762038737535 6.2789762038737535 6.2789762038737535 6.312303157254096 6.381257377137735 6.450211597021492 6.519165816905131 6.58812003678877 6.657074256672409 6.726028476556048 6.794982696439687 6.863936916323326 6.932891136206965 7.001845356090604 7.0707995759742435 7.070122716515377 6.995008659119055 6.919894601722732 6.844780544326282 6.769666486929959 6.694552429533637 6.619438372137315 6.544324314740993 6.46921025734467 6.394096199948348 6.318982142552025 6.243868085155703 6.20505815371871
9.478460279998785 8.987491861245267 8.49652344249175 8.00555502373823 7.514586604984712 7.023618186231193 6.5326497674776745 6.2789762038737535 6.2789762038737535 6.2789762038737535 6.2789762038737535 6.2789762038737535 6.2789762038737535 6.2789762038737535 6.2789762038737535 6.2789762038737535 6.2789762038737535 6.2789762038737535 6.2789762038737535 6.312303157254096 6.381257377137735 6.450211597021492 6.519165816905131 6.58812003678877 6.657074256672409 6.726028476556048 6.794982696439687 6.863936916323326 6.932891136206965 7.001845356090604 7.0707995759742435 7.070122716515377 6.995008659119055 6.919894601722732 6.844780544326282 6.769666486929959 6.694552429533637 6.619438372137315 6.544324314740993 6.46921025734467 6.394096199948348 6.318982142552025 6.243868085155703 6.20505815371871
9.478460279998785 8.987491861245267 8.49652344249175 8.00555502373823 7.514586604984712 7.023618186231193 6.5326497674776745 6.2789762038737535 6.2789762038737535 6.2789762038737535 6.2789762038737535 6.2789762038737535 6.2789762038737535 6.2789762038737535 6.2789762038737535 6.2789762038737535 6.2789762038737535 6.2789762038737535 6.2789762038737535 6.312303157254096 6.381257377137735 6.450211597021492 6.519165816905131 6.58812003678877 6.657074256672409 6.726028476556048 6.794982696439687 6.863936916323326 6.932891136206965 7.001845356090604 7.0707995759742435 7.070122716515377 6.995008659119055 6.919894601722732 6.844780544326282 6.769666486929959 6.694552429533637 6.619438372137315 6.544324314740993 6.46921025734467 6.394096199948348 6.318982142552025 6.243868085155703 6.20505815371871
9.478460279998785 8.987491861245267 8.49652344249175 8.00555502373823 7.514586604984712 7.023618186231193 6.5326497674776745 6.2789762038737535 6.2789762038737535 6.2789762038737535 6.2789762038737535 6.2789762038737535 6.2789762038737535 6.2789762038737535 6.2789762038737535 6.2789762038737535 6.2789762038737535 6.2789762038737535 6.2789762038737535 6.312303157254096 6.381257377137735 6.450211597021492 6.519165816905131 6.58812003678877 6.657074256672409 6.726028476556048 6.794982696439687 6.863936916323326 6.932891136206965 7.001845356090604 7.0707995759742435 7.070122716515377 6.995008659119055 6.919894601722732 6.844780544326282 6.769666486929959 6.694552429533637 6.619438372137315 6.544324314740993 6.46921025734467 6.394096199948348 6.318982142552025 6.243868085155703 6.20505815371871
9.478460279998785 8.987491861245267 8.49652344249175 8.00555502373823 7.514586604984712 7.023618186231193 6.5326497674776745 6.2789762038737535 6.2789762038737535 6.2789762038737535 6.2789762038737535 6.2789762038737535 6.2789762038737535 6.2789762038737535 6.2789762038737535 6.2789762038737535 6.2789762038737535 6.2789762038737535 6.2789762038737535 6.312303157254096 6.381257377137735 6.450211597021492 6.519165816905131 6.58812003678877 6.657074256672409 6.726028476556048 6.794982696439687 6.863936916323326 6.932891136206965 7.001845356090604 7.0707995759742435 7.070122716515377 6.995008659119055 6.919894601722732 6.844780544326282 6.769666486929959 6.694552429533637 6.619438372137315 6.544324314740993 6.46921025734467 6.394096199948348 6.318982142552025 6.243868085155703 6.20505815371871
9.478460279998785 8.987491861245267 8.49652344249175 8.00555502373823 7.514586604984712 7.023618186231193 6.5326497674776745 6.2789762038737535 6.2789762038737535 6.2789762038737535 6.2789762038737535 6.2789762038737535 6.2789762038737535 6.2789762038737535 6.2789762038737535 6.2789762038737535 6.2789762038737535 6.2789762038737535 6.2789762038737535 6.312303157254096 6.381257377137735 6.450211597021492 6.519165816905131 6.58812003678877 6.657074256672409 6.726028476556048 6.794982696439687 6.863936916323326 6.932891136206965 7.001845356090604 7.0707995759742435 7.070122716515377 6.995008659119055 6.919894601722732 6.844780544326282 6.769666486929959 6.694552429533637 6.619438372137315 6.544324314740993 6.46921025734467 6.394096199948348 6.318982142552025 6.243868085155703 6.20505815371871
9.413658608440624 8.931646180723428 8.449633753006232 7.967621325289037 7.485608897571841 7.003596469854645 6.52158404213745 6.27253786000046 6.27253786000046 6.27253786000046 6.27253786000046 6.27253786000046 6.27253786000046 6.27253786000046 6.27253786000046 6.27253786000046 6.27253786000046 6.27253786000046 6.27253786000046 6.306683323433954 6.37733105911959 6.447978794805345 6.518626530490981 6.589274266176616 6.659922001862252 6.730569737547887 6.801217473233522 6.871865208919157 6.942512944604793 7.0131606802904285 7.083808415976064 7.083274087452986 7.006644523108019 6.930014958763051 6.853385394417953 6.776755830072986 6.700126265728018 6.6234967013830515 6.546867137038084 6.470237572693117 6.393608008348149 6.3169784440031815 6.240348879658215 6.20075591608572
9.279588036050912 8.816104989068581 8.352621942086252 7.8891388951039225 7.425655848121593 6.962172801139264 6.498689754156935 6.259217332495865 6.259217332495865 6.259217332495865 6.259217332495865 6.259217332495865 6.259217332495865 6.259217332495865 6.259217332495865 6.259217332495865 6.259217332495865 6.259217332495865 6.259217332495865 6.295056241618246 6.3692077547137105 6.443359267809301 6.517510780904765 6.59166229400023 6.665813807095695 6.73996532019116 6.814116833286624 6.888268346382088 6.962419859477553 7.036571372573017 7.110722885668482 7.110483444664275 7.030718392002727 6.950953339341181 6.871188286679499 6.791423234017953 6.711658181356406 6.631893128694859 6.552128076033313 6.472363023371766 6.39259797071022 6.312832918048674 6.233067865387127 6.191854857700308
9.1455174636612 8.700563797413738 8.255610131166273 7.810656464918811 7.365702798671347 6.920749132423883 6.47579546617642 6.24589680499127 6.24589680499127 6.24589680499127 6.24589680499127 6.24589680499127 6.24589680499127 6.24589680499127 6.24589680499127 6.24589680499127 6.24589680499127 6.24589680499127 6.24589680499127 6.283429159802537 6.361084450307831 6.438739740813257 6.516395031318551 6.594050321823844 6.671705612329138 6.7493609028344315 6.827016193339725 6.904671483845018 6.982326774350312 7.059982064855605 7.137637355360899 7.137692801875562 7.054792260897436 6.97189171991931 6.888991178941044 6.806090637962918 6.723190096984792 6.640289556006667 6.557389015028541 6.474488474050416 6.39158793307229 6.308687392094164 6.225786851116038 6.1829537993148955
9.01144689127149 8.585022605758892 8.158598320246295 7.732174034733697 7.3057497492211 6.879325463708502 6.452901178195906 6.232576277486676 6.232576277486676 6.232576277486676 6.232576277486676 6.232576277486676 6.232576277486676 6.232576277486676 6.232576277486676 6.232576277486676 6.232576277486676 6.232576277486676 6.232576277486676 6.2718020779868295 6.352961145901952 6.434120213817213 6.515279281732336 6.596438349647459 6.6775974175625805 6.758756485477703 6.839915553392826 6.921074621307949 7.002233689223071 7.083392757138194 7.164551825053317 7.164902159086849 7.078866129792145 6.99283010049744 6.906794071202588 6.820758041907884 6.7347220126131795 6.648685983318474 6.56264995402377 6.476613924729065 6.39057789543436 6.3045418661396555 6.218505836844951 6.174052740929484
8.877376318881664 8.46948141410395 8.061586509326233 7.653691604548518 7.245796699770802 6.837901794993087 6.430006890215371 6.21925574998207 6.21925574998207 6.21925574998207 6.21925574998207 6.21925574998207 6.21925574998207 6.21925574998207 6.21925574998207 6.21925574998207 6.21925574998207 6.21925574998207 6.21925574998207 6.260174996171111 6.344837841496066 6.429500686821164 6.514163532146119 6.598826377471074 6.6834892227960285 6.768152068120983 6.852814913445938 6.937477758770893 7.022140604095847 7.106803449420802 7.191466294745757 7.19211151629816 7.102939998686874 7.013768481075588 6.924596963464149 6.835425445852863 6.746253928241576 6.65708241063029 6.567910893019003 6.4787393754077165 6.38956785779643 6.300396340185143 6.211224822573857 6.165151682544064
8.743305746491952 8.353940222449104 7.964574698406254 7.575209174363405 7.185843650320555 6.796478126277706 6.407112602234856 6.205935222477475 6.205935222477475 6.205935222477475 6.205935222477475 6.205935222477475 6.205935222477475 6.205935222477475 6.205935222477475 6.205935222477475 6.205935222477475 6.205935222477475 6.205935222477475 6.248547914355402 6.336714537090186 6.42488115982512 6.513047782559904 6.601214405294688 6.689381028029471 6.777547650764255 6.865714273499039 6.953880896233823 7.042047518968607 7.130214141703391 7.218380764438174 7.2193208735094485 7.127013867581582 7.034706861653717 6.942399855725694 6.850092849797829 6.7577858438699625 6.665478837942097 6.573171832014232 6.480864826086366 6.388557820158501 6.296250814230635 6.203943808302769 6.156250624158652
8.609235174102242 8.238399030794259 7.867562887486275 7.496726744178292 7.125890600870308 6.755054457562325 6.384218314254342 6.19261469497288 6.19261469497288 6.19261469497288 6.19261469497288 6.19261469497288 6.19261469497288 6.19261469497288 6.19261469497288 6.19261469497288 6.19261469497288 6.19261469497288 6.19261469497288 6.236920832539694 6.328591232684307 6.420261632829076 6.511932032973689 6.603602433118302 6.695272833262915 6.786943233407528 6.878613633552141 6.970284033696753 7.0619544338413665 7.15362483398598 7.245295234130593 7.246530230720737 7.151087736476292 7.055645242231847 6.96020274798724 6.864760253742794 6.76931775949835 6.673875265253905 6.57843277100946 6.482990276765015 6.387547782520571 6.292105288276126 6.196662794031681 6.147349565773239
8.47516460171253 8.122857839139414 7.770551076566296 7.418244313993179 7.0659375514200615 6.7136307888469435 6.361324026273827 6.179294167468285 6.179294167468285 6.179294167468285 6.179294167468285 6.179294167468285 6.179294167468285 6.179294167468285 6.179294167468285 6.179294167468285 6.179294167468285 6.179294167468285 6.179294167468285 6.225293750723986 6.320467928278427 6.415642105833031 6.510816283387474 6.605990460941916 6.7011646384963575 6.7963388160508 6.891512993605241 6.986687171159684 7.081861348714126 7.1770355262685674 7.27220970382301 7.273739587932025 7.175161605371001 7.076583622809976 6.978005640248784 6.879427657687761 6.780849675126737 6.682271692565712 6.583693710004689 6.485115727443665 6.386537744882641 6.287959762321617 6.189381779760593 6.138448507387827
8.34109402932282 8.007316647484569 7.673539265646317 7.339761883808066 7.005984501969815 6.672207120131564 6.338429738293312 6.16597363996369 6.16597363996369 6.16597363996369 6.16597363996369 6.16597363996369 6.16597363996369 6.16597363996369 6.16597363996369 6.16597363996369 6.16597363996369 6.16597363996369 6.16597363996369 6.213666668908277 6.312344623872548 6.411022578836987 6.509700533801259 6.6083784887655295 6.707056443729801 6.805734398694072 6.904412353658342 7.003090308622614 7.101768263586885 7.200446218551156 7.299124173515427 7.300948945143312 7.199235474265709 7.097522003388106 6.995808532510329 6.894095061632727 6.792381590755124 6.690668119877521 6.588954648999918 6.487241178122314 6.385527707244711 6.283814236367109 6.182100765489506 6.129547449002415
8.207023456933108 7.891775455829722 7.576527454726337 7.261279453622953 6.946031452519567 6.630783451416182 6.315535450312797 6.152653112459095 6.152653112459095 6.152653112459095 6.152653112459095 6.152653112459095 6.152653112459095 6.152653112459095 6.152653112459095 6.152653112459095 6.152653112459095 6.152653112459095 6.152653112459095 6.202039587092568 6.304221319466668 6.406403051840943 6.508584784215043 6.610766516589144 6.712948248963244 6.815129981337344 6.917311713711444 7.019493446085544 7.121675178459645 7.223856910833745 7.326038643207845 7.3281583023546 7.223309343160419 7.118460383966236 7.0136114247718755 6.908762465577693 6.803913506383511 6.699064547189328 6.594215587995146 6.489366628800964 6.384517669606781 6.279668710412599 6.174819751218417 6.1206463906170026
8.072952884543282 7.7762342641747795 7.479515643806276 7.182797023437773 6.88607840306927 6.589359782700766 6.292641162332264 6.13933258495449 6.13933258495449 6.13933258495449 6.13933258495449 6.13933258495449 6.13933258495449 6.13933258495449 6.13933258495449 6.13933258495449 6.13933258495449 6.13933258495449 6.13933258495449 6.190412505276851 6.296098015060783 6.4017835248448955 6.507469034628827 6.61315454441276 6.718840054196692 6.8245255639806235 6.930211073764556 7.035896583548489 7.1415820933324206 7.247267603116352 7.352953112900285 7.3553676595659105 7.247383212055147 7.139398764544383 7.031414317033435 6.923429869522671 6.815445422011907 6.707460974501143 6.599476526990379 6.491492079479615 6.38350763196885 6.275523184458087 6.167538736947323 6.111745332231583
