Figures/CREST_Example_wjb_NSE/Rolling_result/20100722/BJP_forecast/ens_37/wjb.rain.20091011.asc
ncols            288
nrows            254
xllcorner        113.274861
yllcorner        31.4918055
cellsize         0.008333333333
NODATA_value     -9999
[rows 95 to 113 of 254, columns 176 to 219 of 288]
0.6549632517855883 0.6549632517855883 0.6549632517855883 0.6549632517855883 0.6549632517855883 0.6549632517855883 0.6549632517855883 0.6290084807403842 0.5753074722195938 0.5216064636988034 0.467905455178013 0.41420444665722267 0.36050343813643226 0.30680242961564186 0.25310142109485145 0.1994004125740611 0.14569940405327064 0.09199839553248035 0.03829738701168994 0.03178376137639911 0.07571451576042745 0.1196452701444558 0.1635760245284842 0.2075067789125125 0.25143753329654084 0.2953682876805692 0.33929904206459754 0.3832297964486259 0.42716055083265425 0.4710913052166826 0.5150220596007109 0.5377202021396539 0.5377202021396539 0.5377202021396539 0.5377202021396539 0.5377202021396539 0.5377202021396539 0.5377202021396539 0.5377202021396539 0.5377202021396539 0.5377202021396539 0.5377202021396539 0.5377202021396539 0.5253020539699872
0.6911111802704049 0.6911111802704049 0.6911111802704049 0.6911111802704049 0.6911111802704049 0.6911111802704049 0.6911111802704049 0.6634202931623102 0.6061272212276686 0.5488341492930271 0.4915410773583855 0.43424800542374387 0.37695493348910225 0.31966186155446064 0.2623687896198191 0.20507571768517746 0.1477826457505359 0.09048957381589429 0.03319650188125267 0.026656011934599107 0.07437118051802218 0.12208634910144524 0.1698015176848683 0.21751668626829138 0.2652318548517144 0.3129470234351375 0.36066219201856053 0.4083773606019836 0.45609252918540666 0.5038076977688298 0.5515228663522529 0.5761763400510789 0.5761763400510789 0.5761763400510789 0.5761763400510789 0.5761763400510789 0.5761763400510789 0.5761763400510789 0.5761763400510789 0.5761763400510789 0.5761763400510789 0.5761763400510789 0.5761763400510789 0.562346857540082
0.7097873687744141 0.7097873687744141 0.7097873687744141 0.7097873687744141 0.7097873687744141 0.7097873687744141 0.7097873687744141 0.6811994999521667 0.6220505525566776 0.5629016051611886 0.5037526577656996 0.44460371037021046 0.38545476297472137 0.32630581557923233 0.26715686818374323 0.20800792078825414 0.1488589733927651 0.08971002599727607 0.03056107860178703 0.024006708940193487 0.07367713294011524 0.12334755694003699 0.17301798093995874 0.22268840493988049 0.27235882893980223 0.322029252939724 0.37169967693964573 0.4213701009395675 0.4710405249394892 0.520710948939411 0.5703813729393328 0.5960450880229473 0.5960450880229473 0.5960450880229473 0.5960450880229473 0.5960450880229473 0.5960450880229473 0.5960450880229473 0.5960450880229473 0.5960450880229473 0.5960450880229473 0.5960450880229473 0.5960450880229473 0.5814864255200197
0.7097873687744141 0.7097873687744141 0.7097873687744141 0.7097873687744141 0.7097873687744141 0.7097873687744141 0.7097873687744141 0.6811994999521667 0.6220505525566776 0.5629016051611886 0.5037526577656996 0.44460371037021046 0.38545476297472137 0.32630581557923233 0.26715686818374323 0.20800792078825414 0.1488589733927651 0.08971002599727607 0.03056107860178703 0.024006708940193487 0.07367713294011524 0.12334755694003699 0.17301798093995874 0.22268840493988049 0.27235882893980223 0.322029252939724 0.37169967693964573 0.4213701009395675 0.4710405249394892 0.520710948939411 0.5703813729393328 0.5960450880229473 0.5960450880229473 0.5960450880229473 0.5960450880229473 0.5960450880229473 0.5960450880229473 0.5960450880229473 0.5960450880229473 0.5960450880229473 0.5960450880229473 0.5960450880229473 0.5960450880229473 0.5814864255200197
0.7097873687744141 0.7097873687744141 0.7097873687744141 0.7097873687744141 0.7097873687744141 0.7097873687744141 0.7097873687744141 0.6811994999521667 0.6220505525566776 0.5629016051611886 0.5037526577656996 0.44460371037021046 0.38545476297472137 0.32630581557923233 0.26715686818374323 0.20800792078825414 0.1488589733927651 0.08971002599727607 0.03056107860178703 0.024006708940193487 0.07367713294011524 0.12334755694003699 0.17301798093995874 0.22268840493988049 0.27235882893980223 0.322029252939724 0.37169967693964573 0.4213701009395675 0.4710405249394892 0.520710948939411 0.5703813729393328 0.5960450880229473 0.5960450880229473 0.5960450880229473 0.5960450880229473 0.5960450880229473 0.5960450880229473 0.5960450880229473 0.5960450880229473 0.5960450880229473 0.5960450880229473 0.5960450880229473 0.5960450880229473 0.5814864255200197
0.7097873687744141 0.7097873687744141 0.7097873687744141 0.7097873687744141 0.7097873687744141 0.7097873687744141 0.7097873687744141 0.6811994999521667 0.6220505525566776 0.5629016051611886 0.5037526577656996 0.44460371037021046 0.38545476297472137 0.32630581557923233 0.26715686818374323 0.20800792078825414 0.1488589733927651 0.08971002599727607 0.03056107860178703 0.024006708940193487 0.07367713294011524 0.12334755694003699 0.17301798093995874 0.22268840493988049 0.27235882893980223 0.322029252939724 0.37169967693964573 0.4213701009395675 0.4710405249394892 0.520710948939411 0.5703813729393328 0.5960450880229473 0.5960450880229473 0.5960450880229473 0.5960450880229473 0.5960450880229473 0.5960450880229473 0.5960450880229473 0.5960450880229473 0.5960450880229473 0.5960450880229473 0.5960450880229473 0.5960450880229473 0.5814864255200197
0.7097873687744141 0.7097873687744141 0.7097873687744141 0.7097873687744141 0.7097873687744141 0.7097873687744141 0.7097873687744141 0.6811994999521667 0.6220505525566776 0.5629016051611886 0.5037526577656996 0.44460371037021046 0.38545476297472137 0.32630581557923233 0.26715686818374323 0.20800792078825414 0.1488589733927651 0.08971002599727607 0.03056107860178703 0.024006708940193487 0.07367713294011524 0.12334755694003699 0.17301798093995874 0.22268840493988049 0.27235882893980223 0.322029252939724 0.37169967693964573 0.4213701009395675 0.4710405249394892 0.520710948939411 0.5703813729393328 0.5960450880229473 0.5960450880229473 0.5960450880229473 0.5960450880229473 0.5960450880229473 0.5960450880229473 0.5960450880229473 0.5960450880229473 0.5960450880229473 0.5960450880229473 0.5960450880229473 0.5960450880229473 0.5814864255200197
0.7097873687744141 0.7097873687744141 0.7097873687744141 0.7097873687744141 0.7097873687744141 0.7097873687744141 0.7097873687744141 0.6811994999521667 0.6220505525566776 0.5629016051611886 0.5037526577656996 0.44460371037021046 0.38545476297472137 0.32630581557923233 0.26715686818374323 0.20800792078825414 0.1488589733927651 0.08971002599727607 0.03056107860178703 0.024006708940193487 0.07367713294011524 0.12334755694003699 0.17301798093995874 0.22268840493988049 0.27235882893980223 0.322029252939724 0.37169967693964573 0.4213701009395675 0.4710405249394892 0.520710948939411 0.5703813729393328 0.5960450880229473 0.5960450880229473 0.5960450880229473 0.5960450880229473 0.5960450880229473 0.5960450880229473 0.5960450880229473 0.5960450880229473 0.5960450880229473 0.5960450880229473 0.5960450880229473 0.5960450880229473 0.5814864255200197
0.7097873687744141 0.7097873687744141 0.7097873687744141 0.7097873687744141 0.7097873687744141 0.7097873687744141 0.7097873687744141 0.6811994999521667 0.6220505525566776 0.5629016051611886 0.5037526577656996 0.44460371037021046 0.38545476297472137 0.32630581557923233 0.26715686818374323 0.20800792078825414 0.1488589733927651 0.08971002599727607 0.03056107860178703 0.024006708940193487 0.07367713294011524 0.12334755694003699 0.17301798093995874 0.22268840493988049 0.27235882893980223 0.322029252939724 0.37169967693964573 0.4213701009395675 0.4710405249394892 0.520710948939411 0.5703813729393328 0.5960450880229473 0.5960450880229473 0.5960450880229473 0.5960450880229473 0.5960450880229473 0.5960450880229473 0.5960450880229473 0.5960450880229473 0.5960450880229473 0.5960450880229473 0.5960450880229473 0.5960450880229473 0.5814864255200197
0.7097873687744141 0.7097873687744141 0.7097873687744141 0.7097873687744141 0.7097873687744141 0.7097873687744141 0.7097873687744141 0.6811994999521667 0.6220505525566776 0.5629016051611886 0.5037526577656996 0.44460371037021046 0.38545476297472137 0.32630581557923233 0.26715686818374323 0.20800792078825414 0.1488589733927651 0.08971002599727607 0.03056107860178703 0.024006708940193487 0.07367713294011524 0.12334755694003699 0.17301798093995874 0.22268840493988049 0.27235882893980223 0.322029252939724 0.37169967693964573 0.4213701009395675 0.4710405249394892 0.520710948939411 0.5703813729393328 0.5960450880229473 0.5960450880229473 0.5960450880229473 0.5960450880229473 0.5960450880229473 0.5960450880229473 0.5960450880229473 0.5960450880229473 0.5960450880229473 0.5960450880229473 0.5960450880229473 0.5960450880229473 0.5814864255200197
0.7097873687744141 0.7097873687744141 0.7097873687744141 0.7097873687744141 0.7097873687744141 0.7097873687744141 0.7097873687744141 0.6811994999521667 0.6220505525566776 0.5629016051611886 0.5037526577656996 0.44460371037021046 0.38545476297472137 0.32630581557923233 0.26715686818374323 0.20800792078825414 0.1488589733927651 0.08971002599727607 0.03056107860178703 0.024006708940193487 0.07367713294011524 0.12334755694003699 0.17301798093995874 0.22268840493988049 0.27235882893980223 0.322029252939724 0.37169967693964573 0.4213701009395675 0.4710405249394892 0.520710948939411 0.5703813729393328 0.5960450880229473 0.5960450880229473 0.5960450880229473 0.5960450880229473 0.5960450880229473 0.5960450880229473 0.5960450880229473 0.5960450880229473 0.5960450880229473 0.5960450880229473 0.5960450880229473 0.5960450880229473 0.5814864255200197
0.7097873687744141 0.7097873687744141 0.7097873687744141 0.7097873687744141 0.7097873687744141 0.7097873687744141 0.7097873687744141 0.6811994999521667 0.6220505525566776 0.5629016051611886 0.5037526577656996 0.44460371037021046 0.38545476297472137 0.32630581557923233 0.26715686818374323 0.20800792078825414 0.1488589733927651 0.08971002599727607 0.03056107860178703 0.024006708940193487 0.07367713294011524 0.12334755694003699 0.17301798093995874 0.22268840493988049 0.27235882893980223 0.322029252939724 0.37169967693964573 0.4213701009395675 0.4710405249394892 0.520710948939411 0.5703813729393328 0.5960450880229473 0.5960450880229473 0.5960450880229473 0.5960450880229473 0.5960450880229473 0.5960450880229473 0.5960450880229473 0.5960450880229473 0.5960450880229473 0.5960450880229473 0.5960450880229473 0.5960450880229473 0.5814864255200197
0.7097873687744141 0.7097873687744141 0.7097873687744141 0.7097873687744141 0.7097873687744141 0.7097873687744141 0.7097873687744141 0.6811994999521667 0.6220505525566776 0.5629016051611886 0.5037526577656996 0.44460371037021046 0.38545476297472137 0.32630581557923233 0.26715686818374323 0.20800792078825414 0.1488589733927651 0.08971002599727607 0.03056107860178703 0.024006708940193487 0.07367713294011524 0.12334755694003699 0.17301798093995874 0.22268840493988049 0.27235882893980223 0.322029252939724 0.37169967693964573 0.4213701009395675 0.4710405249394892 0.520710948939411 0.5703813729393328 0.5960450880229473 0.5960450880229473 0.5960450880229473 0.5960450880229473 0.5960450880229473 0.5960450880229473 0.5960450880229473 0.5960450880229473 0.5960450880229473 0.5960450880229473 0.5960450880229473 0.5960450880229473 0.5814864255200197
0.7097873687744141 0.7097873687744141 0.7097873687744141 0.7097873687744141 0.7097873687744141 0.7097873687744141 0.7097873687744141 0.6811994999521667 0.6220505525566776 0.5629016051611886 0.5037526577656996 0.44460371037021046 0.38545476297472137 0.32630581557923233 0.26715686818374323 0.20800792078825414 0.1488589733927651 0.08971002599727607 0.03056107860178703 0.024006708940193487 0.07367713294011524 0.12334755694003699 0.17301798093995874 0.22268840493988049 0.27235882893980223 0.322029252939724 0.37169967693964573 0.4213701009395675 0.4710405249394892 0.520710948939411 0.5703813729393328 0.5960450880229473 0.5960450880229473 0.5960450880229473 0.5960450880229473 0.5960450880229473 0.5960450880229473 0.5960450880229473 0.5960450880229473 0.5960450880229473 0.5960450880229473 0.5960450880229473 0.5960450880229473 0.5814864255200197
0.7239500497088996 0.7239500497088996 0.7239500497088996 0.7239500497088996 0.7239500497088996 0.7239500497088996 0.7239500497088996 0.696002111482197 0.6381771949673584 0.5803522784525198 0.5225273619376811 0.46470244542284256 0.40687752890800394 0.3490526123931653 0.2912276958783267 0.23340277936348808 0.1755778628486494 0.11775294633381084 0.05992802981897216 0.052907346415672726 0.10019753776224397 0.1474877291088152 0.19477792045538644 0.2420681118019577 0.28935830314852895 0.33664849449510015 0.3839386858416714 0.43122887718824265 0.4785190685348139 0.525809259881385 0.5730994512279564 0.5975333476845264 0.5975333476845264 0.5975333476845264 0.5975333476845264 0.5975333476845264 0.5975333476845264 0.5975333476845264 0.5975333476845264 0.5975333476845264 0.5975333476845264 0.5975333476845264 0.5975333476845264 0.582534191478006
0.7532517436811652 0.7532517436811652 0.7532517436811652 0.7532517436811652 0.7532517436811652 0.7532517436811652 0.7532517436811652 0.7266277815124478 0.6715422014166187 0.6164566213207896 0.5613710412249606 0.5062854611291315 0.4511998810333025 0.39611430093747346 0.3410287208416444 0.28594314074581534 0.2308575606499863 0.17577198055415721 0.12068640045832824 0.11270094332202321 0.15506658336973372 0.19743222341744426 0.23979786346515478 0.2821635035128653 0.32452914356057583 0.36689478360828637 0.40926042365599685 0.4516260637037074 0.49399170375141793 0.5363573437991285 0.578722983846839 0.600612463097532 0.600612463097532 0.600612463097532 0.600612463097532 0.600612463097532 0.600612463097532 0.600612463097532 0.600612463097532 0.600612463097532 0.600612463097532 0.600612463097532 0.600612463097532 0.584701953189047
0.7825534376534558 0.7825534376534558 0.7825534376534558 0.7825534376534558 0.7825534376534558 0.7825534376534558 0.7825534376534558 0.7572534515427246 0.7049072078659074 0.6525609641890903 0.6002147205122731 0.547868476835456 0.4955222331586388 0.4431759894818217 0.3908297458050045 0.3384835021281874 0.2861372584513702 0.2337910147745531 0.18144477109773594 0.17249454022842464 0.20993562897727025 0.2473767177261159 0.2848178064749615 0.32225889522380713 0.3596999839726528 0.3971410727214984 0.43458216147034406 0.47202325021918967 0.5094643389680353 0.546905427716881 0.5843465164657266 0.6036915785105404 0.6036915785105404 0.6036915785105404 0.6036915785105404 0.6036915785105404 0.6036915785105404 0.6036915785105404 0.6036915785105404 0.6036915785105404 0.6036915785105404 0.6036915785105404 0.6036915785105404 0.5868697149000901
0.8118551316257214 0.8118551316257214 0.8118551316257214 0.8118551316257214 0.8118551316257214 0.8118551316257214 0.8118551316257214 0.7878791215729753 0.7382722143151678 0.6886653070573602 0.6390583997995526 0.5894514925417451 0.5398445852839375 0.4902376780261299 0.4406307707683223 0.3910238635105147 0.3414169562527071 0.2918100489948996 0.242203141737092 0.2322881371347751 0.26480467458476004 0.29732121203474493 0.3298377494847299 0.3623542869347148 0.39487082438469967 0.4273873618346846 0.45990389928466946 0.4924204367346544 0.5249369741846392 0.5574535116346242 0.5899700490846091 0.6067706939235461 0.6067706939235461 0.6067706939235461 0.6067706939235461 0.6067706939235461 0.6067706939235461 0.6067706939235461 0.6067706939235461 0.6067706939235461 0.6067706939235461 0.6067706939235461 0.6067706939235461 0.5890374766111313
0.841156825597987 0.841156825597987 0.841156825597987 0.841156825597987 0.841156825597987 0.841156825597987 0.841156825597987 0.8185047916032261 0.7716372207644281 0.72476964992563 0.677902079086832 0.631034508248034 0.584166937409236 0.537299366570438 0.4904317957316399 0.44356422489284186 0.39669665405404386 0.3498290832152458 0.30296151237644775 0.2920817340411256 0.31967372019224977 0.34726570634337395 0.3748576924944982 0.4024496786456224 0.4300416647967466 0.45763365094787084 0.485225637098995 0.5128176232501193 0.5404096094012434 0.5680015955523676 0.5955935817034919 0.6098498093365519 0.6098498093365519 0.6098498093365519 0.6098498093365519 0.6098498093365519 0.6098498093365519 0.6098498093365519 0.6098498093365519 0.6098498093365519 0.6098498093365519 0.6098498093365519 0.6098498093365519 0.5912052383221724
