Figures/CREST_Example_wjb_NSE/Rolling_result/20100722/BJP_forecast/ens_37/wjb.rain.20100728.asc
ncols            288
nrows            254
xllcorner        113.274861
yllcorner        31.4918055
cellsize         0.008333333333
NODATA_value     -9999
[rows 100 to 119 of 254, columns 88 to 131 of 288]
12.313164967213403 12.39574014184855 12.478315316483698 12.560890491118986 12.643465665754134 12.726040840389281 12.808616015024429 12.891191189659576 12.973766364294724 13.056341538929871 13.138916713565019 13.529788083238644 14.250235056194743 14.970682029150842 15.69112900210694 16.411575975063037 17.132022948020367 17.852469920976464 18.572916893932565 19.29336386688866 20.01381083984476 20.73425781280086 21.454704785756956 21.686930324220047 21.397236109186842 21.107541894153634 20.81784767912043 20.528153464087225 20.23845924905402 19.948765034020322 19.659070818987118 19.369376603953913 19.07968238892071 18.789988173887505 18.5002939588543 18.520721390457073 18.872675875649346 19.22463036084162 19.57658484603389 19.928539331226162 20.280493816418435 20.632448301610708 20.984402786803578 21.33635727199585
12.4771092112088 12.56438874531298 12.651668279417159 12.738947813521486 12.826227347625665 12.913506881729845 13.000786415834023 13.088065949938201 13.175345484042381 13.26262501814656 13.349904552250738 13.72394748777417 14.404546983330036 15.085146478885902 15.765745974441767 16.44634546999763 17.12694496555466 17.807544461110524 18.48814395666639 19.168743452222255 19.84934294777812 20.529942443333987 21.210541938889854 21.44927130094927 21.215631498407532 20.981991695865798 20.74835189332406 20.51471209078232 20.281072288240583 20.04743248569845 19.813792683156713 19.580152880614975 19.346513078073237 19.112873275531502 18.879233472989764 18.95710974219581 19.3680037369705 19.77889773174519 20.189791726519882 20.60068572129457 21.011579716069264 21.422473710843953 21.833367705619345 22.244261700394034
12.6410534552042 12.73303734877741 12.825021242350621 12.917005135923988 13.008989029497199 13.100972923070408 13.192956816643619 13.284940710216828 13.37692460379004 13.468908497363248 13.56089239093646 13.918106892309698 14.55885891046533 15.199610928620963 15.840362946776596 16.481114964932228 17.121866983088953 17.762619001244587 18.40337101940022 19.044123037555853 19.684875055711487 20.325627073867118 20.966379092022752 21.211612277678498 21.03402688762823 20.85644149757796 20.67885610752769 20.50127071747742 20.32368532742715 20.14609993737658 19.968514547326308 19.79092915727604 19.613343767225768 19.4357583771755 19.258172987125228 19.393498093934546 19.863331598291655 20.333165102648763 20.802998607005875 21.272832111362984 21.742665615720092 22.2124991200772 22.682332624435112 23.15216612879222
12.8049976991996 12.901685952241841 12.998374205284083 13.09506245832649 13.191750711368732 13.288438964410973 13.385127217453215 13.481815470495455 13.578503723537697 13.675191976579939 13.77188022962218 14.112266296845224 14.713170837600625 15.314075378356025 15.914979919111424 16.515884459866825 17.11678900062325 17.71769354137865 18.31859808213405 18.91950262288945 19.520407163644848 20.12131170440025 20.72221624515565 20.973953254407725 20.852422276848923 20.73089129929012 20.60936032173132 20.487829344172518 20.366298366613716 20.244767389054704 20.123236411495903 20.0017054339371 19.8801744563783 19.758643478819497 19.637112501260695 19.82988644567328 20.35865945961281 20.887432473552337 21.416205487491865 21.944978501431393 22.47375151537092 23.00252452931045 23.53129754325088 24.060070557190407
12.968941943194999 13.070334555706271 13.171727168217545 13.27311978072899 13.374512393240265 13.475905005751537 13.57729761826281 13.678690230774082 13.780082843285356 13.881475455796629 13.982868068307901 14.306425701380752 14.867482764735918 15.428539828091086 15.989596891446253 16.55065395480142 17.111711018157543 17.67276808151271 18.23382514486788 18.794882208223044 19.35593927157821 19.91699633493338 20.478053398288544 20.73629423113695 20.670817666069617 20.60534110100228 20.539864535934946 20.474387970867614 20.40891140580028 20.343434840732833 20.277958275665497 20.212481710598162 20.14700514553083 20.081528580463495 20.01605201539616 20.26627479741202 20.853987320933964 21.44169984445591 22.02941236797786 22.617124891499802 23.20483741502175 23.792549938543697 24.380262462066646 24.96797498558859
13.13288618719054 13.238983159170848 13.345080131151155 13.451177103131645 13.557274075111954 13.66337104709226 13.76946801907257 13.875564991052878 13.981661963033186 14.087758935013493 14.193855906993802 14.500585105916443 15.021794691871344 15.543004277826244 16.06421386378114 16.585423449736044 17.106633035691832 17.62784262164673 18.14905220760163 18.67026179355653 19.191471379511434 19.712680965466333 20.233890551421233 20.49863520786597 20.48921305529015 20.479790902714335 20.470368750138515 20.460946597562696 20.451524444986877 20.442102292411043 20.432680139835224 20.423257987259404 20.413835834683585 20.40441368210777 20.39499152953195 20.702663149151128 21.349315182255545 21.995967215359958 22.642619248464374 23.289271281568787 23.935923314673204 24.582575347777617 25.229227380883135 25.87587941398755
13.296830431185938 13.407631762635278 13.518433094084617 13.629234425534145 13.740035756983485 13.850837088432826 13.961638419882165 14.072439751331505 14.183241082780844 14.294042414230184 14.404843745679523 14.69474451045197 15.176106619006639 15.657468727561305 16.13883083611597 16.62019294467064 17.10155505322613 17.582917161780795 18.06427927033546 18.54564137889013 19.027003487444798 19.508365595999464 19.98972770455413 20.2609761845952 20.307608444510848 20.3542407044265 20.400872964342145 20.447505224257792 20.494137484173443 20.54076974408917 20.58740200400482 20.63403426392047 20.680666523836116 20.727298783751767 20.773931043667414 21.139051500889863 21.8446430435767 22.55023458626353 23.255826128950364 23.9614176716372 24.667009214324032 25.372600757010865 26.0781922996989 26.783783842385734
13.460774675181337 13.57628036609971 13.69178605701808 13.807291747936647 13.922797438855017 14.03830312977339 14.15380882069176 14.26931451161013 14.3848202025285 14.500325893446872 14.615831584365242 14.888903914987496 15.33041854614193 15.771933177296365 16.2134478084508 16.654962439605235 17.09647707076042 17.537991701914855 17.97950633306929 18.421020964223725 18.86253559537816 19.304050226532592 19.74556485768703 20.023317161324425 20.12600383373154 20.22869050613866 20.331377178545775 20.43406385095289 20.536750523360006 20.639437195767297 20.742123868174414 20.84481054058153 20.947497212988647 21.050183885395764 21.15287055780288 21.5754398526286 22.339970904897854 23.104501957167106 23.869033009436357 24.63356406170561 25.39809511397486 26.162626166244113 26.927157218514672 27.69168827078392
13.624718919176738 13.744928969564139 13.865139019951542 13.985349070339149 14.105559120726552 14.225769171113953 14.345979221501356 14.466189271888757 14.58639932227616 14.70660937266356 14.826819423050964 15.083063319523022 15.484730473277224 15.886397627031426 16.28806478078563 16.68973193453983 17.091399088294715 17.49306624204892 17.89473339580312 18.29640054955732 18.698067703311523 19.099734857065723 19.501402010819923 19.78565813805365 19.944399222952235 20.10314030785082 20.2618813927494 20.420622477647985 20.579363562546572 20.738104647445425 20.89684573234401 21.05558681724259 21.21432790214118 21.373068987039762 21.531810071938345 22.011828204367337 22.835298766219008 23.65876932807068 24.48223988992235 25.30571045177402 26.12918101362569 26.95265157547736 27.776122137330436 28.599592699182107
13.99098907021407 14.115175009844723 14.239360949475378 14.363546889106246 14.4877328287369 14.611918768367556 14.736104707998209 14.860290647628863 14.984476587259518 15.108662526890173 15.232848466520828 15.500265658524425 15.920800297870585 16.341334937216743 16.7618695765629 17.18240421590906 17.602938855255935 18.023473494602097 18.444008133948255 18.864542773294414 19.28507741264057 19.705612051986733 20.12614669133289 20.424469302834574 20.592144493021973 20.759819683209372 20.927494873396775 21.095170063584174 21.262845253771573 21.43052044395926 21.59819563414666 21.76587082433406 21.933546014521458 22.101221204708857 22.26889639489626 22.75773860257113 23.589915615064474 24.422092627557817 25.254269640051163 26.086446652544506 26.918623665037853 27.750800677531196 28.58297769002596 29.415154702519303
14.573532860314339 14.700916000443035 14.828299140571731 14.955682280700646 15.083065420829342 15.210448560958039 15.337831701086735 15.465214841215431 15.592597981344129 15.719981121472825 15.847364261601522 16.155886832807333 16.65805155152013 17.16021627023293 17.662380988945724 18.164545707658522 18.666710426372177 19.168875145084975 19.671039863797773 20.17320458251057 20.67536930122337 21.177534019936164 21.679698738648963 22.00017184189132 22.126412499650918 22.252653157410517 22.378893815170116 22.50513447292972 22.631375130689317 22.75761578844913 22.883856446208732 23.01009710396833 23.13633776172793 23.26257841948753 23.388819077247128 23.834508554738687 24.62169604479139 25.408883534844094 26.1960710248968 26.983258514949505 27.77044600500221 28.557633495054915 29.34482098510896 30.132008475161665
15.156076650415104 15.286656991041845 15.417237331668586 15.547817672295551 15.678398012922292 15.808978353549033 15.939558694175775 16.070139034802516 16.20071937542926 16.331299716055998 16.46188005668274 16.8115080070908 17.395302805170306 17.979097603249812 18.562892401329318 19.146687199408824 19.730481997489324 20.31427679556883 20.898071593648336 21.48186639172784 22.065661189807347 22.649455987886853 23.23325078596636 23.575874380949408 23.66068050628117 23.745486631612934 23.830292756944697 23.91509888227646 23.999905007608223 24.084711132940132 24.169517258271895 24.25432338360366 24.33912950893542 24.423935634267185 24.508741759598948 24.911278506907152 25.65347647451918 26.39567444213121 27.137872409743238 27.880070377355267 28.622268344967296 29.364466312579324 30.106664280192618 30.848862247804643
15.738620440515374 15.872397981640157 16.00617552276494 16.13995306388995 16.273730605014734 16.407508146139516 16.541285687264303 16.675063228389085 16.808840769513868 16.94261831063865 17.076395851763433 17.467129181373707 18.132554058819853 18.797978936265995 19.46340381371214 20.128828691158287 20.794253568605566 21.459678446051708 22.125103323497854 22.790528200943996 23.45595307839014 24.121377955836287 24.78680283328243 25.151576920006153 25.194948512910116 25.23832010581408 25.28169169871804 25.325063291622 25.368434884525964 25.41180647743 25.455178070333965 25.498549663237924 25.541921256141887 25.58529284904585 25.628664441949812 25.9880484590747 26.685256904246092 27.38246534941748 28.07967379458887 28.77688223976026 29.47409068493165 30.171299130103037 30.868507575275615 31.565716020447006
16.321164230615643 16.458138972238466 16.59511371386129 16.73208845548435 16.869063197107177 17.006037938730003 17.143012680352825 17.27998742197565 17.416962163598477 17.553936905221303 17.69091164684413 18.122750355656617 18.8698053124694 19.61686026928218 20.363915226094964 21.11097018290775 21.858025139721803 22.60508009653459 23.35213505334737 24.099190010160154 24.84624496697294 25.59329992378572 26.340354880598504 26.7272794590629 26.729216519539058 26.73115358001522 26.733090640491383 26.735027700967546 26.736964761443705 26.73890182191987 26.740838882396034 26.742775942872196 26.744713003348355 26.746650063824518 26.74858712430068 27.064818411242253 27.717037333973007 28.369256256703757 29.021475179434507 29.673694102165257 30.325913024896007 30.978131947626757 31.63035087035862 32.28256979308937
16.90370802071591 17.043879962836776 17.184051904957645 17.32422384707875 17.464395789199617 17.604567731320486 17.74473967344135 17.88491161556222 18.025083557683086 18.165255499803955 18.30542744192482 18.778371529939523 19.607056566118946 20.435741602298368 21.26442663847779 22.09311167465721 22.921796710838045 23.750481747017467 24.57916678319689 25.40785181937631 26.236536855555734 27.065221891735156 27.89390692791458 28.302981998119645 28.263484526168003 28.223987054216366 28.184489582264725 28.144992110313087 28.10549463836145 28.06599716640974 28.026499694458103 27.987002222506465 27.947504750554824 27.908007278603186 27.868509806651545 28.141588363409806 28.74881776369992 29.35604716399003 29.963276564280143 30.570505964570252 31.177735364860364 31.784964765150477 32.39219416544162 32.99942356573173
17.48625181081618 17.62962095343509 17.772990096054 17.916359238673152 18.05972838129206 18.20309752391097 18.346466666529878 18.489835809148786 18.633204951767695 18.776574094386607 18.919943237005516 19.43399270422243 20.344307819768492 21.25462293531455 22.164938050860613 23.07525316640667 23.985568281954286 24.895883397500345 25.806198513046407 26.716513628592466 27.62682874413853 28.537143859684587 29.447458975230646 29.87868453717639 29.79775253279695 29.716820528417507 29.63588852403807 29.554956519658628 29.47402451527919 29.39309251089961 29.312160506520172 29.23122850214073 29.15029649776129 29.06936449338185 28.98843248900241 29.21835831557736 29.78059819342683 30.3428380712763 30.905077949125776 31.467317826975247 32.02955770482472 32.5917975826742 33.15403746052463 33.7162773383741
18.068795600916452 18.2153619440334 18.361928287150352 18.508494630267553 18.655060973384504 18.801627316501456 18.948193659618404 19.094760002735356 19.241326345852308 19.38789268896926 19.534459032086207 20.08961387850534 21.08155907341804 22.073504268330737 23.065449463243436 24.057394658156134 25.049339853070528 26.041285047983227 27.033230242895925 28.025175437808628 29.017120632721323 30.009065827634025 31.001011022546724 31.454387076233136 31.332020539425898 31.209654002618656 31.087287465811414 30.964920929004172 30.84255439219693 30.720187855389483 30.59782131858224 30.475454781775 30.35308824496776 30.23072170816052 30.108355171353278 30.295128267744907 30.81237862315374 31.329628978562575 31.84687933397141 32.36412968938024 32.881380044789076 33.39863040019791 33.915880755607624 34.43313111101646
18.65133939101672 18.80110293463171 18.950866478246702 19.100630021861953 19.250393565476944 19.40015710909194 19.54992065270693 19.699684196321925 19.849447739936917 19.999211283551908 20.148974827166903 20.745235052788246 21.818810327067585 22.892385601346923 23.96596087562626 25.039536149905597 26.113111424186766 27.186686698466104 28.26026197274544 29.33383724702478 30.407412521304117 31.480987795583452 32.554563069862795 33.03008961528988 32.86628854605484 32.7024874768198 32.538686407584756 32.37488533834971 32.21108426911467 32.04728319987935 31.88348213064431 31.71968106140927 31.555879992174226 31.392078922939188 31.228277853704146 31.371898219912463 31.844159052880656 32.31641988584885 32.78868071881705 33.260941551785244 33.73320238475343 34.20546321772163 34.67772405069063 35.149984883658824
19.233883181117484 19.386843925230522 19.53980466934356 19.692765413456858 19.845726157569896 19.998686901682934 20.15164764579597 20.304608389909006 20.457569134022044 20.610529878135083 20.76349062224812 21.400856227071714 22.55606158071776 23.711266934363806 24.866472288009852 26.0216776416559 27.176882995303913 28.33208834894996 29.487293702596006 30.642499056242052 31.797704409888098 32.952909763534144 34.10811511718019 34.60579215434797 34.40055655268509 34.19532095102221 33.99008534935933 33.784849747696455 33.57961414603358 33.37437854437035 33.169142942707474 32.963907341044596 32.75867173938172 32.55343613771884 32.34820053605596 32.44866817208093 32.87593948260845 33.30321079313597 33.73048210366348 34.157753414191 34.58502472471852 35.01229603524604 35.439567345774286 35.8668386563018
19.816426971217755 19.972584915828833 20.12874286043991 20.284900805051258 20.441058749662336 20.597216694273413 20.753374638884495 20.909532583495572 21.065690528106654 21.22184847271773 21.37800641732881 22.056477401354616 23.293312834367303 24.53014826737999 25.76698370039267 27.003819133405358 28.240654566420154 29.47748999943284 30.714325432445523 31.95116086545821 33.18799629847089 34.42483173148358 35.661667164496265 36.181494693404716 35.93482455931404 35.68815442522336 35.44148429113268 35.194814157042 34.948144022951325 34.70147388886022 34.45480375476954 34.208133620678865 33.96146348658819 33.71479335249751 33.46812321840683 33.52543812424848 33.90771991233536 34.29000170042224 34.672283488509116 35.054565276595994 35.43684706468287 35.81912885276975 36.20141064085728 36.58369242894416
