Figures/CREST_Example_wjb_NSE/Rolling_result/20100722/BJP_forecast/ens_37/wjb.rain.20100710.asc
ncols            288
nrows            254
xllcorner        113.274861
yllcorner        31.4918055
cellsize         0.008333333333
NODATA_value     -9999
[rows 20 to 39 of 254, columns 88 to 131 of 288]
4.731644142624172 4.731644142624172 4.731644142624172 4.731644142624172 4.731644142624172 4.731644142624172 4.731644142624172 4.731644142624172 4.731644142624172 4.731644142624172 4.731644142624172 4.735052491394369 4.742104442064988 4.749156392735606 4.756208343406225 4.763260294076844 4.7703122447474735 4.777364195418092 4.784416146088711 4.7914680967593295 4.798520047429948 4.805571998100566 4.812623948771185 4.816267550674997 4.816267550674997 4.816267550674997 4.816267550674997 4.816267550674997 4.816267550674997 4.816267550674997 4.816267550674997 4.816267550674997 4.816267550674997 -9999.0 -9999.0 -9999.0 -9999.0 -9999.0 -9999.0 -9999.0 -9999.0 -9999.0 -9999.0 -9999.0
4.756376181001895 4.756376181001895 4.756376181001895 4.756376181001895 4.756376181001895 4.756376181001895 4.756376181001895 4.756376181001895 4.756376181001895 4.756376181001895 4.756376181001895 4.7657282684179005 4.785077948738664 4.804427629059427 4.823777309380191 4.843126989700954 4.862476670021751 4.881826350342514 4.901176030663278 4.920525710984041 4.939875391304804 4.959225071625568 4.978574751946331 4.988572344860394 4.988572344860394 4.988572344860394 4.988572344860394 4.988572344860394 4.988572344860394 4.988572344860394 4.988572344860394 4.988572344860394 4.988572344860394 -9999.0 -9999.0 -9999.0 -9999.0 -9999.0 -9999.0 -9999.0 -9999.0 -9999.0 -9999.0 -9999.0
4.781108219379617 4.781108219379617 4.781108219379617 4.781108219379617 4.781108219379617 4.781108219379617 4.781108219379617 4.781108219379617 4.781108219379617 4.781108219379617 4.781108219379617 4.796404045441431 4.828051455412339 4.859698865383248 4.891346275354157 4.922993685325065 4.954641095296027 4.986288505266935 5.017935915237843 5.049583325208752 5.08123073517966 5.112878145150568 5.144525555121477 5.16087713904579 5.16087713904579 5.16087713904579 5.16087713904579 5.16087713904579 5.16087713904579 5.16087713904579 5.16087713904579 5.16087713904579 5.16087713904579 5.16087713904579 5.16087713904579 5.075953853940419 -9999.0 4.724537459130028 -9999.0 -9999.0 -9999.0 -9999.0 -9999.0 -9999.0
4.80584025775734 4.80584025775734 4.80584025775734 4.80584025775734 4.80584025775734 4.80584025775734 4.80584025775734 4.80584025775734 4.80584025775734 4.80584025775734 4.80584025775734 4.827079822464962 4.8710249620860155 4.914970101707069 4.958915241328122 5.002860380949175 5.046805520570304 5.0907506601913575 5.134695799812411 5.178640939433464 5.222586079054517 5.266531218675571 5.310476358296624 5.333181933231187 5.333181933231187 5.333181933231187 5.333181933231187 5.333181933231187 5.333181933231187 5.333181933231187 5.333181933231187 5.333181933231187 5.333181933231187 5.333181933231187 5.333181933231187 5.236111861998168 5.035271689397862 4.834431516797556 4.633591344197251 -9999.0 -9999.0 -9999.0 -9999.0 -9999.0
4.830572296135062 4.830572296135062 4.830572296135062 4.830572296135062 4.830572296135062 4.830572296135062 4.830572296135062 4.830572296135062 4.830572296135062 4.830572296135062 4.830572296135062 4.857755599488494 4.913998468759692 4.97024133803089 5.026484207302088 5.082727076573287 5.138969945844581 5.195212815115779 5.251455684386977 5.3076985536581756 5.363941422929374 5.420184292200572 5.47642716147177 5.505486727416584 5.505486727416584 5.505486727416584 5.505486727416584 5.505486727416584 5.505486727416584 5.505486727416584 5.505486727416584 5.505486727416584 5.505486727416584 5.505486727416584 5.505486727416584 5.396269870055917 5.170297722260501 4.944325574465085 4.718353426669669 -9999.0 -9999.0 -9999.0 -9999.0 -9999.0
5.123638681500084 5.123638681500084 5.123638681500084 5.123638681500084 5.123638681500084 5.123638681500084 5.123638681500084 5.123638681500084 5.123638681500084 5.123638681500084 5.123638681500084 5.14547449378874 5.190653283136515 5.23583207248429 5.281010861832065 5.326189651179839 5.371368440527691 5.416547229875467 5.461726019223241 5.506904808571016 5.5520835979187915 5.597262387266566 5.642441176614341 5.665784153695186 5.665784153695186 5.665784153695186 5.665784153695186 5.665784153695186 5.665784153695186 5.665784153695186 5.665784153695186 5.665784153695186 5.665784153695186 5.665784153695186 5.665784153695186 5.555016201252215 5.325834802653825 5.096653404055435 4.867472005457045 -9999.0 -9999.0 -9999.0 -9999.0 -9999.0
5.70353756289233 5.70353756289233 5.70353756289233 5.70353756289233 5.70353756289233 5.70353756289233 5.70353756289233 5.70353756289233 5.70353756289233 5.70353756289233 5.70353756289233 5.707956271569531 5.717098679732663 5.7262410878957954 5.735383496058928 5.744525904222061 5.753668312385209 5.762810720548341 5.771953128711473 5.781095536874607 5.790237945037739 5.799380353200871 5.808522761364004 5.813246460854332 5.813246460854332 5.813246460854332 5.813246460854332 5.813246460854332 5.813246460854332 5.813246460854332 5.813246460854332 5.813246460854332 5.813246460854332 5.813246460854332 5.813246460854332 5.712253538902588 5.5032968994508 5.294340259999011 5.085383620547223 -9999.0 -9999.0 -9999.0 -9999.0 -9999.0
6.283436444285069 6.283436444285069 6.283436444285069 6.283436444285069 6.283436444285069 6.283436444285069 6.283436444285069 6.283436444285069 6.283436444285069 6.283436444285069 6.283436444285069 6.270438049350799 6.243544076329259 6.216650103307719 6.189756130286178 6.162862157264638 6.135968184243052 6.109074211221511 6.082180238199971 6.05528626517843 6.02839229215689 6.00149831913535 5.974604346113809 5.960708768013605 5.960708768013605 5.960708768013605 5.960708768013605 5.960708768013605 5.960708768013605 5.960708768013605 5.960708768013605 5.960708768013605 5.960708768013605 5.960708768013605 5.960708768013605 5.869490876553097 5.680758996247927 5.492027115942757 5.303295235637587 5.114563355332417 4.925831475027247 4.7370995947220775 -9999.0 -9999.0
6.8633353256773155 6.8633353256773155 6.8633353256773155 6.8633353256773155 6.8633353256773155 6.8633353256773155 6.8633353256773155 6.8633353256773155 6.8633353256773155 6.8633353256773155 6.8633353256773155 6.83291982713159 6.769989472925408 6.707059118719225 6.644128764513042 6.581198410306859 6.518268056100569 6.455337701894386 6.392407347688203 6.329476993482021 6.2665466392758375 6.203616285069655 6.140685930863472 6.108171075172751 6.108171075172751 6.108171075172751 6.108171075172751 6.108171075172751 6.108171075172751 6.108171075172751 6.108171075172751 6.108171075172751 6.108171075172751 6.108171075172751 6.108171075172751 6.0267282142034695 5.858221093044901 5.689713971886333 5.521206850727765 5.3526997295691965 5.184192608410628 5.01568548725206 4.847178366093205 4.678671244934637
7.443234207069561 7.443234207069561 7.443234207069561 7.443234207069561 7.443234207069561 7.443234207069561 7.443234207069561 7.443234207069561 7.443234207069561 7.443234207069561 7.443234207069561 7.39540160491238 7.296434869521555 7.19746813413073 7.098501398739905 6.999534663349079 6.900567927958086 6.801601192567261 6.702634457176435 6.603667721785611 6.504700986394785 6.40573425100396 6.306767515613135 6.255633382331897 6.255633382331897 6.255633382331897 6.255633382331897 6.255633382331897 6.255633382331897 6.255633382331897 6.255633382331897 6.255633382331897 6.255633382331897 6.255633382331897 6.255633382331897 6.183965551853842 6.035683189841876 5.887400827829909 5.739118465817943 5.590836103805976 5.4425537417940095 5.294271379782042 5.145989017769823 4.997706655757856
8.023133088461806 8.023133088461806 8.023133088461806 8.023133088461806 8.023133088461806 8.023133088461806 8.023133088461806 8.023133088461806 8.023133088461806 8.023133088461806 8.023133088461806 7.95788338269317 7.822880266117703 7.687877149542236 7.552874032966768 7.4178709163913 7.282867799815603 7.147864683240136 7.012861566664668 6.8778584500892 6.742855333513733 6.607852216938266 6.472849100362798 6.403095689491044 6.403095689491044 6.403095689491044 6.403095689491044 6.403095689491044 6.403095689491044 6.403095689491044 6.403095689491044 6.403095689491044 6.403095689491044 6.403095689491044 6.403095689491044 6.341202889504217 6.213145286638851 6.085087683773486 5.957030080908121 5.828972478042756 5.700914875177391 5.572857272312025 5.444799669446442 5.316742066581077
8.603031969854051 8.603031969854051 8.603031969854051 8.603031969854051 8.603031969854051 8.603031969854051 8.603031969854051 8.603031969854051 8.603031969854051 8.603031969854051 8.603031969854051 8.52036516047396 8.34932566271385 8.17828616495374 8.00724666719363 7.8362071694335205 7.665167671673119 7.494128173913009 7.323088676152899 7.15204917839279 6.98100968063268 6.80997018287257 6.638930685112461 6.55055799665019 6.55055799665019 6.55055799665019 6.55055799665019 6.55055799665019 6.55055799665019 6.55055799665019 6.55055799665019 6.55055799665019 6.55055799665019 6.55055799665019 6.55055799665019 6.49844022715459 6.3906073834358255 6.282774539717062 6.174941695998299 6.067108852279535 5.959276008560771 5.851443164842007 5.74361032112306 5.635777477404297
9.182930851246297 9.182930851246297 9.182930851246297 9.182930851246297 9.182930851246297 9.182930851246297 9.182930851246297 9.182930851246297 9.182930851246297 9.182930851246297 9.182930851246297 9.08284693825475 8.875771059309997 8.668695180365246 8.461619301420495 8.254543422475741 8.047467543530637 7.840391664585884 7.633315785641132 7.42623990669638 7.219164027751628 7.012088148806876 6.805012269862123 6.698020303809336 6.698020303809336 6.698020303809336 6.698020303809336 6.698020303809336 6.698020303809336 6.698020303809336 6.698020303809336 6.698020303809336 6.698020303809336 6.698020303809336 6.698020303809336 6.655677564804963 6.568069480232801 6.4804613956606385 6.392853311088476 6.305245226516314 6.217637141944152 6.13002905737199 6.042420972799679 5.954812888227517
9.762829732639037 9.762829732639037 9.762829732639037 9.762829732639037 9.762829732639037 9.762829732639037 9.762829732639037 9.762829732639037 9.762829732639037 9.762829732639037 9.762829732639037 9.64532871603602 9.402216455906595 9.15910419577717 8.915991935647744 8.672879675518319 8.42976741538848 8.186655155259054 7.943542895129629 7.700430635000204 7.457318374870779 7.214206114741353 6.971093854611928 6.845482610968609 6.845482610968609 6.845482610968609 6.845482610968609 6.845482610968609 6.845482610968609 6.845482610968609 6.845482610968609 6.845482610968609 6.845482610968609 6.845482610968609 6.845482610968609 6.8129149024554705 6.745531577029927 6.678148251604384 6.61076492617884 6.543381600753297 6.475998275327753 6.40861494990221 6.341231624476552 6.273848299051008
10.342728614031284 10.342728614031284 10.342728614031284 10.342728614031284 10.342728614031284 10.342728614031284 10.342728614031284 10.342728614031284 10.342728614031284 10.342728614031284 10.342728614031284 10.207810493816812 9.928661852502744 9.649513211188676 9.370364569874608 9.09121592856054 8.812067287245997 8.532918645931929 8.253770004617861 7.974621363303793 7.695472721989725 7.4163240806756585 7.137175439361591 6.992944918127755 6.992944918127755 6.992944918127755 6.992944918127755 6.992944918127755 6.992944918127755 6.992944918127755 6.992944918127755 6.992944918127755 6.992944918127755 6.992944918127755 6.992944918127755 6.970152240105843 6.922993673826902 6.875835107547959 6.828676541269018 6.781517974990076 6.734359408711134 6.687200842432192 6.640042276153171 6.592883709874228
10.922627495423528 10.922627495423528 10.922627495423528 10.922627495423528 10.922627495423528 10.922627495423528 10.922627495423528 10.922627495423528 10.922627495423528 10.922627495423528 10.922627495423528 10.7702922715976 10.45510724909889 10.13992222660018 9.82473720410147 9.50955218160276 9.194367159103514 8.879182136604804 8.563997114106094 8.248812091607384 7.933627069108674 7.618442046609964 7.303257024111254 7.140407225286902 7.140407225286902 7.140407225286902 7.140407225286902 7.140407225286902 7.140407225286902 7.140407225286902 7.140407225286902 7.140407225286902 7.140407225286902 7.140407225286902 7.140407225286902 7.127389577756217 7.100455770623877 7.073521963491537 7.0465881563591966 7.019654349226856 6.992720542094515 6.965786734962175 6.938852927829789 6.911919120697449
11.502526376815775 11.502526376815775 11.502526376815775 11.502526376815775 11.502526376815775 11.502526376815775 11.502526376815775 11.502526376815775 11.502526376815775 11.502526376815775 11.502526376815775 11.33277404937839 10.98155264569504 10.630331242011685 10.279109838328335 9.92788843464498 9.57666703096103 9.22544562727768 8.874224223594325 8.523002819910975 8.17178141622762 7.820560012544269 7.469338608860917 7.287869532446048 7.287869532446048 7.287869532446048 7.287869532446048 7.287869532446048 7.287869532446048 7.287869532446048 7.287869532446048 7.287869532446048 7.287869532446048 7.287869532446048 7.287869532446048 7.28462691540659 7.277917867420851 7.271208819435112 7.264499771449374 7.257790723463636 7.251081675477897 7.244372627492158 7.237663579506408 7.230954531520669
11.802136927843094 11.802136927843094 11.802136927843094 11.802136927843094 11.802136927843094 11.802136927843094 11.802136927843094 11.802136927843094 11.802136927843094 11.802136927843094 11.802136927843094 11.623385879804975 11.253545919731515 10.883705959658057 10.513865999584597 10.14402603951114 9.77418607943705 9.404346119363591 9.034506159290132 8.664666199216674 8.294826239143216 7.924986279069756 7.5551463189962975 7.364057406783104 7.364057406783104 7.364057406783104 7.364057406783104 7.364057406783104 7.364057406783104 7.364057406783104 7.364057406783104 7.364057406783104 7.364057406783104 7.364057406783104 7.364057406783104 7.365865156912409 7.369605432811827 7.373345708711246 7.377085984610665 7.380826260510084 7.384566536409502 7.388306812308921 7.392047088208346 7.395787364107765
11.802136927843094 11.802136927843094 11.802136927843094 11.802136927843094 11.802136927843094 11.802136927843094 11.802136927843094 11.802136927843094 11.802136927843094 11.802136927843094 11.802136927843094 11.623385879804975 11.253545919731515 10.883705959658057 10.513865999584597 10.14402603951114 9.77418607943705 9.404346119363591 9.034506159290132 8.664666199216674 8.294826239143216 7.924986279069756 7.5551463189962975 7.364057406783104 7.364057406783104 7.364057406783104 7.364057406783104 7.364057406783104 7.364057406783104 7.364057406783104 7.364057406783104 7.364057406783104 7.364057406783104 7.364057406783104 7.364057406783104 7.365865156912409 7.369605432811827 7.373345708711246 7.377085984610665 7.380826260510084 7.384566536409502 7.388306812308921 7.392047088208346 7.395787364107765
11.802136927843094 11.802136927843094 11.802136927843094 11.802136927843094 11.802136927843094 11.802136927843094 11.802136927843094 11.802136927843094 11.802136927843094 11.802136927843094 11.802136927843094 11.623385879804975 11.253545919731515 10.883705959658057 10.513865999584597 10.14402603951114 9.77418607943705 9.404346119363591 9.034506159290132 8.664666199216674 8.294826239143216 7.924986279069756 7.5551463189962975 7.364057406783104 7.364057406783104 7.364057406783104 7.364057406783104 7.364057406783104 7.364057406783104 7.364057406783104 7.364057406783104 7.364057406783104 7.364057406783104 7.364057406783104 7.364057406783104 7.365865156912409 7.369605432811827 7.373345708711246 7.377085984610665 7.380826260510084 7.384566536409502 7.388306812308921 7.392047088208346 7.395787364107765
