Figures/CREST_Example_wjb_NSE/Rolling_result/20100722/BJP_forecast/ens_37/wjb.rain.20100724.asc
ncols            288
nrows            254
xllcorner        113.274861
yllcorner        31.4918055
cellsize         0.008333333333
NODATA_value     -9999
[rows 132 to 153 of 254, columns 147 to 195 of 288]
0.0 0.0 0.0 0.0 0.0 0.0 0.0 0.0 0.0 0.0 0.0 0.0 0.19748516376974815 0.6060864349114576 1.0146877060531672 1.4232889771948765 1.831890248336586 2.2404915194782955 2.649092790620005 3.0576940617617145 3.4662953329034236 3.874896604045133 4.28349787518754 4.692099146329249 4.958727222078779 5.073582740093181 5.188438258107583 5.303293776121985 5.418149294136388 5.533004812150789 5.647860330165192 5.762715848179593 5.877571366193996 5.992426884208398 6.1072824022228 6.222137920237397 6.028484338622279 5.505027549466184 4.981570760310088 4.458113971153994 3.9346571819978977 3.4112003928418027 2.887743603685707 2.364286814529612 1.840830025373517 1.3173732362174215 0.793916447061326 0.2704596579052314 0.0
0.0 0.0 0.0 0.0 0.0 0.0 0.0 0.0 0.0 0.0 0.0 0.0 0.19805818553365956 0.6078450516671986 1.0176319178007376 1.4274187839342767 1.8372056500678158 2.2469925162013547 2.6567793823348937 3.066566248468433 3.476353114601972 3.886139980735511 4.295926846869749 4.705713713003288 4.973115435174441 5.0883042172694015 5.203492999364362 5.318681781459322 5.433870563554281 5.549059345649241 5.664248127744202 5.779436909839161 5.894625691934121 6.009814474029081 6.1250032561240415 6.240192038219198 6.048974796566781 5.530202583073619 5.011430369580457 4.492658156087295 3.973885942594133 3.455113729100971 2.936341515607809 2.417569302114647 1.8987970886214853 1.3800248751283233 0.8612526616351612 0.3424804481419992 0.07144297279895583
0.0 0.0 0.0 0.0 0.0 0.0 0.0 0.0 0.0 0.0 0.0 0.0 0.18086064860814483 0.5550654218181635 0.9292701950281823 1.303474968238201 1.6776797414482199 2.0518845146582385 2.4260892878682574 2.800294061078276 3.1744988342882947 3.5487036074983136 3.92290838070897 4.297113153918989 4.541296189224999 4.646483045228666 4.751669901232334 4.8568567572360015 4.962043613239669 5.067230469243337 5.172417325247005 5.277604181250672 5.38279103725434 5.487977893258007 5.593164749261675 5.698351605265522 5.530201413992595 5.069847734913779 4.609494055834963 4.149140376756147 3.688786697677331 3.228433018598515 2.768079339519699 2.3077256604408833 1.847371981362067 1.3870183022832512 0.9266646232044353 0.46631094412561946 0.21925397971677696
0.0 0.0 0.0 0.0 0.0 0.0 0.0 0.0 0.0 0.0 0.0 0.0 0.16366311168263015 0.5022857919691287 0.8409084722556271 1.1795311525421257 1.5181538328286242 1.8567765131151228 2.1953991934016215 2.5340218736881197 2.8726445539746184 3.211267234261117 3.549889914548193 3.8885125948346912 4.109476943275557 4.204661873187932 4.299846803100308 4.395031733012683 4.490216662925058 4.585401592837433 4.680586522749809 4.775771452662184 4.870956382574559 4.9661413124869345 5.06132624239931 5.1565111723118475 5.01142803141841 4.609492886753939 4.207557742089469 3.8056225974249998 3.4036874527605296 3.0017523080960595 2.5998171634315894 2.1978820187671197 1.7959468741026496 1.3940117294381795 0.9920765847737094 0.5901414401092397 0.3670649866345983
0.0 0.0 0.0 0.0 0.0 0.0 0.0 0.0 0.0 0.0 0.0 0.0 0.14646557475711544 0.44950616212009376 0.7525467494830721 1.0555873368460504 1.3586279242090287 1.6616685115720071 1.9647090989349854 2.2677496862979636 2.570790273660942 2.8738308610239205 3.1768714483874154 3.479912035750394 3.6776576973261155 3.7628407011471983 3.848023704968281 3.933206708789364 4.018389712610447 4.10357271643153 4.188755720252613 4.2739387240736955 4.359121727894778 4.444304731715861 4.529487735536944 4.614670739358171 4.492654648844224 4.149138038594099 3.8056214283439753 3.4621048180938514 3.118588207843727 2.7750715975936027 2.4315549873434787 2.088038377093355 1.7445217668432305 1.4010051565931065 1.0574885463429826 0.7139719360928583 0.5148759935524194
0.0 0.0 0.0 0.0 0.0 0.0 0.0 0.0 0.0 0.0 0.0 0.0 0.12926803783158608 0.39672653227101384 0.6641850267104416 0.9316435211498693 1.199102015589297 1.4665605100287247 1.7340190044681525 2.00147749890758 2.268935993347008 2.5363944877864357 2.8038529822263194 3.0713114766657474 3.2458384513763057 3.321019529106087 3.396200606835869 3.471381684565651 3.5465627622954328 3.6217438400252147 3.6969249177549965 3.7721059954847784 3.8472870732145603 3.922468150944342 3.997649228674124 4.072830306404034 3.973881266269595 3.688783190433867 3.4036851145981384 3.11858703876241 2.8334889629266815 2.548390887090953 2.263292811255225 1.9781947354194966 1.6930966595837682 1.4079985837480402 1.1229005079123118 0.8378024320765833 0.6626870004703664
0.0 0.0 0.0 0.0 0.0 0.0 0.0 0.0 0.0 0.0 0.0 0.0 0.11207050090607139 0.3439469024219789 0.5758233039378864 0.8076997054537939 1.0395761069697014 1.271452508485609 1.5033289100015164 1.735205311517424 1.9670817130333313 2.1989581145492387 2.430834516065542 2.662710917581449 2.814019205426863 2.8791983570653525 2.944377508703842 3.009556660342332 3.0747358119808212 3.1399149636193107 3.2050941152578 3.2702732668962895 3.3354524185347794 3.4006315701732683 3.465810721811758 3.5309898734503586 3.455107883695409 3.228428342274027 3.0017488008526447 2.775069259431262 2.54838971800988 2.321710176588497 2.095030635167115 1.8683510937457328 1.6416715523243504 1.4149920109029681 1.1883124694815859 0.9616329280602032 0.8104980073881876
0.0 0.0 0.0 0.0 0.0 0.0 0.0 0.0 0.0 0.0 0.0 0.0 0.09487296398055671 0.291167272572944 0.4874615811653313 0.6837558897577186 0.8800501983501059 1.076344506942493 1.2726388155348805 1.4689331241272678 1.665227432719655 1.8615217413120424 2.057816049904764 2.254110358497152 2.3821999594774215 2.4373771850246184 2.4925544105718154 2.5477316361190128 2.6029088616662097 2.6580860872134067 2.713263312760604 2.768440538307801 2.823617763854998 2.878794989402195 2.9339722149493923 2.9891494404966834 2.936334501121223 2.768073494114187 2.5998124871071506 2.431551480100114 2.263290473093078 2.0950294660860416 1.926768459079005 1.7585074520719688 1.5902464450649323 1.421985438057896 1.2537244310508597 1.0854634240438232 0.9583090143060088
0.0 0.0 0.0 0.0 0.0 0.0 0.0 0.0 0.0 0.0 0.0 0.0 0.07767542705504202 0.23838764272390905 0.3990998583927761 0.5598120740616431 0.7205242897305102 0.8812365053993773 1.0419487210682443 1.2026609367371115 1.3633731524059785 1.5240853680748454 1.6847975837439866 1.8455097994128538 1.9503807135279796 1.995556012983884 2.040731312439789 2.0859066118956937 2.131081911351598 2.1762572108075027 2.2214325102634076 2.266607809719312 2.3117831091752166 2.3569584086311215 2.402133708087026 2.4473090075430077 2.417561118547037 2.307718645954347 2.1978761733616565 2.088033700768966 1.9781912281762757 1.8683487555835854 1.7585062829908948 1.6486638103982045 1.5388213378055142 1.428978865212824 1.3191363926201334 1.209293920027443 1.10612002122383
0.0 0.0 0.0 0.0 0.0 0.0 0.0 0.0 0.0 0.0 0.0 0.0 0.06047789012952732 0.18560801287487413 0.31073813562022096 0.43586825836556775 0.5609983811109146 0.6861285038562615 0.8112586266016082 0.936388749346955 1.061518872092302 1.1866489948376486 1.311779117583209 1.4369092403285557 1.5185614675785375 1.5537348409431497 1.588908214307762 1.6240815876723742 1.6592549610369867 1.694428334401599 1.7296017077662111 1.7647750811308234 1.7999484544954356 1.835121827860048 1.8702952012246603 1.9054685745893325 1.8987877359728516 1.847363797794507 1.7959398596161626 1.744515921437818 1.6930919832594737 1.6416680450811292 1.5902441069027848 1.5388201687244405 1.487396230546096 1.4359722923677516 1.384548354189407 1.3331244160110627 1.2539310281416511
0.0 0.0 0.0 0.0 0.0 0.0 0.0 0.0 0.0 0.0 0.0 0.0 0.04328035320401263 0.13282838302583921 0.22237641284766582 0.31192444266949243 0.401472472491319 0.4910205023131456 0.5805685321349722 0.6701165619567988 0.7596645917786253 0.849212621600452 0.9387606514224313 1.028308681244258 1.0867422216290956 1.1119136689024156 1.1370851161757354 1.1622565634490554 1.1874280107223751 1.2125994579956951 1.237770905269015 1.2629423525423347 1.2881137998156547 1.3132852470889746 1.3384566943622944 1.3636281416356573 1.3800143533986657 1.3870089496346671 1.3940035458706688 1.4009981421066702 1.4079927383426718 1.4149873345786732 1.4219819308146748 1.4289765270506762 1.4359711232866779 1.4429657195226793 1.449960315758681 1.4569549119946823 1.4017420350594723
0.0 0.0 0.0 0.0 0.0 0.0 0.0 0.0 0.0 0.0 0.0 0.0 0.026082816278497935 0.0800487531768043 0.13401469007511066 0.18798062697341703 0.2419465638717234 0.2959125007700298 0.34987843766833615 0.40384437456664246 0.4578103114649488 0.5117762483632552 0.5657421852616537 0.61970812215996 0.6549229756796537 0.6700924968616812 0.6852620180437087 0.7004315392257361 0.7156010604077636 0.730770581589791 0.7459401027718185 0.761109623953846 0.7762791451358735 0.7914486663179009 0.8066181874999283 0.8217877086819817 0.8612409708244797 0.9266541014748272 0.9920672321251747 1.0574803627755223 1.1228934934258696 1.1883066240762172 1.2537197547265646 1.319132885376912 1.3845460160272596 1.4499591466776072 1.5153722773279545 1.580785407978302 1.5495530419772934
0.0 0.0 0.0 0.0 0.0 0.0 0.0 0.0 0.0 0.0 0.0 0.0 0.008885279352968576 0.027269123327724368 0.04565296730248016 0.06403681127723596 0.08242065525199174 0.10080449922674754 0.11918834320150333 0.13757218717625913 0.15595603115101492 0.1743398751257707 0.19272371910055786 0.21110756307531364 0.2231037297298436 0.2282713248205701 0.23343891991129667 0.23860651500202318 0.2437741100927497 0.24894170518347625 0.2541093002742028 0.2592768953649293 0.2644444904556559 0.2696120855463824 0.27477968063710895 0.2799472757278443 0.3424675882498515 0.46629925331459476 0.590130918379338 0.7139625834440813 0.8377942485088243 0.9616259135735676 1.085457578638311 1.2092892437030542 1.3331209087677973 1.4569525738325406 1.580784238897284 1.7046159039620272 1.6973640488952404
0.0 0.0 0.0 0.0 0.0 0.0 0.0 0.0 0.0 0.0 0.0 0.0 0.0 0.0 0.0 0.0 0.0 0.0 0.0 0.0 0.0 0.0 0.0 0.0 0.0 0.0 0.0 0.0 0.0 0.0 0.0 0.0 0.0 0.0 0.0 0.0 0.07143989064262853 0.2192506407140689 0.3670613907855093 0.5148721408569498 0.6626828909283901 0.8104936409998305 0.9583043910712709 1.1061151411427113 1.2539258912141518 1.401736641285592 1.5495473913570326 1.6973581414284729 1.702289110357061
0.0 0.0 0.0 0.0 0.0 0.0 0.0 0.0 0.0 0.0 0.0 0.0 0.0 0.0 0.0 0.0 0.0 0.0 0.0 0.0 0.0 0.0 0.0 0.0 0.0 0.0 0.0 0.0 0.0 0.0 0.0 0.0 0.0 0.0 0.0 0.0 0.06523671275366756 0.2002129474255732 0.33518918209747883 0.47016541676938445 0.6051416514412901 0.7401178861131957 0.8750941207851013 1.010070355457007 1.1450465901289126 1.2800228248008183 1.4149990594727238 1.5499752941446294 1.5544781034392399
0.0 0.0 0.0 0.0 0.0 0.0 0.0 0.0 0.0 0.0 0.0 0.0 0.0 0.0 0.0 0.0 0.0 0.0 0.0 0.0 0.0 0.0 0.0 0.0 0.0 0.0 0.0 0.0 0.0 0.0 0.0 0.0 0.0 0.0 0.0 0.0 0.0590335348647066 0.1811752541370775 0.30331697340944835 0.42545869268181924 0.5476004119541902 0.669742131226561 0.791883850498932 0.9140255697713028 1.0361672890436737 1.1583090083160446 1.2804507275884154 1.4025924468607864 1.4066670965214187
0.0 0.0 0.0 0.0 0.0 0.0 0.0 0.0 0.0 0.0 0.0 0.0 0.0 0.0 0.0 0.0 0.0 0.0 0.0 0.0 0.0 0.0 0.0 0.0 0.0 0.0 0.0 0.0 0.0 0.0 0.0 0.0 0.0 0.0 0.0 0.0 0.05283035697574564 0.1621375608485818 0.27144476472141793 0.3807519685942541 0.49005917246709024 0.5993663763399264 0.7086735802127625 0.8179807840855987 0.9272879879584348 1.036595191831271 1.1459023957041072 1.2552095995769432 1.2588560896035976
0.0 0.0 0.0 0.0 0.0 0.0 0.0 0.0 0.0 0.0 0.0 0.0 0.0 0.0 0.0 0.0 0.0 0.0 0.0 0.0 0.0 0.0 0.0 0.0 0.0 0.0 0.0 0.0 0.0 0.0 0.0 0.0 0.0 0.0 0.0 0.0 0.046627179086784674 0.14309986756008608 0.23957255603338745 0.3360452445066889 0.43251793297999025 0.5289906214532917 0.625463309926593 0.7219359983998944 0.8184086868731958 0.9148813753464973 1.0113540638197986 1.1078267522931 1.1110450826857765
0.0 0.0 0.0 0.0 0.0 0.0 0.0 0.0 0.0 0.0 0.0 0.0 0.0 0.0 0.0 0.0 0.0 0.0 0.0 0.0 0.0 0.0 0.0 0.0 0.0 0.0 0.0 0.0 0.0 0.0 0.0 0.0 0.0 0.0 0.0 0.0 0.040424001197818415 0.12406217427157411 0.2077003473453298 0.2913385204190855 0.3749766934928412 0.45861486656659683 0.5422530396403525 0.6258912127141082 0.709529385787864 0.7931675588616196 0.8768057319353753 0.960443905009131 0.9632340757678293
0.0 0.0 0.0 0.0 0.0 0.0 0.0 0.0 0.0 0.0 0.0 0.0 0.0 0.0 0.0 0.0 0.0 0.0 0.0 0.0 0.0 0.0 0.0 0.0 0.0 0.0 0.0 0.0 0.0 0.0 0.0 0.0 0.0 0.0 0.0 0.0 0.03422082330885745 0.1050244809830784 0.17582813865729935 0.2466317963315203 0.31743545400574125 0.3882391116799622 0.45904276935418314 0.5298464270284041 0.600650084702625 0.671453742376846 0.742257400051067 0.8130610577252879 0.8154230688500081
0.0 0.0 0.0 0.0 0.0 0.0 0.0 0.0 0.0 0.0 0.0 0.0 0.0 0.0 0.0 0.0 0.0 0.0 0.0 0.0 0.0 0.0 0.0 0.0 0.0 0.0 0.0 0.0 0.0 0.0 0.0 0.0 0.0 0.0 0.0 0.0 0.02801764541989649 0.08598678769458269 0.1439559299692689 0.20192507224395512 0.2598942145186413 0.3178633567933275 0.3758324990680137 0.43380164134269994 0.49177078361738613 0.5497399258920723 0.6077090681667585 0.6656782104414447 0.667612061932187
0.0 0.0 0.0 0.0 0.0 0.0 0.0 0.0 0.0 0.0 0.0 0.0 0.0 0.0 0.0 0.0 0.0 0.0 0.0 0.0 0.0 0.0 0.0 0.0 0.0 0.0 0.0 0.0 0.0 0.0 0.0 0.0 0.0 0.0 0.0 0.0 0.02181446753093553 0.06694909440608698 0.11208372128123845 0.1572183481563899 0.20235297503154137 0.2474876019066928 0.2926222287818443 0.33775685565699576 0.3828914825321472 0.4280261094072986 0.4731607362824501 0.5182953631576016 0.5198010550143659
