Figures/CREST_Example_wjb_NSE/Rolling_result/20100722/BJP_forecast/ens_37/wjb.rain.20100723.asc
ncols            288
nrows            254
xllcorner        113.274861
yllcorner        31.4918055
cellsize         0.008333333333
NODATA_value     -9999
[rows 132 to 153 of 254, columns 50 to 99 of 288]
1.035993066363338 1.0745108337278495 1.057760730747745 1.041010627767669 1.0242605247875929 1.007510421807517 0.990760318827441 0.974010215847365 0.9572601128672891 0.940510009887213 0.923759906907137 0.9070098039270611 0.890259700946985 0.9217611095691631 1.0048444747963032 1.087927840023585 1.171011205250725 1.2540945704778652 1.337177935705005 1.4202613009321452 1.5033446661592853 1.5864280313864254 1.6695113966135655 1.7525947618407054 1.8356781270678457 1.8420885310331934 1.7665338060965263 1.6909790811598593 1.6154243562230632 1.539869631286396 1.464314906349729 1.388760181413062 1.3132054564763949 1.2376507315397276 1.1620960066030606 1.0865412816663933 1.0109865567297263 0.9666966316122325 0.9558294843556566 0.9449623370990807 0.9340951898425047 0.9232280425859103 0.9123608953293344 0.9014937480727584 0.8906266008161825 0.8797594535596066 0.8688923063030307 0.8580251590464547 0.8471580117898788 0.8076486204724649
1.012755128241221 1.0501242486462605 1.033160870445304 1.0161974922443762 0.9992341140434483 0.9822707358425206 0.9653073576415927 0.948343979440665 0.9313806012397371 0.9144172230388093 0.8974538448378815 0.8804904666369537 0.863527088436026 0.8962189869515982 0.9819934987106946 1.0677680104699374 1.1535425222290339 1.2393170339881303 1.325091545747227 1.4108660575063234 1.4966405692654199 1.5824150810245163 1.6681895927836128 1.7539641045427095 1.839738616301806 1.8474335240401831 1.7716595699678757 1.6958856158955682 1.6201116618231315 1.5443377077508238 1.4685637536785163 1.3927897996062089 1.3170158455339012 1.2412418914615937 1.1654679373892862 1.0896939833169785 1.0139200292446713 0.969501592746728 0.9586029134410058 0.9477042341352836 0.9368055548295614 0.9259068755238206 0.9150081962180984 0.9041095169123762 0.893210837606654 0.8823121583009318 0.8714134789952096 0.8605147996894874 0.8496161203837652 0.8099920888540355
0.9248168606684688 0.9589411930517052 0.9434507573711819 0.9279603216906851 0.9124698860101883 0.8969794503296914 0.8814890146491945 0.8659985789686977 0.8505081432882009 0.835017707607704 0.8195272719272071 0.8040368362467103 0.7885464005662135 0.8183996376532168 0.8967262859005355 0.9750529341479878 1.0533795823953065 1.1317062306426253 1.210032878889944 1.2883595271372625 1.3666861753845814 1.4450128236319002 1.5233394718792188 1.6016661201265374 1.6799927683738562 1.6870195216524084 1.6178250753628243 1.54863062907324 1.4794361827835376 1.4102417364939535 1.341047290204369 1.271852843914785 1.2026583976252008 1.1334639513356164 1.064269505046032 0.9950750587564479 0.9258806124668636 0.8853190612563866 0.875366722235942 0.8654143832154976 0.855462044195053 0.8455097051745915 0.835557366154147 0.8256050271337024 0.815652688113258 0.8057003490928134 0.7957480100723688 0.7857956710519243 0.7758433320314798 0.7396598841036557
0.8368785930957164 0.8677581374571498 0.85374064429706 0.839723151136994 0.8257056579769282 0.8116881648168622 0.7976706716567964 0.7836531784967304 0.7696356853366646 0.7556181921765986 0.7416006990165327 0.7275832058564669 0.7135657126964009 0.7405802883548355 0.8114590730903763 0.8823378578260381 0.953216642561579 1.0240954272971199 1.0949742120326609 1.1658529967682019 1.2367317815037426 1.3076105662392836 1.3784893509748244 1.4493681357103654 1.5202469204459064 1.5266055192646335 1.4639905807577727 1.4013756422509116 1.338760703743944 1.276145765237083 1.213530826730222 1.150915888223361 1.0883009497165002 1.025686011209639 0.9630710727027781 0.9004561341959172 0.8378411956890562 0.8011365297660453 0.7921305310308785 0.7831245322957116 0.7741185335605447 0.7651125348253625 0.7561065360901956 0.7471005373550287 0.7380945386198619 0.729088539884695 0.7200825411495281 0.7110765424143612 0.7020705436791944 0.6693276793532759
0.7489403255229643 0.7765750818625945 0.7640305312229381 0.7514859805833032 0.7389414299436682 0.7263968793040332 0.7138523286643982 0.7013077780247632 0.6887632273851283 0.6762186767454933 0.6636741261058583 0.6511295754662233 0.6385850248265883 0.662760939056454 0.7261918602802171 0.7896227815040884 0.8530537027278515 0.9164846239516147 0.9799155451753778 1.043346466399141 1.1067773876229041 1.1702083088466675 1.2336392300704304 1.2970701512941938 1.3605010725179567 1.366191516876859 1.3101560861527213 1.2541206554285835 1.1980852247043503 1.1420497939802126 1.0860143632560748 1.0299789325319373 0.9739435018077995 0.9179080710836618 0.861872640359524 0.8058372096353864 0.7498017789112487 0.7169539982757039 0.7088943398258147 0.7008346813759255 0.6927750229260363 0.6847153644761333 0.6766557060262441 0.6685960475763549 0.6605363891264657 0.6524767306765766 0.6444170722266873 0.6363574137767982 0.628297755326909 0.5989954746028961
0.6610020579501369 0.6853920262679614 0.6743204181487397 0.6632488100295368 0.6521772019103341 0.6411055937911313 0.6300339856719286 0.6189623775527258 0.6078907694335229 0.5968191613143202 0.5857475531951174 0.5746759450759147 0.5636043369567119 0.5849415897580063 0.6409246474699852 0.6969077051820598 0.7528907628940388 0.8088738206060178 0.8648568783179968 0.9208399360299759 0.9768229937419549 1.032806051453934 1.088789109165913 1.144772166877892 1.200755224589871 1.2057775144889475 1.1563215915475387 1.10686566860613 1.0574097456646367 1.0079538227232279 0.9584978997818192 0.9090419768404103 0.8595860538990014 0.8101301309575927 0.7606742080161839 0.711218285074775 0.6617623621333663 0.6327714667852908 0.6256581486206801 0.6185448304560694 0.6114315122914586 0.6043181941268359 0.597204875962225 0.5900915577976144 0.5829782396330035 0.5758649214683929 0.5687516033037822 0.5616382851391714 0.5545249669745607 0.5286632698524563
0.5730637903773848 0.5942089706734061 0.5846103050746178 0.575011639475846 0.5654129738770741 0.5558143082783022 0.5462156426795304 0.5366169770807585 0.5270183114819867 0.5174196458832149 0.507820980284443 0.49822231468567113 0.4886236490868993 0.5071222404596248 0.5556574346598261 0.60419262886011 0.6527278230603114 0.7012630172605127 0.7497982114607139 0.7983334056609152 0.8468685998611164 0.8954037940613176 0.9439389882615189 0.9924741824617203 1.0410093766619215 1.0453635121011728 1.0024870969424873 0.9596106817838018 0.9167342666250431 0.8738578514663575 0.830981436307672 0.7881050211489864 0.7452286059903009 0.7023521908316154 0.6594757756729298 0.6165993605142444 0.5737229453555588 0.5485889352949495 0.5424219574156164 0.5362549795362833 0.5300880016569502 0.5239210237776067 0.5177540458982737 0.5115870680189406 0.5054200901396075 0.49925311226027447 0.4930861343809414 0.48691915650160833 0.48075217862227526 0.45833106510207655
0.4851255228046324 0.5030259150788506 0.49490019200049584 0.4867744689221549 0.478648745843814 0.47052302276547314 0.4623972996871322 0.4542715766087913 0.4461458535304504 0.4380201304521095 0.4298944073737686 0.4217686842954277 0.41364296121708677 0.4293028911612435 0.47039022184966695 0.5114775525381605 0.5525648832265839 0.5936522139150073 0.6347395446034308 0.6758268752918544 0.7169142059802778 0.7580015366687012 0.7990888673571248 0.8401761980455482 0.8812635287339716 0.8849495097133981 0.8486526023374359 0.8123556949614735 0.7760587875854494 0.7397618802094872 0.7034649728335249 0.6671680654575626 0.6308711580816003 0.5945742507056381 0.5582773433296758 0.5219804359537135 0.48568352857775127 0.4644064038046081 0.45918576621055274 0.45396512861649735 0.44874449102244196 0.44352385342837763 0.43830321583432225 0.43308257824026686 0.42786194064621147 0.4226413030521561 0.4174206654581007 0.4122000278640453 0.40697939026998986 0.38799886035169673
0.39718725523188014 0.4118428594842953 0.40519007892637393 0.39853729836846397 0.391884517810554 0.38523173725264404 0.378578956694734 0.37192617613682405 0.3652733955789141 0.3586206150210041 0.35196783446309415 0.3453150539051842 0.33866227334727417 0.351483541862862 0.3851230090395077 0.41876247621621077 0.45240194339285644 0.4860414105695021 0.5196808777461478 0.5533203449227935 0.5869598120994393 0.6205992792760848 0.6542387464527306 0.6878782136293762 0.721517680806022 0.7245355073256233 0.6948181077323844 0.6651007081391453 0.6353833085458557 0.6056659089526167 0.5759485093593777 0.5462311097661388 0.5165137101728998 0.4867963105796608 0.4570789109864218 0.4273615113931828 0.3976441117999438 0.3802238723142668 0.37594957500548903 0.3716752776967113 0.3674009803879336 0.3631266830791486 0.3588523857703709 0.3545780884615931 0.3503037911528154 0.34602949384403764 0.34175519653525993 0.3374808992264822 0.33320660191770446 0.3176666556013169
0.3092489876591278 0.32065980388973986 0.31547996585225196 0.31030012781477295 0.3051202897772939 0.2999404517398149 0.29476061370233586 0.2895807756648568 0.2844009376273778 0.2792210995898987 0.2740412615524197 0.2688614235149407 0.2636815854774616 0.2736641925644806 0.29985579622934855 0.3260473998942611 0.352239003559129 0.37843060722399696 0.40462221088886485 0.4308138145537328 0.4570054182186007 0.4831970218834686 0.5093886255483365 0.5355802292132045 0.5617718328780723 0.5641215049378486 0.5409836131273329 0.5178457213168173 0.494707829506262 0.47156993769574634 0.4484320458852306 0.4252941540747149 0.4021562622641992 0.3790183704536835 0.35588047864316774 0.332742586832652 0.3096046950221363 0.2960413408239254 0.29271338380042533 0.28938542677692525 0.2860574697534252 0.2827295127299195 0.27940155570641945 0.27607359868291936 0.2727456416594193 0.26941768463591925 0.26608972761241917 0.26276177058891914 0.25943381356541906 0.24733445085093708
0.22131072008637553 0.2294767482951845 0.22576985277813005 0.22206295726108197 0.21835606174403388 0.21464916622698577 0.21094227070993768 0.20723537519288956 0.20352847967584148 0.19982158415879336 0.19611468864174528 0.1924077931246972 0.18870089760764908 0.19584484326609922 0.21458858341918938 0.23333232357231146 0.2520760637254016 0.27081980387849175 0.2895635440315819 0.308307284184672 0.3270510243377621 0.3457947644908523 0.36453850464394244 0.38328224479703255 0.4020259849501227 0.4037075025500739 0.3871491185222815 0.3705907344944891 0.35403235046666837 0.33747396643887595 0.32091558241108353 0.30435719838329106 0.28779881435549864 0.2712404303277062 0.25468204629991376 0.2381236622721213 0.22156527824432887 0.21185880933358409 0.20947719259536168 0.20709557585713928 0.20471395911891688 0.20233234238069042 0.19995072564246805 0.19756910890424564 0.19518749216602324 0.19280587542780084 0.19042425868957846 0.18804264195135606 0.18566102521313366 0.17700224610055726
0.13337245251362323 0.1382936927006291 0.13605973970400814 0.13382578670739098 0.13159183371077382 0.12935788071415666 0.1271239277175395 0.12488997472092234 0.12265602172430518 0.12042206872768801 0.11818811573107085 0.11595416273445369 0.11372020973783653 0.11802549396771783 0.12932137060903018 0.14061724725036182 0.15191312389167416 0.16320900053298654 0.17450487717429888 0.18580075381561123 0.1970966304569236 0.20839250709823595 0.2196883837395483 0.23098426038086067 0.24228013702217302 0.24329350016229923 0.23331462391723007 0.22333574767216088 0.2133568714270747 0.20337799518200553 0.19339911893693637 0.18342024269186719 0.17344136644679803 0.16346249020172887 0.1534836139566597 0.1435047377115905 0.13352586146652135 0.1276762778432427 0.12624100139029798 0.12480572493735326 0.12337044848440853 0.12193517203146136 0.12049989557851662 0.1190646191255719 0.11762934267262717 0.11619406621968245 0.11475878976673771 0.11332351331379299 0.11188823686084827 0.10667004135017746
0.04543418494079595 0.04711063710599599 0.04634962662980972 0.04558861615362475 0.044827605677439784 0.04406659520125482 0.04330558472506985 0.04254457424888489 0.041783563772699914 0.04102255329651495 0.04026154282032998 0.039500532344145016 0.03873952186796005 0.040206144669270076 0.04405415779879831 0.0479021709283331 0.05175018405786133 0.055598197187389564 0.05944621031691779 0.06329422344644603 0.06714223657597425 0.07099024970550248 0.07483826283503071 0.07868627596455895 0.08253428909408717 0.08287949777438776 0.07948012931204747 0.07608076084970719 0.0726813923873611 0.06928202392502082 0.06588265546268053 0.062483287000340254 0.05908391853799996 0.05568455007565968 0.052285181613319395 0.04888581315097911 0.04548644468863883 0.04349374635282959 0.04300481018516334 0.04251587401749708 0.04202693784983083 0.04153800168216374 0.04104906551449749 0.04056012934683123 0.04007119317916498 0.03958225701149873 0.03909332084383247 0.03860438467616622 0.03811544850849997 0.03633783659973768
0.0 0.0 0.0 0.0 0.0 0.0 0.0 0.0 0.0 0.0 0.0 0.0 0.0 0.0 0.0 0.0 0.0 0.0 0.0 0.0 0.0 0.0 0.0 0.0 0.0 0.0 0.0 0.0 0.0 0.0 0.0 0.0 0.0 0.0 0.0 0.0 0.0 0.0 0.0 0.0 0.0 0.0 0.0 0.0 0.0 0.0 0.0 0.0 0.0 0.0
0.0 0.0 0.0 0.0 0.0 0.0 0.0 0.0 0.0 0.0 0.0 0.0 0.0 0.0 0.0 0.0 0.0 0.0 0.0 0.0 0.0 0.0 0.0 0.0 0.0 0.0 0.0 0.0 0.0 0.0 0.0 0.0 0.0 0.0 0.0 0.0 0.0 0.0 0.0 0.0 0.0 0.0 0.0 0.0 0.0 0.0 0.0 0.0 0.0 0.0
0.0 0.0 0.0 0.0 0.0 0.0 0.0 0.0 0.0 0.0 0.0 0.0 0.0 0.0 0.0 0.0 0.0 0.0 0.0 0.0 0.0 0.0 0.0 0.0 0.0 0.0 0.0 0.0 0.0 0.0 0.0 0.0 0.0 0.0 0.0 0.0 0.0 0.0 0.0 0.0 0.0 0.0 0.0 0.0 0.0 0.0 0.0 0.0 0.0 0.0
0.0 0.0 0.0 0.0 0.0 0.0 0.0 0.0 0.0 0.0 0.0 0.0 0.0 0.0 0.0 0.0 0.0 0.0 0.0 0.0 0.0 0.0 0.0 0.0 0.0 0.0 0.0 0.0 0.0 0.0 0.0 0.0 0.0 0.0 0.0 0.0 0.0 0.0 0.0 0.0 0.0 0.0 0.0 0.0 0.0 0.0 0.0 0.0 0.0 0.0
0.0 0.0 0.0 0.0 0.0 0.0 0.0 0.0 0.0 0.0 0.0 0.0 0.0 0.0 0.0 0.0 0.0 0.0 0.0 0.0 0.0 0.0 0.0 0.0 0.0 0.0 0.0 0.0 0.0 0.0 0.0 0.0 0.0 0.0 0.0 0.0 0.0 0.0 0.0 0.0 0.0 0.0 0.0 0.0 0.0 0.0 0.0 0.0 0.0 0.0
0.0 0.0 0.0 0.0 0.0 0.0 0.0 0.0 0.0 0.0 0.0 0.0 0.0 0.0 0.0 0.0 0.0 0.0 0.0 0.0 0.0 0.0 0.0 0.0 0.0 0.0 0.0 0.0 0.0 0.0 0.0 0.0 0.0 0.0 0.0 0.0 0.0 0.0 0.0 0.0 0.0 0.0 0.0 0.0 0.0 0.0 0.0 0.0 0.0 0.0
0.0 0.0 0.0 0.0 0.0 0.0 0.0 0.0 0.0 0.0 0.0 0.0 0.0 0.0 0.0 0.0 0.0 0.0 0.0 0.0 0.0 0.0 0.0 0.0 0.0 0.0 0.0 0.0 0.0 0.0 0.0 0.0 0.0 0.0 0.0 0.0 0.0 0.0 0.0 0.0 0.0 0.0 0.0 0.0 0.0 0.0 0.0 0.0 0.0 0.0
0.0 0.0 0.0 0.0 0.0 0.0 0.0 0.0 0.0 0.0 0.0 0.0 0.0 0.0 0.0 0.0 0.0 0.0 0.0 0.0 0.0 0.0 0.0 0.0 0.0 0.0 0.0 0.0 0.0 0.0 0.0 0.0 0.0 0.0 0.0 0.0 0.0 0.0 0.0 0.0 0.0 0.0 0.0 0.0 0.0 0.0 0.0 0.0 0.0 0.0
0.0 0.0 0.0 0.0 0.0 0.0 0.0 0.0 0.0 0.0 0.0 0.0 0.0 0.0 0.0 0.0 0.0 0.0 0.0 0.0 0.0 0.0 0.0 0.0 0.0 0.0 0.0 0.0 0.0 0.0 0.0 0.0 0.0 0.0 0.0 0.0 0.0 0.0 0.0 0.0 0.0 0.0 0.0 0.0 0.0 0.0 0.0 0.0 0.0 0.0
