Figures/CREST_Example_wjb_NSE/Rolling_result/20100722/BJP_forecast/ens_37/wjb.rain.20100722.asc
ncols            288
nrows            254
xllcorner        113.274861
yllcorner        31.4918055
cellsize         0.008333333333
NODATA_value     -9999
[rows 120 to 139 of 254, columns 135 to 179 of 288]
1.946212342610696 1.9357690246853752 1.9253257067600542 1.9148823888347333 1.9044390709094123 1.8939957529840914 1.8835524350587705 1.8731091171334495 1.8626657992081106 1.8522224812827897 1.8417791633574687 1.8313358454321478 1.8363503529842653 1.8578896256107589 1.8794288982372522 1.9009681708637458 1.9225074434902394 1.944046716116733 1.9655859887432265 1.9871252613697201 2.0086645339962135 2.030203806622744 2.0517430792492375 2.073282351875731 2.659496813941243 3.849361827006537 5.03922684007183 6.229091853137124 7.418956866202418 8.60882187926771 9.798686892333004 10.988551905398298 12.178416918463592 13.368281931528886 14.558146944596208 15.748011957661502 16.29921482582918 16.16767341264181 16.036131999454444 15.904590586267075 15.773049173079707 15.641507759892338 15.50996634670497 15.378424933517602 15.246883520330234
1.8987094921590184 1.882993412921854 1.8672773336846897 1.8515612544475255 1.835845175210361 1.8201290959731968 1.8044130167360324 1.7886969374988682 1.772980858261677 1.7572647790245126 1.7415486997873484 1.7258326205501842 1.7267174224374031 1.745348941740243 1.7639804610430831 1.782611980345923 1.801243499648763 1.8198750189516029 1.8385065382544428 1.8571380575572827 1.8757695768601226 1.8944010961629942 1.9130326154658341 1.931664134768674 2.542772512919909 3.787252055569734 5.031731598219559 6.276211140869384 7.520690683519209 8.765170226169033 10.009649768818859 11.254129311468684 12.498608854118508 13.743088396768334 14.98756793942028 16.232047482070104 16.80980560940418 16.67482346052108 16.539841311637982 16.404859162754885 16.269877013871785 16.134894864988688 15.999912716105591 15.864930567222492 15.729948418339394
1.8513922996512073 1.8288751898143345 1.8063580799774617 1.7838409701405888 1.761323860303716 1.7388067504668432 1.7162896406299704 1.6937725307930975 1.6712554209561863 1.6487383111193135 1.6262212012824406 1.6037040914455678 1.602033252263942 1.6226475479324673 1.6432618436009927 1.663876139269518 1.6844904349380434 1.705104730606569 1.7257190262750943 1.7463333219436197 1.766947617612145 1.7875619132807057 1.808176208949231 1.8287905046177564 2.437189145410903 3.673942547382805 4.910695949354707 6.1474493513266095 7.384202753298513 8.620956155270415 9.857709557242316 11.09446295921422 12.331216361186122 13.567969763158022 14.804723165132035 16.04147656710394 16.61502606430863 16.479595583649214 16.344165102989802 16.20873462233039 16.073304141670974 15.937873661011562 15.802443180352148 15.667012699692734 15.53158221903332
1.8040751071433965 1.774756966706815 1.7454388262702336 1.7161206858336524 1.686802545397071 1.6574844049604898 1.6281662645239083 1.598848124087327 1.5695299836506955 1.5402118432141143 1.5108937027775329 1.4815755623409514 1.4773490820904807 1.4999461541246915 1.5225432261589025 1.5451402981931133 1.5677373702273243 1.5903344422615353 1.612931514295746 1.635528586329957 1.658125658364168 1.6807227303984174 1.7033198024326284 1.7259168744668392 2.3316057779018977 3.5606330391958774 4.789660300489857 6.018687561783836 7.247714823077816 8.476742084371796 9.705769345665775 10.934796606959754 12.163823868253736 13.392851129547715 14.62187839084379 15.850905652137769 16.42024651921308 16.284367706777353 16.14848889434162 16.01261008190589 15.876731269470163 15.740852457034434 15.604973644598703 15.469094832162973 15.333216019727244
1.756757914635545 1.7206387435992492 1.6845195725629536 1.6484004015266578 1.6122812304903622 1.5761620594540664 1.5400428884177708 1.503923717381475 1.4678045463451177 1.4316853753088221 1.3955662042725265 1.3594470332362307 1.3526649119169127 1.3772447603168108 1.401824608716709 1.426404457116607 1.4509843055165053 1.4755641539164033 1.5001440023163015 1.5247238507161995 1.5493036991160978 1.5738835475160378 1.598463395915936 1.623043244315834 2.2260224103928024 3.4473235310088532 4.668624651624905 5.889925772240955 7.1112268928570055 8.332528013473055 9.553829134089106 10.775130254705157 11.996431375321208 13.217732495937259 14.439033616555392 15.660334737171443 16.225466974117367 16.089139829905324 15.952812685693276 15.816485541481232 15.680158397269185 15.543831253057139 15.407504108845092 15.271176964633048 15.134849820421001
1.709440722127734 1.6665205204917297 1.6236003188557255 1.5806801172197213 1.5377599155837172 1.494839713947713 1.4519195123117088 1.4089993106757046 1.3660791090396271 1.3231589074036232 1.2802387057676188 1.2373185041316148 1.2279807417434516 1.2545433665090353 1.2811059912746188 1.3076686160402025 1.3342312408057861 1.3607938655713696 1.3873564903369533 1.413919115102537 1.4404817398681204 1.4670443646337494 1.493606989399333 1.5201696141649166 2.1204390428837967 3.3340140228219246 4.547589002760052 5.76116398269818 6.974738962636309 8.188313942574435 9.401888922512564 10.615463902450692 11.82903888238882 13.042613862326947 14.256188842267145 15.469763822205273 16.03068742902182 15.893911953033458 15.757136477045098 15.620361001056736 15.483585525068374 15.346810049080013 15.21003457309165 15.07325909710329 14.936483621114927
1.6621235296199228 1.61240229738421 1.5626810651484973 1.5129598329127847 1.463238600677072 1.4135173684413593 1.3637961362056465 1.3140749039699338 1.2643536717341364 1.2146324394984236 1.164911207262711 1.1151899750269982 1.10329657156999 1.1318419727012592 1.1603873738325283 1.1889327749637975 1.2174781760950666 1.2460235772263357 1.2745689783576049 1.303114379488874 1.3316597806201431 1.3602051817514609 1.38875058288273 1.4172959840139991 2.014855675374791 3.2207045146349964 4.426553353895201 5.632402193155407 6.838251032415613 8.044099871675817 9.249948710936023 10.455797550196229 11.661646389456433 12.867495228716638 14.0733440679789 15.279192907239105 15.835907883926271 15.698684076161594 15.561460268396917 15.42423646063224 15.287012652867562 15.149788845102885 15.012565037338208 14.87534122957353 14.738117421808854
1.6148063371121117 1.5582840742766906 1.5017618114412694 1.4452395486058482 1.3887172857704269 1.3321950229350057 1.2756727600995845 1.2191504972641634 1.1626282344286456 1.1061059715932244 1.0495837087578033 0.993061445922382 0.9786124013965289 1.0091405788934835 1.0396687563904383 1.070196933887393 1.1007251113843475 1.131253288881302 1.1617814663782569 1.1923096438752114 1.222837821372166 1.2533659988691728 1.2838941763661273 1.314422353863082 1.9092723078657854 3.107395006448068 4.305517705030351 5.503640403612634 6.701763102194917 7.899885800777199 9.098008499359482 10.296131197941763 11.494253896524047 12.69237659510633 13.890499293690656 15.088621992272937 15.641128338830724 15.50345619928973 15.365784059748737 15.228111920207743 15.09043978066675 14.952767641125758 14.815095501584764 14.677423362043772 14.53975122250278
1.5674891446043009 1.5041658511691711 1.4408425577340414 1.3775192642989116 1.3141959708637818 1.250872677428652 1.1875493839935225 1.1242260905583927 1.060902797123155 0.9975795036880252 0.9342562102528954 0.8709329168177657 0.8539282312230677 0.8864391850857078 0.9189501389483479 0.9514610928109881 0.9839720466736281 1.0164830005362684 1.0489939543989084 1.0815049082615487 1.1140158621241887 1.1465268159868842 1.1790377698495245 1.2115487237121645 1.8036889403567797 2.99408549826114 4.1844820561655 5.37487861406986 6.5652751719742195 7.75567172987858 8.946068287782941 10.1364648456873 11.32686140359166 12.51725796149602 13.70765451940241 14.89805107730677 15.446348793735176 15.308228322417866 15.170107851100559 15.03198737978325 14.89386690846594 14.755746437148632 14.617625965831323 14.479505494514013 14.341385023196706
1.5201719520964896 1.4500476280616514 1.379923304026813 1.309798979991975 1.2396746559571366 1.1695503319222984 1.09942600788746 1.0293016838526219 0.959177359817664 0.8890530357828258 0.8189287117479875 0.7488043877131493 0.7292440610496063 0.763737791277932 0.7982315215062575 0.8327252517345832 0.8672189819629088 0.9017127121912345 0.9362064424195601 0.9707001726478857 1.0051939028762114 1.0396876331045959 1.0741813633329214 1.108675093561247 1.698105572847774 2.880775990074212 4.063446407300649 5.246116824527086 6.428787241753524 7.611457658979961 8.794128076206398 9.976798493432836 11.159468910659273 12.342139327885711 13.524809745114165 14.707480162340604 15.251569248639628 15.113000445546003 14.974431642452378 14.835862839358754 14.697294036265129 14.558725233171504 14.42015643007788 14.281587626984255 14.143018823890632
1.4728547595886787 1.395929404954132 1.3190040503195852 1.2420786956850383 1.1651533410504915 1.0882279864159448 1.011302631781398 0.9343772771468513 0.8574519225121734 0.7805265678776265 0.7036012132430798 0.626675858608533 0.604559890876145 0.6410363974701562 0.6775129040641673 0.7139894106581783 0.7504659172521895 0.7869424238462006 0.8234189304402117 0.8598954370342229 0.896371943628234 0.9328484502223073 0.9693249568163185 1.0058014634103296 1.5925222053387684 2.7674664818872836 3.9424107584357984 5.117355034984313 6.292299311532828 7.467243588081343 8.642187864629857 9.817132141178373 10.992076417726887 12.167020694275402 13.34196497082592 14.516909247374436 15.056789703544078 14.917772568674138 14.778755433804198 14.639738298934258 14.500721164064318 14.361704029194378 14.222686894324438 14.083669759454498 13.944652624584556
1.4255375670808272 1.3418111818465661 1.258084796612305 1.1743584113780439 1.090632026143783 1.0069056409095218 0.9231792556752607 0.8394528704409997 0.7557264852065958 0.6720000999723348 0.5882737147380737 0.5045473295038126 0.4798757207025774 0.5183350036622757 0.556794286621974 0.5952535695816723 0.6337128525413707 0.672172135501069 0.7106314184607673 0.7490907014204656 0.7875499843801639 0.8260092673399279 0.8644685502996261 0.9029278332593245 1.486938837829673 2.6541569737002586 3.8213751095708437 4.98859324544143 6.155811381312016 7.323029517182601 8.490247653053185 9.657465788923771 10.824683924794357 11.991902060664943 13.159120196537518 14.326338332408104 14.862010158448365 14.722544691802108 14.583079225155853 14.443613758509596 14.304148291863338 14.164682825217083 14.025217358570826 13.88575189192457 13.746286425278313
1.3782203745730162 1.2876929587390467 1.197165542905077 1.1066381270711074 1.016110711237138 0.9255832954031682 0.8350558795691986 0.744528463735229 0.654001047901105 0.5634736320671354 0.4729462162331658 0.3824188003991962 0.35519155052911605 0.39563360985449986 0.4360756691798837 0.4765177285052675 0.5169597878306513 0.5574018471560351 0.5978439064814189 0.6382859658068027 0.6787280251321866 0.7191700844576394 0.7596121437830232 0.800054203108407 1.3813554703206674 2.5408474655133304 3.700339460705994 4.859831455898657 6.019323451091321 7.178815446283982 8.338307441476646 9.49779943666931 10.657291431861973 11.816783427054636 12.976275422249277 14.13576741744194 14.667230613352817 14.527316814930245 14.387403016507673 14.247489218085102 14.10757541966253 13.967661621239957 13.827747822817384 13.687834024394812 13.54792022597224
1.3475779960592185 1.2547435746517963 1.1619091532443742 1.0690747318369518 0.9762403104295296 0.8834058890221074 0.7905714676146851 0.6977370462072628 0.6049026247996823 0.51206820339226 0.41923378198483785 0.3263993605774156 0.2979513043164903 0.3383337287458664 0.37871615317524254 0.4190985776046187 0.4594810020339949 0.499863426463371 0.5402458508927471 0.5806282753221232 0.6210106997514995 0.6613931241809444 0.7017755486103205 0.7421579730396968 1.299125629112683 2.408334583461607 3.5175435378105306 4.626752492159454 5.735961446508379 6.845170400857302 7.9543793552062265 9.063588309555149 10.172797263904073 11.282006218252997 12.391215172603813 13.500424126952737 14.008501766540716 13.873956431250054 13.739411095959394 13.604865760668732 13.47032042537807 13.33577509008741 13.201229754796747 13.066684419506087 12.932139084215425
1.3347599425158279 1.244422344982279 1.1540847474487304 1.0637471499151816 0.9734095523816326 0.8830719548480839 0.7927343573145351 0.7023967597809863 0.6120591622472834 0.5217215647137345 0.4313839671801858 0.34104636964663704 0.3128043611169567 0.3509439417662735 0.38908352241559035 0.4272231030649072 0.465362683714224 0.5035022643635408 0.5416418450128577 0.5797814256621745 0.6179210063114913 0.6560605869608732 0.69420016761019 0.7323397482595069 1.2418592353017008 2.255294505339377 3.2687297753770537 4.28216504541473 5.295600315452407 6.309035585490083 7.32247085552776 8.335906125565435 9.349341395603112 10.362776665640789 11.376211935680193 12.38964720571787 12.853840363805757 12.730881278710038 12.607922193614321 12.484963108518603 12.362004023422884 12.239044938327167 12.116085853231448 11.99312676813573 11.870167683040012
1.3219418889724377 1.2341011153127623 1.1462603416530868 1.0584195679934114 0.9705787943337361 0.8827380206740607 0.7948972470143852 0.7070564733547099 0.6192156996948848 0.5313749260352093 0.44353415237553395 0.3556933787158585 0.32765741791742325 0.36355415478668074 0.3994508916559382 0.4353476285251957 0.47124436539445325 0.5071411022637107 0.5430378391329682 0.5789345760022258 0.6148313128714832 0.6507280497408019 0.6866247866100594 0.722521523479317 1.1845928414907188 2.1022544272171477 3.0199160129435767 3.9375775986700057 4.855239184396434 5.772900770122863 6.690562355849292 7.608223941575721 8.52588552730215 9.443547113028577 10.361208698756572 11.278870284483 11.6991789610708 11.587806126170024 11.476433291269249 11.365060456368473 11.253687621467698 11.142314786566923 11.030941951666147 10.919569116765373 10.808196281864598
1.3091238354290473 1.2237798856432454 1.1384359358574432 1.0530919860716412 0.9677480362858393 0.8824040865000373 0.7970601367142354 0.7117161869284333 0.6263722371424858 0.5410282873566838 0.4556843375708819 0.3703403877850798 0.34251047471788965 0.37616436780708784 0.40981826089628604 0.44347215398548423 0.4771260470746824 0.5107799401638806 0.5444338332530788 0.578087726342277 0.6117416194314751 0.6453955125207307 0.679049405609929 0.7127032986991271 1.1273264476797364 1.9492143490949179 2.771102250510099 3.5929901519252803 4.414878053340462 5.236765954755643 6.0586538561708245 6.8805417575860055 7.7024296590011865 8.52431756041637 9.346205461832952 10.168093363248133 10.54451755833584 10.444730973630008 10.344944388924176 10.245157804218344 10.145371219512512 10.04558463480668 9.945798050100848 9.846011465395016 9.746224880689184
1.2963057818856458 1.2134586559737193 1.130611530061793 1.0477644041498666 0.9649172782379402 0.8820701523260137 0.7992230264140874 0.7163759005021609 0.6335287745900933 0.5506816486781669 0.4678345227662405 0.38498739685431405 0.3573635315183688 0.38877458082750577 0.42018563013664273 0.4515966794457797 0.48300772875491665 0.5144187780640537 0.5458298273731905 0.5772408766823276 0.6086519259914644 0.640062975300655 0.6714740246097919 0.702885073918929 1.0700600538687057 1.7961742709725579 2.52228848807641 3.248402705180262 3.9745169222841144 4.7006311393879665 5.426745356491819 6.152859573595672 6.878973790699524 7.605088007803376 8.331202224908466 9.057316442012317 9.389856155599897 9.301655821089017 9.21345548657814 9.12525515206726 9.037054817556381 8.948854483045501 8.860654148534621 8.772453814023743 8.684253479512863
1.2834877283422554 1.2031374263042023 1.1227871242661494 1.0424368222280964 0.9620865201900435 0.8817362181519904 0.8013859161139375 0.7210356140758845 0.6406853120376945 0.5603350099996415 0.47998470796158854 0.3996344059235355 0.3722165883188353 0.4013847938479129 0.43055299937699054 0.4597212049060682 0.48888941043514583 0.5180576159642235 0.5472258214933011 0.5763940270223787 0.6055622325514564 0.6347304380805838 0.6638986436096614 0.6930668491387391 1.0127936600577234 1.643134192850328 2.2734747256429326 2.9038152584355372 3.534155791228142 4.164496324020746 4.794836856813351 5.425177389605956 6.05551792239856 6.685858455191165 7.316198987984844 7.946539520777449 8.235194752864938 8.158580668549003 8.081966584233067 8.00535249991713 7.9287384156011935 7.852124331285258 7.775510246969321 7.698896162653385 7.622282078337449
1.270669674798865 1.1928161966346855 1.114962718470506 1.0371092403063265 0.9592557621421468 0.8814022839779672 0.8035488058137877 0.7256953276496081 0.6478418494852958 0.5699883713211162 0.4921348931569367 0.41428141499275717 0.3870696451193018 0.4139950068683201 0.4409203686173384 0.46784573036635674 0.49477109211537507 0.5216964538643933 0.5486218156134117 0.57554717736243 0.6024725391114483 0.6293979008605125 0.6563232626095308 0.6832486243585492 0.9555272662467413 1.4900941147280986 2.024660963209456 2.559227811690813 3.09379466017217 3.6283615086535272 4.162928357134884 4.697495205616242 5.232062054097599 5.766628902578956 6.3011957510612255 6.835762599542583 7.080533350129982 7.0155055160089885 6.950477681887994 6.885449847767001 6.820422013646008 6.755394179525014 6.690366345404021 6.625338511283028 6.560310677162034
