Figures/CREST_Example_wjb_NSE/Rolling_result/20100722/BJP_forecast/ens_37/wjb.rain.20100725.asc
ncols            288
nrows            254
xllcorner        113.274861
yllcorner        31.4918055
cellsize         0.008333333333
NODATA_value     -9999
[rows 23 to 45 of 254, columns 0 to 50 of 288]
-9999.0 -9999.0 -9999.0 -9999.0 -9999.0 -9999.0 -9999.0 -9999.0 -9999.0 -9999.0 -9999.0 -9999.0 -9999.0 -9999.0 -9999.0 -9999.0 -9999.0 -9999.0 -9999.0 -9999.0 -9999.0 -9999.0 0.4884478379732848 0.4884478379732848 0.4884478379732848 0.4884478379732848 0.4884478379732848 0.4884478379732848 0.4884478379732848 0.4884478379732848 0.4884478379732848 0.4884478379732848 0.4884478379732848 0.4884478379732848 0.4884478379732848 0.4884478379732848 0.4884478379732848 0.4884478379732848 0.4884478379732848 0.4884478379732848 0.4884478379732848 0.4884478379732848 0.4884478379732848 0.4884478379732848 0.4884478379732848 0.4884478379732848 0.4884478379732848 0.4884478379732848 0.4884478379732848 0.4884478379732848 0.4884478379732848
-9999.0 -9999.0 -9999.0 -9999.0 -9999.0 -9999.0 -9999.0 -9999.0 -9999.0 -9999.0 -9999.0 -9999.0 -9999.0 -9999.0 -9999.0 -9999.0 -9999.0 -9999.0 -9999.0 -9999.0 -9999.0 -9999.0 0.4884478379732848 0.4884478379732848 0.4884478379732848 0.4884478379732848 0.4884478379732848 0.4884478379732848 0.4884478379732848 0.4884478379732848 0.4884478379732848 0.4884478379732848 0.4884478379732848 0.4884478379732848 0.4884478379732848 0.4884478379732848 0.4884478379732848 0.4884478379732848 0.4884478379732848 0.4884478379732848 0.4884478379732848 0.4884478379732848 0.4884478379732848 0.4884478379732848 0.4884478379732848 0.4884478379732848 0.4884478379732848 0.4884478379732848 0.4884478379732848 0.4884478379732848 0.4884478379732848
-9999.0 -9999.0 -9999.0 -9999.0 -9999.0 -9999.0 -9999.0 -9999.0 -9999.0 -9999.0 -9999.0 -9999.0 -9999.0 -9999.0 -9999.0 -9999.0 -9999.0 -9999.0 -9999.0 -9999.0 -9999.0 -9999.0 0.4884478379732848 0.4884478379732848 0.4884478379732848 0.4884478379732848 0.4884478379732848 0.0393951291570897 0.04017982708257611 0.04096452500806251 0.04174922293354891 0.04253392085903531 0.043318618784521715 0.04410331671000811 0.044888014635494515 0.04567271256098092 0.04645741048646732 0.047242108411953726 0.04802680633744012 0.046481554719139395 0.04244553438073462 0.03840951404232984 0.03437349370392507 0.03033747336552029 0.026301453027115514 0.022265432688710736 0.01822941235030596 0.01419339201190118 0.01015737167349641 0.006121351335091632 0.0020853309966868544
-9999.0 -9999.0 -9999.0 -9999.0 -9999.0 -9999.0 -9999.0 -9999.0 -9999.0 -9999.0 -9999.0 -9999.0 -9999.0 -9999.0 -9999.0 -9999.0 0.4884478379732848 0.4884478379732848 0.4884478379732848 0.4884478379732848 0.4884478379732848 0.4884478379732848 0.4884478379732848 0.4884478379732848 0.4884478379732848 0.4884478379732848 0.4884478379732848 0.1209011671646883 0.12330935561572025 0.1257175440667522 0.12812573251778417 0.1305339209688161 0.13294210941984808 0.13535029787088004 0.13775848632191198 0.14016667477294395 0.14257486322397592 0.14498305167500786 0.14739124012603982 0.14264896035153476 0.13026266844047643 0.11787637652941813 0.1054900846183598 0.09310379270730149 0.08071750079624317 0.06833120888518485 0.05594491697412654 0.04355862506306822 0.0311723331520099 0.018786041240951595 0.006399749329893262
-9999.0 -9999.0 -9999.0 -9999.0 -9999.0 -9999.0 -9999.0 -9999.0 -9999.0 -9999.0 -9999.0 -9999.0 -9999.0 -9999.0 -9999.0 -9999.0 0.4884478379732848 0.4884478379732848 0.4884478379732848 0.4884478379732848 0.4884478379732848 0.4884478379732848 0.4884478379732848 0.4884478379732848 0.4884478379732848 0.4884478379732848 0.4884478379732848 0.2024072051723565 0.20643888414893535 0.21047056312551424 0.2145022421020931 0.21853392107867198 0.22256560005525083 0.22659727903182972 0.2306289580084086 0.23466063698498746 0.23869231596156634 0.2427239949381452 0.24675567391472408 0.23881636598401196 0.218079802500293 0.19734323901657402 0.17660667553285506 0.1558701120491361 0.13513354856541712 0.11439698508169815 0.09366042159797922 0.07292385811426025 0.05218729463054128 0.031450731146822314 0.010714167663103347
-9999.0 -9999.0 -9999.0 -9999.0 -9999.0 -9999.0 -9999.0 -9999.0 -9999.0 -9999.0 -9999.0 -9999.0 -9999.0 -9999.0 -9999.0 0.4884478379732848 0.4884478379732848 0.4884478379732848 0.4884478379732848 0.4884478379732848 0.4884478379732848 0.4884478379732848 0.4884478379732848 0.4884478379732848 0.4884478379732848 0.4884478379732848 0.4884478379732848 0.2839132431799551 0.2895684126820795 0.2952235821842039 0.3008787516863284 0.3065339211884528 0.3121890906905772 0.3178442601927016 0.32349942969482604 0.3291545991969505 0.3348097686990749 0.34046493820119933 0.3461201077033238 0.3349837716164073 0.3058969365600348 0.2768101015036623 0.24772326644728979 0.2186364313909173 0.18954959633454477 0.16046276127817227 0.13137592622179978 0.10228909116542725 0.07320225610905473 0.044115421052682235 0.01502858599630974
-9999.0 -9999.0 -9999.0 -9999.0 -9999.0 -9999.0 -9999.0 -9999.0 -9999.0 -9999.0 -9999.0 -9999.0 -9999.0 -9999.0 -9999.0 0.4884478379732848 0.4884478379732848 0.4884478379732848 0.4884478379732848 0.4884478379732848 0.4884478379732848 0.4884478379732848 0.4884478379732848 0.4884478379732848 0.4884478379732848 0.4884478379732848 0.4884478379732848 0.3654192811875538 0.37269794121522376 0.3799766012428937 0.38725526127056364 0.3945339212982336 0.4018125813259036 0.40909124135357355 0.4163699013812435 0.4236485614089135 0.43092722143658346 0.43820588146425343 0.4454845414919234 0.43115117724880253 0.39371407061977653 0.3562769639907505 0.3188398573617245 0.2814027507326984 0.24396564410367239 0.20652853747464636 0.16909143084562034 0.1316543242165943 0.09421721758756824 0.05678011095854224 0.01934300432951619
-9999.0 -9999.0 -9999.0 -9999.0 -9999.0 -9999.0 -9999.0 -9999.0 -9999.0 -9999.0 -9999.0 -9999.0 -9999.0 -9999.0 -9999.0 0.4884478379732848 0.4884478379732848 0.4884478379732848 0.4884478379732848 0.4884478379732848 0.4884478379732848 0.4884478379732848 0.4884478379732848 0.4884478379732848 0.4884478379732848 0.4884478379732848 0.4884478379732848 0.4469253191951524 0.45582746974836785 0.4647296203015834 0.4736317708547989 0.4825339214080144 0.4914360719612299 0.5003382225144454 0.5092403730676609 0.5181425236208764 0.527044674174092 0.5359468247273075 0.544848975280523 0.5273185828811978 0.48153120467951827 0.43574382647783866 0.3899564482761591 0.3441690700744795 0.29838169187279995 0.2525943136711204 0.20680693546944084 0.16101955726776124 0.11523217906608169 0.06944480086440213 0.023657422662722527
-9999.0 -9999.0 -9999.0 -9999.0 -9999.0 -9999.0 -9999.0 -9999.0 -9999.0 -9999.0 -9999.0 -9999.0 -9999.0 -9999.0 -9999.0 0.4884478379732848 0.4884478379732848 0.4884478379732848 0.4884478379732848 0.4884478379732848 0.4884478379732848 0.4884478379732848 0.4884478379732848 0.4884478379732848 0.4884478379732848 0.4884478379732848 0.4884478379732848 0.528431357202751 0.5389569982815121 0.5494826393602732 0.5600082804390342 0.5705339215177953 0.5810595625965563 0.5915852036753174 0.6021108447540784 0.6126364858328395 0.6231621269116006 0.6336877679903616 0.6442134090691226 0.6234859885135932 0.56934833873926 0.5152106889649269 0.46107303919059384 0.40693538941626073 0.3527977396419276 0.2986600898675945 0.2445224400932614 0.1903847903189283 0.1362471405445952 0.08210949077026208 0.027971840995928976
-9999.0 -9999.0 -9999.0 -9999.0 -9999.0 -9999.0 -9999.0 -9999.0 -9999.0 -9999.0 -9999.0 -9999.0 -9999.0 -9999.0 0.4884478379732848 0.4884478379732848 0.4884478379732848 0.4884478379732848 0.4884478379732848 0.4884478379732848 0.4884478379732848 0.4884478379732848 0.4884478379732848 0.4884478379732848 0.4884478379732848 0.4884478379732848 0.4884478379732848 0.6099373952103497 0.6220865268146564 0.6342356584189629 0.6463847900232695 0.6585339216275761 0.6706830532318827 0.6828321848361893 0.6949813164404959 0.7071304480448025 0.719279579649109 0.7314287112534157 0.7435778428577222 0.7196533941459884 0.6571654727990017 0.5946775514520152 0.5321896301050285 0.46970170875804185 0.40721378741105524 0.3447258660640686 0.28223794471708197 0.2197500233700953 0.15726210202310864 0.09477418067612209 0.032286259329135425
-9999.0 -9999.0 -9999.0 -9999.0 -9999.0 -9999.0 -9999.0 -9999.0 -9999.0 -9999.0 -9999.0 -9999.0 -9999.0 -9999.0 0.4884478379732848 0.4884478379732848 0.4884478379732848 0.4884478379732848 0.4884478379732848 0.4884478379732848 0.4884478379732848 0.4884478379732848 0.4884478379732848 0.4884478379732848 0.4884478379732848 0.4884478379732848 0.4884478379732848 0.6914434332180178 0.7052160553478714 0.7189886774777249 0.7327612996075784 0.7465339217374319 0.7603065438672855 0.774079165997139 0.7878517881269925 0.801624410256846 0.8153970323866996 0.8291696545165531 0.8429422766464066 0.8158207997784657 0.7449826068588185 0.6741444139391711 0.6033062210195238 0.5324680280998766 0.46162983518022926 0.39079164226058194 0.3199534493409346 0.2491152564212874 0.17827706350164008 0.10743887058199275 0.03660067766234554
-9999.0 -9999.0 -9999.0 -9999.0 -9999.0 -9999.0 -9999.0 -9999.0 -9999.0 -9999.0 -9999.0 -9999.0 -9999.0 -9999.0 0.4884478379732848 0.4884478379732848 0.4884478379732848 0.4884478379732848 0.4884478379732848 0.4884478379732848 0.4884478379732848 0.4884478379732848 0.4884478379732848 0.4884478379732848 0.4884478379732848 0.4884478379732848 0.4884478379732848 0.7729494712256164 0.7883455838810155 0.8037416965364146 0.8191378091918137 0.8345339218472128 0.8499300345026117 0.8653261471580108 0.8807222598134099 0.896118372468809 0.9115144851242081 0.9269105977796072 0.9423067104350062 0.911988205410861 0.8327997409185601 0.7536112764262594 0.6744228119339585 0.5952343474416577 0.5160458829493568 0.43685741845705606 0.3576689539647552 0.2784804894724544 0.19929202498015353 0.12010356048785276 0.04091509599555199
-9999.0 -9999.0 -9999.0 -9999.0 -9999.0 -9999.0 -9999.0 -9999.0 -9999.0 -9999.0 -9999.0 -9999.0 -9999.0 -9999.0 0.4884478379732848 0.4884478379732848 0.4884478379732848 0.4884478379732848 0.4884478379732848 0.4884478379732848 0.4884478379732848 0.4884478379732848 0.4884478379732848 0.4884478379732848 0.4884478379732848 0.4884478379732848 0.4884478379732848 0.8544555092332151 0.8714751124141598 0.8884947155951043 0.9055143187760489 0.9225339219569936 0.9395535251379381 0.9565731283188827 0.9735927314998274 0.990612334680772 1.0076319378617167 1.0246515410426613 1.0416711442236057 1.0081556110432561 0.9206168749783019 0.8330781389133475 0.745539402848393 0.6580006667834388 0.5704619307184844 0.48292319465353006 0.3953844585885756 0.3078457225236213 0.22030698645866698 0.13276825039371254 0.045229514328758214
-9999.0 -9999.0 -9999.0 -9999.0 -9999.0 -9999.0 -9999.0 -9999.0 -9999.0 -9999.0 -9999.0 -9999.0 -9999.0 0.4884478379732848 0.4884478379732848 0.4884478379732848 0.4884478379732848 0.4884478379732848 0.4884478379732848 0.4884478379732848 0.4884478379732848 0.4884478379732848 0.4884478379732848 0.4884478379732848 0.4884478379732848 0.4884478379732848 0.4884478379732848 0.9359615472408138 0.954604640947304 0.9732477346537941 0.9918908283602843 1.0105339220667744 1.0291770157732645 1.0478201094797548 1.0664632031862449 1.085106296892735 1.1037493905992253 1.1223924843057154 1.1410355780122055 1.1043230166756515 1.0084340090380437 0.9125450014004357 0.8166559937628278 0.7207669861252199 0.6248779784876121 0.5289889708500042 0.4330999632123962 0.3372109555747883 0.24132194793718043 0.14543294029957243 0.04954393266196466
-9999.0 -9999.0 -9999.0 -9999.0 -9999.0 -9999.0 -9999.0 -9999.0 -9999.0 -9999.0 -9999.0 -9999.0 0.4884478379732848 0.4884478379732848 0.4884478379732848 0.4884478379732848 0.4884478379732848 0.4884478379732848 0.4884478379732848 0.4884478379732848 0.4884478379732848 0.4884478379732848 0.4884478379732848 0.4884478379732848 0.4884478379732848 0.4884478379732848 0.4884478379732848 0.9806102992263039 0.999940495933136 1.0192706926399682 1.0386008893468002 1.0579310860536324 1.0772612827604644 1.0965914794672964 1.1159216761741286 1.1352518728809606 1.1545820695877929 1.1739122662946249 1.1932424630014569 1.1547678960314256 1.0544987302799487 0.954229564528472 0.8539603987769951 0.7536912330255183 0.6534220672740416 0.5531529015225648 0.452883735771088 0.35261457001961116 0.25234540426813445 0.15207623851665764 0.05180707276518093
-9999.0 -9999.0 -9999.0 -9999.0 -9999.0 -9999.0 -9999.0 -9999.0 -9999.0 -9999.0 -9999.0 -9999.0 -9999.0 0.4884478379732848 0.4884478379732848 0.4884478379732848 0.4884478379732848 0.4884478379732848 0.4884478379732848 0.4884478379732848 0.4884478379732848 0.4884478379732848 0.4884478379732848 0.4884478379732848 0.4884478379732848 0.4884478379732848 0.4884478379732848 0.9858609365629323 1.0048772970514235 1.023893657539915 1.042910018028406 1.0619263785168975 1.0809427390053887 1.09995909949388 1.1189754599823711 1.1379918204708626 1.1570081809593538 1.1760245414478452 1.1950409019363364 1.1563382779214506 1.055932755000221 0.9555272320789917 0.8551217091577623 0.7547161862365329 0.6543106633153035 0.5539051403940741 0.4534996174728446 0.3530940945516152 0.2526885716303858 0.15228304870915643 0.051877525787926926
-9999.0 -9999.0 -9999.0 -9999.0 -9999.0 -9999.0 -9999.0 -9999.0 -9999.0 -9999.0 -9999.0 -9999.0 -9999.0 0.4884478379732848 0.4884478379732848 0.4884478379732848 0.4884478379732848 0.4884478379732848 0.4884478379732848 0.4884478379732848 0.4884478379732848 0.4884478379732848 0.4884478379732848 0.4884478379732848 0.4884478379732848 0.4884478379732848 0.4884478379732848 0.9911115738995607 1.0098140981697112 1.0285166224398616 1.047219146710012 1.0659216709801627 1.084624195250313 1.1033267195204635 1.1220292437906139 1.1407317680607645 1.1594342923309149 1.1781368166010653 1.196839340871216 1.1579086598114756 1.0573667797204935 0.9568248996295116 0.8562830195385295 0.7557411394475475 0.6551992593565654 0.5546573792655833 0.45411549917460137 0.3535736190836193 0.2530317389926372 0.15248985890165523 0.051947978810673145
-9999.0 -9999.0 -9999.0 -9999.0 -9999.0 -9999.0 -9999.0 -9999.0 -9999.0 -9999.0 -9999.0 -9999.0 -9999.0 -9999.0 0.4884478379732848 0.4884478379732848 0.4884478379732848 0.4884478379732848 0.4884478379732848 0.4884478379732848 0.4884478379732848 0.4884478379732848 0.4884478379732848 0.4884478379732848 0.4884478379732848 0.4884478379732848 0.4884478379732848 0.9963622112361936 1.014750899288003 1.0331395873398124 1.0515282753916217 1.0699169634434311 1.0883056514952405 1.1066943395470499 1.1250830275988593 1.1434717156506686 1.161860403702478 1.1802490917542874 1.1986377798060968 1.159479041701502 1.058800804440767 0.9581225671800324 0.8574443299192976 0.7567660926585629 0.6560878553978281 0.5554096181370933 0.45473138087635856 0.3540531436156238 0.253374906354889 0.15269666909415425 0.05201843183341959
-9999.0 -9999.0 -9999.0 -9999.0 -9999.0 -9999.0 -9999.0 -9999.0 -9999.0 -9999.0 -9999.0 -9999.0 -9999.0 -9999.0 -9999.0 0.4884478379732848 0.4884478379732848 0.4884478379732848 0.4884478379732848 0.4884478379732848 0.4884478379732848 0.4884478379732848 0.4884478379732848 0.4884478379732848 0.4884478379732848 0.4884478379732848 0.4884478379732848 1.001612848572822 1.0196877004062905 1.037762552239759 1.0558374040732277 1.0739122559066963 1.0919871077401648 1.1100619595736334 1.128136811407102 1.1462116632405706 1.1642865150740391 1.1823613669075077 1.2004362187409763 1.161049423591527 1.0602348291610395 0.9594202347305523 0.8586056403000648 0.7577910458695774 0.65697645143909 0.5561618570086027 0.4553472625781152 0.35453266814762785 0.2537180737171404 0.15290347928665304 0.052088884856165585
-9999.0 -9999.0 -9999.0 -9999.0 -9999.0 -9999.0 -9999.0 -9999.0 -9999.0 -9999.0 -9999.0 -9999.0 -9999.0 -9999.0 -9999.0 0.4884478379732848 0.4884478379732848 0.4884478379732848 0.4884478379732848 0.4884478379732848 0.4884478379732848 0.4884478379732848 0.4884478379732848 0.4884478379732848 0.4884478379732848 0.4884478379732848 0.4884478379732848 1.0068634859094503 1.024624501524578 1.0423855171397058 1.0601465327548336 1.0779075483699614 1.0956685639850892 1.113429579600217 1.1311905952153447 1.1489516108304723 1.1667126264456 1.1844736420607278 1.2022346576758556 1.162619805481552 1.061668853881312 0.960717902281072 0.859766950680832 0.7588159990805919 0.6578650474803519 0.5569140958801119 0.45596314427987195 0.3550121926796319 0.2540612410793919 0.15311028947915184 0.052159337878911805
-9999.0 -9999.0 -9999.0 -9999.0 -9999.0 -9999.0 -9999.0 -9999.0 -9999.0 -9999.0 -9999.0 -9999.0 -9999.0 -9999.0 -9999.0 -9999.0 0.4884478379732848 0.4884478379732848 0.4884478379732848 0.4884478379732848 0.4884478379732848 0.4884478379732848 0.4884478379732848 0.4884478379732848 0.4884478379732848 0.4884478379732848 0.4884478379732848 1.0121141232460786 1.0295613026428656 1.0470084820396526 1.0644556614364395 1.0819028408332265 1.0993500202300135 1.1167971996268002 1.1342443790235872 1.1516915584203742 1.1691387378171612 1.1865859172139481 1.204033096610735 1.164190187371577 1.0631028786015844 0.9620155698315918 0.8609282610615991 0.7598409522916065 0.6587536435216138 0.5576663347516212 0.4565790259816286 0.35549171721163597 0.25440440844164325 0.15331709967165064 0.052229790901658024
-9999.0 -9999.0 -9999.0 -9999.0 -9999.0 -9999.0 -9999.0 -9999.0 -9999.0 -9999.0 -9999.0 -9999.0 -9999.0 -9999.0 -9999.0 -9999.0 -9999.0 0.4884478379732848 0.4884478379732848 0.4884478379732848 0.4884478379732848 0.4884478379732848 0.4884478379732848 0.4884478379732848 0.4884478379732848 0.4884478379732848 0.4884478379732848 1.017364760582707 1.0344981037611531 1.0516314469395993 1.0687647901180453 1.0858981332964914 1.1030314764749376 1.1201648196533838 1.1372981628318297 1.1544315060102759 1.171564849188722 1.1886981923671682 1.2058315355456144 1.165760569261602 1.0645369033218566 0.9633132373821114 0.8620895714423662 0.7608659055026209 0.6596422395628756 0.5584185736231304 0.4571949076833851 0.3559712417436398 0.2547475758038946 0.15352390986414943 0.05230024392440402
-9999.0 -9999.0 -9999.0 -9999.0 -9999.0 -9999.0 -9999.0 -9999.0 -9999.0 -9999.0 -9999.0 -9999.0 -9999.0 -9999.0 -9999.0 -9999.0 -9999.0 0.4884478379732848 0.4884478379732848 0.4884478379732848 0.4884478379732848 0.4884478379732848 0.4884478379732848 0.4884478379732848 0.4884478379732848 0.4884478379732848 0.4884478379732848 1.0226153979193355 1.039434904879441 1.056254411839546 1.0730739187996514 1.0898934257597568 1.106712932719862 1.1235324396799673 1.1403519466400724 1.1571714536001778 1.1739909605602832 1.1908104675203885 1.2076299744804937 1.167330951151627 1.065970928042129 0.9646109049326312 0.8632508818231333 0.7618908587136355 0.6605308356041376 0.5591708124946396 0.45781078938514175 0.35645076627564387 0.255090743166146 0.15373072005664823 0.05237069694715024
