Figures/CREST_Example_wjb_NSE/Rolling_result/20100722/BJP_forecast/ens_37/wjb.rain.20091031.asc
ncols            288
nrows            254
xllcorner        113.274861
yllcorner        31.4918055
cellsize         0.008333333333
NODATA_value     -9999
[rows 40 to 59 of 254, columns 132 to 175 of 288]
13.511856787157477 13.993828576910404 14.475800366663332 14.6767168304254 14.577178794117724 14.477640757810047 14.37810272150237 14.278564685194691 14.179026648887016 14.079488612579338 13.97995057627166 -9999.0 -9999.0 -9999.0 -9999.0 -9999.0 -9999.0 -9999.0 -9999.0 -9999.0 -9999.0 -9999.0 -9999.0 -9999.0 -9999.0 -9999.0 -9999.0 -9999.0 -9999.0 -9999.0 -9999.0 -9999.0 -9999.0 -9999.0 -9999.0 -9999.0 -9999.0 -9999.0 -9999.0 -9999.0 -9999.0 -9999.0 -9999.0 -9999.0
13.511856787157477 13.993828576910404 14.475800366663332 14.6767168304254 14.577178794117724 14.477640757810047 14.37810272150237 14.278564685194691 14.179026648887016 14.079488612579338 13.97995057627166 13.880412539963814 -9999.0 -9999.0 -9999.0 13.530369117856026 13.530369117856026 -9999.0 -9999.0 -9999.0 -9999.0 -9999.0 -9999.0 -9999.0 -9999.0 -9999.0 -9999.0 -9999.0 -9999.0 -9999.0 -9999.0 -9999.0 -9999.0 -9999.0 -9999.0 -9999.0 -9999.0 -9999.0 -9999.0 -9999.0 -9999.0 -9999.0 -9999.0 -9999.0
13.511856787157477 13.993828576910404 14.475800366663332 14.6767168304254 14.577178794117724 14.477640757810047 14.37810272150237 14.278564685194691 14.179026648887016 14.079488612579338 13.97995057627166 13.880412539963814 13.780874503656136 13.681336467348459 13.581798431040783 13.530369117856026 13.530369117856026 -9999.0 -9999.0 13.530369117856026 13.530369117856026 13.530369117856026 13.530369117856026 -9999.0 -9999.0 -9999.0 -9999.0 -9999.0 -9999.0 -9999.0 -9999.0 -9999.0 -9999.0 -9999.0 -9999.0 -9999.0 -9999.0 -9999.0 -9999.0 -9999.0 -9999.0 -9999.0 -9999.0 -9999.0
13.511856787157477 13.993828576910404 14.475800366663332 14.6767168304254 14.577178794117724 14.477640757810047 14.37810272150237 14.278564685194691 14.179026648887016 14.079488612579338 13.97995057627166 13.880412539963814 13.780874503656136 13.681336467348459 13.581798431040783 13.530369117856026 13.530369117856026 13.530369117856026 13.530369117856026 13.530369117856026 13.530369117856026 13.530369117856026 13.530369117856026 13.530369117856026 -9999.0 -9999.0 -9999.0 -9999.0 -9999.0 -9999.0 -9999.0 -9999.0 -9999.0 -9999.0 -9999.0 -9999.0 -9999.0 -9999.0 -9999.0 -9999.0 -9999.0 -9999.0 -9999.0 -9999.0
13.511856787157477 13.993828576910404 14.475800366663332 14.6767168304254 14.577178794117724 14.477640757810047 14.37810272150237 14.278564685194691 14.179026648887016 14.079488612579338 13.97995057627166 13.880412539963814 13.780874503656136 13.681336467348459 13.581798431040783 13.530369117856026 13.530369117856026 13.530369117856026 13.530369117856026 13.530369117856026 13.530369117856026 13.530369117856026 13.530369117856026 13.530369117856026 13.530369117856026 -9999.0 -9999.0 -9999.0 -9999.0 -9999.0 -9999.0 -9999.0 -9999.0 -9999.0 -9999.0 -9999.0 -9999.0 -9999.0 -9999.0 -9999.0 -9999.0 -9999.0 -9999.0 -9999.0
13.511856787157477 13.993828576910404 14.475800366663332 14.6767168304254 14.577178794117724 14.477640757810047 14.37810272150237 14.278564685194691 14.179026648887016 14.079488612579338 13.97995057627166 13.880412539963814 13.780874503656136 13.681336467348459 13.581798431040783 13.530369117856026 13.530369117856026 13.530369117856026 13.530369117856026 13.530369117856026 13.530369117856026 13.530369117856026 13.530369117856026 13.530369117856026 13.530369117856026 -9999.0 13.530369117856026 13.52589922536274 13.51665091668092 -9999.0 -9999.0 -9999.0 -9999.0 -9999.0 -9999.0 -9999.0 -9999.0 -9999.0 -9999.0 -9999.0 -9999.0 -9999.0 -9999.0 -9999.0
13.511856787157477 13.993828576910404 14.475800366663332 14.6767168304254 14.577178794117724 14.477640757810047 14.37810272150237 14.278564685194691 14.179026648887016 14.079488612579338 13.97995057627166 13.880412539963814 13.780874503656136 13.681336467348459 13.581798431040783 13.530369117856026 13.530369117856026 13.530369117856026 13.530369117856026 13.530369117856026 13.530369117856026 13.530369117856026 13.530369117856026 13.530369117856026 13.530369117856026 13.530369117856026 13.530369117856026 13.52589922536274 13.51665091668092 -9999.0 -9999.0 -9999.0 -9999.0 -9999.0 -9999.0 -9999.0 -9999.0 -9999.0 -9999.0 -9999.0 -9999.0 -9999.0 -9999.0 -9999.0
13.511856787157477 13.993828576910404 14.475800366663332 14.6767168304254 14.577178794117724 14.477640757810047 14.37810272150237 14.278564685194691 14.179026648887016 14.079488612579338 13.97995057627166 13.880412539963814 13.780874503656136 13.681336467348459 13.581798431040783 13.530369117856026 13.530369117856026 13.530369117856026 13.530369117856026 13.530369117856026 13.530369117856026 13.530369117856026 13.530369117856026 13.530369117856026 13.530369117856026 13.530369117856026 13.530369117856026 13.52589922536274 -9999.0 -9999.0 -9999.0 -9999.0 -9999.0 -9999.0 -9999.0 -9999.0 -9999.0 -9999.0 -9999.0 -9999.0 -9999.0 -9999.0 -9999.0 -9999.0
13.511856787157477 13.993828576910404 14.475800366663332 14.6767168304254 14.577178794117724 14.477640757810047 14.37810272150237 14.278564685194691 14.179026648887016 14.079488612579338 13.97995057627166 13.880412539963814 13.780874503656136 13.681336467348459 13.581798431040783 13.530369117856026 13.530369117856026 13.530369117856026 13.530369117856026 13.530369117856026 13.530369117856026 13.530369117856026 13.530369117856026 13.530369117856026 13.530369117856026 13.530369117856026 13.530369117856026 13.52589922536274 13.51665091668092 13.507402607999099 13.498154299317278 -9999.0 -9999.0 -9999.0 -9999.0 -9999.0 -9999.0 -9999.0 -9999.0 -9999.0 -9999.0 -9999.0 -9999.0 -9999.0
13.506017976138075 13.979323147219237 14.4526283183004 14.651523313788687 14.55706762527503 14.462611936761373 14.368156248247717 14.273700559734058 14.179244871220401 14.084789182706745 13.990333494193088 13.89587780567927 13.801422117165613 13.706966428651954 13.612510740138298 13.563707374441641 13.563707374441641 13.563707374441641 13.563707374441641 13.563707374441641 13.563707374441641 13.563707374441641 13.563707374441641 13.563707374441641 13.563707374441641 13.563707374441641 13.563707374441641 13.557327417729306 13.5441271429708 13.530926868212292 13.517726593453785 13.504526318695278 13.491326043936771 13.478125769178265 -9999.0 -9999.0 -9999.0 -9999.0 -9999.0 -9999.0 -9999.0 -9999.0 -9999.0 -9999.0
13.493937844304686 13.9493123278269 14.404686811349116 14.599399516442467 14.515458885047611 14.431518253652754 14.347577622257898 14.263636990863041 14.179696359468185 14.095755728073328 14.011815096678472 13.927874465283473 13.843933833888617 13.75999320249376 13.676052571098904 13.63268212517622 13.63268212517622 13.63268212517622 13.63268212517622 13.63268212517622 13.63268212517622 13.63268212517622 13.63268212517622 13.63268212517622 13.63268212517622 13.63268212517622 13.63268212517622 13.622350366033611 13.600973722653341 13.579597079273073 13.558220435892803 13.536843792512533 13.515467149132265 13.494090505751995 13.472713862371725 13.451337218991455 13.429960575611187 -9999.0 -9999.0 -9999.0 -9999.0 -9999.0 -9999.0 -9999.0
13.4818577124713 13.919301508434565 14.35674530439783 14.547275719096248 14.473850144820192 14.400424570544137 14.326998996268081 14.253573421992025 14.18014784771597 14.106722273439914 14.03329669916386 13.959871124887677 13.886445550611622 13.813019976335566 13.739594402059511 13.7016568759108 13.7016568759108 13.7016568759108 13.7016568759108 13.7016568759108 13.7016568759108 13.7016568759108 13.7016568759108 13.7016568759108 13.7016568759108 13.7016568759108 13.7016568759108 13.687373314337917 13.657820302335885 13.628267290333854 13.598714278331821 13.56916126632979 13.539608254327756 13.510055242325725 13.480502230323692 13.45094921832166 13.42139620631963 13.391843194317547 -9999.0 -9999.0 -9999.0 -9999.0 -9999.0 -9999.0
13.46977758063791 13.889290689042227 14.308803797446544 14.495151921750027 14.432241404592773 14.369330887435519 14.306420370278262 14.243509853121008 14.180599335963754 14.1176888188065 14.054778301649245 13.991867784491882 13.928957267334628 13.866046750177373 13.803136233020119 13.77063162664538 13.77063162664538 13.77063162664538 13.77063162664538 13.77063162664538 13.77063162664538 13.77063162664538 13.77063162664538 13.77063162664538 13.77063162664538 13.77063162664538 13.77063162664538 13.752396262642225 13.71466688201843 13.676937501394635 13.63920812077084 13.601478740147046 13.563749359523252 13.526019978899456 13.488290598275661 13.450561217651867 13.412831837028072 13.375102456404212 13.337373075780418 13.317879059141635 13.317879059141635 -9999.0 -9999.0 -9999.0
13.457697448804513 13.859279869649866 14.260862290495218 14.443028124403764 14.390632664365318 14.338237204326873 14.285841744288428 14.233446284249984 14.181050824211539 14.128655364173094 14.07625990413465 14.023864444096116 13.97146898405767 13.919073524019225 13.866678063980782 13.83960637738002 13.83960637738002 13.83960637738002 13.83960637738002 13.83960637738002 13.83960637738002 13.83960637738002 13.83960637738002 13.83960637738002 13.83960637738002 13.83960637738002 13.83960637738002 13.817419210946587 13.771513461701023 13.725607712455458 13.679701963209894 13.63379621396433 13.587890464718765 13.5419847154732 13.496078966227637 13.450173216982073 13.404267467736508 13.358361718490865 13.3124559692453 13.288737386411093 13.288737386411093 -9999.0 -9999.0 -9999.0
13.445617316971125 13.82926905025753 14.212920783543936 14.390904327057545 14.3490239241379 14.307143521218256 14.265263118298611 14.223382715378968 14.181502312459324 14.13962190953968 14.097741506620036 14.05586110370032 14.013980700780676 13.972100297861031 13.930219894941388 13.9085811281146 13.9085811281146 13.9085811281146 13.9085811281146 13.9085811281146 13.9085811281146 13.9085811281146 13.9085811281146 13.9085811281146 13.9085811281146 13.9085811281146 13.9085811281146 13.882442159250893 13.828360041383567 13.77427792351624 13.720195805648913 13.666113687781586 13.612031569914258 13.55794945204693 13.503867334179604 13.449785216312277 13.395703098444951 13.341620980577531 13.287538862710203 13.259595713680575 13.259595713680575 13.259595713680575 -9999.0 -9999.0
13.433537185137737 13.799258230865192 14.16497927659265 14.338780529711324 14.30741518391048 14.276049838109637 14.244684492308794 14.213319146507951 14.181953800707108 14.150588454906265 14.119223109105421 14.087857763304525 14.056492417503682 14.025127071702839 13.993761725901996 13.97755587884918 13.97755587884918 13.97755587884918 13.97755587884918 13.97755587884918 13.97755587884918 13.97755587884918 13.97755587884918 13.97755587884918 13.97755587884918 13.97755587884918 13.97755587884918 13.947465107555201 13.88520662106611 13.822948134577022 13.760689648087931 13.698431161598842 13.636172675109751 13.573914188620662 13.511655702131574 13.449397215642483 13.387138729153394 13.324880242664197 13.262621756175108 13.230454040950058 13.230454040950058 13.230454040950058 13.230454040950058 -9999.0
13.42145705330435 13.769247411472858 14.117037769641366 14.286656732365104 14.265806443683061 14.24495615500102 14.224105866318977 14.203255577636934 14.182405288954891 14.16155500027285 14.140704711590807 14.119854422908729 14.099004134226687 14.078153845544644 14.057303556862601 14.04653062958376 14.04653062958376 14.04653062958376 14.04653062958376 14.04653062958376 14.04653062958376 14.04653062958376 14.04653062958376 14.04653062958376 14.04653062958376 14.04653062958376 14.04653062958376 14.012488055859507 13.942053200748655 13.871618345637803 13.80118349052695 13.730748635416097 13.660313780305245 13.589878925194393 13.51944407008354 13.449009214972689 13.378574359861837 13.308139504750864 13.237704649640012 13.20131236821954 13.20131236821954 13.20131236821954 13.20131236821954 13.20131236821954
13.409376921470962 13.73923659208052 14.06909626269008 14.234532935018883 14.224197703455642 14.213862471892401 14.203527240329159 14.193192008765918 14.182856777202677 14.172521545639436 14.162186314076193 14.151851082512934 14.141515850949693 14.131180619386452 14.12084538782321 14.115505380318341 14.115505380318341 14.115505380318341 14.115505380318341 14.115505380318341 14.115505380318341 14.115505380318341 14.115505380318341 14.115505380318341 14.115505380318341 14.115505380318341 14.115505380318341 14.077511004163814 13.998899780431199 13.920288556698583 13.841677332965968 13.763066109233353 13.68445488550074 13.605843661768125 13.52723243803551 13.448621214302895 13.37000999057028 13.29139876683753 13.212787543104914 13.172170695489022 13.172170695489022 13.172170695489022 13.172170695489022 13.172170695489022
13.397296789637574 13.709225772688185 14.021154755738795 14.182409137672664 14.182588963228223 14.182768788783783 14.182948614339342 14.183128439894901 14.18330826545046 14.18348809100602 14.183667916561578 14.18384774211714 14.184027567672699 14.184207393228258 14.184387218783817 14.18448013105292 14.18448013105292 14.18448013105292 14.18448013105292 14.18448013105292 14.18448013105292 14.18448013105292 14.18448013105292 14.18448013105292 14.18448013105292 14.18448013105292 14.18448013105292 14.14253395246812 14.055746360113742 13.968958767759364 13.882171175404986 13.79538358305061 13.708595990696232 13.621808398341853 13.535020805987475 13.448233213633097 13.36144562127872 13.274658028924193 13.187870436569817 13.143029022758503 13.143029022758503 13.143029022758503 13.143029022758503 13.143029022758503
13.385216657804175 13.679214953295823 13.97321324878747 14.1302853403264 14.140980223000769 14.151675105675139 14.162369988349507 14.173064871023877 14.183759753698245 14.194454636372615 14.205149519046984 14.215844401721371 14.22653928439574 14.23723416707011 14.247929049744478 14.25345488178756 14.25345488178756 14.25345488178756 14.25345488178756 14.25345488178756 14.25345488178756 14.25345488178756 14.25345488178756 14.25345488178756 14.25345488178756 14.25345488178756 14.25345488178756 14.207556900772483 14.112592939796336 14.017628978820188 13.922665017844041 13.827701056867893 13.732737095891746 13.637773134915598 13.542809173939451 13.447845212963303 13.352881251987156 13.257917291010846 13.162953330034698 13.11388735002796 13.11388735002796 13.11388735002796 13.11388735002796 13.11388735002796
