Figures/CREST_Example_wjb_NSE/Rolling_result/20100722/BJP_forecast/ens_37/wjb.rain.20100206.asc
ncols            288
nrows            254
xllcorner        113.274861
yllcorner        31.4918055
cellsize         0.008333333333
NODATA_value     -9999
[rows 105 to 125 of 254, columns 141 to 187 of 288]
0.0 0.0 0.0 0.0 0.0 0.0 0.0 0.0 0.0 0.0 0.0 0.0 0.0 0.0 0.0 0.0 0.0 0.0 0.008803569858685125 0.02701835504142204 0.04523314022415895 0.06344792540689587 0.08166271058963279 0.09987749577236969 0.11809228095510661 0.13630706613784352 0.15452185132058044 0.17273663650331736 0.19095142168608534 0.20916620686882226 0.21857742220163345 0.21857742220163345 0.21857742220163345 0.21857742220163345 0.21857742220163345 0.21857742220163345 0.21857742220163345 0.21857742220163345 0.21857742220163345 0.21857742220163345 0.21857742220163345 0.21857742220163345 0.2173866960232709 0.21492305661998704 0.21245941721670317 0.20999577781341933 0.20753213841013546
0.0 0.0 0.0 0.0 0.0 0.0 0.0 0.0 0.0 0.0 0.0 0.0 0.0 0.0 0.0 0.0 0.0 0.0 0.008803569858685125 0.02701835504142204 0.04523314022415895 0.06344792540689587 0.08166271058963279 0.09987749577236969 0.11809228095510661 0.13630706613784352 0.15452185132058044 0.17273663650331736 0.19095142168608534 0.20916620686882226 0.21857742220163345 0.21857742220163345 0.21857742220163345 0.21857742220163345 0.21857742220163345 0.21857742220163345 0.21857742220163345 0.21857742220163345 0.21857742220163345 0.21857742220163345 0.21857742220163345 0.21857742220163345 0.2173866960232709 0.21492305661998704 0.21245941721670317 0.20999577781341933 0.20753213841013546
0.0 0.0 0.0 0.0 0.0 0.0 0.0 0.0 0.0 0.0 0.0 0.0 0.0 0.0 0.0 0.0 0.0 0.0 0.008803569858685125 0.02701835504142204 0.04523314022415895 0.06344792540689587 0.08166271058963279 0.09987749577236969 0.11809228095510661 0.13630706613784352 0.15452185132058044 0.17273663650331736 0.19095142168608534 0.20916620686882226 0.21857742220163345 0.21857742220163345 0.21857742220163345 0.21857742220163345 0.21857742220163345 0.21857742220163345 0.21857742220163345 0.21857742220163345 0.21857742220163345 0.21857742220163345 0.21857742220163345 0.21857742220163345 0.2173866960232709 0.21492305661998704 0.21245941721670317 0.20999577781341933 0.20753213841013546
0.0 0.0 0.0 0.0 0.0 0.0 0.0 0.0 0.0 0.0 0.0 0.0 0.0 0.0 0.0 0.0 0.0 0.0 0.008803569858685125 0.02701835504142204 0.04523314022415895 0.06344792540689587 0.08166271058963279 0.09987749577236969 0.11809228095510661 0.13630706613784352 0.15452185132058044 0.17273663650331736 0.19095142168608534 0.20916620686882226 0.21857742220163345 0.21857742220163345 0.21857742220163345 0.21857742220163345 0.21857742220163345 0.21857742220163345 0.21857742220163345 0.21857742220163345 0.21857742220163345 0.21857742220163345 0.21857742220163345 0.21857742220163345 0.2173866960232709 0.21492305661998704 0.21245941721670317 0.20999577781341933 0.20753213841013546
0.0 0.0 0.0 0.0 0.0 0.0 0.0 0.0 0.0 0.0 0.0 0.0 0.0 0.0 0.0 0.0 0.0 0.0 0.008666292354314547 0.026597047275161115 0.04452780219600768 0.062458557116854246 0.08038931203770082 0.09832006695854738 0.11625082187939395 0.1341815768002405 0.15211233172108707 0.17004308664193366 0.1879738415628108 0.20590459648365736 0.21516905905881217 0.21516905905881217 0.21516905905881217 0.21516905905881217 0.21516905905881217 0.21516905905881217 0.21516905905881217 0.21516905905881217 0.21516905905881217 0.21516905905881217 0.21516905905881217 0.21516905905881217 0.213957968976819 0.21145219619618888 0.20894642341555875 0.2064406506349286 0.20393487785429848
0.0 0.0 0.0 0.0 0.0 0.0 0.0 0.0 0.0 0.0 0.0 0.0 0.0 0.0 0.0 0.0 0.0 0.0 0.008382273852383281 0.025725388067965607 0.04306850228354793 0.06041161649913025 0.07775473071471257 0.0950978449302949 0.11244095914587723 0.12978407336145956 0.14712718757704188 0.1644703017926242 0.1818134160082361 0.19915653022381843 0.2081173705953577 0.2081173705953577 0.2081173705953577 0.2081173705953577 0.2081173705953577 0.2081173705953577 0.2081173705953577 0.2081173705953577 0.2081173705953577 0.2081173705953577 0.2081173705953577 0.2081173705953577 0.20686414888058788 0.2042712047985121 0.20167826071643633 0.19908531663436055 0.19649237255228477
0.0 0.0 0.0 0.0 0.0 0.0 0.0 0.0 0.0 0.0 0.0 0.0 0.0 0.0 0.0 0.0 0.0 0.0 0.008098255350451776 0.024853728860769364 0.04160920237108695 0.05836467588140454 0.07512014939172212 0.09187562290203971 0.1086310964123573 0.12538656992267488 0.14214204343299247 0.15889751694331006 0.1756529904536562 0.1924084639639738 0.20106568213189724 0.20106568213189724 0.20106568213189724 0.20106568213189724 0.20106568213189724 0.20106568213189724 0.20106568213189724 0.20106568213189724 0.20106568213189724 0.20106568213189724 0.20106568213189724 0.20106568213189724 0.19977032878435072 0.19709021340082922 0.19441009801730771 0.19172998263378624 0.18904986725026474
0.0 0.0 0.0 0.0 0.0 0.0 0.0 0.0 0.0 0.0 0.0 0.0 0.0 0.0 0.0 0.0 0.0 0.0 0.007814236848520511 0.023982069653573856 0.0401499024586272 0.05631773526368054 0.0724855680687339 0.08865340087378723 0.10482123367884058 0.12098906648389392 0.13715689928894728 0.1533247320940006 0.16949256489908152 0.18566039770413487 0.19401399366844274 0.19401399366844274 0.19401399366844274 0.19401399366844274 0.19401399366844274 0.19401399366844274 0.19401399366844274 0.19401399366844274 0.19401399366844274 0.19401399366844274 0.19401399366844274 0.19401399366844274 0.19267650868811956 0.1899092220031524 0.1871419353181853 0.18437464863321815 0.181607361948251
0.0 0.0 0.0 0.0 0.0 0.0 0.0 0.0 0.0 0.0 0.0 0.0 0.0 0.0 0.0 0.0 0.0 0.0 0.007530218346589247 0.023110410446378352 0.038690602546167456 0.05427079464595656 0.06985098674574566 0.08543117884553476 0.10101137094532388 0.11659156304511298 0.1321717551449021 0.14775194724469118 0.16333213934450685 0.17891233144429597 0.18696230520498827 0.18696230520498827 0.18696230520498827 0.18696230520498827 0.18696230520498827 0.18696230520498827 0.18696230520498827 0.18696230520498827 0.18696230520498827 0.18696230520498827 0.18696230520498827 0.18696230520498827 0.18558268859188842 0.18272823060547566 0.17987377261906287 0.17701931463265008 0.1741648566462373
0.0 0.0 0.0 0.0 0.0 0.0 0.0 0.0 0.0 0.0 0.0 0.0 0.0 0.0 0.0 0.0 0.0 0.0 0.0072461998446579825 0.022238751239182848 0.03723130263370771 0.05222385402823258 0.06721640542275745 0.08220895681728231 0.09720150821180717 0.11219405960633205 0.1271866110008569 0.14217916239538178 0.15717171378993222 0.17216426518445707 0.1799106167415338 0.1799106167415338 0.1799106167415338 0.1799106167415338 0.1799106167415338 0.1799106167415338 0.1799106167415338 0.1799106167415338 0.1799106167415338 0.1799106167415338 0.1799106167415338 0.1799106167415338 0.17848886849565732 0.17554723920779888 0.17260560991994045 0.16966398063208202 0.16672235134422358
0.0 0.0 0.0 0.0 0.0 0.0 0.0 0.0 0.0 0.0 0.0 0.0 0.0 0.0 0.0 0.0 0.0 0.0 0.006962181342726718 0.021367092031987344 0.03577200272124797 0.050176913410508596 0.06458182409976922 0.07898673478902984 0.09339164547829047 0.1077965561675511 0.12220146685681173 0.13660637754607236 0.15101128823535753 0.16541619892461817 0.17285892827807933 0.17285892827807933 0.17285892827807933 0.17285892827807933 0.17285892827807933 0.17285892827807933 0.17285892827807933 0.17285892827807933 0.17285892827807933 0.17285892827807933 0.17285892827807933 0.17285892827807933 0.17139504839942618 0.1683662478101221 0.16533744722081803 0.16230864663151395 0.15927984604220988
0.0 0.0 0.0 0.0 0.0 0.0 0.0 0.0 0.0 0.0 0.0 0.0 0.0 0.0 0.0 0.0 0.0 0.0 0.006678162840795454 0.02049543282479184 0.034312702808788224 0.04812997279278461 0.061947242776781 0.07576451276077738 0.08958178274477377 0.10339905272877016 0.11721632271276654 0.13103359269676293 0.14485086268078287 0.15866813266477928 0.16580723981462486 0.16580723981462486 0.16580723981462486 0.16580723981462486 0.16580723981462486 0.16580723981462486 0.16580723981462486 0.16580723981462486 0.16580723981462486 0.16580723981462486 0.16580723981462486 0.16580723981462486 0.16430122830319505 0.16118525641244533 0.1580692845216956 0.1549533126309459 0.15183734074019617
0.0 0.0 0.0 0.0 0.0 0.0 0.0 0.0 0.0 0.0 0.0 0.0 0.0 0.0 0.0 0.0 0.0 0.0 0.00639414433886419 0.01962377361759634 0.03285340289632849 0.046083032175060636 0.059312661453792784 0.07254229073252492 0.08577192001125708 0.09900154928998922 0.11223117856872138 0.12546080784745353 0.13869043712620824 0.15192006640494038 0.1587555513511704 0.1587555513511704 0.1587555513511704 0.1587555513511704 0.1587555513511704 0.1587555513511704 0.1587555513511704 0.1587555513511704 0.1587555513511704 0.1587555513511704 0.1587555513511704 0.1587555513511704 0.1572074082069639 0.15400426501476855 0.1508011218225732 0.14759797863037782 0.14439483543818246
0.0 0.0 0.0 0.0 0.0 0.0 0.0 0.0 0.0 0.0 0.0 0.0 0.0 0.0 0.0 0.0 0.0 0.0 0.006110125836932683 0.01875211441040009 0.031394102983867495 0.0440360915573349 0.056678080130802305 0.06932006870426971 0.08196205727773712 0.09460404585120452 0.10724603442467193 0.11988802299813935 0.1325300115716283 0.1451720001450957 0.1517038628877099 0.1517038628877099 0.1517038628877099 0.1517038628877099 0.1517038628877099 0.1517038628877099 0.1517038628877099 0.1517038628877099 0.1517038628877099 0.1517038628877099 0.1517038628877099 0.1517038628877099 0.15011358811072673 0.14682327361708564 0.14353295912344458 0.1402426446298035 0.1369523301361624
0.0 0.0 0.0 0.0 0.0 0.0 0.0 0.0 0.0 0.0 0.0 0.0 0.0 0.0 0.0 0.0 0.0 0.0 0.005826107335001419 0.017880455203204585 0.02993480307140775 0.04198915093961092 0.05404349880781408 0.06609784667601724 0.07815219454422041 0.09020654241242358 0.10226089028062675 0.11431523814882992 0.12636958601705364 0.1384239338852568 0.14465217442425543 0.14465217442425543 0.14465217442425543 0.14465217442425543 0.14465217442425543 0.14465217442425543 0.14465217442425543 0.14465217442425543 0.14465217442425543 0.14465217442425543 0.14465217442425543 0.14465217442425543 0.1430197680144956 0.1396422822194089 0.13626479642432215 0.13288731062923542 0.1295098248341487
0.0 0.0 0.0 0.0 0.0 0.0 0.0 0.0 0.0 0.0 0.0 0.0 0.0 0.0 0.0 0.0 0.0 0.0 0.005542088833070154 0.01700879599600908 0.028475503158948007 0.03994221032188693 0.05140891748482586 0.06287562464776479 0.07434233181070371 0.08580903897364264 0.09727574613658156 0.1087424532995205 0.12020916046247897 0.1316758676254179 0.13760048596080096 0.13760048596080096 0.13760048596080096 0.13760048596080096 0.13760048596080096 0.13760048596080096 0.13760048596080096 0.13760048596080096 0.13760048596080096 0.13760048596080096 0.13760048596080096 0.13760048596080096 0.13592594791826448 0.1324612908217321 0.12899663372519973 0.12553197662866736 0.12206731953213498
0.009271441441640856 0.010701486765543514 0.012131532089448609 0.013561577413351266 0.014991622737253922 0.01642166806115658 0.017160543887519586 0.017160543887519586 0.017160543887519586 0.017160543887519586 0.017160543887519586 0.017160543887519586 0.017160543887519586 0.017160543887519586 0.017160543887519586 0.017160543887519586 0.017160543887519586 0.017160543887519586 0.022145562824262572 0.03245967977025008 0.042773796716237586 0.053087913662225095 0.06340203060821259 0.07371614755420011 0.08403026450018761 0.09434438144617512 0.10465849839216262 0.11497261533815013 0.1252867322841552 0.13560084923014273 0.14092994724434726 0.14092994724434726 0.14092994724434726 0.14092994724434726 0.14092994724434726 0.14092994724434726 0.14092994724434726 0.14092994724434726 0.14092994724434726 0.14092994724434726 0.14092994724434726 0.14092994724434726 0.1390418729139397 0.13513540440653066 0.13122893589912163 0.1273224673917126 0.12341599888430357
0.028453469288717035 0.03284218823401368 0.037230907179317804 0.04161962612461445 0.0460083450699111 0.050397064015207736 0.052664627345670234 0.052664627345670234 0.052664627345670234 0.052664627345670234 0.052664627345670234 0.052664627345670234 0.052664627345670234 0.052664627345670234 0.052664627345670234 0.052664627345670234 0.052664627345670234 0.052664627345670234 0.05680070165934386 0.06535833297626661 0.07391596429318938 0.08247359561011214 0.09103122692703489 0.09958885824395765 0.10814648956088041 0.11670412087780316 0.1252617521947259 0.13381938351164868 0.14237701482858603 0.15093464614550878 0.15535620315287324 0.15535620315287324 0.15535620315287324 0.15535620315287324 0.15535620315287324 0.15535620315287324 0.15535620315287324 0.15535620315287324 0.15535620315287324 0.15535620315287324 0.15535620315287324 0.15535620315287324 0.15307137176409202 0.1483440039262555 0.14361663608841896 0.1388892682505824 0.13416190041274587
0.047635497135793174 0.0549828897024838 0.06233028226918695 0.06967767483587758 0.0770250674025682 0.08437245996925882 0.08816871080382083 0.08816871080382083 0.08816871080382083 0.08816871080382083 0.08816871080382083 0.08816871080382083 0.08816871080382083 0.08816871080382083 0.08816871080382083 0.08816871080382083 0.08816871080382083 0.08816871080382083 0.0914558404944251 0.09825698618228311 0.10505813187014112 0.11185927755799914 0.11866042324585716 0.12546156893371518 0.13226271462157319 0.1390638603094312 0.14586500599728922 0.15266615168514724 0.15946729737301685 0.16626844306087485 0.16978245906139924 0.16978245906139924 0.16978245906139924 0.16978245906139924 0.16978245906139924 0.16978245906139924 0.16978245906139924 0.16978245906139924 0.16978245906139924 0.16978245906139924 0.16978245906139924 0.16978245906139924 0.1671008706142444 0.16155260344598033 0.1560043362777163 0.15045606910945222 0.14490780194118819
0.06681752498288573 0.07712359117097287 0.08742965735907758 0.09773572354716471 0.10804178973525184 0.11834785592333899 0.12367279426200178 0.12367279426200178 0.12367279426200178 0.12367279426200178 0.12367279426200178 0.12367279426200178 0.12367279426200178 0.12367279426200178 0.12367279426200178 0.12367279426200178 0.12367279426200178 0.12367279426200178 0.12611097932953597 0.13115563938832772 0.13620029944711948 0.14124495950591126 0.14628961956470302 0.15133427962349477 0.15637893968228656 0.1614235997410783 0.16646825979987007 0.17151291985866185 0.1765575799174622 0.18160223997625397 0.18420871496993751 0.18420871496993751 0.18420871496993751 0.18420871496993751 0.18420871496993751 0.18420871496993751 0.18420871496993751 0.18420871496993751 0.18420871496993751 0.18420871496993751 0.18420871496993751 0.18420871496993751 0.18113036946440866 0.1747612029657164 0.16839203646702414 0.1620228699683319 0.15565370346963964
0.08599955282996187 0.09926429263944299 0.11252903244894673 0.12579377225842786 0.13905851206790898 0.1523232518773901 0.15917687772015238 0.15917687772015238 0.15917687772015238 0.15917687772015238 0.15917687772015238 0.15917687772015238 0.15917687772015238 0.15917687772015238 0.15917687772015238 0.15917687772015238 0.15917687772015238 0.15917687772015238 0.1607661181646172 0.1640542925943442 0.16734246702407124 0.17063064145379825 0.17391881588352529 0.1772069903132523 0.18049516474297933 0.18378333917270634 0.18707151360243338 0.19035968803216038 0.19364786246189303 0.19693603689162004 0.19863497087846352 0.19863497087846352 0.19863497087846352 0.19863497087846352 0.19863497087846352 0.19863497087846352 0.19863497087846352 0.19863497087846352 0.19863497087846352 0.19863497087846352 0.19863497087846352 0.19863497087846352 0.195159868314561 0.18796980248544123 0.18077973665632147 0.17358967082720173 0.16639960499808196
