Figures/CREST_Example_wjb_NSE/Rolling_result/20100722/BJP_forecast/ens_37/wjb.rain.20091213.asc
ncols            288
nrows            254
xllcorner        113.274861
yllcorner        31.4918055
cellsize         0.008333333333
NODATA_value     -9999
[rows 138 to 160 of 254, columns 0 to 52 of 288]
-9999.0 -9999.0 -9999.0 1.5380205122640875 1.6453288005461786 1.7526370888282699 1.859945377110361 1.967253665392452 2.074561953674543 2.1818702419566343 2.2891785302387255 2.3964868185208164 2.5037951068029076 2.6111033950851814 2.7184116833672727 2.8057243446052937 2.8716612287060603 2.9375981128068265 3.003534996907593 3.0694718810083597 3.135408765109126 3.2013456492098924 3.2672825333106585 3.333219417411425 3.3991563015121917 3.465093185612958 3.531030069713837 3.565098339062219 3.565098339062219 3.565098339062219 3.565098339062219 3.565098339062219 3.565098339062219 3.565098339062219 3.565098339062219 3.565098339062219 3.565098339062219 3.565098339062219 3.565098339062219 3.514657332354339 3.410293749488781 3.3059301666232233 3.2015665837576655 3.0972030008921076 2.99283941802655 2.888475835160992 2.7841122522954347 2.679748669429877 2.575385086564319 2.4710215036987613 2.3666579208332035 2.31273534462516 2.31273534462516
-9999.0 1.5229654164767805 1.5229654164767805 1.5784112837312956 1.6931300358380734 1.807848787944851 1.9225675400516289 2.0372862921584067 2.1520050442651844 2.266723796371962 2.3814425484787396 2.4961613005855177 2.6108800526922953 2.7255988047992687 2.8403175569060464 2.935996788658047 3.0113223429281195 3.0866478971981914 3.1619734514682634 3.2372990057383353 3.312624560008407 3.3879501142784796 3.4632756685485515 3.5386012228186234 3.6139267770886954 3.6892523313587677 3.764577885628968 3.8034970930905647 3.8034970930905647 3.8034970930905647 3.8034970930905647 3.8034970930905647 3.8034970930905647 3.8034970930905647 3.8034970930905647 3.8034970930905647 3.8034970930905647 3.8034970930905647 3.8034970930905647 3.747698312092972 3.6322493731341554 3.5168004341753383 3.401351495216521 3.2859025562577044 3.1704536172988873 3.0550046783400706 2.9395557393812535 2.8241068004224363 2.7086578614636196 2.5932089225048025 2.477759983545986 2.4181098255290454 2.4181098255290454
-9999.0 1.5597745625691284 1.5597745625691284 1.6188020551985038 1.7409312711299683 1.8630604870614325 1.9851897029928969 2.1073189189243613 2.2294481348558257 2.3515773507872897 2.473706566718754 2.5958357826502185 2.7179649985816825 2.840094214513355 2.9622234304448196 3.0662692327108 3.150983457150178 3.2356976815895555 3.320411906028933 3.405126130468311 3.4898403549076886 3.5745545793470663 3.6592688037864436 3.7439830282258213 3.828697252665199 3.9134114771045767 3.9981257015440987 4.04189584711891 4.04189584711891 4.04189584711891 4.04189584711891 4.04189584711891 4.04189584711891 4.04189584711891 4.04189584711891 4.04189584711891 4.04189584711891 4.04189584711891 4.04189584711891 3.980739291831606 3.8542049967795293 3.7276707017274533 3.6011364066753773 3.474602111623301 3.3480678165712248 3.2215335215191487 3.0949992264670723 2.9684649314149967 2.84193063636292 2.7153963413108437 2.588862046258768 2.523484306432931 2.523484306432931
-9999.0 -9999.0 1.596583708661476 1.659192826665712 1.788732506421863 1.9182721861780139 2.0478118659341646 2.177351545690316 2.3068912254464666 2.436430905202618 2.5659705849587686 2.69551026471492 2.8250499444710706 2.9545896242274425 3.0841293039835933 3.1965416767635535 3.290644571372237 3.3847474659809205 3.4788503605896035 3.572953255198287 3.66705614980697 3.7611590444156535 3.855261939024337 3.9493648336330205 4.043467728241703 4.137570622850387 4.231673517459231 4.280294601147257 4.280294601147257 4.280294601147257 4.280294601147257 4.280294601147257 4.280294601147257 4.280294601147257 4.280294601147257 4.280294601147257 4.280294601147257 4.280294601147257 4.280294601147257 4.21378027157024 4.076160620424905 3.938540969279569 3.800921318134234 3.6633016669888985 3.5256820158435627 3.3880623646982273 3.250442713552892 3.1128230624075566 2.975203411262221 2.8375837601168854 2.69996410897155 2.6288587873368163 2.6288587873368163
-9999.0 -9999.0 1.633392854753824 1.6995835981329204 1.836533741713758 1.9734838852945955 2.110434028875433 2.2473841724562704 2.384334316037108 2.5212844596179456 2.658234603198783 2.7951847467796207 2.9321348903604583 3.0690850339415294 3.206035177522367 3.326814120816307 3.4303056855942957 3.533797250372285 3.637288815150274 3.7407803799282626 3.844271944706252 3.9477635094842407 4.0512550742622295 4.154746639040218 4.258238203818207 4.361729768596196 4.465221333374362 4.5186933551756026 4.5186933551756026 4.5186933551756026 4.5186933551756026 4.5186933551756026 4.5186933551756026 4.5186933551756026 4.5186933551756026 4.5186933551756026 4.5186933551756026 4.5186933551756026 4.5186933551756026 4.446821251308873 4.298116244070279 4.149411236831684 4.0007062295930895 3.852001222354495 3.7032962151159 3.5545912078773054 3.4058862006387107 3.257181193400116 3.1084761861615213 2.9597711789229266 2.811066171684332 2.7342332682407013 2.7342332682407013
-9999.0 -9999.0 1.6702020008461715 1.7399743696001284 1.8843349770056526 2.0286955844111767 2.173056191816701 2.317416799222225 2.461777406627749 2.6061380140332733 2.7504986214387976 2.8948592288443216 3.0392198362498455 3.183580443655616 3.3279410510611402 3.45708656486906 3.5699667998163545 3.6828470347636495 3.795727269710944 3.9086075046582387 4.021487739605533 4.134367974552828 4.247248209500123 4.360128444447417 4.473008679394712 4.585888914342006 4.698769149289493 4.757092109203949 4.757092109203949 4.757092109203949 4.757092109203949 4.757092109203949 4.757092109203949 4.757092109203949 4.757092109203949 4.757092109203949 4.757092109203949 4.757092109203949 4.757092109203949 4.679862231047508 4.520071867715654 4.3602815043838 4.2004911410519465 4.040700777720092 3.880910414388238 3.721120051056384 3.5613296877245304 3.4015393243926764 3.2417489610608223 3.0819585977289687 2.9221682343971143 2.839607749144587 2.839607749144587
-9999.0 -9999.0 1.7070111469385507 1.780365141067371 1.9321362122975883 2.083907283527805 2.235678354758022 2.3874494259882395 2.5392204972184564 2.6909915684486734 2.8427626396788908 2.9945337109091077 3.1463047821393246 3.2980758533698005 3.449846924600018 3.5873590089219243 3.7096279140385326 3.831896819155141 3.954165724271749 4.076434629388357 4.198703534504966 4.320972439621574 4.443241344738182 4.565510249854791 4.687779154971399 4.810048060088008 4.932316965204824 4.995490863232498 4.995490863232498 4.995490863232498 4.995490863232498 4.995490863232498 4.995490863232498 4.995490863232498 4.995490863232498 4.995490863232498 4.995490863232498 4.995490863232498 4.995490863232498 4.91290321078634 4.742027491361218 4.571151771936095 4.400276052510972 4.22940033308585 4.058524613660727 3.8876488942356042 3.7167731748104815 3.5458974553853593 3.3750217359602366 3.204146016535114 3.0332702971099916 2.944982230048562 2.944982230048562
-9999.0 -9999.0 1.7188764065156097 1.7939544892014618 1.949292738610647 2.104630988019832 2.2599692374290172 2.415307486838202 2.5706457362473873 2.7259839856565726 2.8813222350657575 3.0366604844749427 3.1919987338841276 3.3473369832935775 3.502675232702763 3.643139535794886 3.767703254177949 3.892266972561012 4.016830690944075 4.1413944093271375 4.265958127710201 4.3905218460932645 4.515085564476327 4.63964928285939 4.764213001242453 4.8887767196255165 5.013340438008791 5.077700020157455 5.077700020157455 5.077700020157455 5.077700020157455 5.077700020157455 5.077700020157455 5.077700020157455 5.077700020157455 5.077700020157455 5.077700020157455 5.077700020157455 5.077700020157455 4.994257898014876 4.821614261476499 4.648970624938123 4.476326988399746 4.30368335186137 4.131039715322993 3.9583960787846166 3.78575244224624 3.6131088057078635 3.440465169169487 3.2678215326311104 3.0951778960927343 3.0059763816136194 3.0059763816136194
1.7040782238325172 1.7040782238325172 1.7040782238325172 1.7788948053134401 1.9336920028212057 2.0884892003289712 2.243286397836737 2.3980835953445023 2.552880792852268 2.7076779903600334 2.8624751878677994 3.0172723853755645 3.1720695828833305 3.32686678039136 3.4816639778991254 3.6192928990598863 3.7385685448662134 3.85784419067254 3.977119836478867 4.096395482285194 4.215671128091521 4.3349467738978475 4.454222419704175 4.573498065510502 4.692773711316828 4.812049357123156 4.931325002929686 4.992952343733692 4.992952343733692 4.992952343733692 4.992952343733692 4.992952343733692 4.992952343733692 4.992952343733692 4.992952343733692 4.992952343733692 4.992952343733692 4.992952343733692 4.992952343733692 4.9134695006234415 4.749017701884245 4.584565903145049 4.420114104405854 4.255662305666657 4.091210506927461 3.9267587081882653 3.7623069094490695 3.5978551107098733 3.4334033119706775 3.2689515132314817 3.1044997144922855 3.0195307587839757 3.0195307587839757
1.6892800411494249 1.6892800411494249 1.6892800411494249 1.7638351214254184 1.9180912670317645 2.0723474126381105 2.2266035582444568 2.3808597038508026 2.535115849457149 2.689371995063495 2.843628140669841 2.9978842862761867 3.152140431882533 3.306396577489142 3.460652723095488 3.5954462623248866 3.7094338355544774 3.823421408784068 3.9374089820136593 4.05139655524325 4.165384128472841 4.2793717017024315 4.393359274932022 4.507346848161614 4.621334421391205 4.735321994620795 4.849309567850581 4.908204667309929 4.908204667309929 4.908204667309929 4.908204667309929 4.908204667309929 4.908204667309929 4.908204667309929 4.908204667309929 4.908204667309929 4.908204667309929 4.908204667309929 4.908204667309929 4.832681103232007 4.676421142291992 4.520161181351976 4.363901220411961 4.207641259471945 4.05138129853193 3.895121337591914 3.738861376651899 3.5826014157118835 3.426341454771868 3.2700814938318525 3.113821532891837 3.033085135954332 3.033085135954332
-9999.0 1.6744818584663326 1.6744818584663326 1.7487754375373967 1.9024905312423233 2.05620562494725 2.2099207186521763 2.363635812357103 2.5173509060620294 2.671065999766956 2.8247810934718824 2.978496187176809 3.1322112808817355 3.285926374586924 3.4396414682918506 3.5715996255898865 3.6802991262427414 3.788998626895596 3.897698127548451 4.006397628201306 4.115097128854161 4.2237966295070155 4.33249613015987 4.441195630812725 4.549895131465579 4.658594632118435 4.767294132771474 4.823456990886164 4.823456990886164 4.823456990886164 4.823456990886164 4.823456990886164 4.823456990886164 4.823456990886164 4.823456990886164 4.823456990886164 4.823456990886164 4.823456990886164 4.823456990886164 4.7518927058405716 4.603824582699737 4.455756459558902 4.307688336418067 4.159620213277233 4.011552090136398 3.8634839669955627 3.7154158438547276 3.567347720713893 3.419279597573058 3.2712114744322234 3.123143351291388 3.0466395131246884 3.0466395131246884
-9999.0 1.6596836757832403 1.6596836757832403 1.7337157536493752 1.8868897954528823 2.040063837256389 2.1932378790598963 2.346411920863403 2.4995859626669104 2.6527600044704176 2.8059340462739244 2.959108088077431 3.1122821298809384 3.265456171684707 3.4186302134882136 3.547752988854887 3.6511644169310054 3.7545758450071243 3.857987273083243 3.9613987011593617 4.064810129235481 4.1682215573115995 4.271632985387718 4.375044413463836 4.478455841539955 4.581867269616074 4.685278697692369 4.738709314462401 4.738709314462401 4.738709314462401 4.738709314462401 4.738709314462401 4.738709314462401 4.738709314462401 4.738709314462401 4.738709314462401 4.738709314462401 4.738709314462401 4.738709314462401 4.671104308449137 4.5312280231074835 4.391351737765829 4.251475452424175 4.11159916708252 3.971722881740866 3.8318465963992114 3.6919703110575575 3.552094025715903 3.412217740374249 3.2723414550325947 3.1324651696909402 3.060193890295045 3.060193890295045
-9999.0 -9999.0 1.6448854931001353 1.7186560697613407 1.8712890596634277 2.0239220495655146 2.1765550394676016 2.3291880293696887 2.481821019271776 2.634454009173863 2.7870869990759495 2.9397199889780365 3.0923529788801236 3.244985968782471 3.397618958684558 3.523906352119867 3.622029707619245 3.720153063118623 3.818276418618001 3.9163997741173793 4.014523129616758 4.1126464851161355 4.210769840615514 4.308893196114893 4.40701655161427 4.505139907113649 4.603263262613194 4.653961638038566 4.653961638038566 4.653961638038566 4.653961638038566 4.653961638038566 4.653961638038566 4.653961638038566 4.653961638038566 4.653961638038566 4.653961638038566 4.653961638038566 4.653961638038566 4.590315911057634 4.458631463515168 4.326947015972701 4.195262568430234 4.063578120887767 3.9318936733453005 3.800209225802834 3.668524778260367 3.5368403307179 3.405155883175433 3.2734714356329664 3.1417869880905 3.073748267465413 3.073748267465413
-9999.0 -9999.0 -9999.0 -9999.0 -9999.0 -9999.0 2.1598721998753216 2.311964137875989 2.4640560758766563 2.616148013877324 2.768239951877992 2.9203318898786588 3.0724238278793266 3.2245157658802537 3.3766077038809206 3.5000597153848667 3.592894998307509 3.685730281230151 3.7785655641527933 3.8714008470754355 3.9642361299980777 4.0570714129207195 4.149906695843362 4.242741978766004 4.3355772616886465 4.428412544611288 4.521247827534089 4.569213961614802 4.569213961614802 4.569213961614802 4.569213961614802 4.569213961614802 4.569213961614802 4.569213961614802 4.569213961614802 4.569213961614802 4.569213961614802 4.569213961614802 4.569213961614802 4.5095275136662005 4.386034903922914 4.262542294179628 4.139049684436341 4.015557074693055 3.892064464949769 3.7685718552064826 3.6450792454631964 3.5215866357199097 3.398094025976624 3.2746014162333372 3.151108806490051 3.0873026446357694 3.0873026446357694
-9999.0 -9999.0 -9999.0 -9999.0 -9999.0 1.9916384741837934 2.143189360283041 2.2947402463822892 2.4462911324815373 2.5978420185807853 2.7493929046800334 2.900943790779281 3.052494676878529 3.2040455629780356 3.355596449077283 3.476213078649867 3.5637602889957734 3.651307499341679 3.7388547096875855 3.8264019200334913 3.9139491303793976 4.0014963407253035 4.08904355107121 4.176590761417116 4.264137971763022 4.351685182108928 4.439232392454984 4.484466285191039 4.484466285191039 4.484466285191039 4.484466285191039 4.484466285191039 4.484466285191039 4.484466285191039 4.484466285191039 4.484466285191039 4.484466285191039 4.484466285191039 4.484466285191039 4.428739116274766 4.31343834433066 4.198137572386554 4.082836800442449 3.9675360284983427 3.852235256554237 3.7369344846101313 3.6216337126660254 3.50633294072192 3.391032168777814 3.2757313968337085 3.1604306248896026 3.1008570218061258 3.1008570218061258
-9999.0 -9999.0 -9999.0 -9999.0 1.8244868522951043 1.9754966864929329 2.126506520690761 2.2775163548885895 2.4285261890864183 2.5795360232842466 2.730545857482075 2.881555691679903 3.0325655258777315 3.183575360075818 3.334585194273646 3.4523664419148674 3.5346255796840373 3.6168847174532073 3.6991438552223777 3.7814029929915476 3.8636621307607175 3.9459212685298874 4.028180406299057 4.110439544068227 4.192698681837397 4.274957819606568 4.357216957375878 4.399718608767276 4.399718608767276 4.399718608767276 4.399718608767276 4.399718608767276 4.399718608767276 4.399718608767276 4.399718608767276 4.399718608767276 4.399718608767276 4.399718608767276 4.399718608767276 4.3479507188833315 4.240841784738406 4.133732850593481 4.026623916448556 3.9195149823036304 3.812406048158705 3.70529711401378 3.598188179868855 3.4910792457239297 3.383970311579004 3.276861377434079 3.1697524432891537 3.114411398976482 3.114411398976482
-9999.0 -9999.0 -9999.0 -9999.0 1.8088861165056629 1.959354898802072 2.1098236810984807 2.2602924633948898 2.410761245691299 2.5612300279877074 2.7116988102841164 2.8621675925805254 3.0126363748769345 3.1631051571736 3.3135739394700088 3.4285198051798673 3.5054908703723013 3.5824619355647354 3.6594330007571694 3.7364040659496034 3.8133751311420374 3.8903461963344714 3.9673172615269054 4.0442883267193395 4.1212593919117735 4.1982304571042075 4.275201522296773 4.314970932343512 4.314970932343512 4.314970932343512 4.314970932343512 4.314970932343512 4.314970932343512 4.314970932343512 4.314970932343512 4.314970932343512 4.314970932343512 4.314970932343512 4.314970932343512 4.267162321491897 4.168245225146152 4.069328128800407 3.970411032454663 3.8714939361089185 3.7725768397631736 3.6736597434174287 3.574742647071684 3.4758255507259395 3.3769084543801946 3.27799135803445 3.1790742616887053 3.1279657761468385 3.1279657761468385
-9999.0 -9999.0 -9999.0 -9999.0 -9999.0 -9999.0 2.0931408415062007 2.24306857190119 2.3929963022961793 2.542924032691169 2.6928517630861584 2.8427794934811477 2.9927072238761374 3.142634954271382 3.292562684666372 3.404673168444868 3.476356161060566 3.548039153676264 3.619722146291962 3.6914051389076596 3.7630881315233577 3.8347711241390554 3.9064541167547535 3.9781371093704516 4.04982010198615 4.121503094601847 4.193186087217668 4.230223255919749 4.230223255919749 4.230223255919749 4.230223255919749 4.230223255919749 4.230223255919749 4.230223255919749 4.230223255919749 4.230223255919749 4.230223255919749 4.230223255919749 4.230223255919749 4.1863739241004625 4.095648665553899 4.004923407007334 3.91419814846077 3.823472889914206 3.732747631367642 3.642022372821078 3.5512971142745133 3.4605718557279492 3.369846597181385 3.279121338634821 3.188396080088257 3.141520153317195 3.141520153317195
-9999.0 -9999.0 -9999.0 -9999.0 -9999.0 -9999.0 -9999.0 -9999.0 2.3752313589010603 2.5246180373946303 2.6740047158882003 2.82339139438177 2.97277807287534 3.122164751369165 3.2715514298627344 3.3808265317098685 3.44722145174883 3.513616371787792 3.5800112918267537 3.646406211865716 3.7128011319046776 3.7791960519436394 3.8455909719826016 3.9119858920215633 3.978380812060525 4.044775732099487 4.111170652138562 4.145475579495986 4.145475579495986 4.145475579495986 4.145475579495986 4.145475579495986 4.145475579495986 4.145475579495986 4.145475579495986 4.145475579495986 4.145475579495986 4.145475579495986 4.145475579495986 4.105585526709028 4.023052105961645 3.9405186852142613 3.8579852644668775 3.7754518437194937 3.6929184229721104 3.6103850022247266 3.527851581477343 3.4453181607299594 3.3627847399825757 3.280251319235192 3.197717898487808 3.155074530487551 3.155074530487551
-9999.0 -9999.0 -9999.0 -9999.0 -9999.0 -9999.0 -9999.0 -9999.0 -9999.0 2.515160061935717 -9999.0 -9999.0 -9999.0 3.1115886164170945 3.260695755037376 3.368505928466848 3.4321687129488225 3.4958314974307965 3.559494281912771 3.623157066394745 3.6868198508767196 3.7504826353586935 3.814145419840668 3.8778082043226423 3.9414709888046167 4.005133773286591 4.068796557768674 4.101689845323563 4.101689845323563 4.101689845323563 4.101689845323563 4.101689845323563 4.101689845323563 4.101689845323563 4.101689845323563 4.101689845323563 4.101689845323563 4.101689845323563 4.101689845323563 4.063845393626093 3.9855443677642635 3.9072433419024337 3.828942316040604 3.7506412901787747 3.672340264316945 3.5940392384551156 3.515738212593286 3.437437186731456 3.3591361608696264 3.2808351350077967 3.2025341091459674 3.162077534943819 3.162077534943819
-9999.0 -9999.0 -9999.0 -9999.0 -9999.0 -9999.0 -9999.0 -9999.0 -9999.0 -9999.0 -9999.0 -9999.0 -9999.0 -9999.0 3.260695755037376 3.368505928466848 3.4321687129488225 3.4958314974307965 3.559494281912771 3.623157066394745 3.6868198508767196 3.7504826353586935 3.814145419840668 3.8778082043226423 3.9414709888046167 4.005133773286591 4.068796557768674 4.101689845323563 4.101689845323563 4.101689845323563 4.101689845323563 4.101689845323563 4.101689845323563 4.101689845323563 4.101689845323563 4.101689845323563 4.101689845323563 4.101689845323563 4.101689845323563 4.063845393626093 3.9855443677642635 3.9072433419024337 3.828942316040604 3.7506412901787747 3.672340264316945 3.5940392384551156 3.515738212593286 3.437437186731456 3.3591361608696264 3.2808351350077967 3.2025341091459674 3.162077534943819 3.162077534943819
-9999.0 -9999.0 -9999.0 -9999.0 -9999.0 -9999.0 -9999.0 -9999.0 -9999.0 -9999.0 -9999.0 -9999.0 -9999.0 -9999.0 -9999.0 -9999.0 3.4321687129488225 3.4958314974307965 3.559494281912771 3.623157066394745 3.6868198508767196 3.7504826353586935 3.814145419840668 3.8778082043226423 3.9414709888046167 4.005133773286591 4.068796557768674 4.101689845323563 4.101689845323563 4.101689845323563 4.101689845323563 4.101689845323563 4.101689845323563 4.101689845323563 4.101689845323563 4.101689845323563 4.101689845323563 4.101689845323563 4.101689845323563 4.063845393626093 3.9855443677642635 3.9072433419024337 3.828942316040604 3.7506412901787747 3.672340264316945 3.5940392384551156 3.515738212593286 3.437437186731456 3.3591361608696264 3.2808351350077967 3.2025341091459674 3.162077534943819 3.162077534943819
-9999.0 -9999.0 -9999.0 -9999.0 -9999.0 -9999.0 -9999.0 -9999.0 -9999.0 -9999.0 -9999.0 -9999.0 -9999.0 -9999.0 -9999.0 -9999.0 -9999.0 3.4958314974307965 3.559494281912771 3.623157066394745 3.6868198508767196 3.7504826353586935 3.814145419840668 3.8778082043226423 3.9414709888046167 4.005133773286591 4.068796557768674 4.101689845323563 4.101689845323563 4.101689845323563 4.101689845323563 4.101689845323563 4.101689845323563 4.101689845323563 4.101689845323563 4.101689845323563 4.101689845323563 4.101689845323563 4.101689845323563 4.063845393626093 3.9855443677642635 3.9072433419024337 3.828942316040604 3.7506412901787747 3.672340264316945 3.5940392384551156 3.515738212593286 3.437437186731456 3.3591361608696264 3.2808351350077967 3.2025341091459674 3.162077534943819 3.162077534943819
