Figures/CREST_Example_wjb_NSE/Rolling_result/20100722/raw_forecast_backup/ens_3/wjb.rain.20100411.asc
ncols            288
nrows            254
xllcorner        113.274861
yllcorner        31.4918055
cellsize         0.008333333333
NODATA_value     -9999
[rows 152 to 170 of 254, columns 88 to 131 of 288]
0.47149626198987493 0.47149626198987493 0.47149626198987493 0.47149626198987493 0.47149626198987493 0.47149626198987493 0.47149626198987493 0.47149626198987493 0.47149626198987493 0.47149626198987493 0.47149626198987493 0.46849000982931077 0.4622700061357006 0.4560500024420904 0.4498299987484802 0.44360999505487 0.4373899913612491 0.4311699876676389 0.4249499839740287 0.4187299802804185 0.4125099765868083 0.4062899728931981 0.4000699691995879 0.3968562176635507 0.3968562176635507 0.3968562176635507 0.3968562176635507 0.3968562176635507 0.3968562176635507 0.3968562176635507 0.3968562176635507 0.3968562176635507 0.3968562176635507 0.3968562176635507 0.3968562176635507 0.41837867621947455 0.4629091296975421 0.5074395831756097 0.5519700366536773 0.5965004901317448 0.6410309436098124 0.68556139708788 0.7300918505660234 0.774622304044091
0.4474901110174988 0.4474901110174988 0.4474901110174988 0.4474901110174988 0.4474901110174988 0.4474901110174988 0.4474901110174988 0.4474901110174988 0.4474901110174988 0.4474901110174988 0.4474901110174988 0.44688663840153847 0.4456380399141908 0.4443894414268432 0.44314084293949557 0.4418922444521479 0.4406436459647982 0.43939504747745056 0.4381464489901029 0.4368978505027553 0.43564925201540766 0.43440065352806007 0.4331520550407124 0.4325069291687247 0.4325069291687247 0.4325069291687247 0.4325069291687247 0.4325069291687247 0.4325069291687247 0.4325069291687247 0.4325069291687247 0.4325069291687247 0.4325069291687247 0.4325069291687247 0.4325069291687247 0.45760549643463855 0.5095349997066199 0.5614645029786012 0.6133940062505825 0.6653235095225638 0.7172530127945451 0.7691825160665264 0.8211120193385963 0.8730415226105777
0.4234839600451227 0.4234839600451227 0.4234839600451227 0.4234839600451227 0.4234839600451227 0.4234839600451227 0.4234839600451227 0.4234839600451227 0.4234839600451227 0.4234839600451227 0.4234839600451227 0.42528326697376617 0.42900607369268107 0.432728880411596 0.43645168713051097 0.4401744938494259 0.4438973005683472 0.44762010728726215 0.4513429140061771 0.455065720725092 0.45878852744400694 0.4625113341629219 0.46623414088183684 0.4681576406738986 0.4681576406738986 0.4681576406738986 0.4681576406738986 0.4681576406738986 0.4681576406738986 0.4681576406738986 0.4681576406738986 0.4681576406738986 0.4681576406738986 0.4681576406738986 0.4681576406738986 0.49683231664980254 0.5561608697156977 0.6154894227815927 0.6748179758474878 0.7341465289133828 0.793475081979278 0.852803635045173 0.9121321881111693 0.9714607411770644
0.39947780907274655 0.39947780907274655 0.39947780907274655 0.39947780907274655 0.39947780907274655 0.39947780907274655 0.39947780907274655 0.39947780907274655 0.39947780907274655 0.39947780907274655 0.39947780907274655 0.4036798955459938 0.41237410747117137 0.42106831939634887 0.42976253132152636 0.43845674324670386 0.4471509551718962 0.45584516709707373 0.46453937902225123 0.47323359094742873 0.4819278028726062 0.4906220147977838 0.4993162267229613 0.5038083521790725 0.5038083521790725 0.5038083521790725 0.5038083521790725 0.5038083521790725 0.5038083521790725 0.5038083521790725 0.5038083521790725 0.5038083521790725 0.5038083521790725 0.5038083521790725 0.5038083521790725 0.5360591368649665 0.6027867397247754 0.6695143425845842 0.736241945444393 0.8029695483042019 0.8696971511640106 0.9364247540238195 1.0031523568837422 1.0698799597435509
0.37547165810037036 0.37547165810037036 0.37547165810037036 0.37547165810037036 0.37547165810037036 0.37547165810037036 0.37547165810037036 0.37547165810037036 0.37547165810037036 0.37547165810037036 0.37547165810037036 0.38207652411822146 0.39574214124966156 0.40940775838110166 0.42307337551254176 0.4367389926439818 0.4504046097754452 0.4640702269068853 0.47773584403832536 0.49140146116976546 0.5050670783012056 0.5187326954326457 0.5323983125640858 0.5394590636842465 0.5394590636842465 0.5394590636842465 0.5394590636842465 0.5394590636842465 0.5394590636842465 0.5394590636842465 0.5394590636842465 0.5394590636842465 0.5394590636842465 0.5394590636842465 0.5394590636842465 0.5752859570801305 0.6494126097338531 0.7235392623875757 0.7976659150412982 0.8717925676950208 0.9459192203487434 1.020045873002466 1.0941725256563148 1.1682991783100376
0.3630686402320862 0.3630686402320862 0.3630686402320862 0.3630686402320862 0.3630686402320862 0.3630686402320862 0.3630686402320862 0.3630686402320862 0.3630686402320862 0.3630686402320862 0.3630686402320862 0.37091492632013356 0.3871490696461605 0.4033832129721875 0.4196173562982145 0.43585149962424147 0.45208564295029613 0.4683197862763231 0.4845539296023501 0.5007880729283771 0.517022216254404 0.533256359580431 0.5494905029064581 0.5578783601522446 0.5578783601522446 0.5578783601522446 0.5578783601522446 0.5578783601522446 0.5578783601522446 0.5578783601522446 0.5578783601522446 0.5578783601522446 0.5578783601522446 0.5578783601522446 0.5578783601522446 0.5955528858603628 0.673502331551913 0.751451777243463 0.8294012229350132 0.9073506686265633 0.9853001143181134 1.0632495600096634 1.1411990057013466 1.2191484513928965
0.3630686402320862 0.3630686402320862 0.3630686402320862 0.3630686402320862 0.3630686402320862 0.3630686402320862 0.3630686402320862 0.3630686402320862 0.3630686402320862 0.3630686402320862 0.3630686402320862 0.37091492632013356 0.3871490696461605 0.4033832129721875 0.4196173562982145 0.43585149962424147 0.45208564295029613 0.4683197862763231 0.4845539296023501 0.5007880729283771 0.517022216254404 0.533256359580431 0.5494905029064581 0.5578783601522446 0.5578783601522446 0.5578783601522446 0.5578783601522446 0.5578783601522446 0.5578783601522446 0.5578783601522446 0.5578783601522446 0.5578783601522446 0.5578783601522446 0.5578783601522446 0.5578783601522446 0.5955528858603628 0.673502331551913 0.751451777243463 0.8294012229350132 0.9073506686265633 0.9853001143181134 1.0632495600096634 1.1411990057013466 1.2191484513928965
0.3630686402320862 0.3630686402320862 0.3630686402320862 0.3630686402320862 0.3630686402320862 0.3630686402320862 0.3630686402320862 0.3630686402320862 0.3630686402320862 0.3630686402320862 0.3630686402320862 0.37091492632013356 0.3871490696461605 0.4033832129721875 0.4196173562982145 0.43585149962424147 0.45208564295029613 0.4683197862763231 0.4845539296023501 0.5007880729283771 0.517022216254404 0.533256359580431 0.5494905029064581 0.5578783601522446 0.5578783601522446 0.5578783601522446 0.5578783601522446 0.5578783601522446 0.5578783601522446 0.5578783601522446 0.5578783601522446 0.5578783601522446 0.5578783601522446 0.5578783601522446 0.5578783601522446 0.5955528858603628 0.673502331551913 0.751451777243463 0.8294012229350132 0.9073506686265633 0.9853001143181134 1.0632495600096634 1.1411990057013466 1.2191484513928965
0.3630686402320862 0.3630686402320862 0.3630686402320862 0.3630686402320862 0.3630686402320862 0.3630686402320862 0.3630686402320862 0.3630686402320862 0.3630686402320862 0.3630686402320862 0.3630686402320862 0.37091492632013356 0.3871490696461605 0.4033832129721875 0.4196173562982145 0.43585149962424147 0.45208564295029613 0.4683197862763231 0.4845539296023501 0.5007880729283771 0.517022216254404 0.533256359580431 0.5494905029064581 0.5578783601522446 0.5578783601522446 0.5578783601522446 0.5578783601522446 0.5578783601522446 0.5578783601522446 0.5578783601522446 0.5578783601522446 0.5578783601522446 0.5578783601522446 0.5578783601522446 0.5578783601522446 0.5955528858603628 0.673502331551913 0.751451777243463 0.8294012229350132 0.9073506686265633 0.9853001143181134 1.0632495600096634 1.1411990057013466 1.2191484513928965
0.3630686402320862 0.3630686402320862 0.3630686402320862 0.3630686402320862 0.3630686402320862 0.3630686402320862 0.3630686402320862 0.3630686402320862 0.3630686402320862 0.3630686402320862 0.3630686402320862 0.37091492632013356 0.3871490696461605 0.4033832129721875 0.4196173562982145 0.43585149962424147 0.45208564295029613 0.4683197862763231 0.4845539296023501 0.5007880729283771 0.517022216254404 0.533256359580431 0.5494905029064581 0.5578783601522446 0.5578783601522446 0.5578783601522446 0.5578783601522446 0.5578783601522446 0.5578783601522446 0.5578783601522446 0.5578783601522446 0.5578783601522446 0.5578783601522446 0.5578783601522446 0.5578783601522446 0.5955528858603628 0.673502331551913 0.751451777243463 0.8294012229350132 0.9073506686265633 0.9853001143181134 1.0632495600096634 1.1411990057013466 1.2191484513928965
0.3630686402320862 0.3630686402320862 0.3630686402320862 0.3630686402320862 0.3630686402320862 0.3630686402320862 0.3630686402320862 0.3630686402320862 0.3630686402320862 0.3630686402320862 0.3630686402320862 0.37091492632013356 0.3871490696461605 0.4033832129721875 0.4196173562982145 0.43585149962424147 0.45208564295029613 0.4683197862763231 0.4845539296023501 0.5007880729283771 0.517022216254404 0.533256359580431 0.5494905029064581 0.5578783601522446 0.5578783601522446 0.5578783601522446 0.5578783601522446 0.5578783601522446 0.5578783601522446 0.5578783601522446 0.5578783601522446 0.5578783601522446 0.5578783601522446 0.5578783601522446 0.5578783601522446 0.5955528858603628 0.673502331551913 0.751451777243463 0.8294012229350132 0.9073506686265633 0.9853001143181134 1.0632495600096634 1.1411990057013466 1.2191484513928965
0.3630686402320862 0.3630686402320862 0.3630686402320862 0.3630686402320862 0.3630686402320862 0.3630686402320862 0.3630686402320862 0.3630686402320862 0.3630686402320862 0.3630686402320862 0.3630686402320862 0.37091492632013356 0.3871490696461605 0.4033832129721875 0.4196173562982145 0.43585149962424147 0.45208564295029613 0.4683197862763231 0.4845539296023501 0.5007880729283771 0.517022216254404 0.533256359580431 0.5494905029064581 0.5578783601522446 0.5578783601522446 0.5578783601522446 0.5578783601522446 0.5578783601522446 0.5578783601522446 0.5578783601522446 0.5578783601522446 0.5578783601522446 0.5578783601522446 0.5578783601522446 0.5578783601522446 0.5955528858603628 0.673502331551913 0.751451777243463 0.8294012229350132 0.9073506686265633 0.9853001143181134 1.0632495600096634 1.1411990057013466 1.2191484513928965
0.3630686402320862 0.3630686402320862 0.3630686402320862 0.3630686402320862 0.3630686402320862 0.3630686402320862 0.3630686402320862 0.3630686402320862 0.3630686402320862 0.3630686402320862 0.3630686402320862 0.37091492632013356 0.3871490696461605 0.4033832129721875 0.4196173562982145 0.43585149962424147 0.45208564295029613 0.4683197862763231 0.4845539296023501 0.5007880729283771 0.517022216254404 0.533256359580431 0.5494905029064581 0.5578783601522446 0.5578783601522446 0.5578783601522446 0.5578783601522446 0.5578783601522446 0.5578783601522446 0.5578783601522446 0.5578783601522446 0.5578783601522446 0.5578783601522446 0.5578783601522446 0.5578783601522446 0.5955528858603628 0.673502331551913 0.751451777243463 0.8294012229350132 0.9073506686265633 0.9853001143181134 1.0632495600096634 1.1411990057013466 1.2191484513928965
0.3630686402320862 0.3630686402320862 0.3630686402320862 0.3630686402320862 0.3630686402320862 0.3630686402320862 0.3630686402320862 0.3630686402320862 0.3630686402320862 0.3630686402320862 0.3630686402320862 0.37091492632013356 0.3871490696461605 0.4033832129721875 0.4196173562982145 0.43585149962424147 0.45208564295029613 0.4683197862763231 0.4845539296023501 0.5007880729283771 0.517022216254404 0.533256359580431 0.5494905029064581 0.5578783601522446 0.5578783601522446 0.5578783601522446 0.5578783601522446 0.5578783601522446 0.5578783601522446 0.5578783601522446 0.5578783601522446 0.5578783601522446 0.5578783601522446 0.5578783601522446 0.5578783601522446 0.5955528858603628 0.673502331551913 0.751451777243463 0.8294012229350132 0.9073506686265633 0.9853001143181134 1.0632495600096634 1.1411990057013466 1.2191484513928965
0.3630686402320862 0.3630686402320862 0.3630686402320862 0.3630686402320862 0.3630686402320862 0.3630686402320862 0.3630686402320862 0.3630686402320862 0.3630686402320862 0.3630686402320862 0.3630686402320862 0.37091492632013356 0.3871490696461605 0.4033832129721875 0.4196173562982145 0.43585149962424147 0.45208564295029613 0.4683197862763231 0.4845539296023501 0.5007880729283771 0.517022216254404 0.533256359580431 0.5494905029064581 0.5578783601522446 0.5578783601522446 0.5578783601522446 0.5578783601522446 0.5578783601522446 0.5578783601522446 0.5578783601522446 0.5578783601522446 0.5578783601522446 0.5578783601522446 0.5578783601522446 0.5578783601522446 0.5955528858603628 0.673502331551913 0.751451777243463 0.8294012229350132 0.9073506686265633 0.9853001143181134 1.0632495600096634 1.1411990057013466 1.2191484513928965
0.3630686402320862 0.3630686402320862 0.3630686402320862 0.3630686402320862 0.3630686402320862 0.3630686402320862 0.3630686402320862 0.3630686402320862 0.3630686402320862 0.3630686402320862 0.3630686402320862 0.37091492632013356 0.3871490696461605 0.4033832129721875 0.4196173562982145 0.43585149962424147 0.45208564295029613 0.4683197862763231 0.4845539296023501 0.5007880729283771 0.517022216254404 0.533256359580431 0.5494905029064581 0.5578783601522446 0.5578783601522446 0.5578783601522446 0.5578783601522446 0.5578783601522446 0.5578783601522446 0.5578783601522446 0.5578783601522446 0.5578783601522446 0.5578783601522446 0.5578783601522446 0.5578783601522446 0.5955528858603628 0.673502331551913 0.751451777243463 0.8294012229350132 0.9073506686265633 0.9853001143181134 1.0632495600096634 1.1411990057013466 1.2191484513928965
0.3630686402320862 0.3630686402320862 0.3630686402320862 0.3630686402320862 0.3630686402320862 0.3630686402320862 0.3630686402320862 0.3630686402320862 0.3630686402320862 0.3630686402320862 0.3630686402320862 0.37091492632013356 0.3871490696461605 0.4033832129721875 0.4196173562982145 0.43585149962424147 0.45208564295029613 0.4683197862763231 0.4845539296023501 0.5007880729283771 0.517022216254404 0.533256359580431 0.5494905029064581 0.5578783601522446 0.5578783601522446 0.5578783601522446 0.5578783601522446 0.5578783601522446 0.5578783601522446 0.5578783601522446 0.5578783601522446 0.5578783601522446 0.5578783601522446 0.5578783601522446 0.5578783601522446 0.5955528858603628 0.673502331551913 0.751451777243463 0.8294012229350132 0.9073506686265633 0.9853001143181134 1.0632495600096634 1.1411990057013466 1.2191484513928965
0.3787589462706858 0.3787589462706858 0.3787589462706858 0.3787589462706858 0.3787589462706858 0.3787589462706858 0.3787589462706858 0.3787589462706858 0.3787589462706858 0.3787589462706858 0.3787589462706858 0.38687435426111805 0.4036653168882084 0.42045627951529874 0.437247242142389 0.45403820476947937 0.4708291673965983 0.48762013002368865 0.504411092650779 0.5212020552778693 0.5379930179049597 0.5547839805320499 0.5715749431591403 0.580250497803873 0.580250497803873 0.580250497803873 0.580250497803873 0.580250497803873 0.580250497803873 0.580250497803873 0.580250497803873 0.580250497803873 0.580250497803873 0.580250497803873 0.580250497803873 0.6178102865305393 0.6955223388127125 0.7732343910948858 0.850946443377059 0.9286584956592323 1.0063705479414056 1.0840826002235788 1.1617946525058844 1.2395067047880577
0.41122120043601335 0.41122120043601335 0.41122120043601335 0.41122120043601335 0.41122120043601335 0.41122120043601335 0.41122120043601335 0.41122120043601335 0.41122120043601335 0.41122120043601335 0.41122120043601335 0.41989340467855074 0.43783639134078806 0.4557793780030253 0.47372236466526263 0.4916653513274999 0.5096083379897678 0.527551324652005 0.5454943113142423 0.5634372979764797 0.5813802846387169 0.5993232713009542 0.6172662579631915 0.62653704039152 0.62653704039152 0.62653704039152 0.62653704039152 0.62653704039152 0.62653704039152 0.62653704039152 0.62653704039152 0.62653704039152 0.62653704039152 0.62653704039152 0.62653704039152 0.6638594455359352 0.7410803458180514 0.8183012461001675 0.8955221463822838 0.9727430466644 1.049963946946516 1.1271848472286323 1.2044057475108803 1.2816266477929963
