Figures/CREST_Example_wjb_NSE/Rolling_result/20100722/raw_forecast_backup/ens_3/wjb.rain.20100723.asc
ncols            288
nrows            254
xllcorner        113.274861
yllcorner        31.4918055
cellsize         0.008333333333
NODATA_value     -9999
[rows 80 to 99 of 254, columns 45 to 89 of 288]
8.519131991786024 8.545820886077284 8.572509780368543 8.599198674659803 8.625887568951063 8.652576463242323 8.679265357533582 8.705954251824886 8.732643146116146 8.759332040407406 8.786020934698666 8.812709828989925 8.812405307331549 8.783244213877644 8.75408312042374 8.724922026969837 8.695760933515933 8.666599840062029 8.637438746608124 8.608277653154222 8.579116559700267 8.549955466246363 8.520794372792459 8.491633279338556 8.462472185884652 8.433311092430747 8.404149998976843 8.37498890552294 8.345827812069036 8.316666718615132 8.287505625161227 8.258344531707325 8.22918343825342 8.200022344799466 8.170861251345562 8.141700157891659 8.112539064437755 8.08337797098385 8.054216877529946 8.025055784076041 7.995894690622139 7.9667335971682345 7.906958639724086 7.8144567695369105 7.721954899349735
8.444487569041906 8.469843130211867 8.495198691381828 8.52055425255179 8.54590981372175 8.571265374891711 8.596620936061672 8.621976497231676 8.647332058401638 8.672687619571597 8.698043180741559 8.72339874191152 8.722244206668595 8.692749779139637 8.663255351610681 8.633760924081724 8.604266496552766 8.574772069023808 8.545277641494852 8.515783213965895 8.486288786436887 8.45679435890793 8.427299931378972 8.397805503850016 8.368311076321058 8.3388166487921 8.309322221263143 8.279827793734187 8.25033336620523 8.220838938676271 8.191344511147314 8.161850083618358 8.1323556560894 8.102861228560393 8.073366801031435 8.043872373502477 8.014377945973521 7.984883518444564 7.955389090915606 7.925894663386649 7.8964002358576915 7.866905808328735 7.8070123262602165 7.714621567607998 7.62223080895578
8.369843146297788 8.39386537434645 8.417887602395112 8.441909830443775 8.465932058492438 8.4899542865411 8.513976514589762 8.537998742638464 8.562020970687128 8.586043198735789 8.610065426784452 8.634087654833113 8.632083106005641 8.602255344401632 8.572427582797621 8.54259982119361 8.512772059589599 8.48294429798559 8.453116536381579 8.423288774777568 8.393461013173507 8.363633251569496 8.333805489965485 8.303977728361476 8.274149966757465 8.244322205153454 8.214494443549444 8.184666681945433 8.154838920341422 8.125011158737411 8.095183397133402 8.065355635529391 8.03552787392538 8.00570011232132 7.975872350717308 7.946044589113298 7.916216827509287 7.886389065905277 7.856561304301266 7.826733542697256 7.796905781093245 7.767078019489235 7.707066012796346 7.614786365679086 7.522506718561825
8.29519872355367 8.317887618481032 8.340576513408395 8.36326540833576 8.385954303263123 8.408643198190486 8.43133209311785 8.454020988045253 8.476709882972616 8.49939877789998 8.522087672827343 8.544776567754706 8.541922005342688 8.511760909663623 8.481599813984559 8.451438718305496 8.421277622626432 8.391116526947368 8.360955431268303 8.33079433558924 8.300633239910125 8.27047214423106 8.240311048551998 8.210149952872934 8.17998885719387 8.149827761514807 8.119666665835743 8.089505570156678 8.059344474477616 8.029183378798551 7.999022283119488 7.968861187440424 7.93870009176136 7.908538996082245 7.878377900403181 7.848216804724117 7.818055709045053 7.78789461336599 7.757733517686926 7.727572422007862 7.697411326328798 7.667250230649735 7.607119699332476 7.514951163750173 7.42278262816787
8.220554300809551 8.241909862615616 8.26326542442168 8.284620986227745 8.30597654803381 8.327332109839876 8.34868767164594 8.37004323345204 8.391398795258107 8.412754357064172 8.434109918870236 8.4554654806763 8.451760904679734 8.421266474925616 8.390772045171499 8.360277615417383 8.329783185663265 8.299288755909147 8.268794326155032 8.238299896400914 8.207805466646745 8.177311036892627 8.146816607138511 8.116322177384394 8.085827747630276 8.05533331787616 8.024838888122042 7.994344458367926 7.963850028613809 7.933355598859691 7.902861169105575 7.872366739351458 7.84187230959734 7.811377879843171 7.780883450089054 7.7503890203349375 7.71989459058082 7.689400160826703 7.658905731072586 7.628411301318469 7.597916871564352 7.567422441810235 7.507173385868606 7.415115961821261 7.323058537773915
8.145909878065368 8.165932106750134 8.185954335434898 8.205976564119663 8.225998792804429 8.246021021489193 8.266043250173958 8.286065478858758 8.306087707543522 8.326109936228288 8.346132164913053 8.366154393597817 8.361599804016702 8.330772040187531 8.29994427635836 8.269116512529191 8.23828874870002 8.207460984870849 8.176633221041678 8.145805457212507 8.114977693383285 8.084149929554114 8.053322165724943 8.022494401895774 7.991666638066603 7.960838874237432 7.930011110408261 7.899183346579091 7.86835558274992 7.83752781892075 7.806700055091579 7.7758722912624085 7.745044527433238 7.714216763604014 7.683388999774844 7.652561235945673 7.621733472116503 7.590905708287332 7.560077944458161 7.529250180628991 7.49842241679982 7.46759465297065 7.407227072404652 7.315280759892263 7.223334447379875
8.07126545532125 8.089954350884717 8.108643246448183 8.12733214201165 8.146021037575116 8.164709933138582 8.183398828702048 8.202087724265546 8.220776619829014 8.23946551539248 8.258154410955946 8.276843306519412 8.271438703353748 8.240277605449524 8.209116507545302 8.177955409641077 8.146794311736853 8.115633213832629 8.084472115928405 8.053311018024182 8.022149920119904 7.99098882221568 7.959827724311457 7.9286666264072325 7.897505528503009 7.866344430598785 7.8351833326945615 7.804022234790337 7.772861136886114 7.7417000389818895 7.710538941077665 7.679377843173442 7.648216745269218 7.617055647364941 7.585894549460717 7.554733451556493 7.523572353652269 7.492411255748046 7.461250157843821 7.430089059939598 7.398927962035374 7.36776686413115 7.307280758940782 7.215445557963351 7.12361035698592
7.996621032577132 8.0139765950193 8.031332157461467 8.048687719903635 8.066043282345802 8.08339884478797 8.100754407230138 8.118109969672336 8.135465532114504 8.152821094556671 8.170176656998839 8.187532219441007 8.181277602690795 8.149783170711519 8.118288738732241 8.086794306752964 8.055299874773686 8.023805442794409 7.992311010815132 7.960816578835855 7.929322146856524 7.897827714877247 7.86633328289797 7.834838850918692 7.803344418939416 7.771849986960138 7.740355554980861 7.708861123001584 7.677366691022307 7.6458722590430295 7.614377827063753 7.582883395084475 7.5513889631051985 7.519894531125868 7.48840009914659 7.456905667167313 7.425411235188036 7.393916803208759 7.362422371229481 7.330927939250204 7.299433507270927 7.26793907529165 7.207334445476912 7.115610356034439 7.0238862665919655
7.921976609833013 7.937998839153882 7.954021068474751 7.97004329779562 7.986065527116489 8.002087756437358 8.018109985758226 8.034132215079124 8.050154444399992 8.066176673720861 8.08219890304173 8.0982211323626 8.09111650202784 8.05928873597351 8.02746096991918 7.995633203864849 7.963805437810518 7.931977671756188 7.900149905701857 7.868322139647527 7.836494373593142 7.804666607538812 7.772838841484482 7.741011075430151 7.709183309375821 7.67735554332149 7.64552777726716 7.6137000112128295 7.5818722451584994 7.550044479104169 7.5182167130498385 7.4863889469955085 7.454561180941178 7.422733414886793 7.3909056488324625 7.3590778827781325 7.3272501167238016 7.2954223506694715 7.2635945846151415 7.231766818560811 7.199939052506481 7.16811128645215 7.107388132013042 7.015775154105526 6.92416217619801
7.847332187088895 7.862021083288465 7.8767099794880355 7.891398875687606 7.906087771887176 7.920776668086747 7.935465564286317 7.950154460485912 7.964843356685482 7.979532252885052 7.994221149084623 8.008910045284193 8.000955401364887 7.968794301235503 7.936633201106119 7.904472100976736 7.872311000847352 7.840149900717968 7.807988800588585 7.7758277004592005 7.743666600329762 7.711505500200379 7.6793444000709945 7.647183299941611 7.615022199812227 7.582861099682844 7.55069999955346 7.518538899424076 7.486377799294693 7.4542166991653085 7.422055599035925 7.389894498906541 7.357733398777158 7.325572298647719 7.293411198518335 7.261250098388952 7.229088998259567 7.196927898130184 7.1647667980008 7.1326056978714165 7.100444597742033 7.068283497612649 7.007441818549171 6.915939952176613 6.824438085804054
7.772687764344776 7.786043327423047 7.799398890501319 7.812754453579591 7.8261100166578625 7.8394655797361334 7.852821142814405 7.866176705892699 7.879532268970971 7.892887832049243 7.906243395127515 7.9195989582057855 7.910794300701932 7.878299866497494 7.845805432293058 7.813310998088621 7.780816563884184 7.748322129679747 7.71582769547531 7.683333261270874 7.650838827066381 7.618344392861944 7.585849958657507 7.55335552445307 7.5208610902486335 7.488366656044196 7.455872221839759 7.423377787635323 7.390883353430885 7.358388919226448 7.325894485022012 7.293400050817574 7.260905616613138 7.228411182408646 7.195916748204208 7.163422313999772 7.130927879795335 7.0984334455908975 7.065939011386461 7.033444577182024 7.000950142977587 6.96845570877315 6.907495505085302 6.8161047502477015 6.7247139954101005
7.698043341600658 7.710065571557631 7.722087801514603 7.734110031471577 7.746132261428549 7.758154491385522 7.770176721342495 7.782198951299488 7.794221181256462 7.806243411213434 7.818265641170408 7.83028787112738 7.820633200038978 7.787805431759488 7.754977663479997 7.722149895200507 7.6893221269210175 7.6564943586415275 7.623666590362037 7.590838822082547 7.558011053803001 7.52518328552351 7.49235551724402 7.45952774896453 7.426699980685039 7.393872212405549 7.361044444126059 7.328216675846568 7.295388907567078 7.262561139287588 7.229733371008098 7.196905602728608 7.164077834449118 7.131250066169571 7.098422297890081 7.065594529610591 7.032766761331101 6.99993899305161 6.96711122477212 6.93428345649263 6.901455688213139 6.868627919933649 6.8075491916214315 6.716269548318788 6.624989905016144
7.623398918856476 7.634087815692149 7.644776712527822 7.655465609363495 7.6661545061991685 7.676843403034841 7.687532299870514 7.698221196706205 7.708910093541879 7.719598990377552 7.730287887213224 7.740976784048898 7.730472099375947 7.697310997021404 7.66414989466686 7.6309887923123165 7.597827689957772 7.564666587603229 7.531505485248685 7.498344382894141 7.465183280539541 7.432022178184997 7.398861075830453 7.36569997347591 7.332538871121366 7.299377768766822 7.266216666412278 7.233055564057734 7.199894461703191 7.166733359348647 7.133572256994103 7.100411154639559 7.067250052285016 7.034088949930416 7.000927847575872 6.967766745221327 6.934605642866784 6.90144454051224 6.868283438157697 6.8351223358031525 6.801961233448609 6.768800131094065 6.707602878157477 6.616434346389791 6.525265814622105
7.548754496112357 7.558110059826731 7.567465623541106 7.57682118725548 7.586176750969854 7.595532314684229 7.604887878398603 7.614243442112993 7.623599005827368 7.6329545695417425 7.6423101332561165 7.6516656969704915 7.640310998712994 7.606816562283396 7.5733221258537995 7.539827689424202 7.506333252994605 7.472838816565008 7.439344380135411 7.405849943705814 7.3723555072761595 7.338861070846563 7.305366634416965 7.271872197987369 7.238377761557771 7.204883325128175 7.171388888698577 7.137894452268981 7.104400015839383 7.070905579409786 7.037411142980189 7.0039167065505925 6.970422270120995 6.936927833691341 6.903433397261744 6.869938960832147 6.83644452440255 6.8029500879729525 6.769455651543355 6.7359612151137584 6.702466778684162 6.668972342254564 6.607656564693606 6.516599144460878 6.425541724228149
7.474110073368238 7.482132303961314 7.49015453455439 7.498176765147465 7.506198995740541 7.514221226333617 7.5222434569266925 7.5302656875197815 7.538287918112857 7.546310148705933 7.554332379299009 7.562354609892084 7.550149898050039 7.516322127545389 7.482494357040738 7.448666586536088 7.414838816031438 7.381011045526788 7.347183275022137 7.313355504517487 7.279527734012779 7.2456999635081285 7.211872193003479 7.178044422498828 7.144216651994178 7.110388881489527 7.076561110984877 7.042733340480226 7.0089055699755765 6.975077799470926 6.941250028966276 6.907422258461625 6.873594487956975 6.839766717452267 6.805938946947617 6.772111176442967 6.738283405938316 6.704455635433666 6.670627864929015 6.636800094424365 6.6029723239197144 6.5691445534150645 6.507710251229737 6.416763942531966 6.325817633834195
7.39946565062412 7.406154548095897 7.412843445567674 7.419532343039451 7.426221240511228 7.432910137983005 7.439599035454782 7.4462879329265705 7.452976830398347 7.459665727870124 7.466354625341901 7.473043522813678 7.459988797387085 7.425827692807381 7.391666588227678 7.357505483647974 7.323344379068271 7.2891832744885665 7.255022169908863 7.22086106532916 7.186699960749398 7.152538856169694 7.118377751589991 7.084216647010288 7.0500555424305835 7.01589443785088 6.981733333271176 6.947572228691473 6.91341112411177 6.879250019532066 6.845088914952362 6.810927810372658 6.776766705792955 6.742605601213193 6.70844449663349 6.674283392053786 6.640122287474083 6.6059611828943785 6.571800078314675 6.537638973734972 6.503477869155268 6.469316764575565 6.407763937765867 6.316928740603053 6.226093543440239
7.324821227880002 7.33017679223048 7.335532356580958 7.340887920931436 7.346243485281915 7.3515990496323935 7.356954613982872 7.3623101783333595 7.367665742683838 7.373021307034316 7.378376871384794 7.383732435735272 7.369827696724132 7.335333258069375 7.300838819414618 7.266344380759861 7.231849942105104 7.197355503450347 7.162861064795591 7.128366626140833 7.093872187486018 7.059377748831261 7.024883310176504 6.9903888715217475 6.95589443286699 6.9213999942122335 6.886905555557476 6.8524111169027195 6.817916678247963 6.783422239593206 6.748927800938449 6.7144333622836925 6.679938923628935 6.64544448497412 6.6109500463193624 6.576455607664606 6.5419611690098485 6.507466730355092 6.472972291700335 6.438477853045578 6.403983414390821 6.369488975736065 6.307817624301997 6.21709353867414 6.126369453046284
7.250176805135883 7.254199036365063 7.258221267594243 7.262243498823422 7.266265730052602 7.270287961281781 7.274310192510961 7.278332423740148 7.282354654969327 7.286376886198506 7.290399117427686 7.294421348656866 7.279666596061177 7.244838823331367 7.210011050601557 7.175183277871747 7.140355505141937 7.105527732412127 7.070699959682316 7.035872186952506 7.001044414222637 6.966216641492827 6.931388868763016 6.896561096033206 6.861733323303397 6.826905550573586 6.792077777843776 6.757250005113966 6.722422232384156 6.6875944596543455 6.652766686924536 6.617938914194726 6.583111141464915 6.548283368735046 6.513455596005236 6.478627823275425 6.443800050545615 6.408972277815805 6.3741445050859955 6.339316732356185 6.304488959626375 6.269661186896565 6.207871310838127 6.117258336745228 6.02664536265233
7.175532382391701 7.178221280499581 7.180910178607461 7.183599076715341 7.1862879748232205 7.1889768729311 7.19166577103898 7.194354669146865 7.197043567254744 7.199732465362624 7.202421363470504 7.205110261578383 7.189505495398146 7.154344388593283 7.119183281788419 7.084022174983556 7.048861068178692 7.0136999613738285 6.978538854568964 6.9433777477641 6.908216640959177 6.873055534154314 6.8378944273494495 6.802733320544586 6.767572213739722 6.732411106934858 6.697250000129995 6.662088893325131 6.626927786520268 6.591766679715404 6.55660557291054 6.5214444661056765 6.4862833593008125 6.451122252495889 6.415961145691026 6.380800038886162 6.3456389320812985 6.310477825276434 6.27531671847157 6.240155611666707 6.204994504861843 6.16983339805698 6.107924997374172 6.017423134816231 5.92692127225829
7.100887959647583 7.102243524634163 7.103599089620745 7.104954654607326 7.106310219593907 7.1076657845804885 7.109021349567069 7.110376914553653 7.111732479540234 7.1130880445268145 7.114443609513396 7.115799174499977 7.099344394735192 7.063849953855275 7.0283555129753585 6.992861072095441 6.957366631215525 6.921872190335607 6.886377749455691 6.850883308575773 6.8153888676957965 6.779894426815879 6.744399985935963 6.708905545056045 6.673411104176129 6.637916663296211 6.602422222416294 6.566927781536378 6.53143334065646 6.495938899776544 6.460444458896626 6.42495001801671 6.3894555771367925 6.353961136256816 6.318466695376898 6.282972254496982 6.247477813617064 6.211983372737148 6.1764889318572305 6.140994490977314 6.105500050097397 6.07000560921748 6.007978683910302 5.917587932887319 5.827197181864334
