Figures/CREST_Example_wjb_NSE/Rolling_result/20100722/raw_forecast_backup/ens_3/wjb.rain.20100727.asc
ncols            288
nrows            254
xllcorner        113.274861
yllcorner        31.4918055
cellsize         0.008333333333
NODATA_value     -9999
[rows 152 to 170 of 254, columns 88 to 131 of 288]
0.5900779471887616 0.5799057274485893 0.5697335077084169 0.5595612879682272 0.5493890682280549 0.5392168484878825 0.5290446287477102 0.5188724090075378 0.5087001892673655 0.4985279695271932 0.48835574978702084 0.47818353004684855 0.4680113103066762 0.45783909056650385 0.4476668708263315 0.43749465108615915 0.4273224313459695 0.4171502116057971 0.4069779918656248 0.3968057721254524 0.3866335523852801 0.3764613326451077 0.3662891129049354 0.356116893164763 0.34594467342459073 0.3357724536844184 0.32560023394424603 0.3154280142040737 0.30525579446390133 0.30627780341288235 0.31926669597420265 0.33225558853552295 0.3452444810968433 0.3582333736581636 0.3712222662194839 0.38421115878080425 0.39720005134212455 0.41018894390344485 0.42317783646476514 0.43616672902608544 0.4491556215874058 0.46214451414872615 0.47513340671006854 0.4881222992713889
0.5805723868102459 0.5707335004166256 0.5608946140230053 0.5510557276293683 0.541216841235748 0.5313779548421277 0.5215390684485074 0.5117001820548871 0.5018612956612668 0.49202240926764657 0.48218352287402627 0.472344636480406 0.46250575008678574 0.45266686369316544 0.44282797729954515 0.43298909090592486 0.4231502045122878 0.4133113181186675 0.4034724317250472 0.3936335453314269 0.3837946589378066 0.3739557725441863 0.3641168861505661 0.3542779997569458 0.3444391133633255 0.3346002269697052 0.3247613405760849 0.3149224541824647 0.3050835677888444 0.3066000167238646 0.32025557591206166 0.3339111351002587 0.3475666942884557 0.36122225347665277 0.3748778126648498 0.38853337185304687 0.40218893104124387 0.4158444902294409 0.429500049417638 0.443155608605835 0.4568111677940321 0.47046672698222913 0.48412228617044945 0.49777784535864644
0.5710668264317303 0.5615612733846621 0.5520557203375939 0.5425501672905094 0.5330446142434412 0.523539061196373 0.5140335081493047 0.5045279551022365 0.49502240205516823 0.4855168490081 0.47601129596103176 0.4665057429139635 0.4570001898668953 0.44749463681982704 0.4379890837727588 0.4284835307256906 0.4189779776786062 0.40947242463153793 0.3999668715844697 0.3904613185374015 0.3809557654903333 0.37145021244326504 0.3619446593961968 0.35243910634912856 0.3429335533020603 0.3334280002549921 0.32392244720792385 0.3144168941608556 0.30491134111378737 0.30692223003484687 0.3212444558499207 0.3355666816649944 0.3498889074800682 0.364211133295142 0.37853335911021574 0.3928555849252895 0.40717781074036324 0.42150003655543705 0.4358222623705108 0.4501444881855846 0.4644667140006583 0.4787889398157321 0.4931111656308303 0.507433391445904
0.5615612660532145 0.5523890463526984 0.5432168266521822 0.5340446069516505 0.5248723872511343 0.5157001675506181 0.5065279478501019 0.49735572814958573 0.48818350844906955 0.47901128874855337 0.4698390690480372 0.460666849347521 0.4514946296470048 0.44232240994648864 0.43315019024597246 0.42397797054545633 0.4148057508449245 0.40563353114440837 0.3964613114438922 0.387289091743376 0.3781168720428598 0.36894465234234364 0.35977243264182746 0.3506002129413113 0.3414279932407951 0.3322557735402789 0.3230835538397628 0.3139113341392466 0.3047391144387304 0.3072444433458292 0.32223333578777963 0.33722222822973014 0.35221112067168064 0.36720001311363115 0.3821889055555816 0.3971777979975321 0.4121666904394826 0.4271555828814331 0.44214447532338363 0.4571333677653341 0.47212226020728465 0.4871111526492351 0.5021000450912112 0.5170889375331617
0.5520557056746989 0.5432168193207347 0.5343779329667706 0.5255390466127914 0.5167001602588274 0.5078612739048632 0.4990223875508991 0.490183501196935 0.48134461484297086 0.47250572848900674 0.4636668421350426 0.4548279557810785 0.44598906942711436 0.43715018307315023 0.4283112967191861 0.41947241036522204 0.41063352401124287 0.40179463765727874 0.3929557513033146 0.3841168649493505 0.37527797859538636 0.36643909224142224 0.3576002058874581 0.348761319533494 0.33992243317952986 0.3310835468255658 0.32224466047160166 0.31340577411763754 0.3045668877636734 0.30756665665681143 0.32322221572563864 0.3388777747944659 0.3545333338632931 0.3701888929321203 0.3858444520009476 0.4015000110697748 0.41715557013860205 0.43281112920742926 0.44846668827625646 0.46412224734508367 0.47977780641391093 0.4954333654827382 0.511088924551592 0.5267444836204194
0.5425501452961752 0.5340445922887633 0.5255390392813516 0.5170334862739253 0.5085279332665135 0.5000223802591017 0.49151682725168994 0.48301127424427814 0.4745057212368664 0.4660001682294546 0.4574946152220428 0.4489890622146311 0.44048350920721924 0.4319779561998075 0.4234724031923957 0.4149668501849839 0.40646129717755763 0.3979557441701459 0.3894501911627341 0.3809446381553223 0.3724390851479105 0.36393353214049873 0.355427979133087 0.3469224261256752 0.3384168731182634 0.32991132011085167 0.3214057671034398 0.3129002140960281 0.3043946610886163 0.30788886996779397 0.3242110956634985 0.340533321359203 0.3568555470549075 0.37317777275061204 0.38949999844631655 0.40582222414202107 0.4221444498377256 0.4384666755334301 0.4547889012291346 0.4711111269248392 0.4874333526205437 0.5037555783162482 0.5200778040119806 0.5364000297076851
0.5330445849176594 0.5248723652567997 0.51670014559594 0.5085279259350663 0.5003557062742066 0.4921834866133469 0.48401126695248714 0.4758390472916274 0.4676668276307677 0.459494607969908 0.45132238830904825 0.4431501686481885 0.4349779489873288 0.4268057293264691 0.41863350966560936 0.4104612900047496 0.40228907034387595 0.3941168506830163 0.38594463102215654 0.3777724113612968 0.3696001917004371 0.3614279720395774 0.35325575237871765 0.34508353271785797 0.3369113130569982 0.3287390933961385 0.32056687373527876 0.312394654074419 0.30422243441355934 0.3082110832787762 0.3251999756013575 0.34218886792393877 0.35917776024652 0.37616665256910126 0.3931555448916825 0.41014443721426375 0.427133329536845 0.4441222218594263 0.4611111141820075 0.4781000065045887 0.49508889882717 0.5120777911497513 0.5290666834723615 0.5460555757949428
0.5235390245391438 0.5157001382248362 0.5078612519105284 0.5000223655962074 0.49218347928189976 0.4843445929675921 0.4765057066532844 0.4686668203389768 0.4608279340246691 0.4529890477103614 0.44515016139605373 0.43731127508174605 0.42947238876743843 0.42163350245313075 0.41379461613882307 0.4059557298245154 0.3981168435101944 0.3902779571958867 0.382439070881579 0.3746001845672714 0.36676129825296366 0.35892241193865604 0.35108352562434836 0.3432446393100407 0.33540575299573305 0.3275668666814253 0.3197279803671177 0.31188909405281 0.30405020773850233 0.3085332965897585 0.3261888555392165 0.3438444144886745 0.36149997343813245 0.3791555323875904 0.3968110913370484 0.4144666502865064 0.43212220923596434 0.44977776818542237 0.46743332713488034 0.4850888860843383 0.5027444450337963 0.5204000039832543 0.5380555629327424 0.5557111218822004
0.5140334641606281 0.5065279111928724 0.49902235822511687 0.4915168052573484 0.48401125228959285 0.47650569932183723 0.4690001463540816 0.46149459338632604 0.4539890404185704 0.4464834874508148 0.43897793448305916 0.43147238151530354 0.42396682854754797 0.41646127557979234 0.4089557226120367 0.4014501696442811 0.3939446166765127 0.3864390637087571 0.37893351074100146 0.3714279577732459 0.36392240480549026 0.35641685183773464 0.34891129886997907 0.3414057459022234 0.3339001929344678 0.3263946399667122 0.3188890869989566 0.311383534031201 0.3038779810634453 0.3088555099007408 0.32717773547707546 0.3454999610534102 0.3638221866297449 0.3821444122060796 0.4004666377824143 0.41878886335874904 0.43711108893508377 0.45543331451141844 0.4737555400877531 0.4920777656640879 0.5103999912404226 0.5287222168167572 0.5470444423931232 0.565366667969458
0.5045279037821123 0.4973556841609088 0.49018346453970524 0.48301124491848946 0.47583902529728594 0.4686668056760824 0.4614945860548788 0.45432236643367524 0.44715014681247167 0.43997792719126816 0.4328057075700646 0.425633487948861 0.4184612683276575 0.41128904870645394 0.4041168290852504 0.3969446094640468 0.389772389842831 0.3826001702216275 0.3754279506004239 0.3682557309792204 0.3610835113580168 0.35391129173681324 0.3467390721156097 0.33956685249440616 0.3323946328732026 0.3252224132519991 0.31805019363079545 0.31087797400959194 0.30370575438838837 0.30917772321172304 0.32816661541493447 0.3471555076181459 0.3661443998213574 0.3851332920245688 0.40412218422778023 0.42311107643099166 0.4420999686342031 0.4610888608374145 0.48007775304062594 0.49906664524383737 0.5180555374470488 0.5370444296502603 0.5560333218535041 0.5750222140567156
0.49502234340359674 0.4881834571289453 0.4813445708542938 0.4745056845796306 0.4676667983049791 0.4608279120303276 0.45398902575567607 0.4471501394810246 0.4403112532063731 0.4334723669317216 0.4266334806570701 0.41979459438241856 0.41295570810776705 0.4061168218331156 0.3992779355584641 0.39243904928381257 0.3856001630091494 0.3787612767344979 0.37192239045984643 0.3650835041851949 0.3582446179105434 0.35140573163589195 0.3445668453612404 0.3377279590865889 0.3308890728119374 0.3240501865372859 0.3172113002626344 0.3103724139879829 0.3035335277133314 0.3094999365227053 0.3291554953527935 0.3488110541828816 0.3684666130129698 0.388122171843058 0.40777773067314615 0.4274332895032343 0.44708884833332246 0.4667444071634106 0.4863999659934988 0.506055524823587 0.5257110836536751 0.5453666424837633 0.565022201313885 0.5846777601439731
0.48382599633035145 0.47726673894460364 0.4707074815588558 0.46414822417309676 0.45758896678734895 0.45102970940160114 0.4444704520158533 0.43791119463010547 0.4313519372443576 0.4247926798586098 0.418233422472862 0.41167416508711413 0.4051149077013663 0.39855565031561846 0.39199639292987065 0.38543713554412284 0.3788778781583638 0.372318620772616 0.36575936338686815 0.3592001060011203 0.3526408486153725 0.3460815912296247 0.33952233384387687 0.332963076458129 0.3264038190723812 0.31984456168663333 0.3132853043008855 0.3067260469151377 0.30016678952938985 0.3064701080483925 0.3265238110807981 0.3465775141132037 0.36663121714560937 0.386684920178015 0.4067386232104206 0.42679232624282626 0.44684602927523187 0.4668997323076375 0.4869534353400431 0.5070071383724488 0.5270608414048543 0.54711454443726 0.5671682474696998 0.5872219505021055
0.4708222894450905 0.46448525426830156 0.45814821909151265 0.4518111839147129 0.445474148737924 0.4391371135611351 0.43280007838434614 0.42646304320755724 0.4201260080307683 0.4137889728539794 0.40745193767719046 0.40111490250040155 0.39477786732361264 0.38844083214682373 0.3821037969700348 0.37576676179324586 0.36942972661644613 0.3630926914396572 0.3567556562628683 0.35041862108607935 0.3440815859092905 0.33774455073250154 0.33140751555571263 0.3250704803789237 0.31873344520213476 0.31239641002534585 0.30605937484855694 0.299722339671768 0.2933853044949791 0.29985714303645294 0.3200219572395654 0.3401867714426779 0.36035158564579034 0.38051639984890284 0.4006812140520153 0.42084602825512774 0.4410108424582402 0.4611756566613527 0.4813404708644652 0.5015052850675776 0.5216700992706901 0.5418349134738025 0.5619997276769494 0.5821645418800618
0.4578185825598295 0.4517037695919995 0.4455889566241695 0.43947414365632903 0.433359330688499 0.427244517720669 0.421129704752839 0.415014891785009 0.408900078817179 0.402785265849349 0.396670452881519 0.39055563991368897 0.38444082694585896 0.37832601397802895 0.37221120101019894 0.36609638804236894 0.3599815750745285 0.3538667621066985 0.3477519491388685 0.3416371361710384 0.3355223232032084 0.3294075102353784 0.3232926972675484 0.3171778842997184 0.3110630713318884 0.30494825836405837 0.29883344539622836 0.29271863242839835 0.28660381946056834 0.29324417802451347 0.3135201033983328 0.3337960287721521 0.3540719541459714 0.3743478795197907 0.39462380489361004 0.4148997302674293 0.4351756556412486 0.45545158101506794 0.4757275063888873 0.49600343176270656 0.5162793571365258 0.5365552825103452 0.556831207884199 0.5771071332580183
0.4448148756745685 0.4389222849156974 0.43302969415682635 0.4271371033979452 0.4212445126390741 0.415351921880203 0.40945933112133187 0.40356674036246076 0.39767414960358966 0.39178155884471855 0.3858889680858475 0.37999637732697633 0.3741037865681053 0.36821119580923417 0.36231860505036306 0.35642601429149195 0.3505334235326108 0.3446408327737397 0.3387482420148686 0.3328556512559975 0.3269630604971264 0.32107046973825526 0.3151778789793842 0.3092852882205131 0.303392697461642 0.2975001067027709 0.2916075159438998 0.2857149251850287 0.27982233442615756 0.286631213012574 0.3070182495571001 0.3274052861016262 0.3477923226461524 0.36817935919067857 0.3885663957352047 0.4089534322797308 0.4293404688242569 0.4497275053687831 0.47011454191330926 0.4905015784578354 0.5108886150023615 0.5312756515468877 0.5516626880914486 0.5720497246359747
0.43181116878930753 0.4261408002393953 0.4204704316894831 0.41480006313956125 0.4091296945896491 0.4034593260397369 0.3977889574898247 0.3921185889399125 0.3864482203900003 0.3807778518400881 0.37510748329017596 0.36943711474026375 0.36376674619035154 0.35809637764043933 0.3524260090905272 0.346755640540615 0.3410852719906931 0.3354149034407809 0.32974453489086875 0.32407416634095654 0.31840379779104433 0.3127334292411321 0.30706306069121997 0.30139269214130776 0.2957223235913956 0.2900519550414834 0.2843815864915712 0.278711217941659 0.2730408493917468 0.28001824800063446 0.3005163957158674 0.3210145434311004 0.3415126911463334 0.3620108388615664 0.3825089865767993 0.40300713429203233 0.42350528200726534 0.4440034297224983 0.46450157743773124 0.48499972515296425 0.5054978728681973 0.5259960205834302 0.5464941682986981 0.5669923160139312
0.4188074619040465 0.41335931556309324 0.40791116922213994 0.40246302288117736 0.3970148765402241 0.3915667301992708 0.38611858385831754 0.38067043751736424 0.375222291176411 0.3697741448354577 0.3643259984945044 0.3588778521535511 0.3534297058125978 0.34798155947164455 0.3425334131306913 0.337085266789738 0.3316371204487754 0.3261889741078221 0.32074082776686885 0.3152926814259156 0.3098445350849623 0.304396388744009 0.29894824240305573 0.2935000960621025 0.28805194972114917 0.28260380338019586 0.2771556570392426 0.2717075106982893 0.266259364357336 0.27340528298869493 0.29401454187463477 0.31462380076057456 0.3352330596465144 0.3558423185324542 0.376451577418394 0.39706083630433386 0.41767009519027365 0.4382793540762135 0.45888861296215333 0.4794978718480931 0.5001071307340329 0.5207163896199727 0.5413256485059477 0.5619349073918876
0.4058037550187856 0.40057783088679116 0.3953519067547968 0.3901259826227935 0.3849000584907991 0.37967413435880476 0.3744482102268104 0.369222286094816 0.36399636196282165 0.3587704378308273 0.3535445136988329 0.34831858956683853 0.3430926654348442 0.33786674130284977 0.3326408171708554 0.327414893038861 0.3221889689068577 0.31696304477486337 0.31173712064286896 0.3065111965108746 0.30128527237888025 0.29605934824688585 0.2908334241148915 0.28560749998289714 0.28038157585090273 0.2751556517189084 0.269929727586914 0.2647038034549196 0.2594778793229252 0.2667923179767554 0.2875126880334021 0.30823305809004875 0.32895342814669537 0.34967379820334205 0.3703941682599887 0.39111453831663534 0.411834908373282 0.4325552784299287 0.4532756484865753 0.473996018543222 0.49471638859986866 0.5154367586565153 0.5361571287131973 0.5568774987698439
0.39280004813351344 0.38779634621047815 0.38279264428744286 0.3777889423643991 0.3727852404413638 0.3677815385183285 0.3627778365952933 0.357774134672258 0.3527704327492227 0.3477667308261874 0.3427630289031522 0.3377593269801169 0.3327556250570816 0.32775192313404633 0.3227482212110111 0.3177445192879758 0.312740817364932 0.30773711544189675 0.30273341351886146 0.2977297115958262 0.2927260096727909 0.2877223077497556 0.28271860582672037 0.2777149039036851 0.2727112019806498 0.26770750005761457 0.2627037981345792 0.257700096211544 0.2526963942885087 0.26017935296481026 0.2810108341921639 0.30184231541951745 0.32267379664687107 0.34350527787422463 0.36433675910157826 0.3851682403289318 0.4059997215562854 0.42683120278363895 0.4476626840109926 0.4684941652383462 0.48932564646569976 0.5101571276930533 0.5309886089204425 0.5518200901477961
