Figures/CREST_Example_wjb_NSE/Rolling_result/20100722/raw_forecast_backup/ens_3/wjb.rain.20100729.asc
ncols            288
nrows            254
xllcorner        113.274861
yllcorner        31.4918055
cellsize         0.008333333333
NODATA_value     -9999
[rows 120 to 139 of 254, columns 225 to 269 of 288]
3.6624230027444 3.649641519040897 3.636860035337394 3.6240785516338905 3.611297067930387 3.598515584226884 3.585734100523381 3.5729526168198777 3.5601711331163743 3.5473896494128496 3.534608165709346 3.5218266820058433 3.5287727118977665 3.556807900341854 3.584843088785941 3.612878277230028 3.640913465674115 3.6689486541182026 3.6969838425622896 3.7250190310063767 3.7530542194504637 3.781089407894551 3.809124596338686 3.837159784782773 3.8651949732268602 3.8932301616709473 3.9212653501150347 3.9493005385591218 3.977335727003209 4.005370915447296 4.033406103891383 4.06144129233547 4.089476480779558 4.117511669223645 4.145546857667732 4.173582046111867 4.201617234555954 4.229652423000041 -9999.0 -9999.0 -9999.0 -9999.0 -9999.0 -9999.0 -9999.0
3.746530406445253 3.7339711447520267 3.7214118830588006 3.708852621365574 3.6962933596723477 3.683734097979121 3.671174836285895 3.6586155745926683 3.646056312899442 3.633497051206194 3.620937789512968 3.6083785278197413 3.6160300996356014 3.645287509930939 3.674544920226277 3.703802330521615 3.733059740816953 3.762317151112291 3.7915745614076286 3.8208319717029666 3.8500893819983046 3.8793467922936427 3.9086042025890304 3.9378616128843684 3.9671190231797064 3.996376433475044 4.0256338437703825 4.05489125406572 4.084148664361058 4.113406074656396 4.142663484951734 4.171920895247071 4.20117830554241 4.230435715837747 4.259693126133086 4.288950536428473 4.3182079467238115 4.347465357019149 -9999.0 -9999.0 -9999.0 -9999.0 -9999.0 -9999.0 -9999.0
3.830637810146106 3.818300770463156 3.8059637307802068 3.793626691097257 3.7812896514143075 3.7689526117313576 3.7566155720484082 3.7442785323654584 3.731941492682509 3.7196044529995382 3.7072674133165884 3.694930373633639 3.703287487373435 3.7337671195200235 3.764246751666612 3.794726383813201 3.8252060159597896 3.855685648106378 3.886165280252967 3.9166449123995557 3.9471245445461447 3.9776041766927333 4.008083808839374 4.038563440985962 4.069043073132551 4.09952270527914 4.130002337425728 4.160481969572317 4.190961601718906 4.2214412338654945 4.2519208660120835 4.2824004981586725 4.312880130305261 4.34335976245185 4.373839394598439 4.404319026745079 4.434798658891668 4.465278291038256 4.495757923184845 4.526237555331434 4.556717187478022 -9999.0 -9999.0 -9999.0 -9999.0
3.914745213846959 3.9026303961742865 3.8905155785016134 3.8784007608289404 3.8662859431562677 3.8541711254835946 3.842056307810922 3.829941490138249 3.817826672465576 3.8057118547928823 3.7935970371202097 3.7814822194475366 3.790544875111269 3.8222467291091085 3.853948583106948 3.885650437104787 3.9173522911026266 3.949054145100466 3.9807559990983057 4.012457853096145 4.044159707093985 4.075861561091824 4.107563415089718 4.1392652690875575 4.170967123085397 4.202668977083236 4.234370831081075 4.266072685078915 4.297774539076754 4.329476393074594 4.361178247072433 4.392880101070273 4.4245819550681125 4.456283809065952 4.4879856630637915 4.519687517061685 4.551389371059525 4.583091225057364 4.614793079055203 4.6464949330530425 4.678196787050882 4.709898641048722 4.749066896497552 4.796216904132705 -9999.0
3.998852617547884 3.986960021885488 3.975067426223092 3.9631748305606957 3.9512822348983 3.939389639235904 3.927497043573508 3.9156044479111123 3.9037118522487164 3.8918192565863 3.8799266609239043 3.868034065261508 3.877802262849177 3.9107263386982685 3.94365041454736 3.976574490396451 4.009498566245543 4.042422642094634 4.075346717943725 4.1082707937928165 4.141194869641907 4.174118945490999 4.207043021340146 4.239967097189238 4.272891173038329 4.30581524888742 4.338739324736512 4.371663400585603 4.404587476434694 4.437511552283786 4.4704356281328765 4.503359703981968 4.536283779831059 4.569207855680151 4.602131931529242 4.63505600737839 4.667980083227481 4.700904159076572 4.733828234925664 4.766752310774755 4.799676386623846 4.8326004624729375 4.87288353594553 4.921033544481297 -9999.0
4.082960021248737 4.071289647596617 4.059619273944499 4.047948900292379 4.0362785266402605 4.024608152988141 4.0129377793360215 4.001267405683903 3.9895970320317833 3.977926658379644 3.966256284727525 3.954585911075406 3.965059650587011 3.9992059482873534 4.033352245987695 4.067498543688037 4.10164484138838 4.135791139088721 4.169937436789064 4.204083734489406 4.2382300321897475 4.27237632989009 4.30652262759049 4.340668925290832 4.374815222991174 4.408961520691516 4.443107818391859 4.477254116092201 4.5114004137925425 4.545546711492885 4.579693009193226 4.613839306893569 4.647985604593911 4.682131902294253 4.716278199994595 4.750424497694995 4.784570795395338 4.81871709309568 4.8528633907960215 4.887009688496364 4.921155986196705 4.955302283897048 4.996700175393402 5.0458501848297805 5.095000194266159
4.16706742494959 4.155619273307748 4.144171121665905 4.132722970024062 4.12127481838222 4.1098266667403776 4.098378515098536 4.086930363456693 4.07548221181485 4.064034060172989 4.052585908531146 4.041137756889304 4.052317038324845 4.087685557876438 4.123054077428031 4.158422596979624 4.193791116531217 4.22915963608281 4.264528155634403 4.2998966751859955 4.3352651947375875 4.3706337142891805 4.406002233840834 4.441370753392427 4.47673927294402 4.512107792495613 4.5474763120472055 4.582844831598798 4.618213351150391 4.653581870701984 4.688950390253577 4.724318909805169 4.759687429356762 4.795055948908355 4.830424468459948 4.865792988011601 4.901161507563194 4.936530027114787 4.97189854666638 5.007267066217972 5.042635585769565 5.078004105321158 5.120516814841274 5.170666825178265 5.220816835515256
4.251174828650442 4.239948899018877 4.228722969387311 4.217497039755746 4.20627111012418 4.195045180492614 4.183819250861049 4.172593321229483 4.161367391597917 4.150141461966332 4.138915532334767 4.127689602703201 4.139574426062679 4.1761651674655225 4.212755908868366 4.249346650271209 4.285937391674054 4.322528133076897 4.359118874479741 4.395709615882584 4.432300357285428 4.468891098688271 4.505481840091178 4.542072581494021 4.5786633228968645 4.615254064299708 4.651844805702552 4.688435547105396 4.725026288508239 4.761617029911083 4.798207771313926 4.83479851271677 4.871389254119614 4.9079799955224575 4.944570736925301 4.981161478328207 5.017752219731051 5.054342961133894 5.090933702536738 5.127524443939581 5.164115185342425 5.200705926745268 5.244333454289146 5.295483465526749 5.346633476764352
4.335282232351296 4.324278524730007 4.313274817108718 4.302271109487429 4.291267401866141 4.2802636942448515 4.269259986623562 4.258256279002274 4.247252571380985 4.236248863759677 4.225245156138389 4.214241448517099 4.226831813800513 4.264644777054608 4.302457740308702 4.340270703562797 4.378083666816891 4.415896630070986 4.45370959332508 4.4915225565791745 4.5293355198332685 4.567148483087363 4.604961446341522 4.642774409595616 4.68058737284971 4.718400336103805 4.756213299357899 4.794026262611994 4.831839225866088 4.869652189120183 4.907465152374277 4.945278115628372 4.983091078882466 5.020904042136561 5.058717005390655 5.096529968644814 5.1343429318989084 5.1721558951530024 5.2099688584070964 5.247781821661191 5.285594784915286 5.32340774816938 5.368150093737019 5.420300105875234 5.472450118013449
4.4193896360521485 4.408608150441137 4.3978266648301245 4.387045179219112 4.3762636936081005 4.365482207997088 4.354700722386076 4.343919236775064 4.333137751164052 4.322356265553021 4.311574779942009 4.3007932943309966 4.314089201538347 4.353124386643692 4.392159571749037 4.431194756854382 4.470229941959728 4.509265127065073 4.548300312170418 4.587335497275763 4.626370682381109 4.665405867486454 4.704441052591865 4.743476237697211 4.782511422802556 4.821546607907901 4.860581793013246 4.899616978118591 4.938652163223937 4.977687348329281 5.016722533434627 5.055757718539972 5.094792903645317 5.133828088750662 5.172863273856008 5.21189845896142 5.250933644066764 5.28996882917211 5.329004014277455 5.3680391993828005 5.407074384488146 5.4461095695934905 5.491966733184891 5.5451167462237185 5.598266759262546
4.503497039753002 4.492937776152266 4.482378512551531 4.471819248950795 4.46125998535006 4.450700721749325 4.440141458148589 4.429582194547854 4.4190229309471185 4.408463667346365 4.397904403745629 4.387345140144895 4.401346589276181 4.441603996232777 4.481861403189373 4.522118810145969 4.562376217102565 4.602633624059161 4.642891031015757 4.683148437972353 4.723405844928949 4.763663251885545 4.803920658842209 4.844178065798805 4.884435472755401 4.924692879711997 4.964950286668593 5.005207693625189 5.045465100581785 5.085722507538381 5.125979914494977 5.166237321451573 5.206494728408169 5.246752135364765 5.2870095423213606 5.327266949278025 5.367524356234621 5.407781763191217 5.448039170147813 5.488296577104409 5.528553984061005 5.568811391017601 5.615783372632763 5.669933386572202 5.724083400511642
4.587604443453927 4.577267401863468 4.56693036027301 4.556593318682551 4.546256277092093 4.535919235501634 4.525582193911176 4.515245152320717 4.504908110730259 4.494571069139783 4.484234027549324 4.473896985958866 4.4886039770140895 4.530083605821937 4.571563234629785 4.613042863437633 4.65452249224548 4.696002121053328 4.737481749861176 4.778961378669024 4.820441007476871 4.86192063628472 4.903400265092638 4.944879893900485 4.986359522708334 5.027839151516181 5.069318780324029 5.110798409131877 5.152278037939725 5.193757666747572 5.23523729555542 5.276716924363268 5.3181965531711155 5.359676181978964 5.401155810786811 5.44263543959473 5.484115068402578 5.525594697210425 5.567074326018274 5.608553954826121 5.650033583633968 5.691513212441817 5.739600012080741 5.794750026920793 5.849900041760846
4.671711847154779 4.661597027574597 4.651482207994416 4.641367388414234 4.631252568834053 4.6211377492538706 4.611022929673689 4.600908110093507 4.590793290513326 4.580678470933127 4.570563651352945 4.560448831772764 4.575861364751923 4.618563215411021 4.66126506607012 4.703966916729218 4.746668767388317 4.789370618047416 4.832072468706515 4.874774319365613 4.917476170024711 4.96017802068381 5.002879871342981 5.04558172200208 5.088283572661179 5.130985423320277 5.173687273979375 5.216389124638474 5.259090975297573 5.301792825956671 5.34449467661577 5.3871965272748685 5.429898377933967 5.472600228593066 5.515302079252164 5.558003929911336 5.6007057805704346 5.6434076312295325 5.686109481888631 5.72881133254773 5.771513183206828 5.814215033865927 5.863416651528613 5.919566667269278 5.975716683009942
4.759530233497203 4.749315409820813 4.739100586144423 4.728885762468034 4.718670938791644 4.708456115115254 4.698241291438864 4.688026467762474 4.677811644086084 4.667596820409677 4.657381996733287 4.647167173056897 4.662521762252353 4.70521063255382 4.7478995028552875 4.790588373156755 4.833277243458222 4.875966113759691 4.918654984061158 4.961343854362625 5.004032724664093 5.04672159496556 5.0894104652671 5.132099335568568 5.174788205870036 5.2174770761715035 5.260165946472971 5.302854816774438 5.345543687075906 5.388232557377373 5.430921427678841 5.473610297980309 5.516299168281776 5.5589880385832435 5.601676908884711 5.644365779186251 5.6870546494877185 5.729743519789187 5.772432390090653 5.815121260392122 5.857810130693589 5.900499000995056 5.949839798419044 6.0062916565329685 6.062743514646893
4.851315426341135 4.840656159174011 4.8299968920068865 4.819337624839762 4.808678357672638 4.798019090505514 4.78735982333839 4.776700556171265 4.766041289004141 4.755382021836999 4.7447227546698745 4.73406348750275 4.748544014823581 4.789899551473931 4.831255088124281 4.87261062477463 4.91396616142498 4.95532169807533 4.99667723472568 5.038032771376029 5.079388308026379 5.1207438446767295 5.162099381327149 5.203454917977499 5.244810454627849 5.286165991278199 5.327521527928548 5.368877064578898 5.410232601229248 5.451588137879598 5.492943674529948 5.534299211180297 5.575654747830647 5.617010284480997 5.658365821131347 5.699721357781767 5.741076894432116 5.782432431082467 5.823787967732816 5.865143504383166 5.906499041033515 5.947854577683866 5.996291659071341 6.0522990721050745 6.108306485138808
4.943100619185067 4.931996908527209 4.92089319786935 4.909789487211491 4.8986857765536325 4.887582065895773 4.876478355237914 4.865374644580056 4.854270933922197 4.843167223264319 4.832063512606461 4.820959801948602 4.834566267394809 4.874588470394041 4.914610673393273 4.9546328763925045 4.994655079391737 5.034677282390969 5.074699485390201 5.114721688389433 5.154743891388665 5.194766094387897 5.2347882973871975 5.27481050038643 5.314832703385661 5.354854906384893 5.394877109384125 5.434899312383357 5.474921515382589 5.514943718381821 5.554965921381053 5.5949881243802855 5.635010327379518 5.675032530378749 5.715054733377981 5.755076936377281 5.795099139376513 5.8351213423757455 5.875143545374978 5.91516574837421 5.955187951373442 5.995210154372673 6.042743519723637 6.098306487677179 6.153869455630721
5.034885812028999 5.023337657880405 5.011789503731812 5.000241349583219 4.988693195434625 4.9771450412860325 4.96559688713744 4.954048732988846 4.942500578840253 4.9309524246916405 4.919404270543047 4.907856116394454 4.920588519966037 4.959277389314151 4.997966258662265 5.03665512801038 5.075343997358494 5.114032866706608 5.152721736054723 5.191410605402837 5.230099474750951 5.268788344099065 5.307477213447245 5.346166082795359 5.384854952143474 5.423543821491588 5.462232690839702 5.500921560187817 5.539610429535931 5.578299298884045 5.61698816823216 5.655677037580274 5.694365906928388 5.733054776276502 5.771743645624617 5.810432514972797 5.849121384320911 5.887810253669025 5.926499123017139 5.965187992365254 6.003876861713368 6.042565731061482 6.089195380375934 6.144313903249285 6.199432426122635
5.1266710048730095 5.114678407233681 5.1026858095943535 5.090693211955025 5.078700614315697 5.066708016676369 5.054715419037041 5.042722821397713 5.030730223758385 5.018737626119036 5.006745028479709 4.99475243084038 5.006610772537338 5.043966308234333 5.081321843931329 5.118677379628324 5.156032915325319 5.193388451022315 5.23074398671931 5.268099522416306 5.305455058113301 5.342810593810296 5.380166129507356 5.417521665204351 5.454877200901346 5.492232736598342 5.529588272295337 5.566943807992333 5.604299343689328 5.641654879386323 5.679010415083319 5.716365950780314 5.753721486477309 5.791077022174305 5.8284325578713 5.865788093568359 5.9031436292653545 5.9404991649623495 5.977854700659345 6.0152102363563404 6.052565772053336 6.089921307750331 6.135647241028271 6.190321318821429 6.244995396614587
5.218456197716941 5.206019156586878 5.193582115456816 5.1811450743267535 5.16870803319669 5.156270992066628 5.143833950936566 5.1313969098065035 5.118959868676441 5.106522827546357 5.0940857864162945 5.081648745286232 5.092633025108566 5.128655227154444 5.164677429200321 5.200699631246199 5.236721833292076 5.272744035337954 5.308766237383832 5.34478843942971 5.380810641475587 5.4168328435214645 5.452855045567404 5.488877247613281 5.524899449659159 5.560921651705037 5.596943853750914 5.632966055796792 5.66898825784267 5.705010459888547 5.741032661934424 5.777054863980302 5.81307706602618 5.849099268072058 5.8851214701179355 5.921143672163875 5.9571658742097515 5.993188076255629 6.029210278301507 6.065232480347385 6.101254682393263 6.1372768844391405 6.182099101680568 6.236328734393535 6.290558367106501
5.310241390560874 5.297359905940077 5.28447842131928 5.271596936698483 5.258715452077686 5.245833967456889 5.232952482836092 5.220070998215295 5.207189513594498 5.194308028973679 5.181426544352882 5.168545059732085 5.178655277679795 5.213344146074554 5.248033014469314 5.282721882864074 5.317410751258834 5.352099619653594 5.386788488048354 5.421477356443114 5.456166224837873 5.490855093232633 5.525543961627452 5.560232830022212 5.5949216984169725 5.629610566811732 5.664299435206492 5.698988303601252 5.733677171996011 5.768366040390772 5.803054908785532 5.837743777180291 5.872432645575051 5.907121513969811 5.9418103823645705 5.97649925075939 6.011188119154149 6.04587698754891 6.08056585594367 6.115254724338429 6.149943592733189 6.184632461127949 6.228550962332865 6.28233614996564 6.336121337598415
