Figures/CREST_Example_wjb_NSE/Rolling_result/20100722/raw_forecast_backup/ens_3/wjb.rain.20100726.asc
ncols            288
nrows            254
xllcorner        113.274861
yllcorner        31.4918055
cellsize         0.008333333333
NODATA_value     -9999
[rows 114 to 132 of 254, columns 132 to 175 of 288]
0.3849779522174698 0.3959668456596045 0.40695573910173916 0.4179446325438738 0.42893352598600853 0.4399224194281432 0.45091131287027786 0.4619002063124126 0.4728890997545473 0.4838779931966819 0.4948668866388166 0.50585578008097 0.5168446735231047 0.5278335669652394 0.538822460407374 0.5410390928158333 0.5338779797604064 0.5267168667049795 0.5195557536495528 0.5123946405941259 0.505233527538699 0.49807241448327216 0.4909113014278453 0.48375018837241845 0.47658907531697936 0.4694279622615525 0.46226684920612565 0.4551057361506988 0.44794462309527194 0.44078351003984506 0.43362239698441823 0.42646128392899135 0.4193001708735645 0.41213905781813764 0.40497794476271076 0.39781683170728394 0.3906557186518571 0.383494605596418 0.37633349254099113 0.3691723794855643 0.3620112664301374 0.3548501533747106 0.3476890403192837 0.34052792726385683
0.4053001663539868 0.4169557264892256 0.42861128662446435 0.4402668467597032 0.45192240689494195 0.4635779670301807 0.47523352716541956 0.4868890873006583 0.4985446474358971 0.5102002075711358 0.5218557677063747 0.5335113278416334 0.5451668879768721 0.5568224481121109 0.5684780082473497 0.5708779873036176 0.5633835408354114 0.5558890943672051 0.5483946478989988 0.5409002014307925 0.5334057549625862 0.52591130849438 0.5184168620261737 0.5109224155579674 0.5034279690897483 0.49593352262154194 0.48843907615333565 0.48094462968512935 0.47345018321692306 0.46595573674871676 0.45846129028051047 0.4509668438123042 0.44347239734409793 0.43597795087589164 0.42848350440768534 0.42098905793947905 0.41349461147127275 0.40600016500305364 0.3985057185348474 0.3910112720666411 0.3835168255984348 0.3760223791302285 0.3685279326620222 0.3610334861938159
0.42562238049050394 0.4379446073188469 0.45026683414718977 0.46258906097553265 0.4749112878038756 0.4872335146322185 0.49955574146056136 0.5118779682889043 0.5242001951172472 0.5365224219455901 0.5488446487739329 0.5611668756022969 0.5734891024306399 0.5858113292589827 0.5981335560873255 0.6007168817914023 0.5928891019104165 0.5850613220294307 0.577233542148445 0.5694057622674593 0.5615779823864736 0.5537502025054878 0.5459224226245021 0.5380946427435164 0.5302668628625172 0.5224390829815315 0.5146113031005458 0.5067835232195601 0.49895574333857434 0.4911279634575886 0.48330018357660287 0.4754724036956171 0.46764462381463134 0.45981684393364564 0.45198906405265993 0.44416128417167416 0.4363335042906884 0.42850572440968937 0.4206779445287036 0.41285016464771784 0.40502238476673214 0.3971946048857464 0.38936682500476066 0.3815390451237749
0.44594459462702096 0.458933488148468 0.471922381669915 0.484911275191362 0.497900168712809 0.5108890622342561 0.5238779557557031 0.53686684927715 0.5498557427985971 0.5628446363200441 0.5758335298414912 0.5888224233629602 0.6018113168844073 0.6148002104058543 0.6277891039273014 0.6305557762791867 0.6223946629854215 0.6142335496916563 0.6060724363978911 0.597911323104126 0.5897502098103607 0.5815890965165956 0.5734279832228304 0.5652668699290653 0.5571057566352862 0.548944643341521 0.5407835300477558 0.5326224167539907 0.5244613034602255 0.5163001901664603 0.5081390768726951 0.49997796357893 0.4918168502851648 0.48365573699139963 0.47549462369763446 0.4673335104038693 0.45917239711010416 0.45101128381632505 0.44285017052255987 0.4346890572287947 0.4265279439350295 0.41836683064126434 0.41020571734749917 0.402044604053734
0.4662668087635554 0.47992236897810714 0.49357792919265886 0.5072334894072106 0.5208890496217622 0.5345446098363139 0.5482001700508656 0.5618557302654172 0.575511290479969 0.5891668506945207 0.6028224109090723 0.6164779711236473 0.630133531338199 0.6437890915527507 0.6574446517673025 0.6603946707669966 0.6519002240604517 0.6434057773539068 0.6349113306473619 0.6264168839408171 0.6179224372342721 0.6094279905277272 0.6009335438211824 0.5924390971146374 0.5839446504080781 0.5754502037015332 0.5669557569949882 0.5584613102884434 0.5499668635818985 0.5414724168753535 0.5329779701688087 0.5244835234622638 0.5159890767557189 0.507494630049174 0.4990001833426291 0.4905057366360842 0.4820112899295393 0.47351684322297993 0.465022396516435 0.4565279498098901 0.4480335031033452 0.4395390563968003 0.4310446096902554 0.4225501629837105
0.48658902290007244 0.5009112498077283 0.5152334767153841 0.5295557036230398 0.5438779305306957 0.5582001574383515 0.5725223843460072 0.5868446112536632 0.6011668381613189 0.6154890650689746 0.6298112919766305 0.6441335188843107 0.6584557457919665 0.6727779726996224 0.6871001996072781 0.690233565254781 0.6814057851354567 0.6725780050161323 0.663750224896808 0.6549224447774836 0.6460946646581593 0.637266884538835 0.6284391044195107 0.6196113243001864 0.6107835441808469 0.6019557640615226 0.5931279839421983 0.584300203822874 0.5754724237035497 0.5666446435842253 0.557816863464901 0.5489890833455766 0.5401613032262523 0.5313335231069279 0.5225057429876037 0.5136779628682793 0.504850182748955 0.4960224026296156 0.4871946225102912 0.47836684239096694 0.46953906227164255 0.46071128215231827 0.45188350203299393 0.4430557219136696
0.5069112370365896 0.5219001306373495 0.5368890242381095 0.5518779178388693 0.5668668114396292 0.5818557050403892 0.596844598641149 0.611833492241909 0.6268223858426689 0.6418112794434288 0.6568001730441887 0.6717890666449742 0.686777960245734 0.7017668538464941 0.7167557474472539 0.7200724597425655 0.7109113462104617 0.7017502326783579 0.6925891191462542 0.6834280056141504 0.6742668920820466 0.6651057785499428 0.6559446650178391 0.6467835514857353 0.637622437953616 0.6284613244215121 0.6193002108894083 0.6101390973573046 0.6009779838252008 0.591816870293097 0.5826557567609932 0.5734946432288895 0.5643335296967857 0.5551724161646819 0.5460113026325781 0.5368501891004744 0.5276890755683706 0.5185279620362513 0.5093668485041475 0.5002057349720437 0.49104462143993993 0.4818835079078362 0.4727223943757324 0.46356128084362863
0.5272334511731066 0.5428890114669707 0.5585445717608346 0.5742001320546988 0.5898556923485627 0.6055112526424268 0.6211668129362908 0.6368223732301548 0.6524779335240188 0.6681334938178829 0.6837890541117468 0.6994446144056377 0.7151001746995016 0.7307557349933657 0.7464112952872297 0.7499113542303499 0.7404169072854667 0.7309224603405835 0.7214280133957003 0.7119335664508171 0.7024391195059339 0.6929446725610507 0.6834502256161675 0.6739557786712843 0.6644613317263849 0.6549668847815017 0.6454724378366185 0.6359779908917352 0.626483543946852 0.6169890970019688 0.6074946500570856 0.5980002031122024 0.5885057561673191 0.5790113092224359 0.5695168622775527 0.5600224153326695 0.5505279683877863 0.541033521442887 0.5315390744980037 0.5220446275531205 0.5125501806082373 0.5030557336633541 0.4935612867184709 0.48406683977358766
0.5475556653096236 0.5638778922965918 0.58020011928356 0.596522346270528 0.6128445732574962 0.6291668002444644 0.6454890272314324 0.6618112542184006 0.6781334812053688 0.6944557081923368 0.710777935179305 0.7271001621663009 0.7434223891532692 0.7597446161402372 0.7760668431272053 0.7797502487181344 0.7699224683604717 0.760094688002809 0.7502669076451464 0.7404391272874837 0.7306113469298211 0.7207835665721585 0.7109557862144958 0.7011280058568332 0.6913002254991537 0.6814724451414911 0.6716446647838284 0.6618168844261658 0.6519891040685032 0.6421613237108406 0.6323335433531778 0.6225057629955152 0.6126779826378526 0.6028502022801899 0.5930224219225273 0.5831946415648646 0.573366861207202 0.5635390808495225 0.5537113004918599 0.5438835201341973 0.5340557397765346 0.5242279594188719 0.5144001790612094 0.5045723987035466
0.5678778794461408 0.5848667731262129 0.6018556668062852 0.6188445604863575 0.6358334541664297 0.652822347846502 0.6698112415265742 0.6868001352066464 0.7037890288867187 0.720777922566791 0.7377668162468631 0.7547557099269644 0.7717446036070366 0.7887334972871088 0.8057223909671811 0.8095891432059188 0.7994280294354768 0.7892669156650347 0.7791058018945926 0.7689446881241505 0.7587835743537084 0.7486224605832663 0.7384613468128243 0.7283002330423821 0.7181391192719228 0.7079780055014806 0.6978168917310386 0.6876557779605965 0.6774946641901545 0.6673335504197123 0.6571724366492703 0.6470113228788281 0.6368502091083861 0.626689095337944 0.6165279815675019 0.6063668677970598 0.5962057540266177 0.5860446402561583 0.5758835264857163 0.5657224127152741 0.5555612989448321 0.5454001851743899 0.5352390714039479 0.5250779576335058
0.5882000935826752 0.6058556539558522 0.6235112143290291 0.6411667747022061 0.6588223350753829 0.6764778954485599 0.6941334558217368 0.7117890161949136 0.7294445765680906 0.7471001369412675 0.7647556973144445 0.7824112576876515 0.8000668180608285 0.8177223784340054 0.8353779388071823 0.8394280376937289 0.828933590510507 0.8184391433272852 0.8079446961440634 0.7974502489608416 0.7869558017776197 0.7764613545943979 0.7659669074111761 0.7554724602279543 0.7449780130447146 0.7344835658614928 0.723989118678271 0.7134946714950492 0.7030002243118274 0.6925057771286055 0.6820113299453837 0.6715168827621619 0.6610224355789401 0.6505279883957182 0.6400335412124964 0.6295390940292747 0.6190446468460529 0.6085501996628131 0.5980557524795913 0.5875613052963695 0.5770668581131477 0.5665724109299259 0.5560779637467042 0.5455835165634823
0.6085223077191924 0.6268445347854734 0.6451667618517545 0.6634889889180354 0.6818112159843165 0.7001334430505975 0.7184556701168785 0.7367778971831596 0.7551001242494406 0.7734223513157217 0.7917445783820027 0.8100668054483151 0.8283890325145962 0.846711259580877 0.8650334866471581 0.8692669321815133 0.8584391515855121 0.8476113709895108 0.8367835903935096 0.8259558097975083 0.8151280292015071 0.8043002486055058 0.7934724680095046 0.7826446874135032 0.7718169068174836 0.7609891262214823 0.7501613456254811 0.7393335650294798 0.7285057844334786 0.7176780038374773 0.7068502232414761 0.6960224426454749 0.6851946620494735 0.6743668814534722 0.663539100857471 0.6527113202614698 0.6418835396654685 0.6310557590694488 0.6202279784734476 0.6094001978774464 0.5985724172814451 0.5877446366854437 0.5769168560894425 0.5660890754934413
0.6288445218557093 0.6478334156150944 0.6668223093744796 0.6858112031338648 0.70480009689325 0.7237889906526351 0.7427778844120202 0.7617667781714054 0.7807556719307904 0.7997445656901756 0.8187334594495608 0.8377223532089784 0.8567112469683635 0.8757001407277486 0.8946890344871338 0.8991058266692977 0.887944712660517 0.8767835986517363 0.8656224846429557 0.8544613706341749 0.8433002566253942 0.8321391426166136 0.8209780286078329 0.8098169145990521 0.7986558005902524 0.7874946865814718 0.7763335725726911 0.7651724585639104 0.7540113445551297 0.742850230546349 0.7316891165375684 0.7205280025287877 0.709366888520007 0.6982057745112263 0.6870446605024456 0.675883546493665 0.6647224324848843 0.6535613184760845 0.6424002044673038 0.6312390904585232 0.6200779764497425 0.6089168624409618 0.5977557484321812 0.5865946344234004
0.6491667359922264 0.6688222964447157 0.688477856897205 0.7081334173496943 0.7277889778021835 0.7474445382546727 0.767100098707162 0.7867556591596512 0.8064112196121405 0.8260667800646297 0.845722340517119 0.8653779009696418 0.885033461422131 0.9046890218746203 0.9243445823271096 0.9289447211570822 0.917450273735522 0.9059558263139619 0.8944613788924018 0.8829669314708417 0.8714724840492816 0.8599780366277214 0.8484835892061613 0.8369891417846012 0.8254946943630215 0.8140002469414613 0.8025057995199012 0.7910113520983411 0.7795169046767809 0.7680224572552208 0.7565280098336606 0.7450335624121005 0.7335391149905404 0.7220446675689803 0.7105502201474202 0.6990557727258601 0.6875613253042999 0.6760668778827201 0.6645724304611601 0.6530779830396 0.6415835356180398 0.6300890881964797 0.6185946407749197 0.6071001933533595
0.6694889501287435 0.6898111772743368 0.7101334044199302 0.7304556315655235 0.7507778587111169 0.7711000858567103 0.7914223130023037 0.8117445401478971 0.8320667672934905 0.8523889944390838 0.8727112215846771 0.8930334487303051 0.9133556758758985 0.9336779030214919 0.9540001301670853 0.9587836156448667 0.9469558348105271 0.9351280539761875 0.9233002731418479 0.9114724923075084 0.8996447114731688 0.8878169306388293 0.8759891498044897 0.8641613689701502 0.8523335881357904 0.8405058073014509 0.8286780264671112 0.8168502456327718 0.8050224647984321 0.7931946839640925 0.781366903129753 0.7695391222954134 0.7577113414610739 0.7458835606267343 0.7340557797923948 0.7222279989580551 0.7104002181237157 0.6985724372893558 0.6867446564550164 0.6749168756206767 0.6630890947863372 0.6512613139519976 0.639433533117658 0.6276057522833185
0.6898111642652606 0.7108000581039581 0.7317889519426556 0.752777845781353 0.7737667396200505 0.794755633458748 0.8157445272974455 0.836733421136143 0.8577223149748405 0.8787112088135379 0.8997001026522354 0.9206889964909687 0.9416778903296662 0.9626667841683637 0.9836556780070611 0.9886225101326511 0.9764613958855322 0.9643002816384131 0.9521391673912941 0.9399780531441752 0.9278169388970561 0.9156558246499371 0.9034947104028181 0.8913335961556991 0.8791724819085593 0.8670113676614404 0.8548502534143213 0.8426891391672023 0.8305280249200833 0.8183669106729643 0.8062057964258453 0.7940446821787264 0.7818835679316073 0.7697224536844883 0.7575613394373693 0.7454002251902503 0.7332391109431313 0.7210779966959915 0.7089168824488725 0.6967557682017536 0.6845946539546346 0.6724335397075155 0.6602724254603964 0.6481113112132775
0.7101333784017777 0.7317889389335793 0.7534444994653808 0.7751000599971825 0.7967556205289841 0.8184111810607857 0.8400667415925873 0.8617223021243889 0.8833778626561906 0.9050334231879922 0.9266889837197936 0.9483445442516323 0.9700001047834339 0.9916556653152353 1.013311225847037 1.0184614046204357 1.0059669569605372 0.9934725093006387 0.9809780616407403 0.9684836139808418 0.9559891663209434 0.943494718661045 0.9310002710011465 0.9185058233412481 0.9060113756813283 0.8935169280214299 0.8810224803615314 0.8685280327016329 0.8560335850417345 0.8435391373818361 0.8310446897219377 0.8185502420620392 0.8060557944021407 0.7935613467422423 0.7810668990823438 0.7685724514224455 0.756078003762547 0.7435835561026272 0.7310891084427288 0.7185946607828303 0.7061002131229319 0.6936057654630334 0.6811113178031349 0.6686168701432366
0.730455592538312 0.7527778197632183 0.7751000469881246 0.7974222742130309 0.8197445014379372 0.8420667286628434 0.8643889558877498 0.886711183112656 0.9090334103375622 0.9313556375624685 0.9536778647873748 0.9760000920123192 0.9983223192372255 1.0206445464621317 1.0429667736870378 1.0483002991082455 1.0354725180355673 1.0226447369628893 1.009816955890211 0.9969891748175328 0.9841613937448547 0.9713336126721765 0.9585058315994983 0.9456780505268202 0.9328502694541201 0.920022488381442 0.9071947073087638 0.8943669262360856 0.8815391451634075 0.8687113640907294 0.8558835830180511 0.843055801945373 0.8302280208726948 0.8174002398000166 0.8045724587273384 0.7917446776546603 0.7789168965819822 0.7660891155092822 0.7532613344366039 0.7404335533639257 0.7276057722912477 0.7147779912185694 0.7019502101458912 0.6891224290732131
0.7507778066748292 0.7737667005928396 0.79675559451085 0.8197444884288603 0.8427333823468708 0.8657222762648811 0.8887111701828916 0.9117000641009019 0.9346889580189124 0.9576778519369227 0.980666745854933 1.0036556397729826 1.026644533690993 1.0496334276090034 1.0726223215270139 1.07813919359603 1.0649780791105723 1.0518169646251148 1.0386558501396572 1.0254947356541995 1.012333621168742 0.9991725066832844 0.9860113921978267 0.9728502777123691 0.9596891632268891 0.9465280487414315 0.9333669342559738 0.9202058197705163 0.9070447052850587 0.893883590799601 0.8807224763141435 0.8675613618286858 0.8544002473432282 0.8412391328577706 0.8280780183723131 0.8149169038868553 0.8017557894013978 0.7885946749159178 0.7754335604304601 0.7622724459450025 0.749111331459545 0.7359502169740874 0.7227891024886297 0.7096279880031722
