Figures/CREST_Example_wjb_NSE/Rolling_result/20100722/raw_forecast/ens_4/wjb.rain.20090727.asc
ncols            288
nrows            254
xllcorner        113.274861
yllcorner        31.4918055
cellsize         0.008333333333
NODATA_value     -9999
[rows 120 to 139 of 254, columns 180 to 224 of 288]
1.9636525743244795 1.9636525743244795 1.9636525743244795 1.9877408362159825 2.0375799950678832 2.0874191539197837 2.137258312771684 2.1870974716235847 2.236936630475485 2.2867757893273857 2.336614948179286 2.3864541070311867 2.436293265883087 2.4861324247349876 2.535971583586888 2.6326771487583027 2.7794839627368573 2.9262907767154123 3.0730975906939673 3.219904404672522 3.366711218651077 3.513518032629632 3.6603248466081864 3.807131660586741 3.9539384745652963 4.100745288543851 4.2475521025224054 4.323404248384595 4.323404248384595 4.323404248384595 4.323404248384595 4.323404248384595 4.323404248384595 4.323404248384595 4.323404248384595 4.323404248384595 4.323404248384595 4.323404248384595 4.323404248384595 4.438584848937896 4.676896118161228 4.9152073873849655 5.1535186566082976 5.391829925831629 5.630141195054961
1.970108494023532 1.970108494023532 1.970108494023532 2.0046739092683987 2.076190535454636 2.1477071616408736 2.2192237878271115 2.290740414013349 2.3622570401995864 2.433773666385824 2.5052902925720613 2.5768069187582987 2.648323544944536 2.7198401711307736 2.791356797317011 2.9016522035115986 3.053403002986932 3.2051538024622652 3.3569046019375985 3.508655401412932 3.660406200888265 3.8121570003635985 3.963907799838932 4.115658599314266 4.2674093987895985 4.419160198264931 4.570910997740265 4.649317602069872 4.649317602069872 4.649317602069872 4.649317602069872 4.649317602069872 4.649317602069872 4.649317602069872 4.649317602069872 4.649317602069872 4.649317602069872 4.649317602069872 4.649317602069872 4.76295228188891 4.998065006126966 5.233177730365423 5.468290454603479 5.703403178841535 5.93851590307959
2.2251293757058623 2.2251293757058623 2.2251293757058623 2.2736989612473777 2.3741905326225807 2.4746821039977838 2.575173675372987 2.67566524674819 2.776156818123393 2.876648389498596 2.977139960873799 3.077631532249002 3.178123103624205 3.2786146749994076 3.3791062463746107 3.5032922580593095 3.652808162571427 3.802324067083544 3.9518399715956614 4.101355876107779 4.250871780619896 4.400387685132014 4.54990358964413 4.699419494156248 4.848935398668365 4.998451303180483 5.1479672076925995 5.225219086474104 5.225219086474104 5.225219086474104 5.225219086474104 5.225219086474104 5.225219086474104 5.225219086474104 5.225219086474104 5.225219086474104 5.225219086474104 5.225219086474104 5.225219086474104 5.335429832997906 5.563458361760299 5.791486890523081 6.019515419285474 6.247543948047866 6.475572476810259
2.480150257388193 2.480150257388193 2.480150257388193 2.5427240132263575 2.6721905297905257 2.8016570463546944 2.931123562918863 3.060590079483031 3.1900565960472 3.319523112611368 3.4489896291755366 3.578456145739705 3.7079226623038735 3.837389178868042 3.9668556954322103 4.104932312607021 4.252213322155922 4.399494331704823 4.546775341253724 4.694056350802626 4.8413373603515275 4.988618369900428 5.13589937944933 5.283180388998231 5.430461398547132 5.577742408096034 5.725023417644935 5.8011205708783375 5.8011205708783375 5.8011205708783375 5.8011205708783375 5.8011205708783375 5.8011205708783375 5.8011205708783375 5.8011205708783375 5.8011205708783375 5.8011205708783375 5.8011205708783375 5.8011205708783375 5.9079073841069025 6.1288517173936325 6.349796050680739 6.570740383967468 6.791684717254198 7.012629050540928
2.735171139070741 2.735171139070741 2.735171139070741 2.811749065205566 2.9701905269587248 3.1286319887118834 3.2870734504650416 3.4455149122182007 3.603956373971359 3.762397835724518 3.9208392974776762 4.079280759230835 4.2377222209839935 4.396163682737152 4.554605144490311 4.706572367155244 4.851618481740927 4.996664596326611 5.141710710912295 5.286756825497978 5.431802940083662 5.576849054669346 5.721895169255029 5.8669412838407125 6.011987398426395 6.157033513012079 6.302079627597763 6.377022055283062 6.377022055283062 6.377022055283062 6.377022055283062 6.377022055283062 6.377022055283062 6.377022055283062 6.377022055283062 6.377022055283062 6.377022055283062 6.377022055283062 6.377022055283062 6.480384935216387 6.6942450730274485 6.908105210838874 7.121965348649935 7.335825486460996 7.5496856242720565
2.9901920207530717 2.9901920207530717 2.9901920207530717 3.0807741171845455 3.2681905241266698 3.4556069310687936 3.643023338010918 3.8304397449530416 4.017856151895166 4.20527255883729 4.3926889657794135 4.580105372721538 4.767521779663662 4.954938186605786 5.1423545935479105 5.308212421702955 5.451023641325423 5.59383486094789 5.736646080570358 5.879457300192825 6.0222685198152925 6.16507973943776 6.307890959060227 6.450702178682695 6.593513398305163 6.73632461792763 6.8791358375500975 6.952923539687294 6.952923539687294 6.952923539687294 6.952923539687294 6.952923539687294 6.952923539687294 6.952923539687294 6.952923539687294 6.952923539687294 6.952923539687294 6.952923539687294 6.952923539687294 7.052862486325383 7.259638428660781 7.466414370996532 7.673190313331929 7.879966255667328 8.086742198002725
3.245212902435402 3.245212902435402 3.245212902435402 3.349799169163525 3.5661905212946143 3.7825818734257037 3.998973225556793 4.2153645776878825 4.431755929818973 4.648147281950062 4.864538634081152 5.080929986212241 5.29732133834333 5.513712690474421 5.730104042605509 5.909852476250666 6.050428800909918 6.19100512556917 6.331581450228421 6.472157774887672 6.612734099546924 6.753310424206175 6.893886748865427 7.0344630735246785 7.175039398183929 7.315615722843181 7.456192047502433 7.528825024091527 7.528825024091527 7.528825024091527 7.528825024091527 7.528825024091527 7.528825024091527 7.528825024091527 7.528825024091527 7.528825024091527 7.528825024091527 7.528825024091527 7.528825024091527 7.62534003743438 7.825031784294115 8.02472353115419 8.224415278013925 8.42410702487366 8.623798771733394
3.5002337841177322 3.5002337841177322 3.5002337841177322 3.618824221142504 3.864190518462559 4.1095568157826134 4.354923113102669 4.600289410422723 4.845655707742779 5.091022005062833 5.336388302382889 5.581754599702943 5.827120897022999 6.072487194343053 6.317853491663108 6.511492530798376 6.649833960494412 6.788175390190448 6.9265168198864835 7.064858249582519 7.203199679278555 7.341541108974591 7.479882538670626 7.618223968366661 7.756565398062697 7.894906827758732 8.033248257454769 8.10472650849576 8.10472650849576 8.10472650849576 8.10472650849576 8.10472650849576 8.10472650849576 8.10472650849576 8.10472650849576 8.10472650849576 8.10472650849576 8.10472650849576 8.10472650849576 8.197817588543376 8.390425139927448 8.583032691311848 8.77564024269592 8.968247794079993 9.160855345464064
3.755254665800063 3.755254665800063 3.755254665800063 3.8878492731214833 4.1621905156305035 4.436531758139524 4.710873000648545 4.985214243157565 5.259555485666586 5.5338967281756055 5.808237970684626 6.082579213193647 6.356920455702667 6.631261698211688 6.9056029407207085 7.113132585346087 7.249239120078907 7.385345654811727 7.521452189544546 7.657558724277366 7.793665259010186 7.929771793743004 8.065878328475824 8.201984863208644 8.338091397941463 8.474197932674283 8.610304467407103 8.680627992899993 8.680627992899993 8.680627992899993 8.680627992899993 8.680627992899993 8.680627992899993 8.680627992899993 8.680627992899993 8.680627992899993 8.680627992899993 8.680627992899993 8.680627992899993 8.770295139652372 8.95581849556078 9.141341851469505 9.326865207377915 9.512388563286324 9.697911919194732
4.010275547482394 4.010275547482394 4.010275547482394 4.156874325100463 4.460190512798449 4.763506700496435 5.06682288819442 5.370139075892406 5.673455263590393 5.9767714512883785 6.280087638986364 6.58340382668435 6.886720014382336 7.1900362020803215 7.493352389778307 7.714772639893798 7.848644279663402 7.9825159194330055 8.11638755920261 8.250259198972213 8.384130838741816 8.51800247851142 8.651874118281023 8.785745758050627 8.91961739782023 9.053489037589834 9.187360677359436 9.256529477304225 9.256529477304225 9.256529477304225 9.256529477304225 9.256529477304225 9.256529477304225 9.256529477304225 9.256529477304225 9.256529477304225 9.256529477304225 9.256529477304225 9.256529477304225 9.342772690761368 9.521211851194114 9.699651011627164 9.87809017205991 10.056529332492655 10.234968492925402
4.265296429164724 4.265296429164724 4.265296429164724 4.425899377079443 4.7581905099663935 5.090481642853345 5.422772775740297 5.755063908627248 6.0873550415142 6.419646174401151 6.751937307288102 7.084228440175053 7.416519573062005 7.748810705948957 8.081101838835908 8.31641269444151 8.448049439247898 8.579686184054285 8.711322928860673 8.84295967366706 8.974596418473448 9.106233163279835 9.237869908086223 9.36950665289261 9.501143397698998 9.632780142505386 9.764416887311773 9.832430961708459 9.832430961708459 9.832430961708459 9.832430961708459 9.832430961708459 9.832430961708459 9.832430961708459 9.832430961708459 9.832430961708459 9.832430961708459 9.832430961708459 9.832430961708459 9.915250241870366 10.086605206827448 10.257960171784823 10.429315136741906 10.60067010169899 10.772025066656072
4.520317310847272 4.520317310847272 4.520317310847272 4.69492442905865 5.056190507134592 5.417456585210534 5.778722663286475 6.139988741362417 6.501254819438358 6.862520897514299 7.223786975590242 7.585053053666183 7.946319131742124 8.307585209818066 8.668851287894007 8.918052748989734 9.047454598832903 9.176856448676073 9.306258298519243 9.435660148362413 9.565061998205582 9.694463848048752 9.82386569789192 9.95326754773509 10.08266939757826 10.212071247421429 10.341473097264599 10.408332446113182 10.408332446113182 10.408332446113182 10.408332446113182 10.408332446113182 10.408332446113182 10.408332446113182 10.408332446113182 10.408332446113182 10.408332446113182 10.408332446113182 10.408332446113182 10.487727792979848 10.651998562461262 10.816269331942957 10.98054010142437 11.144810870905784 11.309081640387198
4.775338192529603 4.775338192529603 4.775338192529603 4.963949481037631 5.3541905043025375 5.7444315275674445 6.134672550832351 6.524913574097258 6.915154597362165 7.305395620627072 7.695636643891979 8.085877667156886 8.476118690421794 8.8663597136867 9.256600736951608 9.519692803537444 9.646859758417397 9.774026713297351 9.901193668177305 10.02836062305726 10.155527577937214 10.282694532817167 10.409861487697121 10.537028442577075 10.664195397457028 10.791362352336982 10.918529307216936 10.984233930517416 10.984233930517416 10.984233930517416 10.984233930517416 10.984233930517416 10.984233930517416 10.984233930517416 10.984233930517416 10.984233930517416 10.984233930517416 10.984233930517416 10.984233930517416 11.060205344088846 11.217391918094597 11.374578492100616 11.531765066106367 11.688951640112117 11.846138214117868
4.964371579950155 4.964371579950155 4.964371579950155 5.1613498775467805 5.568902431920082 5.976454986293384 6.384007540666686 6.791560095039988 7.199112649413289 7.606665203786591 8.014217758159893 8.421770312533194 8.829322866906496 9.236875421279798 9.6444279756531 9.917142825276928 10.04571311753333 10.174283409789734 10.302853702046137 10.43142399430254 10.559994286558943 10.688564578815345 10.81713487107175 10.945705163328153 11.074275455584555 11.202845747840959 11.331416040097363 11.397845739765128 11.397845739765128 11.397845739765128 11.397845739765128 11.397845739765128 11.397845739765128 11.397845739765128 11.397845739765128 11.397845739765128 11.397845739765128 11.397845739765128 11.397845739765128 11.463033754870555 11.597909233408583 11.73278471194684 11.867660190484868 12.002535669022896 12.137411147560925
5.082868495891803 5.082868495891803 5.082868495891803 5.282188032615276 5.694584663712705 6.106981294810133 6.519377925907562 6.9317745570049905 7.344171188102418 7.756567819199847 8.168964450297276 8.581361081394704 8.993757712492133 9.40615434358956 9.818550974686989 10.0963265741933 10.230189244841142 10.364051915488984 10.497914586136826 10.631777256784668 10.765639927432511 10.899502598080353 11.033365268728195 11.167227939376037 11.301090610023879 11.43495328067172 11.568815951319563 11.637980117098445 11.637980117098445 11.637980117098445 11.637980117098445 11.637980117098445 11.637980117098445 11.637980117098445 11.637980117098445 11.637980117098445 11.637980117098445 11.637980117098445 11.637980117098445 11.684517929414937 11.780805716305652 11.87709350319653 11.973381290087243 12.069669076977958 12.16595686386867
5.20136541183345 5.20136541183345 5.20136541183345 5.403026187683773 5.820266895505328 6.2375076033268835 6.654748311148438 7.071989018969994 7.4892297267915495 7.906470434613104 8.323711142434659 8.740951850256215 9.15819255807777 9.575433265899324 9.99267397372088 10.275510323109675 10.414665372148956 10.553820421188236 10.692975470227518 10.8321305192668 10.97128556830608 11.110440617345361 11.249595666384643 11.388750715423923 11.527905764463204 11.667060813502486 11.806215862541766 11.878114494431765 11.878114494431765 11.878114494431765 11.878114494431765 11.878114494431765 11.878114494431765 11.878114494431765 11.878114494431765 11.878114494431765 11.878114494431765 11.878114494431765 11.878114494431765 11.906002103959324 11.963702199202723 12.02140229444622 12.07910238968962 12.13680248493302 12.194502580176419
5.3198623277750965 5.3198623277750965 5.3198623277750965 5.523864342752268 5.94594912729795 6.368033911843632 6.790118696389314 7.2122034809349955 7.634288265480677 8.056373050026359 8.478457834572042 8.900542619117724 9.322627403663406 9.744712188209087 10.16679697275477 10.454694072026047 10.599141499456767 10.743588926887488 10.888036354318208 11.032483781748928 11.176931209179648 11.321378636610367 11.465826064041087 11.610273491471808 11.754720918902528 11.899168346333248 12.043615773763968 12.118248871765083 12.118248871765083 12.118248871765083 12.118248871765083 12.118248871765083 12.118248871765083 12.118248871765083 12.118248871765083 12.118248871765083 12.118248871765083 12.118248871765083 12.118248871765083 12.127486278503708 12.146598682099794 12.16571108569591 12.184823489291995 12.203935892888081 12.223048296484166
5.438359243716844 5.438359243716844 5.438359243716844 5.644702497820867 6.071631359090679 6.498560220360492 6.925489081630305 7.352417942900118 7.779346804169931 8.206275665439744 8.633204526709557 9.06013338797937 9.487062249249181 9.913991110518996 10.340919971788807 10.633877820942574 10.783617626764737 10.9333574325869 11.083097238409065 11.232837044231228 11.382576850053393 11.532316655875556 11.68205646169772 11.831796267519884 11.981536073342047 12.13127587916421 12.281015684986375 12.358383249098608 12.358383249098608 12.358383249098608 12.358383249098608 12.358383249098608 12.358383249098608 12.358383249098608 12.358383249098608 12.358383249098608 12.358383249098608 12.358383249098608 12.358383249098608 12.348970453048285 12.329495164997022 12.310019876945725 12.290544588894463 12.2710693008432 12.251594012791937
5.556856159658492 5.556856159658492 5.556856159658492 5.765540652889363 6.197313590883302 6.629086528877242 7.060859466871181 7.4926324048651205 7.92440534285906 8.356178280853 8.787951218846938 9.21972415684088 9.651497094834818 10.083270032828757 10.515042970822698 10.813061569858947 10.96809375407255 11.123125938286153 11.278158122499754 11.433190306713357 11.58822249092696 11.743254675140562 11.898286859354165 12.053319043567768 12.208351227781371 12.363383411994974 12.518415596208577 12.598517626431926 12.598517626431926 12.598517626431926 12.598517626431926 12.598517626431926 12.598517626431926 12.598517626431926 12.598517626431926 12.598517626431926 12.598517626431926 12.598517626431926 12.598517626431926 12.57045462759267 12.512391647894091 12.454328668195416 12.39626568849684 12.338202708798262 12.280139729099686
5.675353075600139 5.675353075600139 5.675353075600139 5.8863788079578585 6.322995822675924 6.759612837393991 7.196229852112057 7.632846866830123 8.06946388154819 8.506080896266255 8.942697910984322 9.379314925702388 9.815931940420455 10.25254895513852 10.689165969856585 10.99224531877532 11.15256988138036 11.312894443985403 11.473219006590444 11.633543569195487 11.793868131800528 11.95419269440557 12.114517257010611 12.274841819615654 12.435166382220697 12.595490944825738 12.755815507430778 12.838652003765246 12.838652003765246 12.838652003765246 12.838652003765246 12.838652003765246 12.838652003765246 12.838652003765246 12.838652003765246 12.838652003765246 12.838652003765246 12.838652003765246 12.838652003765246 12.791938802137055 12.695288130791164 12.598637459445108 12.501986788099215 12.405336116753324 12.308685445407432
