Figures/CREST_Example_wjb_NSE/Rolling_result/20100722/raw_forecast/ens_4/wjb.rain.20100731.asc
ncols            288
nrows            254
xllcorner        113.274861
yllcorner        31.4918055
cellsize         0.008333333333
NODATA_value     -9999
[rows 60 to 79 of 254, columns 44 to 87 of 288]
11.891556612637322 11.919901064020369 11.948245515403416 11.976589966786463 12.00493441816951 12.033278869552557 12.061623320935604 12.089967772318651 12.118312223701746 12.146656675084794 12.17500112646784 12.203345577850888 12.231690029233935 12.25572398249731 12.275149915838464 12.294575849179619 12.314001782520773 12.333427715861927 12.35285364920308 12.372279582544234 12.391705515885388 12.411131449226575 12.430557382567729 12.449983315908883 12.469409249250036 12.48883518259119 12.508261115932344 12.527687049273498 12.547112982614651 12.566538915955805 12.585964849296959 12.605390782638112 12.624816715979266 12.64424264932042 12.663668582661607 12.683094516002761 12.702520449343915 12.721946382685068 12.741372316026222 12.760798249367376 12.78022418270853 12.799650116049683 12.819076049390837 12.831918981283284
12.119901045562877 12.147578830385275 12.175256615207672 12.20293440003007 12.230612184852466 12.258289969674864 12.285967754497262 12.31364553931966 12.341323324142104 12.369001108964502 12.3966788937869 12.424356678609298 12.452034463431696 12.47626098563464 12.496798030086817 12.517335074538993 12.537872118991167 12.558409163443343 12.57894620789552 12.599483252347696 12.62002029679987 12.640557341252082 12.661094385704258 12.681631430156433 12.702168474608609 12.722705519060785 12.743242563512961 12.763779607965136 12.784316652417312 12.804853696869488 12.825390741321664 12.845927785773839 12.866464830226015 12.887001874678191 12.9075389191304 12.928075963582577 12.948613008034753 12.96915005248693 12.989687096939104 13.01022414139128 13.030761185843456 13.051298230295632 13.071835274747807 13.086057828348288
12.348245478488431 12.37525659675018 12.402267715011927 12.429278833273676 12.456289951535425 12.483301069797172 12.51031218805892 12.537323306320669 12.564334424582464 12.591345542844211 12.61835666110596 12.645367779367708 12.672378897629457 12.696797988771971 12.718446144335168 12.740094299898367 12.761742455461563 12.78339061102476 12.805038766587959 12.826686922151156 12.848335077714355 12.869983233277589 12.891631388840786 12.913279544403984 12.934927699967181 12.95657585553038 12.978224011093577 12.999872166656775 13.021520322219972 13.043168477783171 13.064816633346368 13.086464788909566 13.108112944472763 13.129761100035962 13.151409255599196 13.173057411162393 13.194705566725592 13.216353722288789 13.238001877851987 13.259650033415184 13.281298188978383 13.30294634454158 13.324594500104777 13.34019667541329
12.576589911413986 12.602934363115084 12.629278814816184 12.655623266517283 12.681967718218383 12.70831216991948 12.73465662162058 12.76100107332168 12.787345525022824 12.813689976723921 12.840034428425021 12.86637888012612 12.892723331827218 12.917334991909302 12.940094258583521 12.962853525257742 12.985612791931961 13.00837205860618 13.0311313252804 13.05389059195462 13.076649858628839 13.099409125303097 13.122168391977317 13.144927658651538 13.167686925325757 13.190446191999976 13.213205458674196 13.235964725348415 13.258723992022635 13.281483258696856 13.304242525371075 13.327001792045294 13.349761058719514 13.372520325393733 13.395279592067991 13.41803885874221 13.440798125416432 13.463557392090651 13.48631665876487 13.50907592543909 13.53183519211331 13.554594458787529 13.577353725461748 13.594335522478294
12.804934344339541 12.830612129479992 12.85628991462044 12.88196769976089 12.90764548490134 12.93332327004179 12.959001055182238 12.984678840322688 13.010356625463182 13.036034410603632 13.06171219574408 13.08738998088453 13.11306776602498 13.137871995046632 13.161742372831874 13.185612750617114 13.209483128402356 13.233353506187598 13.25722388397284 13.281094261758081 13.304964639543323 13.328835017328606 13.352705395113846 13.376575772899088 13.40044615068433 13.424316528469571 13.448186906254813 13.472057284040055 13.495927661825295 13.519798039610537 13.543668417395779 13.56753879518102 13.591409172966262 13.615279550751504 13.639149928536787 13.663020306322027 13.686890684107269 13.71076106189251 13.734631439677752 13.758501817462994 13.782372195248236 13.806242573033476 13.830112950818718 13.848474369543299
13.033278777265094 13.058289895844895 13.083301014424695 13.108312133004496 13.133323251584295 13.158334370164097 13.183345488743896 13.208356607323697 13.23336772590354 13.25837884448334 13.28338996306314 13.308401081642941 13.33341220022274 13.358408998183961 13.383390487080225 13.408371975976488 13.433353464872752 13.458334953769016 13.483316442665279 13.508297931561543 13.533279420457806 13.558260909354113 13.583242398250375 13.60822388714664 13.633205376042902 13.658186864939166 13.68316835383543 13.708149842731693 13.733131331627957 13.75811282052422 13.783094309420484 13.808075798316747 13.83305728721301 13.858038776109273 13.88302026500558 13.908001753901843 13.932983242798107 13.957964731694371 13.982946220590634 14.007927709486898 14.03290919838316 14.057890687279425 14.082872176175687 14.102613216608301
13.261623210190844 13.285967662209995 13.310312114229145 13.334656566248295 13.359001018267445 13.383345470286596 13.407689922305746 13.432034374324896 13.456378826344089 13.48072327836324 13.50506773038239 13.52941218240154 13.55375663442069 13.57894600132148 13.605038601328767 13.631131201336053 13.65722380134334 13.683316401350625 13.709409001357912 13.735501601365199 13.761594201372485 13.787686801379817 13.813779401387102 13.839872001394388 13.865964601401675 13.892057201408962 13.918149801416247 13.944242401423534 13.97033500143082 13.996427601438107 14.022520201445394 14.048612801452679 14.074705401459966 14.100798001467252 14.126890601474583 14.15298320148187 14.179075801489155 14.205168401496442 14.231261001503729 14.257353601511015 14.283446201518302 14.309538801525587 14.335631401532874 14.356752063673522
13.4899676431164 13.5136454285749 13.537323214033401 13.561000999491903 13.584678784950404 13.608356570408905 13.632034355867406 13.655712141325907 13.679389926784447 13.703067712242948 13.72674549770145 13.75042328315995 13.774101068618451 13.79948300445881 13.826686715577118 13.853890426695427 13.881094137813735 13.908297848932044 13.935501560050351 13.96270527116866 13.989908982286968 14.017112693405323 14.04431640452363 14.07152011564194 14.098723826760247 14.125927537878557 14.153131248996864 14.180334960115173 14.20753867123348 14.23474238235179 14.261946093470097 14.289149804588407 14.316353515706714 14.343557226825023 14.370760937943377 14.397964649061686 14.425168360179994 14.452372071298303 14.47957578241661 14.50677949353492 14.533983204653227 14.561186915771536 14.588390626889844 14.610890910738524
13.718312076041954 13.741323194939804 13.764334313837656 13.787345432735508 13.81035655163336 13.833367670531212 13.856378789429064 13.879389908326916 13.902401027224807 13.925412146122657 13.948423265020509 13.97143438391836 13.994445502816212 14.02002000759614 14.048334829825471 14.076649652054801 14.104964474284131 14.13327929651346 14.16159411874279 14.189908940972122 14.218223763201452 14.24653858543083 14.27485340766016 14.30316822988949 14.331483052118822 14.359797874348152 14.388112696577481 14.416427518806811 14.444742341036141 14.473057163265471 14.501371985494803 14.529686807724133 14.558001629953463 14.586316452182793 14.614631274412172 14.642946096641502 14.671260918870832 14.699575741100162 14.727890563329492 14.756205385558822 14.784520207788153 14.812835030017483 14.841149852246813 14.865029757803528
13.946656508967507 13.96900096130471 13.991345413641913 14.013689865979115 14.036034318316316 14.058378770653519 14.080723222990722 14.103067675327924 14.125412127665165 14.147756580002367 14.170101032339568 14.192445484676771 14.214789937013974 14.24055701073347 14.269982944073822 14.299408877414175 14.328834810754527 14.35826074409488 14.38768667743523 14.417112610775582 14.446538544115935 14.475964477456337 14.50539041079669 14.534816344137042 14.564242277477394 14.593668210817746 14.623094144158099 14.652520077498451 14.681946010838802 14.711371944179154 14.740797877519507 14.770223810859859 14.799649744200211 14.829075677540564 14.858501610880966 14.887927544221318 14.91735347756167 14.946779410902023 14.976205344242373 15.005631277582726 15.035057210923078 15.06448314426343 15.093909077603783 15.11916860486853
14.175000941893062 14.196678727669616 14.218356513446167 14.240034299222721 14.261712084999274 14.283389870775826 14.30506765655238 14.326745442328933 14.348423228105522 14.370101013882076 14.391778799658628 14.413456585435181 14.435134371211735 14.4610940138708 14.491631058322174 14.522168102773549 14.552705147224922 14.583242191676296 14.613779236127671 14.644316280579044 14.67485332503042 14.705390369481846 14.735927413933219 14.766464458384593 14.797001502835966 14.827538547287341 14.858075591738714 14.88861263619009 14.919149680641464 14.949686725092837 14.980223769544212 15.010760813995585 15.04129785844696 15.071834902898333 15.10237194734976 15.132908991801134 15.163446036252509 15.193983080703882 15.224520125155257 15.25505716960663 15.285594214058005 15.316131258509378 15.346668302960753 15.373307451933535
14.403345374818617 14.42435649403452 14.445367613250424 14.466378732466328 14.48738985168223 14.508400970898135 14.529412090114038 14.550423209329942 14.57143432854588 14.592445447761785 14.613456566977689 14.634467686193592 14.655478805409496 14.68163101700813 14.713279172570527 14.744927328132922 14.776575483695318 14.808223639257713 14.83987179482011 14.871519950382506 14.903168105944902 14.934816261507352 14.966464417069748 14.998112572632143 15.02976072819454 15.061408883756936 15.093057039319332 15.124705194881727 15.156353350444125 15.18800150600652 15.219649661568916 15.251297817131313 15.282945972693708 15.314594128256104 15.346242283818555 15.37789043938095 15.409538594943346 15.441186750505743 15.472834906068138 15.504483061630534 15.53613121719293 15.567779372755327 15.599427528317722 15.627446298998537
14.631689807744365 14.65203426039962 14.672378713054874 14.692723165710127 14.71306761836538 14.733412071020634 14.753756523675888 14.774100976331143 14.79444542898643 14.814789881641683 14.835134334296939 14.855478786952192 14.875823239607445 14.902168020145648 14.934927286819068 14.967686553492486 15.000445820165906 15.033205086839324 15.065964353512744 15.098723620186162 15.131482886859581 15.164242153533056 15.197001420206474 15.229760686879894 15.262519953553312 15.295279220226732 15.32803848690015 15.36079775357357 15.393557020246988 15.426316286920407 15.459075553593825 15.491834820267245 15.524594086940663 15.557353353614083 15.590112620287558 15.622871886960976 15.655631153634396 15.688390420307813 15.721149686981233 15.753908953654651 15.786668220328071 15.819427487001489 15.852186753674909 15.881585146063758
14.820577598787786 14.839288705021637 14.85799981125549 14.876710917489344 14.895422023723196 14.91413312995705 14.9328442361909 14.951555342424754 14.97026644865864 14.988977554892491 15.007688661126345 15.026399767360196 15.04511087359405 15.07070749986621 15.103664902696092 15.136622305525973 15.169579708355856 15.20253711118574 15.235494514015622 15.268451916845503 15.301409319675386 15.334366722505326 15.367324125335207 15.40028152816509 15.433238930994973 15.466196333824856 15.499153736654737 15.53211113948462 15.565068542314503 15.598025945144386 15.630983347974267 15.66394075080415 15.696898153634033 15.729855556463916 15.762812959293854 15.795770362123736 15.82872776495362 15.8616851677835 15.894642570613383 15.927599973443266 15.96055737627315 15.99351477910303 16.026472181932913 16.056492959520448
14.967288727432392 14.983333167423647 14.999377607414901 15.015422047406156 15.031466487397413 15.047510927388668 15.063555367379923 15.079599807371178 15.095644247362461 15.111688687353716 15.127733127344971 15.143777567336226 15.159822007327481 15.183664905540157 15.21584453186389 15.248024158187622 15.280203784511356 15.31238341083509 15.344563037158823 15.376742663482554 15.408922289806288 15.441101916130076 15.473281542453808 15.505461168777542 15.537640795101275 15.569820421425009 15.60200004774874 15.634179674072474 15.666359300396207 15.69853892671994 15.730718553043673 15.762898179367406 15.79507780569114 15.827257432014871 15.85943705833866 15.891616684662393 15.923796310986125 15.955975937309859 15.988155563633592 16.020335189957326 16.052514816281057 16.084694442604793 16.116874068928524 16.14670779363062
15.113999856077 15.127377629825656 15.140755403574314 15.154133177322972 15.16751095107163 15.180888724820289 15.194266498568945 15.207644272317603 15.221022046066285 15.234399819814943 15.2477775935636 15.261155367312258 15.274533141060916 15.296622311214106 15.328024161031689 15.359426010849273 15.390827860666857 15.422229710484439 15.453631560302023 15.485033410119605 15.51643525993719 15.547837109754827 15.57923895957241 15.610640809389993 15.642042659207577 15.67344450902516 15.704846358842744 15.736248208660326 15.76765005847791 15.799051908295494 15.830453758113077 15.86185560793066 15.893257457748243 15.924659307565827 15.956061157383465 15.987463007201047 16.01886485701863 16.050266706836215 16.0816685566538 16.11307040647138 16.144472256288964 16.175874106106548 16.207275955924132 16.23692262774079
15.260710984721605 15.271422092227667 15.282133199733726 15.292844307239788 15.303555414745848 15.314266522251907 15.324977629757969 15.335688737264029 15.346399844770108 15.357110952276168 15.36782205978223 15.378533167288289 15.38924427479435 15.409579716888056 15.440203790199488 15.470827863510923 15.501451936822356 15.53207601013379 15.562700083445224 15.593324156756658 15.623948230068091 15.654572303379577 15.685196376691012 15.715820450002445 15.746444523313878 15.777068596625313 15.807692669936745 15.83831674324818 15.868940816559613 15.899564889871048 15.93018896318248 15.960813036493915 15.991437109805348 16.022061183116783 16.05268525642827 16.083309329739702 16.113933403051135 16.14455747636257 16.175181549674004 16.205805622985437 16.23642969629687 16.267053769608303 16.29767784291974 16.327137461850956
15.407422113366211 15.415466554629674 15.423510995893137 15.4315554371566 15.439599878420063 15.447644319683526 15.45568876094699 15.463733202210452 15.47177764347393 15.479822084737393 15.487866526000856 15.495910967264319 15.503955408527782 15.522537122562003 15.552383419367287 15.582229716172572 15.612076012977855 15.64192230978314 15.671768606588424 15.70161490339371 15.731461200198993 15.761307497004328 15.791153793809613 15.821000090614897 15.85084638742018 15.880692684225465 15.910538981030749 15.940385277836034 15.970231574641318 16.000077871446603 16.02992416825189 16.05977046505717 16.089616761862455 16.11946305866774 16.149309355473076 16.17915565227836 16.209001949083643 16.238848245888928 16.268694542694213 16.298540839499495 16.32838713630478 16.358233433110065 16.38807972991535 16.41735229596113
15.554133242010819 15.559511017031683 15.56488879205255 15.570266567073416 15.57564434209428 15.581022117115147 15.586399892136013 15.591777667156878 15.597155442177753 15.60253321719862 15.607910992219484 15.61328876724035 15.618666542261217 15.635494528235952 15.664563048535086 15.693631568834222 15.722700089133356 15.75176860943249 15.780837129731626 15.80990565003076 15.838974170329895 15.868042690629078 15.897111210928214 15.926179731227348 15.955248251526482 15.984316771825618 16.013385292124752 16.042453812423886 16.07152233272302 16.100590853022155 16.129659373321292 16.158727893620426 16.18779641391956 16.216864934218695 16.24593345451788 16.275001974817012 16.30407049511615 16.333139015415284 16.36220753571442 16.391276056013552 16.420344576312687 16.44941309661182 16.478481616910955 16.5075671300713
15.70084437065555 15.703555479433817 15.706266588212083 15.708977696990349 15.711688805768615 15.714399914546881 15.717111023325145 15.719822132103412 15.722533240881683 15.725244349659949 15.727955458438215 15.730666567216481 15.733377675994747 15.748451933909998 15.776742677702982 15.805033421495965 15.83332416528895 15.861614909081934 15.88990565287492 15.918196396667904 15.946487140460889 15.974777884253921 16.003068628046904 16.03135937183989 16.059650115632873 16.08794085942586 16.116231603218843 16.144522347011826 16.172813090804812 16.201103834597795 16.22939457839078 16.257685322183764 16.28597606597675 16.314266809769734 16.342557553562767 16.37084829735575 16.399139041148736 16.42742978494172 16.455720528734705 16.484011272527688 16.512302016320675 16.540592760113658 16.56888350390664 16.597781964181546
