Figures/CREST_Example_wjb_NSE/Rolling_result/20100722/raw_forecast/ens_4/wjb.rain.20100725.asc
ncols            288
nrows            254
xllcorner        113.274861
yllcorner        31.4918055
cellsize         0.008333333333
NODATA_value     -9999
[rows 152 to 170 of 254, columns 44 to 87 of 288]
0.9481857859071909 0.9223431981110365 0.8965006103148819 0.8706580225187275 0.844815434722573 0.8189728469264185 0.793130259130264 0.7672876713341095 0.7414450835379109 0.7156024957417564 0.6897599079456019 0.6639173201494475 0.6380747323532929 0.6226297862338309 0.6183001540897268 0.6139705219456228 0.6096408898015188 0.6053112576574147 0.6009816255133106 0.5966519933692066 0.5923223612251025 0.5879927290809911 0.583663096936887 0.5793334647927829 0.5750038326486789 0.5706742005045748 0.5663445683604708 0.5620149362163667 0.5576853040722627 0.5533556719281586 0.5490260397840545 0.5446964076399505 0.5403667754958464 0.5360371433517424 0.5317075112076309 0.5273778790635268 0.5230482469194228 0.5187186147753188 0.5143889826312147 0.5100593504871106 0.5057297183430065 0.5014000861989025 0.49707045405479844 0.4900834568388885
0.9578987409613486 0.9326117089193873 0.9073246768774259 0.8820376448354645 0.8567506127935032 0.8314635807515418 0.8061765487095804 0.780889516667619 0.7556024846256145 0.7303154525836532 0.7050284205416918 0.6797413884997304 0.6544543564577691 0.639189050417114 0.6346371959978236 0.6300853415785334 0.625533487159243 0.6209816327399527 0.6164297783206623 0.6118779239013719 0.6073260694820816 0.6027742150627834 0.5982223606434931 0.5936705062242027 0.5891186518049124 0.584566797385622 0.5800149429663317 0.5754630885470413 0.5709112341277509 0.5663593797084606 0.5618075252891702 0.5572556708698799 0.5527038164505895 0.5481519620312992 0.5436001076120011 0.5390482531927108 0.5344963987734204 0.52994454435413 0.5253926899348397 0.5208408355155493 0.516288981096259 0.5117371266769686 0.5071852722576782 0.49992235056395623
0.9676116960155063 0.9428802197277381 0.9181487434399698 0.8934172671522015 0.8686857908644332 0.843954314576665 0.8192228382888967 0.7944913620011285 0.769759885713318 0.7450284094255497 0.7202969331377815 0.6955654568500133 0.670833980562245 0.6557483146003971 0.6509742379059203 0.6462001612114437 0.641426084516967 0.6366520078224904 0.6318779311280138 0.6271038544335371 0.6223297777390605 0.6175557010445757 0.6127816243500991 0.6080075476556224 0.6032334709611458 0.598459394266669 0.5936853175721925 0.5889112408777158 0.5841371641832391 0.5793630874887625 0.5745890107942858 0.5698149340998092 0.5650408574053326 0.5602667807108559 0.5554927040163711 0.5507186273218945 0.5459445506274179 0.5411704739329412 0.5363963972384646 0.5316223205439878 0.5268482438495112 0.5220741671550346 0.5173000904605579 0.5097612442890239
0.9773246510696639 0.9531487305360888 0.9289728100025136 0.9047968894689384 0.8806209689353633 0.8564450484017881 0.832269127868213 0.8080932073346379 0.7839172868010215 0.7597413662674464 0.7355654457338712 0.7113895252002961 0.6872136046667209 0.67230757878368 0.667311279814017 0.6623149808443541 0.6573186818746912 0.6523223829050283 0.6473260839353653 0.6423297849657024 0.6373334859960395 0.632337187026368 0.6273408880567051 0.6223445890870422 0.6173482901173791 0.6123519911477162 0.6073556921780533 0.6023593932083904 0.5973630942387274 0.5923667952690644 0.5873704962994015 0.5823741973297386 0.5773778983600757 0.5723815993904127 0.5673853004207412 0.5623890014510783 0.5573927024814154 0.5523964035117525 0.5474001045420895 0.5424038055724265 0.5374075066027636 0.5324112076331007 0.5274149086634378 0.5196001380140917
0.9870376061238215 0.9634172413444395 0.9397968765650575 0.9161765117856755 0.8925561470062935 0.8689357822269114 0.8453154174475294 0.8216950526681474 0.798074687888725 0.7744543231093429 0.7508339583299609 0.7272135935505789 0.7035932287711969 0.688866842966963 0.6836483217221138 0.6784298004772645 0.6732112792324153 0.6679927579875661 0.6627742367427168 0.6575557154978676 0.6523371942530184 0.6471186730081603 0.641900151763311 0.6366816305184618 0.6314631092736126 0.6262445880287634 0.6210260667839141 0.6158075455390649 0.6105890242942157 0.6053705030493665 0.6001519818045172 0.594933460559668 0.5897149393148188 0.5844964180699695 0.5792778968251113 0.5740593755802621 0.5688408543354129 0.5636223330905636 0.5584038118457144 0.5531852906008652 0.547966769356016 0.5427482481111667 0.5375297268663175 0.5294390317391594
0.9967505611779874 0.9736857521527991 0.9506209431276106 0.9275561341024221 0.9044913250772337 0.8814265160520453 0.8583617070268568 0.8352968980016684 0.8122320889764406 0.7891672799512521 0.7661024709260637 0.7430376619008752 0.7199728528756868 0.7054261071502601 0.6999853636302245 0.6945446201101887 0.6891038765901529 0.6836631330701173 0.6782223895500815 0.6727816460300459 0.6673409025100101 0.6619001589899651 0.6564594154699295 0.6510186719498937 0.645577928429858 0.6401371849098223 0.6346964413897865 0.6292556978697509 0.6238149543497151 0.6183742108296795 0.6129334673096437 0.607492723789608 0.6020519802695723 0.5966112367495366 0.5911704932294916 0.5857297497094559 0.5802890061894201 0.5748482626693845 0.5694075191493487 0.563966775629313 0.5585260321092773 0.5530852885892417 0.5476445450692059 0.5392779254642355
1.0064635162321451 0.9839542629611497 0.9614450096901545 0.9389357564191592 0.9164265031481638 0.8939172498771685 0.8714079966061731 0.8488987433351778 0.8263894900641441 0.8038802367931487 0.7813709835221534 0.758861730251158 0.7363524769801627 0.7219853713335431 0.7163224055383212 0.7106594397430991 0.7049964739478771 0.699333508152655 0.6936705423574331 0.6880075765622111 0.682344610766989 0.6766816449717574 0.6710186791765355 0.6653557133813134 0.6596927475860914 0.6540297817908695 0.6483668159956474 0.6427038502004254 0.6370408844052033 0.6313779186099814 0.6257149528147594 0.6200519870195373 0.6143890212243154 0.6087260554290934 0.6030630896338617 0.5974001238386397 0.5917371580434178 0.5860741922481957 0.5804112264529737 0.5747482606577516 0.5690852948625297 0.5634223290673077 0.5577593632720856 0.5491168191893033
1.0161764712863028 0.9942227737695006 0.9722690762526983 0.9503153787358961 0.9283616812190939 0.9064079837022916 0.8844542861854895 0.8625005886686872 0.8405468911518476 0.8185931936350453 0.7966394961182431 0.7746857986014409 0.7527321010846386 0.7385446355168261 0.7326594474464179 0.7267742593760095 0.7208890713056012 0.7150038832351929 0.7091186951647847 0.7032335070943763 0.697348319023968 0.6914631309535497 0.6855779428831414 0.6796927548127331 0.6738075667423248 0.6679223786719165 0.6620371906015082 0.6561520025310998 0.6502668144606916 0.6443816263902833 0.638496438319875 0.6326112502494667 0.6267260621790585 0.6208408741086501 0.6149556860382318 0.6090704979678234 0.6031853098974151 0.5973001218270069 0.5914149337565986 0.5855297456861903 0.579644557615782 0.5737593695453737 0.5678741814749654 0.558955712914371
1.0258894263404605 1.0044912845778513 0.9830931428152422 0.9616950010526331 0.940296859290024 0.9188987175274148 0.8975005757648058 0.8761024340021967 0.854704292239551 0.8333061504769419 0.8119080087143328 0.7905098669517238 0.7691117251891146 0.7551038997001092 0.7489964893545146 0.74288907900892 0.7367816686633253 0.7306742583177308 0.7245668479721361 0.7184594376265416 0.7123520272809469 0.706244616935342 0.7001372065897474 0.6940297962441528 0.6879223858985583 0.6818149755529637 0.6757075652073691 0.6696001548617745 0.6634927445161799 0.6573853341705853 0.6512779238249907 0.6451705134793961 0.6390631031338014 0.632955692788207 0.6268482824426019 0.6207408720970073 0.6146334617514128 0.6085260514058182 0.6024186410602236 0.596311230714629 0.5902038203690344 0.5840964100234398 0.5779889996778452 0.5687946066394387
1.035602381394618 1.014759795386202 0.993917209377786 0.9730746233693701 0.9522320373609541 0.931389451352538 0.9105468653441221 0.8897042793357061 0.8688616933272545 0.8480191073188386 0.8271765213104225 0.8063339353020066 0.7854913492935905 0.7716631638833921 0.7653335312626113 0.7590038986418304 0.7526742660210495 0.7463446334002686 0.7400150007794877 0.7336853681587068 0.727355735537926 0.7210261029171343 0.7146964702963534 0.7083668376755725 0.7020372050547916 0.6957075724340107 0.6893779398132298 0.683048307192449 0.6767186745716681 0.6703890419508872 0.6640594093301063 0.6577297767093254 0.6514001440885446 0.6450705114677637 0.6387408788469721 0.6324112462261912 0.6260816136054103 0.6197519809846294 0.6134223483638486 0.6070927157430677 0.6007630831222868 0.5944334505015059 0.588103817880725 0.5786335003645066
1.0453153364487757 1.0250283061945529 1.0047412759403298 0.9844542456861071 0.9641672154318841 0.9438801851776613 0.9235931549234384 0.9033061246692156 0.8830190944149581 0.8627320641607351 0.8424450339065123 0.8221580036522894 0.8018709733980665 0.7882224280666751 0.7816705731707079 0.7751187182747408 0.7685668633787736 0.7620150084828063 0.7554631535868392 0.748911298690872 0.7423594437949048 0.7358075888989265 0.7292557340029594 0.7227038791069922 0.716152024211025 0.7096001693150579 0.7030483144190907 0.6964964595231234 0.6899446046271563 0.6833927497311891 0.6768408948352219 0.6702890399392548 0.6637371850432876 0.6571853301473205 0.6506334752513421 0.644081620355375 0.6375297654594078 0.6309779105634405 0.6244260556674734 0.6178742007715062 0.611322345875539 0.6047704909795719 0.5982186360836047 0.5884723940895742
1.0491172194432232 1.0296005625817266 1.0100839057202298 0.9905672488587332 0.9710505919972365 0.9515339351357399 0.9320172782742432 0.9125006214127465 0.8929839645512165 0.8734673076897199 0.8539506508282232 0.8344339939667266 0.8149173371052298 0.8015075109848584 0.7946260249624281 0.7877445389399979 0.7808630529175675 0.7739815668951372 0.7671000808727069 0.7602185948502765 0.7533371088278462 0.7464556228054042 0.7395741367829739 0.7326926507605436 0.7258111647381132 0.7189296787156829 0.7120481926932527 0.7051667066708224 0.698285220648392 0.6914037346259617 0.6845222486035314 0.6776407625811012 0.6707592765586708 0.6638777905362405 0.6569963045137984 0.6501148184913681 0.6432333324689379 0.6363518464465076 0.6294703604240772 0.6225888744016469 0.6157073883792166 0.6088259023567864 0.6019444163343559 0.5919965360289418
1.046600539012613 1.0280838820583178 1.0095672251040226 0.9910505681497273 0.9725339111954319 0.9540172542411367 0.9355005972868413 0.9169839403325462 0.8984672833782192 0.879950626423924 0.8614339694696287 0.8429173125153334 0.8244006555610381 0.8112927005199453 0.8039667700795972 0.796640839639249 0.7893149091989009 0.7819889787585528 0.7746630483182047 0.7673371178778565 0.7600111874375084 0.7526852569971478 0.7453593265567997 0.7380333961164516 0.7307074656761035 0.7233815352357553 0.7160556047954072 0.7087296743550591 0.7014037439147109 0.6940778134743628 0.6867518830340147 0.6794259525936666 0.6721000221533184 0.6647740917129703 0.6574481612726096 0.6501222308322616 0.6427963003919135 0.6354703699515654 0.6281444395112172 0.6208185090708691 0.613492578630521 0.6061666481901729 0.5988407177498247 0.5887706063622808
1.044083858582003 1.026567201534909 1.009050544487815 0.9915338874407212 0.9740172303936274 0.9565005733465335 0.9389839162994396 0.9214672592523456 0.9039506022052219 0.886433945158128 0.8689172881110342 0.8514006310639404 0.8338839740168464 0.8210778900550322 0.8133075151967663 0.8055371403385003 0.7977667654802343 0.7899963906219684 0.7822260157637024 0.7744556409054365 0.7666852660471706 0.7589148911888913 0.7511445163306254 0.7433741414723595 0.7356037666140935 0.7278333917558275 0.7200630168975616 0.7122926420392957 0.7045222671810297 0.6967518923227638 0.6889815174644979 0.681211142606232 0.6734407677479659 0.6656703928897 0.6579000180314208 0.6501296431731549 0.6423592683148889 0.634588893456623 0.626818518598357 0.6190481437400911 0.6112777688818252 0.6035073940235591 0.5957370191652933 0.5855446766956198
1.0415671781513927 1.0250505210115002 1.0085338638716077 0.9920172067317152 0.9755005495918228 0.9589838924519303 0.9424672353120378 0.9259505781721453 0.9094339210322246 0.8929172638923322 0.8764006067524397 0.8598839496125472 0.8433672924726547 0.8308630795901192 0.8226482603139353 0.8144334410377516 0.8062186217615679 0.798003802485384 0.7897889832092003 0.7815741639330166 0.7733593446568328 0.765144525380635 0.7569297061044512 0.7487148868282675 0.7405000675520838 0.7322852482758999 0.7240704289997162 0.7158556097235325 0.7076407904473486 0.6994259711711649 0.6912111518949812 0.6829963326187973 0.6747815133426136 0.6665666940664299 0.658351874790232 0.6501370555140483 0.6419222362378645 0.6337074169616808 0.625492597685497 0.6172777784093133 0.6090629591331295 0.6008481398569457 0.5926333205807619 0.582318747028959
1.0390504977207824 1.0235338404880914 1.0080171832554004 0.9925005260227093 0.9769838687900183 0.9614672115573272 0.945950554324636 0.930433897091945 0.9149172398592276 0.8994005826265364 0.8838839253938453 0.8683672681611543 0.8528506109284633 0.8406482691252061 0.8319890054311045 0.8233297417370029 0.8146704780429014 0.8060112143487997 0.7973519506546982 0.7886926869605966 0.780033423266495 0.7713741595723786 0.7627148958782771 0.7540556321841755 0.745396368490074 0.7367371047959723 0.7280778411018708 0.7194185774077692 0.7107593137136676 0.702100050019566 0.6934407863254644 0.6847815226313628 0.6761222589372613 0.6674629952431597 0.6588037315490434 0.6501444678549417 0.6414852041608401 0.6328259404667386 0.624166676772637 0.6155074130785354 0.6068481493844338 0.5981888856903322 0.5895296219962307 0.5790928173622981
1.0365338172901724 1.0220171599646826 1.007500502639193 0.9929838453137033 0.9784671879882136 0.963950530662724 0.9494338733372343 0.9349172160117446 0.9204005586862302 0.9058839013607405 0.8913672440352509 0.8768505867097611 0.8623339293842716 0.850433458660293 0.8413297505482735 0.8322260424362542 0.8231223343242348 0.8140186262122153 0.804914918100196 0.7958112099881766 0.7867075018761571 0.7776037937641223 0.7685000856521028 0.7593963775400834 0.750292669428064 0.7411889613160446 0.7320852532040252 0.7229815450920059 0.7138778369799864 0.704774128867967 0.6956704207559476 0.6865667126439282 0.6774630045319088 0.6683592964198894 0.6592555883078545 0.650151880195835 0.6410481720838157 0.6319444639717963 0.6228407558597768 0.6137370477477575 0.604633339635738 0.5955296315237186 0.5864259234116993 0.5758668876956371
1.034017136859562 1.020500479441274 1.0069838220229856 0.9934671646046973 0.9799505071864091 0.9664338497681209 0.9529171923498325 0.9394005349315443 0.925883877513233 0.9123672200949446 0.8988505626766564 0.8853339052583682 0.8718172478400799 0.86021864819538 0.8506704956654427 0.8411223431355055 0.8315741906055683 0.822026038075631 0.8124778855456939 0.8029297330157567 0.7933815804858194 0.7838334279558659 0.7742852754259286 0.7647371228959915 0.7551889703660543 0.745640817836117 0.7360926653061798 0.7265445127762425 0.7169963602463053 0.7074482077163681 0.697900055186431 0.6883519026564937 0.6788037501265565 0.6692555975966192 0.6597074450666657 0.6501592925367286 0.6406111400067913 0.6310629874768541 0.6215148349469168 0.6119666824169796 0.6024185298870424 0.5928703773571051 0.5833222248271679 0.5726409580289763
1.0315004564289498 1.0189837989178638 1.0064671414067778 0.9939504838956918 0.9814338263846057 0.9689171688735198 0.9564005113624338 0.9438838538513477 0.9313671963402403 0.9188505388291544 0.9063338813180684 0.8938172238069824 0.8813005662958963 0.8700038377304752 0.8600112407826198 0.8500186438347643 0.840026046886909 0.8300334499390535 0.8200408529911981 0.8100482560433426 0.8000556590954873 0.7900630621476148 0.7800704651997594 0.7700778682519039 0.7600852713040486 0.7500926743561931 0.7401000774083377 0.7301074804604822 0.7201148835126269 0.7101222865647714 0.700129689616916 0.6901370926690606 0.6801444957212052 0.6701518987733497 0.6601593018254772 0.6501667048776218 0.6401741079297665 0.630181510981911 0.6201889140340556 0.6101963170862001 0.6002037201383448 0.5902111231904894 0.5802185262426339 0.5694150283623126
