Figures/CREST_Example_wjb_NSE/Rolling_result/20100722/raw_forecast/ens_4/wjb.rain.20100623.asc
ncols            288
nrows            254
xllcorner        113.274861
yllcorner        31.4918055
cellsize         0.008333333333
NODATA_value     -9999
[rows 100 to 119 of 254, columns 180 to 224 of 288]
6.959885507822037 6.959885507822037 6.959885507822037 6.757601795470549 6.33907221793411 5.920542640397668 5.502013062861229 5.083483485324788 4.664953907788348 4.246424330251907 3.827894752715467 3.4093651751790266 2.9908355976425867 2.5723060201061463 2.153776442569706 1.9018653271957882 1.8280731179708656 1.754280908745943 1.6804886995210202 1.6066964902960976 1.532904281071175 1.4591120718462522 1.3853198626213297 1.311527653396407 1.2377354441714843 1.163943234946562 1.0901510257216391 1.0520240664482117 1.0520240664482117 1.0520240664482117 1.0520240664482117 1.0520240664482117 1.0520240664482117 1.0520240664482117 1.0520240664482117 1.0520240664482117 1.0520240664482117 1.0520240664482117 1.0520240664482117 1.13883814741968 1.318458445658999 1.498078743898624 1.677699042137943 1.8573193403772619 2.036939638616581
6.959885507822037 6.959885507822037 6.959885507822037 6.757601795470549 6.33907221793411 5.920542640397668 5.502013062861229 5.083483485324788 4.664953907788348 4.246424330251907 3.827894752715467 3.4093651751790266 2.9908355976425867 2.5723060201061463 2.153776442569706 1.9018653271957882 1.8280731179708656 1.754280908745943 1.6804886995210202 1.6066964902960976 1.532904281071175 1.4591120718462522 1.3853198626213297 1.311527653396407 1.2377354441714843 1.163943234946562 1.0901510257216391 1.0520240664482117 1.0520240664482117 1.0520240664482117 1.0520240664482117 1.0520240664482117 1.0520240664482117 1.0520240664482117 1.0520240664482117 1.0520240664482117 1.0520240664482117 1.0520240664482117 1.0520240664482117 1.13883814741968 1.318458445658999 1.498078743898624 1.677699042137943 1.8573193403772619 2.036939638616581
6.959885507822037 6.959885507822037 6.959885507822037 6.757601795470549 6.33907221793411 5.920542640397668 5.502013062861229 5.083483485324788 4.664953907788348 4.246424330251907 3.827894752715467 3.4093651751790266 2.9908355976425867 2.5723060201061463 2.153776442569706 1.9018653271957882 1.8280731179708656 1.754280908745943 1.6804886995210202 1.6066964902960976 1.532904281071175 1.4591120718462522 1.3853198626213297 1.311527653396407 1.2377354441714843 1.163943234946562 1.0901510257216391 1.0520240664482117 1.0520240664482117 1.0520240664482117 1.0520240664482117 1.0520240664482117 1.0520240664482117 1.0520240664482117 1.0520240664482117 1.0520240664482117 1.0520240664482117 1.0520240664482117 1.0520240664482117 1.13883814741968 1.318458445658999 1.498078743898624 1.677699042137943 1.8573193403772619 2.036939638616581
6.959885507822037 6.959885507822037 6.959885507822037 6.757601795470549 6.33907221793411 5.920542640397668 5.502013062861229 5.083483485324788 4.664953907788348 4.246424330251907 3.827894752715467 3.4093651751790266 2.9908355976425867 2.5723060201061463 2.153776442569706 1.9018653271957882 1.8280731179708656 1.754280908745943 1.6804886995210202 1.6066964902960976 1.532904281071175 1.4591120718462522 1.3853198626213297 1.311527653396407 1.2377354441714843 1.163943234946562 1.0901510257216391 1.0520240664482117 1.0520240664482117 1.0520240664482117 1.0520240664482117 1.0520240664482117 1.0520240664482117 1.0520240664482117 1.0520240664482117 1.0520240664482117 1.0520240664482117 1.0520240664482117 1.0520240664482117 1.13883814741968 1.318458445658999 1.498078743898624 1.677699042137943 1.8573193403772619 2.036939638616581
6.959885507822037 6.959885507822037 6.959885507822037 6.757601795470549 6.33907221793411 5.920542640397668 5.502013062861229 5.083483485324788 4.664953907788348 4.246424330251907 3.827894752715467 3.4093651751790266 2.9908355976425867 2.5723060201061463 2.153776442569706 1.9018653271957882 1.8280731179708656 1.754280908745943 1.6804886995210202 1.6066964902960976 1.532904281071175 1.4591120718462522 1.3853198626213297 1.311527653396407 1.2377354441714843 1.163943234946562 1.0901510257216391 1.0520240664482117 1.0520240664482117 1.0520240664482117 1.0520240664482117 1.0520240664482117 1.0520240664482117 1.0520240664482117 1.0520240664482117 1.0520240664482117 1.0520240664482117 1.0520240664482117 1.0520240664482117 1.13883814741968 1.318458445658999 1.498078743898624 1.677699042137943 1.8573193403772619 2.036939638616581
6.959885507822037 6.959885507822037 6.959885507822037 6.757601795470549 6.33907221793411 5.920542640397668 5.502013062861229 5.083483485324788 4.664953907788348 4.246424330251907 3.827894752715467 3.4093651751790266 2.9908355976425867 2.5723060201061463 2.153776442569706 1.9018653271957882 1.8280731179708656 1.754280908745943 1.6804886995210202 1.6066964902960976 1.532904281071175 1.4591120718462522 1.3853198626213297 1.311527653396407 1.2377354441714843 1.163943234946562 1.0901510257216391 1.0520240664482117 1.0520240664482117 1.0520240664482117 1.0520240664482117 1.0520240664482117 1.0520240664482117 1.0520240664482117 1.0520240664482117 1.0520240664482117 1.0520240664482117 1.0520240664482117 1.0520240664482117 1.13883814741968 1.318458445658999 1.498078743898624 1.677699042137943 1.8573193403772619 2.036939638616581
6.959885507822037 6.959885507822037 6.959885507822037 6.757601795470549 6.33907221793411 5.920542640397668 5.502013062861229 5.083483485324788 4.664953907788348 4.246424330251907 3.827894752715467 3.4093651751790266 2.9908355976425867 2.5723060201061463 2.153776442569706 1.9018653271957882 1.8280731179708656 1.754280908745943 1.6804886995210202 1.6066964902960976 1.532904281071175 1.4591120718462522 1.3853198626213297 1.311527653396407 1.2377354441714843 1.163943234946562 1.0901510257216391 1.0520240664482117 1.0520240664482117 1.0520240664482117 1.0520240664482117 1.0520240664482117 1.0520240664482117 1.0520240664482117 1.0520240664482117 1.0520240664482117 1.0520240664482117 1.0520240664482117 1.0520240664482117 1.13883814741968 1.318458445658999 1.498078743898624 1.677699042137943 1.8573193403772619 2.036939638616581
6.959885507822037 6.959885507822037 6.959885507822037 6.757601795470549 6.33907221793411 5.920542640397668 5.502013062861229 5.083483485324788 4.664953907788348 4.246424330251907 3.827894752715467 3.4093651751790266 2.9908355976425867 2.5723060201061463 2.153776442569706 1.9018653271957882 1.8280731179708656 1.754280908745943 1.6804886995210202 1.6066964902960976 1.532904281071175 1.4591120718462522 1.3853198626213297 1.311527653396407 1.2377354441714843 1.163943234946562 1.0901510257216391 1.0520240664482117 1.0520240664482117 1.0520240664482117 1.0520240664482117 1.0520240664482117 1.0520240664482117 1.0520240664482117 1.0520240664482117 1.0520240664482117 1.0520240664482117 1.0520240664482117 1.0520240664482117 1.13883814741968 1.318458445658999 1.498078743898624 1.677699042137943 1.8573193403772619 2.036939638616581
6.959885507822037 6.959885507822037 6.959885507822037 6.757601795470549 6.33907221793411 5.920542640397668 5.502013062861229 5.083483485324788 4.664953907788348 4.246424330251907 3.827894752715467 3.4093651751790266 2.9908355976425867 2.5723060201061463 2.153776442569706 1.9018653271957882 1.8280731179708656 1.754280908745943 1.6804886995210202 1.6066964902960976 1.532904281071175 1.4591120718462522 1.3853198626213297 1.311527653396407 1.2377354441714843 1.163943234946562 1.0901510257216391 1.0520240664482117 1.0520240664482117 1.0520240664482117 1.0520240664482117 1.0520240664482117 1.0520240664482117 1.0520240664482117 1.0520240664482117 1.0520240664482117 1.0520240664482117 1.0520240664482117 1.0520240664482117 1.13883814741968 1.318458445658999 1.498078743898624 1.677699042137943 1.8573193403772619 2.036939638616581
6.727184000183611 6.727184000183611 6.727184000183611 6.5319519722943085 6.128012489454916 5.724073006615522 5.320133523776129 4.916194040936737 4.512254558097343 4.10831507525795 3.7043755924185575 3.3004361095791643 2.8964966267397716 2.4925571439003784 2.0886176610609857 1.8455086727962022 1.7743311223638512 1.7031535719315 1.631976021499149 1.5607984710667981 1.489620920634447 1.418443370202096 1.347265819769745 1.2760882693373938 1.204910718905043 1.1337331684726917 1.0625556180403408 1.025779600693512 1.025779600693512 1.025779600693512 1.025779600693512 1.025779600693512 1.025779600693512 1.025779600693512 1.025779600693512 1.025779600693512 1.025779600693512 1.025779600693512 1.025779600693512 1.1084473202699185 1.2794887029456 1.450530085621573 1.6215714682972546 1.792612850972936 1.9636542336486174
6.245739251463537 6.245739251463537 6.245739251463537 6.065096714155555 5.691343217417018 5.317589720678483 4.943836223939947 4.570082727201411 4.196329230462876 3.8225757337243396 3.448822236985804 3.0750687402472683 2.7013152435087324 2.3275617467701966 1.9538082500316607 1.728910307828702 1.6631423215979475 1.597374335367193 1.5316063491364384 1.465838362905684 1.4000703766749294 1.334302390444175 1.2685344042134206 1.202766417982666 1.1369984317519115 1.0712304455211572 1.0054624592904027 0.9714814556200528 0.9714814556200528 0.9714814556200528 0.9714814556200528 0.9714814556200528 0.9714814556200528 0.9714814556200528 0.9714814556200528 0.9714814556200528 0.9714814556200528 0.9714814556200528 0.9714814556200528 1.0455706148759565 1.1988627621051542 1.3521549093346135 1.5054470565638112 1.6587392037930087 1.8120313510222064
5.764294502743053 5.764294502743053 5.764294502743053 5.598241456016403 5.254673945378751 4.9111064347410975 4.567538924103445 4.223971413465792 3.8804039028281396 3.5368363921904864 3.1932688815528336 2.849701370915181 2.506133860277528 2.1625663496398753 1.8189988390022225 1.6123119428611021 1.5519535208319488 1.4915950988027955 1.4312366767736422 1.3708782547444889 1.3105198327153356 1.2501614106861823 1.189802988657029 1.1294445666278756 1.0690861445987223 1.008727722569569 0.9483693005404155 0.9171833105465472 0.9171833105465472 0.9171833105465472 0.9171833105465472 0.9171833105465472 0.9171833105465472 0.9171833105465472 0.9171833105465472 0.9171833105465472 0.9171833105465472 0.9171833105465472 0.9171833105465472 0.9826939094819409 1.1182368212646399 1.2537797330475697 1.3893226448302687 1.5248655566129674 1.6604084683956664
5.282849754022979 5.282849754022979 5.282849754022979 5.131386197877649 4.8180046733408535 4.5046231488040585 4.1912416242672625 3.8778600997304675 3.5644785751936716 3.251097050656876 2.9377155261200807 2.6243340015832852 2.3109524770464898 1.9975709525096939 1.6841894279728984 1.495713577893602 1.440764720066045 1.3858158622384882 1.3308670044109314 1.2759181465833747 1.220969288755818 1.1660204309282611 1.1110715731007044 1.0561227152731476 1.0011738574455906 0.946224999618034 0.8912761417904772 0.862885165473088 0.862885165473088 0.862885165473088 0.862885165473088 0.862885165473088 0.862885165473088 0.862885165473088 0.862885165473088 0.862885165473088 0.862885165473088 0.862885165473088 0.862885165473088 0.9198172040879788 1.037610880424194 1.15540455676061 1.2731982330968252 1.3909919094330403 1.5087855857692554
4.801405005302906 4.801405005302906 4.801405005302906 4.6645309397388965 4.381335401302958 4.098139862867019 3.814944324431081 3.5317487859951426 3.2485532475592045 2.965357709123266 2.6821621706873278 2.398966632251389 2.115771093815451 1.8325755553795124 1.5493800169435739 1.3791152129261017 1.3295759193001415 1.2800366256741813 1.230497332048221 1.1809580384222607 1.1314187447963004 1.0818794511703402 1.03234015754438 0.9828008639184198 0.9332615702924596 0.8837222766664993 0.8341829830405391 0.8085870203996288 0.8085870203996288 0.8085870203996288 0.8085870203996288 0.8085870203996288 0.8085870203996288 0.8085870203996288 0.8085870203996288 0.8085870203996288 0.8085870203996288 0.8085870203996288 0.8085870203996288 0.8569404986940169 0.9569849395837483 1.0570293804736504 1.1570738213633818 1.2571182622531132 1.3571627031428446
4.319960256582832 4.319960256582832 4.319960256582832 4.197675681600143 3.944666129265062 3.6916565769299807 3.4386470245948995 3.1856374722598186 2.9326279199247374 2.679618367589656 2.426608815254575 2.1735992629194936 1.9205897105844127 1.6675801582493315 1.4145706059142502 1.2625168479586013 1.2183871185342376 1.174257389109874 1.1301276596855103 1.0859979302611467 1.0418682008367828 0.9977384714124191 0.9536087419880555 0.9094790125636918 0.8653492831393281 0.8212195537149644 0.7770898242906007 0.7542888753261695 0.7542888753261695 0.7542888753261695 0.7542888753261695 0.7542888753261695 0.7542888753261695 0.7542888753261695 0.7542888753261695 0.7542888753261695 0.7542888753261695 0.7542888753261695 0.7542888753261695 0.7940637933000548 0.8763589987433025 0.9586542041866906 1.0409494096299383 1.1232446150731858 1.2055398205164336
3.8385155078627586 3.8385155078627586 3.8385155078627586 3.7308204234613895 3.5079968572271656 3.2851732909929416 3.0623497247587177 2.8395261585244937 2.61670259229027 2.393879026056046 2.171055459821822 1.948231893587598 1.725408327353374 1.50258476111915 1.2797611948849261 1.1459184829911009 1.1071983177683338 1.0684781525455667 1.0297579873227996 0.9910378221000323 0.9523176568772652 0.913597491654498 0.8748773264317309 0.8361571612089638 0.7974369959861966 0.7587168307634294 0.7199966655406622 0.6999907302527102 0.6999907302527102 0.6999907302527102 0.6999907302527102 0.6999907302527102 0.6999907302527102 0.6999907302527102 0.6999907302527102 0.6999907302527102 0.6999907302527102 0.6999907302527102 0.6999907302527102 0.7311870879060928 0.7957330579028568 0.8602790278997308 0.9248249978964946 0.9893709678932586 1.0539169378900226
3.357070759142685 3.357070759142685 3.357070759142685 3.263965165322636 3.071327585189269 2.8786900050559026 2.6860524249225355 2.493414844789169 2.3007772646558022 2.1081396845224356 1.9155021043890688 1.722864524255702 1.5302269441223353 1.3375893639889687 1.1449517838556016 1.029320118023601 0.9960095170024302 0.9626989159812596 0.929388314960089 0.8960777139389183 0.8627671129177478 0.8294565118965771 0.7961459108754065 0.7628353098542359 0.7295247088330652 0.6962141078118946 0.6629035067907241 0.645692585179251 0.645692585179251 0.645692585179251 0.645692585179251 0.645692585179251 0.645692585179251 0.645692585179251 0.645692585179251 0.645692585179251 0.645692585179251 0.645692585179251 0.645692585179251 0.6683103825121308 0.715107117062411 0.761903851612771 0.8087005861630512 0.8554973207133314 0.9022940552636116
2.8756260104226117 2.8756260104226117 2.8756260104226117 2.797109907183883 2.634658313151373 2.472206719118864 2.309755125086354 2.1473035310538444 1.984851937021335 1.8224003429888256 1.659948748956316 1.4974971549238065 1.335045560891297 1.1725939668587875 1.010142372826278 0.9127217530561005 0.8848207162365265 0.8569196794169524 0.8290186425973782 0.8011176057778042 0.7732165689582301 0.745315532138656 0.717414495319082 0.689513458499508 0.6616124216799338 0.6337113848603597 0.6058103480407857 0.5913944401057917 0.5913944401057917 0.5913944401057917 0.5913944401057917 0.5913944401057917 0.5913944401057917 0.5913944401057917 0.5913944401057917 0.5913944401057917 0.5913944401057917 0.5913944401057917 0.5913944401057917 0.6054336771181686 0.6344811762219652 0.6635286753258113 0.6925761744296077 0.7216236735334043 0.7506711726372007
2.394181261702127 2.394181261702127 2.394181261702127 2.330254649044731 2.1979890411131042 2.065723433181478 1.9334578252498513 1.8011922173182247 1.6689266093865982 1.5366610014549718 1.404395393523345 1.2721297855917186 1.1398641776600922 1.0075985697284655 0.8753329617968391 0.7961233880885009 0.773631915470528 0.7511404428525551 0.7286489702345821 0.7061574976166092 0.6836660249986363 0.6611745523806634 0.6386830797626905 0.6161916071447175 0.5937001345267446 0.5712086619087717 0.5487171892907987 0.5370962950322862 0.5370962950322862 0.5370962950322862 0.5370962950322862 0.5370962950322862 0.5370962950322862 0.5370962950322862 0.5370962950322862 0.5370962950322862 0.5370962950322862 0.5370962950322862 0.5370962950322862 0.5425569717241531 0.5538552353814508 0.5651534990387677 0.5764517626960652 0.5877500263533629 0.5990482900106605
1.912736512982054 1.912736512982054 1.912736512982054 1.8633993909059778 1.7613197690752085 1.6592401472444391 1.5571605254136698 1.4550809035829004 1.3530012817521309 1.2509216599213615 1.1488420380905922 1.0467624162598228 0.9446827944290536 0.8426031725982843 0.740523550767515 0.6795250231210005 0.6624431147046241 0.6453612062882478 0.6282792978718714 0.6111973894554951 0.5941154810391187 0.5770335726227422 0.5599516642063659 0.5428697557899895 0.5257878473736132 0.5087059389572368 0.4916240305408604 0.4827981499588269 0.4827981499588269 0.4827981499588269 0.4827981499588269 0.4827981499588269 0.4827981499588269 0.4827981499588269 0.4827981499588269 0.4827981499588269 0.4827981499588269 0.4827981499588269 0.4827981499588269 0.47968026633019106 0.473229294541005 0.4667783227518079 0.4603273509626218 0.4538763791734357 0.44742540738424963
