Figures/CREST_Example_wjb_NSE/Rolling_result/20100722/raw_forecast/ens_4/wjb.rain.20090917.asc
ncols            288
nrows            254
xllcorner        113.274861
yllcorner        31.4918055
cellsize         0.008333333333
NODATA_value     -9999
[rows 140 to 159 of 254, columns 88 to 131 of 288]
0.614169790389411 0.614169790389411 0.614169790389411 0.614169790389411 0.614169790389411 0.614169790389411 0.614169790389411 0.614169790389411 0.614169790389411 0.614169790389411 0.614169790389411 0.6188921076662909 0.628662688886956 0.6384332701076211 0.6482038513282863 0.6579744325489514 0.6677450137696331 0.6775155949902982 0.6872861762109634 0.6970567574316285 0.7068273386522936 0.7165979198729587 0.7263685010936238 0.7314167650421077 0.7314167650421077 0.7314167650421077 0.7314167650421077 0.7314167650421077 0.7314167650421077 0.7314167650421077 0.7314167650421077 0.7314167650421077 0.7314167650421077 0.7314167650421077 0.7314167650421077 0.7608138294146302 0.82163702040979 0.88246021140495 0.9432834024001099 1.0041065933952698 1.0649297843904297 1.1257529753855897 1.1865761663808532 1.2473993573760132
0.520315342255995 0.520315342255995 0.520315342255995 0.520315342255995 0.520315342255995 0.520315342255995 0.520315342255995 0.520315342255995 0.520315342255995 0.520315342255995 0.520315342255995 0.5284616674456324 0.5453165984569371 0.5621715294682418 0.5790264604795465 0.5958813914908512 0.6127363225021846 0.6295912535134893 0.646446184524794 0.6633011155360987 0.6801560465474034 0.6970109775587081 0.7138659085700128 0.7225745143997855 0.7225745143997855 0.7225745143997855 0.7225745143997855 0.7225745143997855 0.7225745143997855 0.7225745143997855 0.7225745143997855 0.7225745143997855 0.7225745143997855 0.7225745143997855 0.7225745143997855 0.7552374932170631 0.8228179350563879 0.8903983768957127 0.9579788187350375 1.0255592605743624 1.093139702413687 1.160720144253012 1.2283005860924519 1.2958810279317767
0.4264608941225788 0.4264608941225788 0.4264608941225788 0.4264608941225788 0.4264608941225788 0.4264608941225788 0.4264608941225788 0.4264608941225788 0.4264608941225788 0.4264608941225788 0.4264608941225788 0.4380312272249738 0.4619705080269181 0.4859097888288624 0.5098490696308067 0.533788350432751 0.557727631234736 0.5816669120366803 0.6056061928386246 0.6295454736405689 0.6534847544425132 0.6774240352444574 0.7013633160464017 0.7137322637574633 0.7137322637574633 0.7137322637574633 0.7137322637574633 0.7137322637574633 0.7137322637574633 0.7137322637574633 0.7137322637574633 0.7137322637574633 0.7137322637574633 0.7137322637574633 0.7137322637574633 0.7496611570194962 0.8239988497029859 0.8983365423864755 0.9726742350699653 1.0470119277534549 1.1213496204369446 1.1956873131204344 1.2700250058040508 1.3443626984875405
0.33260644598916267 0.33260644598916267 0.33260644598916267 0.33260644598916267 0.33260644598916267 0.33260644598916267 0.33260644598916267 0.33260644598916267 0.33260644598916267 0.33260644598916267 0.33260644598916267 0.34760078700431524 0.3786244175968991 0.40964804818948297 0.4406716787820668 0.4716953093746507 0.5027189399672876 0.5337425705598714 0.5647662011524552 0.5957898317450392 0.6268134623376229 0.6578370929302069 0.6888607235227908 0.7048900131151412 0.7048900131151412 0.7048900131151412 0.7048900131151412 0.7048900131151412 0.7048900131151412 0.7048900131151412 0.7048900131151412 0.7048900131151412 0.7048900131151412 0.7048900131151412 0.7048900131151412 0.7440848208219292 0.8251797643495837 0.9062747078772384 0.9873696514048929 1.0684645949325475 1.1495595384602022 1.2306544819878567 1.3117494255156497 1.392844369043304
0.23875199785566648 0.23875199785566648 0.23875199785566648 0.23875199785566648 0.23875199785566648 0.23875199785566648 0.23875199785566648 0.23875199785566648 0.23875199785566648 0.23875199785566648 0.23875199785566648 0.2571703467835795 0.295278327166809 0.3333863075500385 0.371494287933268 0.4096022683164975 0.44771024869979203 0.4858182290830215 0.523926209466251 0.5620341898494805 0.6001421702327101 0.6382501506159395 0.6763581309991691 0.6960477624728115 0.6960477624728115 0.6960477624728115 0.6960477624728115 0.6960477624728115 0.6960477624728115 0.6960477624728115 0.6960477624728115 0.6960477624728115 0.6960477624728115 0.6960477624728115 0.6960477624728115 0.7385084846243575 0.8263606789961828 0.9142128733680079 1.0020650677398333 1.0899172621116584 1.1777694564834837 1.265621650855309 1.3534738452272839 1.4413260395991092
0.19676456851422677 0.19676456851422677 0.19676456851422677 0.19676456851422677 0.19676456851422677 0.19676456851422677 0.19676456851422677 0.19676456851422677 0.19676456851422677 0.19676456851422677 0.19676456851422677 0.21657293082902357 0.25755688033886226 0.298540829848701 0.3395247793585397 0.3805087288683784 0.42149267837828697 0.4624766278881257 0.5034605773979645 0.5444445269078031 0.5854284764176418 0.6264124259274806 0.6673963754373192 0.6885719626520701 0.6885719626520701 0.6885719626520701 0.6885719626520701 0.6885719626520701 0.6885719626520701 0.6885719626520701 0.6885719626520701 0.6885719626520701 0.6885719626520701 0.6885719626520701 0.6885719626520701 0.7324224621487339 0.8231501372771293 0.9138778124055247 1.00460548753392 1.0953331626623155 1.186060837790711 1.2767885129191061 1.3675161880476563 1.458243863176052
0.21021971264338013 0.21021971264338013 0.21021971264338013 0.21021971264338013 0.21021971264338013 0.21021971264338013 0.21021971264338013 0.21021971264338013 0.21021971264338013 0.21021971264338013 0.21021971264338013 0.229243876416825 0.268605301413345 0.307966726409865 0.34732815140638496 0.3866895764029049 0.42605100139949204 0.46541242639601205 0.5047738513925321 0.544135276389052 0.5834967013855721 0.622858126382092 0.662219551378612 0.6825568126206158 0.6825568126206158 0.6825568126206158 0.6825568126206158 0.6825568126206158 0.6825568126206158 0.6825568126206158 0.6825568126206158 0.6825568126206158 0.6825568126206158 0.6825568126206158 0.6825568126206158 0.725791617171716 0.8152454055339291 0.9046991938961422 0.9941529822583552 1.0836067706205683 1.1730605589827814 1.2625143473449945 1.35196813570736 1.4414219240695731
0.22367485677253346 0.22367485677253346 0.22367485677253346 0.22367485677253346 0.22367485677253346 0.22367485677253346 0.22367485677253346 0.22367485677253346 0.22367485677253346 0.22367485677253346 0.22367485677253346 0.2419148220046264 0.27965372248782766 0.31739262297102894 0.35513152345423027 0.3928704239374315 0.4306093244206971 0.4683482249038984 0.5060871253870997 0.5438260258703009 0.5815649263535022 0.6193038268367035 0.6570427273199048 0.6765416625891616 0.6765416625891616 0.6765416625891616 0.6765416625891616 0.6765416625891616 0.6765416625891616 0.6765416625891616 0.6765416625891616 0.6765416625891616 0.6765416625891616 0.6765416625891616 0.6765416625891616 0.7191607721946982 0.8073406737907289 0.8955205753867597 0.9837004769827904 1.0718803785788211 1.1600602801748519 1.2482401817708828 1.3364200833670639 1.4245999849630944
0.23713000090168682 0.23713000090168682 0.23713000090168682 0.23713000090168682 0.23713000090168682 0.23713000090168682 0.23713000090168682 0.23713000090168682 0.23713000090168682 0.23713000090168682 0.23713000090168682 0.25458576759242785 0.2907021435623104 0.326818519532193 0.3629348955020755 0.39905127147195807 0.43516764744190223 0.47128402341178477 0.5074003993816674 0.54351677535155 0.5796331513214324 0.615749527291315 0.6518659032611976 0.6705265125577073 0.6705265125577073 0.6705265125577073 0.6705265125577073 0.6705265125577073 0.6705265125577073 0.6705265125577073 0.6705265125577073 0.6705265125577073 0.6705265125577073 0.6705265125577073 0.6705265125577073 0.7125299272176804 0.7994359420475288 0.8863419568773773 0.9732479717072257 1.060153986537074 1.1470600013669223 1.2339660161967707 1.3208720310267674 1.4077780458566158
0.2505851450308402 0.2505851450308402 0.2505851450308402 0.2505851450308402 0.2505851450308402 0.2505851450308402 0.2505851450308402 0.2505851450308402 0.2505851450308402 0.2505851450308402 0.2505851450308402 0.26725671318022926 0.3017505646367931 0.336244416093357 0.3707382675499208 0.4052321190064847 0.43972597046310735 0.47421982191967116 0.508713673376235 0.5432075248327989 0.5777013762893628 0.6121952277459266 0.6466890792024904 0.6645113625262531 0.6645113625262531 0.6645113625262531 0.6645113625262531 0.6645113625262531 0.6645113625262531 0.6645113625262531 0.6645113625262531 0.6645113625262531 0.6645113625262531 0.6645113625262531 0.6645113625262531 0.7058990822406626 0.7915312103043287 0.8771633383679948 0.9627954664316608 1.048427594495327 1.134059722558993 1.219691850622659 1.3053239786864712 1.3909561067501373
0.264040289160005 0.264040289160005 0.264040289160005 0.264040289160005 0.264040289160005 0.264040289160005 0.264040289160005 0.264040289160005 0.264040289160005 0.264040289160005 0.264040289160005 0.2799276587680415 0.3127989857112852 0.34567031265452897 0.37854163959777276 0.41141296654101644 0.4442842934843163 0.47715562042756 0.5100269473708038 0.5428982743140476 0.5757696012572913 0.608640928200535 0.6415122551437787 0.6584962124947936 0.6584962124947936 0.6584962124947936 0.6584962124947936 0.6584962124947936 0.6584962124947936 0.6584962124947936 0.6584962124947936 0.6584962124947936 0.6584962124947936 0.6584962124947936 0.6584962124947936 0.6992682372636391 0.7836264785611218 0.8679847198586044 0.9523429611560871 1.0367012024535698 1.1210594437510524 1.205417685048535 1.2897759263461617 1.3741341676436445
0.2774954332891583 0.2774954332891583 0.2774954332891583 0.2774954332891583 0.2774954332891583 0.2774954332891583 0.2774954332891583 0.2774954332891583 0.2774954332891583 0.2774954332891583 0.2774954332891583 0.2925986043558429 0.32384740678576796 0.35509620921569296 0.38634501164561796 0.417593814075543 0.4488426165055214 0.4800914189354464 0.5113402213653714 0.5425890237952964 0.5738378262252215 0.6050866286551465 0.6363354310850715 0.6524810624633394 0.6524810624633394 0.6524810624633394 0.6524810624633394 0.6524810624633394 0.6524810624633394 0.6524810624633394 0.6524810624633394 0.6524810624633394 0.6524810624633394 0.6524810624633394 0.6524810624633394 0.6926373922866212 0.7757217468179216 0.858806101349222 0.9418904558805223 1.0249748104118226 1.108059164943123 1.1911435194744233 1.2742278740058652 1.3573122285371657
0.29095057741831165 0.29095057741831165 0.29095057741831165 0.29095057741831165 0.29095057741831165 0.29095057741831165 0.29095057741831165 0.29095057741831165 0.29095057741831165 0.29095057741831165 0.29095057741831165 0.3052695499436443 0.33489582786025063 0.3645221057768569 0.3941483836934632 0.4237746616100695 0.45340093952672633 0.48302721744333266 0.512653495359939 0.5422797732765452 0.5719060511931515 0.6015323291097578 0.6311586070263642 0.646465912431885 0.646465912431885 0.646465912431885 0.646465912431885 0.646465912431885 0.646465912431885 0.646465912431885 0.646465912431885 0.646465912431885 0.646465912431885 0.646465912431885 0.646465912431885 0.6860065473096033 0.7678170150747213 0.8496274828398394 0.9314379506049574 1.0132484183700754 1.0950588861351935 1.1768693539003114 1.2586798216655688 1.340490289430687
0.304405721547465 0.304405721547465 0.304405721547465 0.304405721547465 0.304405721547465 0.304405721547465 0.304405721547465 0.304405721547465 0.304405721547465 0.304405721547465 0.304405721547465 0.3179404955314457 0.3459442489347333 0.3739480023380209 0.4019517557413085 0.4299555091445961 0.45795926254793146 0.48596301595121905 0.5139667693545067 0.5419705227577942 0.5699742761610818 0.5979780295643694 0.625981782967657 0.6404507624004308 0.6404507624004308 0.6404507624004308 0.6404507624004308 0.6404507624004308 0.6404507624004308 0.6404507624004308 0.6404507624004308 0.6404507624004308 0.6404507624004308 0.6404507624004308 0.6404507624004308 0.6793757023325856 0.7599122833315213 0.8404488643304568 0.9209854453293926 1.0015220263283282 1.082058607327264 1.1625951883261996 1.2431317693252726 1.3236683503242084
0.31786086567661836 0.31786086567661836 0.31786086567661836 0.31786086567661836 0.31786086567661836 0.31786086567661836 0.31786086567661836 0.31786086567661836 0.31786086567661836 0.31786086567661836 0.31786086567661836 0.3306114411192472 0.35699267000921603 0.38337389889918494 0.4097551277891538 0.43613635667912265 0.4625175855691365 0.48889881445910544 0.5152800433490743 0.5416612722390431 0.568042501129012 0.594423730018981 0.6208049589089497 0.6344356123689765 0.6344356123689765 0.6344356123689765 0.6344356123689765 0.6344356123689765 0.6344356123689765 0.6344356123689765 0.6344356123689765 0.6344356123689765 0.6344356123689765 0.6344356123689765 0.6344356123689765 0.6727448573555678 0.7520075515883211 0.8312702458210744 0.9105329400538278 0.9897956342865811 1.0690583285193345 1.148321022752088 1.2275837169849764 1.3068464112177296
0.3313160098057717 0.3313160098057717 0.3313160098057717 0.3313160098057717 0.3313160098057717 0.3313160098057717 0.3313160098057717 0.3313160098057717 0.3313160098057717 0.3313160098057717 0.3313160098057717 0.3432823867070486 0.36804109108369876 0.39279979546034893 0.41755849983699905 0.44231720421364923 0.46707590859034165 0.4918346129669918 0.516593317343642 0.5413520217202921 0.5661107260969422 0.5908694304735924 0.6156281348502426 0.6284204623375222 0.6284204623375222 0.6284204623375222 0.6284204623375222 0.6284204623375222 0.6284204623375222 0.6284204623375222 0.6284204623375222 0.6284204623375222 0.6284204623375222 0.6284204623375222 0.6284204623375222 0.66611401237855 0.7441028198451209 0.8220916273116919 0.9000804347782629 0.9780692422448338 1.056058049711405 1.1340468571779758 1.21203566464468 1.2900244721112508
0.344771153934925 0.344771153934925 0.344771153934925 0.344771153934925 0.344771153934925 0.344771153934925 0.344771153934925 0.344771153934925 0.344771153934925 0.344771153934925 0.344771153934925 0.35595333229485 0.37908951215818143 0.40222569202151287 0.4253618718848443 0.44849805174817575 0.4716342316115466 0.4947704114748781 0.5179065913382095 0.541042771201541 0.5641789510648725 0.5873151309282039 0.6104513107915353 0.6224053123060679 0.6224053123060679 0.6224053123060679 0.6224053123060679 0.6224053123060679 0.6224053123060679 0.6224053123060679 0.6224053123060679 0.6224053123060679 0.6224053123060679 0.6224053123060679 0.6224053123060679 0.659483167401532 0.7361980881019207 0.8129130088023093 0.8896279295026981 0.9663428502030867 1.0430577709034754 1.1197726916038642 1.1964876123043835 1.2732025330047723
0.35172288864851 0.35172288864851 0.35172288864851 0.35172288864851 0.35172288864851 0.35172288864851 0.35172288864851 0.35172288864851 0.35172288864851 0.35172288864851 0.35172288864851 0.3624999029931014 0.3847977893476743 0.4070956757022472 0.42939356205682006 0.4516914484113929 0.4739893347660038 0.49628722112057666 0.5185851074751495 0.5408829938297224 0.5631808801842954 0.5854787665388682 0.6077766528934411 0.6192975249141455 0.6192975249141455 0.6192975249141455 0.6192975249141455 0.6192975249141455 0.6192975249141455 0.6192975249141455 0.6192975249141455 0.6192975249141455 0.6192975249141455 0.6192975249141455 0.6192975249141455 0.6560572750614226 0.732114029430136 0.8081707837988495 0.884227538167563 0.9602842925362765 1.0363410469049898 1.1123978012737035 1.1884545556425465 1.26451131001126
0.35172288864851 0.35172288864851 0.35172288864851 0.35172288864851 0.35172288864851 0.35172288864851 0.35172288864851 0.35172288864851 0.35172288864851 0.35172288864851 0.35172288864851 0.3624999029931014 0.3847977893476743 0.4070956757022472 0.42939356205682006 0.4516914484113929 0.4739893347660038 0.49628722112057666 0.5185851074751495 0.5408829938297224 0.5631808801842954 0.5854787665388682 0.6077766528934411 0.6192975249141455 0.6192975249141455 0.6192975249141455 0.6192975249141455 0.6192975249141455 0.6192975249141455 0.6192975249141455 0.6192975249141455 0.6192975249141455 0.6192975249141455 0.6192975249141455 0.6192975249141455 0.6560572750614226 0.732114029430136 0.8081707837988495 0.884227538167563 0.9602842925362765 1.0363410469049898 1.1123978012737035 1.1884545556425465 1.26451131001126
0.35172288864851 0.35172288864851 0.35172288864851 0.35172288864851 0.35172288864851 0.35172288864851 0.35172288864851 0.35172288864851 0.35172288864851 0.35172288864851 0.35172288864851 0.3624999029931014 0.3847977893476743 0.4070956757022472 0.42939356205682006 0.4516914484113929 0.4739893347660038 0.49628722112057666 0.5185851074751495 0.5408829938297224 0.5631808801842954 0.5854787665388682 0.6077766528934411 0.6192975249141455 0.6192975249141455 0.6192975249141455 0.6192975249141455 0.6192975249141455 0.6192975249141455 0.6192975249141455 0.6192975249141455 0.6192975249141455 0.6192975249141455 0.6192975249141455 0.6192975249141455 0.6560572750614226 0.732114029430136 0.8081707837988495 0.884227538167563 0.9602842925362765 1.0363410469049898 1.1123978012737035 1.1884545556425465 1.26451131001126
