Figures/CREST_Example_wjb_NSE/Rolling_result/20100722/raw_forecast/ens_4/wjb.rain.20100726.asc
ncols            288
nrows            254
xllcorner        113.274861
yllcorner        31.4918055
cellsize         0.008333333333
NODATA_value     -9999
[rows 60 to 79 of 254, columns 94 to 140 of 288]
0.823463281779269 0.8065095799790015 0.7895558781787341 0.7726021763784666 0.7556484745781992 0.7386947727779318 0.7217410709776644 0.7047873691773969 0.6878336673771295 0.670879965576862 0.6539262637765657 0.6369725619762983 0.6200188601760308 0.6030651583757634 0.5861114565754959 0.5691577547752285 0.552204052974961 0.5352503511746936 0.5182966493744261 0.5013429475741586 0.4843892457738913 0.46743554397362386 0.4504818421733564 0.43876679197312074 0.4326519787989877 0.4265371656248546 0.42042235245072157 0.41430753927658853 0.4081927261024555 0.4020779129283224 0.39596309975418936 0.3898482865800563 0.38373347340592323 0.3776186602317902 0.37150384705765715 0.3653890338835241 0.35927422070938064 0.35315940753524755 0.3470445943611145 0.3409297811869815 0.3348149680128484 0.32870015483871534 0.3225853416645823 0.3164705284904492 0.3103557153163162 0.30424090214218313 0.2981260889680501
0.8076206812308768 0.7912225350192341 0.7748243888075913 0.7584262425959485 0.7420280963843058 0.725629950172663 0.7092318039610201 0.6928336577493774 0.6764355115377345 0.6600373653260918 0.6436392191144211 0.6272410729027782 0.6108429266911355 0.5944447804794927 0.5780466342678499 0.5616484880562072 0.5452503418445643 0.5288521956329215 0.5124540494212788 0.496055903209636 0.4796577569979932 0.4632596107863504 0.4468614645747076 0.43554086328359964 0.4296482723349823 0.42375568138636505 0.4178630904377477 0.41197049948913045 0.4060779085405132 0.40018531759189585 0.3942927266432786 0.38840013569466125 0.382507544746044 0.37661495379742665 0.3707223628488094 0.36482977190019206 0.35893718095156474 0.3530445900029474 0.34715199905433014 0.34125940810571287 0.33536681715709554 0.3294742262084782 0.32358163525986094 0.3176890443112437 0.31179645336262635 0.3059038624140091 0.30001127146539175
0.7917780806824847 0.7759354900594665 0.7600928994364484 0.7442503088134302 0.7284077181904122 0.712565127567394 0.6967225369443759 0.6808799463213577 0.6650373556983397 0.6491947650753216 0.6333521744522763 0.6175095838292582 0.6016669932062402 0.585824402583222 0.5699818119602038 0.5541392213371857 0.5382966307141677 0.5224540400911495 0.5066114494681313 0.49076885884511323 0.4749262682220951 0.459083677599077 0.44324108697605885 0.4323149345940786 0.42664456587097704 0.4209741971478755 0.415303828424774 0.4096334597016724 0.40396309097857086 0.39829272225546936 0.3926223535323678 0.38695198480926624 0.38128161608616473 0.37561124736306317 0.3699408786399616 0.36427050991686005 0.3586001411937489 0.35292977247064733 0.34725940374754577 0.34158903502444427 0.3359186663013427 0.33024829757824115 0.32457792885513964 0.3189075601320381 0.3132371914089365 0.307566822685835 0.30189645396273346
0.7759354801340925 0.7606484450996991 0.7453614100653055 0.7300743750309121 0.7147873399965187 0.6995003049621251 0.6842132699277317 0.6689262348933382 0.6536391998589448 0.6383521648245513 0.6230651297901317 0.6077780947557383 0.5924910597213449 0.5772040246869513 0.5619169896525579 0.5466299546181643 0.5313429195837709 0.5160558845493775 0.500768849514984 0.4854818144805905 0.47019477944619703 0.4549077444118036 0.4396207093774101 0.42908900590455756 0.42364085940697177 0.418192712909386 0.4127445664118002 0.4072964199142144 0.4018482734166286 0.3964001269190428 0.390951980421457 0.3855038339238712 0.3800556874262855 0.3746075409286997 0.3691593944311139 0.3637112479335281 0.358263101435933 0.35281495493834725 0.34736680844076145 0.34191866194317566 0.33647051544558987 0.3310223689480041 0.3255742224504183 0.3201260759528325 0.3146779294552467 0.3092297829576609 0.30378163646007517
0.7600928795857004 0.7453614001399316 0.7306299206941627 0.715898441248394 0.701166961802625 0.6864354823568563 0.6717040029110874 0.6569725234653186 0.6422410440195498 0.627509564573781 0.6127780851279871 0.5980466056822182 0.5833151262364494 0.5685836467906806 0.5538521673449118 0.539120687899143 0.5243892084533741 0.5096577290076054 0.49492624956183656 0.48019477011606776 0.4654632906702989 0.4507318112245301 0.4360003317787613 0.4258630772150364 0.4206371529429664 0.41541122867089636 0.41018530439882633 0.4049593801267563 0.3997334558546863 0.39450753158261626 0.38928160731054623 0.3840556830384762 0.3788297587664062 0.37360383449433615 0.36837791022226607 0.36315198595019604 0.35792606167811714 0.3527001374060471 0.3474742131339771 0.34224828886190706 0.33702236458983703 0.331796440317767 0.3265705160456969 0.3213445917736269 0.31611866750155687 0.31089274322948685 0.3056668189574168
0.7442502790373081 0.730074355180164 0.7158984313230198 0.7017225074658757 0.6875465836087316 0.6733706597515874 0.6591947358944432 0.645018812037299 0.6308428881801549 0.6166669643230107 0.6024910404658423 0.5883151166086982 0.5741391927515541 0.55996326889441 0.5457873450372658 0.5316114211801216 0.5174354973229776 0.5032595734658334 0.48908364960868916 0.474907725751545 0.4607318018944008 0.4465558780372567 0.43237995418011255 0.42263714852551537 0.4176334464789611 0.41262974443240685 0.40762604238585254 0.4026223403392983 0.397618638292744 0.3926149362461897 0.38761123419963545 0.3826075321530812 0.3776038301065269 0.3726001280599726 0.36759642601341835 0.3625927239668641 0.3575890219203013 0.35258531987374697 0.3475816178271927 0.34257791578063845 0.33757421373408414 0.3325705116875299 0.3275668096409756 0.3225631075944213 0.31755940554786705 0.3125557035013128 0.3075520014547585
0.7284076784889025 0.7147873102203834 0.7011669419518645 0.6875465736833455 0.6739262054148264 0.6603058371463074 0.6466854688777883 0.6330651006092693 0.6194447323407503 0.6058243640722313 0.592203995803689 0.5785836275351699 0.5649632592666509 0.5513428909981319 0.537722522729613 0.5241021544610939 0.5104817861925748 0.4968614179240558 0.48324104965553677 0.46962068138701774 0.4560003131184987 0.44237994484997967 0.42875957658146063 0.41941121983599156 0.41462974001495323 0.4098482601939149 0.4050667803728766 0.4002853005518382 0.39550382073079987 0.39072234090976155 0.3859408610887232 0.3811593812676849 0.37637790144664657 0.37159642162560824 0.3668149418045699 0.3620334619835316 0.3572519821624851 0.3524705023414468 0.34768902252040845 0.34290754269937007 0.3381260628783318 0.3333445830572934 0.3285631032362551 0.32378162341521677 0.31900014359417844 0.3142186637731401 0.3094371839521018
0.7125650779405103 0.6995002652606159 0.6864354525807216 0.6733706399008272 0.6603058272209328 0.6472410145410384 0.6341762018611441 0.6211113891812498 0.6080465765013554 0.594981763821461 0.5819169511415443 0.56885213846165 0.5557873257817556 0.5427225131018611 0.5296577004219669 0.5165928877420725 0.5035280750621781 0.49046326238228377 0.47739844970238937 0.464333637022495 0.4512688243426006 0.4382040116627063 0.4251391989828119 0.4161852911464705 0.4116260335509479 0.40706677595542534 0.4025075183599028 0.39794826076438017 0.3933890031688576 0.38882974557333505 0.3842704879778125 0.3797112303822899 0.3751519727867673 0.37059271519124476 0.36603345759572214 0.3614742000001996 0.35691494240466926 0.35235568480914664 0.3477964272136241 0.3432371696181015 0.3386779120225789 0.33411865442705635 0.3295593968315338 0.32500013923601123 0.3204408816404886 0.31588162404496606 0.31132236644944344
0.6967224773921181 0.6842132203008484 0.6717039632095787 0.659194706118309 0.6466854490270393 0.6341761919357696 0.6216669348444999 0.6091576777532302 0.5966484206619604 0.5841391635706907 0.5716299064793997 0.55912064938813 0.5466113922968603 0.5341021352055906 0.5215928781143209 0.5090836210230512 0.4965743639317814 0.4840651068405117 0.471555849749242 0.45904659265797226 0.44653733556670255 0.4340280784754328 0.4215188213841631 0.4129593624569494 0.40862232708694257 0.4042852917169358 0.39994825634692893 0.39561122097692214 0.3912741856069153 0.3869371502369085 0.38260011486690165 0.37826307949689486 0.373926044126888 0.3695890087568812 0.3652519733868744 0.3609149380168676 0.35657790264685335 0.35224086727684656 0.3479038319068397 0.34356679653683286 0.33922976116682607 0.3348927257968193 0.33055569042681243 0.3262186550568056 0.3218816196867988 0.317544584316792 0.31320754894678515
0.680879876843726 0.6689261753410809 0.6569724738384359 0.6450187723357909 0.6330650708331458 0.6211113693305007 0.6091576678278556 0.5972039663252106 0.5852502648225655 0.5732965633199205 0.561342861817255 0.5493891603146099 0.537435458811965 0.5254817573093199 0.5135280558066748 0.5015743543040297 0.48962065280138467 0.47766695129873965 0.4657132497960946 0.4537595482934495 0.4418058467908045 0.4298521452881594 0.41789844378551433 0.4097334337674284 0.4056186206229373 0.4015038074784462 0.39738899433395514 0.3932741811894641 0.38915936804497303 0.38504455490048195 0.3809297417559909 0.37681492861149984 0.37270011546700876 0.3685853023225177 0.36447048917802666 0.3603556760335356 0.3562408628890375 0.3521260497445464 0.34801123660005534 0.34389642345556426 0.33978161031107323 0.33566679716658215 0.3315519840220911 0.32743717087760005 0.32332235773310897 0.3192075445886179 0.31509273144412686
0.6650372762953338 0.6536391303813135 0.642240984467293 0.6308428385532726 0.6194446926392523 0.6080465467252318 0.5966484008112114 0.5852502548971911 0.5738521089831706 0.5624539630691503 0.5510558171551104 0.53965767124109 0.5282595253270697 0.5168613794130492 0.5054632334990288 0.4940650875850084 0.482666941670988 0.4712687957569676 0.4598706498429472 0.4484725039289268 0.4370743580149064 0.425676212100886 0.4142780661868656 0.4065075050779073 0.40261491415893197 0.3987223232399567 0.3948297323209814 0.3909371414020061 0.38704455048303077 0.38315195956405546 0.37925936864508014 0.3753667777261048 0.3714741868071295 0.3675815958881542 0.3636890049691789 0.3597964140502036 0.35590382313122165 0.35201123221224634 0.348118641293271 0.3442260503742957 0.3403334594553204 0.3364408685363451 0.33254827761736977 0.32865568669839446 0.32476309577941914 0.32087050486044383 0.3169779139414685
0.6491946757469417 0.638352085421546 0.6275094950961502 0.6166669047707545 0.6058243144453587 0.594981724119963 0.5841391337945672 0.5732965434691715 0.5624539531437758 0.55161136281838 0.5407687724929657 0.52992618216757 0.5190835918421742 0.5082410015167785 0.4973984111913827 0.48655582086598703 0.4757132305405913 0.46487064021519553 0.4540280498897998 0.443185459564404 0.4323428692390083 0.4215002789136125 0.4106576885882168 0.4032815763883862 0.39961120769492664 0.3959408390014671 0.39227047030800755 0.388600101614548 0.38492973292108845 0.38125936422762885 0.3775889955341693 0.37391862684070976 0.3702482581472502 0.36657788945379066 0.3629075207603311 0.35923715206687157 0.35556678337340575 0.3518964146799462 0.34822604598648665 0.34455567729302705 0.3408853085995675 0.33721493990610796 0.3335445712126484 0.32987420251918886 0.3262038338257293 0.32253346513226977 0.31886309643881017
0.633352075198536 0.6230650404617654 0.6127780057249947 0.6024909709882241 0.5922039362514535 0.581916901514683 0.5716298667779123 0.5613428320411418 0.551055797304371 0.5407687625676005 0.5304817278308123 0.5201946930940418 0.5099076583572711 0.4996206236205005 0.4893335888837299 0.4790465541469593 0.4687595194101887 0.45847248467341806 0.44818544993664744 0.4378984151998768 0.4276113804631062 0.4173243457263356 0.40703731098956497 0.4000556476988624 0.3966075012309188 0.3931593547629752 0.3897112082950316 0.386263061827088 0.38281491535914436 0.37936676889120075 0.37591862242325713 0.3724704759553135 0.3690223294873699 0.3655741830194263 0.3621260365514827 0.35867789008353906 0.35522974361558957 0.351781597147646 0.3483334506797024 0.3448853042117588 0.34143715774381517 0.33798901127587155 0.33454086480792794 0.3310927183399843 0.3276445718720407 0.3241964254040971 0.3207482789361535
0.6215355162229743 0.6119114459589153 0.6022873756948564 0.5926633054307974 0.5830392351667384 0.5734151649026794 0.5637910946386204 0.5541670243745613 0.5445429541105025 0.5349188838464434 0.5252948135823681 0.515670743318309 0.5060466730542501 0.49642260279019107 0.4867985325261321 0.4771744622620731 0.4675503919980141 0.4579263217339551 0.4483022514698961 0.4386781812058372 0.4290541109417782 0.41943004067771916 0.4098059704136602 0.4034559461363623 0.40060595105743546 0.39775595597850866 0.3949059608995818 0.39205596582065494 0.38920597074172814 0.3863559756628013 0.3835059805838744 0.3806559855049476 0.37780599042602075 0.3749559953470939 0.3721060002681671 0.36925600518924023 0.36640601011030854 0.3635560150313817 0.3607060199524548 0.357856024873528 0.35500602979460116 0.3521560347156743 0.3493060396367475 0.34645604455782064 0.3436060494788938 0.3407560543999669 0.3379060593210401
0.6140225418435902 0.6051762493771148 0.5963299569106393 0.5874836644441639 0.5786373719776885 0.5697910795112131 0.5609447870447377 0.5520984945782622 0.5432522021117868 0.5344059096453114 0.5255596171788209 0.5167133247123454 0.50786703224587 0.49902073977939465 0.49017444731291926 0.4813281548464438 0.47248186237996836 0.463635569913493 0.4547892774470176 0.44594298498054213 0.4370966925140667 0.4282504000475913 0.41940410758111585 0.413939265570406 0.412089270564249 0.41023927555809203 0.408389280551935 0.40653928554577806 0.40468929053962105 0.4028392955334641 0.4009893005273071 0.3991393055211501 0.3972893105149931 0.39543931550883615 0.39358932050267914 0.3917393254965222 0.38988933049036206 0.38803933548420505 0.3861893404780481 0.3843393454718911 0.3824893504657341 0.3806393554595771 0.37878936045342015 0.37693936544726314 0.3750893704411062 0.37323937543494917 0.3713893804287922
0.606509567464206 0.5984410527953142 0.5903725381264224 0.5823040234575305 0.5742355087886387 0.5661669941197468 0.558098479450855 0.5500299647819631 0.5419614501130713 0.5338929354441795 0.5258244207752738 0.5177559061063819 0.5096873914374901 0.5016188767685983 0.4935503620997064 0.4854818474308146 0.47741333276192266 0.46934481809303086 0.461276303424139 0.45320778875524714 0.4451392740863553 0.43707075941746343 0.4290022447485716 0.42442258500444974 0.42357259007106257 0.42272259513767546 0.42187260020428835 0.4210226052709012 0.4201726103375141 0.41932261540412696 0.4184726204707398 0.4176226255373527 0.4167726306039656 0.4159226356705784 0.4150726407371913 0.4142226458038042 0.4133726508704156 0.41252265593702847 0.4116726610036413 0.4108226660702542 0.4099726711368671 0.40912267620348 0.4082726812700928 0.4074226863367057 0.40657269140331853 0.4057226964699314 0.4048727015365443
0.598996593084822 0.5917058562135137 0.5844151193422054 0.5771243824708971 0.5698336455995888 0.5625429087282805 0.5552521718569723 0.547961434985664 0.5406706981143556 0.5333799612430474 0.5260892243717267 0.5187984875004183 0.5115077506291101 0.5042170137578018 0.49692627688649355 0.4896355400151853 0.48234480314387695 0.4750540662725687 0.4677633294012604 0.4604725925299521 0.45318185565864383 0.44589111878733556 0.43860038191602724 0.43490590443849336 0.4350559095778761 0.43520591471725883 0.43535591985664157 0.4355059249960243 0.43565593013540704 0.4358059352747898 0.43595594041417246 0.4361059455535552 0.43625595069293793 0.43640595583232067 0.4365559609717034 0.43670596611108614 0.4368559712504691 0.43700597638985184 0.43715598152923457 0.4373059866686173 0.43745599180800004 0.4376059969473827 0.43775600208676546 0.4379060072261482 0.43805601236553093 0.43820601750491367 0.4383560226442964
0.591483618705438 0.5849706596317132 0.5784577005579885 0.5719447414842638 0.565431782410539 0.5589188233368143 0.5524058642630896 0.5458929051893648 0.5393799461156401 0.5328669870419154 0.5263540279681795 0.5198410688944549 0.5133281098207302 0.5068151507470054 0.5003021916732807 0.493789232599556 0.48727627352583125 0.4807633144521065 0.4742503553783818 0.4677373963046571 0.46122443723093237 0.4547114781572077 0.44819851908348296 0.44538922387253704 0.4465392290846896 0.4476892342968422 0.4488392395089948 0.4499892447211474 0.45113924993329996 0.45228925514545254 0.4534392603576052 0.45458926556975776 0.45573927078191034 0.4568892759940629 0.4580392812062155 0.4591892864183681 0.4603392916305226 0.4614892968426752 0.4626393020548278 0.46378930726698037 0.46493931247913295 0.46608931769128553 0.4672393229034381 0.4683893281155907 0.46953933332774334 0.4706893385398959 0.4718393437520485
0.5839706443260538 0.5782354630499127 0.5725002817737715 0.5667651004976303 0.5610299192214891 0.555294737945348 0.5495595566692069 0.5438243753930657 0.5380891941169246 0.5323540128407834 0.5266188315646325 0.5208836502884913 0.5151484690123501 0.509413287736209 0.5036781064600678 0.4979429251839267 0.49220774390778554 0.4864725626316444 0.48073738135550326 0.47500220007936206 0.4692670188032209 0.46353183752707977 0.45779665625093857 0.4558725433065807 0.45802254859150315 0.46017255387642564 0.46232255916134807 0.4644725644462705 0.466622569731193 0.4687725750161154 0.47092258030103784 0.47307258558596027 0.47522259087088276 0.4773725961558052 0.4795226014407276 0.4816726067256501 0.4838226120105762 0.4859726172954986 0.4881226225804211 0.49027262786534354 0.49242263315026596 0.4945726384351884 0.4967226437201109 0.4988726490050333 0.5010226542899557 0.5031726595748782 0.5053226648598006
0.5764576699466634 0.5715002664681064 0.5665428629895495 0.5615854595109926 0.5566280560324356 0.5516706525538787 0.5467132490753217 0.5417558455967648 0.5367984421182079 0.531841038639651 0.5268836351610856 0.5219262316825287 0.5169688282039717 0.5120114247254148 0.5070540212468579 0.502096617768301 0.49713921428974406 0.4921818108111871 0.48722440733263017 0.4822670038540733 0.47730960037551634 0.4723521968969594 0.4673947934184025 0.46635586274063334 0.4695058680983265 0.47265587345601967 0.47580587881371283 0.478955884171406 0.48210588952909916 0.4852558948867923 0.4884059002444855 0.4915559056021786 0.49470591095987176 0.49785591631756493 0.501005921675258 0.5041559270329512 0.5073059323906498 0.510455937748343 0.5136059431060361 0.5167559484637293 0.5199059538214225 0.5230559591791155 0.5262059645368087 0.5293559698945018 0.532505975252195 0.5356559806098882 0.5388059859675813
