Figures/CREST_Example_wjb_NSE/Rolling_result/20100722/raw_forecast/ens_4/wjb.rain.20100708.asc
ncols            288
nrows            254
xllcorner        113.274861
yllcorner        31.4918055
cellsize         0.008333333333
NODATA_value     -9999
[rows 160 to 179 of 254, columns 135 to 179 of 288]
1.220047211131035 1.2894885550963653 1.3589298990616958 1.4283712430270261 1.4978125869923566 1.567253930957687 1.6366952749230175 1.706136618888348 1.7755779628537969 1.8450193068191272 1.9144606507844577 1.9839019947497882 2.0197809487581253 2.0197809487581253 2.0197809487581253 2.0197809487581253 2.0197809487581253 2.0197809487581253 2.0197809487581253 2.0197809487581253 2.0197809487581253 2.0197809487581253 2.0197809487581253 2.0197809487581253 2.1461519105001745 2.4076162889757367 2.6690806674512983 2.93054504592686 3.1920094244024217 3.4534738028779834 3.714938181353545 3.976402559829107 4.237866938304668 4.49933131678023 4.760795695256238 5.0222600737318 5.157353490591049 5.157353490591049 5.157353490591049 5.157353490591049 5.157353490591049 5.157353490591049 5.157353490591049 5.157353490591049 5.157353490591049
1.220047211131035 1.2894885550963653 1.3589298990616958 1.4283712430270261 1.4978125869923566 1.567253930957687 1.6366952749230175 1.706136618888348 1.7755779628537969 1.8450193068191272 1.9144606507844577 1.9839019947497882 2.0197809487581253 2.0197809487581253 2.0197809487581253 2.0197809487581253 2.0197809487581253 2.0197809487581253 2.0197809487581253 2.0197809487581253 2.0197809487581253 2.0197809487581253 2.0197809487581253 2.0197809487581253 2.1461519105001745 2.4076162889757367 2.6690806674512983 2.93054504592686 3.1920094244024217 3.4534738028779834 3.714938181353545 3.976402559829107 4.237866938304668 4.49933131678023 4.760795695256238 5.0222600737318 5.157353490591049 5.157353490591049 5.157353490591049 5.157353490591049 5.157353490591049 5.157353490591049 5.157353490591049 5.157353490591049 5.157353490591049
1.220047211131035 1.2894885550963653 1.3589298990616958 1.4283712430270261 1.4978125869923566 1.567253930957687 1.6366952749230175 1.706136618888348 1.7755779628537969 1.8450193068191272 1.9144606507844577 1.9839019947497882 2.0197809487581253 2.0197809487581253 2.0197809487581253 2.0197809487581253 2.0197809487581253 2.0197809487581253 2.0197809487581253 2.0197809487581253 2.0197809487581253 2.0197809487581253 2.0197809487581253 2.0197809487581253 2.1461519105001745 2.4076162889757367 2.6690806674512983 2.93054504592686 3.1920094244024217 3.4534738028779834 3.714938181353545 3.976402559829107 4.237866938304668 4.49933131678023 4.760795695256238 5.0222600737318 5.157353490591049 5.157353490591049 5.157353490591049 5.157353490591049 5.157353490591049 5.157353490591049 5.157353490591049 5.157353490591049 5.157353490591049
1.220047211131035 1.2894885550963653 1.3589298990616958 1.4283712430270261 1.4978125869923566 1.567253930957687 1.6366952749230175 1.706136618888348 1.7755779628537969 1.8450193068191272 1.9144606507844577 1.9839019947497882 2.0197809487581253 2.0197809487581253 2.0197809487581253 2.0197809487581253 2.0197809487581253 2.0197809487581253 2.0197809487581253 2.0197809487581253 2.0197809487581253 2.0197809487581253 2.0197809487581253 2.0197809487581253 2.1461519105001745 2.4076162889757367 2.6690806674512983 2.93054504592686 3.1920094244024217 3.4534738028779834 3.714938181353545 3.976402559829107 4.237866938304668 4.49933131678023 4.760795695256238 5.0222600737318 5.157353490591049 5.157353490591049 5.157353490591049 5.157353490591049 5.157353490591049 5.157353490591049 5.157353490591049 5.157353490591049 5.157353490591049
1.220047211131035 1.2894885550963653 1.3589298990616958 1.4283712430270261 1.4978125869923566 1.567253930957687 1.6366952749230175 1.706136618888348 1.7755779628537969 1.8450193068191272 1.9144606507844577 1.9839019947497882 2.0197809487581253 2.0197809487581253 2.0197809487581253 2.0197809487581253 2.0197809487581253 2.0197809487581253 2.0197809487581253 2.0197809487581253 2.0197809487581253 2.0197809487581253 2.0197809487581253 2.0197809487581253 2.1461519105001745 2.4076162889757367 2.6690806674512983 2.93054504592686 3.1920094244024217 3.4534738028779834 3.714938181353545 3.976402559829107 4.237866938304668 4.49933131678023 4.760795695256238 5.0222600737318 5.157353490591049 5.157353490591049 5.157353490591049 5.157353490591049 5.157353490591049 5.157353490591049 5.157353490591049 5.157353490591049 5.157353490591049
1.220047211131035 1.2894885550963653 1.3589298990616958 1.4283712430270261 1.4978125869923566 1.567253930957687 1.6366952749230175 1.706136618888348 1.7755779628537969 1.8450193068191272 1.9144606507844577 1.9839019947497882 2.0197809487581253 2.0197809487581253 2.0197809487581253 2.0197809487581253 2.0197809487581253 2.0197809487581253 2.0197809487581253 2.0197809487581253 2.0197809487581253 2.0197809487581253 2.0197809487581253 2.0197809487581253 2.1461519105001745 2.4076162889757367 2.6690806674512983 2.93054504592686 3.1920094244024217 3.4534738028779834 3.714938181353545 3.976402559829107 4.237866938304668 4.49933131678023 4.760795695256238 5.0222600737318 5.157353490591049 5.157353490591049 5.157353490591049 5.157353490591049 5.157353490591049 5.157353490591049 5.157353490591049 5.157353490591049 5.157353490591049
1.220047211131035 1.2894885550963653 1.3589298990616958 1.4283712430270261 1.4978125869923566 1.567253930957687 1.6366952749230175 1.706136618888348 1.7755779628537969 1.8450193068191272 1.9144606507844577 1.9839019947497882 2.0197809487581253 2.0197809487581253 2.0197809487581253 2.0197809487581253 2.0197809487581253 2.0197809487581253 2.0197809487581253 2.0197809487581253 2.0197809487581253 2.0197809487581253 2.0197809487581253 2.0197809487581253 2.1461519105001745 2.4076162889757367 2.6690806674512983 2.93054504592686 3.1920094244024217 3.4534738028779834 3.714938181353545 3.976402559829107 4.237866938304668 4.49933131678023 4.760795695256238 5.0222600737318 5.157353490591049 5.157353490591049 5.157353490591049 5.157353490591049 5.157353490591049 5.157353490591049 5.157353490591049 5.157353490591049 5.157353490591049
1.220047211131035 1.2894885550963653 1.3589298990616958 1.4283712430270261 1.4978125869923566 1.567253930957687 1.6366952749230175 1.706136618888348 1.7755779628537969 1.8450193068191272 1.9144606507844577 1.9839019947497882 2.0197809487581253 2.0197809487581253 2.0197809487581253 2.0197809487581253 2.0197809487581253 2.0197809487581253 2.0197809487581253 2.0197809487581253 2.0197809487581253 2.0197809487581253 2.0197809487581253 2.0197809487581253 2.1461519105001745 2.4076162889757367 2.6690806674512983 2.93054504592686 3.1920094244024217 3.4534738028779834 3.714938181353545 3.976402559829107 4.237866938304668 4.49933131678023 4.760795695256238 5.0222600737318 5.157353490591049 5.157353490591049 5.157353490591049 5.157353490591049 5.157353490591049 5.157353490591049 5.157353490591049 5.157353490591049 5.157353490591049
1.220047211131035 1.2894885550963653 1.3589298990616958 1.4283712430270261 1.4978125869923566 1.567253930957687 1.6366952749230175 1.706136618888348 1.7755779628537969 1.8450193068191272 1.9144606507844577 1.9839019947497882 2.0197809487581253 2.0197809487581253 2.0197809487581253 2.0197809487581253 2.0197809487581253 2.0197809487581253 2.0197809487581253 2.0197809487581253 2.0197809487581253 2.0197809487581253 2.0197809487581253 2.0197809487581253 2.1461519105001745 2.4076162889757367 2.6690806674512983 2.93054504592686 3.1920094244024217 3.4534738028779834 3.714938181353545 3.976402559829107 4.237866938304668 4.49933131678023 4.760795695256238 5.0222600737318 5.157353490591049 5.157353490591049 5.157353490591049 5.157353490591049 5.157353490591049 5.157353490591049 5.157353490591049 5.157353490591049 5.157353490591049
1.3429589306984244 1.419011690597966 1.4950644504975075 1.5711172103970488 1.6471699702965903 1.7232227301961318 1.7992754900956731 1.8753282499952146 1.9513810098948858 2.027433769794427 2.103486529693969 2.17953928959351 2.218834230025612 2.218834230025612 2.218834230025612 2.218834230025612 2.218834230025612 2.218834230025612 2.218834230025612 2.218834230025612 2.218834230025612 2.218834230025612 2.218834230025612 2.218834230025612 2.3368608210501254 2.581060507753508 2.825260194456891 3.0694598811602742 3.313659567863657 3.55785925456704 3.802058941270423 4.046258627973806 4.290458314677188 4.5346580013805715 4.778857688084371 5.023057374787754 5.149230470584058 5.149230470584058 5.149230470584058 5.149230470584058 5.149230470584058 5.149230470584058 5.149230470584058 5.149230470584058 5.149230470584058
1.5972555308207106 1.6869868935417052 1.7767182562627 1.8664496189836945 1.9561809817046893 2.045912344425684 2.1356437071466785 2.225375069867673 2.315106432588821 2.404837795309816 2.4945691580308105 2.584300520751805 2.6306629217701287 2.6306629217701287 2.6306629217701287 2.6306629217701287 2.6306629217701287 2.6306629217701287 2.6306629217701287 2.6306629217701287 2.6306629217701287 2.6306629217701287 2.6306629217701287 2.6306629217701287 2.7314255357621997 2.9399056634578904 3.148385791153581 3.356865918849272 3.565346046544963 3.7738261742406536 3.9823063019363447 4.190786429632036 4.399266557327726 4.607746685023417 4.816226812719464 5.024706940415155 5.132424454219032 5.132424454219032 5.132424454219032 5.132424454219032 5.132424454219032 5.132424454219032 5.132424454219032 5.132424454219032 5.132424454219032
1.85155213094278 1.9549620964852163 2.0583720620276527 2.161782027570089 2.2651919931125253 2.3686019586549616 2.472011924197398 2.575421889739834 2.6788318552824464 2.7822418208248827 2.885651786367319 2.9890617519097553 3.0424916135142945 3.0424916135142945 3.0424916135142945 3.0424916135142945 3.0424916135142945 3.0424916135142945 3.0424916135142945 3.0424916135142945 3.0424916135142945 3.0424916135142945 3.0424916135142945 3.0424916135142945 3.1259902504739374 3.2987508191619668 3.471511387849996 3.644271956538025 3.8170325252260544 3.9897930939140833 4.162553662602113 4.335314231290142 4.508074799978171 4.6808353686662 4.853595937354524 5.0263565060425535 5.115618437854019 5.115618437854019 5.115618437854019 5.115618437854019 5.115618437854019 5.115618437854019 5.115618437854019 5.115618437854019 5.115618437854019
2.1058487310648495 2.2229372994287275 2.3400258677926056 2.457114436156483 2.5742030045203608 2.691291572884239 2.808380141248117 2.9254687096119945 3.042557277976072 3.1596458463399495 3.2767344147038275 3.3938229830677056 3.4543203052584603 3.4543203052584603 3.4543203052584603 3.4543203052584603 3.4543203052584603 3.4543203052584603 3.4543203052584603 3.4543203052584603 3.4543203052584603 3.4543203052584603 3.4543203052584603 3.4543203052584603 3.5205549651856756 3.657595974866043 3.7946369845464107 3.9316779942267783 4.0687190039071455 4.205760013587513 4.342801023267881 4.479842032948248 4.616883042628616 4.753924052308983 4.890965061989585 5.028006071669952 5.098812421489007 5.098812421489007 5.098812421489007 5.098812421489007 5.098812421489007 5.098812421489007 5.098812421489007 5.098812421489007 5.098812421489007
2.3601453311869194 2.4909125023722387 2.621679673557558 2.7524468447428774 2.883214015928197 3.013981187113516 3.144748358298836 3.275515529484155 3.4062827006696974 3.537049871855017 3.667817043040336 3.798584214225656 3.866148997002626 3.866148997002626 3.866148997002626 3.866148997002626 3.866148997002626 3.866148997002626 3.866148997002626 3.866148997002626 3.866148997002626 3.866148997002626 3.866148997002626 3.866148997002626 3.9151196798974137 4.0164411305701195 4.117762581242825 4.219084031915531 4.320405482588237 4.421726933260943 4.523048383933649 4.624369834606355 4.725691285279061 4.827012735951767 4.928334186624645 5.029655637297351 5.082006405123995 5.082006405123995 5.082006405123995 5.082006405123995 5.082006405123995 5.082006405123995 5.082006405123995 5.082006405123995 5.082006405123995
2.614441931308989 2.75888770531575 2.9033334793225105 3.0477792533292716 3.1922250273360326 3.3366708013427937 3.4811165753495548 3.625562349356316 3.770008123363323 3.914453897370084 4.058899671376845 4.203345445383606 4.277977688746792 4.277977688746792 4.277977688746792 4.277977688746792 4.277977688746792 4.277977688746792 4.277977688746792 4.277977688746792 4.277977688746792 4.277977688746792 4.277977688746792 4.277977688746792 4.309684394609151 4.375286286274196 4.44088817793924 4.506490069604284 4.5720919612693285 4.6376938529343725 4.7032957445994175 4.7688976362644615 4.8344995279295055 4.90010141959455 4.9657033112597055 5.0313052029247505 5.065200388758982 5.065200388758982 5.065200388758982 5.065200388758982 5.065200388758982 5.065200388758982 5.065200388758982 5.065200388758982 5.065200388758982
2.8687385314310583 3.026862908259261 3.1849872850874634 3.3431116619156658 3.5012360387438686 3.659360415572071 3.8174847924002737 3.975609169228476 4.133733546056948 4.291857922885151 4.449982299713353 4.608106676541556 4.689806380490958 4.689806380490958 4.689806380490958 4.689806380490958 4.689806380490958 4.689806380490958 4.689806380490958 4.689806380490958 4.689806380490958 4.689806380490958 4.689806380490958 4.689806380490958 4.70424910932089 4.734131441978272 4.7640137746356555 4.793896107293038 4.82377843995042 4.853660772607803 4.883543105265185 4.913425437922568 4.943307770579951 4.973190103237333 5.003072435894767 5.032954768552149 5.04839437239397 5.04839437239397 5.04839437239397 5.04839437239397 5.04839437239397 5.04839437239397 5.04839437239397 5.04839437239397 5.04839437239397
3.1230351315533444 3.294838111203 3.466641090852656 3.6384440705023118 3.8102470501519674 3.9820500298016235 4.153853009451279 4.325655989100935 4.497458968750884 4.669261948400539 4.841064928050195 5.012867907699851 5.101635072235474 5.101635072235474 5.101635072235474 5.101635072235474 5.101635072235474 5.101635072235474 5.101635072235474 5.101635072235474 5.101635072235474 5.101635072235474 5.101635072235474 5.101635072235474 5.098813824032964 5.092976597682655 5.087139371332345 5.081302144982035 5.075464918631726 5.069627692281417 5.063790465931107 5.057953239580797 5.0521160132304885 5.046278786880179 5.040441560529859 5.03460433417955 5.031588356028943 5.031588356028943 5.031588356028943 5.031588356028943 5.031588356028943 5.031588356028943 5.031588356028943 5.031588356028943 5.031588356028943
3.377331731675414 3.5628133141465113 3.7482948966176086 3.933776479088706 4.119258061559804 4.304739644030901 4.4902212265019985 4.675702808973096 4.861184391444509 5.046665973915607 5.232147556386704 5.4176291388578015 5.51346376397964 5.51346376397964 5.51346376397964 5.51346376397964 5.51346376397964 5.51346376397964 5.51346376397964 5.51346376397964 5.51346376397964 5.51346376397964 5.51346376397964 5.51346376397964 5.493378538744702 5.4518217533867315 5.41026496802876 5.3687081826707885 5.327151397312818 5.2855946119548465 5.244037826596875 5.202481041238904 5.160924255880933 5.1193674705229615 5.07781068516492 5.036253899806948 5.014782339663931 5.014782339663931 5.014782339663931 5.014782339663931 5.014782339663931 5.014782339663931 5.014782339663931 5.014782339663931 5.014782339663931
3.631628331797484 3.8307885170900224 4.029948702382561 4.229108887675101 4.428269072967639 4.627429258260178 4.8265894435527175 5.025749628845256 5.224909814138135 5.424069999430674 5.623230184723212 5.822390370015752 5.925292455723806 5.925292455723806 5.925292455723806 5.925292455723806 5.925292455723806 5.925292455723806 5.925292455723806 5.925292455723806 5.925292455723806 5.925292455723806 5.925292455723806 5.925292455723806 5.887943253456441 5.810666909090807 5.733390564725174 5.656114220359542 5.578837875993909 5.501561531628276 5.424285187262643 5.34700884289701 5.269732498531377 5.192456154165744 5.115179809799979 5.037903465434347 4.997976323298918 4.997976323298918 4.997976323298918 4.997976323298918 4.997976323298918 4.997976323298918 4.997976323298918 4.997976323298918 4.997976323298918
3.8859249319195532 4.098763720033533 4.311602508147514 4.524441296261495 4.737280084375475 4.950118872489456 5.162957660603436 5.375796448717416 5.58863523683176 5.80147402494574 6.014312813059721 6.227151601173702 6.337121147467972 6.337121147467972 6.337121147467972 6.337121147467972 6.337121147467972 6.337121147467972 6.337121147467972 6.337121147467972 6.337121147467972 6.337121147467972 6.337121147467972 6.337121147467972 6.282507968168178 6.169512064794884 6.056516161421589 5.943520258048295 5.830524354675 5.717528451301706 5.604532547928411 5.491536644555117 5.378540741181822 5.265544837808528 5.152548934435041 5.039553031061746 4.9811703069339055 4.9811703069339055 4.9811703069339055 4.9811703069339055 4.9811703069339055 4.9811703069339055 4.9811703069339055 4.9811703069339055 4.9811703069339055
