Figures/CREST_Example_wjb_NSE/Rolling_result/20100722/raw_forecast/ens_4/wjb.rain.20100730.asc
ncols            288
nrows            254
xllcorner        113.274861
yllcorner        31.4918055
cellsize         0.008333333333
NODATA_value     -9999
[rows 192 to 215 of 254, columns 53 to 105 of 288]
-9999.0 -9999.0 -9999.0 -9999.0 -9999.0 -9999.0 0.23239814239544554 0.24544444309167607 0.25849074378790654 0.27153704448413707 0.28458334518036754 0.29762964587659807 0.3106759465728508 0.32372224726908133 0.3367685479653118 0.34981484866154233 0.3628611493577728 0.3759074500540033 0.38895375075023386 0.40200005144646433 0.4150463521426948 0.42809265283892534 0.44113895353515586 0.45418525423138634 0.4672315549276168 0.4802778556238696 0.49332415632010007 0.5063704570163305 0.519416757712561 0.5324630584087916 0.5455093591050221 0.5585556598012527 0.5716019604974831 0.5846482611937136 0.5866113153020958 0.5767261282310715 0.5668409411600472 0.556955754089023 0.5470705670179818 0.5371853799469575 0.5273001928759332 0.517415005804909 0.5075298187338846 0.4976446316628604 0.48775944459183607 0.4778742575208118 0.4679890704497875 0.45810388337876323 0.4482186963077389 0.43833350923671466 0.4284483221656904 0.41856313509464926 0.40867794802362495
-9999.0 -9999.0 -9999.0 -9999.0 0.26270420064463523 0.27576901493279216 0.2888338292209491 0.301898643509106 0.314963457797263 0.3280282720854199 0.3410930863735768 0.3541579006617338 0.367222714949913 0.38028752923806997 0.39335234352622683 0.4064171578143838 0.41948197210254073 0.43254678639069766 0.44561160067885464 0.45867641496701156 0.4717412292551685 0.48480604354332546 0.4978708578314824 0.5109356721196393 0.5240004864077963 0.5370653006959755 0.5501301149841324 0.5631949292722893 0.5762597435604463 0.5893245578486033 0.6023893721367601 0.6154541864249171 0.6285190007130741 0.641583815001231 0.6434749838479725 0.6334212730970505 0.6233675623461284 0.6133138515952065 0.6032601408442673 0.5932064300933452 0.5831527193424232 0.5730990085915011 0.5630452978405791 0.552991587089657 0.542937876338735 0.5328841655878129 0.522830454836891 0.5127767440859688 0.5027230333350469 0.49266932258412477 0.48261561183320273 0.47256190108226354 0.4625081903313415
-9999.0 -9999.0 -9999.0 -9999.0 0.3791023561968468 0.39161161492949254 0.4041208736621383 0.41663013239478397 0.4291393911274297 0.44164864986007546 0.4541579085927212 0.46666716732536695 0.479176426058034 0.49168568479067976 0.5041949435233255 0.5167042022559712 0.529213460988617 0.5417227197212626 0.5542319784539085 0.5667412371865541 0.5792504959191999 0.5917597546518456 0.6042690133844913 0.6167782721171371 0.6292875308497828 0.6417967895824499 0.6543060483150956 0.6668153070477414 0.6793245657803871 0.6918338245130329 0.7043430832456785 0.7168523419783244 0.72936160071097 0.7418708594436159 0.7434212816733853 0.7332564599173248 0.7230916381612644 0.712926816405204 0.7027619946491261 0.6925971728930657 0.6824323511370052 0.6722675293809447 0.6621027076248842 0.6519378858688237 0.6417730641127632 0.6316082423567028 0.6214434206006423 0.6112785988445819 0.6011137770885214 0.590948955332461 0.5807841335764005 0.5706193118203227 0.5604544900642622
-9999.0 -9999.0 -9999.0 -9999.0 -9999.0 0.5074542149261435 0.5194079181032782 0.5313616212804131 0.5433153244575478 0.5552690276346826 0.5672227308118174 0.5791764339889521 0.5911301371661073 0.603083840343242 0.6150375435203769 0.6269912466975116 0.6389449498746463 0.6508986530517812 0.6628523562289159 0.6748060594060507 0.6867597625831855 0.6987134657603202 0.710667168937455 0.7226208721145898 0.7345745752917245 0.7465282784688797 0.7584819816460144 0.7704356848231493 0.782389388000284 0.7943430911774187 0.8062967943545536 0.8182504975316883 0.8302042007088231 0.8421579038859579 0.8433675794987554 0.8330916467375566 0.8228157139763578 0.8125397812151589 0.8022638484539425 0.7919879156927436 0.7817119829315448 0.7714360501703459 0.7611601174091471 0.7508841846479483 0.7406082518867494 0.7303323191255505 0.7200563863643517 0.7097804536031528 0.6995045208419539 0.6892285880807552 0.6789526553195563 0.6686767225583399 0.658400789797141
-9999.0 -9999.0 -9999.0 -9999.0 -9999.0 0.6232968149227945 0.6346949625444183 0.6460931101660421 0.6574912577876659 0.6688894054092898 0.6802875530309135 0.6916857006525373 0.7030838482741806 0.7144819958958044 0.7258801435174282 0.737278291139052 0.7486764387606758 0.7600745863822996 0.7714727340039234 0.7828708816255472 0.794269029247171 0.8056671768687949 0.8170653244904187 0.8284634721120424 0.8398616197336662 0.8512597673553095 0.8626579149769333 0.8740560625985572 0.8854542102201809 0.8968523578418047 0.9082505054634284 0.9196486530850523 0.9310468007066761 0.9424449483283 0.9433138773241256 0.9329268335577884 0.9225397897914511 0.9121527460251139 0.901765702258759 0.8913786584924217 0.8809916147260844 0.8706045709597472 0.8602175271934099 0.8498304834270727 0.8394434396607355 0.8290563958943983 0.818669352128061 0.8082823083617238 0.7978952645953865 0.7875082208290494 0.777121177062712 0.7667341332963571 0.7563470895300198
-9999.0 -9999.0 -9999.0 -9999.0 -9999.0 0.7391394149194949 0.7499820069856075 0.7608245990517201 0.7716671911178327 0.7825097831839453 0.7933523752500579 0.8041949673161705 0.8150375593823016 0.8258801514484142 0.8367227435145268 0.8475653355806394 0.858407927646752 0.8692505197128646 0.8800931117789772 0.8909357038450898 0.9017782959112024 0.912620887977315 0.9234634800434276 0.9343060721095402 0.9451486641756528 0.9559912562417839 0.9668338483078965 0.9776764403740091 0.9885190324401217 0.9993616245062343 1.010204216572347 1.0210468086384594 1.0318894007045722 1.0427319927706848 1.0432601751495383 1.0327620203780628 1.022263865606587 1.0117657108351112 1.0012675560636177 0.9907694012921421 0.9802712465206664 0.9697730917491908 0.9592749369777152 0.9487767822062394 0.9382786274347638 0.9277804726632881 0.9172823178918125 0.9067841631203368 0.8962860083488611 0.8857878535773854 0.8752896988059098 0.8647915440344163 0.8542933892629405
-9999.0 -9999.0 -9999.0 -9999.0 -9999.0 0.8549820149161459 0.8652690514267475 0.8755560879373492 0.8858431244479508 0.8961301609585524 0.9064171974691541 0.9167042339797556 0.9269912704903749 0.9372783070009765 0.9475653435115782 0.9578523800221798 0.9681394165327815 0.978426453043383 0.9887134895539847 0.9990005260645863 1.009287562575188 1.0195745990857896 1.0298616355963912 1.040148672106993 1.0504357086175946 1.0607227451282137 1.0710097816388153 1.081296818149417 1.0915838546600187 1.1018708911706203 1.112157927681222 1.1224449641918235 1.132732000702425 1.143019037213027 1.1432064729749085 1.1325972071982944 1.1219879414216805 1.1113786756450663 1.1007694098684342 1.09016014409182 1.0795508783152061 1.068941612538592 1.058332346761978 1.047723080985364 1.0371138152087498 1.0265045494321359 1.0158952836555217 1.0052860178789078 0.9946767521022937 0.9840674863256796 0.9734582205490656 0.9628489547724335 0.9522396889958193
-9999.0 0.8924753117493368 0.9178716286420026 0.9432679455346683 0.9610931339577061 0.9708246149127968 0.9805560958678875 0.9902875768229782 1.0000190577780688 1.0097505387331596 1.0194820196882501 1.029213500643341 1.0389449815984482 1.0486764625535387 1.0584079435086295 1.0681394244637201 1.077870905418811 1.0876023863739015 1.0973338673289923 1.1070653482840829 1.1167968292391737 1.1265283101942642 1.1362597911493548 1.1459912721044456 1.1557227530595362 1.1654542340146434 1.1751857149697342 1.1849171959248248 1.1946486768799156 1.2043801578350062 1.2141116387900968 1.2238431197451876 1.2335746007002784 1.243306081655369 1.2431527708002785 1.2324323940185262 1.2217120172367737 1.2109916404550214 1.2002712636732507 1.1895508868914981 1.1788305101097458 1.1681101333279933 1.1573897565462408 1.1466693797644885 1.135949002982736 1.1252286262009836 1.114508249419231 1.1037878726374788 1.0930674958557263 1.0823471190739737 1.0716267422922214 1.0609063655104507 1.0501859887286982
-9999.0 1.001871569616479 1.0301567753580665 1.0584419810996542 1.0774912895099178 1.0866672149094971 1.0958431403090767 1.1050190657086563 1.1141949911082356 1.1233709165078152 1.1325468419073945 1.141722767306974 1.1508986927065692 1.1600746181061488 1.169250543505728 1.1784264689053077 1.187602394304887 1.1967783197044666 1.205954245104046 1.2151301705036255 1.2243060959032048 1.2334820213027844 1.242657946702364 1.2518338721019433 1.2610097975015229 1.270185722901118 1.2793616483006973 1.2885375737002769 1.2977134990998564 1.3068894244994358 1.3160653498990154 1.3252412752985947 1.3344172006981743 1.3435931260977538 1.3430990686256914 1.3322675808388005 1.3214360930519096 1.3106046052650187 1.2997731174781095 1.2889416296912186 1.2781101419043277 1.2672786541174368 1.2564471663305459 1.2456156785436552 1.2347841907567643 1.2239527029698734 1.2131212151829827 1.2022897273960917 1.1914582396092008 1.18062675182231 1.169795264035419 1.1589637762485099 1.148132288461619
1.0800937328930664 1.1112678274835748 1.1424419220740827 1.173616016664591 1.1938894450620796 1.2025098149061482 1.2111301847502167 1.2197505545942853 1.2283709244383538 1.2369912942824222 1.2456116641264907 1.2542320339705593 1.2628524038146425 1.271472773658711 1.2800931435027794 1.288713513346848 1.2973338831909165 1.305954253034985 1.3145746228790536 1.323194992723122 1.3318153625671905 1.340435732411259 1.3490561022553276 1.3576764720993961 1.3662968419434645 1.3749172117875477 1.3835375816316162 1.3921579514756848 1.4007783213197533 1.4093986911638217 1.4180190610078902 1.4266394308519588 1.4352598006960273 1.4438801705400959 1.4430453664510614 1.4321027676590323 1.421160168867003 1.4102175700749737 1.399274971282926 1.3883323724908967 1.3773897736988674 1.3664471749068383 1.355504576114809 1.3445619773227797 1.3336193785307504 1.3226767797387213 1.311734180946692 1.300791582154663 1.2898489833626336 1.2789063845706043 1.267963785778575 1.2570211869865273 1.246078588194498
1.1866011019112415 1.2206640853506703 1.2547270687900989 1.2887900522295277 1.3102876006142417 1.3183524149027992 1.3264172291913567 1.3344820434799143 1.3425468577684718 1.3506116720570294 1.358676486345587 1.3667413006341445 1.3748061149227158 1.3828709292112733 1.3909357434998308 1.3990005577883884 1.407065372076946 1.4151301863655035 1.423195000654061 1.4312598149426186 1.439324629231176 1.4473894435197336 1.4554542578082912 1.4635190720968487 1.4715838863854063 1.4796487006739776 1.4877135149625351 1.4957783292510927 1.5038431435396502 1.5119079578282077 1.5199727721167653 1.5280375864053228 1.5361024006938804 1.544167214982438 1.5429916642764316 1.531937954479264 1.5208842446820965 1.5098305348849288 1.4987768250877422 1.4877231152905748 1.476669405493407 1.4656156956962394 1.454561985899072 1.4435082761019042 1.4324545663047366 1.421400856507569 1.4103471467104014 1.3992934369132337 1.3882397271160662 1.3771860173188986 -9999.0 -9999.0 -9999.0
1.2931084709294165 1.3300603432177658 1.367012215506115 1.4039640877944644 1.4266857561664037 1.4341950148994502 1.4417042736324968 1.4492135323655433 1.4567227910985898 1.4642320498316366 1.471741308564683 1.4792505672977296 1.486759826030789 1.4942690847638356 1.501778343496882 1.5092876022299286 1.5167968609629754 1.524306119696022 1.5318153784290685 1.539324637162115 1.5468338958951617 1.5543431546282083 1.5618524133612548 1.5693616720943013 1.5768709308273479 1.5843801895604073 1.591889448293454 1.5993987070265006 1.606907965759547 1.6144172244925936 1.6219264832256401 1.629435741958687 1.6369450006917334 1.64445425942478 1.6429379621018017 1.6317731412994958 1.6206083204971897 1.6094434996948839 1.5982786788925587 1.5871138580902526 1.5759490372879468 1.5647842164856407 1.5536193956833348 1.5424545748810288 1.5312897540787227 1.5201249332764168 1.5089601124741108 1.4977952916718047 1.4866304708694988 1.4754656500671928 -9999.0 -9999.0 -9999.0
-9999.0 1.439456601084908 1.4792973622221792 1.51913812335945 1.5430839117186153 1.5500376148961506 1.5569913180736858 1.5639450212512214 1.5708987244287567 1.577852427606292 1.5848061307838275 1.5917598339613628 1.59871353713891 1.6056672403164454 1.6126209434939809 1.6195746466715162 1.6265283498490515 1.633482053026587 1.6404357562041223 1.6473894593816576 1.6543431625591931 1.6612968657367284 1.6682505689142637 1.6752042720917992 1.6821579752693345 1.6891116784468818 1.6960653816244171 1.7030190848019524 1.709972787979488 1.7169264911570232 1.7238801943345585 1.730833897512094 1.7377876006896293 1.7447413038671649 1.7428842599272145 1.73160832811977 1.7203323963123256 1.7090564645048811 1.6977805326974176 1.6865046008899731 1.6752286690825287 1.6639527372750842 1.65267680546764 1.6414008736601955 1.630124941852751 1.6188490100453066 1.607573078237862 1.5962971464304179 1.5850212146229734 -9999.0 -9999.0 -9999.0 -9999.0
-9999.0 1.5488528589520034 1.5915825089381954 1.634312158924387 1.659482067270777 1.6658802148928016 1.6722783625148259 1.6786765101368504 1.6850746577588747 1.6914728053808992 1.6978709530029237 1.704269100624948 1.7106672482469834 1.7170653958690076 1.7234635434910321 1.7298616911130567 1.736259838735081 1.7426579863571054 1.7490561339791297 1.7554542816011542 1.7618524292231785 1.768250576845203 1.7746487244672273 1.7810468720892518 1.7874450197112761 1.7938431673333115 1.800241314955336 1.8066394625773603 1.8130376101993848 1.819435757821409 1.8258339054434336 1.832232053065458 1.8386302006874824 1.845028348309507 1.8428305577525845 1.831443514940002 1.820056472127419 1.8086694293148362 1.797282386502234 1.7858953436896512 1.7745083008770683 1.7631212580644857 1.7517342152519029 1.74034717243932 1.7289601296267372 1.7175730868141543 1.7061860440015717 1.6947990011889889 1.683411958376406 -9999.0 -9999.0 -9999.0 -9999.0
-9999.0 -9999.0 -9999.0 1.7494861944893239 1.7758802228229391 1.7817228148894526 1.7875654069559659 1.7934079990224794 1.7992505910889929 1.8050931831555064 1.8109357752220197 1.8167783672885331 1.8226209593550566 1.8284635514215701 1.8343061434880834 1.840148735554597 1.8459913276211104 1.851833919687624 1.8576765117541372 1.8635191038206507 1.8693616958871642 1.8752042879536777 1.881046880020191 1.8868894720867044 1.892732064153218 1.8985746562197414 1.9044172482862547 1.9102598403527682 1.9161024324192817 1.9219450244857952 1.9277876165523087 1.933630208618822 1.9394728006853355 1.945315392751849 1.9427768555779548 1.9312787017602335 1.9197805479425123 1.9082823941247913 1.8967842403070505 1.8852860864893293 1.873787932671608 1.8622897788538868 1.8507916250361658 1.8392934712184446 1.8277953174007233 1.816297163583002 1.804799009765281 1.7933008559475598 1.7818027021298386 1.7703045483121174 -9999.0 -9999.0 -9999.0
-9999.0 -9999.0 -9999.0 -9999.0 1.8922783783751507 1.897565414886153 1.9028524513971552 1.9081394879081575 1.9134265244191597 1.9187135609301618 1.924000597441164 1.9292876339521663 1.9345746704631777 1.93986170697418 1.9451487434851822 1.9504357799961844 1.9557228165071865 1.9610098530181888 1.966296889529191 1.9715839260401933 1.9768709625511955 1.9821579990621978 1.9874450355732 1.9927320720842023 1.9980191085952046 2.0033061451062157 2.008593181617218 2.0138802181282203 2.0191672546392225 2.024454291150225 2.029741327661227 2.0350283641722293 2.0403154006832316 2.045602437194234 2.0427231534033674 2.031113888580508 2.019504623757648 2.0078953589347885 1.9962860941119092 1.9846768292890498 1.9730675644661901 1.9614582996433305 1.949849034820471 1.9382397699976113 1.9266305051747517 1.915021240351892 1.9034119755290324 1.8918027107061728 1.8801934458833132 1.8685841810604535 -9999.0 -9999.0 -9999.0
-9999.0 -9999.0 -9999.0 -9999.0 2.0086765339273125 2.013408014882804 2.018139495838295 2.0228709767937865 2.0276024577492775 2.032333938704769 2.0370654196602604 2.0417969006157515 2.046528381571251 2.051259862526742 2.0559913434822334 2.060722824437725 2.065454305393216 2.0701857863487074 2.0749172673041985 2.07964874825969 2.084380229215181 2.0891117101706724 2.0938431911261635 2.098574672081655 2.1033061530371464 2.1080376339926454 2.112769114948137 2.117500595903628 2.1222320768591194 2.126963557814611 2.131695038770102 2.1364265197255934 2.1411580006810844 2.145889481636576 2.1426694512287376 2.1309490754007396 2.1192286995727416 2.1075083237447436 2.0957879479167256 2.0840675720887276 2.0723471962607296 2.0606268204327316 2.0489064446047336 2.0371860687767356 2.0254656929487376 2.0137453171207396 2.002024941292742 1.9903045654647438 1.9785841896367458 1.9668638138087478 -9999.0 -9999.0 -9999.0
-9999.0 -9999.0 -9999.0 -9999.0 -9999.0 2.1292506148794548 2.133426540279435 2.1376024656794157 2.141778391079396 2.145954316479376 2.1501302418793564 2.1543061672793367 2.158482092679324 2.1626580180793047 2.166833943479285 2.171009868879265 2.1751857942792454 2.1793617196792257 2.183537645079206 2.1877135704791866 2.191889495879167 2.196065421279147 2.2002413466791273 2.2044172720791075 2.2085931974790878 2.2127691228790756 2.216945048279056 2.221120973679036 2.2252968990790163 2.2294728244789965 2.2336487498789768 2.2378246752789575 2.2420006006789377 2.246176526078918 2.242615749054108 2.2307842622209715 2.218952775387835 2.2071212885546987 2.1952898017215423 2.183458314888406 2.1716268280552695 2.159795341222133 2.1479638543889967 2.1361323675558603 2.124300880722724 2.1124693938895875 2.100637907056451 2.0888064202233148 2.0769749333901784 2.065143446557042 -9999.0 -9999.0 -9999.0
-9999.0 -9999.0 -9999.0 -9999.0 -9999.0 -9999.0 2.2487135847206243 2.2523339545650933 2.255954324409563 2.259574694254032 2.263195064098501 2.26681543394297 2.270435803787445 2.2740561736319145 2.2776765434763835 2.2812969133208525 2.2849172831653215 2.288537653009791 2.29215802285426 2.295778392698729 2.299398762543198 2.303019132387667 2.3066395022321364 2.3102598720766054 2.3138802419210744 2.3175006117655497 2.321120981610019 2.324741351454488 2.328361721298957 2.331982091143426 2.3356024609878956 2.3392228308323646 2.3428432006768336 2.3464635705213026 2.3425620468795207 2.3306194490412455 2.3186768512029707 2.306734253364696 2.2947916555264007 2.282849057688126 2.270906459849851 2.2589638620115764 2.2470212641733016 2.235078666335027 2.223136068496752 2.2111934706584773 2.1992508728202025 2.1873082749819277 2.175365677143653 2.163423079305378 -9999.0 -9999.0 -9999.0
-9999.0 -9999.0 -9999.0 -9999.0 -9999.0 -9999.0 -9999.0 -9999.0 -9999.0 2.373195072028639 2.3762598863175968 2.379324700606555 2.3823895148955185 2.3854543291844768 2.388519143473435 2.3915839577623927 2.394648772051351 2.397713586340309 2.4007784006292674 2.4038432149182256 2.406908029207184 2.4099728434961416 2.4130376577851 2.416102472074058 2.4191672863630163 2.42223210065198 2.4252969149409376 2.428361729229896 2.431426543518854 2.4344913578078122 2.4375561720967704 2.4406209863857287 2.4436858006746864 2.4467506149636447 2.4425083447048905 2.4304546358614774 2.418400927018064 2.406347218174651 2.3942935093312174 2.3822398004878043 2.370186091644391 2.358132382800978 2.3460786739575648 2.3340249651141516 2.3219712562707384 2.3099175474273252 2.297863838583912 2.285810129740499 2.2737564208970857 -9999.0 -9999.0 -9999.0 -9999.0
-9999.0 -9999.0 -9999.0 -9999.0 -9999.0 -9999.0 -9999.0 -9999.0 -9999.0 2.4868154498032458 2.489324708536693 2.49183396727014 2.4943432260035916 2.496852484737039 2.499361743470486 2.5018710022039334 2.5043802609373804 2.506889519670828 2.509398778404275 2.511908037137722 2.5144172958711692 2.5169265546046162 2.5194358133380637 2.5219450720715106 2.524454330804958 2.5269635895384095 2.5294728482718565 2.531982107005304 2.534491365738751 2.5370006244721983 2.5395098832056453 2.5420191419390923 2.5445284006725397 2.5470376594059867 2.5424546425302608 2.530289822681709 2.5181250028331577 2.505960182984606 2.4937953631360337 2.481630543287482 2.4694657234389306 2.457300903590379 2.4451360837418274 2.432971263893276 2.4208064440447243 2.408641624196173 2.3964768043476212 2.3843119844990697 2.372147164650518 -9999.0 -9999.0 -9999.0 -9999.0
-9999.0 -9999.0 -9999.0 -9999.0 -9999.0 -9999.0 -9999.0 -9999.0 -9999.0 -9999.0 -9999.0 2.6043432339337733 2.6062969371117126 2.608250640289649 2.6102043434675846 2.6121580466455208 2.6141117498234565 2.6160654530013927 2.6180191561793285 2.6199728593572646 2.6219265625352004 2.6238802657131366 2.6258339688910723 2.6277876720690085 2.6297413752469447 2.631695078424884 2.63364878160282 2.635602484780756 2.6375561879586917 2.639509891136628 2.6414635943145637 2.6434172974925 2.6453710006704356 2.647324703848372 2.6424009403556736 2.6301250095019837 2.6178490786482937 2.605573147794604 2.5932972169408925 2.5810212860872026 2.5687453552335127 2.5564694243798227 2.5441934935261328 2.531917562672443 2.519641631818753 2.507365700965063 2.495089770111373 2.482813839257683 2.470537908403993 -9999.0 -9999.0 -9999.0 -9999.0
-9999.0 -9999.0 -9999.0 -9999.0 -9999.0 -9999.0 -9999.0 -9999.0 -9999.0 -9999.0 -9999.0 -9999.0 -9999.0 2.719648795842211 -9999.0 2.722445091087061 2.723843238709486 2.725241386331911 2.7266395339543363 2.7280376815767613 2.7294358291991863 2.730833976821611 2.732232124444036 2.733630272066461 2.735028419688886 2.7364265673113137 2.7378247149337387 2.7392228625561637 2.7406210101785886 2.7420191578010136 2.7434173054234385 2.7448154530458635 2.746213600668289 2.747611748290714 2.742347238181044 2.729960196322215 2.7175731544633868 2.7051861126045584 2.6927990707457092 2.680412028886881 2.6680249870280526 2.655637945169224 2.6432509033103955 2.630863861451567 2.618476819592739 2.6060897777339105 2.593702735875082 2.581315694016254 -9999.0 -9999.0 -9999.0 -9999.0 -9999.0
-9999.0 -9999.0 -9999.0 -9999.0 -9999.0 -9999.0 -9999.0 -9999.0 -9999.0 -9999.0 -9999.0 -9999.0 -9999.0 -9999.0 -9999.0 -9999.0 -9999.0 2.8344173196624296 2.8352599117293438 2.8361025037962575 2.8369450958631717 2.837787687930086 2.838630279997 2.8394728720639137 2.840315464130828 2.8411580561977434 2.8420006482646576 2.8428432403315713 2.8436858323984855 2.8445284244653997 2.845371016532314 2.8462136085992276 2.8470562006661417 2.847898792733056 2.8422935360064137 2.829795383142447 2.8172972302784802 2.8047990774145135 2.7923009245505255 2.7798027716865588 2.767304618822592 2.7548064659586253 2.7423083130946586 2.729810160230692 2.717312007366725 2.7048138545027585 2.6923157016387917 -9999.0 -9999.0 -9999.0 -9999.0 -9999.0 -9999.0
