Figures/CREST_Example_wjb_NSE/Rolling_result/20100722/raw_forecast/ens_4/wjb.rain.20100727.asc
ncols            288
nrows            254
xllcorner        113.274861
yllcorner        31.4918055
cellsize         0.008333333333
NODATA_value     -9999
[rows 200 to 219 of 254, columns 92 to 137 of 288]
1.5802662768752058 1.6177718302098514 1.655277383544497 1.6927829368791425 1.730288490213788 1.7677940435484336 1.8052995968830792 1.8428051502177247 1.8803107035523703 1.9178162568870158 1.9553218102216614 1.992827363556307 2.0303329168910165 2.067838470225662 2.1053440235603076 2.142849576894953 2.1803551302295987 2.2178606835642443 2.25536623689889 2.2928717902335354 2.330377343568181 2.3678828969028265 2.405388450237472 2.4428940035721176 2.480399556906763 2.513879232970056 2.543055155189918 2.5722310774097807 2.6014069996296434 2.6305829218495056 2.6597588440693682 2.6889347662892304 2.718110688509093 2.7472866107289553 2.776462532948818 2.8056384551686806 2.834814377388543 2.8639902996084055 2.8931662218283174 2.92234214404818 2.9515180662680423 2.980693988487905 3.009869910707767 3.0390458329276298 3.0682217551474924 3.0973976773673546
1.601771837302966 1.6389440570923772 1.6761162768817885 1.7132884966712 1.7504607164606112 1.7876329362500227 1.824805156039434 1.8619773758288454 1.899149595618257 1.936321815407668 1.9734940351970796 2.010666254986491 2.0478384747759657 2.085010694565377 2.1221829143547883 2.1593551341441994 2.196527353933611 2.2336995737230225 2.2708717935124336 2.308044013301845 2.3452162330912563 2.382388452880668 2.4195606726700793 2.4567328924594904 2.493905112248902 2.5269440504259926 2.555564417090344 2.584184783754696 2.6128051504190473 2.6414255170833987 2.67004588374775 2.6986662504121015 2.727286617076453 2.755906983740805 2.784527350405156 2.8131477170695076 2.841768083733859 2.8703884503982104 2.8990088170626107 2.927629183726962 2.956249550391314 2.9848699170556654 3.013490283720017 3.0421106503843682 3.07073101704872 3.0993513837130715
1.6232773977307262 1.6601162839749033 1.6969551702190806 1.7337940564632577 1.7706329427074348 1.8074718289516118 1.8443107151957892 1.8811496014399662 1.9179884876841433 1.9548273739283206 1.9916662601724977 -9999.0 -9999.0 -9999.0 2.139021805149269 2.175860691393446 2.2126995776376233 2.249538463881801 2.286377350125978 2.323216236370155 2.360055122614332 2.396894008858509 2.433732895102686 2.4705717813468633 2.5074106675910404 2.5400088678819297 2.56807367899077 2.5961384900996105 2.624203301208451 2.6522681123172918 2.6803329234261324 2.7083977345349726 2.736462545643813 2.764527356752654 2.7925921678614944 2.8206569789703346 2.8487217900791753 2.876786601188016 2.904851412296904 2.9329162234057446 2.9609810345145853 2.989045845623426 3.0171106567322665 3.0451754678411067 3.0732402789499473 3.101305090058788
1.6447829581584865 1.6812885108574294 1.7177940635563722 1.7542996162553153 1.7908051689542581 1.8273107216532012 1.863816274352144 1.900321827051087 1.93682737975003 1.9733329324489728 2.009838485147916 -9999.0 -9999.0 -9999.0 -9999.0 2.192366248642693 2.2288718013416355 -9999.0 2.3018829067395217 2.3383884594384643 2.3748940121374074 2.4113995648363504 2.447905117535293 2.4844106702342366 2.520916222933179 2.5530736853378664 2.5805829408911958 2.6080921964445256 2.635601451997855 2.663110707551185 2.6906199631045142 2.7181292186578436 2.7456384742111735 2.773147729764503 2.8006569853178327 2.828166240871162 2.8556754964244915 2.8831847519778213 2.910694007531198 2.938203263084527 2.9657125186378566 2.9932217741911864 3.020731029744516 3.0482402852978456 3.075749540851175 3.1032587964045044
1.6662885185862557 1.7024607377399643 1.738632956893673 1.7748051760473815 1.8109773952010901 1.8471496143547987 1.8833218335085073 1.919494052662216 1.9556662718159246 1.9918384909696332 -9999.0 -9999.0 -9999.0 -9999.0 -9999.0 -9999.0 -9999.0 -9999.0 -9999.0 2.3535606825067807 2.3897329016604894 2.425905120814198 2.4620773399679066 2.498249559121615 2.5344217782753238 2.566138502793809 2.5930922027916274 2.6200459027894456 2.646999602787264 2.6739533027850824 2.7009070027829005 2.727860702780719 2.7548144027785373 2.781768102776356 2.808721802774174 2.8356755027719927 2.862629202769811 2.8895829027676294 2.9165366027654933 2.943490302763312 2.9704440027611305 2.9973977027589487 3.024351402756767 3.0513051027545854 3.0782588027524036 3.105212502750222
1.687794079014016 1.7236329646224904 1.7594718502309648 1.7953107358394391 1.8311496214479135 1.8669885070563879 1.9028273926648622 1.9386662782733368 1.974505163881811 2.0103440494902856 -9999.0 -9999.0 -9999.0 -9999.0 -9999.0 -9999.0 -9999.0 -9999.0 -9999.0 -9999.0 2.4045717911835647 2.4404106767920393 2.476249562400514 2.512088448008988 2.547927333617462 2.579203320249746 2.6056014646920533 2.6319996091343607 2.658397753576668 2.6847958980189754 2.711194042461283 2.73759218690359 2.7639903313458976 2.790388475788205 2.8167866202305123 2.8431847646728197 2.869582909115127 2.8959810535574344 2.922379197999787 2.9487773424420944 2.975175486884402 3.001573631326709 3.0279717757690165 3.054369920211324 3.0807680646536313 3.1071662090959387
1.7092996394417763 1.7448051915050167 1.7803107435682568 1.815816295631497 1.851321847694737 1.8868273997579774 1.9223329518212176 1.9578385038844577 1.993344055947698 2.028849608010938 2.0643551600741783 -9999.0 -9999.0 -9999.0 -9999.0 -9999.0 -9999.0 -9999.0 -9999.0 -9999.0 2.419410680706641 2.454916232769881 2.490421784833121 2.5259273368963613 2.5614328889596014 2.592268137705683 2.6181107265924797 2.643953315479276 2.6697959043660724 2.695638493252869 2.721481082139665 2.7473236710264617 2.7731662599132583 2.7990088488000544 2.824851437686851 2.8506940265736476 2.8765366154604437 2.9023792043472403 2.928221793234081 2.954064382120877 2.9799069710076735 3.00574955989447 3.0315921487812663 3.057434737668063 3.0832773265548594 3.1091199154416556
1.7308051998695457 1.7659774183875516 1.8011496369055573 1.8363218554235632 1.871494073941569 1.9066662924595748 1.9418385109775806 1.9770107294955865 2.012182948013592 2.0473551665315983 2.082527385049604 -9999.0 -9999.0 -9999.0 -9999.0 -9999.0 -9999.0 -9999.0 -9999.0 -9999.0 -9999.0 2.469421788747728 2.504594007265734 2.5397662257837395 2.5749384443017456 2.605332955161625 2.6306199884929105 2.655907021824196 2.6811940551554807 2.706481088486766 2.7317681218180514 2.7570551551493363 2.7823421884806216 2.807629221811907 2.8329162551431923 2.8582032884744772 2.8834903218057626 2.908777355137048 2.9340643884683764 2.9593514217996617 2.9846384551309466 3.009925488462232 3.0352125217935173 3.060499555124802 3.0857865884560876 3.111073621787373
1.752310760297306 1.7871496452700777 1.8219885302428493 1.856827415215621 1.8916663001883924 1.926505185161164 1.9613440701339357 1.9961829551067074 2.031021840079479 2.065860725052251 2.100699610025022 -9999.0 -9999.0 -9999.0 -9999.0 -9999.0 -9999.0 -9999.0 -9999.0 -9999.0 -9999.0 -9999.0 -9999.0 -9999.0 -9999.0 2.6183977726175627 2.643129250393337 2.667860728169111 2.6925922059448855 2.7173236837206596 2.7420551614964337 2.7667866392722082 2.7915181170479824 2.8162495948237565 2.840981072599531 2.865712550375305 2.8904440281510793 2.915175505926854 2.93990698370267 2.9646384614784442 2.9893699392542183 3.014101417029993 3.038832894805767 3.063564372581541 3.0882958503573157 3.11302732813309
1.7738163207250661 1.8083218721526035 1.842827423580141 1.8773329750076784 1.9118385264352158 1.9463440778627534 1.9808496292902906 2.0153551807178283 2.0498607321453655 2.084366283572903 2.1188718350004407 -9999.0 -9999.0 -9999.0 -9999.0 -9999.0 -9999.0 -9999.0 -9999.0 -9999.0 -9999.0 -9999.0 -9999.0 -9999.0 -9999.0 -9999.0 -9999.0 2.679814434514026 2.7039903567342893 2.7281662789545527 2.752342201174816 2.7765181233950793 2.8006940456153426 2.8248699678356055 2.849045890055869 2.873221812276132 2.8973977344963955 2.921573656716659 2.9457495789369634 2.9699255011572268 2.99410142337749 3.0182773455977534 3.0424532678180167 3.06662919003828 3.0908051122585434 3.1149810344788067
1.7953218811528355 1.8294940990351387 1.8636663169174417 1.8978385347997448 1.9320107526820478 1.966182970564351 2.000355188446654 2.034527406328957 2.06869962421126 2.1028718420935633 2.1370440599758664 -9999.0 -9999.0 -9999.0 -9999.0 -9999.0 -9999.0 -9999.0 -9999.0 -9999.0 -9999.0 -9999.0 -9999.0 -9999.0 -9999.0 -9999.0 -9999.0 2.691768140858946 2.715388507523698 2.73900887418845 2.7626292408532023 2.7862496075179544 2.8098699741827065 2.8334903408474585 2.8571107075122106 2.8807310741769627 2.904351440841715 2.927971807506467 2.9515921741712594 2.9752125408360115 2.9988329075007636 3.0224532741655157 3.0460736408302678 3.06969400749502 3.093314374159772 3.116934740824524
1.8168274415805958 1.8506663259176648 1.8845052102547335 1.9183440945918024 1.9521829789288714 1.9860218632659403 2.0198607476030093 2.053699631940078 2.0875385162771467 2.121377400614216 -9999.0 -9999.0 -9999.0 -9999.0 -9999.0 -9999.0 -9999.0 -9999.0 -9999.0 -9999.0 -9999.0 -9999.0 -9999.0 -9999.0 -9999.0 -9999.0 2.68065703609462 2.703721847203861 2.726786658313102 2.7498514694223433 2.7729162805315846 2.7959810916408254 2.8190459027500667 2.8421107138593076 2.865175524968549 2.88824033607779 2.911305147187031 2.9343699582962723 2.9574347694055527 2.980499580514794 3.003564391624035 3.026629202733276 3.049694013842517 3.0727588249517583 3.0958236360609996 3.1188884471702405
1.8383330020083561 1.8718385528001906 1.9053441035920253 1.93884965438386 1.9723552051756947 2.005860755967529 2.039366306759364 2.0728718575511986 2.1063774083430333 2.139882959134868 -9999.0 -9999.0 -9999.0 -9999.0 -9999.0 -9999.0 -9999.0 -9999.0 -9999.0 -9999.0 -9999.0 -9999.0 -9999.0 -9999.0 -9999.0 -9999.0 2.6931662979950457 2.7156755535487758 2.7381848091025063 2.7606940646562363 2.7832033202099664 2.8057125757636965 2.8282218313174265 2.850731086871157 2.873240342424887 2.895749597978617 2.9182588535323473 2.9407681090860773 2.963277364639846 2.985786620193576 3.0082958757473066 3.0308051313010367 3.0533143868547667 3.075823642408497 3.0983328979622273 3.1208421535159574
1.8598385624361256 1.8930107796827258 1.926182996929326 1.9593552141759263 1.9925274314225268 2.025699648669127 2.0588718659157275 2.0920440831623277 2.125216300408928 2.158388517655528 -9999.0 -9999.0 -9999.0 -9999.0 -9999.0 -9999.0 -9999.0 -9999.0 -9999.0 -9999.0 -9999.0 -9999.0 -9999.0 -9999.0 2.6559717763545896 2.683721859897258 2.705675559895477 2.727629259893696 2.749582959891915 2.771536659890134 2.7934903598883527 2.815444059886572 2.837397759884791 2.8593514598830096 2.881305159881229 2.9032588598794478 2.9252125598776666 2.9471662598758854 2.969119959874142 2.991073659872361 3.01302735987058 3.034981059868799 3.056934759867018 3.0788884598652366 3.100842159863456 3.1227958598616747
1.8813441228638856 1.9141830065652516 1.9470218902666179 1.9798607739679839 2.01269965766935 2.0455385413707163 2.078377425072082 2.1112163087734483 2.1440551924748146 -9999.0 -9999.0 -9999.0 -9999.0 -9999.0 -9999.0 -9999.0 -9999.0 -9999.0 -9999.0 -9999.0 -9999.0 -9999.0 -9999.0 -9999.0 2.6694773316967284 2.6967866773531948 2.718184821795903 2.739582966238611 2.760981110681319 2.782379255124027 2.803777399566735 2.825175544009443 2.846573688452151 2.867971832894859 2.8893699773375667 2.9107681217802748 2.932166266222983 2.953564410665691 2.9749625551084353 2.9963606995511434 3.0177588439938514 3.0391569884365595 3.0605551328792675 3.0819532773219755 3.1033514217646836 3.1247495662073916
1.9028496832916457 1.9353552334477777 1.9678607836039097 2.0003663337600415 2.0328718839161732 2.0653774340723055 2.097882984228437 2.130388534384569 -9999.0 -9999.0 -9999.0 -9999.0 -9999.0 -9999.0 -9999.0 -9999.0 -9999.0 -9999.0 -9999.0 -9999.0 -9999.0 -9999.0 -9999.0 -9999.0 2.6829828870388672 2.709851494809132 2.7306940836963287 2.751536672583526 2.7723792614707228 2.79322185035792 2.814064439245117 2.834907028132314 2.855749617019511 2.876592205906708 2.897434794793905 2.9182773836811022 2.939119972568299 2.9599625614554963 2.9808051503427286 3.001647739229926 3.0224903281171227 3.04333291700432 3.0641755058915168 3.085018094778714 3.105860683665911 3.126703272553108
1.924355243719406 1.9565274603303038 1.9886996769412015 2.020871893552099 -9999.0 -9999.0 -9999.0 -9999.0 -9999.0 -9999.0 -9999.0 -9999.0 -9999.0 -9999.0 -9999.0 -9999.0 -9999.0 -9999.0 -9999.0 -9999.0 -9999.0 -9999.0 -9999.0 -9999.0 -9999.0 2.722916312265069 2.743203345596755 2.763490378928441 2.7837774122601275 2.8040644455918136 2.8243514789234996 2.8446385122551856 2.8649255455868716 2.8852125789185576 2.9054996122502437 2.9257866455819297 2.9460736789136157 2.9663607122453017 2.986647745577023 3.0069347789087084 3.027221812240395 3.047508845572081 3.067795878903767 3.088082912235453 3.108369945567139 3.128656978898825
1.9458608041471754 1.9776996872128387 2.0095385702785022 2.0413774533441655 -9999.0 -9999.0 -9999.0 -9999.0 -9999.0 -9999.0 -9999.0 -9999.0 -9999.0 -9999.0 -9999.0 -9999.0 -9999.0 -9999.0 -9999.0 -9999.0 -9999.0 -9999.0 -9999.0 -9999.0 -9999.0 2.735981129721011 2.7557126074971863 2.775444085273361 2.795175563049536 2.8149070408257106 2.8346385186018854 2.85436999637806 2.8741014741542354 2.8938329519304102 2.913564429706585 2.93329590748276 2.9530273852589346 2.9727588630351094 2.992490340811318 3.012221818587493 3.031953296363668 3.0516847741398427 3.0714162519160175 3.0911477296921923 3.110879207468367 3.1306106852445423
-9999.0 1.998871914095365 -9999.0 -9999.0 -9999.0 -9999.0 -9999.0 -9999.0 -9999.0 -9999.0 -9999.0 -9999.0 -9999.0 -9999.0 -9999.0 -9999.0 -9999.0 -9999.0 -9999.0 -9999.0 -9999.0 -9999.0 -9999.0 -9999.0 -9999.0 -9999.0 -9999.0 2.787397791618276 2.80657371383894 2.825749636059604 2.844925558280268 2.8641014805009317 2.8832774027215957 2.9024533249422597 2.9216292471629237 2.9408051693835873 2.9599810916042513 2.9791570138249153 2.998332936045612 3.0175088582662757 3.0366847804869397 3.0558607027076037 3.0750366249282677 3.0942125471489312 3.1133884693695952 3.1325643915902592
-9999.0 -9999.0 -9999.0 -9999.0 -9999.0 -9999.0 -9999.0 -9999.0 -9999.0 -9999.0 -9999.0 -9999.0 -9999.0 -9999.0 -9999.0 -9999.0 -9999.0 -9999.0 -9999.0 -9999.0 -9999.0 -9999.0 -9999.0 -9999.0 -9999.0 -9999.0 -9999.0 2.7993514979631913 2.817971864628344 2.8365922312934972 2.85521259795865 2.8738329646238028 2.892453331288956 2.9110736979541088 2.929694064619262 2.9483144312844147 2.9669347979495675 2.9855551646147207 3.0041755312799054 3.022795897945058 3.041416264610211 3.060036631275364 3.078656997940517 3.09727736460567 3.115897731270823 3.1345180979359757
