Figures/CREST_Example_wjb_NSE/Rolling_result/20100722/raw_forecast/ens_4/wjb.rain.20100723.asc
ncols            288
nrows            254
xllcorner        113.274861
yllcorner        31.4918055
cellsize         0.008333333333
NODATA_value     -9999
[rows 220 to 239 of 254, columns 135 to 179 of 288]
9.087138256687446 9.024386394732332 8.961634532777218 8.898882670822106 8.836130808866992 8.773378946911878 8.710627084956766 8.647875223001652 8.585123361046431 8.522371499091317 8.459619637136205 8.396867775181091 8.314545028604673 8.211300563696218 8.108056098787763 8.004811633879306 7.9015671689708515 7.798322704062396 7.69507823915394 7.591833774245484 7.488589309337028 7.3853448444283964 7.282100379519941 7.178855914611485 7.075611449703029 6.972366984794574 6.869122519886117 6.765878054977662 6.662633590069206 6.559389125160751 6.456144660252295 6.352900195343839 6.249655730435384 6.146411265526927 6.043166800618296 5.93992233570984 5.836677870801385 5.733433405892929 5.630188940984473 5.526944476076017 5.423700011167561 5.320455546259106 5.2822758034215695 5.313651720504615 5.345027637587662
9.238386426799046 9.174079009182538 9.10977159156603 9.045464173949522 8.981156756333014 8.916849338716506 8.852541921099998 8.78823450348349 8.723927085866874 8.659619668250366 8.595312250633858 8.53100483301735 8.4453006554512 8.336722857527732 8.228145059604262 8.119567261680793 8.010989463757323 7.902411665833854 7.793833867910384 7.685256069986915 7.576678272063445 7.46810047413979 7.35952267621632 7.2509448782928505 7.1423670803693815 7.033789282445912 6.925211484522443 6.816633686598973 6.708055888675503 6.599478090752034 6.490900292828564 6.382322494905095 6.273744696981625 6.165166899058155 6.0565891011345006 5.948011303211031 5.839433505287562 5.730855707364093 5.622277909440623 5.513700111517153 5.405122313593683 5.296544515670214 5.255985061484233 5.288138755603248 5.320292449722263
9.389634596910648 9.323771623632744 9.257908650354842 9.19204567707694 9.126182703799039 9.060319730521135 8.994456757243233 8.928593783965331 8.862730810687315 8.796867837409414 8.731004864131512 8.66514189085361 8.576056282297728 8.462145151359245 8.348234020420762 8.234322889482279 8.120411758543796 8.00650062760531 7.892589496666828 7.778678365728345 7.664767234789862 7.550856103851183 7.4369449729127 7.323033841974217 7.209122711035734 7.09521158009725 6.981300449158767 6.867389318220283 6.7534781872818 6.639567056343317 6.525655925404833 6.41174479446635 6.297833663527866 6.183922532589383 6.070011401650706 5.956100270712222 5.842189139773739 5.728278008835256 5.614366877896773 5.500455746958289 5.386544616019806 5.272633485081322 5.229694319546897 5.262625790701881 5.295557261856865
9.471504671736579 9.405213935570034 9.338923199403489 9.272632463236944 9.206341727070399 9.140050990903854 9.073760254737309 9.007469518570764 8.941178782404105 8.87488804623756 8.808597310071015 8.742306573904472 8.65169410739634 8.535081161022289 8.418468214648236 8.301855268274185 8.185242321900134 8.068629375526083 7.952016429152031 7.83540348277798 7.718790536403928 7.602177590029678 7.485564643655627 7.368951697281575 7.252338750907523 7.135725804533472 7.019112858159421 6.902499911785369 6.785886965411318 6.669274019037266 6.552661072663215 6.436048126289164 6.319435179915112 6.20282223354106 6.08620928716681 5.969596340792759 5.8529833944187075 5.736370448044656 5.619757501670604 5.5031445552965526 5.3865316089225015 5.26991866254845 5.225777743461798 5.259111061155305 5.292444378848811
9.47921393526516 9.413700975604764 9.348188015944368 9.282675056283972 9.217162096623577 9.151649136963181 9.086136177302786 9.020623217642392 8.955110257981884 8.889597298321489 8.824084338661093 8.758571379000697 8.668414476232687 8.551912640863774 8.435410805494861 8.318908970125948 8.202407134757035 8.085905299388122 7.969403464019209 7.852901628650296 7.736399793281383 7.619897957912271 7.503396122543358 7.386894287174445 7.270392451805533 7.15389061643662 7.0373887810677065 6.920886945698793 6.80438511032988 6.687883274960967 6.571381439592054 6.454879604223141 6.338377768854228 6.221875933485315 6.105374098116203 5.9888722627472895 5.872370427378376 5.755868592009464 5.639366756640551 5.522864921271638 5.406363085902725 5.289861250533812 5.245777740538154 5.27911105876148 5.312444376984804
9.486923198793738 9.422188015639492 9.357452832485247 9.292717649331001 9.227982466176755 9.163247283022509 9.098512099868264 9.033776916714018 8.969041733559662 8.904306550405416 8.839571367251171 8.774836184096925 8.685134845069035 8.568744120705261 8.452353396341486 8.335962671977711 8.219571947613936 8.103181223250163 7.986790498886387 7.870399774522612 7.754009050158838 7.637618325794865 7.52122760143109 7.404836877067315 7.288446152703541 7.172055428339766 7.055664703975991 6.939273979612217 6.822883255248442 6.706492530884667 6.5901018065208925 6.473711082157118 6.357320357793343 6.240929633429569 6.1245389090655955 6.00814818470182 5.891757460338046 5.775366735974272 5.658976011610497 5.542585287246722 5.426194562882948 5.309803838519173 5.265777737614509 5.299111056367654 5.332444375120798
9.494632462322322 9.430675055674225 9.36671764902613 9.302760242378033 9.238802835729938 9.174845429081842 9.110888022433747 9.046930615785651 8.982973209137446 8.91901580248935 8.855058395841255 8.791100989193158 8.70185521390539 8.585575600546754 8.469295987188119 8.353016373829481 8.236736760470846 8.120457147112209 8.004177533753573 7.887897920394937 7.7716183070363005 7.655338693677466 7.53905908031883 7.422779466960193 7.306499853601557 7.190220240242921 7.073940626884284 6.957661013525648 6.841381400167013 6.725101786808375 6.60882217344974 6.4925425600911035 6.376262946732467 6.259983333373831 6.143703720014996 6.02742410665636 5.911144493297724 5.794864879939087 5.678585266580452 5.562305653221815 5.446026039863179 5.329746426504542 5.285777734690872 5.3191110539738355 5.3524443732568
9.502341725850902 9.439162095708955 9.37598246556701 9.312802835425064 9.249623205283116 9.18644357514117 9.123263944999223 9.060084314857278 8.996904684715224 8.933725054573278 8.87054542443133 8.807365794289385 8.718575582741739 8.602407080388241 8.486238578034742 8.370070075681245 8.253901573327747 8.13773307097425 8.021564568620752 7.9053960662672536 7.789227563913755 7.67305906156006 7.556890559206561 7.440722056853064 7.324553554499566 7.208385052146069 7.09221654979257 6.976048047439073 6.859879545085574 6.743711042732077 6.627542540378579 6.511374038025081 6.395205535671583 6.279037033318085 6.162868530964389 6.046700028610891 5.930531526257393 5.814363023903896 5.698194521550398 5.5820260191969 5.4658575168434025 5.349689014489904 5.305777731767228 5.33911105158001 5.372444371392794
9.510050989379483 9.447649135743685 9.385247282107889 9.322845428472093 9.260443574836295 9.198041721200498 9.135639867564702 9.073238013928906 9.010836160293003 8.948434306657205 8.886032453021409 8.823630599385613 8.735295951578086 8.619238560229727 8.503181168881367 8.387123777533008 8.271066386184648 8.155008994836288 8.038951603487929 7.92289421213957 7.806836820791211 7.690779429442653 7.5747220380942935 7.458664646745934 7.342607255397574 7.226549864049215 7.110492472700855 6.994435081352496 6.878377690004137 6.762320298655777 6.646262907307418 6.530205515959058 6.414148124610699 6.298090733262339 6.182033341913781 6.065975950565422 5.949918559217062 5.833861167868704 5.717803776520344 5.601746385171984 5.485688993823625 5.369631602475265 5.325777728843582 5.359111049186184 5.3924443695287865
9.517760252908062 9.456136175778415 9.394512098648768 9.332888021519121 9.271263944389474 9.209639867259826 9.148015790130179 9.086391713000532 9.02476763587078 8.963143558741134 8.901519481611487 8.83989540448184 8.752016320414434 8.636070040071212 8.520123759727992 8.40417747938477 8.28823119904155 8.17228491869833 8.056338638355108 7.940392358011886 7.824446077668665 7.7084997973252465 7.592553516982026 7.476607236638804 7.360660956295583 7.244714675952362 7.128768395609141 7.012822115265919 6.896875834922699 6.780929554579478 6.664983274236256 6.5490369938930355 6.433090713549815 6.317144433206593 6.201198152863174 6.085251872519953 5.969305592176732 5.853359311833511 5.73741303149029 5.621466751147069 5.505520470803848 5.3895741904606265 5.3457777259199375 5.379111046792358 5.412444367664779
9.525469516436644 9.464623215813148 9.40377691518965 9.342930614566153 9.282084313942656 9.221238013319159 9.160391712695663 9.099545412072166 9.038699111448565 8.977852810825068 8.91700651020157 8.856160209578073 8.768736689250789 8.652901519912707 8.537066350574625 8.421231181236541 8.305396011898459 8.189560842560375 8.073725673222294 7.957890503884211 7.842055334546128 7.726220165207847 7.610384995869765 7.494549826531682 7.3787146571935995 7.262879487855517 7.147044318517434 7.031209149179351 6.915373979841268 6.799538810503186 6.683703641165103 6.567868471827021 6.452033302488938 6.336198133150855 6.220362963812575 6.1045277944744925 5.98869262513641 5.872857455798327 5.757022286460245 5.641187117122161 5.525351947784079 5.409516778445996 5.3657777229963015 5.399111044398541 5.432444365800781
9.533178779965224 9.473110255847878 9.41304173173053 9.352973207613182 9.292904683495834 9.232836159378488 9.17276763526114 9.112699111143792 9.052630587026343 8.992562062908995 8.932493538791647 8.8724250146743 8.785457058087138 8.669732999754192 8.554008941421248 8.438284883088304 8.32256082475536 8.206836766422416 8.091112708089472 7.975388649756527 7.8596645914235825 7.743940533090441 7.628216474757497 7.512492416424553 7.396768358091609 7.281044299758664 7.16532024142572 7.049596183092776 6.933872124759831 6.818148066426887 6.702424008093942 6.586699949760998 6.470975891428054 6.35525183309511 6.239527774761968 6.123803716429023 6.008079658096079 5.892355599763135 5.776631541430191 5.660907483097247 5.545183424764303 5.429459366431358 5.385777720072657 5.419111042004716 5.452444363936775
9.540888043493805 9.481597295882608 9.42230654827141 9.36301580066021 9.303725053049014 9.244434305437816 9.185143557826617 9.12585281021542 9.06656206260412 9.007271314992924 8.947980567381725 8.888689819770526 8.802177426923485 8.68656447959568 8.570951532267873 8.455338584940067 8.339725637612261 8.224112690284455 8.10849974295665 7.992886795628843 7.877273848301038 7.761660900973035 7.646047953645229 7.530435006317423 7.414822058989617 7.299209111661811 7.183596164334006 7.0679832170062 6.9523702696783936 6.8367573223505875 6.7211443750227815 6.6055314276949755 6.4899184803671695 6.374305533039363 6.25869258571136 6.143079638383554 6.027466691055748 5.911853743727943 5.796240796400137 5.680627849072331 5.565014901744525 5.44940195441672 5.405777717149012 5.439111039610889 5.472444362072768
9.548597307022389 9.490084335917341 9.431571364812292 9.373058393707245 9.314545422602198 9.256032451497148 9.197519480392101 9.139006509287054 9.080493538181905 9.021980567076858 8.963467595971808 8.904954624866761 8.81889779575984 8.703395959437172 8.587894123114506 8.472392286791838 8.35689045046917 8.241388614146503 8.125886777823835 8.010384941501167 7.894883105178501 7.779381268855635 7.663879432532968 7.548377596210301 7.432875759887633 7.317373923564966 7.2018720872422985 7.0863702509196305 6.970868414596963 6.855366578274296 6.739864741951628 6.624362905628961 6.508861069306294 6.3933592329836255 6.277857396660762 6.162355560338094 6.046853724015426 5.93135188769276 5.8158500513700915 5.700348215047423 5.584846378724757 5.469344542402089 5.425777714225375 5.459111037217072 5.492444360208769
9.55630657055097 9.498571375952071 9.440836181353172 9.383100986754274 9.325365792155376 9.267630597556476 9.209895402957578 9.15216020835868 9.094425013759682 9.036689819160785 8.978954624561887 8.921219429962989 8.835618164596188 8.72022743927866 8.604836713961129 8.4894459886436 8.374055263326072 8.258664538008542 8.143273812691014 8.027883087373484 7.912492362055955 7.79710163673823 7.6817109114207 7.566320186103171 7.450929460785642 7.335538735468113 7.2201480101505835 7.104757284833054 6.989366559515526 6.873975834197996 6.758585108880467 6.643194383562938 6.527803658245409 6.41241293292788 6.297022207610154 6.181631482292625 6.066240756975096 5.950850031657566 5.835459306340038 5.720068581022508 5.6046778557049795 5.48928713038745 5.44577771130173 5.479111034823246 5.512444358344762
9.564015834079548 9.5070584159868 9.450100997894051 9.393143579801302 9.336186161708554 9.279228743615805 9.222271325523057 9.165313907430306 9.108356489337462 9.051399071244713 8.994441653151963 8.937484235059214 8.852338533432537 8.737058919120145 8.621779304807754 8.506499690495364 8.391220076182973 8.275940461870583 8.16066084755819 8.0453812332458 7.93010161893341 7.814822004620823 7.699542390308432 7.5842627759960415 7.468983161683651 7.35370354737126 7.238423933058869 7.123144318746479 7.007864704434088 6.892585090121697 6.777305475809307 6.662025861496916 6.546746247184525 6.431466632872134 6.316187018559547 6.200907404247156 6.085627789934765 5.970348175622375 5.855068561309984 5.739788946997594 5.624509332685203 5.509229718372811 5.465777708378086 5.499111032429421 5.532444356480756
9.571725097608132 9.515545456021533 9.459365814434934 9.403186172848335 9.347006531261737 9.290826889675138 9.234647248088539 9.17846760650194 9.122287964915245 9.066108323328645 9.009928681742048 8.953749040155449 8.869058902268891 8.753890398961639 8.638721895654387 8.523553392347134 8.408384889039882 8.293216385732629 8.178047882425377 8.062879379118126 7.9477108758108725 7.832542372503424 7.717373869196171 7.60220536588892 7.487036862581667 7.371868359274415 7.256699855967162 7.141531352659911 7.026362849352658 6.911194346045406 6.796025842738153 -9999.0 -9999.0 -9999.0 -9999.0 -9999.0 6.105014822894443 5.9898463195871905 5.874677816279938 5.759509312972686 5.644340809665434 5.529172306358182 5.485777705454449 5.519111030035604 5.552444354616758
9.579434361136713 9.524032496056263 9.468630630975813 9.413228765895365 9.357826900814915 9.302425035734466 9.247023170654016 9.191621305573568 9.136219440493024 9.080817575412574 9.025415710332124 8.970013845251675 8.885779271105239 8.770721878803124 8.655664486501012 8.540607094198897 8.425549701896783 8.31049230959467 8.195434917292555 8.08037752499044 7.965320132688328 7.850262740386017 7.735205348083904 7.62014795578179 7.505090563479675 7.390033171177562 7.274975778875448 7.1599183865733345 7.04486099427122 6.929803601969106 -9999.0 -9999.0 -9999.0 -9999.0 -9999.0 -9999.0 6.124401855854112 6.009344463551999 5.8942870712498845 5.77922967894777 5.664172286645657 5.549114894343543 5.505777702530804 5.539111027641778 5.5724443527527505
9.587143624665293 9.532519536090993 9.477895447516692 9.423271358942394 9.368647270368093 9.314023181793793 9.259399093219495 9.204775004645194 9.150150916070801 9.095526827496503 9.040902738922203 8.986278650347902 8.902499639941587 8.787553358644612 8.672607077347635 8.55766079605066 8.442714514753686 8.327768233456709 8.212821952159734 8.097875670862758 7.982929389565783 7.867983108268611 7.753036826971636 7.63809054567466 7.5231442643776845 7.408197983080709 7.293251701783733 7.178305420486758 7.0633591391897825 -9999.0 -9999.0 -9999.0 -9999.0 -9999.0 -9999.0 -9999.0 -9999.0 6.028842607516807 5.913896326219831 5.798950044922856 -9999.0 -9999.0 5.5257776996071595 5.559111025247952 5.592444350888744
9.594852888193875 9.541006576125726 9.487160264057575 9.433313951989426 9.379467639921277 9.325621327853128 9.271775015784977 9.217928703716828 9.164082391648586 9.110236079580435 9.056389767512286 9.002543455444137 8.919220008777941 8.804384838486104 8.689549668194267 8.57471449790243 8.459879327610594 8.345044157318757 8.23020898702692 8.115373816735083 8.000538646443244 7.885703476151212 7.770868305859375 7.656033135567538 7.5411979652757015 7.426362794983864 7.311527624692027 7.19669245440019 -9999.0 -9999.0 -9999.0 -9999.0 -9999.0 -9999.0 -9999.0 -9999.0 -9999.0 -9999.0 -9999.0 -9999.0 -9999.0 -9999.0 -9999.0 -9999.0 -9999.0
