Figures/CREST_Example_wjb_NSE/Rolling_result/20100722/raw_forecast/ens_4/wjb.rain.20090804.asc
ncols            288
nrows            254
xllcorner        113.274861
yllcorner        31.4918055
cellsize         0.008333333333
NODATA_value     -9999
[rows 228 to 246 of 254, columns 132 to 175 of 288]
1.18592240705101 1.162834567817495 1.13974672858398 1.1832883009944202 1.2980582213995067 1.4128281418045932 1.5275980622096796 1.6423679826147661 1.7571379030198526 1.871907823424939 1.9866777438300256 2.101447664235308 2.216217584640394 2.3309875050454805 2.4457574254505676 2.5050567486003397 2.5050567486003397 2.5050567486003397 2.5050567486003397 2.5050567486003397 2.5050567486003397 2.5050567486003397 2.5050567486003397 2.5050567486003397 2.5050567486003397 2.5050567486003397 2.5050567486003397 2.518929462801662 2.5476324222981774 2.576335381794693 2.6050383412912086 2.633741300787724 2.6624442602842397 2.6911472197807553 2.719850179277271 2.7485531387737865 2.777256098270302 2.8059590577668665 2.834662017263382 2.8494922625723786 2.8494922625723786 2.8494922625723786 2.8494922625723786 2.8494922625723786
1.103118573055855 1.0743242775920603 1.0455299821282655 1.0887684844624856 1.2090116767976038 1.329254869132722 1.44949806146784 1.5697412538029583 1.6899844461380766 1.8102276384731948 1.930470830808313 2.0507140231436365 2.1709572154787544 2.2912004078138724 2.4114436001489907 2.473570853471756 2.473570853471756 2.473570853471756 2.473570853471756 2.473570853471756 2.473570853471756 2.473570853471756 2.473570853471756 2.473570853471756 2.473570853471756 2.473570853471756 2.473570853471756 2.4867634116043944 2.514059112809027 2.5413548140136597 2.568650515218293 2.5959462164229254 2.623241917627558 2.6505376188321907 2.6778333200368234 2.705129021241456 2.7324247224460887 2.759720423650768 2.7870161248554006 2.8011192679405212 2.8011192679405212 2.8011192679405212 2.8011192679405212 2.8011192679405212
1.103118573055855 1.0743242775920603 1.0455299821282655 1.0887684844624856 1.2090116767976038 1.329254869132722 1.44949806146784 1.5697412538029583 1.6899844461380766 1.8102276384731948 1.930470830808313 2.0507140231436365 2.1709572154787544 2.2912004078138724 2.4114436001489907 2.473570853471756 2.473570853471756 2.473570853471756 2.473570853471756 2.473570853471756 2.473570853471756 2.473570853471756 2.473570853471756 2.473570853471756 2.473570853471756 2.473570853471756 2.473570853471756 2.4867634116043944 2.514059112809027 2.5413548140136597 2.568650515218293 2.5959462164229254 2.623241917627558 2.6505376188321907 2.6778333200368234 2.705129021241456 2.7324247224460887 2.759720423650768 2.7870161248554006 2.8011192679405212 2.8011192679405212 2.8011192679405212 2.8011192679405212 2.8011192679405212
1.103118573055855 1.0743242775920603 1.0455299821282655 1.0887684844624856 1.2090116767976038 1.329254869132722 1.44949806146784 1.5697412538029583 1.6899844461380766 1.8102276384731948 1.930470830808313 2.0507140231436365 2.1709572154787544 2.2912004078138724 2.4114436001489907 2.473570853471756 2.473570853471756 2.473570853471756 2.473570853471756 2.473570853471756 2.473570853471756 2.473570853471756 2.473570853471756 2.473570853471756 2.473570853471756 2.473570853471756 2.473570853471756 2.4867634116043944 2.514059112809027 2.5413548140136597 2.568650515218293 2.5959462164229254 2.623241917627558 2.6505376188321907 2.6778333200368234 2.705129021241456 2.7324247224460887 2.759720423650768 2.7870161248554006 2.8011192679405212 2.8011192679405212 2.8011192679405212 2.8011192679405212 2.8011192679405212
1.103118573055855 1.0743242775920603 1.0455299821282655 1.0887684844624856 1.2090116767976038 1.329254869132722 1.44949806146784 1.5697412538029583 1.6899844461380766 1.8102276384731948 1.930470830808313 2.0507140231436365 2.1709572154787544 2.2912004078138724 2.4114436001489907 2.473570853471756 2.473570853471756 2.473570853471756 2.473570853471756 2.473570853471756 2.473570853471756 2.473570853471756 2.473570853471756 2.473570853471756 2.473570853471756 2.473570853471756 2.473570853471756 2.4867634116043944 2.514059112809027 2.5413548140136597 2.568650515218293 2.5959462164229254 2.623241917627558 2.6505376188321907 2.6778333200368234 2.705129021241456 2.7324247224460887 2.759720423650768 2.7870161248554006 2.8011192679405212 2.8011192679405212 2.8011192679405212 2.8011192679405212 2.8011192679405212
1.103118573055855 1.0743242775920603 1.0455299821282655 1.0887684844624856 1.2090116767976038 1.329254869132722 1.44949806146784 1.5697412538029583 1.6899844461380766 1.8102276384731948 1.930470830808313 2.0507140231436365 2.1709572154787544 2.2912004078138724 2.4114436001489907 2.473570853471756 2.473570853471756 2.473570853471756 2.473570853471756 2.473570853471756 2.473570853471756 2.473570853471756 2.473570853471756 2.473570853471756 2.473570853471756 2.473570853471756 2.473570853471756 2.4867634116043944 2.514059112809027 2.5413548140136597 2.568650515218293 2.5959462164229254 2.623241917627558 2.6505376188321907 2.6778333200368234 2.705129021241456 2.7324247224460887 2.759720423650768 2.7870161248554006 2.8011192679405212 2.8011192679405212 2.8011192679405212 2.8011192679405212 2.8011192679405212
1.103118573055855 1.0743242775920603 1.0455299821282655 1.0887684844624856 1.2090116767976038 1.329254869132722 1.44949806146784 1.5697412538029583 1.6899844461380766 1.8102276384731948 1.930470830808313 2.0507140231436365 2.1709572154787544 2.2912004078138724 2.4114436001489907 2.473570853471756 2.473570853471756 2.473570853471756 2.473570853471756 2.473570853471756 2.473570853471756 2.473570853471756 2.473570853471756 2.473570853471756 2.473570853471756 2.473570853471756 2.473570853471756 2.4867634116043944 2.514059112809027 2.5413548140136597 2.568650515218293 2.5959462164229254 2.623241917627558 2.6505376188321907 2.6778333200368234 2.705129021241456 2.7324247224460887 2.759720423650768 2.7870161248554006 2.8011192679405212 2.8011192679405212 2.8011192679405212 2.8011192679405212 2.8011192679405212
1.103118573055855 1.0743242775920603 1.0455299821282655 1.0887684844624856 1.2090116767976038 1.329254869132722 1.44949806146784 1.5697412538029583 1.6899844461380766 1.8102276384731948 1.930470830808313 2.0507140231436365 2.1709572154787544 2.2912004078138724 2.4114436001489907 2.473570853471756 2.473570853471756 2.473570853471756 2.473570853471756 2.473570853471756 2.473570853471756 2.473570853471756 2.473570853471756 2.473570853471756 2.473570853471756 2.473570853471756 2.473570853471756 2.4867634116043944 2.514059112809027 2.5413548140136597 2.568650515218293 2.5959462164229254 2.623241917627558 2.6505376188321907 2.6778333200368234 2.705129021241456 2.7324247224460887 2.759720423650768 2.7870161248554006 2.8011192679405212 2.8011192679405212 2.8011192679405212 2.8011192679405212 2.8011192679405212
1.103118573055855 1.0743242775920603 1.0455299821282655 1.0887684844624856 1.2090116767976038 1.329254869132722 1.44949806146784 1.5697412538029583 1.6899844461380766 1.8102276384731948 1.930470830808313 2.0507140231436365 2.1709572154787544 2.2912004078138724 2.4114436001489907 2.473570853471756 2.473570853471756 2.473570853471756 2.473570853471756 2.473570853471756 2.473570853471756 2.473570853471756 2.473570853471756 2.473570853471756 2.473570853471756 2.473570853471756 2.473570853471756 2.4867634116043944 2.514059112809027 2.5413548140136597 2.568650515218293 2.5959462164229254 2.623241917627558 2.6505376188321907 -9999.0 -9999.0 -9999.0 -9999.0 -9999.0 2.8011192679405212 2.8011192679405212 2.8011192679405212 2.8011192679405212 2.8011192679405212
1.103118573055855 1.0743242775920603 1.0455299821282655 1.0887684844624856 1.2090116767976038 1.329254869132722 1.44949806146784 1.5697412538029583 1.6899844461380766 1.8102276384731948 1.930470830808313 2.0507140231436365 2.1709572154787544 2.2912004078138724 2.4114436001489907 2.473570853471756 2.473570853471756 2.473570853471756 2.473570853471756 2.473570853471756 2.473570853471756 2.473570853471756 2.473570853471756 2.473570853471756 2.473570853471756 2.473570853471756 2.473570853471756 2.4867634116043944 2.514059112809027 2.5413548140136597 2.568650515218293 2.5959462164229254 2.623241917627558 -9999.0 -9999.0 -9999.0 -9999.0 -9999.0 -9999.0 2.8011192679405212 2.8011192679405212 2.8011192679405212 2.8011192679405212 2.8011192679405212
1.103118573055855 1.0743242775920603 1.0455299821282655 1.0887684844624856 1.2090116767976038 1.329254869132722 1.44949806146784 1.5697412538029583 1.6899844461380766 1.8102276384731948 1.930470830808313 2.0507140231436365 2.1709572154787544 2.2912004078138724 2.4114436001489907 2.473570853471756 2.473570853471756 2.473570853471756 2.473570853471756 2.473570853471756 2.473570853471756 2.473570853471756 2.473570853471756 2.473570853471756 2.473570853471756 2.473570853471756 2.473570853471756 2.4867634116043944 2.514059112809027 2.5413548140136597 2.568650515218293 2.5959462164229254 -9999.0 -9999.0 -9999.0 -9999.0 -9999.0 -9999.0 -9999.0 -9999.0 2.8011192679405212 2.8011192679405212 2.8011192679405212 -9999.0
1.103118573055855 1.0743242775920603 1.0455299821282655 1.0887684844624856 1.2090116767976038 1.329254869132722 1.44949806146784 1.5697412538029583 1.6899844461380766 1.8102276384731948 1.930470830808313 2.0507140231436365 2.1709572154787544 2.2912004078138724 2.4114436001489907 2.473570853471756 2.473570853471756 2.473570853471756 2.473570853471756 2.473570853471756 2.473570853471756 2.473570853471756 2.473570853471756 2.473570853471756 2.473570853471756 2.473570853471756 2.473570853471756 2.4867634116043944 2.514059112809027 2.5413548140136597 2.568650515218293 -9999.0 -9999.0 -9999.0 -9999.0 -9999.0 -9999.0 -9999.0 -9999.0 -9999.0 -9999.0 -9999.0 -9999.0 -9999.0
1.103118573055855 1.0743242775920603 1.0455299821282655 1.0887684844624856 1.2090116767976038 1.329254869132722 1.44949806146784 1.5697412538029583 1.6899844461380766 1.8102276384731948 1.930470830808313 2.0507140231436365 2.1709572154787544 2.2912004078138724 2.4114436001489907 2.473570853471756 2.473570853471756 2.473570853471756 2.473570853471756 2.473570853471756 2.473570853471756 2.473570853471756 2.473570853471756 2.473570853471756 2.473570853471756 2.473570853471756 2.473570853471756 2.4867634116043944 2.514059112809027 2.5413548140136597 -9999.0 -9999.0 -9999.0 -9999.0 -9999.0 -9999.0 -9999.0 -9999.0 -9999.0 -9999.0 -9999.0 -9999.0 -9999.0 -9999.0
1.079788660542165 1.0525860330125294 1.025383405482894 1.0674865780367264 1.1836792183585139 1.2998718586803013 1.4160644990020888 1.5322571393238762 1.6484497796456636 1.7646424199674513 1.8808350602892387 1.9970277006112243 2.1132203409330117 2.229412981254799 2.3456056215765866 2.405640035661286 -9999.0 2.405640035661286 2.405640035661286 2.405640035661286 2.405640035661286 2.405640035661286 2.405640035661286 2.405640035661286 2.405640035661286 2.405640035661286 2.405640035661286 2.417898409685096 2.443261262836431 -9999.0 -9999.0 -9999.0 -9999.0 -9999.0 -9999.0 -9999.0 -9999.0 -9999.0 -9999.0 -9999.0 -9999.0 -9999.0 -9999.0 -9999.0
1.0315205418500966 1.0076109749660715 0.9837014080820465 1.0234556548710592 1.1312679583513296 1.2390802618316001 1.3468925653118706 1.4547048687921411 1.5625171722724116 1.670329475752682 1.7781417792329526 1.885954082713407 1.9937663861936774 -9999.0 -9999.0 -9999.0 -9999.0 -9999.0 -9999.0 -9999.0 2.2650954547503646 2.2650954547503646 2.2650954547503646 2.2650954547503646 2.2650954547503646 2.2650954547503646 2.2650954547503646 2.2754210607272007 2.2967849730682954 -9999.0 -9999.0 -9999.0 -9999.0 -9999.0 -9999.0 -9999.0 -9999.0 -9999.0 -9999.0 -9999.0 -9999.0 -9999.0 -9999.0 -9999.0
0.9832524231580074 0.9626359169195942 0.942019410681181 0.9794247317053729 1.0788566983441228 1.1782886649828728 1.2777206316216227 1.3771525982603727 1.4765845648991227 1.5760165315378727 1.6754484981766227 1.774880464815542 1.874312431454292 -9999.0 -9999.0 -9999.0 -9999.0 -9999.0 -9999.0 -9999.0 -9999.0 2.1245508738393832 2.1245508738393832 2.1245508738393832 2.1245508738393832 2.1245508738393832 2.1245508738393832 2.1329437117692445 2.1503086833000977 -9999.0 -9999.0 -9999.0 -9999.0 -9999.0 -9999.0 -9999.0 -9999.0 -9999.0 -9999.0 -9999.0 -9999.0 -9999.0 -9999.0 -9999.0
-9999.0 -9999.0 0.9003374132803332 0.9353938085397056 1.0264454383369386 1.1174970681341716 1.2085486979314046 1.2996003277286374 1.3906519575258705 1.4817035873231035 1.5727552171203365 -9999.0 -9999.0 -9999.0 -9999.0 -9999.0 -9999.0 -9999.0 -9999.0 -9999.0 -9999.0 1.9840062929284616 1.9840062929284616 1.9840062929284616 1.9840062929284616 1.9840062929284616 1.9840062929284616 1.9904663628113486 -9999.0 -9999.0 -9999.0 -9999.0 -9999.0 -9999.0 -9999.0 -9999.0 -9999.0 -9999.0 -9999.0 -9999.0 -9999.0 -9999.0 -9999.0 -9999.0
-9999.0 -9999.0 -9999.0 0.8913628853740383 0.9740341783297543 1.0567054712854702 1.1393767642411863 1.2220480571969023 1.3047193501526184 1.3873906431083345 1.4700619360640506 -9999.0 -9999.0 -9999.0 -9999.0 -9999.0 -9999.0 -9999.0 -9999.0 -9999.0 -9999.0 -9999.0 1.8434617120175403 1.8434617120175403 1.8434617120175403 1.8434617120175403 -9999.0 1.847989013853453 -9999.0 -9999.0 -9999.0 -9999.0 -9999.0 -9999.0 -9999.0 -9999.0 -9999.0 -9999.0 -9999.0 -9999.0 -9999.0 -9999.0 -9999.0 -9999.0
-9999.0 -9999.0 -9999.0 -9999.0 0.9216229183225476 0.9959138744367432 1.0702048305509386 1.1444957866651342 1.2187867427793297 1.293077698893525 -9999.0 -9999.0 -9999.0 -9999.0 -9999.0 -9999.0 -9999.0 -9999.0 -9999.0 -9999.0 -9999.0 -9999.0 -9999.0 -9999.0 -9999.0 -9999.0 -9999.0 -9999.0 -9999.0 -9999.0 -9999.0 -9999.0 -9999.0 -9999.0 -9999.0 -9999.0 -9999.0 -9999.0 -9999.0 -9999.0 -9999.0 -9999.0 -9999.0 -9999.0
