Figures/CREST_Example_wjb_NSE/Rolling_result/20100722/BJP_forecast/ens_43/wjb.rain.20100722.asc
ncols            288
nrows            254
xllcorner        113.274861
yllcorner        31.4918055
cellsize         0.008333333333
NODATA_value     -9999
[rows 120 to 139 of 254, columns 44 to 87 of 288]
8.265396877618613 7.30702853502366 6.348660192428707 5.390291849833755 4.4319235072388015 3.47355516464385 2.5151868220488964 1.99362894402996 1.9390313256365594 1.8844337072432524 1.8298360888499452 1.775238470456638 1.7206408520633307 1.6660432336700235 1.6114456152767163 1.556847996883409 1.502250378490102 1.4476527600967946 1.3930551417034875 1.4958068675431084 1.7667685991737803 2.037730330804914 2.308692062435586 2.5796537940662576 2.8506155256969294 3.1215772573276013 3.392538988958273 3.663500720588945 3.9344624522196168 4.205424183850289 4.476385915480961 4.600329967242568 4.567108795657732 4.533887624072895 4.500666452488002 4.467445280903164 4.434224109318327 4.401002937733491 4.367781766148654 4.334560594563817 4.30133942297898 4.268118251394143 4.234897079809306 4.221180533859892
8.477830942891359 7.474522485127502 6.471214027363645 5.467905569599788 4.464597111835932 3.4612886540720744 2.457980196308217 1.91173370987923 1.8540968015349906 1.7964598931908493 1.7388229848467083 1.6811860765025672 1.623549168158426 1.565912259814285 1.5082753514701437 1.4506384431260027 1.3930015347818614 1.3353646264377204 1.2777277180935793 1.3828219767169125 1.6618795312880343 1.940937085859632 2.2199946404307536 2.499052195001876 2.778109749572997 3.0571673041441194 3.3362248587152408 3.615282413286363 3.8943399678574844 4.173397522428607 4.452455076999729 4.578592553546362 4.541255009685385 4.50391746582441 4.46657992196337 4.429242378102394 4.3919048342414175 4.354567290380442 4.317229746519466 4.279892202658489 4.242554658797514 4.205217114936538 4.167879571075561 4.151550010020563
8.45644727590085 7.451558119894443 6.446668963888037 5.44177980788163 4.436890651875226 3.4320014958688194 2.427112339862413 1.8830397003525765 1.8315903325673348 1.780140964782181 1.7286915969970271 1.6772422292118732 1.6257928614267192 1.5743434936415652 1.5228941258564113 1.4714447580712573 1.4199953902861036 1.3685460225009496 1.3170966547157956 1.423704845632603 1.6992801396167039 1.9748554336012747 2.2504307275853757 2.5260060215694766 2.8015813155535776 3.0771566095376786 3.352731903521779 3.62830719750588 3.903882491489981 4.1794577854740815 4.4550330794581825 4.571801873419849 4.518802928786253 4.465803984152657 4.41280503951897 4.359806094885374 4.306807150251778 4.253808205618181 4.2008092609845855 4.147810316350989 4.094811371717393 4.041812427083796 3.9888134824502 3.9636700104605036
8.43506360891034 7.428593754661384 6.42212390041243 5.415654046163475 4.40918419191452 3.402714337665566 2.396244483416611 1.8543456908259233 1.8090838635996793 1.7638220363735126 1.718560209147346 1.6732983819211793 1.6280365546950124 1.5827747274688457 1.537512900242679 1.4922510730165124 1.4469892457903457 1.401727418564179 1.3564655913380124 1.4645877145482935 1.7366807479453734 2.008773781342917 2.2808668147399973 2.5529598481370774 2.825052881534157 3.097145914931237 3.369238948328317 3.641331981725397 3.9134250151224768 4.1855180485195564 4.457611081916637 4.565011193293336 4.49635084788712 4.427690502480904 4.35903015707457 4.290369811668354 4.221709466262138 4.153049120855921 4.084388775449705 4.015728430043488 3.947068084637272 3.8784077392310556 3.809747393824839 3.7757900109004447
8.413679941919812 7.405629389428306 6.397578836936801 5.389528284445296 4.38147773195379 3.3734271794622863 2.3653766269707805 1.8256516812992456 1.7865773946320047 1.7475031079648304 1.7084288212976562 1.669354534630482 1.6302802479633076 1.5912059612961333 1.5521316746289593 1.513057387961785 1.4739831012946107 1.4349088146274365 1.3958345279602622 1.5054705834640185 1.7740813562740747 2.042692129084589 2.311302901894645 2.5799136747047013 2.848524447514757 3.1171352203248133 3.3857459931348695 3.6543567659449256 3.922967538754982 4.1915783115650385 4.460189084375093 4.558220513166819 4.473898766987968 4.389577020809119 4.305255274630125 4.220933528451275 4.136611782272425 4.052290036093575 3.967968289914725 3.8836465437358756 3.7993247975570252 3.7150030513781758 3.6306813051993254 3.5879100113402247
8.392296274929302 7.382665024195249 6.373033773461195 5.3634025227271405 4.353771271993088 3.344140021259033 2.3345087705249785 1.7969576717725924 1.7640709256643492 1.7311841795561622 1.6982974334479752 1.6654106873397883 1.632523941231601 1.599637195123414 1.566750449015227 1.5338637029070399 1.500976956798853 1.468090210690666 1.435203464582479 1.5463534523797091 1.8114819646027442 2.0766104768262315 2.341738989049267 2.606867501272302 2.871996013495337 3.137124525718372 3.4022530379414073 3.6673815501644422 3.9325100623874776 4.197638574610513 4.462767086833548 4.551429833040306 4.451446686088835 4.351463539137366 4.251480392185725 4.151497245234255 4.051514098282785 3.9515309513313146 3.8515478043798446 3.7515646574283745 3.6515815104769045 3.551598363525435 3.4516152165739644 3.4000300117801654
8.370912607938791 7.35970065896219 6.3484887099855865 5.337276761008983 4.3260648120323815 3.314852863055778 2.3036409140791747 1.7682636622459391 1.7415644566966937 1.7148652511474938 1.688166045598294 1.6614668400490942 1.6347676344998943 1.6080684289506946 1.5813692234014947 1.5546700178522947 1.527970812303095 1.5012716067538951 1.4745724012046955 1.5872363212953995 1.848882572931414 2.1105288245678744 2.372175076203889 2.633821327839903 2.895467579475917 3.1571138311119316 3.418760082747946 3.68040633438396 3.942052586019974 4.203698837655988 4.465345089292003 4.544639152913794 4.428994605189703 4.3133500574656125 4.197705509741326 4.082060962017235 3.966416414293145 3.8507718665690547 3.7351273188449645 3.6194827711208744 3.5038382233967837 3.388193675672694 3.2725491279486034 3.212150012220106
8.349528940948282 7.336736293729131 6.32394364650998 5.3111509992908275 4.298358352071675 3.285565704852523 2.2727730576333727 1.7395696527192859 1.7190579877290384 1.6985463227388256 1.678034657748613 1.6575229927584003 1.6370113277681877 1.616499662777975 1.5959879977877625 1.5754763327975496 1.554964667807337 1.5344530028171244 1.5139413378269118 1.6281191902110899 1.8862831812600833 2.144447172309517 2.40261116335851 2.6607751544075033 2.9189391454564966 3.1771031365054903 3.435267127554483 3.6934311186034767 3.95159510965247 4.209759100701463 4.467923091750457 4.53784847278728 4.40654252429057 4.275236575793859 4.143930627296926 4.012624678800215 3.8813187303035046 3.7500127818067943 3.618706833310084 3.4874008848133737 3.356094936316663 3.224788987819953 3.0934830393232424 3.0242700126600464
8.328145273957773 7.313771928496073 6.299398583034372 5.285025237572672 4.270651892110971 3.25627854664927 2.241905201187569 1.7108756431926326 1.6965515187613827 1.6822273943301573 1.6679032698989318 1.6535791454677065 1.639255021036481 1.6249308966052554 1.61060677217403 1.5962826477428045 1.5819585233115792 1.5676343988803536 1.5533102744491283 1.6690020591267802 1.9236837895887526 2.1783655200511594 2.4330472505131318 2.6877289809751046 2.942410711437077 3.1970924418990494 3.451774172361022 3.706455902822994 3.9611376332849666 4.215819363746939 4.470501094208911 4.531057792660768 4.384090443391438 4.237123094122107 4.090155744852526 3.9431883955831952 3.796221046313865 3.649253697044534 3.502286347775204 3.355318998505873 3.2083516492365427 3.0613842999672123 2.9144169506978814 2.836390013099987
8.306761606967264 7.290807563263014 6.274853519558765 5.2588994758545144 4.242945432150265 3.226991388446015 2.211037344741765 1.6821816336659794 1.6740450497937274 1.6659084659214891 1.6577718820492509 1.6496352981770126 1.6414987143047743 1.6333621304325359 1.6252255465602978 1.6170889626880594 1.6089523788158213 1.6008157949435828 1.5926792110713446 1.7098849280424708 1.9610843979174222 2.2122838677928023 2.463483337667754 2.7146828075427054 2.9658822774176565 3.2170817472926085 3.4682812171675597 3.7194806870425112 3.970680156917463 4.221879626792415 4.473079096667366 4.524267112534256 4.361638362492305 4.199009612450355 4.0363808624081265 3.8737521123661756 3.711123362324225 3.5484946122822745 3.3858658622403235 3.2232371121983725 3.0606083621564224 2.8979796121144714 2.7353508620725204 2.6485100135399278
8.285377939976755 7.267843198029954 6.250308456083156 5.232773714136357 4.2152389721895585 3.19770423024276 2.1801694882959612 1.6534876241393262 1.6515385808260716 1.6495895375128207 1.6476404941995697 1.6456914508863185 1.6437424075730676 1.6417933642598166 1.6398443209465654 1.6378952776333144 1.6359462343200635 1.6339971910068123 1.6320481476935613 1.7507677969581614 1.998485006246092 2.2462022155344448 2.4939194248223755 2.7416366341103062 2.9893538433982365 3.237071052686167 3.4847882619740975 3.7325054712620283 3.980222680549959 4.22793988983789 4.47565709912582 4.517476432407743 4.339186281593172 4.1608961307786005 3.982605979963726 3.8043158291491554 3.6260256783345843 3.447735527520013 3.2694453767054426 3.091155225890872 2.9128650750763008 2.73457492426173 2.5562847734471594 2.460630013979868
8.263994272986226 7.244878832796877 6.2257633926075275 5.206647952418178 4.187532512228829 3.1684170720394818 2.1493016318501326 1.6247936146126483 1.629032111858397 1.6332706091041385 1.63750910634988 1.6417476035956213 1.6459861008413628 1.6502245980871042 1.6544630953328456 1.658701592578587 1.6629400898243285 1.66717858707007 1.6714170843158112 1.7916506658738864 2.0358856145747932 2.2801205632761166 2.524355511977023 2.7685904606779297 3.0128254093788365 3.257060358079743 3.5012953067806496 3.7455302554815564 3.989765204182463 4.23400015288337 4.478235101584277 4.510685752281224 4.31673420069402 4.122782649106815 3.9288310975192804 3.734879545932076 3.5409279943448717 3.3469764427576676 3.153024891170463 2.9590733395832585 2.7651217879960543 2.5711702364088502 2.3772186848216457 2.2727500144196484
8.242610605995717 7.221914467563819 6.201218329131921 5.180522190700023 4.159826052268125 3.1391299138362267 2.1184337754043288 1.5960996050859952 1.6065256428907417 1.6169516806954702 1.627377718500199 1.6378037563049275 1.6482297941096562 1.6586558319143847 1.6690818697191134 1.679507907523842 1.6899339453285707 1.7003599831332994 1.710786020938028 1.832533534789577 2.0732862229034628 2.314038911017759 2.554791599131645 2.795544287245531 3.0362969753594165 3.277049663473302 3.517802351587188 3.758555039701074 3.9993077278149594 4.240060415928845 4.480813104042731 4.5038950721547115 4.294282119794887 4.084669167435063 3.875056215074881 3.665443262715056 3.455830310355232 3.2462173579954072 3.0366044056355825 2.826991453275758 2.6173785009159336 2.407765548556109 2.1981525961962847 2.084870014859589
8.020545609304659 7.0389158077366 6.05728600616854 5.075656204600479 4.094026403032419 3.1123966014643596 2.1307667998963 1.631610021262735 1.6482278092264866 1.6648455971902099 1.6814633851539333 1.6980811731176566 1.71469896108138 1.7313167490451034 1.7479345370088268 1.76455232497255 1.7811701129362736 1.7977879008999968 1.8144056888637203 1.9377213413095034 2.175099422740384 2.4124775041716697 2.64985558560255 2.887233667033431 3.1246117484643117 3.361989829895192 3.599367911326073 3.8367459927569536 4.074124074187834 4.311502155618715 4.5488802370495955 4.567525646525697 4.3523408848852725 4.137156123244847 3.9219713616040557 3.706786599963631 3.4916018383232066 3.276417076682782 3.061232315042357 2.8460475534019327 2.630862791761508 2.415678030121083 2.200493268480659 2.0824626161026667
7.58396492222208 6.684850575635751 5.785736229049422 4.886621882463094 3.987507535876764 3.0883931892904357 2.189278842704107 1.7357509210350637 1.7585649589548533 1.781378996874604 1.8041930347943549 1.8270070727141057 1.8498211106338567 1.8726351485536075 1.8954491864733582 1.918263224393109 1.9410772623128598 1.9638913002326106 1.9867053381523614 2.1116470723106966 2.3457656222954055 2.5798841722805133 2.814002722265222 3.048121272249931 3.2822398222346396 3.5163583722193485 3.750476922204057 3.984595472188766 4.218714022173475 4.452832572158183 4.686951122142892 4.706432102560957 4.496460668891657 4.286489235222357 4.076517801552699 3.8665463678834 3.6565749342141 3.4466035005448 3.2366320668755 3.0266606332062005 2.816689199536901 2.606717765867601 2.396746332198301 2.278313735312339
7.1473842351395005 6.330785343534903 5.514186451930306 4.697587560325709 3.8809886687211117 3.0643897771165136 2.2477908855119164 1.8398918208073924 1.8689021086832203 1.8979123965589983 1.9269226844347767 1.955932972310555 1.984943260186333 2.013953548062111 2.0429638359378894 2.0719741238136677 2.100984411689446 2.129994699565224 2.159004987441002 2.28557280331189 2.5164318218504267 2.7472908403893572 2.978149858927894 3.209008877466431 3.4398678960049676 3.670726914543504 3.901585933082041 4.1324449516205775 4.363303970159114 4.594162988697651 4.825022007236187 4.845338558596215 4.640580452898041 4.435822347199866 4.2310642415013415 4.026306135803167 3.821548030104992 3.6167899244068176 3.412031818708643 3.2072737130104683 3.0025156073122936 2.7977575016141185 2.592999395915944 2.474164854522011
6.710803548056921 5.976720111434055 5.242636674811189 4.508553238188322 3.7744698015654565 3.0403863649425906 2.306302928319724 1.9440327205797214 1.979239258411587 2.014445796243393 2.049652334075198 2.084858871907004 2.1200654097388094 2.1552719475706152 2.1904784854024206 2.2256850232342265 2.260891561066032 2.2960980988978377 2.3313046367296435 2.4594985343130835 2.6870980214054483 2.914697508498201 3.142296995590566 3.3698964826829307 3.5974959697752955 3.8250954568676603 4.0526949439600255 4.28029443105239 4.507893918144754 4.735493405237119 4.963092892329485 4.984245014631475 4.784700236904426 4.5851554591773755 4.385610681449985 4.186065903722936 3.9865211259958855 3.7869763482688352 3.5874315705417854 3.3878867928147356 3.1883420150876853 2.9887972373606355 2.7892524596335857 2.670015973731682
6.27422286097397 5.622654879332906 4.971086897691841 4.319518916050777 3.6679509344097125 3.016382952768648 2.3648149711275837 2.048173620352139 2.0895764081400476 2.1309791959278863 2.1723819837157246 2.213784771503563 2.255187559291401 2.2965903470792397 2.337993134867078 2.379395922654916 2.4207987104427544 2.462201498230593 2.5036042860184313 2.633424265314425 2.857764220960615 3.0821041766071877 3.306444132253378 3.530784087899568 3.7551240435457585 3.9794639991919483 4.203803954838138 4.428143910484328 4.652483866130519 4.876823821776709 5.101163777422899 5.123151470666854 4.928820020910933 4.734488571155012 4.54015712139876 4.34582567164284 4.151494221886919 3.9571627721309985 3.762831322375078 3.5684998726191575 3.374168422863237 3.179836973107316 2.9855055233513954 2.865867092941521
5.837642173891391 5.268589647232057 4.6995371205727245 4.130484593913391 3.5614320672540583 2.992379540594725 2.423327013935392 2.1523145201244676 2.1999135578684146 2.2475125956122803 2.295111633356146 2.342710671100012 2.3903097088438776 2.4379087465877434 2.485507784331609 2.533106822075475 2.5807058598193406 2.6283048975632064 2.675903935307072 2.8073499963156183 3.0284304205156363 3.2495108447160317 3.47059126891605 3.691671693116068 3.912752117316086 4.133832541516105 4.354912965716123 4.575993389916141 4.797073814116159 5.018154238316177 5.239234662516195 5.262057926702114 5.0729398049173176 4.883821683132522 4.694703561347404 4.5055854395626085 4.316467317777812 4.127349195993017 3.938231074208221 3.7491129524234257 3.5599948306386295 3.3708767088538343 3.1817585870690386 3.061718212151193
5.401061486808812 4.91452441513121 4.427987343453609 3.9414502717760067 3.454913200098405 2.968376128420803 2.481839056743201 2.2564554198967968 2.3102507075967815 2.364045995296675 2.4178412829965676 2.471636570696461 2.525431858396354 2.5792271460962475 2.6330224337961403 2.6868177214960336 2.740613009195927 2.79440829689582 2.848203584595713 2.9812757273168113 3.199096620070658 3.416917512824875 3.6347384055787213 3.852559298332568 4.070380191086414 4.28820108384026 4.5060219765941065 4.723842869347952 4.941663762101799 5.159484654855644 5.377305547609491 5.400964382737373 5.217059588923702 5.033154795110031 4.849250001296046 4.665345207482376 4.481440413668705 4.297535619855035 4.113630826041364 3.929726032227693 3.745821238414022 3.5619164446003513 3.3780116507866804 3.2575693313608647
