Figures/CREST_Example_wjb_NSE/Rolling_result/20100722/BJP_forecast/ens_43/wjb.rain.20091126.asc
ncols            288
nrows            254
xllcorner        113.274861
yllcorner        31.4918055
cellsize         0.008333333333
NODATA_value     -9999
[rows 66 to 87 of 254, columns 50 to 99 of 288]
1.236593841532831 1.2388658506434798 1.2388658506434798 1.2388658506434798 1.2388658506434798 1.2388658506434798 1.2388658506434798 1.2388658506434798 1.2388658506434798 1.2388658506434798 1.2388658506434798 1.2388658506434798 1.2388658506434798 1.2072026764308894 1.141690853254255 1.076179030077509 1.0106672069008746 0.9451553837242402 0.8796435605476058 0.8141317373709716 0.7486199141943373 0.6831080910177029 0.6175962678410685 0.5520844446644342 0.4865726214877998 0.45702270915132426 0.4659168924786645 0.47481107580600473 0.4837052591333601 0.4925994424607003 0.5014936257880406 0.5103878091153807 0.519281992442721 0.5281761757700612 0.5370703590974014 0.5459645424247416 0.5548587257520818 0.5594541724246114 0.5594541724246114 0.5594541724246114 0.5594541724246114 0.5594541724246114 0.5594541724246114 0.5594541724246114 0.5594541724246114 0.5594541724246114 0.5594541724246114 0.5594541724246114 0.5594541724246114 0.5478574458978193
1.1841949676394985 1.1843245633228303 1.1843245633228303 1.1843245633228303 1.1843245633228303 1.1843245633228303 1.1843245633228303 1.1843245633228303 1.1843245633228303 1.1843245633228303 1.1843245633228303 1.1843245633228303 1.1843245633228303 1.153509973801138 1.0897538915318197 1.0259978092623927 0.9622417269930744 0.8984856447237561 0.8347295624544377 0.7709734801851196 0.7072173979158012 0.6434613156464829 0.5797052333771646 0.5159491511078463 0.45219306883852806 0.4235319914822777 0.43238826775600797 0.44124454402973823 0.4501008203034836 0.45895709657721384 0.46781337285094404 0.47666964912467436 0.48552592539840456 0.49438220167213487 0.5032384779458651 0.5120947542195954 0.5209510304933256 0.525526891349264 0.525526891349264 0.525526891349264 0.525526891349264 0.525526891349264 0.525526891349264 0.525526891349264 0.525526891349264 0.525526891349264 0.525526891349264 0.525526891349264 0.525526891349264 0.5136184481714394
1.1317960937461657 1.1297832760021809 1.1297832760021809 1.1297832760021809 1.1297832760021809 1.1297832760021809 1.1297832760021809 1.1297832760021809 1.1297832760021809 1.1297832760021809 1.1297832760021809 1.1297832760021809 1.1297832760021809 1.0998172711713867 1.0378169298093844 0.9758165884472765 0.9138162470852742 0.851815905723272 0.7898155643612698 0.7278152229992675 0.6658148816372653 0.603814540275263 0.5418141989132608 0.4798138575512585 0.4178135161892562 0.39004127381323106 0.39885964303335136 0.40767801225347167 0.41649638147360696 0.42531475069372726 0.43413311991384756 0.44295148913396787 0.45176985835408817 0.4605882275742085 0.4694065967943288 0.4782249660144491 0.4870433352345694 0.49159961027391663 0.49159961027391663 0.49159961027391663 0.49159961027391663 0.49159961027391663 0.49159961027391663 0.49159961027391663 0.49159961027391663 0.49159961027391663 0.49159961027391663 0.49159961027391663 0.49159961027391663 0.4793794504450597
1.079397219852833 1.0752419886815312 1.0752419886815312 1.0752419886815312 1.0752419886815312 1.0752419886815312 1.0752419886815312 1.0752419886815312 1.0752419886815312 1.0752419886815312 1.0752419886815312 1.0752419886815312 1.0752419886815312 1.0461245685416352 0.985879968086949 0.9256353676321601 0.8653907671774739 0.8051461667227877 0.7449015662681016 0.6846569658134153 0.6244123653587291 0.5641677649040429 0.5039231644493567 0.44367856399467054 0.38343396353998427 0.3565505561441844 0.36533101831069476 0.37411148047720505 0.3828919426437304 0.39167240481024074 0.4004528669767511 0.4092333291432614 0.41801379130977173 0.4267942534762821 0.43557471564279243 0.4443551778093028 0.4531356399758131 0.4576723291985692 0.4576723291985692 0.4576723291985692 0.4576723291985692 0.4576723291985692 0.4576723291985692 0.4576723291985692 0.4576723291985692 0.4576723291985692 0.4576723291985692 0.4576723291985692 0.4576723291985692 0.4451404527186798
1.0269983459595005 1.0207007013608818 1.0207007013608818 1.0207007013608818 1.0207007013608818 1.0207007013608818 1.0207007013608818 1.0207007013608818 1.0207007013608818 1.0207007013608818 1.0207007013608818 1.0207007013608818 1.0207007013608818 0.9924318659118839 0.9339430063645138 0.8754541468170439 0.8169652872696738 0.7584764277223035 0.6999875681749334 0.6414987086275632 0.583009849080193 0.5245209895328229 0.4660321299854526 0.40754327043808247 0.3490544108907123 0.32305983847513775 0.33180239358803815 0.3405449487009385 0.3492875038138538 0.35803005892675416 0.36677261403965455 0.3755151691525549 0.3842577242654553 0.3930002793783557 0.40174283449125603 0.4104853896041564 0.4192279447170568 0.4237450481232218 0.4237450481232218 0.4237450481232218 0.4237450481232218 0.4237450481232218 0.4237450481232218 0.4237450481232218 0.4237450481232218 0.4237450481232218 0.4237450481232218 0.4237450481232218 0.4237450481232218 0.41090145499229996
0.9745994720661677 0.9661594140402322 0.9661594140402322 0.9661594140402322 0.9661594140402322 0.9661594140402322 0.9661594140402322 0.9661594140402322 0.9661594140402322 0.9661594140402322 0.9661594140402322 0.9661594140402322 0.9661594140402322 0.9387391632821326 0.8820060446420784 0.8252729260019276 0.7685398073618734 0.7118066887218193 0.6550735700817653 0.5983404514417111 0.5416073328016571 0.48487421416160287 0.4281410955215488 0.37140797688149463 0.3146748582414405 0.2895691208060911 0.29827376886538154 0.3069784169246719 0.3156830649839772 0.32438771304326763 0.333092361102558 0.34179700916184846 0.3505016572211389 0.3592063052804293 0.36791095333971974 0.3766156013990102 0.38532024945830057 0.3898177670478744 0.3898177670478744 0.3898177670478744 0.3898177670478744 0.3898177670478744 0.3898177670478744 0.3898177670478744 0.3898177670478744 0.3898177670478744 0.3898177670478744 0.3898177670478744 0.3898177670478744 0.3766624572659201
0.9222005981727903 0.9116181267195362 0.9116181267195362 0.9116181267195362 0.9116181267195362 0.9116181267195362 0.9116181267195362 0.9116181267195362 0.9116181267195362 0.9116181267195362 0.9116181267195362 0.9116181267195362 0.9116181267195362 0.8850464606523355 0.8300690829195989 0.7750917051867685 0.720114327454032 0.6651369497212953 0.6101595719885589 0.5551821942558222 0.5002048165230857 0.44522743879034904 0.3902500610576124 0.3352726833248758 0.2802953055921392 0.2560784031370159 0.26474514414269634 0.2734118851483768 0.282078626154072 0.2907453671597524 0.29941210816543284 0.3080788491711133 0.3167455901767937 0.32541233118247415 0.3340790721881545 0.34274581319383496 0.3514125541995154 0.35589048597249806 0.35589048597249806 0.35589048597249806 0.35589048597249806 0.35589048597249806 0.35589048597249806 0.35589048597249806 0.35589048597249806 0.35589048597249806 0.35589048597249806 0.35589048597249806 0.35589048597249806 0.3424234595395111
0.861381256996608 0.850187626319568 0.850187626319568 0.850187626319568 0.850187626319568 0.850187626319568 0.850187626319568 0.850187626319568 0.850187626319568 0.850187626319568 0.850187626319568 0.850187626319568 0.850187626319568 0.8251083859571928 0.7732188707433038 0.7213293555293262 0.6694398403154371 0.6175503251015481 0.565660809887659 0.5137712946737698 0.4618817794598808 0.4099922642459917 0.3581027490321026 0.3062132338182135 0.25432371860432446 0.23142912235672128 0.2395307499599295 0.24763237756313772 0.25573400516635975 0.263835632769568 0.2719372603727762 0.2800388879759844 0.2881405155791926 0.2962421431824009 0.3043437707856091 0.3124453983888173 0.32054702599202556 0.3247329749702518 0.3247329749702518 0.3247329749702518 0.3247329749702518 0.3247329749702518 0.3247329749702518 0.3247329749702518 0.3247329749702518 0.3247329749702518 0.3247329749702518 0.3247329749702518 0.3247329749702518 0.3116538132893891
0.7915609672123335 0.7813929915082661 0.7813929915082661 0.7813929915082661 0.7813929915082661 0.7813929915082661 0.7813929915082661 0.7813929915082661 0.7813929915082661 0.7813929915082661 0.7813929915082661 0.7813929915082661 0.7813929915082661 0.7584944022999082 0.7111167036162483 0.6637390049325078 0.6163613062488481 0.5689836075651884 0.5216059088815286 0.4742282101978688 0.42685051151420905 0.37947281283054934 0.3320951141468896 0.2847174154632298 0.23733971677957 0.21623078015075406 0.22320374400534312 0.2301767078599322 0.23714967171453316 0.24412263556912223 0.2510955994237113 0.25806856327830036 0.2650415271328894 0.2720144909874785 0.27898745484206755 0.2859604186966566 0.2929333825512457 0.2965361735399067 0.2965361735399067 0.2965361735399067 0.2965361735399067 0.2965361735399067 0.2965361735399067 0.2965361735399067 0.2965361735399067 0.2965361735399067 0.2965361735399067 0.2965361735399067 0.2965361735399067 0.28459268502196955
0.7217406774280591 0.7125983566969643 0.7125983566969643 0.7125983566969643 0.7125983566969643 0.7125983566969643 0.7125983566969643 0.7125983566969643 0.7125983566969643 0.7125983566969643 0.7125983566969643 0.7125983566969643 0.7125983566969643 0.6918804186426234 0.649014536489193 0.6061486543356895 0.5632827721822591 0.5204168900288286 0.4775510078753983 0.4346851257219678 0.3918192435685374 0.348953361415107 0.30608747926167656 0.26322159710824616 0.22035571495481576 0.20103243794478678 0.2068767380507567 0.21272103815672663 0.21856533826270652 0.22440963836867645 0.23025393847464637 0.2360982385806163 0.24194253868658622 0.24778683879255614 0.25363113889852607 0.259475439004496 0.2653197391104659 0.2683393721095616 0.2683393721095616 0.2683393721095616 0.2683393721095616 0.2683393721095616 0.2683393721095616 0.2683393721095616 0.2683393721095616 0.2683393721095616 0.2683393721095616 0.2683393721095616 0.2683393721095616 0.2575315567545499
0.6519203876437847 0.6438037218856624 0.6438037218856624 0.6438037218856624 0.6438037218856624 0.6438037218856624 0.6438037218856624 0.6438037218856624 0.6438037218856624 0.6438037218856624 0.6438037218856624 0.6438037218856624 0.6438037218856624 0.6252664349853387 0.5869123693621376 0.5485583037388712 0.5102042381156701 0.47185017249246897 0.43349610686926787 0.3951420412460668 0.3567879756228657 0.31843390999966453 0.28007984437646344 0.24172577875326234 0.20337171313006125 0.18583409573881954 0.19054973209617032 0.19526536845352108 0.19998100481087988 0.20469664116823066 0.20941227752558145 0.2141279138829322 0.21884355024028299 0.22355918659763374 0.22827482295498452 0.23299045931233528 0.23770609566968606 0.24014257067921652 0.24014257067921652 0.24014257067921652 0.24014257067921652 0.24014257067921652 0.24014257067921652 0.24014257067921652 0.24014257067921652 0.24014257067921652 0.24014257067921652 0.24014257067921652 0.24014257067921652 0.23047042848713029
0.5821000978595102 0.5750090870743604 0.5750090870743604 0.5750090870743604 0.5750090870743604 0.5750090870743604 0.5750090870743604 0.5750090870743604 0.5750090870743604 0.5750090870743604 0.5750090870743604 0.5750090870743604 0.5750090870743604 0.558652451328054 0.5248102022350821 0.49096795314205266 0.4571257040490809 0.4232834549561092 0.3894412058631374 0.3555989567701656 0.3217567076771939 0.28791445858422215 0.25407220949125037 0.22022996039827863 0.18638771130530685 0.1706357535328523 0.1742227261415839 0.17780969875031552 0.18139667135905327 0.18498364396778488 0.1885706165765165 0.1921575891852481 0.19574456179397975 0.19933153440271137 0.20291850701144298 0.20650547962017463 0.21009245222890624 0.21194576924887143 0.21194576924887143 0.21194576924887143 0.21194576924887143 0.21194576924887143 0.21194576924887143 0.21194576924887143 0.21194576924887143 0.21194576924887143 0.21194576924887143 0.21194576924887143 0.21194576924887143 0.20340930021971065
0.5122798080752358 0.5062144522630585 0.5062144522630585 0.5062144522630585 0.5062144522630585 0.5062144522630585 0.5062144522630585 0.5062144522630585 0.5062144522630585 0.5062144522630585 0.5062144522630585 0.5062144522630585 0.5062144522630585 0.4920384676707692 0.46270803510802677 0.43337760254523433 0.4040471699824919 0.3747167374197495 0.34538630485700705 0.31605587229426463 0.2867254397315222 0.2573950071687798 0.22806457460603735 0.19873414204329493 0.1694037094805525 0.15543741132688502 0.1578957201869975 0.16035402904710996 0.16281233790722663 0.1652706467673391 0.16772895562745155 0.17018726448756402 0.1726455733476765 0.17510388220778897 0.17756219106790144 0.18002049992801392 0.1824788087881264 0.18374896781852632 0.18374896781852632 0.18374896781852632 0.18374896781852632 0.18374896781852632 0.18374896781852632 0.18374896781852632 0.18374896781852632 0.18374896781852632 0.18374896781852632 0.18374896781852632 0.18374896781852632 0.17634817195229102
0.44245951829090185 0.43741981745169795 0.43741981745169795 0.43741981745169795 0.43741981745169795 0.43741981745169795 0.43741981745169795 0.43741981745169795 0.43741981745169795 0.43741981745169795 0.43741981745169795 0.43741981745169795 0.43741981745169795 0.4254244840134277 0.40060586798091846 0.3757872519483669 0.35096863591585764 0.32615001988334835 0.3013314038508391 0.2765127878183299 0.25169417178582065 0.2268755557533114 0.20205693972080213 0.1772383236882929 0.15241970765578366 0.14023906912090484 0.1415687142323972 0.14289835934388956 0.14422800445538417 0.14555764956687653 0.1468872946783689 0.14821693978986122 0.14954658490135359 0.15087623001284595 0.1522058751243383 0.15353552023583067 0.15486516534732303 0.1555521663881572 0.1555521663881572 0.1555521663881572 0.1555521663881572 0.1555521663881572 0.1555521663881572 0.1555521663881572 0.1555521663881572 0.1555521663881572 0.1555521663881572 0.1555521663881572 0.1555521663881572 0.14928704368484833
0.37263922850662745 0.36862518264039607 0.36862518264039607 0.36862518264039607 0.36862518264039607 0.36862518264039607 0.36862518264039607 0.36862518264039607 0.36862518264039607 0.36862518264039607 0.36862518264039607 0.36862518264039607 0.36862518264039607 0.358810500356143 0.33850370085386305 0.3181969013515485 0.29789010184926856 0.2775833023469887 0.25727650284470877 0.23696970334242884 0.2166629038401489 0.19635610433786901 0.1760493048355891 0.15574250533330916 0.13543570583102923 0.1250407269149376 0.12524170827781078 0.125442689640684 0.12564367100355756 0.12584465236643075 0.12604563372930394 0.12624661509217716 0.12644759645505035 0.12664857781792357 0.12684955918079677 0.12705054054367 0.12725152190654318 0.1273553649578121 0.1273553649578121 0.1273553649578121 0.1273553649578121 0.1273553649578121 0.1273553649578121 0.1273553649578121 0.1273553649578121 0.1273553649578121 0.1273553649578121 0.1273553649578121 0.1273553649578121 0.12222591541742871
0.302818938722353 0.29983054782909413 0.29983054782909413 0.29983054782909413 0.29983054782909413 0.29983054782909413 0.29983054782909413 0.29983054782909413 0.29983054782909413 0.29983054782909413 0.29983054782909413 0.29983054782909413 0.29983054782909413 0.2921965166988582 0.27640153372680765 0.2606065507547301 0.24481156778267954 0.22901658481062895 0.21322160183857836 0.1974266188665278 0.1816316358944772 0.1658366529224266 0.15004166995037604 0.13424668697832545 0.11845170400627486 0.10984238470897033 0.10891470232322438 0.10798701993747843 0.1070593375517309 0.10613165516598497 0.10520397278023902 0.10427629039449307 0.10334860800874712 0.10242092562300119 0.10149324323725524 0.10056556085150929 0.09963787846576336 0.099158563527467 0.099158563527467 0.099158563527467 0.099158563527467 0.099158563527467 0.099158563527467 0.099158563527467 0.099158563527467 0.099158563527467 0.099158563527467 0.099158563527467 0.099158563527467 0.09516478715000908
0.23299864893807862 0.23103591301779228 0.23103591301779228 0.23103591301779228 0.23103591301779228 0.23103591301779228 0.23103591301779228 0.23103591301779228 0.23103591301779228 0.23103591301779228 0.23103591301779228 0.23103591301779228 0.23103591301779228 0.22558253304157352 0.21429936659975227 0.20301620015791177 0.19173303371609052 0.18044986727426926 0.169166700832448 0.15788353439062675 0.1466003679488055 0.13531720150698423 0.12403403506516297 0.11275086862334172 0.10146770218152046 0.09464404250300307 0.09258769636863798 0.09053135023427288 0.08847500409990428 0.08641865796553919 0.0843623118311741 0.082305965696809 0.0802496195624439 0.0781932734280788 0.07613692729371371 0.07408058115934862 0.07202423502498354 0.07096176209712192 0.07096176209712192 0.07096176209712192 0.07096176209712192 0.07096176209712192 0.07096176209712192 0.07096176209712192 0.07096176209712192 0.07096176209712192 0.07096176209712192 0.07096176209712192 0.07096176209712192 0.06810365888258946
0.1631783591538042 0.16224127820649037 0.16224127820649037 0.16224127820649037 0.16224127820649037 0.16224127820649037 0.16224127820649037 0.16224127820649037 0.16224127820649037 0.16224127820649037 0.16224127820649037 0.16224127820649037 0.16224127820649037 0.1589685493842888 0.1521971994726969 0.1454258495610934 0.1386544996495015 0.13188314973790954 0.12511179982631762 0.1183404499147257 0.11156910000313378 0.10479775009154185 0.09802640017994993 0.091255050268358 0.08448370035676608 0.07944570029703582 0.07626069041405158 0.07307568053106733 0.06989067064807765 0.0667056607650934 0.06352065088210916 0.06033564099912492 0.057150631116140674 0.05396562123315643 0.050780611350172186 0.047595601467187935 0.04441059158420369 0.042764960666776826 0.042764960666776826 0.042764960666776826 0.042764960666776826 0.042764960666776826 0.042764960666776826 0.042764960666776826 0.042764960666776826 0.042764960666776826 0.042764960666776826 0.042764960666776826 0.042764960666776826 0.041042530615169825
0.09335806936952976 0.09344664339518846 0.09344664339518846 0.09344664339518846 0.09344664339518846 0.09344664339518846 0.09344664339518846 0.09344664339518846 0.09344664339518846 0.09344664339518846 0.09344664339518846 0.09344664339518846 0.09344664339518846 0.09235456572700407 0.09009503234564148 0.08783549896427503 0.08557596558291243 0.08331643220154984 0.08105689882018725 0.07879736543882465 0.07653783205746206 0.07427829867609947 0.07201876529473689 0.06975923191337428 0.0674996985320117 0.06424735809106856 0.05993368445946517 0.05562001082786178 0.05130633719625102 0.04699266356464763 0.04267898993304424 0.03836531630144084 0.03405164266983745 0.029737969038234058 0.02542429540663066 0.021110621775027268 0.01679694814342387 0.014568159236431738 0.014568159236431738 0.014568159236431738 0.014568159236431738 0.014568159236431738 0.014568159236431738 0.014568159236431738 0.014568159236431738 0.014568159236431738 0.014568159236431738 0.014568159236431738 0.014568159236431738 0.013981402347750204
0.05694088087471065 0.05557096309962306 0.05557096309962306 0.05557096309962306 0.05557096309962306 0.05557096309962306 0.05557096309962306 0.05557096309962306 0.05557096309962306 0.05557096309962306 0.05557096309962306 0.05557096309962306 0.05557096309962306 0.055834201158821026 0.056378846653671 0.05692349214852191 0.057468137643371886 0.05801278313822186 0.05855742863307184 0.059102074127921816 0.0596467196227718 0.06019136511762178 0.060736010612471754 0.06128065610732173 0.06182530160217171 0.05970385209142905 0.05473228674842733 0.049760721405425624 0.04478915606241543 0.03981759071941372 0.03484602537641201 0.029874460033410294 0.02490289469040858 0.01993132934740687 0.014959764004405157 0.009988198661403443 0.005016633318401735 0.0024479249196742853 0.0024479249196742853 0.0024479249196742853 0.0024479249196742853 0.0024479249196742853 0.0024479249196742853 0.0024479249196742853 0.0024479249196742853 0.0024479249196742853 0.0024479249196742853 0.0024479249196742853 0.0024479249196742853 0.0023493306644713275
0.05622950163452069 0.050745695779938836 0.050745695779938836 0.050745695779938836 0.050745695779938836 0.050745695779938836 0.050745695779938836 0.050745695779938836 0.050745695779938836 0.050745695779938836 0.050745695779938836 0.050745695779938836 0.050745695779938836 0.05148201803181312 0.053005485415150454 0.05452895279849039 0.056052420181827725 0.05757588756516506 0.059099354948502394 0.06062282233183973 0.062146289715177064 0.0636697570985144 0.06519322448185173 0.06671669186518907 0.0682401592485264 0.06654969422223199 0.06142346279403257 0.056297231365833145 0.051170999937624986 0.04604476850942557 0.040918537081226156 0.03579230565302673 0.030666074224827318 0.025539842796627903 0.020413611368428487 0.015287379940229065 0.01016114851202965 0.007512527239863891 0.007512527239863891 0.007512527239863891 0.007512527239863891 0.007512527239863891 0.007512527239863891 0.007512527239863891 0.007512527239863891 0.007512527239863891 0.007512527239863891 0.007512527239863891 0.007512527239863891 0.0072099476868909725
0.05551812239433071 0.045920428460254605 0.045920428460254605 0.045920428460254605 0.045920428460254605 0.045920428460254605 0.045920428460254605 0.045920428460254605 0.045920428460254605 0.045920428460254605 0.045920428460254605 0.045920428460254605 0.045920428460254605 0.04712983490480521 0.049632124176629905 0.05213441344845886 0.05463670272028355 0.05713899199210824 0.059641281263932935 0.06214357053575763 0.06464585980758232 0.06714814907940701 0.0696504383512317 0.0721527276230564 0.07465501689488109 0.07339553635303492 0.0681146388396378 0.06283374132624067 0.05755284381283455 0.05227194629943743 0.04699104878604031 0.04171015127264319 0.036429253759246064 0.03114835624584894 0.025867458732451817 0.0205865612190547 0.015305663705657578 0.012577129560053496 0.012577129560053496 0.012577129560053496 0.012577129560053496 0.012577129560053496 0.012577129560053496 0.012577129560053496 0.012577129560053496 0.012577129560053496 0.012577129560053496 0.012577129560053496 0.012577129560053496 0.012070564709310618
