Figures/CREST_Example_wjb_NSE/Rolling_result/20100722/BJP_forecast/ens_43/wjb.rain.20100724.asc
ncols            288
nrows            254
xllcorner        113.274861
yllcorner        31.4918055
cellsize         0.008333333333
NODATA_value     -9999
[rows 189 to 209 of 254, columns 47 to 93 of 288]
-9999.0 -9999.0 -9999.0 -9999.0 -9999.0 -9999.0 -9999.0 -9999.0 -9999.0 -9999.0 -9999.0 -9999.0 -9999.0 0.559769920734251 0.559769920734251 0.559769920734251 0.589807685043303 0.5680413787415585 0.5462750724397767 0.5245087661380322 0.5027424598362876 0.48097615353454304 0.45920984723279845 0.43744354093105386 0.4156772346293093 0.3939109283275647 0.3721446220258201 0.3503783157240755 0.3254729900355721 0.29721198166014173 0.2689509732847114 0.24068996490923283 0.21242895653380248 0.18416794815837212 0.15590693978294176 0.1276459314075114 0.09938492303208105 0.07112391465665069 0.0428629062812203 0.014601897905789973 0.0 0.0 0.0 0.0 0.0 0.0 0.0
-9999.0 -9999.0 -9999.0 -9999.0 -9999.0 -9999.0 -9999.0 -9999.0 -9999.0 -9999.0 -9999.0 -9999.0 0.559769920734251 0.559769920734251 0.559769920734251 0.559769920734251 0.5796880626468749 0.5588467557717285 0.5380054488965464 0.5171641420213999 0.49632283514625347 0.475481528271107 0.4546402213959605 0.43379891452081404 0.4129576076456676 0.39211630077052106 0.3712749938953746 0.35043368702022815 0.32598481049192957 0.29767936044961235 0.2693739104072951 0.2410684603649296 0.21276301032261236 0.18445756028029514 0.1561521102379779 0.12784666019566066 0.09954121015334344 0.07123576011102617 0.042930310068708954 0.01462486002639174 0.0 0.0 0.0 0.0 0.0 0.0 0.0
-9999.0 -9999.0 -9999.0 -9999.0 -9999.0 -9999.0 -9999.0 -9999.0 -9999.0 -9999.0 -9999.0 -9999.0 0.559769920734251 0.559769920734251 0.559769920734251 0.559769920734251 0.569568440250447 0.5496521328018985 0.5297358253533162 0.5098195179047678 0.48990321045621943 0.46998690300767104 0.45007059555912265 0.43015428811057427 0.4102379806620259 0.39032167321347755 0.3704053657649291 0.3504890583163808 0.32649663094828707 0.29814673923908297 0.26979684752987887 0.24144695582062642 0.21309706411142232 0.1847471724022182 0.1563972806930141 0.12804738898381 0.09969749727460586 0.07134760556540176 0.04299771385619766 0.014647822146993561 0.0 0.0 0.0 0.0 0.0 0.0 0.0
-9999.0 -9999.0 -9999.0 -9999.0 -9999.0 -9999.0 -9999.0 -9999.0 -9999.0 -9999.0 -9999.0 -9999.0 0.559769920734251 0.559769920734251 0.559769920734251 0.559769920734251 0.5594488178540188 0.5404575098320685 0.5214662018100858 0.5024748937881356 0.4834835857661853 0.464492277744235 0.44550096972228476 0.42650966170033444 0.4075183536783842 0.3885270456564339 0.36953573763448366 0.35054442961253335 0.3270084514046446 0.2986141180285536 0.2702197846524626 0.2418254512763232 0.21343111790023223 0.18503678452414124 0.15664245114805025 0.12824811777195927 0.09985378439586831 0.0714594510197773 0.04306511764368631 0.014670784267595383 0.0 0.0 0.0 0.0 0.0 0.0 0.0
-9999.0 -9999.0 -9999.0 -9999.0 -9999.0 -9999.0 -9999.0 -9999.0 -9999.0 -9999.0 0.559769920734251 0.559769920734251 0.559769920734251 0.559769920734251 0.559769920734251 0.559769920734251 0.5391445834564315 0.5207475920195501 0.5023506005826375 0.48395360914575614 0.4655566177088748 0.4471596262719935 0.42876263483511223 0.4103656433982309 0.39196865196134967 0.37357166052446833 0.355174669087587 0.3367776776507057 0.3140908819979898 0.2868181886607597 0.2595454953235296 0.23227280198625305 0.20500010864902296 0.1777274153117929 0.1504547219745628 0.12318202863733274 0.09590933530010268 0.06863664196287261 0.04136394862564252 0.01409125528841243 0.0 0.0 0.0 0.0 0.0 0.0 0.0
-9999.0 -9999.0 -9999.0 -9999.0 -9999.0 -9999.0 -9999.0 -9999.0 -9999.0 -9999.0 0.559769920734251 0.559769920734251 0.559769920734251 0.559769920734251 0.559769920734251 0.559769920734251 0.5079536407683417 0.4897974868019606 0.4716413328355485 0.4534851788691674 0.43532902490278624 0.4171728709364051 0.399016716970024 0.38086056300364285 0.36270440903726175 0.3445482550708806 0.32639210110449945 0.3082359471381183 0.2868181412857082 0.26191355583235043 0.23700897037899266 0.21210438492559242 0.18719979947223464 0.16229521401887687 0.1373906285655191 0.11248604311216132 0.08758145765880354 0.0626768722054458 0.03777228675208799 0.012867701298730216 0.0 0.0 0.0 0.0 0.0 0.0 0.0
-9999.0 -9999.0 -9999.0 -9999.0 -9999.0 -9999.0 -9999.0 -9999.0 -9999.0 -9999.0 -9999.0 0.559769920734251 0.559769920734251 0.559769920734251 0.559769920734251 0.559769920734251 0.47676269808026533 0.45884738158438426 0.44093206508847266 0.4230167485925916 0.40510143209671057 0.3871861156008295 0.3692707991049484 0.35135548260906735 0.3334401661131863 0.3155248496173052 0.2976095331214242 0.2796942166255431 0.2595454005734383 0.2370089230039518 0.2144724454344653 0.19193596786494038 0.16939949029545393 0.14686301272596744 0.12432653515648096 0.10179005758699447 0.07925358001750801 0.05671710244802153 0.03418062487853504 0.011644147309048558 0.0 0.0 0.0 0.0 0.0 0.0 0.0
-9999.0 -9999.0 -9999.0 -9999.0 -9999.0 -9999.0 -9999.0 -9999.0 -9999.0 -9999.0 -9999.0 0.559769920734251 0.559769920734251 0.559769920734251 0.559769920734251 0.559769920734251 0.4455717553921889 0.4278972763668079 0.41022279734139677 0.39254831831601583 0.37487383929063484 0.35719936026525384 0.33952488123987284 0.32185040221449185 0.30417592318911085 0.28650144416372986 0.26882696513834886 0.25115248611296787 0.23227265986116832 0.21210429017555313 0.19193592048993796 0.17176755080428838 0.1515991811186732 0.13143081143305801 0.11126244174744282 0.09109407206182765 0.07092570237621246 0.05075733269059726 0.030588963004982095 0.0104205933193669 0.0 0.0 0.0 0.0 0.0 0.0 0.0
-9999.0 -9999.0 -9999.0 -9999.0 -9999.0 -9999.0 -9999.0 -9999.0 -9999.0 -9999.0 -9999.0 0.559769920734251 0.559769920734251 0.559769920734251 0.559769920734251 0.559769920734251 0.41438081270409927 0.3969471711492184 0.3795135295943079 0.36207988803942703 0.3446462464845462 0.3272126049296654 0.3097789633747846 0.2923453218199038 0.27491168026502294 0.25747803871014213 0.2400443971552613 0.2226107556003805 0.20499991914888677 0.1871996573471439 0.16939939554540098 0.15159913374362777 0.1337988719418849 0.115998610140142 0.0981983483383991 0.08039808653665623 0.06259782473491335 0.04479756293317047 0.026997301131427592 0.009197039329684686 0.0 0.0 0.0 0.0 0.0 0.0 0.0
-9999.0 -9999.0 -9999.0 -9999.0 -9999.0 -9999.0 -9999.0 -9999.0 -9999.0 -9999.0 -9999.0 0.559769920734251 0.559769920734251 0.559769920734251 0.559769920734251 0.559769920734251 0.3831898700160229 0.36599706593164216 0.34880426184723207 0.3316114577628513 0.31441865367847055 0.2972258495940898 0.28003304550970903 0.26284024142532825 0.24564743734094752 0.22845463325656676 0.211261829172186 0.19406902508780524 0.1777271784366168 0.16229502451874522 0.14686287060087364 0.13143071668297573 0.11599856276510415 0.10056640884723256 0.08513425492936097 0.06970210101148938 0.05426994709361779 0.038837793175746205 0.023405639257874616 0.007973485340003028 0.0 0.0 0.0 0.0 0.0 0.0 0.0
-9999.0 -9999.0 -9999.0 -9999.0 -9999.0 -9999.0 -9999.0 0.559769920734251 0.559769920734251 0.559769920734251 0.559769920734251 0.559769920734251 0.559769920734251 0.559769920734251 0.559769920734251 0.559769920734251 0.3519989273279465 0.3350469607140658 0.31809499410015624 0.3011430274862755 0.2841910608723949 0.26723909425851416 0.25028712764463346 0.23333516103075277 0.2163831944168721 0.1994312278029914 0.1824792611891107 0.16552729457523002 0.15045443772434686 0.13739039169034656 0.12432634565634629 0.1112622996223237 0.09819825358832342 0.08513420755432312 0.07207016152032283 0.059006115486322536 0.04594206945232225 0.03287802341832195 0.019813977384321668 0.00674993135032137 0.0 0.0 0.0 0.0 0.0 0.0 0.0
-9999.0 -9999.0 -9999.0 -9999.0 -9999.0 -9999.0 -9999.0 0.559769920734251 0.559769920734251 0.559769920734251 0.559769920734251 0.559769920734251 0.559769920734251 0.559769920734251 0.559769920734251 0.559769920734251 0.3208079846398568 0.3040968554964763 0.2873857263530673 0.2706745972096868 0.25396346806630626 0.23725233892292574 0.22054120977954522 0.2038300806361647 0.18711895149278418 0.1704078223494037 0.15369669320602317 0.13698556406264265 0.1231816970120653 0.11248575886193732 0.10178982071180932 0.09109388256166309 0.08039794441153511 0.06970200626140712 0.059006068111279134 0.04831012996115114 0.03761419181102316 0.02691825366089516 0.016222315510767166 0.005526377360639184 0.0 0.0 0.0 0.0 0.0 0.0 0.0
-9999.0 -9999.0 -9999.0 -9999.0 -9999.0 -9999.0 0.559769920734251 0.559769920734251 0.559769920734251 0.559769920734251 0.559769920734251 0.559769920734251 0.559769920734251 0.559769920734251 0.559769920734251 0.559769920734251 0.2896170419517804 0.27314675027889995 0.2566764586059914 0.24020616693311098 0.22373587526023053 0.2072655835873501 0.19079529191446964 0.1743250002415892 0.15785470856870873 0.14138441689582829 0.12491412522294784 0.1084438335500674 0.09590895629979536 0.08758112603353865 0.07925329576728196 0.07092546550101107 0.06259763523475437 0.054269804968497676 0.045941974702240984 0.037614144435984286 0.029286314169727587 0.020958483903470895 0.012630653637214204 0.004302823370957512 0.0 0.0 0.0 0.0 0.0 0.0 0.0
-9999.0 -9999.0 -9999.0 -9999.0 -9999.0 0.559769920734251 0.559769920734251 0.559769920734251 0.559769920734251 0.559769920734251 0.559769920734251 0.559769920734251 0.559769920734251 0.559769920734251 0.559769920734251 0.559769920734251 0.2584260992637041 0.24219664506132368 0.22596719085891562 0.20973773665653522 0.19350828245415486 0.17727882825177446 0.16104937404939407 0.1448199198470137 0.1285904656446333 0.11236101144225291 0.09613155723987252 0.07990210303749215 0.06863621558752542 0.06267649320514002 0.05671677082275462 0.050757048440359054 0.04479732605797365 0.03883760367558825 0.03287788129320285 0.026918158910817454 0.020958436528432052 0.01499871414604665 0.009038991763661249 0.00307926938127584 0.0 0.0 0.0 0.0 0.0 0.0 0.0
-9999.0 -9999.0 -9999.0 -9999.0 -9999.0 -9999.0 0.559769920734251 0.559769920734251 0.559769920734251 0.559769920734251 0.559769920734251 0.559769920734251 0.559769920734251 0.559769920734251 0.559769920734251 0.559769920734251 0.22723515657562765 0.21124653984374736 0.19525792311183976 0.17926930637995944 0.16328068964807912 0.1472920729161988 0.1313034561843185 0.11531483945243817 0.09932622272055786 0.08333760598867754 0.06734898925679722 0.0513603725249169 0.041363474875255477 0.037771860376741365 0.03418024587822726 0.030588631379707028 0.02699701688119292 0.023405402382678814 0.019813787884164706 0.0162221733856506 0.012630558887136493 0.009038944388622384 0.0054473298901082795 0.0018557153915941746 0.0 0.0 0.0 0.0 0.0 0.0 0.0
-9999.0 -9999.0 -9999.0 -9999.0 -9999.0 -9999.0 -9999.0 0.559769920734251 0.559769920734251 0.559769920734251 0.559769920734251 0.559769920734251 0.559769920734251 0.559769920734251 0.559769920734251 0.559769920734251 0.19604421388753798 0.18029643462615785 0.16454865536475083 0.1488008761033707 0.13305309684199054 0.1173053175806104 0.10155753831923026 0.08580975905785011 0.07006197979646997 0.05431420053508981 0.038566421273709656 0.022818642012329526 0.01409073416297391 0.012867227548332106 0.011643720933690302 0.010420214319046411 0.009196707704404608 0.007973201089762804 0.006749694475121 0.005526187860479197 0.004302681245837393 0.0030791746311955893 0.0018556680165537857 0.000632161401911982 0.0 0.0 0.0 0.0 0.0 0.0 0.0
-9999.0 -9999.0 -9999.0 -9999.0 -9999.0 -9999.0 -9999.0 0.559769920734251 0.559769920734251 0.559769920734251 0.559769920734251 0.559769920734251 0.559769920734251 0.559769920734251 0.559769920734251 0.559769920734251 0.559769920734251 0.559769920734251 0.559769920734251 0.559769920734251 0.559769920734251 0.559769920734251 0.559769920734251 0.559769920734251 0.559769920734251 0.559769920734251 0.559769920734251 0.559769920734251 0.004939839265962451 0.004510910159269492 0.004081981052576532 0.00365305194588284 0.00322412283918988 0.00279519373249692 0.00236626462580396 0.001937335519111 0.0015084064124180402 0.0010794773057250804 0.0006505481990321197 0.0002216190923391599 0.559769920734251 0.559769920734251 0.559769920734251 0.559769920734251 0.559769920734251 0.559769920734251 0.559769920734251
-9999.0 -9999.0 -9999.0 -9999.0 -9999.0 -9999.0 -9999.0 -9999.0 -9999.0 0.559769920734251 0.559769920734251 0.559769920734251 0.559769920734251 0.559769920734251 0.559769920734251 0.559769920734251 0.559769920734251 0.559769920734251 0.559769920734251 0.559769920734251 0.559769920734251 0.559769920734251 0.559769920734251 0.559769920734251 0.559769920734251 0.559769920734251 0.559769920734251 0.559769920734251 0.015160055358032158 0.013843698964223538 0.012527342570414917 0.011210986176604052 0.009894629782795431 0.00857827338898681 0.00726191699517819 0.0059455606013695695 0.004629204207560949 0.0033128478137523284 0.001996491419943708 0.0006801350261350873 0.559769920734251 0.559769920734251 0.559769920734251 0.559769920734251 0.559769920734251 0.559769920734251 0.559769920734251
-9999.0 -9999.0 -9999.0 -9999.0 -9999.0 -9999.0 -9999.0 -9999.0 -9999.0 -9999.0 0.559769920734251 0.559769920734251 0.559769920734251 0.559769920734251 0.559769920734251 0.559769920734251 0.559769920734251 0.559769920734251 0.559769920734251 0.559769920734251 0.559769920734251 0.559769920734251 0.559769920734251 0.559769920734251 0.559769920734251 0.559769920734251 0.559769920734251 0.559769920734251 0.025380271450106233 0.023176487769181575 0.020972704088256914 0.018768920407328495 0.016565136726403834 0.014361353045479175 0.012157569364554513 0.009953785683629854 0.007750002002705193 0.005546218321780531 0.0033424346408558736 0.0011386509599312124 0.559769920734251 0.559769920734251 0.559769920734251 0.559769920734251 0.559769920734251 0.559769920734251 0.559769920734251
-9999.0 -9999.0 -9999.0 -9999.0 -9999.0 -9999.0 -9999.0 -9999.0 -9999.0 -9999.0 0.559769920734251 0.559769920734251 0.559769920734251 0.559769920734251 0.559769920734251 0.559769920734251 0.559769920734251 0.559769920734251 0.559769920734251 0.559769920734251 0.559769920734251 0.559769920734251 0.559769920734251 0.559769920734251 0.559769920734251 0.559769920734251 0.559769920734251 0.559769920734251 0.03560048754217596 0.03250927657413563 0.02941806560609531 0.026326854638049717 0.023235643670009395 0.020144432701969073 0.01705322173392875 0.01396201076588843 0.010870799797848107 0.0077795888298077855 0.0046883778617674635 0.001597166893727145 0.559769920734251 0.559769920734251 0.559769920734251 0.559769920734251 0.559769920734251 0.559769920734251 0.559769920734251
-9999.0 -9999.0 -9999.0 -9999.0 -9999.0 -9999.0 -9999.0 -9999.0 -9999.0 -9999.0 -9999.0 0.559769920734251 0.559769920734251 0.559769920734251 0.559769920734251 0.559769920734251 0.559769920734251 0.559769920734251 0.559769920734251 0.559769920734251 0.559769920734251 0.559769920734251 0.559769920734251 0.559769920734251 0.559769920734251 0.559769920734251 0.559769920734251 0.559769920734251 0.04582070363424566 0.04184206537908968 0.037863427123933695 0.03388478886877093 0.029906150613614946 0.025927512358458967 0.021948874103302984 0.017970235848147 0.013991597592991019 0.01001295933783504 0.006034321082679053 0.002055682827523074 0.559769920734251 0.559769920734251 0.559769920734251 0.559769920734251 0.559769920734251 0.559769920734251 0.559769920734251
