Figures/CREST_Example_wjb_NSE/Rolling_result/20100722/BJP_forecast/ens_43/wjb.rain.20100725.asc
ncols            288
nrows            254
xllcorner        113.274861
yllcorner        31.4918055
cellsize         0.008333333333
NODATA_value     -9999
[rows 120 to 139 of 254, columns 88 to 131 of 288]
0.4096085385808997 0.47136657632012796 0.5331246140593563 0.5948826517986898 0.6566406895379182 0.7183987272771464 0.7801567650163748 0.8419148027556029 0.9036728404948313 0.9654308782340597 1.0271889159732879 1.0923228977310724 1.1610658399770801 1.229808782223088 1.2985517244690958 1.3672946667151038 1.4360376089612288 1.5047805512072367 1.5735234934532447 1.6422664356992525 1.7110093779452602 1.7797523201912682 1.8484952624372761 1.9093749876673407 1.9618487560984976 2.0143225245296543 2.0667962929608112 2.119270061391968 2.171743829823125 2.2242175982543717 2.2766913666855286 2.3291651351166855 2.3816389035478425 2.4341126719789994 2.4865864404101563 2.49335268563914 2.4512565548990026 2.4091604241588653 2.367064293418728 2.3249681626785907 2.2828720319384534 2.240775901198316 2.1986797704581074 2.15658363971797
0.41084240733880373 0.47372277952258823 0.5366031517063727 0.5994835238902645 0.662363896074049 0.7252442682578336 0.7881246404416181 0.8510050126254027 0.9138853848091872 0.9767657569929717 1.0396461291767563 1.1008135327161874 1.1601497340434201 1.219485935370653 1.2788221366978858 1.3381583380251187 1.397494539352453 1.4568307406796857 1.5161669420069186 1.5755031433341515 1.6348393446613843 1.694175545988617 1.75351174731585 1.8096084636466143 1.862242097262529 1.9148757308784439 1.9675093644943586 2.0201429981102734 2.072776631726188 2.1254102653421927 2.1780438989581077 2.2306775325740222 2.283311166189937 2.335944799805852 2.388578433421767 2.4000430925472913 2.3674971869149135 2.3349512812825357 2.302405375650158 2.26985947001778 2.2373135643854023 2.2047676587530245 2.172221753120591 2.1396758474882134
0.3972041214483916 0.4564212605229494 0.5156383995975072 0.574855538672166 0.6340726777467238 0.6932898168212815 0.7525069558958394 0.8117240949703972 0.8709412340449549 0.9301583731195129 0.9893755121940706 1.0445114704677192 1.0952845541869263 1.1460576379061334 1.1968307216253404 1.2476038053445473 1.298376889063841 1.349149972783048 1.3999230565022551 1.4506961402214622 1.5014692239406693 1.5522423076598764 1.6030153913790834 1.6531363716382934 1.7025602385529222 1.751984105467551 1.8014079723821799 1.8508318392968086 1.9002557062114374 1.9496795731261505 1.9991034400407792 2.0485273069554077 2.0979511738700367 2.1473750407846657 2.196798907699294 2.2132599296467173 2.19448292487641 2.1757059201061026 2.1569289153357953 2.138151910565488 2.1193749057951807 2.1005979010248734 2.0818208962545337 2.0630438914842264
0.3835658355579795 0.43911974152331057 0.4946736474886416 0.5502275534540674 0.6057814594193984 0.6613353653847295 0.7168892713500605 0.7724431773153916 0.8279970832807226 0.8835509892460536 0.9391048952113847 0.9882094082192507 1.0304193743304322 1.0726293404416134 1.1148393065527946 1.157049272663976 1.1992592387752292 1.2414692048864104 1.2836791709975919 1.325889137108773 1.3680991032199543 1.4103090693311358 1.452519035442317 1.4966642796299727 1.5428783798433154 1.5890924800566582 1.6353065802700009 1.6815206804833438 1.7277347806966863 1.7739488809101078 1.8201629811234508 1.8663770813367933 1.9125911815501362 1.9588052817634787 2.0050193819768216 2.0264767667461427 2.021468662837906 2.016460558929669 2.0114524550214323 2.0064443511131955 2.0014362472049587 1.996428143296722 1.9914200393884764 1.9864119354802396
0.36992754966755576 0.42181822252365697 0.47370889537975813 0.5255995682359478 0.577490241092049 0.6293809139481502 0.6812715868042514 0.7331622596603526 0.7850529325164537 0.836943605372555 0.8888342782286562 0.9319073459707344 0.9655541944738826 0.9992010429770308 1.032847891480179 1.0664947399833273 1.1001415884865329 1.1337884369896811 1.1674352854928292 1.2010821339959774 1.2347289824991257 1.268375831002274 1.3020226795054222 1.3401921876215186 1.3831965211335724 1.4262008546456264 1.4692051881576804 1.5122095216697344 1.5552138551817882 1.5982181886939155 1.6412225222059695 1.6842268557180233 1.7272311892300773 1.7702355227421314 1.8132398562541852 1.8396936038454086 1.848454400799254 1.8572151977530997 1.8659759947069452 1.8747367916607907 1.8834975886146361 1.8922583855684816 1.9010191825223421 1.9097799794761876
0.3562892637771436 0.40451670352401803 0.4527441432708925 0.5009715830178492 0.5491990227647237 0.597426462511598 0.6456539022584725 0.6938813420053469 0.7421087817522214 0.7903362214990959 0.8385636612459703 0.8756052837222661 0.9006890146173886 0.925772745512511 0.9508564764076335 0.9759402073027559 1.0010239381979211 1.0261076690930435 1.051191399988166 1.0762751308832885 1.101358861778411 1.1264425926735333 1.1515263235686557 1.183720095613198 1.223514662423966 1.2633092292347337 1.3031037960455016 1.3428983628562696 1.3826929296670374 1.4224874964778733 1.462282063288641 1.502076630099409 1.5418711969101768 1.5816657637209448 1.6214603305317126 1.6529104409448343 1.6754401387607503 1.6979698365766664 1.7204995343925824 1.7430292322084984 1.7655589300244146 1.7880886278403305 1.8106183256562849 1.833148023472201
0.3426509778867315 0.3872151845243792 0.4317793911620269 0.47634359779975055 0.5209078044373983 0.565472011075046 0.6100362177126937 0.6546004243503414 0.6991646309879891 0.7437288376256368 0.7882930442632845 0.8193032214737979 0.8358238347608945 0.8523444480479911 0.8688650613350878 0.8853856746221844 0.9019062879093093 0.9184269011964059 0.9349475144835026 0.9514681277705992 0.9679887410576958 0.9845093543447925 1.0010299676318892 1.027248003604877 1.063832803714359 1.100417603823841 1.1370024039333226 1.1735872040428046 1.2101720041522863 1.2467568042618307 1.2833416043713126 1.3199264044807943 1.356511204590276 1.393096004699758 1.42968080480924 1.4661272780442596 1.5024258767222463 1.538724475400233 1.5750230740782194 1.611321672756206 1.6476202714341928 1.6839188701121792 1.7202174687902279 1.7565160674682143
0.32901269199631933 0.3699136655247403 0.4108146390531613 0.45171561258165194 0.492616586110073 0.5335175596384939 0.5744185331669149 0.6153195066953359 0.6562204802237568 0.6971214537521777 0.7380224272805986 0.7630011592253295 0.7709586549044004 0.7789161505834713 0.7868736462625422 0.794831141941613 0.8027886376206974 0.8107461332997683 0.8187036289788392 0.8266611246579101 0.834618620336981 0.8425761160160519 0.8505336116951226 0.8707759115965563 0.9041509450047522 0.937525978412948 0.9709010118211439 1.0042760452293398 1.0376510786375355 1.0710261120457882 1.1044011454539842 1.1377761788621799 1.1711512122703758 1.2045262456785717 1.2379012790867674 1.2793441151436853 1.3294116146837425 1.3794791142237994 1.4295466137638566 1.4796141133039138 1.5296816128439708 1.579749112384028 1.6298166119241704 1.6798841114642276
0.3153744061059072 0.3526121465251014 0.3898498869442957 0.4270876273635534 0.4643253677827476 0.5015631082019418 0.538800848621136 0.5760385890403302 0.6132763294595245 0.6505140698787186 0.6877518102979129 0.7066990969768613 0.7060934750479063 0.7054878531189515 0.7048822311899965 0.7042766092610416 0.7036709873320857 0.7030653654031308 0.7024597434741758 0.701854121545221 0.701248499616266 0.7006428776873111 0.7000372557583562 0.7143038195882356 0.7444690862951454 0.7746343530020552 0.8047996197089651 0.8349648864158749 0.8651301531227846 0.8952954198297458 0.9254606865366557 0.9556259532435655 0.9857912199504753 1.0159564866573851 1.0461217533642948 1.0925609522431108 1.1563973526452385 1.2202337530473661 1.2840701534494938 1.3479065538516215 1.4117429542537492 1.4755793546558766 1.5394157550581131 1.6032521554602408
0.3017361202154951 0.3353106275254626 0.36888513483543006 0.4024596421454548 0.4360341494554223 0.46960865676538976 0.5031831640753572 0.5367576713853246 0.5703321786952922 0.6039066860052597 0.6374811933152271 0.6503970347283929 0.6412282951914122 0.6320595556544316 0.6228908161174509 0.6137220765804702 0.6045533370434739 0.5953845975064932 0.5862158579695125 0.5770471184325318 0.5678783788955512 0.5587096393585704 0.5495408998215897 0.557831727579915 0.5847872275855387 0.6117427275911624 0.6386982275967862 0.6656537276024099 0.6926092276080337 0.7195647276137034 0.7465202276193271 0.7734757276249509 0.8004312276305747 0.8273867276361984 0.8543422276418222 0.9057777893425363 0.9833830906067345 1.0609883918709326 1.1385936931351308 1.216198994399329 1.2938042956635272 1.3714095969277253 1.4490148981920559 1.526620199456254
0.28809783432508296 0.3180091085258237 0.34792038272656445 0.3778316569273562 0.4077429311280969 0.43765420532883764 0.4675654795295784 0.49747675373031913 0.5273880279310599 0.5572993021318006 0.5872105763325413 0.5940949724799247 0.5763631153349182 0.5586312581899118 0.5408994010449053 0.5231675438998988 0.5054356867548621 0.48770382960985564 0.4699719724648492 0.4522401153198427 0.43450825817483624 0.41677640102982977 0.3990445438848233 0.4013596355715942 0.4251053688759319 0.44885110218026963 0.47259683548460735 0.49634256878894506 0.5200883020932828 0.543834035397661 0.5675797687019988 0.5913255020063365 0.6150712353106742 0.6388169686150119 0.6625627019193496 0.7189946264419619 0.8103688285682306 0.9017430306944992 0.993117232820768 1.0844914349470367 1.1758656370733054 1.267239839199574 1.3586140413259986 1.4499882434522673
0.27445954843465925 0.3007075895261701 0.32695563061768096 0.3532036717092366 0.37945171280074746 0.4056997538922583 0.43194779498376923 0.45819583607528 0.48444387716679094 0.5106919182583018 0.5369399593498126 0.5377929102314083 0.5114979354783687 0.4852029607253292 0.45890798597228966 0.4326130112192501 0.4063180364661657 0.38002306171312616 0.3537280869600866 0.3274331122070471 0.3011381374540075 0.274843162700968 0.24854818794792843 0.24488754356314 0.2654235101661889 0.2859594767692379 0.30649544337228685 0.32703140997533575 0.3475673765783847 0.36810334318146865 0.38863930978451766 0.40917527638756657 0.42971124299061547 0.4502472095936645 0.4707831761967134 0.5322114635412281 0.6373545665295791 0.7424976695179302 0.8476407725062811 0.9527838754946321 1.0579269784829832 1.1630700814713342 1.2682131844598645 1.3733562874482155
0.2608212625442471 0.2834060705265312 0.30599087850881534 0.328575686491138 0.3511604944734221 0.37374530245570625 0.3963301104379904 0.4189149184202745 0.44149972640255863 0.46408453438484276 0.48666934236712683 0.48149084798294 0.44663275562187466 0.41177466326080936 0.376916570899744 0.34205847853867866 0.3072003861775539 0.27234229381648856 0.23748420145542326 0.2026261090943579 0.1677680167332926 0.13290992437222726 0.09805183201116191 0.08841545155481925 0.10574165145658215 0.12306785135834505 0.14039405126010795 0.15772025116187088 0.17504645106363376 0.19237265096542622 0.20969885086718915 0.22702505076895202 0.24435125067071495 0.2616774505724779 0.27900365047424075 0.34542830064065355 0.4643403044910751 0.5832523083414967 0.7021643121919181 0.8210763160423397 0.9399883198927612 1.0589003237431829 1.177812327593807 1.2967243314442285
0.40083430033951023 0.42017391186466435 0.4395135233898184 0.45885313491500557 0.4781927464401597 0.4975323579653138 0.516871969490468 0.536211581015622 0.5555511925407761 0.5748908040659303 0.5942304155910845 0.58100363707601 0.532962651259736 0.48492166544346194 0.4368806796271879 0.38883969381091393 0.34079870799455797 0.292757722178284 0.24471673636200997 0.196675750545736 0.14863476472946197 0.10059377891318799 0.05255279309691396 0.03552488435836171 0.051650656306473114 0.06777642825458452 0.08390220020269593 0.10002797215080732 0.11615374409891872 0.13227951604705762 0.14840528799516906 0.16453105994328043 0.18065683189139184 0.19678260383950325 0.21290837578761465 0.27905759183047224 0.3986830008802519 0.5183084099300315 0.6379338189798112 0.7575592280295909 0.8771846370793704 0.9968100461291501 1.1164354551791338 1.2360608642289135
0.7050909168931296 0.7216321867889909 0.7381734566848522 0.7547147265807417 0.771255996476603 0.7877972663724644 0.8043385362683256 0.820879806164187 0.8374210760600482 0.8539623459559096 0.8705036158517709 0.8470726796016123 0.7809105511826316 0.7147484227636509 0.6485862943446703 0.5824241659256896 0.516262037506596 0.45009990908761544 0.38393778066863476 0.3177756522496541 0.25161352383067337 0.18545139541169275 0.11928926699271203 0.09335643735105811 0.11042963779694992 0.12750283824284175 0.14457603868873356 0.16164923913462537 0.1787224395805172 0.19579564002643812 0.21286884047232996 0.22994204091822176 0.24701524136411357 0.2640884418100054 0.28116164225589724 0.3414002055774092 0.44778351798853705 0.554166830399665 0.6605501428107928 0.7669334552219207 0.8733167676330486 0.9797000800441764 1.0860833924554858 1.1924667048666135
1.0093475334467485 1.0230904617133172 1.0368333899798856 1.0505763182464776 1.0643192465130462 1.0780621747796146 1.0918051030461833 1.1055480313127517 1.1192909595793203 1.1330338878458888 1.1467768161124574 1.1131417221272146 1.0288584511055272 0.9445751800838399 0.8602919090621526 0.7760086380404652 0.6917253670186342 0.6074420959969468 0.5231588249752595 0.43887555395357214 0.35459228293188483 0.2703090119101974 0.1860257408885101 0.1511879903437545 0.16920861928742673 0.18722924823109893 0.20524987717477117 0.22327050611844337 0.24129113506211558 0.25931176400581857 0.27733239294949075 0.295353021893163 0.3133736508368352 0.3313942797805074 0.34941490872417963 0.40374281932434597 0.4968840350968221 0.5900252508692982 0.6831664666417743 0.7763076824142505 0.8694488981867265 0.9625901139592027 1.0557313297318376 1.1488725455043138
1.313604150000368 1.3245487366376436 1.3354933232749193 1.3464379099122137 1.3573824965494894 1.3683270831867653 1.379271669824041 1.3902162564613167 1.4011608430985925 1.4121054297358682 1.4230500163731439 1.379210764652817 1.2768063510284229 1.174401937404029 1.0719975237796349 0.9695931101552411 0.8671886965306724 0.7647842829062784 0.6623798692818844 0.5599754556574904 0.4575710420330964 0.3551666284087025 0.2527622147843085 0.20901954333645095 0.2279876007779036 0.2469556582193562 0.2659237156608088 0.28489177310226144 0.303859830543714 0.322827887985199 0.3417959454266516 0.3607640028681043 0.37973206030955686 0.39870011775100944 0.41766817519246213 0.4660854330712828 0.5459845522051072 0.6258836713389315 0.7057827904727558 0.7856819096065804 0.8655810287404047 0.945480147874229 1.0253792670081896 1.1052783861420141
1.6178607665542464 1.626007011562227 1.6341532565702075 1.642299501578202 1.6504457465861826 1.6585919915941632 1.6667382366021437 1.6748844816101243 1.6830307266181048 1.6911769716260854 1.699323216634066 1.6452798071786463 1.5247542509515302 1.404228694724414 1.283703138497298 1.163177582270182 1.0426520260428602 0.9221264698157441 0.801600913588628 0.6810753573615118 0.5605498011343957 0.44002424490727954 0.3194986886801634 0.2668510963291966 0.2867665822684305 0.3066820682076643 0.3265975541468982 0.346513040086132 0.3664285260253658 0.38634401196463364 0.40625949790386745 0.42617498384310126 0.44609046978233513 0.466005955721569 0.4859214416608028 0.5284280468182729 0.5950850693134342 0.6617420918085954 0.7283991143037568 0.7950561367989182 0.8617131592940794 0.9283701817892407 0.9950272042845157 1.0616842267796769
1.9221173831078657 1.9274652864865534 1.9328131898652412 1.9381610932439381 1.9435089966226258 1.9488569000013136 1.9542048033800012 1.959552706758689 1.9649006101373767 1.9702485135160646 1.9755964168947524 1.9113488497042483 1.7727021508744256 1.634055452044603 1.49540875321478 1.3567620543849572 1.218115355554898 1.079468656725075 0.9408219578952524 0.8021752590654296 0.6635285602356069 0.5248818614057842 0.38623516257596124 0.32468264932189306 0.34554556375890727 0.36640847819592154 0.38727139263293575 0.40813430706995 0.42899722150696423 0.4498601359440141 0.4707230503810283 0.4915859648180425 0.5124488792550568 0.533311793692071 0.5541747081290853 0.5907706605652097 0.6441855864217193 0.6976005122782288 0.7510154381347384 0.8044303639912479 0.8578452898477575 0.9112602157042671 0.9646751415608676 1.0180900674173772
2.226373999661485 2.2289235614108796 2.2314731231602747 2.234022684909674 2.236572246659069 2.239121808408464 2.241671370157859 2.244220931907254 2.246770493656649 2.249320055406044 2.251869617155439 2.177417892229851 2.0206500507973213 1.863882209364792 1.7071143679322627 1.5503465264997331 1.3935786850669363 1.2368108436344067 1.0800430022018774 0.9232751607693479 0.7665073193368184 0.6097394779042891 0.45297163647175953 0.38251420231458944 0.4043245452493841 0.4261348881841787 0.4479452311189734 0.469755574053768 0.49156591698856267 0.5133762599233945 0.5351866028581891 0.5569969457929838 0.5788072887277784 0.6006176316625731 0.6224279745973678 0.6531132743121465 0.6932861035300043 0.7334589327478621 0.7736317619657199 0.8138045911835777 0.8539774204014355 0.8941502496192933 0.9343230788372197 0.9744959080550775
