Figures/CREST_Example_wjb_NSE/Rolling_result/20100722/BJP_forecast/ens_43/wjb.rain.20100726.asc
ncols            288
nrows            254
xllcorner        113.274861
yllcorner        31.4918055
cellsize         0.008333333333
NODATA_value     -9999
[rows 120 to 139 of 254, columns 90 to 134 of 288]
0.2439837725968147 0.2554393878987466 0.26689500320065895 0.2783506185025713 0.28980623380448367 0.30126184910639603 0.3127174644083084 0.32417307971022075 0.3356286950121331 0.3614354709287104 0.4025839620318522 0.443732453134994 0.48488094423813577 0.5260294353412776 0.5671779264444896 0.6083264175476313 0.6494749086507732 0.690623399753915 0.7317718908570567 0.7729203819601985 0.8140688730633403 0.8406454967137009 0.8516444645472211 0.8626434323807411 0.8736424002142613 0.8846413680477815 0.8956403358813015 0.9066393037148405 0.9176382715483606 0.9286372393818808 0.9396362072154009 0.950635175048921 0.9616341428824412 0.9647440252076637 0.9594202967145108 0.954096568221358 0.9487728397282053 0.9434491112350525 0.9381253827418997 0.932801654248747 0.9274779257555851 0.9221541972624323 0.9168304687692795 0.9115067402761268 0.9061830117829739
0.22522159616862927 0.2349257897917215 0.24462998341479716 0.25433417703787287 0.2640383706609485 0.27374256428402416 0.28344675790709983 0.2931509515301755 0.3028551451532512 0.32727484180370014 0.3674257439179281 0.40757664603215604 0.44772754814638405 0.487878450260612 0.5280293523749084 0.5681802544891364 0.6083311566033645 0.6484820587175923 0.6886329608318204 0.7287838629460484 0.7689347650602762 0.7937681829211419 0.8022268637449086 0.8106855445686754 0.819144225392442 0.8276029062162088 0.8360615870399755 0.8445202678637567 0.8529789486875233 0.8614376295112901 0.8698963103350568 0.8783549911588235 0.8868136719825902 0.8886390307453964 0.8833732182138563 0.8781074056823162 0.872841593150776 0.8675757806192359 0.8623099680876959 0.8570441555561558 0.8517783430246066 0.8465125304930665 0.8412467179615264 0.8359809054299863 0.8307150928984463
0.20566544045479965 0.2145270118569382 0.22338858325906163 0.23225015466118504 0.24111172606330847 0.2499732974654319 0.25883486886755536 0.26769644026967876 0.27655801167180216 0.2988573282241405 0.33552189817860223 0.372186468133064 0.4088510380875257 0.4455156080419874 0.4821801779965117 0.5188447479509735 0.5555093179054351 0.592173887859897 0.6288384578143587 0.6655030277688204 0.7021675977232822 0.7248447117711242 0.7325689191601172 0.7402931265491104 0.7480173339381035 0.7557415413270966 0.7634657487160897 0.771189956105096 0.7789141634940892 0.7866383708830822 0.7943625782720753 0.8020867856610685 0.8098109930500615 0.8114778545781163 0.8066692763952287 0.801860698212341 0.7970521200294534 0.7922435418465658 0.787434963663678 0.7826263854807904 0.7778178072978946 0.773009229115007 0.7682006509321193 0.7633920727492317 0.7585834945663441
0.18610928474097002 0.19412823392215486 0.20214718310332605 0.2101661322844972 0.2181850814656684 0.22620403064683958 0.23422297982801077 0.24224192900918193 0.2502608781903531 0.27043981464458083 0.30361805243927636 0.3367962902339719 0.36997452802866737 0.4031527658233629 0.436331003618115 0.46950924141281053 0.502687479207506 0.5358657170022015 0.5690439547968971 0.6022221925915926 0.6354004303862881 0.6559212406211065 0.6629109745753259 0.6699007085295454 0.676890442483765 0.6838801764379845 0.6908699103922039 0.6978596443464353 0.7048493783006549 0.7118391122548744 0.7188288462090939 0.7258185801633134 0.7328083141175329 0.7343166784108361 0.729965334576601 0.7256139907423658 0.7212626469081307 0.7169113030738955 0.7125599592396603 0.7082086154054252 0.7038572715711826 0.6995059277369475 0.6951545839027123 0.6908032400684772 0.686451896234242
0.1665531290271237 0.17372945598735412 0.18090578294757234 0.18808210990779056 0.19525843686800876 0.20243476382822698 0.2096110907884452 0.2167874177486634 0.22396374470888158 0.24202230106499695 0.27171420669992324 0.3014061123348496 0.3310980179697759 0.36078992360470225 0.3904818292396792 0.4201737348746055 0.4498656405095318 0.47955754614445817 0.5092494517793844 0.5389413574143108 0.5686332630492371 0.58699776947103 0.5932530299904752 0.5995082905099205 0.6057635510293657 0.6120188115488111 0.6182740720682564 0.6245293325877123 0.6307845931071575 0.6370398536266028 0.6432951141460481 0.6495503746654934 0.6558056351849386 0.6571555022434903 0.653261392757908 0.6493672832723256 0.6454731737867434 0.6415790643011611 0.6376849548155787 0.6337908453299965 0.6298967358444075 0.6260026263588252 0.622108516873243 0.6182144073876606 0.6143202979020784
0.14699697331329403 0.1533306780525708 0.15966438279183676 0.16599808753110273 0.1723317922703687 0.17866549700963466 0.18499920174890064 0.1913329064881666 0.19766661122743256 0.21360478748543732 0.2398103609605974 0.2660159344357575 0.2922215079109176 0.31842708138607767 0.3446326548612825 0.37083822833644253 0.39704380181160265 0.42324937528676276 0.4494549487619228 0.4756605222370829 0.501866095712243 0.5180742983210123 0.5235950854056839 0.5291158724903556 0.5346366595750273 0.5401574466596989 0.5456782337443706 0.5511990208290517 0.5567198079137233 0.5622405949983951 0.5677613820830667 0.5732821691677384 0.5788029562524101 0.5799943260762102 0.5765574509392803 0.5731205758023505 0.5696837006654207 0.5662468255284909 0.5628099503915611 0.5593730752546313 0.5559362001176956 0.5524993249807658 0.549062449843836 0.5456255747069062 0.5421886995699763
0.1274408175994644 0.13293190011778747 0.1384229826361012 0.1439140651544149 0.14940514767272864 0.15489623019104234 0.16038731270935608 0.16587839522766978 0.1713694777459835 0.18518727390587764 0.20790651522127152 0.2306257565366654 0.2533449978520593 0.27606423916745315 0.2987834804828857 0.32150272179827966 0.3442219631136735 0.36694120442906736 0.38966044574446124 0.4123796870598551 0.435098928375249 0.4491508271709945 0.4539371408208926 0.45872345447079066 0.4635097681206887 0.4682960817705868 0.47308239542048486 0.4778687090703911 0.48265502272028915 0.4874413363701872 0.4922276500200853 0.49701396366998335 0.5018002773198814 0.50283314990893 0.49985350912065274 0.4968738683323754 0.49389422754409806 0.49091458675582067 0.48793494596754333 0.484955305179266 0.48197566439098355 0.4789960236027062 0.4760163828144289 0.47303674202615154 0.4700571012378742
0.10788466188563475 0.11253312218300414 0.11718158248036561 0.12183004277772708 0.12647850307508857 0.13112696337245003 0.1357754236698115 0.14042388396717298 0.14507234426453444 0.15676976032631798 0.17600266948194562 0.19523557863757326 0.21446848779320093 0.23370139694882858 0.25293430610448897 0.27216721526011667 0.29140012441574425 0.31063303357137195 0.32986594272699954 0.34909885188262724 0.3683317610382548 0.3802273560209768 0.38427919623610124 0.38833103645122574 0.3923828766663502 0.39643471688147464 0.4004865570965991 0.40453839731173047 0.40859023752685497 0.4126420777419794 0.41669391795710387 0.42074575817222837 0.4247975983873528 0.42567197374165 0.42314956730202513 0.42062716086240026 0.4181047544227754 0.4155823479831505 0.41305994154352565 0.4105375351039008 0.4080151286642716 0.4054927222246467 0.40297031578502185 0.400447909345397 0.3979255029057721
0.0883285061718051 0.09213434424822081 0.09594018232463004 0.09974602040103926 0.1035518584774485 0.10735769655385771 0.11116353463026693 0.11496937270667615 0.11877521078308538 0.12835224674675833 0.14409882374261973 0.15984540073848116 0.17559197773434257 0.191338554730204 0.20708513172609228 0.22283170872195368 0.2385782857178151 0.2543248627136765 0.27007143970953795 0.28581801670539936 0.30156459370126076 0.31130388487095906 0.31462125165130994 0.31793861843166077 0.32125598521201165 0.3245733519923625 0.32789071877271336 0.3312080855530699 0.33452545233342074 0.3378428191137716 0.34116018589412245 0.34447755267447333 0.3477949194548242 0.3485107975743699 0.3464456254833975 0.3443804533924251 0.3423152813014527 0.3402501092104803 0.3381849371195079 0.3361197650285355 0.33405459293755957 0.3319894208465872 0.32992424875561477 0.3278590766646424 0.32579390457367
0.06877235045797546 0.07173556631343748 0.07469878216889447 0.07766199802435145 0.08062521387980842 0.0835884297352654 0.08655164559072237 0.08951486144617934 0.09247807730163632 0.09993473316719868 0.11219497800329387 0.12445522283938906 0.13671546767548426 0.14897571251157943 0.16123595734769552 0.17349620218379072 0.18575644701988592 0.1980166918559811 0.21027693669207628 0.22253718152817148 0.23479742636426665 0.24238041372094132 0.2449633070665186 0.24754620041209582 0.2501290937576731 0.2527119871032503 0.2552948804488276 0.25787777379440924 0.2604606671399865 0.26304356048556377 0.26562645383114103 0.2682093471767183 0.27079224052229556 0.2713496214070898 0.26974168366476986 0.26813374592244993 0.26652580818013 0.2649178704378101 0.2633099326954902 0.26170199495317026 0.2600940572108476 0.2584861194685277 0.25687818172620774 0.2552702439838878 0.2536623062415679
0.04921619474414582 0.05133678837865416 0.05345738201315889 0.05557797564766362 0.05769856928216835 0.05981916291667308 0.06193975655117781 0.06406035018568254 0.06618094382018727 0.07151721958763901 0.08029113226396799 0.08906504494029696 0.09783895761662592 0.10661287029295488 0.11538678296929882 0.12416069564562779 0.13293460832195675 0.1417085209982857 0.15048243367461467 0.15925634635094366 0.16803025902727262 0.17345694257092362 0.17530536248172726 0.1771537823925309 0.17900220230333458 0.18085062221413822 0.18269904212494187 0.18454746203574868 0.18639588194655232 0.18824430185735597 0.19009272176815964 0.19194114167896328 0.19378956158976693 0.19418844523980971 0.19303774184614225 0.19188703845247482 0.19073633505880735 0.18958563166513992 0.18843492827147246 0.18728422487780502 0.1861335214841356 0.18498281809046815 0.1838321146968007 0.18268141130313326 0.1815307079094658
0.029660039030299495 0.03093801044385344 0.03221598185740521 0.03349395327095697 0.03477192468450873 0.036049896098060495 0.03732786751161226 0.038605838925164025 0.03988381033871579 0.043099706008055134 0.0483872865246149 0.05367486704117467 0.05896244755773444 0.06425002807429421 0.069537608590863 0.07482518910742275 0.08011276962398253 0.08540035014054229 0.09068793065710207 0.09597551117366182 0.1012630916902216 0.10453347142084711 0.10564741789687654 0.10676136437290595 0.10787531084893538 0.10898925732496481 0.11010320380099423 0.11121715027702556 0.11233109675305497 0.1134450432290844 0.11455898970511383 0.11567293618114324 0.11678688265717267 0.11702726907246383 0.11633380002744924 0.11564033098243466 0.11494686193742008 0.11425339289240549 0.11355992384739091 0.11286645480237632 0.11217298575736055 0.11147951671234597 0.11078604766733138 0.1100925786223168 0.10939910957730223
0.01010388331646985 0.01053923250907011 0.010974581701669628 0.011409930894269145 0.011845280086868663 0.01228062927946818 0.012715978472067698 0.013151327664667216 0.013586676857266734 0.014682192428495479 0.01648344078528902 0.01828468914208256 0.020085937498876102 0.021887185855669643 0.023688434212466254 0.0254896825692598 0.027290930926053336 0.029092179282846877 0.030893427639640418 0.03269467599643396 0.0344959243532275 0.035610000270829376 0.0359894733120852 0.03636894635334102 0.03674841939459684 0.03712789243585266 0.03750736547710848 0.03788683851836495 0.03826631155962077 0.03864578460087659 0.03902525764213241 0.03940473068338823 0.03978420372464405 0.03986609290518374 0.039629858208821624 0.039393623512459515 0.039157388816097406 0.0389211541197353 0.03868491942337318 0.03844868472701107 0.03821245003064856 0.03797621533428645 0.03773998063792434 0.03750374594156223 0.03726751124520012
0.0 0.0 0.0 0.0 0.0 0.0 0.0 0.0 0.0 0.0011289863544358078 0.0034648846489116814 0.005800782943387555 0.008136681237863428 0.010472579532339302 0.012808477826819159 0.015144376121295032 0.017480274415770904 0.019816172710246778 0.02215207100472265 0.024487969299198525 0.0268238675936744 0.02811315477980804 0.028283591024381292 0.028454027268954546 0.0286244635135278 0.028794899758101053 0.028965336002674306 0.02913577224724785 0.029306208491821105 0.02947664473639436 0.029647080980967612 0.029817517225540865 0.02998795347011412 0.028864652872717084 0.02635831833366798 0.023851983794618878 0.021345649255569775 0.018839314716520672 0.01633298017747157 0.013826645638422466 0.011320311099369089 0.008813976560319986 0.006307642021270883 0.00380130748222178 0.0012949729431726772
0.0 0.0 0.0 0.0 0.0 0.0 0.0 0.0 0.0 0.0034647879498598396 0.010633512559328389 0.01780223716879694 0.02497096177826549 0.03213968638773404 0.03930841099721481 0.046477135606683366 0.05364586021615191 0.060814584825620466 0.06798330943508901 0.07515203404455756 0.08232075865402612 0.08627749975091642 0.08680055784111972 0.08732361593132301 0.08784667402152631 0.0883697321117296 0.08889279020193289 0.08941584829213708 0.08993890638234037 0.09046196447254366 0.09098502256274696 0.09150808065295025 0.09203113874315355 0.08858380002321255 0.08089201732354079 0.07320023462386901 0.06550845192419724 0.05781666922452547 0.050124886524853696 0.04243310382518193 0.03474132112549704 0.027049538425825276 0.019357755726153503 0.01166597302648173 0.0039741903268099565
0.0 0.0 0.0 0.0 0.0 0.0 0.0 0.0 0.0 0.005800589545283871 0.017802140469745098 0.029803691394206324 0.04180524231866755 0.05380679324312878 0.06580834416761047 0.0778098950920717 0.08981144601653293 0.10181299694099415 0.11381454786545538 0.1258160987899166 0.13781764971437782 0.1444418447220248 0.14531752465785813 0.14619320459369145 0.14706888452952477 0.1479445644653581 0.14882024440119143 0.14969592433702625 0.15057160427285957 0.1514472842086929 0.15232296414452623 0.15319864408035955 0.1540743240161929 0.1483029471737079 0.1354257163134135 0.12254848545311905 0.10967125459282462 0.09679402373253018 0.08391679287223576 0.07103956201194134 0.058162331151624946 0.04528510029133051 0.03240786943103609 0.019530638570741665 0.006653407710447229
0.0 0.0 0.0 0.0 0.0 0.0 0.0 0.0 0.0 0.008136391140707905 0.024970768380161813 0.041805145619615715 0.05863952285906963 0.07547390009852353 0.09230827733800614 0.10914265457746006 0.12597703181691397 0.14281140905636786 0.15964578629582177 0.17648016353527568 0.1933145407747296 0.20260618969313324 0.2038344914745966 0.20506279325605994 0.20629109503752333 0.20751939681898668 0.20874769860045003 0.2099760003819155 0.21120430216337888 0.21243260394484223 0.21366090572630558 0.21488920750776896 0.21611750928923232 0.20802209432420338 0.18995941530328628 0.17189673628236918 0.1538340572614521 0.13577137824053498 0.1177086992196179 0.09964602019870081 0.0815833411777529 0.0635206621568358 0.04545798313591873 0.02739530411500163 0.009332625094084529
0.0 0.0 0.0 0.0 0.0 0.0 0.0 0.0 0.0 0.01047219273613393 0.03213939629058463 0.053806599845035344 0.07547380339948605 0.09714100695393675 0.11880821050842441 0.14047541406287511 0.16214261761732582 0.18380982117177652 0.20547702472622725 0.22714422828067796 0.24881143183512866 0.26077053466429123 0.2623514582913849 0.2639323819184786 0.26551330554557234 0.267094229172666 0.26867515279975973 0.2702560764268561 0.27183700005394984 0.2734179236810435 0.27499884730813723 0.2765797709352309 0.2781606945623246 0.2677412414747497 0.24449311429320553 0.22124498711166135 0.19799685993011717 0.174748732748573 0.15150060556702882 0.12825247838548462 0.10500435120390081 0.08175622402235663 0.05850809684081243 0.03525996965926825 0.012011842477724077
0.0 0.0 0.0 0.0 0.0 0.0 0.0 0.0 0.0 0.01280799433155796 0.039308024201001344 0.06580805407044472 0.0923080839398881 0.11880811380933148 0.14530814367882006 0.17180817354826344 0.19830820341770683 0.2248082332871502 0.2513082631565936 0.27780829302603693 0.3043083228954803 0.31893487963539957 0.3208684251081233 0.3228019705808471 0.3247355160535708 0.32666906152629455 0.3286026069990183 0.33053615247174534 0.33246969794446907 0.3344032434171928 0.3363367888899165 0.33827033436264026 0.340203879835364 0.3274603886252451 0.2990268132830783 0.27059323794091145 0.2421596625987446 0.21372608725657774 0.1852925119144109 0.15685893657224406 0.12842536123002873 0.09999178588786187 0.07155821054569506 0.04312463520352816 0.014691059861361322
0.0 0.0 0.0 0.0 0.0 0.0 0.0 0.0 0.0 0.015143795926981993 0.04647665211141805 0.0778095082958541 0.10914236448029017 0.14047522066472623 0.17180807684921573 0.20314093303365177 0.23447378921808784 0.2658066454025239 0.29713950158695995 0.328472357771396 0.3598052139558321 0.37709922460650797 0.37938539192486176 0.3816715592432155 0.3839577265615693 0.3862438938799231 0.3885300611982768 0.3908162285166345 0.3931023958349883 0.39538856315334203 0.3976747304716958 0.3999608977900496 0.40224706510840336 0.38717953577574055 0.35356051227295104 0.31994148877016154 0.28632246526737204 0.2527034417645825 0.219084418261793 0.1854653947590035 0.1518463712561567 0.11822734775336718 0.08460832425057768 0.05098930074778818 0.017370277244998678
