Figures/CREST_Example_wjb_NSE/Rolling_result/20100722/BJP_forecast/ens_43/wjb.rain.20100727.asc
ncols            288
nrows            254
xllcorner        113.274861
yllcorner        31.4918055
cellsize         0.008333333333
NODATA_value     -9999
[rows 110 to 131 of 254, columns 49 to 97 of 288]
0.021082719214468054 0.02309379196790907 0.02389108163467803 0.023390809747302215 0.022890537859927257 0.022390265972552295 0.021889994085177337 0.021389722197802375 0.020889450310427417 0.020389178423052455 0.019888906535677497 0.019388634648302535 0.018888362760927577 0.018388090873552615 0.017399410122743954 0.015888609256677826 0.014377808390609124 0.012867007524542996 0.011356206658476867 0.00984540579241074 0.008334604926344611 0.006823804060278483 0.005313003194212355 0.0038022023281462265 0.0022914014620800983 0.0007806005960139702 0.0 0.0 0.0 0.0 0.0 0.0 0.0 0.0 0.0 0.0 0.0 0.0 0.0 0.0 0.0 0.0 0.0 0.0 0.0 0.0 0.0 0.0 0.0
0.035295724413586194 0.038662570452706914 0.03999735635341584 0.03915982403659003 0.03832229171976566 0.03748475940294128 0.036647227086116896 0.035809694769292515 0.034972162452468133 0.03413463013564376 0.03329709781881938 0.032459565501995 0.031622033185170616 0.030784500868346238 0.02912929676689369 0.02659998304459723 0.024070669322296453 0.021541355599999992 0.01901204187770353 0.01648272815540707 0.013953414433110607 0.011424100710814147 0.008894786988517686 0.006365473266221222 0.0038361595439247616 0.001306845821628301 0.0 0.0 0.0 0.0 0.0 0.0 0.0 0.0 0.0 0.0 0.0 0.0 0.0 0.0 0.0 0.0 0.0 0.0 0.0 0.0 0.0 0.0 0.0
0.04950872961269219 0.05423134893749146 0.05610363107213989 0.05492883832586438 0.05375404557959087 0.05257925283331736 0.05140446008704385 0.05022966734077034 0.04905487459449683 0.04788008184822332 0.046705289101949814 0.045530496355676305 0.044355703609402795 0.043180910863129286 0.04085918341103342 0.0373113568325075 0.03376353025397552 0.03021570367544959 0.026667877096923663 0.023120050518397738 0.01957222393987181 0.016024397361345883 0.012476570782819954 0.008928744204294028 0.005380917625768103 0.0018330910472421774 0.0 0.0 0.0 0.0 0.0 0.0 0.0 0.0 0.0 0.0 0.0 0.0 0.0 0.0 0.0 0.0 0.0 0.0 0.0 0.0 0.0 0.0 0.0
0.06372173481179821 0.06980012742227602 0.07220990579086396 0.07069785261513875 0.0691857994394161 0.06767374626369348 0.06616169308797083 0.06464963991224819 0.06313758673652556 0.061625533560802914 0.06011348038508027 0.05860142720935763 0.057089374033634996 0.05557732085791235 0.052589070055173166 0.04802273062041777 0.04345639118565459 0.0388900517508992 0.03432371231614381 0.029757372881388414 0.025191033446633024 0.02062469401187763 0.016058354577122236 0.011492015142366842 0.006925675707611448 0.0023593362728560607 0.0 0.0 0.0 0.0 0.0 0.0 0.0 0.0 0.0 0.0 0.0 0.0 0.0 0.0 0.0 0.0 0.0 0.0 0.0 0.0 0.0 0.0 0.0
0.07793474001090422 0.08536890590706059 0.08831618050958805 0.08646686690441312 0.08461755329924135 0.08276823969406957 0.08091892608889781 0.07906961248372603 0.07722029887855426 0.07537098527338248 0.07352167166821072 0.07167235806303895 0.06982304445786718 0.06797373085269541 0.0643189566993129 0.05873410440832804 0.05314925211733366 0.0475643998263488 0.04197954753536394 0.036394695244379084 0.03080984295339422 0.025224990662409366 0.01964013837142451 0.014055286080439648 0.008470433789454793 0.00288558149846993 0.0 0.0 0.0 0.0 0.0 0.0 0.0 0.0 0.0 0.0 0.0 0.0 0.0 0.0 0.0 0.0 0.0 0.0 0.0 0.0 0.0 0.0 0.0
0.09214774521001022 0.10093768439184514 0.1044224552283121 0.10223588119368748 0.10004930715906657 0.09786273312444567 0.09567615908982477 0.09348958505520387 0.09130301102058297 0.08911643698596207 0.08692986295134117 0.08474328891672027 0.08255671488209937 0.08037014084747847 0.07604884334345265 0.06944547819623832 0.06284211304901274 0.056238747901798405 0.04963538275458408 0.04303201760736976 0.03642865246015543 0.02982528731294111 0.023221922165726785 0.01661855701851246 0.010015191871298137 0.0034118267240838135 0.0 0.0 0.0 0.0 0.0 0.0 0.0 0.0 0.0 0.0 0.0 0.0 0.0 0.0 0.0 0.0 0.0 0.0 0.0 0.0 0.0 0.0 0.0
0.10636075040911623 0.11650646287662969 0.12052872994703617 0.11800489548296184 0.1154810610188918 0.11295722655482178 0.11043339209075174 0.10790955762668171 0.10538572316261169 0.10286188869854165 0.10033805423447162 0.0978142197704016 0.09529038530633156 0.09276655084226154 0.0877787299875924 0.0801568519841486 0.07253497398069181 0.06491309597724802 0.05729121797380423 0.04966933997036044 0.042047461966916645 0.03442558396347285 0.026803705960029067 0.019181827956585268 0.011559949953141482 0.003938071949697683 0.0 0.0 0.0 0.0 0.0 0.0 0.0 0.0 0.0 0.0 0.0 0.0 0.0 0.0 0.0 0.0 0.0 0.0 0.0 0.0 0.0 0.0 0.0
0.12057375560822226 0.13207524136141427 0.13663500466576026 0.13377390977223622 0.13091281487871703 0.12805171998519788 0.12519062509167872 0.12232953019815956 0.1194684353046404 0.11660734041112122 0.11374624551760207 0.11088515062408291 0.10802405573056374 0.10516296083704459 0.09950861663173212 0.09086822577205887 0.08222783491237087 0.07358744405269763 0.06494705319302436 0.056306662333351104 0.04766627147367785 0.039025880614004596 0.030385489754331335 0.021745098894658074 0.013104708034984813 0.004464317175311566 0.0 0.0 0.0 0.0 0.0 0.0 0.0 0.0 0.0 0.0 0.0 0.0 0.0 0.0 0.0 0.0 0.0 0.0 0.0 0.0 0.0 0.0 0.0
0.13478676080734037 0.1476440198462121 0.15274127938449802 0.149542924061524 0.14634456873855542 0.14314621341558684 0.13994785809261825 0.13674950276964967 0.13355114744668112 0.13035279212371254 0.12715443680074395 0.12395608147777537 0.12075772615480679 0.1175593708318382 0.11123850327588186 0.10157959955997826 0.09192069584405821 0.08226179212815463 0.07260288841225103 0.06294398469634743 0.05328508098044385 0.04362617726454027 0.03396727354863667 0.024308369832733087 0.01464946611682949 0.0049905624009259075 0.0 0.0 0.0 0.0 0.0 0.0 0.0 0.0 0.0 0.0 0.0 0.0 0.0 0.0 0.0 0.0 0.0 0.0 0.0 0.0 0.0 0.0 0.0
0.1489997660064464 0.16321279833099667 0.1688475541032221 0.16531193835079838 0.16177632259838065 0.15824070684596295 0.15470509109354524 0.15116947534112754 0.14763385958870984 0.1440982438362921 0.1405626280838744 0.1370270123314567 0.133491396579039 0.1299557808266213 0.12296838992002161 0.11229097334788855 0.10161355677573729 0.09093614020360423 0.08025872363147117 0.06958130705933813 0.05890389048720507 0.04822647391507201 0.03754905734293895 0.026871640770805894 0.016194224198672835 0.005516807626539777 0.0 0.0 0.0 0.0 0.0 0.0 0.0 0.0 0.0 0.0 0.0 0.0 0.0 0.0 0.0 0.0 0.0 0.0 0.0 0.0 0.0 0.0 0.0
0.1632127712055524 0.1787815768157812 0.18495382882194616 0.1810809526400727 0.17720807645820588 0.17333520027633903 0.1694623240944722 0.16558944791260535 0.16171657173073853 0.15784369554887168 0.15397081936700485 0.150097943185138 0.14622506700327115 0.14235219082140432 0.13469827656416133 0.12300234713579881 0.11130641770741635 0.09961048827905383 0.0879145588506913 0.07621862942232878 0.06452269999396626 0.05282677056560374 0.04113084113724122 0.029434911708878686 0.017738982280516166 0.006043052852153646 0.0 0.0 0.0 0.0 0.0 0.0 0.0 0.0 0.0 0.0 0.0 0.0 0.0 0.0 0.0 0.0 0.0 0.0 0.0 0.0 0.0 0.0 0.0
0.17619376162222117 0.1923648351948773 0.19882396477150688 0.1949008067024891 0.190977648633478 0.1870544905644669 0.18313133249545582 0.1792081744264447 0.17528501635743363 0.17136185828842254 0.16743870021941143 0.16351554215040034 0.15959238408138926 0.15566922601237815 0.14745401269852212 0.13465049530808768 0.12184697791763142 0.10904346052719699 0.09623994313676257 0.08343642574632815 0.07063290835589371 0.05782939096545929 0.045025873575024855 0.032222356184590434 0.019418838794156013 0.006615321403721591 0.0 0.0 0.0 0.0 0.0 0.0 0.0 0.0 0.0 0.0 0.0 0.0 0.0 0.0 0.0 0.0 0.0 0.0 0.0 0.0 0.0 0.0 0.0
0.18785780590586695 0.20382569775332177 0.21030380934881088 0.2066371313625027 0.20297045337620076 0.19930377538989882 0.1956370974035969 0.19197041941729495 0.18830374143099302 0.1846370634446911 0.18097038545838917 0.17730370747208724 0.1736370294857853 0.16997035149948336 0.16130631726572062 0.14729999624059406 0.13329367521544364 0.1192873541903171 0.10528103316519055 0.091274712140064 0.07726839111493745 0.06326207008981091 0.04925574906468437 0.03524942803955783 0.021243107014431273 0.007236785989304717 0.0 0.0 0.0 0.0 0.0 0.0 0.0 0.0 0.0 0.0 0.0 0.0 0.0 0.0 0.0 0.0 0.0 0.0 0.0 0.0 0.0 0.0 0.0
0.1995218501895127 0.21528656031176624 0.2217836539261149 0.21837345602251632 0.21496325811892353 0.21155306021533077 0.20814286231173798 0.20473266440814522 0.20132246650455243 0.19791226860095967 0.19450207069736689 0.1910918727937741 0.18768167489018134 0.18427147698658858 0.1751586218329191 0.15994949717310045 0.14474037251325583 0.12953124785343717 0.11432212319361852 0.09911299853379985 0.08390387387398118 0.06869474921416252 0.05348562455434386 0.038276499894525196 0.023067375234706533 0.007858250574887843 0.0 0.0 0.0 0.0 0.0 0.0 0.0 0.0 0.0 0.0 0.0 0.0 0.0 0.0 0.0 0.0 0.0 0.0 0.0 0.0 0.0 0.0 0.0
0.21118589447316843 0.22674742287022048 0.2332634985034287 0.23010978068253993 0.22695606286165654 0.22380234504077312 0.22064862721988973 0.21749490939900634 0.21434119157812295 0.21118747375723956 0.20803375593635615 0.20488003811547276 0.20172632029458937 0.19857260247370598 0.18901092640012945 0.17259899810561763 0.15618706981107783 0.13977514151656603 0.12336321322205421 0.1069512849275424 0.09053935663303059 0.07412742833851878 0.05771550004400697 0.041303571749495144 0.024891643454983348 0.008479715160471524 0.0 0.0 0.0 0.0 0.0 0.0 0.0 0.0 0.0 0.0 0.0 0.0 0.0 0.0 0.0 0.0 0.0 0.0 0.0 0.0 0.0 0.0 0.0
0.22284993875681425 0.23820828542866496 0.24474334308073273 0.24184610534255355 0.2389488676043793 0.23605162986620506 0.23315439212803082 0.2302571543898566 0.22735991665168237 0.22446267891350813 0.2215654411753339 0.21866820343715965 0.2157709656989854 0.21287372796081117 0.20286323096732795 0.18524849903812401 0.16763376710889005 0.15001903517968612 0.1324043032504822 0.11478957132127825 0.09717483939207432 0.0795601074628704 0.06194537553366647 0.04433064360446254 0.026715911675258608 0.009101179746054677 0.0 0.0 0.0 0.0 0.0 0.0 0.0 0.0 0.0 0.0 0.0 0.0 0.0 0.0 0.0 0.0 0.0 0.0 0.0 0.0 0.0 0.0 0.0
0.23451398304046 0.24966914798710943 0.2562231876580367 0.25358243000256714 0.2509416723471021 0.24830091469163698 0.24566015703617192 0.24301939938070685 0.24037864172524176 0.2377378840697767 0.2350971264143116 0.23245636875884654 0.22981561110338145 0.22717485344791638 0.21671553553452644 0.1978979999706304 0.17908046440670225 0.1602629288428062 0.14144539327891015 0.12262785771501411 0.10381032215111807 0.08499278658722204 0.06617525102332597 0.04735771545942993 0.028540179895533868 0.00972264433163783 0.0 0.0 0.0 0.0 0.0 0.0 0.0 0.0 0.0 0.0 0.0 0.0 0.0 0.0 0.0 0.0 0.0 0.0 0.0 0.0 0.0 0.0 0.0
0.2461780273241058 0.2611300105455539 0.2677030322353407 0.26531875466258076 0.2629344770898248 0.2605501995170689 0.258165921944313 0.2557816443715571 0.25339736679880115 0.25101308922604526 0.24862881165328932 0.24624453408053343 0.24386025650777748 0.2414759789350216 0.23056784010172493 0.21054750090313679 0.19052716170451447 0.1705068225059263 0.15048648330733813 0.13046614410874996 0.11044580491016179 0.09042546571157364 0.07040512651298547 0.0503847873143973 0.03036444811580913 0.010344108917220957 0.0 0.0 0.0 0.0 0.0 0.0 0.0 0.0 0.0 0.0 0.0 0.0 0.0 0.0 0.0 0.0 0.0 0.0 0.0 0.0 0.0 0.0 0.0
0.2578420716077516 0.2725908731039984 0.27918287681264475 0.2770550793225944 0.2749272818325476 0.2727994843425009 0.27067168685245413 0.26854388936240736 0.2664160918723606 0.2642882943823138 0.2621604968922671 0.26003269940222035 0.2579049019121736 0.2557771044221268 0.24442014466892348 0.22319700183564317 0.2019738590023267 0.18075071616904642 0.15952757333576612 0.13830443050248584 0.11708128766920556 0.09585814483592528 0.07463500200264497 0.053411859169364695 0.032188716336084416 0.01096557350280411 0.0 0.0 0.0 0.0 0.0 0.0 0.0 0.0 0.0 0.0 0.0 0.0 0.0 0.0 0.0 0.0 0.0 0.0 0.0 0.0 0.0 0.0 0.0
0.26950611589139734 0.28405173566244285 0.29066272138994875 0.288791403982608 0.2869200865752704 0.28504876916793276 0.28317745176059517 0.2813061343532576 0.27943481694592 0.2775634995385824 0.2756921821312448 0.2738208647239072 0.2719495473165696 0.27007822990923197 0.2582724492361219 0.23584650276814953 0.2134205563001389 0.19099460983216648 0.16856866336419407 0.14614271689622169 0.12371677042824927 0.10129082396027689 0.07886487749230447 0.05643893102433206 0.03401298455635968 0.011587038088387236 0.0 0.0 0.0 0.0 0.0 0.0 0.0 0.0 0.0 0.0 0.0 0.0 0.0 0.0 0.0 0.0 0.0 0.0 0.0 0.0 0.0 0.0 0.0
0.28117016017504315 0.2955125982208873 0.30214256596725275 0.30052772864262156 0.29891289131799315 0.29729805399336473 0.29568321666873626 0.29406837934410784 0.2924535420194794 0.29083870469485096 0.28922386737022254 0.28760903004559407 0.28599419272096566 0.28437935539633724 0.27212475380332046 0.24849600370065594 0.22486725359795112 0.2012385034952866 0.17760975339262208 0.15398100328995754 0.13035225318729302 0.1067235030846285 0.08309475298196395 0.05946600287929943 0.03583725277663491 0.01220850267397039 0.0 0.0 0.0 0.0 0.0 0.0 0.0 0.0 0.0 0.0 0.0 0.0 0.0 0.0 0.0 0.0 0.0 0.0 0.0 0.0 0.0 0.0 0.0
0.2928342044586989 0.30697346077934157 0.3136224105445666 0.31226405330264523 0.31090569606072616 0.3095473388188071 0.308188981576888 0.306830624334969 0.3054722670930499 0.30411390985113085 0.3027555526092118 0.3013971953672927 0.3000388381253737 0.2986804808834546 0.2859770583705308 0.2611455046331731 0.2363139508957731 0.21148239715841544 0.18665084342105775 0.16181928968370007 0.13698773594634242 0.11215618220898474 0.08732462847162709 0.062493074734269405 0.037661520996911724 0.012829967259554043 0.0 0.0 0.0 0.0 0.0 0.0 0.0 0.0 0.0 0.0 0.0 0.0 0.0 0.0 0.0 0.0 0.0 0.0 0.0 0.0 0.0 0.0 0.0
