Figures/CREST_Example_wjb_NSE/Rolling_result/20100722/BJP_forecast/ens_43/wjb.rain.20091010.asc
ncols            288
nrows            254
xllcorner        113.274861
yllcorner        31.4918055
cellsize         0.008333333333
NODATA_value     -9999
[rows 228 to 246 of 254, columns 132 to 175 of 288]
0.18340531633593077 0.15836386966393912 0.13332242299194746 0.11588901713981122 0.10658877899400125 0.09728854084819129 0.08798830270238134 0.07868806455657137 0.06938782641076141 0.06008758826495145 0.05078735011914148 0.04148711197331567 0.03218687382750571 0.022886635681695744 0.01358639753588578 0.008781150436021254 0.008781150436021254 0.008781150436021254 0.008781150436021254 0.008781150436021254 0.008781150436021254 0.008781150436021254 0.008781150436021254 0.008781150436021254 0.008781150436021254 0.008781150436021254 0.008781150436021254 0.014120752600944295 0.02516851026704596 0.036216267933147625 0.04726402559924929 0.058311783265350955 0.06935954093145262 0.08040729859755427 0.09145505626365594 0.1025028139297576 0.11355057159585927 0.12459832926197978 0.13564608692808144 0.1413542424345729 0.1413542424345729 0.1413542424345729 0.1413542424345729 0.1413542424345729
0.17170985923368842 0.147974283546261 0.12423870785883356 0.10746503036275713 0.09813377948942632 0.08880252861609553 0.07947127774276472 0.07014002686943391 0.060808775996103105 0.051477525122772295 0.04214627424944149 0.03281502337609478 0.02348377250276397 0.01415252162943316 0.004821270756102364 0.0 0.0 0.0 0.0 0.0 0.0 0.0 0.0 0.0 0.0 0.0 0.0 0.005790524449268845 0.017771250521972624 0.0297519765946764 0.041732702667380175 0.05371342874008395 0.06569415481278773 0.07767488088549152 0.08965560695819529 0.10163633303089907 0.11361705910360284 0.12559778517632705 0.13757851124903084 0.14376871287822723 0.14376871287822723 0.14376871287822723 0.14376871287822723 0.14376871287822723
0.17170985923368842 0.147974283546261 0.12423870785883356 0.10746503036275713 0.09813377948942632 0.08880252861609553 0.07947127774276472 0.07014002686943391 0.060808775996103105 0.051477525122772295 0.04214627424944149 0.03281502337609478 0.02348377250276397 0.01415252162943316 0.004821270756102364 0.0 0.0 0.0 0.0 0.0 0.0 0.0 0.0 0.0 0.0 0.0 0.0 0.005790524449268845 0.017771250521972624 0.0297519765946764 0.041732702667380175 0.05371342874008395 0.06569415481278773 0.07767488088549152 0.08965560695819529 0.10163633303089907 0.11361705910360284 0.12559778517632705 0.13757851124903084 0.14376871287822723 0.14376871287822723 0.14376871287822723 0.14376871287822723 0.14376871287822723
0.17170985923368842 0.147974283546261 0.12423870785883356 0.10746503036275713 0.09813377948942632 0.08880252861609553 0.07947127774276472 0.07014002686943391 0.060808775996103105 0.051477525122772295 0.04214627424944149 0.03281502337609478 0.02348377250276397 0.01415252162943316 0.004821270756102364 0.0 0.0 0.0 0.0 0.0 0.0 0.0 0.0 0.0 0.0 0.0 0.0 0.005790524449268845 0.017771250521972624 0.0297519765946764 0.041732702667380175 0.05371342874008395 0.06569415481278773 0.07767488088549152 0.08965560695819529 0.10163633303089907 0.11361705910360284 0.12559778517632705 0.13757851124903084 0.14376871287822723 0.14376871287822723 0.14376871287822723 0.14376871287822723 0.14376871287822723
0.17170985923368842 0.147974283546261 0.12423870785883356 0.10746503036275713 0.09813377948942632 0.08880252861609553 0.07947127774276472 0.07014002686943391 0.060808775996103105 0.051477525122772295 0.04214627424944149 0.03281502337609478 0.02348377250276397 0.01415252162943316 0.004821270756102364 0.0 0.0 0.0 0.0 0.0 0.0 0.0 0.0 0.0 0.0 0.0 0.0 0.005790524449268845 0.017771250521972624 0.0297519765946764 0.041732702667380175 0.05371342874008395 0.06569415481278773 0.07767488088549152 0.08965560695819529 0.10163633303089907 0.11361705910360284 0.12559778517632705 0.13757851124903084 0.14376871287822723 0.14376871287822723 0.14376871287822723 0.14376871287822723 0.14376871287822723
0.17170985923368842 0.147974283546261 0.12423870785883356 0.10746503036275713 0.09813377948942632 0.08880252861609553 0.07947127774276472 0.07014002686943391 0.060808775996103105 0.051477525122772295 0.04214627424944149 0.03281502337609478 0.02348377250276397 0.01415252162943316 0.004821270756102364 0.0 0.0 0.0 0.0 0.0 0.0 0.0 0.0 0.0 0.0 0.0 0.0 0.005790524449268845 0.017771250521972624 0.0297519765946764 0.041732702667380175 0.05371342874008395 0.06569415481278773 0.07767488088549152 0.08965560695819529 0.10163633303089907 0.11361705910360284 0.12559778517632705 0.13757851124903084 0.14376871287822723 0.14376871287822723 0.14376871287822723 0.14376871287822723 0.14376871287822723
0.17170985923368842 0.147974283546261 0.12423870785883356 0.10746503036275713 0.09813377948942632 0.08880252861609553 0.07947127774276472 0.07014002686943391 0.060808775996103105 0.051477525122772295 0.04214627424944149 0.03281502337609478 0.02348377250276397 0.01415252162943316 0.004821270756102364 0.0 0.0 0.0 0.0 0.0 0.0 0.0 0.0 0.0 0.0 0.0 0.0 0.005790524449268845 0.017771250521972624 0.0297519765946764 0.041732702667380175 0.05371342874008395 0.06569415481278773 0.07767488088549152 0.08965560695819529 0.10163633303089907 0.11361705910360284 0.12559778517632705 0.13757851124903084 0.14376871287822723 0.14376871287822723 0.14376871287822723 0.14376871287822723 0.14376871287822723
0.17170985923368842 0.147974283546261 0.12423870785883356 0.10746503036275713 0.09813377948942632 0.08880252861609553 0.07947127774276472 0.07014002686943391 0.060808775996103105 0.051477525122772295 0.04214627424944149 0.03281502337609478 0.02348377250276397 0.01415252162943316 0.004821270756102364 0.0 0.0 0.0 0.0 0.0 0.0 0.0 0.0 0.0 0.0 0.0 0.0 0.005790524449268845 0.017771250521972624 0.0297519765946764 0.041732702667380175 0.05371342874008395 0.06569415481278773 0.07767488088549152 0.08965560695819529 0.10163633303089907 0.11361705910360284 0.12559778517632705 0.13757851124903084 0.14376871287822723 0.14376871287822723 0.14376871287822723 0.14376871287822723 0.14376871287822723
0.17170985923368842 0.147974283546261 0.12423870785883356 0.10746503036275713 0.09813377948942632 0.08880252861609553 0.07947127774276472 0.07014002686943391 0.060808775996103105 0.051477525122772295 0.04214627424944149 0.03281502337609478 0.02348377250276397 0.01415252162943316 0.004821270756102364 0.0 0.0 0.0 0.0 0.0 0.0 0.0 0.0 0.0 0.0 0.0 0.0 0.005790524449268845 0.017771250521972624 0.0297519765946764 0.041732702667380175 0.05371342874008395 0.06569415481278773 0.07767488088549152 -9999.0 -9999.0 -9999.0 -9999.0 -9999.0 0.14376871287822723 0.14376871287822723 0.14376871287822723 0.14376871287822723 0.14376871287822723
0.17170985923368842 0.147974283546261 0.12423870785883356 0.10746503036275713 0.09813377948942632 0.08880252861609553 0.07947127774276472 0.07014002686943391 0.060808775996103105 0.051477525122772295 0.04214627424944149 0.03281502337609478 0.02348377250276397 0.01415252162943316 0.004821270756102364 0.0 0.0 0.0 0.0 0.0 0.0 0.0 0.0 0.0 0.0 0.0 0.0 0.005790524449268845 0.017771250521972624 0.0297519765946764 0.041732702667380175 0.05371342874008395 0.06569415481278773 -9999.0 -9999.0 -9999.0 -9999.0 -9999.0 -9999.0 0.14376871287822723 0.14376871287822723 0.14376871287822723 0.14376871287822723 0.14376871287822723
0.17170985923368842 0.147974283546261 0.12423870785883356 0.10746503036275713 0.09813377948942632 0.08880252861609553 0.07947127774276472 0.07014002686943391 0.060808775996103105 0.051477525122772295 0.04214627424944149 0.03281502337609478 0.02348377250276397 0.01415252162943316 0.004821270756102364 0.0 0.0 0.0 0.0 0.0 0.0 0.0 0.0 0.0 0.0 0.0 0.0 0.005790524449268845 0.017771250521972624 0.0297519765946764 0.041732702667380175 0.05371342874008395 -9999.0 -9999.0 -9999.0 -9999.0 -9999.0 -9999.0 -9999.0 -9999.0 0.14376871287822723 0.14376871287822723 0.14376871287822723 -9999.0
0.17170985923368842 0.147974283546261 0.12423870785883356 0.10746503036275713 0.09813377948942632 0.08880252861609553 0.07947127774276472 0.07014002686943391 0.060808775996103105 0.051477525122772295 0.04214627424944149 0.03281502337609478 0.02348377250276397 0.01415252162943316 0.004821270756102364 0.0 0.0 0.0 0.0 0.0 0.0 0.0 0.0 0.0 0.0 0.0 0.0 0.005790524449268845 0.017771250521972624 0.0297519765946764 0.041732702667380175 -9999.0 -9999.0 -9999.0 -9999.0 -9999.0 -9999.0 -9999.0 -9999.0 -9999.0 -9999.0 -9999.0 -9999.0 -9999.0
0.17170985923368842 0.147974283546261 0.12423870785883356 0.10746503036275713 0.09813377948942632 0.08880252861609553 0.07947127774276472 0.07014002686943391 0.060808775996103105 0.051477525122772295 0.04214627424944149 0.03281502337609478 0.02348377250276397 0.01415252162943316 0.004821270756102364 0.0 0.0 0.0 0.0 0.0 0.0 0.0 0.0 0.0 0.0 0.0 0.0 0.005790524449268845 0.017771250521972624 0.0297519765946764 -9999.0 -9999.0 -9999.0 -9999.0 -9999.0 -9999.0 -9999.0 -9999.0 -9999.0 -9999.0 -9999.0 -9999.0 -9999.0 -9999.0
0.1658480557246742 0.14264955137891608 0.11945104703315795 0.10313651804365238 0.09418111440380328 0.08522571076395419 0.07627030712410508 0.06731490348425598 0.05835949984440687 0.04940409620455777 0.04044869256470866 0.03149328892484429 0.022537885284995188 0.013582481645146083 0.004627078005296992 0.0 -9999.0 0.0 0.0 0.0 0.0 0.0 0.0 0.0 0.0 0.0 0.0 0.005668026285559751 0.017395300886524523 -9999.0 -9999.0 -9999.0 -9999.0 -9999.0 -9999.0 -9999.0 -9999.0 -9999.0 -9999.0 -9999.0 -9999.0 -9999.0 -9999.0 -9999.0
0.15372035368735834 0.1316330161001807 0.10954567851300301 0.09418109884711548 0.0860032994466794 0.0778255000462433 0.06964770064580722 0.061469901245371134 0.05329210184493505 0.045114302444498953 0.03693650304406287 0.02875870364361284 0.020580904243176754 -9999.0 -9999.0 -9999.0 -9999.0 -9999.0 -9999.0 -9999.0 0.0 0.0 0.0 0.0 0.0 0.0 0.0 0.005414585304930216 0.01661748478389662 -9999.0 -9999.0 -9999.0 -9999.0 -9999.0 -9999.0 -9999.0 -9999.0 -9999.0 -9999.0 -9999.0 -9999.0 -9999.0 -9999.0 -9999.0
0.14159265165003732 0.12061648082144058 0.09964030999284385 0.08522567965057475 0.07782548448955201 0.07042528932852926 0.06302509416750653 0.05562489900648379 0.04822470384546105 0.040824508684438314 0.03342431352341557 0.026024118362380222 0.018623923201357473 -9999.0 -9999.0 -9999.0 -9999.0 -9999.0 -9999.0 -9999.0 -9999.0 0.0 0.0 0.0 0.0 0.0 0.0 0.005161144324300572 0.015839668681268383 -9999.0 -9999.0 -9999.0 -9999.0 -9999.0 -9999.0 -9999.0 -9999.0 -9999.0 -9999.0 -9999.0 -9999.0 -9999.0 -9999.0 -9999.0
-9999.0 -9999.0 0.0897349414726889 0.07627026045403786 0.06964766953242812 0.06302507861081841 0.056402487689208684 0.04977989676759896 0.04315730584598924 0.03653471492437951 0.02991212400276979 -9999.0 -9999.0 -9999.0 -9999.0 -9999.0 -9999.0 -9999.0 -9999.0 -9999.0 -9999.0 0.0 0.0 0.0 0.0 0.0 0.0 0.0049077033436710354 -9999.0 -9999.0 -9999.0 -9999.0 -9999.0 -9999.0 -9999.0 -9999.0 -9999.0 -9999.0 -9999.0 -9999.0 -9999.0 -9999.0 -9999.0 -9999.0
-9999.0 -9999.0 -9999.0 0.06731484125750095 0.06146985457530424 0.055624867893107534 0.04977988121091083 0.043934894528714116 0.03808990784651741 0.032244921164320706 0.026399934482124 -9999.0 -9999.0 -9999.0 -9999.0 -9999.0 -9999.0 -9999.0 -9999.0 -9999.0 -9999.0 -9999.0 0.0 0.0 0.0 0.0 -9999.0 0.0046542623630415 -9999.0 -9999.0 -9999.0 -9999.0 -9999.0 -9999.0 -9999.0 -9999.0 -9999.0 -9999.0 -9999.0 -9999.0 -9999.0 -9999.0 -9999.0 -9999.0
-9999.0 -9999.0 -9999.0 -9999.0 0.05329203961817686 0.0482246571753935 0.04315727473261015 0.03808989228982679 0.03302250984704343 0.027955127404260066 -9999.0 -9999.0 -9999.0 -9999.0 -9999.0 -9999.0 -9999.0 -9999.0 -9999.0 -9999.0 -9999.0 -9999.0 -9999.0 -9999.0 -9999.0 -9999.0 -9999.0 -9999.0 -9999.0 -9999.0 -9999.0 -9999.0 -9999.0 -9999.0 -9999.0 -9999.0 -9999.0 -9999.0 -9999.0 -9999.0 -9999.0 -9999.0 -9999.0 -9999.0
