Figures/CREST_Example_wjb_NSE/Rolling_result/20100722/BJP_forecast/ens_3/wjb.rain.20100724.asc
ncols            288
nrows            254
xllcorner        113.274861
yllcorner        31.4918055
cellsize         0.008333333333
NODATA_value     -9999
[rows 100 to 119 of 254, columns 44 to 87 of 288]
19.421124685071643 19.421124685071643 19.421124685071643 19.421124685071643 19.421124685071643 19.421124685071643 19.421124685071643 12.63607497231613 12.41099176438985 12.185908556463955 11.960825348538059 11.735742140612164 11.510658932686267 11.285575724760372 11.060492516834476 10.83540930890858 10.610326100982684 10.385242893056787 10.160159685130893 10.087834938142162 10.17881243892661 10.269789939711211 10.360767440495657 10.451744941280104 10.542722442064552 10.633699942848997 10.724677443633444 10.815654944417892 10.906632445202337 10.997609945986785 11.088587446771232 11.202801619861928 11.341856320949612 11.480911022037297 11.619965723125219 11.759020424212904 11.89807512530059 12.037129826388274 12.176184527475959 12.315239228563645 12.454293929651328 12.593348630739014 12.7324033318267 12.791885080484501
19.421124685071643 19.421124685071643 19.421124685071643 19.421124685071643 19.421124685071643 19.421124685071643 19.421124685071643 12.315674071454422 12.11487146512217 11.914068858790259 11.713266252458347 11.512463646126436 11.311661039794526 11.110858433462615 10.910055827130705 10.709253220798793 10.508450614466883 10.307648008134972 10.10684540180306 10.034912025335856 10.100742768620822 10.1665735119059 10.232404255190865 10.29823499847583 10.364065741760795 10.429896485045761 10.495727228330727 10.561557971615692 10.627388714900658 10.693219458185622 10.759050201470588 10.882236383960642 11.066736827571058 11.251237271181472 11.435737714792202 11.620238158402616 11.804738602013032 11.989239045623446 12.173739489233862 12.358239932844276 12.542740376454692 12.727240820065106 12.911741263675522 12.98436780293022
19.421124685071643 19.421124685071643 19.421124685071643 19.421124685071643 19.421124685071643 19.421124685071643 19.421124685071643 11.995273170592714 11.818751165854488 11.642229161116562 11.465707156378636 11.28918515164071 11.112663146902785 10.93614114216486 10.759619137426935 10.583097132689009 10.406575127951083 10.230053123213157 10.053531118475231 9.981989112529552 10.022673098315037 10.063357084100591 10.104041069886074 10.144725055671557 10.185409041457042 10.226093027242527 10.26677701302801 10.307460998813493 10.348144984598978 10.388828970384461 10.429512956169946 10.561671148059359 10.791617334192503 11.021563520325648 11.251509706459185 11.48145589259233 11.711402078725476 11.94134826485862 12.171294450991764 12.40124063712491 12.631186823258055 12.8611330093912 13.091079195524344 13.17685052537594
19.421124685071643 19.421124685071643 19.421124685071643 19.421124685071643 19.421124685071643 19.421124685071643 19.421124685071643 11.674872269731004 11.522630866586804 11.370389463442864 11.218148060298924 11.065906657154983 10.913665254011043 10.761423850867102 10.609182447723162 10.45694104457922 10.304699641435281 10.152458238291342 10.0002168351474 9.929066199723248 9.94460342800925 9.96014065629528 9.975677884581282 9.991215112867286 10.006752341153287 10.022289569439291 10.037826797725293 10.053364026011296 10.068901254297298 10.084438482583302 10.099975710869304 10.241105912158075 10.51649784081395 10.791889769469824 11.06728169812617 11.342673626782044 11.61806555543792 11.893457484093794 12.168849412749669 12.444241341405544 12.719633270061419 12.995025198717293 13.270417127373168 13.369333247821661
19.421124685071643 19.421124685071643 19.421124685071643 19.421124685071643 19.421124685071643 19.421124685071643 19.421124685071643 11.354471368869296 11.226510567319123 11.098549765769167 10.970588964219212 10.842628162669257 10.714667361119302 10.586706559569345 10.45874575801939 10.330784956469435 10.20282415491948 10.074863353369524 9.94690255181957 9.876143286916943 9.866533757703463 9.85692422848997 9.84731469927649 9.83770517006301 9.828095640849533 9.818486111636053 9.808876582422576 9.799267053209096 9.789657523995617 9.780047994782139 9.77043846556866 9.92054067625679 10.241378347435395 10.562216018614 10.883053689793151 11.203891360971756 11.524729032150361 11.845566703328966 12.166404374507572 12.487242045686177 12.808079716864782 13.128917388043385 13.44975505922199 13.56181597026738
19.421124685071643 19.421124685071643 19.421124685071643 19.421124685071643 19.421124685071643 19.421124685071643 19.421124685071643 11.034070468007316 10.93039026805119 10.82671006809524 10.72302986813929 10.61934966818334 10.51566946822739 10.41198926827144 10.308309068315491 10.204628868359542 10.100948668403593 9.997268468447643 9.893588268491694 9.823220374110594 9.788464087397612 9.753707800684571 9.71895151397159 9.684195227258607 9.649438940545625 9.614682653832643 9.579926367119663 9.545170080406681 9.510413793693699 9.475657506980717 9.440901220267737 9.599975440355232 9.966258854056607 10.33254226775798 10.698825681459978 11.065109095161352 11.431392508862725 11.7976759225641 12.163959336265473 12.530242749966845 12.89652616366822 13.262809577369595 13.629092991070967 13.754298692713265
19.421124685071643 19.421124685071643 19.421124685071643 19.421124685071643 19.421124685071643 19.421124685071643 19.421124685071643 10.713669567145608 10.634269968783508 10.554870370421543 10.475470772059579 10.396071173697614 10.316671575335649 10.237271976973684 10.15787237861172 10.078472780249756 9.999073181887791 9.919673583525826 9.840273985163861 9.770297461304288 9.710394417091825 9.65049137287926 9.590588328666797 9.530685284454334 9.47078224024187 9.41087919602941 9.350976151816946 9.291073107604483 9.23117006339202 9.171267019179556 9.111363974967094 9.27941020445395 9.691139360678052 10.102868516902156 10.51459767312696 10.926326829351064 11.338055985575167 11.749785141799272 12.161514298023375 12.573243454247478 12.984972610471582 13.396701766695685 13.80843092291979 13.946781415158984
19.421124685071643 19.421124685071643 19.421124685071643 19.421124685071643 19.421124685071643 19.421124685071643 19.421124685071643 10.3932686662839 10.338149669515825 10.283030672747847 10.227911675979867 10.172792679211888 10.117673682443908 10.062554685675929 10.007435688907949 9.95231669213997 9.89719769537199 9.842078698604011 9.78695970183603 9.717374548497983 9.632324746786038 9.54727494507395 9.462225143362005 9.37717534165006 9.292125539938116 9.207075738226173 9.122025936514229 9.036976134802284 8.95192633309034 8.866876531378395 8.781826729666452 8.958844968552665 9.416019867299498 9.873194766046332 10.330369664793945 10.787544563540777 11.24471946228761 11.701894361034444 12.159069259781278 12.616244158528112 13.073419057274945 13.530593956021779 13.98776885476861 14.139264137604703
19.421124685071643 19.421124685071643 19.421124685071643 19.421124685071643 19.421124685071643 19.421124685071643 19.421124685071643 10.072867765422192 10.042029370248144 10.01119097507415 9.980352579900156 9.949514184726162 9.918675789552166 9.887837394378172 9.856998999204178 9.826160604030184 9.79532220885619 9.764483813682196 9.733645418508202 9.664451635691679 9.554255076480253 9.44405851726864 9.333861958057215 9.223665398845789 9.113468839634363 9.003272280422937 8.893075721211511 8.782879162000086 8.67268260278866 8.562486043577234 8.452289484365808 8.63827973265138 9.140900373920942 9.643521015190506 10.146141656460927 10.64876229773049 11.151382939000055 11.654003580269617 12.15662422153918 12.659244862808745 13.161865504078307 13.664486145347873 14.167106786617435 14.331746860050423
7.293742336369295 7.713347957840062 8.13295357931083 8.552559200781598 8.972164822252365 9.391770443723132 9.811376065193901 10.019508969423066 10.001572759115934 9.983636548808832 9.96570033850173 9.947764128194628 9.929827917887526 9.911891707580423 9.893955497273321 9.87601928696622 9.858083076659117 9.840146866352013 9.822210656044911 9.759406952488954 9.64863888444192 9.537870816394697 9.427102748347663 9.31633468030063 9.205566612253595 9.094798544206562 8.984030476159528 8.873262408112494 8.76249434006546 8.651726272018426 8.540958203971392 8.732975037087263 9.248675774476292 9.76437651186532 10.280077249255227 10.795777986644255 11.311478724033284 11.827179461422311 12.34288019881134 12.858580936200369 13.374281673589396 13.889982410978424 14.405683148367451 14.574076206188844
7.66435240173845 8.062647318771358 8.460942235804268 8.859237152837176 9.257532069870084 9.655826986902994 10.054121903935902 10.25160134794747 10.234404512374207 10.217207676800973 10.200010841227739 10.182814005654503 10.16561717008127 10.148420334508033 10.1312234989348 10.114026663361566 10.09682982778833 10.079632992215096 10.062436156641862 10.012434773802038 9.927364588403261 9.842294403004336 9.75722421760556 9.67215403220678 9.587083846808003 9.502013661409224 9.416943476010447 9.331873290611668 9.24680310521289 9.161732919814112 9.076662734415335 9.271557679190428 9.765741677174502 10.259925675158577 10.754109673143494 11.248293671127568 11.742477669111643 12.236661667095717 12.730845665079793 13.225029663063866 13.719213661047942 14.213397659032015 14.70758165701609 14.869688450492088
8.03496246710792 8.41194667970295 8.788930892297984 9.165915104893013 9.542899317488047 9.919883530083078 10.29686774267811 10.483693726472072 10.467236265632678 10.45077880479331 10.434321343953945 10.41786388311458 10.401406422275212 10.384948961435846 10.36849150059648 10.352034039757113 10.335576578917747 10.319119118078381 10.302661657239014 10.265462595115338 10.206090292364838 10.146717989614237 10.087345686863735 10.027973384113235 9.968601081362735 9.909228778612235 9.849856475861733 9.790484173111233 9.731111870360733 9.671739567610233 9.612367264859733 9.81014032129405 10.282807579873152 10.755474838452255 11.228142097032164 11.700809355611266 12.17347661419037 12.646143872769473 13.118811131348576 13.591478389927678 14.06414564850678 14.536812907085885 15.009480165664986 15.165300694795587
8.405572532477075 8.761246040634248 9.11691954879142 9.472593056948593 9.828266565105766 10.183940073262939 10.539613581420111 10.715786104996477 10.700068018890951 10.684349932785452 10.668631846679954 10.652913760574455 10.637195674468956 10.621477588363456 10.605759502257959 10.59004141615246 10.57432333004696 10.55860524394146 10.542887157835963 10.51849041642842 10.484815996326176 10.451141576223874 10.41746715612163 10.383792736019386 10.350118315917141 10.316443895814897 10.282769475712652 10.249095055610407 10.215420635508163 10.18174621540592 10.148071795303675 10.348722963397213 10.799873482571362 11.251024001745511 11.70217452092043 12.153325040094579 12.60447555926873 13.055626078442879 13.506776597617028 13.957927116791177 14.409077635965327 14.860228155139477 15.311378674313627 15.460912939098831
8.776182597846228 9.110545401565542 9.444908205284856 9.77927100900417 10.113633812723485 10.447996616442797 10.782359420162113 10.94787848352088 10.932899772149224 10.917921060777593 10.902942349405961 10.88796363803433 10.8729849266627 10.858006215291068 10.843027503919437 10.828048792547806 10.813070081176175 10.798091369804544 10.783112658432913 10.771518237741505 10.763541700287517 10.755565162833514 10.747588625379526 10.739612087925536 10.731635550471548 10.72365901301756 10.715682475563572 10.707705938109582 10.699729400655594 10.691752863201605 10.683776325747617 10.887305605500377 11.316939385269572 11.746573165038768 12.176206944808698 12.605840724577893 13.03547450434709 13.465108284116285 13.89474206388548 14.324375843654677 14.754009623423872 15.183643403193068 15.613277182962264 15.756525183402076
9.146792663215383 9.459844762496838 9.772896861778293 10.085948961059747 10.399001060341202 10.712053159622657 11.025105258904112 11.179970862045282 11.165731525407494 11.151492188769732 11.137252852131969 11.123013515494206 11.108774178856441 11.094534842218678 11.080295505580915 11.066056168943152 11.051816832305388 11.037577495667625 11.023338159029862 11.02454605905459 11.042267404248857 11.059988749443153 11.077710094637421 11.095431439831689 11.113152785025955 11.130874130220223 11.148595475414488 11.166316820608756 11.184038165803024 11.20175951099729 11.219480856191558 11.425888247603538 11.83400528796778 12.242122328332023 12.650239368696962 13.058356409061204 13.466473449425447 13.87459048978969 14.282707530153932 14.690824570518174 15.098941610882417 15.507058651246659 15.915175691610902 16.052137427705322
9.517402728584539 9.809144123428133 10.100885518271731 10.392626913115325 10.684368307958922 10.976109702802518 11.267851097646114 11.412063240569688 11.398563278665769 11.385063316761872 11.371563354857978 11.358063392954081 11.344563431050187 11.33106346914629 11.317563507242394 11.304063545338499 11.290563583434603 11.277063621530708 11.263563659626811 11.277573880367674 11.320993108210198 11.364412336052794 11.407831563895316 11.45125079173784 11.494670019580363 11.538089247422885 11.581508475265409 11.62492770310793 11.668346930950454 11.711766158792976 11.7551853866355 11.964470889706702 12.35107119066599 12.73767149162528 13.12427179258523 13.510872093544519 13.897472394503808 14.284072695463097 14.670672996422386 15.057273297381675 15.443873598340964 15.830473899300253 16.217074200259542 16.347749672008568
9.888012793953692 10.15844348435943 10.428874174765166 10.699304865170904 10.96973555557664 11.240166245982376 11.510596936388115 11.644155619094091 11.631395031924042 11.618634444754013 11.605873857583985 11.593113270413957 11.580352683243929 11.5675920960739 11.554831508903872 11.542070921733844 11.529310334563815 11.516549747393787 11.503789160223759 11.530601701680757 11.599718812171536 11.668835922662433 11.737953033153211 11.80707014364399 11.876187254134768 11.945304364625548 12.014421475116327 12.083538585607105 12.152655696097884 12.221772806588664 12.290889917079442 12.503053531809865 12.8681370933642 13.233220654918536 13.598304216473494 13.96338777802783 14.328471339582165 14.693554901136501 15.058638462690837 15.423722024245173 15.788805585799508 16.153889147353844 16.51897270890818 16.64336191631181
10.258622859322848 10.507742845290727 10.756862831258605 11.005982817226482 11.25510280319436 11.504222789162238 11.753342775130116 11.876247997618496 11.864226785182314 11.852205572746154 11.840184360309994 11.828163147873832 11.816141935437672 11.804120723001512 11.79209951056535 11.78007829812919 11.76805708569303 11.75603587325687 11.744014660820708 11.783629522993841 11.878444516132877 11.973259509272072 12.068074502411108 12.162889495550141 12.257704488689175 12.35251948182821 12.447334474967244 12.54214946810628 12.636964461245313 12.731779454384348 12.826594447523382 13.041636173913028 13.38520299606241 13.728769818211791 14.07233664036176 14.415903462511142 14.759470284660525 15.103037106809907 15.44660392895929 15.790170751108672 16.133737573258053 16.477304395407437 16.82087121755682 16.938974160615057
10.629232924692317 10.857042206222319 11.084851487752319 11.31266076928232 11.54047005081232 11.768279332342322 11.996088613872324 12.108340376143097 12.097058538440784 12.085776700738492 12.0744948630362 12.063213025333908 12.051931187631617 12.040649349929323 12.029367512227031 12.01808567452474 12.006803836822447 11.995521999120154 11.984240161417862 12.036657344307141 12.157170220094454 12.27768309588197 12.398195971669283 12.518708847456596 12.639221723243908 12.759734599031221 12.880247474818534 13.000760350605844 13.121273226393157 13.24178610218047 13.362298977967782 13.580218816016652 13.902268898761061 14.224318981505473 14.546369064250431 14.868419146994842 15.190469229739252 15.512519312483663 15.834569395228073 16.156619477972484 16.478669560716895 16.800719643461303 17.122769726205714 17.234586404918552
10.999842990061472 11.206341567153615 11.412840144245756 11.619338721337899 11.82583729843004 12.032335875522183 12.238834452614325 12.340432754667502 12.329890291699058 12.319347828730633 12.30880536576221 12.298262902793784 12.28772043982536 12.277177976856935 12.266635513888511 12.256093050920086 12.24555058795166 12.235008124983237 12.224465662014811 12.289685165620226 12.435895924055794 12.582106682491611 12.728317440927178 12.874528199362747 13.020738957798315 13.166949716233884 13.31316047466945 13.459371233105019 13.605581991540587 13.751792749976154 13.898003508411723 14.118801458119814 14.41933480145927 14.719868144798728 15.020401488138697 15.320934831478155 15.621468174817611 15.922001518157069 16.222534861496527 16.523068204835983 16.82360154817544 17.124134891514895 17.424668234854355 17.5301986492218
