Figures/CREST_Example_wjb_NSE/Rolling_result/20100722/BJP_forecast/ens_3/wjb.rain.20100718.asc
ncols            288
nrows            254
xllcorner        113.274861
yllcorner        31.4918055
cellsize         0.008333333333
NODATA_value     -9999
[rows 60 to 79 of 254, columns 88 to 131 of 288]
15.59532144123681 15.59532144123681 15.59532144123681 15.59532144123681 15.59532144123681 15.59532144123681 15.59532144123681 15.59532144123681 15.59532144123681 15.59532144123681 15.59532144123681 15.64416568619157 15.745225533404517 15.846285380617463 15.947345227830409 16.048405075043355 16.149464922256474 16.25052476946942 16.351584616682366 16.45264446389531 16.55370431110826 16.654764158321203 16.75582400553415 16.808039607840936 16.808039607840936 16.808039607840936 16.808039607840936 16.808039607840936 16.808039607840936 16.808039607840936 16.808039607840936 16.808039607840936 16.808039607840936 16.808039607840936 16.808039607840936 16.602022003927114 16.175766922384753 15.749511840842391 15.323256759300032 14.89700167775767 14.47074659621531 14.044491514672949 13.61823643312986 13.191981351587499
16.005462631142493 16.005462631142493 16.005462631142493 16.005462631142493 16.005462631142493 16.005462631142493 16.005462631142493 16.005462631142493 16.005462631142493 16.005462631142493 16.005462631142493 16.00541205215696 16.005307403092267 16.00520275402757 16.00509810496288 16.004993455898187 16.004888806833492 16.0047841577688 16.004679508704108 16.004574859639412 16.00447021057472 16.004365561510028 16.004260912445332 16.004206842366123 16.004206842366123 16.004206842366123 16.004206842366123 16.004206842366123 16.004206842366123 16.004206842366123 16.004206842366123 16.004206842366123 16.004206842366123 16.004206842366123 16.004206842366123 15.821263227493741 15.442748751091516 15.06423427468929 14.685719798287066 14.30720532188484 13.928690845482617 13.55017636908039 13.17166189267752 12.793147416275295
16.35835134192516 16.35835134192516 16.35835134192516 16.35835134192516 16.35835134192516 16.35835134192516 16.35835134192516 16.35835134192516 16.35835134192516 16.35835134192516 16.35835134192516 16.339451166498932 16.300346276196265 16.2612413858936 16.222136495590934 16.183031605288267 16.143926714985533 16.10482182468287 16.0657169343802 16.026612044077535 15.987507153774867 15.9484022634722 15.909297373169535 15.88909265827429 15.88909265827429 15.88909265827429 15.88909265827429 15.88909265827429 15.88909265827429 15.88909265827429 15.88909265827429 15.88909265827429 15.88909265827429 15.88909265827429 15.88909265827429 15.75601592580056 15.480677156810168 15.20533838781978 14.92999961882939 14.654660849839 14.379322080848612 14.103983311858222 13.828644542867362 13.553305773876973
16.711240052707826 16.711240052707826 16.711240052707826 16.711240052707826 16.711240052707826 16.711240052707826 16.711240052707826 16.711240052707826 16.711240052707826 16.711240052707826 16.711240052707826 16.673490280840905 16.595385149300263 16.517280017759624 16.439174886218986 16.361069754678347 16.282964623137573 16.204859491596935 16.126754360056292 16.048649228515654 15.970544096975013 15.892438965434375 15.814333833893734 15.773978474182456 15.773978474182456 15.773978474182456 15.773978474182456 15.773978474182456 15.773978474182456 15.773978474182456 15.773978474182456 15.773978474182456 15.773978474182456 15.773978474182456 15.773978474182456 15.690768624107376 15.51860556252882 15.346442500950268 15.174279439371714 15.00211637779316 14.829953316214606 14.657790254636053 14.485627193057205 14.313464131478652
17.064128763490494 17.064128763490494 17.064128763490494 17.064128763490494 17.064128763490494 17.064128763490494 17.064128763490494 17.064128763490494 17.064128763490494 17.064128763490494 17.064128763490494 17.00752939518288 16.890424022404265 16.77331864962565 16.65621327684704 16.539107904068427 16.422002531289614 16.304897158511 16.187791785732387 16.070686412953773 15.95358104017516 15.836475667396549 15.719370294617935 15.658864290090623 15.658864290090623 15.658864290090623 15.658864290090623 15.658864290090623 15.658864290090623 15.658864290090623 15.658864290090623 15.658864290090623 15.658864290090623 15.658864290090623 15.658864290090623 15.625521322414192 15.556533968247473 15.487546614080756 15.418559259914037 15.34957190574732 15.280584551580601 15.211597197413884 15.142609843247048 15.07362248908033
17.41701747427316 17.41701747427316 17.41701747427316 17.41701747427316 17.41701747427316 17.41701747427316 17.41701747427316 17.41701747427316 17.41701747427316 17.41701747427316 17.41701747427316 17.341568509524848 17.185462895508262 17.029357281491677 16.87325166747509 16.717146053458503 16.56104043944165 16.404934825425066 16.248829211408477 16.092723597391892 15.936617983375307 15.78051236935872 15.624406755342134 15.543750105998788 15.543750105998788 15.543750105998788 15.543750105998788 15.543750105998788 15.543750105998788 15.543750105998788 15.543750105998788 15.543750105998788 15.543750105998788 15.543750105998788 15.543750105998788 15.560274020721007 15.594462373966124 15.628650727211243 15.66283908045636 15.697027433701479 15.731215786946596 15.765404140191714 15.79959249343689 15.833780846682009
17.769906185056126 17.769906185056126 17.769906185056126 17.769906185056126 17.769906185056126 17.769906185056126 17.769906185056126 17.769906185056126 17.769906185056126 17.769906185056126 17.769906185056126 17.675607623867105 17.480501768612513 17.28539591335792 17.090290058103328 16.895184202848732 16.70007834759381 16.504972492339217 16.309866637084625 16.11476078183003 15.919654926575438 15.724549071320844 15.529443216066252 15.428635921906855 15.428635921906855 15.428635921906855 15.428635921906855 15.428635921906855 15.428635921906855 15.428635921906855 15.428635921906855 15.428635921906855 15.428635921906855 15.428635921906855 15.428635921906855 15.495026719027766 15.632390779684808 15.76975484034185 15.907118900998892 16.044482961655934 16.181847022312976 16.319211082970018 16.456575143627294 16.593939204284336
18.12279489583879 18.12279489583879 18.12279489583879 18.12279489583879 18.12279489583879 18.12279489583879 18.12279489583879 18.12279489583879 18.12279489583879 18.12279489583879 18.12279489583879 18.009646738209074 17.77554064171651 17.541434545223943 17.30732844873138 17.073222352238812 16.839116255745846 16.605010159253283 16.370904062760715 16.136797966268148 15.902691869775584 15.668585773283018 15.434479676790453 15.313521737815021 15.313521737815021 15.313521737815021 15.313521737815021 15.313521737815021 15.313521737815021 15.313521737815021 15.313521737815021 15.313521737815021 15.313521737815021 15.313521737815021 15.313521737815021 15.429779417334583 15.67031918540346 15.910858953472339 16.151398721541216 16.391938489610094 16.63247825767897 16.873018025747847 17.113557793817137 17.354097561886014
18.47568360662146 18.47568360662146 18.47568360662146 18.47568360662146 18.47568360662146 18.47568360662146 18.47568360662146 18.47568360662146 18.47568360662146 18.47568360662146 18.47568360662146 18.34368585255105 18.07057951482051 17.79747317708997 17.52436683935943 17.25126050162889 16.978154163897887 16.70504782616735 16.43194148843681 16.15883515070627 15.885728812975731 15.612622475245193 15.339516137514654 15.198407553723188 15.198407553723188 15.198407553723188 15.198407553723188 15.198407553723188 15.198407553723188 15.198407553723188 15.198407553723188 15.198407553723188 15.198407553723188 15.198407553723188 15.198407553723188 15.3645321156414 15.708247591122113 16.051963066602827 16.39567854208354 16.739394017564255 17.083109493044965 17.42682496852568 17.77054044400698 18.114255919487693
18.828572317404124 18.828572317404124 18.828572317404124 18.828572317404124 18.828572317404124 18.828572317404124 18.828572317404124 18.828572317404124 18.828572317404124 18.828572317404124 18.828572317404124 18.67772496689302 18.365618387924506 18.053511808955996 17.741405229987482 17.42929865101897 17.117192072049924 16.805085493081414 16.4929789141129 16.18087233514439 15.868765756175875 15.556659177207363 15.244552598238851 15.083293369631352 15.083293369631352 15.083293369631352 15.083293369631352 15.083293369631352 15.083293369631352 15.083293369631352 15.083293369631352 15.083293369631352 15.083293369631352 15.083293369631352 15.083293369631352 15.299284813948214 15.746175996840764 16.193067179733312 16.639958362625862 17.08684954551841 17.53374072841096 17.980631911303508 18.42752309419682 18.874414277089368
19.18146102818679 19.18146102818679 19.18146102818679 19.18146102818679 19.18146102818679 19.18146102818679 19.18146102818679 19.18146102818679 19.18146102818679 19.18146102818679 19.18146102818679 19.01176408123499 18.660657261028504 18.30955044082202 17.958443620615533 17.607336800409048 17.256229980201965 16.90512315999548 16.554016339788994 16.20290951958251 15.851802699376023 15.500695879169538 15.149589058963052 14.968179185539519 14.968179185539519 14.968179185539519 14.968179185539519 14.968179185539519 14.968179185539519 14.968179185539519 14.968179185539519 14.968179185539519 14.968179185539519 14.968179185539519 14.968179185539519 15.234037512255032 15.784104402559416 16.3341712928638 16.884238183168186 17.434305073472572 17.984371963776958 18.53443885408134 19.084505744386664 19.63457263469105
19.534349738969457 19.534349738969457 19.534349738969457 19.534349738969457 19.534349738969457 19.534349738969457 19.534349738969457 19.534349738969457 19.534349738969457 19.534349738969457 19.534349738969457 19.345803195576963 18.955696134132506 18.565589072688045 18.175482011243588 17.785374949799127 17.395267888354006 17.005160826909545 16.615053765465085 16.224946704020628 15.834839642576169 15.44473258113171 15.05462551968725 14.853065001447684 14.853065001447684 14.853065001447684 14.853065001447684 14.853065001447684 14.853065001447684 14.853065001447684 14.853065001447684 14.853065001447684 14.853065001447684 14.853065001447684 14.853065001447684 15.168790210561847 15.822032808278067 16.47527540599429 17.128518003710507 17.78176060142673 18.43500319914295 19.08824579685917 19.741488394576507 20.394730992292725
19.887238449752424 19.887238449752424 19.887238449752424 19.887238449752424 19.887238449752424 19.887238449752424 19.887238449752424 19.887238449752424 19.887238449752424 19.887238449752424 19.887238449752424 19.67984230991922 19.250735007236756 18.821627704554288 18.392520401871824 17.96341309918936 17.53430579650616 17.105198493823696 16.676091191141232 16.246983888458765 15.8178765857763 15.388769283093836 14.95966198041137 14.737950817355753 14.737950817355753 14.737950817355753 14.737950817355753 14.737950817355753 14.737950817355753 14.737950817355753 14.737950817355753 14.737950817355753 14.737950817355753 14.737950817355753 14.737950817355753 15.103542908868608 15.859961213996751 16.616379519124898 17.37279782425304 18.129216129381184 18.885634434509328 19.642052739637474 20.398471044766907 21.154889349895054
19.858060360924686 19.858060360924686 19.858060360924686 19.858060360924686 19.858060360924686 19.858060360924686 19.858060360924686 19.858060360924686 19.858060360924686 19.858060360924686 19.858060360924686 19.639783917302854 19.18816502007066 18.736546122838465 18.284927225606275 17.83330832837408 17.381689431141115 16.93007053390892 16.478451636676727 16.026832739444533 15.575213842212339 15.123594944980145 14.67197604774795 14.438633593920407 14.438633593920407 14.438633593920407 14.438633593920407 14.438633593920407 14.438633593920407 14.438633593920407 14.438633593920407 14.438633593920407 14.438633593920407 14.438633593920407 14.438633593920407 14.822225646934601 15.61588627947435 16.409546912014097 17.203207544553845 17.996868177093596 18.790528809633344 19.58418944217309 20.377850074714193 21.17151070725394
19.420476952934234 19.420476952934234 19.420476952934234 19.420476952934234 19.420476952934234 19.420476952934234 19.420476952934234 19.420476952934234 19.420476952934234 19.420476952934234 19.420476952934234 19.199838876898486 18.74333370880378 18.28682854070908 17.83032337261438 17.37381820451968 16.917313036424197 16.460807868329496 16.004302700234796 15.547797532140093 15.09129236404539 14.63478719595069 14.178282027855987 13.942414935577503 13.942414935577503 13.942414935577503 13.942414935577503 13.942414935577503 13.942414935577503 13.942414935577503 13.942414935577503 13.942414935577503 13.942414935577503 13.942414935577503 13.942414935577503 14.309943220888952 15.070367554773004 15.830791888657055 16.591216222541107 17.351640556425156 18.11206489030921 18.87248922419326 19.632913558078606 20.39333789196266
18.98289354494378 18.98289354494378 18.98289354494378 18.98289354494378 18.98289354494378 18.98289354494378 18.98289354494378 18.98289354494378 18.98289354494378 18.98289354494378 18.98289354494378 18.759893836494115 18.298502397536907 17.837110958579697 17.375719519622486 16.91432808066528 16.452936641707282 15.991545202750071 15.53015376379286 15.068762324835651 14.607370885878442 14.145979446921231 13.684588007964024 13.446196277234598 13.446196277234598 13.446196277234598 13.446196277234598 13.446196277234598 13.446196277234598 13.446196277234598 13.446196277234598 13.446196277234598 13.446196277234598 13.446196277234598 13.446196277234598 13.797660794843305 14.524848830071658 15.252036865300013 15.979224900528367 16.70641293575672 17.433600970985076 18.160789006213427 18.887977041443023 19.615165076671378
18.54531013695333 18.54531013695333 18.54531013695333 18.54531013695333 18.54531013695333 18.54531013695333 18.54531013695333 18.54531013695333 18.54531013695333 18.54531013695333 18.54531013695333 18.319948796089747 17.85367108627003 17.387393376450312 16.921115666630595 16.454837956810877 15.988560246990364 15.522282537170646 15.056004827350929 14.589727117531211 14.123449407711494 13.657171697891776 13.190893988072059 12.949977618891694 12.949977618891694 12.949977618891694 12.949977618891694 12.949977618891694 12.949977618891694 12.949977618891694 12.949977618891694 12.949977618891694 12.949977618891694 12.949977618891694 12.949977618891694 13.285378368797655 13.979330105370313 14.67328184194297 15.367233578515629 16.061185315088288 16.755137051660945 17.449088788233603 18.143040524807443 18.8369922613801
18.107726728962877 18.107726728962877 18.107726728962877 18.107726728962877 18.107726728962877 18.107726728962877 18.107726728962877 18.107726728962877 18.107726728962877 18.107726728962877 18.107726728962877 17.880003755685376 17.408839775003152 16.937675794320924 16.4665118136387 15.995347832956476 15.524183852273445 15.053019871591221 14.581855890908995 14.11069191022677 13.639527929544546 13.16836394886232 12.697199968180094 12.45375896054879 12.45375896054879 12.45375896054879 12.45375896054879 12.45375896054879 12.45375896054879 12.45375896054879 12.45375896054879 12.45375896054879 12.45375896054879 12.45375896054879 12.45375896054879 12.773095942752006 13.433811380668967 14.094526818585928 14.75524225650289 15.41595769441985 16.07667313233681 16.73738857025377 17.39810400817186 18.05881944608882
17.670143320972425 17.670143320972425 17.670143320972425 17.670143320972425 17.670143320972425 17.670143320972425 17.670143320972425 17.670143320972425 17.670143320972425 17.670143320972425 17.670143320972425 17.44005871528101 16.964008463736274 16.48795821219154 16.01190796064681 15.535857709102075 15.059807457556529 14.583757206011796 14.107706954467062 13.63165670292233 13.155606451377597 12.679556199832863 12.20350594828813 11.957540302205885 11.957540302205885 11.957540302205885 11.957540302205885 11.957540302205885 11.957540302205885 11.957540302205885 11.957540302205885 11.957540302205885 11.957540302205885 11.957540302205885 11.957540302205885 12.260813516706358 12.888292655967621 13.515771795228886 14.143250934490151 14.770730073751416 15.398209213012679 16.025688352273946 16.65316749153628 17.28064663079754
17.2325599129816 17.2325599129816 17.2325599129816 17.2325599129816 17.2325599129816 17.2325599129816 17.2325599129816 17.2325599129816 17.2325599129816 17.2325599129816 17.2325599129816 17.000113674876264 16.519177152469016 16.03824063006177 15.557304107654527 15.076367585247281 14.595431062839216 14.114494540431972 13.633558018024726 13.152621495617481 12.671684973210237 12.19074845080299 11.709811928395746 11.461321643862558 11.461321643862558 11.461321643862558 11.461321643862558 11.461321643862558 11.461321643862558 11.461321643862558 11.461321643862558 11.461321643862558 11.461321643862558 11.461321643862558 11.461321643862558 11.748531090660272 12.342773931265812 12.93701677187135 13.531259612476891 14.12550245308243 14.71974529368797 15.31398813429351 15.90823097490006 16.502473815505603
