Figures/CREST_Example_wjb_NSE/Rolling_result/20100722/BJP_forecast/ens_3/wjb.rain.20100726.asc
ncols            288
nrows            254
xllcorner        113.274861
yllcorner        31.4918055
cellsize         0.008333333333
NODATA_value     -9999
[rows 168 to 188 of 254, columns 47 to 93 of 288]
18.951097545145064 17.588912979654168 16.226728414163276 14.86454384867238 14.217115722947705 14.333778386591765 14.450441050235629 14.56710371387949 14.683766377523352 14.800429041167215 14.917091704811076 15.033754368454938 15.150417032098801 15.267079695742662 15.383742359386524 15.500405023030387 15.347051454954808 14.905044431584434 14.463037408213307 14.021030384842932 13.579023361472558 13.137016338102184 12.69500931473181 12.253002291361437 11.810995267991062 11.368988244620688 10.926981221250314 10.48497419787994 10.149501617341985 9.927916764570908 9.70633191179983 9.484747059028376 9.263162206257299 9.041577353486222 8.819992500715145 8.59840764794407 8.376822795172993 8.155237942401916 7.933653089630839 7.712068236859762 7.633326248438646 7.707286511488787 7.781246774538928 7.85520703758907 7.929167300639338 8.003127563689478 8.07708782673962
2.3441119021842898 2.3441119021842898 2.3441119021842898 2.3441119021842898 2.3441119021842898 2.3441119021842898 2.3441119021842898 2.3441119021842898 2.3441119021842898 2.3441119021842898 2.3441119021842898 2.3441119021842898 2.3441119021842898 2.3441119021842898 2.3441119021842898 2.3441119021842898 15.376017876174034 14.927665928042723 14.479313979910646 14.030962031779335 13.582610083648024 13.134258135516713 12.685906187385402 12.237554239254091 11.78920229112278 11.34085034299147 10.892498394860159 10.444146446728848 10.10489933770728 9.882287768180916 9.659676198654552 9.437064629127807 9.214453059601441 8.991841490075076 8.76922992054871 8.546618351022346 8.324006781495981 8.101395211969617 7.878783642443251 7.6561720729168865 7.577279559363239 7.652025965935068 7.726772372506897 7.801518779078727 7.8762651856506825 7.951011592222512 8.02575799879434
2.3441119021842898 2.3441119021842898 2.3441119021842898 2.3441119021842898 2.3441119021842898 2.3441119021842898 2.3441119021842898 2.3441119021842898 2.3441119021842898 2.3441119021842898 2.3441119021842898 2.3441119021842898 2.3441119021842898 2.3441119021842898 2.3441119021842898 2.3441119021842898 15.059831972931677 14.597535489955659 14.135239006978853 13.672942524002835 13.210646041026818 12.748349558050801 12.286053075074783 11.823756592098766 11.361460109122747 10.89916362614673 10.436867143170712 9.974570660194695 9.637549812254836 9.434451450221847 9.23135308818886 9.028254726155524 8.825156364122535 8.622058002089547 8.418959640056558 8.21586127802357 8.012762915990582 7.809664553957593 7.606566191924605 7.403467829891616 7.334249731597259 7.408152662088547 7.482055592579836 7.555958523071124 7.629861453562538 7.703764384053827 7.7776673145451145
2.3441119021842898 2.3441119021842898 2.3441119021842898 2.3441119021842898 2.3441119021842898 2.3441119021842898 2.3441119021842898 2.3441119021842898 2.3441119021842898 2.3441119021842898 2.3441119021842898 2.3441119021842898 2.3441119021842898 2.3441119021842898 2.3441119021842898 2.3441119021842898 14.74364606968959 14.267405051868877 13.791164034047352 13.31492301622664 12.838681998405928 12.362440980585216 11.886199962764504 11.409958944943792 10.93371792712308 10.457476909302368 9.981235891481656 9.504994873660944 9.17020028680279 8.986615132263163 8.803029977723533 8.619444823183592 8.435859668643964 8.252274514104336 8.068689359564706 7.885104205025078 7.70151905048545 7.517933895945821 7.334348741406193 7.150763586866564 7.091219903831488 7.1642793582422355 7.237338812652984 7.310398267063732 7.383457721474604 7.456517175885353 7.529576630296101
2.3441119021842898 2.3441119021842898 2.3441119021842898 2.3441119021842898 2.3441119021842898 2.3441119021842898 2.3441119021842898 2.3441119021842898 2.3441119021842898 2.3441119021842898 2.3441119021842898 2.3441119021842898 2.3441119021842898 2.3441119021842898 2.3441119021842898 2.3441119021842898 14.4274601664475 13.937274613782094 13.44708906111585 12.956903508450445 12.466717955785038 11.97653240311963 11.486346850454225 10.996161297788818 10.505975745123411 10.015790192458006 9.525604639792599 9.035419087127192 8.702850761350742 8.538778814304473 8.374706867258205 8.210634920211657 8.046562973165388 7.88249102611912 7.718419079072852 7.554347132026583 7.3902751849803145 7.226203237934047 7.062131290887778 6.89805934384151 6.848190076065714 6.920406054395923 6.992622032726131 7.064838011056339 7.13705398938667 7.209269967716878 7.281485946047086
2.3441119021842898 2.3441119021842898 2.3441119021842898 2.3441119021842898 2.3441119021842898 2.3441119021842898 2.3441119021842898 2.3441119021842898 2.3441119021842898 2.3441119021842898 2.3441119021842898 2.3441119021842898 2.3441119021842898 2.3441119021842898 2.3441119021842898 2.3441119021842898 14.111274263205413 13.607144175695312 13.10301408818435 12.59888400067425 12.094753913164148 11.590623825654047 11.086493738143947 10.582363650633845 10.078233563123744 9.574103475613644 9.069973388103541 8.56584330059344 8.235501235898695 8.090942496345788 7.946383756792878 7.801825017239723 7.657266277686815 7.512707538133907 7.368148798580998 7.22359005902809 7.079031319475181 6.934472579922273 6.789913840369365 6.645355100816456 6.605160248299943 6.676532750549611 6.747905252799279 6.8192777550489465 6.890650257298736 6.962022759548404 7.033395261798072
2.3441119021842898 2.3441119021842898 2.3441119021842898 2.3441119021842898 2.3441119021842898 2.3441119021842898 2.3441119021842898 2.3441119021842898 2.3441119021842898 2.3441119021842898 2.3441119021842898 2.3441119021842898 2.3441119021842898 2.3441119021842898 2.3441119021842898 2.3441119021842898 13.795088359963325 13.277013737608529 12.75893911525285 12.240864492898055 11.72278987054326 11.204715248188464 10.686640625833668 10.168566003478873 9.650491381124077 9.132416758769281 8.614342136414486 8.09626751405969 7.768151710446649 7.6431061783871 7.518060646327552 7.39301511426779 7.2679695822082415 7.142924050148693 7.0178785180891445 6.892832986029596 6.7677874539700476 6.642741921910499 6.517696389850951 6.392650857791402 6.362130420534171 6.4326594467032985 6.503188472872426 6.573717499041554 6.644246525210802 6.71477555137993 6.7853045775490575
2.3441119021842898 2.3441119021842898 2.3441119021842898 2.3441119021842898 2.3441119021842898 2.3441119021842898 2.3441119021842898 2.3441119021842898 2.3441119021842898 2.3441119021842898 2.3441119021842898 2.3441119021842898 2.3441119021842898 2.3441119021842898 2.3441119021842898 2.3441119021842898 13.478902456721238 12.946883299521748 12.41486414232135 11.88284498512186 11.35082582792237 10.818806670722878 10.28678751352339 9.754768356323899 9.222749199124408 8.690730041924919 8.158710884725426 7.626691727525937 7.300802184994602 7.1952698604284135 7.089737535862225 6.984205211295857 6.878672886729668 6.77314056216348 6.667608237597291 6.562075913031102 6.456543588464914 6.351011263898725 6.245478939332537 6.139946614766348 6.1191005927683975 6.188786142856985 6.258471692945573 6.328157243034161 6.397842793122868 6.467528343211455 6.537213893300043
2.3441119021842898 2.3441119021842898 2.3441119021842898 2.3441119021842898 2.3441119021842898 2.3441119021842898 2.3441119021842898 2.3441119021842898 2.3441119021842898 2.3441119021842898 2.3441119021842898 2.3441119021842898 2.3441119021842898 2.3441119021842898 2.3441119021842898 2.3441119021842898 13.16271655347888 12.616752861434684 12.070789169389556 11.52482547734536 10.978861785301163 10.432898093256966 9.88693440121277 9.340970709168573 8.795007017124377 8.24904332508018 7.703079633035982 7.157115940991785 6.833452659542156 6.747433542469345 6.661414425396533 6.575395308323574 6.489376191250763 6.403357074177951 6.3173379571051385 6.231318840032327 6.145299722959515 6.059280605886703 5.9732614888138915 5.887242371741079 5.876070765002418 5.944912839010465 6.013754913018512 6.082596987026559 6.151439061034724 6.220281135042771 6.289123209050818
2.3441119021842898 2.3441119021842898 2.3441119021842898 2.3441119021842898 2.3441119021842898 2.3441119021842898 2.3441119021842898 2.3441119021842898 2.3441119021842898 2.3441119021842898 2.3441119021842898 2.3441119021842898 2.3441119021842898 2.3441119021842898 2.3441119021842898 2.3441119021842898 12.846530650236792 12.286622423347902 11.726714196458055 11.166805969569165 10.606897742680273 10.046989515791381 9.48708128890249 8.927173062013598 8.367264835124708 7.807356608235816 7.247448381346925 6.687540154458033 6.3661031340901095 6.299597224510658 6.233091314931206 6.166585405351641 6.100079495772189 6.033573586192737 5.9670676766132855 5.9005617670338335 5.8340558574543815 5.7675499478749295 5.7010440382954775 5.634538128716025 5.633040937236646 5.701039535164153 5.76903813309166 5.837036731019166 5.90503532894679 5.9730339268742965 6.041032524801803
2.3441119021842898 2.3441119021842898 2.3441119021842898 2.3441119021842898 2.3441119021842898 2.3441119021842898 2.3441119021842898 2.3441119021842898 2.3441119021842898 2.3441119021842898 2.3441119021842898 2.3441119021842898 2.3441119021842898 2.3441119021842898 2.3441119021842898 2.3441119021842898 12.530344746994704 11.956491985261119 11.382639223526555 10.808786461792968 10.234933700059383 9.661080938325796 9.08722817659221 8.513375414858626 7.93952265312504 7.365669891391454 6.7918171296578675 6.2179643679242815 5.898753608638063 5.851760906551971 5.804768204465879 5.757775502379707 5.710782800293615 5.6637900982075235 5.616797396121432 5.56980469403534 5.522811991949248 5.475819289863156 5.428826587777064 5.381833885690972 5.390011109470874 5.45716623131784 5.524321353164807 5.591476475011774 5.658631596858855 5.725786718705822 5.792941840552789
2.3441119021842898 2.3441119021842898 2.3441119021842898 2.3441119021842898 2.3441119021842898 2.3441119021842898 2.3441119021842898 2.3441119021842898 2.3441119021842898 2.3441119021842898 2.3441119021842898 2.3441119021842898 2.3441119021842898 2.3441119021842898 2.3441119021842898 2.3441119021842898 12.214158843752617 11.626361547174337 11.038564250595055 10.450766954016775 9.862969657438494 9.275172360860214 8.687375064281932 8.099577767703652 7.5117804711253715 6.923983174547091 6.336185877968811 5.748388581390531 5.431404083186017 5.403924588593284 5.376445094000553 5.348965599407774 5.321486104815042 5.2940066102223104 5.266527115629579 5.239047621036846 5.2115681264441145 5.184088631851383 5.156609137258651 5.129129642665919 5.146981281705102 5.213292927471528 5.279604573237955 5.345916219004382 5.412227864770921 5.478539510537348 5.544851156303775
2.3441119021842898 2.3441119021842898 2.3441119021842898 2.3441119021842898 2.3441119021842898 2.3441119021842898 2.3441119021842898 2.3441119021842898 2.3441119021842898 2.3441119021842898 2.3441119021842898 2.3441119021842898 2.3441119021842898 2.3441119021842898 2.3441119021842898 2.3441119021842898 11.89797294051053 11.296231109087554 10.694489277663553 10.092747446240578 9.491005614817603 8.889263783394629 8.287521951971653 7.685780120548679 7.084038289125703 6.482296457702729 5.8805546262797534 5.278812794856779 4.96405455773397 4.956088270634598 4.948121983535226 4.94015569643584 4.932189409336469 4.9242231222370965 4.916256835137725 4.908290548038353 4.900324260938981 4.8923579738396095 4.884391686740237 4.8764253996408655 4.90395145393933 4.969419623625217 5.0348877933111025 5.100355962996989 5.165824132682988 5.231292302368874 5.2967604720547605
2.3441119021842898 2.3441119021842898 2.3441119021842898 2.3441119021842898 2.3441119021842898 2.3441119021842898 2.3441119021842898 2.3441119021842898 2.3441119021842898 2.3441119021842898 2.3441119021842898 2.3441119021842898 2.3441119021842898 2.3441119021842898 2.3441119021842898 2.3441119021842898 11.624304167571871 11.036666837041757 10.449029506510639 9.861392175980523 9.273754845450409 8.686117514920294 8.098480184390178 7.510842853860063 6.923205523329948 6.335568192799832 5.747930862269717 5.160293531739602 4.862166561454445 4.873532711109234 4.884898860764023 4.896265010418832 4.90763116007362 4.918997309728409 4.930363459383198 4.941729609037988 4.953095758692776 4.964461908347565 4.975828058002354 4.987194207657144 5.019414300273772 5.073927729395644 5.128441158517514 5.182954587639385 5.2374680167613485 5.291981445883219 5.3464948750050905
2.3441119021842898 2.3441119021842898 2.3441119021842898 2.3441119021842898 2.3441119021842898 -9999.0 2.3441119021842898 2.3441119021842898 2.3441119021842898 2.3441119021842898 2.3441119021842898 2.3441119021842898 2.3441119021842898 2.3441119021842898 2.3441119021842898 2.3441119021842898 11.396083526974405 10.852533348544922 10.308983170114514 9.765432991685032 9.221882813255549 8.678332634826067 8.134782456396584 7.591232277967102 7.04768209953762 6.504131921108137 5.960581742678656 5.417031564249173 5.150933903973905 5.181439257857049 5.2119446117401935 5.24244996562339 5.272955319506534 5.3034606733896785 5.333966027272822 5.364471381155967 5.394976735039111 5.425482088922255 5.4559874428054 5.486492796688544 5.518083218597976 5.550833602759409 5.583583986920842 5.616334371082275 5.649084755243765 5.681835139405197 5.7145855235666305
-9999.0 2.3441119021842898 2.3441119021842898 2.3441119021842898 2.3441119021842898 -9999.0 -9999.0 2.3441119021842898 2.3441119021842898 2.3441119021842898 2.3441119021842898 2.3441119021842898 2.3441119021842898 2.3441119021842898 2.3441119021842898 2.3441119021842898 11.167862886376744 10.668399860047932 10.168936833718268 9.669473807389457 9.170010781060645 8.670547754731833 8.171084728403022 7.6716217020742095 7.172158675745398 6.672695649416586 6.173232623087774 5.673769596758962 5.439701246493611 5.489345804605127 5.538990362716643 5.588634920828243 5.638279478939759 5.687924037051275 5.737568595162791 5.7872131532743065 5.836857711385822 5.886502269497338 5.936146827608854 5.98579138572037 6.016752136922604 6.027739476123581 6.038726815324558 6.049714154525535 6.060701493726531 6.071688832927507 6.082676172128484
-9999.0 -9999.0 2.3441119021842898 -9999.0 -9999.0 -9999.0 -9999.0 -9999.0 -9999.0 2.3441119021842898 2.3441119021842898 2.3441119021842898 2.3441119021842898 2.3441119021842898 2.3441119021842898 2.3441119021842898 10.939642245779275 10.484266371551097 10.028890497322141 9.573514623093963 9.118138748865784 8.662762874637604 8.207387000409426 7.752011126181247 7.296635251953068 6.84125937772489 6.385883503496711 5.930507629268532 5.72846858901307 5.797252351352941 5.866036113692812 5.9348198760328 6.003603638372672 6.072387400712543 6.141171163052414 6.209954925392285 6.278738687732157 6.347522450072028 6.416306212411899 6.48508997475177 6.515421055246808 6.5046453494873475 6.493869643727886 6.483093937968426 6.472318232208946 6.4615425264494855 6.450766820690024
-9999.0 -9999.0 -9999.0 -9999.0 -9999.0 -9999.0 -9999.0 -9999.0 -9999.0 -9999.0 2.3441119021842898 2.3441119021842898 2.3441119021842898 2.3441119021842898 2.3441119021842898 2.3441119021842898 10.71142160518181 10.300132883054264 9.888844160926016 9.47755543879847 9.066266716670924 8.654977994543378 8.243689272415832 7.832400550288286 7.42111182816074 7.009823106033194 6.5985343839056485 6.187245661778102 6.017235931532529 6.105158898100755 6.193081864668981 6.281004831237358 6.3689277978055845 6.456850764373812 6.544773730942038 6.632696697510264 6.720619664078491 6.808542630646717 6.896465597214944 6.98438856378317 7.014089973571011 6.981551222851112 6.949012472131214 6.9164737214113154 6.883934970691361 6.851396219971463 6.818857469251564
-9999.0 -9999.0 -9999.0 -9999.0 -9999.0 -9999.0 -9999.0 -9999.0 -9999.0 -9999.0 -9999.0 -9999.0 -9999.0 -9999.0 -9999.0 -9999.0 10.483200964584343 10.11599939455743 9.748797824529891 9.381596254502977 9.014394684476065 8.647193114449152 8.279991544422238 7.912789974395325 7.545588404368412 7.178386834341499 6.811185264314586 6.443983694287673 6.306003274051989 6.41306544484857 6.520127615645152 6.6271897864419165 6.734251957238499 6.84131412803508 6.948376298831662 7.0554384696282435 7.162500640424826 7.269562811221407 7.376624982017989 7.483687152814571 7.512758891895214 7.458457096214878 7.404155300534542 7.349853504854206 7.295551709173777 7.241249913493441 7.186948117813105
-9999.0 -9999.0 -9999.0 -9999.0 -9999.0 -9999.0 -9999.0 -9999.0 -9999.0 -9999.0 -9999.0 -9999.0 -9999.0 -9999.0 -9999.0 -9999.0 10.254980323986876 9.931865906060596 9.608751488133764 9.285637070207486 8.962522652281205 8.639408234354924 8.316293816428644 7.993179398502363 7.670064980576083 7.346950562649804 7.023836144723523 6.7007217267972425 6.594770616571448 6.720971991596384 6.8471733666213215 6.973374741646474 7.099576116671411 7.225777491696348 7.351978866721286 7.478180241746223 7.60438161677116 7.730582991796098 7.856784366821035 7.982985741845972 8.011427810219418 7.9353629695786445 7.85929812893787 7.7832332882970965 7.707168447656193 7.63110360701542 7.555038766374646
-9999.0 -9999.0 -9999.0 -9999.0 -9999.0 -9999.0 -9999.0 -9999.0 -9999.0 -9999.0 -9999.0 -9999.0 -9999.0 -9999.0 2.3441119021842898 2.3441119021842898 10.02675968338941 9.747732417563762 9.46870515173764 9.189677885911992 8.910650620086344 8.631623354260697 8.35259608843505 8.073568822609403 7.794541556783756 7.515514290958108 7.23648702513246 6.957459759306813 6.883537959090907 7.028878538344199 7.174219117597492 7.319559696851032 7.464900276104325 7.610240855357617 7.75558143461091 7.900922013864202 8.046262593117495 8.191603172370787 8.33694375162408 8.482284330877372 8.51009672854362 8.41226884294241 8.314440957341198 8.216613071739987 8.118785186138608 8.020957300537397 7.923129414936185
