Figures/CREST_Example_wjb_NSE/Rolling_result/20100722/BJP_forecast/ens_3/wjb.rain.20100725.asc
ncols            288
nrows            254
xllcorner        113.274861
yllcorner        31.4918055
cellsize         0.008333333333
NODATA_value     -9999
[rows 40 to 59 of 254, columns 0 to 44 of 288]
-9999.0 -9999.0 -9999.0 -9999.0 -9999.0 -9999.0 -9999.0 -9999.0 -9999.0 -9999.0 -9999.0 -9999.0 -9999.0 -9999.0 19.62395660786541 19.62395660786541 19.62395660786541 19.62395660786541 19.62395660786541 19.62395660786541 19.62395660786541 19.62395660786541 19.62395660786541 19.62395660786541 19.62395660786541 19.62395660786541 19.62395660786541 39.563460323761305 39.77484081228639 39.986221300811486 40.19760178933658 40.408982277861675 40.62036276638676 40.831743254911856 41.04312374343695 41.254504231962045 41.46588472048713 41.677265209012226 41.88864569753732 42.55005089585595 43.692542679681786 44.835034463507625 45.97752624733347 47.12001803115931 48.26250981498515
-9999.0 -9999.0 -9999.0 -9999.0 -9999.0 -9999.0 -9999.0 -9999.0 -9999.0 -9999.0 -9999.0 -9999.0 -9999.0 -9999.0 -9999.0 19.62395660786541 19.62395660786541 19.62395660786541 19.62395660786541 19.62395660786541 19.62395660786541 19.62395660786541 19.62395660786541 19.62395660786541 19.62395660786541 19.62395660786541 19.62395660786541 40.084144268397374 40.30382134239143 40.523498416385486 40.743175490379535 40.96285256437359 41.18252963836765 41.4022067123617 41.62188378635576 41.841560860349816 42.06123793434387 42.28091500833793 42.500592082331984 43.17540010067496 44.336753384667794 45.49810666866062 46.65945995265345 47.82081323664628 48.982166520639105
-9999.0 -9999.0 -9999.0 -9999.0 -9999.0 -9999.0 -9999.0 -9999.0 -9999.0 -9999.0 -9999.0 -9999.0 -9999.0 -9999.0 -9999.0 19.62395660786541 19.62395660786541 19.62395660786541 19.62395660786541 19.62395660786541 19.62395660786541 19.62395660786541 19.62395660786541 19.62395660786541 19.62395660786541 19.62395660786541 19.62395660786541 40.604828213033436 40.832801872496454 41.06077553195947 41.28874919142249 41.51672285088551 41.744696510348525 41.97267016981155 42.20064382927457 42.428617488737586 42.656591148200604 42.88456480766362 43.11253846712664 43.80074930549398 44.980964089653796 46.16117887381361 47.34139365797343 48.52160844213324 49.70182322629306
-9999.0 -9999.0 -9999.0 -9999.0 -9999.0 -9999.0 -9999.0 -9999.0 -9999.0 -9999.0 -9999.0 -9999.0 -9999.0 -9999.0 -9999.0 -9999.0 19.62395660786541 19.62395660786541 19.62395660786541 19.62395660786541 19.62395660786541 19.62395660786541 19.62395660786541 19.62395660786541 19.62395660786541 19.62395660786541 19.62395660786541 41.125512157669505 41.361782402601484 41.598052647533464 41.83432289246545 42.07059313739743 42.30686338232941 42.5431336272614 42.77940387219338 43.01567411712536 43.251944362057344 43.488214606989324 43.724484851921304 44.426098510313 45.625174794639804 46.824251078966604 48.02332736329341 49.22240364762021 50.42147993194702
-9999.0 -9999.0 -9999.0 -9999.0 -9999.0 -9999.0 -9999.0 -9999.0 -9999.0 -9999.0 -9999.0 -9999.0 -9999.0 -9999.0 -9999.0 -9999.0 -9999.0 19.62395660786541 19.62395660786541 19.62395660786541 19.62395660786541 19.62395660786541 19.62395660786541 19.62395660786541 19.62395660786541 19.62395660786541 19.62395660786541 41.64619610230557 41.89076293270651 42.13532976310746 42.379896593508406 42.62446342390935 42.869030254310296 43.113597084711245 43.358163915112186 43.602730745513135 43.847297575914084 44.091864406315025 44.336431236715974 45.05144771513202 46.26938549962581 47.487323284119604 48.705261068613396 49.92319885310718 51.14113663760097
-9999.0 -9999.0 -9999.0 -9999.0 -9999.0 -9999.0 -9999.0 -9999.0 -9999.0 -9999.0 -9999.0 -9999.0 -9999.0 -9999.0 -9999.0 -9999.0 -9999.0 19.62395660786541 19.62395660786541 19.62395660786541 19.62395660786541 19.62395660786541 19.62395660786541 19.62395660786541 19.62395660786541 19.62395660786541 19.62395660786541 42.166880046941635 42.41974346281154 42.67260687868145 42.92547029455136 43.17833371042127 43.431197126291174 43.684060542161085 43.936923958030995 44.189787373900906 44.44265078977081 44.69551420564072 44.94837762151063 45.67679691995104 46.913596204611814 48.15039548927259 49.38719477393337 50.62399405859415 51.860793343254926
-9999.0 -9999.0 -9999.0 -9999.0 -9999.0 -9999.0 -9999.0 -9999.0 -9999.0 -9999.0 -9999.0 -9999.0 -9999.0 -9999.0 -9999.0 -9999.0 -9999.0 -9999.0 19.62395660786541 19.62395660786541 19.62395660786541 19.62395660786541 19.62395660786541 19.62395660786541 19.62395660786541 19.62395660786541 19.62395660786541 42.68756399157814 42.94872399291702 43.2098839942559 43.471043995594776 43.732203996933656 43.993363998272535 44.254523999611415 44.5156840009503 44.77684400228918 45.03800400362806 45.29916400496694 45.56032400630582 46.30214612477059 47.55780690959837 48.81346769442615 50.06912847925393 51.324789264081716 52.5804500489095
-9999.0 -9999.0 -9999.0 -9999.0 -9999.0 -9999.0 -9999.0 -9999.0 -9999.0 -9999.0 -9999.0 -9999.0 -9999.0 -9999.0 -9999.0 -9999.0 -9999.0 -9999.0 19.62395660786541 19.62395660786541 19.62395660786541 19.62395660786541 19.62395660786541 19.62395660786541 19.62395660786541 19.62395660786541 19.62395660786541 43.20824793621421 43.47770452302205 43.74716110982989 44.01661769663774 44.28607428344558 44.55553087025342 44.82498745706126 45.0944440438691 45.36390063067695 45.63335721748479 45.902813804292634 46.172270391100476 46.927495329589604 48.20201761458437 49.476539899579144 50.75106218457391 52.025584469568685 53.30010675456345
-9999.0 -9999.0 -9999.0 -9999.0 -9999.0 -9999.0 -9999.0 -9999.0 -9999.0 -9999.0 -9999.0 -9999.0 -9999.0 -9999.0 -9999.0 -9999.0 -9999.0 -9999.0 -9999.0 19.62395660786541 19.62395660786541 19.62395660786541 19.62395660786541 19.62395660786541 19.62395660786541 19.62395660786541 19.62395660786541 43.72893188085027 44.00668505312708 44.28443822540388 44.56219139768069 44.839944569957495 45.1176977422343 45.39545091451111 45.67320408678791 45.95095725906472 46.228710431341526 46.506463603618336 46.78421677589514 47.55284453440863 48.84622831957038 50.13961210473214 51.432995889893895 52.726379675055654 54.019763460217405
-9999.0 -9999.0 -9999.0 -9999.0 -9999.0 -9999.0 -9999.0 -9999.0 -9999.0 -9999.0 -9999.0 -9999.0 -9999.0 -9999.0 -9999.0 -9999.0 -9999.0 -9999.0 -9999.0 19.62395660786541 19.62395660786541 19.62395660786541 19.62395660786541 19.62395660786541 19.62395660786541 19.62395660786541 19.62395660786541 43.97070531061272 44.238653035285324 44.50660075995793 44.77454848463053 45.04249620930313 45.31044393397573 45.578391658648336 45.84633938332094 46.11428710799353 46.382234832666136 46.65018255733874 46.91813028201134 47.664721592860865 48.922993714869314 50.18126583687776 51.43953795888621 52.69781008089467 53.95608220290312
-9999.0 -9999.0 -9999.0 -9999.0 -9999.0 -9999.0 -9999.0 -9999.0 -9999.0 -9999.0 -9999.0 -9999.0 -9999.0 -9999.0 -9999.0 -9999.0 -9999.0 -9999.0 -9999.0 -9999.0 -9999.0 -9999.0 -9999.0 19.62395660786541 19.62395660786541 19.62395660786541 19.62395660786541 43.91434098665511 44.153133331790514 44.391925676925915 44.630718022061316 44.869510367196725 45.108302712332126 45.34709505746753 45.585887402602935 45.82467974773834 46.06347209287374 46.30226443800914 46.54105678314455 47.227729303791435 48.39319585433061 49.55866240486978 50.72412895540894 51.889595505948115 53.05506205648729
-9999.0 -9999.0 -9999.0 -9999.0 -9999.0 -9999.0 -9999.0 -9999.0 -9999.0 -9999.0 -9999.0 -9999.0 -9999.0 -9999.0 -9999.0 -9999.0 -9999.0 -9999.0 -9999.0 -9999.0 -9999.0 -9999.0 -9999.0 19.62395660786541 19.62395660786541 19.62395660786541 19.62395660786541 43.85797666269749 44.067613628295696 44.2772505938939 44.486887559492104 44.69652452509031 44.90616149068852 45.115798456286726 45.325435421884926 45.53507238748313 45.74470935308134 45.95434631867954 46.16398328427775 46.790737014722005 47.8633979937919 48.93605897286179 50.00871995193168 51.08138093100157 52.15404191007146
-9999.0 -9999.0 -9999.0 -9999.0 -9999.0 -9999.0 -9999.0 -9999.0 -9999.0 -9999.0 -9999.0 -9999.0 -9999.0 -9999.0 -9999.0 -9999.0 -9999.0 -9999.0 -9999.0 -9999.0 -9999.0 -9999.0 -9999.0 -9999.0 -9999.0 19.62395660786541 19.62395660786541 43.80161233873988 43.982093924800886 44.16257551086189 44.3430570969229 44.523538682983904 44.70402026904491 44.88450185510592 45.06498344116692 45.24546502722793 45.425946613288936 45.60642819934995 45.786909785410955 46.353744725652575 47.33360013325319 48.3134555408538 49.29331094845441 50.27316635605502 51.25302176365563
-9999.0 -9999.0 -9999.0 -9999.0 -9999.0 -9999.0 -9999.0 -9999.0 -9999.0 -9999.0 -9999.0 -9999.0 -9999.0 -9999.0 -9999.0 -9999.0 -9999.0 -9999.0 -9999.0 -9999.0 -9999.0 -9999.0 -9999.0 -9999.0 -9999.0 19.62395660786541 19.62395660786541 43.74524801478221 43.896574221306 44.04790042782978 44.199226634353565 44.35055284087735 44.50187904740113 44.65320525392492 44.8045314604487 44.955857666972484 45.10718387349627 45.25851008002005 45.409836286543836 45.916752436582776 46.80380227271403 47.690852108845284 48.57790194497653 49.464951781107786 50.35200161723904
-9999.0 -9999.0 -9999.0 -9999.0 -9999.0 -9999.0 -9999.0 -9999.0 -9999.0 -9999.0 -9999.0 -9999.0 -9999.0 -9999.0 -9999.0 -9999.0 -9999.0 -9999.0 -9999.0 -9999.0 -9999.0 -9999.0 -9999.0 -9999.0 -9999.0 19.62395660786541 19.62395660786541 43.688883690824596 43.81105451781118 43.93322534479777 44.05539617178435 44.17756699877094 44.299737825757525 44.42190865274411 44.5440794797307 44.66625030671728 44.788421133703864 44.910591960690454 45.032762787677036 45.479760147513346 46.27400441217532 47.06824867683729 47.86249294149927 48.65673720616124 49.45098147082321
-9999.0 -9999.0 -9999.0 -9999.0 -9999.0 -9999.0 -9999.0 -9999.0 -9999.0 -9999.0 -9999.0 -9999.0 -9999.0 -9999.0 -9999.0 -9999.0 -9999.0 -9999.0 -9999.0 -9999.0 19.62395660786541 19.62395660786541 19.62395660786541 19.62395660786541 19.62395660786541 19.62395660786541 19.62395660786541 43.63251936686699 43.72553481431637 43.81855026176576 43.91156570921515 44.004581156664536 44.09759660411392 44.190612051563306 44.283627499012695 44.37664294646208 44.469658393911466 44.562673841360855 44.655689288810244 45.04276785844392 45.744206551636616 46.44564524482931 47.147083938022 47.84852263121469 48.549961324407384
-9999.0 -9999.0 -9999.0 -9999.0 -9999.0 -9999.0 -9999.0 -9999.0 -9999.0 -9999.0 -9999.0 -9999.0 -9999.0 -9999.0 -9999.0 -9999.0 -9999.0 -9999.0 -9999.0 19.62395660786541 19.62395660786541 19.62395660786541 19.62395660786541 19.62395660786541 19.62395660786541 19.62395660786541 19.62395660786541 43.57615504290936 43.64001511082155 43.703875178733746 43.767735246645934 43.83159531455812 43.89545538247031 43.9593154503825 44.023175518294686 44.08703558620688 44.15089565411907 44.214755722031256 44.278615789943444 44.605775569374494 45.2144086910979 45.823041812821316 46.43167493454473 47.040308056268145 47.64894117799156
-9999.0 -9999.0 -9999.0 -9999.0 -9999.0 -9999.0 -9999.0 -9999.0 -9999.0 -9999.0 -9999.0 -9999.0 -9999.0 -9999.0 -9999.0 -9999.0 -9999.0 19.62395660786541 19.62395660786541 19.62395660786541 19.62395660786541 19.62395660786541 19.62395660786541 19.62395660786541 19.62395660786541 19.62395660786541 19.62395660786541 43.519790718951754 43.55449540732674 43.589200095701734 43.62390478407672 43.658609472451715 43.6933141608267 43.728018849201696 43.76272353757668 43.79742822595168 43.832132914326664 43.86683760270166 43.901542291076645 44.168783280305064 44.684610830559194 45.20043838081333 45.71626593106746 46.2320934813216 46.74792103157573
-9999.0 -9999.0 -9999.0 -9999.0 -9999.0 -9999.0 -9999.0 -9999.0 -9999.0 -9999.0 -9999.0 -9999.0 -9999.0 -9999.0 -9999.0 19.62395660786541 19.62395660786541 19.62395660786541 19.62395660786541 19.62395660786541 19.62395660786541 19.62395660786541 19.62395660786541 19.62395660786541 19.62395660786541 19.62395660786541 19.62395660786541 43.46342639499413 43.46897570383192 43.474525012669716 43.48007432150751 43.4856236303453 43.491172939183095 43.49672224802089 43.50227155685867 43.507820865696466 43.51337017453426 43.51891948337205 43.524468792209845 43.73179099123563 44.15481297002048 44.57783494880534 45.00085692759019 45.423878906375045 45.8469008851599
-9999.0 -9999.0 -9999.0 -9999.0 -9999.0 -9999.0 -9999.0 -9999.0 -9999.0 -9999.0 -9999.0 -9999.0 -9999.0 -9999.0 19.62395660786541 19.62395660786541 19.62395660786541 19.62395660786541 19.62395660786541 19.62395660786541 19.62395660786541 19.62395660786541 19.62395660786541 19.62395660786541 19.62395660786541 19.62395660786541 19.62395660786541 43.40706207103647 43.38345600033704 43.35984992963761 43.336243858938175 43.312637788238746 43.289031717539316 43.26542564683988 43.24181957614045 43.21821350544102 43.19460743474159 43.171001364042155 43.147395293342726 43.29479870216583 43.625015109481325 43.955231516796815 44.28544792411231 44.61566433142781 44.945880738743305
