Figures/CREST_Example_wjb_NSE/Rolling_result/20100722/BJP_forecast/ens_3/wjb.rain.20100727.asc
ncols            288
nrows            254
xllcorner        113.274861
yllcorner        31.4918055
cellsize         0.008333333333
NODATA_value     -9999
[rows 120 to 139 of 254, columns 225 to 269 of 288]
2.8792550057555872 2.5027037159465175 2.1261524261374483 1.749601136328379 1.3730498465193093 0.9964985567102396 9.145396650069715 9.145396650069715 9.145396650069715 9.145396650069715 9.145396650069715 9.145396650069715 9.145396650069715 9.145396650069715 9.145396650069715 9.145396650069715 9.145396650069715 9.145396650069715 9.145396650069715 9.145396650069715 9.145396650069715 9.145396650069715 9.145396650069715 9.145396650069715 9.145396650069715 9.145396650069715 9.145396650069715 9.145396650069715 9.145396650069715 9.145396650069715 9.145396650069715 9.145396650069715 9.145396650069715 9.145396650069715 9.145396650069715 9.145396650069715 9.145396650069715 9.145396650069715 -9999.0 -9999.0 -9999.0 -9999.0 -9999.0 -9999.0 -9999.0
3.693964593653533 3.3104791269858524 2.926993660318172 2.5435081936504917 2.1600227269828114 1.7765372603151315 1.5680796664207493 1.546730829977221 1.5253819935336927 1.504033157090128 1.4826843206465996 1.4613354842030715 1.439986647759543 1.4186378113160147 1.3972889748724866 1.3759401384289582 1.35459130198543 1.3332424655419017 1.3934819575056097 1.5409412193161276 1.6884004811266458 1.8358597429371635 1.983319004747933 2.130778266558451 2.278237528368969 2.425696790179487 2.573156051990005 2.720615313800523 2.868074575611041 3.0155338374215592 9.145396650069715 9.145396650069715 9.145396650069715 9.145396650069715 9.145396650069715 9.145396650069715 9.145396650069715 9.145396650069715 -9999.0 -9999.0 -9999.0 -9999.0 -9999.0 -9999.0 -9999.0
5.303408849536831 4.91437007884749 4.525331308158151 4.13629253746881 3.74725376677947 3.358214996090129 3.119419001878138 3.041235936208415 2.963052870538693 2.884869804868837 2.806686739199115 2.728503673529392 2.65032060785967 2.5721375421899477 2.493954476520225 2.415771410850503 2.33758834518078 2.259405279511058 2.2740956890331776 2.3880699457579744 2.502044202482771 2.616018459207568 2.7299927159325588 2.8439669726573555 2.9579412293821523 3.071915486106949 3.185889742831746 3.2998639995565426 3.4138382562813394 3.527812513006136 9.145396650069715 9.145396650069715 9.145396650069715 9.145396650069715 9.145396650069715 9.145396650069715 9.145396650069715 9.145396650069715 9.145396650069715 9.145396650069715 9.145396650069715 -9999.0 -9999.0 -9999.0 -9999.0
6.91285310542013 6.518261030709128 6.123668955998127 5.729076881287127 5.334484806576127 4.939892731865125 4.670758337335524 4.535741042439608 4.400723747543692 4.265706452647545 4.130689157751629 3.9956718628557124 3.860654567959796 3.72563727306388 3.5906199781679633 3.455602683272047 3.3205853883761307 3.1855680934802137 3.1547094205607453 3.2351986721998207 3.3156879238388965 3.396177175477972 3.4766664271171845 3.55715567875626 3.6376449303953358 3.718134182034411 3.7986234336734865 3.879112685312562 3.9596019369516373 4.040091188590713 9.145396650069715 9.145396650069715 9.145396650069715 9.145396650069715 9.145396650069715 9.145396650069715 9.145396650069715 9.145396650069715 9.145396650069715 9.145396650069715 9.145396650069715 9.145396650069715 9.145396650069715 9.145396650069715 -9999.0
8.522297361304801 8.122151982572134 7.722006603839469 7.321861225106803 6.921715846374137 6.521570467641471 6.222097672794234 6.0302461486720755 5.838394624549917 5.646543100427431 5.454691576305272 5.262840052183114 5.070988528060955 4.879137003938796 4.687285479816637 4.4954339556944785 4.30358243157232 4.111730907450161 4.035323152089065 4.0823273986423905 4.129331645195716 4.176335891749042 4.223340138302448 4.270344384855774 4.317348631409099 4.364352877962425 4.41135712451575 4.458361371069076 4.5053656176224015 4.552369864175727 9.145396650069715 9.145396650069715 9.145396650069715 9.145396650069715 9.145396650069715 9.145396650069715 9.145396650069715 9.145396650069715 9.145396650069715 9.145396650069715 9.145396650069715 9.145396650069715 9.145396650069715 9.145396650069715 -9999.0
10.131741617188098 9.72604293443377 9.320344251679446 8.91464556892512 8.508946886170794 8.103248203416467 7.773437008251621 7.5247512549032685 7.276065501554916 7.027379748206139 6.778693994857786 6.530008241509433 6.281322488161081 6.032636734812728 5.7839509814643755 5.535265228116023 5.28657947476767 5.037893721419318 4.9159368836166335 4.929456125084238 4.942975366551843 4.9564946080194465 4.970013849487074 4.983533090954679 4.997052332422283 5.010571573889887 5.024090815357492 5.037610056825096 5.0511292982927 5.064648539760305 9.145396650069715 9.145396650069715 9.145396650069715 9.145396650069715 9.145396650069715 9.145396650069715 9.145396650069715 9.145396650069715 9.145396650069715 9.145396650069715 9.145396650069715 9.145396650069715 9.145396650069715 9.145396650069715 9.145396650069715
11.741185873071398 11.32993388629541 10.918681899519424 10.507429912743438 10.096177925967451 9.684925939191466 9.32477634370901 9.019256361134463 8.713736378559917 8.408216395984848 8.102696413410301 7.797176430835755 7.4916564482612085 7.186136465686662 6.8806164831121155 6.575096500537568 6.269576517963022 5.964056535388474 5.796550615144202 5.776584851526085 5.756619087907969 5.736653324289851 5.7166875606717005 5.696721797053583 5.676756033435466 5.656790269817349 5.636824506199233 5.616858742581115 5.596892978962998 5.576927215344881 9.145396650069715 9.145396650069715 9.145396650069715 9.145396650069715 9.145396650069715 9.145396650069715 9.145396650069715 9.145396650069715 9.145396650069715 9.145396650069715 9.145396650069715 9.145396650069715 9.145396650069715 9.145396650069715 9.145396650069715
13.350630128954695 12.933824838157049 12.517019547359402 12.100214256561754 11.683408965764109 11.266603674966461 10.876115679166396 10.513761467365656 10.151407255564916 9.789053043763557 9.426698831962815 9.064344620162075 8.701990408361334 8.339636196560594 7.977281984759854 7.6149277729591125 7.252573561158371 6.890219349357631 6.67716434667177 6.623713577967932 6.570262809264094 6.516812040560255 6.463361271856327 6.409910503152488 6.3564597344486495 6.303008965744811 6.249558197040973 6.196107428337135 6.142656659633297 6.089205890929459 9.145396650069715 9.145396650069715 9.145396650069715 9.145396650069715 9.145396650069715 9.145396650069715 9.145396650069715 9.145396650069715 9.145396650069715 9.145396650069715 9.145396650069715 9.145396650069715 9.145396650069715 9.145396650069715 9.145396650069715
14.960074384837993 14.537715790018686 14.11535719519938 13.692998600380072 13.270640005560765 12.848281410741457 12.427455014623783 12.008266573596849 11.589078132569915 11.169889691542265 10.75070125051533 10.331512809488395 9.91232436846146 9.493135927434526 9.073947486407592 8.654759045380658 8.235570604353722 7.816382163326788 7.557778078199339 7.470842304409779 7.38390653062022 7.29697075683066 7.210034983040953 7.123099209251393 7.036163435461834 6.949227661672274 6.862291887882715 6.775356114093155 6.688420340303596 6.601484566514037 9.145396650069715 9.145396650069715 9.145396650069715 9.145396650069715 9.145396650069715 9.145396650069715 9.145396650069715 9.145396650069715 9.145396650069715 9.145396650069715 9.145396650069715 9.145396650069715 9.145396650069715 9.145396650069715 9.145396650069715
16.56951864072129 16.141606741880324 15.713694843039356 15.285782944198388 14.85787104535742 14.429959146516453 13.97879435008117 13.502771679828042 13.026749009574914 12.550726339320972 12.074703669067844 11.598680998814716 11.122658328561588 10.646635658308458 10.17061298805533 9.694590317802202 9.218567647549072 8.742544977295944 8.438391809726907 8.317971030851627 8.197550251976345 8.077129473101065 7.956708694225579 7.836287915350298 7.715867136475017 7.595446357599737 7.475025578724456 7.3546047998491755 7.234184020973895 7.113763242098614 9.145396650069715 9.145396650069715 9.145396650069715 9.145396650069715 9.145396650069715 9.145396650069715 9.145396650069715 9.145396650069715 9.145396650069715 9.145396650069715 9.145396650069715 9.145396650069715 9.145396650069715 9.145396650069715 9.145396650069715
18.17896289660459 17.745497693741964 17.312032490879336 16.878567288016708 16.44510208515408 16.01163688229145 15.530133685538559 14.997276786059237 14.464419886579913 13.931562987099682 13.39870608762036 12.865849188141036 12.332992288661714 11.80013538918239 11.267278489703068 10.734421590223747 10.201564690744423 9.668707791265101 9.319005541254475 9.165099757293474 9.011193973332471 8.85728818937147 8.703382405410204 8.549476621449204 8.3955708374882 8.241665053527198 8.087759269566197 7.933853485605194 7.7799477016441925 7.626041917683191 9.145396650069715 9.145396650069715 9.145396650069715 9.145396650069715 9.145396650069715 9.145396650069715 9.145396650069715 9.145396650069715 9.145396650069715 9.145396650069715 9.145396650069715 9.145396650069715 9.145396650069715 9.145396650069715 9.145396650069715
19.78840715248926 19.349388645604968 18.910370138720673 18.47135163183638 18.03233312495209 17.593314618067794 17.081473020997265 16.4917818922917 15.902090763586138 15.312399634879567 14.722708506174001 14.133017377468438 13.543326248762872 12.953635120057307 12.363943991351743 11.774252862646177 11.184561733940612 10.594870605235048 10.199619272782796 10.012228483736044 9.824837694689291 9.63744690564254 9.450056116595468 9.262665327548715 9.075274538501965 8.887883749455213 8.70049296040846 8.513102171361709 8.325711382314957 8.138320593268205 9.145396650069715 9.145396650069715 9.145396650069715 9.145396650069715 9.145396650069715 9.145396650069715 9.145396650069715 9.145396650069715 9.145396650069715 9.145396650069715 9.145396650069715 9.145396650069715 9.145396650069715 9.145396650069715 9.145396650069715
21.39785140837256 20.953279597466604 20.508707786560652 20.0641359756547 19.619564164748745 19.174992353842793 18.632812356454654 17.986286998522896 17.33976164059114 16.693236282658276 16.04671092472652 15.400185566794757 14.753660208862998 14.107134850931239 13.460609492999481 12.81408413506772 12.167558777135962 11.521033419204203 11.080233004310363 10.85935721017789 10.638481416045417 10.417605621912944 10.196729827780095 9.975854033647622 9.754978239515147 9.534102445382674 9.3132266512502 9.092350857117728 8.871475062985255 8.650599268852782 9.145396650069715 9.145396650069715 9.145396650069715 9.145396650069715 9.145396650069715 9.145396650069715 9.145396650069715 9.145396650069715 9.145396650069715 9.145396650069715 9.145396650069715 9.145396650069715 9.145396650069715 9.145396650069715 9.145396650069715
21.85025533835293 21.427953222297056 21.00565110624118 20.583348990185307 20.161046874129436 19.73874475807356 19.20694422107516 18.558087393779942 17.90923056648472 17.260373739188392 16.61151691189317 15.962660084597948 15.313803257302727 14.664946430007504 14.016089602712283 13.367232775417062 12.718375948121839 12.069519120826618 11.609317945439921 11.350793932228076 11.092269919016232 10.833745905804388 10.575221892592102 10.316697879380259 10.058173866168413 9.79964985295657 9.541125839744726 9.282601826532883 9.024077813321037 8.765553800109194 8.99369721757916 9.742099135332145 10.49050105308513 11.238902970838115 11.987304888591101 12.735706806345362 13.484108724098347 14.23251064185133 14.980912559604317 15.729314477357303 16.47771639511029 17.22611831286327 9.145396650069715 9.145396650069715 9.145396650069715
21.065856100384096 20.69556471099546 20.325273321606826 19.95498193221819 19.584690542829552 19.21439915344092 18.736502903052696 18.143574620804138 17.550646338555577 16.957718056306007 16.36478977405745 15.771861491808892 15.178933209560332 14.586004927311773 13.993076645063216 13.400148362814658 12.807220080566099 12.21429179831754 11.762640770196978 11.462018324597787 11.161395878998597 10.860773433399409 10.560150987799705 10.259528542200515 9.958906096601325 9.658283651002135 9.357661205402945 9.057038759803756 8.756416314204564 8.455793868605376 8.639995376079678 9.342484664542173 10.044973953004668 10.747463241467162 11.449952529929657 12.15244181839335 12.854931106855844 13.557420395318339 14.259909683780833 14.962398972243328 15.664888260705823 16.367377549168317 9.145396650069715 9.145396650069715 9.145396650069715
20.281456862415265 19.96317619969387 19.64489553697247 19.326614874251074 19.008334211529675 18.69005354880828 18.26606158503023 17.729061847828333 17.192062110626438 16.65506237342363 16.118062636221733 15.581062899019836 15.04406316181794 14.507063424616044 13.970063687414148 13.433063950212253 12.896064213010357 12.359064475808461 11.915963594954034 11.573242716967497 11.230521838980962 10.887800960994428 10.545080083007308 10.202359205020771 9.859638327034236 9.516917449047702 9.174196571061167 8.83147569307463 8.488754815088095 8.14603393710156 8.2862935345802 8.942870193752203 9.599446852924206 10.25602351209621 10.912600171268213 11.569176830441338 12.225753489613341 12.882330148785346 13.53890680795735 14.195483467129353 14.852060126301357 15.50863678547336 9.145396650069715 9.145396650069715 9.145396650069715
19.497057624446434 19.230787688392272 18.964517752338114 18.698247816283953 18.431977880229795 18.165707944175637 17.795620267007763 17.31454907485253 16.8334778826973 16.352406690541244 15.871335498386012 15.39026430623078 14.909193114075546 14.428121921920313 13.947050729765081 13.465979537609847 12.984908345454613 12.503837153299381 12.069286419711089 11.684467109337207 11.299647798963328 10.914828488589446 10.53000917821491 10.145189867841028 9.760370557467146 9.375551247093266 8.990731936719385 8.605912626345503 8.221093315971622 7.836274005597741 7.932591693080718 8.54325572296223 9.153919752843745 9.764583782725257 10.375247812606771 10.985911842489326 11.59657587237084 12.207239902252354 12.817903932133866 13.428567962015379 14.039231991896894 14.649896021778407 9.145396650069715 9.145396650069715 9.145396650069715
18.71265838647693 18.498399177090054 18.284139967703176 18.0698807583163 17.855621548929424 17.641362339542546 17.325178948984895 16.900036301876373 16.47489365476785 16.049751007658603 15.624608360550083 15.19946571344156 14.774323066333038 14.349180419224515 13.924037772115993 13.498895125007472 13.07375247789895 12.648609830790427 12.222609244468277 11.795691501707013 11.368773758945752 10.941856016184488 10.514938273422498 10.088020530661236 9.661102787899972 9.234185045138709 8.807267302377447 8.380349559616185 7.953431816854922 7.526514074093659 7.578889851580935 8.143641252171918 8.708392652762903 9.273144053353887 9.83789545394487 10.402646854536817 10.9673982551278 11.532149655718785 12.096901056309768 12.661652456900752 13.226403857491736 13.791155258082721 9.145396650069715 9.145396650069715 9.145396650069715
17.928259148508097 17.76601066578846 17.60376218306882 17.44151370034918 17.279265217629543 17.117016734909903 16.85473763096243 16.48552352890057 16.11630942683871 15.747095324776222 15.377881222714363 15.008667120652504 14.639453018590643 14.270238916528786 13.901024814466926 13.531810712405067 13.162596610343208 12.793382508281349 12.375932069225334 11.906915894076725 11.437899718928117 10.968883543779508 10.4998673686301 10.030851193481492 9.561835018332884 9.092818843184276 8.623802668035667 8.154786492887059 7.6857703177384495 7.216754142589841 7.225188010081453 7.7440267813819466 8.26286555268244 8.781704323982934 9.300543095283427 9.819381866584806 10.338220637885298 10.857059409185792 11.375898180486285 11.89473695178678 12.413575723087272 12.932414494387764 9.145396650069715 9.145396650069715 9.145396650069715
17.143859910539266 17.033622154486864 16.923384398434465 16.813146642382062 16.702908886329663 16.59267113027726 16.384296312939963 16.071010755924764 15.757725198909569 15.444439641893839 15.131154084878641 14.817868527863446 14.50458297084825 14.191297413833054 13.878011856817858 13.564726299802661 13.251440742787466 12.938155185772269 12.52925489398239 12.018140286446435 11.507025678910482 10.995911071374527 10.484796463837702 9.973681856301749 9.462567248765794 8.95145264122984 8.440338033693886 7.9292234261579315 7.4181088186219775 6.906994211086023 6.871486168581973 7.344412310591975 7.8173384526019785 8.290264594611982 8.763190736621985 9.236116878632792 9.709043020642795 10.181969162652798 10.654895304662801 11.127821446672804 11.600747588682808 12.07367373069281 9.145396650069715 9.145396650069715 9.145396650069715
