Figures/CREST_Example_wjb_NSE/Rolling_result/20100722/BJP_forecast/ens_3/wjb.rain.20100209.asc
ncols            288
nrows            254
xllcorner        113.274861
yllcorner        31.4918055
cellsize         0.008333333333
NODATA_value     -9999
[rows 180 to 199 of 254, columns 225 to 269 of 288]
6.111398295414487 5.93848758429762 5.765576873180754 5.592666162063887 5.4197554509470205 5.246844739830155 5.15750523201236 5.15750523201236 5.15750523201236 5.15750523201236 5.15750523201236 5.15750523201236 5.15750523201236 5.15750523201236 5.15750523201236 5.15750523201236 5.15750523201236 5.15750523201236 4.968099473248138 4.5762146711014 4.184329868954661 3.792445066807922 3.4005602646605153 3.0086754625137764 2.616790660367038 2.224905858220299 1.83302105607356 1.4411362539268215 1.0492514517800826 0.6573666496333441 -9999.0 -9999.0 -9999.0 -9999.0 -9999.0 -9999.0 -9999.0 -9999.0 -9999.0 -9999.0 -9999.0 -9999.0 -9999.0 -9999.0 -9999.0
6.090140083609292 5.920720093011622 5.751300102413951 5.581880111816281 5.41246012121861 5.2430401306209395 5.155504208313262 5.155504208313262 5.155504208313262 5.155504208313262 5.155504208313262 5.155504208313262 5.155504208313262 5.155504208313262 5.155504208313262 5.155504208313262 5.155504208313262 5.155504208313262 4.966780054070239 4.576305507106208 4.185830960142178 3.7953564131781476 3.4048818662134517 3.0144073192494214 2.623932772285391 2.233458225321361 1.8429836783573306 1.4525091313933003 1.06203458442927 -9999.0 -9999.0 -9999.0 -9999.0 -9999.0 -9999.0 -9999.0 -9999.0 -9999.0 -9999.0 -9999.0 -9999.0 -9999.0 -9999.0 -9999.0 -9999.0
5.972922124537602 5.80077733544044 5.628632546343279 5.4564877572461175 5.284342968148955 5.112198179051794 5.023254407830219 5.023254407830219 5.023254407830219 5.023254407830219 5.023254407830219 5.023254407830219 5.023254407830219 5.023254407830219 5.023254407830219 5.023254407830219 5.023254407830219 5.023254407830219 4.839971744866437 4.460755766529159 4.08153978819188 3.702323809854601 3.3231078315166758 2.9438918531793967 2.564675874842118 2.1854598965048395 1.8062439181675605 1.4270279398302819 -9999.0 -9999.0 -9999.0 -9999.0 -9999.0 -9999.0 -9999.0 -9999.0 -9999.0 -9999.0 -9999.0 -9999.0 -9999.0 -9999.0 -9999.0 -9999.0 -9999.0
5.855704165465811 5.680834577869156 5.505964990272501 5.331095402675846 5.156225815079191 4.981356227482536 4.891004607347062 4.891004607347062 4.891004607347062 4.891004607347062 4.891004607347062 4.891004607347062 4.891004607347062 4.891004607347062 4.891004607347062 4.891004607347062 4.891004607347062 4.891004607347062 4.713163435662527 4.3452060259520096 3.977248616241492 3.6092912065309743 3.2413337968198297 2.873376387109312 2.5054189773987945 2.137461567688277 1.7695041579777593 1.4015467482672417 1.033589338556724 -9999.0 -9999.0 -9999.0 -9999.0 -9999.0 -9999.0 -9999.0 -9999.0 -9999.0 -9999.0 -9999.0 -9999.0 -9999.0 -9999.0 -9999.0 -9999.0
5.73848620639412 5.560891820297975 5.383297434201829 5.205703048105683 5.0281086620095365 4.85051427591339 4.758754806864019 4.758754806864019 4.758754806864019 4.758754806864019 4.758754806864019 4.758754806864019 4.758754806864019 4.758754806864019 4.758754806864019 4.758754806864019 4.758754806864019 4.758754806864019 4.5863551264587255 4.2296562853749595 3.8729574442911936 3.5162586032074277 3.1595597621230533 2.8028609210392874 2.4461620799555215 2.0894632388717556 1.7327643977879892 1.3760655567042233 1.0193667156204573 -9999.0 -9999.0 -9999.0 -9999.0 -9999.0 -9999.0 -9999.0 -9999.0 -9999.0 -9999.0 -9999.0 -9999.0 -9999.0 -9999.0 -9999.0 -9999.0
5.621268247322431 5.440949062726794 5.260629878131157 5.08031069353552 4.899991508939882 4.719672324344246 4.626505006380976 4.626505006380976 4.626505006380976 4.626505006380976 4.626505006380976 4.626505006380976 4.626505006380976 4.626505006380976 4.626505006380976 4.626505006380976 4.626505006380976 4.626505006380976 4.459546817254925 4.11410654479791 3.7686662723408957 3.423225999883881 3.0777857274262774 2.7323454549692627 2.3869051825122485 2.041464910055234 1.6960246375982195 1.3505843651412048 1.0051440926841906 -9999.0 -9999.0 -9999.0 -9999.0 -9999.0 -9999.0 -9999.0 -9999.0 -9999.0 -9999.0 -9999.0 -9999.0 -9999.0 -9999.0 -9999.0 -9999.0
5.50405028825074 5.321006305155612 5.137962322060484 4.954918338965356 4.771874355870228 4.588830372775099 4.4942552058979315 4.4942552058979315 4.4942552058979315 4.4942552058979315 4.4942552058979315 4.4942552058979315 4.4942552058979315 4.4942552058979315 4.4942552058979315 4.4942552058979315 4.4942552058979315 4.4942552058979315 4.332738508051122 3.9985568042208595 3.664375100390597 3.330193396560334 2.996011692729501 2.661829988899238 2.3276482850689755 1.9934665812387125 1.6592848774084494 -9999.0 -9999.0 -9999.0 -9999.0 -9999.0 -9999.0 -9999.0 -9999.0 -9999.0 -9999.0 -9999.0 -9999.0 -9999.0 -9999.0 -9999.0 -9999.0 -9999.0 -9999.0
5.38683232917905 5.201063547584431 5.015294765989812 4.829525984395193 4.643757202800574 4.457988421205954 4.362005405414888 4.362005405414888 4.362005405414888 4.362005405414888 4.362005405414888 4.362005405414888 4.362005405414888 4.362005405414888 4.362005405414888 4.362005405414888 4.362005405414888 4.362005405414888 4.205930198847321 3.88300706364381 3.5600839284402985 3.2371607932367876 2.914237658032725 2.5913145228292143 2.268391387625703 1.9454682524221916 -9999.0 -9999.0 -9999.0 -9999.0 -9999.0 -9999.0 -9999.0 -9999.0 -9999.0 -9999.0 -9999.0 -9999.0 -9999.0 -9999.0 -9999.0 -9999.0 -9999.0 -9999.0 -9999.0
5.26961437010736 5.08112079001325 4.892627209919139 4.704133629825029 4.515640049730919 4.3271464696368085 4.229755604931845 4.229755604931845 4.229755604931845 4.229755604931845 4.229755604931845 4.229755604931845 4.229755604931845 4.229755604931845 4.229755604931845 4.229755604931845 4.229755604931845 4.229755604931845 4.0791218896435195 3.7674573230667603 3.45579275649 3.1441281899132405 2.8324636233359493 2.5207990567591896 2.20913449018243 1.8974699236056698 -9999.0 -9999.0 -9999.0 -9999.0 -9999.0 -9999.0 -9999.0 -9999.0 -9999.0 -9999.0 -9999.0 -9999.0 -9999.0 -9999.0 -9999.0 -9999.0 -9999.0 -9999.0 -9999.0
5.15239641103557 4.961178032441966 4.769959653848362 4.578741275254759 4.387522896661156 4.196304518067552 4.097505804448689 4.097505804448689 4.097505804448689 4.097505804448689 4.097505804448689 4.097505804448689 4.097505804448689 4.097505804448689 4.097505804448689 4.097505804448689 4.097505804448689 4.097505804448689 3.9523135804396103 3.6519075824896117 3.351501584539613 3.0510955865896143 2.750689588639104 2.4502835906891054 2.1498775927391067 1.849471594789108 -9999.0 -9999.0 -9999.0 -9999.0 -9999.0 -9999.0 -9999.0 -9999.0 -9999.0 -9999.0 -9999.0 -9999.0 -9999.0 -9999.0 -9999.0 -9999.0 -9999.0 -9999.0 -9999.0
5.035178451963879 4.841235274870784 4.64729209777769 4.453348920684595 4.2594057435915005 4.065462566498406 3.965256003965645 3.965256003965645 3.965256003965645 3.965256003965645 3.965256003965645 3.965256003965645 3.965256003965645 3.965256003965645 3.965256003965645 3.965256003965645 3.965256003965645 3.965256003965645 3.825505271235808 3.536357841912561 3.2472104125893146 2.9580629832660676 2.6689155539423273 2.3797681246190807 2.0906206952958337 1.8014732659725863 1.5123258366493397 -9999.0 -9999.0 -9999.0 -9999.0 -9999.0 -9999.0 -9999.0 -9999.0 -9999.0 -9999.0 -9999.0 -9999.0 -9999.0 -9999.0 -9999.0 -9999.0 -9999.0 -9999.0
4.917960492892189 4.721292517299603 4.524624541707017 4.327956566114432 4.131288590521846 3.93462061492926 3.8330062034826016 3.8330062034826016 3.8330062034826016 3.8330062034826016 3.8330062034826016 3.8330062034826016 3.8330062034826016 3.8330062034826016 3.8330062034826016 3.8330062034826016 3.8330062034826016 3.8330062034826016 3.698696962032007 3.4208081013355116 3.1429192406390163 2.8650303799425205 2.5871415192455514 2.309252658549056 2.0313637978525607 1.753474937156065 1.4755860764595696 -9999.0 -9999.0 -9999.0 -9999.0 -9999.0 -9999.0 -9999.0 -9999.0 -9999.0 -9999.0 -9999.0 -9999.0 -9999.0 -9999.0 -9999.0 -9999.0 -9999.0 -9999.0
4.8007425338204985 4.601349759728421 4.401956985636345 4.202564211544269 4.003171437452192 3.8037786633601147 3.700756402999558 3.700756402999558 3.700756402999558 3.700756402999558 3.700756402999558 3.700756402999558 3.700756402999558 3.700756402999558 3.700756402999558 3.700756402999558 3.700756402999558 3.700756402999558 3.5718886528282052 3.3052583607584616 3.0386280686887175 2.771997776618974 2.505367484548775 2.2387371924790314 1.9721069004092875 1.7054766083395436 1.4388463162697995 -9999.0 -9999.0 -9999.0 -9999.0 -9999.0 -9999.0 -9999.0 -9999.0 -9999.0 -9999.0 -9999.0 -9999.0 -9999.0 -9999.0 -9999.0 -9999.0 -9999.0 -9999.0
4.757087399443287 4.5669953975355115 4.376903395627736 4.186811393719961 3.9967193918121855 3.8066273899044103 3.70841065260199 3.70841065260199 3.70841065260199 3.70841065260199 3.70841065260199 3.70841065260199 3.70841065260199 3.70841065260199 3.70841065260199 3.70841065260199 3.70841065260199 3.70841065260199 3.5837686694493724 3.325881584993061 3.0679945005367495 2.810107416080438 2.552220331623687 2.2943332471673754 2.036446162711064 1.7785590782547522 1.520671993798441 1.2627849093421295 -9999.0 -9999.0 -9999.0 -9999.0 -9999.0 -9999.0 -9999.0 -9999.0 -9999.0 -9999.0 -9999.0 -9999.0 -9999.0 -9999.0 -9999.0 -9999.0 -9999.0
4.792066287980466 4.62412963534312 4.456192982705773 4.288256330068426 4.12031967743108 3.9523830247937335 3.865613513557104 3.865613513557104 3.865613513557104 3.865613513557104 3.865613513557104 3.865613513557104 3.865613513557104 3.865613513557104 3.865613513557104 3.865613513557104 3.865613513557104 3.865613513557104 3.743897764816159 3.4920651255939044 3.2402324863716503 2.988399847149396 2.7365672079267123 2.484734568704458 2.232901929482204 1.9810692902599496 1.7292366510376955 1.477404011815441 -9999.0 -9999.0 -9999.0 -9999.0 -9999.0 -9999.0 -9999.0 -9999.0 -9999.0 -9999.0 -9999.0 -9999.0 -9999.0 -9999.0 -9999.0 -9999.0 -9999.0
4.827045176517631 4.681263873150703 4.535482569783776 4.389701266416848 4.243919963049921 4.098138659682994 4.022816374512151 4.022816374512151 4.022816374512151 4.022816374512151 4.022816374512151 4.022816374512151 4.022816374512151 4.022816374512151 4.022816374512151 4.022816374512151 4.022816374512151 4.022816374512151 3.904026860182876 3.6582486661946767 3.4124704722064774 3.1666922782182776 2.920914084229659 2.6751358902414593 2.42935769625326 2.1835795022650606 1.9378013082768608 1.6920231142886615 -9999.0 -9999.0 -9999.0 -9999.0 -9999.0 -9999.0 -9999.0 -9999.0 -9999.0 -9999.0 -9999.0 -9999.0 -9999.0 -9999.0 -9999.0 -9999.0 -9999.0
4.862024065054794 4.738398110958286 4.614772156861778 4.49114620276527 4.367520248668763 4.243894294572255 4.1800192354671974 4.1800192354671974 4.1800192354671974 4.1800192354671974 4.1800192354671974 4.1800192354671974 4.1800192354671974 4.1800192354671974 4.1800192354671974 4.1800192354671974 4.1800192354671974 4.1800192354671974 4.064155955549594 3.8244322067954486 3.584708458041304 3.344984709287159 3.105260960532606 2.8655372117784608 2.6258134630243157 2.386089714270171 2.1463659655160265 1.9066422167618815 -9999.0 -9999.0 -9999.0 -9999.0 -9999.0 -9999.0 -9999.0 -9999.0 -9999.0 -9999.0 -9999.0 -9999.0 -9999.0 -9999.0 -9999.0 -9999.0 -9999.0
4.897002953591972 4.795532348765893 4.694061743939814 4.592591139113735 4.491120534287656 4.3896499294615765 4.337222096422311 4.337222096422311 4.337222096422311 4.337222096422311 4.337222096422311 4.337222096422311 4.337222096422311 4.337222096422311 4.337222096422311 4.337222096422311 4.337222096422311 4.337222096422311 4.224285050916379 3.9906157473962915 3.756946443876204 3.5232771403561163 3.2896078368356303 3.055938533315543 2.822269229795456 2.5885999262753683 2.3549306227552806 2.1212613192351935 -9999.0 -9999.0 -9999.0 -9999.0 -9999.0 -9999.0 -9999.0 -9999.0 -9999.0 -9999.0 -9999.0 -9999.0 -9999.0 -9999.0 -9999.0 -9999.0 -9999.0
4.9319818421291375 4.852666586573477 4.7733513310178175 4.694036075462158 4.614720819906498 4.535405564350838 4.494424957377358 4.494424957377358 4.494424957377358 4.494424957377358 4.494424957377358 4.494424957377358 4.494424957377358 4.494424957377358 4.494424957377358 4.494424957377358 4.494424957377358 4.494424957377358 4.384414146283097 4.156799287997064 3.9291844297110314 3.7015695714249985 3.4739547131385775 3.2463398548525446 3.0187249965665117 2.7911101382804793 -9999.0 -9999.0 -9999.0 -9999.0 -9999.0 -9999.0 -9999.0 -9999.0 -9999.0 -9999.0 -9999.0 -9999.0 -9999.0 -9999.0 -9999.0 -9999.0 -9999.0 -9999.0 -9999.0
4.966960730666301 4.90980082438106 4.85264091809582 4.79548101181058 4.73832110552534 4.6811611992400985 4.651627818332405 4.651627818332405 4.651627818332405 4.651627818332405 4.651627818332405 4.651627818332405 4.651627818332405 4.651627818332405 4.651627818332405 4.651627818332405 4.651627818332405 4.651627818332405 4.544543241649814 4.322982828597836 4.1014224155458585 3.87986200249388 3.6583015894415243 3.436741176389546 3.215180763337568 2.99362035028559 -9999.0 -9999.0 -9999.0 -9999.0 -9999.0 -9999.0 -9999.0 -9999.0 -9999.0 -9999.0 -9999.0 -9999.0 -9999.0 -9999.0 -9999.0 -9999.0 -9999.0 -9999.0 -9999.0
