Figures/CREST_Example_wjb_NSE/Rolling_result/20100722/BJP_forecast/ens_3/wjb.rain.20100722.asc
ncols            288
nrows            254
xllcorner        113.274861
yllcorner        31.4918055
cellsize         0.008333333333
NODATA_value     -9999
[rows 20 to 39 of 254, columns 45 to 89 of 288]
34.36458758091616 34.36458758091616 34.36458758091616 34.36458758091616 34.36458758091616 34.36458758091616 34.36458758091616 34.36458758091616 34.36458758091616 34.36458758091616 34.36458758091616 -9999.0 -9999.0 -9999.0 -9999.0 -9999.0 -9999.0 -9999.0 -9999.0 -9999.0 -9999.0 -9999.0 -9999.0 -9999.0 -9999.0 34.36458758091616 34.36458758091616 34.36458758091616 34.36458758091616 34.36458758091616 34.36458758091616 34.36458758091616 34.36458758091616 34.36458758091616 34.36458758091616 34.36458758091616 34.36458758091616 34.36458758091616 34.36458758091616 34.36458758091616 34.36458758091616 34.36458758091616 30.374014274526456 30.389061452015547 30.404108629504634
34.36458758091616 34.36458758091616 34.36458758091616 34.36458758091616 34.36458758091616 34.36458758091616 34.36458758091616 34.36458758091616 34.36458758091616 34.36458758091616 34.36458758091616 34.36458758091616 34.36458758091616 -9999.0 -9999.0 -9999.0 -9999.0 -9999.0 -9999.0 -9999.0 -9999.0 -9999.0 -9999.0 -9999.0 -9999.0 34.36458758091616 34.36458758091616 34.36458758091616 34.36458758091616 34.36458758091616 34.36458758091616 34.36458758091616 34.36458758091616 34.36458758091616 34.36458758091616 34.36458758091616 34.36458758091616 34.36458758091616 34.36458758091616 34.36458758091616 34.36458758091616 34.36458758091616 28.85944289682336 28.944961936774725 29.030480976726093
34.36458758091616 34.36458758091616 34.36458758091616 34.36458758091616 34.36458758091616 34.36458758091616 34.36458758091616 34.36458758091616 34.36458758091616 34.36458758091616 34.36458758091616 34.36458758091616 34.36458758091616 -9999.0 -9999.0 -9999.0 -9999.0 -9999.0 -9999.0 -9999.0 -9999.0 -9999.0 -9999.0 -9999.0 -9999.0 34.36458758091616 34.36458758091616 34.36458758091616 34.36458758091616 34.36458758091616 34.36458758091616 34.36458758091616 34.36458758091616 34.36458758091616 34.36458758091616 34.36458758091616 34.36458758091616 34.36458758091616 34.36458758091616 34.36458758091616 34.36458758091616 34.36458758091616 27.344871519120257 27.500862421533903 27.656853323947548
34.36458758091616 34.36458758091616 34.36458758091616 34.36458758091616 34.36458758091616 34.36458758091616 34.36458758091616 34.36458758091616 34.36458758091616 34.36458758091616 34.36458758091616 34.36458758091616 34.36458758091616 -9999.0 -9999.0 -9999.0 -9999.0 -9999.0 -9999.0 -9999.0 -9999.0 -9999.0 -9999.0 -9999.0 -9999.0 34.36458758091616 34.36458758091616 34.36458758091616 34.36458758091616 34.36458758091616 34.36458758091616 34.36458758091616 34.36458758091616 34.36458758091616 34.36458758091616 34.36458758091616 34.36458758091616 34.36458758091616 34.36458758091616 34.36458758091616 34.36458758091616 34.36458758091616 25.83030014141716 26.05676290629308 26.283225671169003
34.36458758091616 34.36458758091616 34.36458758091616 34.36458758091616 34.36458758091616 34.36458758091616 34.36458758091616 34.36458758091616 34.36458758091616 34.36458758091616 34.36458758091616 34.36458758091616 34.36458758091616 34.36458758091616 34.36458758091616 -9999.0 34.36458758091616 34.36458758091616 -9999.0 -9999.0 -9999.0 -9999.0 -9999.0 -9999.0 34.36458758091616 34.36458758091616 34.36458758091616 34.36458758091616 34.36458758091616 34.36458758091616 34.36458758091616 34.36458758091616 34.36458758091616 34.36458758091616 34.36458758091616 34.36458758091616 34.36458758091616 34.36458758091616 34.36458758091616 34.36458758091616 34.36458758091616 34.36458758091616 24.31572876371406 24.61266339105226 24.90959801839046
32.61074749310932 31.466367290545502 30.321987087981682 29.177606885417866 28.03322668285405 26.88884648029023 26.449219505035146 26.762989658934803 27.076759812833927 27.39052996673305 27.704300120632173 28.018070274531297 28.33184042843042 28.645610582329542 28.959380736228667 29.27315089012779 29.586921044026912 29.900691197926037 29.85550802877537 29.4265956433177 -9999.0 -9999.0 -9999.0 -9999.0 27.282033716028618 26.85312133057095 26.42420894511328 25.99529655965561 25.56638417419794 25.13747178874027 24.86026561847585 24.74523682181117 24.630208025146484 24.515179228481607 24.400150431816922 24.28512163515224 24.170092838487555 24.055064041822874 23.94003524515819 23.825006448493507 23.709977651828822 23.59494885516414 23.70075930383942 24.042651898655407 24.3845444934714
32.402939329601494 31.41847104233424 30.434002755066984 29.449534467799733 28.46506618053248 27.480597893265227 27.116588615450624 27.415864042645353 27.715139469839574 28.01441489703379 28.31369032422801 28.61296575142223 28.912241178616448 29.211516605810665 29.510792033004886 29.810067460199104 30.10934288739332 30.408618314587542 30.350085858817234 29.90904868808319 -9999.0 -9999.0 -9999.0 -9999.0 27.703862834412213 27.262825663678168 26.821788492944123 26.38075132221008 25.939714151476036 25.49867698074199 25.21452792064982 25.098095797536885 24.98166367442395 24.865231551310814 24.748799428197874 24.632367305084937 24.515935181972 24.39950305885906 24.283070935746125 24.166638812633188 24.050206689520248 23.933774566407312 24.0474075661039 24.406985383540594 24.76656320097729
32.19513116609348 31.37057479412293 30.546018422152382 29.721462050181835 28.896905678211283 28.07234930624073 27.783957725866674 28.06873842635646 28.353519126845764 28.638299827335064 28.923080527824368 29.207861228313668 29.49264192880297 29.77742262929227 30.062203329781575 30.346984030270875 30.631764730760178 30.916545431249478 30.844663688859516 30.391501732849086 29.938339776837886 -9999.0 -9999.0 -9999.0 28.125691952796167 27.672529996785737 27.219368040775308 26.766206084764875 26.31304412875445 25.859882172744015 25.56879022282409 25.4509547732629 25.33311932370171 25.215283874140315 25.097448424579124 24.97961297501793 24.861777525456738 24.743942075895546 24.62610662633435 24.50827117677316 24.39043572721197 24.272600277650774 24.39405582836868 24.771318868426093 25.148581908483507
31.987323002585654 31.322678545911668 30.658034089237685 29.993389632563698 29.328745175889715 28.66410071921573 28.451326836282153 28.72161281006701 28.991898783851408 29.262184757635808 29.532470731420204 29.8027567052046 30.073042678988998 30.343328652773394 30.61361462655779 30.883900600342187 31.154186574126587 31.424472547910984 31.33924151890138 30.873954777614575 30.40866803632698 29.943381295040172 29.47809455375337 29.012807812466566 28.54752107117976 28.082234329892955 27.616947588606152 27.15166084731935 26.68637410603254 26.22108736474574 25.923052524998067 25.80381374898862 25.68457497297917 25.565336196969522 25.446097420960076 25.32685864495063 25.207619868941183 25.088381092931737 24.96914231692229 24.849903540912845 24.7306647649034 24.611425988893952 24.740704090633166 25.135652353311283 25.530600615989403
31.77951483907782 31.2747822977004 30.770049756322983 30.265317214945565 29.760584673568147 29.255852132190732 29.118695946697635 29.37448719377756 29.630278440857055 29.886069687936548 30.14186093501604 30.397652182095534 30.653443429175024 30.909234676254517 31.16502592333401 31.420817170413503 31.676608417492996 31.93239966457249 31.833819348943244 31.356407822380064 30.87899629581607 30.401584769252892 29.92417324268971 29.44676171612653 28.969350189563354 28.491938663000173 28.014527136436996 27.537115609873815 27.059704083310635 26.582292556747454 26.277314827172034 26.156672724714333 26.036030622256632 25.915388519798725 25.794746417341027 25.674104314883326 25.553462212425625 25.432820109967924 25.312178007510223 25.191535905052525 25.070893802594824 24.950251700137123 25.087352352897646 25.499985838196473 25.912619323495296
31.57170667556999 31.22688604948914 30.882065423408285 30.537244797327432 30.192424171246582 29.84760354516573 29.786065057113113 30.02736157748811 30.268658097862698 30.509954618237288 30.751251138611874 30.992547658986464 31.23384417936105 31.47514069973564 31.716437220110226 31.957733740484812 32.1990302608594 32.44032678123399 32.3283971789851 31.83886086714555 31.34932455530516 30.859788243465605 30.37025193162605 29.8807156197865 29.391179307946945 28.90164299610739 28.412106684267837 27.922570372428282 27.433034060588728 26.943497748749174 26.631577129346002 26.509531700440046 26.387486271534094 26.26544084262793 26.143395413721976 26.02134998481602 25.899304555910067 25.77725912700411 25.65521369809816 25.533168269192203 25.41112284028625 25.289077411380294 25.43400061516213 25.86431932308166 26.294638031001185
31.36389851206216 31.178989801277872 30.994081090493587 30.809172379709302 30.624263668925014 30.439354958140726 30.45343416752859 30.68023596119866 30.907037754868345 31.13383954853803 31.360641342207714 31.587443135877397 31.81424492954708 32.041046723216766 32.267848516886446 32.49465031055613 32.72145210422581 32.9482538978955 32.82297500902697 32.32131391191104 31.819652814794257 31.31799171767833 30.816330620562397 30.31466952344647 29.81300842633054 29.311347329214613 28.809686232098684 28.308025134982756 27.806364037866825 27.304702940750897 26.985839431519974 26.862390676165766 26.738941920811556 26.61549316545714 26.49204441010293 26.36859565474872 26.245146899394513 26.121698144040305 25.998249388686094 25.874800633331887 25.75135187797768 25.62790312262347 25.780648877426614 26.228652807966846 26.67665673850708
31.15609034855433 31.13109355306661 31.10609675757889 31.08109996209117 31.056103166603446 31.031106371115726 31.12080327794407 31.333110344909212 31.54541741187399 31.75772447883877 31.970031545803547 32.182338612768326 32.3946456797331 32.606952746697885 32.81925981366266 33.031566880627445 33.24387394759222 33.456181014556996 33.31755283906883 32.803766956676526 32.28998107428335 31.77619519189104 31.26240930949874 30.748623427106434 30.234837544714132 29.721051662321827 29.207265779929525 28.693479897537223 28.179694015144918 27.665908132752616 27.340101733693942 27.21524965189148 27.090397570089017 26.96554548828634 26.84069340648388 26.715841324681417 26.590989242878955 26.466137161076492 26.34128507927403 26.216432997471568 26.091580915669105 25.96672883386664 26.1272971396911 26.592986292852032 27.05867544601297
30.94828218504632 31.083197304855304 31.218112424664284 31.353027544473267 31.487942664282247 31.62285778409123 31.78817238836012 31.98598472862032 32.18379706888018 32.38160940914005 32.579421749399906 32.77723408965977 32.97504642991963 33.172858770179495 33.37067111043935 33.56848345069922 33.76629579095908 33.96410813121894 33.81213066911111 33.28622000144243 32.760309333772845 32.234398666104155 31.708487998435466 31.182577330766776 30.656666663098086 30.1307559954294 29.60484532776071 29.07893466009202 28.553023992423334 28.027113324754644 27.694364035868215 27.568108627617498 27.44185321936678 27.315597811115847 27.18934240286513 27.063086994614412 26.936831586363695 26.810576178112974 26.684320769862257 26.55806536161154 26.431809953360823 26.305554545110105 26.473945401955877 26.957319777737535 27.44069415351919
30.740474021538493 31.03530105664404 31.33012809174959 31.624955126855138 31.919782161960683 32.21460919706623 32.4555414987756 32.63885911233087 32.82217672588583 33.00549433944079 33.18881195299574 33.3721295665507 33.55544718010566 33.738764793660614 33.92208240721557 34.105400020770524 34.28871763432549 34.47203524788044 34.306708499152975 33.768673046207915 33.23063759326193 32.69260214031687 32.154566687371805 31.61653123442674 31.078495781481678 30.540460328536614 30.00242487559155 29.464389422646487 28.926353969701424 28.388318516756364 28.048626338042183 27.920967603343215 27.793308868644242 27.66565013394505 27.53799139924608 27.41033266454711 27.282673929848137 27.155015195149165 27.027356460450193 26.89969772575122 26.77203899105225 26.644380256353276 26.82059366422036 27.32165326262272 27.82271286102508
30.53266585803066 30.987404808432775 31.442143758834888 31.896882709237 32.351621659639115 32.806360610041224 33.12291060919108 33.291733496041424 33.460556382891475 33.62937926974153 33.79820215659158 33.96702504344163 34.13584793029168 34.30467081714174 34.47349370399179 34.642316590841844 34.811139477691896 34.97996236454195 34.801286329194845 34.2511260909734 33.700965852751025 33.15080561452959 32.60064537630815 32.050485138086714 31.500324899865273 30.950164661643836 30.400004423422395 29.849844185200958 29.29968394697952 28.74952370875808 28.402888640216155 28.273826579068928 28.1447645179217 28.015702456774257 27.88664039562703 27.757578334479806 27.62851627333258 27.499454212185356 27.37039215103813 27.2413300898909 27.112268028743678 26.98320596759645 27.167241926484845 27.68598674750791 28.204731568530974
30.32485769452283 30.939508560221512 31.55415942592019 32.16881029161887 32.78346115731755 33.398112023016225 33.79027971960656 33.94460787975197 34.09893603989712 34.25326420004227 34.407592360187415 34.56192052033256 34.71624868047771 34.87057684062286 35.02490500076801 35.17923316091316 35.333561321058305 35.48788948120345 35.2958641592367 34.733579135738886 34.17129411224012 33.609009088742305 33.04672406524449 32.48443904174668 31.922154018248865 31.359868994751054 30.79758397125324 30.235298947755428 29.673013924257614 29.110728900759803 28.757150942390126 28.626685554794644 28.496220167199166 28.365754779603463 28.23528939200798 28.104824004412503 27.974358616817025 27.843893229221543 27.713427841626064 27.582962454030582 27.452497066435104 27.322031678839622 27.51389018874933 28.050320232393098 28.586750276036867
30.248822683154046 30.934404351572198 31.619986019990346 32.3055676884085 32.99114935682665 33.6767310252448 34.106758906836205 34.263594014164205 34.42042912149193 34.57726422881966 34.73409933614739 34.89093444347512 35.04776955080284 35.20460465813057 35.3614397654583 35.51827487278602 35.67510998011375 35.83194508744148 35.638796678905734 35.071507980703316 34.50421928249993 33.93693058429752 33.3696418860951 32.80235318789269 32.235064489690274 31.667775791487863 31.100487093285448 30.533198395083033 29.96590969688062 29.398620998678204 29.03818736177358 28.89888646168105 28.759585561588526 28.62028466149576 28.48098376140323 28.3416828613107 28.202381961218176 28.063081061125647 27.923780161033118 27.78447926094059 27.645178360848064 27.505877460755535 27.69309677566997 28.229373582600857 28.765650389531743
30.313644862206232 30.97504213487827 31.63643940755031 32.297836680222346 32.95923395289439 33.62063122556643 34.048158892235506 34.2256746640578 34.403190435879786 34.58070620770178 34.75822197952377 34.93573775134576 35.11325352316775 35.290769294989744 35.46828506681173 35.645800838633726 35.82331661045571 36.00083238227771 35.81962992407996 35.25494956933852 34.69026921459611 34.125588859854666 33.56090850511322 32.99622815037177 32.43154779563032 31.866867440888882 31.302187086147434 30.73750673140599 30.172826376664545 29.608146021923098 29.24094992985626 29.084868979031654 28.928788028207048 28.772707077382176 28.61662612655757 28.460545175732964 28.304464224908358 28.148383274083752 27.992302323259146 27.83622137243454 27.680140421609934 27.52405947078533 27.69331877001272 28.210374152042313 28.727429534071902
30.37846704125841 31.015679918184336 31.65289279511026 32.29010567203619 32.92731854896212 33.56453142588804 33.98955887763479 34.187755313951385 34.38595175026764 34.584148186583896 34.78234462290015 34.9805410592164 35.17873749553266 35.37693393184891 35.57513036816516 35.77332680448142 35.97152324079767 36.16971967711393 36.000463169254196 35.43839115797372 34.87631914669228 34.314247135411804 33.75217512413133 33.19010311285085 32.62803110157038 32.0659590902899 31.503887079009424 30.941815067728946 30.37974305644847 29.81767104516799 29.443712497938936 29.270851496382253 29.09799049482557 28.925129493268592 28.752268491711906 28.579407490155223 28.40654648859854 28.233685487041857 28.060824485485174 27.887963483928488 27.715102482371805 27.54224148081512 27.69354076435547 28.191374721483765 28.68920867861206
