Figures/CREST_Example_wjb_NSE/Rolling_result/20100722/BJP_forecast/ens_3/wjb.rain.20091117.asc
ncols            288
nrows            254
xllcorner        113.274861
yllcorner        31.4918055
cellsize         0.008333333333
NODATA_value     -9999
[rows 138 to 160 of 254, columns 156 to 207 of 288]
0.0 0.0 0.0 0.0017147091261418468 0.005262481096479474 0.008810253066817101 0.012358025037154727 0.015905797007492353 0.01945356897782998 0.02300134094816761 0.026549112918505237 0.03009688488884286 0.03364465685918049 0.037192428829524164 0.04074020079986179 0.04257326364576368 0.04257326364576368 0.04257326364576368 0.04257326364576368 0.04257326364576368 0.04257326364576368 0.04257326364576368 0.04257326364576368 0.04257326364576368 0.04257326364576368 0.04257326364576368 0.04257326364576368 0.04986761090661945 0.06495978042437753 0.0800519499421356 0.09514411945989366 0.11023628897765174 0.1253284584954098 0.14042062801316788 0.15551279753092595 0.170604967048684 0.1856971365664421 0.20078930608420015 0.21588147560195825 0.23424843715547805 0.25611622549428315 0.27798401383308824 0.2998518021718934 0.3217195905106985 0.3435873788495036 0.3654551671883087 0.3873229555271138 0.4091907438659189 0.431058532204724 0.4529263205435291 0.47479410888233425 0.4860927579423215
0.0 0.0 0.0 0.0020274216562107977 0.006222202925115727 0.010416984194020654 0.014611765462925584 0.018806546731830513 0.02300132800073544 0.02719610926964037 0.031390890538545296 0.035585671807450224 0.03978045307635515 0.04397523434526724 0.04817001561417217 0.05033737522888355 0.05033737522888355 0.05033737522888355 0.05033737522888355 0.05033737522888355 0.05033737522888355 0.05033737522888355 0.05033737522888355 0.05033737522888355 0.05033737522888355 0.05033737522888355 0.05033737522888355 0.056844790202373874 0.0703087790131823 0.08377276782399071 0.09723675663479914 0.11070074544560757 0.12416473425641597 0.1376287230672244 0.15109271187803283 0.16455670068884123 0.17802068949964966 0.19148467831045807 0.2049486671212665 0.22276988635453568 0.2452490835009395 0.2677282806473433 0.29020747779374706 0.31268667494015084 0.33516587208655463 0.35764506923295847 0.38012426637936225 0.40260346352576604 0.4250826606721698 0.4475618578185736 0.4700410549649774 0.48165560673273794
0.0 0.0 0.0 0.002340134186279749 0.007181924753751979 0.01202371532122421 0.01686550588869644 0.02170729645616867 0.0265490870236409 0.03139087759111313 0.03623266815858536 0.04107445872605759 0.04591624929352982 0.05075803986101031 0.05559983042848254 0.05810148681200342 0.05810148681200342 0.05810148681200342 0.05810148681200342 0.05810148681200342 0.05810148681200342 0.05810148681200342 0.05810148681200342 0.05810148681200342 0.05810148681200342 0.05810148681200342 0.05810148681200342 0.0638219694981283 0.07565777760198707 0.08749358570584582 0.0993293938097046 0.11116520191356336 0.12300101001742213 0.1348368181212809 0.14667262622513966 0.15850843432899842 0.17034424243285717 0.18218005053671596 0.19401585864057472 0.2112913355535933 0.23438194150759578 0.25747254746159826 0.28056315341560073 0.30365375936960315 0.3267443653236056 0.3498349712776081 0.37292557723161057 0.39601618318561305 0.4191067891396155 0.442197395093618 0.46528800104762047 0.47721845552315434
0.0 0.0 0.0 0.0026528467163487 0.008141646582388232 0.013630446448427763 0.019119246314467295 0.024608046180506826 0.03009684604654636 0.03558564591258589 0.04107444577862542 0.046563245644664956 0.052052045510704484 0.05754084537675338 0.0630296452427929 0.06586559839512328 0.06586559839512328 0.06586559839512328 0.06586559839512328 0.06586559839512328 0.06586559839512328 0.06586559839512328 0.06586559839512328 0.06586559839512328 0.06586559839512328 0.06586559839512328 0.06586559839512328 0.07079914879388272 0.08100677619079183 0.09121440358770094 0.10142203098461006 0.11162965838151918 0.1218372857784283 0.1320449131753374 0.14225254057224654 0.15246016796915565 0.16266779536606477 0.17287542276297388 0.18308305015988302 0.199812784752651 0.22351479951425213 0.24721681427585326 0.2709188290374544 0.29462084379905557 0.3183228585606567 0.34202487332225784 0.365726888083859 0.38942890284546017 0.4131309176070613 0.4368329323686624 0.46053494713026355 0.4727813043135708
0.0 0.0 0.0 0.002965559246417651 0.009101368411024484 0.015237177575631318 0.021372986740238152 0.027508795904844983 0.03364460506945182 0.039780414234058654 0.04591622339866548 0.052052032563272316 0.05818784172787915 0.06432365089249645 0.07045946005710328 0.07362970997824314 0.07362970997824314 0.07362970997824314 0.07362970997824314 0.07362970997824314 0.07362970997824314 0.07362970997824314 0.07362970997824314 0.07362970997824314 0.07362970997824314 0.07362970997824314 0.07362970997824314 0.07777632808963714 0.08635577477959659 0.09493522146955606 0.10351466815951552 0.11209411484947499 0.12067356153943445 0.12925300822939392 0.13783245491935336 0.14641190160931283 0.1549913482992723 0.16357079498923177 0.17215024167919124 0.18833423395170862 0.21264765752090845 0.23696108109010827 0.2612745046593081 0.2855879282285079 0.3099013517977077 0.3342147753669076 0.35852819893610743 0.38284162250530723 0.40715504607450703 0.4314684696437069 0.45578189321290674 0.46834415310398725
0.0 0.0 0.0 0.0032782717764866017 0.010061090239660737 0.01684390870283487 0.023626727166009005 0.030409545629183143 0.03719236409235728 0.043975182555531414 0.05075800101870555 0.05754081948187968 0.06432363794505382 0.07110645640823952 0.07788927487141366 0.08139382156136302 0.08139382156136302 0.08139382156136302 0.08139382156136302 0.08139382156136302 0.08139382156136302 0.08139382156136302 0.08139382156136302 0.08139382156136302 0.08139382156136302 0.08139382156136302 0.08139382156136302 0.08475350738539156 0.09170477336840137 0.09865603935141118 0.10560730533442099 0.1125585713174308 0.11950983730044061 0.12646110328345042 0.13341236926646022 0.14036363524947004 0.14731490123247987 0.15426616721548966 0.16121743319849946 0.17685568315076625 0.20178051552756476 0.22670534790436325 0.25163018028116174 0.27655501265796023 0.3014798450347588 0.32640467741155726 0.35132950978835575 0.3762543421651543 0.40117917454195273 0.4261040069187513 0.45102883929554977 0.46390700189440365
0.0 0.0 0.0 0.0035909843065558195 0.011020812068297808 0.018450639830039795 0.025880467591781784 0.03331029535352377 0.04074012311526576 0.04816995087700775 0.055599778638749736 0.06302960640049173 0.07045943416223371 0.07788926192398837 0.08531908968573036 0.0891579331444895 0.0891579331444895 0.0891579331444895 0.0891579331444895 0.0891579331444895 0.0891579331444895 0.0891579331444895 0.0891579331444895 0.0891579331444895 0.0891579331444895 0.0891579331444895 0.0891579331444895 0.09173068668115193 0.0970537719572107 0.10237685723326947 0.10769994250932824 0.113023027785387 0.11834611306144578 0.12366919833750455 0.12899228361356332 0.1343153688896221 0.13963845416568085 0.14496153944173962 0.1502846247177984 0.16537713234981413 0.1909133735342118 0.21644961471860952 0.24198585590300722 0.26752209708740493 0.2930583382718026 0.3185945794562003 0.344130820640598 0.36966706182499576 0.39520330300939344 0.4207395441937911 0.44627578537818885 0.4594698506848163
0.0 0.0 0.0 0.003788841282743273 0.011628039603929953 0.019467237925116634 0.027306436246303314 0.035145634567489994 0.042984832888676675 0.050824031209863355 0.058663229531050035 0.06650242785223671 0.0743416261734234 0.08218082449462344 0.09002002281581012 0.09407037985802336 0.09407037985802336 0.09407037985802336 0.09407037985802336 0.09407037985802336 0.09407037985802336 0.09407037985802336 0.09407037985802336 0.09407037985802336 0.09407037985802336 0.09407037985802336 0.09407037985802336 0.09630870561121889 0.10093985223683587 0.10557099886245283 0.1102021454880698 0.11483329211368676 0.11946443873930374 0.1240955853649207 0.12872673199053766 0.13335787861615464 0.1379890252417716 0.14262017186738857 0.14725131849300555 0.1616860777626953 0.18660112077639307 0.21151616379009083 0.2364312068037886 0.26134624981748633 0.2862612928311841 0.3111763358448819 0.33609137885857965 0.3610064218722774 0.3859214648859752 0.4108365078996729 0.4357515509133707 0.44862465554401665
0.0 0.0 0.0 0.0038639249121509476 0.011858472961045165 0.019853021009939385 0.027847569058833604 0.03584211710772782 0.04383666515662204 0.05183121320551626 0.05982576125441048 0.0678203093033047 0.07581485735219891 0.08380940540110676 0.09180395345000097 0.0959345765905888 0.0959345765905888 0.0959345765905888 0.0959345765905888 0.0959345765905888 0.0959345765905888 0.0959345765905888 0.0959345765905888 0.0959345765905888 0.0959345765905888 0.0959345765905888 0.0959345765905888 0.09832217334978885 0.10326216506409469 0.10820215677840055 0.11314214849270639 0.11808214020701223 0.12302213192131808 0.12796212363562393 0.13290211534992977 0.1378421070642356 0.14278209877854148 0.14772209049284732 0.15266208220715316 0.16631936571622907 0.18929563140109612 0.21227189708596314 0.23524816277083016 0.2582244284556972 0.28120069414056426 0.30417695982543125 0.3271532255102983 0.35012949119516534 0.37310575688003234 0.3960820225648994 0.41905828824976643 0.43092966539409655
0.0 0.0 0.0 0.0039390085415586225 0.012088906318160378 0.020238804094762135 0.02838870187136389 0.036538599647965644 0.0446884974245674 0.05283839520116916 0.06098829297777092 0.06913819075437268 0.07728808853097444 0.08543798630759009 0.09358788408419184 0.09779877332315422 0.09779877332315422 0.09779877332315422 0.09779877332315422 0.09779877332315422 0.09779877332315422 0.09779877332315422 0.09779877332315422 0.09779877332315422 0.09779877332315422 0.09779877332315422 0.09779877332315422 0.1003356410883588 0.10558447789135351 0.11083331469434825 0.11608215149734297 0.1213309883003377 0.12657982510333243 0.13182866190632714 0.13707749870932187 0.1423263355123166 0.14757517231531134 0.15282400911830607 0.15807284592130078 0.17095265366976287 0.19199014202579917 0.21302763038183548 0.23406511873787178 0.2551026070939081 0.2761400954499444 0.2971775838059807 0.31821507216201694 0.3392525605180533 0.36029004887408955 0.3813275372301259 0.40236502558616216 0.41323467524417645
0.0 0.0 0.0 0.004014092170966297 0.012319339675275591 0.020624587179584885 0.02892983468389418 0.03723508218820347 0.04554032969251277 0.05384557719682206 0.062150824701131355 0.07045607220544065 0.07876131970974994 0.0870665672140734 0.09537181471838269 0.09966297005571964 0.09966297005571964 0.09966297005571964 0.09966297005571964 0.09966297005571964 0.09966297005571964 0.09966297005571964 0.09966297005571964 0.09966297005571964 0.09966297005571964 0.09966297005571964 0.09966297005571964 0.10234910882692874 0.10790679071861234 0.11346447261029595 0.11902215450197956 0.12457983639366316 0.13013751828534675 0.13569520017703038 0.14125288206871398 0.14681056396039757 0.1523682458520812 0.1579259277437648 0.1634836096354484 0.17558594162329663 0.19468465265050222 0.21378336367770778 0.23288207470491334 0.2519807857321189 0.27107949675932447 0.29017820778653003 0.30927691881373565 0.32837562984094115 0.34747434086814677 0.3665730518953523 0.3856717629225579 0.39553968509425635
0.0 0.0 0.0 0.0040891758003739715 0.012549773032390802 0.02101037026440763 0.029470967496424465 0.037931564728441294 0.046392161960458124 0.054852759192474954 0.06331335642449179 0.07177395365650861 0.08023455088852545 0.0886951481205567 0.09715574535257354 0.10152716678828506 0.10152716678828506 0.10152716678828506 0.10152716678828506 0.10152716678828506 0.10152716678828506 0.10152716678828506 0.10152716678828506 0.10152716678828506 0.10152716678828506 0.10152716678828506 0.10152716678828506 0.10436257656549867 0.11022910354587116 0.11609563052624365 0.12196215750661614 0.12782868448698861 0.1336952114673611 0.1395617384477336 0.14542826542810608 0.15129479240847857 0.15716131938885106 0.16302784636922354 0.16889437334959603 0.18021922957683043 0.19737916327520527 0.21453909697358012 0.23169903067195496 0.24885896437032978 0.2660188980687046 0.2831788317670795 0.3003387654654543 0.3174986991638291 0.334658632862204 0.3518185665605788 0.3689785002589536 0.37784469494433626
0.0 0.0 0.0 0.00416425942978171 0.01278020638950621 0.02139615334923071 0.030012100308955212 0.038628047268679716 0.04724399422840422 0.05585994118812872 0.06447588814785322 0.07309183510757772 0.08170778206730223 0.09032372902704142 0.09893967598676591 0.10339136352085208 0.10339136352085208 0.10339136352085208 0.10339136352085208 0.10339136352085208 0.10339136352085208 0.10339136352085208 0.10339136352085208 0.10339136352085208 0.10339136352085208 0.10339136352085208 0.10339136352085208 0.10637604430407034 0.11255141637313197 0.1187267884421936 0.12490216051125523 0.13107753258031685 0.13725290464937848 0.1434282767184401 0.14960364878750174 0.15577902085656337 0.161954392925625 0.16812976499468663 0.17430513706374826 0.18485251753036816 0.2000736738999106 0.21529483026945306 0.2305159866389955 0.24573714300853797 0.2609582993780804 0.27617945574762287 0.29140061211716534 0.30662176848670775 0.3218429248562502 0.3370640812257927 0.35228523759533514 0.36014970479440106
0.0 0.0 0.0 0.004239343059189385 0.013010639746621425 0.021781936434053465 0.030553233121485505 0.03932452980891755 0.04809582649634959 0.05686712318378163 0.06563841987121367 0.07440971655864571 0.08318101324607775 0.09195230993352474 0.10072360662095678 0.10525556025341751 0.10525556025341751 0.10525556025341751 0.10525556025341751 0.10525556025341751 0.10525556025341751 0.10525556025341751 0.10525556025341751 0.10525556025341751 0.10525556025341751 0.10525556025341751 0.10525556025341751 0.10838951204264029 0.1148737292003908 0.1213579463581413 0.1278421635158918 0.1343263806736423 0.14081059783139283 0.14729481498914332 0.1537790321468938 0.16026324930464433 0.16674746646239486 0.17323168362014535 0.17971590077789584 0.18948580548390193 0.20276818452461365 0.21605056356532537 0.2293329426060371 0.24261532164674882 0.25589770068746054 0.26918007972817226 0.282462458768884 0.2957448378095957 0.30902721685030743 0.32230959589101915 0.3355919749317309 0.34245471464448096
0.0 0.0 0.0 0.004314426688597059 0.013241073103736636 0.022167719518876215 0.03109436593401579 0.04002101234915537 0.048947658764294945 0.057874305179434524 0.0668009515945741 0.07572759800971368 0.08465424442485325 0.09358089084000806 0.10250753725514763 0.10711975698598294 0.10711975698598294 0.10711975698598294 0.10711975698598294 0.10711975698598294 0.10711975698598294 0.10711975698598294 0.10711975698598294 0.10711975698598294 0.10711975698598294 0.10711975698598294 0.10711975698598294 0.11040297978121025 0.11719604202764963 0.12398910427408902 0.1307821665205284 0.1375752287669678 0.14436829101340717 0.15116135325984656 0.15795441550628594 0.16474747775272533 0.17154053999916472 0.1783336022456041 0.18512666449204349 0.19411909343743572 0.2054626951493167 0.21680629686119768 0.22814989857307869 0.23949350028495967 0.2508371019968407 0.26218070370872165 0.27352430542060263 0.2848679071324836 0.2962115088443646 0.3075551105562456 0.3188987122681266 0.32475972449456086
0.0 0.0 0.0 0.004389510318004735 0.013471506460851851 0.02255350260369897 0.03163549874654609 0.0407174948893932 0.049799491032240316 0.058881487175087434 0.06796348331793454 0.07704547946078166 0.08612747560362878 0.09520947174649139 0.1042914678893385 0.10898395371854837 0.10898395371854837 0.10898395371854837 0.10898395371854837 0.10898395371854837 0.10898395371854837 0.10898395371854837 0.10898395371854837 0.10898395371854837 0.10898395371854837 0.10898395371854837 0.10898395371854837 0.11241644751978018 0.11951835485490846 0.12662026219003672 0.13372216952516497 0.14082407686029325 0.14792598419542152 0.15502789153054977 0.16212979886567805 0.1692317062008063 0.17633361353593457 0.18343552087106285 0.1905374282061911 0.19875238139096948 0.20815720577401975 0.21756203015706999 0.22696685454012025 0.23637167892317051 0.24577650330622078 0.25518132768927104 0.2645861520723213 0.2739909764553715 0.2833958008384218 0.29280062522147204 0.30220544960452234 0.30706473434464077
0.0 0.0 0.0 0.004464593947412409 0.013701939817967064 0.022939285688521716 0.03217663155907637 0.04141397742963102 0.05065132330018568 0.05988866917074033 0.06912601504129498 0.07836336091184964 0.0876007067824043 0.0968380526529747 0.10607539852352936 0.11084815045111379 0.11084815045111379 0.11084815045111379 0.11084815045111379 0.11084815045111379 0.11084815045111379 0.11084815045111379 0.11084815045111379 0.11084815045111379 0.11084815045111379 0.11084815045111379 0.11084815045111379 0.11442991525835013 0.12184066768216728 0.12925142010598442 0.13666217252980156 0.14407292495361873 0.15148367737743587 0.158894429801253 0.16630518222507015 0.1737159346488873 0.18112668707270446 0.1885374394965216 0.19594819192033874 0.20338566934450328 0.2108517163987228 0.21831776345294232 0.22578381050716184 0.2332498575613814 0.2407159046156009 0.24818195166982043 0.25564799872404 0.2631140457782595 0.270580092832479 0.2780461398866985 0.28551218694091807 0.28936974419472067
0.0 0.0 0.0 0.004539677576820084 0.013932373175082275 0.023325068773344466 0.03271776437160666 0.04211045996986885 0.05150315556813104 0.06089585116639323 0.07028854676465542 0.07968124236291761 0.08907393796117981 0.098466633559458 0.1078593291577202 0.11271234718367922 0.11271234718367922 0.11271234718367922 0.11271234718367922 0.11271234718367922 0.11271234718367922 0.11271234718367922 0.11271234718367922 0.11271234718367922 0.11271234718367922 0.11271234718367922 0.11271234718367922 0.11644338299692007 0.12416298050942609 0.13188257802193212 0.13960217553443816 0.14732177304694416 0.1550413705594502 0.16276096807195622 0.17048056558446223 0.1782001630969683 0.1859197606094743 0.1936393581219803 0.20135895563448636 0.20801895729803704 0.21354622702342585 0.21907349674881463 0.22460076647420343 0.2301280361995922 0.23565530592498102 0.24118257565036982 0.2467098453757586 0.25223711510114744 0.2577643848265362 0.263291654551925 0.2688189242773138 0.27167475404480057
0.0 0.0 0.0 0.004614761206227758 0.014162806532197486 0.023710851858167216 0.033258897184136944 0.04280694251010667 0.0523549878360764 0.06190303316204613 0.07145107848801585 0.08099912381398558 0.09054716913995531 0.10009521446594133 0.10964325979191106 0.11457654391624464 0.11457654391624464 0.11457654391624464 0.11457654391624464 0.11457654391624464 0.11457654391624464 0.11457654391624464 0.11457654391624464 0.11457654391624464 0.11457654391624464 0.11457654391624464 0.11457654391624464 0.11845685073549002 0.12648529333668493 0.13451373593787982 0.14254217853907472 0.15057062114026964 0.15859906374146454 0.16662750634265944 0.17465594894385433 0.18268439154504923 0.19071283414624415 0.19874127674743905 0.20676971934863397 0.2126522452515708 0.21624073764812887 0.21982923004468694 0.223417722441245 0.2270062148378031 0.23059470723436115 0.23418319963091921 0.23777169202747728 0.24136018442403534 0.2449486768205934 0.24853716921715147 0.25212566161370953 0.2539797638948805
0.0 0.0 0.0 0.004653553913906329 0.014281862229590938 0.023910170545275545 0.033538478860960154 0.043166787176644766 0.05279509549232937 0.06242340380801398 0.07205171212369858 0.0816800204393832 0.09130832875506781 0.10093663707076883 0.11056494538645344 0.11553969979286194 0.11553969979286194 0.11553969979286194 0.11553969979286194 0.11553969979286194 0.11553969979286194 0.11553969979286194 0.11553969979286194 0.11553969979286194 0.11553969979286194 0.11553969979286194 0.11553969979286194 0.11949712896949069 0.12768513947300977 0.13587314997652888 0.144061160480048 0.15224917098356708 0.1604371814870862 0.16862519199060527 0.17681320249412438 0.1850012129976435 0.19318922350116258 0.20137723400468166 0.20956524450820077 0.2150460797876742 0.21763288349703777 0.22021968720640137 0.22280649091576496 0.22539329462512855 0.22798009833449212 0.23056690204385571 0.2331537057532193 0.2357405094625829 0.23832731317194647 0.24091411688131006 0.24350092059067366 0.2448374703526497
0.0 0.0 0.0 0.004653553913906329 0.014281862229590938 0.023910170545275545 0.033538478860960154 0.043166787176644766 0.05279509549232937 0.06242340380801398 0.07205171212369858 0.0816800204393832 0.09130832875506781 0.10093663707076883 0.11056494538645344 0.11553969979286194 0.11553969979286194 0.11553969979286194 0.11553969979286194 0.11553969979286194 0.11553969979286194 0.11553969979286194 0.11553969979286194 0.11553969979286194 0.11553969979286194 0.11553969979286194 0.11553969979286194 0.11949712896949069 0.12768513947300977 0.13587314997652888 0.144061160480048 0.15224917098356708 0.1604371814870862 0.16862519199060527 0.17681320249412438 0.1850012129976435 0.19318922350116258 0.20137723400468166 0.20956524450820077 0.2150460797876742 0.21763288349703777 0.22021968720640137 0.22280649091576496 0.22539329462512855 0.22798009833449212 0.23056690204385571 0.2331537057532193 0.2357405094625829 0.23832731317194647 0.24091411688131006 0.24350092059067366 0.2448374703526497
0.0 0.0 0.0 0.004653553913906329 0.014281862229590938 0.023910170545275545 0.033538478860960154 0.043166787176644766 0.05279509549232937 0.06242340380801398 0.07205171212369858 0.0816800204393832 0.09130832875506781 0.10093663707076883 0.11056494538645344 0.11553969979286194 0.11553969979286194 0.11553969979286194 0.11553969979286194 0.11553969979286194 0.11553969979286194 0.11553969979286194 0.11553969979286194 0.11553969979286194 0.11553969979286194 0.11553969979286194 0.11553969979286194 0.11949712896949069 0.12768513947300977 0.13587314997652888 0.144061160480048 0.15224917098356708 0.1604371814870862 0.16862519199060527 0.17681320249412438 0.1850012129976435 0.19318922350116258 0.20137723400468166 0.20956524450820077 0.2150460797876742 0.21763288349703777 0.22021968720640137 0.22280649091576496 0.22539329462512855 0.22798009833449212 0.23056690204385571 0.2331537057532193 0.2357405094625829 0.23832731317194647 0.24091411688131006 0.24350092059067366 0.2448374703526497
0.0 0.0 0.0 0.004653553913906329 0.014281862229590938 0.023910170545275545 0.033538478860960154 0.043166787176644766 0.05279509549232937 0.06242340380801398 0.07205171212369858 0.0816800204393832 0.09130832875506781 0.10093663707076883 0.11056494538645344 0.11553969979286194 0.11553969979286194 0.11553969979286194 0.11553969979286194 0.11553969979286194 0.11553969979286194 0.11553969979286194 0.11553969979286194 0.11553969979286194 0.11553969979286194 0.11553969979286194 0.11553969979286194 0.11949712896949069 0.12768513947300977 0.13587314997652888 0.144061160480048 0.15224917098356708 0.1604371814870862 0.16862519199060527 0.17681320249412438 0.1850012129976435 0.19318922350116258 0.20137723400468166 0.20956524450820077 0.2150460797876742 0.21763288349703777 0.22021968720640137 0.22280649091576496 0.22539329462512855 0.22798009833449212 0.23056690204385571 0.2331537057532193 0.2357405094625829 0.23832731317194647 0.24091411688131006 0.24350092059067366 0.2448374703526497
