Figures/CREST_Example_wjb_NSE/Rolling_result/20100722/BJP_forecast/ens_3/wjb.rain.20100728.asc
ncols            288
nrows            254
xllcorner        113.274861
yllcorner        31.4918055
cellsize         0.008333333333
NODATA_value     -9999
[rows 120 to 139 of 254, columns 90 to 134 of 288]
0.32831645120375397 0.3247324831860582 0.32114851516836845 0.3175645471506788 0.31398057913298905 0.31039661111529937 0.30681264309760964 0.30322867507991996 0.29964470706223023 0.29083634135029846 0.2764429763760421 0.2620496114017857 0.2476562464275293 0.2332628814532729 0.21886951647899197 0.20447615150473558 0.19008278653047916 0.1756894215562228 0.1612960565819664 0.14690269160771 0.1325093266334536 0.12003505688190909 0.10961234331944054 0.09918962975697201 0.08876691619450347 0.07834420263203493 0.06792148906956638 0.057498775507080074 0.047076061944611544 0.036653348382143 0.02623063481967447 0.015807921257205926 0.005385207694737382 0.00037822457023595956 0.0011607797595230493 0.0019433349488101389 0.0027258901380972284 0.0035084453273843182 0.004291000516671408 0.005073555705958498 0.005856110895246922 0.006638666084534011 0.007421221273821101 0.00820377646310819 0.00898633165239528
0.33394829090308753 0.33054723853631407 0.3271461861695465 0.32374513380277886 0.32034408143601123 0.3169430290692436 0.31354197670247597 0.31014092433570833 0.3067398719689407 0.29775105582127015 0.28278879384868044 0.26782653187609073 0.2528642699035011 0.23790200793091137 0.2229397459582962 0.20797748398570648 0.1930152220131168 0.17805296004052712 0.1630906980679374 0.14812843609534773 0.13316617412275805 0.12038334987125526 0.109930393826648 0.09947743778204074 0.08902448173743349 0.07857152569282624 0.06811856964821898 0.0576656136035939 0.04721265755898664 0.03675970151437939 0.02630674546977213 0.015853789425164883 0.005400833380557621 0.0 0.0 0.0 0.0 0.0 0.0 0.0 0.0 0.0 0.0 0.0 0.0
0.3449170102253409 0.341580066666734 0.33824312310813287 0.33490617954953167 0.33156923599093047 0.32823229243232926 0.32489534887372806 0.3215584053151269 0.3182214617565257 0.30836331557121344 0.29153385632912704 0.2747043970870406 0.2578749378449542 0.24104547860286774 0.22421601936075258 0.20738656011866616 0.19055710087657973 0.1737276416344933 0.15689818239240685 0.14006872315032043 0.123239263908234 0.10993037566503383 0.10038505742939184 0.09083973919374987 0.08129442095810788 0.0717491027224659 0.06220378448682391 0.05265846625116565 0.04311314801552367 0.033567829779881694 0.024022511544239705 0.01447719330859773 0.004931875072955741 0.0 0.0 0.0 0.0 0.0 0.0 0.0 0.0 0.0 0.0 0.0 0.0
0.3558857295475943 0.35261289479715396 0.3493400600467192 0.3460672252962845 0.3427943905458497 0.339521555795415 0.3362487210449802 0.33297588629454544 0.3297030515441107 0.3189755753211568 0.3002789188095736 0.28158226229799044 0.26288560578640724 0.2441889492748241 0.22549229276320903 0.20679563625162584 0.18809897974004267 0.16940232322845947 0.1507056667168763 0.13200901020529313 0.11331235369370996 0.09947740145881238 0.09083972103213568 0.08220204060545896 0.07356436017878226 0.06492667975210556 0.05628899932542884 0.04765131889873741 0.0390136384720607 0.030375958045383983 0.02173827761870728 0.013100597192030577 0.004462916765353861 0.0 0.0 0.0 0.0 0.0 0.0 0.0 0.0 0.0 0.0 0.0 0.0
0.366854448869857 0.3636457229275833 0.360436996985315 0.3572282710430468 0.3540195451007785 0.35081081915851026 0.34760209321624197 0.34439336727397374 0.34118464133170545 0.3295878350711091 0.3090239812900276 0.2884601275089461 0.26789627372786456 0.24733241994678307 0.22676856616566649 0.20620471238458496 0.18564085860350346 0.16507700482242194 0.1445131510413404 0.12394929726025891 0.10338544347917739 0.08902442725258206 0.08129438463487139 0.07356434201716072 0.06583429939945007 0.0581042567817394 0.05037421416402874 0.0426441715463049 0.03491412892859424 0.02718408631088358 0.019454043693172912 0.01172400107546226 0.003993958457751592 0.0 0.0 0.0 0.0 0.0 0.0 0.0 0.0 0.0 0.0 0.0 0.0
0.37782316819211037 0.3746785510580032 0.3715339339239014 0.3683893167897996 0.3652446996556977 0.3621000825215959 0.35895546538749407 0.35581084825339226 0.35266623111929046 0.34020009482105246 0.31776904377047416 0.2953379927198959 0.27290694166931767 0.2504758906187394 0.22804483956812288 0.2056137885175446 0.18318273746696637 0.1607516864163881 0.13832063536580982 0.11588958431523158 0.09345853326465331 0.07857145304636062 0.07174904823761523 0.06492664342886985 0.058104238620124454 0.05128183381137907 0.04445942900263368 0.037637024193876656 0.03081461938513127 0.023992214576385874 0.017169809767640487 0.010347404958895107 0.0035250001501497125 0.0 0.0 0.0 0.0 0.0 0.0 0.0 0.0 0.0 0.0 0.0 0.0
0.3887918875143638 0.38571137918842313 0.38263087086248776 0.3795503625365524 0.37646985421061696 0.3733893458846816 0.3703088375587462 0.3672283292328108 0.3641478209068754 0.35081235457099574 0.32651410625092075 0.30221585793084577 0.2779176096107707 0.25361936129069573 0.2293211129705793 0.2050228646505043 0.18072461633042927 0.15642636801035428 0.13212811969027927 0.10782987137020428 0.08353162305012923 0.06811847884013918 0.06220371184035907 0.05628894484057895 0.05037417784079884 0.04445941084101872 0.03854464384123861 0.032629876841448406 0.02671510984166829 0.020800342841888177 0.014885575842108062 0.008970808842327947 0.0030560418425478325 0.0 0.0 0.0 0.0 0.0 0.0 0.0 0.0 0.0 0.0 0.0 0.0
0.3997606068366172 0.3967442073188431 0.39372780780107414 0.3907114082833052 0.3876950087655362 0.38467860924776726 0.3816622097299983 0.3786458102122294 0.37562941069446043 0.3614246143209391 0.33525916873136735 0.3090937231417956 0.28292827755222383 0.2567628319626521 0.23059738637303573 0.20443194078346397 0.1782664951938922 0.15210104960432047 0.1259356040147487 0.09977015842517695 0.07360471283560521 0.05766550463391775 0.05265837544310291 0.04765124625228807 0.042644117061473225 0.03763698787065839 0.03262985867984354 0.027622729489020163 0.02261560029820532 0.017608471107390486 0.012601341916575644 0.007594212725760802 0.0025870835349459595 0.0 0.0 0.0 0.0 0.0 0.0 0.0 0.0 0.0 0.0 0.0 0.0
0.41072932615887053 0.407777035449263 0.4048247447396605 0.401872454030058 0.3989201633204555 0.395967872610853 0.39301558190125047 0.39006329119164795 0.3871110004820454 0.37203687407088243 0.34400423121181395 0.3159715883527454 0.28793894549367693 0.25990630263460845 0.23187365977549215 0.20384101691642365 0.17580837405735514 0.14777573119828666 0.11974308833921815 0.09171044548014967 0.06367780262108114 0.04721253042769632 0.04311303904584675 0.03901354766399718 0.03491405628214761 0.030814564900298047 0.026715073518448477 0.02261558213659192 0.018516090754742354 0.014416599372892788 0.010317107991043219 0.006217616609193649 0.0021181252273440795 0.0 0.0 0.0 0.0 0.0 0.0 0.0 0.0 0.0 0.0 0.0 0.0
0.42169804548112394 0.4188098635796829 0.41592168167824684 0.4130334997768108 0.4101453178753747 0.40725713597393864 0.40436895407250256 0.4014807721710665 0.3985925902696304 0.38264913382082577 0.3527492936922605 0.32284945356369527 0.29294961343513004 0.26304977330656476 0.23314993317794855 0.2032500930493833 0.17335025292081804 0.1434504127922528 0.11355057266368757 0.08365073253512234 0.05375089240655706 0.036759556221474886 0.033567702648590596 0.0303758490757063 0.027183995502822005 0.02399214192993771 0.020800288357053418 0.01760843478416368 0.014416581211279384 0.01122472763839509 0.008032874065510797 0.0048410204926265035 0.0016491669197422065 0.0 0.0 0.0 0.0 0.0 0.0 0.0 0.0 0.0 0.0 0.0 0.0
0.4326667648033773 0.42984269171010286 0.4270186186168332 0.42419454552356356 0.4213704724302939 0.41854639933702426 0.41572232624375466 0.412898253150485 0.41007418005721535 0.393261393570769 0.36149435617270703 0.32972731877464506 0.29796028137658304 0.26619324397852107 0.23442620658040492 0.20265916918234295 0.17089213178428095 0.13912509438621895 0.10735805698815698 0.07559101959009501 0.043823982192032984 0.026306582015253453 0.024022366251334432 0.02173815048741541 0.01945393472349639 0.01716971895957737 0.014885503195658348 0.012601287431735431 0.01031707166781641 0.00803285590389739 0.0057486401399783685 0.0034644243760593475 0.0011802086121403266 0.0 0.0 0.0 0.0 0.0 0.0 0.0 0.0 0.0 0.0 0.0 0.0
0.44363548412564 0.4408755198405322 0.438115555555429 0.43535559127032586 0.43259562698522275 0.4298356627001196 0.4270756984150164 0.4243157341299133 0.42155576984481014 0.4038736533207214 0.37023941865316107 0.3366051839856008 0.30297094931804047 0.26933671465048015 0.23570247998286245 0.20206824531530213 0.16843401064774183 0.1347997759801815 0.10116554131262118 0.06753130664506085 0.033897071977500526 0.015853607809023108 0.014477029854070135 0.013100451899117162 0.011723873944164187 0.010347295989211212 0.008970718034258241 0.007594140079302919 0.006217562124349945 0.004840984169396972 0.003464406214443997 0.002087828259491024 0.0007112503045380511 0.0 0.0 0.0 0.0 0.0 0.0 0.0 0.0 0.0 0.0 0.0 0.0
0.45460420344789343 0.45190834797095214 0.4492124924940154 0.44651663701707867 0.443820781540142 0.44112492606320525 0.43842907058626857 0.43573321510933183 0.43303735963239515 0.41448591307066474 0.37898448113360766 0.3434830491965506 0.3079816172594935 0.27248018532243645 0.23697875338531885 0.20147732144826178 0.16597588951120468 0.1304744575741476 0.09497302563709059 0.05947159370003352 0.02397016176297645 0.005400633602801678 0.004931693456813977 0.004462753310826277 0.0039938131648385765 0.003524873018850876 0.0030559328728631758 0.0025869927268746757 0.0021180525808869753 0.001649112434899275 0.0011801722889115745 0.0007112321429238741 0.00024229199693617375 0.0 0.0 0.0 0.0 0.0 0.0 0.0 0.0 0.0 0.0 0.0 0.0
0.44173234081248314 0.43917685824130276 0.4366213756701267 0.43406589309895066 0.4315104105277746 0.4289549279565986 0.42639944538542257 0.4238439628142465 0.4212884802430705 0.403053197919356 0.3680558551292572 0.3330585123391584 0.2980611695490596 0.2630638267589608 0.22806648396880233 0.19306914117870352 0.15807179838860475 0.12307445559850594 0.08807711280840713 0.053079770018308325 0.01808242722820952 0.0 0.0 0.0 0.0 0.0 0.0 0.0 0.0 0.0 0.0 0.0 0.0 0.0 0.0 0.0 0.0 0.0 0.0 0.0 0.0 0.0 0.0 0.0 0.0
0.40337639898736893 0.40104281083454835 0.3987092226817317 0.39637563452891506 0.3940420463760984 0.39170845822328176 0.3893748700704651 0.38704128191764847 0.3847076937648318 0.3680557943256181 0.3360972963745039 0.30413879842338976 0.27218030047227554 0.24022180252116135 0.20826330456999267 0.17630480661887848 0.1443463086677643 0.1123878107166501 0.08042931276553594 0.04847081481442178 0.016512316863307563 0.0 0.0 0.0 0.0 0.0 0.0 0.0 0.0 0.0 0.0 0.0 0.0 0.0 0.0 0.0 0.0 0.0 0.0 0.0 0.0 0.0 0.0 0.0 0.0
0.36502045716225473 0.3629087634277939 0.36079706969333664 0.3586853759588794 0.35657368222442215 0.3544619884899649 0.35235029475550766 0.3502386010210504 0.3481269072865932 0.33305839073188015 0.3041387376197506 0.27521908450762106 0.24629943139549149 0.2173797782833619 0.18846012517118305 0.15954047205905347 0.13062081894692393 0.10170116583479435 0.07278151272266481 0.043861859610535237 0.014942206498405664 0.0 0.0 0.0 0.0 0.0 0.0 0.0 0.0 0.0 0.0 0.0 0.0 0.0 0.0 0.0 0.0 0.0 0.0 0.0 0.0 0.0 0.0 0.0 0.0
0.3266645153371406 0.32477471602103947 0.3228849167049416 0.3209951173888438 0.31910531807274595 0.3172155187566481 0.31532571944055027 0.3134359201244524 0.3115461208083546 0.2980609871381423 0.27218017886499735 0.2462993705918524 0.22041856231870743 0.1945377540455625 0.16865694577237342 0.1427761374992285 0.11689532922608353 0.09101452095293858 0.06513371267979365 0.03925290440664869 0.013372096133503764 0.0 0.0 0.0 0.0 0.0 0.0 0.0 0.0 0.0 0.0 0.0 0.0 0.0 0.0 0.0 0.0 0.0 0.0 0.0 0.0 0.0 0.0 0.0 0.0
0.2883085735119937 0.2866406686142525 0.2849727637165143 0.28330485881877604 0.28163695392103777 0.2799690490232995 0.27830114412556123 0.276633239227823 0.27496533433008474 0.26306358354437454 0.24022162011021678 0.21737965667605905 0.19453769324190132 0.17169572980774359 0.14885376637354691 0.12601180293938918 0.10316983950523145 0.08032787607107372 0.05748591263691599 0.03464394920275826 0.011801985768600531 0.0 0.0 0.0 0.0 0.0 0.0 0.0 0.0 0.0 0.0 0.0 0.0 0.0 0.0 0.0 0.0 0.0 0.0 0.0 0.0 0.0 0.0 0.0 0.0
0.24995263168687945 0.2485066212074981 0.24706061072811925 0.24561460024874038 0.24416858976936154 0.24272257928998267 0.2412765688106038 0.23983055833122494 0.23838454785184607 0.22806617995063658 0.20826306135546346 0.18845994276029035 0.16865682416511724 0.14885370556994415 0.12905058697473726 0.10924746837956414 0.08944434978439103 0.06964123118921792 0.0498381125940448 0.03003499399887169 0.010231875403698576 0.0 0.0 0.0 0.0 0.0 0.0 0.0 0.0 0.0 0.0 0.0 0.0 0.0 0.0 0.0 0.0 0.0 0.0 0.0 0.0 0.0 0.0 0.0 0.0
0.21159668986176525 0.2103725738007437 0.20914845773972424 0.20792434167870477 0.2067002256176853 0.20547610955666584 0.20425199349564638 0.2030278774346269 0.20180376137360745 0.19306877635689867 0.17630450260071018 0.15954022884452168 0.14277595508833318 0.12601168133214471 0.10924740757592763 0.09248313381973913 0.07571886006355064 0.05895458630736217 0.04219031255117367 0.025426038794985173 0.008661765038796676 0.0 0.0 0.0 0.0 0.0 0.0 0.0 0.0 0.0 0.0 0.0 0.0 0.0 0.0 0.0 0.0 0.0 0.0 0.0 0.0 0.0 0.0 0.0 0.0
