Figures/CREST_Example_wjb_NSE/Rolling_result/20100722/BJP_forecast/ens_3/wjb.rain.20100723.asc
ncols            288
nrows            254
xllcorner        113.274861
yllcorner        31.4918055
cellsize         0.008333333333
NODATA_value     -9999
[rows 120 to 139 of 254, columns 90 to 134 of 288]
37.91930172091615 38.47192074390784 39.02453976689858 39.57715878988932 40.12977781288006 40.6823968358708 41.235015858861544 41.787634881852284 42.340253904843024 42.42717748821147 42.01626211693353 41.605346745655595 41.19443137437766 40.78351600309973 40.372600631821086 39.96168526054315 39.55076988926521 39.139854517987274 38.72893914670934 38.318023775431406 37.90710840415347 37.32756395432169 36.567751206350714 35.807938458379745 35.048125710408776 34.2883129624378 33.52850021446683 32.76868746649456 32.00887471852359 31.24906197055262 30.48924922258165 29.72943647461068 28.969623726639707 29.053531319079298 30.039395035975335 31.025258752871373 32.01112246976741 32.99698618666345 33.98284990355948 34.968713620455524 35.95457733735324 36.94044105424928 37.92630477114532 38.91216848804136 39.898032204937394
38.33113113601747 38.88202966816918 39.43292820031995 39.98382673247072 40.534725264621486 41.08562379677225 41.63652232892303 42.1874208610738 42.738319393224565 42.80734710281885 42.36124400767371 41.91514091252858 41.46903781738344 41.0229347222383 40.5768316270924 40.13072853194726 39.68462543680212 39.23852234165699 38.79241924651185 38.34631615136671 37.900213056221574 37.3128755271339 36.57455519446442 35.836234861794956 35.09791452912548 34.359594196456015 33.62127386378654 32.88295353111582 32.14463319844634 31.406312865776876 30.667992533107405 29.929672200437935 29.191351867768464 29.273830383230173 30.233761429536962 31.193692475843747 32.15362352215054 33.113554568457324 34.07348561476411 35.033416661070895 35.99334770737932 36.95327875368611 37.9132097999929 38.873140846299684 39.83307189260647
38.92633338767725 39.410640723034724 39.89494805839137 40.37925539374802 40.863562729104665 41.34787006446131 41.83217739981795 42.3164847351746 42.800792070531244 42.843332564419946 42.413614316131124 41.983896067842295 41.55417781955347 41.124459571264644 40.69474132297509 40.26502307468626 39.83530482639743 39.40558657810861 38.97586832981978 38.54615008153096 38.11643183324213 37.571391502914096 36.90306925913814 36.23474701536219 35.56642477158623 34.89810252781027 34.22978028403432 33.56145804025722 32.89313579648127 32.224813552705314 31.55649130892936 30.888169065153406 30.21984682137745 30.267010480713502 31.0790447510391 31.891079021364696 32.70311329169029 33.51514756201589 34.32718183234149 35.139216102667085 35.95125037299407 36.763284643319665 37.57531891364526 38.38735318397086 39.199387454296456
39.52153563933704 39.93925177790027 40.35696791646279 40.77468405502531 41.19240019358784 41.610116332150355 42.02783247071287 42.4455486092754 42.86326474783792 42.87931802602104 42.46598462458852 42.05265122315601 41.6393178217235 41.225984420290985 40.81265101885777 40.399317617425254 39.985984215992744 39.572650814560234 39.15931741312772 38.74598401169521 38.33265061026269 37.829907478694295 37.231583323811854 36.63325916892941 36.03493501404697 35.43661085916453 34.83828670428209 34.23996254939863 33.64163839451619 33.04331423963375 32.44499008475131 31.84666592986887 31.24834177498643 31.26019057819683 31.924328072541236 32.588465566885645 33.25260306123005 33.91674055557446 34.580878049918866 35.24501554426327 35.90915303860881 36.573290532953216 37.237428027297625 37.901565521642034 38.565703015986436
40.11673789099733 40.46786283276627 40.81898777453461 41.17011271630295 41.521237658071286 41.87236259983963 42.223487541607966 42.57461248337631 42.925737425144646 42.91530348762216 42.51835493304598 42.121406378469786 41.7244578238936 41.32750926931742 40.93056071474055 40.53361216016437 40.13666360558818 39.739715051012 39.34276649643581 38.94581794185962 38.54886938728344 38.088423454474714 37.56009738848585 37.031771322496986 36.503445256508115 35.97511919051925 35.44679312453039 34.91846705854062 34.39014099255176 33.861814926562886 33.33348886057402 32.80516279458516 32.276836728596294 32.253370675681005 32.7696113940441 33.285852112407184 33.80209283077028 34.31833354913337 34.83457426749646 35.35081498585955 35.86705570422352 36.38329642258661 36.899537140949704 37.4157778593128 37.93201857767588
40.71194014265711 40.996473887631815 41.281007632606034 41.565541377580246 41.850075122554465 42.134608867528684 42.419142612502895 42.703676357477114 42.98821010245133 42.951288949223255 42.57072524150338 42.19016153378351 41.80959782606364 41.429034118343765 41.04847041062324 40.667906702903366 40.287342995183494 39.90677928746362 39.52621557974374 39.14565187202387 38.765088164304 38.34693943025491 37.88861145315956 37.43028347606421 36.97195549896886 36.51362752187351 36.05529954477816 35.59697156768203 35.13864359058668 34.68031561349133 34.22198763639598 33.76365965930063 33.30533168220528 33.24655077316434 33.614894715546235 33.98323865792813 34.35158260031004 34.71992654269194 35.08827048507384 35.45661442745574 35.82495836983827 36.19330231222017 36.561646254602074 36.92999019698397 37.29833413936588
41.3071423943169 41.525084942497365 41.743027490677456 41.960970038857546 42.17891258703764 42.39685513521773 42.61479768339782 42.832740231577915 43.050682779758006 42.98727441082435 42.62309554996079 42.25891668909723 41.894737828233666 41.530558967370105 41.16638010650592 40.80220124564236 40.4380223847788 40.07384352391524 39.709664663051676 39.345485802188115 38.981306941324554 38.60545540603511 38.21712551783328 37.82879562963144 37.440465741429605 37.052135853227774 36.66380596502594 36.27547607682344 35.88714618862161 35.49881630041977 35.11048641221793 34.7221565240161 34.33382663581426 34.23973087064766 34.46017803704837 34.68062520344908 34.9010723698498 35.12151953625051 35.34196670265122 35.56241386905193 35.78286103545302 36.00330820185373 36.22375536825444 36.44420253465515 36.66464970105586
41.90234464597668 42.05369599736291 42.20504734874888 42.35639870013485 42.507750051520816 42.65910140290678 42.81045275429275 42.961804105678716 43.113155457064686 43.02325987242544 42.67546585841819 42.32767184441094 41.979877830403694 41.632083816396445 41.28428980238861 40.93649578838136 40.58870177437411 40.24090776036686 39.89311374635962 39.54531973235237 39.19752571834512 38.86397138181531 38.54563958250699 38.22730778319867 37.90897598389035 37.59064418458203 37.27231238527371 36.95398058596484 36.635648786656525 36.3173169873482 35.99898518803988 35.680653388731564 35.36232158942324 35.23291096813099 35.30546135855051 35.37801174897003 35.45056213938955 35.52311252980907 35.59566292022859 35.66821331064811 35.740763701067756 35.81331409148728 35.8858644819068 35.95841487232632 36.030965262745845
42.49754689763647 42.58230705222846 42.6670672068203 42.75182736141214 42.83658751600399 42.92134767059583 43.00610782518768 43.09086797977952 43.175628134371365 43.059245334026535 42.727836166875605 42.39642699972467 42.06501783257373 41.7336086654228 41.402199498271294 41.070790331120364 40.739381163969426 40.40797199681849 40.07656282966755 39.74515366251662 39.413744495365684 39.12248735759552 38.87415364718071 38.62581993676591 38.3774862263511 38.1291525159363 37.880818805521486 37.632485095106254 37.38415138469145 37.135817674276645 36.88748396386184 36.639150253447035 36.39081654303222 36.22609106561432 36.15074468005265 36.07539829449098 36.00005190892931 35.92470552336764 35.84935913780597 35.7740127522443 35.6986663666825 35.62331998112084 35.547973595559164 35.4726272099975 35.397280824435825
43.09274914929625 43.110918107094 43.12908706489172 43.14725602268944 43.16542498048716 43.18359393828488 43.2017628960826 43.21993185388032 43.23810081167804 43.09523079562763 42.780206475333 42.465182155038384 42.15015783474376 41.83513351444914 41.52010919415398 41.205084873859356 40.89006055356473 40.57503623327011 40.260011912975486 39.94498759268087 39.62996327238624 39.38100333337572 39.20266771185443 39.02433209033314 38.84599646881185 38.667660847290556 38.489325225769264 38.310989604247666 38.132653982726374 37.95431836120508 37.77598273968379 37.5976471181625 37.419311496641214 37.219271163097645 36.996028001554784 36.77278484001193 36.54954167846907 36.32629851692621 36.103055355383354 35.87981219384049 35.656569032297256 35.433325870754395 35.210082709211534 34.98683954766868 34.76359638612582
43.68795140095604 43.63952916195955 43.59110692296314 43.54268468396674 43.49426244497034 43.44584020597393 43.39741796697753 43.34899572798112 43.30057348898472 43.13121625722872 42.832576783790415 42.5339373103521 42.235297836913794 41.93665836347548 41.63801889003666 41.339379416598355 41.04073994316004 40.742100469721734 40.44346099628342 40.14482152284511 39.846182049406806 39.63951930915592 39.53118177652814 39.422844243900364 39.314506711272585 39.206169178644814 39.097831646017035 38.98949411338907 38.8811565807613 38.77281904813352 38.66448151550574 38.55614398287796 38.44780645025019 38.21245126058097 37.84131132305692 37.47017138553287 37.09903144800882 36.727891510484774 36.356751572960725 35.985611635436676 35.614471697911995 35.243331760387946 34.8721918228639 34.50105188533985 34.1299119478158
44.28315365261633 44.16814021682554 44.05312678103496 43.938113345244375 43.82309990945379 43.7080864736632 43.59307303787262 43.478059602082034 43.36304616629145 43.167201718829844 42.88494709224786 42.60269246566588 42.320437839083894 42.03818321250191 41.75592858591945 41.47367395933747 41.19141933275548 40.9091647061735 40.62691007959151 40.34465545300953 40.06240082642755 39.89803528493634 39.85969584120214 39.82135639746794 39.783016953733735 39.74467750999953 39.70633806626533 39.667998622531066 39.629659178796864 39.59131973506266 39.55298029132845 39.51464084759425 39.47630140386005 39.20563135806515 38.68659464455978 38.16755793105442 37.64852121754905 37.12948450404369 36.61044779053832 36.09141107703296 35.572374363526706 35.05333765002134 34.534300936515976 34.01526422301061 33.496227509505246
44.87835590427611 44.69675127169109 44.51514663910638 44.33354200652167 44.15193737393696 43.97033274135225 43.78872810876754 43.607123476182835 43.42551884359812 43.20318718043094 42.93731740070527 42.6714476209796 42.40557784125392 42.13970806152825 41.87383828180213 41.60796850207646 41.34209872235079 41.07622894262512 40.810359162899445 40.544489383173776 40.27861960344811 40.15655126071654 40.18820990587585 40.21986855103517 40.25152719619448 40.28318584135379 40.3148444865131 40.34650313167247 40.37816177683179 40.4098204219911 40.44147906715041 40.47313771230972 40.50479635746904 40.19881145554848 39.53187796606192 38.86494447657537 38.19801098708881 37.531077497602254 36.8641440081157 36.19721051862915 35.53027702914145 34.8633435396549 34.19641005016834 33.529476560681786 32.86254307119523
45.38068512978275 45.18567215103494 44.99065917228747 44.795646193539994 44.60063321479252 44.40562023604505 44.21060725729758 44.01559427855011 43.82058129980263 43.56845400800048 43.255270224149456 42.94208644029843 42.62890265644741 42.31571887259638 42.00253508874482 41.6893513048938 41.376167521042774 41.06298373719175 40.74979995334073 40.4366161694897 40.12343238563868 39.99240022237011 40.05609226045101 40.11978429853192 40.18347633661282 40.24716837469372 40.31086041277462 40.37455245085564 40.43824448893654 40.50193652701744 40.56562856509834 40.629320603179245 40.693012641260154 40.374262154918924 39.646671961113405 38.91908176730789 38.19149157350236 37.46390137969684 36.736311185891324 36.008720992085806 35.281130798279044 34.553540604473525 33.82595041066801 33.09836021686249 32.37077002305696
45.783738945096914 45.632166734836 45.48059452457534 45.32902231431468 45.17745010405402 45.02587789379336 44.8743056835327 44.72273347327204 44.571161263011376 44.285701857716845 43.8571140136507 43.428526169584565 42.99993832551842 42.571350481452285 42.14276263738541 41.714174793319266 41.28558694925313 40.856999105186986 40.42841126112085 39.99982341705471 39.57123557298856 39.37644479107696 39.43158835540021 39.486731919723454 39.5418754840467 39.597019048369944 39.652162612693196 39.707306177016534 39.76244974133978 39.81759330566303 39.87273686998628 39.92788043430952 39.98302399863277 39.67561167780536 38.98061891662701 38.28562615544867 37.59063339427032 36.89564063309197 36.200647871913624 35.505655110735276 34.81066234955575 34.1156695883774 33.42067682719905 32.725684066020705 32.030691304842364
46.18679276041108 46.07866131863705 45.9705298768632 45.862398435089354 45.754266993315504 45.64613555154166 45.53800410976781 45.42987266799396 45.32174122622011 45.00294970743321 44.458957803151954 43.9149658988707 43.37097399458944 42.82698209030818 42.282990186026 41.738998281744735 41.19500637746348 40.65101447318222 40.10702256890096 39.5630306646197 39.01903876033845 38.760489359783804 38.80708445034939 38.85367954091498 38.90027463148058 38.946869722046166 38.993464812611755 39.04005990317743 39.08665499374302 39.13325008430861 39.1798451748742 39.22644026543979 39.27303535600538 38.97696120069178 38.31456587214061 37.65217054358944 36.989775215038264 36.327379886487094 35.664984557935924 35.002589229384746 34.340193900832446 33.67779857228127 33.0154032437301 32.35300791517892 31.69061258662775
46.58984657572525 46.5251559024381 46.46046522915107 46.39577455586403 46.331083882577 46.26639320928996 46.20170253600293 46.13701186271589 46.07232118942885 45.72019755714958 45.060801592653206 44.40140562815683 43.742009663660454 43.08261369916408 42.42321773466658 41.76382177017021 41.104425805673834 40.44502984117746 39.78563387668108 39.126237912184706 38.46684194768833 38.14453392849065 38.182580545298585 38.220627162106524 38.258673778914456 38.29672039572239 38.33476701253033 38.372813629338324 38.410860246146264 38.448906862954196 38.48695347976213 38.52500009657007 38.563046713378 38.27831072357822 37.64851282765422 37.01871493173022 36.38891703580622 35.75911913988222 35.12932124395822 34.499523348034224 33.869725452109144 33.239927556185144 32.610129660261144 31.980331764337148 31.350533868413148
46.99290039103976 46.97165048623954 46.950400581439354 46.92915067663917 46.90790077183898 46.886650867038796 46.8654009622386 46.84415105743842 46.82290115263823 46.43744540686656 45.66264538215497 44.88784535744338 44.11304533273179 43.3382453080202 42.56344528330729 41.78864525859569 41.013845233884105 40.23904520917252 39.46424518446093 38.68944515974933 37.914645135037745 37.528578497196975 37.55807664024724 37.58757478329751 37.61707292634779 37.64657106939806 37.676069212448326 37.70556735549865 37.73506549854892 37.76456364159919 37.794061784649465 37.82355992769973 37.85305807075 37.57966024646405 36.98245978316725 36.38525931987046 35.788058856573656 35.190858393276855 34.59365792998006 33.99645746668326 33.39925700338544 32.80205654008864 32.20485607679185 31.607655613495048 31.01045515019825
47.395954206353935 47.418145070040595 47.44033593372722 47.46252679741385 47.484717661100476 47.5069085247871 47.529099388473725 47.55129025216035 47.573481115846974 47.15469325658294 46.26448917165623 45.37428508672952 44.484081001802814 43.593876916876106 42.70367283194788 41.81346874702117 40.92326466209446 40.03306057716775 39.14285649224105 38.25265240731434 37.362448322387635 36.91262306590382 36.93357273519644 36.954522404489055 36.97547207378167 36.996421743074286 37.0173714123669 37.03832108165955 37.059270750952166 37.08022042024478 37.10117008953739 37.12211975883001 37.14306942812262 36.881009769350484 36.31640673868086 35.75180370801123 35.18720067734161 34.622597646671984 34.05799461600236 33.49339158533273 32.92878855466215 32.36418552399252 31.799582493322895 31.234979462653268 30.67037643198364
47.7990080216681 47.86463965384165 47.93027128601509 47.99590291818853 48.06153455036196 48.127166182535404 48.19279781470884 48.258429446882275 48.32406107905572 47.8719411062993 46.866332961157475 45.860724816015654 44.85511667087383 43.849508525732006 42.843900380588465 41.838292235446644 40.83268409030482 39.82707594516299 38.82146780002117 37.81585965487935 36.81025150973752 36.29666763461067 36.309068830145634 36.32147002568059 36.333871221215546 36.34627241675051 36.358673612285465 36.37107480782044 36.383476003355405 36.39587719889036 36.40827839442532 36.42067958996027 36.433080785495235 36.18235929223691 35.650353694194465 35.11834809615201 34.58634249810956 34.054336900067106 33.522331302024654 32.9903257039822 32.458320105938846 31.926314507896393 31.39430890985394 30.862303311811488 30.33029771376904
