Figures/CREST_Example_wjb_NSE/Rolling_result/20100722/BJP_forecast/ens_3/wjb.rain.20090803.asc
ncols            288
nrows            254
xllcorner        113.274861
yllcorner        31.4918055
cellsize         0.008333333333
NODATA_value     -9999
[rows 180 to 199 of 254, columns 90 to 134 of 288]
1.1104676024960716 1.1104676024960716 1.1104676024960716 1.1104676024960716 1.1104676024960716 1.1104676024960716 1.1104676024960716 1.1104676024960716 1.1104676024960716 1.1656309879736189 1.2797652798082724 1.3938995716429259 1.5080338634775794 1.6221681553122331 1.7363024471470812 1.8504367389817347 1.9645710308163882 2.0787053226510417 2.1928396144856954 2.3069739063203487 2.421108198155002 2.480079104566995 2.480079104566995 2.480079104566995 2.480079104566995 2.480079104566995 2.480079104566995 2.480079104566995 2.480079104566995 2.480079104566995 2.480079104566995 2.480079104566995 2.480079104566995 2.4320858271606673 2.3327866508491293 2.2334874745375908 2.1341882982260523 2.0348891219145138 1.9355899456029755 1.836290769291437 1.7369915929797293 1.637692416668191 1.5383932403566525 1.439094064045114 1.3397948877335757
1.156887558030706 1.156887558030706 1.156887558030706 1.156887558030706 1.156887558030706 1.156887558030706 1.156887558030706 1.156887558030706 1.156887558030706 1.2132890224854833 1.329984927717832 1.4466808329501806 1.563376738182529 1.6800726434148776 1.7967685486474252 1.9134644538797738 2.0301603591121222 2.146856264344471 2.2635521695768195 2.380248074809168 2.4969439800415167 2.5572384208752066 2.5572384208752066 2.5572384208752066 2.5572384208752066 2.5572384208752066 2.5572384208752066 2.5572384208752066 2.5572384208752066 2.5572384208752066 2.5572384208752066 2.5572384208752066 2.5572384208752066 2.5067895424717475 2.402409672164245 2.2980298018567424 2.19364993154924 2.089270061241738 1.9848901909342351 1.8805103206267328 1.7761304503190525 1.6717505800115497 1.5673707097040475 1.462990839396545 1.3586109690890424
1.2499344107248995 1.2499344107248995 1.2499344107248995 1.2499344107248995 1.2499344107248995 1.2499344107248995 1.2499344107248995 1.2499344107248995 1.2499344107248995 1.3072931165507715 1.425969575823793 1.544646035096814 1.6633224943698353 1.7819989536428564 1.90067541291608 2.0193518721891013 2.1380283314621225 2.256704790735144 2.3753812500081652 2.4940577092811864 2.6127341685542076 2.674051922058428 2.674051922058428 2.674051922058428 2.674051922058428 2.674051922058428 2.674051922058428 2.674051922058428 2.674051922058428 2.674051922058428 2.674051922058428 2.674051922058428 2.674051922058428 2.619397805658072 2.5063172028344196 2.3932366000107668 2.2801559971871144 2.167075394363462 2.0539947915398096 1.9409141887161572 1.827833585892312 1.7147529830686594 1.601672380245007 1.4885917774213546 1.3755111745977022
1.342981263419172 1.342981263419172 1.342981263419172 1.342981263419172 1.342981263419172 1.342981263419172 1.342981263419172 1.342981263419172 1.342981263419172 1.4012972106161397 1.5219542239298354 1.6426112372435309 1.7632682505572266 1.883925263870922 2.0045822771848236 2.125239290498519 2.2458963038122146 2.36655331712591 2.487210330439606 2.6078673437533015 2.7285243570669975 2.7908654232417485 2.7908654232417485 2.7908654232417485 2.7908654232417485 2.7908654232417485 2.7908654232417485 2.7908654232417485 2.7908654232417485 2.7908654232417485 2.7908654232417485 2.7908654232417485 2.7908654232417485 2.732006068844492 2.6102247335046824 2.4884433981648724 2.3666620628250623 2.2448807274852527 2.123099392145443 2.001318056805633 1.8795367214656156 1.7577553861258055 1.6359740507859957 1.5141927154461858 1.392411380106376
1.4360281161133654 1.4360281161133654 1.4360281161133654 1.4360281161133654 1.4360281161133654 1.4360281161133654 1.4360281161133654 1.4360281161133654 1.4360281161133654 1.4953013046814279 1.6179388720357961 1.7405764393901644 1.8632140067445326 1.985851574098901 2.1084891414534783 2.2311267088078464 2.353764276162215 2.476401843516583 2.599039410870951 2.7216769782253194 2.844314545579688 2.9076789244249692 2.9076789244249692 2.9076789244249692 2.9076789244249692 2.9076789244249692 2.9076789244249692 2.9076789244249692 2.9076789244249692 2.9076789244249692 2.9076789244249692 2.9076789244249692 2.9076789244249692 2.844614332030816 2.7141322641748564 2.5836501963188963 2.4531681284629365 2.322686060606977 2.192203992751017 2.061721924895057 1.9312398570388747 1.800757789182915 1.6702757213269552 1.5397936534709953 1.4093115856150356
1.5290749688075587 1.5290749688075587 1.5290749688075587 1.5290749688075587 1.5290749688075587 1.5290749688075587 1.5290749688075587 1.5290749688075587 1.5290749688075587 1.589305398746716 1.7139235201417569 1.8385416415367979 1.9631597629318387 2.0877778843268797 2.212396005722133 2.337014127117174 2.461632248512215 2.5862503699072557 2.7108684913022967 2.8354866126973377 2.9601047340923783 3.0244924256081904 3.0244924256081904 3.0244924256081904 3.0244924256081904 3.0244924256081904 3.0244924256081904 3.0244924256081904 3.0244924256081904 3.0244924256081904 3.0244924256081904 3.0244924256081904 3.0244924256081904 2.9572225952171403 2.8180397948450304 2.6788569944729206 2.5396741941008107 2.400491393728701 2.261308593356591 2.1221257929844812 1.9829429926121342 1.8437601922400244 1.7045773918679146 1.5653945914958047 1.426211791123695
1.6221218215017519 1.6221218215017519 1.6221218215017519 1.6221218215017519 1.6221218215017519 1.6221218215017519 1.6221218215017519 1.6221218215017519 1.6221218215017519 1.683309492812004 1.8099081682477176 1.9365068436834312 2.0631055191191447 2.1897041945548583 2.316302869990788 2.4429015454265013 2.5695002208622153 2.6960988962979284 2.8226975717336424 2.949296247169356 3.0758949226050696 3.1413059267914116 3.1413059267914116 3.1413059267914116 3.1413059267914116 3.1413059267914116 3.1413059267914116 3.1413059267914116 3.1413059267914116 3.1413059267914116 3.1413059267914116 3.1413059267914116 3.1413059267914116 3.069830858403465 2.921947325515205 2.774063792626945 2.6261802597386854 2.4782967268504255 2.3304131939621655 2.1825296610739056 2.034646128185394 1.8867625952971339 1.7388790624088741 1.5909955295206142 1.4431119966323545
1.7151686741959453 1.7151686741959453 1.7151686741959453 1.7151686741959453 1.7151686741959453 1.7151686741959453 1.7151686741959453 1.7151686741959453 1.7151686741959453 1.7773135868772922 1.9058928163536786 2.0344720458300647 2.1630512753064512 2.2916305047828374 2.420209734259443 2.548788963735829 2.6773681932122155 2.8059474226886016 2.9345266521649878 3.0631058816413743 3.1916851111177604 3.258119427974633 3.258119427974633 3.258119427974633 3.258119427974633 3.258119427974633 3.258119427974633 3.258119427974633 3.258119427974633 3.258119427974633 3.258119427974633 3.258119427974633 3.258119427974633 3.182439121589789 3.0258548561853793 2.8692705907809692 2.7126863253765596 2.55610205997215 2.39951779456774 2.24293352916333 2.0863492637586534 1.9297649983542435 1.7731807329498337 1.6165964675454239 1.460012202141014
1.8082155268901388 1.8082155268901388 1.8082155268901388 1.8082155268901388 1.8082155268901388 1.8082155268901388 1.8082155268901388 1.8082155268901388 1.8082155268901388 1.8713176809425804 2.0018774644596395 2.132437247976698 2.2629970314937573 2.3935568150108164 2.5241165985280976 2.6546763820451567 2.7852361655622158 2.9157959490792744 3.046355732596333 3.176915516113392 3.3074752996304513 3.374932929157854 3.374932929157854 3.374932929157854 3.374932929157854 3.374932929157854 3.374932929157854 3.374932929157854 3.374932929157854 3.374932929157854 3.374932929157854 3.374932929157854 3.374932929157854 3.2950473847761135 3.1297623868555537 2.9644773889349936 2.799192391014434 2.633907393093874 2.4686223951733144 2.303337397252754 2.1380523993319125 1.9727674014113528 1.807482403490793 1.642197405570233 1.4769124076496734
1.9012623795844112 1.9012623795844112 1.9012623795844112 1.9012623795844112 1.9012623795844112 1.9012623795844112 1.9012623795844112 1.9012623795844112 1.9012623795844112 1.9653217750079486 2.097862112565682 2.230402450123415 2.362942787681148 2.4954831252388816 2.6280234627968406 2.760563800354574 2.8931041379123075 3.025644475470041 3.158184813027774 3.290725150585507 3.4232654881432403 3.4917464303411743 3.4917464303411743 3.4917464303411743 3.4917464303411743 3.4917464303411743 3.4917464303411743 3.4917464303411743 3.4917464303411743 3.4917464303411743 3.4917464303411743 3.4917464303411743 3.4917464303411743 3.407655647962533 3.233669917525816 3.0596841870890987 2.885698456652382 2.7117127262156644 2.5377269957789474 2.36374126534223 2.189755534905216 2.0157698044684986 1.8417840740317817 1.6677983435950645 1.4938126131583473
1.9943092322786047 1.9943092322786047 1.9943092322786047 1.9943092322786047 1.9943092322786047 1.9943092322786047 1.9943092322786047 1.9943092322786047 1.9943092322786047 2.059325869073237 2.1938467606716427 2.3283676522700487 2.4628885438684547 2.5974094354668606 2.7319303270654958 2.8664512186639017 3.0009721102623077 3.1354930018607137 3.2700138934591196 3.4045347850575256 3.5390556766559316 3.6085599315243955 3.6085599315243955 3.6085599315243955 3.6085599315243955 3.6085599315243955 3.6085599315243955 3.6085599315243955 3.6085599315243955 3.6085599315243955 3.6085599315243955 3.6085599315243955 3.6085599315243955 3.5202639111488576 3.3375774481959906 3.154890985243123 2.972204522290256 2.7895180593373885 2.6068315963845214 2.4241451334316544 2.241458670478475 2.0587722075256085 1.876085744572741 1.6933992816198737 1.5107128186670065
2.087356084972798 2.087356084972798 2.087356084972798 2.087356084972798 2.087356084972798 2.087356084972798 2.087356084972798 2.087356084972798 2.087356084972798 2.1533299631385248 2.2898314087776037 2.4263328544166822 2.5628343000557607 2.6993357456948393 2.835837191334151 2.9723386369732294 3.108840082612308 3.2453415282513864 3.381842973890465 3.5183444195295435 3.654845865168622 3.7253734327076167 3.7253734327076167 3.7253734327076167 3.7253734327076167 3.7253734327076167 3.7253734327076167 3.7253734327076167 3.7253734327076167 3.7253734327076167 3.7253734327076167 3.7253734327076167 3.7253734327076167 3.632872174335182 3.4414849788661646 3.2500977833971474 3.05871058792813 2.867323392459113 2.675936196990096 2.4845490015210787 2.293161806051735 2.1017746105827175 1.9103874151137006 1.7190002196446832 1.527613024175666
2.180402937666991 2.180402937666991 2.180402937666991 2.180402937666991 2.180402937666991 2.180402937666991 2.180402937666991 2.180402937666991 2.180402937666991 2.247334057203813 2.3858160568835642 2.5242980565633157 2.662780056243067 2.801262055922818 2.9397440556028056 3.0782260552825567 3.216708054962308 3.355190054642059 3.4936720543218103 3.6321540540015618 3.7706360536813133 3.842186933890838 3.842186933890838 3.842186933890838 3.842186933890838 3.842186933890838 3.842186933890838 3.842186933890838 3.842186933890838 3.842186933890838 3.842186933890838 3.842186933890838 3.842186933890838 3.7454804375215063 3.545392509536339 3.3453045815511717 3.1452166535660044 2.9451287255808376 2.7450407975956703 2.544952869610503 2.3448649416249947 2.1447770136398274 1.9446890856546601 1.7446011576694929 1.5445132296843256
2.225639900054825 2.225639900054825 2.225639900054825 2.225639900054825 2.225639900054825 2.225639900054825 2.225639900054825 2.225639900054825 2.225639900054825 2.2949250956146963 2.4382777318133937 2.5816303680120916 2.724983004210789 2.868335640409487 3.011688276608429 3.1550409128071264 3.298393549005824 3.441746185204522 3.5850988214032196 3.728451457601917 3.871804093800615 3.945871534508379 3.945871534508379 3.945871534508379 3.945871534508379 3.945871534508379 3.945871534508379 3.945871534508379 3.945871534508379 3.945871534508379 3.945871534508379 3.945871534508379 3.945871534508379 3.8461167483707333 3.6397218399184945 3.433326931466256 3.226932023014017 3.020537114561778 2.814142206109539 2.6077472976573004 2.4013523892047095 2.1949574807524708 1.9885625723002318 1.7821676638479929 1.5757727553957541
2.219771103175012 2.219771103175012 2.219771103175012 2.219771103175012 2.219771103175012 2.219771103175012 2.219771103175012 2.219771103175012 2.219771103175012 2.2929035029580205 2.44421609168229 2.5955286804065603 2.74684126913083 2.8981538578550996 3.0494664465796273 3.2007790353038974 3.3520916240281666 3.5034042127524367 3.6547168014767064 3.806029390200976 3.957341978925246 4.0355221679392725 4.0355221679392725 4.0355221679392725 4.0355221679392725 4.0355221679392725 4.0355221679392725 4.0355221679392725 4.0355221679392725 4.0355221679392725 4.0355221679392725 4.0355221679392725 4.0355221679392725 3.933955796766919 3.723812677909256 3.5136695590515927 3.30352644019393 3.0933833213362667 2.8832402024786035 2.6730970836209402 2.462953964762919 2.2528108459052554 2.0426677270475926 1.8325246081899293 1.6223814893322661
2.213902306295201 2.213902306295201 2.213902306295201 2.213902306295201 2.213902306295201 2.213902306295201 2.213902306295201 2.213902306295201 2.213902306295201 2.2908819103013456 2.4501544515511844 2.6094269928010227 2.7686995340508616 2.9279720753007 3.08724461655081 3.246517157800649 3.4057896990504872 3.5650622403003256 3.7243347815501644 3.883607322800003 4.042879864049842 4.1251728013701285 4.1251728013701285 4.1251728013701285 4.1251728013701285 4.1251728013701285 4.1251728013701285 4.1251728013701285 4.1251728013701285 4.1251728013701285 4.1251728013701285 4.1251728013701285 4.1251728013701285 4.021794845163068 3.807903515899982 3.5940121866368964 3.3801208573738104 3.1662295281107244 2.9523381988476385 2.7384468695845525 2.524555540321102 2.3106642110580164 2.0967728817949305 1.8828815525318445 1.6689902232687586
2.20803350941539 2.20803350941539 2.20803350941539 2.20803350941539 2.20803350941539 2.20803350941539 2.20803350941539 2.20803350941539 2.20803350941539 2.2888603176446707 2.456092811420078 2.6233253051954852 2.7905577989708927 2.9577902927463 3.1250227865219924 3.2922552802973994 3.459487774072807 3.6267202678482144 3.7939527616236215 3.9611852553990285 4.128417749174436 4.214823434800984 4.214823434800984 4.214823434800984 4.214823434800984 4.214823434800984 4.214823434800984 4.214823434800984 4.214823434800984 4.214823434800984 4.214823434800984 4.214823434800984 4.214823434800984 4.109633893559216 3.8919943538907074 3.6743548142221987 3.45671527455369 3.2390757348851817 3.021436195216673 2.8037966555481644 2.586157115879285 2.368517576210776 2.1508780365422675 1.9332384968737588 1.7155989572052506
2.2021647125355766 2.2021647125355766 2.2021647125355766 2.2021647125355766 2.2021647125355766 2.2021647125355766 2.2021647125355766 2.2021647125355766 2.2021647125355766 2.2868387249879953 2.4620311712889746 2.637223617589954 2.8124160638909337 2.987608510191913 3.162800956493191 3.3379934027941704 3.51318584909515 3.68837829539613 3.8635707416971092 4.0387631879980885 4.213955634299068 4.304474068231878 4.304474068231878 4.304474068231878 4.304474068231878 4.304474068231878 4.304474068231878 4.304474068231878 4.304474068231878 4.304474068231878 4.304474068231878 4.304474068231878 4.304474068231878 4.197472941955402 3.9760851918814692 3.7546974418075365 3.5333096917336033 3.3119219416596706 3.0905341915857374 2.8691464415118046 2.6477586914374944 2.4263709413635617 2.2049831912896285 1.9835954412156958 1.762207691141763
2.1962959156557655 2.1962959156557655 2.1962959156557655 2.1962959156557655 2.1962959156557655 2.1962959156557655 2.1962959156557655 2.1962959156557655 2.1962959156557655 2.2848171323313204 2.4679695311578684 2.651121929984417 2.834274328810965 3.0174267276375133 3.2005791264643735 3.383731525290922 3.56688392411747 3.750036322944018 3.9331887217705663 4.116341120597115 4.299493519423663 4.394124701662733 4.394124701662733 4.394124701662733 4.394124701662733 4.394124701662733 4.394124701662733 4.394124701662733 4.394124701662733 4.394124701662733 4.394124701662733 4.394124701662733 4.394124701662733 4.28531199035155 4.060176029872195 3.835040069392839 3.6099041089134833 3.384768148434128 3.159632187954772 2.9344962274754165 2.7093602669956773 2.484224306516322 2.259088346036966 2.0339523855576105 1.808816425078255
2.1904271187759545 2.1904271187759545 2.1904271187759545 2.1904271187759545 2.1904271187759545 2.1904271187759545 2.1904271187759545 2.1904271187759545 2.1904271187759545 2.2827955396746455 2.4739078910267622 2.665020242378879 2.856132593730996 3.0472449450831127 3.238357296435556 3.4294696477876725 3.620581999139789 3.8116943504919063 4.002806701844023 4.19391905319614 4.385031404548257 4.483775335093588 4.483775335093588 4.483775335093588 4.483775335093588 4.483775335093588 4.483775335093588 4.483775335093588 4.483775335093588 4.483775335093588 4.483775335093588 4.483775335093588 4.483775335093588 4.3731510387476975 4.144266867862919 3.9153826969781416 3.6864985260933634 3.4576143552085847 3.2287301843238065 2.9998460134390283 2.7709618425538602 2.542077671669082 2.3131935007843034 2.084309329899525 1.855425159014747
