Figures/CREST_Example_wjb_NSE/Rolling_result/20100722/BJP_forecast/ens_6/Results/Slope.asc
nCols 		     288
nRows 		     254
XLLCorner 	 113.274861
YLLCorner 	  31.491806
cellSize 	    0.008333
NODATA_value      -9999.
[rows 38 to 56 of 254, columns 132 to 175 of 288]
0.003255738238776 0.002596513002427 0.004995879334576 0.018449183353063 0.011937706875511 0.001665293111525 0.002170492159184 0.002170492159184 0.001057567409977 0.003894769503641 0.004874954510508 -9999.000000000000000 -9999.000000000000000 -9999.000000000000000 -9999.000000000000000 -9999.000000000000000 -9999.000000000000000 -9999.000000000000000 -9999.000000000000000 -9999.000000000000000 -9999.000000000000000 -9999.000000000000000 -9999.000000000000000 -9999.000000000000000 -9999.000000000000000 -9999.000000000000000 -9999.000000000000000 -9999.000000000000000 -9999.000000000000000 -9999.000000000000000 -9999.000000000000000 -9999.000000000000000 -9999.000000000000000 -9999.000000000000000 -9999.000000000000000 -9999.000000000000000 -9999.000000000000000 -9999.000000000000000 -9999.000000000000000 -9999.000000000000000 -9999.000000000000000 -9999.000000000000000 -9999.000000000000000 -9999.000000000000000
0.001966009463631 0.002110467421620 0.002467786706067 0.012981325510569 0.001665227706030 0.006490662755285 0.001114601085986 0.002526596967703 0.018449183353063 0.009991366236178 0.004535647648370 -9999.000000000000000 -9999.000000000000000 -9999.000000000000000 -9999.000000000000000 -9999.000000000000000 -9999.000000000000000 -9999.000000000000000 -9999.000000000000000 -9999.000000000000000 -9999.000000000000000 -9999.000000000000000 -9999.000000000000000 -9999.000000000000000 -9999.000000000000000 -9999.000000000000000 -9999.000000000000000 -9999.000000000000000 -9999.000000000000000 -9999.000000000000000 -9999.000000000000000 -9999.000000000000000 -9999.000000000000000 -9999.000000000000000 -9999.000000000000000 -9999.000000000000000 -9999.000000000000000 -9999.000000000000000 -9999.000000000000000 -9999.000000000000000 -9999.000000000000000 -9999.000000000000000 -9999.000000000000000 -9999.000000000000000
0.002170492159184 0.001298008652021 0.010823555057169 0.006511476477552 0.007493230424194 0.008325811582438 0.005426230397960 0.012980086520214 0.003319794887430 0.022066147084365 0.001941173700692 -9999.000000000000000 -9999.000000000000000 -9999.000000000000000 -9999.000000000000000 -9999.000000000000000 -9999.000000000000000 -9999.000000000000000 -9999.000000000000000 -9999.000000000000000 -9999.000000000000000 -9999.000000000000000 -9999.000000000000000 -9999.000000000000000 -9999.000000000000000 -9999.000000000000000 -9999.000000000000000 -9999.000000000000000 -9999.000000000000000 -9999.000000000000000 -9999.000000000000000 -9999.000000000000000 -9999.000000000000000 -9999.000000000000000 -9999.000000000000000 -9999.000000000000000 -9999.000000000000000 -9999.000000000000000 -9999.000000000000000 -9999.000000000000000 -9999.000000000000000 -9999.000000000000000 -9999.000000000000000 -9999.000000000000000
0.003007573614663 0.003758268878732 0.003965108914970 0.008325484714500 0.018449183353063 0.020813711786249 0.004995290828700 0.020766156865398 0.003343316355590 0.009085193628612 0.005072259021170 0.003563276443231 -9999.000000000000000 -9999.000000000000000 -9999.000000000000000 0.003330193885800 0.003255738238776 -9999.000000000000000 -9999.000000000000000 -9999.000000000000000 -9999.000000000000000 -9999.000000000000000 -9999.000000000000000 -9999.000000000000000 -9999.000000000000000 -9999.000000000000000 -9999.000000000000000 -9999.000000000000000 -9999.000000000000000 -9999.000000000000000 -9999.000000000000000 -9999.000000000000000 -9999.000000000000000 -9999.000000000000000 -9999.000000000000000 -9999.000000000000000 -9999.000000000000000 -9999.000000000000000 -9999.000000000000000 -9999.000000000000000 -9999.000000000000000 -9999.000000000000000 -9999.000000000000000 -9999.000000000000000
0.003031281759249 0.002147770883928 0.000505213626541 0.022061937122993 0.004806935728002 0.023359698130228 0.003893283021705 0.006488805036175 0.005440302930926 0.003139133022555 0.000832515792634 0.010822705304242 0.016278691193879 0.003255738238776 0.006511476477552 0.002170492159184 0.001067033316441 -9999.000000000000000 -9999.000000000000000 0.005464660785119 0.002595522014470 0.002916652788378 0.004568254367186 -9999.000000000000000 -9999.000000000000000 -9999.000000000000000 -9999.000000000000000 -9999.000000000000000 -9999.000000000000000 -9999.000000000000000 -9999.000000000000000 -9999.000000000000000 -9999.000000000000000 -9999.000000000000000 -9999.000000000000000 -9999.000000000000000 -9999.000000000000000 -9999.000000000000000 -9999.000000000000000 -9999.000000000000000 -9999.000000000000000 -9999.000000000000000 -9999.000000000000000 -9999.000000000000000
0.007596722557144 0.004122500537456 0.001297637261444 0.005224532690676 0.006020853298819 0.015571647137329 0.007785823568665 0.012976372614441 0.005434530154796 0.003254330238719 0.004933741515665 0.005426230397960 0.004829161938800 0.001297637261444 0.002161979132545 0.003892911784332 0.006659864974371 0.016869284398773 0.001085246079592 0.004745077053487 0.005190549045776 0.001085246079592 0.004340984318368 0.003255738238776 -9999.000000000000000 -9999.000000000000000 -9999.000000000000000 -9999.000000000000000 -9999.000000000000000 -9999.000000000000000 -9999.000000000000000 -9999.000000000000000 -9999.000000000000000 -9999.000000000000000 -9999.000000000000000 -9999.000000000000000 -9999.000000000000000 -9999.000000000000000 -9999.000000000000000 -9999.000000000000000 -9999.000000000000000 -9999.000000000000000 -9999.000000000000000 -9999.000000000000000
0.002595027133390 0.006511476477552 0.002890024912289 0.009082594966866 0.003853366549719 0.016278691193879 0.005426230397960 0.008324504589376 0.004340984318368 0.006487567833476 0.007492054130439 0.014108199034695 0.003892540700086 0.004340984318368 0.001664900917875 0.016278691193879 0.011677622100257 0.003395270031946 0.000648756783348 0.003314638340103 0.009082594966866 0.005827153212563 0.007596722557144 0.001814668838132 0.001899180639286 -9999.000000000000000 -9999.000000000000000 -9999.000000000000000 -9999.000000000000000 -9999.000000000000000 -9999.000000000000000 -9999.000000000000000 -9999.000000000000000 -9999.000000000000000 -9999.000000000000000 -9999.000000000000000 -9999.000000000000000 -9999.000000000000000 -9999.000000000000000 -9999.000000000000000 -9999.000000000000000 -9999.000000000000000 -9999.000000000000000 -9999.000000000000000
0.001297389922968 0.001085246079592 0.008681968636736 0.000832417804058 0.022055628690461 0.002194592787134 0.018163458921556 0.011937706875511 0.004994506824350 0.005116281000934 0.009256895681560 0.015193445114287 0.012973899229683 0.004248932753590 0.019460848844524 0.006486949614841 0.004380791854365 0.007784339537810 0.005426230397960 0.006659342432467 0.009767214716328 0.007784339537810 0.003134587074852 0.004251288919832 0.010379119383746 -9999.000000000000000 0.003255738238776 0.008576331807512 0.015568679075619 -9999.000000000000000 -9999.000000000000000 -9999.000000000000000 -9999.000000000000000 -9999.000000000000000 -9999.000000000000000 -9999.000000000000000 -9999.000000000000000 -9999.000000000000000 -9999.000000000000000 -9999.000000000000000 -9999.000000000000000 -9999.000000000000000 -9999.000000000000000 -9999.000000000000000
0.001085246079592 0.001205857631308 0.002644641669718 0.000845674137132 0.002286370700762 0.016278691193879 0.001531466421130 0.003171278014244 0.005189065320974 0.005352942801260 0.003255738238776 0.001908348713766 0.003255738238776 0.006122816561912 0.007491466414432 0.009767214716328 0.004161925785796 0.001964722572500 0.006486331651218 0.016278691193879 0.003066588696998 0.015815317986024 0.010852460795919 0.001406179111956 0.004208453824825 0.010821007043069 0.005222323945193 0.022053527614141 0.010821007043069 -9999.000000000000000 -9999.000000000000000 -9999.000000000000000 -9999.000000000000000 -9999.000000000000000 -9999.000000000000000 -9999.000000000000000 -9999.000000000000000 -9999.000000000000000 -9999.000000000000000 -9999.000000000000000 -9999.000000000000000 -9999.000000000000000 -9999.000000000000000 -9999.000000000000000
0.001325212946885 0.003255738238776 0.006511476477552 0.004584027637506 0.001664705036481 0.007491172664164 0.002170492159184 0.011937706875511 0.001248590949294 0.016862856250517 0.010435774145493 0.001297142788501 0.005695018987223 0.004479659910086 0.016862856250517 0.005624440431166 0.006485713942507 0.000832352518240 0.002594285577003 0.007782856731008 0.001009980624106 0.005748177844405 0.001264279995377 0.004340984318368 0.003902199065794 0.011674285096512 0.008323525182405 0.011674285096512 -9999.000000000000000 -9999.000000000000000 -9999.000000000000000 -9999.000000000000000 -9999.000000000000000 -9999.000000000000000 -9999.000000000000000 -9999.000000000000000 -9999.000000000000000 -9999.000000000000000 -9999.000000000000000 -9999.000000000000000 -9999.000000000000000 -9999.000000000000000 -9999.000000000000000 -9999.000000000000000
0.003255738238776 0.003792744963930 0.002594038595443 0.001950971253614 0.006511476477552 0.013317118196847 0.007490878985726 0.009767214716328 0.006099730828582 0.016861250870382 0.015193445114287 0.008681968636736 0.004340984318368 0.002496959661909 0.002020456089091 0.001531257171780 0.000324254824430 0.002170492159184 0.005426230397960 0.002170492159184 0.013022952955103 0.007953865023620 0.005188077190887 0.006819518013619 0.007484976891580 0.002503930568680 0.011673173679495 0.024643366656711 0.003329279549212 0.001085246079592 0.005188077190887 -9999.000000000000000 -9999.000000000000000 -9999.000000000000000 -9999.000000000000000 -9999.000000000000000 -9999.000000000000000 -9999.000000000000000 -9999.000000000000000 -9999.000000000000000 -9999.000000000000000 -9999.000000000000000 -9999.000000000000000 -9999.000000000000000
0.002882201362704 0.005145943712603 0.007153132774232 0.009987447172164 0.002593791715770 0.014265854436733 0.002133770773273 0.005195543605432 0.001085246079592 0.005187583431539 0.002170492159184 0.002041283779007 0.000821833228104 0.002086960609983 0.000832287264347 0.007596722557144 0.003329364350504 0.002411104984276 0.001531152616059 0.004893537071407 0.011672062720964 0.009078271005194 0.003255738238776 0.009767214716328 0.005362021109611 0.009767214716328 0.008322872643470 0.014265854436733 0.016859646152503 0.000438066960236 0.014265854436733 0.004993723586082 0.005426230397960 0.005826010850429 -9999.000000000000000 -9999.000000000000000 -9999.000000000000000 -9999.000000000000000 -9999.000000000000000 -9999.000000000000000 -9999.000000000000000 -9999.000000000000000 -9999.000000000000000 -9999.000000000000000
0.007780634813827 0.004108785839910 0.003953894053396 0.009077407282798 0.009154801143106 0.009987055792480 0.007490291844360 0.029301644148983 0.001085246079592 0.005187089875884 0.006511476477552 0.010852460795919 0.007490291844360 0.005056740076120 0.011937706875511 0.000832254649373 0.007596722557144 0.004371844786598 0.004267457180123 0.002593544937942 0.000832254649373 0.004926461766601 0.007596722557144 0.006185041696957 0.001296772468971 0.002811447029271 0.008757417893929 0.019451587034567 0.003750367056770 0.007490291844360 0.009767214716328 0.009767214716328 0.005825782545613 0.018154814565596 0.019534429432655 0.005825782545613 0.004161273246867 -9999.000000000000000 -9999.000000000000000 -9999.000000000000000 -9999.000000000000000 -9999.000000000000000 -9999.000000000000000 -9999.000000000000000
0.016856438702489 0.004291993688909 0.006483245654804 0.004534257868058 0.014263140440568 0.012483330635735 0.007779894785764 0.005977649416532 0.006511476477552 0.004821397125099 0.000422718731996 0.006483245654804 0.016856438702489 0.012483330635735 0.004161110211912 0.004340984318368 0.002444396783384 0.009076543916725 0.006657776339059 0.003328888169529 0.005426230397960 0.008681968636736 0.002496666127147 0.001608712571468 0.008322220423824 0.004340984318368 0.004340984318368 0.008322220423824 0.008681968636736 0.014263140440568 0.001296649130961 0.003381749855972 0.008463932075386 0.003666289952055 0.005918062247950 0.002718420456899 0.012966491309607 0.007489998381441 -9999.000000000000000 -9999.000000000000000 -9999.000000000000000 -9999.000000000000000 -9999.000000000000000 -9999.000000000000000
0.002593051687668 0.004451098478456 0.005084253610289 0.005426230397960 0.006511476477552 0.003255738238776 0.003241314609585 0.001085246079592 0.001669071405477 0.005186103375336 0.009767214716328 0.006657515546998 0.005825326103623 0.006511476477552 0.000832189443375 0.006482629219170 0.004160947216873 0.005084253610289 0.005186103375336 0.001113548651459 0.001514302396328 0.002622915337713 0.007779155063003 0.002213345431348 0.009986273320496 0.002170492159184 0.004993136660248 0.004993136660248 0.002593051687668 0.004160947216873 0.009767214716328 0.004502965034258 0.005934440929337 0.005186103375336 0.008199826365676 0.001296525843834 0.001907397061619 0.005186103375336 0.019140357197618 0.020619675512247 0.004993136660248 -9999.000000000000000 -9999.000000000000000 -9999.000000000000000
0.004992941114105 0.004160784261754 0.005426230397960 0.002265215473925 0.001296402607571 0.002356832832039 0.005185610430284 0.000832156852351 0.005426230397960 0.001690685888681 0.010371220860568 0.004340984318368 0.005185610430284 0.014146666489965 0.024960659830615 0.009499479564378 0.003889207822713 0.002728626611357 0.005121081752601 0.013022952955103 0.005426230397960 0.003328627409403 0.004353066285375 0.007489411671158 0.010371220860568 0.003328627409403 0.001664313704702 0.007778415645426 0.011667623468139 0.003834340466753 0.009074818252997 0.010852460795919 0.002226935882627 0.005827847227725 0.021704921591839 0.004794438540677 0.003955184446525 0.004340984318368 0.004340984318368 0.004480065091309 0.019446039113564 -9999.000000000000000 -9999.000000000000000 -9999.000000000000000
0.010852460795919 0.009767214716328 0.001664248538623 0.013022952955103 0.004160621346557 0.002503445608524 0.009767214716328 0.003081650891516 0.010370235377217 0.001697964562503 0.004992745615869 0.005185117688609 0.003328497077246 0.029814426709499 0.006931798783596 0.003846620329185 0.005824869885180 0.015193445114287 0.005426230397960 0.001085246079592 0.008848410183690 0.005694499864909 0.003772410901399 0.018147911910130 0.014108199034695 0.014978236847606 0.005185117688609 0.002170492159184 0.008681968636736 0.010852460795919 0.006511476477552 0.000832124269311 0.002592558844304 0.001697964562503 0.004016574785162 0.001642906486243 0.007777676532913 0.007777676532913 0.004160621346557 0.001296279422152 0.001085246079592 0.001664248538623 -9999.000000000000000 -9999.000000000000000
0.001296156287558 0.001896040545678 0.015553875450693 0.003751222462990 0.005426230397960 0.003424456825493 0.004741432713739 0.009767214716328 0.012481375413854 0.002170492159184 0.016850031738251 0.015809742190881 0.017363937273471 0.019970200662166 0.026045905910207 0.008320916942569 0.005578888550018 0.000633936382546 0.003255738238776 0.004160458471285 0.001787370252232 0.001659806973707 0.002606471643416 0.011665406588020 0.006156742365899 0.031107750901386 0.014108199034695 0.004160458471285 0.001296156287558 0.005184625150231 0.003255738238776 0.014257719163135 0.014108199034695 0.005824641859798 0.006656733554055 0.016278691193879 0.005832703294010 0.005208906616170 0.006511476477552 0.004857068307168 0.003574740504464 0.002592312575116 0.009767214716328 -9999.000000000000000
0.011937706875511 0.004340984318368 0.001899180639286 0.003812155529570 0.009767214716328 0.009072232426377 0.002496177381564 0.006511476477552 0.006511476477552 0.000504589524402 0.007776199222609 0.020736531260290 0.002113003312283 0.010852460795919 0.002889931500808 0.009984709526254 0.001296033203768 0.004340984318368 0.008681968636736 0.001132581313791 0.001664118254376 0.010816768653442 0.003255738238776 0.002496177381564 0.015552398445218 0.014145005162194 0.004750714654003 0.010368265630145 0.010816768653442 0.009072232426377 0.003221225114311 0.015552398445218 0.015193445114287 0.026045905910207 0.010816768653442 0.031472136308166 0.023875413751023 0.010368265630145 0.004476000235966 0.000702520787697 0.001085246079592 0.011664298833913 0.004800691371146 0.007488532144691
