Figures/CREST_Example_wjb_NSE/Rolling_result/20100722/BJP_forecast/ens_40/wjb.rain.20100724.asc
ncols            288
nrows            254
xllcorner        113.274861
yllcorner        31.4918055
cellsize         0.008333333333
NODATA_value     -9999
[rows 192 to 215 of 254, columns 108 to 161 of 288]
1.096892227538578 1.212557651461468 1.328223075384358 1.3970783961209938 1.4158926580469362 1.4347069199728786 1.453521181898821 1.4723354438247633 1.491149705750706 1.5099639676766803 1.5287782296026227 1.5475924915285653 1.5664067534545076 1.58522101538045 1.6040352773063924 1.5487595091480588 1.4142798232992289 1.2798001374503993 1.1453204516015694 1.0108407657527396 0.8763610799039099 0.7418813940550801 0.607401708206021 0.4729220223571913 0.33844233650836153 0.20396265065953179 0.06948296481070204 0.0 0.0 0.0 0.0 0.0 0.0 0.0 0.0 0.0 0.0 0.0 0.0 0.0 0.0 0.0 0.0 0.0 0.0 0.0 0.0 0.0 0.0 0.0 0.0 0.0 0.0 0.0
0.9366245979211304 0.9366245979211304 0.9366245979211304 0.9366245979211304 0.9366245979211304 0.9366245979211304 0.9366245979211304 0.9366245979211304 0.9366245979211304 0.9366245979211304 0.9366245979211304 0.9366245979211304 0.9366245979211304 0.9366245979211304 0.9366245979211304 1.4763731921919452 1.3481788521999212 1.219984512207897 1.0917901722158727 0.9635958322238485 0.8354014922318242 0.7072071522398001 0.5790128122475573 0.45081847225553306 0.32262413226350883 0.1944297922714846 0.06623545227946037 0.0 0.0 0.0 0.0 0.0 0.0 0.0 0.0 0.0 0.0 0.0 0.0 0.0 0.0 0.0 0.0 0.0 0.0 0.0 0.0 0.0 0.0 0.0 0.0 0.0 0.0 0.0
0.9366245979211304 0.9366245979211304 0.9366245979211304 0.9366245979211304 0.9366245979211304 0.9366245979211304 0.9366245979211304 0.9366245979211304 0.9366245979211304 0.9366245979211304 0.9366245979211304 0.9366245979211304 0.9366245979211304 0.9366245979211304 0.9366245979211304 1.3481786294937768 1.231115497683106 1.1140523658724353 0.9969892340617645 0.8799261022510938 0.7628629704404231 0.6457998386297523 0.528736706818882 0.4116735750082111 0.2946104431975405 0.17754731138686974 0.06048417957619878 0.0 0.0 0.0 0.0 0.0 0.0 0.0 0.0 0.0 0.0 0.0 0.0 0.0 0.0 0.0 0.0 0.0 0.0 0.0 0.0 0.0 0.0 0.0 0.0 0.0 0.0 0.0
0.9366245979211304 0.9366245979211304 0.9366245979211304 0.9366245979211304 0.9366245979211304 0.9366245979211304 0.9366245979211304 0.9366245979211304 0.9366245979211304 0.9366245979211304 0.9366245979211304 0.9366245979211304 0.9366245979211304 0.9366245979211304 0.9366245979211304 1.219984066795663 1.1140521431663408 1.0081202195370187 0.9021882959076968 0.7962563722783746 0.6903244486490526 0.5843925250197306 0.47846060139022784 0.3725286777609058 0.2665967541315837 0.16066483050226155 0.054732906872939635 0.0 0.0 0.0 0.0 0.0 0.0 0.0 0.0 0.0 0.0 0.0 0.0 0.0 0.0 0.0 0.0 0.0 0.0 0.0 0.0 0.0 0.0 0.0 0.0 0.0 0.0 0.0
0.9366245979211304 0.9366245979211304 0.9366245979211304 0.9366245979211304 0.9366245979211304 0.9366245979211304 0.9366245979211304 0.9366245979211304 0.9366245979211304 0.9366245979211304 0.9366245979211304 0.9366245979211304 0.9366245979211304 0.9366245979211304 0.9366245979211304 1.091789504097549 0.9969887886495755 0.9021880732016021 0.8073873577536288 0.7125866423056555 0.6177859268576821 0.5229852114097088 0.4281844959615738 0.3333837805136004 0.2385830650656271 0.1437823496176538 0.04898163416968049 0.0 0.0 0.0 0.0 0.0 0.0 0.0 0.0 0.0 0.0 0.0 0.0 0.0 0.0 0.0 0.0 0.0 0.0 0.0 0.0 0.0 0.0 0.0 0.0 0.0 0.0 0.0
0.9366245979211304 0.9366245979211304 0.9366245979211304 0.9366245979211304 0.9366245979211304 0.9366245979211304 0.9366245979211304 0.9366245979211304 0.9366245979211304 0.9366245979211304 0.9366245979211304 0.9366245979211304 0.9366245979211304 0.9366245979211304 0.9366245979211304 0.9635949413993804 0.8799254341327605 0.7962559268661406 0.7125864195995206 0.6289169123329008 0.5452474050662808 0.46157789779966096 0.37790839053289826 0.29423888326627845 0.21056937599965853 0.1268998687330386 0.043230361466418676 0.0 0.0 0.0 0.0 0.0 0.0 0.0 0.0 0.0 0.0 0.0 0.0 0.0 0.0 0.0 0.0 0.0 0.0 0.0 0.0 0.0 0.0 0.0 0.0 0.0 0.0 0.0
0.9366245979211304 0.9366245979211304 0.9366245979211304 0.9366245979211304 0.9366245979211304 0.9366245979211304 0.9366245979211304 0.9366245979211304 0.9366245979211304 0.9366245979211304 0.9366245979211304 0.9366245979211304 0.9366245979211304 0.9366245979211304 0.9366245979211304 0.8354003787012664 0.7628620796159952 0.690323780530724 0.6177854814454528 0.5452471823601815 0.47270888327491034 0.40017058418963913 0.32763228510424425 0.25509398601897304 0.18255568693370183 0.11001738784843063 0.03747908876315942 0.0 0.0 0.0 0.0 0.0 0.0 0.0 0.0 0.0 0.0 0.0 0.0 0.0 0.0 0.0 0.0 0.0 0.0 0.0 0.0 0.0 0.0 0.0 0.0 0.0 0.0 0.0
0.9366245979211304 0.9366245979211304 0.9366245979211304 0.9366245979211304 0.9366245979211304 0.9366245979211304 0.9366245979211304 0.9366245979211304 0.9366245979211304 0.9366245979211304 0.9366245979211304 0.9366245979211304 0.9366245979211304 0.9366245979211304 0.9366245979211304 0.7072058160031525 0.64579872509923 0.5843916341953075 0.522984543291385 0.46157745238746245 0.40017036148353996 0.33876327057961747 0.27735617967559023 0.21594908877166774 0.15454199786774525 0.09313490696382276 0.03172781605990027 0.0 0.0 0.0 0.0 0.0 0.0 0.0 0.0 0.0 0.0 0.0 0.0 0.0 0.0 0.0 0.0 0.0 0.0 0.0 0.0 0.0 0.0 0.0 0.0 0.0 0.0 0.0
0.9366245979211304 0.9366245979211304 0.9366245979211304 0.9366245979211304 0.9366245979211304 0.9366245979211304 0.9366245979211304 0.9366245979211304 0.9366245979211304 0.9366245979211304 0.9366245979211304 0.9366245979211304 0.9366245979211304 0.9366245979211304 0.9366245979211304 0.5790112533049839 0.5287353705824148 0.4784594878598458 0.4281836051372767 0.3779077224147077 0.3276318396921386 0.27735595696956955 0.2270800742469148 0.17680419152434573 0.12652830880177668 0.07625242607920757 0.02597654335663857 0.0 0.0 0.0 0.0 0.0 0.0 0.0 0.0 0.0 0.0 0.0 0.0 0.0 0.0 0.0 0.0 0.0 0.0 0.0 0.0 0.0 0.0 0.0 0.0 0.0 0.0 0.0
0.9366245979211304 0.9366245979211304 0.9366245979211304 0.9366245979211304 0.9366245979211304 0.9366245979211304 0.9366245979211304 0.9366245979211304 0.9366245979211304 0.9366245979211304 0.9366245979211304 0.9366245979211304 0.9366245979211304 0.9366245979211304 0.9366245979211304 0.45081669060686996 0.4116720160656496 0.37252734152442923 0.3333826669832089 0.29423799244198856 0.25509331790076817 0.21594864335954783 0.17680396881826071 0.13765929427704032 0.09851461973581999 0.05936994519459965 0.020225270653379257 0.0 0.0 0.0 0.0 0.0 0.0 0.0 0.0 0.0 0.0 0.0 0.0 0.0 0.0 0.0 0.0 0.0 0.0 0.0 0.0 0.0 0.0 0.0 0.0 0.0 0.0 0.0
0.9366245979211304 0.9366245979211304 0.9366245979211304 0.9366245979211304 0.9366245979211304 0.9366245979211304 0.9366245979211304 0.9366245979211304 0.9366245979211304 0.9366245979211304 0.9366245979211304 0.9366245979211304 0.9366245979211304 0.9366245979211304 0.9366245979211304 0.32262212790875605 0.29460866154888443 0.26659519518901276 0.23858172882914108 0.21056826246926943 0.1825547961093978 0.1545413297495261 0.1265278633896067 0.09851439702973505 0.0705009306698634 0.04248746430999173 0.014473997950120054 0.0 0.0 0.0 0.0 0.0 0.0 0.0 0.0 0.0 0.0 0.0 0.0 0.0 0.0 0.0 0.0 0.0 0.0 0.0 0.0 0.0 0.0 0.0 0.0 0.0 0.0 0.0
0.9366245979211304 -9999.0 0.9366245979211304 0.9366245979211304 0.9366245979211304 0.9366245979211304 0.9366245979211304 0.9366245979211304 0.9366245979211304 0.9366245979211304 0.9366245979211304 0.9366245979211304 0.9366245979211304 0.9366245979211304 0.9366245979211304 0.1944275652106421 0.17754530703211915 0.16066304885359622 0.14378079067507324 0.1268985324965503 0.11001627431802734 0.09313401613950438 0.07625175796095263 0.05936949978242967 0.04248724160390671 0.025604983425383754 0.008722725246860796 0.0 0.0 0.0 0.0 0.0 0.0 0.0 0.0 0.0 0.0 0.0 0.0 0.0 0.0 0.0 0.0 0.0 0.0 0.0 0.0 0.0 0.0 0.0 0.0 0.0 0.0 0.0
-9999.0 -9999.0 -9999.0 0.9366245979211304 0.9366245979211304 0.9366245979211304 0.9366245979211304 0.9366245979211304 0.9366245979211304 0.9366245979211304 0.9366245979211304 0.9366245979211304 0.9366245979211304 0.9366245979211304 0.9366245979211304 0.06623300251247355 0.06048195251530404 0.05473090251813453 0.048979852520965025 0.04322880252379551 0.037477752526626 0.03172670252945649 0.025975652532277176 0.02022460253510766 0.014473552537938153 0.008722502540768638 0.0029714525435991374 0.0 0.0 0.0 0.0 0.0 0.0 0.0 0.0 0.0 0.0 0.0 0.0 0.0 0.0 0.0 0.0 0.0 0.0 0.0 0.0 0.0 0.0 0.0 0.0 0.0 0.0 0.0
-9999.0 -9999.0 -9999.0 -9999.0 0.9366245979211304 0.9366245979211304 0.9366245979211304 0.9366245979211304 0.9366245979211304 0.9366245979211304 0.9366245979211304 0.9366245979211304 0.9366245979211304 0.9366245979211304 0.9366245979211304 0.00020455631093703144 0.0006277879442635809 0.0010510195775901305 0.00147425121091668 0.0018974828442432294 0.002320714477569779 0.0027439461108963283 0.0031671777442235996 0.0035904093775501493 0.004013641010876699 0.004436872644203249 0.004860104277529797 0.004874223289389315 0.0044509916560627055 0.004027760022736096 0.0036045283894094865 0.003181296756082877 0.002758065122756267 0.0023348334894296575 0.001911601856103048 0.0014883702227757164 0.001065138589449107 0.0006419069561224974 0.00021867532279588788 0.0 0.0 0.0 0.0 0.0 0.0 0.0 0.0 0.0 0.0 0.0 0.0 0.0 0.0 0.0
-9999.0 -9999.0 -9999.0 -9999.0 0.9366245979211304 0.9366245979211304 0.9366245979211304 0.9366245979211304 0.9366245979211304 0.9366245979211304 0.9366245979211304 0.9366245979211304 0.9366245979211304 0.9366245979211304 0.9366245979211304 0.000627770425448458 0.0019266416325970938 0.00322551283974573 0.004524384046894365 0.005823255254043001 0.007122126461191637 0.008420997668340273 0.009719868875491124 0.01101874008263976 0.012317611289788396 0.013616482496937032 0.014915353704085667 0.014958684061586541 0.01365981285443772 0.0123609416472889 0.011062070440140081 0.009763199232991258 0.00846432802584244 0.007165456818693619 0.005866585611544798 0.004567714404393762 0.0032688431972449413 0.0019699719900961223 0.0006711007829473016 0.0 0.0 0.0 0.0 0.0 0.0 0.0 0.0 0.0 0.0 0.0 0.0 0.0 0.0 0.0
-9999.0 -9999.0 -9999.0 -9999.0 -9999.0 0.9366245979211304 0.9366245979211304 0.9366245979211304 0.9366245979211304 0.9366245979211304 0.9366245979211304 0.9366245979211304 0.9366245979211304 0.9366245979211304 0.9366245979211304 0.0010509845399600645 0.003225495320931159 0.005400006101902254 0.007574516882873348 0.009749027663844443 0.011923538444815538 0.014098049225786632 0.016272560006761434 0.01844707078773253 0.020621581568703626 0.02279609234967472 0.024970603130645815 0.025043144833788056 0.022868634052816653 0.02069412327184525 0.018519612490873846 0.016345101709902443 0.014170590928931037 0.011996080147959633 0.00982156936698823 0.007647058586013118 0.005472547805041715 0.003298037024070312 0.0011235262430989053 0.0 0.0 0.0 0.0 0.0 0.0 0.0 0.0 0.0 0.0 0.0 0.0 0.0 0.0 0.0
-9999.0 -9999.0 -9999.0 -9999.0 -9999.0 -9999.0 -9999.0 -9999.0 -9999.0 0.9366245979211304 0.9366245979211304 0.9366245979211304 0.9366245979211304 0.9366245979211304 0.9366245979211304 0.0014741986544714904 0.00452434900926467 0.00757449936405785 0.01062464971885103 0.01367480007364421 0.01672495042843739 0.01977510078323057 0.02282525113802895 0.02587540149282213 0.028925551847615312 0.03197570220240849 0.03502585255720167 0.03512760560598527 0.032077455251191656 0.029027304896398043 0.025977154541604427 0.022927004186810814 0.0198768538320172 0.01682670347722359 0.013776553122429973 0.01072640276763116 0.007676252412837547 0.004626102058043931 0.0015759517032503181 0.0 0.0 0.0 0.0 0.0 0.0 0.0 0.0 0.0 0.0 0.0 0.0 0.0 0.0 0.0
-9999.0 -9999.0 -9999.0 -9999.0 -9999.0 -9999.0 -9999.0 -9999.0 -9999.0 -9999.0 -9999.0 0.9366245979211304 0.9366245979211304 0.9366245979211304 0.9366245979211304 0.0018974127689829164 0.005823202697598182 0.009748992626213447 0.013674782554828712 0.017600572483443978 0.02152636241205924 0.025452152340674508 0.029377942269296468 0.03330373219791173 0.037229522126527 0.04115531205514226 0.045081101983757525 0.04521206637818248 0.04128627644956666 0.037360486520950836 0.033434696592335014 0.02950890666371919 0.025583116735103367 0.02165732680648754 0.01773153687787172 0.0138057469492492 0.009879957020633379 0.0059541670920175566 0.0020283771634017345 0.0 0.0 0.0 0.0 0.0 0.0 0.0 0.0 0.0 0.0 0.0 0.0 0.0 0.0 0.0
-9999.0 -9999.0 -9999.0 -9999.0 -9999.0 -9999.0 -9999.0 -9999.0 -9999.0 -9999.0 -9999.0 0.9366245979211304 0.9366245979211304 0.9366245979211304 0.9366245979211304 0.0023206268834945237 0.007122056385932249 0.011923485888369974 0.0167249153908077 0.021526344893245425 0.02632777439568315 0.031129203898120877 0.03593063340056679 0.04073206290300452 0.04553349240544224 0.05033492190787996 0.05513635141031769 0.05529652715038401 0.0504950976479456 0.045693668145507196 0.04089223864306879 0.03609080914063038 0.03128937963819197 0.026487950135753564 0.021686520633315158 0.016885091130868564 0.01208366162843015 0.007282232125991744 0.002480802623553338 0.0 0.0 0.0 0.0 0.0 0.0 0.0 0.0 0.0 0.0 0.0 0.0 0.0 0.0 0.0
-9999.0 -9999.0 -9999.0 -9999.0 -9999.0 -9999.0 -9999.0 -9999.0 -9999.0 -9999.0 0.9366245979211304 0.9366245979211304 0.9366245979211304 0.9366245979211304 0.9366245979211304 0.0027438409980059496 0.00842091007426576 0.014097979150525571 0.019775048226785382 0.025452117303045193 0.031129186379305004 0.03680625545556481 0.04248332453183431 0.04816039360809412 0.05383746268435392 0.059514531760613734 0.06519160083687355 0.06538098792258122 0.059703918846320606 0.05402684977005998 0.04834978069379937 0.042672711617538744 0.03699564254127813 0.03131857346501751 0.025641504388756897 0.0199644353124866 0.014287366236225979 0.008610297159965363 0.0029332280837047475 0.0 0.0 0.0 0.0 0.0 0.0 0.0 0.0 0.0 0.0 0.0 0.0 0.0 0.0 0.0
-9999.0 -9999.0 -9999.0 -9999.0 -9999.0 -9999.0 -9999.0 -9999.0 -9999.0 -9999.0 0.9366245979211304 0.9366245979211304 0.9366245979211304 0.9366245979211304 0.9366245979211304 0.0031670551125173763 0.009719763762599273 0.01627247241268117 0.022825181062763066 0.029377889712844964 0.03593059836292686 0.04248330701300876 0.049036015663101826 0.05558872431318373 0.06214143296326562 0.06869414161334751 0.07524685026342942 0.07546544869477845 0.06891274004469561 0.06236003139461278 0.05580732274452996 0.04925461409444713 0.0427019054443643 0.036149196794281475 0.029596488144198643 0.02304377949410464 0.016491070844021814 0.009938362193938982 0.003385653543856157 0.0 0.0 0.0 0.0 0.0 0.0 0.0 0.0 0.0 0.0 0.0 0.0 0.0 0.0 0.0
-9999.0 -9999.0 -9999.0 -9999.0 -9999.0 -9999.0 -9999.0 -9999.0 0.9366245979211304 0.9366245979211304 0.9366245979211304 0.9366245979211304 0.9366245979211304 0.9366245979211304 0.9366245979211304 0.0035902692270289825 0.011018617450933339 0.018446965674837695 0.02587531389874205 0.033303662122646405 0.04073201034655076 0.048160358570455114 0.05558870679437214 0.0630170550182765 0.07044540324218085 0.0778737514660852 0.08530209968998956 0.08554990946697996 0.07812156124307455 0.07069321301916914 0.06326486479526372 0.05583651657135831 0.0484081683474529 0.04097982012354749 0.03355147189964208 0.026123123675724003 0.018694775451818593 0.011266427227913184 0.0038380790040077606 0.0 0.0 0.0 0.0 0.0 0.0 0.0 0.0 0.0 0.0 0.0 0.0 0.0 0.0 0.0
-9999.0 -9999.0 -9999.0 -9999.0 -9999.0 -9999.0 -9999.0 -9999.0 0.9366245979211304 0.9366245979211304 0.9366245979211304 0.9366245979211304 0.9366245979211304 0.9366245979211304 0.9366245979211304 0.004013483341540409 0.01231747113926685 0.02062145893699329 0.02892544673471973 0.03722943453244617 0.045533422330172615 0.053837410127899055 0.062141397925639656 0.0704453857233661 0.07874937352109254 0.08705336131881898 0.09535734911654542 0.09563437023917717 0.08733038244144956 0.07902639464372194 0.07072240684599432 0.06241841904826669 0.054114431250539066 0.04581044345281145 0.03750645565508383 0.02920246785734204 0.02089848005961442 0.012594492261886803 0.004290504464159184 0.0 0.0 0.0 0.0 0.0 0.0 0.0 0.0 0.0 0.0 0.0 0.0 0.0 0.0 0.0
-9999.0 -9999.0 -9999.0 -9999.0 -9999.0 -9999.0 -9999.0 -9999.0 0.9366245979211304 0.9366245979211304 0.9366245979211304 0.9366245979211304 0.9366245979211304 0.9366245979211304 0.9366245979211304 0.004436697456051835 0.013616324827600362 0.02279595219914889 0.03197557957069742 0.04115520694224594 0.05033483431379447 0.059514461685342995 0.06869408905690717 0.07787371642845571 0.08705334380000423 0.09623297117155276 0.10541259854310128 0.10571883101137439 0.09653920363982456 0.08735957626827473 0.07817994889672489 0.06900032152517507 0.05982069415362524 0.0506410667820754 0.041461439410525575 0.03228181203896009 0.023102184667410264 0.013922557295860435 0.004742929924310607 0.0 0.0 0.0 0.0 0.0 0.0 0.0 0.0 0.0 0.0 0.0 0.0 0.0 0.0 0.0
