Figures/CREST_Example_wjb_NSE/Rolling_result/20100722/BJP_forecast/ens_40/wjb.rain.20100727.asc
ncols            288
nrows            254
xllcorner        113.274861
yllcorner        31.4918055
cellsize         0.008333333333
NODATA_value     -9999
[rows 182 to 207 of 254, columns 174 to 231 of 288]
0.019738871106443862 0.020257654576316203 0.020776438046188547 0.021295221516060885 0.02181400498593323 0.022332788455805566 0.02285157192567791 0.023370355395550248 0.023889138865423473 0.024453758097674996 0.02506737679694675 0.02568099549621851 0.026294614195490264 0.026908232894762022 0.027521851594033777 0.028135470293305535 0.02874908899257729 0.02936270769184905 0.029976326391120803 0.030589945090392562 0.031203563789664317 0.030251063290741422 0.027624345932180723 0.024997628573620027 0.022370911215059325 0.01974419385649863 0.01711747649793793 0.014490759139377231 0.011864041780816532 0.009237324422255833 0.0066106070636951335 0.003983889705134434 0.0013571723465737387 0.0 0.0 0.0 0.0 0.0 0.0 0.0 0.0 0.0 0.0 0.0 0.0 0.0 0.0 0.0 0.0 0.0 0.0 0.0 0.0 0.0 0.0 0.0 0.0 0.0
0.03304591539003105 0.03391443895243232 0.03478296251483359 0.03565148607723486 0.03652000963963613 0.0373885332020374 0.03825705676443868 0.039125580326839944 0.039994103889242696 0.04093936358904776 0.04196665595589723 0.0429939483227467 0.04402124068959617 0.045048533056445635 0.04607582542329511 0.047103117790144575 0.04813041015699404 0.04915770252384351 0.05018499489069298 0.05121228725754245 0.05223957962439192 0.05064494684490674 0.04624741675737374 0.04184988666984074 0.037452356582307736 0.033054826494774744 0.028657296407241743 0.024259766319708744 0.019862236232175742 0.015464706144642744 0.011067176057109746 0.006669645969576747 0.0022721158820437487 0.0 0.0 0.0 0.0 0.0 0.0 0.0 0.0 0.0 0.0 0.0 0.0 0.0 0.0 0.0 0.0 0.0 0.0 0.0 0.0 0.0 0.0 0.0 0.0 0.0
0.04635295967360689 0.04757122332853679 0.04878948698346669 0.05000775063839659 0.05122601429332649 0.05244427794825639 0.05366254160318629 0.054880805258116186 0.05609906891304817 0.05742496908040645 0.05886593511483328 0.060306901149260114 0.061747867183686946 0.06318883321811378 0.06462979925254062 0.06607076528696744 0.06751173132139428 0.0689526973558211 0.07039366339024794 0.07183462942467476 0.0732755954591016 0.07103883039905468 0.06487048758255089 0.0587021447660471 0.05253380194954331 0.04636545913303952 0.040197116316535726 0.03402877350003194 0.02786043068352815 0.02169208786702436 0.015523745050520565 0.009355402234016777 0.0031870594175129885 0.0 0.0 0.0 0.0 0.0 0.0 0.0 0.0 0.0 0.0 0.0 0.0 0.0 0.0 0.0 0.0 0.0 0.0 0.0 0.0 0.0 0.0 0.0 0.0 0.0
0.05966000395718271 0.06122800770464124 0.06279601145209977 0.0643640151995583 0.06593201894701683 0.06750002269447536 0.06906802644193388 0.07063603018939242 0.07220403393685362 0.07391057457176513 0.07576521427376932 0.07761985397577352 0.07947449367777772 0.08132913337978191 0.08318377308178611 0.0850384127837903 0.0868930524857945 0.0887476921877987 0.09060233188980289 0.09245697159180709 0.09431161129381128 0.09143271395320263 0.08349355840772804 0.07555440286225346 0.06761524731677888 0.0596760917713043 0.05173693622582971 0.043797780680355135 0.03585862513488055 0.02791946958940597 0.019980314043931385 0.0120411584984568 0.004102002952982228 0.0 0.0 0.0 0.0 0.0 0.0 0.0 0.0 0.0 0.0 0.0 0.0 0.0 0.0 0.0 0.0 0.0 0.0 0.0 0.0 0.0 0.0 0.0 0.0 0.0
0.07296704824075856 0.07488479208074572 0.07680253592073287 0.07872027976072003 0.0806380236007072 0.08255576744069436 0.08447351128068151 0.08639125512066867 0.08830899896065911 0.09039618006312383 0.09266449343270539 0.09493280680228694 0.0972011201718685 0.09946943354145005 0.10173774691103162 0.10400606028061317 0.10627437365019472 0.10854268701977628 0.11081100038935783 0.11307931375893938 0.11534762712852094 0.11182659750735054 0.10211662923290517 0.0924066609584598 0.08269669268401442 0.07298672440956905 0.06327675613512368 0.05356678786067831 0.04385681958623293 0.03414685131178756 0.02443688303734219 0.014726914762896823 0.00501694648845144 0.0 0.0 0.0 0.0 0.0 0.0 0.0 0.0 0.0 0.0 0.0 0.0 0.0 0.0 0.0 0.0 0.0 0.0 0.0 0.0 0.0 0.0 0.0 0.0 0.0
0.08627409252433439 0.08854157645685018 0.09080906038936597 0.09307654432188175 0.09534402825439754 0.09761151218691333 0.09987899611942913 0.10214648005194492 0.10441396398446456 0.10688178555448252 0.10956377259164145 0.11224575962880036 0.11492774666595929 0.1176097337031182 0.12029172074027712 0.12297370777743603 0.12565569481459496 0.12833768185175387 0.13101966888891278 0.1337016559260717 0.13638364296323063 0.13222048106149847 0.12073970005808232 0.10925891905466616 0.09777813805124999 0.08629735704783384 0.07481657604441767 0.06333579504100151 0.05185501403758534 0.04037423303416918 0.028893452030753025 0.01741267102733686 0.005931890023920694 0.0 0.0 0.0 0.0 0.0 0.0 0.0 0.0 0.0 0.0 0.0 0.0 0.0 0.0 0.0 0.0 0.0 0.0 0.0 0.0 0.0 0.0 0.0 0.0 0.0
0.09958113680791023 0.10219836083295465 0.10481558485799906 0.10743280888304349 0.1100500329080879 0.11266725693313231 0.11528448095817674 0.11790170498322117 0.12051892900827005 0.12336739104584121 0.1264630517505775 0.12955871245531378 0.13265437316005005 0.13575003386478635 0.13884569456952262 0.1419413552742589 0.14503701597899518 0.14813267668373148 0.15122833738846775 0.15432399809320402 0.15741965879794032 0.15261436461564643 0.1393627708832595 0.12611117715087253 0.11285958341848557 0.0996079896860986 0.08635639595371165 0.0731048022213247 0.05985320848893774 0.046601614756550794 0.033350021024163845 0.020098427291776882 0.00684683355938992 0.0 0.0 0.0 0.0 0.0 0.0 0.0 0.0 0.0 0.0 0.0 0.0 0.0 0.0 0.0 0.0 0.0 0.0 0.0 0.0 0.0 0.0 0.0 0.0 0.0
0.11288818109149741 0.11585514520907075 0.11882210932664411 0.12178907344421745 0.1247560375617908 0.12772300167936415 0.13068996579693748 0.13365692991451084 0.13662389403208924 0.13985299653721395 0.14336233090952796 0.14687166528184195 0.15038099965415594 0.15389033402646993 0.15739966839878394 0.16090900277109793 0.16441833714341192 0.1679276715157259 0.17143700588803992 0.1749463402603539 0.1784556746326679 0.17300824816981175 0.15798584170845248 0.14296343524709323 0.127941028785734 0.11291862232437473 0.09789621586301547 0.08287380940165621 0.06785140294029697 0.05282899647893771 0.03780659001757847 0.022784183556219195 0.007761777094859951 0.0 0.0 0.0 0.0 0.0 0.0 0.0 0.0 0.0 0.0 0.0 0.0 0.0 0.0 0.0 0.0 0.0 0.0 0.0 0.0 0.0 0.0 0.0 0.0 0.0
0.12619522537507324 0.1295119295851752 0.1328286337952772 0.13614533800537917 0.13946204221548114 0.14277874642558314 0.1460954506356851 0.14941215484578707 0.1527288590558947 0.15633860202857264 0.160261610068464 0.16418461810835536 0.16810762614824673 0.17203063418813808 0.17595364222802945 0.1798766502679208 0.18379965830781217 0.18772266634770352 0.1916456743875949 0.19556868242748623 0.19949169046737758 0.1934021317239597 0.17660891253362965 0.1598156933432996 0.14302247415296954 0.1262292549626395 0.10943603577230945 0.09264281658197941 0.07584959739164937 0.059056378201319315 0.04226315901098926 0.025469939820659232 0.008676720630329177 0.0 0.0 0.0 0.0 0.0 0.0 0.0 0.0 0.0 0.0 0.0 0.0 0.0 0.0 0.0 0.0 0.0 0.0 0.0 0.0 0.0 0.0 0.0 0.0 0.0
0.13950226965864906 0.14316871396127967 0.14683515826391028 0.15050160256654088 0.1541680468691715 0.1578344911718021 0.16150093547443273 0.1651673797770633 0.16883382407970018 0.17282420751993133 0.17716088922740006 0.1814975709348688 0.1858342526423375 0.19017093434980623 0.19450761605727496 0.19884429776474366 0.2031809794722124 0.20751766117968112 0.21185434288714983 0.21619102459461856 0.2205277063020873 0.21379601527810763 0.1952319833588068 0.17666795143950598 0.15810391952020514 0.1395398876009043 0.12097585568160345 0.10241182376230261 0.08384779184300178 0.06528375992370095 0.04671972800440011 0.02815569608509927 0.00959166416579843 0.0 0.0 0.0 0.0 0.0 0.0 0.0 0.0 0.0 0.0 0.0 0.0 0.0 0.0 0.0 0.0 0.0 0.0 0.0 0.0 0.0 0.0 0.0 0.0 0.0
0.15280931394222494 0.15682549833738418 0.1608416827325434 0.16485786712770265 0.1688740515228619 0.1728902359180211 0.17690642031318035 0.1809226047083396 0.18493878910350567 0.18930981301129005 0.19406016838633613 0.19881052376138222 0.20356087913642829 0.20831123451147437 0.21306158988652046 0.21781194526156653 0.22256230063661261 0.2273126560116587 0.23206301138670477 0.23681336676175085 0.24156372213679694 0.23418989883225555 0.21385505418398393 0.1935202095357123 0.17318536488744068 0.15285052023916904 0.1325156755908974 0.11218083094262579 0.09184598629435417 0.07151114164608252 0.0511762969978109 0.030841452349539278 0.010506607701267656 0.0 0.0 0.0 0.0 0.0 0.0 0.0 0.0 0.0 0.0 0.0 0.0 0.0 0.0 0.0 0.0 0.0 0.0 0.0 0.0 0.0 0.0 0.0 0.0 0.0
0.19137721447666783 0.19508801418082125 0.19879881388497467 0.20250961358912808 0.2062204132932815 0.20993121299743495 0.21364201270158836 0.21735281240574178 0.22106361210990152 0.2238567350788342 0.22566884085532427 0.22748094663181434 0.22929305240830442 0.2311051581847945 0.23291726396128457 0.23472936973777464 0.23654147551426472 0.23835358129075482 0.2401656870672449 0.24197779284373497 0.24378989862022504 0.2348694229327964 0.21447557481303367 0.19408172669327092 0.1736878785735082 0.15329403045374546 0.1329001823339827 0.11250633421421999 0.09211248609445724 0.07171863797469452 0.051324789854931774 0.030930941735169054 0.010537093615406307 0.0 0.0 0.0 0.0 0.0 0.0 0.0 0.0 0.0 0.0 0.0 0.0 0.004575139367927834 0.014041206261197474 0.023507273154483258 0.032973340047752896 0.04243940694102254 0.05190547383429218 0.06137154072756182 0.07083760762083145 0.0803036745141011 0.08976974140737073 0.09923580830064038 0.10870187519391002 0.11388701687669518
0.2569473781449592 0.259652506057194 0.26235763396942874 0.26506276188166356 0.2677678897938983 0.27047301770613313 0.2731781456183679 0.2758832735306027 0.2785884014428421 0.2777100661568501 0.27300092763588235 0.2682917891149146 0.26358265059394687 0.2588735120729791 0.2541643735520113 0.24945523503104358 0.2447460965100758 0.24003695798910807 0.2353278194681403 0.23061868094717256 0.2259095424262048 0.21447553937863978 0.1958525039878486 0.1772294685970574 0.15860643320626622 0.13998339781547503 0.12136036242468382 0.10273732703389263 0.08411429164310144 0.06549125625231025 0.046868220861519067 0.02824518547072788 0.009622150079936692 0.0 0.0 0.0 0.0 0.0 0.0 0.0 0.0 0.0 0.0 0.0 0.0 0.014040814347947149 0.0430915769947353 0.07214233964157299 0.10119310228836113 0.13024386493514928 0.15929462758193744 0.1883453902287256 0.21739615287551373 0.24644691552230188 0.27549767816909004 0.3045484408158782 0.3335992034626663 0.34951207646630617
0.3225175418132225 0.3242169979335391 0.32591645405385566 0.32761591017417224 0.3293153662944888 0.3310148224148054 0.332714278535122 0.33441373465543855 0.336113190775758 0.33156339723484296 0.32033301441642015 0.30910263159799733 0.2978722487795746 0.28664186596115176 0.27541148314272895 0.2641811003243062 0.2529507175058834 0.24172033468746057 0.23048995186903776 0.21925956905061497 0.20802918623219216 0.19408165582449183 0.17722943316267142 0.16037721050085102 0.14352498783903062 0.1266727651772102 0.10982054251538984 0.09296831985356943 0.07611609719174903 0.05926387452992862 0.04241165186810822 0.025559429206287843 0.008707206544467438 0.0 0.0 0.0 0.0 0.0 0.0 0.0 0.0 0.0 0.0 0.0 0.0 0.02350648932796244 0.07214194772826077 0.12077740612864205 0.16941286452894036 0.2180483229292387 0.266683781329537 0.3153192397298354 0.3639546981301337 0.412590156530432 0.46122561493073033 0.5098610733310287 0.558496531731327 0.585137136055817
0.3880877054814858 0.3887814898098842 0.38947527413828253 0.39016905846668093 0.39086284279507927 0.39155662712347766 0.392250411451876 0.3929441957802744 0.3936379801086739 0.3854167283128358 0.36766510119695794 0.34991347408108014 0.3321618469652023 0.31441021984932443 0.29665859273344664 0.2789069656175688 0.2611553385016909 0.24340371138581307 0.22565208426993524 0.2079004571540574 0.19014883003817956 0.1736877722703439 0.1586063623374943 0.1435249524046447 0.12844354247179507 0.11336213253894546 0.09828072260609585 0.08319931267324625 0.06811790274039663 0.05303649280754702 0.0379550828746974 0.022873672941847806 0.007792263008998185 0.0 0.0 0.0 0.0 0.0 0.0 0.0 0.0 0.0 0.0 0.0 0.0 0.03297216430797773 0.10119231846178625 0.1694124726157111 0.23763262676951963 0.3058527809233281 0.3740729350771366 0.4422930892309452 0.5105132433847537 0.5787333975385622 0.6469535516923707 0.7151737058461792 0.7833938599999878 0.8207621956453277
0.45365786914977707 0.45334598168625684 0.45303409422273655 0.4527222067592163 0.45241031929569603 0.45209843183217574 0.4517865443686555 0.4514746569051352 0.45116276944161443 0.4392700593908517 0.414997187977516 0.39072431656418033 0.36645144515084466 0.34217857373750904 0.31790570232417337 0.2936328309108377 0.269359959497502 0.24508708808416632 0.22081421667083065 0.196541345257495 0.17226847384415933 0.15329388871618727 0.1399832915123092 0.12667269430843114 0.11336209710455307 0.10005149990067501 0.08674090269679695 0.07343030549291889 0.06011970828904083 0.046809111085162766 0.03349851388128469 0.02018791667740663 0.00687731947352857 0.0 0.0 0.0 0.0 0.0 0.0 0.0 0.0 0.0 0.0 0.0 0.0 0.042437839287997055 0.13024268919532409 0.21804753910280086 0.3058523890101279 0.3936572389174549 0.481462088824782 0.569266938732109 0.657071788639436 0.7448766385467631 0.8326814884540901 0.9204863383614171 1.0082911882687442 1.056387255234939
0.5192280328180404 0.5179104735626019 0.5165929143071635 0.5152753550517251 0.5139577957962865 0.5126402365408481 0.5113226772854096 0.5100051180299712 0.5086875587745304 0.49312339046884457 0.46232927475805385 0.43153515904726314 0.4007410433364724 0.3699469276256817 0.339152811914891 0.3083586962041003 0.27756458049330957 0.2467704647825188 0.21597634907172808 0.18518223336093736 0.15438811765014665 0.13290000516203934 0.12136022068713206 0.10982043621222479 0.09828065173731751 0.08674086726241025 0.07520108278750297 0.0636612983125957 0.05212151383768843 0.04058172936278115 0.029041944887873886 0.017502160412966608 0.005962375938059344 0.0 0.0 0.0 0.0 0.0 0.0 0.0 0.0 0.0 0.0 0.0 0.0 0.05190351426801233 0.1592930599288495 0.26668260558986984 0.37407215125070703 0.4814616969115442 0.5888512425723814 0.6962407882332187 0.8036303338940558 0.911019879554893 1.0184094252157303 1.1257989708765674 1.2331885165374046 1.2920123148244496
0.5847981964863038 0.5824749654389472 0.5801517343915904 0.5778285033442337 0.5755052722968771 0.5731820412495203 0.5708588102021637 0.568535579154807 0.5662123481074464 0.5469767215468374 0.5096613615385917 0.4723460015303459 0.43503064152210014 0.3977152815138544 0.3603999215056086 0.32308456149736287 0.28576920148911705 0.2484538414808713 0.21113848147262554 0.17382312146437978 0.13650776145613402 0.11250612160789139 0.10273714986195491 0.09296817811601843 0.08319920637008195 0.07343023462414547 0.06366126287820899 0.05389229113227251 0.04412331938633603 0.034354347640399546 0.024585375894463066 0.014816404148526585 0.005047432402590105 0.0 0.0 0.0 0.0 0.0 0.0 0.0 0.0 0.0 0.0 0.0 0.0 0.061369189248027624 0.188343430662375 0.3153176720769389 0.44229191349128627 0.5692661549056337 0.696240396319981 0.8232146377343285 0.9501888791486758 1.0771631205630232 1.2041373619773705 1.3311116033917179 1.4580858448060654 1.5276373744139604
0.6503683601545951 0.6470394573153198 0.6437105544760444 0.6403816516367691 0.6370527487974937 0.6337238459582184 0.6303949431189431 0.6270660402796677 0.6237371374403867 0.6008300526248532 0.5569934483191497 0.5131568440134461 0.4693202397077425 0.4254836354020389 0.3816470310963353 0.33781042679063167 0.2939738224849281 0.2501372181792245 0.20630061387352094 0.1624640095678173 0.11862740526211368 0.09211223805373477 0.08411407903676983 0.0761159200198049 0.06811776100283996 0.06011960198587502 0.05212144296891009 0.044123283951945154 0.03612512493498022 0.02812696591801528 0.020128806901050345 0.01213064788408541 0.004132488867120476 0.0 0.0 0.0 0.0 0.0 0.0 0.0 0.0 0.0 0.0 0.0 0.0 0.07083486422804695 0.21739380139591286 0.3639527385640287 0.5105116757318946 0.6570706128997605 0.8036295500676265 0.9501884872354923 1.0967474244033584 1.243306361571224 1.38986529873909 1.536424235906956 1.682983173074822 1.7632624340035714
0.7159385238228584 0.7116039491916649 0.7072693745604713 0.7029347999292779 0.6986002252980843 0.6942656506668907 0.6899310760356973 0.6855965014045037 0.6812619267733028 0.6546833837028462 0.6043255350996876 0.5539676864965289 0.5036098378933703 0.45325198929021165 0.40289414068705304 0.35253629208389436 0.30217844348073575 0.25182059487757713 0.20146274627441846 0.15110489767125979 0.10074704906810117 0.07171835449958681 0.06549100821159268 0.05926366192359853 0.05303631563560439 0.046808969347610245 0.0405816230596161 0.03435427677162196 0.028126930483627813 0.021899584195633676 0.01567223790763953 0.009444891619645387 0.0032175453316512365 0.0 0.0 0.0 0.0 0.0 0.0 0.0 0.0 0.0 0.0 0.0 0.0 0.08030053920806224 0.2464441721294383 0.4125878050510977 0.5787314379724737 0.7448750708938499 0.9110187038152259 1.0771623367366019 1.243305969657978 1.4094496025793541 1.5755932355007303 1.7417368684221062 1.9078805013434823 1.998887493593082
0.7815086874911217 0.77616844106801 0.7708281946448983 0.7654879482217866 0.7601477017986747 0.754807455375563 0.7494672089524513 0.7441269625293395 0.7387867161062187 0.708536714780839 0.6516576218802254 0.5947785289796117 0.537899436078998 0.4810203431783843 0.42414125027777067 0.36726215737715695 0.3103830644765433 0.25350397157592963 0.19662487867531597 0.1397457857747022 0.08286669287408854 0.05132447094543889 0.04686793738641554 0.04241140382739218 0.03795487026836883 0.033498336709345475 0.029041803150322124 0.02458526959129877 0.02012873603227542 0.015672202473252066 0.011215668914228712 0.006759135355205358 0.0023026017961820106 0.0 0.0 0.0 0.0 0.0 0.0 0.0 0.0 0.0 0.0 0.0 0.0 0.08976621418807752 0.27549454286296376 0.46122287153816677 0.646951200213053 0.8326795288879393 1.0184078575628255 1.2041361862377118 1.389864514912598 1.5755928435874842 1.7613211722623705 1.9470495009372568 2.132777829612143 2.234512553182593
0.8470788511593852 0.8407329329443552 0.8343870147293253 0.8280410965142952 0.8216951782992653 0.8153492600842354 0.8090033418692054 0.8026574236541755 0.7963115054391348 0.762390045858832 0.6989897086607633 0.6355893714626946 0.5721890342646259 0.5087886970665572 0.44538835986848835 0.3819880226704196 0.3185876854723509 0.25518734827428213 0.19178701107621343 0.12838667387814473 0.06498633668007592 0.03093058739129095 0.02824486656123839 0.025559145731185826 0.02287342490113327 0.020187704071080705 0.017501983241028144 0.014816262410975584 0.012130541580923023 0.00944482075087046 0.006759099920817899 0.004073379090765338 0.0013876582607127777 0.0 0.0 0.0 0.0 0.0 0.0 0.0 0.0 0.0 0.0 0.0 0.0 0.09923188916809282 0.3045449135964893 0.5098579380252358 0.7151709624536322 0.9204839868820287 1.1257970113104252 1.3311100357388215 1.536423060167218 1.7417360845956145 1.947049109024011 2.1523621334524075 2.357675157880804 2.4701376127721035
0.9126490148276764 0.9052974248207278 0.8979458348137792 0.8905942448068307 0.8832426547998821 0.8758910647929334 0.8685394747859849 0.8611878847790363 0.8538362947720752 0.8162433769368478 0.7463217954413213 0.6764002139457947 0.6064786324502681 0.5365570509547416 0.466635469459215 0.39671388796368845 0.32679230646816193 0.2568707249726353 0.18694914347710878 0.11702756198158226 0.04710598048605563 0.01053670383713432 0.009621795736053304 0.00870688763497229 0.007791979533891274 0.00687707143281026 0.005962163331729245 0.005047255230648229 0.004132347129567214 0.0032174390284861994 0.0023025309274051844 0.0013876228263241704 0.00047271472524315454 0.0 0.0 0.0 0.0 0.0 0.0 0.0 0.0 0.0 0.0 0.0 0.0 0.10869756414811213 0.33359528433002705 0.5584930045123255 0.7833907246942405 1.0082884448761553 1.2331861650580704 1.4580838852399853 1.6829816054219002 1.9078793256038151 2.1327770457857302 2.357674765967645 2.58257248614956 2.7057626723617147
0.9527377474507279 0.9438411532358941 0.9349445590210604 0.9260479648062268 0.9171513705913931 0.9082547763765594 0.8993581821617256 0.8904615879468919 0.8815649937320431 0.8416469419529065 0.7685662501751785 0.6954855583974505 0.6224048666197226 0.5493241748419946 0.47624348306426667 0.40316279128653876 0.33008209950881073 0.2570014077310828 0.1839207159533549 0.11084002417562688 0.03775933239789897 0.0 0.0 0.0 0.0 0.0 0.0 0.0 0.0 0.0 0.0 0.0 0.0 0.0 0.0 0.0 0.0 0.0 0.0 0.0 0.0 0.0 0.0 0.0 0.0 0.11431346206794078 0.3508306021406533 0.5873477422137692 0.8238648822864818 1.0603820223591942 1.2968991624319068 1.5334163025046195 1.7699334425773319 2.0064505826500447 2.242967722722757 2.4794848627954695 2.716002002868182 0.17428756419378408
0.9655884363353315 0.9545703255530986 0.9435522147708658 0.9325341039886329 0.9215159932064 0.9104978824241672 0.8994797716419343 0.8884616608597014 0.8774435500774498 0.8366395001864718 0.7639936074795735 0.6913477147726752 0.6187018220657768 0.5460559293588785 0.4734100366519802 0.4007641439450819 0.3281182512381836 0.25547235853128525 0.182826465824387 0.11018057311748863 0.03753468041059038 0.0 0.0 0.0 0.0 0.0 0.0 0.0 0.0 0.0 0.0 0.0 0.0 0.0 0.0 0.0 0.0 0.0 0.0 0.0 0.0 0.0 0.0 0.0 0.0 0.11581419095497134 0.3554363730582893 0.5950585551620158 0.8346807372653338 1.0743029193686517 1.3139251014719697 1.5535472835752875 1.7931694656786055 2.0327916477819232 2.272413829885241 2.512036011988559 2.751658194091877 0.17428756419378408
0.9784391252199406 0.9652994978703077 0.9521598705206747 0.9390202431710418 0.9258806158214088 0.9127409884717759 0.899601361122143 0.88646173377251 0.8733221064228547 0.831632058420035 0.7594209647839665 0.687209871147898 0.6149987775118295 0.542787683875761 0.4705765902396926 0.39836549660362414 0.3261544029675557 0.25394330933148723 0.18173221569541875 0.10952112205935027 0.037310028423281794 0.0 0.0 0.0 0.0 0.0 0.0 0.0 0.0 0.0 0.0 0.0 0.0 0.0 0.0 0.0 0.0 0.0 0.0 0.0 0.0 0.0 0.0 0.0 0.0 0.11731491984200253 0.36004214397592715 0.6027693681102657 0.8454965922441904 1.088223816378115 1.3309510405120397 1.5736782646459644 1.816405488779889 2.0591327129138137 2.3018599370477384 2.544587161181663 2.7873143853155877 0.17428756419378408
