Figures/CREST_Example_wjb_NSE/Rolling_result/20100722/BJP_forecast/ens_40/wjb.rain.20100722.asc
ncols            288
nrows            254
xllcorner        113.274861
yllcorner        31.4918055
cellsize         0.008333333333
NODATA_value     -9999
[rows 220 to 239 of 254, columns 180 to 224 of 288]
0.2791355742222573 0.2664904325461266 0.25384529086997437 0.5065245349067665 1.04284155025093 1.5791585655950935 2.115475580939257 2.651792596283421 3.1881096116275844 3.7244266269717476 4.260743642315911 4.797060657660075 5.333377673004239 5.869694688348402 6.406011703692565 6.509467362699911 6.150184437375857 5.7909015120518035 5.43161858672775 5.072335661403697 4.713052736079644 4.35376981075559 3.9944868854315367 3.635203960107483 3.2759210347834298 2.9166381094593765 2.5573551841353233 2.3536359417701402 2.3162177967661526 2.2787996517622284 2.2413815067583043 2.20396336175438 2.166545216750456 2.129127071746532 2.0917089267426077 2.0542907817386835 2.0168726367347594 1.9794544917308352 1.942036346726911 1.880972319164965 1.7946303080131096 1.7082882968611068 1.6219462857092513 1.5356042745573957 1.44926226340554
0.27351603215163617 0.2596148111664186 0.24571359018117736 0.48803542457925875 1.004265502244195 1.520495579909131 2.0367256575740673 2.5529557352390038 3.0691858129039398 3.585415890568876 4.101645968233813 4.617876045898749 5.134106123563685 5.650336201228621 6.166566278893558 6.258489241749888 5.896818298026393 5.535147354302897 5.173476410579401 4.811805466855906 4.45013452313241 4.088463579408915 3.7267926356854186 3.365121691961923 3.003450748238427 2.6417798045149317 2.2801088607914366 2.0772792547536385 2.044254633150652 2.0112300115477217 1.9782053899447916 1.9451807683418614 1.9121561467389312 1.879131525136001 1.8461069035330708 1.8130822819301406 1.7800576603272105 1.7470330387242803 1.71400841712135 1.6745586504084513 1.628240258164066 1.5819218659196017 1.5356034736752162 1.489285081430831 1.4429666891864454
0.267896490081015 0.2527391897867106 0.23758188949238032 0.469546314251751 0.96568945423746 1.461832594223169 1.957975734208878 2.454118874194587 2.9502620141802964 3.446405154166005 3.942548294151714 4.438691434137423 4.934834574123132 5.430977714108841 5.92712085409455 6.007511120799866 5.6434521586769275 5.27939319655399 4.915334234431052 4.551275272308114 4.1872163101851765 3.8231573480622387 3.459098385939301 3.095039423816363 2.730980461693425 2.3669214995704873 2.00286253744755 1.800922567737136 1.772291469535151 1.7436603713332148 1.7150292731312786 1.6863981749293424 1.6577670767274062 1.62913597852547 1.6005048803235336 1.5718737821215973 1.5432426839196611 1.514611585717725 1.4859804875157887 1.4681449816519376 1.4618502083150224 1.4555554349780964 1.4492606616411812 1.442965888304266 1.4366711149673508
0.2622769480103915 0.24586356840699966 0.22945018880357987 0.4510572039242353 0.9271134062307085 1.4031696085371816 1.8792258108436548 2.355282013150128 2.831338215456601 3.3073944177630743 3.7834506200695475 4.259506822376021 4.735563024682493 5.211619226988967 5.68767542929544 5.756532999849737 5.390086019327356 5.0236390388049745 4.657192058282593 4.290745077760213 3.9242980972378314 3.55785111671545 3.191404136193069 2.824957155670688 2.458510175148307 2.092063194625926 1.7256162141035452 1.524565880720516 1.5003283059195345 1.476090731118594 1.4518531563176535 1.4276155815167133 1.4033780067157728 1.3791404319148324 1.3549028571138921 1.3306652823129517 1.3064277075120112 1.282190132711071 1.2579525579101305 1.261731312895336 1.295460158465908 1.3291890040365375 1.3629178496071093 1.3966466951776813 1.4303755407482532
0.25665740593977027 0.23898794702729162 0.22131848811478283 0.4325680935967276 0.8885373582239734 1.3445066228512192 1.8004758874784652 2.256445152105711 2.712414416732957 3.168383681360203 3.6243529459874484 4.080322210614694 4.53629147524194 4.992260739869186 5.448230004496432 5.505554878899715 5.136719879977892 4.767884881056068 4.3990498821342445 4.030214883212421 3.6613798842905974 3.292544885368774 2.9237098864469506 2.554874887525127 2.186039888603304 1.8172048896814803 1.4483698907596567 1.2482091937040138 1.2283651423040336 1.208521090904087 1.1886770395041408 1.1688329881041943 1.1489889367042478 1.1291448853043013 1.1093008339043549 1.0894567825044086 1.069612731104462 1.0497686797045156 1.029924628304569 1.0553176441388221 1.1290701086168642 1.2028225730950322 1.2765750375730742 1.3503275020511163 1.4240799665291584
0.25103786386914917 0.23211232564758363 0.21318678742598585 0.4140789832692199 0.8499613102172385 1.285843637165257 1.7217259641132758 2.1576082910612944 2.5934906180093127 3.0293729449573314 3.46525527190535 3.9011375988533685 4.337019925801388 4.7729022527494065 5.208784579697425 5.2545767579496925 4.8833537406284275 4.512130723307162 4.140907705985896 3.76968468866463 3.398461671343364 3.027238654022099 2.656015636700833 2.284792619379567 1.9135696020583017 1.542346584737036 1.17112356741577 0.9718525066875118 0.9564019786885329 0.9409514506895805 0.925500922690628 0.9100503946916755 0.8945998666927231 0.8791493386937705 0.863698810694818 0.8482482826958655 0.832797754696913 0.8173472266979606 0.801896698699008 0.8489039753823084 0.9626800587678207 1.076456142153527 1.1902322255390392 1.3040083089245513 1.4177843923100637
0.2454183217985256 0.22523670426787268 0.20505508673718534 0.39558987294170417 0.811385262210487 1.2271806514792698 1.6429760407480525 2.058771430016835 2.474566819285618 2.8903622085544005 3.306157597823183 3.7219529870919663 4.137748376360749 4.553543765629532 4.969339154898315 5.0035986369995635 4.629987601278855 4.256376565558146 3.882765529837437 3.509154494116728 3.135543458396019 2.76193242267531 2.388321386954601 2.014710351233892 1.6410993155131832 1.2674882797924742 0.8938772440717653 0.6954958196708918 0.6844388150729163 0.6733818104749596 0.6623248058770029 0.6512678012790463 0.6402107966810896 0.6291537920831329 0.6180967874851763 0.6070397828872196 0.5959827782892629 0.5849257736913063 0.5738687690933496 0.6424903066257067 0.7962900089187062 0.950089711211968 1.1038894135049673 1.2576891157979668 1.4114888180909664
0.23979877972790442 0.21836108288816466 0.19692338604838833 0.37710076261419645 0.7728092142037519 1.1685176657933076 1.564226117382863 1.9599345689724186 2.355643020561974 2.7513514721515295 3.1470599237410855 3.542768375330641 3.9384768269201964 4.334185278509752 4.729893730099308 4.752620516049542 4.376621461929391 4.00062240780924 3.6246233536890884 3.248624299568937 2.872625245448786 2.4966261913286347 2.1206271372084835 1.7446280830883323 1.368629028968181 0.9926299748480298 0.6166309207278786 0.4191391326543896 0.41247565145741555 0.40581217026045285 0.39914868906349016 0.3924852078665274 0.3858217266695647 0.379158245472602 0.3724947642756393 0.36583128307867663 0.3591678018817139 0.3525043206847512 0.3458408394877885 0.43607663786919304 0.6298999590696627 0.8237232802704628 1.0175466014709325 1.211369922671402 1.4051932438718717
0.23417923765728327 0.21148546150845665 0.18879168535959134 0.3586116522866887 0.734233166197017 1.1098546801073454 1.4854761940176737 1.861097707928002 2.2367192218383303 2.6123407357486585 2.987962249658987 3.363583763569315 3.7392052774796434 4.114826791389972 4.4904483053003 4.50164239509952 4.123255322579927 3.744868250060333 3.3664811775407397 2.9880941050211463 2.609707032501553 2.2313199599819593 1.8529328874623658 1.4745458149427724 1.096158742423179 0.7177716699035854 0.33938459738399196 0.14278244563788745 0.14051248784191483 0.13824253004594608 0.13597257224997733 0.13370261445400858 0.13143265665803983 0.12916269886207105 0.1268927410661023 0.12462278327013354 0.12235282547416479 0.12008286767819604 0.11781290988222728 0.22966296911267928 0.4635099092206191 0.6973568493289577 0.9312037894368975 1.1650507295448371 1.398897669652777
10.080083187950015 10.080083187950015 10.080083187950015 10.080083187950015 10.080083187950015 10.080083187950015 10.080083187950015 10.080083187950015 10.080083187950015 10.080083187950015 10.080083187950015 10.080083187950015 10.080083187950015 10.080083187950015 10.080083187950015 4.3377892744822955 3.961136517666692 3.5844837608510884 3.2078310040354845 2.831178247219881 2.454525490404277 2.0778727335886735 1.70121997677307 1.3245672199574665 0.9479144631418626 0.5712617063262591 0.19460894951065555 0.0 0.0 0.0 0.0 0.0 0.0 0.0 0.0 0.0 0.0 0.0 0.0 10.080083187950015 10.080083187950015 10.080083187950015 10.080083187950015 10.080083187950015 10.080083187950015
10.080083187950015 10.080083187950015 10.080083187950015 10.080083187950015 10.080083187950015 10.080083187950015 10.080083187950015 10.080083187950015 10.080083187950015 10.080083187950015 10.080083187950015 10.080083187950015 10.080083187950015 10.080083187950015 10.080083187950015 4.267067288246392 3.8965553624849676 3.5260434367235436 3.1555315109621196 2.7850195852006956 2.4145076594392716 2.0439957336778476 1.6734838079164236 1.3029718821549996 0.9324599563935756 0.5619480306321516 0.1914361048707276 0.0 0.0 0.0 0.0 0.0 0.0 0.0 0.0 0.0 0.0 0.0 0.0 10.080083187950015 10.080083187950015 10.080083187950015 10.080083187950015 10.080083187950015 10.080083187950015
10.080083187950015 10.080083187950015 10.080083187950015 10.080083187950015 10.080083187950015 10.080083187950015 10.080083187950015 10.080083187950015 10.080083187950015 10.080083187950015 10.080083187950015 10.080083187950015 10.080083187950015 10.080083187950015 10.080083187950015 4.196345302010518 3.8319742073032708 3.4676031125960236 3.103232017888777 2.73886092318153 2.374489828474283 2.010118733767036 1.6457476390597892 1.281376544352542 0.9170054496452953 0.5526343549380481 0.18826326023080142 0.0 0.0 0.0 0.0 0.0 0.0 0.0 0.0 0.0 0.0 0.0 0.0 10.080083187950015 10.080083187950015 10.080083187950015 10.080083187950015 10.080083187950015 10.080083187950015
10.080083187950015 10.080083187950015 10.080083187950015 10.080083187950015 10.080083187950015 10.080083187950015 10.080083187950015 10.080083187950015 10.080083187950015 10.080083187950015 10.080083187950015 10.080083187950015 10.080083187950015 10.080083187950015 10.080083187950015 4.125623315774643 3.767393052121573 3.409162788468503 3.0509325248154333 2.6927022611623634 2.3344719975092936 1.9762417338562241 1.6180114702031543 1.2597812065500844 0.9015509428970145 0.5433206792439447 0.18509041559087525 0.0 0.0 0.0 0.0 0.0 0.0 0.0 0.0 0.0 0.0 0.0 0.0 10.080083187950015 10.080083187950015 10.080083187950015 10.080083187950015 10.080083187950015 10.080083187950015
10.080083187950015 10.080083187950015 10.080083187950015 10.080083187950015 10.080083187950015 10.080083187950015 10.080083187950015 10.080083187950015 10.080083187950015 10.080083187950015 10.080083187950015 10.080083187950015 10.080083187950015 10.080083187950015 10.080083187950015 4.054901329538739 3.702811896939849 3.3507224643409588 2.9986330317420684 2.6465435991431785 2.2944541665442886 1.9423647339453982 1.5902753013465083 1.238185868747618 0.886096436148728 0.5340070035498377 0.1819175709509473 0.0 0.0 0.0 0.0 0.0 0.0 0.0 0.0 0.0 0.0 0.0 0.0 10.080083187950015 10.080083187950015 10.080083187950015 10.080083187950015 10.080083187950015 10.080083187950015
10.080083187950015 10.080083187950015 10.080083187950015 10.080083187950015 10.080083187950015 10.080083187950015 10.080083187950015 10.080083187950015 10.080083187950015 10.080083187950015 10.080083187950015 10.080083187950015 10.080083187950015 10.080083187950015 10.080083187950015 3.984179343302864 3.638230741758151 3.2922821402134383 2.9463335386687253 2.600384937124012 2.2544363355792996 1.9084877340345865 1.5625391324898734 1.2165905309451603 0.8706419294004473 0.5246933278557342 0.17874472631102156 0.0 0.0 0.0 0.0 0.0 0.0 0.0 0.0 0.0 0.0 0.0 0.0 10.080083187950015 10.080083187950015 10.080083187950015 10.080083187950015 10.080083187950015 10.080083187950015
10.080083187950015 10.080083187950015 10.080083187950015 10.080083187950015 10.080083187950015 10.080083187950015 10.080083187950015 10.080083187950015 10.080083187950015 10.080083187950015 10.080083187950015 10.080083187950015 10.080083187950015 10.080083187950015 10.080083187950015 3.9134573570669904 3.573649586576454 3.2338418160859184 2.894034045595382 2.5542262751048463 2.2144185046143106 1.8746107341237748 1.534802963633239 1.1949951931427027 0.855187422652167 0.5153796521616312 0.1755718816710954 0.0 0.0 0.0 0.0 0.0 0.0 0.0 0.0 0.0 0.0 0.0 0.0 10.080083187950015 10.080083187950015 10.080083187950015 10.080083187950015 10.080083187950015 10.080083187950015
10.080083187950015 10.080083187950015 10.080083187950015 10.080083187950015 10.080083187950015 10.080083187950015 10.080083187950015 10.080083187950015 10.080083187950015 10.080083187950015 10.080083187950015 10.080083187950015 10.080083187950015 10.080083187950015 10.080083187950015 3.8427353708310865 3.5090684313947302 3.175401491958374 2.8417345525220177 2.5080676130856614 2.1744006736493056 1.8407337342129488 1.507066794776593 1.1733998553402367 0.8397329159038804 0.5060659764675242 0.17239903703116788 0.0 0.0 0.0 0.0 0.0 0.0 0.0 0.0 0.0 0.0 0.0 0.0 10.080083187950015 10.080083187950015 10.080083187950015 10.080083187950015 10.080083187950015 10.080083187950015
10.080083187950015 10.080083187950015 10.080083187950015 10.080083187950015 10.080083187950015 10.080083187950015 10.080083187950015 10.080083187950015 10.080083187950015 10.080083187950015 10.080083187950015 10.080083187950015 10.080083187950015 10.080083187950015 10.080083187950015 3.772013384595212 3.444487276213033 3.1169611678308535 2.7894350594486745 2.461908951066495 2.1343828426843166 1.8068567343021371 1.4793306259199581 1.1518045175377787 0.8242784091555997 0.4967523007734207 0.16922619239124126 0.0 0.0 0.0 0.0 0.0 0.0 0.0 0.0 0.0 0.0 0.0 0.0 10.080083187950015 10.080083187950015 10.080083187950015 10.080083187950015 10.080083187950015 10.080083187950015
10.080083187950015 10.080083187950015 10.080083187950015 10.080083187950015 10.080083187950015 10.080083187950015 10.080083187950015 10.080083187950015 10.080083187950015 10.080083187950015 10.080083187950015 10.080083187950015 10.080083187950015 10.080083187950015 10.080083187950015 3.7012913983593374 3.3799061210313357 3.0585208437033335 2.737135566375332 2.4157502890473292 2.0943650117193275 1.7729797343913254 1.4515944570633237 1.1302091797353215 0.8088239024073194 0.4874386250793177 0.16605334775131553 0.0 0.0 0.0 0.0 0.0 0.0 0.0 0.0 0.0 0.0 0.0 0.0 10.080083187950015 10.080083187950015 10.080083187950015 10.080083187950015 10.080083187950015 10.080083187950015
-9999.0 -9999.0 -9999.0 10.080083187950015 10.080083187950015 10.080083187950015 10.080083187950015 10.080083187950015 10.080083187950015 10.080083187950015 10.080083187950015 10.080083187950015 10.080083187950015 10.080083187950015 10.080083187950015 3.630569412123433 3.315324965849611 3.0000805195757887 2.684836073301966 2.369591627028144 2.0543471807543217 1.7391027344804995 1.4238582882066773 1.1086138419328546 0.7933693956590324 0.4781249493852102 0.16288050311138802 0.0 0.0 0.0 0.0 0.0 0.0 0.0 0.0 0.0 0.0 0.0 0.0 10.080083187950015 10.080083187950015 10.080083187950015 10.080083187950015 10.080083187950015 10.080083187950015
