Figures/CREST_Example_wjb_NSE/Rolling_result/20100722/BJP_forecast/ens_40/wjb.rain.20090818.asc
ncols            288
nrows            254
xllcorner        113.274861
yllcorner        31.4918055
cellsize         0.008333333333
NODATA_value     -9999
[rows 180 to 199 of 254, columns 225 to 269 of 288]
2.214790465682807 2.065556810315261 1.9163231549477158 1.7670894995801703 1.6178558442126247 1.4686221888450792 1.3915161424106521 1.3915161424106521 1.3915161424106521 1.3915161424106521 1.3915161424106521 1.3915161424106521 1.3915161424106521 1.3915161424106521 1.3915161424106521 1.3915161424106521 1.3915161424106521 1.3915161424106521 1.34836532830145 1.259085317176204 1.169805306050958 1.080525294925712 0.9912452838003136 0.9019652726750675 0.8126852615498216 0.7234052504245756 0.6341252392993295 0.5448452281740835 0.45556521704883746 0.3662852059235915 -9999.0 -9999.0 -9999.0 -9999.0 -9999.0 -9999.0 -9999.0 -9999.0 -9999.0 -9999.0 -9999.0 -9999.0 -9999.0 -9999.0 -9999.0
2.19353602127942 2.050960456346759 1.9083848914140982 1.7658093264814374 1.6232337615487766 1.4806581966161159 1.4069922524091152 1.4069922524091152 1.4069922524091152 1.4069922524091152 1.4069922524091152 1.4069922524091152 1.4069922524091152 1.4069922524091152 1.4069922524091152 1.4069922524091152 1.4069922524091152 1.4069922524091152 1.3608673234888011 1.2654338014992672 1.1700002795097335 1.0745667575201996 0.979133235530503 0.8836997135409692 0.7882661915514353 0.6928326695619015 0.5973991475723677 0.5019656255828339 0.40653210359330005 -9999.0 -9999.0 -9999.0 -9999.0 -9999.0 -9999.0 -9999.0 -9999.0 -9999.0 -9999.0 -9999.0 -9999.0 -9999.0 -9999.0 -9999.0 -9999.0
2.178656289228817 2.0540978386935027 1.929539388158188 1.8049809376228734 1.6804224870875588 1.5558640365522443 1.4915071751785671 1.4915071751785671 1.4915071751785671 1.4915071751785671 1.4915071751785671 1.4915071751785671 1.4915071751785671 1.4915071751785671 1.4915071751785671 1.4915071751785671 1.4915071751785671 1.4915071751785671 1.4410627213104241 1.3366920044299206 1.232321287549417 1.1279505706689135 1.023579853788232 0.9192091369077285 0.814838420027225 0.7104677031467215 0.6060969862662179 0.5017262693857144 -9999.0 -9999.0 -9999.0 -9999.0 -9999.0 -9999.0 -9999.0 -9999.0 -9999.0 -9999.0 -9999.0 -9999.0 -9999.0 -9999.0 -9999.0 -9999.0 -9999.0
2.1637765571782017 2.0572352210402487 1.9506938849022957 1.8441525487643426 1.7376112126263896 1.6310698764884366 1.576022097948091 1.576022097948091 1.576022097948091 1.576022097948091 1.576022097948091 1.576022097948091 1.576022097948091 1.576022097948091 1.576022097948091 1.576022097948091 1.576022097948091 1.576022097948091 1.5212581191321153 1.4079502073606345 1.2946422955891537 1.1813343838176729 1.0680264720459989 0.954718560274518 0.8414106485030372 0.7281027367315563 0.6147948249600754 0.5014869131885946 0.3881790014171138 -9999.0 -9999.0 -9999.0 -9999.0 -9999.0 -9999.0 -9999.0 -9999.0 -9999.0 -9999.0 -9999.0 -9999.0 -9999.0 -9999.0 -9999.0 -9999.0
2.1488968251275993 2.060372603386992 1.9718483816463852 1.8833241599057784 1.7947999381651714 1.7062757164245643 1.6605370207175425 1.6605370207175425 1.6605370207175425 1.6605370207175425 1.6605370207175425 1.6605370207175425 1.6605370207175425 1.6605370207175425 1.6605370207175425 1.6605370207175425 1.6605370207175425 1.6605370207175425 1.6014535169537378 1.4792084102912875 1.3569633036288369 1.2347181969663865 1.1124730903037277 0.9902279836412771 0.8679828769788265 0.745737770316376 0.6234926636539255 0.5012475569914749 0.3790024503290246 -9999.0 -9999.0 -9999.0 -9999.0 -9999.0 -9999.0 -9999.0 -9999.0 -9999.0 -9999.0 -9999.0 -9999.0 -9999.0 -9999.0 -9999.0 -9999.0
2.1340170930769964 2.063509985733736 1.9930028783904752 1.9224957710472141 1.8519886637039535 1.7814815563606927 1.7450519434869944 1.7450519434869944 1.7450519434869944 1.7450519434869944 1.7450519434869944 1.7450519434869944 1.7450519434869944 1.7450519434869944 1.7450519434869944 1.7450519434869944 1.7450519434869944 1.7450519434869944 1.681648914775361 1.5504666132219407 1.4192843116685205 1.2881020101151004 1.1569197085614564 1.0257374070080365 0.8945551054546161 0.763372803901196 0.6321905023477759 0.5010082007943557 0.36982589924093534 -9999.0 -9999.0 -9999.0 -9999.0 -9999.0 -9999.0 -9999.0 -9999.0 -9999.0 -9999.0 -9999.0 -9999.0 -9999.0 -9999.0 -9999.0 -9999.0
2.119137361026394 2.066647368080479 2.0141573751345647 1.9616673821886499 1.9091773892427353 1.8566873962968207 1.829566866256446 1.829566866256446 1.829566866256446 1.829566866256446 1.829566866256446 1.829566866256446 1.829566866256446 1.829566866256446 1.829566866256446 1.829566866256446 1.829566866256446 1.829566866256446 1.7618443125969836 1.6217248161525937 1.4816053197082037 1.341485823263814 1.2013663268191852 1.0612468303747953 0.9211273339304054 0.7810078374860154 0.6408883410416255 -9999.0 -9999.0 -9999.0 -9999.0 -9999.0 -9999.0 -9999.0 -9999.0 -9999.0 -9999.0 -9999.0 -9999.0 -9999.0 -9999.0 -9999.0 -9999.0 -9999.0 -9999.0
2.1042576289757915 2.069784750427223 2.0353118718786543 2.0008389933300856 1.9663661147815175 1.9318932362329488 1.9140817890258979 1.9140817890258979 1.9140817890258979 1.9140817890258979 1.9140817890258979 1.9140817890258979 1.9140817890258979 1.9140817890258979 1.9140817890258979 1.9140817890258979 1.9140817890258979 1.9140817890258979 1.8420397104186066 1.6929830190832469 1.5439263277478874 1.394869636412528 1.245812945076914 1.0967562537415545 0.947699562406195 0.7986428710708355 -9999.0 -9999.0 -9999.0 -9999.0 -9999.0 -9999.0 -9999.0 -9999.0 -9999.0 -9999.0 -9999.0 -9999.0 -9999.0 -9999.0 -9999.0 -9999.0 -9999.0 -9999.0 -9999.0
2.0893778969251886 2.072922132773966 2.056466368622744 2.0400106044715214 2.023554840320299 2.0070990761690766 1.9985967117953494 1.9985967117953494 1.9985967117953494 1.9985967117953494 1.9985967117953494 1.9985967117953494 1.9985967117953494 1.9985967117953494 1.9985967117953494 1.9985967117953494 1.9985967117953494 1.9985967117953494 1.9222351082402291 1.7642412220138999 1.6062473357875706 1.4482534495612414 1.2902595633346428 1.1322656771083137 0.9742717908819845 0.8162779046556552 -9999.0 -9999.0 -9999.0 -9999.0 -9999.0 -9999.0 -9999.0 -9999.0 -9999.0 -9999.0 -9999.0 -9999.0 -9999.0 -9999.0 -9999.0 -9999.0 -9999.0 -9999.0 -9999.0
2.0744981648745733 2.0760595151207126 2.0776208653668515 2.079182215612991 2.08074356585913 2.082304916105269 2.0831116345648732 2.0831116345648732 2.0831116345648732 2.0831116345648732 2.0831116345648732 2.0831116345648732 2.0831116345648732 2.0831116345648732 2.0831116345648732 2.0831116345648732 2.0831116345648732 2.0831116345648732 2.0024305060619203 1.835499424944614 1.6685683438273073 1.5016372627100008 1.3347061815924095 1.1677751004751031 1.0008440193577965 0.83391293824049 -9999.0 -9999.0 -9999.0 -9999.0 -9999.0 -9999.0 -9999.0 -9999.0 -9999.0 -9999.0 -9999.0 -9999.0 -9999.0 -9999.0 -9999.0 -9999.0 -9999.0 -9999.0 -9999.0
2.059618432823971 2.079196897467456 2.0987753621109415 2.1183538267544266 2.137932291397912 2.1575107560413973 2.167626557334325 2.167626557334325 2.167626557334325 2.167626557334325 2.167626557334325 2.167626557334325 2.167626557334325 2.167626557334325 2.167626557334325 2.167626557334325 2.167626557334325 2.167626557334325 2.0826259038835433 1.9067576278752671 1.730889351866991 1.5550210758587149 1.3791527998501385 1.2032845238418624 1.027416247833586 0.8515479718253098 0.6756796958170337 -9999.0 -9999.0 -9999.0 -9999.0 -9999.0 -9999.0 -9999.0 -9999.0 -9999.0 -9999.0 -9999.0 -9999.0 -9999.0 -9999.0 -9999.0 -9999.0 -9999.0 -9999.0
2.044738700773368 2.0823342798141993 2.119929858855031 2.1575254378958624 2.1951210169366937 2.232716595977525 2.2521414801037767 2.2521414801037767 2.2521414801037767 2.2521414801037767 2.2521414801037767 2.2521414801037767 2.2521414801037767 2.2521414801037767 2.2521414801037767 2.2521414801037767 2.2521414801037767 2.2521414801037767 2.162821301705166 1.9780158308059201 1.7932103599066742 1.6084048890074283 1.4235994181078673 1.2387939472086213 1.0539884763093754 0.8691830054101295 0.6843775345108836 -9999.0 -9999.0 -9999.0 -9999.0 -9999.0 -9999.0 -9999.0 -9999.0 -9999.0 -9999.0 -9999.0 -9999.0 -9999.0 -9999.0 -9999.0 -9999.0 -9999.0 -9999.0
2.0298589687227655 2.085471662160943 2.1410843555991206 2.196697049037298 2.252309742475476 2.307922435913653 2.3366564028732286 2.3366564028732286 2.3366564028732286 2.3366564028732286 2.3366564028732286 2.3366564028732286 2.3366564028732286 2.3366564028732286 2.3366564028732286 2.3366564028732286 2.3366564028732286 2.3366564028732286 2.243016699526789 2.0492740337365736 1.8555313679463579 1.6617887021561422 1.4680460363655963 1.2743033705753808 1.080560704785165 0.8868180389949496 0.6930753732047339 -9999.0 -9999.0 -9999.0 -9999.0 -9999.0 -9999.0 -9999.0 -9999.0 -9999.0 -9999.0 -9999.0 -9999.0 -9999.0 -9999.0 -9999.0 -9999.0 -9999.0 -9999.0
2.1159523229558905 2.1956445971054674 2.2753368712550444 2.3550291454046213 2.434721419554198 2.5144136937037747 2.555589098647844 2.555589098647844 2.555589098647844 2.555589098647844 2.555589098647844 2.555589098647844 2.555589098647844 2.555589098647844 2.555589098647844 2.555589098647844 2.555589098647844 2.555589098647844 2.4526584904589237 2.239692732246835 2.026726974034746 1.8137612158226573 1.600795457610205 1.3878296993981163 1.1748639411860273 0.9618981829739386 0.7489324247618496 0.5359666665497609 -9999.0 -9999.0 -9999.0 -9999.0 -9999.0 -9999.0 -9999.0 -9999.0 -9999.0 -9999.0 -9999.0 -9999.0 -9999.0 -9999.0 -9999.0 -9999.0 -9999.0
2.3099795420664453 2.4202317912983244 2.5304840405302036 2.6407362897620827 2.750988538993962 2.861240788225841 2.9182059213778504 2.9182059213778504 2.9182059213778504 2.9182059213778504 2.9182059213778504 2.9182059213778504 2.9182059213778504 2.9182059213778504 2.9182059213778504 2.9182059213778504 2.9182059213778504 2.9182059213778504 2.800670316586432 2.5574864898147247 2.314302663043017 2.0711188362713093 1.8279350094991873 1.5847511827274798 1.3415673559557724 1.098383529184065 0.8551997024123574 0.6120158756406502 -9999.0 -9999.0 -9999.0 -9999.0 -9999.0 -9999.0 -9999.0 -9999.0 -9999.0 -9999.0 -9999.0 -9999.0 -9999.0 -9999.0 -9999.0 -9999.0 -9999.0
2.504006761176917 2.6448189854910855 2.785631209805254 2.9264434341194225 3.067255658433591 3.2080678827477596 3.2808227441077022 3.2808227441077022 3.2808227441077022 3.2808227441077022 3.2808227441077022 3.2808227441077022 3.2808227441077022 3.2808227441077022 3.2808227441077022 3.2808227441077022 3.2808227441077022 3.2808227441077022 3.148682142713792 2.8752802473824786 2.6018783520511652 2.3284764567198524 2.0550745613880728 1.7816726660567597 1.5082707707254466 1.2348688753941333 0.9614669800628199 0.6880650847315071 -9999.0 -9999.0 -9999.0 -9999.0 -9999.0 -9999.0 -9999.0 -9999.0 -9999.0 -9999.0 -9999.0 -9999.0 -9999.0 -9999.0 -9999.0 -9999.0 -9999.0
2.6980339802873887 2.869406179683846 3.0407783790803045 3.2121505784767623 3.38352277787322 3.554894977269678 3.643439566837554 3.643439566837554 3.643439566837554 3.643439566837554 3.643439566837554 3.643439566837554 3.643439566837554 3.643439566837554 3.643439566837554 3.643439566837554 3.643439566837554 3.643439566837554 3.4966939688411514 3.193074004950233 2.889454041059314 2.585834077168395 2.2822141132769582 1.9785941493860393 1.6749741854951206 1.3713542216042014 1.067734257713283 0.764114293822364 -9999.0 -9999.0 -9999.0 -9999.0 -9999.0 -9999.0 -9999.0 -9999.0 -9999.0 -9999.0 -9999.0 -9999.0 -9999.0 -9999.0 -9999.0 -9999.0 -9999.0
2.892061199397943 3.093993373876703 3.2959255483554637 3.4978577228342242 3.6997898973129844 3.9017220717917445 4.0060563895675605 4.0060563895675605 4.0060563895675605 4.0060563895675605 4.0060563895675605 4.0060563895675605 4.0060563895675605 4.0060563895675605 4.0060563895675605 4.0060563895675605 4.0060563895675605 4.0060563895675605 3.8447057949686596 3.510867762518122 3.1770297300675847 2.843191697617047 2.50935366516594 2.1755156327154026 1.8416776002648652 1.5078395678143277 1.1740015353637903 0.8401635029132528 -9999.0 -9999.0 -9999.0 -9999.0 -9999.0 -9999.0 -9999.0 -9999.0 -9999.0 -9999.0 -9999.0 -9999.0 -9999.0 -9999.0 -9999.0 -9999.0 -9999.0
3.0860884185084148 3.318580568069464 3.5510727176305137 3.783564867191563 4.0160570167526135 4.248549166313662 4.368673212297412 4.368673212297412 4.368673212297412 4.368673212297412 4.368673212297412 4.368673212297412 4.368673212297412 4.368673212297412 4.368673212297412 4.368673212297412 4.368673212297412 4.368673212297412 4.192717621096019 3.828661520085876 3.4646054190757325 3.1005493180655894 2.736493217054825 2.372437116044682 2.008381015034539 1.6443249140243958 -9999.0 -9999.0 -9999.0 -9999.0 -9999.0 -9999.0 -9999.0 -9999.0 -9999.0 -9999.0 -9999.0 -9999.0 -9999.0 -9999.0 -9999.0 -9999.0 -9999.0 -9999.0 -9999.0
3.2801156376188865 3.5431677622622253 3.8062198869055646 4.069272011548904 4.332324136192243 4.5953762608355815 4.731290035027264 4.731290035027264 4.731290035027264 4.731290035027264 4.731290035027264 4.731290035027264 4.731290035027264 4.731290035027264 4.731290035027264 4.731290035027264 4.731290035027264 4.731290035027264 4.540729447223379 4.14645527765363 3.7521811080838816 3.3579069385141325 2.963632768943711 2.5693585993739623 2.1750844298042136 1.7808102602344644 -9999.0 -9999.0 -9999.0 -9999.0 -9999.0 -9999.0 -9999.0 -9999.0 -9999.0 -9999.0 -9999.0 -9999.0 -9999.0 -9999.0 -9999.0 -9999.0 -9999.0 -9999.0 -9999.0
