Figures/CREST_Example_wjb_NSE/Rolling_result/20100722/BJP_forecast/ens_40/wjb.rain.20100725.asc
ncols            288
nrows            254
xllcorner        113.274861
yllcorner        31.4918055
cellsize         0.008333333333
NODATA_value     -9999
[rows 60 to 79 of 254, columns 135 to 179 of 288]
1.982093713188796 1.8414225469237318 1.7007513806586676 1.5600802143936032 1.4194090481285393 1.278737881863475 1.1380667155984108 0.9973955493333466 0.8567243830680427 0.7160532168029785 0.5753820505379144 0.4347108842728502 0.3600103006199958 0.35583376196154465 0.35165722330309357 0.34748068464464243 0.34330414598619136 0.3391276073277403 0.33495106866928914 0.33077453001083806 0.326597991352387 0.32242145269392875 0.3182449140354776 0.31406837537702653 0.7638909327677175 0.7638909327677175 0.7638909327677175 0.7638909327677175 0.7638909327677175 0.7638909327677175 0.7638909327677175 0.7638909327677175 0.7638909327677175 0.7638909327677175 0.7638909327677175 0.7638909327677175 0.7638909327677175 0.7638909327677175 0.7638909327677175 0.7638909327677175 0.7638909327677175 0.7638909327677175 0.7638909327677175 0.7638909327677175 0.7638909327677175
1.8279764114989665 1.7137441698273297 1.5995119281556929 1.485279686484056 1.3710474448124192 1.2568152031407827 1.1425829614691458 1.028350719797509 0.9141184781256775 0.7998862364540407 0.6856539947824041 0.5714217531107673 0.5098976044850402 0.5047195995244285 0.4995415945638168 0.4943635896032051 0.4891855846425934 0.48400757968198166 0.47882957472137 0.4736515697607583 0.46847356480014657 0.463295559839526 0.4581175548789143 0.4529395499183026 0.4478301350224292 0.44279404445733356 0.43775795389223787 0.4327218633271422 0.42768577276204656 0.42264968219695087 0.41761359163185524 0.41257750106675956 0.40754141050166387 0.40250531993656824 0.39746922937146395 0.3924331388063683 0.3842333590854914 0.3726515240849158 0.36106968908434023 0.34948785408376465 0.33790601908318907 0.32632418408261354 0.31474234908203796 0.3031605140814624 0.2915786790808868
1.7172939919913728 1.6367599551376253 1.5562259182838778 1.4756918814301303 1.3951578445763828 1.3146238077226353 1.2340897708688878 1.1535557340151406 1.0730216971612556 0.9924876603075082 0.9119536234537607 0.8314195866000132 0.7864931054165545 0.7796319066483427 0.772770707880131 0.7659095091119192 0.7590483103437076 0.7521871115754959 0.7453259128072841 0.7384647140390724 0.7316035152708608 0.7247423165026373 0.7178811177344255 0.7110199189662139 0.6933179044375594 0.6640268126314357 0.634735720825312 0.6054446290191883 0.5761535372130646 0.5468624454069408 0.5175713536008172 0.4882802617946935 0.45898916998856976 0.4296980781824461 0.4004069863762724 0.3711158945701487 0.3508700958366877 0.3402939200296504 0.32971774422261313 0.3191415684155758 0.3085653926085385 0.29798921680150114 0.28741304099446385 0.27683686518742656 0.2662606893803892
1.606611572483779 1.5597757404479209 1.5129399084120627 1.4661040763762045 1.4192682443403464 1.3724324123044882 1.32559658026863 1.2787607482327719 1.2319249161968338 1.1850890841609756 1.1382532521251174 1.0914174200892592 1.0630886063480687 1.054544213772257 1.0459998211964454 1.0374554286206337 1.028911036044822 1.0203666434690102 1.0118222508931987 1.003277858317387 0.9947334657415752 0.986189073165749 0.9776446805899373 0.9691002880141256 0.93880567385269 0.8852595808055382 0.8317134877583865 0.7781673947112346 0.7246213016640829 0.6710752086169312 0.6175291155697793 0.5639830225226277 0.5104369294754758 0.45689083642832407 0.40334474338108095 0.3497986503339292 0.3175068325878841 0.30793631597438503 0.298365799360886 0.2887952827473869 0.27922476613388786 0.2696542495203888 0.26008373290688974 0.2505132162933907 0.24094269967989163
1.4959291529761853 1.4827915257582163 1.4696538985402474 1.4565162713222786 1.4433786441043095 1.4302410168863406 1.4171033896683718 1.403965762450403 1.3908281352324117 1.3776905080144426 1.3645528807964737 1.351415253578505 1.3396841072795824 1.3294565208961708 1.3192289345127592 1.3090013481293474 1.2987737617459358 1.2885461753625242 1.2783185889791127 1.2680910025957008 1.2578634162122893 1.2476358298288601 1.2374082434454485 1.227180657062037 1.1842934432678203 1.1064923489796405 1.0286912546914606 0.9508901604032809 0.873089066115101 0.7952879718269212 0.7174868775387414 0.6396857832505616 0.5618846889623818 0.4840835946742019 0.40628250038588953 0.3284814060977097 0.2841435693390804 0.27557871191911965 0.2670138544991588 0.25844899707919805 0.24988413965923723 0.24131928223927646 0.23275442481931563 0.22418956739935486 0.21562470997939404
1.3852467334685914 1.4058073110685116 1.4263678886684321 1.4469284662683526 1.4674890438682728 1.4880496214681933 1.5086101990681138 1.5291707766680342 1.5497313542679896 1.57029193186791 1.5908525094678305 1.611413087067751 1.6162796082110966 1.604368828020085 1.5924580478290735 1.5805472676380619 1.5686364874470502 1.5567257072560385 1.5448149270650269 1.5329041468740152 1.5209933666830036 1.5090825864919717 1.49717180630096 1.4852610261099484 1.4297812126829506 1.3277251171537428 1.225669021624535 1.1236129260953271 1.0215568305661193 0.9195007350369113 0.8174446395077035 0.7153885439784956 0.6133324484492878 0.5112763529200799 0.409220257390698 0.3071641618614902 0.2507803060902768 0.24322110786385426 0.2356619096374317 0.22810271141100916 0.22054351318458662 0.21298431495816408 0.20542511673174152 0.19786591850531898 0.19030672027889645
1.2745643139609033 1.3288230963787417 1.3830818787965802 1.4373406612144186 1.491599443632257 1.5458582260500955 1.600117008467934 1.6543757908857724 1.7086345733037032 1.7628933557215416 1.81715213813938 1.8714109205572185 1.8928751091428466 1.8792811351442338 1.8656871611456207 1.8520931871470077 1.8384992131483946 1.8249052391497815 1.8113112651511685 1.7977172911525554 1.7841233171539423 1.770529343155306 1.756935369156693 1.7433413951580798 1.6752689820982904 1.548957885328034 1.4226467885577772 1.2963356917875206 1.170024595017264 1.0437134982470073 0.9174024014767508 0.7910913047064941 0.6647802079362375 0.538469111165981 0.4121580143955088 0.2858469176252523 0.2174170428414447 0.21086350380856125 0.20430996477567784 0.1977564257427944 0.19120288670991098 0.18464934767702754 0.17809580864414412 0.17154226961126068 0.16498873057837726
1.1638818944533094 1.2518388816890371 1.3397958689247649 1.4277528561604926 1.5157098433962204 1.6036668306319481 1.691623817867676 1.7795808051034037 1.8675377923392813 1.9554947795750093 2.043451766810737 2.131408754046465 2.1694706100743613 2.154193442268148 2.138916274461935 2.123639106655722 2.1083619388495087 2.093084771043296 2.077807603237083 2.06253043543087 2.0472532676246566 2.0319760998184178 2.0166989320122046 2.0014217642059915 1.920756751513421 1.7701906535021363 1.6196245554908515 1.4690584574795669 1.3184923594682822 1.1679262614569976 1.017360163445713 0.8667940654344284 0.7162279674231435 0.5656618694118589 0.4150957714003176 0.264529673389033 0.18405377959264105 0.17850589975329587 0.17295801991395068 0.16741014007460553 0.16186226023526035 0.15631438039591516 0.15076650055657 0.14521862071722483 0.13967074087787967
1.0531994749457156 1.1748546669993327 1.2965098590529498 1.4181650511065667 1.5398202431601837 1.6614754352138008 1.783130627267418 1.9047858193210347 2.0264410113748594 2.148096203428476 2.269751395482093 2.3914065875357102 2.446066111005875 2.429105749392062 2.412145387778249 2.395185026164436 2.378224664550623 2.36126430293681 2.344303941322997 2.3273435797091837 2.310383218095371 2.293422856481529 2.2764624948677157 2.259502133253903 2.1662445209285512 1.9914234216762385 1.8166023224239258 1.6417812231716131 1.4669601239193004 1.2921390246669877 1.117317925414675 0.9424968261623623 0.7676757269100496 0.5928546276577369 0.418033528405126 0.24321242915281305 0.1506905163438374 0.14614829569803048 0.14160607505222356 0.13706385440641664 0.13252163376060971 0.12797941311480282 0.1234371924689959 0.11889497182318898 0.11435275117738207
0.942517055438122 1.0978704523096283 1.2532238491811347 1.4085772460526411 1.5639306429241473 1.7192840397956537 1.87463743666716 2.0299908335386663 2.1853442304104376 2.3406976272819437 2.4960510241534504 2.6514044210249565 2.722661611937389 2.7040180565159764 2.685374501094563 2.6667309456731503 2.6480873902517374 2.629443834830324 2.6108002794089114 2.5921567239874985 2.5735131685660853 2.5548696131446405 2.5362260577232276 2.517582502301815 2.4117322903436818 2.212656189850341 2.013580089357 1.8145039888636596 1.6154278883703188 1.416351787876978 1.2172756873836372 1.0181995868902964 0.8191234863969556 0.6200473859036149 0.42097128540993456 0.221895184916594 0.11732725309503374 0.11379069164276508 0.11025413019049643 0.10671756873822777 0.10318100728595911 0.09964444583369045 0.09610788438142179 0.09257132292915313 0.08903476147688448
0.8318346359305282 1.0208862376199237 1.2099378393093192 1.3989894409987147 1.5880410426881104 1.777092644377506 1.9661442460669016 2.155195847756297 2.344247449446015 2.5332990511354105 2.7223506528248063 2.9114022545142015 2.999257112868903 2.9789303636398903 2.958603614410877 2.938276865181864 2.917950115952851 2.8976233667238382 2.8772966174948253 2.8569698682658125 2.8366431190367996 2.8163163698077516 2.7959896205787387 2.775662871349726 2.6572200597588123 2.4338889580244434 2.2105578562900745 1.9872267545557056 1.7638956528213368 1.540564551086968 1.3172334493525992 1.0939023476182304 0.8705712458838615 0.6472401441494928 0.4239090424147429 0.20057794068037405 0.08396398984623009 0.08143308758749969 0.07890218532876929 0.07637128307003889 0.07384038081130849 0.07130947855257809 0.06877857629384768 0.06624767403511728 0.06371677177638688
0.7211522164229345 0.9439020229302193 1.1666518294375043 1.3894016359447892 1.612151442452074 1.8349012489593588 2.0576510554666436 2.280400861973929 2.5031506684815934 2.725900474988878 2.948650281496163 3.171400088003448 3.275852613800417 3.253842670763804 3.231832727727191 3.2098227846905782 3.1878128416539653 3.1658028986173523 3.1437929555807393 3.1217830125441264 3.0997730695075134 3.077763126470863 3.05575318343425 3.033743240397637 2.9027078291739423 2.6551217261985456 2.407535623223149 2.1599495202477517 1.912363417272355 1.664777314296958 1.4171912113215612 1.1696051083461643 0.9220190053707675 0.6744329023953708 0.4268467994195517 0.17926069644415454 0.05060072659742645 0.0490754835322343 0.047550240467042156 0.04602499740185002 0.04449975433665787 0.042974511271465725 0.04144926820627358 0.03992402514108144 0.038398782075889294
0.6104697969152464 0.8669178082404493 1.1233658195656522 1.3798138308908552 1.636261842216058 1.8927098535412608 2.149157864866464 2.4056058761916668 2.662053887517307 2.91850189884251 3.174949910167713 3.431397921492916 3.5524481147321674 3.528754977887953 3.5050618410437386 3.4813687041995243 3.45767556735531 3.4339824305110955 3.410289293666881 3.386596156822667 3.3629030199784524 3.3392098831341976 3.3155167462899833 3.291823609445769 3.1481955985892824 2.8763544943728365 2.604513390156391 2.332672285939945 2.0608311817234997 1.7889900775070542 1.5171489732906085 1.2453078690741628 0.9734667648577173 0.7016256606412714 0.4297845564243623 0.15794345220791683 0.01723746334859435 0.016717879476941318 0.01619829560528829 0.015678711733635258 0.015159127861982228 0.014639543990329199 0.014119960118676169 0.013600376247023139 0.013080792375370109
0.6530749667701566 0.9082172905937305 1.1633596144173044 1.4185019382408783 1.6736442620644523 1.928786585888026 2.1839289097116 2.4390712335351736 2.6942135573591828 2.9493558811827567 3.2044982050063306 3.4596405288299046 3.579541083545716 3.554865128065402 3.5301891725850876 3.505513217104773 3.4808372616244587 3.4561613061441445 3.4314853506638303 3.406809395183516 3.382133439703202 3.3574574842228455 3.3327815287425313 3.3081055732622167 3.1626300470022106 2.888017046977611 2.6134040469530113 2.338791046928412 2.0641780469038125 1.7895650468792126 1.514952046854613 1.2403390468300133 0.9657260468054139 0.691113046780814 0.41650004675574603 0.1418870467311466 0.0 0.0 0.0 0.0 0.0 0.0 0.0 0.0 0.0
0.8595349047470652 1.0759545872031737 1.2923742696592821 1.5087939521153908 1.7252136345714992 1.9416333170276079 2.1580529994837163 2.374472681939825 2.5908923643963027 2.807312046852411 3.0237317293085195 3.240151411764628 3.339931576861656 3.3150214596443544 3.2901113424270525 3.2652012252097506 3.240291107992449 3.215380990775147 3.190470873557845 3.1655607563405437 3.140650639123242 3.1157405219058973 3.0908304046885955 3.065920287471294 2.930083063362595 2.675662252710407 2.4212414420582182 2.16682063140603 1.9123998207538415 1.6579790101016532 1.4035581994494646 1.1491373887972762 0.8947165781450876 0.6402957674928995 0.38587495684027706 0.13145414618808893 0.0 0.0 0.0 0.0 0.0 0.0 0.0 0.0 0.0
1.0659948427239732 1.2436918838126165 1.4213889249012597 1.5990859659899028 1.7767830070785462 1.9544800481671891 2.1321770892558325 2.3098741303444754 2.487571171433422 2.665268212522065 2.842965253610708 3.0206622946993513 3.100322070177596 3.0751777912233065 3.0500335122690174 3.024889233314728 2.9997449543604384 2.9746006754061494 2.94945639645186 2.9243121174975704 2.899167838543281 2.8740235595889487 2.8488792806346592 2.82373500168037 2.697536079722979 2.4633074584432015 2.2290788371634243 1.9948502158836474 1.7606215946038701 1.5263929733240928 1.2921643520443158 1.0579357307645385 0.8237071094847614 0.5894784882049842 0.35524986692480764 0.12102124564503036 0.0 0.0 0.0 0.0 0.0 0.0 0.0 0.0 0.0
1.272454780700882 1.4114291804220596 1.5504035801432374 1.6893779798644153 1.8283523795855932 1.967326779306771 2.1063011790279487 2.2452755787491268 2.3842499784705415 2.5232243781917196 2.662198777912897 2.801173177634075 2.860712563493536 2.835334122802259 2.8099556821109823 2.784577241419705 2.7591988007284285 2.733820360037152 2.7084419193458746 2.683063478654598 2.657685037963321 2.6323065972720006 2.606928156580724 2.581549715889447 2.464989096083363 2.250952664175997 2.036916232268631 1.8228798003612652 1.6088433684538992 1.3948069365465334 1.1807705046391674 0.9667340727318012 0.7526976408244352 0.5386612089170693 0.32462477700933823 0.11058834510197224 0.0 0.0 0.0 0.0 0.0 0.0 0.0 0.0 0.0
1.4789147186777902 1.5791664770315026 1.6794182353852152 1.7796699937389278 1.8799217520926401 1.9801735104463525 2.0804252688000653 2.1806770271537776 2.280928785507661 2.3811805438613733 2.481432302215086 2.5816840605687985 2.621103056809476 2.5954904543812116 2.5698778519529473 2.544265249524683 2.5186526470964186 2.493040044668154 2.46742744223989 2.4418148398116255 2.4162022373833607 2.390589634955053 2.3649770325267885 2.339364430098524 2.232442112443748 2.038597869908793 1.844753627373838 1.6509093848388834 1.4570651423039287 1.2632208997689738 1.0693766572340189 0.8755324146990642 0.6816881721641093 0.48784392962915457 0.29399968709386926 0.10015544455891412 0.0 0.0 0.0 0.0 0.0 0.0 0.0 0.0 0.0
1.6853746566546985 1.7469037736409456 1.8084328906271927 1.86996200761344 1.931491124599687 1.9930202415859344 2.0545493585721815 2.1160784755584285 2.177607592544781 2.239136709531028 2.300665826517275 2.362194943503522 2.381493550125416 2.355646785960164 2.329800021794912 2.30395325762966 2.278106493464408 2.252259729299156 2.226412965133904 2.2005662009686526 2.1747194368034006 2.148872672638104 2.1230259084728527 2.0971791443076007 1.9998951288041318 1.8262430756415884 1.6525910224790445 1.4789389693165012 1.3052869161539573 1.131634862991414 0.9579828098288703 0.7843307566663267 0.6106787035037831 0.43702665034123944 0.2633745971783996 0.089722544015856 0.0 0.0 0.0 0.0 0.0 0.0 0.0 0.0 0.0
1.891834594631783 1.9146410702505317 1.9374475458692806 1.9602540214880293 1.983060497106778 2.005866972725527 2.028673448344276 2.0514799239630244 2.074286399581812 2.097092875200561 2.11989935081931 2.1427058264380587 2.1418840434411517 2.115803117538912 2.0897221916366724 2.0636412657344327 2.037560339832193 2.0114794139299534 1.9853984880277136 1.959317562125474 1.9332366362232343 1.90715571032095 1.8810747844187103 1.8549938585164707 1.7673481451643178 1.6138882813742026 1.4604284175840874 1.3069685537939721 1.1535086900038571 1.000048826213742 0.8465889624236266 0.6931290986335115 0.5396692348433962 0.386209371053281 0.232749507262904 0.079289643472789 0.0 0.0 0.0 0.0 0.0 0.0 0.0 0.0 0.0
