Figures/CREST_Example_wjb_NSE/Rolling_result/20100722/BJP_forecast/ens_40/wjb.rain.20100723.asc
ncols            288
nrows            254
xllcorner        113.274861
yllcorner        31.4918055
cellsize         0.008333333333
NODATA_value     -9999
[rows 120 to 139 of 254, columns 0 to 45 of 288]
-9999.0 -9999.0 -9999.0 -9999.0 -9999.0 -9999.0 -9999.0 -9999.0 -9999.0 -9999.0 -9999.0 -9999.0 -9999.0 1.852111653652961 1.852111653652961 1.852111653652961 1.852111653652961 1.852111653652961 -9999.0 -9999.0 -9999.0 -9999.0 -9999.0 -9999.0 -9999.0 -9999.0 -9999.0 -9999.0 -9999.0 1.852111653652961 1.852111653652961 1.852111653652961 1.852111653652961 1.852111653652961 1.852111653652961 1.852111653652961 1.852111653652961 1.852111653652961 1.852111653652961 1.9342207859090108 2.197263676786253 2.460306567663495 2.7233494585407367 2.986392349417979 3.249435240295221 3.512478131172463
-9999.0 -9999.0 -9999.0 -9999.0 -9999.0 -9999.0 -9999.0 -9999.0 -9999.0 -9999.0 -9999.0 -9999.0 1.852111653652961 1.852111653652961 1.852111653652961 1.852111653652961 1.852111653652961 1.852111653652961 1.852111653652961 -9999.0 -9999.0 -9999.0 -9999.0 -9999.0 -9999.0 -9999.0 -9999.0 -9999.0 -9999.0 -9999.0 1.852111653652961 1.852111653652961 1.852111653652961 1.852111653652961 1.852111653652961 1.852111653652961 1.852111653652961 1.852111653652961 1.852111653652961 1.9543656898772566 2.209773556237657 2.4651814225980573 2.720589288958458 2.9759971553188587 3.231405021679259 3.486812888039659
-9999.0 -9999.0 -9999.0 -9999.0 -9999.0 -9999.0 -9999.0 -9999.0 -9999.0 -9999.0 -9999.0 -9999.0 1.852111653652961 1.852111653652961 1.852111653652961 1.852111653652961 1.852111653652961 1.852111653652961 1.852111653652961 1.852111653652961 1.852111653652961 -9999.0 -9999.0 -9999.0 -9999.0 -9999.0 -9999.0 -9999.0 -9999.0 1.852111653652961 1.852111653652961 1.852111653652961 1.852111653652961 1.852111653652961 1.852111653652961 1.852111653652961 1.852111653652961 1.852111653652961 1.852111653652961 1.947064688206961 2.166194190596244 2.3853236929855273 2.60445319537481 2.823582697764093 3.0427122001533764 3.2618417025426596
-9999.0 -9999.0 -9999.0 -9999.0 -9999.0 -9999.0 -9999.0 -9999.0 -9999.0 -9999.0 -9999.0 -9999.0 1.852111653652961 1.852111653652961 1.852111653652961 1.852111653652961 1.852111653652961 1.852111653652961 1.852111653652961 1.852111653652961 1.852111653652961 -9999.0 -9999.0 1.852111653652961 -9999.0 -9999.0 -9999.0 -9999.0 -9999.0 1.852111653652961 1.852111653652961 1.852111653652961 1.852111653652961 1.852111653652961 1.852111653652961 1.852111653652961 1.852111653652961 1.852111653652961 1.852111653652961 1.9397636865366652 2.122614824954831 2.305465963372997 2.4883171017911625 2.6711682402093286 2.8540193786274943 3.03687051704566
-9999.0 -9999.0 -9999.0 -9999.0 -9999.0 -9999.0 -9999.0 -9999.0 -9999.0 -9999.0 -9999.0 -9999.0 1.852111653652961 1.852111653652961 1.852111653652961 1.852111653652961 1.852111653652961 1.852111653652961 1.852111653652961 1.852111653652961 1.852111653652961 1.852111653652961 1.852111653652961 1.852111653652961 1.852111653652961 1.852111653652961 -9999.0 -9999.0 1.852111653652961 1.852111653652961 1.852111653652961 1.852111653652961 1.852111653652961 1.852111653652961 1.852111653652961 1.852111653652961 1.852111653652961 1.852111653652961 1.852111653652961 1.9324626848663633 2.079035459313381 2.2256082337603984 2.3721810082074164 2.518753782654434 2.6653265571014515 2.811899331548469
-9999.0 -9999.0 -9999.0 -9999.0 -9999.0 -9999.0 -9999.0 -9999.0 -9999.0 -9999.0 -9999.0 1.852111653652961 1.852111653652961 1.852111653652961 1.852111653652961 1.852111653652961 1.852111653652961 1.852111653652961 1.852111653652961 1.852111653652961 1.852111653652961 1.852111653652961 1.852111653652961 1.852111653652961 1.852111653652961 1.852111653652961 1.852111653652961 1.852111653652961 1.852111653652961 1.852111653652961 1.852111653652961 1.852111653652961 1.852111653652961 1.852111653652961 1.852111653652961 1.852111653652961 1.852111653652961 1.852111653652961 1.852111653652961 1.9251616831960676 2.035456093671968 2.1457505041478684 2.2560449146237684 2.366339325099669 2.4766337355755694 2.5869281460514695
-9999.0 -9999.0 -9999.0 -9999.0 -9999.0 -9999.0 -9999.0 -9999.0 -9999.0 -9999.0 -9999.0 1.852111653652961 1.852111653652961 1.852111653652961 1.852111653652961 1.852111653652961 1.852111653652961 1.852111653652961 1.852111653652961 1.852111653652961 1.852111653652961 1.852111653652961 1.852111653652961 1.852111653652961 1.852111653652961 1.852111653652961 1.852111653652961 1.852111653652961 1.852111653652961 1.852111653652961 1.852111653652961 1.852111653652961 1.852111653652961 1.852111653652961 1.852111653652961 1.852111653652961 1.852111653652961 1.852111653652961 1.852111653652961 1.9178606815257717 1.9918767280305547 2.065892774535338 2.139908821040121 2.213924867544904 2.287940914049687 2.36195696055447
-9999.0 -9999.0 -9999.0 -9999.0 -9999.0 -9999.0 -9999.0 -9999.0 -9999.0 -9999.0 -9999.0 1.852111653652961 1.852111653652961 1.852111653652961 1.852111653652961 1.852111653652961 1.852111653652961 1.852111653652961 1.852111653652961 1.852111653652961 1.852111653652961 1.852111653652961 1.852111653652961 1.852111653652961 1.852111653652961 1.852111653652961 1.852111653652961 1.852111653652961 1.852111653652961 1.852111653652961 1.852111653652961 1.852111653652961 1.852111653652961 1.852111653652961 1.852111653652961 1.852111653652961 1.852111653652961 1.852111653652961 1.852111653652961 1.910559679855476 1.948297362389142 1.9860350449228077 2.0237727274564734 2.0615104099901393 2.099248092523805 2.136985775057471
-9999.0 -9999.0 -9999.0 -9999.0 -9999.0 -9999.0 -9999.0 -9999.0 -9999.0 -9999.0 -9999.0 1.852111653652961 1.852111653652961 1.852111653652961 1.852111653652961 1.852111653652961 1.852111653652961 1.852111653652961 1.852111653652961 1.852111653652961 1.852111653652961 1.852111653652961 1.852111653652961 1.852111653652961 1.852111653652961 1.852111653652961 1.852111653652961 1.852111653652961 1.852111653652961 1.852111653652961 1.852111653652961 1.852111653652961 1.852111653652961 1.852111653652961 1.852111653652961 1.852111653652961 1.852111653652961 1.852111653652961 1.852111653652961 1.9032586781851806 1.904717996747729 1.9061773153102775 1.907636633872826 1.9090959524353743 1.9105552709979228 1.9120145895604712
-9999.0 -9999.0 -9999.0 -9999.0 -9999.0 -9999.0 -9999.0 -9999.0 -9999.0 -9999.0 1.852111653652961 1.852111653652961 1.852111653652961 1.852111653652961 1.852111653652961 1.852111653652961 1.852111653652961 1.852111653652961 1.852111653652961 1.852111653652961 1.852111653652961 1.852111653652961 1.852111653652961 1.852111653652961 1.852111653652961 1.852111653652961 1.852111653652961 1.852111653652961 1.852111653652961 1.852111653652961 1.852111653652961 1.852111653652961 1.852111653652961 1.852111653652961 1.852111653652961 1.852111653652961 1.852111653652961 1.852111653652961 1.852111653652961 1.8959576765148847 1.8611386311063158 1.826319585697747 1.7915005402891782 1.7566814948806093 1.7218624494720405 1.6870434040634716
-9999.0 -9999.0 -9999.0 -9999.0 -9999.0 -9999.0 -9999.0 -9999.0 -9999.0 1.852111653652961 1.852111653652961 1.852111653652961 1.852111653652961 1.852111653652961 1.852111653652961 1.852111653652961 1.852111653652961 1.852111653652961 1.852111653652961 1.852111653652961 1.852111653652961 1.852111653652961 1.852111653652961 1.852111653652961 1.852111653652961 1.852111653652961 1.852111653652961 1.852111653652961 1.852111653652961 1.852111653652961 1.852111653652961 1.852111653652961 1.852111653652961 1.852111653652961 1.852111653652961 1.852111653652961 1.852111653652961 1.852111653652961 1.852111653652961 1.888656674844589 1.8175592654649029 1.7464618560852168 1.6753644467055306 1.6042670373258445 1.5331696279461584 1.4620722185664723
-9999.0 -9999.0 -9999.0 -9999.0 -9999.0 -9999.0 -9999.0 1.852111653652961 1.852111653652961 1.852111653652961 1.852111653652961 1.852111653652961 1.852111653652961 1.852111653652961 1.852111653652961 1.852111653652961 1.852111653652961 1.852111653652961 1.852111653652961 1.852111653652961 1.852111653652961 1.852111653652961 1.852111653652961 1.852111653652961 1.852111653652961 1.852111653652961 1.852111653652961 1.852111653652961 1.852111653652961 1.852111653652961 1.852111653652961 1.852111653652961 1.852111653652961 1.852111653652961 1.852111653652961 1.852111653652961 1.852111653652961 1.852111653652961 1.852111653652961 1.881355673174287 1.7739798998234526 1.6666041264726184 1.5592283531217839 1.4518525797709496 1.3444768064201154 1.2371010330692809
-9999.0 -9999.0 -9999.0 -9999.0 -9999.0 -9999.0 1.852111653652961 1.852111653652961 1.852111653652961 1.852111653652961 1.852111653652961 1.852111653652961 1.852111653652961 1.852111653652961 1.852111653652961 1.852111653652961 1.852111653652961 1.852111653652961 1.852111653652961 1.852111653652961 1.852111653652961 1.852111653652961 1.852111653652961 1.852111653652961 1.852111653652961 1.852111653652961 1.852111653652961 1.852111653652961 1.852111653652961 1.852111653652961 1.852111653652961 1.852111653652961 1.852111653652961 1.852111653652961 1.852111653652961 1.852111653652961 1.852111653652961 1.852111653652961 1.852111653652961 1.8740546715039912 1.7304005341820397 1.5867463968600881 1.4430922595381364 1.2994381222161848 1.1557839848942333 1.0121298475722815
-9999.0 -9999.0 -9999.0 1.852111653652961 1.852111653652961 -9999.0 1.852111653652961 1.852111653652961 1.852111653652961 1.852111653652961 1.852111653652961 1.852111653652961 1.852111653652961 1.852111653652961 1.852111653652961 2.9474373552994706 2.8824086020690056 2.817379848838541 2.752351095608076 2.6873223423776116 2.622293589147147 2.557264835916682 2.4922360826862175 2.4272073294557526 2.362178576225288 2.2971498229948235 2.232121069764248 2.189796740036001 2.171743952114115 2.153691164192229 2.135638376270343 2.117585588348457 2.0995328004265708 2.081480012504685 2.063427224582799 2.045374436660913 2.0273216487390266 2.0092688608171407 1.9912160728952548 1.9049265951739836 1.7456905538807146 1.5864545125874456 1.427218471294177 1.267982430000908 1.108746388707639 0.9495103474143702
-9999.0 -9999.0 -9999.0 1.852111653652961 1.852111653652961 1.852111653652961 1.852111653652961 1.852111653652961 1.852111653652961 1.852111653652961 1.852111653652961 1.852111653652961 1.852111653652961 1.852111653652961 1.852111653652961 3.1194561087425283 3.046867716802562 2.974279324862595 2.9016909329226284 2.829102540982662 2.756514149042695 2.6839257571027284 2.611337365162762 2.5387489732227952 2.4661605812828284 2.3935721893428616 2.3209837974027714 2.2740913252466766 2.2546683720249074 2.2352454188031388 2.2158224655813696 2.196399512359601 2.1769765591378323 2.157553605916063 2.1381306526942945 2.118707699472526 2.0992847462507567 2.079861793028988 2.0604388398072193 1.9766029695911118 1.8239082353504035 1.671213501109695 1.5185187668689868 1.3658240326282782 1.2131292983875699 1.0604345641468615
-9999.0 -9999.0 -9999.0 1.852111653652961 1.852111653652961 1.852111653652961 1.852111653652961 1.852111653652961 1.852111653652961 1.852111653652961 1.852111653652961 1.852111653652961 1.852111653652961 1.852111653652961 1.852111653652961 3.291474862185587 3.2113268315361183 3.1311788008866497 3.051030770237181 2.9708827395877124 2.8907347089382434 2.8105866782887747 2.730438647639306 2.6502906169898375 2.570142586340369 2.4899945556909002 2.409846525041295 2.3583859104573515 2.3375927919357 2.3167996734140486 2.2960065548923967 2.2752134363707452 2.2544203178490934 2.233627199327442 2.21283408080579 2.1920409622841386 2.1712478437624867 2.1504547252408353 2.1296616067191834 2.04827934400824 1.9021259168200921 1.7559724896319444 1.6098190624437965 1.4636656352556487 1.3175122080675008 1.1713587808793529
-9999.0 -9999.0 -9999.0 1.852111653652961 1.852111653652961 1.852111653652961 1.852111653652961 1.852111653652961 1.852111653652961 1.852111653652961 1.852111653652961 1.852111653652961 1.852111653652961 1.852111653652961 1.852111653652961 3.463493615628645 3.375785946269674 3.2880782769107038 3.200370607551733 3.1126629381927624 3.024955268833792 2.937247599474821 2.84953993011585 2.7618322607568797 2.6741245913979093 2.5864169220389384 2.4987092526798182 2.442680495668027 2.4205172118464926 2.398353928024958 2.3761906442034237 2.354027360381889 2.331864076560355 2.3097007927388202 2.2875375089172856 2.2653742250957514 2.2432109412742167 2.2210476574526825 2.198884373631148 2.119955718425368 1.980343598289781 1.8407314781541935 1.7011193580186061 1.5615072378830188 1.4218951177474315 1.2822829976118442
-9999.0 -9999.0 -9999.0 1.852111653652961 1.852111653652961 1.852111653652961 1.852111653652961 1.852111653652961 1.852111653652961 1.852111653652961 1.852111653652961 1.852111653652961 1.852111653652961 1.852111653652961 1.852111653652961 3.6355123690718494 3.5402450610033704 3.4449777529348915 3.3497104448664126 3.254443136797933 3.1591758287294542 3.0639085206609753 2.9686412125924964 2.873373904524017 2.778106596455538 2.682839288387059 2.5875719803184176 2.526975080878774 2.503441631757356 2.4799081826359375 2.4563747335145187 2.4328412843931004 2.409307835271682 2.385774386150264 2.362240937028845 2.3387074879074268 2.3151740387860085 2.29164058966459 2.2681071405431714 2.191632092842558 2.0585612797595365 1.9254904666765154 1.792419653593494 1.6593488405104728 1.5262780274274514 1.39320721434443
-9999.0 -9999.0 -9999.0 1.852111653652961 1.852111653652961 1.852111653652961 1.852111653652961 1.852111653652961 1.852111653652961 1.852111653652961 1.852111653652961 1.852111653652961 1.852111653652961 1.852111653652961 1.852111653652961 3.807531122514908 3.704704175736927 3.601877228958946 3.499050282180965 3.3962233354029836 3.293396388625003 3.1905694418470216 3.0877424950690404 2.9849155482910597 2.8820886015130784 2.7792616547350972 2.676434707956941 2.6112696660894494 2.5863660516681484 2.561462437246847 2.536558822825546 2.5116552084042447 2.486751593982943 2.461847979561642 2.4369443651403406 2.4120407507190396 2.3871371362977385 2.362233521876437 2.337329907455136 2.2633084672596864 2.1367789612292256 2.010249455198765 1.8837199491683039 1.757190443137843 1.6306609371073821 1.5041314310769214
-9999.0 1.852111653652961 1.852111653652961 1.852111653652961 1.852111653652961 1.852111653652961 1.852111653652961 1.852111653652961 1.852111653652961 1.852111653652961 1.852111653652961 1.852111653652961 1.852111653652961 1.852111653652961 1.852111653652961 3.9795498759579657 3.8691632904704827 3.7587767049829997 3.6483901194955166 3.538003534008034 3.427616948520551 3.317230363033068 3.206843777545585 3.096457192058102 2.9860706065706193 2.8756840210831363 2.765297435595465 2.6955642513001252 2.669290471578941 2.643016691857757 2.616742912136573 2.590469132415389 2.5641953526942047 2.537921572973021 2.5116477932518366 2.4853740135306523 2.4591002338094685 2.4328264540882842 2.4065526743671004 2.3349848416768144 2.2149966426989143 2.0950084437210137 1.9750202447431136 1.8550320457652134 1.735043846787313 1.6150556478094127
