Figures/CREST_Example_wjb_NSE/Rolling_result/20100722/BJP_forecast/ens_40/wjb.rain.20100327.asc
ncols            288
nrows            254
xllcorner        113.274861
yllcorner        31.4918055
cellsize         0.008333333333
NODATA_value     -9999
[rows 52 to 77 of 254, columns 0 to 57 of 288]
-9999.0 -9999.0 -9999.0 -9999.0 -9999.0 -9999.0 -9999.0 -9999.0 -9999.0 -9999.0 -9999.0 -9999.0 -9999.0 -9999.0 -9999.0 -9999.0 -9999.0 -9999.0 -9999.0 -9999.0 -9999.0 -9999.0 -9999.0 -9999.0 -9999.0 0.007823176859295733 0.008569426793453735 0.00895499921023963 0.00895499921023963 0.00895499921023963 0.00895499921023963 0.00895499921023963 0.00895499921023963 0.00895499921023963 0.00895499921023963 0.00895499921023963 0.00895499921023963 0.00895499921023963 0.00895499921023963 0.00859432169322644 0.007848071759069817 0.007101821824913193 0.006355571890756568 0.005609321956599944 0.00486307202244332 0.0041168220882866965 0.003370572154130072 0.0026243222199734484 0.001878072285816824 0.0011318223516602003 0.0003855724175035758 0.0 0.0 0.0 0.0 0.0 0.0 0.0
-9999.0 -9999.0 -9999.0 -9999.0 -9999.0 -9999.0 -9999.0 -9999.0 -9999.0 -9999.0 -9999.0 -9999.0 -9999.0 -9999.0 -9999.0 -9999.0 -9999.0 -9999.0 -9999.0 -9999.0 -9999.0 -9999.0 -9999.0 -9999.0 -9999.0 0.01006906064924651 0.011029544603741894 0.011525807454386847 0.011525807454386847 0.011525807454386847 0.011525807454386847 0.011525807454386847 0.011525807454386847 0.011525807454386847 0.011525807454386847 0.011525807454386847 0.011525807454386847 0.011525807454386847 0.011525807454386847 0.011061586350998373 0.010101102396504764 0.009140618442011153 0.008180134487517544 0.007219650533023934 0.006259166578530324 0.0052986826240367145 0.0043381986695431056 0.0033777147150494957 0.002417230760555885 0.001456746806062276 0.0004962628515686671 0.0 0.0 0.0 0.0 0.0 0.0 0.0
-9999.0 -9999.0 -9999.0 -9999.0 -9999.0 -9999.0 -9999.0 -9999.0 -9999.0 -9999.0 -9999.0 -9999.0 -9999.0 -9999.0 -9999.0 -9999.0 -9999.0 -9999.0 -9999.0 -9999.0 -9999.0 -9999.0 -9999.0 -9999.0 -9999.0 0.012314944439195372 0.013489662414027954 0.014096615698531871 0.014096615698531871 0.014096615698531871 0.014096615698531871 0.014096615698531871 0.014096615698531871 0.014096615698531871 0.014096615698531871 0.014096615698531871 0.014096615698531871 0.014096615698531871 0.014096615698531871 0.013528851008768201 0.012354133033937788 0.011179415059107377 0.010004697084276964 0.00882997910944655 0.0076552611346161386 0.006480543159785726 0.005305825184955313 0.004131107210124902 0.002956389235294489 0.001781671260464076 0.0006069532856336629 0.0 0.0 0.0 0.0 0.0 0.0 0.0
-9999.0 -9999.0 -9999.0 -9999.0 -9999.0 -9999.0 -9999.0 -9999.0 -9999.0 -9999.0 -9999.0 -9999.0 -9999.0 -9999.0 -9999.0 -9999.0 -9999.0 -9999.0 -9999.0 -9999.0 0.00761606825330717 0.009005020248474582 0.010393972243641995 0.011782924238809408 0.013171876233976821 0.014560828229144234 0.015949780224314015 0.016667423942676896 0.016667423942676896 0.016667423942676896 0.016667423942676896 0.016667423942676896 0.016667423942676896 0.016667423942676896 0.016667423942676896 0.016667423942676896 0.016667423942676896 0.016667423942676896 0.016667423942676896 0.015996115666538028 0.014607163671370814 0.013218211676203599 0.011829259681036382 0.010440307685869166 0.009051355690701951 0.007662403695534736 0.00627345170036752 0.004884499705200305 0.0034955477100330895 0.002106595714865874 0.0007176437196986588 0.0 0.0 0.0 0.0 0.0 0.0 0.0
-9999.0 -9999.0 -9999.0 -9999.0 -9999.0 -9999.0 -9999.0 -9999.0 -9999.0 -9999.0 -9999.0 -9999.0 -9999.0 -9999.0 -9999.0 -9999.0 -9999.0 -9999.0 -9999.0 0.007187595926067619 0.008790781941571865 0.010393967957076112 0.011997153972580357 0.013600339988084603 0.01520352600358885 0.016806712019093097 0.018409898034600077 0.01923823218682192 0.01923823218682192 0.01923823218682192 0.01923823218682192 0.01923823218682192 0.01923823218682192 0.01923823218682192 0.01923823218682192 0.01923823218682192 0.01923823218682192 0.01923823218682192 0.01923823218682192 0.018463380324307856 0.01686019430880384 0.015257008293299821 0.013653822277795801 0.012050636262291782 0.010447450246787764 0.008844264231283747 0.007241078215779727 0.0056378922002757095 0.00403470618477169 0.0024315201692676723 0.0008283341537636546 0.0 0.0 0.0 0.0 0.0 0.0 0.0
-9999.0 -9999.0 -9999.0 -9999.0 -9999.0 -9999.0 -9999.0 -9999.0 -9999.0 -9999.0 -9999.0 -9999.0 -9999.0 -9999.0 -9999.0 -9999.0 -9999.0 0.004513235522313323 0.006330655558154402 0.008148075593995482 0.009965495629836561 0.011782915665677641 0.013600335701518721 0.0154177557373598 0.01723517577320088 0.01905259580904196 0.02087001584488614 0.021809040430966944 0.021809040430966944 0.021809040430966944 0.021809040430966944 0.021809040430966944 0.021809040430966944 0.021809040430966944 0.021809040430966944 0.021809040430966944 0.021809040430966944 0.021809040430966944 0.021809040430966944 0.020930644982077685 0.019113224946236865 0.01729580491039604 0.015478384874555221 0.0136609648387144 0.01184354480287358 0.010026124767032758 0.008208704731191936 0.006391284695351114 0.004573864659510294 0.0027564446236694705 0.0009390245878286504 0.0 0.0 0.0 0.0 0.0 0.0 0.0
-9999.0 -9999.0 -9999.0 -9999.0 -9999.0 -9999.0 -9999.0 -9999.0 -9999.0 -9999.0 -9999.0 -9999.0 -9999.0 -9999.0 -9999.0 0.0009819390372116917 0.003013593093389605 0.005045247149567518 0.007076901205745431 0.009108555261923343 0.011140209318101257 0.01317186337427917 0.015203517430457083 0.017235171486634997 0.01926682554281291 0.02129847959899082 0.0233301336551722 0.02437984867511197 0.02437984867511197 0.02437984867511197 0.02437984867511197 0.02437984867511197 0.02437984867511197 0.02437984867511197 0.02437984867511197 0.02437984867511197 0.02437984867511197 0.02437984867511197 0.02437984867511197 0.023397909639847513 0.02136625558366989 0.019334601527492265 0.01730294747131464 0.015271293415137015 0.013239639358959391 0.011207985302781767 0.009176331246604143 0.007144677190426517 0.0051130231342488945 0.0030813690780712687 0.0010497150218936463 0.0 0.0 0.0 0.0 0.0 0.0 0.0
-9999.0 -9999.0 -9999.0 -9999.0 -9999.0 -9999.0 -9999.0 -9999.0 -9999.0 -9999.0 -9999.0 -9999.0 -9999.0 -9999.0 0.0 0.0010854826237923086 0.0033313707003072377 0.005577258776822167 0.007823146853337097 0.010069034929852025 0.012314923006366954 0.014560811082881884 0.016806699159396813 0.01905258723591174 0.021298475312426672 0.0235443633889416 0.025790251465460358 0.026950656919259186 0.026950656919259186 0.026950656919259186 0.026950656919259186 0.026950656919259186 0.026950656919259186 0.026950656919259186 0.026950656919259186 0.026950656919259186 0.026950656919259186 0.026950656919259186 0.026950656919259186 0.025865174297619448 0.023619286221104836 0.021373398144590227 0.019127510068075615 0.016881621991561006 0.014635733915046396 0.012389845838531786 0.010143957762017177 0.007898069685502565 0.0056521816089879565 0.003406293532473348 0.0011604054559587358 0.0 0.0 0.0 0.0 0.0 0.0 0.0
-9999.0 -9999.0 -9999.0 -9999.0 -9999.0 -9999.0 -9999.0 -9999.0 -9999.0 -9999.0 -9999.0 0.0 0.0 0.0 0.0 0.0011890262103728376 0.0036491483072246004 0.006109270404076363 0.008569392500928126 0.011029514597779889 0.01348963669463165 0.015949758791483415 0.018409880888335176 0.020870002985186938 0.023330125082038702 0.025790247178890464 0.028250369275746423 0.02952146516340421 0.02952146516340421 0.02952146516340421 0.02952146516340421 0.02952146516340421 0.02952146516340421 0.02952146516340421 0.02952146516340421 0.02952146516340421 0.02952146516340421 0.02952146516340421 0.02952146516340421 0.028332438955389273 0.02587231685853786 0.023412194761686447 0.020952072664835036 0.018491950567983622 0.016031828471132208 0.013571706374280797 0.011111584277429382 0.008651462180577971 0.006191340083726557 0.003731217986875146 0.0012710958900237317 0.0 0.0 0.0 0.0 0.0 0.0 0.0
-9999.0 -9999.0 -9999.0 -9999.0 -9999.0 -9999.0 -9999.0 -9999.0 -9999.0 0.0 0.0 0.0 0.0 0.0 0.0 0.0011924762810790873 0.003659736652180906 0.006126997023282724 0.008594257394384543 0.011061517765486362 0.01352877813658818 0.01599603850769 0.018463298878791817 0.020930559249893635 0.023397819620995453 0.02586507999209727 0.0283323403632033 0.029607124454408315 0.029607124454408315 0.029607124454408315 0.029607124454408315 0.029607124454408315 0.029607124454408315 0.029607124454408315 0.029607124454408315 0.029607124454408315 0.029607124454408315 0.029607124454408315 0.029607124454408315 0.02841464817569397 0.025947387804592503 0.023480127433491035 0.021012867062389567 0.0185456066912881 0.01607834632018663 0.013611085949085163 0.011143825577983695 0.008676565206882227 0.006209304835780759 0.0037420444646792915 0.0012747840935778236 0.0 0.0 0.0 0.0 0.0 0.0 0.0
-9999.0 -9999.0 -9999.0 -9999.0 -9999.0 -9999.0 -9999.0 -9999.0 -9999.0 0.0 0.0 0.0 0.0 0.0 0.0 0.0010889326944985584 0.0033419590452635436 0.005594985396028529 0.007848011746793514 0.0101010380975585 0.012354064448323484 0.014607090799088469 0.016860117149853453 0.019113143500618438 0.021366169851383423 0.023619196202148408 0.025872222552917237 0.02703631621026329 0.02703631621026329 0.02703631621026329 0.02703631621026329 0.02703631621026329 0.02703631621026329 0.02703631621026329 0.02703631621026329 0.02703631621026329 0.02703631621026329 0.02703631621026329 0.02703631621026329 0.025947383517924142 0.023694357167159476 0.021441330816394814 0.01918830446563015 0.016935278114865483 0.014682251764100818 0.012429225413336152 0.010176199062571487 0.007923172711806824 0.005670146361042159 0.0034171200102774933 0.0011640936595128278 0.0 0.0 0.0 0.0 0.0 0.0 0.0
-9999.0 -9999.0 -9999.0 -9999.0 -9999.0 -9999.0 -9999.0 -9999.0 -9999.0 0.0 0.0 0.0 0.0 0.0 0.0 0.0009853891079180297 0.0030241814383461813 0.005062973768774333 0.007101766099202485 0.009140558429630637 0.011179350760058788 0.01321814309048694 0.015256935420915092 0.017295727751343245 0.019334520081771396 0.021373312412199547 0.023412104742631175 0.024465507966118266 0.024465507966118266 0.024465507966118266 0.024465507966118266 0.024465507966118266 0.024465507966118266 0.024465507966118266 0.024465507966118266 0.024465507966118266 0.024465507966118266 0.024465507966118266 0.024465507966118266 0.023480118860154314 0.021441326529726454 0.01940253419929859 0.017363741868870727 0.015324949538442868 0.013286157208015004 0.011247364877587143 0.009208572547159281 0.007169780216731418 0.005130987886303558 0.003092195555875695 0.0010534032254478354 0.0 0.0 0.0 0.0 0.0 0.0 0.0
-9999.0 -9999.0 -9999.0 -9999.0 -9999.0 -9999.0 -9999.0 -9999.0 0.0 0.0 0.0 0.0 0.0 0.0 0.0 0.0008818455213375011 0.0027064038314288195 0.004530962141520138 0.0063555204516114565 0.008180078761702774 0.010004637071794093 0.011829195381885411 0.01365375369197673 0.015478312002068048 0.017302870312159366 0.019127428622250683 0.020951986932345113 0.02189469972197324 0.02189469972197324 0.02189469972197324 0.02189469972197324 0.02189469972197324 0.02189469972197324 0.02189469972197324 0.02189469972197324 0.02189469972197324 0.02189469972197324 0.02189469972197324 0.02189469972197324 0.021012854202384485 0.019188295892293428 0.017363737582202367 0.01553917927211131 0.01371462096202025 0.011890062651929191 0.010065504341838132 0.008240946031747073 0.0064163877216560136 0.004591829411564954 0.002767271101473897 0.0009427127913828361 0.0 0.0 0.0 0.0 0.0 0.0 0.0
-9999.0 -9999.0 -9999.0 -9999.0 -9999.0 -9999.0 -9999.0 -9999.0 0.0 0.0 0.0 0.0 0.0 0.0 0.0 0.0007783019347569724 0.002388626224511457 0.003998950514265943 0.0056092748040204275 0.0072195990937749125 0.008829923383529397 0.010440247673283883 0.012050571963038367 0.013660896252792853 0.015271220542547337 0.016881544832301823 0.018491869122059055 0.019323891477828217 0.019323891477828217 0.019323891477828217 0.019323891477828217 0.019323891477828217 0.019323891477828217 0.019323891477828217 0.019323891477828217 0.019323891477828217 0.019323891477828217 0.019323891477828217 0.019323891477828217 0.018545589544614657 0.0169352652548604 0.015324940965106146 0.01371461667535189 0.012104292385597633 0.010493968095843378 0.008883643806089123 0.007273319516334866 0.005662995226580609 0.004052670936826354 0.0024423466470720988 0.0008320223573178402 0.0 0.0 0.0 0.0 0.0 0.0 0.0
-9999.0 -9999.0 -9999.0 -9999.0 -9999.0 -9999.0 -9999.0 -9999.0 0.0 0.0 0.0 0.0 0.0 0.0 0.0 0.0006747583481763554 0.0020708486175938247 0.003466938887011294 0.004863029156428763 0.006259119425846232 0.007655209695263701 0.00905129996468117 0.01044739023409864 0.011843480503516109 0.013239570772933579 0.014635661042351047 0.016031751311770898 0.016753083233681004 0.016753083233681004 0.016753083233681004 0.016753083233681004 0.016753083233681004 0.016753083233681004 0.016753083233681004 0.016753083233681004 0.016753083233681004 0.016753083233681004 0.016753083233681004 0.016753083233681004 0.01607832488684273 0.014682234617425459 0.013286144348008188 0.011890054078590916 0.010493963809173647 0.009097873539756374 0.007701783270339104 0.006305693000921833 0.0049096027315045625 0.003513512462087292 0.0021174221926700213 0.0007213319232527507 0.0 0.0 0.0 0.0 0.0 0.0 0.0
-9999.0 -9999.0 -9999.0 -9999.0 -9999.0 -9999.0 -9999.0 -9999.0 0.0 0.0 0.0 0.0 0.0 0.0 0.0 0.0005712147615958266 0.0017530710106764622 0.002934927259757098 0.004116783508837734 0.0052986397579183695 0.006480496006999005 0.007662352256079641 0.008844208505160276 0.010026064754240912 0.011207921003321547 0.012389777252402184 0.013571633501484834 0.014182274989535977 0.014182274989535977 0.014182274989535977 0.014182274989535977 0.014182274989535977 0.014182274989535977 0.014182274989535977 0.014182274989535977 0.014182274989535977 0.014182274989535977 0.014182274989535977 0.014182274989535977 0.013611060229072899 0.01242920397999243 0.011247347730911964 0.010065491481831496 0.008883635232751028 0.007701778983670561 0.006519922734590093 0.0053380664855096245 0.004156210236429158 0.0029743539873486897 0.0017924977382682214 0.0006106414891877548 0.0 0.0 0.0 0.0 0.0 0.0 0.0
-9999.0 -9999.0 -9999.0 -9999.0 -9999.0 -9999.0 -9999.0 0.0 0.0 0.0 0.0 0.0 0.0 0.0 0.0 0.0004676711750152979 0.0014352934037591002 0.0024029156325029027 0.003370537861246705 0.004338160089990507 0.00530578231873431 0.006273404547478112 0.007241026776221914 0.008208649004965717 0.009176271233709518 0.010143893462453321 0.011111515691198774 0.011611466745390953 0.011611466745390953 0.011611466745390953 0.011611466745390953 0.011611466745390953 0.011611466745390953 0.011611466745390953 0.011611466745390953 0.011611466745390953 0.011611466745390953 0.011611466745390953 0.011611466745390953 0.01114379557130307 0.010176173342559406 0.009208551113815742 0.008240928885072076 0.007273306656328412 0.006305684427584747 0.005338062198841083 0.004370439970097418 0.0034028177413537534 0.0024351955126100874 0.0014675732838664232 0.0004999510551227573 0.0 0.0 0.0 0.0 0.0 0.0 0.0
-9999.0 -9999.0 -9999.0 -9999.0 -9999.0 -9999.0 -9999.0 0.0 0.0 0.0 0.0 0.0 0.0 0.0 0.0 0.0003641275884347692 0.0011175157968417381 0.0018709040052487071 0.0026242922136556763 0.0033776804220626453 0.004131068630469614 0.004884456838876583 0.005637845047283552 0.006391233255690521 0.00714462146409749 0.00789800967250446 0.008651397880912712 0.009040658501245928 0.009040658501245928 0.009040658501245928 0.009040658501245928 0.009040658501245928 0.009040658501245928 0.009040658501245928 0.009040658501245928 0.009040658501245928 0.009040658501245928 0.009040658501245928 0.009040658501245928 0.008676530913533244 0.007923142705126382 0.007169754496719519 0.006416366288312657 0.0056629780799057955 0.004909589871498934 0.004156201663092072 0.00340281345468521 0.002649425246278348 0.001896037037871486 0.0011426488294646233 0.0003892606210577614 0.0 0.0 0.0 0.0 0.0 0.0 0.0
-9999.0 -9999.0 -9999.0 -9999.0 -9999.0 -9999.0 -9999.0 0.0 0.0 0.0 0.0 0.0 0.0 0.0 0.0 0.00026058400185424046 0.0007997381899243762 0.0013388923779945117 0.0018780465660646476 0.0024172007541347833 0.0029563549422049187 0.0034955091302750546 0.0040346633183451905 0.004573817506415326 0.005112971694485461 0.005652125882555597 0.0061912800706266525 0.006469850257100905 0.006469850257100905 0.006469850257100905 0.006469850257100905 0.006469850257100905 0.006469850257100905 0.006469850257100905 0.006469850257100905 0.006469850257100905 0.006469850257100905 0.006469850257100905 0.006469850257100905 0.006209266255763416 0.005670112067693358 0.005130957879623298 0.004591803691553239 0.004052649503483181 0.003513495315413121 0.002974341127343062 0.002435186939273003 0.0018960327512029442 0.0013568785631328847 0.000817724375062826 0.0002785701869927673 0.0 0.0 0.0 0.0 0.0 0.0 0.0
-9999.0 -9999.0 -9999.0 -9999.0 -9999.0 -9999.0 0.0 0.0 0.0 0.0 0.0 0.0 0.0 0.0 0.0 0.00015704041527371169 0.000481960583007014 0.0008068807507403163 0.0011318009184736186 0.001456721086206921 0.0017816412539402233 0.0021065614216735254 0.0024314815894068277 0.00275640175714013 0.0030813219248734323 0.0034062420926067346 0.003731162260340591 0.00389904201295588 0.00389904201295588 0.00389904201295588 0.00389904201295588 0.00389904201295588 0.00389904201295588 0.00389904201295588 0.00389904201295588 0.00389904201295588 0.00389904201295588 0.00389904201295588 0.00389904201295588 0.003742001597993588 0.0034170814302603315 0.0030921612625270756 0.002767241094793819 0.0024423209270605633 0.002117400759327307 0.001792480591594051 0.0014675604238607947 0.0011426402561275388 0.0008177200883942829 0.0004927999206610265 0.0001678797529277706 0.0 0.0 0.0 0.0 0.0 0.0 0.0
-9999.0 -9999.0 -9999.0 -9999.0 -9999.0 -9999.0 -9999.0 0.0 0.0 0.0 0.0 0.0 0.0 0.0 0.0 5.3496828693094666e-05 0.00016418297608938095 0.00027486912348566724 0.00038555527088195347 0.0004962414182782398 0.000606927565674526 0.0007176137130708123 0.0008282998604670986 0.0009389860078633849 0.0010496721552596712 0.0011603583026559574 0.0012710444500524324 0.0013282337688086637 0.0013282337688086637 0.0013282337688086637 0.0013282337688086637 0.0013282337688086637 0.0013282337688086637 0.0013282337688086637 0.0013282337688086637 0.0013282337688086637 0.0013282337688086637 0.0013282337688086637 0.0013282337688086637 0.001274736940221656 0.0011640507928253854 0.0010533646454291149 0.0009426784980328444 0.0008319923506365739 0.0007213062032403033 0.0006106200558440327 0.0004999339084477623 0.0003892477610514917 0.0002785616136552211 0.00016787546625895056 5.718931886267999e-05 0.0 0.0 0.0 0.0 0.0 0.0 0.0
-9999.0 -9999.0 -9999.0 -9999.0 -9999.0 -9999.0 -9999.0 -9999.0 0.0 0.0 0.0 0.0 0.0 0.0 0.0 0.0 0.0 0.0 0.0 0.0 0.0 0.0 0.0 0.0 0.0 0.0 0.0 0.0 0.0 0.0 0.0 0.0 0.0 0.0 0.0 0.0 0.0 0.0 0.0 0.00016614282888980178 0.0005098960967572752 0.0008536493646247486 0.001197402632492222 0.0015411559003596954 0.0018849091682271689 0.0022286624360946423 0.002572415703962116 0.0029161689718295893 0.0032599222396970623 0.0036036755075645357 0.00394742877543201 0.0041250392145755765 0.0041250392145755765 0.0041250392145755765 0.0041250392145755765 0.0041250392145755765 0.0041250392145755765 0.0041250392145755765
-9999.0 -9999.0 -9999.0 -9999.0 -9999.0 -9999.0 -9999.0 -9999.0 -9999.0 0.0 0.0 0.0 0.0 0.0 0.0 0.0 0.0 0.0 0.0 0.0 0.0 0.0 0.0 0.0 0.0 0.0 0.0 0.0 0.0 0.0 0.0 0.0 0.0 0.0 0.0 0.0 0.0 0.0 0.0 0.0005098818664230316 0.001564838971586674 0.002619796076750317 0.003674753181913959 0.004729710287077602 0.005784667392241244 0.006839624497404886 0.00789458160256853 0.008949538707732171 0.010004495812895814 0.011059452918059457 0.0121144100232231 0.012659485262472833 0.012659485262472833 0.012659485262472833 0.012659485262472833 0.012659485262472833 0.012659485262472833 0.012659485262472833
-9999.0 -9999.0 -9999.0 -9999.0 -9999.0 -9999.0 -9999.0 -9999.0 -9999.0 -9999.0 0.0 0.0 0.0 0.0 0.0 0.0 0.0 0.0 0.0 0.0 0.0 0.0 0.0 0.0 0.0 0.0 0.0 0.0 0.0 0.0 0.0 0.0 0.0 0.0 0.0 0.0 0.0 0.0 0.0 0.0008536209039562609 0.002619781846416071 0.004385942788875882 0.0061521037313356924 0.007918264673795503 0.009684425616255314 0.011450586558715123 0.013216747501174934 0.014982908443634745 0.016749069386094554 0.018515230328554365 0.020281391271014176 0.021193931310370076 0.021193931310370076 0.021193931310370076 0.021193931310370076 0.021193931310370076 0.021193931310370076 0.021193931310370076
-9999.0 -9999.0 -9999.0 -9999.0 -9999.0 -9999.0 -9999.0 -9999.0 -9999.0 -9999.0 -9999.0 0.0 0.0 0.0 0.0 0.0 0.0 0.0 0.0 0.0 0.0 0.0 0.0 0.0 0.0 0.0 0.0 0.0 0.0 0.0 0.0 0.0 0.0 0.0 0.0 0.0 0.0 0.0 0.0 0.0011973599414894902 0.0036747247212454686 0.006152089501001447 0.008629454280757426 0.011106819060513404 0.013584183840269383 0.016061548620025363 0.01853891339978134 0.02101627817953732 0.023493642959293296 0.025971007739049274 0.028448372518805252 0.02972837735826732 0.02972837735826732 0.02972837735826732 0.02972837735826732 0.02972837735826732 0.02972837735826732 0.02972837735826732
-9999.0 -9999.0 -9999.0 -9999.0 -9999.0 -9999.0 -9999.0 -9999.0 -9999.0 -9999.0 -9999.0 0.0 0.0 0.0 0.0 0.0 0.0 0.0 0.0 0.0 0.0 0.0 0.0 0.0 0.0 0.0 0.0 0.0 0.0 0.0 0.0 0.0 0.0 0.0 0.0 0.0 0.0 0.0 0.0 0.0015410989790227195 0.004729667596074866 0.007918236213127013 0.01110680483017916 0.014295373447231306 0.017483942064283452 0.020672510681335597 0.023861079298387745 0.02704964791543989 0.03023821653249204 0.03342678514954418 0.03661535376659633 0.03826282340616456 0.03826282340616456 0.03826282340616456 0.03826282340616456 0.03826282340616456 0.03826282340616456 0.03826282340616456
