Figures/CREST_Example_wjb_NSE/Rolling_result/20100722/BJP_forecast/ens_14/wjb.rain.20100727.asc
ncols            288
nrows            254
xllcorner        113.274861
yllcorner        31.4918055
cellsize         0.008333333333
NODATA_value     -9999
[rows 220 to 241 of 254, columns 200 to 249 of 288]
7.1861925925941375 7.112666566141708 7.039140539689278 6.965614513236848 6.892088486784418 6.8185624603319885 6.745036433879559 6.676284717623322 6.612636847005421 6.548988976387628 6.485341105769836 6.421693235152043 6.3580453645342505 6.294397493916458 6.230749623298665 6.167101752680873 6.10345388206308 6.039806011445288 5.976158140827495 5.79556505026022 5.4899548729528895 5.184344695645038 4.8787345183377075 4.573124341030377 4.267514163723046 3.9619039864157157 3.6562938091083854 3.3506836318010547 3.0450734544937244 2.7394632771863936 2.4338530998790633 1.9280608751722959 1.9280608751722959 1.9280608751722959 1.9280608751722959 1.9280608751722959 -9999.0 -9999.0 -9999.0 -9999.0 -9999.0 -9999.0 -9999.0 -9999.0 -9999.0 -9999.0 -9999.0 -9999.0 -9999.0 -9999.0
7.875121649489402 7.781259206348467 7.687396763207531 7.593534320066595 7.4996718769256585 7.405809433784723 7.311946990643787 7.2456368009656895 7.208780593724143 7.171924386482659 7.135068179241175 7.0982119719996914 7.061355764758208 7.024499557516724 6.98764335027524 6.950787143033756 6.913930935792273 6.877074728550789 6.840218521309305 6.640916096556159 6.267954988925492 5.894993881294189 5.522032773663522 5.149071666032855 4.776110558402188 4.4031494507715205 4.030188343140853 3.657227235510186 3.2842661278795187 2.911305020248851 2.538343912618184 1.9280608751722959 1.9280608751722959 1.9280608751722959 1.9280608751722959 -9999.0 -9999.0 -9999.0 -9999.0 -9999.0 -9999.0 -9999.0 -9999.0 -9999.0 -9999.0 -9999.0 -9999.0 -9999.0 -9999.0 -9999.0
8.564050706384666 8.449851846555225 8.335652986725783 8.22145412689634 8.107255267066899 7.993056407237457 7.878857547408016 7.814988884308057 7.804924340442865 7.79485979657769 7.784795252712515 7.77473070884734 7.764666164982165 7.75460162111699 7.744537077251815 7.73447253338664 7.724407989521465 7.714343445656289 7.704278901791114 7.4862671428521 7.045955104898095 6.60564306694334 6.165331028989336 5.725018991035332 5.2847069530813275 4.8443949151273245 4.40408287717332 3.9637708392193156 3.5234588012653116 3.0831467633113077 2.6428347253573037 1.9280608751722959 1.9280608751722959 1.9280608751722959 1.9280608751722959 -9999.0 -9999.0 -9999.0 -9999.0 -9999.0 -9999.0 -9999.0 -9999.0 -9999.0 -9999.0 -9999.0 -9999.0 -9999.0 -9999.0 -9999.0
9.252979763280225 9.118444486762268 8.983909210244313 8.849373933726355 8.7148386572084 8.580303380690443 8.445768104172487 8.384340967650667 8.40106808716184 8.417795206672986 8.434522326184132 8.451249445695277 8.467976565206422 8.484703684717568 8.501430804228713 8.518157923739858 8.534885043251002 8.551612162762147 8.568339282273293 8.3316181891484 7.823955220871031 7.3162922525927945 6.808629284315425 6.300966316038055 5.793303347760686 5.285640379483317 4.7779774112059465 4.270314442928576 3.762651474651207 3.254988506373837 2.747325538096468 1.9280608751722959 1.9280608751722959 1.9280608751722959 1.9280608751722959 1.9280608751722959 1.9280608751722959 -9999.0 -9999.0 -9999.0 -9999.0 -9999.0 -9999.0 -9999.0 -9999.0 -9999.0 -9999.0 -9999.0 -9999.0 -9999.0
9.94190882017549 9.787037126969027 9.632165433762564 9.477293740556103 9.32242204734964 9.167550354143177 9.012678660936714 8.953693050993035 8.997211833880563 9.040730616768016 9.084249399655471 9.127768182542924 9.171286965430378 9.214805748317833 9.258324531205286 9.30184331409274 9.345362096980194 9.388880879867648 9.4323996627551 9.176969235444338 8.60195533684363 8.026941438241945 7.451927539641238 6.876913641040531 6.301899742439826 5.726885843839119 5.151871945238413 4.576858046637706 4.001844148037 3.4268302494362928 2.8518163508355867 1.9280608751722959 1.9280608751722959 1.9280608751722959 1.9280608751722959 1.9280608751722959 1.9280608751722959 1.9280608751722959 -9999.0 -9999.0 -9999.0 -9999.0 -9999.0 -9999.0 -9999.0 -9999.0 -9999.0 -9999.0 -9999.0 -9999.0
10.630837877070755 10.455629767175786 10.280421657280817 10.105213547385848 9.93000543749088 9.754797327595911 9.579589217700942 9.523045134335403 9.593355580599285 9.663666026863048 9.73397647312681 9.804286919390572 9.874597365654335 9.944907811918098 10.01521825818186 10.085528704445624 10.155839150709385 10.226149596973148 10.29646004323691 10.022320281740278 9.379955452816233 8.737590623891096 8.095225794967053 7.4528609660430085 6.810496137118966 6.168131308194923 5.52576647927088 4.883401650346836 4.241036821422793 3.5986719924987502 2.9563071635747065 1.9280608751722959 1.9280608751722959 1.9280608751722959 1.9280608751722959 1.9280608751722959 1.9280608751722959 1.9280608751722959 1.9280608751722959 -9999.0 -9999.0 -9999.0 -9999.0 -9999.0 -9999.0 -9999.0 -9999.0 -9999.0 -9999.0 -9999.0
11.319766933966314 11.12422240738283 10.928677880799347 10.733133354215862 10.53758882763238 10.342044301048897 10.146499774465413 10.092397217678013 10.189499327318261 10.286601436958344 10.383703546598428 10.48080565623851 10.577907765878592 10.675009875518676 10.772111985158759 10.86921409479884 10.966316204438924 11.063418314079007 11.160520423719088 10.867671328036577 10.15795556878917 9.44823980954055 8.73852405029314 8.028808291045731 7.319092531798323 6.609376772550914 5.899661013303505 5.189945254056097 4.480229494808688 3.770513735561279 3.0607979763138697 1.9280608751722959 1.9280608751722959 1.9280608751722959 1.9280608751722959 1.9280608751722959 1.9280608751722959 1.9280608751722959 1.9280608751722959 -9999.0 -9999.0 -9999.0 -9999.0 -9999.0 -9999.0 -9999.0 -9999.0 -9999.0 -9999.0 -9999.0
12.008695990861579 11.792815047589588 11.5769341043176 11.36105316104561 11.14517221777362 10.929291274501631 10.713410331229642 10.66174930102038 10.785643074036983 10.909536847053374 11.033430620069767 11.157324393086158 11.28121816610255 11.40511193911894 11.529005712135334 11.652899485151725 11.776793258168116 11.900687031184507 12.024580804200898 11.713022374332517 10.935955684761772 10.1588889951897 9.381822305618956 8.60475561604821 7.827688926477465 7.050622236906719 6.273555547335974 5.496488857765228 4.719422168194482 3.942355478623737 3.165288789052992 1.9280608751722959 1.9280608751722959 1.9280608751722959 1.9280608751722959 1.9280608751722959 1.9280608751722959 1.9280608751722959 1.9280608751722959 1.9280608751722959 -9999.0 -9999.0 -9999.0 -9999.0 -9999.0 -9999.0 -9999.0 -9999.0 -9999.0 -9999.0
12.697625047756842 12.461407687796347 12.225190327835852 11.988972967875355 11.75275560791486 11.516538247954365 11.28032088799387 11.231101384362749 11.381786820755705 11.532472257148406 11.683157693541107 11.833843129933806 11.984528566326507 12.135214002719207 12.285899439111907 12.436584875504607 12.587270311897308 12.737955748290009 12.888641184682708 12.558373420628458 11.713955800734375 10.869538180838852 10.02512056094477 9.180702941050688 8.336285321156605 7.491867701262523 6.647450081368441 5.803032461474358 4.958614841580276 4.114197221686194 3.269779601792111 1.9280608751722959 1.9280608751722959 1.9280608751722959 1.9280608751722959 1.9280608751722959 1.9280608751722959 1.9280608751722959 1.9280608751722959 1.9280608751722959 -9999.0 -9999.0 -9999.0 -9999.0 -9999.0 -9999.0 -9999.0 -9999.0 -9999.0 -9999.0
12.963187760819514 12.703249186526593 12.443310612233674 12.183372037940753 11.923433463647834 11.663494889354915 11.403556315061994 11.348136928447175 11.511353181561564 11.674569434675675 11.837785687789786 12.001001940903896 12.164218194018007 12.327434447132118 12.490650700246228 12.653866953360339 12.81708320647445 12.98029945958856 13.143515712702671 1.9280608751722959 1.9280608751722959 1.9280608751722959 1.9280608751722959 1.9280608751722959 1.9280608751722959 1.9280608751722959 1.9280608751722959 1.9280608751722959 1.9280608751722959 1.9280608751722959 1.9280608751722959 1.9280608751722959 1.9280608751722959 1.9280608751722959 1.9280608751722959 1.9280608751722959 1.9280608751722959 1.9280608751722959 1.9280608751722959 1.9280608751722959 -9999.0 -9999.0 -9999.0 -9999.0 -9999.0 -9999.0 -9999.0 -9999.0 -9999.0 -9999.0
12.776198534606284 12.488920610623392 12.201642686640502 11.91436476265761 11.627086838674721 11.33980891469183 11.052530990708938 10.981674598905839 11.142177722444519 11.302680845982925 11.463183969521332 11.623687093059738 11.784190216598144 11.944693340136551 12.105196463674957 12.265699587213364 12.42620271075177 12.586705834290177 12.747208957828583 1.9280608751722959 1.9280608751722959 1.9280608751722959 1.9280608751722959 1.9280608751722959 1.9280608751722959 1.9280608751722959 1.9280608751722959 1.9280608751722959 1.9280608751722959 1.9280608751722959 1.9280608751722959 1.9280608751722959 1.9280608751722959 1.9280608751722959 1.9280608751722959 1.9280608751722959 1.9280608751722959 1.9280608751722959 -9999.0 -9999.0 -9999.0 -9999.0 -9999.0 -9999.0 -9999.0 -9999.0 -9999.0 -9999.0 -9999.0 -9999.0
12.589209308393135 12.274592034720284 11.959974761047434 11.645357487374582 11.330740213701732 11.016122940028882 10.70150566635603 10.615212269364658 10.77300226332763 10.930792257290333 11.088582251253037 11.24637224521574 11.404162239178444 11.561952233141147 11.71974222710385 11.877532221066554 12.035322215029257 12.19311220899196 12.350902202954664 1.9280608751722959 1.9280608751722959 1.9280608751722959 1.9280608751722959 1.9280608751722959 1.9280608751722959 1.9280608751722959 1.9280608751722959 1.9280608751722959 1.9280608751722959 1.9280608751722959 1.9280608751722959 1.9280608751722959 1.9280608751722959 1.9280608751722959 1.9280608751722959 -9999.0 -9999.0 -9999.0 -9999.0 -9999.0 -9999.0 -9999.0 -9999.0 -9999.0 -9999.0 -9999.0 -9999.0 -9999.0 -9999.0 -9999.0
12.402220082179984 12.060263458817175 11.718306835454364 11.376350212091554 11.034393588728744 10.692436965365934 10.350480342003124 10.248749939823476 10.403826804210741 10.558903668597742 10.713980532984742 10.869057397371742 11.024134261758743 11.179211126145743 11.334287990532744 11.489364854919744 11.644441719306744 11.799518583693745 11.954595448080745 1.9280608751722959 1.9280608751722959 1.9280608751722959 1.9280608751722959 1.9280608751722959 1.9280608751722959 1.9280608751722959 1.9280608751722959 1.9280608751722959 1.9280608751722959 1.9280608751722959 1.9280608751722959 1.9280608751722959 1.9280608751722959 1.9280608751722959 -9999.0 -9999.0 -9999.0 -9999.0 -9999.0 -9999.0 -9999.0 -9999.0 -9999.0 -9999.0 -9999.0 -9999.0 -9999.0 -9999.0 -9999.0 -9999.0
12.215230855966754 11.845934882913973 11.47663890986119 11.10734293680841 10.738046963755629 10.368750990702846 9.999455017650066 9.882287610282138 10.034651345093694 10.18701507990499 10.339378814716286 10.491742549527583 10.644106284338879 10.796470019150174 10.948833753961472 11.101197488772767 11.253561223584063 11.40592495839536 11.558288693206656 1.9280608751722959 1.9280608751722959 1.9280608751722959 1.9280608751722959 1.9280608751722959 1.9280608751722959 1.9280608751722959 1.9280608751722959 1.9280608751722959 1.9280608751722959 1.9280608751722959 1.9280608751722959 -9999.0 -9999.0 -9999.0 -9999.0 -9999.0 -9999.0 -9999.0 -9999.0 -9999.0 -9999.0 -9999.0 -9999.0 -9999.0 -9999.0 -9999.0 -9999.0 -9999.0 -9999.0 -9999.0
12.028241629753605 11.631606307010864 11.234970984268124 10.838335661525383 10.441700338782642 10.0450650160399 9.64842969329716 9.515825280740957 9.665475885976806 9.815126491212398 9.964777096447992 10.114427701683585 10.264078306919178 10.413728912154772 10.563379517390365 10.713030122625957 10.862680727861552 11.012331333097144 11.161981938332737 1.9280608751722959 1.9280608751722959 1.9280608751722959 1.9280608751722959 1.9280608751722959 1.9280608751722959 1.9280608751722959 1.9280608751722959 1.9280608751722959 1.9280608751722959 1.9280608751722959 -9999.0 -9999.0 -9999.0 -9999.0 -9999.0 -9999.0 -9999.0 -9999.0 -9999.0 -9999.0 -9999.0 -9999.0 -9999.0 -9999.0 -9999.0 -9999.0 -9999.0 -9999.0 -9999.0 -9999.0
11.841252403540455 11.417277731107754 10.993303058675053 10.569328386242354 10.145353713809653 9.721379041376952 9.297404368944251 9.149362951199775 9.296300426859917 9.443237902519806 9.590175378179696 9.737112853839587 9.884050329499477 10.030987805159366 10.177925280819258 10.324862756479147 10.471800232139039 10.618737707798928 10.765675183458818 1.9280608751722959 1.9280608751722959 1.9280608751722959 1.9280608751722959 1.9280608751722959 1.9280608751722959 1.9280608751722959 1.9280608751722959 1.9280608751722959 1.9280608751722959 1.9280608751722959 -9999.0 -9999.0 -9999.0 -9999.0 -9999.0 -9999.0 -9999.0 -9999.0 -9999.0 -9999.0 -9999.0 -9999.0 -9999.0 -9999.0 -9999.0 -9999.0 -9999.0 -9999.0 -9999.0 -9999.0
11.654263177327225 11.202949155204553 10.751635133081882 10.30032111095921 9.849007088836538 9.397693066713867 8.946379044591195 8.782900621658438 8.92712496774287 9.071349313827056 9.215573659911243 9.359798005995428 9.504022352079614 9.648246698163799 9.792471044247986 9.936695390332172 10.080919736416357 10.225144082500544 10.36936842858473 1.9280608751722959 1.9280608751722959 1.9280608751722959 1.9280608751722959 1.9280608751722959 1.9280608751722959 1.9280608751722959 1.9280608751722959 1.9280608751722959 -9999.0 -9999.0 -9999.0 -9999.0 -9999.0 -9999.0 -9999.0 -9999.0 -9999.0 -9999.0 -9999.0 -9999.0 -9999.0 -9999.0 -9999.0 -9999.0 -9999.0 -9999.0 -9999.0 -9999.0 -9999.0 -9999.0
11.467273951114077 10.988620579301445 10.509967207488813 10.031313835676182 9.55266046386355 9.07400709205092 8.595353720238286 8.416438292117256 8.557949508625981 8.699460725134463 8.840971941642946 8.98248315815143 9.123994374659912 9.265505591168395 9.407016807676877 9.54852802418536 9.690039240693844 9.831550457202326 9.97306167371081 1.9280608751722959 1.9280608751722959 1.9280608751722959 1.9280608751722959 1.9280608751722959 1.9280608751722959 1.9280608751722959 1.9280608751722959 1.9280608751722959 -9999.0 -9999.0 -9999.0 -9999.0 -9999.0 -9999.0 -9999.0 -9999.0 -9999.0 -9999.0 -9999.0 -9999.0 -9999.0 -9999.0 -9999.0 -9999.0 -9999.0 -9999.0 -9999.0 -9999.0 -9999.0 -9999.0
11.280284724900927 10.774292003398335 10.268299281895743 9.762306560393153 9.256313838890563 8.750321117387971 8.244328395885379 8.049975962576076 8.18877404950909 8.327572136441871 8.466370223374652 8.60516831030743 8.74396639724021 8.882764484172991 9.02156257110577 9.16036065803855 9.29915874497133 9.43795683190411 9.57675491883689 1.9280608751722959 1.9280608751722959 1.9280608751722959 1.9280608751722959 1.9280608751722959 1.9280608751722959 1.9280608751722959 1.9280608751722959 1.9280608751722959 -9999.0 -9999.0 -9999.0 -9999.0 -9999.0 -9999.0 -9999.0 -9999.0 -9999.0 -9999.0 -9999.0 -9999.0 -9999.0 -9999.0 -9999.0 -9999.0 -9999.0 -9999.0 -9999.0 -9999.0 -9999.0 -9999.0
11.093295498687697 10.559963427495134 10.026631356302572 9.493299285110009 8.959967213917448 8.426635142724885 7.893303071532323 7.683513633034738 7.8195985903920455 7.955683547749121 8.091768505106197 8.227853462463273 8.363938419820348 8.500023377177424 8.636108334534498 8.772193291891574 8.90827824924865 9.044363206605725 9.1804481639628 1.9280608751722959 1.9280608751722959 1.9280608751722959 1.9280608751722959 1.9280608751722959 1.9280608751722959 1.9280608751722959 1.9280608751722959 -9999.0 -9999.0 -9999.0 -9999.0 -9999.0 -9999.0 -9999.0 -9999.0 -9999.0 -9999.0 -9999.0 -9999.0 -9999.0 -9999.0 -9999.0 -9999.0 -9999.0 -9999.0 -9999.0 -9999.0 -9999.0 -9999.0 -9999.0
10.906306272474547 10.345634851592024 9.784963430709503 9.224292009826982 8.66362058894446 8.102949168061937 7.542277747179415 7.317051303493556 7.450423131275156 7.583794959056529 7.717166786837901 7.850538614619274 7.983910442400647 8.117282270182018 8.250654097963391 8.384025925744764 8.517397753526136 8.65076958130751 8.784141409088882 1.9280608751722959 1.9280608751722959 1.9280608751722959 1.9280608751722959 1.9280608751722959 1.9280608751722959 1.9280608751722959 1.9280608751722959 -9999.0 -9999.0 -9999.0 -9999.0 -9999.0 -9999.0 -9999.0 -9999.0 -9999.0 -9999.0 -9999.0 -9999.0 -9999.0 -9999.0 -9999.0 -9999.0 -9999.0 -9999.0 -9999.0 -9999.0 -9999.0 -9999.0 -9999.0
1.9280608751722959 1.9280608751722959 1.9280608751722959 1.9280608751722959 1.9280608751722959 1.9280608751722959 1.9280608751722959 1.9280608751722959 1.9280608751722959 1.9280608751722959 1.9280608751722959 1.9280608751722959 1.9280608751722959 1.9280608751722959 1.9280608751722959 1.9280608751722959 1.9280608751722959 1.9280608751722959 1.9280608751722959 1.9280608751722959 1.9280608751722959 1.9280608751722959 1.9280608751722959 1.9280608751722959 -9999.0 -9999.0 -9999.0 -9999.0 -9999.0 -9999.0 -9999.0 -9999.0 -9999.0 -9999.0 -9999.0 -9999.0 -9999.0 -9999.0 -9999.0 -9999.0 -9999.0 -9999.0 -9999.0 -9999.0 -9999.0 -9999.0 -9999.0 -9999.0 -9999.0 -9999.0
