Figures/CREST_Example_wjb_NSE/Rolling_result/20100722/BJP_forecast/ens_14/wjb.rain.20091215.asc
ncols            288
nrows            254
xllcorner        113.274861
yllcorner        31.4918055
cellsize         0.008333333333
NODATA_value     -9999
[rows 126 to 146 of 254, columns 192 to 239 of 288]
0.7920882510858368 0.8756126129862253 0.9591369748866139 1.0172521800365888 1.048204421684062 1.0791566633315353 1.1101089049790083 1.1410611466264815 1.1720133882739547 1.2029656299214277 1.233917871568901 1.2648701132163742 1.2958223548638472 1.3267745965113205 1.3577268381587935 1.3737192426295344 1.3737192426295344 1.3737192426295344 1.3737192426295344 1.3737192426295344 1.3737192426295344 1.3737192426295344 1.3737192426295344 1.3737192426295344 1.3737192426295344 1.3737192426295344 1.3737192426295344 1.4197477274079484 1.5149817040956686 1.610215680783551 1.7054496574712712 1.8006836341589914 1.8959176108467115 1.9911515875344317 2.0863855642221516 2.181619540909872 2.2768535175975924 2.3720874942853123 2.4673214709730322 2.516526962928136 2.516526962928136 2.516526962928136 2.516526962928136 2.516526962928136 2.516526962928136 2.516526962928136 2.516526962928136 2.516526962928136
0.7866495301963301 0.8696003882084491 0.9525512462205682 1.0097327638035372 1.0393662733815177 1.0689997829594984 1.098633292537479 1.1282668021154596 1.1579003116934403 1.187533821271421 1.2171673308494015 1.2468008404273823 1.276434350005363 1.3060678595833437 1.3357013691613244 1.3510124111354789 1.3510124111354789 1.3510124111354789 1.3510124111354789 1.3510124111354789 1.3510124111354789 1.3510124111354789 1.3510124111354789 1.3510124111354789 1.3510124111354789 1.3510124111354789 1.3510124111354789 1.3933703391725552 1.4810098508932374 1.5686493626140692 1.6562888743347515 1.7439283860554338 1.831567897776116 1.9192074094967984 2.0068469212174804 2.094486432938163 2.182125944658845 2.2697654563795275 2.3574049681002096 2.402686551825961 2.402686551825961 2.402686551825961 2.402686551825961 2.402686551825961 2.402686551825961 2.402686551825961 2.402686551825961 2.402686551825961
0.7812108093068236 0.8635881634306731 0.9459655175545226 1.0022133475704853 1.0305281250789735 1.0588429025874617 1.0871576800959497 1.115472457604438 1.1437872351129261 1.1721020126214143 1.2004167901299023 1.2287315676383905 1.2570463451468785 1.2853611226553667 1.313675900163855 1.3283055796414234 1.3283055796414234 1.3283055796414234 1.3283055796414234 1.3283055796414234 1.3283055796414234 1.3283055796414234 1.3283055796414234 1.3283055796414234 1.3283055796414234 1.3283055796414234 1.3283055796414234 1.366992950937162 1.4470379976908065 1.5270830444445873 1.6071280911982317 1.6871731379518762 1.7672181847055206 1.847263231459165 1.9273082782128093 2.007353324966454 2.087398371720098 2.1674434184737423 2.247488465227387 2.288846140723786 2.288846140723786 2.288846140723786 2.288846140723786 2.288846140723786 2.288846140723786 2.288846140723786 2.288846140723786 2.288846140723786
0.7757720884173172 0.857575938652897 0.9393797888884771 0.9946939313374337 1.0216899767764294 1.0486860222154248 1.0756820676544205 1.1026781130934162 1.129674158532412 1.1566702039714074 1.183666249410403 1.2106622948493988 1.2376583402883945 1.26465438572739 1.2916504311663857 1.3055987481473679 1.3055987481473679 1.3055987481473679 1.3055987481473679 1.3055987481473679 1.3055987481473679 1.3055987481473679 1.3055987481473679 1.3055987481473679 1.3055987481473679 1.3055987481473679 1.3055987481473679 1.340615562701769 1.4130661444883754 1.4855167262751054 1.557967308061712 1.6304178898483186 1.7028684716349252 1.7753190534215317 1.847769635208138 1.9202202169947447 1.9926707987813512 2.0651213805679576 2.1375719623545644 2.1750057296216108 2.1750057296216108 2.1750057296216108 2.1750057296216108 2.1750057296216108 2.1750057296216108 2.1750057296216108 2.1750057296216108 2.1750057296216108
0.7703333675278107 0.8515637138751211 0.9327940602224315 0.9871745151043819 1.012851828473885 1.0385291418433882 1.0642064552128914 1.0898837685823943 1.1155610819518975 1.1412383953214005 1.1669157086909037 1.1925930220604068 1.21827033542991 1.243947648799413 1.2696249621689162 1.2828919166533121 1.2828919166533121 1.2828919166533121 1.2828919166533121 1.2828919166533121 1.2828919166533121 1.2828919166533121 1.2828919166533121 1.2828919166533121 1.2828919166533121 1.2828919166533121 1.2828919166533121 1.3142381744663756 1.3790942912859443 1.4439504081056236 1.508806524925192 1.5736626417447608 1.6385187585643293 1.703374875383898 1.7682309922034665 1.8330871090230352 1.8979432258426039 1.9627993426621724 2.027655459481741 2.061165318519435 2.061165318519435 2.061165318519435 2.061165318519435 2.061165318519435 2.061165318519435 2.061165318519435 2.061165318519435 2.061165318519435
0.7648946466382995 0.8455514890973399 0.9262083315563803 0.9796550988713238 1.0040136801713333 1.0283722614713429 1.0527308427713522 1.0770894240713618 1.1014480053713713 1.1258065866713807 1.1501651679713902 1.1745237492713996 1.1988823305714091 1.2232409118714185 1.247599493171428 1.2601850851592373 1.2601850851592373 1.2601850851592373 1.2601850851592373 1.2601850851592373 1.2601850851592373 1.2601850851592373 1.2601850851592373 1.2601850851592373 1.2601850851592373 1.2601850851592373 1.2601850851592373 1.2878607862309601 1.3451224380834843 1.4023840899361062 1.4596457417886306 1.5169073936411548 1.574169045493679 1.6314306973462034 1.6886923491987276 1.7459540010512518 1.8032156529037762 1.8604773047563004 1.9177389566088245 1.947324907417163 1.947324907417163 1.947324907417163 1.947324907417163 1.947324907417163 1.947324907417163 1.947324907417163 1.947324907417163 1.947324907417163
0.759455925748793 0.8395392643195638 0.9196226028903347 0.9721356826382721 0.995175531868789 1.018215381099306 1.0412552303298228 1.0642950795603399 1.087334928790857 1.1103747780213737 1.1334146272518908 1.1564544764824076 1.1794943257129247 1.2025341749434415 1.2255740241739586 1.2374782536651816 1.2374782536651816 1.2374782536651816 1.2374782536651816 1.2374782536651816 1.2374782536651816 1.2374782536651816 1.2374782536651816 1.2374782536651816 1.2374782536651816 1.2374782536651816 1.2374782536651816 1.2614833979955666 1.3111505848810532 1.3608177717666243 1.4104849586521107 1.460152145537597 1.5098193324230835 1.5594865193085699 1.6091537061940562 1.6588208930795427 1.708488079965029 1.7581552668505154 1.807822453736002 1.8334844963149879 1.8334844963149879 1.8334844963149879 1.8334844963149879 1.8334844963149879 1.8334844963149879 1.8334844963149879 1.8334844963149879 1.8334844963149879
0.7261695178956622 0.8027428612454743 0.8793162045952865 0.9301202940184612 0.9533764679098137 0.9766326418011662 0.9998888156925186 1.0231449895838711 1.0464011634752235 1.069657337366576 1.0929135112579285 1.116169685149281 1.1394258590406334 1.162682032931986 1.1859382068233384 1.1979542069421134 1.1979542069421134 1.1979542069421134 1.1979542069421134 1.1979542069421134 1.1979542069421134 1.1979542069421134 1.1979542069421134 1.1979542069421134 1.1979542069421134 1.1979542069421134 1.1979542069421134 1.2190612197810307 1.2627321070223927 1.306402994263829 1.350073881505191 1.393744768746553 1.4374156559879148 1.4810865432292768 1.5247574304706388 1.5684283177120006 1.6120992049533627 1.6557700921947245 1.6994409794360865 1.7220048538595323 1.7220048538595323 1.7220048538595323 1.7220048538595323 1.7220048538595323 1.7220048538595323 1.7220048538595323 1.7220048538595323 1.7220048538595323
0.6631156882114986 0.7330401122236916 0.8029645362358846 0.8512308855617554 0.8763442629878666 0.9014576404139779 0.9265710178400891 0.9516843952662004 0.9767977726923116 1.0019111501184228 1.0270245275445342 1.0521379049706454 1.0772512823967566 1.1023646598228678 1.127478037248979 1.1404536173054733 1.1404536173054733 1.1404536173054733 1.1404536173054733 1.1404536173054733 1.1404536173054733 1.1404536173054733 1.1404536173054733 1.1404536173054733 1.1404536173054733 1.1404536173054733 1.1404536173054733 1.1594881725509327 1.198871098129168 1.2382540237074704 1.2776369492857056 1.3170198748639408 1.356402800442176 1.3957857260204112 1.4351686515986464 1.4745515771768816 1.513934502755117 1.5533174283333522 1.5927003539115874 1.613048724263302 1.613048724263302 1.613048724263302 1.613048724263302 1.613048724263302 1.613048724263302 1.613048724263302 1.613048724263302 1.613048724263302
0.6000618585273348 0.6633373632019087 0.7266128678764826 0.7723414771050495 0.7993120580659195 0.8262826390267897 0.8532532199876597 0.8802238009485297 0.9071943819093997 0.9341649628702697 0.9611355438311397 0.9881061247920098 1.0150767057528798 1.0420472867137498 1.0690178676746198 1.0829530276688333 1.0829530276688333 1.0829530276688333 1.0829530276688333 1.0829530276688333 1.0829530276688333 1.0829530276688333 1.0829530276688333 1.0829530276688333 1.0829530276688333 1.0829530276688333 1.0829530276688333 1.099915125320835 1.1350100892359434 1.1701050531511117 1.2052000170662203 1.2402949809813286 1.2753899448964372 1.3104849088115456 1.3455798727266541 1.3806748366417625 1.415769800556871 1.4508647644719794 1.485959728387088 1.5040925946670718 1.5040925946670718 1.5040925946670718 1.5040925946670718 1.5040925946670718 1.5040925946670718 1.5040925946670718 1.5040925946670718 1.5040925946670718
0.5370080288431713 0.593634614180126 0.6502611995170807 0.6934520686483439 0.7222798531439726 0.7511076376396014 0.7799354221352301 0.808763206630859 0.8375909911264878 0.8664187756221167 0.8952465601177454 0.9240743446133742 0.952902129109003 0.9817299136046318 1.0105576981002606 1.0254524380321932 1.0254524380321932 1.0254524380321932 1.0254524380321932 1.0254524380321932 1.0254524380321932 1.0254524380321932 1.0254524380321932 1.0254524380321932 1.0254524380321932 1.0254524380321932 1.0254524380321932 1.040342078090737 1.0711490803427188 1.101956082594753 1.1327630848467347 1.1635700870987165 1.1943770893506982 1.22518409160268 1.2559910938546617 1.2867980961066434 1.3176050983586252 1.348412100610607 1.3792191028625886 1.3951364650708415 1.3951364650708415 1.3951364650708415 1.3951364650708415 1.3951364650708415 1.3951364650708415 1.3951364650708415 1.3951364650708415 1.3951364650708415
0.4739541991589538 0.5239318651582837 0.5739095311576136 0.6145626601915707 0.6452476482219598 0.675932636252349 0.7066176242827381 0.7373026123131273 0.7679876003435164 0.7986725883739056 0.8293575764042949 0.860042564434684 0.8907275524650731 0.9214125404954623 0.9520975285258515 0.9679518483955041 0.9679518483955041 0.9679518483955041 0.9679518483955041 0.9679518483955041 0.9679518483955041 0.9679518483955041 0.9679518483955041 0.9679518483955041 0.9679518483955041 0.9679518483955041 0.9679518483955041 0.9807690308605883 1.0072880714494397 1.0338071120383363 1.0603261526271877 1.0868451932160388 1.1133642338048901 1.1398832743937415 1.1664023149825928 1.1929213555714442 1.2194403961602955 1.2459594367491469 1.2724784773379982 1.2861803354745183 1.2861803354745183 1.2861803354745183 1.2861803354745183 1.2861803354745183 1.2861803354745183 1.2861803354745183 1.2861803354745183 1.2861803354745183
0.4109003694747902 0.45422911613650097 0.4975578627982117 0.5356732517348649 0.5682154433000128 0.6007576348651608 0.6332998264303087 0.6658420179954567 0.6983842095606045 0.7309264011257526 0.7634685926909004 0.7960107842560484 0.8285529758211964 0.8610951673863443 0.8936373589514922 0.910451258758864 0.910451258758864 0.910451258758864 0.910451258758864 0.910451258758864 0.910451258758864 0.910451258758864 0.910451258758864 0.910451258758864 0.910451258758864 0.910451258758864 0.910451258758864 0.9211959836304904 0.943427062556215 0.9656581414819775 0.9878892204077021 1.0101202993334268 1.0323513782591514 1.0545824571848759 1.0768135361106006 1.0990446150363251 1.1212756939620498 1.1435067728877744 1.1657378518134989 1.177224205878288 1.177224205878288 1.177224205878288 1.177224205878288 1.177224205878288 1.177224205878288 1.177224205878288 1.177224205878288 1.177224205878288
0.34784653979062646 0.38452636711471805 0.42120619443880963 0.4567838432781591 0.49118323837806577 0.5255826334779725 0.5599820285778793 0.5943814236777859 0.6287808187776927 0.6631802138775994 0.6975796089775061 0.7319790040774128 0.7663783991773195 0.8007777942772263 0.8351771893771329 0.852950669122224 0.852950669122224 0.852950669122224 0.852950669122224 0.852950669122224 0.852950669122224 0.852950669122224 0.852950669122224 0.852950669122224 0.852950669122224 0.852950669122224 0.852950669122224 0.8616229364003926 0.8795660536629903 0.8975091709256189 0.9154522881882168 0.9333954054508146 0.9513385227134125 0.9692816399760104 0.9872247572386083 1.005167874501206 1.023110991763804 1.0410541090264018 1.0589972262889997 1.0682680762820578 1.0682680762820578 1.0682680762820578 1.0682680762820578 1.0682680762820578 1.0682680762820578 1.0682680762820578 1.0682680762820578 1.0682680762820578
0.28479271010646284 0.3148236180929353 0.34485452607940775 0.37789443482145324 0.41415103345611876 0.45040763209078427 0.48666423072544973 0.5229208293601152 0.5591774279947808 0.5954340266294462 0.6316906252641117 0.6679472238987771 0.7042038225334426 0.7404604211681082 0.7767170198027736 0.7954500794855839 0.7954500794855839 0.7954500794855839 0.7954500794855839 0.7954500794855839 0.7954500794855839 0.7954500794855839 0.7954500794855839 0.7954500794855839 0.7954500794855839 0.7954500794855839 0.7954500794855839 0.8020498891702946 0.8157050447697658 0.8293602003692602 0.8430153559687313 0.8566705115682025 0.8703256671676737 0.8839808227671448 0.897635978366616 0.9112911339660872 0.9249462895655584 0.9386014451650295 0.9522566007645006 0.9593119466858278 0.9593119466858278 0.9593119466858278 0.9593119466858278 0.9593119466858278 0.9593119466858278 0.9593119466858278 0.9593119466858278 0.9593119466858278
0.22173888042229922 0.24512086907115252 0.2685028577200058 0.29900502636474746 0.33711882853417174 0.375232630703596 0.4133464328730203 0.4514602350424446 0.4895740372118689 0.5276878393812932 0.5658016415507174 0.6039154437201417 0.642029245889566 0.6801430480589903 0.7182568502284146 0.7379494898489439 0.7379494898489439 0.7379494898489439 0.7379494898489439 0.7379494898489439 0.7379494898489439 0.7379494898489439 0.7379494898489439 0.7379494898489439 0.7379494898489439 0.7379494898489439 0.7379494898489439 0.7424768419401968 0.7518440358765413 0.7612112298129016 0.770578423749246 0.7799456176855905 0.7893128116219348 0.7986800055582792 0.8080471994946237 0.817414393430968 0.8267815873673124 0.8361487813036569 0.8455159752400012 0.8503558170895974 0.8503558170895974 0.8503558170895974 0.8503558170895974 0.8503558170895974 0.8503558170895974 0.8503558170895974 0.8503558170895974 0.8503558170895974
0.15868505073813555 0.1754181200493697 0.19215118936060388 0.22011561790804166 0.2600866236122247 0.3000576293164078 0.3400286350205908 0.3799996407247739 0.41997064642895693 0.45994165213314 0.49991265783732297 0.5398836635415061 0.5798546692456892 0.6198256749498722 0.6597966806540553 0.6804489002123039 0.6804489002123039 0.6804489002123039 0.6804489002123039 0.6804489002123039 0.6804489002123039 0.6804489002123039 0.6804489002123039 0.6804489002123039 0.6804489002123039 0.6804489002123039 0.6804489002123039 0.682903794710099 0.6879830269833166 0.693062259256543 0.6981414915297606 0.7032207238029783 0.708299956076196 0.7133791883494136 0.7184584206226313 0.7235376528958489 0.7286168851690666 0.7336961174422844 0.738775349715502 0.7413996874933672 0.7413996874933672 0.7413996874933672 0.7413996874933672 0.7413996874933672 0.7413996874933672 0.7413996874933672 0.7413996874933672 0.7413996874933672
0.0956312210539719 0.10571537102758692 0.11579952100120194 0.14122620945133585 0.18305441869027766 0.2248826279292195 0.26671083716816135 0.30853904640710317 0.350367255646045 0.3921954648849868 0.4340236741239286 0.47585188336287043 0.5176800926018122 0.5595083018407541 0.6013365110796959 0.6229483105756638 0.6229483105756638 0.6229483105756638 0.6229483105756638 0.6229483105756638 0.6229483105756638 0.6229483105756638 0.6229483105756638 0.6229483105756638 0.6229483105756638 0.6229483105756638 0.6229483105756638 0.6233307474800011 0.6241220180900919 0.6249132887001843 0.6257045593102752 0.6264958299203661 0.6272871005304571 0.628078371140548 0.628869641750639 0.6296609123607299 0.6304521829708208 0.6312434535809117 0.6320347241910027 0.6324435578971369 0.6324435578971369 0.6324435578971369 0.6324435578971369 0.6324435578971369 0.6324435578971369 0.6324435578971369 0.6324435578971369 0.6324435578971369
0.03257739136975448 0.036012622005744684 0.03944785264173489 0.06233680099456279 0.106022213768265 0.14970762654196718 0.19339303931566937 0.23707845208937162 0.2807638648630738 0.324449277636776 0.3681346904104782 0.4118201031841804 0.45550551595788263 0.4991909287315848 0.542876341505287 0.5654477209389748 0.5654477209389748 0.5654477209389748 0.5654477209389748 0.5654477209389748 0.5654477209389748 0.5654477209389748 0.5654477209389748 0.5654477209389748 0.5654477209389748 0.5654477209389748 0.5654477209389748 0.5637577002498524 0.560261009196813 0.5567643181437676 0.5532676270907281 0.5497709360376886 0.5462742449846492 0.5427775539316096 0.5392808628785702 0.5357841718255307 0.5322874807724913 0.5287907897194518 0.5252940986664124 0.5234874283008137 0.5234874283008137 0.5234874283008137 0.5234874283008137 0.5234874283008137 0.5234874283008137 0.5234874283008137 0.5234874283008137 0.5234874283008137
0.0 0.0 0.0 0.020708681753926123 0.06355541288060688 0.10640214400728765 0.14924887513396842 0.19209560626064917 0.23494233738732995 0.2777890685140107 0.32063579964069144 0.36348253076737225 0.406329261894053 0.44917599302073374 0.49202272414741455 0.5141607735407739 0.5141607735407739 0.5141607735407739 0.5141607735407739 0.5141607735407739 0.5141607735407739 0.5141607735407739 0.5141607735407739 0.5141607735407739 0.5141607735407739 0.5141607735407739 0.5141607735407739 0.5115111964024207 0.5060291613399807 0.5005471262775314 0.4950650912150914 0.4895830561526514 0.48410102109021147 0.4786189860277715 0.4731369509653315 0.46765491590289154 0.46217288084045155 0.45669084577801156 0.45120881071557156 0.4483763527888486 0.4483763527888486 0.4483763527888486 0.4483763527888486 0.4483763527888486 0.4483763527888486 0.4483763527888486 0.4483763527888486 0.4483763527888486
0.0 0.0 0.0 0.018910531790230188 0.05803684995507075 0.09716316811991131 0.13628948628475188 0.17541580444959246 0.214542122614433 0.2536684407792736 0.2927947589441141 0.3319210771089547 0.37104739527379527 0.41017371343863585 0.44930003160347637 0.4695158179969024 0.4695158179969024 0.4695158179969024 0.4695158179969024 0.4695158179969024 0.4695158179969024 0.4695158179969024 0.4695158179969024 0.4695158179969024 0.4695158179969024 0.4695158179969024 0.4695158179969024 0.46709630557690024 0.462090279623376 0.45708425366984323 0.452078227716319 0.44707220176279483 0.4420661758092706 0.43706014985574637 0.43205412390222214 0.4270480979486979 0.4220420719951737 0.41703604604164946 0.4120300200881252 0.4094435065521958 0.4094435065521958 0.4094435065521958 0.4094435065521958 0.4094435065521958 0.4094435065521958 0.4094435065521958 0.4094435065521958 0.4094435065521958
