Figures/CREST_Example_wjb_NSE/Rolling_result/20100722/BJP_forecast/ens_14/wjb.rain.20100723.asc
ncols            288
nrows            254
xllcorner        113.274861
yllcorner        31.4918055
cellsize         0.008333333333
NODATA_value     -9999
[rows 114 to 132 of 254, columns 0 to 43 of 288]
-9999.0 -9999.0 -9999.0 -9999.0 -9999.0 -9999.0 -9999.0 -9999.0 -9999.0 -9999.0 -9999.0 -9999.0 -9999.0 -9999.0 -9999.0 -9999.0 -9999.0 -9999.0 -9999.0 -9999.0 -9999.0 -9999.0 -9999.0 -9999.0 -9999.0 -9999.0 -9999.0 -9999.0 -9999.0 -9999.0 -9999.0 -9999.0 -9999.0 1.187480419089523 1.187480419089523 1.187480419089523 1.187480419089523 1.187480419089523 1.187480419089523 0.7502329686581316 0.7336436871361871 0.7170544056142427 0.7004651240922982 0.6838758425703538
-9999.0 -9999.0 -9999.0 -9999.0 -9999.0 -9999.0 -9999.0 -9999.0 -9999.0 -9999.0 -9999.0 -9999.0 -9999.0 -9999.0 -9999.0 -9999.0 -9999.0 -9999.0 -9999.0 -9999.0 -9999.0 -9999.0 -9999.0 -9999.0 -9999.0 -9999.0 -9999.0 -9999.0 -9999.0 -9999.0 -9999.0 -9999.0 1.187480419089523 1.187480419089523 1.187480419089523 1.187480419089523 1.187480419089523 1.187480419089523 1.187480419089523 0.7124677504243011 0.695133406009321 0.6777990615943411 0.6604647171793611 0.6431303727643811
-9999.0 -9999.0 -9999.0 -9999.0 -9999.0 -9999.0 -9999.0 -9999.0 -9999.0 -9999.0 -9999.0 -9999.0 -9999.0 -9999.0 -9999.0 -9999.0 -9999.0 -9999.0 -9999.0 -9999.0 -9999.0 -9999.0 -9999.0 -9999.0 -9999.0 -9999.0 -9999.0 -9999.0 -9999.0 -9999.0 -9999.0 -9999.0 1.187480419089523 1.187480419089523 1.187480419089523 1.187480419089523 1.187480419089523 1.187480419089523 1.187480419089523 0.6747025321904707 0.6566231248824551 0.6385437175744395 0.6204643102664239 0.6023849029584083
-9999.0 -9999.0 -9999.0 -9999.0 -9999.0 -9999.0 -9999.0 -9999.0 -9999.0 -9999.0 -9999.0 -9999.0 -9999.0 -9999.0 -9999.0 -9999.0 -9999.0 -9999.0 -9999.0 -9999.0 -9999.0 -9999.0 -9999.0 -9999.0 -9999.0 -9999.0 -9999.0 -9999.0 -9999.0 -9999.0 -9999.0 -9999.0 1.187480419089523 1.187480419089523 1.187480419089523 1.187480419089523 1.187480419089523 1.187480419089523 1.187480419089523 0.6369373139566402 0.6181128437555891 0.5992883735545379 0.5804639033534867 0.5616394331524355
-9999.0 -9999.0 -9999.0 -9999.0 -9999.0 -9999.0 -9999.0 -9999.0 -9999.0 -9999.0 -9999.0 -9999.0 -9999.0 -9999.0 -9999.0 1.187480419089523 1.187480419089523 1.187480419089523 -9999.0 -9999.0 -9999.0 -9999.0 -9999.0 -9999.0 -9999.0 -9999.0 -9999.0 -9999.0 -9999.0 -9999.0 1.187480419089523 1.187480419089523 1.187480419089523 1.187480419089523 1.187480419089523 1.187480419089523 1.187480419089523 1.187480419089523 1.187480419089523 0.5991720957227776 0.5796025626286903 0.5600330295346028 0.5404634964405154 0.520893963346428
-9999.0 -9999.0 -9999.0 -9999.0 -9999.0 -9999.0 -9999.0 -9999.0 -9999.0 -9999.0 -9999.0 -9999.0 -9999.0 1.187480419089523 1.187480419089523 1.187480419089523 1.187480419089523 1.187480419089523 -9999.0 -9999.0 -9999.0 -9999.0 -9999.0 -9999.0 -9999.0 -9999.0 -9999.0 -9999.0 -9999.0 1.187480419089523 1.187480419089523 1.187480419089523 1.187480419089523 1.187480419089523 1.187480419089523 1.187480419089523 1.187480419089523 1.187480419089523 1.187480419089523 0.5614068774889471 0.5410922815018242 0.5207776855147013 0.5004630895275782 0.4801484935404553
-9999.0 -9999.0 -9999.0 -9999.0 -9999.0 -9999.0 -9999.0 -9999.0 -9999.0 -9999.0 -9999.0 -9999.0 -9999.0 1.187480419089523 1.187480419089523 1.187480419089523 1.187480419089523 1.187480419089523 -9999.0 -9999.0 -9999.0 -9999.0 -9999.0 -9999.0 -9999.0 -9999.0 -9999.0 -9999.0 -9999.0 1.187480419089523 1.187480419089523 1.187480419089523 1.187480419089523 1.187480419089523 1.187480419089523 1.187480419089523 1.187480419089523 1.187480419089523 1.187480419089523 0.5236416592551167 0.5025820003749581 0.4815223414947996 0.4604626826146411 0.43940302373448253
-9999.0 -9999.0 -9999.0 -9999.0 -9999.0 -9999.0 -9999.0 -9999.0 -9999.0 -9999.0 -9999.0 -9999.0 1.187480419089523 1.187480419089523 1.187480419089523 1.187480419089523 1.187480419089523 1.187480419089523 1.187480419089523 -9999.0 -9999.0 -9999.0 -9999.0 -9999.0 -9999.0 -9999.0 -9999.0 -9999.0 -9999.0 -9999.0 1.187480419089523 1.187480419089523 1.187480419089523 1.187480419089523 1.187480419089523 1.187480419089523 1.187480419089523 1.187480419089523 1.187480419089523 0.505914238187707 0.484131897581408 0.4623495569751091 0.4405672163688102 0.4187848757625112
-9999.0 -9999.0 -9999.0 -9999.0 -9999.0 -9999.0 -9999.0 -9999.0 -9999.0 -9999.0 -9999.0 -9999.0 1.187480419089523 1.187480419089523 1.187480419089523 1.187480419089523 1.187480419089523 1.187480419089523 1.187480419089523 1.187480419089523 1.187480419089523 -9999.0 -9999.0 -9999.0 -9999.0 -9999.0 -9999.0 -9999.0 -9999.0 1.187480419089523 1.187480419089523 1.187480419089523 1.187480419089523 1.187480419089523 1.187480419089523 1.187480419089523 1.187480419089523 1.187480419089523 1.187480419089523 0.5096059590565755 0.48712486078058037 0.46464376250458533 0.4421626642285903 0.41968156595259526
-9999.0 -9999.0 -9999.0 -9999.0 -9999.0 -9999.0 -9999.0 -9999.0 -9999.0 -9999.0 -9999.0 -9999.0 1.187480419089523 1.187480419089523 1.187480419089523 1.187480419089523 1.187480419089523 1.187480419089523 1.187480419089523 1.187480419089523 1.187480419089523 -9999.0 -9999.0 1.187480419089523 -9999.0 -9999.0 -9999.0 -9999.0 -9999.0 1.187480419089523 1.187480419089523 1.187480419089523 1.187480419089523 1.187480419089523 1.187480419089523 1.187480419089523 1.187480419089523 1.187480419089523 1.187480419089523 0.513297679925444 0.49011782397975273 0.46693796803406157 0.4437581120883704 0.42057825614267924
-9999.0 -9999.0 -9999.0 -9999.0 -9999.0 -9999.0 -9999.0 -9999.0 -9999.0 -9999.0 -9999.0 -9999.0 1.187480419089523 1.187480419089523 1.187480419089523 1.187480419089523 1.187480419089523 1.187480419089523 1.187480419089523 1.187480419089523 1.187480419089523 1.187480419089523 1.187480419089523 1.187480419089523 1.187480419089523 1.187480419089523 -9999.0 -9999.0 1.187480419089523 1.187480419089523 1.187480419089523 1.187480419089523 1.187480419089523 1.187480419089523 1.187480419089523 1.187480419089523 1.187480419089523 1.187480419089523 1.187480419089523 0.5169894007943155 0.49311078717892765 0.4692321735635398 0.4453535599481519 0.42147494633276406
-9999.0 -9999.0 -9999.0 -9999.0 -9999.0 -9999.0 -9999.0 -9999.0 -9999.0 -9999.0 -9999.0 1.187480419089523 1.187480419089523 1.187480419089523 1.187480419089523 1.187480419089523 1.187480419089523 1.187480419089523 1.187480419089523 1.187480419089523 1.187480419089523 1.187480419089523 1.187480419089523 1.187480419089523 1.187480419089523 1.187480419089523 1.187480419089523 1.187480419089523 1.187480419089523 1.187480419089523 1.187480419089523 1.187480419089523 1.187480419089523 1.187480419089523 1.187480419089523 1.187480419089523 1.187480419089523 1.187480419089523 1.187480419089523 0.520681121663184 0.49610375037810006 0.47152637909301603 0.44694900780793206 0.42237163652284804
-9999.0 -9999.0 -9999.0 -9999.0 -9999.0 -9999.0 -9999.0 -9999.0 -9999.0 -9999.0 -9999.0 1.187480419089523 1.187480419089523 1.187480419089523 1.187480419089523 1.187480419089523 1.187480419089523 1.187480419089523 1.187480419089523 1.187480419089523 1.187480419089523 1.187480419089523 1.187480419089523 1.187480419089523 1.187480419089523 1.187480419089523 1.187480419089523 1.187480419089523 1.187480419089523 1.187480419089523 1.187480419089523 1.187480419089523 1.187480419089523 1.187480419089523 1.187480419089523 1.187480419089523 1.187480419089523 1.187480419089523 1.187480419089523 0.5243728425320525 0.4990967135772724 0.4738205846224923 0.44854445566771217 0.4232683267129321
-9999.0 -9999.0 -9999.0 -9999.0 -9999.0 -9999.0 -9999.0 -9999.0 -9999.0 -9999.0 -9999.0 1.187480419089523 1.187480419089523 1.187480419089523 1.187480419089523 1.187480419089523 1.187480419089523 1.187480419089523 1.187480419089523 1.187480419089523 1.187480419089523 1.187480419089523 1.187480419089523 1.187480419089523 1.187480419089523 1.187480419089523 1.187480419089523 1.187480419089523 1.187480419089523 1.187480419089523 1.187480419089523 1.187480419089523 1.187480419089523 1.187480419089523 1.187480419089523 1.187480419089523 1.187480419089523 1.187480419089523 1.187480419089523 0.528064563400921 0.5020896767764448 0.47611479015196856 0.45013990352749234 0.42416501690301606
-9999.0 -9999.0 -9999.0 -9999.0 -9999.0 -9999.0 -9999.0 -9999.0 -9999.0 -9999.0 -9999.0 1.187480419089523 1.187480419089523 1.187480419089523 1.187480419089523 1.187480419089523 1.187480419089523 1.187480419089523 1.187480419089523 1.187480419089523 1.187480419089523 1.187480419089523 1.187480419089523 1.187480419089523 1.187480419089523 1.187480419089523 1.187480419089523 1.187480419089523 1.187480419089523 1.187480419089523 1.187480419089523 1.187480419089523 1.187480419089523 1.187480419089523 1.187480419089523 1.187480419089523 1.187480419089523 1.187480419089523 1.187480419089523 0.5317562842697894 0.5050826399756171 0.4784089956814447 0.4517353513872724 0.42506170709310004
-9999.0 -9999.0 -9999.0 -9999.0 -9999.0 -9999.0 -9999.0 -9999.0 -9999.0 -9999.0 1.187480419089523 1.187480419089523 1.187480419089523 1.187480419089523 1.187480419089523 1.187480419089523 1.187480419089523 1.187480419089523 1.187480419089523 1.187480419089523 1.187480419089523 1.187480419089523 1.187480419089523 1.187480419089523 1.187480419089523 1.187480419089523 1.187480419089523 1.187480419089523 1.187480419089523 1.187480419089523 1.187480419089523 1.187480419089523 1.187480419089523 1.187480419089523 1.187480419089523 1.187480419089523 1.187480419089523 1.187480419089523 1.187480419089523 0.5354480051386579 0.5080756031747894 0.4807032012109209 0.4533307992470525 0.4259583972831841
-9999.0 -9999.0 -9999.0 -9999.0 -9999.0 -9999.0 -9999.0 -9999.0 -9999.0 1.187480419089523 1.187480419089523 1.187480419089523 1.187480419089523 1.187480419089523 1.187480419089523 1.187480419089523 1.187480419089523 1.187480419089523 1.187480419089523 1.187480419089523 1.187480419089523 1.187480419089523 1.187480419089523 1.187480419089523 1.187480419089523 1.187480419089523 1.187480419089523 1.187480419089523 1.187480419089523 1.187480419089523 1.187480419089523 1.187480419089523 1.187480419089523 1.187480419089523 1.187480419089523 1.187480419089523 1.187480419089523 1.187480419089523 1.187480419089523 0.5391397260075264 0.5110685663739618 0.4829974067403972 0.45492624710683266 0.42685508747326806
-9999.0 -9999.0 -9999.0 -9999.0 -9999.0 -9999.0 -9999.0 1.187480419089523 1.187480419089523 1.187480419089523 1.187480419089523 1.187480419089523 1.187480419089523 1.187480419089523 1.187480419089523 1.187480419089523 1.187480419089523 1.187480419089523 1.187480419089523 1.187480419089523 1.187480419089523 1.187480419089523 1.187480419089523 1.187480419089523 1.187480419089523 1.187480419089523 1.187480419089523 1.187480419089523 1.187480419089523 1.187480419089523 1.187480419089523 1.187480419089523 1.187480419089523 1.187480419089523 1.187480419089523 1.187480419089523 1.187480419089523 1.187480419089523 1.187480419089523 0.542831446876398 0.5140615295731367 0.4852916122698754 0.4565216949666141 0.4277517776633528
-9999.0 -9999.0 -9999.0 -9999.0 -9999.0 -9999.0 1.187480419089523 1.187480419089523 1.187480419089523 1.187480419089523 1.187480419089523 1.187480419089523 1.187480419089523 1.187480419089523 1.187480419089523 1.187480419089523 1.187480419089523 1.187480419089523 1.187480419089523 1.187480419089523 1.187480419089523 1.187480419089523 1.187480419089523 1.187480419089523 1.187480419089523 1.187480419089523 1.187480419089523 1.187480419089523 1.187480419089523 1.187480419089523 1.187480419089523 1.187480419089523 1.187480419089523 1.187480419089523 1.187480419089523 1.187480419089523 1.187480419089523 1.187480419089523 1.187480419089523 0.5465231677452664 0.5170544927723091 0.4875858177993517 0.45811714282639426 0.42864846785343685
