Figures/CREST_Example_wjb_NSE/Rolling_result/20100722/BJP_forecast/ens_14/wjb.rain.20100724.asc
ncols            288
nrows            254
xllcorner        113.274861
yllcorner        31.4918055
cellsize         0.008333333333
NODATA_value     -9999
[rows 80 to 99 of 254, columns 135 to 179 of 288]
5.359985943451543 5.3914844292926976 5.422982915133852 5.454481400975007 5.485979886816162 5.517478372657317 5.548976858498473 5.580475344339628 5.611973830180836 5.643472316021991 5.674970801863147 5.7064692877043015 5.7992634523177955 5.957584083979694 6.115904715641593 6.274225347303491 6.43254597896539 6.590866610627288 6.749187242289187 6.907507873951086 7.065828505612984 7.224149137275153 7.382469768937051 7.54079040059895 7.682138343372649 7.805342097786507 7.928545852200367 8.051749606614225 8.174953361028084 8.298157115441942 8.421360869855802 8.544564624269661 8.667768378683519 8.790972133097378 8.914175887511448 9.037379641925305 9.158927895627302 9.278706381615912 9.398484867604521 9.518263353593131 9.63804183958174 9.75782032557035 9.87759881155896 9.997377297547569 10.117155783536177
5.35548619583451 5.377688430004149 5.399890664173787 5.4220928983434264 5.444295132513065 5.466497366682703 5.4886996008523425 5.510901835021981 5.5331040691916575 5.555306303361296 5.577508537530934 5.599710771700574 5.6924594123345065 5.860623757160819 6.028788101987131 6.196952446813444 6.365116791639755 6.5332811364660675 6.70144548129238 6.869609826118692 7.037774170945005 7.205938515771604 7.374102860597916 7.542267205424229 7.6926154403216 7.823917850687593 7.955220261053586 8.08652267141958 8.217825081785572 8.349127492151565 8.480429902517558 8.611732312883552 8.743034723249545 8.874337133615539 9.005639543981754 9.136941954347748 9.268182355908614 9.399356468653975 9.530530581399335 9.661704694144696 9.792878806890055 9.924052919635415 10.055227032380776 10.186401145126135 10.317575257871495
5.350986448217478 5.363892430715601 5.376798413213723 5.389704395711846 5.4026103782099675 5.415516360708089 5.428422343206212 5.441328325704334 5.454234308202479 5.467140290700601 5.480046273198723 5.492952255696846 5.585655372351217 5.763663430341943 5.941671488332669 6.119679546323395 6.29768760431412 6.4756956623048465 6.653703720295573 6.831711778286299 7.009719836277025 7.187727894268054 7.365735952258781 7.543744010249506 7.70309253727055 7.842493603588678 7.981894669906805 8.121295736224932 8.260696802543059 8.400097868861188 8.539498935179314 8.678900001497443 8.81830106781557 8.957702134133697 9.097103200452061 9.23650426677019 9.377436816189924 9.520006555692035 9.662576295194146 9.805146034696257 9.947715774198368 10.09028551370048 10.23285525320259 10.375424992704701 10.517994732206812
5.346486700600447 5.350096431427053 5.353706162253658 5.357315893080265 5.36092562390687 5.364535354733476 5.368145085560082 5.371754816386688 5.3753645472133 5.378974278039906 5.382584008866512 5.386193739693118 5.478851332367927 5.666703103523067 5.854554874678207 6.0424066458333465 6.230258416988486 6.4181101881436255 6.6059619592987655 6.7938137304539055 6.9816655016090445 7.169517272764505 7.357369043919644 7.545220815074784 7.7135696342195 7.861069356489762 8.008569078760024 8.156068801030285 8.303568523300548 8.45106824557081 8.59856796784107 8.746067690111332 8.893567412381595 9.041067134651856 9.18856685692237 9.336066579192632 9.486691276471237 9.640656642730098 9.794622008988961 9.948587375247822 10.102552741506685 10.256518107765546 10.410483474024408 10.56444884028327 10.718414206542132
5.341986952983415 5.336300432138504 5.330613911293594 5.324927390448684 5.319240869603773 5.313554348758863 5.307867827913952 5.302181307069041 5.296494786224121 5.290808265379211 5.2851217445343 5.27943522368939 5.372047292384638 5.5697427767041905 5.767438261023744 5.965133745343298 6.162829229662851 6.360524713982405 6.558220198301958 6.755915682621511 6.953611166941065 7.151306651260955 7.349002135580509 7.546697619900062 7.724046731168451 7.879645109390847 8.035243487613242 8.190841865835639 8.346440244058035 8.50203862228043 8.657637000502827 8.813235378725222 8.96883375694762 9.124432135170014 9.280030513392676 9.435628891615073 9.595945736752547 9.76130672976816 9.926667722783773 10.092028715799385 10.257389708814998 10.42275070183061 10.588111694846223 10.753472687861835 10.918833680877448
5.385871111731572 5.382777030383661 5.37968294903575 5.376588867687839 5.373494786339927 5.370400704992017 5.367306623644105 5.364212542296194 5.361118460948278 5.358024379600367 5.354930298252455 5.351836216904545 5.443484406474664 5.6364142266220245 5.829344046769386 6.022273866916746 6.215203687064107 6.408133507211467 6.601063327358828 6.793993147506188 6.986922967653548 7.179852787801238 7.372782607948599 7.565712428095959 7.739835159492242 7.8938526875794 8.04787021566656 8.201887743753717 8.355905271840877 8.509922799928036 8.663940328015194 8.817957856102353 8.971975384189511 9.12599291227667 9.28001044036409 9.43402796845125 9.591478160395324 9.752597947659625 9.913717734923926 10.074837522188227 10.235957309452528 10.397077096716831 10.558196883981132 10.719316671245434 10.880436458509735
5.481474615839106 5.493681235280187 5.505887854721268 5.518094474162349 5.5303010936034305 5.542507713044511 5.554714332485592 5.566920951926673 5.579127571367775 5.591334190808856 5.603540810249937 5.615747429691018 5.7054500763865486 5.8779977290919065 6.0505453817972645 6.2230930345026225 6.3956406872079805 6.5681883399133385 6.7407359926186965 6.913283645324055 7.085831298029413 7.258378950735065 7.430926603440423 7.603474256145781 7.761301066182894 7.9033909624082 8.045480858633507 8.187570754858813 8.32966065108412 8.471750547309426 8.613840443534732 8.755930339760038 8.898020235985346 9.040110132210652 9.1822000284362 9.324289924661507 9.465448896904046 9.605612690348707 9.745776483793366 9.885940277238026 10.026104070682686 10.166267864127347 10.306431657572006 10.446595451016666 10.586759244461327
5.57707811994664 5.604585440176714 5.6320927604067865 5.65960008063686 5.687107400866933 5.714614721097006 5.742122041327079 5.7696293615571514 5.797136681787272 5.824644002017345 5.852151322247418 5.879658642477491 5.967415746298433 6.119581231561789 6.2717467168251435 6.423912202088499 6.576077687351855 6.728243172615211 6.880408657878567 7.032574143141922 7.184739628405278 7.336905113668893 7.489070598932249 7.641236084195604 7.782766972873547 7.912929237237001 8.043091501600456 8.17325376596391 8.303416030327364 8.433578294690818 8.563740559054272 8.693902823417726 8.82406508778118 8.954227352144635 9.084389616508311 9.214551880871765 9.33941963341277 9.458627433037789 9.577835232662808 9.697043032287826 9.816250831912845 9.935458631537864 10.054666431162882 10.1738742307879 10.29308203041292
5.672681624054174 5.71548964507324 5.758297666092305 5.80110568711137 5.843913708130435 5.8867217291495 5.929529750168566 5.972337771187631 6.015145792206769 6.057953813225834 6.100761834244899 6.143569855263964 6.229381416210317 6.36116473403167 6.492948051853023 6.624731369674376 6.75651468749573 6.888298005317083 7.020081323138436 7.15186464095979 7.283647958781143 7.415431276602721 7.547214594424074 7.678997912245427 7.8042328795642 7.9224675120658015 8.040702144567403 8.158936777069005 8.277171409570608 8.395406042072208 8.51364067457381 8.631875307075413 8.750109939577015 8.868344572078616 8.98657920458042 9.104813837082022 9.213390369921493 9.31164217572687 9.409893981532248 9.508145787337625 9.606397593143003 9.70464939894838 9.802901204753757 9.901153010559135 9.999404816364512
5.768285128161709 5.826393849969766 5.884502571777824 5.94261129358588 6.000720015393938 6.058828737201995 6.116937459010052 6.175046180818109 6.233154902626266 6.291263624434323 6.34937234624238 6.407481068050437 6.491347086122201 6.602748236501552 6.714149386880902 6.825550537260254 6.9369516876396045 7.048352838018955 7.159753988398306 7.271155138777657 7.382556289157008 7.4939574395365485 7.605358589915899 7.716759740295251 7.825698786254852 7.932005786894602 8.038312787534352 8.1446197881741 8.250926788813851 8.3572337894536 8.463540790093349 8.5698477907331 8.676154791372849 8.782461792012597 8.88876879265253 8.995075793292278 9.087361106430215 9.164656918415952 9.241952730401687 9.319248542387424 9.39654435437316 9.473840166358896 9.551135978344632 9.628431790330369 9.705727602316104
5.8638886322692425 5.937298054866292 6.010707477463341 6.0841169000603905 6.15752632265744 6.230935745254489 6.3043451678515385 6.377754590448588 6.451164013045762 6.524573435642812 6.597982858239861 6.67139228083691 6.753312756034085 6.844331738971434 6.935350721908782 7.026369704846131 7.117388687783479 7.2084076707208276 7.299426653658176 7.3904456365955244 7.481464619532873 7.572483602470376 7.663502585407724 7.754521568345073 7.847164692945506 7.941544061723403 8.035923430501299 8.130302799279196 8.224682168057093 8.319061536834992 8.41344090561289 8.507820274390786 8.602199643168683 8.69657901194658 8.790958380724637 8.885337749502535 8.961331842938938 9.017671661105034 9.074011479271128 9.130351297437223 9.186691115603317 9.243030933769411 9.299370751935507 9.355710570101602 9.412050388267696
5.9594921363767765 6.048202259762818 6.13691238314886 6.225622506534901 6.314332629920942 6.403042753306984 6.491752876693026 6.5804630000790665 6.669173123465259 6.757883246851301 6.8465933702373425 6.935303493623383 7.0152784259459695 7.085915241441315 7.156552056936661 7.2271888724320075 7.297825687927354 7.368462503422699 7.439099318918045 7.509736134413392 7.580372949908737 7.651009765404204 7.72164658089955 7.792283396394896 7.868630599636158 7.951082336552203 8.033534073468248 8.115985810384293 8.198437547300337 8.280889284216382 8.363341021132427 8.445792758048473 8.528244494964516 8.610696231880562 8.693147968796747 8.775599705712793 8.83530257944766 8.870686403794114 8.906070228140567 8.941454052487021 8.976837876833475 9.012221701179929 9.047605525526382 9.082989349872836 9.11837317421929
6.055095640484392 6.159106464659439 6.2631172888344855 6.3671281130095325 6.471138937184579 6.575149761359626 6.679160585534672 6.783171409709719 6.887182233884943 6.991193058059989 7.095203882235035 7.199214706410082 7.277244095858077 7.327498743911403 7.377753391964729 7.428008040018056 7.478262688071382 7.5285173361247075 7.578771984178034 7.62902663223136 7.679281280284687 7.729535928338098 7.779790576391425 7.830045224444751 7.890096506326829 7.960620611381011 8.031144716435193 8.101668821489376 8.172192926543559 8.24271703159774 8.313241136651923 8.383765241706104 8.454289346760287 8.52481345181447 8.595337556868772 8.665861661922955 8.709273315956276 8.72370114648307 8.738128977009865 8.752556807536658 8.766984638063454 8.781412468590247 8.795840299117042 8.810268129643836 8.824695960170631
6.150699144591926 6.2700106695559645 6.389322194520004 6.508633719484042 6.627945244448081 6.74725676941212 6.866568294376158 6.985879819340197 7.105191344304439 7.224502869268478 7.343814394232517 7.463125919196555 7.539209765769961 7.569082246381285 7.598954726992608 7.6288272076039325 7.658699688215256 7.68857216882658 7.718444649437903 7.7483171300492275 7.778189610660551 7.808062091271926 7.837934571883249 7.867807052494573 7.9115624130174815 7.970158886209811 8.02875535940214 8.087351832594472 8.145948305786801 8.20454477897913 8.263141252171462 8.321737725363791 8.38033419855612 8.438930671748452 8.49752714494088 8.556123618133212 8.583244052464998 8.576715889172151 8.570187725879304 8.563659562586457 8.55713139929361 8.550603236000763 8.544075072707916 8.53754690941507 8.531018746122223
6.24630264869946 6.3809148744524915 6.515527100205522 6.650139325958553 6.784751551711583 6.919363777464614 7.053976003217645 7.1885882289706755 7.323200454723936 7.457812680476967 7.592424906229997 7.727037131983028 7.801175435681845 7.810665748851166 7.820156062020488 7.829646375189809 7.8391366883591305 7.848627001528452 7.858117314697773 7.867607627867095 7.877097941036416 7.886588254205753 7.896078567375075 7.905568880544396 7.933028319708134 7.979697161038612 8.02636600236909 8.073034843699567 8.119703685030045 8.166372526360522 8.213041367691002 8.25971020902148 8.306379050351957 8.353047891682435 8.399716733012992 8.44638557434347 8.457214788973722 8.429730631861235 8.402246474748745 8.374762317636257 8.34727816052377 8.31979400341128 8.292309846298792 8.264825689186305 8.237341532073817
6.341906152806994 6.491819079349018 6.64173200589104 6.791644932433063 6.941557858975086 7.091470785517108 7.241383712059132 7.391296638601154 7.541209565143433 7.691122491685455 7.841035418227478 7.990948344769501 8.06314110559373 8.052249251321047 8.041357397048367 8.030465542775685 8.019573688503005 8.008681834230323 7.997789979957642 7.986898125684961 7.97600627141228 7.9651144171395805 7.954222562866899 7.943330708594219 7.954494226398787 7.989235435867412 8.023976645336038 8.058717854804664 8.093459064273288 8.128200273741914 8.16294148321054 8.197682692679166 8.23242390214779 8.267165111616416 8.3019063210851 8.336647530553726 8.331185525482445 8.282745374550315 8.234305223618186 8.185865072686056 8.137424921753926 8.088984770821796 8.040544619889667 7.992104468957537 7.943664318025408
6.4375096569145285 6.602723284245544 6.767936911576559 6.933150538907573 7.098364166238588 7.2635777935696035 7.428791420900618 7.594005048231633 7.75921867556293 7.924432302893944 8.08964593022496 8.254859557555974 8.325106775505613 8.293832753790928 8.262558732076245 8.231284710361562 8.200010688646879 8.168736666932196 8.137462645217513 8.10618862350283 8.074914601788146 8.043640580073408 8.012366558358725 7.9810925366440415 7.97596013308944 7.998773710696213 8.021587288302985 8.04440086590976 8.067214443516532 8.090028021123306 8.112841598730078 8.13565517633685 8.158468753943625 8.181282331550397 8.20409590915721 8.226909486763983 8.205156261991167 8.135760117239396 8.066363972487625 7.996967827735855 7.927571682984084 7.858175538232313 7.788779393480542 7.7193832487287715 7.649987103977001
6.429049804647912 6.602086243073345 6.77512268149878 6.948159119924213 7.121195558349647 7.29423199677508 7.4672684352005145 7.640304873625948 7.813341312051676 7.986377750477111 8.159414188902545 8.332450627327978 8.402938330476443 8.363799116074336 8.324659901672229 8.285520687270122 8.246381472868014 8.207242258465907 8.1681030440638 8.128963829661693 8.089824615259586 8.050685400857413 8.011546186455305 7.972406972053197 7.9618858944087565 7.981958252327713 8.002030610246669 8.022102968165626 8.042175326084582 8.06224768400354 8.082320041922495 8.102392399841452 8.122464757760408 8.142537115679366 8.162609473598355 8.182681831517312 8.154704202081188 8.075360049127182 7.9960158961731755 7.91667174321917 7.837327590265164 7.757983437311157 7.678639284357152 7.599295131403146 7.51995097844914
6.309352785267989 6.4822186421605785 6.655084499053168 6.827950355945758 7.000816212838347 7.173682069730937 7.3465479266235265 7.519413783516116 7.692279640409001 7.86514549730159 8.038011354194179 8.21087721108677 8.2839421256227 8.25031757539192 8.21669302516114 8.18306847493036 8.149443924699579 8.1158193744688 8.08219482423802 8.048570274007238 8.014945723776458 7.981321173545621 7.94769662331484 7.914072073084061 7.9098214810148 7.936972314687058 7.964123148359315 7.991273982031572 8.01842481570383 8.045575649376087 8.072726483048344 8.099877316720601 8.127028150392858 8.154178984065116 8.181329817737419 8.208480651409676 8.185039407906686 8.107514089358334 8.029988770809982 7.952463452261631 7.874938133713279 7.797412815164927 7.719887496616575 7.642362178068224 7.564836859519872
6.189655765888168 6.362351041247914 6.535046316607659 6.707741591967404 6.88043686732715 7.053132142686896 7.2258274180466415 7.398522693406386 7.571217968766426 7.743913244126172 7.9166085194859175 8.089303794845662 8.164945920769057 8.1368360347096 8.108726148650142 8.080616262590684 8.052506376531225 8.024396490471768 7.99628660441231 7.9681767183528525 7.940066832293394 7.911956946233889 7.88384706017443 7.855737174114973 7.857757067620889 7.891986377046441 7.926215686471993 7.960444995897545 7.994674305323097 8.02890361474865 8.063132924174202 8.097362233599753 8.131591543025305 8.165820852450857 8.200050161876467 8.23427947130202 8.215374613732159 8.13966812958946 8.06396164544676 7.988255161304061 7.912548677161362 7.836842193018663 7.761135708875964 7.685429224733264 7.609722740590565
