Figures/CREST_Example_wjb_NSE/Rolling_result/20100722/BJP_forecast/ens_14/wjb.rain.20100323.asc
ncols            288
nrows            254
xllcorner        113.274861
yllcorner        31.4918055
cellsize         0.008333333333
NODATA_value     -9999
[rows 120 to 139 of 254, columns 225 to 269 of 288]
6.308926602138641 6.3972907537411725 6.485654905343705 6.574019056946237 6.662383208548769 6.7507473601513 6.7964033508179025 6.7964033508179025 6.7964033508179025 6.7964033508179025 6.7964033508179025 6.7964033508179025 6.7964033508179025 6.7964033508179025 6.7964033508179025 6.7964033508179025 6.7964033508179025 6.7964033508179025 7.005387562049695 7.437780625516747 7.870173688983798 8.30256675245085 8.73495981591864 9.16735287938569 9.599745942852742 10.032139006319795 10.464532069786847 10.896925133253898 11.329318196720951 11.761711260188001 12.044693341542798 12.167951700743773 12.29121005994475 12.414468419145726 12.5377267783467 12.660985137547886 12.784243496748863 12.907501855949839 -9999.0 -9999.0 -9999.0 -9999.0 -9999.0 -9999.0 -9999.0
6.4802814380735265 6.561780744684544 6.643280051295561 6.724779357906579 6.806278664517596 6.887777971128614 6.92988703362156 6.92988703362156 6.92988703362156 6.92988703362156 6.92988703362156 6.92988703362156 6.92988703362156 6.92988703362156 6.92988703362156 6.92988703362156 6.92988703362156 6.92988703362156 7.142096764470907 7.581163501037409 8.020230237603911 8.459296974170414 8.898363710737664 9.337430447304166 9.776497183870669 10.215563920437171 10.654630657003674 11.093697393570176 11.532764130136679 11.971830866703181 12.262457788093318 12.394399186768796 12.526340585444274 12.658281984119752 12.790223382795228 12.922164781470931 13.054106180146407 13.186047578821885 -9999.0 -9999.0 -9999.0 -9999.0 -9999.0 -9999.0 -9999.0
6.761085583226047 6.839783172630039 6.918480762034032 6.997178351438025 7.0758759408420175 7.154573530246011 7.195235001466539 7.195235001466539 7.195235001466539 7.195235001466539 7.195235001466539 7.195235001466539 7.195235001466539 7.195235001466539 7.195235001466539 7.195235001466539 7.195235001466539 7.195235001466539 7.400470585961248 7.825107655857836 8.249744725754423 8.674381795651012 9.099018865548324 9.52365593544491 9.9482930053415 10.372930075238088 10.797567145134675 11.222204215031262 11.64684128492785 12.071478354824439 12.351527079357403 12.47700758959278 12.60248809982816 12.727968610063538 12.853449120298915 12.978929630534509 13.104410140769886 13.229890651005265 13.355371161240644 13.480851671476021 13.6063321817114 -9999.0 -9999.0 -9999.0 -9999.0
7.041889728378566 7.117785600575534 7.193681472772502 7.269577344969471 7.345473217166439 7.421369089363408 7.460582969311519 7.460582969311519 7.460582969311519 7.460582969311519 7.460582969311519 7.460582969311519 7.460582969311519 7.460582969311519 7.460582969311519 7.460582969311519 7.460582969311519 7.460582969311519 7.658844407451588 8.069051810678262 8.479259213904935 8.889466617131609 9.299674020358982 9.709881423585655 10.120088826812328 10.530296230039001 10.940503633265674 11.350711036492347 11.76091843971902 12.171125842945694 12.440596370621485 12.559615992416765 12.678635614212045 12.797655236007325 12.916674857802603 13.035694479598085 13.154714101393365 13.273733723188645 13.392753344983923 13.511772966779203 13.630792588574483 13.749812210369763 13.811307269830154 13.811307269830154 -9999.0
7.322693873531325 7.395788028521266 7.468882183511207 7.541976338501149 7.61507049349109 7.688164648481031 7.725930937156725 7.725930937156725 7.725930937156725 7.725930937156725 7.725930937156725 7.725930937156725 7.725930937156725 7.725930937156725 7.725930937156725 7.725930937156725 7.725930937156725 7.725930937156725 7.91721822894215 8.312995965498896 8.708773702055643 9.10455143861239 9.50032917516981 9.896106911726557 10.291884648283304 10.68766238484005 11.083440121396796 11.479217857953543 11.874995594510288 12.270773331067037 12.529665661885645 12.64222439524082 12.754783128595996 12.86734186195117 12.979900595306345 13.092459328661713 13.205018062016887 13.317576795372062 13.430135528727238 13.542694262082412 13.655252995437587 13.767811728792763 13.825968576344914 13.825968576344914 -9999.0
7.603498018683844 7.673790456466761 7.744082894249678 7.814375332032595 7.884667769815512 7.954960207598429 7.991278905001705 7.991278905001705 7.991278905001705 7.991278905001705 7.991278905001705 7.991278905001705 7.991278905001705 7.991278905001705 7.991278905001705 7.991278905001705 7.991278905001705 7.991278905001705 8.175592050432492 8.556940120319323 8.938288190206155 9.319636260092988 9.70098432998047 10.082332399867301 10.463680469754134 10.845028539640966 11.226376609527797 11.60772467941463 11.989072749301462 12.370420819188293 12.61873495314973 12.724832798064805 12.830930642979881 12.937028487894956 13.043126332810033 13.14922417772529 13.255322022640366 13.361419867555442 13.467517712470517 13.573615557385594 13.67971340230067 13.785811247215745 13.84062988285966 13.84062988285966 13.84062988285966
7.884302163836363 7.951792884412256 8.019283604988148 8.08677432556404 8.154265046139933 8.221755766715825 8.256626872846685 8.256626872846685 8.256626872846685 8.256626872846685 8.256626872846685 8.256626872846685 8.256626872846685 8.256626872846685 8.256626872846685 8.256626872846685 8.256626872846685 8.256626872846685 8.433965871922833 8.80088427513975 9.167802678356667 9.534721081573585 9.901639484791128 10.268557888008045 10.635476291224963 11.00239469444188 11.369313097658798 11.736231500875716 12.103149904092632 12.47006830730955 12.707804244413813 12.80744120088879 12.907078157363767 13.006715113838744 13.106352070313722 13.205989026788869 13.305625983263845 13.405262939738822 13.5048998962138 13.604536852688776 13.704173809163754 13.803810765638731 13.855291189374409 13.855291189374409 13.855291189374409
8.165106308988882 8.229795312357751 8.294484315726619 8.359173319095486 8.423862322464354 8.488551325833223 8.521974840691664 8.521974840691664 8.521974840691664 8.521974840691664 8.521974840691664 8.521974840691664 8.521974840691664 8.521974840691664 8.521974840691664 8.521974840691664 8.521974840691664 8.521974840691664 8.692339693413173 9.044828429960177 9.397317166507179 9.749805903054183 10.102294639601787 10.45478337614879 10.807272112695792 11.159760849242796 11.5122495857898 11.864738322336802 12.217227058883804 12.569715795430808 12.796873535677898 12.890049603712775 12.983225671747654 13.076401739782533 13.16957780781741 13.262753875852447 13.355929943887325 13.449106011922202 13.542282079957081 13.63545814799196 13.728634216026837 13.821810284061716 13.869952495889157 13.869952495889157 13.869952495889157
8.445910454141401 8.507797740303246 8.56968502646509 8.631572312626933 8.693459598788776 8.755346884950619 8.787322808536643 8.787322808536643 8.787322808536643 8.787322808536643 8.787322808536643 8.787322808536643 8.787322808536643 8.787322808536643 8.787322808536643 8.787322808536643 8.787322808536643 8.787322808536643 8.950713514903514 9.288772584780602 9.62683165465769 9.96489072453478 10.302949794412445 10.641008864289534 10.979067934166622 11.31712700404371 11.655186073920799 11.993245143797889 12.331304213674978 12.669363283552066 12.885942826941982 12.972658006536761 13.05937318613154 13.14608836572632 13.232803545321097 13.319518724916025 13.406233904510804 13.492949084105582 13.579664263700362 13.66637944329514 13.75309462288992 13.839809802484698 13.884613802403903 13.884613802403903 13.884613802403903
8.72671459929392 8.78580016824874 8.844885737203558 8.903971306158377 8.963056875113196 9.022142444068015 9.052670776381623 9.052670776381623 9.052670776381623 9.052670776381623 9.052670776381623 9.052670776381623 9.052670776381623 9.052670776381623 9.052670776381623 9.052670776381623 9.052670776381623 9.052670776381623 9.209087336393855 9.532716739601028 9.856346142808203 10.179975546015378 10.503604949223103 10.827234352430278 11.15086375563745 11.474493158844625 11.798122562051798 12.121751965258973 12.445381368466148 12.76901077167332 12.975012118206065 13.055266409360744 13.135520700515425 13.215774991670106 13.296029282824785 13.376283573979602 13.456537865134283 13.536792156288962 13.617046447443643 13.697300738598322 13.777555029753003 13.857809320907684 13.899275108918651 13.899275108918651 13.899275108918651
9.007518744446442 9.063802596194234 9.120086447942029 9.176370299689824 9.232654151437618 9.288938003185413 9.318018744226602 9.318018744226602 9.318018744226602 9.318018744226602 9.318018744226602 9.318018744226602 9.318018744226602 9.318018744226602 9.318018744226602 9.318018744226602 9.318018744226602 9.318018744226602 9.467461157884197 9.776660894421456 10.085860630958715 10.395060367495974 10.70426010403376 11.013459840571022 11.322659577108281 11.63185931364554 11.9410590501828 12.25025878672006 12.55945852325732 12.868658259794579 13.064081409470148 13.13787481218473 13.21166821489931 13.285461617613892 13.359255020328472 13.43304842304318 13.50684182575776 13.580635228472342 13.654428631186923 13.728222033901504 13.802015436616085 13.875808839330666 13.913936415433398 13.913936415433398 13.913936415433398
9.2883228895992 9.341805024139967 9.395287158680734 9.448769293221503 9.50225142776227 9.555733562303038 9.58336671207181 9.58336671207181 9.58336671207181 9.58336671207181 9.58336671207181 9.58336671207181 9.58336671207181 9.58336671207181 9.58336671207181 9.58336671207181 9.58336671207181 9.58336671207181 9.725834979374758 10.020605049242091 10.315375119109424 10.610145188976755 10.904915258844591 11.199685328711924 11.494455398579257 11.78922546844659 12.083995538313921 12.378765608181254 12.673535678048587 12.96830574791592 13.153150700734308 13.220483215008786 13.287815729283261 13.355148243557739 13.422480757832215 13.489813272106806 13.557145786381284 13.62447830065576 13.691810814930237 13.759143329204713 13.82647584347919 13.893808357753667 13.928597721948158 13.928597721948158 13.928597721948158
9.56912703475172 9.619807452085462 9.670487869419205 9.721168286752947 9.771848704086691 9.822529121420434 9.848714679916789 9.848714679916789 9.848714679916789 9.848714679916789 9.848714679916789 9.848714679916789 9.848714679916789 9.848714679916789 9.848714679916789 9.848714679916789 9.848714679916789 9.848714679916789 9.9842088008651 10.264549204062517 10.544889607259936 10.825230010457354 11.10557041365525 11.385910816852668 11.666251220050086 11.946591623247505 12.226932026444922 12.507272429642342 12.78761283283976 13.067953236037177 13.242219991998393 13.30309161783277 13.363963243667149 13.424834869501526 13.485706495335904 13.546578121170384 13.607449747004763 13.66832137283914 13.729192998673518 13.790064624507895 13.850936250342274 13.91180787617665 13.943259028462906 13.943259028462906 13.943259028462906
9.978667382842659 10.024934447875161 10.071201512907663 10.117468577940166 10.16373564297267 10.210002708005172 10.233907975593736 10.233907975593736 10.233907975593736 10.233907975593736 10.233907975593736 10.233907975593736 10.233907975593736 10.233907975593736 10.233907975593736 10.233907975593736 10.233907975593736 10.233907975593736 10.361874667971483 10.626640651070508 10.891406634169533 11.156172617268558 11.420938600368036 11.68570458346706 11.950470566566086 12.21523654966511 12.480002532764136 12.74476851586316 13.009534498962186 13.27430048206121 13.437817799974704 13.493098002798565 13.548378205622427 13.603658408446288 13.658938611270148 13.714218814094103 13.769499016917964 13.824779219741826 13.880059422565687 13.935339625389547 13.990619828213408 14.04590003103727 14.07446220682273 14.07446220682273 14.07446220682273
10.525818616275677 10.565949592689561 10.606080569103444 10.646211545517328 10.686342521931211 10.726473498345095 10.747208371609485 10.747208371609485 10.747208371609485 10.747208371609485 10.747208371609485 10.747208371609485 10.747208371609485 10.747208371609485 10.747208371609485 10.747208371609485 10.747208371609485 10.747208371609485 10.867056211607052 11.11502410535851 11.362991999109967 11.610959892861423 11.858927786613304 12.106895680364762 12.35486357411622 12.602831467867675 12.850799361619133 13.09876725537059 13.346735149122047 13.594703042873505 13.747287876701716 13.797906060247717 13.848524243793719 13.89914242733972 13.949760610885722 14.00037879443181 14.050996977977812 14.101615161523814 14.152233345069815 14.202851528615817 14.253469712161818 14.30408789570782 14.330241299323003 14.330241299323003 14.330241299323003
11.072969849708697 11.106964737503962 11.140959625299226 11.174954513094491 11.208949400889756 11.242944288685019 11.260508767625236 11.260508767625236 11.260508767625236 11.260508767625236 11.260508767625236 11.260508767625236 11.260508767625236 11.260508767625236 11.260508767625236 11.260508767625236 11.260508767625236 11.260508767625236 11.372237755242624 11.603407559646513 11.834577364050402 12.06574716845429 12.296916972858574 12.528086777262462 12.759256581666351 12.990426386070242 13.22159619047413 13.45276599487802 13.683935799281908 13.915105603685797 14.056757953428725 14.102714117696868 14.14867028196501 14.194626446233153 14.240582610501296 14.286538774769516 14.332494939037659 14.378451103305801 14.424407267573944 14.470363431842086 14.516319596110227 14.56227576037837 14.586020391823276 14.586020391823276 14.586020391823276
11.620121083141715 11.647979882318362 11.675838681495007 11.703697480671652 11.731556279848297 11.759415079024942 11.773809163640985 11.773809163640985 11.773809163640985 11.773809163640985 11.773809163640985 11.773809163640985 11.773809163640985 11.773809163640985 11.773809163640985 11.773809163640985 11.773809163640985 11.773809163640985 11.877419298878193 12.091791013934515 12.306162728990834 12.520534444047156 12.734906159103842 12.949277874160163 13.163649589216483 13.378021304272805 13.592393019329126 13.806764734385446 14.021136449441768 14.23550816449809 14.366228030155735 14.407522175146019 14.448816320136302 14.490110465126584 14.531404610116867 14.572698755107222 14.613992900097506 14.655287045087787 14.69658119007807 14.737875335068354 14.779169480058638 14.820463625048921 14.841799484323548 14.841799484323548 14.841799484323548
12.167272316575202 12.188995027133222 12.210717737691244 12.232440448249266 12.254163158807286 12.275885869365307 12.287109559657173 12.287109559657173 12.287109559657173 12.287109559657173 12.287109559657173 12.287109559657173 12.287109559657173 12.287109559657173 12.287109559657173 12.287109559657173 12.287109559657173 12.287109559657173 12.382600842514194 12.580174468222932 12.77774809393167 12.975321719640409 13.172895345349485 13.370468971058223 13.568042596766961 13.7656162224757 13.963189848184438 14.160763473893176 14.358337099601915 14.555910725310653 14.67569810688301 14.712330232595429 14.74896235830785 14.785594484020269 14.82222660973269 14.858858735445171 14.895490861157592 14.932122986870011 14.968755112582432 15.005387238294851 15.042019364007272 15.078651489719691 15.09757857682404 15.09757857682404 15.09757857682404
12.71442355000822 12.730010171947622 12.745596793887024 12.761183415826427 12.776770037765829 12.79235665970523 12.800409955672922 12.800409955672922 12.800409955672922 12.800409955672922 12.800409955672922 12.800409955672922 12.800409955672922 12.800409955672922 12.800409955672922 12.800409955672922 12.800409955672922 12.800409955672922 12.887782386149764 13.068557922510934 13.249333458872105 13.430108995233274 13.610884531594753 13.791660067955924 13.972435604317095 14.153211140678264 14.333986677039436 14.514762213400605 14.695537749761776 14.876313286122947 14.98516818361002 15.017138290044581 15.049108396479141 15.081078502913702 15.113048609348263 15.145018715782879 15.176988822217439 15.208958928651999 15.24092903508656 15.27289914152112 15.304869247955681 15.336839354390243 15.353357669324312 15.353357669324312 15.353357669324312
13.26157478344124 13.271025316762023 13.280475850082807 13.28992638340359 13.299376916724372 13.308827450045156 13.313710351688673 13.313710351688673 13.313710351688673 13.313710351688673 13.313710351688673 13.313710351688673 13.313710351688673 13.313710351688673 13.313710351688673 13.313710351688673 13.313710351688673 13.313710351688673 13.392963929785335 13.556941376798937 13.72091882381254 13.884896270826141 14.048873717840024 14.212851164853626 14.376828611867229 14.54080605888083 14.704783505894433 14.868760952908035 15.032738399921637 15.19671584693524 15.294638260337031 15.321946347493732 15.349254434650433 15.376562521807134 15.403870608963837 15.431178696120584 15.458486783277285 15.485794870433987 15.513102957590688 15.54041104474739 15.567719131904092 15.595027219060793 15.609136761824585 15.609136761824585 15.609136761824585
