Figures/CREST_Example_wjb_NSE/Rolling_result/20100722/BJP_forecast/ens_14/wjb.rain.20100726.asc
ncols            288
nrows            254
xllcorner        113.274861
yllcorner        31.4918055
cellsize         0.008333333333
NODATA_value     -9999
[rows 110 to 131 of 254, columns 192 to 239 of 288]
0.09538800480949172 0.10544650804286514 0.11550501127623856 0.118590157304749 0.1142206266942417 0.10985109608373439 0.10548156547322707 0.10111203486271977 0.09674250425221245 0.09237297364170514 0.08800344303119784 0.08363391242069053 0.07926438181018322 0.07489485119967591 0.0705253205891686 0.0671112289925564 0.06471852332259319 0.06232581765263407 0.05993311198267495 0.05754040631271583 0.05514770064275671 0.05275499497279759 0.05036228930283847 0.047969583632879356 0.04557687796292023 0.043184172292961114 0.040791466623001996 0.05847139283870088 0.09760941680849793 0.1367474407783617 0.17588546474815875 0.2150234887179558 0.2541615126877529 0.2932995366575499 0.3324375606273469 0.371575584597144 0.41071360856694106 0.4498516325367381 0.48898965650653514 0.21782881733010034 0.21782881733010034 0.21782881733010034 0.21782881733010034 0.21782881733010034 -9999.0 -9999.0 -9999.0 -9999.0
0.08631782427139266 0.09541989235915256 0.10452196044691246 0.1094288504595185 0.10985100018495915 0.1102731499103998 0.11069529963584045 0.1111174493612811 0.11153959908672174 0.11196174881216239 0.11238389853760304 0.11280604826304369 0.11322819798848434 0.11365034771392499 0.11407249743936564 0.1123545506384581 0.10834879222225292 0.10434303380605457 0.10033727538985622 0.09633151697365787 0.09232575855745952 0.08832000014126117 0.08431424172506281 0.08030848330886445 0.07630272489266611 0.07229696647646776 0.0682912080602694 0.08388366695730584 0.12042706369393516 0.1569704604306268 0.1935138571672561 0.23005725390388543 0.26660065064051475 0.30314404737714407 0.3396874441137734 0.3762308408504027 0.412774237587032 0.44931763432366134 0.48586103106029066 0.21782881733010034 0.21782881733010034 0.21782881733010034 0.21782881733010034 0.21782881733010034 0.21782881733010034 -9999.0 -9999.0 -9999.0
0.07724764373330137 0.08539327667544856 0.09353890961759574 0.10026754361429582 0.10548137367568035 0.11069520373706487 0.1159090337984494 0.12112286385983392 0.12633669392121843 0.13155052398260297 0.1367643540439875 0.14197818410537202 0.14719201416675654 0.15240584422814107 0.1576196742895256 0.1575978722843213 0.15197906112187548 0.14636024995943928 0.14074143879700304 0.13512262763456684 0.1295038164721306 0.1238850053096944 0.11826619414725818 0.11264738298482196 0.10702857182238576 0.10140976065994953 0.09579094949751332 0.10929594107588908 0.14324471057935287 0.17719348008287455 0.21114224958633837 0.24509101908980216 0.27903978859326595 0.31298855809672976 0.3469373276001936 0.3808860971036574 0.4148348666071212 0.448783636110585 0.48273240561404873 0.21782881733010034 0.21782881733010034 0.21782881733010034 0.21782881733010034 0.21782881733010034 0.21782881733010034 0.21782881733010034 0.21782881733010034 -9999.0
0.06817746319521005 0.07536666099174454 0.08255585878827902 0.09110623676907313 0.10111174716640153 0.11111725756372992 0.12112276796105834 0.13112827835838672 0.1411337887557151 0.15113929915304353 0.16114480955037191 0.1711503199477003 0.18115583034502872 0.1911613407423571 0.20116685113968552 0.2028411939301844 0.195609330021498 0.18837746611282394 0.18114560220414985 0.1739137382954758 0.1666818743868017 0.15945001047812762 0.15221814656945354 0.14498628266077948 0.13775441875210542 0.13052255484343134 0.12329069093475725 0.13470821519447235 0.16606235746477063 0.19741649973512237 0.2287706420054207 0.26012478427571895 0.29147892654601726 0.32283306881631557 0.35418721108661383 0.3855413533569121 0.4168954956272104 0.4482496378975087 0.479603780167807 0.21782881733010034 0.21782881733010034 0.21782881733010034 0.21782881733010034 0.21782881733010034 0.21782881733010034 0.21782881733010034 0.21782881733010034 0.21782881733010034
0.05910728265711875 0.06534004530804052 0.07157280795896229 0.08194492992385045 0.09674212065712273 0.111539311390395 0.12633650212366726 0.14113369285693955 0.1559308835902118 0.17072807432348408 0.18552526505675634 0.2003224557900286 0.2151196465233009 0.22991683725657314 0.24471402798984543 0.24808451557604755 0.2392395989211205 0.2303946822662086 0.22154976561129666 0.21270484895638472 0.20385993230147278 0.19501501564656087 0.18617009899164894 0.177325182336737 0.16848026568182506 0.15963534902691312 0.15079043237200118 0.16012048931305561 0.18888000435018837 0.2176395193873702 0.24639903442450295 0.27515854946163576 0.3039180644987685 0.33267757953590127 0.3614370945730341 0.3901966096101668 0.4189561246472996 0.4477156396844324 0.4764751547215651 0.21782881733010034 0.21782881733010034 0.21782881733010034 0.21782881733010034 0.21782881733010034 0.21782881733010034 0.21782881733010034 0.21782881733010034 0.21782881733010034
0.05003710211902745 0.0553134296243365 0.06058975712964556 0.07278362307862776 0.0923724941478439 0.11196136521706004 0.1315502362862762 0.15113910735549235 0.1707279784247085 0.19031684949392463 0.20990572056314077 0.22949459163235691 0.24908346270157306 0.2686723337707892 0.28826120484000534 0.2933278372219107 0.282869867820743 0.27241189841959323 0.26195392901844344 0.25149595961729365 0.2410379902161439 0.2305800208149941 0.2201220514138443 0.2096640820126945 0.19920611261154472 0.18874814321039493 0.17829017380924514 0.18553276343163888 0.21169765123560613 0.23786253903961802 0.26402742684358527 0.2901923146475525 0.31635720245151977 0.342522090255487 0.3686869780594543 0.3948518658634215 0.4210167536673888 0.4471816414713561 0.4733465292753233 0.21782881733010034 0.21782881733010034 0.21782881733010034 0.21782881733010034 0.21782881733010034 0.21782881733010034 0.21782881733010034 0.21782881733010034 0.21782881733010034
0.04096692158093614 0.04528681394063249 0.04960670630032884 0.06362231623340509 0.0880028676385651 0.11238341904372512 0.13676397044888514 0.16114452185404515 0.1855250732592052 0.2099056246643652 0.23428617606952523 0.2586667274746852 0.2830472788798452 0.30742783028500525 0.33180838169016524 0.33857115886777384 0.3265001367203656 0.31442911457297795 0.3023580924255903 0.29028707027820266 0.278216048130815 0.2661450259834274 0.25407400383603973 0.24200298168865209 0.2299319595412644 0.21786093739387677 0.20578991524648912 0.21094503755022218 0.2345152981210239 0.25808555869186584 0.2816558192626676 0.30522607983346933 0.3287963404042711 0.3523666009750728 0.3759368615458745 0.39950712211667627 0.423077382687478 0.44664764325827977 0.47021790382908146 0.21782881733010034 0.21782881733010034 0.21782881733010034 0.21782881733010034 0.21782881733010034 0.21782881733010034 0.21782881733010034 0.21782881733010034 0.21782881733010034
0.031896741042844845 0.035260198256928485 0.03862365547101212 0.05446100938818241 0.08363324112928629 0.11280547287039017 0.14197770461149406 0.17114993635259795 0.20032216809370185 0.22949439983480568 0.2586666315759096 0.28783886331701347 0.31701109505811736 0.34618332679922126 0.37535555854032515 0.3838144805136369 0.3701304056199881 0.35644633072636256 0.34276225583273706 0.32907818093911156 0.31539410604548607 0.30171003115186057 0.28802595625823507 0.2743418813646096 0.260657806470984 0.24697373157735855 0.23328965668373305 0.23635731166880544 0.25733294500644166 0.27830857834411366 0.2992842116817499 0.3202598450193861 0.34123547835702234 0.3622111116946586 0.3831867450322948 0.40416237836993096 0.4251380117075672 0.44611364504520346 0.46708927838283965 0.21782881733010034 0.21782881733010034 0.21782881733010034 0.21782881733010034 0.21782881733010034 0.21782881733010034 0.21782881733010034 0.21782881733010034 0.21782881733010034
0.022826560504745803 0.025233582573215917 0.02764060464168603 0.04529970254295192 0.07926361462000377 0.11322752669705562 0.14719143877410745 0.1811553508511593 0.21511926292821115 0.249083175005263 0.28304708708231485 0.3170109991593667 0.35097491123641855 0.3849388233134704 0.41890273539052225 0.4290578021595387 0.4137606745196479 0.39846354687978314 0.38316641923991834 0.3678692916000536 0.35257216396018887 0.33727503632032413 0.3219779086804594 0.30668078104059465 0.2913836534007299 0.2760865257608651 0.26078939812100044 0.26176958578741033 0.28015059189187885 0.2985315979963787 0.3169126041008472 0.3352936102053157 0.35367461630978414 0.37205562241425266 0.3904366285187212 0.40881763462318965 0.4271986407276582 0.4455796468321267 0.46396065293659516 0.21782881733010034 0.21782881733010034 0.21782881733010034 0.21782881733010034 0.21782881733010034 0.21782881733010034 0.21782881733010034 0.21782881733010034 0.21782881733010034
0.013756379966654499 0.0152069668895119 0.016657553812369302 0.036138395697729225 0.07489398811072495 0.11364958052372066 0.15240517293671638 0.1911607653497121 0.22991635776270783 0.2686719501757035 0.30742754258869925 0.34618313500169495 0.38493872741469065 0.4236943198276864 0.4624499122406821 0.4743011238054018 0.4573909434192704 0.44048076303316774 0.42357058264706515 0.40666040226096256 0.38975022187485997 0.3728400414887574 0.3559298611026548 0.33901968071655214 0.32210950033044955 0.3051993199443469 0.2882891395582443 0.2871818599059936 0.30296823877729656 0.3187546176486265 0.33454099651992947 0.3503273753912325 0.36611375426253545 0.3819001331338384 0.3976865120051414 0.41347289087644434 0.42925926974774736 0.4450456486190504 0.46083202749035335 0.21782881733010034 0.21782881733010034 0.21782881733010034 0.21782881733010034 0.21782881733010034 0.21782881733010034 0.21782881733010034 0.21782881733010034 0.21782881733010034
0.004686199428563194 0.005180351205807886 0.005674502983052578 0.026977088852506544 0.07052436160144614 0.11407163435038571 0.1576189070993253 0.20116617984826488 0.24471345259720448 0.28826072534614405 0.33180799809508366 0.37535527084402326 0.4189025435929628 0.4624498163419024 0.505997089090842 0.5195444454512649 0.5010212123188929 0.4824979791865524 0.46397474605421196 0.44545151292187146 0.426928279789531 0.4084050466571906 0.3898818135248501 0.3713585803925097 0.3528353472601692 0.33431211412782874 0.3157888809954883 0.31259413402457686 0.3257858856627143 0.33897763730087427 0.3521693889390118 0.36536114057714925 0.3785528922152867 0.39174464385342417 0.40493639549156163 0.4181281471296991 0.4313198987678366 0.44451165040597407 0.45770340204411153 0.21782881733010034 0.21782881733010034 0.21782881733010034 0.21782881733010034 0.21782881733010034 0.21782881733010034 0.21782881733010034 0.21782881733010034 0.21782881733010034
0.0 0.0 0.0 0.021347864579241663 0.06551707943436616 0.10968629428949067 0.15385550914461518 0.1980247239997397 0.24219393885486418 0.2863631537099887 0.3305323685651132 0.3747015834202377 0.4188707982753622 0.4630400131304867 0.5072092279856112 0.5210519524471791 0.5024749724144629 0.48389799238177844 0.46532101234909395 0.4467440323164095 0.42816705228372504 0.4095900722510406 0.3910130922183561 0.37243611218567163 0.3538591321529872 0.33528215212030277 0.3167051720876183 0.31320034200993657 0.3258079813354307 0.3384156206609463 0.35102325998644046 0.3636308993119346 0.37623853863742873 0.38884617796292287 0.40145381728841695 0.4140614566139111 0.4266690959394052 0.43927673526489935 0.45188437459039343 0.45550119662625477 0.44950663148774433 0.4435120663492339 0.4375175012107132 0.43152293607220277 0.42552837093369233 0.41953380579518185 0.4135392406566714 0.407544675518161
0.0 0.0 0.0 0.019494213903767276 0.05982818356856075 0.10016215323335421 0.1404961228981477 0.18083009256294116 0.22116406222773463 0.2614980318925281 0.3018320015573216 0.34216597122211506 0.38249994088690853 0.422833910551702 0.46316788021649546 0.47580863080131586 0.4588447035148403 0.4418807762283937 0.42491684894194715 0.4079529216555005 0.3909889943690539 0.3740250670826073 0.3570611397961607 0.34009721250971414 0.3231332852232675 0.3061693579368209 0.2892054306503743 0.2872904291375296 0.3014630698523514 0.3156357105671973 0.3298083512820191 0.34398099199684085 0.35815363271166256 0.37232627342648433 0.3864989141413061 0.4006715548561279 0.41484419557094965 0.4290168362857714 0.4431894770005932 0.4480362723393955 0.44291352789669186 0.43779078345398814 0.4326680390112757 0.42754529456857204 0.4224225501258683 0.41729980568316466 0.41217706124046094 0.4070543167977573
0.0 0.0 0.0 0.017640563228292893 0.054139287702755334 0.09063801217721779 0.12713673665168024 0.16363546112614266 0.2001341856006051 0.23663291007506757 0.27313163454953 0.30963035902399244 0.3461290834984549 0.38262780797291734 0.4191265324473798 0.4305653091554527 0.4152144346152178 0.39986356007500906 0.38451268553480034 0.36916181099459155 0.35381093645438283 0.3384600619141741 0.3231091873739653 0.3077583128337566 0.29240743829354787 0.2770565637533391 0.26170568921313037 0.2613805162651226 0.277118158369272 0.2928558004734483 0.3085934425775977 0.3243310846817471 0.3400687267858965 0.3558063688900459 0.3715440109941953 0.3872816530983447 0.40301929520249413 0.41875693730664354 0.43449457941079295 0.4405713480525364 0.4363204243056395 0.43206950055874255 0.4278185768118383 0.4235676530649414 0.4193167293180445 0.41506580557114753 0.4108148818242506 0.4065639580773536
0.0 0.0 0.0 0.01578691255281693 0.04845039183694508 0.08111387112107322 0.11377735040520139 0.14644082968932953 0.17910430897345767 0.21176778825758583 0.244431267541714 0.2770947468258421 0.3097582261099703 0.34242170539409844 0.3750851846782266 0.385321987509551 0.3715841657155581 0.35784634392158854 0.34410852212761905 0.3303707003336495 0.31663287853968003 0.3028950567457105 0.289157234951741 0.2754194131577715 0.261681591363802 0.24794376956983247 0.23420594777586295 0.23547060339269352 0.2527732468861719 0.27007589037967983 0.2873785338731582 0.3046811773666366 0.32198382086011496 0.33928646435359333 0.35658910784707176 0.3738917513405501 0.3911943948340285 0.4084970383275069 0.42579968182098527 0.4331064237656708 0.42972732071458136 0.42634821766349196 0.4229691146123967 0.4195900115613073 0.41621090851021786 0.4128318054591284 0.409452702408039 0.40607359935694953
0.0 0.0 0.0 0.01393326187734255 0.04276149597113968 0.0715897300649368 0.10041796415873393 0.12924619825253106 0.15807443234632818 0.18690266644012532 0.21573090053392244 0.24455913462771955 0.2733873687215167 0.3022156028153138 0.33104383690911093 0.3400786658636879 0.32795389681593556 0.31582912776820393 0.30370435872047225 0.2915795896727406 0.2794548206250089 0.2673300515772773 0.25520528252954566 0.24308051348181398 0.23095574443408234 0.21883097538635068 0.20670620633861903 0.20956069052028656 0.2284283354030926 0.24729598028593078 0.2661636251687368 0.28503127005154283 0.30389891493434884 0.3227665598171549 0.3416342046999609 0.360501849582767 0.379369494465573 0.398237139348379 0.417104784231185 0.42564149947881164 0.42313421712352894 0.42062693476824625 0.4181196524129593 0.4156123700576766 0.4131050877023939 0.4105978053471112 0.4080905229918286 0.4055832406365459
0.0 0.0 0.0 0.012079611201868167 0.037072600105334266 0.06206558900880037 0.08705857791226647 0.11205156681573257 0.13704455571919866 0.16203754462266476 0.18703053352613086 0.21202352242959696 0.23701651133306306 0.26200950023652914 0.28700248913999526 0.29483534421782476 0.28432362791631305 0.2738119116148192 0.26330019531332544 0.25278847901183166 0.24227676271033785 0.23176504640884404 0.22125333010735027 0.2107416138058565 0.20022989750436268 0.18971818120286887 0.1792064649013751 0.18365077764787957 0.20408342392001325 0.22451607019218175 0.24494871646431543 0.2653813627364491 0.2858140090085828 0.30624665528071643 0.3266793015528501 0.3471119478249838 0.3675445940971174 0.3879772403692511 0.4084098866413848 0.41817657519195245 0.4165411135324765 0.4149056518730006 0.4132701902135219 0.4116347285540459 0.40999926689457 0.4083638052350941 0.40672834357561816 0.40509288191614223
0.0 0.0 0.0 0.010225960526393785 0.03138370423952886 0.05254144795266393 0.073699191665799 0.09485693537893408 0.11601467909206915 0.13717242280520422 0.15833016651833928 0.17948791023147437 0.20064565394460943 0.2218033976577445 0.2429611413708796 0.2495920225719616 0.2406933590166905 0.23179469546143458 0.22289603190617865 0.2139973683509227 0.20509870479566678 0.19620004124041085 0.1873013776851549 0.17840271412989894 0.16950405057464302 0.1606053870193871 0.15170672346413117 0.1577408647754726 0.1797385124369339 0.20173616009843273 0.22373380775989404 0.24573145542135535 0.26772910308281667 0.289726750744278 0.3117243984057393 0.3337220460672006 0.3557196937286619 0.37771734139012325 0.39971498905158453 0.41071165090509326 0.4099480099414241 0.4091843689777549 0.40842072801408447 0.40765708705041526 0.4068934460867461 0.4061298051230769 0.40536616415940774 0.40460252319573853
0.0 0.0 0.0 0.008372309850919402 0.025694808373723448 0.043017306896527496 0.06033980541933154 0.07766230394213558 0.09498480246493964 0.11230730098774368 0.12962979951054773 0.14695229803335177 0.16427479655615582 0.18159729507895986 0.1989197936017639 0.20434870092609847 0.19706309011706796 0.1897774793080499 0.18249186849903182 0.17520625769001374 0.16792064688099567 0.1606350360719776 0.15334942526295953 0.14606381445394143 0.13877820364492335 0.13149259283590528 0.12420698202688721 0.13183095190306562 0.15539360095385457 0.1789562500046837 0.20251889905547266 0.22608154810626163 0.24964419715705058 0.2732068462078395 0.2967694952586285 0.3203321443094174 0.34389479336020634 0.3674574424109953 0.3910200914617843 0.4032467266182341 0.4033549063503717 0.40346308608250925 0.403571265814647 0.4036794455467846 0.40378762527892215 0.4038958050110597 0.40400398474319726 0.4041121644753349
0.0 0.0 0.0 0.006518659175445019 0.020005912507918038 0.033493165840391054 0.04698041917286407 0.06046767250533709 0.07395492583781012 0.08744217917028313 0.10092943250275616 0.11441668583522917 0.12790393916770218 0.1413911925001752 0.15487844583264823 0.15910537928023533 0.15343282121744542 0.1477602631546652 0.14208770509188498 0.1364151470291048 0.13074258896632457 0.12507003090354435 0.11939747284076413 0.11372491477798391 0.10805235671520369 0.10237979865242347 0.09670724058964325 0.10592103903065865 0.13104868947077525 0.1561763399109347 0.18130399035105127 0.20643164079116788 0.2315592912312845 0.25668694167140105 0.28181459211151766 0.30694224255163427 0.3320698929917508 0.35719754343186744 0.38232519387198405 0.39578180233137494 0.39676180275931927 0.3977418031872636 0.3987218036152096 0.3997018040431539 0.40068180447109825 0.4016618048990426 0.4026418053269869 0.40362180575493123
0.0 0.0 0.0 0.004665008499970638 0.014317016642112632 0.023969024784254625 0.03362103292639662 0.04327304106853861 0.05292504921068061 0.0625770573528226 0.07222906549496459 0.08188107363710659 0.09153308177924858 0.10118508992139058 0.11083709806353256 0.11386205763437218 0.1098025523178229 0.10574304700128055 0.10168354168473819 0.09762403636819583 0.09356453105165347 0.08950502573511111 0.08544552041856876 0.0813860151020264 0.07732650978548403 0.07326700446894167 0.06920749915239932 0.08001112615825168 0.1067037779876959 0.13339642981718564 0.16008908164662988 0.18678173347607413 0.21347438530551835 0.24016703713496257 0.2668596889644068 0.29355234079385106 0.32024499262329525 0.3469376444527395 0.37363029628218375 0.3883168780445157 0.3901686991682668 0.39202052029201784 0.3938723414157721 0.3957241625395232 0.3975759836632743 0.39942780478702533 0.4012796259107764 0.4031314470345275
0.0 0.0 0.0 0.002811357824494674 0.00862812077630237 0.014444883728110064 0.02026164667991776 0.026078409631725457 0.03189517258353315 0.03771193553534084 0.04352869848714854 0.04934546143895624 0.05516222439076393 0.06097898734257163 0.06679575029437933 0.06861873598847047 0.06617228341816317 0.06372583084786004 0.061279378277556924 0.0588329257072538 0.05638647313695067 0.053940020566647554 0.05149356799634443 0.0490471154260413 0.046600662855738176 0.04415421028543505 0.041707757715131924 0.054101213285822604 0.08235886650459581 0.11061651972341721 0.13887417294219043 0.16713182616096364 0.19538947937973686 0.22364713259851007 0.25190478581728326 0.2801624390360565 0.30842009225482964 0.33667774547360285 0.36493539869237607 0.38085195375765013 0.3835755955772087 0.3862992373967673 0.38902287921633055 0.39174652103588914 0.3944701628554477 0.39719380467500626 0.39991744649456484 0.40264108831412343
