Figures/CREST_Example_wjb_NSE/Rolling_result/20100722/BJP_forecast/ens_14/wjb.rain.20100728.asc
ncols            288
nrows            254
xllcorner        113.274861
yllcorner        31.4918055
cellsize         0.008333333333
NODATA_value     -9999
[rows 100 to 119 of 254, columns 90 to 134 of 288]
0.6198694651881352 0.6249180910023826 0.6299667168166213 0.63501534263086 0.6400639684450987 0.6451125942593374 0.6501612200735761 0.6552098458878148 0.6602584717020535 0.7673863753925976 0.9836393352147086 1.1998922950368196 1.4161452548589306 1.6323982146810416 1.8486511745035212 2.0649041343256322 2.2811570941477433 2.4974100539698543 2.7136630137919653 2.9299159736140763 3.1461689334361873 3.2427217910921904 3.211312532785604 3.1799032744790177 3.1484940161724313 3.117084757865845 3.085675499559259 3.054266241252619 3.0228569829460326 2.991447724639446 2.96003846633286 2.9286292080262735 2.8972199497196875 2.8270658719701705 2.7154927060302403 2.6039195400903106 2.4923463741503804 2.3807732082104502 2.26920004227052 2.15762687633059 2.0460537103904697 1.9344805444505395 1.8229073785106094 1.7113342125706792 1.5997610466307493
0.6438472785874898 0.6453662106586604 0.6468851427298284 0.6484040748009965 0.6499230068721645 0.6514419389433327 0.6529608710145007 0.6544798030856688 0.6559987351568368 0.7612716340826644 0.9774598695237748 1.1936481049648853 1.4098363404059955 1.6260245758471057 1.842212811288585 2.058401046729695 2.2745892821708056 2.490777517611916 2.7069657530530264 2.9231539884941364 3.1393422239352473 3.2406262962512584 3.2190752198888317 3.197524143526405 3.1759730671639783 3.154421990801551 3.1328709144391245 3.111319838076661 3.089768761714234 3.0682176853518075 3.046666608989381 3.0251155326269537 3.003564456264527 2.9365172226029412 2.820833567902552 2.7051499132021632 2.589466258501774 2.4737826038013853 2.358098949100996 2.2424152944006073 2.126731639700021 2.0110479849996317 1.895364330299243 1.779680675598854 1.663997020898465
0.6678250919868441 0.6658143303149382 0.6638035686430356 0.661792806971133 0.6597820452992303 0.6577712836273278 0.6557605219554252 0.6537497602835226 0.65173899861162 0.7551568927727312 0.9712804038328409 1.1874039148929505 1.4035274259530603 1.6196509370131702 1.8357744480736482 2.051897959133758 2.268021470193868 2.4841449812539773 2.700268492314087 2.916392003374197 3.132515514434307 3.2385308014103273 3.22683790699206 3.2151450125737924 3.203452118155525 3.191759223737258 3.1800663293189904 3.168373434900703 3.156680540482436 3.1449876460641684 3.133294751645901 3.1216018572276334 3.1099089628093664 3.0459685732357116 2.9261744297748637 2.806380286314016 2.6865861428531677 2.56679199939232 2.446997855931472 2.327203712470624 2.207409569009572 2.0876154255487243 1.9678212820878764 1.8480271386270286 1.7282329951661808
0.6918029053861987 0.686262449971216 0.6807219945562427 0.6751815391412694 0.6696410837262963 0.664100628311323 0.6585601728963497 0.6530197174813765 0.6474792620664033 0.7490421514627981 0.9651009381419071 1.1811597248210162 1.3972185115001252 1.6132772981792343 1.829336084858712 2.045394871537821 2.2614536582169302 2.477512444896039 2.693571231575148 2.909630018254257 3.125688804933366 3.2364353065693954 3.2346005940952876 3.2327658816211797 3.2309311691470715 3.2290964566729636 3.227261744198856 3.225427031724745 3.223592319250637 3.2217576067765292 3.219922894302421 3.218088181828313 3.2162534693542053 3.1554199238684815 3.031515291647175 2.907610659425868 2.7837060272045617 2.659801394983255 2.535896762761948 2.411992130540641 2.2880874983191233 2.164182866097817 2.04027823387651 1.916373601655203 1.7924689694338964
0.7157807187855532 0.7067105696274938 0.6976404204694499 0.6885702713114059 0.679500122153362 0.6704299729953181 0.6613598238372742 0.6522896746792303 0.6432195255211863 0.7429274101528648 0.9589214724509733 1.1749155347490818 1.39090959704719 1.6069036593452988 1.8228977216437754 2.038891783941884 2.2548858462399926 2.470879908538101 2.6868739708362095 2.9028680331343177 3.1188620954324264 3.234339811728464 3.2423632811985157 3.250386750668567 3.258410220138619 3.2664336896086703 3.2744571590787217 3.2824806285487873 3.2905040980188387 3.29852756748889 3.306551036958942 3.3145745064289933 3.3225979758990447 3.2648712745012523 3.1368561535194868 3.008841032537721 2.8808259115559554 2.75281079057419 2.624795669592424 2.4967805486106585 2.3687654276286745 2.240750306646909 2.1127351856651435 1.9847200646833776 1.856704943701612
0.7397585321849279 0.7271586892837889 0.7145588463826713 0.7019590034815538 0.6893591605804362 0.6767593176793186 0.6641594747782011 0.6515596318770835 0.638959788975966 0.7368126688429264 0.9527420067600342 1.168671344677142 1.3846006825942498 1.6005300205113575 1.8164593584288335 2.0323886963459414 2.248318034263049 2.464247372180157 2.680176710097265 2.8961060480143725 3.11203538593148 3.2322443168875306 3.25012596830175 3.2680076197159695 3.285889271130189 3.303770922544408 3.3216525739586276 3.3395342253728777 3.357415876787097 3.3752975282013162 3.3931791796155357 3.411060831029755 3.4289424824439747 3.374322625134116 3.2421970153918878 3.11007140564966 2.977945795907432 2.845820186165204 2.713694576422976 2.5815689666807478 2.4494433569382945 2.317317747196067 2.1851921374538383 2.0530665277116107 1.9209409179693826
0.7637363455842825 0.7476068089400667 0.7314772722958786 0.7153477356516903 0.699218199007502 0.6830886623633139 0.6669591257191256 0.6508295890749374 0.6347000524307492 0.7306979275329931 0.9465625410691003 1.1624271546052074 1.3782917681413145 1.5941563816774218 1.8100209952138973 2.0258856087500043 2.2417502222861114 2.4576148358222185 2.6734794493583256 2.8893440628944327 3.10520867643054 3.230148822046599 3.257888655404978 3.285628488763357 3.3133683221217356 3.3411081554801147 3.3688479888384935 3.3965878221969197 3.4243276555552984 3.452067488913677 3.4798073222720562 3.507547155630435 3.5352869889888137 3.483773975766886 3.347537877264199 3.2113017787615123 3.0750656802588257 2.9388295817561385 2.802593483253452 2.666357384750765 2.5301212862478457 2.393885187745159 2.257649089242472 2.121412990739785 1.9851768922370985
0.7877141589836368 0.7680549285963445 0.7483956982090856 0.7287364678218268 0.7090772374345679 0.689418007047309 0.6697587766600501 0.6500995462727913 0.6304403158855325 0.72458318622306 0.9403830753781666 1.156182964533273 1.3719828536883796 1.587782742843486 1.8035826319989605 2.019382521154067 2.2351824103091733 2.45098229946428 2.6667821886193863 2.882582077774493 3.0983819669295993 3.2280533272056675 3.265651342508206 3.303249357810744 3.340847373113282 3.3784453884158205 3.416043403718359 3.4536414190209612 3.4912394343234996 3.528837449626038 3.5664354649285763 3.6040334802311147 3.641631495533653 3.593225326399656 3.4528787391365103 3.312532151873365 3.1721855646102193 3.0318389773470735 2.8914923900839278 2.751145802820782 2.610799215557397 2.470452628294251 2.3301060410311054 2.1897594537679597 2.049412866504814
0.8116919723829913 0.7885030482526222 0.7653141241222927 0.7421251999919631 0.7189362758616337 0.6957473517313042 0.6725584276009746 0.649369503470645 0.6261805793403156 0.7184684449131267 0.9342036096872326 1.1499387744613385 1.3656739392354442 1.5814091040095501 1.797144268784024 2.0128794335581297 2.2286145983322356 2.4443497631063416 2.6600849278804475 2.8758200926545534 3.0915552574286593 3.225957832364736 3.2734140296114336 3.3208702268581316 3.368326424104829 3.4157826213515268 3.463238818598225 3.5106950158450037 3.5581512130917012 3.605607410338399 3.653063607585097 3.7005198048317944 3.7479760020784925 3.7026766770324264 3.558219601008822 3.4137625249852173 3.269305448961613 3.124848372938008 2.9803912969144033 2.835934220890799 2.6914771448669477 2.5470200688433433 2.402562992819739 2.258105916796134 2.1136488407725293
0.857566068936987 0.8348723804883292 0.8121786920397102 0.789485003591091 0.7667913151424719 0.7440976266938528 0.7214039382452337 0.6987102497966147 0.6760165613479956 0.7661995907160304 0.9770503836493145 1.1879011765825989 1.398751969515883 1.6096027624491671 1.8204535553828107 2.0313043483160946 2.2421551412493788 2.453005934182663 2.663856727115947 2.8747075200492316 3.0855583129825157 3.218553415552937 3.268319024595149 3.318084633637361 3.367850242679573 3.417615851721785 3.4673814607639972 3.5171470698062937 3.5669126788485057 3.6166782878907178 3.66644389693293 3.716209505975142 3.765975115017354 3.7241740728681103 3.584486209834696 3.444798346801281 3.305110483767866 3.1654226207344514 3.0257347577010365 2.8860468946676217 2.7463590316339688 2.606671168600554 2.466983305567139 2.3272954425337242 2.18760757950031
0.9268459117399062 0.9089498547778131 0.8910537978157506 0.873157740853688 0.8552616838916255 0.837365626929563 0.8194695699675004 0.8015735130054379 0.7836774560433754 0.8714885951477441 1.0723031169586186 1.2731176387694931 1.4739321605803677 1.674746682391242 1.8755612042024592 2.0763757260133335 2.2771902478242083 2.4780047696350826 2.678819291445957 2.8796338132568318 3.0804483350677065 3.205474095853379 3.2494799573117343 3.2934858187700895 3.3374916802284447 3.3814975416868 3.425503403145155 3.4695092646035848 3.51351512606194 3.557520987520295 3.6015268489786503 3.6455327104370054 3.68953857189536 3.6516542360515234 3.5262274273621017 3.4008006186726796 3.275373809983258 3.1499470012938358 3.024520192604414 2.899093383914992 2.7736665752253566 2.6482397665359345 2.5228129578465124 2.3973861491570907 2.271959340467669
0.9961257545428844 0.9830273290673602 0.9699289035918582 0.9568304781163564 0.9437320526408545 0.9306336271653526 0.9175352016898507 0.9044367762143488 0.8913383507388468 0.9767775995795477 1.167555850268004 1.3583341009564602 1.5491123516449166 1.739890602333373 1.9306688530221545 2.1214471037106106 2.312225354399067 2.5030036050875237 2.69378185577598 2.884560106464436 3.0753383571528925 3.1923947761538107 3.2306408900283037 3.268887003902797 3.3071331177772905 3.3453792316517834 3.383625345526277 3.421871459400835 3.4601175732753284 3.498363687149822 3.5366098010243148 3.574855914898808 3.6131020287733016 3.5791343992348743 3.4679686448894573 3.356802890544041 3.245637136198624 3.1344713818532073 3.0233056275077903 2.9121398731623733 2.800974118816767 2.68980836447135 2.5786426101259337 2.467476855780517 2.3563111014351
1.0654055973458036 1.057104803356844 1.0488040093678987 1.0405032153789533 1.032202421390008 1.0239016274010626 1.0156008334121174 1.0073000394231721 0.9989992454342267 1.0820666040112614 1.2628085835773082 1.4435505631433547 1.6242925427094015 1.8050345222754482 1.985776501841803 2.1665184814078495 2.3472604609738963 2.528002440539943 2.70874442010599 2.889486399672036 3.070228379238083 3.179315456454253 3.2118018227448895 3.2442881890355255 3.276774555326162 3.309260921616798 3.3417472879074346 3.374233654198126 3.4067200204887627 3.439206386779399 3.471692753070035 3.5041791193606717 3.536665485651308 3.5066145624182874 3.4097098624168636 3.3128051624154393 3.2159004624140155 3.1189957624125917 3.022091062411168 2.925186362409744 2.828281662408155 2.7313769624067312 2.6344722624053074 2.5375675624038836 2.4406628624024598
1.134685440148723 1.131182277646328 1.1276791151439394 1.1241759526415505 1.1206727901391618 1.1171696276367729 1.1136664651343842 1.1101633026319953 1.1066601401296066 1.1873556084429753 1.3580613168866122 1.5287670253302492 1.6994727337738862 1.8701784422175232 2.0408841506614515 2.2115898591050884 2.3822955675487254 2.5530012759923624 2.7237069844359993 2.8944126928796363 3.0651184013232733 3.166236136754695 3.1929627554614743 3.219689374168254 3.2464159928750336 3.2731426115818127 3.2998692302885924 3.3265958489954173 3.353322467702197 3.3800490864089765 3.4067757051157557 3.4335023238225353 3.460228942529315 3.4340947256017005 3.3514510799442694 3.2688074342868387 3.1861637886294076 3.1035201429719765 3.020876497314546 2.938232851657115 2.855589205999543 2.772945560342112 2.6903019146846807 2.60765826902725 2.525014623369819
1.203965282951642 1.2052597519358121 1.2065542209199798 1.2078486899041476 1.2091431588883155 1.210437627872483 1.211732096856651 1.2130265658408186 1.2143210348249864 1.2926446128746891 1.4533140501959165 1.6139834875171437 1.7746529248383711 1.9353223621595985 2.0959917994810997 2.2566612368023273 2.417330674123554 2.5780001114447817 2.738669548766009 2.899338986087236 3.0600084234084637 3.1531568170551374 3.17412368817806 3.1950905593009824 3.216057430423905 3.237024301546828 3.25799117266975 3.2789580437927084 3.299924914915631 3.320891786038554 3.341858657161476 3.362825528284399 3.383792399407321 3.3615748887851136 3.293192297471675 3.2248097061582373 3.1564271148447993 3.0880445235313614 3.019661932217923 2.951279340904485 2.8828967495909303 2.8145141582774924 2.7461315669640545 2.677748975650616 2.609366384337178
1.2732451257545612 1.279337226225296 1.2854293266960202 1.2915214271667446 1.297613527637469 1.3037056281081931 1.3097977285789175 1.315889829049642 1.321981929520366 1.397933617306403 1.5485667835052206 1.6991999497040382 1.849833115902856 2.0004662821016734 2.151099448300748 2.301732614499566 2.4523657806983836 2.602998946897201 2.753632113096019 2.9042652792948367 3.054898445493654 3.14007749735558 3.1552846208946455 3.1704917444337113 3.1856988679727767 3.2009059915118425 3.216113115050908 3.2313202385899995 3.2465273621290653 3.2617344856681307 3.2769416092071966 3.292148732746262 3.307355856285328 3.289055051968526 3.2349335149990814 3.1808119780296362 3.126690441060191 3.072568904090746 3.0184473671213006 2.964325830151856 2.910204293182318 2.856082756212873 2.8019612192434282 2.747839682273983 2.693718145304538
1.3425249685574805 1.3534147005147799 1.3643044324720608 1.3751941644293417 1.3860838963866224 1.3969736283439034 1.407863360301184 1.418753092258465 1.429642824215746 1.5032226217381166 1.6438195168145247 1.7844164118909327 1.9250133069673407 2.065610202043749 2.206207097120396 2.3468039921968042 2.4874008872732123 2.6279977823496203 2.7685946774260284 2.9091915725024364 3.0497884675788445 3.1269981776560223 3.1364455536112312 3.1458929295664397 3.1553403055216487 3.164787681476857 3.1742350574320657 3.1836824333872906 3.1931298093424996 3.202577185297708 3.212024561252917 3.2214719372081255 3.2309193131633345 3.2165352151519393 3.1766747325264872 3.1368142499010347 3.0969537672755827 3.0570932846501306 3.017232802024678 2.977372319399226 2.937511836773706 2.8976513541482536 2.8577908715228015 2.8179303888973495 2.778069906271897
1.4118048113603996 1.427492174804264 1.4431795382481012 1.4588669016919387 1.4745542651357761 1.4902416285796136 1.5059289920234509 1.5216163554672884 1.5373037189111258 1.6085116261698305 1.7390722501238287 1.8696328740778272 2.0001934980318254 2.1307541219858237 2.261314745940045 2.391875369894043 2.5224359938480414 2.6529966178020397 2.7835572417560384 2.914117865710036 3.044678489664035 3.1139188579564645 3.117606486327816 3.121294114699168 3.12498174307052 3.128669371441872 3.1323569998132235 3.1360446281845817 3.1397322565559334 3.1434198849272854 3.147107513298637 3.150795141669989 3.1544827700413407 3.144015378335352 3.118415950053893 3.0928165217724337 3.0672170934909744 3.041617665209515 3.0160182369280557 2.9904188086465964 2.9648193803650935 2.939219952083634 2.913620523802175 2.8880210955207155 2.862421667239256
1.481084654163378 1.5015696490938109 1.5220546440242089 1.542539638954607 1.5630246338850051 1.5835096288154031 1.6039946237458012 1.6244796186761992 1.6449646136065974 1.713800630601634 1.834324983433214 1.9548493362647943 2.0753736890963745 2.1958980419279546 2.31642239475974 2.4369467475913202 2.5574711004229003 2.6779954532544803 2.7985198060860608 2.919044158917641 3.039568511749221 3.1008395382568956 3.0987674190443855 3.0966952998318753 3.0946231806193656 3.0925510614068554 3.0904789421943453 3.088406822981832 3.086334703769322 3.0842625845568117 3.082190465344302 3.080118346131792 3.0780462269192816 3.071495541518703 3.0601571675812487 3.0488187936437945 3.0374804197063403 3.0261420457688866 3.0148036718314324 3.003465297893978 2.9921269239565045 2.9807885500190503 2.969450176081596 2.958111802144142 2.9467734282066878
1.550364496966297 1.5756471233832947 1.6009297498002493 1.626212376217204 1.6514950026341586 1.6767776290511132 1.7020602554680677 1.7273428818850225 1.752625508301977 1.8190896350333476 1.929577716742518 2.0400657984516886 2.1505538801608592 2.2610419618700295 2.3715300435793885 2.482018125288559 2.5925062069977294 2.7029942887069 2.8134823704160707 2.923970452125241 3.034458533834411 3.087760218557338 3.079928351760971 3.072096484964604 3.064264618168237 3.05643275137187 3.048600884575503 3.040769017779123 3.032937150982756 3.025105284186389 3.017273417390022 3.0094415505936554 3.0016096837972883 2.998975704702116 3.0018983851086545 3.0048210655151935 3.007743745921732 3.010666426328271 3.0135891067348095 3.0165117871413485 3.0194344675478924 3.022357147954431 3.0252798283609694 3.0282025087675084 3.031125189174047
