Figures/CREST_Example_wjb_NSE/Rolling_result/20100722/BJP_forecast/ens_14/wjb.rain.20100725.asc
ncols            288
nrows            254
xllcorner        113.274861
yllcorner        31.4918055
cellsize         0.008333333333
NODATA_value     -9999
[rows 60 to 79 of 254, columns 132 to 175 of 288]
9.17351391028513 9.182981381953113 9.192448853621094 9.562017320257162 10.316541894863485 11.071066469469809 11.825591044076134 12.580115618682457 13.334640193288783 14.089164767895106 14.843689342501431 15.598213917109042 16.352738491715364 17.10726306632169 17.861787640928014 18.192058634390904 18.068792953462523 17.945527272534147 17.822261591605766 17.698995910677386 17.57573022974901 17.45246454882063 17.32919886789225 17.20593318696387 17.08266750603528 16.9594018251069 16.83613614417852 15.23280717279748 15.23280717279748 15.23280717279748 15.23280717279748 15.23280717279748 15.23280717279748 15.23280717279748 15.23280717279748 15.23280717279748 15.23280717279748 15.23280717279748 15.23280717279748 15.23280717279748 15.23280717279748 15.23280717279748 15.23280717279748 15.23280717279748
9.132520307572891 9.125406934322402 9.118293561071914 9.483359849246154 10.246294613014165 11.009229376782177 11.772164140550187 12.535098904318197 13.298033668086209 14.06096843185422 14.82390319562223 15.586837959391541 16.349772723159553 17.11270748692756 17.875642250695577 18.2128064126281 18.094812170736212 17.976817928844326 17.85882368695244 17.74082944506055 17.622835203168666 17.50484096127678 17.386846719384895 17.268852477493006 17.150858235600918 17.032863993709032 16.914869751817147 16.520267515035314 15.829965074580391 15.139662634125466 14.449360193670543 13.759057753215618 13.068755312760695 12.378452872305772 11.688150431850847 10.997847991395922 10.307545550940999 9.617243110484896 8.926940670029973 8.528618948762768 8.442431221789695 8.35624349481662 8.270055767843546 8.183868040870472
9.333988630607092 9.352344701926288 9.370700773245483 9.73114457817099 10.45728790726783 11.183431236364669 11.909574565461508 12.635717894558347 13.361861223655186 14.088004552752025 14.814147881848864 15.540291210946943 16.266434540043782 16.99257786914062 17.71872119823746 18.044380912674757 17.94191458454253 17.839448256410307 17.736981928278084 17.63451560014586 17.532049272013637 17.42958294388141 17.327116615749187 17.224650287616964 17.122183959484566 17.019717631352343 16.917251303220116 16.52997868112362 15.838241688190255 15.14650469525689 14.454767702323526 13.763030709390161 13.071293716456799 12.379556723523434 11.68781973059007 10.996082737656705 10.30434574472334 9.612608751788796 8.920871758855434 8.533058869213715 8.470147721668516 8.407236574123317 8.344325426578118 8.281414279032917
9.535456953641292 9.579282469530172 9.623107985419052 9.978929307095825 10.668281201521493 11.357633095947161 12.04698499037283 12.736336884798497 13.425688779224165 14.115040673649833 14.804392568075503 15.493744462502345 16.18309635692801 16.87244825135368 17.56180014577935 17.875955412721417 17.789016998348853 17.70207858397629 17.61514016960373 17.52820175523117 17.441263340858608 17.354324926486047 17.267386512113486 17.180448097740925 17.093509683368215 17.006571268995653 16.919632854623092 16.53968984721193 15.846518301800122 15.153346756388318 14.460175210976512 13.767003665564708 13.073832120152902 12.380660574741096 11.687489029329292 10.994317483917488 10.301145938505682 9.607974393092695 8.914802847680889 8.537498789664662 8.497864221547337 8.458229653430013 8.418595085312688 8.378960517195363
9.73692527667549 9.806220237134054 9.87551519759262 10.22671403602066 10.879274495775157 11.531834955529654 12.18439541528415 12.836955875038646 13.489516334793143 14.14207679454764 14.794637254302136 15.447197714057747 16.09975817381224 16.752318633566738 17.404879093321235 17.70752991276807 17.636119412155175 17.564708911542276 17.493298410929377 17.421887910316478 17.35047740970358 17.27906690909068 17.20765640847778 17.136245907864883 17.06483540725186 16.99342490663896 16.92201440602606 16.549401013300233 15.854794915409988 15.160188817519742 14.465582719629497 13.770976621739251 13.076370523849006 12.38176442595876 11.687158328068515 10.99255223017827 10.297946132288025 9.603340034396595 8.908733936506348 8.541938710115607 8.52558072142616 8.50922273273671 8.49286474404726 8.47650675535781
9.93839359970969 10.033158004737938 10.127922409766185 10.474498764945492 11.090267790028818 11.706036815112144 12.32180584019547 12.937574865278794 13.55334389036212 14.169112915445446 14.78488194052877 15.400650965613146 16.01641999069647 16.632189015779797 17.24795804086312 17.539104412814726 17.483221825961493 17.427339239108257 17.37145665225502 17.315574065401783 17.259691478548547 17.20380889169531 17.147926304842073 17.092043717988837 17.036161131135508 16.98027854428227 16.924395957429034 16.55911217938854 15.863071529019852 15.167030878651167 14.47099022828248 13.774949577913794 13.078908927545108 12.382868277176422 11.686827626807737 10.99078697643905 10.294746326070365 9.598705675700494 8.902665025331807 8.546378630566554 8.55329722130498 8.560215812043406 8.56713440278183 8.574052993520256
10.13986192274406 10.260095772342014 10.38032962193997 10.722283493870538 11.301261084282661 11.880238674694784 12.459216265106907 13.03819385551903 13.617171445931152 14.196149036343275 14.775126626755398 15.354104217168508 15.933081807580631 16.512059397992754 17.091036988404877 17.37067891286124 17.33032423976768 17.28996956667412 17.24961489358056 17.209260220487 17.16890554739344 17.12855087429988 17.08819620120632 17.04784152811276 17.007486855019128 16.967132181925567 16.926777508832007 16.56882334547685 15.871348142629724 15.173872939782598 14.47639773693547 13.778922534088341 13.081447331241215 12.383972128394086 11.686496925546958 10.989021722699832 10.291546519852703 9.594071317004387 8.896596114157258 8.550818551017503 8.581013721183824 8.611208891350143 8.641404061516464 8.671599231682785
10.34133024577826 10.487033539945898 10.632736834113537 10.970068222795375 11.512254378536326 12.054440534277276 12.596626690018228 13.13881284575918 13.68099900150013 14.223185157241081 14.765371312982033 15.307557468723907 15.84974362446486 16.39192978020581 16.93411593594676 17.202253412907897 17.177426653574 17.152599894240105 17.127773134906207 17.10294637557231 17.07811961623841 17.053292856904513 17.028466097570615 17.003639338236717 16.97881257890278 16.95398581956888 16.929159060234984 16.57853451156516 15.879624756239592 15.180715000914024 14.481805245588456 13.782895490262888 13.083985734937318 12.38507597961175 11.686166224286183 10.987256468960613 10.288346713635045 9.589436958308285 8.890527202982716 8.55525847146845 8.608730221062645 8.66220197065684 8.715673720251036 8.769145469845231
10.54279856881246 10.713971307549784 10.885144046287106 11.217852951720209 11.72324767278999 12.228642393859769 12.73403711492955 13.239431835999328 13.744826557069109 14.250221278138888 14.755615999208668 15.261010720279309 15.76640544134909 16.27180016241887 16.777194883488647 17.033827912954553 17.024529067380318 17.015230221806085 17.00593137623185 16.996632530657614 16.987333685083378 16.978034839509146 16.96873599393491 16.959437148360674 16.950138302786424 16.94083945721219 16.931540611637953 16.588245677653465 15.887901369849457 15.187557062045448 14.48721275424144 13.786868446437431 13.086524138633422 12.386179830829413 11.685835523025403 10.985491215221396 10.285146907417388 9.584802599612186 8.884458291808176 8.559698391919396 8.636446720941466 8.713195049963536 8.789943378985607 8.866691708007677
10.744266891846658 10.940909075153666 11.137551258460674 11.465637680645044 11.934240967043651 12.402844253442261 12.871447539840869 13.340050826239477 13.808654112638084 14.277257399036694 14.745860685435302 15.214463971834709 15.683067258233319 16.151670544631926 16.620273831030534 16.86540241300121 16.87163148118664 16.877860549372066 16.884089617557493 16.89031868574292 16.89654775392835 16.902776822113776 16.909005890299202 16.915234958484632 16.92146402667007 16.927693094855496 16.933922163040926 16.59795684374177 15.89617798345932 15.194399123176872 14.492620262894423 13.790841402611974 13.089062542329525 12.387283682047077 11.685504821764628 10.983725961482177 10.281947101199728 9.580168240916082 8.878389380633633 8.564138312370343 8.664163220820289 8.764188129270233 8.864213037720178 8.964237946170122
10.945735214880859 11.16784684275755 11.389958470634241 11.713422409569878 12.145234261297317 12.577046113024753 13.00885796475219 13.440669816479627 13.872481668207064 14.3042935199345 14.736105371661937 15.16791722339011 15.599729075117548 16.031540926844983 16.46335277857242 16.696976913047866 16.71873389499296 16.740490876938047 16.76224785888314 16.784004840828228 16.80576182277332 16.82751880471841 16.8492757866635 16.87103276860859 16.892789750553717 16.91454673249881 16.9363037144439 16.60766800983008 15.904454597069188 15.2012411843083 14.49802777154741 13.79481435878652 13.091600946025629 12.38838753326474 11.68517412050385 10.98196070774296 10.278747294982072 9.575533882219982 8.872320469459092 8.56857823282129 8.69187972069911 8.815181208576929 8.938482696454749 9.061784184332568
11.147203537915058 11.394784610361434 11.64236568280781 11.961207138494713 12.356227555550978 12.751247972607244 13.14626838966351 13.541288806719775 13.93630922377604 14.331329640832307 14.72635005788857 15.121370474945511 15.516390892001777 15.911411309058042 16.306431726114308 16.528551413094522 16.565836308799277 16.603121204504028 16.640406100208782 16.677690995913537 16.714975891618288 16.752260787323042 16.789545683027793 16.826830578732547 16.864115474437362 16.901400370142117 16.93868526584687 16.617379175918384 15.912731210679054 15.208083245439724 14.503435280200392 13.798787314961062 13.094139349721733 12.389491384482403 11.684843419243073 10.980195454003741 10.275547488764412 9.570899523523881 8.86625155828455 8.573018153272235 8.71959622057793 8.866174287883625 9.01275235518932 9.159330422495014
11.348671860949429 11.621722377965511 11.894772894981593 12.208991867419758 12.567220849804821 12.925449832189884 13.283678814574946 13.641907796960009 14.000136779345073 14.358365761730136 14.716594744115199 15.074823726500872 15.433052708885935 15.791281691270997 16.14951067365606 16.360125913141037 16.412938722605464 16.465751532069895 16.518564341534322 16.571377150998753 16.62418996046318 16.67700276992761 16.72981557939204 16.782628388856466 16.835441198320986 16.888254007785417 16.941066817249844 16.6270903420067 15.921007824288926 15.214925306571155 14.508842788853382 13.802760271135611 13.09667775341784 12.390595235700067 11.684512717982296 10.978430200264523 10.272347682546751 9.566265164827776 8.860182647110003 8.577458073723186 8.747312720456776 8.917167367190366 9.087022013923955 9.256876660657545
11.519770054010678 11.797452619325375 12.075135184640073 12.386781364028272 12.734735415010928 13.082689465993584 13.430643516976241 13.778597567958897 14.126551618941555 14.474505669924211 14.822459720906867 15.170413771890118 15.518367822872774 15.866321873855432 16.214275924838088 16.411285989820552 16.44693351958203 16.4825810493435 16.518228579104978 16.55387610886645 16.589523638627924 16.6251711683894 16.660818698150873 16.69646622791235 16.732113757673883 16.767761287435356 16.803408817196832 16.49069348957353 15.805570387106977 15.120447284640424 14.43532418217387 13.750201079707317 13.065077977240762 12.379954874774208 11.694831772307655 11.0097086698411 10.324585567374546 9.639462464906824 8.95433936244027 8.684946797249605 8.859979581482582 9.035012365715557 9.210045149948535 9.385077934181512
11.658404492992105 11.918445243806339 12.178485994620573 12.489750370546655 12.855773960234234 13.221797549921812 13.587821139609389 13.953844729296966 14.319868318984543 14.685891908672122 15.0519154983597 15.417939088047902 15.78396267773548 16.149986267423056 16.516009857110635 16.697169202872345 16.680704490451625 16.6642397780309 16.64777506561018 16.63131035318946 16.61484564076874 16.598380928348018 16.581916215927297 16.565451503506576 16.548986791085827 16.532522078665107 16.516057366244386 16.19811637756968 15.557890429899567 14.917664482229455 14.27743853455934 13.637212586889229 12.996986639219115 12.356760691549002 11.716534743878888 11.076308796208776 10.436082848538664 9.795856900867458 9.155630953197345 8.902588193953305 9.06345302238552 9.224317850817734 9.385182679249949 9.546047507682164
11.797038931973534 12.039437868287305 12.281836804601074 12.592719377065041 12.97681250545754 13.360905633850038 13.744998762242536 14.129091890635035 14.513185019027535 14.897278147420032 15.281371275812532 15.665464404205686 16.049557532598183 16.433650660990683 16.81774378938318 16.983052415924135 16.914475461321217 16.845898506718303 16.777321552115385 16.708744597512467 16.64016764290955 16.571590688306635 16.503013733703717 16.4344367791008 16.365859824497768 16.29728286989485 16.228705915291933 15.905539265565826 15.310210472692155 14.714881679818482 14.11955288694481 13.524224094071139 12.928895301197466 12.333566508323795 11.738237715450122 11.142908922576451 10.547580129702778 9.952251336828091 9.356922543954418 9.120229590657004 9.266926463288456 9.41362333591991 9.560320208551364 9.707017081182817
11.935673370954962 12.160430492768269 12.385187614581575 12.695688383583427 13.097851050680847 13.500013717778266 13.902176384875684 14.304339051973106 14.706501719070523 15.108664386167945 15.510827053265363 15.91298972036347 16.315152387460888 16.71731505455831 17.119477721655727 17.268935628975925 17.148246432190813 17.027557235405702 16.90686803862059 16.786178841835476 16.665489645050364 16.544800448265253 16.42411125148014 16.30342205469503 16.182732857909713 16.062043661124598 15.941354464339486 15.612962153561975 15.062530515484745 14.512098877407514 13.961667239330282 13.41123560125305 12.86080396317582 12.310372325098589 11.75994068702136 11.209509048944128 10.659077410866896 10.108645772788726 9.558214134711495 9.337870987360702 9.470399904191394 9.602928821022086 9.735457737852778 9.86798665468347
12.074307809936391 12.281423117249233 12.488538424562076 12.79865739010181 13.218889595904152 13.639121801706493 14.059354007508833 14.479586213311174 14.899818419113515 15.320050624915856 15.740282830718197 16.160515036521254 16.580747242323596 17.000979448125936 17.421211653928278 17.55481884202772 17.382017403060413 17.209215964093104 17.036414525125796 16.863613086158487 16.69081164719118 16.51801020822387 16.345208769256566 16.172407330289257 15.999605891321654 15.826804452354345 15.654003013387038 15.320385041558124 14.814850558277334 14.309316074996543 13.803781591715753 13.298247108434962 12.792712625154172 12.287178141873381 11.781643658592591 11.2761091753118 10.77057469203101 10.265040208749358 9.759505725468568 9.5555123840644 9.67387334509433 9.79223430612426 9.910595267154191 10.028956228184121
12.21294224891782 12.402415741730197 12.591889234542576 12.901626396620197 13.339928141127459 13.77822988563472 14.216531630141983 14.654833374649243 15.093135119156505 15.531436863663767 15.96973860817103 16.408040352679038 16.8463420971863 17.284643841693562 17.722945586200822 17.84070205507951 17.615788373930005 17.390874692780503 17.165961011631 16.941047330481496 16.716133649331994 16.49121996818249 16.266306287032986 16.041392605883484 15.816478924733596 15.591565243584093 15.366651562434589 15.027807929554271 14.567170601069922 14.106533272585573 13.645895944101223 13.185258615616874 12.724621287132525 12.263983958648176 11.803346630163826 11.342709301679475 10.882071973195128 10.421434644709992 9.960797316225642 9.773153780768098 9.877346785997268 9.981539791226437 10.085732796455606 10.189925801684774
12.351576687899366 12.523408366211264 12.695240044523164 13.00459540313867 13.460966686350867 13.917337969563066 14.373709252775264 14.830080535987463 15.28645181919966 15.742823102411858 16.199194385624057 16.655565668837035 17.111936952049234 17.56830823526143 18.02467951847363 18.126585268131546 17.849559344799804 17.57253342146806 17.295507498136317 17.01848157480457 16.74145565147283 16.464429728141084 16.187403804809342 15.910377881477597 15.633351958145383 15.356326034813637 15.079300111481896 14.73523081755017 14.319490643862299 13.90375047017443 13.488010296486559 13.072270122798688 12.65652994911082 12.240789775422948 11.825049601735078 11.409309428047209 10.993569254359338 10.57782908067076 10.162088906982888 9.990795177471984 10.080820226900379 10.170845276328775 10.26087032575717 10.350895375185566
