Figures/CREST_Example_wjb_NSE/Rolling_result/20100722/BJP_forecast/ens_14/wjb.rain.20100517.asc
ncols            288
nrows            254
xllcorner        113.274861
yllcorner        31.4918055
cellsize         0.008333333333
NODATA_value     -9999
[rows 190 to 208 of 254, columns 220 to 263 of 288]
2.0864155990316466 2.026770453557112 1.9671253080826787 1.9074801626082456 1.8478350171338125 1.7881898716593794 1.7285447261849463 1.6688995807105131 1.6092544352360798 1.5496092897616467 1.4899641442872136 1.4591466899722805 1.4591466899722805 1.4591466899722805 1.4591466899722805 1.4591466899722805 1.4591466899722805 1.4591466899722805 1.4591466899722805 1.4591466899722805 1.4591466899722805 1.4591466899722805 1.4591466899722805 1.4410609576839695 1.4036411682027718 1.3662213787215745 1.3288015892403768 1.2913817997591155 1.253962010277918 1.2165422207967205 1.1791224313155229 1.1417026418343255 -9999.0 -9999.0 -9999.0 -9999.0 -9999.0 -9999.0 -9999.0 -9999.0 -9999.0 -9999.0 -9999.0 -9999.0
1.98191458058621 1.9260431131020466 1.8701716456179784 1.8143001781339105 1.7584287106498424 1.7025572431657743 1.6466857756817062 1.5908143081976382 1.5349428407135701 1.4790713732295022 1.423199905745434 1.3943322354094367 1.3943322354094367 1.3943322354094367 1.3943322354094367 1.3943322354094367 1.3943322354094367 1.3943322354094367 1.3943322354094367 1.3943322354094367 1.3943322354094367 1.3943322354094367 1.3943322354094367 1.3748367753477289 1.3345002271937072 1.2941636790396853 1.2538271308856637 1.2134905827315732 1.1731540345775513 1.1328174864235296 1.092480938269508 1.052144390115486 -9999.0 -9999.0 -9999.0 -9999.0 -9999.0 -9999.0 -9999.0 -9999.0 -9999.0 -9999.0 -9999.0 -9999.0
1.8774135621407733 1.8253157726469813 1.7732179831532784 1.7211201936595755 1.6690224041658723 1.6169246146721694 1.5648268251784665 1.5127290356847636 1.4606312461910607 1.4085334566973575 1.3564356672036546 1.3295177808465932 1.3295177808465932 1.3295177808465932 1.3295177808465932 1.3295177808465932 1.3295177808465932 1.3295177808465932 1.3295177808465932 1.3295177808465932 1.3295177808465932 1.3295177808465932 1.3295177808465932 1.3086125930114885 1.2653592861846426 1.2221059793577964 1.1788526725309505 1.1355993657040309 1.092346058877185 1.0490927520503388 1.005839445223493 0.962586138396647 -9999.0 -9999.0 -9999.0 -9999.0 -9999.0 -9999.0 -9999.0 -9999.0 -9999.0 -9999.0 -9999.0 -9999.0
1.7647356041851665 1.7167603006545276 1.6687849971239703 1.6208096935934133 1.572834390062856 1.5248590865322988 1.4768837830017418 1.4289084794711846 1.3809331759406276 1.3329578724100704 1.2849825688795131 1.2601946886079873 1.2601946886079873 1.2601946886079873 1.2601946886079873 1.2601946886079873 1.2601946886079873 1.2601946886079873 1.2601946886079873 1.2601946886079873 1.2601946886079873 1.2601946886079873 1.2601946886079873 1.2390672683951756 1.1953541577485487 1.1516410471019216 1.1079279364552947 1.0642148258085933 1.0205017151619664 0.9767886045153394 0.9330754938687125 0.8893623832220856 0.8456492725754586 -9999.0 -9999.0 -9999.0 -9999.0 -9999.0 -9999.0 -9999.0 -9999.0 -9999.0 -9999.0 -9999.0
1.6433170132877657 1.5998370494577272 1.5563570856277629 1.5128771217977985 1.4693971579678342 1.4259171941378699 1.3824372303079056 1.3389572664779412 1.295477302647977 1.2519973388180126 1.2085173749880482 1.1860521468745677 1.1860521468745677 1.1860521468745677 1.1860521468745677 1.1860521468745677 1.1860521468745677 1.1860521468745677 1.1860521468745677 1.1860521468745677 1.1860521468745677 1.1860521468745677 1.1860521468745677 1.1659718520138975 1.1244252674228887 1.08287868283188 1.0413320982408711 0.9997855136497914 0.9582389290587826 0.9166923444677738 0.875145759876765 0.8335991752857562 0.7920525906947474 -9999.0 -9999.0 -9999.0 -9999.0 -9999.0 -9999.0 -9999.0 -9999.0 -9999.0 -9999.0 -9999.0
1.5218984223904164 1.4829137982609766 1.4439291741316032 1.4049445500022297 1.3659599258728563 1.3269753017434829 1.2879906776141095 1.2490060534847363 1.2100214293553626 1.1710368052259894 1.1320521810966158 1.1119096051411799 1.1119096051411799 1.1119096051411799 1.1119096051411799 1.1119096051411799 1.1119096051411799 1.1119096051411799 1.1119096051411799 1.1119096051411799 1.1119096051411799 1.1119096051411799 1.1119096051411799 1.0928764356326506 1.053496377097259 1.0141163185618676 0.9747362600264758 0.9353562014910172 0.8959761429556256 0.8565960844202339 0.8172160258848423 0.7778359673494508 0.7384559088140592 -9999.0 -9999.0 -9999.0 -9999.0 -9999.0 -9999.0 -9999.0 -9999.0 -9999.0 -9999.0 -9999.0
1.4004798314930673 1.365990547064226 1.3315012626354437 1.2970119782066611 1.2625226937778786 1.228033409349096 1.1935441249203136 1.159054840491531 1.1245655560627486 1.0900762716339663 1.0555869872051837 1.037767063407792 1.037767063407792 1.037767063407792 1.037767063407792 1.037767063407792 1.037767063407792 1.037767063407792 1.037767063407792 1.037767063407792 1.037767063407792 1.037767063407792 1.037767063407792 1.0197810192514039 0.9825674867716294 0.9453539542918551 0.9081404218120807 0.8709268893322428 0.8337133568524684 0.7964998243726941 0.7592862918929196 0.7220727594131453 0.6848592269333709 -9999.0 -9999.0 -9999.0 -9999.0 -9999.0 -9999.0 -9999.0 -9999.0 -9999.0 -9999.0 -9999.0
1.2790612405956665 1.2490672958674256 1.219073351139236 1.1890794064110464 1.1590854616828568 1.129091516954667 1.0990975722264773 1.0691036274982877 1.039109682770098 1.0091157380419085 0.9791217933137187 0.9636245216743725 0.9636245216743725 0.9636245216743725 0.9636245216743725 0.9636245216743725 0.9636245216743725 0.9636245216743725 0.9636245216743725 0.9636245216743725 0.9636245216743725 0.9636245216743725 0.9636245216743725 0.9466856028701258 0.9116385964459696 0.8765915900218133 0.841544583597657 0.8064975771734411 0.7714505707492848 0.7364035643251285 0.7013565579009723 0.666309551476816 0.6312625450526598 -9999.0 -9999.0 -9999.0 -9999.0 -9999.0 -9999.0 -9999.0 -9999.0 -9999.0 -9999.0 -9999.0
1.1576426496983174 1.1321440446706752 1.1066454396430765 1.0811468346154776 1.0556482295878789 1.0301496245602801 1.0046510195326814 0.9791524145050827 0.9536538094774839 0.9281552044498852 0.9026565994222864 0.8894819799409847 0.8894819799409847 0.8894819799409847 0.8894819799409847 0.8894819799409847 0.8894819799409847 0.8894819799409847 0.8894819799409847 0.8894819799409847 0.8894819799409847 0.8894819799409847 0.8894819799409847 0.8735901864888791 0.84070970612034 0.8078292257518009 0.774948745383262 0.7420682650146668 0.7091877846461278 0.6763073042775887 0.6434268239090496 -9999.0 -9999.0 -9999.0 -9999.0 -9999.0 -9999.0 -9999.0 -9999.0 -9999.0 -9999.0 -9999.0 -9999.0 -9999.0
1.0362240588009684 1.0152207934739248 0.9942175281469169 0.9732142628199091 0.9522109974929012 0.9312077321658934 0.9102044668388856 0.8892012015118778 0.8681979361848698 0.847194670857862 0.8261914055308541 0.8153394382075968 0.8153394382075968 0.8153394382075968 0.8153394382075968 0.8153394382075968 0.8153394382075968 0.8153394382075968 0.8153394382075968 0.8153394382075968 0.8153394382075968 0.8153394382075968 0.8153394382075968 0.8004947701076323 0.7697808157947105 0.7390668614817886 0.7083529071688668 0.6776389528558925 0.6469249985429706 0.6162110442300488 0.585497089917127 -9999.0 -9999.0 -9999.0 -9999.0 -9999.0 -9999.0 -9999.0 -9999.0 -9999.0 -9999.0 -9999.0 -9999.0 -9999.0
0.9148054679035674 0.8982975422771243 0.8817896166507093 0.8652816910242943 0.8487737653978793 0.8322658397714643 0.8157579141450493 0.7992499885186343 0.7827420628922193 0.7662341372658042 0.7497262116393892 0.7411968964741773 0.7411968964741773 0.7411968964741773 0.7411968964741773 0.7411968964741773 0.7411968964741773 0.7411968964741773 0.7411968964741773 0.7411968964741773 0.7411968964741773 0.7411968964741773 0.7411968964741773 0.7273993537263543 0.6988519254690506 0.6703044972117469 0.6417570689544432 0.6132096406970907 0.584662212439787 0.5561147841824833 0.5275673559251796 -9999.0 -9999.0 -9999.0 -9999.0 -9999.0 -9999.0 -9999.0 -9999.0 -9999.0 -9999.0 -9999.0 -9999.0 -9999.0
0.7933868770062183 0.7813742910803737 0.7693617051545497 0.7573491192287256 0.7453365333029015 0.7333239473770774 0.7213113614512533 0.7092987755254292 0.6972861895996052 0.6852736036737811 0.673261017747957 0.6670543547407894 0.6670543547407894 0.6670543547407894 0.6670543547407894 0.6670543547407894 0.6670543547407894 0.6670543547407894 0.6670543547407894 0.6670543547407894 0.6670543547407894 0.6670543547407894 0.6670543547407894 0.6543039373451075 0.627923035143421 0.6015421329417344 0.575161230740048 0.5487803285383165 0.52239942633663 0.4960185241349434 -9999.0 -9999.0 -9999.0 -9999.0 -9999.0 -9999.0 -9999.0 -9999.0 -9999.0 -9999.0 -9999.0 -9999.0 -9999.0 -9999.0
0.6719682861088692 0.6644510398836232 0.65693379365839 0.6494165474331569 0.6418993012079237 0.6343820549826905 0.6268648087574574 0.6193475625322242 0.611830316306991 0.6043130700817578 0.5967958238565247 0.5929118130074016 0.5929118130074016 0.5929118130074016 0.5929118130074016 0.5929118130074016 0.5929118130074016 0.5929118130074016 0.5929118130074016 0.5929118130074016 0.5929118130074016 0.5929118130074016 0.5929118130074016 0.5812085209638607 0.5569941448177914 0.532779768671722 0.5085653925256528 0.48435101637954214 0.46013664023347284 0.43592226408740353 -9999.0 -9999.0 -9999.0 -9999.0 -9999.0 -9999.0 -9999.0 -9999.0 -9999.0 -9999.0 -9999.0 -9999.0 -9999.0 -9999.0
0.5505496952115201 0.5475277886868727 0.5445058821622304 0.5414839756375882 0.5384620691129459 0.5354401625883037 0.5324182560636614 0.5293963495390192 0.526374443014377 0.5233525364897347 0.5203306299650925 0.5187692712740137 0.5187692712740137 0.5187692712740137 0.5187692712740137 0.5187692712740137 0.5187692712740137 0.5187692712740137 0.5187692712740137 0.5187692712740137 0.5187692712740137 0.5187692712740137 0.5187692712740137 0.5081131045826139 0.48606525449216176 0.4640174044017097 0.44196955431125756 0.41992170422076786 0.39787385413031573 0.37582600403986366 0.35377815394941153 -9999.0 -9999.0 -9999.0 -9999.0 -9999.0 -9999.0 -9999.0 -9999.0 -9999.0 -9999.0 -9999.0 -9999.0 -9999.0
0.4291311043141192 0.4306045374900723 0.4320779706660229 0.4335514038419735 0.43502483701792405 0.43649827019387466 0.4379717033698252 0.4394451365457758 0.4409185697217264 0.44239200289767694 0.44386543607362755 0.44462672954059423 0.44462672954059423 0.44462672954059423 0.44462672954059423 0.44462672954059423 0.44462672954059423 0.44462672954059423 0.44462672954059423 0.44462672954059423 0.44462672954059423 0.44462672954059423 0.44462672954059423 0.4350176882013359 0.4151363641665019 0.39525504013166796 0.37537371609683395 0.3554923920619661 0.33561106802713214 0.31572974399229814 -9999.0 -9999.0 -9999.0 -9999.0 -9999.0 -9999.0 -9999.0 -9999.0 -9999.0 -9999.0 -9999.0 -9999.0 -9999.0 -9999.0
0.36639897537895466 0.3701949707558126 0.3739909661326641 0.3777869615095156 0.38158295688636706 0.38537895226321855 0.38917494764007005 0.39297094301692154 0.39676693839377297 0.40056293377062446 0.40435892914747595 0.4063202440738678 0.4063202440738678 0.4063202440738678 0.4063202440738678 0.4063202440738678 0.4063202440738678 0.4063202440738678 0.4063202440738678 0.4063202440738678 0.4063202440738678 0.4063202440738678 0.4063202440738678 0.39725221051699533 0.3784902438298123 0.3597282771426293 0.34096631045544623 0.3222043437682312 0.30344237708104815 -9999.0 -9999.0 -9999.0 -9999.0 -9999.0 -9999.0 -9999.0 -9999.0 -9999.0 -9999.0 -9999.0 -9999.0 -9999.0 -9999.0 -9999.0
0.36639897537895466 0.3701949707558126 0.3739909661326641 0.3777869615095156 0.38158295688636706 0.38537895226321855 0.38917494764007005 0.39297094301692154 0.39676693839377297 0.40056293377062446 0.40435892914747595 0.4063202440738678 0.4063202440738678 0.4063202440738678 0.4063202440738678 0.4063202440738678 0.4063202440738678 0.4063202440738678 0.4063202440738678 0.4063202440738678 0.4063202440738678 0.4063202440738678 0.4063202440738678 0.39725221051699533 0.3784902438298123 0.3597282771426293 0.34096631045544623 -9999.0 -9999.0 -9999.0 -9999.0 -9999.0 -9999.0 -9999.0 -9999.0 -9999.0 -9999.0 -9999.0 -9999.0 -9999.0 -9999.0 -9999.0 -9999.0 -9999.0
0.36639897537895466 0.3701949707558126 0.3739909661326641 0.3777869615095156 0.38158295688636706 0.38537895226321855 0.38917494764007005 0.39297094301692154 0.39676693839377297 0.40056293377062446 0.40435892914747595 0.4063202440738678 0.4063202440738678 0.4063202440738678 0.4063202440738678 0.4063202440738678 0.4063202440738678 0.4063202440738678 0.4063202440738678 0.4063202440738678 0.4063202440738678 0.4063202440738678 0.4063202440738678 0.39725221051699533 0.3784902438298123 0.3597282771426293 -9999.0 -9999.0 -9999.0 -9999.0 -9999.0 -9999.0 -9999.0 -9999.0 -9999.0 -9999.0 -9999.0 -9999.0 -9999.0 -9999.0 -9999.0 -9999.0 -9999.0 -9999.0
0.36639897537895466 0.3701949707558126 0.3739909661326641 0.3777869615095156 0.38158295688636706 0.38537895226321855 0.38917494764007005 0.39297094301692154 0.39676693839377297 0.40056293377062446 0.40435892914747595 0.4063202440738678 0.4063202440738678 0.4063202440738678 0.4063202440738678 0.4063202440738678 0.4063202440738678 0.4063202440738678 0.4063202440738678 0.4063202440738678 0.4063202440738678 0.4063202440738678 0.4063202440738678 0.39725221051699533 0.3784902438298123 0.3597282771426293 -9999.0 -9999.0 -9999.0 -9999.0 -9999.0 -9999.0 -9999.0 -9999.0 -9999.0 -9999.0 -9999.0 -9999.0 -9999.0 -9999.0 -9999.0 -9999.0 -9999.0 -9999.0
