Figures/CREST_Example_wjb_NSE/Rolling_result/20100722/BJP_forecast/ens_14/wjb.rain.20090723.asc
ncols            288
nrows            254
xllcorner        113.274861
yllcorner        31.4918055
cellsize         0.008333333333
NODATA_value     -9999
[rows 133 to 151 of 254, columns 88 to 131 of 288]
0.7553497097205433 0.7553497097205433 0.7553497097205433 0.7553497097205433 0.7553497097205433 0.7553497097205433 0.7553497097205433 0.7553497097205433 0.7553497097205433 0.7553497097205433 0.7553497097205433 0.7426017279076184 0.7162258652961506 0.689850002684683 0.6634741400732153 0.6370982774617475 0.6107224148502348 0.5843465522387671 0.5579706896272993 0.5315948270158316 0.5052189644043639 0.4788431017928962 0.45246723918142845 0.4388393583702016 0.4388393583702016 0.4388393583702016 0.4388393583702016 0.4388393583702016 0.4388393583702016 0.4388393583702016 0.4388393583702016 0.4388393583702016 0.4388393583702016 0.4388393583702016 0.4388393583702016 0.4685209919488491 0.5299329630669545 0.5913449341850597 0.6527569053031651 0.7141688764212704 0.7755808475393757 0.8369928186574811 0.898404789775691 0.9598167608937964
0.8812365101039845 0.8812365101039845 0.8812365101039845 0.8812365101039845 0.8812365101039845 0.8812365101039845 0.8812365101039845 0.8812365101039845 0.8812365101039845 0.8812365101039845 0.8812365101039845 0.8667133648270168 0.8366646488707927 0.8066159329145688 0.7765672169583449 0.7465185010021209 0.7164697850458457 0.6864210690896217 0.6563723531333978 0.6263236371771739 0.5962749212209498 0.5662262052647259 0.5361774893085018 0.5206519186147954 0.5206519186147954 0.5206519186147954 0.5206519186147954 0.5206519186147954 0.5206519186147954 0.5206519186147954 0.5206519186147954 0.5206519186147954 0.5206519186147954 0.5206519186147954 0.5206519186147954 0.5461546050351764 0.5989202399768195 0.6516858749184626 0.7044515098601057 0.7572171448017488 0.8099827797433921 0.8627484146850352 0.9155140496267682 0.9682796845684114
1.0071233104874258 1.0071233104874258 1.0071233104874258 1.0071233104874258 1.0071233104874258 1.0071233104874258 1.0071233104874258 1.0071233104874258 1.0071233104874258 1.0071233104874258 1.0071233104874258 0.9908250017464151 0.9571034324454348 0.9233818631444547 0.8896602938434744 0.8559387245424943 0.8222171552414566 0.7884955859404763 0.7547740166394962 0.7210524473385159 0.6873308780375358 0.6536093087365555 0.6198877394355753 0.6024644788593893 0.6024644788593893 0.6024644788593893 0.6024644788593893 0.6024644788593893 0.6024644788593893 0.6024644788593893 0.6024644788593893 0.6024644788593893 0.6024644788593893 0.6024644788593893 0.6024644788593893 0.6237882181215036 0.6679075168866846 0.7120268156518655 0.7561461144170465 0.8002654131822274 0.8443847119474084 0.8885040107125892 0.9326233094778456 0.9767426082430264
1.1330101108708672 1.1330101108708672 1.1330101108708672 1.1330101108708672 1.1330101108708672 1.1330101108708672 1.1330101108708672 1.1330101108708672 1.1330101108708672 1.1330101108708672 1.1330101108708672 1.1149366386658137 1.0775422160200772 1.0401477933743406 1.0027533707286043 0.9653589480828677 0.9279645254370675 0.8905701027913311 0.8531756801455945 0.8157812574998582 0.7783868348541216 0.7409924122083852 0.7035979895626487 0.6842770391039831 0.6842770391039831 0.6842770391039831 0.6842770391039831 0.6842770391039831 0.6842770391039831 0.6842770391039831 0.6842770391039831 0.6842770391039831 0.6842770391039831 0.6842770391039831 0.6842770391039831 0.7014218312078309 0.7368947937965497 0.7723677563852683 0.8078407189739871 0.8433136815627058 0.8787866441514246 0.9142596067401433 0.9497325693289225 0.9852055319176413
1.258896911254416 1.258896911254416 1.258896911254416 1.258896911254416 1.258896911254416 1.258896911254416 1.258896911254416 1.258896911254416 1.258896911254416 1.258896911254416 1.258896911254416 1.2390482755853178 1.197980999594822 1.156913723604326 1.1158464476138303 1.0747791716233346 1.0337118956327687 0.9926446196422728 0.9515773436517769 0.9105100676612811 0.8694427916707852 0.8283755156802894 0.7873082396897935 0.7660895993486466 0.7660895993486466 0.7660895993486466 0.7660895993486466 0.7660895993486466 0.7660895993486466 0.7660895993486466 0.7660895993486466 0.7660895993486466 0.7660895993486466 0.7660895993486466 0.7660895993486466 0.7790554442942242 0.8058820707064734 0.8327086971187226 0.8595353235309718 0.886361949943221 0.9131885763554702 0.9400152027677194 0.9668418291800144 0.9936684555922636
1.3847837116378572 1.3847837116378572 1.3847837116378572 1.3847837116378572 1.3847837116378572 1.3847837116378572 1.3847837116378572 1.3847837116378572 1.3847837116378572 1.3847837116378572 1.3847837116378572 1.3631599125047162 1.3184197831694642 1.273679653834212 1.22893952449896 1.184199395163708 1.1394592658283795 1.0947191364931275 1.0499790071578752 1.0052388778226233 0.960498748487371 0.915758619152119 0.8710184898168669 0.8479021595932404 0.8479021595932404 0.8479021595932404 0.8479021595932404 0.8479021595932404 0.8479021595932404 0.8479021595932404 0.8479021595932404 0.8479021595932404 0.8479021595932404 0.8479021595932404 0.8479021595932404 0.8566890573805516 0.8748693476163385 0.8930496378521255 0.9112299280879126 0.9294102183236995 0.9475905085594866 0.9657707987952736 0.9839510890310916 1.0021313792668787
1.5106705120212984 1.5106705120212984 1.5106705120212984 1.5106705120212984 1.5106705120212984 1.5106705120212984 1.5106705120212984 1.5106705120212984 1.5106705120212984 1.5106705120212984 1.5106705120212984 1.4872715494241147 1.4388585667441063 1.390445584064098 1.3420326013840895 1.2936196187040812 1.2452066360239904 1.196793653343982 1.1483806706639736 1.0999676879839653 1.051554705303957 1.0031417226239485 0.9547287399439403 0.9297147198378342 0.9297147198378342 0.9297147198378342 0.9297147198378342 0.9297147198378342 0.9297147198378342 0.9297147198378342 0.9297147198378342 0.9297147198378342 0.9297147198378342 0.9297147198378342 0.9297147198378342 0.9343226704668787 0.9438566245262034 0.9533905785855283 0.9629245326448531 0.9724584867041779 0.9819924407635028 0.9915263948228276 1.0010603488821685 1.0105943029414934
1.6365573124047397 1.6365573124047397 1.6365573124047397 1.6365573124047397 1.6365573124047397 1.6365573124047397 1.6365573124047397 1.6365573124047397 1.6365573124047397 1.6365573124047397 1.6365573124047397 1.6113831863435129 1.5592973503187484 1.5072115142939837 1.4551256782692192 1.4030398422444545 1.350954006219601 1.2988681701948366 1.2467823341700721 1.1946964981453074 1.1426106621205427 1.0905248260957783 1.0384389900710136 1.011527280082428 1.011527280082428 1.011527280082428 1.011527280082428 1.011527280082428 1.011527280082428 1.011527280082428 1.011527280082428 1.011527280082428 1.011527280082428 1.011527280082428 1.011527280082428 1.0119562835532059 1.0128439014360686 1.0137315193189311 1.0146191372017939 1.0155067550846564 1.016394372967519 1.0172819908503816 1.0181696087332457 1.0190572266161084
1.7624441127881811 1.7624441127881811 1.7624441127881811 1.7624441127881811 1.7624441127881811 1.7624441127881811 1.7624441127881811 1.7624441127881811 1.7624441127881811 1.7624441127881811 1.7624441127881811 1.7354948232629115 1.6797361338933907 1.6239774445238697 1.568218755154349 1.5124600657848282 1.4567013764152121 1.4009426870456914 1.3451839976761704 1.2894253083066496 1.2336666189371286 1.177907929567608 1.122149240198087 1.0933398403270218 1.0933398403270218 1.0933398403270218 1.0933398403270218 1.0933398403270218 1.0933398403270218 1.0933398403270218 1.0933398403270218 1.0933398403270218 1.0933398403270218 1.0933398403270218 1.0933398403270218 1.0895898966395332 1.0818311783459336 1.0740724600523341 1.0663137417587345 1.0585550234651349 1.0507963051715354 1.0430375868779358 1.035278868584323 1.0275201502907234
1.8883309131716224 1.8883309131716224 1.8883309131716224 1.8883309131716224 1.8883309131716224 1.8883309131716224 1.8883309131716224 1.8883309131716224 1.8883309131716224 1.8883309131716224 1.8883309131716224 1.85960646018231 1.8001749174680328 1.7407433747537557 1.6813118320394786 1.6218802893252016 1.562448746610823 1.503017203896546 1.4435856611822688 1.3841541184679917 1.3247225757537147 1.2652910330394376 1.2058594903251605 1.1751524005716156 1.1751524005716156 1.1751524005716156 1.1751524005716156 1.1751524005716156 1.1751524005716156 1.1751524005716156 1.1751524005716156 1.1751524005716156 1.1751524005716156 1.1751524005716156 1.1751524005716156 1.1672235097258605 1.1508184552557987 1.134413400785737 1.1180083463156751 1.1016032918456133 1.0851982373755515 1.06879318290549 1.0523881284354002 1.0359830739653384
2.014217713555064 2.014217713555064 2.014217713555064 2.014217713555064 2.014217713555064 2.014217713555064 2.014217713555064 2.014217713555064 2.014217713555064 2.014217713555064 2.014217713555064 1.9837180971017083 1.920613701042675 1.8575093049836418 1.7944049089246084 1.731300512865575 1.6681961168064339 1.6050917207474007 1.5419873246883673 1.478882928629334 1.4157785325703007 1.3526741365112671 1.289569740452234 1.2569649608162095 1.2569649608162095 1.2569649608162095 1.2569649608162095 1.2569649608162095 1.2569649608162095 1.2569649608162095 1.2569649608162095 1.2569649608162095 1.2569649608162095 1.2569649608162095 1.2569649608162095 1.2448571228121876 1.2198057321656637 1.1947543415191397 1.1697029508726158 1.1446515602260918 1.1196001695795679 1.094548778933044 1.0694973882864773 1.0444459976399534
2.1401045139386126 2.1401045139386126 2.1401045139386126 2.1401045139386126 2.1401045139386126 2.1401045139386126 2.1401045139386126 2.1401045139386126 2.1401045139386126 2.1401045139386126 2.1401045139386126 2.1078297340212124 2.04105248461742 1.9742752352136272 1.9074979858098344 1.8407207364060416 1.773943487002135 1.7071662375983423 1.6403889881945497 1.5736117387907569 1.5068344893869643 1.4400572399831715 1.3732799905793787 1.338777521060873 1.338777521060873 1.338777521060873 1.338777521060873 1.338777521060873 1.338777521060873 1.338777521060873 1.338777521060873 1.338777521060873 1.338777521060873 1.338777521060873 1.338777521060873 1.3224907358985811 1.2887930090755877 1.255095282252594 1.2213975554296006 1.1876998286066072 1.1540021017836135 1.12030437496062 1.0866066481375691 1.0529089213145755
2.259532698574369 2.259532698574369 2.259532698574369 2.259532698574369 2.259532698574369 2.259532698574369 2.259532698574369 2.259532698574369 2.259532698574369 2.259532698574369 2.259532698574369 2.225703073682322 2.1557088148698824 2.0857145560574435 2.015720297245004 1.9457260384325652 1.8757317796200066 1.8057375208075674 1.735743261995128 1.6657490031826891 1.5957547443702498 1.5257604855578109 1.4557662267453715 1.41960159279132 1.41960159279132 1.41960159279132 1.41960159279132 1.41960159279132 1.41960159279132 1.41960159279132 1.41960159279132 1.41960159279132 1.41960159279132 1.41960159279132 1.41960159279132 1.400685781852103 1.3615485412417883 1.3224113006314733 1.2832740600211585 1.2441368194108438 1.204999578800529 1.165862338190214 1.1267250975798326 1.0875878569695177
2.3720570301171717 2.3720570301171717 2.3720570301171717 2.3720570301171717 2.3720570301171717 2.3720570301171717 2.3720570301171717 2.3720570301171717 2.3720570301171717 2.3720570301171717 2.3720570301171717 2.336908066827098 2.2641840670380047 2.1914600672489115 2.1187360674598184 2.046012067670725 1.973288067881508 1.9005640680924147 1.8278400683033214 1.7551160685142282 1.682392068725135 1.6096680689360419 1.5369440691469487 1.499369032612957 1.499369032612957 1.499369032612957 1.499369032612957 1.499369032612957 1.499369032612957 1.499369032612957 1.499369032612957 1.499369032612957 1.499369032612957 1.499369032612957 1.499369032612957 1.4794809641487812 1.4383321007319274 1.3971832373150737 1.35603437389822 1.3148855104813664 1.2737366470645126 1.2325877836476589 1.191438920230735 1.1502900568138812
2.4845813616599743 2.4845813616599743 2.4845813616599743 2.4845813616599743 2.4845813616599743 2.4845813616599743 2.4845813616599743 2.4845813616599743 2.4845813616599743 2.4845813616599743 2.4845813616599743 2.448113059971874 2.372659319206127 2.2972055784403795 2.2217518376746326 2.146298096908885 2.0708443561430094 1.9953906153772623 1.919936874611515 1.8444831338457677 1.7690293930800207 1.6935756523142733 1.6181219115485264 1.5791364724345942 1.5791364724345942 1.5791364724345942 1.5791364724345942 1.5791364724345942 1.5791364724345942 1.5791364724345942 1.5791364724345942 1.5791364724345942 1.5791364724345942 1.5791364724345942 1.5791364724345942 1.5582761464454595 1.5151156602220668 1.471955173998674 1.4287946877752815 1.3856342015518888 1.3424737153284962 1.2993132291051035 1.2561527428816373 1.2129922566582445
2.597105693202777 2.597105693202777 2.597105693202777 2.597105693202777 2.597105693202777 2.597105693202777 2.597105693202777 2.597105693202777 2.597105693202777 2.597105693202777 2.597105693202777 2.55931805311665 2.4811345713742488 2.4029510896318476 2.3247676078894464 2.246584126147045 2.1684006444045107 2.0902171626621096 2.0120336809197084 1.9338501991773072 1.855666717434906 1.7774832356925048 1.6992997539501036 1.6589039122562312 1.6589039122562312 1.6589039122562312 1.6589039122562312 1.6589039122562312 1.6589039122562312 1.6589039122562312 1.6589039122562312 1.6589039122562312 1.6589039122562312 1.6589039122562312 1.6589039122562312 1.6370713287421375 1.591899219712206 1.5467271106822744 1.501555001652343 1.4563828926224114 1.4112107835924799 1.3660386745625481 1.3208665655325396 1.275694456502608
2.7096300247455796 2.7096300247455796 2.7096300247455796 2.7096300247455796 2.7096300247455796 2.7096300247455796 2.7096300247455796 2.7096300247455796 2.7096300247455796 2.7096300247455796 2.7096300247455796 2.670523046261426 2.589609823542371 2.5086966008233156 2.4277833781042606 2.346870155385205 2.265956932666012 2.1850437099469566 2.1041304872279016 2.0232172645088466 1.9423040417897912 1.861390819070736 1.7804775963516808 1.7386713520778683 1.7386713520778683 1.7386713520778683 1.7386713520778683 1.7386713520778683 1.7386713520778683 1.7386713520778683 1.7386713520778683 1.7386713520778683 1.7386713520778683 1.7386713520778683 1.7386713520778683 1.7158665110388156 1.6686827792023453 1.6214990473658748 1.5743153155294043 1.5271315836929338 1.4799478518564635 1.432764120019993 1.385580388183442 1.3383966563469716
2.822154356288478 2.822154356288478 2.822154356288478 2.822154356288478 2.822154356288478 2.822154356288478 2.822154356288478 2.822154356288478 2.822154356288478 2.822154356288478 2.822154356288478 2.781728039406297 2.6980850757105856 2.6144421120148738 2.5307991483191623 2.447156184623451 2.363513220927597 2.279870257231885 2.1962272935361735 2.112584329840462 2.0289413661447506 1.945298402449039 1.8616554387533273 1.8184387918995735 1.8184387918995735 1.8184387918995735 1.8184387918995735 1.8184387918995735 1.8184387918995735 1.8184387918995735 1.8184387918995735 1.8184387918995735 1.8184387918995735 1.8184387918995735 1.8184387918995735 1.794661693335561 1.74546633869255 1.696270984049539 1.6470756294065279 1.5978802747635168 1.5486849201205057 1.4994895654774947 1.4502942108343997 1.4010988561913886
2.9346786878312807 2.9346786878312807 2.9346786878312807 2.9346786878312807 2.9346786878312807 2.9346786878312807 2.9346786878312807 2.9346786878312807 2.9346786878312807 2.9346786878312807 2.9346786878312807 2.892933032551073 2.8065603278787075 2.720187623206342 2.6338149185339765 2.547442213861611 2.461069509189098 2.3746968045167325 2.288324099844367 2.2019513951720016 2.115578690499636 2.02920598582727 1.9428332811549047 1.8982062317212105 1.8982062317212105 1.8982062317212105 1.8982062317212105 1.8982062317212105 1.8982062317212105 1.8982062317212105 1.8982062317212105 1.8982062317212105 1.8982062317212105 1.8982062317212105 1.8982062317212105 1.8734568756322392 1.8222498981826893 1.7710429207331393 1.7198359432835892 1.6686289658340394 1.6174219883844894 1.5662150109349393 1.515008033485302 1.4638010560357522
