Figures/CREST_Example_wjb_NSE/Rolling_result/20100722/BJP_forecast/ens_14/wjb.rain.20100527.asc
ncols            288
nrows            254
xllcorner        113.274861
yllcorner        31.4918055
cellsize         0.008333333333
NODATA_value     -9999
[rows 100 to 119 of 254, columns 135 to 179 of 288]
4.027550460513299 3.993997199515223 3.9604439385171464 3.9268906775190695 3.893337416520993 3.859784155522916 3.8262308945248398 3.792677633526763 3.759124372528629 3.7255711115305523 3.692017850532476 3.6584645895343995 3.6411282904446125 3.6411282904446125 3.6411282904446125 3.6411282904446125 3.6411282904446125 3.6411282904446125 3.6411282904446125 3.6411282904446125 3.6411282904446125 3.6411282904446125 3.6411282904446125 3.6411282904446125 3.609161841818818 3.543022536500599 3.47688323118238 3.410743925864161 3.344604620545942 3.278465315227723 3.2123260099095043 3.1461867045912855 3.0800473992730666 3.0139080939548477 2.947768788636516 2.881629483318297 2.8474566265940666 2.8474566265940666 2.8474566265940666 2.8474566265940666 2.8474566265940666 2.8474566265940666 2.8474566265940666 2.8474566265940666 2.8474566265940666
4.027550460513299 3.993997199515223 3.9604439385171464 3.9268906775190695 3.893337416520993 3.859784155522916 3.8262308945248398 3.792677633526763 3.759124372528629 3.7255711115305523 3.692017850532476 3.6584645895343995 3.6411282904446125 3.6411282904446125 3.6411282904446125 3.6411282904446125 3.6411282904446125 3.6411282904446125 3.6411282904446125 3.6411282904446125 3.6411282904446125 3.6411282904446125 3.6411282904446125 3.6411282904446125 3.609161841818818 3.543022536500599 3.47688323118238 3.410743925864161 3.344604620545942 3.278465315227723 3.2123260099095043 3.1461867045912855 3.0800473992730666 3.0139080939548477 2.947768788636516 2.881629483318297 2.8474566265940666 2.8474566265940666 2.8474566265940666 2.8474566265940666 2.8474566265940666 2.8474566265940666 2.8474566265940666 2.8474566265940666 2.8474566265940666
4.027550460513299 3.993997199515223 3.9604439385171464 3.9268906775190695 3.893337416520993 3.859784155522916 3.8262308945248398 3.792677633526763 3.759124372528629 3.7255711115305523 3.692017850532476 3.6584645895343995 3.6411282904446125 3.6411282904446125 3.6411282904446125 3.6411282904446125 3.6411282904446125 3.6411282904446125 3.6411282904446125 3.6411282904446125 3.6411282904446125 3.6411282904446125 3.6411282904446125 3.6411282904446125 3.609161841818818 3.543022536500599 3.47688323118238 3.410743925864161 3.344604620545942 3.278465315227723 3.2123260099095043 3.1461867045912855 3.0800473992730666 3.0139080939548477 2.947768788636516 2.881629483318297 2.8474566265940666 2.8474566265940666 2.8474566265940666 2.8474566265940666 2.8474566265940666 2.8474566265940666 2.8474566265940666 2.8474566265940666 2.8474566265940666
4.027550460513299 3.993997199515223 3.9604439385171464 3.9268906775190695 3.893337416520993 3.859784155522916 3.8262308945248398 3.792677633526763 3.759124372528629 3.7255711115305523 3.692017850532476 3.6584645895343995 3.6411282904446125 3.6411282904446125 3.6411282904446125 3.6411282904446125 3.6411282904446125 3.6411282904446125 3.6411282904446125 3.6411282904446125 3.6411282904446125 3.6411282904446125 3.6411282904446125 3.6411282904446125 3.609161841818818 3.543022536500599 3.47688323118238 3.410743925864161 3.344604620545942 3.278465315227723 3.2123260099095043 3.1461867045912855 3.0800473992730666 3.0139080939548477 2.947768788636516 2.881629483318297 2.8474566265940666 2.8474566265940666 2.8474566265940666 2.8474566265940666 2.8474566265940666 2.8474566265940666 2.8474566265940666 2.8474566265940666 2.8474566265940666
4.027550460513299 3.993997199515223 3.9604439385171464 3.9268906775190695 3.893337416520993 3.859784155522916 3.8262308945248398 3.792677633526763 3.759124372528629 3.7255711115305523 3.692017850532476 3.6584645895343995 3.6411282904446125 3.6411282904446125 3.6411282904446125 3.6411282904446125 3.6411282904446125 3.6411282904446125 3.6411282904446125 3.6411282904446125 3.6411282904446125 3.6411282904446125 3.6411282904446125 3.6411282904446125 3.609161841818818 3.543022536500599 3.47688323118238 3.410743925864161 3.344604620545942 3.278465315227723 3.2123260099095043 3.1461867045912855 3.0800473992730666 3.0139080939548477 2.947768788636516 2.881629483318297 2.8474566265940666 2.8474566265940666 2.8474566265940666 2.8474566265940666 2.8474566265940666 2.8474566265940666 2.8474566265940666 2.8474566265940666 2.8474566265940666
4.027550460513299 3.993997199515223 3.9604439385171464 3.9268906775190695 3.893337416520993 3.859784155522916 3.8262308945248398 3.792677633526763 3.759124372528629 3.7255711115305523 3.692017850532476 3.6584645895343995 3.6411282904446125 3.6411282904446125 3.6411282904446125 3.6411282904446125 3.6411282904446125 3.6411282904446125 3.6411282904446125 3.6411282904446125 3.6411282904446125 3.6411282904446125 3.6411282904446125 3.6411282904446125 3.609161841818818 3.543022536500599 3.47688323118238 3.410743925864161 3.344604620545942 3.278465315227723 3.2123260099095043 3.1461867045912855 3.0800473992730666 3.0139080939548477 2.947768788636516 2.881629483318297 2.8474566265940666 2.8474566265940666 2.8474566265940666 2.8474566265940666 2.8474566265940666 2.8474566265940666 2.8474566265940666 2.8474566265940666 2.8474566265940666
4.027550460513299 3.993997199515223 3.9604439385171464 3.9268906775190695 3.893337416520993 3.859784155522916 3.8262308945248398 3.792677633526763 3.759124372528629 3.7255711115305523 3.692017850532476 3.6584645895343995 3.6411282904446125 3.6411282904446125 3.6411282904446125 3.6411282904446125 3.6411282904446125 3.6411282904446125 3.6411282904446125 3.6411282904446125 3.6411282904446125 3.6411282904446125 3.6411282904446125 3.6411282904446125 3.609161841818818 3.543022536500599 3.47688323118238 3.410743925864161 3.344604620545942 3.278465315227723 3.2123260099095043 3.1461867045912855 3.0800473992730666 3.0139080939548477 2.947768788636516 2.881629483318297 2.8474566265940666 2.8474566265940666 2.8474566265940666 2.8474566265940666 2.8474566265940666 2.8474566265940666 2.8474566265940666 2.8474566265940666 2.8474566265940666
4.027550460513299 3.993997199515223 3.9604439385171464 3.9268906775190695 3.893337416520993 3.859784155522916 3.8262308945248398 3.792677633526763 3.759124372528629 3.7255711115305523 3.692017850532476 3.6584645895343995 3.6411282904446125 3.6411282904446125 3.6411282904446125 3.6411282904446125 3.6411282904446125 3.6411282904446125 3.6411282904446125 3.6411282904446125 3.6411282904446125 3.6411282904446125 3.6411282904446125 3.6411282904446125 3.609161841818818 3.543022536500599 3.47688323118238 3.410743925864161 3.344604620545942 3.278465315227723 3.2123260099095043 3.1461867045912855 3.0800473992730666 3.0139080939548477 2.947768788636516 2.881629483318297 2.8474566265940666 2.8474566265940666 2.8474566265940666 2.8474566265940666 2.8474566265940666 2.8474566265940666 2.8474566265940666 2.8474566265940666 2.8474566265940666
4.027550460513299 3.993997199515223 3.9604439385171464 3.9268906775190695 3.893337416520993 3.859784155522916 3.8262308945248398 3.792677633526763 3.759124372528629 3.7255711115305523 3.692017850532476 3.6584645895343995 3.6411282904446125 3.6411282904446125 3.6411282904446125 3.6411282904446125 3.6411282904446125 3.6411282904446125 3.6411282904446125 3.6411282904446125 3.6411282904446125 3.6411282904446125 3.6411282904446125 3.6411282904446125 3.609161841818818 3.543022536500599 3.47688323118238 3.410743925864161 3.344604620545942 3.278465315227723 3.2123260099095043 3.1461867045912855 3.0800473992730666 3.0139080939548477 2.947768788636516 2.881629483318297 2.8474566265940666 2.8474566265940666 2.8474566265940666 2.8474566265940666 2.8474566265940666 2.8474566265940666 2.8474566265940666 2.8474566265940666 2.8474566265940666
4.034872171508791 3.9996050110179033 3.964337850527016 3.9290706900361285 3.893803529545241 3.8585363690543537 3.8232692085634663 3.788002048072579 3.7527348875816315 3.717467727090744 3.6822005665998567 3.6469334061089693 3.628711569419159 3.628711569419159 3.628711569419159 3.628711569419159 3.628711569419159 3.628711569419159 3.628711569419159 3.628711569419159 3.628711569419159 3.628711569419159 3.628711569419159 3.628711569419159 3.5991138419253126 3.537875474211818 3.4766371064983237 3.415398738784829 3.3541603710713344 3.29292200335784 3.2316836356443455 3.170445267930851 3.1092069002173566 3.047968532503862 2.986730164790263 2.925491797076768 2.893851156827671 2.893851156827671 2.893851156827671 2.893851156827671 2.893851156827671 2.893851156827671 2.893851156827671 2.893851156827671 2.893851156827671
4.050020329963796 4.011207219474468 3.9723941089851387 3.93358099849581 3.8947678880064815 3.855954777517153 3.8171416670278244 3.7783285565384954 3.7395154460491007 3.700702335559772 3.6618892250704436 3.623076114581115 3.603022156425259 3.603022156425259 3.603022156425259 3.603022156425259 3.603022156425259 3.603022156425259 3.603022156425259 3.603022156425259 3.603022156425259 3.603022156425259 3.603022156425259 3.603022156425259 3.5783251636182323 3.5272265268310434 3.4761278900438546 3.4250292532566657 3.3739306164694765 3.3228319796822876 3.2717333428950988 3.22063470610791 3.169536069320721 3.1184374325335322 3.0673387957462563 3.016240158959067 2.9898385149543323 2.9898385149543323 2.9898385149543323 2.9898385149543323 2.9898385149543323 2.9898385149543323 2.9898385149543323 2.9898385149543323 2.9898385149543323
4.065168488418813 4.0228094279310405 3.980450367443267 3.938091306955495 3.895732246467722 3.853373185979949 3.8110141254921763 3.7686550650044035 3.7262960045165587 3.683936944028786 3.6415778835410135 3.5992188230532407 3.5773327434313376 3.5773327434313376 3.5773327434313376 3.5773327434313376 3.5773327434313376 3.5773327434313376 3.5773327434313376 3.5773327434313376 3.5773327434313376 3.5773327434313376 3.5773327434313376 3.5773327434313376 3.557536485311134 3.5165775794502596 3.475618673589385 3.43465976772851 3.3937008618676354 3.352741956006761 3.3117830501458863 3.2708241442850117 3.229865238424137 3.1889063325632625 3.147947426702318 3.106988520841443 3.0858258730810753 3.0858258730810753 3.0858258730810753 3.0858258730810753 3.0858258730810753 3.0858258730810753 3.0858258730810753 3.0858258730810753 3.0858258730810753
4.0803166468738175 4.0344116363876035 3.98850662590139 3.942601615415176 3.896696604928962 3.850791594442748 3.804886583956534 3.7589815734703205 3.713076562984028 3.6671715524978143 3.6212665420116004 3.5753615315253864 3.5516433304374377 3.5516433304374377 3.5516433304374377 3.5516433304374377 3.5516433304374377 3.5516433304374377 3.5516433304374377 3.5516433304374377 3.5516433304374377 3.5516433304374377 3.5516433304374377 3.5516433304374377 3.5367478070040534 3.5059286320694847 3.4751094571349155 3.4442902822003467 3.4134711072657775 3.3826519323312088 3.3518327573966396 3.321013582462071 3.2901944075275016 3.259375232592933 3.228556057658311 3.197736882723742 3.1818132312077365 3.1818132312077365 3.1818132312077365 3.1818132312077365 3.1818132312077365 3.1818132312077365 3.1818132312077365 3.1818132312077365 3.1818132312077365
4.095464805328822 4.0460138448441665 3.996562884359512 3.9471119238748567 3.8976609633902015 3.848210002905547 3.7987590424208917 3.7493080819362365 3.699857121451497 3.650406160966842 3.600955200482187 3.551504239997532 3.525953917443538 3.525953917443538 3.525953917443538 3.525953917443538 3.525953917443538 3.525953917443538 3.525953917443538 3.525953917443538 3.525953917443538 3.525953917443538 3.525953917443538 3.525953917443538 3.515959128696973 3.4952796846887098 3.4746002406804464 3.453920796672183 3.4332413526639196 3.4125619086556562 3.391882464647393 3.3712030206391295 3.350523576630866 3.3298441326226027 3.309164688614304 3.2884852446060404 3.2778005893343973 3.2778005893343973 3.2778005893343973 3.2778005893343973 3.2778005893343973 3.2778005893343973 3.2778005893343973 3.2778005893343973 3.2778005893343973
4.110612963783827 4.05761605330073 4.004619142817634 3.9516222323345382 3.898625321851442 3.8456284113683457 3.7926315008852494 3.739634590402153 3.6866376799189666 3.6336407694358703 3.580643858952774 3.5276469484696777 3.500264504449638 3.500264504449638 3.500264504449638 3.500264504449638 3.500264504449638 3.500264504449638 3.500264504449638 3.500264504449638 3.500264504449638 3.500264504449638 3.500264504449638 3.500264504449638 3.495170450389893 3.484630737307935 3.4740910242259773 3.4635513111440193 3.4530115980620617 3.4424718849801037 3.431932171898146 3.4213924588161886 3.4108527457342306 3.400313032652273 3.3897733195702973 3.3792336064883393 3.3737879474610586 3.3737879474610586 3.3737879474610586 3.3737879474610586 3.3737879474610586 3.3737879474610586 3.3737879474610586 3.3737879474610586 3.3737879474610586
4.125761122238831 4.069218261757293 4.012675401275756 3.956132540794219 3.8995896803126815 3.843046819831144 3.7865039593496066 3.7299610988680696 3.6734182383864358 3.6168753779048983 3.560332517423361 3.5037896569418234 3.4745750914557383 3.4745750914557383 3.4745750914557383 3.4745750914557383 3.4745750914557383 3.4745750914557383 3.4745750914557383 3.4745750914557383 3.4745750914557383 3.4745750914557383 3.4745750914557383 3.4745750914557383 3.474381772082812 3.47398178992716 3.4735818077715077 3.473181825615856 3.472781843460204 3.4723818613045516 3.4719818791488994 3.4715818969932473 3.471181914837595 3.470781932681943 3.4703819505262903 3.469981968370638 3.46977530558772 3.46977530558772 3.46977530558772 3.46977530558772 3.46977530558772 3.46977530558772 3.46977530558772 3.46977530558772 3.46977530558772
4.140909280693836 4.080820470213857 4.020731659733879 3.9606428492539 3.9005540387739215 3.840465228293943 3.7803764178139647 3.720287607333986 3.660198796853905 3.6001099863739263 3.5400211758939477 3.479932365413969 3.4488856784618385 3.4488856784618385 3.4488856784618385 3.4488856784618385 3.4488856784618385 3.4488856784618385 3.4488856784618385 3.4488856784618385 3.4488856784618385 3.4488856784618385 3.4488856784618385 3.4488856784618385 3.4535930937757318 3.4633328425463854 3.4730725913170386 3.4828123400876922 3.492552088858346 3.502291837628999 3.5120315863996527 3.5217713351703064 3.53151108394096 3.5412508327116132 3.5509905814822833 3.560730330252937 3.565762663714381 3.565762663714381 3.565762663714381 3.565762663714381 3.565762663714381 3.565762663714381 3.565762663714381 3.565762663714381 3.565762663714381
4.15605743914884 4.09242267867042 4.028787918192001 3.965153157713581 3.9015183972351615 3.8378836367567417 3.774248876278322 3.710614115799902 3.646979355321374 3.5833445948429543 3.5197098343645346 3.456075073886115 3.4231962654679386 3.4231962654679386 3.4231962654679386 3.4231962654679386 3.4231962654679386 3.4231962654679386 3.4231962654679386 3.4231962654679386 3.4231962654679386 3.4231962654679386 3.4231962654679386 3.4231962654679386 3.432804415468651 3.4526838951656105 3.4725633748625695 3.4924428545595285 3.5123223342564875 3.5322018139534466 3.552081293650406 3.571960773347365 3.591840253044324 3.611719732741283 3.6315992124382763 3.6514786921352353 3.661750021841042 3.661750021841042 3.661750021841042 3.661750021841042 3.661750021841042 3.661750021841042 3.661750021841042 3.661750021841042 3.661750021841042
4.171205597603858 4.104024887126994 4.03684417665013 3.969663466173266 3.9024827556964024 3.8353020452195383 3.7681213347426743 3.7009406242658107 3.633759913788832 3.566579203311968 3.4993984928351045 3.4322177823582405 3.397506852474017 3.397506852474017 3.397506852474017 3.397506852474017 3.397506852474017 3.397506852474017 3.397506852474017 3.397506852474017 3.397506852474017 3.397506852474017 3.397506852474017 3.397506852474017 3.412015737161553 3.4420349477848267 3.4720541584081 3.5020733690313732 3.5320925796546465 3.56211179027792 3.5921310009011935 3.622150211524467 3.65216942214774 3.6821886327710134 3.712207843394338 3.7422270540176115 3.757737379967785 3.757737379967785 3.757737379967785 3.757737379967785 3.757737379967785 3.757737379967785 3.757737379967785 3.757737379967785 3.757737379967785
4.186353756058863 4.115627095583558 4.044900435108253 3.9741737746329475 3.9034471141576423 3.832720453682337 3.761993793207032 3.6912671327317272 3.6205404722563013 3.5498138117809965 3.4790871513056913 3.408360490830386 3.3718174394801173 3.3718174394801173 3.3718174394801173 3.3718174394801173 3.3718174394801173 3.3718174394801173 3.3718174394801173 3.3718174394801173 3.3718174394801173 3.3718174394801173 3.3718174394801173 3.3718174394801173 3.3912270588544726 3.4313860004040517 3.471544941953631 3.5117038835032095 3.5518628250527886 3.5920217666023677 3.632180708151947 3.6723396497015255 3.7124985912511046 3.7526575328006837 3.792816474350331 3.8329754158999103 3.853724738094446 3.853724738094446 3.853724738094446 3.853724738094446 3.853724738094446 3.853724738094446 3.853724738094446 3.853724738094446 3.853724738094446
