Figures/CREST_Example_wjb_NSE/Rolling_result/20100722/BJP_forecast/ens_14/wjb.rain.20100722.asc
ncols            288
nrows            254
xllcorner        113.274861
yllcorner        31.4918055
cellsize         0.008333333333
NODATA_value     -9999
[rows 60 to 79 of 254, columns 0 to 44 of 288]
-9999.0 -9999.0 -9999.0 -9999.0 -9999.0 -9999.0 -9999.0 -9999.0 -9999.0 -9999.0 -9999.0 7.163902387881666 7.163902387881666 7.163902387881666 7.163902387881666 7.163902387881666 7.163902387881666 7.163902387881666 7.163902387881666 7.163902387881666 7.163902387881666 7.163902387881666 7.163902387881666 7.163902387881666 7.163902387881666 7.163902387881666 7.163902387881666 8.14612936152659 8.167607716517207 8.189086071507825 8.210564426498443 8.232042781489062 8.253521136479678 8.274999491470297 8.296477846460915 8.317956201451533 8.339434556442152 8.360912911432768 8.382391266423387 8.340579128076643 8.231108021961683 8.121636915846725 8.012165809731766 7.902694703616808 7.793223597501849
-9999.0 -9999.0 -9999.0 -9999.0 -9999.0 -9999.0 -9999.0 -9999.0 -9999.0 7.163902387881666 7.163902387881666 7.163902387881666 7.163902387881666 7.163902387881666 7.163902387881666 3.6470221700297687 4.039768756382751 4.432515342735733 4.825261929088715 5.218008515441697 5.610755101794679 6.00350168814766 6.396248274500643 6.788994860853624 7.181741447206607 7.574488033559588 7.967234619913239 8.183755277032274 8.211886433385141 8.240017589738006 8.268148746090871 8.296279902443738 8.324411058796603 8.352542215149468 8.380673371502334 8.4088045278552 8.436935684208066 8.465066840560931 8.493197996913796 8.459249268039727 8.358935738827698 8.258622209615668 8.158308680403637 8.057995151191607 7.957681621979576
-9999.0 -9999.0 -9999.0 -9999.0 -9999.0 -9999.0 -9999.0 -9999.0 -9999.0 7.163902387881666 7.163902387881666 7.163902387881666 7.163902387881666 7.163902387881666 7.163902387881666 3.903206924049594 4.255436721938091 4.607666519826588 4.959896317715085 5.312126115603582 5.664355913492079 6.016585711380575 6.368815509269073 6.721045307157569 7.073275105046067 7.425504902934563 7.77773470082366 7.978795144878132 8.018252133506188 8.057709122134247 8.097166110762304 8.136623099390361 8.176080088018418 8.215537076646475 8.254994065274532 8.29445105390259 8.333908042530647 8.373365031158704 8.412822019786763 8.386308136916861 8.289269901447387 8.192231665977914 8.09519343050844 7.998155195038966 7.9011169595694914
-9999.0 -9999.0 -9999.0 -9999.0 -9999.0 -9999.0 -9999.0 -9999.0 -9999.0 7.163902387881666 7.163902387881666 7.163902387881666 7.163902387881666 7.163902387881666 7.163902387881666 4.15939167806942 4.4711046874934315 4.782817696917443 5.094530706341455 5.406243715765466 5.717956725189478 6.02966973461349 6.341382744037502 6.653095753461514 6.964808762885525 7.276521772309538 7.58823478173408 7.773835012723988 7.824617833627237 7.875400654530487 7.926183475433736 7.976966296336984 8.027749117240234 8.078531938143483 8.129314759046732 8.180097579949981 8.23088040085323 8.28166322175648 8.332446042659729 8.313367005793996 8.219604064067079 8.12584112234016 8.032078180613244 7.938315238886326 7.844552297159408
-9999.0 -9999.0 -9999.0 -9999.0 -9999.0 -9999.0 -9999.0 -9999.0 7.163902387881666 7.163902387881666 7.163902387881666 7.163902387881666 7.163902387881666 7.163902387881666 7.163902387881666 4.415576432089246 4.686772653048773 4.957968874008299 5.229165094967826 5.500361315927352 5.771557536886879 6.0427537578464054 6.3139499788059315 6.585146199765458 6.856342420724985 7.127538641684511 7.398734862644501 7.568874880569844 7.630983533748285 7.693092186926726 7.755200840105167 7.817309493283608 7.879418146462048 7.9415267996404895 8.00363545281893 8.065744105997371 8.127852759175813 8.189961412354252 8.252070065532694 8.24042587467113 8.149938226686768 8.059450578702407 7.968962930718046 7.878475282733684 7.7879876347493235
-9999.0 -9999.0 -9999.0 -9999.0 -9999.0 -9999.0 -9999.0 -9999.0 7.163902387881666 7.163902387881666 7.163902387881666 7.163902387881666 7.163902387881666 7.163902387881666 7.163902387881666 4.671761186109071 4.902440618604113 5.133120051099154 5.363799483594196 5.594478916089237 5.825158348584279 6.055837781079321 6.286517213574362 6.5171966460694035 6.747876078564445 6.978555511059486 7.209234943554922 7.363914748415701 7.437349233869333 7.510783719322966 7.584218204776598 7.657652690230231 7.7310871756838635 7.804521661137496 7.877956146591129 7.951390632044761 8.024825117498393 8.098259602952027 8.171694088405658 8.167484743548263 8.080272389306458 7.993060035064653 7.905847680822848 7.8186353265810435 7.731422972339239
-9999.0 -9999.0 -9999.0 -9999.0 -9999.0 -9999.0 -9999.0 -9999.0 7.163902387881666 7.163902387881666 7.163902387881666 7.163902387881666 7.163902387881666 7.163902387881666 7.163902387881666 4.927945940129115 5.118108584159637 5.308271228190159 5.498433872220681 5.688596516251202 5.878759160281724 6.068921804312247 6.259084448342768 6.449247092373289 6.639409736403811 6.829572380434334 7.019735024465179 7.158954616261382 7.243714933990216 7.32847525171905 7.413235569447884 7.497995887176717 7.582756204905551 7.6675165226343855 7.752276840363219 7.837037158092053 7.9217974758208864 8.006557793549721 8.091318111278554 8.094543612425333 8.010606551926088 7.926669491426843 7.842732430927597 7.758795370428351 7.674858309929106
-9999.0 -9999.0 -9999.0 -9999.0 -9999.0 -9999.0 -9999.0 -9999.0 7.163902387881666 7.163902387881666 7.163902387881666 7.163902387881666 7.163902387881666 7.163902387881666 7.163902387881666 5.184130694148941 5.333776549714978 5.483422405281014 5.633068260847051 5.7827141164130875 5.932359971979125 6.082005827545161 6.231651683111198 6.381297538677234 6.5309433942432715 6.680589249809308 6.8302351053756 6.9539944841072385 7.050080634111264 7.14616678411529 7.242252934119316 7.338339084123342 7.434425234127367 7.530511384131393 7.626597534135419 7.722683684139445 7.81876983414347 7.914855984147495 8.010942134151522 8.02160248130247 7.940940714545779 7.86027894778909 7.779617181032401 7.698955414275711 7.618293647519022
-9999.0 -9999.0 -9999.0 -9999.0 -9999.0 -9999.0 -9999.0 7.163902387881666 7.163902387881666 7.163902387881666 7.163902387881666 7.163902387881666 7.163902387881666 7.163902387881666 7.163902387881666 5.440315448168767 5.549444515270319 5.65857358237187 5.767702649473422 5.876831716574973 5.985960783676525 6.095089850778076 6.204218917879627 6.3133479849811796 6.422477052082731 6.531606119184282 6.64073518628602 6.749034351953095 6.856446334232312 6.96385831651153 7.071270298790747 7.178682281069964 7.286094263349182 7.3935062456284 7.500918227907617 7.608330210186834 7.715742192466052 7.823154174745269 7.9305661570244865 7.948661350179602 7.87127487716547 7.793888404151336 7.716501931137204 7.6391154581230705 7.561728985108937
-9999.0 -9999.0 -9999.0 -9999.0 -9999.0 -9999.0 -9999.0 7.163902387881666 7.163902387881666 7.163902387881666 7.163902387881666 7.163902387881666 7.163902387881666 7.163902387881666 7.163902387881666 5.696500202188592 5.7651124808256595 5.833724759462726 5.902337038099792 5.970949316736858 6.039561595373925 6.108173874010991 6.176786152648058 6.245398431285124 6.31401070992219 6.382622988559257 6.45123526719644 6.544074219798952 6.662812034353361 6.78154984890777 6.900287663462179 7.019025478016588 7.137763292570997 7.256501107125406 7.375238921679815 7.493976736234224 7.612714550788633 7.731452365343042 7.850190179897451 7.875720219056736 7.801609039785159 7.727497860513583 7.653386681242006 7.57927550197043 7.505164322698853
-9999.0 -9999.0 -9999.0 -9999.0 -9999.0 -9999.0 -9999.0 7.163902387881666 7.163902387881666 7.163902387881666 7.163902387881666 7.163902387881666 7.163902387881666 7.163902387881666 7.163902387881666 5.952684956208419 5.980780446381 6.008875936553581 6.036971426726162 6.065066916898743 6.093162407071325 6.121257897243906 6.149353387416487 6.177448877589068 6.205544367761649 6.2336398579342305 6.26173534810686 6.339114087644807 6.469177734474409 6.599241381304009 6.72930502813361 6.859368674963211 6.989432321792812 7.119495968622412 7.249559615452013 7.379623262281614 7.509686909111215 7.639750555940815 7.769814202770417 7.802779087933869 7.731943202404849 7.661107316875829 7.5902714313468085 7.519435545817788 7.448599660288768
-9999.0 -9999.0 -9999.0 -9999.0 -9999.0 -9999.0 7.163902387881666 7.163902387881666 7.163902387881666 7.163902387881666 7.163902387881666 7.163902387881666 7.163902387881666 7.163902387881666 7.163902387881666 6.208869710228245 6.19644841193634 6.1840271136444365 6.171605815352533 6.159184517060629 6.146763218768725 6.134341920476821 6.121920622184917 6.109499323893013 6.0970780256011095 6.084656727309206 6.07223542901728 6.134153955490664 6.275543434595456 6.416932913700249 6.558322392805042 6.699711871909835 6.841101351014627 6.98249083011942 7.123880309224212 7.265269788329005 7.406659267433797 7.54804874653859 7.689438225643382 7.729837956811004 7.66227736502454 7.594716773238075 7.527156181451612 7.459595589665148 7.3920349978786835
-9999.0 -9999.0 -9999.0 -9999.0 -9999.0 -9999.0 -9999.0 7.163902387881666 7.163902387881666 7.163902387881666 7.163902387881666 7.163902387881666 7.163902387881666 7.163902387881666 7.163902387881666 6.465054464248289 6.4121163774918655 6.359178290735442 6.306240203979018 6.253302117222595 6.200364030466171 6.147425943709748 6.094487856953324 6.041549770196901 5.988611683440477 5.935673596684053 5.88273550992754 5.929193823336346 6.08190913471634 6.234624446096334 6.387339757476328 6.540055068856322 6.692770380236316 6.84548569161631 6.9982010029963035 7.150916314376298 7.303631625756291 7.456346937136285 7.609062248516279 7.656896825688075 7.592611527644171 7.528326229600266 7.464040931556361 7.399755633512456 7.3354703354685515
-9999.0 -9999.0 -9999.0 -9999.0 -9999.0 -9999.0 -9999.0 -9999.0 7.163902387881666 7.163902387881666 7.163902387881666 7.163902387881666 7.163902387881666 7.163902387881666 7.163902387881666 6.688155269622227 6.604209957483162 6.520264645344098 6.436319333205034 6.3523740210659705 6.268428708926907 6.184483396787843 6.100538084648779 6.016592772509715 5.932647460370651 5.848702148231587 5.76475683609238 5.796472282183835 5.951831692565912 6.107191102947989 6.262550513330066 6.417909923712143 6.57326933409422 6.728628744476296 6.883988154858374 7.039347565240451 7.194706975622528 7.350066386004604 7.505425796386682 7.563348560001019 7.517109346112854 7.4708701322246895 7.424630918336525 7.37839170444836 7.332152490560195
-9999.0 -9999.0 -9999.0 -9999.0 -9999.0 -9999.0 -9999.0 -9999.0 -9999.0 7.163902387881666 7.163902387881666 7.163902387881666 7.163902387881666 7.163902387881666 7.163902387881666 6.875891419863437 6.771104005690579 6.666316591517722 6.561529177344864 6.4567417631720065 6.351954348999149 6.247166934826292 6.142379520653434 6.037592106480576 5.93280469230772 5.828017278134862 5.7232298639618255 5.740969240110467 5.88969252401598 6.038415807921494 6.187139091827007 6.33586237573252 6.484585659638033 6.633308943543547 6.78203222744906 6.930755511354573 7.079478795260086 7.2282020791656 7.376925363071113 7.447772566761352 7.435368480670335 7.422964394579319 7.410560308488302 7.398156222397286 7.385752136306269
-9999.0 -9999.0 -9999.0 -9999.0 -9999.0 -9999.0 -9999.0 -9999.0 -9999.0 -9999.0 7.163902387881666 7.163902387881666 7.163902387881666 7.163902387881666 7.163902387881666 7.063627570104647 6.937998053897996 6.812368537691345 6.686739021484693 6.561109505278042 6.435479989071391 6.30985047286474 6.184220956658089 6.058591440451437 5.932961924244786 5.807332408038135 5.68170289183127 5.685466198037099 5.827553355466048 5.969640512894998 6.111727670323947 6.253814827752897 6.395901985181847 6.537989142610796 6.680076300039746 6.822163457468696 6.964250614897645 7.106337772326595 7.248424929755544 7.332196573521684 7.353627615227816 7.375058656933947 7.396489698640078 7.41792074034621 7.439351782052341
-9999.0 -9999.0 -9999.0 -9999.0 -9999.0 -9999.0 -9999.0 -9999.0 -9999.0 -9999.0 -9999.0 7.163902387881666 7.163902387881666 7.163902387881666 7.163902387881666 7.251363720345857 7.1048921021054126 6.958420483864967 6.811948865624522 6.665477247384078 6.519005629143633 6.372534010903188 6.226062392662743 6.079590774422298 5.933119156181853 5.786647537941408 5.640175919700713 5.62996315596373 5.765414186916115 5.9008652178685015 6.036316248820887 6.171767279773273 6.307218310725659 6.4426693416780445 6.578120372630431 6.713571403582817 6.849022434535202 6.984473465487588 7.119924496439975 7.216620580282016 7.2718867497852955 7.327152919288575 7.382419088791855 7.437685258295135 7.492951427798414
-9999.0 -9999.0 -9999.0 -9999.0 -9999.0 -9999.0 -9999.0 -9999.0 -9999.0 -9999.0 -9999.0 7.163902387881666 7.163902387881666 7.163902387881666 7.163902387881666 7.439099870587068 7.271786150312829 7.104472430038591 6.937158709764352 6.769844989490114 6.602531269215875 6.435217548941637 6.267903828667398 6.10059010839316 5.93327638811892 5.765962667844682 5.598648947570158 5.574460113890361 5.703275018366183 5.832089922842005 5.960904827317828 6.08971973179365 6.218534636269472 6.347349540745294 6.476164445221117 6.604979349696938 6.733794254172761 6.862609158648583 6.991424063124406 7.101044587042348 7.190145884342776 7.279247181643203 7.3683484789436315 7.45744977624406 7.546551073544487
-9999.0 -9999.0 -9999.0 -9999.0 -9999.0 -9999.0 -9999.0 -9999.0 -9999.0 -9999.0 -9999.0 7.163902387881666 7.163902387881666 7.163902387881666 7.163902387881666 7.626836020828279 7.438680198520246 7.250524376212214 7.062368553904181 6.874212731596149 6.6860569092881175 6.497901086980084 6.309745264672053 6.12158944236402 5.933433620055988 5.745277797747955 5.557121975439602 5.518957071816993 5.641135849816251 5.763314627815509 5.885493405814768 6.007672183814027 6.129850961813284 6.252029739812543 6.374208517811802 6.49638729581106 6.618566073810318 6.740744851809577 6.862923629808835 6.98546859380268 7.108405018900256 7.231341443997832 7.354277869095408 7.477214294192984 7.60015071929056
-9999.0 -9999.0 -9999.0 -9999.0 -9999.0 -9999.0 -9999.0 -9999.0 -9999.0 -9999.0 -9999.0 -9999.0 7.163902387881666 7.163902387881666 7.163902387881666 7.814572171069649 7.605574246727805 7.396576322385961 7.187578398044118 6.978580473702274 6.769582549360431 6.560584625018587 6.351586700676743 6.1425887763348985 5.933590851993055 5.724592927651211 5.515595003309011 5.463454029743577 5.578996681266266 5.694539332788955 5.810081984311644 5.925624635834334 6.041167287357022 6.156709938879712 6.272252590402401 6.38779524192509 6.503337893447779 6.618880544970468 6.734423196493157 6.869892600562914 7.026664153457667 7.18343570635242 7.340207259247173 7.496978812141926 7.653750365036679
