Figures/CREST_Example_wjb_NSE/Rolling_result/20100722/BJP_forecast/ens_14/wjb.rain.20100611.asc
ncols            288
nrows            254
xllcorner        113.274861
yllcorner        31.4918055
cellsize         0.008333333333
NODATA_value     -9999
[rows 92 to 114 of 254, columns 52 to 103 of 288]
0.04368547230416194 0.04368547230416194 0.04368547230416194 0.04368547230416194 0.04368547230416194 0.04368547230416194 0.04368547230416194 0.04368547230416194 0.04368547230416194 0.04368547230416194 0.04368547230416194 0.04192596710723884 0.03828551108203842 0.03464505505683179 0.031004599031631365 0.027364143006430947 0.023723686981230525 0.020083230956030103 0.01644277493082968 0.012802318905629259 0.00916186288042884 0.005521406855228415 0.001880950830027997 0.002298655177920553 0.007054624705762146 0.01181059423360374 0.016566563761453445 0.021322533289295037 0.02607850281713663 0.030834472344978225 0.03559044187281982 0.04034641140066141 0.045102380928503 0.0498583504563446 0.05461431998418619 0.05707163433638624 0.05707163433638624 0.05707163433638624 0.05707163433638624 0.05707163433638624 0.05707163433638624 0.05707163433638624 0.05707163433638624 0.05707163433638624 0.05707163433638624 0.05707163433638624 0.05707163433638624 0.056751916305308424 0.05609041246996662 0.05542890863462481 0.05476740479928301 0.054105900963941196
0.03401339772584778 0.03401339772584778 0.03401339772584778 0.03401339772584778 0.03401339772584778 0.03401339772584778 0.03401339772584778 0.03401339772584778 0.03401339772584778 0.03401339772584778 0.03401339772584778 0.03264345145064315 0.02980900164026983 0.026974551829891672 0.02414010201951835 0.021305652209145026 0.018471202398771702 0.01563675258839838 0.012802302778025059 0.009967852967651736 0.0071334031572784125 0.004298953346905089 0.0014645035365317693 0.0026058248609556684 0.007997335407051831 0.013388845953147994 0.018780356499253352 0.024171867045349515 0.02956337759144568 0.03495488813754184 0.040346398683638006 0.04573790922973417 0.05112941977583033 0.056520930321926496 0.06191244086802266 0.06469812655574671 0.06469812655574671 0.06469812655574671 0.06469812655574671 0.06469812655574671 0.06469812655574671 0.06469812655574671 0.06469812655574671 0.06469812655574671 0.06469812655574671 0.06469812655574671 0.06469812655574671 0.06433568454970731 0.06358578384415191 0.0628358831385965 0.0620859824330411 0.06133608172748569
0.024341323147533622 0.024341323147533622 0.024341323147533622 0.024341323147533622 0.024341323147533622 0.024341323147533622 0.024341323147533622 0.024341323147533622 0.024341323147533622 0.024341323147533622 0.024341323147533622 0.02336093579404747 0.021332492198501245 0.01930404860295156 0.017275605007405336 0.015247161411859111 0.013218717816312887 0.011190274220766662 0.009161830625220437 0.0071333870296742125 0.005104943434127988 0.003076499838581763 0.0010480562430355382 0.0029129945439907833 0.008940046108341516 0.01496709767269225 0.020994149237053263 0.027021200801403994 0.033048252365754725 0.039075303930105464 0.045102355494456195 0.051129407058806926 0.057156458623157665 0.0631835101875084 0.06921056175185913 0.07232461877510718 0.07232461877510718 0.07232461877510718 0.07232461877510718 0.07232461877510718 0.07232461877510718 0.07232461877510718 0.07232461877510718 0.07232461877510718 0.07232461877510718 0.07232461877510718 0.07232461877510718 0.0719194527941062 0.0710811552183372 0.0702428576425682 0.0694045600667992 0.06856626249103019
0.014669248569219464 0.014669248569219464 0.014669248569219464 0.014669248569219464 0.014669248569219464 0.014669248569219464 0.014669248569219464 0.014669248569219464 0.014669248569219464 0.014669248569219464 0.014669248569219464 0.014078420137451784 0.012855982756732658 0.011633545376011446 0.01041110799529232 0.009188670614573194 0.007966233233854068 0.0067437958531349415 0.005521358472415815 0.004298921091696689 0.003076483710977563 0.0018540463302584367 0.0006316089495393105 0.0032201642270258987 0.009882756809631202 0.016545349392236505 0.02320794197485317 0.029870534557458476 0.03653312714006378 0.043195719722669085 0.049858312305274384 0.05652090488787969 0.06318349747048499 0.0698460900530903 0.0765086826356956 0.07995111099446765 0.07995111099446765 0.07995111099446765 0.07995111099446765 0.07995111099446765 0.07995111099446765 0.07995111099446765 0.07995111099446765 0.07995111099446765 0.07995111099446765 0.07995111099446765 0.07995111099446765 0.0795032210385051 0.0785765265925225 0.0776498321465399 0.0767231377005573 0.0757964432545747
0.0049971739909053054 0.0049971739909053054 0.0049971739909053054 0.0049971739909053054 0.0049971739909053054 0.0049971739909053054 0.0049971739909053054 0.0049971739909053054 0.0049971739909053054 0.0049971739909053054 0.0049971739909053054 0.004795904480856099 0.004379473314964071 0.003963042149071333 0.003546610983179305 0.003130179817287277 0.002713748651395249 0.002297317485503221 0.001880886319611193 0.0014644551537191654 0.0010480239878271373 0.0006315928219351096 0.00021516165604308114 0.0035273339100610136 0.010825467510920887 0.01812360111178076 0.02542173471265308 0.03271986831351295 0.040018001914372825 0.0473161355152327 0.05461426911609257 0.06191240271695245 0.06921053631781232 0.0765086699186722 0.08380680351953207 0.08757760321382813 0.08757760321382813 0.08757760321382813 0.08757760321382813 0.08757760321382813 0.08757760321382813 0.08757760321382813 0.08757760321382813 0.08757760321382813 0.08757760321382813 0.08757760321382813 0.08757760321382813 0.087086989282904 0.08607189796670779 0.0850568066505116 0.0840417153343154 0.08302662401811921
0.0 0.0 0.0 0.0 0.0 0.0 0.0 0.0 0.0 0.0 0.0 0.0 0.0 0.0 0.0 0.0 0.0 0.0 0.0 0.0 0.0 0.0 0.0 0.00368603619656936 0.011312528415930372 0.018939020635291383 0.0265655128546654 0.034192005074026414 0.04181849729338742 0.049444989512748436 0.05707148173210945 0.06469797395147046 0.07232446617083146 0.07995095839019248 0.08757745060955349 0.09151790663599968 0.09151790663599968 0.09151790663599968 0.09151790663599968 0.09151790663599968 0.09151790663599968 0.09151790663599968 0.09151790663599968 0.09151790663599968 0.09151790663599968 0.09151790663599968 0.09151790663599968 0.09100521893644013 0.0899444564938344 0.08888369405122865 0.0878229316086229 0.08676216916601714
0.0 0.0 0.0 0.0 0.0 0.0 0.0 0.0 0.0 0.0 0.0 0.0 0.0 0.0 0.0 0.0 0.0 0.0 0.0 0.0 0.0 0.0 0.0 0.00368603619656936 0.011312528415930372 0.018939020635291383 0.0265655128546654 0.034192005074026414 0.04181849729338742 0.049444989512748436 0.05707148173210945 0.06469797395147046 0.07232446617083146 0.07995095839019248 0.08757745060955349 0.09151790663599968 0.09151790663599968 0.09151790663599968 0.09151790663599968 0.09151790663599968 0.09151790663599968 0.09151790663599968 0.09151790663599968 0.09151790663599968 0.09151790663599968 0.09151790663599968 0.09151790663599968 0.09100521893644013 0.0899444564938344 0.08888369405122865 0.0878229316086229 0.08676216916601714
0.0 0.0 0.0 0.0 0.0 0.0 0.0 0.0 0.0 0.0 0.0 0.0 0.0 0.0 0.0 0.0 0.0 0.0 0.0 0.0 0.0 0.0 0.0 0.00368603619656936 0.011312528415930372 0.018939020635291383 0.0265655128546654 0.034192005074026414 0.04181849729338742 0.049444989512748436 0.05707148173210945 0.06469797395147046 0.07232446617083146 0.07995095839019248 0.08757745060955349 0.09151790663599968 0.09151790663599968 0.09151790663599968 0.09151790663599968 0.09151790663599968 0.09151790663599968 0.09151790663599968 0.09151790663599968 0.09151790663599968 0.09151790663599968 0.09151790663599968 0.09151790663599968 0.09100521893644013 0.0899444564938344 0.08888369405122865 0.0878229316086229 0.08676216916601714
0.0 0.0 0.0 0.0 0.0 0.0 0.0 0.0 0.0 0.0 0.0 0.0 0.0 0.0 0.0 0.0 0.0 0.0 0.0 0.0 0.0 0.0 0.0 0.00368603619656936 0.011312528415930372 0.018939020635291383 0.0265655128546654 0.034192005074026414 0.04181849729338742 0.049444989512748436 0.05707148173210945 0.06469797395147046 0.07232446617083146 0.07995095839019248 0.08757745060955349 0.09151790663599968 0.09151790663599968 0.09151790663599968 0.09151790663599968 0.09151790663599968 0.09151790663599968 0.09151790663599968 0.09151790663599968 0.09151790663599968 0.09151790663599968 0.09151790663599968 0.09151790663599968 0.09100521893644013 0.0899444564938344 0.08888369405122865 0.0878229316086229 0.08676216916601714
0.0 0.0 0.0 0.0 0.0 0.0 0.0 0.0 0.0 0.0 0.0 0.0 0.0 0.0 0.0 0.0 0.0 0.0 0.0 0.0 0.0 0.0 0.0 0.00368603619656936 0.011312528415930372 0.018939020635291383 0.0265655128546654 0.034192005074026414 0.04181849729338742 0.049444989512748436 0.05707148173210945 0.06469797395147046 0.07232446617083146 0.07995095839019248 0.08757745060955349 0.09151790663599968 0.09151790663599968 0.09151790663599968 0.09151790663599968 0.09151790663599968 0.09151790663599968 0.09151790663599968 0.09151790663599968 0.09151790663599968 0.09151790663599968 0.09151790663599968 0.09151790663599968 0.09100521893644013 0.0899444564938344 0.08888369405122865 0.0878229316086229 0.08676216916601714
0.0 0.0 0.0 0.0 0.0 0.0 0.0 0.0 0.0 0.0 0.0 0.0 0.0 0.0 0.0 0.0 0.0 0.0 0.0 0.0 0.0 0.0 0.0 0.00368603619656936 0.011312528415930372 0.018939020635291383 0.0265655128546654 0.034192005074026414 0.04181849729338742 0.049444989512748436 0.05707148173210945 0.06469797395147046 0.07232446617083146 0.07995095839019248 0.08757745060955349 0.09151790663599968 0.09151790663599968 0.09151790663599968 0.09151790663599968 0.09151790663599968 0.09151790663599968 0.09151790663599968 0.09151790663599968 0.09151790663599968 0.09151790663599968 0.09151790663599968 0.09151790663599968 0.09100521893644013 0.0899444564938344 0.08888369405122865 0.0878229316086229 0.08676216916601714
0.0 0.0 0.0 0.0 0.0 0.0 0.0 0.0 0.0 0.0 0.0 0.0 0.0 0.0 0.0 0.0 0.0 0.0 0.0 0.0 0.0 0.0 0.0 0.00368603619656936 0.011312528415930372 0.018939020635291383 0.0265655128546654 0.034192005074026414 0.04181849729338742 0.049444989512748436 0.05707148173210945 0.06469797395147046 0.07232446617083146 0.07995095839019248 0.08757745060955349 0.09151790663599968 0.09151790663599968 0.09151790663599968 0.09151790663599968 0.09151790663599968 0.09151790663599968 0.09151790663599968 0.09151790663599968 0.09151790663599968 0.09151790663599968 0.09151790663599968 0.09151790663599968 0.09100521893644013 0.0899444564938344 0.08888369405122865 0.0878229316086229 0.08676216916601714
0.0 0.0 0.0 0.0 0.0 0.0 0.0 0.0 0.0 0.0 0.0 0.0 0.0 0.0 0.0 0.0 0.0 0.0 0.0 0.0 0.0 0.0 0.0 0.00368603619656936 0.011312528415930372 0.018939020635291383 0.0265655128546654 0.034192005074026414 0.04181849729338742 0.049444989512748436 0.05707148173210945 0.06469797395147046 0.07232446617083146 0.07995095839019248 0.08757745060955349 0.09151790663599968 0.09151790663599968 0.09151790663599968 0.09151790663599968 0.09151790663599968 0.09151790663599968 0.09151790663599968 0.09151790663599968 0.09151790663599968 0.09151790663599968 0.09151790663599968 0.09151790663599968 0.09100521893644013 0.0899444564938344 0.08888369405122865 0.0878229316086229 0.08676216916601714
0.0 0.0 0.0 0.0 0.0 0.0 0.0 0.0 0.0 0.0 0.0 0.0 0.0 0.0 0.0 0.0 0.0 0.0 0.0 0.0 0.0 0.0 0.0 0.00368603619656936 0.011312528415930372 0.018939020635291383 0.0265655128546654 0.034192005074026414 0.04181849729338742 0.049444989512748436 0.05707148173210945 0.06469797395147046 0.07232446617083146 0.07995095839019248 0.08757745060955349 0.09151790663599968 0.09151790663599968 0.09151790663599968 0.09151790663599968 0.09151790663599968 0.09151790663599968 0.09151790663599968 0.09151790663599968 0.09151790663599968 0.09151790663599968 0.09151790663599968 0.09151790663599968 0.09100521893644013 0.0899444564938344 0.08888369405122865 0.0878229316086229 0.08676216916601714
0.0 0.0 0.0 0.0 0.0 0.0 0.0 0.0 0.0 0.0 0.0 0.0 0.0 0.0 0.0 0.0 0.0 0.0 0.0 0.0 0.0 0.0 0.0 0.00368603619656936 0.011312528415930372 0.018939020635291383 0.0265655128546654 0.034192005074026414 0.04181849729338742 0.049444989512748436 0.05707148173210945 0.06469797395147046 0.07232446617083146 0.07995095839019248 0.08757745060955349 0.09151790663599968 0.09151790663599968 0.09151790663599968 0.09151790663599968 0.09151790663599968 0.09151790663599968 0.09151790663599968 0.09151790663599968 0.09151790663599968 0.09151790663599968 0.09151790663599968 0.09151790663599968 0.09100521893644013 0.0899444564938344 0.08888369405122865 0.0878229316086229 0.08676216916601714
0.0 0.0 0.0 0.0 0.0 0.0 0.0 0.0 0.0 0.0 0.0 0.0 0.0 0.0 0.0 0.0 0.0 0.0 0.0 0.0 0.0 0.0 0.0 0.00368603619656936 0.011312528415930372 0.018939020635291383 0.0265655128546654 0.034192005074026414 0.04181849729338742 0.049444989512748436 0.05707148173210945 0.06469797395147046 0.07232446617083146 0.07995095839019248 0.08757745060955349 0.09151790663599968 0.09151790663599968 0.09151790663599968 0.09151790663599968 0.09151790663599968 0.09151790663599968 0.09151790663599968 0.09151790663599968 0.09151790663599968 0.09151790663599968 0.09151790663599968 0.09151790663599968 0.09100521893644013 0.0899444564938344 0.08888369405122865 0.0878229316086229 0.08676216916601714
0.0 0.0 0.0 0.0 0.0 0.0 0.0 0.0 0.0 0.0 0.0 0.0 0.0 0.0 0.0 0.0 0.0 0.0 0.0 0.0 0.0 0.0 0.0 0.00368603619656936 0.011312528415930372 0.018939020635291383 0.0265655128546654 0.034192005074026414 0.04181849729338742 0.049444989512748436 0.05707148173210945 0.06469797395147046 0.07232446617083146 0.07995095839019248 0.08757745060955349 0.09151790663599968 0.09151790663599968 0.09151790663599968 0.09151790663599968 0.09151790663599968 0.09151790663599968 0.09151790663599968 0.09151790663599968 0.09151790663599968 0.09151790663599968 0.09151790663599968 0.09151790663599968 0.09100521893644013 0.0899444564938344 0.08888369405122865 0.0878229316086229 0.08676216916601714
0.03588521948775181 0.03588521948775181 0.03588521948775181 0.03588521948775181 0.03588521948775181 0.03588521948775181 0.03588521948775181 0.03588521948775181 0.03588521948775181 0.03588521948775181 0.03588521948775181 0.03450605188630309 0.03165252294348711 0.02879899400066627 0.025945465057850295 0.023091936115034316 0.020238407172218344 0.017384878229402365 0.014531349286586389 0.011677820343770413 0.008824291400954438 0.005970762458138462 0.003117233515322483 0.005256218933310764 0.01273231506665627 0.020208411200001775 0.02768450733336003 0.035160603466705534 0.042636699600051044 0.050112795733396547 0.05758889186674205 0.06506498800008756 0.07254108413343306 0.08001718026677856 0.08749327640012408 0.09135602577632426 0.09135602577632426 0.09135602577632426 0.09135602577632426 0.09135602577632426 0.09135602577632426 0.09135602577632426 0.09135602577632426 0.09135602577632426 0.09135602577632426 0.09135602577632426 0.09135602577632426 0.09072204090835644 0.0894103118817026 0.08809858285504878 0.08678685382839493 0.0854751248017411
0.11012947623700386 0.11012947623700386 0.11012947623700386 0.11012947623700386 0.11012947623700386 0.11012947623700386 0.11012947623700386 0.11012947623700386 0.11012947623700386 0.11012947623700386 0.11012947623700386 0.10589689781728893 0.09713959739150455 0.08838229696570524 0.07962499653992086 0.07086769611413649 0.0621103956883521 0.05335309526256772 0.044595794836783345 0.03583849441099897 0.02708119398521458 0.018323893559430204 0.009566593133645829 0.008504828024016245 0.015669764137063447 0.022834700250110647 0.02999963636317007 0.03716457247621727 0.044329508589264474 0.051494444702311674 0.058659380815358875 0.06582431692840607 0.07298925304145329 0.08015418915450048 0.08731912526754768 0.09102110448337705 0.09102110448337705 0.09102110448337705 0.09102110448337705 0.09102110448337705 0.09102110448337705 0.09102110448337705 0.09102110448337705 0.09102110448337705 0.09102110448337705 0.09102110448337705 0.09102110448337705 0.09013616342110936 0.08830520035415913 0.08647423728720889 0.08464327422025865 0.08281231115330841
0.18437373298631932 0.18437373298631932 0.18437373298631932 0.18437373298631932 0.18437373298631932 0.18437373298631932 0.18437373298631932 0.18437373298631932 0.18437373298631932 0.18437373298631932 0.18437373298631932 0.17728774374833572 0.1626266718395779 0.14796559993079508 0.13330452802203727 0.11864345611327944 0.10398238420452162 0.08932131229576379 0.07466024038700597 0.059999168478248155 0.04533809656949034 0.030677024660732494 0.016015952751974677 0.0117534371147245 0.018607213207473133 0.02546098930022177 0.0323147653929821 0.039168541485730735 0.04602231757847937 0.052876093671228 0.05972986976397664 0.06658364585672527 0.07343742194947392 0.08029119804222255 0.08714497413497119 0.09068618319042958 0.09068618319042958 0.09068618319042958 0.09068618319042958 0.09068618319042958 0.09068618319042958 0.09068618319042958 0.09068618319042958 0.09068618319042958 0.09068618319042958 0.09068618319042958 0.09068618319042958 0.08955028593386181 0.08720008882661473 0.08484989171936763 0.08249969461212055 0.08014949750487346
0.2586179897355715 0.2586179897355715 0.2586179897355715 0.2586179897355715 0.2586179897355715 0.2586179897355715 0.2586179897355715 0.2586179897355715 0.2586179897355715 0.2586179897355715 0.2586179897355715 0.2486785896793217 0.22811374628759545 0.20754890289583414 0.1869840595041079 0.16641921611238167 0.14585437272065543 0.1252895293289292 0.10472468593720297 0.08415984254547673 0.0635949991537505 0.043030155762024264 0.02246531237029803 0.015002046205429984 0.02154466227788032 0.028087278350330654 0.03462989442279214 0.04117251049524248 0.047715126567692806 0.054257742640143145 0.06080035871259348 0.06734297478504382 0.07388559085749415 0.08042820692994448 0.08697082300239482 0.09035126189748238 0.09035126189748238 0.09035126189748238 0.09035126189748238 0.09035126189748238 0.09035126189748238 0.09035126189748238 0.09035126189748238 0.09035126189748238 0.09035126189748238 0.09035126189748238 0.09035126189748238 0.08896440844661475 0.08609497729907126 0.08322554615152776 0.08035611500398426 0.07748668385644078
0.33286224648482354 0.33286224648482354 0.33286224648482354 0.33286224648482354 0.33286224648482354 0.33286224648482354 0.33286224648482354 0.33286224648482354 0.33286224648482354 0.33286224648482354 0.33286224648482354 0.32006943561030754 0.2936008207356129 0.2671322058608731 0.24066359098617846 0.21419497611148383 0.18772636123678918 0.16125774636209456 0.13478913148739993 0.10832051661270528 0.08185190173801066 0.055383286863316006 0.028914671988621354 0.018250655296135468 0.024482111348287504 0.030713567400439533 0.03694502345260219 0.04317647950475423 0.04940793555690626 0.055639391609058286 0.06187084766121032 0.06810230371336234 0.07433375976551439 0.08056521581766643 0.08679667186981846 0.09001634060453517 0.09001634060453517 0.09001634060453517 0.09001634060453517 0.09001634060453517 0.09001634060453517 0.09001634060453517 0.09001634060453517 0.09001634060453517 0.09001634060453517 0.09001634060453517 0.09001634060453517 0.08837853095936768 0.08498986577152777 0.08160120058368787 0.07821253539584798 0.07482387020800808
0.4071065032340757 0.4071065032340757 0.4071065032340757 0.4071065032340757 0.4071065032340757 0.4071065032340757 0.4071065032340757 0.4071065032340757 0.4071065032340757 0.4071065032340757 0.4071065032340757 0.3914602815412935 0.3590878951836304 0.32671550882591216 0.2943431224682491 0.2619707361105861 0.229598349752923 0.19722596339525994 0.1648535770375969 0.13248119067993386 0.10010880432227082 0.06773641796460772 0.03536403160694468 0.021499264386840956 0.027419560418694686 0.03333985645054841 0.03926015248241224 0.045180448514265975 0.051100744546119695 0.05702104057797343 0.06294133660982716 0.0688616326416809 0.07478192867353463 0.08070222470538835 0.08662252073724208 0.08968141931158798 0.08968141931158798 0.08968141931158798 0.08968141931158798 0.08968141931158798 0.08968141931158798 0.08968141931158798 0.08968141931158798 0.08968141931158798 0.08968141931158798 0.08968141931158798 0.08968141931158798 0.0877926534721206 0.08388475424398431 0.079976855015848 0.07606895578771171 0.0721610565595754
