Figures/CREST_Example_wjb_NSE/Rolling_result/20100722/BJP_forecast/ens_16/wjb.rain.20100722.asc
ncols            288
nrows            254
xllcorner        113.274861
yllcorner        31.4918055
cellsize         0.008333333333
NODATA_value     -9999
[rows 60 to 79 of 254, columns 88 to 131 of 288]
6.713032552405088 6.891775446560053 7.070518340715017 7.249261234870286 7.4280041290252505 7.606747023180215 7.785489917335179 7.9642328114901435 8.142975705645107 8.321718599800072 8.500461493955036 8.538283615993308 8.425458246324474 8.312632876655643 8.19980750698681 8.086982137317978 7.974156767648952 7.86133139798012 7.748506028311287 7.635680658642455 7.522855288973623 7.41002991930479 7.297204549635958 7.337939138837748 7.542832796483315 7.747726454128881 7.952620111774448 8.157513769420014 8.36240742706558 8.567301084711497 8.772194742357064 8.97708840000263 9.181982057648197 9.386875715293762 9.591769372939329 9.5330565014858 9.192542289019277 8.852028076552756 8.511513864086233 8.17099965161971 7.830485439153186 7.489971226686664 7.149457014219561 6.808942801753037
6.733209793793048 6.908132021815984 7.08305424983892 7.2579764778621545 7.432898705885091 7.607820933908027 7.782743161930962 7.957665389953898 8.132587617976835 8.30750984599977 8.482432074022705 8.51238928123006 8.387375603427987 8.262361925625916 8.137348247823844 8.012334570021771 7.887320892219487 7.762307214417414 7.637293536615343 7.512279858813271 7.387266181011198 7.262252503209126 7.137238825407055 7.173496920543805 7.382158187748466 7.590819454953127 7.799480722157789 8.00814198936245 8.216803256567111 8.425464523772128 8.634125790976789 8.842787058181452 9.051448325386113 9.260109592590775 9.468770859795436 9.419678156251571 9.095040628925842 8.770403101600115 8.445765574274386 8.121128046948659 7.796490519622932 7.471852992297203 7.147215464970921 6.822577937645194
6.855090451517588 7.021917915621934 7.188745379726281 7.3555728438309105 7.522400307935257 7.689227772039603 7.856055236143948 8.022882700248294 8.18971016435264 8.356537628456985 8.523365092561331 8.539579419482292 8.394784897288897 8.2499903750955 8.105195852902105 7.960401330708709 7.815606808515067 7.670812286321671 7.526017764128276 7.3812232419348796 7.236428719741484 7.091634197548089 6.946839675354694 6.9681720791538115 7.167097923423541 7.36602376769327 7.564949611962999 7.763875456232728 7.9628013005024565 8.161727144772525 8.360652989042254 8.559578833311983 8.758504677581712 8.95743052185144 9.15635636612117 9.1337172669484 8.87422023259113 8.61472319823386 8.35522616387659 8.09572912951932 7.83623209516205 7.57673506080478 7.317238026447068 7.057740992089798
6.976971109242129 7.135703809427885 7.294436509613641 7.453169209799668 7.6119019099854235 7.77063461017118 7.929367310356936 8.088100010542693 8.246832710728448 8.405565410914203 8.56429811109996 8.566769557734526 8.402194191149807 8.237618824565086 8.073043457980367 7.9084680913956475 7.743892724810648 7.579317358225929 7.414741991641209 7.25016662505649 7.085591258471771 6.921015891887051 6.756440525302332 6.762847237763819 6.9520376590986155 7.141228080433412 7.330418501768208 7.519608923103005 7.708799344437802 7.897989765772921 8.087180187107718 8.276370608442514 8.46556102977731 8.654751451112107 8.843941872446903 8.84775637764523 8.653399836256417 8.459043294867605 8.264686753478793 8.070330212089981 7.875973670701169 7.681617129312357 7.487260587923214 7.292904046534403
7.0988517669666695 7.249489703233836 7.400127639501002 7.550765575768424 7.70140351203559 7.8520414483027565 8.002679384569921 8.153317320837088 8.303955257104255 8.45459319337142 8.605231129638586 8.593959695986758 8.409603485010715 8.225247274034672 8.040891063058629 7.856534852082586 7.672178641106228 7.487822430130185 7.303466219154143 7.1191100081781 6.934753797202057 6.750397586226014 6.566041375249972 6.557522396373827 6.736977394773691 6.9164323931735545 7.095887391573419 7.275342389973283 7.454797388373147 7.634252386773317 7.813707385173181 7.993162383573045 8.172617381972909 8.352072380372775 8.531527378772637 8.561795488342057 8.432579439921703 8.30336339150135 8.174147343080996 8.044931294660643 7.915715246240289 7.786499197819935 7.657283149399361 7.5280671009790066
7.22073242469121 7.363275597039786 7.5058187693883625 7.648361941737182 7.790905114085757 7.933448286434333 8.075991458782909 8.218534631131485 8.361077803480061 8.503620975828637 8.646164148177213 8.62114983423899 8.417012778871625 8.212875723504258 8.00873866813689 7.804601612769525 7.600464557401811 7.396327502034444 7.192190446667077 6.988053391299711 6.783916335932345 6.579779280564978 6.375642225197611 6.352197554983834 6.521917130448767 6.691636705913698 6.86135628137863 7.031075856843562 7.200795432308494 7.370515007773715 7.540234583238647 7.709954158703578 7.87967373416851 8.049393309633443 8.219112885098374 8.275834599038888 8.211759043586992 8.147683488135096 8.0836079326832 8.019532377231304 7.955456821779409 7.891381266327513 7.827305710875508 7.763230155423612
7.342613082415855 7.477061490845834 7.611509899275813 7.7459583077060215 7.880406716136 8.01485512456598 8.149303532995958 8.283751941425937 8.418200349855917 8.552648758285896 8.687097166715875 8.648339972491247 8.42442207273254 8.200504172973833 7.976586273215125 7.752668373456418 7.528750473697329 7.304832573938622 7.080914674179915 6.856996774421209 6.633078874662502 6.409160974903794 6.185243075145086 6.146872713593666 6.306856866123657 6.466841018653649 6.62682517118364 6.786809323713631 6.946793476243623 7.106777628773886 7.266761781303877 7.426745933833869 7.58673008636386 7.746714238893851 7.906698391423843 7.989873709735474 7.990938647252092 7.992003584768709 7.993068522285326 7.994133459801944 7.995198397318561 7.996263334835179 7.997328272351798 7.998393209868416
7.464493740140395 7.590847384651784 7.717201029163173 7.843554673674778 7.969908318186167 8.096261962697557 8.222615607208946 8.348969251720336 8.475322896231724 8.601676540743114 8.728030185254502 8.67553011074348 8.43183136659345 8.188132622443419 7.944433878293387 7.700735134143358 7.457036389992911 7.213337645842881 6.96963890169285 6.725940157542819 6.482241413392789 6.238542669242758 5.994843925092727 5.941547872203674 6.091796601798733 6.242045331393792 6.39229406098885 6.542542790583909 6.692791520178968 6.843040249774283 6.993288979369342 7.1435377089644 7.293786438559459 7.444035168154517 7.594283897749577 7.703912820432302 7.7701182509173785 7.836323681402455 7.90252911188753 7.968734542372606 8.034939972857682 8.101145403342757 8.167350833827946 8.233556264313021
7.586374397864936 7.7046332784577345 7.822892159050534 7.941151039643534 8.059409920236334 8.177668800829133 8.295927681421933 8.41418656201473 8.53244544260753 8.65070432320033 8.768963203793128 8.702720248995712 8.439240660454358 8.175761071913003 7.912281483371649 7.648801894830294 7.385322306288491 7.121842717747137 6.858363129205783 6.594883540664428 6.331403952123074 6.06792436358172 5.804444775040366 5.736223030813681 5.876736337473807 6.017249644133934 6.15776295079406 6.298276257454187 6.438789564114313 6.579302870774679 6.719816177434806 6.860329484094932 7.000842790755058 7.141356097415185 7.281869404075312 7.417951931129132 7.549297854582666 7.6806437780362 7.8119897014897335 7.943335624943267 8.0746815483968 8.206027471850334 8.337373395304091 8.468719318757625
7.708255055589476 7.8184191722636855 7.928583288937895 8.038747405612291 8.1489115222865 8.25907563896071 8.369239755634919 8.47940387230913 8.589567988983339 8.699732105657548 8.809896222331757 8.729910387247944 8.446649954315268 8.163389521382589 7.880129088449911 7.596868655517233 7.313608222584072 7.030347789651394 6.7470873567187155 6.463826923786038 6.18056649085336 5.897306057920682 5.6140456249880035 5.530898189423688 5.661676073148882 5.792453956874076 5.9232318405992705 6.054009724324465 6.184787608049659 6.315565491775076 6.446343375500271 6.577121259225464 6.707899142950659 6.838677026675853 6.969454910401047 7.131991041825962 7.328477458247954 7.524963874669946 7.721450291091937 7.917936707513928 8.11442312393592 8.310909540357912 8.507395956780238 8.70388237320223
7.830135713314017 7.932205066069637 8.034274418825255 8.136343771581048 8.238413124336667 8.340482477092287 8.442551829847906 8.544621182603525 8.646690535359143 8.748759888114764 8.850829240870382 8.757100525500176 8.454059248176176 8.151017970852173 7.847976693528173 7.54493541620417 7.241894138879653 6.9388528615556515 6.63581158423165 6.332770306907648 6.029729029583647 5.726687752259645 5.423646474935644 5.3255733480336955 5.446615808823958 5.56765826961422 5.688700730404481 5.809743191194743 5.930785651985005 6.051828112775473 6.172870573565734 6.293913034355996 6.414955495146258 6.535997955936519 6.657040416726781 6.846030152522792 7.107657061913241 7.369283971303691 7.630910880694141 7.8925377900845906 8.15416469947504 8.41579160886549 8.677418518256385 8.939045427646835
7.952016371038558 8.045990959875587 8.139965548712617 8.233940137549805 8.327914726386835 8.421889315223863 8.515863904060893 8.609838492897921 8.703813081734951 8.797787670571982 8.89176225940901 8.78429066375241 8.461468542037085 8.13864642032176 7.815824298606435 7.4930021768911095 7.1701800551752335 6.847357933459909 6.524535811744583 6.201713690029258 5.878891568313933 5.556069446598608 5.2332473248832825 5.120248506643703 5.231555544499033 5.342862582354361 5.454169620209691 5.565476658065021 5.67678369592035 5.788090733775869 5.8993977716311985 6.010704809486528 6.122011847341858 6.233318885197187 6.344625923052517 6.560069263219622 6.886836665578529 7.213604067937436 7.540371470296344 7.867138872655252 8.19390627501416 8.520673677373066 8.847441079732532 9.174208482091439
8.073897028763202 8.159776853681635 8.245656678600067 8.331536503518645 8.417416328437078 8.50329615335551 8.589175978273943 8.675055803192375 8.760935628110808 8.846815453029238 8.932695277947671 8.811480802004667 8.468877835898 8.126274869791335 7.783671903684669 7.441068937578003 7.098465971470754 6.755863005364088 6.413260039257422 6.070657073150757 5.728054107044091 5.385451140937425 5.04284817483076 4.914923665253536 5.016495280173924 5.118066895094313 5.219638510014701 5.3212101249350905 5.422781739855479 5.524353354776041 5.62592496969643 5.727496584616818 5.829068199537208 5.930639814457596 6.032211429377985 6.274108373916207 6.666016269243628 7.057924164571049 7.44983205989847 7.841739955225892 8.233647850553313 8.625555745880733 9.017463641208822 9.409371536536243
8.338222160601243 8.409107542060474 8.479992923519704 8.550878304979056 8.621763686438289 8.69264906789752 8.76353444935675 8.834419830815982 8.905305212275215 8.976190593734445 9.047075975193676 8.909245425794637 8.548292827099164 8.187340228403693 7.826387629708221 7.465435031012749 7.1044824323166615 6.74352983362119 6.382577234925718 6.021624636230246 5.660672037534775 5.299719438839303 4.938766840143831 4.797919611530473 4.8923700007199065 4.986820389909341 5.081270779098775 5.1757211682882085 5.270171557477642 5.364621946667238 5.459072335856671 5.553522725046105 5.647973114235539 5.742423503424973 5.836873892614407 6.102217600838524 6.550250131827088 6.998282662815652 7.446315193804216 7.8943477247927785 8.342380255781343 8.790412786769906 9.238445317759233 9.686477848747797
8.754811454027283 8.803327069628779 8.851842685230272 8.900358300831849 8.948873916433344 8.997389532034838 9.045905147636333 9.094420763237826 9.142936378839321 9.191451994440815 9.23996761004231 9.082449724846041 8.704677368739594 8.326905012633144 7.949132656526696 7.571360300420247 7.193587944313154 6.815815588206705 6.438043232100256 6.060270875993808 5.682498519887359 5.30472616378091 4.926953807674462 4.775324911126246 4.865448486568528 4.95557206201081 5.045695637453092 5.135819212895375 5.225942788337657 5.316066363780093 5.406189939222376 5.496313514664658 5.586437090106941 5.676560665549223 5.766684240991505 6.052260589792778 6.546780373438061 7.041300157083343 7.535819940728627 8.03033972437391 8.524859508019192 9.019379291664475 9.5138990753106 10.008418858955885
9.171400747453326 9.197546597197082 9.22369244694084 9.249838296684642 9.2759841464284 9.302129996172155 9.328275845915913 9.35442169565967 9.380567545403428 9.406713395147184 9.432859244890942 9.255654023897447 8.861061910380021 8.466469796862595 8.07187768334517 7.6772855698277445 7.282693456309646 6.88810134279222 6.493509229274794 6.098917115757368 5.704325002239943 5.309732888722517 4.915140775205092 4.752730210722018 4.838526972417149 4.92432373411228 5.010120495807411 5.095917257502541 5.181714019197672 5.267510780892949 5.35330754258808 5.439104304283211 5.524901065978342 5.610697827673472 5.696494589368603 6.002303578747031 6.543310615049034 7.084317651351036 7.625324687653038 8.16633172395504 8.707338760257043 9.248345796559045 9.789352832861969 10.330359869163972
9.587990040879365 9.591766124765385 9.595542208651406 9.599318292537433 9.603094376423453 9.606870460309473 9.610646544195493 9.614422628081513 9.618198711967533 9.621974795853554 9.625750879739574 9.428858322948852 9.01744645202045 8.606034581092047 8.194622710163644 7.783210839235242 7.371798968306138 6.960387097377735 6.548975226449333 6.13756335552093 5.726151484592528 5.314739613664124 4.903327742735722 4.730135510317791 4.81160545826577 4.893075406213749 4.974545354161728 5.056015302109708 5.137485250057687 5.218955198005805 5.300425145953785 5.381895093901764 5.463365041849743 5.544834989797722 5.626304937745701 5.952346567701285 6.539840856660006 7.127335145618728 7.7148294345774495 8.30232372353617 8.889818012494892 9.477312301453615 10.064806590413339 10.65230087937206
10.004579334305406 9.985985652333689 9.967391970361973 9.948798288390224 9.930204606418508 9.91161092444679 9.893017242475075 9.874423560503358 9.855829878531642 9.837236196559925 9.818642514588209 9.60206262200026 9.17383099366088 8.7455993653215 8.31736773698212 7.88913610864274 7.46090448030263 7.03267285196325 6.604441223623871 6.17620959528449 5.747977966945111 5.319746338605731 4.891514710266351 4.707540809913564 4.784683944114391 4.861827078315219 4.938970212516047 5.016113346716875 5.093256480917702 5.1703996151186615 5.247542749319489 5.324685883520317 5.401829017721145 5.478972151921972 5.556115286122799 5.902389556655539 6.53637109827098 7.170352639886421 7.804334181501861 8.438315723117302 9.072297264732743 9.706278806348184 10.340260347964707 10.974241889580147
10.421168627731447 10.380205179901994 10.33924173207254 10.298278284243017 10.257314836413563 10.21635138858411 10.175387940754655 10.134424492925202 10.093461045095749 10.052497597266296 10.01153414943684 9.775266921051665 9.330215535301308 8.88516414955095 8.440112763800595 7.995061378050238 7.550009992299122 7.104958606548765 6.6599072207984085 6.214855835048052 5.769804449297695 5.324753063547338 4.879701677796981 4.684946109509336 4.757762429963012 4.830578750416689 4.903395070870364 4.976211391324041 5.0490277117777165 5.121844032231517 5.194660352685193 5.267476673138869 5.340292993592546 5.413109314046221 5.485925634499898 5.852432545609792 6.532901339881953 7.213370134154113 7.893838928426273 8.574307722698434 9.254776516970594 9.935245311242754 10.615714105516076 11.296182899788235
10.837757921157845 10.774424707470635 10.711091493783425 10.647758280096108 10.584425066408897 10.521091852721687 10.457758639034477 10.394425425347269 10.331092211660058 10.267758997972848 10.204425784285638 9.948471220103217 9.486600076941869 9.024728933780521 8.562857790619173 8.100986647457825 7.63911550429569 7.177244361134342 6.715373217972994 6.253502074811646 5.791630931650297 5.329759788488949 4.867888645327601 4.6623514091050895 4.73084091581161 4.799330422518131 4.867819929224652 4.9363094359311726 5.004798942637693 5.073288449344331 5.141777956050852 5.210267462757373 5.278756969463894 5.347246476170414 5.415735982876935 5.802475534564002 6.529431581492922 7.256387628421842 7.983343675350762 8.71029972227968 9.437255769208601 10.16421181613752 10.891167863067679 11.618123909996598
