Figures/CREST_Example_wjb_NSE/Rolling_result/20100722/BJP_forecast/ens_16/wjb.rain.20100724.asc
ncols            288
nrows            254
xllcorner        113.274861
yllcorner        31.4918055
cellsize         0.008333333333
NODATA_value     -9999
[rows 140 to 159 of 254, columns 90 to 134 of 288]
0.7908141468061392 0.804612026010199 0.8184099052142353 0.8322077844182716 0.8460056636223078 0.8598035428263441 0.8736014220303804 0.8873993012344167 0.901197180438453 0.926170892460143 0.9630918224570744 1.000012752454006 1.0369336824509374 1.0738546124478687 1.1107755424448633 1.1476964724417946 1.1846174024387262 1.2215383324356577 1.2584592624325892 1.2953801924295205 1.332301122426452 1.3529741008753884 1.3562776517088508 1.359581202542313 1.3628847533757753 1.3661883042092378 1.3694918550427 1.372795405876168 1.3760989567096302 1.3794025075430927 1.382706058376555 1.3860096092100171 1.3893131600434796 1.3830893194208393 1.3666804818716773 1.3502716443225153 1.3338628067733533 1.3174539692241913 1.3010451316750293 1.2846362941258673 1.2682274565766773 1.2518186190275151 1.2354097814783531 1.2190009439291911 1.2025921063800291
0.896490775997737 0.9121324681509794 0.927774160304195 0.9434158524574107 0.9590575446106263 0.9746992367638421 0.9903409289170577 1.0059826210702734 1.021624313223489 1.0450836758115014 1.0769003048571488 1.1087169339027962 1.1405335629484437 1.1723501919940913 1.204166821039793 1.2359834500854405 1.267800079131088 1.2996167081767354 1.331433337222383 1.3632499662680304 1.3950665953136778 1.4106261921361463 1.4088066538960302 1.406987115655914 1.405167577415798 1.4033480391756816 1.4015285009355654 1.3997089626954462 1.39788942445533 1.3960698862152139 1.3942503479750976 1.3924308097349813 1.3906112714948653 1.3822670234652266 1.3669477131156529 1.351628402766079 1.336309092416505 1.3209897820669312 1.3056704717173573 1.2903511613677834 1.2750318510181835 1.2597125406686096 1.2443932303190357 1.2290739199694618 1.213754609619888
1.0021674051893348 1.0196529102917598 1.0371384153941547 1.0546239204965497 1.072109425598945 1.08959493070134 1.107080435803735 1.1245659409061302 1.1420514460085252 1.1639964591628598 1.190708787257223 1.2174211153515866 1.2441334434459501 1.2708457715403136 1.2975580996347227 1.3242704277290862 1.3509827558234495 1.377695083917813 1.4044074120121766 1.43111974010654 1.4578320682009034 1.4682782833969041 1.4613356560832094 1.4543930287695146 1.44745040145582 1.4405077741421253 1.4335651468284307 1.4266225195147242 1.4196798922010294 1.4127372648873349 1.40579463757364 1.3988520102599455 1.3919093829462508 1.3814447275096138 1.367214944359628 1.3529851612096422 1.3387553780596566 1.3245255949096708 1.3102958117596852 1.2960660286096994 1.2818362454596894 1.2676064623097036 1.253376679159718 1.2391468960097323 1.2249171128597465
1.1078440343809326 1.12717335243254 1.1465026704841144 1.165831988535689 1.1851613065872633 1.2044906246388378 1.2238199426904122 1.2431492607419865 1.262478578793561 1.282909242514218 1.3045172696572973 1.3261252968003767 1.3477333239434564 1.3693413510865358 1.390949378229652 1.4125574053727317 1.434165432515811 1.4557734596588907 1.4773814868019701 1.4989895139450495 1.5205975410881292 1.5259303746576618 1.5138646582703885 1.5017989418831155 1.4897332254958422 1.4776675091085691 1.4656017927212959 1.4535360763340022 1.4414703599467291 1.4294046435594558 1.4173389271721828 1.4052732107849097 1.3932074943976365 1.380622431554001 1.3674821756036033 1.3543419196532058 1.3412016637028081 1.3280614077524107 1.314921151802013 1.3017808958516155 1.2886406399011956 1.275500383950798 1.2623601280004004 1.2492198720500027 1.2360796160996053
1.2135206635726208 1.2346937945734122 1.2558669255741677 1.277040056574923 1.2982131875756784 1.3193863185764338 1.340559449577189 1.3617325805779446 1.3829057115787 1.4018220258656777 1.418325752057469 1.43482947824926 1.4513332044410512 1.4678369306328423 1.4843406568246615 1.5008443830164526 1.5173481092082437 1.5338518354000348 1.550355561591826 1.5668592877836172 1.5833630139754082 1.5835824659184685 1.5663936604576125 1.5492048549967565 1.5320160495359005 1.5148272440750445 1.4976384386141885 1.4804496331533032 1.4632608276924473 1.4460720222315913 1.428883216770735 1.4116944113098793 1.394505605849023 1.3798001355983873 1.3677494068475788 1.3556986780967704 1.3436479493459619 1.3315972205951534 1.319546491844345 1.3074957630935364 1.2954450343427073 1.283394305591899 1.2713435768410906 1.259292848090282 1.2472421193394736
1.2608731690921122 1.2821964012043914 1.303519633316634 1.3248428654288766 1.3461660975411194 1.3674893296533621 1.3888125617656049 1.4101357938778474 1.4314590259900901 1.4482607058325432 1.4602287440632238 1.4721967822939042 1.4841648205245848 1.4961328587552654 1.5081008969859662 1.5200689352166468 1.5320369734473274 1.5440050116780077 1.5559730499086883 1.567941088139369 1.5799091263700493 1.5773271111170084 1.5591907596733252 1.541054408229642 1.522918056785959 1.5047817053422758 1.4866453538985926 1.4685090024548786 1.4503726510111954 1.4322362995675124 1.4140999481238292 1.395963596680146 1.3778272452364628 1.3640298428452147 1.3548708751154372 1.3457119073856596 1.3365529396558822 1.3273939719261045 1.318235004196327 1.3090760364665495 1.2999170687367565 1.2907581010069789 1.2815991332772014 1.2724401655474238 1.2632811978176464
1.245880863070229 1.2655437251085195 1.2852065871467766 1.3048694491850337 1.3245323112232907 1.3441951732615478 1.3638580352998049 1.383520897338062 1.403183759376319 1.4172291379387065 1.425269299650273 1.4333094613618396 1.4413496230734062 1.4493897847849728 1.4574299464965532 1.4654701082081198 1.4735102699196865 1.481550431631253 1.4895905933428197 1.4976307550543864 1.505670916765953 1.5027587251033008 1.488138220020914 1.473517714938527 1.4588972098561401 1.4442767047737533 1.4296561996913664 1.4150356946089546 1.4004151895265677 1.3857946844441809 1.371174179361794 1.3565536742794073 1.3419331691970204 1.332281083814449 1.327940351450744 1.3235996190870387 1.3192588867233337 1.3149181543596287 1.3105774219959236 1.3062366896322184 1.301895957268506 1.297555224904801 1.2932144925410958 1.2888737601773907 1.2845330278136857
1.2308885570483459 1.248891049012648 1.2668935409769195 1.284896032941191 1.3028985249054623 1.3209010168697337 1.338903508834005 1.3569060007982765 1.3749084927625481 1.3861975700448699 1.3903098552373225 1.3944221404297754 1.398534425622228 1.4026467108146807 1.4067589960071405 1.4108712811995932 1.414983566392046 1.4190958515844987 1.4232081367769513 1.427320421969404 1.4314327071618569 1.4281903390895934 1.4170856803685028 1.4059810216474122 1.3948763629263217 1.3837717042052309 1.3726670454841403 1.3615623867630309 1.3504577280419403 1.3393530693208495 1.328248410599759 1.3171437518786684 1.3060390931575778 1.300532324783683 1.3010098277860505 1.301487330788418 1.3019648337907854 1.3024423367931528 1.3029198397955202 1.3033973427978875 1.3038748458002558 1.3043523488026232 1.3048298518049906 1.305307354807358 1.3057848578097253
1.2158962510264628 1.2322383729167763 1.2485804948070622 1.264922616697348 1.281264738587634 1.2976068604779196 1.3139489823682053 1.3302911042584913 1.346633226148777 1.3551660021510334 1.3553504108243721 1.355534819497711 1.3557192281710497 1.3559036368443886 1.3560880455177278 1.3562724541910665 1.3564568628644054 1.356641271537744 1.356825680211083 1.3570100888844217 1.3571944975577606 1.353621953075886 1.3460331407160915 1.3384443283562972 1.330855515996503 1.3232667036367087 1.3156778912769143 1.3080890789171071 1.3005002665573127 1.2929114541975184 1.2853226418377242 1.27773382947793 1.2701450171181354 1.2687835657529176 1.2740793041213574 1.2793750424897972 1.2846707808582372 1.289966519226677 1.2952622575951167 1.3005579959635565 1.3058537343320054 1.3111494727004454 1.3164452110688851 1.321740949437325 1.3270366878057647
1.2009039450045795 1.2155856968209047 1.230267448637205 1.244949200453505 1.2596309522698053 1.2743127040861053 1.2889944559024056 1.3036762077187058 1.318357959535006 1.3241344342571966 1.3203909664114215 1.3166474985656464 1.3129040307198714 1.3091605628740963 1.3054170950283148 1.3016736271825398 1.2979301593367647 1.2941866914909894 1.2904432236452144 1.2866997557994393 1.2829562879536642 1.2790535670621783 1.2749806010636804 1.2709076350651822 1.2668346690666843 1.2627617030681861 1.2586887370696882 1.2546157710711832 1.250542805072685 1.246469839074187 1.242396873075689 1.238323907077191 1.234250941078693 1.2370348067221517 1.247148780456664 1.2572627541911765 1.2673767279256887 1.277490701660201 1.2876046753947132 1.2977186491292256 1.3078326228637551 1.3179465965982675 1.3280605703327797 1.338174544067292 1.3482885178018043
1.1859116389826834 1.1989330207250188 1.2119544024673319 1.2249757842096451 1.2379971659519582 1.2510185476942715 1.2640399294365845 1.2770613111788978 1.2900826929212108 1.2931028663633337 1.2854315219984414 1.277760177633549 1.2700888332686566 1.2624174889037643 1.2547461445388588 1.2470748001739664 1.239403455809074 1.2317321114441817 1.2240607670792893 1.216389422714397 1.2087180783495046 1.2044851810484072 1.2039280614112084 1.2033709417740097 1.202813822136811 1.2022567024996123 1.2016995828624135 1.2011424632252137 1.200585343588015 1.2000282239508162 1.1994711043136175 1.1989139846764187 1.19835686503922 1.2052860476913592 1.220218256791948 1.2351504658925367 1.2500826749931258 1.2650148840937145 1.2799470931943033 1.2948793022948923 1.3098115113955067 1.3247437204960955 1.3396759295966842 1.3546081386972733 1.369540347797862
1.1709193329608003 1.1822803446291472 1.1936413562974748 1.2050023679658022 1.2163633796341298 1.2277243913024574 1.239085402970785 1.2504464146391123 1.26180742630744 1.262071298469497 1.250472077585491 1.2388728567014846 1.2272736358174783 1.2156744149334722 1.204075194049446 1.1924759731654397 1.1808767522814336 1.1692775313974273 1.157678310513421 1.1460790896294148 1.1344798687454085 1.1299167950347 1.1328755217587974 1.135834248482895 1.1387929752069925 1.1417517019310899 1.1447104286551875 1.14766915537929 1.1506278821033875 1.1535866088274849 1.1565453355515825 1.1595040622756798 1.1624627889997774 1.1735372886605933 1.1932877331272547 1.2130381775939159 1.2327886220605773 1.2525390665272387 1.2722895109938999 1.2920399554605613 1.3117903999272562 1.3315408443939174 1.3512912888605788 1.3710417333272402 1.3907921777939014
1.1559270269389172 1.1656276685332756 1.1753283101276175 1.1850289517219594 1.1947295933163014 1.2044302349106433 1.2141308765049852 1.223831518099327 1.233532159693669 1.2310397305756606 1.2155126331725405 1.1999855357694202 1.1844584383663002 1.1689313409631799 1.1534042435600333 1.137877146156913 1.122350048753793 1.1068229513506727 1.0912958539475526 1.0757687565444325 1.0602416591413122 1.0553484090209924 1.0618229821063863 1.06829755519178 1.0747721282771738 1.0812467013625675 1.0877212744479612 1.094195847533366 1.1006704206187599 1.1071449937041535 1.1136195667895474 1.120094139874941 1.1265687129603348 1.1417885296298276 1.1663572094625614 1.1909258892952952 1.215494569128029 1.2400632489607626 1.2646319287934964 1.2892006086262302 1.313769288459006 1.3383379682917398 1.3629066481244734 1.3874753279572072 1.412044007789941
1.140934720917034 1.148974992437404 1.1570152639577602 1.1650555354781165 1.1730958069984727 1.181136078518829 1.1891763500391852 1.1972166215595417 1.205256893079898 1.200008162681824 1.18055318875959 1.1610982148373556 1.1416432409151216 1.1221882669928875 1.1027332930706204 1.0832783191483863 1.0638233452261523 1.0443683713039182 1.0249133973816842 1.0054584234594501 0.986003449537216 0.980780023007285 0.9907704424539749 1.000760861900665 1.010751281347355 1.0207417007940451 1.0307321202407351 1.0407225396874422 1.0507129591341322 1.0607033785808222 1.0706937980275122 1.0806842174742022 1.0906746369208924 1.110039770599062 1.139426685797868 1.1688136009966743 1.1982005161954805 1.2275874313942867 1.256974346593093 1.2863612617918994 1.3157481769907557 1.345135092189562 1.3745220073883682 1.4039089225871744 1.4332958377859806
1.1259424148951507 1.1323223163415324 1.138702217787903 1.1450821192342737 1.1514620206806443 1.1578419221270149 1.1642218235733857 1.1706017250197562 1.176981626466127 1.1689765947879873 1.1455937443466393 1.1222108939052915 1.0988280434639435 1.0754451930225954 1.0520623425812077 1.0286794921398597 1.0052966416985116 0.9819137912571636 0.9585309408158156 0.9351480903744677 0.9117652399331198 0.9062116369935774 0.9197179028015637 0.93322416860955 0.9467304344175363 0.9602367002255227 0.973742966033509 0.9872492318415182 1.0007554976495046 1.0142617634574909 1.0277680292654772 1.0412742950734635 1.0547805608814498 1.078291011568296 1.1124961621331746 1.1467013126980534 1.180906463262932 1.2151116138278109 1.2493167643926895 1.2835219149575683 1.3177270655225053 1.351932216087384 1.3861373666522627 1.4203425172171413 1.4545476677820202
1.1109501088732676 1.1156696402456607 1.1203891716180459 1.1251087029904308 1.1298282343628159 1.1345477657352008 1.139267297107586 1.143986828479971 1.148706359852356 1.137945026894151 1.110634299933689 1.0833235729732271 1.0560128460127651 1.0287021190523034 1.0013913920917947 0.974080665131333 0.9467699381708711 0.9194592112104092 0.8921484842499472 0.8648377572894854 0.8375270303290234 0.83164325097987 0.8486653631491526 0.8656874753184352 0.8827095874877178 0.8997316996570004 0.9167538118262829 0.9337759239955945 0.9507980361648771 0.9678201483341597 0.9848422605034423 1.0018643726727248 1.0188864848420074 1.0465422525375305 1.0855656384684815 1.1245890243994328 1.163612410330384 1.202635796261335 1.2416591821922862 1.2806825681232374 1.319705954054255 1.3587293399852063 1.3977527259161573 1.4367761118471085 1.4757994977780597
1.0959578028513843 1.099016964149789 1.1020761254481883 1.1051352867465878 1.1081944480449872 1.1112536093433867 1.1143127706417861 1.1173719319401854 1.1204310932385848 1.106913459000314 1.0756748555207383 1.0444362520411625 1.0131976485615868 0.9819590450820109 0.9507204416023819 0.9194818381228061 0.8882432346432303 0.8570046311636546 0.8257660276840788 0.794527424204503 0.7632888207249271 0.7570748649661625 0.7776128234967413 0.7981507820273203 0.8186887405578991 0.8392266990884779 0.8597646576190567 0.8803026161496706 0.9008405746802495 0.9213785332108283 0.9419164917414071 0.9624544502719861 0.9829924088025649 1.0147934935067646 1.0586351148037882 1.1024767361008119 1.1463183573978355 1.1901599786948591 1.2340015999918827 1.2778432212889064 1.3216848425860048 1.3655264638830285 1.409368085180052 1.4532097064770757 1.4970513277740993
1.1027708043764417 1.1025901869717796 1.1024095695671179 1.102228952162456 1.1020483347577943 1.1018677173531324 1.1016870999484707 1.101506482543809 1.101325865139147 1.0853553602261805 1.0525051085467565 1.0196548568673323 0.9868046051879081 0.953954353508484 0.9211041018290038 0.8882538501495797 0.8554035984701556 0.8225533467907314 0.7897030951113073 0.7568528434318832 0.7240025917524591 0.7176191185202823 0.7395292299345333 0.7614393413487843 0.7833494527630354 0.8052595641772864 0.8271696755915374 0.8490797870058258 0.8709898984200768 0.8929000098343278 0.9148101212485789 0.9367202326628299 0.9586303440770809 0.9914727450367492 1.0360020107518912 1.0805312764670332 1.125060542182175 1.169589807897317 1.214119073612459 1.2586483393276011 1.3031776050428188 1.347706870757961 1.3922361364731028 1.4367654021882448 1.4812946679033867
1.1328923051405653 1.1277836207686287 1.122674936396701 1.117566252024773 1.1124575676528452 1.1073488832809175 1.1022401989089896 1.0971315145370617 1.092022830165134 1.073923802767436 1.041937804954712 1.0099518071419882 0.9779658093292644 0.9459798115165404 0.913993813703762 0.882007815891038 0.8500218180783141 0.8180358202655902 0.7860498224528663 0.7540638246401423 0.7220778268274184 0.7156965703972621 0.7366873614983726 0.757678152599483 0.7786689437005935 0.7996597348017039 0.8206505259028144 0.8416413170039607 0.8626321081050712 0.8836228992061816 0.9046136903072921 0.9256044814084026 0.946595272509513 0.9771610085845744 1.0179625773721508 1.058764146159727 1.0995657149473033 1.1403672837348797 1.181168852522456 1.2219704213100322 1.2627719900976782 1.3035735588852544 1.3443751276728306 1.385176696460407 1.4259782652479833
1.1630138059046893 1.1529770545654783 1.1429403032262844 1.1329035518870905 1.1228668005478966 1.1128300492087027 1.1027932978695087 1.0927565465303148 1.082719795191121 1.0624922453086916 1.031370501362668 1.000248757416644 0.9691270134706205 0.9380052695245967 0.9068835255785199 0.8757617816324963 0.8446400376864726 0.8135182937404488 0.7823965497944252 0.7512748058484016 0.7201530619023778 0.7137740222742417 0.7338454930622116 0.7539169638501816 0.7739884346381515 0.7940599054261214 0.8141313762140914 0.8342028470020955 0.8542743177900654 0.8743457885780354 0.8944172593660052 0.9144887301539752 0.9345602009419451 0.9628492721323997 0.9999231439924103 1.0369970158524209 1.0740708877124316 1.1111447595724422 1.148218631432453 1.1852925032924635 1.2223663751525373 1.2594402470125479 1.2965141188725586 1.3335879907325694 1.37066186259258
