Figures/CREST_Example_wjb_NSE/Rolling_result/20100722/BJP_forecast/ens_16/wjb.rain.20100727.asc
ncols            288
nrows            254
xllcorner        113.274861
yllcorner        31.4918055
cellsize         0.008333333333
NODATA_value     -9999
[rows 140 to 159 of 254, columns 180 to 224 of 288]
0.36499424293689414 0.35571909228475845 0.34644394163260694 0.32789106704066023 0.2994200956479909 0.2709491242553216 0.24247815286265223 0.2140071814699829 0.18553621007731358 0.15706523868464425 0.12859426729197493 0.1001232958993056 0.07165232450663628 0.043181353113966925 0.014710381721297627 0.02016750777379402 0.06189453769037338 0.10362156760695275 0.1453485975235321 0.18707562744011147 0.22880265735669084 0.2705296872732702 0.31225671718984954 0.35398374710642894 0.3957107770230083 0.43743780693958767 0.479164836856167 0.5058814443269058 0.5165515705295424 0.5272216967321608 0.5378918229347791 0.5485619491373975 0.5592320753400158 0.5699022015426343 0.5805723277452526 0.591242453947871 0.6019125801504893 0.6125827063531077 0.623252832555726 0.6158332612033589 0.5890753937726235 0.5623175263418425 0.535559658911107 0.5088017914803716 0.48204392404963625
0.413768485815184 0.4032538952009275 0.3927393045866532 0.3717072062015944 0.3394316540502993 0.30715610189900416 0.27488054974770904 0.24260499759641393 0.2103294454451188 0.1780538932938237 0.14577834114252858 0.11350278899123345 0.08122723683993832 0.04895168468864319 0.01667613253734812 0.022083336779472405 0.06777426025849136 0.11346518373751031 0.15915610721652926 0.20484703069554822 0.25053795417456715 0.29622887765358613 0.34191980113260506 0.38761072461162405 0.433301648090643 0.47899257156966196 0.5246834950486808 0.5539419015074409 0.5656335754172162 0.5773252493269715 0.5890169232367268 0.6007085971464822 0.6124002710562375 0.6240919449659929 0.6357836188757482 0.6474752927855035 0.6591669666952589 0.6708586406050141 0.6825503145147696 0.6749049355137239 0.6465878093297585 0.6182706831457447 0.5899535569617794 0.561636430777814 0.5333193045938486
0.4625427286934738 0.45078869811709654 0.4390346675406993 0.41552334536252855 0.37944321245260765 0.34336307954268674 0.3072829466327659 0.27120281372284494 0.23512268081292403 0.19904254790300313 0.16296241499308223 0.12688228208316132 0.09080214917324042 0.05472201626331952 0.018641883353398614 0.023999165785150794 0.07365398282660934 0.12330879986806789 0.17296361690952644 0.222618433950985 0.27227325099244354 0.3219280680339021 0.37158288507536064 0.4212377021168192 0.47089251915827773 0.5205473361997363 0.5702021532411948 0.6020023586879759 0.6147155803048899 0.6274288019217822 0.6401420235386744 0.6528552451555668 0.6655684667724591 0.6782816883893513 0.6909949100062436 0.703708131623136 0.7164213532400282 0.7291345748569205 0.7418477964738128 0.7339766098240886 0.7041002248868933 0.674223839949647 0.6443474550124516 0.6144710700752563 0.5845946851380609
0.5113169715717636 0.4983235010332656 0.48533003049474555 0.45933948452346274 0.419454770854916 0.3795700571863693 0.33968534351782265 0.2998006298492759 0.25991591618072923 0.22003120251218256 0.18014648884363582 0.14026177517508914 0.10037706150654246 0.06049234783799573 0.02060763416944905 0.02591499479082918 0.07953370539472732 0.13315241599862546 0.1867711266025236 0.24038983720642174 0.2940085478103199 0.34762725841421804 0.40124596901811616 0.4548646796220143 0.5084833902259125 0.5621021008298106 0.6157208114337087 0.650062815868511 0.6637975851925637 0.6775323545165929 0.6912671238406222 0.7050018931646514 0.7187366624886806 0.7324714318127099 0.7462062011367392 0.7599409704607685 0.7736757397847976 0.7874105091088269 0.8011452784328562 0.7930482841344535 0.7616126404440282 0.7301769967535493 0.6987413530631239 0.6673057093726986 0.6358700656822733
0.560091214450095 0.5458583039494753 0.5316253934488313 0.5031556236844343 0.4594663292572586 0.4157770348300828 0.3720877404029071 0.32839844597573137 0.28470915154855564 0.2410198571213799 0.19733056269420418 0.1536412682670284 0.10995197383985267 0.06626267941267694 0.02257338498550121 0.0278308237965092 0.08541342796285031 0.14299603212919143 0.20057863629553255 0.25816124046187366 0.31574384462821475 0.3733264487945559 0.430909052960897 0.48849165712723813 0.5460742612935793 0.6036568654599204 0.6612394696262615 0.698123273049087 0.7128795900802792 0.7276359071114463 0.7423922241426134 0.7571485411737805 0.7719048582049476 0.7866611752361147 0.8014174922672818 0.8161738092984488 0.8309301263296159 0.845686443360783 0.8604427603919501 0.8521199584448688 0.8191250560012121 0.7861301535574993 0.7531352511138426 0.7201403486701861 0.6871454462265294
0.6695476134936328 0.6457497151260152 0.6219518167583569 0.5851010106194434 0.5342963507501877 0.4834916908809318 0.43268703101167605 0.3818823711424203 0.33107771127316454 0.28027305140390874 0.22946839153465298 0.17866373166539717 0.12785907179614142 0.07705441192688567 0.026249752057629916 0.028113800584897982 0.08628189012936496 0.14444997967383197 0.20261806921829895 0.26078615876276595 0.3189542483072329 0.3771223378516999 0.4352904273961669 0.49345851694063386 0.5516266064851009 0.6097946960295678 0.6679627855740349 0.7048692233935976 0.7190464743855668 0.7332237253775118 0.7474009763694569 0.7615782273614019 0.7757554783533469 0.7899327293452919 0.8041099803372369 0.818287231329182 0.832464482321127 0.846641733313072 0.8608189843050171 0.8633990578328599 0.853581486193198 0.8437639145535193 0.8339463429138574 0.8241287712741955 0.8143111996345336
0.8438694121669295 0.8016070400518858 0.7593446679367701 0.7078041598151132 0.646345114383999 0.5848860689528849 0.5234270235217707 0.46196797809065654 0.4005089326595424 0.3390498872284282 0.2775908417973141 0.21613179636619995 0.1546727509350858 0.09321370550397157 0.03175466007285743 0.02665136128552612 0.08179363082880457 0.13693590037208303 0.1920781699153615 0.24722043945863995 0.3023627090019184 0.35750497854519686 0.4126472480884753 0.46778951763175375 0.5229317871750322 0.5780740567183107 0.6332163262615892 0.6674525703341135 0.6793398000922567 0.6912270298503795 0.7031142596085025 0.7150014893666253 0.7268887191247483 0.7387759488828711 0.7506631786409941 0.7625504083991169 0.7744376381572398 0.7863248679153627 0.7982120976734856 0.8235909074001145 0.863392521444113 0.9031941354881795 0.9429957495321779 0.9827973635761764 1.022598977620175
1.018191210840226 0.9574643649777563 0.8967375191151832 0.830507309010783 0.7583938780178104 0.6862804470248378 0.6141670160318653 0.5420535850388928 0.4699401540459202 0.39782672305294764 0.3257132920599751 0.2535998610670025 0.18148643007402998 0.10937299908105746 0.03725956808808484 0.025188921986154255 0.07730537152824418 0.12942182107033412 0.18153827061242403 0.23365472015451397 0.2857711696966039 0.3378876192386938 0.39000406878078375 0.4421205183228737 0.4942369678649636 0.5463534174070536 0.5984698669491434 0.6300359172746295 0.6396331257989466 0.6492303343232473 0.6588275428475481 0.6684247513718489 0.6780219598961496 0.6876191684204503 0.6972163769447511 0.7068135854690518 0.7164107939933526 0.7260080025176534 0.7356052110419541 0.7837827569673693 0.8732035566950282 0.9626243564228396 1.0520451561504984 1.1414659558781575 1.2308867556058163
1.1925130095135226 1.1133216899036271 1.0341303702935964 0.953210458206453 0.870442641651622 0.7876748250967911 0.7049070085419601 0.6221391919871291 0.5393713754322982 0.4566035588774672 0.3738357423226363 0.29106792576780527 0.20830010921297437 0.12553229265814336 0.042764476103312465 0.023726482686782388 0.07281711222768378 0.12190774176858517 0.17099837130948656 0.22008900085038793 0.26917963039128934 0.3182702599321907 0.3673608894730921 0.4164515190139935 0.4655421485548949 0.5146327780957963 0.5637234076366977 0.5926192642151453 0.5999264515056364 0.607233638796115 0.6145408260865937 0.6218480133770723 0.6291552006675508 0.6364623879580295 0.6437695752485081 0.6510767625389867 0.6583839498294654 0.665691137119944 0.6729983244104226 0.743974606534624 0.8830145919459433 1.0220545773574998 1.161094562768819 1.3001345481801383 1.4391745335914576
1.3668348081868191 1.2691790148294977 1.1715232214720097 1.0759136074021227 0.9824914052854334 0.889069203168744 0.7956470010520547 0.7022247989353654 0.608802596818676 0.5153803947019867 0.4219581925852973 0.32853599046860793 0.23511378835191865 0.14169158623522926 0.04826938411853998 0.022264043387410525 0.06832885292712339 0.11439366246683624 0.1604584720065491 0.20652328154626196 0.2525880910859748 0.29865290062568767 0.34471771016540054 0.3907825197051134 0.4368473292448262 0.4829121387845391 0.528976948324252 0.5552026111556613 0.5602197772123263 0.5652369432689828 0.5702541093256392 0.5752712753822957 0.5802884414389523 0.5853056074956088 0.5903227735522653 0.5953399396089217 0.6003571056655782 0.6053742717222347 0.6103914377788913 0.7041664561018788 0.8928256271968584 1.0814847982921598 1.2701439693871395 1.4588031404821193 1.6474623115770988
1.5411566068602645 1.4250363397555013 1.3089160726505402 1.1986167565978973 1.0945401689193406 0.9904635812407837 0.8863869935622268 0.7823104058836701 0.6782338182051132 0.5741572305265563 0.47008064284799955 0.3660040551694427 0.2619274674908858 0.15785087981232904 0.05377429213377205 0.020801604088037412 0.06384059362655915 0.10687958316508091 0.14991857270360265 0.1929575622421244 0.23599655178064613 0.27903554131916786 0.3220745308576896 0.36511352039621137 0.4081525099347331 0.4511914994732549 0.49423048901177663 0.5177859580961452 0.5205131029189823 0.5232402477418148 0.5259673925646472 0.5286945373874795 0.5314216822103119 0.5341488270331444 0.5368759718559768 0.5396031166788092 0.5423302615016417 0.5450574063244741 0.5477845511473065 0.6643583056690996 0.902636662447782 1.1409150192268707 1.379193376005553 1.6174717327842354 1.8557500895629178
1.7154784055335608 1.5808936646813718 1.4463089238289533 1.3213199057935672 1.206588932553152 1.0918579593127369 0.9771269860723215 0.8623960128319064 0.7476650395914911 0.6329340663510759 0.5182030931106607 0.40347211987024545 0.2887411466298302 0.17401017338941505 0.0592792001489999 0.01933916478866555 0.05935233432599876 0.09936550386333198 0.1393786734006652 0.1793918429379984 0.21940501247533162 0.2594181820126648 0.29943135154999806 0.33944452108733125 0.3794576906246645 0.4194708601619977 0.4594840296993309 0.4803693050366612 0.48080642862567224 0.4812435522146825 0.4816806758036928 0.48211779939270305 0.4825549229817133 0.4829920465707236 0.48342917015973386 0.4838662937487441 0.4843034173377544 0.48474054092676466 0.485177664515775 0.6245501552363543 0.912447697698697 1.2003452401615307 1.4882427826238736 1.7761403250862162 2.064037867548559
1.8898002042068573 1.7367509896072424 1.5837017750073665 1.444023054989237 1.3186376961869635 1.1932523373846897 1.0678669785824162 0.9424816197801426 0.8170962609778689 0.6917109021755954 0.5663255433733217 0.4409401845710481 0.3155548257687746 0.19016946696650083 0.0647841081642273 0.017876725489293685 0.05486407502543837 0.09185142456158306 0.12883877409772773 0.16582612363387242 0.2028134731700171 0.2398008227061618 0.27678817224230645 0.31377552177845114 0.3507628713145958 0.3877502208507405 0.4247375703868852 0.44295265197717715 0.44109975433236215 0.43924685668755026 0.4373939590427384 0.43554106139792653 0.4336881637531147 0.4318352661083028 0.42998236846349097 0.42812947081867914 0.42627657317386725 0.4244236755290554 0.4225707778842435 0.584742004803609 0.9222587329496121 1.2597754610961909 1.5972921892421938 1.934808917388197 2.2723256455342002
2.064122002880154 1.8926083145331132 1.7210946261857796 1.566726204184907 1.430686459820775 1.294646715456643 1.158606971092511 1.022567226728379 0.8865274823642469 0.7504877380001149 0.614447993635983 0.4784082492718509 0.342368504907719 0.20632876054358684 0.07028901617945493 0.016414286189921818 0.05037581572487797 0.0843373452598341 0.11829887479479026 0.1522604043297464 0.18622193386470257 0.2201834633996587 0.25414499293461484 0.28810652246957097 0.32206805200452715 0.3560295815394833 0.38999111107443946 0.40553599891769304 0.401393080039052 0.397250161160418 0.393107242281784 0.38896432340315 0.384821404524516 0.380678485645882 0.37653556676724803 0.37239264788861404 0.3682497290099801 0.3641068101313461 0.3599638912527121 0.5449338543708638 0.9320697682005273 1.319205682030851 1.7063415958605148 2.093477509690178 2.480613423519842
2.2384438015534505 2.0484656394589837 1.8584874773641924 1.6894293533805769 1.5427352234545864 1.396041093528596 1.2493469636026056 1.1026528336766153 0.9559587037506247 0.8092645738246343 0.662570443898644 0.5158763139726537 0.36918218404666314 0.22248805412067285 0.07579392419468234 0.014951846890549956 0.04588755642431757 0.07682326595808518 0.1077589754918528 0.13869468502562043 0.16963039455938803 0.20056610409315564 0.23150181362692326 0.2624375231606909 0.2933732326944585 0.3243089422282261 0.3552446517619937 0.368119345858209 0.36168640574574185 0.35525346563328575 0.34882052552082965 0.3423875854083735 0.33595464529591734 0.32952170518346124 0.32308876507100515 0.316655824958549 0.31022288484609284 0.30378994473363674 0.29735700462118064 0.5051257039381185 0.9418808034514424 1.3786359029655113 1.815391002478835 2.252146101992159 2.688901201505483
2.4127656002267472 2.2043229643848545 1.995880328542606 1.8121325025762465 1.6547839870883978 1.4974354716005491 1.3400869561127002 1.1827384406248513 1.0253899251370027 0.8680414096491538 0.7106928941613051 0.5533443786734562 0.39599586318560753 0.23864734769775864 0.08129883220990997 0.013489407591178091 0.04139929712375717 0.06930918665633626 0.09721907618891534 0.12512896572149443 0.1530388552540735 0.18094874478665257 0.20885863431923166 0.23676852385181074 0.26467841338438985 0.2925883029169689 0.32049819244954797 0.3307026927987249 0.32197973145243175 0.3132567701061535 0.30453380875987524 0.295810847413597 0.2870878860673187 0.27836492472104046 0.2696419633747622 0.26091900202848395 0.2521960406822057 0.24347307933592743 0.23475011798964918 0.46531755350537324 0.9516918387023576 1.4380661239001715 1.9244404090971559 2.4108146942941397 2.897188979491124
2.5870873989000436 2.360180289310725 2.1332731797210194 1.9348356517719165 1.7668327507222095 1.5988298496725022 1.430826948622795 1.2628240475730879 1.0948211465233806 0.9268182454736733 0.758815344423966 0.590812443374259 0.4228095423245517 0.2548066412748444 0.08680374022513737 0.012026968291806227 0.03691103782319678 0.061795107354587334 0.08667917688597788 0.11156324641736844 0.13644731594875897 0.16133138548014955 0.1862154550115401 0.21109952454293066 0.2359835940743212 0.26086766360571173 0.2857517331371023 0.2932860397392408 0.28227305715912165 0.27126007457902124 0.2602470919989208 0.24923410941882046 0.23822112683872004 0.22720814425861968 0.21619516167851927 0.20518217909841888 0.1941691965183185 0.1831562139382181 0.1721432313581177 0.42550940307262797 0.9615028739532727 1.4974963448348315 2.033489815715476 2.5694832865961206 3.1054767574767657
2.7207123269811495 2.48977129056936 2.2588302541571763 2.053335403124643 1.8750430999840169 1.6967507968433904 1.5184584937027639 1.3401661905621376 1.1618738874215109 0.9835815842808846 0.8052892811402581 0.6269969779996318 0.44870467485900534 0.27041237171837884 0.09212006857775235 0.011342035233089924 0.034808962767934576 0.05827589030277923 0.08174281783762388 0.10520974537246854 0.1286766729073132 0.15214360044215786 0.1756105279770025 0.19907745551184716 0.2225443830466918 0.24601131058153647 0.2694782381163811 0.27608054431847884 0.2646541886833376 0.25322783304821583 0.24180147741309407 0.2303751217779723 0.21894876614285055 0.2075224105077288 0.19609605487260703 0.18466969923748527 0.17324334360236351 0.16181698796724175 0.15039063233212 0.41460298356828196 0.9734793504925552 1.5323557174177815 2.091232084342055 2.650108451266328 3.2089848181906016
2.810834865784136 2.591285247562593 2.3717356293406753 2.1673419871502215 1.979150426241875 1.7909588653335289 1.6027673044251827 1.4145757435168365 1.2263841826084902 1.038192621700144 0.8500010607917978 0.6618094998834516 0.4736179389751054 0.2854263780667592 0.09723481715841276 0.011488207334422984 0.03525756825437928 0.05902692917433558 0.08279629009429187 0.10656565101424817 0.13033501193420446 0.15410437285416076 0.17787373377411705 0.20164309469407335 0.22541245561402964 0.24918181653398594 0.27295117745394226 0.2804795023744494 0.27064579229023894 0.2608120822060453 0.2509783721218516 0.24114466203765794 0.23131095195346424 0.2214772418692706 0.2116435317850769 0.20180982170088324 0.19197611161668954 0.1821424015324959 0.17230869144830221 0.4345906925646642 0.9877705472674073 1.5409504019710938 2.0941302566738367 2.64731011137658 3.200489966079323
2.900957404587123 2.692799204555826 2.484641004524174 2.281348571175799 2.0832577524997333 1.8851669338236672 1.687076115147601 1.4889852964715353 1.2908944777954692 1.0928036591194032 0.8947128404433371 0.6966220217672712 0.49853120309120524 0.3004403844151393 0.10234956573907317 0.011634379435756048 0.035706173740823986 0.05977796804589193 0.08384976235095987 0.10792155665602782 0.13199335096109577 0.1560651452661637 0.18013693957123164 0.2042087338762996 0.22828052818136751 0.25235232248643547 0.2764241167915034 0.28487846043042 0.27663739589714037 0.26839633136387475 0.26015526683060913 0.25191420229734357 0.24367313776407795 0.2354320732308124 0.22719100869754677 0.21894994416428118 0.2107088796310156 0.20246781509775 0.1942267505644844 0.45457840156104645 1.0020617440422592 1.5495450865244056 2.0970284290056185 2.6445117714868314 3.1919951139680443
