Figures/CREST_Example_wjb_NSE/Rolling_result/20100722/BJP_forecast/ens_16/wjb.rain.20100728.asc
ncols            288
nrows            254
xllcorner        113.274861
yllcorner        31.4918055
cellsize         0.008333333333
NODATA_value     -9999
[rows 140 to 159 of 254, columns 220 to 263 of 288]
0.36918542994071124 0.3340806792383161 0.2989759285359808 0.26387117783364555 0.22876642713131026 0.193661676428975 0.1585569257266397 0.12345217502430444 0.08834742432196918 0.05324267361963386 0.0181379229172986 0.0 0.0 0.0 0.0 0.0 0.0 0.0 0.0 0.0 0.0 0.0 0.0 0.027701023847228123 0.08501506920920941 0.14232911457119068 0.19964315993317197 0.256957205295251 0.31427125065723227 0.3715852960192136 0.42889934138119484 0.48621338674317616 0.5435274321051574 0.6008414774671387 0.65815552282912 0.6600675205517652 0.6027534751897757 0.5454394298277864 0.4881253844657969 0.4308113391038075 0.3734972937417203 0.3161832483797309 0.25886920301774147 0.20155515765575205
0.41851974185249496 0.3787239373319264 0.3389281328114257 0.299132328290925 0.25933652377042427 0.21954071924992358 0.1797449147294229 0.1399491102089222 0.10015330568842146 0.06035750116792077 0.02056169664742008 0.0 0.0 0.0 0.0 0.0 0.0 0.0 0.0 0.0 0.0 0.0 0.0 0.031402716384158355 0.09637564739411386 0.16134857840406935 0.22632150941402487 0.2912944404240912 0.3562673714340467 0.4212403024440022 0.48621323345395767 0.5511861644639132 0.6161590954738687 0.6811320264838242 0.7461049574937797 0.7482724557979044 0.6832995247879396 0.6183265937779749 0.5533536627680102 0.4883807317580454 0.4234078007479699 0.35843486973800515 0.29346193872804044 0.22848900771807568
0.4678540537642787 0.4233671954255367 0.3788803370868705 0.33439347874820446 0.2899066204095383 0.24541976207087218 0.20093290373220607 0.15644604539353996 0.11195918705487384 0.06747232871620767 0.022985470377541617 0.0 0.0 0.0 0.0 0.0 0.0 0.0 0.0 0.0 0.0 0.0 0.0 0.03510440892108859 0.10773622557901831 0.18036804223694802 0.25299985889487775 0.3256316755529313 0.39826349221086105 0.4708953088687908 0.5435271255267206 0.6161589421846503 0.6887907588425799 0.7614225755005096 0.8340543921584394 0.8364773910440436 0.7638455743861036 0.6912137577281635 0.6185819410702235 0.5459501244122834 0.47331830775421946 0.4006864910962794 0.32805467443833936 0.2554228577803993
0.5171883656760624 0.46801045351914705 0.4188325413623155 0.369654629205484 0.3204767170486524 0.27129880489182084 0.2221208927349893 0.17294298057815777 0.12376506842132617 0.07458715626449464 0.025409244107663098 0.0 0.0 0.0 0.0 0.0 0.0 0.0 0.0 0.0 0.0 0.0 0.0 0.03880610145801883 0.11909680376392277 0.19938750606982672 0.27967820837573065 0.35996891068177156 0.44025961298767546 0.5205503152935794 0.6008410175994834 0.6811317199053873 0.7614224222112913 0.8417131245171953 0.9220038268230992 0.9246823262901829 0.8443916239842675 0.7641009216783521 0.6838102193724367 0.6035195170665214 0.5232288147604691 0.4429381124545537 0.3626474101486383 0.28235670784272304
0.5665226775878882 0.5126537116127954 0.45878474563779437 0.40491577966279335 0.3510468136877924 0.29717784771279143 0.24330888173779047 0.1894399157627895 0.1355709497877885 0.08170198381278759 0.027833017837786578 0.0 0.0 0.0 0.0 0.0 0.0 0.0 0.0 0.0 0.0 0.0 0.0 0.04250779399495222 0.13045738194883694 0.21840696990272163 0.3063565578566063 0.394306145810641 0.48225573376452574 0.5702053217184104 0.6581549096722952 0.7461044976261798 0.8340540855800646 0.9220036735339492 1.009953261487834 1.0128872615363973 0.9249376735825001 0.8369880856286029 0.7490384976747058 0.6610889097208085 0.5731393217667613 0.4851897338128641 0.39724014585896694 0.30929055790506976
0.5734344367248677 0.5189082520143073 0.46438206730384 0.40985588259337263 0.35532969788290525 0.30080351317243786 0.24627732846197048 0.1917511437515031 0.1372249590410357 0.08269877433056838 0.02817258962010094 0.0 0.0 0.0 0.0 0.0 0.0 0.0 0.0 0.0 0.0 0.0 0.0 0.04543983426691087 0.13945587991120362 0.23347192555549637 0.3274879711997891 0.4215040168442422 0.515520062488535 0.6095361081328277 0.7035521537771204 0.7975681994214132 0.891584245065706 0.9856002907099988 1.0796163363542914 1.0834553069305792 0.9908929428848603 0.8983305788391412 0.8057682147934222 0.7132058507477033 0.6206434867018263 0.5280811226561074 0.43551875861038836 0.3429563945646694
0.5349991611988287 0.48412767316938105 0.43325618514002007 0.38238469711065914 0.33151320908129817 0.28064172105193724 0.22977023302257626 0.17889874499321534 0.12802725696385436 0.07715576893449339 0.026284280905132462 0.0 0.0 0.0 0.0 0.0 0.0 0.0 0.0 0.0 0.0 0.0 0.0 0.047549164785323846 0.14592946301762447 0.2443097612499251 0.3426900594822257 0.4410703577146941 0.5394506559469947 0.6378309541792954 0.7362112524115959 0.8345915506438966 0.9329718488761972 1.0313521471084979 1.1297324453407984 1.1351706288757484 1.041251587831619 0.9473325467874898 0.8534135057433605 0.7594944646992313 0.6655754236549419 0.5716563826108126 0.47773734156668335 0.38381830052255406
0.49656388567278986 0.4493470943244548 0.4021303029762002 0.3549135116279457 0.3076967202796912 0.2604799289314367 0.21326313758318216 0.1660463462349276 0.11882955488667307 0.07161276353841856 0.024395972190163984 0.0 0.0 0.0 0.0 0.0 0.0 0.0 0.0 0.0 0.0 0.0 0.0 0.04965849530373684 0.15240304612404537 0.25514759694435385 0.3578921477646624 0.4606366985851461 0.5633812494054546 0.6661258002257632 0.7688703510460717 0.8716149018663802 0.9743594526866887 1.0771040035069972 1.1798485543273058 1.1868859508209175 1.091610232778378 0.9963345147358387 0.9010587966932991 0.8057830786507596 0.7105073606080576 0.6152316425655182 0.5199559245229787 0.42468020648043914
0.4581286101467508 0.41456651547952844 0.37100442081238033 0.3274423261452323 0.28388023147808417 0.24031813681093606 0.19675604214378795 0.15319394747663984 0.10963185280949173 0.06606975814234362 0.022507663475195505 0.0 0.0 0.0 0.0 0.0 0.0 0.0 0.0 0.0 0.0 0.0 0.0 0.05176782582214983 0.15887662923046622 0.2659854326387826 0.373094236047099 0.48020303945559806 0.5873118428639145 0.6944206462722309 0.8015294496805473 0.9086382530888637 1.01574705649718 1.1228558599054965 1.2299646633138128 1.238601272766087 1.141968877725137 1.0453364826841873 0.9487040876432377 0.852071692602288 0.7554392975611733 0.6588069025202237 0.5621745074792739 0.4655421124383241
0.41969333462071184 0.3797859366346021 0.33987853864856044 0.29997114066251873 0.2600637426764771 0.22015634469043538 0.18024894670439373 0.14034154871835208 0.10043415073231038 0.06052675274626873 0.020619354760227027 0.0 0.0 0.0 0.0 0.0 0.0 0.0 0.0 0.0 0.0 0.0 0.0 0.05387715634056281 0.16535021233688707 0.27682326833321136 0.3882963243295356 0.49976938032604995 0.6112424363223743 0.7227154923186985 0.8341885483150228 0.945661604311347 1.0571346603076712 1.1686077163039956 1.2800807723003198 1.290316594711256 1.192327522671896 1.094338450632536 0.996349378593176 0.8983603065538159 0.8003712345142888 0.7023821624749289 0.6043930904355689 0.5064040183962089
0.38125805909464017 0.3450053577896462 0.30875265648471406 0.2724999551797819 0.2362472538748498 0.19999455256991766 0.16374185126498553 0.1274891499600534 0.09123644865512126 0.05498374735018918 0.01873104604525705 0.0 0.0 0.0 0.0 0.0 0.0 0.0 0.0 0.0 0.0 0.0 0.0 0.0559864868589776 0.17182379544331347 0.2876611040276494 0.4034984126119852 0.5193357211965186 0.6351730297808545 0.7510103383651904 0.8668476469495263 0.9826849555338621 1.098522264118198 1.214359572702534 1.3301968812868699 1.3420319166564694 1.242686167618698 1.1433404185809266 1.0439946695431552 0.9446489205053838 0.8453031714674429 0.7459574224296716 0.6466116733919002 0.5472659243541288
0.3428227835686012 0.3102247789447199 0.27762677432089417 0.24502876969706847 0.21243076507324277 0.17983276044941704 0.14723475582559134 0.11463675120176564 0.08203874657793991 0.04944074195411424 0.016842737330288515 0.0 0.0 0.0 0.0 0.0 0.0 0.0 0.0 0.0 0.0 0.0 0.0 0.05809581737739058 0.17829737854973432 0.2984989397220781 0.41870050089442185 0.5389020620669706 0.6591036232393143 0.7793051844116581 0.8995067455840018 1.0197083067563455 1.1399098679286892 1.2601114291010331 1.3803129902733768 1.3937472386016383 1.2930448125654568 1.192342386529275 1.0916399604930935 0.9909375344569118 0.8902351084205584 0.7895326823843768 0.6888302563481952 0.5881278303120135
0.3043875080425622 0.2754442000997936 0.2465008921570743 0.21755758421435503 0.18861427627163574 0.15967096832891645 0.13072766038619715 0.10178435244347789 0.07284104450075862 0.0438977365580393 0.014954428615320037 0.0 0.0 0.0 0.0 0.0 0.0 0.0 0.0 0.0 0.0 0.0 0.0 0.060205147895803564 0.1847709616561552 0.30933677541650684 0.4339025891768585 0.5584684029374225 0.6830342166977741 0.8076000304581258 0.9321658442184774 1.056731657978829 1.1812974717391806 1.3058632854995322 1.4304290992598838 1.4454625605468077 1.3434034575122158 1.241344354477624 1.139285251443032 1.0372261484084402 0.9351670453736742 0.8331079423390824 0.7310488393044905 0.6289897362698986
0.2659522325165232 0.24066362125486726 0.2153750099932544 0.19008639873164154 0.16479778747002868 0.13950917620841585 0.114220564946803 0.08893195368519013 0.06364334242357728 0.03835473116196442 0.013066119900351558 0.0 0.0 0.0 0.0 0.0 0.0 0.0 0.0 0.0 0.0 0.0 0.0 0.06231447841421654 0.19124454476257605 0.32017461111093554 0.44910467745929505 0.5780347438078745 0.7069648101562339 0.8358948765045934 0.9648249428529528 1.0937550092013124 1.2226850755496719 1.3516151418980313 1.4805452082463908 1.4971778824919768 1.3937621024589746 1.2903463224259726 1.1869305423929704 1.0835147623599684 0.9800989823267898 0.8766832022937877 0.7732674222607856 0.6698516422277835
0.22751695699048427 0.20588304240994096 0.18424912782943453 0.16261521324892808 0.14098129866842168 0.11934738408791523 0.0977134695074088 0.07607955492690238 0.05444564034639596 0.03281172576588953 0.011177811185383107 0.0 0.0 0.0 0.0 0.0 0.0 0.0 0.0 0.0 0.0 0.0 0.0 0.06442380893262953 0.19771812786899692 0.33101244680536435 0.46430676574173174 0.5976010846783264 0.7308954036146939 0.8641897225510612 0.9974840414874286 1.130778360423796 1.2640726793601633 1.3973669982965309 1.5306613172328982 1.548893204437146 1.4441207474057336 1.3393482903743212 1.2345758333429089 1.1298033763114965 1.0250309192799056 0.9202584622484933 0.8154860052170809 0.7107135481856686
0.18908168146444532 0.17110246356501466 0.15312324566561464 0.13514402776621465 0.11716480986681464 0.09918559196741465 0.08120637406801465 0.06322715616861463 0.04524793826921464 0.02726872036981462 0.009289502470414629 0.0 0.0 0.0 0.0 0.0 0.0 0.0 0.0 0.0 0.0 0.0 0.0 0.06653313945104251 0.20419171097541777 0.34185028249979305 0.4795088540241683 0.6171674255487783 0.7548259970731536 0.8924845685975289 1.030143140121904 1.1678017116462793 1.3054602831706545 1.44311885469503 1.5807774262194052 1.600608526382315 1.4944793923524924 1.38835025832267 1.2822211242928474 1.1760919902630247 1.0699628562330212 0.9638337222031985 0.8577045881733759 0.7515754541435533
0.15064640593840634 0.13632188472008833 0.12199736350179477 0.10767284228350119 0.0933483210652076 0.07902379984691403 0.06469927862862045 0.050374757410326876 0.03605023619203329 0.021725714973739735 0.0074011937554461504 0.0 0.0 0.0 0.0 0.0 0.0 0.0 0.0 0.0 0.0 0.0 0.0 0.06864246996945549 0.21066529408183862 0.35268811819422174 0.4947109423066049 0.6367337664192302 0.7787565905316134 0.9207794146439965 1.0628022387563796 1.2048250628687627 1.3468478869811458 1.488870711093529 1.6308935352059122 1.6523238483274842 1.5448380372992514 1.4373522262710186 1.3298664152427857 1.2223806042145529 1.1148947931861368 1.0074089821579038 0.899923171129671 0.7924373601014382
0.125520496345222 0.11358512356264075 0.10164975078007987 0.08971437799751897 0.07777900521495809 0.0658436324323972 0.05390825964983631 0.04197288686727542 0.030037514084714542 0.01810214130215365 0.006166768519592775 0.0 0.0 0.0 0.0 0.0 0.0 0.0 0.0 0.0 0.0 0.0 0.0 0.06934347457588738 0.212816693086455 0.35628991159702267 0.49976313010759027 0.6432363486184026 0.7867095671289702 0.9301827856395378 1.0736560041501055 1.2171292226606731 1.3606024411712407 1.5040756596818083 1.647548878192376 3.124718392541358 3.124718392541358 3.124718392541358 3.124718392541358 3.124718392541358 3.124718392541358 3.124718392541358 3.124718392541358 3.124718392541358
0.11462145995947648 0.10372244431395608 0.09282342866845426 0.08192441302295245 0.07102539737745063 0.060126381731948814 0.049227366086447 0.03832835044094518 0.027429334795443364 0.016530319149941547 0.005631303504439716 0.0 0.0 0.0 0.0 0.0 0.0 0.0 0.0 0.0 0.0 0.0 0.0 0.0685390675582388 0.21034794974126594 0.3521568319242931 0.4939657141073202 0.6357745962905892 0.7775834784736163 0.9193923606566435 1.0612012428396707 1.2030101250226979 1.344819007205725 1.4866278893887521 1.6284367715717794 3.124718392541358 3.124718392541358 3.124718392541358 3.124718392541358 3.124718392541358 3.124718392541358 3.124718392541358 3.124718392541358 3.124718392541358
0.10372242357373096 0.0938597650652714 0.08399710655682865 0.0741344480483859 0.06427178953994316 0.05440913103150041 0.044546472523057656 0.034683814014614914 0.02482115550617217 0.014958496997729429 0.005095838489286672 0.0 0.0 0.0 0.0 0.0 0.0 0.0 0.0 0.0 0.0 0.0 0.0 0.0677346605405902 0.20787920639607682 0.34802375225156346 0.4881682981070501 0.6283128439627756 0.7684573898182623 0.9086019356737489 1.0487464815292356 1.1888910273847222 1.3290355732402088 1.4691801190956955 1.609324664951182 3.124718392541358 3.124718392541358 3.124718392541358 3.124718392541358 3.124718392541358 3.124718392541358 3.124718392541358 3.124718392541358 3.124718392541358
