Figures/CREST_Example_wjb_NSE/Rolling_result/20100722/BJP_forecast/ens_16/wjb.rain.20100726.asc
ncols            288
nrows            254
xllcorner        113.274861
yllcorner        31.4918055
cellsize         0.008333333333
NODATA_value     -9999
[rows 160 to 179 of 254, columns 45 to 89 of 288]
11.48882533557408 10.727990536003162 9.967155736432243 9.206320936861324 8.445486137290407 7.6846513377194885 7.243298121255892 7.1434779382056135 7.043657755155507 6.943837572105399 6.844017389055291 6.744197206005183 6.6443770229550765 6.544556839904969 6.444736656854861 6.344916473804753 6.2450962907546455 6.145276107704538 6.061325591487664 5.994340107841683 5.927354624195589 5.860369140549608 5.793383656903627 5.726398173257646 5.659412689611665 5.592427205965684 5.525441722319703 5.4584562386737225 5.391470755027742 5.324485271381762 5.472789707377182 5.851243934437285 6.229698161497388 6.6081523885581355 6.986606615618239 7.365060842678341 7.743515069738445 8.121969296798547 8.50042352385865 8.878877750918752 9.257331977978856 9.635786205038958 9.85655468459516 9.908753535011323 9.960952385427486
11.436076211164966 10.680949683166666 9.925823155168368 9.170696627170068 8.415570099171768 7.660443571173468 7.230080205929526 7.146896002118338 7.063711798307292 6.980527594496246 6.897343390685201 6.814159186874155 6.73097498306311 6.647790779252063 6.564606575441018 6.481422371629972 6.398238167818927 6.31505396400788 6.2421108471570514 6.180115683761527 6.118120520365896 6.056125356970371 5.994130193574847 5.932135030179322 5.870139866783798 5.8081447033882725 5.746149539992748 5.684154376597223 5.622159213201698 5.560164049806174 5.703040351128569 6.064928879676848 6.426817408225127 6.788705936774023 7.150594465322302 7.512482993870581 7.87437152241886 8.23626005096714 8.598148579515417 8.960037108063696 9.321925636611976 9.683814165160253 9.894227440200913 9.9427102445943 9.991193048987686
11.383327086755855 10.633908830330174 9.884490573904493 9.135072317478812 8.385654061053131 7.63623580462745 7.21686229060316 7.150314066031063 7.083765841459079 7.017217616887095 6.9506693923151115 6.884121167743127 6.817572943171143 6.75102471859916 6.684476494027176 6.6179282694551915 6.551380044883208 6.484831820311224 6.42289610282644 6.365891259681371 6.308886416536205 6.251881573391136 6.194876730246068 6.1378718871009985 6.08086704395593 6.023862200810861 5.966857357665792 5.909852514520724 5.852847671375654 5.795842828230586 5.933290994879957 6.278613824916412 6.623936654952866 6.96925948498991 7.314582315026365 7.65990514506282 8.005227975099274 8.350550805135729 8.695873635172184 9.041196465208639 9.386519295245094 9.731842125281549 9.931900195806662 9.976666954177274 10.021433712547886
11.330577962346695 10.586867977493636 9.84315799264058 9.099448007787522 8.355738022934464 7.612028038081407 7.203644375276784 7.153732129943791 7.103819884610882 7.053907639277974 7.0039953939450665 6.954083148612159 6.904170903279251 6.8542586579463425 6.804346412613435 6.754434167280527 6.704521921947619 6.654609676614712 6.603681358495981 6.551666835601373 6.499652312706676 6.447637789812068 6.395623266917458 6.34360874402285 6.291594221128242 6.239579698233633 6.187565175339024 6.135550652444416 6.083536129549808 6.031521606655199 6.16354163863154 6.492298770156157 6.821055901680774 7.149813033205952 7.478570164730568 7.807327296255186 8.136084427779803 8.46484155930442 8.793598690829036 9.122355822353652 9.451112953878269 9.779870085402887 9.969572951412447 10.01062366376028 10.051674376108114
11.277828837937584 10.539827124657144 9.801825411376704 9.063823698096266 8.325821984815828 7.587820271535389 7.190426459950418 7.157150193856515 7.123873927762669 7.0905976616688235 7.057321395574977 7.024045129481131 6.990768863387285 6.957492597293439 6.924216331199593 6.890940065105747 6.857663799011901 6.824387532918054 6.784466614165369 6.737442411521217 6.690418208876984 6.643394006232832 6.596369803588679 6.549345600944526 6.502321398300373 6.455297195656221 6.408272993012068 6.361248790367916 6.314224587723763 6.26720038507961 6.393792282382926 6.705983715395719 7.018175148408512 7.3303665814218375 7.642558014434631 7.954749447447424 8.266940880460217 8.57913231347301 8.891323746485803 9.203515179498595 9.515706612511389 9.827898045524181 10.007245707018196 10.044580373343255 10.081915039668313
11.22507971352847 10.49278627182065 9.760492830112831 9.02819938840501 8.29590594669719 7.56361250498937 7.177208544624053 7.16056825776924 7.143927970914456 7.127287684059672 7.110647397204887 7.094007110350103 7.077366823495319 7.0607265366405345 7.04408624978575 7.027445962930965 7.010805676076181 6.994165389221397 6.965251869834757 6.923217987441061 6.881184105047293 6.839150222653596 6.797116340259899 6.7550824578662025 6.713048575472506 6.67101469307881 6.628980810685113 6.586946928291416 6.54491304589772 6.502879163504023 6.624042926134314 6.919668660635283 7.215294395136252 7.510920129637725 7.806545864138694 8.102171598639663 8.397797333140632 8.6934230676416 8.98904880214257 9.28467453664354 9.580300271144507 9.875926005645475 10.044918462623945 10.07853708292623 10.112155703228513
11.172330589119357 10.445745418984155 9.719160248848953 8.992575078713752 8.26598990857855 7.5394047384433485 7.163990629297687 7.163986321681964 7.163982014066242 7.1639777064505195 7.163973398834798 7.163969091219075 7.163964783603353 7.16396047598763 7.163956168371907 7.163951860756185 7.163947553140463 7.163943245524741 7.1460371255041455 7.1089935633609045 7.071950001217601 7.03490643907436 6.997862876931119 6.960819314787879 6.923775752644638 6.886732190501397 6.849688628358157 6.812645066214916 6.775601504071675 6.738557941928435 6.854293569885701 7.133353605874845 7.41241364186399 7.691473677853612 7.970533713842757 8.249593749831902 8.528653785821048 8.807713821810193 9.086773857799336 9.365833893788484 9.644893929777627 9.923953965766772 10.082591218229698 10.112493792509206 10.142396366788713
11.119581464710244 10.39870456614766 9.677827667585078 8.956950769022495 8.236073870459911 7.51519697189733 7.150772713971322 7.167404385594689 7.184036057218028 7.200667728841368 7.217299400464707 7.233931072088047 7.250562743711386 7.267194415334726 7.283826086958065 7.3004577585814046 7.317089430204744 7.3337211018280835 7.326822381173533 7.294769139280748 7.262715897387909 7.2306626554951245 7.19860941360234 7.166556171709555 7.134502929816771 7.102449687923986 7.070396446031202 7.038343204138417 7.006289962245632 6.974236720352848 7.084544213637088 7.347038551114409 7.609532888591731 7.872027226069499 8.13452156354682 8.39701590102414 8.659510238501461 8.922004575978782 9.184498913456103 9.446993250933424 9.709487588410747 9.971981925888068 10.120263973835447 10.146450502092181 10.172637030348913
11.06683234030113 10.351663713311165 9.6364950863212 8.921326459331237 8.206157832341272 7.49098920535131 7.137554798644956 7.170822449507415 7.2040901003698155 7.237357751232217 7.270625402094618 7.303893052957019 7.33716070381942 7.370428354681821 7.403696005544223 7.436963656406624 7.470231307269025 7.503498958131426 7.507607636842922 7.480544715200592 7.453481793558217 7.426418871915889 7.39935595027356 7.372293028631232 7.345230106988903 7.3181671853465735 7.291104263704245 7.264041342061916 7.236978420419588 7.209915498777259 7.314794857388474 7.560723496353972 7.806652135319469 8.052580774285385 8.298509413250883 8.54443805221638 8.790366691181877 9.036295330147375 9.282223969112872 9.528152608078369 9.774081247043867 10.020009886009364 10.1579367294412 10.180407211675156 10.202877693909114
2.463764289600451 2.463764289600451 2.463764289600451 2.463764289600451 2.463764289600451 2.463764289600451 2.463764289600451 2.463764289600451 2.463764289600451 2.463764289600451 2.463764289600451 2.463764289600451 2.463764289600451 2.463764289600451 2.463764289600451 2.463764289600451 2.463764289600451 2.463764289600451 7.662549355182052 7.675547974507963 7.688546593833897 7.701545213159809 7.714543832485721 7.727542451811633 7.740541071137545 7.753539690463456 7.766538309789368 7.77953692911528 7.792535548441192 7.805534167767104 7.908661471331564 8.108138375848023 8.307615280364482 8.507092184881282 8.706569089397739 8.906045993914198 9.105522898430657 9.304999802947115 9.504476707463574 9.703953611980033 9.903430516496492 10.10290742101295 10.217326604887065 10.240817162356164 10.264307719825263
2.463764289600451 2.463764289600451 2.463764289600451 2.463764289600451 2.463764289600451 2.463764289600451 2.463764289600451 2.463764289600451 2.463764289600451 2.463764289600451 2.463764289600451 2.463764289600451 2.463764289600451 2.463764289600451 2.463764289600451 2.463764289600451 2.463764289600451 2.463764289600451 7.7898659611463525 7.880415045695565 7.970964130244932 8.061513214794145 8.152062299343356 8.24261138389257 8.333160468441783 8.423709552990994 8.514258637540207 8.60480772208942 8.695356806638632 8.785905891187845 8.891210637106672 9.012289518604602 9.133368400102533 9.254447281600669 9.3755261630986 9.49660504459653 9.617683926094461 9.73876280759239 9.859841689090322 9.980920570588252 10.101999452086183 10.223078333584112 10.299930712517105 10.329503960307642 10.35907720809818
2.463764289600451 2.463764289600451 2.463764289600451 2.463764289600451 2.463764289600451 2.463764289600451 2.463764289600451 2.463764289600451 2.463764289600451 2.463764289600451 2.463764289600451 2.463764289600451 2.463764289600451 2.463764289600451 2.463764289600451 2.463764289600451 2.463764289600451 2.463764289600451 7.917182567110544 8.085282116882992 8.253381666655725 8.421481216428173 8.589580766200621 8.757680315973067 8.925779865745515 9.093879415517963 9.26197896529041 9.430078515062858 9.598178064835304 9.766277614607752 9.873759802880942 9.916440661360411 9.95912151983988 10.001802378319422 10.04448323679889 10.087164095278359 10.129844953757827 10.172525812237296 10.215206670716764 10.257887529196232 10.300568387675701 10.34324924615517 10.382534820147072 10.418190758259044 10.453846696371015
2.463764289600451 2.463764289600451 2.463764289600451 2.463764289600451 2.463764289600451 2.463764289600451 2.463764289600451 2.463764289600451 2.463764289600451 2.463764289600451 2.463764289600451 2.463764289600451 2.463764289600451 2.463764289600451 2.463764289600451 2.463764289600451 2.463764289600451 2.463764289600451 8.044499173074735 8.290149188070417 8.535799203066517 8.7814492180622 9.027099233057882 9.272749248053564 9.518399263049247 9.76404927804493 10.009699293040612 10.255349308036294 10.500999323031975 10.746649338027657 10.856308968655211 10.82059180411622 10.784874639577225 10.749157475038173 10.713440310499179 10.677723145960186 10.642005981421192 10.6062888168822 10.570571652343208 10.534854487804214 10.499137323265222 10.46342015872623 10.465138927777042 10.506877556210446 10.548616184643851
2.463764289600451 2.463764289600451 2.463764289600451 2.463764289600451 2.463764289600451 2.463764289600451 2.463764289600451 2.463764289600451 2.463764289600451 2.463764289600451 2.463764289600451 2.463764289600451 2.463764289600451 2.463764289600451 2.463764289600451 2.463764289600451 2.463764289600451 2.463764289600451 8.171815779038926 8.495016259257843 8.818216739477311 9.141417219696228 9.464617699915145 9.787818180134062 10.111018660352979 10.434219140571896 10.757419620790813 11.080620101009728 11.403820581228647 11.727021061447562 11.838858134429481 11.724742946872027 11.610627759314571 11.496512571756924 11.382397384199468 11.268282196642014 11.15416700908456 11.040051821527106 10.925936633969652 10.811821446412196 10.697706258854742 10.583591071297288 10.547743035407013 10.59556435416185 10.643385672916688
2.463764289600451 2.463764289600451 2.463764289600451 2.463764289600451 2.463764289600451 2.463764289600451 2.463764289600451 2.463764289600451 2.463764289600451 2.463764289600451 2.463764289600451 2.463764289600451 2.463764289600451 2.463764289600451 2.463764289600451 2.463764289600451 2.463764289600451 2.463764289600451 8.29913238500312 8.69988333044527 9.100634275888105 9.501385221330256 9.902136166772408 10.30288711221456 10.703638057656711 11.104389003098863 11.505139948541014 11.905890893983164 12.306641839425318 12.707392784867467 12.82140730020375 12.628894089627833 12.436380879051917 12.243867668475673 12.051354457899757 11.858841247323841 11.666328036747926 11.47381482617201 11.281301615596092 11.088788405020177 10.89627519444426 10.703761983868345 10.63034714303698 10.684251152113251 10.738155161189523
2.463764289600451 2.463764289600451 2.463764289600451 2.463764289600451 2.463764289600451 2.463764289600451 2.463764289600451 2.463764289600451 2.463764289600451 2.463764289600451 2.463764289600451 2.463764289600451 2.463764289600451 2.463764289600451 2.463764289600451 2.463764289600451 2.463764289600451 2.463764289600451 8.426448990967309 8.904750401632695 9.383051812298897 9.861353222964283 10.339654633629669 10.817956044295055 11.296257454960442 11.774558865625828 12.252860276291216 12.7311616869566 13.209463097621988 13.687764508287373 13.803956465978018 13.53304523238364 13.262133998789263 12.991222765194424 12.720311531600046 12.449400298005669 12.178489064411291 11.907577830816914 11.636666597222536 11.365755363628159 11.094844130033781 10.823932896439404 10.71295125066695 10.772937950064655 10.83292464946236
2.463764289600451 2.463764289600451 2.463764289600451 2.463764289600451 2.463764289600451 2.463764289600451 2.463764289600451 2.463764289600451 2.463764289600451 2.463764289600451 2.463764289600451 2.463764289600451 2.463764289600451 2.463764289600451 2.463764289600451 2.463764289600451 2.463764289600451 2.463764289600451 8.55376559693161 9.109617472820297 9.665469348709932 10.221321224598618 10.777173100487305 11.333024976375992 11.88887685226468 12.444728728153367 13.000580604042053 13.556432479930741 14.112284355819428 14.668136231708115 14.786505631753126 14.43719637514022 14.087887118527314 13.738577861913813 13.389268605300906 13.039959348688 12.690650092075096 12.341340835462189 11.992031578849282 11.642722322236377 11.293413065623472 10.944103809010565 10.79555535829699 10.861624748016133 10.927694137735276
2.463764289600451 2.463764289600451 2.463764289600451 2.463764289600451 2.463764289600451 2.463764289600451 2.463764289600451 2.463764289600451 2.463764289600451 2.463764289600451 2.463764289600451 2.463764289600451 2.463764289600451 2.463764289600451 2.463764289600451 2.463764289600451 2.463764289600451 2.463764289600451 8.6810822028958 9.314484544007723 9.947886885120724 10.581289226232645 11.214691567344568 11.84809390845649 12.481496249568412 13.114898590680333 13.748300931792254 14.381703272904176 15.015105614016099 15.648507955128022 15.769054797527396 15.341347517896027 14.91364023826466 14.485932958632564 14.058225679001195 13.630518399369828 13.20281111973846 12.775103840107093 12.347396560475726 11.919689280844358 11.491982001212989 11.064274721581622 10.87815946592696 10.950311545967535 11.022463626008111
2.463764289600451 2.463764289600451 2.463764289600451 2.463764289600451 2.463764289600451 2.463764289600451 2.463764289600451 2.463764289600451 2.463764289600451 2.463764289600451 2.463764289600451 2.463764289600451 2.463764289600451 2.463764289600451 2.463764289600451 2.463764289600451 2.463764289600451 2.463764289600451 8.808398808859993 9.519351615195148 10.230304421531518 10.941257227866673 11.65221003420183 12.363162840536987 13.074115646872144 13.785068453207298 14.496021259542456 15.206974065877613 15.91792687221277 16.628879678547925 16.751603963301665 16.245498660651833 15.739393358002006 15.233288055351315 14.727182752701484 14.221077450051656 13.714972147401827 13.208866844751999 12.702761542102168 12.19665623945234 11.69055093680251 11.18444563415268 10.960763573556928 11.038998343918939 11.117233114280948
2.463764289600451 2.463764289600451 2.463764289600451 2.463764289600451 2.463764289600451 2.463764289600451 2.463764289600451 2.463764289600451 2.463764289600451 2.463764289600451 2.463764289600451 2.463764289600451 2.463764289600451 2.463764289600451 2.463764289600451 2.463764289600451 2.463764289600451 2.463764289600451 8.935715414824184 9.724218686382576 10.512721957942311 11.301225229500703 12.089728501059094 12.878231772617486 13.666735044175876 14.455238315734267 15.243741587292659 16.03224485885105 16.82074813040944 17.609251401967832 17.734153129075935 17.149649803407645 16.565146477739354 15.980643152070066 15.396139826401775 14.811636500733483 14.227133175065193 13.6426298493969 13.05812652372861 12.47362319806032 11.88911987239203 11.30461654672374 11.043367681186897 11.12768514187034 11.212002602553783
