Figures/CREST_Example_wjb_NSE/Rolling_result/20100722/BJP_forecast/ens_16/wjb.rain.20100725.asc
ncols            288
nrows            254
xllcorner        113.274861
yllcorner        31.4918055
cellsize         0.008333333333
NODATA_value     -9999
[rows 42 to 62 of 254, columns 47 to 93 of 288]
3.9634238091498206 4.43062577841164 4.8978277476734595 5.36502971693528 5.665168242377581 5.78671217033114 5.908256098284492 6.029800026237845 6.151343954191197 6.272887882144549 6.394431810097902 6.515975738051254 6.637519666004606 6.759063593957959 6.880607521911311 7.002151449864663 6.876079070624737 6.485299261747976 6.094519452870548 5.703739643993786 5.312959835117025 4.922180026240262 4.531400217363501 4.14062040848674 3.7498405996099784 3.3590607907332166 2.968280981856455 2.5775011729796935 2.3160861441275173 2.19296498961641 2.0698438351053023 1.9467226805939848 1.823601526082877 1.7004803715717696 1.5773592170606618 1.4542380625495541 1.3311169080384466 1.207995753527339 1.0848745990162314 0.9617534445051237 0.8848992844852971 0.8575055876099067 0.8301118907345163 0.8027181938591259 0.7753244969836888 0.7479308001082983 0.7205371032329079
4.004313259211536 4.476335210516852 4.948357161822167 5.420379113127482 5.720244745445485 5.836071381608824 5.951898017771965 6.067724653935107 6.183551290098248 6.299377926261389 6.415204562424531 6.531031198587672 6.646857834750814 6.762684470913955 6.878511107077097 6.994337743240238 6.868146758756057 6.483233467108279 6.098320175459844 5.713406883812066 5.328493592164287 4.943580300516508 4.55866700886873 4.1737537172209525 3.7888404255731736 3.403927133925395 3.0190138422776167 2.6341005506298387 2.3745226735082623 2.2489311879198235 2.123339702331385 1.9977482167427323 1.8721567311542937 1.7465652455658551 1.6209737599774166 1.495382274388978 1.3697907888005394 1.2441993032121008 1.1186078176236622 0.9930163320352237 0.9141973176681513 0.8853791324981113 0.8565609473280713 0.8277427621580312 0.7989245769879421 0.7701063918179021 0.7412882066478621
4.045202709273251 4.522044642622062 4.998886575970874 5.475728509319685 5.775321248513389 5.885430592886508 5.995539937259439 6.105649281632369 6.215758626005299 6.32586797037823 6.4359773147511605 6.546086659124091 6.656196003497022 6.766305347869952 6.876414692242882 6.986524036615813 6.860214446887379 6.481167672468583 6.102120898049141 5.723074123630346 5.344027349211551 4.964980574792755 4.58593380037396 4.206887025955165 3.8278402515363696 3.448793477117574 3.069746702698779 2.690699928279984 2.4329592028890064 2.304897386223237 2.1768355695574675 2.0487737528914796 1.9207119362257101 1.7926501195599407 1.6645883028941713 1.5365264862284018 1.4084646695626322 1.2804028528968627 1.1523410362310933 1.0242792195653239 0.9434953508510056 0.9132526773863159 0.8830100039216262 0.8527673304569366 0.8225246569921955 0.7922819835275058 0.7620393100628162
4.086092159334967 4.567754074727274 5.049415990119582 5.531077905511889 5.830397751581295 5.9347898041641916 6.039181856746912 6.143573909329631 6.24796596191235 6.35235801449507 6.45675006707779 6.561142119660509 6.665534172243229 6.769926224825948 6.874318277408667 6.9787103299913875 6.852282135018698 6.479101877828886 6.105921620638438 5.732741363448625 5.359561106258813 4.9863808490690005 4.613200591879188 4.240020334689376 3.866840077499564 3.4936598203097518 3.1204795631199396 2.7472993059301274 2.491395732269751 2.3608635845266503 2.23033143678355 2.099799289040227 1.9692671412971268 1.8387349935540263 1.7082028458109257 1.5776706980678254 1.4471385503247252 1.3166064025816246 1.1860742548385244 1.0555421070954238 0.9727933840338598 0.9411262222745206 0.9094590605151813 0.8777918987558421 0.8461247369964489 0.8144575752371096 0.7827904134777703
4.126981609396717 4.613463506832524 5.099945404268332 5.5864273017041395 5.885474254649245 5.9841490154419175 6.082823776234421 6.1814985370269255 6.280173297819429 6.378848058611933 6.477522819404437 6.576197580196941 6.674872340989444 6.773547101781949 6.8722218625744524 6.970896623366956 6.844349823150013 6.477036083189189 6.109722343227738 5.742408603266914 5.3750948633060895 5.007781123345266 4.640467383384442 4.273153643423617 3.9058399034627933 3.538526163501969 3.171212423541145 2.8038986835803206 2.549832261650545 2.4168297828301117 2.2838273040096784 2.150824825189018 2.0178223463685847 1.8848198675481511 1.7518173887277178 1.6188149099072844 1.485812431086851 1.3528099522664174 1.219807473445984 1.0868049946255507 1.0020914172167392 0.968999767162749 0.935908117108759 0.9028164670547689 0.8697248170007224 0.8366331669467323 0.8035415168927422
4.167871059458432 4.659172938937735 5.150474818417039 5.641776697896342 5.94055075771715 6.033508226719602 6.126465695721895 6.219423164724187 6.31238063372648 6.4053381027287735 6.498295571731066 6.591253040733359 6.684210509735652 6.777167978737944 6.870125447740238 6.963082916742531 6.836417511281333 6.474970288549492 6.113523065817034 5.752075843085193 5.390628620353352 5.029181397621511 4.66773417488967 4.306286952157829 3.944839729425988 3.583392506694147 3.221945283962306 2.860498061230465 2.608268791031289 2.472795981133525 2.3373231712357607 2.2018503613377653 2.066377551440001 1.9309047415422367 1.7954319316444725 1.659959121746708 1.5244863118489436 1.3890135019511793 1.253540692053415 1.1180678821556507 1.0313894503995933 0.9968733120509536 0.962357173702314 0.9278410353536742 0.8933248970049757 0.858808758656336 0.8242926203076963
4.208760509520148 4.704882371042947 5.2010042325657455 5.697126094088545 5.995627260785055 6.082867437997286 6.170107615209368 6.25734779242145 6.344587969633531 6.431828146845613 6.519068324057695 6.606308501269778 6.69354867848186 6.780788855693942 6.868029032906024 6.9552692101181055 6.828485199412654 6.472904493909796 6.117323788406331 5.7617430829034735 5.406162377400616 5.050581671897757 4.6950009663948995 4.339420260892041 3.983839555389183 3.6282588498863255 3.2726781443834674 2.9170974388806092 2.6667053204120337 2.528762179436938 2.390819038461843 2.2528758974865126 2.1149327565114175 1.976989615536322 1.839046474561227 1.7011033335861316 1.5631601926110363 1.425217051635941 1.287273910660846 1.1493307696857507 1.0606874835824476 1.0247468569391582 0.988806230295869 0.9528656036525797 0.9169249770092291 0.8809843503659398 0.8450437237226505
4.2262704637552595 4.7228179417576674 5.219365419760075 5.7159128977624825 6.01433008945312 6.100941526843474 6.1875529642336815 6.274164401623889 6.360775839014095 6.447387276404302 6.533998713794509 6.6206101511847155 6.707221588574923 6.79383302596513 6.880444463355336 6.967055900745543 6.841142516153353 6.488035292840859 6.1349280695277635 5.78182084621527 5.428713622902776 5.075606399590282 4.722499176277789 4.369391952965295 4.016284729652802 3.6631775063403085 3.310070283027815 2.9569630597153216 2.706638908968778 2.5661921863686206 2.4257454637684632 2.2852987411680665 2.144852018567909 2.0044052959677514 1.863958573367594 1.7235118507674367 1.5830651281672794 1.442618405567122 1.3021716829669647 1.1617249603668072 1.0717871453896295 1.0358444945985086 0.9999018438073876 0.9639591930162665 0.9280165422250843 0.8920738914339633 0.8561312406428423
4.21878921114394 4.711065005924524 5.2033408007051065 5.69561659548569 5.994151753726837 6.085573792491245 6.176995831255497 6.26841787001975 6.359839908784002 6.451261947548254 6.542683986312507 6.6341060250767585 6.725528063841011 6.816950102605263 6.908372141369515 6.999794180133768 6.875808847600117 6.521548165969254 6.167287484337786 5.813026802706922 5.458766121076058 5.1045054394451945 4.750244757814331 4.395984076183467 4.041723394552603 3.687462712921739 3.3332020312908752 2.978941349660011 2.7267940204860945 2.583808173521961 2.4408223265578273 2.29783647959345 2.1548506326293166 2.011864785665183 1.8688789387010494 1.7258930917369157 1.5829072447727823 1.4399213978086487 1.296935550844515 1.1539497038803816 1.0634338956930447 1.0290097452336793 0.9945855947743139 0.9601614443149484 0.9257372938555244 0.8913131433961591 0.8568889929367937
4.21130795853262 4.69931207009138 5.1873161816501385 5.675320293208898 5.973973418000554 6.070206058139016 6.166438698277314 6.262671338415611 6.358903978553909 6.455136618692207 6.551369258830505 6.647601898968802 6.7438345391071 6.8400671792453975 6.936299819383695 7.032532459521994 6.910475179046884 6.55506103909765 6.19964689914781 5.844232759198575 5.488818619249341 5.133404479300107 4.777990339350873 4.422576199401638 4.067162059452404 3.71174791950317 3.3563337795539354 3.0009196396047013 2.7469491320034116 2.6014241606753017 2.4558991893471918 2.3103742180188336 2.164849246690724 2.019324275362614 1.8737993040345045 1.7282743327063945 1.5827493613782848 1.4372243900501749 1.2916994187220652 1.1461744473939552 1.0550806459964595 1.0221749958688497 0.9892693457412399 0.9563636956136302 0.9234580454859643 0.8905523953583546 0.8576467452307448
4.2038267059213 4.687559134258236 5.1712915625951705 5.655023990932106 5.953795082274271 6.054838323786787 6.15588156529913 6.256924806811473 6.357968048323817 6.45901128983616 6.560054531348502 6.661097772860845 6.762141014373189 6.863184255885532 6.964227497397875 7.065270738910218 6.9451415104936505 6.588573912226046 6.232006313957833 5.875438715690228 5.5188711174226235 5.162303519155019 4.805735920887415 4.449168322619809 4.092600724352205 3.7360331260846 3.379465527816995 3.0228979295493907 2.767104243520728 2.619040147828642 2.470976052136556 2.3229119564442176 2.1748478607521315 2.0267837650600455 1.8787196693679595 1.7306555736758733 1.5825914779837873 1.4345273822917013 1.2864632865996153 1.1383991909075293 1.0467273962998742 1.0153402465040202 0.983953096708166 0.9525659469123119 0.9211787971164043 0.8897916473205502 0.858404497524696
4.1963454533099735 4.675806198425081 5.155266943540188 5.634727688655296 5.933616746547971 6.039470589434544 6.145324432320937 6.251178275207329 6.357032118093722 6.462885960980115 6.5687398038665075 6.6745936467529 6.780447489639293 6.886301332525686 6.992155175412078 7.098009018298471 6.9798078419404455 6.62208678535447 6.264365728767884 5.9066446721819075 5.548923615595932 5.191202559009955 4.83348150242398 4.475760445838004 4.1180393892520275 3.760318332666052 3.402597276080076 3.0448762194940997 2.7872593550380618 2.6366561349819975 2.486052914925933 2.3354496948696117 2.1848464748135474 2.034243254757483 1.8836400347014188 1.7330368146453545 1.58243359458929 1.4318303745332257 1.2812271544771614 1.130623934421097 1.038374146603282 1.008505497139185 0.9786368476750877 0.9487681982109906 0.9188995487468424 0.8890308992827453 0.859162249818648
4.188864200698654 4.6640532625919375 5.13924232448522 5.614431386378504 5.913438410821688 6.024102855082314 6.134767299342753 6.245431743603191 6.3560961878636295 6.466760632124068 6.577425076384506 6.688089520644944 6.798753964905382 6.90941840916582 7.020082853426258 7.130747297686696 7.014474173387212 6.655599658482866 6.296725143577907 5.937850628673561 5.578976113769214 5.2201015988648685 4.861227083960522 4.502352569056176 4.14347805415183 3.784603539247483 3.4257290243431364 3.06685450943879 2.8074144665553784 2.654272122135338 2.501129777715297 2.3479874332949957 2.194845088874955 2.0417027444549145 1.8885604000348737 1.7354180556148333 1.5822757111947927 1.4291333667747521 1.2759910223547115 1.122848677934671 1.030020896906697 1.0016707477743554 0.9733205986420139 0.9449704495096722 0.9166203003772824 0.8882701512449408 0.8599200021125992
4.181382948087334 4.652300326758794 5.123217705430252 5.594135084101712 5.893260075095405 6.008735120730085 6.124210166364569 6.239685211999053 6.3551602576335355 6.470635303268019 6.586110348902503 6.701585394536987 6.8170604401714705 6.932535485805953 7.048010531440437 7.163485577074921 7.049140504833978 6.689112531611261 6.3290845583879305 5.969056585165214 5.609028611942497 5.249000638719781 4.8889726654970636 4.528944692274347 4.16891671905163 3.808888745828914 3.448860772606197 3.0888327993834803 2.827569578072695 2.671888109288678 2.5162066405046613 2.3605251717203792 2.2048437029363623 2.0491622341523454 1.8934807653683288 1.737799296584312 1.5821178278002952 1.4264363590162785 1.2707548902322616 1.1150734214482447 1.0216676472101118 0.9948359984095259 0.96800434960894 0.941172700808354 0.9143410520077223 0.8875094032071363 0.8606777544065504
4.173901695476014 4.64054739092565 5.107193086375284 5.57383878182492 5.873081739369122 5.993367386377856 6.113653033386385 6.233938680394914 6.354224327403443 6.474509974411972 6.594795621420501 6.71508126842903 6.835366915437559 6.9556525624460885 7.075938209454617 7.1962238564631456 7.083806836280744 6.722625404739657 6.361443973197954 6.000262541656867 5.63908111011578 5.277899678574693 4.9167182470336055 4.555536815492519 4.194355383951432 3.8331739524103448 3.4719925208692577 3.1108110893281706 2.8477246895900117 2.6895040964420187 2.5312835032940257 2.3730629101457628 2.21484231699777 2.056621723849777 1.898401130701784 1.740180537553791 1.5819599444057981 1.4237393512578052 1.2655187581098122 1.1072981649618192 1.013314397513527 0.9880012490446966 0.9626881005758662 0.9373749521070359 0.9120618036381624 0.886748655169332 0.8614355067005016
4.166420442864695 4.628794455092506 5.091168467320316 5.553542479548128 5.85290340364284 5.977999652025627 6.103095900408201 6.228192148790775 6.35328839717335 6.478384645555924 6.603480893938499 6.728577142321073 6.853673390703648 6.978769639086222 7.103865887468796 7.22896213585137 7.11847316772751 6.756138277868052 6.393803388007977 6.03146849814852 5.669133608289062 5.306798718429604 4.944463828570147 4.5821289387106905 4.219794048851233 3.8574591589917753 3.4951242691323174 3.13278937927286 2.8678798011073283 2.7071200835953593 2.5463603660833902 2.3856006485711467 2.2248409310591777 2.064081213547208 1.9033214960352391 1.7425617785232699 1.5818020610113006 1.4210423434993313 1.260282625987362 1.099522908475393 1.0049611478169418 0.981166499679867 0.9573718515427924 0.9335772034057176 0.9097825552686023 0.8859879071315276 0.8621932589944529
4.158939190253374 4.61704151925936 5.0751438482653475 5.533246177271334 5.832725067916555 5.962631917673397 6.092538767430017 6.2224456171866365 6.352352466943256 6.482259316699876 6.612166166456497 6.742073016213117 6.871979865969736 7.001886715726356 7.131793565482976 7.261700415239596 7.153139499174276 6.789651150996448 6.426162802818 6.062674454640172 5.699186106462345 5.335697758284517 4.972209410106689 4.608721061928861 4.245232713751033 3.8817443655732053 3.5182560173953776 3.1547676692175495 2.888034912624645 2.7247360707487 2.5614372288727543 2.3981383869965303 2.234839545120585 2.0715407032446396 1.908241861368694 1.7449430194927487 1.581644177616803 1.4183453357408577 1.2550464938649124 1.0917476519889668 0.9966078981203567 0.9743317503150375 0.9520556025097184 0.9297794547043994 0.9075033068990422 0.8852271590937232 0.862951011288404
4.151457937642048 4.605288583426207 5.059119229210365 5.512949874994526 5.812546732190256 5.947264183321155 6.081981634451824 6.216699085582494 6.351416536713163 6.486133987843832 6.620851438974502 6.755568890105172 6.890286341235841 7.02500379236651 7.15972124349718 7.294438694627849 7.187805830621072 6.823164024124873 6.458522217628052 6.0938804111318525 5.729238604635653 5.364596798139454 4.999954991643255 4.635313185147056 4.2706713786508566 3.906029572154657 3.5413877656584583 3.1767459591622593 2.908190024141979 2.742352057902055 2.576514091662131 2.410676125421925 2.244838159182001 2.079000192942077 1.9131622267021535 1.7473242604622297 1.581486294222306 1.4156483279823822 1.2498103617424585 1.0839723955025347 0.9882546484237645 0.9674970009502023 0.9467393534766402 0.9259817060030779 0.9052240585294804 0.8844664110559182 0.863708763582356
4.1439766850307285 4.593535647593064 5.043094610155398 5.4926535727177335 5.7923683964639725 5.931896448968925 6.071424501473641 6.210952553978355 6.35048060648307 6.490008658987785 6.6295367114924995 6.769064763997214 6.90859281650193 7.048120869006644 7.187648921511359 7.327176974016074 7.222472162067838 6.856676897253268 6.490881632438074 6.125086367623505 5.759291102808935 5.393495837994365 5.027700573179796 4.661905308365226 4.296110043550657 3.930314778736087 3.564519513921517 3.198724249106948 2.928345135659295 2.759968045055395 2.5915909544514952 2.423213863847308 2.254836773243408 2.086459682639508 1.9180825920356082 1.7497055014317082 1.5813284108278083 1.4129513202239083 1.2445742296200084 1.0761971390161083 0.9799013987271794 0.9606622515853728 0.9414231044435662 0.9221839573017597 0.9029448101599203 0.8837056630181138 0.8644665158763072
3.9733546306009218 4.402687993905376 4.83202135720983 5.261354720514284 5.549279289460392 5.686034661050134 5.8227900326396425 5.959545404229151 6.0963007758186585 6.233056147408167 6.369811518997675 6.506566890587184 6.643322262176692 6.780077633766201 6.916833005355709 7.053588376945217 6.954811923446592 6.604246624845424 6.253681326243657 5.903116027642489 5.55255072904132 5.201985430440152 4.851420131838983 4.500854833237814 4.150289534636645 3.799724236035477 3.449158937434308 3.0985936388331394 2.8387867204323673 2.676002562202079 2.513218403971791 2.350434245741225 2.187650087510937 2.024865929280648 1.8620817710503599 1.6992976128200716 1.5365134545897834 1.373729296359495 1.2109451381292067 1.0481609798989182 0.9555428952923765 0.937933929748261 0.9203249642041453 0.9027159986600297 0.8851070331158841 0.8674980675717685 0.8498891020276529
3.6283453455219123 4.020399379266036 4.41245341301016 4.804507446754283 5.067912623123886 5.193789263178857 5.319665903233615 5.445542543288371 5.571419183343128 5.6972958233978845 5.823172463452641 5.949049103507399 6.074925743562155 6.200802383616912 6.326679023671669 6.452555663726425 6.363983643978693 6.046161159393552 5.728338674807871 5.41051619022273 5.09269370563759 4.77487122105245 4.457048736467311 4.139226251882171 3.8214037672970305 3.5035812827118904 3.1857587981267503 2.8679363135416103 2.6319514628679026 2.483452892914241 2.33495432296058 2.1864557530066655 2.0379571830530043 1.8894586130993427 1.7409600431456815 1.5924614731920201 1.443962903238359 1.2954643332846976 1.1469657633310362 0.998467193377375 0.9140757847885029 0.8982163810735395 0.8823569773585762 0.8664975736436128 0.8506381699286224 0.834778766213659 0.8189193624986956
