Figures/CREST_Example_wjb_NSE/Rolling_result/20100722/BJP_forecast/ens_16/wjb.rain.20100723.asc
ncols            288
nrows            254
xllcorner        113.274861
yllcorner        31.4918055
cellsize         0.008333333333
NODATA_value     -9999
[rows 95 to 113 of 254, columns 132 to 175 of 288]
0.30266469535393 0.2923240234721681 0.2819833515904062 0.35772434909819306 0.5254885980794177 0.6932528470606423 0.8610170960418669 1.0287813450230914 1.1965455940043161 1.3643098429855407 1.5320740919667655 1.699838340948276 1.8676025899295008 2.0353668389107256 2.2031310878919497 2.2446504924997095 2.1512113029528392 2.0577721134059694 1.9643329238590996 1.8708937343122296 1.7774545447653596 1.6840153552184898 1.59057616567162 1.49713697612475 1.4036977865777207 1.3102585970308507 1.2168194074839809 1.3226009306857325 1.6413539023776287 1.9601068740695247 2.2788598457614206 2.597612817453317 2.916365789145213 3.235118760837109 3.5538717325290046 3.872624704220901 4.191377675912797 4.510130647605236 4.828883619297133 4.9939381406084244 4.99468554134141 4.995432942074396 4.996180342807383 4.996927743540369
0.33153571309815594 0.3202086502498611 0.30888158740156624 0.38536437178597593 0.555717868844092 0.726071365902208 0.8964248629603241 1.0667783600184402 1.2371318570765562 1.4074853541346726 1.5778388511927885 1.748192348251195 1.918545845309311 2.0888993423674274 2.2592528394255433 2.297750062229773 2.1952899454128363 2.0928298285958995 1.990369711778963 1.8879095949620261 1.7854494781450896 1.6829893613281528 1.5805292445112162 1.4780691276942797 1.3756090108771684 1.2731488940602316 1.1706887772432948 1.2803916957838029 1.6169016984509248 1.953411701118047 2.2899217037851693 2.626431706452291 2.9629417091194132 3.299451711786535 3.635961714453657 3.9724717171207793 4.3089817197879015 4.645491722455597 4.9820017251227195 5.158064103437734 5.162604341512284 5.167144579586833 5.171684817661383 5.176225055735933
0.34246380366732343 0.33087026376761275 0.31927672386790207 0.39493878075892885 0.5638790440658015 0.7328193073726742 0.9017595706795468 1.0706998339864195 1.2396400972932922 1.408580360600165 1.5775206239070374 1.7464608872141985 1.9154011505210708 2.0843414138279437 2.253281677134816 2.2910000790255975 2.1884393429685365 2.085878606911475 1.9833178708544137 1.8807571347973524 1.7781963987402911 1.6756356626832298 1.5730749266261683 1.4705141905691073 1.3679534545118708 1.2653927184548097 1.1628319823977482 1.2758384729313854 1.6192912050260262 1.962743937120667 2.306196669215308 2.6496494013099485 2.993102133404589 3.33655486549923 3.680007597593871 4.023460329688512 4.366913061783152 4.710365793878379 5.0538185259730195 5.236453891908188 5.247171855246147 5.257889818584104 5.268607781922062 5.27932574526002
0.3342120363286159 0.32312156196455644 0.312031087600497 0.38520218764797076 0.5484508164725728 0.7116994452971748 0.8749480741217768 1.0381967029463788 1.2014453317709808 1.3646939605955828 1.5279425894201848 1.6911912182450652 1.8544398470696672 2.017688475894269 2.180937104718871 2.2202746970512126 2.127148588642097 2.0340224802329807 1.9408963718238652 1.8477702634147495 1.7546441550056335 1.6615180465965178 1.568391938187402 1.4752658297782864 1.3821397213690116 1.289013612959896 1.1958875045507802 1.311537152872794 1.6503728078464295 1.989208462820065 2.3280441177937004 2.666879772767336 3.005715427740972 3.3445510827146068 3.6833867376882425 4.022222392661878 4.361058047635514 4.699893702609727 5.038729357583363 5.2231971153715095 5.242642098802032 5.262087082232554 5.281532065663077 5.300977049093599
0.32596026898991537 0.3153728601615068 0.3047854513330981 0.375465594537021 0.5330225888793572 0.6905795832216933 0.8481365775640295 1.0056935719063658 1.1632505662487018 1.320807560591038 1.4783645549333742 1.635921549275979 1.7934785436183154 1.9510355379606514 2.1085925323029877 2.149549315076887 2.0658578343157092 1.9821663535545309 1.8984748727933527 1.8147833920321745 1.7310919112709962 1.647400430509818 1.5637089497486398 1.4800174689874614 1.3963259882261405 1.3126345074649621 1.2289430267037842 1.3472358328141723 1.6814544106668063 2.015672988519441 2.349891566372075 2.684110144224709 3.018328722077343 3.3525472999299772 3.6867658777826113 4.020984455635245 4.3552030334878795 4.689421611341084 5.023640189193718 5.209940338834843 5.238112342357923 5.266284345881002 5.294456349404081 5.32262835292716
0.317708501651215 0.30762415835845713 0.29753981506569926 0.36572900142607123 0.5175943612861416 0.6694597211462119 0.8213250810062823 0.9731904408663526 1.125055800726423 1.2769211605864934 1.4287865204465637 1.5806518803068932 1.7325172401669633 1.8843826000270338 2.036247959887104 2.078823933102562 2.0045670799893216 1.9303102268760808 1.8560533737628402 1.7817965206495994 1.7075396675363588 1.633282814423118 1.5590259613098771 1.4847691081966365 1.4105122550832694 1.3362554019700286 1.2619985488567877 1.3829345127555506 1.7125360134871832 2.042137514218816 2.3717390149504487 2.701340515682081 3.030942016413714 3.360543517145347 3.6901450178769792 4.019746518608612 4.349348019340245 4.67894952007244 5.008551020804072 5.196683562298176 5.233582585913813 5.270481609529449 5.307380633145085 5.344279656760722
0.3094567343125145 0.2998754565554075 0.29029417879830044 0.35599240831512147 0.5021661336929261 0.6483398590707307 0.7945135844485351 0.9406873098263397 1.0868610352041443 1.233034760581949 1.3792084859597535 1.5253822113378075 1.671555936715612 1.8177296620934167 1.9639033874712213 2.0080985511282377 1.9432763256629344 1.8784541001976311 1.813631874732328 1.7488096492670246 1.6839874238017214 1.6191651983364181 1.554342972871115 1.4895207474058116 1.424698521940398 1.3598762964750948 1.2950540710097915 1.418633192696929 1.7436176163075603 2.0686020399181917 2.393586463528823 2.718570887139454 3.0435553107500857 3.368539734360717 3.6935241579713485 4.01850858158198 4.343493005192611 4.668477428803797 4.993461852414428 5.18342678576151 5.229052829469703 5.274678873177896 5.32030491688609 5.365930960594283
0.301204966973814 0.2921267547523578 0.2830485425309015 0.3462558152041717 0.48673790609971046 0.6272199969952492 0.7677020878907881 0.9081841787863268 1.0486662696818656 1.1891483605774045 1.3296304514729431 1.4701125423687216 1.6105946332642604 1.751076724159799 1.891558815055338 1.9373731691539124 1.8819855713365468 1.826597973519181 1.7712103757018154 1.7158227778844497 1.660435180067084 1.6050475822497183 1.5496599844323526 1.494272386614987 1.4388847887975267 1.383497190980161 1.3281095931627953 1.4543318726383072 1.7746992191279372 2.095066565617567 2.415433912107197 2.735801258596827 3.056168605086457 3.376535951576087 3.696903298065717 4.017270644555347 4.337637991044977 4.658005337535153 4.978372684024783 5.170170009224842 5.224523073025593 5.2788761368263435 5.333229200627094 5.387582264427844
0.2929531996351135 0.28437805294930807 0.2758029062635027 0.33651922209322194 0.4713096785064949 0.6061001349197679 0.7408905913330409 0.875681047746314 1.0104715041595869 1.1452619605728598 1.2800524169861327 1.4148428733996357 1.5496333298129086 1.6844237862261817 1.8192142426394546 1.8666477871795875 1.8206948170101591 1.774741846840731 1.7287888766713029 1.6828359065018748 1.6368829363324466 1.5909299661630183 1.5449769959935902 1.499024025824162 1.4530710556546556 1.4071180854852272 1.361165115315799 1.4900305525796855 1.805780821948314 2.1215310913169425 2.4372813606855708 2.7530316300541995 3.068781899422828 3.3845321687914565 3.700282438160085 4.016032707528714 4.331782976897342 4.647533246266509 4.963283515635137 5.156913232688175 5.2199933165814825 5.28307340047479 5.346153484368098 5.4092335682614054
0.28470143229641304 0.2766293511462584 0.26855726999610374 0.32678262898227217 0.45588145091327936 0.5849802728442866 0.7140790947752937 0.8431779167063008 0.972276738637308 1.1013755605683153 1.2304743824993225 1.3595732044305495 1.4886720263615567 1.617770848292564 1.746869670223571 1.7959224052052625 1.759404062683772 1.7228857201622811 1.6863673776407906 1.6498490351192998 1.6133306925978093 1.5768123500763185 1.540294007554828 1.5037756650333371 1.4672573225117842 1.4307389799902936 1.3942206374688029 1.5257292325210638 1.8368624247686909 2.147995617016318 2.4591288092639454 2.7702620015115724 3.0813951937591995 3.392528386006827 3.7036615782544535 4.014794770502081 4.3259279627497085 4.637061154997866 4.948194347245493 5.143656456151509 5.2154635601373736 5.287270664123238 5.359077768109103 5.430884872094967
0.2764496649577055 0.2688806493432021 0.2613116337286987 0.3170460358713141 0.44045322332005066 0.5638604107687871 0.6872675982175236 0.8106747856662602 0.9340819731149967 1.0574891605637333 1.1808963480124697 1.3043035354614168 1.4277107229101533 1.5511179103588897 1.6745250978076263 1.725197023230877 1.698113308357332 1.6710295934837869 1.6439458786102419 1.6168621637366967 1.5897784488631517 1.5626947339896067 1.5356110191160615 1.5085273042425165 1.481443589368925 1.45435987449538 1.4272761596218349 1.5614279124624726 1.8679440275890944 2.1744601427157164 2.4809762578423378 2.78749237296896 3.0940084880955814 3.4005246032222036 3.7070407183488254 4.013556833475447 4.3200729486020695 4.626589063729213 4.933105178855835 5.13039967961483 5.210933803693259 5.291467927771688 5.372002051850117 5.452536175928547
0.26819789761900503 0.26113194754015245 0.2540659974612999 0.3073094427603643 0.42502499572683505 0.5427405486933057 0.6604561016597764 0.7781716546262472 0.8958872075927178 1.0136027605591886 1.1313183135256593 1.2490338664923306 1.3667494194588015 1.484464972425272 1.6021805253917427 1.654471641256552 1.6368225540309445 1.6191734668053368 1.6015243795797294 1.5838752923541217 1.5662262051285143 1.5485771179029066 1.530928030677299 1.5132789434516916 1.495629856226054 1.4779807690004463 1.4603316817748389 1.597126592403851 1.8990256304094713 2.200924668415092 2.5028237064207124 2.804722744426333 3.106621782431953 3.408520820437573 3.7104198584431938 4.012318896448814 4.314217934454435 4.61611697246057 4.91801601046619 5.117142903078164 5.2064040472491495 5.295665191420135 5.384926335591122 5.474187479762108
0.25994613028030455 0.2533832457371028 0.246820361193901 0.29757284964941455 0.40959676813361945 0.5216206866178243 0.6336446051020292 0.7456685235862341 0.857692442070439 0.9697163605546439 1.0817402790388488 1.1937641975232447 1.3057881160074498 1.4178120344916547 1.5298359529758596 1.5837462592822271 1.575531799704557 1.567317340126887 1.559102880549217 1.550888420971547 1.542673961393877 1.5344595018162068 1.5262450422385367 1.5180305826608667 1.5098161230831826 1.5016016635055125 1.4933872039278424 1.6328252723452292 1.9301072332298481 2.2273891941144672 2.524671154999086 2.821953115883705 3.1192350767683243 3.4165170376529432 3.713798998537562 4.0110809594221815 4.3083629203068 4.605644881191926 4.902926842076545 5.1038861265414965 5.20187429080504 5.299862455068583 5.397850619332126 5.495838783595669
0.2516943629416041 0.2456345439340531 0.23957472492650211 0.2878362565384648 0.3941685405404039 0.500500824542343 0.6068331085442822 0.7131653925462212 0.8194976765481604 0.9258299605500995 1.0321622445520386 1.138494528554159 1.2448268125560982 1.3511590965580373 1.4574913805599763 1.5130208773079024 1.5142410453781696 1.515461213448437 1.5166813815187046 1.517901549588972 1.5191217176592395 1.520341885729507 1.5215620537997745 1.522782221870042 1.5240023899403115 1.525222558010579 1.5264427260808464 1.6685239522866073 1.961188836050225 2.2538537198138426 2.5465186035774603 2.839183487341078 3.1318483711046956 3.4245132548683133 3.7171781386319314 4.009843022395549 4.302507906159167 4.595172789923283 4.887837673686901 5.090629350004829 5.197344534360929 5.3040597187170295 5.41077490307313 5.51749008742923
0.2374648962656608 0.23189860161140727 0.22633230695715373 0.2716788110220476 0.3714522484047269 0.47122568578740626 0.5709991231700856 0.6707725605527649 0.7705459979354443 0.8703194353181237 0.970092872700803 1.0698663100836525 1.1696397474663318 1.2694131848490111 1.3691866222316904 1.423477405131004 1.4291462016200271 1.4348149981090506 1.4404837945980737 1.4461525910870972 1.4518213875761203 1.4574901840651437 1.463158980554167 1.4688277770431903 1.4744965735322233 1.4801653700212465 1.48583416651027 1.6261917269630963 1.910534622881082 2.1948775187990677 2.479220414717053 2.7635633106350386 3.047906206553024 3.3322491024710095 3.616591998388995 3.900934894306981 4.185277790224966 4.469620686143436 4.753963582061422 4.953526111750419 5.062456511953631 5.171386912156843 5.280317312360055 5.389247712563268
0.21684564586013474 0.2117626766367634 0.20667970741339203 0.24865787908454315 0.3409454747465971 0.43323307040865106 0.525520666070705 0.6178082617327589 0.710095857394813 0.8023834530568669 0.8946710487189208 0.9869586443811321 1.0792462400431861 1.17153383570524 1.263821431367294 1.3138185809073626 1.3186062869796955 1.3233939930520284 1.3281816991243613 1.3329694051966943 1.3377571112690272 1.34254481734136 1.347332523413693 1.352120229486026 1.356907935558367 1.3616956416307 1.366483347703033 1.5004493833421035 1.7725099754246063 2.044570567507109 2.3166311595896123 2.588691751672115 2.8607523437546183 3.132812935837121 3.404873527919624 3.6769341200021266 3.9489947120846294 4.221055304167597 4.493115896250099 4.684038813775895 4.788223721622223 4.892408629468551 4.996593537314879 5.100778445161206
0.1962263954545911 0.19162675166210238 0.18702710786961363 0.2256369471470191 0.3104387010884413 0.39524045502986344 0.4800422089712856 0.5648439629127078 0.6496457168541299 0.7344474707955521 0.8192492247369743 0.904050978678541 0.9888527326199632 1.0736544865613853 1.1584562405028076 1.2041597566836275 1.2080663723392693 1.211972987994911 1.2158796036505528 1.2197862193061948 1.2236928349618366 1.2275994506174783 1.23150606627312 1.235412681928762 1.2393192975844105 1.2432259132400523 1.2471325288956943 1.3747070397210033 1.6344853279680132 1.894263616215023 2.1540419044620327 2.413820192709043 2.673598480956053 2.9333767692030626 3.193155057450072 3.4529333456970823 3.7127116339440924 3.972489922191545 4.232268210438555 4.414551515801142 4.513990931290581 4.61343034678002 4.712869762269459 4.812309177758898
0.17560714504906505 0.17149082668745852 0.16737450832585193 0.20261601520951467 0.2799319274303115 0.3572478396511082 0.434563751871905 0.5118796640927017 0.5891955763134985 0.6665114885342953 0.743827400755092 0.8211433129760206 0.8984592251968174 0.9757751374176142 1.053091049638411 1.094500932459986 1.0975264576989374 1.100551982937889 1.1035775081768404 1.1066030334157917 1.1096285586547432 1.1126540838936947 1.1156796091326462 1.1187051343715977 1.1217306596105543 1.1247561848495056 1.127781710088457 1.24896469610001 1.4964606805115372 1.7439566649230644 1.9914526493345917 2.2389486337461193 2.4864446181576465 2.7339406025691737 2.981436586980701 3.228932571392228 3.4764285558037553 3.7239245402157044 3.9714205246272316 4.145064217826619 4.2397581409591725 4.334452064091727 4.429145987224282 4.523839910356836
0.15498789464353901 0.15135490171281463 0.14772190878209027 0.17959508327201024 0.2494251537721816 0.319255224272353 0.38908529477252435 0.4589153652726957 0.5287454357728671 0.5985755062730385 0.6684055767732099 0.7382356472735003 0.8080657177736716 0.8778957882738431 0.9477258587740144 0.9848421082363447 0.9869865430586057 0.9891309778808668 0.9912754127031278 0.9934198475253889 0.9955642823476499 0.997708717169911 0.9998531519921722 1.0019975868144333 1.0041420216366979 1.006286456458959 1.00843089128122 1.123222352479017 1.3584360330550616 1.5936497136311063 1.828863394207151 2.064077074783196 2.29929075535924 2.534504435935285 2.7697181165113296 3.004931797087374 3.240145477663419 3.475359158239865 3.710572838815909 3.8755769198520946 3.9655253506277646 4.0554737814034345 4.1454222121791044 4.235370642954774
