Figures/CREST_Example_wjb_NSE/Rolling_result/20100722/raw_forecast_backup/ens_0/wjb.rain.20100730.asc
ncols            288
nrows            254
xllcorner        113.274861
yllcorner        31.4918055
cellsize         0.008333333333
NODATA_value     -9999
[rows 40 to 59 of 254, columns 45 to 89 of 288]
12.949408991310731 13.25314397718299 13.556878963055247 13.860613948927506 14.164348934799765 14.468083920672022 14.771818906544281 15.075553892417059 15.379288878289316 15.683023864161575 15.986758850033834 16.29049383590609 16.39931661969005 16.299773853745908 16.200231087801765 16.10068832185762 16.001145555913478 15.901602789969335 15.80206002402519 15.702517258081047 15.602974492136735 15.503431726192591 15.403888960248448 15.304346194304303 15.20480342836016 15.105260662416017 15.005717896471873 14.90617513052773 14.806632364583587 14.707089598639444 14.6075468326953 14.508004066751157 14.408461300807012 14.3089185348627 14.209375768918557 14.109833002974414 14.010290237030269 13.910747471086125 13.811204705141982 13.711661939197839 13.612119173253696 13.512576407309552 13.29374389962171 12.947387961032485 12.601032022443258
13.043377291498174 13.348012276776963 13.652647262055751 13.95728224733454 14.261917232613328 14.566552217892117 14.871187203170905 15.175822188450214 15.480457173729004 15.785092159007792 16.08972714428658 16.39436212956537 16.502473846609067 16.400497747798028 16.298521648986988 16.196545550175944 16.094569451364904 15.992593352553865 15.890617253742825 15.788641154931783 15.68666505612057 15.584688957309528 15.482712858498488 15.380736759687448 15.278760660876406 15.176784562065366 15.074808463254325 14.972832364443285 14.870856265632245 14.768880166821203 14.666904068010163 14.564927969199122 14.462951870388082 14.360975771576868 14.258999672765826 14.157023573954786 14.055047475143745 13.953071376332705 13.851095277521665 13.749119178710624 13.647143079899582 13.545166981088542 13.324121319561367 12.97578760349122 12.627453887421074
13.13734559168562 13.44288057637094 13.748415561056259 14.053950545741577 14.359485530426896 14.665020515112214 14.970555499797534 15.276090484483376 15.581625469168694 15.887160453854014 16.19269543853933 16.49823042322465 16.605631073528087 16.50122164185015 16.39681221017221 16.292402778494274 16.187993346816338 16.083583915138398 15.979174483460461 15.874765051782523 15.770355620104407 15.665946188426469 15.56153675674853 15.457127325070594 15.352717893392656 15.248308461714718 15.14389903003678 15.039489598358841 14.935080166680905 14.830670735002967 14.726261303325028 14.62185187164709 14.517442439969152 14.413033008291038 14.3086235766131 14.204214144935161 14.099804713257223 13.995395281579285 13.890985849901348 13.78657641822341 13.682166986545472 13.577757554867533 13.354498739501025 13.004187245949959 12.653875752398893
13.218549358351254 13.524441927934033 13.830334497516812 14.136227067099592 14.44211963668237 14.748012206265152 15.05390477584793 15.359797345431232 15.66568991501401 15.97158248459679 16.27747505417957 16.58336762376235 16.69038692860903 16.584806218223274 16.479225507837516 16.37364479745176 16.268064087066005 16.16248337668025 16.056902666294494 15.951321955908739 15.845741245522802 15.740160535137047 15.634579824751292 15.528999114365536 15.42341840397978 15.317837693594024 15.212256983208269 15.106676272822513 15.001095562436756 14.895514852051 14.789934141665245 14.68435343127949 14.578772720893735 14.473192010507798 14.367611300122043 14.262030589736288 14.15644987935053 14.050869168964775 13.94528845857902 13.839707748193263 13.734127037807507 13.628546327421752 13.404518107351954 13.053866821494259 12.703215535636563
13.286108643561782 13.591778991134284 13.897449338706785 14.203119686279289 14.508790033851792 14.814460381424293 15.120130728996797 15.42580107656982 15.731471424142324 16.037141771714825 16.34281211928733 16.648482466859832 16.755472877510936 16.6500699447334 16.544667011955866 16.439264079178333 16.333861146400796 16.228458213623263 16.12305528084573 16.017652348068193 15.91224941529048 15.806846482512945 15.701443549735412 15.596040616957877 15.490637684180344 15.385234751402809 15.279831818625276 15.17442888584774 15.069025953070206 14.963623020292673 14.858220087515138 14.752817154737603 14.64741422196007 14.542011289182355 14.436608356404822 14.331205423627287 14.225802490849752 14.120399558072219 14.014996625294684 13.909593692517149 13.804190759739615 13.69878782696208 13.475533478978459 13.126293303680749 12.777053128383038
13.353667928772307 13.659116054334532 13.964564179896758 14.270012305458984 14.575460431021211 14.880908556583437 15.186356682145663 15.491804807708409 15.797252933270636 16.102701058832864 16.408149184395086 16.713597309957315 16.82055882641284 16.715333671243528 16.610108516074213 16.504883360904902 16.399658205735587 16.294433050566276 16.18920789539696 16.08398274022765 15.978757585058158 15.873532429888845 15.768307274719533 15.66308211955022 15.557856964380907 15.452631809211594 15.347406654042281 15.242181498872968 15.136956343703655 15.031731188534343 14.92650603336503 14.821280878195715 14.716055723026404 14.610830567856912 14.505605412687597 14.400380257518286 14.295155102348971 14.18992994717966 14.084704792010346 13.979479636841033 13.87425448167172 13.769029326502407 13.54654885060496 13.198719785867237 12.850890721129513
13.421227213982894 13.726453117534842 14.031679021086791 14.336904924638741 14.642130828190691 14.947356731742639 15.252582635294587 15.557808538847057 15.863034442399005 16.168260345950955 16.473486249502905 16.778712153054855 16.885644775314802 16.780597397753713 16.67555002019262 16.570502642631528 16.46545526507044 16.360407887509346 16.255360509948254 16.150313132387165 16.045265754825895 15.940218377264802 15.835170999703712 15.730123622142619 15.625076244581528 15.520028867020438 15.414981489459345 15.309934111898254 15.204886734337164 15.099839356776071 14.99479197921498 14.889744601653888 14.784697224092797 14.679649846531527 14.574602468970436 14.469555091409344 14.364507713848253 14.259460336287162 14.15441295872607 14.04936558116498 13.944318203603888 13.839270826042796 13.617564222231525 13.271146268053789 12.924728313876052
13.48878649919342 13.793790180735094 14.098793862276766 14.403797543818438 14.70880122536011 15.013804906901782 15.318808588443455 15.623812269985645 15.92881595152732 16.23381963306899 16.538823314610664 16.843826996152334 16.950730724216708 16.845861124263838 16.74099152431097 16.6361219243581 16.53125232440523 16.42638272445236 16.32151312449949 16.21664352454662 16.11177392459357 16.0069043246407 15.902034724687832 15.797165124734962 15.692295524782091 15.587425924829223 15.482556324876352 15.377686724923482 15.272817124970612 15.167947525017743 15.063077925064873 14.958208325112002 14.853338725159134 14.748469125206084 14.643599525253215 14.538729925300345 14.433860325347474 14.328990725394604 14.224121125441734 14.119251525488865 14.014381925535995 13.909512325583126 13.688579593858028 13.343572750240279 12.998565906622527
13.55634578440395 13.861127243935346 14.16590870346674 14.470690162998137 14.775471622529533 15.080253082060928 15.385034541592322 15.689816001124239 15.994597460655633 16.29937892018703 16.604160379718422 16.90894183924982 17.015816673118618 16.91112485077397 16.80643302842932 16.701741206084673 16.597049383740025 16.492357561395377 16.38766573905073 16.28297391670608 16.17828209436125 16.073590272016602 15.968898449671954 15.864206627327306 15.759514804982658 15.654822982638008 15.55013116029336 15.445439337948711 15.340747515604063 15.236055693259413 15.131363870914765 15.026672048570116 14.921980226225468 14.81728840388064 14.712596581535992 14.607904759191344 14.503212936846694 14.398521114502046 14.293829292157398 14.18913746981275 14.084445647468101 13.979753825123453 13.759594965484531 13.415999232426767 13.072403499369003
13.623905069614477 13.928464307135595 14.233023544656714 14.537582782177834 14.842142019698953 15.146701257220071 15.45126049474119 15.755819732262829 16.060378969783947 16.364938207305066 16.669497444826185 16.974056682347303 17.080902622020524 16.976388577284098 16.871874532547672 16.767360487811242 16.662846443074816 16.55833239833839 16.45381835360196 16.349304308865534 16.24479026412893 16.1402762193925 16.035762174656075 15.931248129919648 15.82673408518322 15.722220040446793 15.617705995710367 15.513191950973939 15.408677906237513 15.304163861501085 15.199649816764659 15.09513577202823 14.990621727291803 14.886107682555197 14.781593637818771 14.677079593082343 14.572565548345917 14.46805150360949 14.363537458873061 14.259023414136635 14.154509369400207 14.049995324663781 13.830610337111034 13.488425714613257 13.146241092115478
13.691464354825005 13.995801370335847 14.300138385846688 14.604475401357531 14.908812416868372 15.213149432379215 15.517486447890057 15.821823463401417 16.12616047891226 16.4304974944231 16.734834509933943 17.039171525444786 17.14598857092243 17.041652303794226 16.93731603666602 16.832979769537815 16.728643502409607 16.624307235281403 16.519970968153196 16.41563470102499 16.311298433896606 16.206962166768403 16.102625899640195 15.99828963251199 15.893953365383783 15.789617098255578 15.685280831127372 15.580944563999168 15.47660829687096 15.372272029742756 15.26793576261455 15.163599495486345 15.05926322835814 14.954926961229756 14.850590694101548 14.746254426973344 14.641918159845137 14.537581892716933 14.433245625588727 14.328909358460521 14.224573091332315 14.12023682420411 13.901625708737539 13.560852196799747 13.220078684861953
13.759023640035533 14.063138433536096 14.367253227036663 14.671368020537228 14.975482814037793 15.279597607538358 15.583712401038923 15.887827194540007 16.191941988040572 16.496056781541135 16.800171575041702 17.10428636854227 17.211074519824336 17.10691603030435 17.00275754078437 16.898599051264384 16.7944405617444 16.690282072224417 16.58612358270443 16.481965093184446 16.377806603664286 16.2736481141443 16.169489624624315 16.065331135104334 15.961172645584348 15.857014156064363 15.752855666544379 15.648697177024395 15.54453868750441 15.440380197984426 15.336221708464443 15.232063218944457 15.127904729424474 15.023746239904312 14.919587750384327 14.815429260864343 14.71127077134436 14.607112281824374 14.50295379230439 14.398795302784407 14.294636813264422 14.190478323744438 13.972641080364042 13.633278678986237 13.29391627760843
13.826582925246061 14.130475496736349 14.434368068226636 14.738260639716925 15.042153211207214 15.346045782697502 15.649938354187789 15.953830925678595 16.257723497168882 16.561616068659173 16.86550864014946 17.16940121163975 17.276160468726243 17.17217975681448 17.068199044902716 16.964218332990953 16.86023762107919 16.756256909167426 16.652276197255667 16.548295485343903 16.444314773431962 16.3403340615202 16.236353349608436 16.132372637696673 16.02839192578491 15.924411213873148 15.820430501961384 15.716449790049623 15.61246907813786 15.508488366226096 15.404507654314333 15.30052694240257 15.196546230490808 15.092565518578867 14.988584806667104 14.884604094755343 14.78062338284358 14.676642670931816 14.572661959020053 14.46868124710829 14.364700535196528 14.260719823284765 14.043656451990545 13.705705161172725 13.367753870354903
13.894142210456646 14.197812559936658 14.50148290941667 14.80515325889668 15.108823608376692 15.412493957856704 15.716164307336715 16.019834656817242 16.323505006297253 16.62717535577727 16.930845705257276 17.23451605473729 17.341246417628206 17.237443483324665 17.133640549021123 17.029837614717582 16.92603468041404 16.8222317461105 16.71842881180696 16.614625877503418 16.5108229431997 16.407020008896158 16.303217074592617 16.199414140289075 16.095611205985534 15.991808271681991 15.88800533737845 15.784202403074909 15.680399468771368 15.576596534467827 15.472793600164286 15.368990665860743 15.265187731557202 15.161384797253485 15.057581862949942 14.9537789286464 14.84997599434286 14.746173060039318 14.642370125735777 14.538567191432236 14.434764257128695 14.330961322825154 14.11467182361711 13.778131643359277 13.441591463101442
13.961701495667173 14.265149623136907 14.568597750606642 14.872045878076378 15.175494005546112 15.478942133015845 15.782390260485581 16.08583838795583 16.389286515425567 16.692734642895303 16.99618277036504 17.29963089783477 17.406332366530112 17.302707209834793 17.19908205313947 17.09545689644415 16.991831739748832 16.888206583053513 16.78458142635819 16.68095626966287 16.577331112967375 16.473705956272056 16.370080799576737 16.266455642881418 16.162830486186095 16.059205329490776 15.955580172795457 15.851955016100137 15.748329859404818 15.644704702709497 15.541079546014178 15.437454389318857 15.333829232623538 15.230204075928041 15.12657891923272 15.022953762537401 14.919328605842082 14.815703449146762 14.71207829245144 14.608453135756122 14.504827979060803 14.401202822365482 14.185687195243613 13.850558125545765 13.51542905584792
14.029260780877703 14.33248668633716 14.635712591796619 14.938938497256077 15.242164402715535 15.545390308174992 15.84861621363445 16.151842119094425 16.45506802455388 16.75829393001334 17.0615198354728 17.364745740932257 17.47141831543202 17.36797093634492 17.264523557257824 17.161076178170724 17.057628799083627 16.954181419996527 16.85073404090943 16.74728666182233 16.643839282735055 16.540391903647958 16.436944524560857 16.33349714547376 16.230049766386664 16.126602387299563 16.023155008212466 15.919707629125366 15.816260250038267 15.712812870951169 15.609365491864072 15.505918112776973 15.402470733689874 15.2990233546026 15.1955759755155 15.092128596428402 14.988681217341304 14.885233838254205 14.781786459167106 14.678339080080008 14.574891700992909 14.47144432190581 14.256702566870118 13.922984607732255 13.589266648594394
14.09682006608823 14.399823749537411 14.702827432986592 15.005831116435772 15.308834799884954 15.611838483334136 15.914842166783316 16.217845850233015 16.520849533682195 16.82385321713138 17.126856900580556 17.42986058402974 17.536504264333928 17.43323466285505 17.32996506137617 17.226695459897297 17.12342585841842 17.02015625693954 16.916886655460665 16.813617053981787 16.710347452502734 16.607077851023856 16.503808249544978 16.400538648066103 16.297269046587225 16.193999445108346 16.09072984362947 15.987460242150593 15.884190640671717 15.78092103919284 15.677651437713962 15.574381836235085 15.471112234756209 15.367842633277155 15.264573031798278 15.1613034303194 15.058033828840523 14.954764227361647 14.851494625882768 14.748225024403892 14.644955422925015 14.541685821446137 14.327717938496619 13.995411089918743 13.66310424134087
14.164379351298756 14.46716081273766 14.769942274176564 15.072723735615469 15.375505197054373 15.678286658493278 15.981068119932182 16.283849581371605 16.58663104281051 16.889412504249414 17.19219396568832 17.494975427127223 17.601590213235834 17.498498389365178 17.395406565494522 17.292314741623866 17.18922291775321 17.086131093882553 16.983039270011897 16.879947446141244 16.77685562227041 16.673763798399754 16.5706719745291 16.467580150658446 16.36448832678779 16.261396502917133 16.158304679046477 16.05521285517582 15.952121031305166 15.84902920743451 15.745937383563854 15.6428455596932 15.539753735822543 15.436661911951711 15.333570088081057 15.2304782642104 15.127386440339745 15.024294616469088 14.921202792598432 14.818110968727778 14.715019144857122 14.611927320986467 14.398733310123124 14.067837572105233 13.736941834087345
14.231938636509284 14.534497875937912 14.83705711536654 15.139616354795166 15.442175594223794 15.744734833652423 16.047294073081048 16.34985331251019 16.652412551938824 16.95497179136745 17.257531030796077 17.560090270224705 17.666676162137737 17.563762115875303 17.46084806961287 17.357934023350435 17.255019977088 17.152105930825567 17.049191884563133 16.9462778383007 16.84336379203809 16.740449745775656 16.637535699513222 16.534621653250788 16.431707606988354 16.328793560725916 16.225879514463482 16.12296546820105 16.020051421938614 15.91713737567618 15.814223329413746 15.711309283151312 15.608395236888878 15.505481190626268 15.402567144363834 15.2996530981014 15.196739051838966 15.093825005576532 14.990910959314098 14.887996913051664 14.785082866789228 14.682168820526794 14.469748681749627 14.140264054291723 13.81077942683382
14.299497921719869 14.601834939138222 14.90417195655657 15.206508973974923 15.508845991393272 15.811183008811623 16.113520026229974 16.415857043648842 16.71819406106719 17.02053107848554 17.322868095903893 17.625205113322245 17.7317621110397 17.629025842385488 17.526289573731276 17.423553305077064 17.320817036422852 17.218080767768637 17.115344499114425 17.012608230460213 16.909871961805823 16.80713569315161 16.7043994244974 16.601663155843188 16.498926887188972 16.39619061853476 16.293454349880548 16.190718081226336 16.087981812572124 15.985245543917909 15.882509275263697 15.779773006609485 15.677036737955271 15.574300469300884 15.471564200646672 15.368827931992458 15.266091663338246 15.163355394684032 15.06061912602982 14.957882857375608 14.855146588721395 14.752410320067181 14.54076405337619 14.212690536478274 13.884617019580357
