Figures/CREST_Example_wjb_NSE/Rolling_result/20100722/raw_forecast_backup/ens_0/wjb.rain.20100725.asc
ncols            288
nrows            254
xllcorner        113.274861
yllcorner        31.4918055
cellsize         0.008333333333
NODATA_value     -9999
[rows 80 to 99 of 254, columns 176 to 219 of 288]
14.63831500581085 14.515337700702824 14.362361901953255 14.209386103203684 14.056410304454115 13.903434505704544 13.750458706954712 13.597482908205142 13.444507109455571 13.291531310706002 13.138555511956431 12.98557971320686 12.832603914457291 12.67962811570772 12.52665231695815 12.37367651820858 12.22070071945901 12.06772492070944 11.914749121959868 11.761773323210038 11.608797524460467 11.455821725710898 11.302845926961327 11.149870128211756 10.996894329462187 10.843918530712616 10.690942731963045 10.537966933213475 10.384991134463906 10.232015335714333 -9999.0 -9999.0 -9999.0 -9999.0 -9999.0 -9999.0 -9999.0 -9999.0 -9999.0 -9999.0 -9999.0 -9999.0 -9999.0 -9999.0
14.826843590393418 14.70588428205845 14.546452927287602 14.387021572516753 14.227590217745904 14.068158862975055 13.908727508203935 13.749296153433088 13.589864798662239 13.43043344389139 13.271002089120541 13.111570734349693 12.952139379578844 12.792708024807997 12.633276670037148 12.4738453152663 12.31441396049545 12.154982605724602 11.995551250953753 11.836119896182632 11.676688541411785 11.517257186640936 11.357825831870088 11.198394477099239 11.03896312232839 10.879531767557541 10.720100412786692 10.560669058015844 10.401237703244995 10.241806348474146 -9999.0 -9999.0 -9999.0 -9999.0 -9999.0 -9999.0 -9999.0 -9999.0 -9999.0 -9999.0 -9999.0 -9999.0 -9999.0 -9999.0
15.015372174975983 14.896430863414073 14.730543952621947 14.56465704182982 14.398770131037693 14.232883220245567 14.066996309453158 13.901109398661031 13.735222487868905 13.569335577076778 13.40344866628465 13.237561755492523 13.071674844700397 12.90578793390827 12.739901023116143 12.574014112324017 12.40812720153189 12.242240290739764 12.076353379947637 11.910466469155228 11.7445795583631 11.578692647570973 11.412805736778846 11.24691882598672 11.081031915194593 10.915145004402467 10.74925809361034 10.583371182818214 10.417484272026087 -9999.0 -9999.0 -9999.0 -9999.0 -9999.0 -9999.0 -9999.0 -9999.0 -9999.0 -9999.0 -9999.0 -9999.0 -9999.0 -9999.0 -9999.0
15.203900759558548 15.086977444769698 14.914634977956293 14.742292511142887 14.569950044329483 14.397607577516078 14.225265110702379 14.052922643888975 13.880580177075569 13.708237710262164 13.53589524344876 13.363552776635355 13.19121030982195 13.018867843008545 12.846525376195139 12.674182909381734 12.50184044256833 12.329497975754926 12.15715550894152 11.984813042127822 11.812470575314416 11.640128108501012 11.467785641687607 11.295443174874201 11.123100708060797 10.950758241247392 10.778415774433988 10.606073307620582 10.433730840807177 -9999.0 -9999.0 -9999.0 -9999.0 -9999.0 -9999.0 -9999.0 -9999.0 -9999.0 -9999.0 -9999.0 -9999.0 -9999.0 -9999.0 -9999.0
15.392429344141114 15.277524026125322 15.098726003290638 14.919927980455954 14.741129957621272 14.562331934786588 14.3835339119516 14.204735889116918 14.025937866282234 13.847139843447552 13.668341820612868 13.489543797778186 13.310745774943502 13.131947752108818 12.953149729274136 12.774351706439454 12.59555368360477 12.416755660770086 12.237957637935404 12.059159615100416 11.880361592265732 11.70156356943105 11.522765546596366 11.343967523761684 11.165169500927 10.986371478092316 10.807573455257634 10.628775432422952 10.449977409588268 -9999.0 -9999.0 -9999.0 -9999.0 -9999.0 -9999.0 -9999.0 -9999.0 -9999.0 -9999.0 -9999.0 -9999.0 -9999.0 -9999.0 -9999.0
15.580957928723839 15.468070607481108 15.282817028625141 15.097563449769174 14.912309870913207 14.72705629205724 14.541802713200958 14.356549134344991 14.171295555489024 13.986041976633057 13.80078839777709 13.615534818921123 13.430281240065156 13.245027661209189 13.059774082353224 12.874520503497257 12.68926692464129 12.504013345785323 12.318759766929356 12.133506188073074 11.948252609217107 11.76299903036114 11.577745451505173 11.392491872649206 11.207238293793239 11.021984714937272 10.836731136081305 10.65147755722534 10.466223978369372 10.280970399513405 -9999.0 -9999.0 10.000934997702615 10.001565338901973 -9999.0 -9999.0 -9999.0 -9999.0 -9999.0 -9999.0 -9999.0 -9999.0 -9999.0 -9999.0
15.769486513306404 15.65861718883673 15.466908053959486 15.275198919082241 15.083489784204996 14.891780649327751 14.70007151445018 14.508362379572935 14.31665324469569 14.124944109818443 13.933234974941199 13.741525840063954 13.549816705186709 13.358107570309464 13.16639843543222 12.974689300554974 12.78298016567773 12.591271030800485 12.39956189592324 12.207852761045668 12.016143626168423 11.824434491291179 11.632725356413932 11.441016221536689 11.249307086659442 11.0575979517822 10.865888816904953 10.674179682027708 10.482470547150463 10.290761412273218 10.099052277395973 9.998135087039381 9.99427653992241 9.990417992805446 9.98655944568848 -9999.0 -9999.0 -9999.0 -9999.0 -9999.0 -9999.0 -9999.0 -9999.0 -9999.0
15.95801509788897 15.849163770192355 15.65099907929383 15.452834388395308 15.254669697496785 15.056505006598261 14.858340315699401 14.660175624800878 14.462010933902354 14.263846243003831 14.065681552105309 13.867516861206784 13.669352170308262 13.471187479409739 13.273022788511216 13.074858097612692 12.87669340671417 12.678528715815647 12.480364024917122 12.282199334018262 12.08403464311974 11.885869952221217 11.687705261322693 11.489540570424168 11.291375879525646 11.093211188627123 10.8950464977286 10.696881806830078 10.498717115931553 10.30055242503303 10.102387734134506 9.99596551757551 9.987618082142207 9.979270646708917 9.970923211275629 -9999.0 -9999.0 -9999.0 -9999.0 -9999.0 -9999.0 -9999.0 -9999.0 -9999.0
16.14654368247154 16.03971035154798 15.83509010462818 15.630469857708377 15.425849610788577 15.221229363868774 15.016609116948624 14.811988870028824 14.607368623109021 14.40274837618922 14.198128129269419 13.993507882349617 13.788887635429816 13.584267388510014 13.379647141590212 13.175026894670411 12.970406647750611 12.765786400830809 12.561166153911007 12.356545906990856 12.151925660071056 11.947305413151255 11.742685166231453 11.538064919311651 11.333444672391849 11.128824425472049 10.924204178552248 10.719583931632446 10.514963684712644 10.310343437792843 10.105723190873043 9.993795948111638 9.980959624362002 9.96812330061239 9.955286976862777 -9999.0 -9999.0 -9999.0 -9999.0 -9999.0 -9999.0 -9999.0 -9999.0 -9999.0
16.3350722670541 16.230256932903604 16.019181129962522 15.808105327021444 15.597029524080364 15.385953721139286 15.174877918197845 14.963802115256765 14.752726312315687 14.541650509374607 14.330574706433527 14.119498903492447 13.908423100551367 13.697347297610289 13.486271494669209 13.275195691728129 13.06411988878705 12.853044085845971 12.641968282904891 12.43089247996345 12.219816677022372 12.008740874081292 11.797665071140212 11.586589268199134 11.375513465258052 11.164437662316974 10.953361859375894 10.742286056434814 10.531210253493736 10.320134450552656 10.109058647611576 9.991626378647766 9.9743011665818 9.956975954515862 9.939650742449926 9.922325530383988 -9999.0 -9999.0 -9999.0 -9999.0 -9999.0 -9999.0 -9999.0 -9999.0
16.52360085163667 16.420803514259227 16.20327215529687 15.985740796334511 15.768209437372153 15.550678078409796 15.333146719447068 15.11561536048471 14.898084001522353 14.680552642559995 14.463021283597637 14.24548992463528 14.027958565672922 13.810427206710564 13.592895847748206 13.375364488785848 13.15783312982349 12.940301770861133 12.722770411898775 12.505239052936044 12.287707693973687 12.070176335011329 11.852644976048971 11.635113617086613 11.417582258124256 11.200050899161898 10.98251954019954 10.764988181237182 10.547456822274825 10.329925463312467 10.112394104350109 9.989456809183894 9.967642708801597 9.945828608419335 9.924014508037073 9.902200407654812 -9999.0 -9999.0 -9999.0 -9999.0 -9999.0 -9999.0 -9999.0 -9999.0
16.712129436219232 16.61135009561485 16.387363180631215 16.163376265647578 15.939389350663943 15.715402435680307 15.49141552069629 15.267428605712652 15.043441690729017 14.819454775745381 14.595467860761746 14.37148094577811 14.147494030794473 13.923507115810837 13.699520200827202 13.475533285843566 13.25154637085993 13.027559455876293 12.803572540892658 12.57958562590864 12.355598710925005 12.131611795941367 11.907624880957732 11.683637965974096 11.459651050990459 11.235664136006825 11.011677221023188 10.787690306039552 10.563703391055917 10.33971647607228 10.115729561088646 9.987287239720022 9.960984251021392 9.934681262322806 -9999.0 -9999.0 -9999.0 -9999.0 -9999.0 -9999.0 9.75056034143271 -9999.0 9.69795436403554 -9999.0
16.90065802080196 16.80189667697064 16.57145420596572 16.341011734960798 16.11056926395588 15.88012679295096 15.649684321945648 15.419241850940727 15.188799379935809 14.958356908930888 14.727914437925968 14.497471966921049 14.267029495916129 14.03658702491121 13.80614455390629 13.575702082901369 13.34525961189645 13.114817140891532 12.884374669886611 12.653932198881298 12.42348972787638 12.19304725687146 11.962604785866539 11.732162314861618 11.5017198438567 11.271277372851781 11.04083490184686 10.81039243084194 10.579949959837021 10.349507488832103 10.119065017827182 9.985117670256148 9.954325793241184 9.923533916226269 -9999.0 -9999.0 -9999.0 -9999.0 -9999.0 9.738782654136791 9.707990777121879 9.677198900106966 9.646407023092053 -9999.0
17.089186605384526 16.99244325832626 16.755545231300065 16.518647204273865 16.28174917724767 16.044851150221472 15.807953123194869 15.57105509616867 15.334157069142472 15.097259042116274 14.860361015090078 14.62346298806388 14.386564961037681 14.149666934011485 13.912768906985285 13.675870879959088 13.43897285293289 13.202074825906692 12.965176798880496 12.728278771853892 12.491380744827694 12.254482717801498 12.0175846907753 11.780686663749101 11.543788636722903 11.306890609696705 11.069992582670508 10.83309455564431 10.596196528618112 10.359298501591914 10.122400474565715 9.982948100792276 9.947667335460979 9.912386570129742 9.877105804798505 -9999.0 -9999.0 -9999.0 -9999.0 9.70070197814232 9.665421212811083 9.630140447479846 9.594859682148607 -9999.0
17.27771518996709 17.182989839681884 16.939636256634408 16.696282673586932 16.452929090539456 16.20957550749198 15.96622192444409 15.722868341396614 15.479514758349138 15.236161175301662 14.992807592254186 14.74945400920671 14.506100426159234 14.262746843111758 14.019393260064282 13.776039677016806 13.53268609396933 13.289332510921854 13.045978927874378 12.802625344826488 12.559271761779012 12.315918178731536 12.07256459568406 11.829211012636582 11.585857429589106 11.34250384654163 11.099150263494154 10.855796680446678 10.612443097399202 10.369089514351726 10.12573593130425 9.980778531328404 9.941008877680776 9.901239224033214 9.861469570385653 9.821699916738092 -9999.0 -9999.0 -9999.0 9.662621302147848 9.622851648500287 9.583081994852725 9.543312341205164 9.503542687557603
17.466243774549657 17.37353642103751 17.123727281968755 16.873918142900003 16.624109003831247 16.37429986476249 16.124490725693313 15.874681586624558 15.624872447555804 15.37506330848705 15.125254169418294 14.87544503034954 14.625635891280787 14.375826752212033 14.12601761314328 13.876208474074524 13.62639933500577 13.376590195937016 13.12678105686826 12.876971917799082 12.627162778730327 12.377353639661573 12.127544500592819 11.877735361524064 11.62792622245531 11.378117083386556 11.128307944317802 10.878498805249048 10.628689666180293 10.378880527111539 10.129071388042785 9.978608961864532 9.934350419900571 9.890091877936687 9.845833335972802 9.801574794008916 9.757316252045031 9.713057710081147 9.66879916811726 9.624540626153376 9.580282084189491 9.536023542225607 9.49176500026172 9.447506458297836
17.65477235913222 17.564083002393133 17.3078183073031 17.05155361221307 16.795288917123035 16.539024222033003 16.282759526942534 16.026494831852503 15.77023013676247 15.513965441672436 15.257700746582405 15.001436051492371 14.74517135640234 14.488906661312306 14.232641966222275 13.976377271132243 13.72011257604221 13.463847880952176 13.207583185862145 12.951318490771676 12.695053795681643 12.43878910059161 12.182524405501578 11.926259710411546 11.669995015321515 11.413730320231481 11.157465625141448 10.901200930051417 10.644936234961385 10.388671539871352 10.132406844781318 9.97643939240066 9.927691962120369 9.87894453184016 9.83019710155995 9.781449671279741 9.732702240999531 9.683954810719323 9.635207380439114 9.586459950158904 9.537712519878696 9.488965089598485 9.440217659318277 9.391470229038068
17.843300943714787 17.754629583748756 17.491909332637444 17.229189081526137 16.966468830414826 16.703748579303515 16.441028328191756 16.178308077080445 15.915587825969135 15.652867574857824 15.390147323746513 15.127427072635204 14.864706821523892 14.601986570412581 14.33926631930127 14.07654606818996 13.81382581707865 13.55110556596734 13.28838531485603 13.02566506374427 12.76294481263296 12.500224561521648 12.237504310410337 11.974784059299028 11.712063808187718 11.449343557076407 11.186623305965096 10.923903054853785 10.661182803742474 10.398462552631164 10.135742301519853 9.974269822936789 9.921033504340166 9.867797185743632 9.8145608671471 9.761324548550565 9.708088229954033 9.654851911357499 9.601615592760966 9.548379274164432 9.4951429555679 9.441906636971368 9.388670318374833 9.335433999778301
18.03182952829751 17.94517616510454 17.676000357971947 17.406824550839353 17.13764874370676 16.868472936574165 16.599297129441112 16.330121322308518 16.060945515175924 15.79176970804333 15.522593900910735 15.25341809377814 14.984242286645546 14.715066479512952 14.445890672380358 14.176714865247764 13.90753905811517 13.638363250982575 13.369187443849981 13.100011636716927 12.830835829584332 12.56166002245174 12.292484215319146 12.023308408186551 11.754132601053957 11.484956793921363 11.215780986788769 10.946605179656174 10.67742937252358 10.408253565390986 10.139077758258392 9.972100253472915 9.914375046559956 9.856649839647094 9.798924632734234 9.741199425821373 9.683474218908511 9.625749011995651 9.56802380508279 9.510298598169928 9.452573391257069 9.394848184344207 9.337122977431346 9.279397770518486
18.220358112880074 18.135722746460164 17.860091383306294 17.58446002015242 17.308828656998546 17.033197293844676 16.757565930690333 16.48193456753646 16.20630320438259 15.930671841228715 15.655040478074843 15.379409114920971 15.103777751767097 14.828146388613225 14.552515025459353 14.276883662305481 14.00125229915161 13.725620935997735 13.449989572843863 13.174358209689522 12.898726846535649 12.623095483381777 12.347464120227905 12.07183275707403 11.79620139392016 11.520570030766287 11.244938667612415 10.969307304458543 10.693675941304669 10.418044578150798 10.142413214996925 9.969930684009043 9.907716588779753 9.845502493550567 9.783288398321382 9.721074303092196 9.658860207863013 9.596646112633827 9.534432017404642 9.472217922175457 9.410003826946273 9.347789731717087 9.285575636487902 9.223361541258717
