Figures/CREST_Example_wjb_NSE/Rolling_result/20100722/raw_forecast_backup/ens_0/wjb.rain.20100731.asc
ncols            288
nrows            254
xllcorner        113.274861
yllcorner        31.4918055
cellsize         0.008333333333
NODATA_value     -9999
[rows 171 to 189 of 254, columns 129 to 171 of 288]
0.719688977659635 0.7144704575385689 0.7092519374175117 0.7040334172964545 0.6988148971753972 0.6935963770543401 0.6883778569332829 0.6831593368122256 0.6779408166911685 0.6727222965701112 0.667503776449054 0.6622852563279968 0.6570667362069396 0.6518482160858824 0.6466296959648163 0.6414111758437591 0.6361926557227019 0.6309741356016447 0.6253000408959438 0.6191389266546632 0.6129778124133827 0.6068166981721022 0.6006555839308215 0.594494469689541 0.5883333554482605 0.5821722412069799 0.5760111269656993 0.5698500127244083 0.5636888984831278 0.5575277842418471 0.5513666700005666 0.5452055557592861 0.5390444415180055 0.5328833272767249 0.5267222130354444 0.5205610987941638 0.5143999845528833 0.5082388703116028 0.5020777560703222 0.4959166418290416 0.48975552758775054 0.48359441334647 0.47743329910518945
0.7269149059520131 0.7214741636882152 0.7160334214244264 0.7105926791606376 0.7051519368968489 0.6997111946330602 0.6942704523692714 0.6888297101054827 0.683388967841694 0.6779482255779052 0.6725074833141165 0.6670667410503277 0.661625998786539 0.6561852565227503 0.6507445142589523 0.6453037719951635 0.6398630297313748 0.634422287467586 0.6284722683527765 0.6219778207649438 0.6154833731771112 0.6089889255892786 0.6024944780014461 0.5960000304136134 0.5895055828257808 0.5830111352379482 0.5765166876501155 0.5700222400622719 0.5635277924744393 0.5570333448866067 0.550538897298774 0.5440444497109415 0.5375500021231089 0.5310555545352762 0.5245611069474436 0.518066659359611 0.5115722117717785 0.5050777641839458 0.4985833165961132 0.4920888690082806 0.4855944214204369 0.4790999738326043 0.4726055262447717
0.7341408342443912 0.7284778698378613 0.7228149054313411 0.7171519410248208 0.7114889766183006 0.7058260122117803 0.70016304780526 0.6945000833987397 0.6888371189922194 0.6831741545856992 0.6775111901791789 0.6718482257726587 0.6661852613661384 0.6605222969596182 0.6548593325530883 0.649196368146568 0.6435334037400477 0.6378704393335275 0.6316444958096091 0.6248167148752245 0.6179889339408398 0.6111611530064551 0.6043333720720705 0.5975055911376858 0.5906778102033011 0.5838500292689165 0.5770222483345318 0.5701944674001355 0.5633666864657508 0.5565389055313662 0.5497111245969815 0.5428833436625968 0.5360555627282122 0.5292277817938276 0.5224000008594428 0.5155722199250582 0.5087444389906736 0.5019166580562888 0.4950888771219042 0.48826109618751956 0.4814333152531232 0.47460553431873853 0.4677777533843539
0.7413667625367693 0.7354815759875075 0.7295963894382557 0.7237112028890039 0.7178260163397521 0.7119408297905003 0.7060556432412486 0.7001704566919967 0.694285270142745 0.6884000835934931 0.6825148970442414 0.6766297104949895 0.6707445239457378 0.664859337396486 0.6589741508472242 0.6530889642979724 0.6472037777487206 0.6413185911994688 0.6348167232664418 0.6276556089855051 0.6204944947045683 0.6133333804236316 0.6061722661426949 0.5990111518617582 0.5918500375808214 0.5846889232998848 0.5775278090189481 0.5703666947379991 0.5632055804570624 0.5560444661761257 0.548883351895189 0.5417222376142522 0.5345611233333155 0.5274000090523788 0.520238894771442 0.5130777804905053 0.5059166662095687 0.4987555519286319 0.49159443764769517 0.4844333233667585 0.47727220908580953 0.4701110948048728 0.4629499805239361
0.7485926908291475 0.7424852821371537 0.7363778734451705 0.7302704647531871 0.7241630560612038 0.7180556473692205 0.7119482386772371 0.7058408299852539 0.6997334212932705 0.6936260126012872 0.687518603909304 0.6814111952173206 0.6753037865253373 0.669196377833354 0.6630889691413602 0.656981560449377 0.6508741517573936 0.6447667430654103 0.6379889507232746 0.6304945030957858 0.6230000554682971 0.6155056078408082 0.6080111602133195 0.6005167125858307 0.5930222649583419 0.5855278173308531 0.5780333697033644 0.5705389220758628 0.563044474448374 0.5555500268208853 0.5480555791933964 0.5405611315659077 0.5330666839384189 0.5255722363109301 0.5180777886834413 0.5105833410559526 0.5030888934284639 0.495594445800975 0.48809999817348626 0.4806055505459975 0.4731111029184959 0.46561665529100715 0.4581222076635184
0.7558186191215317 0.7494889882868059 0.7431593574520908 0.7368297266173758 0.7305000957826607 0.7241704649479457 0.7178408341132307 0.7115112032785157 0.7051815724438006 0.6988519416090856 0.6925223107743705 0.6861926799396555 0.6798630491049404 0.6735334182702255 0.6672037874354997 0.6608741566007846 0.6545445257660696 0.6482148949313545 0.6411611781801099 0.6333333972060687 0.6255056162320276 0.6176778352579865 0.6098500542839455 0.6020222733099043 0.5941944923358632 0.5863667113618221 0.5785389303877809 0.5707111494137265 0.5628833684396853 0.5550555874656442 0.5472278064916032 0.539400025517562 0.5315722445435209 0.5237444635694798 0.5159166825954387 0.5080889016213976 0.5002611206473564 0.4924333396733154 0.48460555869927424 0.4767777777252331 0.46894999675117865 0.4611222157771375 0.4532944348030964
0.7630445474139098 0.7564926944364521 0.7499408414590055 0.743388988481559 0.7368371355041125 0.7302852825266659 0.7237334295492194 0.7171815765717728 0.7106297235943262 0.7040778706168797 0.6975260176394331 0.6909741646619866 0.68442231168454 0.6778704587070934 0.6713186057296356 0.6647667527521891 0.6582148997747426 0.651663046797296 0.6443334056369426 0.6361722913163494 0.6280111769957563 0.6198500626751632 0.61168894835457 0.6035278340339768 0.5953667197133836 0.5872056053927904 0.5790444910721972 0.5708833767515902 0.562722262430997 0.5545611481104038 0.5464000337898107 0.5382389194692175 0.5300778051486243 0.5219166908280312 0.513755576507438 0.5055944621868448 0.49743334786625165 0.48927223354565846 0.48111111922506533 0.47295000490447214 0.4647888905838651 0.4566277762632719 0.4484666619426787
0.7702704757062879 0.7634964005860982 0.7567223254659202 0.7499482503457421 0.7431741752255641 0.7364001001053859 0.7296260249852078 0.7228519498650298 0.7160778747448517 0.7093037996246736 0.7025297245044955 0.6957556493843174 0.6889815742641394 0.6822074991439613 0.6754334240237716 0.6686593489035936 0.6618852737834154 0.6551111986632374 0.6475056330937753 0.63901118542663 0.6305167377594849 0.6220222900923397 0.6135278424251944 0.6050333947580492 0.5965389470909039 0.5880444994237587 0.5795500517566134 0.5710556040894538 0.5625611564223085 0.5540667087551633 0.5455722610880182 0.5370778134208729 0.5285833657537277 0.5200889180865824 0.5115944704194372 0.5031000227522919 0.49460557508514674 0.48611112741800155 0.4776166797508563 0.46912223208371107 0.4606277844165514 0.45213333674940615 0.4436388890822609
0.777496403998666 0.7705001067357444 0.7635038094728349 0.7565075122099253 0.7495112149470157 0.742514917684106 0.7355186204211964 0.7285223231582868 0.7215260258953772 0.7145297286324676 0.707533431369558 0.7005371341066484 0.6935408368437388 0.6865445395808292 0.6795482423179076 0.6725519450549979 0.6655556477920883 0.6585593505291788 0.650677860550608 0.6418500795369106 0.6330222985232135 0.6241945175095162 0.6153667364958189 0.6065389554821216 0.5977111744684243 0.5888833934547271 0.5800556124410298 0.5712278314273174 0.5624000504136201 0.5535722693999228 0.5447444883862256 0.5359167073725283 0.527088926358831 0.5182611453451337 0.5094333643314364 0.5006055833177392 0.4917778023040419 0.4829500212903446 0.4741222402766473 0.46529445926295 0.4564666782492377 0.4476388972355404 0.4388111162218431
0.784722332291044 0.7775038128853906 0.7702852934797495 0.7630667740741084 0.7558482546684673 0.7486297352628261 0.741411215857185 0.7341926964515438 0.7269741770459026 0.7197556576402615 0.7125371382346204 0.7053186188289793 0.6981000994233382 0.6908815800176971 0.6836630606120435 0.6764445412064024 0.6692260218007613 0.6620075023951202 0.6538500880074406 0.6446889736471914 0.635527859286942 0.6263667449266926 0.6172056305664433 0.6080445162061939 0.5988834018459446 0.5897222874856953 0.580561173125446 0.571400058765181 0.5622389444049316 0.5530778300446824 0.543916715684433 0.5347556013241836 0.5255944869639343 0.5164333726036849 0.5072722582434357 0.4981111438831863 0.488950029522937 0.4797889151626876 0.47062780080243827 0.4614666864421889 0.452305572081924 0.44314445772167466 0.4339833433614253
0.7919482605834223 0.7845075190350369 0.7770667774866642 0.7696260359382916 0.7621852943899189 0.7547445528415463 0.7473038112931736 0.739863069744801 0.7324223281964283 0.7249815866480556 0.717540845099683 0.7101001035513103 0.7026593620029377 0.695218620454565 0.6877778789061796 0.6803371373578069 0.6728963958094343 0.6654556542610617 0.6570223154642735 0.6475278677574721 0.6380334200506707 0.6285389723438692 0.6190445246370678 0.6095500769302664 0.600055629223465 0.5905611815166636 0.5810667338098623 0.5715722861030447 0.5620778383962433 0.5525833906894418 0.5430889429826404 0.5335944952758391 0.5241000475690377 0.5146055998622363 0.5051111521554349 0.4956167044486335 0.48612225674183207 0.4766278090350307 0.4671333613282293 0.45763891362142795 0.4481444659146103 0.4386500182078089 0.4291555705010075
0.7991741888758003 0.7915112251846831 0.7838482614935789 0.7761852978024747 0.7685223341113705 0.7608593704202663 0.7531964067291621 0.7455334430380579 0.7378704793469537 0.7302075156558496 0.7225445519647453 0.7148815882736412 0.707218624582537 0.6995556608914328 0.6918926972003155 0.6842297335092113 0.6765667698181071 0.668903806127003 0.6601945429211061 0.6503667618677527 0.6405389808143992 0.6307111997610457 0.6208834187076923 0.6110556376543388 0.6012278566009854 0.591400075547632 0.5815722944942785 0.5717445134409083 0.5619167323875548 0.5520889513342013 0.542261170280848 0.5324333892274945 0.522605608174141 0.5127778271207876 0.5029500460674341 0.4931222650140807 0.4832944839607273 0.4734667029073738 0.46363892185402034 0.45381114080066687 0.4439833597472967 0.4341555786939432 0.4243277976405898
0.8064001171681846 0.7985149313343353 0.7906297455004994 0.7827445596666635 0.7748593738328275 0.7669741879989916 0.7590890021651557 0.7512038163313198 0.7433186304974839 0.735433444663648 0.7275482588298121 0.7196630729959762 0.7117778871621403 0.7038927013283044 0.696007515494455 0.6881223296606191 0.6802371438267832 0.6723519579929473 0.6633667703779416 0.6532056559780357 0.64304454157813 0.6328834271782241 0.6227223127783184 0.6125611983784126 0.6024000839785068 0.592238969578601 0.5820778551786951 0.5719167407787721 0.5617556263788663 0.5515945119789605 0.5414333975790547 0.5312722831791489 0.5211111687792431 0.5109500543793373 0.5007889399794315 0.4906278255795258 0.48046671117962 0.4703055967797142 0.46014448237980843 0.44998336797990257 0.4398222535799795 0.4296611391800737 0.4195000247801679
0.8136260454605627 0.8055186374839814 0.797411229507414 0.7893038215308465 0.7811964135542792 0.7730890055777118 0.7649815976011443 0.7568741896245769 0.7487667816480095 0.740659373671442 0.7325519656948746 0.7244445577183072 0.7163371497417397 0.7082297417651723 0.700122333788591 0.6920149258120236 0.6839075178354561 0.6758001098588887 0.6665389978347742 0.6560445500883163 0.6455501023418585 0.6350556545954007 0.6245612068489428 0.614066759102485 0.6035723113560271 0.5930778636095693 0.5825834158631115 0.5720889681166357 0.5615945203701779 0.55110007262372 0.5406056248772622 0.5301111771308042 0.5196167293843464 0.5091222816378886 0.4986278338914307 0.4881333861449729 0.47763893839851507 0.4671444906520572 0.4566500429055994 0.44615559515914155 0.4356611474126658 0.42516669966620796 0.4146722519197501
0.8208519737529408 0.8125223436336276 0.8041927135143287 0.7958630833950298 0.7875334532757308 0.7792038231564318 0.7708741930371329 0.7625445629178339 0.7542149327985349 0.745885302679236 0.737555672559937 0.729226042440638 0.720896412321339 0.7125667822020402 0.704237152082727 0.695907521963428 0.6875778918441291 0.6792482617248301 0.6697112252916069 0.6588834441985969 0.648055663105587 0.6372278820125772 0.6264001009195672 0.6155723198265574 0.6047445387335475 0.5939167576405375 0.5830889765475277 0.5722611954544993 0.5614334143614894 0.5506056332684794 0.5397778521754696 0.5289500710824597 0.5181222899894498 0.5072945088964399 0.49646672780343 0.48563894671042007 0.4748111656174102 0.46398338452440024 0.4531556034313904 0.44232782233838047 0.43150004124535213 0.4206722601523422 0.4098444790593323
0.8280779020453188 0.8195260497832738 0.8109741975212433 0.8024223452592129 0.7938704929971824 0.7853186407351519 0.7767667884731214 0.7682149362110909 0.7596630839490603 0.7511112316870299 0.7425593794249994 0.7340075271629689 0.7254556749009384 0.716903822638908 0.7083519703768629 0.6998001181148324 0.691248265852802 0.6826964135907715 0.6728834527484395 0.6617223383088776 0.6505612238693156 0.6394001094297537 0.6282389949901916 0.6170778805506297 0.6059167661110678 0.5947556516715058 0.5835945372319439 0.5724334227923629 0.561272308352801 0.550111193913239 0.538950079473677 0.5277889650341151 0.5166278505945531 0.5054667361549912 0.4943056217154292 0.4831445072758672 0.4719833928363053 0.46082227839674333 0.44966116395718136 0.43850004951761945 0.42733893507803844 0.41617782063847647 0.4050167061989145
0.8353038303376971 0.8265297559329201 0.817755681528158 0.8089816071233961 0.800207532718634 0.791433458313872 0.78265938390911 0.773885309504348 0.765111235099586 0.7563371606948239 0.747563086290062 0.7387890118853 0.730014937480538 0.721240863075776 0.712466788670999 0.703692714266237 0.694918639861475 0.686144565456713 0.6760556802052723 0.6645612324191583 0.6530667846330442 0.6415723368469303 0.6300778890608163 0.6185834412747022 0.6070889934885882 0.5955945457024742 0.5841000979163602 0.5726056501302266 0.5611112023441126 0.5496167545579985 0.5381223067718846 0.5266278589857705 0.5151334111996565 0.5036389634135425 0.4921445156274285 0.4806500678413145 0.46915562005520045 0.4576611722690864 0.44616672448297245 0.43467227669685843 0.4231778289107248 0.4116833811246108 0.4001889333384968
0.8425297586300751 0.8335334620825662 0.8245371655350727 0.8155408689875792 0.8065445724400856 0.797548275892592 0.7885519793450986 0.779555682797605 0.7705593862501114 0.761563089702618 0.7525667931551244 0.7435704966076309 0.7345742000601374 0.7255779035126438 0.716581606965135 0.7075853104176414 0.6985890138701478 0.6895927173226544 0.679227907662105 0.6674001265294389 0.6555723453967728 0.6437445642641068 0.6319167831314407 0.6200890019987746 0.6082612208661086 0.5964334397334425 0.5846056586007764 0.5727778774680902 0.5609500963354241 0.549122315202758 0.537294534070092 0.525466752937426 0.5136389718047598 0.5018111906720938 0.4899834095394277 0.4781556284067616 0.4663278472740956 0.4545000661414295 0.44267228500876343 0.43084450387609735 0.4190167227434111 0.40718894161074504 0.395361160478079
0.8497556869224594 0.8405371682322185 0.8313186495419932 0.8221001308517679 0.8128816121615428 0.8036630934713174 0.7944445747810922 0.7852260560908669 0.7760075374006417 0.7667890187104165 0.7575705000201911 0.7483519813299659 0.7391334626397407 0.7299149439495154 0.7206964252592745 0.7114779065690492 0.7022593878788239 0.6930408691885988 0.6824001351189404 0.670239020639722 0.6580779061605035 0.6459167916812851 0.6337556772020667 0.6215945627228483 0.6094334482436299 0.5972723337644115 0.585111219285193 0.572950104805954 0.5607889903267356 0.5486278758475172 0.5364667613682987 0.5243056468890803 0.5121445324098619 0.4999834179306435 0.4878223034514251 0.47566118897220666 0.4635000744929883 0.4513389600137699 0.43917784553455147 0.42701673105533305 0.41485561657609393 0.4026945020968755 0.3905333876176571
