Figures/CREST_Example_wjb_NSE/Rolling_result/20100722/raw_forecast_backup/ens_0/wjb.rain.20090904.asc
ncols            288
nrows            254
xllcorner        113.274861
yllcorner        31.4918055
cellsize         0.008333333333
NODATA_value     -9999
[rows 54 to 80 of 254, columns 61 to 121 of 288]
2.493446057453631 2.493446057453631 2.407747319907546 2.2304346947460587 2.053122069584269 1.8758094444227822 1.6984968192612953 1.521184194099808 1.343871568938321 1.166558943776834 0.9892463186153468 0.8119336934538597 0.6346210682923727 0.4573084431308856 0.3540649397252527 0.33000300192589005 0.3059410641265274 0.2818791263271237 0.25781718852776103 0.23375525072839834 0.20969331292903567 0.185631375129673 0.16156943733031034 0.13750749953094768 0.11344556173158499 0.08938362393222232 0.0769513018262914 0.0769513018262914 0.0769513018262914 0.0769513018262914 0.0769513018262914 0.0769513018262914 0.0769513018262914 0.0769513018262914 0.0769513018262914 0.0769513018262914 0.0769513018262914 0.0769513018262914 0.07385195991858669 0.0674393514333203 0.06102674294805391 0.054614134462787525 0.04820152597752113 0.04178891749224381 0.03537630900697742 0.02896370052171103 0.02255109203644464 0.01613848355117825 0.009725875065911868 0.0033132665806454714 0.0 0.0 0.0 0.0 0.0 0.0 0.0 0.0 0.0 0.0 0.0
2.338113278568939 2.338113278568939 2.2564106271302937 2.0873659944546983 1.918321361778815 1.7492767291032199 1.5802320964276246 1.4111874637520296 1.2421428310764344 1.0730981984008392 0.9040535657252442 0.735008933049649 0.565964300374054 0.39691966769845877 0.29973266826339573 0.2793631032175391 0.25899353817168247 0.23862397312579114 0.21825440807993457 0.19788484303407794 0.17751527798822134 0.15714571294236473 0.13677614789650813 0.11640658285065153 0.09603701780479493 0.07566745275893833 0.06514290582014155 0.06514290582014155 0.06514290582014155 0.06514290582014155 0.06514290582014155 0.06514290582014155 0.06514290582014155 0.06514290582014155 0.06514290582014155 0.06514290582014155 0.06514290582014155 0.06514290582014155 0.0625191667383286 0.05709059125353512 0.05166201576874164 0.046233440283948164 0.04080486479915468 0.03537628931435195 0.02994771382955848 0.024519138344764997 0.019090562859971523 0.013661987375178049 0.008233411890384568 0.0028048364055910935 0.0 0.0 0.0 0.0 0.0 0.0 0.0 0.0 0.0 0.0 0.0
2.1827804996842475 2.1827804996842475 2.1050739343530416 1.9442972941633385 1.783520653973361 1.6227440137836577 1.4619673735939547 1.3011907334042516 1.1404140932145483 0.9796374530248451 0.818860812835142 0.6580841726454387 0.49730753245573545 0.3365308922660324 0.24540039680153863 0.2287232045091881 0.21204601221683755 0.1953688199244586 0.17869162763210805 0.1620144353397575 0.145337243047407 0.12866005075505646 0.11198285846270592 0.09530566617035541 0.07862847387800487 0.06195128158565433 0.0533345098139917 0.0533345098139917 0.0533345098139917 0.0533345098139917 0.0533345098139917 0.0533345098139917 0.0533345098139917 0.0533345098139917 0.0533345098139917 0.0533345098139917 0.0533345098139917 0.0533345098139917 0.05118637355807049 0.04674183107374993 0.04229728858942937 0.0378527461051088 0.03340820362078824 0.0289636611364601 0.024519118652139533 0.02007457616781897 0.015630033683498405 0.011185491199177847 0.006740948714857281 0.0022964062305367156 0.0 0.0 0.0 0.0 0.0 0.0 0.0 0.0 0.0 0.0 0.0
2.0274477207995556 2.0274477207995556 1.9537372415757892 1.801228593871978 1.6487199461679067 1.4962112984640954 1.3437026507602843 1.191194003056473 1.0386853553526616 0.8861767076488505 0.7336680599450391 0.581159412241228 0.4286507645374167 0.27614211683360557 0.19106812533968157 0.17808330580083712 0.16509848626199264 0.15211366672312604 0.1391288471842816 0.12614402764543714 0.11315920810659266 0.1001743885677482 0.08718956902890374 0.07420474949005927 0.06121992995121481 0.04823511041237033 0.04152611380784186 0.04152611380784186 0.04152611380784186 0.04152611380784186 0.04152611380784186 0.04152611380784186 0.04152611380784186 0.04152611380784186 0.04152611380784186 0.04152611380784186 0.04152611380784186 0.04152611380784186 0.0398535803778124 0.03639307089396475 0.0329325614101171 0.029472051926269446 0.026011542442421796 0.022551032958568244 0.01909052347472059 0.01563001399087294 0.012169504507025291 0.008708995023177638 0.005248485539329988 0.0017879760554823376 0.0 0.0 0.0 0.0 0.0 0.0 0.0 0.0 0.0 0.0 0.0
1.872114941914864 1.872114941914864 1.8024005487985373 1.6581598935806179 1.5139192383624527 1.3696785831445333 1.225437927926614 1.0811972727086947 0.9369566174907754 0.7927159622728561 0.6484753070549367 0.5042346518370175 0.35999399661909814 0.21575334140117874 0.13673585387782453 0.12744340709248614 0.11815096030714774 0.1088585135217935 0.0995660667364551 0.09027361995111671 0.08098117316577833 0.07168872638043992 0.062396279595101536 0.053103832809763135 0.04381138602442475 0.034518939239086346 0.02971771780169201 0.02971771780169201 0.02971771780169201 0.02971771780169201 0.02971771780169201 0.02971771780169201 0.02971771780169201 0.02971771780169201 0.02971771780169201 0.02971771780169201 0.02971771780169201 0.02971771780169201 0.028520787197554298 0.02604431071417956 0.023567834230804822 0.02109135774743008 0.018614881264055347 0.016138404780676383 0.013661928297301645 0.011185451813926908 0.00870897533055217 0.006232498847177432 0.0037560223638026906 0.0012795458804279528 0.0 0.0 0.0 0.0 0.0 0.0 0.0 0.0 0.0 0.0 0.0
1.71678216303004 1.71678216303004 1.6510638560211561 1.5150911932891358 1.3791185305568836 1.2431458678248632 1.107173205092843 0.9712005423608225 0.8352278796288022 0.6992552168967818 0.5632825541647615 0.4273098914327411 0.29133722870072076 0.1553645659687004 0.08240358241592113 0.07680350838409196 0.07120343435226278 0.06560336032042406 0.06000328628859488 0.054403212256765705 0.04880313822493653 0.043203064193107356 0.03760299016127818 0.032002916129449006 0.02640284209761983 0.02080276806579065 0.017909321795532094 0.017909321795532094 0.017909321795532094 0.017909321795532094 0.017909321795532094 0.017909321795532094 0.017909321795532094 0.017909321795532094 0.017909321795532094 0.017909321795532094 0.017909321795532094 0.017909321795532094 0.01718799401728654 0.015695550534385552 0.014203107051484564 0.012710663568583578 0.01121822008568259 0.00972577660277906 0.008233333119878073 0.006740889636977087 0.0052484461540760995 0.0037560026711751134 0.0022635591882741272 0.0007711157053731411 0.0 0.0 0.0 0.0 0.0 0.0 0.0 0.0 0.0 0.0 0.0
1.5614493841453483 1.5614493841453483 1.499727163243904 1.3720224929977756 1.2443178227514293 1.116613152505301 0.9889084822591726 0.8612038120130442 0.7334991417669158 0.6057944715207874 0.47808980127465883 0.3503851310285304 0.222680460782402 0.09497579053627359 0.02807131095406408 0.026163609675740974 0.02425590839741787 0.02234820711909151 0.020440505840768404 0.0185328045624453 0.016625103284122193 0.01471740200579909 0.012809700727475982 0.010901999449152877 0.008994298170829772 0.007086596892506666 0.006100925789382247 0.006100925789382247 0.006100925789382247 0.006100925789382247 0.006100925789382247 0.006100925789382247 0.006100925789382247 0.006100925789382247 0.006100925789382247 0.006100925789382247 0.006100925789382247 0.006100925789382247 0.005855200837028441 0.005346790354600367 0.004838379872172293 0.004329969389744219 0.003821558907316145 0.003313148424887204 0.00280473794245913 0.002296327460031056 0.0017879169776029817 0.0012795064951749077 0.0007710960127468337 0.00026268553031875974 0.0 0.0 0.0 0.0 0.0 0.0 0.0 0.0 0.0 0.0 0.0
1.8040719758967168 1.8040719758967168 1.7316317960409486 1.58175142644403 1.4318710568468558 1.2819906872499374 1.1321103176530185 0.9822299480561001 0.8323495784591816 0.682469208862263 0.5325888392653444 0.38270846966842575 0.23282810007150734 0.0829477304745887 0.0052857152833772425 0.004826753561615512 0.004367791839853783 0.0039088301180912706 0.0034498683963295404 0.0029909066745678107 0.002531944952806081 0.002072983231044351 0.001614021509282621 0.0011550597875208913 0.0006960980657591612 0.00023713634399743187 0.0 0.0 0.0 0.0 0.0 0.0 0.0 0.0 0.0 0.0 0.0 0.0 0.0 0.0 0.0 0.0 0.0 0.0 0.0 0.0 0.0 0.0 0.0 0.0 0.0 0.0 0.0 0.0 0.0 0.0 0.0 0.0 0.0 0.0 0.0
2.4720837666322435 2.4720837666322435 2.3731972414138056 2.1685987854546394 1.9640003294951238 1.7594018735359573 1.554803417576791 1.3502049616176246 1.1456065056584581 0.9410080496992916 0.7364095937401252 0.5318111377809589 0.3272126818217922 0.12261422586262594 0.01622152692519881 0.014813002339963001 0.013404477754727192 0.011995953169488982 0.010587428584253173 0.009178903999017364 0.007770379413781555 0.006361854828545748 0.004953330243309939 0.0035448056580741297 0.0021362810728383225 0.0007277564876025135 0.0 0.0 0.0 0.0 0.0 0.0 0.0 0.0 0.0 0.0 0.0 0.0 0.0 0.0 0.0 0.0 0.0 0.0 0.0 0.0 0.0 0.0 0.0 0.0 0.0 0.0 0.0 0.0 0.0 0.0 0.0 0.0 0.0 0.0 0.0
3.140095557367771 3.140095557367771 3.0147626867866633 2.755446144465249 2.4961296021433927 2.236813059821978 1.9774965175005639 1.7181799751791496 1.4588634328577352 1.199546890536321 0.9402303482149064 0.6809138058934923 0.4215972635720777 0.16228072125066362 0.02715733856702036 0.024799251118310474 0.02244116366960059 0.020083076220886682 0.0177249887721768 0.01536690132346691 0.013008813874757025 0.010650726426047138 0.008292638977337254 0.005934551528627367 0.0035764640799174803 0.0012183766312075933 0.0 0.0 0.0 0.0 0.0 0.0 0.0 0.0 0.0 0.0 0.0 0.0 0.0 0.0 0.0 0.0 0.0 0.0 0.0 0.0 0.0 0.0 0.0 0.0 0.0 0.0 0.0 0.0 0.0 0.0 0.0 0.0 0.0 0.0 0.0
3.8081073481032988 3.8081073481032988 3.6563281321595213 3.342293503475859 3.0282588747916614 2.7142242461079986 2.4001896174243367 2.0861549887406743 1.772120360057012 1.4580857313733495 1.1440511026896876 0.8300164740060252 0.5159818453223628 0.2019472166387004 0.03809315020884193 0.03478549989665796 0.031477849584474 0.028170199272284393 0.024862548960100428 0.021554898647916463 0.018247248335732498 0.014939598023548536 0.011631947711364572 0.008324297399180607 0.005016647086996645 0.0017089967748126766 0.0 0.0 0.0 0.0 0.0 0.0 0.0 0.0 0.0 0.0 0.0 0.0 0.0 0.0 0.0 0.0 0.0 0.0 0.0 0.0 0.0 0.0 0.0 0.0 0.0 0.0 0.0 0.0 0.0 0.0 0.0 0.0 0.0 0.0 0.0
4.4761191388388255 4.4761191388388255 4.2978935775323786 3.9291408624864683 3.5603881474399293 3.191635432394019 2.822882717348109 2.454130002302199 2.085377287256289 1.7166245722103786 1.3478718571644683 0.9791191421185585 0.6103664270726483 0.2416137120267381 0.04902896185066348 0.04477174867500544 0.040514535499347394 0.03625732232368209 0.03200010914802405 0.027742895972366007 0.023485682796707964 0.019228469621049925 0.014971256445391878 0.010714043269733839 0.0064568300940757925 0.002199616918417753 0.0 0.0 0.0 0.0 0.0 0.0 0.0 0.0 0.0 0.0 0.0 0.0 0.0 0.0 0.0 0.0 0.0 0.0 0.0 0.0 0.0 0.0 0.0 0.0 0.0 0.0 0.0 0.0 0.0 0.0 0.0 0.0 0.0 0.0 0.0
5.1441309295749225 5.1441309295749225 4.939459022905783 4.515988221497579 4.092517420088652 3.669046618680447 3.2455758172722424 2.8221050158640373 2.398634214455833 1.9751634130476283 1.5516926116394236 1.128221810231219 0.7047510088230142 0.2812802074148095 0.05996477349249437 0.054757997453361434 0.049551221414228505 0.044344445375086694 0.039137669335953765 0.033930893296820835 0.028724117257687906 0.023517341218554977 0.01831056517942204 0.013103789140289111 0.007897013101156182 0.0026902370620232527 0.0 0.0 0.0 0.0 0.0 0.0 0.0 0.0 0.0 0.0 0.0 0.0 0.0 0.0 0.0 0.0 0.0 0.0 0.0 0.0 0.0 0.0 0.0 0.0 0.0 0.0 0.0 0.0 0.0 0.0 0.0 0.0 0.0 0.0 0.0
5.812142720310449 5.812142720310449 5.58102446827864 5.102835580508188 4.62464669273692 4.146457804966467 3.6682689171960146 3.190080029425562 2.7118911416551095 2.233702253884657 1.7555133661142044 1.2773244783437523 0.7991355905732993 0.3209467028028472 0.07090058513431592 0.06474424623170891 0.05858790732910191 0.0524315684264844 0.046275229523877394 0.04011889062127039 0.03396255171866338 0.027806212816056372 0.021649873913449365 0.015493535010842358 0.009337196108235343 0.003180857205628343 0.0 0.0 0.0 0.0 0.0 0.0 0.0 0.0 0.0 0.0 0.0 0.0 0.0 0.0 0.0 0.0 0.0 0.0 0.0 0.0 0.0 0.0 0.0 0.0 0.0 0.0 0.0 0.0 0.0 0.0 0.0 0.0 0.0 0.0 0.0
6.480154511045977 6.480154511045977 6.222589913651498 5.689682939518797 5.156775965385188 4.623868991252488 4.090962017119788 3.5580550429870867 3.0251480688543864 2.492241094721686 1.9593341205889852 1.4264271464562848 0.8935201723235844 0.360613198190884 0.0818363967761375 0.07473049501005641 0.06762459324397531 0.06051869147788211 0.05341278971180102 0.04630688794571994 0.039200986179638846 0.03209508441355776 0.024989182647476675 0.017883280881395583 0.010777379115314498 0.0036714773492334124 0.0 0.0 0.0 0.0 0.0 0.0 0.0 0.0 0.0 0.0 0.0 0.0 0.0 0.0 0.0 0.0 0.0 0.0 0.0 0.0 0.0 0.0 0.0 0.0 0.0 0.0 0.0 0.0 0.0 0.0 0.0 0.0 0.0 0.0 0.0
7.1481663017815045 7.1481663017815045 6.864155359024355 6.276530298529408 5.688905238033457 5.101280177538508 4.513655117043561 3.926030056548612 3.3384049960536633 2.7507799355587146 2.163154875063767 1.5755298145688181 0.9879047540738695 0.4002796935789217 0.09277220841795904 0.08471674378840388 0.07666127915884871 0.06860581452927982 0.060550349899724645 0.05249488527016948 0.04443942064061432 0.036383956011059156 0.028328491381503992 0.020273026751948836 0.012217562122393666 0.004162097492838496 0.0 0.0 0.0 0.0 0.0 0.0 0.0 0.0 0.0 0.0 0.0 0.0 0.0 0.0 0.0 0.0 0.0 0.0 0.0 0.0 0.0 0.0 0.0 0.0 0.0 0.0 0.0 0.0 0.0 0.0 0.0 0.0 0.0 0.0 0.0
7.816178092517031 7.816178092517031 7.505720804397213 6.863377657540017 6.221034510681725 5.578691363824529 4.936348216967332 4.294005070110137 3.6516619232529397 3.0093187763957436 2.3669756295385476 1.7246324826813515 1.0822893358241554 0.43994618896695936 0.10370802005978061 0.09470299256675137 0.08569796507372213 0.07669293758067752 0.06768791008764828 0.05868288259461904 0.0496778551015898 0.04067282760856056 0.03166780011553132 0.022662772622502075 0.01365774512947282 0.004652717636443579 0.0 0.0 0.0 0.0 0.0 0.0 0.0 0.0 0.0 0.0 0.0 0.0 0.0 0.0 0.0 0.0 0.0 0.0 0.0 0.0 0.0 0.0 0.0 0.0 0.0 0.0 0.0 0.0 0.0 0.0 0.0 0.0 0.0 0.0 0.0
8.484189883252558 8.484189883252558 8.147286249770069 7.450225016550625 6.753163783329993 6.056102550110548 5.359041316891105 4.66198008367166 3.964918850452216 3.267857617232772 2.5707963840133274 1.873735150793884 1.1766739175744396 0.47961268435499527 0.11464383170160217 0.10468924134509885 0.09473465098859553 0.08478006063207524 0.0748254702755719 0.06487087991906859 0.054916289562565265 0.04496169920606195 0.03500710884955863 0.025052518493055315 0.015097928136551989 0.005143337780048662 0.0 0.0 0.0 0.0 0.0 0.0 0.0 0.0 0.0 0.0 0.0 0.0 0.0 0.0 0.0 0.0 0.0 0.0 0.0 0.0 0.0 0.0 0.0 0.0 0.0 0.0 0.0 0.0 0.0 0.0 0.0 0.0 0.0 0.0 0.0
9.152201673988655 9.152201673988655 8.788851695143475 8.037072375561735 7.285293055978715 6.533513736396976 5.781734416815238 5.029955097233499 4.278175777651761 3.526396458070022 2.774617138488283 2.0228378189065443 1.2710584993248055 0.5192791797430676 0.12557964334343305 0.11467549012345485 0.10377133690347663 0.09286718368347982 0.08196303046350162 0.07105887724352342 0.0601547240235452 0.049250570803567 0.03834641758358878 0.02744226436361058 0.016538111143632378 0.005633957923654176 0.0 0.0 0.0 0.0 0.0 0.0 0.0 0.0 0.0 0.0 0.0 0.0 0.0 0.0 0.0 0.0 0.0 0.0 0.0 0.0 0.0 0.0 0.0 0.0 0.0 0.0 0.0 0.0 0.0 0.0 0.0 0.0 0.0 0.0 0.0
9.120794460068112 9.120794460068112 8.758807347689594 8.009847829634321 7.260888311577769 6.511928793522495 5.7629692754672215 5.014009757411947 4.265050239356674 3.5160907213014 2.7671312032461257 2.018171685190852 1.2692121671355778 0.5202526490803034 0.12791215915461956 0.11680547223478333 0.10569878531494706 0.09459209839509186 0.08348541147525561 0.07237872455541935 0.06127203763558309 0.050165350715746834 0.03905866379591058 0.027951976876074328 0.01684528995623806 0.005738603036401807 0.0 0.0 0.0 0.0 0.0 0.0 0.0 0.0 0.0 0.0 0.0 0.0 0.0 0.0 0.0 0.0 0.0 0.0 0.0 0.0 0.0 0.0 0.0 0.0 0.0 0.0 0.0 0.0 0.0 0.0 0.0 0.0 0.0 0.0 0.0
8.341752429104297 8.341752429104297 8.010854477244695 7.32621913505854 6.641583792871218 5.956948450685063 5.27231310849891 4.587677766312755 3.9030424241265997 3.2184070819404456 2.5337717397542914 1.8491363975681363 1.1645010553819821 0.47986571319582705 0.12104829416761939 0.11053760062303751 0.10002690707845564 0.08951621353385583 0.07900551998927396 0.06849482644469208 0.0579841329001102 0.04747343935552832 0.036962745810946454 0.026452052266364573 0.015941358721782692 0.005430665177200811 0.0 0.0 0.0 0.0 0.0 0.0 0.0 0.0 0.0 0.0 0.0 0.0 0.0 0.0 0.0 0.0 0.0 0.0 0.0 0.0 0.0 0.0 0.0 0.0 0.0 0.0 0.0 0.0 0.0 0.0 0.0 0.0 0.0 0.0 0.0
7.56271039814048 7.56271039814048 7.262901606799795 6.64259044048276 6.022279274164667 5.401968107847631 4.781656941530597 4.161345775213562 3.5410346088965268 2.920723442579492 2.300412276262457 1.6801011099454222 1.0597899436283873 0.43947877731135243 0.11418442918061922 0.10426972901129172 0.09435502884196423 0.08444032867261982 0.07452562850329231 0.06461092833396481 0.05469622816463732 0.04478152799530982 0.03486682782598231 0.02495212765665482 0.01503742748732731 0.0051227273179998145 0.0 0.0 0.0 0.0 0.0 0.0 0.0 0.0 0.0 0.0 0.0 0.0 0.0 0.0 0.0 0.0 0.0 0.0 0.0 0.0 0.0 0.0 0.0 0.0 0.0 0.0 0.0 0.0 0.0 0.0 0.0 0.0 0.0 0.0 0.0
6.783668367176665 6.783668367176665 6.514948736354896 5.95896174590698 5.402974755458116 4.8469877650102005 4.291000774562285 3.73501378411437 3.1790267936664542 2.623039803218539 2.0670528127706236 1.511065822322708 0.9550788318747925 0.3990918414268769 0.10732056419361906 0.09800185739954594 0.0886831506054728 0.0793644438113838 0.07004573701731066 0.06072703022323754 0.05140832342916442 0.042089616635091295 0.03277090984101817 0.02345220304694505 0.014133496252871913 0.0048147894587987905 0.0 0.0 0.0 0.0 0.0 0.0 0.0 0.0 0.0 0.0 0.0 0.0 0.0 0.0 0.0 0.0 0.0 0.0 0.0 0.0 0.0 0.0 0.0 0.0 0.0 0.0 0.0 0.0 0.0 0.0 0.0 0.0 0.0 0.0 0.0
6.004626336212849 6.004626336212849 5.766995865909996 5.2753330513312 4.783670236751565 4.2920074221727695 3.800344607593973 3.308681793015177 2.817018978436381 2.325356163857585 1.8336933492787892 1.342030534699993 0.8503677201211968 0.35870490554240053 0.10045669920661887 0.09173398578780012 0.08301127236898138 0.07428855895014777 0.06556584553132902 0.05684313211251027 0.048120418693691526 0.03939770527487278 0.030674991856054032 0.021952278437235295 0.013229565018416545 0.004506851599597808 0.0 0.0 0.0 0.0 0.0 0.0 0.0 0.0 0.0 0.0 0.0 0.0 0.0 0.0 0.0 0.0 0.0 0.0 0.0 0.0 0.0 0.0 0.0 0.0 0.0 0.0 0.0 0.0 0.0 0.0 0.0 0.0 0.0 0.0 0.0
5.225584305249033 5.225584305249033 5.019042995465096 4.591704356755419 4.164365718045014 3.7370270793353377 3.309688440625661 2.8823498019159843 2.455011163206308 2.0276725244966314 1.600333885786955 1.1729952470772789 0.745656608367602 0.3183179696579259 0.09359283421961868 0.08546611417605432 0.07733939413248996 0.06921267408891173 0.06108595404534736 0.052959234001783 0.044832513958218634 0.03670579391465427 0.028579073871089905 0.020452353827525527 0.012325633783961162 0.004198913740396798 0.0 0.0 0.0 0.0 0.0 0.0 0.0 0.0 0.0 0.0 0.0 0.0 0.0 0.0 0.0 0.0 0.0 0.0 0.0 0.0 0.0 0.0 0.0 0.0 0.0 0.0 0.0 0.0 0.0 0.0 0.0 0.0 0.0 0.0 0.0
4.446542274284553 4.446542274284553 4.271090125019559 3.9080756621790567 3.5450611993379355 3.1820467364974334 2.819032273656931 2.4560178108164283 2.0930033479759262 1.7299888851354241 1.366974422294922 1.0039599594544195 0.6409454966139174 0.2779310337734149 0.08672896923261265 0.07919824256430318 0.0716675158959937 0.06413678922767138 0.056606062559361896 0.04907533589105242 0.04154460922274294 0.03401388255443346 0.026483155886123974 0.018952429217814495 0.011421702549505017 0.003890975881195538 0.0 0.0 0.0 0.0 0.0 0.0 0.0 0.0 0.0 0.0 0.0 0.0 0.0 0.0 0.0 0.0 0.0 0.0 0.0 0.0 0.0 0.0 0.0 0.0 0.0 0.0 0.0 0.0 0.0 0.0 0.0 0.0 0.0 0.0 0.0
3.6675002433207373 3.6675002433207373 3.5231372545746593 3.2244469676032765 2.9257566806313844 2.6270663936600016 2.328376106688619 2.029685819717236 1.7309955327458535 1.432305245774471 1.1336149588030882 0.8349246718317054 0.5362343848603226 0.23754409788893982 0.0798651042456125 0.07293037095255739 0.06599563765950228 0.05906090436643536 0.05212617107338026 0.04519143778032515 0.03825670448727005 0.03132197119421495 0.024387237901159847 0.01745250460810474 0.010517771315049648 0.003583038021994542 0.0 0.0 0.0 0.0 0.0 0.0 0.0 0.0 0.0 0.0 0.0 0.0 0.0 0.0 0.0 0.0 0.0 0.0 0.0 0.0 0.0 0.0 0.0 0.0 0.0 0.0 0.0 0.0 0.0 0.0 0.0 0.0 0.0 0.0 0.0
