Figures/CREST_Example_wjb_NSE/Rolling_result/20100722/raw_forecast_backup/ens_0/wjb.rain.20100722.asc
ncols            288
nrows            254
xllcorner        113.274861
yllcorner        31.4918055
cellsize         0.008333333333
NODATA_value     -9999
[rows 40 to 59 of 254, columns 0 to 43 of 288]
-9999.0 -9999.0 -9999.0 -9999.0 -9999.0 -9999.0 -9999.0 -9999.0 -9999.0 -9999.0 -9999.0 -9999.0 -9999.0 -9999.0 11.369332185902973 11.261591437714923 11.153850689526873 11.046109941338823 10.938369193150773 10.830628444962723 10.722887696774674 10.615146948586624 10.507406200398572 10.399665452210522 10.291924704022472 10.184183955834422 10.076443207646188 9.992668902067567 9.934515265240462 9.876361628413358 9.818207991586254 9.760054354759149 9.701900717932045 9.64374708110494 9.585593444277835 9.527439807450731 9.469286170623628 9.411132533796522 9.352978896969418 9.294825260142215 9.23667162331511 9.178517986488005 9.120364349660901 9.062210712833796
-9999.0 -9999.0 -9999.0 -9999.0 -9999.0 -9999.0 -9999.0 -9999.0 -9999.0 -9999.0 -9999.0 -9999.0 -9999.0 -9999.0 -9999.0 11.040517381589357 10.930554413298541 10.820591445007722 10.710628476716906 10.600665508426086 10.490702540135269 10.380739571844451 10.270776603553633 10.160813635262816 10.050850666971998 9.94088769868118 9.830924730390176 9.748848465487931 9.696583716701532 9.644318967915133 9.592054219128736 9.539789470342336 9.487524721555937 9.43525997276954 9.38299522398314 9.330730475196741 9.278465726410344 9.226200977623945 9.173936228837546 9.121671480051058 9.06940673126466 9.017141982478261 8.964877233691862 8.912612484905463
-9999.0 -9999.0 -9999.0 -9999.0 -9999.0 -9999.0 -9999.0 -9999.0 -9999.0 -9999.0 -9999.0 -9999.0 -9999.0 -9999.0 -9999.0 10.819443325463794 10.707258137070209 10.595072948676624 10.482887760283038 10.370702571889453 10.258517383495867 10.146332195102282 10.034147006708697 9.921961818315111 9.809776629921526 9.69759144152794 9.585406253134163 9.505028028908297 9.458652168162605 9.412276307416912 9.365900446671219 9.319524585925526 9.273148725179833 9.226772864434139 9.180397003688446 9.134021142942753 9.08764528219706 9.041269421451368 8.994893560705675 8.948517699959902 8.90214183921421 8.855765978468517 8.809390117722824 8.76301425697713
-9999.0 -9999.0 -9999.0 -9999.0 -9999.0 -9999.0 -9999.0 -9999.0 -9999.0 -9999.0 -9999.0 -9999.0 -9999.0 -9999.0 -9999.0 -9999.0 10.596158498800795 10.482878882325746 10.369599265850697 10.256319649375648 10.143040032900599 10.02976041642555 9.9164807999505 9.803201183475451 9.689921567000402 9.576641950525353 9.46336233405011 9.385083163105541 9.344220259385342 9.303357355665144 9.262494451944944 9.221631548224746 9.180768644504546 9.139905740784348 9.099042837064149 9.05817993334395 9.01731702962375 8.976454125903553 8.935591222183353 8.894728318463084 8.853865414742886 8.813002511022686 8.772139607302488 8.731276703582289
-9999.0 -9999.0 -9999.0 -9999.0 -9999.0 -9999.0 -9999.0 -9999.0 -9999.0 -9999.0 -9999.0 -9999.0 -9999.0 -9999.0 -9999.0 -9999.0 -9999.0 10.491821485844792 10.37865297984506 10.265484473845332 10.152315967845603 10.039147461845873 9.925978955846142 9.812810449846413 9.699641943846684 9.586473437846955 9.473304931847032 9.397553471372188 9.361801678126907 9.326049884881625 9.290298091636345 9.254546298391064 9.218794505145784 9.183042711900502 9.147290918655221 9.11153912540994 9.07578733216466 9.040035538919378 9.004283745674098 8.968531952428757 8.932780159183475 8.897028365938194 8.861276572692914 8.825524779447633
-9999.0 -9999.0 -9999.0 -9999.0 -9999.0 -9999.0 -9999.0 -9999.0 -9999.0 -9999.0 -9999.0 -9999.0 -9999.0 -9999.0 -9999.0 -9999.0 -9999.0 10.500764089363836 10.387706693839426 10.274649298315015 10.161591902790605 10.048534507266194 9.935477111741784 9.822419716217373 9.709362320692964 9.596304925168553 9.48324752964395 9.410023779638832 9.37938309686847 9.348742414098107 9.318101731327744 9.28746104855738 9.256820365787018 9.226179683016655 9.195539000246292 9.164898317475929 9.134257634705566 9.103616951935203 9.07297626916484 9.042335586394426 9.011694903624063 8.9810542208537 8.950413538083337 8.919772855312974
-9999.0 -9999.0 -9999.0 -9999.0 -9999.0 -9999.0 -9999.0 -9999.0 -9999.0 -9999.0 -9999.0 -9999.0 -9999.0 -9999.0 -9999.0 -9999.0 -9999.0 -9999.0 10.3967604078338 10.283814122784708 10.170867837735617 10.057921552686526 9.944975267637435 9.832028982588344 9.719082697539253 9.606136412490162 9.49319012744088 9.42249408790549 9.39696451561005 9.37143494331461 9.34590537101917 9.320375798723727 9.294846226428287 9.269316654132847 9.243787081837405 9.218257509541965 9.192727937246525 9.167198364951085 9.141668792655643 9.11613922036016 9.090609648064719 9.065080075769279 9.039550503473839 9.014020931178399
-9999.0 -9999.0 -9999.0 -9999.0 -9999.0 -9999.0 -9999.0 -9999.0 -9999.0 -9999.0 -9999.0 -9999.0 -9999.0 -9999.0 -9999.0 -9999.0 -9999.0 -9999.0 10.405814121828163 10.29297894725439 10.18014377268062 10.067308598106848 9.954473423533077 9.841638248959304 9.728803074385533 9.61596789981176 9.503132725237798 9.434964396172134 9.414545934351613 9.39412747253109 9.373709010710568 9.353290548890046 9.332872087069523 9.312453625249 9.292035163428478 9.271616701607956 9.251198239787433 9.23077977796691 9.210361316146388 9.18994285432583 9.169524392505307 9.149105930684785 9.128687468864262 9.10826900704374
-9999.0 -9999.0 -9999.0 -9999.0 -9999.0 -9999.0 -9999.0 -9999.0 -9999.0 -9999.0 -9999.0 -9999.0 -9999.0 -9999.0 -9999.0 -9999.0 -9999.0 -9999.0 -9999.0 10.302143771724076 10.189419707625625 10.076695643527172 9.96397157942872 9.851247515330266 9.738523451231814 9.625799387133362 9.513075323034718 9.447434704438782 9.432127353093177 9.416820001747572 9.401512650401967 9.386205299056364 9.370897947710759 9.355590596365154 9.340283245019549 9.324975893673946 9.30966854232834 9.294361190982736 9.27905383963713 9.2637464882915 9.248439136945896 9.23313178560029 9.217824434254688 9.202517082909083
-9999.0 -9999.0 -9999.0 -9999.0 -9999.0 -9999.0 -9999.0 -9999.0 -9999.0 -9999.0 -9999.0 -9999.0 -9999.0 -9999.0 -9999.0 -9999.0 -9999.0 -9999.0 -9999.0 10.31130859619376 10.198695642570627 10.086082688947492 9.97346973532436 9.860856781701226 9.748243828078094 9.63563087445496 9.523017920831636 9.459905012705427 9.44970877183474 9.439512530964054 9.429316290093366 9.41912004922268 9.408923808351993 9.398727567481307 9.388531326610622 9.378335085739934 9.368138844869248 9.357942603998561 9.347746363127875 9.337550122257172 9.327353881386484 9.317157640515799 9.306961399645111 9.296765158774425
-9999.0 -9999.0 -9999.0 -9999.0 -9999.0 -9999.0 -9999.0 -9999.0 -9999.0 -9999.0 -9999.0 -9999.0 -9999.0 -9999.0 -9999.0 -9999.0 -9999.0 -9999.0 -9999.0 -9999.0 -9999.0 -9999.0 -9999.0 9.870466048072188 9.757964204924376 9.645462361776561 9.532960518628556 9.472375320972073 9.467290190576305 9.462205060180535 9.457119929784767 9.452034799388999 9.44694966899323 9.441864538597462 9.436779408201692 9.431694277805924 9.426609147410156 9.421524017014388 9.41643888661862 9.411353756222843 9.406268625827073 9.401183495431304 9.396098365035536 9.391013234639768
-9999.0 -9999.0 -9999.0 -9999.0 -9999.0 -9999.0 -9999.0 -9999.0 -9999.0 -9999.0 -9999.0 -9999.0 -9999.0 -9999.0 -9999.0 -9999.0 -9999.0 -9999.0 -9999.0 -9999.0 -9999.0 -9999.0 -9999.0 9.88007531444315 9.767684581770656 9.655293849098163 9.542903116425476 9.48484562923872 9.484871609317869 9.484897589397018 9.484923569476168 9.484949549555317 9.484975529634466 9.485001509713616 9.485027489792765 9.485053469871914 9.485079449951066 9.485105430030215 9.485131410109364 9.485157390188514 9.485183370267663 9.485209350346812 9.485235330425962 9.485261310505111
-9999.0 -9999.0 -9999.0 -9999.0 -9999.0 -9999.0 -9999.0 -9999.0 -9999.0 -9999.0 -9999.0 -9999.0 -9999.0 -9999.0 -9999.0 -9999.0 -9999.0 -9999.0 -9999.0 -9999.0 -9999.0 -9999.0 -9999.0 -9999.0 -9999.0 9.665125336419761 9.552845714222395 9.497315937505364 9.502453028059431 9.5075901186135 9.512727209167567 9.517864299721634 9.523001390275702 9.528138480829769 9.533275571383838 9.538412661937905 9.543549752491971 9.54868684304604 9.553823933600107 9.558961024154183 9.564098114708251 9.569235205262318 9.574372295816387 9.579509386370454
-9999.0 -9999.0 -9999.0 -9999.0 -9999.0 -9999.0 -9999.0 -9999.0 -9999.0 -9999.0 -9999.0 -9999.0 -9999.0 -9999.0 -9999.0 -9999.0 -9999.0 -9999.0 -9999.0 -9999.0 -9999.0 -9999.0 -9999.0 -9999.0 -9999.0 9.67495682374137 9.562788312019324 9.509786245772021 9.520034446801011 9.530282647830001 9.54053084885899 9.550779049887982 9.561027250916972 9.571275451945962 9.581523652974951 9.591771854003941 9.60202005503293 9.61226825606192 9.62251645709091 9.632764658119918 9.643012859148907 9.653261060177897 9.663509261206887 9.673757462235876
-9999.0 -9999.0 -9999.0 -9999.0 -9999.0 -9999.0 -9999.0 -9999.0 -9999.0 -9999.0 -9999.0 -9999.0 -9999.0 -9999.0 -9999.0 -9999.0 -9999.0 -9999.0 -9999.0 -9999.0 -9999.0 -9999.0 -9999.0 -9999.0 -9999.0 9.68478831106297 9.572730909816242 9.522256554038666 9.537615865542575 9.552975177046482 9.56833448855039 9.583693800054299 9.599053111558206 9.614412423062115 9.629771734566022 9.64513104606993 9.660490357573838 9.675849669077746 9.691208980581653 9.706568292085587 9.721927603589496 9.737286915093403 9.752646226597312 9.76800553810122
-9999.0 -9999.0 -9999.0 -9999.0 -9999.0 -9999.0 -9999.0 -9999.0 -9999.0 -9999.0 -9999.0 -9999.0 -9999.0 -9999.0 -9999.0 -9999.0 -9999.0 -9999.0 -9999.0 -9999.0 10.254351252240655 10.142404961469438 10.030458670698222 9.918512379927005 9.806566089155787 9.69461979838457 9.582673507613162 9.534726862305313 9.555197284284139 9.575667706262966 9.59613812824179 9.616608550220617 9.637078972199442 9.657549394178268 9.678019816157095 9.69849023813592 9.718960660114746 9.73943108209357 9.759901504072397 9.780371926051258 9.800842348030084 9.821312770008909 9.841783191987735 9.862253613966562
-9999.0 -9999.0 -9999.0 -9999.0 -9999.0 -9999.0 -9999.0 -9999.0 -9999.0 -9999.0 -9999.0 -9999.0 -9999.0 -9999.0 -9999.0 -9999.0 -9999.0 -9999.0 -9999.0 10.375462367481555 10.263627187185659 10.15179200688976 10.039956826593862 9.928121646297964 9.816286466002067 9.704451285706169 9.59261610541008 9.547197170571957 9.572778703025701 9.598360235479445 9.62394176793319 9.649523300386933 9.675104832840677 9.700686365294422 9.726267897748166 9.75184943020191 9.777430962655654 9.803012495109396 9.82859402756314 9.854175560016929 9.879757092470673 9.905338624924417 9.930920157378159 9.956501689831903
-9999.0 -9999.0 -9999.0 -9999.0 -9999.0 -9999.0 -9999.0 -9999.0 -9999.0 -9999.0 -9999.0 -9999.0 -9999.0 -9999.0 -9999.0 -9999.0 -9999.0 10.608075331592397 10.496351261771819 10.38462719195124 10.272903122130662 10.161179052310084 10.049454982489504 9.937730912668925 9.826006842848347 9.714282773027769 9.602558703207 9.559667478838605 9.590360121767267 9.621052764695929 9.65174540762459 9.682438050553252 9.713130693481913 9.743823336410577 9.774515979339238 9.8052086222679 9.835901265196561 9.866593908125223 9.897286551053885 9.9279791939826 9.958671836911261 9.989364479839923 10.020057122768584 10.050749765697248
-9999.0 -9999.0 -9999.0 -9999.0 -9999.0 -9999.0 -9999.0 -9999.0 -9999.0 -9999.0 -9999.0 -9999.0 -9999.0 -9999.0 -9999.0 10.840243853801962 10.728630894456703 10.617017935111443 10.505404975766185 10.393792016420925 10.282179057075666 10.170566097730408 10.058953138385148 9.94734017903989 9.835727219694629 9.72411426034937 9.61250130100392 9.572137787105252 9.60794154050883 9.643745293912412 9.67954904731599 9.71535280071957 9.75115655412315 9.78696030752673 9.82276406093031 9.85856781433389 9.894371567737469 9.93017532114105 9.965979074544629 10.00178282794827 10.037586581351851 10.07339033475543 10.10919408815901 10.14499784156259
-9999.0 -9999.0 -9999.0 -9999.0 -9999.0 -9999.0 -9999.0 -9999.0 -9999.0 -9999.0 -9999.0 -9999.0 -9999.0 -9999.0 10.960466085240315 10.848964236370374 10.737462387500436 10.625960538630496 10.514458689760556 10.402956840890617 10.291454992020677 10.179953143150737 10.068451294280797 9.956949445410856 9.845447596540918 9.733945747670978 9.622443898800848 9.584608095371907 9.625522959250409 9.666437823128911 9.707352687007413 9.748267550885917 9.789182414764419 9.83009727864292 9.871012142521423 9.911927006399925 9.952841870278426 9.993756734156928 10.034671598035432 10.075586461914003 10.116501325792505 10.157416189671007 10.19833105354951 10.239245917428013
