Figures/CREST_Example_wjb_NSE/Rolling_result/20100722/BJP_forecast/ens_23/wjb.rain.20100313.asc
ncols            288
nrows            254
xllcorner        113.274861
yllcorner        31.4918055
cellsize         0.008333333333
NODATA_value     -9999
[rows 184 to 206 of 254, columns 156 to 207 of 288]
0.025459933384362254 0.025459933384362254 0.025459933384362254 0.025781979053455594 0.026448298827788836 0.027114618602122074 0.027780938376455313 0.02844725815078855 0.029113577925121793 0.02977989769945503 0.03044621747378827 0.03111253724812151 0.03177885702245475 0.03244517679678913 0.03311149657112236 0.03345577067668269 0.03345577067668269 0.03345577067668269 0.03345577067668269 0.03345577067668269 0.03345577067668269 0.03345577067668269 0.03345577067668269 0.03345577067668269 0.03345577067668269 0.03345577067668269 0.03345577067668269 0.0384159456337263 0.0486786598441076 0.05894137405448891 0.0692040882648702 0.07946680247525152 0.08972951668563282 0.09999223089601413 0.11025494510639544 0.12051765931677674 0.13078037352715804 0.14104308773753937 0.15130580194792065 0.15556925659026596 0.15341936700838404 0.15126947742650212 0.1491195878446202 0.14696969826273829 0.1448198086808564 0.14266991909897447 0.14052002951709255 0.13837013993521063 0.13622025035332871 0.1340703607714468 0.1319204711895649 0.1308096662225943
0.02615347005831735 0.02615347005831735 0.02615347005831735 0.026289364617839445 0.026570533535554754 0.026851702453270062 0.02713287137098537 0.02741404028870068 0.027695209206415987 0.0279763781241313 0.028257547041846607 0.028538715959561915 0.028819884877277224 0.029101053794993014 0.029382222712708322 0.02952749707103675 0.02952749707103675 0.02952749707103675 0.02952749707103675 0.02952749707103675 0.02952749707103675 0.02952749707103675 0.02952749707103675 0.02952749707103675 0.02952749707103675 0.02952749707103675 0.02952749707103675 0.034219861962070344 0.043928471086658004 0.05363708021124567 0.06334568933583333 0.073054298460421 0.08276290758500866 0.09247151670959632 0.10218012583418398 0.11188873495877165 0.1215973440833593 0.13130595320794697 0.14101456233253465 0.1450144981093197 0.14291173290643805 0.1408089677035564 0.13870620250067475 0.1366034372977931 0.13450067209491143 0.13239790689202977 0.13029514168914813 0.12819237648626647 0.1260896112833848 0.12398684608050316 0.12188408087762151 0.12079762413518301
0.026847006732272444 0.026847006732272444 0.026847006732272444 0.026796750182223293 0.02669276824332067 0.02658878630441805 0.026484804365515428 0.026380822426612806 0.026276840487710184 0.026172858548807562 0.02606887660990494 0.02596489467100232 0.025860912732099697 0.025756930793196898 0.025652948854294276 0.025599223465390803 0.025599223465390803 0.025599223465390803 0.025599223465390803 0.025599223465390803 0.025599223465390803 0.025599223465390803 0.025599223465390803 0.025599223465390803 0.025599223465390803 0.025599223465390803 0.025599223465390803 0.03002377829041438 0.039178282329208405 0.04833278636800242 0.05748729040679644 0.06664179444559047 0.07579629848438449 0.0849508025231785 0.09410530656197252 0.10325981060076654 0.11241431463956056 0.12156881867835459 0.13072332271714862 0.13445973962837346 0.13240409880449205 0.13034845798061068 0.12829281715672927 0.1262371763328479 0.12418153550896649 0.1221258946850851 0.12007025386120371 0.1180146130373223 0.11595897221344091 0.11390333138955952 0.11184769056567813 0.11078558204777174
0.02754054340622754 0.02754054340622754 0.02754054340622754 0.02730413574660714 0.02681500295108659 0.026325870155566037 0.025836737360045485 0.025347604564524933 0.02485847176900438 0.02436933897348383 0.023880206177963277 0.02339107338244272 0.022901940586922173 0.022412807791400785 0.021923674995880233 0.021670949859744857 0.021670949859744857 0.021670949859744857 0.021670949859744857 0.021670949859744857 0.021670949859744857 0.021670949859744857 0.021670949859744857 0.021670949859744857 0.021670949859744857 0.021670949859744857 0.021670949859744857 0.025827694618758425 0.0344280935717588 0.04302849252475918 0.05162889147775956 0.06022929043075993 0.06882968938376031 0.0774300883367607 0.08603048728976107 0.09463088624276145 0.10323128519576182 0.1118316841487622 0.12043208310176258 0.1239049811474272 0.12189646470254607 0.11988794825766494 0.1178794318127838 0.11587091536790267 0.11386239892302154 0.1118538824781404 0.10984536603325927 0.10783684958837814 0.105828333143497 0.10381981669861587 0.10181130025373474 0.10077353996036045
0.028234080080182637 0.028234080080182637 0.028234080080182637 0.027811521310990992 0.02693723765885251 0.026062954006714028 0.025188670354575546 0.02431438670243706 0.023440103050298578 0.022565819398160096 0.02169153574602161 0.02081725209388313 0.019942968441744646 0.019068684789604672 0.01819440113746619 0.01774267625409891 0.01774267625409891 0.01774267625409891 0.01774267625409891 0.01774267625409891 0.01774267625409891 0.01774267625409891 0.01774267625409891 0.01774267625409891 0.01774267625409891 0.01774267625409891 0.01774267625409891 0.02163161094710246 0.029677904814309194 0.03772419868151593 0.04577049254872266 0.053816786415929393 0.061863080283136127 0.06990937415034286 0.07795566801754959 0.08600196188475633 0.09404825575196306 0.10209454961916979 0.11014084348637652 0.11335022266648094 0.11138883060060006 0.1094274385347192 0.10746604646883832 0.10550465440295746 0.10354326233707659 0.10158187027119571 0.09962047820531485 0.09765908613943397 0.09569769407355311 0.09373630200767223 0.09177490994179135 0.09076149787294918
0.028927616754138324 0.028927616754138324 0.028927616754138324 0.028318906875375277 0.027059472366618535 0.025800037857861793 0.02454060334910505 0.02328116884034831 0.022021734331591564 0.020762299822834826 0.01950286531407808 0.01824343080532134 0.016983996296564597 0.015724561787805708 0.014465127279048966 0.013814402648449617 0.013814402648449617 0.013814402648449617 0.013814402648449617 0.013814402648449617 0.013814402648449617 0.013814402648449617 0.013814402648449617 0.013814402648449617 0.013814402648449617 0.013814402648449617 0.013814402648449617 0.017435527275442925 0.024927716056855544 0.03241990483826816 0.03991209361968078 0.0474042824010934 0.05489647118250602 0.06238865996391864 0.06988084874533126 0.07737303752674388 0.08486522630815649 0.09235741508956911 0.09984960387098173 0.1027954641855257 0.10088119649864512 0.09896692881176455 0.09705266112488398 0.09513839343800341 0.09322412575112284 0.09130985806424227 0.0893955903773617 0.08748132269048113 0.08556705500360055 0.08365278731671999 0.08173851962983941 0.08074945578552936
0.02962115342809342 0.02962115342809342 0.02962115342809342 0.028826292439759125 0.027181707074384453 0.025537121709009777 0.023892536343635105 0.022247950978260433 0.02060336561288576 0.01895878024751109 0.017314194882136417 0.015669609516761746 0.014025024151387072 0.012380438786009595 0.010735853420634923 0.009886129042803673 0.009886129042803673 0.009886129042803673 0.009886129042803673 0.009886129042803673 0.009886129042803673 0.009886129042803673 0.009886129042803673 0.009886129042803673 0.009886129042803673 0.009886129042803673 0.009886129042803673 0.013239443603786967 0.02017752729940594 0.027115610995024915 0.03405369469064389 0.04099177838626287 0.04792986208188184 0.054867945777500815 0.06180602947311979 0.06874411316873877 0.07568219686435775 0.08262028055997672 0.08955836425559568 0.09224070570457943 0.09037356239669912 0.08850641908881882 0.08663927578093851 0.0847721324730582 0.08290498916517788 0.08103784585729758 0.07917070254941727 0.07730355924153696 0.07543641593365666 0.07356927262577634 0.07170212931789603 0.07073741369811809
0.030314690102048514 0.030314690102048514 0.030314690102048514 0.029333678004142973 0.02730394178215037 0.02527420556015777 0.023244469338165163 0.02121473311617256 0.019184996894179955 0.017155260672187353 0.01512552445019475 0.013095788228202149 0.011066052006209543 0.009036315784213479 0.007006579562220876 0.005957855437157726 0.005957855437157726 0.005957855437157726 0.005957855437157726 0.005957855437157726 0.005957855437157726 0.005957855437157726 0.005957855437157726 0.005957855437157726 0.005957855437157726 0.005957855437157726 0.005957855437157726 0.009043359932131007 0.015427338541956338 0.021811317151781667 0.028195295761607002 0.034579274371432336 0.040963252981257664 0.047347231591083 0.053731210200908326 0.06011518881073366 0.06649916742055899 0.07288314603038432 0.07926712464020966 0.08168594722363318 0.07986592829475313 0.07804590936587308 0.07622589043699303 0.07440587150811298 0.07258585257923293 0.07076583365035288 0.06894581472147283 0.06712579579259279 0.06530577686371275 0.06348575793483269 0.061665739005952645 0.060725371610706805
0.03100822677600361 0.03100822677600361 0.03100822677600361 0.02984106356852682 0.027426176489916288 0.025011289411305756 0.02259640233269522 0.020181515254084688 0.017766628175474156 0.01535174109686362 0.012936854018253088 0.010521966939642555 0.00810707986103202 0.005692192782417369 0.003277305703806837 0.0020295818315117812 0.0020295818315117812 0.0020295818315117812 0.0020295818315117812 0.0020295818315117812 0.0020295818315117812 0.0020295818315117812 0.0020295818315117812 0.0020295818315117812 0.0020295818315117812 0.0020295818315117812 0.0020295818315117812 0.004847276260475048 0.010677149784506738 0.016507023308538427 0.02233689683257012 0.028166770356601808 0.0339966438806335 0.03982651740466519 0.045656390928696874 0.05148626445272857 0.05731613797676026 0.06314601150079195 0.06897588502482364 0.07113118874268692 0.06935829419280715 0.06758539964292735 0.06581250509304756 0.06403961054316777 0.06226671599328799 0.0604938214434082 0.05872092689352841 0.056948032343648626 0.05517513779376884 0.05340224324388905 0.05162934869400926 0.050713329523295526
0.030103157092403264 0.030103157092403264 0.030103157092403264 0.02997206743647544 0.029700839972988162 0.029429612509500887 0.029158385046013608 0.028887157582526333 0.028615930119039054 0.02834470265555178 0.0280734751920645 0.027802247728577225 0.027531020265089946 0.027259792801602206 0.02698856533811493 0.026848427530425045 0.026848427530425045 0.026848427530425045 0.026848427530425045 0.026848427530425045 0.026848427530425045 0.026848427530425045 0.026848427530425045 0.026848427530425045 0.026848427530425045 0.026848427530425045 0.026848427530425045 0.02833847120760835 0.031421405288028836 0.034504339368449315 0.03758727344886979 0.04067020752929028 0.04375314160971076 0.04683607569013124 0.04991900977055172 0.053001943850972205 0.05608487793139269 0.05916781201181317 0.062250746092233654 0.06359351551576596 0.06307600954616105 0.06255850357655614 0.062040997606951226 0.06152349163734632 0.06100598566774141 0.060488479698136505 0.05997097372853159 0.05945346775892669 0.05893596178932178 0.05841845581971687 0.05790094985011196 0.05763356486145088
0.02748927797315061 0.02748927797315061 0.02748927797315061 0.029700742994371147 0.034276314148717055 0.038851885303062966 0.04342745645740888 0.04800302761175479 0.0525785987661007 0.05715416992044661 0.061729741074792524 0.06630531222913844 0.07088088338348435 0.07545645453783806 0.08003202569218397 0.08239613182750971 0.08239613182750971 0.08239613182750971 0.08239613182750971 0.08239613182750971 0.08239613182750971 0.08239613182750971 0.08239613182750971 0.08239613182750971 0.08239613182750971 0.08239613182750971 0.08239613182750971 0.08142562186185873 0.07941761478508025 0.07740960770830177 0.07540160063152328 0.0733935935547448 0.07138558647796632 0.06937757940118783 0.06736957232440935 0.06536156524763087 0.06335355817085239 0.0613455510940739 0.05933754401729542 0.05928091625772582 0.061310357142351765 0.0633397980269777 0.06536923891160365 0.06739867979622959 0.06942812068085552 0.07145756156548147 0.0734870024501074 0.07551644333473334 0.07754588421935929 0.07957532510398523 0.08160476598861116 0.08265333752168608
0.024875398853899073 0.024875398853899073 0.024875398853899073 0.029429418552266967 0.038851788324444005 0.04827415809662104 0.05769652786879807 0.06711889764097512 0.07654126741315215 0.08596363718532918 0.09538600695750621 0.10480837672968325 0.11423074650186028 0.12365311627405338 0.13307548604623043 0.13794383612457073 0.13794383612457073 0.13794383612457073 0.13794383612457073 0.13794383612457073 0.13794383612457073 0.13794383612457073 0.13794383612457073 0.13794383612457073 0.13794383612457073 0.13794383612457073 0.13794383612457073 0.1345127725160865 0.12741382428211123 0.12031487604813595 0.11321592781416068 0.1061169795801854 0.09901803134621012 0.09191908311223483 0.08482013487825955 0.07772118664428428 0.070622238410309 0.06352329017633372 0.05642434194235843 0.054968316999687544 0.05954470473854325 0.06412109247739894 0.06869748021625466 0.07327386795511036 0.07785025569396606 0.08242664343282176 0.08700303117167746 0.09157941891053317 0.09615580664938886 0.10073219438824457 0.10530858212710027 0.10767311018191061
0.022261519734647538 0.022261519734647538 0.022261519734647538 0.02915809411016279 0.04342726250017094 0.0576964308901791 0.07196559928018725 0.08623476767019542 0.10050393606020355 0.11477310445021172 0.12904227284021988 0.14331144123022801 0.15758060962023618 0.17184977801026866 0.18611894640027682 0.1934915404216317 0.1934915404216317 0.1934915404216317 0.1934915404216317 0.1934915404216317 0.1934915404216317 0.1934915404216317 0.1934915404216317 0.1934915404216317 0.1934915404216317 0.1934915404216317 0.1934915404216317 0.18759992317031424 0.17541003377914216 0.16322014438797008 0.151030254996798 0.13884036560562596 0.12665047621445388 0.1144605868232818 0.10227069743210973 0.09008080804093767 0.07789091864976559 0.06570102925859353 0.05351113986742145 0.050655717741649266 0.05777905233473473 0.0649023869278202 0.07202572152090567 0.07914905611399113 0.0862723907070766 0.09339572530016206 0.10051905989324753 0.107642394486333 0.11476572907941845 0.12188906367250393 0.12901239826558938 0.13269288284213515
0.019647640615394885 0.019647640615394885 0.019647640615394885 0.028886769668058497 0.04800273667589983 0.06711870368374116 0.0862346706915825 0.10535063769942384 0.12446660470726517 0.14358257171510652 0.16269853872294787 0.1818145057307892 0.20093047273863054 0.22004643974650448 0.2391624067543458 0.2490392447187163 0.2490392447187163 0.2490392447187163 0.2490392447187163 0.2490392447187163 0.2490392447187163 0.2490392447187163 0.2490392447187163 0.2490392447187163 0.2490392447187163 0.2490392447187163 0.2490392447187163 0.24068707382456456 0.22340624327619354 0.2061254127278225 0.1888445821794515 0.17156375163108045 0.1542829210827094 0.1370020905343384 0.11972125998596736 0.10244042943759635 0.08515959888922531 0.0678787683408543 0.050597937792483255 0.04634311848360915 0.05601339993092547 0.06568368137824178 0.07535396282555809 0.0850242442728744 0.09469452572019071 0.10436480716750703 0.11403508861482334 0.12370537006213965 0.13337565150945596 0.14304593295677226 0.15271621440408858 0.15771265550237035
0.017033761496143347 0.017033761496143347 0.017033761496143347 0.02861544522595432 0.05257821085162678 0.07654097647729924 0.10050374210297171 0.12446650772864416 0.14842927335431663 0.17239203897998912 0.19635480460566157 0.22031757023133403 0.24428033585700648 0.2682431014827198 0.29220586710839225 0.3045869490157773 0.3045869490157773 0.3045869490157773 0.3045869490157773 0.3045869490157773 0.3045869490157773 0.3045869490157773 0.3045869490157773 0.3045869490157773 0.3045869490157773 0.3045869490157773 0.3045869490157773 0.29377422447879237 0.2714024527732245 0.2490306810676567 0.22665890936208888 0.20428713765652104 0.1819153659509532 0.1595435942453854 0.13717182253981758 0.11480005083424974 0.09242827912868193 0.07005650742311409 0.04768473571754628 0.04203051922557087 0.054247747527116946 0.06646497582866302 0.0786822041302091 0.09089943243175516 0.10311666073330125 0.11533388903484731 0.1275511173363934 0.13976834563793947 0.15198557393948556 0.16420280224103162 0.1764200305425777 0.18273242816259488
0.01441988237689181 0.01441988237689181 0.01441988237689181 0.028344120783850138 0.05715368502735372 0.0859632492708573 0.11477281351436087 0.14358237775786448 0.17239194200136806 0.20120150624487163 0.2300110704883752 0.2588206347318788 0.28763019897538233 0.3164397632189351 0.34524932746243864 0.3601346533128383 0.3601346533128383 0.3601346533128383 0.3601346533128383 0.3601346533128383 0.3601346533128383 0.3601346533128383 0.3601346533128383 0.3601346533128383 0.3601346533128383 0.3601346533128383 0.3601346533128383 0.34686137513302007 0.3193986622702555 0.29193594940749085 0.2644732365447262 0.2370105236819616 0.209547810819197 0.18208509795643235 0.15462238509366774 0.12715967223090313 0.0996969593681385 0.07223424650537391 0.044771533642609274 0.037717919967532584 0.052482095123308425 0.06724627027908427 0.08201044543486011 0.09677462059063595 0.11153879574641178 0.12630297090218762 0.14106714605796344 0.1558313212137393 0.17059549636951513 0.18535967152529098 0.2001238466810668 0.20775220082281942
0.011806003257639157 0.011806003257639157 0.011806003257639157 0.02807279634174585 0.06172915920308262 0.09538552206441939 0.12904188492575616 0.16269824778709294 0.1963546106484297 0.2300109735097665 0.26366733637110323 0.29732369923244 0.3309800620937768 0.36463642495517096 0.39829278781650773 0.41568235760992295 0.41568235760992295 0.41568235760992295 0.41568235760992295 0.41568235760992295 0.41568235760992295 0.41568235760992295 0.41568235760992295 0.41568235760992295 0.41568235760992295 0.41568235760992295 0.41568235760992295 0.39994852578727047 0.3673948717673069 0.33484121774734327 0.3022875637273797 0.2697339097074161 0.23718025568745252 0.20462660166748894 0.17207294764752537 0.13951929362756177 0.1069656396075982 0.07441198558763462 0.04185833156767105 0.03340532070949247 0.050716442719499155 0.06802756472950584 0.08533868673951253 0.10264980874951922 0.11996093075952591 0.13727205276953258 0.15458317477953928 0.17189429678954596 0.18920541879955266 0.20651654080955933 0.22382766281956604 0.23277197348305464
0.00919212413838762 0.00919212413838762 0.00919212413838762 0.027801471899641668 0.06630463337880955 0.10480779485797743 0.14331095633714533 0.1818141178163132 0.22031727929548112 0.258820440774649 0.2973236022538169 0.33582676373298476 0.37432992521215264 0.4128330866913862 0.45133624817055407 0.4712300619069839 0.4712300619069839 0.4712300619069839 0.4712300619069839 0.4712300619069839 0.4712300619069839 0.4712300619069839 0.4712300619069839 0.4712300619069839 0.4712300619069839 0.4712300619069839 0.4712300619069839 0.45303567644149817 0.4153910812643378 0.3777464860871774 0.3401018909100171 0.3024572957328567 0.2648127005556963 0.22716810537853593 0.1895235102013756 0.1518789150242152 0.11423431984705479 0.07658972466989444 0.03894512949273404 0.02909272145145419 0.048950790315690634 0.06880885917992709 0.08866692804416354 0.10852499690839998 0.12838306577263642 0.14824113463687286 0.16809920350110932 0.18795727236534576 0.2078153412295822 0.22767341009381867 0.2475314789580551 0.25779174614327915
0.006578245019136082 0.006578245019136082 0.006578245019136082 0.027530147457537492 0.0708801075545365 0.11423006765153552 0.15758002774853455 0.20092998784553356 0.24427994794253258 0.2876299080395316 0.3309798681365306 0.3743298282335296 0.4176797883305286 0.4610297484276015 0.5043797085246006 0.5267777662040449 0.5267777662040449 0.5267777662040449 0.5267777662040449 0.5267777662040449 0.5267777662040449 0.5267777662040449 0.5267777662040449 0.5267777662040449 0.5267777662040449 0.5267777662040449 0.5267777662040449 0.506122827095726 0.4633872907613688 0.42065175442701164 0.3779162180926544 0.3351806817582973 0.29244514542394007 0.24970960908958295 0.20697407275522578 0.1642385364208686 0.12150300008651144 0.07876746375215427 0.036031927417797094 0.02478012219341591 0.04718513791188213 0.06959015363034834 0.09199516934881456 0.11440018506728078 0.13680520078574698 0.1592102165042132 0.18161523222267945 0.20402024794114565 0.22642526365961185 0.24883027937807806 0.2712352950965443 0.28281151880350375
0.0039643658998845446 0.0039643658998845446 0.0039643658998845446 0.02725882301543331 0.07545558173026343 0.12365234044509354 0.1718490991599237 0.2200458578747538 0.2682426165895839 0.316439375304414 0.36463613401924416 0.41283289273407425 0.4610296514489044 0.5092264101638168 0.5574231688786468 0.5823254705011058 0.5823254705011058 0.5823254705011058 0.5823254705011058 0.5823254705011058 0.5823254705011058 0.5823254705011058 0.5823254705011058 0.5823254705011058 0.5823254705011058 0.5823254705011058 0.5823254705011058 0.5592099777499536 0.5113835002583997 0.46355702276684574 0.41573054527529174 0.3679040677837378 0.32007759029218386 0.27225111280062986 0.22442463530907591 0.17659815781752197 0.12877168032596797 0.08094520283441398 0.03311872534286009 0.02046752293537763 0.045419485508073607 0.07037144808076957 0.09532341065346556 0.12027537322616152 0.1452273357988575 0.1701792983715535 0.19513126094424946 0.22008322351694543 0.2450351860896414 0.26998714866233736 0.29493911123503336 0.30783129146372823
0.0013504867806318928 0.0013504867806318928 0.0013504867806318928 0.02698749857332902 0.08003105590599233 0.13307461323865566 0.186118170571319 0.2391617279039823 0.2922052852366456 0.3452488425693089 0.39829239990197224 0.45133595723463554 0.5043795145672989 0.5574230719000526 0.6104666292327159 0.6378731747981905 0.6378731747981905 0.6378731747981905 0.6378731747981905 0.6378731747981905 0.6378731747981905 0.6378731747981905 0.6378731747981905 0.6378731747981905 0.6378731747981905 0.6378731747981905 0.6378731747981905 0.612297128404204 0.5593797097554511 0.5064622911066982 0.4535448724579453 0.40062745380919235 0.3477100351604394 0.2947926165116865 0.2418751978629336 0.18895777921418067 0.1360403605654278 0.0831229419166748 0.03020552326792192 0.016154923677337514 0.04365383310426434 0.07115274253119118 0.09865165195811801 0.12615056138504482 0.15364947081197167 0.1811483802388985 0.20864728966582533 0.23614619909275217 0.263645108519679 0.29114401794660577 0.3186429273735326 0.3328510641239635
0.0 0.0 0.0 0.026847316087602997 0.08239502038466003 0.13794272468171706 0.19349042897877408 0.2490381332758311 0.30458583757288815 0.3601335418699452 0.4156812461670022 0.4712289504640592 0.5267766547611162 0.582324359058268 0.637872063355325 0.6665724515914917 0.6665724515914917 0.6665724515914917 0.6665724515914917 0.6665724515914917 0.6665724515914917 0.6665724515914917 0.6665724515914917 0.6665724515914917 0.6665724515914917 0.6665724515914917 0.6665724515914917 0.6397251355572192 0.5841774312601622 0.5286297269631052 0.47308202266604815 0.41753431836899113 0.3619866140719341 0.3064389097748771 0.25089120547782007 0.195343501180763 0.13979579688370602 0.084248092586649 0.028700388289591983 0.013926776153127865 0.042741591136771555 0.07155640612041525 0.10037122110405894 0.12918603608770263 0.15800085107134632 0.18681566605499 0.2156304810386337 0.24444529602227738 0.27326011100592107 0.30207492598956476 0.33088974097320845 0.3457777798175812
0.0 0.0 0.0 0.026847316087602997 0.08239502038466003 0.13794272468171706 0.19349042897877408 0.2490381332758311 0.30458583757288815 0.3601335418699452 0.4156812461670022 0.4712289504640592 0.5267766547611162 0.582324359058268 0.637872063355325 0.6665724515914917 0.6665724515914917 0.6665724515914917 0.6665724515914917 0.6665724515914917 0.6665724515914917 0.6665724515914917 0.6665724515914917 0.6665724515914917 0.6665724515914917 0.6665724515914917 0.6665724515914917 0.6397251355572192 0.5841774312601622 0.5286297269631052 0.47308202266604815 0.41753431836899113 0.3619866140719341 0.3064389097748771 0.25089120547782007 0.195343501180763 0.13979579688370602 0.084248092586649 0.028700388289591983 0.013926776153127865 0.042741591136771555 0.07155640612041525 0.10037122110405894 0.12918603608770263 0.15800085107134632 0.18681566605499 0.2156304810386337 0.24444529602227738 0.27326011100592107 0.30207492598956476 0.33088974097320845 0.3457777798175812
