Figures/CREST_Example_wjb_NSE/Rolling_result/20100722/BJP_forecast/ens_23/wjb.rain.20100724.asc
ncols            288
nrows            254
xllcorner        113.274861
yllcorner        31.4918055
cellsize         0.008333333333
NODATA_value     -9999
[rows 42 to 62 of 254, columns 98 to 146 of 288]
0.7118599927844247 0.6872884734436744 0.6276108169334174 0.5679331604231602 0.5082555039129031 0.44857784740264606 0.3889001908922872 0.32922253438203014 0.26954487787177306 0.20986722136151603 0.1501895648512589 0.09051190834100187 0.03083425183074473 0.0 0.0 0.0 0.0 0.0 0.0 0.0 0.0 0.0 0.0 0.0 0.0 0.034132747385989724 0.10475417363248608 0.17537559987898244 0.2459970261254788 0.31661845237197517 0.38723987861847153 0.4578613048649679 0.5284827311115846 0.599104157358081 0.6697255836045773 0.7403470098510737 0.8109684360975701 1.7132411900761368 1.7132411900761368 1.7132411900761368 1.7132411900761368 1.7132411900761368 1.7132411900761368 1.7132411900761368 1.7132411900761368 1.7132411900761368 1.7132411900761368 1.7132411900761368 1.7132411900761368
0.7063896739563824 0.6808637780791882 0.6217439815912645 0.562624185103341 0.5035043886154175 0.44438459212749387 0.38526479563946947 0.32614499915154593 0.26702520266362234 0.20790540617569875 0.1487856096877752 0.08966581319985167 0.030546016711928137 0.0 0.0 0.0 0.0 0.0 0.0 0.0 0.0 0.0 0.0 0.0 0.0 0.03520021210640449 0.10803024699992854 0.1808602818934526 0.2536903167869766 0.3265203516805007 0.3993503865740247 0.4721804214675488 0.545010456361197 0.6178404912547211 0.6906705261482451 0.7635005610417692 0.8363305959352932 1.7132411900761368 1.7132411900761368 1.7132411900761368 1.7132411900761368 1.7132411900761368 1.7132411900761368 1.7132411900761368 1.7132411900761368 1.7132411900761368 1.7132411900761368 1.7132411900761368 1.7132411900761368
0.7009193551283402 0.6744390827147019 0.6158771462491118 0.5573152097835218 0.49875327331793173 0.44019133685234163 0.3816294003866517 0.32306746392106167 0.2645055274554716 0.20594359098988158 0.14738165452429153 0.08881971805870148 0.03025778159311132 0.0 0.0 0.0 0.0 0.0 0.0 0.0 0.0 0.0 0.0 0.0 0.0 0.03626767682681926 0.11130632036737098 0.1863449639079227 0.26138360744847444 0.3364222509890262 0.41146089452957785 0.4864995380701296 0.5615381816108093 0.636576825151361 0.7116154686919127 0.7866541122324644 0.8616927557730162 1.7132411900761368 1.7132411900761368 1.7132411900761368 1.7132411900761368 1.7132411900761368 1.7132411900761368 1.7132411900761368 1.7132411900761368 1.7132411900761368 1.7132411900761368 1.7132411900761368 1.7132411900761368
0.695449036300298 0.6680143873502157 0.6100103109069591 0.5520062344637026 0.494002158020446 0.43599808157718944 0.37799400513383397 0.3199899286905774 0.26198585224732085 0.2039817758040643 0.14597769936080773 0.08797362291755118 0.029969546474294617 0.0 0.0 0.0 0.0 0.0 0.0 0.0 0.0 0.0 0.0 0.0 0.0 0.037335141547234024 0.11458239373481342 0.19182964592239282 0.2690768981099722 0.3463241502975516 0.42357140248513103 0.5008186546727104 0.5780659068604216 0.6553131590480009 0.7325604112355804 0.8098076634231597 0.8870549156107391 1.7132411900761368 1.7132411900761368 1.7132411900761368 1.7132411900761368 1.7132411900761368 1.7132411900761368 1.7132411900761368 1.7132411900761368 1.7132411900761368 1.7132411900761368 1.7132411900761368 1.7132411900761368
0.689978717472251 0.6615896919857239 0.6041434755648014 0.5466972591438788 0.4892510427229563 0.43180482630203365 0.3743586098810131 0.31691239346009054 0.25946617703916797 0.2020199606182454 0.14457374419732283 0.08712752777640032 0.02968131135547769 0.0 0.0 0.0 0.0 0.0 0.0 0.0 0.0 0.0 0.0 0.0 0.0 0.0384026062676497 0.11785846710225867 0.19731432793686765 0.2767701887714766 0.35622604960608556 0.43568191044069454 0.5151377712753035 0.594593632110048 0.674049492944657 0.7535053537792659 0.8329612146138748 0.9124170754484838 1.7132411900761368 1.7132411900761368 1.7132411900761368 1.7132411900761368 1.7132411900761368 1.7132411900761368 1.7132411900761368 1.7132411900761368 1.7132411900761368 1.7132411900761368 1.7132411900761368 1.7132411900761368
0.6845083986442088 0.6551649966212377 0.5982766402226487 0.5413882838240596 0.48449992742547054 0.42761157102688147 0.3707232146281954 0.31383485822960633 0.2569465018310173 0.20005814543242822 0.14316978903383915 0.08628143263525012 0.029393076236661098 0.0 0.0 0.0 0.0 0.0 0.0 0.0 0.0 0.0 0.0 0.0 0.0 0.039470070988064467 0.12113454046970111 0.20279900995133776 0.2844634794329744 0.36612794891461103 0.44779241839624767 0.5294568878778844 0.6111213573596602 0.6927858268412969 0.7744502963229335 0.8561147658045701 0.9377792352862068 1.7132411900761368 1.7132411900761368 1.7132411900761368 1.7132411900761368 1.7132411900761368 1.7132411900761368 1.7132411900761368 1.7132411900761368 1.7132411900761368 1.7132411900761368 1.7132411900761368 1.7132411900761368
0.6790380798161665 0.6487403012567514 0.5924098048804959 0.5360793085042403 0.4797488121279848 0.4234183157517293 0.36708781937537766 0.31075732299912207 0.25442682662286653 0.198096330246611 0.14176583387035546 0.08543533749409982 0.029104841117844282 0.0 0.0 0.0 0.0 0.0 0.0 0.0 0.0 0.0 0.0 0.0 0.0 0.04053753570847924 0.12441061383714357 0.2082836919658079 0.2921567700944722 0.37602984822313656 0.4599029263518009 0.5437760044804653 0.6276490826092725 0.711522160737937 0.7953952388666012 0.8792683169952655 0.9631413951239299 1.7132411900761368 1.7132411900761368 1.7132411900761368 1.7132411900761368 1.7132411900761368 1.7132411900761368 1.7132411900761368 1.7132411900761368 1.7132411900761368 1.7132411900761368 1.7132411900761368 1.7132411900761368
0.6692620375171379 0.6384765545548273 0.5837738214459461 0.5290710883370648 0.47436835522818366 0.4196656221193024 0.3649628890103279 0.3102601559014467 0.25555742279256544 0.2008546896836842 0.14615195657480295 0.09144922346592177 0.03674649035704047 0.008642211481283447 0.008972281644606504 0.00930235180792956 0.009632421971252615 0.009962492134575672 0.010292562297898728 0.010622632461222348 0.010952702624545403 0.01128277278786846 0.011612842951191516 0.011942913114514573 0.012272983277837629 0.05137639373149046 0.13192938180641928 0.2124823698813481 0.29303535795627694 0.3735883460312057 0.45414133410613455 0.5346943221810634 0.6152473102561296 0.6958002983310583 0.7763532864059872 0.8569062744809159 0.9374592625558449 0.9814665802624667 0.986405749797506 0.9913449193325452 0.9962840888675845 1.0012232584026237 1.006162427937663 1.0111015974727022 1.0160407670077416 1.0209799365427892 1.0259191060778285 1.0308582756128677 1.035797445147907
0.6548834483246683 0.624109104044252 0.5721777933090316 0.5202464825738112 0.4683151718385909 0.41638386110337056 0.3644525503680616 0.31252123963284123 0.2605899288976209 0.2086586181624005 0.15672730742718016 0.10479599669195983 0.05286468595673943 0.026522402102117072 0.027535366620808237 0.0285483311394994 0.029561295658190562 0.030574260176881723 0.03158722469557289 0.03260018921426578 0.03361315373295694 0.0346261182516481 0.03563908277033927 0.03665204728903043 0.037665011807721596 0.07266025506056756 0.14398332278229178 0.215306390504016 0.28662945822574026 0.35795252594746446 0.4292755936691887 0.5005986613909129 0.5719217291127587 0.643244796834483 0.7145678645562072 0.7858909322779315 0.8572139999996558 0.8990481685729602 0.9093580370106621 0.919667905448364 0.9299777738860658 0.9402876423237677 0.9505975107614695 0.9609073791991714 0.9712172476368732 0.9815271160745926 0.9918369845122945 1.0021468529499964 1.0124567213876983
0.6405048591321983 0.6097416535336764 0.560581765172117 0.5114218768105575 0.462261988448998 0.41310210008743853 0.3639422117257953 0.3147823233642358 0.2656224350026763 0.21646254664111686 0.16730265827955737 0.11814276991799788 0.06898288155643839 0.044402592722950676 0.04609845159700995 0.047794310471069225 0.049490169345128496 0.051186028219187774 0.052881887093247044 0.054577745967309216 0.05627360484136849 0.05796946371542776 0.059665322589487035 0.06136118146354631 0.06305704033760559 0.09394411638964466 0.1560372637581643 0.21813041112668388 0.28022355849520353 0.3423167058637231 0.40440985323224277 0.46650300060076233 0.5285961479693878 0.5906892953379075 0.6527824427064272 0.7148755900749467 0.7769687374434664 0.8166297568834537 0.8323103242238182 0.8479908915641826 0.8636714589045471 0.8793520262449116 0.895032593585276 0.9107131609256405 0.926393728266005 0.9420742956063961 0.9577548629467606 0.9734354302871251 0.9891159976274895
0.6261262699397288 0.5953742030231011 0.5489857370352025 0.5025972710473039 0.4562088050594053 0.4098203390715067 0.36343187308352903 0.3170434070956304 0.2706549411077318 0.22426647511983322 0.17787800913193463 0.13148954314403605 0.08510107715613746 0.06228278334378427 0.06466153657321166 0.06704028980263904 0.06941904303206643 0.07179779626149382 0.0741765494909212 0.07655530272035264 0.07893405594978004 0.08131280917920741 0.0836915624086348 0.08607031563806218 0.08844906886748957 0.11522797771872179 0.16809120473403683 0.22095443174935184 0.27381765876466685 0.3266808857799819 0.3795441127952969 0.4324073398106119 0.4852705668260171 0.5381337938413322 0.5909970208566472 0.6438602478719622 0.6967234748872771 0.7342113451939473 0.7552626114369744 0.7763138776800014 0.7973651439230285 0.8184164101660555 0.8394676764090825 0.8605189426521096 0.8815702088951366 0.9026214751381996 0.9236727413812267 0.9447240076242537 0.9657752738672807
0.6117476807472466 0.5810067525125133 0.537389708898278 0.4937726652840426 0.45015562166980727 0.4065385780555719 0.3629215344412622 0.31930449082702683 0.2756874472127915 0.23207040359855613 0.18845335998432078 0.14483631637008543 0.10121927275585008 0.08016297396463315 0.08322462154942922 0.0862862691342253 0.08934791671902137 0.09240956430381746 0.09547121188861353 0.09853285947341484 0.10159450705821091 0.10465615464300698 0.10771780222780306 0.11077944981259913 0.11384109739739522 0.13651183904781705 0.18014514570991957 0.22377845237202212 0.2674117590341247 0.31104506569622725 0.3546783723583298 0.3983116790204323 0.44194498568260926 0.4855782923447118 0.5292115990068144 0.5728449056689169 0.6164782123310194 0.6517929335043705 0.6782148986500647 0.704636863795759 0.7310588289414531 0.7574807940871474 0.7839027592328416 0.8103247243785359 0.8367466895242301 0.8631686546699694 0.8895906198156636 0.9160125849613578 0.9424345501070521
0.5973690915547769 0.5666393020019379 0.5257936807613635 0.48494805952078895 0.44410243828021445 0.40325681703964 0.3624111957989959 0.3215655745584214 0.28071995331784694 0.2398743320772725 0.199028710836698 0.15818308959612354 0.11733746835554909 0.09804316458546675 0.10178770652563093 0.10553224846579512 0.1092767904059593 0.1130213323461235 0.1167658742862877 0.12051041622645826 0.12425495816662245 0.12799950010678662 0.13174404204695084 0.13548858398711502 0.1392331259272792 0.15779570037689417 0.1921990866857921 0.22660247299469005 0.261005859303588 0.29540924561248594 0.3298126319213839 0.3642160182302819 0.3986194045392385 0.43302279084813644 0.4674261771570344 0.5018295634659323 0.5362329497748303 0.569374521814864 0.6011671858632208 0.6329598499115777 0.6647525139599345 0.6965451780082914 0.7283378420566482 0.760130506105005 0.7919231701533619 0.823715834201773 0.8555084982501298 0.8873011622984865 0.9190938263468433
0.5829905023623072 0.5522718514913624 0.5141976526244488 0.47612345375753523 0.43804925489062163 0.39997505602370803 0.3619008571567295 0.32382665828981594 0.28575245942290234 0.24767826055598874 0.20960406168907514 0.17152986282216154 0.13345566395524794 0.11592335520630036 0.12035079150183266 0.12477822779736496 0.12920566409289724 0.13363310038842957 0.13806053668396184 0.1424879729795017 0.146915409275034 0.1513428455705663 0.1557702818660986 0.1601977181616309 0.1646251544571632 0.17907956170597128 0.20425302766166462 0.22942649361735795 0.2545999595730513 0.2797734255287446 0.304946891484438 0.33012035744013135 0.35529382339586757 0.38046728935156093 0.4056407553072543 0.4308142212629476 0.45598768721864097 0.4869561101253575 0.524119473076377 0.5612828360273964 0.5984461989784158 0.6356095619294352 0.6727729248804546 0.7099362878314741 0.7470996507824934 0.7842630137335762 0.8214263766845957 0.8585897396356151 0.8957531025866345
0.5686119131698373 0.537904400980787 0.5026016244875342 0.46729884799428156 0.4319960715010288 0.39669329500777617 0.36139051851446324 0.3260877420212105 0.29078496552795785 0.2554821890347051 0.2201794125414524 0.1848766360481997 0.149573859554947 0.13380354582713397 0.13891387647803438 0.1440242071289348 0.1491345377798352 0.15424486843073562 0.15935519908163603 0.16446552973254513 0.16957586038344555 0.17468619103434596 0.17979652168524637 0.1849068523361468 0.19001718298704717 0.2003634230350484 0.21630696863753712 0.23225051424002588 0.2481940598425146 0.26413760544500337 0.2800811510474921 0.2960246966499808 0.31196824225249675 0.3279117878549855 0.3438553334574742 0.359798879059963 0.37574242466245167 0.404537698435851 0.44707176028953305 0.4896058221432151 0.5321398839968972 0.5746739458505792 0.6172080077042612 0.6597420695579432 0.7022761314116253 0.7448101932653799 0.7873442551190619 0.829878316972744 0.872412378826426
0.5542333239773676 0.5235369504702115 0.4910055963506197 0.45847424223102784 0.425942888111436 0.39341153399184414 0.3608801798721969 0.32834882575260504 0.2958174716330132 0.2632861175134214 0.23075476339382955 0.1982234092742377 0.1656920551546459 0.15168373644796757 0.1574769614542361 0.16327018646050462 0.16906341146677314 0.17485663647304164 0.18064986147931017 0.18644308648558858 0.1922363114918571 0.1980295364981256 0.20382276150439413 0.20961598651066266 0.21540921151693115 0.2216472843641255 0.22836090961340966 0.23507453486269378 0.24178816011197793 0.24850178536126205 0.2552154106105462 0.26192903585983035 0.26864266110912594 0.27535628635841003 0.2820699116076942 0.28878353685697833 0.2954971621062625 0.32211928674634455 0.3700240475026892 0.4179288082590338 0.4658335690153784 0.5137383297717231 0.5616430905280677 0.6095478512844124 0.657452612040757 0.7053573727971834 0.7532621335535279 0.8011668943098725 0.8490716550662172
0.5398547347848979 0.509169499959636 0.47940956821370506 0.4496496364677741 0.41988970472184317 0.3901297729759122 0.36036984122993054 0.3306099094839996 0.30084997773806865 0.2710900459921377 0.24133011424620676 0.21157018250027582 0.18181025075434487 0.16956392706880122 0.17604004643043783 0.18251616579207447 0.18899228515371108 0.19546840451534772 0.20194452387698436 0.20842064323863202 0.21489676260026863 0.22137288196190527 0.2278490013235419 0.23432512068517852 0.24080124004681516 0.24293114569320262 0.24041485058928216 0.23789855548536168 0.23538226038144122 0.23286596527752076 0.2303496701736003 0.22783337506967982 0.22531707996575506 0.2228007848618346 0.22028448975791415 0.21776819465399366 0.2152518995500732 0.23970087505683804 0.2929763347158453 0.3462517943748525 0.3995272540338597 0.45280271369286695 0.5060781733518742 0.5593536330108814 0.6126290926698886 0.6659045523289867 0.7191800119879939 0.7724554716470011 0.8257309313060084
0.5254761455924157 0.49480204944904826 0.46781354007678055 0.4408250307045129 0.4138365213322452 0.3868480119599775 0.35985950258766375 0.33287099321539604 0.3058824838431283 0.2788939744708606 0.2519054650985929 0.2249169557263252 0.19792844635405754 0.18744411768965005 0.19460313140665536 0.2017621451236607 0.208921158840666 0.2160801725576713 0.22323918627467665 0.23039819999169417 0.2375572137086995 0.2447162274257048 0.25187524114271015 0.25903425485971543 0.26619326857672077 0.2642150070222979 0.25246879156516494 0.240722576108032 0.22897636065089905 0.21723014519376613 0.2054839297366332 0.19373771427950026 0.18199149882234728 0.17024528336521436 0.15849906790808144 0.1467528524509485 0.13500663699381554 0.1572824633672613 0.2159286219289357 0.2745747804906101 0.3332209390522845 0.3918670976139589 0.4505132561756333 0.5091594147373077 0.5678055732989822 0.6264517318607565 0.685097890422431 0.7437440489841053 0.8023902075457797
0.511097556399946 0.4804345989384729 0.45621751193986604 0.43200042494125923 0.4077833379426524 0.38356625094404556 0.3593491639453974 0.3351320769467906 0.3109149899481838 0.286697902949577 0.2624808159509701 0.2382637289523633 0.21404664195375644 0.20532430831048365 0.21316621638285707 0.22100812445523052 0.22885003252760394 0.2366919405999774 0.2445338486723508 0.2523757567447376 0.26021766481711106 0.2680595728894845 0.27590148096185796 0.28374338903423135 0.2915852971066048 0.285498868351375 0.2645227325410375 0.24354659673069992 0.2225704609203624 0.20159432511002484 0.18061818929968732 0.1596420534893498 0.13866591767897646 0.11768978186863893 0.09671364605830138 0.07573751024796385 0.0547613744376263 0.0748640516777548 0.1388809091420918 0.2028977666064288 0.2669146240707658 0.3309314815351029 0.3949483389994399 0.45896519646377687 0.5229820539281138 0.58699891139256 0.651015768856897 0.715032626321234 0.779049483785571
0.4936477920125544 0.46365404552237366 0.4409447996383463 0.4182355537543191 0.3955263078702918 0.3728170619862645 0.3501078161021985 0.3273985702181712 0.3046893243341439 0.28198007845011663 0.2592708325660894 0.2365615866820621 0.21385234079803478 0.20592007598591688 0.21378473808766796 0.22164940018941903 0.2295140622911701 0.23737872439292118 0.24524338649467223 0.2531080485964367 0.2609727106981878 0.26883737279993886 0.27670203490168993 0.284566697003441 0.2924313591051921 0.2852205780628518 0.26189380737151047 0.23856703668016913 0.2152402659888278 0.1919134952974865 0.16858672460614518 0.14525995391480384 0.12193318322342275 0.09860641253208144 0.07527964184074012 0.05195287114939878 0.02862610045805747 0.04809854556145772 0.11332432033278399 0.17855009510411027 0.24377586987543653 0.3090016446467628 0.37422741941808907 0.43945319418941536 0.5046789689607416 0.5699047437321791 0.6351305185035053 0.7003562932748316 0.7655820680461579
0.47291513498818244 0.4442940372533184 0.42174194379032975 0.3991898503273411 0.37663775686435247 0.3540856634013638 0.3315335699383367 0.30898147647534807 0.28642938301235943 0.2638772895493708 0.24132519608638214 0.2187731026233935 0.19622100916040486 0.18803988536508326 0.19522165311146622 0.20240342085784918 0.20958518860423214 0.2167669563506151 0.22394872409699806 0.23113049184339327 0.23831225958977623 0.2454940273361592 0.2526757950825421 0.25985756282892514 0.26703933057530804 0.26189370725052324 0.24356982408931077 0.22524594092809833 0.20692205776688588 0.1885981746056734 0.17027429144446096 0.15195040828324852 0.13362652512200482 0.11530264196079235 0.0969787587995799 0.07865487563836746 0.06033099247715498 0.08082248642784544 0.14280849639263438 0.2047945063574233 0.2667805163222122 0.32876652628700115 0.3907525362517901 0.452738546216579 0.5147245561813679 0.5767105661462626 0.6386965761110515 0.7006825860758403 0.7626685960406294
