Figures/CREST_Example_wjb_NSE/Rolling_result/20100722/BJP_forecast/ens_23/wjb.rain.20100727.asc
ncols            288
nrows            254
xllcorner        113.274861
yllcorner        31.4918055
cellsize         0.008333333333
NODATA_value     -9999
[rows 22 to 43 of 254, columns 0 to 48 of 288]
-9999.0 -9999.0 -9999.0 -9999.0 -9999.0 -9999.0 -9999.0 -9999.0 -9999.0 -9999.0 -9999.0 -9999.0 -9999.0 -9999.0 -9999.0 -9999.0 -9999.0 -9999.0 -9999.0 -9999.0 -9999.0 -9999.0 -9999.0 3.8760181077884472 3.8760181077884472 3.8760181077884472 3.8760181077884472 3.8760181077884472 3.8760181077884472 3.8760181077884472 3.8760181077884472 3.8760181077884472 3.8760181077884472 3.8760181077884472 3.8760181077884472 3.8760181077884472 3.8760181077884472 3.8760181077884472 3.8760181077884472 3.8760181077884472 3.8760181077884472 3.8760181077884472 3.8760181077884472 3.8760181077884472 3.8760181077884472 3.8760181077884472 3.8760181077884472 3.8760181077884472 3.8760181077884472
-9999.0 -9999.0 -9999.0 -9999.0 -9999.0 -9999.0 -9999.0 -9999.0 -9999.0 -9999.0 -9999.0 -9999.0 -9999.0 -9999.0 -9999.0 -9999.0 -9999.0 -9999.0 -9999.0 -9999.0 -9999.0 -9999.0 3.8760181077884472 3.8760181077884472 3.8760181077884472 3.8760181077884472 3.8760181077884472 3.8760181077884472 3.8760181077884472 3.8760181077884472 3.8760181077884472 3.8760181077884472 3.8760181077884472 3.8760181077884472 3.8760181077884472 3.8760181077884472 3.8760181077884472 3.8760181077884472 3.8760181077884472 3.8760181077884472 3.8760181077884472 3.8760181077884472 3.8760181077884472 3.8760181077884472 3.8760181077884472 3.8760181077884472 3.8760181077884472 3.8760181077884472 3.8760181077884472
-9999.0 -9999.0 -9999.0 -9999.0 -9999.0 -9999.0 -9999.0 -9999.0 -9999.0 -9999.0 -9999.0 -9999.0 -9999.0 -9999.0 -9999.0 -9999.0 -9999.0 -9999.0 -9999.0 -9999.0 -9999.0 -9999.0 3.8760181077884472 3.8760181077884472 3.8760181077884472 3.8760181077884472 3.8760181077884472 3.8760181077884472 3.8760181077884472 3.8760181077884472 3.8760181077884472 3.8760181077884472 3.8760181077884472 3.8760181077884472 3.8760181077884472 3.8760181077884472 3.8760181077884472 3.8760181077884472 3.8760181077884472 3.8760181077884472 3.8760181077884472 3.8760181077884472 3.8760181077884472 3.8760181077884472 3.8760181077884472 3.8760181077884472 3.8760181077884472 3.8760181077884472 3.8760181077884472
-9999.0 -9999.0 -9999.0 -9999.0 -9999.0 -9999.0 -9999.0 -9999.0 -9999.0 -9999.0 -9999.0 -9999.0 -9999.0 -9999.0 -9999.0 -9999.0 -9999.0 -9999.0 -9999.0 -9999.0 -9999.0 -9999.0 3.8760181077884472 3.8760181077884472 3.8760181077884472 3.8760181077884472 3.8760181077884472 0.008962588585305024 0.009051586233534317 0.009140583881763609 0.009229581529992903 0.009318579178222194 0.009407576826451486 0.00949657447468078 0.009585572122910072 0.009674569771139363 0.009763567419368657 0.009852565067597949 0.00994156271582724 0.010279726913558166 0.01088425578396983 0.011488784654381497 0.012093313524793163 0.012697842395204828 0.013302371265616494 0.01390690013602816 0.014511429006439827 0.015115957876851492 0.015720486747263156
-9999.0 -9999.0 -9999.0 -9999.0 -9999.0 -9999.0 -9999.0 -9999.0 -9999.0 -9999.0 -9999.0 -9999.0 -9999.0 -9999.0 -9999.0 -9999.0 3.8760181077884472 3.8760181077884472 3.8760181077884472 3.8760181077884472 3.8760181077884472 3.8760181077884472 3.8760181077884472 3.8760181077884472 3.8760181077884472 3.8760181077884472 3.8760181077884472 0.02750561919620674 0.027778747366517545 0.02805187553682835 0.028325003707139154 0.02859813187744996 0.028871260047760763 0.029144388218071565 0.02941751638838237 0.029690644558693174 0.02996377272900398 0.030236900899314783 0.030510029069625584 0.03154783366815732 0.03340309465044979 0.035258355632742266 0.03711361661503474 0.038968877597327214 0.04082413857961968 0.042679399561912156 0.04453466054420463 0.046389921526497103 0.04824518250878958
-9999.0 -9999.0 -9999.0 -9999.0 -9999.0 -9999.0 -9999.0 -9999.0 -9999.0 -9999.0 -9999.0 -9999.0 -9999.0 -9999.0 -9999.0 -9999.0 3.8760181077884472 3.8760181077884472 3.8760181077884472 3.8760181077884472 3.8760181077884472 3.8760181077884472 3.8760181077884472 3.8760181077884472 3.8760181077884472 3.8760181077884472 3.8760181077884472 0.046048649807124246 0.04650590849951672 0.0469631671919092 0.04742042588430167 0.04787768457669415 0.04833494326908662 0.0487922019614791 0.04924946065387157 0.04970671934626405 0.05016397803865652 0.050621236731049 0.05107849542344148 0.05281594042277461 0.05592193351694895 0.05902792661112329 0.062133919705297636 0.06523991279947197 0.06834590589364632 0.07145189898782066 0.07455789208199501 0.07766388517616934 0.08076987827034368
-9999.0 -9999.0 -9999.0 -9999.0 -9999.0 -9999.0 -9999.0 -9999.0 -9999.0 -9999.0 -9999.0 -9999.0 -9999.0 -9999.0 -9999.0 3.8760181077884472 3.8760181077884472 3.8760181077884472 3.8760181077884472 3.8760181077884472 3.8760181077884472 3.8760181077884472 3.8760181077884472 3.8760181077884472 3.8760181077884472 3.8760181077884472 3.8760181077884472 0.06459168041802596 0.06523306963249996 0.06587445884697395 0.06651584806144793 0.06715723727592192 0.0677986264903959 0.0684400157048699 0.06908140491934389 0.06972279413381788 0.07036418334829186 0.07100557256276585 0.07164696177723985 0.07408404717737378 0.07844077238342893 0.08279749758948408 0.08715422279553924 0.09151094800159437 0.09586767320764952 0.10022439841370467 0.10458112361975982 0.10893784882581496 0.11329457403187011
-9999.0 -9999.0 -9999.0 -9999.0 -9999.0 -9999.0 -9999.0 -9999.0 -9999.0 -9999.0 -9999.0 -9999.0 -9999.0 -9999.0 -9999.0 3.8760181077884472 3.8760181077884472 3.8760181077884472 3.8760181077884472 3.8760181077884472 3.8760181077884472 3.8760181077884472 3.8760181077884472 3.8760181077884472 3.8760181077884472 3.8760181077884472 3.8760181077884472 0.08313471102892768 0.08396023076548319 0.08478575050203868 0.08561127023859419 0.08643678997514968 0.08726230971170519 0.08808782944826068 0.08891334918481619 0.08973886892137169 0.0905643886579272 0.09138990839448269 0.0922154281310382 0.09535215393197294 0.10095961124990889 0.10656706856784484 0.1121745258857808 0.11778198320371674 0.12338944052165268 0.12899689783958865 0.13460435515752459 0.14021181247546055 0.1458192697933965
-9999.0 -9999.0 -9999.0 -9999.0 -9999.0 -9999.0 -9999.0 -9999.0 -9999.0 -9999.0 -9999.0 -9999.0 -9999.0 -9999.0 -9999.0 3.8760181077884472 3.8760181077884472 3.8760181077884472 3.8760181077884472 3.8760181077884472 3.8760181077884472 3.8760181077884472 3.8760181077884472 3.8760181077884472 3.8760181077884472 3.8760181077884472 3.8760181077884472 0.10167774163982939 0.1026873918984664 0.10369704215710342 0.10470669241574043 0.10571634267437743 0.10672599293301445 0.10773564319165146 0.10874529345028848 0.1097549437089255 0.11076459396756251 0.11177424422619953 0.11278389448483653 0.1166202606865721 0.12347845011638885 0.1303366395462056 0.13719482897602236 0.14405301840583912 0.15091120783565587 0.15776939726547262 0.16462758669528937 0.17148577612510615 0.1783439655549229
-9999.0 -9999.0 -9999.0 -9999.0 -9999.0 -9999.0 -9999.0 -9999.0 -9999.0 -9999.0 -9999.0 -9999.0 -9999.0 -9999.0 -9999.0 3.8760181077884472 3.8760181077884472 3.8760181077884472 3.8760181077884472 3.8760181077884472 3.8760181077884472 3.8760181077884472 3.8760181077884472 3.8760181077884472 3.8760181077884472 3.8760181077884472 3.8760181077884472 0.12022077225073109 0.12141455303144962 0.12260833381216815 0.12380211459288668 0.1249958953736052 0.12618967615432372 0.12738345693504227 0.1285772377157608 0.12977101849647932 0.13096479927719784 0.13215858005791636 0.13335236083863491 0.13788836744117128 0.14599728898286882 0.15410621052456638 0.16221513206626395 0.17032405360796152 0.17843297514965906 0.18654189669135662 0.1946508182330542 0.20275973977475176 0.21086866131644932
-9999.0 -9999.0 -9999.0 -9999.0 -9999.0 -9999.0 -9999.0 -9999.0 -9999.0 -9999.0 -9999.0 -9999.0 -9999.0 -9999.0 3.8760181077884472 3.8760181077884472 3.8760181077884472 3.8760181077884472 3.8760181077884472 3.8760181077884472 3.8760181077884472 3.8760181077884472 3.8760181077884472 3.8760181077884472 3.8760181077884472 3.8760181077884472 3.8760181077884472 0.1387638028616328 0.14014171416443286 0.1415196254672329 0.14289753677003292 0.14427544807283296 0.145653359375633 0.14703127067843305 0.1484091819812331 0.14978709328403314 0.15116500458683318 0.1525429158896332 0.15392082719243325 0.15915647419577042 0.16851612784934877 0.17787578150292715 0.1872354351565055 0.19659508881008386 0.20595474246366224 0.2153143961172406 0.22467404977081898 0.23403370342439733 0.2433933570779757
-9999.0 -9999.0 -9999.0 -9999.0 -9999.0 -9999.0 -9999.0 -9999.0 -9999.0 -9999.0 -9999.0 -9999.0 -9999.0 -9999.0 3.8760181077884472 3.8760181077884472 3.8760181077884472 3.8760181077884472 3.8760181077884472 3.8760181077884472 3.8760181077884472 3.8760181077884472 3.8760181077884472 3.8760181077884472 3.8760181077884472 3.8760181077884472 3.8760181077884472 0.1573068334725503 0.15886887529743202 0.16043091712231372 0.16199295894719545 0.16355500077207716 0.16511704259695886 0.1666790844218406 0.1682411262467223 0.169803168071604 0.1713652098964857 0.17292725172136741 0.17448929354624915 0.18042458095038771 0.19103496671584794 0.2016453524813082 0.2122557382467684 0.22286612401222866 0.23347650977768888 0.2440868955431491 0.25469728130860936 0.2653076670740696 0.2759180528395298
-9999.0 -9999.0 -9999.0 -9999.0 -9999.0 -9999.0 -9999.0 -9999.0 -9999.0 -9999.0 -9999.0 -9999.0 -9999.0 -9999.0 3.8760181077884472 3.8760181077884472 3.8760181077884472 3.8760181077884472 3.8760181077884472 3.8760181077884472 3.8760181077884472 3.8760181077884472 3.8760181077884472 3.8760181077884472 3.8760181077884472 3.8760181077884472 3.8760181077884472 0.17584986408345202 0.17759603643041524 0.17934220877737847 0.1810883811243417 0.18283455347130492 0.18458072581826815 0.18632689816523137 0.1880730705121946 0.18981924285915783 0.19156541520612105 0.19331158755308428 0.1950577599000475 0.20169268770498688 0.21355380558232792 0.22541492345966896 0.23727604133701 0.24913715921435103 0.2609982770916921 0.2728593949690331 0.2847205128463742 0.2965816307237152 0.30844274860105625
-9999.0 -9999.0 -9999.0 -9999.0 -9999.0 -9999.0 -9999.0 -9999.0 -9999.0 -9999.0 -9999.0 -9999.0 -9999.0 -9999.0 3.8760181077884472 3.8760181077884472 3.8760181077884472 3.8760181077884472 3.8760181077884472 3.8760181077884472 3.8760181077884472 3.8760181077884472 3.8760181077884472 3.8760181077884472 3.8760181077884472 3.8760181077884472 3.8760181077884472 0.19439289469435375 0.19632319756339847 0.19825350043244322 0.20018380330148797 0.2021141061705327 0.20404440903957743 0.20597471190862215 0.2079050147776669 0.20983531764671165 0.21176562051575637 0.21369592338480112 0.21562622625384587 0.22296079445958605 0.23607264444880788 0.24918449443802973 0.2622963444272516 0.2754081944164734 0.2885200444056953 0.3016318943949171 0.314743744384139 0.3278555943733608 0.34096744436258264
-9999.0 -9999.0 -9999.0 -9999.0 -9999.0 -9999.0 -9999.0 -9999.0 -9999.0 -9999.0 -9999.0 -9999.0 -9999.0 3.8760181077884472 3.8760181077884472 3.8760181077884472 3.8760181077884472 3.8760181077884472 3.8760181077884472 3.8760181077884472 3.8760181077884472 3.8760181077884472 3.8760181077884472 3.8760181077884472 3.8760181077884472 3.8760181077884472 3.8760181077884472 0.21293592530525543 0.2150503586963817 0.21716479208750794 0.21927922547863418 0.22139365886976045 0.2235080922608867 0.22562252565201293 0.2277369590431392 0.22985139243426544 0.23196582582539169 0.23408025921651796 0.2361946926076442 0.2442289012141852 0.25859148331528786 0.2729540654163905 0.28731664751749314 0.3016792296185958 0.3160418117196985 0.3304043938208011 0.34476697592190375 0.3591295580230064 0.37349214012410903
-9999.0 -9999.0 -9999.0 -9999.0 -9999.0 -9999.0 -9999.0 -9999.0 -9999.0 -9999.0 -9999.0 -9999.0 3.8760181077884472 3.8760181077884472 3.8760181077884472 3.8760181077884472 3.8760181077884472 3.8760181077884472 3.8760181077884472 3.8760181077884472 3.8760181077884472 3.8760181077884472 3.8760181077884472 3.8760181077884472 3.8760181077884472 3.8760181077884472 3.8760181077884472 0.2138540504303528 0.2165958879119529 0.21933772539355298 0.22207956287515307 0.2248214003567532 0.22756323783835328 0.23030507531995337 0.23304691280155346 0.23578875028315355 0.23853058776475364 0.24127242524635373 0.24401426272795382 0.2523966743037226 0.26680898706538164 0.2812212998270407 0.2956336125886997 0.31004592535035874 0.3244582381120178 0.33887055087367685 0.3532828636353359 0.3676951763969949 0.38210748915865395
-9999.0 -9999.0 -9999.0 -9999.0 -9999.0 -9999.0 -9999.0 -9999.0 -9999.0 -9999.0 -9999.0 -9999.0 -9999.0 3.8760181077884472 3.8760181077884472 3.8760181077884472 3.8760181077884472 3.8760181077884472 3.8760181077884472 3.8760181077884472 3.8760181077884472 3.8760181077884472 3.8760181077884472 3.8760181077884472 3.8760181077884472 3.8760181077884472 3.8760181077884472 0.1959322629642585 0.19977533602945582 0.20361840909465312 0.20746148215985044 0.21130455522504776 0.21514762829024509 0.21899070135544238 0.2228337744206397 0.22667684748583702 0.23051992055103432 0.23436299361623164 0.23820606668142896 0.2465610167726535 0.2597392653749154 0.27291751397717723 0.28609576257943914 0.299274011181701 0.31245225978396285 0.32563050838622476 0.3388087569884866 0.3519870055907485 0.3651652541930104
-9999.0 -9999.0 -9999.0 -9999.0 -9999.0 -9999.0 -9999.0 -9999.0 -9999.0 -9999.0 -9999.0 -9999.0 -9999.0 3.8760181077884472 3.8760181077884472 3.8760181077884472 3.8760181077884472 3.8760181077884472 3.8760181077884472 3.8760181077884472 3.8760181077884472 3.8760181077884472 3.8760181077884472 3.8760181077884472 3.8760181077884472 3.8760181077884472 3.8760181077884472 0.1780104754981642 0.18295478414695873 0.18789909279575326 0.1928434014445478 0.19778771009334234 0.20273201874213687 0.2076763273909314 0.21262063603972595 0.21756494468852047 0.222509253337315 0.22745356198610955 0.23239787063490408 0.24072535924158436 0.25266954368444905 0.26461372812731376 0.27655791257017853 0.28850209701304325 0.30044628145590796 0.3123904658987727 0.3243346503416374 0.3362788347845021 0.3482230192273668
-9999.0 -9999.0 -9999.0 -9999.0 -9999.0 -9999.0 -9999.0 -9999.0 -9999.0 -9999.0 -9999.0 -9999.0 -9999.0 -9999.0 3.8760181077884472 3.8760181077884472 3.8760181077884472 3.8760181077884472 3.8760181077884472 3.8760181077884472 3.8760181077884472 3.8760181077884472 3.8760181077884472 3.8760181077884472 3.8760181077884472 3.8760181077884472 3.8760181077884472 0.16008868803205462 0.1661342322644473 0.17217977649684 0.1782253207292327 0.1842708649616254 0.1903164091940181 0.19636195342641077 0.20240749765880348 0.20845304189119618 0.21449858612358888 0.22054413035598158 0.22658967458837426 0.23488970171051027 0.24559982199397679 0.2563099422774433 0.2670200625609098 0.27773018284437634 0.2884403031278428 0.2991504234113093 0.30986054369477584 0.32057066397824235 0.33128078426170887
-9999.0 -9999.0 -9999.0 -9999.0 -9999.0 -9999.0 -9999.0 -9999.0 -9999.0 -9999.0 -9999.0 -9999.0 -9999.0 -9999.0 -9999.0 3.8760181077884472 3.8760181077884472 3.8760181077884472 3.8760181077884472 3.8760181077884472 3.8760181077884472 3.8760181077884472 3.8760181077884472 3.8760181077884472 3.8760181077884472 3.8760181077884472 3.8760181077884472 0.1421669005659603 0.14931368038195023 0.15646046019794013 0.16360724001393007 0.17075401982991997 0.17790079964590988 0.1850475794618998 0.19219435927788972 0.19934113909387963 0.20648791890986956 0.21363469872585947 0.22078147854184937 0.22905404417944114 0.2385301003035105 0.24800615642757984 0.25748221255164916 0.26695826867571854 0.2764343247997879 0.28591038092385723 0.29538643704792655 0.30486249317199593 0.3143385492960653
-9999.0 -9999.0 -9999.0 -9999.0 -9999.0 -9999.0 -9999.0 -9999.0 -9999.0 -9999.0 -9999.0 -9999.0 -9999.0 -9999.0 -9999.0 3.8760181077884472 3.8760181077884472 3.8760181077884472 3.8760181077884472 3.8760181077884472 3.8760181077884472 3.8760181077884472 3.8760181077884472 3.8760181077884472 3.8760181077884472 3.8760181077884472 3.8760181077884472 0.12424511309986601 0.13249312849945313 0.14074114389904027 0.1489891592986274 0.15723717469821455 0.1654851900978017 0.17373320549738883 0.18198122089697596 0.19022923629656308 0.19847725169615021 0.20672526709573735 0.2149732824953245 0.223218386648372 0.2314603786130442 0.2397023705777164 0.2479443625423886 0.2561863545070608 0.26442834647173297 0.2726703384364052 0.2809123304010774 0.28915432236574956 0.2973963143304218
-9999.0 -9999.0 -9999.0 -9999.0 -9999.0 -9999.0 -9999.0 -9999.0 -9999.0 -9999.0 -9999.0 -9999.0 -9999.0 -9999.0 -9999.0 -9999.0 3.8760181077884472 3.8760181077884472 3.8760181077884472 3.8760181077884472 3.8760181077884472 3.8760181077884472 3.8760181077884472 3.8760181077884472 3.8760181077884472 3.8760181077884472 3.8760181077884472 0.1063233256337717 0.11567257661695607 0.1250218276001404 0.13437107858332478 0.14372032956650915 0.1530695805496935 0.16241883153287784 0.1717680825160622 0.18111733349924658 0.19046658448243092 0.1998158354656153 0.20916508644879966 0.2173827291173029 0.22439065692257792 0.23139858472785296 0.238406512533128 0.24541444033840304 0.2524223681436781 0.25943029594895306 0.2664382237542281 0.27344615155950314 0.2804540793647782
