Figures/CREST_Example_wjb_NSE/Rolling_result/20100722/BJP_forecast/ens_23/wjb.rain.20100224.asc
ncols            288
nrows            254
xllcorner        113.274861
yllcorner        31.4918055
cellsize         0.008333333333
NODATA_value     -9999
[rows 130 to 155 of 254, columns 174 to 231 of 288]
0.08620618551544072 0.08620618551544072 0.08620618551544072 0.08620618551544072 0.08620618551544072 0.08620618551544072 0.08620618551544072 0.08620618551544072 0.08620618551544072 0.09503737396608744 0.11330930267664777 0.1315812313872081 0.14985316009776842 0.16812508880832874 0.18639701751888907 0.20466894622944937 0.2229408749400097 0.24121280365057002 0.25948473236113034 0.27775666107169067 0.296028589782251 0.3124342575291587 0.3268448500777482 0.3412554426263378 0.35566603517492734 0.37007662772351685 0.3844872202721064 0.3988978128206959 0.4133084053692855 0.42771899791787504 0.4421295904664646 0.4565401830150541 0.4709507755636436 0.47839644064098713 0.47839644064098713 0.47839644064098713 0.47839644064098713 0.47839644064098713 0.47839644064098713 0.47839644064098713 0.47839644064098713 0.47839644064098713 0.47839644064098713 0.47839644064098713 0.47839644064098713 0.48023748621803447 0.48404665118206963 0.48785581614611123 0.4916649811101464 0.4954741460741815 0.49928331103821666 0.5030924760022517 0.5069016409662869 0.510710805930322 0.5145199708943572 0.5183291358583922 0.5221383008224274 0.524106420211247
0.08493631942398096 0.08493631942398096 0.08493631942398096 0.08493631942398096 0.08493631942398096 0.08493631942398096 0.08493631942398096 0.08493631942398096 0.08493631942398096 0.09336837613470468 0.1108144922449846 0.1282606083552645 0.14570672446554442 0.16315284057582433 0.18059895668610423 0.19804507279638414 0.21549118890666408 0.23293730501694399 0.2503834211272239 0.2678295372375038 0.2852756533477837 0.3003363714693991 0.3128470451663864 0.3253577188633736 0.3378683925603609 0.35037906625734816 0.36288973995433543 0.37540041365132265 0.3879110873483099 0.4004217610452972 0.41293243474228447 0.4254431084392717 0.43795378213625896 0.4444177971256228 0.4444177971256228 0.4444177971256228 0.4444177971256228 0.4444177971256228 0.4444177971256228 0.4444177971256228 0.4444177971256228 0.4444177971256228 0.4444177971256228 0.4444177971256228 0.4444177971256228 0.44782646631438466 0.4548790800083061 0.46193169370223963 0.4689843073961611 0.47603692109008255 0.48308953478400407 0.49014214847792553 0.497194762171847 0.5042473758657685 0.5112999895596899 0.5183526032536114 0.5254052169475328 0.529049161456084
0.08366645333252228 0.08366645333252228 0.08366645333252228 0.08366645333252228 0.08366645333252228 0.08366645333252228 0.08366645333252228 0.08366645333252228 0.08366645333252228 0.09169937830332335 0.10831968181332355 0.12493998532332376 0.14156028883332394 0.15818059234332416 0.17480089585332437 0.19142119936332458 0.20804150287332476 0.22466180638332495 0.24128210989332516 0.25790241340332537 0.2745227169133256 0.28823848540964986 0.29884924025503645 0.30945999510042305 0.32007074994580964 0.33068150479119623 0.34129225963658283 0.3519030144819694 0.362513769327356 0.3731245241727426 0.3837352790181292 0.3943460338635158 0.4049567887089024 0.41043915361028743 0.41043915361028743 0.41043915361028743 0.41043915361028743 0.41043915361028743 0.41043915361028743 0.41043915361028743 0.41043915361028743 0.41043915361028743 0.41043915361028743 0.41043915361028743 0.41043915361028743 0.4154154464107625 0.42571150883456754 0.4360075712583902 0.4463036336821952 0.45659969610600026 0.46689575852980536 0.4771918209536104 0.48748788337741544 0.49778394580122054 0.5080800082250255 0.5183760706488306 0.5286721330726357 0.533991902700917
0.07966684516615528 0.07966684516615528 0.07966684516615528 0.07966684516615528 0.07966684516615528 0.07966684516615528 0.07966684516615528 0.07966684516615528 0.07966684516615528 0.08717830791411332 0.102719694286937 0.11826108065976068 0.13380246703258436 0.149343853405408 0.1648852397782317 0.18042662615105537 0.19596801252387905 0.21150939889670273 0.22705078526952638 0.24259217164235009 0.25813355801517374 0.27062998521936243 0.2798712821735718 0.2891125791277812 0.2983538760819906 0.30759517303620004 0.31683646999040943 0.3260777669446188 0.3353190638988282 0.34456036085303765 0.35380165780724704 0.3630429547614564 0.3722842517156658 0.37705904510249655 0.37705904510249655 0.37705904510249655 0.37705904510249655 0.37705904510249655 0.37705904510249655 0.37705904510249655 0.37705904510249655 0.37705904510249655 0.37705904510249655 0.37705904510249655 0.37705904510249655 0.3827700848822183 0.394586355434312 0.4064026259864258 0.4182188965385194 0.43003516709061307 0.44185143764270673 0.4536677081948004 0.46548397874689407 0.47730024929898773 0.4891165198510814 0.5009327904031751 0.5127490609552687 0.518854291733323
0.07274931480611178 0.07274931480611178 0.07274931480611178 0.07274931480611178 0.07274931480611178 0.07274931480611178 0.07274931480611178 0.07274931480611178 0.07274931480611178 0.079608551756764 0.09380046819831385 0.1079923846398637 0.12218430108141355 0.13637621752296342 0.15056813396451324 0.16476005040606312 0.17895196684761294 0.19314388328916282 0.20733579973071264 0.22152771617226252 0.23571963261381235 0.2471309859155921 0.2555698543047743 0.26400872269395653 0.27244759108313876 0.28088645947232094 0.28932532786150317 0.2977641962506854 0.3062030646398676 0.3146419330290498 0.32308080141823203 0.3315196698074142 0.33995853819659644 0.34431873278580377 0.34431873278580377 0.34431873278580377 0.34431873278580377 0.34431873278580377 0.34431873278580377 0.34431873278580377 0.34431873278580377 0.34431873278580377 0.34431873278580377 0.34431873278580377 0.34431873278580377 0.349874226929654 0.3613686700409404 0.3728631131522465 0.38435755626353296 0.39585199937481946 0.4073464424861059 0.4188408855973924 0.43033532870867885 0.44182977181996536 0.4533242149312518 0.4648186580425383 0.47631310115382475 0.4822520501267887
0.06583178444606828 0.06583178444606828 0.06583178444606828 0.06583178444606828 0.06583178444606828 0.06583178444606828 0.06583178444606828 0.06583178444606828 0.06583178444606828 0.07203879559941467 0.0848812421096907 0.09772368861996672 0.11056613513024274 0.12340858164051878 0.13625102815079482 0.1490934746610708 0.16193592117134686 0.1747783676816229 0.1876208141918989 0.20046326070217496 0.21330570721245096 0.2236319866118218 0.2312684264359768 0.23890486626013183 0.24654130608428687 0.2541777459084419 0.2618141857325969 0.2694506255567519 0.27708706538090694 0.28472350520506196 0.29235994502921697 0.299996384853372 0.30763282467752706 0.311578420469111 0.311578420469111 0.311578420469111 0.311578420469111 0.311578420469111 0.311578420469111 0.311578420469111 0.311578420469111 0.311578420469111 0.311578420469111 0.311578420469111 0.311578420469111 0.31697836897708964 0.3281509846475689 0.33932360031806724 0.3504962159885465 0.3616688316590258 0.3728414473295051 0.38401406299998436 0.39518667867046364 0.406359294340943 0.4175319100114222 0.42870452568190154 0.4398771413523808 0.4456498085202543
0.0589142540860248 0.0589142540860248 0.0589142540860248 0.0589142540860248 0.0589142540860248 0.0589142540860248 0.0589142540860248 0.0589142540860248 0.0589142540860248 0.06446903944206536 0.07596201602106756 0.08745499260006977 0.09894796917907196 0.11044094575807417 0.12193392233707637 0.13342689891607856 0.14491987549508079 0.15641285207408298 0.16790582865308518 0.1793988052320874 0.1908917818110896 0.20013298730805146 0.2069669985671793 0.21380100982630712 0.22063502108543495 0.22746903234456278 0.23430304360369064 0.24113705486281845 0.2479710661219463 0.25480507738107416 0.26163908864020197 0.2684730998993298 0.27530711115845763 0.2788381081524182 0.2788381081524182 0.2788381081524182 0.2788381081524182 0.2788381081524182 0.2788381081524182 0.2788381081524182 0.2788381081524182 0.2788381081524182 0.2788381081524182 0.2788381081524182 0.2788381081524182 0.28408251102452525 0.29493329925419737 0.30578408748388797 0.3166348757135601 0.32748566394323214 0.33833645217290426 0.3491872404025763 0.36003802863224843 0.37088881686192054 0.38173960509159266 0.3925903933212647 0.40344118155093683 0.40904756691371996
0.0519967237259754 0.0519967237259754 0.0519967237259754 0.0519967237259754 0.0519967237259754 0.0519967237259754 0.0519967237259754 0.0519967237259754 0.0519967237259754 0.05689928328470958 0.0670427899324368 0.07718629658016403 0.08732980322789125 0.09747330987561847 0.1076168165233457 0.11776032317107292 0.12790382981880016 0.1380473364665274 0.1481908431142546 0.15833434976198182 0.16847785640970905 0.17663398800426106 0.18266557069836103 0.188697153392461 0.19472873608656097 0.20076031878066095 0.2067919014747609 0.21282348416886088 0.21885506686296086 0.2248866495570608 0.2309182322511608 0.23694981494526074 0.24298139763936072 0.24609779583569755 0.24609779583569755 0.24609779583569755 0.24609779583569755 0.24609779583569755 0.24609779583569755 0.24609779583569755 0.24609779583569755 0.24609779583569755 0.24609779583569755 0.24609779583569755 0.24609779583569755 0.2511866530719329 0.2617156138607975 0.2722445746496801 0.2827735354385447 0.29330249622740934 0.303831457016274 0.3143604178051386 0.32488937859400324 0.33541833938286786 0.3459473001717325 0.35647626096059715 0.3670052217494617 0.37244532530715435
0.045079193365931906 0.045079193365931906 0.045079193365931906 0.045079193365931906 0.045079193365931906 0.045079193365931906 0.045079193365931906 0.045079193365931906 0.045079193365931906 0.04932952712736026 0.058123563843813654 0.06691760056026705 0.07571163727672045 0.08450567399317385 0.09329971070962725 0.10209374742608066 0.11088778414253406 0.11968182085898746 0.12847585757544086 0.13726989429189426 0.14606393100834766 0.15313498870049075 0.15836414282956351 0.1635932969586363 0.1688224510877091 0.17405160521678187 0.17928075934585466 0.18450991347492743 0.18973906760400022 0.194968221733073 0.20019737586214578 0.20542652999121858 0.21065568412029134 0.2133574835190048 0.2133574835190048 0.2133574835190048 0.2133574835190048 0.2133574835190048 0.2133574835190048 0.2133574835190048 0.2133574835190048 0.2133574835190048 0.2133574835190048 0.2133574835190048 0.2133574835190048 0.21829079511936858 0.228497928467426 0.23870506181550086 0.24891219516355828 0.25911932851161573 0.2693264618596731 0.2795335952077306 0.28974072855578803 0.2999478619038455 0.31015499525190293 0.3203621285999603 0.3305692619480178 0.33584308370062
0.03816166300588841 0.03816166300588841 0.03816166300588841 0.03816166300588841 0.03816166300588841 0.03816166300588841 0.03816166300588841 0.03816166300588841 0.03816166300588841 0.041759770970010934 0.04920433775519051 0.05664890454037008 0.06409347132554966 0.07153803811072923 0.0789826048959088 0.08642717168108838 0.09387173846626795 0.10131630525144754 0.10876087203662711 0.11620543882180669 0.12365000560698626 0.12963598939672039 0.134062714960766 0.1384894405248116 0.14291616608885718 0.1473428916529028 0.15176961721694837 0.15619634278099398 0.1606230683450396 0.16504979390908517 0.16947651947313075 0.17390324503717636 0.17832997060122197 0.18061717120231202 0.18061717120231202 0.18061717120231202 0.18061717120231202 0.18061717120231202 0.18061717120231202 0.18061717120231202 0.18061717120231202 0.18061717120231202 0.18061717120231202 0.18061717120231202 0.18061717120231202 0.18539493716680422 0.19528024307405448 0.20516554898132158 0.2150508548885718 0.22493616079582207 0.2348214667030723 0.24470677261032256 0.2545920785175728 0.26447738442482305 0.2743626903320733 0.2842479962393235 0.2941333021465738 0.29924084209408564
0.031244132645844917 0.031244132645844917 0.031244132645844917 0.031244132645844917 0.031244132645844917 0.031244132645844917 0.031244132645844917 0.031244132645844917 0.031244132645844917 0.034190014812661616 0.04028511166656736 0.046380208520473115 0.05247530537437886 0.05857040222828462 0.06466549908219037 0.07076059593609611 0.07685569279000187 0.08295078964390762 0.08904588649781336 0.09514098335171911 0.10123608020562487 0.10613699009295006 0.10976128709196847 0.11338558409098688 0.11700988109000529 0.1206341780890237 0.12425847508804211 0.12788277208706053 0.13150706908607893 0.13513136608509735 0.13875566308411574 0.14237996008313417 0.1460042570821526 0.14787685888561924 0.14787685888561924 0.14787685888561924 0.14787685888561924 0.14787685888561924 0.14787685888561924 0.14787685888561924 0.14787685888561924 0.14787685888561924 0.14787685888561924 0.14787685888561924 0.14787685888561924 0.15249907921423989 0.16206255768068295 0.1716260361471423 0.18118951461358537 0.1907529930800284 0.20031647154647148 0.20987995001291454 0.2194434284793576 0.22900690694580067 0.2385703854122437 0.24813386387868677 0.2576973423451298 0.2626386004875513
0.02432660228580142 0.02432660228580142 0.02432660228580142 0.02432660228580142 0.02432660228580142 0.02432660228580142 0.02432660228580142 0.02432660228580142 0.02432660228580142 0.02662025865531229 0.031365885577944216 0.03611151250057614 0.040857139423208066 0.04560276634583999 0.05034839326847192 0.05509402019110384 0.05983964711373577 0.06458527403636768 0.06933090095899962 0.07407652788163155 0.07882215480426347 0.08263799078917973 0.08545985922317095 0.08828172765716218 0.0911035960911534 0.09392546452514462 0.09674733295913585 0.09956920139312708 0.10239106982711829 0.10521293826110953 0.10803480669510075 0.11085667512909197 0.1136785435630832 0.11513654656892648 0.11513654656892648 0.11513654656892648 0.11513654656892648 0.11513654656892648 0.11513654656892648 0.11513654656892648 0.11513654656892648 0.11513654656892648 0.11513654656892648 0.11513654656892648 0.11513654656892648 0.11960322126167555 0.12884487228731142 0.13808652331296306 0.14732817433859893 0.1565698253642348 0.16581147638987065 0.17505312741550655 0.1842947784411424 0.1935364294667783 0.20277808049241414 0.21201973151805 0.22126138254368588 0.22603635888101695
0.017409071925757923 0.017409071925757923 0.017409071925757923 0.017409071925757923 0.017409071925757923 0.017409071925757923 0.017409071925757923 0.017409071925757923 0.017409071925757923 0.019050502497962966 0.022446659489321067 0.025842816480679168 0.029238973472037265 0.03263513046339537 0.036031287454753466 0.03942744444611157 0.04282360143746967 0.046219758428827765 0.04961591542018587 0.05301207241154397 0.05640822940290206 0.05913899148540939 0.061158431354373426 0.06317787122333747 0.06519731109230151 0.06721675096126555 0.06923619083022958 0.07125563069919362 0.07327507056815766 0.07529451043712171 0.07731395030608575 0.07933339017504978 0.08135283004401382 0.08239623425223372 0.08239623425223372 0.08239623425223372 0.08239623425223372 0.08239623425223372 0.08239623425223372 0.08239623425223372 0.08239623425223372 0.08239623425223372 0.08239623425223372 0.08239623425223372 0.08239623425223372 0.08670736330911122 0.0956271868939399 0.1045470104787838 0.11346683406361248 0.12238665764844117 0.13130648123326985 0.14022630481809853 0.1491461284029272 0.1580659519877559 0.1669857755725846 0.17590559915741327 0.18482542274224195 0.18943411727448262
0.010491541565714428 0.010491541565714428 0.010491541565714428 0.010491541565714428 0.010491541565714428 0.010491541565714428 0.010491541565714428 0.010491541565714428 0.010491541565714428 0.011480746340613645 0.01352743340069792 0.015574120460782194 0.017620807520866467 0.019667494580950743 0.021714181641035016 0.023760868701119292 0.02580755576120357 0.027854242821287838 0.029900929881372114 0.03194761694145639 0.033994304001540666 0.035639992181639046 0.036857003485575905 0.03807401478951276 0.03929102609344961 0.04050803739738646 0.04172504870132332 0.04294206000526017 0.04415907130919702 0.045376082613133875 0.04659309391707073 0.047810105221007586 0.04902711652494444 0.04965592193554095 0.04965592193554095 0.04965592193554095 0.04965592193554095 0.04965592193554095 0.04965592193554095 0.04965592193554095 0.04965592193554095 0.04965592193554095 0.04965592193554095 0.04965592193554095 0.04965592193554095 0.053811505356546885 0.06240950150056837 0.07100749764460453 0.07960549378862602 0.08820348993264751 0.09680148607666901 0.10539948222069051 0.113997478364712 0.12259547450873348 0.13119347065275497 0.13979146679677648 0.14838946294079797 0.15283187566794826
0.003574011205665036 0.003574011205665036 0.003574011205665036 0.003574011205665036 0.003574011205665036 0.003574011205665036 0.003574011205665036 0.003574011205665036 0.003574011205665036 0.0039109901832578686 0.004608207312067167 0.005305424440876465 0.006002641569685763 0.006699858698495062 0.00739707582730436 0.008094292956113658 0.008791510084922956 0.009488727213732255 0.010185944342541553 0.010883161471350851 0.011580378600160148 0.012140992877848675 0.012555575616757658 0.012970158355666641 0.013384741094575625 0.013799323833484608 0.014213906572393593 0.014628489311302575 0.015043072050211558 0.015457654789120543 0.015872237528029527 0.01628682026693851 0.016701403005847493 0.016915609618820264 0.016915609618820264 0.016915609618820264 0.016915609618820264 0.016915609618820264 0.016915609618820264 0.016915609618820264 0.016915609618820264 0.016915609618820264 0.016915609618820264 0.016915609618820264 0.016915609618820264 0.020915647403954494 0.02919181610716852 0.03746798481039666 0.04574415351361069 0.054020322216824714 0.06229649092003874 0.07057265962325276 0.0788488283264668 0.08712499702968082 0.09540116573289484 0.10367733443610888 0.1119535031393229 0.11622963406138268
0.0 0.0 0.0 0.0 0.0 0.0 0.0 0.0 0.0 0.0 0.0 0.0 0.0 0.0 0.0 0.0 0.0 0.0 0.0 0.0 0.0 0.0 0.0 0.0 0.0 0.0 0.0 0.0 0.0 0.0 0.0 0.0 0.0 0.0 0.0 0.0 0.0 0.0 0.0 0.0 0.0 0.0 0.0 0.0 0.0 0.003761795657249584 0.011545036006158116 0.01932827635507992 0.02711151670398845 0.034894757052896984 0.042677997401805515 0.050461237750714046 0.058244478099622576 0.06602771844853111 0.07381095879743964 0.08159419914634818 0.0893774394952567 0.09339888419065857
0.0 0.0 0.0 0.0 0.0 0.0 0.0 0.0 0.0 0.0 0.0 0.0 0.0 0.0 0.0 0.0 0.0 0.0 0.0 0.0 0.0 0.0 0.0 0.0 0.0 0.0 0.0 0.0 0.0 0.0 0.0 0.0 0.0 0.0 0.0 0.0 0.0 0.0 0.0 0.0 0.0 0.0 0.0 0.0 0.0 0.003435156192464124 0.010542572096478995 0.017649988000505986 0.024757403904520858 0.031864819808535734 0.0389722357125506 0.04607965161656547 0.05318706752058035 0.060294483424595216 0.06740189932861008 0.07450931523262497 0.08161673113663984 0.0852889908516085
0.0 0.0 0.0 0.0 0.0 0.0 0.0 0.0 0.0 0.0 0.0 0.0 0.0 0.0 0.0 0.0 0.0 0.0 0.0 0.0 0.0 0.0 0.0 0.0 0.0 0.0 0.0 0.0 0.0 0.0 0.0 0.0 0.0 0.0 0.0 0.0 0.0 0.0 0.0 0.0 0.0 0.0 0.0 0.0 0.0 0.003108516727678664 0.009540108186799876 0.015971699645932057 0.022403291105053267 0.02883488256417448 0.03526647402329569 0.041698065482416904 0.04812965694153812 0.054561248400659325 0.06099283985978054 0.06742443131890175 0.07385602277802296 0.07717909751255843
0.0 0.0 0.0 0.0 0.0 0.0 0.0 0.0 0.0 0.0 0.0 0.0 0.0 0.0 0.0 0.0 0.0 0.0 0.0 0.0 0.0 0.0 0.0 0.0 0.0 0.0 0.0 0.0 0.0 0.0 0.0 0.0 0.0 0.0 0.0 0.0 0.0 0.0 0.0 0.0 0.0 0.0 0.0 0.0 0.0 0.0027818772628932027 0.008537644277120754 0.014293411291358119 0.02004917830558567 0.02580494531981322 0.03156071233404077 0.037316479348268324 0.04307224636249587 0.04882801337672342 0.05458378039095097 0.06033954740517852 0.06609531441940607 0.06906920417350834
0.0 0.0 0.0 0.0 0.0 0.0 0.0 0.0 0.0 0.0 0.0 0.0 0.0 0.0 0.0 0.0 0.0 0.0 0.0 0.0 0.0 0.0 0.0 0.0 0.0 0.0 0.0 0.0 0.0 0.0 0.0 0.0 0.0 0.0 0.0 0.0 0.0 0.0 0.0 0.0 0.0 0.0 0.0 0.0 0.0 0.002455237798107743 0.007535180367441633 0.012615122936784186 0.017695065506118077 0.022775008075451967 0.02785495064478586 0.03293489321411975 0.03801483578345364 0.04309477835278753 0.04817472092212142 0.053254663491455315 0.058334606060789204 0.06095931083445827
0.0 0.0 0.0 0.0 0.0 0.0 0.0 0.0 0.0 0.0 0.0 0.0 0.0 0.0 0.0 0.0 0.0 0.0 0.0 0.0 0.0 0.0 0.0 0.0 0.0 0.0 0.0 0.0 0.0 0.0 0.0 0.0 0.0 0.0 0.0 0.0 0.0 0.0 0.0 0.0 0.0 0.0 0.0 0.0 0.0 0.002128598333322004 0.006532716457761658 0.01093683458220882 0.015340952706648476 0.01974507083108813 0.02414918895552778 0.028553307079967435 0.03295742520440709 0.037361543328846746 0.0417656614532864 0.04616977957772605 0.0505738977021657 0.05284941749540128
0.0 0.0 0.0 0.0 0.0 0.0 0.0 0.0 0.0 0.0 0.0 0.0 0.0 0.0 0.0 0.0 0.0 0.0 0.0 0.0 0.0 0.0 0.0 0.0 0.0 0.0 0.0 0.0 0.0 0.0 0.0 0.0 0.0 0.0 0.0 0.0 0.0 0.0 0.0 0.0 0.0 0.0 0.0 0.0 0.0 0.0018019588685365435 0.005530252548082537 0.009258546227634888 0.01298683990718088 0.016715133586726875 0.02044342726627287 0.02417172094581886 0.027900014625364854 0.03162830830491085 0.035356601984456844 0.03908489566400283 0.04281318934354883 0.0447395241563512
0.0 0.0 0.0 0.0 0.0 0.0 0.0 0.0 0.0 0.0 0.0 0.0 0.0 0.0 0.0 0.0 0.0 0.0 0.0 0.0 0.0 0.0 0.0 0.0 0.0 0.0 0.0 0.0 0.0 0.0 0.0 0.0 0.0 0.0 0.0 0.0 0.0 0.0 0.0 0.0 0.0 0.0 0.0 0.0 0.0 0.0014753194037510835 0.004527788638403417 0.007580257873060956 0.01063272710771329 0.013685196342365624 0.016737665577017957 0.01979013481167029 0.022842604046322625 0.025895073280974956 0.02894754251562729 0.032000011750279625 0.03505248098493196 0.036629630817301126
0.0 0.0 0.0 0.0 0.0 0.0 0.0 0.0 0.0 0.0 0.0 0.0 0.0 0.0 0.0 0.0 0.0 0.0 0.0 0.0 0.0 0.0 0.0 0.0 0.0 0.0 0.0 0.0 0.0 0.0 0.0 0.0 0.0 0.0 0.0 0.0 0.0 0.0 0.0 0.0 0.0 0.0 0.0 0.0 0.0 0.001148679938965623 0.003525324728724296 0.0059019695184870215 0.008278614308245695 0.010655259098004367 0.013031903887763041 0.015408548677521713 0.017785193467280386 0.020161838257039058 0.022538483046797734 0.024915127836556406 0.02729177262631508 0.028519737478251046
0.0 0.0 0.0 0.0 0.0 0.0 0.0 0.0 0.0 0.0 0.0 0.0 0.0 0.0 0.0 0.0 0.0 0.0 0.0 0.0 0.0 0.0 0.0 0.0 0.0 0.0 0.0 0.0 0.0 0.0 0.0 0.0 0.0 0.0 0.0 0.0 0.0 0.0 0.0 0.0 0.0 0.0 0.0 0.0 0.0 0.0008220404741801627 0.0025228608190451755 0.004223681163913089 0.005924501508778102 0.007625321853643114 0.009326142198508127 0.01102696254337314 0.012727782888238151 0.014428603233103165 0.016129423577968177 0.01783024392283319 0.0195310642676982 0.02040984413920097
0.0 0.0 0.0 0.0 0.0 0.0 0.0 0.0 0.0 0.0 0.0 0.0 0.0 0.0 0.0 0.0 0.0 0.0 0.0 0.0 0.0 0.0 0.0 0.0 0.0 0.0 0.0 0.0 0.0 0.0 0.0 0.0 0.0 0.0 0.0 0.0 0.0 0.0 0.0 0.0 0.0 0.0 0.0 0.0 0.0 0.0004954010093947024 0.0015203969093660547 0.0025453928093391548 0.003570388709310507 0.0045953846092818594 0.005620380509253212 0.006645376409224564 0.007670372309195916 0.008695368209167269 0.00972036410913862 0.010745360009109972 0.011770355909081326 0.01229995080015089
