Figures/CREST_Example_wjb_NSE/Rolling_result/20100722/BJP_forecast/ens_23/wjb.rain.20100723.asc
ncols            288
nrows            254
xllcorner        113.274861
yllcorner        31.4918055
cellsize         0.008333333333
NODATA_value     -9999
[rows 20 to 39 of 254, columns 0 to 43 of 288]
-9999.0 -9999.0 -9999.0 -9999.0 -9999.0 -9999.0 -9999.0 -9999.0 -9999.0 -9999.0 -9999.0 -9999.0 -9999.0 -9999.0 -9999.0 -9999.0 -9999.0 -9999.0 -9999.0 -9999.0 -9999.0 -9999.0 -9999.0 21.209620681228895 21.209620681228895 21.209620681228895 21.209620681228895 21.209620681228895 21.209620681228895 21.209620681228895 21.209620681228895 21.209620681228895 21.209620681228895 21.209620681228895 21.209620681228895 21.209620681228895 21.209620681228895 21.209620681228895 21.209620681228895 21.209620681228895 21.209620681228895 21.209620681228895 21.209620681228895 21.209620681228895
-9999.0 -9999.0 -9999.0 -9999.0 -9999.0 -9999.0 -9999.0 -9999.0 -9999.0 -9999.0 -9999.0 -9999.0 -9999.0 -9999.0 -9999.0 -9999.0 -9999.0 -9999.0 -9999.0 -9999.0 -9999.0 -9999.0 21.209620681228895 21.209620681228895 21.209620681228895 21.209620681228895 21.209620681228895 21.209620681228895 21.209620681228895 21.209620681228895 21.209620681228895 21.209620681228895 21.209620681228895 21.209620681228895 21.209620681228895 21.209620681228895 21.209620681228895 21.209620681228895 21.209620681228895 21.209620681228895 21.209620681228895 21.209620681228895 21.209620681228895 21.209620681228895
-9999.0 -9999.0 -9999.0 -9999.0 -9999.0 -9999.0 -9999.0 -9999.0 -9999.0 -9999.0 -9999.0 -9999.0 -9999.0 -9999.0 -9999.0 -9999.0 -9999.0 -9999.0 -9999.0 -9999.0 -9999.0 -9999.0 -9999.0 21.209620681228895 21.209620681228895 21.209620681228895 21.209620681228895 21.209620681228895 21.209620681228895 21.209620681228895 21.209620681228895 21.209620681228895 21.209620681228895 21.209620681228895 21.209620681228895 21.209620681228895 21.209620681228895 21.209620681228895 21.209620681228895 21.209620681228895 21.209620681228895 21.209620681228895 21.209620681228895 21.209620681228895
-9999.0 -9999.0 -9999.0 -9999.0 -9999.0 -9999.0 -9999.0 -9999.0 -9999.0 -9999.0 -9999.0 -9999.0 -9999.0 -9999.0 -9999.0 -9999.0 -9999.0 -9999.0 -9999.0 -9999.0 -9999.0 -9999.0 21.209620681228895 21.209620681228895 21.209620681228895 21.209620681228895 21.209620681228895 21.209620681228895 21.209620681228895 21.209620681228895 21.209620681228895 21.209620681228895 21.209620681228895 21.209620681228895 21.209620681228895 21.209620681228895 21.209620681228895 21.209620681228895 21.209620681228895 21.209620681228895 21.209620681228895 21.209620681228895 21.209620681228895 21.209620681228895
-9999.0 -9999.0 -9999.0 -9999.0 -9999.0 -9999.0 -9999.0 -9999.0 -9999.0 -9999.0 -9999.0 -9999.0 -9999.0 -9999.0 -9999.0 -9999.0 -9999.0 -9999.0 -9999.0 -9999.0 -9999.0 -9999.0 21.209620681228895 21.209620681228895 21.209620681228895 21.209620681228895 21.209620681228895 21.209620681228895 21.209620681228895 21.209620681228895 21.209620681228895 21.209620681228895 21.209620681228895 21.209620681228895 21.209620681228895 21.209620681228895 21.209620681228895 21.209620681228895 21.209620681228895 21.209620681228895 21.209620681228895 21.209620681228895 21.209620681228895 21.209620681228895
-9999.0 -9999.0 -9999.0 -9999.0 -9999.0 -9999.0 -9999.0 -9999.0 -9999.0 -9999.0 -9999.0 -9999.0 -9999.0 -9999.0 -9999.0 -9999.0 -9999.0 -9999.0 -9999.0 -9999.0 -9999.0 -9999.0 21.209620681228895 21.209620681228895 21.209620681228895 21.209620681228895 21.209620681228895 65.62899498093651 65.71256912969191 65.79614327844732 65.8797174272027 65.96329157595811 66.04686572471351 66.1304398734689 66.2140140222243 66.2975881709797 66.3811623197351 66.4647364684905 66.54831061724589 65.02663982588074 61.78892591434788 58.55121200281501 55.31349809128214 52.07578417974928
-9999.0 -9999.0 -9999.0 -9999.0 -9999.0 -9999.0 -9999.0 -9999.0 -9999.0 -9999.0 -9999.0 -9999.0 -9999.0 -9999.0 -9999.0 -9999.0 21.209620681228895 21.209620681228895 21.209620681228895 21.209620681228895 21.209620681228895 21.209620681228895 21.209620681228895 21.209620681228895 21.209620681228895 21.209620681228895 21.209620681228895 62.69095750546572 62.774836961808965 62.85871641815221 62.94259587449545 63.0264753308387 63.11035478718195 63.194234243525194 63.27811369986844 63.36199315621169 63.445872612554936 63.52975206889818 63.61363152524143 62.19350163633856 59.16555176615373 56.137601895968906 53.10965202578408 50.08170215559926
-9999.0 -9999.0 -9999.0 -9999.0 -9999.0 -9999.0 -9999.0 -9999.0 -9999.0 -9999.0 -9999.0 -9999.0 -9999.0 -9999.0 -9999.0 -9999.0 21.209620681228895 21.209620681228895 21.209620681228895 21.209620681228895 21.209620681228895 21.209620681228895 21.209620681228895 21.209620681228895 21.209620681228895 21.209620681228895 21.209620681228895 59.75292002999242 59.837104793923515 59.92128955785461 60.005474321785705 60.089659085716804 60.173843849647895 60.25802861357899 60.342213377510085 60.42639814144118 60.51058290537228 60.59476766930337 60.67895243323447 59.36036344679397 56.542177617957364 53.72399178912075 50.90580596028415 48.08762013144754
-9999.0 -9999.0 -9999.0 -9999.0 -9999.0 -9999.0 -9999.0 -9999.0 -9999.0 -9999.0 -9999.0 -9999.0 -9999.0 -9999.0 -9999.0 21.209620681228895 21.209620681228895 21.209620681228895 21.209620681228895 21.209620681228895 21.209620681228895 21.209620681228895 21.209620681228895 21.209620681228895 21.209620681228895 21.209620681228895 21.209620681228895 56.81488255452162 56.89937262604057 56.98386269755951 57.06835276907845 57.1528428405974 57.237332912116344 57.321822983635286 57.406313055154236 57.49080312667318 57.57529319819212 57.65978326971106 57.74427334123001 56.52722525725179 53.918803469763226 51.31038168227466 48.70195989478609 46.093538107297526
-9999.0 -9999.0 -9999.0 -9999.0 -9999.0 -9999.0 -9999.0 -9999.0 -9999.0 -9999.0 -9999.0 -9999.0 -9999.0 -9999.0 -9999.0 21.209620681228895 21.209620681228895 21.209620681228895 21.209620681228895 21.209620681228895 21.209620681228895 21.209620681228895 21.209620681228895 21.209620681228895 21.209620681228895 21.209620681228895 21.209620681228895 53.87684507905083 53.96164045815762 54.04643583726441 54.131231216371205 54.216026595478 54.30082197458479 54.385617353691586 54.47041273279837 54.555208111905166 54.64000349101196 54.724798870118754 54.80959424922555 53.69408706770961 51.29542932156908 48.89677157542856 46.49811382928803 44.09945608314751
-9999.0 -9999.0 -9999.0 -9999.0 -9999.0 -9999.0 -9999.0 -9999.0 -9999.0 -9999.0 -9999.0 -9999.0 -9999.0 -9999.0 -9999.0 21.209620681228895 21.209620681228895 21.209620681228895 21.209620681228895 21.209620681228895 21.209620681228895 21.209620681228895 21.209620681228895 21.209620681228895 21.209620681228895 21.209620681228895 21.209620681228895 50.93880760358003 51.02390829027467 51.109008976969314 51.19410966366395 51.279210350358596 51.364311037053234 51.44941172374788 51.53451241044252 51.619613097137155 51.7047137838318 51.78981447052644 51.87491515722108 50.86094887816743 48.67205517337494 46.48316146858246 44.294267763789975 42.105374058997484
-9999.0 -9999.0 -9999.0 -9999.0 -9999.0 -9999.0 -9999.0 -9999.0 -9999.0 -9999.0 -9999.0 -9999.0 -9999.0 -9999.0 -9999.0 21.209620681228895 21.209620681228895 21.209620681228895 21.209620681228895 21.209620681228895 21.209620681228895 21.209620681228895 21.209620681228895 21.209620681228895 21.209620681228895 21.209620681228895 21.209620681228895 48.00077012810924 48.08617612239173 48.171582116674216 48.25698811095671 48.3423941052392 48.42780009952169 48.51320609380418 48.59861208808667 48.68401808236916 48.769424076651646 48.85483007093414 48.94023606521663 48.02781068862526 46.04868102518081 44.069551361736366 42.09042169829192 40.11129203484748
-9999.0 -9999.0 -9999.0 -9999.0 -9999.0 -9999.0 -9999.0 -9999.0 -9999.0 -9999.0 -9999.0 -9999.0 -9999.0 -9999.0 21.209620681228895 21.209620681228895 21.209620681228895 21.209620681228895 21.209620681228895 21.209620681228895 21.209620681228895 21.209620681228895 21.209620681228895 21.209620681228895 21.209620681228895 21.209620681228895 21.209620681228895 45.06273265263844 45.14844395450878 45.23415525637912 45.31986655824946 45.40557786011979 45.49128916199013 45.57700046386047 45.66271176573081 45.74842306760115 45.834134369471485 45.919845671341825 46.005556973212165 45.194672499083076 43.425306876986674 41.655941254890266 39.886575632793864 38.117210010697455
-9999.0 -9999.0 -9999.0 -9999.0 -9999.0 -9999.0 -9999.0 -9999.0 -9999.0 -9999.0 -9999.0 -9999.0 -9999.0 -9999.0 21.209620681228895 21.209620681228895 21.209620681228895 21.209620681228895 21.209620681228895 21.209620681228895 21.209620681228895 21.209620681228895 21.209620681228895 21.209620681228895 21.209620681228895 21.209620681228895 21.209620681228895 42.124695177165144 42.21071178662333 42.29672839608151 42.382745005539704 42.46876161499789 42.55477822445608 42.64079483391426 42.72681144337245 42.81282805283064 42.89884466228882 42.98486127174701 43.0708778812052 42.36153430953848 40.80193272879029 39.24233114804211 37.682729567293926 36.12312798654574
-9999.0 -9999.0 -9999.0 -9999.0 -9999.0 -9999.0 -9999.0 -9999.0 -9999.0 -9999.0 -9999.0 -9999.0 -9999.0 -9999.0 21.209620681228895 21.209620681228895 21.209620681228895 21.209620681228895 21.209620681228895 21.209620681228895 21.209620681228895 21.209620681228895 21.209620681228895 21.209620681228895 21.209620681228895 21.209620681228895 21.209620681228895 39.186657701694344 39.27297961874038 39.359301535786415 39.44562345283245 39.531945369878486 39.61826728692452 39.704589203970556 39.79091112101659 39.877233038062634 39.96355495510867 40.049876872154705 40.13619878920074 39.5283961199963 38.17855858059616 36.82872104119601 35.47888350179587 34.12904596239572
-9999.0 -9999.0 -9999.0 -9999.0 -9999.0 -9999.0 -9999.0 -9999.0 -9999.0 -9999.0 -9999.0 -9999.0 -9999.0 -9999.0 21.209620681228895 21.209620681228895 21.209620681228895 21.209620681228895 21.209620681228895 21.209620681228895 21.209620681228895 21.209620681228895 21.209620681228895 21.209620681228895 21.209620681228895 21.209620681228895 21.209620681228895 36.248620226223544 36.33524745085743 36.42187467549132 36.508501900125204 36.59512912475908 36.68175634939297 36.768383574026856 36.85501079866074 36.94163802329462 37.02826524792851 37.114892472562396 37.20151969719628 36.695257930454126 35.55518443240202 34.41511093434992 33.275037436297815 32.13496393824571
-9999.0 -9999.0 -9999.0 -9999.0 -9999.0 -9999.0 -9999.0 -9999.0 -9999.0 -9999.0 -9999.0 -9999.0 -9999.0 21.209620681228895 21.209620681228895 21.209620681228895 21.209620681228895 21.209620681228895 21.209620681228895 21.209620681228895 21.209620681228895 21.209620681228895 21.209620681228895 21.209620681228895 21.209620681228895 21.209620681228895 21.209620681228895 33.31058275075275 33.39751528297448 33.48444781519621 33.57138034741795 33.65831287963968 33.74524541186141 33.83217794408315 33.91911047630488 34.00604300852662 34.09297554074835 34.17990807297008 34.26684060519182 33.86211974091194 32.93181028420788 32.00150082750382 31.071191370799752 30.14088191409569
-9999.0 -9999.0 -9999.0 -9999.0 -9999.0 -9999.0 -9999.0 -9999.0 -9999.0 -9999.0 -9999.0 -9999.0 21.209620681228895 21.209620681228895 21.209620681228895 21.209620681228895 21.209620681228895 21.209620681228895 21.209620681228895 21.209620681228895 21.209620681228895 21.209620681228895 21.209620681228895 21.209620681228895 21.209620681228895 21.209620681228895 21.209620681228895 31.81218282259293 31.886508371995994 31.960833921399058 32.03515947080212 32.10948502020519 32.183810569608255 32.25813611901132 32.33246166841438 32.406787217817445 32.48111276722051 32.55543831662357 32.629763866026636 32.26992230138146 31.44594627946779 30.621970257554118 29.797994235640445 28.974018213726772
-9999.0 -9999.0 -9999.0 -9999.0 -9999.0 -9999.0 -9999.0 -9999.0 -9999.0 -9999.0 -9999.0 -9999.0 -9999.0 21.209620681228895 21.209620681228895 21.209620681228895 21.209620681228895 21.209620681228895 21.209620681228895 21.209620681228895 21.209620681228895 21.209620681228895 21.209620681228895 21.209620681228895 21.209620681228895 21.209620681228895 21.209620681228895 31.85266465332719 31.900580795676923 31.948496938026658 31.996413080376392 32.04432922272613 32.09224536507586 32.140161507425596 32.18807764977533 32.235993792125065 32.2839099344748 32.331826076824534 32.37974221917427 32.004212273650076 31.1760088901373 30.347805506624525 29.519602123111753 28.691398739598977
-9999.0 -9999.0 -9999.0 -9999.0 -9999.0 -9999.0 -9999.0 -9999.0 -9999.0 -9999.0 -9999.0 -9999.0 -9999.0 21.209620681228895 21.209620681228895 21.209620681228895 21.209620681228895 21.209620681228895 21.209620681228895 21.209620681228895 21.209620681228895 21.209620681228895 21.209620681228895 21.209620681228895 21.209620681228895 21.209620681228895 21.209620681228895 31.893146484061443 31.91465321935785 31.936159954654254 31.95766668995066 31.979173425247062 32.00068016054347 32.02218689583987 32.04369363113628 32.065200366432684 32.08670710172909 32.108213837025495 32.1297205723219 31.738502245918685 30.906071500806807 30.07364075569493 29.241210010583057 28.408779265471182
