Figures/CREST_Example_wjb_NSE/Rolling_result/20100722/BJP_forecast/ens_23/wjb.rain.20100722.asc
ncols            288
nrows            254
xllcorner        113.274861
yllcorner        31.4918055
cellsize         0.008333333333
NODATA_value     -9999
[rows 80 to 99 of 254, columns 180 to 224 of 288]
5.175404418627654 5.044868469941515 4.9143325212551545 5.748782486338086 5.748782486338086 5.748782486338086 5.748782486338086 5.748782486338086 5.748782486338086 5.748782486338086 5.748782486338086 5.748782486338086 5.748782486338086 5.748782486338086 5.748782486338086 5.748782486338086 5.748782486338086 5.748782486338086 5.748782486338086 5.748782486338086 5.748782486338086 5.748782486338086 5.748782486338086 5.748782486338086 5.748782486338086 5.748782486338086 -9999.0 -9999.0 -9999.0 -9999.0 -9999.0 -9999.0 -9999.0 -9999.0 -9999.0 -9999.0 -9999.0 -9999.0 -9999.0 -9999.0 -9999.0 -9999.0 -9999.0 -9999.0 -9999.0
5.456893245481081 5.306761877550342 5.156630509619347 5.748782486338086 5.748782486338086 5.748782486338086 5.748782486338086 5.748782486338086 5.748782486338086 5.748782486338086 5.748782486338086 5.748782486338086 5.748782486338086 5.748782486338086 5.748782486338086 5.748782486338086 5.748782486338086 5.748782486338086 5.748782486338086 5.748782486338086 5.748782486338086 5.748782486338086 5.748782486338086 5.748782486338086 5.748782486338086 5.748782486338086 -9999.0 -9999.0 -9999.0 -9999.0 -9999.0 -9999.0 -9999.0 -9999.0 -9999.0 -9999.0 -9999.0 -9999.0 -9999.0 -9999.0 -9999.0 -9999.0 -9999.0 -9999.0 -9999.0
5.73838207233451 5.56865528515917 5.398928497983541 5.748782486338086 5.748782486338086 5.748782486338086 5.748782486338086 5.748782486338086 5.748782486338086 5.748782486338086 5.748782486338086 5.748782486338086 5.748782486338086 5.748782486338086 5.748782486338086 5.748782486338086 5.748782486338086 5.748782486338086 5.748782486338086 5.748782486338086 5.748782486338086 5.748782486338086 5.748782486338086 5.748782486338086 5.748782486338086 -9999.0 -9999.0 -9999.0 -9999.0 -9999.0 -9999.0 -9999.0 -9999.0 -9999.0 -9999.0 -9999.0 -9999.0 -9999.0 -9999.0 -9999.0 -9999.0 -9999.0 -9999.0 -9999.0 -9999.0
6.019870899187937 5.830548692767997 5.641226486347734 5.748782486338086 5.748782486338086 5.748782486338086 5.748782486338086 5.748782486338086 5.748782486338086 5.748782486338086 5.748782486338086 5.748782486338086 5.748782486338086 5.748782486338086 5.748782486338086 5.748782486338086 5.748782486338086 5.748782486338086 5.748782486338086 5.748782486338086 5.748782486338086 5.748782486338086 5.748782486338086 5.748782486338086 5.748782486338086 -9999.0 -9999.0 -9999.0 -9999.0 -9999.0 -9999.0 -9999.0 -9999.0 -9999.0 -9999.0 -9999.0 -9999.0 -9999.0 -9999.0 -9999.0 -9999.0 -9999.0 -9999.0 -9999.0 -9999.0
6.301359726041365 6.092442100376825 5.883524474711928 5.748782486338086 5.748782486338086 5.748782486338086 5.748782486338086 5.748782486338086 5.748782486338086 5.748782486338086 5.748782486338086 5.748782486338086 5.748782486338086 5.748782486338086 5.748782486338086 5.748782486338086 5.748782486338086 5.748782486338086 5.748782486338086 5.748782486338086 5.748782486338086 5.748782486338086 5.748782486338086 5.748782486338086 5.748782486338086 -9999.0 -9999.0 -9999.0 -9999.0 -9999.0 -9999.0 -9999.0 -9999.0 -9999.0 -9999.0 -9999.0 -9999.0 -9999.0 -9999.0 -9999.0 -9999.0 -9999.0 -9999.0 -9999.0 -9999.0
7.403211033905741 7.179596277535863 6.955981521165603 6.7698869340840275 6.623902256867743 6.47791757965146 6.331932902435176 6.185948225218892 6.039963548002608 5.8939788707863245 5.74799419357004 5.602009516353757 5.456024839137473 5.310040161921189 5.164055484704905 5.748782486338086 5.748782486338086 5.748782486338086 5.748782486338086 5.748782486338086 5.748782486338086 5.748782486338086 5.748782486338086 5.748782486338086 5.748782486338086 5.748782486338086 -9999.0 -9999.0 5.748782486338086 5.748782486338086 -9999.0 -9999.0 -9999.0 -9999.0 -9999.0 -9999.0 -9999.0 -9999.0 -9999.0 -9999.0 -9999.0 -9999.0 -9999.0 -9999.0 -9999.0
9.381978111137924 9.148902185680225 8.915826260222127 8.653917798068544 8.361186701849178 8.06845560562981 7.775724509410443 7.482993413191076 7.190262316971708 6.897531220752342 6.604800124532974 6.312069028313607 6.01933793209424 5.726606835874872 5.433875739655505 5.748782486338086 5.748782486338086 5.748782486338086 5.748782486338086 5.748782486338086 5.748782486338086 5.748782486338086 5.748782486338086 5.748782486338086 5.748782486338086 5.748782486338086 5.748782486338086 5.748782486338086 5.748782486338086 5.748782486338086 5.748782486338086 -9999.0 -9999.0 -9999.0 -9999.0 -9999.0 -9999.0 -9999.0 -9999.0 -9999.0 -9999.0 -9999.0 -9999.0 -9999.0 -9999.0
11.360745188370107 11.118208093824586 10.875670999278652 10.537948662053061 10.098471146830612 9.658993631608162 9.21951611638571 8.780038601163259 8.34056108594081 7.901083570718359 7.461606055495908 7.0221285402734575 6.582651025051007 6.143173509828556 5.703695994606106 5.748782486338086 5.748782486338086 5.748782486338086 5.748782486338086 5.748782486338086 5.748782486338086 5.748782486338086 5.748782486338086 5.748782486338086 5.748782486338086 5.748782486338086 5.748782486338086 5.748782486338086 5.748782486338086 5.748782486338086 5.748782486338086 -9999.0 -9999.0 -9999.0 -9999.0 -9999.0 -9999.0 -9999.0 -9999.0 -9999.0 -9999.0 -9999.0 -9999.0 -9999.0 -9999.0
13.339512265602293 13.087514001968952 12.83551573833518 12.421979526037584 11.835755591812049 11.249531657586514 10.66330772336098 10.077083789135447 9.49085985490991 8.904635920684377 8.318411986458843 7.732188052233308 7.145964118007774 6.55974018378224 5.973516249556705 5.748782486338086 5.748782486338086 5.748782486338086 5.748782486338086 5.748782486338086 5.748782486338086 5.748782486338086 5.748782486338086 5.748782486338086 5.748782486338086 5.748782486338086 5.748782486338086 5.748782486338086 5.748782486338086 5.748782486338086 5.748782486338086 -9999.0 -9999.0 -9999.0 -9999.0 -9999.0 -9999.0 -9999.0 -9999.0 -9999.0 -9999.0 -9999.0 -9999.0 -9999.0 -9999.0
15.318279342834476 15.056819910113314 14.795360477391705 14.3060103900221 13.573040036793483 12.840069683564865 12.107099330336247 11.374128977107631 10.641158623879013 9.908188270650395 9.175217917421778 8.44224756419316 7.709277210964543 6.976306857735925 6.243336504507308 5.748782486338086 5.748782486338086 5.748782486338086 5.748782486338086 5.748782486338086 5.748782486338086 5.748782486338086 5.748782486338086 5.748782486338086 5.748782486338086 5.748782486338086 5.748782486338086 5.748782486338086 5.748782486338086 5.748782486338086 5.748782486338086 5.748782486338086 -9999.0 -9999.0 -9999.0 -9999.0 -9999.0 -9999.0 -9999.0 -9999.0 -9999.0 -9999.0 -9999.0 -9999.0 -9999.0
17.29704642006666 17.026125818257675 16.75520521644823 16.19004125400662 15.310324481774916 14.430607709543215 13.550890937311515 12.671174165079814 11.791457392848113 10.911740620616412 10.03202384838471 9.15230707615301 8.272590303921309 7.392873531689608 6.513156759457907 5.748782486338086 5.748782486338086 5.748782486338086 5.748782486338086 5.748782486338086 5.748782486338086 5.748782486338086 5.748782486338086 5.748782486338086 5.748782486338086 5.748782486338086 5.748782486338086 5.748782486338086 5.748782486338086 5.748782486338086 5.748782486338086 5.748782486338086 -9999.0 -9999.0 -9999.0 -9999.0 -9999.0 -9999.0 -9999.0 -9999.0 -9999.0 -9999.0 -9999.0 -9999.0 -9999.0
19.275813497298845 18.99543172640204 18.715049955504757 18.07407211799114 17.047608926756354 16.02114573552157 14.994682544286785 13.968219353052 12.941756161817215 11.915292970582431 10.888829779347645 9.862366588112861 8.835903396878077 7.809440205643291 6.782977014408507 5.748782486338086 5.748782486338086 5.748782486338086 5.748782486338086 5.748782486338086 5.748782486338086 5.748782486338086 5.748782486338086 5.748782486338086 5.748782486338086 5.748782486338086 5.748782486338086 5.748782486338086 5.748782486338086 5.748782486338086 -9999.0 -9999.0 -9999.0 -9999.0 -9999.0 -9999.0 5.748782486338086 -9999.0 5.748782486338086 -9999.0 -9999.0 -9999.0 -9999.0 -9999.0 -9999.0
21.254580574532717 20.96473763454808 20.67489469456295 19.958102981977262 18.78489337173927 17.611683761501276 16.438474151263282 15.265264541025289 14.092054930787295 12.918845320549302 11.74563571031131 10.572426100073317 9.399216489835323 8.22600687959733 7.052797269359337 5.748782486338086 5.748782486338086 5.748782486338086 5.748782486338086 5.748782486338086 5.748782486338086 5.748782486338086 5.748782486338086 5.748782486338086 5.748782486338086 5.748782486338086 5.748782486338086 5.748782486338086 5.748782486338086 5.748782486338086 -9999.0 -9999.0 -9999.0 -9999.0 -9999.0 5.748782486338086 5.748782486338086 5.748782486338086 5.748782486338086 -9999.0 -9999.0 -9999.0 -9999.0 -9999.0 -9999.0
23.233347651764902 22.934043542692446 22.63473943361948 21.842133845961783 20.522177816720706 19.20222178747963 17.882265758238553 16.562309728997477 15.2423536997564 13.922397670515323 12.602441641274247 11.28248561203317 9.962529582792092 8.642573553551015 7.322617524309939 5.748782486338086 5.748782486338086 5.748782486338086 5.748782486338086 5.748782486338086 5.748782486338086 5.748782486338086 5.748782486338086 5.748782486338086 5.748782486338086 5.748782486338086 5.748782486338086 5.748782486338086 5.748782486338086 5.748782486338086 5.748782486338086 -9999.0 -9999.0 -9999.0 -9999.0 5.748782486338086 5.748782486338086 5.748782486338086 5.748782486338086 -9999.0 -9999.0 -9999.0 -9999.0 -9999.0 -9999.0
25.212114728997086 24.903349450836807 24.594584172676004 23.7261647099463 22.25946226170214 20.79275981345798 19.32605736521382 17.85935491696966 16.3926524687255 14.925950020481341 13.459247572237182 11.992545123993022 10.52584267574886 9.0591402275047 7.592437779260543 5.748782486338086 5.748782486338086 5.748782486338086 5.748782486338086 5.748782486338086 5.748782486338086 5.748782486338086 5.748782486338086 5.748782486338086 5.748782486338086 5.748782486338086 5.748782486338086 5.748782486338086 5.748782486338086 5.748782486338086 5.748782486338086 5.748782486338086 -9999.0 -9999.0 -9999.0 5.748782486338086 5.748782486338086 5.748782486338086 5.748782486338086 5.748782486338086 -9999.0 -9999.0 -9999.0 -9999.0 -9999.0
27.19088180622927 26.872655358981174 26.554428911732533 25.61019557393082 23.996746706683577 22.383297839436334 20.769848972189088 19.156400104941845 17.542951237694602 15.929502370447358 14.316053503200115 12.70260463595287 11.089155768705627 9.475706901458384 7.862258034211138 5.748782486338086 5.748782486338086 5.748782486338086 5.748782486338086 5.748782486338086 5.748782486338086 5.748782486338086 5.748782486338086 5.748782486338086 5.748782486338086 5.748782486338086 5.748782486338086 5.748782486338086 5.748782486338086 5.748782486338086 5.748782486338086 5.748782486338086 5.748782486338086 5.748782486338086 5.748782486338086 5.748782486338086 5.748782486338086 5.748782486338086 5.748782486338086 5.748782486338086 5.748782486338086 5.748782486338086 5.748782486338086 -9999.0 -9999.0
29.169648883461456 28.841961267125534 28.514273650789058 27.49422643791534 25.73403115166501 23.973835865414685 22.213640579164355 20.45344529291403 18.693250006663703 16.933054720413374 15.172859434163048 13.41266414791272 11.652468861662392 9.892273575412066 8.13207828916174 5.748782486338086 5.748782486338086 5.748782486338086 5.748782486338086 5.748782486338086 5.748782486338086 5.748782486338086 5.748782486338086 5.748782486338086 5.748782486338086 5.748782486338086 5.748782486338086 5.748782486338086 5.748782486338086 5.748782486338086 5.748782486338086 5.748782486338086 5.748782486338086 5.748782486338086 5.748782486338086 5.748782486338086 5.748782486338086 5.748782486338086 5.748782486338086 5.748782486338086 5.748782486338086 5.748782486338086 5.748782486338086 -9999.0 -9999.0
30.11871432085052 29.782681129616186 29.446647938381282 28.387187103705937 26.554365750598013 24.721544397490085 22.88872304438216 21.055901691274236 19.22308033816631 17.39025898505838 15.557437631950457 13.72461627884253 11.891794925734605 10.05897357262668 8.226152219518752 7.597403827974343 8.255836677050059 8.914269526125775 9.572702375201493 10.231135224277208 10.889568073352926 11.548000922428642 12.206433771504358 12.864866620580074 13.523299469655791 14.181732318731509 14.840165167807225 5.748782486338086 5.748782486338086 5.748782486338086 5.748782486338086 5.748782486338086 5.748782486338086 5.748782486338086 5.748782486338086 5.748782486338086 5.748782486338086 5.748782486338086 5.748782486338086 5.748782486338086 5.748782486338086 5.748782486338086 5.748782486338086 -9999.0 -9999.0
29.967093624533106 29.623907358254307 29.280721091974925 28.2207562113283 26.394538774763017 24.568321338197734 22.74210390163245 20.915886465067167 19.089669028501884 17.2634515919366 15.437234155371318 13.611016718806034 11.784799282240751 9.958581845675468 8.132364409110185 7.511008414730171 8.177676564595956 8.84434471446174 9.511012864327526 10.177681014193311 10.844349164059096 11.51101731392488 12.177685463790665 12.84435361365645 13.511021763522233 14.177689913388019 14.844358063253804 5.748782486338086 5.748782486338086 5.748782486338086 5.748782486338086 5.748782486338086 5.748782486338086 5.748782486338086 5.748782486338086 5.748782486338086 5.748782486338086 5.748782486338086 5.748782486338086 5.748782486338086 5.748782486338086 5.748782486338086 5.748782486338086 -9999.0 -9999.0
29.815472928215826 29.465133586892566 29.114794245568707 28.054325318950802 26.234711798928156 24.41509827890551 22.595484758882865 20.77587123886022 18.956257718837573 17.136644198814928 15.317030678792282 13.497417158769636 11.67780363874699 9.858190118724345 8.038576598701699 7.424613001486072 8.099516452141918 8.774419902797764 9.44932335345361 10.124226804109455 10.799130254765302 11.474033705421146 12.148937156076993 12.823840606732839 13.498744057388684 14.173647508044532 14.848550958700375 5.748782486338086 5.748782486338086 5.748782486338086 5.748782486338086 5.748782486338086 5.748782486338086 5.748782486338086 5.748782486338086 5.748782486338086 5.748782486338086 5.748782486338086 5.748782486338086 5.748782486338086 5.748782486338086 5.748782486338086 5.748782486338086 5.748782486338086 -9999.0
