Figures/CREST_Example_wjb_NSE/Rolling_result/20100722/BJP_forecast/ens_23/wjb.rain.20100725.asc
ncols            288
nrows            254
xllcorner        113.274861
yllcorner        31.4918055
cellsize         0.008333333333
NODATA_value     -9999
[rows 120 to 139 of 254, columns 45 to 89 of 288]
7.872659083482046 8.150416153197149 8.428173222912251 8.705930292627354 8.983687362342456 9.261444432057559 9.458769908068179 9.5701121924565 9.681454476844634 9.792796761232765 9.904139045620896 10.015481330009028 10.12682361439716 10.238165898785292 10.349508183173423 10.460850467561556 10.572192751949688 10.683535036337819 10.845442130487434 11.061404149265215 11.277366168043365 11.493328186821147 11.709290205598927 11.92525222437671 12.14121424315449 12.357176261932272 12.573138280710053 12.789100299487835 13.005062318265615 13.221024337043398 13.024848356952992 12.388087539043322 11.751326721133653 11.114565903222898 10.477805085313229 9.841044267403559 9.20428344949389 8.567522631584222 7.930761813674552 7.294000995764883 6.657240177855213 6.020479359945544 5.707760342152189 5.741449334823613 5.7751383274950365
8.400286077250108 8.685493193151267 8.970700309052425 9.255907424953584 9.541114540854743 9.826321656755901 10.025036703860222 10.131289774486824 10.237542845113243 10.343795915739662 10.450048986366081 10.5563020569925 10.66255512761892 10.76880819824534 10.87506126887176 10.981314339498178 11.087567410124597 11.193820480751016 11.319063178166653 11.464606215871319 11.610149253576232 11.755692291280898 11.901235328985562 12.046778366690228 12.192321404394892 12.337864442099558 12.483407479804224 12.628950517508889 12.774493555213555 12.920036592918219 12.68875021989481 12.054624687980214 11.420499156065619 10.786373624149942 10.152248092235345 9.51812256032075 8.883997028406153 8.249871496491558 7.615745964576962 6.981620432662366 6.34749490074777 5.713369368833175 5.404536298712163 5.443448224664679 5.482360150617195
8.759079564446441 9.033845091404817 9.308610618363193 9.583376145321571 9.858141672279947 10.132907199238323 10.316128963215645 10.401488375451533 10.486847787687276 10.57220719992302 10.65756661215876 10.742926024394503 10.828285436630246 10.913644848865989 10.999004261101732 11.084363673337474 11.169723085573217 11.25508249780896 11.327692312416705 11.386672518961618 11.445652725506628 11.50463293205154 11.563613138596452 11.622593345141363 11.681573551686276 11.740553758231187 11.799533964776098 11.858514171321008 11.917494377865921 11.976474584410832 11.721432590281019 11.130693764663047 10.539954939045074 9.949216113426093 9.358477287808121 8.767738462190149 8.176999636572175 7.586260810954203 6.99552198533623 6.4047831597182565 5.814044334100284 5.223305508482311 4.935256464022042 4.970789639019953 5.006322814017865
9.117873051642775 9.382196989658368 9.646520927673961 9.910844865689556 10.17516880370515 10.439492741720745 10.607221222571066 10.671686976416241 10.736152730261308 10.800618484106375 10.86508423795144 10.929549991796506 10.994015745641573 11.05848149948664 11.122947253331704 11.18741300717677 11.251878761021837 11.316344514866904 11.336321446666759 11.308738822051916 11.281156197437028 11.253573572822186 11.225990948207343 11.198408323592501 11.170825698977659 11.143243074362816 11.115660449747974 11.088077825133132 11.06049520051829 11.032912575903447 10.75411496066723 10.206762841345881 9.65941072202453 9.112058602702247 8.564706483380897 8.017354364059546 7.470002244738197 6.922650125416846 6.375298006095496 5.827945886774145 5.280593767452795 4.733241648131446 4.46597662933192 4.498131053375227 4.530285477418533
9.476666538839414 9.730548887912216 9.984431236985019 10.23831358605782 10.492195935130624 10.746078284203428 10.898313481926735 10.941885577381182 10.985457672835553 11.029029768289925 11.072601863744296 11.116173959198669 11.15974605465304 11.203318150107412 11.246890245561783 11.290462341016156 11.334034436470526 11.377606531924899 11.34495058091682 11.230805125142151 11.116659669367285 11.002514213592615 10.888368757817945 10.774223302043275 10.660077846268605 10.545932390493935 10.431786934719266 10.317641478944596 10.203496023169926 10.089350567395256 9.786797331052616 9.282831918027926 8.778866505003235 8.274901091977686 7.770935678952995 7.266970265928305 6.763004852903615 6.259039439878924 5.755074026854234 5.251108613829544 4.747143200804853 4.243177787780163 3.9966967946413994 4.025472467730098 4.054248140818796
9.835460026035747 10.078900786165768 10.322341546295789 10.565782306425808 10.809223066555829 11.05266382668585 11.189405741282158 11.212084178345892 11.234762615409586 11.257441052473283 11.280119489536977 11.302797926600672 11.325476363664368 11.348154800728063 11.370833237791757 11.393511674855452 11.416190111919148 11.438868548982843 11.353579715166875 11.15287142823245 10.952163141297683 10.75145485436326 10.550746567428837 10.350038280494413 10.14932999355999 9.948621706625564 9.747913419691141 9.547205132756718 9.346496845822294 9.145788558887869 8.819479701438826 8.35890099471076 7.898322287982692 7.437743581253839 6.977164874525771 6.516586167797703 6.056007461069636 5.595428754341569 5.134850047613501 4.674271340885433 4.213692634157366 3.7531139274292977 3.527416959951278 3.5528138820853714 3.5782108042194647
10.194253513232079 10.427252684419317 10.660251855606555 10.893251026793793 11.126250197981031 11.35924936916827 11.48049800063758 11.482282779310601 11.48406755798362 11.485852336656638 11.487637115329656 11.489421894002675 11.491206672675693 11.492991451348711 11.494776230021731 11.49656100869475 11.498345787367768 11.500130566040786 11.362208849416929 11.07493773132275 10.787666613228083 10.500395495133905 10.213124377039726 9.92585325894555 9.638582140851371 9.351311022757194 9.064039904663016 8.776768786568837 8.48949766847466 8.202226550380482 7.8521620718250364 7.434970071393591 7.017778070962147 6.600586070529991 6.183394070098546 5.766202069667102 5.349010069235657 4.931818068804212 4.514626068372768 4.0974340679413235 3.6802420675098784 3.263050067078434 3.058137125261157 3.0801552964406453 3.1021734676201334
10.553047000428414 10.77560458267287 10.998162164917325 11.22071974716178 11.443277329406236 11.665834911650693 11.771590259993001 11.752481380275311 11.733372500557653 11.714263620839995 11.695154741122337 11.67604586140468 11.65693698168702 11.637828101969362 11.618719222251704 11.599610342534046 11.580501462816388 11.56139258309873 11.370837983666982 10.99700403441305 10.623170085158481 10.24933613590455 9.875502186650618 9.501668237396686 9.127834288142754 8.754000338888822 8.38016638963489 8.00633244038096 7.632498491127029 7.258664541873097 6.884844442211247 6.511039148076426 6.137233853941604 5.763428559806145 5.3896232656713225 5.015817971536501 4.642012677401679 4.268207383266857 3.8944020891320354 3.5205967949972132 3.1467915008623915 2.7729862067275697 2.5888572905710356 2.607496710795919 2.6261361310208025
10.911840487624746 11.12395648092642 11.336072474228093 11.548188467529766 11.76030446083144 11.972420454133113 12.062682519348423 12.02267998124002 11.982677443131685 11.94267490502335 11.902672366915017 11.86266982880668 11.822667290698346 11.782664752590012 11.742662214481678 11.702659676373344 11.662657138265008 11.622654600156674 11.379467117917036 10.919070337503351 10.45867355708888 9.998276776675194 9.537879996261509 9.077483215847824 8.617086435434137 8.156689655020452 7.696292874606767 7.235896094193081 6.775499313779396 6.31510253336571 5.917526812597457 5.587108224759259 5.25668963692106 4.926271049082297 4.595852461244098 4.265433873405899 3.9350152855677 3.604596697729501 3.2741781098913023 2.943759522053103 2.613340934214904 2.282922346376705 2.119577455880915 2.134838125151193 2.1500987944214716
11.27063397482108 11.472308379179971 11.673982783538863 11.875657187897753 12.077331592256645 12.279005996615535 12.353774778703846 12.29287858220473 12.231982385705718 12.171086189206708 12.110189992707696 12.049293796208685 11.988397599709673 11.927501403210663 11.866605206711652 11.80570901021264 11.74481281371363 11.683916617214617 11.38809625216709 10.84113664059365 10.294177029019279 9.747217417445839 9.2002578058724 8.65329819429896 8.10633858272552 7.559378971152082 7.012419359578643 6.465459748005204 5.918500136431764 5.371540524858324 4.950209182983668 4.663177301442092 4.376145419900515 4.08911353835845 3.802081656816874 3.5150497752752976 3.228017893733721 2.940986012192145 2.653954130650569 2.366922249108993 2.0798903675674167 1.7928584860258407 1.6502976211907934 1.6621795395064667 1.6740614578221402
11.629427462017413 11.820660277433522 12.011893092849629 12.203125908265738 12.394358723681847 12.585591539097956 12.644867038059266 12.563077183169439 12.481287328279752 12.399497473390063 12.317707618500375 12.235917763610688 12.154127908721 12.072338053831313 11.990548198941624 11.908758344051936 11.82696848916225 11.74517863427256 11.396725386417144 10.76320294368395 10.129680500949677 9.496158058216484 8.86263561548329 8.229113172750097 7.595590730016903 6.962068287283711 6.328545844550518 5.695023401817324 5.061500959084131 4.4279785163509375 3.9828915533698783 3.7392463781249248 3.4956012028799712 3.2519560276346025 3.0083108523896493 2.764665677144696 2.5210205018997422 2.277375326654789 2.033730151409836 1.7900849761648825 1.5464398009199294 1.3027946256749758 1.1810177865006721 1.1895209538617404 1.1980241212228089
11.988220949214051 12.169012175687369 12.349803402160687 12.530594628634004 12.711385855107322 12.89217708158064 12.935959297414936 12.83327578413438 12.730592270853997 12.627908757573614 12.525225244293232 12.42254173101285 12.319858217732468 12.217174704452086 12.114491191171703 12.011807677891321 11.90912416461094 11.806440651330558 11.405354520667204 10.685269246774183 9.965183972879935 9.245098698986915 8.525013425093894 7.804928151200873 7.084842877307851 6.364757603414831 5.64467232952181 4.924587055628789 4.204501781735768 3.484416507842747 3.0155739237552637 2.8153154548069703 2.615056985858677 2.4147985169100417 2.2145400479617483 2.0142815790134545 1.8140231100651614 1.6137646411168678 1.4135061721685744 1.2132477032202809 1.0129892342719873 0.8127307653236939 0.7117379518101509 0.7168623682166114 0.7219867846230719
12.347014436410385 12.51736407394092 12.687713711471455 12.858063349001991 13.028412986532526 13.198762624063061 13.227051556770359 13.103474385099089 12.97989721342803 12.856320041756971 12.732742870085913 12.609165698414854 12.485588526743795 12.362011355072736 12.238434183401678 12.114857011730619 11.99127984005956 11.867702668388501 11.413983654917258 10.607335549864484 9.800687444810332 8.994039339757558 8.187391234704783 7.380743129652009 6.5740950245992344 5.767446919546459 4.9607988144936845 4.15415070944091 3.3475026043881346 2.54085449933536 2.048256294141474 1.8913845314898032 1.7345127688381328 1.5776410061861945 1.4207692435345236 1.2638974808828531 1.1070257182311825 0.9501539555795118 0.7932821929278411 0.6364104302761704 0.4795386676244997 0.322666904972829 0.24245811712002965 0.24420378257188521 0.24594944802374075
12.639439775700348 12.833693498476345 13.027947221252342 13.222200944028339 13.416454666804338 13.610708389580335 13.652213889551074 13.53042808685621 13.408642284161552 13.286856481466893 13.165070678772235 13.043284876077578 12.92149907338292 12.799713270688262 12.677927467993605 12.556141665298947 12.434355862604288 12.31257005990963 11.829816678977755 10.96118079741225 10.092544915845263 9.223909034279759 8.355273152714254 7.486637271148749 6.618001389583244 5.749365508017739 4.880729626452235 4.01209374488673 3.143457863321226 2.2748219817557196 1.752469387109943 1.6003014544609497 1.4481335218119564 1.2959655891627035 1.1437976565137102 0.9916297238647168 0.8394617912157235 0.6872938585667301 0.5351259259177368 0.38295799326874347 0.23079006061975016 0.07862212797075685 0.0 0.0 0.0
12.860921748761942 13.115792917320963 13.370664085879984 13.625535254439004 13.880406422998025 14.135277591557045 14.220688678974291 14.124943109435018 14.029197539895907 13.933451970356797 13.837706400817687 13.741960831278577 13.646215261739467 13.550469692200357 13.454724122661247 13.358978553122137 13.263232983583027 13.167487414043917 12.680924990894596 11.77657051700944 10.87221604312274 9.967861569237584 9.063507095352428 8.159152621467271 7.2547981475821155 6.350443673696959 5.446089199811802 4.541734725926647 3.63738025204149 2.7330257781563336 2.1745064888629067 1.9856928300475754 1.796879171232244 1.6080655124165906 1.419251853601259 1.2304381947859278 1.0416245359705962 0.8528108771552649 0.6639972183399334 0.4751835595246019 0.2863699007092706 0.09755624189393908 0.0 0.0 0.0
13.082403721823537 13.397892336165581 13.713380950507624 14.028869564849668 14.344358179191712 14.659846793533756 14.789163468397506 14.719458132013825 14.649752795630263 14.5800474592467 14.510342122863138 14.440636786479576 14.370931450096014 14.301226113712453 14.23152077732889 14.161815440945329 14.092110104561767 14.022404768178205 13.532033302811438 12.59196023660663 11.651887170400219 10.71181410419541 9.771741037990601 8.831667971785794 7.891594905580986 6.951521839376177 6.011448773171369 5.0713757069665615 4.131302640761753 3.191229574556944 2.5965435906158705 2.371084205634201 2.1456248206525315 1.9201654356704776 1.694706050688808 1.4692466657071386 1.243787280725469 1.0183278957437996 0.79286851076213 0.5674091257804603 0.3419497407987908 0.1164903558171213 0.0 0.0 0.0
13.30388569488513 13.679991755010198 14.056097815135265 14.432203875260331 14.808309935385399 15.184415995510467 15.357638257820721 15.313973154592633 15.270308051364617 15.226642948136604 15.18297784490859 15.139312741680575 15.095647638452562 15.051982535224548 15.008317431996533 14.96465232876852 14.920987225540506 14.87732212231249 14.38314161472828 13.407349956203818 12.431558297677695 11.455766639153236 10.479974980628775 9.504183322104316 8.528391663579857 7.552600005055397 6.576808346530937 5.601016688006478 4.625225029482017 3.649433370957558 3.018580692368834 2.7564755812208266 2.494370470072819 2.2322653589243644 1.9701602477763567 1.7080551366283492 1.4459500254803415 1.183844914332334 0.9217398031843262 0.659634692036319 0.39752958088831125 0.13542446974030353 0.0 0.0 0.0
13.525367667946915 13.962091173855057 14.398814679763198 14.835538185671341 15.272261691579484 15.708985197487625 15.92611304724442 15.908488177171947 15.890863307099503 15.873238437027059 15.855613566954615 15.83798869688217 15.820363826809727 15.802738956737283 15.785114086664839 15.767489216592395 15.749864346519951 15.732239476447507 15.234249926645845 14.222739675801703 13.211229424955837 12.199719174111696 11.188208923267553 10.176698672423411 9.16518842157927 8.153678170735127 7.142167919890987 6.130657669046844 5.119147418202703 4.107637167358561 3.4406177941221574 3.1418669568077804 2.843116119493404 2.544365282178517 2.24561444486414 1.9468636075497634 1.6481127702353864 1.3493619329210094 1.0506110956066324 0.7518602582922558 0.45310942097787876 0.15435858366350175 0.0 0.0 0.0
13.74684964100851 14.244190592699676 14.741531544390842 15.238872496082006 15.736213447773173 16.23355439946434 16.494587836667638 16.503003199750754 16.51141856283386 16.519833925916963 16.528249289000065 16.53666465208317 16.545080015166274 16.553495378249377 16.561910741332483 16.570326104415585 16.578741467498688 16.587156830581794 16.085358238562687 15.038129395398894 13.990900552233313 12.94367170906952 11.896442865905726 10.849214022741933 9.801985179578141 8.754756336414347 7.707527493250554 6.6602986500867605 5.613069806922967 4.5658409637591735 3.862654895875121 3.527258332394406 3.1918617689136908 2.8564652054324036 2.521068641951689 2.185672078470974 1.8502755149902588 1.514878951509544 1.1794823880288288 0.844085824548114 0.5086892610673988 0.17329269758668397 0.0 0.0 0.0
13.968331614070104 14.526290011544294 15.084248409018482 15.642206806492672 16.20016520396686 16.75812360144105 17.063062626090854 17.097518222329562 17.131973818568216 17.166429414806867 17.200885011045518 17.23534060728417 17.269796203522823 17.304251799761474 17.338707396000125 17.373162992238775 17.40761858847743 17.44207418471608 16.93646655047953 15.853519114996082 14.770571679510791 13.687624244027347 12.6046768085439 11.521729373060456 10.438781937577012 9.355834502093566 8.27288706661012 7.189939631126675 6.10699219564323 5.024044760159786 4.284691997628085 3.9126497079810316 3.5406074183339786 3.168565128686291 2.7965228390392376 2.4244805493921846 2.0524382597451316 1.6803959700980782 1.3083536804510252 0.9363113908039722 0.5642691011569192 0.1922268115098662 0.0 0.0 0.0
