Figures/CREST_Example_wjb_NSE/Rolling_result/20100722/BJP_forecast/ens_23/wjb.rain.20100728.asc
ncols            288
nrows            254
xllcorner        113.274861
yllcorner        31.4918055
cellsize         0.008333333333
NODATA_value     -9999
[rows 69 to 91 of 254, columns 106 to 158 of 288]
0.16412062045502063 0.1492876413987568 0.13445466234249295 0.11962168328622913 0.10478870422996528 0.09895793921953344 0.10275074458880148 0.10654354995806953 0.11033635532733757 0.1141291606966056 0.11792196606587364 0.12171477143514815 0.12550757680441618 0.12930038217368423 0.13309318754295227 0.1368859929122203 0.14067879828148835 0.13689346312927955 0.12500692438156236 0.11312038563384516 0.10123384688612797 0.08934730813841076 0.07746076939069356 0.06557423064297635 0.05368769189523888 0.04180115314752168 0.029914614399804473 0.018028075652087278 0.006141536904370082 0.0 0.0 0.0 0.0 0.0 0.0 0.0 0.0 0.0 0.0 0.0 0.0 0.0 0.0 0.0 0.0 0.0 0.0 0.0 0.0 0.0 0.0 0.0 0.0
0.17214019246818507 0.15806646908520922 0.1439927457022334 0.12991902231925753 0.1158452989362817 0.1106229130540698 0.11486280711314825 0.11910270117222671 0.12334259523130517 0.12758248929038363 0.13182238334946209 0.1360622774085478 0.14030217146762625 0.1445420655267047 0.14878195958578316 0.15302185364486162 0.15726174770394008 0.15303020443691284 0.1397425030885101 0.12645480174010737 0.11316710039170462 0.09987939904330187 0.08659169769489912 0.07330399634649638 0.06001629499807097 0.046728593649668235 0.033440892301265485 0.02015319095286275 0.0068654896044599845 0.0 0.0 0.0 0.0 0.0 0.0 0.0 0.0 0.0 0.0 0.0 0.0 0.0 0.0 0.0 0.0 0.0 0.0 0.0 0.0 0.0 0.0 0.0 0.0
0.1801597644813495 0.16684529677166166 0.15353082906197382 0.14021636135228596 0.12690189364259813 0.12228788688860615 0.12697486963749502 0.13166185238638392 0.1363488351352728 0.14103581788416167 0.14572280063305057 0.15040978338194744 0.1550967661308363 0.15978374887972518 0.1644707316286141 0.16915771437750296 0.17384469712639183 0.16916694574454616 0.15447808179545788 0.1397892178463696 0.1251003538972813 0.11041148994819301 0.09572262599910472 0.08103376205001643 0.06634489810090309 0.0516560341518148 0.036967170202726524 0.02227830625363822 0.007589442304549943 0.0 0.0 0.0 0.0 0.0 0.0 0.0 0.0 0.0 0.0 0.0 0.0 0.0 0.0 0.0 0.0 0.0 0.0 0.0 0.0 0.0 0.0 0.0 0.0
0.18817933649452076 0.17562412445812156 0.16306891242172236 0.15051370038532316 0.13795848834892396 0.13395286072315243 0.1390869321618521 0.14422100360055182 0.1493550750392515 0.15448914647795117 0.15962321791665088 0.16475728935535933 0.169891360794059 0.17502543223275868 0.18015950367145836 0.18529357511015807 0.19042764654885774 0.18530368705219324 0.1692136605024182 0.15312363395264317 0.13703360740286816 0.12094358085309312 0.1048535543033181 0.08876352775354306 0.0726735012037406 0.05658347465396557 0.04049344810419053 0.024403421554415494 0.008313395004640484 0.0 0.0 0.0 0.0 0.0 0.0 0.0 0.0 0.0 0.0 0.0 0.0 0.0 0.0 0.0 0.0 0.0 0.0 0.0 0.0 0.0 0.0 0.0 0.0
0.21128528157367588 0.19369883679330546 0.17611239201293508 0.15852594723256466 0.14093950245219425 0.1343415374824226 0.1394905059097934 0.1446394743371642 0.14978844276453498 0.1549374111919058 0.16008637961927658 0.16523534804665616 0.17038431647402694 0.17553328490139775 0.18068225332876853 0.18583122175613934 0.19098019018351012 0.18619350246592645 0.1707853736366181 0.15537724480730977 0.13996911597800143 0.12456098714869311 0.10915285831938477 0.09374472949007644 0.07833660066074183 0.06292847183143349 0.047520343002125154 0.032112214172816844 0.016704085343508507 0.008910822680080671 0.009258024172247765 0.009605225664414858 0.00995242715658195 0.010299628648749044 0.010646830140916138 0.010994031633083231 0.011341233125250323 0.01168843461741801 0.012035636109585104 0.012382837601752196 0.01273003909391929 0.01264235460423569 0.012089767163311562 0.011537179722387434 0.010984592281463305 0.010432004840539178 0.00987941739961505 0.009326829958690922 0.008774242517766793 0.008221655076842665 0.007669067635917595 0.007116480194993467 0.006563892754069339
0.25051760825234853 0.22171026370493596 0.1929029191575234 0.16409557461011082 0.1352882300626983 0.12267656364788625 0.12737844338544663 0.132080323123007 0.13678220286056736 0.14148408259812773 0.14618596233568812 0.1508878420732565 0.15558972181081687 0.16029160154837724 0.1649934812859376 0.169695361023498 0.17439724076105836 0.17078531543009268 0.15828574446592436 0.14578617350175604 0.13328660253758773 0.12078703157341941 0.1082874606092511 0.09578788964508278 0.08328831868089315 0.07078874771672483 0.058289176752556515 0.0457896057883882 0.03329003482421988 0.02734675297058882 0.02841229245871466 0.029477831946840498 0.030543371434966337 0.031608910923092176 0.03267445041121801 0.033739989899343854 0.03480552938746969 0.03587106887559735 0.036936608363723186 0.03800214785184902 0.039067687339974864 0.038798589169713904 0.037102733154602954 0.035406877139492 0.03371102112438104 0.032015165109270084 0.030319309094159128 0.028623453079048174 0.026927597063937218 0.025231741048826264 0.023535885033712414 0.02184002901860146 0.020144173003490504
0.2897499349310212 0.24972169061656646 0.20969344630211179 0.16966520198765705 0.12963695767320238 0.11101158981334991 0.11526638086109986 0.11952117190884981 0.12377596295659976 0.1280307540043497 0.13228554505209966 0.13654033609985686 0.1407951271476068 0.14504991819535676 0.1493047092431067 0.15355950029085666 0.1578142913386066 0.15537712839425893 0.1457861152952306 0.13619510219620232 0.12660408909717402 0.11701307599814573 0.10742206289911742 0.09783104980008911 0.08824003670104447 0.07864902360201616 0.06905801050298786 0.059466997403959554 0.04987598430493126 0.04578268326109697 0.04756656074518155 0.04935043822926614 0.05113431571335072 0.052918193197435306 0.05470207068151989 0.056485948165604476 0.05826982564968906 0.060053703133776684 0.061837580617861265 0.06362145810194586 0.06540533558603044 0.06495482373519212 0.06211569914589434 0.05927657455659656 0.05643744996729877 0.05359832537800099 0.050759200788703204 0.04792007619940542 0.04508095161010764 0.04224182702080985 0.03940270243150723 0.03656357784220944 0.03372445325291166
0.3289822616096938 0.27773311752819696 0.22648397344670013 0.1752348293652033 0.12398568528370646 0.09934661597881357 0.10315431833675309 0.10696202069469261 0.11076972305263215 0.11457742541057167 0.1183851277685112 0.12219283012645722 0.12600053248439674 0.12980823484233628 0.13361593720027581 0.13742363955821532 0.14123134191615486 0.13996894135842514 0.13328648612453686 0.1266040308906486 0.11992157565676029 0.11323912042287201 0.10655666518898373 0.09987420995509544 0.09319175472119576 0.08650929948730748 0.0798268442534192 0.07314438901953091 0.06646193378564262 0.06421861355160509 0.06672082903164843 0.06922304451169176 0.0717252599917351 0.07422747547177842 0.07672969095182176 0.07923190643186509 0.08173412191190843 0.08423633739195603 0.08673855287199936 0.0892407683520427 0.09174298383208604 0.09111105830067037 0.08712866513718576 0.08314627197370114 0.07916387881021653 0.07518148564673191 0.0711990924832473 0.06721669931976268 0.06323430615627806 0.059251912992793455 0.055269519829302054 0.05128712666581744 0.04730473350233282
0.3682145882883664 0.30574454443982746 0.2432745005912884 0.18080445674274948 0.11833441289421043 0.08768164214427723 0.09104225581240634 0.09440286948053545 0.09776348314866454 0.10112409681679366 0.10448471048492275 0.10784532415305759 0.11120593782118669 0.1145665514893158 0.1179271651574449 0.12128777882557401 0.12464839249370312 0.12456075432259141 0.12078685695384313 0.11701295958509486 0.1132390622163466 0.10946516484759833 0.10569126747885006 0.1019173701101018 0.09814347274134708 0.09436957537259882 0.09059567800385054 0.08682178063510228 0.08304788326635401 0.08265454384211324 0.08587509731811532 0.08909565079411741 0.09231620427011948 0.09553675774612157 0.09875731122212365 0.10197786469812574 0.10519841817412781 0.10841897165013539 0.11163952512613748 0.11486007860213956 0.11808063207814164 0.1172672928661486 0.11214163112847716 0.10701596939080572 0.10189030765313428 0.09676464591546283 0.09163898417779139 0.08651332244011994 0.0813876607024485 0.07626199896477706 0.07113633722709686 0.06601067548942544 0.06088501375175398
0.407446914967039 0.33375597135145785 0.2600650277358767 0.18637408412029566 0.11268314050471451 0.07601666830974088 0.07893019328805956 0.08184371826637825 0.08475724324469693 0.08767076822301562 0.09058429320133429 0.09349781817965795 0.09641134315797663 0.09932486813629532 0.102238393114614 0.10515191809293269 0.10806544307125138 0.10915256728675764 0.10828722778314939 0.10742188827954113 0.10655654877593287 0.10569120927232463 0.10482586976871637 0.10396053026510813 0.1030951907614984 0.10222985125789014 0.10136451175428188 0.10049917225067363 0.09963383274706537 0.10109047413262137 0.1050293656045822 0.10896825707654303 0.11290714854850387 0.1168460400204647 0.12078493149242553 0.12472382296438635 0.1286627144363472 0.1326016059083147 0.13654049738027557 0.14047938885223638 0.1444182803241972 0.1434235274316268 0.13715459711976855 0.13088566680791028 0.12461673649605201 0.11834780618419374 0.11207887587233548 0.1058099455604772 0.09954101524861891 0.09327208493676065 0.0870031546248917 0.08073422431303341 0.07446529400117514
0.44667924164574524 0.3617673982631123 0.2768555548804795 0.19194371149784673 0.10703186811521381 0.06435169447519459 0.06681813076370247 0.06928456705221035 0.07175100334071823 0.07421743962922611 0.07668387591773398 0.07915031220624608 0.08161674849475395 0.08408318478326184 0.08654962107176972 0.0890160573602776 0.09148249364878548 0.09374438025091075 0.09578759861244499 0.09783081697397923 0.09987403533551348 0.10191725369704771 0.10396047205858196 0.1060036904201162 0.10804690878165392 0.11009012714318817 0.11213334550472241 0.11417656386625666 0.11621978222779089 0.11952640442314524 0.12418363389106543 0.12884086335898562 0.1334980928269058 0.138155322294826 0.14281255176274618 0.14746978123066637 0.15212701069858656 0.15678424016651468 0.16144146963443487 0.16609869910235506 0.17075592857027524 0.16957976199712735 0.16216756311108127 0.15475536422503522 0.1473431653389891 0.13993096645294306 0.13251876756689698 0.1251065686808509 0.11769436979480483 0.11028217090875875 0.10286997202270003 0.09545777313665395 0.08804557425060788
0.4859115683244176 0.3897788251747426 0.2936460820250677 0.19751333887539269 0.10138059572571767 0.05268672064065825 0.054706068239355705 0.05672541583805316 0.05874476343675062 0.06076411103544808 0.06278345863414554 0.06480280623284644 0.0668221538315439 0.06884150143024136 0.07086084902893881 0.07288019662763627 0.07489954422633373 0.07833619321507698 0.08328796944175125 0.0882397456684255 0.09319152189509977 0.09814329812177403 0.10309507434844828 0.10804685057512253 0.11299862680180524 0.1179504030284795 0.12290217925515376 0.127853955481828 0.13280573170850227 0.13796233471365338 0.1433379021775323 0.14871346964141127 0.1540890371052902 0.15946460456916914 0.16484017203304807 0.170215739496927 0.17559130696080594 0.18096687442469406 0.186342441888573 0.19171800935245192 0.19709357681633086 0.1957359965626056 0.1871805291023727 0.1786250616421398 0.17006959418190687 0.16151412672167398 0.1529586592614411 0.14440319180120817 0.13584772434097525 0.12729225688074236 0.11873678942049486 0.11018132196026195 0.10162585450002905
0.5251438950030903 0.4177902520863732 0.3104366091696562 0.20308296625293898 0.09572932333622197 0.0410217468061219 0.04259400571500894 0.04416626462389597 0.04573852353278301 0.04731078244167004 0.04888304135055708 0.05045530025944679 0.052027559168333834 0.05359981807722086 0.0551720769861079 0.05674433589499493 0.05831659480388197 0.06292800617924323 0.0707883402710575 0.07864867436287176 0.08650900845468604 0.09436934254650031 0.10222967663831459 0.11009001073012886 0.11795034482195654 0.12581067891377082 0.1336710130055851 0.14153134709739937 0.14939168118921364 0.1563982650041615 0.1624921704639992 0.16858607592383687 0.17467998138367458 0.18077388684351225 0.18686779230334993 0.1929616977631876 0.1990556032230253 0.20514950868287338 0.21124341414271106 0.21733731960254873 0.22343122506238644 0.22189223112808382 0.2121934950936641 0.20249475905924436 0.19279602302482463 0.18309728699040487 0.17339855095598514 0.1636998149215654 0.15400107888714565 0.14430234285272592 0.13460360681828965 0.12490487078386993 0.11520613474945018
0.564376221681763 0.4458016789980037 0.3272271363142445 0.20865259363048527 0.09007805094672605 0.029356772971585565 0.030481943190662178 0.03160711340973879 0.0327322836288154 0.033857453847892016 0.03498262406696863 0.03610779428604716 0.03723296450512377 0.03835813472420038 0.039483304943276995 0.04060847516235361 0.04173364538143022 0.04751981914340946 0.05828871110036375 0.06905760305731803 0.07982649501427233 0.09059538697122663 0.10136427892818091 0.11213317088513519 0.12290206284210786 0.13367095479906213 0.14443984675601643 0.15520873871297072 0.165977630669925 0.17483419529466965 0.1816464387504661 0.18845868220626252 0.19527092566205898 0.2020831691178554 0.20889541257365185 0.21570765602944827 0.2225198994852447 0.22933214294105275 0.2361443863968492 0.24295662985264563 0.24976887330844205 0.2480484656935621 0.23720646108495552 0.22636445647634895 0.21552245186774238 0.2046804472591358 0.19383844265052924 0.18299643804192267 0.1721544334333161 0.16131242882470956 0.1504704242160845 0.13962841960747793 0.12878641499887136
0.6036085483604355 0.4738131059096342 0.3440176634588328 0.21422222100803134 0.08442677855722991 0.01769179913704922 0.01836988066631541 0.0190479621955816 0.01972604372484779 0.020404125254113982 0.021082206783380172 0.02176028831264752 0.022438369841913712 0.023116451371179902 0.023794532900446093 0.024472614429712283 0.025150695958978474 0.03211163210757571 0.04578908192967002 0.05946653175176432 0.07314398157385862 0.08682143139595294 0.10049888121804725 0.11417633104014155 0.12785378086225918 0.14153123068435347 0.1552086805064478 0.16888613032854208 0.1825635801506364 0.1932701255851778 0.20080070703693298 0.20833128848868818 0.21586186994044335 0.22339245139219854 0.2309230328439537 0.23845361429570888 0.24598419574746408 0.2535147771992321 0.26104535865098727 0.26857594010274244 0.27610652155449766 0.2742047002590403 0.2622194270762469 0.2502341538934535 0.2382488807106601 0.22626360752786673 0.21427833434507332 0.20229306116227994 0.19030778797948655 0.17832251479669314 0.1663372416138793 0.15435196843108592 0.1423666952482925
0.6428408750391084 0.5018245328212649 0.3608081906034213 0.21979184838557786 0.07877550616773421 0.00602682530251288 0.006257818141968648 0.006488810981424415 0.006719803820880183 0.006950796660335951 0.007181789499791719 0.007412782339247881 0.0076437751787036485 0.007874768018159416 0.008105760857615184 0.008336753697070952 0.00856774653652672 0.01670344507174195 0.03328945275897627 0.049875460446210586 0.06646146813344492 0.08304747582067924 0.09963348350791355 0.11621949119514788 0.13280549888241047 0.1493915065696448 0.16597751425687912 0.18256352194411346 0.19914952963134777 0.21170605587568594 0.2199549753233999 0.2282038947711138 0.23645281421882774 0.24470173366654166 0.2529506531142556 0.2611995725619695 0.26944849200968346 0.27769741145741145 0.28594633090512533 0.2941952503528393 0.3024441698005532 0.30036093482451853 0.2872323930675383 0.2741038513105581 0.26097530955357784 0.24784676779659764 0.2347182260396174 0.2215896842826372 0.20846114252565695 0.19533260076867676 0.18220405901167414 0.1690755172546939 0.1559469754977137
0.6751337675162685 0.5315684149690556 0.3880030624218429 0.2444377098746302 0.1008723573274175 0.026615729573770203 0.02645169588446318 0.02628766219515616 0.026123628505849136 0.025959594816542114 0.025795561127235092 0.02563152743792779 0.025467493748620767 0.025303460059313748 0.025139426370006726 0.024975392680699704 0.024811358991392682 0.032980201764571726 0.05005707792239218 0.06713395408021265 0.08421083023803311 0.10128770639585358 0.11836458255367403 0.1354414587114945 0.15251833486934407 0.16959521102716454 0.186672087184985 0.20374896334280548 0.22082583950062593 0.23278856681452792 0.23928415334835523 0.24577973988218257 0.2522753264160099 0.25877091294983723 0.26526649948366454 0.27176208601749186 0.2782576725513192 0.28475325908515764 0.29124884561898495 0.29774443215281227 0.30424001868663963 0.30123246020665995 0.28806582475624254 0.27489918930582513 0.2617325538554077 0.24856591840499032 0.2353992829545729 0.2222326475041555 0.2090660120537381 0.19589937660332069 0.1827327411528808 0.1695661057024634 0.15639947025204598
0.7000088423546231 0.5631641825351081 0.4263195227155929 0.2894748628960777 0.1526302030765625 0.08168199597330968 0.08117858692294619 0.08067517787258269 0.08017176882221919 0.0796683597718557 0.0791649507214922 0.07866154167112785 0.07815813262076435 0.07765472357040085 0.07715131452003736 0.07664790546967386 0.07614449641931036 0.08312616560714184 0.09810955270506952 0.1130929398029972 0.12807632690092488 0.14305971399885256 0.15804310109678024 0.17302648819470792 0.18800987529266117 0.20299326239058885 0.21797664948851653 0.2329600365864442 0.2479434236843719 0.2567001056027934 0.25880029885587974 0.26090049210896615 0.2630006853620525 0.26510087861513887 0.2672010718682253 0.26930126512131164 0.27140145837439805 0.273501651627488 0.2756018448805744 0.2777020381336608 0.27980223138674715 0.27507622564118167 0.2630528587649511 0.25102949188872054 0.23900612501248997 0.22698275813625937 0.21495939126002878 0.2029360243837982 0.19091265750756764 0.17888929063133707 0.16686592375508597 0.1548425568788554 0.14281919000262483
0.7248839171929781 0.5947599501011605 0.4646359830093427 0.3345120159175252 0.2043880488257077 0.13674826237284915 0.1359054779614292 0.13506269355000924 0.13421990913858928 0.1333771247271693 0.13253434031574934 0.13169155590432796 0.130848771492908 0.13000598708148803 0.12916320267006806 0.1283204182586481 0.12747763384722816 0.13327212944971206 0.14616202748774695 0.15905192552578185 0.17194182356381674 0.18483172160185163 0.19772161963988655 0.2106115176779214 0.2235014157159783 0.23639131375401318 0.2492812117920481 0.26217110983008296 0.2750610078681179 0.2806116443910589 0.2783164443634043 0.27602124433574976 0.2737260443080952 0.2714308442804406 0.2691356442527861 0.2668404442251315 0.26454524419747694 0.26225004416981845 0.25995484414216385 0.2576596441145093 0.2553644440868547 0.24891999107570348 0.23803989277365972 0.22715979447161597 0.2162796961695722 0.20539959786752848 0.1945194995654847 0.18363940126344097 0.17275930296139722 0.16187920465935346 0.15099910635729116 0.1401190080552474 0.12923890975320368
0.7497589920313328 0.6263557176672128 0.5029524433030927 0.3795491689389727 0.2561458945748527 0.19181452877238864 0.1906323689999122 0.18945020922743577 0.18826804945495934 0.1870858896824829 0.18590372991000648 0.18472157013752805 0.18353941036505161 0.18235725059257518 0.18117509082009875 0.17999293104762232 0.17881077127514589 0.18341809329228223 0.19421450227042433 0.20501091124856644 0.21580732022670857 0.22660372920485067 0.23740013818299277 0.24819654716113487 0.2589929561392954 0.2697893651174375 0.2805857740955796 0.2913821830737217 0.3021785920518638 0.30452318317932436 0.29783258987092887 0.2911419965625333 0.2844514032541378 0.2777608099457423 0.27107021663734676 0.26437962332895126 0.25768903002055576 0.25099843671214883 0.24430784340375333 0.23761725009535778 0.23092665678696228 0.22276375651022523 0.21302692678236831 0.20329009705451137 0.19355326732665445 0.18381643759879754 0.17407960787094062 0.1643427781430837 0.1546059484152268 0.14486911868736985 0.13513228895949633 0.12539545923163942 0.11565862950378249
0.7746340668696876 0.6579514852332652 0.5412689035968425 0.42458632196042023 0.3079037403239977 0.24688079517192812 0.24535926003839523 0.24383772490486233 0.24231618977132943 0.2407946546377965 0.2392731195042636 0.23775158437072813 0.2362300492371952 0.2347085141036623 0.2331869789701294 0.2316654438365965 0.23014390870306362 0.2335640571348524 0.2422669770531017 0.250969896971351 0.25967281688960037 0.26837573680784965 0.277078656726099 0.28578157664434833 0.29448449656261244 0.3031874164808618 0.3118903363991111 0.3205932563173604 0.32929617623560975 0.3284347219675898 0.3173487353784534 0.3062627487893169 0.29517676220018046 0.284090775611044 0.27300478902190756 0.2619188024327711 0.2508328158436346 0.23974682925447927 0.2286608426653428 0.21757485607620633 0.20648886948706988 0.196607521944747 0.1880139607910769 0.17942039963740683 0.17082683848373673 0.16223327733006665 0.15363971617639655 0.14504615502272647 0.13645259386905637 0.1278590327153863 0.11926547156170153 0.11067191040803144 0.10207834925436135
0.7995091417080424 0.6895472527993175 0.5795853638905926 0.46962347498186774 0.3596615860731427 0.3019470615714676 0.30008615107687825 0.2982252405822889 0.2963643300876995 0.29450341959311016 0.2926425090985208 0.2907815986039282 0.28892068810933885 0.2870597776147495 0.2851988671201601 0.28333795662557076 0.2814770461309814 0.28371002097742265 0.2903194518357792 0.2969288826941357 0.3035383135524922 0.31014774441084875 0.31675717526920527 0.3233666061275618 0.3299760369859296 0.3365854678442861 0.34319489870264264 0.3498043295609992 0.35641376041935574 0.35234626075585534 0.33686488088597794 0.3213835010161005 0.3059021211462231 0.2904207412763457 0.2749393614064683 0.2594579815365909 0.24397660166671348 0.22849522179680964 0.21301384192693223 0.19753246205705483 0.18205108218717742 0.17045128737926876 0.1630009947997855 0.15555070222030223 0.14810040964081897 0.14065011706133573 0.13319982448185247 0.1257495319023692 0.11829923932288594 0.11084894674340268 0.1033986541639067 0.09594836158442344 0.08849806900494019
0.8243842165463974 0.72114302036537 0.6179018241843427 0.5146606280033152 0.41141943182228813 0.3570133279710071 0.35481304211536124 0.35261275625971544 0.3504124704040696 0.34821218454842373 0.34601189869277793 0.3438116128371283 0.3416113269814825 0.33941104112583664 0.3372107552701908 0.335010469414545 0.33281018355889913 0.3338559848199928 0.33837192661845655 0.3428878684169203 0.347403810215384 0.3519197520138478 0.35643569381231155 0.36095163561077526 0.36546757740924674 0.36998351920771044 0.3744994610061742 0.37901540280463797 0.38353134460310173 0.37625779954412086 0.3563810263935025 0.33650425324288413 0.3166274800922658 0.29675070694164746 0.2768739337910291 0.2569971606404107 0.23712038748979236 0.2172436143391401 0.19736684118852174 0.1774900680379034 0.15761329488728504 0.14429505281379054 0.13798802880849412 0.13168100480319767 0.12537398079790124 0.1190669567926048 0.11275993278730836 0.10645290878201194 0.1001458847767155 0.09383886077141906 0.08753183676611187 0.08122481276081545 0.07491778875551901
