Figures/CREST_Example_wjb_NSE/Rolling_result/20100722/BJP_forecast/ens_1/wjb.rain.20100725.asc
ncols            288
nrows            254
xllcorner        113.274861
yllcorner        31.4918055
cellsize         0.008333333333
NODATA_value     -9999
[rows 80 to 99 of 254, columns 45 to 89 of 288]
88.03395586254562 88.76836428780949 89.50277271307337 90.23718113833725 90.97158956360113 91.705997988865 91.90142338793034 91.52066374964302 91.13990411135634 90.75914447306968 90.378384834783 89.99762519649634 89.61686555820967 89.236105919923 88.85534628163634 88.47458664334967 88.093827005063 87.71306736677633 87.89707455837059 88.6848302573894 89.47258595640955 90.26034165542835 91.04809735444717 91.83585305346597 92.62360875248478 93.41136445150359 94.19912015052239 94.9868758495412 95.77463154856001 96.56238724757883 96.29603070128259 94.90280433487555 93.5095779684685 92.11635160205908 90.72312523565205 89.329898869245 87.93667250283795 86.54344613643092 85.15021977002387 83.75699340361683 82.36376703720978 80.97054067080273 80.37325938596568 80.62686138855302 80.88046339114037
87.5757551976549 88.18647650775749 88.79719781786008 89.40791912796269 90.01864043806528 90.62936174816787 90.67712607783491 90.12307667119917 89.56902726456435 89.01497785792955 88.46092845129475 87.90687904465993 87.35282963802513 86.79878023139032 86.24473082475551 85.6906814181207 85.1366320114859 84.58258260485108 84.69901300145841 85.5322014636042 86.36538992575142 87.1985783878972 88.031766850043 88.86495531218878 89.69814377433458 90.53133223648037 91.36452069862617 92.19770916077195 93.03089762291773 93.86408608506353 93.71431895169749 92.5137500654685 91.3131811792395 90.11261229300847 88.91204340677947 87.71147452055047 86.51090563432147 85.31033674809248 84.10976786186349 82.9091989756345 81.7086300894055 80.50806120317651 80.00872493800473 80.25902219865044 80.50931945929615
87.11755453276419 87.60458872770549 88.0916229226468 88.57865711758812 89.06569131252942 89.55272550747074 89.4528287677395 88.72548959275532 87.99815041777237 87.27081124278942 86.54347206780648 85.81613289282353 85.08879371784059 84.36145454285764 83.6341153678747 82.90677619289174 82.1794370179088 81.45209784292585 81.50095144454623 82.37957266981901 83.25819389509329 84.13681512036605 85.01543634563883 85.8940575709116 86.77267879618437 87.65130002145715 88.52992124672991 89.4085424720027 90.28716369727546 91.16578492254823 91.13260720211237 90.12469579606143 89.1167843900105 88.10887298395782 87.10096157790689 86.09305017185594 85.085138765805 84.07722735975405 83.06931595370311 82.06140454765216 81.05349314160122 80.04558173555029 79.64419049004378 79.89118300874786 80.13817552745193
86.65935386787345 87.02270094765348 87.38604802743352 87.74939510721354 88.11274218699357 88.4760892667736 88.22853145764408 87.32790251431146 86.42727357098038 85.52664462764929 84.6260156843182 83.72538674098712 82.82475779765603 81.92412885432495 81.02349991099388 80.12287096766279 79.2222420243317 78.32161308100062 78.30288988763407 79.22694387603383 80.15099786443515 81.07505185283492 81.99910584123467 82.92315982963441 83.84721381803418 84.77126780643393 85.69532179483369 86.61937578323344 87.54342977163319 88.46748376003295 88.55089545252727 87.73564152665438 86.92038760078148 86.10513367490721 85.28987974903431 84.47462582316142 83.65937189728852 82.84411797141563 82.02886404554273 81.21361011966984 80.39835619379694 79.58310226792405 79.27965604208283 79.52334381884528 79.76703159560772
86.20115320298274 86.44081316760149 86.68047313222023 86.92013309683898 87.15979306145772 87.39945302607647 87.00423414754866 85.93031543586761 84.85639672418839 83.78247801250916 82.70855930082993 81.63464058915072 80.5607218774715 79.48680316579227 78.41288445411304 77.33896574243381 76.2650470307546 75.19112831907537 75.10482833072189 76.07431508224863 77.04380183377701 78.01328858530375 78.98277533683049 79.95226208835723 80.92174883988396 81.8912355914107 82.86072234293744 83.83020909446418 84.79969584599091 85.76918259751764 85.96918370294216 85.34658725724731 84.72399081155247 84.10139436585656 83.47879792016172 82.85620147446689 82.23360502877203 81.6110085830772 80.98841213738235 80.36581569168752 79.74321924599266 79.12062280029782 78.91512159412189 79.1555046289427 79.3958876637635
69.7714975243695 69.7714975243695 69.7714975243695 69.7714975243695 69.7714975243695 69.7714975243695 86.34876527975581 85.20792122897254 84.06707717819123 82.9262331274099 81.78538907662858 80.64454502584725 79.50370097506593 78.36285692428461 77.22201287350329 76.08116882272196 74.94032477194064 73.79948072115931 73.64727734750728 74.55195320545225 75.45662906339875 76.3613049213437 77.26598077928867 78.17065663723362 79.07533249517859 79.98000835312354 80.8846842110685 81.78936006901347 82.69403592695842 83.59871178490337 83.87351425467357 83.47496783320402 83.07642141173447 82.67787499026426 82.27932856879471 81.88078214732518 81.48223572585563 81.08368930438608 80.68514288291655 80.286596461447 79.88805003997746 79.48950361850791 79.37329173846463 79.55890186640256 79.7445119943405
69.7714975243695 69.7714975243695 69.7714975243695 69.7714975243695 69.7714975243695 69.7714975243695 86.30133815286193 85.20726563169622 84.11319311053236 83.01912058936851 81.92504806820466 80.83097554704081 79.73690302587696 78.6428305047131 77.54875798354925 76.45468546238541 75.36061294122156 74.26654042005771 74.05022243055774 74.77224387662439 75.49426532269226 76.2162867687589 76.93830821482555 77.6603296608922 78.38235110695885 79.1043725530255 79.82639399909213 80.54841544515878 81.27043689122543 81.99245833729208 82.29739338215529 82.15645363523643 82.01551388831757 81.87457414139847 81.73363439447961 81.59269464756075 81.45175490064189 81.31081515372303 81.16987540680417 81.0289356598853 80.88799591296645 80.7470561660476 80.71088122148109 80.78670221921766 80.86252321695423
69.7714975243695 69.7714975243695 69.7714975243695 69.7714975243695 69.7714975243695 69.7714975243695 86.25391102596805 85.20661003441988 84.1593090428735 83.11200805132712 82.06470705978074 81.01740606823437 79.97010507668799 78.9228040851416 77.87550309359523 76.82820210204886 75.78090111050247 74.7336001189561 74.4531675136082 74.99253454779652 75.53190158198578 76.07126861617411 76.61063565036244 77.15000268455077 77.6893697187391 78.22873675292743 78.76810378711576 79.3074708213041 79.84683785549242 80.38620488968077 80.721272509637 80.83793943726883 80.95460636490066 81.07127329253268 81.18794022016449 81.30460714779632 81.42127407542814 81.53794100305997 81.65460793069178 81.77127485832361 81.88794178595543 82.00460871358726 82.04847070449752 82.01450257203274 81.98053443956796
69.7714975243695 69.7714975243695 69.7714975243695 69.7714975243695 69.7714975243695 69.7714975243695 86.20648389907416 85.20595443714355 84.20542497521464 83.20489551328573 82.20436605135683 81.20383658942792 80.20330712749902 79.20277766557011 78.2022482036412 77.2017187417123 76.20118927978339 75.20065981785449 74.85611259665865 75.21282521896866 75.56953784127928 75.92625046358931 76.28296308589933 76.63967570820934 76.99638833051937 77.35310095282938 77.7098135751394 78.06652619744942 78.42323881975945 78.77995144206946 79.14515163711873 79.51942523930124 79.89369884148374 80.26797244366689 80.64224604584939 81.01651964803189 81.3907932502144 81.7650668523969 82.1393404545794 82.51361405676191 82.88788765894441 83.26216126112692 83.38606018751396 83.24230292484782 83.09854566218168
69.7714975243695 69.7714975243695 69.7714975243695 69.7714975243695 69.7714975243695 69.7714975243695 86.15905677218029 85.20529883986723 84.25154090755579 83.29778297524436 82.34402504293293 81.39026711062148 80.43650917831005 79.48275124599861 78.52899331368718 77.57523538137573 76.6214774490643 75.66771951675287 75.25905767970907 75.43311589014078 75.60717410057279 75.7812323110045 75.95529052143621 76.1293487318679 76.30340694229962 76.47746515273133 76.65152336316304 76.82558157359475 76.99963978402646 77.17369799445815 77.56903076460047 78.20091104133365 78.83279131806684 79.4646715948011 80.09655187153429 80.72843214826747 81.36031242500066 81.99219270173384 82.62407297846703 83.25595325520021 83.8878335319334 84.51971380866658 84.7236496705304 84.4701032776629 84.2165568847954
69.7714975243695 69.7714975243695 69.7714975243695 69.7714975243695 69.7714975243695 69.7714975243695 86.11162964528641 85.2046432425909 84.29765683989693 83.39067043720297 82.48368403450901 81.57669763181505 80.66971122912108 79.76272482642712 78.85573842373316 77.94875202103918 77.04176561834522 76.13477921565126 75.66200276275953 75.65340656131292 75.6448103598663 75.63621415841969 75.62761795697308 75.61902175552648 75.61042555407988 75.60182935263327 75.59323315118667 75.58463694974006 75.57604074829345 75.56744454684684 75.99290989208218 76.88239684336605 77.77188379464991 78.6613707459353 79.55085769721917 80.44034464850303 81.3298315997869 82.21931855107077 83.10880550235464 83.9982924536385 84.88777940492237 85.77726635620624 86.06123915354684 85.69790363047798 85.33456810740913
69.7714975243695 69.7714975243695 69.7714975243695 69.7714975243695 69.7714975243695 69.7714975243695 86.06420251839253 85.20398764531457 84.34377277223808 83.48355789916158 82.6233430260851 81.76312815300861 80.90291327993211 80.04269840685562 79.18248353377912 78.32226866070263 77.46205378762615 76.60183891454965 76.06494784580998 75.87369723248506 75.68244661915982 75.4911960058349 75.29994539250998 75.10869477918506 74.91744416586013 74.72619355253522 74.5349429392103 74.34369232588539 74.15244171256046 73.96119109923553 74.41678901956391 75.56388264539845 76.71097627123301 77.85806989706951 79.00516352290406 80.15225714873861 81.29935077457316 82.4464444004077 83.59353802624226 84.7406316520768 85.88772527791134 87.0348189037459 87.39882863656328 86.92570398329306 86.45257933002284
69.7714975243695 69.7714975243695 69.7714975243695 69.7714975243695 69.7714975243695 69.7714975243695 86.01677539149861 85.20333204803823 84.38988870457926 83.57644536112028 82.7630020176613 81.94955867420232 81.13611533074334 80.32267198728435 79.50922864382538 78.6957853003664 77.88234195690741 77.06889861344844 76.46789292886076 76.09398790365738 75.72008287845335 75.34617785324997 74.97227282804658 74.5983678028432 74.2244627776398 73.85055775243642 73.47665272723303 73.10274770202965 72.72884267682626 72.35493765162288 72.8406681470443 74.24536844742974 75.6500687478152 77.05476904820304 78.45946934858848 79.86416964897394 81.26886994935938 82.67357024974484 84.07827055013028 85.48297085051574 86.88767115090118 88.29237145128664 88.73641811958086 88.1535043361092 87.57059055263753
69.7714975243695 69.7714975243695 69.7714975243695 69.7714975243695 69.7714975243695 69.7714975243695 85.96934826460472 85.20267645076191 84.4360046369204 83.66933282307889 82.90266100923738 82.13598919539588 81.36931738155437 80.60264556771286 79.83597375387134 79.06930194002985 78.30263012618833 77.53595831234682 76.87083801191122 76.31427857482952 75.75771913774688 75.20115970066517 74.64460026358347 74.08804082650177 73.53148138942007 72.97492195233836 72.41836251525666 71.86180307817496 71.30524364109326 70.74868420401155 71.26454727452601 72.92685424946214 74.58916122439828 76.25146819933724 77.91377517427337 79.57608214920951 81.23838912414564 82.90069609908177 84.5630030740179 86.22531004895403 87.88761702389017 89.5499239988263 90.0740076025973 89.38130468892427 88.68860177525124
69.7714975243695 69.7714975243695 69.7714975243695 69.7714975243695 69.7714975243695 69.7714975243695 85.92192113771085 85.20202085348559 84.48212056926155 83.76222028503751 83.04232000081348 82.32241971658944 81.6025194323654 80.88261914814136 80.16271886391733 79.4428185796933 78.72291829546926 78.00301801124522 77.27378309496167 76.53456924600165 75.79535539704038 75.05614154808036 74.31692769912036 73.57771385016034 72.83850000120033 72.09928615224031 71.36007230328029 70.62085845432028 69.88164460536026 69.14243075640024 69.68842640200774 71.60834005149455 73.52825370098137 75.44816735047145 77.36808099995827 79.28799464944508 81.2079082989319 83.12782194841871 85.04773559790553 86.96764924739233 88.88756289687915 90.80747654636596 91.41159708561375 90.60910504173935 89.80661299786496
69.7714975243695 69.7714975243695 69.7714975243695 69.7714975243695 69.7714975243695 69.7714975243695 85.87449401081697 85.20136525620926 84.52823650160269 83.85510774699613 83.18197899238956 82.508850237783 81.83572148317643 81.16259272856986 80.4894639739633 79.81633521935674 79.14320646475018 78.47007771014361 77.67672817801213 76.75485991717379 75.8329916563339 74.91112339549557 73.98925513465724 73.06738687381892 72.14551861298058 71.22365035214226 70.30178209130393 69.37991383046561 68.45804556962727 67.53617730878895 68.11230552948946 70.28982585352696 72.46734617756445 74.64486650160566 76.82238682564316 78.99990714968065 81.17742747371815 83.35494779775564 85.53246812179313 87.70998844583063 89.88750876986813 92.06502909390562 92.74918656863018 91.83690539455444 90.92462422047869
69.7714975243695 69.7714975243695 69.7714975243695 69.7714975243695 69.7714975243695 69.7714975243695 85.82706688392308 85.20070965893292 84.57435243394383 83.94799520895474 83.32163798396564 82.69528075897655 82.06892353398746 81.44256630899837 80.81620908400927 80.18985185902017 79.56349463403107 78.93713740904198 78.07967326106257 76.97515058834593 75.8706279156274 74.76610524291075 73.66158257019411 72.55705989747747 71.45253722476083 70.34801455204419 69.24349187932755 68.13896920661091 67.03444653389428 65.92992386117764 66.53618465697119 68.97131165555936 71.40643865414754 73.84156565273986 76.27669265132805 78.71181964991622 81.1469466485044 83.58207364709257 86.01720064568076 88.45232764426893 90.88745464285711 93.32258164144528 94.08677605164662 93.06470574736952 92.04263544309241
69.7714975243695 69.7714975243695 69.7714975243695 69.7714975243695 69.7714975243695 69.7714975243695 85.89972589331191 85.27038062610494 84.64103535889906 84.01169009169317 83.38234482448728 82.75299955728138 82.1236542900755 81.49430902286961 80.86496375566372 80.23561848845783 79.60627322125195 78.97692795404606 78.0907777586241 76.93009728998757 75.76941682134907 74.60873635271255 73.44805588407603 72.28737541543951 71.12669494680298 69.96601447816647 68.80533400952994 67.64465354089343 66.4839730722569 65.32329260362039 65.96749736771778 68.54116524788371 71.11483312804963 73.68850100821994 76.26216888838586 78.83583676855179 81.40950464871771 83.98317252888363 86.55684040904956 89.13050828921548 91.7041761693814 94.27784404954733 95.05658844982514 93.91651906934571 92.7764496888663
69.7714975243695 69.7714975243695 69.7714975243695 69.7714975243695 69.7714975243695 69.7714975243695 86.100749411353 85.41522625681485 84.72970310227788 84.0441799477409 83.35865679320392 82.67313363866694 81.98761048412997 81.302087329593 80.61656417505601 79.93104102051903 79.24551786598207 78.55999471144509 77.68302937455178 76.60140801726136 75.51978665996909 74.43816530267867 73.35654394538824 72.27492258809782 71.19330123080739 70.11167987351698 69.03005851622655 67.94843715893612 66.8668158016457 65.78519444435527 66.4756930636164 69.06062799937683 71.64556293513726 74.2304978709021 76.81543280666253 79.40036774242296 81.9853026781834 84.57023761394383 87.15517254970426 89.74010748546469 92.32504242122512 94.90997735698556 95.63327033144238 94.36642596009547 93.09958158874856
69.7714975243695 69.7714975243695 69.7714975243695 69.7714975243695 69.7714975243695 69.7714975243695 86.30177292939393 85.56007188752464 84.81837084565663 84.0766698037886 83.33496876192059 82.59326772005257 81.85156667818455 81.10986563631653 80.36816459444852 79.62646355258049 78.88476251071248 78.14306146884445 77.27528099047981 76.27271874453542 75.27015649858932 74.26759425264493 73.26503200670052 72.26246976075613 71.25990751481174 70.25734526886734 69.25478302292295 68.25222077697856 67.24965853103416 66.24709628508977 66.98388875951458 69.58009075086952 72.17629274222445 74.7724947335838 77.36869672493873 79.96489871629366 82.56110070764859 85.15730269900352 87.75350469035845 90.34970668171337 92.94590867306832 95.54211066442323 96.20995221305911 94.81633285084483 93.42271348863056
