Figures/CREST_Example_wjb_NSE/Rolling_result/20100722/BJP_forecast/ens_1/wjb.rain.20090812.asc
ncols            288
nrows            254
xllcorner        113.274861
yllcorner        31.4918055
cellsize         0.008333333333
NODATA_value     -9999
[rows 175 to 199 of 254, columns 168 to 223 of 288]
0.0 0.0 0.0 0.0 0.0 0.0 0.0 0.0 0.0 0.0 0.0 0.0 0.0 0.0 0.0 0.0 0.0 0.0 0.0 0.0 0.0 0.0 0.0 0.0 0.0 0.0 0.0 0.0 0.0 0.0 0.0 0.0 0.0 0.0 0.0 0.0 0.0 0.0 0.0 0.0 0.0 0.0 0.0 0.0 0.0 0.0 0.0 0.0 0.0 0.0 0.0 0.0 0.0 0.0 0.0 0.0
0.0 0.0 0.0 0.0 0.0 0.0 0.0 0.0 0.0 0.0 0.0 0.0 0.0 0.0 0.0 0.0 0.0 0.0 0.0 0.0 0.0 0.0 0.0 0.0 0.0 0.0 0.0 0.0 0.0 0.0 0.0 0.0 0.0 0.0 0.0 0.0 0.0 0.0 0.0 0.0 0.0 0.0 0.0 0.0 0.0 0.0 0.0 0.0 0.0 0.0 0.0 0.0 0.0 0.0 0.0 0.0
0.0 0.0 0.0 0.0 0.0 0.0 0.0 0.0 0.0 0.0 0.0 0.0 0.0 0.0 0.0 0.0 0.0 0.0 0.0 0.0 0.0 0.0 0.0 0.0 0.0 0.0 0.0 0.0 0.0 0.0 0.0 0.0 0.0 0.0 0.0 0.0 0.0 0.0 0.0 0.0 0.0 0.0 0.0 0.0 0.0 0.0 0.0 0.0 0.0 0.0 0.0 0.0 0.0 0.0 0.0 0.0
0.0 0.0 0.0 0.0 0.0 0.0 0.0 0.0 0.0 0.0 0.0 0.0 0.0 0.0 0.0 0.0 0.0 0.0 0.0 0.0 0.0 0.0 0.0 0.0 0.0 0.0 0.0 0.0 0.0 0.0 0.0 0.0 0.0 0.0 0.0 0.0 0.0 0.0 0.0 0.0 0.0 0.0 0.0 0.0 0.0 0.0 0.0 0.0 0.0 0.0 0.0 0.0 0.0 0.0 0.0 0.0
0.0 0.0 0.0 0.0 0.0 0.0 0.0 0.0 0.0 0.0 0.0 0.0 0.0 0.0 0.0 0.0 0.0 0.0 0.0 0.0 0.0 0.0 0.0 0.0 0.0 0.0 0.0 0.0 0.0 0.0 0.0 0.0 0.0 0.0 0.0 0.0 0.0 0.0 0.0 0.0 0.0 0.0 0.0 0.0 0.0 0.0 0.0 0.0 0.0 0.0 0.0 0.0 0.0 0.0 0.0 0.0
0.0 0.0 0.0 0.0 0.0 0.0 0.0 0.0 0.0 0.0 0.0 0.0 0.0 0.0 0.0 0.0 0.0 0.0 0.0 0.0 0.0 0.0 0.0 0.0 0.0 0.0 0.0 0.0 0.0 0.0 0.0 0.0 0.0 0.0 0.0 0.0 0.0 0.0 0.0 0.0 0.0 0.0 0.0 0.0 0.0 0.0 0.0 0.0 0.0 0.0 0.0 0.0 0.0 0.0 0.0 0.0
0.000795775691205303 0.000879688887400338 0.0009636020835952298 0.0010069583543791984 0.0010069583543791984 0.0010069583543791984 0.0010069583543791984 0.0010069583543791984 0.0010069583543791984 0.0010069583543791984 0.0010069583543791984 0.0010069583543791984 0.0010069583543791984 0.0010069583543791984 0.0010069583543791984 0.0010069583543791984 0.0010069583543791984 0.0010069583543791984 0.0010069583543791984 0.0010069583543791984 0.0010069583543791984 0.0010069583543791984 0.0010069583543791984 0.0010069583543791984 0.0010069583543791984 0.0010069583543791984 0.0010069583543791984 0.0009664014290488331 0.0008824882328539295 0.0007985750366590257 0.0007146618404641219 0.0006307486442692183 0.0005468354480743145 0.0004629222518794107 0.00037900905568450695 0.0002950958594896032 0.00021118266329469952 0.00012726946709979575 4.335627090489198e-05 0.0 0.0 0.0 0.0 0.0 0.0 0.0 0.0 0.0 0.0 0.0 0.0 8.11138504995912e-05 0.00024894024288937486 0.00041676663527944466 0.0005845930276692284 0.0007524194200590119
0.0024421854367245683 0.002699709746604066 0.002957234056483124 0.0030902917186729807 0.0030902917186729807 0.0030902917186729807 0.0030902917186729807 0.0030902917186729807 0.0030902917186729807 0.0030902917186729807 0.0030902917186729807 0.0030902917186729807 0.0030902917186729807 0.0030902917186729807 0.0030902917186729807 0.0030902917186729807 0.0030902917186729807 0.0030902917186729807 0.0030902917186729807 0.0030902917186729807 0.0030902917186729807 0.0030902917186729807 0.0030902917186729807 0.0030902917186729807 0.0030902917186729807 0.0030902917186729807 0.0030902917186729807 0.002965825071231007 0.002708300761351912 0.002450776451472817 0.002193252141593722 0.0019357278317146272 0.0016782035218355323 0.0014206792119564374 0.0011631549020773427 0.0009056305921982476 0.0006481062823191527 0.00039058197244005825 0.00013305766256096335 0.0 0.0 0.0 0.0 0.0 0.0 0.0 0.0 0.0 0.0 0.0 0.0 0.00024893329438942203 0.0007639819141475386 0.0012790305339065336 0.00179407915366465 0.0023091277734227666
0.0040885951822452376 0.004519730605809345 0.004950866029372718 0.005173625082968539 0.005173625082968539 0.005173625082968539 0.005173625082968539 0.005173625082968539 0.005173625082968539 0.005173625082968539 0.005173625082968539 0.005173625082968539 0.005173625082968539 0.005173625082968539 0.005173625082968539 0.005173625082968539 0.005173625082968539 0.005173625082968539 0.005173625082968539 0.005173625082968539 0.005173625082968539 0.005173625082968539 0.005173625082968539 0.005173625082968539 0.005173625082968539 0.005173625082968539 0.005173625082968539 0.004965248713414885 0.004534113289851451 0.004102977866288017 0.003671842442724583 0.003240707019161149 0.0028095715955977147 0.0023784361720342807 0.0019473007484708468 0.0015161653249074125 0.001085029901343979 0.0006538944777805446 0.0002227590542171103 0.0 0.0 0.0 0.0 0.0 0.0 0.0 0.0 0.0 0.0 0.0 0.0 0.0004167527382793959 0.0012790235854061413 0.0021412944325343575 0.003003565279661103 0.0038658361267878485
0.005735004927764503 0.006339751465013073 0.006944498002260613 0.007256958447262322 0.007256958447262322 0.007256958447262322 0.007256958447262322 0.007256958447262322 0.007256958447262322 0.007256958447262322 0.007256958447262322 0.007256958447262322 0.007256958447262322 0.007256958447262322 0.007256958447262322 0.007256958447262322 0.007256958447262322 0.007256958447262322 0.007256958447262322 0.007256958447262322 0.007256958447262322 0.007256958447262322 0.007256958447262322 0.007256958447262322 0.007256958447262322 0.007256958447262322 0.007256958447262322 0.006964672355597059 0.006359925818349433 0.0057551792811018085 0.005150432743854183 0.004545686206606558 0.003940939669358932 0.0033361931321113075 0.002731446594863682 0.0021267000576160574 0.0015219535203684319 0.0009172069831208064 0.0003124604458731818 0.0 0.0 0.0 0.0 0.0 0.0 0.0 0.0 0.0 0.0 0.0 0.0 0.0005845721821692268 0.0017940652566643053 0.0030035583311614463 0.004213051405656525 0.005422544480151604
0.007381414673283768 0.008159772324216802 0.008938129975148507 0.009340291811556104 0.009340291811556104 0.009340291811556104 0.009340291811556104 0.009340291811556104 0.009340291811556104 0.009340291811556104 0.009340291811556104 0.009340291811556104 0.009340291811556104 0.009340291811556104 0.009340291811556104 0.009340291811556104 0.009340291811556104 0.009340291811556104 0.009340291811556104 0.009340291811556104 0.009340291811556104 0.009340291811556104 0.009340291811556104 0.009340291811556104 0.009340291811556104 0.009340291811556104 0.009340291811556104 0.008964095997779233 0.008185738346847417 0.007407380695915599 0.006629023044983784 0.005850665394051967 0.00507230774312015 0.004293950092188335 0.003515592441256518 0.0027372347903247022 0.0019588771393928856 0.0011805194884610699 0.0004021618375292524 0.0 0.0 0.0 0.0 0.0 0.0 0.0 0.0 0.0 0.0 0.0 0.0 0.0007523916260590575 0.002309106927922469 0.003865822229788535 0.005422537531651946 0.006979252833515358
0.009027824418803034 0.00997979318342053 0.010931761948036401 0.011423625175849886 0.011423625175849886 0.011423625175849886 0.011423625175849886 0.011423625175849886 0.011423625175849886 0.011423625175849886 0.011423625175849886 0.011423625175849886 0.011423625175849886 0.011423625175849886 0.011423625175849886 0.011423625175849886 0.011423625175849886 0.011423625175849886 0.011423625175849886 0.011423625175849886 0.011423625175849886 0.011423625175849886 0.011423625175849886 0.011423625175849886 0.011423625175849886 0.011423625175849886 0.011423625175849886 0.010963519639961406 0.010011550875345398 0.009059582110729391 0.008107613346113384 0.007155644581497376 0.006203675816881369 0.005251707052265362 0.004299738287649354 0.0033477695230333462 0.0023958007584173394 0.0014438319938013325 0.0004918632291853239 0.0 0.0 0.0 0.0 0.0 0.0 0.0 0.0 0.0 0.0 0.0 0.0 0.0009202110699488884 0.002824148599180633 0.004728086128415624 0.006632023657647368 0.008535961186879113
0.010674234164322298 0.011799814042624255 0.012925393920924294 0.013506958540143669 0.013506958540143669 0.013506958540143669 0.013506958540143669 0.013506958540143669 0.013506958540143669 0.013506958540143669 0.013506958540143669 0.013506958540143669 0.013506958540143669 0.013506958540143669 0.013506958540143669 0.013506958540143669 0.013506958540143669 0.013506958540143669 0.013506958540143669 0.013506958540143669 0.013506958540143669 0.013506958540143669 0.013506958540143669 0.013506958540143669 0.013506958540143669 0.013506958540143669 0.013506958540143669 0.012962943282143579 0.01183736340384338 0.010711783525543183 0.009586203647242983 0.008460623768942785 0.007335043890642586 0.006209464012342388 0.005083884134042189 0.003958304255741991 0.0028327243774417914 0.0017071444991415934 0.0005815646208413953 0.0 0.0 0.0 0.0 0.0 0.0 0.0 0.0 0.0 0.0 0.0 0.0 0.001088030513838719 0.003339190270438796 0.005590350027042712 0.00784150978364279 0.010092669540242866
0.012320643909841562 0.013619834901827983 0.014919025893812188 0.015590291904437451 0.015590291904437451 0.015590291904437451 0.015590291904437451 0.015590291904437451 0.015590291904437451 0.015590291904437451 0.015590291904437451 0.015590291904437451 0.015590291904437451 0.015590291904437451 0.015590291904437451 0.015590291904437451 0.015590291904437451 0.015590291904437451 0.015590291904437451 0.015590291904437451 0.015590291904437451 0.015590291904437451 0.015590291904437451 0.015590291904437451 0.015590291904437451 0.015590291904437451 0.015590291904437451 0.014962366924325753 0.013663175932341363 0.012363984940356973 0.011064793948372583 0.009765602956388193 0.008466411964403803 0.007167220972419414 0.005868029980435023 0.004568838988450634 0.003269647996466245 0.0019704570044818542 0.0006712660124974651 0.0 0.0 0.0 0.0 0.0 0.0 0.0 0.0 0.0 0.0 0.0 0.0 0.0012558499577285497 0.00385423194169696 0.006452613925669801 0.009050995909638211 0.011649377893606622
0.013967053655362232 0.015439855761033263 0.016912657866701784 0.01767362526873301 0.01767362526873301 0.01767362526873301 0.01767362526873301 0.01767362526873301 0.01767362526873301 0.01767362526873301 0.01767362526873301 0.01767362526873301 0.01767362526873301 0.01767362526873301 0.01767362526873301 0.01767362526873301 0.01767362526873301 0.01767362526873301 0.01767362526873301 0.01767362526873301 0.01767362526873301 0.01767362526873301 0.01767362526873301 0.01767362526873301 0.01767362526873301 0.01767362526873301 0.01767362526873301 0.016961790566509632 0.015488988460840902 0.014016186355172173 0.012543384249503445 0.011070582143834716 0.009597780038165988 0.008124977932497258 0.006652175826828529 0.005179373721159801 0.003706571615491072 0.0022337695098223424 0.0007609674041536146 0.0 0.0 0.0 0.0 0.0 0.0 0.0 0.0 0.0 0.0 0.0 0.0 0.0014236694016185238 0.004369273612955563 0.007314877824297625 0.010260482035634663 0.013206086246971702
0.015613463400881497 0.01725987662023699 0.01890628983958968 0.019756958633026792 0.019756958633026792 0.019756958633026792 0.019756958633026792 0.019756958633026792 0.019756958633026792 0.019756958633026792 0.019756958633026792 0.019756958633026792 0.019756958633026792 0.019756958633026792 0.019756958633026792 0.019756958633026792 0.019756958633026792 0.019756958633026792 0.019756958633026792 0.019756958633026792 0.019756958633026792 0.019756958633026792 0.019756958633026792 0.019756958633026792 0.019756958633026792 0.019756958633026792 0.019756958633026792 0.018961214208691804 0.017314800989338883 0.015668387769985963 0.014021974550633046 0.012375561331280125 0.010729148111927204 0.009082734892574284 0.007436321673221365 0.005789908453868444 0.004143495234515524 0.002497082015162605 0.0008506687958096844 0.0 0.0 0.0 0.0 0.0 0.0 0.0 0.0 0.0 0.0 0.0 0.0 0.0015914888455083546 0.0048843152842137265 0.008177141722924714 0.011469968161630085 0.014762794600335458
0.01725987314640076 0.019079897479440718 0.02089992181247757 0.021840291997320575 0.021840291997320575 0.021840291997320575 0.021840291997320575 0.021840291997320575 0.021840291997320575 0.021840291997320575 0.021840291997320575 0.021840291997320575 0.021840291997320575 0.021840291997320575 0.021840291997320575 0.021840291997320575 0.021840291997320575 0.021840291997320575 0.021840291997320575 0.021840291997320575 0.021840291997320575 0.021840291997320575 0.021840291997320575 0.021840291997320575 0.021840291997320575 0.021840291997320575 0.021840291997320575 0.02096063785087398 0.019140613517836868 0.017320589184799756 0.015500564851762644 0.013680540518725533 0.011860516185688423 0.010040491852651311 0.0082204675196142 0.0064004431865770876 0.004580418853539978 0.002760394520502866 0.0009403701874657541 0.0 0.0 0.0 0.0 0.0 0.0 0.0 0.0 0.0 0.0 0.0 0.0 0.0017593082893981853 0.00539935695547189 0.009039405621551802 0.012679454287625506 0.016319502953699213
0.018906282891920027 0.020899918338644446 0.022893553785365464 0.023923625361614357 0.023923625361614357 0.023923625361614357 0.023923625361614357 0.023923625361614357 0.023923625361614357 0.023923625361614357 0.023923625361614357 0.023923625361614357 0.023923625361614357 0.023923625361614357 0.023923625361614357 0.023923625361614357 0.023923625361614357 0.023923625361614357 0.023923625361614357 0.023923625361614357 0.023923625361614357 0.023923625361614357 0.023923625361614357 0.023923625361614357 0.023923625361614357 0.023923625361614357 0.023923625361614357 0.022960061493056152 0.02096642604633485 0.018972790599613546 0.016979155152892243 0.014985519706170942 0.012991884259449641 0.010998248812728338 0.009004613366007037 0.0070109779192857324 0.005017342472564433 0.00302370702584313 0.0010300715791218273 0.0 0.0 0.0 0.0 0.0 0.0 0.0 0.0 0.0 0.0 0.0 0.0 0.001927127733288016 0.005914398626730054 0.009901669520178891 0.013888940413620928 0.01787621130706297
0.019756916947024337 0.021840250311321526 0.02392358367561516 0.02500000037252903 0.02500000037252903 0.02500000037252903 0.02500000037252903 0.02500000037252903 0.02500000037252903 0.02500000037252903 0.02500000037252903 0.02500000037252903 0.02500000037252903 0.02500000037252903 0.02500000037252903 0.0249594434471986 0.024875530251087047 0.024791617054975495 0.024707703858863943 0.024623790662752394 0.024539877466640842 0.02445596427052929 0.024372051074417738 0.02428813787830619 0.024204224682194637 0.024120311486083085 0.024036398289971537 0.023169959960646674 0.021466984557627727 0.019764009154608776 0.018061033751589826 0.01635805834857088 0.014655082945551928 0.01295210754253298 0.01124913213951403 0.00954615673649508 0.007843181333476133 0.006140205930457183 0.004437230527438232 0.003557337182103576 0.003557337182103576 0.003557337182103576 0.003557337182103576 0.003557337182103576 0.003557337182103576 0.003557337182103576 0.003557337182103576 0.003557337182103576 0.003557337182103576 0.003557337182103576 0.003557337182103576 0.00563067745662993 0.009920465406863598 0.014210253357104583 0.01850004130733825 0.02278982925757192
0.019756916947024337 0.021840250311321526 0.02392358367561516 0.02500000037252903 0.02500000037252903 0.02500000037252903 0.02500000037252903 0.02500000037252903 0.02500000037252903 0.02500000037252903 0.02500000037252903 0.02500000037252903 0.02500000037252903 0.02500000037252903 0.02500000037252903 0.024875533725003476 0.024618009415207684 0.024360485105411892 0.0241029607956161 0.02384543648582031 0.023587912176024517 0.023330387866228725 0.023072863556432933 0.022815339246637145 0.02255781493684135 0.02230029062704556 0.02204276631724977 0.0214669688108364 0.02055093005563424 0.01963489130043208 0.018718852545229918 0.017802813790027756 0.016886775034825597 0.015970736279623435 0.015054697524421273 0.014138658769219112 0.013222620014016952 0.01230658125881479 0.011390542503612629 0.010917243591988798 0.010917243591988798 0.010917243591988798 0.010917243591988798 0.010917243591988798 0.010917243591988798 0.010917243591988798 0.010917243591988798 0.010917243591988798 0.010917243591988798 0.010917243591988798 0.010917243591988798 0.013113699990707803 0.017658217988165276 0.022202735985630495 0.026747253983087964 0.03129177198054543
0.019756916947024337 0.021840250311321526 0.02392358367561516 0.02500000037252903 0.02500000037252903 0.02500000037252903 0.02500000037252903 0.02500000037252903 0.02500000037252903 0.02500000037252903 0.02500000037252903 0.02500000037252903 0.02500000037252903 0.02500000037252903 0.02500000037252903 0.02479162400280839 0.024360488579328432 0.023929353155848473 0.023498217732368515 0.02306708230888856 0.0226359468854086 0.022204811461928643 0.021773676038448684 0.021342540614968725 0.02091140519148877 0.02048026976800881 0.020049134344528853 0.019763977661026853 0.019634875553641143 0.019505773446255436 0.019376671338869726 0.019247569231484015 0.019118467124098308 0.018989365016712598 0.018860262909326887 0.018731160801941177 0.01860205869455547 0.01847295658716976 0.01834385447978405 0.01827715000187087 0.01827715000187087 0.01827715000187087 0.01827715000187087 0.01827715000187087 0.01827715000187087 0.01827715000187087 0.01827715000187087 0.01827715000187087 0.01827715000187087 0.01827715000187087 0.01827715000187087 0.020596722524782476 0.02539597056946364 0.030195218614152988 0.034994466658834156 0.03979371470351532
0.019756916947024337 0.021840250311321526 0.02392358367561516 0.02500000037252903 0.02500000037252903 0.02500000037252903 0.02500000037252903 0.02500000037252903 0.02500000037252903 0.02500000037252903 0.02500000037252903 0.02500000037252903 0.02500000037252903 0.02500000037252903 0.02500000037252903 0.024707714280613306 0.02410296774344918 0.023498221206285055 0.02289347466912093 0.022288728131956807 0.021683981594792682 0.021079235057628556 0.020474488520464434 0.01986974198330031 0.019264995446136184 0.018660248908972058 0.018055502371807933 0.018060986511217306 0.01871882105164805 0.019376655592078792 0.020034490132509537 0.02069232467294028 0.021350159213371023 0.022007993753801768 0.022665828294232512 0.023323662834663254 0.023981497375094 0.02463933191552474 0.025297166455955485 0.025637056411752956 0.025637056411752956 0.025637056411752956 0.025637056411752956 0.025637056411752956 0.025637056411752956 0.025637056411752956 0.025637056411752956 0.025637056411752956 0.025637056411752956 0.025637056411752956 0.025637056411752956 0.028079745058857162 0.03313372315076202 0.038187701242675495 0.043241679334580355 0.048295657426485214
0.019756916947024337 0.021840250311321526 0.02392358367561516 0.02500000037252903 0.02500000037252903 0.02500000037252903 0.02500000037252903 0.02500000037252903 0.02500000037252903 0.02500000037252903 0.02500000037252903 0.02500000037252903 0.02500000037252903 0.02500000037252903 0.02500000037252903 0.024623804558418182 0.023845446907569817 0.023067089256721452 0.022288731605873087 0.021510373955024722 0.020732016304176357 0.019953658653327995 0.019175301002479626 0.018396943351631265 0.017618585700782896 0.016840228049934534 0.016061870399086166 0.016357995361407033 0.017802766549654563 0.019247537737902096 0.02069230892614963 0.02213708011439716 0.02358185130264469 0.02502662249089222 0.026471393679139754 0.027916164867387287 0.029360936055634817 0.030805707243882346 0.03225047843212988 0.03299696282163818 0.03299696282163818 0.03299696282163818 0.03299696282163818 0.03299696282163818 0.03299696282163818 0.03299696282163818 0.03299696282163818 0.03299696282163818 0.03299696282163818 0.03299696282163818 0.03299696282163818 0.035562767592935036 0.04087147573206369 0.04618018387120141 0.051488892010330065 0.05679760014945873
0.019756916947024337 0.021840250311321526 0.02392358367561516 0.02500000037252903 0.02500000037252903 0.02500000037252903 0.02500000037252903 0.02500000037252903 0.02500000037252903 0.02500000037252903 0.02500000037252903 0.02500000037252903 0.02500000037252903 0.02500000037252903 0.02500000037252903 0.024539894836223097 0.023587926071690565 0.022635957307158033 0.0216839885426255 0.020732019778092973 0.01978005101356044 0.01882808224902791 0.017876113484495377 0.016924144719962845 0.015972175955430316 0.015020207190897783 0.01406823842636525 0.014655004211597485 0.01688671204766147 0.01911841988372545 0.021350127719789436 0.02358183555585342 0.025813543391917406 0.02804525122798139 0.030276959064045376 0.032508666900109354 0.03474037473617334 0.03697208257223733 0.03920379040830131 0.04035686923152026 0.04035686923152026 0.04035686923152026 0.04035686923152026 0.04035686923152026 0.04035686923152026 0.04035686923152026 0.04035686923152026 0.04035686923152026 0.04035686923152026 0.04035686923152026 0.04035686923152026 0.043045790127009716 0.04860922831336207 0.05417266649972391 0.05973610468607626 0.06529954287242862
0.019756916947024337 0.021840250311321526 0.02392358367561516 0.02500000037252903 0.02500000037252903 0.02500000037252903 0.02500000037252903 0.02500000037252903 0.02500000037252903 0.02500000037252903 0.02500000037252903 0.02500000037252903 0.02500000037252903 0.02500000037252903 0.02500000037252903 0.024455985114028012 0.023330405235811313 0.022204825357594618 0.02107924547937792 0.01995366560116122 0.01882808572294452 0.017702505844727826 0.016576925966511127 0.015451346088294429 0.014325766210077731 0.013200186331861034 0.012074606453644336 0.012952013061787938 0.015970657545668374 0.018989302029548807 0.022007946513429244 0.02502659099730968 0.028045235481190117 0.031063879965070554 0.03408252444895099 0.03710116893283143 0.040119813416711864 0.0431384579005923 0.04615710238447274 0.04771677564140234 0.04771677564140234 0.04771677564140234 0.04771677564140234 0.04771677564140234 0.04771677564140234 0.04771677564140234 0.04771677564140234 0.04771677564140234 0.04771677564140234 0.04771677564140234 0.04771677564140234 0.050528812661084395 0.05634698089466044 0.06216514912824641 0.06798331736182246 0.07380148559539851
