Figures/CREST_Example_wjb_NSE/Rolling_result/20100722/BJP_forecast/ens_1/wjb.rain.20100722.asc
ncols            288
nrows            254
xllcorner        113.274861
yllcorner        31.4918055
cellsize         0.008333333333
NODATA_value     -9999
[rows 40 to 59 of 254, columns 90 to 134 of 288]
3.682814006544894 3.7676724197900042 3.85253083303497 3.937389246279936 4.0222476595249015 4.107106072769867 4.191964486014833 4.276822899259799 4.361681312504765 4.437956833291761 4.505057047976159 4.572157262660557 4.639257477344955 4.7063576920293535 4.773457906713865 4.840558121398264 4.907658336082662 4.97475855076706 5.041858765451458 5.108958980135856 5.176059194820255 5.233201314062182 5.279698004096307 5.3261946941304315 5.372691384164557 5.419188074198681 5.465684764232806 5.512181454267011 5.558678144301135 5.60517483433526 5.651671524369385 5.69816821440351 5.744664904437635 5.7844707451114195 5.817123916506854 5.849777087902289 5.882430259297722 5.915083430693157 5.9477366020885905 5.980389773484025 6.013042944879515 6.045696116274949 6.078349287670384 6.111002459065817 6.143655630461252
3.672680533987903 3.762606114351549 3.852531694715042 3.9424572750785343 4.032382855442028 4.12230843580552 4.212234016169013 4.302159596532506 4.392085176895998 4.4790775080367675 4.562934129435689 4.646790750834611 4.730647372233532 4.814503993632454 4.8983606150315175 4.982217236430439 5.066073857829361 5.149930479228282 5.233787100627204 5.317643722026125 5.401500343425046 5.463217769075413 5.501267893842747 5.53931801861008 5.577368143377414 5.615418268144748 5.653468392912082 5.69151851767948 5.7295686424468135 5.767618767214148 5.805668891981481 5.843719016748815 5.881769141516148 5.920768339731019 5.960782118924402 6.000795898117784 6.040809677311167 6.080823456504549 6.120837235697932 6.160851014891314 6.200864794084765 6.240878573278148 6.280892352471531 6.320906131664913 6.3609199108582954
3.662547061430912 3.757539808913094 3.8525325563951136 3.9475253038771334 4.042518051359154 4.1375107988411735 4.232503546323193 4.327496293805213 4.422489041287233 4.520198182781776 4.62081121089522 4.721424239008665 4.82203726712211 4.922650295235554 5.023263323349171 5.123876351462615 5.22448937957606 5.325102407689505 5.425715435802949 5.526328463916394 5.626941492029838 5.693234224088644 5.722837783589187 5.752441343089729 5.782044902590272 5.8116484620908135 5.841252021591356 5.870855581091949 5.900459140592492 5.930062700093035 5.959666259593577 5.989269819094119 6.0188733785946615 6.057065934350617 6.104440321341948 6.151814708333279 6.19918909532461 6.246563482315941 6.293937869307272 6.341312256298603 6.388686643290015 6.436061030281345 6.483435417272676 6.530809804264007 6.578184191255338
3.6524135888739213 3.752473503474639 3.852533418075186 3.9525933326757325 4.05265324727628 4.152713161876826 4.252773076477373 4.3528329910779195 4.452892905678467 4.561318857526784 4.678688292354752 4.79605772718272 4.913427162010687 5.030796596838655 5.148166031666824 5.265535466494791 5.382904901322759 5.500274336150726 5.617643770978694 5.735013205806662 5.85238264063463 5.923250679101875 5.944407673335626 5.965564667569378 5.986721661803129 6.007878656036881 6.0290356502706315 6.050192644504419 6.0713496387381705 6.092506632971922 6.113663627205673 6.134820621439425 6.155977615673176 6.193363528970217 6.248098523759496 6.302833518548775 6.357568513338054 6.412303508127334 6.467038502916612 6.521773497705891 6.576508492495264 6.631243487284543 6.685978482073822 6.740713476863101 6.795448471652381
3.6422801163169303 3.7474071980361834 3.8525342797552575 3.9576613614743312 4.062788443193405 4.167915524912479 4.273042606631552 4.378169688350626 4.4832967700697 4.6024395322717915 4.736565373814282 4.870691215356773 5.004817056899265 5.138942898441756 5.273068739984476 5.407194581526967 5.5413204230694575 5.675446264611948 5.809572106154439 5.943697947696931 6.077823789239421 6.153267134115106 6.165977563082066 6.178687992049026 6.191398421015986 6.204108849982947 6.216819278949907 6.229529707916888 6.242240136883848 6.254950565850809 6.267660994817769 6.280371423784729 6.293081852751689 6.329661123589815 6.391756726177043 6.45385232876427 6.515947931351498 6.578043533938725 6.640139136525953 6.70223473911318 6.764330341700514 6.826425944287742 6.888521546874969 6.950617149462197 7.012712752049424
3.6321466437599397 3.7423408925977286 3.8525351414353293 3.9627293902729304 4.072923639110531 4.183117887948132 4.293312136785733 4.403506385623333 4.5137006344609345 4.6435602070168 4.794442455273813 4.945324703530828 5.096206951787842 5.247089200044856 5.397971448302128 5.548853696559142 5.699735944816156 5.850618193073171 6.001500441330185 6.152382689587199 6.303264937844213 6.383283589128337 6.387547452828506 6.391811316528675 6.396075180228844 6.400339043929013 6.404602907629182 6.408866771329358 6.413130635029527 6.417394498729696 6.421658362429865 6.425922226130034 6.430186089830203 6.465958718209414 6.53541492859459 6.604871138979766 6.674327349364941 6.743783559750118 6.813239770135294 6.882695980520469 6.952152190905764 7.02160840129094 7.091064611676115 7.160520822061291 7.229977032446467
3.62201317120294 3.737274587159269 3.852536003115401 3.967797419071533 4.083058835027665 4.198320250983797 4.31358166693993 4.428843082896062 4.544104498852194 4.684680881761842 4.852319536733394 5.019958191704946 5.187596846676498 5.35523550164805 5.522874156619887 5.6905128115914385 5.85815146656299 6.025790121534542 6.193428776506094 6.361067431477646 6.528706086449198 6.613300044141765 6.609117342575135 6.604934641008506 6.600751939441876 6.596569237875246 6.592386536308617 6.5882038347419805 6.5840211331753515 6.579838431608722 6.575655730042092 6.571473028475463 6.567290326908833 6.602256312829129 6.6790731310122595 6.75588994919539 6.832706767378521 6.909523585561651 6.986340403744781 7.063157221927912 7.1399740401111735 7.216790858294304 7.293607676477434 7.370424494660565 7.447241312843695
3.611879698645949 3.7322082817208138 3.852536864795473 3.972865447870132 4.093194030944791 4.213522614019451 4.33385119709411 4.454179780168769 4.574508363243428 4.72580155650685 4.910196618192925 5.0945916798790005 5.278986741565075 5.46338180325115 5.64777686493754 5.832171926623614 6.016566988309689 6.2009620499957645 6.385357111681839 6.569752173367914 6.754147235053988 6.843316499154995 6.830687232321575 6.818057965488154 6.805428698654733 6.7927994318213125 6.780170164987892 6.76754089815445 6.754911631321029 6.742282364487608 6.729653097654188 6.717023830820767 6.704394563987346 6.738553907448727 6.8227313334298065 6.906908759410885 6.991086185391964 7.0752636113730425 7.159441037354122 7.243618463335201 7.327795889316423 7.411973315297502 7.496150741278581 7.580328167259659 7.664505593240738
3.6017462260889586 3.7271419762823585 3.8525377264755445 3.977933476668731 4.103329226861917 4.228724977055103 4.354120727248289 4.479516477441475 4.604912227634662 4.766922231251858 4.9680736996524555 5.169225168053054 5.370376636453653 5.57152810485425 5.772679573255192 5.9738310416557905 6.174982510056388 6.376133978456986 6.5772854468575845 6.778436915258183 6.979588383658781 7.073332954168227 7.052257122068014 7.031181289967803 7.010105457867591 6.989029625767379 6.967953793667167 6.946877961566919 6.925802129466708 6.904726297366496 6.8836504652662835 6.862574633166072 6.84149880106586 6.874851502068327 6.9663895358473535 7.057927569626381 7.1494656034054085 7.241003637184435 7.3325416709634625 7.424079704742489 7.515617738521673 7.6071557723006995 7.698693806079727 7.790231839858754 7.881769873637781
3.663879237584493 3.7916121882957237 3.9193451390067366 4.04707808971775 4.174811040428763 4.302543991139776 4.430276941850789 4.558009892561801 4.6857428432728145 4.847467494192373 5.045530041210295 5.243592588228216 5.441655135246138 5.639717682264059 5.837780229282318 6.035842776300239 6.233905323318161 6.431967870336082 6.6300304173540034 6.828092964371924 7.026155511389845 7.1199001271595 7.102126515510733 7.084352903861966 7.0665792922131985 7.048805680564431 7.031032068915665 7.0132584572668675 6.9954848456181 6.977711233969333 6.959937622320566 6.942164010671799 6.924390399023032 6.9560326434355 7.040501555506591 7.124970467577682 7.209439379648773 7.293908291719863 7.378377203790954 7.462846115862045 7.54731502793328 7.631783940004371 7.716252852075462 7.800721764146553 7.885190676217644
3.8032605637749044 3.930412552845634 4.057564541916148 4.184716530986661 4.311868520057174 4.439020509127687 4.5661724981982 4.693324487268713 4.820476476339226 4.970155155999686 5.143915377244572 5.317675598489458 5.4914358197343445 5.665196040979231 5.838956262224412 6.0127164834692985 6.186476704714185 6.360236925959071 6.533997147203957 6.707757368448843 6.881517589693729 6.970371585048851 6.968458904965596 6.96654622488234 6.964633544799085 6.96272086471583 6.960808184632574 6.958895504549316 6.956982824466061 6.955070144382805 6.95315746429955 6.9512447842162945 6.94933210413304 6.978297771639306 7.040273091026091 7.102248410412875 7.164223729799659 7.226199049186443 7.288174368573227 7.350149687960011 7.4121250073469005 7.474100326733684 7.536075646120468 7.598050965507252 7.660026284894036
3.942641889965316 4.069212917395546 4.195783944825559 4.322354972255572 4.448925999685585 4.575497027115599 4.702068054545611 4.828639081975625 4.955210109405638 5.092842817806999 5.24230071327885 5.391758608750701 5.541216504222551 5.6906743996944025 5.840132295166508 5.989590190638358 6.1390480861102095 6.28850598158206 6.437963877053911 6.5874217725257616 6.736879667997613 6.820843042938203 6.83479129442046 6.848739545902716 6.862687797384972 6.876636048867228 6.890584300349484 6.904532551831765 6.918480803314021 6.932429054796278 6.946377306278534 6.9603255577607905 6.974273809243046 7.0005628998431115 7.040044626545589 7.079526353248066 7.119008079950543 7.15848980665302 7.197971533355497 7.2374532600579755 7.276934986760519 7.3164167134629965 7.355898440165474 7.395380166867951 7.434861893570428
4.0820232161557275 4.208013281945456 4.334003347734969 4.459993413524483 4.585983479313996 4.711973545103509 4.837963610893023 4.963953676682536 5.08994374247205 5.215530479614311 5.340686049313127 5.465841619011942 5.590997188710758 5.7161527584095735 5.841308328108602 5.966463897807418 6.091619467506233 6.216775037205048 6.341930606903864 6.467086176602679 6.592241746301495 6.671314500827554 6.7011236838753225 6.730932866923091 6.760742049970858 6.790551233018626 6.820360416066395 6.8501695991142135 6.879978782161982 6.90978796520975 6.939597148257518 6.9694063313052865 6.999215514353054 7.022828028046918 7.0398161620650885 7.056804296083259 7.073792430101429 7.0907805641196 7.10776869813777 7.12475683215594 7.14174496617414 7.15873310019231 7.175721234210481 7.192709368228651 7.209697502246821
4.221404542346258 4.346813646495486 4.472222750644498 4.597631854793511 4.723040958942525 4.848450063091537 4.97385916724055 5.099268271389564 5.224677375538576 5.338218141421729 5.439071385347488 5.539924629273248 5.640777873199007 5.741631117124767 5.8424843610506985 5.943337604976458 6.044190848902217 6.145044092827977 6.245897336753736 6.346750580679496 6.447603824605255 6.521785958716778 6.567456073330072 6.613126187943365 6.6587963025566586 6.704466417169952 6.750136531783245 6.795806646396616 6.841476761009909 6.887146875623203 6.932816990236496 6.97848710484979 7.024157219463083 7.0450931562507435 7.0395876975845875 7.034082238918432 7.028576780252276 7.023071321586121 7.017565862919965 7.01206040425381 7.006554945587644 7.001049486921489 6.995544028255333 6.990038569589178 6.984533110923022
4.36078586853667 4.485614011045396 4.610442153553909 4.7352702960624224 4.860098438570936 4.984926581079449 5.109754723587962 5.234582866096475 5.359411008604988 5.460905803229042 5.537456721381766 5.61400763953449 5.690558557687214 5.767109475839939 5.843660393992793 5.9202113121455175 5.996762230298241 6.073313148450966 6.14986406660369 6.226414984756413 6.302965902909138 6.372257416606129 6.433788462784935 6.49531950896374 6.556850555142545 6.6183816013213495 6.679912647500155 6.741443693679065 6.80297473985787 6.864505786036674 6.9260368322154795 6.987567878394285 7.049098924573089 7.067358284454549 7.039359233104086 7.011360181753624 6.9833611304031615 6.9553620790526995 6.927363027702237 6.899363976351774 6.871364925001264 6.843365873650802 6.815366822300339 6.787367770949877 6.759368719599414
4.500167194727081 4.624414375595307 4.74866155646332 4.872908737331334 4.997155918199347 5.1214030990673605 5.245650279935374 5.3698974608033865 5.494144641671401 5.583593465036355 5.635842057416044 5.688090649795733 5.740339242175422 5.7925878345551105 5.844836426934888 5.897085019314577 5.949333611694266 6.001582204073955 6.053830796453644 6.106079388833333 6.158327981213022 6.222728874495482 6.3001208522397985 6.3775128299841155 6.454904807728432 6.532296785472749 6.609688763217065 6.687080740961514 6.7644727187058304 6.8418646964501475 6.919256674194464 6.996648651938781 7.074040629683097 7.089623412658356 7.039130768623586 6.9886381245888165 6.938145480554048 6.887652836519278 6.837160192484509 6.786667548449739 6.7361749044148835 6.685682260380115 6.635189616345345 6.584696972310576 6.534204328275806
4.639548520917493 4.763214740145218 4.886880959372731 5.010547178600245 5.134213397827758 5.257879617055272 5.381545836282784 5.505212055510299 5.628878274737811 5.706281126843667 5.73422739345032 5.762173660056974 5.790119926663627 5.8180661932702815 5.846012459876983 5.873958726483636 5.90190499309029 5.929851259696943 5.957797526303597 5.985743792910251 6.013690059516904 6.073200332384833 6.166453241694661 6.25970615100449 6.352959060314318 6.446211969624146 6.539464878933975 6.632717788243962 6.725970697553791 6.819223606863619 6.912476516173447 7.005729425483276 7.098982334793105 7.111888540862162 7.038902304143085 6.9659160674240095 6.892929830704933 6.819943593985856 6.746957357266781 6.673971120547704 6.600984883828504 6.527998647109428 6.455012410390352 6.382026173671275 6.3090399369522
4.7789298471079045 4.902015104695128 5.025100362282142 5.148185619869156 5.271270877456169 5.394356135043183 5.517441392630197 5.64052665021721 5.763611907804224 5.82896878865098 5.832612729484598 5.836256670318217 5.839900611151835 5.843544551985453 5.847188492819078 5.8508324336526965 5.854476374486314 5.858120315319932 5.861764256153551 5.865408196987169 5.869052137820788 5.923671790274185 6.032785631149525 6.141899472024865 6.251013312900205 6.3601271537755455 6.469240994650885 6.578354835526411 6.6874686764017515 6.796582517277091 6.905696358152431 7.014810199027771 7.123924039903111 7.134153669065967 7.038673839662584 6.943194010259201 6.847714180855818 6.752234351452435 6.656754522049052 6.56127469264567 6.465794863242124 6.37031503383874 6.274835204435358 6.1793553750319745 6.083875545628592
4.918311173298316 5.040815469245039 5.163319765191552 5.285824061138067 5.408328357084581 5.530832653031094 5.653336948977608 5.775841244924122 5.898345540870636 5.951656450458293 5.930998065518875 5.910339680579459 5.889681295640042 5.869022910700624 5.8483645257611725 5.827706140821755 5.807047755882339 5.7863893709429215 5.765730986003504 5.745072601064088 5.7244142161246705 5.774143248163536 5.899118020604388 6.02409279304524 6.149067565486091 6.274042337926943 6.3990171103677955 6.52399188280886 6.648966655249712 6.773941427690564 6.898916200131415 7.023890972572267 7.1488657450131186 7.156418797269773 7.038445375182084 6.920471953094394 6.802498531006704 6.684525108919014 6.566551686831325 6.4485782647436345 6.3306048426557435 6.212631420568053 6.094657998480364 5.976684576392674 5.858711154304984
5.057692499488846 5.179615833795068 5.3015391681010815 5.423462502407095 5.545385836713109 5.667309171019122 5.789232505325136 5.911155839631149 6.033079173937162 6.0743441122657105 6.029383401553237 5.9844226908407645 5.939461980128291 5.8945012694158185 5.849540558703269 5.804579847990795 5.759619137278323 5.714658426565849 5.669697715853377 5.624737005140903 5.579776294428431 5.6246147060527605 5.765450410059137 5.906286114065515 6.047121818071892 6.1879575220782685 6.328793226084645 6.469628930091263 6.61046463409764 6.751300338104016 6.892136042110393 7.03297174611677 7.173807450123147 7.178683925473599 7.038216910701583 6.897749895929567 6.7572828811575505 6.616815866385535 6.476348851613519 6.335881836841503 6.195414822069248 6.054947807297232 5.914480792525216 5.774013777753201 5.633546762981185
