Figures/CREST_Example_wjb_NSE/Rolling_result/20100722/BJP_forecast/ens_1/wjb.rain.20100727.asc
ncols            288
nrows            254
xllcorner        113.274861
yllcorner        31.4918055
cellsize         0.008333333333
NODATA_value     -9999
[rows 60 to 79 of 254, columns 176 to 219 of 288]
14.030305764249478 14.030305764249478 14.030305764249478 14.030305764249478 14.030305764249478 14.030305764249478 14.030305764249478 14.030305764249478 14.030305764249478 14.030305764249478 14.030305764249478 14.030305764249478 14.030305764249478 14.030305764249478 14.030305764249478 14.030305764249478 14.030305764249478 14.030305764249478 14.030305764249478 14.030305764249478 14.030305764249478 14.030305764249478 14.030305764249478 14.030305764249478 14.030305764249478 14.030305764249478 14.030305764249478 14.030305764249478 14.030305764249478 14.030305764249478 14.030305764249478 14.030305764249478 14.030305764249478 14.030305764249478 -9999.0 -9999.0 -9999.0 -9999.0 -9999.0 -9999.0 -9999.0 -9999.0 -9999.0 -9999.0
2.6745875073298278 2.743312142100268 2.8120367768707077 2.8807614116411475 2.9494860464115873 3.018210681182027 3.086935315952584 14.030305764249478 14.030305764249478 14.030305764249478 14.030305764249478 14.030305764249478 14.030305764249478 14.030305764249478 14.030305764249478 14.030305764249478 14.030305764249478 14.030305764249478 -9999.0 -9999.0 -9999.0 14.030305764249478 14.030305764249478 14.030305764249478 14.030305764249478 14.030305764249478 14.030305764249478 14.030305764249478 14.030305764249478 14.030305764249478 14.030305764249478 14.030305764249478 -9999.0 -9999.0 -9999.0 -9999.0 -9999.0 -9999.0 -9999.0 -9999.0 -9999.0 -9999.0 -9999.0 -9999.0
2.681832198883908 2.7468406038886712 2.811849008893434 2.876857413898197 2.9418658189029596 3.006874223907723 3.0718826289125967 14.030305764249478 14.030305764249478 14.030305764249478 14.030305764249478 14.030305764249478 14.030305764249478 14.030305764249478 14.030305764249478 14.030305764249478 14.030305764249478 14.030305764249478 -9999.0 -9999.0 -9999.0 14.030305764249478 14.030305764249478 14.030305764249478 14.030305764249478 14.030305764249478 14.030305764249478 -9999.0 -9999.0 -9999.0 -9999.0 -9999.0 -9999.0 -9999.0 -9999.0 -9999.0 -9999.0 -9999.0 -9999.0 -9999.0 -9999.0 -9999.0 -9999.0 -9999.0
2.6890768904379883 2.7503690656770745 2.8116612409161603 2.8729534161552466 2.9342455913943324 2.9955377666334186 3.0568299418726093 14.030305764249478 14.030305764249478 14.030305764249478 14.030305764249478 14.030305764249478 14.030305764249478 14.030305764249478 14.030305764249478 14.030305764249478 14.030305764249478 14.030305764249478 -9999.0 -9999.0 -9999.0 -9999.0 -9999.0 -9999.0 -9999.0 -9999.0 -9999.0 -9999.0 -9999.0 -9999.0 -9999.0 -9999.0 -9999.0 -9999.0 -9999.0 -9999.0 -9999.0 -9999.0 -9999.0 -9999.0 -9999.0 -9999.0 -9999.0 -9999.0
2.6963215819920685 2.7538975274654773 2.8114734729388866 2.869049418412296 2.926625363885705 2.984201309359114 3.0417772548326214 14.030305764249478 14.030305764249478 14.030305764249478 14.030305764249478 14.030305764249478 14.030305764249478 14.030305764249478 14.030305764249478 14.030305764249478 14.030305764249478 14.030305764249478 -9999.0 -9999.0 -9999.0 -9999.0 -9999.0 -9999.0 -9999.0 -9999.0 -9999.0 -9999.0 -9999.0 -9999.0 -9999.0 -9999.0 -9999.0 -9999.0 -9999.0 -9999.0 -9999.0 -9999.0 -9999.0 -9999.0 -9999.0 -9999.0 -9999.0 -9999.0
2.7035662735461483 2.7574259892538806 2.811285704961613 2.865145420669345 2.919005136377077 2.9728648520848093 3.0267245677926335 14.030305764249478 14.030305764249478 14.030305764249478 14.030305764249478 14.030305764249478 14.030305764249478 14.030305764249478 14.030305764249478 14.030305764249478 14.030305764249478 14.030305764249478 14.030305764249478 -9999.0 -9999.0 -9999.0 -9999.0 -9999.0 -9999.0 -9999.0 -9999.0 -9999.0 -9999.0 -9999.0 -9999.0 -9999.0 -9999.0 -9999.0 -9999.0 -9999.0 -9999.0 -9999.0 -9999.0 -9999.0 -9999.0 -9999.0 -9999.0 -9999.0
2.710810965100235 2.760954451042287 2.811097936984339 2.8612414229263914 2.9113849088684436 2.961528394810496 3.0116718807526333 14.030305764249478 14.030305764249478 14.030305764249478 14.030305764249478 14.030305764249478 14.030305764249478 14.030305764249478 14.030305764249478 14.030305764249478 14.030305764249478 14.030305764249478 14.030305764249478 -9999.0 -9999.0 -9999.0 -9999.0 -9999.0 -9999.0 -9999.0 -9999.0 -9999.0 -9999.0 -9999.0 -9999.0 -9999.0 -9999.0 -9999.0 -9999.0 -9999.0 -9999.0 -9999.0 -9999.0 -9999.0 -9999.0 -9999.0 -9999.0 -9999.0
2.7180556566543146 2.76448291283069 2.810910169007065 2.8573374251834407 2.903764681359816 2.950191937536191 2.9966191937126454 14.030305764249478 14.030305764249478 14.030305764249478 14.030305764249478 14.030305764249478 14.030305764249478 14.030305764249478 14.030305764249478 14.030305764249478 14.030305764249478 14.030305764249478 14.030305764249478 14.030305764249478 -9999.0 -9999.0 -9999.0 -9999.0 -9999.0 -9999.0 -9999.0 -9999.0 -9999.0 -9999.0 -9999.0 -9999.0 -9999.0 -9999.0 -9999.0 -9999.0 -9999.0 -9999.0 -9999.0 -9999.0 -9999.0 -9999.0 -9999.0 -9999.0
2.7253003482083944 2.768011374619093 2.8107224010297913 2.85343342744049 2.8961444538511882 2.9388554802618865 2.981566506672658 14.030305764249478 14.030305764249478 14.030305764249478 14.030305764249478 14.030305764249478 14.030305764249478 14.030305764249478 14.030305764249478 14.030305764249478 14.030305764249478 14.030305764249478 14.030305764249478 -9999.0 -9999.0 -9999.0 -9999.0 -9999.0 -9999.0 -9999.0 -9999.0 -9999.0 -9999.0 -9999.0 -9999.0 -9999.0 -9999.0 -9999.0 -9999.0 -9999.0 -9999.0 -9999.0 -9999.0 -9999.0 -9999.0 -9999.0 -9999.0 -9999.0
2.7325450397624746 2.7715398364074963 2.8105346330525176 2.8495294296975393 2.888524226342561 2.9275190229875823 2.9665138196326706 14.030305764249478 14.030305764249478 14.030305764249478 14.030305764249478 14.030305764249478 14.030305764249478 14.030305764249478 14.030305764249478 14.030305764249478 14.030305764249478 14.030305764249478 -9999.0 -9999.0 -9999.0 -9999.0 -9999.0 -9999.0 -9999.0 -9999.0 -9999.0 -9999.0 -9999.0 -9999.0 -9999.0 -9999.0 -9999.0 -9999.0 -9999.0 -9999.0 -9999.0 -9999.0 -9999.0 -9999.0 -9999.0 -9999.0 -9999.0 -9999.0
2.739789731316555 2.7750682981958996 2.8103468650752443 2.845625431954589 2.8809039988339333 2.916182565713278 2.9514611325926827 14.030305764249478 14.030305764249478 14.030305764249478 14.030305764249478 14.030305764249478 14.030305764249478 14.030305764249478 14.030305764249478 14.030305764249478 14.030305764249478 14.030305764249478 -9999.0 -9999.0 -9999.0 -9999.0 -9999.0 -9999.0 -9999.0 -9999.0 -9999.0 -9999.0 -9999.0 -9999.0 -9999.0 -9999.0 -9999.0 -9999.0 -9999.0 -9999.0 -9999.0 -9999.0 -9999.0 -9999.0 -9999.0 -9999.0 -9999.0 -9999.0
2.7470344228706347 2.7785967599843024 2.81015909709797 2.841721434211638 2.8732837713253057 2.9048461084389734 2.936408445552695 14.030305764249478 14.030305764249478 14.030305764249478 14.030305764249478 14.030305764249478 14.030305764249478 14.030305764249478 14.030305764249478 14.030305764249478 14.030305764249478 14.030305764249478 -9999.0 -9999.0 -9999.0 -9999.0 -9999.0 -9999.0 -9999.0 -9999.0 -9999.0 -9999.0 -9999.0 -9999.0 -9999.0 -9999.0 -9999.0 -9999.0 -9999.0 -9999.0 -9999.0 -9999.0 -9999.0 -9999.0 -9999.0 -9999.0 -9999.0 -9999.0
2.754279114424721 2.782125221772709 2.8099713291206965 2.837817436468684 2.865663543816672 2.89350965116466 2.921355758512695 14.030305764249478 14.030305764249478 14.030305764249478 14.030305764249478 14.030305764249478 14.030305764249478 14.030305764249478 14.030305764249478 14.030305764249478 14.030305764249478 14.030305764249478 14.030305764249478 -9999.0 -9999.0 -9999.0 -9999.0 -9999.0 -9999.0 -9999.0 -9999.0 -9999.0 -9999.0 -9999.0 -9999.0 -9999.0 -9999.0 -9999.0 -9999.0 -9999.0 -9999.0 -9999.0 -9999.0 -9999.0 -9999.0 -9999.0 -9999.0 -9999.0
2.9496565914213266 2.9787746518071114 3.0078927121928967 3.0370107725786815 3.0661288329644663 3.095246893350251 3.1243649537360856 14.030305764249478 14.030305764249478 14.030305764249478 14.030305764249478 14.030305764249478 14.030305764249478 14.030305764249478 14.030305764249478 14.030305764249478 14.030305764249478 14.030305764249478 14.030305764249478 14.030305764249478 14.030305764249478 14.030305764249478 -9999.0 -9999.0 -9999.0 -9999.0 -9999.0 -9999.0 -9999.0 -9999.0 -9999.0 -9999.0 -9999.0 -9999.0 -9999.0 -9999.0 -9999.0 -9999.0 -9999.0 -9999.0 -9999.0 -9999.0 -9999.0 -9999.0
3.3461361541316714 3.381858220463206 3.417580286794741 3.453302353126275 3.48902441945781 3.5247464857893442 3.56046855212094 14.030305764249478 14.030305764249478 14.030305764249478 14.030305764249478 14.030305764249478 14.030305764249478 14.030305764249478 14.030305764249478 14.030305764249478 14.030305764249478 14.030305764249478 14.030305764249478 14.030305764249478 14.030305764249478 14.030305764249478 14.030305764249478 14.030305764249478 14.030305764249478 -9999.0 -9999.0 -9999.0 -9999.0 -9999.0 -9999.0 -9999.0 -9999.0 -9999.0 -9999.0 -9999.0 -9999.0 -9999.0 -9999.0 -9999.0 -9999.0 -9999.0 -9999.0 -9999.0
3.7426157168420167 3.784941789119301 3.827267861396585 3.8695939336738694 3.9119200059511536 3.954246078228438 3.9965721505057945 14.030305764249478 14.030305764249478 14.030305764249478 14.030305764249478 14.030305764249478 14.030305764249478 14.030305764249478 14.030305764249478 14.030305764249478 14.030305764249478 14.030305764249478 14.030305764249478 14.030305764249478 14.030305764249478 14.030305764249478 14.030305764249478 14.030305764249478 14.030305764249478 -9999.0 -9999.0 -9999.0 -9999.0 -9999.0 14.030305764249478 -9999.0 -9999.0 -9999.0 -9999.0 -9999.0 -9999.0 -9999.0 -9999.0 -9999.0 -9999.0 -9999.0 -9999.0 -9999.0
4.139095279552361 4.188025357775395 4.236955435998429 4.285885514221463 4.334815592444497 4.383745670667531 4.432675748890648 14.030305764249478 14.030305764249478 14.030305764249478 14.030305764249478 14.030305764249478 14.030305764249478 14.030305764249478 14.030305764249478 14.030305764249478 14.030305764249478 14.030305764249478 14.030305764249478 14.030305764249478 14.030305764249478 14.030305764249478 14.030305764249478 14.030305764249478 14.030305764249478 14.030305764249478 -9999.0 -9999.0 -9999.0 14.030305764249478 14.030305764249478 -9999.0 -9999.0 -9999.0 -9999.0 -9999.0 -9999.0 -9999.0 -9999.0 -9999.0 -9999.0 -9999.0 -9999.0 -9999.0
4.535574842262706 4.59110892643149 4.646643010600274 4.702177094769057 4.757711178937841 4.813245263106625 4.8687793472755025 14.030305764249478 14.030305764249478 14.030305764249478 14.030305764249478 14.030305764249478 14.030305764249478 14.030305764249478 14.030305764249478 14.030305764249478 14.030305764249478 14.030305764249478 14.030305764249478 14.030305764249478 14.030305764249478 14.030305764249478 14.030305764249478 14.030305764249478 14.030305764249478 14.030305764249478 -9999.0 -9999.0 -9999.0 14.030305764249478 14.030305764249478 -9999.0 -9999.0 -9999.0 -9999.0 -9999.0 -9999.0 -9999.0 -9999.0 -9999.0 -9999.0 -9999.0 -9999.0 -9999.0
4.932054404973051 4.994192495087584 5.056330585202118 5.1184686753166515 5.180606765431184 5.242744855545718 5.304882945660357 14.030305764249478 14.030305764249478 14.030305764249478 14.030305764249478 14.030305764249478 14.030305764249478 14.030305764249478 14.030305764249478 14.030305764249478 14.030305764249478 14.030305764249478 14.030305764249478 14.030305764249478 14.030305764249478 14.030305764249478 14.030305764249478 14.030305764249478 14.030305764249478 14.030305764249478 -9999.0 -9999.0 14.030305764249478 14.030305764249478 14.030305764249478 -9999.0 -9999.0 -9999.0 -9999.0 -9999.0 -9999.0 -9999.0 -9999.0 -9999.0 -9999.0 -9999.0 -9999.0 -9999.0
5.328533967683734 5.397276063744023 5.466018159804311 5.5347602558646 5.603502351924889 5.672244447985178 5.740986544045584 14.030305764249478 14.030305764249478 14.030305764249478 14.030305764249478 14.030305764249478 14.030305764249478 14.030305764249478 14.030305764249478 14.030305764249478 14.030305764249478 14.030305764249478 14.030305764249478 14.030305764249478 14.030305764249478 14.030305764249478 14.030305764249478 14.030305764249478 14.030305764249478 14.030305764249478 14.030305764249478 14.030305764249478 14.030305764249478 14.030305764249478 -9999.0 -9999.0 -9999.0 -9999.0 -9999.0 -9999.0 -9999.0 -9999.0 -9999.0 -9999.0 -9999.0 -9999.0 -9999.0 -9999.0
