Figures/CREST_Example_wjb_NSE/Rolling_result/20100722/BJP_forecast/ens_1/wjb.rain.20091006.asc
ncols            288
nrows            254
xllcorner        113.274861
yllcorner        31.4918055
cellsize         0.008333333333
NODATA_value     -9999
[rows 125 to 149 of 254, columns 112 to 167 of 288]
0.16717951668902795 0.16717951668902795 0.16717951668902795 0.16717951668902795 0.16717951668902795 0.16717951668902795 0.16717951668902795 0.16717951668902795 0.16717951668902795 0.16717951668902795 0.16717951668902795 0.1604460830906658 0.14651445670047375 0.1325828303102817 0.11865120392008965 0.10471957752989762 0.09078795113970557 0.07685632474951352 0.06292469835929773 0.048993071969105684 0.035061445578913636 0.021129819188721588 0.00719819279852954 0.0 0.0 0.0 0.0 0.0 0.0 0.0 0.0 0.0 0.0 0.0 0.0 0.0 0.0 0.0 0.0 0.0 0.0 0.0 0.0 0.0 0.0 0.0 0.0 0.0 0.0 0.0 0.0 0.0 0.0 0.0 0.0 0.0
0.15469259661838436 0.15469259661838436 0.15469259661838436 0.15469259661838436 0.15469259661838436 0.15469259661838436 0.15469259661838436 0.15469259661838436 0.15469259661838436 0.15469259661838436 0.15469259661838436 0.14846209453226084 0.13557104481458057 0.12267999509690031 0.10978894537922004 0.09689789566153979 0.08400684594385953 0.07111579622617926 0.05822474650847703 0.04533369679079677 0.032442647073116504 0.01955159735543624 0.006660547637755976 0.0 0.0 0.0 0.0 0.0 0.0 0.0 0.0 0.0 0.0 0.0 0.0 0.0 0.0 0.0 0.0 0.0 0.0 0.0 0.0 0.0 0.0 0.0 0.0 0.0 0.0 0.0 0.0 0.0 0.0 0.0 0.0 0.0
0.14220567654774074 0.14220567654774074 0.14220567654774074 0.14220567654774074 0.14220567654774074 0.14220567654774074 0.14220567654774074 0.14220567654774074 0.14220567654774074 0.14220567654774074 0.14220567654774074 0.13647810597385585 0.12462763292868737 0.11277715988351888 0.1009266868383504 0.08907621379318194 0.07722574074801346 0.06537526770284499 0.053524794657656305 0.041674321612487825 0.029823848567319358 0.017973375522150878 0.006122902476982411 0.0 0.0 0.0 0.0 0.0 0.0 0.0 0.0 0.0 0.0 0.0 0.0 0.0 0.0 0.0 0.0 0.0 0.0 0.0 0.0 0.0 0.0 0.0 0.0 0.0 0.0 0.0 0.0 0.0 0.0 0.0 0.0 0.0
0.12971875647709713 0.12971875647709713 0.12971875647709713 0.12971875647709713 0.12971875647709713 0.12971875647709713 0.12971875647709713 0.12971875647709713 0.12971875647709713 0.12971875647709713 0.12971875647709713 0.12449411741545084 0.11368422104279416 0.10287432467013746 0.09206442829748077 0.0812545319248241 0.0704446355521674 0.05963473917951072 0.04882484280683559 0.038014946434178895 0.027205050061522212 0.01639515368886553 0.005585257316208833 0.0 0.0 0.0 0.0 0.0 0.0 0.0 0.0 0.0 0.0 0.0 0.0 0.0 0.0 0.0 0.0 0.0 0.0 0.0 0.0 0.0 0.0 0.0 0.0 0.0 0.0 0.0 0.0 0.0 0.0 0.0 0.0 0.0
0.11723183640645354 0.11723183640645354 0.11723183640645354 0.11723183640645354 0.11723183640645354 0.11723183640645354 0.11723183640645354 0.11723183640645354 0.11723183640645354 0.11723183640645354 0.11723183640645354 0.11251012885704587 0.10274080915690097 0.09297148945675607 0.08320216975661116 0.07343285005646624 0.06366353035632134 0.053894210656176444 0.04412489095601488 0.034355571255869966 0.024586251555725067 0.014816931855580168 0.005047612155435255 0.0 0.0 0.0 0.0 0.0 0.0 0.0 0.0 0.0 0.0 0.0 0.0 0.0 0.0 0.0 0.0 0.0 0.0 0.0 0.0 0.0 0.0 0.0 0.0 0.0 0.0 0.0 0.0 0.0 0.0 0.0 0.0 0.0
0.10474491633580993 0.10474491633580993 0.10474491633580993 0.10474491633580993 0.10474491633580993 0.10474491633580993 0.10474491633580993 0.10474491633580993 0.10474491633580993 0.10474491633580993 0.10474491633580993 0.10052614029864088 0.09179739727100776 0.08306865424337463 0.07433991121574152 0.06561116818810839 0.05688242516047528 0.04815368213284216 0.03942493910519415 0.030696196077561036 0.021967453049927907 0.013238710022294792 0.004509966994661663 0.0 0.0 0.0 0.0 0.0 0.0 0.0 0.0 0.0 0.0 0.0 0.0 0.0 0.0 0.0 0.0 0.0 0.0 0.0 0.0 0.0 0.0 0.0 0.0 0.0 0.0 0.0 0.0 0.0 0.0 0.0 0.0 0.0
0.09225799626515568 0.09225799626515568 0.09225799626515568 0.09225799626515568 0.09225799626515568 0.09225799626515568 0.09225799626515568 0.09225799626515568 0.09225799626515568 0.09225799626515568 0.09225799626515568 0.08854215174022569 0.08085398538510523 0.07316581902998479 0.06547765267486434 0.05778948631974389 0.05010131996462344 0.042413153609503 0.03472498725436944 0.027036820899248998 0.01934865454412854 0.011660488189008097 0.003972321833887654 0.0 0.0 0.0 0.0 0.0 0.0 0.0 0.0 0.0 0.0 0.0 0.0 0.0 0.0 0.0 0.0 0.0 0.0 0.0 0.0 0.0 0.0 0.0 0.0 0.0 0.0 0.0 0.0 0.0 0.0 0.0 0.0 0.0
0.07977107619451208 0.07977107619451208 0.07977107619451208 0.07977107619451208 0.07977107619451208 0.07977107619451208 0.07977107619451208 0.07977107619451208 0.07977107619451208 0.07977107619451208 0.07977107619451208 0.0765581631818207 0.06991057349921204 0.06326298381660338 0.056615394133994704 0.049967804451386044 0.043320214768777385 0.03667262508616872 0.03002503540354872 0.023377445720940054 0.016729856038331395 0.010082266355722735 0.003434676673114062 0.0 0.0 0.0 0.0 0.0 0.0 0.0 0.0 0.0 0.0 0.0 0.0 0.0 0.0 0.0 0.0 0.0 0.0 0.0 0.0 0.0 0.0 0.0 0.0 0.0 0.0 0.0 0.0 0.0 0.0 0.0 0.0 0.0
0.07189178921088463 0.07189178921088463 0.07189178921088463 0.07189178921088463 0.07189178921088463 0.07189178921088463 0.07189178921088463 0.07189178921088463 0.07189178921088463 0.07189178921088463 0.07189178921088463 0.06919048389673274 0.06360142211230249 0.05801236032787224 0.05242329854344199 0.04683423675901175 0.04124517497458151 0.03565611319015126 0.030067051405711483 0.02447798962128124 0.01888892783685099 0.013299866052420749 0.0077108042679905064 0.004628791508845362 0.004226870859276102 0.0038249502097068436 0.003423029560137584 0.0030211089105683254 0.0026191882609990663 0.002217267611429807 0.001815346961860548 0.0014134263122906037 0.0010115056627213446 0.0006095850131520855 0.0002076643635828268 0.0 0.0 0.0 0.0 0.0 0.0 0.0 0.0 0.0 0.0 0.0 0.0 0.0 0.0 0.0 0.0 0.0 0.0 0.0 0.0 0.0
0.0689377715296231 0.0689377715296231 0.0689377715296231 0.0689377715296231 0.0689377715296231 0.0689377715296231 0.0689377715296231 0.0689377715296231 0.0689377715296231 0.0689377715296231 0.0689377715296231 0.06675734821021491 0.062246003052545844 0.05773465789487678 0.053223312737207706 0.048711967579538634 0.04420062242186956 0.0396892772642005 0.035177932106523736 0.030666586948854664 0.0261552417911856 0.021643896633516527 0.017132551475847455 0.014205469339153835 0.01297200020291851 0.011738531066683183 0.010505061930447855 0.009271592794212528 0.008038123657977202 0.006804654521741876 0.005571185385506548 0.004337716249269119 0.0031042471130337916 0.0018707779767984656 0.0006373088405631378 0.0 0.0 0.0 0.0 0.0 0.0 0.0 0.0 0.0 0.0 0.0 0.0 0.0 0.0 0.0 0.0 0.0 0.0 0.0 0.0 0.0
0.06598375384836158 0.06598375384836158 0.06598375384836158 0.06598375384836158 0.06598375384836158 0.06598375384836158 0.06598375384836158 0.06598375384836158 0.06598375384836158 0.06598375384836158 0.06598375384836158 0.06432421252369709 0.060890583992789196 0.0574569554618813 0.054023326930973406 0.05058969840006551 0.047156069869157616 0.04372244133824972 0.040288812807335976 0.03685518427642808 0.033421555745520186 0.02998792721461229 0.026554298683704396 0.0237821471694623 0.021717129546560902 0.01965211192365951 0.017587094300758117 0.015522076677856725 0.01345705905495533 0.011392041432053938 0.009327023809152544 0.00726200618624763 0.005196988563346237 0.003131970940444845 0.0010669533175434488 0.0 0.0 0.0 0.0 0.0 0.0 0.0 0.0 0.0 0.0 0.0 0.0 0.0 0.0 0.0 0.0 0.0 0.0 0.0 0.0 0.0
0.06302973616710006 0.06302973616710006 0.06302973616710006 0.06302973616710006 0.06302973616710006 0.06302973616710006 0.06302973616710006 0.06302973616710006 0.06302973616710006 0.06302973616710006 0.06302973616710006 0.061891076837179274 0.059535164933032556 0.05717925302888584 0.05482334112473912 0.0524674292205924 0.05011151731644568 0.047755605412298965 0.04539969350814822 0.043043781604001505 0.04068786969985479 0.03833195779570807 0.03597604589156135 0.03335882499977077 0.03046225889020331 0.02756569278063585 0.024669126671068388 0.021772560561500925 0.018875994451933466 0.015979428342366007 0.013082862232798545 0.010186296123226145 0.007289730013658683 0.004393163904091224 0.0014965977945237616 0.0 0.0 0.0 0.0 0.0 0.0 0.0 0.0 0.0 0.0 0.0 0.0 0.0 0.0 0.0 0.0 0.0 0.0 0.0 0.0 0.0
0.060075718485836024 0.060075718485836024 0.060075718485836024 0.060075718485836024 0.060075718485836024 0.060075718485836024 0.060075718485836024 0.060075718485836024 0.060075718485836024 0.060075718485836024 0.060075718485836024 0.05945794115065938 0.058179745873274756 0.05690155059589013 0.055623355318505506 0.05434516004112088 0.053066964763736256 0.05178876948635163 0.05051057420896483 0.0492323789315802 0.04795418365419558 0.04667598837681095 0.04539779309942633 0.042935502830087395 0.03920738823385316 0.03547927363761892 0.03175115904138469 0.02802304444515045 0.024294929848916215 0.020566815252681978 0.01683870065644774 0.013110586060207145 0.009382471463972912 0.005654356867738672 0.0019262422715044386 0.0 0.0 0.0 0.0 0.0 0.0 0.0 0.0 0.0 0.0 0.0 0.0 0.0 0.0 0.0 0.0 0.0 0.0 0.0 0.0 0.0
0.0571217008045745 0.0571217008045745 0.0571217008045745 0.0571217008045745 0.0571217008045745 0.0571217008045745 0.0571217008045745 0.0571217008045745 0.0571217008045745 0.0571217008045745 0.0571217008045745 0.057024805464141556 0.05682432681351811 0.05662384816289466 0.05642336951227121 0.056222890861647765 0.05602241221102432 0.05582193356040087 0.05562145490977708 0.05542097625915363 0.05522049760853018 0.05502001895790673 0.05481954030728328 0.05251218066039587 0.047952517577495565 0.04339285449459526 0.03883319141169496 0.034273528328794656 0.02971386524589435 0.025154202162994046 0.02059453908009374 0.016034875997185664 0.011475212914285354 0.006915549831385051 0.002355886748484748 0.0 0.0 0.0 0.0 0.0 0.0 0.0 0.0 0.0 0.0 0.0 0.0 0.0 0.0 0.0 0.0 0.0 0.0 0.0 0.0 0.0
0.05416768312331298 0.05416768312331298 0.05416768312331298 0.05416768312331298 0.05416768312331298 0.05416768312331298 0.05416768312331298 0.05416768312331298 0.05416768312331298 0.05416768312331298 0.05416768312331298 0.05459166977762374 0.05546890775376147 0.05634614572989919 0.05722338370603692 0.05810062168217465 0.05897785965831238 0.059855097634450107 0.06073233561058933 0.06160957358672706 0.062486811562864786 0.06336404953900251 0.06424128751514024 0.06208885849070434 0.056697646921137976 0.0513064353515716 0.04591522378200523 0.040524012212438856 0.03513280064287248 0.029741589073306117 0.024350377503739744 0.018959165934164177 0.013567954364597803 0.008176742795031437 0.002785531225465064 0.0 0.0 0.0 0.0 0.0 0.0 0.0 0.0 0.0 0.0 0.0 0.0 0.0 0.0 0.0 0.0 0.0 0.0 0.0 0.0 0.0
0.051213665442051456 0.051213665442051456 0.051213665442051456 0.051213665442051456 0.051213665442051456 0.051213665442051456 0.051213665442051456 0.051213665442051456 0.051213665442051456 0.051213665442051456 0.051213665442051456 0.052158534091105914 0.05411348869400482 0.05606844329690372 0.058023397899802626 0.05997835250270153 0.06193330710560043 0.06388826170849933 0.06584321631140157 0.06779817091430047 0.06975312551719938 0.07170808012009827 0.07366303472299718 0.0716655363210128 0.06544277626478037 0.05922001620854793 0.05299725615231549 0.04677449609608306 0.040551736039850614 0.03432897598361818 0.02810621592738574 0.02188345587114269 0.015660695814910253 0.00943793575867781 0.0032151757024453803 0.0 0.0 0.0 0.0 0.0 0.0 0.0 0.0 0.0 0.0 0.0 0.0 0.0 0.0 0.0 0.0 0.0 0.0 0.0 0.0 0.0
0.04825964776078994 0.04825964776078994 0.04825964776078994 0.04825964776078994 0.04825964776078994 0.04825964776078994 0.04825964776078994 0.04825964776078994 0.04825964776078994 0.04825964776078994 0.04825964776078994 0.0497253984045881 0.05275806963424818 0.055790740863908256 0.05882341209356833 0.06185608332322841 0.06488875455288849 0.06792142578254856 0.07095409701221381 0.07398676824187389 0.07701943947153397 0.08005211070119406 0.08308478193085413 0.08124221415132127 0.07418790560842276 0.06713359706552426 0.06007928852262576 0.05302497997972725 0.045970671436828744 0.03891636289393024 0.03186205435103173 0.0248077458081212 0.017753437265222702 0.010699128722324189 0.0036448201794256896 0.0 0.0 0.0 0.0 0.0 0.0 0.0 0.0 0.0 0.0 0.0 0.0 0.0 0.0 0.0 0.0 0.0 0.0 0.0 0.0 0.0
0.04530563007952842 0.04530563007952842 0.04530563007952842 0.04530563007952842 0.04530563007952842 0.04530563007952842 0.04530563007952842 0.04530563007952842 0.04530563007952842 0.04530563007952842 0.04530563007952842 0.04729226271807028 0.05140265057449153 0.055513038430912785 0.05962342628733404 0.0637338141437553 0.06784420200017655 0.0719545898565978 0.07606497771302606 0.08017536556944732 0.08428575342586858 0.08839614128228983 0.09250652913871107 0.09081889198162973 0.08293303495206517 0.0750471779225006 0.06716132089293603 0.05927546386337145 0.051389606833806875 0.043503749804242306 0.03561789277467773 0.027732035745099706 0.019846178715535137 0.011960321685970568 0.004074464656405985 0.0 0.0 0.0 0.0 0.0 0.0 0.0 0.0 0.0 0.0 0.0 0.0 0.0 0.0 0.0 0.0 0.0 0.0 0.0 0.0 0.0
0.042351612398266895 0.042351612398266895 0.042351612398266895 0.042351612398266895 0.042351612398266895 0.042351612398266895 0.042351612398266895 0.042351612398266895 0.042351612398266895 0.042351612398266895 0.042351612398266895 0.044859127031552454 0.05004723151473489 0.055235335997917315 0.06042344048109975 0.06561154496428218 0.07079964944746461 0.07598775393064704 0.08117585841383831 0.08636396289702075 0.09155206738020318 0.0967401718633856 0.10192827634656804 0.10039556981193822 0.09167816429570758 0.08296075877947694 0.0742433532632463 0.06552594774701564 0.05680854223078501 0.048091136714554374 0.03937373119832373 0.030656325682078225 0.021938920165847586 0.013221514649616947 0.004504109133386308 0.0 0.0 0.0 0.0 0.0 0.0 0.0 0.0 0.0 0.0 0.0 0.0 0.0 0.0 0.0 0.0 0.0 0.0 0.0 0.0 0.0
0.039397594717002854 0.039397594717002854 0.039397594717002854 0.039397594717002854 0.039397594717002854 0.039397594717002854 0.039397594717002854 0.039397594717002854 0.039397594717002854 0.039397594717002854 0.039397594717002854 0.04242599134503256 0.048691812454977085 0.054957633564921615 0.06122345467486614 0.06748927578481066 0.07375509689475518 0.08002091800469971 0.08628673911465493 0.09255256022459946 0.09881838133454399 0.1050842024444885 0.11135002355443303 0.10997224764225486 0.10042329363935744 0.09087433963646002 0.0813253856335626 0.07177643163066519 0.06222747762776777 0.052678523624870355 0.04312956962197294 0.03358061561905924 0.024031661616161826 0.014482707613264409 0.004933753610366992 0.0 0.0 0.0 0.0 0.0 0.0 0.0 0.0 0.0 0.0 0.0 0.0 0.0 0.0 0.0 0.0 0.0 0.0 0.0 0.0 0.0
0.03634597619760203 0.03634597619760203 0.03634597619760203 0.03634597619760203 0.03634597619760203 0.03634597619760203 0.03634597619760203 0.03634597619760203 0.03634597619760203 0.03634597619760203 0.03634597619760203 0.03964727437834006 0.04647773497244916 0.05330819556655826 0.06013865616066737 0.06696911675477647 0.07379957734888558 0.08063003794299468 0.08746049853711543 0.09429095913122454 0.10112141972533364 0.10795188031944275 0.11478234091355186 0.11354631040118594 0.10368701845739708 0.09382772651360821 0.08396843456981935 0.0741091426260305 0.06424985068224162 0.05439055873845276 0.04453126679466389 0.03467197485085821 0.024812682907069353 0.014953390963280494 0.005094099019491621 0.0 0.0 0.0 0.0 0.0 0.0 0.0 0.0 0.0 0.0 0.0 0.0 0.0 0.0 0.0 0.0 0.0 0.0 0.0 0.0 0.0
0.03319002853483877 0.03319002853483877 0.03319002853483877 0.03319002853483877 0.03319002853483877 0.03319002853483877 0.03319002853483877 0.03319002853483877 0.03319002853483877 0.03319002853483877 0.03319002853483877 0.036499152808059446 0.04334580576450059 0.050192458720941725 0.05703911167738286 0.063885764633824 0.07073241759026513 0.07757907054670628 0.08442572350315909 0.09127237645960024 0.09811902941604136 0.10496568237248251 0.11181233532892365 0.11070395604454508 0.10109146737697725 0.09147897870940941 0.08186649004184157 0.07225400137427374 0.0626415127067059 0.05302902403913807 0.04341653537157024 0.03380404670398601 0.024191558036418176 0.01457906936885034 0.0049665807012825025 0.0 0.0 0.0 0.0 0.0 0.0 0.0 0.0 0.0 0.0 0.0 0.0 0.0 0.0 0.0 0.0 0.0 0.0 0.0 0.0 0.0
0.030034080872075507 0.030034080872075507 0.030034080872075507 0.030034080872075507 0.030034080872075507 0.030034080872075507 0.030034080872075507 0.030034080872075507 0.030034080872075507 0.030034080872075507 0.030034080872075507 0.033351031237778835 0.04021387655655201 0.04707672187532519 0.053939567194098356 0.06080241251287154 0.0676652578316447 0.07452810315041788 0.08139094846920275 0.08825379378797593 0.09511663910674911 0.1019794844255223 0.10884232974429545 0.10786160168790422 0.0984959162965574 0.0891302309052106 0.0797645455138638 0.07039886012251699 0.06103317473117018 0.051667489339823375 0.04230180394847656 0.032936118557113786 0.02357043316576697 0.01420474777442017 0.004839062383073356 0.0 0.0 0.0 0.0 0.0 0.0 0.0 0.0 0.0 0.0 0.0 0.0 0.0 0.0 0.0 0.0 0.0 0.0 0.0 0.0 0.0
0.026878133209312247 0.026878133209312247 0.026878133209312247 0.026878133209312247 0.026878133209312247 0.026878133209312247 0.026878133209312247 0.026878133209312247 0.026878133209312247 0.026878133209312247 0.026878133209312247 0.03020290966749823 0.03708194734860344 0.043960985029708646 0.050840022710813865 0.05771906039191907 0.06459809807302429 0.0714771357541295 0.07835617343524644 0.08523521111635166 0.09211424879745686 0.09899328647856208 0.10587232415966728 0.10501924733126337 0.0959003652161376 0.0867814831010118 0.07766260098588602 0.06854371887076025 0.05942483675563446 0.050305954640508674 0.041187072525382895 0.03206819041024156 0.02294930829511578 0.013830426179989988 0.004711544064864209 0.0 0.0 0.0 0.0 0.0 0.0 0.0 0.0 0.0 0.0 0.0 0.0 0.0 0.0 0.0 0.0 0.0 0.0 0.0 0.0 0.0
0.023722185546548986 0.023722185546548986 0.023722185546548986 0.023722185546548986 0.023722185546548986 0.023722185546548986 0.023722185546548986 0.023722185546548986 0.023722185546548986 0.023722185546548986 0.023722185546548986 0.02705478809721762 0.03395001814065487 0.04084524818409212 0.04774047822752936 0.0546357082709666 0.06153093831440385 0.0684261683578411 0.0753213984012901 0.08221662844472735 0.08911185848816461 0.09600708853160184 0.10290231857503909 0.10217689297462251 0.09330481413571776 0.084432735296813 0.07556065645790824 0.0666885776190035 0.05781649878009874 0.04894441994119399 0.04007234110228923 0.031200262263369347 0.022328183424464604 0.013456104585559847 0.0045840257466550904 0.0 0.0 0.0 0.0 0.0 0.0 0.0 0.0 0.0 0.0 0.0 0.0 0.0 0.0 0.0 0.0 0.0 0.0 0.0 0.0 0.0
