Figures/CREST_Example_wjb_NSE/Rolling_result/20100722/BJP_forecast/ens_1/wjb.rain.20100723.asc
ncols            288
nrows            254
xllcorner        113.274861
yllcorner        31.4918055
cellsize         0.008333333333
NODATA_value     -9999
[rows 95 to 113 of 254, columns 132 to 175 of 288]
0.15911381324237397 0.164539114362762 0.16996441548315 0.17173858839373116 0.16960962267101792 0.16748065694830472 0.16535169122559149 0.16322272550287825 0.16109375978016502 0.15896479405745179 0.15683582833473858 0.1547068626120217 0.15257789688930848 0.15044893116659525 0.14831996544388204 0.14333831243459189 0.13530707219130514 0.1272758319480184 0.11924459170473167 0.11121335146144493 0.10318211121815818 0.09515087097487145 0.08711963073158471 0.07908839048829797 0.07105715024499752 0.06302591000171079 0.05499466975842404 0.054651548179985486 0.06252719936682083 0.07040285055365618 0.07827850174049153 0.08615415292732688 0.09402980411416223 0.10190545530099757 0.10978110648783293 0.11765675767466827 0.12553240886150363 0.1334080600483524 0.14128371123518774 0.14567545368866328 0.1463428188896783 0.14701018409069333 0.14767754929170834 0.14834491449272338
0.1717920424872385 0.17872805321942575 0.185664063951613 0.18637710880254915 0.180437662382556 0.17449821596256287 0.16855876954256976 0.16261932312257663 0.1566798767025835 0.15074043028259035 0.1448009838625972 0.13886153744259394 0.13292209102260083 0.1269826446026077 0.12104319818261455 0.11392040957187961 0.10553260139334408 0.09714479321480854 0.08875698503627302 0.08036917685773748 0.07198136867920195 0.06359356050066642 0.05520575232213089 0.04681794414359536 0.03843013596504552 0.03004232778650999 0.02165451960797446 0.022411517805154692 0.03294452088218684 0.04347752395921899 0.054010527036251144 0.06454353011328329 0.07507653319031544 0.0856095362673476 0.09614253934437975 0.10667554242141189 0.11720854549844406 0.12774154857549416 0.1382745516525263 0.1441334889849592 0.14499574429498374 0.14585799960500828 0.14672025491503282 0.1475825102250574
0.17115904255501663 0.17856476737508042 0.18597049219514428 0.18612865666197764 0.17853901519423865 0.17094937372649963 0.16335973225876063 0.15577009079102164 0.14818044932328261 0.14059080785554362 0.13300116638780463 0.1254115249200527 0.11782188345231367 0.11023224198457468 0.10264260051683567 0.09474502432539367 0.08651825894916873 0.0782914935729438 0.07006472819671884 0.061837962820493905 0.05361119744426896 0.04538443206804402 0.03715766669181908 0.02893090131559413 0.02070413593935516 0.012477370563130225 0.0042506051869052736 0.0057515087541112975 0.017651510470962004 0.02955151218781271 0.041451513904663416 0.05335151562151412 0.06525151733836483 0.07715151905521553 0.08905152077206624 0.10095152248891694 0.11285152420576765 0.12475152592263865 0.13665152763948935 0.14330073745552757 0.14433673194088442 0.1453727264262413 0.14640872091159815 0.14744471539695503
0.1562971778614921 0.1630598581856866 0.1698225385098811 0.16996696944052317 0.16303634208551876 0.15610571473051438 0.14917508737551 0.14224446002050561 0.1353138326655012 0.12838320531049682 0.12145257795549244 0.11452195060047622 0.10759132324547184 0.10066069589046744 0.09373006853546305 0.08651824465375535 0.07900581532464591 0.0714933859955365 0.06398095666642707 0.05646852733731765 0.04895609800820822 0.0414436686790988 0.03393123934998937 0.02641881002087995 0.01890638069175772 0.011393951362648286 0.0038815220335388645 0.005745560229333243 0.01763325431385687 0.029520948398380494 0.04140864248290412 0.05329633656742774 0.06518403065195137 0.077071724736475 0.08895941882099861 0.10084711290552224 0.11273480699004587 0.12462250107458978 0.1365101951591134 0.14322609009584594 0.1444132147419308 0.14560033938801567 0.14678746403410053 0.14797458868018537
0.14143531316798022 0.14755494899630595 0.1536745848246317 0.15380528221908246 0.1475336689768121 0.14126205573454179 0.13499044249227143 0.1287188292500011 0.12244721600773076 0.11617560276546042 0.10990398952319008 0.10363237628090904 0.0973607630386387 0.09108914979636837 0.08481753655409803 0.07829146498212403 0.07149337170012951 0.064695278418135 0.057897185136140485 0.05109909185414597 0.04430099857215146 0.03750290529015694 0.030704812008162434 0.023906718726167918 0.017108625444161807 0.010310532162167305 0.0035124388801727885 0.005739611704555192 0.017614998156751747 0.029490384608948303 0.041365771061144856 0.05324115751334141 0.06511654396553797 0.07699193041773451 0.08886731686993107 0.10074270332212763 0.11261808977432418 0.12449347622654099 0.13636886267873755 0.14315144273616437 0.1444896975429771 0.14582795234978982 0.14716620715660256 0.14850446196341527
0.12657344847446836 0.13205003980692534 0.1375266311393823 0.13764359499764175 0.13203099586810546 0.12641839673856917 0.12080579760903289 0.11519319847949659 0.10958059934996031 0.10396800022042402 0.09835540109088772 0.09274280196134185 0.08713020283180557 0.08151760370226929 0.075905004572733 0.07006468531049269 0.06398092807561309 0.05789717084073348 0.051813413605853884 0.04572965637097428 0.039645899136094676 0.03356214190121508 0.027478384666335474 0.02139462743145587 0.015310870196565893 0.009227112961686296 0.0031433557268066986 0.00573366317977714 0.01759674199964662 0.029459820819516105 0.04132289963938559 0.053185978459255066 0.06504905727912455 0.07691213609899403 0.08877521491886352 0.100638293738733 0.11250137255860249 0.1243644513784922 0.13622753019836167 0.1430767953764828 0.14456618034402338 0.146055565311564 0.14754495027910458 0.1490343352466452
0.11171158378095647 0.11654513061754469 0.1213786774541329 0.12148190777620103 0.1165283227593988 0.11157473774259656 0.10662115272579432 0.10166756770899207 0.09671398269218984 0.0917603976753876 0.08680681265858536 0.08185322764177469 0.07689964262497244 0.0719460576081702 0.06699247259136797 0.061837905638861365 0.05646848445109667 0.05109906326333198 0.04572964207556729 0.0403602208878026 0.034990799700037906 0.02962137851227322 0.02425195732450853 0.018882536136743837 0.013513114948969993 0.0081436937612053 0.0027742725734406087 0.00572771465499909 0.0175784858425415 0.02942925703008391 0.04128002821762632 0.05313079940516874 0.06498157059271115 0.07683234178025355 0.08868311296779596 0.10053388415533838 0.1123846553428808 0.12423542653044341 0.13608619771798583 0.14300214801680122 0.14464266314506968 0.14628317827333814 0.1479236934016066 0.1495642085298751
0.09684971908744461 0.10104022142816407 0.10523072376888351 0.10532022055476033 0.10102564965069215 0.09673107874662396 0.09243650784255578 0.08814193693848758 0.08384736603441939 0.07955279513035121 0.07525822422628302 0.0709636533222075 0.06666908241813932 0.062374511514071126 0.05807994061000294 0.05361112596723004 0.04895604082658026 0.04430095568593048 0.039645870545280695 0.03499078540463092 0.03033570026398114 0.02568061512333136 0.021025529982681576 0.016370444842031796 0.011715359701374078 0.007060274560724299 0.002405189420074519 0.005721766130221039 0.01756022968543638 0.02939869324065172 0.041237156795867064 0.0530756203510824 0.06491408390629774 0.07675254746151308 0.08859101101672842 0.10042947457194376 0.1122679381271591 0.12410640168239463 0.13594486523760999 0.14292750065711965 0.14471914594611598 0.14651079123511232 0.14830243652410866 0.150094081813105
0.08198785439393275 0.08553531223878344 0.08908277008363412 0.08915853333331963 0.08552297654198548 0.08188741975065135 0.07825186295931721 0.07461630616798308 0.07098074937664894 0.0673451925853148 0.06370963579398067 0.06007407900264033 0.05643852221130619 0.05280296541997205 0.049167408628637915 0.04538434629559872 0.04144359720206385 0.03750284810852898 0.03356209901499411 0.02962134992145924 0.02568060082792437 0.0217398517343895 0.01779910264085463 0.013858353547319763 0.009917604453778171 0.005976855360243304 0.002036106266708436 0.005715817605442989 0.01754197352833126 0.029368129451219527 0.0411942853741078 0.05302044129699607 0.06484659721988434 0.07667275314277261 0.08849890906566088 0.10032506498854915 0.11215122091143742 0.12397737683434586 0.1358035327572341 0.14285285329743808 0.14479562874716229 0.1467384041968865 0.14868117964661068 0.1506239550963349
0.06712598970042086 0.07003040304940278 0.0729348163983847 0.07299684611187891 0.07002030343327882 0.06704376075467874 0.06406721807607865 0.06109067539747857 0.05811413271887848 0.0551375900402784 0.052161047361678314 0.04918450468307315 0.046207962004473066 0.043231419325872975 0.04025487664727289 0.037157566623967395 0.03393115357754744 0.030704740531127477 0.02747832748470752 0.02425191443828756 0.021025501391867603 0.017799088345447644 0.014572675299027685 0.011346262252607726 0.008119849206182264 0.0048934361597623086 0.001667023113342346 0.0057098690806649385 0.017523717371226138 0.029337565661787336 0.04115141395234854 0.05296526224290973 0.06477911053347093 0.07659295882403214 0.08840680711459332 0.10022065540515453 0.11203450369571573 0.12384835198629708 0.13566220027685827 0.1427782059377565 0.14487211154820856 0.14696601715866064 0.14905992276911273 0.1511538283795648
0.052264125006896325 0.05452549386000893 0.05678686271312154 0.05683515889042443 0.054517630324558954 0.05220010175869348 0.049882573192828 0.04756504462696253 0.04524751606109706 0.04292998749523158 0.04061245892936611 0.03829493036349668 0.0359774017976312 0.03365987323176573 0.03134234466590026 0.028930786952329056 0.026418709953024616 0.023906632953720176 0.021394555954415737 0.018882478955111297 0.01637040195580686 0.01385832495650242 0.011346247957197981 0.008834170957893545 0.00632209395858482 0.0038100169592803802 0.001297939959975944 0.005703920555886881 0.017505461214120995 0.02930700187235511 0.04110854253058923 0.05291008318882334 0.06471162384705746 0.07651316450529157 0.08831470516352569 0.1001162458217598 0.11191778647999392 0.12371932713824817 0.13552086779648229 0.14270355857807485 0.14494859434925492 0.147193630120435 0.14943866589161506 0.15168370166279513
0.03740226031338446 0.0390205846706283 0.04063890902787215 0.04067347166898372 0.0390149572158523 0.037356442762720876 0.03569792830958945 0.03403941385645803 0.0323808994033266 0.030722384950195178 0.029063870497063757 0.027405356043929505 0.02574684159079808 0.02408832713766666 0.022429812684535234 0.020704007280697732 0.018906266328508205 0.017108525376318677 0.015310784424129146 0.013513043471939618 0.01171530251975009 0.009917561567560563 0.008119820615371035 0.006322079663181506 0.004524338710988913 0.002726597758799385 0.0009288568066098575 0.005697972031108831 0.017487205057015877 0.02927643808292292 0.041065671108829964 0.05285490413473701 0.06464413716064406 0.0764333701865511 0.08822260321245814 0.10001183623836518 0.11180106926427223 0.12359030229019938 0.13537953531610641 0.14262891121839327 0.14502507715030122 0.14742124308220916 0.1498174090141171 0.15221357494602503
0.02254039561987259 0.023515675481247666 0.024490955342622748 0.024511784447543015 0.02351228410714564 0.022512783766748267 0.021513283426350893 0.020513783085953523 0.01951428274555615 0.018514782405158775 0.017515282064761405 0.016515781724362327 0.015516281383964953 0.01451678104356758 0.013517280703170207 0.012477227609066405 0.011393822703991788 0.01031041779891717 0.009227012893842554 0.008143607988767936 0.00706020308369332 0.0059767981786187025 0.004893393273544086 0.0038099883684694687 0.002726583463393004 0.0016431785583183867 0.0005597736532437694 0.00569202350633078 0.017468948899910755 0.029245874293490726 0.041022799687070705 0.05279972508065067 0.06457665047423065 0.07635357586781062 0.0881305012613906 0.09990742665497057 0.11168435204855054 0.1234612774421506 0.13523820283573057 0.1425542638587117 0.1451015599513475 0.1476488560439833 0.15019615213661913 0.15274344822925495
0.007678530926360718 0.008010766291867035 0.008343001657373353 0.008350097226102308 0.008009610998438986 0.007669124770775663 0.007328638543112341 0.0069881523154490185 0.006647666087785696 0.006307179860122374 0.005966693632459052 0.005626207404795148 0.005285721177131827 0.0049452349494685036 0.004604748721805181 0.004250447937435083 0.003881379079475376 0.0035123102215156693 0.003143241363555963 0.002774172505596256 0.0024051036476365494 0.002036034789676843 0.0016669659317171365 0.00129789707375743 0.0009288282157970942 0.0005597593578373873 0.00019069049987768122 0.00568607498155273 0.017450692742805633 0.029215310504058536 0.04097992826531144 0.052744546026564344 0.06450916378781725 0.07627378154907015 0.08803839931032305 0.09980301707157596 0.11156763483282886 0.12333225259410183 0.13509687035535473 0.14247961649903013 0.1451780427523938 0.1478764690057575 0.15057489525912116 0.15327332151248485
0.008058148679197474 0.00844352562284546 0.008828902566493445 0.008664400614825422 0.007912065687537329 0.007159730760249235 0.006407395832961141 0.005655060905673047 0.004902725978384953 0.004150391051096859 0.0033980561238087653 0.0026457211965193886 0.0018933862692312948 0.0011410513419432 0.00038871641465510615 0.0 0.0 0.0 0.0 0.0 0.0 0.0 0.0 0.0 0.0 0.0 0.0 0.005454099780583761 0.016738755603532347 0.028023411426480932 0.03930806724942952 0.0505927230723781 0.06187737889532669 0.07316203471827527 0.08444669054122386 0.09573134636417245 0.10701600218712103 0.11830065801008886 0.12958531383303745 0.13670376106619128 0.13936843706467977 0.14203311306316824 0.14469778906165673 0.14736246506014522
0.02472995027333804 0.025912647817441292 0.02709534536154454 0.02659049924284244 0.024281630781683335 0.02197276232052423 0.019663893859365122 0.01735502539820602 0.015046156937046912 0.012737288475887806 0.010428420014728698 0.008119551553565658 0.005810683092406552 0.0035018146312474456 0.0011929461700883395 0.0 0.0 0.0 0.0 0.0 0.0 0.0 0.0 0.0 0.0 0.0 0.0 0.004980516312538157 0.015285317227192232 0.025590118141846304 0.03589491905650038 0.046199719971154456 0.056504520885808526 0.0668093218004626 0.07711412271511668 0.08741892362977075 0.09772372454442482 0.10802852545909647 0.11833332637375055 0.12483367363378363 0.12726697386883734 0.12970027410389104 0.13213357433894474 0.13456687457399846
0.04140175186749283 0.04338177001205202 0.04536178815661122 0.04451659787087475 0.0406511958758433 0.03678579388081186 0.032920391885780415 0.029054989890748967 0.025189587895717524 0.021324185900686077 0.017458783905654633 0.013593381910616598 0.009727979915585147 0.0058625779205537035 0.00199717592552226 0.0 0.0 0.0 0.0 0.0 0.0 0.0 0.0 0.0 0.0 0.0 0.0 0.004506932844492149 0.013831878850850878 0.023156824857209605 0.032481770863568335 0.04180671686992706 0.05113166287628579 0.06045660888264452 0.06978155488900324 0.07910650089536198 0.08843144690172071 0.09775639290809533 0.10708133891445407 0.11296358620136587 0.1151655106729846 0.11736743514460332 0.11956935961622205 0.12177128408784077
0.05807355346163339 0.060850892206647855 0.06362823095166231 0.06244269649889177 0.057020760969989315 0.051598825441086855 0.046176889912184396 0.04075495438328194 0.03533301885437948 0.029911083325477025 0.024489147796574566 0.019067212267662864 0.013645276738760405 0.008223341209857946 0.0028014056809554863 0.0 0.0 0.0 0.0 0.0 0.0 0.0 0.0 0.0 0.0 0.0 0.0 0.004033349376446544 0.012378440474510762 0.020723531572574977 0.029068622670639196 0.037413713768703415 0.04575880486676763 0.054103895964831845 0.06244898706289606 0.07079407816096028 0.07913916925902449 0.08748426035710294 0.09582935145516716 0.10109349876895825 0.10306404747714219 0.10503459618532612 0.10700514489351007 0.108975693601694
0.07474535505577395 0.07832001440124367 0.08189467374671341 0.08036879512690878 0.07339032606413531 0.06641185700136185 0.05943338793858838 0.05245491887581491 0.04547644981304144 0.038497980750267974 0.0315195116874945 0.02454104262470913 0.017562573561935663 0.010584104499162195 0.0036056354363887266 0.0 0.0 0.0 0.0 0.0 0.0 0.0 0.0 0.0 0.0 0.0 0.0 0.0035597659084009407 0.010925002098170647 0.018290238287940352 0.02565547447771006 0.03302071066747977 0.04038594685724947 0.047751183047019176 0.05511641923678889 0.06248165542655859 0.0698468916163283 0.07721212780611056 0.08457736399588027 0.08922341133655062 0.09096258428129977 0.09270175722604893 0.09444093017079808 0.09618010311554723
