Figures/CREST_Example_wjb_NSE/Rolling_result/20100722/BJP_forecast/ens_1/wjb.rain.20100728.asc
ncols            288
nrows            254
xllcorner        113.274861
yllcorner        31.4918055
cellsize         0.008333333333
NODATA_value     -9999
[rows 168 to 191 of 254, columns 108 to 161 of 288]
3.2929699861274813 3.107236873709483 2.9215037612914836 2.8683977159382614 2.9570730043383717 3.0457482927384825 3.1344235811385928 3.2230988695387035 3.311774157938814 3.4004494463390755 3.4891247347391863 3.5778000231392966 3.666475311539407 3.7551505999395176 3.8438258883396283 3.8940649534583067 3.9032148266620514 3.9123646998657957 3.9215145730695404 3.930664446273285 3.93981431947703 3.9489641926807746 3.9581140658845344 3.967263939088279 3.976413812292024 3.9855636854957686 3.9947135586995133 4.182256504634241 4.560505680007354 4.938754855380467 5.31700403075358 5.695253206126694 6.073502381499806 6.451751556872919 6.830000732246033 7.20824990761979 7.586499082992903 7.964748258366017 8.34299743373913 8.545519338768537 8.560184817043128 8.574850295317717 8.589515773592307 8.604181251866898 8.618846730141488 8.633512208416077 8.648177686690667 8.662843164965258 8.677508643239873 8.692174121514462 8.706839599789053 8.441605186883821 7.877151458705795 7.312697730527769
3.2464970036308367 3.0685413849393104 2.890585766247784 2.8440589327850705 2.9380324426966133 3.0320059526081558 3.125979462519698 3.2199529724312406 3.313926482342783 3.4078999922544857 3.501873502166028 3.5958470120775705 3.689820521989113 3.7837940319006553 3.8777675418121977 3.9307645087328313 3.939956624520305 3.9491487403077783 3.9583408560952518 3.9675329718827252 3.976725087670199 3.9859172034576726 3.9951093192451617 4.004301435032636 4.013493550820109 4.0226856666075825 4.031877782395056 4.214212123994178 4.5816394209173135 4.949066717840448 5.316494014763583 5.683921311686717 6.051348608609851 6.4187759055329865 6.786203202456122 7.153630499379883 7.521057796303017 7.888485093226151 8.255912390149287 8.450869006303337 8.461450563618312 8.472032120933289 8.482613678248264 8.49319523556324 8.503776792878215 8.514358350193191 8.524939907508166 8.535521464823143 8.546103022138137 8.556684579453112 8.567266136768088 8.30466891078329 7.750037385887317 7.195405860991343
3.2584500040964484 3.0985361179365167 2.938622231776584 2.9047558771432227 3.0056371839915403 3.106518490839858 3.2073997976881756 3.3082811045364933 3.409162411384811 3.510043718233301 3.6109250250816185 3.711806331929936 3.812687638778254 3.9135689456265714 4.014450252474889 4.065274269092909 4.062585910419679 4.059897551746449 4.057209193073218 4.0545208343999875 4.051832475726758 4.049144117053527 4.046455758380292 4.043767399707062 4.041079041033831 4.0383906823606015 4.035702323687371 4.198286902569391 4.53755198965084 4.876817076732289 5.216082163813738 5.555347250895187 5.8946123379766355 6.233877425058084 6.573142512139533 6.91240759922156 7.251672686303008 7.590937773384457 7.930202860465906 8.108799246378375 8.115637156592065 8.122475066805753 8.129312977019444 8.136150887233134 8.142988797446822 8.149826707660512 8.156664617874203 8.163502528087891 8.170340438301594 8.177178348515282 8.184016258728972 7.931058165055424 7.400372266393893 6.869686367732362
3.2704030045620502 3.128530850933697 2.9866586973053435 2.9654528215013225 3.0732419252864096 3.1810310290714967 3.288820132856584 3.396609236641671 3.504398340426758 3.6121874442120285 3.719976547997116 3.8277656517822027 3.9355547555672903 4.043343859352377 4.151132963137464 4.199784029452872 4.185215196318948 4.170646363185024 4.1560775300511 4.1415086969171755 4.126939863783251 4.112371030649327 4.097802197515378 4.083233364381454 4.06866453124753 4.054095698113605 4.039526864979681 4.1823616811446165 4.493464558384404 4.8045674356241905 5.115670312863978 5.426773190103765 5.737876067343552 6.048978944583339 6.360081821823126 6.671184699063444 6.98228757630323 7.293390453543017 7.604493330782804 7.766729486453705 7.769823749566111 7.772918012678518 7.776012275790924 7.779106538903331 7.782200802015738 7.785295065128144 7.788389328240551 7.791483591352958 7.79457785446537 7.797672117577776 7.800766380690183 7.557447419327877 7.050707146900767 6.543966874473657
3.2823560050276512 3.158525583930877 3.034695162834103 3.0261497658594223 3.140846666581279 3.2555435673031354 3.370240468024992 3.4849373687468486 3.599634269468705 3.714331170190757 3.8290280709126137 3.9437249716344702 4.058421872356327 4.173118773078183 4.28781567380004 4.334293789812836 4.307844482218218 4.2813951746236 4.254945867028982 4.2284965594343635 4.202047251839746 4.175597944245128 4.149148636650464 4.1226993290558465 4.096250021461229 4.06980071386661 4.043351406271992 4.166436459719843 4.449377127117968 4.732317794516093 5.015258461914218 5.298199129312343 5.581139796710469 5.864080464108594 6.147021131506719 6.429961798905326 6.712902466303452 6.995843133701578 7.278783801099703 7.4246597265290335 7.424010342540158 7.423360958551282 7.422711574562405 7.422062190573529 7.4214128065846525 7.420763422595776 7.4201140386069 7.419464654618024 7.418815270629146 7.418165886640271 7.417516502651394 7.1838366736003305 6.701042027407642 6.218247381214953
3.294309005493253 3.188520316928057 3.0827316283628616 3.086846710217522 3.208451407876148 3.330056105534774 3.4516608031934 3.5732655008520258 3.6948701985106522 3.816474896169485 3.9380795938281112 4.059684291486738 4.181288989145363 4.302893686803989 4.424498384462615 4.4688035501728 4.430473768117488 4.392143986062176 4.353814204006865 4.3154844219515525 4.27715463989624 4.238824857840928 4.200495075785551 4.162165293730239 4.123835511674927 4.085505729619616 4.047175947564304 4.150511238295069 4.405289695851532 4.6600681534079955 4.914846610964458 5.169625068520922 5.424403526077386 5.679181983633849 5.933960441190312 6.188738898747211 6.443517356303674 6.6982958138601365 6.9530742714166 7.082589966604363 7.078196935514204 7.073803904424045 7.0694108733338865 7.065017842243727 7.060624811153568 7.056231780063409 7.05183874897325 7.0474457178830905 7.043052686792924 7.038659655702765 7.034266624612606 6.810225927872784 6.351376907914517 5.892527887956248
3.3062620059588546 3.2185150499252377 3.1307680938916205 3.147543654575622 3.2760561491710174 3.4045686437664124 3.533081138361808 3.6615936329572034 3.7901061275525985 3.9186186221482133 4.047131116743609 4.175643611339003 4.304156105934399 4.432668600529794 4.56118109512519 4.603313310532763 4.553103054016757 4.502892797500751 4.452682540984745 4.40247228446874 4.352262027952734 4.302051771436728 4.2518415149206366 4.201631258404631 4.151421001888625 4.10121074537262 4.051000488856614 4.134586016870294 4.361202264585096 4.587818512299897 4.814434760014699 5.0410510077295 5.267667255444302 5.494283503159103 5.7208997508739055 5.947515998589093 6.174132246303895 6.400748494018696 6.627364741733498 6.740520206679693 6.732383528488251 6.724246850296809 6.716110172105367 6.707973493913925 6.699836815722484 6.691700137531042 6.6835634593396 6.675426781148158 6.667290102956701 6.65915342476526 6.651016746573818 6.436615182145238 6.0017117884213915 5.566808394697546
3.318215006424456 3.248509782922418 3.1788045594203798 3.2082405989337217 3.3436608904658867 3.479081181998051 3.614501473530216 3.749921765062381 3.8853420565945456 4.020762348126942 4.156182639659106 4.291602931191271 4.427023222723436 4.562443514255601 4.697863805787765 4.737823070892727 4.675732339916027 4.613641608939328 4.551550877962628 4.4894601469859285 4.4273694160092285 4.365278685032529 4.303187954055724 4.241097223079024 4.179006492102324 4.116915761125624 4.054825030148925 4.118660795445519 4.3171148333186595 4.5155688711918 4.714022909064939 4.912476946938079 5.110930984811219 5.309385022684358 5.507839060557498 5.706293098430977 5.904747136304117 6.103201174177256 6.301655212050396 6.398450446755023 6.386570121462298 6.374689796169573 6.362809470876848 6.350929145584123 6.339048820291398 6.3271684949986735 6.315288169705949 6.303407844413224 6.2915275191204785 6.279647193827754 6.267766868535029 6.063004436417692 5.652046668928266 5.241088901438841
3.3301680068900676 3.2785045159196238 3.22684102494918 3.2689375432918735 3.411265631760813 3.5535937202297534 3.6959218086986936 3.8382498971676338 3.980577985636574 4.122906074105757 4.265234162574696 4.407562251043637 4.549890339512577 4.692218427981517 4.834546516450457 4.8723328312528045 4.798361625815401 4.724390420377998 4.650419214940594 4.57644800950319 4.502476804065787 4.428505598628383 4.354534393190853 4.28056318775345 4.206591982316046 4.1326207768786425 4.058649571441239 4.102735574020731 4.273027402052185 4.44331923008364 4.613611058115094 4.783902886146548 4.954194714178001 5.124486542209455 5.294778370240909 5.465070198272654 5.635362026304108 5.805653854335562 5.975945682367016 6.056380686830059 6.040756714436049 6.025132742042038 6.009508769648027 5.993884797254016 5.978260824860005 5.9626368524659945 5.947012880071983 5.931388907677972 5.915764935283935 5.900140962889924 5.884516990495913 5.689393690689826 5.302381549434843 4.915369408179859
3.3421210073556695 3.3084992489168044 3.274877490477939 3.3296344876499737 3.478870373055683 3.6281062584613926 3.777342143867102 3.926578029272812 4.0758139146785215 4.225049800084485 4.374285685490195 4.5235215708959045 4.672757456301614 4.821993341707323 4.9712292271130325 5.006842591612768 4.9209909117146715 4.835139231816574 4.749287551918476 4.663435872020378 4.5775841921222815 4.491732512224184 4.4058808323259395 4.320029152427843 4.234177472529745 4.148325792631647 4.06247411273355 4.086810352595958 4.22893997078575 4.3710695889755415 4.513199207165334 4.6553288253551255 4.797458443544918 4.93958806173471 5.081717679924502 5.223847298114537 5.365976916304328 5.508106534494121 5.650236152683913 5.714310926905388 5.694943307410095 5.675575687914801 5.656208068419508 5.636840448924214 5.61747282942892 5.598105209933626 5.578737590438332 5.559369970943039 5.540002351447712 5.520634731952419 5.501267112457125 5.31578294496228 4.9527164299417175 4.589649914921155
3.354074007821271 3.3384939819139845 3.3229139560066985 3.3903314320080735 3.546475114350552 3.7026187966930313 3.8587624790355104 4.014906161377989 4.171049843720468 4.327193526063214 4.483337208405692 4.639480890748171 4.795624573090651 4.951768255433129 5.107911937775608 5.141352351972732 5.043620197613941 4.94588804325515 4.8481558888963585 4.750423734537566 4.652691580178775 4.554959425819984 4.457227271461026 4.3594951171022345 4.261762962743443 4.164030808384652 4.066298654025861 4.070885131171183 4.184852539519313 4.298819947867443 4.412787356215574 4.526754764563704 4.640722172911834 4.7546895812599645 4.868656989608095 4.982624397956419 5.09659180630455 5.2105592146526805 5.324526623000811 5.372241166980718 5.349129900384141 5.326018633787565 5.302907367190988 5.279796100594412 5.256684833997835 5.233573567401259 5.210462300804682 5.187351034208105 5.16423976761149 5.141128501014913 5.118017234418336 4.942172199234735 4.603051310448593 4.263930421662451
3.3660270082868724 3.368488714911165 3.3709504215354578 3.4510283763661733 3.6140798556454214 3.77713133492467 3.940182814203918 4.103234293483166 4.266285772762415 4.429337252041941 4.59238873132119 4.7554402106004385 4.918491689879686 5.081543169158935 5.244594648438183 5.275862112332695 5.1662494835132104 5.056636854693725 4.94702422587424 4.837411597054754 4.72779896823527 4.618186339415784 4.508573710596112 4.398961081776627 4.2893484529571415 4.179735824137657 4.070123195318171 4.054959909746409 4.140765108252877 4.226570306759346 4.312375505265814 4.398180703772283 4.483985902278751 4.56979110078522 4.655596299291688 4.741401497798303 4.8272066963047715 4.913011894811239 4.998817093317708 5.030171407056048 5.003316493358188 4.976461579660328 4.949606665962469 4.92275175226461 4.89589683856675 4.869041924868891 4.842187011171031 4.8153320974731715 4.788477183775266 4.761622270077408 4.734767356379548 4.568561453507187 4.253386190955467 3.938210928403747
3.377980008752474 3.3984834479083452 3.4189868870642166 3.511725320724273 3.6816845969402907 3.8516438731563087 4.021603149372327 4.191562425588344 4.361521701804362 4.531480978020669 4.7014402542366875 4.871399530452705 5.041358806668723 5.211318082884741 5.381277359100759 5.410371872692659 5.28887876941248 5.167385666132301 5.045892562852122 4.9243994595719425 4.802906356291764 4.681413253011584 4.559920149731198 4.438427046451019 4.31693394317084 4.1954408398906615 4.0739477366104815 4.039034688321634 4.096677676986441 4.154320665651247 4.211963654316055 4.269606642980861 4.3272496316456674 4.384892620310474 4.442535608975281 4.500178597640186 4.557821586304993 4.615464574969799 4.673107563634606 4.688101647131377 4.657503086332235 4.626904525533092 4.59630596473395 4.565707403934808 4.535108843135665 4.504510282336523 4.473911721537381 4.443313160738239 4.4127145999390445 4.382116039139902 4.351517478340759 4.1949507077796415 3.9037210714623427 3.6124914351450435
3.2921238806331656 3.3111270332686966 3.3301301859042276 3.4226247812659167 3.5936833907445904 3.764742000223264 3.9358006097019382 4.1068592191806115 4.277917828659286 4.448976438138251 4.620035047616925 4.791093657095599 4.9621522665742726 5.133210876052947 5.30426948553162 5.332954080171642 5.2094376331908245 5.085921186210007 4.962404739229189 4.838888292248372 4.715371845267555 4.591855398286737 4.468338951305709 4.344822504324892 4.221306057344074 4.0977896103632565 3.9742731633824393 3.930299518741668 3.9713589288098565 4.012418338878045 4.053477748946234 4.094537159014422 4.135596569082611 4.176655979150799 4.217715389218988 4.258774799287246 4.299834209355435 4.340893619423623 4.381953029491812 4.388550595913954 4.358307671989511 4.328064748065067 4.297821824140624 4.26757890021618 4.237335976291736 4.207093052367293 4.176850128442849 4.146607204518405 4.116364280593911 4.086121356669467 4.055878432745024 3.908702872907967 3.636523680152968 3.3643444873979687
3.1017159591924495 3.0983296387198505 3.094943318247252 3.1734001736900432 3.3393492348846614 3.5052982960792796 3.6712473572738977 3.8371964184685163 4.003145479663134 4.169094540858035 4.335043602052654 4.500992663247272 4.66694172444189 4.832890785636509 4.998839846831126 5.028999091905253 4.913995952688519 4.798992813471786 4.683989674255052 4.568986535038318 4.453983395821585 4.338980256604851 4.223977117387922 4.108973978171188 3.9939708389544553 3.8789676997377214 3.763964560520988 3.7223563646097446 3.7592090230543276 3.7960616814989105 3.832914339943494 3.869766998388077 3.9066196568326603 3.9434723152772433 3.9803249737218263 4.017177632166472 4.054030290611055 4.090882949055639 4.127735607500222 4.134449364251915 4.1089439533851335 4.083438542518351 4.05793313165157 4.032427720784788 4.006922309918006 3.981416899051224 3.955911488184442 3.9304060773176603 3.904900666450835 3.879395255584053 3.8538898447172714 3.7158404830546536 3.4574790921401553 3.1991177012256564
2.9113080377515717 2.885532244170824 2.8597564505900763 2.924175566113958 3.085015079024516 3.245854591935074 3.406694104845632 3.5675336177561903 3.728373130666748 3.8892126435775807 4.050052156488139 4.210891669398697 4.371731182309254 4.532570695219813 4.693410208130371 4.725044103638603 4.618554272185961 4.512064440733319 4.405574609280677 4.2990847778280346 4.192594946375392 4.08610511492275 3.979615283469926 3.873125452017284 3.766635620564642 3.6601457891119997 3.553655957659357 3.514413210477643 3.5470591172986174 3.579705024119592 3.6123509309405657 3.64499683776154 3.6776427445825144 3.7102886514034883 3.7429345582244626 3.7755804650454925 3.808226371866467 3.840872278687441 3.873518185508415 3.880348132589659 3.8595802347805432 3.838812336971427 3.818044439162311 3.7972765413531953 3.776508643544079 3.755740745734963 3.7349728479258473 3.714204950116731 3.69343705230758 3.6726691544984638 3.6519012566893476 3.5229780932011763 3.27843450412719 3.0338909150532034
2.720900116310856 2.6727348496219783 2.6245695829331 2.6749509585380844 2.830680923164587 2.9864108877910893 3.1421408524175916 3.297870817044094 3.4536007816705965 3.6093307462973643 3.7650607109238665 3.9207906755503688 4.076520640176871 4.232250604803374 4.387980569429876 4.421089115372213 4.323112591683655 4.225136067995097 4.127159544306538 4.029183020617981 3.9312064969294225 3.833229973240864 3.735253449552139 3.637276925863581 3.5393004021750225 3.4413238784864646 3.3433473547979062 3.3064700563457197 3.3349092115430885 3.3633483667404573 3.391787521937826 3.420226677135195 3.448665832332564 3.4771049875299327 3.5055441427273015 3.5339832979247188 3.5624224531220876 3.5908616083194564 3.6193007635168253 3.6262469009276197 3.6102165161761652 3.594186131424711 3.5781557466732568 3.5621253619218027 3.5460949771703487 3.5300645924188943 3.5140342076674402 3.4980038229159858 3.481973438164504 3.46594305341305 3.4499126686615957 3.3301157033478623 3.0993899161143768 2.8686641288808916
2.5304921948701398 2.459937455073132 2.3893827152761244 2.425726350962211 2.5763467673046576 2.7269671836471048 2.8775875999895515 3.028208016331998 3.178828432674445 3.3294488490171483 3.480069265359595 3.6306896817020418 3.7813100980444885 3.931930514386935 4.082550930729382 4.117134127105824 4.02767091118135 3.9382076952568754 3.8487444793324013 3.759281263407927 3.669818047483453 3.580354831558979 3.490891615634352 3.4014283997098778 3.311965183785403 3.222501967860929 3.133038751936455 3.0985269022137953 3.122759305787559 3.1469917093613224 3.1712241129350858 3.1954565165088495 3.219688920082613 3.243921323656376 3.26815372723014 3.2923861308039446 3.3166185343777084 3.3408509379514717 3.365083341525235 3.37214566926558 3.3608527975717877 3.3495599258779953 3.338267054184203 3.32697418249041 3.315681310796618 3.3043884391028255 3.293095567409033 3.281802695715241 3.2705098240214294 3.2592169523276366 3.2479240806338443 3.1372533134945493 2.9203453281015643 2.70343734270858
2.3400842734294236 2.247140060524286 2.1541958476191483 2.176501743386338 2.3220126114447286 2.46752347950312 2.6130343475615105 2.7585452156199017 2.9040560836782925 3.049566951736932 3.1950778197953227 3.340588687853714 3.486099555912105 3.6316104239704963 3.777121292028887 3.813179138839434 3.7322292306790437 3.6512793225186537 3.5703294143582633 3.489379506197873 3.408429598037483 3.3274796898770926 3.246529781716564 3.165579873556174 3.084629965395784 3.0036800572353934 2.9227301490750035 2.8905837480818715 2.9106094000320297 2.9306350519821875 2.950660703932346 2.970686355882504 2.990712007832662 3.01073765978282 3.0307633117329784 3.050788963683171 3.0708146156333287 3.090840267583487 3.110865919533645 3.1180444376035403 3.1114890789674097 3.104933720331279 3.098378361695149 3.091823003059018 3.0852676444228875 3.078712285786757 3.0721569271506266 3.065601568514496 3.059046209878354 3.0524908512422235 3.045935492606093 2.944390923641236 2.741300740088752 2.538210556536268
2.149676351988708 2.03434266597544 1.9190089799621723 1.9272771358104641 2.0676784555847996 2.208079775359135 2.34848109513347 2.4888824149078053 2.629283734682141 2.7696850544567155 2.910086374231051 3.050487694005386 3.1908890137797217 3.331290333554057 3.471691653328392 3.509224150573044 3.4367875501767378 3.3643509497804316 3.2919143493841254 3.2194777489878192 3.147041148591513 3.074604548195207 3.0021679477987773 2.929731347402471 2.857294747006165 2.7848581466098588 2.7124215462135526 2.682640593949948 2.698459494276501 2.7142783946030535 2.7300972949296063 2.745916195256159 2.761735095582712 2.7775539959092646 2.7933728962358173 2.809191796562397 2.82501069688895 2.8408295972155027 2.8566484975420554 2.863943205941501 2.8621253603630326 2.8603075147845636 2.8584896692060946 2.856671823627626 2.854853978049157 2.853036132470688 2.8512182868922196 2.8494004413137506 2.847582595735279 2.84576475015681 2.843946904578341 2.7515285337879223 2.562256152075939 2.372983770363956
1.9592684305479917 1.821545271426594 1.6838221123051964 1.6780525282345906 1.8133442997248703 1.94863607121515 2.0839278427054295 2.2192196141957092 2.354511385685989 2.4898031571764996 2.625094928666779 2.760386700157059 2.8956784716473383 3.030970243137618 3.1662620146278977 3.2052691623066543 3.1413458696744323 3.07742257704221 3.013499284409988 2.9495759917777655 2.8856526991455436 2.821729406513321 2.75780611388099 2.693882821248768 2.6299595286165456 2.5660362359843236 2.502112943352101 2.474697439818024 2.4863095885209714 2.497921737223919 2.5095338859268663 2.5211460346298136 2.5327581833327613 2.5443703320357085 2.555982480738656 2.567594629441623 2.5792067781445707 2.590818926847518 2.6024310755504656 2.6098419742794614 2.6127616417586546 2.6156813092378477 2.6186009767170404 2.6215206441962335 2.6244403116754262 2.6273599791546194 2.6302796466338125 2.6331993141130052 2.6361189815922033 2.6390386490713964 2.641958316550589 2.558666143934609 2.383211564063126 2.2077569841916436
1.7688605091071137 1.608747876877567 1.4486352446480204 1.4288279206585048 1.5590101438647244 1.6891923670709441 1.8193745902771636 1.9495568134833832 2.079739036689603 2.2099212598960447 2.340103483102264 2.4702857063084833 2.6004679295147035 2.730650152720923 2.860832375927142 2.9013141740400052 2.8459041891718746 2.7904942043037435 2.7350842194356124 2.6796742345674818 2.6242642496993507 2.56885426483122 2.5134442799629944 2.4580342950948633 2.4026243102267326 2.3472143253586015 2.2918043404904704 2.266754285685923 2.2741596827652613 2.2815650798446 2.2889704769239385 2.2963758740032767 2.3037812710826153 2.311186668161954 2.318592065241292 2.325997462320643 2.333402859399982 2.3408082564793204 2.3482136535586586 2.3557407426172055 2.3633979231540643 2.371055103690923 2.378712284227782 2.3863694647646407 2.3940266453014996 2.4016838258383584 2.409341006375217 2.416998186912076 2.4246553674489477 2.4323125479858065 2.4399697285226654 2.365803754081131 2.204166976050161 2.0425301980191906
1.5784525876663977 1.3959504823287212 1.2134483769910447 1.1796033130826316 1.3046759880047956 1.4297486629269593 1.5548213378491234 1.6798940127712871 1.8049666876934511 1.9300393626158283 2.055112037537992 2.1801847124601563 2.30525738738232 2.430330062304484 2.5554027372266477 2.597359185773616 2.550462508669569 2.503565831565522 2.456669154461475 2.409772477357428 2.362875800253381 2.3159791231493343 2.2690824460452075 2.2221857689411606 2.1752890918371133 2.1283924147330664 2.0814957376290195 2.058811131553999 2.0620097770097323 2.0652084224654654 2.0684070679211985 2.0716057133769317 2.074804358832665 2.078003004288398 2.081201649744131 2.0844002951998695 2.0875989406556026 2.0907975861113357 2.093996231567069 2.1016395109551658 2.1140342045496863 2.126428898144207 2.1388235917387277 2.151218285333248 2.1636129789277687 2.1760076725222897 2.18840236611681 2.2007970597113307 2.2131917533058725 2.225586446900393 2.2379811404949135 2.1729413642278175 2.025122388037348 1.8773034118468785
1.3880446662256818 1.1831530877798753 0.978261509334069 0.9303787055067582 1.0503418321448663 1.1703049587829746 1.2902680854210828 1.410231212059191 1.5301943386972994 1.6501574653356121 1.7701205919737204 1.8900837186118287 2.0100468452499367 2.130009971888045 2.2499730985261532 2.2934041975072263 2.2550208281672632 2.2166374588273 2.1782540894873375 2.1398707201473743 2.1014873508074112 2.0631039814674486 2.02472061212742 1.986337242787457 1.9479538734474942 1.909570504107531 1.8711871347675681 1.850867977422075 1.849859871254203 1.8488517650863308 1.8478436589184584 1.8468355527505862 1.845827446582714 1.8448193404148419 1.8438112342469695 1.8428031280790955 1.8417950219112234 1.8407869157433512 1.8397788095754788 1.8475382792931263 1.864670485945309 1.8818026925974913 1.8989348992496737 1.9160671059018561 1.9331993125540385 1.950331519206221 1.9674637258584033 1.9845959325105857 2.0017281391627972 2.01886034581498 2.035992552467162 1.980078974374504 1.8460778000245353 1.7120766256745665
