Figures/CREST_Example_wjb_NSE/Rolling_result/20100722/BJP_forecast/ens_1/wjb.rain.20100726.asc
ncols            288
nrows            254
xllcorner        113.274861
yllcorner        31.4918055
cellsize         0.008333333333
NODATA_value     -9999
[rows 160 to 179 of 254, columns 220 to 263 of 288]
7.774927168910711 7.27770561881926 6.780484068728658 6.283262518638054 5.786040968547451 5.288819418456848 4.791597868366244 4.294376318275641 3.797154768185038 3.299933218094435 2.802711668003832 2.558117599117527 2.5835880254290777 2.609058451740628 2.634528878052222 2.6599993043637724 2.685469730675323 2.710940156986873 2.736410583298424 2.7618810096099744 2.787351435921525 2.812821862233075 2.8382922885446256 2.916942328219049 3.0524425783169615 3.187942828414874 3.323443078512786 3.4589433286109297 3.594443578708842 3.7299438288067543 3.865444078904667 4.0009443290025795 4.136444579100491 4.271944829198404 4.407445079296316 18.73310281119372 18.73310281119372 18.73310281119372 18.73310281119372 18.73310281119372 18.73310281119372 18.73310281119372 18.73310281119372 18.73310281119372
7.852710322606772 7.356488729371583 6.860267136137241 6.3640455429029 5.8678239496685585 5.371602356434217 4.875380763199875 4.379159169965532 3.88293757673119 3.386715983496848 2.890494390262506 2.6411260384757673 2.655649388896947 2.6701727393181263 2.68469608973933 2.6992194401605096 2.713742790581689 2.728266141002868 2.7427894914240474 2.7573128418452266 2.771836192266406 2.786359542687585 2.8008828931087644 2.876307729865424 3.0168376340405025 3.1573675382155812 3.29789744239066 3.4384273465659785 3.578957250741057 3.719487154916136 3.8600170590912146 4.000546963266293 4.141076867441372 4.281606771616451 4.4221366757915295 18.73310281119372 18.73310281119372 18.73310281119372 18.73310281119372 18.73310281119372 18.73310281119372 18.73310281119372 18.73310281119372 18.73310281119372
7.930493476302832 7.435271839923907 6.940050203545826 6.444828567167745 5.949606930789665 5.454385294411584 4.9591636580335035 4.463942021655423 3.9687203852773427 3.473498748899262 2.978277112521181 2.724134477834008 2.7277107523648163 2.7312870268956244 2.7348633014264383 2.7384395759572464 2.7420158504880545 2.745592125018863 2.749168399549671 2.7527446740804793 2.7563209486112874 2.7598972231420955 2.7634734976729036 2.835673131511799 2.9812326897640444 3.1267922480162893 3.272351806268534 3.4179113645210273 3.563470922773272 3.7090304810255175 3.8545900392777623 4.000149597530007 4.145709155782252 4.291268714034497 4.436828272286742 18.73310281119372 18.73310281119372 18.73310281119372 18.73310281119372 18.73310281119372 18.73310281119372 18.73310281119372 18.73310281119372 18.73310281119372
8.008276629998958 7.5140549504762975 7.019833270954479 6.525611591432661 6.031389911910842 5.537168232389023 5.042946552867205 4.548724873345386 4.054503193823568 3.5602815143017494 3.0660598347799306 2.8071429171923192 2.799772115832747 2.7924013144731745 2.7850305131135893 2.777659711754017 2.7702889103944446 2.7629181090348722 2.7555473076753 2.7481765063157275 2.740805704956155 2.733434903596583 2.7260641022370105 2.7950385331581398 2.9456277454875552 3.0962169578169707 3.2468061701463866 3.3973953824760588 3.5479845948054747 3.69857380713489 3.8491630194643056 3.999752231793721 4.1503414441231365 4.300930656452552 4.4515198687819675 18.73310281119372 18.73310281119372 18.73310281119372 18.73310281119372 18.73310281119372 18.73310281119372 18.73310281119372 18.73310281119372 18.73310281119372
8.08605978369502 7.592838061028622 7.099616338363065 6.606394615697507 6.113172893031949 5.6199511703663925 5.126729447700835 4.633507725035278 4.14028600236972 3.6470642797041624 3.1538425570386055 2.8901513565505597 2.871833479300616 2.8535156020506722 2.8351977248006976 2.816879847550754 2.7985619703008107 2.7802440930508667 2.7619262158009232 2.7436083385509797 2.7252904613010362 2.7069725840510928 2.6886547068011493 2.7544039348045146 2.9100228012110967 3.0656416676176783 3.2212605340242604 3.3768794004311076 3.532498266837689 3.6881171332442713 3.8437359996508533 3.999354866057435 4.154973732464017 4.310592598870599 4.466211465277181 18.73310281119372 18.73310281119372 18.73310281119372 18.73310281119372 18.73310281119372 18.73310281119372 18.73310281119372 18.73310281119372 18.73310281119372
8.163842937391081 7.671621171580945 7.179399405771649 6.687177639962353 6.194955874153057 5.70273410834376 5.210512342534464 4.718290576725169 4.226068810915872 3.733847045106576 3.2416252792972795 2.9731597959088 2.9438948427684855 2.9146298896281704 2.885364936487806 2.8560999833474914 2.8268350302071763 2.7975700770668617 2.768305123926547 2.7390401707862324 2.7097752176459178 2.6805102645056027 2.651245311365288 2.71376933645089 2.874417856934638 3.0350663774183864 3.1957148979021346 3.356363418386157 3.5170119388699046 3.677660459353653 3.838308979837401 3.9989575003211493 4.1596060208048975 4.320254541288645 4.480903061772394 18.73310281119372 18.73310281119372 18.73310281119372 18.73310281119372 18.73310281119372 18.73310281119372 18.73310281119372 18.73310281119372 18.73310281119372
8.24162609108714 7.7504042821332675 7.259182473180234 6.767960664227198 6.276738855274163 5.785517046321129 5.294295237368094 4.803073428415059 4.311851619462024 3.820629810508989 3.3294080015559544 3.0561682352670405 3.0159562062363547 2.9757441772056685 2.9355321481749144 2.895320119144228 2.8551080901135424 2.8148960610828566 2.774684032052171 2.7344720030214846 2.694259973990799 2.654047944960113 2.6138359159294273 2.673134738097265 2.8388129126581796 3.004491087219094 3.170169261780009 3.3358474363412056 3.50152561090212 3.6672037854630344 3.8328819600239488 3.9985601345848636 4.1642383091457775 4.329916483706692 4.495594658267606 18.73310281119372 18.73310281119372 18.73310281119372 18.73310281119372 18.73310281119372 18.73310281119372 18.73310281119372 18.73310281119372 18.73310281119372
8.3194092447832 7.829187392685591 7.338965540588817 6.8487436884920445 6.358521836395271 5.868299984298497 5.378078132201724 4.88785628010495 4.3976344280081765 3.907412575911403 3.4171907238146293 3.139176674625281 3.088017569704224 3.0368584647831667 2.9856993598620223 2.9345402549409654 2.8833811500199085 2.832222045098851 2.781062940177794 2.729903835256737 2.67874473033568 2.627585625414623 2.5764265204935657 2.63250013974364 2.803207968381721 2.9739157970198016 3.144623625657882 3.3153314542962544 3.486039282934335 3.6567471115724155 3.8274549402104965 3.9981627688485775 4.168870597486658 4.3395784261247385 4.5102862547628195 18.73310281119372 18.73310281119372 18.73310281119372 18.73310281119372 18.73310281119372 18.73310281119372 18.73310281119372 18.73310281119372 18.73310281119372
8.397192398479262 7.907970503237916 7.418748607997403 6.929526712756891 6.440304817516378 5.951082922275866 5.461861027035354 4.972639131794842 4.483417236554329 3.9941953413138167 3.504973446073304 3.2221851139835214 3.1600789331720933 3.097972752360665 3.0358665715491306 2.9737603907377026 2.911654209926274 2.849548029114846 2.787441848303418 2.7253356674919895 2.663229486680561 2.601123305869133 2.539017125057705 2.5918655413900153 2.7676030241052625 2.943340506820509 3.1190779895357563 3.2948154722513032 3.47055295496655 3.646290437681797 3.822027920397044 3.9977654031122913 4.1735028858275385 4.349240368542786 4.524977851258033 18.73310281119372 18.73310281119372 18.73310281119372 18.73310281119372 18.73310281119372 18.73310281119372 18.73310281119372 18.73310281119372 18.73310281119372
8.309731258884463 7.829436560533751 7.349141862183858 6.868847163833964 6.388552465484071 5.908257767134177 5.427963068784283 4.94766837043439 4.467373672084496 3.9870789737346026 3.5067842753847085 3.2261431716051594 3.1589362792385516 3.0917293868719438 3.0245224945052214 2.9573156021386136 2.8901087097720057 2.822901817405398 2.7556949250387897 2.688488032672182 2.621281140305574 2.554074247938966 2.4868673555723584 18.73310281119372 18.73310281119372 18.73310281119372 18.73310281119372 18.73310281119372 18.73310281119372 18.73310281119372 18.73310281119372 18.73310281119372 18.73310281119372 18.73310281119372 18.73310281119372 18.73310281119372 18.73310281119372 18.73310281119372 18.73310281119372 18.73310281119372 18.73310281119372 18.73310281119372 18.73310281119372 18.73310281119372
8.045634385831505 7.5827406042796 7.1198468227284835 6.656953041177367 6.1940592596262505 5.731165478075134 5.268271696524018 4.805377914972902 4.342484133421785 3.879590351870669 3.4166965703195533 3.1456013540413448 3.079543145071983 3.0134849361026212 2.947426727133147 2.8813685181637854 2.8153103091944236 2.749252100225062 2.6831938912557005 2.6171356822863387 2.551077473316977 2.485019264347615 2.4189610553782535 18.73310281119372 18.73310281119372 18.73310281119372 18.73310281119372 18.73310281119372 18.73310281119372 18.73310281119372 18.73310281119372 18.73310281119372 18.73310281119372 18.73310281119372 18.73310281119372 18.73310281119372 18.73310281119372 18.73310281119372 18.73310281119372 18.73310281119372 18.73310281119372 18.73310281119372 18.73310281119372 18.73310281119372
7.781537512778772 7.336044648025657 6.890551783273304 6.4450589185209495 5.999566053768596 5.554073189016242 5.108580324263888 4.663087459511534 4.21759459475918 3.772101730006826 3.326608865254472 3.0650595364775985 3.000150010905482 2.9352404853333653 2.870330959761138 2.8054214341890216 2.7405119086169054 2.675602383044789 2.610692857472672 2.5457833319005556 2.480873806328439 2.415964280756323 2.3510547551842063 18.73310281119372 18.73310281119372 18.73310281119372 18.73310281119372 18.73310281119372 18.73310281119372 18.73310281119372 18.73310281119372 18.73310281119372 18.73310281119372 18.73310281119372 18.73310281119372 18.73310281119372 18.73310281119372 18.73310281119372 18.73310281119372 18.73310281119372 18.73310281119372 18.73310281119372 -9999.0 -9999.0
7.517440639726038 7.089348691771717 6.661256743818124 6.233164795864533 5.8050728479109415 5.37698089995735 4.948888952003758 4.520797004050166 4.092705056096575 3.6646131081429836 3.236521160189392 2.9845177189138523 2.920756876738981 2.8569960345641094 2.7932351923891297 2.729474350214258 2.665713508039387 2.6019526658645153 2.5381918236896444 2.474430981514773 2.4106701393399015 2.34690929716503 2.2831484549901586 18.73310281119372 18.73310281119372 18.73310281119372 18.73310281119372 18.73310281119372 18.73310281119372 18.73310281119372 18.73310281119372 18.73310281119372 18.73310281119372 18.73310281119372 18.73310281119372 18.73310281119372 18.73310281119372 18.73310281119372 18.73310281119372 18.73310281119372 18.73310281119372 -9999.0 -9999.0 -9999.0
7.253343766673304 6.842652735517774 6.431961704362945 6.021270673208116 5.6105796420532865 5.199888610898457 4.789197579743628 4.378506548588799 3.9678155174339698 3.5571244862791405 3.1464334551243116 2.903975901350106 2.84136374257248 2.778751583794854 2.7161394250171207 2.653527266239495 2.5909151074618686 2.5283029486842423 2.465690789906616 2.40307863112899 2.3404664723513635 2.2778543135737377 2.2152421547961114 18.73310281119372 18.73310281119372 18.73310281119372 18.73310281119372 18.73310281119372 18.73310281119372 18.73310281119372 18.73310281119372 18.73310281119372 18.73310281119372 18.73310281119372 18.73310281119372 18.73310281119372 18.73310281119372 18.73310281119372 18.73310281119372 -9999.0 -9999.0 -9999.0 -9999.0 -9999.0
6.98924689362057 6.595956779263832 6.202666664907766 5.809376550551699 5.4160864361956325 5.022796321839565 4.629506207483498 4.236216093127432 3.842925978771365 3.4496358644152982 3.056345750059232 2.8234340837863603 2.761970608405979 2.7005071330255985 2.6390436576451126 2.5775801822647315 2.5161167068843504 2.4546532315039693 2.393189756123588 2.331726280743207 2.270262805362826 2.208799329982445 2.147335854602064 18.73310281119372 18.73310281119372 18.73310281119372 18.73310281119372 18.73310281119372 18.73310281119372 18.73310281119372 18.73310281119372 18.73310281119372 18.73310281119372 18.73310281119372 18.73310281119372 18.73310281119372 18.73310281119372 18.73310281119372 -9999.0 -9999.0 -9999.0 -9999.0 -9999.0 -9999.0
6.7251500205678365 6.349260823009891 5.973371625452586 5.597482427895282 5.221593230337978 4.845704032780674 4.469814835223369 4.093925637666064 3.7180364401087607 3.3421472425514565 2.9662580449941522 2.742892266222614 2.682577474239478 2.622262682256342 2.5619478902731037 2.5016330982899677 2.4413183063068318 2.381003514323696 2.32068872234056 2.260373930357424 2.200059138374288 2.139744346391152 2.079429554408016 18.73310281119372 18.73310281119372 18.73310281119372 18.73310281119372 18.73310281119372 18.73310281119372 18.73310281119372 18.73310281119372 18.73310281119372 18.73310281119372 18.73310281119372 18.73310281119372 18.73310281119372 18.73310281119372 18.73310281119372 -9999.0 -9999.0 -9999.0 -9999.0 -9999.0 -9999.0
6.461053147514877 6.102564866755738 5.744076585997211 5.385588305238684 5.027100024480157 4.66861174372163 4.310123462963103 3.951635182204576 3.593146901446049 3.234658620687522 2.8761703399289944 2.662350448658799 2.6031843400729096 2.5440182314870197 2.484852122901029 2.4256860143151395 2.3665199057292496 2.3073537971433598 2.2481876885574703 2.1890215799715804 2.1298554713856905 2.0706893627998006 2.011523254213911 18.73310281119372 18.73310281119372 18.73310281119372 18.73310281119372 18.73310281119372 18.73310281119372 18.73310281119372 18.73310281119372 18.73310281119372 18.73310281119372 18.73310281119372 18.73310281119372 18.73310281119372 18.73310281119372 -9999.0 -9999.0 -9999.0 -9999.0 -9999.0 -9999.0 -9999.0
6.196956274462144 5.855868910501797 5.514781546542032 5.173694182582268 4.832606818622503 4.491519454662738 4.1504320907029735 3.8093447267432086 3.4682573627834437 3.127169998823679 2.7860826348639143 2.581808631095053 2.5237912059064085 2.4657737807177638 2.4077563555290205 2.3497389303403757 2.291721505151731 2.2337040799630867 2.175686654774442 2.1176692295857973 2.059651804397153 2.0016343792085083 1.9436169540198636 18.73310281119372 18.73310281119372 18.73310281119372 18.73310281119372 18.73310281119372 18.73310281119372 18.73310281119372 18.73310281119372 18.73310281119372 18.73310281119372 18.73310281119372 18.73310281119372 18.73310281119372 -9999.0 -9999.0 -9999.0 -9999.0 -9999.0 -9999.0 -9999.0 -9999.0
5.932859401409409 5.609172954247855 5.285486507086853 4.96180005992585 4.638113612764848 4.3144271656038455 3.9907407184428436 3.6670542712818412 3.343367824120839 3.0196813769598365 2.695994929798834 2.501266813531307 2.4443980717399074 2.387529329948508 2.3306605881570115 2.2737918463656124 2.216923104574213 2.1600543627828133 2.103185620991414 2.0463168792000146 1.989448137408615 1.9325793956172157 1.8757106538258164 18.73310281119372 18.73310281119372 18.73310281119372 18.73310281119372 18.73310281119372 18.73310281119372 18.73310281119372 18.73310281119372 18.73310281119372 18.73310281119372 18.73310281119372 18.73310281119372 -9999.0 -9999.0 -9999.0 -9999.0 -9999.0 -9999.0 -9999.0 -9999.0 -9999.0
5.668762528356676 5.362476997993913 5.056191467631674 4.749905937269434 4.443620406907193 4.137334876544954 3.831049346182714 3.524763815820474 3.218478285458234 2.9121927550959943 2.6059072247337545 2.420724995967561 2.365004937573407 2.3092848791792524 2.2535648207850034 2.197844762390849 2.1421247039966946 2.0864046456025402 2.0306845872083863 1.974964528814232 1.9192444704200775 1.8635244120259231 1.8078043536317692 18.73310281119372 18.73310281119372 18.73310281119372 18.73310281119372 18.73310281119372 18.73310281119372 18.73310281119372 18.73310281119372 18.73310281119372 18.73310281119372 18.73310281119372 18.73310281119372 -9999.0 -9999.0 -9999.0 -9999.0 -9999.0 -9999.0 -9999.0 -9999.0 -9999.0
