Figures/CREST_Example_wjb_NSE/Rolling_result/20100722/BJP_forecast/ens_1/wjb.rain.20100724.asc
ncols            288
nrows            254
xllcorner        113.274861
yllcorner        31.4918055
cellsize         0.008333333333
NODATA_value     -9999
[rows 40 to 59 of 254, columns 135 to 179 of 288]
18.97449357281933 18.97449357281933 18.97449357281933 18.97449357281933 18.97449357281933 18.97449357281933 18.97449357281933 18.97449357281933 -9999.0 -9999.0 -9999.0 -9999.0 -9999.0 -9999.0 -9999.0 -9999.0 -9999.0 -9999.0 -9999.0 -9999.0 -9999.0 -9999.0 -9999.0 -9999.0 -9999.0 -9999.0 -9999.0 -9999.0 -9999.0 -9999.0 -9999.0 -9999.0 -9999.0 -9999.0 -9999.0 -9999.0 -9999.0 -9999.0 -9999.0 -9999.0 -9999.0 -9999.0 -9999.0 -9999.0 -9999.0
18.97449357281933 18.97449357281933 18.97449357281933 18.97449357281933 18.97449357281933 18.97449357281933 18.97449357281933 18.97449357281933 18.97449357281933 -9999.0 -9999.0 -9999.0 18.97449357281933 18.97449357281933 -9999.0 -9999.0 -9999.0 -9999.0 -9999.0 -9999.0 -9999.0 -9999.0 -9999.0 -9999.0 -9999.0 -9999.0 -9999.0 -9999.0 -9999.0 -9999.0 -9999.0 -9999.0 -9999.0 -9999.0 -9999.0 -9999.0 -9999.0 -9999.0 -9999.0 -9999.0 -9999.0 -9999.0 -9999.0 -9999.0 -9999.0
18.97449357281933 18.97449357281933 18.97449357281933 18.97449357281933 18.97449357281933 18.97449357281933 18.97449357281933 18.97449357281933 18.97449357281933 18.97449357281933 18.97449357281933 18.97449357281933 18.97449357281933 18.97449357281933 -9999.0 -9999.0 18.97449357281933 18.97449357281933 18.97449357281933 18.97449357281933 -9999.0 -9999.0 -9999.0 -9999.0 -9999.0 -9999.0 -9999.0 -9999.0 -9999.0 -9999.0 -9999.0 -9999.0 -9999.0 -9999.0 -9999.0 -9999.0 -9999.0 -9999.0 -9999.0 -9999.0 -9999.0 -9999.0 -9999.0 -9999.0 -9999.0
18.97449357281933 18.97449357281933 18.97449357281933 18.97449357281933 18.97449357281933 18.97449357281933 18.97449357281933 18.97449357281933 18.97449357281933 18.97449357281933 18.97449357281933 18.97449357281933 18.97449357281933 18.97449357281933 18.97449357281933 18.97449357281933 18.97449357281933 18.97449357281933 18.97449357281933 18.97449357281933 18.97449357281933 -9999.0 -9999.0 -9999.0 -9999.0 -9999.0 -9999.0 -9999.0 -9999.0 -9999.0 -9999.0 -9999.0 -9999.0 -9999.0 -9999.0 -9999.0 -9999.0 -9999.0 -9999.0 -9999.0 -9999.0 -9999.0 -9999.0 -9999.0 -9999.0
18.97449357281933 18.97449357281933 18.97449357281933 18.97449357281933 18.97449357281933 18.97449357281933 18.97449357281933 18.97449357281933 18.97449357281933 18.97449357281933 18.97449357281933 18.97449357281933 18.97449357281933 18.97449357281933 18.97449357281933 18.97449357281933 18.97449357281933 18.97449357281933 18.97449357281933 18.97449357281933 18.97449357281933 18.97449357281933 -9999.0 -9999.0 -9999.0 -9999.0 -9999.0 -9999.0 -9999.0 -9999.0 -9999.0 -9999.0 -9999.0 -9999.0 -9999.0 -9999.0 -9999.0 -9999.0 -9999.0 -9999.0 -9999.0 -9999.0 -9999.0 -9999.0 -9999.0
18.97449357281933 18.97449357281933 18.97449357281933 18.97449357281933 18.97449357281933 18.97449357281933 18.97449357281933 18.97449357281933 18.97449357281933 18.97449357281933 18.97449357281933 18.97449357281933 18.97449357281933 18.97449357281933 18.97449357281933 18.97449357281933 18.97449357281933 18.97449357281933 18.97449357281933 18.97449357281933 18.97449357281933 18.97449357281933 -9999.0 18.97449357281933 18.97449357281933 18.97449357281933 -9999.0 -9999.0 -9999.0 -9999.0 -9999.0 -9999.0 -9999.0 -9999.0 -9999.0 -9999.0 -9999.0 -9999.0 -9999.0 -9999.0 -9999.0 -9999.0 -9999.0 -9999.0 -9999.0
18.97449357281933 18.97449357281933 18.97449357281933 18.97449357281933 18.97449357281933 18.97449357281933 18.97449357281933 18.97449357281933 18.97449357281933 18.97449357281933 18.97449357281933 18.97449357281933 18.97449357281933 18.97449357281933 18.97449357281933 18.97449357281933 18.97449357281933 18.97449357281933 18.97449357281933 18.97449357281933 18.97449357281933 18.97449357281933 18.97449357281933 18.97449357281933 18.97449357281933 18.97449357281933 -9999.0 -9999.0 -9999.0 -9999.0 -9999.0 -9999.0 -9999.0 -9999.0 -9999.0 -9999.0 -9999.0 -9999.0 -9999.0 -9999.0 -9999.0 -9999.0 -9999.0 -9999.0 -9999.0
18.97449357281933 18.97449357281933 18.97449357281933 18.97449357281933 18.97449357281933 18.97449357281933 18.97449357281933 18.97449357281933 18.97449357281933 18.97449357281933 18.97449357281933 18.97449357281933 18.97449357281933 18.97449357281933 18.97449357281933 18.97449357281933 18.97449357281933 18.97449357281933 18.97449357281933 18.97449357281933 18.97449357281933 18.97449357281933 18.97449357281933 18.97449357281933 18.97449357281933 -9999.0 -9999.0 -9999.0 -9999.0 -9999.0 -9999.0 -9999.0 -9999.0 -9999.0 -9999.0 -9999.0 -9999.0 -9999.0 -9999.0 -9999.0 -9999.0 -9999.0 -9999.0 -9999.0 -9999.0
18.97449357281933 18.97449357281933 18.97449357281933 18.97449357281933 18.97449357281933 18.97449357281933 18.97449357281933 18.97449357281933 18.97449357281933 18.97449357281933 18.97449357281933 18.97449357281933 18.97449357281933 18.97449357281933 18.97449357281933 18.97449357281933 18.97449357281933 18.97449357281933 18.97449357281933 18.97449357281933 18.97449357281933 18.97449357281933 18.97449357281933 18.97449357281933 18.97449357281933 18.97449357281933 18.97449357281933 18.97449357281933 -9999.0 -9999.0 -9999.0 -9999.0 -9999.0 -9999.0 -9999.0 -9999.0 -9999.0 -9999.0 -9999.0 -9999.0 -9999.0 -9999.0 -9999.0 -9999.0 -9999.0
22.598640258959968 22.558699557279716 22.518758855599465 22.478818153919217 22.438877452238966 22.39893675055872 22.358996048878467 22.31905534719822 22.2791146455179 22.23917394383765 22.1992332421574 22.15929254047715 22.324924607031754 22.710318612659115 23.095712618286477 23.48110662391384 23.8665006295412 24.25189463516856 24.637288640795923 25.022682646423284 25.408076652050646 25.793470657678665 26.178864663306026 26.564258668933387 18.97449357281933 18.97449357281933 18.97449357281933 18.97449357281933 18.97449357281933 18.97449357281933 18.97449357281933 -9999.0 -9999.0 -9999.0 -9999.0 -9999.0 -9999.0 -9999.0 -9999.0 -9999.0 -9999.0 -9999.0 -9999.0 -9999.0 -9999.0
22.418350838416057 22.3965833916448 22.374815944873543 22.35304849810229 22.331281051331032 22.30951360455978 22.287746157788522 22.265978711017265 22.244211264245973 22.22244381747472 22.200676370703462 22.178908923932205 22.339806244094376 22.69597633178431 23.052146419474237 23.40831650716417 23.7644865948541 24.12065668254403 24.476826770233963 24.832996857923895 25.189166945613824 25.545337033304364 25.901507120994292 26.257677208684225 18.97449357281933 18.97449357281933 18.97449357281933 18.97449357281933 18.97449357281933 18.97449357281933 18.97449357281933 18.97449357281933 18.97449357281933 18.97449357281933 -9999.0 -9999.0 -9999.0 -9999.0 -9999.0 -9999.0 -9999.0 -9999.0 -9999.0 -9999.0 -9999.0
22.23806141787215 22.234467226009887 22.230873034147624 22.22727884228536 22.2236846504231 22.220090458560836 22.216496266698577 22.212902074836315 22.209307882974045 22.205713691111782 22.20211949924952 22.198525307387257 22.354687881156995 22.681634050909494 23.008580220661994 23.335526390414497 23.662472560166997 23.989418729919496 24.316364899671996 24.6433110694245 24.970257239177 25.297203408930056 25.62414957868256 25.95109574843506 18.97449357281933 18.97449357281933 18.97449357281933 18.97449357281933 18.97449357281933 18.97449357281933 18.97449357281933 18.97449357281933 18.97449357281933 18.97449357281933 18.97449357281933 -9999.0 -9999.0 -9999.0 -9999.0 -9999.0 -9999.0 -9999.0 -9999.0 -9999.0 -9999.0
22.05777199732824 22.07235106037497 22.086930123421702 22.101509186468434 22.116088249515165 22.130667312561897 22.14524637560863 22.15982543865536 22.174404501702117 22.18898356474885 22.20356262779558 22.218141690842312 22.369569518219613 22.667291770034684 22.96501402184975 23.26273627366482 23.56045852547989 23.85818077729496 24.155903029110032 24.453625280925102 24.751347532740173 25.04906978455575 25.34679203637082 25.644514288185892 18.97449357281933 18.97449357281933 18.97449357281933 18.97449357281933 18.97449357281933 18.97449357281933 18.97449357281933 18.97449357281933 18.97449357281933 18.97449357281933 18.97449357281933 18.97449357281933 18.97449357281933 18.97449357281933 -9999.0 -9999.0 -9999.0 -9999.0 -9999.0 -9999.0 -9999.0
21.877482576784175 21.910234894739915 21.94298721269566 21.9757395306514 22.00849184860714 22.04124416656288 22.073996484518624 22.106748802474364 22.13950112043016 22.1722534383859 22.20500575634164 22.237758074297382 22.384451155282246 22.65294948915986 22.921447823037475 23.18994615691509 23.458444490792704 23.72694282467032 23.995441158547933 24.26393949242555 24.532437826303163 24.800936160181237 25.06943449405885 25.337932827936463 18.97449357281933 18.97449357281933 18.97449357281933 18.97449357281933 18.97449357281933 18.97449357281933 18.97449357281933 18.97449357281933 18.97449357281933 18.97449357281933 18.97449357281933 18.97449357281933 18.97449357281933 18.97449357281933 -9999.0 -9999.0 -9999.0 -9999.0 -9999.0 -9999.0 -9999.0
21.697193156240267 21.748118729105002 21.799044301969737 21.84996987483447 21.900895447699206 21.95182102056394 22.002746593428675 22.05367216629341 22.104597739158233 22.155523312022968 22.206448884887703 22.257374457752437 22.399332792344865 22.63860720828505 22.877881624225232 23.117156040165415 23.3564304561056 23.595704872045786 23.83497928798597 24.074253703926153 24.313528119866337 24.55280253580693 24.792076951747113 25.031351367687297 18.97449357281933 18.97449357281933 18.97449357281933 18.97449357281933 18.97449357281933 18.97449357281933 18.97449357281933 18.97449357281933 18.97449357281933 18.97449357281933 18.97449357281933 18.97449357281933 18.97449357281933 18.97449357281933 18.97449357281933 -9999.0 -9999.0 -9999.0 -9999.0 -9999.0 -9999.0
21.51690373569636 21.586002563470085 21.655101391243814 21.724200219017543 21.793299046791272 21.862397874565 21.93149670233873 22.00059553011246 22.069694357886306 22.138793185660035 22.207892013433764 22.276990841207493 22.414214429407487 22.624264927410238 22.834315425412992 23.044365923415747 23.2544164214185 23.464466919421255 23.674517417424006 23.88456791542676 24.094618413429515 24.30466891143263 24.51471940943538 24.724769907438134 18.97449357281933 18.97449357281933 18.97449357281933 18.97449357281933 18.97449357281933 18.97449357281933 18.97449357281933 18.97449357281933 18.97449357281933 18.97449357281933 18.97449357281933 18.97449357281933 18.97449357281933 18.97449357281933 18.97449357281933 18.97449357281933 -9999.0 -9999.0 -9999.0 -9999.0 18.97449357281933
21.336614315152453 21.423886397835172 21.511158480517896 21.59843056320062 21.68570264588334 21.772974728566062 21.860246811248786 21.947518893931505 22.034790976614378 22.122063059297098 22.20933514197982 22.296607224662544 22.429096066470102 22.609922646535427 22.79074922660075 22.971575806666074 23.152402386731396 23.33322896679672 23.514055546862043 23.694882126927368 23.87570870699269 24.05653528705832 24.237361867123646 24.418188447188967 18.97449357281933 18.97449357281933 18.97449357281933 18.97449357281933 18.97449357281933 18.97449357281933 18.97449357281933 18.97449357281933 18.97449357281933 18.97449357281933 18.97449357281933 18.97449357281933 18.97449357281933 18.97449357281933 18.97449357281933 18.97449357281933 18.97449357281933 -9999.0 -9999.0 18.97449357281933 18.97449357281933
21.15632489460854 21.261770232200256 21.367215569791973 21.472660907383688 21.578106244975405 21.68355158256712 21.788996920158837 21.89444225775055 21.999887595342447 22.105332932934164 22.21077827052588 22.316223608117596 22.44397770353272 22.595580365660613 22.747183027788505 22.8987856899164 23.050388352044294 23.201991014172187 23.35359367630008 23.50519633842797 23.656799000555864 23.808401662684016 23.96000432481191 24.1116069869398 18.97449357281933 18.97449357281933 18.97449357281933 18.97449357281933 18.97449357281933 18.97449357281933 18.97449357281933 18.97449357281933 18.97449357281933 18.97449357281933 18.97449357281933 18.97449357281933 18.97449357281933 18.97449357281933 18.97449357281933 18.97449357281933 18.97449357281933 18.97449357281933 18.97449357281933 18.97449357281933 18.97449357281933
20.976035474064634 21.099654066565343 21.223272659066055 21.346891251566763 21.47050984406747 21.594128436568184 21.717747029068892 21.8413656215696 21.964984214070522 22.08860280657123 22.212221399071943 22.33583999157265 22.458859340595343 22.581238084785806 22.703616828976266 22.82599557316673 22.948374317357192 23.070753061547652 23.193131805738116 23.31551054992858 23.43788929411904 23.56026803830971 23.68264678250017 23.805025526690635 18.97449357281933 18.97449357281933 18.97449357281933 18.97449357281933 18.97449357281933 18.97449357281933 18.97449357281933 18.97449357281933 18.97449357281933 18.97449357281933 18.97449357281933 18.97449357281933 18.97449357281933 18.97449357281933 18.97449357281933 18.97449357281933 18.97449357281933 18.97449357281933 18.97449357281933 18.97449357281933 18.97449357281933
20.79574605352057 20.93753790093029 21.079329748340008 21.22112159574973 21.362913443159446 21.504705290569166 21.646497137978884 21.788288985388604 21.930080832798563 22.071872680208283 22.213664527618 22.35545637502772 22.473740977657975 22.56689580391098 22.660050630163987 22.753205456416993 22.846360282670002 22.939515108923008 23.032669935176013 23.125824761429023 23.21897958768203 23.312134413935194 23.4052892401882 23.49844406644121 18.97449357281933 18.97449357281933 18.97449357281933 18.97449357281933 18.97449357281933 18.97449357281933 18.97449357281933 18.97449357281933 18.97449357281933 18.97449357281933 18.97449357281933 18.97449357281933 18.97449357281933 18.97449357281933 18.97449357281933 18.97449357281933 18.97449357281933 18.97449357281933 18.97449357281933 18.97449357281933 18.97449357281933
