Figures/CREST_Example_wjb_NSE/Rolling_result/20100722/BJP_forecast/ens_19/wjb.rain.20100722.asc
ncols            288
nrows            254
xllcorner        113.274861
yllcorner        31.4918055
cellsize         0.008333333333
NODATA_value     -9999
[rows 160 to 179 of 254, columns 180 to 224 of 288]
4.002292798865666 3.915825778818178 3.8293587587705433 3.6653554490114755 3.4184640912874884 3.171572733563502 2.9246813758395147 2.6777900181155276 2.4308986603915406 2.184007302667554 1.937115944943567 1.6902245872195802 1.4433332294955932 1.1964418717716065 0.9495505140476195 0.8123967972229749 0.7925551015672643 0.7727134059115537 0.7528717102558431 0.7330300146001325 0.7131883189444219 0.6933466232887113 0.6735049276330006 0.65366323197729 0.6338215363215794 0.6139798406658689 0.5941381450101583 0.5787971365920355 0.5682674646777274 0.5577377927634372 0.547208120849147 0.5366784489348568 0.5261487770205666 0.5156191051062765 0.5050894331919864 0.4945597612776962 0.484030089363406 0.47350041744911586 0.46297074553482565 0.4523792600572346 0.441721694481558 0.4310641289058632 0.4204065633301866 0.40974899775451 0.3990914321788334
3.9205048698493385 3.8365290965345946 3.7525533232197077 3.5921902148780145 3.3501673171244426 3.1081444193708707 2.866121521617299 2.624098623863727 2.3820757261101555 2.140052828356583 1.8980299306030117 1.6560070328494398 1.413984135095868 1.171961237342296 0.9299383395887242 0.7947638692381244 0.7738127854542435 0.7528617016703626 0.7319106178864817 0.7109595341026007 0.6900084503187198 0.6690573665348389 0.648106282750958 0.6271551989670772 0.6062041151831963 0.5852530313993154 0.5643019476154344 0.5488053815403022 0.5391398183270563 0.5294742551138268 0.5198086919005975 0.5101431286873681 0.5004775654741387 0.49081200226090926 0.48114643904767984 0.4714808758344504 0.461815312621221 0.4521497494079916 0.4424841861947622 0.43302047339513405 0.4237725432557687 0.41452461311638755 0.40527668297702213 0.39602875283765676 0.3867808226982914
3.8387169408330117 3.7572324142510114 3.675747887668872 3.519024980744554 3.2818705429613972 3.0447161051782405 2.807561667395084 2.5704072296119267 2.33325279182877 2.096098354045613 1.8589439162624564 1.6217894784792994 1.3846350406961427 1.147480602912986 0.9103261651298293 0.7771309412532739 0.7550704693412227 0.7330099974291715 0.7109495255171203 0.688889053605069 0.6668285816930178 0.6447681097809667 0.6227076378689155 0.6006471659568642 0.578586694044813 0.5565262221327618 0.5344657502207106 0.518813626488569 0.5100121719763853 0.5012107174642166 0.49240926295204795 0.48360780843987927 0.47480635392771064 0.46600489941554196 0.45720344490337333 0.44840199039120465 0.439600535879036 0.43079908136686734 0.4219976268546987 0.4136616867330335 0.40582339202997936 0.3979850973269118 0.39014680262385765 0.3823085079208035 0.3744702132177493
3.756929011816615 3.6779357319673602 3.5989424521179707 3.445859746611031 3.2135737687982933 2.9812877909855557 2.7490018131728178 2.5167158353600803 2.2844298575473427 2.052143879734605 1.8198579019218677 1.5875719241091302 1.3552859462963927 1.1229999684836551 0.8907139906709176 0.7594980132684085 0.736328153228186 0.7131582931879636 0.6899884331477412 0.6668185731075187 0.6436487130672962 0.6204788530270737 0.5973089929868514 0.5741391329466289 0.5509692729064064 0.5277994128661839 0.5046295528259614 0.4888218714368102 0.4808845256256895 0.47294717981458234 0.4650098340034752 0.457072488192368 0.44913514238126084 0.4411977965701536 0.43326045075904646 0.4253231049479393 0.4173857591368321 0.40944841332572496 0.4015110675146178 0.3943029000709165 0.38787424080417476 0.38144558153742203 0.3750169222706803 0.36858826300393854 0.3621596037371968
3.6751410828002884 3.5986390496837775 3.5221370165671355 3.3726945124775702 3.145276994635248 2.917859476792925 2.690441958950603 2.4630244411082804 2.2356069232659577 2.008189405423635 1.7807718875813128 1.5533543697389902 1.3259368518966679 1.098519334054345 0.8711018162120228 0.741865085283558 0.7175858371151652 0.6933065889467726 0.6690273407783798 0.644748092609987 0.6204688444415942 0.5961895962732014 0.5719103481048087 0.547631099936416 0.5233518517680232 0.49907260359963046 0.4747933554312377 0.458830116385077 0.4517568792750185 0.4446836421649721 0.43761040505492566 0.43053716794487923 0.4234639308348328 0.41639069372478643 0.40931745661473995 0.4022442195046936 0.39517098239464715 0.3880977452846007 0.3810245081745543 0.37494411340881595 0.36992508957838544 0.3649060657479463 0.3598870419175158 0.3548680180870853 0.3498489942566548
3.5933531537839616 3.519342367400194 3.4453315810162994 3.2995292783441093 3.076980220472202 2.8544311626002945 2.631882104728387 2.4093330468564798 2.186783988984572 1.9642349311126648 1.7416858732407572 1.5191368153688498 1.2965877574969422 1.074038699625035 0.8514896417531275 0.7242321572987075 0.6988435210021444 0.6734548847055815 0.6480662484090184 0.6226776121124553 0.5972889758158922 0.5719003395193292 0.5465117032227662 0.521123066926203 0.49573443062964007 0.470345794333077 0.4449571580365139 0.4288383613333438 0.4226292329243475 0.4164201045153619 0.4102109761063762 0.4040018476973905 0.3977927192884049 0.3915835908794192 0.3853744624704335 0.3791653340614478 0.3729562056524621 0.3667470772434765 0.3605379488344908 0.3555853267467154 0.3519759383525961 0.3483665499584706 0.3447571615643513 0.34114777317023204 0.3375383847761127
3.5115652247676348 3.4400456851166106 3.3685261454654642 3.226364044210649 3.0086834463091567 2.791002848407664 2.5733222505061715 2.355641652604679 2.1379610547031866 1.9202804568016945 1.702599858900202 1.4849192609987096 1.267238663097217 1.0495580651957246 0.8318774672942322 0.706599229313857 0.6801012048891237 0.6536031804643904 0.627105156039657 0.6006071316149236 0.5741091071901903 0.5476110827654569 0.5211130583407235 0.4946150339159902 0.46811700949125684 0.4416189850665235 0.41512096064179016 0.3988466062816106 0.39350158657367657 0.3881565668657516 0.3828115471578267 0.3774665274499018 0.37212150774197683 0.36677648803405194 0.361431468326127 0.3560864486182021 0.35074142891027715 0.34539640920235226 0.3400513894944273 0.33622654008461483 0.3340267871268067 0.3318270341689949 0.32962728121118684 0.32742752825337873 0.3252277752955707
3.429777295751308 3.3607490028330274 3.2917207099146286 3.153198810077188 2.9403866721461105 2.7275745342150333 2.514762396283956 2.3019502583528784 2.089138120421801 1.876325982490724 1.6635138445596465 1.450701706628569 1.2378895686974918 1.0250774307664146 0.8122652928353369 0.6889663013290066 0.6613588887761029 0.6337514762231993 0.6061440636702956 0.5785366511173919 0.5509292385644883 0.5233218260115846 0.49571441345868095 0.4681070009057773 0.4404995883528736 0.41289217579997 0.38528476324706634 0.3688548512298773 0.3643739402230055 0.35989302921614136 0.3554121182092772 0.35093120720241305 0.34645029619554885 0.3419693851886847 0.33748847418182054 0.3330075631749564 0.3285266521680922 0.32404574116122803 0.3195648301543639 0.31686775342251433 0.31607763590101745 0.31528751837951924 0.31449740085802236 0.31370728333652553 0.31291716581502865
3.347989366734981 3.281452320549444 3.2149152743637934 3.0800335759437276 2.8720898979830656 2.664146220022403 2.4562025420617406 2.2482588641010786 2.040315186140416 1.8323715081797538 1.6244278302190915 1.416484152258429 1.2085404742977668 1.0005967963371045 0.792653118376442 0.6713333733441562 0.6426165726630823 0.6138997719820083 0.5851829713009342 0.5564661706198604 0.5277493699387863 0.4990325692577124 0.4703157685766384 0.44159896789556446 0.4128821672144905 0.38416536653341654 0.3554485658523426 0.33886309617814414 0.3352462938723345 0.3316294915665311 0.3280126892607277 0.3243958869549243 0.32077908464912086 0.31716228234331745 0.31354548003751403 0.3099286777317106 0.3063118754259072 0.3026950731201038 0.2990782708143004 0.2975089667604138 0.2981284846752281 0.2987480025900435 0.29936752050485793 0.2999870384196723 0.30060655633448663
3.329213963961217 3.2635984182694706 3.1979828725776125 3.0677639858560624 2.8684826659191582 2.6692013459822546 2.4699200260453504 2.2706387061084468 2.0713573861715426 1.8720760662346387 1.6727947462977348 1.4735134263608307 1.2742321064239268 1.074950786487023 0.8756694665501188 0.7546803025257204 0.7173872246984262 0.680094146871132 0.6428010690438378 0.6055079912165436 0.5682149133892495 0.5309218355619553 0.4936287577346611 0.4563356799073669 0.4190426020800727 0.3817495242527785 0.34445644642548434 0.3239658737187404 0.3214375592127346 0.3189092447067331 0.3163809302007316 0.31385261569473005 0.31132430118872856 0.30879598668272706 0.3062676721767255 0.303739357670724 0.3012110431647225 0.298682728658721 0.2961544141527195 0.29521143668037786 0.2959632203751442 0.29671500406991186 0.2974667877646782 0.2982185714594445 0.2989703551542109
3.3777949797858735 3.311422974806443 3.2450509698268992 3.120588000734814 2.934024476694728 2.7474609526546425 2.560897428614557 2.374333904574471 2.187770380534385 2.0012068564942993 1.8146433324542135 1.6280798084141277 1.441516284374042 1.254952760333956 1.06838923629387 0.945968333816625 0.8921173451534492 0.8382663564902735 0.7844153678270978 0.7305643791639219 0.6767133905007461 0.6228624018375704 0.5690114131743946 0.5151604245112189 0.46130943584804307 0.40745844718486735 0.3536074585216915 0.3252037551261794 0.32400377553293797 0.32280379593969855 0.3216038163464591 0.32040383675321976 0.31920385715998034 0.3180038775667409 0.31680389797350156 0.31560391838026214 0.3144039387870227 0.3132039591937833 0.31200397960054393 0.3111513144410156 0.310669936271277 0.3101885581015375 0.3097071799317988 0.30922580176206016 0.3087444235923215
3.4263759956104884 3.3592475313433745 3.292119067076146 3.173412015613521 2.9995662874702425 2.825720559326964 2.6518748311836853 2.4780291030404067 2.304183374897128 2.1303376467538495 1.956491918610571 1.7826461904672923 1.6088004623240137 1.4349547341807352 1.2611090060374566 1.137256365107366 1.0668474656083227 0.9964385661092795 0.9260296666102363 0.8556207671111932 0.78521186761215 0.7148029681131067 0.6443940686140637 0.5739851691150204 0.5035762696159772 0.43316737011693407 0.3627584706178909 0.3264416365336173 0.3265699918531391 0.32669834717266066 0.32682670249218226 0.3269550578117038 0.3270834131312254 0.32721176845074695 0.32734012377026855 0.3274684790897901 0.3275968344093117 0.32772518972883324 0.32785354504835484 0.32709119220163974 0.32537665216739714 0.3236621121331516 0.321947572098909 0.3202330320646664 0.31851849203042376
3.4749570114351034 3.407072087880306 3.3391871643253928 3.2262360304922275 3.065108098245756 2.9039801659992848 2.7428522337528136 2.581724301506342 2.420596369259871 2.2594684370133997 2.098340504766928 1.937212572520457 1.7760846402739856 1.6149567080275145 1.453828775781043 1.328544396398107 1.2415775860631963 1.1546107757282857 1.0676439653933751 0.9806771550584645 0.8937103447235539 0.8067435343886433 0.7197767240537327 0.6328099137188221 0.5458431033839115 0.4588762930490009 0.3719094827140903 0.32767951794105526 0.32913620817334027 0.33059289840562284 0.33204958863790535 0.3335062788701879 0.3349629691024705 0.33641965933475304 0.33787634956703555 0.3393330397993181 0.3407897300316007 0.3422464202638832 0.34370311049616575 0.3430310699622639 0.34008336806351736 0.33713566616476576 0.33418796426601916 0.3312402623672726 0.32829256046852606
3.5235380272597188 3.454896644417238 3.38625526157464 3.2790600453709344 3.1306499090212703 2.982239772671606 2.833829636321942 2.6854194999722782 2.537009363622614 2.38859922727295 2.2401890909232858 2.0917789545736216 1.943368818223958 1.7949586818742937 1.6465485455246298 1.5198324276888482 1.41630770651807 1.312782985347292 1.209258264176514 1.1057335430057358 1.0022088218349579 0.8986841006641798 0.7951593794934018 0.6916346583226237 0.5881099371518457 0.4845852159810675 0.3810604948102896 0.3289173993484932 0.3317024244935414 0.33448744963858495 0.3372724747836285 0.340057499928672 0.34284252507371554 0.34562755021875907 0.3484125753638026 0.35119760050884613 0.35398262565388966 0.35676765079893313 0.35955267594397666 0.358970947722888 0.3547900839596375 0.35060922019637986 0.34642835643312936 0.34224749266987886 0.33806662890662836
3.5721190430843337 3.502721200954169 3.4333233588238867 3.3318840602496405 3.1961917197967837 3.060499379343927 2.9248070388910703 2.7891146984382136 2.653422357985357 2.5177300175325 2.3820376770796434 2.2463453366267867 2.11065299617393 1.974960655721073 1.8392683152682163 1.7111204589795892 1.5910378269729437 1.4709551949662982 1.3508725629596527 1.2307899309530073 1.1107072989463618 0.9906246669397163 0.8705420349330708 0.7504594029264253 0.6303767709197798 0.5102941389131344 0.39021150690648887 0.3301552807559311 0.3342686408137426 0.3383820008715471 0.3424953609293516 0.3466087209871561 0.3507220810449606 0.3548354411027651 0.3589488011605696 0.3630621612183741 0.3671755212761786 0.3712888813339831 0.3754022413917876 0.3749108254835122 0.36949679985575773 0.364082774227994 0.35866874860023956 0.3532547229724851 0.3478406973447306
3.620700058908949 3.550545757491101 3.4803914560731335 3.3847080751283474 3.261733530572298 3.1387589860162484 3.015784441460199 2.89280989690415 2.7698353523481 2.6468608077920504 2.523886263236001 2.400911718679952 2.277937174123902 2.1549626295678523 2.031988085011803 1.9024084902703307 1.7657679474278176 1.6291274045853048 1.4924868617427918 1.355846318900279 1.2192057760577661 1.082565233215253 0.9459246903727401 0.8092841475302273 0.6726436046877144 0.5360030618452014 0.3993625190026886 0.331393162163369 0.33683485713394373 0.34227655210450925 0.3477182470750747 0.35315994204564016 0.3586016370162057 0.36404333198677113 0.36948502695733665 0.3749267219279021 0.38036841689846757 0.385810111869033 0.39125180683959854 0.39085070324413634 0.3842035157518779 0.37755632825960816 0.37090914076734977 0.3642619532750913 0.3576147657828329
3.6692810747336053 3.5983703140280734 3.5274595533224202 3.437532090007099 3.327275341347868 3.2170185926886363 3.106761844029405 2.9965050953701735 2.8862483467109423 2.7759915980517107 2.6657348493924795 2.555478100733248 2.4452213520740163 2.334964603414785 2.224707854755554 2.0936965215612346 1.94049806788284 1.7872996142044457 1.6341011605260514 1.4809027068476568 1.3277042531692622 1.1745057994908679 1.0213073458124735 0.8681088921340789 0.7149104384556846 0.5617119847772902 0.40851353109889565 0.33263104357080797 0.3394010734541471 0.3461711033374747 0.3529411332208023 0.35971116310412987 0.36648119298745746 0.37325122287078505 0.38002125275411264 0.3867912826374402 0.3935613125207678 0.4003313424040954 0.407101372287423 0.40679058100477405 0.39891023164801065 0.39102988229123375 0.38314953293447035 0.37526918357770694 0.3673888342209435
3.7178620905582203 3.6461948705650045 3.574527650571667 3.4903561048858056 3.3928171521233814 3.2952781993609572 3.1977392465985335 3.1002002938361093 3.002661341073685 2.905122388311261 2.807583435548837 2.710044482786413 2.6125055300239888 2.5149665772615646 2.4174276244991404 2.284984552851976 2.115228188337714 1.945471823823452 1.7757154593091902 1.6059590947949283 1.4362027302806664 1.2664463657664045 1.0966900012521426 0.9269336367378807 0.7571772722236187 0.5874209077093568 0.41766454319509494 0.33386892497824583 0.3419672897743482 0.35006565457043676 0.35816401936652537 0.3662623841626139 0.37436074895870247 0.382459113754791 0.39055747855087963 0.3986558433469682 0.40675420814305674 0.41485257293914535 0.4229509377352339 0.4227304587653982 0.4136169475441308 0.4045034363228479 0.39538992510158055 0.38627641388031314 0.3771629026590458
3.7664431063828356 3.6940194271019364 3.6215957478209138 3.5431801197645125 3.4583589628988958 3.373537806033279 3.288716649167662 3.203895492302045 3.1190743354364283 3.0342531785708116 2.949432021705195 2.8646108648395776 2.779789707973961 2.694968551108344 2.6101473942427273 2.476272584142717 2.289958308792588 2.1036440334424586 1.9173297580923292 1.7310154827421997 1.5447012073920705 1.3583869320419413 1.1720726566918118 0.9857583813416826 0.7994441059915534 0.6131298306414239 0.42681555529129467 0.33510680638568374 0.34453350609454936 0.3539602058033989 0.36338690551224845 0.37281360522109797 0.38224030492994754 0.39166700463879706 0.4010937043476466 0.41052040405649615 0.41994710376534566 0.42937380347419524 0.43880050318304475 0.4386703365260223 0.42832366344025097 0.417976990354462 0.4076303172686907 0.39728364418291934 0.38693697109714803
3.8150241222074506 3.741843983638868 3.6686638450701605 3.596004134643219 3.5239007736744092 3.4517974127056 3.37969405173679 3.307590690767981 3.235487329799171 3.1633839688303613 3.091280607861552 3.0191772468927423 2.947073885923933 2.874970524955123 2.802867163986314 2.667560615433458 2.4646884292474613 2.261816243061465 2.0589440568754678 1.856071870689471 1.6531996845034742 1.4503274983174774 1.2474553121314806 1.0445831259454839 0.8417109397594871 0.6388387535734901 0.4359665673874935 0.33634468779312165 0.3470997224147505 0.35785475703636105 0.36860979165797153 0.37936482627958207 0.3901198609011926 0.4008748955228031 0.4116299301444136 0.42238496476602416 0.43313999938763464 0.4438950340092452 0.45465006863085566 0.45461021428664644 0.4430303793363712 0.4314505443860761 0.41987070943580085 0.4082908744855256 0.3967110395352503
