Figures/CREST_Example_wjb_NSE/Rolling_result/20100722/BJP_forecast/ens_19/wjb.rain.20100727.asc
ncols            288
nrows            254
xllcorner        113.274861
yllcorner        31.4918055
cellsize         0.008333333333
NODATA_value     -9999
[rows 80 to 99 of 254, columns 44 to 87 of 288]
7.918830175542484 7.426630205571215 6.934430235599946 6.442230265628675 5.950030295657406 5.457830325686136 4.965630355714866 4.716057779513436 4.725859371229507 4.735660962945562 4.745462554661616 4.75526414637767 4.765065738093725 4.774867329809779 4.784668921525833 4.794470513241888 4.804272104957942 4.814073696673996 4.823875288390051 4.777286088167124 4.670413856674768 4.563541625182229 4.456669393689873 4.349797162197517 4.242924930705161 4.136052699212804 4.029180467720448 3.9223082362280923 3.8154360047357363 3.70856377324338 3.601691541751024 3.6886601806570662 3.9828490920974495 4.277038003537832 4.571226914978717 4.865415826419101 5.159604737859484 5.453793649299866 5.747982560740249 6.042171472180633 6.336360383621016 6.6305492950614 6.924738206501782 7.133930349794564
7.695097488580183 7.265158501960931 6.835219515341679 6.405280528722427 5.975341542103175 5.545402555483923 5.115463568864671 4.898337622804131 4.908713627200479 4.91908963159681 4.92946563599314 4.939841640389471 4.950217644785802 4.960593649182132 4.970969653578463 4.981345657974794 4.991721662371124 5.002097666767455 5.012473671163786 4.956337495271437 4.829098295174728 4.701859095077803 4.574619894981095 4.447380694884386 4.320141494787678 4.192902294690969 4.06566309459426 3.938423894497552 3.8111846944008434 3.683945494304135 3.5567062942074266 3.650937588826961 3.9819258489878244 4.312914109148688 4.643902369310116 4.97489062947098 5.305878889631843 5.636867149792707 5.96785540995357 6.298843670114434 6.629831930275298 6.960820190436161 7.291808450597024 7.52726566325354
7.471364801617882 7.1036867983506475 6.736008795083413 6.368330791816179 6.000652788548945 5.632974785281711 5.2652967820144765 5.080617466094826 5.091567883171451 5.102518300248058 5.113468717324666 5.124419134401272 5.135369551477879 5.1463199685544865 5.157270385631093 5.1682208027077 5.179171219784307 5.190121636860914 5.201072053937521 5.135388902375751 4.98778273367469 4.840176564973378 4.692570396272316 4.544964227571255 4.397358058870195 4.249751890169134 4.102145721468073 3.954539552767012 3.8069333840659514 3.6593272153648906 3.51172104666383 3.613214996996855 3.981002605878199 4.348790214759543 4.716577823641514 5.084365432522858 5.452153041404202 5.819940650285546 6.1877282591668905 6.555515868048234 6.923303476929577 7.291091085810923 7.658878694692266 7.920600976712515
7.24763211465558 6.942215094740364 6.636798074825148 6.33138105490993 6.025964034994714 5.7205470150794975 5.415129995164281 5.2628973093855205 5.274422139142423 5.285946968899307 5.29747179865619 5.308996628413073 5.3205214581699565 5.33204628792684 5.343571117683723 5.355095947440606 5.36662077719749 5.378145606954373 5.389670436711256 5.314440309480064 5.146467172174651 4.978494034868951 4.810520897563538 4.642547760258124 4.474574622952711 4.306601485647298 4.138628348341885 3.9706552110364717 3.8026820737310585 3.6347089364256453 3.466735799120232 3.575492405166749 3.9800793627685733 4.384666320370398 4.789253277972912 5.193840235574736 5.59842719317656 6.003014150778385 6.407601108380209 6.812188065982033 7.216775023583858 7.621361981185682 8.025948938787506 8.31393629017149
7.023899427693278 6.780743391130079 6.53758735456688 6.2944313180036815 6.051275281440482 5.808119244877284 5.564963208314085 5.445177152676214 5.457276395113395 5.469375637550554 5.481474879987714 5.4935741224248735 5.505673364862033 5.517772607299193 5.529871849736352 5.541971092173512 5.554070334610672 5.566169577047831 5.5782688194849905 5.493491716584376 5.305151610674612 5.116811504764525 4.928471398854759 4.7401312929449935 4.551791187035228 4.363451081125463 4.175110975215697 3.9867708693059316 3.7984307633961665 3.610090657486401 3.4217505515766353 3.5377698133366433 3.979156119658948 4.420542425981253 4.86192873230431 5.303315038626614 5.744701344948919 6.186087651271224 6.627473957593528 7.068860263915833 7.510246570238138 7.951632876560442 8.393019182882748 8.707271603630465
37.977194909974784 37.977194909974784 37.977194909974784 37.977194909974784 37.977194909974784 37.977194909974784 37.977194909974784 5.791613608460818 5.801608535080608 5.811603461700381 5.821598388320154 5.831593314939926 5.841588241559699 5.851583168179472 5.861578094799245 5.871573021419017 5.881567948038791 5.891562874658564 5.9015578012783365 5.813302252466172 5.620014724512645 5.426727196558789 5.233439668605263 5.040152140651737 4.846864612698211 4.653577084744685 4.460289556791159 4.267002028837633 4.0737145008841065 3.880426972930581 3.687139444977055 3.818108089273908 4.295713912028357 4.773319734782806 5.25092555753807 5.7285313802925195 6.2061372030469695 6.683743025801418 7.161348848555868 7.638954671310317 8.116560494064768 8.594166316819216 9.071772139573664 9.404911295023634
37.977194909974784 37.977194909974784 37.977194909974784 37.977194909974784 37.977194909974784 37.977194909974784 37.977194909974784 6.3135231331311825 6.318550352060069 6.323577570988946 6.328604789917824 6.333632008846701 6.338659227775579 6.343686446704456 6.348713665633333 6.353740884562211 6.358768103491088 6.363795322419966 6.368822541348843 6.283575422323067 6.101822995415889 5.9200705685084 5.738318141601221 5.556565714694043 5.374813287786864 5.193060860879685 5.0113084339725065 4.829556007065328 4.64780358015815 4.466051153250971 4.284298726343792 4.438433379513091 4.9516389145410935 5.464844449569095 5.9780499845979715 6.491255519625973 7.004461054653975 7.517666589681977 8.03087212470998 8.54407765973798 9.057283194765983 9.570488729793984 10.083694264821986 10.427833180415842
37.977194909974784 37.977194909974784 37.977194909974784 37.977194909974784 37.977194909974784 37.977194909974784 37.977194909974784 6.835432657801547 6.83549216903953 6.835551680277512 6.835611191515494 6.835670702753476 6.835730213991458 6.83578972522944 6.835849236467422 6.835908747705405 6.835968258943387 6.836027770181369 6.836087281419351 6.753848592179964 6.5836312663191325 6.413413940458011 6.24319661459718 6.072979288736349 5.902761962875517 5.732544637014685 5.5623273111538545 5.392109985293023 5.221892659432192 5.05167533357136 4.881458007710529 5.058758669752274 5.607563917053828 6.156369164355382 6.7051744116578735 7.253979658959427 7.802784906260982 8.351590153562537 8.90039540086409 9.449200648165643 9.998005895467198 10.546811142768753 11.095616390070308 11.450755065808051
37.977194909974784 37.977194909974784 37.977194909974784 37.977194909974784 37.977194909974784 37.977194909974784 37.977194909974784 7.357342182471912 7.352433986018991 7.3475257895660775 7.3426175931131645 7.337709396660252 7.332801200207338 7.327893003754425 7.322984807301512 7.318076610848599 7.313168414395685 7.308260217942772 7.303352021489859 7.2241217620368605 7.065439537222376 6.906757312407622 6.748075087593138 6.589392862778654 6.430710637964171 6.272028413149687 6.1133461883352025 5.954663963520719 5.795981738706235 5.637299513891751 5.478617289077267 5.679083959991458 6.263488919566565 6.847893879141672 7.4322988387177755 8.016703798292882 8.601108757867989 9.185513717443095 9.769918677018204 10.35432363659331 10.938728596168417 11.523133555743524 12.10753851531863 12.473676951200261
37.977194909974784 37.977194909974784 37.977194909974784 37.977194909974784 37.977194909974784 37.977194909974784 37.977194909974784 7.879251707142277 7.869375802998452 7.859499898854644 7.849623994710835 7.839748090567026 7.829872186423218 7.819996282279409 7.810120378135601 7.800244473991793 7.790368569847984 7.780492665704175 7.770616761560366 7.694394931893758 7.547247808125621 7.400100684357233 7.252953560589097 7.10580643682096 6.958659313052824 6.811512189284687 6.6643650655165505 6.517217941748414 6.370070817980277 6.222923694212141 6.075776570444004 6.299409250230642 6.919413922079301 7.5394185939279605 8.159423265777678 8.779427937626338 9.399432609474996 10.019437281323654 10.639441953172314 11.259446625020974 11.879451296869632 12.499455968718292 13.119460640566952 13.49659883659247
37.977194909974784 37.977194909974784 37.977194909974784 37.977194909974784 37.977194909974784 37.977194909974784 37.977194909974784 8.401161231812644 8.386317619977914 8.37147400814321 8.356630396308507 8.341786784473802 8.326943172639098 8.312099560804395 8.29725594896969 8.282412337134986 8.267568725300283 8.252725113465578 8.237881501630874 8.164668101750655 8.029056079028864 7.893444056306844 7.757832033585055 7.622220010863266 7.486607988141476 7.3509959654196875 7.2153839426978985 7.079771919976109 6.94415989725432 6.808547874532531 6.672935851810742 6.9197345404698245 7.575338924592037 8.230943308714249 8.886547692837578 9.54215207695979 10.197756461082001 10.853360845204215 11.508965229326424 12.164569613448638 12.820173997570848 13.475778381693061 14.131382765815271 14.519520721984678
37.977194909974784 37.977194909974784 37.977194909974784 37.977194909974784 37.977194909974784 37.977194909974784 37.977194909974784 8.923070756483007 8.903259436957374 8.883448117431776 8.863636797906176 8.843825478380577 8.824014158854977 8.804202839329378 8.78439151980378 8.76458020027818 8.74476888075258 8.724957561226981 8.705146241701382 8.63494127160755 8.51086434993211 8.386787428256456 8.262710506581014 8.138633584905572 8.014556663230131 7.890479741554689 7.7664028198792465 7.642325898203805 7.518248976528364 7.3941720548529215 7.270095133177479 7.540059830709009 8.231263927104774 8.922468023500539 9.613672119897481 10.304876216293245 10.99608031268901 11.687284409084773 12.378488505480536 13.069692601876302 13.760896698272067 14.452100794667832 15.143304891063595 15.542442607376888
37.977194909974784 37.977194909974784 37.977194909974784 37.977194909974784 37.977194909974784 37.977194909974784 37.977194909974784 9.444980281153818 9.420201253937275 9.395422226720777 9.37064319950428 9.34586417228778 9.321085145071281 9.296306117854781 9.271527090638283 9.246748063421785 9.221969036205286 9.197190008988787 9.172410981772288 9.105214441464849 8.992672620835764 8.880130800206487 8.767588979577402 8.655047158948319 8.542505338319234 8.42996351769015 8.317421697061064 8.20487987643198 8.092338055802896 7.979796235173811 7.8672544145447265 8.160385120948723 8.88718892961807 9.613992738287417 10.340796546958003 11.06760035562735 11.794404164296697 12.521207972966044 13.248011781635391 13.97481559030474 14.701619398974085 15.428423207643434 16.15522701631278 16.56536449276997
37.977194909974784 37.977194909974784 37.977194909974784 37.977194909974784 37.977194909974784 37.977194909974784 37.977194909974784 9.966889805824183 9.937143070916738 9.907396336009343 9.877649601101949 9.847902866194556 9.81815613128716 9.788409396379766 9.758662661472373 9.728915926564978 9.699169191657584 9.66942245675019 9.639675721842796 9.575487611321746 9.474480891739008 9.373474172156099 9.27246745257336 9.171460732990624 9.070454013407886 8.96944729382515 8.868440574242412 8.767433854659675 8.666427135076939 8.5654204154942 8.464413695911464 8.780710411187906 9.543113932130804 10.305517453073705 11.067920974017904 11.830324494960802 12.592728015903702 13.355131536846603 14.117535057789501 14.8799385787324 15.6423420996753 16.4047456206182 17.167149141561097 17.588286378162177
37.977194909974784 37.977194909974784 37.977194909974784 37.977194909974784 37.977194909974784 37.977194909974784 37.977194909974784 10.488799330494547 10.454084887896197 10.41937044529791 10.38465600269962 10.34994156010133 10.31522711750304 10.28051267490475 10.245798232306461 10.211083789708171 10.176369347109883 10.141654904511594 10.106940461913304 10.045760781178641 9.956289162642252 9.866817544105709 9.77734592556932 9.68787430703293 9.59840268849654 9.50893106996015 9.41945945142376 9.32998783288737 9.24051621435098 9.15104459581459 9.0615729772782 9.401035701427087 10.19903893464354 10.997042167859991 11.795045401077806 12.593048634294258 13.391051867510708 14.189055100727161 14.987058333943613 15.785061567160065 16.58306480037652 17.381068033592967 18.179071266809423 18.611208263554385
37.977194909974784 37.977194909974784 37.977194909974784 37.977194909974784 37.977194909974784 37.977194909974784 37.977194909974784 11.010708855164912 10.97102670487566 10.931344554586476 10.891662404297291 10.851980254008105 10.81229810371892 10.772615953429735 10.73293380314055 10.693251652851366 10.653569502562181 10.613887352272997 10.574205201983812 10.516033951035539 10.438097433545495 10.360160916055321 10.282224398565278 10.204287881075237 10.126351363585194 10.04841484609515 9.97047832860511 9.892541811115066 9.814605293625023 9.73666877613498 9.658732258644939 10.021360991666272 10.854963937156278 11.688566882646281 12.522169828137708 13.355772773627713 14.189375719117717 15.02297866460772 15.856581610097725 16.69018455558773 17.523787501077734 18.35739044656774 19.19099339205774 19.634130148946596
37.977194909974784 37.977194909974784 37.977194909974784 37.977194909974784 37.977194909974784 37.977194909974784 37.977194909974784 11.532618379835277 11.48796852185512 11.44331866387504 11.39866880589496 11.35401894791488 11.3093690899348 11.26471923195472 11.22006937397464 11.175419515994559 11.13076965801448 11.0861198000344 11.04146994205432 10.986307120892436 10.919905704448741 10.853504288004931 10.787102871561236 10.720701455117542 10.654300038673846 10.587898622230151 10.521497205786456 10.45509578934276 10.388694372899065 10.322292956455371 10.255891540011675 10.641686281905455 11.510888939669012 12.38009159743257 13.24929425519761 14.118496912961167 14.987699570724724 15.85690222848828 16.72610488625184 17.595307544015395 18.46451020177895 19.33371285954251 20.202915517306067 20.657052034338804
37.977194909974784 37.977194909974784 37.977194909974784 37.977194909974784 37.977194909974784 37.977194909974784 37.977194909974784 12.012523351667138 11.944868227358993 11.877213103050966 11.809557978742937 11.74190285443491 11.674247730126881 11.606592605818854 11.538937481510825 11.471282357202798 11.40362723289477 11.335972108586741 11.268316984278714 11.209947093085546 11.161503325980382 11.113059558875134 11.06461579176997 11.016172024664806 10.967728257559642 10.919284490454478 10.870840723349314 10.82239695624415 10.773953189138986 10.725509422033822 10.677065654928658 11.095215261597321 12.012163732908974 12.929112204220624 13.84606067553384 14.763009146845492 15.679957618157143 16.596906089468796 17.513854560780448 18.4308030320921 19.347751503403753 20.264699974715406 21.181648446027054 21.64075364933856
37.977194909974784 37.977194909974784 37.977194909974784 37.977194909974784 37.977194909974784 37.977194909974784 37.977194909974784 12.447528104763267 12.337586701152528 12.227645297541978 12.117703893931427 12.007762490320877 11.897821086710326 11.787879683099776 11.677938279489226 11.567996875878675 11.458055472268125 11.348114068657573 11.238172665047024 11.169951726384198 11.146330907821483 11.122710089258726 11.09908927069601 11.075468452133295 11.05184763357058 11.028226815007864 11.004605996445147 10.980985177882431 10.957364359319715 10.933743540757 10.910122722194284 11.37044950127057 12.348127202621304 13.325804903972038 14.303482605324438 15.281160306675172 16.258838008025904 17.23651570937664 18.214193410727376 19.191871112078108 20.16954881342884 21.147226514779575 22.12490421613031 22.582531267998036
37.977194909974784 37.977194909974784 37.977194909974784 37.977194909974784 37.977194909974784 37.977194909974784 37.977194909974784 12.882532857859024 12.730305174945729 12.57807749203269 12.425849809119654 12.273622126206616 12.12139444329358 11.969166760380542 11.816939077467506 11.664711394554468 11.512483711641432 11.360256028728394 11.208028345815357 11.12995635968288 11.131158489662594 11.132360619642307 11.133562749622019 11.13476487960173 11.135967009581444 11.137169139561156 11.138371269540867 11.139573399520579 11.14077552950029 11.141977659480004 11.143179789459715 11.645683740943587 12.684090672333351 13.722497603723115 14.76090453511465 15.799311466504413 16.83771839789418 17.87612532928394 18.914532260673706 19.952939192063468 20.991346123453233 22.029753054842995 23.06815998623276 23.524308886656712
