Figures/CREST_Example_wjb_NSE/Rolling_result/20100722/BJP_forecast/ens_19/wjb.rain.20100728.asc
ncols            288
nrows            254
xllcorner        113.274861
yllcorner        31.4918055
cellsize         0.008333333333
NODATA_value     -9999
[rows 132 to 153 of 254, columns 150 to 199 of 288]
0.0 0.0 0.0 0.0 0.0 0.0 0.0 0.0 0.0 0.006871428236668648 0.021088568696573613 0.03530570915647858 0.04952284961638354 0.0637399900762885 0.07795713053619346 0.09217427099609844 0.1063914114560034 0.12060855191590837 0.13482569237581332 0.14904283283574254 0.1632599732956475 0.1637342572958881 0.14951711683598112 0.13529997637607413 0.12108283591616716 0.10686569545626017 0.09264855499635319 0.0784314145364462 0.06421427407653922 0.04999713361663223 0.035779993156725254 0.021562852696818263 0.007345712236887042 0.11228717724769058 0.3446118874773317 0.5769365977069727 0.8092613079366138 1.0415860181662548 1.273910728395896 1.506235438625537 1.738560148855178 1.9708848590848191 2.20320956931446 2.4355342795441013 2.6678589897737424 2.9505247288799072 3.2870061669267097 3.6234876049735125 3.9599690430203154 4.296450481067118
0.041990384569265786 0.04263484650111118 0.04327930843295656 0.043923770364801946 0.04456823229664734 0.04521269422849272 0.04585715616033921 0.046501618092184595 0.04714608002402998 0.05446822518972162 0.06892896478793634 0.08338970438615104 0.09785044398436575 0.11231118358258045 0.12677192318079517 0.14123266277900987 0.15569340237722457 0.1701541419754393 0.184614881573654 0.19907562117189337 0.21353636077010807 0.2137657888526498 0.19878162296984755 0.1837974570870453 0.1688132912042431 0.15382912532144083 0.13884495943863862 0.12386079355583637 0.10887662767303413 0.09389246179023189 0.07890829590742965 0.0639241300246274 0.04893996414179963 0.1577524572073688 0.39890637959563513 0.6400603019839015 0.8812142243721679 1.1223681467604343 1.3635220691487007 1.604675991536967 1.8458299139252334 2.0869838363135 2.328137758701766 2.5692916810900326 2.810445603478299 3.103755839979523 3.452822356413777 3.801888872848031 4.150955389282286 4.50002190571654
0.1288658431467735 0.13084365618838212 0.13282146922999077 0.13479928227159943 0.13677709531320806 0.13875490835481671 0.14073272139642873 0.14271053443803738 0.14468834747964604 0.15230336452418666 0.16594468016677388 0.1795859958093611 0.19322731145194832 0.20686862709453557 0.2205099427371228 0.23415125837971001 0.24779257402229726 0.26143388966488446 0.2750752053074717 0.28871652095008216 0.30235783659266946 0.3020365240676237 0.28678884615471467 0.2715411682418056 0.25629349032889653 0.24104581241598746 0.2257981345030784 0.21055045659016935 0.19530277867726029 0.18005510076435122 0.16480742285144215 0.1495597449385331 0.13431206702559803 0.2437864203268662 0.4865914468395814 0.7293964733522966 0.9722014998650118 1.215006526377727 1.4578115528904423 1.7006165794031576 1.9434216059158724 2.1862266324285877 2.429031658941303 2.6718366854540183 2.914641711966733 3.204274614546887 3.543967576222202 3.883660537897517 4.223353499572832 4.563046461248147
0.2157413017242812 0.21905246587565308 0.22236363002702494 0.22567479417839684 0.2289859583297687 0.2322971224811406 0.23560828663251812 0.23891945078389 0.24223061493526188 0.2501385038586515 0.26296039554561124 0.275782287232571 0.2886041789195307 0.3014260706064905 0.31424796229345026 0.32706985398041 0.3398917456673698 0.35271363735432953 0.3655355290412893 0.37835742072827094 0.39117931241523063 0.3903072592825975 0.37479606933958165 0.3592848793965658 0.3437736894535499 0.328262499510534 0.3127513095675181 0.29724011962450225 0.2817289296814864 0.2662177397384705 0.2507065497954546 0.23519535985243875 0.2196841699093964 0.3298203834463636 0.5742765140835278 0.8187326447206917 1.063188775357856 1.3076449059950201 1.552101036632184 1.796557167269348 2.0410132979065123 2.2854694285436765 2.5299255591808403 2.7743816898180045 3.0188378204551687 3.304793389114251 3.6351127960306275 3.9654322029470035 4.2957516098633794 4.626071016779756
0.30261676030178886 0.307261275562924 0.3119057908240591 0.31655030608519424 0.3211948213463294 0.3258393366074645 0.33048385186860757 0.3351283671297427 0.33977288239087783 0.3479736431931164 0.3599761109244487 0.371978578655781 0.3839810463871133 0.39598351411844557 0.40798598184977786 0.41998844958111015 0.43199091731244244 0.4439933850437747 0.455995852775107 0.46799832050645973 0.480000788237792 0.47857799449757144 0.46280329252444874 0.44702859055132604 0.43125388857820335 0.41547918660508065 0.39970448463195796 0.38392978265883526 0.3681550806857125 0.3523803787125898 0.3366056767394671 0.3208309747663444 0.3050562727931948 0.415854346565861 0.661961581327474 0.9080688160890868 1.1541760508506997 1.4002832856123124 1.6463905203739255 1.8924977551355382 2.1386049898971513 2.384712224658764 2.630819459420377 2.8769266941819898 3.123033928943603 3.405312163681615 3.726258015839052 4.047203867996489 4.3681497201539266 4.689095572311363
0.38949221887937063 0.3954700852502701 0.40144795162116964 0.4074258179920691 0.41340368436296865 0.4193815507338682 0.42535941710477787 0.43133728347567735 0.4373151498465769 0.4458087825276647 0.4569918263033688 0.46817487007907294 0.47935791385477705 0.49054095763048117 0.5017240014061852 0.5129070451818893 0.5240900889575935 0.5352731327332976 0.5464561765090017 0.5576392202847249 0.568822264060429 0.5668487297126206 0.5508105157093908 0.534772301706161 0.5187340877029313 0.5026958736997016 0.4866576596964718 0.47061944569324204 0.4545812316900123 0.43854301768678255 0.4225048036835528 0.406466589680323 0.39042837567706595 0.5018883096854317 0.7496466485714949 0.997404987457558 1.2451633263436213 1.4929216652296842 1.7406800041157475 1.9884383430018109 2.236196681887874 2.483955020773937 2.73171335966 2.9794716985460634 3.2272300374321263 3.5058309382490647 3.8174032356475545 4.128975533046044 4.440547830444535 4.752120127843025
0.4763676774568783 0.48367889493754107 0.4909901124182038 0.49830132989886655 0.5056125473795293 0.5129237648601921 0.5202349823408673 0.52754619982153 0.5348574173021927 0.5436439218621295 0.5540075416822062 0.5643711615022828 0.5747347813223594 0.5850984011424362 0.5954620209625128 0.6058256407825895 0.6161892606026661 0.6265528804227427 0.6369165002428194 0.6472801200629137 0.6576437398829904 0.6551194649275944 0.6388177388942579 0.6225160128609213 0.6062142868275847 0.5899125607942481 0.5736108347609116 0.557309108727575 0.5410073826942384 0.5247056566609019 0.5084039306275653 0.4921022045942287 0.4758004785608644 0.5879222728049291 0.8373317158154411 1.0867411588259532 1.336150601836465 1.5855600448469769 1.8349694878574891 2.084378930868001 2.333788373878513 2.583197816889025 2.832607259899537 3.082016702910049 3.331426145920561 3.6063497128164284 3.9085484554559793 4.210747198095531 4.512945940735081 4.8151446833746325
0.563243136034386 0.571887704624812 0.5805322732152379 0.589176841805664 0.5978214103960899 0.606465978986516 0.6151105475769567 0.6237551161673827 0.6323996847578087 0.6414790611965945 0.6510232570610436 0.6605674529254928 0.670111648789942 0.6796558446543911 0.6892000405188403 0.6987442363832894 0.7082884322477386 0.7178326281121878 0.7273768239766369 0.7369210198411025 0.7464652157055516 0.7433902001425683 0.7268249620791248 0.7102597240156815 0.693694485952238 0.6771292478887947 0.6605640098253514 0.6439987717619079 0.6274335336984646 0.6108682956350211 0.5943030575715778 0.5777378195081344 0.5611725814446628 0.6739562359244265 0.9250167830593874 1.1760773301943483 1.4271378773293093 1.67819842446427 1.9292589715992312 2.180319518734192 2.4313800658691527 2.6824406130041134 2.9335011601390746 3.1845617072740353 3.435622254408996 3.706868487383793 3.999693675264405 4.292518863145016 4.585344051025628 4.87816923890624
0.6501185946118937 0.6600965143120829 0.6700744340122722 0.6800523537124614 0.6900302734126507 0.7000081931128399 0.7099861128130461 0.7199640325132354 0.7299419522134246 0.7393142005310593 0.748038972439881 0.7567637443487027 0.7654885162575245 0.7742132881663462 0.7829380600751679 0.7916628319839896 0.8003876038928113 0.809112375801633 0.8178371477104547 0.8265619196192913 0.835286691528113 0.8316609353575422 0.8148321852639919 0.7980034351704417 0.7811746850768915 0.7643459349833412 0.747517184889791 0.7306884347962408 0.7138596847026906 0.6970309346091405 0.6802021845155902 0.66337343442204 0.646544684328461 0.7599901990439238 1.0127018503033336 1.2654135015627435 1.518125152822153 1.770836804081563 2.023548455340973 2.2762601066003825 2.528971757859792 2.7816834091192018 3.0343950603786114 3.287106711638022 3.5398183628974316 3.807387261951157 4.09083889507283 4.374290528194503 4.657742161316175 4.941193794437848
0.7369940531894014 0.7483053239993538 0.7596165948093063 0.7709278656192587 0.7822391364292113 0.7935504072391637 0.8048616780491356 0.816172948859088 0.8274842196690404 0.8371493398655242 0.8450546878187184 0.8529600357719127 0.8608653837251069 0.8687707316783012 0.8766760796314954 0.8845814275846896 0.8924867755378839 0.9003921234910781 0.9082974714442723 0.91620281939748 0.9241081673506744 0.919931670572516 0.902839408448859 0.885747146325202 0.8686548842015449 0.8515626220778879 0.8344703599542309 0.8173780978305738 0.8002858357069168 0.7831935735832597 0.7661013114596027 0.7490090493359456 0.7319167872122594 0.8460241621634212 1.1003869175472798 1.3547496729311383 1.609112428314997 1.8634751836988557 2.1178379390827144 2.3722006944665726 2.6265634498504316 2.88092620523429 3.1352889606181487 3.389651716002007 3.6440144713858658 3.9079060365185208 4.181984114881255 4.456062193243989 4.7301402716067225 5.004218349969456
0.823869511766909 0.8365141336866248 0.8491587556063405 0.8618033775260562 0.8744479994457719 0.8870926213654876 0.8997372432852249 0.9123818652049406 0.9250264871246563 0.9349844791999891 0.9420704031975558 0.9491563271951226 0.9562422511926894 0.963328175190256 0.9704140991878228 0.9775000231853896 0.9845859471829564 0.9916718711805231 0.9987577951780899 1.0058437191756688 1.0129296431732355 1.0082024057874899 0.990846631633726 0.9734908574799621 0.9561350833261983 0.9387793091724345 0.9214235350186706 0.9040677608649067 0.8867119867111428 0.869356212557379 0.8520004384036152 0.8346446642498513 0.8172888900960579 0.9320581252829186 1.188071984791226 1.4440858442995335 1.7000997038078407 1.9561135633161482 2.2121274228244556 2.468141282332763 2.7241551418410705 2.9801690013493776 3.236182860857685 3.4921967203659925 3.7482105798743 4.008424811085884 4.2731293346896795 4.5378338582934745 4.80253838189727 5.067242905501064
0.9107449703444167 0.9247229433738956 0.9387009164033746 0.9526788894328535 0.9666568624623325 0.9806348354918114 0.9946128085213142 1.0085907815507933 1.0225687545802722 1.0328196185344538 1.039086118576393 1.0453526186183324 1.0516191186602717 1.057885618702211 1.0641521187441503 1.0704186187860896 1.0766851188280289 1.0829516188699682 1.0892181189119075 1.0954846189538574 1.1017511189957967 1.0964731410024637 1.078853854818593 1.0612345686347224 1.0436152824508516 1.025995996266981 1.0083767100831103 0.9907574238992396 0.973138137715369 0.9555188515314983 0.9378995653476276 0.920280279163757 0.9026609929798562 1.018092088402416 1.2757570520351724 1.5334220156679286 1.791086979300685 2.048751942933441 2.3064169065661977 2.5640818701989536 2.82174683383171 3.0794117974644664 3.3370767610972227 3.594741724729979 3.852406688362735 4.108943585653249 4.364274554498104 4.61960552334296 4.874936492187816 5.1302674610326715
0.9976204289219984 1.0129317530612418 1.0282430772004851 1.0435544013397284 1.058865725478972 1.0741770496182153 1.0894883737574848 1.104799697896728 1.1201110220359713 1.1306547578690023 1.1361018339553133 1.1415489100416245 1.1469959861279355 1.1524430622142467 1.1578901383005578 1.163337214386869 1.1687842904731802 1.1742313665594912 1.1796784426458025 1.1851255187321228 1.1905725948184338 1.1847438762175129 1.1668610780035351 1.1489782797895574 1.1310954815755798 1.113212683361602 1.0953298851476243 1.0774470869336465 1.0595642887196688 1.0416814905056913 1.0237986922917135 1.0059158940777357 0.9880330958637276 1.1041260515219868 1.3634421192791935 1.6227581870364 1.8820742547936067 2.141390322550813 2.4007063903080197 2.6600224580652263 2.919338525822433 3.1786545935796395 3.437970661336846 3.6972867290940528 3.9566027968512594 4.209462360220699 4.455419774306607 4.701377188392517 4.947334602478425 5.1932920165643335
1.0032129780338825 1.018740095187963 1.0342672123420438 1.0497943294961243 1.0653214466502048 1.0808485638042855 1.0963756809583924 1.1119027981124732 1.1274299152665537 1.137881931593317 1.142908550332074 1.147935169070831 1.1529617878095881 1.157988406548345 1.163015025287102 1.168041644025859 1.173068262764616 1.1780948815033732 1.18312150024213 1.1881481189808956 1.1931747377196527 1.187147109547482 1.1693022413472016 1.151457373146921 1.1336125049466408 1.1157676367463603 1.09792276854608 1.0800779003457994 1.0622330321455191 1.0443881639452386 1.0265432957449583 1.0086984275446778 0.9908535593443669 1.104299459008905 1.3580981599824893 1.6118968609560735 1.8656955619296578 2.119494262903242 2.3732929638768265 2.6270916648504103 2.880890365823995 3.134689066797579 3.3884877677711636 3.6422864687447474 3.896085169718332 4.145250687571671 4.389463227832985 4.633675768094299 4.877888308355613 5.122100848616927
0.9219192208780826 0.9364675318926882 0.9510158429072938 0.9655641539218994 0.980112464936505 0.9946607759511106 1.009209086965741 1.0237573979803467 1.0383057089949521 1.0482549018688148 1.0532875334137994 1.0583201649587841 1.0633527965037688 1.0683854280487535 1.0734180595937384 1.078450691138723 1.0834833226837077 1.0885159542286924 1.093548585773677 1.0985812173186704 1.103613848863655 1.0977633963191864 1.0802786806749816 1.0627939650307767 1.0453092493865719 1.027824533742367 1.0103398180981622 0.9928551024539575 0.9753703868097526 0.9578856711655478 0.9404009555213431 0.9229162398771382 0.9054315242329036 1.01269334504352 1.2533120357222645 1.493930726401009 1.7345494170797535 1.975168107758498 2.2157867984372426 2.456405489115987 2.6970241797947314 2.937642870473476 3.1782615611522207 3.418880251830965 3.6594989425097095 3.9049525512053322 4.155574796660415 4.4061970421154975 4.656819287570579 4.907441533025662
0.8406254637222824 0.8541949685974131 0.8677644734725437 0.8813339783476744 0.8949034832228049 0.9084729880979355 0.9220424929730893 0.9356119978482199 0.9491815027233506 0.9586278721443122 0.9636665164955246 0.9687051608467371 0.9737438051979495 0.9787824495491619 0.9838210939003743 0.9888597382515868 0.9938983826027992 0.9989370269540117 1.0039756713052241 1.009014315656445 1.0140529600076575 1.0083796830908904 0.9912551200027613 0.974130556914632 0.9570059938265029 0.9398814307383737 0.9227568676502446 0.9056323045621153 0.8885077414739861 0.871383178385857 0.8542586152977278 0.8371340522095987 0.8200094891214402 0.9210872310781351 1.1485259114620399 1.3759645918459444 1.6034032722298492 1.8308419526137538 2.0582806329976586 2.2857193133815636 2.513157993765468 2.740596674149373 2.968035354533278 3.195474034917182 3.422912715301087 3.664654414838994 3.9216863654878447 4.178718316136695 4.435750266785546 4.692782217434397
0.7593317065664824 0.7719224053021381 0.7845131040377937 0.7971038027734493 0.8096945015091049 0.8222852002447606 0.8348758989804377 0.8474665977160933 0.8600572964517489 0.8690008424198098 0.87404549957725 0.87909015673469 0.8841348138921302 0.8891794710495704 0.8942241282070105 0.8992687853644507 0.9043134425218908 0.9093580996793309 0.9144027568367711 0.9194474139942198 0.92449207115166 0.9189959698625947 0.9022315593305411 0.8854671487984875 0.8687027382664341 0.8519383277343805 0.8351739172023269 0.8184095066702733 0.8016450961382198 0.7848806856061662 0.7681162750741126 0.751351864542059 0.7345874540099769 0.8294811171127501 1.0437397872018148 1.2579984572908796 1.4722571273799445 1.6865157974690095 1.9007744675580742 2.115033137647139 2.3292918077362037 2.543550477825269 2.7578091479143336 2.9720678180033984 3.186326488092463 3.424356278472655 3.6877979343152743 3.9512395901578934 4.214681246000513 4.478122901843132
0.6780379494106824 0.6896498420068631 0.7012617346030436 0.7128736271992243 0.724485519795405 0.7360974123915855 0.747709304987786 0.7593211975839667 0.7709330901801473 0.7793738126953074 0.7844244826589752 0.7894751526226431 0.7945258225863109 0.7995764925499788 0.8046271625136466 0.8096778324773145 0.8147285024409824 0.8197791724046503 0.8248298423683181 0.8298805123319946 0.8349311822956624 0.8296122566342989 0.8132079986583209 0.796803740682343 0.7803994827063652 0.7639952247303872 0.7475909667544092 0.7311867087784313 0.7147824508024534 0.6983781928264754 0.6819739348504975 0.6655696768745195 0.6491654188985136 0.7378750031473651 0.9389536629415901 1.1400323227358151 1.3411109825300402 1.5421896423242654 1.7432683021184903 1.9443469619127154 2.1454256217069405 2.3465042815011654 2.5475829412953903 2.7486616010896157 2.94974026088384 3.1840581421063168 3.4539095031427043 3.723760864179092 3.9936122252154793 4.263463586251867
0.596744192254813 0.6073772787115178 0.6180103651682226 0.6286434516249274 0.6392765380816322 0.6499096245383371 0.66054271099506 0.6711757974517648 0.6818088839084696 0.6897467829707284 0.694803465740624 0.6998601485105196 0.7049168312804152 0.7099735140503107 0.7150301968202063 0.720086879590102 0.7251435623599976 0.7302002451298931 0.7352569278997887 0.7403136106696929 0.7453702934395885 0.7402285434059269 0.7241844379860249 0.7081403325661229 0.6920962271462209 0.6760521217263189 0.6600080163064169 0.643963910886515 0.6279198054666129 0.6118757000467109 0.5958315946268089 0.5797874892069069 0.5637433837869775 0.6462688891819021 0.834167538681276 1.0220661881806499 1.2099648376800238 1.3978634871793978 1.585762136678772 1.773660786178146 1.96155943567752 2.149458085176894 2.337356734676268 2.525255384175642 2.713154033675016 2.9437600057397733 3.220021071969935 3.496282138200096 3.772543204430258 4.048804270660419
0.515450435099013 0.5251047154162428 0.5347589957334726 0.5444132760507024 0.5540675563679323 0.5637218366851621 0.5733761170024084 0.5830303973196382 0.592684677636868 0.600119753246226 0.6051824488223493 0.6102451443984725 0.6153078399745958 0.6203705355507192 0.6254332311268425 0.6304959267029657 0.635558622279089 0.6406213178552123 0.6456840134313355 0.6507467090074674 0.6558094045835908 0.650844830177631 0.6351608773138047 0.6194769244499783 0.6037929715861519 0.5881090187223256 0.5724250658584992 0.5567411129946728 0.5410571601308464 0.5253732072670201 0.5096892544031937 0.4940053015393673 0.4783213486755142 0.5546627752165171 0.7293814144210513 0.9041000536255854 1.0788186928301196 1.253537332034654 1.4282559712391882 1.6029746104437224 1.7776932496482567 1.9524118888527908 2.127130528057325 2.3018491672618593 2.4765678064663934 2.7034618693734354 2.986132640797365 3.2688034122212946 3.5514741836452246 3.834144955069154
0.43415667794321294 0.44283215212096777 0.45150762629872265 0.4601831004764775 0.4688585746542323 0.47753404883198713 0.4862095230097568 0.4948849971875116 0.5035604713652664 0.5104927235217236 0.5155614319040746 0.5206301402864256 0.5256988486687766 0.5307675570511275 0.5358362654334786 0.5409049738158296 0.5459736821981805 0.5510423905805316 0.5561110989628826 0.5611798073452422 0.5662485157275932 0.5614611169493352 0.5461373166415845 0.5308135163338337 0.515489716026083 0.5001659157183322 0.4848421154105815 0.4695183151028307 0.45419451479508 0.4388707144873292 0.42354691417957846 0.40822311387182775 0.39289931356405083 0.46305666125113204 0.6245952901608264 0.7861339190705208 0.9476725479802152 1.1092111768899096 1.2707498057996038 1.4322884347092983 1.5938270636189926 1.7553656925286871 1.9169043214383814 2.0784429503480757 2.23998157925777 2.463163733007096 2.7522442096247945 3.0413246862424925 3.330405162860191 3.6194856394778894
0.3528629207874129 0.3605595888256927 0.36825625686397256 0.3759529249022524 0.38364959294053225 0.3913462609788121 0.3990429290171051 0.4067395970553849 0.41443626509366477 0.4208656937972211 0.4259404149857998 0.43101513617437853 0.43608985736295725 0.44116457855153596 0.44623929974011467 0.4513140209286934 0.4563887421172721 0.4614634633058508 0.4665381844944295 0.4716129056830169 0.4766876268715956 0.4720774037210394 0.45711375596936427 0.4421501082176892 0.42718646046601405 0.4122228127143389 0.3972591649626638 0.38229551721098864 0.36733186945931356 0.35236822170763843 0.3374045739559633 0.3224409262042882 0.30747727845258754 0.37145054728574706 0.5198091659006017 0.6681677845154562 0.8165264031303108 0.9648850217451654 1.1132436403600199 1.2616022589748745 1.4099608775897292 1.5583194962045837 1.7066781148194383 1.855036733434293 2.0033953520491474 2.222865596640758 2.5183557784522246 2.813845960263691 3.1093361420751577 3.404826323886624
