Figures/CREST_Example_wjb_NSE/Rolling_result/20100722/BJP_forecast/ens_19/wjb.rain.20100719.asc
ncols            288
nrows            254
xllcorner        113.274861
yllcorner        31.4918055
cellsize         0.008333333333
NODATA_value     -9999
[rows 40 to 59 of 254, columns 90 to 134 of 288]
5.716297887265682 5.716297887265682 5.716297887265682 5.716297887265682 5.716297887265682 5.716297887265682 5.716297887265682 5.716297887265682 5.716297887265682 6.10984648412947 6.924107429441688 7.738368374753906 8.552629320066124 9.366890265378341 10.181151210691947 10.995412156004164 11.809673101316383 12.623934046628602 13.438194991940819 14.252455937253037 15.066716882565254 15.487429231405258 15.487429231405258 15.487429231405258 15.487429231405258 15.487429231405258 15.487429231405258 15.487429231405258 15.487429231405258 15.487429231405258 15.487429231405258 15.487429231405258 15.487429231405258 15.492298318058856 15.502372568458517 15.512446818858178 15.52252106925784 15.532595319657501 15.542669570057162 15.552743820456824 15.562818070856501 15.572892321256163 15.582966571655824 15.593040822055485 15.603115072455147
5.716297887265682 5.716297887265682 5.716297887265682 5.716297887265682 5.716297887265682 5.716297887265682 5.716297887265682 5.716297887265682 5.716297887265682 6.10984648412947 6.924107429441688 7.738368374753906 8.552629320066124 9.366890265378341 10.181151210691947 10.995412156004164 11.809673101316383 12.623934046628602 13.438194991940819 14.252455937253037 15.066716882565254 15.487429231405258 15.487429231405258 15.487429231405258 15.487429231405258 15.487429231405258 15.487429231405258 15.487429231405258 15.487429231405258 15.487429231405258 15.487429231405258 15.487429231405258 15.487429231405258 15.492298318058856 15.502372568458517 15.512446818858178 15.52252106925784 15.532595319657501 15.542669570057162 15.552743820456824 15.562818070856501 15.572892321256163 15.582966571655824 15.593040822055485 15.603115072455147
5.716297887265682 5.716297887265682 5.716297887265682 5.716297887265682 5.716297887265682 5.716297887265682 5.716297887265682 5.716297887265682 5.716297887265682 6.10984648412947 6.924107429441688 7.738368374753906 8.552629320066124 9.366890265378341 10.181151210691947 10.995412156004164 11.809673101316383 12.623934046628602 13.438194991940819 14.252455937253037 15.066716882565254 15.487429231405258 15.487429231405258 15.487429231405258 15.487429231405258 15.487429231405258 15.487429231405258 15.487429231405258 15.487429231405258 15.487429231405258 15.487429231405258 15.487429231405258 15.487429231405258 15.492298318058856 15.502372568458517 15.512446818858178 15.52252106925784 15.532595319657501 15.542669570057162 15.552743820456824 15.562818070856501 15.572892321256163 15.582966571655824 15.593040822055485 15.603115072455147
5.716297887265682 5.716297887265682 5.716297887265682 5.716297887265682 5.716297887265682 5.716297887265682 5.716297887265682 5.716297887265682 5.716297887265682 6.10984648412947 6.924107429441688 7.738368374753906 8.552629320066124 9.366890265378341 10.181151210691947 10.995412156004164 11.809673101316383 12.623934046628602 13.438194991940819 14.252455937253037 15.066716882565254 15.487429231405258 15.487429231405258 15.487429231405258 15.487429231405258 15.487429231405258 15.487429231405258 15.487429231405258 15.487429231405258 15.487429231405258 15.487429231405258 15.487429231405258 15.487429231405258 15.492298318058856 15.502372568458517 15.512446818858178 15.52252106925784 15.532595319657501 15.542669570057162 15.552743820456824 15.562818070856501 15.572892321256163 15.582966571655824 15.593040822055485 15.603115072455147
5.716297887265682 5.716297887265682 5.716297887265682 5.716297887265682 5.716297887265682 5.716297887265682 5.716297887265682 5.716297887265682 5.716297887265682 6.10984648412947 6.924107429441688 7.738368374753906 8.552629320066124 9.366890265378341 10.181151210691947 10.995412156004164 11.809673101316383 12.623934046628602 13.438194991940819 14.252455937253037 15.066716882565254 15.487429231405258 15.487429231405258 15.487429231405258 15.487429231405258 15.487429231405258 15.487429231405258 15.487429231405258 15.487429231405258 15.487429231405258 15.487429231405258 15.487429231405258 15.487429231405258 15.492298318058856 15.502372568458517 15.512446818858178 15.52252106925784 15.532595319657501 15.542669570057162 15.552743820456824 15.562818070856501 15.572892321256163 15.582966571655824 15.593040822055485 15.603115072455147
5.716297887265682 5.716297887265682 5.716297887265682 5.716297887265682 5.716297887265682 5.716297887265682 5.716297887265682 5.716297887265682 5.716297887265682 6.10984648412947 6.924107429441688 7.738368374753906 8.552629320066124 9.366890265378341 10.181151210691947 10.995412156004164 11.809673101316383 12.623934046628602 13.438194991940819 14.252455937253037 15.066716882565254 15.487429231405258 15.487429231405258 15.487429231405258 15.487429231405258 15.487429231405258 15.487429231405258 15.487429231405258 15.487429231405258 15.487429231405258 15.487429231405258 15.487429231405258 15.487429231405258 15.492298318058856 15.502372568458517 15.512446818858178 15.52252106925784 15.532595319657501 15.542669570057162 15.552743820456824 15.562818070856501 15.572892321256163 15.582966571655824 15.593040822055485 15.603115072455147
5.716297887265682 5.716297887265682 5.716297887265682 5.716297887265682 5.716297887265682 5.716297887265682 5.716297887265682 5.716297887265682 5.716297887265682 6.10984648412947 6.924107429441688 7.738368374753906 8.552629320066124 9.366890265378341 10.181151210691947 10.995412156004164 11.809673101316383 12.623934046628602 13.438194991940819 14.252455937253037 15.066716882565254 15.487429231405258 15.487429231405258 15.487429231405258 15.487429231405258 15.487429231405258 15.487429231405258 15.487429231405258 15.487429231405258 15.487429231405258 15.487429231405258 15.487429231405258 15.487429231405258 15.492298318058856 15.502372568458517 15.512446818858178 15.52252106925784 15.532595319657501 15.542669570057162 15.552743820456824 15.562818070856501 15.572892321256163 15.582966571655824 15.593040822055485 15.603115072455147
5.716297887265682 5.716297887265682 5.716297887265682 5.716297887265682 5.716297887265682 5.716297887265682 5.716297887265682 5.716297887265682 5.716297887265682 6.10984648412947 6.924107429441688 7.738368374753906 8.552629320066124 9.366890265378341 10.181151210691947 10.995412156004164 11.809673101316383 12.623934046628602 13.438194991940819 14.252455937253037 15.066716882565254 15.487429231405258 15.487429231405258 15.487429231405258 15.487429231405258 15.487429231405258 15.487429231405258 15.487429231405258 15.487429231405258 15.487429231405258 15.487429231405258 15.487429231405258 15.487429231405258 15.492298318058856 15.502372568458517 15.512446818858178 15.52252106925784 15.532595319657501 15.542669570057162 15.552743820456824 15.562818070856501 15.572892321256163 15.582966571655824 15.593040822055485 15.603115072455147
5.716297887265682 5.716297887265682 5.716297887265682 5.716297887265682 5.716297887265682 5.716297887265682 5.716297887265682 5.716297887265682 5.716297887265682 6.10984648412947 6.924107429441688 7.738368374753906 8.552629320066124 9.366890265378341 10.181151210691947 10.995412156004164 11.809673101316383 12.623934046628602 13.438194991940819 14.252455937253037 15.066716882565254 15.487429231405258 15.487429231405258 15.487429231405258 15.487429231405258 15.487429231405258 15.487429231405258 15.487429231405258 15.487429231405258 15.487429231405258 15.487429231405258 15.487429231405258 15.487429231405258 15.492298318058856 15.502372568458517 15.512446818858178 15.52252106925784 15.532595319657501 15.542669570057162 15.552743820456824 15.562818070856501 15.572892321256163 15.582966571655824 15.593040822055485 15.603115072455147
6.019272749420469 6.019272749420469 6.019272749420469 6.019272749420469 6.019272749420469 6.019272749420469 6.019272749420469 6.019272749420469 6.019272749420469 6.414862511543241 7.23334667392843 8.051830836313618 8.870314998698806 9.688799161083995 10.507283323470581 11.325767485855769 12.144251648240957 12.962735810626146 13.781219973011336 14.599704135396525 15.418188297781711 15.841082698437734 15.841082698437734 15.841082698437734 15.841082698437734 15.841082698437734 15.841082698437734 15.841082698437734 15.841082698437734 15.841082698437734 15.841082698437734 15.841082698437734 15.841082698437734 15.835165244389046 15.822921898140333 15.810678551891618 15.798435205642905 15.786191859394192 15.773948513145479 15.761705166896766 15.749461820648031 15.737218474399318 15.724975128150605 15.71273178190189 15.700488435653178
6.646108635163439 6.646108635163439 6.646108635163439 6.646108635163439 6.646108635163439 6.646108635163439 6.646108635163439 6.646108635163439 6.646108635163439 7.04592143950154 7.873143171716096 8.700364903930652 9.527586636145209 10.354808368359766 11.182030100575734 12.009251832790289 12.836473565004844 13.663695297219402 14.490917029433959 15.318138761648516 16.14536049386307 16.572769422137334 16.572769422137334 16.572769422137334 16.572769422137334 16.572769422137334 16.572769422137334 16.572769422137334 16.572769422137334 16.572769422137334 16.572769422137334 16.572769422137334 16.572769422137334 16.54453529552006 16.4861182490401 16.427701202560144 16.369284156080184 16.310867109600224 16.252450063120268 16.194033016640308 16.13561597016025 16.077198923680292 16.018781877200333 15.960364830720374 15.901947784240415
7.27294452090641 7.27294452090641 7.27294452090641 7.27294452090641 7.27294452090641 7.27294452090641 7.27294452090641 7.27294452090641 7.27294452090641 7.67698036745984 8.512939669503764 9.348898971547689 10.184858273591612 11.020817575635537 11.856776877680886 12.692736179724811 13.528695481768734 14.364654783812657 15.200614085856582 16.036573387900507 16.87253268994443 17.304456145836934 17.304456145836934 17.304456145836934 17.304456145836934 17.304456145836934 17.304456145836934 17.304456145836934 17.304456145836934 17.304456145836934 17.304456145836934 17.304456145836934 17.304456145836934 17.253905346651074 17.14931459993987 17.044723853228668 16.940133106517465 16.835542359806258 16.730951613095055 16.626360866383852 16.521770119672468 16.417179372961265 16.31258862625006 16.207997879538855 16.103407132827652
7.899780406649381 7.899780406649381 7.899780406649381 7.899780406649381 7.899780406649381 7.899780406649381 7.899780406649381 7.899780406649381 7.899780406649381 8.308039295418139 9.152736167291431 9.997433039164722 10.842129911038015 11.686826782911306 12.531523654786039 13.376220526659331 14.220917398532622 15.065614270405913 15.910311142279205 16.755008014152494 17.59970488602579 18.036142869536533 18.036142869536533 18.036142869536533 18.036142869536533 18.036142869536533 18.036142869536533 18.036142869536533 18.036142869536533 18.036142869536533 18.036142869536533 18.036142869536533 18.036142869536533 17.96327539778209 17.81251095083964 17.66174650389719 17.51098205695474 17.360217610012292 17.209453163069842 17.058688716127392 16.907924269184686 16.757159822242237 16.606395375299787 16.455630928357337 16.304866481414887
8.526616292392886 8.526616292392886 8.526616292392886 8.526616292392886 8.526616292392886 8.526616292392886 8.526616292392886 8.526616292392886 8.526616292392886 8.939098223376977 9.792532665079644 10.645967106782312 11.499401548484979 12.352835990187646 13.206270431891769 14.059704873594436 14.913139315297105 15.766573756999772 16.620008198702436 17.473442640405104 18.32687708210777 18.767829593236762 18.767829593236762 18.767829593236762 18.767829593236762 18.767829593236762 18.767829593236762 18.767829593236762 18.767829593236762 18.767829593236762 18.767829593236762 18.767829593236762 18.767829593236762 18.672645448913713 18.47570730173998 18.278769154566245 18.08183100739251 17.884892860218773 17.687954713045038 17.491016565871305 17.294078418697232 17.097140271523497 16.90020212434976 16.70326397717603 16.506325830002293
9.153452178135858 9.153452178135858 9.153452178135858 9.153452178135858 9.153452178135858 9.153452178135858 9.153452178135858 9.153452178135858 9.153452178135858 9.570157151335277 10.432329162867312 11.294501174399347 12.156673185931382 13.018845197463417 13.881017208996923 14.743189220528958 15.605361232060993 16.467533243593028 17.329705255125063 18.191877266657098 19.054049278189133 19.49951631693636 19.49951631693636 19.49951631693636 19.49951631693636 19.49951631693636 19.49951631693636 19.49951631693636 19.49951631693636 19.49951631693636 19.49951631693636 19.49951631693636 19.49951631693636 19.38201550004473 19.138903652639748 18.89579180523477 18.652679957829786 18.409568110424807 18.166456263019825 17.923344415614846 17.68023256820945 17.43712072080447 17.19400887339949 16.950897025994507 16.70778517858953
9.780288063878828 9.780288063878828 9.780288063878828 9.780288063878828 9.780288063878828 9.780288063878828 9.780288063878828 9.780288063878828 9.780288063878828 10.201216079293577 11.07212566065498 11.943035242016382 12.813944823377785 13.684854404739188 14.555763986102075 15.426673567463478 16.29758314882488 17.168492730186284 18.039402311547686 18.91031189290909 19.781221474270488 20.23120304063596 20.23120304063596 20.23120304063596 20.23120304063596 20.23120304063596 20.23120304063596 20.23120304063596 20.23120304063596 20.23120304063596 20.23120304063596 20.23120304063596 20.23120304063596 20.091385551175744 19.80210000353952 19.512814455903293 19.223528908267067 18.93424336063084 18.644957812994612 18.355672265358386 18.066386717721667 17.77710117008544 17.487815622449215 17.19853007481299 16.909244527176764
10.407123949621798 10.407123949621798 10.407123949621798 10.407123949621798 10.407123949621798 10.407123949621798 10.407123949621798 10.407123949621798 10.407123949621798 10.832275007251877 11.711922158442647 12.591569309633417 13.471216460824188 14.350863612014956 15.230510763207228 16.110157914398 16.98980506558877 17.86945221677954 18.74909936797031 19.628746519161076 20.50839367035185 20.96288976433556 20.96288976433556 20.96288976433556 20.96288976433556 20.96288976433556 20.96288976433556 20.96288976433556 20.96288976433556 20.96288976433556 20.96288976433556 20.96288976433556 20.96288976433556 20.800755602306758 20.46529635443929 20.129837106571816 19.794377858704344 19.458918610836875 19.123459362969403 18.78800011510193 18.452540867233886 18.117081619366417 17.781622371498944 17.44616312363147 17.110703875764003
11.033959835364769 11.033959835364769 11.033959835364769 11.033959835364769 11.033959835364769 11.033959835364769 11.033959835364769 11.033959835364769 11.033959835364769 11.463333935210175 12.351718656230313 13.24010337725045 14.128488098270589 15.016872819290727 15.90525754031238 16.79364226133252 17.682026982352657 18.570411703372795 19.458796424392933 20.347181145413067 21.235565866433205 21.69457648803516 21.69457648803516 21.69457648803516 21.69457648803516 21.69457648803516 21.69457648803516 21.69457648803516 21.69457648803516 21.69457648803516 21.69457648803516 21.69457648803516 21.69457648803516 21.510125653437775 21.128492705339056 20.74685975724034 20.365226809141625 19.983593861042905 19.60196091294419 19.220327964845474 18.838695016746104 18.45706206864739 18.07542912054867 17.693796172449954 17.312163224351238
11.660795721107739 11.660795721107739 11.660795721107739 11.660795721107739 11.660795721107739 11.660795721107739 11.660795721107739 11.660795721107739 11.660795721107739 12.094392863168475 12.99151515401798 13.888637444867486 14.785759735716992 15.6828820265665 16.580004317417533 17.477126608267042 18.374248899116544 19.271371189966054 20.168493480815556 21.065615771665065 21.96273806251457 22.426263211734764 22.426263211734764 22.426263211734764 22.426263211734764 22.426263211734764 22.426263211734764 22.426263211734764 22.426263211734764 22.426263211734764 22.426263211734764 22.426263211734764 22.426263211734764 22.219495704568793 21.79168905623883 21.363882407908868 20.936075759578905 20.508269111248943 20.08046246291898 19.652655814589014 19.224849166258323 18.79704251792836 18.3692358695984 17.941429221268436 17.513622572938473
12.287631606851244 12.287631606851244 12.287631606851244 12.287631606851244 12.287631606851244 12.287631606851244 12.287631606851244 12.287631606851244 12.287631606851244 12.72545179112731 13.631311651806193 14.537171512485074 15.443031373163956 16.348891233842835 17.254751094523264 18.160610955202145 19.066470815881026 19.972330676559906 20.878190537238787 21.784050397917667 22.68991025859655 23.15794993543499 23.15794993543499 23.15794993543499 23.15794993543499 23.15794993543499 23.15794993543499 23.15794993543499 23.15794993543499 23.15794993543499 23.15794993543499 23.15794993543499 23.15794993543499 22.928865755700414 22.454885407139166 21.980905058577918 21.50692471001667 21.03294436145542 20.558964012894176 20.084983664332928 19.611003315770873 19.137022967209624 18.663042618648376 18.189062270087128 17.71508192152588
