Figures/CREST_Example_wjb_NSE/Rolling_result/20100722/BJP_forecast/ens_19/wjb.rain.20100726.asc
ncols            288
nrows            254
xllcorner        113.274861
yllcorner        31.4918055
cellsize         0.008333333333
NODATA_value     -9999
[rows 154 to 175 of 254, columns 200 to 249 of 288]
1.0116050947538506 0.9501427573616044 0.8886804199693581 0.8272180825771119 0.7657557451848657 0.7042934077926194 0.6428310704003731 0.6119739833158663 0.6138346013819838 0.6156952194480981 0.6175558375142125 0.6194164555803269 0.6212770736464414 0.6231376917125557 0.6249983097786701 0.6268589278447845 0.6287195459108988 0.6305801639770132 0.6324407820431276 0.7223245164413185 0.906306954269806 1.0902893920986072 1.2742718299270948 1.4582542677555825 1.64223670558407 1.8262191434125576 2.010201581241045 2.1941840190695325 2.3781664568980205 2.562148894726508 2.7461313325549956 2.873017630909826 2.938866863893967 3.004716096878108 3.0705653298623607 3.1364145628465017 3.2022637958306426 3.2681130288147835 3.333962261798924 3.399811494783065 3.465660727767206 3.5315099607513467 3.597359193735487 3.5324134458565606 3.32764490284628 3.1228763598359985 2.9181078168257173 2.7133392738150874 2.508570730804806 2.303802187794525
1.1182769101995431 1.0503334873074637 0.9823900644153842 0.9144466415233048 0.8465032186312252 0.7785597957391458 0.7106163728470664 0.6765054651602906 0.6785622818299869 0.6806190984996797 0.6826759151693724 0.6847327318390652 0.686789548508758 0.6888463651784507 0.6909031818481435 0.6929599985178362 0.695016815187529 0.6970736318572217 0.6991304485269144 0.7984922501837785 1.001875282923331 1.2052583156632304 1.4086413484027833 1.6120243811423358 1.8154074138818883 2.0187904466214412 2.2221734793609937 2.4255565121005462 2.628939544840099 2.8323225775796517 3.035705610319204 3.1759718252747784 3.2487647334781844 3.32155764168159 3.3943505498851203 3.4671434580885263 3.5399363662919323 3.6127292744953383 3.685522182698744 3.7583150909021503 3.831107999105556 3.903900907308962 3.976693815512368 3.9048996631842634 3.6785386703708394 3.452177677557416 3.2258166847439917 2.999455691930182 2.7730946991167578 2.5467337063033337
1.2249487256452358 1.150524217253323 1.0760997088614104 1.0016752004694975 0.927250692077585 0.8528261836856723 0.7784016752937597 0.7410369470047151 0.74328996227799 0.7455429775512612 0.7477959928245324 0.7500490080978035 0.7523020233710745 0.7545550386443457 0.7568080539176169 0.759061069190888 0.761314084464159 0.7635670997374302 0.7658201150107014 0.8746599839262386 1.0974436115768562 1.3202272392278538 1.5430108668784714 1.7657944945290893 1.988578122179707 2.2113617498303246 2.4341453774809425 2.65692900513156 2.8797126327821774 3.1024962604327952 3.325279888083413 3.4789260196397302 3.5586626030624013 3.6383991864850724 3.7181357699078794 3.7978723533305505 3.8776089367532216 3.9573455201758927 4.037082103598564 4.116818687021235 4.196555270443906 4.276291853866577 4.356028437289249 4.277385880511965 4.029432437895399 3.781478995278832 3.5335255526622653 3.285572110045276 3.037618667428709 2.7896652248121425
1.2901409615373074 1.2129396494178817 1.1357383372984562 1.0585370251790307 0.981335713059605 0.9041344009401794 0.8269330888207538 0.7880205708409954 0.7900396402404715 0.792058709639944 0.7940777790394165 0.7960968484388891 0.7981159178383616 0.8001349872378342 0.8021540566373067 0.8041731260367792 0.8061921954362518 0.8082112648357243 0.8102303342351967 0.9264954705347432 1.1648922378793762 1.403289005224416 1.641685772569049 1.880082539913682 2.1184793072583155 2.3568760746029485 2.5952728419475815 2.8336696092922145 3.0720663766368475 3.310463143981481 3.548859911326114 3.708349156906855 3.783484475785355 3.8586197946638556 3.933755113542484 4.008890432420984 4.084025751299484 4.159161070177985 4.234296389056485 4.309431707934985 4.384567026813486 4.459702345691986 4.534837664570487 4.45013353661995 4.1945574219891055 3.9389813073582602 3.683405192727415 3.427829078096134 3.1722529634652883 2.9166768488344434
1.3109941416107853 1.2349756694737877 1.15895719733679 1.0829387251997922 1.0069202530627948 0.930901780925797 0.8548833087887994 0.8162466406206952 0.8175719668148252 0.8188972930089531 0.8202226192030809 0.8215479453972088 0.8228732715913365 0.8241985977854643 0.8255239239795922 0.82684925017372 0.8281745763678479 0.8294999025619757 0.8308252287561035 0.9523213187747925 1.2022826749340183 1.4522440310936704 1.7022053872528962 1.952166743412122 2.2021280995713477 2.4520894557305737 2.7020508118897997 2.952012168049025 3.2019735242082508 3.4519348803674768 3.7018962365267027 3.8591722292708512 3.9173654707497882 3.975558712228725 4.03375195370776 4.091945195186698 4.150138436665634 4.208331678144571 4.2665249196235076 4.324718161102444 4.382911402581381 4.441104644060317 4.499297885539255 4.409373261588283 4.16110728679464 3.9128413120009973 3.664575337207354 3.416309362413288 3.1680433876196448 2.9197774128260017
1.331847321684263 1.2570116895296934 1.1821760573751239 1.107340425220554 1.0325047930659843 0.9576691609114146 0.882833528756845 0.844472710400395 0.8451042933891791 0.8457358763779622 0.8463674593667453 0.8469990423555284 0.8476306253443116 0.8482622083330946 0.8488937913218777 0.8495253743106608 0.8501569572994438 0.850788540288227 0.8514201232770101 0.9781471670148418 1.2396731119886604 1.5011990569629248 1.7627250019367433 2.024250946910562 2.285776891884381 2.547302836858199 2.808828781832018 3.070354726805836 3.331880671779655 3.593406616753473 3.854932561727292 4.009995301634849 4.051246465714221 4.092497629793594 4.133748793873037 4.17499995795241 4.2162511220317835 4.257502286111157 4.29875345019053 4.340004614269902 4.381255778349275 4.422506942428648 4.463758106508021 4.368612986556615 4.127657151600174 3.8867013166437334 3.6457454816872925 3.404789646730441 3.1638338117740004 2.9228779768175595
1.3527005017577411 1.2790477095855992 1.2053949174134575 1.1317421252413158 1.0580893330691739 0.9844365408970323 0.9107837487248904 0.8726987801800946 0.8726366199635329 0.8725744597469713 0.8725122995304097 0.8724501393138481 0.8723879790972865 0.8723258188807249 0.8722636586641632 0.8722014984476016 0.8721393382310401 0.8720771780144784 0.8720150177979168 1.0039730152548911 1.2770635490433024 1.5501540828321796 1.823244616620591 2.0963351504090024 2.3694256841974135 2.642516217985825 2.915606751774236 3.1886972855626476 3.461787819351059 3.7348783531394703 4.007968886927882 4.160818373998845 4.185127460678654 4.209436547358464 4.233745634038314 4.258054720718124 4.282363807397933 4.306672894077742 4.330981980757551 4.355291067437361 4.37960015411717 4.403909240796979 4.428218327476788 4.3278527115249465 4.094207016405709 3.86056132128647 3.6269156261672313 3.3932699310475942 3.159624235928356 2.9259785408091172
1.3735536818312188 1.301083729641505 1.2286137774517911 1.1561438252620775 1.0836738730723634 1.0112039208826498 0.9387339686929359 0.9009248499597944 0.9001689465378867 0.8994130431159804 0.8986571396940741 0.8979012362721678 0.8971453328502614 0.8963894294283551 0.8956335260064487 0.8948776225845425 0.8941217191626362 0.8933658157407298 0.8926099123188235 1.0297988634949404 1.3144539860979445 1.599109108701434 1.883764231304438 2.168419353907442 2.453074476510446 2.7377295991134503 3.022384721716454 3.307039844319458 3.591694966922462 3.876350089525466 4.161005212128471 4.311641446362841 4.319008455643087 4.326375464923332 4.33374247420359 4.341109483483836 4.348476492764082 4.355843502044327 4.363210511324573 4.370577520604819 4.377944529885065 4.38531153916531 4.392678548445556 4.287092436493279 4.060756881211243 3.834421325929207 3.6080857706471705 3.381750215364748 3.1554146600827115 2.9290791048006755
1.3944068619046968 1.323119749697411 1.251832637490125 1.180545525282839 1.1092584130755532 1.0379713008682674 0.9666841886609815 0.929150919739494 0.9277012731122405 0.9262516264849895 0.9248019798577385 0.9233523332304874 0.9219026866032364 0.9204530399759854 0.9190033933487344 0.9175537467214833 0.9161041000942323 0.9146544534669813 0.9132048068397302 1.0556247117349897 1.3518444231525866 1.6480641345706886 1.9442838459882852 2.240503557405882 2.536723268823479 2.8329429802410755 3.129162691658672 3.425382403076269 3.721602114493866 4.017821825911462 4.314041537329059 4.462464518726837 4.45288945060752 4.443314382488202 4.433739314368867 4.424164246249549 4.414589178130231 4.405014110010913 4.395439041891595 4.385863973772277 4.376288905652959 4.3667138375336405 4.357138769414322 4.246332161461611 4.0273067460167775 3.808281330571943 3.589255915127109 3.3702304996819015 3.151205084237067 2.9321796687922332
1.4152600419781924 1.3451557697533356 1.2750514975284788 1.2049472253036217 1.1348429530787647 1.0647386808539079 0.994634408629051 0.9573769895192179 0.9552335996866179 0.9530902098540215 0.9509468200214252 0.9488034301888288 0.9466600403562325 0.9445166505236361 0.9423732606910398 0.9402298708584435 0.9380864810258471 0.9359430911932507 0.9337997013606544 1.0814505599750612 1.3892348602072606 1.6970191604399847 2.0048034606721843 2.3125877609043832 2.6203720611365826 2.928156361368782 3.2359406616009814 3.5437249618331808 3.85150926206538 4.15929356229758 4.467077862529779 4.6132875910909625 4.586770445572067 4.56025330005317 4.533736154534229 4.507219009015333 4.480701863496437 4.45418471797754 4.4276675724586445 4.401150426939748 4.374633281420852 4.348116135901956 4.32159899038306 4.205571886429909 3.993856610822283 3.7821413352146576 3.5704260596070316 3.358710783999045 3.1469955083914196 2.935280232783794
1.4361132220516704 1.3671917898092412 1.2982703575668122 1.2293489253243832 1.1604274930819543 1.0915060608395253 1.0225846285970963 0.9856030592989176 0.9827659262609717 0.9799287932230306 0.9770916601850895 0.9742545271471486 0.9714173941092075 0.9685802610712664 0.9657431280333253 0.9629059949953843 0.9600688619574432 0.9572317289195021 0.9543945958815611 1.1072764082151105 1.4266252972619027 1.7459741863092395 2.0653230753560314 2.3846719644028234 2.7040208534496157 3.023369742496408 3.3427186315432 3.6620675205899924 3.9814164096367843 4.300765298683577 4.620114187730369 4.764110663454959 4.720651440536499 4.67719221761804 4.633732994699505 4.590273771781046 4.546814548862586 4.503355325944126 4.459896103025666 4.416436880107206 4.372977657188747 4.329518434270287 4.2860592113518265 4.164811611398241 3.960406475627817 3.7560013398573937 3.5515962040869704 3.3471910683161985 3.142785932545775 2.938380796775352
1.4569664021251483 1.3892278098651472 1.321489217605146 1.2537506253451451 1.186012033085144 1.118273440825143 1.050534848565142 1.0138291290786172 1.0102982528353255 1.0067673765920397 1.003236500348754 0.9997056241054681 0.9961747478621824 0.9926438716188967 0.9891129953756109 0.9855821191323251 0.9820512428890393 0.9785203666457536 0.9749894904024679 1.1331022564551598 1.4640157343165447 1.7949292121784939 2.1258426900398786 2.4567561679012635 2.7876696457626484 3.1185831236240333 3.4494966014854183 3.780410079346803 4.111323557208188 4.442237035069573 4.7731505129309575 4.914933735818956 4.854532435500932 4.794131135182909 4.733729834864782 4.673328534546759 4.612927234228735 4.552525933910712 4.492124633592688 4.431723333274665 4.371322032956641 4.310920732638618 4.250519432320593 4.1240513363665725 3.926956340433351 3.72986134450013 3.532766348566909 3.335671352633352 3.138576356700131 2.9414813607669097
1.477819582198626 1.411263829921053 1.3447080776434799 1.2781523253659066 1.2115965730883336 1.1450408208107605 1.0784850685331873 1.0420551988583169 1.0378305794096794 1.0336059599610488 1.0293813405124184 1.0251567210637877 1.0209321016151574 1.016707482166527 1.0124828627178963 1.008258243269266 1.0040336238206355 0.9998090043720049 0.9955843849233745 1.1589281046952091 1.5014061713711868 1.8438842380477483 2.1863623047237257 2.528840371399703 2.871318438075681 3.2137965047516586 3.556274571427636 3.8987526381036135 4.241230704779591 4.583708771455568 4.926186838131546 5.065756808182952 4.988413430465365 4.911070052747777 4.833726675030058 4.756383297312471 4.679039919594884 4.601696541877296 4.5243531641597095 4.4470097864421225 4.369666408724535 4.292323031006948 4.21497965328936 4.083291061334904 3.893506205238885 3.7037213491428664 3.5139364930468475 3.3241516369505053 3.1343667808544864 2.9445819247584675
1.4986727622721039 1.433299849976959 1.3679269376818137 1.3025540253866685 1.2371811130915233 1.1718082007963782 1.106435288501233 1.0702812686380168 1.065362905984033 1.0604445433300578 1.0555261806760827 1.0506078180221075 1.0456894553681322 1.0407710927141571 1.0358527300601819 1.0309343674062066 1.0260160047522315 1.0210976420982563 1.016179279444281 1.1847539529352584 1.5387966084258287 1.8928392639170029 2.2468819194075733 2.6009245748981433 2.954967230388714 3.309009885879284 3.6630525413698543 4.017095196860424 4.371137852350994 4.725180507841565 5.079223163332135 5.2165798805469485 5.122294425429798 5.028008970312647 4.933723515195335 4.8394380600781846 4.745152604961033 4.650867149843883 4.556581694726732 4.46229623960958 4.36801078449243 4.273725329375279 4.1794398742581285 4.042530786303237 3.86005607004442 3.6775813537856035 3.4951066375267867 3.312631921267659 3.1301572050088424 2.9476824887500257
1.5195259423455818 1.4553358700328647 1.3911457977201473 1.32695572540743 1.262765653094713 1.1985755807819958 1.1343855084692784 1.0985073384177164 1.092895232558387 1.087283126699067 1.081671020839747 1.0760589149804272 1.0704468091211072 1.0648347032617873 1.0592225974024676 1.0536104915431477 1.0479983856838277 1.0423862798245078 1.036774173965188 1.210579801175308 1.576187045480471 1.9417942897862577 2.307401534091421 2.673008778396584 3.038616022701747 3.4042232670069104 3.7698305113120734 4.135437755617236 4.501044999922399 4.866652244227563 5.232259488532726 5.367402952910946 5.256175420394231 5.144947887877517 5.033720355360612 4.922492822843897 4.811265290327182 4.700037757810469 4.588810225293754 4.477582692777039 4.3663551602603246 4.25512762774361 4.143900095226895 4.001770511271569 3.826605934849954 3.6514413584283396 3.4762767820067255 3.3011122055848126 3.125947629163198 2.950783052741584
1.6176922214444103 1.5544406739225585 1.4911891264007067 1.4279375788788546 1.3646860313570026 1.301434483835151 1.238182936313299 1.2006738527555503 1.1906840457062025 1.1806942386568717 1.170704431607541 1.1607146245582103 1.1507248175088796 1.1407350104595486 1.130745203410218 1.1207553963608872 1.1107655893115564 1.1007757822622257 1.0907859752128948 1.2615940511794699 1.6256791557683494 1.98976426035785 2.3538493649467296 2.717934469535609 3.0820195741244887 3.4461046787133682 3.8101897833022482 4.174274887891128 4.538359992480007 4.902445097068886 5.266530201657767 5.3974986566442595 5.279260137009605 5.161021617374951 5.042783097740095 4.924544578105441 4.806306058470787 4.6880675388361315 4.569829019201477 4.451590499566823 4.333351979932169 4.215113460297514 4.09687494066286 1.4996920758618835 1.4996920758618835 1.4996920758618835 1.4996920758618835 1.4996920758618835 1.4996920758618835 1.4996920758618835
1.798501330018971 1.7359271497484587 1.6733529694779468 1.6107787892074348 1.5482046089369228 1.4856304286664106 1.4230562483958984 1.3818780415368137 1.3635726144277978 1.3452671873188131 1.3269617602098285 1.3086563331008438 1.2903509059918592 1.2720454788828746 1.2537400517738897 1.235434624664905 1.2171291975559204 1.1988237704469358 1.1805183433379511 1.3395331149344876 1.6881071919212576 2.0366812689086222 2.3852553458953922 2.7338294228821622 3.0824034998689323 3.4309775768557027 3.7795516538424727 4.128125730829243 4.476699807816013 4.825273884802783 5.173847961789553 5.298544413284963 5.183910616043405 5.069276818801846 4.954643021560092 4.840009224318534 4.725375427076975 4.610741629835417 4.496107832593858 4.3814740353523 4.266840238110741 4.152206440869183 4.037572643627624 1.4996920758618835 1.4996920758618835 1.4996920758618835 1.4996920758618835 1.4996920758618835 1.4996920758618835 1.4996920758618835
1.979310438593377 1.9174136255742043 1.8555168125550314 1.7936199995358588 1.731723186516686 1.6698263734975132 1.6079295604783406 1.5630822303179226 1.5364611831492456 1.5098401359806142 1.4832190888119827 1.4565980416433513 1.4299769944747198 1.4033559473060881 1.3767349001374567 1.3501138529688252 1.3234928058001938 1.2968717586315623 1.2702507114629307 1.417472178689439 1.7505352280741129 2.0835982774593544 2.4166613268440282 2.749724376228702 3.082787425613376 3.4158504749980496 3.7489135243827234 4.081976573767397 4.4150396231520705 4.748102672536745 5.081165721921419 5.199590169925751 5.088561095077285 4.97753202022882 4.866502945380164 4.755473870531699 4.644444795683233 4.533415720834767 4.422386645986301 4.311357571137836 4.200328496289369 4.089299421440904 3.9782703465924385 1.4996920758618835 1.4996920758618835 1.4996920758618835 1.4996920758618835 1.4996920758618835 1.4996920758618835 1.4996920758618835
2.160119547167783 2.0989001013999498 2.037680655632116 1.9764612098642826 1.9152417640964492 1.8540223183286155 1.7928028725607823 1.7442864190990313 1.7093497518706935 1.6744130846424152 1.6394764174141367 1.6045397501858585 1.5696030829575802 1.534666415729302 1.4997297485010237 1.4647930812727454 1.4298564140444672 1.3949197468161887 1.3599830795879106 1.4954112424443904 1.8129632642269677 2.1305152860100867 2.448067307792664 2.765619329575241 3.0831713513578185 3.400723373140396 3.718275394922973 4.035827416705551 4.353379438488128 4.670931460270705 4.988483482053283 5.100635926566539 4.993211574111165 4.885787221655792 4.778362869200237 4.670938516744863 4.56351416428949 4.456089811834118 4.348665459378744 4.241241106923372 4.133816754467999 4.026392402012625 3.918968049557253 1.4996920758618835 1.4996920758618835 1.4996920758618835 1.4996920758618835 1.4996920758618835 1.4996920758618835 1.4996920758618835
2.3409286557421893 2.2803865772256953 2.219844498709201 2.1593024201927067 2.0987603416762126 2.038218263159718 1.977676184643224 1.92549060788014 1.8822383205921411 1.838986033304216 1.7957337460162908 1.7524814587283657 1.7092291714404406 1.6659768841525155 1.6227245968645905 1.5794723095766654 1.5362200222887403 1.492967735000815 1.44971544771289 1.5733503061993415 1.8753913003798226 2.177432294560819 2.4794732887413 2.7815142829217807 3.083555277102262 3.385596271282743 3.6876372654632243 3.9896782596437053 4.291719253824186 4.593760248004667 4.895801242185149 5.001681683207327 4.8978620531450465 4.794042423082766 4.690222793020309 4.586403162958029 4.482583532895749 4.378763902833469 4.274944272771188 4.171124642708908 4.067305012646628 3.9634853825843477 3.8596657525220675 1.4996920758618835 1.4996920758618835 1.4996920758618835 1.4996920758618835 1.4996920758618835 1.4996920758618835 1.4996920758618835
2.5217377643165957 2.4618730530514408 2.402008341786286 2.3421436305211305 2.2822789192559756 2.2224142079908207 2.1625494967256653 2.1066947966612486 2.0551268893135886 2.003558981966017 1.951991074618445 1.9004231672708731 1.848855259923301 1.7972873525757291 1.7457194452281573 1.6941515378805854 1.6425836305330135 1.5910157231854416 1.5394478158378697 1.651289369954293 1.9378193365326777 2.224349303111551 2.510879269689936 2.7974092362683205 3.0839392028467048 3.37046916942509 3.656999136003474 3.9435291025818593 4.2300590691602435 4.516589035738629 4.803119002317013 4.902727439848115 4.802512532178927 4.70229762450974 4.602082716840381 4.501867809171194 4.401652901502007 4.3014379938328196 4.2012230861636315 4.101008178494444 4.000793270825257 3.90057836315607 3.8003634554868824 1.4996920758618835 1.4996920758618835 1.4996920758618835 1.4996920758618835 1.4996920758618835 1.4996920758618835 1.4996920758618835
2.702546872891002 2.6433595288771863 2.5841721848633705 2.5249848408495548 2.465797496835739 2.4066101528219233 2.3474228088081075 2.2878989854423577 2.2280154580350366 2.168131930627818 2.1082484032205993 2.0483648758133803 1.9884813484061619 1.928597820998943 1.8687142935917243 1.8088307661845056 1.7489472387772869 1.6890637113700682 1.6291801839628495 1.7292284337092443 2.000247372685533 2.2712663116622833 2.542285250638572 2.8133041896148603 3.0843231285911488 3.3553420675674372 3.6263610065437257 3.897379945520014 4.168398884496303 4.439417823472591 4.71043676244888 4.803773196488903 4.707163011212808 4.610552825936713 4.513942640660454 4.41733245538436 4.320722270108265 4.22411208483217 4.1275018995560755 4.0308917142799805 3.934281529003886 3.8376713437277914 3.7410611584516964 1.4996920758618835 1.4996920758618835 1.4996920758618835 1.4996920758618835 1.4996920758618835 1.4996920758618835 1.4996920758618835
