Figures/CREST_Example_wjb_NSE/Rolling_result/20100722/BJP_forecast/ens_19/wjb.rain.20100724.asc
ncols            288
nrows            254
xllcorner        113.274861
yllcorner        31.4918055
cellsize         0.008333333333
NODATA_value     -9999
[rows 40 to 59 of 254, columns 132 to 175 of 288]
5.283627305742877 4.8357153063667475 4.387803306990619 6.290567388453725 6.290567388453725 6.290567388453725 6.290567388453725 6.290567388453725 6.290567388453725 6.290567388453725 6.290567388453725 -9999.0 -9999.0 -9999.0 -9999.0 -9999.0 -9999.0 -9999.0 -9999.0 -9999.0 -9999.0 -9999.0 -9999.0 -9999.0 -9999.0 -9999.0 -9999.0 -9999.0 -9999.0 -9999.0 -9999.0 -9999.0 -9999.0 -9999.0 -9999.0 -9999.0 -9999.0 -9999.0 -9999.0 -9999.0 -9999.0 -9999.0 -9999.0 -9999.0
5.351853767089158 4.913770979257144 4.475688191425131 6.290567388453725 6.290567388453725 6.290567388453725 6.290567388453725 6.290567388453725 6.290567388453725 6.290567388453725 6.290567388453725 6.290567388453725 -9999.0 -9999.0 -9999.0 6.290567388453725 6.290567388453725 -9999.0 -9999.0 -9999.0 -9999.0 -9999.0 -9999.0 -9999.0 -9999.0 -9999.0 -9999.0 -9999.0 -9999.0 -9999.0 -9999.0 -9999.0 -9999.0 -9999.0 -9999.0 -9999.0 -9999.0 -9999.0 -9999.0 -9999.0 -9999.0 -9999.0 -9999.0 -9999.0
5.420080228435439 4.991826652147542 4.563573075859644 6.290567388453725 6.290567388453725 6.290567388453725 6.290567388453725 6.290567388453725 6.290567388453725 6.290567388453725 6.290567388453725 6.290567388453725 6.290567388453725 6.290567388453725 6.290567388453725 6.290567388453725 6.290567388453725 -9999.0 -9999.0 6.290567388453725 6.290567388453725 6.290567388453725 6.290567388453725 -9999.0 -9999.0 -9999.0 -9999.0 -9999.0 -9999.0 -9999.0 -9999.0 -9999.0 -9999.0 -9999.0 -9999.0 -9999.0 -9999.0 -9999.0 -9999.0 -9999.0 -9999.0 -9999.0 -9999.0 -9999.0
5.488306689781719 5.069882325037938 4.651457960294156 6.290567388453725 6.290567388453725 6.290567388453725 6.290567388453725 6.290567388453725 6.290567388453725 6.290567388453725 6.290567388453725 6.290567388453725 6.290567388453725 6.290567388453725 6.290567388453725 6.290567388453725 6.290567388453725 6.290567388453725 6.290567388453725 6.290567388453725 6.290567388453725 6.290567388453725 6.290567388453725 6.290567388453725 -9999.0 -9999.0 -9999.0 -9999.0 -9999.0 -9999.0 -9999.0 -9999.0 -9999.0 -9999.0 -9999.0 -9999.0 -9999.0 -9999.0 -9999.0 -9999.0 -9999.0 -9999.0 -9999.0 -9999.0
5.556533151128001 5.147937997928334 4.739342844728668 6.290567388453725 6.290567388453725 6.290567388453725 6.290567388453725 6.290567388453725 6.290567388453725 6.290567388453725 6.290567388453725 6.290567388453725 6.290567388453725 6.290567388453725 6.290567388453725 6.290567388453725 6.290567388453725 6.290567388453725 6.290567388453725 6.290567388453725 6.290567388453725 6.290567388453725 6.290567388453725 6.290567388453725 6.290567388453725 -9999.0 -9999.0 -9999.0 -9999.0 -9999.0 -9999.0 -9999.0 -9999.0 -9999.0 -9999.0 -9999.0 -9999.0 -9999.0 -9999.0 -9999.0 -9999.0 -9999.0 -9999.0 -9999.0
5.624759612474282 5.225993670818731 4.827227729163181 6.290567388453725 6.290567388453725 6.290567388453725 6.290567388453725 6.290567388453725 6.290567388453725 6.290567388453725 6.290567388453725 6.290567388453725 6.290567388453725 6.290567388453725 6.290567388453725 6.290567388453725 6.290567388453725 6.290567388453725 6.290567388453725 6.290567388453725 6.290567388453725 6.290567388453725 6.290567388453725 6.290567388453725 6.290567388453725 -9999.0 6.290567388453725 6.290567388453725 6.290567388453725 -9999.0 -9999.0 -9999.0 -9999.0 -9999.0 -9999.0 -9999.0 -9999.0 -9999.0 -9999.0 -9999.0 -9999.0 -9999.0 -9999.0 -9999.0
5.69298607382062 5.3040493437091945 4.915112613597768 6.290567388453725 6.290567388453725 6.290567388453725 6.290567388453725 6.290567388453725 6.290567388453725 6.290567388453725 6.290567388453725 6.290567388453725 6.290567388453725 6.290567388453725 6.290567388453725 6.290567388453725 6.290567388453725 6.290567388453725 6.290567388453725 6.290567388453725 6.290567388453725 6.290567388453725 6.290567388453725 6.290567388453725 6.290567388453725 6.290567388453725 6.290567388453725 6.290567388453725 6.290567388453725 -9999.0 -9999.0 -9999.0 -9999.0 -9999.0 -9999.0 -9999.0 -9999.0 -9999.0 -9999.0 -9999.0 -9999.0 -9999.0 -9999.0 -9999.0
5.7612125351669015 5.382105016599591 5.002997498032281 6.290567388453725 6.290567388453725 6.290567388453725 6.290567388453725 6.290567388453725 6.290567388453725 6.290567388453725 6.290567388453725 6.290567388453725 6.290567388453725 6.290567388453725 6.290567388453725 6.290567388453725 6.290567388453725 6.290567388453725 6.290567388453725 6.290567388453725 6.290567388453725 6.290567388453725 6.290567388453725 6.290567388453725 6.290567388453725 6.290567388453725 6.290567388453725 6.290567388453725 -9999.0 -9999.0 -9999.0 -9999.0 -9999.0 -9999.0 -9999.0 -9999.0 -9999.0 -9999.0 -9999.0 -9999.0 -9999.0 -9999.0 -9999.0 -9999.0
5.829438996513183 5.460160689489989 5.090882382466794 6.290567388453725 6.290567388453725 6.290567388453725 6.290567388453725 6.290567388453725 6.290567388453725 6.290567388453725 6.290567388453725 6.290567388453725 6.290567388453725 6.290567388453725 6.290567388453725 6.290567388453725 6.290567388453725 6.290567388453725 6.290567388453725 6.290567388453725 6.290567388453725 6.290567388453725 6.290567388453725 6.290567388453725 6.290567388453725 6.290567388453725 6.290567388453725 6.290567388453725 6.290567388453725 6.290567388453725 6.290567388453725 -9999.0 -9999.0 -9999.0 -9999.0 -9999.0 -9999.0 -9999.0 -9999.0 -9999.0 -9999.0 -9999.0 -9999.0 -9999.0
5.866866597248366 5.503282311545622 5.1396980258428755 4.930650775983755 4.886807112582077 4.842963449180401 4.799119785778723 4.7552761223770466 4.71143245897537 4.6675887955736926 4.623745132172016 4.579901468770264 4.536057805368587 4.49221414196691 4.448370478565233 4.485029343724337 4.607747232793484 4.730465121862632 4.853183010931779 4.975900900000926 5.098618789070074 5.221336678139221 5.344054567208369 5.466772456277516 5.589490345346873 5.712208234416021 5.834926123485168 6.290567388453725 6.290567388453725 6.290567388453725 6.290567388453725 6.290567388453725 6.290567388453725 6.290567388453725 -9999.0 -9999.0 -9999.0 -9999.0 -9999.0 -9999.0 -9999.0 -9999.0 -9999.0 -9999.0
5.871372158009937 5.509061636022624 5.146751114035311 4.949357332205756 4.928263275501647 4.907169218797538 4.886075162093428 4.864981105389319 4.843887048685209 4.822792991981101 4.801698935276991 4.780604878572846 4.759510821868736 4.738416765164627 4.717322708460517 4.767161626565495 4.892829499167186 5.018497371768876 5.1441652443705665 5.269833116972257 5.395500989573947 5.521168862175639 5.646836734777329 5.77250460737902 5.898172479980924 6.0238403525826145 6.149508225184305 6.290567388453725 6.290567388453725 6.290567388453725 6.290567388453725 6.290567388453725 6.290567388453725 6.290567388453725 6.290567388453725 6.290567388453725 6.290567388453725 -9999.0 -9999.0 -9999.0 -9999.0 -9999.0 -9999.0 -9999.0
5.875877718771509 5.514840960499628 5.153804202227748 4.968063888427759 4.969719438421217 4.971374988414675 4.973030538408135 4.974686088401593 4.976341638395051 4.9779971883885095 4.979652738381968 4.981308288375429 4.982963838368887 4.984619388362345 4.986274938355804 5.049293909406655 5.177911765540888 5.306529621675122 5.435147477809355 5.563765333943589 5.692383190077822 5.821001046212055 5.949618902346289 6.078236758480522 6.206854614614976 6.335472470749209 6.464090326883442 6.290567388453725 6.290567388453725 6.290567388453725 6.290567388453725 6.290567388453725 6.290567388453725 6.290567388453725 6.290567388453725 6.290567388453725 6.290567388453725 6.290567388453725 -9999.0 -9999.0 -9999.0 -9999.0 -9999.0 -9999.0
5.8803832795330795 5.520620284976632 5.160857290420184 4.986770444649762 5.0111756013407875 5.035580758031814 5.05998591472284 5.084391071413865 5.108796228104891 5.1332013847959175 5.157606541486943 5.182011698178011 5.206416854869037 5.230822011560062 5.255227168251088 5.331426192247814 5.46299403191459 5.594561871581367 5.726129711248143 5.85769755091492 5.989265390581696 6.120833230248473 6.2524010699152495 6.383968909582026 6.515536749249026 6.647104588915804 6.7786724285825795 6.290567388453725 6.290567388453725 6.290567388453725 6.290567388453725 6.290567388453725 6.290567388453725 6.290567388453725 6.290567388453725 6.290567388453725 6.290567388453725 6.290567388453725 6.290567388453725 6.290567388453725 6.290567388453725 -9999.0 -9999.0 -9999.0
5.884888840294655 5.526399609453641 5.167910378612627 5.00547700087178 5.0526317642603935 5.099786527649006 5.146941291037619 5.194096054426232 5.241250817814844 5.288405581203458 5.3355603445920705 5.382715107980764 5.429869871369377 5.477024634757989 5.524179398146602 5.613558475089214 5.748076298288535 5.882594121487857 6.017111944687179 6.151629767886501 6.2861475910858235 6.420665414285145 6.555183237484467 6.689701060683789 6.824218883883341 6.958736707082663 7.0932545302819845 6.290567388453725 6.290567388453725 6.290567388453725 6.290567388453725 6.290567388453725 6.290567388453725 6.290567388453725 6.290567388453725 6.290567388453725 6.290567388453725 6.290567388453725 6.290567388453725 6.290567388453725 6.290567388453725 -9999.0 -9999.0 -9999.0
5.889394401056226 5.532178933930643 5.174963466805062 5.0241835570937825 5.094087927179963 5.163992297266144 5.233896667352324 5.303801037438505 5.373705407524685 5.443609777610866 5.513514147697046 5.583418517783346 5.6533228878695265 5.723227257955707 5.793131628041888 5.895690757930373 6.033158564662237 6.1706263713941025 6.308094178125968 6.445561984857832 6.583029791589698 6.720497598321563 6.857965405053427 6.995433211785293 7.1329010185173924 7.270368825249257 7.407836631981122 6.290567388453725 6.290567388453725 6.290567388453725 6.290567388453725 6.290567388453725 6.290567388453725 6.290567388453725 6.290567388453725 6.290567388453725 6.290567388453725 6.290567388453725 6.290567388453725 6.290567388453725 6.290567388453725 6.290567388453725 -9999.0 -9999.0
5.893899961817796 5.537958258407647 5.182016554997498 5.042890113315785 5.1355440900995335 5.228198066883281 5.3208520436670295 5.413506020450778 5.506159997234526 5.598813974018274 5.691467950802022 5.784121927585929 5.876775904369676 5.969429881153425 6.062083857937173 6.177823040771532 6.31824083103594 6.458658621300348 6.599076411564756 6.739494201829164 6.879911992093572 7.0203297823579796 7.1607475726223875 7.301165362886796 7.441583153151443 7.582000943415851 7.722418733680259 6.290567388453725 6.290567388453725 6.290567388453725 6.290567388453725 6.290567388453725 6.290567388453725 6.290567388453725 6.290567388453725 6.290567388453725 6.290567388453725 6.290567388453725 6.290567388453725 6.290567388453725 6.290567388453725 6.290567388453725 6.290567388453725 -9999.0
5.898405522579368 5.543737582884651 5.189069643189935 5.061596669537788 5.177000253019104 5.292403836500419 5.407807419981736 5.523211003463051 5.6386145869443665 5.754018170425683 5.869421753906998 5.984825337388511 6.100228920869826 6.2156325043511425 6.331036087832458 6.459955323612691 6.603323097409643 6.746690871206593 6.890058645003544 7.033426418800495 7.1767941925974466 7.320161966394397 7.463529740191348 7.606897513988299 7.750265287785495 7.893633061582445 8.037000835379397 6.290567388453725 6.290567388453725 6.290567388453725 6.290567388453725 6.290567388453725 6.290567388453725 6.290567388453725 6.290567388453725 6.290567388453725 6.290567388453725 6.290567388453725 6.290567388453725 6.290567388453725 6.290567388453725 6.290567388453725 6.290567388453725 6.290567388453725
5.902911083340938 5.549516907361655 5.196122731382371 5.08030322575979 5.2184564159386735 5.356609606117557 5.49476279629644 5.632915986475323 5.7710691766542075 5.909222366833091 6.047375557011974 6.185528747191093 6.323681937369976 6.46183512754886 6.599988317727743 6.74208760645385 6.8884053637833444 7.0347231211128385 7.1810408784423325 7.327358635771827 7.473676393101321 7.619994150430815 7.766311907760309 7.912629665089803 8.058947422419546 8.205265179749041 8.351582937078534 6.290567388453725 6.290567388453725 6.290567388453725 6.290567388453725 6.290567388453725 6.290567388453725 6.290567388453725 6.290567388453725 6.290567388453725 6.290567388453725 6.290567388453725 6.290567388453725 6.290567388453725 6.290567388453725 6.290567388453725 6.290567388453725 6.290567388453725
5.9074166441025096 5.555296231838659 5.203175819574807 5.099009781981793 5.259912578858244 5.420815375734694 5.581718172611145 5.7426209694875965 5.903523766364048 6.064426563240499 6.22532936011695 6.386232156993675 6.547134953870126 6.708037750746577 6.868940547623028 7.024219889295009 7.173487630157046 7.322755371019083 7.47202311188112 7.621290852743157 7.770558593605194 7.919826334467231 8.069094075329268 8.218361816191305 8.367629557053597 8.516897297915634 8.66616503877767 6.290567388453725 6.290567388453725 6.290567388453725 6.290567388453725 6.290567388453725 6.290567388453725 6.290567388453725 6.290567388453725 6.290567388453725 6.290567388453725 6.290567388453725 6.290567388453725 6.290567388453725 6.290567388453725 6.290567388453725 6.290567388453725 6.290567388453725
5.9119222048640845 5.561075556315666 5.210228907767249 5.117716338203811 5.301368741777849 5.485021145351887 5.668673548925925 5.852325952499963 6.035978356074001 6.219630759648039 6.403283163222077 6.586935566796428 6.770587970370466 6.954240373944504 7.137892777518542 7.306352172136409 7.4585698965309914 7.610787620925573 7.763005345320156 7.915223069714739 8.067440794109322 8.219658518503904 8.371876242898487 8.52409396729307 8.67631169168791 8.828529416082494 8.980747140477076 6.290567388453725 6.290567388453725 6.290567388453725 6.290567388453725 6.290567388453725 6.290567388453725 6.290567388453725 6.290567388453725 6.290567388453725 6.290567388453725 6.290567388453725 6.290567388453725 6.290567388453725 6.290567388453725 6.290567388453725 6.290567388453725 6.290567388453725
