Figures/CREST_Example_wjb_NSE/Rolling_result/20100722/BJP_forecast/ens_19/wjb.rain.20100301.asc
ncols            288
nrows            254
xllcorner        113.274861
yllcorner        31.4918055
cellsize         0.008333333333
NODATA_value     -9999
[rows 100 to 124 of 254, columns 174 to 231 of 288]
0.0 0.0 0.0 0.0 0.0 0.0 0.0 0.0 0.0 0.0 0.0 0.0 0.0 0.0 0.0 0.0 0.0 0.0 0.0 0.0 0.0 0.0 0.0 0.0 0.0 0.0 0.0 0.0 0.0 0.0 0.0 0.0 0.0 0.0 0.0 0.0 0.0 0.0 0.0 0.0 0.0 0.0 0.0 0.0 0.0 0.0 0.0 0.0 0.0 0.0 0.0 0.0 -9999.0 -9999.0 -9999.0 -9999.0 -9999.0 -9999.0
0.0 0.0 0.0 0.0 0.0 0.0 0.0 0.0 0.0 0.0 0.0 0.0 0.0 0.0 0.0 0.0 0.0 0.0 0.0 0.0 0.0 0.0 0.0 0.0 0.0 0.0 0.0 0.0 0.0 0.0 0.0 0.0 0.0 0.0 0.0 0.0 0.0 0.0 0.0 0.0 0.0 0.0 0.0 0.0 0.0 0.0 0.0 0.0 0.0 0.0 0.0 0.0 -9999.0 -9999.0 -9999.0 -9999.0 -9999.0 -9999.0
0.0 0.0 0.0 0.0 0.0 0.0 0.0 0.0 0.0 0.0 0.0 0.0 0.0 0.0 0.0 0.0 0.0 0.0 0.0 0.0 0.0 0.0 0.0 0.0 0.0 0.0 0.0 0.0 0.0 0.0 0.0 0.0 0.0 0.0 0.0 0.0 0.0 0.0 0.0 0.0 0.0 0.0 0.0 0.0 0.0 0.0 0.0 0.0 0.0 0.0 0.0 0.0 0.0 0.0 0.0 0.0 -9999.0 0.0
0.0 0.0 0.0 0.0 0.0 0.0 0.0 0.0 0.0 0.0 0.0 0.0 0.0 0.0 0.0 0.0 0.0 0.0 0.0 0.0 0.0 0.0 0.0 0.0 0.0 0.0 0.0 0.0 0.0 0.0 0.0 0.0 0.0 0.0 0.0 0.0 0.0 0.0 0.0 0.0 0.0 0.0 0.0 0.0 0.0 0.0 0.0 0.0 0.0 0.0 0.0 0.0 0.0 0.0 0.0 0.0 0.0 0.0
0.0 0.0 0.0 0.0 0.0 0.0 0.0 0.0 0.0 0.0 0.0 0.0 0.0 0.0 0.0 0.0 0.0 0.0 0.0 0.0 0.0 0.0 0.0 0.0 0.0 0.0 0.0 0.0 0.0 0.0 0.0 0.0 0.0 0.0 0.0 0.0 0.0 0.0 0.0 0.0 0.0 0.0 0.0 0.0 0.0 0.0 0.0 0.0 0.0 0.0 0.0 0.0 0.0 0.0 0.0 0.0 0.0 0.0
0.0 0.0 0.0 0.0 0.0 0.0 0.0 0.0 0.0 0.0 0.0 0.0 0.0 0.0 0.0 0.0 0.0 0.0 0.0 0.0 0.0 0.0 0.0 0.0 0.0 0.0 0.0 0.0 0.0 0.0 0.0 0.0 0.0 0.0 0.0 0.0 0.0 0.0 0.0 0.0 0.0 0.0 0.0 0.0 0.0 0.0 0.0 0.0 0.0 0.0 0.0 0.0 0.0 0.0 0.0 0.0 0.0 0.0
0.0 0.0 0.0 0.0 0.0 0.0 0.0 0.0 0.0 0.0 0.0 0.0 0.0 0.0 0.0 0.0 0.0 0.0 0.0 0.0 0.0 0.0 0.0 0.0 0.0 0.0 0.0 0.0 0.0 0.0 0.0 0.0 0.0 0.0 0.0 0.0 0.0 0.0 0.0 0.0 0.0 0.0 0.0 0.0 0.0 0.0 0.0 0.0 0.0 0.0 0.0 0.0 0.0 0.0 0.0 0.0 0.0 0.0
0.0 0.0 0.0 0.0 0.0 0.0 0.0 0.0 0.0 0.0 0.0 0.0 0.0 0.0 0.0 0.0 0.0 0.0 0.0 0.0 0.0 0.0 0.0 0.0 0.0 0.0 0.0 0.0 0.0 0.0 0.0 0.0 0.0 0.0 0.0 0.0 0.0 0.0 0.0 0.0 0.0 0.0 0.0 0.0 0.0 0.0 0.0 0.0 0.0 0.0 0.0 0.0 0.0 0.0 0.0 0.0 0.0 0.0
0.0 0.0 0.0 0.0 0.0 0.0 0.0 0.0 0.0 0.0 0.0 0.0 0.0 0.0 0.0 0.0 0.0 0.0 0.0 0.0 0.0 0.0 0.0 0.0 0.0 0.0 0.0 0.0 0.0 0.0 0.0 0.0 0.0 0.0 0.0 0.0 0.0 0.0 0.0 0.0 0.0 0.0 0.0 0.0 0.0 0.0 0.0 0.0 0.0 0.0 0.0 0.0 0.0 0.0 0.0 0.0 0.0 0.0
0.0 0.0 0.0 0.0 0.0 0.0 0.0 0.0 0.0 0.0006847441153123113 0.0021014951822704623 0.0035182462492286135 0.004934997316186764 0.006351748383144915 0.007768499450103067 0.009185250517061217 0.010602001584019369 0.012018752650977519 0.01343550371793567 0.014852254784893822 0.016269005851851974 0.016680446222459837 0.01601718671137943 0.015353927200299024 0.014690667689218615 0.014027408178138207 0.0133641486670578 0.012700889155977394 0.012037629644896988 0.01137437013381658 0.010711110622736171 0.010047851111655764 0.009384591600575358 0.009041898670897691 0.009041898670897691 0.009041898670897691 0.009041898670897691 0.009041898670897691 0.009041898670897691 0.009041898670897691 0.009041898670897691 0.009041898670897691 0.009041898670897691 0.009041898670897691 0.009041898670897691 0.008677721138711758 0.007924229582833921 0.007170738026954798 0.00641724647107696 0.005663754915199122 0.004910263359321284 0.004156771803443446 0.0034032802475656085 0.0026497886916877706 0.0018962971358099327 0.0011428055799320956 0.00038931402405425683 0.0
0.0 0.0 0.0 0.0 0.0 0.0 0.0 0.0 0.0 0.0021014365204441413 0.006449356226371307 0.010797275932298473 0.01514519563822564 0.019493115344152805 0.02384103505007997 0.028188954756007138 0.032536874461934304 0.036884794167861466 0.041232713873788636 0.0455806335797158 0.04992855328564296 0.051191237843926596 0.04915573621938093 0.04712023459483526 0.04508473297028959 0.04304923134574392 0.04101372972119825 0.03897822809665258 0.03694272647210691 0.034907224847561244 0.03287172322301558 0.030836221598469906 0.02880071997392424 0.02774901697769741 0.02774901697769741 0.02774901697769741 0.02774901697769741 0.02774901697769741 0.02774901697769741 0.02774901697769741 0.02774901697769741 0.02774901697769741 0.02774901697769741 0.02774901697769741 0.02774901697769741 0.02663137909086185 0.024318961009480063 0.02200654292809433 0.019694124846712544 0.01738170676533076 0.015069288683948972 0.012756870602567185 0.0104444525211854 0.008132034439803613 0.005819616358421827 0.0035071982770400398 0.001194780195658253 0.0
0.0 0.0 0.0 0.0 0.0 0.0 0.0 0.0 0.0 0.003518128925577179 0.010797217270475858 0.018076305615374537 0.025355393960273215 0.032634482305171894 0.039913570650070576 0.04719265899496925 0.05447174733986793 0.06175083568476661 0.06902992402966529 0.07630901237456397 0.08358810071946264 0.08570202946542277 0.08229428572741067 0.07888654198939857 0.07547879825138648 0.07207105451337438 0.06866331077536228 0.06525556703735019 0.06184782329933809 0.05844007956132599 0.0550323358233139 0.051624592085301804 0.048216848347289704 0.04645613528451312 0.04645613528451312 0.04645613528451312 0.04645613528451312 0.04645613528451312 0.04645613528451312 0.04645613528451312 0.04645613528451312 0.04645613528451312 0.04645613528451312 0.04645613528451312 0.04645613528451312 0.04458503704302728 0.04071369243614022 0.036842347829246544 0.03297100322235948 0.02909965861547241 0.025228314008585346 0.02135696940169828 0.01748562479481121 0.013614280187924141 0.009742935581037074 0.005871590974150014 0.0020002463672629464 0.0
0.0 0.0 0.0 0.0 0.0 0.0 0.0 0.0 0.0 0.004934821330709007 0.015145078314576697 0.025355335298444387 0.03556559228231208 0.045775849266179766 0.055986106250047456 0.06619636323391515 0.07640662021778283 0.08661687720165052 0.09682713418551821 0.1070373911693859 0.11724764815325359 0.12021282108688947 0.11543283523541212 0.11065284938393477 0.10587286353245741 0.10109287768098006 0.0963128918295027 0.09153290597802535 0.086752920126548 0.08197293427507064 0.07719294842359328 0.07241296257211594 0.06763297672063859 0.06516325359131284 0.06516325359131284 0.06516325359131284 0.06516325359131284 0.06516325359131284 0.06516325359131284 0.06516325359131284 0.06516325359131284 0.06516325359131284 0.06516325359131284 0.06516325359131284 0.06516325359131284 0.06253869499517736 0.057108423862786355 0.051678152730386076 0.04624788159799506 0.040817610465604046 0.03538733933321303 0.029957068200822015 0.024526797068431 0.019096525936039985 0.01366625480364897 0.008235983671257954 0.002805712538866939 0.0
0.0 0.0 0.0 0.0 0.0 0.0 0.0 0.0 0.0 0.006351513735840835 0.019492939358677533 0.03263436498151423 0.045775790604350934 0.05891721622718763 0.07205864185002434 0.08520006747286103 0.09834149309569773 0.11148291871853443 0.12462434434137112 0.13776576996420783 0.15090719558704452 0.1547236127083562 0.14857138474341358 0.14241915677847097 0.13626692881352837 0.13011470084858573 0.12396247288364313 0.11781024491870053 0.11165801695375792 0.10550578898881531 0.0993535610238727 0.0932013330589301 0.08704910509398749 0.08387037189811258 0.08387037189811258 0.08387037189811258 0.08387037189811258 0.08387037189811258 0.08387037189811258 0.08387037189811258 0.08387037189811258 0.08387037189811258 0.08387037189811258 0.08387037189811258 0.08387037189811258 0.08049235294732748 0.07350315528943252 0.06651395763152564 0.059524759973630666 0.0525355623157357 0.04554636465784073 0.03855716699994577 0.031567969342050806 0.024578771684155835 0.017589574026260865 0.010600376368365902 0.0036111787104709386 0.0
0.0 0.0 0.0 0.0 0.0 0.0 0.0 0.0 0.0 0.007768206140972665 0.02384080040277838 0.039913394664584094 0.055985988926389806 0.07205858318819552 0.08813117745000124 0.10420377171180695 0.12027636597361266 0.13634896023541837 0.15242155449722408 0.1684941487590298 0.18456674302083553 0.18923440432982294 0.18170993425141507 0.1741854641730072 0.16666099409459934 0.15913652401619147 0.1516120539377836 0.14408758385937573 0.13656311378096786 0.12903864370256 0.12151417362415212 0.11398970354574425 0.10646523346733638 0.10257749020491232 0.10257749020491232 0.10257749020491232 0.10257749020491232 0.10257749020491232 0.10257749020491232 0.10257749020491232 0.10257749020491232 0.10257749020491232 0.10257749020491232 0.10257749020491232 0.10257749020491232 0.09844601089947759 0.08989788671607868 0.08134976253266518 0.07280163834926626 0.06425351416586736 0.055705389982468434 0.047157265799069516 0.0386091416156706 0.030061017432271686 0.021512893248872775 0.012964769065473863 0.004416644882074938 0.0
0.0 0.0 0.0 0.0 0.0 0.0 0.0 0.0 0.0 0.009184898546104492 0.028188661446879218 0.04719242434765394 0.06619618724842867 0.08519995014920338 0.10420371304997811 0.12320747595075283 0.14221123885152756 0.16121500175230227 0.180218764653077 0.19922252755385172 0.21822629045462646 0.22374519595128964 0.2148484837594165 0.2059517715675434 0.19705505937567028 0.18815834718379715 0.17926163499192405 0.17036492280005092 0.1614682106081778 0.15257149841630466 0.14367478622443153 0.13477807403255843 0.1258813618406853 0.12128460851171206 0.12128460851171206 0.12128460851171206 0.12128460851171206 0.12128460851171206 0.12128460851171206 0.12128460851171206 0.12128460851171206 0.12128460851171206 0.12128460851171206 0.12128460851171206 0.12128460851171206 0.1163996688516277 0.10629261814272484 0.09618556743380473 0.08607851672490187 0.075971466015999 0.06586441530709614 0.05575736459819326 0.0456503138892904 0.03554326318038753 0.02543621247148467 0.015329161762581797 0.005222111053678924 0.0
0.0 0.0 0.0 0.0 0.0 0.0 0.0 0.0 0.0 0.010601590951236322 0.03253652249098006 0.054471454030723794 0.07640638557046753 0.09834131711021127 0.12027624864995501 0.14221118018969875 0.1641461117294425 0.18608104326918623 0.20801597480892994 0.22995090634867368 0.25188583788841745 0.25825598757275636 0.24798703326741797 0.23771807896207958 0.22744912465674122 0.21718017035140283 0.20691121604606444 0.19664226174072608 0.18637330743538771 0.17610435313004932 0.16583539882471093 0.15556644451937257 0.14529749021403418 0.1399917268185118 0.1399917268185118 0.1399917268185118 0.1399917268185118 0.1399917268185118 0.1399917268185118 0.1399917268185118 0.1399917268185118 0.1399917268185118 0.1399917268185118 0.1399917268185118 0.1399917268185118 0.13435332680377782 0.122687349569371 0.11102137233494427 0.09935539510053747 0.08768941786613066 0.07602344063172384 0.06435746339731702 0.05269148616291021 0.04102550892850339 0.02935953169409658 0.01769355445968976 0.006027577225282937 0.0
0.0 0.0 0.0 0.0 0.0 0.0 0.0 0.0 0.0 0.012018283356368151 0.0368843835350809 0.06175048371379365 0.0866165838925064 0.11148268407121915 0.1363487842499319 0.16121488442864465 0.1860809846073574 0.21094708478607016 0.2358131849647829 0.26067928514349564 0.2855453853222084 0.2927667791942231 0.28112558277541944 0.2694843863566158 0.2578431899378122 0.24620199351900854 0.2345607971002049 0.22291960068140126 0.2112784042625976 0.19963720784379396 0.18799601142499034 0.1763548150061867 0.16471361858738304 0.15869884512531152 0.15869884512531152 0.15869884512531152 0.15869884512531152 0.15869884512531152 0.15869884512531152 0.15869884512531152 0.15869884512531152 0.15869884512531152 0.15869884512531152 0.15869884512531152 0.15869884512531152 0.15230698475592788 0.13908208099601713 0.1258571772360838 0.11263227347617305 0.09940736971626228 0.08618246595635151 0.07295756219644076 0.05973265843652999 0.04650775467661922 0.03328285091670846 0.02005794715679768 0.006833043396886923 0.0
0.0 0.0 0.0 0.0 0.0 0.0 0.0 0.0 0.0 0.01343497576150119 0.04123224457918546 0.06902951339686972 0.09682678221455399 0.12462405103223825 0.15242131984992252 0.1802185886676068 0.20801585748529106 0.23581312630297532 0.2636103951206596 0.29140766393834383 0.3192049327560281 0.3272775708157193 0.3142641322834492 0.30125069375117913 0.2882372552189091 0.275223816686639 0.26221037815436893 0.24919693962209888 0.23618350108982877 0.22317006255755872 0.21015662402528867 0.1971431854930186 0.18412974696074852 0.17740596343212722 0.17740596343212722 0.17740596343212722 0.17740596343212722 0.17740596343212722 0.17740596343212722 0.17740596343212722 0.17740596343212722 0.17740596343212722 0.17740596343212722 0.17740596343212722 0.17740596343212722 0.17026064270809332 0.15547681242267727 0.14069298213723602 0.12590915185181997 0.11112532156640394 0.09634149128098789 0.08155766099557184 0.0667738307101558 0.05199000042473975 0.0372061701393237 0.022422339853907652 0.00763850956849163 0.0
0.0 0.0 0.0 0.0 0.0 0.0 0.0 0.0 0.0 0.014851668166633018 0.04558010562328629 0.07630854307993956 0.10703698053659284 0.13776541799324613 0.1684938554498994 0.19922229290655266 0.22995073036320596 0.2606791678198592 0.2914076052765125 0.32213604273316576 0.35286448018981903 0.361788362437186 0.3474026817914507 0.3330170011457153 0.31863132049998 0.3042456398542447 0.2898599592085094 0.27547427856277407 0.26108859791703876 0.2467029172713034 0.23231723662556808 0.21793155597983274 0.20354587533409743 0.19611308173892697 0.19611308173892697 0.19611308173892697 0.19611308173892697 0.19611308173892697 0.19611308173892697 0.19611308173892697 0.19611308173892697 0.19611308173892697 0.19611308173892697 0.19611308173892697 0.19611308173892697 0.18821430066024344 0.17187154384932346 0.15552878703837558 0.13918603022745557 0.12284327341653559 0.10650051660561559 0.0901577597946956 0.07381500298377561 0.05747224617285562 0.04112948936193561 0.024786732551015628 0.008443975740095616 0.0
0.0 0.0 0.0 0.0 0.0 0.0 0.0 0.0 0.0 0.016268360571764846 0.04992796666738713 0.08358757276300942 0.1172471788586317 0.150906784954254 0.18456639104987627 0.21822599714549856 0.25188560324112086 0.2855452093367431 0.3192048154323654 0.3528644215279877 0.38652402762361 0.3962991540586527 0.3805412312994521 0.36478330854025154 0.34902538578105097 0.3332674630218504 0.31750954026264977 0.3017516175034492 0.2859936947442486 0.270235771985048 0.2544778492258475 0.2387199264666469 0.2229620037074463 0.2148202000457267 0.2148202000457267 0.2148202000457267 0.2148202000457267 0.2148202000457267 0.2148202000457267 0.2148202000457267 0.2148202000457267 0.2148202000457267 0.2148202000457267 0.2148202000457267 0.2148202000457267 0.20616795861239354 0.1882662752759696 0.17036459193951511 0.15246290860309117 0.13456122526666722 0.11665954193024329 0.09875785859381934 0.08085617525739541 0.06295449192097147 0.04505280858454752 0.027151125248123575 0.00924944191169963 0.0
0.014412320637970322 0.014412320637970322 0.014412320637970322 0.014412320637970322 0.014412320637970322 0.014412320637970322 0.014412320637970322 0.014412320637970322 0.014412320637970322 0.032152653959649946 0.06885780497831832 0.10556295599698669 0.14226810701565507 0.17897325803432343 0.2156784090529918 0.2523835600716602 0.2890887110903286 0.3257938621089969 0.3624990131276653 0.39920416414633364 0.43590931516500203 0.44752240301530144 0.43231150757738424 0.417100612139467 0.40188971670154977 0.3866788212636325 0.3714679258257153 0.3562570303877981 0.34104613494988084 0.3258352395119636 0.3106243440740464 0.2954134486361292 0.28020255319821197 0.2723433876173831 0.2723433876173831 0.2723433876173831 0.2723433876173831 0.2723433876173831 0.2723433876173831 0.2723433876173831 0.2723433876173831 0.2723433876173831 0.2723433876173831 0.2723433876173831 0.2723433876173831 0.26196818493238344 0.2405016557735309 0.21903512661464172 0.19756859745578917 0.1761020682969366 0.15463553913808403 0.13316900997923148 0.11170248082037892 0.09023595166152634 0.06876942250267379 0.047302893343821234 0.025836364184968652 0.014745037700792551
0.04423050344791429 0.04423050344791429 0.04423050344791429 0.04423050344791429 0.04423050344791429 0.04423050344791429 0.04423050344791429 0.04423050344791429 0.04423050344791429 0.06350190072306558 0.10337485770188128 0.14324781468069697 0.18312077165951265 0.22299372863832834 0.262866685617144 0.3027396425959597 0.3426125995747754 0.3824855565535911 0.4223585135324068 0.4622314705112225 0.5021044274900381 0.5166102152666691 0.5039979251800659 0.4913856350934628 0.47877334500685964 0.4661610549202565 0.45354876483365336 0.4409364747470503 0.42832418466044714 0.415711894573844 0.4030996044872409 0.3904873144006378 0.37787502431403464 0.37135850616764254 0.37135850616764254 0.37135850616764254 0.37135850616764254 0.37135850616764254 0.37135850616764254 0.37135850616764254 0.37135850616764254 0.37135850616764254 0.37135850616764254 0.37135850616764254 0.37135850616764254 0.35822400689191275 0.3310484306405663 0.30387285438917355 0.27669727813782713 0.24952170188648068 0.22234612563513426 0.19517054938378783 0.16799497313244138 0.14081939688109496 0.11364382062974854 0.08646824437840211 0.05929266812705564 0.045251591138370406
0.07404868625785821 0.07404868625785821 0.07404868625785821 0.07404868625785821 0.07404868625785821 0.07404868625785821 0.07404868625785821 0.07404868625785821 0.07404868625785821 0.09485114748648116 0.1378919104254442 0.18093267336440716 0.2239734363033702 0.26701419924233316 0.3100549621812962 0.3530957251202592 0.3961364880592222 0.4391772509981852 0.48221801393714825 0.5252587768761112 0.5682995398150743 0.5856980275180366 0.5756843427827476 0.5656706580474585 0.5556569733121695 0.5456432885768805 0.5356296038415914 0.5256159191063025 0.5156022343710134 0.5055885496357244 0.49557486490043534 0.4855611801651463 0.4755474954298573 0.470373624717902 0.470373624717902 0.470373624717902 0.470373624717902 0.470373624717902 0.470373624717902 0.470373624717902 0.470373624717902 0.470373624717902 0.470373624717902 0.470373624717902 0.470373624717902 0.45447982885144206 0.42159520550760177 0.38871058216370535 0.35582595881986506 0.32294133547602477 0.2900567121321844 0.2571720887883442 0.22428746544450387 0.19140284210066355 0.15851821875682326 0.12563359541298297 0.09274897206914268 0.07575814457594826
0.1038668690678276 0.1038668690678276 0.1038668690678276 0.1038668690678276 0.1038668690678276 0.1038668690678276 0.1038668690678276 0.1038668690678276 0.1038668690678276 0.12620039424992352 0.17240896314903653 0.21861753204814957 0.2648261009472626 0.3110346698463756 0.35724323874548863 0.4034518076446017 0.4496603765437147 0.4958689454428277 0.5420775143419407 0.5882860832410538 0.6344946521401668 0.654785839769463 0.6473707603854904 0.6399556810015177 0.6325406016175449 0.6251255222335722 0.6177104428495995 0.6102953634656269 0.6028802840816541 0.5954652046976814 0.5880501253137087 0.5806350459297359 0.5732199665457632 0.5693887432682458 0.5693887432682458 0.5693887432682458 0.5693887432682458 0.5693887432682458 0.5693887432682458 0.5693887432682458 0.5693887432682458 0.5693887432682458 0.5693887432682458 0.5693887432682458 0.5693887432682458 0.5507356508110534 0.5121419803747144 0.4735483099383095 0.43495463950197044 0.39636096906563145 0.35776729862929235 0.31917362819295336 0.2805799577566143 0.24198628732027527 0.20339261688393623 0.16479894644759724 0.1262052760112582 0.1062646980135521
