Figures/CREST_Example_wjb_NSE/Rolling_result/20100722/BJP_forecast/ens_19/wjb.rain.20100723.asc
ncols            288
nrows            254
xllcorner        113.274861
yllcorner        31.4918055
cellsize         0.008333333333
NODATA_value     -9999
[rows 160 to 179 of 254, columns 176 to 219 of 288]
0.12012579646186397 0.12587074456339692 0.1316156926649299 0.13736064076646284 0.14310558886799582 0.14885053696952877 0.15459548507107151 0.18969545488051143 0.2561766070548435 0.3226577592291756 0.38913891140350765 0.45562006357783974 0.5221012157521718 0.5885823679265039 0.6550635201008359 0.7215446722751682 0.7880258244495002 0.8545069766238322 0.9209881287981643 0.9168597971315585 0.837248329549558 0.7576368619675575 0.6780253943855571 0.5984139268035567 0.5188024592215561 0.43919099163955566 0.3595795240575552 0.2799680564755548 0.20035658889355434 0.1207451213115538 0.041133653729553354 0.0 0.0 0.0 0.0 0.0 0.0 0.0 0.0 0.0 0.0 0.0 0.0 0.0
0.13761470944526363 0.14190917645288592 0.1462036434605082 0.1504981104681305 0.1547925774757528 0.1590870444833751 0.16338151149100472 0.19656181215424204 0.2606217225390635 0.32468163292388497 0.3887415433087064 0.45280145369352787 0.5168613640783494 0.5809212744631708 0.6449811848479923 0.7090410952328137 0.7731010056176351 0.8371609160024566 0.901220826387278 0.8966880349314503 0.8188280931525114 0.7409681513735725 0.6631082095946337 0.5852482678156947 0.5073883260367559 0.42952838425781703 0.3516684424788782 0.27380850069993923 0.19594855892100038 0.11808861714206154 0.04022867536312269 0.0 0.0 0.0 0.0 0.0 0.0 0.0 0.0 0.0 0.0 0.0 0.0 0.0
0.1551036224286633 0.15794760834237492 0.16079159425608655 0.16363558016979818 0.1664795660835098 0.16932355199722143 0.17216753791093792 0.2034281694279727 0.26506683802328357 0.3267055066185944 0.3883441752139052 0.44998284380921605 0.5116215124045269 0.5732601809998377 0.6348988495951485 0.6965375181904594 0.7581761867857701 0.819814855381081 0.8814535239763919 0.8765162727313422 0.8004078567554649 0.7242994407795875 0.6481910248037103 0.572082608827833 0.49597419285195565 0.41986577687607834 0.34375736090020104 0.2676489449243238 0.19154052894844642 0.11543211297256917 0.039323696996691804 0.0 0.0 0.0 0.0 0.0 0.0 0.0 0.0 0.0 0.0 0.0 0.0 0.0
0.1725925354120779 0.1739860402318776 0.17537954505167735 0.17677304987147707 0.1781665546912768 0.17956005951107654 0.1809535643308786 0.2102945267017092 0.26951195350750734 0.3287293803133055 0.3879468071191037 0.44716423392490184 0.5063816607306999 0.5655990875364981 0.6248165143422963 0.6840339411480945 0.7432513679538926 0.8024687947596907 0.8616862215654889 0.8563445105312169 0.7819876203584026 0.7076307301855884 0.6332738400127742 0.5589169498399599 0.48456005966714566 0.4102031694943314 0.3358462793215172 0.2614893891487029 0.18713249897588868 0.11277560880307447 0.03841871863026025 0.0 0.0 0.0 0.0 0.0 0.0 0.0 0.0 0.0 0.0 0.0 0.0 0.0
0.19008144839547755 0.1900244721213666 0.18996749584725567 0.18991051957314473 0.18985354329903378 0.18979656702492284 0.18973959075081182 0.21716088397543984 0.27395706899172734 0.3307532540080149 0.38754943902430244 0.44434562404058997 0.5011418090568776 0.557937994073165 0.6147341790894526 0.6715303641057401 0.7283265491220277 0.7851227341383152 0.8419189191546027 0.8361727483311088 0.7635673839613561 0.6909620195916035 0.6183566552218508 0.5457512908520982 0.4731459264823455 0.40054056211259287 0.3279351977428402 0.25532983337308757 0.18272446900333494 0.11011910463358221 0.03751374026382959 0.0 0.0 0.0 0.0 0.0 0.0 0.0 0.0 0.0 0.0 0.0 0.0 0.0
0.20757036137887722 0.2060629040108556 0.204555446642834 0.2030479892748124 0.2015405319067908 0.2000330745387692 0.19852561717074502 0.22402724124917048 0.2784021844759474 0.33277712770272433 0.3871520709295012 0.44152701415627815 0.4959019573830551 0.550276900609832 0.6046518438366089 0.6590267870633858 0.7134017302901627 0.7677766735169397 0.8221516167437166 0.8160009861310007 0.7451471475643096 0.6742933089976185 0.6034394704309274 0.5325856318642364 0.46173179329754527 0.3908779547308542 0.32002411616416315 0.249170277597472 0.17831643903078098 0.10746260046408984 0.03660876189739881 0.0 0.0 0.0 0.0 0.0 0.0 0.0 0.0 0.0 0.0 0.0 0.0 0.0
0.2250592743622769 0.22210133590034462 0.21914339743841235 0.21618545897648006 0.2132275205145478 0.21026958205261553 0.20731164359067822 0.23089359852290112 0.2828472999601674 0.3348010013974337 0.3867547028347 0.4387084042719662 0.4906621057092326 0.5426158071464988 0.5945695085837651 0.6465232100210314 0.6984769114582977 0.750430612895564 0.8023843143328302 0.7958292239308925 0.726726911167263 0.6576245984036335 0.588522285640004 0.5194199728763744 0.450317660112745 0.3812153473491155 0.312113034585486 0.24301072182185657 0.17390840905822702 0.10480609629459758 0.035703783530968036 0.0 0.0 0.0 0.0 0.0 0.0 0.0 0.0 0.0 0.0 0.0 0.0 0.0
0.24254818734567654 0.23813976778983362 0.23373134823399067 0.22932292867814774 0.2249145091223048 0.22050608956646187 0.21609767001061142 0.23775995579663176 0.28729241544438744 0.3368248750921431 0.3863573347398988 0.43588979438765446 0.4854222540354102 0.5349547136831658 0.5844871733309215 0.6340196329786771 0.6835520926264329 0.7330845522741885 0.7826170119219442 0.7756574617307844 0.7083066747702165 0.6409558878096485 0.5736051008490806 0.5062543138885127 0.43890352692794476 0.37155273996737687 0.30420195300680897 0.236851166046241 0.16950037908567306 0.10214959212510522 0.03479880516453726 0.0 0.0 0.0 0.0 0.0 0.0 0.0 0.0 0.0 0.0 0.0 0.0 0.0
0.26003710032907623 0.25417819967932265 0.24831929902956903 0.24246039837981542 0.2366014977300618 0.2307425970803082 0.22488369643054462 0.24462631307036242 0.2917375309286075 0.33884874878685256 0.3859599666450976 0.43307118450334264 0.4801824023615877 0.5272936202198328 0.5744048380780779 0.6215160559363229 0.668627273794568 0.715738491652813 0.762849709511058 0.7554856995306763 0.68988643837317 0.6242871772156636 0.5586879160581573 0.49308865490065096 0.42748939374314465 0.3618901325856383 0.296290871428132 0.23069161027062568 0.16509234911311932 0.09949308795561296 0.0338938267981066 0.0 0.0 0.0 0.0 0.0 0.0 0.0 0.0 0.0 0.0 0.0 0.0 0.0
0.2681482783061821 0.26195758371943434 0.2557668891326865 0.24957619454593877 0.24338549995919098 0.2371948053724432 0.23100411078568486 0.24934436780312097 0.2939087670996918 0.3384731663962626 0.3830375656928334 0.4276019649894043 0.4721663642859751 0.5167307635825459 0.5612951628791167 0.6058595621756876 0.6504239614722583 0.6949883607688292 0.7395527600654 0.7320386283070199 0.6688513684636174 0.6056641086202148 0.5424768487768123 0.4792895889334098 0.4161023290900072 0.3529150692466047 0.28972780940320214 0.22654054955979963 0.16335328971639707 0.10016602987299461 0.036978770029592045 0.004434341304157 0.004647792465900238 0.0048612436276431106 0.005074694789385984 0.005288145951128856 0.00550159711287173 0.005715048274614603 0.005928499436357476 0.006141950598100349 0.0063554017598432214 0.006568852921586095 0.006782304083328968 0.007003730063870411
0.26623524868118037 0.26090856621244224 0.2555818837437041 0.250255201274966 0.24492851880622785 0.23960183633748972 0.2342751538687425 0.25176602253648056 0.2936493696175847 0.3355327166986889 0.37741606377979303 0.41929941086089717 0.46118275794200136 0.5030661050231054 0.5449494521042096 0.5868327991853137 0.6287161462664179 0.6705994933475221 0.7124828404286262 0.7050904581942097 0.6450212063535596 0.5849519545129097 0.5248827026722598 0.46481345083160985 0.40474419899095987 0.34467494715030994 0.28460569530966 0.22453644346901003 0.1644671916283601 0.10439793978771017 0.04432868794706024 0.013608713946553318 0.014263782107184096 0.014918850267813756 0.015573918428443419 0.01622898658907308 0.01688405474970274 0.0175391229103324 0.01819419107096206 0.018849259231591725 0.019504327392221386 0.020159395552851046 0.020814463713480707 0.02149400609031551
0.2643222190561802 0.259859548705451 0.2553968783547218 0.2509342080039926 0.2464715376532634 0.24200886730253418 0.23754619695179738 0.25418767726983815 0.2933899721354779 0.33259226700111766 0.3717945618667574 0.41099685673239716 0.4501991515980369 0.4894014464636767 0.5286037413293165 0.5678060361949562 0.607008331060596 0.6462106259262357 0.6854129207918755 0.6781422880814224 0.6211910442435223 0.5642398004056224 0.5072885565677223 0.45033731272982236 0.39338606889192235 0.33643482505402234 0.2794835812161223 0.2225323373782223 0.16558109354032224 0.10862984970242229 0.05167860586452222 0.02278308658894182 0.02387977174845976 0.024976456907975834 0.02607314206749191 0.02716982722700798 0.02826651238652405 0.029363197546040123 0.030459882705556197 0.03155656786507227 0.03265325302458834 0.03374993818410441 0.034846623343620486 0.03598428211674826
0.2624091894311801 0.25881053119845976 0.2552118729657395 0.25161321473301923 0.24801455650029894 0.24441589826757865 0.24081724003485225 0.2566093320031957 0.29313057465337106 0.3296518173035464 0.36617305995372185 0.40269430260389716 0.4392155452540726 0.47573678790424795 0.5122580305544233 0.5487792732045986 0.585300515854774 0.6218217585049495 0.6583430011551248 0.6511941179686351 0.597360882133485 0.5435276462983349 0.48969441046318485 0.43586117462803475 0.3820279387928847 0.3281947029577346 0.2743614671225845 0.22052823128743443 0.16669499545228428 0.11286175961713418 0.05902852378198409 0.03195745923133034 0.033495761389735444 0.03503406354813793 0.036572365706540405 0.03811066786494289 0.03964897002334537 0.04118727218174786 0.04272557434015034 0.044263876498552825 0.04580217865695531 0.04734048081535779 0.048878782973760276 0.05047455814318102
0.2604961598061799 0.25776151369146855 0.2550268675767572 0.25229222146204583 0.24955757534733447 0.2468229292326231 0.2440882831179071 0.2590309867365532 0.2928711771712642 0.3267113676059752 0.36055155804068617 0.39439174847539715 0.42823193891010813 0.4620721293448191 0.4959123197795301 0.5297525102142411 0.5635927006489521 0.597432891083663 0.631273081518374 0.6242459478558479 0.5735307200234476 0.5228154921910475 0.4721002643586474 0.4213850365262472 0.370669808693847 0.31995458086144685 0.2692393530290467 0.21852412519664655 0.16780889736424637 0.11709366953184619 0.06637844169944607 0.041131831873718834 0.04311175103101111 0.0450916701883 0.047071589345588895 0.04905150850287779 0.05103142766016669 0.05301134681745558 0.05499126597474448 0.05697118513203337 0.058951104289322265 0.06093102344661116 0.06291094260390005 0.06496483416961377
0.25858313018117973 0.25671249618447733 0.2548418621877749 0.25297122819107243 0.25110059419437003 0.24922996019766758 0.24735932620096193 0.26145264146991076 0.29261177968915736 0.32377091790840395 0.35493005612765055 0.38608919434689715 0.41724833256614374 0.44840747078539034 0.479566609004637 0.5107257472238835 0.5418848854431302 0.5730440236623768 0.6042031618816234 0.5972977777430606 0.5497005579134103 0.5021033380837601 0.4545061182541099 0.40690889842445965 0.3593116785948094 0.31171445876515913 0.2641172389355089 0.21652001910585866 0.16892279927620846 0.1213255794465582 0.07372835961690793 0.05030620451610734 0.05272774067228678 0.05514927682846208 0.057570812984637385 0.05999234914081269 0.06241388529698799 0.0648354214531633 0.06725695760933861 0.06967849376551391 0.07210002992168922 0.07452156607786453 0.07694310223403983 0.07945511019604652
0.2566701005561796 0.2556634786774861 0.2546568567987926 0.2536502349200991 0.25264361304140553 0.25163699116271204 0.2506303692840168 0.2638742962032683 0.2923523822070505 0.3208304682108327 0.34930855421461493 0.37778664021839714 0.40626472622217935 0.43474281222596156 0.46322089822974377 0.49169898423352604 0.5201770702373083 0.5486551562410904 0.5771332422448727 0.5703496076302733 0.525870395803373 0.48139118397647274 0.43691197214957245 0.3924327603226721 0.34795354849577176 0.30347433666887147 0.2589951248419712 0.21451591301507084 0.17003670118817055 0.12555748936127026 0.08107827753436991 0.05948057715849585 0.06234373031356245 0.06520688346862416 0.06807003662368588 0.0709331897787476 0.07379634293380931 0.07665949608887103 0.07952264924393274 0.08238580239899446 0.08524895555405618 0.0881121087091179 0.0909752618641796 0.09394538622247926
0.25475707093117783 0.25461446117049397 0.25447185140981016 0.2543292416491263 0.2541866318884424 0.25404402212775856 0.2539014123670744 0.2662959509366279 0.29209298472494344 0.31789001851325893 0.3436870523015745 0.36948408608989003 0.3952811198782056 0.4210781536665211 0.4468751874548367 0.4726722212431522 0.4984692550314678 0.5242662888197833 0.5500633226080989 0.5434014375174631 0.5020402336933154 0.46067902986916764 0.4193178260450199 0.37795662222087223 0.33659541839672447 0.29523421457257676 0.253873010748429 0.2125118069242813 0.17115060310013352 0.12978939927598582 0.08842819545183811 0.06865494980089216 0.0719597199548463 0.07526449010879481 0.07856926026274332 0.08187403041669182 0.08517880057064033 0.08848357072458883 0.09178834087853734 0.09509311103248583 0.09839788118643433 0.10170265134038284 0.10500742149433134 0.10843566224892437
0.2528440413061777 0.25356544366350275 0.25428684602082785 0.2550082483781529 0.25572965073547793 0.256451053092803 0.2571724554501293 0.2687176056699854 0.2918335872428366 0.3149495688156877 0.3380655503885389 0.36118153196139 0.38429751353424124 0.40741349510709235 0.4305294766799435 0.4536454582527947 0.47676143982564584 0.499877421398497 0.5229934029713481 0.5164532674046759 0.47821007158327805 0.43996687576188026 0.40172367994048247 0.3634804841190847 0.32523728829768683 0.28699409247628904 0.24875089665489125 0.21050770083349346 0.17226450501209567 0.13402130919069788 0.09577811336930009 0.07782932244328067 0.08157570959612198 0.0853220967489569 0.08906848390179181 0.09281487105462673 0.09656125820746164 0.10030764536029656 0.10405403251313147 0.10780041966596639 0.1115468068188013 0.11529319397163623 0.11903958112447113 0.12292593827535712
0.25093101168117754 0.25251642615651154 0.2541018406318455 0.2556872551071795 0.2572726695825135 0.25885808405784744 0.26044349853318416 0.27113926040334296 0.29157418976072974 0.3120091191181165 0.3324440484755033 0.35287897783289 0.3733139071902768 0.39374883654766357 0.41418376590505035 0.4346186952624371 0.4550536246198239 0.4754885539772107 0.49592348333459746 0.4895050972918886 0.45437990947324075 0.4192547216545929 0.384129533835945 0.34900434601729713 0.3138791581986492 0.2787539703800014 0.24362878256135345 0.20850359474270558 0.1733784069240577 0.13825321910540983 0.10312803128676196 0.08700369508566919 0.09119169923739766 0.09537970338911898 0.09956770754084031 0.10375571169256163 0.10794371584428296 0.11213171999600428 0.11631972414772561 0.12050772829944693 0.12469573245116826 0.1288837366028896 0.13307174075461092 0.13741621430178988
0.2490179820561774 0.25146740864952033 0.2539168352428632 0.2563662618362061 0.258815688429549 0.2612651150228919 0.263714541616239 0.2735609151367005 0.2913147922786229 0.3090686694205453 0.3268225465624677 0.34457642370439 0.36233030084631246 0.3800841779882348 0.39783805513015724 0.4155919322720796 0.43334580941400197 0.45109968655592436 0.46885356369784675 0.46255692717910135 0.4305497473632034 0.39854256754730544 0.3665353877314075 0.3345282079155095 0.30252102809961157 0.27051384828371366 0.2385066684678157 0.20649948865191775 0.1744923088360198 0.14248512902012184 0.11047794920422388 0.09617806772805769 0.10080768887867332 0.10543731002928106 0.11006693117988879 0.11469655233049653 0.11932617348110428 0.123955794631712 0.12858541578231975 0.13321503693292747 0.13784465808353522 0.14247427923414296 0.14710390038475069 0.15190649032822262
