Figures/CREST_Example_wjb_NSE/Rolling_result/20100722/BJP_forecast/ens_19/wjb.rain.20100725.asc
ncols            288
nrows            254
xllcorner        113.274861
yllcorner        31.4918055
cellsize         0.008333333333
NODATA_value     -9999
[rows 40 to 59 of 254, columns 45 to 89 of 288]
15.051436261034835 15.054601835586421 15.057767410138007 15.060932984689593 15.06409855924118 15.067264133792765 15.279570727615452 15.71545379814256 16.151336868668924 16.58721993919529 17.023103009721652 17.458986080248017 17.894869150774383 18.33075222130075 18.76663529182711 19.202518362353477 19.638401432879842 20.074284503406204 20.713352800687705 21.569630698274512 22.425908595862783 23.28218649344959 24.1384643910364 24.994742288623208 25.851020186210018 26.707298083796825 27.563575981383636 28.419853878970443 29.276131776557254 30.132409674144064 30.135649656337385 29.226972822708237 28.31829598907909 27.409619155448393 26.500942321819245 25.5922654881901 24.683588654560953 23.774911820931806 22.86623498730266 21.95755815367351 21.048881320044366 20.140204486415218 19.565672332227923 19.34834839491664 19.131024457605363
15.026576348362925 15.05893284857029 15.091289348777655 15.12364584898502 15.156002349192386 15.188358849399751 15.419352950405159 15.862695136364138 16.30603732232236 16.749379508280583 17.192721694238806 17.636063880197028 18.079406066155254 18.522748252113477 18.9660904380717 19.40943262402992 19.852774809988144 20.296116995946367 20.954456157132753 21.842631944741 22.730807732350762 23.618983519959006 24.507159307567253 25.395335095175497 26.283510882783744 27.171686670391992 28.059862458000236 28.94803824560848 29.836214033216727 30.724389820824975 30.73228770141013 29.799148599317817 28.8660094972255 27.932870395131598 26.999731293039286 26.066592190946974 25.13345308885466 24.200313986762346 23.267174884670034 22.334035782577722 21.40089668048541 20.467757578393098 19.860382032679023 19.601255093800276 19.342128154921532
15.001716435691014 15.063263861554159 15.124811287417302 15.186358713280447 15.247906139143591 15.309453565006734 15.559135173194864 16.009936474585714 16.460737775975794 16.911539077365877 17.36234037875596 17.81314168014604 18.263942981536122 18.7147442829262 19.165545584316284 19.616346885706363 20.067148187096446 20.51794948848653 21.195559513577802 22.115633191207486 23.035706868838737 23.955780546468418 24.875854224098102 25.795927901727786 26.716001579357467 27.636075256987148 28.556148934616832 29.476222612246517 30.396296289876197 31.316369967505878 31.32892574648287 30.37132437592739 29.413723005371914 28.4561216348148 27.498520264259323 26.540918893703843 25.583317523148366 24.625716152592886 23.668114782037406 22.710513411481926 21.75291204092645 20.795310670370974 20.155091733130124 19.85416179268391 19.553231852237698
14.976856523019105 15.067594874538027 15.15833322605695 15.249071577575874 15.339809929094798 15.43054828061372 15.698917395984571 16.15717781280729 16.61543822962923 17.07369864645117 17.53195906327311 17.99021948009505 18.44847989691699 18.90674031373893 19.36500073056087 19.82326114738281 20.28152156420475 20.739781981026688 21.436662870022854 22.38863443767397 23.340606005326716 24.292577572977834 25.244549140628955 26.196520708280072 27.14849227593119 28.10046384358231 29.052435411233432 30.00440697888455 30.956378546535667 31.90835011418679 31.92556379155561 30.943500152536966 29.961436513518322 28.979372874498004 27.99730923547936 27.015245596460716 26.03318195744207 25.051118318423427 24.069054679404783 23.08699104038614 22.104927401367497 21.12286376234885 20.449801433581225 20.107068491567546 19.764335549553866
14.951996610347193 15.071925887521896 15.191855164696598 15.3117844418713 15.431713719046002 15.551642996220705 15.838699618774276 16.304419151028867 16.770138683282667 17.235858215536464 17.701577747790264 18.16729728004406 18.633016812297857 19.098736344551657 19.564455876805454 20.030175409059254 20.49589494131305 20.961614473566847 21.677766226467902 22.661635684140457 23.64550514181469 24.629374599487246 25.613244057159804 26.59711351483236 27.580982972504916 28.56485243017747 29.54872188785003 30.532591345522583 31.516460803195137 32.5003302608677 32.52220183662835 31.51567592914654 30.50915002166473 29.502624114181206 28.496098206699394 27.489572299217585 26.483046391735776 25.476520484253964 24.469994576772155 23.463468669290343 22.456942761808534 21.450416854326726 20.744511134032326 20.35997519045118 19.97543924687003
14.927136697675282 15.076256900505765 15.225377103336246 15.374497306166727 15.523617508997209 15.672737711827692 15.978481841563983 16.451660489250447 16.924839136936104 17.39801778462176 17.871196432307414 18.34437507999307 18.817553727678728 19.290732375364385 19.763911023050042 20.2370896707357 20.710268318421356 21.18344696610701 21.918869582912954 22.934636930606946 23.95040427830267 24.96617162599666 25.981938973690653 26.997706321384648 28.01347366907864 29.02924101677263 30.045008364466625 31.06077571216062 32.07654305985461 33.0923104075486 33.11883988170109 32.087851705756115 31.05686352981114 30.025875353864407 28.99488717791943 27.963899001974458 26.93291082602948 25.901922650084508 24.87093447413953 23.839946298194555 22.808958122249578 21.777969946304605 21.03922083448343 20.612881889334815 20.1865429441862
14.90227678500335 15.080587913489637 15.258899041975923 15.437210170462208 15.615521298948494 15.79383242743478 16.11826406435381 16.59890182747215 17.079539590589672 17.560177353707193 18.040815116824714 18.521452879942235 19.002090643059756 19.482728406177277 19.963366169294797 20.44400393241232 20.92464169552984 21.40527945864736 22.15997293935821 23.207638177073665 24.25530341479091 25.302968652506365 26.350633890221822 27.39829912793728 28.445964365652735 29.493629603368195 30.54129484108365 31.588960078799108 32.63662531651457 33.68429055423002 33.71547792677435 32.66002748236618 31.604577037958023 30.54912659354806 29.493676149139898 28.438225704731735 27.382775260323573 26.32732481591541 25.27187437150725 24.216423927099086 23.160973482690924 22.10552303828276 21.33393053493478 20.865788588218663 20.397646641502547
14.877416872331441 15.084918926473506 15.29242098061557 15.499923034757636 15.7074250888997 15.914927143041766 16.258046287143515 16.746143165693727 17.234240044243105 17.722336922792486 18.210433801341864 18.698530679891245 19.186627558440623 19.674724436990005 20.162821315539382 20.65091819408876 21.13901507263814 21.627111951187523 22.401076295803257 23.48063942354015 24.560202551278884 25.639765679015778 26.71932880675267 27.798891934489568 28.87845506222646 29.958018189963354 31.037581317700248 32.11714444543714 33.19670757317404 34.27627070091093 34.312115971847085 33.23220325897576 32.15229054610443 31.072377833231265 29.992465120359935 28.912552407488608 27.832639694617278 26.75272698174595 25.672814268874625 24.592901556003298 23.51298884313197 22.43307613026064 21.628640235385884 21.118695287102298 20.608750338818716
14.852556959659529 15.089249939457373 15.325942919255215 15.56263589905306 15.799328878850904 16.03602185864875 16.39782850993322 16.893384503915303 17.38894049789654 17.88449649187778 18.380052485859018 18.875608479840253 19.371164473821494 19.86672046780273 20.36227646178397 20.857832455765205 21.353388449746443 21.84894444372768 22.64217965224831 23.75364067000664 24.865101687766863 25.976562705525193 27.088023723283523 28.199484741041854 29.310945758800184 30.422406776558514 31.533867794316844 32.64532881207518 33.75678982983351 34.86825084759184 34.90875401691983 33.804379035585335 32.70000405425084 31.595629072914463 30.49125409157997 29.386879110245477 28.282504128910983 27.17812914757649 26.073754166241997 24.969379184907503 23.865004203573008 22.760629222238514 21.92334993583698 21.371601985985933 20.81985403613488
15.338008377600758 15.575280638314641 15.812552899028525 16.049825159742408 16.28709742045629 16.524369681170175 16.88354498816467 17.37303740694349 17.862529825721474 18.35202224449946 18.841514663277444 19.33100708205543 19.820499500833414 20.3099919196114 20.799484338389384 21.28897675716737 21.778469175945354 22.26796159472334 23.044474072758426 24.127817482089384 25.21116089142219 26.29450430075315 27.377847710084108 28.461191119415066 29.544534528746027 30.627877938076985 31.711221347407943 32.7945647567389 33.87790816606986 34.96125157540082 34.9968198715912 33.91229288522612 32.827765898861045 31.743238912494125 30.658711926129047 29.57418493976397 28.489657953398897 27.40513096703382 26.320603980668743 25.236076994303666 24.151550007938592 23.06702302157352 22.245717819641023 21.705802656350304 21.165887493059586
16.368950430328 16.57621792783607 16.783485425344143 16.990752922852213 17.198020420360287 17.405287917868357 17.73904337260701 18.20801731256577 18.676991252523724 19.145965192481682 19.614939132439638 20.083913072397593 20.55288701235555 21.021860952313506 21.490834892271465 21.95980883222942 22.428782772187375 22.89775671214533 23.619071576864673 24.610144594198857 25.60121761153473 26.592290628868913 27.583363646203093 28.574436663537277 29.565509680871457 30.55658269820564 31.547655715539825 32.538728732874006 33.52980175020819 34.520874767542374 34.541254122701595 33.52394000893531 32.50662589516903 31.489311781401014 30.47199766763473 29.45468355386845 28.43736944010217 27.420055326335888 26.40274121256961 25.385427098803326 24.368112985037044 23.35079887127076 22.597650557464853 22.126901456242823 21.656152355020797
17.399892483055243 17.577155217357504 17.754417951659764 17.931680685962025 18.108943420264286 18.286206154566543 18.594541757049356 19.04299721818805 19.491452679325977 19.939908140463906 20.38836360160183 20.83681906273976 21.28527452387769 21.733729985015614 22.182185446153543 22.630640907291472 23.079096368429397 23.527551829567326 24.19366908097092 25.092471706308327 25.99127433164727 26.890076956984675 27.78887958232208 28.687682207659485 29.586484832996895 30.485287458334298 31.38409008367171 32.28289270900911 33.18169533434652 34.080497959683925 34.08568837381198 33.135587132644496 32.18548589147701 31.235384650307903 30.285283409140416 29.33518216797293 28.385080926805443 27.434979685637956 26.484878444470468 25.53477720330298 24.584675962135492 23.634574720968004 22.949583295288683 22.548000256135346 22.146417216982005
18.430834535782484 18.57809250687893 18.72535047797538 18.87260844907183 19.019866420168277 19.16712439126473 19.450040141491698 19.87797712381033 20.305914106128228 20.733851088446126 21.161788070764025 21.589725053081924 22.017662035399823 22.445599017717722 22.87353600003562 23.30147298235352 23.72940996467142 24.157346946989318 24.76826658507717 25.5747988184178 26.38133105175981 27.187863285100438 27.99439551844107 28.8009277517817 29.607459985122333 30.413992218462962 31.220524451803595 32.027056685144224 32.83358891848486 33.64012115182548 33.630122624922386 32.74723425635369 31.864345887784996 30.9814575192148 30.098569150646107 29.215680782077413 28.33279241350872 27.449904044940027 26.567015676371334 25.68412730780264 24.801238939233947 23.918350570665254 23.301516033112513 22.969099056027865 22.636682078943217
19.461776588510602 19.579029796401215 19.69628300429183 19.81353621218244 19.93078942007305 20.048042627963664 20.30553852593477 20.71295702943332 21.12037553293117 21.52779403642902 21.935212539926876 22.342631043424728 22.750049546922583 23.157468050420434 23.564886553918285 23.97230505741614 24.37972356091399 24.787142064411846 25.342864089183905 26.057125930527683 26.771387771872675 27.485649613216452 28.19991145456023 28.914173295904003 29.62843513724778 30.342696978591555 31.056958819935332 31.77122066127911 32.48548250262289 33.19974434396666 33.17455687603238 32.35888138006254 31.543205884092703 30.72753038812147 29.91185489215163 29.09617939618179 28.280503900211947 27.464828404242105 26.649152908272264 25.833477412302422 25.01780191633258 24.202126420362738 23.653448770936645 23.390197855920746 23.12694694090485
20.492718641237847 20.57996708592265 20.66721553060745 20.75446397529225 20.84171241997705 20.92896086466185 21.161036910377117 21.5479369350556 21.934836959733424 22.321736984411245 22.70863700908907 23.095537033766895 23.482437058444717 23.86933708312254 24.256237107800366 24.643137132478188 25.030037157156013 25.416937181833838 25.917461593290156 26.539453042637156 27.16144449198522 27.78343594133222 28.40542739067922 29.02741884002622 29.64941028937322 30.27140173872022 30.893393188067222 31.515384637414222 32.13737608676122 32.75936753610822 32.718991127142786 31.970528503771735 31.222065880400688 30.473603257028365 29.72514063365732 28.97667801028627 28.228215386915224 27.479752763544177 26.73129014017313 25.98282751680208 25.23436489343103 24.485902270059984 24.005381508760475 23.81129665581327 23.617211802866063
21.523660693965088 21.580904375444078 21.638148056923068 21.695391738402055 21.752635419881045 21.809879101360035 22.01653529481946 22.382916840677876 22.74929838653567 23.11567993239347 23.482061478251264 23.84844302410906 24.214824569966854 24.58120611582465 24.947587661682444 25.31396920754024 25.680350753398034 26.04673229925583 26.492059097396403 27.02178015474663 27.551501212097754 28.08122226944798 28.610943326798203 29.14066438414843 29.670385441498652 30.20010649884888 30.7298275561991 31.259548613549327 31.78926967089955 32.31899072824977 32.263425378253174 31.58217562748092 30.90092587670867 30.219676125935255 29.538426375163002 28.85717662439075 28.175926873618497 27.49467712284624 26.81342737207399 26.132177621301736 25.450927870529483 24.76967811975723 24.35731424658431 24.232395455705788 24.10747666482727
22.554602746692332 22.58184166496551 22.609080583238686 22.636319501511863 22.66355841978504 22.690797338058218 22.872033679261797 23.217896746300156 23.56375981333792 23.90962288037569 24.255485947413455 24.601349014451223 24.94721208148899 25.293075148526754 25.638938215564522 25.984801282602287 26.330664349640056 26.67652741667782 27.06665660150265 27.5041072668561 27.941557932210294 28.379008597563743 28.816459262917192 29.253909928270637 29.691360593624086 30.128811258977535 30.566261924330984 31.003712589684433 31.44116325503788 31.878613920391327 31.80785962936357 31.193822751190112 30.57978587301665 29.965748994842144 29.351712116668686 28.73767523849523 28.12363836032177 27.50960148214831 26.89556460397485 26.281527725801393 25.667490847627935 25.053453969454473 24.70924698440814 24.65349425559831 24.597741526788482
23.585544799419573 23.58277895448694 23.580013109554304 23.577247264621672 23.57448141968904 23.571715574756404 23.727532063704142 24.052876651922436 24.378221240140174 24.703565828357913 25.02891041657565 25.354255004793387 25.679599593011126 26.00494418122886 26.3302887694466 26.65563335766434 26.980977945882074 27.306322534099813 27.6412541056089 27.986434378965573 28.331614652322834 28.676794925679506 29.02197519903618 29.367155472392852 29.712335745749524 30.0575160191062 30.40269629246287 30.747876565819542 31.093056839176214 31.43823711253289 31.35229388047397 30.805469874899302 30.25864586932464 29.71182186374904 29.164997858174374 28.61817385259971 28.071349847025047 27.52452584145038 26.977701835875713 26.43087783030105 25.884053824726386 25.33722981915172 25.06117972223197 25.074593055490833 25.088006388749694
24.616486852146817 24.58371624400837 24.550945635869926 24.51817502773148 24.485404419593035 24.45263381145459 24.583030448146484 24.887856557544715 25.192682666942424 25.497508776340133 25.802334885737842 26.10716099513555 26.41198710453326 26.71681321393097 27.021639323328678 27.326465432726387 27.631291542124096 27.936117651521805 28.21585160971515 28.468761491075046 28.721671372435374 28.974581253795268 29.227491135155166 29.480401016515064 29.733310897874958 29.986220779234856 30.239130660594753 30.492040541954648 30.744950423314545 30.997860304674443 30.89672813158436 30.41711699860849 29.93750586563262 29.45789473265593 28.97828359968006 28.49867246670419 28.019061333728317 27.539450200752448 27.059839067776576 26.580227934800707 26.100616801824835 25.621005668848966 25.4131124600558 25.495691855383352 25.578271250710905
25.647428904874936 25.584653533530652 25.521878162186372 25.45910279084209 25.39632741949781 25.333552048153525 25.438528832589558 25.722836463167706 26.007144093745367 26.291451724323032 26.575759354900693 26.860066985478355 27.14437461605602 27.42868224663368 27.712989877211346 27.997297507789007 28.281605138366672 28.565912768944333 28.790449113821886 28.951088603184928 29.111728092548244 29.272367581911286 29.43300707127433 29.59364656063737 29.754286050000413 29.914925539363455 30.075565028726498 30.23620451808954 30.396844007452582 30.557483496815625 30.44116238269437 30.028764122317348 29.61636586194033 29.203967601562606 28.791569341185586 28.379171080808568 27.966772820431547 27.554374560054526 27.14197629967751 26.72957803930049 26.317179778923467 25.90478151854645 25.765045197879928 25.91679065527623 26.068536112672536
