Figures/CREST_Example_wjb_NSE/Rolling_result/20100722/BJP_forecast/ens_44/wjb.rain.20100722.asc
ncols            288
nrows            254
xllcorner        113.274861
yllcorner        31.4918055
cellsize         0.008333333333
NODATA_value     -9999
[rows 120 to 139 of 254, columns 132 to 175 of 288]
3.5739098854053646 3.907832206268971 4.241754527132578 4.408585170519741 4.396791031597559 4.384996892675376 4.373202753753194 4.361408614831011 4.349614475908829 4.337820336986646 4.326026198064464 4.314232059142261 4.302437920220079 4.290643781297897 4.278849642375714 4.287826815063353 4.319008989686093 4.350191164308833 4.3813733389315725 4.412555513554312 4.443737688177052 4.4749198627997915 4.506102037422531 4.537284212045271 4.568466386668064 4.599648561290803 4.630830735913543 4.637541964828439 4.6180931992256 4.598644433622759 4.57919566801992 4.55974690241708 4.540298136814241 4.520849371211401 4.501400605608562 4.481951840005722 4.462503074402883 4.4430543088000105 4.423605543197171 4.384022958281478 4.322916865032769 4.261810771784059 4.20070467853535 4.13959858528664
3.55735175999782 3.8939219800361835 4.230492200074547 4.394216551505363 4.373164760166016 4.35211296882667 4.3310611774873236 4.310009386147977 4.288957594808631 4.267905803469284 4.246854012129937 4.225802220790555 4.204750429451209 4.183698638111862 4.162646846772515 4.16419363536471 4.1898988170587215 4.215603998752734 4.241309180446745 4.267014362140757 4.292719543834768 4.31842472552878 4.344129907222792 4.369835088916804 4.3955402706108595 4.421245452304871 4.446950633998883 4.450791612434142 4.431259262996738 4.411726913559335 4.39219456412193 4.372662214684526 4.353129865247122 4.333597515809718 4.3140651663723135 4.294532816934909 4.275000467497505 4.255468118060068 4.235935768622664 4.19898687683589 4.143419307263045 4.0878517376902 4.0322841681173545 3.9767165985445097
3.56582338703512 3.880276423484108 4.194729459933097 4.3415104219526786 4.309046144193447 4.276581866434216 4.244117588674985 4.211653310915754 4.179189033156523 4.146724755397292 4.1142604776380605 4.081796199878774 4.049331922119543 4.016867644360312 3.9844033666010805 3.981710419384839 4.010843697913773 4.039976976442708 4.069110254971643 4.098243533500578 4.127376812029513 4.156510090558447 4.185643369087382 4.214776647616317 4.243909926145301 4.273043204674236 4.302176483203171 4.308589656181816 4.2907145223768195 4.272839388571824 4.254964254766827 4.237089120961832 4.219213987156835 4.20133885335184 4.183463719546844 4.1655885857418475 4.147713451936852 4.129838318131825 4.111963184326829 4.07522909384041 4.018334352015202 3.9614396101899936 3.9045448683647854 3.8476501265395773
3.57429501407242 3.8666308669320326 4.1589667197916445 4.288804292399994 4.244927528220878 4.201050764041762 4.157173999862646 4.113297235683531 4.069420471504415 4.0255437073252995 3.9816669431461835 3.937790178966993 3.893913414787877 3.8500366506087613 3.8061598864296453 3.799227203404967 3.831788578768825 3.8643499541326825 3.8969113294965405 3.9294727048603986 3.962034080224256 3.9945954555881142 4.027156830951972 4.05971820631583 4.092279581679744 4.1248409570436015 4.157402332407459 4.16638769992949 4.150169781756902 4.133951863584314 4.117733945411726 4.101516027239138 4.08529810906655 4.0690801908939624 4.052862272721375 4.036644354548787 4.020426436376199 4.004208518203583 3.987990600030995 3.951471310844931 3.8932493967673594 3.835027482689788 3.776805568612217 3.7185836545346453
3.5827666411097265 3.852985310379945 4.123203979650163 4.236098162847263 4.180808912248254 4.1255196616492436 4.070230411050233 4.014941160451223 3.959651909852213 3.9043626592532035 3.8490734086541933 3.793784158055089 3.738494907456079 3.6832056568570692 3.627916406258059 3.61674398742494 3.6527334596237235 3.6887229318225074 3.7247124040212913 3.7607018762200752 3.796691348418859 3.832680820617643 3.868670292816427 3.904659765015211 3.940649237214056 3.97663870941284 4.012628181611624 4.024185743677042 4.0096250411368635 3.995064338596685 3.980503636056507 3.9659429335163288 3.9513822309761504 3.936821528435972 3.9222608258957936 3.9077001233556152 3.893139420815437 3.878578718275234 3.8640180157350557 3.8277135278493457 3.7681644415194104 3.7086153551894747 3.649066268859539 3.5895171825296033
3.591238268147027 3.8393397538278693 4.087441239508712 4.183392033294578 4.116690296275684 4.049988559256789 3.9832868222378948 3.916585085219 3.8498833482001054 3.783181611181211 3.716479874162316 3.649778137143308 3.583076400124413 3.5163746631055184 3.449672926086624 3.434260771445068 3.473678340478775 3.513095909512482 3.552513478546189 3.5919310475798962 3.6313486166136033 3.6707661856473104 3.7101837546810175 3.7496013237147245 3.7890188927484987 3.8284364617822058 3.867854030815913 3.881983787424716 3.869080300516946 3.8561768136091756 3.843273326701405 3.8303698397936348 3.8174663528858646 3.8045628659780943 3.791659379070324 3.778755892162554 3.7658524052547837 3.7529489183469913 3.740045431439221 3.7039557448538662 3.643079486271567 3.5822032276892686 3.52132696910697 3.4604507105246713
3.599709895184327 3.825694197275794 4.05167849936726 4.1306859037418935 4.052571680303115 3.9744574568643354 3.896343233425556 3.8182290099867773 3.740114786547998 3.6620005631092187 3.5838863396704395 3.505772116231527 3.427657892792748 3.349543669353969 3.2714294459151896 3.2517775554651966 3.294623221333827 3.3374688872024567 3.380314553071087 3.4231602189397172 3.4660058848083475 3.5088515506769773 3.5516972165456075 3.594542882414238 3.637388548282941 3.6802342141515707 3.723079880020201 3.73978183117239 3.7285355598970273 3.7172892886216653 3.7060430173463033 3.694796746070941 3.683550474795579 3.6723042035202167 3.6610579322448547 3.6498116609694926 3.6385653896941306 3.627319118418749 3.616072847143387 3.580197961858387 3.517994531023725 3.455791100189063 3.3935876693544014 3.3313842385197394
3.6081815222216265 3.8120486407237175 4.015915759225809 4.077979774189209 3.988453064330545 3.8989263544718815 3.8093996446132175 3.719872934754554 3.6303462248958898 3.540819515037226 3.4512928051785625 3.3617660953197457 3.272239385461082 3.182712675602418 3.0931859657437544 3.0692943394853245 3.115568102188878 3.1618418648924314 3.2081156275959843 3.2543893902995378 3.3006631530030908 3.346936915706644 3.393210678410197 3.4394844411137506 3.4857582038173827 3.532031966520936 3.578305729224489 3.597579874920063 3.5879908192771093 3.5784017636341554 3.568812707991201 3.5592236523482472 3.5496345967052934 3.5400455410623395 3.530456485419385 3.5208674297764313 3.5112783741334774 3.501689318490507 3.492100262847553 3.4564401788629073 3.3929095757758825 3.329378972688857 3.2658483696018323 3.2023177665148075
3.6166531492589264 3.7984030841716425 3.9801530190843577 4.025273644636524 3.9243344483579756 3.823395252079427 3.722456055800879 3.6215168595223304 3.520577663243782 3.4196384669652335 3.318699270686685 3.217760074407965 3.1168208781294164 3.015881681850868 2.9149424855723196 2.886811123505453 2.9365129830439294 2.986214842582406 3.035916702120882 3.0856185616593588 3.135320421197835 3.1850222807363116 3.2347241402747877 3.2844259998132643 3.3341278593518253 3.3838297188903015 3.433531578428778 3.4553779186677374 3.447446078657191 3.4395142386466455 3.4315823986360994 3.4236505586255537 3.4157187186150075 3.407786878604462 3.3998550385939157 3.39192319858337 3.383991358572824 3.3760595185622644 3.3681276785517187 3.3326823958674274 3.2678246205280392 3.202966845188651 3.1381090698492633 3.073251294509875
3.625124776296227 3.7847575276195666 3.944390278942907 3.9725675150838393 3.8602158323854066 3.7478641496869733 3.6355124669885406 3.5231607842901074 3.4108091015916746 3.2984574188932414 3.1861057361948086 3.073754053496184 2.961402370797751 2.849050688099318 2.736699005400885 2.7043279075255815 2.757457863898981 2.8105878202723806 2.86371777664578 2.9168477330191793 2.9699776893925787 3.0231076457659785 3.076237602139378 3.129367558512777 3.1824975148862675 3.235627471259667 3.288757427633066 3.313175962415411 3.306901338037273 3.300626713659135 3.2943520892809977 3.2880774649028597 3.281802840524722 3.275528216146584 3.269253591768446 3.2629789673903087 3.2567043430121707 3.250429718634022 3.2441550942558846 3.208924612871948 3.142739665280197 3.0765547176884454 3.0103697700966943 2.944184822504943
3.6335964033335264 3.7711119710674907 3.908627538801455 3.919861385531154 3.7960972164128366 3.672333047294519 3.5485688781762015 3.424804709057884 3.3010405399395664 3.177276370821249 3.0535122017029313 2.9297480325844023 2.8059838634660847 2.682219694347767 2.5584555252294496 2.5218446915457093 2.5784027447540323 2.634960797962355 2.6915188511706774 2.748076904379 2.8046349575873224 2.8611930107956454 2.917751064003968 2.9743091172122904 3.0308671704207093 3.0874252236290323 3.143983276837355 3.1709740061630844 3.166356597417355 3.1617391886716253 3.1571217799258955 3.152504371180166 3.1478869624344363 3.1432695536887065 3.138652144942977 3.1340347361972474 3.1294173274515176 3.12479991870578 3.1201825099600504 3.0851668298764685 3.017654710032354 2.95014259018824 2.8826304703441257 2.8151183505000112
3.6420680303708335 3.7574664145154033 3.8728647986599736 3.8671552559784246 3.7319786004402125 3.596801944902001 3.4616252893637887 3.326448633825577 3.191271978287365 3.0560953227491527 2.920918667210941 2.7857420116724985 2.650565356134287 2.5153887005960747 2.3802120450578625 2.339361475565682 2.399347625608931 2.4593337756521794 2.519319925695428 2.579306075738677 2.6392922257819253 2.699278375825174 2.759264525868423 2.8192506759116713 2.8792368259550223 2.939222975998271 2.99920912604152 3.028772049910637 3.025811856797317 3.022851663683997 3.0198914705706765 3.0169312774573567 3.0139710843440364 3.011010891230716 3.0080506981173962 3.005090505004076 3.0021303118907556 2.9991701187774304 2.9962099256641106 2.9614090468808834 2.8925697547844047 2.823730462687926 2.754891170591448 2.686051878494969
3.6505396574081335 3.743820857963328 3.8371020585185223 3.81444912642574 3.6678599844676434 3.5212708425095465 3.37468170055145 3.2280925585933535 3.081503416635257 2.9349142746771606 2.788325132719064 2.6417359907607176 2.495146848802621 2.3485577068445247 2.2019685648864282 2.1568782595858105 2.2202925064639825 2.283706753342154 2.347121000220326 2.4105352470984975 2.4739494939766695 2.5373637408548415 2.600777987733013 2.664192234611185 2.727606481489465 2.791020728367637 2.8544349752458085 2.886570093658311 2.885267116177399 2.883964138696487 2.8826611612155753 2.881358183734663 2.880055206253751 2.878752228772839 2.8774492512919267 2.8761462738110146 2.874843296330103 2.8735403188491886 2.8722373413682765 2.837651263885404 2.7674847995365623 2.6973183351877204 2.627151870838879 2.5569854064900372
3.6551399339231465 3.730778595762501 3.806417257601855 3.7723259635190463 3.6209308648097385 3.4695357661004307 3.318140667391123 3.166745568681815 3.015350469972507 2.8639553712631995 2.7125602725538913 2.5611651738443255 2.4097700751350173 2.25837497642571 2.1069798777164017 2.059889157658828 2.1243021776301725 2.1887151976015167 2.2531282175728613 2.317541237544206 2.38195425751555 2.4463672774868948 2.510780297458239 2.5751933174295836 2.639606337401038 2.7040193573723825 2.7684323773437267 2.8005473266023384 2.798134907655981 2.7957224887096244 2.7933100697632676 2.7908976508169103 2.7884852318705535 2.7860728129241967 2.78366039397784 2.7812479750314827 2.778835556085126 2.7764231371387647 2.774010718192408 2.740169997586119 2.6727317115026095 2.6052934254190996 2.53785513933559 2.4704168532520803
3.6556019807818414 3.718381217191159 3.781160453600477 3.741515324801039 3.5923762330771676 3.443237141353296 3.294098049629425 3.1449589579055535 2.995819866181682 2.846680774457811 2.6975416827339393 2.548402591009814 2.3992634992859423 2.2501244075620708 2.1009853158381997 2.054287874059704 2.117102873190158 2.179917872320612 2.242732871451066 2.30554787058152 2.3683628697119743 2.431177868842428 2.4939928679728824 2.5568078671033363 2.6196228662338976 2.6824378653643515 2.7452528644948053 2.774576571231131 2.7680973287932673 2.761618086355404 2.7551388439175404 2.748659601479677 2.7421803590418135 2.73570111660395 2.729221874166087 2.7227426317282233 2.71626338929036 2.7097841468524857 2.703304904414622 2.6707766711493988 2.610401477383171 2.550026283616944 2.489651089850717 2.42927589608449
3.6560640276405367 3.7059838386198183 3.7559036495990994 3.7107046860830324 3.5638216013445976 3.4169385166061623 3.2700554318677275 3.1231723471292927 2.976289262390858 2.8294061776524226 2.6825230929139874 2.535640008175302 2.3887569234368673 2.2418738386984325 2.0949907539599977 2.0486865904605804 2.109903568750144 2.1711205470397075 2.232337525329271 2.293554503618835 2.3547714819083985 2.415988460197962 2.4772054384875255 2.538422416777089 2.599639395066757 2.6608563733563204 2.722073351645884 2.7486058158599236 2.7380597499305535 2.7275136840011838 2.7169676180718136 2.706421552142444 2.695875486213074 2.685329420283704 2.674783354354334 2.6642372884249643 2.6536912224955946 2.6431451565662067 2.6325990906368366 2.6013833447126786 2.548071243263734 2.494759141814789 2.4414470403658437 2.388134938916899
3.6565260744992316 3.6935864600484765 3.7306468455977213 3.6798940473650252 3.5352669696120267 3.390639891859028 3.2460128141060296 3.101385736353031 2.9567586586000325 2.812131580847034 2.6675045030940354 2.5228774253407904 2.378250347587792 2.2336232698347933 2.0889961920817948 2.0430853068614567 2.10270426431013 2.162323221758803 2.221942179207476 2.281561136656149 2.341180094104822 2.4007990515534954 2.4604180090021686 2.5200369664508417 2.5796559238996166 2.63927488134829 2.6988938387969625 2.722635060488716 2.7080221710678396 2.6934092816469635 2.678796392226087 2.6641835028052108 2.649570613384334 2.634957723963458 2.6203448345425815 2.6057319451217054 2.591119055700829 2.576506166279928 2.561893276859051 2.5319900182759585 2.485741009144296 2.4394920000126334 2.393242990880971 2.3469939817493084
3.6569881213579274 3.6811890814771244 3.705390041596322 3.649083408646992 3.506712337879432 3.3643412671118718 3.2219701963443113 3.079599125576751 2.937228054809191 2.794856984041631 2.652485913274071 2.510114842506268 2.3677437717387075 2.225372700971148 2.0830016302035874 2.0374840232623286 2.0955049598701097 2.153525896477891 2.2115468330856722 2.2695677696934533 2.327588706301235 2.385609642909016 2.4436305795167974 2.5016515161245785 2.5596724527324586 2.61769338934024 2.6757143259480216 2.696664305117486 2.6779845922051 2.6593048792927134 2.6406251663803273 2.621945453467941 2.6032657405555546 2.5845860276431685 2.5659063147307823 2.547226601818396 2.5285468889060096 2.5098671759935915 2.4911874630812054 2.4625966918391793 2.423410775024805 2.384224858210431 2.345038941396057 2.3058530245816824
3.6574501682166227 3.6687917029057835 3.680133237594944 3.6182727699289847 3.4781577061468614 3.3380426423647376 3.197927578582614 3.05781251480049 2.917697451018366 2.7775823872362424 2.6374673234541186 2.4973522596717563 2.357237195889632 2.2171221321075087 2.077007068325385 2.0318827396632044 2.088305655430095 2.1447285711969863 2.201151486963877 2.257574402730768 2.3139973184976586 2.3704202342645493 2.4268431500314405 2.483266065798331 2.5396889815653183 2.596111897332209 2.6525348130990998 2.6706935497462787 2.647947013342386 2.625200476938493 2.6024539405346006 2.579707404130708 2.556960867726815 2.5342143313229224 2.51146779491903 2.488721258515137 2.4659747221112442 2.4432281857073126 2.42048164930342 2.393203365402459 2.3610805409053675 2.3289577164082758 2.296834891911184 2.2647120674140924
3.657912215075318 3.656394324334442 3.654876433593566 3.587462131210978 3.449603074414291 3.3117440176176034 3.1738849608209163 3.036025904024229 2.8981668472275417 2.760307790430854 2.622448733634167 2.4845896768372446 2.3467306200405575 2.2088715632438705 2.071012506447183 2.026281456064081 2.0811063509900816 2.135931245916082 2.1907561408420824 2.2455810357680823 2.3004059306940827 2.355230825620083 2.4100557205460835 2.464880615472084 2.519705510398178 2.574530405324178 2.629355300250179 2.6447227943750713 2.6179094344796723 2.591096074584273 2.564282714688874 2.5374693547934744 2.5106559948980753 2.4838426350026763 2.457029275107277 2.430215915211878 2.403402555316479 2.3765891954210336 2.3497758355256346 2.323810038965739 2.2987503067859296 2.2736905746061202 2.248630842426311 2.2235711102465014
