Figures/CREST_Example_wjb_NSE/Rolling_result/20100722/BJP_forecast/ens_44/wjb.rain.20100724.asc
ncols            288
nrows            254
xllcorner        113.274861
yllcorner        31.4918055
cellsize         0.008333333333
NODATA_value     -9999
[rows 154 to 175 of 254, columns 0 to 50 of 288]
-9999.0 -9999.0 -9999.0 -9999.0 0.4851661635983196 0.4851661635983196 0.4851661635983196 0.4851661635983196 0.4851661635983196 0.4851661635983196 0.4851661635983196 0.4851661635983196 0.4851661635983196 0.4851661635983196 0.4851661635983196 0.3267957447997215 0.34988756977676677 0.3729793947538121 0.39607121973085735 0.41916304470790267 0.4422548696849479 0.4653466946619932 0.4884385196390385 0.5115303446160837 0.534622169593129 0.5577139945701743 0.580805819547259 0.5880027770540934 0.5782077620375077 0.5684127470209218 0.558617732004336 0.5488227169877501 0.5390277019711643 0.5292326869545785 0.5194376719379926 0.5096426569214068 0.499847641904821 0.49005262688823514 0.48025761187164934 0.4893394742657798 0.5186011452369903 0.5478628162082008 0.5771244871794112 0.6063861581506217 0.6356478291218322 0.6649095000930426 0.6941711710642531 0.7234328420354635 0.752694513006674 0.7819561839778846 0.8112178549490949
-9999.0 -9999.0 -9999.0 -9999.0 -9999.0 -9999.0 0.4851661635983196 0.4851661635983196 0.4851661635983196 0.4851661635983196 0.4851661635983196 0.4851661635983196 0.4851661635983196 0.4851661635983196 0.4851661635983196 0.30591353756059864 0.33232305765260606 0.35873257774461353 0.38514209783662096 0.4115516179286284 0.43796113802063585 0.4643706581126433 0.4907801782046507 0.5171896982966582 0.5435992183886655 0.570008738480673 0.5964182585727256 0.6060837485193359 0.5978494918530772 0.5896152351868186 0.5813809785205598 0.5731467218543012 0.5649124651880425 0.5566782085217838 0.5484439518555252 0.5402096951892665 0.5319754385230078 0.5237411818567491 0.5155069251904905 0.5243691263019052 0.5515078271644751 0.5786465280270449 0.6057852288896147 0.6329239297521845 0.6600626306147543 0.6872013314773241 0.714340032339894 0.7414787332024637 0.7686174340650336 0.7957561349276033 0.8228948357901731
-9999.0 -9999.0 -9999.0 -9999.0 -9999.0 -9999.0 -9999.0 -9999.0 0.4851661635983196 0.4851661635983196 0.4851661635983196 0.4851661635983196 0.4851661635983196 0.4851661635983196 0.4851661635983196 0.2850313303214758 0.3147585455284454 0.344485760735415 0.37421297594238456 0.40394019114935414 0.4336674063563237 0.4633946215632933 0.4931218367702629 0.5228490519772324 0.552576267184202 0.5823034823911717 0.612030697598192 0.6241647199845782 0.6174912216686467 0.6108177233527151 0.6041442250367837 0.5974707267208521 0.5907972284049205 0.5841237300889891 0.5774502317730575 0.5707767334571261 0.5641032351411945 0.557429736825263 0.5507562385093315 0.5593987783380306 0.5844145090919598 0.609430239845889 0.6344459705998181 0.6594617013537473 0.6844774321076764 0.7094931628616056 0.7345088936155346 0.7595246243694638 0.7845403551233929 0.8095560858773221 0.8345718166312512
-9999.0 -9999.0 -9999.0 -9999.0 -9999.0 -9999.0 -9999.0 -9999.0 -9999.0 0.4851661635983196 -9999.0 -9999.0 -9999.0 0.4851661635983196 0.4851661635983196 0.4851661635983196 0.4851661635983196 0.4851661635983196 0.4851661635983196 0.4851661635983196 0.4851661635983196 0.4851661635983196 0.4851661635983196 0.4851661635983196 0.4851661635983196 0.4851661635983196 0.4851661635983196 0.4851661635983196 0.4851661635983196 0.4851661635983196 0.4851661635983196 0.4851661635983196 0.4851661635983196 0.4851661635983196 0.4851661635983196 0.4851661635983196 0.4851661635983196 0.4851661635983196 0.4851661635983196 0.5744125608193824 0.5984656994917497 0.6225188381641169 0.6465719768364842 0.6706251155088514 0.6946782541812186 0.7187313928535858 0.742784531525953 0.7668376701983203 0.7908908088706875 0.8149439475430548 0.838997086215422
-9999.0 -9999.0 -9999.0 -9999.0 -9999.0 -9999.0 -9999.0 -9999.0 -9999.0 -9999.0 -9999.0 -9999.0 -9999.0 -9999.0 0.4851661635983196 0.4851661635983196 0.4851661635983196 0.4851661635983196 0.4851661635983196 0.4851661635983196 0.4851661635983196 0.4851661635983196 0.4851661635983196 0.4851661635983196 0.4851661635983196 0.4851661635983196 0.4851661635983196 0.4851661635983196 0.4851661635983196 0.4851661635983196 0.4851661635983196 0.4851661635983196 0.4851661635983196 0.4851661635983196 0.4851661635983196 0.4851661635983196 0.4851661635983196 0.4851661635983196 0.4851661635983196 0.568030640475484 0.5923615580311576 0.6166924755868312 0.6410233931425047 0.6653543106981782 0.6896852282538517 0.7140161458095253 0.7383470633651988 0.7626779809208724 0.7870088984765459 0.8113398160322194 0.835670733587893
-9999.0 -9999.0 -9999.0 -9999.0 -9999.0 -9999.0 -9999.0 -9999.0 -9999.0 -9999.0 -9999.0 -9999.0 -9999.0 -9999.0 -9999.0 -9999.0 0.4851661635983196 0.4851661635983196 0.4851661635983196 0.4851661635983196 0.4851661635983196 0.4851661635983196 0.4851661635983196 0.4851661635983196 0.4851661635983196 0.4851661635983196 0.4851661635983196 0.4851661635983196 0.4851661635983196 0.4851661635983196 0.4851661635983196 0.4851661635983196 0.4851661635983196 0.4851661635983196 0.4851661635983196 0.4851661635983196 0.4851661635983196 0.4851661635983196 0.4851661635983196 0.5616487201315856 0.5862574165705654 0.6108661130095453 0.6354748094485251 0.660083505887505 0.6846922023264848 0.7093008987654646 0.7339095952044444 0.7585182916434243 0.7831269880824041 0.807735684521384 0.8323443809603639
-9999.0 -9999.0 -9999.0 -9999.0 -9999.0 -9999.0 -9999.0 -9999.0 -9999.0 -9999.0 -9999.0 -9999.0 -9999.0 -9999.0 -9999.0 -9999.0 -9999.0 0.4851661635983196 0.4851661635983196 0.4851661635983196 0.4851661635983196 0.4851661635983196 0.4851661635983196 0.4851661635983196 0.4851661635983196 0.4851661635983196 0.4851661635983196 0.4851661635983196 0.4851661635983196 0.4851661635983196 0.4851661635983196 0.4851661635983196 0.4851661635983196 0.4851661635983196 0.4851661635983196 0.4851661635983196 0.4851661635983196 0.4851661635983196 0.4851661635983196 0.5552667997876872 0.5801532751099734 0.6050397504322595 0.6299262257545457 0.6548127010768318 0.6796991763991179 0.7045856517214041 0.7294721270436902 0.7543586023659763 0.7792450776882625 0.8041315530105486 0.8290180283328348
-9999.0 -9999.0 -9999.0 -9999.0 -9999.0 -9999.0 -9999.0 -9999.0 -9999.0 -9999.0 -9999.0 -9999.0 -9999.0 -9999.0 -9999.0 -9999.0 -9999.0 -9999.0 0.4851661635983196 0.4851661635983196 0.4851661635983196 0.4851661635983196 0.4851661635983196 0.4851661635983196 0.4851661635983196 0.4851661635983196 0.4851661635983196 0.4851661635983196 0.4851661635983196 0.4851661635983196 0.4851661635983196 0.4851661635983196 0.4851661635983196 0.4851661635983196 0.4851661635983196 0.4851661635983196 0.4851661635983196 0.4851661635983196 0.4851661635983196 0.5488848794437889 0.5740491336493814 0.5992133878549737 0.6243776420605662 0.6495418962661585 0.6747061504717511 0.6998704046773434 0.725034658882936 0.7501989130885283 0.7753631672941208 0.8005274214997131 0.8256916757053057
-9999.0 -9999.0 -9999.0 -9999.0 -9999.0 -9999.0 -9999.0 -9999.0 -9999.0 -9999.0 -9999.0 -9999.0 -9999.0 -9999.0 -9999.0 -9999.0 -9999.0 -9999.0 -9999.0 0.4851661635983196 0.4851661635983196 0.4851661635983196 0.4851661635983196 0.4851661635983196 0.4851661635983196 0.4851661635983196 0.4851661635983196 0.4851661635983196 0.4851661635983196 0.4851661635983196 0.4851661635983196 0.4851661635983196 0.4851661635983196 0.4851661635983196 0.4851661635983196 0.4851661635983196 0.4851661635983196 0.4851661635983196 0.4851661635983196 0.5425029590998905 0.5679449921887892 0.593387025277688 0.6188290583665867 0.6442710914554854 0.6697131245443841 0.6951551576332828 0.7205971907221816 0.7460392238110803 0.7714812568999792 0.7969232899888778 0.8223653230777765
-9999.0 -9999.0 -9999.0 -9999.0 -9999.0 -9999.0 -9999.0 -9999.0 -9999.0 -9999.0 -9999.0 -9999.0 -9999.0 -9999.0 -9999.0 -9999.0 -9999.0 -9999.0 -9999.0 0.4851661635983196 0.4851661635983196 0.4851661635983196 0.4851661635983196 0.4851661635983196 0.4851661635983196 0.4851661635983196 0.4851661635983196 0.4851661635983196 0.4851661635983196 0.4851661635983196 0.4851661635983196 0.4851661635983196 0.4851661635983196 0.4851661635983196 0.4851661635983196 0.4851661635983196 0.4851661635983196 0.4851661635983196 0.4851661635983196 0.5361210387559866 0.5618408507281919 0.5875606627003972 0.6132804746726025 0.6390002866448077 0.664720098617013 0.6904399105892183 0.7161597225614236 0.7418795345336288 0.7675993465058341 0.7933191584780394 0.8190389704502445
-9999.0 -9999.0 -9999.0 -9999.0 -9999.0 -9999.0 -9999.0 -9999.0 -9999.0 -9999.0 -9999.0 -9999.0 -9999.0 -9999.0 -9999.0 -9999.0 -9999.0 -9999.0 -9999.0 -9999.0 0.4851661635983196 0.4851661635983196 0.4851661635983196 0.4851661635983196 0.4851661635983196 0.4851661635983196 -9999.0 -9999.0 0.4851661635983196 0.4851661635983196 0.4851661635983196 0.4851661635983196 0.4851661635983196 0.4851661635983196 0.4851661635983196 0.4851661635983196 0.4851661635983196 0.4851661635983196 0.4851661635983196 0.5297391184120883 0.5557367092675999 0.5817343001231114 0.607731890978623 0.6337294818341346 0.659727072689646 0.6857246635451577 0.7117222544006692 0.7377198452561808 0.7637174361116923 0.789715026967204 0.8157126178227154
-9999.0 -9999.0 -9999.0 -9999.0 -9999.0 -9999.0 -9999.0 -9999.0 -9999.0 -9999.0 -9999.0 -9999.0 -9999.0 -9999.0 -9999.0 -9999.0 -9999.0 -9999.0 -9999.0 -9999.0 -9999.0 -9999.0 -9999.0 -9999.0 -9999.0 -9999.0 -9999.0 0.4851661635983196 0.4851661635983196 0.4851661635983196 0.4851661635983196 0.4851661635983196 0.4851661635983196 0.4851661635983196 0.4851661635983196 0.4851661635983196 0.4851661635983196 0.4851661635983196 0.4851661635983196 0.5233571980681899 0.5496325678070078 0.5759079375458257 0.6021833072846435 0.6284586770234614 0.6547340467622792 0.6810094165010971 0.707284786239915 0.7335601559787328 0.7598355257175506 0.7861108954563685 0.8123862651951864
-9999.0 -9999.0 -9999.0 -9999.0 -9999.0 -9999.0 -9999.0 -9999.0 -9999.0 -9999.0 -9999.0 -9999.0 -9999.0 -9999.0 -9999.0 -9999.0 -9999.0 -9999.0 -9999.0 -9999.0 -9999.0 -9999.0 -9999.0 -9999.0 -9999.0 -9999.0 -9999.0 0.4851661635983196 0.4851661635983196 0.4851661635983196 0.4851661635983196 0.4851661635983196 0.4851661635983196 0.4851661635983196 0.4851661635983196 0.4851661635983196 0.4851661635983196 0.4851661635983196 0.4851661635983196 0.5169752777242914 0.5435284263464156 0.5700815749685398 0.5966347235906639 0.6231878722127882 0.6497410208349123 0.6762941694570365 0.7028473180791606 0.7294004667012848 0.755953615323409 0.7825067639455331 0.8090599125676572
-9999.0 -9999.0 -9999.0 -9999.0 -9999.0 -9999.0 -9999.0 -9999.0 -9999.0 -9999.0 -9999.0 -9999.0 -9999.0 -9999.0 -9999.0 -9999.0 -9999.0 -9999.0 -9999.0 -9999.0 -9999.0 -9999.0 -9999.0 -9999.0 -9999.0 -9999.0 -9999.0 0.4851661635983196 0.4851661635983196 0.4851661635983196 0.4851661635983196 0.4851661635983196 0.4851661635983196 0.4851661635983196 0.4851661635983196 0.4851661635983196 0.4851661635983196 0.4851661635983196 0.4851661635983196 0.5105933573803931 0.5374242848858236 0.5642552123912541 0.5910861398966845 0.6179170674021149 0.6447479949075454 0.6715789224129759 0.6984098499184064 0.7252407774238367 0.7520717049292673 0.7789026324346977 0.8057335599401282
-9999.0 -9999.0 -9999.0 -9999.0 -9999.0 -9999.0 -9999.0 -9999.0 -9999.0 -9999.0 -9999.0 -9999.0 -9999.0 -9999.0 -9999.0 -9999.0 -9999.0 -9999.0 -9999.0 -9999.0 -9999.0 -9999.0 -9999.0 -9999.0 -9999.0 -9999.0 -9999.0 -9999.0 0.4851661635983196 0.4851661635983196 0.4851661635983196 0.4851661635983196 0.4851661635983196 0.4851661635983196 0.4851661635983196 0.4851661635983196 0.4851661635983196 0.4851661635983196 0.4851661635983196 0.5042114370364947 0.5313201434252315 0.5584288498139682 0.585537556202705 0.6126462625914417 0.6397549689801785 0.6668636753689152 0.6939723817576521 0.7210810881463888 0.7481897945351256 0.7752985009238623 0.8024072073125991
-9999.0 -9999.0 -9999.0 -9999.0 -9999.0 -9999.0 -9999.0 -9999.0 -9999.0 -9999.0 -9999.0 -9999.0 -9999.0 -9999.0 -9999.0 -9999.0 -9999.0 -9999.0 -9999.0 -9999.0 -9999.0 -9999.0 -9999.0 -9999.0 -9999.0 -9999.0 -9999.0 -9999.0 -9999.0 0.4851661635983196 0.4851661635983196 0.4851661635983196 0.4851661635983196 0.4851661635983196 0.4851661635983196 0.4851661635983196 0.4851661635983196 0.4851661635983196 0.4851661635983196 0.4851661635983196 0.4851661635983196 0.4851661635983196 0.4851661635983196 0.4851661635983196 0.4851661635983196 0.4851661635983196 0.4851661635983196 0.4851661635983196 0.4851661635983196 0.4851661635983196 0.4851661635983196
-9999.0 -9999.0 -9999.0 -9999.0 -9999.0 -9999.0 -9999.0 -9999.0 -9999.0 -9999.0 -9999.0 -9999.0 -9999.0 -9999.0 -9999.0 -9999.0 -9999.0 -9999.0 -9999.0 -9999.0 -9999.0 -9999.0 -9999.0 -9999.0 -9999.0 -9999.0 -9999.0 -9999.0 -9999.0 0.4851661635983196 0.4851661635983196 0.4851661635983196 0.4851661635983196 0.4851661635983196 0.4851661635983196 0.4851661635983196 0.4851661635983196 0.4851661635983196 0.4851661635983196 0.4851661635983196 0.4851661635983196 0.4851661635983196 0.4851661635983196 0.4851661635983196 0.4851661635983196 0.4851661635983196 0.4851661635983196 0.4851661635983196 0.4851661635983196 0.4851661635983196 0.4851661635983196
-9999.0 -9999.0 -9999.0 -9999.0 -9999.0 -9999.0 -9999.0 -9999.0 -9999.0 -9999.0 -9999.0 -9999.0 -9999.0 -9999.0 -9999.0 -9999.0 -9999.0 -9999.0 -9999.0 -9999.0 -9999.0 -9999.0 -9999.0 -9999.0 -9999.0 -9999.0 -9999.0 -9999.0 -9999.0 -9999.0 0.4851661635983196 0.4851661635983196 0.4851661635983196 0.4851661635983196 0.4851661635983196 0.4851661635983196 0.4851661635983196 0.4851661635983196 0.4851661635983196 0.4851661635983196 0.4851661635983196 0.4851661635983196 0.4851661635983196 0.4851661635983196 0.4851661635983196 0.4851661635983196 0.4851661635983196 0.4851661635983196 0.4851661635983196 0.4851661635983196 0.4851661635983196
-9999.0 -9999.0 -9999.0 -9999.0 -9999.0 -9999.0 -9999.0 -9999.0 -9999.0 -9999.0 -9999.0 -9999.0 -9999.0 -9999.0 -9999.0 -9999.0 -9999.0 -9999.0 -9999.0 -9999.0 -9999.0 -9999.0 -9999.0 -9999.0 -9999.0 -9999.0 -9999.0 -9999.0 -9999.0 -9999.0 0.4851661635983196 0.4851661635983196 0.4851661635983196 0.4851661635983196 0.4851661635983196 0.4851661635983196 0.4851661635983196 0.4851661635983196 0.4851661635983196 0.4851661635983196 0.4851661635983196 0.4851661635983196 0.4851661635983196 0.4851661635983196 0.4851661635983196 0.4851661635983196 0.4851661635983196 0.4851661635983196 0.4851661635983196 0.4851661635983196 0.4851661635983196
-9999.0 -9999.0 -9999.0 -9999.0 -9999.0 -9999.0 -9999.0 -9999.0 -9999.0 -9999.0 -9999.0 -9999.0 -9999.0 -9999.0 -9999.0 -9999.0 -9999.0 -9999.0 -9999.0 -9999.0 -9999.0 -9999.0 -9999.0 -9999.0 -9999.0 -9999.0 -9999.0 -9999.0 -9999.0 -9999.0 -9999.0 -9999.0 0.4851661635983196 0.4851661635983196 0.4851661635983196 0.4851661635983196 0.4851661635983196 0.4851661635983196 0.4851661635983196 0.4851661635983196 0.4851661635983196 0.4851661635983196 0.4851661635983196 0.4851661635983196 0.4851661635983196 0.4851661635983196 0.4851661635983196 0.4851661635983196 0.4851661635983196 0.4851661635983196 0.4851661635983196
-9999.0 -9999.0 -9999.0 -9999.0 -9999.0 -9999.0 -9999.0 -9999.0 -9999.0 -9999.0 -9999.0 -9999.0 -9999.0 -9999.0 -9999.0 -9999.0 -9999.0 -9999.0 -9999.0 -9999.0 -9999.0 -9999.0 -9999.0 -9999.0 -9999.0 -9999.0 -9999.0 -9999.0 -9999.0 -9999.0 -9999.0 -9999.0 -9999.0 0.4851661635983196 0.4851661635983196 0.4851661635983196 0.4851661635983196 0.4851661635983196 0.4851661635983196 0.4851661635983196 0.4851661635983196 0.4851661635983196 0.4851661635983196 0.4851661635983196 0.4851661635983196 0.4851661635983196 0.4851661635983196 0.4851661635983196 0.4851661635983196 0.4851661635983196 0.4851661635983196
-9999.0 -9999.0 -9999.0 -9999.0 -9999.0 -9999.0 -9999.0 -9999.0 -9999.0 -9999.0 -9999.0 -9999.0 -9999.0 -9999.0 -9999.0 -9999.0 -9999.0 -9999.0 -9999.0 -9999.0 -9999.0 -9999.0 -9999.0 -9999.0 -9999.0 -9999.0 -9999.0 -9999.0 -9999.0 -9999.0 -9999.0 -9999.0 -9999.0 0.4851661635983196 0.4851661635983196 0.4851661635983196 0.4851661635983196 0.4851661635983196 0.4851661635983196 0.4851661635983196 0.4851661635983196 0.4851661635983196 0.4851661635983196 0.4851661635983196 0.4851661635983196 0.4851661635983196 0.4851661635983196 0.4851661635983196 0.4851661635983196 0.4851661635983196 0.4851661635983196
