Figures/CREST_Example_wjb_NSE/Rolling_result/20100722/BJP_forecast/ens_44/wjb.rain.20100716.asc
ncols            288
nrows            254
xllcorner        113.274861
yllcorner        31.4918055
cellsize         0.008333333333
NODATA_value     -9999
[rows 120 to 139 of 254, columns 180 to 224 of 288]
30.338401991125075 30.338401991125075 30.338401991125075 30.78740543493368 31.71640371890373 32.64540200287378 33.57440028684383 34.50339857081388 35.43239685478393 36.361395138753984 37.29039342272403 38.21939170669408 39.14838999066413 40.07738827463418 41.006386558604234 41.64490158550959 41.97288343781026 42.30086529011093 42.6288471424116 42.956828994712275 43.28481084701295 43.612792699313616 43.94077455161429 44.26875640391496 44.59673825621564 44.92472010851631 45.25270196081698 45.4221636269798 45.4221636269798 45.4221636269798 45.4221636269798 45.4221636269798 45.4221636269798 45.4221636269798 45.4221636269798 45.4221636269798 45.4221636269798 45.4221636269798 45.4221636269798 45.16180285759401 44.6231105334506 44.08441820930628 43.54572588516287 43.00703356101946 42.46834123687605
30.184096611368382 30.184096611368382 30.184096611368382 30.62969790481731 31.551657062719322 32.47361622062134 33.39557537852335 34.31753453642536 35.23949369432738 36.161452852229395 37.083412010131404 38.00537116803342 38.927330325935436 39.84928948383745 40.77124864173946 41.44006628557823 41.83826992301695 42.23647356045568 42.634677197894405 43.03288083533313 43.43108447277186 43.829288110210584 44.22749174764931 44.62569538508804 45.023899022526756 45.42210265996548 45.82030629740421 46.02605015609369 46.02605015609369 46.02605015609369 46.02605015609369 46.02605015609369 46.02605015609369 46.02605015609369 46.02605015609369 46.02605015609369 46.02605015609369 46.02605015609369 46.02605015609369 45.792534367292994 45.30938491551506 44.82623546373631 44.34308601195838 43.859936560180444 43.37678710840251
31.166505032132587 31.166505032132587 31.166505032132587 31.551498727587983 32.348059393990816 33.14462006039365 33.94118072679648 34.737741393199315 35.53430205960214 36.33086272600497 37.127423392407806 37.92398405881064 38.72054472521347 39.517105391616305 40.31366605801914 40.922974151903574 41.33210500877679 41.741235865650005 42.15036672252322 42.559497579396435 42.968628436269654 43.377759293142866 43.78689015001608 44.196021006889296 44.60515186376251 45.01428272063573 45.42341357750894 45.63480331202632 45.63480331202632 45.63480331202632 45.63480331202632 45.63480331202632 45.63480331202632 45.63480331202632 45.63480331202632 45.63480331202632 45.63480331202632 45.63480331202632 45.63480331202632 45.4563429972351 45.0871045671558 44.717866137075866 44.34862770699657 43.97938927691727 43.61015084683797
32.14891345289679 32.14891345289679 32.14891345289679 32.473299550358654 33.14446172526231 33.81562390016596 34.48678607506961 35.15794824997326 35.829110424876916 36.500272599780565 37.171434774684215 37.842596949587865 38.513759124491514 39.18492129939517 39.85608347429882 40.40588201822893 40.825940094536634 41.24599817084434 41.66605624715204 42.086114323459746 42.50617239976745 42.926230476075155 43.34628855238286 43.76634662869056 44.18640470499827 44.60646278130597 45.026520857613676 45.24355646795896 45.24355646795896 45.24355646795896 45.24355646795896 45.24355646795896 45.24355646795896 45.24355646795896 45.24355646795896 45.24355646795896 45.24355646795896 45.24355646795896 45.24355646795896 45.12015162717721 44.864824218796535 44.60949681041543 44.35416940203476 44.0988419936541 43.843514585273425
33.13132187366184 33.13132187366184 33.13132187366184 33.39510037313012 33.94086405653449 34.48662773993885 35.032391423343206 35.57815510674757 36.12391879015193 36.6696824735563 37.21544615696066 37.76120984036502 38.306973523769386 38.852737207173746 39.398500890578106 39.888789884553844 40.31977518029605 40.75076047603825 41.18174577178045 41.61273106752265 42.043716363264856 42.47470165900706 42.905686954749264 43.33667225049147 43.767657546233664 44.19864284197587 44.62962813771807 44.852309623891266 44.852309623891266 44.852309623891266 44.852309623891266 44.852309623891266 44.852309623891266 44.852309623891266 44.852309623891266 44.852309623891266 44.852309623891266 44.852309623891266 44.852309623891266 44.78396025711903 44.64254387043709 44.50112748375491 44.35971109707297 44.21829471039103 44.07687832370909
34.11373029442605 34.11373029442605 34.11373029442605 34.3169011959008 34.73726638780598 35.157631579711165 35.57799677161634 35.998361963521525 36.41872715542671 36.839092347331885 37.25945753923707 37.67982273114225 38.10018792304743 38.52055311495261 38.940918306857796 39.3716977508792 39.81361026605589 40.25552278123258 40.697435296409274 41.139347811585964 41.58126032676265 42.02317284193934 42.46508535711604 42.90699787229273 43.34891038746942 43.79082290264611 44.2327354178228 44.4610627798239 44.4610627798239 44.4610627798239 44.4610627798239 44.4610627798239 44.4610627798239 44.4610627798239 44.4610627798239 44.4610627798239 44.4610627798239 44.4610627798239 44.4610627798239 44.44776888706112 44.42026352207782 44.39275815709447 44.36525279211116 44.33774742712785 44.310242062144546
35.09613871519025 35.09613871519025 35.09613871519025 35.23870201867147 35.53366871907747 35.82863541948347 36.12360211988947 36.41856882029547 36.71353552070147 37.00850222110747 37.30346892151347 37.59843562191947 37.89340232232547 38.18836902273147 38.48333572313747 38.854605617204555 39.30744535181574 39.76028508642691 40.21312482103809 40.665964555649275 41.11880429026046 41.57164402487164 42.02448375948282 42.477323494093994 42.930163228705176 43.38300296331636 43.83584269792754 44.06981593575654 44.06981593575654 44.06981593575654 44.06981593575654 44.06981593575654 44.06981593575654 44.06981593575654 44.06981593575654 44.06981593575654 44.06981593575654 44.06981593575654 44.06981593575654 44.111577517003234 44.19798317371856 44.28438883043403 44.37079448714936 44.45720014386468 44.54360580058001
36.07854713595446 36.07854713595446 36.07854713595446 36.160502841442145 36.33007105034897 36.49963925925579 36.669207468162604 36.83877567706942 37.00834388597624 37.177912094883055 37.34748030378988 37.5170485126967 37.686616721603514 37.85618493051033 38.02575313941715 38.337513483529904 38.80128043757557 39.26504739162124 39.72881434566691 40.19258129971258 40.656348253758246 41.12011520780392 41.58388216184959 42.047649115895254 42.51141606994093 42.975183023986595 43.43894997803227 43.67856909168917 43.67856909168917 43.67856909168917 43.67856909168917 43.67856909168917 43.67856909168917 43.67856909168917 43.67856909168917 43.67856909168917 43.67856909168917 43.67856909168917 43.67856909168917 43.77538614694534 43.97570282535929 44.17601950377359 44.37633618218755 44.576652860601506 44.77696953901547
37.06095555671867 37.06095555671867 37.06095555671867 37.08230366421282 37.126473381620464 37.1706430990281 37.21481281643574 37.25898253384337 37.303152251251014 37.34732196865865 37.39149168606628 37.43566140347392 37.479831120881556 37.5240008382892 37.56817055569683 37.82042134985526 38.29511552333541 38.76980969681557 39.24450387029573 39.71919804377589 40.19389221725605 40.66858639073621 41.14328056421637 41.61797473769653 42.09266891117669 42.56736308465685 43.042057258137 43.28732224762181 43.28732224762181 43.28732224762181 43.28732224762181 43.28732224762181 43.28732224762181 43.28732224762181 43.28732224762181 43.28732224762181 43.28732224762181 43.28732224762181 43.28732224762181 43.43919477688744 43.75342247700003 44.06765017711316 44.38187787722575 44.696105577338336 45.010333277450925
38.04336397748287 38.04336397748287 38.04336397748287 38.0041044869835 37.92287571289195 37.84164693880041 37.76041816470887 37.679189390617324 37.597960616525775 37.51673184243423 37.43550306834269 37.35427429425115 37.2730455201596 37.191816746068056 37.110587971976514 37.30332921618061 37.78895060909526 38.274572002009904 38.760193394924556 39.2458147878392 39.731436180753846 40.2170575736685 40.70267896658314 41.18830035949779 41.67392175241244 42.159543145327085 42.64516453824173 42.89607540355444 42.89607540355444 42.89607540355444 42.89607540355444 42.89607540355444 42.89607540355444 42.89607540355444 42.89607540355444 42.89607540355444 42.89607540355444 42.89607540355444 42.89607540355444 43.103003406829544 43.53114212864077 43.95928085045272 44.387419572263944 44.81555829407517 45.24369701588638
39.02577239824708 39.02577239824708 39.02577239824708 38.92590530975418 38.71927804416345 38.51265077857273 38.306023512982 38.099396247391276 37.89276898180055 37.686141716209825 37.4795144506191 37.272887185028374 37.06625991943765 36.85963265384692 36.6530053882562 36.78623708250596 37.2827856948551 37.77933430720424 38.275882919553375 38.77243153190251 39.26898014425165 39.76552875660079 40.262077368949925 40.75862598129906 41.25517459364819 41.75172320599733 42.24827181834647 42.50482855948708 42.50482855948708 42.50482855948708 42.50482855948708 42.50482855948708 42.50482855948708 42.50482855948708 42.50482855948708 42.50482855948708 42.50482855948708 42.50482855948708 42.50482855948708 42.76681203677165 43.308861780281504 43.850911523792284 44.39296126730214 44.93501101081199 45.47706075432185
40.008180819012125 40.008180819012125 40.008180819012125 39.84770613252564 39.51568037543563 39.183654618345614 38.8516288612556 38.51960310416558 38.18757734707557 37.85555158998555 37.523525832895544 37.19150007580553 36.85947431871551 36.5274485616255 36.19542280453548 36.26914494883088 36.776620780614515 37.284096612398145 37.79157244418178 38.29904827596542 38.80652410774905 39.313999939532685 39.82147577131632 40.32895160309995 40.83642743488359 41.343903266667226 41.851379098450856 42.11358171541938 42.11358171541938 42.11358171541938 42.11358171541938 42.11358171541938 42.11358171541938 42.11358171541938 42.11358171541938 42.11358171541938 42.11358171541938 42.11358171541938 42.11358171541938 42.430620666713466 43.08658143192205 43.74254219713175 44.39850296234034 45.05446372754892 45.710424492757504
40.99058923977633 40.99058923977633 40.99058923977633 40.769506955296315 40.312082706707116 39.85465845811792 39.397234209528726 38.93980996093953 38.482385712350336 38.02496146376114 37.567537215171946 37.11011296658275 36.652688717993556 36.19526446940436 35.73784022081516 35.752052815156226 36.27045586637435 36.78885891759247 37.3072619688106 37.82566502002872 38.344068071246845 38.862471122464974 39.3808741736831 39.89927722490122 40.41768027611934 40.93608332733747 41.45448637855559 41.72233487135202 41.72233487135202 41.72233487135202 41.72233487135202 41.72233487135202 41.72233487135202 41.72233487135202 41.72233487135202 41.72233487135202 41.72233487135202 41.72233487135202 41.72233487135202 42.09442929665557 42.864301083562786 43.63417287047132 44.404044657378535 45.17391644428575 45.94378823119297
41.29162138824294 41.29162138824294 41.29162138824294 41.062922715704 40.589739987899655 40.116557260095306 39.643374532290956 39.17019180448661 38.697009076682264 38.223826348877914 37.75064362107357 37.27746089326922 36.80427816546488 36.33109543766053 35.85791270985618 35.83942687155498 36.30702229661495 36.77461772167492 37.2422131467349 37.70980857179487 38.17740399685485 38.64499942191482 39.112594846974794 39.58019027203477 40.047785697094746 40.515381122154714 40.98297654721469 41.22457375530697 41.22457375530697 41.22457375530697 41.22457375530697 41.22457375530697 41.22457375530697 41.22457375530697 41.22457375530697 41.22457375530697 41.22457375530697 41.22457375530697 41.22457375530697 41.58690941353909 42.33659009052262 43.086270767507436 43.835951444490966 44.5856321214745 45.33531279845803
40.864305255948075 40.864305255948075 40.864305255948075 40.68463445817609 40.3128915125232 39.94114856687031 39.56940562121742 39.19766267556453 38.82591972991165 38.454176784258756 38.082433838605866 37.710690892952975 37.338947947300085 36.967205001647194 36.595462055994304 36.57293717927024 36.92373432003122 37.274531460792204 37.62532860155318 37.97612574231416 38.32692288307514 38.67772002383612 39.0285171645971 39.37931430535808 39.73011144611906 40.08090858688004 40.43170572764102 40.61295559723445 40.61295559723445 40.61295559723445 40.61295559723445 40.61295559723445 40.61295559723445 40.61295559723445 40.61295559723445 40.61295559723445 40.61295559723445 40.61295559723445 40.61295559723445 40.89625015060409 41.48239299282979 42.06853583505648 42.65467867728218 43.240821519507875 43.82696436173357
40.436989123653206 40.436989123653206 40.436989123653206 40.30634620064818 40.03604303714675 39.765739873645316 39.495436710143885 39.22513354664245 38.95483038314102 38.68452721963959 38.41422405613816 38.14392089263673 37.8736177291353 37.60331456563387 37.33301140213244 37.30644748698551 37.5404463434475 37.774445199909486 38.00844405637147 38.242442912833454 38.47644176929544 38.71044062575743 38.94443948221941 39.178438338681396 39.41243719514338 39.64643605160537 39.88043490806735 40.001337439161944 40.001337439161944 40.001337439161944 40.001337439161944 40.001337439161944 40.001337439161944 40.001337439161944 40.001337439161944 40.001337439161944 40.001337439161944 40.001337439161944 40.001337439161944 40.20559088766909 40.62819589513695 41.05080090260553 41.473405910073396 41.896010917541254 42.31861592500911
40.00967299135834 40.00967299135834 40.00967299135834 39.928057943120265 39.75919456177029 39.59033118042032 39.42146779907035 39.25260441772038 39.083741036370405 38.91487765502043 38.746014273670454 38.57715089232048 38.40828751097051 38.23942412962054 38.070560748270566 38.039957794700776 38.15715836686377 38.27435893902676 38.391559511189755 38.50876008335274 38.62596065551573 38.743161227678726 38.86036179984172 38.977562372004705 39.0947629441677 39.21196351633069 39.329164088493684 39.38971928108943 39.38971928108943 39.38971928108943 39.38971928108943 39.38971928108943 39.38971928108943 39.38971928108943 39.38971928108943 39.38971928108943 39.38971928108943 39.38971928108943 39.38971928108943 39.51493162473408 39.77399879744411 40.03306597015458 40.29213314286461 40.55120031557463 40.81026748828466
39.58235685906311 39.58235685906311 39.58235685906311 39.54976968559203 39.482346086393605 39.41492248719518 39.34749888799675 39.28007528879832 39.212651689599895 39.14522809040147 39.07780449120304 39.01038089200461 38.942957292806184 38.87553369360776 38.80811009440933 38.77346810241668 38.77387039028058 38.77427267814447 38.77467496600837 38.77507725387226 38.77547954173616 38.77588182960006 38.77628411746395 38.77668640532785 38.77708869319175 38.77749098105564 38.77789326891954 38.77810112301639 38.77810112301639 38.77810112301639 38.77810112301639 38.77810112301639 38.77810112301639 38.77810112301639 38.77810112301639 38.77810112301639 38.77810112301639 38.77810112301639 38.77810112301639 38.82427236179849 38.91980169975054 39.01533103770276 39.11086037565481 39.20638971360686 39.30191905155892
39.15504072676825 39.15504072676825 39.15504072676825 39.171481428064126 39.20549761101716 39.23951379397018 39.273529976923214 39.307546159876246 39.34156234282928 39.3755785257823 39.409594708735334 39.443610891688365 39.47762707464139 39.51164325759442 39.54565944054745 39.50697841013194 39.39058241369685 39.274186417261745 39.15779042082665 39.041394424391555 38.92499842795645 38.80860243152136 38.69220643508626 38.57581043865116 38.459414442216065 38.34301844578097 38.22662244934587 38.166482964943874 38.166482964943874 38.166482964943874 38.166482964943874 38.166482964943874 38.166482964943874 38.166482964943874 38.166482964943874 38.166482964943874 38.166482964943874 38.166482964943874 38.166482964943874 38.13361309886349 38.065604602057704 37.99759610525181 37.92958760844602 37.86157911164024 37.79357061483446
38.727724594473386 38.727724594473386 38.727724594473386 38.79319317053622 38.928649135640704 39.064105100745195 39.19956106584968 39.33501703095417 39.47047299605865 39.605928961163144 39.74138492626763 39.87684089137212 40.0122968564766 40.14775282158109 40.28320878668558 40.24048871784721 40.00729443711312 39.77410015637903 39.54090587564494 39.30771159491084 39.07451731417675 38.84132303344266 38.608128752708566 38.37493447197448 38.14174019124039 37.9085459105063 37.6753516297722 37.554864806871365 37.554864806871365 37.554864806871365 37.554864806871365 37.554864806871365 37.554864806871365 37.554864806871365 37.554864806871365 37.554864806871365 37.554864806871365 37.554864806871365 37.554864806871365 37.44295383592849 37.21140750436487 36.97986117280086 36.74831484123724 36.51676850967362 36.285222178110004
