Figures/CREST_Example_wjb_NSE/Rolling_result/20100722/BJP_forecast/ens_44/wjb.rain.20100725.asc
ncols            288
nrows            254
xllcorner        113.274861
yllcorner        31.4918055
cellsize         0.008333333333
NODATA_value     -9999
[rows 140 to 159 of 254, columns 180 to 224 of 288]
0.5453412153085024 0.5297444590604721 0.5141477028124151 0.4986266167604978 0.48318642386026817 0.46774623096003853 0.45230603805980896 0.4368658451595793 0.4214256522593497 0.4059854593591201 0.3905452664588905 0.37510507355866085 0.3596648806584313 0.3442246877582017 0.32878449485797206 0.3297481340258586 0.348247840846077 0.36674754766629547 0.3852472544865139 0.4037469613067324 0.4222466681269508 0.44074637494716923 0.4592460817673877 0.4777457885876061 0.4962454954078246 0.514745202228043 0.5332449090482614 0.537944680661682 0.5278920092578324 0.517839337854 0.5077866664501677 0.4977339950463352 0.48768132364250283 0.4776286522386704 0.467575980834838 0.45752330943100555 0.44747063802717313 0.4374179666233407 0.4273652952195083 0.4089612563702685 0.38162941672017864 0.35429757707004217 0.32696573741995233 0.2996338977698625 0.27230205811977265
0.5238373497909519 0.5129028803185897 0.5019684108462088 0.49097639307771873 0.47992285487863445 0.4688693166795501 0.4578157784804658 0.4467622402813815 0.4357087020822972 0.4246551638832129 0.41360162568412856 0.4025480874850442 0.39149454928595995 0.3804410110868756 0.3693874728877913 0.36997563846828396 0.38300904880740094 0.3960424591465179 0.40907586948563485 0.42210927982475177 0.43514269016386875 0.44817610050298573 0.46120951084210265 0.4742429211812196 0.48727633152033656 0.5003097418594535 0.5133431521985705 0.5158419514494349 0.507079013057356 0.49831607466529215 0.4895531362732282 0.48079019788116434 0.47202725948910046 0.4632643210970365 0.45450138270497265 0.44573844431290877 0.43697550592084483 0.42821256752878095 0.419449629136717 0.40251088969681936 0.3768320339083613 0.35115317811985935 0.3254743223314012 0.2997954665429431 0.274116610754485
0.5023334842734012 0.49606130157670714 0.4897891188800024 0.4833261693949397 0.4766592858970007 0.46999240239906165 0.46332551890112267 0.45665863540318363 0.4499917519052446 0.4433248684073056 0.4366579849093666 0.42999110141142755 0.42332421791348857 0.41665733441554953 0.40999045091761055 0.4102031429107093 0.4177702567687248 0.42533737062674026 0.43290448448475577 0.4404715983427712 0.44803871220078667 0.4556058260588022 0.4631729399168176 0.4707400537748331 0.4783071676328486 0.4858742814908641 0.49344139534887954 0.4937392222371878 0.48626601685687965 0.47879281147658426 0.47131960609628887 0.4638464007159935 0.4563731953356981 0.4488999899554027 0.4414267845751073 0.4339535791948119 0.42648037381451653 0.41900716843422114 0.41153396305392576 0.3960605230233702 0.3720346510965438 0.34800877916967643 0.32398290724285006 0.2999570353160237 0.2759311633891973
0.48082961875585056 0.4792197228348247 0.47760982691379616 0.4756759457121607 0.47339571691536697 0.4711154881185733 0.46883525932177955 0.4665550305249858 0.46427480172819213 0.4619945729313984 0.45971434413460466 0.457434115337811 0.45515388654101724 0.4528736577442235 0.45059342894742976 0.4504306473531347 0.4525314647300487 0.4546322821069627 0.4567330994838767 0.45883391686079067 0.46093473423770465 0.4630355516146187 0.46513636899153266 0.46723718636844663 0.4693380037453606 0.4714388211222746 0.4735396384991886 0.47163649302494065 0.46545302065640326 0.45926954828787636 0.45308607591934946 0.4469026035508226 0.4407191311822957 0.4345356588137688 0.428352186445242 0.4221687140767151 0.4159852417081882 0.4098017693396613 0.40361829697113444 0.3896101563499211 0.3672372682847264 0.34486438021949356 0.3224914921542989 0.3001186040891043 0.27774571602390963
0.45932575323828156 0.4623781440929279 0.4654305349475794 0.4680257220293751 0.4701321479337304 0.47223857383808576 0.4743449997424411 0.47645142564679643 0.4785578515511517 0.48066427745550705 0.4827707033598624 0.4848771292642177 0.48698355516857306 0.4890899810729284 0.49119640697728373 0.49065815179559447 0.48729267269140225 0.4839271935872101 0.48056171448301793 0.4771962353788258 0.4738307562746336 0.47046527717044145 0.4670997980662493 0.46373431896205713 0.460368839857865 0.4570033607536728 0.45363788164948066 0.4495337638126747 0.44464002445590906 0.4397462850991518 0.4348525457423945 0.42995880638563727 0.42506506702888 0.42017132767212273 0.41527758831536543 0.4103838489586082 0.40549010960185095 0.40059637024509365 0.3957026308883364 0.3831597896764664 0.3624398854729049 0.341719981269308 0.3210000770657465 0.300280172862185 0.2795602686586235
0.4443230364858575 0.4499261668719475 0.455529297258047 0.460457108287817 0.4646629876465398 0.4688688670052626 0.47307474636398544 0.47728062572270824 0.48148650508143104 0.48569238444015383 0.4898982637988767 0.4941041431575995 0.4983100225163223 0.5025159018750451 0.5067217812337679 0.5054122994543199 0.4982067718214193 0.49100124418851876 0.48379571655561815 0.47659018892271754 0.469384661289817 0.4621791336569164 0.4549736060240158 0.4477680783911152 0.4405625507582146 0.43335702312531404 0.42615149549241343 0.4204676591856983 0.4164105453412919 0.4123534314968924 0.40829631765249297 0.4042392038080935 0.400182089963694 0.39612497611929454 0.39206786227489504 0.38801074843049554 0.3839536345860961 0.3798965207416966 0.3758394068972971 0.36479399603219137 0.34627793749820013 0.3277618789641773 0.309245820430186 0.29072976189619476 0.2722137033622035
0.436269637940817 0.44216639696300336 0.4480631559851997 0.45297573042885736 0.45683618929083236 0.46069664815280736 0.46455710701478237 0.46841756587675737 0.47227802473873237 0.47613848360070743 0.4799989424626824 0.48385940132465743 0.4877198601866324 0.49158031904860744 0.4954407779105824 0.49293703451296383 0.4836298148962639 0.47432259527956394 0.465015375662864 0.45570815604616405 0.4464009364294641 0.4370937168127641 0.42778649719606415 0.4184792775793642 0.40917205796266426 0.3998648383459643 0.3905576187292643 0.38395814520097854 0.38025331351526853 0.3765484818295648 0.3728436501438611 0.36913881845815744 0.36543398677245376 0.3617291550867501 0.3580243234010464 0.3543194917153427 0.350614660029639 0.3469098283439353 0.3432049966582316 0.33369136208650885 0.31796798576928303 0.30224460945203047 0.28652123313480465 0.2707978568175789 0.2550744805003531
0.4282162393957765 0.4344066270540592 0.44059701471235246 0.4454943525698978 0.449009390935125 0.45252442930035214 0.45603946766557935 0.45955450603080655 0.4630695443960337 0.4665845827612609 0.4700996211264881 0.4736146594917153 0.4771296978569425 0.4806447362221697 0.48415977458739684 0.48046176957160774 0.4690528579711084 0.4576439463706091 0.4462350347701098 0.43482612316961045 0.42341721156911116 0.4120082999686118 0.4005993883681125 0.3891904767676132 0.37778156516711386 0.3663726535666145 0.35496374196611524 0.34744863121625874 0.3440960816892451 0.3407435321622372 0.3373909826352293 0.3340384331082214 0.33068588358121354 0.3273333340542056 0.3239807845271977 0.32062823500018983 0.3172756854731819 0.313923135946174 0.31057058641916613 0.30258872814082627 0.289658034040366 0.27672733993988363 0.2637966458394233 0.250865951738963 0.23793525763850268
0.4201628408507361 0.4266468571451151 0.4331308734395052 0.43801297471093814 0.44118259257941755 0.4443522104478969 0.4475218283163763 0.4506914461848557 0.45386106405333504 0.45703068192181445 0.4602002997902938 0.4633699176587732 0.4665395355272526 0.469709153395732 0.47287877126421135 0.46798650463025165 0.454475901045953 0.4409652974616543 0.42745469387735563 0.4139440902930569 0.4004334867087582 0.38692288312445955 0.3734122795401609 0.3599016759558622 0.34639107237156347 0.3328804687872648 0.31936986520296606 0.31093911723153894 0.30793884986322173 0.3049385824949096 0.30193831512659747 0.29893804775828536 0.29593778038997326 0.29293751302166116 0.28993724565334905 0.28693697828503695 0.28393671091672484 0.28093644354841274 0.2779361761801006 0.27148609419514375 0.2613480823114489 0.2512100704277368 0.24107205854404196 0.23093404666034711 0.22079603477665227
0.4121094423056956 0.41888708723617096 0.42566473216665796 0.43053159685197856 0.4333557942237101 0.4361799915954417 0.43900418896717325 0.4418283863389048 0.4446525837106364 0.44747678108236794 0.4503009784540995 0.4531251758258311 0.4559493731975627 0.45877357056929424 0.4615977679410258 0.45551123968889556 0.4398989441207975 0.4242866485526995 0.4086743529846014 0.39306205741650335 0.3774497618484053 0.3618374662803072 0.3462251707122092 0.33061287514411114 0.31500057957601313 0.29938828400791506 0.283775988439817 0.27442960324681914 0.2717816180371983 0.269133632827582 0.26648564761796567 0.2638376624083494 0.26118967719873304 0.2585416919891167 0.2558937067795004 0.25324572156988406 0.2505977363602677 0.24794975115065143 0.2453017659410351 0.24038346024946122 0.23303813058253184 0.22569280091558996 0.2183474712486606 0.21100214158173125 0.20365681191480187
0.4040560437606482 0.41112731732722024 0.41819859089380435 0.4230502189930126 0.42552899586799603 0.4280077727429795 0.43048654961796295 0.43296532649294645 0.4354441033679299 0.43792288024291337 0.4404016571178968 0.4428804339928803 0.44535921086786373 0.4478379877428472 0.45031676461783066 0.44303597474752887 0.42532198719562964 0.40760799964373046 0.3898940120918312 0.372180024539932 0.3544660369880328 0.33675204943613357 0.31903806188423434 0.30132407433233516 0.2836100867804359 0.26589609922853674 0.2481821116766375 0.23792008926206823 0.2356243862111441 0.23332868316022387 0.23103298010930362 0.2287372770583834 0.22644157400746318 0.22414587095654293 0.2218501679056227 0.21955446485470245 0.21725876180378223 0.214963058752862 0.21266735570194176 0.20928082630375214 0.20472817885359065 0.20017553140342137 0.19562288395325989 0.19107023650309837 0.18651758905293686
0.39600264521560774 0.40336754741827613 0.4107324496209571 0.41556884113405296 0.4177021975122886 0.4198355538905243 0.42196891026875993 0.4241022666469956 0.4262356230252312 0.4283689794034669 0.43050233578170255 0.4326356921599382 0.4347690485381739 0.4369024049164095 0.43903576129464517 0.43056070980617284 0.4107450302704742 0.39092935073477564 0.37111367119907707 0.3512979916633785 0.3314823121276799 0.31166663259198135 0.2918509530562827 0.27203527352058415 0.2522195939848856 0.232403914449187 0.2125882349134884 0.20141057527734849 0.19946715438512072 0.1975237334928963 0.19558031260067182 0.1936368917084474 0.19169347081622293 0.1897500499239985 0.18780662903177403 0.1858632081395496 0.18391978724732516 0.1819763663551007 0.18003294546287626 0.17817819235806961 0.17641822712467356 0.17465826189127454 0.1728982966578785 0.17113833142448248 0.16937836619108645
0.38794924667056724 0.395607777509332 0.4032663083481099 0.4080874632750934 0.4098753991565812 0.411663335038069 0.41345127091955686 0.4152392068010447 0.41702714268253255 0.4188150785640204 0.42060301444550824 0.4223909503269961 0.42417888620848393 0.4259668220899718 0.4277547579714596 0.4180854448648167 0.3961680733453188 0.3742507018258208 0.35233333030632286 0.33041595878682495 0.308498587267327 0.286581215747829 0.2646638442283311 0.24274647270883315 0.22082910118933521 0.19891172966983728 0.17699435815033931 0.1649010612926287 0.16330992255909732 0.16171878382556867 0.16012764509204 0.15853650635851135 0.1569453676249827 0.15535422889145403 0.1537630901579254 0.1521719514243967 0.15058081269086807 0.14898967395733942 0.14739853522381074 0.14707555841238706 0.1481082753957565 0.1491409923791277 0.15017370936249716 0.15120642634586662 0.15223914332923605
0.37989584812552674 0.3878480076003879 0.3958001670752626 0.40060608541613374 0.4020486008008738 0.4034911161856138 0.40493363157035384 0.4063761469550939 0.4078186623398339 0.40926117772457393 0.410703693109314 0.412146208494054 0.41358872387879403 0.4150312392635341 0.4164737546482741 0.40561017992346066 0.3815911164201633 0.357572052916866 0.3335529894135687 0.3095339259102714 0.2855148624069741 0.2614957989036768 0.23747673540037945 0.21345767189708215 0.18943860839378482 0.1654195448904875 0.1414004813871902 0.12839154730790892 0.12715269073307395 0.12591383415824106 0.1246749775834082 0.12343612100857533 0.12219726443374246 0.1209584078589096 0.11971955128407673 0.11848069470924386 0.117241838134411 0.11600298155957812 0.11476412498474525 0.11597292446670453 0.11979832366683946 0.1236237228669809 0.1274491220671158 0.13127452126725073 0.13509992046738564
0.3718424495804863 0.3800882376914438 0.3883340258024154 0.39312470755717416 0.39422180244516636 0.39531889733315856 0.3964159922211508 0.397513087109143 0.39861018199713527 0.39970727688512747 0.4008043717731197 0.40190146666111193 0.40299856154910413 0.4040956564370964 0.4051927513250886 0.39313491498210457 0.3670141594950079 0.34089340400791124 0.31477264852081455 0.28865189303371785 0.26253113754662116 0.2364103820595245 0.2102896265724278 0.18416887108533112 0.15804811559823445 0.13192736011113776 0.10580660462404107 0.09188203332318913 0.09099545890705053 0.09010888449091346 0.08922231007477638 0.08833573565863931 0.08744916124250222 0.08656258682636514 0.08567601241022807 0.08478943799409099 0.0839028635779539 0.08301628916181683 0.08212971474567975 0.08487029052102199 0.09148837193792239 0.09810645335483406 0.10472453477173446 0.11134261618863486 0.11796069760553525
0.3637890510354458 0.3723284677824997 0.3808678845295681 0.3856433296982145 0.3863950040894589 0.38714667848070333 0.38789835287194774 0.38865002726319214 0.38940170165443655 0.390153376045681 0.3909050504369254 0.3916567248281698 0.39240839921941423 0.39316007361065863 0.39391174800190304 0.3806596500407485 0.35243720256985245 0.32421475509895636 0.29599230762806034 0.2677698601571643 0.23954741268626825 0.2113249652153722 0.18310251774447617 0.1548800702735801 0.12665762280268406 0.09843517533178803 0.070212727860892 0.05537251933846935 0.054838227081027154 0.054303934823585864 0.05376964256614457 0.05323535030870328 0.05270105805126199 0.0521667657938207 0.05163247353637941 0.05109818127893812 0.05056388902149683 0.050029596764055544 0.049495304506614254 0.053767656575339454 0.06317842020900533 0.07258918384268724 0.08199994747635311 0.09141071111001897 0.10082147474368484
0.3557356524904053 0.36456869787355556 0.3734017432567209 0.3781619518392549 0.3785682057337515 0.3789744596282481 0.3793807135227447 0.37978696741724133 0.38019322131173794 0.3805994752062345 0.3810057291007311 0.3814119829952277 0.3818182368897243 0.38222449078422094 0.38263074467871755 0.3681843850993924 0.33786024564469697 0.3075361061900016 0.2772119667353062 0.24688782728061076 0.21656368782591534 0.18623954837121992 0.1559154089165245 0.12559126946182908 0.09526713000713366 0.0649429905524383 0.034618851097742875 0.018863005353749573 0.018680995255003763 0.01849898515625826 0.018316975057512758 0.018134964958767257 0.017952954860021755 0.017770944761276254 0.017588934662530753 0.017406924563785252 0.017224914465039747 0.017042904366294246 0.016860894267548745 0.02266502262965691 0.03486846848008825 0.04707191433054041 0.059275360180971744 0.07147880603140308 0.08368225188183442
0.3495107235331398 0.3588158671831388 0.3681210108331537 0.37308677671826607 0.3734136495940305 0.373740522469795 0.37406739534555944 0.3743942682213239 0.3747211410970884 0.3750480139728528 0.37537488684861725 0.37570175972438175 0.3760286326001462 0.3763555054759106 0.3766823783516751 0.36167295441210345 0.33026868216072236 0.29886440990934127 0.2674601376579601 0.23605586540657902 0.20465159315519793 0.17324732090381684 0.14184304865243574 0.11043877640105465 0.07903450414967356 0.04763023189829241 0.016225959646911314 0.0 0.0 0.0 0.0 0.0 0.0 0.0 0.0 0.0 0.0 0.0 0.0 0.006826964949032233 0.02095210993118737 0.0350772549133666 0.049202399895521734 0.06332754487767688 0.07745268985983202
0.3452403133050334 0.3552083280070674 0.3651763427091185 0.3705836806457621 0.3711155519346161 0.3716474232234701 0.3721792945123241 0.37271116580117813 0.37324303709003215 0.37377490837888616 0.3743067796677401 0.37483865095659413 0.37537052224544815 0.37590239353430216 0.3764342648231562 0.36153648660364207 0.33014406393116424 0.29875164125868636 0.2673592185862085 0.2359667959137306 0.20457437324125274 0.17318195056877486 0.14178952789629698 0.11039710522381913 0.07900468255134124 0.04761225987886336 0.01621983720638548 0.0 0.0 0.0 0.0 0.0 0.0 0.0 0.0 0.0 0.0 0.0 0.0 0.007305777071488793 0.022421595171113366 0.037537413270763716 0.05265323137038829 0.06776904947001286 0.08288486756963744
0.3409699030769271 0.3516007888309961 0.3622316745850832 0.36808058457325815 0.36881745427520174 0.36955432397714527 0.3702911936790888 0.37102806338103234 0.3717649330829759 0.37250180278491946 0.373238672486863 0.3739755421888066 0.3747124118907501 0.37544928159269364 0.3761861512946372 0.36140001879518074 0.33001944570160613 0.29863887260803146 0.2672582995144568 0.23587772642088214 0.2044971533273075 0.17311658023373286 0.14173600714015822 0.11035543404658354 0.07897486095300893 0.04759428785943426 0.016213714765859644 0.0 0.0 0.0 0.0 0.0 0.0 0.0 0.0 0.0 0.0 0.0 0.0 0.0077845891939453534 0.023891080411039364 0.03999757162816084 0.05610406284525485 0.07221055406234886 0.08831704527944287
