Figures/CREST_Example_wjb_NSE/Rolling_result/20100722/BJP_forecast/ens_44/wjb.rain.20100720.asc
ncols            288
nrows            254
xllcorner        113.274861
yllcorner        31.4918055
cellsize         0.008333333333
NODATA_value     -9999
[rows 130 to 155 of 254, columns 116 to 173 of 288]
0.0 0.0 0.0 0.0 0.0 0.0 0.0 0.0 0.0 0.0 0.0 0.0 0.0 0.0 0.0 0.0 0.0 0.0 0.0 0.0 0.0 0.0 0.0 0.0 0.0 0.0 0.0 0.0 0.0 0.0 0.0 0.0 0.0 0.0 0.0 0.0 0.0 0.0 0.0 0.0 0.0 0.0 0.0 0.0064345250576246385 0.019747702956922394 0.033060880856220144 0.0463740587555179 0.05968723665481566 0.07300041455411341 0.08631359245341116 0.09962677035270892 0.11293994825200668 0.12625312615130443 0.1395663040506249 0.15287948194992262 0.159758134797998 0.159758134797998 0.159758134797998
0.0 0.0 0.0 0.0 0.0 0.0 0.0 0.0 0.0 0.0 0.0 0.0 0.0 0.0 0.0 0.0 0.0 0.0 0.0 0.0 0.0 0.0 0.0 0.0 0.0 0.0 0.0 0.0 0.0 0.0 0.0 0.0 0.0 0.0 0.0 0.0 0.0 0.0 0.0 0.0 0.0 0.0 0.0 0.007113033373684208 0.021830060327412196 0.036547087281140186 0.05126411423486817 0.06598114118859616 0.08069816814232415 0.09541519509605213 0.11013222204978013 0.1248492490035081 0.13956627595723609 0.15428330291098918 0.16900032986471716 0.1766043234518383 0.1766043234518383 0.1766043234518383
0.0 0.0 0.0 0.0 0.0 0.0 0.0 0.0 0.0 0.0 0.0 0.0 0.0 0.0 0.0 0.0 0.0 0.0 0.0 0.0 0.0 0.0 0.0 0.0 0.0 0.0 0.0 0.0 0.0 0.0 0.0 0.0 0.0 0.0 0.0 0.0 0.0 0.0 0.0 0.0 0.0 0.0 0.0 0.007791541689743198 0.023912417697900222 0.040033293706057245 0.05615416971421427 0.07227504572237128 0.0883959217305283 0.10451679773868533 0.12063767374684235 0.13675854975499938 0.1528794257631564 0.16900030177134093 0.18512117777949794 0.19345051210566422 0.19345051210566422 0.19345051210566422
0.0 0.0 0.0 0.0 0.0 0.0 0.0 0.0 0.0 0.0 0.0 0.0 0.0 0.0 0.0 0.0 0.0 0.0 0.0 0.00014965013531791755 0.00045927964990501456 0.0007689091644921116 0.0010785386790792084 0.0013881681936663056 0.0016977977082534026 0.0020074272228404995 0.0023170567374275965 0.0026266862520152217 0.0029363157666023186 0.0032459452811894156 0.0035555747957765125 0.0037155541751940635 0.0037155541751940635 0.0037155541751940635 0.0037155541751940635 0.0037155541751940635 0.0037155541751940635 0.0037155541751940635 0.0037155541751940635 0.0037155541751940635 0.0037155541751940635 0.0037155541751940635 0.0037155541751940635 0.011380053620440233 0.027238076350916587 0.04309609908139294 0.0589541218118693 0.07481214454234565 0.09067016727282201 0.10652819000329836 0.12238621273377472 0.13824423546425108 0.15410225819472742 0.16996028092523083 0.18581830365570717 0.19401182694856342 0.19401182694856342 0.19401182694856342
0.0 0.0 0.0 0.0 0.0 0.0 0.0 0.0 0.0 0.0 0.0 0.0 0.0 0.0 0.0 0.0 0.0 0.0 0.0 0.0004592668312661132 0.0014095002923236986 0.002359733753381284 0.0033099672144388695 0.004260200675496455 0.0052104341365540405 0.006160667597611626 0.007110901058669211 0.008061134519728418 0.009011367980786002 0.009961601441843588 0.010911834902901173 0.011402801533147988 0.011402801533147988 0.011402801533147988 0.011402801533147988 0.011402801533147988 0.011402801533147988 0.011402801533147988 0.011402801533147988 0.011402801533147988 0.011402801533147988 0.011402801533147988 0.011402801533147988 0.018079175967000958 0.03189274569657788 0.0457063154261548 0.05951988515573173 0.07333345488530865 0.08714702461488558 0.10096059434446249 0.11477416407403941 0.12858773380361632 0.14240130353319325 0.15621487326279374 0.17002844299237066 0.1771656382947375 0.1771656382947375 0.1771656382947375
0.0 0.0 0.0 0.0 0.0 0.0 0.0 0.0 0.0 0.0 0.0 0.0 0.0 0.0 0.0 0.0 0.0 0.0 0.0 0.0007688835272143088 0.0023597209347423825 0.003950558342270457 0.005541395749798531 0.007132233157326604 0.008723070564854678 0.010313907972382751 0.011904745379910826 0.013495582787441613 0.015086420194969686 0.01667725760249776 0.018268095010025836 0.019090048891101913 0.019090048891101913 0.019090048891101913 0.019090048891101913 0.019090048891101913 0.019090048891101913 0.019090048891101913 0.019090048891101913 0.019090048891101913 0.019090048891101913 0.019090048891101913 0.019090048891101913 0.024778298313561684 0.03654741504223917 0.04831653177091666 0.06008564849959415 0.07185476522827164 0.08362388195694913 0.09539299868562662 0.10716211541430411 0.1189312321429816 0.1307003488716591 0.14246946560035667 0.15423858232903415 0.16031944964091158 0.16031944964091158 0.16031944964091158
0.0 0.0 0.0 0.0 0.0 0.0 0.0 0.0 0.0 0.0 0.0 0.0 0.0 0.0 0.0 0.0 0.0 0.0 0.0 0.001078500223162505 0.0033099415771610688 0.005541382931159632 0.007772824285158196 0.010004265639156759 0.012235706993155323 0.014467148347153886 0.016698589701152452 0.018930031055154818 0.021161472409153382 0.023392913763151946 0.02562435511715051 0.02677729624905585 0.02677729624905585 0.02677729624905585 0.02677729624905585 0.02677729624905585 0.02677729624905585 0.02677729624905585 0.02677729624905585 0.02677729624905585 0.02677729624905585 0.02677729624905585 0.02677729624905585 0.03147742066012242 0.041202084387900476 0.05092674811567853 0.06065141184345658 0.07037607557123463 0.08010073929901268 0.08982540302679073 0.09955006675456879 0.10927473048234684 0.1189993942101249 0.12872405793791952 0.1384487216656976 0.14347326098708563 0.14347326098708563 0.14347326098708563
0.0 0.0 0.0 0.0 0.0 0.0 0.0 0.0 0.0 0.0 0.0 0.0 0.0 0.0 0.0 0.0 0.0 0.0 0.0 0.0013881169191109646 0.004260162219580563 0.007132207520050162 0.01000425282051976 0.012876298120989359 0.015748343421458956 0.018620388721928557 0.021492434022398154 0.02436447932287265 0.027236524623342247 0.030108569923811848 0.032980615224281445 0.03446454360701633 0.03446454360701633 0.03446454360701633 0.03446454360701633 0.03446454360701633 0.03446454360701633 0.03446454360701633 0.03446454360701633 0.03446454360701633 0.03446454360701633 0.03446454360701633 0.03446454360701633 0.03817654300668886 0.045856753733565736 0.05353696446044261 0.061217175187319485 0.06889738591419636 0.07657759664107325 0.0842578073679501 0.09193801809482699 0.09961822882170387 0.10729843954858073 0.11497865027547072 0.1226588610023476 0.12662707233324533 0.12662707233324533 0.12662707233324533
0.0 0.0 0.0 0.0 0.0 0.0 0.0 0.0 0.0 0.0 0.0 0.0 0.0 0.0 0.0 0.0 0.0 0.0 0.0 0.0016977336150591606 0.005210382861999248 0.008723032108939335 0.012235681355879423 0.01574833060281951 0.019260979849759597 0.022773629096699687 0.026286278343639773 0.02979892759058585 0.03331157683752594 0.036824226084466026 0.04033687533140611 0.042151790964970265 0.042151790964970265 0.042151790964970265 0.042151790964970265 0.042151790964970265 0.042151790964970265 0.042151790964970265 0.042151790964970265 0.042151790964970265 0.042151790964970265 0.042151790964970265 0.042151790964970265 0.04487566535324959 0.050511423079227034 0.05614718080520448 0.06178293853118192 0.06741869625715936 0.07305445398313681 0.07869021170911425 0.08432596943509169 0.08996172716106914 0.09559748488704659 0.10123324261303362 0.10686900033901107 0.1097808836794194 0.1097808836794194 0.1097808836794194
0.0 0.0 0.0 0.0 0.0 0.0 0.0 0.0 0.0 0.0 0.0 0.0 0.0 0.0 0.0 0.0 0.0 0.0 0.0 0.002007350311007356 0.006160603504417932 0.010313856697828507 0.014467109891239083 0.01862036308464966 0.022773616278060235 0.02692686947147081 0.031080122664881384 0.03523337585829904 0.03938662905170962 0.0435398822451202 0.04769313543853077 0.04983903832292419 0.04983903832292419 0.04983903832292419 0.04983903832292419 0.04983903832292419 0.04983903832292419 0.04983903832292419 0.04983903832292419 0.04983903832292419 0.04983903832292419 0.04983903832292419 0.04983903832292419 0.05157478769981032 0.055166092424888326 0.058757397149966334 0.06234870187504435 0.06594000660012236 0.06953131132520037 0.07312261605027838 0.0767139207753564 0.0803052255004344 0.08389653022551241 0.08748783495059655 0.09107913967567455 0.09293469502559348 0.09293469502559348 0.09293469502559348
0.0 0.0 0.0 0.0 0.0 0.0 0.0 0.0 0.0 0.0 0.0 0.0 0.0 0.0 0.0 0.0 0.0 0.0 0.0 0.002316967006955552 0.0071108241468366175 0.011904681286717683 0.016698538426598748 0.021492395566479812 0.02628625270636088 0.031080109846241943 0.03587396698612301 0.04066782412601225 0.04546168126589331 0.05025553840577438 0.055049395545655445 0.05752628568087812 0.05752628568087812 0.05752628568087812 0.05752628568087812 0.05752628568087812 0.05752628568087812 0.05752628568087812 0.05752628568087812 0.05752628568087812 0.05752628568087812 0.05752628568087812 0.05752628568087812 0.058273910046371044 0.059820761770549624 0.0613676134947282 0.06291446521890677 0.06446131694308535 0.06600816866726393 0.06755502039144251 0.06910187211562108 0.07064872383979966 0.07219557556397824 0.07374242728815944 0.07528927901233802 0.07608850637176755 0.07608850637176755 0.07608850637176755
0.0 0.0 0.0 0.0 0.0 0.0 0.0 0.0 0.0 0.0 0.0 0.0 0.0 0.0 0.0 0.0 0.0 0.0 0.0 0.002626583702903748 0.008061044789255302 0.013495505875606856 0.018929966961958408 0.024364428048309964 0.029798889134661517 0.03523335022101307 0.040667811307364625 0.04610227239372545 0.051536733480077 0.05697119456642855 0.062405655652780105 0.06521353303883205 0.06521353303883205 0.06521353303883205 0.06521353303883205 0.06521353303883205 0.06521353303883205 0.06521353303883205 0.06521353303883205 0.06521353303883205 0.06521353303883205 0.06521353303883205 0.06521353303883205 0.06497303239293178 0.06447543111621092 0.06397782983949006 0.0634802285627692 0.06298262728604835 0.06248502600932749 0.061987424732606634 0.06148982345588577 0.06099222217916492 0.06049462090244406 0.059997019625722355 0.05949941834900149 0.05924231771794162 0.05924231771794162 0.05924231771794162
0.0 0.0 0.0 0.0 0.0 0.0 0.0 0.0 0.0 0.0 0.0 0.0 0.0 0.0 0.0 0.0 0.0 0.0 0.0 0.0029362003988519436 0.009011265431673986 0.015086330464496029 0.02116139549731807 0.027236460530140113 0.03331152556296216 0.0393865905957842 0.04546165562860624 0.05153672066143864 0.05761178569426068 0.06368685072708273 0.06976191575990477 0.07290078039678598 0.07290078039678598 0.07290078039678598 0.07290078039678598 0.07290078039678598 0.07290078039678598 0.07290078039678598 0.07290078039678598 0.07290078039678598 0.07290078039678598 0.07290078039678598 0.07290078039678598 0.0716721547394925 0.06913010046187221 0.06658804618425192 0.06404599190663163 0.06150393762901134 0.05896188335139105 0.05641982907377076 0.05387777479615047 0.05133572051853018 0.04879366624090989 0.046251611963285255 0.043709557685664965 0.04239612906411569 0.04239612906411569 0.04239612906411569
0.0 0.0 0.0 0.0 0.0 0.0 0.0 0.0 0.0 0.0 0.0 0.0 0.0 0.0 0.0 0.0 0.0 0.0 0.0 0.0032458170948001393 0.00996148607409267 0.0166771550533852 0.02339282403267773 0.03010849301197026 0.036824161991262795 0.043539830970555325 0.050255499949847855 0.05697116892915184 0.06368683790844437 0.0704025068877369 0.07711817586702943 0.0805880277547399 0.0805880277547399 0.0805880277547399 0.0805880277547399 0.0805880277547399 0.0805880277547399 0.0805880277547399 0.0805880277547399 0.0805880277547399 0.0805880277547399 0.0805880277547399 0.0805880277547399 0.07837127708605322 0.0737847698075335 0.06919826252901377 0.06461175525049405 0.06002524797197433 0.055438740693454606 0.05085223341493488 0.04626572613641516 0.04167921885789543 0.03709271157937571 0.03250620430084816 0.027919697022328438 0.025549940410289757 0.025549940410289757 0.025549940410289757
0.0 0.0 0.0 0.0 0.0 0.0 0.0 0.0 0.0 0.0 0.0 0.0 0.0 0.0 0.0 0.0 0.0 0.0 0.0 0.003555433790748599 0.010911706716512166 0.018267979642275733 0.025624252568039296 0.03298052549380286 0.04033679841956643 0.04769307134533 0.055049344271093564 0.06240561719686967 0.06976189012263324 0.0771181630483968 0.08447443597416038 0.08827527511270039 0.08827527511270039 0.08827527511270039 0.08827527511270039 0.08827527511270039 0.08827527511270039 0.08827527511270039 0.08827527511270039 0.08827527511270039 0.08827527511270039 0.08827527511270039 0.08827527511270039 0.08507039943261967 0.07843943915319877 0.07180847887377786 0.06517751859435697 0.05854655831493607 0.05191559803551517 0.045284637756094266 0.038653677476673365 0.032022717197252464 0.025391756917831562 0.018760796638399357 0.01212983635897845 0.008703751756449463 0.008703751756449463 0.008703751756449463
0.0 0.0 0.0 0.0 0.0 0.0 0.0 0.0 0.0 0.0 0.0 0.0 0.0 0.0 0.0 0.0 0.0 0.0 0.0 0.003565750216358219 0.010943368060033116 0.018320985903708013 0.02569860374738291 0.0330762215910578 0.0404538394347327 0.047831457278407596 0.05520907512208249 0.06258669296576998 0.06996431080944487 0.07734192865311977 0.08471954649679467 0.08853141412764662 0.08853141412764662 0.08853141412764662 0.08853141412764662 0.08853141412764662 0.08853141412764662 0.08853141412764662 0.08853141412764662 0.08853141412764662 0.08853141412764662 0.08853141412764662 0.08853141412764662 0.08496566391835947 0.07758804607468561 0.07021042823101177 0.06283281038733793 0.05545519254366407 0.04807757469999022 0.040699956856316374 0.03332233901264253 0.025944721168968676 0.018567103325294834 0.011189485481608405 0.003811867637934549 0.0 0.0 0.0
0.0 0.0 0.0 0.0 0.0 0.0 0.0 0.0 0.0 0.0 0.0 0.0 0.0 0.0 0.0 0.0 0.0 0.0 0.0 0.003256133520410023 0.00999314741761443 0.016730161314818838 0.023467175212023243 0.03020418910922765 0.036941203006432055 0.04367821690363646 0.05041523080084087 0.05715224469805677 0.06388925859526118 0.07062627249246559 0.07736328638967 0.08084416676969268 0.08084416676969268 0.08084416676969268 0.08084416676969268 0.08084416676969268 0.08084416676969268 0.08084416676969268 0.08084416676969268 0.08084416676969268 0.08084416676969268 0.08084416676969268 0.08084416676969268 0.07758803325573974 0.07085101935853629 0.06411400546133283 0.05737699156412939 0.05063997766692594 0.04390296376972249 0.03716594987251904 0.030428935975315596 0.023691922078112146 0.016954908180908695 0.010217894283693754 0.0034808803864903037 0.0 0.0 0.0
0.0 0.0 0.0 0.0 0.0 0.0 0.0 0.0 0.0 0.0 0.0 0.0 0.0 0.0 0.0 0.0 0.0 0.0 0.0 0.002946516824461827 0.009042926775195746 0.015139336725929663 0.021235746676663583 0.027332156627397502 0.03342856657813142 0.03952497652886534 0.045621386479599256 0.05171779643034357 0.05781420638107749 0.06391061633181142 0.07000702628254532 0.07315691941173876 0.07315691941173876 0.07315691941173876 0.07315691941173876 0.07315691941173876 0.07315691941173876 0.07315691941173876 0.07315691941173876 0.07315691941173876 0.07315691941173876 0.07315691941173876 0.07315691941173876 0.07021040259312003 0.06411399264238697 0.05801758269165392 0.05192117274092087 0.04582476279018782 0.039728352839454764 0.03363194288872171 0.02753553293798866 0.02143912298725561 0.015342713036522564 0.009246303085779117 0.0031498931350460585 0.0 0.0 0.0
0.0 0.0 0.0 0.0 0.0 0.0 0.0 0.0 0.0 0.0 0.0 0.0 0.0 0.0 0.0 0.0 0.0 0.0 0.0 0.0026369001285136313 0.008092706132777062 0.01354851213704049 0.019004318141303923 0.02446012414556735 0.02991593014983078 0.03537173615409421 0.04082754215835764 0.046283348162630376 0.05173915416689381 0.05719496017115724 0.06265076617542066 0.06546967205378483 0.06546967205378483 0.06546967205378483 0.06546967205378483 0.06546967205378483 0.06546967205378483 0.06546967205378483 0.06546967205378483 0.06546967205378483 0.06546967205378483 0.06546967205378483 0.06546967205378483 0.06283277193050031 0.05737696592623766 0.051921159921975 0.046465353917712345 0.04100954791344969 0.03555374190918703 0.030097935904924385 0.024642129900661724 0.01918632389639907 0.013730517892136418 0.00827471188786446 0.0028189058836017994 0.0 0.0 0.0
0.0 0.0 0.0 0.0 0.0 0.0 0.0 0.0 0.0 0.0 0.0 0.0 0.0 0.0 0.0 0.0 0.0 0.0 0.0 0.002327283432565435 0.007142485490358376 0.011957687548151316 0.016772889605944256 0.021588091663737197 0.02640329372153014 0.031218495779323077 0.03603369783711602 0.04084889989491717 0.04566410195271011 0.05047930401050305 0.055294506068295994 0.0577824246958309 0.0577824246958309 0.0577824246958309 0.0577824246958309 0.0577824246958309 0.0577824246958309 0.0577824246958309 0.0577824246958309 0.0577824246958309 0.0577824246958309 0.0577824246958309 0.0577824246958309 0.055455141267880585 0.05063993921008833 0.045824737152296076 0.04100953509450382 0.03619433303671156 0.031379130978919305 0.026563928921127047 0.02174872686333479 0.016933524805542534 0.01211832274775028 0.007303120689949809 0.002487918632157554 0.0 0.0 0.0
0.0 0.0 0.0 0.0 0.0 0.0 0.0 0.0 0.0 0.0 0.0 0.0 0.0 0.0 0.0 0.0 0.0 0.0 0.0 0.0020176667366169753 0.00619226484793888 0.010366862959260785 0.014541461070582691 0.018716059181904596 0.0228906572932265 0.027065255404548405 0.03123985351587031 0.035414451627199334 0.03958904973852124 0.04376364784984314 0.04793824596116505 0.05009517733787041 0.05009517733787041 0.05009517733787041 0.05009517733787041 0.05009517733787041 0.05009517733787041 0.05009517733787041 0.05009517733787041 0.05009517733787041 0.05009517733787041 0.05009517733787041 0.05009517733787041 0.04807751060525457 0.04390291249393326 0.03972831438261195 0.035553716271290635 0.03137911815996933 0.027204520048648012 0.0230299219373267 0.01885532382600539 0.014680725714684074 0.010506127603362767 0.006331529492034332 0.0021569313807130244 0.0 0.0 0.0
0.0 0.0 0.0 0.0 0.0 0.0 0.0 0.0 0.0 0.0 0.0 0.0 0.0 0.0 0.0 0.0 0.0 0.0 0.0 0.0017080500406687798 0.005242044205520197 0.008776038370371613 0.012310032535223031 0.015844026700074447 0.019378020864925866 0.022912015029777282 0.026446009194628698 0.029980003359486144 0.033513997524337556 0.03704799168918898 0.040581985854040395 0.042407929979916485 0.042407929979916485 0.042407929979916485 0.042407929979916485 0.042407929979916485 0.042407929979916485 0.042407929979916485 0.042407929979916485 0.042407929979916485 0.042407929979916485 0.042407929979916485 0.042407929979916485 0.04069987994263486 0.037165885777783944 0.03363189161293303 0.03009789744808211 0.0265639032832312 0.023029909118380286 0.01949591495352937 0.015961920788678457 0.01242792662382754 0.008893932458976628 0.005359938294119682 0.0018259441292687723 0.0 0.0 0.0
0.0 0.0 0.0 0.0 0.0 0.0 0.0 0.0 0.0 0.0 0.0 0.0 0.0 0.0 0.0 0.0 0.0 0.0 0.0 0.001398433344720584 0.004291823563101512 0.00718521378148244 0.010078603999863368 0.012971994218244296 0.015865384436625225 0.018758774655006152 0.02165216487338708 0.02454555509177294 0.02743894531015387 0.030332335528534798 0.03322572574691573 0.034720682621962554 0.034720682621962554 0.034720682621962554 0.034720682621962554 0.034720682621962554 0.034720682621962554 0.034720682621962554 0.034720682621962554 0.034720682621962554 0.034720682621962554 0.034720682621962554 0.034720682621962554 0.033322249280015134 0.03042885906163462 0.027535468843254102 0.024642078624873588 0.02174868840649307 0.018855298188112553 0.015961907969732035 0.013068517751351517 0.010175127532971003 0.0072817373145904855 0.004388347096205034 0.00149495687782452 0.0 0.0 0.0
0.0 0.0 0.0 0.0 0.0 0.0 0.0 0.0 0.0 0.0 0.0 0.0 0.0 0.0 0.0 0.0 0.0 0.0 0.0 0.0010888166487723883 0.0033416029206828277 0.005594389192593267 0.007847175464503706 0.010099961736414146 0.012352748008324586 0.014605534280235024 0.016858320552145464 0.019111106824059747 0.021363893095970185 0.023616679367880623 0.02586946563979106 0.027033435264008625 0.027033435264008625 0.027033435264008625 0.027033435264008625 0.027033435264008625 0.027033435264008625 0.027033435264008625 0.027033435264008625 0.027033435264008625 0.027033435264008625 0.027033435264008625 0.027033435264008625 0.02594461861739542 0.023691832345485296 0.021439046073575177 0.019186259801665058 0.01693347352975494 0.014680687257844821 0.012427900985934702 0.010175114714024582 0.007922328442114462 0.005669542170204343 0.0034167558982903835 0.0011639696263802644 0.0 0.0 0.0
0.0 0.0 0.0 0.0 0.0 0.0 0.0 0.0 0.0 0.0 0.0 0.0 0.0 0.0 0.0 0.0 0.0 0.0 0.0 0.0007791999528241923 0.0023913822782641423 0.004003564603704092 0.0056157469291440425 0.007227929254583993 0.008840111580023943 0.010452293905463893 0.012064476230903844 0.013676658556346543 0.015288840881786493 0.016901023207226442 0.01851320553266639 0.019346187906054694 0.019346187906054694 0.019346187906054694 0.019346187906054694 0.019346187906054694 0.019346187906054694 0.019346187906054694 0.019346187906054694 0.019346187906054694 0.019346187906054694 0.019346187906054694 0.019346187906054694 0.018566987954775696 0.016954805629335976 0.015342623303896253 0.013730440978456531 0.01211825865301681 0.01050607632757709 0.00889389400213737 0.007281711676697647 0.005669529351257927 0.0040573470258182046 0.0024451647003757362 0.0008329823749360123 0.0 0.0 0.0
0.0 0.0 0.0 0.0 0.0 0.0 0.0 0.0 0.0 0.0 0.0 0.0 0.0 0.0 0.0 0.0 0.0 0.0 0.0 0.0004695832568759966 0.0014411616358454581 0.0024127400148149197 0.0033843183937843813 0.004355896772753843 0.005327475151723305 0.006299053530692766 0.007270631909662228 0.008242210288633346 0.009213788667602807 0.01018536704657227 0.01115694542554173 0.011658940548100766 0.011658940548100766 0.011658940548100766 0.011658940548100766 0.011658940548100766 0.011658940548100766 0.011658940548100766 0.011658940548100766 0.011658940548100766 0.011658940548100766 0.011658940548100766 0.011658940548100766 0.011189357292155977 0.010217778913186653 0.00924620053421733 0.008274622155248008 0.007303043776278683 0.0063314653973093596 0.005359887018340036 0.004388308639370713 0.0034167302604013895 0.002445151881432066 0.0014735735024610855 0.0005019951234917618 0.0 0.0 0.0
