Figures/CREST_Example_wjb_NSE/Rolling_result/20100722/BJP_forecast/ens_44/wjb.rain.20100723.asc
ncols            288
nrows            254
xllcorner        113.274861
yllcorner        31.4918055
cellsize         0.008333333333
NODATA_value     -9999
[rows 182 to 207 of 254, columns 174 to 231 of 288]
0.0 0.0 0.0 0.0 0.0 0.0 0.0 0.0 0.0 0.0 0.0 0.0 0.0 0.0 0.0 0.0 0.0 0.0 0.0 0.0 0.0 0.0 0.0 0.0 0.0 0.0 0.0 0.0 0.0 0.0 0.0 0.0 0.0 0.00039041803647625416 0.0011982017887861272 0.0020059855410946227 0.0028137692934031185 0.003621553045711614 0.00442933679802011 0.005237120550328605 0.006044904302637101 0.006852688054945597 0.007660471807254092 0.008468255559562588 0.009276039311871084 0.009820872652220062 0.010084606051293316 0.01034833945036702 0.010612072849440275 0.01087580624851353 0.011139539647586783 0.011403273046660037 0.011667006445733291 0.011930739844806545 0.012194473243879799 0.012458206642953053 0.012721940042026307 0.013466283037206378
0.0 0.0 0.0 0.0 0.0 0.0 0.0 0.0 0.0 0.0 0.0 0.0 0.0 0.0 0.0 0.0 0.0 0.0 0.0 0.0 0.0 0.0 0.0 0.0 0.0 0.0 0.0 0.0 0.0 0.0 0.0 0.0 0.0 0.0006536200236863858 0.0020059746435794903 0.0033583292634702887 0.004710683883361087 0.006063038503251885 0.007415393123142684 0.008767747743033483 0.01012010236292428 0.011472456982815078 0.012824811602705877 0.014177166222596675 0.015529520842487474 0.016441655906835845 0.016883186303599765 0.017324716700364437 0.017766247097128356 0.01820777749389228 0.0186493078906562 0.019090838287420118 0.019532368684184037 0.01997389908094796 0.02041542947771188 0.0208569598744758 0.02129849027123972 0.022544635276556303
0.0 0.0 0.0 0.0 0.0 0.0 0.0 0.0 0.0 0.0 0.0 0.0 0.0 0.0 0.0 0.0 0.0 0.0 0.0 0.0 0.0 0.0 0.0 0.0 0.0 0.0 0.0 0.0 0.0 0.0 0.0 0.0 0.0 0.0009168220108962928 0.002813747498372164 0.004710672985844801 0.006607598473317437 0.008504523960790072 0.01040144944826271 0.012298374935735346 0.014195300423207982 0.01609222591068062 0.017989151398153255 0.01988607688562589 0.021783002373098527 0.023062439161445975 0.02368176655590041 0.0243010939503559 0.024920421344810338 0.025539748739264775 0.02615907613371921 0.026778403528173646 0.02739773092262808 0.028017058317082517 0.028636385711536955 0.02925571310599139 0.029875040500445826 0.031622987515898496
0.0 0.0 0.0 0.0 0.0 0.0 0.0 0.0 0.0 0.0 0.0 0.0 0.0 0.0 0.0 0.0 0.0 0.0 0.0 0.0 0.0 0.0 0.0 0.0 0.0 0.0 0.0 0.0 0.0 0.0 0.0 0.0 0.0 0.0011800239981061998 0.0036215203531648377 0.006063016708219312 0.008504513063273786 0.01094600941832826 0.013387505773382736 0.01582900212843721 0.018270498483491684 0.020711994838546157 0.02315349119360063 0.025594987548655107 0.02803648390370958 0.029683222416056105 0.030480346808201053 0.031277471200347365 0.032074595592492317 0.03287171998463727 0.03366884437678221 0.034465968768927165 0.035263093161072116 0.03606021755321707 0.03685734194536202 0.037654466337506964 0.038451590729651916 0.04070133975524068
0.0 0.0 0.0 0.0 0.0 0.0 0.0 0.0 0.0 0.0 0.0 0.0 0.0 0.0 0.0 0.0 0.0 0.0 0.0 0.0 0.0 0.0 0.0 0.0 0.0 0.0 0.0 0.0 0.0 0.0 0.0 0.0 0.0 0.001443225985316107 0.004429293207957511 0.007415360430593824 0.010401427653230136 0.013387494875866449 0.01637356209850276 0.019359629321139073 0.022345696543775384 0.025331763766411698 0.02831783098904801 0.03130389821168432 0.034289965434320634 0.03630400567066623 0.0372789270605017 0.03825384845033883 0.039228769840174295 0.04020369123000976 0.04117861261984523 0.04215353400968069 0.04312845539951615 0.044103376789351625 0.045078298179187085 0.04605321956902255 0.04702814095885802 0.04977969199458286
0.0 0.0 0.0 0.0 0.0 0.0 0.0 0.0 0.0 0.0 0.0 0.0 0.0 0.0 0.0 0.0 0.0 0.0 0.0 0.0 0.0 0.0 0.0 0.0 0.0 0.0 0.0 0.0 0.0 0.0 0.0 0.0 0.0 0.0017064279725260139 0.005237066062750185 0.008767704152968335 0.012298342243186485 0.015828980333404637 0.019359618423622785 0.022890256513840936 0.026420894604059084 0.029951532694277236 0.033482170784495384 0.03701280887471354 0.04054344696493169 0.04292478892527636 0.04407750731280234 0.04523022570033029 0.04638294408785627 0.047535662475382254 0.048688380862908234 0.049841099250434215 0.050993817637960195 0.052146536025486176 0.053299254413012156 0.05445197280053814 0.05560469118806412 0.05885804423392505
0.0 0.0 0.0 0.0 0.0 0.0 0.0 0.0 0.0 0.0 0.0 0.0 0.0 0.0 0.0 0.0 0.0 0.0 0.0 0.0 0.0 0.0 0.0 0.0 0.0 0.0 0.0 0.0 0.0 0.0 0.0 0.0 0.0 0.001969629959735921 0.006044838917542859 0.010120047875342847 0.014195256833142834 0.01827046579094282 0.02234567474874281 0.0264208837065428 0.030496092664342788 0.034571301622142774 0.03864651057994276 0.04272171953774275 0.04679692849554274 0.0495455721798865 0.05087608756510299 0.05220660295032176 0.05353711833553825 0.05486763372075475 0.05619814910597125 0.05752866449118774 0.05885917987640424 0.06018969526162074 0.06152021064683723 0.06285072603205373 0.06418124141727022 0.06793639647326724
0.0 0.0 0.0 0.0 0.0 0.0 0.0 0.0 0.0 0.0 0.0 0.0 0.0 0.0 0.0 0.0 0.0 0.0 0.0 0.0 0.0 0.0 0.0 0.0 0.0 0.0 0.0 0.0 0.0 0.0 0.0 0.0 0.0 0.0022328319469460526 0.006852611772336221 0.011472391597718512 0.016092171423100803 0.02071195124848309 0.025331731073865382 0.029951510899247673 0.034571290724629965 0.03919107055001225 0.04381085037539455 0.048430630200776835 0.05305041002615913 0.056166355434502276 0.05767466781740944 0.059182980200319174 0.060691292583226336 0.0621996049661335 0.06370791734904066 0.06521622973194782 0.06672454211485498 0.06823285449776215 0.06974116688066931 0.07124947926357647 0.07275779164648363 0.07701474871261717
0.0 0.0 0.0 0.0 0.0 0.0 0.0 0.0 0.0 0.0 0.0 0.0 0.0 0.0 0.0 0.0 0.0 0.0 0.0 0.0 0.0 0.0 0.0 0.0 0.0 0.0 0.0 0.0 0.0 0.0 0.0 0.0 0.0 0.0024960339341559596 0.007660384627128895 0.012824735320093024 0.01798908601305715 0.02315343670602128 0.028317787398985408 0.03348213809194954 0.03864648878491367 0.0438108394778778 0.048975190170841926 0.054139540863806054 0.059303891556770176 0.06278713868911241 0.06447324806971008 0.06615935745031064 0.06784546683090831 0.06953157621150599 0.07121768559210366 0.07290379497270134 0.07458990435329901 0.0762760137338967 0.07796212311449438 0.07964823249509205 0.08133434187568972 0.08609310095195935
0.0 0.0 0.0 0.0 0.0 0.0 0.0 0.0 0.0 0.0 0.0 0.0 0.0 0.0 0.0 0.0 0.0 0.0 0.0 0.0 0.0 0.0 0.0 0.0 0.0 0.0 0.0 0.0 0.0 0.0 0.0 0.0 0.0 0.0027592359213658665 0.008468157481921569 0.014177079042467535 0.0198860006030135 0.025594922163559467 0.03130384372410543 0.0370127652846514 0.042721686845197365 0.048430608405743335 0.0541395299662893 0.05984845152683527 0.06555737308738123 0.06940792194372254 0.07127182832201073 0.0731357347003021 0.07499964107859029 0.07686354745687848 0.07872745383516667 0.08059136021345487 0.08245526659174306 0.08431917297003125 0.08618307934831944 0.08804698572660763 0.08991089210489582 0.09517145319130152
0.0 0.0 0.0 0.0 0.0 0.0 0.0 0.0 0.0 0.0 0.0 0.0 0.0 0.0 0.0 0.0 0.0 0.0 0.0 0.0 0.0 0.0 0.0 0.0 0.0 0.0 0.0 0.0 0.0 0.0 0.0 0.0 0.0 0.0030224379085757734 0.009275930336714241 0.015529422764842047 0.021782915192969852 0.028036407621097655 0.03428990004922546 0.040543392477353266 0.04679688490548107 0.05305037733360887 0.059303869761736676 0.06555736218986448 0.07181085461799229 0.07602870519833267 0.07807040857431137 0.08011211195029357 0.08215381532627226 0.08419551870225098 0.08623722207822969 0.08827892545420839 0.0903206288301871 0.0923623322061658 0.09440403558214451 0.09644573895812322 0.09848744233410192 0.10424980543064372
0.10045749904652629 0.09953013560959566 0.09860277217266503 0.09767540873573441 0.09674804529880378 0.09582068186187315 0.09489331842494253 0.0939659549880119 0.09303859155107969 0.0888314556920362 0.08111816890870485 0.07340488212537352 0.06569159534204218 0.057978308558710834 0.05026502177537949 0.042551734992048146 0.03483844820871681 0.02712516142538547 0.019411874642054128 0.011698587858722784 0.00398530107539144 0.0 0.0 0.0 0.0 0.0 0.0 0.0 0.0 0.0 0.0 0.0 0.0 0.0030312077975056823 0.009302845324295539 0.0155744828510747 0.02184612037785386 0.02811775790463302 0.03438939543141218 0.040661032958191345 0.046932670484970504 0.05320430801174966 0.05947594553852882 0.06574758306530798 0.07201922059208715 0.08202712183530311 0.09602917354762996 0.11003122525998069 0.12403327697230752 0.13803532868463436 0.1520373803969612 0.16603943210928807 0.1800414838216149 0.19404353553394174 0.2080455872462686 0.22204763895859544 0.23604969067092227 0.24712663802793164
0.3082977327115169 0.3054517127755353 0.3026056928395537 0.2997596729035721 0.29691365296759054 0.29406763303160893 0.29122161309562733 0.2883755931596457 0.2855295732236593 0.2726181384491214 0.24894654748154801 0.22527495651397458 0.20160336554640118 0.17793177457882775 0.15426018361125435 0.13058859264368092 0.10691700167610749 0.08324541070853408 0.059573819740960654 0.03590222877338725 0.012230637805813849 0.0 0.0 0.0 0.0 0.0 0.0 0.0 0.0 0.0 0.0 0.0 0.0 0.002768005810295663 0.00849507246950252 0.01422213912869961 0.0199492057878967 0.025676272447093793 0.03140333910629088 0.03713040576548797 0.042857472424685066 0.048584539083882154 0.05431160574307924 0.06003867240227634 0.06576573906147343 0.08736026778594924 0.12591747255837638 0.16447467733086923 0.20303188210329637 0.2415890868757235 0.28014629164815064 0.31870349642057777 0.35726070119300485 0.395817905965432 0.4343751107378591 0.47293231551028625 0.5114895202827134 0.5330256127748789
0.516137966376419 0.5113732899413872 0.5066086135063553 0.5018439370713236 0.49707926063629176 0.49231458420125995 0.48754990776622814 0.48278523133119633 0.4780205548961564 0.4564048212061278 0.41677492605431915 0.3771450309025105 0.3375151357507019 0.2978852405988932 0.2582553454470846 0.21862545029527597 0.17899555514346732 0.13936565999165867 0.09973576483985003 0.06010586968804138 0.020475974536232733 0.0 0.0 0.0 0.0 0.0 0.0 0.0 0.0 0.0 0.0 0.0 0.0 0.002504803823085756 0.007687299614709846 0.012869795406325098 0.018052291197940353 0.023234786989555604 0.028417282781170856 0.03359977857278611 0.03878227436440136 0.04396477015601662 0.04914726594763187 0.05432976173924712 0.059512257530862374 0.09269341373659307 0.15580577156910996 0.21891812940173444 0.28203048723425134 0.34514284506676823 0.40825520289928513 0.471367560731802 0.5344799185643189 0.5975922763968358 0.6607046342293527 0.7238169920618696 0.7869293498943865 0.8189245875217036
0.7239782000413211 0.717294867107239 0.710611534173157 0.7039282012390751 0.697244868304993 0.690561535370911 0.6838782024368291 0.6771948695027471 0.6705115365686537 0.6401915039631344 0.5846033046270905 0.5290151052910466 0.4734269059550027 0.41783870661895883 0.36225050728291497 0.30666230794687105 0.2510741086108272 0.19548590927478326 0.1398977099387394 0.08430951060269554 0.02872131126665156 0.0 0.0 0.0 0.0 0.0 0.0 0.0 0.0 0.0 0.0 0.0 0.0 0.002241601835875849 0.006879526759917173 0.011517451683950587 0.016155376607984002 0.020793301532017416 0.02543122645605083 0.030069151380084248 0.03470707630411766 0.03934500122815108 0.04398292615218449 0.04862085107621791 0.05325877600025132 0.0980265596872369 0.1856940705798436 0.2733615814725998 0.36102909236520647 0.44869660325781313 0.5363641141504198 0.6240316250430266 0.7116991359356333 0.79936664682824 0.8870341577208467 0.9747016686134533 1.06236917950606 1.1048235622685287
0.9318184337063117 0.9232164442731786 0.9146144548400457 0.9060124654069126 0.8974104759737795 0.8888084865406466 0.8802064971075136 0.8716045076743806 0.8630025182412329 0.8239781867202192 0.7524316831999333 0.6808851796796473 0.6093386761593614 0.5377921726390755 0.46624566911878956 0.39469916559850365 0.3231526620782177 0.2516061585579318 0.18005965503764587 0.10851315151735996 0.036966647997074054 0.0 0.0 0.0 0.0 0.0 0.0 0.0 0.0 0.0 0.0 0.0 0.0 0.00197839984866583 0.0060717539051241545 0.0101651079615755 0.014258462018026843 0.018351816074478187 0.02244517013092953 0.02653852418738088 0.030631878243832223 0.034725232300283564 0.038818586356734915 0.04291194041318626 0.0470052944696376 0.10335970563788302 0.21558236959059 0.32780503354348833 0.4400276974961953 0.5522503614489022 0.6644730254016091 0.7766956893543161 0.8889183533070231 1.0011410172597301 1.1133636812124372 1.225586345165144 1.337809009117851 1.390722537015476
1.1396586673712137 1.1291380214390305 1.1186173755068474 1.108096729574664 1.0975760836424808 1.0870554377102977 1.0765347917781145 1.0660141458459313 1.0554934999137302 1.0077648694772259 0.9202600617727046 0.8327552540681834 0.7452504463636622 0.6577456386591412 0.5702408309546199 0.4827360232500988 0.3952312155455776 0.3077264078410564 0.22022160013653524 0.13271679243201406 0.04521198472749277 0.0 0.0 0.0 0.0 0.0 0.0 0.0 0.0 0.0 0.0 0.0 0.0 0.0017151978614559228 0.005263981050331481 0.008812764239200988 0.012361547428070494 0.01591033061694 0.019459113805809506 0.023007896994679013 0.02655668018354852 0.030105463372418026 0.033654246561287536 0.03720302975015704 0.04075181293902655 0.10869285158852686 0.2454706686013236 0.3822484856143536 0.5190263026271504 0.6558041196399471 0.7925819366527439 0.9293597536655406 1.0661375706783374 1.2029153876911343 1.3396932047039307 1.4764710217167276 1.6132488387295245 1.676621511762301
1.3474989010361158 1.3350595986048823 1.3226202961736488 1.3101809937424156 1.297741691311182 1.2853023888799489 1.2728630864487154 1.2604237840174821 1.2479844815862275 1.1915515522342324 1.088088440345476 0.9846253284567195 0.8811622165679631 0.7776991046792067 0.6742359927904502 0.5707728809016939 0.4673097690129374 0.36384665712418096 0.2603835452354246 0.15692043334666805 0.05345732145791171 0.0 0.0 0.0 0.0 0.0 0.0 0.0 0.0 0.0 0.0 0.0 0.0 0.0014519958742460158 0.004456208195538807 0.007460420516826476 0.010464632838114146 0.013468845159401813 0.01647305748068948 0.01947726980197715 0.02248148212326482 0.02548569444455249 0.028489906765840158 0.03149411908712783 0.034498331408415496 0.11402599753917071 0.27535896761205725 0.43669193768521897 0.5980249077581056 0.7593578778309922 0.9206908479038787 1.0820238179767652 1.2433567880496517 1.4046897581225384 1.5660227281954249 1.7273556982683114 1.888688668341198 1.9625204865091261
1.5553391347011065 1.540981175770822 1.5266232168405378 1.5122652579102533 1.4979072989799689 1.4835493400496846 1.4691913811194002 1.4548334221891157 1.4404754632588068 1.3753382349913175 1.255916818918319 1.1364954028453205 1.017073986772322 0.8976525706993235 0.778231154626325 0.6588097385533265 0.539388322480328 0.4199669064073295 0.300545490334331 0.18112407426133248 0.0617026581883342 0.0 0.0 0.0 0.0 0.0 0.0 0.0 0.0 0.0 0.0 0.0 0.0 0.0011887938870359966 0.0036484353407457894 0.006108076794451388 0.008567718248156986 0.011027359701862584 0.013487001155568184 0.01594664260927378 0.01840628406297938 0.02086592551668498 0.023325566970390576 0.025785208424096175 0.028244849877801775 0.11935914348981683 0.30524726662280366 0.49113538975610743 0.6770235128890942 0.862911636022081 1.048799759155068 1.2346878822880547 1.4205760054210415 1.6064641285540284 1.7923522516870152 1.978240374820002 2.164128497952989 2.248419461256073
1.7631793683660084 1.7469027529366739 1.7306261375073393 1.7143495220780045 1.69807290664867 1.6817962912193354 1.6655196757900008 1.6492430603606663 1.632966444931304 1.5591249177483237 1.42374519749109 1.2883654772338562 1.1529857569766226 1.0176060367193889 0.8822263164621552 0.7468465962049214 0.6114668759476878 0.476087155690454 0.34070743543322024 0.2053277151759867 0.06994799491875292 0.0 0.0 0.0 0.0 0.0 0.0 0.0 0.0 0.0 0.0 0.0 0.0 0.0009255918998260895 0.002840662485953116 0.004755733072076877 0.0066708036582006375 0.008585874244324398 0.01050094483044816 0.01241601541657192 0.01433108600269568 0.016246156588819442 0.0181612271749432 0.020076297761066963 0.021991368347190725 0.12469228944046067 0.33513556563353725 0.5455788418269727 0.7560221180200493 0.9664653942131259 1.1769086704062026 1.3873519465992792 1.5977952227923558 1.8082384989854323 2.018681775178509 2.2291250513715855 2.439568327564662 2.534318436002898
1.9710196020309105 1.9528243301025259 1.934629058174141 1.9164337862457563 1.8982385143173715 1.8800432423889868 1.8618479704606021 1.8436526985322172 1.8254574266038015 1.7429116005053307 1.5915735760638616 1.4402355516223926 1.2888975271809238 1.1375595027394545 0.9862214782979857 0.8348834538565166 0.6835454294150478 0.5322074049735788 0.3808693805321097 0.22953135609064068 0.07819333164917186 0.0 0.0 0.0 0.0 0.0 0.0 0.0 0.0 0.0 0.0 0.0 0.0 0.0006623899126161824 0.002032889631160442 0.003403389349702365 0.004773889068244287 0.00614438878678621 0.007514888505328133 0.008885388223870055 0.010255887942411978 0.0116263876609539 0.012996887379495822 0.014367387098037745 0.015737886816579668 0.1300254353911045 0.36502386464427095 0.6000222938978381 0.8350207231510045 1.070019152404171 1.3050175816573373 1.5400160109105037 1.77501444016367 2.0100128694168364 2.2450112986700033 2.4800097279231696 2.715008157176336 2.8202174107497235
2.1788598356958127 2.158745907268378 2.1386319788409427 2.118518050413508 2.0984041219860727 2.078290193558638 2.0581762651312028 2.038062336703768 2.0179484082762986 1.926698283262337 1.7594019546366328 1.5921056260109285 1.4248092973852244 1.2575129687595203 1.090216640133816 0.9229203115081119 0.7556239828824076 0.5883276542567035 0.4210313256309992 0.2537349970052951 0.08643866837959102 0.0 0.0 0.0 0.0 0.0 0.0 0.0 0.0 0.0 0.0 0.0 0.0 0.0003991879254062754 0.0012251167763677685 0.0020510456273278533 0.002876974478287938 0.0037029033292480225 0.004528832180208107 0.005354761031168192 0.006180689882128276 0.007006618733088361 0.007832547584048445 0.008658476435008531 0.009484405285968615 0.13535858134174833 0.39491216365500453 0.6544657459687034 0.9140193282819596 1.1735729105952157 1.433126492908472 1.6926800752217281 1.9522336575349843 2.2117872398482405 2.4713408221614968 2.730894404474753 2.990447986788009 3.1061163854965486
2.386700069360803 2.3646674844343174 2.342634899507831 2.320602314581345 2.2985697296548593 2.276537144728373 2.2545045598018874 2.232471974875401 2.2104393899488777 2.110484966019422 1.9272303332094756 1.7439757003995293 1.560721067589583 1.3774664347796368 1.1942118019696906 1.0109571691597443 0.8277025363497981 0.644447903539852 0.4611932707299058 0.27793863791995954 0.09468400511001329 0.0 0.0 0.0 0.0 0.0 0.0 0.0 0.0 0.0 0.0 0.0 0.0 0.00013598593819625612 0.0004173439215747504 0.0006987019049527649 0.0009800598883307793 0.0012614178717087938 0.0015427758550868084 0.0018241338384648227 0.002105491821842837 0.0023868498052208517 0.002668207788598866 0.0029495657719768808 0.003230923755354895 0.14069172729239446 0.42480046266575094 0.7089091980395918 0.9930179334129483 1.277126668786305 1.5612354041596614 1.845344139533018 2.129452874906374 2.4135616102797304 2.697670345653087 2.9817790810264437 3.2658878163998 3.3920153602434953
2.473861007904982 2.449499655383498 2.4251383028620137 2.4007769503405294 2.376415597819045 2.3520542452975612 2.327692892776077 2.3033315402545926 2.278970187733067 2.17510080608731 1.9862355424337428 1.7973702787801755 1.608505015126608 1.4196397514730408 1.2307744878194737 1.0419092241659063 0.853043960512339 0.6641786968587717 0.47531343320520447 0.2864481695516372 0.09758290589806995 0.0 0.0 0.0 0.0 0.0 0.0 0.0 0.0 0.0 0.0 0.0 0.0 0.0 0.0 0.0 0.0 0.0 0.0 0.0 0.0 0.0 0.0 0.0 0.0 0.14267830168568946 0.4378829368587063 0.7330875720322264 1.0282922072052432 1.32349684237826 1.618701477551277 1.9139061127242936 2.20911074789731 2.504315383070327 2.799520018243344 3.094724653416361 3.3899292885893777 0.3984357353933373
2.4320233861645733 2.404894883135089 2.377766380105605 2.350637877076121 2.323509374046637 2.2963808710171527 2.2692523679876686 2.2421238649581845 2.214995361928654 2.1123305264449463 1.928915642553588 1.7455007586622302 1.562085874770872 1.3786709908795138 1.1952561069881558 1.0118412230967977 0.8284263392054396 0.6450114553140815 0.4615965714227235 0.2781816875313652 0.09476680364000734 0.0 0.0 0.0 0.0 0.0 0.0 0.0 0.0 0.0 0.0 0.0 0.0 0.0 0.0 0.0 0.0 0.0 0.0 0.0 0.0 0.0 0.0 0.0 0.0 0.14108760201257992 0.4330010435624444 0.7249144851128067 1.0168279266626712 1.3087413682125357 1.6006548097624 1.8925682513122646 2.184481692862129 2.4763951344119937 2.768308575961858 3.0602220175117223 3.352135459061587 0.3984357353933373
2.390185764424147 2.3602901108866616 2.3303944573491764 2.300498803811691 2.270603150274206 2.2407074967367206 2.2108118431992354 2.1809161896617497 2.1510205361242134 2.0495602468025558 1.8715957426734091 1.6936312385442627 1.515666734415116 1.3377022302859696 1.159737726156823 0.9817732220276765 0.8038087178985298 0.6258442137693834 0.4478797096402367 0.26991520551109005 0.09195070138194339 0.0 0.0 0.0 0.0 0.0 0.0 0.0 0.0 0.0 0.0 0.0 0.0 0.0 0.0 0.0 0.0 0.0 0.0 0.0 0.0 0.0 0.0 0.0 0.0 0.13949690233946965 0.4281191502661803 0.7167413981933832 1.0053636461200939 1.2939858940468045 1.5826081419735152 1.871230389900226 2.1598526378269365 2.4484748857536474 2.7370971336803582 3.0257193816070687 3.3143416295337795 0.3984357353933373
