Figures/CREST_Example_wjb_NSE/Rolling_result/20100722/BJP_forecast/ens_44/wjb.rain.20100726.asc
ncols            288
nrows            254
xllcorner        113.274861
yllcorner        31.4918055
cellsize         0.008333333333
NODATA_value     -9999
[rows 189 to 209 of 254, columns 47 to 93 of 288]
-9999.0 -9999.0 -9999.0 -9999.0 -9999.0 -9999.0 -9999.0 -9999.0 -9999.0 -9999.0 -9999.0 -9999.0 -9999.0 0.22499464169165415 0.22499464169165415 0.22499464169165415 0.0 0.0 0.0 0.0 0.0 0.0 0.0 0.0 0.0 0.0 0.0 0.0 0.0 0.0 0.0 0.0 0.0 0.0 0.0 0.0 0.0 0.0 0.0 0.0 0.0 0.0 0.0 0.0 0.0 0.0 0.0
-9999.0 -9999.0 -9999.0 -9999.0 -9999.0 -9999.0 -9999.0 -9999.0 -9999.0 -9999.0 -9999.0 -9999.0 0.22499464169165415 0.22499464169165415 0.22499464169165415 0.22499464169165415 0.0 0.0 0.0 0.0 0.0 0.0 0.0 0.0 0.0 0.0 0.0 0.0 0.0 0.0 0.0 0.0 0.0 0.0 0.0 0.0 0.0 0.0 0.0 0.0 0.0 0.0 0.0 0.0 0.0 0.0 0.0
-9999.0 -9999.0 -9999.0 -9999.0 -9999.0 -9999.0 -9999.0 -9999.0 -9999.0 -9999.0 -9999.0 -9999.0 0.22499464169165415 0.22499464169165415 0.22499464169165415 0.22499464169165415 0.0 0.0 0.0 0.0 0.0 0.0 0.0 0.0 0.0 0.0 0.0 0.0 0.0 0.0 0.0 0.0 0.0 0.0 0.0 0.0 0.0 0.0 0.0 0.0 0.0 0.0 0.0 0.0 0.0 0.0 0.0
-9999.0 -9999.0 -9999.0 -9999.0 -9999.0 -9999.0 -9999.0 -9999.0 -9999.0 -9999.0 -9999.0 -9999.0 0.22499464169165415 0.22499464169165415 0.22499464169165415 0.22499464169165415 0.0 0.0 0.0 0.0 0.0 0.0 0.0 0.0 0.0 0.0 0.0 0.0 0.0 0.0 0.0 0.0 0.0 0.0 0.0 0.0 0.0 0.0 0.0 0.0 0.0 0.0 0.0 0.0 0.0 0.0 0.0
-9999.0 -9999.0 -9999.0 -9999.0 -9999.0 -9999.0 -9999.0 -9999.0 -9999.0 -9999.0 0.22499464169165415 0.22499464169165415 0.22499464169165415 0.22499464169165415 0.22499464169165415 0.22499464169165415 0.0005067868603417828 0.001555340330061531 0.002603893799783067 0.003652447269502815 0.004701000739222563 0.005749554208942311 0.006798107678662059 0.007846661148381808 0.008895214618101555 0.009943768087821303 0.01099232155754105 0.012040875027260799 0.0120758547773054 0.011027301307585502 0.009978747837865606 0.00893019436814392 0.007881640898424023 0.006833087428704126 0.0057845339589842285 0.004735980489264331 0.003687427019544434 0.0026388735498245365 0.0015903200801046392 0.0005417666103847418 0.0 0.0 0.0 0.0 0.0 0.0 0.0
-9999.0 -9999.0 -9999.0 -9999.0 -9999.0 -9999.0 -9999.0 -9999.0 -9999.0 -9999.0 0.22499464169165415 0.22499464169165415 0.22499464169165415 0.22499464169165415 0.22499464169165415 0.22499464169165415 0.001555296931481415 0.004773241439453617 0.007991185947431307 0.011209130455403508 0.014427074963375709 0.01764501947134791 0.020862963979320113 0.024080908487292312 0.027298852995264515 0.030516797503236718 0.03373474201120892 0.03695268651918112 0.03706003716728526 0.0338420926593126 0.03062414815133994 0.027406203643361795 0.024188259135389138 0.020970314627416477 0.01775237011944382 0.014534425611471162 0.011316481103498501 0.008098536595525844 0.004880592087553183 0.0016626475795805257 0.0 0.0 0.0 0.0 0.0 0.0 0.0
-9999.0 -9999.0 -9999.0 -9999.0 -9999.0 -9999.0 -9999.0 -9999.0 -9999.0 -9999.0 -9999.0 0.22499464169165415 0.22499464169165415 0.22499464169165415 0.22499464169165415 0.22499464169165415 0.0026038070026206004 0.00799114254884433 0.013378478095077247 0.018765813641300977 0.024153149187524706 0.02954048473374844 0.03492782027997217 0.0403151558261959 0.04570249137241963 0.05108982691864336 0.05647716246486709 0.06186449801109082 0.06204421955725446 0.056656884011029966 0.05126954846480547 0.045882212918571794 0.04049487737234729 0.0351075418261228 0.029720206279898305 0.02433287073367381 0.018945535187449312 0.013558199641224816 0.00817086409500032 0.002783528548775824 0.0 0.0 0.0 0.0 0.0 0.0 0.0
-9999.0 -9999.0 -9999.0 -9999.0 -9999.0 -9999.0 -9999.0 -9999.0 -9999.0 -9999.0 -9999.0 0.22499464169165415 0.22499464169165415 0.22499464169165415 0.22499464169165415 0.22499464169165415 0.0036523170737597864 0.011209043658235046 0.018765770242723193 0.026322496827198453 0.033879223411673716 0.041435949996148976 0.048992676580624235 0.056549403165099495 0.06410612974957475 0.07166285633405002 0.07921958291852528 0.08677630950300054 0.0870284019472237 0.07947167536274735 0.07191494877827102 0.0643582221937818 0.05680149560930547 0.04924476902482913 0.0416880424403528 0.03413131585587647 0.026574589271400134 0.019017862686923792 0.011461136102447464 0.0039044095179711358 0.0 0.0 0.0 0.0 0.0 0.0 0.0
-9999.0 -9999.0 -9999.0 -9999.0 -9999.0 -9999.0 -9999.0 -9999.0 -9999.0 -9999.0 -9999.0 0.22499464169165415 0.22499464169165415 0.22499464169165415 0.22499464169165415 0.22499464169165415 0.004700827144899419 0.014426944767627133 0.024153062390371433 0.03387918001309915 0.043605297635826865 0.053331415258554574 0.0630575328812823 0.07278365050401 0.08250976812673771 0.09223588574946544 0.10196200337219315 0.11168812099492086 0.11201258433720356 0.10228646671447446 0.09256034909174536 0.08283423146899968 0.07310811384627058 0.06338199622354149 0.05365587860081239 0.04392976097808329 0.034203643355354196 0.0244775257326251 0.014751408109896003 0.005025290487166906 0.0 0.0 0.0 0.0 0.0 0.0 0.0
-9999.0 -9999.0 -9999.0 -9999.0 -9999.0 -9999.0 -9999.0 -9999.0 -9999.0 -9999.0 -9999.0 0.22499464169165415 0.22499464169165415 0.22499464169165415 0.22499464169165415 0.22499464169165415 0.005749337216038604 0.017644845877017847 0.02954035453801737 0.041435863198996614 0.05333137185997586 0.0652268805209551 0.07712238918193434 0.08901789784291358 0.10091340650389283 0.11280891516487206 0.1247044238258513 0.13659993248683056 0.13699676672717276 0.12510125806619182 0.11320574940521089 0.10131024074420966 0.08941473208322874 0.0775192234222478 0.06562371476126687 0.05372820610028593 0.04183269743930501 0.029937188778324075 0.01804168011734314 0.006146171456362204 0.0 0.0 0.0 0.0 0.0 0.0 0.0
-9999.0 -9999.0 -9999.0 -9999.0 -9999.0 -9999.0 -9999.0 0.22499464169165415 0.22499464169165415 0.22499464169165415 0.22499464169165415 0.22499464169165415 0.22499464169165415 0.22499464169165415 0.22499464169165415 0.22499464169165415 0.0067978472871777895 0.020862746986408564 0.03492764668566332 0.048992546384894094 0.06305744608412486 0.07712234578335564 0.09118724548258642 0.10525214518181718 0.11931704488104795 0.13338194458027872 0.1474468442795095 0.16151174397874027 0.16198094911714198 0.1479160494179092 0.13385114971867645 0.11978625001941968 0.10572135032018691 0.09165645062095415 0.07759155092172138 0.0635266512224886 0.04946175152325584 0.03539685182402305 0.021331952124790304 0.00726705242555753 0.0 0.0 0.0 0.0 0.0 0.0 0.0
-9999.0 -9999.0 -9999.0 -9999.0 -9999.0 -9999.0 -9999.0 0.22499464169165415 0.22499464169165415 0.22499464169165415 0.22499464169165415 0.22499464169165415 0.22499464169165415 0.22499464169165415 0.22499464169165415 0.22499464169165415 0.00784635735831742 0.024080648095800645 0.04031493883331155 0.05654922957079478 0.072783520308278 0.08901781104576123 0.10525210178324446 0.12148639252072768 0.1377206832582109 0.15395497399569413 0.17018926473317736 0.18642355547066058 0.18696513150712185 0.17073084076963632 0.1544965500321508 0.13826225929463756 0.12202796855715203 0.1057936778196665 0.08955938708218096 0.07332509634469543 0.05709080560720989 0.04085651486972436 0.02462222413223883 0.0083879333947533 0.0 0.0 0.0 0.0 0.0 0.0 0.0
-9999.0 -9999.0 -9999.0 -9999.0 -9999.0 -9999.0 0.22499464169165415 0.22499464169165415 0.22499464169165415 0.22499464169165415 0.22499464169165415 0.22499464169165415 0.22499464169165415 0.22499464169165415 0.22499464169165415 0.22499464169165415 0.008894867429456606 0.027298549205191362 0.0457022309809575 0.06410591275669225 0.08250959453242701 0.10091327630816176 0.11931695808389652 0.13772063985963126 0.15612432163536602 0.17452800341110078 0.19293168518683554 0.21133536696257027 0.21194931389709104 0.19354563212135367 0.1751419503456163 0.15673826856984757 0.13833458679411018 0.11993090501837281 0.10152722324263544 0.08312354146689807 0.0647198596911607 0.046316177915423334 0.027912496139685966 0.009508814363948598 0.0 0.0 0.0 0.0 0.0 0.0 0.0
-9999.0 -9999.0 -9999.0 -9999.0 -9999.0 0.22499464169165415 0.22499464169165415 0.22499464169165415 0.22499464169165415 0.22499464169165415 0.22499464169165415 0.22499464169165415 0.22499464169165415 0.22499464169165415 0.22499464169165415 0.22499464169165415 0.009943377500595792 0.030516450314582076 0.05108952312860344 0.07166259594258972 0.092235668756576 0.1128087415705623 0.13338181438454857 0.15395488719853487 0.17452796001252113 0.19510103282650743 0.2156741056404937 0.23624717845447998 0.23693349628706029 0.21636042347307108 0.19578735065908187 0.17521427784505758 0.15464120503106837 0.13406813221707917 0.11349505940308996 0.09292198658910075 0.07234891377511155 0.05177584096112234 0.03120276814713313 0.010629695333143924 0.0 0.0 0.0 0.0 0.0 0.0 0.0
-9999.0 -9999.0 -9999.0 -9999.0 -9999.0 -9999.0 0.22499464169165415 0.22499464169165415 0.22499464169165415 0.22499464169165415 0.22499464169165415 0.22499464169165415 0.22499464169165415 0.22499464169165415 0.22499464169165415 0.22499464169165415 0.01099188757173498 0.0337343514239728 0.05647681527624939 0.07921927912848721 0.10196174298072502 0.12470420683296284 0.14744667068520065 0.17018913453743847 0.1929315983896763 0.2156740622419141 0.23841652609415193 0.26115898994638975 0.26191767867702953 0.23917521482478846 0.2164327509725474 0.1936902871202676 0.17094782326802654 0.1482053594157855 0.12546289556354445 0.1027204317113034 0.07997796785906236 0.057235504006821314 0.03449304015458027 0.011750576302339222 0.0 0.0 0.0 0.0 0.0 0.0 0.0
-9999.0 -9999.0 -9999.0 -9999.0 -9999.0 -9999.0 -9999.0 0.22499464169165415 0.22499464169165415 0.22499464169165415 0.22499464169165415 0.22499464169165415 0.22499464169165415 0.22499464169165415 0.22499464169165415 0.22499464169165415 0.012040397642874612 0.036952252533364885 0.061864107423897634 0.0867759623143879 0.11168781720487818 0.13659967209536844 0.16151152698585872 0.186423381876349 0.21133523676683924 0.23624709165732952 0.2611589465478198 0.28607080143831004 0.2869018610670094 0.2619900061765156 0.23707815128602175 0.21216629639548545 0.18725444150499165 0.16234258661449785 0.13743073172400402 0.11251887683351022 0.08760702194301642 0.06269516705252262 0.03778331216202879 0.012871457271534992 0.0 0.0 0.0 0.0 0.0 0.0 0.0
-9999.0 -9999.0 -9999.0 -9999.0 -9999.0 -9999.0 -9999.0 0.22499464169165415 0.22499464169165415 0.22499464169165415 0.22499464169165415 0.22499464169165415 0.22499464169165415 0.22499464169165415 0.22499464169165415 0.22499464169165415 0.22499464169165415 0.22499464169165415 0.22499464169165415 0.22499464169165415 0.22499464169165415 0.22499464169165415 0.22499464169165415 0.22499464169165415 0.22499464169165415 0.22499464169165415 0.22499464169165415 0.22499464169165415 0.2925076118583483 0.26710900637743745 0.24171040089652665 0.21631179541557252 0.19091318993466172 0.1655145844537509 0.14011597897284006 0.11471737349192923 0.08931876801101843 0.0639201625301076 0.0385215570491968 0.013122951568285968 0.22499464169165415 0.22499464169165415 0.22499464169165415 0.22499464169165415 0.22499464169165415 0.22499464169165415 0.22499464169165415
-9999.0 -9999.0 -9999.0 -9999.0 -9999.0 -9999.0 -9999.0 -9999.0 -9999.0 0.22499464169165415 0.22499464169165415 0.22499464169165415 0.22499464169165415 0.22499464169165415 0.22499464169165415 0.22499464169165415 0.22499464169165415 0.22499464169165415 0.22499464169165415 0.22499464169165415 0.22499464169165415 0.22499464169165415 0.22499464169165415 0.22499464169165415 0.22499464169165415 0.22499464169165415 0.22499464169165415 0.22499464169165415 0.27739904065852916 0.2533123211721281 0.229225601685727 0.20513888219928483 0.18105216271288377 0.15696544322648268 0.13287872374008158 0.10879200425368052 0.08470528476727943 0.060618565280878334 0.03653184579447727 0.012445126308076204 0.22499464169165415 0.22499464169165415 0.22499464169165415 0.22499464169165415 0.22499464169165415 0.22499464169165415 0.22499464169165415
-9999.0 -9999.0 -9999.0 -9999.0 -9999.0 -9999.0 -9999.0 -9999.0 -9999.0 -9999.0 0.22499464169165415 0.22499464169165415 0.22499464169165415 0.22499464169165415 0.22499464169165415 0.22499464169165415 0.22499464169165415 0.22499464169165415 0.22499464169165415 0.22499464169165415 0.22499464169165415 0.22499464169165415 0.22499464169165415 0.22499464169165415 0.22499464169165415 0.22499464169165415 0.22499464169165415 0.22499464169165415 0.26229046945870355 0.23951563596681275 0.21674080247492197 0.19396596898299234 0.17119113549110157 0.1484163019992108 0.12564146850732 0.10286663501542923 0.08009180152353843 0.05731696803164765 0.03454213453975688 0.011767301047866108 0.22499464169165415 0.22499464169165415 0.22499464169165415 0.22499464169165415 0.22499464169165415 0.22499464169165415 0.22499464169165415
-9999.0 -9999.0 -9999.0 -9999.0 -9999.0 -9999.0 -9999.0 -9999.0 -9999.0 -9999.0 0.22499464169165415 0.22499464169165415 0.22499464169165415 0.22499464169165415 0.22499464169165415 0.22499464169165415 0.22499464169165415 0.22499464169165415 0.22499464169165415 0.22499464169165415 0.22499464169165415 0.22499464169165415 0.22499464169165415 0.22499464169165415 0.22499464169165415 0.22499464169165415 0.22499464169165415 0.22499464169165415 0.2471818982588844 0.22571895076150336 0.2042560032641223 0.18279305576670468 0.16133010826932362 0.13986716077194258 0.11840421327456155 0.09694126577718049 0.07547831827979945 0.054015370782418415 0.03255242328503735 0.011089475787656317 0.22499464169165415 0.22499464169165415 0.22499464169165415 0.22499464169165415 0.22499464169165415 0.22499464169165415 0.22499464169165415
-9999.0 -9999.0 -9999.0 -9999.0 -9999.0 -9999.0 -9999.0 -9999.0 -9999.0 -9999.0 -9999.0 0.22499464169165415 0.22499464169165415 0.22499464169165415 0.22499464169165415 0.22499464169165415 0.22499464169165415 0.22499464169165415 0.22499464169165415 0.22499464169165415 0.22499464169165415 0.22499464169165415 0.22499464169165415 0.22499464169165415 0.22499464169165415 0.22499464169165415 0.22499464169165415 0.22499464169165415 0.23207332705906522 0.21192226555619392 0.1917712040533226 0.17162014255041694 0.15146908104754564 0.13131801954467434 0.11116695804180304 0.09101589653893175 0.07086483503606042 0.05071377353318912 0.030562712030317823 0.010411650527446525 0.22499464169165415 0.22499464169165415 0.22499464169165415 0.22499464169165415 0.22499464169165415 0.22499464169165415 0.22499464169165415
