Figures/CREST_Example_wjb_NSE/Rolling_result/20100722/BJP_forecast/ens_44/wjb.rain.20100507.asc
ncols            288
nrows            254
xllcorner        113.274861
yllcorner        31.4918055
cellsize         0.008333333333
NODATA_value     -9999
[rows 81 to 107 of 254, columns 61 to 121 of 288]
0.4210725508304772 0.4210725508304772 0.420164998553424 0.4182872523774193 0.41640950620141143 0.4145317600254068 0.41265401384940215 0.4107762676733975 0.4088985214973928 0.40702077532138814 0.40514302914538347 0.4032652829693788 0.4013875367933742 0.3995097906173695 0.38664189772340884 0.3620252895383614 0.3374086813533139 0.3127920731682245 0.28817546498317703 0.2635588567981296 0.23894224861308216 0.21432564042803473 0.18970903224298727 0.16509242405793983 0.14047581587289237 0.11585920768784497 0.10314029848510768 0.10314029848510768 0.10314029848510768 0.10314029848510768 0.10314029848510768 0.10314029848510768 0.10314029848510768 0.10314029848510768 0.10314029848510768 0.10314029848510768 0.10314029848510768 0.10314029848510768 0.10623570913482432 0.11264018375842498 0.11904465838202563 0.1254491330056263 0.13185360762922696 0.13825808225283853 0.1446625568764392 0.15106703150003986 0.15747150612364053 0.1638759807472412 0.17028045537084183 0.1766849299944425 0.1799939939714064 0.1799939939714064 0.1799939939714064 0.1799939939714064 0.1799939939714064 0.1799939939714064 0.1799939939714064 0.1799939939714064 0.1799939939714064 0.1799939939714064 0.1799939939714064
0.4039800670921052 0.4039800670921052 0.4030533765728035 0.40113603294097594 0.3992186893091451 0.39730134567731756 0.39538400204549 0.39346665841366246 0.3915493147818349 0.38963197115000736 0.3877146275181798 0.38579728388635226 0.38387994025452465 0.3819625966226971 0.3686005346404003 0.34300381001555175 0.31740708539070317 0.2918103607658109 0.26621363614096233 0.24061691151611372 0.21502018689126515 0.18942346226641657 0.163826737641568 0.1382300130167194 0.11263328839187081 0.08703656376702223 0.07381124799875688 0.07381124799875688 0.07381124799875688 0.07381124799875688 0.07381124799875688 0.07381124799875688 0.07381124799875688 0.07381124799875688 0.07381124799875688 0.07381124799875688 0.07381124799875688 0.07381124799875688 0.0763258168465455 0.08152851664872951 0.08673121645091353 0.09193391625309753 0.09713661605528154 0.10233931585747441 0.10754201565965843 0.11274471546184242 0.11794741526402644 0.12315011506621044 0.12835281486839445 0.13355551467057847 0.1362436456274758 0.1362436456274758 0.1362436456274758 0.1362436456274758 0.1362436456274758 0.1362436456274758 0.1362436456274758 0.1362436456274758 0.1362436456274758 0.1362436456274758 0.1362436456274758
0.38688758335373324 0.38688758335373324 0.38594175459218305 0.3839848135045326 0.3820278724168788 0.38007093132922837 0.37811399024157794 0.37615704915392745 0.374200108066277 0.3722431669786266 0.37028622589097615 0.3683292848033257 0.36637234371567523 0.3644154026280248 0.35055917155739186 0.3239823304927421 0.2974054894280924 0.2708286483633974 0.24425180729874763 0.21767496623409788 0.19109812516944816 0.16452128410479844 0.13794444304014872 0.111367601975499 0.08479076091084925 0.0582139198461995 0.04448219751240606 0.04448219751240606 0.04448219751240606 0.04448219751240606 0.04448219751240606 0.04448219751240606 0.04448219751240606 0.04448219751240606 0.04448219751240606 0.04448219751240606 0.04448219751240606 0.04448219751240606 0.04641592455826668 0.05041684953903404 0.0544177745198014 0.05841869950056876 0.06241962448133611 0.06642054946211029 0.07042147444287765 0.07442239942364501 0.07842332440441235 0.08242424938517973 0.08642517436594707 0.09042609934671443 0.09249329728354519 0.09249329728354519 0.09249329728354519 0.09249329728354519 0.09249329728354519 0.09249329728354519 0.09249329728354519 0.09249329728354519 0.09249329728354519 0.09249329728354519 0.09249329728354519
0.3697950996153612 0.3697950996153612 0.3688301326115625 0.3668335940680892 0.36483705552461243 0.3628405169811391 0.3608439784376658 0.35884743989419243 0.3568509013507191 0.3548543628072458 0.3528578242637725 0.3508612857202991 0.3488647471768258 0.3468682086333525 0.3325178084743834 0.30496085096993253 0.27740389346548167 0.24984693596098378 0.22228997845653292 0.19473302095208203 0.16717606344763114 0.13961910594318028 0.11206214843872941 0.08450519093427855 0.05694823342982763 0.02939127592537677 0.015153147026055256 0.015153147026055256 0.015153147026055256 0.015153147026055256 0.015153147026055256 0.015153147026055256 0.015153147026055256 0.015153147026055256 0.015153147026055256 0.015153147026055256 0.015153147026055256 0.015153147026055256 0.016506032269987866 0.019305182429338572 0.02210433258868928 0.024903482748039982 0.027702632907390688 0.03050178306674617 0.033300933226096875 0.036100083385447575 0.03889923354479828 0.04169838370414899 0.044497533863499694 0.0472966840228504 0.04874294893961459 0.04874294893961459 0.04874294893961459 0.04874294893961459 0.04874294893961459 0.04874294893961459 0.04874294893961459 0.04874294893961459 0.04874294893961459 0.04874294893961459 0.04874294893961459
0.34955404044989236 0.34955404044989236 0.3484924263014918 0.3462959226311752 0.34409941896085483 0.34190291529053823 0.3397064116202216 0.337509907949905 0.33531340427958833 0.33311690060927174 0.3309203969389551 0.3287238932686385 0.3265273895983219 0.32433088592800524 0.31017873907119176 0.2832457393718517 0.2563127396725116 0.2293797399731256 0.20244674027378556 0.17551374057444546 0.1485807408751054 0.12164774117576532 0.09471474147642522 0.06778174177708518 0.04084874207774508 0.013915742378404983 0.0 0.0 0.0 0.0 0.0 0.0 0.0 0.0 0.0 0.0 0.0 0.0 0.0010103829951234459 0.0031008882574795433 0.0051913935198356406 0.007281898782191738 0.009372404044547835 0.011462909306907498 0.013553414569263594 0.015643919831619692 0.01773442509397579 0.019824930356331885 0.021915435618687983 0.02400594088104408 0.025086063149282047 0.025086063149282047 0.025086063149282047 0.025086063149282047 0.025086063149282047 0.025086063149282047 0.025086063149282047 0.025086063149282047 0.025086063149282047 0.025086063149282047 0.025086063149282047
0.3259473526666451 0.3259473526666451 0.32470623924386677 0.32213834751736803 0.31957045579086485 0.3170025640643661 0.3144346723378673 0.3118667806113685 0.3092988888848698 0.306730997158371 0.3041631054318722 0.30159521370537345 0.29902732197887466 0.2964594302523759 0.2832456925767855 0.2586513049154861 0.23405691725418665 0.20946252959284528 0.18486814193154583 0.1602737542702464 0.13567936660894697 0.11108497894764754 0.08649059128634809 0.06189620362504866 0.03730181596374921 0.012707428302449808 0.0 0.0 0.0 0.0 0.0 0.0 0.0 0.0 0.0 0.0 0.0 0.0 0.0009226507015874552 0.0028316358649308508 0.004740621028274246 0.006649606191617642 0.008558591354961037 0.010467576518307688 0.012376561681651084 0.014285546844994479 0.016194532008337873 0.01810351717168127 0.020012502335024666 0.021921487498368062 0.022907821961042022 0.022907821961042022 0.022907821961042022 0.022907821961042022 0.022907821961042022 0.022907821961042022 0.022907821961042022 0.022907821961042022 0.022907821961042022 0.022907821961042022 0.022907821961042022
0.30234066488339784 0.30234066488339784 0.30092005218624174 0.2979807724035608 0.29504149262087487 0.292102212838194 0.28916293305551305 0.2862236532728321 0.2832843734901512 0.28034509370747024 0.27740581392478936 0.2744665341421084 0.2715272543594275 0.26858797457674655 0.25631264608237925 0.23405687045912046 0.21180109483586168 0.1895453192125649 0.16728954358930612 0.14503376796604733 0.12277799234278852 0.10052221671952974 0.07826644109627093 0.056010665473012144 0.03375488984975333 0.011499114226494578 0.0 0.0 0.0 0.0 0.0 0.0 0.0 0.0 0.0 0.0 0.0 0.0 0.0008349184080514646 0.0025623834723821582 0.004289848536712852 0.006017313601043545 0.007744778665374238 0.009472243729707877 0.011199708794038572 0.012927173858369265 0.014654638922699957 0.01638210398703065 0.018109569051361345 0.01983703411569204 0.020729580772801997 0.020729580772801997 0.020729580772801997 0.020729580772801997 0.020729580772801997 0.020729580772801997 0.020729580772801997 0.020729580772801997 0.020729580772801997 0.020729580772801997 0.020729580772801997
0.2787339771001506 0.2787339771001506 0.2771338651286167 0.27382319728975363 0.2705125294508849 0.2672018616120218 0.2638911937731587 0.26058052593429565 0.25726985809543257 0.2539591902565695 0.2506485224177064 0.24733785457884333 0.24402718673998025 0.24071651890111717 0.22937959958797297 0.20946243600275483 0.18954527241753666 0.16962810883228457 0.1497109452470664 0.12979378166184824 0.1098766180766301 0.08995945449141196 0.07004229090619382 0.050125127320975654 0.030207963735757515 0.010290800150539375 0.0 0.0 0.0 0.0 0.0 0.0 0.0 0.0 0.0 0.0 0.0 0.0 0.0007471861145154742 0.002293131079833466 0.003839076045151458 0.005385021010469449 0.006930965975787441 0.008476910941108069 0.010022855906426062 0.011568800871744054 0.013114745837062045 0.014660690802380038 0.01620663576769803 0.01775258073301602 0.018551339584561975 0.018551339584561975 0.018551339584561975 0.018551339584561975 0.018551339584561975 0.018551339584561975 0.018551339584561975 0.018551339584561975 0.018551339584561975 0.018551339584561975 0.018551339584561975
0.25512728931690337 0.25512728931690337 0.25334767807099173 0.24966562217594648 0.24598356628089496 0.24230151038584974 0.2386194544908045 0.23493739859575924 0.23125534270071402 0.22757328680566877 0.22389123091062352 0.2202091750155783 0.21652711912053305 0.2128450632254878 0.20244655309356668 0.18486800154638916 0.16728944999921166 0.1497108984520042 0.13213234690482667 0.11455379535764917 0.09697524381047166 0.07939669226329416 0.06181814071611666 0.044239589168939136 0.02666103762176164 0.009082486074584145 0.0 0.0 0.0 0.0 0.0 0.0 0.0 0.0 0.0 0.0 0.0 0.0 0.0006594538209794835 0.002023878687284773 0.003388303553590063 0.004752728419895353 0.006117153286200642 0.0074815781525082595 0.00884600301881355 0.010210427885118839 0.01157485275142413 0.012939277617729419 0.014303702484034708 0.015668127350339997 0.01637309839632195 0.01637309839632195 0.01637309839632195 0.01637309839632195 0.01637309839632195 0.01637309839632195 0.01637309839632195 0.01637309839632195 0.01637309839632195 0.01637309839632195 0.01637309839632195
0.23152060153365614 0.23152060153365614 0.22956149101336673 0.22550804706213934 0.22145460311090504 0.21740115915967761 0.21334771520845022 0.20929427125722283 0.20524082730599544 0.20118738335476805 0.19713393940354065 0.19308049545231326 0.18902705150108584 0.18497360754985845 0.1755135065991604 0.16027356709002355 0.14503362758088667 0.1297936880717238 0.11455374856258696 0.0993138090534501 0.08407386954431323 0.06883393003517636 0.0535939905260395 0.038354051016902646 0.023114111507765767 0.007874171998628915 0.0 0.0 0.0 0.0 0.0 0.0 0.0 0.0 0.0 0.0 0.0 0.0 0.0005717215274434928 0.0017546262947360806 0.0029375310620286684 0.004120435829321256 0.0053033405966138435 0.006486245363908448 0.007669150131201037 0.008852054898493625 0.010034959665786212 0.0112178644330788 0.012400769200371387 0.013583673967663976 0.014194857208081925 0.014194857208081925 0.014194857208081925 0.014194857208081925 0.014194857208081925 0.014194857208081925 0.014194857208081925 0.014194857208081925 0.014194857208081925 0.014194857208081925 0.014194857208081925
0.2079139137504089 0.2079139137504089 0.20577530395574173 0.20135047194833217 0.19692563994091505 0.19250080793350552 0.18807597592609596 0.1836511439186864 0.17922631191127686 0.1748014799038673 0.17037664789645773 0.1659518158890482 0.16152698388163864 0.15710215187422907 0.14858046010475412 0.1356791326336579 0.12277780516256168 0.10987647769144346 0.09697515022034725 0.08407382274925101 0.07117249527815481 0.058271167807058585 0.045369840335962364 0.03246851286486614 0.01956718539376992 0.006665857922673685 0.0 0.0 0.0 0.0 0.0 0.0 0.0 0.0 0.0 0.0 0.0 0.0 0.0004839892339075022 0.001485373902187388 0.002486758570467274 0.00348814323874716 0.004489527907027046 0.00549091257530864 0.006492297243588525 0.007493681911868412 0.008495066580148298 0.009496451248428184 0.01049783591670807 0.011499220584987955 0.0120166160198419 0.0120166160198419 0.0120166160198419 0.0120166160198419 0.0120166160198419 0.0120166160198419 0.0120166160198419 0.0120166160198419 0.0120166160198419 0.0120166160198419 0.0120166160198419
0.18430722596714152 0.18430722596714152 0.1819891168980964 0.1771928968345044 0.1723966767709042 0.16760045670731216 0.16280423664372015 0.1580080165801281 0.1532117965165361 0.14841557645294406 0.14361935638935205 0.13882313632576002 0.134026916262168 0.12923069619857597 0.1216474136103249 0.11108469817727132 0.10052198274421772 0.08995926731114613 0.07939655187809255 0.06883383644503896 0.05827112101198538 0.04770840557893179 0.03714569014587821 0.026582974712824628 0.016020259279771035 0.005457543846717455 0.0 0.0 0.0 0.0 0.0 0.0 0.0 0.0 0.0 0.0 0.0 0.0 0.0003962569403714368 0.001216121509638466 0.0020359860789054955 0.0028558506481725244 0.0036757152174395537 0.004495579786707981 0.005315444355975011 0.00613530892524204 0.006955173494509069 0.007775038063776099 0.008594902633043128 0.009414767202310157 0.009838374831600018 0.009838374831600018 0.009838374831600018 0.009838374831600018 0.009838374831600018 0.009838374831600018 0.009838374831600018 0.009838374831600018 0.009838374831600018 0.009838374831600018 0.009838374831600018
0.1607005381838943 0.1607005381838943 0.1582029298404714 0.15303532172069723 0.14786771360091422 0.14270010548114004 0.13753249736136586 0.13236488924159168 0.1271972811218175 0.12202967300204333 0.11686206488226915 0.11169445676249497 0.10652684864272079 0.10135924052294662 0.09471436711591863 0.08649026372090568 0.07826616032589273 0.07004205693086576 0.06181795353585283 0.05359385014083989 0.04536974674582694 0.037145643350813995 0.02892153995580106 0.02069743656078811 0.012473333165775174 0.004249229770762225 0.0 0.0 0.0 0.0 0.0 0.0 0.0 0.0 0.0 0.0 0.0 0.0 0.00030852464683544617 0.0009468691170897735 0.001585213587344101 0.0022235580575984282 0.0028619025278527554 0.0035002469981081715 0.004138591468362499 0.004776935938616826 0.005415280408871154 0.00605362487912548 0.006691969349379808 0.0073303138196341355 0.007660133643359994 0.007660133643359994 0.007660133643359994 0.007660133643359994 0.007660133643359994 0.007660133643359994 0.007660133643359994 0.007660133643359994 0.007660133643359994 0.007660133643359994 0.007660133643359994
0.13709385040064706 0.13709385040064706 0.1344167427828464 0.12887774660689005 0.12333875043092428 0.11779975425496794 0.1122607580790116 0.10672176190305527 0.10118276572709894 0.0956437695511426 0.09010477337518627 0.08456577719922992 0.0790267810232736 0.07348778484731726 0.06778132062151235 0.06189582926454004 0.05601033790756775 0.05012484655058541 0.044239355193613106 0.03835386383664081 0.03246837247966851 0.02658288112269621 0.02069738976572391 0.014811898408751606 0.008926407051779307 0.0030409156948070087 0.0 0.0 0.0 0.0 0.0 0.0 0.0 0.0 0.0 0.0 0.0 0.0 0.0002207923532994556 0.0006776167245410811 0.0011344410957827066 0.001591265467024332 0.002048089838265958 0.002504914209508362 0.002961738580749988 0.003418562951991613 0.003875387323233239 0.004332211694474865 0.0047890360657164895 0.005245860436958115 0.00548189245511997 0.00548189245511997 0.00548189245511997 0.00548189245511997 0.00548189245511997 0.00548189245511997 0.00548189245511997 0.00548189245511997 0.00548189245511997 0.00548189245511997 0.00548189245511997
0.11348716261739981 0.11348716261739981 0.11063055572522137 0.10472017149308288 0.09880978726093431 0.09289940302879582 0.08698901879665734 0.08107863456451884 0.07516825033238035 0.06925786610024187 0.06334748186810338 0.05743709763596488 0.05152671340382639 0.0456163291716879 0.040848274127106066 0.037301394808174404 0.03375451548924275 0.030207636170305044 0.02666075685137339 0.023113877532441734 0.019566998213510076 0.01602011889457842 0.012473239575646763 0.008926360256715109 0.005379480937783454 0.0018326016188517924 0.0 0.0 0.0 0.0 0.0 0.0 0.0 0.0 0.0 0.0 0.0 0.0 0.00013306005976346499 0.00040836433199238864 0.0006836686042213123 0.000958972876450236 0.0012342771486791595 0.0015095814209085527 0.0017848856931374764 0.0020601899653664 0.0023354942375953236 0.002610798509824247 0.0028861027820531707 0.0031614070542820946 0.0033036512668799456 0.0033036512668799456 0.0033036512668799456 0.0033036512668799456 0.0033036512668799456 0.0033036512668799456 0.0033036512668799456 0.0033036512668799456 0.0033036512668799456 0.0033036512668799456 0.0033036512668799456
0.08988047483415257 0.08988047483415257 0.08684436866759636 0.08056259637927571 0.07428082409094436 0.06799905180262371 0.06171727951430306 0.05543550722598241 0.049153734937661765 0.042871962649341115 0.03659019036102047 0.030308418072699822 0.024026645784379172 0.017744873496058522 0.01391522763269979 0.012706960351808776 0.011498693070917762 0.010290425790024687 0.009082158509133674 0.00787389122824266 0.006665623947351646 0.0054573566664606315 0.004249089385569619 0.0030408221046786046 0.0018325548237875904 0.0006242875428965761 0.0 0.0 0.0 0.0 0.0 0.0 0.0 0.0 0.0 0.0 0.0 0.0 4.5327766227474374e-05 0.0001391119394436961 0.00023289611265991784 0.0003266802858761396 0.0004204644590923613 0.0005142486323087429 0.0006080328055249648 0.0007018169787411865 0.0007956011519574082 0.0008893853251736299 0.0009831694983898516 0.0010769536716060733 0.001125410078639921 0.001125410078639921 0.001125410078639921 0.001125410078639921 0.001125410078639921 0.001125410078639921 0.001125410078639921 0.001125410078639921 0.001125410078639921 0.001125410078639921 0.001125410078639921
0.07768384367227554 0.07768384367227554 0.0745549974117463 0.06808134377265036 0.06160769013354338 0.055134036494447425 0.048660382855351486 0.04218672921625554 0.03571307557715959 0.029239421938063642 0.022765768298967697 0.01629211465987175 0.009818461020775812 0.0033448073816798596 0.0 0.0 0.0 0.0 0.0 0.0 0.0 0.0 0.0 0.0 0.0 0.0 0.0 0.0 0.0 0.0 0.0 0.0 0.0 0.0 0.0 0.0 0.0 0.0 0.0 0.0 0.0 0.0 0.0 0.0 0.0 0.0 0.0 0.0 0.0 0.0 0.0 0.0 0.0 0.0 0.0 0.0 0.0 0.0 0.0 0.0 0.0
0.07768384367227554 0.07768384367227554 0.0745549974117463 0.06808134377265036 0.06160769013354338 0.055134036494447425 0.048660382855351486 0.04218672921625554 0.03571307557715959 0.029239421938063642 0.022765768298967697 0.01629211465987175 0.009818461020775812 0.0033448073816798596 0.0 0.0 0.0 0.0 0.0 0.0 0.0 0.0 0.0 0.0 0.0 0.0 0.0 0.0 0.0 0.0 0.0 0.0 0.0 0.0 0.0 0.0 0.0 0.0 0.0 0.0 0.0 0.0 0.0 0.0 0.0 0.0 0.0 0.0 0.0 0.0 0.0 0.0 0.0 0.0 0.0 0.0 0.0 0.0 0.0 0.0 0.0
0.07768384367227554 0.07768384367227554 0.0745549974117463 0.06808134377265036 0.06160769013354338 0.055134036494447425 0.048660382855351486 0.04218672921625554 0.03571307557715959 0.029239421938063642 0.022765768298967697 0.01629211465987175 0.009818461020775812 0.0033448073816798596 0.0 0.0 0.0 0.0 0.0 0.0 0.0 0.0 0.0 0.0 0.0 0.0 0.0 0.0 0.0 0.0 0.0 0.0 0.0 0.0 0.0 0.0 0.0 0.0 0.0 0.0 0.0 0.0 0.0 0.0 0.0 0.0 0.0 0.0 0.0 0.0 0.0 0.0 0.0 0.0 0.0 0.0 0.0 0.0 0.0 0.0 0.0
0.07768384367227554 0.07768384367227554 0.0745549974117463 0.06808134377265036 0.06160769013354338 0.055134036494447425 0.048660382855351486 0.04218672921625554 0.03571307557715959 0.029239421938063642 0.022765768298967697 0.01629211465987175 0.009818461020775812 0.0033448073816798596 0.0 0.0 0.0 0.0 0.0 0.0 0.0 0.0 0.0 0.0 0.0 0.0 0.0 0.0 0.0 0.0 0.0 0.0 0.0 0.0 0.0 0.0 0.0 0.0 0.0 0.0 0.0 0.0 0.0 0.0 0.0 0.0 0.0 0.0 0.0 0.0 0.0 0.0 0.0 0.0 0.0 0.0 0.0 0.0 0.0 0.0 0.0
0.07768384367227554 0.07768384367227554 0.0745549974117463 0.06808134377265036 0.06160769013354338 0.055134036494447425 0.048660382855351486 0.04218672921625554 0.03571307557715959 0.029239421938063642 0.022765768298967697 0.01629211465987175 0.009818461020775812 0.0033448073816798596 0.0 0.0 0.0 0.0 0.0 0.0 0.0 0.0 0.0 0.0 0.0 0.0 0.0 0.0 0.0 0.0 0.0 0.0 0.0 0.0 0.0 0.0 0.0 0.0 0.0 0.0 0.0 0.0 0.0 0.0 0.0 0.0 0.0 0.0 0.0 0.0 0.0 0.0 0.0 0.0 0.0 0.0 0.0 0.0 0.0 0.0 0.0
0.07768384367227554 0.07768384367227554 0.0745549974117463 0.06808134377265036 0.06160769013354338 0.055134036494447425 0.048660382855351486 0.04218672921625554 0.03571307557715959 0.029239421938063642 0.022765768298967697 0.01629211465987175 0.009818461020775812 0.0033448073816798596 0.0 0.0 0.0 0.0 0.0 0.0 0.0 0.0 0.0 0.0 0.0 0.0 0.0 0.0 0.0 0.0 0.0 0.0 0.0 0.0 0.0 0.0 0.0 0.0 0.0 0.0 0.0 0.0 0.0 0.0 0.0 0.0 0.0 0.0 0.0 0.0 0.0 0.0 0.0 0.0 0.0 0.0 0.0 0.0 0.0 0.0 0.0
0.07768384367227554 0.07768384367227554 0.0745549974117463 0.06808134377265036 0.06160769013354338 0.055134036494447425 0.048660382855351486 0.04218672921625554 0.03571307557715959 0.029239421938063642 0.022765768298967697 0.01629211465987175 0.009818461020775812 0.0033448073816798596 0.0 0.0 0.0 0.0 0.0 0.0 0.0 0.0 0.0 0.0 0.0 0.0 0.0 0.0 0.0 0.0 0.0 0.0 0.0 0.0 0.0 0.0 0.0 0.0 0.0 0.0 0.0 0.0 0.0 0.0 0.0 0.0 0.0 0.0 0.0 0.0 0.0 0.0 0.0 0.0 0.0 0.0 0.0 0.0 0.0 0.0 0.0
0.07768384367227554 0.07768384367227554 0.0745549974117463 0.06808134377265036 0.06160769013354338 0.055134036494447425 0.048660382855351486 0.04218672921625554 0.03571307557715959 0.029239421938063642 0.022765768298967697 0.01629211465987175 0.009818461020775812 0.0033448073816798596 0.0 0.0 0.0 0.0 0.0 0.0 0.0 0.0 0.0 0.0 0.0 0.0 0.0 0.0 0.0 0.0 0.0 0.0 0.0 0.0 0.0 0.0 0.0 0.0 0.0 0.0 0.0 0.0 0.0 0.0 0.0 0.0 0.0 0.0 0.0 0.0 0.0 0.0 0.0 0.0 0.0 0.0 0.0 0.0 0.0 0.0 0.0
0.07768384367227554 0.07768384367227554 0.0745549974117463 0.06808134377265036 0.06160769013354338 0.055134036494447425 0.048660382855351486 0.04218672921625554 0.03571307557715959 0.029239421938063642 0.022765768298967697 0.01629211465987175 0.009818461020775812 0.0033448073816798596 0.0 0.0 0.0 0.0 0.0 0.0 0.0 0.0 0.0 0.0 0.0 0.0 0.0 0.0 0.0 0.0 0.0 0.0 0.0 0.0 0.0 0.0 0.0 0.0 0.0 0.0 0.0 0.0 0.0 0.0 0.0 0.0 0.0 0.0 0.0 0.0 0.0 0.0 0.0 0.0 0.0 0.0 0.0 0.0 0.0 0.0 0.0
0.07768384367227554 0.07768384367227554 0.0745549974117463 0.06808134377265036 0.06160769013354338 0.055134036494447425 0.048660382855351486 0.04218672921625554 0.03571307557715959 0.029239421938063642 0.022765768298967697 0.01629211465987175 0.009818461020775812 0.0033448073816798596 0.0 0.0 0.0 0.0 0.0 0.0 0.0 0.0 0.0 0.0 0.0 0.0 0.0 0.0 0.0 0.0 0.0 0.0 0.0 0.0 0.0 0.0 0.0 0.0 0.0 0.0 0.0 0.0 0.0 0.0 0.0 0.0 0.0 0.0 0.0 0.0 0.0 0.0 0.0 0.0 0.0 0.0 0.0 0.0 0.0 0.0 0.0
0.07768384367227554 0.07768384367227554 0.0745549974117463 0.06808134377265036 0.06160769013354338 0.055134036494447425 0.048660382855351486 0.04218672921625554 0.03571307557715959 0.029239421938063642 0.022765768298967697 0.01629211465987175 0.009818461020775812 0.0033448073816798596 0.0 0.0 0.0 0.0 0.0 0.0 0.0 0.0 0.0 0.0 0.0 0.0 0.0 0.0 0.0 0.0 0.0 0.0 0.0 0.0 0.0 0.0 0.0 0.0 0.0 0.0 0.0 0.0 0.0 0.0 0.0 0.0 0.0 0.0 0.0 0.0 0.0 0.0 0.0 0.0 0.0 0.0 0.0 0.0 0.0 0.0 0.0
