Figures/CREST_Example_wjb_NSE/Rolling_result/20100722/BJP_forecast/ens_44/wjb.rain.20100728.asc
ncols            288
nrows            254
xllcorner        113.274861
yllcorner        31.4918055
cellsize         0.008333333333
NODATA_value     -9999
[rows 175 to 199 of 254, columns 114 to 170 of 288]
0.0 0.0 0.0 0.0 0.0 0.0 0.0 0.0 0.0 0.11820696828794319 0.36277985890135594 0.6073527495147687 0.8519256401281814 1.0964985307415942 1.341071421355007 1.5856443119684196 1.8302172025822496 2.0747900931956624 2.319362983809075 2.5639358744224876 2.8085087650359006 2.9358245884392686 2.9377899550098627 2.9397553215804564 2.9417206881510505 2.943686054721644 2.9456514212922382 2.947616787862832 2.949582154433426 2.951547521004023 2.9535128875746173 2.955478254145211 2.957443620715805 2.9521817721551358 2.9391938671474973 2.9262059621398584 2.9132180571322195 2.900230152124581 2.887242247116942 2.874254342109303 2.8612664371016647 2.848278532094026 2.835290627086365 2.8223027220787262 2.8093148170710873 2.6897246715005045 2.4561743193241354 2.222623967147766 1.9890736149713963 1.7555232627950268 1.5219729106186572 1.288422558442288 1.0548722062659184 0.8213218540895488 0.5877715019131795 0.3542211497364116 0.12067079756004206
0.0 0.0 0.0 0.0 0.0 0.0 0.0 0.0 0.0 0.09785438639600569 0.3003173248056526 0.5027802632152994 0.7052432016249464 0.9077061400345933 1.1101690784442402 1.312632016853887 1.515094955263879 1.717557893673526 1.9200208320831729 2.1224837704928197 2.3249467089024667 2.443135799334283 2.4712342402690095 2.499332681203736 2.5274311221384624 2.555529563073189 2.5836280040079154 2.611726444942642 2.6398248858773683 2.6679233268121427 2.696021767746869 2.7241202086815957 2.752218649616322 2.75927570206048 2.7438390342751777 2.7284023664898753 2.7129656987045725 2.69752903091927 2.6820923631339673 2.666655695348665 2.6512190275633625 2.6357823597780596 2.6203456919927306 2.604909024207428 2.589472356422126 2.4775224645899843 2.2623977530309154 2.047273041471846 1.8321483299127772 1.6170236183537083 1.4018989067946395 1.1867741952355704 0.9716494836765013 0.7565247721174324 0.5414000605583635 0.3262753489989274 0.11115063743985854
0.0 0.0 0.0 0.0 0.0 0.0 0.0 0.0 0.0 0.07750180450408556 0.23785479071000254 0.39820777691591946 0.5585607631218364 0.7189137493277534 0.8792667355336704 1.0396197217395873 1.1999727079457778 1.3603256941516948 1.5206786803576116 1.6810316665635285 1.8413846527694455 1.9504470102297176 2.0046785255285546 2.0589100408273913 2.113141556126228 2.167373071425065 2.2216045867239016 2.2758361020227387 2.3300676173215753 2.3842991326205047 2.4385306479193414 2.492762163218178 2.546993678517015 2.5663696319659897 2.548484201403025 2.530598770840061 2.5127133402770965 2.4948279097141324 2.476942479151168 2.4590570485882037 2.441171618025239 2.423286187462275 2.40540075689928 2.387515326336316 2.3696298957733513 2.265320257679645 2.068621186737861 1.8719221157960766 1.6752230448542922 1.478523973912508 1.2818249029707238 1.0851258320289394 0.8884267610871552 0.691727690145371 0.49502861920358665 0.2983295482614672 0.101630477319683
0.0 0.0 0.0 0.0 0.0 0.0 0.0 0.0 0.0 0.05714922261216542 0.17539225661435243 0.2936352906165394 0.4118783246187264 0.5301213586209135 0.6483643926231004 0.7666074266252875 0.8848504606276761 1.003093494629863 1.12133652863205 1.2395795626342372 1.3578225966364241 1.4577582211251523 1.5381228107880995 1.6184874004510466 1.6988519901139938 1.779216579776941 1.859581169439888 1.939945759102835 2.0203103487657823 2.1006749384288663 2.1810395280918136 2.261404117754761 2.3417687074177076 2.3734635618714988 2.353129368530873 2.3327951751902467 2.3124609818496205 2.2921267885089947 2.2717925951683684 2.251458401827742 2.2311242084871163 2.21079001514649 2.1904558218058297 2.1701216284652034 2.149787435124577 2.0531180507693056 1.8748446204448062 1.6965711901203067 1.5182977597958072 1.3400243294713077 1.1617508991468082 0.9834774688223087 0.8052040384978092 0.6269306081733097 0.4486571778488102 0.2703837475240065 0.09211031719950702
0.0 0.0 0.0 0.0 0.0 0.0 0.0 0.0 0.0 0.036796640720245286 0.11292972251870236 0.1890628043171594 0.2651958861156165 0.3413289679140736 0.41746204971253065 0.4935951315109877 0.5697282133095746 0.6458612951080317 0.7219943769064887 0.7981274587049458 0.8742605405034028 0.9650694320205871 1.0715670960476444 1.1780647600747018 1.2845624241017592 1.3910600881288167 1.497557752155874 1.6040554161829315 1.7105530802099889 1.817050744237228 1.9235484082642853 2.0300460722913427 2.1365437363184 2.180557491777008 2.15777453565872 2.134991579540432 2.1122086234221444 2.0894256673038565 2.0666427111855685 2.0438597550672806 2.021076798948993 1.998293842830705 1.9755108867123785 1.9527279305940906 1.9299449744758028 1.8409158438589663 1.6810680541517515 1.5212202644445367 1.3613724747373221 1.2015246850301073 1.0416768953228925 0.8818291056156777 0.7219813159084629 0.5621335262012483 0.40228573649403354 0.2424379467865463 0.08259015707933148
0.0 0.0 0.0 0.0 0.0 0.0 0.0 0.0 0.0 0.016444058828325146 0.05046718842305227 0.0844903180177794 0.11851344761250651 0.15253657720723363 0.18655970680196077 0.22058283639668788 0.254605965991473 0.28862909558620015 0.3226522251809273 0.3566753547756544 0.3906984843703815 0.4723806429160217 0.6050113813071895 0.7376421196983571 0.8702728580895249 1.0029035964806927 1.1355343348718603 1.268165073263028 1.4007958116541959 1.5334265500455897 1.6660572884367575 1.798688026827925 1.9313187652190928 1.987651421682517 1.9624197027865673 1.9371879838906179 1.9119562649946682 1.8867245460987185 1.861492827202769 1.8362611083068194 1.8110293894108698 1.78579767051492 1.7605659516189276 1.735334232722978 1.7101025138270285 1.6287136369486268 1.4872914878586967 1.3458693387687668 1.204447189678837 1.063025040588907 0.9216028914989769 0.7801807424090469 0.6387585933191169 0.497336444229187 0.3559142951392569 0.21449214604908584 0.07306999695915573
0.0 0.0 0.0 0.0 0.0 0.0 0.0 0.0 0.0 0.005689896015782722 0.017462419548235585 0.029234943080688452 0.041007466613141315 0.05277999014559418 0.06455251367804704 0.07632503721049991 0.08809756074297284 0.09987008427542571 0.11164260780787857 0.12341513134033144 0.1351876548727843 0.20905430353128282 0.349300976322898 0.48954764911451315 0.6297943219061284 0.7700409946977436 0.9102876674893587 1.050534340280974 1.1907810130725889 1.3310276858644434 1.4712743586560584 1.6115210314476736 1.7517677042392887 1.8119396996923431 1.78651005386943 1.7610804080465168 1.7356507622236037 1.7102211164006906 1.6847914705777773 1.6593618247548643 1.633932178931951 1.608502533109038 1.5830728872860813 1.5576432414631682 1.532213595640255 1.4578913453315792 1.3313017948304406 1.2047122443293021 1.0781226938281636 0.951533143327025 0.8249435928258865 0.698354042324748 0.5717644918236094 0.4451749413224708 0.3185853908213323 0.19199584031997796 0.06540628981883945
0.0 0.0 0.0 0.0 0.0 0.0 0.0 0.0 0.0 0.0051958381885144934 0.015946144903335825 0.026696451618157157 0.03744675833297849 0.048197065047799824 0.05894737176262115 0.06969767847744249 0.08044798519228215 0.09119829190710348 0.10194859862192482 0.11269890533674615 0.12344921205156748 0.19090196565072315 0.3189709173998402 0.4470398691489572 0.5751088208980742 0.7031777726471913 0.8312467243963084 0.9593156761454255 1.0873846278945425 1.215453579643878 1.3435225313929948 1.471591483142112 1.599660434891229 1.6546076520261088 1.6313860809252327 1.6081645098243564 1.5849429387234804 1.5617213676226043 1.538499796521728 1.5152782254208519 1.4920566543199758 1.4688350832190997 1.445613512118184 1.4223919410173078 1.3991703699164315 1.3313015748911805 1.2157038875281332 1.1001062001650859 0.9845085128020385 0.8689108254389911 0.7533131380759438 0.6377154507128965 0.5221177633498492 0.40652007598680184 0.29092238862375464 0.17532470126051014 0.05972701389746282
0.0 0.0 0.0 0.0 0.0 0.0 0.0 0.0 0.0 0.004701780361245844 0.014429870258434773 0.0241579601556237 0.03388605005281263 0.04361413995000155 0.05334222984719048 0.0630703197443794 0.07279840964158493 0.08252649953877386 0.09225458943596278 0.10198267933315171 0.11171076923034064 0.17274962777014802 0.2886408584767566 0.40453208918336514 0.5204233198899737 0.6363145505965823 0.7522057813031908 0.8680970120097994 0.983988242716408 1.099879473423214 1.2157707041298225 1.3316619348364311 1.4475531655430396 1.4972756043597404 1.476262107980903 1.455248611602066 1.4342351152232287 1.4132216188443913 1.3922081224655543 1.371194626086717 1.3501811297078796 1.3291676333290425 1.3081541369501695 1.2871406405713322 1.2661271441924948 1.204711804450674 1.1001059802257271 0.9955001560007803 0.8908943317758337 0.786288507550887 0.6816826833259402 0.5770768591009934 0.4724710348760467 0.3678652106510999 0.2632593864261532 0.1586535622010281 0.05404773797608131
0.0 0.0 0.0 0.0 0.0 0.0 0.0 0.0 0.0 0.004207722533977617 0.012913595613535014 0.021619468693092413 0.030325341772649807 0.03903121485220721 0.0477370879317646 0.056442961011322 0.06514883409089424 0.07385470717045164 0.08256058025000904 0.09126645332956644 0.09997232640912383 0.15459728988958832 0.25831079955369873 0.36202430921780915 0.46573781888191956 0.56945132854603 0.6731648382101404 0.7768783478742508 0.8805918575383612 0.9843053672026485 1.088018876866759 1.1917323865308693 1.2954458961949797 1.3399435566935058 1.3211381350367055 1.3023327133799054 1.283527291723105 1.264721870066305 1.2459164484095049 1.2271110267527046 1.2083056050959045 1.1895001834391041 1.1706947617822718 1.1518893401254717 1.1330839184686716 1.078122034010275 0.9845080729234196 0.8908941118365641 0.7972801507497085 0.703666189662853 0.6100522285759974 0.5164382674891419 0.4228243064022864 0.3292103453154308 0.23559638422857532 0.14198242314156007 0.048368462054704464
0.0 0.0 0.0 0.0 0.0 0.0 0.0 0.0 0.0 0.0037136647067093887 0.011397320968635254 0.019080977230561118 0.026764633492486985 0.03444828975441285 0.04213194601633871 0.04981560227826458 0.057499258540203546 0.06518291480212941 0.07286657106405528 0.08055022732598115 0.088233883587907 0.13644495200902867 0.22798074063064094 0.3195165292522532 0.41105231787386554 0.5025881064954778 0.59412389511709 0.6856596837387022 0.7771954723603145 0.8687312609820829 0.9602670496036952 1.0518028382253075 1.14333862684692 1.1826115090272713 1.1660141620925082 1.149416815157745 1.132819468222982 1.1162221212882186 1.0996247743534555 1.0830274274186924 1.0664300804839293 1.0498327335491662 1.0332353866143746 1.0166380396796115 1.0000406927448482 0.9515322635698765 0.8689101656211122 0.7862880676723478 0.7036659697235835 0.6210438717748192 0.5384217738260548 0.45579967587729053 0.3731775779285261 0.29055547997976183 0.20793338203099754 0.12531128408209224 0.04268918613332795
0.0 0.0 0.0 0.0 0.0 0.0 0.0 0.0 0.0 0.003219606879441161 0.009881046323735494 0.016542485768029826 0.023203925212324162 0.029865364656618494 0.03652680410091283 0.04318824354520716 0.04984968298951285 0.05651112243380719 0.06317256187810152 0.06983400132239585 0.07649544076669018 0.118292614128469 0.19765068170758315 0.27700874928669733 0.3563668168658115 0.4357248844449257 0.5150829520240399 0.594441019603154 0.6737990871822681 0.7531571547615177 0.8325152223406318 0.9118732899197459 0.9912313574988603 1.025279461361037 1.0108901891483109 0.9965009169355847 0.9821116447228586 0.9677223725101325 0.9533331002974063 0.9389438280846801 0.924554555871954 0.9101652836592279 0.8957760114464772 0.8813867392337511 0.866997467021025 0.8249424931294778 0.7533122583188047 0.6816820235081316 0.6100517886974584 0.5384215538867853 0.46679131907611215 0.395161084265439 0.32353084945476585 0.25190061464409275 0.18027037983341965 0.10864014502262431 0.037009910211951214
0.0 0.0 0.0 0.0 0.0 0.0 0.0 0.0 0.0 0.002725549052172933 0.008364771678835734 0.014003994305498537 0.01964321693216134 0.02528243955882414 0.030921662185486944 0.036560884812149745 0.04220010743882216 0.047839330065484964 0.05347855269214777 0.059117775318810566 0.06475699794547338 0.10014027624790933 0.16732062278452536 0.2345009693211414 0.3016813158577574 0.36886166239437346 0.43604200893098954 0.5032223554676055 0.5704027020042216 0.6375830485409522 0.7047633950775682 0.7719437416141842 0.8391240881508003 0.8679474136948024 0.8557662162041134 0.8435850187134243 0.8314038212227353 0.8192226237320461 0.807041426241357 0.7948602287506679 0.7826790312599788 0.7704978337692897 0.7583166362785798 0.7461354387878908 0.7339542412972017 0.6983527226890791 0.6377143510164972 0.5770759793439153 0.5164376076713334 0.45579923599875144 0.39516086432616954 0.33452249265358763 0.2738841209810057 0.21324574930842377 0.15260737763584187 0.09196900596315649 0.03133063429057459
0.0 0.0 0.0 0.0 0.0 0.0 0.0 0.0 0.0 0.0022314912249047046 0.006848497033935974 0.011465502842967244 0.016082508651998513 0.020699514461029783 0.025316520270061052 0.02993352607909232 0.03455053188813147 0.03916753769716273 0.043784543506194006 0.04840154931522527 0.053018555124256544 0.08198793836734966 0.13699056386146757 0.1919931893555855 0.2469958148497034 0.3019984403438213 0.3570010658379392 0.4120036913320571 0.467006316826175 0.5220089423203866 0.5770115678145046 0.6320141933086225 0.6870168188027405 0.710615366028568 0.700642243259916 0.6906691204912638 0.6806959977226118 0.6707228749539598 0.6607497521853077 0.6507766294166556 0.6408035066480036 0.6308303838793515 0.6208572611106824 0.6108841383420304 0.6009110155733783 0.5717629522486805 0.5221164437141897 0.472469935179699 0.4228234266452083 0.37317691811071757 0.32353040957622686 0.27388390104173616 0.22423739250724545 0.17459088397275474 0.12494437543826403 0.07529786690368867 0.025651358369197963
0.0 0.0 0.0 0.0 0.0 0.0 0.0 0.0 0.0 0.0017374333976360552 0.005332222389034921 0.008927011380433787 0.012521800371832653 0.01611658936323152 0.019711378354630382 0.02330616734602925 0.026900956337434244 0.03049574532883311 0.03409053432023198 0.03768532331163084 0.041280112303029706 0.06383560048677452 0.10666050493838392 0.1494854093899933 0.19231031384160271 0.2351352182932121 0.27796012274482146 0.32078502719643087 0.3636099316480403 0.4064348360997227 0.4492597405513321 0.49208464500294147 0.5349095494545508 0.5532833183621995 0.5455182703155863 0.5377532222689732 0.52998817422236 0.5222231261757468 0.5144580781291337 0.5066930300825205 0.4989279820359074 0.4911629339892942 0.48339788594266786 0.4756328378960547 0.46786778984944155 0.4451731818081738 0.40651853641178365 0.3678638910153935 0.3292092456190034 0.29055460022261326 0.2518999548262231 0.213245309429833 0.17459066403344287 0.13593601863705274 0.09728137324066255 0.05862672784420653 0.019972082447816397
0.0 0.0 0.0 0.0 0.0 0.0 0.0 0.0 0.0 0.0012433755703678275 0.0038159477441351616 0.006388519917902496 0.00896109209166983 0.011533664265437164 0.014106236439204499 0.016678808612971833 0.019251380786743554 0.021823952960510887 0.024396525134278223 0.026969097308045555 0.02954166948181289 0.045683262606214844 0.07633044601532613 0.10697762942443739 0.13762481283354866 0.16827199624265993 0.19891917965177122 0.2295663630608825 0.26021354646999373 0.29086072987915723 0.32150791328826855 0.3521550966973798 0.3828022801064911 0.395951270695965 0.39039429737138887 0.38483732404681276 0.3792803507222366 0.3737233773976605 0.3681664040730844 0.36260943074850827 0.35705245742393216 0.35149548409935605 0.34593851077477045 0.34038153745019434 0.33482456412561823 0.31858341136777507 0.29092062910947614 0.26325784685117726 0.23559506459287832 0.2079322823345794 0.18026950007628048 0.15260671781798155 0.12494393555968264 0.0972811533013837 0.06961837104308477 0.04195558878473871 0.014292806526439772
0.0 0.0 0.0 0.0 0.0 0.0 0.0 0.0 0.0 0.0007493177430995993 0.002299673099235401 0.003850028455371203 0.005400383811507005 0.006950739167642807 0.00850109452377861 0.010051449879914411 0.011601805236052856 0.013152160592188659 0.01470251594832446 0.01625287130446026 0.017803226660596066 0.027530924725655177 0.04600038709226832 0.06446984945888147 0.0829393118254946 0.10140877419210775 0.11987823655872089 0.13834769892533405 0.1568171612919472 0.17528662365859182 0.19375608602520497 0.21222554839181812 0.23069501075843127 0.23861922302973052 0.23527032442719145 0.23192142582465236 0.22857252722211327 0.22522362861957418 0.22187473001703512 0.21852583141449602 0.21517693281195693 0.21182803420941787 0.20847913560687306 0.20513023700433397 0.2017813384017949 0.1919936409273764 0.17532272180716868 0.15865180268696097 0.14198088356675326 0.12530996444654552 0.10863904532633782 0.0919681262061301 0.07529720708592239 0.058626287965714674 0.04195536884550696 0.025284449725270802 0.008613530605063091
0.0 0.0 0.0 0.0 0.0 0.0 0.0 0.0 0.0 0.00025525991583137133 0.0007833984543356414 0.0013115369928399115 0.0018396755313441816 0.002367814069848452 0.0028959526083527217 0.003424091146856992 0.003952229685362163 0.0044803682238664325 0.005008506762370702 0.005536645300874973 0.006064783839379243 0.009378586845095512 0.01567032816921053 0.021962069493325555 0.02825381081744057 0.034545552141555594 0.04083729346567061 0.047129034789785626 0.053420776113900656 0.0597125174380264 0.06600425876214142 0.07229600008625645 0.07858774141037146 0.08128717536349607 0.08014635148299402 0.07900552760249198 0.07786470372198992 0.07672387984148787 0.07558305596098583 0.07444223208048377 0.07330140819998172 0.07216058431947968 0.07101976043897568 0.06987893655847363 0.06873811267797159 0.06540387048697771 0.059724814504861196 0.05404575852274469 0.04836670254062818 0.04268764655851168 0.03700859057639516 0.03132953459427866 0.02565047861216215 0.019971422630045643 0.014292366647929135 0.008613310665802947 0.002934254683686438
0.31677468790209473 0.31677468790209473 0.31677468790209473 0.31677468790209473 0.31677468790209473 0.31677468790209473 0.31677468790209473 0.31677468790209473 0.31677468790209473 0.0 0.0 0.0 0.0 0.0 0.0 0.0 0.0 0.0 0.0 0.0 0.0 0.0 0.0 0.0 0.0 0.0 0.0 0.0 0.0 0.0 0.0 0.0 0.0 0.0 0.0 0.0 0.0 0.0 0.0 0.0 0.0 0.0 0.0 0.0 0.0 0.0002679448727174379 0.0008223288755375011 0.0013767128783575642 0.0019310968811776274 0.0024854808839976906 0.0030398648868177535 0.0035942488896378165 0.0041486328924578795 0.004703016895277943 0.005257400898098006 0.005811784900919014 0.006366168903739078
0.31677468790209473 0.31677468790209473 0.31677468790209473 0.31677468790209473 0.31677468790209473 0.31677468790209473 0.31677468790209473 0.31677468790209473 0.31677468790209473 0.0 0.0 0.0 0.0 0.0 0.0 0.0 0.0 0.0 0.0 0.0 0.0 0.0 0.0 0.0 0.0 0.0 0.0 0.0 0.0 0.0 0.0 0.0 0.0 0.0 0.0 0.0 0.0 0.0 0.0 0.0 0.0 0.0 0.0 0.0 0.0 0.0008223059257348571 0.002523675487421862 0.0042250450491088665 0.005926414610795871 0.0076277841724828755 0.009329153734169881 0.011030523295856885 0.01273189285754389 0.014433262419230894 0.0161346319809179 0.017836001542607803 0.01953737110429481
0.31677468790209473 0.31677468790209473 0.31677468790209473 0.31677468790209473 0.31677468790209473 0.31677468790209473 0.31677468790209473 0.31677468790209473 0.31677468790209473 0.0 0.0 0.0 0.0 0.0 0.0 0.0 0.0 0.0 0.0 0.0 0.0 0.0 0.0 0.0 0.0 0.0 0.0 0.0 0.0 0.0 0.0 0.0 0.0 0.0 0.0 0.0 0.0 0.0 0.0 0.0 0.0 0.0 0.0 0.0 0.0 0.0013766669787520392 0.0042250220993054945 0.007073377219858951 0.009921732340412406 0.012770087460965862 0.015618442581519317 0.018466797702072775 0.021315152822626228 0.024163507943179684 0.02701186306373314 0.029860218184291454 0.03270857330484491
0.31677468790209473 0.31677468790209473 0.31677468790209473 0.31677468790209473 0.31677468790209473 0.31677468790209473 0.31677468790209473 0.31677468790209473 0.31677468790209473 0.0 0.0 0.0 0.0 0.0 0.0 0.0 0.0 0.0 0.0 0.0 0.0 0.0 0.0 0.0 0.0 0.0 0.0 0.0 0.0 0.0 0.0 0.0 0.0 0.0 0.0 0.0 0.0 0.0 0.0 0.0 0.0 0.0 0.0 0.0 0.0 0.0019310280317692207 0.005926368711189126 0.009921709390609032 0.013917050070028938 0.017912390749448844 0.02190773142886875 0.025903072108288655 0.02989841278770856 0.03389375346712847 0.03788909414654837 0.04188443482597509 0.045879775505394994
0.31677468790209473 0.31677468790209473 0.31677468790209473 0.31677468790209473 0.31677468790209473 0.31677468790209473 0.31677468790209473 0.31677468790209473 0.31677468790209473 0.0 0.0 0.0 0.0 0.0 0.0 0.0 0.0 0.0 0.0 0.0 0.0 0.0 0.0 0.0 0.0 0.0 0.0 0.0 0.0 0.0 0.0 0.0 0.0 0.0 0.0 0.0 0.0 0.0 0.0 0.0 0.0 0.0 0.0 0.0 0.0 0.002485389084786639 0.007627715323073484 0.012770041561360329 0.017912367799647173 0.023054694037934018 0.028197020276220862 0.033339346514507706 0.03848167275279455 0.043623998991081395 0.048766325229368246 0.053908651467663854 0.059050977705950705
0.31677468790209473 0.31677468790209473 0.31677468790209473 0.31677468790209473 0.31677468790209473 0.31677468790209473 0.31677468790209473 0.31677468790209473 0.31677468790209473 0.0 0.0 0.0 0.0 0.0 0.0 0.0 0.0 0.0 0.0 0.0 0.0 0.0 0.0 0.0 0.0 0.0 0.0 0.0 0.0 0.0 0.0 0.0 0.0 0.0 0.0 0.0 0.0 0.0 0.0 0.0 0.0 0.0 0.0 0.0 0.0 0.0030397501378038212 0.009329061934957117 0.015618373732110414 0.02190768552926371 0.028196997326417006 0.0344863091235703 0.0407756209207236 0.047064932717876894 0.05335424451503019 0.05964355631218349 0.06593286810934751 0.0722221799065008
0.31677468790209473 0.31677468790209473 0.31677468790209473 0.31677468790209473 0.31677468790209473 0.31677468790209473 0.31677468790209473 0.31677468790209473 0.31677468790209473 0.0 0.0 0.0 0.0 0.0 0.0 0.0 0.0 0.0 0.0 0.0 0.0 0.0 0.0 0.0 0.0 0.0 0.0 0.0 0.0 0.0 0.0 0.0 0.0 0.0 0.0 0.0 0.0 0.0 0.0 0.0 0.0 0.0 0.0 0.0 0.0 0.0035941111908210028 0.01103040854684075 0.018466705902860495 0.02590300325888024 0.03333930061489999 0.04077559797091974 0.04821189532693948 0.05564819268295923 0.06308449003897898 0.07052078739499872 0.07795708475103115 0.0853933821070509
