Figures/CREST_Example_wjb_NSE/Rolling_result/20100722/BJP_forecast/ens_44/wjb.rain.20090925.asc
ncols            288
nrows            254
xllcorner        113.274861
yllcorner        31.4918055
cellsize         0.008333333333
NODATA_value     -9999
[rows 176 to 197 of 254, columns 49 to 97 of 288]
0.01426829999630229 0.01562934783214286 0.016332574030743657 0.016332574030743657 0.016332574030743657 0.016332574030743657 0.016332574030743657 0.016332574030743657 0.016332574030743657 0.016332574030743657 0.016332574030743657 0.016332574030743657 0.016332574030743657 0.016332574030743657 0.019902940119504015 0.027290108263552965 0.034677276407614505 0.04206444455166346 0.049451612695712396 0.05683878083976135 0.06422594898381029 0.07161311712785924 0.0790002852719082 0.08638745341595713 0.09377462156000609 0.10116178970405502 0.10714961529957934 0.11164151207638652 0.11613340885319372 0.12062530563000856 0.12511720240681573 0.12960909918362293 0.13410099596043012 0.1385928927372373 0.1430847895140445 0.1475766862908517 0.15206858306765886 0.15656047984446606 0.15888135308674245 0.15888135308674245 0.15888135308674245 0.15888135308674245 0.15888135308674245 0.15888135308674245 0.15888135308674245 0.15888135308674245 0.15888135308674245 0.15888135308674245 0.15888135308674245
0.016174975356478095 0.017717900246578128 0.018515098681945025 0.018515098681945025 0.018515098681945025 0.018515098681945025 0.018515098681945025 0.018515098681945025 0.018515098681945025 0.018515098681945025 0.018515098681945025 0.018515098681945025 0.018515098681945025 0.018515098681945025 0.022081484574274904 0.02946041760193876 0.0368393506296152 0.04421828365727906 0.05159721668494292 0.058976149712606785 0.06635508274027063 0.0737340157679345 0.08111294879559836 0.0884918818232622 0.09587081485092606 0.10324974787858993 0.1094020142344255 0.11424294618734276 0.11908387814026003 0.12392481009318557 0.12876574204610283 0.1336066739990201 0.13844760595193736 0.14328853790485463 0.1481294698577719 0.15297040181068916 0.15781133376360643 0.1626522657165237 0.1651534784548076 0.1651534784548076 0.1651534784548076 0.1651534784548076 0.1651534784548076 0.1651534784548076 0.1651534784548076 0.1651534784548076 0.1651534784548076 0.1651534784548076 0.1651534784548076
0.018081650716653897 0.0198064526610134 0.02069762333314639 0.02069762333314639 0.02069762333314639 0.02069762333314639 0.02069762333314639 0.02069762333314639 0.02069762333314639 0.02069762333314639 0.02069762333314639 0.02069762333314639 0.02069762333314639 0.02069762333314639 0.024260029029045786 0.03163072694032455 0.03900142485161589 0.04637212276289465 0.05374282067417342 0.06111351858545219 0.06848421649673095 0.07585491440800973 0.08322561231928849 0.09059631023056727 0.09796700814184603 0.10533770605312479 0.11165441316927165 0.11684438029829901 0.12203434742732636 0.12722431455636257 0.1324142816853899 0.13760424881441727 0.1427942159434446 0.14798418307247196 0.15317415020149933 0.1583641173305267 0.16355408445955402 0.16874405158858138 0.17142560382287278 0.17142560382287278 0.17142560382287278 0.17142560382287278 0.17142560382287278 0.17142560382287278 0.17142560382287278 0.17142560382287278 0.17142560382287278 0.17142560382287278 0.17142560382287278
0.0199883260768297 0.021895005075448667 0.02288014798434776 0.02288014798434776 0.02288014798434776 0.02288014798434776 0.02288014798434776 0.02288014798434776 0.02288014798434776 0.02288014798434776 0.02288014798434776 0.02288014798434776 0.02288014798434776 0.02288014798434776 0.02643857348381667 0.03380103627871035 0.041163499073616584 0.04852596186851026 0.05588842466340394 0.06325088745829763 0.07061335025319129 0.07797581304808499 0.08533827584297865 0.09270073863787234 0.10006320143276602 0.1074256642276597 0.11390681210411781 0.11944581440925525 0.12498481671439268 0.13052381901953958 0.136062821324677 0.14160182362981444 0.14714082593495187 0.1526798282400893 0.15821883054522676 0.1637578328503642 0.16929683515550162 0.17483583746063908 0.17769772919093796 0.17769772919093796 0.17769772919093796 0.17769772919093796 0.17769772919093796 0.17769772919093796 0.17769772919093796 0.17769772919093796 0.17769772919093796 0.17769772919093796 0.17769772919093796
0.021895001437005505 0.023983557489883938 0.025062672635549125 0.025062672635549125 0.025062672635549125 0.025062672635549125 0.025062672635549125 0.025062672635549125 0.025062672635549125 0.025062672635549125 0.025062672635549125 0.025062672635549125 0.025062672635549125 0.025062672635549125 0.028617117938587552 0.03597134561709615 0.04332557329561727 0.05067980097412587 0.05803402865263446 0.06538825633114305 0.07274248400965164 0.08009671168816022 0.08745093936666883 0.09480516704517741 0.102159394723686 0.10951362240219459 0.11615921103896397 0.1220472485202115 0.127935286001459 0.13382332348271658 0.13971136096396408 0.1455993984452116 0.15148743592645914 0.15737547340770666 0.1632635108889542 0.1691515483702017 0.17503958585144921 0.18092762333269674 0.18396985455900314 0.18396985455900314 0.18396985455900314 0.18396985455900314 0.18396985455900314 0.18396985455900314 0.18396985455900314 0.18396985455900314 0.18396985455900314 0.18396985455900314 0.18396985455900314
0.022775927590384167 0.024948514861761098 0.026071047257571645 0.026071047257571645 0.026071047257571645 0.026071047257571645 0.026071047257571645 0.026071047257571645 0.026071047257571645 0.026071047257571645 0.026071047257571645 0.026071047257571645 0.026071047257571645 0.026071047257571645 0.029575871601306956 0.03682743239335953 0.04407899318542448 0.05133055397747706 0.05858211476952964 0.06583367556158222 0.0730852363536348 0.08033679714568738 0.08758835793773996 0.09483991872979254 0.10209147952184512 0.1093430403138977 0.11593325535961384 0.12181647685173314 0.12769969834385245 0.13358291983598178 0.1394661413281011 0.14534936282022037 0.15123258431233969 0.157115805804459 0.16299902729657828 0.1688822487886976 0.1747654702808169 0.1806486917729362 0.18368843467396306 0.18368843467396306 0.18368843467396306 0.18368843467396306 0.18368843467396306 0.18368843467396306 0.18368843467396306 0.18368843467396306 0.18368843467396306 0.18368843467396306 0.18368843467396306
0.022560392497044397 0.024712419955940947 0.02582432950779716 -9999.0 0.02582432950779716 0.02582432950779716 0.02582432950779716 0.02582432950779716 0.02582432950779716 0.02582432950779716 0.02582432950779716 0.02582432950779716 0.02582432950779716 0.02582432950779716 0.029230745793561472 0.03627869808920536 0.043326650384861276 0.05037460268050516 0.05742255497614905 0.06447050727179295 0.07151845956743683 0.07856641186308072 0.08561436415872462 0.09266231645436851 0.09971026875001239 0.10675822104565628 0.11305809481411803 0.1185582557255277 0.12405841663693735 0.1295585775483564 0.13505873845976607 0.14055889937117572 0.14605906028258536 0.15155922119399504 0.1570593821054047 0.16255954301681436 0.168059703928224 0.17355986483963368 0.1764016879984861 0.1764016879984861 0.1764016879984861 0.1764016879984861 0.1764016879984861 0.1764016879984861 0.1764016879984861 0.1764016879984861 0.1764016879984861 0.1764016879984861 0.1764016879984861
0.022344857403704444 0.024476325050120595 0.02557761175802246 -9999.0 -9999.0 0.02557761175802246 0.02557761175802246 0.02557761175802246 0.02557761175802246 0.02557761175802246 0.02557761175802246 0.02557761175802246 0.02557761175802246 0.02557761175802246 0.028885619985815694 0.03572996378505072 0.04257430758429742 0.04941865138353245 0.05626299518276747 0.06310733898200249 0.06995168278123752 0.07679602658047255 0.08364037037970758 0.0904847141789426 0.09732905797817763 0.10417340177741266 0.1101829342686198 0.11530003459931949 0.12041713493001918 0.1255342352607276 0.13065133559142728 0.13576843592212698 0.14088553625282665 0.14600263658352636 0.15111973691422603 0.1562368372449257 0.1613539375756254 0.16647103790632511 0.16911494132300292 0.16911494132300292 0.16911494132300292 0.16911494132300292 0.16911494132300292 0.16911494132300292 0.16911494132300292 0.16911494132300292 0.16911494132300292 0.16911494132300292 0.16911494132300292
0.022129322310364675 -9999.0 -9999.0 -9999.0 -9999.0 -9999.0 -9999.0 0.025330894008247975 0.025330894008247975 0.025330894008247975 0.025330894008247975 0.025330894008247975 0.025330894008247975 0.025330894008247975 0.02854049417807021 0.035181229480896546 0.041821964783734206 0.048462700086560534 0.055103435389386876 0.061744170692213204 0.06838490599503955 0.07502564129786587 0.08166637660069222 0.08830711190351855 0.09494784720634489 0.10158858250917122 0.107307773723124 0.11204181347311404 0.11677585322310409 0.1215098929731022 0.12624393272309226 0.1309779724730823 0.13571201222307233 0.1404460519730624 0.14518009172305243 0.1499141314730425 0.15464817122303254 0.15938221097302258 0.16182819464752596 0.16182819464752596 0.16182819464752596 0.16182819464752596 0.16182819464752596 0.16182819464752596 0.16182819464752596 0.16182819464752596 0.16182819464752596 0.16182819464752596 0.16182819464752596
-9999.0 -9999.0 -9999.0 -9999.0 -9999.0 -9999.0 -9999.0 -9999.0 0.025084176258473492 0.025084176258473492 0.025084176258473492 0.025084176258473492 0.025084176258473492 0.025084176258473492 0.02819536837032473 0.03463249517674238 0.041069621983171004 0.047506748789588646 0.053943875596006295 0.060381002402423944 0.06681812920884159 0.07325525601525923 0.07969238282167689 0.08612950962809453 0.09256663643451218 0.09900376324092983 0.10443261317762821 0.10878359234690863 0.11313457151618903 0.11748555068547684 0.12183652985475724 0.12618750902403764 0.13053848819331804 0.13488946736259844 0.13924044653187884 0.14359142570115924 0.14794240487043964 0.15229338403972004 0.154541447972049 0.154541447972049 0.154541447972049 0.154541447972049 0.154541447972049 0.154541447972049 0.154541447972049 0.154541447972049 0.154541447972049 0.154541447972049 0.154541447972049
-9999.0 -9999.0 -9999.0 -9999.0 -9999.0 -9999.0 -9999.0 -9999.0 -9999.0 -9999.0 -9999.0 -9999.0 -9999.0 -9999.0 0.027850242562579248 0.0340837608725882 0.04031727918260779 0.046550797492616744 0.0527843158026257 0.05901783411263466 0.06525135242264361 0.07148487073265257 0.07771838904266153 0.08395190735267048 0.09018542566267944 0.0964189439726884 0.10155745263213242 0.10552537122070318 0.10949328980927395 0.11346120839785147 0.11742912698642223 0.12139704557499299 0.12536496416356374 0.1293328827521345 0.13330080134070527 0.13726871992927603 0.1412366385178468 0.14520455710641755 0.14725470129657206 0.14725470129657206 0.14725470129657206 0.14725470129657206 0.14725470129657206 0.14725470129657206 0.14725470129657206 0.14725470129657206 0.14725470129657206 0.14725470129657206 0.14725470129657206
-9999.0 -9999.0 -9999.0 -9999.0 -9999.0 -9999.0 -9999.0 -9999.0 -9999.0 -9999.0 -9999.0 -9999.0 -9999.0 -9999.0 0.027505116754833765 0.03353502656843403 0.03956493638204458 0.04559484619564484 0.05162475600924511 0.05765466582284538 0.06368457563644564 0.06971448545004591 0.07574439526364618 0.08177430507724645 0.08780421489084671 0.09383412470444698 0.09868229208663663 0.10226715009449776 0.10585200810235887 0.1094368661102261 0.11302172411808722 0.11660658212594834 0.12019144013380945 0.12377629814167057 0.1273611561495317 0.1309460141573928 0.13453087216525392 0.13811573017311504 0.1399679546210951 0.1399679546210951 0.1399679546210951 0.1399679546210951 0.1399679546210951 0.1399679546210951 0.1399679546210951 0.1399679546210951 0.1399679546210951 0.1399679546210951 0.1399679546210951
-9999.0 -9999.0 -9999.0 -9999.0 -9999.0 -9999.0 -9999.0 -9999.0 -9999.0 -9999.0 -9999.0 -9999.0 0.024344023009150034 0.024344023009150034 0.02715999094708828 0.032986292264279855 0.03881259358148137 0.04463889489867295 0.050465196215864525 0.0562914975330561 0.06211779885024768 0.06794410016743926 0.07377040148463082 0.0795967028018224 0.08542300411901399 0.09124930543620556 0.09580713154114084 0.09900892896829232 0.10221072639544379 0.10541252382260072 0.10861432124975219 0.11181611867690366 0.11501791610405514 0.11821971353120661 0.12142151095835808 0.12462330838550956 0.12782510581266104 0.1310269032398125 0.13268120794561813 0.13268120794561813 0.13268120794561813 0.13268120794561813 0.13268120794561813 0.13268120794561813 0.13268120794561813 0.13268120794561813 0.13268120794561813 0.13268120794561813 0.13268120794561813
-9999.0 -9999.0 -9999.0 -9999.0 -9999.0 -9999.0 -9999.0 -9999.0 -9999.0 -9999.0 -9999.0 0.02409730525937534 0.02409730525937534 0.02409730525937534 0.026814865139342507 0.03243755796012522 0.038060250780917515 0.04368294360170023 0.04930563642248294 0.054928329243265656 0.06055102206404837 0.06617371488483108 0.0717964077056138 0.0774191005263965 0.0830417933471792 0.08866448616796192 0.0929319709956426 0.0957507078420841 0.0985694446885256 0.10138818153497192 0.10420691838141342 0.10702565522785493 0.10984439207429643 0.11266312892073793 0.11548186576717945 0.11830060261362095 0.12111933946006245 0.12393807630650396 0.12539446127013498 0.12539446127013498 0.12539446127013498 0.12539446127013498 0.12539446127013498 0.12539446127013498 0.12539446127013498 0.12539446127013498 0.12539446127013498 0.12539446127013498 0.12539446127013498
-9999.0 -9999.0 -9999.0 -9999.0 -9999.0 -9999.0 -9999.0 -9999.0 -9999.0 -9999.0 0.023850587509600854 0.023850587509600854 0.023850587509600854 0.023850587509600854 0.026469739331597023 0.031888823655971045 0.03730790798035431 0.04272699230472833 0.048146076629102356 0.05356516095347638 0.0589842452778504 0.06440332960222442 0.06982241392659845 0.07524149825097248 0.0806605825753465 0.08607966689972052 0.09005681045014681 0.09249248671587867 0.09492816298161054 0.09736383924734655 0.0997995155130784 0.10223519177881027 0.10467086804454213 0.107106544310274 0.10954222057600585 0.11197789684173771 0.11441357310746958 0.11684924937320143 0.11810771459465802 0.11810771459465802 0.11810771459465802 0.11810771459465802 0.11810771459465802 0.11810771459465802 0.11810771459465802 0.11810771459465802 0.11810771459465802 0.11810771459465802 0.11810771459465802
-9999.0 -9999.0 -9999.0 -9999.0 -9999.0 -9999.0 -9999.0 -9999.0 -9999.0 -9999.0 0.023603869759826368 0.023603869759826368 0.023603869759826368 0.023603869759826368 0.02612461352385154 0.031340089351816876 0.0365555651797911 0.04177104100775643 0.04698651683572177 0.0522019926636871 0.05741746849165243 0.06263294431961777 0.0678484201475831 0.07306389597554844 0.07827937180351377 0.0834948476314791 0.08718164990465102 0.08923426558967323 0.09128688127469546 0.09333949695972117 0.0953921126447434 0.09744472832976561 0.09949734401478783 0.10154995969981004 0.10360257538483225 0.10565519106985448 0.10770780675487669 0.10976042243989892 0.11082096791918106 0.11082096791918106 0.11082096791918106 0.11082096791918106 0.11082096791918106 0.11082096791918106 0.11082096791918106 0.11082096791918106 0.11082096791918106 0.11082096791918106 0.11082096791918106
-9999.0 -9999.0 -9999.0 -9999.0 -9999.0 -9999.0 -9999.0 -9999.0 -9999.0 -9999.0 0.023357152010051882 0.023357152010051882 0.023357152010051882 0.023357152010051882 0.025779487716106057 0.0307913550476627 0.03580322237922789 0.04081508971078453 0.045826957042341174 0.05083882437389782 0.05585069170545446 0.0608625590370111 0.06587442636856775 0.07088629370012439 0.07589816103168104 0.08091002836323767 0.08430648935915523 0.08597604446346781 0.08764559956778038 0.0893151546720958 0.09098470977640838 0.09265426488072094 0.09432381998503352 0.09599337508934609 0.09766293019365867 0.09933248529797124 0.10100204040228382 0.10267159550659638 0.1035342212437041 0.1035342212437041 0.1035342212437041 0.1035342212437041 0.1035342212437041 0.1035342212437041 0.1035342212437041 0.1035342212437041 0.1035342212437041 0.1035342212437041 0.1035342212437041
-9999.0 -9999.0 -9999.0 -9999.0 -9999.0 -9999.0 -9999.0 -9999.0 0.022294029905597954 0.022294029905597954 0.022294029905597954 0.022294029905597954 0.022294029905597954 0.022294029905597954 0.02457000235089142 0.029279040787463222 0.03398807922404306 0.03869711766061486 0.04340615609718666 0.04811519453375847 0.05282423297033027 0.05753327140690208 0.062242309843473884 0.06695134828004569 0.0716603867166175 0.0763694251531893 0.07948511669780058 0.08089748439478778 0.08230985209177498 0.0837222197887646 0.08513458748575178 0.08654695518273899 0.08795932287972619 0.08937169057671339 0.09078405827370059 0.09219642597068779 0.093608793667675 0.0950211613646622 0.0957509035112578 0.0957509035112578 0.0957509035112578 0.0957509035112578 0.0957509035112578 0.0957509035112578 0.0957509035112578 0.0957509035112578 0.0957509035112578 0.0957509035112578 0.0957509035112578
-9999.0 -9999.0 -9999.0 -9999.0 -9999.0 -9999.0 -9999.0 -9999.0 0.02035822300417025 0.02035822300417025 0.02035822300417025 0.02035822300417025 0.02035822300417025 0.02035822300417025 0.022436571099549656 0.026736720288946136 0.031036869478349955 0.03533701866774644 0.03963716785714292 0.0439373170465394 0.04823746623593589 0.05253761542533237 0.05683776461472885 0.06113791380412534 0.06543806299352181 0.0697382121829183 0.07258336595484705 0.07387309673303766 0.07516282751122828 0.0764525582894211 0.07774228906761173 0.07903201984580234 0.08032175062399297 0.08161148140218358 0.0829012121803742 0.08419094295856483 0.08548067373675544 0.08677040451494607 0.08743678261791096 0.08743678261791096 0.08743678261791096 0.08743678261791096 0.08743678261791096 0.08743678261791096 0.08743678261791096 0.08743678261791096 0.08743678261791096 0.08743678261791096 0.08743678261791096
-9999.0 -9999.0 -9999.0 -9999.0 -9999.0 -9999.0 -9999.0 -9999.0 -9999.0 0.018422416102743366 0.018422416102743366 0.018422416102743366 0.018422416102743366 0.018422416102743366 0.020303139848208796 0.024194399790430133 0.028085659732658107 0.031976919674879443 0.03586817961710077 0.03975943955932211 0.04365069950154345 0.047541959443764784 0.05143321938598612 0.05532447932820746 0.059215739270428794 0.06310699921265013 0.06568161521189644 0.06684870907129054 0.06801580293068463 0.0691828967900807 0.0703499906494748 0.07151708450886889 0.07268417836826298 0.07385127222765707 0.07501836608705116 0.07618545994644525 0.07735255380583934 0.07851964766523344 0.07912266172456767 0.07912266172456767 0.07912266172456767 0.07912266172456767 0.07912266172456767 0.07912266172456767 0.07912266172456767 0.07912266172456767 0.07912266172456767 0.07912266172456767 0.07912266172456767
-9999.0 -9999.0 -9999.0 -9999.0 -9999.0 -9999.0 -9999.0 -9999.0 -9999.0 0.016486609201316484 0.016486609201316484 0.016486609201316484 0.016486609201316484 0.016486609201316484 0.01816970859686794 0.02165207929191413 0.02513444998696626 0.028616820682012448 0.03209919137705864 0.03558156207210483 0.03906393276715102 0.042546303462197205 0.0460286741572434 0.04951104485228959 0.052993415547335776 0.05647578624238197 0.058779864468945855 0.05982432140954341 0.06086877835014098 0.06191323529074032 0.06295769223133788 0.06400214917193543 0.065046606112533 0.06609106305313056 0.06713551999372812 0.06817997693432568 0.06922443387492325 0.0702688908155208 0.07080854083122436 0.07080854083122436 0.07080854083122436 0.07080854083122436 0.07080854083122436 0.07080854083122436 0.07080854083122436 0.07080854083122436 0.07080854083122436 0.07080854083122436 0.07080854083122436
-9999.0 -9999.0 -9999.0 -9999.0 -9999.0 -9999.0 -9999.0 -9999.0 -9999.0 0.014550802299888777 0.014550802299888777 0.014550802299888777 0.014550802299888777 0.014550802299888777 0.016036277345526175 0.019109758793397044 0.022183240241273154 0.025256721689144022 0.02833020313701489 0.03140368458488576 0.03447716603275663 0.037550647480627496 0.040624128928498364 0.04369761037636924 0.0467710918242401 0.049844573272110976 0.05187811372599232 0.05279993374779329 0.053721753769594274 0.054643573791396824 0.055565393813197805 0.05648721383499879 0.05740903385679976 0.05833085387860074 0.059252673900401724 0.0601744939222027 0.06109631394400368 0.06201813396580466 0.062494419937877514 0.062494419937877514 0.062494419937877514 0.062494419937877514 0.062494419937877514 0.062494419937877514 0.062494419937877514 0.062494419937877514 0.062494419937877514 0.062494419937877514 0.062494419937877514
