Figures/CREST_Example_wjb_NSE/Rolling_result/20100722/BJP_forecast/ens_44/wjb.rain.20100503.asc
ncols            288
nrows            254
xllcorner        113.274861
yllcorner        31.4918055
cellsize         0.008333333333
NODATA_value     -9999
[rows 190 to 208 of 254, columns 88 to 131 of 288]
0.07955059465829775 0.07955059465829775 0.07955059465829775 0.07955059465829775 0.07955059465829775 0.07955059465829775 0.07955059465829775 0.07955059465829775 0.07955059465829775 0.07955059465829775 0.07955059465829775 0.07634656190049126 0.06971734567923304 0.06308812945797485 0.05645891323671663 0.049829697015458425 0.04320048079418891 0.0365712645729307 0.029942048351672496 0.02331283213041429 0.016683615909156083 0.01005439968789787 0.0034251834666396697 0.0 0.0 0.0 0.0 0.0 0.0 0.0 0.0 0.0 0.0 0.0 0.0 0.0 0.0 0.0 0.0 0.0 0.0 0.0 0.0 0.0
0.08793905216733958 0.08793905216733958 0.08793905216733958 0.08793905216733958 0.08793905216733958 0.08793905216733958 0.08793905216733958 0.08793905216733958 0.08793905216733958 0.08793905216733958 0.08793905216733958 0.08439716030537572 0.07706890595839214 0.06974065161140856 0.062412397264424976 0.0550841429174414 0.047755888570445326 0.040427634223461746 0.033099379876478166 0.025771125529494586 0.018442871182511006 0.011114616835527419 0.0037863624885438457 0.0 0.0 0.0 0.0 0.0 0.0 0.0 0.0 0.0 0.0 0.0 0.0 0.0 0.0 0.0 0.0 0.0 0.0 0.0 0.0 0.0
0.09632750967638141 0.09632750967638141 0.09632750967638141 0.09632750967638141 0.09632750967638141 0.09632750967638141 0.09632750967638141 0.09632750967638141 0.09632750967638141 0.09632750967638141 0.09632750967638141 0.09244775871026019 0.08442046623755124 0.07639317376484228 0.06836588129213333 0.06033858881942438 0.05231129634670174 0.04428400387399278 0.03625671140128383 0.028229418928574876 0.02020212645586593 0.012174833983156969 0.004147541510448022 0.0 0.0 0.0 0.0 0.0 0.0 0.0 0.0 0.0 0.0 0.0 0.0 0.0 0.0 0.0 0.0 0.0 0.0 0.0 0.0 0.0
0.09747494284375711 0.09747494284375711 0.09747494284375711 0.09747494284375711 0.09747494284375711 0.09747494284375711 0.09747494284375711 0.09747494284375711 0.09747494284375711 0.09747494284375711 0.09747494284375711 0.0952361747020039 0.09060411279664843 0.08597205089129296 0.0813399889859375 0.07670792708058204 0.07207586517521866 0.0674438032698632 0.06281174136450773 0.05817967945915226 0.0535476175537968 0.04891555564844133 0.044283493743085864 0.04189019997725607 0.04189019997725607 0.04189019997725607 0.04189019997725607 0.04189019997725607 0.04189019997725607 0.04189019997725607 0.04189019997725607 0.04189019997725607 0.04189019997725607 0.04189019997725607 0.04189019997725607 0.040421401225207106 0.03738242339064378 0.03434344555608045 0.031304467721517126 0.0282654898869538 0.025226512052390473 0.022187534217827147 0.01914855638325864 0.016109578548695314
0.09088217739354137 0.09088217739354137 0.09088217739354137 0.09088217739354137 0.09088217739354137 0.09088217739354137 0.09088217739354137 0.09088217739354137 0.09088217739354137 0.09088217739354137 0.09088217739354137 0.09239964937082862 0.09553933320290788 0.09867901703498713 0.1018187008670664 0.10495838469914566 0.10809806853123027 0.11123775236330952 0.11437743619538879 0.11751712002746804 0.1206568038595473 0.12379648769162656 0.12693617152370582 0.1285583833800077 0.1285583833800077 0.1285583833800077 0.1285583833800077 0.1285583833800077 0.1285583833800077 0.1285583833800077 0.1285583833800077 0.1285583833800077 0.1285583833800077 0.1285583833800077 0.1285583833800077 0.12405073258873647 0.11472430116202433 0.10539786973531218 0.09607143830860002 0.08674500688188787 0.07741857545517572 0.06809214402846357 0.05876571260173552 0.04943928117502337
0.08428941194332844 0.08428941194332844 0.08428941194332844 0.08428941194332844 0.08428941194332844 0.08428941194332844 0.08428941194332844 0.08428941194332844 0.08428941194332844 0.08428941194332844 0.08428941194332844 0.08956312403965455 0.10047455360916523 0.1113859831786759 0.12229741274818658 0.13320884231769725 0.14412027188722654 0.15503170145673723 0.16594313102624791 0.17685456059575858 0.18776599016526926 0.19867741973477993 0.20958884930429061 0.21522656678272245 0.21522656678272245 0.21522656678272245 0.21522656678272245 0.21522656678272245 0.21522656678272245 0.21522656678272245 0.21522656678272245 0.21522656678272245 0.21522656678272245 0.21522656678272245 0.21522656678272245 0.20768006395223026 0.19206617893337197 0.17645229391451367 0.16083840889565537 0.14522452387679707 0.12961063885793878 0.11399675383908045 0.09838286882019553 0.08276898380133724
0.07769664649311551 0.07769664649311551 0.07769664649311551 0.07769664649311551 0.07769664649311551 0.07769664649311551 0.07769664649311551 0.07769664649311551 0.07769664649311551 0.07769664649311551 0.07769664649311551 0.08672659870848048 0.10540977401542256 0.12409294932236466 0.14277612462930675 0.16145929993624883 0.1801424752432228 0.19882565055016488 0.21750882585710696 0.23619200116404904 0.2548751764709911 0.27355835177793325 0.29224152708487533 0.3018947501854371 0.3018947501854371 0.3018947501854371 0.3018947501854371 0.3018947501854371 0.3018947501854371 0.3018947501854371 0.3018947501854371 0.3018947501854371 0.3018947501854371 0.3018947501854371 0.3018947501854371 0.291309395315724 0.2694080567047195 0.24750671809371508 0.22560537948271064 0.2037040408717062 0.18180270226070178 0.15990136364969734 0.13800002503865555 0.11609868642765112
0.07110388104289977 0.07110388104289977 0.07110388104289977 0.07110388104289977 0.07110388104289977 0.07110388104289977 0.07110388104289977 0.07110388104289977 0.07110388104289977 0.07110388104289977 0.07110388104289977 0.0838900733773052 0.11034499442168201 0.13679991546605882 0.16325483651043565 0.18970975755481245 0.21616467859923438 0.24261959964361118 0.269074520687988 0.29552944173236484 0.32198436277674164 0.34843928382111844 0.37489420486549524 0.3885629335881887 0.3885629335881887 0.3885629335881887 0.3885629335881887 0.3885629335881887 0.3885629335881887 0.3885629335881887 0.3885629335881887 0.3885629335881887 0.3885629335881887 0.3885629335881887 0.3885629335881887 0.3749387266792533 0.34674993447610003 0.3185611422729468 0.29037235006979356 0.26218355786664027 0.233994765663487 0.20580597346033375 0.1776171812571324 0.14942838905397912
0.06451111559268685 0.06451111559268685 0.06451111559268685 0.06451111559268685 0.06451111559268685 0.06451111559268685 0.06451111559268685 0.06451111559268685 0.06451111559268685 0.06451111559268685 0.06451111559268685 0.08105354804613113 0.11528021482793938 0.14950688160974762 0.18373354839155584 0.21796021517336409 0.25218688195523065 0.28641354873703895 0.32064021551884714 0.3548668823006554 0.38909354908246363 0.4233202158642719 0.4575468826460801 0.4752311169909035 0.4752311169909035 0.4752311169909035 0.4752311169909035 0.4752311169909035 0.4752311169909035 0.4752311169909035 0.4752311169909035 0.4752311169909035 0.4752311169909035 0.4752311169909035 0.4752311169909035 0.45856805804274714 0.42409181224744774 0.3896155664521483 0.3551393206568489 0.32066307486154944 0.28618682906625004 0.25171058327095064 0.21723433747559245 0.182758091680293
0.057918350142473915 0.057918350142473915 0.057918350142473915 0.057918350142473915 0.057918350142473915 0.057918350142473915 0.057918350142473915 0.057918350142473915 0.057918350142473915 0.057918350142473915 0.057918350142473915 0.07821702271495705 0.1202154352341967 0.16221384775343634 0.20421226027267597 0.2462106727919156 0.2882090853112269 0.33020749783046655 0.3722059103497062 0.4142043228689459 0.4562027353881855 0.49820114790742515 0.5401995604266647 0.5618993003936181 0.5618993003936181 0.5618993003936181 0.5618993003936181 0.5618993003936181 0.5618993003936181 0.5618993003936181 0.5618993003936181 0.5618993003936181 0.5618993003936181 0.5618993003936181 0.5618993003936181 0.5421973894062408 0.5014336900187952 0.4606699906313497 0.41990629124390416 0.3791425918564586 0.3383788924690131 0.29761519308156753 0.25685149369405247 0.2160877943066069
0.051325584692258175 0.051325584692258175 0.051325584692258175 0.051325584692258175 0.051325584692258175 0.051325584692258175 0.051325584692258175 0.051325584692258175 0.051325584692258175 0.051325584692258175 0.051325584692258175 0.07538049738378177 0.12515065564045613 0.17492081389713052 0.22469097215380487 0.27446113041047926 0.3242312886672385 0.37400144692391285 0.4237716051805872 0.4735417634372616 0.5233119216939359 0.5730820799506104 0.6228522382072847 0.6485674837963697 0.6485674837963697 0.6485674837963697 0.6485674837963697 0.6485674837963697 0.6485674837963697 0.6485674837963697 0.6485674837963697 0.6485674837963697 0.6485674837963697 0.6485674837963697 0.6485674837963697 0.6258267207697702 0.5787755677901758 0.5317244148105814 0.484673261830987 0.4376221088513927 0.3905709558717983 0.34351980289220396 0.2964686499125293 0.24941749693293497
0.044732819242045245 0.044732819242045245 0.044732819242045245 0.044732819242045245 0.044732819242045245 0.044732819242045245 0.044732819242045245 0.044732819242045245 0.044732819242045245 0.044732819242045245 0.044732819242045245 0.07254397205260771 0.13008587604671348 0.1876277800408193 0.2451696840349251 0.30271158802903086 0.3602534920232348 0.4177953960173406 0.47533730001144636 0.5328792040055521 0.590421107999658 0.6479630119937637 0.7055049159878695 0.7352356671990845 0.7352356671990845 0.7352356671990845 0.7352356671990845 0.7352356671990845 0.7352356671990845 0.7352356671990845 0.7352356671990845 0.7352356671990845 0.7352356671990845 0.7352356671990845 0.7352356671990845 0.709456052133264 0.6561174455615234 0.6027788389897829 0.5494402324180424 0.49610162584630185 0.4427630192745613 0.3894244127028208 0.33608580613098926 0.28274719955924876
0.038140053791832315 0.038140053791832315 0.038140053791832315 0.038140053791832315 0.038140053791832315 0.038140053791832315 0.038140053791832315 0.038140053791832315 0.038140053791832315 0.038140053791832315 0.038140053791832315 0.06970744672143364 0.13502109645297083 0.20033474618450808 0.2656483959160453 -9999.0 -9999.0 -9999.0 0.5269029948423055 0.5922166445738427 0.6575302943053799 0.7228439440369171 0.7881575937684544 0.8219038506017993 0.8219038506017993 0.8219038506017993 0.8219038506017993 0.8219038506017993 0.8219038506017993 0.8219038506017993 0.8219038506017993 0.8219038506017993 0.8219038506017993 0.8219038506017993 0.8219038506017993 0.7930853834967577 0.7334593233328711 0.6738332631689844 0.6142072030050978 0.5545811428412111 0.4949550826773244 0.4353290225134377 0.37570296234944933 0.3160769021855626
0.031547288341619385 0.031547288341619385 0.031547288341619385 0.031547288341619385 0.031547288341619385 0.031547288341619385 0.031547288341619385 0.031547288341619385 0.031547288341619385 0.031547288341619385 0.031547288341619385 0.06687092139025956 0.13995631685922819 0.2130417123281968 0.28612710779716544 -9999.0 -9999.0 -9999.0 -9999.0 0.6515540851421332 0.7246394806111018 -9999.0 0.870810271549039 0.9085720340045139 0.9085720340045139 0.9085720340045139 0.9085720340045139 0.9085720340045139 0.9085720340045139 0.9085720340045139 0.9085720340045139 0.9085720340045139 0.9085720340045139 0.9085720340045139 0.9085720340045139 0.8767147148602514 0.8108012011042186 0.7448876873481858 0.6789741735921531 0.6130606598361201 0.5471471460800874 0.4812336323240545 0.4153201185679093 0.34940660481187646
0.024954522891403645 0.024954522891403645 0.024954522891403645 0.024954522891403645 0.024954522891403645 0.024954522891403645 0.024954522891403645 0.024954522891403645 0.024954522891403645 0.024954522891403645 0.024954522891403645 0.06403439605908427 0.14489153726548762 0.22574867847189098 -9999.0 -9999.0 -9999.0 -9999.0 -9999.0 -9999.0 -9999.0 -9999.0 -9999.0 0.9952402174072655 0.9952402174072655 0.9952402174072655 0.9952402174072655 0.9952402174072655 0.9952402174072655 0.9952402174072655 0.9952402174072655 0.9952402174072655 0.9952402174072655 0.9952402174072655 0.9952402174072655 0.9603440462237809 0.8881430788755992 0.8159421115274176 0.7437411441792359 0.6715401768310543 0.5993392094828727 0.527138242134691 0.4549372747863861 0.3827363074382045
0.021548304706811905 0.021548304706811905 0.021548304706811905 0.021548304706811905 0.021548304706811905 0.021548304706811905 0.021548304706811905 0.021548304706811905 0.021548304706811905 0.021548304706811905 0.021548304706811905 0.06256887688703666 0.14744136823091641 0.2323138595747962 -9999.0 -9999.0 -9999.0 -9999.0 -9999.0 -9999.0 -9999.0 -9999.0 -9999.0 -9999.0 1.0400182008743286 1.0400182008743286 1.0400182008743286 1.0400182008743286 1.0400182008743286 1.0400182008743286 1.0400182008743286 1.0400182008743286 1.0400182008743286 1.0400182008743286 1.0400182008743286 1.0035519764022132 0.9281025332934304 0.8526530901846477 0.777203647075865 0.7017542039670823 0.6263047608582997 0.5508553177495169 0.4754058746406056 0.3999564315318228
0.021548304706811905 0.021548304706811905 0.021548304706811905 0.021548304706811905 0.021548304706811905 0.021548304706811905 0.021548304706811905 0.021548304706811905 0.021548304706811905 0.021548304706811905 0.021548304706811905 0.06256887688703666 0.14744136823091641 0.2323138595747962 0.317186350918676 -9999.0 -9999.0 -9999.0 -9999.0 -9999.0 -9999.0 -9999.0 -9999.0 -9999.0 1.0400182008743286 1.0400182008743286 1.0400182008743286 1.0400182008743286 1.0400182008743286 1.0400182008743286 1.0400182008743286 1.0400182008743286 1.0400182008743286 1.0400182008743286 1.0400182008743286 1.0035519764022132 0.9281025332934304 0.8526530901846477 0.777203647075865 0.7017542039670823 0.6263047608582997 0.5508553177495169 0.4754058746406056 0.3999564315318228
0.021548304706811905 0.021548304706811905 0.021548304706811905 0.021548304706811905 0.021548304706811905 0.021548304706811905 0.021548304706811905 0.021548304706811905 0.021548304706811905 0.021548304706811905 0.021548304706811905 0.06256887688703666 0.14744136823091641 0.2323138595747962 0.317186350918676 -9999.0 -9999.0 -9999.0 -9999.0 -9999.0 -9999.0 -9999.0 -9999.0 -9999.0 -9999.0 1.0400182008743286 1.0400182008743286 1.0400182008743286 1.0400182008743286 1.0400182008743286 1.0400182008743286 1.0400182008743286 1.0400182008743286 1.0400182008743286 1.0400182008743286 1.0035519764022132 0.9281025332934304 0.8526530901846477 0.777203647075865 0.7017542039670823 0.6263047608582997 0.5508553177495169 0.4754058746406056 0.3999564315318228
0.021548304706811905 0.021548304706811905 0.021548304706811905 0.021548304706811905 0.021548304706811905 0.021548304706811905 0.021548304706811905 0.021548304706811905 0.021548304706811905 0.021548304706811905 0.021548304706811905 0.06256887688703666 0.14744136823091641 0.2323138595747962 0.317186350918676 -9999.0 -9999.0 -9999.0 -9999.0 -9999.0 -9999.0 -9999.0 -9999.0 -9999.0 -9999.0 -9999.0 -9999.0 -9999.0 -9999.0 1.0400182008743286 1.0400182008743286 1.0400182008743286 1.0400182008743286 1.0400182008743286 1.0400182008743286 1.0035519764022132 0.9281025332934304 0.8526530901846477 0.777203647075865 0.7017542039670823 0.6263047608582997 0.5508553177495169 0.4754058746406056 0.3999564315318228
