Figures/CREST_Example_wjb_NSE/Rolling_result/20100722/BJP_forecast/ens_44/wjb.rain.20100727.asc
ncols            288
nrows            254
xllcorner        113.274861
yllcorner        31.4918055
cellsize         0.008333333333
NODATA_value     -9999
[rows 168 to 195 of 254, columns 124 to 185 of 288]
0.16029285276297064 0.1450510794390107 0.1298093061150507 0.11456753279109073 0.09932575946713075 0.08408398614317078 0.0688422128191848 0.05360043949522483 0.03835866617126485 0.023116892847304893 0.007875119523344909 0.0 0.0 0.0 0.0 0.0 0.0 0.0 0.0 0.0 0.0 0.0 0.0 0.0 0.0 0.0 0.0 0.0 0.0 0.0 0.0 0.0 0.0 0.0 0.0 0.0 0.0 0.0 0.0 0.0 0.0 0.0 0.0 0.0 0.0 0.0 0.0 0.0 0.0 0.0 0.0 0.0 0.0 0.0 0.0 0.0 0.0 0.0 0.0 0.0 0.0 0.0
0.1567101380807187 0.14231284485782705 0.1279155516349354 0.11351825841204377 0.09912096518915213 0.08472367196626049 0.0703263787433443 0.05592908552045266 0.041531792297561015 0.027134499074669388 0.012737205851777733 0.0050850099274697335 0.004643475568186272 0.004201941208902809 0.003760406849619347 0.0033188724903358852 0.0028773381310524234 0.002435803771768961 0.0019942694124854992 0.001552735053201284 0.0011112006939178222 0.0006696663346343603 0.00022813197535089848 0.0 0.0 0.0 0.0 0.0 0.0 0.0 0.0 0.0 0.0 0.0 0.0 0.0 0.0 0.0 0.0 0.0 0.0 0.0 0.0 0.0 0.0 0.0 0.0 0.0 0.0 0.0 0.0 0.0 0.0 0.0 0.0 0.0 0.0 0.0 0.0 0.0 0.0 0.0
0.14451477379567618 0.13231945356842575 0.12012413334117533 0.10792881311392491 0.09573349288667449 0.08353817265942406 0.07134285243215284 0.0591475322049024 0.04695221197765198 0.03475689175040156 0.022561571523151136 0.01560557493701426 0.01425053382021289 0.012895492703411518 0.011540451586610148 0.010185410469808778 0.008830369353007406 0.0074753282362060355 0.006120287119404665 0.004765246002600983 0.0034102048857996125 0.0020551637689982423 0.0007001226521968721 0.0 0.0 0.0 0.0 0.0 0.0 0.0 0.0 0.0 0.0 0.0 0.0 0.0 0.0 0.0 0.0 0.0 0.0 0.0 0.0 0.0 0.0 0.0 0.0 0.0 0.0 0.0 0.0 0.0 0.0 0.0 0.0 0.0 0.0 0.0 0.0 0.0 0.0 0.0
0.13231940951064405 0.12232606227903296 0.11233271504742187 0.10233936781581078 0.09234602058419969 0.0823526733525886 0.07235932612096047 0.062365978889349374 0.05237263165773828 0.04237928442612719 0.032385937194516115 0.02612613994654981 0.023857592072231308 0.02158904419791281 0.01932049632359431 0.01705194844927581 0.01478340057495731 0.012514852700638809 0.010246304826320309 0.007977756951997941 0.005709209077679439 0.0034406612033609403 0.0011721133290424415 0.0 0.0 0.0 0.0 0.0 0.0 0.0 0.0 0.0 0.0 0.0 0.0 0.0 0.0 0.0 0.0 0.0 0.0 0.0 0.0 0.0 0.0 0.0 0.0 0.0 0.0 0.0 0.0 0.0 0.0 0.0 0.0 0.0 0.0 0.0 0.0 0.0 0.0 0.0
0.12012404522561192 0.11233267098964017 0.10454129675366841 0.09674992251769667 0.08895854828172492 0.08116717404575316 0.07337579980976812 0.06558442557379636 0.057793051337824614 0.050001677101852854 0.04221030286588111 0.03664670495608536 0.03346465032424973 0.0302825956924141 0.02710054106057847 0.023918486428742843 0.020736431796907213 0.017554377165071584 0.014372322533235955 0.011190267901394896 0.008008213269559267 0.004826158637723642 0.0016441040058880127 0.0 0.0 0.0 0.0 0.0 0.0 0.0 0.0 0.0 0.0 0.0 0.0 0.0 0.0 0.0 0.0 0.0 0.0 0.0 0.0 0.0 0.0 0.0 0.0 0.0 0.0 0.0 0.0 0.0 0.0 0.0 0.0 0.0 0.0 0.0 0.0 0.0 0.0 0.0
0.10792868094057981 0.1023392797002474 0.09674987845991498 0.09116047721958256 0.08557107597925015 0.07998167473891774 0.07439227349857579 0.06880287225824337 0.06321347101791096 0.05762406977757854 0.05203466853724613 0.04716726996562092 0.04307170857626816 0.0389761471869154 0.03488058579756265 0.030785024408209884 0.026689463018857124 0.022593901629504365 0.018498340240151605 0.014402778850791859 0.010307217461439103 0.00621165607208634 0.002116094682733584 0.0 0.0 0.0 0.0 0.0 0.0 0.0 0.0 0.0 0.0 0.0 0.0 0.0 0.0 0.0 0.0 0.0 0.0 0.0 0.0 0.0 0.0 0.0 0.0 0.0 0.0 0.0 0.0 0.0 0.0 0.0 0.0 0.0 0.0 0.0 0.0 0.0 0.0 0.0
0.0957333166555477 0.09234588841085462 0.08895846016616153 0.08557103192146845 0.08218360367677538 0.0787961754320823 0.07540874718738344 0.07202131894269036 0.06863389069799727 0.0652464624533042 0.06185903420861112 0.05768783497515647 0.05267876682828658 0.04766969868141669 0.0426606305345468 0.03765156238767692 0.03264249424080703 0.02763342609393714 0.02262435794706725 0.017615289800188817 0.012606221653318928 0.007597153506449038 0.002588085359579155 0.0 0.0 0.0 0.0 0.0 0.0 0.0 0.0 0.0 0.0 0.0 0.0 0.0 0.0 0.0 0.0 0.0 0.0 0.0 0.0 0.0 0.0 0.0 0.0 0.0 0.0 0.0 0.0 0.0 0.0 0.0 0.0 0.0 0.0 0.0 0.0 0.0 0.0 0.0
0.08353795237051558 0.08235249712146182 0.08116704187240809 0.07998158662335435 0.0787961313743006 0.07761067612524686 0.0764252208761911 0.07523976562713734 0.0740543103780836 0.07286885512902987 0.07168339987997611 0.06820839998469203 0.062285825080305 0.056363250175917985 0.05044067527153097 0.044518100367143945 0.03859552546275693 0.03267295055836991 0.026750375653982895 0.020827800749585783 0.01490522584519876 0.008982650940811743 0.003060076036424733 0.0 0.0 0.0 0.0 0.0 0.0 0.0 0.0 0.0 0.0 0.0 0.0 0.0 0.0 0.0 0.0 0.0 0.0 0.0 0.0 0.0 0.0 0.0 0.0 0.0 0.0 0.0 0.0 0.0 0.0 0.0 0.0 0.0 0.0 0.0 0.0 0.0 0.0 0.0
0.07134258808547306 0.07235910583206052 0.07337562357864799 0.07439214132523547 0.07540865907182294 0.0764251768184104 0.07744169456499961 0.07845821231158709 0.07947473005817456 0.08049124780476202 0.0815077655513495 0.07872896499423655 0.07189288333233163 0.0650568016704267 0.05822072000852177 0.05138463834661684 0.044548556684711915 0.03771247502280699 0.03087639336090206 0.024040311698985475 0.017204230037080548 0.01036814837517562 0.003532066713270693 0.0 0.0 0.0 0.0 0.0 0.0 0.0 0.0 0.0 0.0 0.0 0.0 0.0 0.0 0.0 0.0 0.0 0.0 0.0 0.0 0.0 0.0 0.0 0.0 0.0 0.0 0.0 0.0 0.0 0.0 0.0 0.0 0.0 0.0 0.0 0.0 0.0 0.0 0.0
0.05914722380044093 0.06236571454266773 0.06558420528489455 0.06880269602712136 0.07202118676934816 0.07523967751157497 0.07845816825380726 0.08167665899603407 0.08489514973826089 0.0881136404804877 0.0913321312227145 0.0892495300037721 0.08149994158435003 0.07375035316492798 0.06600076474550592 0.05825117632608388 0.05050158790666182 0.04275199948723976 0.03500241106781771 0.02725282264838244 0.019503234228960387 0.011753645809538332 0.004004057390116278 0.0 0.0 0.0 0.0 0.0 0.0 0.0 0.0 0.0 0.0 0.0 0.0 0.0 0.0 0.0 0.0 0.0 0.0 0.0 0.0 0.0 0.0 0.0 0.0 0.0 0.0 0.0 0.0 0.0 0.0 0.0 0.0 0.0 0.0 0.0 0.0 0.0 0.0 0.0
0.04695185951540881 0.052372323253274955 0.0577927869911411 0.06321325072900724 0.06863371446687339 0.07405417820473953 0.07947464194261492 0.08489510568048106 0.0903155694183472 0.09573603315621335 0.1011564968940795 0.09977009501330765 0.09110699983636847 0.08244390465942927 0.07378080948249009 0.06511771430555091 0.05645461912861172 0.04779152395167254 0.039128428774733354 0.030465333597779407 0.02180223842084021 0.01313914324390103 0.004476048066961849 0.0 0.0 0.0 0.0 0.0 0.0 0.0 0.0 0.0 0.0 0.0 0.0 0.0 0.0 0.0 0.0 0.0 0.0 0.0 0.0 0.0 0.0 0.0 0.0 0.0 0.0 0.0 0.0 0.0 0.0 0.0 0.0 0.0 0.0 0.0 0.0 0.0 0.0 0.0
0.03475649523037669 0.04237893196388217 0.05000136869738765 0.057623805430893134 0.06524624216439862 0.0728686788979041 0.08049111563142258 0.08811355236492807 0.09573598909843353 0.10335842583193902 0.11098086256544451 0.1102906600228432 0.10071405808838688 0.09113745615393057 0.08156085421947426 0.07198425228501794 0.06240765035056162 0.05283104841610531 0.04325444648164899 0.033677844547176344 0.024101242612720036 0.014524640678263714 0.004948038743807406 0.0 0.0 0.0 0.0 0.0 0.0 0.0 0.0 0.0 0.0 0.0 0.0 0.0 0.0 0.0 0.0 0.0 0.0 0.0 0.0 0.0 0.0 0.0 0.0 0.0 0.0 0.0 0.0 0.0 0.0 0.0 0.0 0.0 0.0 0.0 0.0 0.0 0.0 0.0
0.022561130945344565 0.032385540674489385 0.0422099504036342 0.05203436013277902 0.06185876986192384 0.07168317959106865 0.08150758932023022 0.09133199904937503 0.10115640877851985 0.11098081850766467 0.12080522823680949 0.12081122503237875 0.1103211163404053 0.09983100764843186 0.08934089895645841 0.07885079026448497 0.06836068157251152 0.05787057288053808 0.04738046418856463 0.03689035549657331 0.02640024680459986 0.015910138112626426 0.0054200294206529775 0.0 0.0 0.0 0.0 0.0 0.0 0.0 0.0 0.0 0.0 0.0 0.0 0.0 0.0 0.0 0.0 0.0 0.0 0.0 0.0 0.0 0.0 0.0 0.0 0.0 0.0 0.0 0.0 0.0 0.0 0.0 0.0 0.0 0.0 0.0 0.0 0.0 0.0 0.0
0.015605337326449885 0.02612588405824908 0.03664643079004828 0.04716697752184748 0.05768752425364668 0.06820807098544587 0.07872861771726301 0.08924916444906221 0.0997697111808614 0.1102902579126606 0.12081080464445981 0.12116177019707547 0.11064122346527477 0.10012067673347408 0.08960013000167338 0.0790795832698727 0.06855903653807201 0.05803848980627131 0.04751794307447062 0.03699739634265199 0.026476849610851297 0.015956302879050602 0.005435756147249907 0.0 0.0 0.0 0.0 0.0 0.0 0.0 0.0 0.0 0.0 0.0 0.0 0.00036593359054614116 0.00112305846715172 0.0018801833437572988 0.002637308220362878 0.0033944330969684564 0.004151557973574035 0.004908682850179614 0.005665807726785193 0.0064229326033907715 0.007180057479996351 0.00793718235660322 0.0086943072332088 0.009206238309483899 0.009456051666184144 0.009705865022884392 0.009955678379584637 0.010205491736284884 0.010455305092985132 0.010705118449685377 0.010954931806385624 0.01120474516308587 0.011454558519786117 0.011704371876486364 0.011954185233187037 0.011596585420604353 0.010589647187298563 0.009582708953992772
0.014250314487384345 0.023857354461666543 0.033464394435948744 0.04307143441023094 0.05267847438451314 0.06228551435879534 0.07189255433309392 0.08149959430737612 0.09110663428165831 0.10071367425594052 0.11032071423022272 0.11064120518753992 0.10103416521325637 0.0914271252389728 0.08182008526468923 0.07221304529040568 0.0626060053161221 0.05299896534183854 0.04339192536755497 0.033784885393255026 0.024177845418971458 0.01457080544468789 0.0049637654704043355 0.0 0.0 0.0 0.0 0.0 0.0 0.0 0.0 0.0 0.0 0.0 0.0 0.0011230271237445443 0.0034465956467129052 0.005770164169681266 0.008093732692649628 0.010417301215617989 0.01274086973858635 0.015064438261554711 0.017388006784523072 0.019711575307491434 0.022035143830459795 0.024358712353432118 0.02668228087640048 0.028253365081287597 0.029020026526686317 0.029786687972085037 0.030553349417483756 0.031320010862882476 0.032086672308281196 0.032853333753679916 0.03361999519907863 0.03438665664447735 0.03515331808987607 0.03591997953527479 0.03668664098067481 0.0355891896962028 0.03249895972783583 0.029408729759468857
0.01289529164831765 0.02158882486508207 0.03028235808184649 0.03897589129861091 0.047669424515375335 0.05636295773213975 0.065056490948919 0.07375002416568342 0.08244355738244784 0.09113709059921225 0.09983062381597668 0.10012064017799539 0.09142710696122974 0.08273357374446409 0.07404004052769843 0.06534650731093278 0.05665297409416712 0.04795944087740147 0.03926590766063581 0.03057237444385534 0.021878841227089676 0.013185308010324026 0.004491774793558376 0.0 0.0 0.0 0.0 0.0 0.0 0.0 0.0 0.0 0.0 0.0 0.0 0.0018801206569435934 0.0057701328262760735 0.009660144995608553 0.013550157164941033 0.017440169334273514 0.021330181503605994 0.025220193672938474 0.029110205842270954 0.03300021801160343 0.036890230180935915 0.040780242350275026 0.04467025451960751 0.04730049185310755 0.04858400138720518 0.04986751092130281 0.05115102045540044 0.05243452998949807 0.0537180395235957 0.055001549057693326 0.05628505859179095 0.05756856812588858 0.05885207765998621 0.06013558719408384 0.06141909672818366 0.05958179397182167 0.05440827226839175 0.04923475056496182
0.011540268809252109 0.01932029526849953 0.02710032172774695 0.03488034818699437 0.04266037464624179 0.05044040110548921 0.0582204275647499 0.06600045402399732 0.07378048048324475 0.08156050694249216 0.08934053340173959 0.08960007516845984 0.08182004870921132 0.0740400222499628 0.06625999579071427 0.05847996933146574 0.05069994287221722 0.04291991641296869 0.035139889953720166 0.027359863494458375 0.01957983703520985 0.011799810575961328 0.004019784116712791 0.0 0.0 0.0 0.0 0.0 0.0 0.0 0.0 0.0 0.0 0.0 0.0 0.0026372141901419965 0.008093670005837258 0.013550125821532522 0.019006581637227783 0.024463037452923046 0.02991949326861831 0.035375949084313574 0.040832404900008834 0.046288860715704094 0.05174531653139936 0.05720177234710393 0.06265822816279919 0.06634761862491124 0.06814797624770735 0.06994833387050345 0.07174869149329956 0.07354904911609565 0.07534940673889176 0.07714976436168786 0.07895012198448396 0.08075047960728006 0.08255083723007617 0.08435119485287226 0.08615155247567144 0.08357439824742012 0.07631758480892901 0.06906077137043791
0.010185245970186569 0.01705176567191699 0.023918285373647413 0.03078480507537783 0.03765132477710825 0.04451784447883868 0.0513843641805808 0.05825088388231123 0.06511740358404165 0.07198392328577206 0.07885044298750249 0.0790795101589243 0.0722129904571929 0.0653464707554615 0.058479951053730106 0.05161343135199871 0.04474691165026731 0.037880391948535916 0.03101387224680452 0.02414735254506141 0.017280832843330013 0.010414313141598616 0.0035477934398672195 0.0 0.0 0.0 0.0 0.0 0.0 0.0 0.0 0.0 0.0 0.0 0.0 0.0033943077233403993 0.010417207185398443 0.017440106647456488 0.024463006109514532 0.031485905571572576 0.03850880503363062 0.04553170449568866 0.05255460395774671 0.05957750341980475 0.0666004028818628 0.07362330234393281 0.08064620180599086 0.08539474539671495 0.08771195110820952 0.0900291568197041 0.09234636253119867 0.09466356824269324 0.09698077395418782 0.09929797966568239 0.10161518537717697 0.10393239108867154 0.10624959680016612 0.10856680251166069 0.11088400822315922 0.10756700252301857 0.09822689734946628 0.088886792175914
0.00883022313112103 0.014783236075334452 0.020736249019547872 0.026689261963761295 0.032642274907974715 0.03859528785218814 0.04454830079641171 0.05050131374062514 0.05645432668483855 0.062407339629051976 0.06836035257326539 0.06855894514938875 0.06260593220517448 0.056652919260960215 0.050699906316745945 0.044746893372531675 0.038793880428317405 0.03284086748410314 0.026887854539888872 0.02093484159566445 0.014981828651450181 0.009028815707235911 0.0030758027630216483 0.0 0.0 0.0 0.0 0.0 0.0 0.0 0.0 0.0 0.0 0.0 0.0 0.004151401256538802 0.012740744364959629 0.021330087473380454 0.02991943058180128 0.038508773690222105 0.04709811679864293 0.05568745990706376 0.0642768030154846 0.07286614612390542 0.08145548923232623 0.09004483234076172 0.09863417544918254 0.10444187216851865 0.10727592596871169 0.11010997976890474 0.1129440335690978 0.11577808736929084 0.11861214116948388 0.12144619496967693 0.12428024876986998 0.127114302570063 0.12994835637025606 0.13278241017044912 0.135616463970647 0.131559606798617 0.12013620989000355 0.10871281298139007
0.007475200292055489 0.01251470647875191 0.01755421266544833 0.022593718852144753 0.027633225038841174 0.0326727312255376 0.03771223741224261 0.04275174359893903 0.04779124978563545 0.052830755972331875 0.057870262159028296 0.05803838013985319 0.052998873953156056 0.04795936776645891 0.04291986157976178 0.03788035539306464 0.0328408492063675 0.027801343019670362 0.022761836832973226 0.017722330646267492 0.01268282445957035 0.007643318272873213 0.002603812086176077 0.0 0.0 0.0 0.0 0.0 0.0 0.0 0.0 0.0 0.0 0.0 0.0 0.0049084947897372055 0.015064281544520813 0.02522006829930442 0.03537585505408803 0.045531641808871634 0.055687428563655245 0.06584321531843886 0.07599900207322247 0.08615478882800606 0.09631057558278967 0.1064663623375906 0.11662214909237421 0.12348899894032235 0.12683990082921387 0.13019080271810538 0.1335417046069969 0.1368926064958884 0.14024350838477995 0.14359441027367148 0.14694531216256299 0.1502962140514545 0.15364711594034602 0.15699801782923756 0.16034891971813478 0.15555221107421546 0.1420455224305408 0.12853883378686615
0.006120177452989949 0.01024617688216937 0.014372176311348793 0.018498175740528214 0.022624175169707637 0.026750174598887056 0.030876174028073515 0.035002173457252934 0.03912817288643236 0.04325417231561178 0.0473801717447912 0.04751781513031764 0.04339181570113763 0.03926581627195762 0.035139816842777616 0.031013817413597603 0.026887817984417594 0.022761818555237588 0.01863581912605758 0.014509819696870534 0.010383820267690524 0.006257820838510515 0.002131821409330506 0.0 0.0 0.0 0.0 0.0 0.0 0.0 0.0 0.0 0.0 0.0 0.0 0.005665588322935609 0.017387818724082002 0.029110049125228393 0.04083227952637478 0.05255450992752118 0.06427674032866756 0.07599897072981396 0.08772120113096035 0.09944343153210673 0.11116566193325313 0.12288789233441952 0.1346101227355659 0.14253612571212604 0.14640387568971602 0.15027162566730604 0.15413937564489602 0.158007125622486 0.161874875600076 0.16574262557766598 0.169610375555256 0.17347812553284597 0.17734587551043596 0.18121362548802594 0.18508137546562253 0.17954481534981387 0.16395483497107805 0.14836485459234222
0.004765154613923254 0.007977647285584899 0.011190139957246542 0.014402632628908186 0.01761512530056983 0.020827617972231476 0.024040110643898598 0.02725260331556024 0.030465095987221885 0.033677588658883525 0.03689008133054517 0.036997250120773116 0.03378475744911102 0.030572264777448916 0.027359772105786814 0.024147279434124716 0.020934786762462614 0.017722294090800516 0.014509801419138414 0.011297308747470834 0.008084816075808736 0.004872323404146638 0.0016598307324845324 0.0 0.0 0.0 0.0 0.0 0.0 0.0 0.0 0.0 0.0 0.0 0.0 0.006422681856134657 0.019711355903645162 0.03300002995115567 0.04628870399866618 0.05957737804617669 0.0728660520936872 0.0861547261411977 0.0994434001887082 0.11273207423621871 0.12602074828372922 0.1393094223312624 0.1525980963787729 0.16158325248394598 0.16596785055023489 0.1703524486165238 0.17473704668281267 0.17912164474910158 0.1835062428153905 0.1878908408816794 0.1922754389479683 0.19666003701425722 0.2010446350805461 0.205429233146835 0.2098138312131314 0.20353741962543279 0.185864147511634 0.1681908753978352
0.0034101317748577143 0.005709117689002358 0.008008103603147002 0.010307089517291647 0.01260607543143629 0.014905061345580934 0.0172040472597295 0.019503033173874144 0.02180201908801879 0.02410100500216343 0.026399990916308076 0.026476685111237564 0.024177699197092593 0.021878713282947625 0.019579727368802653 0.017280741454657682 0.01498175554051271 0.01268276962636774 0.010383783712222771 0.008084797798073879 0.005785811883928908 0.003486825969783936 0.0011878400556389647 0.0 0.0 0.0 0.0 0.0 0.0 0.0 0.0 0.0 0.0 0.0 0.0 0.007179775389333061 0.022034893083206355 0.036890010777079645 0.05174512847095294 0.06660024616482622 0.08145536385869952 0.09631048155257281 0.1111655992464461 0.1260207169403194 0.1408758346341927 0.1557309523280913 0.1705860700219646 0.1806303792557497 0.18553182541073707 0.19043327156572445 0.19533471772071181 0.2002361638756992 0.20513761003068656 0.21003905618567395 0.2149405023406613 0.2198419484956487 0.22474339465063609 0.22964484080562345 0.2345462869606192 0.22753002390103122 0.20777346005217126 0.1880168962033113
0.0020551089357921746 0.0034405880924198197 0.004826067249047464 0.006211546405675109 0.007597025562302754 0.008982504718930398 0.010367983875560406 0.011753463032188051 0.013138942188815696 0.014524421345443341 0.015909900502070987 0.015956120101702016 0.014570640945074174 0.013185161788446332 0.01179968263181849 0.010414203475190648 0.009028724318562806 0.007643245161934965 0.006257766005307124 0.004872286848676919 0.0034868076920490775 0.0021013285354212364 0.0007158493787933935 0.0 0.0 0.0 0.0 0.0 0.0 0.0 0.0 0.0 0.0 0.0 0.0 0.007936868922531464 0.024358430262767537 0.040779991603003614 0.057201552943239684 0.07362311428347576 0.09004467562371184 0.1064662369639479 0.12288779830418398 0.13930935964442007 0.15573092098465613 0.1721524823249202 0.1885740436651563 0.1996775060275534 0.20509580027123925 0.2105140945149251 0.21593238875861093 0.2213506830022968 0.22676897724598263 0.23218727148966847 0.23760556573335434 0.24302385997704018 0.24844215422072602 0.25386044846441186 0.25927874270810697 0.2515226281766297 0.22968277259270853 0.20784291700878738
0.0007000860967266343 0.0011720584958372793 0.0016440308949479245 0.0021160032940585696 0.0025879756931692145 0.0030599480922798594 0.003531920491391309 0.0040038928905019545 0.004475865289612599 0.004947837688723244 0.005419810087833889 0.005435555092166462 0.004963582693055749 0.004491610293945038 0.004019637894834325 0.0035476654957236134 0.0030756930966129013 0.002603720697502189 0.002131748298391477 0.00165977589927996 0.0011878035001692483 0.0007158311010585358 0.0002438587019478241 0.0 0.0 0.0 0.0 0.0 0.0 0.0 0.0 0.0 0.0 0.0 0.0 0.008693962455729868 0.026681967442328723 0.04466997242892758 0.06265797741552644 0.0806459824021253 0.09863398738872416 0.11662199237532302 0.13460999736192186 0.15259800234852072 0.17058600733511958 0.1885740123217491 0.20656201730834797 0.2187246327993571 0.22465977513174143 0.23059491746412575 0.23653005979651007 0.24246520212889439 0.2484003444612787 0.254335486793663 0.2602706291260473 0.26620577145843166 0.27214091379081595 0.2780760561232003 0.28401119845559475 0.27551523245222814 0.2515920851332458 0.22766893781426345
0.0 0.0 0.0 0.0 0.0 0.0 0.0 0.0 0.0 0.0 0.0 0.00046585811760775853 0.0014297290991803278 0.002393600080752897 0.0033574710623254663 0.004321342043898036 0.005285213025470605 0.0062490840070431744 0.007212954988615744 0.008176825970189957 0.009140696951762527 0.010104567933335095 0.011068438914907665 0.011407801285198617 0.011079549824332265 0.010751298363465911 0.01042304690259956 0.010094795441733206 0.009766543980866852 0.0094382925200005 0.009110041059134147 0.008781789598267795 0.00845353813740088 0.008125286676534529 0.007797035215668175 0.016039415434637605 0.03344399479518588 0.050848574155734155 0.06825315351628243 0.0856577328768307 0.10306231223737898 0.12046689159792726 0.13787147095847552 0.1552760503190238 0.17268062967957207 0.19008520904015003 0.2074897884006983 0.21935928297047988 0.22531164667865838 0.2312640103868369 0.23721637409501542 0.24316873780319392 0.24912110151137246 0.255073465219551 0.26102582892772946 0.266978192635908 0.27293055634408653 0.278882920052265 0.2848352837604537 0.2763146659096528 0.2523221033202207 0.22832954073078865
0.0 0.0 0.0 0.0 0.0 0.0 0.0 0.0 0.0 0.0 0.0 0.0014296891997799869 0.004387748489187734 0.007345807778595482 0.01030386706800323 0.013261926357410976 0.016219985646818723 0.019178044936226473 0.02213610422563422 0.02509416351504701 0.028052222804454758 0.031010282093862508 0.033968341383270255 0.0350098231075948 0.034002440063970844 0.0329950570203469 0.03198767397672295 0.030980290933098995 0.029972907889475046 0.028965524845851097 0.027958141802227145 0.026950758758603196 0.025943375714977526 0.02493599267135358 0.02392860962772963 0.03042740939500084 0.04495048838410827 0.0594735673732157 0.07399664636232313 0.08851972535143056 0.10304280434053799 0.11756588332964542 0.13208896231875283 0.14661204130786026 0.1611351202969677 0.1756581992860999 0.19018127827520734 0.20031215619866805 0.20574767181814788 0.21118318743762768 0.2166187030571075 0.22205421867658734 0.22748973429606717 0.23292524991554697 0.2383607655350268 0.24379628115450663 0.24923179677398644 0.2546673123934663 0.26010282801295537 0.25232206163404414 0.2304127907796741 0.2085035199253041
0.0 0.0 0.0 0.0 0.0 0.0 0.0 0.0 0.0 0.0 0.0 0.0023935202819518053 0.007345767879193883 0.01229801547643596 0.017250263073678038 0.022202510670920116 0.02715475826816219 0.03210700586540427 0.037059253462646345 0.04201150105989687 0.04696374865713895 0.05191599625438103 0.056868243851623104 0.05861184492998093 0.05692533030359967 0.05523881567721841 0.05355230105083716 0.0518657864244559 0.05017927179807464 0.04849275717169338 0.04680624254531213 0.04511972791893087 0.043433213292546735 0.041746698666165476 0.040060184039784216 0.04481540335535795 0.05645698197302576 0.06809856059069358 0.07974013920836139 0.09138171782602919 0.10302329644369701 0.11466487506136482 0.12630645367903265 0.13794803229670044 0.14958961091436823 0.1612311895320559 0.17287276814972372 0.18126502942686434 0.1861836969576457 0.19110236448842705 0.1960210320192084 0.20093969954998975 0.2058583670807711 0.21077703461155245 0.2156957021423338 0.22061436967311515 0.2255330372038965 0.23045170473467785 0.2353703722654676 0.22832945735844568 0.20850347823913684 0.18867749911982803
