Figures/CREST_Example_wjb_NSE/Rolling_result/20100722/BJP_forecast/ens_44/wjb.rain.20100618.asc
ncols            288
nrows            254
xllcorner        113.274861
yllcorner        31.4918055
cellsize         0.008333333333
NODATA_value     -9999
[rows 160 to 179 of 254, columns 132 to 175 of 288]
0.0 0.0 0.0 0.0 0.0 0.0 0.0 0.0 0.0 0.0 0.0 0.0 0.0 0.0 0.0 0.0 0.0 0.0 0.0 0.0 0.0 0.0 0.0 0.0 0.0 0.0 0.0 0.008963590243572033 0.027509461222453152 0.04605533220133427 0.0646012031802154 0.08314707415909652 0.10169294513797764 0.12023881611685876 0.13878468709573988 0.15733055807462099 0.17587642905350212 0.19442230003241487 0.21296817101129598 0.22255045175552368 0.22255045175552368 0.22255045175552368 0.22255045175552368 0.22255045175552368
0.0 0.0 0.0 0.0 0.0 0.0 0.0 0.0 0.0 0.0 0.0 0.0 0.0 0.0 0.0 0.0 0.0 0.0 0.0 0.0 0.0 0.0 0.0 0.0 0.0 0.0 0.0 0.008963590243572033 0.027509461222453152 0.04605533220133427 0.0646012031802154 0.08314707415909652 0.10169294513797764 0.12023881611685876 0.13878468709573988 0.15733055807462099 0.17587642905350212 0.19442230003241487 0.21296817101129598 0.22255045175552368 0.22255045175552368 0.22255045175552368 0.22255045175552368 0.22255045175552368
0.0 0.0 0.0 0.0 0.0 0.0 0.0 0.0 0.0 0.0 0.0 0.0 0.0 0.0 0.0 0.0 0.0 0.0 0.0 0.0 0.0 0.0 0.0 0.0 0.0 0.0 0.0 0.008963590243572033 0.027509461222453152 0.04605533220133427 0.0646012031802154 0.08314707415909652 0.10169294513797764 0.12023881611685876 0.13878468709573988 0.15733055807462099 0.17587642905350212 0.19442230003241487 0.21296817101129598 0.22255045175552368 0.22255045175552368 0.22255045175552368 0.22255045175552368 0.22255045175552368
0.0 0.0 0.0 0.0 0.0 0.0 0.0 0.0 0.0 0.0 0.0 0.0 0.0 0.0 0.0 0.0 0.0 0.0 0.0 0.0 0.0 0.0 0.0 0.0 0.0 0.0 0.0 0.008963590243572033 0.027509461222453152 0.04605533220133427 0.0646012031802154 0.08314707415909652 0.10169294513797764 0.12023881611685876 0.13878468709573988 0.15733055807462099 0.17587642905350212 0.19442230003241487 0.21296817101129598 0.22255045175552368 0.22255045175552368 0.22255045175552368 0.22255045175552368 0.22255045175552368
0.0 0.0 0.0 0.0 0.0 0.0 0.0 0.0 0.0 0.0 0.0 0.0 0.0 0.0 0.0 0.0 0.0 0.0 0.0 0.0 0.0 0.0 0.0 0.0 0.0 0.0 0.0 0.008963590243572033 0.027509461222453152 0.04605533220133427 0.0646012031802154 0.08314707415909652 0.10169294513797764 0.12023881611685876 0.13878468709573988 0.15733055807462099 0.17587642905350212 0.19442230003241487 0.21296817101129598 0.22255045175552368 0.22255045175552368 0.22255045175552368 0.22255045175552368 0.22255045175552368
0.0 0.0 0.0 0.0 0.0 0.0 0.0 0.0 0.0 0.0 0.0 0.0 0.0 0.0 0.0 0.0 0.0 0.0 0.0 0.0 0.0 0.0 0.0 0.0 0.0 0.0 0.0 0.008963590243572033 0.027509461222453152 0.04605533220133427 0.0646012031802154 0.08314707415909652 0.10169294513797764 0.12023881611685876 0.13878468709573988 0.15733055807462099 0.17587642905350212 0.19442230003241487 0.21296817101129598 0.22255045175552368 0.22255045175552368 0.22255045175552368 0.22255045175552368 0.22255045175552368
0.0 0.0 0.0 0.0 0.0 0.0 0.0 0.0 0.0 0.0 0.0 0.0 0.0 0.0 0.0 0.0 0.0 0.0 0.0 0.0 0.0 0.0 0.0 0.0 0.0 0.0 0.0 0.008963590243572033 0.027509461222453152 0.04605533220133427 0.0646012031802154 0.08314707415909652 0.10169294513797764 0.12023881611685876 0.13878468709573988 0.15733055807462099 0.17587642905350212 0.19442230003241487 0.21296817101129598 0.22255045175552368 0.22255045175552368 0.22255045175552368 0.22255045175552368 0.22255045175552368
0.0 0.0 0.0 0.0 0.0 0.0 0.0 0.0 0.0 0.0 0.0 0.0 0.0 0.0 0.0 0.0 0.0 0.0 0.0 0.0 0.0 0.0 0.0 0.0 0.0 0.0 0.0 0.008963590243572033 0.027509461222453152 0.04605533220133427 0.0646012031802154 0.08314707415909652 0.10169294513797764 0.12023881611685876 0.13878468709573988 0.15733055807462099 0.17587642905350212 0.19442230003241487 0.21296817101129598 0.22255045175552368 0.22255045175552368 0.22255045175552368 0.22255045175552368 0.22255045175552368
0.0 0.0 0.0 0.0 0.0 0.0 0.0 0.0 0.0 0.0 0.0 0.0 0.0 0.0 0.0 0.0 0.0 0.0 0.0 0.0 0.0 0.0 0.0 0.0 0.0 0.0 0.0 0.008963590243572033 0.027509461222453152 0.04605533220133427 0.0646012031802154 0.08314707415909652 0.10169294513797764 0.12023881611685876 0.13878468709573988 0.15733055807462099 0.17587642905350212 0.19442230003241487 0.21296817101129598 0.22255045175552368 0.22255045175552368 0.22255045175552368 0.22255045175552368 0.22255045175552368
0.0 0.0 0.0 4.980258941411822e-05 0.00015284527328951095 0.00025588795716490365 0.0003589306410402964 0.0004619733249156891 0.0005650160087910818 0.0006680586926664745 0.0007711013765418673 0.0008741440604174357 0.0009771867442928284 0.0010802294281682212 0.001183272112043614 0.0012365122065542654 0.0012365122065542654 0.0012365122065542654 0.0012365122065542654 0.0012365122065542654 0.0012365122065542654 0.0012365122065542654 0.0012365122065542654 0.0012365122065542654 0.0012365122065542654 0.0012365122065542654 0.0012365122065542654 0.010584024135846542 0.02992423776715627 0.049264451398466 0.06860466502977573 0.08794487866108545 0.10728509229239519 0.1266253059237049 0.14596551955501463 0.16530573318632436 0.1846459468176341 0.2039861604489768 0.22332637408028652 0.2333190757916046 0.2333190757916046 0.2333190757916046 0.2333190757916046 0.2333190757916046
0.0 0.0 0.0 0.00015284100763714796 0.00046907250922020605 0.0007853040108032642 0.0011015355123863222 0.0014177670139693805 0.0017339985155524385 0.0020502300171354967 0.002366461518718555 0.002682693020302152 0.0029989245218852104 0.0033151560234682682 0.0036313875250513264 0.0037947780191487715 0.0037947780191487715 0.0037947780191487715 0.0037947780191487715 0.0037947780191487715 0.0037947780191487715 0.0037947780191487715 0.0037947780191487715 0.0037947780191487715 0.0037947780191487715 0.0037947780191487715 0.0037947780191487715 0.013936599715935164 0.0349202582242321 0.05590391673252903 0.07688757524082596 0.09787123374912288 0.11885489225741983 0.13983855076571675 0.16082220927401367 0.18180586778231062 0.20278952629060754 0.22377318479894026 0.24475684330723718 0.2555986801288387 0.2555986801288387 0.2555986801288387 0.2555986801288387 0.2555986801288387
0.0 0.0 0.0 0.00025587942586008963 0.000785299745150631 0.0013147200644411724 0.0018441403837317137 0.0023735607030222552 0.0029029810223127964 0.003432401341603338 0.0039618216608938795 0.0044912419801853235 0.005020662299475865 0.005550082618766407 0.006079502938056948 0.006353043831741092 0.006353043831741092 0.006353043831741092 0.006353043831741092 0.006353043831741092 0.006353043831741092 0.006353043831741092 0.006353043831741092 0.006353043831741092 0.006353043831741092 0.006353043831741092 0.006353043831741092 0.017289175296020923 0.03991627868130365 0.06254338206658638 0.08517048545186913 0.10779758883715186 0.13042469222243458 0.1530517956077173 0.17567889899300004 0.19830600237828278 0.2209331057635655 0.24356020914888685 0.26618731253416955 0.2778782844660537 0.2778782844660537 0.2778782844660537 0.2778782844660537 0.2778782844660537
0.0 0.0 0.0 0.0003589178440830315 0.0011015269810810565 0.0018441361180790814 0.0025867452550771062 0.003329354392075131 0.0040719635290731564 0.004814572666071181 0.005557181803069206 0.006299790940068497 0.007042400077066522 0.007785009214064547 0.008527618351062572 0.008911309644333416 0.008911309644333416 0.008911309644333416 0.008911309644333416 0.008911309644333416 0.008911309644333416 0.008911309644333416 0.008911309644333416 0.008911309644333416 0.008911309644333416 0.008911309644333416 0.008911309644333416 0.020641750876106684 0.04491229913837522 0.06918284740064375 0.09345339566291228 0.11772394392518082 0.14199449218744936 0.1662650404497179 0.19053558871198642 0.21480613697425496 0.2390766852365235 0.2633472334988334 0.2876177817611019 0.30015788880326877 0.30015788880326877 0.30015788880326877 0.30015788880326877 0.30015788880326877
0.0 0.0 0.0 0.0004619562623059733 0.0014177542170114817 0.00237355217171699 0.0033293501264224984 0.004285148081128007 0.005240946035833515 0.006196743990539023 0.007152541945244532 0.00810833989995167 0.009064137854657178 0.010019935809362687 0.010975733764068196 0.01146957545692574 0.01146957545692574 0.01146957545692574 0.01146957545692574 0.01146957545692574 0.01146957545692574 0.01146957545692574 0.01146957545692574 0.01146957545692574 0.01146957545692574 0.01146957545692574 0.01146957545692574 0.023994326456192448 0.04990831959544678 0.07582231273470112 0.10173630587395545 0.1276502990132098 0.15356429215246412 0.17947828529171844 0.20539227843097277 0.2313062715702271 0.25722026470948145 0.28313425784878 0.3090482509880343 0.32243749314048387 0.32243749314048387 0.32243749314048387 0.32243749314048387 0.32243749314048387
0.0 0.0 0.0 0.000564994680528915 0.0017339814529419065 0.002902968225354898 0.00407195499776789 0.005240941770180882 0.006409928542593873 0.007578915315006865 0.008747902087419856 0.009916888859834841 0.011085875632247832 0.012254862404660824 0.013423849177073816 0.01402784126951806 0.01402784126951806 0.01402784126951806 0.01402784126951806 0.01402784126951806 0.01402784126951806 0.01402784126951806 0.01402784126951806 0.01402784126951806 0.01402784126951806 0.01402784126951806 0.01402784126951806 0.027346902036278205 0.05490434005251834 0.08246177806875847 0.11001921608499861 0.13757665410123876 0.16513409211747887 0.192691530133719 0.22024896814995915 0.24780640616619928 0.2753638441824394 0.30292128219872655 0.33047872021496666 0.3447170974776989 0.3447170974776989 0.3447170974776989 0.3447170974776989 0.3447170974776989
0.0 0.0 0.0 0.0006680330987518568 0.002050208688872332 0.003432384278992807 0.004814559869113282 0.006196735459233757 0.007578911049354232 0.008961086639474708 0.010343262229595182 0.011725437819718014 0.01310761340983849 0.014489788999958965 0.01587196459007944 0.016586107082110384 0.016586107082110384 0.016586107082110384 0.016586107082110384 0.016586107082110384 0.016586107082110384 0.016586107082110384 0.016586107082110384 0.016586107082110384 0.016586107082110384 0.016586107082110384 0.016586107082110384 0.030699477616363966 0.0599003605095899 0.08910124340281583 0.11830212629604175 0.1475030091892677 0.17670389208249362 0.20590477497571957 0.2351056578689455 0.2643065407621714 0.29350742365539734 0.3227083065486731 0.35190918944189903 0.36699670181491395 0.36699670181491395 0.36699670181491395 0.36699670181491395 0.36699670181491395
0.0 0.0 0.0 0.0007710715169748864 0.0023664359248030268 0.003961800332631167 0.0055571647404593074 0.007152529148287447 0.008747893556115587 0.010343257963943728 0.011938622371771868 0.01353398677960273 0.015129351187430869 0.01672471559525901 0.01832008000308715 0.019144372894704886 0.019144372894704886 0.019144372894704886 0.019144372894704886 0.019144372894704886 0.019144372894704886 0.019144372894704886 0.019144372894704886 0.019144372894704886 0.019144372894704886 0.019144372894704886 0.019144372894704886 0.03405205319645259 0.06489638096666572 0.09574070873687887 0.12658503650709202 0.15742936427730514 0.1882736920475183 0.21911801981773144 0.24996234758794456 0.2808066753581577 0.31165100312837085 0.3424953308986366 0.3733396586688497 0.38927630615214803 0.38927630615214803 0.38927630615214803 0.38927630615214803 0.38927630615214803
0.0 0.0 0.0 0.0008741099351978282 0.0026826631607334522 0.004491216386269076 0.0062997696118047 0.008108322837340323 0.009916876062875947 0.011725429288411571 0.013533982513947196 0.015342535739485902 0.017151088965021526 0.01895964219055715 0.020768195416092775 0.02170263870729721 0.02170263870729721 0.02170263870729721 0.02170263870729721 0.02170263870729721 0.02170263870729721 0.02170263870729721 0.02170263870729721 0.02170263870729721 0.02170263870729721 0.02170263870729721 0.02170263870729721 0.03740462877653834 0.06989240142373729 0.10238017407093622 0.13486794671813515 0.1673557193653341 0.19984349201253304 0.23233126465973197 0.2648190373069309 0.29730680995412984 0.32979458260132877 0.3622823552485831 0.39477012789578203 0.4115559104893631 0.4115559104893631 0.4115559104893631 0.4115559104893631 0.4115559104893631
0.0 0.0 0.0 0.00097714835342077 0.0029988903966638772 0.005020632439906985 0.007042374483150092 0.009064116526393199 0.011085858569636307 0.013107600612879414 0.015129342656122521 0.017151084699369077 0.019172826742612184 0.02119456878585529 0.023216310829098398 0.024260904519889534 0.024260904519889534 0.024260904519889534 0.024260904519889534 0.024260904519889534 0.024260904519889534 0.024260904519889534 0.024260904519889534 0.024260904519889534 0.024260904519889534 0.024260904519889534 0.024260904519889534 0.04075720435662411 0.07488842188080885 0.10901963940499358 0.14315085692917834 0.17728207445336308 0.21141329197754777 0.2455445095017325 0.2796757270259173 0.313806944550102 0.34793816207428674 0.3820693795985297 0.41620059712271446 0.4338355148265782 0.4338355148265782 0.4338355148265782 0.4338355148265782 0.4338355148265782
0.0 0.0 0.0 0.001080186771643712 0.0033151176325943027 0.0055500484935448935 0.007784979354495484 0.010019910215446076 0.012254841076396666 0.014489771937347257 0.01672470279829785 0.01895963365925225 0.02119456452020284 0.023429495381153433 0.02566442624210402 0.026819170332481858 0.026819170332481858 0.026819170332481858 0.026819170332481858 0.026819170332481858 0.026819170332481858 0.026819170332481858 0.026819170332481858 0.026819170332481858 0.026819170332481858 0.026819170332481858 0.026819170332481858 0.04410977993670987 0.07988444233788042 0.11565910473905094 0.1514337671402215 0.18720842954139202 0.22298309194256255 0.2587577543437331 0.29453241674490366 0.3303070791460742 0.3660817415472447 0.40185640394847627 0.4376310663496468 0.4561151191637932 0.4561151191637932 0.4561151191637932 0.4561151191637932 0.4561151191637932
