Figures/CREST_Example_wjb_NSE/Rolling_result/20100722/BJP_forecast/ens_6/wjb.rain.20100723.asc
ncols            288
nrows            254
xllcorner        113.274861
yllcorner        31.4918055
cellsize         0.008333333333
NODATA_value     -9999
[rows 120 to 139 of 254, columns 180 to 224 of 288]
0.018059310351747015 0.018256239283823538 0.018453168215900397 0.022085310490565717 0.02938977355036788 0.036694236610170045 0.043998699669972205 0.051303162729774365 0.058607625789576526 0.0659120888493787 0.07321655190918086 0.08052101496898302 0.08782547802878518 0.09512994108858734 0.1024344041483895 0.1101358077240162 0.11826154969265384 0.12638729166129148 0.13451303362992914 0.14263877559856677 0.15076451756720444 0.15889025953584207 0.1670160015044797 0.17514174347311734 0.183267485441755 0.19139322741039266 0.1995189693790303 0.20183350258185306 0.19793572211113722 0.19403794164042804 0.19014016116971882 0.18624238069900964 0.18234460022830046 0.17844681975759125 0.17454903928688206 0.17065125881617288 0.16675347834546367 0.16285569787475448 0.1589579174040453 0.15062283060817414 0.13754416292900906 0.12446549524982164 0.11138682757065657 0.09830815989149147 0.08522949221232638
0.0 0.0 0.0 0.00459073718433683 0.014089076284435885 0.02358741538453494 0.033085754484633995 0.04258409358473305 0.052082432684832106 0.06158077178493116 0.07107911088503022 0.08057744998512927 0.09007578908522833 0.09957412818532738 0.10907246728542644 0.11849959372685438 0.1278505922247921 0.1372015907227298 0.14655258922066752 0.15590358771860524 0.16525458621654293 0.17460558471448065 0.18395658321241837 0.19330758171035606 0.20265858020829378 0.2120095787062315 0.22136057720416918 0.2241548394786945 0.21993980235683563 0.21572476523498393 0.21150972811313226 0.20729469099128056 0.2030796538694289 0.1988646167475772 0.19464957962572552 0.19043454250387382 0.18621950538202214 0.18200446826017047 0.17778943113831877 0.16887486275490535 0.1549363890967141 0.14099791543849904 0.12705944178030776 0.11312096812211647 0.09918249446392519
0.0 0.0 0.0 0.004840147600216684 0.014854522493696886 0.024868897387177086 0.03488327228065729 0.04489764717413749 0.05491202206761769 0.06492639696109789 0.07494077185457809 0.08495514674805829 0.09496952164153849 0.10498389653501869 0.11499827142849889 0.1255516496945782 0.13668123476202407 0.14781081982946995 0.1589404048969158 0.17006998996436168 0.18119957503180756 0.19232916009925344 0.20345874516669932 0.2145883302341452 0.22571791530159105 0.23684750036903693 0.2479770854364828 0.25154842652726783 0.24703983377014857 0.24253124101303702 0.23802264825592548 0.23351405549881393 0.22900546274170236 0.2244968699845908 0.21998827722747927 0.21547968447036772 0.21097109171325618 0.20646249895614463 0.20195390619903308 0.19261630593944157 0.1781163873733241 0.16361646880718192 0.1491165502410645 0.13461663167494703 0.12011671310882958
0.0 0.0 0.0 0.005089558016096537 0.015619968702957883 0.026150379389819227 0.03668079007668057 0.04721120076354192 0.05774161145040326 0.0682720221372646 0.07880243282412595 0.0893328435109873 0.09986325419784864 0.11039366488470999 0.12092407557157134 0.13260370566230198 0.14551187729925602 0.15842004893621006 0.1713282205731641 0.18423639221011814 0.19714456384707219 0.21005273548402623 0.22296090712098027 0.23586907875793434 0.24877725039488835 0.2616854220318424 0.27459359366879643 0.27894201357584114 0.2741398651834615 0.2693377167910901 0.2645355683987187 0.2597334200063473 0.2549312716139759 0.25012912322160447 0.24532697482923305 0.24052482643686166 0.23572267804449024 0.23092052965211884 0.22611838125974743 0.21635774912397782 0.20129638564993418 0.18623502217586488 0.17117365870182125 0.15611229522777764 0.141050931753734
0.0 0.0 0.0 0.005338968431976605 0.016385414912219537 0.02743186139246247 0.038478307872705404 0.049524754352948334 0.06057120083319127 0.0716176473134342 0.08266409379367713 0.09371054027392008 0.104756986754163 0.11580343323440594 0.12684987971464887 0.13965576163003182 0.15434251983649555 0.16902927804295925 0.18371603624942298 0.1984027944558867 0.2130895526623504 0.2277763108688141 0.24246306907527784 0.25714982728174157 0.2718365854882053 0.286523343694669 0.30121010190113273 0.3063356006244377 0.3012398965967975 0.296144192569166 0.2910484885415345 0.285952784513903 0.28085708048627145 0.27576137645863996 0.2706656724310084 0.2655699684033769 0.2604742643757454 0.2553785603481139 0.25028285632048236 0.24009919230853427 0.224476383926564 0.2088535755445671 0.19323076716259682 0.17760795878062655 0.16198515039865627
0.0 0.0 0.0 0.005588378847856459 0.017150861121480537 0.028713343395104618 0.0402758256687287 0.05183830794235277 0.06340079021597686 0.07496327248960094 0.08652575476322501 0.09808823703684909 0.10965071931047317 0.12121320158409725 0.13277568385772132 0.1467078175977556 0.1631731623737275 0.17963850714969937 0.19610385192567126 0.21256919670164315 0.22903454147761504 0.24549988625358693 0.2619652310295588 0.27843057580553066 0.29489592058150255 0.31136126535747444 0.32782661013344633 0.333729187673011 0.32833992801011047 0.3229506683472191 0.3175614086843277 0.3121721490214363 0.306782889358545 0.3013936296956536 0.2960043700327622 0.2906151103698708 0.2852258507069795 0.2798365910440881 0.2744473313811967 0.2638406354930705 0.24765638220317404 0.23147212891325 0.21528787562335355 0.19910362233345713 0.18291936904356065
0.0 0.0 0.0 0.005837789263736313 0.017916307330741534 0.02999482539774676 0.04207334346475198 0.0541518615317572 0.06623037959876243 0.07830889766576765 0.09038741573277287 0.1024659337997781 0.11454445186678332 0.12662296993378855 0.13870148800079377 0.1537598735654794 0.17200380491095946 0.1902477362564395 0.20849166760191956 0.22673559894739959 0.24497953029287964 0.2632234616383597 0.2814673929838397 0.2997113243293198 0.3179552556747998 0.33619918702027984 0.3544431183657599 0.3611227747215843 0.35543995942342343 0.34975714412527215 0.3440743288271209 0.3383915135289697 0.33270869823081844 0.3270258829326672 0.321343067634516 0.31566025233636474 0.3099774370382135 0.3042946217400623 0.29861180644191104 0.28758207867760677 0.27083638047978414 0.25409068228193293 0.23734498408411034 0.2205992858862877 0.20385358768846507
0.0 0.0 0.0 0.006087199679616166 0.018681753540002535 0.031276307400388906 0.043870861260775273 0.05646541512116164 0.06905996898154801 0.08165452284193438 0.09424907670232074 0.10684363056270713 0.1194381844230935 0.13203273828347986 0.14462729214386622 0.16081192953320322 0.18083444744819144 0.20085696536317965 0.22087948327816787 0.24090200119315608 0.2609245191081443 0.2809470370231325 0.3009695549381207 0.32099207285310893 0.3410145907680971 0.3610371086830853 0.3810596265980735 0.3885163617701576 0.3825399908367363 0.3765636199033252 0.37058724896991413 0.36461087803650305 0.35863450710309197 0.35265813616968084 0.34668176523626976 0.3407053943028587 0.3347290233694476 0.32875265243603646 0.3227762815026254 0.311323521862143 0.2940163787563942 0.2767092356506159 0.2594020925448671 0.2420949494391183 0.2247878063333695
0.0 0.0 0.0 0.006336610095496021 0.01944719974926354 0.03255778940303106 0.045668379056798575 0.058778968710566086 0.07188955836433361 0.08500014801810113 0.09811073767186863 0.11122132732563615 0.12433191697940367 0.1374425066331712 0.15055309628693872 0.16786398550092704 0.18966508998542342 0.21146619446991977 0.23326729895441614 0.2550684034389125 0.27686950792340886 0.29867061240790527 0.3204717168924016 0.34227282137689796 0.3640739258613943 0.3858750303458907 0.40767613483038706 0.41590994881873083 0.4096400222500492 0.40337009568137827 0.3971001691127073 0.39083024254403637 0.3845603159753654 0.37829038940669446 0.3720204628380235 0.36575053626935256 0.35948060970068163 0.35321068313201065 0.34694075656333967 0.3350649650466792 0.31719637703300424 0.2993277890192988 0.2814592010056238 0.26359061299194886 0.2457220249782739
0.0 0.0 0.0 0.0065860205113758745 0.020212645958524535 0.033839271405673194 0.047465896852821855 0.06109252229997052 0.07471914774711919 0.08834577319426784 0.1019723986414165 0.11559902408856516 0.12922564953571383 0.1428522749828625 0.15647890043001114 0.17491604146865083 0.19849573252265537 0.22207542357665988 0.24565511463066442 0.26923480568466895 0.2928144967386735 0.316394187792678 0.33997387884668256 0.3635535699006871 0.38713326095469164 0.4107129520086962 0.4342926430627007 0.44330353586730414 0.43674005366336216 0.43017657145943133 0.4236130892555005 0.41704960705156974 0.4104861248476389 0.4039226426437081 0.3973591604397773 0.3907956782358465 0.38423219603191566 0.37766871382798484 0.37110523162405407 0.35880640823121546 0.3403763753096143 0.32194634238798175 0.3035163094663806 0.28508627654477947 0.2666562436231783
0.0 0.0 0.0 0.00683543092725573 0.02097809216778554 0.035120753408315344 0.04926341464884516 0.06340607588937497 0.07754873712990477 0.09169139837043458 0.10583405961096438 0.1199767208514942 0.134119382092024 0.14826204333255383 0.16240470457308362 0.18196809743637465 0.20732637505988735 0.23268465268340005 0.2580429303069127 0.28340120793042545 0.3087594855539382 0.33411776317745084 0.3594760408009635 0.38483431842447624 0.41019259604798897 0.4355508736715017 0.4609091512950143 0.47069712291587745 0.46384008507667507 0.4569830472374844 0.4501260093982937 0.4432689715591031 0.43641193371991244 0.42955489588072177 0.4226978580415311 0.4158408202023404 0.40898378236314975 0.4021267445239591 0.3952697066847684 0.3825478514157517 0.3635563735862244 0.3445648957566647 0.32557341792713734 0.3065819400976101 0.28759046226808277
0.0 0.0 0.0 0.007084841343135796 0.021743538377047192 0.036402235410958585 0.051060932444869984 0.06571962947878138 0.08037832651269278 0.09503702354660416 0.10969572058051556 0.12435441761442696 0.13901311464833835 0.15367181168224975 0.16833050871616115 0.18902015340410447 0.21615701759712685 0.2432938817901492 0.2704307459831716 0.297567610176194 0.32470447436921634 0.35184133856223876 0.3789782027552611 0.4061150669482835 0.4332519311413059 0.46038879533432825 0.48752565952735066 0.49809070996447413 0.4909401164900111 0.48378952301556033 0.4766389295411096 0.4694883360666588 0.462337742592208 0.45518714911775726 0.44803655564330647 0.44088596216885567 0.4337353686944049 0.4265847752199541 0.41943418174550334 0.40628929460030816 0.3867363718628542 0.3671834491253669 0.3476305263879129 0.32807760365045896 0.308524680913005
0.0 0.0 0.0 0.00733425175901565 0.02250898458630819 0.03768371741360073 0.052858450240893265 0.0680331830681858 0.08320791589547835 0.09838264872277089 0.11355738155006342 0.12873211437735596 0.1439068472046485 0.15908158003194103 0.17425631285923357 0.19607220937182826 0.2249876601343588 0.25390311089688933 0.2828185616594199 0.3117340124219504 0.34064946318448097 0.3695649139470115 0.39848036470954207 0.4273958154720726 0.4563112662346031 0.48522671699713366 0.5141421677596643 0.5254842970130473 0.5180401479033241 0.5105959987936134 0.5031518496839028 0.4957077005741921 0.48826355146448147 0.48081940235477083 0.47337525324506025 0.4659311041353496 0.45848695502563896 0.4510428059159283 0.4435986568062177 0.4300307377848444 0.40991637013946425 0.38980200249404984 0.3696876348486697 0.3495732672032895 0.3294588995579094
0.009412767182664209 0.00959567493384077 0.009778582685017644 0.01701476271131469 0.0317910503804269 0.04656733804953911 0.06134362571865131 0.07611991338776353 0.09089620105687572 0.10567248872598793 0.12044877639510014 0.13522506406421236 0.15000135173332457 0.16477763940243675 0.17955392707154896 0.20148989601336353 0.23107972623860534 0.2606695564638472 0.290259386689089 0.3198492169143309 0.3494390471395727 0.3790288773648145 0.40861870759005636 0.43820853781529817 0.46779836804054004 0.49738819826578184 0.5269780284910237 0.5385009312197635 0.5307098796150167 0.5229188280102831 0.5151277764055495 0.5073367248008159 0.4995456731960823 0.4917546215913487 0.4839635699866151 0.4761725183818815 0.4683814667771479 0.46059041517241434 0.45279936356768075 0.4392843302572941 0.4196502309628232 0.4000161316683189 0.38038203237384804 0.3607479330793772 0.34111383378490634
0.028887189097718514 0.02944852145547691 0.030009853813236263 0.036776525595423465 0.050176845618504454 0.06357716564158544 0.07697748566466642 0.0903778056877474 0.1037781257108284 0.11717844573390938 0.13057876575699034 0.14397908578007135 0.15737940580315232 0.17077972582623333 0.1841800458493143 0.20516054487671978 0.23424442677731366 0.2633283086779076 0.29241219057850143 0.32149607247909534 0.35057995437968925 0.3796638362802831 0.408747718180877 0.43783160008147093 0.4669154819820648 0.4959993638826587 0.5250832457832526 0.5361495091693316 0.5279545306394888 0.5197595521096601 0.5115645735798314 0.5033695950500027 0.49517461652017397 0.4869796379903452 0.4787846594605165 0.47058968093068776 0.46239470240085906 0.45419972387103036 0.4460047453412016 0.4330513236403814 0.41501101850035393 0.39697071336029566 0.37893040822026824 0.3608901030802407 0.3428497979402133
0.04836161101277282 0.04930136797711305 0.050241124941454884 0.056538288479532246 0.06856264085658201 0.08058699323363178 0.09261134561068154 0.1046356979877313 0.11666005036478107 0.12868440274183085 0.1407087551188806 0.15273310749593036 0.16475745987298013 0.1767818122500299 0.18880616462707966 0.20883119374007603 0.237409127316022 0.265987060891968 0.29456499446791395 0.3231429280438599 0.35172086161980587 0.3802987951957518 0.4088767287716978 0.43745466234764374 0.4660325959235897 0.49461052949953566 0.5231884630754816 0.5337980871188996 0.5251991816639611 0.5166002762090373 0.5080013707541134 0.4994024652991895 0.4908035598442657 0.48220465438934185 0.473605748934418 0.4650068434794941 0.45640793802457025 0.44780903256964644 0.43921012711472257 0.42681831702346873 0.41037180603788465 0.39392529505227253 0.3774787840666884 0.3610322730811043 0.3445857620955202
0.06783603292782711 0.06915421449874917 0.07047239606967348 0.07630005136364099 0.08694843609465953 0.09759682082567808 0.10824520555669663 0.11889359028771518 0.1295419750187337 0.14019035974975227 0.1508387444807708 0.16148712921178937 0.1721355139428079 0.18278389867382644 0.193432283404845 0.2125018426034323 0.2405738278547303 0.2686458131060283 0.29671779835732637 0.32478978360862437 0.3528617688599224 0.38093375411122044 0.40900573936251844 0.43707772461381644 0.4651497098651145 0.4932216951164125 0.5212936803677105 0.5314466650684676 0.5224438326884333 0.5134410003084143 0.5044381679283954 0.4954353355483763 0.48643250316835734 0.47742967078833837 0.4684268384083194 0.45942400602830036 0.4504211736482814 0.4414183412682624 0.4324155088882434 0.42058531040655606 0.40573259357541536 0.3908798767442493 0.3760271599131086 0.36117444308196783 0.34632172625082713
0.08731045484289802 0.08900706102040225 0.09070366719790936 0.09606181424776664 0.10533423133275278 0.11460664841773893 0.12387906550272508 0.13315148258771123 0.14242389967269736 0.15169631675768352 0.1609687338426697 0.17024115092765582 0.17951356801264196 0.18878598509762812 0.19805840218261428 0.21617249146679168 0.24373852839344134 0.271304565320091 0.29887060224674067 0.32643663917339033 0.35400267610004 0.3815687130266896 0.4091347499533393 0.4367007868799889 0.46426682380663864 0.49183286073328825 0.519398897659938 0.5290952430180337 0.5196884837129031 0.5102817244077886 0.5008749651026743 0.4914682057975598 0.4820614464924453 0.47265468718733084 0.4632479278822164 0.45384116857710194 0.4444344092719875 0.43502764996687304 0.42562089066175857 0.4143523037896381 0.4010933811129421 0.3878344584362235 0.3745755357595275 0.36131661308283153 0.34805769040613554
0.10678487675795234 0.10885990754203839 0.11093493832612797 0.11582357713187541 0.12372002657083034 0.13161647600978527 0.1395129254487402 0.14740937488769512 0.15530582432665005 0.16320227376560498 0.17109872320455988 0.17899517264351483 0.18689162208246973 0.1947880715214247 0.2026845209603796 0.2198431403301479 0.24690322893214964 0.2739633175341514 0.3010234061361531 0.32808349473815485 0.3551435833401566 0.3822036719421583 0.40926376054416 0.4363238491461618 0.46338393774816355 0.49044402635016526 0.517504114952167 0.5267438209676018 0.5169331347373753 0.5071224485071658 0.4973117622769562 0.48750107604674664 0.477690389816537 0.4678797035863274 0.4580690173561178 0.44825833112590824 0.43844764489569865 0.42863695866548907 0.4188262724352795 0.40811929717272544 0.3964541686504728 0.3847890401282003 0.37312391160594766 0.36145878308369506 0.34979365456144246
0.12625929867300661 0.1287127540636745 0.13116620945434657 0.13558534001598416 0.14210582180890785 0.14862630360183157 0.1551467853947553 0.161667267187679 0.16818774898060268 0.1747082307735264 0.18122871256645012 0.18774919435937382 0.1942696761522975 0.20079015794522123 0.20731063973814495 0.22351378919350415 0.25006792947085793 0.27662206974821174 0.30317621002556555 0.3297303503029193 0.3562844905802731 0.3828386308576269 0.40939277113498074 0.43594691141233455 0.46250105168968836 0.48905519196704206 0.5156093322443959 0.5243923989171697 0.5141777857618476 0.5039631726065429 0.49374855945123813 0.4835339462959334 0.4733193331406287 0.463104719985324 0.45289010683001923 0.44267549367471454 0.4324608805194098 0.4222462673641051 0.4120316542088004 0.40188629055581276 0.39181495618800355 0.3817436218201771 0.37167228745236786 0.36160095308455864 0.35152961871674937
