Figures/CREST_Example_wjb_NSE/Rolling_result/20100722/BJP_forecast/ens_6/wjb.rain.20091112.asc
ncols            288
nrows            254
xllcorner        113.274861
yllcorner        31.4918055
cellsize         0.008333333333
NODATA_value     -9999
[rows 114 to 132 of 254, columns 0 to 43 of 288]
-9999.0 -9999.0 -9999.0 -9999.0 -9999.0 -9999.0 -9999.0 -9999.0 -9999.0 -9999.0 -9999.0 -9999.0 -9999.0 -9999.0 -9999.0 -9999.0 -9999.0 -9999.0 -9999.0 -9999.0 -9999.0 -9999.0 -9999.0 -9999.0 -9999.0 -9999.0 -9999.0 -9999.0 -9999.0 -9999.0 -9999.0 -9999.0 -9999.0 0.5040784563999992 0.5040784563999992 0.5040784563999992 0.5040784563999992 0.5040784563999992 0.5040784563999992 0.4874812159939473 0.4531411504895456 0.41880108498514396 0.38446101948074224 0.3501209539763406
-9999.0 -9999.0 -9999.0 -9999.0 -9999.0 -9999.0 -9999.0 -9999.0 -9999.0 -9999.0 -9999.0 -9999.0 -9999.0 -9999.0 -9999.0 -9999.0 -9999.0 -9999.0 -9999.0 -9999.0 -9999.0 -9999.0 -9999.0 -9999.0 -9999.0 -9999.0 -9999.0 -9999.0 -9999.0 -9999.0 -9999.0 -9999.0 0.5304388418292968 0.5304388418292968 0.5304388418292968 0.5304388418292968 0.5304388418292968 0.5304388418292968 0.5304388418292968 0.5127211136082198 0.4760627334910579 0.43940435337389594 0.402745973256734 0.366087593139572
-9999.0 -9999.0 -9999.0 -9999.0 -9999.0 -9999.0 -9999.0 -9999.0 -9999.0 -9999.0 -9999.0 -9999.0 -9999.0 -9999.0 -9999.0 -9999.0 -9999.0 -9999.0 -9999.0 -9999.0 -9999.0 -9999.0 -9999.0 -9999.0 -9999.0 -9999.0 -9999.0 -9999.0 -9999.0 -9999.0 -9999.0 -9999.0 0.5567992272585944 0.5567992272585944 0.5567992272585944 0.5567992272585944 0.5567992272585944 0.5567992272585944 0.5567992272585944 0.5379610112224924 0.4989843164925702 0.460007621762648 0.4210309270327257 0.3820542323028035
-9999.0 -9999.0 -9999.0 -9999.0 -9999.0 -9999.0 -9999.0 -9999.0 -9999.0 -9999.0 -9999.0 -9999.0 -9999.0 -9999.0 -9999.0 -9999.0 -9999.0 -9999.0 -9999.0 -9999.0 -9999.0 -9999.0 -9999.0 -9999.0 -9999.0 -9999.0 -9999.0 -9999.0 -9999.0 -9999.0 -9999.0 -9999.0 0.5831596126878921 0.5831596126878921 0.5831596126878921 0.5831596126878921 0.5831596126878921 0.5831596126878921 0.5831596126878921 0.563200908836765 0.5219058994940825 0.48061089015139996 0.4393158808087175 0.39802087146603493
-9999.0 -9999.0 -9999.0 -9999.0 -9999.0 -9999.0 -9999.0 -9999.0 -9999.0 -9999.0 -9999.0 -9999.0 -9999.0 -9999.0 -9999.0 0.5947822168365745 0.5960619069277513 0.597341597018928 -9999.0 -9999.0 -9999.0 -9999.0 -9999.0 -9999.0 -9999.0 -9999.0 -9999.0 -9999.0 -9999.0 -9999.0 0.6095199981172121 0.6095199981172121 0.6095199981172121 0.6095199981172121 0.6095199981172121 0.6095199981172121 0.6095199981172121 0.6095199981172121 0.6095199981172121 0.588440806451059 0.5448274824956143 0.5012141585401695 0.4576008345847248 0.41398751062928
-9999.0 -9999.0 -9999.0 -9999.0 -9999.0 -9999.0 -9999.0 -9999.0 -9999.0 -9999.0 -9999.0 -9999.0 -9999.0 0.5597214398335881 0.6023684834105917 0.624865614246802 0.6258220330496752 0.6267784518525483 -9999.0 -9999.0 -9999.0 -9999.0 -9999.0 -9999.0 -9999.0 -9999.0 -9999.0 -9999.0 -9999.0 0.6358803835465098 0.6358803835465098 0.6358803835465098 0.6358803835465098 0.6358803835465098 0.6358803835465098 0.6358803835465098 0.6358803835465098 0.6358803835465098 0.6358803835465098 0.6136807040653316 0.5677490654971266 0.5218174269289215 0.4758857883607165 0.42995414979251145
-9999.0 -9999.0 -9999.0 -9999.0 -9999.0 -9999.0 -9999.0 -9999.0 -9999.0 -9999.0 -9999.0 -9999.0 -9999.0 0.5850858424933244 0.6309473005990547 0.6549490116570293 0.655582159171599 0.6562153066861686 -9999.0 -9999.0 -9999.0 -9999.0 -9999.0 -9999.0 -9999.0 -9999.0 -9999.0 -9999.0 -9999.0 0.6622407689758074 0.6622407689758074 0.6622407689758074 0.6622407689758074 0.6622407689758074 0.6622407689758074 0.6622407689758074 0.6622407689758074 0.6622407689758074 0.6622407689758074 0.6389206016796041 0.5906706484986388 0.5424206953176736 0.4941707421367082 0.4459207889557429
-9999.0 -9999.0 -9999.0 -9999.0 -9999.0 -9999.0 -9999.0 -9999.0 -9999.0 -9999.0 -9999.0 -9999.0 0.5531267538499067 0.5962399222959877 0.6393530907419951 0.6613990787841671 0.6609237749343566 0.660448471084546 0.6599731672347354 -9999.0 -9999.0 -9999.0 -9999.0 -9999.0 -9999.0 -9999.0 -9999.0 -9999.0 -9999.0 -9999.0 0.6559251564426167 0.6559251564426167 0.6559251564426167 0.6559251564426167 0.6559251564426167 0.6559251564426167 0.6559251564426167 0.6559251564426167 0.6559251564426167 0.6328856468599923 0.5852163808313984 0.5375471148028044 0.4898778487742105 0.4422085827456166
-9999.0 -9999.0 -9999.0 -9999.0 -9999.0 -9999.0 -9999.0 -9999.0 -9999.0 -9999.0 -9999.0 -9999.0 0.5582129389067889 0.5922040628199927 0.6261951867331387 0.6425866057450262 0.6401635425292951 0.6377404793135638 0.6353174160978327 0.6328943528821015 0.6304712896663703 -9999.0 -9999.0 -9999.0 -9999.0 -9999.0 -9999.0 -9999.0 -9999.0 0.6146809620670588 0.6146809620670588 0.6146809620670588 0.6146809620670588 0.6146809620670588 0.6146809620670588 0.6146809620670588 0.6146809620670588 0.6146809620670588 0.6146809620670588 0.5934198464362481 0.5494301176863725 0.5054403889364968 0.4614506601866212 0.41746093143674545
-9999.0 -9999.0 -9999.0 -9999.0 -9999.0 -9999.0 -9999.0 -9999.0 -9999.0 -9999.0 -9999.0 -9999.0 0.5632991239636712 0.588168203343998 0.6130372827242823 0.6237741327058853 0.6194033101242336 0.6150324875425818 0.61066166496093 0.6062908423792782 0.6019200197976264 -9999.0 -9999.0 0.5888075520526711 -9999.0 -9999.0 -9999.0 -9999.0 -9999.0 0.5734367676915009 0.5734367676915009 0.5734367676915009 0.5734367676915009 0.5734367676915009 0.5734367676915009 0.5734367676915009 0.5734367676915009 0.5734367676915009 0.5734367676915009 0.553954046012504 0.5136438545413465 0.47333366307018915 0.43302347159903176 0.3927132801278743
-9999.0 -9999.0 -9999.0 -9999.0 -9999.0 -9999.0 -9999.0 -9999.0 -9999.0 -9999.0 -9999.0 -9999.0 0.5683853090205577 0.5841323438679996 0.5998793787154146 0.6049616596667282 0.5986430777191541 0.5923244957715802 0.5860059138240061 0.5796873318764321 0.573368749928858 0.567050167981284 0.56073158603371 0.5544130040861359 0.548094422138562 0.5417758401909879 -9999.0 -9999.0 0.5321925733159077 0.5321925733159077 0.5321925733159077 0.5321925733159077 0.5321925733159077 0.5321925733159077 0.5321925733159077 0.5321925733159077 0.5321925733159077 0.5321925733159077 0.5321925733159077 0.5144882455887262 0.47785759139629014 0.44122693720385414 0.40459628301141815 0.3679656288189821
-9999.0 -9999.0 -9999.0 -9999.0 -9999.0 -9999.0 -9999.0 -9999.0 -9999.0 -9999.0 -9999.0 0.5668465037628866 0.57347149407744 0.5800964843920048 0.5867214747065582 0.5861491866275873 0.5778828453140926 0.569616504000598 0.5613501626871034 0.5530838213736087 0.5448174800601141 0.5365511387466194 0.5282847974331248 0.5200184561196302 0.5117521148061355 0.5034857734926409 0.4952194321791321 0.49094837894034976 0.49094837894034976 0.49094837894034976 0.49094837894034976 0.49094837894034976 0.49094837894034976 0.49094837894034976 0.49094837894034976 0.49094837894034976 0.49094837894034976 0.49094837894034976 0.49094837894034976 0.47502244516498193 0.44207132825126416 0.40912021133754645 0.3761690944238287 0.34321797751011096
-9999.0 -9999.0 -9999.0 -9999.0 -9999.0 -9999.0 -9999.0 -9999.0 -9999.0 -9999.0 -9999.0 0.5810547333526304 0.5785576791343223 0.57606062491601 0.5735635706977019 0.5673367135884464 0.5571226129090311 0.5469085122296159 0.5366944115502006 0.5264803108707854 0.5162662101913701 0.5060521095119549 0.49583800883253965 0.4856239081531244 0.47540980747370915 0.4651957067942939 0.4549816061148612 0.44970418456479183 0.44970418456479183 0.44970418456479183 0.44970418456479183 0.44970418456479183 0.44970418456479183 0.44970418456479183 0.44970418456479183 0.44970418456479183 0.44970418456479183 0.44970418456479183 0.44970418456479183 0.4355566447412378 0.4062850651062383 0.3770134854712388 0.3477419058362393 0.31847032620123983
-9999.0 -9999.0 -9999.0 -9999.0 -9999.0 -9999.0 -9999.0 -9999.0 -9999.0 -9999.0 -9999.0 0.5952629629423741 0.5836438641912045 0.5720247654400151 0.5604056666888455 0.5485242405493055 0.5363623805039696 0.5242005204586337 0.5120386604132979 0.499876800367962 0.4877149403226262 0.4755530802772903 0.46339122023195445 0.45122936018661863 0.43906750014128276 0.4269056400959469 0.4147437800505903 0.4084599901892339 0.4084599901892339 0.4084599901892339 0.4084599901892339 0.4084599901892339 0.4084599901892339 0.4084599901892339 0.4084599901892339 0.4084599901892339 0.4084599901892339 0.4084599901892339 0.4084599901892339 0.39609084431749364 0.3704988019612124 0.34490675960493117 0.31931471724864996 0.2937226748923687
-9999.0 -9999.0 -9999.0 -9999.0 -9999.0 -9999.0 -9999.0 -9999.0 -9999.0 -9999.0 -9999.0 0.6094711925321179 0.5887300492480868 0.5679889059640203 0.5472477626799891 0.5297117675101645 0.515602148098908 0.5014925286876516 0.48738290927639516 0.47327328986513867 0.4591636704538822 0.44505405104262574 0.4309444316313693 0.4168348122201128 0.4027251928088563 0.3886155733975999 0.37450595398631936 0.3672157958136759 0.3672157958136759 0.3672157958136759 0.3672157958136759 0.3672157958136759 0.3672157958136759 0.3672157958136759 0.3672157958136759 0.3672157958136759 0.3672157958136759 0.3672157958136759 0.3672157958136759 0.3566250438937494 0.33471253881618646 0.31280003373862353 0.29088752866106055 0.26897502358349756
-9999.0 -9999.0 -9999.0 -9999.0 -9999.0 -9999.0 -9999.0 -9999.0 -9999.0 -9999.0 0.6535426099387545 0.6236794221218618 0.5938162343049691 0.5639530464880254 0.5340898586711327 0.5108992944710236 0.4948419156938465 0.47878453691666945 0.4627271581394924 0.44666977936231533 0.4306124005851383 0.4145550218079612 0.3984976430307841 0.38244026425360705 0.36638288547643 0.35032550669925294 0.3342681279220485 0.325971601438118 0.325971601438118 0.325971601438118 0.325971601438118 0.325971601438118 0.325971601438118 0.325971601438118 0.325971601438118 0.325971601438118 0.325971601438118 0.325971601438118 0.325971601438118 0.31715924347000524 0.29892627567116054 0.2806933078723159 0.2624603400734712 0.2442273722746265
-9999.0 -9999.0 -9999.0 -9999.0 -9999.0 -9999.0 -9999.0 -9999.0 -9999.0 0.715858116411114 0.6768728840613597 0.6378876517116054 0.5989024193618513 0.5599171870120305 0.5209319546622762 0.49208682143188254 0.4740816832887849 0.45607654514568724 0.43807140700258956 0.4200662688594919 0.40206113071639427 0.3840559925732966 0.3660508544301989 0.34804571628710124 0.33004057814400356 0.3120354400009059 0.29403030185777757 0.28472740706256006 0.28472740706256006 0.28472740706256006 0.28472740706256006 0.28472740706256006 0.28472740706256006 0.28472740706256006 0.28472740706256006 0.28472740706256006 0.28472740706256006 0.28472740706256006 0.28472740706256006 0.2776934430462611 0.26314001252613467 0.24858658200600822 0.2340331514858818 0.21947972096575535
-9999.0 -9999.0 -9999.0 -9999.0 -9999.0 -9999.0 -9999.0 0.8445249888318558 0.7964177119492322 0.7483104350666085 0.7002031581839849 0.6520958813013614 0.6039886044187379 0.5558813275360323 0.5077740506534086 0.47327434839272564 0.4533214508837057 0.43336855337468577 0.41341565586566587 0.3934627583566459 0.373509860847626 0.3535569633386061 0.3336040658295861 0.31365116832056616 0.29369827081154626 0.27374537330252635 0.2537924757934724 0.24348321268696696 0.24348321268696696 0.24348321268696696 0.24348321268696696 0.24348321268696696 0.24348321268696696 0.24348321268696696 0.24348321268696696 0.24348321268696696 0.24348321268696696 0.24348321268696696 0.24348321268696696 0.2382276426224833 0.22735374938107825 0.21647985613967322 0.20560596289826819 0.19473206965686315
-9999.0 -9999.0 -9999.0 -9999.0 -9999.0 -9999.0 0.9524507179685308 0.8952213965530457 0.8379920751375606 0.7807627537220754 0.7235334323065903 0.6663041108911052 0.6090747894756201 0.5518454680600374 0.49461614664455233 0.4544618753535847 0.43256121847864415 0.4106605616037036 0.3887599047287631 0.36685924785382257 0.34495859097888204 0.32305793410394146 0.301157277229001 0.2792566203540604 0.2573559634791199 0.23545530660417935 0.21355464972920146 0.202239018311409 0.202239018311409 0.202239018311409 0.202239018311409 0.202239018311409 0.202239018311409 0.202239018311409 0.202239018311409 0.202239018311409 0.202239018311409 0.202239018311409 0.202239018311409 0.1987618421987391 0.19156748623605233 0.18437313027336558 0.1771787743106788 0.16998441834799202
