Figures/CREST_Example_wjb_NSE/Rolling_result/20100722/BJP_forecast/ens_6/wjb.rain.20100724.asc
ncols            288
nrows            254
xllcorner        113.274861
yllcorner        31.4918055
cellsize         0.008333333333
NODATA_value     -9999
[rows 140 to 159 of 254, columns 180 to 224 of 288]
18.20401266711977 18.256679776385017 18.309346885650353 18.299970713920814 18.22426887107487 18.14856702822893 18.072865185382984 17.997163342537043 17.921461499691098 17.845759656845157 17.770057813999212 17.694355971153268 17.618654128307327 17.542952285461382 17.46725044261544 17.43662366609514 17.45418315539612 17.471742644697095 17.48930213399807 17.50686162329905 17.524421112600024 17.541980601901 17.559540091201974 17.577099580502953 17.594659069803928 17.612218559104903 17.62977804840588 17.60823361955371 17.544886217306207 17.481538815058812 17.418191412811417 17.354844010564022 17.291496608316628 17.22814920606923 17.164801803821835 17.10145440157444 17.038106999327045 16.97475959707965 16.911412194832256 16.759559832354952 16.513093664415845 16.26662749647632 16.020161328537217 15.77369516059811 15.527228992659007
15.991210706341482 16.03498881475372 16.078766923166036 16.151300096359435 16.254573084388962 16.357846072418493 16.46111906044802 16.56439204847755 16.66766503650708 16.77093802453661 16.87421101256614 16.97748400059567 17.080756988625197 17.184029976654728 17.287302964684255 17.340592862118456 17.340449704732546 17.340306547346636 17.340163389960722 17.340020232574812 17.339877075188898 17.339733917802988 17.339590760417078 17.339447603031164 17.339304445645254 17.33916128825934 17.33901813087343 17.324607514985825 17.294944663099002 17.26528181121223 17.23561895932546 17.205956107438688 17.176293255551915 17.146630403665146 17.116967551778373 17.087304699891604 17.05764184800483 17.02797899611806 16.99831614423129 16.869149867622397 16.633612178100766 16.398074488578732 16.1625367990571 15.926999109535467 15.691461420013836
13.778408745563192 13.813297853122428 13.848186960681723 14.002629478798054 14.284877297703055 14.567125116608056 14.849372935513058 15.131620754418059 15.413868573323061 15.696116392228062 15.978364211133062 16.260612030038065 16.542859848943067 16.825107667848066 17.107355486753068 17.244562058141767 17.22671625406897 17.20887044999617 17.19102464592337 17.17317884185057 17.155333037777773 17.137487233704977 17.11964142963218 17.10179562555938 17.08394982148658 17.06610401741378 17.048258213340983 17.04098141041794 17.045003108891798 17.04902480736565 17.0530465058395 17.057068204313353 17.061089902787206 17.06511160126106 17.069133299734908 17.07315499820876 17.077176696682614 17.081198395156463 17.085220093630316 16.97873990288984 16.75413069178568 16.52952148068114 16.30491226957698 16.080303058472822 15.855693847368663
11.565606784784901 11.591606891491132 11.617606998197408 11.853958861236672 12.315181511017146 12.776404160797618 13.237626810578092 13.698849460358566 14.160072110139039 14.621294759919513 15.082517409699985 15.54374005948046 16.004962709260933 16.466185359041408 16.927408008821878 17.14853125416508 17.112982803405394 17.077434352645707 17.04188590188602 17.006337451126335 16.970789000366647 16.935240549606963 16.899692098847275 16.864143648087587 16.828595197327903 16.793046746568216 16.75749829580853 16.75735530585005 16.79506155468459 16.832767803519065 16.870474052353543 16.90818030118802 16.945886550022493 16.983592798856968 17.021299047691446 17.05900529652592 17.096711545360396 17.13441779419487 17.17212404302935 17.088329938157287 16.8746492054706 16.66096847278355 16.447287740096865 16.23360700741018 16.019926274723492
9.352804824004725 9.369915929857942 9.38702703571119 9.70528824367346 10.345485724329558 10.985683204985655 11.625880685641754 12.266078166297852 12.90627564695395 13.54647312761005 14.186670608266148 14.826868088922245 15.467065569578343 16.10726305023444 16.74746053089054 17.052500450188308 16.99924935274172 16.94599825529513 16.892747157848543 16.839496060401952 16.786244962955365 16.732993865508774 16.679742768062187 16.6264916706156 16.57324057316901 16.519989475722422 16.46673837827583 16.473729201281923 16.545120000477173 16.6165107996723 16.68790159886743 16.759292398062556 16.830683197257684 16.902073996452813 16.97346479564794 17.044855594843067 17.116246394038196 17.18763719323332 17.25902799242845 17.19791997342482 16.995167719155617 16.79241546488607 16.589663210616866 16.386910956347663 16.18415870207846
8.305373211398898 8.320083090742317 8.334792970085763 8.680451789437338 9.379902513397399 10.079353237357457 10.778803961317516 11.478254685277575 12.177705409237634 12.877156133197692 13.576606857157751 14.27605758111781 14.975508305077868 15.674959029037929 16.374409752997984 16.69945619075505 16.62425597486828 16.549055758981513 16.473855543094743 16.398655327207976 16.323455111321206 16.248254895434435 16.17305467954767 16.097854463660898 16.02265424777413 15.947454031887363 15.872253816000594 15.877124512462444 15.967592826164031 16.058061139865462 16.148529453566894 16.238997767268323 16.329466080969755 16.419934394671184 16.510402708372617 16.60087102207405 16.691339335775478 16.78180764947691 16.872275963178343 16.837116739048767 16.667658833872263 16.49820092869547 16.328743023518967 16.159285118342464 15.98982721316596
8.503649037813982 8.52289271244106 8.542136387068167 8.856923210998433 9.487652348215416 10.118381485432401 10.749110622649384 11.379839759866368 12.010568897083353 12.641298034300336 13.272027171517319 13.902756308734304 14.533485445951285 15.16421458316827 15.794943720385255 16.0716807491763 15.969992204236206 15.868303659296112 15.76661511435602 15.664926569415925 15.563238024475833 15.461549479535739 15.359860934595646 15.258172389655552 15.15648384471546 15.054795299775366 14.953106754835273 14.945965446772258 15.039897274457221 15.133829102142025 15.22776092982683 15.321692757511634 15.415624585196438 15.509556412881244 15.603488240566048 15.697420068250851 15.791351895935657 15.88528372362046 15.979215551305264 15.973492752300556 15.861236902058076 15.748981051815406 15.636725201572926 15.524469351330445 15.412213501087965
8.701924864229067 8.725702334139799 8.749479804050571 9.033394632559526 9.595402183033434 10.157409733507343 10.719417283981253 11.281424834455162 11.84343238492907 12.40543993540298 12.967447485876889 13.529455036350797 14.091462586824706 14.653470137298616 15.215477687772523 15.443905307597552 15.315728433604134 15.187551559610714 15.059374685617296 14.931197811623878 14.80302093763046 14.674844063637043 14.546667189643625 14.418490315650207 14.290313441656789 14.16213656766337 14.033959693669953 14.014806381082069 14.112201722750411 14.20959706441859 14.306992406086767 14.404387747754944 14.501783089423121 14.599178431091298 14.696573772759477 14.793969114427654 14.89136445609583 14.988759797764008 15.086155139432185 15.109868765552344 15.054814970243887 14.999761174935339 14.944707379626882 14.889653584318427 14.834599789009971
8.90020069064415 8.928511955838538 8.956823221032975 9.209866054120617 9.703152017851451 10.196437981582285 10.68972394531312 11.183009909043953 11.676295872774787 12.169581836505623 12.662867800236457 13.156153763967291 13.649439727698125 14.142725691428959 14.636011655159793 14.816129866018802 14.66146466297206 14.506799459925316 14.352134256878575 14.197469053831831 14.04280385078509 13.888138647738346 13.733473444691604 13.578808241644861 13.42414303859812 13.269477835551376 13.114812632504634 13.083647315391882 13.184506171043605 13.285365026695155 13.386223882346705 13.487082737998255 13.587941593649806 13.688800449301358 13.789659304952908 13.890518160604458 13.991377016256008 14.092235871907558 14.193094727559108 14.246244778804133 14.248393038429702 14.250541298055275 14.252689557680842 14.254837817306411 14.25698607693198
9.098476517059234 9.131321577537278 9.164166638015377 9.38633747568171 9.810901852669469 10.235466229657229 10.660030606644987 11.084594983632748 11.509159360620506 11.933723737608265 12.358288114596025 12.782852491583784 13.207416868571544 13.631981245559302 14.056545622547063 14.188354424440053 14.007200892339986 13.826047360239919 13.644893828139852 13.463740296039784 13.282586763939717 13.10143323183965 12.920279699739583 12.739126167639515 12.557972635539448 12.37681910343938 12.195665571339314 12.152488249701694 12.256810619336795 12.36113298897172 12.465455358606643 12.569777728241567 12.67410009787649 12.778422467511414 12.882744837146337 12.98706720678126 13.091389576416184 13.195711946051107 13.30003431568603 13.382620792055922 13.441971106615515 13.501321421175208 13.5606717357348 13.620022050294393 13.679372364853986
9.296752343474488 9.334131199236191 9.371510054997959 9.562808897242952 9.918651687487579 10.274494477732205 10.63033726797683 10.986180058221457 11.342022848466081 11.697865638710708 12.053708428955334 12.40955121919996 12.765394009444584 13.12123679968921 13.477079589933837 13.560578982860768 13.352937121707354 13.14529526055394 12.937653399400526 12.73001153824711 12.522369677093696 12.314727815940282 12.107085954786868 11.899444093633452 11.691802232480038 11.484160371326624 11.276518510173208 11.221329184010711 11.329115067629195 11.436900951247495 11.544686834865795 11.652472718484093 11.760258602102393 11.868044485720693 11.975830369338993 12.083616252957292 12.191402136575592 12.299188020193892 12.40697390381219 12.518996805306973 12.635549174800639 12.752101544294504 12.868653913788169 12.985206283281835 13.1017586527755
9.495028169889572 9.536940820934932 9.578853471980363 9.739280318804045 10.026401522305596 10.313522725807147 10.6006439293087 10.88776513281025 11.1748863363118 11.462007539813351 11.749128743314902 12.036249946816453 12.323371150318003 12.610492353819556 12.897613557321106 12.93280354128202 12.69867335107528 12.46454316086854 12.230412970661803 11.996282780455063 11.762152590248323 11.528022400041584 11.293892209834846 11.059762019628106 10.825631829421367 10.591501639214627 10.35737144900789 10.290170118320523 10.401419515922386 10.51266891352406 10.623918311125731 10.735167708727404 10.846417106329078 10.957666503930751 11.068915901532423 11.180165299134096 11.29141469673577 11.40266409433744 11.513913491939114 11.655372818558764 11.829127242986454 12.002881667414439 12.176636091842129 12.350390516269819 12.524144940697507
9.693303996304657 9.739750442633671 9.786196888962765 9.915751740365138 10.134151357123613 10.35255097388209 10.570950590640566 10.789350207399043 11.007749824157518 11.226149440915995 11.44454905767447 11.662948674432947 11.881348291191422 12.099747907949899 12.318147524708374 12.305028099703271 12.044409580443206 11.783791061183143 11.52317254192308 11.262554022663016 11.001935503402951 10.741316984142887 10.480698464882824 10.22007994562276 9.959461426362695 9.698842907102632 9.438224387842569 9.359011052630336 9.473723964215576 9.588436875800623 9.70314978738567 9.817862698970714 9.93257561055576 10.047288522140805 10.162001433725852 10.276714345310896 10.391427256895943 10.50614016848099 10.620853080066034 10.79174883181055 11.022705311172263 11.253661790534371 11.484618269896085 11.715574749257799 11.946531228619513
9.89157982271974 9.942560064332412 9.993540305945169 10.09222316192623 10.241901191941631 10.391579221957032 10.541257251972434 10.690935281987835 10.840613312003235 10.990291342018637 11.139969372034038 11.28964740204944 11.439325432064841 11.589003462080242 11.738681492095644 11.677252658124521 11.390145809811134 11.103038961497745 10.815932113184356 10.528825264870967 10.241718416557578 9.954611568244191 9.667504719930802 9.380397871617413 9.093291023304024 8.806184174990637 8.519077326677248 8.427851986940148 8.546028412508768 8.664204838077188 8.782381263645606 8.900557689214025 9.018734114782443 9.136910540350863 9.255086965919283 9.3732633914877 9.49143981705612 9.609616242624538 9.727792668192958 9.92812484506234 10.216283379358078 10.504441913654308 10.792600447950045 11.080758982245783 11.36891751654152
10.089855649134824 10.145369686031152 10.200883722927575 10.268694583487324 10.34965102675965 10.430607470031976 10.511563913304302 10.592520356576628 10.673476799848954 10.754433243121282 10.835389686393608 10.916346129665934 10.99730257293826 11.078259016210586 11.159215459482912 11.049477216545773 10.73588203917906 10.422286861812346 10.108691684445633 9.79509650707892 9.481501329712206 9.167906152345493 8.85431097497878 8.540715797612066 8.227120620245353 7.91352544287864 7.599930265511926 7.4966929212499585 7.618332860801958 7.73997280035375 7.861612739905542 7.983252679457335 8.104892619009126 8.226532558560919 8.348172498112712 8.469812437664503 8.591452377216296 8.713092316768087 8.83473225631988 9.064500858314128 9.409861447543891 9.755222036774242 10.100582626004003 10.445943215233765 10.791303804463526
10.288131475549909 10.348179307729891 10.408227139909977 10.445166005048415 10.457400861577668 10.469635718106918 10.48187057463617 10.494105431165423 10.506340287694673 10.518575144223925 10.530810000753176 10.543044857282428 10.55527971381168 10.567514570340931 10.579749426870183 10.421701774967024 10.081618268546988 9.74153476212695 9.401451255706911 9.061367749286873 8.721284242866835 8.381200736446797 8.041117230026758 7.70103372360672 7.360950217186682 7.020866710766644 6.680783204346605 6.565533855559771 6.690637309095149 6.815740762630314 6.9408442161654795 7.065947669700645 7.19105112323581 7.316154576770975 7.44125803030614 7.566361483841305 7.691464937376471 7.816568390911636 7.941671844446802 8.200876871565917 8.603439515729704 9.006002159894177 9.408564804057962 9.811127448221749 10.213690092385534
10.486407301964993 10.550988929428632 10.615570556892381 10.621637426609508 10.565150696395685 10.508663966181862 10.452177235968039 10.395690505754215 10.339203775540392 10.282717045326569 10.226230315112744 10.16974358489892 10.113256854685098 10.056770124471274 10.000283394257451 9.793926333388276 9.427354497914914 9.06078266244155 8.694210826968188 8.327638991494824 7.961067156021462 7.594495320548099 7.2279234850747365 6.861351649601374 6.494779814128011 6.128207978654649 5.761636143181285 5.634374789869582 5.76294175738834 5.8915087249068785 6.020075692425417 6.148642659943955 6.277209627462494 6.405776594981032 6.53434356249957 6.6629105300181095 6.791477497536647 6.920044465055186 7.048611432573725 7.3372528848177065 7.797017583915517 8.256782283014111 8.716546982111922 9.17631168120973 9.636076380307541
10.583617921198396 10.640025423894345 10.69643292659039 10.685769453619871 10.603405590177019 10.521041726734166 10.438677863291314 10.356313999848464 10.273950136405611 10.191586272962759 10.109222409519907 10.026858546077055 9.944494682634202 9.86213081919135 9.7797669557485 9.553143163425062 9.172302242941987 8.791461322458911 8.410620401975835 8.02977948149276 7.648938561009684 7.268097640526609 6.887256720043533 6.506415799560457 6.125574879077381 5.744733958594305 5.36389303811123 5.2264303586624425 5.349144526328985 5.471858693995317 5.59457286166165 5.717287029327983 5.840001196994316 5.9627153646606486 6.085429532326981 6.208143699993315 6.330857867659647 6.45357203532598 6.576286202992312 6.873599008055533 7.357561707877779 7.841524407700851 8.325487107523097 8.809449807345343 9.29341250716759
10.572796204743607 10.607445617198822 10.642095029654097 10.629817749329037 10.567374772702603 10.504931796076168 10.442488819449732 10.380045842823298 10.317602866196863 10.255159889570427 10.192716912943993 10.130273936317558 10.067830959691122 10.005387983064688 9.942945006438253 9.726030337210567 9.343981933342983 8.961933529475397 8.579885125607813 8.197836721740229 7.815788317872644 7.43373991400506 7.051691510137475 6.669643106269891 6.287594702402307 5.9055462985347225 5.523497894667138 5.377769390139136 5.484672205730326 5.591575021321334 5.698477836912342 5.8053806525033504 5.912283468094358 6.019186283685366 6.126089099276374 6.232991914867382 6.33989473045839 6.446797546049398 6.553700361640406 6.837487966184023 7.310369413238151 7.783250860293085 8.256132307347213 8.729013754401342 9.201895201455471
10.561974488288818 10.5748658105033 10.587757132717806 10.573866045038205 10.531343955228188 10.488821865418169 10.446299775608152 10.403777685798133 10.361255595988116 10.318733506178097 10.27621141636808 10.233689326558062 10.191167236748043 10.148645146938026 10.106123057128007 9.89891751099607 9.515661623743977 9.132405736491883 8.74914984923979 8.365893961987698 7.982638074735604 7.599382187483512 7.216126300231418 6.832870412979325 6.449614525727232 6.066358638475139 5.683102751223045 5.529108421615828 5.620199885131667 5.71129134864735 5.802382812163033 5.893474275678717 5.9845657391944 6.075657202710083 6.166748666225766 6.257840129741449 6.348931593257133 6.440023056772816 6.531114520288499 6.801376924312512 7.263177118598523 7.72497731288532 8.18677750717133 8.648577701457342 9.110377895743351
