Figures/CREST_Example_wjb_NSE/Rolling_result/20100722/BJP_forecast/ens_6/wjb.rain.20100722.asc
ncols            288
nrows            254
xllcorner        113.274861
yllcorner        31.4918055
cellsize         0.008333333333
NODATA_value     -9999
[rows 160 to 179 of 254, columns 220 to 263 of 288]
2.7209570346095497 2.716945890143513 2.712934745677483 2.7089236012114535 2.7049124567454235 2.7009013122793935 2.696890167813364 2.692879023347334 2.688867878881304 2.6848567344152743 2.6808455899492443 2.6460687356084365 2.5784026410823286 2.510736546556221 2.4430704520299975 2.3754043575038897 2.307738262977782 2.2400721684516736 2.1724060739255657 2.104739979399458 2.03707388487335 1.9694077903472422 1.9017416958211344 1.827211386858455 1.74534307728926 1.6634747677200652 1.5816064581508702 1.4997381485815355 1.4178698390123405 1.3360015294431458 1.2541332198739505 1.1722649103047558 1.0903966007355608 1.0085282911663658 0.9266599815971708 27.801196631101927 27.801196631101927 27.801196631101927 27.801196631101927 27.801196631101927 27.801196631101927 27.801196631101927 27.801196631101927 27.801196631101927
2.6874735339715325 2.6826132175817574 2.6777529011919903 2.6728925848022236 2.6680322684124564 2.6631719520226893 2.6583116356329226 2.6534513192431555 2.6485910028533883 2.6437306864636216 2.6388703700738545 2.6036926050083955 2.536104801125084 2.468516997241773 2.400929193358346 2.3333413894750343 2.2657535855917232 2.1981657817084117 2.1305779778251 2.062990173941789 1.9954023700584775 1.927814566175166 1.8602267622918545 1.785851116505011 1.7042191140781886 1.6225871116513662 1.540955109224544 1.4593231067975823 1.37769110437076 1.2960591019439378 1.2144270995171154 1.132795097090293 1.0511630946634707 0.9695310922366484 0.887899089809826 27.801196631101927 27.801196631101927 27.801196631101927 27.801196631101927 27.801196631101927 27.801196631101927 27.801196631101927 27.801196631101927 27.801196631101927
2.653990033333515 2.6482805450200013 2.642571056706497 2.636861568392993 2.631152080079489 2.6254425917659847 2.6197331034524804 2.6140236151389766 2.6083141268254724 2.602604638511968 2.5968951501984643 2.561316474408354 2.4938069611678393 2.426297447927324 2.3587879346866942 2.2912784214461794 2.223768908205664 2.1562593949651494 2.0887498817246346 2.0212403684841194 1.9537308552436046 1.8862213420030898 1.8187118287625748 1.7444908461515667 1.663095150867117 1.5816994555826671 1.5003037602982174 1.418908065013629 1.3375123697291793 1.2561166744447296 1.1747209791602797 1.09332528387583 1.0119295885913804 0.9305338933069308 0.849138198022481 27.801196631101927 27.801196631101927 27.801196631101927 27.801196631101927 27.801196631101927 27.801196631101927 27.801196631101927 27.801196631101927 27.801196631101927
2.6205065326954693 2.613947872458216 2.607389212220974 2.600830551983732 2.59427189174649 2.587713231509248 2.581154571272006 2.574595911034764 2.5680372507975218 2.56147859056028 2.5549199303230377 2.5189403438082762 2.4515091212105578 2.3840778986128397 2.316646676015006 2.2492154534172877 2.1817842308195696 2.114353008221851 2.0469217856241326 1.9794905630264144 1.912059340428696 1.8446281178309776 1.7771968952332593 1.703130575798087 1.6219711876560103 1.5408117995139334 1.4596524113718565 1.3784930232296413 1.2973336350875644 1.2161742469454875 1.1350148588034106 1.053855470661334 0.9726960825192569 0.89153669437718 0.8103773062351032 27.801196631101927 27.801196631101927 27.801196631101927 27.801196631101927 27.801196631101927 27.801196631101927 27.801196631101927 27.801196631101927 27.801196631101927
2.5870230320574517 2.57961519989646 2.572207367735481 2.5647995355745015 2.5573917034135225 2.549983871252543 2.542576039091564 2.5351682069305848 2.527760374769606 2.5203525426086264 2.5129447104476474 2.476564213208235 2.409211281253313 2.341858349298391 2.274505417343354 2.2071524853884323 2.1397995534335106 2.072446621478589 2.005093689523667 1.9377407575687449 1.870387825613823 1.8030348936589013 1.7356819617039794 1.6617703054446429 1.5808472244449385 1.4999241434452344 1.4190010624455303 1.338077981445688 1.2571549004459837 1.1762318194462793 1.0953087384465752 1.014385657446871 0.9334625764471668 0.8525394954474625 0.7716164144477583 27.801196631101927 27.801196631101927 27.801196631101927 27.801196631101927 27.801196631101927 27.801196631101927 27.801196631101927 27.801196631101927 27.801196631101927
2.553539531419434 2.5452825273347037 2.5370255232499876 2.528768519165271 2.520511515080555 2.5122545109958385 2.5039975069111224 2.495740502826406 2.48748349874169 2.4792264946569733 2.4709694905722572 2.4341880826081934 2.366913441296068 2.2996387999839425 2.2323641586717025 2.165089517359577 2.097814876047452 2.0305402347353265 1.963265593423201 1.8959909521110756 1.8287163107989501 1.761441669486825 1.6941670281746997 1.6204100350911985 1.539723261233867 1.4590364873765354 1.3783497135192038 1.2976629396617345 1.216976165804403 1.1362893919470713 1.0556026180897398 0.9749158442324083 0.8942290703750767 0.8135422965177451 0.7328555226604135 27.801196631101927 27.801196631101927 27.801196631101927 27.801196631101927 27.801196631101927 27.801196631101927 27.801196631101927 27.801196631101927 27.801196631101927
2.520056030781417 2.510949854772948 2.5018436787644944 2.4927375027560412 2.4836313267475876 2.474525150739134 2.4654189747306807 2.456312798722227 2.447206622713774 2.4381004467053202 2.4289942706968666 2.391811952008152 2.324615601338823 2.257419250669494 2.190222900000051 2.1230265493307217 2.055830198661393 1.988633847992064 1.921437497322735 1.8542411466534063 1.7870447959840772 1.7198484453147485 1.6526520946454195 1.5790497647377542 1.4985992980227953 1.4181488313078363 1.3376983645928773 1.2572478978777812 1.1767974311628224 1.0963469644478634 1.0158964977329044 0.9354460310179454 0.8549955643029865 0.7745450975880276 0.6940946308730687 27.801196631101927 27.801196631101927 27.801196631101927 27.801196631101927 27.801196631101927 27.801196631101927 27.801196631101927 27.801196631101927 27.801196631101927
2.4865725301433996 2.476617182211192 2.466661834279001 2.456706486346811 2.44675113841462 2.43679579048243 2.426840442550239 2.4168850946180487 2.406929746685858 2.3969743987536676 2.387019050821477 2.349435821408111 2.2823177613815786 2.215199701355046 2.148081641328399 2.0809635813018668 2.0138455212753343 1.946727461248802 1.8796094012222695 1.812491341195737 1.7453732811692046 1.6782552211426722 1.6111371611161398 1.5376894943843098 1.4574753348117235 1.3772611752391373 1.297047015666551 1.216832856093828 1.1366186965212415 1.0564045369486552 0.976190377376069 0.8959762178034826 0.8157620582308963 0.7355478986583099 0.6553337390857237 27.801196631101927 27.801196631101927 27.801196631101927 27.801196631101927 27.801196631101927 27.801196631101927 27.801196631101927 27.801196631101927 27.801196631101927
2.4530890295053824 2.4422845096494363 2.4314799897935084 2.4206754699375805 2.409870950081653 2.399066430225725 2.3882619103697973 2.37745739051387 2.366652870657942 2.3558483508020145 2.3450438309460866 2.307059690808069 2.2400199214243335 2.1729801520405974 2.105940382656747 2.0389006132730114 1.9718608438892753 1.9048210745055394 1.8377813051218035 1.7707415357380674 1.7037017663543317 1.6366619969705956 1.5696222275868597 1.4963292240308657 1.416351371600652 1.3363735191704382 1.2563956667402245 1.1764178143098745 1.096439961879661 1.016462109449447 0.9364842570192335 0.8565064045890198 0.7765285521588062 0.6965506997285925 0.6165728472983788 27.801196631101927 27.801196631101927 27.801196631101927 27.801196631101927 27.801196631101927 27.801196631101927 27.801196631101927 27.801196631101927 27.801196631101927
2.431437564003577 2.4147132547696235 2.3979889455356984 2.3812646363017733 2.3645403270678487 2.3478160178339236 2.3310917085999985 2.314367399366074 2.2976430901321487 2.2809187808982236 2.2641944716642985 2.224306120918417 2.1596548855178375 2.095003650117258 2.0303524147165684 1.9657011793159889 1.9010499439154094 1.83639870851483 1.7717474731142506 1.7070962377136711 1.6424450023130919 1.5777937669125124 1.513142531511933 27.801196631101927 27.801196631101927 27.801196631101927 27.801196631101927 27.801196631101927 27.801196631101927 27.801196631101927 27.801196631101927 27.801196631101927 27.801196631101927 27.801196631101927 27.801196631101927 27.801196631101927 27.801196631101927 27.801196631101927 27.801196631101927 27.801196631101927 27.801196631101927 27.801196631101927 27.801196631101927 27.801196631101927
2.4224337982374897 2.394369529190085 2.3663052601427275 2.3382409910953705 2.3101767220480136 2.2821124530006567 2.2540481839532998 2.225983914905943 2.197919645858586 2.1698553768112285 2.1417911077638716 2.0983916135945284 2.03859841668322 1.9788052197719113 1.9190120228605008 1.8592188259491924 1.7994256290378838 1.7396324321265753 1.6798392352152667 1.620046038303958 1.5602528413926495 1.5004596444813412 1.4406664475700326 27.801196631101927 27.801196631101927 27.801196631101927 27.801196631101927 27.801196631101927 27.801196631101927 27.801196631101927 27.801196631101927 27.801196631101927 27.801196631101927 27.801196631101927 27.801196631101927 27.801196631101927 27.801196631101927 27.801196631101927 27.801196631101927 27.801196631101927 27.801196631101927 27.801196631101927 27.801196631101927 27.801196631101927
2.41343003247141 2.374025803610563 2.334621574749784 2.2952173458890046 2.255813117028225 2.2164088881674457 2.1770046593066663 2.137600430445887 2.0981962015851074 2.058791972724328 2.0193877438635486 1.9724771062707471 1.9175419478487055 1.8626067894266638 1.8076716310045282 1.7527364725824865 1.6978013141604449 1.6428661557384032 1.5879309973163613 1.5329958388943197 1.4780606804722778 1.4231255220502361 1.3681903636281945 27.801196631101927 27.801196631101927 27.801196631101927 27.801196631101927 27.801196631101927 27.801196631101927 27.801196631101927 27.801196631101927 27.801196631101927 27.801196631101927 27.801196631101927 27.801196631101927 27.801196631101927 27.801196631101927 27.801196631101927 27.801196631101927 27.801196631101927 27.801196631101927 27.801196631101927 -9999.0 -9999.0
2.40442626670533 2.3536820780310417 2.30293788935684 2.2521937006826382 2.2014495120084367 2.150705323334235 2.099961134660033 2.0492169459858314 1.9984727573116294 1.9477285686374277 1.896984379963226 1.8465625989469658 1.796485479014191 1.7464083590814161 1.6963312391485557 1.6462541192157807 1.5961769992830057 1.5460998793502307 1.4960227594174558 1.4459456394846808 1.395868519551906 1.3457913996191309 1.295714279686356 27.801196631101927 27.801196631101927 27.801196631101927 27.801196631101927 27.801196631101927 27.801196631101927 27.801196631101927 27.801196631101927 27.801196631101927 27.801196631101927 27.801196631101927 27.801196631101927 27.801196631101927 27.801196631101927 27.801196631101927 27.801196631101927 27.801196631101927 27.801196631101927 -9999.0 -9999.0 -9999.0
2.39542250093925 2.33333835245152 2.271254203963896 2.209170055476272 2.147085906988648 2.0850017585010234 2.0229176100133994 1.9608334615257754 1.8987493130381512 1.836665164550527 1.774581016062903 1.7206480916231848 1.6754290101796765 1.6302099287361684 1.584990847292583 1.5397717658490748 1.4945526844055668 1.4493336029620585 1.4041145215185504 1.3588954400750421 1.313676358631534 1.2684572771880258 1.2232381957445178 27.801196631101927 27.801196631101927 27.801196631101927 27.801196631101927 27.801196631101927 27.801196631101927 27.801196631101927 27.801196631101927 27.801196631101927 27.801196631101927 27.801196631101927 27.801196631101927 27.801196631101927 27.801196631101927 27.801196631101927 27.801196631101927 -9999.0 -9999.0 -9999.0 -9999.0 -9999.0
2.3864187351731703 2.3129946268719985 2.239570518570952 2.1661464102699055 2.092722301968859 2.0192981936678125 1.945874085366766 1.8724499770657195 1.799025868764673 1.7256017604636265 1.65217765216258 1.5947335842994035 1.5543725413451621 1.5140114983909208 1.4736504554366106 1.4332894124823692 1.3929283695281278 1.3525673265738865 1.312206283619645 1.2718452406654037 1.2314841977111624 1.191123154756921 1.1507621118026794 27.801196631101927 27.801196631101927 27.801196631101927 27.801196631101927 27.801196631101927 27.801196631101927 27.801196631101927 27.801196631101927 27.801196631101927 27.801196631101927 27.801196631101927 27.801196631101927 27.801196631101927 27.801196631101927 27.801196631101927 -9999.0 -9999.0 -9999.0 -9999.0 -9999.0 -9999.0
2.3774149694070905 2.292650901292477 2.207886833178008 2.1231227650635396 2.0383586969490706 1.9535946288346016 1.868830560720133 1.784066492605664 1.699302424491195 1.6145383563767264 1.5297742882622574 1.4688190769756222 1.4333160725106477 1.397813068045673 1.362310063580638 1.3268070591156633 1.2913040546506889 1.2558010501857142 1.2202980457207397 1.184795041255765 1.1492920367907904 1.113789032325816 1.0782860278608413 27.801196631101927 27.801196631101927 27.801196631101927 27.801196631101927 27.801196631101927 27.801196631101927 27.801196631101927 27.801196631101927 27.801196631101927 27.801196631101927 27.801196631101927 27.801196631101927 27.801196631101927 27.801196631101927 27.801196631101927 -9999.0 -9999.0 -9999.0 -9999.0 -9999.0 -9999.0
2.368411203641003 2.2723071757129385 2.1762031477850377 2.080099119857137 1.9839950919292357 1.8878910640013347 1.7917870360734338 1.695683008145533 1.5995789802176321 1.5034749522897313 1.4073709243618302 1.3429045696517339 1.3122596036760301 1.2816146377003264 1.2509696717245704 1.2203247057488669 1.189679739773163 1.1590347737974596 1.1283898078217558 1.097744841846052 1.0670998758703485 1.0364549098946447 1.005809943918941 27.801196631101927 27.801196631101927 27.801196631101927 27.801196631101927 27.801196631101927 27.801196631101927 27.801196631101927 27.801196631101927 27.801196631101927 27.801196631101927 27.801196631101927 27.801196631101927 27.801196631101927 27.801196631101927 -9999.0 -9999.0 -9999.0 -9999.0 -9999.0 -9999.0 -9999.0
2.359407437874923 2.2519634501334167 2.1445194623920933 2.03707547465077 1.9296314869094469 1.8221874991681237 1.7147435114268004 1.607299523685477 1.4998555359441539 1.3924115482028305 1.2849675604615072 1.2169900623279526 1.1912031348415157 1.1654162073550787 1.1396292798685979 1.113842352382161 1.0880554248957242 1.0622684974092873 1.0364815699228502 1.0106946424364134 0.9849077149499765 0.9591207874635397 0.9333338599771028 27.801196631101927 27.801196631101927 27.801196631101927 27.801196631101927 27.801196631101927 27.801196631101927 27.801196631101927 27.801196631101927 27.801196631101927 27.801196631101927 27.801196631101927 27.801196631101927 27.801196631101927 -9999.0 -9999.0 -9999.0 -9999.0 -9999.0 -9999.0 -9999.0 -9999.0
2.3504036721088433 2.2316197245538953 2.1128357769991495 1.994051829444404 1.8752678818896582 1.7564839343349128 1.637699986780167 1.5189160392254215 1.4001320916706759 1.2813481441159302 1.1625641965611846 1.0910755550041713 1.0701466660070011 1.0492177770098312 1.0282888880126253 1.0073599990154551 0.9864311100182851 0.965502221021115 0.9445733320239449 0.9236444430267748 0.9027155540296047 0.8817866650324346 0.8608577760352645 27.801196631101927 27.801196631101927 27.801196631101927 27.801196631101927 27.801196631101927 27.801196631101927 27.801196631101927 27.801196631101927 27.801196631101927 27.801196631101927 27.801196631101927 27.801196631101927 -9999.0 -9999.0 -9999.0 -9999.0 -9999.0 -9999.0 -9999.0 -9999.0 -9999.0
2.3413999063427635 2.211275998974374 2.0811520916062056 1.9510281842380377 1.8209042768698698 1.6907803695017019 1.5606564621335337 1.4305325547653656 1.3004086473971976 1.1702847400290297 1.0401608326608616 0.9651610476803902 0.9490901971724869 0.9330193466645835 0.9169484961566529 0.9008776456487495 0.8848067951408461 0.8687359446329428 0.8526650941250395 0.8365942436171362 0.8205233931092328 0.8044525426013296 0.7883816920934262 27.801196631101927 27.801196631101927 27.801196631101927 27.801196631101927 27.801196631101927 27.801196631101927 27.801196631101927 27.801196631101927 27.801196631101927 27.801196631101927 27.801196631101927 27.801196631101927 -9999.0 -9999.0 -9999.0 -9999.0 -9999.0 -9999.0 -9999.0 -9999.0 -9999.0
