Figures/CREST_Example_wjb_NSE/Rolling_result/20100722/BJP_forecast/ens_6/wjb.rain.20091127.asc
ncols            288
nrows            254
xllcorner        113.274861
yllcorner        31.4918055
cellsize         0.008333333333
NODATA_value     -9999
[rows 200 to 219 of 254, columns 90 to 134 of 288]
6.300948664521726 6.300948664521726 6.300948664521726 6.300948664521726 6.300948664521726 6.300948664521726 6.300948664521726 6.300948664521726 6.300948664521726 6.365446621700218 6.498894353445133 6.6323420851900465 6.765789816934961 6.899237548679876 7.032685280425017 7.166133012169932 7.299580743914846 7.433028475659761 7.5664762074046745 7.699923939149589 7.833371670894504 7.9023214455251 7.9023214455251 7.9023214455251 7.9023214455251 7.9023214455251 7.9023214455251 7.9023214455251 7.9023214455251 7.9023214455251 7.9023214455251 7.9023214455251 7.9023214455251 7.863963852350755 7.784601124624157 7.705238396897558 7.625875669170958 7.54651294144436 7.467150213717761 7.387787485991161 7.308424758264428 7.229062030537829 7.1496993028112295 7.070336575084631 6.990973847358032
6.464466151129646 6.464466151129646 6.464466151129646 6.464466151129646 6.464466151129646 6.464466151129646 6.464466151129646 6.464466151129646 6.464466151129646 6.536335730146924 6.685035514153658 6.833735298160393 6.982435082167128 7.131134866173864 7.2798346501808515 7.428534434187587 7.577234218194322 7.725934002201057 7.8746337862077915 8.023333570214527 8.172033354221263 8.24886355928223 8.24886355928223 8.24886355928223 8.24886355928223 8.24886355928223 8.24886355928223 8.24886355928223 8.24886355928223 8.24886355928223 8.24886355928223 8.24886355928223 8.24886355928223 8.214721637513119 8.14408122926047 8.073440821007821 8.002800412755171 7.9321600045025225 7.861519596249873 7.7908791879972235 7.720238779744454 7.6495983714918045 7.578957963239155 7.508317554986506 7.437677146733857
6.627983637737568 6.627983637737568 6.627983637737568 6.627983637737568 6.627983637737568 6.627983637737568 6.627983637737568 6.627983637737568 6.627983637737568 6.707224838593629 6.871176674862185 7.035128511130741 7.1990803473992955 -9999.0 -9999.0 -9999.0 7.854887692473798 8.018839528742355 8.18279136501091 8.346743201279466 8.51069503754802 8.595405673039359 8.595405673039359 8.595405673039359 8.595405673039359 8.595405673039359 8.595405673039359 8.595405673039359 8.595405673039359 8.595405673039359 8.595405673039359 8.595405673039359 8.595405673039359 8.565479422675484 8.503561333896783 8.441643245118085 8.379725156339385 8.317807067560686 8.255888978781986 8.193970890003287 8.132052801224482 8.070134712445782 8.008216623667083 7.946298534888383 7.884380446109684
6.791501124345489 6.791501124345489 6.791501124345489 6.791501124345489 6.791501124345489 6.791501124345489 6.791501124345489 6.791501124345489 6.791501124345489 6.878113947040334 7.057317835570711 7.236521724101086 7.415725612631463 -9999.0 -9999.0 -9999.0 -9999.0 8.31174505528365 8.490948943814026 -9999.0 8.849356720874779 8.941947786796488 8.941947786796488 8.941947786796488 8.941947786796488 8.941947786796488 8.941947786796488 8.941947786796488 8.941947786796488 8.941947786796488 8.941947786796488 8.941947786796488 8.941947786796488 8.916237207837847 8.863041438533097 8.809845669228348 8.756649899923598 8.703454130618848 8.6502583613141 8.59706259200935 8.543866822704508 8.49067105339976 8.43747528409501 8.38427951479026 8.331083745485511
6.95501861095348 6.95501861095348 6.95501861095348 6.95501861095348 6.95501861095348 6.95501861095348 6.95501861095348 6.95501861095348 6.95501861095348 7.049003055487113 7.243458996279315 7.437914937071519 -9999.0 -9999.0 -9999.0 -9999.0 -9999.0 -9999.0 -9999.0 -9999.0 -9999.0 9.288489900553765 9.288489900553765 9.288489900553765 9.288489900553765 9.288489900553765 9.288489900553765 9.288489900553765 9.288489900553765 9.288489900553765 9.288489900553765 9.288489900553765 9.288489900553765 9.26699499300036 9.222521543169565 9.178048093338768 9.133574643507972 9.089101193677175 9.04462774384638 9.000154294015584 8.955680844184712 8.911207394353916 8.86673394452312 8.822260494692323 8.777787044861528
7.039501555263996 7.039501555263996 7.039501555263996 7.039501555263996 7.039501555263996 7.039501555263996 7.039501555263996 7.039501555263996 7.039501555263996 7.137294621922414 7.339630688006331 7.5419667540902475 -9999.0 -9999.0 -9999.0 -9999.0 -9999.0 -9999.0 -9999.0 -9999.0 -9999.0 -9999.0 9.467534348368645 9.467534348368645 9.467534348368645 9.467534348368645 9.467534348368645 9.467534348368645 9.467534348368645 9.467534348368645 9.467534348368645 9.467534348368645 9.467534348368645 9.44821750959521 9.408250533326738 9.368283557058264 9.328316580789792 9.28834960452132 9.248382628252848 9.208415651984376 9.168448675715835 9.128481699447363 9.088514723178891 9.048547746910419 9.008580770641947
7.039501555263996 7.039501555263996 7.039501555263996 7.039501555263996 7.039501555263996 7.039501555263996 7.039501555263996 7.039501555263996 7.039501555263996 7.137294621922414 7.339630688006331 7.5419667540902475 7.744302820174164 -9999.0 -9999.0 -9999.0 -9999.0 -9999.0 -9999.0 -9999.0 -9999.0 -9999.0 9.467534348368645 9.467534348368645 9.467534348368645 9.467534348368645 9.467534348368645 9.467534348368645 9.467534348368645 9.467534348368645 9.467534348368645 9.467534348368645 9.467534348368645 9.44821750959521 9.408250533326738 9.368283557058264 9.328316580789792 9.28834960452132 9.248382628252848 9.208415651984376 9.168448675715835 9.128481699447363 9.088514723178891 9.048547746910419 9.008580770641947
7.039501555263996 7.039501555263996 7.039501555263996 7.039501555263996 7.039501555263996 7.039501555263996 7.039501555263996 7.039501555263996 7.039501555263996 7.137294621922414 7.339630688006331 7.5419667540902475 7.744302820174164 -9999.0 -9999.0 -9999.0 -9999.0 -9999.0 -9999.0 -9999.0 -9999.0 -9999.0 -9999.0 9.467534348368645 9.467534348368645 9.467534348368645 9.467534348368645 9.467534348368645 9.467534348368645 9.467534348368645 9.467534348368645 9.467534348368645 9.467534348368645 9.44821750959521 9.408250533326738 9.368283557058264 9.328316580789792 9.28834960452132 9.248382628252848 9.208415651984376 9.168448675715835 9.128481699447363 9.088514723178891 9.048547746910419 9.008580770641947
7.039501555263996 7.039501555263996 7.039501555263996 7.039501555263996 7.039501555263996 7.039501555263996 7.039501555263996 7.039501555263996 7.039501555263996 7.137294621922414 7.339630688006331 7.5419667540902475 7.744302820174164 -9999.0 -9999.0 -9999.0 -9999.0 -9999.0 -9999.0 -9999.0 -9999.0 -9999.0 -9999.0 -9999.0 -9999.0 -9999.0 -9999.0 9.467534348368645 9.467534348368645 9.467534348368645 9.467534348368645 9.467534348368645 9.467534348368645 9.44821750959521 9.408250533326738 9.368283557058264 9.328316580789792 9.28834960452132 9.248382628252848 9.208415651984376 9.168448675715835 9.128481699447363 9.088514723178891 9.048547746910419 9.008580770641947
7.039501555263996 7.039501555263996 7.039501555263996 7.039501555263996 7.039501555263996 7.039501555263996 7.039501555263996 7.039501555263996 7.039501555263996 7.137294621922414 7.339630688006331 7.5419667540902475 7.744302820174164 -9999.0 -9999.0 -9999.0 -9999.0 -9999.0 -9999.0 -9999.0 -9999.0 -9999.0 -9999.0 -9999.0 -9999.0 -9999.0 -9999.0 -9999.0 -9999.0 9.467534348368645 9.467534348368645 9.467534348368645 9.467534348368645 9.44821750959521 9.408250533326738 9.368283557058264 9.328316580789792 9.28834960452132 9.248382628252848 9.208415651984376 9.168448675715835 9.128481699447363 9.088514723178891 9.048547746910419 9.008580770641947
7.039501555263996 7.039501555263996 7.039501555263996 7.039501555263996 7.039501555263996 7.039501555263996 7.039501555263996 7.039501555263996 7.039501555263996 7.137294621922414 7.339630688006331 7.5419667540902475 7.744302820174164 -9999.0 -9999.0 -9999.0 -9999.0 -9999.0 -9999.0 -9999.0 -9999.0 -9999.0 -9999.0 -9999.0 -9999.0 -9999.0 -9999.0 -9999.0 -9999.0 9.467534348368645 9.467534348368645 9.467534348368645 9.467534348368645 9.44821750959521 9.408250533326738 9.368283557058264 9.328316580789792 9.28834960452132 9.248382628252848 9.208415651984376 9.168448675715835 9.128481699447363 9.088514723178891 9.048547746910419 9.008580770641947
7.039501555263996 7.039501555263996 7.039501555263996 7.039501555263996 7.039501555263996 7.039501555263996 7.039501555263996 7.039501555263996 7.039501555263996 7.137294621922414 7.339630688006331 7.5419667540902475 -9999.0 -9999.0 -9999.0 -9999.0 -9999.0 -9999.0 -9999.0 -9999.0 -9999.0 -9999.0 -9999.0 -9999.0 -9999.0 -9999.0 -9999.0 -9999.0 9.467534348368645 9.467534348368645 9.467534348368645 9.467534348368645 9.467534348368645 9.44821750959521 9.408250533326738 9.368283557058264 9.328316580789792 9.28834960452132 9.248382628252848 9.208415651984376 9.168448675715835 9.128481699447363 9.088514723178891 9.048547746910419 9.008580770641947
7.039501555263996 7.039501555263996 7.039501555263996 7.039501555263996 7.039501555263996 7.039501555263996 7.039501555263996 7.039501555263996 7.039501555263996 7.137294621922414 7.339630688006331 7.5419667540902475 -9999.0 -9999.0 -9999.0 -9999.0 -9999.0 -9999.0 -9999.0 -9999.0 -9999.0 -9999.0 -9999.0 -9999.0 -9999.0 -9999.0 -9999.0 -9999.0 9.467534348368645 9.467534348368645 9.467534348368645 9.467534348368645 9.467534348368645 9.44821750959521 9.408250533326738 9.368283557058264 9.328316580789792 9.28834960452132 9.248382628252848 9.208415651984376 9.168448675715835 9.128481699447363 9.088514723178891 9.048547746910419 9.008580770641947
7.039501555263996 7.039501555263996 7.039501555263996 7.039501555263996 7.039501555263996 7.039501555263996 7.039501555263996 7.039501555263996 7.039501555263996 7.137294621922414 7.339630688006331 7.5419667540902475 -9999.0 -9999.0 -9999.0 -9999.0 -9999.0 -9999.0 -9999.0 -9999.0 -9999.0 -9999.0 -9999.0 -9999.0 -9999.0 -9999.0 9.467534348368645 9.467534348368645 9.467534348368645 9.467534348368645 9.467534348368645 9.467534348368645 9.467534348368645 9.44821750959521 9.408250533326738 9.368283557058264 9.328316580789792 9.28834960452132 9.248382628252848 9.208415651984376 9.168448675715835 9.128481699447363 9.088514723178891 9.048547746910419 9.008580770641947
7.039501555263996 7.039501555263996 7.039501555263996 7.039501555263996 7.039501555263996 7.039501555263996 7.039501555263996 7.039501555263996 7.039501555263996 7.137294621922414 7.339630688006331 -9999.0 -9999.0 -9999.0 -9999.0 -9999.0 -9999.0 -9999.0 -9999.0 -9999.0 -9999.0 -9999.0 -9999.0 -9999.0 -9999.0 -9999.0 9.467534348368645 9.467534348368645 9.467534348368645 9.467534348368645 9.467534348368645 9.467534348368645 9.467534348368645 9.44821750959521 9.408250533326738 9.368283557058264 9.328316580789792 9.28834960452132 9.248382628252848 9.208415651984376 9.168448675715835 9.128481699447363 9.088514723178891 9.048547746910419 9.008580770641947
7.039501555263996 7.039501555263996 7.039501555263996 7.039501555263996 7.039501555263996 7.039501555263996 7.039501555263996 7.039501555263996 7.039501555263996 7.137294621922414 -9999.0 -9999.0 -9999.0 -9999.0 -9999.0 -9999.0 -9999.0 -9999.0 -9999.0 -9999.0 -9999.0 -9999.0 -9999.0 -9999.0 -9999.0 -9999.0 9.467534348368645 9.467534348368645 9.467534348368645 9.467534348368645 9.467534348368645 9.467534348368645 9.467534348368645 9.44821750959521 9.408250533326738 9.368283557058264 9.328316580789792 9.28834960452132 9.248382628252848 9.208415651984376 9.168448675715835 9.128481699447363 9.088514723178891 9.048547746910419 9.008580770641947
7.039501555263996 7.039501555263996 7.039501555263996 7.039501555263996 7.039501555263996 7.039501555263996 -9999.0 -9999.0 -9999.0 -9999.0 -9999.0 -9999.0 -9999.0 -9999.0 -9999.0 -9999.0 -9999.0 -9999.0 -9999.0 -9999.0 -9999.0 -9999.0 -9999.0 -9999.0 -9999.0 -9999.0 -9999.0 9.467534348368645 9.467534348368645 9.467534348368645 9.467534348368645 9.467534348368645 9.467534348368645 9.44821750959521 9.408250533326738 9.368283557058264 9.328316580789792 9.28834960452132 9.248382628252848 9.208415651984376 9.168448675715835 9.128481699447363 9.088514723178891 9.048547746910419 9.008580770641947
7.3421445506722804 7.3421445506722804 7.3421445506722804 7.3421445506722804 7.3421445506722804 7.3421445506722804 -9999.0 -9999.0 -9999.0 -9999.0 -9999.0 -9999.0 -9999.0 -9999.0 -9999.0 -9999.0 -9999.0 -9999.0 -9999.0 -9999.0 -9999.0 -9999.0 -9999.0 -9999.0 -9999.0 -9999.0 -9999.0 9.641821893244348 9.641821893244348 9.641821893244348 9.641821893244348 9.641821893244348 9.641821893244348 9.622301210580499 9.581912476692871 9.541523742805245 9.501135008917617 9.46074627502999 9.420357541142364 9.379968807254736 9.33958007336704 9.299191339479414 9.258802605591788 9.21841387170416 9.178025137816533
7.968293833748305 7.968293833748305 -9999.0 7.968293833748305 -9999.0 -9999.0 -9999.0 -9999.0 -9999.0 -9999.0 -9999.0 -9999.0 -9999.0 -9999.0 -9999.0 -9999.0 -9999.0 -9999.0 -9999.0 -9999.0 -9999.0 -9999.0 -9999.0 -9999.0 -9999.0 -9999.0 -9999.0 -9999.0 -9999.0 10.002411838918714 10.002411838918714 10.002411838918714 10.002411838918714 9.982469416093092 9.941208092273195 9.899946768453297 9.8586854446334 9.817424120813504 9.776162796993606 9.734901473173709 9.69364014935374 9.652378825533843 9.611117501713945 9.569856177894048 9.52859485407415
8.59444311682433 8.59444311682433 -9999.0 -9999.0 -9999.0 -9999.0 -9999.0 -9999.0 -9999.0 -9999.0 -9999.0 -9999.0 -9999.0 -9999.0 -9999.0 -9999.0 -9999.0 -9999.0 -9999.0 -9999.0 -9999.0 -9999.0 -9999.0 -9999.0 -9999.0 -9999.0 -9999.0 -9999.0 -9999.0 10.363001784593083 10.363001784593083 10.363001784593083 10.363001784593083 10.34263762160569 10.30050370785352 10.258369794101354 10.216235880349185 10.174101966597018 10.131968052844849 10.08983413909268 10.04770022534044 10.005566311588273 9.963432397836105 9.921298484083938 9.879164570331769
