Figures/CREST_Example_wjb_NSE/Rolling_result/20100722/BJP_forecast/ens_6/wjb.rain.20100727.asc
ncols            288
nrows            254
xllcorner        113.274861
yllcorner        31.4918055
cellsize         0.008333333333
NODATA_value     -9999
[rows 60 to 79 of 254, columns 45 to 89 of 288]
2.571336235502663 2.6598325402803202 2.7483288450579773 2.836825149835634 2.9253214546132913 3.013817759390948 3.0956608801574452 3.1703915968377716 3.2451223135179705 3.3198530301981695 3.3945837468783684 3.4693144635585673 3.5440451802387662 3.618775896918965 3.693506613599164 3.768237330279363 3.8429680469595624 3.917698763639761 3.7984387810262934 3.4717983558016834 3.1451579305765165 2.8185175053519065 2.4918770801272965 2.165236654902686 1.8385962296780765 1.511955804453466 1.185315379228856 0.858674954004246 0.532034528779636 0.20539410355502596 0.05798426902765766 0.10217598774568737 0.14636770646371705 0.19055942518182212 0.2347511438998518 0.27894286261788154 0.3231345813359112 0.3673263000539409 0.41151801877197064 0.4557097374900003 0.49990145620803 0.5440931749260597 0.568261548180023 0.5710245124325346 0.5737874766850464
2.5386543366493775 2.622932027079823 2.7072097175102683 2.7914874079407137 2.8757650983711596 2.960042788801605 3.039296634716512 3.113179877293158 3.1870631198696775 3.2609463624461976 3.3348296050227173 3.408712847599237 3.4825960901757567 3.556479332752277 3.6303625753287965 3.704245817905316 3.7781290604818363 3.852012303058356 3.734057917647741 3.4110247715218045 3.0879916253953175 2.7649584792693815 2.4419253331434447 2.118892187017509 1.7958590408915724 1.472825894765636 1.1497927486396997 0.8267596025137633 0.5037264563878274 0.18069331026189106 0.03333497825180988 0.0737769939376905 0.11421900962357112 0.1546610253095207 0.19510304099540132 0.23554505668128195 0.2759870723671626 0.31642908805304315 0.3568711037389238 0.3973131194248044 0.43775513511068503 0.47819715079656566 0.5009574896903644 0.5048157163349787 0.5086739429795929
2.4583139349486753 2.5303412714880897 2.6023686080275037 2.674395944566918 2.746423281106332 2.8184506176457464 2.8873326699448727 2.952852342300061 3.0183720146551383 3.083891687010215 3.149411359365292 3.214931031720369 3.280450704075446 3.3459703764305226 3.4114900487855997 3.4770097211406767 3.542529393495754 3.608049065850831 3.4969224617334596 3.1969569950631427 2.896991528392314 2.597026061721997 2.29706059505168 1.9970951283813634 1.6971296617110465 1.3971641950407299 1.0971987283704125 0.7972332617000957 0.4972677950297788 0.19730232835946193 0.05987012638280693 0.09618965868434678 0.13250919098588662 0.1688287232874884 0.20514825558902824 0.2414677878905681 0.27778732019210794 0.3141068524936478 0.3504263847951877 0.3867459170967275 0.42306544939826735 0.4593849816998072 0.4801878264698749 0.48440298145778626 0.4886181364456976
2.3779735332479737 2.437750515896356 2.497527498544739 2.557304481193122 2.617081463841505 2.676858446489888 2.735368705173233 2.7925248073069646 2.8496809094405986 2.9068370115742326 2.9639931137078666 3.021149215841501 3.078305317975135 3.135461420108769 3.192617522242403 3.2497736243760373 3.3069297265096713 3.3640858286433053 3.259787005819178 2.9828892186044804 2.705991431389311 2.4290936441746136 2.152195856959916 1.8752980697452186 1.598400282530521 1.3215024953158236 1.0446047081011263 0.7677069208864289 0.49080913367173107 0.2139113464570337 0.08640527451380398 0.11860232343100305 0.15079937234820212 0.18299642126545612 0.21519347018265522 0.2473905190998543 0.27958756801705337 0.31178461693425247 0.3439816658514515 0.3761787147686506 0.4083757636858497 0.44057281260304876 0.45941816324938545 0.4639902465805939 0.46856232991180236
2.2976331315472716 2.345159760304623 2.3926863890619745 2.440213017819326 2.4877396465766775 2.535266275334029 2.583404740401593 2.6321972723138676 2.680989804226059 2.7297823361382503 2.7785748680504416 2.8273673999626325 2.876159931874824 2.9249524637870152 2.9737449956992066 3.0225375276113975 3.071330059523589 3.1201225914357797 3.0226515499048965 2.7688214421458186 2.5149913343863073 2.2611612266272294 2.0073311188681515 1.7535010111090732 1.4996709033499953 1.2458407955909172 0.9920106878318391 0.7381805800727612 0.4843504723136829 0.230520364554605 0.11294042264480104 0.14101498817765937 0.16908955371051768 0.19716411924342386 0.22523868477628217 0.2533132503091405 0.2813878158419988 0.3094623813748571 0.3375369469077154 0.36561151244057377 0.393686077973432 0.4217606435062904 0.438648500028896 0.44357751170340154 0.4485065233779071
2.217292729846569 2.2525690047128895 2.2878452795792095 2.32312155444553 2.35839782931185 2.39367410417817 2.4314407756299534 2.4718697373207705 2.5122986990115193 2.5527276607022675 2.593156622393016 2.633585584083764 2.674014545774513 2.714443507465261 2.7548724691560094 2.7953014308467576 2.8357303925375064 2.8761593542282546 2.785516093990615 2.5547536656871563 2.323991237383304 2.0932288090798457 1.8624663807763868 1.6317039524729282 1.4009415241694696 1.170179095866011 0.9394166675625522 0.7086542392590935 0.47789181095563515 0.24712938265217632 0.13947557077579809 0.16342765292431563 0.18737973507283318 0.21133181722139158 0.23528389936990912 0.25923598151842664 0.2831880636669442 0.3071401458154618 0.3310922279639793 0.3550443101124968 0.37899639226101445 0.40294847440953196 0.41787883680840654 0.4231647768262092 0.4284507168440118
2.1369523281457985 2.159978249121077 2.183004170096355 2.2060300910716335 2.229056012046912 2.2520819330221906 2.2794768108581835 2.3115422023275367 2.3436075937968353 2.375672985266134 2.4077383767354323 2.4398037682047304 2.471869159674029 2.5039345511433275 2.535999942612626 2.568065334081924 2.6001307255512227 2.6321961170205213 2.5483806380761314 2.3406858892283116 2.132991140380138 1.9252963915323182 1.7176016426844987 1.509906893836679 1.3022121449888595 1.09451739614104 0.8868226472932204 0.6791278984454008 0.4714331495975812 0.2637384007497614 0.16601071890681776 0.18584031767099102 0.2056699164351643 0.2254995151993714 0.24532911396354465 0.2651587127277179 0.2849883114918912 0.3048179102560644 0.3246475090202377 0.344477107784411 0.3643067065485842 0.38413630531275755 0.39710917358789943 0.4027520419489995 0.4083949103100995
2.0566119264450964 2.0673874935293433 2.0781630606135906 2.0889386276978374 2.0997141947820848 2.110489761866332 2.1275128460865442 2.15121466733444 2.174916488582296 2.1986183098301515 2.222320131078007 2.246021952325863 2.2697237735737184 2.293425594821574 2.3171274160694297 2.340829237317285 2.3645310585651407 2.388232879812996 2.31124518216185 2.12661811276965 1.941991043377135 1.7573639739849347 1.5727369045927344 1.3881098352005343 1.203482765808334 1.018855696416134 0.8342286270239336 0.6496015576317336 0.46497448823953325 0.28034741884733316 0.19254586703781482 0.20825298241764734 0.22396009779747983 0.2396672131773391 0.2553743285571716 0.2710814439370041 0.2867885593168366 0.3024956746966691 0.31820279007650165 0.33390990545633414 0.34961702083616664 0.36532413621599913 0.37633951036741 0.38233930707180713 0.3883391037762043
1.9762715247443943 1.9747967379376101 1.973321951130826 1.9718471643240416 1.9703723775172575 1.9688975907104733 1.9755488813149047 1.9908871323413435 2.0062253833677564 2.0215636343941688 2.0369018854205816 2.0522401364469944 2.067578387473407 2.0829166384998197 2.0982548895262325 2.1135931405526454 2.1289313915790578 2.1442696426054706 2.0741097262475683 1.9125503363109875 1.7509909463741313 1.5894315564375505 1.4278721665009697 1.266312776564389 1.104753386627808 0.9431939966912275 0.7816346067546467 0.6200752168180659 0.4585158268814853 0.2969564369449045 0.21908101516881187 0.2306656471643036 0.24225027915979533 0.2538349111553068 0.2654195431507986 0.2770041751462903 0.28858880714178203 0.30017343913727373 0.3117580711327655 0.3233427031282572 0.33492733512374895 0.3465119671192407 0.3555698471469205 0.36192657219461477 0.368283297242309
1.8959311230436922 1.8822059823458765 1.8684808416480612 1.8547557009502456 1.84103056025243 1.8273054195546146 1.823584916543265 1.8305595973482467 1.8375342781532165 1.8445089589581862 1.8514836397631562 1.858458320568126 1.865433001373096 1.8724076821780657 1.8793823629830357 1.8863570437880055 1.8933317245929755 1.9003064053979453 1.8369742703332868 1.6984825598523254 1.5599908493711279 1.4214991388901665 1.2830074284092052 1.144515717928244 1.0060240074472824 0.8675322969663213 0.72904058648536 0.5905488760043984 0.4520571655234371 0.3135654550424758 0.24561616329980893 0.25307831191095986 0.26054046052211083 0.26800260913327456 0.2754647577444255 0.2829269063555765 0.29038905496672746 0.2978512035778784 0.30531335218902933 0.31277550080018035 0.3202376494113313 0.3276997980224823 0.33480018392643107 0.3415138373174224 0.34822749070841374
1.81559072134299 1.7896152267541432 1.7636397321652963 1.7376642375764495 1.7116887429876027 1.6857132483987558 1.671620951771625 1.6702320623551496 1.6688431729386768 1.6674542835222037 1.6660653941057308 1.6646765046892578 1.663287615272785 1.6618987258563118 1.660509836439839 1.6591209470233659 1.657732057606893 1.65634316819042 1.5998388144190052 1.4844147833936634 1.3689907523681244 1.2535667213427826 1.1381426903174405 1.0227186592920985 0.9072946282667567 0.7918705972414147 0.6764465662160728 0.5610225351907308 0.44559850416538893 0.3301744731400469 0.27215131143080595 0.2754909766576162 0.27883064188442636 0.28217030711124225 0.2855099723380525 0.2888496375648627 0.2921893027916729 0.29552896801848305 0.2988686332452933 0.3022082984721035 0.3055479636989137 0.3088876289257239 0.3140305207059417 0.3211011024402301 0.32817168417451853
1.735250319642288 1.6970244711624098 1.6587986226825318 1.6205727742026534 1.5823469257227754 1.5441210772428973 1.5196569869999854 1.509904527362053 1.5001520677241371 1.4903996080862214 1.4806471484483055 1.4708946888103898 1.4611422291724738 1.4513897695345581 1.4416373098966422 1.4318848502587262 1.4221323906208105 1.4123799309828946 1.3627033585047237 1.2703470069350011 1.1779906553651212 1.0856343037953986 0.993277952225676 0.9009216006559535 0.8085652490862311 0.7162088975165085 0.623852545946786 0.5314961943770634 0.43913984280734086 0.3467834912376184 0.298686459561803 0.29790364140427245 0.2971208232467419 0.29633800508921 0.2955551869316794 0.29477236877414886 0.2939895506166183 0.29320673245908774 0.2924239143015572 0.2916410961440266 0.29085827798649605 0.2900754598289655 0.2932608574854522 0.30068836756303774 0.30811587764062326
1.6549099179415174 1.6044337155705974 1.5539575131996775 1.5034813108287575 1.4530051084578375 1.4025289060869177 1.3676930222282162 1.3495769923688195 1.3314609625094536 1.313344932650088 1.295228902790722 1.2771128729313563 1.2589968430719904 1.2408808132126246 1.2227647833532589 1.204648753493893 1.1865327236345273 1.1684166937751614 1.12556790259024 1.0562792304761568 0.986990558361955 0.9177018862478716 0.8484132141337881 0.7791245420197046 0.7098358699056212 0.6405471977915377 0.5712585256774543 0.5019698535633708 0.43268118144928736 0.36339250933520384 0.3252216076928227 0.32031630615094786 0.315411004609073 0.31050570306718983 0.305600401525315 0.30069509998344013 0.2957897984415653 0.2908844968996904 0.2859791953578156 0.2810738938159407 0.27616859227406587 0.271263290732191 0.27249119426494506 0.280275632685828 0.2880600711067109
1.5875701577651093 1.5348848883411463 1.482199618917183 1.42951434949322 1.3768290800692569 1.3241438106452939 1.286830067350804 1.2659488329230884 1.2450675984954087 1.2241863640677288 1.203305129640049 1.1824238952123691 1.1615426607846893 1.1406614263570094 1.1197801919293295 1.0988989575016497 1.07801772307397 1.0571364886462902 1.0187153444105597 0.9615436401088199 0.9043719358069825 0.8472002315052426 0.7900285272035028 0.7328568229017629 0.675685118600023 0.6185134142982832 0.5613417099965434 0.5041700056948035 0.4469983013930636 0.38982659709132383 0.35592387860767366 0.34689623199566777 0.3378685853836619 0.32884093877164056 0.31981329215963467 0.3107856455476287 0.30175799893562283 0.2927303523236169 0.283702705711611 0.2746750590996051 0.26564741248759915 0.25661976587559326 0.25547311984242477 0.262751441606642 0.27002976337085927
1.534127263677206 1.4899664297187507 1.4458055957602953 1.40164476180184 1.3574839278433848 1.3133230938849294 1.2819696090741266 1.264307469979814 1.2466453308855312 1.2289831917912486 1.211321052696966 1.1936589136026834 1.1759967745084008 1.1583346354141182 1.1406724963198354 1.1230103572255528 1.1053482181312702 1.0876860790369876 1.0511269894670674 0.9943666326822375 0.9376062758973108 0.8808459191124809 0.8240855623276511 0.7673252055428212 0.7105648487579913 0.6538044919731614 0.5970441351883315 0.5402837784035017 0.4835234216186718 0.42676306483384197 0.39108054103800177 0.3779306972050342 0.36478085337206656 0.3516310095390765 0.33848116570610887 0.3253313218731413 0.31218147804017365 0.299031634207206 0.2858817903742384 0.27273194654127075 0.2595821027083032 0.24643225887533554 0.24246525730422475 0.24831492172250155 0.25416458614077836
1.4806843695893028 1.4450479710963553 1.4094115726034078 1.37377517411046 1.3381387756175125 1.302502377124565 1.2771091507974495 1.2626661070365395 1.248223063275654 1.2337800195147686 1.219336975753883 1.2048939319929977 1.190450888232112 1.1760078444712267 1.1615648007103412 1.1471217569494558 1.1326787131885703 1.118235669427685 1.083538634523575 1.0271896252556552 0.970840615987639 0.9144916067197192 0.8581425974517993 0.8017935881838794 0.7454445789159594 0.6890955696480395 0.6327465603801197 0.5763975511121997 0.5200485418442798 0.4636995325763599 0.42623720346832983 0.4089651624144005 0.3916931213604712 0.37442108030651244 0.3571490392525831 0.33987699819865375 0.3226049571447244 0.3053329160907951 0.2880608750368658 0.27078883398293646 0.25351679292900714 0.23624475187507782 0.22945739476602478 0.23387840183836112 0.23829940891069748
1.4272414755013998 1.40012951247396 1.37301754944652 1.34590558641908 1.3187936233916404 1.2916816603642005 1.2722486925207726 1.2610247440932651 1.2498007956657768 1.2385768472382885 1.2273528988108002 1.216128950383312 1.2049050019558236 1.1936810535283353 1.182457105100847 1.1712331566733587 1.1600092082458704 1.148785259818382 1.1159502795800824 1.0600126178290725 1.0040749560779672 0.9481372943269573 0.8921996325759474 0.8362619708249375 0.7803243090739276 0.7243866473229177 0.6684489855719077 0.6125113238208978 0.5565736620698879 0.5006360003188779 0.4613938658986579 0.4399996276237669 0.4186053893488758 0.39721115107394833 0.37581691279905727 0.35442267452416626 0.33302843624927525 0.3116341979743842 0.2902399596994931 0.2688457214246021 0.2474514831497111 0.22605724487482007 0.2164495322278248 0.2194418819542207 0.22243423168061663
1.3737985814134968 1.3552110538515645 1.3366235262896324 1.3180359987277002 1.2994484711657681 1.2808609436038358 1.2673882342440954 1.2593833811499906 1.2513785280558993 1.2433736749618083 1.2353688218677172 1.2273639687736262 1.219359115679535 1.2113542625854439 1.2033494094913528 1.1953445563972616 1.1873397033031705 1.1793348502090795 1.1483619246365901 1.09283561040249 1.0373092961682955 0.9817829819341957 0.9262566677000956 0.8707303534659957 0.8152040392318958 0.7596777249977958 0.7041514107636959 0.648625096529596 0.5930987822954961 0.537572468061396 0.496550528328986 0.47103409283313324 0.44551765733728055 0.4200012218413843 0.3944847863455315 0.3689683508496788 0.343451915353826 0.3179354798579733 0.2924190443621205 0.2669026088662678 0.24138617337041507 0.21586973787456232 0.20344166968962477 0.20500536207008024 0.20656905445053572
1.3203556873255935 1.310292595229169 1.3002295031327447 1.2901664110363202 1.2801033189398958 1.2700402268434714 1.262527775967418 1.257742018206716 1.252956260446022 1.2481705026853283 1.2433847449246342 1.2385989871639402 1.2338132294032464 1.2290274716425524 1.2242417138818587 1.2194559561211646 1.2146701983604706 1.2098844405997768 1.1807735696930979 1.1256586029759077 1.0705436362586238 1.0154286695414338 0.9603137028242439 0.9051987361070539 0.850083769389864 0.794968802672674 0.739853835955484 0.6847388692382941 0.6296239025211041 0.5745089358039142 0.5317071907593142 0.5020685580424997 0.47242992532568523 0.4427912926088202 0.4131526598920058 0.38351402717519134 0.35387539445837685 0.3242367617415624 0.29459812902474797 0.2649594963079335 0.23532086359111903 0.2056822308743046 0.19043380715142477 0.1905688421859398 0.19070387722045484
1.2669127932376447 1.2653741366067353 1.2638354799758258 1.2622968233449163 1.2607581667140069 1.2592195100830976 1.2576673176907367 1.25610065526344 1.254533992836146 1.252967330408852 1.2514006679815581 1.249834005554264 1.2482673431269702 1.246700680699676 1.2451340182723822 1.2435673558450882 1.2420006934177943 1.2404340309905002 1.2131852147496331 1.1584815955493535 1.1037779763489806 1.049074357148701 0.9943707379484212 0.9396671187481416 0.8849634995478619 0.8302598803475822 0.7755562611473026 0.7208526419470229 0.6661490227467434 0.6114454035464637 0.5668638531896721 0.5331030232518925 0.49934219331411284 0.4655813633762756 0.4318205334384959 0.39805970350071623 0.36429887356293655 0.3305380436251569 0.2967772136873772 0.2630163837495975 0.22925555381181784 0.19549472387403816 0.17742594461321368 0.17613232230178705 0.17483869999036045
