Figures/CREST_Example_wjb_NSE/Rolling_result/20100722/BJP_forecast/ens_6/wjb.rain.20100726.asc
ncols            288
nrows            254
xllcorner        113.274861
yllcorner        31.4918055
cellsize         0.008333333333
NODATA_value     -9999
[rows 168 to 188 of 254, columns 144 to 191 of 288]
0.03447729171888872 0.020777778217636045 0.007078264716383398 0.0 0.0 0.0 0.0 0.0 0.0 0.0 0.0 0.0 0.0 0.0 0.0 0.005246993047439622 0.01610314035456184 0.026959287661684057 0.03781543496880627 0.048671582275928486 0.059527729583050706 0.07038387689017292 0.08124002419729513 0.09209617150441736 0.10295231881153957 0.1138084661186803 0.12466461342580251 0.12966304216816674 0.1283994372455844 0.12713583232300207 0.12587222740041973 0.1246086224778374 0.12334501755525507 0.12208141263267273 0.1208178077100904 0.11955420278750807 0.11829059786492574 0.1170269929423434 0.11576338801975891 0.11047424110402679 0.10088169871948673 0.09128915633494666 0.0816966139504066 0.07210407156586654 0.06251152918132646 0.05291898679678641 0.043326444412246354 0.03373390202770629
0.04294269933330154 0.030108231761839216 0.017273764190376878 0.010715594198227558 0.010866928281305425 0.011018262364383292 0.011169596447461159 0.011320930530539026 0.011472264613616893 0.01162359869669476 0.011774932779772627 0.011926266862850494 0.01207760094592862 0.012228935029006486 0.012380269112084353 0.01721889284895676 0.027068335256682445 0.036917777664408125 0.04676722007213381 0.0566166624798595 0.06646610488758517 0.07631554729531086 0.08616498970303654 0.09601443211076223 0.10586387451848792 0.1157133169262304 0.12556275933395608 0.130039271704356 0.1287720003130097 0.12750472892166342 0.12623745753031712 0.12497018613897083 0.12370291474762454 0.12243564335627824 0.12116837196493195 0.11990110057358566 0.11863382918223936 0.11736655779089307 0.11609928639954462 0.11079479252559164 0.10117441647532954 0.09155404042506743 0.08193366437480533 0.07231328832454323 0.06269291227428113 0.05307253622401902 0.043452160173756915 0.033831784123494815
0.06236819126076544 0.050564076850506054 0.038759962440246654 0.03288548314364542 0.03334991790536302 0.03381435266708062 0.03427878742879822 0.034743222190515816 0.035207656952233414 0.03567209171395101 0.03613652647566861 0.03660096123738621 0.0370653959991046 0.0375298307608222 0.0379942655225398 0.041499577860681876 0.04825565711556264 0.055011736370443404 0.06176781562532417 0.06852389488020494 0.0752799741350857 0.08203605338996647 0.08879213264484724 0.09554821189972801 0.10230429115460878 0.10906037040950106 0.11581644966438183 0.11874786675384011 0.1175906334630949 0.11643340017234968 0.11527616688160447 0.11411893359085926 0.11296170030011403 0.11180446700936882 0.1106472337186236 0.10949000042787839 0.10833276713713318 0.10717553384638795 0.10601830055564077 0.10117439975948128 0.09238936798895891 0.08360433621843653 0.07481930444791415 0.06603427267739179 0.05724924090686941 0.04846420913634703 0.03967917736582466 0.03089414559530229
0.08179368318821276 0.07101992193915542 0.06024616069009807 0.05505537208904433 0.0558329075294014 0.05661044296975847 0.05738797841011554 0.058165513850472604 0.05894304929082967 0.059720584731186736 0.0604981201715438 0.06127565561190087 0.06205319105225926 0.06283072649261633 0.06360826193297339 0.06578026287238628 0.06944297897442477 0.07310569507646325 0.07676841117850175 0.08043112728054023 0.08409384338257872 0.0877565594846172 0.09141927558665569 0.09508199168869418 0.09874470779073266 0.1024074238927774 0.10607013999481589 0.10745646180333386 0.10640926661318963 0.10536207142304539 0.10431487623290116 0.10326768104275692 0.10222048585261269 0.10117329066246845 0.10012609547232423 0.09907890028218 0.09803170509203576 0.09698450990189153 0.0959373147117455 0.09155400699337914 0.08360431950259577 0.07565463201181241 0.06770494452102906 0.059755257030245694 0.05180556953946233 0.04385588204867897 0.03590619455789561 0.027956507067112252
0.10121917511566006 0.09147576702780477 0.08173235893994948 0.07722526103444327 0.07831589715343981 0.07940653327243634 0.08049716939143288 0.0815878055104294 0.08267844162942595 0.08376907774842247 0.084859713867419 0.08595034998641554 0.08704098610541393 0.08813162222441047 0.089222258343407 0.09006094788409069 0.0906303008332869 0.09119965378248311 0.09176900673167931 0.09233835968087553 0.09290771263007173 0.09347706557926795 0.09404641852846415 0.09461577147766037 0.09518512442685657 0.09575447737605376 0.09632383032524997 0.09616505685282761 0.09522789976328436 0.0942907426737411 0.09335358558419786 0.0924164284946546 0.09147927140511136 0.0905421143155681 0.08960495722602485 0.08866780013648161 0.08773064304693835 0.08679348595739511 0.08585632886785026 0.08193361422727698 0.07481927101623263 0.06770492780518829 0.060590584594143945 0.053476241383099594 0.04636189817205525 0.03924755496101091 0.03213321174996656 0.025018868538922212
0.12064466704310738 0.11193161211645415 0.10321855718980093 0.09939514997984222 0.10079888677747821 0.10220262357511421 0.1036063603727502 0.1050100971703862 0.1064138339680222 0.10781757076565819 0.10922130756329419 0.1106250443609302 0.11202878115856858 0.11343251795620457 0.11483625475384057 0.11434163289579508 0.11181762269214901 0.10929361248850294 0.10676960228485687 0.1042455920812108 0.10172158187756473 0.09919757167391867 0.0966735614702726 0.09414955126662654 0.09162554106298047 0.08910153085933009 0.08657752065568403 0.08487365190232135 0.08404653291337909 0.08321941392443681 0.08239229493549455 0.08156517594655228 0.08073805695761002 0.07991093796866774 0.07908381897972548 0.07825669999078322 0.07742958100184094 0.07660246201289868 0.075775343023955 0.07231322146117483 0.0660342225298695 0.05975522359856417 0.053476224667258834 0.0471972257359535 0.04091822680464817 0.034639227873342844 0.02836022894203751 0.02208123001073218
0.14007015897055472 0.13238745720510353 0.12470475543965237 0.12156503892524116 0.12328187640151662 0.12499871387779209 0.12671555135406753 0.128432388830343 0.13014922630661846 0.13186606378289392 0.13358290125916938 0.13529973873544485 0.13701657621172325 0.1387334136879987 0.14045025116427418 0.1386223179074995 0.13300494455101114 0.1273875711945228 0.12177019783803444 0.1161528244815461 0.11053545112505775 0.1049180777685694 0.09930070441208105 0.0936833310555927 0.08806595769910436 0.08244858434260643 0.0768312109861181 0.07358224695181509 0.0728651660634738 0.07214808517513252 0.07143100428679124 0.07071392339844995 0.06999684251010867 0.06927976162176738 0.0685626807334261 0.06784559984508481 0.06712851895674353 0.06641143806840225 0.06569435718005974 0.06269282869507266 0.057249174043506344 0.05180551939194003 0.046361864740373716 0.0409182100888074 0.03547455543724108 0.030030900785674768 0.024587246134108454 0.01914359148254214
0.15949565089800205 0.15284330229375293 0.1461909536895038 0.1437349278706401 0.14576486602555502 0.14779480418046995 0.1498247423353849 0.15185468049029982 0.15388461864521474 0.15591455680012967 0.1579444949550446 0.1599744331099595 0.1620043712648779 0.16403430941979286 0.16606424757470778 0.1629030029192039 0.15419226640987327 0.14548152990054264 0.136770793391212 0.12806005688188138 0.11934932037255076 0.11063858386322013 0.1019278473538895 0.09321711084455889 0.08450637433522826 0.07579563782588278 0.06708490131655215 0.062290842001308834 0.06168379921356853 0.06107675642582823 0.06046971363808793 0.059862670850347625 0.05925562806260733 0.05864858527486702 0.05804154248712672 0.05743449969938642 0.05682745691164612 0.05622041412390581 0.05561337133616448 0.053072435928970506 0.0484641255571432 0.04385581518531591 0.039247504813488605 0.0346391944416613 0.030030884069834007 0.025422573698006705 0.020814263326179402 0.016205952954352107
0.17892114282546592 0.17329914738241972 0.16767715193937355 0.16590481681605793 0.1682478556496126 0.17059089448316725 0.1729339333167219 0.17527697215027657 0.17762001098383123 0.1799630498173859 0.18230608865094056 0.18464912748449522 0.18699216631805388 0.18933520515160854 0.1916782439851632 0.187183687930929 0.17537958826875344 0.1635754886065779 0.15177138894440237 0.13996728928222682 0.1281631896200513 0.11635908995787574 0.1045549902957002 0.09275089063352467 0.08094679097134912 0.06914269130915346 0.05733859164697791 0.05099943705079295 0.050502432363653725 0.050005427676514495 0.04950842298937527 0.04901141830223605 0.04851441361509682 0.0480174089279576 0.047520404240818374 0.04702339955367915 0.04652639486653992 0.0460293901794007 0.04553238549226063 0.04345204316286015 0.039679077070772575 0.035906110978685 0.03213314488659743 0.028360178794509857 0.024587212702422284 0.02081424661033471 0.01704128051824714 0.013268314426159562
0.19834663475291325 0.19375499247106912 0.18916335018922498 0.18807470576145688 0.190730845273651 0.19338698478584512 0.19604312429803925 0.19869926381023337 0.20135540332242752 0.20401154283462164 0.20666768234681576 0.20932382185900988 0.21197996137120853 0.21463610088340265 0.2172922403955968 0.2114643729426334 0.19656691012761557 0.18166944731259776 0.16677198449757993 0.1518745216825621 0.1369770588675443 0.12207959605252648 0.10718213323750866 0.09228467042249083 0.07738720760747303 0.0624897447924298 0.04759228197741197 0.039708032100286686 0.03932106551374845 0.038934098927210205 0.03854713234067196 0.038160165754133724 0.03777319916759548 0.03738623258105724 0.036999265994519 0.036612299407980754 0.03622533282144252 0.03583836623490427 0.03545139964836537 0.033831650396758 0.030894028584409438 0.02795640677206088 0.025018784959712322 0.022081163147363764 0.019143541335015207 0.01620591952266665 0.013268297710318091 0.01033067589796953
0.21777212668036053 0.21421083755971845 0.2106495484390764 0.2102445947068558 0.21321383489768939 0.21618307508852297 0.21915231527935658 0.22212155547019016 0.22509079566102377 0.22806003585185736 0.23102927604269094 0.23399851623352455 0.2369677564243632 0.2399369966151968 0.2429062368060304 0.23574505795433778 0.2177542319864777 0.19976340601861758 0.1817725800507575 0.1637817540828974 0.1457909281150373 0.1278001021471772 0.10980927617931713 0.09181845021145701 0.07382762424359693 0.055836798275706145 0.03784597230784606 0.02841662714978043 0.028139698663843173 0.027862770177905914 0.027585841691968656 0.027308913206031397 0.02703198472009414 0.026755056234156877 0.02647812774821962 0.02620119926228236 0.025924270776345102 0.025647342290407844 0.025370413804470113 0.02421125763065584 0.022108980098046297 0.020006702565436754 0.01790442503282721 0.01580214750021767 0.013699869967608126 0.011597592434998583 0.00949531490238904 0.007393037369779497
0.23719761860780786 0.23466668264836785 0.23213574668892784 0.23241448365225473 0.2356968245217278 0.23897916539120084 0.2422615062606739 0.24554384713014696 0.24882618799962 0.2521085288690931 0.2553908697385661 0.25867321060803916 0.2619555514775178 0.26523789234699086 0.26852023321646395 0.26002574296604214 0.23894155384533977 0.2178573647246374 0.19677317560393504 0.17568898648323267 0.15460479736253027 0.1335206082418279 0.11243641912112554 0.09135223000042317 0.07026804087972077 0.04918385175898246 0.028099662638280065 0.01712522219927417 0.016958331813937896 0.01679144142860162 0.016624551043265344 0.016457660657929068 0.016290770272592795 0.01612387988725652 0.015956989501920243 0.015790099116583967 0.015623208731247692 0.015456318345911416 0.015289427960574857 0.014590864864553684 0.013323931611683156 0.012056998358812628 0.0107900651059421 0.009523131853071572 0.008256198600201046 0.006989265347330518 0.00572233209445999 0.004455398841589462
0.2566231105352552 0.2551225277370172 0.25362194493877926 0.25458437259765365 0.2581798141457662 0.2617752556938787 0.26537069724199125 0.2689661387901038 0.27256158033821626 0.2761570218863288 0.2797524634344413 0.28334790498255386 0.2869433465306725 0.290538788078785 0.29413422962689756 0.2843064279777466 0.2601288757042019 0.23595132343065725 0.2117737711571126 0.18759621888356795 0.1634186666100233 0.13924111433647865 0.115063562062934 0.09088600978938935 0.0667084575158447 0.04253090524225883 0.018353352968714154 0.005833817248767914 0.005776964964032621 0.005720112679297329 0.0056632603945620365 0.005606408109826743 0.005549555825091451 0.005492703540356159 0.005435851255620866 0.005378998970885574 0.0053221466861502805 0.005265294401414988 0.005208442116679599 0.004970472098451528 0.004538883125320016 0.004107294152188503 0.00367570517905699 0.0032441162059254776 0.0028125272327939647 0.002380938259662452 0.0019493492865309391 0.0015177603133994266
0.25800679862969367 0.2562479272271403 0.2544890558245869 0.25532307316788244 0.2589289472287793 0.26253482128967615 0.266140695350573 0.26974656941146985 0.2733524434723667 0.27695831753326355 0.2805641915941604 0.28417006565505726 0.28777593971596027 0.2913818137768571 0.294987687837754 0.2848946114801736 0.2601570472419627 0.23541948300375176 0.21068191876554082 0.18594435452732994 0.161206790289119 0.13646922605090808 0.11173166181269714 0.08699409757448623 0.062256533336275316 0.037518969098022215 0.012781404859811274 0.00031944461812862055 0.0009803827598352309 0.0016413209015418415 0.0023022590432484518 0.0029631971849550624 0.0036241353266616727 0.004285073468368283 0.0049460116100748935 0.005606949751781504 0.006267887893488115 0.0069288260351947255 0.007589764176902463 0.007859401793637777 0.007710730295980756 0.007562058798323736 0.007413387300666715 0.007264715803009695 0.007116044305352675 0.006967372807695655 0.006818701310038634 0.006670029812381613
0.2401049356433187 0.23671029881518624 0.2333156619870538 0.23315318422248354 0.23644595760474094 0.23973873098699833 0.2430315043692557 0.24632427775151308 0.24961705113377047 0.25290982451602784 0.25620259789828526 0.2594953712805426 0.26278814466280564 0.266080918045063 0.26937369142732037 0.26015700426241534 0.23756742079670673 0.2149778373309981 0.19238825386528946 0.16979867039958085 0.14720908693387222 0.12461950346816361 0.10202992000245498 0.07944033653674634 0.056850753071037735 0.034261169605290576 0.011671586139581969 0.0009803553977027544 0.0030087328941388117 0.0050371103905748685 0.007065487887010926 0.009093865383446982 0.01112224287988304 0.013150620376319097 0.015178997872755154 0.017207375369191213 0.01923575286562727 0.021264130362063326 0.023292507858502842 0.02412000870838017 0.02366374525317953 0.02320748179797889 0.022751218342778254 0.022294954887577614 0.021838691432376975 0.021382427977176335 0.020926164521975696 0.02046990106677506
0.22220307265692846 0.21717267040321553 0.2121422681495026 0.21098329527706572 0.21396296798068337 0.21694264068430102 0.21992231338791868 0.22290198609153633 0.22588165879515398 0.22886133149877164 0.2318410042023893 0.23482067690600694 0.23780034960962967 0.24078002231324733 0.24375969501686498 0.23541939704463602 0.21497779435143152 0.19453619165822703 0.17409458896502256 0.15365298627181806 0.13321138357861356 0.11276978088540904 0.09232817819220454 0.07188657549900004 0.05144497280579555 0.03100337011255619 0.010561767419351692 0.001641266177277452 0.0050370830284441215 0.008432899879610791 0.01182871673077746 0.01522453358194413 0.018620350433110798 0.02201616728427747 0.025411984135444137 0.02880780098661081 0.032203617837777476 0.035599434688944144 0.038995251540116606 0.040380615623136426 0.039616760210391906 0.038852904797647386 0.038089049384902866 0.037325193972158346 0.036561338559413833 0.035797483146669314 0.035033627733924794 0.034269772321180274
0.20430120967055349 0.19763504199126147 0.19096887431196946 0.18881340633166677 0.19147997835664496 0.19414655038162315 0.19681312240660134 0.19947969443157954 0.20214626645655773 0.20481283848153592 0.20747941050651408 0.21014598253149228 0.21281255455647502 0.2154791265814532 0.2181456986064314 0.2106817898268778 0.1923881679061756 0.1740945459854734 0.1558009240647712 0.13750730214406898 0.11921368022336677 0.10092005830266457 0.08262643638196238 0.06433281446126016 0.046039192540557966 0.02774557061982455 0.009451948699122359 0.002302176956851586 0.007065433162747703 0.01182868936864382 0.016591945574539937 0.021355201780436053 0.02611845798633217 0.030881714192228286 0.035644970398124406 0.04040822660402052 0.04517148280991664 0.04993473901581275 0.05469799522171699 0.056641222537878816 0.05556977516759068 0.05449832779730254 0.053426880427014406 0.05235543305672627 0.05128398568643813 0.050212538316149996 0.04914109094586186 0.04806964357557372
0.1863993466841785 0.17809741357930742 0.16979548047443632 0.16664351738626781 0.16899698873260655 0.17135046007894528 0.173703931425284 0.1760574027716227 0.17841087411796144 0.18076434546430017 0.18311781681063888 0.1854712881569776 0.18782475950332034 0.19017823084965907 0.1925317021959978 0.18594418260911955 0.16979854146091963 0.15365290031271972 0.13750725916451983 0.12136161801631991 0.10521597686812001 0.0890703357199201 0.0729246945717202 0.05677905342352027 0.040633412275320385 0.02448777112709294 0.008342129978893026 0.00296308773642572 0.009093783297051284 0.015224478857676848 0.02135517441830241 0.027485869978927973 0.033616565539553535 0.0397472611001791 0.045877956660804665 0.05200865222143023 0.05813934778205579 0.06427004334268135 0.07040073890331737 0.0729018294526212 0.07152279012478946 0.0701437507969577 0.06876471146912594 0.06738567214129419 0.06600663281346243 0.06462759348563069 0.06324855415779893 0.06186951482996717
0.16849748369780354 0.15855978516735336 0.14862208663690318 0.1444736284408689 0.14651399910856813 0.1485543697762674 0.15059474044396665 0.15263511111166592 0.15467548177936516 0.15671585244706443 0.15875622311476367 0.16079659378246294 0.16283696445016568 0.16487733511786495 0.1669177057855642 0.1612065753913613 0.1472089150156637 0.13321125463996608 0.11921359426426846 0.10521593388857085 0.09121827351287325 0.07722061313717564 0.06322295276147802 0.04922529238578041 0.035227632010082804 0.021229971634361328 0.007232311258663721 0.003623998515999854 0.011122133431354864 0.018620268346709875 0.026118403262064886 0.03361653817741989 0.0411146730927749 0.048612808008129914 0.056110942923484924 0.06360907783883994 0.07110721275419495 0.07860534766954996 0.08610348258491775 0.0891624363673636 0.08747580508198823 0.08578917379661286 0.08410254251123749 0.08241591122586212 0.08072927994048673 0.07904264865511136 0.07735601736973599 0.07566938608436062
0.15059562071142857 0.1390221567553993 0.12744869279937004 0.12230373949546995 0.12403100948452975 0.12575827947358953 0.12748554946264934 0.12921281945170912 0.13094008944076893 0.1326673594298287 0.1343946294188885 0.1361218994079483 0.13784916939701103 0.13957643938607084 0.14130370937513062 0.13646896817360307 0.12461928857040774 0.11276960896721243 0.10091992936401711 0.0890702497608218 0.07722057015762648 0.06537089055443117 0.05352121095123584 0.041671531348040525 0.02982185174484521 0.01797217214162969 0.00612249253843436 0.004284909295573988 0.013150483565658443 0.0220160578357429 0.030881632105827356 0.03974720637591181 0.048612780645996265 0.05747835491608072 0.06634392918616518 0.07520950345624963 0.08407507772633409 0.09294065199641854 0.10180622626651813 0.105423043282106 0.103428820039187 0.10143459679626801 0.09944037355334902 0.09744615031043004 0.09545192706751104 0.09345770382459205 0.09146348058167306 0.08946925733875408
0.13269375772505357 0.11948452834344522 0.10627529896183685 0.10013385055007101 0.10154801986049135 0.10296218917091167 0.10437635848133199 0.10579052779175233 0.10720469710217265 0.10861886641259298 0.1100330357230133 0.11144720503343364 0.11286137434385637 0.1142755436542767 0.11568971296469702 0.11173136095584481 0.10202966212515178 0.09232796329445876 0.08262626446376575 0.07292456563307273 0.0632228668023797 0.053521167971686684 0.04381946914099366 0.03411777031030065 0.02441607147960763 0.014714372648898064 0.005012673818205041 0.004945820075148122 0.015178833699962025 0.025411847324775926 0.03564486094958983 0.04587787457440373 0.05611088819921763 0.06634390182403153 0.07657691544884544 0.08680992907365935 0.09704294269847324 0.10727595632328715 0.1175089699481185 0.12168365019684839 0.11938183499638577 0.11708001979592317 0.11477820459546056 0.11247638939499795 0.11017457419453534 0.10787275899407274 0.10557094379361012 0.10326912859314752
