Figures/CREST_Example_wjb_NSE/Rolling_result/20100722/BJP_forecast/ens_6/wjb.rain.20100725.asc
ncols            288
nrows            254
xllcorner        113.274861
yllcorner        31.4918055
cellsize         0.008333333333
NODATA_value     -9999
[rows 60 to 79 of 254, columns 44 to 87 of 288]
1.7831410619420542 1.636910095706526 1.4906791294709976 1.3444481632354692 1.198217196999941 1.0519862307644126 0.9057552645288842 0.860231486618438 0.9223659692584555 0.9845004518983669 1.0466349345382784 1.1087694171781899 1.1709038998181014 1.233038382458013 1.2951728650979244 1.357307347737836 1.4194418303777474 1.481576313017659 1.5437107956575704 1.6101178945736572 1.681092516869406 1.7520671391652756 1.8230417614610244 1.8940163837567732 1.964991006052522 2.0359656283482708 2.106940250644019 2.177914872939768 2.2488894952355167 2.3198641175312655 2.3908387398270143 2.529824011479751 2.74151420478305 2.953204398086349 3.1648945913900093 3.376584784693309 3.588274977996608 3.799965171299907 4.0116553646032065 4.223345557906505 4.435035751209805 4.646725944513104 4.858416137816403 4.953947497729664
1.9342115437037646 1.786396933023696 1.6385823223436269 1.490767711663558 1.3429531009834892 1.1951384903034206 1.0473238796233517 1.0016231817372527 1.0650845646543037 1.1285459475712463 1.1920073304881889 1.2554687134051314 1.318930096322074 1.3823914792390166 1.4458528621559594 1.5093142450729018 1.5727756279898446 1.6362370109067872 1.6996983938237298 1.7664293482506048 1.8366555485286853 1.9068817488068852 1.9771079490849657 2.0473341493630457 2.1175603496411264 2.1877865499192066 2.258012750197287 2.328238950475367 2.3984651507534474 2.4686913510315276 2.538917551309608 2.6723774045143496 2.8734354621941005 3.074493519873851 3.2755515775539443 3.476609635233695 3.6776676929134453 3.8787257505931962 4.079783808272946 4.280841865952698 4.481899923632448 4.682957981312199 4.884016038991949 4.974952403024642
2.1459148124373653 2.007648253308222 1.8693816941790784 1.7311151350499352 1.5928485759207918 1.4545820167916483 1.3163154576625051 1.2758833250375659 1.3400384056450727 1.40419348625247 1.4683485668598675 1.5325036474672649 1.596658728074662 1.6608138086820596 1.7249688892894568 1.7891239698968544 1.8532790505042516 1.9174341311116492 1.9815892117190463 2.048611282121521 2.1186982294218555 2.1887851767223094 2.258872124022644 2.328959071322978 2.3990460186233125 2.469132965923647 2.539219913223981 2.6093068605243155 2.67939380782465 2.749480755124984 2.8195677024253185 2.9340100070455746 3.095869191363603 3.2577283756816313 3.4195875599999352 3.581446744317964 3.743305928635992 3.90516511295402 4.067024297272049 4.228883481590077 4.390742665908105 4.552601850226133 4.714461034544161 4.7867988640128765
2.3576180811709655 2.2288995735927477 2.10018106601453 1.9714625584363121 1.8427440508580941 1.7140255432798763 1.5853070357016585 1.550143468337879 1.6149922466358417 1.679841024933694 1.7446898032315459 1.809538581529398 1.8743873598272502 1.9392361381251022 2.0040849164229546 2.0689336947208066 2.133782473018659 2.198631251316511 2.263480029614363 2.3307932159924376 2.400740910315026 2.4706886046377337 2.540636298960322 2.6105839932829102 2.6805316876054985 2.750479381928087 2.8204270762506756 2.890374770573264 2.960322464895852 3.0302701592184405 3.1002178535410287 3.1956426095768 3.318302920533106 3.4409632314894116 3.5636235424459266 3.6862838534022324 3.808944164358538 3.931604475314844 4.054264786271149 4.176925097227455 4.299585408183761 4.422245719140067 4.5449060300963735 4.598645325001112
2.569321349904566 2.450150893877274 2.3309804378499814 2.211809981822689 2.0926395257953967 1.9734690697681043 1.854298613740812 1.824403611638192 1.8899460876266108 1.9554885636149177 2.0210310396032245 2.0865735155915317 2.1521159915798385 2.217658467568145 2.2832009435564524 2.348743419544759 2.414285895533066 2.479828371521373 2.54537084750968 2.612975149863354 2.6827835912081963 2.752592032553158 2.8224004738980004 2.8922089152428425 2.962017356587685 3.0318257979325276 3.1016342392773697 3.1714426806222122 3.2412511219670543 3.311059563311897 3.3808680046567394 3.457275212108025 3.5407366497026085 3.624198087297192 3.7076595248919175 3.7911209624865014 3.874582400081085 3.9580438376756684 4.041505275270252 4.124966712864835 4.208428150459419 4.291889588054002 4.375351025648586 4.410491785989347
2.781024618638167 2.6714022141618 2.561779809685433 2.452157405209066 2.342535000732699 2.232912596256332 2.123290191779965 2.098663754938505 2.16489992861738 2.2311361022961416 2.297372275974903 2.3636084496536647 2.4298446233324267 2.4960807970111882 2.56231697068995 2.628553144368712 2.6947893180474733 2.761025491726235 2.8272616654049965 2.8951570837342704 2.9648262721013667 3.034495460468582 3.1041646488356784 3.173833837202775 3.243503025569871 3.3131722139369675 3.382841402304064 3.4525105906711606 3.522179779038257 3.5918489674053533 3.6615181557724497 3.71890781463925 3.763170378872111 3.8074329431049723 3.851695507337909 3.89595807157077 3.940220635803631 3.9844832000364923 4.028745764269353 4.0730083285022145 4.117270892735076 4.161533456967937 4.205796021200798 4.222338246977582
2.9927278873719474 2.892653534446514 2.7925791815210808 2.6925048285956477 2.592430475670214 2.4923561227447806 2.3922817698193475 2.3729238982390517 2.439853769608383 2.5067836409776 2.573713512346817 2.640643383716034 2.707573255085251 2.7745031264544684 2.841432997823685 2.9083628691929024 2.9752927405621192 3.0422226119313365 3.1091524833005533 3.1773390176054273 3.2468689529947774 3.3163988883842466 3.3859288237735967 3.455458759162947 3.5249886945522975 3.5945186299416476 3.664048565330998 3.7335785007203484 3.8031084361096985 3.872638371499049 3.9421683068883993 3.9805404171706975 3.985604108041803 3.9906677989129085 3.9957314897840224 4.000795180655127 4.005858871526233 4.010922562397338 4.015986253268443 4.021049944139549 4.026113635010654 4.03117732588176 4.036241016752865 4.0341847079656565
3.2044311561055476 3.11390485473104 3.0233785533565323 2.9328522519820246 2.842325950607517 2.751799649233009 2.661273347858501 2.647184041539365 2.714807610599152 2.7824311796588237 2.8500547487184957 2.9176783177781678 2.9853018868378394 3.0529254558975114 3.120549024957183 3.188172594016855 3.2557961630765266 3.3234197321361987 3.3910433011958707 3.459520951476344 3.5289116338879483 3.598302316299671 3.667692998711275 3.7370836811228796 3.806474363534484 3.8758650459460884 3.945255728357693 4.014646410769297 4.084037093180902 4.1534277755925055 4.22281845800411 4.242173019701923 4.208037837211306 4.173902654720689 4.139767472230013 4.105632289739397 4.07149710724878 4.037361924758162 4.003226742267545 3.9690915597769285 3.934956377286311 3.900821194795694 3.866686012305077 3.846031168953891
3.4161344248391483 3.335156175015566 3.254177925191984 3.1731996753684015 3.0922214255448193 3.011243175721237 2.9302649258976543 2.921444184839678 2.989761451589921 3.0580787183400475 3.1263959850901744 3.1947132518403007 3.2630305185904276 3.3313477853405544 3.399665052090681 3.4679823188408077 3.536299585590934 3.604616852341061 3.6729341190911873 3.7417028853472605 3.8109543147811187 3.880205744215095 3.9494571736489537 4.018708603082812 4.08796003251667 4.157211461950529 4.2264628913843865 4.295714320818245 4.364965750252104 4.4342171796859615 4.50346860911982 4.5038056222331475 4.430471566380809 4.357137510528469 4.283803454676004 4.210469398823665 4.137135342971326 4.063801287118986 3.990467231266647 3.9171331754143077 3.843799119561968 3.770465063709629 3.697131007857289 3.657877629942126
3.627837693572749 3.556407495300092 3.4849772970274353 3.4135470987547785 3.3421169004821216 3.270686702209465 3.199256503936808 3.195704328139991 3.26471529258069 3.3337262570212713 3.402737221461853 3.471748185902434 3.540759150343016 3.609770114783597 3.6787810792241786 3.74779204366476 3.8168030081053415 3.8858139725459226 3.954824936986504 4.023884819218177 4.092996995674289 4.16210917213052 4.231221348586632 4.300333525042745 4.369445701498856 4.438557877954969 4.507670054411081 4.5767822308671935 4.645894407323306 4.715006583779418 4.784118760235531 4.765438224764373 4.652905295550312 4.54037236633625 4.427839437121996 4.315306507907934 4.202773578693872 4.090240649479811 3.977707720265749 3.865174791051687 3.752641861837625 3.6401089326235634 3.527576003409502 3.4697240909303613
3.8395409623063492 3.7776588155846182 3.715776668862887 3.6538945221411554 3.592012375419424 3.5301302286976926 3.468248081975961 3.469964471440304 3.539669133571459 3.609373795702495 3.6790784578335316 3.7487831199645676 3.8184877820956036 3.88819244422664 3.957897106357676 4.027601768488712 4.097306430619748 4.167011092750784 4.23671575488182 4.306066753089093 4.375039676567459 4.4440126000459435 4.51298552352431 4.581958447002676 4.650931370481042 4.719904293959409 4.788877217437776 4.857850140916142 4.926823064394508 4.995795987872874 5.064768911351241 5.0270708272955975 4.875339024719814 4.72360722214403 4.571875419567987 4.420143616992203 4.268411814416418 4.116680011840634 3.96494820926485 3.813216406689066 3.661484604113282 3.5097528015374975 3.358020998961713 3.281570551918596
4.0512442310399495 3.998910135869144 3.9465760406983383 3.8942419455275323 3.8419078503567263 3.7895737551859208 3.7372396600151148 3.744224614740617 3.814622974562228 3.885021334383719 3.95541969420521 4.025818054026701 4.096216413848191 4.166614773669683 4.237013133491174 4.307411493312665 4.377809853134155 4.448208212955646 4.518606572777137 4.588248686960009 4.65708235746063 4.725916027961367 4.794749698461988 4.863583368962608 4.932417039463229 5.001250709963849 5.07008438046447 5.13891805096509 5.207751721465711 5.276585391966331 5.345419062466952 5.288703429826823 5.097772753889316 4.9068420779518105 4.715911402013978 4.524980726076471 4.3340500501389645 4.143119374201459 3.952188698263952 3.7612580223264453 3.5703273463889387 3.3793966704514324 3.1884659945139258 3.0934170129068312
4.26294749977373 4.220161456153859 4.177375412533986 4.1345893689141135 4.091803325294242 4.049017281674369 4.0062312380544975 4.018484758041164 4.089576815553231 4.160668873065178 4.231760930577124 4.30285298808907 4.373945045601016 4.445037103112963 4.516129160624909 4.587221218136856 4.658313275648801 4.729405333160748 4.800497390672694 4.870430620831166 4.939125038354041 5.007819455877032 5.0765138733999065 5.145208290922781 5.213902708445655 5.28259712596853 5.351291543491404 5.419985961014278 5.488680378537152 5.557374796060027 5.626069213582902 5.550336032358271 5.3202064830590095 5.090076933759747 4.859947384460092 4.6298178351608295 4.399688285861568 4.169558736562305 3.9394291872630425 3.70929963796378 3.479170088664518 3.2490405393652555 3.018910990065993 2.9052634738949057
4.569181020099428 4.5391689751038315 4.509156930108235 4.479144885112639 4.449132840117042 4.4191207951214455 4.38910875012585 4.404208931979386 4.467535103982348 4.530861275985202 4.594187447988055 4.657513619990908 4.720839791993762 4.784165963996616 4.847492135999469 4.910818308002323 4.974144480005177 5.037470652008031 5.100796824010884 5.161453905366181 5.219257668485733 5.277061431605384 5.334865194724936 5.392668957844489 5.450472720964041 5.508276484083593 5.5660802472031445 5.623884010322697 5.681687773442249 5.739491536561801 5.797295299681354 5.704833486412488 5.4517343749941665 5.198635263575845 4.945536152157091 4.69243704073877 4.439337929320448 4.186238817902126 3.9331397064838045 3.6800405950654826 3.4269414836471612 3.1738423722288394 2.9207432608105175 2.7977715060412316
4.97646141916824 4.962671706819758 4.948881994471276 4.9350922821227945 4.921302569774313 4.90751285742583 4.893723145077349 4.909081126772229 4.955598652209317 5.002116177646326 5.048633703083335 5.095151228520344 5.1416687539573545 5.188186279394364 5.234703804831373 5.281221330268382 5.327738855705391 5.3742563811424 5.420773906579409 5.461928036306806 5.497348574783652 5.53276911326056 5.5681896517374065 5.603610190214253 5.6390307286910994 5.674451267167946 5.709871805644792 5.74529234412164 5.780712882598486 5.816133421075333 5.851553959552179 5.744810221702566 5.486089658612388 5.227369095522211 4.968648532431592 4.709927969341415 4.451207406251237 4.192486843161059 3.9337662800708815 3.675045716980704 3.4163251538905266 3.157604590800349 2.8988840277101713 2.7765016719782407
5.383741818237051 5.386174438535685 5.388607058834317 5.39103967913295 5.393472299431584 5.395904919730216 5.398337540028849 5.413953321565072 5.443662200436287 5.4733710793074515 5.503079958178616 5.5327888370497815 5.562497715920946 5.592206594792111 5.621915473663275 5.65162435253444 5.681333231405605 5.71104211027677 5.7407509891479345 5.76240216724743 5.7754394810815715 5.788476794915734 5.801514108749876 5.8145514225840165 5.827588736418158 5.840626050252299 5.85366336408644 5.866700677920581 5.879737991754722 5.892775305588863 5.9058126194230045 5.784786956992644 5.520444942230609 5.256102927468577 4.991760912706092 4.727418897944059 4.463076883182025 4.198734868419992 3.9343928536579584 3.670050838895925 3.4057088241338915 3.141366809371858 2.8770247946098246 2.7552318379152494
5.791022217305863 5.809677170251611 5.828332123197359 5.846987076143106 5.865642029088853 5.884296982034601 5.902951934980349 5.918825516357914 5.931725748663256 5.944625980968576 5.957526213273897 5.970426445579217 5.983326677884538 5.996226910189858 6.009127142495178 6.022027374800499 6.034927607105819 6.047827839411139 6.0607280717164596 6.062876298188054 6.05353038737949 6.044184476570909 6.034838565762345 6.025492654953781 6.0161467441452166 6.006800833336652 5.997454922528087 5.988109011719523 5.9787631009109585 5.969417190102394 5.96007127929383 5.824763692282721 5.554800225848831 5.284836759414942 5.014873292980592 4.744909826546703 4.474946360112813 4.204982893678924 3.935019427245035 3.6650559608111455 3.395092494377256 3.1251290279433666 2.8551655615094775 2.733962003852258
6.198302616374676 6.233179901967538 6.2680571875604 6.302934473153262 6.337811758746124 6.372689044338986 6.407566329931848 6.423697711150756 6.419789296890225 6.415880882629701 6.411972468369178 6.408064054108653 6.404155639848129 6.400247225587605 6.396338811327081 6.392430397066557 6.388521982806033 6.384613568545509 6.380705154284985 6.363350429128679 6.33162129367741 6.299892158226085 6.268163022774815 6.236433887323545 6.204704751872275 6.172975616421005 6.141246480969735 6.109517345518465 6.077788210067196 6.0460590746159255 6.014329939164655 5.864740427572799 5.589155509467053 5.313570591361308 5.037985673255093 4.762400755149348 4.486815837043602 4.211230918937857 3.935646000832112 3.660061082726367 3.3844761646206214 3.1088912465148764 2.8333063284091313 2.7126921697892667
6.605583015443487 6.656682633683463 6.70778225192344 6.7588818701634175 6.809981488403394 6.861081106643371 6.912180724883347 6.928569905943598 6.907852845117194 6.887135784290826 6.866418723464458 6.845701662638089 6.82498460181172 6.804267540985352 6.783550480158984 6.762833419332615 6.742116358506246 6.721399297679878 6.70068223685351 6.663824560069303 6.609712199975328 6.5555998398812605 6.501487479787285 6.447375119693309 6.393262759599334 6.339150399505358 6.285038039411383 6.230925679317407 6.176813319223432 6.122700959129456 6.068588599035481 5.904717162862876 5.623510793085275 5.342304423307674 5.0610980535295935 4.779891683751992 4.498685313974391 4.21747894419679 3.936272574419189 3.655066204641588 3.3738598348639868 3.0926534650863853 2.8114470953087842 2.691422335726276
7.012863414512646 7.0801853653997515 7.147507316286856 7.214829267173962 7.282151218061067 7.3494731689481725 7.416795119835278 7.433442100736872 7.39591639334458 7.358390685952353 7.320864978560126 7.283339271167899 7.245813563775671 7.208287856383444 7.1707621489912166 7.1332364415989895 7.095710734206762 7.0581850268145345 7.0206593194223075 6.964298691010184 6.887803106273483 6.811307521536653 6.734811936799953 6.658316352063253 6.581820767326553 6.505325182589853 6.428829597853152 6.352334013116453 6.275838428379752 6.199342843643052 6.1228472589063525 5.9446938981529875 5.657866076703526 5.3710382552540645 5.084210433804113 4.797382612354651 4.510554790905189 4.223726969455727 3.936899148006266 3.6500713265568043 3.3632435051073424 3.0764156836578804 2.789587862208419 2.6701525016632663
