Figures/CREST_Example_wjb_NSE/Rolling_result/20100722/BJP_forecast/ens_6/wjb.rain.20100728.asc
ncols            288
nrows            254
xllcorner        113.274861
yllcorner        31.4918055
cellsize         0.008333333333
NODATA_value     -9999
[rows 200 to 219 of 254, columns 45 to 89 of 288]
-9999.0 -9999.0 -9999.0 -9999.0 -9999.0 -9999.0 -9999.0 -9999.0 -9999.0 7.258106349757493 7.258106349757493 7.258106349757493 7.258106349757493 7.258106349757493 7.258106349757493 7.258106349757493 7.258106349757493 7.258106349757493 2.092641664544705 2.2970885188205683 2.5015353730967798 2.705982227372643 2.9104290816485063 3.114875935924369 3.319322790200232 3.5237696444760953 3.7282164987519586 3.9326633530278214 4.137110207303684 4.341557061579548 4.620162647057402 4.978045592665211 5.33592853827302 5.69381148388144 6.051694429489249 6.409577375097058 6.767460320704867 7.125343266312676 7.483226211920485 7.841109157528294 8.198992103136103 8.556875048743912 8.850315918709686 9.074866752867225 9.299417587024765
-9999.0 -9999.0 -9999.0 -9999.0 -9999.0 -9999.0 -9999.0 -9999.0 7.258106349757493 7.258106349757493 7.258106349757493 7.258106349757493 7.258106349757493 7.258106349757493 7.258106349757493 7.258106349757493 7.258106349757493 7.258106349757493 1.8353636980058974 2.0155163637249247 2.195669029444259 2.3758216951632867 2.5559743608823142 2.7361270266013413 2.9162796923203684 3.096432358039396 3.2765850237584235 3.4567376894774506 3.636890355196478 3.8170430209155057 4.116798958414772 4.544413497267619 4.972028036120465 5.399642574974041 5.827257113826887 6.254871652679734 6.682486191532581 7.110100730385427 7.537715269238273 7.96532980809112 8.392944346943967 8.820558885796814 9.115312961508739 9.268036198330263 9.420759435151787
-9999.0 -9999.0 -9999.0 -9999.0 -9999.0 -9999.0 -9999.0 7.258106349757493 7.258106349757493 7.258106349757493 7.258106349757493 7.258106349757493 7.258106349757493 7.258106349757493 7.258106349757493 7.258106349757493 7.258106349757493 7.258106349757493 1.5780857314670897 1.7339442086292816 1.889802685791739 2.0456611629539303 2.201519640116122 2.357378117278314 2.5132365944405057 2.669095071602697 2.824953548764889 2.9808120259270803 3.136670503089272 3.292528980251464 3.6134352697721415 4.1107814018700255 4.60812753396791 5.105473666066643 5.602819798164527 6.100165930262412 6.597512062360295 7.09485819445818 7.592204326556064 8.089550458653948 8.586896590751833 9.084242722849716 9.380310004307793 9.461205643793301 9.542101283278809
-9999.0 -9999.0 -9999.0 -9999.0 -9999.0 -9999.0 -9999.0 -9999.0 7.258106349757493 7.258106349757493 7.258106349757493 7.258106349757493 7.258106349757493 7.258106349757493 7.258106349757493 7.258106349757493 7.258106349757493 7.258106349757493 1.320807764928282 1.452372053533638 1.5839363421392183 1.7155006307445744 1.8470649193499302 1.9786292079552863 2.110193496560642 2.241757785165998 2.3733220737713543 2.50488636237671 2.6364506509820664 2.768014939587422 3.110071581129511 3.677149306472433 4.244227031815354 4.8113047571592436 5.3783824825021656 5.9454602078450876 6.512537933188009 7.079615658530931 7.646693383873853 8.213771109216776 8.780848834559695 9.347926559902618 9.645307047106845 9.654375089256337 9.663443131405831
-9999.0 -9999.0 -9999.0 -9999.0 -9999.0 -9999.0 -9999.0 -9999.0 -9999.0 7.258106349757493 7.258106349757493 7.258106349757493 7.258106349757493 7.258106349757493 7.258106349757493 7.258106349757493 7.258106349757493 7.258106349757493 1.0635297983893648 1.1707998984378747 1.2780699984865675 1.3853400985350772 1.4926101985835871 1.599880298632097 1.7071503986806067 1.8144204987291168 1.9216905987776265 2.028960698826136 2.1362307988746463 2.2435008989231564 2.6067078924866656 3.243517211074655 3.880326529662644 4.517135848251719 5.1539451668397085 5.790754485427698 6.427563804015687 7.064373122603676 7.701182441191666 8.337991759779655 8.974801078367644 9.611610396955632 9.91030408990601 9.847544534719457 9.784784979532905
-9999.0 -9999.0 -9999.0 -9999.0 -9999.0 -9999.0 -9999.0 -9999.0 -9999.0 7.258106349757493 7.258106349757493 7.258106349757493 7.258106349757493 7.258106349757493 7.258106349757493 7.258106349757493 7.258106349757493 7.258106349757493 7.258106349757493 7.258106349757493 7.258106349757493 7.258106349757493 7.258106349757493 7.258106349757493 7.258106349757493 7.258106349757493 7.258106349757493 7.258106349757493 7.258106349757493 7.258106349757493 2.3775872556009396 3.042681049113527 3.7077748426261143 4.372868636139836 5.037962429652424 5.703056223165011 6.368150016677599 7.033243810190186 7.6983376037027735 8.363431397215361 9.028525190727947 9.693618984240537 7.258106349757493 7.258106349757493 7.258106349757493
-9999.0 -9999.0 -9999.0 -9999.0 -9999.0 -9999.0 -9999.0 -9999.0 -9999.0 -9999.0 -9999.0 7.258106349757493 7.258106349757493 7.258106349757493 7.258106349757493 7.258106349757493 7.258106349757493 7.258106349757493 7.258106349757493 7.258106349757493 7.258106349757493 7.258106349757493 7.258106349757493 7.258106349757493 7.258106349757493 7.258106349757493 7.258106349757493 7.258106349757493 7.258106349757493 7.258106349757493 2.4416151559957995 3.090689067285945 3.73976297857609 4.388836889867342 5.037910801157488 5.686984712447633 6.336058623737779 6.985132535027924 7.634206446318069 8.283280357608215 8.93235426889836 9.581428180188505 7.258106349757493 7.258106349757493 7.258106349757493
-9999.0 -9999.0 -9999.0 -9999.0 -9999.0 -9999.0 -9999.0 -9999.0 -9999.0 -9999.0 -9999.0 -9999.0 7.258106349757493 7.258106349757493 7.258106349757493 7.258106349757493 7.258106349757493 7.258106349757493 7.258106349757493 7.258106349757493 7.258106349757493 7.258106349757493 7.258106349757493 7.258106349757493 7.258106349757493 7.258106349757493 7.258106349757493 7.258106349757493 7.258106349757493 7.258106349757493 2.505643056390687 3.1386970854583836 3.7717511145260803 4.4048051435948565 5.037859172662552 5.670913201730249 6.303967230797946 6.9370212598656416 7.570075288933339 8.203129318001036 8.836183347068731 9.469237376136428 7.258106349757493 7.258106349757493 7.258106349757493
-9999.0 -9999.0 -9999.0 -9999.0 -9999.0 -9999.0 -9999.0 -9999.0 -9999.0 -9999.0 -9999.0 -9999.0 7.258106349757493 7.258106349757493 7.258106349757493 7.258106349757493 7.258106349757493 7.258106349757493 7.258106349757493 7.258106349757493 7.258106349757493 7.258106349757493 7.258106349757493 7.258106349757493 7.258106349757493 7.258106349757493 7.258106349757493 7.258106349757493 7.258106349757493 7.258106349757493 2.5696709567855467 3.1867051036308016 3.803739250476056 4.420773397322362 5.037807544167617 5.654841691012871 6.2718758378581265 6.888909984703381 7.5059441315486355 8.12297827839389 8.740012425239144 9.3570465720844 7.258106349757493 7.258106349757493 7.258106349757493
-9999.0 -9999.0 -9999.0 -9999.0 -9999.0 -9999.0 -9999.0 -9999.0 -9999.0 -9999.0 -9999.0 -9999.0 -9999.0 7.258106349757493 7.258106349757493 7.258106349757493 7.258106349757493 7.258106349757493 7.258106349757493 7.258106349757493 7.258106349757493 7.258106349757493 7.258106349757493 7.258106349757493 7.258106349757493 7.258106349757493 7.258106349757493 7.258106349757493 7.258106349757493 7.258106349757493 2.6336988571804065 3.234713121803219 3.835727386426031 4.436741651049869 5.037755915672681 5.638770180295493 6.239784444918306 6.840798709541119 7.4418129741639305 8.042827238786742 8.643841503409556 9.24485576803237 7.258106349757493 7.258106349757493 7.258106349757493
-9999.0 -9999.0 -9999.0 -9999.0 -9999.0 -9999.0 -9999.0 -9999.0 -9999.0 -9999.0 -9999.0 -9999.0 -9999.0 -9999.0 7.258106349757493 7.258106349757493 7.258106349757493 7.258106349757493 7.258106349757493 7.258106349757493 7.258106349757493 7.258106349757493 7.258106349757493 7.258106349757493 7.258106349757493 7.258106349757493 7.258106349757493 7.258106349757493 7.258106349757493 7.258106349757493 2.6977267575752935 3.2827211399756573 3.867715522376021 4.452709904777382 5.037704287177746 5.622698669578109 6.207693051978473 6.792687434378837 7.3776818167792 7.962676199179564 8.547670581579927 9.132664963980291 7.258106349757493 7.258106349757493 7.258106349757493
-9999.0 -9999.0 -9999.0 -9999.0 -9999.0 -9999.0 -9999.0 -9999.0 -9999.0 -9999.0 -9999.0 -9999.0 -9999.0 -9999.0 -9999.0 -9999.0 -9999.0 7.258106349757493 7.258106349757493 7.258106349757493 7.258106349757493 7.258106349757493 7.258106349757493 7.258106349757493 7.258106349757493 7.258106349757493 7.258106349757493 7.258106349757493 7.258106349757493 7.258106349757493 2.7617546579701537 3.3307291581480754 3.899703658325997 4.468678158504889 5.037652658682811 5.606627158860732 6.175601659038653 6.7445761592165745 7.313550659394497 7.882525159572419 8.45149965975034 9.020474159928263 7.258106349757493 7.258106349757493 7.258106349757493
-9999.0 -9999.0 -9999.0 -9999.0 -9999.0 -9999.0 -9999.0 -9999.0 -9999.0 -9999.0 -9999.0 -9999.0 -9999.0 -9999.0 -9999.0 -9999.0 -9999.0 7.258106349757493 7.258106349757493 7.258106349757493 7.258106349757493 7.258106349757493 7.258106349757493 7.258106349757493 7.258106349757493 7.258106349757493 7.258106349757493 7.258106349757493 7.258106349757493 7.258106349757493 2.8257825583650136 3.378737176320493 3.931691794275973 4.4846464122323955 5.037601030187875 5.590555648143354 6.143510266098834 6.696464884054313 7.2494195020097925 7.802374119965273 8.355328737920752 8.908283355876232 7.258106349757493 7.258106349757493 7.258106349757493
-9999.0 -9999.0 -9999.0 -9999.0 -9999.0 -9999.0 -9999.0 -9999.0 -9999.0 -9999.0 -9999.0 -9999.0 -9999.0 -9999.0 -9999.0 -9999.0 -9999.0 -9999.0 -9999.0 7.258106349757493 7.258106349757493 7.258106349757493 7.258106349757493 7.258106349757493 7.258106349757493 7.258106349757493 7.258106349757493 7.258106349757493 7.258106349757493 7.258106349757493 2.8898104587599005 3.4267451944929315 3.963679930225962 4.500614665959908 5.037549401692939 5.57448413742597 6.111418873159002 6.648353608892032 7.185288344625063 7.722223080358093 8.259157816091124 8.796092551824156 7.258106349757493 7.258106349757493 7.258106349757493
-9999.0 -9999.0 -9999.0 -9999.0 -9999.0 -9999.0 -9999.0 -9999.0 -9999.0 -9999.0 -9999.0 -9999.0 -9999.0 -9999.0 -9999.0 -9999.0 -9999.0 -9999.0 -9999.0 -9999.0 -9999.0 7.258106349757493 -9999.0 7.258106349757493 7.258106349757493 7.258106349757493 7.258106349757493 7.258106349757493 7.258106349757493 7.258106349757493 2.9538383591547603 3.474753212665349 3.995668066175938 4.516582919687415 5.0374977731980035 5.558412626708591 6.079327480219181 6.600242333729769 7.121157187240358 7.642072040750946 8.162986894261536 8.683901747772124 7.258106349757493 7.258106349757493 7.258106349757493
-9999.0 -9999.0 -9999.0 -9999.0 -9999.0 -9999.0 -9999.0 -9999.0 -9999.0 -9999.0 -9999.0 -9999.0 -9999.0 -9999.0 -9999.0 -9999.0 -9999.0 -9999.0 -9999.0 -9999.0 -9999.0 -9999.0 -9999.0 -9999.0 -9999.0 7.258106349757493 7.258106349757493 7.258106349757493 7.258106349757493 7.258106349757493 3.01786625954962 3.5227612308377667 4.027656202125914 4.532551173414921 5.037446144703068 5.542341115991214 6.047236087279361 6.552131058567507 7.057026029855654 7.561921001143801 8.066815972431948 8.571710943720094 7.258106349757493 7.258106349757493 7.258106349757493
-9999.0 -9999.0 -9999.0 -9999.0 -9999.0 -9999.0 -9999.0 -9999.0 -9999.0 -9999.0 -9999.0 -9999.0 -9999.0 -9999.0 -9999.0 -9999.0 -9999.0 -9999.0 -9999.0 -9999.0 -9999.0 -9999.0 -9999.0 -9999.0 -9999.0 7.258106349757493 7.258106349757493 7.258106349757493 7.258106349757493 7.258106349757493 3.08189415994448 3.5707692490101843 4.0596443380758895 4.548519427142428 5.037394516208133 5.526269605273837 6.015144694339542 6.504019783405246 6.992894872470952 7.481769961536656 7.970645050602361 8.459520139668065 7.258106349757493 7.258106349757493 7.258106349757493
-9999.0 -9999.0 -9999.0 -9999.0 -9999.0 -9999.0 -9999.0 -9999.0 -9999.0 -9999.0 -9999.0 -9999.0 -9999.0 -9999.0 -9999.0 -9999.0 -9999.0 -9999.0 -9999.0 -9999.0 -9999.0 -9999.0 -9999.0 -9999.0 -9999.0 -9999.0 7.258106349757493 7.258106349757493 7.258106349757493 7.258106349757493 7.258106349757493 7.258106349757493 7.258106349757493 7.258106349757493 7.258106349757493 7.258106349757493 7.258106349757493 7.258106349757493 7.258106349757493 7.258106349757493 7.258106349757493 7.258106349757493 7.258106349757493 7.258106349757493 7.258106349757493
-9999.0 -9999.0 -9999.0 -9999.0 -9999.0 -9999.0 -9999.0 -9999.0 -9999.0 -9999.0 -9999.0 -9999.0 -9999.0 -9999.0 -9999.0 -9999.0 -9999.0 -9999.0 -9999.0 -9999.0 -9999.0 -9999.0 -9999.0 -9999.0 -9999.0 -9999.0 -9999.0 7.258106349757493 7.258106349757493 7.258106349757493 7.258106349757493 7.258106349757493 7.258106349757493 7.258106349757493 7.258106349757493 7.258106349757493 7.258106349757493 7.258106349757493 7.258106349757493 7.258106349757493 7.258106349757493 7.258106349757493 7.258106349757493 7.258106349757493 7.258106349757493
-9999.0 -9999.0 -9999.0 -9999.0 -9999.0 -9999.0 -9999.0 -9999.0 -9999.0 -9999.0 -9999.0 -9999.0 -9999.0 -9999.0 -9999.0 -9999.0 -9999.0 -9999.0 -9999.0 -9999.0 -9999.0 -9999.0 -9999.0 -9999.0 -9999.0 -9999.0 -9999.0 -9999.0 7.258106349757493 7.258106349757493 7.258106349757493 7.258106349757493 7.258106349757493 7.258106349757493 7.258106349757493 7.258106349757493 7.258106349757493 7.258106349757493 7.258106349757493 7.258106349757493 7.258106349757493 7.258106349757493 7.258106349757493 7.258106349757493 7.258106349757493
