Figures/CREST_Example_wjb_NSE/Rolling_result/20100722/BJP_forecast/ens_2/wjb.rain.20100724.asc
ncols            288
nrows            254
xllcorner        113.274861
yllcorner        31.4918055
cellsize         0.008333333333
NODATA_value     -9999
[rows 220 to 239 of 254, columns 176 to 219 of 288]
43.125197019997174 43.21568797090598 43.30617892181479 43.396669872723606 43.487160823632415 43.57765177454122 43.66814272545019 43.879701278783905 44.22068383827168 44.56166639775945 44.90264895724723 45.243631516735 45.58461407622278 45.92559663571055 46.266579195198325 46.607561754686095 46.94854431417387 47.28952687366164 47.63050943314941 47.97326343334875 48.31791114375014 48.66255885415153 49.00720656455292 49.3518542749543 49.69650198535569 50.04114969575708 50.38579740615847 50.73044511655985 51.07509282696124 51.41974053736263 51.76438824776402 52.18682709549766 52.69242642938982 53.198025763281116 53.70362509717242 54.20922443106372 54.714823764955014 55.22042309884631 55.72602243273761 56.231621766628905 56.73722110052021 57.242820434411506 57.7484197683028 57.75053951856782
45.975295764432595 45.9831741677192 45.9910525710058 45.998930974292406 46.00680937757902 46.01468778086562 46.02256618415224 46.1403934142884 46.375758427925575 46.61112344156276 46.84648845519994 47.08185346883712 47.3172184824743 47.55258349611148 47.78794850974866 48.023313523385845 48.25867853702302 48.4940435506602 48.72940856429739 49.01643139888572 49.35867761293767 49.700923826989616 50.04317004104156 50.38541625509352 50.727662469145464 51.06990868319741 51.412154897249366 51.75440111130131 52.09664732535326 52.438893539405214 52.78113975345716 53.16834331199374 53.60360728913287 54.03887126627126 54.47413524340964 54.90939922054803 55.344663197686415 55.779927174824806 56.21519115196319 56.65045512910157 57.085719106239964 57.52098308337835 57.95624706051674 57.91254283886021
48.825394508868 48.75066036453241 48.67592622019681 48.60119207586121 48.52645793152561 48.45172378719002 48.37698964285429 48.40108554979289 48.530833017579475 48.66058048536606 48.79032795315265 48.920075420939234 49.04982288872582 49.17957035651241 49.309317824299 49.43906529208559 49.56881275987217 49.69856022765876 49.828307695445346 50.05959936442268 50.39944408212519 50.739288799827705 51.07913351753021 51.41897823523272 51.75882295293523 52.098667670637745 52.43851238834026 52.77835710604277 53.11820182374528 53.458046541447786 53.7978912591503 54.14985952848981 54.51478814887591 54.879716769261385 55.24464538964686 55.60957401003234 55.97450263041782 56.33943125080329 56.704359871188764 57.06928849157424 57.43421711195972 57.799145732345195 58.164074352730665 58.0745461591526
51.67549325330464 51.518146561346796 51.36079986938896 51.20345317743113 51.04610648547329 50.888759793515455 50.73141310155735 50.66177768529834 50.68590760723429 50.71003752917024 50.73416745110619 50.75829737304214 50.78242729497809 50.80655721691404 50.83068713884999 50.85481706078594 50.878946982721885 50.90307690465784 50.92720682659379 51.102767329960095 51.440210551313164 51.777653772666234 52.11509699401931 52.45254021537238 52.78998343672545 53.12742665807852 53.464869879431596 53.802313100784666 54.139756322137735 54.477199543490805 54.81464276484388 55.131375744986315 55.42596900861935 55.72056227225188 56.01515553588442 56.30974879951695 56.60434206314949 56.898935326782016 57.19352859041455 57.48812185404709 57.78271511767962 58.07730838131216 58.371901644944685 58.23654947944505
54.525591997740044 54.285632758160006 54.04567351857997 53.80571427899993 53.56575503941989 53.32579579983985 53.0858365602594 52.92246982080283 52.840982196888184 52.759494572973544 52.678006949058904 52.59651932514426 52.51503170122962 52.43354407731497 52.35205645340033 52.27056882948568 52.18908120557104 52.107593581656396 52.026105957741756 52.14593529549706 52.480977020500696 52.81601874550433 53.15106047050796 53.48610219551159 53.821143920515226 54.15618564551885 54.49122737052249 54.82626909552612 55.16131082052975 55.496352545533384 55.83139427053702 56.11289196148238 56.33714986836239 56.56140777524201 56.78566568212163 57.00992358900126 57.23418149588088 57.458439402760504 57.682697309640126 57.90695521651975 58.13121312339937 58.35547103027899 58.57972893715861 58.39855279973743
57.37569074217546 57.053118954973215 56.73054716777098 56.407975380568736 56.08540359336649 55.76283180616425 55.44026001896145 55.183161956307316 54.996056786542084 54.808951616776845 54.62184644701161 54.434741277246374 54.24763610748114 54.0605309377159 53.87342576795067 53.68632059818543 53.49921542842019 53.31211025865496 53.12500508888972 53.18910326103403 53.52174348968823 53.85438371834242 54.18702394699661 54.5196641756508 54.852304404304995 55.18494463295919 55.517584861613386 55.85022509026758 56.18286531892177 56.51550554757596 56.848145776230155 57.09440817797846 57.24833072810543 57.402253278232145 57.55617582835885 57.71009837848557 57.86402092861228 58.01794347873899 58.1718660288657 58.325788578992416 58.479711129119124 58.63363367924584 58.78755622937255 58.560556120029815
60.225789486612086 59.82060515178761 59.41542081696313 59.010236482138644 58.60505214731417 58.199867812489686 57.79468347766451 57.443854091812774 57.1511313761969 56.85840866058103 56.56568594496515 56.27296322934928 55.980240513733406 55.687517798117526 55.39479508250165 55.10207236688578 54.809349651269905 54.51662693565403 54.22390422003816 54.23227122657144 54.56250995887619 54.89274869118095 55.2229874234857 55.553226155790455 55.88346488809521 56.21370362039996 56.54394235270472 56.874181085009475 57.204419817314225 57.53465854961898 57.86489728192373 58.07592439447496 58.15951158784887 58.24309878122264 58.32668597459641 58.41027316797018 58.49386036134395 58.57744755471772 58.66103474809149 58.74462194146526 58.82820913483903 58.9117963282128 58.99538352158657 58.72255944032227
63.0758882310475 62.58809134860082 62.10029446615413 61.61249758370745 61.124700701260764 60.63690381881408 60.149106936366564 59.704546227317266 59.30620596585079 58.90786570438433 58.50952544291786 58.1111851814514 57.71284491998493 57.31450465851846 56.91616439705199 56.51782413558553 56.11948387411906 55.72114361265259 55.322803351186124 55.27543919210841 55.60327642806372 55.93111366401904 56.25895089997435 56.586788135929666 56.91462537188498 57.242462607840295 57.57029984379561 57.898137079750924 58.225974315706246 58.55381155166156 58.881648787616875 59.05744061097103 59.07069244759191 59.08394428421277 59.09719612083363 59.11044795745449 59.12369979407535 59.13695163069621 59.15020346731706 59.16345530393792 59.17670714055878 59.18995897717964 59.2032108138005 58.884562760614656
65.92598697548291 65.35557754541402 64.78516811534514 64.21475868527625 63.644349255207366 63.07393982513848 62.503530395068616 61.96523836282175 61.46128055550469 60.957322748187636 60.45336494087057 59.949407133553514 59.44544932623646 58.94149151891939 58.437533711602335 57.93357590428528 57.42961809696821 56.925660289651155 56.4217024823341 56.318607157645374 56.64404289725125 56.969478636857126 57.294914376463005 57.62035011606888 57.94578585567476 58.27122159528063 58.59665733488651 58.92209307449238 59.24752881409826 59.57296455370413 59.89840029331001 60.0389568274671 59.98187330733495 59.9247897872029 59.86770626707085 59.8106227469388 59.753539226806744 59.69645570667469 59.63937218654264 59.582288666410584 59.52520514627853 59.46812162614648 59.41103810601443 59.046566080907034
53.346463236938185 53.346463236938185 53.346463236938185 53.346463236938185 53.346463236938185 53.346463236938185 53.346463236938185 53.346463236938185 53.346463236938185 53.346463236938185 53.346463236938185 53.346463236938185 53.346463236938185 53.346463236938185 53.346463236938185 53.346463236938185 53.346463236938185 53.346463236938185 53.346463236938185 57.17249660078783 57.41443031959163 57.65636403839543 57.89829775719923 58.14023147600303 58.38216519480683 58.62409891361063 58.86603263241444 59.10796635121824 59.34990007002204 59.59183378882584 59.83376750762964 59.92056633275039 59.84152244594876 59.76247855914727 59.68343467234577 59.604390785544275 59.52534689874278 59.44630301194128 59.36725912513979 59.288215238338296 59.209171351536796 59.1301274647353 59.0510835779338 53.346463236938185
53.346463236938185 53.346463236938185 53.346463236938185 53.346463236938185 53.346463236938185 53.346463236938185 53.346463236938185 53.346463236938185 53.346463236938185 53.346463236938185 53.346463236938185 53.346463236938185 53.346463236938185 53.346463236938185 53.346463236938185 53.346463236938185 53.346463236938185 53.346463236938185 53.346463236938185 57.82405923259865 57.8957995812477 57.967539929896745 58.039280278545796 58.11102062719484 58.18276097584389 58.254501324492935 58.326241673141986 58.39798202179103 58.46972237044008 58.541462719089125 58.61320306773817 58.62644488437315 58.57715044651133 58.5278560086496 58.47856157078787 58.429267132926135 58.3799726950644 58.33067825720267 58.28138381934094 58.2320893814792 58.182794943617466 58.133500505755734 58.084206067894 53.346463236938185
53.346463236938185 53.346463236938185 53.346463236938185 53.346463236938185 53.346463236938185 53.346463236938185 53.346463236938185 53.346463236938185 53.346463236938185 53.346463236938185 53.346463236938185 53.346463236938185 53.346463236938185 53.346463236938185 53.346463236938185 53.346463236938185 53.346463236938185 53.346463236938185 53.346463236938185 58.4756218644092 58.377168842903565 58.27871582139793 58.1802627998923 58.08180977838666 57.98335675688103 57.884903735375396 57.78645071386976 57.68799769236413 57.589544670858494 57.49109164935286 57.39263862784723 57.332323435996464 57.31277844707444 57.293233458152464 57.27368846923048 57.2541434803085 57.234598491386514 57.21505350246453 57.19550851354255 57.17596352462056 57.156418535698585 57.1368735467766 57.11732855785461 53.346463236938185
53.346463236938185 53.346463236938185 53.346463236938185 53.346463236938185 53.346463236938185 53.346463236938185 53.346463236938185 53.346463236938185 53.346463236938185 53.346463236938185 53.346463236938185 53.346463236938185 53.346463236938185 53.346463236938185 53.346463236938185 53.346463236938185 53.346463236938185 53.346463236938185 53.346463236938185 59.12718449621974 58.85853810455943 58.58989171289911 58.3212453212388 58.05259892957848 57.78395253791817 57.51530614625785 57.24665975459754 56.978013362937226 56.70936697127691 56.440720579616595 56.17207418795628 56.03820198761977 56.048406447637554 56.05861090765532 56.06881536767309 56.07901982769086 56.089224287708625 56.09942874772639 56.10963320774416 56.11983766776193 56.130042127779696 56.14024658779746 56.15045104781523 53.346463236938185
53.346463236938185 53.346463236938185 53.346463236938185 53.346463236938185 53.346463236938185 53.346463236938185 53.346463236938185 53.346463236938185 53.346463236938185 53.346463236938185 53.346463236938185 53.346463236938185 53.346463236938185 53.346463236938185 53.346463236938185 53.346463236938185 53.346463236938185 53.346463236938185 53.346463236938185 59.77874712803056 59.33990736621549 58.901067604400424 58.46222784258536 58.02338808077029 57.58454831895522 57.14570855714015 56.706868795325086 56.26802903351002 55.82918927169495 55.39034950987988 54.951509748064815 54.74408053924253 54.78403444820013 54.82398835715766 54.86394226611519 54.903896175072724 54.94385008403025 54.98380399298778 55.02375790194531 55.063711810902845 55.10366571986037 55.1436196288179 55.18357353777543 53.346463236938185
53.346463236938185 53.346463236938185 53.346463236938185 53.346463236938185 53.346463236938185 53.346463236938185 53.346463236938185 53.346463236938185 53.346463236938185 53.346463236938185 53.346463236938185 53.346463236938185 53.346463236938185 53.346463236938185 53.346463236938185 53.346463236938185 53.346463236938185 53.346463236938185 53.346463236938185 60.43030975984111 59.821276627871356 59.2122434959016 58.60321036393186 57.994177231962105 57.38514409999236 56.77611096802261 56.16707783605286 55.55804470408311 54.94901157211336 54.33997844014361 53.73094530817386 53.44995909086583 53.519662448763235 53.58936580666052 53.6590691645578 53.72877252245508 53.798475880352356 53.86817923824964 53.93788259614692 54.0075859540442 54.077289311941485 54.14699266983877 54.21669602773605 53.346463236938185
53.346463236938185 53.346463236938185 53.346463236938185 53.346463236938185 53.346463236938185 53.346463236938185 53.346463236938185 53.346463236938185 53.346463236938185 53.346463236938185 53.346463236938185 53.346463236938185 53.346463236938185 53.346463236938185 53.346463236938185 53.346463236938185 53.346463236938185 53.346463236938185 53.346463236938185 61.08187239165166 60.30264588952723 59.5234193874028 58.744192885278366 57.964966383153936 57.1857398810295 56.40651337890507 55.62728687678064 54.84806037465621 54.068833872531776 53.289607370407346 52.510380868282915 52.155837642489146 52.255290449326345 52.354743256163374 52.45419606300041 52.55364886983744 52.653101676674474 52.7525544835115 52.85200729034853 52.95146009718557 53.050912904022596 53.15036571085963 53.24981851769666 53.346463236938185
53.346463236938185 53.346463236938185 53.346463236938185 53.346463236938185 53.346463236938185 53.346463236938185 53.346463236938185 53.346463236938185 53.346463236938185 53.346463236938185 53.346463236938185 53.346463236938185 53.346463236938185 53.346463236938185 53.346463236938185 53.346463236938185 53.346463236938185 53.346463236938185 53.346463236938185 61.73343502346248 60.78401515118329 59.83459527890411 58.885175406624924 57.93575553434574 56.98633566206656 56.03691578978737 55.087495917508186 54.138076045229 53.18865617294982 52.23923630067063 51.28981642839145 50.86171619411191 50.990918449888916 51.12012070566571 51.24932296144251 51.3785252172193 51.507727472996095 51.636929728772884 51.76613198454968 51.89533424032648 52.024536496103266 52.15373875188006 52.28294100765686 53.346463236938185
53.346463236938185 53.346463236938185 53.346463236938185 53.346463236938185 53.346463236938185 53.346463236938185 53.346463236938185 53.346463236938185 53.346463236938185 53.346463236938185 53.346463236938185 53.346463236938185 53.346463236938185 53.346463236938185 53.346463236938185 53.346463236938185 53.346463236938185 53.346463236938185 53.346463236938185 62.38499765527302 61.265384412839154 60.14577117040529 59.026157927971425 57.90654468553756 56.7869314431037 55.66731820066983 54.54770495823597 53.4280917158021 52.30847847336823 51.18886523093437 50.069251988500504 49.567594745735214 49.72654645045203 49.88549815516857 50.04444985988512 50.20340156460166 50.362353269318206 50.52130497403475 50.68025667875129 50.839208383467835 50.998160088184385 51.15711179290093 51.31606349761747 53.346463236938185
-9999.0 53.346463236938185 53.346463236938185 53.346463236938185 53.346463236938185 53.346463236938185 53.346463236938185 53.346463236938185 53.346463236938185 53.346463236938185 53.346463236938185 53.346463236938185 53.346463236938185 53.346463236938185 53.346463236938185 53.346463236938185 53.346463236938185 53.346463236938185 53.346463236938185 63.03656028708357 61.74675367449502 60.456947061906476 59.16714044931793 57.87733383672938 56.587527224140835 55.297720611552286 54.007913998963744 52.718107386375195 51.428300773786646 50.1384941611981 48.84868754860956 48.27347329735852 48.46217445101514 48.650875604671434 48.83957675832773 49.02827791198402 49.21697906564032 49.40568021929661 49.59438137295291 49.7830825266092 49.971783680265496 50.16048483392179 50.34918598757808 53.346463236938185
-9999.0 -9999.0 -9999.0 -9999.0 -9999.0 -9999.0 -9999.0 53.346463236938185 53.346463236938185 53.346463236938185 53.346463236938185 53.346463236938185 53.346463236938185 53.346463236938185 53.346463236938185 53.346463236938185 53.346463236938185 53.346463236938185 53.346463236938185 63.688122918894386 62.22812293615109 60.76812295340779 59.308122970664485 57.84812298792119 56.38812300517789 54.92812302243459 53.468123039691285 52.00812305694799 50.54812307420469 49.088123091461384 47.628123108718086 46.979351848981274 47.19780245157771 47.416253054173765 47.63470365676982 47.85315425936588 48.07160486196194 48.290055464557994 48.50850606715406 48.726956669750116 48.94540727234617 49.16385787494223 49.38230847753829 53.346463236938185
