Figures/CREST_Example_wjb_NSE/Rolling_result/20100722/BJP_forecast/ens_2/wjb.rain.20100722.asc
ncols            288
nrows            254
xllcorner        113.274861
yllcorner        31.4918055
cellsize         0.008333333333
NODATA_value     -9999
[rows 80 to 99 of 254, columns 135 to 179 of 288]
10.630958933489334 11.03947693663774 11.447994939786149 11.856512942934556 12.265030946082963 12.67354894923137 13.082066952379776 13.490584955528183 13.899102958677286 14.307620961825695 14.716138964974101 15.124656968122508 15.374330915718305 15.454196975050696 15.534063034383088 15.61392909371548 15.693795153047871 15.773661212380263 15.853527271712654 15.933393331045046 16.01325939037744 16.093125449709966 16.172991509042358 16.25285756837475 16.212396172015353 16.043302003600022 15.874207835184693 15.705113666769364 15.536019498354033 15.366925329938704 15.197831161523375 15.028736993108046 14.859642824692715 14.690548656277386 14.521454487861767 14.352360319446438 14.180727437033596 14.006380611924065 13.832033786814533 13.657686961705 13.483340136595467 13.308993311485937 13.134646486376404 12.960299661266871 12.785952836157339
10.665060545477255 11.059474797139398 11.453889048801539 11.84830330046368 12.242717552125823 12.637131803787964 13.031546055450107 13.425960307112248 13.820374558775063 14.214788810437206 14.609203062099347 15.003617313761488 15.246464496999836 15.327283055812918 15.408101614626002 15.488920173439086 15.569738732252167 15.650557291065251 15.731375849878335 15.812194408691418 15.8930129675045 15.973831526317722 16.054650085130806 16.135468643943888 16.097534251583625 15.932650268114434 15.767766284645244 15.602882301176054 15.437998317706864 15.273114334237672 15.108230350768482 14.943346367299291 14.7784623838301 14.61357840036091 14.448694416891438 14.283810433422246 14.107407159777043 13.918689504332676 13.729971848888306 13.541254193443939 13.352536537999569 13.163818882555201 12.975101227110834 12.786383571666464 12.597665916222097
10.699162157465178 11.079472657641055 11.459783157816933 11.840093657992808 12.220404158168686 12.600714658344563 12.981025158520438 13.361335658696316 13.741646158872841 14.121956659048719 14.502267159224594 14.882577659400472 15.118598078281368 15.200369136575143 15.282140194868918 15.363911253162692 15.445682311456466 15.52745336975024 15.609224428044016 15.69099548633779 15.772766544631564 15.854537602925479 15.936308661219252 16.01807971951303 15.9826723311519 15.821998532628847 15.661324734105795 15.500650935582744 15.339977137059691 15.17930333853664 15.018629540013588 14.857955741490535 14.697281942967484 14.536608144444433 14.375934345921106 14.215260547398055 14.034086882520487 13.830998396741283 13.627909910962078 13.424821425182873 13.221732939403669 13.018644453624464 12.81555596784526 12.612467482066055 12.40937899628685
10.7332637694531 11.099470518142711 11.465677266832323 11.831884015521934 12.198090764211546 12.564297512901158 12.93050426159077 13.296711010280381 13.662917758970618 14.029124507660228 14.395331256349841 14.761538005039451 14.990731659562899 15.073455217337365 15.156178775111831 15.238902332886296 15.321625890660762 15.404349448435228 15.487073006209695 15.56979656398416 15.652520121758625 15.735243679533232 15.817967237307698 15.900690795082165 15.867810410720171 15.711346797143259 15.554883183566345 15.398419569989432 15.24195595641252 15.085492342835607 14.929028729258693 14.77256511568178 14.616101502104868 14.459637888527956 14.303174274950775 14.146710661373863 13.960766605263935 13.743307289149893 13.525847973035853 13.308388656921812 13.090929340807772 12.87347002469373 12.65601070857969 12.43855139246565 12.221092076351608
10.767365381441023 11.11946837864437 11.471571375847716 11.823674373051063 12.175777370254409 12.527880367457755 12.8799833646611 13.232086361864447 13.584189359068395 13.936292356271741 14.288395353475087 14.640498350678433 14.86286524084443 14.946541298099588 15.030217355354745 15.113893412609903 15.197569469865059 15.281245527120216 15.364921584375374 15.448597641630531 15.532273698885689 15.615949756140989 15.699625813396146 15.783301870651304 15.752948490288444 15.600695061657671 15.448441633026896 15.296188204396122 15.143934775765349 14.991681347134573 14.8394279185038 14.687174489873026 14.534921061242251 14.382667632611478 14.230414203980445 14.07816077534967 13.88744632800738 13.655616181558502 13.423786035109625 13.191955888660749 12.960125742211872 12.728295595762994 12.496465449314117 12.26463530286524 12.032805156416364
10.779620984096393 11.124095747371125 11.46857051064586 11.813045273920592 12.157520037195326 12.501994800470058 12.846469563744792 13.190944327019524 13.535419090294845 13.879893853569579 14.224368616844313 14.568843380119045 14.790533562417172 14.880964250399265 14.971394938381357 15.061825626363449 15.15225631434554 15.242687002327632 15.333117690309724 15.423548378291816 15.513979066273906 15.604409754256153 15.694840442238243 15.785271130220336 15.759700765245055 15.610122650604275 15.460544535963496 15.310966421322716 15.161388306681935 15.011810192041157 14.862232077400376 14.712653962759596 14.563075848118817 14.413497733478037 14.263919618837 14.114341504196222 13.923471752227993 13.688460305815637 13.45344885940328 13.218437412990925 12.983425966578567 12.748414520166211 12.513403073753855 12.278391627341499 12.043380180929141
10.768524580138878 11.112293029480838 11.456061478822798 11.799829928164758 12.143598377506718 12.487366826848678 12.831135276190638 13.174903725532598 13.518672174875144 13.862440624217104 14.206209073559064 14.549977522901024 14.777565019965259 14.88095245115937 14.984339882353481 15.087727313547592 15.191114744741705 15.294502175935817 15.397889607129928 15.501277038324039 15.604664469518152 15.708051900712439 15.81143933190655 15.914826763100663 15.896450947448495 15.747907466517285 15.599363985586075 15.450820504654864 15.302277023723654 15.153733542792443 15.005190061861233 14.856646580930022 14.708103099998812 14.5595596190676 14.411016138136137 14.262472657204928 14.076380837217576 13.850148993322795 13.623917149428015 13.397685305533235 13.171453461638457 12.945221617743677 12.718989773848897 12.492757929954116 12.266526086059336
10.757428176181364 11.10049031159055 11.443552446999737 11.786614582408923 12.12967671781811 12.472738853227296 12.815800988636482 13.15886312404567 13.50192525945544 13.844987394864628 14.188049530273814 14.531111665683 14.764596477513342 14.880940651919474 14.997284826325604 15.113629000731736 15.229973175137868 15.346317349544 15.46266152395013 15.579005698356262 15.695349872762394 15.811694047168725 15.928038221574855 16.04438239598099 16.033201129651932 15.885692282430293 15.73818343520865 15.59067458798701 15.44316574076537 15.295656893543729 15.148148046322088 15.000639199100448 14.853130351878807 14.705621504657167 14.558112657435274 14.410603810213633 14.229289922207158 14.011837680829956 13.794385439452752 13.57693319807555 13.359480956698345 13.14202871532114 12.924576473943938 12.707124232566734 12.489671991189532
10.74633177222385 11.088687593700264 11.431043415176676 11.77339923665309 12.115755058129503 12.458110879605917 12.800466701082328 13.142822522558742 13.48517834403574 13.827534165512152 14.169889986988565 14.512245808464979 14.751627935061427 14.880928852679578 15.01022977029773 15.139530687915881 15.268831605534032 15.398132523152185 15.527433440770336 15.656734358388487 15.786035276006638 15.915336193625011 16.044637111243162 16.173938028861315 16.169951311855375 16.023477098343303 15.87700288483123 15.730528671319158 15.584054457807087 15.437580244295017 15.291106030782945 15.144631817270874 14.998157603758802 14.85168339024673 14.705209176734408 14.558734963222339 14.382199007196743 14.173526368337114 13.964853729477488 13.756181090617861 13.547508451758233 13.338835812898607 13.13016317403898 12.921490535179354 12.712817896319725
10.735235368266334 11.076884875809975 11.418534383353615 11.760183890897254 12.101833398440895 12.443482905984535 12.785132413528174 13.126781921071814 13.468431428616038 13.810080936159677 14.151730443703316 14.493379951246958 14.738659392609511 14.880917053439683 15.023174714269855 15.165432375100027 15.307690035930197 15.449947696760368 15.59220535759054 15.734463018420712 15.876720679250884 16.018978340081297 16.16123600091147 16.30349366174164 16.306701494058814 16.16126191425631 16.01582233445381 15.870382754651308 15.724943174848805 15.579503595046305 15.434064015243802 15.2886244354413 15.143184855638799 14.997745275836296 14.852305696033547 14.706866116231044 14.535108092186327 14.335215055844277 14.135322019502224 13.935428983160174 13.735535946818123 13.535642910476072 13.335749874134022 13.135856837791971 12.93596380144992
10.72413896430882 11.065082157919687 11.406025351530554 11.74696854514142 12.087911738752286 12.428854932363153 12.76979812597402 13.110741319584887 13.451684513196335 13.792627706807203 14.133570900418068 14.474514094028935 14.725690850157596 14.880905254199789 15.03611965824198 15.19133406228417 15.346548466326363 15.501762870368553 15.656977274410744 15.812191678452937 15.967406082495128 16.122620486537585 16.277834890579776 16.433049294621966 16.443451676262253 16.29904673016932 16.15464178407639 16.010236837983456 15.865831891890522 15.72142694579759 15.577021999704659 15.432617053611725 15.288212107518794 15.143807161425862 14.999402215332683 14.85499726923975 14.68801717717591 14.496903743351435 14.30579030952696 14.114676875702488 13.923563441878013 13.732450008053538 13.541336574229064 13.35022314040459 13.159109706580116
10.713042560351306 11.0532794400294 11.393516319707492 11.733753199385585 12.073990079063678 12.414226958741772 12.754463838419866 13.09470071809796 13.434937597776633 13.775174477454726 14.11541135713282 14.455648236810912 14.712722307705679 14.88089345495989 15.049064602214102 15.217235749468314 15.385406896722525 15.553578043976737 15.721749191230948 15.88992033848516 16.05809148573937 16.22626263299387 16.394433780248082 16.562604927502292 16.580201858465692 16.436831546082328 16.293461233698967 16.150090921315602 16.00672060893224 15.863350296548877 15.719979984165514 15.576609671782151 15.433239359398788 15.289869047015426 15.146498734631818 15.003128422248455 14.840926262165492 14.658592430858594 14.476258599551697 14.293924768244798 14.111590936937901 13.929257105631002 13.746923274324105 13.564589443017208 13.38225561171031
10.701946156393781 11.041476722139102 11.38100728788442 11.72053785362974 12.06006841937506 12.39959898512038 12.739129550865698 13.078660116611019 13.418190682356917 13.757721248102236 14.097251813847556 14.436782379592875 14.699753765253753 14.880881655719996 15.062009546186239 15.24313743665248 15.424265327118723 15.605393217584965 15.786521108051208 15.96764899851745 16.148776888983694 16.329904779450242 16.511032669916485 16.692160560382728 16.716952040669245 16.574616361995453 16.43228068332166 16.28994500464787 16.147609325974077 16.005273647300285 15.862937968626492 15.7206022899527 15.578266611278906 15.435930932605114 15.293595253931079 15.151259575257287 14.993835347155205 14.820281118365891 14.646726889576577 14.473172660787263 14.299618431997951 14.126064203208637 13.952509974419323 13.77895574563001 13.605401516840695
10.690849752436266 11.029674004248813 11.368498256061358 11.707322507873904 12.04614675968645 12.384971011498997 12.723795263311544 13.062619515124089 13.401443766937213 13.74026801874976 14.079092270562306 14.417916522374853 14.686785222801838 14.8808698564801 15.074954490158362 15.269039123836624 15.463123757514886 15.65720839119315 15.851293024871412 16.045377658549675 16.239462292227937 16.43354692590653 16.627631559584792 16.821716193263054 16.853702222872684 16.71240117790846 16.57110013294424 16.42979908798002 16.288498043015796 16.147196998051573 16.00589595308735 15.864594908123125 15.723293863158903 15.58199281819468 15.440691773230217 15.299390728265994 15.14674443214479 14.981969805873051 14.817195179601315 14.652420553329577 14.487645927057839 14.322871300786103 14.158096674514365 13.993322048242627 13.82854742197089
10.679753348478751 11.017871286358526 11.355989224238298 11.69410716211807 12.032225099997845 12.370343037877618 12.70846097575739 13.046578913637163 13.384696851517512 13.722814789397285 14.06093272727706 14.399050665156832 14.673816680349923 14.880858057240205 15.087899434130486 15.29494081102077 15.501982187911052 15.709023564801335 15.916064941691616 16.123106318581897 16.33014769547218 16.537189072362818 16.7442304492531 16.95127182614338 16.990452405076127 16.850185993821473 16.70991958256682 16.569653171312165 16.42938676005751 16.289120348802857 16.148853937548203 16.008587526293553 15.8683211150389 15.728054703784245 15.587788292529353 15.4475218812747 15.299653517134372 15.143658493380212 14.98766346962605 14.83166844587189 14.675673422117729 14.519678398363567 14.363683374609407 14.207688350855246 14.051693327101084
10.668656944521237 11.006068568468237 11.343480192415237 11.680891816362236 12.018303440309236 12.355715064256236 12.693126688203236 13.030538312150235 13.36794993609781 13.70536156004481 14.042773183991809 14.380184807938809 14.660848137898007 14.88084625800031 15.100844378102611 15.320842498204915 15.540840618307216 15.760838738409518 15.980836858511822 16.20083497861412 16.420833098716425 16.640831218819102 16.860829338921405 17.08082745902371 17.127202587279566 16.98797080973448 16.848739032189396 16.709507254644315 16.57027547709923 16.431043699554145 16.29181192200906 16.15258014446398 16.013348366918894 15.87411658937381 15.734884811828488 15.595653034283405 15.452562602123955 15.30534718088737 15.158131759650786 15.010916338414201 14.863700917177617 14.716485495941033 14.569270074704448 14.422054653467864 14.27483923223128
10.657560540563724 10.99426585057795 11.330971160592176 11.667676470606402 12.004381780620628 12.341087090634854 12.67779240064908 13.014497710663306 13.351203020678108 13.687908330692334 14.02461364070656 14.361318950720786 14.64787959544609 14.880834458760413 15.113789322074735 15.346744185389058 15.57969904870338 15.812653912017701 16.045608775332024 16.278563638646347 16.51151850196067 16.74447336527539 16.977428228589712 17.210383091904035 17.263952769483005 17.12575562564749 16.987558481811977 16.84936133797646 16.711164194140945 16.572967050305433 16.434769906469917 16.296572762634405 16.15837561879889 16.020178474963373 15.881981331127625 15.74378418729211 15.605471687113537 15.46703586839453 15.328600049675522 15.190164230956514 15.051728412237505 14.913292593518499 14.77485677479949 14.636420956080482 14.497985137361475
10.65012250567438 10.982036164633346 11.313949823592312 11.645863482551277 11.977777141510241 12.309690800469209 12.641604459428173 12.973518118387139 13.305431777346671 13.637345436305637 13.969259095264603 14.301172754223568 14.5885156129409 14.828211278057495 15.067906943174089 15.307602608290685 15.547298273407279 15.786993938523873 16.026689603640467 16.266385268757062 16.506080933873655 16.74577659899066 16.985472264107255 17.225167929223847 17.28377171134953 17.14878417408742 17.01379663682531 16.878809099563203 16.743821562301093 16.608834025038984 16.473846487776875 16.338858950514766 16.203871413252656 16.068883875990547 15.933896338728207 15.798908801466098 15.6611296066384 15.520366066717392 15.379602526796385 15.238838986875376 15.098075446954368 14.95731190703336 14.816548367112352 14.675784827191343 14.535021287270336
10.64659503667083 10.969350076757594 11.292105116844358 11.614860156931123 11.937615197017887 12.26037023710465 12.583125277191415 12.905880317278179 13.228635357365494 13.55139039745226 13.874145437539024 14.196900477625787 14.479557830097857 14.71934984754427 14.959141864990684 15.198933882437096 15.43872589988351 15.678517917329923 15.918309934776335 16.158101952222747 16.397893969669163 16.637685987115983 16.877478004562395 17.11727002200881 17.17859852942414 17.049145507602027 16.919692485779915 16.790239463957803 16.66078644213569 16.53133342031358 16.401880398491468 16.272427376669356 16.142974354847244 16.013521333025132 15.884068311202801 15.75461528938069 15.612832161646068 15.45786787174688 15.30290358184769 15.147939291948502 14.992975002049311 14.838010712150123 14.683046422250934 14.528082132351745 14.373117842452555
10.64306756766728 10.956663988881852 11.270260410096423 11.583856831310994 11.897453252525565 12.211049673740137 12.524646094954708 12.838242516169277 13.151838937384383 13.465435358598954 13.779031779813526 14.092628201028097 14.370600047254909 14.61048841703114 14.850376786807372 15.090265156583603 15.330153526359835 15.570041896136066 15.809930265912298 16.049818635688528 16.28970700546476 16.5295953752414 16.76948374501763 17.009372114793862 17.073425347498837 16.94950684111672 16.8255883347346 16.701669828352482 16.57775132197036 16.453832815588243 16.329914309206124 16.205995802824006 16.082077296441884 15.958158790059766 15.834240283677437 15.710321777295317 15.564534716653778 15.39536967677642 15.226204636899062 15.057039597021705 14.887874557144347 14.718709517266989 14.549544477389631 14.380379437512271 14.211214397634913
