Figures/CREST_Example_wjb_NSE/Rolling_result/20100722/BJP_forecast/ens_2/wjb.rain.20100726.asc
ncols            288
nrows            254
xllcorner        113.274861
yllcorner        31.4918055
cellsize         0.008333333333
NODATA_value     -9999
[rows 160 to 179 of 254, columns 176 to 219 of 288]
2.0836664268951965 2.058549146128288 2.0334318653613797 2.0083145845944714 1.9831973038275632 1.958080023060655 1.9329627422937037 1.8908355939854595 1.8305245124262466 1.7702134308670336 1.709902349307821 1.6495912677486078 1.589280186189395 1.528969104630182 1.4686580230709692 1.4083469415117562 1.3480358599525433 1.2877247783933303 1.2274136968341174 1.1688788427136454 1.1122428159163102 1.0556067891189749 0.9989707623216397 0.9423347355243045 0.8856987087269692 0.8290626819296341 0.7724266551322988 0.7157906283349635 0.6591546015376283 0.602518574740293 0.5458825479429579 0.5177036457215234 0.5199460536330598 0.5221884615445924 0.5244308694561249 0.5266732773676576 0.5289156852791901 0.5311580931907227 0.5334005011022552 0.5356429090137879 0.5378853169253204 0.540127724836853 0.5423701327483855 0.5318377817841619
2.136153804997068 2.11450299245416 2.092852179911252 2.071201367368344 2.0495505548254362 2.0278997422825285 2.006248929739584 1.9638984259148242 1.8994194837779994 1.8349405416411746 1.7704615995043498 1.705982657367525 1.6415037152307002 1.5770247730938753 1.5125458309570505 1.4480668888202257 1.383587946683401 1.319109004546576 1.2546300624097513 1.1944613976643639 1.13890051697981 1.0833396362952565 1.0277787556107028 0.9722178749261491 0.9166569942415954 0.8610961135570417 0.8055352328724881 0.7499743521879344 0.6944134715033807 0.6388525908188271 0.5832917101342734 0.5548731219964769 0.5554702587989263 0.5560673956013746 0.556664532403823 0.5572616692062713 0.5578588060087197 0.5584559428111681 0.5590530796136164 0.5596502164160647 0.560247353218513 0.5608444900209615 0.5614416268234098 0.5502968968880113
2.188641183098939 2.170456838780032 2.1522724944611245 2.134088150142217 2.1159038058233097 2.0977194615044024 2.079535117185464 2.036961257844189 1.968314455129752 1.8996676524153153 1.8310208497008786 1.762374046986442 1.6937272442720053 1.6250804415575686 1.556433638843132 1.4877868361286952 1.4191400334142585 1.3504932306998219 1.2818464279853852 1.2200439526150821 1.1655582180433102 1.111072483471538 1.056586748899766 1.0021010143279938 0.9476152797562216 0.8931295451844495 0.8386438106126775 0.7841580760409053 0.7296723414691332 0.6751866068973611 0.620700872325589 0.5920425982714306 0.5909944639647928 0.589946329658157 0.5888981953515211 0.5878500610448851 0.5868019267382493 0.5857537924316134 0.5847056581249775 0.5836575238183416 0.5826093895117057 0.5815612552050698 0.580513120898434 0.5687560119918607
2.2411285612008554 2.2264106851059515 2.2116928090110473 2.1969749329161434 2.182257056821239 2.1675391807263353 2.152821304631406 2.1100240897736158 2.0372094264815637 1.9643947631895113 1.8915800998974592 1.8187654366054071 1.745950773313355 1.673136110021303 1.6003214467292508 1.5275067834371987 1.4546921201451466 1.3818774568530945 1.3090627935610424 1.2456265075658224 1.1922159191068327 1.1388053306478432 1.0853947421888535 1.031984153729864 0.9785735652708742 0.9251629768118846 0.871752388352895 0.8183417998939053 0.7649312114349158 0.7115206229759261 0.6581100345169365 0.6292120745464158 0.6265186691306897 0.6238252637149682 0.6211318582992467 0.6184384528835251 0.6157450474678036 0.6130516420520821 0.6103582366363606 0.6076648312206391 0.6049714258049175 0.602278020389196 0.5995846149734745 0.5872151270957259
2.2936159393027267 2.2823645314318233 2.2711131235609194 2.2598617156900156 2.248610307819112 2.2373588999482084 2.2261074920772854 2.1830869217029796 2.106104397833316 2.0291218739636516 1.9521393500939879 1.875156826224324 1.79817430235466 1.721191778484996 1.644209254615332 1.567226730745668 1.490244206876004 1.41326168300634 1.336279159136676 1.2712090625165409 1.2188736201703327 1.1665381778241246 1.1142027354779165 1.0618672931317086 1.0095318507855005 0.9571964084392924 0.9048609660930844 0.8525255237468763 0.8001900814006682 0.7478546390544601 0.6955191967082521 0.6663815508213693 0.6620428742965562 0.6577041977717504 0.6533655212469447 0.6490268447221389 0.6446881681973332 0.6403494916725274 0.6360108151477217 0.6316721386229159 0.6273334620981103 0.6229947855733045 0.6186561090484988 0.6056742421995754
2.3461033174045984 2.338318377757695 2.3305334381107916 2.3227484984638886 2.3149635588169852 2.3071786191700823 2.2993936795231655 2.2561497536323443 2.1749993691850684 2.0938489847377926 2.0126986002905167 1.9315482158432409 1.850397831395965 1.7692474469486892 1.6880970625014133 1.6069466780541375 1.5257962936068619 1.444645909159586 1.3634955247123102 1.2967916174672591 1.2455313212338326 1.1942710250004063 1.1430107287669797 1.0917504325335532 1.0404901363001267 0.9892298400667002 0.9379695438332738 0.8867092475998473 0.8354489513664207 0.7841886551329943 0.7329283588995678 0.7035510270963229 0.6975670794624227 0.6915831318285327 0.6855991841946427 0.6796152365607528 0.6736312889268629 0.6676473412929729 0.6616633936590829 0.6556794460251929 0.6496954983913029 0.6437115507574129 0.6377276031235231 0.6241333573034249
2.3985906955064697 2.3942722240835668 2.3899537526606642 2.3856352812377613 2.3813168098148587 2.3769983383919557 2.3726798669690456 2.329212585561709 2.243894340536821 2.1585760955119335 2.0732578504870456 1.987939605462158 1.9026213604372704 1.8173031154123827 1.731984870387495 1.6466666253626072 1.5613483803377195 1.4760301353128318 1.390711890287944 1.3223741724179776 1.2721890222973327 1.2220038721766877 1.1718187220560428 1.1216335719353978 1.0714484218147529 1.021263271694108 0.9710781215734631 0.9208929714528181 0.8707078213321733 0.8205226712115283 0.7703375210908834 0.7407205033712764 0.7330912846282892 0.725462065885315 0.7178328471423407 0.7102036283993666 0.7025744096563924 0.6949451909134182 0.687315972170444 0.6796867534274699 0.6720575346844957 0.6644283159415214 0.6567990971985472 0.6425924724072744
2.451078073608341 2.4502260704094385 2.4493740672105364 2.448522064011634 2.4476700608127313 2.446818057613829 2.4459660544149253 2.402275417491073 2.3127893118885736 2.223303206286074 2.1338171006835744 2.044330995081075 1.9548448894785753 1.8653587838760757 1.775872678273576 1.6863865726710765 1.596900467068577 1.5074143614660775 1.417928255863578 1.3479567273686959 1.2988467233608325 1.2497367193529691 1.2006267153451058 1.1515167113372424 1.102406707329379 1.0532967033215157 1.0041866993136523 0.955076695305789 0.9059666912979256 0.8568566872900623 0.8077466832821989 0.7778899796462299 0.7686154897941556 0.7593409999420973 0.7500665100900388 0.7407920202379804 0.7315175303859219 0.7222430405338636 0.7129685506818051 0.7036940608297467 0.6944195709776882 0.6851450811256299 0.6758705912735714 0.6610515875111237
2.5035654517102124 2.5061799167353107 2.5087943817604086 2.5114088467855065 2.514023311810605 2.5166377768357027 2.519252241860805 2.4753382494204375 2.381684283240326 2.2880303170602145 2.1943763508801033 2.100722384699992 2.0070684185198804 1.9134144523397691 1.8197604861596575 1.7261065199795462 1.6324525537994345 1.5387985876193233 1.4451446214392119 1.3735392823194144 1.3255044244243326 1.2774695665292508 1.229434708634169 1.181399850739087 1.1333649928440053 1.0853301349489235 1.0372952770538417 0.98926041915876 0.9412255612636782 0.8931907033685963 0.8451558454735145 0.8150594559211835 0.8041396949600222 0.7932199339988796 0.7823001730377369 0.7713804120765942 0.7604606511154516 0.7495408901543089 0.7386211291931664 0.7277013682320237 0.716781607270881 0.7058618463097384 0.6949420853485957 0.6795107026149733
2.4749973472148965 2.4800570740133567 2.485116800811817 2.4901765276102767 2.495236254408737 2.500295981207197 2.505355708005666 2.4625469729168636 2.3685657690437365 2.274584565170609 2.180603361297482 2.086622157424354 1.992640953551227 1.8986597496780997 1.8046785458049723 1.710697341931845 1.6167161380587176 1.5227349341855902 1.4287537303124629 1.3585635967889491 1.313806655792885 1.2690497147968207 1.2242927738007565 1.1795358328046923 1.1347788918086283 1.0900219508125641 1.0452650098165 1.0005080688204357 0.9557511278243717 0.9109941868283076 0.8662372458322434 0.8368588445093017 0.8239204501006131 0.8109820556919465 0.7980436612832797 0.7851052668746131 0.7721668724659465 0.7592284780572799 0.7462900836486133 0.7333516892399466 0.72041329483128 0.7074749004226134 0.6945365060139468 0.6778783091362566
2.359786041104403 2.3661994243515996 2.372612807598796 2.3790261908459924 2.385439574093189 2.3918529573403853 2.398266340587593 2.357983066258061 2.267780008464309 2.1775769506705567 2.087373892876804 1.9971708350830515 1.906967777289299 1.8167647194955467 1.726561661701794 1.6363586039080418 1.546155546114289 1.4559524883205368 1.3657494305267843 1.300233708747202 1.261109307770377 1.221984906793552 1.1828605058167272 1.1437361048399022 1.1046117038630772 1.0654873028862524 1.0263629019094274 0.9872385009326025 0.9481140999557776 0.9089896989789525 0.8698652980021276 0.8422285782039983 0.8268724495426473 0.8115163208813224 0.7961601922199976 0.7808040635586728 0.765447934897348 0.7500918062360231 0.7347356775746983 0.7193795489133734 0.7040234202520486 0.6886672915907237 0.6733111629293989 0.6547693594383512
2.244574734994008 2.2523417746899397 2.260108814385871 2.2678758540818027 2.2756428937777344 2.283409933473666 2.291176973169611 2.253419159599348 2.166994247884967 2.0805693361705866 1.9941444244562057 1.9077195127418247 1.821294601027444 1.7348696893130633 1.6484447775986824 1.5620198658843016 1.475594954169921 1.38917004245554 1.3027451307411593 1.2419038207055044 1.208411959747914 1.1749200987903234 1.141428237832733 1.1079363768751425 1.0744445159175517 1.0409526549599613 1.0074607940023708 0.9739689330447803 0.9404770720871898 0.9069852111295993 0.8734933501720087 0.8475983118986903 0.829824448984679 0.812050586070698 0.794276723156717 0.7765028602427361 0.758728997328755 0.740955134414774 0.723181271500793 0.7054074085868121 0.6876335456728311 0.6698596827588501 0.6520858198448691 0.6316604097404654
2.1293634288836127 2.13848412502828 2.1476048211729464 2.1567255173176134 2.1658462134622805 2.1749669096069475 2.1840876057516296 2.1488552529406353 2.066208487305626 1.9835617216706167 1.9009149560356076 1.8182681904005984 1.7356214247655894 1.6529746591305803 1.5703278934955711 1.487681127860562 1.4050343622255528 1.3223875965905436 1.2397408309555344 1.1835739326638073 1.155714611725451 1.127855290787095 1.099995969848739 1.0721366489103827 1.0442773279720265 1.0164180070336704 0.9885586860953144 0.9606993651569582 0.9328400442186021 0.904980723280246 0.8771214023418898 0.8529680455933824 0.8327764484267107 0.8125848512600736 0.7923932540934364 0.7722016569267993 0.7520100597601621 0.731818462593525 0.7116268654268878 0.6914352682602507 0.6712436710936136 0.6510520739269764 0.6308604767603392 0.6085514600425797
2.0141521227732175 2.0246264753666194 2.035100827960022 2.045575180553424 2.056049533146826 2.0665238857402284 2.0769982383336485 2.044291346281922 1.9654227267262847 1.886554107170647 1.8076854876150097 1.728816868059372 1.6499482485037347 1.5710796289480973 1.4922110093924597 1.413342389836822 1.3344737702811846 1.2556051507255472 1.1767365311699096 1.12524404462211 1.1030172637029882 1.0807904827838666 1.058563701864745 1.036336920945623 1.0141101400265013 0.9918833591073797 0.9696565781882579 0.9474297972691361 0.9252030163500145 0.9029762354308928 0.880749454511771 0.8583377792880743 0.8357284478687425 0.8131191164494492 0.7905097850301559 0.7679004536108626 0.7452911221915692 0.722681790772276 0.7000724593529827 0.6774631279336893 0.6548537965143961 0.6322444650951028 0.6096351336758095 0.585442510344694
1.8989408166628223 1.9107688257049598 1.9225968347470972 1.9344248437892346 1.946252852831372 1.9580808618735095 1.9699088709156671 1.9397274396232091 1.8646369661469433 1.7895464926706774 1.7144560191944116 1.6393655457181457 1.56427507224188 1.489184598765614 1.4140941252893482 1.3390036518130821 1.2639131783368165 1.1888227048605504 1.1137322313842846 1.0669141565804126 1.0503199156805252 1.0337256747806378 1.0171314338807507 1.0005371929808633 0.9839429520809759 0.9673487111810887 0.9507544702812013 0.934160229381314 0.9175659884814267 0.9009717475815394 0.8843775066816522 0.8637075129827664 0.8386804473107742 0.8136533816388247 0.7886263159668754 0.7635992502949259 0.7385721846229765 0.713545118951027 0.6885180532790776 0.6634909876071281 0.6384639219351786 0.6134368562632293 0.5884097905912797 0.5623335606468084
1.7837295105524271 1.7969111760432999 1.8100928415341726 1.8232745070250451 1.8364561725159179 1.8496378380067906 1.8628195034976858 1.8351635329644964 1.763851205567602 1.6925388781707078 1.6212265507738137 1.5499142233769194 1.4786018959800251 1.407289568583131 1.3359772411862367 1.2646649137893426 1.1933525863924483 1.122040258995554 1.0507279315986597 1.0085842685387152 0.9976225676580623 0.9866608667774095 0.9756991658967565 0.9647374650161036 0.9537757641354507 0.9428140632547978 0.9318523623741448 0.920890661493492 0.909928960612839 0.8989672597321862 0.8880055588515332 0.8690772466774583 0.8416324467528059 0.8141876468282003 0.7867428469035948 0.7592980469789892 0.7318532470543835 0.7044084471297779 0.6769636472051723 0.6495188472805667 0.6220740473559612 0.5946292474313555 0.56718444750675 0.5392246109489226
1.6685182044419338 1.6830535263815427 1.6975888483211519 1.7121241702607608 1.72665949220037 1.741194814139979 1.755730136079613 1.730599626305694 1.6630654449881745 1.5955312636706553 1.527997082353136 1.4604629010356165 1.3929287197180973 1.325394538400578 1.2578603570830587 1.1903261757655392 1.12279199444802 1.0552578131305008 0.9877236318129814 0.9502543804969684 0.9449252196355546 0.939596058774141 0.9342668979127272 0.9289377370513134 0.9236085761898998 0.918279415328486 0.9129502544670723 0.9076210936056586 0.9022919327442449 0.8969627718828311 0.8916336110214175 0.874446980372155 0.8445844461948402 0.8147219120175764 0.7848593778403126 0.7549968436630488 0.725134309485785 0.6952717753085211 0.6654092411312573 0.6355467069539935 0.6056841727767297 0.5758216385994659 0.5459591044222021 0.5161156612510172
1.5533068983315386 1.5691958767198828 1.585084855108227 1.6009738334965715 1.6168628118849158 1.63275179027326 1.6486407686616316 1.626035719646981 1.5622796844088334 1.4985236491706857 1.434767613932538 1.3710115786943904 1.3072555434562425 1.2434995082180949 1.1797434729799472 1.1159874377417995 1.0522314025036519 0.9884753672655041 0.9247193320273565 0.8919244924552711 0.8922278716130917 0.8925312507709124 0.8928346299287331 0.8931380090865537 0.8934413882443745 0.8937447674021951 0.8940481465600159 0.8943515257178365 0.8946549048756571 0.8949582840334779 0.8952616631912985 0.8798167140668469 0.8475364456368719 0.815256177206952 0.7829759087770319 0.750695640347112 0.7184153719171921 0.686135103487272 0.6538548350573521 0.6215745666274322 0.5892942981975122 0.5570140297675923 0.5247337613376722 0.4930067115531314
1.4380955922211434 1.455338227058223 1.4725808618953025 1.4898234967323822 1.5070661315694616 1.5243087664065413 1.5415514012436502 1.521471812988268 1.461493923829492 1.401516034670716 1.34153814551194 1.2815602563531638 1.2215823671943877 1.1616044780356116 1.1016265888768357 1.0416486997180596 0.9816708105592836 0.9216929214005075 0.8617150322417315 0.8335946044135737 0.8395305235906287 0.8454664427676838 0.851402361944739 0.857338281121794 0.863274200298849 0.8692101194759042 0.8751460386529593 0.8810819578300143 0.8870178770070694 0.8929537961841245 0.8988897153611796 0.8851864477615388 0.8504884450789035 0.8157904423963275 0.7810924397137513 0.7463944370311753 0.7116964343485992 0.676998431666023 0.642300428983447 0.6076024263008708 0.5729044236182947 0.5382064209357187 0.5035084182531426 0.4698977618552458
1.3228842861107482 1.341480577396563 1.3600768686823779 1.3786731599681925 1.3972694512540074 1.4158657425398222 1.4344620338256686 1.4169079063295549 1.3607081632501505 1.3045084201707462 1.2483086770913419 1.1921089340119373 1.135909190932533 1.0797094478531286 1.0235097047737243 0.9673099616943199 0.9111102186149155 0.8549104755355111 0.7987107324561067 0.7752647163718764 0.7868331755681659 0.7984016347644554 0.8099700939607448 0.8215385531570344 0.8331070123533239 0.8446754715496133 0.8562439307459028 0.8678123899421922 0.8793808491384817 0.8909493083347713 0.9025177675310607 0.8905561814562308 0.8534404445209353 0.816324707585703 0.7792089706504708 0.7420932337152385 0.7049774967800063 0.667861759844774 0.6307460229095418 0.5936302859743096 0.5565145490390773 0.5193988121038451 0.4822830751686128 0.44678881215736005
