Figures/CREST_Example_wjb_NSE/Rolling_result/20100722/BJP_forecast/ens_2/wjb.rain.20100725.asc
ncols            288
nrows            254
xllcorner        113.274861
yllcorner        31.4918055
cellsize         0.008333333333
NODATA_value     -9999
[rows 120 to 139 of 254, columns 220 to 263 of 288]
20.119599893116973 20.267723196490607 20.41584649986399 20.56396980323737 20.71209310661075 20.860216409984133 21.008339713357515 21.156463016730896 21.304586320104278 21.45270962347766 21.60083292685104 26.936048411595806 26.936048411595806 26.936048411595806 26.936048411595806 26.936048411595806 26.936048411595806 26.936048411595806 26.936048411595806 26.936048411595806 26.936048411595806 26.936048411595806 26.936048411595806 26.936048411595806 26.936048411595806 26.936048411595806 26.936048411595806 26.936048411595806 26.936048411595806 26.936048411595806 26.936048411595806 26.936048411595806 26.936048411595806 26.936048411595806 26.936048411595806 26.936048411595806 26.936048411595806 26.936048411595806 26.936048411595806 26.936048411595806 26.936048411595806 26.936048411595806 26.936048411595806 -9999.0
19.891474630324147 20.01893832562815 20.146402020931937 20.273865716235726 20.401329411539514 20.5287931068433 20.656256802147087 20.783720497450876 20.91118419275466 21.03864788805845 21.166111583362238 21.083010157382162 20.77480985096867 20.466609544555176 20.158409238141157 19.850208931727668 19.542008625314175 19.23380831890068 18.92560801248719 18.6174077060737 18.309207399660206 18.001007093246713 17.69280678683322 17.91117228727772 18.692448554248973 19.473724821220223 20.255001088191474 21.03627735516406 21.81755362213531 22.59882988910656 23.38010615607781 24.161382423049062 24.942658690020316 25.723934956991567 26.505211223962817 26.936048411595806 26.936048411595806 26.936048411595806 26.936048411595806 26.936048411595806 26.936048411595806 26.936048411595806 26.936048411595806 -9999.0
19.360963565610895 19.451748119680122 19.542532673749193 19.633317227818264 19.724101781887338 19.81488633595641 19.90567089002548 19.99645544409455 20.087239998163625 20.178024552232696 20.268809106301767 20.17238797951528 19.87583974281416 19.579291506113048 19.282743269411426 18.98619503271031 18.689646796009196 18.39309855930808 18.096550322606966 17.80000208590585 17.503453849204735 17.20690561250362 16.910357375802505 17.284367342867867 18.37521920807188 19.466071073275888 20.5569229384799 21.64777480368577 22.738626668889783 23.829478534093795 24.920330399297804 26.011182264501816 27.102034129705828 28.192885994909837 29.28373786011385 26.936048411595806 26.936048411595806 26.936048411595806 26.936048411595806 26.936048411595806 26.936048411595806 26.936048411595806 26.936048411595806 26.936048411595806
18.830452500897646 18.884557913732092 18.93866332656645 18.992768739400805 19.04687415223516 19.100979565069515 19.155084977903872 19.209190390738225 19.263295803572582 19.31740121640694 19.371506629241292 19.26176580164839 18.976869634659653 18.691973467670916 18.407077300681692 18.12218113369295 17.837284966704214 17.552388799715477 17.26749263272674 16.982596465738002 16.69770029874926 16.412804131760524 16.127907964771786 16.657562398458015 18.057989861894782 19.458417325331553 20.858844788768323 22.25927225220748 23.65969971564425 25.06012717908102 26.460554642517792 27.860982105954562 29.261409569391333 30.6618370328281 32.06226449626487 26.936048411595806 26.936048411595806 26.936048411595806 26.936048411595806 26.936048411595806 26.936048411595806 26.936048411595806 26.936048411595806 26.936048411595806
18.299941436183943 18.317367707783582 18.33479397938319 18.3522202509828 18.369646522582407 18.387072794182018 18.404499065781625 18.421925337381236 18.439351608980843 18.456777880580454 18.47420415218006 18.351143623780736 18.077899526504382 17.80465542922803 17.53141133195121 17.25816723467486 16.98492313739851 16.71167904012216 16.438434942845806 16.165190845569455 15.891946748293103 15.618702651016752 15.3454585537404 16.030757454047624 17.74076051571742 19.45076357738721 21.160766639057005 22.870769700729713 24.580772762399505 26.2907758240693 28.000778885739095 29.710781947408886 31.42078500907868 33.13078807074847 34.84079113241827 26.936048411595806 26.936048411595806 26.936048411595806 26.936048411595806 26.936048411595806 26.936048411595806 26.936048411595806 26.936048411595806 26.936048411595806
17.769430371470694 17.750177501835555 17.73092463220045 17.71167176256534 17.692418892930235 17.673166023295124 17.653913153660017 17.63466028402491 17.615407414389804 17.596154544754697 17.57690167511959 17.44052144591385 17.178929418349874 16.9173373907859 16.655745363221477 16.394153335657503 16.13256130809353 15.870969280529556 15.609377252965581 15.347785225401605 15.086193197837632 14.824601170273658 14.563009142709683 15.403952509637772 17.423531169540325 19.44310982944288 21.46268848934543 23.482267149251427 25.50184580915398 27.521424469056534 29.541003128959087 31.56058178886164 33.58016044876419 35.599739108666746 37.6193177685693 26.936048411595806 26.936048411595806 26.936048411595806 26.936048411595806 26.936048411595806 26.936048411595806 26.936048411595806 26.936048411595806 26.936048411595806
17.238919306757445 17.18298729588753 17.127055285017704 17.07112327414788 17.01519126327806 16.959259252408234 16.903327241538413 16.84739523066859 16.791463219798764 16.735531208928943 16.67959919805912 16.529899268046965 16.279959310195366 16.030019352343768 15.780079394491745 15.530139436640148 15.28019947878855 15.030259520936953 14.780319563085355 14.530379605233758 14.28043964738216 14.030499689530563 13.780559731678965 14.777147565227917 17.10630182336323 19.43545608149854 21.76461033963385 24.093764597773134 26.422918855908446 28.75207311404376 31.081227372179068 33.410381630314376 35.739535888449694 38.068690146585 40.39784440472032 26.936048411595806 26.936048411595806 26.936048411595806 26.936048411595806 26.936048411595806 26.936048411595806 26.936048411595806 26.936048411595806 26.936048411595806
16.708408242044197 16.615797089939498 16.52318593783496 16.43057478573042 16.337963633625883 16.245352481521344 16.152741329416806 16.060130177312267 15.967519025207727 15.874907873103188 15.78229672099865 15.61927709018008 15.38098920204086 15.14270131390164 14.904413425762012 14.666125537622792 14.427837649483571 14.18954976134435 13.95126187320513 13.712973985065908 13.474686096926687 13.236398208787467 12.998110320648246 14.150342620818064 16.789072477186135 19.427802333554204 22.066532189922277 24.70526204629485 27.34399190266292 29.982721759030994 32.62145161539907 35.26018147176713 37.898911328135206 40.53764118450328 43.17637104087135 26.936048411595806 26.936048411595806 26.936048411595806 26.936048411595806 26.936048411595806 26.936048411595806 26.936048411595806 26.936048411595806 26.936048411595806
16.177897177330944 16.048606883991468 15.919316590652215 15.790026297312961 15.660736003973707 15.531445710634452 15.402155417295198 15.272865123955944 15.14357483061669 15.014284537277435 14.88499424393818 14.708654912313198 14.482019093886354 14.25538327545951 14.02874745703228 13.802111638605435 13.575475820178593 13.348840001751748 13.122204183324904 12.895568364898061 12.668932546471217 12.442296728044372 12.21566090961753 13.52353767640821 16.47184313100904 19.420148585609873 22.3684540402107 25.31675949481656 28.265064949417386 31.21337040401822 34.16167585861905 37.10998131321988 40.05828676782071 43.00659222242154 45.954897677022366 26.936048411595806 26.936048411595806 26.936048411595806 26.936048411595806 26.936048411595806 26.936048411595806 26.936048411595806 26.936048411595806 26.936048411595806
15.647386112617696 15.481416678043443 15.315447243469473 15.149477808895503 14.983508374321532 14.817538939747562 14.65156950517359 14.48560007059962 14.31963063602565 14.15366120145168 13.98769176687771 13.798032734446315 13.583048985731848 13.36806523701738 13.153081488302547 12.93809773958808 12.723113990873612 12.508130242159146 12.293146493444679 12.07816274473021 11.863178996015744 11.648195247301278 11.43321149858681 12.896732731998355 16.154613784831945 19.412494837665534 22.670375890499123 25.92825694333827 29.186137996171862 32.44401904900545 35.701900101839044 38.959781154672626 42.21766220750622 45.47554326033981 48.7334243131734 26.936048411595806 26.936048411595806 26.936048411595806 26.936048411595806 26.936048411595806 26.936048411595806 26.936048411595806 26.936048411595806 26.936048411595806
15.116875047904445 14.914226472095415 14.711577896286729 14.508929320478043 14.306280744669357 14.10363216886067 13.900983593051984 13.698335017243298 13.495686441434612 13.293037865625926 13.09038928981724 12.88741055657943 12.684078877577342 12.480747198575251 12.277415519572815 12.074083840570724 11.870752161568634 11.667420482566543 11.464088803564454 11.260757124562364 11.057425445560273 10.854093766558183 10.650762087556092 12.269927787588502 15.837384438654851 19.404841089721202 22.972297740787546 26.53975439185998 30.10721104292633 33.674667693992674 37.242124345059025 40.809580996125376 44.37703764719173 47.94449429825807 51.51195094932442 26.936048411595806 26.936048411595806 26.936048411595806 26.936048411595806 26.936048411595806 26.936048411595806 26.936048411595806 26.936048411595806 26.936048411595806
14.586363983190743 14.347036266146903 14.107708549103469 13.868380832060035 13.629053115016603 13.38972539797317 13.150397680929736 12.911069963886304 12.67174224684287 12.432414529799438 12.193086812756004 11.97678837871177 11.785108769422067 11.593429160132363 11.401749550842332 11.21006994155263 11.018390332262927 10.826710722973223 10.635031113683521 10.443351504393817 10.251671895104113 10.05999228581441 9.868312676524708 11.643122843178114 15.520155092477484 19.397187341776856 23.27421959107623 27.15125184038221 31.028284089681584 34.90531633898095 38.78234858828032 42.6593808375797 46.536413086879065 50.41344533617844 54.29047758547781 26.936048411595806 26.936048411595806 26.936048411595806 26.936048411595806 26.936048411595806 26.936048411595806 26.936048411595806 26.936048411595806 26.936048411595806
14.055852918477495 13.779846060198874 13.503839201920727 13.227832343642577 12.951825485364427 12.67581862708628 12.39981176880813 12.123804910529982 11.847798052251832 11.571791193973684 11.295784335695535 11.066166200844886 10.88613866126756 10.706111121690233 10.5260835821126 10.346056042535274 10.166028502957946 9.98600096338062 9.805973423803295 9.625945884225967 9.445918344648641 9.265890805071315 9.085863265493987 11.016317898768259 15.20292574630039 19.38953359383252 23.576141441364655 27.762749288903922 31.949357136436053 36.13596498396818 40.32257283150032 44.50918067903244 48.695788526564584 52.882396374096714 57.069004221628845 26.936048411595806 26.936048411595806 26.936048411595806 26.936048411595806 26.936048411595806 26.936048411595806 26.936048411595806 26.936048411595806 26.936048411595806
13.897832776326075 13.579261918444875 13.260691060564218 12.942120202683562 12.623549344802903 12.304978486922247 11.98640762904159 11.667836771160932 11.349265913280275 11.030695055399619 10.71212419751896 10.468851439205705 10.30607405357355 10.143296667941394 9.980519282308961 9.817741896676807 9.654964511044652 9.492187125412496 9.329409739780342 9.166632354148186 9.00385496851603 8.841077582883877 8.67830019725172 10.619697448258993 14.810505014540091 19.001312580821192 23.19212014710229 27.382927713390536 31.573735279671638 35.76454284595274 39.955350412233834 44.146157978514935 48.33696554479604 52.52777311107714 56.71858067735823 58.49098734567099 57.67806870775272 56.865150069834456 56.05223143191619 55.239312793997925 54.426394156078274 53.61347551816001 52.80055688024174 51.98763824232348
14.137981948366255 13.770556548271912 13.403131148178197 13.035705748084482 12.668280347990766 12.300854947897049 11.933429547803334 11.566004147709616 11.198578747615901 10.831153347522186 10.46372794742847 10.206442554446836 10.066899321898484 9.927356089350134 9.787812856801544 9.648269624253194 9.508726391704842 9.369183159156492 9.22963992660814 9.09009669405979 8.950553461511438 8.811010228963088 8.671466996414736 10.469129710775833 14.337709431696512 18.206289152617188 22.074868873537866 25.943448594465142 29.81202831538582 33.680608036306495 37.54918775722717 41.41776747814786 45.28634719906854 49.154926919989215 53.02350664090989 54.74034806682659 54.156932545628564 53.57351702443054 52.99010150323251 52.40668598203448 51.82327046083546 51.239854939637425 50.6564394184394 50.07302389724137
14.378131120406437 13.961851178098954 13.545571235792178 13.129291293485403 12.71301135117863 12.296731408871853 11.880451466565079 11.464171524258305 11.047891581951529 10.631611639644754 10.21533169733798 9.944033669687968 9.82772459022342 9.711415510758874 9.595106431294129 9.478797351829582 9.362488272365034 9.246179192900488 9.12987011343594 9.013561033971394 8.897251954506846 8.7809428750423 8.664633795577753 10.318561973292676 13.864913848852932 17.41126572441319 20.957617599973446 24.503969475539755 28.05032135110001 31.596673226660265 35.14302510222053 38.68937697778078 42.23572885334104 45.78208072890129 49.328432604461554 50.989708787982195 50.635796383504406 50.28188397902661 49.92797157454882 49.57405917007103 49.22014676559263 48.86623436111484 48.51232195663705 48.15840955215926
14.618280292446618 14.153145807925991 13.688011323406156 13.222876838886323 12.75774235436649 12.292607869846655 11.827473385326822 11.36233890080699 10.897204416287156 10.432069931767321 9.966935447247486 9.681624784929099 9.588549858548356 9.495474932167612 9.402400005786712 9.30932507940597 9.216250153025225 9.123175226644483 9.03010030026374 8.937025373882998 8.843950447502255 8.750875521121511 8.657800594740769 10.167994235809516 13.392118266009351 16.616242296209187 19.840366326409026 23.064490356614357 26.288614386814196 29.51273841701403 32.736862447213866 35.960986477413705 39.185110507613544 42.409234537813376 45.63335856801321 47.2390695091378 47.11466022138024 46.99025093362269 46.86584164586514 46.74143235810758 46.617023070349816 46.492613782592265 46.36820449483471 46.243795207077156
14.858429464487003 14.344440437753192 13.830451411020258 13.316462384287323 12.802473357554389 12.288484330821454 11.774495304088521 11.260506277355587 10.746517250622652 10.23252822388972 9.718539197156783 9.419215900170006 9.349375126873086 9.27953435357617 9.209693580279131 9.139852806982212 9.070012033685293 9.000171260388374 8.930330487091455 8.860489713794536 8.790648940497617 8.720808167200698 8.65096739390378 10.01742649832623 12.919322683165369 15.821218868004507 18.723115052843646 21.625011237687737 24.526907422526875 27.428803607366014 30.330699792205152 33.23259597704429 36.13449216188343 39.036388346722575 41.938284531561706 43.4884302302902 43.59352405925308 43.698617888215956 43.803711717178835 43.908805546141714 44.01389937510478 44.11899320406766 44.224087033030536 44.329180861993414
15.098578636527185 14.535735067580232 13.972891498634239 13.410047929688245 12.847204360742252 12.28436079179626 11.721517222850267 11.158673653904273 10.59583008495828 10.032986516012286 9.470142947066293 9.156807015411138 9.110200395198024 9.06359377498491 9.016987154771714 8.970380534558599 8.923773914345485 8.87716729413237 8.830560673919255 8.78395405370614 8.737347433493024 8.69074081327991 8.644134193066796 9.866858760843071 12.44652710032179 15.026195439800507 17.605863779279225 20.185532118762346 22.76520045824106 25.344868797719784 27.9245371371985 30.504205476677214 33.083873816155936 35.66354215563465 38.243210495113374 39.737790951445795 40.07238789712891 40.40698484281203 40.74158178849515 41.076178734178264 41.410775679861956 41.74537262554507 42.07996957122819 42.41456651691131
15.338727808567366 14.727029697407271 14.11533158624822 13.503633475089167 12.891935363930115 12.280237252771062 11.66853914161201 11.056841030452958 10.445142919293907 9.833444808134853 9.221746696975803 8.894398130652268 8.871025663522959 8.847653196393647 8.824280729264297 8.800908262134987 8.777535795005676 8.754163327876364 8.730790860747055 8.707418393617743 8.684045926488432 8.660673459359122 8.637300992229811 9.716291023359913 11.973731517478209 14.231172011596506 16.4886125057148 18.746052999836948 21.003493493955247 23.26093398807354 25.518374482191838 27.775814976310134 30.03325547042843 32.29069596454673 34.54813645866503 35.98715167260139 36.55125173500475 37.1153517974081 37.67945185981146 38.24355192221481 38.807651984619135 39.37175204702249 39.935852109425845 40.4999521718292
