Figures/CREST_Example_wjb_NSE/Rolling_result/20100722/BJP_forecast/ens_2/wjb.rain.20100728.asc
ncols            288
nrows            254
xllcorner        113.274861
yllcorner        31.4918055
cellsize         0.008333333333
NODATA_value     -9999
[rows 200 to 219 of 254, columns 45 to 89 of 288]
-9999.0 -9999.0 -9999.0 -9999.0 -9999.0 -9999.0 -9999.0 -9999.0 -9999.0 9.578655383531846 9.578655383531846 9.578655383531846 9.578655383531846 9.578655383531846 9.578655383531846 9.578655383531846 9.578655383531846 9.578655383531846 3.7213438681184092 3.875145382738155 4.028946897358162 4.182748411977908 4.336549926597653 4.490351441217398 4.644152955837144 4.797954470456888 4.951755985076634 5.1055574996963795 5.259359014316125 5.413160528935871 5.471598072634476 5.428089375565487 5.384580678496498 5.341071981427435 5.2975632843584455 5.254054587289456 5.210545890220468 5.1670371931514785 5.123528496082489 5.0800197990135 5.036511101944511 4.993002404875522 5.016763024913783 5.112436065806645 5.208109106699507
-9999.0 -9999.0 -9999.0 -9999.0 -9999.0 -9999.0 -9999.0 -9999.0 9.578655383531846 9.578655383531846 9.578655383531846 9.578655383531846 9.578655383531846 9.578655383531846 9.578655383531846 9.578655383531846 9.578655383531846 9.578655383531846 3.6230103567207745 3.773694498691316 3.924378640662115 4.075062782632656 4.2257469246031985 4.37643106657374 4.527115208544282 4.677799350514823 4.828483492485365 4.979167634455907 5.129851776426448 5.280535918396989 5.361452175135666 5.367784985348447 5.374117795561228 5.38045060577402 5.386783415986801 5.393116226199583 5.3994490364123635 5.405781846625145 5.412114656837926 5.418447467050708 5.424780277263489 5.43111308747627 5.466658971107797 5.5334342906914635 5.600209610275131
-9999.0 -9999.0 -9999.0 -9999.0 -9999.0 -9999.0 -9999.0 9.578655383531846 9.578655383531846 9.578655383531846 9.578655383531846 9.578655383531846 9.578655383531846 9.578655383531846 9.578655383531846 9.578655383531846 9.578655383531846 9.578655383531846 3.5246768453231403 3.6722436146444783 3.8198103839660678 3.967377153287406 4.114943922608743 4.262510691930082 4.4100774612514195 4.557644230572757 4.705210999894096 4.852777769215433 5.000344538536771 5.147911307858109 5.251306277636854 5.307480595131406 5.363654912625958 5.419829230120605 5.476003547615157 5.532177865109709 5.588352182604261 5.644526500098812 5.700700817593364 5.756875135087916 5.813049452582467 5.869223770077019 5.91655491730181 5.954432515576284 5.992310113850756
-9999.0 -9999.0 -9999.0 -9999.0 -9999.0 -9999.0 -9999.0 -9999.0 9.578655383531846 9.578655383531846 9.578655383531846 9.578655383531846 9.578655383531846 9.578655383531846 9.578655383531846 9.578655383531846 9.578655383531846 9.578655383531846 3.4263433339255056 3.57079273059764 3.7152421272700202 3.8596915239421548 4.004140920614289 4.148590317286423 4.293039713958557 4.4374891106306915 4.581938507302826 4.72638790397496 4.870837300647095 5.015286697319229 5.141160380138044 5.247176204914366 5.353192029690688 5.4592078544671905 5.565223679243513 5.671239504019835 5.777255328796157 5.883271153572479 5.989286978348801 6.095302803125123 6.201318627901445 6.307334452677767 6.366450863495824 6.375430740461102 6.38441061742638
-9999.0 -9999.0 -9999.0 -9999.0 -9999.0 -9999.0 -9999.0 -9999.0 -9999.0 9.578655383531846 9.578655383531846 9.578655383531846 9.578655383531846 9.578655383531846 9.578655383531846 9.578655383531846 9.578655383531846 9.578655383531846 3.328009822527829 3.4693418465507584 3.6106738705739287 3.752005894596858 3.893337918619787 4.034669942642716 4.176001966665646 4.317333990688574 4.458666014711504 4.599998038734434 4.7413300627573625 4.882662086780291 5.031014482639186 5.1868718146973 5.342729146755413 5.4985864788137935 5.654443810871907 5.810301142930021 5.966158474988134 6.122015807046248 6.277873139104362 6.433730471162476 6.5895878032205895 6.745445135278704 6.816346809690031 6.796428965346101 6.776511121002173
-9999.0 -9999.0 -9999.0 -9999.0 -9999.0 -9999.0 -9999.0 -9999.0 -9999.0 9.578655383531846 9.578655383531846 9.578655383531846 9.578655383531846 9.578655383531846 9.578655383531846 9.578655383531846 9.578655383531846 9.578655383531846 9.578655383531846 9.578655383531846 9.578655383531846 9.578655383531846 9.578655383531846 9.578655383531846 9.578655383531846 9.578655383531846 9.578655383531846 9.578655383531846 9.578655383531846 9.578655383531846 4.985262362540026 5.163579460617869 5.34189655869571 5.520213656773858 5.698530754851699 5.876847852929542 6.055164951007384 6.233482049085227 6.4117991471630695 6.590116245240912 6.768433343318755 6.946750441396597 9.578655383531846 9.578655383531846 9.578655383531846
-9999.0 -9999.0 -9999.0 -9999.0 -9999.0 -9999.0 -9999.0 -9999.0 -9999.0 -9999.0 -9999.0 9.578655383531846 9.578655383531846 9.578655383531846 9.578655383531846 9.578655383531846 9.578655383531846 9.578655383531846 9.578655383531846 9.578655383531846 9.578655383531846 9.578655383531846 9.578655383531846 9.578655383531846 9.578655383531846 9.578655383531846 9.578655383531846 9.578655383531846 9.578655383531846 9.578655383531846 5.00834313185683 5.179850640367306 5.351358148877782 5.52286565738855 5.694373165899026 5.865880674409501 6.037388182919978 6.208895691430453 6.380403199940929 6.5519107084514046 6.72341821696188 6.894925725472356 9.578655383531846 9.578655383531846 9.578655383531846
-9999.0 -9999.0 -9999.0 -9999.0 -9999.0 -9999.0 -9999.0 -9999.0 -9999.0 -9999.0 -9999.0 -9999.0 9.578655383531846 9.578655383531846 9.578655383531846 9.578655383531846 9.578655383531846 9.578655383531846 9.578655383531846 9.578655383531846 9.578655383531846 9.578655383531846 9.578655383531846 9.578655383531846 9.578655383531846 9.578655383531846 9.578655383531846 9.578655383531846 9.578655383531846 9.578655383531846 5.031423901173644 5.19612182011675 5.360819739059856 5.525517658003244 5.69021557694635 5.854913495889456 6.019611414832562 6.184309333775668 6.349007252718775 6.513705171661881 6.678403090604987 6.843101009548094 9.578655383531846 9.578655383531846 9.578655383531846
-9999.0 -9999.0 -9999.0 -9999.0 -9999.0 -9999.0 -9999.0 -9999.0 -9999.0 -9999.0 -9999.0 -9999.0 9.578655383531846 9.578655383531846 9.578655383531846 9.578655383531846 9.578655383531846 9.578655383531846 9.578655383531846 9.578655383531846 9.578655383531846 9.578655383531846 9.578655383531846 9.578655383531846 9.578655383531846 9.578655383531846 9.578655383531846 9.578655383531846 9.578655383531846 9.578655383531846 5.054504670490449 5.212392999866188 5.370281329241927 5.528169658617936 5.686057987993676 5.843946317369416 6.001834646745155 6.159722976120895 6.3176113054966345 6.4754996348723735 6.633387964248113 6.791276293623853 9.578655383531846 9.578655383531846 9.578655383531846
-9999.0 -9999.0 -9999.0 -9999.0 -9999.0 -9999.0 -9999.0 -9999.0 -9999.0 -9999.0 -9999.0 -9999.0 -9999.0 9.578655383531846 9.578655383531846 9.578655383531846 9.578655383531846 9.578655383531846 9.578655383531846 9.578655383531846 9.578655383531846 9.578655383531846 9.578655383531846 9.578655383531846 9.578655383531846 9.578655383531846 9.578655383531846 9.578655383531846 9.578655383531846 9.578655383531846 5.077585439807252 5.228664179615626 5.3797429194239985 5.530821659232629 5.681900399041002 5.832979138849375 5.984057878657747 6.13513661846612 6.286215358274493 6.437294098082866 6.588372837891239 6.739451577699612 9.578655383531846 9.578655383531846 9.578655383531846
-9999.0 -9999.0 -9999.0 -9999.0 -9999.0 -9999.0 -9999.0 -9999.0 -9999.0 -9999.0 -9999.0 -9999.0 -9999.0 -9999.0 9.578655383531846 9.578655383531846 9.578655383531846 9.578655383531846 9.578655383531846 9.578655383531846 9.578655383531846 9.578655383531846 9.578655383531846 9.578655383531846 9.578655383531846 9.578655383531846 9.578655383531846 9.578655383531846 9.578655383531846 9.578655383531846 5.100666209124067 5.24493535936507 5.389204509606073 5.533473659847322 5.6777428100883265 5.82201196032933 5.966281110570333 6.110550260811336 6.254819411052339 6.399088561293342 6.543357711534346 6.68762686177535 9.578655383531846 9.578655383531846 9.578655383531846
-9999.0 -9999.0 -9999.0 -9999.0 -9999.0 -9999.0 -9999.0 -9999.0 -9999.0 -9999.0 -9999.0 -9999.0 -9999.0 -9999.0 -9999.0 -9999.0 -9999.0 9.578655383531846 9.578655383531846 9.578655383531846 9.578655383531846 9.578655383531846 9.578655383531846 9.578655383531846 9.578655383531846 9.578655383531846 9.578655383531846 9.578655383531846 9.578655383531846 9.578655383531846 5.12374697844087 5.261206539114507 5.398666099788144 5.536125660462015 5.673585221135651 5.811044781809288 5.948504342482925 6.0859639031565615 6.223423463830199 6.360883024503835 6.498342585177472 6.635802145851109 9.578655383531846 9.578655383531846 9.578655383531846
-9999.0 -9999.0 -9999.0 -9999.0 -9999.0 -9999.0 -9999.0 -9999.0 -9999.0 -9999.0 -9999.0 -9999.0 -9999.0 -9999.0 -9999.0 -9999.0 -9999.0 9.578655383531846 9.578655383531846 9.578655383531846 9.578655383531846 9.578655383531846 9.578655383531846 9.578655383531846 9.578655383531846 9.578655383531846 9.578655383531846 9.578655383531846 9.578655383531846 9.578655383531846 5.146827747757675 5.2774777188639455 5.408127689970215 5.538777661076708 5.669427632182978 5.800077603289248 5.930727574395518 6.061377545501788 6.192027516608058 6.322677487714328 6.453327458820597 6.583977429926868 9.578655383531846 9.578655383531846 9.578655383531846
-9999.0 -9999.0 -9999.0 -9999.0 -9999.0 -9999.0 -9999.0 -9999.0 -9999.0 -9999.0 -9999.0 -9999.0 -9999.0 -9999.0 -9999.0 -9999.0 -9999.0 -9999.0 -9999.0 9.578655383531846 9.578655383531846 9.578655383531846 9.578655383531846 9.578655383531846 9.578655383531846 9.578655383531846 9.578655383531846 9.578655383531846 9.578655383531846 9.578655383531846 5.1699085170744885 5.293748898613389 5.41758928015229 5.541429661691401 5.665270043230302 5.789110424769202 5.912950806308103 6.036791187847004 6.160631569385904 6.284471950924805 6.408312332463705 6.532152714002605 9.578655383531846 9.578655383531846 9.578655383531846
-9999.0 -9999.0 -9999.0 -9999.0 -9999.0 -9999.0 -9999.0 -9999.0 -9999.0 -9999.0 -9999.0 -9999.0 -9999.0 -9999.0 -9999.0 -9999.0 -9999.0 -9999.0 -9999.0 -9999.0 -9999.0 9.578655383531846 -9999.0 9.578655383531846 9.578655383531846 9.578655383531846 9.578655383531846 9.578655383531846 9.578655383531846 9.578655383531846 5.192989286391294 5.310020078362827 5.4270508703343605 5.544081662306094 5.661112454277628 5.7781432462491615 5.895174038220696 6.012204830192229 6.129235622163764 6.246266414135297 6.3632972061068305 6.480327998078365 9.578655383531846 9.578655383531846 9.578655383531846
-9999.0 -9999.0 -9999.0 -9999.0 -9999.0 -9999.0 -9999.0 -9999.0 -9999.0 -9999.0 -9999.0 -9999.0 -9999.0 -9999.0 -9999.0 -9999.0 -9999.0 -9999.0 -9999.0 -9999.0 -9999.0 -9999.0 -9999.0 -9999.0 -9999.0 9.578655383531846 9.578655383531846 9.578655383531846 9.578655383531846 9.578655383531846 5.216070055708097 5.326291258112264 5.436512460516431 5.546733662920786 5.656954865324954 5.767176067729121 5.8773972701332875 5.987618472537455 6.097839674941622 6.2080608773457895 6.318282079749957 6.428503282154123 9.578655383531846 9.578655383531846 9.578655383531846
-9999.0 -9999.0 -9999.0 -9999.0 -9999.0 -9999.0 -9999.0 -9999.0 -9999.0 -9999.0 -9999.0 -9999.0 -9999.0 -9999.0 -9999.0 -9999.0 -9999.0 -9999.0 -9999.0 -9999.0 -9999.0 -9999.0 -9999.0 -9999.0 -9999.0 9.578655383531846 9.578655383531846 9.578655383531846 9.578655383531846 9.578655383531846 5.239150825024901 5.342562437861702 5.445974050698503 5.549385663535479 5.65279727637228 5.756208889209081 5.859620502045881 5.963032114882681 6.0664437277194825 6.169855340556283 6.273266953393083 6.3766785662298835 9.578655383531846 9.578655383531846 9.578655383531846
-9999.0 -9999.0 -9999.0 -9999.0 -9999.0 -9999.0 -9999.0 -9999.0 -9999.0 -9999.0 -9999.0 -9999.0 -9999.0 -9999.0 -9999.0 -9999.0 -9999.0 -9999.0 -9999.0 -9999.0 -9999.0 -9999.0 -9999.0 -9999.0 -9999.0 -9999.0 9.578655383531846 9.578655383531846 9.578655383531846 9.578655383531846 9.578655383531846 9.578655383531846 9.578655383531846 9.578655383531846 9.578655383531846 9.578655383531846 9.578655383531846 9.578655383531846 9.578655383531846 9.578655383531846 9.578655383531846 9.578655383531846 9.578655383531846 9.578655383531846 9.578655383531846
-9999.0 -9999.0 -9999.0 -9999.0 -9999.0 -9999.0 -9999.0 -9999.0 -9999.0 -9999.0 -9999.0 -9999.0 -9999.0 -9999.0 -9999.0 -9999.0 -9999.0 -9999.0 -9999.0 -9999.0 -9999.0 -9999.0 -9999.0 -9999.0 -9999.0 -9999.0 -9999.0 9.578655383531846 9.578655383531846 9.578655383531846 9.578655383531846 9.578655383531846 9.578655383531846 9.578655383531846 9.578655383531846 9.578655383531846 9.578655383531846 9.578655383531846 9.578655383531846 9.578655383531846 9.578655383531846 9.578655383531846 9.578655383531846 9.578655383531846 9.578655383531846
-9999.0 -9999.0 -9999.0 -9999.0 -9999.0 -9999.0 -9999.0 -9999.0 -9999.0 -9999.0 -9999.0 -9999.0 -9999.0 -9999.0 -9999.0 -9999.0 -9999.0 -9999.0 -9999.0 -9999.0 -9999.0 -9999.0 -9999.0 -9999.0 -9999.0 -9999.0 -9999.0 -9999.0 9.578655383531846 9.578655383531846 9.578655383531846 9.578655383531846 9.578655383531846 9.578655383531846 9.578655383531846 9.578655383531846 9.578655383531846 9.578655383531846 9.578655383531846 9.578655383531846 9.578655383531846 9.578655383531846 9.578655383531846 9.578655383531846 9.578655383531846
