Figures/CREST_Example_wjb_NSE/Rolling_result/20100722/BJP_forecast/ens_2/wjb.rain.20100508.asc
ncols            288
nrows            254
xllcorner        113.274861
yllcorner        31.4918055
cellsize         0.008333333333
NODATA_value     -9999
[rows 80 to 99 of 254, columns 44 to 87 of 288]
2.178904864640715 2.2291217078492678 2.2793385510578204 2.3295553942663734 2.379772237474926 2.4299890806834785 2.480205923892031 2.506151962543548 2.506151962543548 2.506151962543548 2.506151962543548 2.506151962543548 2.506151962543548 2.506151962543548 2.506151962543548 2.506151962543548 2.506151962543548 2.506151962543548 2.506151962543548 2.482606405257391 2.4338901149963625 2.3851738247352516 2.3364575344742238 2.287741244213196 2.2390249539521676 2.1903086636911397 2.141592373430112 2.0928760831690836 2.0441597929080557 1.9954435026470279 1.946727212386 1.8973131099149902 1.847153030416365 1.79699295091774 1.7468328714190293 1.696672791920404 1.6465127124217789 1.5963526329231539 1.5461925534245287 1.4960324739259034 1.4458723944272784 1.395712314928653 1.345552235430028 1.3196355253800782
2.1971763624220517 2.2606831712928486 2.3241899801636454 2.3876967890344423 2.451203597905239 2.514710406776036 2.578217215646833 2.6110299137838506 2.6110299137838506 2.6110299137838506 2.6110299137838506 2.6110299137838506 2.6110299137838506 2.6110299137838506 2.6110299137838506 2.6110299137838506 2.6110299137838506 2.6110299137838506 2.6110299137838506 2.5876927775208474 2.5394077150679824 2.4911226526150347 2.4428375901621693 2.394552527709304 2.346267465256439 2.2979824028035734 2.249697340350708 2.201412277897843 2.1531272154449774 2.104842152992112 2.056557090539247 2.0068134392514048 1.955510523525272 1.9042076077991394 1.8529046920729195 1.8016017763467869 1.7502988606206542 1.6989959448945218 1.6476930291683891 1.5963901134422565 1.545087197716124 1.4937842819899916 1.4424813662638587 1.4159741755879025
2.2154478602033887 2.29224463473643 2.369041409269471 2.445838183802512 2.5226349583355527 2.599431732868594 2.676228507401635 2.7159078650241537 2.7159078650241537 2.7159078650241537 2.7159078650241537 2.7159078650241537 2.7159078650241537 2.7159078650241537 2.7159078650241537 2.7159078650241537 2.7159078650241537 2.7159078650241537 2.7159078650241537 2.6927791497843048 2.644925315139602 2.597071480494818 2.5492176458501152 2.5013638112054126 2.45350997656071 2.4056561419160074 2.357802307271305 2.309948472626602 2.2620946379818996 2.214240803337197 2.1663869686924944 2.1163137685878195 2.0638680166341796 2.0114222646805393 1.95897651272681 1.9065307607731699 1.85408500881953 1.8016392568658899 1.7491935049122498 1.69674775295861 1.6443020010049698 1.5918562490513297 1.5394104970976898 1.5123128257957268
2.233719357984725 2.3238060981800106 2.4138928383752956 2.503979578570581 2.5940663187658664 2.6841530589611517 2.7742397991564367 2.8207858162644563 2.8207858162644563 2.8207858162644563 2.8207858162644563 2.8207858162644563 2.8207858162644563 2.8207858162644563 2.8207858162644563 2.8207858162644563 2.8207858162644563 2.8207858162644563 2.8207858162644563 2.7978655220477617 2.7504429152112215 2.703020308374601 2.6555977015380607 2.608175094701521 2.560752487864981 2.513329881028441 2.4659072741919013 2.4184846673553615 2.3710620605188213 2.3236394536822815 2.2762168468457418 2.2258140979242342 2.172225509743087 2.118636921561939 2.0650483333807004 2.011459745199553 1.9578711570184055 1.904282568837258 1.8506939806561107 1.7971053924749631 1.7435168042938156 1.6899282161126683 1.6363396279315205 1.608651476003551
2.2519908557660617 2.3553675616235914 2.4587442674811206 2.56212097333865 2.6654976791961795 2.768874385053709 2.8722510909112384 2.925663767504759 2.925663767504759 2.925663767504759 2.925663767504759 2.925663767504759 2.925663767504759 2.925663767504759 2.925663767504759 2.925663767504759 2.925663767504759 2.925663767504759 2.925663767504759 2.9029518943112183 2.855960515282841 2.8089691362543836 2.7619777572260067 2.7149863781976293 2.667994999169252 2.6210036201408746 2.5740122411124977 2.5270208620841204 2.480029483055743 2.433038104027366 2.3860467249989887 2.3353144272606485 2.280583002851994 2.225851578443339 2.1711201540345906 2.116388729625936 2.061657305217281 2.006925880808626 1.9521944563999711 1.8974630319913162 1.8427316075826612 1.7880001831740064 1.7332687587653515 1.7049901262113754
2.199251946660843 2.307223162128699 2.4151943775965554 2.5231655930644115 2.6311368085322675 2.7391080240001235 2.8470792394679796 2.902865807296344 2.902865807296344 2.902865807296344 2.902865807296344 2.902865807296344 2.902865807296344 2.902865807296344 2.902865807296344 2.902865807296344 2.902865807296344 2.902865807296344 2.902865807296344 2.8829506105167155 2.8417456182062453 2.800540625895705 2.7593356335852346 2.7181306412747643 2.676925648964294 2.6357206566538234 2.594515664343353 2.553310672032883 2.5121056797224126 2.4709006874119424 2.429695695101472 2.3826834145160545 2.3294630114818116 2.276242608447569 2.2230222054132356 2.169801802378993 2.11658139934475 2.0633609963105077 2.010140593276265 1.9569201902420224 1.9036997872077799 1.850479384173537 1.7972589811392945 1.7697610631143093
2.070607389711551 2.1738782205078815 2.277149051304212 2.3804198821005427 2.4836907128968733 2.586961543693204 2.6902323744895345 2.7435903475562187 2.7435903475562187 2.7435903475562187 2.7435903475562187 2.7435903475562187 2.7435903475562187 2.7435903475562187 2.7435903475562187 2.7435903475562187 2.7435903475562187 2.7435903475562187 2.7435903475562187 2.7292385090169455 2.6995442306628004 2.6698499523086046 2.6401556739544594 2.610461395600314 2.5807671172461686 2.5510728388920234 2.5213785605378782 2.491684282183733 2.4619900038295874 2.4322957254754423 2.402601447121297 2.363637914390381 2.3147653391845893 2.2658927639787976 2.2170201887729224 2.1681476135671307 2.119275038361339 2.0704024631555473 2.0215298879497556 1.972657312743964 1.9237847375381723 1.8749121623323806 1.8260395871265886 1.8007881047991416
1.941962832762259 2.040533278887064 2.1391037250118687 2.237674171136674 2.336244617261479 2.4348150633862837 2.5333855095110884 2.5843148878160926 2.5843148878160926 2.5843148878160926 2.5843148878160926 2.5843148878160926 2.5843148878160926 2.5843148878160926 2.5843148878160926 2.5843148878160926 2.5843148878160926 2.5843148878160926 2.5843148878160926 2.5755264075171747 2.5573428431193546 2.539159278721504 2.5209757143236837 2.502792149925863 2.484608585528043 2.466425021130223 2.448241456732403 2.430057892334583 2.4118743279367627 2.3936907635389426 2.3755071991411225 2.344592414264708 2.300067666887367 2.2555429195100265 2.2110181721326096 2.1664934247552687 2.121968677377928 2.077443930000587 2.032919182623246 1.9883944352459053 1.9438696878685646 1.8993449404912237 1.8548201931138828 1.831815146483974
1.8133182758129673 1.9071883372662466 2.001058398719526 2.094928460172805 2.188798521626085 2.282668583079364 2.3765386445326433 2.4250394280759675 2.4250394280759675 2.4250394280759675 2.4250394280759675 2.4250394280759675 2.4250394280759675 2.4250394280759675 2.4250394280759675 2.4250394280759675 2.4250394280759675 2.4250394280759675 2.4250394280759675 2.4218143060174047 2.4151414555759096 2.4084686051344035 2.401795754692908 2.395122904251413 2.388450053809918 2.381777203368423 2.375104352926928 2.368431502485433 2.361758652043938 2.355085801602443 2.3484129511609475 2.325546914139035 2.2853699945901447 2.245193075041255 2.2050161554922965 2.1648392359434063 2.1246623163945166 2.0844853968456265 2.0443084772967364 2.0041315577478467 1.9639546381989568 1.9237777186500669 1.8836007991011767 1.8628421881688062
1.6846737188636753 1.7738433956454291 1.863013072427183 1.9521827492089368 2.0413524259906906 2.130522102772444 2.219691779554198 2.265763968335842 2.265763968335842 2.265763968335842 2.265763968335842 2.265763968335842 2.265763968335842 2.265763968335842 2.265763968335842 2.265763968335842 2.265763968335842 2.265763968335842 2.265763968335842 2.2681022045176342 2.2729400680324643 2.277777931547303 2.282615795062133 2.287453658576963 2.2922915220917925 2.2971293856066226 2.3019672491214527 2.3068051126362827 2.311642976151113 2.316480839665943 2.321318703180773 2.3065014140133613 2.2706723222929224 2.2348432305724835 2.1990141388519833 2.1631850471315444 2.127355955411105 2.091526863690666 2.055697771970227 2.019868680249788 1.984039588529349 1.94821049680891 1.912381405088471 1.8938692298536386
1.5560291619143833 1.6404984540246115 1.7249677461348396 1.809437038245068 1.893906330355296 1.9783756224655242 2.0628449145757526 2.1064885085957163 2.1064885085957163 2.1064885085957163 2.1064885085957163 2.1064885085957163 2.1064885085957163 2.1064885085957163 2.1064885085957163 2.1064885085957163 2.1064885085957163 2.1064885085957163 2.1064885085957163 2.114390103017864 2.130738680489019 2.147087257960202 2.163435835431357 2.1797844129025123 2.1961329903736675 2.2124815678448226 2.228830145315978 2.245178722787133 2.261527300258288 2.277875877729443 2.2942244552005984 2.287455913887688 2.2559746499957 2.224493386103712 2.1930121222116705 2.161530858319682 2.1300495944276943 2.0985683305357057 2.067087066643718 2.0356058027517294 2.0041245388597417 1.9726432749677534 1.9411620110757652 1.924896271538471
1.4273846049650913 1.5071535124037938 1.5869224198424965 1.6666913272811992 1.7464602347199016 1.8262291421586043 1.905998049597307 1.9472130488555908 1.9472130488555908 1.9472130488555908 1.9472130488555908 1.9472130488555908 1.9472130488555908 1.9472130488555908 1.9472130488555908 1.9472130488555908 1.9472130488555908 1.9472130488555908 1.9472130488555908 1.9606780015180936 1.9885372929455738 2.0163965843731013 2.0442558758005815 2.0721151672280618 2.099974458655542 2.1278337500830222 2.1556930415105025 2.1835523329379827 2.211411624365463 2.239270915792943 2.2671302072204234 2.268410413762015 2.241276977698478 2.2141435416349404 2.187010105571357 2.15987666950782 2.1327432334442826 2.1056097973807453 2.0784763613172084 2.051342925253671 2.0242094891901337 1.9970760531265965 1.9699426170630592 1.9559233132233032
1.2987400480156897 1.3738085707828627 1.4488770935500357 1.5239456163172087 1.5990141390843817 1.6740826618515547 1.7491511846187278 1.7879375891153295 1.7879375891153295 1.7879375891153295 1.7879375891153295 1.7879375891153295 1.7879375891153295 1.7879375891153295 1.7879375891153295 1.7879375891153295 1.7879375891153295 1.7879375891153295 1.7879375891153295 1.8069659000181921 1.8463359054020072 1.8857059107858896 1.9250759161697046 1.9644459215535197 2.003815926937335 2.0431859323211503 2.0825559377049654 2.1219259430887805 2.1612959484725955 2.2006659538564106 2.2400359592402257 2.2493649136363256 2.226579305401243 2.2037936971661605 2.181008088931039 2.1582224806959562 2.1354368724608737 2.112651264225791 2.0898656559907085 2.067080047755626 2.0442944395205433 2.0215088312854608 1.998723223050378 1.986950354908162
1.1700954910663977 1.2404636291620452 1.3108317672576926 1.38119990535334 1.4515680434489875 1.521936181544635 1.5923043196402824 1.628662129375204 1.628662129375204 1.628662129375204 1.628662129375204 1.628662129375204 1.628662129375204 1.628662129375204 1.628662129375204 1.628662129375204 1.628662129375204 1.628662129375204 1.628662129375204 1.6532537985184217 1.7041345178585618 1.7550152371987888 1.8058959565389292 1.8567766758790694 1.9076573952192095 1.9585381145593497 2.00941883389949 2.06029955323963 2.1111802725797704 2.1620609919199105 2.2129417112600507 2.2303194135106525 2.2118816331040208 2.193443852697389 2.1750060722907256 2.156568291884094 2.1381305114774625 2.1196927310708307 2.101254950664199 2.082817170257567 2.0643793898509353 2.0459416094443035 2.027503829037672 2.017977396592994
1.0414509341171059 1.1071186875412278 1.1727864409653495 1.2384541943894714 1.3041219478135933 1.369789701237715 1.435457454661837 1.4693866696350784 1.4693866696350784 1.4693866696350784 1.4693866696350784 1.4693866696350784 1.4693866696350784 1.4693866696350784 1.4693866696350784 1.4693866696350784 1.4693866696350784 1.4693866696350784 1.4693866696350784 1.4995416970186513 1.5619331303151165 1.6243245636116883 1.6867159969081535 1.7491074302046188 1.8114988635010842 1.8738902967975495 1.9362817300940147 1.99867316339048 2.061064596686945 2.1234560299834104 2.1858474632798757 2.211273913384979 2.197183960806798 2.1830940082286174 2.1690040556504124 2.154914103072232 2.140824150494051 2.1267341979158703 2.1126442453376892 2.0985542927595087 2.0844643401813276 2.070374387603147 2.056284435024966 2.0490044382778265
0.9128063771678139 0.9737737459204101 1.0347411146730066 1.0957084834256028 1.156675852178199 1.2176432209307952 1.2786105896833915 1.310111209894953 1.310111209894953 1.310111209894953 1.310111209894953 1.310111209894953 1.310111209894953 1.310111209894953 1.310111209894953 1.310111209894953 1.310111209894953 1.310111209894953 1.310111209894953 1.345829595518881 1.4197317427716714 1.4936338900245878 1.5675360372773783 1.6414381845301687 1.7153403317829592 1.7892424790357495 1.8631446262885398 1.9370467735413301 2.010948920794121 2.0848510680469112 2.1587532152997015 2.192228413259306 2.182486288509576 2.1727441637598464 2.1630020390100997 2.15325991426037 2.14351778951064 2.13377566476091 2.12403354001118 2.1142914152614503 2.10454929051172 2.09480716576199 2.0850650410122604 2.080031479962659
0.784161820218522 0.8404288042995927 0.8966957883806634 0.952962772461734 1.0092297565428048 1.0654967406238756 1.1217637247049461 1.1508357501548274 1.1508357501548274 1.1508357501548274 1.1508357501548274 1.1508357501548274 1.1508357501548274 1.1508357501548274 1.1508357501548274 1.1508357501548274 1.1508357501548274 1.1508357501548274 1.1508357501548274 1.1921174940191106 1.277530355228226 1.3629432164374873 1.4483560776466027 1.5337689388557183 1.6191818000648337 1.704594661273949 1.7900075224830645 1.8754203836921801 1.9608332449012957 2.046246106110411 2.1316589673195265 2.173182913133633 2.167788616212354 2.162394319291075 2.1570000223697865 2.1516057254485075 2.1462114285272285 2.1408171316059494 2.1354228346846704 2.1300285377633914 2.1246342408421124 2.1192399439208334 2.1138456469995544 2.1110585216474913
0.7176963242328005 0.7715348075989923 0.8253732909651842 0.879211774331376 0.9330502576975678 0.9868887410637597 1.0407272244299515 1.0685444921255112 1.0685444921255112 1.0685444921255112 1.0685444921255112 1.0685444921255112 1.0685444921255112 1.0685444921255112 1.0685444921255112 1.0685444921255112 1.0685444921255112 1.0685444921255112 1.0685444921255112 1.1127006006233264 1.2040605872328465 1.2954205738425222 1.3867805604520422 1.478140547061562 1.569500533671082 1.6608605202806022 1.752220506890122 1.8435804934996418 1.9349404801091619 2.026300466718682 2.1176604533282015 2.1633428651582802 2.1601949169355508 2.1570469687128213 2.153899020490086 2.1507510722673566 2.147603124044627 2.1444551758218977 2.141307227599168 2.1381592793764383 2.135011331153709 2.1318633829309794 2.1287154347082495 2.127088952809572
0.7176963242328005 0.7715348075989923 0.8253732909651842 0.879211774331376 0.9330502576975678 0.9868887410637597 1.0407272244299515 1.0685444921255112 1.0685444921255112 1.0685444921255112 1.0685444921255112 1.0685444921255112 1.0685444921255112 1.0685444921255112 1.0685444921255112 1.0685444921255112 1.0685444921255112 1.0685444921255112 1.0685444921255112 1.1127006006233264 1.2040605872328465 1.2954205738425222 1.3867805604520422 1.478140547061562 1.569500533671082 1.6608605202806022 1.752220506890122 1.8435804934996418 1.9349404801091619 2.026300466718682 2.1176604533282015 2.1633428651582802 2.1601949169355508 2.1570469687128213 2.153899020490086 2.1507510722673566 2.147603124044627 2.1444551758218977 2.141307227599168 2.1381592793764383 2.135011331153709 2.1318633829309794 2.1287154347082495 2.127088952809572
0.7176963242328005 0.7715348075989923 0.8253732909651842 0.879211774331376 0.9330502576975678 0.9868887410637597 1.0407272244299515 1.0685444921255112 1.0685444921255112 1.0685444921255112 1.0685444921255112 1.0685444921255112 1.0685444921255112 1.0685444921255112 1.0685444921255112 1.0685444921255112 1.0685444921255112 1.0685444921255112 1.0685444921255112 1.1127006006233264 1.2040605872328465 1.2954205738425222 1.3867805604520422 1.478140547061562 1.569500533671082 1.6608605202806022 1.752220506890122 1.8435804934996418 1.9349404801091619 2.026300466718682 2.1176604533282015 2.1633428651582802 2.1601949169355508 2.1570469687128213 2.153899020490086 2.1507510722673566 2.147603124044627 2.1444551758218977 2.141307227599168 2.1381592793764383 2.135011331153709 2.1318633829309794 2.1287154347082495 2.127088952809572
