Figures/CREST_Example_wjb_NSE/Rolling_result/20100722/BJP_forecast/ens_2/wjb.rain.20100727.asc
ncols            288
nrows            254
xllcorner        113.274861
yllcorner        31.4918055
cellsize         0.008333333333
NODATA_value     -9999
[rows 150 to 174 of 254, columns 168 to 223 of 288]
0.9490667896573872 0.7331177290683537 0.5171686684796888 0.393798244679338 0.36939647801303577 0.3449947113467336 0.32059294468043137 0.2961911780141292 0.27178941134782697 0.24738764468152477 0.22298587801522257 0.19858411134892037 0.17418234468261817 0.14978057801631595 0.12537881134997214 0.10822887023361556 0.09883129470314195 0.08943371917266835 0.08003614364219475 0.07063856811172113 0.06124099258124752 0.051843417050773916 0.0424458415203003 0.0330482659898267 0.0236506904593531 0.014253114928879485 0.004855539398405884 0.0 0.0 0.0 0.0 0.0 0.0 0.0 0.0 0.0 0.0 0.0 0.0 0.0 0.0 0.0 0.0 0.0 0.0 0.0 0.0 0.0 0.0 0.0 0.0 0.0 0.0 0.0 0.0 0.0
1.1221486683850856 0.8668168483068865 0.6114850282291227 0.4656154663665231 0.4367635349015947 0.4079116034366662 0.37905967197173784 0.35020774050680936 0.321355809041881 0.2925038775769525 0.2636519461120241 0.23480001464709566 0.20594808318216723 0.1770961517172388 0.1482442202522612 0.12796663410518974 0.11685521709798823 0.10574380009078672 0.09463238308358522 0.08352096607638372 0.07240954906918222 0.06129813206198072 0.050186715054779216 0.039075298047577714 0.027963881040376212 0.01685246403317471 0.005741047025973223 0.0 0.0 0.0 0.0 0.0 0.0 0.0 0.0 0.0 0.0 0.0 0.0 0.0 0.0 0.0 0.0 0.0 0.0 0.0 0.0 0.0 0.0 0.0 0.0 0.0 0.0 0.0 0.0 0.0
1.2952305471127836 1.000515967545419 0.705801387978557 0.5374326880537083 0.5041305917901536 0.47082849552659894 0.43752639926304426 0.40422430299948964 0.37092220673593496 0.3376201104723803 0.30431801420882565 0.27101591794527097 0.2377138216817163 0.2044117254181616 0.1711096291545502 0.14770439797676388 0.13487913949283448 0.12205388100890507 0.1092286225249757 0.0964033640410463 0.0835781055571169 0.0707528470731875 0.05792758858925812 0.045102330105328714 0.032277071621399325 0.019451813137469937 0.006626554653540534 0.0 0.0 0.0 0.0 0.0 0.0 0.0 0.0 0.0 0.0 0.0 0.0 0.0 0.0 0.0 0.0 0.0 0.0 0.0 0.0 0.0 0.0 0.0 0.0 0.0 0.0 0.0 0.0 0.0
1.468312425840482 1.1342150867839518 0.8001177477279908 0.6092499097408933 0.5714976486787124 0.5337453876165316 0.4959931265543507 0.4582408654921698 0.4204886044299889 0.38273634336780804 0.3449840823056271 0.3072318212434462 0.26947956018126534 0.23172729911908446 0.1939750380568392 0.16744216184833804 0.15290306188768077 0.13836396192702347 0.12382486196636618 0.10928576200570889 0.0947466620450516 0.08020756208439431 0.06566846212373702 0.05112936216307973 0.03659026220242245 0.02205116224176515 0.007512062281107873 0.0 0.0 0.0 0.0 0.0 0.0 0.0 0.0 0.0 0.0 0.0 0.0 0.0 0.0 0.0 0.0 0.0 0.0 0.0 0.0 0.0 0.0 0.0 0.0 0.0 0.0 0.0 0.0 0.0
1.6413943045681805 1.2679142060224842 0.8944341074774247 0.6810671314280785 0.6388647055672714 0.5966622797064642 0.5544598538456571 0.51225742798485 0.47005500212404283 0.42785257626323575 0.3856501504024286 0.3434477245416215 0.30124529868081434 0.2590428728200072 0.21684044695912813 0.1871799257199122 0.17092698428252703 0.15467404284514186 0.13842110140775665 0.12216815997037148 0.10591521853298629 0.0896622770956011 0.07340933565821592 0.05715639422083074 0.04090345278344554 0.02465051134606036 0.008397569908675184 0.0 0.0 0.0 0.0 0.0 0.0 0.0 0.0 0.0 0.0 0.0 0.0 0.0 0.0 0.0 0.0 0.0 0.0 0.0 0.0 0.0 0.0 0.0 0.0 0.0 0.0 0.0 0.0 0.0
1.8144761832958793 1.4016133252610175 0.9887504672268603 0.7528843531152636 0.7062317624558302 0.6595791717963969 0.6129265811369635 0.5662739904775302 0.5196213998180969 0.4729688091586635 0.4263162184992302 0.3796636278397968 0.33301103718036346 0.2863584465209301 0.23970585586141724 0.20691768959148635 0.18895090667737327 0.1709841237632602 0.15301734084914714 0.13505055793503407 0.11708377502092096 0.09911699210680788 0.0811502091926948 0.06318342627858173 0.04521664336446865 0.027249860450355573 0.009283077536242496 0.0 0.0 0.0 0.0 0.0 0.0 0.0 0.0 0.0 0.0 0.0 0.0 0.0 0.0 0.0 0.0 0.0 0.0 0.0 0.0 0.0 0.0 0.0 0.0 0.0 0.0 0.0 0.0 0.0
1.9875580620235773 1.5353124444995494 1.0830668269762933 0.8247015748024488 0.7735988193443891 0.7224960638863296 0.6713933084282699 0.6202905529702104 0.5691877975121509 0.5180850420540912 0.46698228659603164 0.41587953113797205 0.3647767756799125 0.31367402022185287 0.2625712647637062 0.22665545346306054 0.20697482907221956 0.18729420468137858 0.1676135802905376 0.14793295589969663 0.12825233150885568 0.1085717071180147 0.08889108272717372 0.06921045833633274 0.049529833945491764 0.029849209554650785 0.010168585163809835 0.0 0.0 0.0 0.0 0.0 0.0 0.0 0.0 0.0 0.0 0.0 0.0 0.0 0.0 0.0 0.0 0.0 0.0 0.0 0.0 0.0 0.0 0.0 0.0 0.0 0.0 0.0 0.0 0.0
2.0869720763824953 1.6106962858553073 1.1344204953289312 0.8634726990232325 0.8120251736765144 0.7605776483297961 0.709130122983078 0.6576825976363598 0.6062350722896417 0.5547875469429235 0.5033400215962054 0.4518924962494873 0.40044497090276915 0.34899744555605094 0.2975499202092451 0.26005432428801545 0.23747365658587918 0.2148929888837429 0.19231232118160663 0.16973165347947033 0.14715098577733404 0.12457031807519775 0.10198965037306146 0.07940898267092517 0.0568283149687889 0.03424764726665261 0.011666979564516289 0.0 0.0 0.0 0.0 0.0 0.0 0.0 0.0 0.0 0.0 0.0 0.0 0.0 0.0 0.0 0.0 0.0 0.0 0.0 0.0 0.0 0.0 0.0 0.0 0.0 0.0 0.0 0.0 0.0
2.107639787489706 1.623744771140796 1.139849754792711 0.8669196281601588 0.8195157412941261 0.7721118544280934 0.7247079675620606 0.6773040806960278 0.6299001938299951 0.5824963069639624 0.5350924200979296 0.4876885332318968 0.44028464636586406 0.3928807594998313 0.34547687263371774 0.3080560572987523 0.2813073712980944 0.2545586852974365 0.2278099992967787 0.2010613132961208 0.17431262729546293 0.14756394129480507 0.12081525529414719 0.09406656929348933 0.06731788329283145 0.040569197292173564 0.01382051129151568 0.0 0.0 0.0 0.0 0.0 0.0 0.0 0.0 0.0 0.0 0.0 0.0 0.0 0.0 0.0 0.0 0.0 0.0 0.0 0.0 0.0 0.0 0.0 0.0 0.0 0.0 0.0 0.0 0.0
2.128307498596917 1.6367932564262846 1.1452790142564906 0.870366557297085 0.8270063089117377 0.7836460605263904 0.740285812141043 0.6969255637556957 0.6535653153703483 0.610205066985001 0.5668448185996536 0.5234845702143063 0.480124321828959 0.4367640734436116 0.3934038250581903 0.3560577903094892 0.3251410860103097 0.2942243817111303 0.2633076774119508 0.23239097311277135 0.2014742688135919 0.17055756451441242 0.13964086021523298 0.1087241559160535 0.07780745161687408 0.0468907473176946 0.015974043018515127 0.0 0.0 0.0 0.0 0.0 0.0 0.0 0.0 0.0 0.0 0.0 0.0 0.0 0.0 0.0 0.0 0.0 0.0 0.0 0.0 0.0 0.0 0.0 0.0 0.0 0.0 0.0 0.0 0.0
2.148975209704129 1.6498417417117741 1.1507082737202703 0.8738134864340114 0.8344968765293495 0.7951802666246874 0.7558636567200255 0.7165470468153636 0.6772304369107016 0.6379138270060397 0.5985972171013778 0.5592806071967158 0.5199639972920539 0.48064738738739193 0.441330777482663 0.4040595233202261 0.36897480072252503 0.33389007812482396 0.29880535552712295 0.2637206329294219 0.22863591033172084 0.19355118773401978 0.15846646513631873 0.12338174253861767 0.08829701994091665 0.05321229734321559 0.01812757474551452 0.0 0.0 0.0 0.0 0.0 0.0 0.0 0.0 0.0 0.0 0.0 0.0 0.0 0.0 0.0 0.0 0.0 0.0 0.0 0.0 0.0 0.0 0.0 0.0 0.0 0.0 0.0 0.0 0.0
2.1696429208113406 1.6628902269972627 1.15613753318405 0.8772604155709377 0.8419874441469611 0.8067144727229846 0.7714415012990081 0.7361685298750316 0.700895558451055 0.6656225870270784 0.6303496156031019 0.5950766441791253 0.5598036727551489 0.5245307013311723 0.4892577299071356 0.45206125633096295 0.41280851543474034 0.3735557745385177 0.3343030336422951 0.2950502927460724 0.25579755184984976 0.21654481095362715 0.1772920700574045 0.1380393291611819 0.09878658826495923 0.059533847368736625 0.020281106472513966 0.0 0.0 0.0 0.0 0.0 0.0 0.0 0.0 0.0 0.0 0.0 0.0 0.0 0.0 0.0 0.0 0.0 0.0 0.0 0.0 0.0 0.0 0.0 0.0 0.0 0.0 0.0 0.0 0.0
2.1903106319185515 1.6759387122827523 1.1615667926478306 0.8807073447078639 0.8494780117645728 0.8182486788212817 0.7870193458779905 0.7557900129346994 0.7245606799914083 0.6933313470481172 0.6621020141048259 0.6308726811615348 0.5996433482182437 0.5684140152749526 0.5371846823316082 0.5000629893416998 0.4566422301469556 0.4132214709522114 0.36980071175746715 0.3263799525627229 0.2829591933679787 0.2395384341732345 0.19611767497849025 0.152696915783746 0.1092761565890018 0.06585539739425755 0.022434638199513357 0.0 0.0 0.0 0.0 0.0 0.0 0.0 0.0 0.0 0.0 0.0 0.0 0.0 0.0 0.0 0.0 0.0 0.0 0.0 0.0 0.0 0.0 0.0 0.0 0.0 0.0 0.0 0.0 0.0
2.21097834302578 1.6889871975682524 1.1669960521116147 0.8841542738447932 0.8569685793821908 0.8297828849195886 0.8025971904569863 0.7754114959943841 0.7482258015317818 0.7210401070691794 0.6938544126065772 0.6666687181439749 0.6394830236813727 0.6122973292187703 0.5851116347561217 0.5480647223524777 0.5004759448592083 0.4528871673659389 0.4052983898726696 0.3577096123794002 0.31012083488613085 0.26253205739286145 0.2149432798995921 0.1673545024063227 0.11976572491305332 0.07217694741978398 0.02458816992651458 0.0 0.0 0.0 0.0 0.0 0.0 0.0 0.0 0.0 0.0 0.0 0.0 0.0 0.0 0.0 0.0 0.0 0.0 0.0 0.0 0.0 0.0 0.0 0.0 0.0 0.0 0.0 0.0 0.0
2.231646054132992 1.702035682853741 1.1724253115753944 0.8876012029817195 0.8644591469998026 0.8413170910178858 0.8181750350359688 0.7950329790540519 0.771890923072135 0.7487488670902182 0.7256068111083013 0.7024647551263844 0.6793226991444675 0.6561806431625506 0.6330385871805944 0.5960664553632146 0.5443096595714235 0.4925528637796326 0.44079606798784166 0.3890392721960507 0.33728247640425973 0.28552568061246875 0.2337688848206778 0.18201208902888688 0.1302552932370959 0.0784984974453049 0.026741701653513972 0.0 0.0 0.0 0.0 0.0 0.0 0.0 0.0 0.0 0.0 0.0 0.0 0.0 0.0 0.0 0.0 0.0 0.0 0.0 0.0 0.0 0.0 0.0 0.0 0.0 0.0 0.0 0.0 0.0
2.2523137652402028 1.7150841681392297 1.1778545710391732 0.8910481321186458 0.8719497146174143 0.8528512971161828 0.8337528796149514 0.8146544621137198 0.7955560446124884 0.7764576271112569 0.7573592096100255 0.7382607921087939 0.7191623746075624 0.700063957106331 0.6809655396050669 0.6440681883739514 0.5881433742836388 0.5322185601933263 0.4762937461030138 0.4203689320127012 0.3644441179223887 0.30851930383207615 0.2525944897417636 0.19666967565145105 0.14074486156113852 0.08482004747082594 0.028895233380513474 0.0 0.0 0.0 0.0 0.0 0.0 0.0 0.0 0.0 0.0 0.0 0.0 0.0 0.0 0.0 0.0 0.0 0.0 0.0 0.0 0.0 0.0 0.0 0.0 0.0 0.0 0.0 0.0 0.0
2.2729814763474137 1.7281326534247192 1.1832838305029538 0.894495061255572 0.8794402822350259 0.8643855032144798 0.8493307241939339 0.8342759451733878 0.8192211661528417 0.8041663871322956 0.7891116081117495 0.7740568290912034 0.7590020500706574 0.7439472710501113 0.7288924920295395 0.6920699213846883 0.6319770889958541 0.57188425660702 0.5117914242181859 0.4516985918293518 0.3916057594405176 0.3315129270516835 0.2714200946628494 0.21132726227401522 0.1512344298851811 0.09114159749634698 0.031048765107512866 0.0 0.0 0.0 0.0 0.0 0.0 0.0 0.0 0.0 0.0 0.0 0.0 0.0 0.0 0.0 0.0 0.0 0.0 0.0 0.0 0.0 0.0 0.0 0.0 0.0 0.0 0.0 0.0 0.0
2.2936491874546245 1.7411811387102079 1.1887130899667326 0.8979419903924983 0.8869308498526377 0.8759197093127771 0.8649085687729163 0.8538974282330557 0.8428862876931951 0.8318751471533343 0.8208640066134737 0.8098528660736131 0.7988417255337523 0.7878305849938917 0.7768194444540122 0.7400716543954252 0.6758108037080695 0.6115499530207138 0.547289102333358 0.4830282516460023 0.4187674009586466 0.3545065502712909 0.29024569958393515 0.22598484889657944 0.16172399820922367 0.09746314752186802 0.03320229683451226 0.0 0.0 0.0 0.0 0.0 0.0 0.0 0.0 0.0 0.0 0.0 0.0 0.0 0.0 0.0 0.0 0.0 0.0 0.0 0.0 0.0 0.0 0.0 0.0 0.0 0.0 0.0 0.0 0.0
2.3143168985618363 1.7542296239956965 1.1941423494305123 0.9013889195294247 0.8944214174702494 0.8874539154110741 0.8804864133518988 0.8735189112927236 0.8665514092335483 0.859583907174373 0.8526164051151978 0.8456489030560225 0.8386814009968472 0.831713898937672 0.8247463968784848 0.7880733874061621 0.7196445184202848 0.6512156494344075 0.5827867804485302 0.5143579114626529 0.44592904247677556 0.37750017349089826 0.30907130450502096 0.24064243551914366 0.17221356653326636 0.10378469754738906 0.03535582856151176 0.0 0.0 0.0 0.0 0.0 0.0 0.0 0.0 0.0 0.0 0.0 0.0 0.0 0.0 0.0 0.0 0.0 0.0 0.0 0.0 0.0 0.0 0.0 0.0 0.0 0.0 0.0 0.0 0.0
2.2952356396258287 1.7459488557304503 1.196662071836009 0.9103043397330219 0.905023712241423 0.899743084749824 0.894462457258225 0.8891818297666262 0.8839012022750272 0.8786205747834283 0.8733399472918293 0.8680593198002304 0.8627786923086315 0.8574980648170325 0.8522174373254245 0.8155008333217668 0.7451784591858504 0.6748560850499339 0.6045337109140174 0.534211336778101 0.46388896264218454 0.39356658850626813 0.32324421437035167 0.2529218402344352 0.18259946609851874 0.11227709196260227 0.041954717826685806 0.005394175873096154 0.00492579645565837 0.004457417038220586 0.003989037620782804 0.0035206582033450204 0.003052278785907237 0.002583899368469454 0.0021155199510316707 0.0016471405335938879 0.0011787611161561042 0.0007103816987183214 0.00024200228128053777 0.0 0.0 0.0 0.0 0.0 0.0 0.0 0.0 0.0 0.0 0.0 0.0 0.00021094104712675332 0.0006473828474871586 0.0010838246478483081 0.0015202664482087136 0.0019567082485691186
2.2336652372648684 1.714868459895511 1.1960716825270383 0.9250652321840114 0.9189522471940039 0.9128392622039965 0.906726277213989 0.9006132922239817 0.8945003072339742 0.8883873222439668 0.8822743372539594 0.876161352263952 0.8700483672739445 0.8639353822839371 0.8578223972939193 0.8209356632199137 0.751151095117182 0.6813665270144503 0.6115819589117186 0.5417973908089869 0.4720128227062552 0.4022282546035235 0.3324436865007918 0.2626591183980601 0.1928745502953284 0.12308998219259659 0.05330541408986489 0.016554385736061574 0.015116958827945884 0.013679531919830191 0.012242105011714497 0.010804678103598805 0.009367251195483114 0.007929824287367422 0.006492397379251729 0.005054970471136037 0.0036175435630203447 0.0021801166549046524 0.0007426897467889583 0.0 0.0 0.0 0.0 0.0 0.0 0.0 0.0 0.0 0.0 0.0 0.0 0.0006473647770962775 0.0019867771515690224 0.003326189526044051 0.004665601900516796 0.006005014274989541
2.1720948349039615 1.6837880640605976 1.1954812932180667 0.9398261246349884 0.9328807821465731 0.9259354396581579 0.9189900971697427 0.9120447546813275 0.9050994121929122 0.8981540697044971 0.8912087272160819 0.8842633847276666 0.8773180422392515 0.8703726997508362 0.8634273572624092 0.8263704931180561 0.7571237310485086 0.6878769689789612 0.6186302069094137 0.5493834448398662 0.48013668277031885 0.41088992070077135 0.34164315863122396 0.27239639656167647 0.20314963449212897 0.1339028724225816 0.06465611035303409 0.027714595599017473 0.0253081212002247 0.022901646801431925 0.02049517240263915 0.018088698003846375 0.0156822236050536 0.013275749206260826 0.010869274807468052 0.008462800408675277 0.006056326009882502 0.00364985161108973 0.0012433772122969547 0.0 0.0 0.0 0.0 0.0 0.0 0.0 0.0 0.0 0.0 0.0 0.0 0.00108378850706543 0.0033261714556497455 0.005568554404237885 0.0078109373528222 0.010053320301406515
2.1105244325430537 1.652707668225684 1.194890903909096 0.9545870170859654 0.9468093170991423 0.9390316171123193 0.9312539171254963 0.9234762171386733 0.9156985171518504 0.9079208171650274 0.9001431171782044 0.8923654171913814 0.8845877172045584 0.8768100172177354 0.8690323172308991 0.8318053230161985 0.7630963669798353 0.6943874109434721 0.6256784549071089 0.5569694988707458 0.48826054283438264 0.41955158679801946 0.3508426307616562 0.28213367472529316 0.21342471868892998 0.1447157626525668 0.07600680661620363 0.038874805461973375 0.035499283572503516 0.03212376168303366 0.0287482397935638 0.025372717904093945 0.021997196014624087 0.018621674125154232 0.015246152235684374 0.011870630346214515 0.008495108456744657 0.005119586567274806 0.0017440646778049476 0.0 0.0 0.0 0.0 0.0 0.0 0.0 0.0 0.0 0.0 0.0 0.0 0.0015202122370345825 0.004665565759730468 0.007810919282431717 0.010956272805127603 0.014101626327823488
2.0489540301821467 1.6216272723907714 1.1943005146001253 0.9693479095369423 0.9607378520517115 0.9521277945664807 0.9435177370812499 0.9349076795960192 0.9262976221107884 0.9176875646255576 0.9090775071403269 0.9004674496550961 0.8918573921698653 0.8832473346846346 0.8746372771993891 0.8372401529143407 0.7690690029111619 0.7008978529079829 0.632726702904804 0.5645555529016251 0.4963844028984462 0.4282132528952673 0.3600421028920884 0.2918709528889095 0.22369980288573066 0.1555286528825517 0.08735750287937283 0.05003501532492927 0.04569044594478233 0.0413458765646354 0.037001307184488456 0.032656737804341515 0.028312168424194577 0.023967599044047636 0.0196230296639007 0.015278460283753757 0.010933890903606823 0.006589321523459882 0.0022447521433129405 0.0 0.0 0.0 0.0 0.0 0.0 0.0 0.0 0.0 0.0 0.0 0.0 0.0019566359670037344 0.006004960063811189 0.010053284160625548 0.014101608257433002 0.018149932354240457
1.9873836278212393 1.5905468765558588 1.1937101252911537 0.9841088019879193 0.9746663870042807 0.9652239720206421 0.9557815570370036 0.946339142053365 0.9368967270697265 0.927454312086088 0.9180118971024493 0.9085694821188108 0.8991270671351723 0.8896846521515337 0.8802422371678791 0.8426749828124831 0.7750416388424884 0.7074082948724938 0.6397749509024993 0.5721416069325046 0.50450826296251 0.4368749189925153 0.36924157502252064 0.301608231052526 0.23397488708253145 0.1663415431125368 0.09870819914254214 0.06119522518788517 0.055881608317061154 0.05056799144623713 0.045254374575413106 0.03994075770458909 0.034627140833765065 0.029313523962941047 0.023999907092117023 0.018686290221293006 0.013372673350468982 0.008059056479644958 0.0027454396088209404 0.0 0.0 0.0 0.0 0.0 0.0 0.0 0.0 0.0 0.0 0.0 0.0 0.002393059696972887 0.007344354367891912 0.01229564903881938 0.017246943709738404 0.02219823838065743
