Figures/CREST_Example_wjb_NSE/Rolling_result/20100722/BJP_forecast/ens_2/wjb.rain.20100723.asc
ncols            288
nrows            254
xllcorner        113.274861
yllcorner        31.4918055
cellsize         0.008333333333
NODATA_value     -9999
[rows 180 to 199 of 254, columns 44 to 87 of 288]
16.832526273164316 16.832526273164316 16.832526273164316 16.832526273164316 16.832526273164316 16.832526273164316 16.832526273164316 16.832526273164316 16.832526273164316 16.832526273164316 16.832526273164316 16.832526273164316 16.832526273164316 16.832526273164316 16.832526273164316 16.832526273164316 16.832526273164316 16.832526273164316 16.832526273164316 31.606349894304213 30.321477152093145 29.036604409879885 27.751731667668817 26.46685892545775 25.181986183246682 23.897113441035614 22.612240698824547 21.32736795661348 20.04249521440241 18.757622472191343 17.472749729980276 17.07083382235431 17.612818731530986 18.154803640707662 18.696788549885262 19.238773459061935 19.78075836823861 20.322743277415285 20.86472818659196 21.406713095768637 21.948698004945314 22.490682914121987 23.032667823298663 23.17557967605576
16.832526273164316 16.832526273164316 16.832526273164316 16.832526273164316 16.832526273164316 16.832526273164316 16.832526273164316 16.832526273164316 16.832526273164316 16.832526273164316 16.832526273164316 16.832526273164316 16.832526273164316 16.832526273164316 16.832526273164316 16.832526273164316 16.832526273164316 16.832526273164316 16.832526273164316 31.315426669552664 30.058939321301295 28.802451973047784 27.54596462479642 26.28947727654505 25.03298992829368 23.77650258004231 22.520015231790943 21.263527883539577 20.00704053528821 18.750553187036843 17.494065838785474 17.10140221770779 17.63218568907589 18.16296916044399 18.693752631812995 19.224536103181094 19.755319574549194 20.286103045917294 20.816886517285393 21.347669988653493 21.878453460021593 22.409236931389692 22.940020402757792 23.084140185177876
16.832526273164316 16.832526273164316 16.832526273164316 16.832526273164316 16.832526273164316 16.832526273164316 16.832526273164316 16.832526273164316 -9999.0 16.832526273164316 16.832526273164316 16.832526273164316 16.832526273164316 16.832526273164316 16.832526273164316 16.832526273164316 16.832526273164316 16.832526273164316 16.832526273164316 31.389909707869887 30.156421454329877 28.922933200787767 27.689444947247758 26.45595669370775 25.222468440167745 23.988980186627735 22.75549193308773 21.522003679547723 20.288515426007713 19.055027172467703 17.821538918927697 17.411291080812248 17.88110585743302 18.350920634053796 18.820735410675372 19.290550187296148 19.76036496391692 20.230179740537697 20.699994517158473 21.169809293779245 21.63962407040002 22.109438847020797 22.57925362364157 22.716430769733616
-9999.0 -9999.0 -9999.0 -9999.0 16.832526273164316 16.832526273164316 16.832526273164316 16.832526273164316 -9999.0 -9999.0 16.832526273164316 16.832526273164316 16.832526273164316 16.832526273164316 16.832526273164316 16.832526273164316 16.832526273164316 16.832526273164316 16.832526273164316 31.46439274618717 30.25390358735854 29.04341442852785 27.832925269699224 26.622436110870595 25.411946952041966 24.20145779321334 22.990968634384714 21.780479475556085 20.569990316727456 19.35950115789883 18.149011999070204 17.72117994391697 18.130026025790368 18.538872107663764 18.94771818953786 19.35656427141126 19.765410353284658 20.174256435158057 20.583102517031453 20.99194859890485 21.40079468077825 21.809640762651647 22.218486844525046 22.348721354289047
-9999.0 -9999.0 -9999.0 -9999.0 -9999.0 16.832526273164316 -9999.0 -9999.0 -9999.0 -9999.0 -9999.0 -9999.0 16.832526273164316 16.832526273164316 16.832526273164316 16.832526273164316 16.832526273164316 16.832526273164316 16.832526273164316 31.538875784504395 30.351385720387125 29.163895656267833 27.976405592150567 26.7889155280333 25.60142546391603 24.413935399798763 23.226445335681497 22.038955271564227 20.85146520744696 19.663975143329694 18.476485079212424 18.031068807021427 18.3789461941475 18.72682358127357 19.07470096840024 19.422578355526312 19.770455742652388 20.11833312977846 20.466210516904535 20.814087904030607 21.161965291156683 21.509842678282755 21.857720065408827 21.981011938844787
-9999.0 -9999.0 -9999.0 -9999.0 -9999.0 -9999.0 -9999.0 -9999.0 -9999.0 -9999.0 -9999.0 -9999.0 -9999.0 16.832526273164316 16.832526273164316 16.832526273164316 16.832526273164316 16.832526273164316 16.832526273164316 31.61335882282161 30.448867853415706 29.284376884007813 28.119885914601905 26.955394945195998 25.79090397579009 24.626413006384183 23.461922036978276 22.29743106757237 21.132940098166465 19.968449128760554 18.80395815935465 18.34095767012588 18.62786636250463 18.91477505488338 19.201683747262617 19.488592439641366 19.775501132020118 20.062409824398866 20.349318516777615 20.636227209156363 20.92313590153511 21.21004459391386 21.49695328629261 21.61330252340053
-9999.0 -9999.0 -9999.0 -9999.0 -9999.0 -9999.0 -9999.0 -9999.0 -9999.0 -9999.0 -9999.0 -9999.0 -9999.0 -9999.0 -9999.0 -9999.0 -9999.0 -9999.0 -9999.0 31.68784186113883 30.546349986444284 29.40485811174779 28.263366237053244 27.121874362358696 25.98038248766415 24.838890612969603 23.69739873827506 22.55590686358051 21.414414988885966 20.27292311419142 19.131431239496873 18.650846533230336 18.87678653086176 19.102726528493186 19.328666526124998 19.55460652375642 19.780546521387844 20.00648651901927 20.232426516650694 20.45836651428212 20.684306511913544 20.91024650954497 21.136186507176394 21.245593107956275
-9999.0 -9999.0 -9999.0 -9999.0 -9999.0 -9999.0 -9999.0 -9999.0 -9999.0 -9999.0 -9999.0 -9999.0 -9999.0 -9999.0 -9999.0 -9999.0 -9999.0 -9999.0 -9999.0 31.762324899456054 30.64383211947287 29.525339339487775 28.40684655950459 27.2883537795214 26.169860999538216 25.05136821955503 23.932875439571845 22.81438265958866 21.695889879605474 20.57739709962229 19.4589043196391 18.960735396334798 19.125706699218895 19.290678002102997 19.45564930498738 19.620620607871476 19.785591910755578 19.950563213639676 20.115534516523777 20.280505819407875 20.445477122291976 20.610448425176077 20.775419728060175 20.877883692512018
-9999.0 -9999.0 -9999.0 -9999.0 -9999.0 -9999.0 -9999.0 -9999.0 -9999.0 -9999.0 -9999.0 -9999.0 -9999.0 -9999.0 -9999.0 -9999.0 -9999.0 16.832526273164316 16.832526273164316 31.836807937773273 30.741314252501446 29.64582056722775 28.55032688195593 27.454833196684103 26.359339511412276 25.26384582614045 24.168352140868627 23.0728584555968 21.977364770324975 20.88187108505315 19.786377399781323 19.270624259439252 19.37462686757603 19.478629475712804 19.582632083849756 19.68663469198653 19.790637300123308 19.894639908260082 19.998642516396856 20.10264512453363 20.206647732670408 20.310650340807182 20.414652948943957 20.51017427706776
-9999.0 -9999.0 -9999.0 -9999.0 -9999.0 -9999.0 -9999.0 -9999.0 -9999.0 -9999.0 -9999.0 -9999.0 -9999.0 -9999.0 -9999.0 -9999.0 16.832526273164316 16.832526273164316 16.832526273164316 31.911290976090555 30.83879638553011 29.766301794967838 28.693807204407392 27.621312613846946 26.5488180232865 25.476323432726055 24.40382884216561 23.331334251605167 22.25883966104472 21.186345070484276 20.113850479923833 19.580513122543977 19.623547035933374 19.66658094932277 19.709614862712243 19.75264877610164 19.79568268949104 19.83871660288044 19.881750516269836 19.924784429659233 19.967818343048634 20.01085225643803 20.05388616982743 20.142464861623186
-9999.0 -9999.0 -9999.0 -9999.0 -9999.0 -9999.0 -9999.0 -9999.0 -9999.0 -9999.0 -9999.0 -9999.0 -9999.0 -9999.0 -9999.0 16.832526273164316 16.832526273164316 16.832526273164316 16.832526273164316 31.98577401440778 30.936278518558694 29.88678302270782 28.837287526858734 27.78779203100965 26.738296535160565 25.68880103931148 24.639305543462395 23.58981004761331 22.540314551764226 21.49081905591514 20.441323560066053 19.89040198564843 19.872467204290505 19.85453242293258 19.836597641574624 19.818662860216698 19.800728078858768 19.78279329750084 19.764858516142915 19.74692373478499 19.728988953427063 19.711054172069137 19.69311939071121 19.77475544617893
-9999.0 -9999.0 -9999.0 -9999.0 -9999.0 -9999.0 -9999.0 -9999.0 -9999.0 -9999.0 -9999.0 -9999.0 -9999.0 -9999.0 -9999.0 16.832526273164316 16.832526273164316 16.832526273164316 16.832526273164316 32.060257052725 31.033760651587276 30.0072642504478 28.980767849310073 27.95427144817235 26.927775047034626 25.9012786458969 24.874782244759174 23.84828584362145 22.821789442483727 21.795293041346003 20.76879664020828 20.20029084875289 20.121387372647636 20.042483896542386 19.963580420437 19.88467694433175 19.805773468226498 19.726869992121248 19.647966516015998 19.569063039910745 19.490159563805495 19.411256087700245 19.332352611594995 19.407046030734673
-9999.0 -9999.0 -9999.0 -9999.0 -9999.0 -9999.0 -9999.0 -9999.0 -9999.0 -9999.0 -9999.0 -9999.0 -9999.0 -9999.0 -9999.0 16.832526273164316 16.832526273164316 16.832526273164316 16.832526273164316 32.134740091042225 31.13124278461586 30.127745478187784 29.12424817176142 28.120750865335054 27.117253558908693 26.113756252482325 25.110258946055964 24.106761639629596 23.103264333203235 22.09976702677687 21.096269720350506 20.510179711857347 20.37030754100477 20.230435370152197 20.090563199299382 19.950691028446805 19.81081885759423 19.670946686741654 19.531074515889078 19.391202345036504 19.251330174183927 19.11145800333135 18.971585832478777 19.039336615290416
-9999.0 -9999.0 -9999.0 -9999.0 -9999.0 -9999.0 -9999.0 -9999.0 -9999.0 -9999.0 -9999.0 -9999.0 -9999.0 16.832526273164316 16.832526273164316 16.832526273164316 16.832526273164316 16.832526273164316 16.832526273164316 31.614054002286334 30.650215992140268 29.686377981992553 28.722539971846487 27.758701961700417 26.79486395155435 25.83102594140828 24.867187931262215 23.903349921116146 22.939511910970076 21.97567390082401 21.011835890677943 20.445128035122266 20.302961292576907 20.16079455003155 20.018627807485952 19.876461064940596 19.73429432239524 19.592127579849883 19.449960837304527 19.307794094759167 19.16562735221381 19.023460609668454 18.881293867123098 18.957666029963345
-9999.0 -9999.0 -9999.0 -9999.0 -9999.0 -9999.0 -9999.0 -9999.0 -9999.0 -9999.0 -9999.0 -9999.0 -9999.0 16.832526273164316 16.832526273164316 16.832526273164316 16.832526273164316 16.832526273164316 16.832526273164316 30.45716963035409 29.550799621868684 28.644429613381735 27.73805960489633 26.831689596410925 25.92531958792552 25.018949579440115 24.11257957095471 23.206209562469304 22.2998395539839 21.393469545498498 20.487099537013094 19.97928855389852 19.89754617896044 19.815803804022355 19.734061429084136 19.65231905414605 19.57057667920797 19.48883430426989 19.40709192933181 19.325349554393725 19.243607179455644 19.161864804517563 19.080122429579482 19.18175292492959
-9999.0 -9999.0 -9999.0 -9999.0 -9999.0 -9999.0 -9999.0 -9999.0 -9999.0 -9999.0 -9999.0 -9999.0 -9999.0 -9999.0 16.832526273164316 16.832526273164316 16.832526273164316 16.832526273164316 16.832526273164316 29.30028525842233 28.451383251597566 27.602481244771354 26.75357923794659 25.904677231121823 25.055775224297058 24.206873217472292 23.357971210647527 22.50906920382276 21.660167196997996 20.81126519017323 19.962363183348465 19.513449072674977 19.492131065344143 19.47081305801331 19.44949505068244 19.428177043351607 19.406859036020773 19.385541028689943 19.36422302135911 19.342905014028275 19.321587006697442 19.300268999366608 19.278950992035778 19.40583981989574
-9999.0 -9999.0 -9999.0 -9999.0 -9999.0 -9999.0 -9999.0 -9999.0 -9999.0 -9999.0 -9999.0 -9999.0 -9999.0 -9999.0 16.832526273164316 16.832526273164316 16.832526273164316 16.832526273164316 16.832526273164316 28.143400886490575 27.35196688132645 26.560532876160973 25.76909887099685 24.977664865832722 24.186230860668594 23.394796855504467 22.603362850340343 21.811928845176215 21.02049484001209 20.229060834847964 19.437626829683836 19.047609591451426 19.086715951727843 19.12582231200426 19.164928672280745 19.20403503255716 19.24314139283358 19.282247753109992 19.32135411338641 19.360460473662826 19.399566833939243 19.43867319421566 19.477779554492077 19.62992671486189
-9999.0 -9999.0 -9999.0 -9999.0 -9999.0 -9999.0 -9999.0 -9999.0 -9999.0 -9999.0 -9999.0 -9999.0 -9999.0 -9999.0 16.832526273164316 16.832526273164316 16.832526273164316 16.832526273164316 16.832526273164316 26.98651651455833 26.252550511054864 25.518584507550152 24.784618504046687 24.050652500543226 23.31668649703976 22.5827204935363 21.84875449003284 21.114788486529374 20.380822483025913 19.646856479522448 18.912890476018987 18.581770110227684 18.681300838111373 18.780831565995065 18.880362293878925 18.979893021762617 19.07942374964631 19.178954477530002 19.27848520541369 19.378015933297384 19.477546661181076 19.577077389064765 19.676608116948458 19.854013609828137
-9999.0 -9999.0 -9999.0 -9999.0 -9999.0 -9999.0 -9999.0 -9999.0 -9999.0 -9999.0 -9999.0 -9999.0 -9999.0 -9999.0 16.832526273164316 16.832526273164316 16.832526273164316 16.832526273164316 16.832526273164316 25.829632142626572 25.15313414078375 24.47663613893977 23.800138137096948 23.123640135254124 22.4471421334113 21.770644131568478 21.094146129725655 20.417648127882828 19.741150126040004 19.06465212419718 18.388154122354358 18.115930629004133 18.275885724495076 18.435840819986016 18.59579591547723 18.75575101096817 18.915706106459112 19.07566120195005 19.23561629744099 19.39557139293193 19.555526488422874 19.715481583913814 19.875436679404753 20.078100504794286
-9999.0 -9999.0 -9999.0 -9999.0 -9999.0 -9999.0 -9999.0 -9999.0 -9999.0 -9999.0 16.832526273164316 16.832526273164316 16.832526273164316 16.832526273164316 16.832526273164316 16.832526273164316 16.832526273164316 16.832526273164316 16.832526273164316 24.672747770694816 24.053717770512634 23.434687770329393 22.815657770147208 22.196627769965023 21.57759776978284 20.958567769600656 20.33953776941847 19.720507769236285 19.101477769054103 18.482447768871918 17.863417768689732 17.65009114778059 17.87047061087878 18.09085007397697 18.311229537075533 18.531609000173724 18.751988463271914 18.972367926370104 19.192747389468295 19.413126852566485 19.633506315664675 19.853885778762866 20.074265241861053 20.302187399760438
