Figures/CREST_Example_wjb_NSE/Rolling_result/20100722/BJP_forecast/ens_8/wjb.rain.20091211.asc
ncols            288
nrows            254
xllcorner        113.274861
yllcorner        31.4918055
cellsize         0.008333333333
NODATA_value     -9999
[rows 138 to 160 of 254, columns 156 to 207 of 288]
0.0 0.0 0.0 0.0 0.0 0.0 0.0 0.0 0.0 0.0 0.0 0.0 0.0 0.0 0.0 0.0 0.0 0.0 0.0 0.0 0.0 0.0 0.0 0.0 0.0 0.0 0.0 0.0027909439945434183 0.008565470264530247 0.014339996534517075 0.020114522804503904 0.025889049074490734 0.031663575344477564 0.03743810161446439 0.04321262788445122 0.04898715415443805 0.05476168042442488 0.060536206694411704 0.06631073296439853 0.07210107036851728 0.07790831023276308 0.08371555009700889 0.08952278996125468 0.09533002982550048 0.10113726968974629 0.1069445095539921 0.1127517494182379 0.1185589892824837 0.12436622914672951 0.13017346901097532 0.13598070887522112 0.13898119361637104
0.0 0.0 0.0 0.0 0.0 0.0 0.0 0.0 0.0 0.0 0.0 0.0 0.0 0.0 0.0 0.0 0.0 0.0 0.0 0.0 0.0 0.0 0.0 0.0 0.0 0.0 0.0 0.0023626657052955497 0.00725107450500637 0.012139483304717189 0.017027892104428007 0.02191630090413883 0.026804709703849648 0.03169311850356047 0.036581527303271286 0.04146993610298211 0.04635834490269293 0.051246753702403745 0.05613516250211457 0.0616156592596255 0.06772911144125221 0.07384256362287893 0.07995601580450565 0.08606946798613235 0.09218292016775907 0.09829637234938579 0.1044098245310125 0.11052327671263922 0.11663672889426593 0.12275018107589264 0.12886363325751934 0.13202233178134948
0.0 0.0 0.0 0.0 0.0 0.0 0.0 0.0 0.0 0.0 0.0 0.0 0.0 0.0 0.0 0.0 0.0 0.0 0.0 0.0 0.0 0.0 0.0 0.0 0.0 0.0 0.0 0.0019343874160476816 0.0059366787454824925 0.009938970074917303 0.013941261404352114 0.017943552733786925 0.021945844063221736 0.025948135392656547 0.029950426722091358 0.03395271805152617 0.03795500938096098 0.041957300710395794 0.045959592039830605 0.05113024815073372 0.05754991264974134 0.06396957714874896 0.07038924164775659 0.07680890614676421 0.08322857064577183 0.08964823514477946 0.09606789964378709 0.1024875641427947 0.10890722864180233 0.11532689314080995 0.12174655763981758 0.12506346994632792
0.0 0.0 0.0 0.0 0.0 0.0 0.0 0.0 0.0 0.0 0.0 0.0 0.0 0.0 0.0 0.0 0.0 0.0 0.0 0.0 0.0 0.0 0.0 0.0 0.0 0.0 0.0 0.0015061091267998133 0.004622282985958615 0.007738456845117417 0.01085463070427622 0.013970804563435022 0.017086978422593824 0.020203152281752627 0.02331932614091143 0.02643550000007023 0.029551673859229032 0.032667847718387835 0.035784021577546635 0.040644837041841936 0.047370713858230475 0.05409659067461901 0.060822467491007545 0.06754834430739609 0.07427422112378462 0.08100009794017315 0.08772597475656169 0.09445185157295023 0.10117772838933878 0.10790360520572731 0.11462948202211584 0.11810460811130637
0.0 0.0 0.0 0.0 0.0 0.0 0.0 0.0 0.0 0.0 0.0 0.0 0.0 0.0 0.0 0.0 0.0 0.0 0.0 0.0 0.0 0.0 0.0 0.0 0.0 0.0 0.0 0.0010778308375519457 0.00330788722643474 0.005537943615317534 0.007768000004200328 0.009998056393083123 0.012228112781965917 0.014458169170848712 0.016688225559731505 0.0189182819486143 0.021148338337497095 0.02337839472637989 0.025608451115262682 0.030159425932950165 0.03719151506671961 0.044223604200489056 0.05125569333425851 0.05828778246802795 0.06531987160179739 0.07235196073556685 0.0793840498693363 0.08641613900310574 0.0934482281368752 0.10048031727064463 0.10751240640441409 0.11114574627628482
0.0 0.0 0.0 0.0 0.0 0.0 0.0 0.0 0.0 0.0 0.0 0.0 0.0 0.0 0.0 0.0 0.0 0.0 0.0 0.0 0.0 0.0 0.0 0.0 0.0 0.0 0.0 0.0006495525483040775 0.001993491466910863 0.003337430385517649 0.004681369304124434 0.00602530822273122 0.007369247141338005 0.008713186059944792 0.010057124978551577 0.011401063897158363 0.012745002815765148 0.014088941734371934 0.01543288065297872 0.019674014824058388 0.027012316275208746 0.0343506177263591 0.041688919177509456 0.049027220628659815 0.056365522079810174 0.06370382353096053 0.07104212498211089 0.07838042643326125 0.08571872788441161 0.09305702933556197 0.10039533078671233 0.10418688444126326
0.0 0.0 0.0 0.0 0.0 0.0 0.0 0.0 0.0 0.0 0.0 0.0 0.0 0.0 0.0 0.0 0.0 0.0 0.0 0.0 0.0 0.0 0.0 0.0 0.0 0.0 0.0 0.00022127425905584425 0.0006790957073858658 0.0011369171557158873 0.001594738604045909 0.0020525600523759306 0.0025103815007059523 0.0029682029490359736 0.0034260243973659953 0.003883845845696017 0.004341667294026038 0.00479948874235606 0.005257310190686082 0.009188603715157673 0.0168331174836892 0.02447763125222073 0.032122145020752266 0.03976665878928379 0.04741117255781532 0.05505568632634685 0.06270020009487838 0.0703447138634099 0.07798922763194144 0.08563374140047297 0.09327825516900451 0.09722802260623578
0.0021437187081830705 0.0021437187081830705 0.0021437187081830705 0.0020923617608480613 0.0019861030750689674 0.0018798443892898736 0.0017735857035107796 0.0016673270177316856 0.0015610683319525918 0.001454809646173498 0.001348550960394404 0.00124229227461531 0.0011360335888362162 0.001029774903056941 0.0009235162172778471 0.000868614478782663 0.000868614478782663 0.000868614478782663 0.000868614478782663 0.000868614478782663 0.000868614478782663 0.000868614478782663 0.000868614478782663 0.000868614478782663 0.000868614478782663 0.000868614478782663 0.000868614478782663 0.0008336295834901185 0.0007612450435944744 0.0006888605036988302 0.0006164759638031859 0.0005440914239075418 0.00047170688401189766 0.0003993223441162535 0.0003269378042206093 0.00025455326432496505 0.00018216872442932091 0.00010978418453367667 3.739964463803254e-05 0.0036193131518882007 0.01110775395777449 0.01859619476366078 0.02608463556954707 0.03357307637543336 0.041061517181319646 0.04854995798720594 0.05603839879309223 0.06352683959897852 0.07101528040486481 0.0785037212107511 0.08599216201663738 0.08986128967423664
0.0065789375786448195 0.0065789375786448195 0.0065789375786448195 0.006421326344737577 0.006095225136467581 0.005769123928197586 0.00544302271992759 0.005116921511657596 0.0047908203033876 0.0044647190951176054 0.00413861788684761 0.0038125166785776144 0.003486415470307619 0.0031603142620370674 0.0028342130537670723 0.0026657230792474992 0.0026657230792474992 0.0026657230792474992 0.0026657230792474992 0.0026657230792474992 0.0026657230792474992 0.0026657230792474992 0.0026657230792474992 0.0026657230792474992 0.0026657230792474992 0.0026657230792474992 0.0026657230792474992 0.002558356640989304 0.0023362130510609464 0.002114069461132589 0.0018919258712042312 0.0016697822812758733 0.0014476386913475157 0.0012254951014191579 0.0010033515114908002 0.0007812079215624426 0.000559064331634085 0.0003369207417057269 0.00011477715177736925 0.0033050455471219957 0.010143259567776498 0.016981473588431 0.023819687609085503 0.030657901629740004 0.037496115650394506 0.04433432967104901 0.051172543691703515 0.058010757712358016 0.06484897173301252 0.07168718575366702 0.07852539977432152 0.0820585682511425
0.011014156449106569 0.011014156449106569 0.011014156449106569 0.010750290928627091 0.010204347197866195 0.009658403467105298 0.009112459736344402 0.008566516005583506 0.00802057227482261 0.007474628544061712 0.006928684813300816 0.006382741082539918 0.005836797351779022 0.005290853621017194 0.004744909890256298 0.0044628316797123355 0.0044628316797123355 0.0044628316797123355 0.0044628316797123355 0.0044628316797123355 0.0044628316797123355 0.0044628316797123355 0.0044628316797123355 0.0044628316797123355 0.0044628316797123355 0.0044628316797123355 0.0044628316797123355 0.00428308369848849 0.003911181058527419 0.0035392784185663472 0.0031673757786052762 0.002795473138644205 0.0024235704986831337 0.0020516678587220623 0.0016797652187609913 0.0013078625787999198 0.0009359599388388483 0.0005640572988777773 0.00019215465891670586 0.0029907779423557906 0.009178765177778504 0.015366752413201219 0.021554739648623932 0.027742726884046647 0.03393071411946936 0.040118701354892074 0.04630668859031479 0.052494675825737504 0.05868266306116022 0.06487065029658293 0.07105863753200564 0.07425584682804834
0.01544937531956831 0.01544937531956831 0.01544937531956831 0.0150792555125166 0.014313469259264803 0.013547683006013006 0.012781896752761208 0.012016110499509411 0.011250324246257614 0.010484537993005815 0.00971875173975402 0.00895296548650222 0.008187179233250425 0.007421392979997322 0.0066556067267455245 0.006259940280177173 0.006259940280177173 0.006259940280177173 0.006259940280177173 0.006259940280177173 0.006259940280177173 0.006259940280177173 0.006259940280177173 0.006259940280177173 0.006259940280177173 0.006259940280177173 0.006259940280177173 0.0060078107559876776 0.005486149065993893 0.004964487376000108 0.004442825686006322 0.003921163996012537 0.0033995023060187524 0.0028778406160249676 0.0023561789260311827 0.0018345172360373979 0.001312855546043613 0.0007911938560498273 0.00026953216605604246 0.002676510337589585 0.008214270787780512 0.013752031237971437 0.01928979168816236 0.02482755213835329 0.030365312588544215 0.03590307303873514 0.04144083348892606 0.04697859393911699 0.052516354389307913 0.05805411483949884 0.06359187528968976 0.0664531254049542
0.01988459419003006 0.01988459419003006 0.01988459419003006 0.019408220096406116 0.018422591320663418 0.01743696254492072 0.01645133376917802 0.01546570499343532 0.014480076217692622 0.013494447441949924 0.012508818666207224 0.011523189890464526 0.010537561114721827 0.009551932338977448 0.00856630356323475 0.00805704888064201 0.00805704888064201 0.00805704888064201 0.00805704888064201 0.00805704888064201 0.00805704888064201 0.00805704888064201 0.00805704888064201 0.00805704888064201 0.00805704888064201 0.00805704888064201 0.00805704888064201 0.007732537813486863 0.007061117073460365 0.006389696333433866 0.0057182755934073685 0.005046854853380869 0.004375434113354371 0.003704013373327873 0.0030325926333013738 0.0023611718932748755 0.0016897511532483773 0.001018330413221879 0.00034690967319537993 0.00236224273282338 0.007249776397782517 0.012137310062741656 0.017024843727700793 0.02191237739265993 0.02679991105761907 0.03168744472257821 0.036574978387537344 0.04146251205249648 0.046350045717455615 0.05123757938241475 0.056125113047373894 0.05865040398186004
0.024319813060495587 0.024319813060495587 0.024319813060495587 0.02373718468029932 0.02253171338206553 0.021326242083831742 0.020120770785597958 0.01891529948736417 0.017709828189130382 0.016504356890896597 0.015298885592662808 0.014093414294429021 0.012887942996195233 0.01168247169795939 0.010477000399725604 0.009854157481108378 0.009854157481108378 0.009854157481108378 0.009854157481108378 0.009854157481108378 0.009854157481108378 0.009854157481108378 0.009854157481108378 0.009854157481108378 0.009854157481108378 0.009854157481108378 0.009854157481108378 0.009457264870987518 0.008636085080928179 0.00781490529086884 0.0069937255008095 0.00617254571075016 0.005351365920690821 0.004530186130631481 0.0037090063405721407 0.0028878265505128016 0.0020666467604534616 0.0012454669703941216 0.00042428718033478245 0.002047975128056907 0.006285282007783702 0.010522588887510497 0.014759895767237291 0.018997202646964088 0.023234509526690882 0.027471816406417677 0.031709123286144475 0.03594643016587127 0.040183737045598064 0.04442104392532486 0.04865835080505165 0.05084768255875924
0.028755031930957332 0.028755031930957332 0.028755031930957332 0.02806614926418883 0.026640835443464142 0.025215521622739455 0.023790207802014764 0.022364893981290077 0.020939580160565387 0.0195142663398407 0.018088952519116012 0.016663638698391325 0.015238324877666635 0.013813011056939516 0.012387697236214829 0.011651266081573214 0.011651266081573214 0.011651266081573214 0.011651266081573214 0.011651266081573214 0.011651266081573214 0.011651266081573214 0.011651266081573214 0.011651266081573214 0.011651266081573214 0.011651266081573214 0.011651266081573214 0.011181991928486705 0.010211053088394652 0.009240114248302598 0.008269175408210545 0.007298236568118492 0.006327297728026439 0.005356358887934386 0.004385420047842333 0.0034144812077502792 0.0024435423676582267 0.0014726035275661725 0.0005016646874741199 0.001733707523290702 0.0053207876177857084 0.008907867712280715 0.012494947806775722 0.016082027901270727 0.019669107995765735 0.02325618809026074 0.02684326818475575 0.030430348279250754 0.03401742837374576 0.03760450846824077 0.041191588562735776 0.04304496113566509
0.03319025080141908 0.03319025080141908 0.03319025080141908 0.03239511384807835 0.030749957504862757 0.029104801161647167 0.027459644818431578 0.025814488475215988 0.0241693321320004 0.02252417578878481 0.02087901944556922 0.01923386310235363 0.01758870675913804 0.015943550415919643 0.014298394072704054 0.01344837468203805 0.01344837468203805 0.01344837468203805 0.01344837468203805 0.01344837468203805 0.01344837468203805 0.01344837468203805 0.01344837468203805 0.01344837468203805 0.01344837468203805 0.01344837468203805 0.01344837468203805 0.012906718985985891 0.011786021095861124 0.010665323205736356 0.00954462531561159 0.008423927425486824 0.007303229535362056 0.00618253164523729 0.005061833755112523 0.003941135864987757 0.0028204379748629892 0.0016997400847382233 0.0005790421946134557 0.0014194399185244965 0.004356293227787715 0.007293146537050932 0.01022999984631415 0.013166853155577368 0.016103706464840585 0.019040559774103804 0.021977413083367023 0.024914266392630238 0.027851119701893457 0.030787973011156676 0.03372482632041989 0.035242239712570934
0.037625469671880823 0.037625469671880823 0.037625469671880823 0.03672407843196786 0.034859079566261365 0.03299408070055487 0.03112908183484838 0.029264082969141892 0.027399084103435403 0.02553408523772891 0.02366908637202242 0.02180408750631593 0.01993908864060944 0.018074089774899767 0.01620909090919328 0.015245483282502886 0.015245483282502886 0.015245483282502886 0.015245483282502886 0.015245483282502886 0.015245483282502886 0.015245483282502886 0.015245483282502886 0.015245483282502886 0.015245483282502886 0.015245483282502886 0.015245483282502886 0.014631446043485076 0.013360989103327597 0.012090532163170116 0.010820075223012635 0.009549618282855155 0.008279161342697674 0.007008704402540195 0.005738247462382714 0.004467790522225233 0.0031973335820677535 0.0019268766419102724 0.0006564197017527931 0.0011051723137582912 0.003391798837789721 0.00567842536182115 0.00796505188585258 0.010251678409884009 0.01253830493391544 0.01482493145794687 0.017111557981978297 0.01939818450600973 0.02168481103004116 0.023971437554072588 0.026258064078104017 0.027439518289476786
0.04206068854234257 0.04206068854234257 0.04206068854234257 0.04105304301585737 0.038968201627659974 0.036883360239462586 0.03479851885126519 0.0327136774630678 0.030628836074870408 0.028543994686673017 0.026459153298475625 0.02437431191027823 0.02228947052208084 0.02020462913387989 0.0181197877456825 0.017042591882967723 0.017042591882967723 0.017042591882967723 0.017042591882967723 0.017042591882967723 0.017042591882967723 0.017042591882967723 0.017042591882967723 0.017042591882967723 0.017042591882967723 0.017042591882967723 0.017042591882967723 0.01635617310098426 0.014935957110794068 0.013515741120603875 0.012095525130413681 0.010675309140223486 0.009255093150033294 0.0078348771598431 0.006414661169652907 0.004994445179462712 0.0035742291892725195 0.002154013199082325 0.0007337972088921306 0.0007909047089920862 0.002427304447791728 0.0040637041865913695 0.005700103925391012 0.007336503664190653 0.008972903402990295 0.010609303141789936 0.01224570288058958 0.01388210261938922 0.015518502358188862 0.017154902096988504 0.018791301835788147 0.019636796866382637
0.04649590741280432 0.04649590741280432 0.04649590741280432 0.045382007599746886 0.04307732368905859 0.0407726397783703 0.03846795586768201 0.03616327195699371 0.03385858804630542 0.03155390413561712 0.029249220224928832 0.026944536314240538 0.024639852403552244 0.022335168492860023 0.02003048458217173 0.01883970048343256 0.01883970048343256 0.01883970048343256 0.01883970048343256 0.01883970048343256 0.01883970048343256 0.01883970048343256 0.01883970048343256 0.01883970048343256 0.01883970048343256 0.01883970048343256 0.01883970048343256 0.01808090015848345 0.01651092511826054 0.014940950078037633 0.013370975037814726 0.011800999997591818 0.010231024957368912 0.008661049917146004 0.007091074876923096 0.00552109983670019 0.003951124796477282 0.002381149756254374 0.0008111747160314681 0.00047663710422588093 0.0014628100577937344 0.0024489830113615875 0.003435155964929441 0.004421328918497294 0.005407501872065148 0.0063936748256330014 0.007379847779200854 0.008366020732768709 0.00935219368633656 0.010338366639904414 0.011324539593472268 0.011834075443288487
0.050931126283266064 0.050931126283266064 0.050931126283266064 0.04971097218363639 0.0471864457504572 0.044661919317278004 0.04213739288409881 0.03961286645091962 0.037088340017740425 0.03456381358456123 0.03203928715138203 0.029514760718202842 0.026990234285023645 0.024465707851840147 0.021941181418660954 0.020636809083897395 0.020636809083897395 0.020636809083897395 0.020636809083897395 0.020636809083897395 0.020636809083897395 0.020636809083897395 0.020636809083897395 0.020636809083897395 0.020636809083897395 0.020636809083897395 0.020636809083897395 0.019805627215982634 0.01808589312572701 0.01636615903547139 0.014646424945215772 0.012926690854960149 0.01120695676470453 0.009487222674448908 0.007767488584193287 0.006047754493937666 0.0043280204036820445 0.002608286313426425 0.0008885522231708055 0.00016236949945967576 0.000498315667795741 0.000834261836131806 0.0011702080044678712 0.0015061541728039363 0.0018421003411400014 0.0021780465094760667 0.0025139926778121316 0.002849938846148197 0.0031858850144842617 0.003521831182820327 0.0038577773511563923 0.004031354020194337
0.05322262644767761 0.05322262644767761 0.05322262644767761 0.05194757500875962 0.049309464738762895 0.04667135446876618 0.04403324419876945 0.041395133928772726 0.03875702365877601 0.03611891338877928 0.03348080311878256 0.030842692848785838 0.028204582578789116 0.025566472308787894 0.02292836203879117 0.021565303206443787 0.021565303206443787 0.021565303206443787 0.021565303206443787 0.021565303206443787 0.021565303206443787 0.021565303206443787 0.021565303206443787 0.021565303206443787 0.021565303206443787 0.021565303206443787 0.021565303206443787 0.020696724690821112 0.018899616090356404 0.017102507489891693 0.015305398889426985 0.013508290288962277 0.011711181688497569 0.00991407308803286 0.008116964487568152 0.006319855887103444 0.004522747286638734 0.0027256386861740263 0.0009285300857093184 0.0 0.0 0.0 0.0 0.0 0.0 0.0 0.0 0.0 0.0 0.0 0.0 0.0
0.05322262644767761 0.05322262644767761 0.05322262644767761 0.05194757500875962 0.049309464738762895 0.04667135446876618 0.04403324419876945 0.041395133928772726 0.03875702365877601 0.03611891338877928 0.03348080311878256 0.030842692848785838 0.028204582578789116 0.025566472308787894 0.02292836203879117 0.021565303206443787 0.021565303206443787 0.021565303206443787 0.021565303206443787 0.021565303206443787 0.021565303206443787 0.021565303206443787 0.021565303206443787 0.021565303206443787 0.021565303206443787 0.021565303206443787 0.021565303206443787 0.020696724690821112 0.018899616090356404 0.017102507489891693 0.015305398889426985 0.013508290288962277 0.011711181688497569 0.00991407308803286 0.008116964487568152 0.006319855887103444 0.004522747286638734 0.0027256386861740263 0.0009285300857093184 0.0 0.0 0.0 0.0 0.0 0.0 0.0 0.0 0.0 0.0 0.0 0.0 0.0
0.05322262644767761 0.05322262644767761 0.05322262644767761 0.05194757500875962 0.049309464738762895 0.04667135446876618 0.04403324419876945 0.041395133928772726 0.03875702365877601 0.03611891338877928 0.03348080311878256 0.030842692848785838 0.028204582578789116 0.025566472308787894 0.02292836203879117 0.021565303206443787 0.021565303206443787 0.021565303206443787 0.021565303206443787 0.021565303206443787 0.021565303206443787 0.021565303206443787 0.021565303206443787 0.021565303206443787 0.021565303206443787 0.021565303206443787 0.021565303206443787 0.020696724690821112 0.018899616090356404 0.017102507489891693 0.015305398889426985 0.013508290288962277 0.011711181688497569 0.00991407308803286 0.008116964487568152 0.006319855887103444 0.004522747286638734 0.0027256386861740263 0.0009285300857093184 0.0 0.0 0.0 0.0 0.0 0.0 0.0 0.0 0.0 0.0 0.0 0.0 0.0
0.05322262644767761 0.05322262644767761 0.05322262644767761 0.05194757500875962 0.049309464738762895 0.04667135446876618 0.04403324419876945 0.041395133928772726 0.03875702365877601 0.03611891338877928 0.03348080311878256 0.030842692848785838 0.028204582578789116 0.025566472308787894 0.02292836203879117 0.021565303206443787 0.021565303206443787 0.021565303206443787 0.021565303206443787 0.021565303206443787 0.021565303206443787 0.021565303206443787 0.021565303206443787 0.021565303206443787 0.021565303206443787 0.021565303206443787 0.021565303206443787 0.020696724690821112 0.018899616090356404 0.017102507489891693 0.015305398889426985 0.013508290288962277 0.011711181688497569 0.00991407308803286 0.008116964487568152 0.006319855887103444 0.004522747286638734 0.0027256386861740263 0.0009285300857093184 0.0 0.0 0.0 0.0 0.0 0.0 0.0 0.0 0.0 0.0 0.0 0.0 0.0
