Figures/CREST_Example_wjb_NSE/Rolling_result/20100722/BJP_forecast/ens_8/wjb.rain.20100603.asc
ncols            288
nrows            254
xllcorner        113.274861
yllcorner        31.4918055
cellsize         0.008333333333
NODATA_value     -9999
[rows 125 to 149 of 254, columns 112 to 167 of 288]
0.0 0.0 0.0 0.0 0.0 0.0 0.0 0.0 0.0 0.0 0.0 0.013454847526520257 0.04129323133742989 0.06913161514833953 0.09696999895924915 0.1248083827701588 0.15264676658106843 0.18048515039197804 0.20832353420293515 0.23616191801384478 0.2640003018247544 0.29183868563566406 0.3196770694465737 0.3497615673254113 0.3822472119428837 0.41473285656035613 0.4472185011778286 0.479704145795301 0.5121897904127735 0.5446754350302458 0.5771610796477183 0.6096467242652461 0.6421323688827186 0.674618013500191 0.7071036581176635 0.7238883411696418 0.7238883411696418 0.7238883411696418 0.7238883411696418 0.7238883411696418 0.7238883411696418 0.7238883411696418 0.7238883411696418 0.7238883411696418 0.7238883411696418 0.7238883411696418 0.7238883411696418 0.7692882724976291 0.8632217574048309 0.9571552423120326 1.0510887272192344 1.1450222121264364 1.2389556970336382 1.33288918194084 1.4268226668480417 1.5207561517552435
0.0 0.0 0.0 0.0 0.0 0.0 0.0 0.0 0.0 0.0 0.0 0.013520844220929477 0.04149577668507311 0.06947070914921674 0.09744564161336038 0.125420574077504 0.15339550654164763 0.18137043900579128 0.2093453714699826 0.23732030393412623 0.26529523639826985 0.2932701688624135 0.32124510132655715 0.35114723240528734 0.38310958239016824 0.41507193237504914 0.44703428235993004 0.47899663234481094 0.5109589823296918 0.5429213323145727 0.5748836822994536 0.6068460322843889 0.6388083822692698 0.6707707322541507 0.7027330822390316 0.7192473894171656 0.7192473894171656 0.7192473894171656 0.7192473894171656 0.7192473894171656 0.7192473894171656 0.7192473894171656 0.7192473894171656 0.7192473894171656 0.7192473894171656 0.7192473894171656 0.7192473894171656 0.7615613818985246 0.849109989525183 0.9366585971518414 1.0242072047784998 1.111755812405158 1.1993044200318166 1.2868530276584749 1.3744016352851331 1.4619502429117917
0.0 0.0 0.0 0.0 0.0 0.0 0.0 0.0 0.0 0.0 0.0 0.013586840915338697 0.04169832203271633 0.06980980315009397 0.0979212842674716 0.12603276538484923 0.15414424650222686 0.18225572761960449 0.21036720873703008 0.2384786898544077 0.26659017097178533 0.294701652089163 0.3228131332065406 0.3525328974851634 0.3839719528374528 0.4154110081897421 0.44685006354203144 0.4782891188943208 0.5097281742466102 0.5411672295988995 0.5726062849511888 0.6040453403035317 0.6354843956558212 0.6669234510081106 0.6983625063603998 0.7146064376646892 0.7146064376646892 0.7146064376646892 0.7146064376646892 0.7146064376646892 0.7146064376646892 0.7146064376646892 0.7146064376646892 0.7146064376646892 0.7146064376646892 0.7146064376646892 0.7146064376646892 0.7538344912994202 0.834998221645535 0.9161619519916501 0.997325682337765 1.07848941268388 1.159653143029995 1.2408168733761098 1.321980603722225 1.4031443340683398
0.0 0.0 0.0 0.0 0.0 0.0 0.0 0.0 0.0 0.0 0.0 0.013652837609747915 0.041900867380359544 0.07014889715097117 0.0983969269215828 0.12664495669219444 0.15489298646280605 0.1831410162334177 0.21138904600407749 0.23963707577468912 0.26788510554530076 0.2961331353159124 0.32438116508652404 0.3539185625650395 0.38483432328473727 0.4157500840044351 0.44666584472413284 0.47758160544383066 0.5084973661635285 0.5394131268832263 0.570328887602924 0.6012446483226745 0.6321604090423724 0.6630761697620702 0.6939919304817679 0.7099654859122129 0.7099654859122129 0.7099654859122129 0.7099654859122129 0.7099654859122129 0.7099654859122129 0.7099654859122129 0.7099654859122129 0.7099654859122129 0.7099654859122129 0.7099654859122129 0.7099654859122129 0.7461076007003156 0.8208864537658871 0.8956653068314586 0.9704441598970303 1.045223012962602 1.1200018660281734 1.194780719093745 1.2695595721593165 1.3443384252248882
0.0 0.0 0.0 0.0 0.0 0.0 0.0 0.0 0.0 0.0 0.0 0.013718834304157133 0.04210341272800276 0.0704879911518484 0.09887256957569403 0.12725714799953966 0.15564172642338528 0.18402630484723093 0.21241088327112495 0.24079546169497057 0.2691800401188162 0.29756461854266186 0.3259491969665075 0.35530422764491554 0.3856966937320218 0.41608915981912803 0.4464816259062343 0.4768740919933405 0.5072665580804467 0.537659024167553 0.5680514902546593 0.5984439563418174 0.6288364224289236 0.6592288885160298 0.689621354603136 0.7053245341597365 0.7053245341597365 0.7053245341597365 0.7053245341597365 0.7053245341597365 0.7053245341597365 0.7053245341597365 0.7053245341597365 0.7053245341597365 0.7053245341597365 0.7053245341597365 0.7053245341597365 0.738380710101211 0.8067746858862391 0.8751686616712673 0.9435626374562955 1.0119566132413236 1.0803505890263518 1.14874456481138 1.2171385405964081 1.2855325163814362
0.0 0.0 0.0 0.0 0.0 0.0 0.0 0.0 0.0 0.0 0.0 0.01378483099856635 0.04230595807564598 0.07082708515272561 0.09934821222980524 0.12786933930688485 0.15639046638396448 0.1849115934610441 0.2134327205381724 0.24195384761525202 0.2704749746923316 0.29899610176941127 0.32751722884649087 0.3566898927247916 0.3865590641793063 0.41642823563382103 0.4462974070883357 0.4761665785428504 0.5060357499973651 0.5359049214518798 0.5657740929063945 0.5956432643609602 0.6255124358154748 0.6553816072699895 0.6852507787245041 0.7006835824072601 0.7006835824072601 0.7006835824072601 0.7006835824072601 0.7006835824072601 0.7006835824072601 0.7006835824072601 0.7006835824072601 0.7006835824072601 0.7006835824072601 0.7006835824072601 0.7006835824072601 0.7306538195021065 0.7926629180065912 0.8546720165110759 0.9166811150155607 0.9786902135200455 1.0406993120245303 1.102708410529015 1.1647175090334998 1.2267266075379846
0.0 0.0 0.0 0.0 0.0 0.0 0.0 0.0 0.0 0.0 0.0 0.013850827692975626 0.042508503423289365 0.07116617915360311 0.09982385488391685 0.1284815306142306 0.15713920634454434 0.1857968820748581 0.21445455780522069 0.24311223353553443 0.27176990926584815 0.3004275849961619 0.32908526072647565 0.3580755578046689 0.38742143462659157 0.4167673114485143 0.446113188270437 0.4754590650923597 0.5048049419142824 0.5341508187362051 0.5634966955581278 0.5928425723801005 0.6221884492020233 0.6515343260239459 0.6808802028458687 0.6960426306547799 0.6960426306547799 0.6960426306547799 0.6960426306547799 0.6960426306547799 0.6960426306547799 0.6960426306547799 0.6960426306547799 0.6960426306547799 0.6960426306547799 0.6960426306547799 0.6960426306547799 0.7229269289029954 0.7785511501269313 0.8341753713508673 0.8897995925748031 0.945423813798739 1.001048035022675 1.0566722562466109 1.1122964774705468 1.1679206986944828
0.0 0.0 0.0 0.0 0.0 0.0 0.0 0.0 0.0 0.0 0.0 0.013916824387384846 0.04271104877093259 0.07150527315448033 0.10029949753802807 0.1290937219215758 0.15788794630512357 0.1866821706886713 0.21547639507226815 0.24427061945581588 0.27306484383936364 0.30185906822291136 0.3306532926064591 0.3594612228845449 0.3882838050738761 0.41710638726320726 0.4459289694525384 0.47475155164186955 0.5035741338312008 0.5323967160205318 0.561219298209863 0.5900418803992433 0.6188644625885744 0.6476870447779056 0.6765096269672368 0.6914016789023035 0.6914016789023035 0.6914016789023035 0.6914016789023035 0.6914016789023035 0.6914016789023035 0.6914016789023035 0.6914016789023035 0.6914016789023035 0.6914016789023035 0.6914016789023035 0.6914016789023035 0.7152000383038908 0.7644393822472834 0.8136787261906758 0.8629180701340683 0.9121574140774609 0.9613967580208533 1.0106361019642458 1.0598754459076383 1.1091147898510307
0.0 0.0 0.0 0.0 0.0 0.0 0.0 0.0 0.0 0.0 0.0 0.013573627197174332 0.041657768832844444 0.06974191046851455 0.09782605210418467 0.1259101937398548 0.1539943353755249 0.182078477011195 0.21016261864691302 0.23824676028258313 0.26633090191825326 0.29441504355392334 0.3224991851895935 0.35034347631387414 0.377931361816817 0.40551924731975986 0.43310713282270275 0.46069501832564563 0.4882829038285885 0.5158707893315314 0.5434586748344743 0.5710465603374641 0.598634445840407 0.6262223313433499 0.6538102168462928 0.6680643256901762 0.6680643256901762 0.6680643256901762 0.6680643256901762 0.6680643256901762 0.6680643256901762 0.6680643256901762 0.6680643256901762 0.6680643256901762 0.6680643256901762 0.6680643256901762 0.6680643256901762 0.6892715455282515 0.7331497631006982 0.7770279806731449 0.8209061982455916 0.8647844158180382 0.908662633390485 0.9525408509629316 0.9964190685353784 1.040297286107825
0.0 0.0 0.0 0.0 0.0 0.0 0.0 0.0 0.0 0.0 0.0 0.012793027540106684 0.03926209083220721 0.06573115412430774 0.09220021741640827 0.11866928070850881 0.14513834400060932 0.17160740729270987 0.19807647058485553 0.22454553387695605 0.2510145971690566 0.27748366046115713 0.30395272375325766 0.32999824482945733 0.3555909896976692 0.38118373456588106 0.4067764794340929 0.43236922430230473 0.4579619691705166 0.4835547140387285 0.5091474589069404 0.5347402037751958 0.5603329486434077 0.5859256935116195 0.6115184383798313 0.62474169794883 0.62474169794883 0.62474169794883 0.62474169794883 0.62474169794883 0.62474169794883 0.62474169794883 0.62474169794883 0.62474169794883 0.62474169794883 0.62474169794883 0.62474169794883 0.6438866874646333 0.6834981038506892 0.723109520236745 0.7627209366228008 0.8023323530088566 0.8419437693949124 0.8815551857809683 0.9211666021670242 0.96077801855308
0.0 0.0 0.0 0.0 0.0 0.0 0.0 0.0 0.0 0.0 0.0 0.012012427883039035 0.03686641283156998 0.06172039778010093 0.08657438272863188 0.11142836767716283 0.13628235262569377 0.16113633757422471 0.18599032252279804 0.21084430747132898 0.23569829241985996 0.26055227736839087 0.28540626231692184 0.30965301334504053 0.33325061757852137 0.3568482218120022 0.38044582604548305 0.40404343027896394 0.4276410345124448 0.4512386387459256 0.4748362429794065 0.4984338472129276 0.5220314514464085 0.5456290556798893 0.5692266599133702 0.5814190702074842 0.5814190702074842 0.5814190702074842 0.5814190702074842 0.5814190702074842 0.5814190702074842 0.5814190702074842 0.5814190702074842 0.5814190702074842 0.5814190702074842 0.5814190702074842 0.5814190702074842 0.5985018294010154 0.6338464446006803 0.6691910598003452 0.7045356750000101 0.739880290199675 0.77522490539934 0.8105695205990049 0.8459141357986699 0.8812587509983347
0.0 0.0 0.0 0.0 0.0 0.0 0.0 0.0 0.0 0.0 0.0 0.011231828225971387 0.03447073483093275 0.05770964143589412 0.08094854804085548 0.10418745464581684 0.12742636125077822 0.15066526785573958 0.17390417446074058 0.19714308106570194 0.2203819876706633 0.24362089427562467 0.26685980088058603 0.2893077818606237 0.31091024545937357 0.3325127090581234 0.3541151726568732 0.37571763625562304 0.3973200998543729 0.41892256345312273 0.4405250270518726 0.4621274906506593 0.4837299542494091 0.505332417848159 0.5269348814469088 0.5380964424661381 0.5380964424661381 0.5380964424661381 0.5380964424661381 0.5380964424661381 0.5380964424661381 0.5380964424661381 0.5380964424661381 0.5380964424661381 0.5380964424661381 0.5380964424661381 0.5380964424661381 0.5531169713373971 0.5841947853506712 0.6152725993639452 0.6463504133772193 0.6774282273904932 0.7085060414037674 0.7395838554170414 0.7706616694303154 0.8017394834435895
0.0 0.0 0.0 0.0 0.0 0.0 0.0 0.0 0.0 0.0 0.0 0.01045122856890307 0.03207505683029347 0.05369888509168387 0.07532271335307428 0.09694654161446467 0.11857036987585508 0.14019419813724548 0.16181802639867277 0.18344185466006316 0.20506568292145355 0.22668951118284397 0.24831333944423437 0.2689625503761895 0.2885698733402067 0.3081771963042238 0.3277845192682409 0.34739184223225805 0.3669991651962752 0.3866064881602923 0.40621381112430943 0.42582113408836003 0.44542845705237716 0.4650357800163943 0.4846431029804114 0.4947738147247552 0.4947738147247552 0.4947738147247552 0.4947738147247552 0.4947738147247552 0.4947738147247552 0.4947738147247552 0.4947738147247552 0.4947738147247552 0.4947738147247552 0.4947738147247552 0.4947738147247552 0.5077321132737403 0.5345431261006199 0.5613541389274994 0.5881651517543789 0.6149761645812585 0.641787177408138 0.6685981902350175 0.695409203061897 0.7222202158887765
0.0 0.0 0.0 0.0 0.0 0.0 0.0 0.0 0.0 0.0 0.0 0.00967062891183542 0.029679378829656235 0.04968812874747705 0.06969687866529786 0.08970562858311867 0.1097143785009395 0.1297231284187603 0.14973187833661525 0.16974062825443606 0.18974937817225687 0.20975812809007768 0.2297668780078985 0.24861731889177266 0.2662295012210588 0.2838416835503449 0.301453865879631 0.31906604820891715 0.3366782305382033 0.3542904128674894 0.37190259519677554 0.3895147775260917 0.40712695985537783 0.42473914218466396 0.4423513245139501 0.45145118698340914 0.45145118698340914 0.45145118698340914 0.45145118698340914 0.45145118698340914 0.45145118698340914 0.45145118698340914 0.45145118698340914 0.45145118698340914 0.45145118698340914 0.45145118698340914 0.45145118698340914 0.4623472552101222 0.48489146685061085 0.5074356784910995 0.5299798901315882 0.5525241017720768 0.5750683134125654 0.5976125250530541 0.6201567366935427 0.6427009483340314
0.0 0.0 0.0 0.0 0.0 0.0 0.0 0.0 0.0 0.0 0.0 0.008890029254767772 0.027283700829019004 0.04567737240327024 0.06407104397752147 0.0824647155517727 0.10085838712602394 0.11925205870027517 0.13764573027455776 0.156039401848809 0.17443307342306022 0.19282674499731145 0.2112204165715627 0.22827208740735586 0.24388912910191096 0.2595061707964661 0.27512321249102123 0.2907402541855763 0.30635729588013144 0.3219743375746866 0.33759137926924165 0.35320842096382343 0.36882546265837857 0.3844425043529337 0.4000595460474888 0.40812855924206315 0.40812855924206315 0.40812855924206315 0.40812855924206315 0.40812855924206315 0.40812855924206315 0.40812855924206315 0.40812855924206315 0.40812855924206315 0.40812855924206315 0.40812855924206315 0.40812855924206315 0.4169623971465041 0.4352398076006019 0.45351721805469963 0.4717946285087974 0.4900720389628951 0.5083494494169929 0.5266268598710906 0.5449042703251883 0.5631816807792861
0.0 0.0 0.0 0.0 0.0 0.0 0.0 0.0 0.0 0.0 0.0 0.008109429597700123 0.024888022828381772 0.041666616059063424 0.05844520928974507 0.07522380252042672 0.09200239575110837 0.10878098898179002 0.12555958221250027 0.14233817544318195 0.1591167686738636 0.17589536190454524 0.1926739551352269 0.20792685592293905 0.22154875698276316 0.23517065804258724 0.24879255910241138 0.26241446016223546 0.2760363612220596 0.2896582622818837 0.3032801633417078 0.31690206440155516 0.33052396546137924 0.3441458665212034 0.35776776758102746 0.36480593150071716 0.36480593150071716 0.36480593150071716 0.36480593150071716 0.36480593150071716 0.36480593150071716 0.36480593150071716 0.36480593150071716 0.36480593150071716 0.36480593150071716 0.36480593150071716 0.36480593150071716 0.37157753908288604 0.3855881483505929 0.39959875761829977 0.41360936688600664 0.4276199761537135 0.4416305854214203 0.4556411946891272 0.46965180395683404 0.4836624132245409
0.0 0.0 0.0 0.0 0.0 0.0 0.0 0.0 0.0 0.0 0.0 0.007328829940632473 0.022492344827744537 0.0376558597148566 0.052819374601968665 0.06798288948908073 0.08314640437619279 0.09830991926330486 0.11347343415044278 0.12863694903755485 0.1438004639246669 0.15896397881177896 0.17412749369889102 0.1875816244385222 0.1992083848636153 0.2108351452887084 0.22246190571380148 0.2340886661388946 0.2457154265639877 0.2573421869890808 0.2689689474141739 0.2805957078392868 0.2922224682643799 0.303849228689473 0.3154759891145661 0.3214833037593711 0.3214833037593711 0.3214833037593711 0.3214833037593711 0.3214833037593711 0.3214833037593711 0.3214833037593711 0.3214833037593711 0.3214833037593711 0.3214833037593711 0.3214833037593711 0.3214833037593711 0.3261926810192679 0.3359364891005839 0.34568029718189985 0.35542410526321583 0.3651679133445318 0.3749117214258478 0.38465552950716375 0.3943993375884797 0.4041431456697957
0.0 0.0 0.0 0.0 0.0 0.0 0.0 0.0 0.0 0.0 0.0 0.006548230283564824 0.020096666827107302 0.033645103370649784 0.04719353991419226 0.06074197645773474 0.07429041300127721 0.0878388495448197 0.10138728608838528 0.11493572263192776 0.12848415917547024 0.14203259571901272 0.1555810322625552 0.1672363929541054 0.17686801274446745 0.18649963253482954 0.19613125232519163 0.20576287211555372 0.2153944919059158 0.2250261116962779 0.23465773148664 0.2442893512770185 0.2539209710673806 0.2635525908577427 0.2731842106481047 0.2781606760180251 0.2781606760180251 0.2781606760180251 0.2781606760180251 0.2781606760180251 0.2781606760180251 0.2781606760180251 0.2781606760180251 0.2781606760180251 0.2781606760180251 0.2781606760180251 0.2781606760180251 0.28080782295564977 0.28628482985057485 0.29176183674549994 0.297238843640425 0.3027158505353501 0.30819285743027525 0.31366986432520033 0.3191468712201254 0.3246238781150505
0.0 0.0 0.0 0.0 0.0 0.0 0.0 0.0 0.0 0.0 0.0 0.005767630626497175 0.01770098882647007 0.029634347026442964 0.041567705226415855 0.05350106342638875 0.06543442162636165 0.07736777982633454 0.08930113802632779 0.10123449622630068 0.11316785442627357 0.12510121262624646 0.13703457082621937 0.14689116146968853 0.15452764062531962 0.1621641197809507 0.16980059893658178 0.17743707809221287 0.18507355724784394 0.19271003640347503 0.2003465155591061 0.2079829947147502 0.21561947387038127 0.22325595302601237 0.23089243218164346 0.2348380482766791 0.2348380482766791 0.2348380482766791 0.2348380482766791 0.2348380482766791 0.2348380482766791 0.2348380482766791 0.2348380482766791 0.2348380482766791 0.2348380482766791 0.2348380482766791 0.2348380482766791 0.23542296489203166 0.23663317060056585 0.23784337630910007 0.23905358201763427 0.2402637877261685 0.2414739934347027 0.2426841991432369 0.2438944048517711 0.2451046105603053
0.0 0.0 0.0 0.0 0.0 0.0 0.0 0.0 0.0 0.0 0.0 0.00498703096942886 0.015305310825830793 0.025623590682232727 0.03594187053863466 0.046260150395036594 0.05657843025143852 0.06689671010784046 0.07721498996425999 0.08753326982066192 0.09785154967706386 0.10816982953346578 0.11848810938986772 0.12654592998525438 0.13218726850615273 0.1378286070270511 0.14346994554794948 0.14911128406884785 0.1547526225897462 0.16039396111064458 0.16603529963154295 0.17167663815245093 0.1773179766733493 0.18295931519424768 0.18860065371514606 0.19151542053529613 0.19151542053529613 0.19151542053529613 0.19151542053529613 0.19151542053529613 0.19151542053529613 0.19151542053529613 0.19151542053529613 0.19151542053529613 0.19151542053529613 0.19151542053529613 0.19151542053529613 0.19003810682837483 0.18698151135051452 0.1839249158726542 0.1808683203947939 0.17781172491693356 0.17475512943907326 0.17169853396121293 0.16864193848335263 0.16558534300549232
0.0 0.0 0.0 0.0 0.0 0.0 0.0 0.0 0.0 0.0 0.0 0.0043991014943577395 0.01350094197093644 0.022602782447515138 0.03170462292409384 0.04080646340067254 0.04990830387725124 0.05901014435382994 0.06811198483042416 0.07721382530700285 0.08631566578358156 0.09541750626016025 0.10451934673673896 0.1113606919912603 0.11578551672812606 0.12021034146499184 0.1246351662018576 0.1290599909387234 0.13348481567558915 0.13790964041245493 0.1423344651493207 0.14675928988619402 0.15118411462305978 0.15560893935992554 0.16003376409679132 0.16231998256785407 0.16231998256785407 0.16231998256785407 0.16231998256785407 0.16231998256785407 0.16231998256785407 0.16231998256785407 0.16231998256785407 0.16231998256785407 0.16231998256785407 0.16231998256785407 0.16231998256785407 0.15987961611918297 0.154830442733474 0.14978126934776498 0.144732095962056 0.139682922576347 0.13463374919063803 0.12958457580492905 0.12453540241922004 0.11948622903351105
0.0 0.0 0.0 0.0 0.0 0.0 0.0 0.0 0.0 0.0 0.0 0.004017124298205483 0.012328645317611431 0.020640166337017377 0.028951687356423325 0.037263208375829276 0.04557472939523522 0.05388625041464117 0.06219777143406129 0.07050929245346724 0.07882081347287319 0.08713233449227914 0.09544385551168508 0.10169116176038141 0.10573177573315798 0.10977238970593456 0.11381300367871112 0.11785361765148769 0.12189423162426427 0.12593484559704082 0.1299754595698174 0.13401607354260087 0.13805668751537745 0.14209730148815403 0.14613791546093058 0.14822561991214447 0.14822561991214447 0.14822561991214447 0.14822561991214447 0.14822561991214447 0.14822561991214447 0.14822561991214447 0.14822561991214447 0.14822561991214447 0.14822561991214447 0.14822561991214447 0.14822561991214447 0.1459971522648179 0.1413864022924431 0.13677565232006825 0.13216490234769343 0.12755415237531859 0.12294340240294375 0.11833265243056892 0.1137219024581941 0.10911115248581926
0.0 0.0 0.0 0.0 0.0 0.0 0.0 0.0 0.0 0.0 0.0 0.0036351471020532266 0.011156348664286421 0.018677550226519617 0.026198751788752812 0.03371995335098601 0.041241154913219204 0.0487623564754524 0.05628355803769842 0.06380475959993162 0.07132596116216482 0.078847162724398 0.0863683642866312 0.09202163152950252 0.0956780347381899 0.09933443794687727 0.10299084115556463 0.106647244364252 0.11030364757293937 0.11396005078162674 0.11761645399031412 0.12127285719900772 0.12492926040769509 0.12858566361638246 0.13224206682506984 0.13413125725643488 0.13413125725643488 0.13413125725643488 0.13413125725643488 0.13413125725643488 0.13413125725643488 0.13413125725643488 0.13413125725643488 0.13413125725643488 0.13413125725643488 0.13413125725643488 0.13413125725643488 0.13211468841045287 0.1279423618514122 0.12377003529237152 0.11959770873333085 0.11542538217429017 0.1112530556152495 0.10708072905620883 0.10290840249716815 0.09873607593812747
0.0 0.0 0.0 0.0 0.0 0.0 0.0 0.0 0.0 0.0 0.0 0.00325316990590097 0.009984052010961414 0.016714934116021856 0.0234458162210823 0.030176698326142747 0.03690758043120319 0.043638462536263634 0.05036934464133556 0.057100226746396 0.06383110885145644 0.07056199095651688 0.07729287306157732 0.08235210129862364 0.08562429374322181 0.08889648618781998 0.09216867863241814 0.0954408710770163 0.09871306352161448 0.10198525596621265 0.10525744841081082 0.10852964085541457 0.11180183330001274 0.1150740257446109 0.11834621818920907 0.12003689460072527 0.12003689460072527 0.12003689460072527 0.12003689460072527 0.12003689460072527 0.12003689460072527 0.12003689460072527 0.12003689460072527 0.12003689460072527 0.12003689460072527 0.12003689460072527 0.12003689460072527 0.11823222455608781 0.1144983214103813 0.11076441826467479 0.10703051511896827 0.10329661197326175 0.09956270882755523 0.09582880568184872 0.0920949025361422 0.08836099939043568
0.0 0.0 0.0 0.0 0.0 0.0 0.0 0.0 0.0 0.0 0.0 0.002871192709748714 0.008811755357636408 0.0147523180055241 0.020692880653411794 0.026633443301299485 0.032574005949187176 0.038514568597074875 0.0444551312449727 0.05039569389286039 0.05633625654074808 0.06227681918863578 0.06821738183652347 0.07268257106774476 0.07557055274825372 0.07845853442876269 0.08134651610927165 0.08423449778978062 0.08712247947028959 0.09001046115079855 0.09289844283130752 0.09578642451182141 0.09867440619233038 0.10156238787283935 0.10445036955334831 0.10594253194501566 0.10594253194501566 0.10594253194501566 0.10594253194501566 0.10594253194501566 0.10594253194501566 0.10594253194501566 0.10594253194501566 0.10594253194501566 0.10594253194501566 0.10594253194501566 0.10594253194501566 0.10434976070172275 0.1010542809693504 0.09775880123697804 0.09446332150460568 0.09116784177223333 0.08787236203986097 0.08457688230748861 0.08128140257511625 0.07798592284274389
