Figures/CREST_Example_wjb_NSE/Rolling_result/20100722/BJP_forecast/ens_8/wjb.rain.20100608.asc
ncols            288
nrows            254
xllcorner        113.274861
yllcorner        31.4918055
cellsize         0.008333333333
NODATA_value     -9999
[rows 80 to 99 of 254, columns 90 to 134 of 288]
58.45316267706928 58.45316267706928 58.45316267706928 58.45316267706928 58.45316267706928 58.45316267706928 58.45316267706928 58.45316267706928 58.45316267706928 58.350169487668495 58.137074250052315 57.92397901243613 57.71088377481995 57.49778853720377 57.28469329958722 57.07159806197104 56.85850282435486 56.64540758673867 56.43231234912249 56.21921711150631 56.00612187389012 55.89601982557225 55.89601982557225 55.89601982557225 55.89601982557225 55.89601982557225 55.89601982557225 55.89601982557225 55.89601982557225 55.89601982557225 55.89601982557225 55.89601982557225 55.89601982557225 55.76633614583146 55.498017679678696 55.229699213525926 54.961380747373155 54.69306228122039 54.42474381506762 54.15642534891486 53.88810688276163 53.61978841660886 53.3514699504561 53.08315148430333 52.81483301815056
59.14214269017371 59.14214269017371 59.14214269017371 59.14214269017371 59.14214269017371 59.14214269017371 59.14214269017371 59.14214269017371 59.14214269017371 58.99362657830909 58.68634338481104 58.379060191312995 58.07177699781494 57.76449380431689 57.457210610818315 57.149927417320264 56.84264422382222 56.53536103032417 56.22807783682612 55.920794643328065 55.613511449830014 55.454744368048814 55.454744368048814 55.454744368048814 55.454744368048814 55.454744368048814 55.454744368048814 55.454744368048814 55.454744368048814 55.454744368048814 55.454744368048814 55.454744368048814 55.454744368048814 55.339893240693826 55.10226366086233 54.864634081030836 54.62700450119934 54.38937492136784 54.15174534153634 53.91411576170485 53.676486181872946 53.43885660204145 53.201227022209956 52.96359744237846 52.72596786254696
59.83112270327815 59.83112270327815 59.83112270327815 59.83112270327815 59.83112270327815 59.83112270327815 59.83112270327815 59.83112270327815 59.83112270327815 59.63708366894969 59.23561251956977 58.834141370189855 58.43267022080994 58.03119907143002 57.62972792204942 57.228256772669496 56.82678562328958 56.425314473909665 56.02384332452974 55.62237217514983 55.22090102576991 55.01346891052538 55.01346891052538 55.01346891052538 55.01346891052538 55.01346891052538 55.01346891052538 55.01346891052538 55.01346891052538 55.01346891052538 55.01346891052538 55.01346891052538 55.01346891052538 54.9134503355562 54.70650964204597 54.499568948535746 54.29262825502552 54.08568756151529 53.87874686800507 53.67180617449484 53.464865480984265 53.25792478747404 53.05098409396381 52.844043400453586 52.63710270694336
60.52010271638259 60.52010271638259 60.52010271638259 60.52010271638259 60.52010271638259 60.52010271638259 60.52010271638259 60.52010271638259 60.52010271638259 60.280540759590295 59.78488165432851 59.28922254906672 58.79356344380494 58.297904338543155 57.80224523328052 57.306586128018736 56.81092702275695 56.31526791749516 55.819608812233376 55.32394970697159 54.8282906017098 54.57219345300195 54.57219345300195 54.57219345300195 54.57219345300195 54.57219345300195 54.57219345300195 54.57219345300195 54.57219345300195 54.57219345300195 54.57219345300195 54.57219345300195 54.57219345300195 54.487007430418565 54.31075562322961 54.134503816040656 53.9582520088517 53.78200020166275 53.60574839447379 53.42949658728483 53.25324478009558 53.07699297290662 52.90074116571767 52.72448935852871 52.54823755133975
61.20908272948702 61.20908272948702 61.20908272948702 61.20908272948702 61.20908272948702 61.20908272948702 61.20908272948702 61.20908272948702 61.20908272948702 60.9239978502309 60.33415078908724 59.74430372794359 59.15445666679994 58.56460960565628 57.97476254451162 57.38491548336797 56.79506842222432 56.20522136108066 55.61537429993701 55.02552723879335 54.4356801776497 54.13091799547852 54.13091799547852 54.13091799547852 54.13091799547852 54.13091799547852 54.13091799547852 54.13091799547852 54.13091799547852 54.13091799547852 54.13091799547852 54.13091799547852 54.13091799547852 54.06056452528094 53.915001604413256 53.769438683545566 53.62387576267788 53.4783128418102 53.33274992094251 53.18718700007483 53.0416240792069 52.89606115833921 52.750498237471525 52.60493531660384 52.45937239573615
61.40196637037458 61.40196637037458 61.40196637037458 61.40196637037458 61.40196637037458 61.40196637037458 61.40196637037458 61.40196637037458 61.40196637037458 61.099459552930426 60.47356610775388 59.84767266257734 59.2217792174008 58.59588577222426 57.96999232704665 57.34409888187011 56.718205436693566 56.09231199151702 55.466418546340485 54.84052510116394 54.214631655987404 53.89124502795403 53.89124502795403 53.89124502795403 53.89124502795403 53.89124502795403 53.89124502795403 53.89124502795403 53.89124502795403 53.89124502795403 53.89124502795403 53.89124502795403 53.89124502795403 53.825653155525664 53.689942088125015 53.55423102072437 53.418519953323724 53.282808885923075 53.147097818522425 53.01138675112178 52.8756756837209 52.73996461632026 52.60425354891961 52.46854248151896 52.33283141411832
61.06455426761931 61.06455426761931 61.06455426761931 61.06455426761931 61.06455426761931 61.06455426761931 61.06455426761931 61.06455426761931 61.06455426761931 60.77466369244598 60.17487353778961 59.57508338313324 58.975293228476865 58.37550307382049 57.77571291916309 57.175922764506716 56.57613260985034 55.976342455193965 55.37655230053759 54.776762145881214 54.17697199122484 53.86707241145335 53.86707241145335 53.86707241145335 53.86707241145335 53.86707241145335 53.86707241145335 53.86707241145335 53.86707241145335 53.86707241145335 53.86707241145335 53.86707241145335 53.86707241145335 53.795476921270186 53.64734423296431 53.499211544658436 53.35107885635256 53.20294616804668 53.05481347974081 52.90668079143493 52.7585481031288 52.610415414822924 52.46228272651705 52.314150038211174 52.166017349905296
60.727142164864034 60.727142164864034 60.727142164864034 60.727142164864034 60.727142164864034 60.727142164864034 60.727142164864034 60.727142164864034 60.727142164864034 60.44986783196155 59.87618096782534 59.302494103689135 58.72880723955292 58.155120375416715 57.58143351127953 57.00774664714332 56.434059783007115 55.86037291887091 55.286686054734695 54.71299919059849 54.13931232646228 53.84289979495267 53.84289979495267 53.84289979495267 53.84289979495267 53.84289979495267 53.84289979495267 53.84289979495267 53.84289979495267 53.84289979495267 53.84289979495267 53.84289979495267 53.84289979495267 53.76530068701471 53.6047463778036 53.4441920685925 53.28363775938139 53.123083450170284 52.962529140959184 52.801974831748076 52.6414205225367 52.48086621332559 52.32031190411448 52.15975759490338 51.999203285692275
60.38973006210877 60.38973006210877 60.38973006210877 60.38973006210877 60.38973006210877 60.38973006210877 60.38973006210877 60.38973006210877 60.38973006210877 60.12507197147712 59.577488397861075 59.02990482424504 58.48232125062899 57.93473767701295 57.38715410339597 56.839570529779934 56.29198695616389 55.744403382547844 55.19681980893181 54.64923623531576 54.10165266169972 53.818727178451994 53.818727178451994 53.818727178451994 53.818727178451994 53.818727178451994 53.818727178451994 53.818727178451994 53.818727178451994 53.818727178451994 53.818727178451994 53.818727178451994 53.818727178451994 53.73512445275923 53.5621485226429 53.38917259252656 53.216196662410226 53.043220732293896 52.87024480217756 52.69726887206123 52.524292941944594 52.351317011828264 52.17834108171193 52.0053651515956 51.83238922147926
60.052317959353495 60.052317959353495 60.052317959353495 60.052317959353495 60.052317959353495 60.052317959353495 60.052317959353495 60.052317959353495 60.052317959353495 59.800276110992684 59.27879582789681 58.75731554480093 58.235835261705056 57.71435497860918 57.192874695512415 56.67139441241654 56.14991412932066 55.62843384622479 55.10695356312891 54.585473280033035 54.06399299693716 53.794554561951315 53.794554561951315 53.794554561951315 53.794554561951315 53.794554561951315 53.794554561951315 53.794554561951315 53.794554561951315 53.794554561951315 53.794554561951315 53.794554561951315 53.794554561951315 53.70494821850375 53.51955066748219 53.33415311646063 53.14875556543907 52.9633580144175 52.77796046339594 52.592562912374376 52.4071653613525 52.22176781033093 52.03637025930937 51.850972708287806 51.66557515726625
59.71490585659822 59.71490585659822 59.71490585659822 59.71490585659822 59.71490585659822 59.71490585659822 59.71490585659822 59.71490585659822 59.71490585659822 59.47548025050825 58.980103257932534 58.48472626535683 57.98934927278112 57.493972280205405 56.99859528762885 56.50321829505314 56.00784130247743 55.512464309901716 55.01708731732601 54.5217103247503 54.02633333217459 53.77038194545063 53.77038194545063 53.77038194545063 53.77038194545063 53.77038194545063 53.77038194545063 53.77038194545063 53.77038194545063 53.77038194545063 53.77038194545063 53.77038194545063 53.77038194545063 53.674771984248274 53.47695281232148 53.27913364039469 53.081314468467895 52.883495296541106 52.68567612461431 52.48785695268752 52.29003778076039 52.092218608833605 51.89439943690681 51.69658026498002 51.498761093053226
59.37749375384295 59.37749375384295 59.37749375384295 59.37749375384295 59.37749375384295 59.37749375384295 59.37749375384295 59.37749375384295 59.37749375384295 59.15068439002381 58.68141068796827 58.21213698591272 57.742863283857176 57.27358958180164 56.80431587974529 56.33504217768975 55.865768475634205 55.39649477357866 54.927221071523114 54.457947369467576 53.98867366741203 53.74620932894995 53.74620932894995 53.74620932894995 53.74620932894995 53.74620932894995 53.74620932894995 53.74620932894995 53.74620932894995 53.74620932894995 53.74620932894995 53.74620932894995 53.74620932894995 53.644595749992796 53.43435495716077 53.22411416432875 53.01387337149673 52.80363257866471 52.59339178583269 52.38315099300067 52.17291020016829 51.962669407336264 51.75242861450425 51.54218782167223 51.331947028840204
59.040081651087384 59.040081651087384 59.040081651087384 59.040081651087384 59.040081651087384 59.040081651087384 59.040081651087384 59.040081651087384 59.040081651087384 58.82588852953909 58.38271811800374 57.93954770646838 57.496377294933026 57.05320688339767 56.61003647186156 56.16686606032621 55.72369564879085 55.280525237255496 54.83735482572014 54.39418441418479 53.95101400264944 53.72203671244925 53.72203671244925 53.72203671244925 53.72203671244925 53.72203671244925 53.72203671244925 53.72203671244925 53.72203671244925 53.72203671244925 53.72203671244925 53.72203671244925 53.72203671244925 53.61441951573729 53.39175710200003 53.16909468826277 52.946432274525506 52.723769860788245 52.501107447050984 52.27844503331373 52.055782619576085 51.833120205838824 51.61045779210156 51.38779537836431 51.16513296462705
58.70266954833211 58.70266954833211 58.70266954833211 58.70266954833211 58.70266954833211 58.70266954833211 58.70266954833211 58.70266954833211 58.70266954833211 58.50109266905466 58.08402554803947 57.66695842702428 57.24989130600909 56.8328241849939 56.415757063978006 55.99868994296281 55.581622821947626 55.16455570093244 54.74748857991725 54.330421458902066 53.91335433788687 53.697864095948574 53.697864095948574 53.697864095948574 53.697864095948574 53.697864095948574 53.697864095948574 53.697864095948574 53.697864095948574 53.697864095948574 53.697864095948574 53.697864095948574 53.697864095948574 53.58424328148181 53.34915924683932 53.11407521219683 52.87899117755435 52.64390714291186 52.40882310826937 52.17373907362688 51.93865503898399 51.7035710043415 51.46848696969901 51.23340293505652 50.99831890041403
58.36525744557684 58.36525744557684 58.36525744557684 58.36525744557684 58.36525744557684 58.36525744557684 58.36525744557684 58.36525744557684 58.36525744557684 58.17629680857022 57.785332978075196 57.39436914758018 57.003405317085154 56.61244148659013 56.22147765609444 55.830513825599425 55.4395499951044 55.048586164609375 54.65762233411436 54.26665850361933 53.875694673124315 53.673691479447896 53.673691479447896 53.673691479447896 53.673691479447896 53.673691479447896 53.673691479447896 53.673691479447896 53.673691479447896 53.673691479447896 53.673691479447896 53.673691479447896 53.673691479447896 53.55406704722633 53.30656139167861 53.0590557361309 52.81155008058318 52.56404442503546 52.31653876948774 52.06903311394002 51.821527458391884 51.57402180284417 51.32651614729645 51.07901049174873 50.83150483620101
58.027845342821564 58.027845342821564 58.027845342821564 58.027845342821564 58.027845342821564 58.027845342821564 58.027845342821564 58.027845342821564 58.027845342821564 57.851500948085786 57.48664040811093 57.12177986813607 56.75691932816122 56.39205878818636 56.02719824821089 55.66233770823603 55.297477168261175 54.93261662828632 54.56775608831146 54.202895548336606 53.83803500836175 53.64951886294722 53.64951886294722 53.64951886294722 53.64951886294722 53.64951886294722 53.64951886294722 53.64951886294722 53.64951886294722 53.64951886294722 53.64951886294722 53.64951886294722 53.64951886294722 53.523890812970855 53.26396353651791 53.004036260064964 52.744108983612016 52.48418170715907 52.224254430706125 51.964327154253176 51.70439987779979 51.44447260134684 51.18454532489389 50.92461804844095 50.664690771988
57.69043324006629 57.69043324006629 57.69043324006629 57.69043324006629 57.69043324006629 57.69043324006629 57.69043324006629 57.69043324006629 57.69043324006629 57.52670508760134 57.187947838146655 56.84919058869197 56.51043333923728 56.17167608978259 55.83291884032732 55.494161590872636 55.15540434141795 54.816647091963254 54.47788984250857 54.13913259305388 53.80037534359919 53.62534624644654 53.62534624644654 53.62534624644654 53.62534624644654 53.62534624644654 53.62534624644654 53.62534624644654 53.62534624644654 53.62534624644654 53.62534624644654 53.62534624644654 53.62534624644654 53.49371457871538 53.221365681357206 52.94901678399903 52.67666788664085 52.40431898928267 52.1319700919245 51.85962119456632 51.58727229720768 51.314923399849505 51.04257450249133 50.77022560513315 50.49787670777498
57.51610590517521 57.51610590517521 57.51610590517521 57.51610590517521 57.51610590517521 57.51610590517521 57.51610590517521 57.51610590517521 57.51610590517521 57.3588960603627 57.03362533682427 56.70835461328584 56.38308388974741 56.05781316620898 55.732542442669995 55.407271719131565 55.082000995593134 54.7567302720547 54.43145954851627 54.10618882497784 53.78091810143941 53.61285722255707 53.61285722255707 53.61285722255707 53.61285722255707 53.61285722255707 53.61285722255707 53.61285722255707 53.61285722255707 53.61285722255707 53.61285722255707 53.61285722255707 53.61285722255707 53.478123725714404 53.19935707377733 52.920590421840245 52.64182376990316 52.36305711796608 52.084290466028996 51.80552381409191 51.526757162154354 51.24799051021728 50.969223858280195 50.69045720634311 50.41169055440603
57.51610590517521 57.51610590517521 57.51610590517521 57.51610590517521 57.51610590517521 57.51610590517521 57.51610590517521 57.51610590517521 57.51610590517521 57.3588960603627 57.03362533682427 56.70835461328584 56.38308388974741 56.05781316620898 55.732542442669995 55.407271719131565 55.082000995593134 54.7567302720547 54.43145954851627 54.10618882497784 53.78091810143941 53.61285722255707 53.61285722255707 53.61285722255707 53.61285722255707 53.61285722255707 53.61285722255707 53.61285722255707 53.61285722255707 53.61285722255707 53.61285722255707 53.61285722255707 53.61285722255707 53.478123725714404 53.19935707377733 52.920590421840245 52.64182376990316 52.36305711796608 52.084290466028996 51.80552381409191 51.526757162154354 51.24799051021728 50.969223858280195 50.69045720634311 50.41169055440603
57.51610590517521 57.51610590517521 57.51610590517521 57.51610590517521 57.51610590517521 57.51610590517521 57.51610590517521 57.51610590517521 57.51610590517521 57.3588960603627 57.03362533682427 56.70835461328584 56.38308388974741 56.05781316620898 55.732542442669995 55.407271719131565 55.082000995593134 54.7567302720547 54.43145954851627 54.10618882497784 53.78091810143941 53.61285722255707 53.61285722255707 53.61285722255707 53.61285722255707 53.61285722255707 53.61285722255707 53.61285722255707 53.61285722255707 53.61285722255707 53.61285722255707 53.61285722255707 53.61285722255707 53.478123725714404 53.19935707377733 52.920590421840245 52.64182376990316 52.36305711796608 52.084290466028996 51.80552381409191 51.526757162154354 51.24799051021728 50.969223858280195 50.69045720634311 50.41169055440603
