Figures/CREST_Example_wjb_NSE/Rolling_result/20100722/BJP_forecast/ens_8/wjb.rain.20100725.asc
ncols            288
nrows            254
xllcorner        113.274861
yllcorner        31.4918055
cellsize         0.008333333333
NODATA_value     -9999
[rows 140 to 159 of 254, columns 45 to 89 of 288]
18.20708783939848 18.21359180048 18.220095761561524 18.226599722643048 18.23310368372457 18.239607644806092 18.3472830392669 18.563112982734463 18.778942926201655 18.994772869668846 19.21060281313604 19.426432756603234 19.642262700070425 19.858092643537617 20.073922587004812 20.289752530472004 20.505582473939196 20.721412417406388 21.398418903753797 22.56843353911352 23.73844817447524 24.908462809834965 26.07847744519469 27.248492080554414 28.41850671591414 29.588521351273865 30.75853598663359 31.928550621993317 33.09856525735304 34.268579892712765 34.76931982884362 34.554589981489165 34.33986013413472 34.1251302867799 33.91040043942545 33.695670592071004 33.480940744716555 33.2662108973621 33.05148105000765 32.836751202653204 32.622021355298756 32.4072915079443 32.538663540677256 33.04002630811222 33.54138907554718
16.462573974831184 16.253462378471035 16.044350782110886 15.835239185750739 15.626127589390592 15.417015993030443 15.41426279547382 15.632111390447319 15.849959985420448 16.067808580393574 16.285657175366705 16.50350577033983 16.721354365312962 16.93920296028609 17.15705155525922 17.374900150232346 17.592748745205473 17.810597340178603 18.515469032603807 19.74097942512755 20.966489817653382 22.192000210177127 23.417510602700872 24.643020995224614 25.868531387748355 27.0940417802721 28.319552172795845 29.54506256531959 30.77057295784333 31.996083350367073 32.54178298194948 32.36074954189168 32.179716101833876 31.998682661775764 31.81764922171796 31.636615781660158 31.455582341602355 31.274548901544552 31.09351546148675 30.912482021428946 30.73144858137114 30.550415141313337 30.712115240696743 31.240205242477824 31.7682952442589
14.718060110263888 14.29333295646207 13.86860580266025 13.443878648858432 13.019151495056613 12.594424341254795 12.481242551680738 12.701109798160179 12.920977044639242 13.140844291118306 13.360711537597371 13.580578784076435 13.800446030555499 14.020313277034562 14.240180523513628 14.460047769992691 14.679915016471755 14.899782262950819 15.632519161453821 16.913525311141584 18.194531460831527 19.47553761051929 20.75654376020705 22.037549909894814 23.318556059582576 24.59956220927034 25.8805683589581 27.16157450864586 28.442580658333622 29.72358680802138 30.31424613505535 30.16690910229419 30.019572069533034 29.872235036771627 29.72489800401047 29.577560971249312 29.430223938488155 29.282886905726997 29.135549872965843 28.988212840204685 28.840875807443528 28.69353877468237 28.88556694071623 29.440384176843427 29.99520141297062
12.973546245696593 12.333203534453103 11.692860823209614 11.052518111966124 10.412175400722635 9.771832689479146 9.548222307887658 9.770108205873036 9.991994103858035 10.213880001843036 10.435765899828034 10.657651797813035 10.879537695798035 11.101423593783034 11.323309491768034 11.545195389753033 11.767081287738034 11.988967185723034 12.74956929030383 14.086071197155611 15.42257310400967 16.75907501086145 18.09557691771323 19.43207882456501 20.76858073141679 22.10508263826857 23.441584545120353 24.778086451972133 26.114588358823916 27.451090265675695 28.086709288161213 27.9730686626967 27.859428037232192 27.745787411767488 27.632146786302975 27.518506160838466 27.404865535373958 27.291224909909445 27.177584284444936 27.063943658980424 26.950303033515915 26.836662408051403 27.05901864073572 27.640563111209026 28.222107581682337
11.229032381127809 10.373074112442467 9.517115843757121 8.661157575071778 7.805199306386433 6.949241037701089 6.615202064092075 6.839106613583394 7.063011163074331 7.286915712565269 7.510820262056206 7.734724811547143 7.958629361038081 8.182533910529019 8.406438460019956 8.630343009510893 8.85424755900183 9.078152108492768 9.866619419151386 11.258617083167232 12.650614747185452 14.042612411201299 15.434610075217146 16.82660773923299 18.218605403248837 19.610603067264684 21.00260073128053 22.394598395296377 23.786596059312224 25.17859372332807 25.85917244126518 25.779228223097345 25.69928400492951 25.619339786761536 25.5393955685937 25.459451350425866 25.37950713225803 25.299562914090195 25.21961869592236 25.139674477754525 25.05973025958669 24.979786041418855 25.23247034075365 25.840742045573094 26.44901375039254
10.052645760711288 9.117054502578817 8.181463244446347 7.245871986313876 6.3102807281814055 5.374689470048935 4.99645980734553 5.214062287902927 5.431664768459953 5.6492672490169795 5.866869729574005 6.084472210131032 6.302074690688058 6.519677171245084 6.73727965180211 6.9548821323591365 7.172484612916163 7.390087093473189 8.165592483405753 9.537508694587007 10.909424905770603 12.281341116951857 13.653257328133112 15.025173539314366 16.39708975049562 17.769005961676875 19.140922172858133 20.512838384039387 21.88475459522064 23.256670806401896 23.93810736813545 23.881405575228452 23.824703782321453 23.76800198941436 23.71130019650736 23.654598403600357 23.597896610693358 23.54119481778636 23.48449302487936 23.42779123197236 23.37108943906536 23.314387646158362 23.57341071408549 24.169950796350154 24.766490878614817
9.483551350413997 8.613683895886165 7.743816441358334 6.873948986830504 6.004081532302672 5.134214077774841 4.782597868665055 4.985003954663888 5.187410040662376 5.389816126660865 5.592222212659353 5.794628298657841 5.997034384656329 6.199440470654817 6.401846556653306 6.604252642651794 6.806658728650282 7.00906481464877 7.727966658981986 8.99901414411258 10.270061629245342 11.541109114375935 12.81215659950653 14.083204084637124 15.354251569767719 16.625299054898313 17.896346540028908 19.167394025159503 20.438441510290097 21.709488995420692 22.34464130164508 22.300007286205773 22.255373270766466 22.210739255327084 22.166105239887777 22.12147122444847 22.076837209009163 22.032203193569856 21.987569178130553 21.942935162691246 21.89830114725194 21.85366713181263 22.093385920956845 22.63708428702755 23.18078265309826
8.914456940116702 8.110313289193511 7.306169638270321 6.50202598734713 5.697882336423939 4.8937386855007485 4.568735929984581 4.75594562142485 4.943155312864801 5.130365004304751 5.317574695744701 5.504784387184651 5.691994078624601 5.879203770064552 6.066413461504502 6.253623152944453 6.440832844384403 6.628042535824353 7.290340834558218 8.460519593638152 9.63069835272008 10.800877111800013 11.971055870879946 13.141234629959879 14.311413389039812 15.481592148119745 16.651770907199676 17.82194966627961 18.992128425359546 20.162307184439477 20.7511752351547 20.718608997183086 20.68604275921147 20.653476521239803 20.62091028326819 20.588344045296576 20.55577780732496 20.52321156935335 20.490645331381735 20.45807909341012 20.42551285543851 20.392946617466894 20.613361127828192 21.104217777704942 21.595074427581697
8.34536252981941 7.606942682500859 6.868522835182309 6.130102987863758 5.391683140545207 4.653263293226656 4.354873991304106 4.5268872881858115 4.698900585067224 4.870913881948637 5.042927178830049 5.214940475711461 5.386953772592873 5.558967069474286 5.730980366355698 5.90299366323711 6.075006960118523 6.247020256999935 6.85271501013445 7.922025043163722 8.991335076194819 10.06064510922409 11.129955142253362 12.199265175282635 13.268575208311908 14.33788524134118 15.407195274370453 16.476505307399727 17.545815340428998 18.61512537345827 19.157709168664326 19.137210708160403 19.116712247656483 19.09621378715253 19.075715326648606 19.055216866144686 19.034718405640767 19.014219945136844 18.993721484632925 18.973223024129005 18.952724563625083 18.932226103121163 19.133336334699546 19.57135126838234 20.009366202065138
7.7762681195221175 7.103572075808207 6.430876032094296 5.758179988380385 5.085483944666474 4.412787900952563 4.141012052623632 4.297828954946773 4.4546458572696475 4.611462759592522 4.768279661915397 4.925096564238271 5.081913466561145 5.23873036888402 5.395547271206894 5.552364173529768 5.7091810758526425 5.865997978175517 6.415089185710681 7.383530492689292 8.351971799669556 9.320413106648168 10.28885441362678 11.257295720605391 12.225737027584003 13.194178334562615 14.162619641541227 15.131060948519838 16.09950225549845 17.067943562477062 17.56424310217395 17.55581241913772 17.547381736101492 17.53895105306525 17.530520370029024 17.522089686992793 17.513659003956565 17.505228320920338 17.49679763788411 17.48836695484788 17.479936271811653 17.471505588775425 17.653311541570893 18.03848475905973 18.423657976548572
7.207173709224339 6.600201469115124 5.99322922900591 5.386256988896695 4.7792847487874806 4.1723125086782655 3.927150113942975 4.06877062170754 4.210391129471864 4.352011637236187 4.49363214500051 4.635252652764834 4.776873160529157 4.918493668293481 5.0601141760578034 5.201734683822127 5.343355191586451 5.484975699350774 5.9774633612865395 6.845035942214405 7.71260852314375 8.580181104071615 9.44775368499948 10.315326265927345 11.18289884685521 12.050471427783076 12.91804400871094 13.785616589638806 14.65318917056667 15.520761751494536 15.970777035682215 15.974414130113688 15.978051224545164 15.981688318976644 15.98532541340812 15.988962507839595 15.99259960227107 15.996236696702546 15.99987379113402 16.003510885565497 16.00714797999697 16.010785074428444 16.173286748440983 16.50561824973582 16.83794975103066
6.638079298927046 6.096830862422471 5.555582425917897 5.0143339894133225 4.473085552908748 3.931837116404174 3.7132881752625004 3.8397122884685015 3.9661364016742873 4.0925605148800726 4.218984628085858 4.345408741291643 4.471832854497428 4.598256967703215 4.724681080909 4.851105194114785 4.97752930732057 5.103953420526356 5.5398375368627715 6.306541391739976 7.073245246618487 7.839949101495692 8.606652956372896 9.373356811250101 10.140060666127305 10.906764521004508 11.673468375881713 12.440172230758918 13.206876085636122 13.973579940513325 14.377310969191836 14.393015841091005 14.408720712990172 14.424425584889368 14.440130456788536 14.455835328687703 14.471540200586873 14.48724507248604 14.502949944385207 14.518654816284377 14.534359688183544 14.550064560082713 14.693261955312336 14.972751740413216 15.252241525514098
6.068984888629753 5.593460255729819 5.117935622829885 4.6424109899299495 4.166886357030015 3.691361724130081 3.499426236582026 3.610653955229463 3.721881673876711 3.8331093925239585 3.944337111171206 4.0555648298184535 4.166792548465701 4.278020267112948 4.389247985760196 4.500475704407443 4.611703423054691 4.722931141701938 5.102211712439003 5.768046841265547 6.433881970093227 7.09971709891977 7.765552227746314 8.431387356572857 9.097222485399401 9.763057614225945 10.428892743052488 11.094727871879032 11.760563000705575 12.426398129532119 12.78384490270146 12.811617552068322 12.839390201435183 12.86716285080209 12.894935500168952 12.922708149535813 12.950480798902674 12.978253448269534 13.006026097636395 13.033798747003257 13.061571396370118 13.08934404573698 13.213237162183686 13.439885231090612 13.666533299997536
5.499890478332459 5.090089649037164 4.680288819741871 4.2704879904465765 3.860687161151282 3.4508863318559877 3.285564297901552 3.381595621990425 3.4776269460791345 3.573658270167844 3.6696895942565537 3.7657209183452633 3.8617522424339725 3.957783566522682 4.053814890611392 4.149846214700101 4.245877538788811 4.341908862877521 4.664585888015235 5.229552290791118 5.794518693567965 6.359485096343848 6.92445149911973 7.489417901895614 8.054384304671496 8.61935070744738 9.184317110223262 9.749283512999146 10.314249915775028 10.87921631855091 11.190378836211085 11.230219263045639 11.270059689880192 11.309900116714815 11.349740543549368 11.389580970383921 11.429421397218475 11.46926182405303 11.509102250887583 11.548942677722136 11.58878310455669 11.628623531391243 11.733212369055037 11.907018721768006 12.080825074480975
4.930796068035167 4.586719042344512 4.242642016653858 3.898564990963204 3.5544879652725494 3.210410939581895 3.071702359221077 3.1525372887513865 3.2333722182815583 3.3142071478117296 3.3950420773419014 3.475877006872073 3.5567119364022446 3.637546865932416 3.7183817954625873 3.799216724992759 3.8800516545229304 3.9608865840531022 4.226960063591467 4.691057740316689 5.155155417042703 5.619253093767925 6.083350770493147 6.547448447218369 7.011546123943591 7.475643800668813 7.939741477394035 8.403839154119257 8.86793683084448 9.332034507569702 9.596912769720708 9.648820974022954 9.7007291783252 9.752637382627537 9.804545586929782 9.85645379123203 9.908361995534277 9.960270199836524 10.01217840413877 10.064086608441016 10.115994812743264 10.167903017045509 10.253187575926388 10.3741522124454 10.495116848964413
4.361701657737873 4.0833484356518595 3.804995213565845 3.526641991479831 3.2482887693938167 2.969935547307802 2.8578404205406027 2.923478955512348 2.9891174904839817 3.054756025455615 3.120394560427249 3.1860330953988827 3.251671630370516 3.3173101653421497 3.3829487003137833 3.4485872352854168 3.5142257702570503 3.579864305228684 3.7893342391676987 4.15256318984226 4.5157921405174415 4.879021091192003 5.242250041866564 5.605478992541126 5.968707943215687 6.33193689389025 6.69516584456481 7.058394795239372 7.421623745913934 7.784852696588495 8.003446703230333 8.067422685000272 8.131398666770211 8.19537464854026 8.2593506303102 8.32332661208014 8.387302593850078 8.451278575620018 8.515254557389957 8.579230539159896 8.643206520929835 8.707182502699775 8.773162782797739 8.841285703122795 8.90940862344785
3.7926072474405803 3.5799778289592066 3.367348410477832 3.154718991996458 2.942089573515084 2.72946015503371 2.6439784818601284 2.69442062227331 2.7448627626864055 2.795304903099501 2.845747043512597 2.8961891839256926 2.946631324338788 2.9970734647518835 3.047515605164979 3.097957745578075 3.1483998859911706 3.1988420264042663 3.3517084147439307 3.6140686393678316 3.87642886399218 4.138789088616081 4.401149313239981 4.663509537863882 4.925869762487783 5.188229987111684 5.450590211735584 5.712950436359485 5.975310660983386 6.237670885607287 6.409980636739957 6.486024395977589 6.562068155215221 6.638111914452983 6.714155673690615 6.790199432928247 6.8662431921658795 6.942286951403512 7.018330710641144 7.094374469878776 7.170418229116408 7.24646198835404 7.2931379896690895 7.30841919380019 7.323700397931289
3.521061392617959 3.3421812906373685 3.163301188656778 2.9844210866761873 2.8055409846955963 2.6266608827150058 2.5562411994136776 2.6017681551535325 2.64729511089331 2.692822066633087 2.7383490223728644 2.7838759781126416 2.8294029338524194 2.8749298895921966 2.920456845331974 2.965983801071751 3.0115107568115285 3.057037712551306 3.1779982738402444 3.379599064601515 3.5811998553631295 3.7828006461243997 3.98440143688567 4.186002227646941 4.387603018408211 4.589203809169481 4.790804599930752 4.9924053906920225 5.194006181453293 5.395606972214564 5.541508915963392 5.627867533095677 5.7142261502279625 5.800584767360395 5.886943384492681 5.973302001624966 6.059660618757253 6.146019235889538 6.2323778530218235 6.318736470154109 6.405095087286394 6.49145370441868 6.5268098776994945 6.507643285407818 6.488476693116142
3.567576187201494 3.3882666905649144 3.208957193928334 3.029647697291754 2.850338200655174 2.671028704018594 2.6033232240343125 2.654924960377468 2.7065266967205353 2.758128433063603 2.80973016940667 2.8613319057497377 2.9129336420928054 2.9645353784358726 3.01613711477894 3.067738851122008 3.119340587465075 3.1709423238081427 3.286397362319046 3.47011302422047 3.653828686122208 3.8375443480236315 4.021260009925056 4.20497567182648 4.3886913337279045 4.572406995629329 4.756122657530753 4.9398383194321775 5.123553981333601 5.307269643235026 5.448010449705833 5.542810164206954 5.637609878708076 5.7324095932093595 5.827209307710482 5.922009022211604 6.016808736712726 6.111608451213848 6.20640816571497 6.301207880216092 6.396007594717214 6.4908073092183365 6.523378529004058 6.489426081038141 6.455473633072224
3.6140909817850293 3.43435209049246 3.2546131991998903 3.074874307907321 2.8951354166147514 2.715396525322182 2.6504052486549474 2.708081765601403 2.765758282547761 2.8234347994941187 2.8811113164404762 2.938787833386834 2.9964643503331914 3.054140867279549 3.1118173842259065 3.169493901172264 3.2271704181186216 3.284846935064979 3.394796450797847 3.560626983839425 3.726457516881286 3.892288049922864 4.0581185829644415 4.22394911600602 4.389779649047598 4.5556101820891755 4.721440715130754 4.887271248172332 5.053101781213909 5.218932314255488 5.354511983448273 5.457752795318231 5.560993607188189 5.6642344190583245 5.767475230928283 5.870716042798241 5.9739568546682 6.077197666538158 6.180438478408117 6.283679290278076 6.386920102148034 6.490160914017992 6.51994718030862 6.471208876668464 6.422470573028307
