Figures/CREST_Example_wjb_NSE/Rolling_result/20100722/BJP_forecast/ens_8/wjb.rain.20090807.asc
ncols            288
nrows            254
xllcorner        113.274861
yllcorner        31.4918055
cellsize         0.008333333333
NODATA_value     -9999
[rows 120 to 139 of 254, columns 176 to 219 of 288]
0.151136093507392 0.151136093507392 0.151136093507392 0.151136093507392 0.151136093507392 0.151136093507392 0.151136093507392 0.15129656161365593 0.1516285737561166 0.15196058589857728 0.15229259804103798 0.15262461018349865 0.15295662232595933 0.15328863446842 0.1536206466108807 0.15395265875334138 0.15428467089580206 0.15461668303826273 0.15494869518072343 0.158413184593871 0.16522636308831784 0.1720395415827647 0.17885272007721154 0.18566589857165836 0.1924790770661052 0.19929225556055205 0.20610543405499887 0.21291861254944572 0.21973179104389257 0.2265449695383394 0.23335814803278626 0.23687838115371893 0.23687838115371893 0.23687838115371893 0.23687838115371893 0.23687838115371893 0.23687838115371893 0.23687838115371893 0.23687838115371893 0.23687838115371893 0.23687838115371893 0.23687838115371893 0.23687838115371893 0.24974614704884301
0.1492064511869517 0.1492064511869517 0.1492064511869517 0.1492064511869517 0.1492064511869517 0.1492064511869517 0.1492064511869517 0.1494190370257897 0.14985888193611296 0.15029872684643625 0.1507385717567595 0.1511784166670828 0.15161826157740604 0.15205810648772933 0.15249795139805258 0.15293779630837587 0.15337764121869912 0.1538174861290224 0.15425733103934566 0.15805739100526142 0.16544959689759015 0.17284180278991887 0.18023400868224757 0.1876262145745763 0.195018420466905 0.2024106263592337 0.20980283225156243 0.21719503814389113 0.22458724403621988 0.23197944992854858 0.23937165582087727 0.24319106082254266 0.24319106082254266 0.24319106082254266 0.24319106082254266 0.24319106082254266 0.24319106082254266 0.24319106082254266 0.24319106082254266 0.24319106082254266 0.24319106082254266 0.24319106082254266 0.24319106082254266 0.25670295420009237
0.1466791496768781 0.1466791496768781 0.1466791496768781 0.1466791496768781 0.1466791496768781 0.1466791496768781 0.1466791496768781 0.14693136588127917 0.14745320691459185 0.14797504794790456 0.14849688898121724 0.14901873001452995 0.14954057104784263 0.15006241208115534 0.15058425311446802 0.15110609414778073 0.1516279351810934 0.15214977621440612 0.1526716172477188 0.15695626067473567 0.16526342500199825 0.17357058932926084 0.18187775365652342 0.190184917983786 0.1984920823110486 0.20679924663831117 0.21510641096557376 0.22341357529283634 0.23172073962009893 0.2400279039473615 0.2483350682746241 0.2526272140080281 0.2526272140080281 0.2526272140080281 0.2526272140080281 0.2526272140080281 0.2526272140080281 0.2526272140080281 0.2526272140080281 0.2526272140080281 0.2526272140080281 0.2526272140080281 0.2526272140080281 0.2680545904280821
0.14415184816680449 0.14415184816680449 0.14415184816680449 0.14415184816680449 0.14415184816680449 0.14415184816680449 0.14415184816680449 0.14444369473676863 0.14504753189307076 0.14565136904937287 0.14625520620567498 0.1468590433619771 0.14746288051827922 0.14806671767458132 0.14867055483088346 0.14927439198718556 0.14987822914348767 0.1504820662997898 0.1510859034560919 0.15585513034420992 0.16507725310640636 0.1742993758686028 0.18352149863079925 0.19274362139299572 0.20196574415519217 0.2111878669173886 0.22040998967958508 0.22963211244178153 0.23885423520397797 0.24807635796617444 0.2572984807283709 0.2620633671935136 0.2620633671935136 0.2620633671935136 0.2620633671935136 0.2620633671935136 0.2620633671935136 0.2620633671935136 0.2620633671935136 0.2620633671935136 0.2620633671935136 0.2620633671935136 0.2620633671935136 0.2794062266560718
0.14162454665672872 0.14162454665672872 0.14162454665672872 0.14162454665672872 0.14162454665672872 0.14162454665672872 0.14162454665672872 0.14195602359225598 0.1426418568715476 0.1433276901508392 0.14401352343013082 0.1446993567094224 0.14538518998871403 0.14607102326800564 0.14675685654729725 0.14744268982658887 0.14812852310588048 0.1488143563851721 0.14950018966446368 0.15475400001368322 0.16489108121081433 0.17502816240794544 0.18516524360507652 0.19530232480220763 0.20543940599933874 0.21557648719646982 0.22571356839360093 0.23585064959073204 0.24598773078786312 0.25612481198499426 0.26626189318212534 0.2714995203790071 0.2714995203790071 0.2714995203790071 0.2714995203790071 0.2714995203790071 0.2714995203790071 0.2714995203790071 0.2714995203790071 0.2714995203790071 0.2714995203790071 0.2714995203790071 0.2714995203790071 0.2907578628840712
0.1390972451466551 0.1390972451466551 0.1390972451466551 0.1390972451466551 0.1390972451466551 0.1390972451466551 0.1390972451466551 0.13946835244774547 0.14023618185002648 0.14100401125230752 0.14177184065458856 0.14253967005686957 0.1433074994591506 0.14407532886143165 0.14484315826371266 0.1456109876659937 0.14637881706827474 0.14714664647055575 0.1479144758728368 0.15365286968315747 0.16470490931522244 0.1757569489472874 0.18680898857935238 0.19786102821141735 0.20891306784348232 0.2199651074755473 0.23101714710761226 0.24206918673967723 0.25312122637174217 0.2641732660038072 0.2752253056358721 0.28093567356449256 0.28093567356449256 0.28093567356449256 0.28093567356449256 0.28093567356449256 0.28093567356449256 0.28093567356449256 0.28093567356449256 0.28093567356449256 0.28093567356449256 0.28093567356449256 0.28093567356449256 0.30210949911206086
0.1365699436365815 0.1365699436365815 0.1365699436365815 0.1365699436365815 0.1365699436365815 0.1365699436365815 0.1365699436365815 0.13698068130323493 0.1378305068285054 0.13868033235377583 0.1395301578790463 0.14037998340431676 0.1412298089295872 0.14207963445485766 0.1429294599801281 0.14377928550539856 0.14462911103066903 0.14547893655593946 0.14632876208120993 0.15255173935263172 0.16451873741963055 0.17648573548662938 0.18845273355362824 0.20041973162062707 0.2123867296876259 0.22435372775462475 0.23632072582162358 0.2482877238886224 0.26025472195562127 0.27222172002262013 0.28418871808961893 0.290371826749978 0.290371826749978 0.290371826749978 0.290371826749978 0.290371826749978 0.290371826749978 0.290371826749978 0.290371826749978 0.290371826749978 0.290371826749978 0.290371826749978 0.290371826749978 0.3134611353400506
0.1340426421265079 0.1340426421265079 0.1340426421265079 0.1340426421265079 0.1340426421265079 0.1340426421265079 0.1340426421265079 0.1344930101587244 0.13542483180698428 0.13635665345524414 0.13728847510350403 0.1382202967517639 0.13915211840002378 0.14008394004828364 0.14101576169654353 0.1419475833448034 0.14287940499306329 0.14381122664132315 0.14474304828958304 0.15145060902210594 0.16433256552403863 0.17721452202597135 0.19009647852790407 0.20297843502983676 0.21586039153176947 0.2287423480337022 0.24162430453563488 0.25450626103756757 0.2673882175395003 0.280270174041433 0.29315213054336575 0.2998079799354635 0.2998079799354635 0.2998079799354635 0.2998079799354635 0.2998079799354635 0.2998079799354635 0.2998079799354635 0.2998079799354635 0.2998079799354635 0.2998079799354635 0.2998079799354635 0.2998079799354635 0.3248127715680403
0.13151534061643427 0.13151534061643427 0.13151534061643427 0.13151534061643427 0.13151534061643427 0.13151534061643427 0.13151534061643427 0.13200533901421385 0.13301915678546317 0.13403297455671245 0.13504679232796177 0.13606061009921105 0.13707442787046037 0.13808824564170966 0.13910206341295897 0.14011588118420826 0.14112969895545757 0.14214351672670686 0.14315733449795617 0.1503494786915802 0.16414639362844677 0.17794330856531335 0.19174022350217995 0.20553713843904653 0.2193340533759131 0.23313096831277969 0.24692788324964626 0.26072479818651284 0.2745217131233794 0.288318628060246 0.30211554299711263 0.309244133120949 0.309244133120949 0.309244133120949 0.309244133120949 0.309244133120949 0.309244133120949 0.309244133120949 0.309244133120949 0.309244133120949 0.309244133120949 0.309244133120949 0.309244133120949 0.33616440779603
0.12898803910636067 0.12898803910636067 0.12898803910636067 0.12898803910636067 0.12898803910636067 0.12898803910636067 0.12898803910636067 0.1295176678697033 0.13061348176394205 0.13170929565818076 0.1328051095524195 0.13390092344665822 0.13499673734089696 0.13609255123513567 0.1371883651293744 0.13828417902361312 0.13937999291785186 0.14047580681209057 0.14157162070632928 0.14924834836105444 0.1639602217328549 0.17867209510465534 0.19338396847645578 0.20809584184825625 0.22280771522005668 0.23751958859185712 0.2522314619636576 0.26694333533545805 0.28165520870725846 0.29636708207905893 0.3110789554508594 0.31868028630643447 0.31868028630643447 0.31868028630643447 0.31868028630643447 0.31868028630643447 0.31868028630643447 0.31868028630643447 0.31868028630643447 0.31868028630643447 0.31868028630643447 0.31868028630643447 0.31868028630643447 0.34751604402401975
0.12646073759628707 0.12646073759628707 0.12646073759628707 0.12646073759628707 0.12646073759628707 0.12646073759628707 0.12646073759628707 0.1270299967251928 0.12820780674242094 0.1293856167596491 0.13056342677687724 0.13174123679410538 0.13291904681133354 0.13409685682856168 0.13527466684578981 0.13645247686301795 0.13763028688024612 0.13880809689747425 0.1399859069147024 0.14814721803052866 0.16377404983726299 0.1794008816439973 0.1950277134507316 0.21065454525746596 0.22628137706420026 0.2419082088709346 0.2575350406776689 0.2731618724844032 0.28878870429113757 0.30441553609787186 0.32004236790460616 0.32811643949191993 0.32811643949191993 0.32811643949191993 0.32811643949191993 0.32811643949191993 0.32811643949191993 0.32811643949191993 0.32811643949191993 0.32811643949191993 0.32811643949191993 0.32811643949191993 0.32811643949191993 0.35886768025200944
0.12393343608621131 0.12393343608621131 0.12393343608621131 0.12393343608621131 0.12393343608621131 0.12393343608621131 0.12393343608621131 0.12454232558068015 0.1258021317208978 0.12706193786111544 0.12832174400133306 0.1295815501415507 0.13084135628176835 0.132101162421986 0.13336096856220364 0.1346207747024213 0.1358805808426389 0.13714038698285655 0.1384001931230742 0.147046087700002 0.16358787794167096 0.18012966818333992 0.19667145842500888 0.21321324866667785 0.22975503890834684 0.2462968291500158 0.26283861939168474 0.27938040963335375 0.29592219987502266 0.3124639901166917 0.32900578035836064 0.33755259267741344 0.33755259267741344 0.33755259267741344 0.33755259267741344 0.33755259267741344 0.33755259267741344 0.33755259267741344 0.33755259267741344 0.33755259267741344 0.33755259267741344 0.33755259267741344 0.33755259267741344 0.37021931648000883
0.12140613457613769 0.12140613457613769 0.12140613457613769 0.12140613457613769 0.12140613457613769 0.12140613457613769 0.12140613457613769 0.12205465443616961 0.12339645669937668 0.12473825896258374 0.1260800612257908 0.12742186348899787 0.12876366575220494 0.13010546801541198 0.13144727027861905 0.13278907254182612 0.13413087480503316 0.13547267706824023 0.1368144793314473 0.1459449573694762 0.16340170604607906 0.1808584547226819 0.19831520339928474 0.21577195207588756 0.23322870075249041 0.2506854494290932 0.26814219810569606 0.2855989467822989 0.30305569545890176 0.3205124441355046 0.33796919281210747 0.3469887458628989 0.3469887458628989 0.3469887458628989 0.3469887458628989 0.3469887458628989 0.3469887458628989 0.3469887458628989 0.3469887458628989 0.3469887458628989 0.3469887458628989 0.3469887458628989 0.3469887458628989 0.3815709527079985
0.11526293584350857 0.11526293584350857 0.11526293584350857 0.11526293584350857 0.11526293584350857 0.11526293584350857 0.11526293584350857 0.11590498511268382 0.11723339957701093 0.11856181404133803 0.11989022850566515 0.12121864296999225 0.12254705743431936 0.12387547189864648 0.12520388636297358 0.1265323008273007 0.1278607152916278 0.1291891297559549 0.130517544220282 0.13997679083565262 0.15812808099779121 0.17627937115992978 0.19443066132206838 0.21258195148420694 0.2307332416463455 0.2488845318084841 0.2670358219706227 0.28518711213276127 0.30333840229489983 0.3214896924570384 0.339640982619177 0.3490193913704668 0.3490193913704668 0.3490193913704668 0.3490193913704668 0.3490193913704668 0.3490193913704668 0.3490193913704668 0.3490193913704668 0.3490193913704668 0.3490193913704668 0.3490193913704668 0.3490193913704668 0.38492983954147225
0.10525457092806258 0.10525457092806258 0.10525457092806258 0.10525457092806258 0.10525457092806258 0.10525457092806258 0.10525457092806258 0.10584087059019741 0.10705393785621965 0.10826700512224188 0.10948007238826413 0.11069313965428637 0.1119062069203086 0.11311927418633085 0.11433234145235309 0.11554540871837532 0.11675847598439756 0.11797154325041981 0.11918461051644205 0.12880606942106915 0.14741628924503924 0.16602650906900937 0.1846367288929795 0.2032469487169496 0.2218571685409197 0.24046738836488982 0.25907760818885994 0.27768782801283004 0.29629804783680014 0.3149082676607703 0.33351848748474033 0.3431340160175058 0.3431340160175058 0.3431340160175058 0.3431340160175058 0.3431340160175058 0.3431340160175058 0.3431340160175058 0.3431340160175058 0.3431340160175058 0.3431340160175058 0.3431340160175058 0.3431340160175058 0.37974498113940536
0.0952462060126166 0.0952462060126166 0.0952462060126166 0.0952462060126166 0.0952462060126166 0.0952462060126166 0.0952462060126166 0.09577675606771101 0.09687447613542838 0.09797219620314575 0.09906991627086312 0.10016763633858049 0.10126535640629787 0.10236307647401524 0.10346079654173261 0.10455851660944998 0.10565623667716735 0.10675395674488472 0.10785167681260209 0.11763534800648567 0.1367044974922873 0.15577364697808896 0.17484279646389062 0.19391194594969224 0.21298109543549387 0.23205024492129553 0.2511193944070972 0.2701885438928988 0.28925769337870044 0.3083268428645021 0.32739599235030376 0.3372486406645448 0.3372486406645448 0.3372486406645448 0.3372486406645448 0.3372486406645448 0.3372486406645448 0.3372486406645448 0.3372486406645448 0.3372486406645448 0.3372486406645448 0.3372486406645448 0.3372486406645448 0.3745601227373384
0.08523784109717061 0.08523784109717061 0.08523784109717061 0.08523784109717061 0.08523784109717061 0.08523784109717061 0.08523784109717061 0.0857126415452246 0.0866950144146371 0.0876773872840496 0.08865976015346211 0.08964213302287462 0.09062450589228711 0.09160687876169962 0.09258925163111212 0.09357162450052463 0.09455399736993714 0.09553637023934963 0.09651874310876214 0.10646462659190219 0.12599270573953536 0.14552078488716855 0.16504886403480173 0.1845769431824349 0.20410502233006805 0.22363310147770124 0.24316118062533443 0.2626892597729676 0.28221733892060075 0.30174541806823396 0.3212734972158671 0.33136326531158383 0.33136326531158383 0.33136326531158383 0.33136326531158383 0.33136326531158383 0.33136326531158383 0.33136326531158383 0.33136326531158383 0.33136326531158383 0.33136326531158383 0.33136326531158383 0.33136326531158383 0.3693752643352715
0.07522947618171609 0.07522947618171609 0.07522947618171609 0.07522947618171609 0.07522947618171609 0.07522947618171609 0.07522947618171609 0.07564852702272959 0.07651555269383714 0.07738257836494468 0.07824960403605222 0.07911662970715976 0.0799836553782673 0.08085068104937483 0.08171770672048237 0.08258473239158991 0.08345175806269745 0.084318783733805 0.08518580940491254 0.0952939051773092 0.11528091398677429 0.1352679227962394 0.15525493160570447 0.17524194041516958 0.19522894922463468 0.21521595803409976 0.23520296684356484 0.25518997565303 0.27517698446249506 0.29516399327196013 0.31515100208142527 0.3254778899586178 0.3254778899586178 0.3254778899586178 0.3254778899586178 0.3254778899586178 0.3254778899586178 0.3254778899586178 0.3254778899586178 0.3254778899586178 0.3254778899586178 0.3254778899586178 0.3254778899586178 0.3641904059332002
0.0652211112662701 0.0652211112662701 0.0652211112662701 0.0652211112662701 0.0652211112662701 0.0652211112662701 0.0652211112662701 0.06558441250024319 0.06633609097304585 0.06708776944584853 0.0678394479186512 0.06859112639145387 0.06934280486425655 0.07009448333705921 0.07084616180986189 0.07159784028266455 0.07234951875546723 0.07310119722826991 0.07385287570107257 0.08412318376272572 0.10456912223402234 0.12501506070531898 0.14546099917661562 0.16590693764791226 0.18635287611920887 0.2067988145905055 0.22724475306180214 0.24769069153309878 0.2681366300043954 0.288582568475692 0.3090285069469887 0.31959251460565685 0.31959251460565685 0.31959251460565685 0.31959251460565685 0.31959251460565685 0.31959251460565685 0.31959251460565685 0.31959251460565685 0.31959251460565685 0.31959251460565685 0.31959251460565685 0.31959251460565685 0.3590055475311333
0.05521274635082412 0.05521274635082412 0.05521274635082412 0.05521274635082412 0.05521274635082412 0.05521274635082412 0.05521274635082412 0.055520297977756775 0.05615662925225458 0.05679296052675238 0.05742929180125019 0.058065623075747995 0.0587019543502458 0.0593382856247436 0.059974616899241405 0.060610948173739215 0.06124727944823702 0.06188361072273482 0.06251994199723263 0.07295246234814223 0.0938573304812704 0.11476219861439857 0.1356670667475267 0.15657193488065488 0.17747680301378305 0.1983816711469112 0.21928653928003938 0.24019140741316752 0.26109627554629566 0.28200114367942386 0.302906011812552 0.31370713925269583 0.31370713925269583 0.31370713925269583 0.31370713925269583 0.31370713925269583 0.31370713925269583 0.31370713925269583 0.31370713925269583 0.31370713925269583 0.31370713925269583 0.31370713925269583 0.31370713925269583 0.3538206891290664
