Figures/CREST_Example_wjb_NSE/Rolling_result/20100722/BJP_forecast/ens_8/wjb.rain.20091226.asc
ncols            288
nrows            254
xllcorner        113.274861
yllcorner        31.4918055
cellsize         0.008333333333
NODATA_value     -9999
[rows 138 to 160 of 254, columns 104 to 155 of 288]
0.2800528876932846 0.2830242624540406 0.28599563721479665 0.28896701197555263 0.2919383867363087 0.2949097614970647 0.2978811362578207 0.29941638618240385 0.29941638618240385 0.29941638618240385 0.29941638618240385 0.29941638618240385 0.29941638618240385 0.29941638618240385 0.29941638618240385 0.29941638618240385 0.29941638618240385 0.29941638618240385 0.29941638618240385 0.29511356264347777 0.2862109234339929 0.27730828422450804 0.2684056450150231 0.25950300580553826 0.25060036659605334 0.24169772738656847 0.2327950881770684 0.22389244896758348 0.21498980975809862 0.20608717054861372 0.19718453133912883 0.19171453829733223 0.1899141216444302 0.18811370499152813 0.1863132883386261 0.18451287168572403 0.182712455032822 0.18091203837991993 0.1791116217270179 0.17731120507411277 0.1755107884212107 0.17371037176830867 0.1719099551154066 0.17097971582859833 0.17097971582859833 0.17097971582859833 0.17097971582859833 0.17097971582859833 0.17097971582859833 0.17097971582859833 0.17097971582859833 0.17097971582859833
0.3176083673011859 0.31953301701768866 0.3214576667341914 0.3233823164506941 0.32530696616719684 0.3272316158836996 0.3291562656002023 0.3301506936242722 0.3301506936242722 0.3301506936242722 0.3301506936242722 0.3301506936242722 0.3301506936242722 0.3301506936242722 0.3301506936242722 0.3301506936242722 0.3301506936242722 0.3301506936242722 0.3301506936242722 0.3239088591299436 0.31099436240340705 0.2980798656768705 0.28516536895033395 0.2722508722237974 0.25933637549726085 0.24642187877072433 0.23350738204416577 0.22059288531762922 0.20767838859109267 0.19476389186455612 0.18184939513801957 0.17437683611520904 0.1727218315771581 0.17106682703910714 0.1694118225010562 0.16775681796300526 0.1661018134249543 0.16444680888690336 0.1627918043488524 0.16113679981079865 0.1594817952727477 0.15782679073469674 0.1561717861966458 0.15531667844219385 0.15531667844219385 0.15531667844219385 0.15531667844219385 0.15531667844219385 0.15531667844219385 0.15531667844219385 0.15531667844219385 0.15531667844219385
0.3551638469090873 0.35604177158133676 0.3569196962535862 0.3577976209258356 0.35867554559808507 0.3595534702703345 0.3604313949425839 0.3608850010661406 0.3608850010661406 0.3608850010661406 0.3608850010661406 0.3608850010661406 0.3608850010661406 0.3608850010661406 0.3608850010661406 0.3608850010661406 0.3608850010661406 0.3608850010661406 0.3608850010661406 0.35270415561640944 0.33577780137282126 0.318851447129233 0.30192509288564484 0.2849987386420566 0.2680723843984684 0.25114603015488024 0.23421967591126314 0.21729332166767493 0.20036696742408672 0.1834406131804985 0.16651425893691033 0.15703913393308583 0.155529541509886 0.15401994908668615 0.1525103566634863 0.15100076424028647 0.1494911718170866 0.14798157939388676 0.14647198697068692 0.1449623945474845 0.14345280212428466 0.14194320970108482 0.14043361727788498 0.13965364105578934 0.13965364105578934 0.13965364105578934 0.13965364105578934 0.13965364105578934 0.13965364105578934 0.13965364105578934 0.13965364105578934 0.13965364105578934
0.3927193265169887 0.3925505261449848 0.39238172577298097 0.3922129254009771 0.39204412502897323 0.3918753246569694 0.3917065242849655 0.3916193085080089 0.3916193085080089 0.3916193085080089 0.3916193085080089 0.3916193085080089 0.3916193085080089 0.3916193085080089 0.3916193085080089 0.3916193085080089 0.3916193085080089 0.3916193085080089 0.3916193085080089 0.3814994521028753 0.3605612403422354 0.33962302858159554 0.3186848168209557 0.2977466050603158 0.276808393299676 0.25587018153903607 0.23493196977836053 0.2139937580177207 0.19305554625708082 0.17211733449644095 0.15117912273580109 0.13970143175096267 0.1383372514426139 0.13697307113426516 0.13560889082591643 0.13424471051756767 0.13288053020921894 0.1315163499008702 0.13015216959252146 0.12878798928417037 0.12742380897582165 0.1260596286674729 0.12469544835912416 0.12399060366938484 0.12399060366938484 0.12399060366938484 0.12399060366938484 0.12399060366938484 0.12399060366938484 0.12399060366938484 0.12399060366938484 0.12399060366938484
0.43027480612489005 0.4290592807086329 0.4278437552923757 0.4266282298761186 0.42541270445986146 0.42419717904360427 0.42298165362734713 0.4223536159498773 0.4223536159498773 0.4223536159498773 0.4223536159498773 0.4223536159498773 0.4223536159498773 0.4223536159498773 0.4223536159498773 0.4223536159498773 0.4223536159498773 0.4223536159498773 0.4223536159498773 0.4102947485893411 0.3853446793116496 0.3603946100339581 0.33544454075626656 0.31049447147857506 0.2855444022008835 0.260594332923192 0.23564426364545793 0.21069419436776643 0.1857441250900749 0.16079405581238337 0.13584398653469187 0.12236372956883948 0.12114496137534184 0.11992619318184419 0.11870742498834655 0.1174886567948489 0.11626988860135126 0.11505112040785362 0.11383235221435598 0.11261358402085626 0.11139481582735862 0.11017604763386098 0.10895727944036333 0.10832756628298035 0.10832756628298035 0.10832756628298035 0.10832756628298035 0.10832756628298035 0.10832756628298035 0.10832756628298035 0.10832756628298035 0.10832756628298035
0.4678302857327914 0.46556803527228097 0.4633057848117705 0.46104353435126005 0.4587812838907496 0.45651903343023914 0.4542567829697287 0.45308792339174564 0.45308792339174564 0.45308792339174564 0.45308792339174564 0.45308792339174564 0.45308792339174564 0.45308792339174564 0.45308792339174564 0.45308792339174564 0.45308792339174564 0.45308792339174564 0.45308792339174564 0.43909004507580696 0.41012811828106377 0.3811661914863206 0.3522042646915774 0.3232423378968342 0.294280411102091 0.26531848430734783 0.2363565575125553 0.20739463071781214 0.17843270392306898 0.1494707771283258 0.1205088503335826 0.10502602738671628 0.10395267130806973 0.1028793152294232 0.10180595915077666 0.10073260307213011 0.09965924699348358 0.09858589091483703 0.09751253483619049 0.09643917875754213 0.09536582267889558 0.09429246660024904 0.0932191105216025 0.09266452889657584 0.09266452889657584 0.09266452889657584 0.09266452889657584 0.09266452889657584 0.09266452889657584 0.09266452889657584 0.09266452889657584 0.09266452889657584
0.5053857653407248 0.5020767898359602 0.4987678143311955 0.4954588388264309 0.4921498633216662 0.4888408878169016 0.48553191231213694 0.4838222308336402 0.4838222308336402 0.4838222308336402 0.4838222308336402 0.4838222308336402 0.4838222308336402 0.4838222308336402 0.4838222308336402 0.4838222308336402 0.4838222308336402 0.4838222308336402 0.4838222308336402 0.4678853415622973 0.434911557250499 0.4019377729387008 0.36896398862690255 0.3359902043151043 0.3030164200033061 0.27004263569150777 0.23706885137965333 0.20409506706785507 0.17112128275605681 0.13814749844425855 0.10517371413246035 0.08768832520457831 0.086760381240783 0.08583243727698768 0.08490449331319237 0.08397654934939705 0.08304860538560174 0.08212066142180642 0.08119271745801111 0.08026477349421421 0.0793368295304189 0.07840888556662358 0.07748094160282827 0.07700149151015799 0.07700149151015799 0.07700149151015799 0.07700149151015799 0.07700149151015799 0.07700149151015799 0.07700149151015799 0.07700149151015799 0.07700149151015799
0.5123034918865886 0.5088664047789261 0.5054293176712636 0.5019922305636011 0.4985551434559386 0.4951180563482761 0.4916809692406136 0.4899050950585626 0.4899050950585626 0.4899050950585626 0.4899050950585626 0.4899050950585626 0.4899050950585626 0.4899050950585626 0.4899050950585626 0.4899050950585626 0.4899050950585626 0.4899050950585626 0.4899050950585626 0.4732991094389018 0.43894094965096087 0.40458278986302 0.3702246300750791 0.33586647028713823 0.3015083104991973 0.2671501507112564 0.23279199092325692 0.19843383113531604 0.1640756713473751 0.12971751155943423 0.09535935177149335 0.07714505553681808 0.07618891456388781 0.07523277359095754 0.07427663261802726 0.07332049164509698 0.0723643506721667 0.07140820969923643 0.07045206872630616 0.06949592775337425 0.06853978678044398 0.06758364580751369 0.06662750483458342 0.06613348591106749 0.06613348591106749 0.06613348591106749 0.06613348591106749 0.06613348591106749 0.06613348591106749 0.06613348591106749 0.06613348591106749 0.06613348591106749
0.48647139176652 0.48388813291677346 0.48130487406702693 0.47872161521728035 0.4761383563675338 0.4735550975177873 0.4709718386680407 0.46963712047408157 0.46963712047408157 0.46963712047408157 0.46963712047408157 0.46963712047408157 0.46963712047408157 0.46963712047408157 0.46963712047408157 0.46963712047408157 0.46963712047408157 0.46963712047408157 0.46963712047408157 0.4537194971675896 0.4207855745727635 0.3878516519779375 0.3549177293831114 0.3219838067882853 0.2890498841934593 0.25611596159863326 0.223182039003751 0.19024811640892497 0.1573141938140989 0.12438027121927281 0.09144634862444678 0.0738646059162133 0.07269469072466227 0.07152477553311122 0.07035486034156019 0.06918494515000916 0.06801502995845811 0.06684511476690708 0.06567519957535604 0.06450528438380301 0.06333536919225197 0.062165454000700934 0.060995538809149895 0.06039106702109995 0.06039106702109995 0.06039106702109995 0.06039106702109995 0.06039106702109995 0.06039106702109995 0.06039106702109995 0.06039106702109995 0.06039106702109995
0.4606392916464513 0.4589098610546207 0.45718043046279017 0.4554509998709596 0.453721569279129 0.45199213868729843 0.45026270809546787 0.44936914588960053 0.44936914588960053 0.44936914588960053 0.44936914588960053 0.44936914588960053 0.44936914588960053 0.44936914588960053 0.44936914588960053 0.44936914588960053 0.44936914588960053 0.44936914588960053 0.44936914588960053 0.43413988489627736 0.40263019949456613 0.3711205140928549 0.3396108286911437 0.3081011432894325 0.27659145788772127 0.24508177248601007 0.2135720870842451 0.1820624016825339 0.15055271628082267 0.11904303087911144 0.08753334547740027 0.07058415629560852 0.06920046688543671 0.06781677747526492 0.06643308806509311 0.06504939865492132 0.06366570924474953 0.06228201983457772 0.06089833042440593 0.05951464101423177 0.05813095160405997 0.05674726219388817 0.05536357278371637 0.05464864813113241 0.05464864813113241 0.05464864813113241 0.05464864813113241 0.05464864813113241 0.05464864813113241 0.05464864813113241 0.05464864813113241 0.05464864813113241
0.4348071915263826 0.433931589192468 0.4330559868585534 0.4321803845246388 0.4313047821907242 0.43042917985680956 0.42955357752289497 0.4291011713051195 0.4291011713051195 0.4291011713051195 0.4291011713051195 0.4291011713051195 0.4291011713051195 0.4291011713051195 0.4291011713051195 0.4291011713051195 0.4291011713051195 0.4291011713051195 0.4291011713051195 0.41456027262496514 0.38447482441636877 0.3543893762077724 0.324303927999176 0.2942184797905797 0.2641330315819833 0.23404758337338694 0.20396213516473927 0.1738766869561429 0.1437912387475465 0.11370579053895014 0.08362034233035376 0.06730370667500372 0.06570624304621117 0.0641087794174186 0.06251131578862605 0.06091385215983349 0.05931638853104093 0.05771892490224837 0.05612146127345581 0.054523997644660524 0.052926534015867964 0.051329070387075404 0.049731606758282844 0.04890622924116487 0.04890622924116487 0.04890622924116487 0.04890622924116487 0.04890622924116487 0.04890622924116487 0.04890622924116487 0.04890622924116487 0.04890622924116487
0.4089750914063139 0.40895331733031526 0.40893154325431663 0.408909769178318 0.4088879951023194 0.40886622102632075 0.4088444469503221 0.40883319672063845 0.40883319672063845 0.40883319672063845 0.40883319672063845 0.40883319672063845 0.40883319672063845 0.40883319672063845 0.40883319672063845 0.40883319672063845 0.40883319672063845 0.40883319672063845 0.40883319672063845 0.3949806603536529 0.3663194493381714 0.3376582383226899 0.30899702730720835 0.2803358162917268 0.2516746052762453 0.22301339426076378 0.19435218324523337 0.16569097222975185 0.1370297612142703 0.10836855019878877 0.07970733918330725 0.06402325705439893 0.06221201920698561 0.06040078135957229 0.05858954351215897 0.05677830566474565 0.054967067817332335 0.05315582996991901 0.051344592122505694 0.049533354275089286 0.04772211642767596 0.045910878580262646 0.04409964073284932 0.04316381035119733 0.04316381035119733 0.04316381035119733 0.04316381035119733 0.04316381035119733 0.04316381035119733 0.04316381035119733 0.04316381035119733 0.04316381035119733
0.38314299128622314 0.3839750454681412 0.3848070996500593 0.3856391538319774 0.38647120801389545 0.3873032621958135 0.3881353163777316 0.3885652221361401 0.3885652221361401 0.3885652221361401 0.3885652221361401 0.3885652221361401 0.3885652221361401 0.3885652221361401 0.3885652221361401 0.3885652221361401 0.3885652221361401 0.3885652221361401 0.3885652221361401 0.375401048082324 0.3481640742599585 0.32092710043759304 0.2936901266152276 0.2664531527928621 0.23921617897049663 0.21197920514813115 0.18474223132571924 0.15750525750335378 0.1302682836809883 0.10303130985862285 0.07579433603625735 0.06074280743379135 0.058717795367757085 0.056692783301722824 0.05466777123568856 0.052642759169654295 0.050617747103620034 0.048592735037585766 0.046567722971551505 0.04454271090551379 0.04251769883947952 0.04049268677344526 0.038467674707411 0.0374213914612249 0.0374213914612249 0.0374213914612249 0.0374213914612249 0.0374213914612249 0.0374213914612249 0.0374213914612249 0.0374213914612249 0.0374213914612249
0.35731089116615444 0.35899677360598853 0.36068265604582256 0.3623685384856566 0.3640544209254906 0.36574030336532465 0.3674261858051587 0.36829724755165905 0.36829724755165905 0.36829724755165905 0.36829724755165905 0.36829724755165905 0.36829724755165905 0.36829724755165905 0.36829724755165905 0.36829724755165905 0.36829724755165905 0.36829724755165905 0.36829724755165905 0.3558214358110118 0.3300086991817611 0.3041959625525105 0.27838322592325987 0.25257048929400927 0.22675775266475862 0.200945016035508 0.17513227940621337 0.14931954277696272 0.12350680614771209 0.09769406951846149 0.07188133288921084 0.057462357813186565 0.055223571528531544 0.052984785243876516 0.050745998959221494 0.048507212674566466 0.046268426389911445 0.044029640105256417 0.041790853820601395 0.03955206753594255 0.03731328125128752 0.0350744949666325 0.03283570868197748 0.03167897257125736 0.03167897257125736 0.03167897257125736 0.03167897257125736 0.03167897257125736 0.03167897257125736 0.03167897257125736 0.03167897257125736 0.03167897257125736
0.3314787910460858 0.3340185017438358 0.3365582124415858 0.3390979231393358 0.3416376338370858 0.34417734453483584 0.34671705523258584 0.348029272967178 0.348029272967178 0.348029272967178 0.348029272967178 0.348029272967178 0.348029272967178 0.348029272967178 0.348029272967178 0.348029272967178 0.348029272967178 0.348029272967178 0.348029272967178 0.33624182353969956 0.31185332410356376 0.28746482466742795 0.2630763252312922 0.2386878257951564 0.21429932635902063 0.18991082692288486 0.16552232748670748 0.14113382805057167 0.1167453286144359 0.09235682917830013 0.06796832974216432 0.05418190819258178 0.05172934768930599 0.0492767871860302 0.04682422668275442 0.04437166617947863 0.04191910567620284 0.03946654517292705 0.03701398466965127 0.0345614241663713 0.03210886366309552 0.02965630315981973 0.027203742656543944 0.025936553681289817 0.025936553681289817 0.025936553681289817 0.025936553681289817 0.025936553681289817 0.025936553681289817 0.025936553681289817 0.025936553681289817 0.025936553681289817
0.3056466909260171 0.30904022988168306 0.312433768837349 0.31582730779301504 0.319220846748681 0.322614385704347 0.32600792466001294 0.32776129838269696 0.32776129838269696 0.32776129838269696 0.32776129838269696 0.32776129838269696 0.32776129838269696 0.32776129838269696 0.32776129838269696 0.32776129838269696 0.32776129838269696 0.32776129838269696 0.32776129838269696 0.31666221126838734 0.2936979490253664 0.27073368678234544 0.2477694245393245 0.22480516229630357 0.20184090005328262 0.1788766378102617 0.15591237556720158 0.13294811332418063 0.10998385108115971 0.08701958883813876 0.06405532659511781 0.05090145857197699 0.04823512385008044 0.0455687891281839 0.04290245440628735 0.0402361196843908 0.03756978496249425 0.03490345024059771 0.03223711551870116 0.029570780796800065 0.02690444607490352 0.02423811135300697 0.021571776631110425 0.02019413479132228 0.02019413479132228 0.02019413479132228 0.02019413479132228 0.02019413479132228 0.02019413479132228 0.02019413479132228 0.02019413479132228 0.02019413479132228
0.27981459080594845 0.2840619580195304 0.2883093252331123 0.29255669244669424 0.29680405966027623 0.30105142687385816 0.3052987940874401 0.3074933237982159 0.3074933237982159 0.3074933237982159 0.3074933237982159 0.3074933237982159 0.3074933237982159 0.3074933237982159 0.3074933237982159 0.3074933237982159 0.3074933237982159 0.3074933237982159 0.3074933237982159 0.2970825989970751 0.275542573947169 0.2540025488972629 0.23246252384735683 0.2109224987974507 0.1893824737475446 0.1678424486976385 0.14630242364769566 0.12476239859778956 0.10322237354788347 0.08168234849797737 0.060142323448071244 0.0476210089513722 0.044740900010854893 0.041860791070337584 0.038980682129820275 0.03610057318930297 0.033220464248785664 0.030340355308268355 0.027460246367751046 0.024580137427228827 0.021700028486711518 0.01881991954619421 0.015939810605676903 0.014451715901354741 0.014451715901354741 0.014451715901354741 0.014451715901354741 0.014451715901354741 0.014451715901354741 0.014451715901354741 0.014451715901354741 0.014451715901354741
0.2539824906858797 0.2590836861573776 0.26418488162887555 0.26928607710037344 0.27438727257187134 0.27948846804336924 0.28458966351486714 0.2872253492137348 0.2872253492137348 0.2872253492137348 0.2872253492137348 0.2872253492137348 0.2872253492137348 0.2872253492137348 0.2872253492137348 0.2872253492137348 0.2872253492137348 0.2872253492137348 0.2872253492137348 0.27750298672576285 0.2573871988689716 0.23727141101218036 0.21715562315538908 0.1970398352985978 0.17692404744180656 0.15680825958501532 0.13669247172818974 0.1165766838713985 0.09646089601460725 0.07634510815781598 0.05622932030102473 0.044340559330767415 0.041246676171629346 0.038152793012491276 0.03505890985335321 0.03196502669421514 0.028871143535077068 0.025777260375939 0.02268337721680093 0.019589494057657583 0.016495610898519513 0.01340172773938144 0.01030784458024337 0.008709297011387203 0.008709297011387203 0.008709297011387203 0.008709297011387203 0.008709297011387203 0.008709297011387203 0.008709297011387203 0.008709297011387203 0.008709297011387203
0.228150390565811 0.23410541429522488 0.24006043802463878 0.24601546175405264 0.2519704854834665 0.2579255092128804 0.2638805329422943 0.2669573746292538 0.2669573746292538 0.2669573746292538 0.2669573746292538 0.2669573746292538 0.2669573746292538 0.2669573746292538 0.2669573746292538 0.2669573746292538 0.2669573746292538 0.2669573746292538 0.2669573746292538 0.2579233744544506 0.23923182379077423 0.2205402731270978 0.2018487224634214 0.183157171799745 0.1644656211360686 0.14577407047239216 0.1270825198086839 0.10839096914500748 0.08969941848133106 0.07100786781765467 0.05231631715397825 0.04106010971016263 0.0377524523324038 0.03444479495464497 0.03113713757688614 0.02782948019912731 0.024521822821368475 0.021214165443609642 0.017906508065850812 0.014598850688086341 0.011291193310327512 0.007983535932568682 0.004675878554809845 0.002966878121419664 0.002966878121419664 0.002966878121419664 0.002966878121419664 0.002966878121419664 0.002966878121419664 0.002966878121419664 0.002966878121419664 0.002966878121419664
0.2148039778179616 0.22120014045179892 0.22759630308563622 0.23399246571947357 0.24038862835331087 0.2467847909871482 0.2531809536209855 0.2564857229590416 0.2564857229590416 0.2564857229590416 0.2564857229590416 0.2564857229590416 0.2564857229590416 0.2564857229590416 0.2564857229590416 0.2564857229590416 0.2564857229590416 0.2564857229590416 0.2564857229590416 0.24780737205429057 0.22985166777328522 0.21189596349227985 0.1939402592112745 0.17598455493026915 0.1580288506492638 0.14007314636825846 0.12211744208722247 0.10416173780621713 0.08620603352521178 0.06825032924420643 0.05029462496320106 0.039365232621903605 0.03594712665718126 0.032529020692458915 0.029110914727736564 0.02569280876301422 0.02227470279829187 0.018856596833569522 0.015438490868847174 0.012020384904118997 0.008602278939396649 0.0051841729746743 0.001766067009951959 0.0 0.0 0.0 0.0 0.0 0.0 0.0 0.0 0.0
0.2148039778179616 0.22120014045179892 0.22759630308563622 0.23399246571947357 0.24038862835331087 0.2467847909871482 0.2531809536209855 0.2564857229590416 0.2564857229590416 0.2564857229590416 0.2564857229590416 0.2564857229590416 0.2564857229590416 0.2564857229590416 0.2564857229590416 0.2564857229590416 0.2564857229590416 0.2564857229590416 0.2564857229590416 0.24780737205429057 0.22985166777328522 0.21189596349227985 0.1939402592112745 0.17598455493026915 0.1580288506492638 0.14007314636825846 0.12211744208722247 0.10416173780621713 0.08620603352521178 0.06825032924420643 0.05029462496320106 0.039365232621903605 0.03594712665718126 0.032529020692458915 0.029110914727736564 0.02569280876301422 0.02227470279829187 0.018856596833569522 0.015438490868847174 0.012020384904118997 0.008602278939396649 0.0051841729746743 0.001766067009951959 0.0 0.0 0.0 0.0 0.0 0.0 0.0 0.0 0.0
0.2148039778179616 0.22120014045179892 0.22759630308563622 0.23399246571947357 0.24038862835331087 0.2467847909871482 0.2531809536209855 0.2564857229590416 0.2564857229590416 0.2564857229590416 0.2564857229590416 0.2564857229590416 0.2564857229590416 0.2564857229590416 0.2564857229590416 0.2564857229590416 0.2564857229590416 0.2564857229590416 0.2564857229590416 0.24780737205429057 0.22985166777328522 0.21189596349227985 0.1939402592112745 0.17598455493026915 0.1580288506492638 0.14007314636825846 0.12211744208722247 0.10416173780621713 0.08620603352521178 0.06825032924420643 0.05029462496320106 0.039365232621903605 0.03594712665718126 0.032529020692458915 0.029110914727736564 0.02569280876301422 0.02227470279829187 0.018856596833569522 0.015438490868847174 0.012020384904118997 0.008602278939396649 0.0051841729746743 0.001766067009951959 0.0 0.0 0.0 0.0 0.0 0.0 0.0 0.0 0.0
0.2148039778179616 0.22120014045179892 0.22759630308563622 0.23399246571947357 0.24038862835331087 0.2467847909871482 0.2531809536209855 0.2564857229590416 0.2564857229590416 0.2564857229590416 0.2564857229590416 0.2564857229590416 0.2564857229590416 0.2564857229590416 0.2564857229590416 0.2564857229590416 0.2564857229590416 0.2564857229590416 0.2564857229590416 0.24780737205429057 0.22985166777328522 0.21189596349227985 0.1939402592112745 0.17598455493026915 0.1580288506492638 0.14007314636825846 0.12211744208722247 0.10416173780621713 0.08620603352521178 0.06825032924420643 0.05029462496320106 0.039365232621903605 0.03594712665718126 0.032529020692458915 0.029110914727736564 0.02569280876301422 0.02227470279829187 0.018856596833569522 0.015438490868847174 0.012020384904118997 0.008602278939396649 0.0051841729746743 0.001766067009951959 0.0 0.0 0.0 0.0 0.0 0.0 0.0 0.0 0.0
