Figures/CREST_Example_wjb_NSE/Rolling_result/20100722/BJP_forecast/ens_8/wjb.rain.20100726.asc
ncols            288
nrows            254
xllcorner        113.274861
yllcorner        31.4918055
cellsize         0.008333333333
NODATA_value     -9999
[rows 200 to 219 of 254, columns 176 to 219 of 288]
3.433061924681807 3.560979526704327 3.6888971287268473 3.8168147307493676 3.9447323327718875 4.072649934794407 4.200567536817147 4.347268804233347 4.514050234936957 4.680831665640567 4.847613096344177 5.014394527047787 5.181175957751397 5.347957388455007 5.514738819158617 5.681520249862228 5.848301680565838 6.015083111269448 6.181864541973058 6.323395574483308 6.437933359980502 6.552471145477697 6.667008930974892 6.781546716472087 6.8960845019692805 7.010622287466475 7.12516007296367 7.239697858460865 7.354235643958059 7.468773429455254 7.583311214952449 7.6326833785721435 7.6123920177603175 7.592100656948527 7.571809296136736 7.551517935324945 7.531226574513154 7.510935213701363 7.490643852889572 7.470352492077781 7.450061131265991 7.429769770454199 7.409478409642409 7.581437216400358
3.447437124486255 3.571247671853635 3.695058219221015 3.8188687665883956 3.942679313955776 4.066489861323156 4.190300408690748 4.315885933553303 4.443368949517174 4.570851965481045 4.698334981444915 4.825817997408786 4.9533010133726565 5.080784029336527 5.208267045300397 5.335750061264268 5.463233077228139 5.590716093192009 5.71819910915588 5.85802906123567 6.011058167398522 6.164087273561373 6.317116379724224 6.470145485887075 6.623174592049926 6.776203698212778 6.929232804375629 7.08226191053848 7.235291016701331 7.388320122864183 7.541349229027034 7.596618389174013 7.547379954802751 7.498141520431573 7.448903086060395 7.399664651689216 7.350426217318038 7.30118778294686 7.251949348575682 7.202710914204503 7.153472479833325 7.104234045462147 7.054995611090968 7.187544081773108
3.461812324290703 3.581515817002943 3.7012193097151833 3.8209228024274235 3.9406262951396642 4.060329787851904 4.1800332805643485 4.2845030628732585 4.37268766409739 4.460872265321521 4.549056866545653 4.637241467769784 4.725426068993916 4.813610670218047 4.901795271442179 4.98997987266631 5.078164473890442 5.166349075114573 5.2545336763387045 5.392662547988033 5.5841829748165415 5.775703401645049 5.967223828473557 6.158744255302064 6.350264682130573 6.541785108959081 6.733305535787588 6.9248259626160955 7.116346389444604 7.307866816273112 7.499387243101619 7.560553399775884 7.482367891845184 7.40418238391462 7.325996875984053 7.247811368053488 7.169625860122922 7.091440352192357 7.013254844261791 6.9350693363312255 6.85688382840066 6.778698320470094 6.700512812539529 6.793650947145859
3.476187524095151 3.5917839621522516 3.707380400209352 3.8229768382664524 3.9385732763235533 4.054169714380653 4.169766152437951 4.253120192193216 4.302006378677608 4.350892565162 4.399778751646392 4.448664938130784 4.497551124615176 4.546437311099568 4.59532349758396 4.644209684068352 4.693095870552744 4.741982057037136 4.790868243521529 4.927296034740397 5.157307782234561 5.3873195297287255 5.61733127722289 5.847343024717054 6.077354772211218 6.307366519705383 6.537378267199546 6.767390014693711 6.9974017621878755 7.227413509682039 7.4574252571762045 7.524488410377753 7.417355828887618 7.310223247397665 7.203090665907712 7.0959580844177585 6.988825502927806 6.881692921437853 6.7745603399479 6.667427758457947 6.560295176967995 6.453162595478042 6.346030013988089 6.399757812518608
3.4905627238996053 3.602052107301564 3.713541490703523 3.8250308741054817 3.9365202575074405 4.048009640909399 4.159499024311549 4.221737321513158 4.231325093257794 4.24091286500243 4.250500636747066 4.260088408491702 4.269676180236338 4.279263951980974 4.28885172372561 4.298439495470246 4.308027267214882 4.317615038959518 4.327202810704154 4.461929521492562 4.730432589652398 4.998935657812236 5.267438725972073 5.53594179413191 5.8044448622917475 6.072947930451585 6.341450998611422 6.609954066771259 6.878457134931097 7.146960203090934 7.415463271250771 7.488423420979608 7.352343765930023 7.216264110880671 7.0801844558313185 6.9441048007819655 6.808025145732613 6.67194549068326 6.535865835633908 6.399786180584556 6.263706525535203 6.12762687048585 5.991547215436498 6.00586467789119
3.4892033082710388 3.593461672766784 3.69772003726253 3.801978401758275 3.9062367662540205 4.010495130749765 4.114753495245689 4.166098583731672 4.160878182997153 4.155657782262633 4.150437381528114 4.145216980793594 4.139996580059075 4.134776179324556 4.129555778590036 4.124335377855516 4.119114977120997 4.113894576386477 4.1086741756519585 4.24079511233749 4.519737046363869 4.798678980390249 5.077620914416628 5.356562848443007 5.635504782469386 5.914446716495766 6.193388650522145 6.472330584548525 6.751272518574903 7.030214452601283 7.309156386627661 7.384442709688888 7.242016576069112 7.099590442449579 6.9571643088300466 6.814738175210514 6.672312041590981 6.529885907971448 6.387459774351916 6.245033640732384 6.10260750711285 5.9601813734933184 5.817755239873785 5.81683866554452
3.4710245804691606 3.564712605172157 3.6584006298751537 3.7520886545781504 3.8457766792811467 3.9394647039841435 4.0331527286873 4.08453185282253 4.090681805009386 4.096831757196243 4.1029817093831 4.109131661569957 4.115281613756813 4.12143156594367 4.127581518130526 4.133731470317383 4.1398814225042395 4.146031374691096 4.152181326877953 4.280729428946018 4.540123922754583 4.799518416563149 5.058912910371715 5.318307404180281 5.577701897988847 5.837096391797413 6.096490885605978 6.355885379414544 6.61527987322311 6.874674367031675 7.134068860840241 7.207864372301094 7.083250371679676 6.95863637105847 6.834022370437264 6.7094083698160585 6.584794369194853 6.460180368573647 6.335566367952442 6.210952367331236 6.08633836671003 5.961724366088824 5.837110365467619 5.8468026945086145
3.4528458526672745 3.5359635375775182 3.619081222487761 3.7021989073980044 3.7853165923082477 3.868434277218491 3.951551962128876 4.002965121913354 4.020485427021591 4.038005732129829 4.055526037238066 4.073046342346304 4.090566647454541 4.108086952562778 4.125607257671016 4.143127562779253 4.160647867887491 4.178168172995728 4.195688478103966 4.320663745554564 4.560510799145307 4.800357852736051 5.040204906326795 5.280051959917539 5.519899013508283 5.759746067099027 5.999593120689771 6.239440174280515 6.479287227871259 6.7191342814620025 6.958981335052746 7.031286034913225 6.924484167290172 6.8176822996673 6.710880432044429 6.604078564421559 6.4972766967986875 6.390474829175816 6.283672961552945 6.176871093930075 6.070069226307203 5.963267358684332 5.856465491061461 5.876766723472722
3.4346671248653964 3.507214469982891 3.5797618151003854 3.6523091602178797 3.7248565053353744 3.797403850452869 3.8699511955704873 3.9213983910042116 3.950289049033825 3.9791797070634387 4.008070365093053 4.036961023122666 4.06585168115228 4.094742339181893 4.123632997211507 4.15252365524112 4.181414313270734 4.2103049713003475 4.239195629329961 4.360598062163091 4.580897675536022 4.801197288908952 5.021496902281883 5.241796515654813 5.462096129027744 5.682395742400674 5.902695355773605 6.122994969146536 6.343294582519466 6.563594195892396 6.783893809265328 6.8547076975254315 6.765717962900736 6.6767282282761915 6.587738493651647 6.498748759027103 6.409759024402559 6.320769289778015 6.231779555153471 6.142789820528927 6.053800085904383 5.964810351279839 5.875820616655295 5.9067307524368164
3.4164883970635183 3.478465402388264 3.5404424077130097 3.6024194130377554 3.6643964183625006 3.7263734236872463 3.7883504290120977 3.8398316600950695 3.8800926710460595 3.920353681997049 3.9606146929480386 4.000875703899029 4.041136714850018 4.081397725801008 4.121658736751997 4.161919747702987 4.202180758653976 4.242441769604966 4.282702780555955 4.400532378771619 4.601284551926736 4.802036725081853 5.00278889823697 5.203541071392087 5.404293244547205 5.605045417702321 5.805797590857439 6.006549764012556 6.2073019371676725 6.408054110322789 6.608806283477907 6.678129360137637 6.606951758511299 6.535774156885082 6.464596555258865 6.393418953632648 6.322241352006431 6.251063750380213 6.1798861487539964 6.1087085471277796 6.037530945501563 5.966353343875346 5.895175742249128 5.936694781400911
3.3983096692616326 3.449716334793625 3.5011230003256175 3.5525296658576098 3.603936331389602 3.6553429969215943 3.7067496624536744 3.7582649291858936 3.809896293058264 3.8615276569306345 3.913159020803005 3.9647903846753754 4.016421748547746 4.068053112420117 4.119684476292487 4.171315840164858 4.222947204037228 4.2745785679095984 4.326209931781969 4.440466695380164 4.621671428317459 4.802876161254755 4.98408089419205 5.165285627129345 5.346490360066641 5.527695093003936 5.708899825941231 5.890104558878526 6.071309291815821 6.252514024753117 6.433718757690412 6.501551022749768 6.448185554121794 6.394820085493913 6.34145461686603 6.288089148238147 6.234723679610265 6.181358210982382 6.1279927423544995 6.074627273726617 6.021261805098734 5.967896336470852 5.914530867842969 5.9666588103650176
3.380130941459754 3.4209672671989977 3.4618035929382414 3.5026399186774846 3.5434762444167283 3.584312570155972 3.625148895895285 3.6766981982767515 3.739699915070498 3.8027016318642444 3.8657033486579913 3.9287050654517377 3.991706782245484 4.054708499039231 4.117710215832977 4.180711932626724 4.243713649420471 4.306715366214217 4.369717083007964 4.4804010119886915 4.642058304708174 4.803715597427655 4.965372890147138 5.127030182866619 5.2886874755861015 5.450344768305583 5.6120020610250645 5.773659353744547 5.935316646464029 6.096973939183511 6.258631231902992 6.324972685361975 6.289419349732359 6.253866014102804 6.218312678473247 6.182759342843692 6.147206007214137 6.111652671584581 6.076099335955026 6.04054600032547 6.004992664695914 5.9694393290663585 5.933885993436803 5.996622839329112
3.361952213657876 3.392218199604371 3.4224841855508656 3.4527501714973603 3.483016157443855 3.5132821433903496 3.5435481293368962 3.59513146736761 3.6695035370827322 3.743875606797855 3.8182476765129776 3.8926197462281 3.9669918159432225 4.041363885658345 4.115735955373468 4.19010802508859 4.264480094803713 4.338852164518835 4.413224234233958 4.52033532859722 4.662445181098888 4.804555033600557 4.946664886102225 5.0887747386038935 5.2308845911055615 5.37299444360723 5.515104296108898 5.657214148610567 5.799324001112236 5.941433853613904 6.083543706115572 6.148394347974181 6.130653145342922 6.112911942711694 6.095170740080465 6.077429537449237 6.059688334818008 6.041947132186779 6.024205929555551 6.006464726924323 5.988723524293094 5.970982321661865 5.953241119030637 6.026586868293207
3.34377348585599 3.3634691320097314 3.383164778163473 3.4028604243172147 3.422556070470956 3.442251716624697 3.4619473627784725 3.513564736458433 3.599307159094937 3.68504958173144 3.7707920043679435 3.8565344270044473 3.9422768496409506 4.028019272277454 4.113761694913958 4.199504117550461 4.285246540186964 4.370988962823468 4.456731385459971 4.560269645205765 4.682832057489612 4.805394469773458 4.9279568820573045 5.050519294341151 5.1730817066249974 5.295644118908845 5.418206531192691 5.540768943476538 5.663331355760384 5.785893768044231 5.908456180328077 5.971816010586312 5.971886940953418 5.971957871320524 5.97202880168763 5.972099732054736 5.972170662421842 5.972241592788948 5.972312523156054 5.972383453523161 5.972454383890267 5.972525314257373 5.972596244624479 6.056550897257314
3.325594758054112 3.3347200644151047 3.3438453707760973 3.35297067713709 3.3620959834980826 3.371221289859075 3.3803465962200834 3.431998005549292 3.529110781107171 3.6262235566650505 3.7233363322229303 3.8204491077808096 3.9175618833386894 4.014674658896569 4.111787434454448 4.208900210012327 4.306012985570208 4.403125761128087 4.500238536685966 4.600203961814293 4.703218933880326 4.8062339059463595 4.909248878012392 5.012263850078425 5.115278822144459 5.218293794210492 5.321308766276525 5.424323738342558 5.527338710408592 5.630353682474625 5.733368654540658 5.7952376731985185 5.813120736563982 5.831003799929415 5.848886863294848 5.866769926660281 5.884652990025714 5.902536053391147 5.92041911675658 5.938302180122013 5.956185243487446 5.974068306852879 5.991951370218311 6.086514926221408
3.307416030252234 3.305970996820478 3.3045259633887216 3.3030809299569657 3.3016358965252093 3.3001908630934533 3.2987458296616947 3.35043127464015 3.4589144031194055 3.567397531598661 3.6758806600779166 3.784363788557172 3.8928469170364277 4.001330045515683 4.109813173994938 4.218296302474194 4.32677943095345 4.435262559432705 4.543745687911961 4.64013827842282 4.7236058102710405 4.80707334211926 4.890540873967479 4.9740084058157 5.057475937663919 5.140943469512139 5.224411001360359 5.307878533208578 5.391346065056799 5.474813596905018 5.558281128753237 5.618659335810725 5.654354532174546 5.690049728538305 5.725744924902066 5.761440121265825 5.797135317629586 5.832830513993345 5.868525710357106 5.904220906720865 5.9399161030846255 5.975611299448385 6.011306495812145 6.116478955185503
3.289237302450356 3.277221929225851 3.265206556001346 3.253191182776841 3.2411758095523355 3.2291604363278306 3.217145063103305 3.268864543731008 3.3887180251316393 3.508571506532271 3.6284249879329025 3.7482784693335343 3.868131950734166 3.9879854321347974 4.107838913535429 4.227692394936061 4.347545876336692 4.467399357737324 4.587252839137955 4.680072595031349 4.7439926866617546 4.807912778292161 4.871832869922567 4.935752961552973 4.99967305318338 5.063593144813786 5.127513236444193 5.191433328074599 5.2553534197050045 5.319273511335411 5.383193602965817 5.442080998422931 5.495588327785109 5.549095657147196 5.602602986509283 5.65611031587137 5.709617645233457 5.763124974595544 5.816632303957631 5.8701396333197176 5.923646962681805 5.977154292043892 6.0306616214059785 6.146442984149598
3.3191156087214653 3.3053957736301034 3.291675938538741 3.277956103447379 3.264236268356017 3.250516433264655 3.2367965981732696 3.29226518590926 3.4216977630399374 3.5511303401706145 3.680562917301292 3.809995494431969 3.939428071562646 4.068860648693324 4.198293225824001 4.327725802954678 4.457158380085355 4.586590957216032 4.71602353434671 4.803981506647374 4.847602187933478 4.891222869219581 4.934843550505684 4.978464231791787 5.02208491307789 5.065705594363993 5.109326275650097 5.1529469569362 5.1965676382223025 5.240188319508406 5.283809000794509 5.332535659668275 5.386720724127417 5.440905788586468 5.495090853045519 5.549275917504569 5.60346098196362 5.65764604642267 5.711831110881721 5.766016175340772 5.820201239799822 5.874386304258873 5.928571368717923 6.041472957841889
3.400363855566635 3.3944166233290254 3.3884693910914154 3.3825221588538055 3.3765749266161955 3.3706276943785856 3.364680462140966 3.427869334228297 3.564966266047527 3.702063197866758 3.8391601296859883 3.976257061505219 4.113353993324449 4.25045092514368 4.38754785696291 4.52464478878214 4.661741720601372 4.798838652420602 4.935935584239832 5.017653967730713 5.040171430001096 5.06268889227148 5.085206354541864 5.107723816812247 5.1302412790826315 5.152758741353015 5.175276203623399 5.197793665893783 5.220311128164167 5.24282859043455 5.265346052704935 5.2946443716205716 5.331191579735258 5.3677387878498815 5.404285995964505 5.440833204079129 5.477380412193753 5.513927620308377 5.550474828423001 5.587022036537625 5.6235692446522485 5.660116452766872 5.696663660881495 5.7922669308230015
3.481612102411805 3.4834374730279474 3.48526284364409 3.487088214260232 3.4889135848763746 3.490738955492517 3.4925643261086625 3.563473482547334 3.708234769055118 3.8529960555629015 3.997757342070685 4.142518628578468 4.287279915086252 4.432041201594036 4.576802488101819 4.721563774609603 4.8663250611173865 5.01108634762517 5.155847634132954 5.231326428814049 5.232740672068714 5.234154915323379 5.235569158578043 5.236983401832708 5.238397645087373 5.239811888342037 5.241226131596702 5.242640374851367 5.2440546181060315 5.2454688613606955 5.24688310461536 5.25675308357287 5.275662435343099 5.294571787113296 5.313481138883493 5.332390490653689 5.351299842423886 5.370209194194083 5.38911854596428 5.408027897734477 5.426937249504674 5.445846601274871 5.464755953045068 5.543060903804114
