Figures/CREST_Example_wjb_NSE/Rolling_result/20100722/BJP_forecast/ens_8/wjb.rain.20100728.asc
ncols            288
nrows            254
xllcorner        113.274861
yllcorner        31.4918055
cellsize         0.008333333333
NODATA_value     -9999
[rows 96 to 119 of 254, columns 110 to 164 of 288]
0.0 0.0 0.0 0.0 0.0 0.0 0.0 0.0 0.0 0.0 0.0 0.0 0.0 0.0 0.0 0.0 0.0 0.0 0.0 0.0 0.0 0.0 0.0 0.0 0.0 0.00021741506309028386 0.0006672517458674606 0.0011170884286446374 0.001566925111421814 0.002016761794198991 0.0024665984769761677 0.0029164351597533444 0.003366271842530521 0.003816108525308465 0.004265945208085642 0.004715781890862819 0.005165618573639995 0.005180625130667719 0.004730788447890542 0.004280951765113366 0.0038311150823361886 0.003381278399559012 0.002931441716781835 0.0024816050340046585 0.0020317683512274818 0.001581931668450305 0.0011320949856723607 0.0006822583028951845 0.0002324216201180073 0.0 0.0 0.0 0.0 0.0 0.0
7.821520037979237e-05 0.0 0.0 0.0 0.0 0.0 0.0 0.0 0.0 0.0 0.0 0.0 0.0 0.00022026777981550222 0.0006760067975631629 0.0011317458153108236 0.0015874848330584845 0.002043223850806145 0.0024989628685538057 0.002954701886301467 0.0034104409040499046 0.0038661799217975653 0.004321918939545226 0.004777657957292887 0.005233396975040548 0.005248600433595498 0.004792861415847773 0.0043371223981000465 0.0038813833803523212 0.003425644362604596 0.0029699053448568706 0.002514166327109145 0.0020584273093614196 0.0016026882916129167 0.0011469492738651913 0.000691210256117466 0.00023547123836974073 0.0 0.0 0.0 0.0 0.0 0.0 0.0 0.0 0.0 0.0 0.0 0.0 0.0 0.0 0.0 0.0 0.0 0.0
0.00024003751875578423 0.0 0.0 0.0 0.0 0.0 0.0 0.0 0.0 0.0 0.0 0.0 0.0 0.0006759879290984808 0.00207462224172769 0.0034732565543568994 0.004871890866986109 0.006270525179615318 0.007669159492244527 0.009067793804873736 0.01046642811750533 0.01186506243013454 0.01326369674276375 0.014662331055392958 0.016060965368022168 0.016107623823799513 0.014708989511170105 0.013310355198540697 0.01191172088591129 0.010513086573281882 0.009114452260652474 0.007715817948023064 0.006317183635393657 0.004918549322761864 0.003519915010132456 0.0021212806975030463 0.0007226463848736403 0.0 0.0 0.0 0.0 0.0 0.0 0.0 0.0 0.0 0.0 0.0 0.0 0.0 0.0 0.0 0.0 0.0 0.0
0.0004018598371316375 0.0 0.0 0.0 0.0 0.0 0.0 0.0 0.0 0.0 0.0 0.0 0.0 0.00113170807838107 0.003473237685891022 0.005814767293400974 0.008156296900910926 0.010497826508420878 0.01283935611593083 0.015180885723440781 0.017522415330954725 0.01986394493846468 0.02220547454597463 0.024547004153484583 0.026888533760994534 0.026966647213994246 0.024625117606483962 0.02228358799897368 0.019942058391463395 0.017600528783953108 0.015258999176442824 0.012917469568932539 0.010575939961422254 0.008234410353907977 0.005892880746397693 0.0035513511388874063 0.0012098215313771227 0.0 0.0 0.0 0.0 0.0 0.0 0.0 0.0 0.0 0.0 0.0 0.0 0.0 0.0 0.0 0.0 0.0 0.0
0.0005636821555074934 0.0 0.0 0.0 0.0 0.0 0.0 0.0 0.0 0.0 0.0 0.0 0.0 0.0015874282276636597 0.004871853130054355 0.008156278032445051 0.011440702934835748 0.014725127837226442 0.01800955273961714 0.021293977642007834 0.024578402544404132 0.027862827446794827 0.031147252349185525 0.03443167725157622 0.03771610215396692 0.03782567060418899 0.034541245701797826 0.03125682079940667 0.027972395897015504 0.024687970994624345 0.02140354609223318 0.018119121189842016 0.014834696287450856 0.01155027138505409 0.008265846482662927 0.004981421580271768 0.001696996677880605 0.0 0.0 0.0 0.0 0.0 0.0 0.0 0.0 0.0 0.0 0.0 0.0 0.0 0.0 0.0 0.0 0.0 0.0
0.0007255044738833441 0.0 0.0 0.0 0.0 0.0 0.0 0.0 0.0 0.0 0.0 0.0 0.0 0.0020431483769462492 0.0062704685742176886 0.010497788771489127 0.014725108968760567 0.018952429166032007 0.023179749363303446 0.027407069560574884 0.031634389757853536 0.03586170995512497 0.04008903015239641 0.04431635034966785 0.04854367054693929 0.048684693994383736 0.0444573737971117 0.04023005359983966 0.03600273340256762 0.03177541320529558 0.02754809300802354 0.0233207728107515 0.01909345261347946 0.01486613241620021 0.010638812218928172 0.006411492021656133 0.0021841718243840944 0.0 0.0 0.0 0.0 0.0 0.0 0.0 0.0 0.0 0.0 0.0 0.0 0.0 0.0 0.0 0.0 0.0 0.0
0.0008873267922592 0.0 0.0 0.0 0.0 0.0 0.0 0.0 0.0 0.0 0.0 0.0 0.0 0.0024988685262288383 0.007669084018381019 0.012839299510533201 0.018009515002685383 0.023179730494837566 0.028349945986989745 0.03352016147914193 0.038690376971302926 0.04386059246345511 0.04903080795560729 0.05420102344775947 0.059371238939911655 0.05954371738457847 0.054373501892425555 0.04920328640027264 0.044033070908119726 0.038862855415966804 0.03369263992381389 0.028522424431660975 0.02335220893950806 0.018181993447346327 0.013011777955193406 0.007841562463040491 0.0026713469708875767 0.0 0.0 0.0 0.0 0.0 0.0 0.0 0.0 0.0 0.0 0.0 0.0 0.0 0.0 0.0 0.0 0.0 0.0
0.001049149110635056 0.0 0.0 0.0 0.0 0.0 0.0 0.0 0.0 0.0 0.0 0.0 0.0 0.002954588675511428 0.009067699462544354 0.01518081024957728 0.021293921036610205 0.02740703182364313 0.03352014261067606 0.039633253397708984 0.045746364184752336 0.05185947497178526 0.05797258575881819 0.06408569654585111 0.07019880733288404 0.07040274077477322 0.06428962998773942 0.05817651920070563 0.05206340841367183 0.045950297626638034 0.039837186839604244 0.03372407605257045 0.027610965265536656 0.021497854478492437 0.01538474369145864 0.009271632904424842 0.003158522117391052 0.0 0.0 0.0 0.0 0.0 0.0 0.0 0.0 0.0 0.0 0.0 0.0 0.0 0.0 0.0 0.0 0.0 0.0
0.0012109714290109048 0.0 0.0 0.0 0.0 0.0 0.0 0.0 0.0 0.0 0.0 0.0 0.0 0.0034103088247940173 0.010466314906707687 0.017522320988621356 0.024578327070535026 0.03163433315244869 0.03869033923436237 0.045746345316276034 0.05280235139820173 0.05985835748011541 0.06691436356202908 0.07397036964394274 0.08102637572585641 0.08126176416496797 0.0742057580830533 0.06714975200113862 0.06009374591922395 0.05303773983730927 0.045981733755394605 0.03892572767347993 0.03186972159156526 0.024813715509638554 0.01775770942772388 0.010701703345809208 0.0036456972638945345 0.0 0.0 0.0 0.0 0.0 0.0 0.0 0.0 0.0 0.0 0.0 0.0 0.0 0.0 0.0 0.0 0.0 0.0
0.0013727937473868995 0.0 0.0 0.0 0.0 0.0 0.0 0.0 0.0 0.0 0.0 0.0 0.0 0.003866028974076995 0.01186493035087221 0.019863831727667428 0.027862733104462644 0.035861634481257856 0.04386053585805307 0.05185943723484829 0.059858338611657146 0.06785723998845236 0.07585614136524758 0.08385504274204279 0.09185394411883802 0.09212078755517195 0.0841218861783756 0.07612298480157925 0.0681240834247829 0.060125182047986545 0.05212628067119019 0.044127379294393844 0.03612847791759749 0.0281295765407875 0.02013067516399114 0.012131773787194794 0.004132872410398447 0.0 0.0 0.0 0.0 0.0 0.0 0.0 0.0 0.0 0.0 0.0 0.0 0.0 0.0 0.0 0.0 0.0 0.0
0.001534616065762752 0.0 0.0 0.0 0.0 0.0 0.0 0.0 0.0 0.0 0.0 0.0 0.0 0.004321749123359585 0.013263545795035546 0.022205342466711506 0.031147139138387465 0.040088935810063425 0.049030732481739385 0.057972529153415345 0.06691432582510655 0.07585612249678252 0.08479791916845847 0.09373971584013444 0.10268151251181039 0.1029798109453667 0.09403801427368948 0.08509621760201225 0.07615442093033502 0.06721262425865779 0.05827082758698056 0.04932903091530332 0.040387234243626086 0.03144543757193362 0.022503640900256375 0.013561844228579145 0.004620047556901916 0.0 0.0 0.0 0.0 0.0 0.0 0.0 0.0 0.0 0.0 0.0 0.0 0.0 0.0 0.0 0.0 0.0 0.0
0.0016964383841386044 0.0 0.0 0.0 0.0 0.0 0.0 0.0 0.0 0.0 0.0 0.0 0.0 0.004777469272642175 0.014662161239198878 0.024546853205755583 0.03443154517231228 0.04431623713886899 0.05420092910542569 0.0640856210719824 0.07397031303855596 0.08385500500511266 0.09373969697166937 0.10362438893822606 0.11350908090478277 0.11383883433556144 0.10395414236900334 0.09406945040244523 0.08418475843588713 0.07430006646932902 0.0644153745027709 0.05453068253621279 0.044645990569654695 0.03476129860307972 0.024876606636521623 0.01499191466996351 0.005107222703405398 0.0 0.0 0.0 0.0 0.0 0.0 0.0 0.0 0.0 0.0 0.0 0.0 0.0 0.0 0.0 0.0 0.0 0.0
0.0018582607025144637 0.0 0.0 0.0 0.0 0.0 0.0 0.0 0.0 0.0 0.0 0.0 0.0 0.0052331894219247626 0.01606077668336221 0.026888363944799654 0.0377159512062371 0.04854353846767454 0.05937112572911199 0.07019871299054943 0.08102630025200534 0.09185388751344278 0.10268147477488024 0.11350906203631768 0.12433664929775512 0.12469785772575617 0.11387027046431719 0.10304268320287821 0.09221509594143923 0.08138750868000025 0.07055992141856125 0.05973233415712227 0.04890474689568329 0.03807715963422584 0.027249572372786857 0.01642198511134786 0.00559439784990888 0.0 0.0 0.0 0.0 0.0 0.0 0.0 0.0 0.0 0.0 0.0 0.0 0.0 0.0 0.0 0.0 0.0 0.0
0.01196491628928343 0.010341210976810459 0.009897305250064553 0.009453399523318645 0.009009493796572737 0.008565588069826829 0.008121682343080923 0.007677776616334257 0.00723387088958835 0.006789965162842443 0.006346059436096535 0.005902153709350627 0.00545824798260472 0.010266662493130466 0.020689926117414076 0.031113189741697685 0.041536453365981295 0.0519597169902649 0.062382980614548514 0.07280624423883213 0.0832295078631335 0.09365277148741712 0.10407603511170073 0.11449929873598433 0.12492256236026794 0.12505968025916733 0.11420067573743924 0.10334167121571114 0.09248266669398306 0.08162366217225496 0.07076465765052686 0.05990565312879878 0.049046648607070684 0.038187644085324074 0.027328639563595977 0.01646963504186788 0.005610630520139798 0.0 0.0 0.0 0.0 0.0 0.0 0.0 0.0 0.0 0.0 0.0 0.0 0.0 0.0 0.0 0.0 0.0 0.0
0.032701971671486287 0.03173652452986122 0.030374205840356782 0.029011887150852345 0.027649568461347907 0.02628724977184347 0.02492493108233903 0.02356261239283227 0.02220029370332783 0.020837975013823392 0.019475656324318955 0.018113337634814514 0.016751018945310076 0.02019346483506628 0.028772312718789758 0.037351160602513235 0.04593000848623671 0.05450885636996019 0.06308770425368367 0.07166655213740714 0.08024540002114525 0.08882424790486873 0.0974030957885922 0.10598194367231568 0.11456079155603915 0.11420065686897338 0.1042845476421261 0.09436843841527881 0.08445232918843153 0.07453621996158424 0.06462011073473696 0.05470400150788968 0.044787892281042394 0.03487178305417819 0.024955673827330924 0.01503956460048364 0.005123455373636357 0.0 0.0 0.0 0.0 0.0 0.0 0.0 0.0 0.0 0.0 0.0 0.0 0.0 0.0 0.0 0.0 0.0 0.0
0.05343902705370686 0.053131838082930254 0.050851106430666496 0.048570374778402745 0.046289643126138987 0.044008911473875235 0.04172817982161148 0.039447448169343834 0.037166716517080076 0.034885984864816325 0.03260525321255257 0.030324521560288812 0.028043789908025057 0.030120267177010548 0.03685469932017232 0.04358913146333409 0.050323563606495855 0.05705799574965763 0.0637924278928194 0.07052686003598116 0.07726129217915442 0.0839957243223162 0.09073015646547797 0.09746458860863973 0.1041990207518015 0.10334163347877014 0.09436841954680447 0.0853952056148388 0.07642199168287314 0.06744877775090746 0.058475563818941804 0.04950234988697613 0.04052913595501047 0.031555922023029495 0.02258270809106383 0.013609494159098165 0.0046362802271325 0.0 0.0 0.0 0.0 0.0 0.0 0.0 0.0 0.0 0.0 0.0 0.0 0.0 0.0 0.0 0.0 0.0 0.0
0.07417608243590976 0.07452715163598107 0.07132800702095878 0.06812886240593649 0.0649297177909142 0.06173057317589191 0.05853142856086961 0.05533228394584187 0.052133139330819575 0.04893399471579729 0.04573485010077499 0.0425357054857527 0.03933656087073041 0.04004706951894636 0.044937085921548 0.049827102324149636 0.054717118726751265 0.05960713512935291 0.06449715153195454 0.06938716793455618 0.07427718433716615 0.0791672007397678 0.08405721714236943 0.08894723354497105 0.0938372499475727 0.09248261008857617 0.08445229145149132 0.07642197281440645 0.0683916541773216 0.06036133554023674 0.05233101690315188 0.04430069826606702 0.03627037962898216 0.028240060991883614 0.02020974235479875 0.012179423717713897 0.004149105080629031 0.0 0.0 0.0 0.0 0.0 0.0 0.0 0.0 0.0 0.0 0.0 0.0 0.0 0.0 0.0 0.0 0.0 0.0
0.09491313781811264 0.09592246518903186 0.09180490761125103 0.08768735003347021 0.08356979245568938 0.07945223487790856 0.07533467730012773 0.07121711972233989 0.06709956214455906 0.06298200456677824 0.05886444698899741 0.05474688941121659 0.050629331833435764 0.04997387186088216 0.05301947252292367 0.05606507318496517 0.059110673847006676 0.062156274509048176 0.06520187517108968 0.06824747583313118 0.07129307649517788 0.07433867715721938 0.07738427781926088 0.08042987848130238 0.08347547914334388 0.0816235866983822 0.07453616335617815 0.0674487400139741 0.060361316671770054 0.05327389332956601 0.046186469987361964 0.03909904664515791 0.032011623302953866 0.024924199960737733 0.01783677661853368 0.010749353276329643 0.0036619299341255906 0.0 0.0 0.0 0.0 0.0 0.0 0.0 0.0 0.0 0.0 0.0 0.0 0.0 0.0 0.0 0.0 0.0 0.0
0.11565019320031553 0.11731777874208264 0.11228180820154329 0.10724583766100393 0.10220986712046456 0.09717389657992521 0.09213792603938585 0.08710195549883791 0.08206598495829856 0.0770300144177592 0.07199404387721983 0.06695807333668047 0.06192210279614112 0.05990067420281798 0.06110185912429935 0.062303044045780714 0.06350422896726209 0.06470541388874346 0.06590659881022483 0.0671077837317062 0.06830896865318961 0.06951015357467098 0.07071133849615235 0.07191252341763373 0.0731137083391151 0.07076456330818824 0.064620035260865 0.058475507213541764 0.052330979166218525 0.046186451118895286 0.04004192307157205 0.03389739502424881 0.02775286697692557 0.021608338929591853 0.015463810882268614 0.009319282834945375 0.003174754787622136 0.0 0.0 0.0 0.0 0.0 0.0 0.0 0.0 0.0 0.0 0.0 0.0 0.0 0.0 0.0 0.0 0.0 0.0
0.1363872485825184 0.13871309229513343 0.13275870879183554 0.12680432528853763 0.12084994178523975 0.11489555828194187 0.10894117477864397 0.10298679127533591 0.09703240777203803 0.09107802426874015 0.08512364076544225 0.07916925726214435 0.07321487375884646 0.06982747654475378 0.06918424572567501 0.06854101490659625 0.0678977840875175 0.06725455326843872 0.06661132244935997 0.0659680916302812 0.06532486081120134 0.06468162999212258 0.06403839917304381 0.06339516835396505 0.06275193753488628 0.059905539917994265 0.05470390716555183 0.04950227441310941 0.04430064166066698 0.039099008908224556 0.03389737615578213 0.028695743403339698 0.023494110650897272 0.01829247789844598 0.013090845146003546 0.00788921239356112 0.0026875796411186953 0.0 0.0 0.0 0.0 0.0 0.0 0.0 0.0 0.0 0.0 0.0 0.0 0.0 0.0 0.0 0.0 0.0 0.0
0.1571243039647213 0.16010840584818423 0.1532356093821278 0.14636281291607137 0.13949001645001494 0.13261721998395853 0.1257444235179021 0.11887162705183395 0.11199883058577753 0.1051260341197211 0.09825323765366467 0.09138044118760824 0.08450764472155183 0.0797542788866896 0.0772666323270507 0.07477898576741179 0.0722913392077729 0.069803692648134 0.0673160460884951 0.06482839952885622 0.06234075296921307 0.059853106409574176 0.05736545984993528 0.05487781329029638 0.05239016673065748 0.049046516527800295 0.044787779070238676 0.040529041612677064 0.036270304155115445 0.032011566697553825 0.02775282923999221 0.023494091782430594 0.019235354324868975 0.014976616867300098 0.010717879409738479 0.00645914195217686 0.0022004044946152476 0.0 0.0 0.0 0.0 0.0 0.0 0.0 0.0 0.0 0.0 0.0 0.0 0.0 0.0 0.0 0.0 0.0 0.0
0.17786135934692418 0.181503719401235 0.17371250997242005 0.1659213005436051 0.15813009111479015 0.15033888168597517 0.14254767225716022 0.13475646282833198 0.12696525339951703 0.11917404397070205 0.1113828345418871 0.10359162511307214 0.09580041568425719 0.0896810812286254 0.08534901892842638 0.08101695662822735 0.07668489432802832 0.07235283202782929 0.06802076972763026 0.06368870742743123 0.05935664512722481 0.05502458282702578 0.05069252052682675 0.04636045822662772 0.04202839592642868 0.038187493137606325 0.03487165097492552 0.03155580881224471 0.0282399666495639 0.024924124486883095 0.02160828232420229 0.018292440161521484 0.014976597998840678 0.011660755836154217 0.008344913673473411 0.005029071510792606 0.0017132293481118 0.0 0.0 0.0 0.0 0.0 0.0 0.0 0.0 0.0 0.0 0.0 0.0 0.0 0.0 0.0 0.0 0.0 0.0
0.19859841472914475 0.20289903295430403 0.19418941056272976 0.18547978817115549 0.1767701657795812 0.16806054338800694 0.15935092099643267 0.15064129860484354 0.14193167621326927 0.133222053821695 0.12451243143012071 0.11580280903854644 0.10709318664697216 0.09960788357056968 0.09343140552980894 0.0872549274890482 0.08107844944828746 0.07490197140752673 0.06872549336676599 0.06254901532600526 0.05637253728523399 0.05019605924447325 0.044019581203712514 0.03784310316295178 0.03166662512219104 0.027328469747403095 0.024955522879603904 0.02258257601180471 0.02020962914400552 0.017836682276206328 0.015463735408407134 0.013090788540607943 0.010717841672808748 0.008344894805005512 0.005971947937206318 0.003599001069407127 0.001226054201607936 0.0 0.0 0.0 0.0 0.0 0.0 0.0 0.0 0.0 0.0 0.0 0.0 0.0 0.0 0.0 0.0 0.0 0.0
0.21933547011134763 0.22429434650735483 0.214666311153022 0.20503827579868922 0.1954102404443564 0.18578220509002358 0.17615416973569079 0.16652613438134156 0.15689809902700874 0.14727006367267592 0.13764202831834313 0.12801399296401034 0.11838595760967752 0.1095346859125055 0.10151379213118462 0.09349289834986374 0.08547200456854287 0.077451110787222 0.06943021700590113 0.061409323224580266 0.05338842944324572 0.04536753566192485 0.03734664188060398 0.029325748099283108 0.021304854317962238 0.016469446357209126 0.015039394784290743 0.013609343211372362 0.012179291638453979 0.010749240065535598 0.009319188492617217 0.007889136919698834 0.006459085346780453 0.005029033773859633 0.003598982200941252 0.0021689306280228693 0.0007388790551044883 0.0 0.0 0.0 0.0 0.0 0.0 0.0 0.0 0.0 0.0 0.0 0.0 0.0 0.0 0.0 0.0 0.0 0.0
