Figures/CREST_Example_wjb_NSE/Rolling_result/20100722/BJP_forecast/ens_8/wjb.rain.20100722.asc
ncols            288
nrows            254
xllcorner        113.274861
yllcorner        31.4918055
cellsize         0.008333333333
NODATA_value     -9999
[rows 20 to 39 of 254, columns 0 to 44 of 288]
-9999.0 -9999.0 -9999.0 -9999.0 -9999.0 -9999.0 -9999.0 -9999.0 -9999.0 -9999.0 -9999.0 -9999.0 -9999.0 -9999.0 -9999.0 -9999.0 -9999.0 -9999.0 -9999.0 -9999.0 -9999.0 -9999.0 -9999.0 7.792147890715471 7.792147890715471 7.792147890715471 7.792147890715471 7.792147890715471 7.792147890715471 7.792147890715471 7.792147890715471 7.792147890715471 7.792147890715471 7.792147890715471 7.792147890715471 7.792147890715471 7.792147890715471 7.792147890715471 7.792147890715471 7.792147890715471 7.792147890715471 7.792147890715471 7.792147890715471 7.792147890715471 7.792147890715471
-9999.0 -9999.0 -9999.0 -9999.0 -9999.0 -9999.0 -9999.0 -9999.0 -9999.0 -9999.0 -9999.0 -9999.0 -9999.0 -9999.0 -9999.0 -9999.0 -9999.0 -9999.0 -9999.0 -9999.0 -9999.0 -9999.0 7.792147890715471 7.792147890715471 7.792147890715471 7.792147890715471 7.792147890715471 7.792147890715471 7.792147890715471 7.792147890715471 7.792147890715471 7.792147890715471 7.792147890715471 7.792147890715471 7.792147890715471 7.792147890715471 7.792147890715471 7.792147890715471 7.792147890715471 7.792147890715471 7.792147890715471 7.792147890715471 7.792147890715471 7.792147890715471 7.792147890715471
-9999.0 -9999.0 -9999.0 -9999.0 -9999.0 -9999.0 -9999.0 -9999.0 -9999.0 -9999.0 -9999.0 -9999.0 -9999.0 -9999.0 -9999.0 -9999.0 -9999.0 -9999.0 -9999.0 -9999.0 -9999.0 -9999.0 -9999.0 7.792147890715471 7.792147890715471 7.792147890715471 7.792147890715471 7.792147890715471 7.792147890715471 7.792147890715471 7.792147890715471 7.792147890715471 7.792147890715471 7.792147890715471 7.792147890715471 7.792147890715471 7.792147890715471 7.792147890715471 7.792147890715471 7.792147890715471 7.792147890715471 7.792147890715471 7.792147890715471 7.792147890715471 7.792147890715471
-9999.0 -9999.0 -9999.0 -9999.0 -9999.0 -9999.0 -9999.0 -9999.0 -9999.0 -9999.0 -9999.0 -9999.0 -9999.0 -9999.0 -9999.0 -9999.0 -9999.0 -9999.0 -9999.0 -9999.0 -9999.0 -9999.0 7.792147890715471 7.792147890715471 7.792147890715471 7.792147890715471 7.792147890715471 7.792147890715471 7.792147890715471 7.792147890715471 7.792147890715471 7.792147890715471 7.792147890715471 7.792147890715471 7.792147890715471 7.792147890715471 7.792147890715471 7.792147890715471 7.792147890715471 7.792147890715471 7.792147890715471 7.792147890715471 7.792147890715471 7.792147890715471 7.792147890715471
-9999.0 -9999.0 -9999.0 -9999.0 -9999.0 -9999.0 -9999.0 -9999.0 -9999.0 -9999.0 -9999.0 -9999.0 -9999.0 -9999.0 -9999.0 -9999.0 -9999.0 -9999.0 -9999.0 -9999.0 -9999.0 -9999.0 7.792147890715471 7.792147890715471 7.792147890715471 7.792147890715471 7.792147890715471 7.792147890715471 7.792147890715471 7.792147890715471 7.792147890715471 7.792147890715471 7.792147890715471 7.792147890715471 7.792147890715471 7.792147890715471 7.792147890715471 7.792147890715471 7.792147890715471 7.792147890715471 7.792147890715471 7.792147890715471 7.792147890715471 7.792147890715471 7.792147890715471
-9999.0 -9999.0 -9999.0 -9999.0 -9999.0 -9999.0 -9999.0 -9999.0 -9999.0 -9999.0 -9999.0 -9999.0 -9999.0 -9999.0 -9999.0 -9999.0 -9999.0 -9999.0 -9999.0 -9999.0 -9999.0 -9999.0 7.792147890715471 7.792147890715471 7.792147890715471 7.792147890715471 7.792147890715471 2.1668402802176403 2.221145309135045 2.27545033805245 2.329755366969854 2.384060395887259 2.4383654248046636 2.492670453722068 2.5469754826394726 2.6012805115568773 2.6555855404742816 2.7098905693916864 2.764195598309091 2.8105607853327816 2.848438101928294 2.886315418523806 2.9241927351193184 2.9620700517148304 2.999947368310343
-9999.0 -9999.0 -9999.0 -9999.0 -9999.0 -9999.0 -9999.0 -9999.0 -9999.0 -9999.0 -9999.0 -9999.0 -9999.0 -9999.0 -9999.0 -9999.0 7.792147890715471 7.792147890715471 7.792147890715471 7.792147890715471 7.792147890715471 7.792147890715471 7.792147890715471 7.792147890715471 7.792147890715471 7.792147890715471 7.792147890715471 2.2107390178807913 2.259232657744531 2.3077262976082706 2.3562199374720105 2.4047135773357504 2.45320721719949 2.5017008570632298 2.5501944969269696 2.598688136790709 2.647181776654449 2.695675416518189 2.7441690563819283 2.786489187432894 2.822209698039061 2.8579302086452283 2.8936507192513954 2.9293712298575625 2.9650917404637296
-9999.0 -9999.0 -9999.0 -9999.0 -9999.0 -9999.0 -9999.0 -9999.0 -9999.0 -9999.0 -9999.0 -9999.0 -9999.0 -9999.0 -9999.0 -9999.0 7.792147890715471 7.792147890715471 7.792147890715471 7.792147890715471 7.792147890715471 7.792147890715471 7.792147890715471 7.792147890715471 7.792147890715471 7.792147890715471 7.792147890715471 2.25463775554398 2.2973200063540498 2.34000225716412 2.3826845079741896 2.42536675878426 2.4680490095943295 2.5107312604043996 2.5534135112144694 2.5960957620245395 2.638778012834609 2.681460263644679 2.724142514454749 2.7624175895329857 2.795981294149806 2.829544998766626 2.863108703383446 2.8966724080002666 2.9302361126170866
-9999.0 -9999.0 -9999.0 -9999.0 -9999.0 -9999.0 -9999.0 -9999.0 -9999.0 -9999.0 -9999.0 -9999.0 -9999.0 -9999.0 -9999.0 7.792147890715471 7.792147890715471 7.792147890715471 7.792147890715471 7.792147890715471 7.792147890715471 7.792147890715471 7.792147890715471 7.792147890715471 7.792147890715471 7.792147890715471 7.792147890715471 2.2985364932071306 2.335407354963536 2.3722782167199408 2.409149078476346 2.446019940232751 2.4828908019891562 2.519761663745561 2.556632525501966 2.5935033872583713 2.630374249014776 2.6672451107711814 2.7041159725275863 2.738345991633098 2.7697528902605733 2.8011597888880484 2.8325666875155235 2.8639735861429987 2.8953804847704734
-9999.0 -9999.0 -9999.0 -9999.0 -9999.0 -9999.0 -9999.0 -9999.0 -9999.0 -9999.0 -9999.0 -9999.0 -9999.0 -9999.0 -9999.0 7.792147890715471 7.792147890715471 7.792147890715471 7.792147890715471 7.792147890715471 7.792147890715471 7.792147890715471 7.792147890715471 7.792147890715471 7.792147890715471 7.792147890715471 7.792147890715471 2.342435230870282 2.373494703573022 2.4045541762757625 2.4356136489785025 2.4666731216812425 2.497732594383983 2.528792067086723 2.559851539789463 2.5909110124922035 2.6219704851949435 2.653029957897684 2.684089430600424 2.7142743937332106 2.7435244863713404 2.77277457900947 2.8020246716476005 2.8312747642857303 2.8605248569238606
-9999.0 -9999.0 -9999.0 -9999.0 -9999.0 -9999.0 -9999.0 -9999.0 -9999.0 -9999.0 -9999.0 -9999.0 -9999.0 -9999.0 -9999.0 7.792147890715471 7.792147890715471 7.792147890715471 7.792147890715471 7.792147890715471 7.792147890715471 7.792147890715471 7.792147890715471 7.792147890715471 7.792147890715471 7.792147890715471 7.792147890715471 2.386333968533433 2.4115820521825087 2.436830135831584 2.462078219480659 2.487326303129734 2.5125743867788093 2.537822470427885 2.56307055407696 2.588318637726035 2.6135667213751104 2.6388148050241855 2.664062888673261 2.690202795833322 2.717296082482107 2.744389369130892 2.771482655779677 2.798575942428462 2.8256692290772474
-9999.0 -9999.0 -9999.0 -9999.0 -9999.0 -9999.0 -9999.0 -9999.0 -9999.0 -9999.0 -9999.0 -9999.0 -9999.0 -9999.0 -9999.0 7.792147890715471 7.792147890715471 7.792147890715471 7.792147890715471 7.792147890715471 7.792147890715471 7.792147890715471 7.792147890715471 7.792147890715471 7.792147890715471 7.792147890715471 7.792147890715471 2.4302327061965845 2.449669400791995 2.469106095387405 2.4885427899828154 2.5079794845782257 2.5274161791736365 2.546852873769047 2.566289568364457 2.5857262629598674 2.6051629575552777 2.624599652150688 2.6440363467460983 2.6661311979334346 2.6910676785928747 2.7160041592523143 2.7409406399117544 2.765877120571194 2.790813601230634
-9999.0 -9999.0 -9999.0 -9999.0 -9999.0 -9999.0 -9999.0 -9999.0 -9999.0 -9999.0 -9999.0 -9999.0 -9999.0 -9999.0 7.792147890715471 7.792147890715471 7.792147890715471 7.792147890715471 7.792147890715471 7.792147890715471 7.792147890715471 7.792147890715471 7.792147890715471 7.792147890715471 7.792147890715471 7.792147890715471 7.792147890715471 2.474131443859735 2.487756749401481 2.5013820549432264 2.515007360484972 2.5286326660267173 2.542257971568463 2.5558832771102082 2.5695085826519537 2.583133888193699 2.596759193735445 2.6103844992771905 2.624009804818936 2.642059600033547 2.664839274703642 2.6876189493737366 2.7103986240438314 2.733178298713926 2.755957973384021
-9999.0 -9999.0 -9999.0 -9999.0 -9999.0 -9999.0 -9999.0 -9999.0 -9999.0 -9999.0 -9999.0 -9999.0 -9999.0 -9999.0 7.792147890715471 7.792147890715471 7.792147890715471 7.792147890715471 7.792147890715471 7.792147890715471 7.792147890715471 7.792147890715471 7.792147890715471 7.792147890715471 7.792147890715471 7.792147890715471 7.792147890715471 2.5180301815229242 2.5258440980109995 2.5336580144990752 2.541471930987151 2.5492858474752267 2.5570997639633024 2.564913680451378 2.572727596939454 2.580541513427529 2.588355429915605 2.5961693464036806 2.6039832628917563 2.6179880021336386 2.6386108708143867 2.6592337394951344 2.679856608175882 2.7004794768566303 2.721102345537378
-9999.0 -9999.0 -9999.0 -9999.0 -9999.0 -9999.0 -9999.0 -9999.0 -9999.0 -9999.0 -9999.0 -9999.0 -9999.0 -9999.0 7.792147890715471 7.792147890715471 7.792147890715471 7.792147890715471 7.792147890715471 7.792147890715471 7.792147890715471 7.792147890715471 7.792147890715471 7.792147890715471 7.792147890715471 7.792147890715471 7.792147890715471 2.561928919186075 2.5639314466204857 2.5659339740548965 2.567936501489307 2.569939028923718 2.5719415563581287 2.5739440837925396 2.5759466112269505 2.577949138661361 2.5799516660957718 2.5819541935301826 2.5839567209645935 2.5939164042337506 2.6123824669251534 2.6308485296165562 2.649314592307959 2.667780654999362 2.6862467176907647
-9999.0 -9999.0 -9999.0 -9999.0 -9999.0 -9999.0 -9999.0 -9999.0 -9999.0 -9999.0 -9999.0 -9999.0 -9999.0 -9999.0 7.792147890715471 7.792147890715471 7.792147890715471 7.792147890715471 7.792147890715471 7.792147890715471 7.792147890715471 7.792147890715471 7.792147890715471 7.792147890715471 7.792147890715471 7.792147890715471 7.792147890715471 2.605827656849226 2.602018795229972 2.598209933610718 2.594401071991464 2.5905922103722094 2.5867833487529555 2.5829744871337015 2.579165625514447 2.575356763895193 2.571547902275939 2.567739040656685 2.5639301790374307 2.569844806333863 2.5861540630359205 2.6024633197379785 2.618772576440036 2.6350818331420935 2.6513910898441515
-9999.0 -9999.0 -9999.0 -9999.0 -9999.0 -9999.0 -9999.0 -9999.0 -9999.0 -9999.0 -9999.0 -9999.0 -9999.0 7.792147890715471 7.792147890715471 7.792147890715471 7.792147890715471 7.792147890715471 7.792147890715471 7.792147890715471 7.792147890715471 7.792147890715471 7.792147890715471 7.792147890715471 7.792147890715471 7.792147890715471 7.792147890715471 2.6497263945123772 2.6401061438394584 2.630485893166539 2.6208656424936203 2.611245391820701 2.601625141147782 2.5920048904748634 2.582384639801944 2.5727643891290253 2.5631441384561064 2.553523887783187 2.5439036371102683 2.545773208433975 2.5599256591466877 2.5740781098594003 2.588230560572113 2.6023830112848256 2.6165354619975383
-9999.0 -9999.0 -9999.0 -9999.0 -9999.0 -9999.0 -9999.0 -9999.0 -9999.0 -9999.0 -9999.0 -9999.0 7.792147890715471 7.792147890715471 7.792147890715471 7.792147890715471 7.792147890715471 7.792147890715471 7.792147890715471 7.792147890715471 7.792147890715471 7.792147890715471 7.792147890715471 7.792147890715471 7.792147890715471 7.792147890715471 7.792147890715471 2.7277781204189417 2.7153979517479945 2.703017783077047 2.6906376144061 2.6782574457351527 2.665877277064205 2.6534971083932577 2.6411169397223104 2.628736771051363 2.616356602380416 2.6039764337094686 2.5915962650385214 2.589466264107651 2.5982939241488636 2.607121584190076 2.6159492442312886 2.624776904272501 2.6336045643137136
-9999.0 -9999.0 -9999.0 -9999.0 -9999.0 -9999.0 -9999.0 -9999.0 -9999.0 -9999.0 -9999.0 -9999.0 -9999.0 7.792147890715471 7.792147890715471 7.792147890715471 7.792147890715471 7.792147890715471 7.792147890715471 7.792147890715471 7.792147890715471 7.792147890715471 7.792147890715471 7.792147890715471 7.792147890715471 7.792147890715471 7.792147890715471 2.842337237173766 2.830458980646748 2.8185807241197294 2.806702467592711 2.7948242110656927 2.782945954538674 2.7710676980116555 2.7591894414846374 2.747311184957619 2.7354329284306003 2.723554671903582 2.7116764153765636 2.7055954614177518 2.705711954925755 2.705828448433758 2.705944941941761 2.7060614354497643 2.706177928957767
-9999.0 -9999.0 -9999.0 -9999.0 -9999.0 -9999.0 -9999.0 -9999.0 -9999.0 -9999.0 -9999.0 -9999.0 -9999.0 7.792147890715471 7.792147890715471 7.792147890715471 7.792147890715471 7.792147890715471 7.792147890715471 7.792147890715471 7.792147890715471 7.792147890715471 7.792147890715471 7.792147890715471 7.792147890715471 7.792147890715471 7.792147890715471 2.956896353928591 2.945520009545501 2.9341436651624115 2.922767320779322 2.9113909763962327 2.9000146320131432 2.8886382876300534 2.877261943246964 2.8658855988638745 2.854509254480785 2.843132910097695 2.8317565657146058 2.8217246587278524 2.813129985702646 2.8045353126774395 2.7959406396522333 2.787345966627027 2.7787512936018204
