Figures/CREST_Example_wjb_NSE/Rolling_result/20100722/BJP_forecast/ens_8/wjb.rain.20100724.asc
ncols            288
nrows            254
xllcorner        113.274861
yllcorner        31.4918055
cellsize         0.008333333333
NODATA_value     -9999
[rows 140 to 159 of 254, columns 220 to 263 of 288]
0.5308787151230235 0.5441958584859397 0.557513001848833 0.5708301452117265 0.5841472885746198 0.5974644319375132 0.6107815753004066 0.6240987186633 0.6374158620261934 0.6507330053890867 0.6640501487519801 0.67365449384315 0.6792897735490161 0.6849250532548821 0.6905603329607578 0.6961956126666238 0.7018308923724899 0.7074661720783558 0.7131014517842219 0.718736731490088 0.724372011195954 0.73000729090182 0.7356425706076861 0.7922544448311672 0.9033614524664787 1.01446846010179 1.1255754677371015 1.2366824753726022 1.3477894830079138 1.4588964906432251 1.5700034982785365 1.681110505913848 1.7922175135491594 1.9033245211844707 2.014431528819782 2.0664981294712943 2.0554491985359533 2.0444002676006123 2.0333513366652713 2.022302405729931 2.0112534747945707 2.00020454385923 1.9891556129238892 1.9781066819885482
0.4535249093521635 0.47092451862558443 0.48832412789897567 0.5057237371723668 0.5231233464457581 0.5405229557191493 0.5579225649925406 0.5753221742659318 0.592721783539323 0.6101213928127143 0.6275210020861055 0.6399325802832336 0.6470118403642943 0.6540911004453548 0.6611703605264275 0.6682496206074882 0.6753288806885487 0.6824081407696093 0.68948740085067 0.6965666609317306 0.7036459210127912 0.7107251810938517 0.7178044411749124 0.7809833576006279 0.9041340764935204 1.027284795386413 1.1504355142793055 1.273586233172408 1.3967369520653006 1.519887670958193 1.6430383898510854 1.766189108743978 1.8893398276368707 2.012490546529763 2.1356412654226555 2.1886769873238054 2.1667581902197126 2.1448393931156193 2.122920596011526 2.101001798907433 2.0790830018033026 2.05716420469921 2.0352454075951165 2.0133266104910232
0.37617110358130357 0.39765317876522926 0.4191352539491183 0.4406173291330074 0.46209940431689644 0.48358147950078545 0.5050635546846746 0.5265456298685636 0.5480277050524527 0.5695097802363417 0.5909918554202308 0.6062106667233172 0.6147339071795724 0.6232571476358276 0.6317803880920974 0.6403036285483525 0.6488268690046077 0.6573501094608629 0.6658733499171181 0.6743965903733733 0.6829198308296285 0.6914430712858836 0.6999663117421387 0.7697122703700886 0.9049067005205623 1.040101130671036 1.1752955608215097 1.3104899909722139 1.4456844211226874 1.580878851273161 1.7160732814236348 1.8512677115741085 1.9864621417245822 2.121656571875056 2.2568510020255297 2.3108558451763166 2.2780671819034715 2.2452785186306263 2.2124898553577808 2.1797011920849356 2.1469125288120345 2.1141238655391894 2.081335202266344 2.0485465389934987
0.29881729781044347 0.324381838904874 0.3499463799992609 0.3755109210936478 0.4010754621880347 0.4266400032824216 0.4522045443768085 0.4777690854711954 0.5033336265655823 0.5288981676599692 0.5544627087543561 0.5724887531634009 0.5824559739948506 0.5924231948263003 0.6023904156577671 0.6123576364892169 0.6223248573206667 0.6322920781521164 0.6422592989835662 0.6522265198150159 0.6621937406464656 0.6721609614779154 0.6821281823093652 0.7584411831395493 0.905679324547604 1.0529174659556588 1.2001556073637136 1.3473937487720193 1.4946318901800741 1.641870031588129 1.7891081729961837 1.9363463144042385 2.0835844558122933 2.230822597220348 2.378060738628403 2.433034703028828 2.3893761735872308 2.345717644145633 2.3020591147040355 2.258400585262438 2.2147420558207664 2.171083526379169 2.1274249969375716 2.083766467495974
0.22146349203951754 0.25111049904445626 0.2807575060493445 0.3104045130542327 0.3400515200591209 0.36969852706400913 0.3993455340688974 0.42899254107378554 0.4586395480786738 0.488286555083562 0.5179335620884502 0.5387668396034556 0.5501780408101012 0.5615892420167468 0.5730004432234118 0.5844116444300573 0.595822845636703 0.6072340468433485 0.618645248049994 0.6300564492566396 0.6414676504632851 0.6528788516699308 0.6642900528765763 0.7471700959090004 0.9064519485746465 1.0657338012402928 1.225015653905939 1.3842975065718568 1.543579359237503 1.7028612119031492 1.8621430645687953 2.0214249172344414 2.1807067699000875 2.339988622565734 2.49927047523138 2.5552135608814432 2.500685165271084 2.4461567696607256 2.3916283740503665 2.3370999784400075 2.2825715828295556 2.228043187219197 2.173514791608838 2.118986395998479
0.17669250607898412 0.2088584926017109 0.24102447912438285 0.27319046564705485 0.30535645216972673 0.33752243869239873 0.36968842521507067 0.4018544117377426 0.43402039826041455 0.4661863847830865 0.49835237130575843 0.5203893803322134 0.5315982831631506 0.5428071859940877 0.554016088825044 0.5652249916559813 0.5764338944869185 0.5876427973178557 0.5988517001487929 0.6100606029797301 0.6212695058106673 0.6324784086416045 0.6436873114725417 0.728074065778493 0.8906895997167119 1.0533051336549308 1.2159206675931498 1.378536201531646 1.5411517354698652 1.7037672694080839 1.866382803346303 2.0289983372845217 2.191613871222741 2.3542294051609596 2.5168449390991787 2.573433195236291 2.5166758912223695 2.4599185872084477 2.403161283194526 2.3464039791806046 2.289646675166586 2.2328893711526643 2.1761320671387425 2.1193747631248208
0.16675050052425297 0.19976419817075936 0.23277789581720942 0.26579159346365955 0.29880529111010956 0.3318189887565597 0.36483268640300975 0.3978463840494598 0.43086008169590995 0.46387377934235996 0.4968874769888101 0.5184141754044879 0.5276610116539117 0.5369078479033355 0.5461546841527751 0.5554015204021989 0.5646483566516227 0.5738951929010465 0.5831420291504704 0.5923888653998942 0.601635701649318 0.6108825378987419 0.6201293741481657 0.7006136649604264 0.8572524071842956 1.0138911494081648 1.1705298916320341 1.3271686338561703 1.4838073760800397 1.6404461183039087 1.7970848605277778 1.9537236027516474 2.1103623449755164 2.2670010871993855 2.423639829423255 2.4805269731035744 2.4307773998242332 2.3810278265448925 2.331278253265552 2.2815286799862107 2.231779106706785 2.182029533427444 2.1322799601481033 2.0825303868687626
0.15680849496952184 0.1906699037398078 0.22453131251003602 0.25839272128026425 0.2922541300504925 0.3261155388207207 0.3599769475909489 0.39383835636117714 0.42769976513140534 0.46156117390163354 0.4954225826718618 0.5164389704767623 0.5237237401446728 0.5310085098125832 0.5382932794805061 0.5455780491484166 0.552862818816327 0.5601475884842374 0.5674323581521479 0.5747171278200583 0.5820018974879688 0.5892866671558792 0.5965714368237897 0.67315326414236 0.8238152146518796 0.9744771651613992 1.1251391156709187 1.275801066180695 1.4264630166902148 1.5771249671997345 1.727786917709254 1.8784488682187734 2.0291108187282934 2.179772769237813 2.3304347197473323 2.3876207509708576 2.3448789084260975 2.3021370658813374 2.2593952233365773 2.216653380791817 2.1739115382469842 2.1311696957022246 2.0884278531574645 2.0456860106127044
0.1468664894147907 0.18157560930885625 0.21628472920286262 0.25099384909686895 0.28570296899087533 0.3204120888848817 0.3551212087788881 0.38983032867289447 0.42453944856690073 0.4592485684609071 0.4939576883549135 0.5144637655490368 0.5197864686354339 0.5251091717218309 0.5304318748082371 0.5357545778946341 0.5410772809810311 0.5463999840674283 0.5517226871538253 0.5570453902402224 0.5623680933266194 0.5676907964130165 0.5730134994994135 0.6456928633242934 0.7903780221194633 0.9350631809146333 1.079748339709803 1.2244334985052197 1.3691186573003895 1.5138038160955594 1.6584889748907294 1.8031741336858993 1.9478592924810691 2.092544451276239 2.237229610071409 2.2947145288381408 2.2589804170279617 2.2232463052177827 2.187512193407603 2.151778081597424 2.116043969787184 2.0803098579770047 2.0445757461668252 2.008841634356646
0.13692448386005956 0.1724813148779047 0.2080381458956892 0.2435949769134737 0.2791518079312582 0.31470863894904266 0.3502654699668272 0.3858223009846117 0.4213791320023962 0.4569359630201807 0.4924927940379652 0.5124885606213114 0.5158491971261951 0.5192098336310788 0.5225704701359681 0.5259311066408519 0.5292917431457355 0.5326523796506192 0.5360130161555028 0.5393736526603865 0.5427342891652702 0.5460949256701538 0.5494555621750375 0.618232462506227 0.7569408295870472 0.8956491966678674 1.0343575637486877 1.1730659308297442 1.3117742979105644 1.4504826649913847 1.589191032072205 1.7278993991530252 1.8666077662338454 2.0053161333146656 2.144024500395486 2.201808306705424 2.1730819256298255 2.144355544554227 2.1156291634786286 2.08690278240303 2.058176401327383 2.0294500202517844 2.0007236391761865 1.971997258100588
0.12698247830531995 0.1633870204469454 0.19979156258850875 0.2361961047300721 0.27260064687163543 0.30900518901319884 0.34540973115476215 0.38181427329632556 0.41821881543788886 0.45462335757945227 0.49102789972101557 0.5105133556935842 0.5119119256169529 0.5133104955403215 0.5147090654636925 0.5161076353870612 0.5175062053104298 0.5189047752337984 0.520303345157167 0.5217019150805356 0.5231004850039043 0.5244990549272729 0.5258976248506415 0.5907720616881371 0.7235036370546025 0.8562352124210679 0.9889667877875334 1.1216983631542252 1.2544299385206905 1.387161513887156 1.5198930892536215 1.6526246646200868 1.7853562399865524 1.9180878153530176 2.050819390719483 2.108902084572628 2.0871834342316165 2.065464783890605 2.0437461335495932 2.0220274832085816 2.000308832867533 1.9785901825265213 1.95687153218551 1.9351528818444983
0.11704047275058879 0.1542927260159938 0.19154497928133532 0.2287972325466768 0.26604948581201826 0.30330173907735974 0.3405539923427013 0.37780624560804277 0.41505849887338425 0.45231075213872574 0.4895630054040672 0.5085381507658587 0.507974654107714 0.5074111574495692 0.5068476607914235 0.5062841641332787 0.505720667475134 0.5051571708169892 0.5045936741588445 0.5040301775006997 0.503466680842555 0.5029031841844102 0.5023396875262655 0.5633116608700707 0.6900664445221864 0.8168212281743021 0.9435760118264178 1.0703307954787498 1.1970855791308654 1.3238403627829811 1.4505951464350968 1.5773499300872125 1.7041047137393284 1.830859497391444 1.9576142810435597 2.015995862439911 2.0012849428334802 1.9865740232270495 1.9718631036206187 1.9571521840141881 1.9424412644077322 1.9277303448013015 1.9130194251948707 1.89830850558844
0.10709846719585767 0.14519843158504225 0.1832983959741619 0.22139836036328153 0.25949832475240114 0.29759828914152076 0.33569825353064037 0.37379821791976003 0.41189818230887965 0.44999814669799926 0.4880981110871189 0.5065629458381332 0.5040373825984751 0.501511819358817 0.4989862561191545 0.49646069287949635 0.4939351296398382 0.4914095664001801 0.48888400316052194 0.4863584399208638 0.4838328766812056 0.4813073134415475 0.47878175020188934 0.5358512600520041 0.6566292519897702 0.7774072439275362 0.8981852358653023 1.0189632278032743 1.1397412197410404 1.2605192116788064 1.3812972036165725 1.5020751955543385 1.6228531874921046 1.7436311794298707 1.8644091713676367 1.9230896403071942 1.9153864514353445 1.9076832625634945 1.8999800736916446 1.8922768848197946 1.8845736959479316 1.8768705070760816 1.8691673182042319 1.861464129332382
0.09715646164112651 0.1361041371540907 0.1750518126669885 0.21399948817988623 0.252947163692784 0.29189483920568177 0.33084251471857956 0.36979019023147736 0.4087378657443751 0.4476855412572729 0.48663321677017063 0.5045877409104078 0.5001001110892364 0.4956124812680648 0.4911248514468856 0.48663722162571404 0.48214959180454253 0.47766196198337096 0.47317433216219945 0.46868670234102794 0.46419907251985637 0.45971144269868486 0.45522381287751335 0.5083908592339377 0.623192059457354 0.7379932596807703 0.8527944599041868 0.9675956601277989 1.0823968603512153 1.1971980605746317 1.311999260798048 1.4268004610214644 1.5416016612448808 1.6564028614682973 1.7712040616917137 1.8301834181744776 1.8294879600372085 1.8287925018999396 1.8280970437626705 1.8274015856254013 1.826706127488131 1.826010669350862 1.8253152112135929 1.8246197530763237
0.08721445608639539 0.12700984272313914 0.16680522935981507 0.206600615996491 0.24639600263316686 0.2861913892698428 0.3259867759065187 0.36578216254319457 0.4055775491798705 0.4453729358165464 0.48516832245322233 0.5026125359826823 0.4961628395799974 0.4897131431773125 0.4832634467746166 0.4768137503719317 0.4703640539692468 0.46391435756656185 0.45746466116387696 0.451014964761192 0.4445652683585071 0.4381155719558222 0.4316658755531373 0.4809304584158712 0.589754866924938 0.6985792754340046 0.8074036839430713 0.9162280924523236 1.0250525009613902 1.1338769094704568 1.2427013179795237 1.3515257264885903 1.460350134997657 1.5691745435067237 1.6779989520157905 1.7372771960417608 1.7435894686390725 1.7499017412363842 1.7562140138336961 1.7625262864310078 1.7688385590283304 1.7751508316256421 1.7814631042229538 1.7877753768202655
0.07727245053166423 0.11791554829218759 0.1585586460526416 0.19920174381309566 0.23984484157354968 0.2804879393340038 0.3211310370944578 0.36177413485491183 0.4024172326153659 0.44306033037581993 0.483703428136274 0.5006373310549569 0.49222556807075857 0.48381380508656024 0.4754020421023476 0.46699027911814933 0.458578516133951 0.45016675314975274 0.4417549901655544 0.43334322718135615 0.4249314641971579 0.41651970121295956 0.40810793822876124 0.45347005759780473 0.5563176743925218 0.6591652911872388 0.7620129079819558 0.8648605247768482 0.9677081415715652 1.0705557583662821 1.1734033751609991 1.2762509919557161 1.379098608750433 1.4819462255451503 1.5847938423398673 1.644370973909044 1.6576909772409365 1.671010980572829 1.6843309839047218 1.6976509872366143 1.7109709905685295 1.724290993900422 1.7376109972323146 1.7509310005642074
0.0673304449769331 0.10882125386123603 0.1503120627454682 0.1918028716297004 0.23329368051393257 0.27478448939816474 0.3162752982823969 0.3577661071666291 0.3992569160508613 0.44074772493509345 0.48223853381932563 0.4986621261272313 0.4882882965615197 0.477914466995808 0.4675406374300786 0.4571668078643669 0.4467929782986553 0.4364191487329436 0.4260453191672319 0.4156714896015202 0.4052976600358085 0.3949238304700968 0.3845500009043852 0.4260096567797382 0.5228804818601055 0.6197513069404729 0.7166221320208401 0.8134929571013727 0.91036378218174 1.0072346072621072 1.1041054323424746 1.200976257422842 1.2978470825032091 1.3947179075835767 1.4915887326639439 1.5514647517763271 1.5717924858428005 1.5921202199092739 1.6124479539757475 1.6327756880422208 1.6531034221087288 1.6734311561752024 1.6937588902416758 1.7140866243081492
0.06160383080181403 0.10313487681059891 0.14466592281931298 0.18619696882802703 0.2277280148367411 0.26925906084545514 0.31079010685416925 0.3523211528628833 0.39385219887159734 0.43538324488031144 0.4769142908890255 0.4934641154316813 0.48330844881994867 0.47315278220821605 0.4629971155964661 0.4528414489847335 0.4426857823730009 0.43253011576126826 0.42237444914953565 0.4122187825378031 0.40206311592607047 0.39190744931433785 0.38175178270260524 0.421047592152309 0.5132081488626147 0.6053687055729203 0.6975292622832259 0.7896898189936887 0.8818503757039944 0.9740109324143 1.0661714891246057 1.1583320458349113 1.250492602545217 1.3426531592555226 1.434813715965828 0.9909153408653432 0.9909153408653432 0.9909153408653432 0.9909153408653432 0.9909153408653432 0.9909153408653432 0.9909153408653432 0.9909153408653432 0.9909153408653432
0.06038320428831426 0.1010913486166048 0.14179949294482594 0.18250763727304706 0.22321578160126818 0.2639239259294893 0.30463207025771044 0.34534021458593156 0.3860483589141527 0.4267565032423738 0.46746464757059497 0.48482112852448506 0.4772141528063003 0.4696071770881155 0.46200020136991776 0.454393225651733 0.4467862499335482 0.4391792742153634 0.43157229849717865 0.4239653227789939 0.4163583470608091 0.4087513713426243 0.40114439562443954 0.44013483069803233 0.5289389526562266 0.6177430746144208 0.7065471965726151 0.7953513185309609 0.8841554404891551 0.9729595624473494 1.0617636844055436 1.150567806363738 1.239371928321932 1.3281760502801263 1.4169801722383206 0.9909153408653432 0.9909153408653432 0.9909153408653432 0.9909153408653432 0.9909153408653432 0.9909153408653432 0.9909153408653432 0.9909153408653432 0.9909153408653432
0.059162577774814484 0.09904782042261069 0.1389330630703389 0.1788183057180671 0.21870354836579528 0.25858879101352344 0.29847403366125164 0.33835927630897983 0.378244518956708 0.4181297616044362 0.4580150042521644 0.4761781416172889 0.4711198567926519 0.46606157196801495 0.4610032871433694 0.4559450023187325 0.4508867174940955 0.44582843266945854 0.4407701478448216 0.43571186302018466 0.4306535781955477 0.4255952933709108 0.4205370085462738 0.4592220692437555 0.5446697564498384 0.6301174436559213 0.7155651308620041 0.8010128180682328 0.8864605052743156 0.9719081924803985 1.0573558796864813 1.1428035668925642 1.2282512540986472 1.31369894130473 1.3991466285108127 0.9909153408653432 0.9909153408653432 0.9909153408653432 0.9909153408653432 0.9909153408653432 0.9909153408653432 0.9909153408653432 0.9909153408653432 0.9909153408653432
