Figures/CREST_Example_wjb_NSE/Rolling_result/20100722/BJP_forecast/ens_8/wjb.rain.20091009.asc
ncols            288
nrows            254
xllcorner        113.274861
yllcorner        31.4918055
cellsize         0.008333333333
NODATA_value     -9999
[rows 140 to 159 of 254, columns 88 to 131 of 288]
0.6429832135952207 0.6429832135952207 0.6429832135952207 0.6429832135952207 0.6429832135952207 0.6429832135952207 0.6429832135952207 0.6429832135952207 0.6429832135952207 0.6429832135952207 0.6429832135952207 0.656044638794862 0.6830690228606138 0.7100934069263656 0.7371177909921174 0.7641421750578692 0.791166559123667 0.8181909431894188 0.8452153272551706 0.8722397113209224 0.8992640953866742 0.926288479452426 0.9533128635181778 0.9672758223972842 0.9672758223972842 0.9672758223972842 0.9672758223972842 0.9672758223972842 0.9672758223972842 0.9672758223972842 0.9672758223972842 0.9672758223972842 0.9672758223972842 0.9672758223972842 0.9672758223972842 0.9736960834922576 0.9869797488906081 1.0002634142889586 1.0135470796873092 1.0268307450856597 1.0401144104840103 1.053398075882361 1.0666817412807341 1.0799654066790847
0.6592408585359775 0.6592408585359775 0.6592408585359775 0.6592408585359775 0.6592408585359775 0.6592408585359775 0.6592408585359775 0.6592408585359775 0.6592408585359775 0.6592408585359775 0.6592408585359775 0.6732471027504701 0.7022263387209488 0.7312055746914274 0.760184810661906 0.7891640466323847 0.8181432826029128 0.8471225185733915 0.8761017545438702 0.9050809905143489 0.9340602264848276 0.9630394624553062 0.9920186984257848 1.006991690195707 1.006991690195707 1.006991690195707 1.006991690195707 1.006991690195707 1.006991690195707 1.006991690195707 1.006991690195707 1.006991690195707 1.006991690195707 1.006991690195707 1.006991690195707 1.0131481808239886 1.0258860991616403 1.038624017499292 1.051361935836944 1.0640998541745956 1.0768377725122473 1.089575690849899 1.1023136091875725 1.1150515275252244
0.6754985034767342 0.6754985034767342 0.6754985034767342 0.6754985034767342 0.6754985034767342 0.6754985034767342 0.6754985034767342 0.6754985034767342 0.6754985034767342 0.6754985034767342 0.6754985034767342 0.690449566706078 0.7213836545812836 0.7523177424564892 0.7832518303316948 0.8141859182069002 0.8451200060821585 0.8760540939573641 0.9069881818325697 0.9379222697077751 0.9688563575829807 0.9997904454581863 1.0307245333333919 1.0467075579941296 1.0467075579941296 1.0467075579941296 1.0467075579941296 1.0467075579941296 1.0467075579941296 1.0467075579941296 1.0467075579941296 1.0467075579941296 1.0467075579941296 1.0467075579941296 1.0467075579941296 1.0526002781557193 1.0647924494326724 1.0769846207096254 1.0891767919865785 1.1013689632635313 1.1135611345404843 1.1257533058174374 1.137945477094411 1.1501376483713641
0.691756148417491 0.691756148417491 0.691756148417491 0.691756148417491 0.691756148417491 0.691756148417491 0.691756148417491 0.691756148417491 0.691756148417491 0.691756148417491 0.691756148417491 0.7076520306616861 0.7405409704416186 0.773429910221551 0.8063188500014834 0.8392077897814159 0.8720967295614044 0.9049856693413368 0.9378746091212693 0.9707635489012016 1.0036524886811342 1.0365414284610666 1.0694303682409991 1.0864234257925525 1.0864234257925525 1.0864234257925525 1.0864234257925525 1.0864234257925525 1.0864234257925525 1.0864234257925525 1.0864234257925525 1.0864234257925525 1.0864234257925525 1.0864234257925525 1.0864234257925525 1.0920523754874505 1.1036987997037047 1.1153452239199588 1.126991648136213 1.1386380723524672 1.1502844965687213 1.1619309207849757 1.1735773450012497 1.1852237692175038
0.7080137933582615 0.7080137933582615 0.7080137933582615 0.7080137933582615 0.7080137933582615 0.7080137933582615 0.7080137933582615 0.7080137933582615 0.7080137933582615 0.7080137933582615 0.7080137933582615 0.7248544946173088 0.7596982863019698 0.7945420779866308 0.8293858696712917 0.8642296613559528 0.8990734530406732 0.9339172447253341 0.9687610364099952 1.0036048280946561 1.038448619779317 1.0732924114639781 1.1081362031486393 1.126139293591009 1.126139293591009 1.126139293591009 1.126139293591009 1.126139293591009 1.126139293591009 1.126139293591009 1.126139293591009 1.126139293591009 1.126139293591009 1.126139293591009 1.126139293591009 1.131504472819215 1.14260514997477 1.1537058271303249 1.16480650428588 1.1759071814414348 1.1870078585969899 1.1981085357525447 1.2092092129081187 1.2203098900636735
0.7320771114766211 0.7320771114766211 0.7320771114766211 0.7320771114766211 0.7320771114766211 0.7320771114766211 0.7320771114766211 0.7320771114766211 0.7320771114766211 0.7320771114766211 0.7320771114766211 0.7488703115113912 0.7836158220889877 0.8183613326665843 0.8531068432441808 0.8878523538217774 0.9225978643994333 0.9573433749770297 0.9920888855546264 1.0268343961322228 1.0615799067098195 1.096325417287416 1.1310709278650126 1.149023238424548 1.149023238424548 1.149023238424548 1.149023238424548 1.149023238424548 1.149023238424548 1.149023238424548 1.149023238424548 1.149023238424548 1.149023238424548 1.149023238424548 1.149023238424548 1.154605484752586 1.1661552786466198 1.1777050725406537 1.1892548664346876 1.2008046603287215 1.2123544542227553 1.2239042481167892 1.2354540420108429 1.2470038359048767
0.7644842021640654 0.7644842021640654 0.7644842021640654 0.7644842021640654 0.7644842021640654 0.7644842021640654 0.7644842021640654 0.7644842021640654 0.7644842021640654 0.7644842021640654 0.7644842021640654 0.7801691731932896 0.8126217329006011 0.8450742926079128 0.8775268523152243 0.909979412022536 0.9424319717299029 0.9748845314372144 1.007337091144526 1.0397896508518376 1.0722422105591494 1.104694770266461 1.1371473299737724 1.1539149186674662 1.1539149186674662 1.1539149186674662 1.1539149186674662 1.1539149186674662 1.1539149186674662 1.1539149186674662 1.1539149186674662 1.1539149186674662 1.1539149186674662 1.1539149186674662 1.1539149186674662 1.1602282171426805 1.1732905744618125 1.1863529317809447 1.1994152891000767 1.2124776464192089 1.2255400037383408 1.2386023610574728 1.2516647183766272 1.2647270756957594
0.7968912928515095 0.7968912928515095 0.7968912928515095 0.7968912928515095 0.7968912928515095 0.7968912928515095 0.7968912928515095 0.7968912928515095 0.7968912928515095 0.7968912928515095 0.7968912928515095 0.8114680348751877 0.8416276437122143 0.871787252549241 0.9019468613862678 0.9321064702232944 0.9622660790603725 0.9924256878973992 1.0225852967344258 1.0527449055714526 1.0829045144084792 1.1130641232455059 1.1432237320825325 1.1588065989103846 1.1588065989103846 1.1588065989103846 1.1588065989103846 1.1588065989103846 1.1588065989103846 1.1588065989103846 1.1588065989103846 1.1588065989103846 1.1588065989103846 1.1588065989103846 1.1588065989103846 1.1658509495327753 1.1804258702770056 1.195000791021236 1.209575711765466 1.2241506325096962 1.2387255532539265 1.2533004739981566 1.2678753947424117 1.282450315486642
0.8292983835389538 0.8292983835389538 0.8292983835389538 0.8292983835389538 0.8292983835389538 0.8292983835389538 0.8292983835389538 0.8292983835389538 0.8292983835389538 0.8292983835389538 0.8292983835389538 0.842766896557086 0.8706335545238277 0.8985002124905694 0.9263668704573113 0.954233528424053 0.9821001863908422 1.0099668443575838 1.0378335023243257 1.0657001602910672 1.093566818257809 1.1214334762245508 1.1493001341912925 1.1636982791533028 1.1636982791533028 1.1636982791533028 1.1636982791533028 1.1636982791533028 1.1636982791533028 1.1636982791533028 1.1636982791533028 1.1636982791533028 1.1636982791533028 1.1636982791533028 1.1636982791533028 1.17147368192287 1.1875611660921983 1.203648650261527 1.2197361344308553 1.2358236186001836 1.251911102769512 1.2679985869388404 1.284086071108196 1.3001735552775244
0.8617054742263979 0.8617054742263979 0.8617054742263979 0.8617054742263979 0.8617054742263979 0.8617054742263979 0.8617054742263979 0.8617054742263979 0.8617054742263979 0.8617054742263979 0.8617054742263979 0.8740657582389842 0.899639465335441 0.9252131724318977 0.9507868795283545 0.9763605866248113 1.0019342937213116 1.0275080008177684 1.0530817079142252 1.078655415010682 1.1042291221071387 1.1298028292035955 1.1553765363000523 1.168589959396221 1.168589959396221 1.168589959396221 1.168589959396221 1.168589959396221 1.168589959396221 1.168589959396221 1.168589959396221 1.168589959396221 1.168589959396221 1.168589959396221 1.168589959396221 1.1770964143129647 1.1946964619073912 1.2122965095018179 1.2298965570962443 1.2474966046906708 1.2650966522850975 1.282696699879524 1.3002967474739806 1.317896795068407
0.8941125649138697 0.8941125649138697 0.8941125649138697 0.8941125649138697 0.8941125649138697 0.8941125649138697 0.8941125649138697 0.8941125649138697 0.8941125649138697 0.8941125649138697 0.8941125649138697 0.9053646199209092 0.9286453761470791 0.951926132373249 0.9752068885994188 0.9984876448255886 1.0217684010517982 1.045049157277968 1.068329913504138 1.0916106697303078 1.1148914259564777 1.1381721821826476 1.1614529384088175 1.1734816396391434 1.1734816396391434 1.1734816396391434 1.1734816396391434 1.1734816396391434 1.1734816396391434 1.1734816396391434 1.1734816396391434 1.1734816396391434 1.1734816396391434 1.1734816396391434 1.1734816396391434 1.1827191467030642 1.20183175772259 1.2209443687421162 1.240056979761642 1.2591695907811682 1.2782822018006943 1.2973948128202202 1.3165074238397787 1.3356200348593048
0.9265196556013139 0.9265196556013139 0.9265196556013139 0.9265196556013139 0.9265196556013139 0.9265196556013139 0.9265196556013139 0.9265196556013139 0.9265196556013139 0.9265196556013139 0.9265196556013139 0.9366634816028074 0.9576512869586924 0.9786390923145774 0.9996268976704623 1.0206147030263473 1.041602508382268 1.062590313738153 1.083578119094038 1.1045659244499229 1.1255537298058076 1.1465415351616925 1.1675293405175775 1.1783733198820618 1.1783733198820618 1.1783733198820618 1.1783733198820618 1.1783733198820618 1.1783733198820618 1.1783733198820618 1.1783733198820618 1.1783733198820618 1.1783733198820618 1.1783733198820618 1.1783733198820618 1.188341879093159 1.2089670535377832 1.2295922279824072 1.2502174024270314 1.2708425768716556 1.2914677513162798 1.312092925760904 1.3327181002055632 1.3533432746501874
0.9589267462887581 0.9589267462887581 0.9589267462887581 0.9589267462887581 0.9589267462887581 0.9589267462887581 0.9589267462887581 0.9589267462887581 0.9589267462887581 0.9589267462887581 0.9589267462887581 0.9679623432847058 0.9866571977703057 1.0053520522559056 1.0240469067415057 1.0427417612271057 1.0614366157127375 1.0801314701983376 1.0988263246839374 1.1175211791695374 1.1362160336551375 1.1549108881407375 1.1736057426263373 1.18326500012498 1.18326500012498 1.18326500012498 1.18326500012498 1.18326500012498 1.18326500012498 1.18326500012498 1.18326500012498 1.18326500012498 1.18326500012498 1.18326500012498 1.18326500012498 1.1939646114832536 1.216102349352976 1.2382400872226982 1.2603778250924207 1.282515562962143 1.3046533008318653 1.3267910387015875 1.3489287765713478 1.37106651444107
0.9913338369762023 0.9913338369762023 0.9913338369762023 0.9913338369762023 0.9913338369762023 0.9913338369762023 0.9913338369762023 0.9913338369762023 0.9913338369762023 0.9913338369762023 0.9913338369762023 0.999261204966604 1.015663108581919 1.0320650121972341 1.048466915812549 1.0648688194278642 1.081270723043207 1.0976726266585222 1.1140745302738373 1.1304764338891522 1.1468783375044673 1.1632802411197822 1.1796821447350974 1.1881566803678982 1.1881566803678982 1.1881566803678982 1.1881566803678982 1.1881566803678982 1.1881566803678982 1.1881566803678982 1.1881566803678982 1.1881566803678982 1.1881566803678982 1.1881566803678982 1.1881566803678982 1.1995873438733482 1.2232376451681688 1.2468879464629892 1.2705382477578098 1.2941885490526304 1.3178388503474507 1.3414891516422713 1.3651394529371321 1.3887897542319527
1.0237409276636464 1.0237409276636464 1.0237409276636464 1.0237409276636464 1.0237409276636464 1.0237409276636464 1.0237409276636464 1.0237409276636464 1.0237409276636464 1.0237409276636464 1.0237409276636464 1.0305600666485022 1.0446690193935324 1.0587779721385624 1.0728869248835924 1.0869958776286226 1.1011048303736768 1.1152137831187068 1.1293227358637368 1.143431688608767 1.157540641353797 1.1716495940988272 1.1857585468438572 1.1930483606108164 1.1930483606108164 1.1930483606108164 1.1930483606108164 1.1930483606108164 1.1930483606108164 1.1930483606108164 1.1930483606108164 1.1930483606108164 1.1930483606108164 1.1930483606108164 1.1930483606108164 1.2052100762634428 1.2303729409833615 1.2555358057032802 1.2806986704231988 1.3058615351431175 1.3310243998630362 1.356187264582955 1.3813501293029167 1.4065129940228354
1.0561480183510905 1.0561480183510905 1.0561480183510905 1.0561480183510905 1.0561480183510905 1.0561480183510905 1.0561480183510905 1.0561480183510905 1.0561480183510905 1.0561480183510905 1.0561480183510905 1.0618589283304003 1.0736749302051456 1.0854909320798907 1.097306933954636 1.109122935829381 1.1209389377041463 1.1327549395788916 1.1445709414536367 1.1563869433283818 1.168202945203127 1.1800189470778721 1.1918349489526174 1.1979400408537348 1.1979400408537348 1.1979400408537348 1.1979400408537348 1.1979400408537348 1.1979400408537348 1.1979400408537348 1.1979400408537348 1.1979400408537348 1.1979400408537348 1.1979400408537348 1.1979400408537348 1.2108328086535376 1.2375082367985546 1.2641836649435714 1.2908590930885881 1.3175345212336051 1.344209949378622 1.3708853775236387 1.397560805668701 1.424236233813718
1.0885551090385348 1.0885551090385348 1.0885551090385348 1.0885551090385348 1.0885551090385348 1.0885551090385348 1.0885551090385348 1.0885551090385348 1.0885551090385348 1.0885551090385348 1.0885551090385348 1.0931577900122988 1.102680841016759 1.1122038920212192 1.1217269430256793 1.1312499940301395 1.140773045034616 1.1502960960390762 1.1598191470435364 1.1693421980479966 1.1788652490524567 1.188388300056917 1.1979113510613772 1.202831721096653 1.202831721096653 1.202831721096653 1.202831721096653 1.202831721096653 1.202831721096653 1.202831721096653 1.202831721096653 1.202831721096653 1.202831721096653 1.202831721096653 1.202831721096653 1.2164555410436324 1.2446435326137473 1.2728315241838624 1.3010195157539775 1.3292075073240923 1.3573954988942074 1.3855834904643225 1.4137714820344855 1.4419594736046006
1.1052985563874245 1.1052985563874245 1.1052985563874245 1.1052985563874245 1.1052985563874245 1.1052985563874245 1.1052985563874245 1.1052985563874245 1.1052985563874245 1.1052985563874245 1.1052985563874245 1.1093286597674812 1.1176670347841928 1.1260054098009042 1.1343437848176159 1.1426821598343275 1.1510205348510534 1.1593589098677648 1.1676972848844764 1.176035659901188 1.1843740349178997 1.1927124099346111 1.2010507849513228 1.2053590565919876 1.2053590565919876 1.2053590565919876 1.2053590565919876 1.2053590565919876 1.2053590565919876 1.2053590565919876 1.2053590565919876 1.2053590565919876 1.2053590565919876 1.2053590565919876 1.2053590565919876 1.2193605819384918 1.2483300545219518 1.277299527105412 1.306268999688872 1.3352384722723318 1.364207944855792 1.393177417439252 1.4221468900227614 1.4511163626062213
1.1052985563874245 1.1052985563874245 1.1052985563874245 1.1052985563874245 1.1052985563874245 1.1052985563874245 1.1052985563874245 1.1052985563874245 1.1052985563874245 1.1052985563874245 1.1052985563874245 1.1093286597674812 1.1176670347841928 1.1260054098009042 1.1343437848176159 1.1426821598343275 1.1510205348510534 1.1593589098677648 1.1676972848844764 1.176035659901188 1.1843740349178997 1.1927124099346111 1.2010507849513228 1.2053590565919876 1.2053590565919876 1.2053590565919876 1.2053590565919876 1.2053590565919876 1.2053590565919876 1.2053590565919876 1.2053590565919876 1.2053590565919876 1.2053590565919876 1.2053590565919876 1.2053590565919876 1.2193605819384918 1.2483300545219518 1.277299527105412 1.306268999688872 1.3352384722723318 1.364207944855792 1.393177417439252 1.4221468900227614 1.4511163626062213
1.1052985563874245 1.1052985563874245 1.1052985563874245 1.1052985563874245 1.1052985563874245 1.1052985563874245 1.1052985563874245 1.1052985563874245 1.1052985563874245 1.1052985563874245 1.1052985563874245 1.1093286597674812 1.1176670347841928 1.1260054098009042 1.1343437848176159 1.1426821598343275 1.1510205348510534 1.1593589098677648 1.1676972848844764 1.176035659901188 1.1843740349178997 1.1927124099346111 1.2010507849513228 1.2053590565919876 1.2053590565919876 1.2053590565919876 1.2053590565919876 1.2053590565919876 1.2053590565919876 1.2053590565919876 1.2053590565919876 1.2053590565919876 1.2053590565919876 1.2053590565919876 1.2053590565919876 1.2193605819384918 1.2483300545219518 1.277299527105412 1.306268999688872 1.3352384722723318 1.364207944855792 1.393177417439252 1.4221468900227614 1.4511163626062213
