Figures/CREST_Example_wjb_NSE/Rolling_result/20100722/BJP_forecast/ens_8/wjb.rain.20100723.asc
ncols            288
nrows            254
xllcorner        113.274861
yllcorner        31.4918055
cellsize         0.008333333333
NODATA_value     -9999
[rows 80 to 99 of 254, columns 132 to 175 of 288]
0.32941479764084536 0.31316457683881116 0.29691435603677696 0.3562090825836123 0.4962630664349613 0.6363170502863105 0.7763710341376595 0.9164250179890086 1.0564790018403576 1.1965329856917066 1.3365869695430557 1.4766409533946436 1.6166949372459927 1.7567489210973417 1.8968029049486907 1.9648956919816023 1.9560603319325556 1.9472249718835086 1.938389611834462 1.929554251785415 1.9207188917363682 1.9118835316873213 1.9030481716382746 1.8942128115892276 1.8853774515401658 1.8765420914911188 1.8677067314420719 1.9337945851248195 2.079977049121159 2.2261595131174987 2.3723419771138383 2.518524441110178 2.6647069051065175 2.8108893691028576 2.957071833099197 3.103254297095537 3.2494367610918764 3.395619225088465 3.5418016890848047 3.579190492524132 3.500276411588042 3.421362330651952 3.342448249715862 3.263534168779772
0.2949127406656338 0.28031471151861387 0.26571668237159385 0.33486017651783284 0.4935252530338479 0.652190329549863 0.8108554060658781 0.9695204825818933 1.1281855590979082 1.2868506356139235 1.4455157121299385 1.6041807886462243 1.7628458651622392 1.9215109416782545 2.0801760181942694 2.158611366187933 2.151279319683069 2.143947273178205 2.1366152266733414 2.1292831801684775 2.1219511336636137 2.11461908715875 2.107287040653886 2.099954994149022 2.092622947644146 2.085290901139282 2.077958854634418 2.1384034150213793 2.2713027013469667 2.404201987672554 2.5371012739981413 2.6700005603237287 2.802899846649316 2.9357991329749034 3.0686984193004907 3.201597705626078 3.3344969919516654 3.467396278277479 3.6002955646030665 3.6320898487285613 3.555800598202775 3.4795113476769886 3.403222097151202 3.3269328466254158
0.2604106836904223 0.24746484619841658 0.23451900870641085 0.31351127045205346 0.49078743963273463 0.6680636088134159 0.8453397779940971 1.0226159471747782 1.1998921163554594 1.3771682855361407 1.554444454716822 1.7317206238978053 1.9089967930784866 2.0862729622591676 2.2635491314398486 2.3523270403942638 2.346498307433583 2.3406695744729022 2.334840841512221 2.3290121085515403 2.3231833755908595 2.3173546426301788 2.3115259096694976 2.305697176708817 2.299868443748126 2.294039710787445 2.2882109778267643 2.3430122449179396 2.462628353572774 2.5822444622276093 2.7018605708824444 2.8214766795372794 2.941092788192114 3.060708896846949 3.180325005501784 3.299941114156619 3.419557222811454 3.539173331466493 3.658789440121328 3.6849892049329904 3.611324784817508 3.5376603647020253 3.4639959445865425 3.3903315244710597
0.2259086267152108 0.21461498087821929 0.20332133504122776 0.292162364386274 0.4880496262316213 0.6839368880769685 0.8798241499223158 1.075711411767663 1.2715986736130103 1.4674859354583574 1.6633731973037047 1.859260459149386 2.0551477209947335 2.2510349828400806 2.4469222446854277 2.546042714600594 2.5417172951840965 2.5373918757675984 2.5330664563511007 2.5287410369346026 2.524415617518105 2.520090198101607 2.515764778685109 2.511439359268611 2.507113939852106 2.502788520435608 2.49846310101911 2.547621074814499 2.6539540057985818 2.760286936782664 2.866619867766747 2.9729527987508297 3.079285729734912 3.185618660718995 3.2919515917030773 3.39828452268716 3.5046174536712424 3.6109503846555064 3.7172833156395892 3.73788856113742 3.6668489714322408 3.595809381727062 3.524769792021883 3.4537302023167036
0.1914065697399993 0.181765115558022 0.1721236613760447 0.2708134583204946 0.4853118128305079 0.6998101673405213 0.9143085218505345 1.1288068763605479 1.3433052308705613 1.5578035853805745 1.772301939890588 1.986800294400967 2.2012986489109805 2.4157970034209937 2.630295357931007 2.7397583888069255 2.7369362829346104 2.7341141770622954 2.7312920711899804 2.728469965317666 2.725647859445351 2.722825753573036 2.720003647700721 2.717181541828406 2.7143594359560863 2.7115373300837713 2.7087152242114567 2.752229904711059 2.8452796580243893 2.93832941133772 3.03137916465105 3.12442891796438 3.2174786712777106 3.3105284245910407 3.403578177904371 3.4966279312177013 3.5896776845310314 3.6827274378445205 3.7757771911578506 3.7907879173418495 3.722373158046974 3.6539583987520983 3.585543639457223 3.5171288801623475
0.21141021536283447 0.20628399935759587 0.20115778335235726 0.30671091512929743 0.5305827729033441 0.7544546306773906 0.9783264884514372 1.202198346225484 1.4260702039995306 1.649942061773577 1.8738139195476236 2.0976857773220523 2.3215576350960987 2.545429492870145 2.769301350644192 2.8814525248424405 2.874171761299293 2.8668909977561454 2.859610234212998 2.8523294706698508 2.845048707126703 2.8377679435835557 2.830487180040408 2.823206416497261 2.815925652954101 2.8086448894109535 2.8013641258678064 2.8400088413440963 2.92774893277015 3.0154890241962033 3.1032291156222565 3.19096920704831 3.2787092984743635 3.366449389900417 3.4541894813264706 3.541929572752524 3.6296696641785773 3.7174097556047805 3.805149847030834 3.8187057343128856 3.752957029095077 3.687208323877268 3.621459618659459 3.55571091344165
0.2896770205463985 0.2921264589381028 0.29457589732980716 0.40380112453920647 0.6271720849264804 0.8505430453137544 1.0739140057010284 1.2972849660883021 1.5206559264755761 1.7440268868628501 1.967397847250124 2.190768807637779 2.414139768025053 2.6375107284123267 2.8608816887996005 2.9675389164661845 2.949426523918208 2.9313141313702307 2.913201738822254 2.8950893462742773 2.8769769537263006 2.858864561178324 2.840752168630347 2.8226397760823705 2.804527383534363 2.7864149909863865 2.7683025984384098 2.8029039880572872 2.8938576032483865 2.9848112184394853 3.075764833630584 3.166718448821683 3.2576720640127816 3.348625679203881 3.4395792943949797 3.5305329095860785 3.6214865247771773 3.7124401399684315 3.8033937551595303 3.819919860898258 3.7568812752581797 3.6938426896181014 3.6308041039780226 3.567765518337944
0.3679438257299624 0.37796891851860964 0.3879940113072569 0.5008913339491154 0.7237613969496166 0.9466314599501179 1.1695015229506192 1.3923715859511203 1.6152416489516215 1.8381117119521226 2.060981774952624 2.283851837953505 2.5067219009540067 2.729591963954508 2.952462026955009 3.053625308089928 3.0246812865371218 2.995737264984316 2.96679324343151 2.9378492218787042 2.908905200325898 2.879961178773092 2.8510171572202863 2.8220731356674804 2.793129114114625 2.764185092561819 2.735241071009013 2.7657991347704787 2.8599662737266227 2.954133412682767 3.0483005516389117 3.1424676905950557 3.2366348295511997 3.3308019685073442 3.4249691074634887 3.5191362464196327 3.613303385375777 3.707470524332082 3.8016376632882265 3.82113398748363 3.760805521421282 3.7004770553589346 3.6401485892965866 3.5798201232342386
0.4462106309135264 0.46381137809911654 0.4814121252847067 0.5979815433590244 0.8203507089727529 1.0427198745864814 1.26508904020021 1.4874582058139385 1.709827371427667 1.9321965370413956 2.1545657026551237 2.3769348682692315 2.59930403388296 2.8216731994966886 3.044042365110417 3.1397116997136716 3.099936049156036 3.060160398598401 3.0203847480407657 2.9806090974831307 2.9408334469254953 2.9010577963678603 2.861282145810225 2.82150649525259 2.781730844694887 2.7419551941372515 2.7021795435796165 2.7286942814836697 2.8260749442048594 2.923455606926049 3.020836269647239 3.1182169323684286 3.2155975950896183 3.312978257810808 3.4103589205319977 3.5077395832531875 3.605120245974377 3.7025009086957326 3.7998815714169227 3.822348114069002 3.764729767584385 3.7071114210997678 3.64949307461515 3.591874728130533
0.5244774360970903 0.5496538376796234 0.5748302392621565 0.6950717527689334 0.9169400209958892 1.138808289222845 1.3606765574498008 1.5825448256767567 1.8044130939037124 2.0262813621306686 2.248149630357624 2.4700178985849583 2.691886166811914 2.9137544350388698 3.1356227032658257 3.2257980913374156 3.175190811774951 3.1245835322124864 3.073976252650022 3.0233689730875573 2.9727616935250927 2.922154413962628 2.8715471344001635 2.8209398548376994 2.770332575275148 2.719725295712684 2.6691180161502195 2.69158942819686 2.7921836146830956 2.8927778011693306 2.993371987655566 3.0939661741418014 3.1945603606280364 3.2951545471142714 3.3957487336005068 3.496342920086742 3.596937106572977 3.697531293059384 3.798125479545619 3.8235622406543746 3.7686540137474878 3.713745786840601 3.658837559933714 3.6039293330268274
0.6027442412806543 0.6354962972601302 0.6682483532396063 0.7921619621788424 1.0135293330190256 1.2348967038592087 1.456264074699392 1.6776314455395753 1.8989988163797582 2.1203661872199415 2.341733558060125 2.5631009289006856 2.7844682997408685 3.005835670581052 3.227203041421235 3.3118844829611596 3.2504455743938654 3.1890066658265717 3.127567757259278 3.066128848691984 3.0046899401246905 2.9432510315573968 2.8818121229901026 2.820373214422809 2.7589343058554103 2.6974953972881166 2.636056488720823 2.6544845749100516 2.758292285161332 2.8620999954126125 2.965907705663893 3.069715415915174 3.1735231261664545 3.277330836417735 3.381138546669016 3.4849462569202965 3.588753967171577 3.6925616774230345 3.796369387674315 3.8247763672397466 3.7725782599105906 3.720380152581434 3.668182045252278 3.615983937923122
0.6810110464642183 0.7213387568406371 0.7616664672170561 0.8892521715887514 1.1101186450421618 1.3309851184955726 1.5518515919489828 1.7727180654023935 1.9935845388558038 2.2144510123092145 2.4353174857626247 2.656183959216412 2.8770504326698223 3.097916906123233 3.3187833795766433 3.397970874584903 3.32570033701278 3.253429799440657 3.181159261868534 3.1088887242964107 3.036618186724288 2.9643476491521645 2.8920771115800417 2.8198065740079183 2.7475360364356725 2.675265498863549 2.6029949612914263 2.6173797216232426 2.7244009556395685 2.8314221896558944 2.9384434236722208 3.0454646576885467 3.152485891704873 3.259507125721199 3.366528359737525 3.4735495937538508 3.580570827770177 3.6875920617866855 3.7946132958030114 3.8259904938251186 3.776502506073693 3.7270145183222674 3.677526530570842 3.628038542819416
0.7592778516478489 0.8071812164212172 0.8550845811945856 0.9863423809987432 1.2067079570653805 1.4270735331320181 1.6474391091986553 1.8678046852652928 2.08817026133193 2.3085358373985674 2.5289014134652046 2.7492669895322184 2.9696325655988556 3.189998141665493 3.41036371773213 3.4840572662087204 3.4009550996317586 3.3178529330547972 3.2347507664778354 3.1516485999008736 3.0685464333239123 2.985444266746951 2.902342100169989 2.8192399335930274 2.7361377670159244 2.6530356004389626 2.5699334338620012 2.5802748683364016 2.690509626117776 2.80074438389915 2.9109791416805244 3.0212138994618987 3.131448657243273 3.241683415024647 3.3519181728060214 3.4621529305873957 3.57238768836877 3.682622446150332 3.7928572039317063 3.827204620410492 3.7804267522367994 3.7336488840631064 3.686871015889414 3.640093147715721
0.8375446568314129 0.8930236760017242 0.9485026951720354 1.0834325904086521 1.303297269088517 1.5231619477683815 1.7430266264482461 1.9628913051281107 2.1827559838079758 2.4026206624878403 2.622485341167705 2.8423500198479443 3.062214698527809 3.2820793772076735 3.501944055887538 3.570143657832464 3.476209862250673 3.382276066668882 3.288342271087091 3.1944084755053 3.1004746799235097 3.0065408843417187 2.912607088759928 2.8186732931781373 2.724739497596186 2.630805702014395 2.536871906432604 2.5431700150495926 2.6566182965960126 2.770066578142432 2.8835148596888516 2.9969631412352715 3.110411422781691 3.2238597043281105 3.3373079858745305 3.45075626742095 3.5642045489673695 3.677652830513983 3.7911011120604026 3.828418746995864 3.7843509983999017 3.7402832498039396 3.6962155012079774 3.652147752612015
0.9158114620149771 0.9788661355822312 1.0419208091494854 1.1805227998185612 1.3998865811116532 1.6192503624047452 1.8386141436978372 2.0579779249909294 2.2773417062840213 2.4967054875771133 2.7160692688702053 2.935433050163671 3.154796831456763 3.374160612749855 3.593524394042947 3.656230049456208 3.5514646248695874 3.4466992002829673 3.341933775696347 3.237168351109727 3.132402926523107 3.027637501936487 2.922872077349867 2.818106652763247 2.713341228176448 2.6085758035898277 2.503810379003208 2.506065161762784 2.622726967074249 2.739388772385714 2.856050577697179 2.9727123830086444 3.089374188320109 3.2060359936315743 3.3226977989430395 3.4393596042545047 3.55602140956597 3.672683214877634 3.789345020189099 3.829632873581236 3.7882752445630046 3.7469176155447728 3.7055599865265414 3.6642023575083096
0.9940782671985409 1.0647085951627377 1.1353389231269349 1.27761300922847 1.4964758931347895 1.7153387770411086 1.934201660947428 2.153064544853747 2.3719274287600665 2.590790312666386 2.8096531965727047 3.0285160804793976 3.2473789643857165 3.466241848292036 3.685104732198355 3.7423164410799514 3.6267193874885018 3.5111223338970525 3.3955252803056033 3.279928226714154 3.1643311731227044 3.048734119531255 2.933137065939806 2.8175400123483563 2.7019429587567103 2.5863459051652606 2.4707488515738114 2.468960308475975 2.5888356375524855 2.708710966628996 2.8285862957055063 2.9484616247820172 3.0683369538585277 3.188212282935038 3.3080876120115486 3.427962941088059 3.5478382701645694 3.6677135992412846 3.787588928317795 3.830847000166608 3.792199490726107 3.753551981285606 3.714904471845105 3.6762569624046035
1.0723450723821049 1.1505510547432447 1.2287570371043848 1.3747032186383792 1.5930652051579257 1.8114271916774722 2.029789178197019 2.2481511647165657 2.4665131512361125 2.684875137755659 2.903237124275205 3.1215991107951244 3.3399610973146707 3.5583230838342175 3.776685070353764 3.8284028327036954 3.7019741501074166 3.575545467511138 3.4491167849148594 3.3226881023185806 3.196259419722302 3.0698307371260234 2.943402054529745 2.816973371933466 2.690544689336972 2.5641160067406936 2.437687324144415 2.431855455189166 2.554944308030722 2.678033160872278 2.801122013713834 2.9242108665553896 3.0472997193969458 3.170388572238502 3.2934774250800576 3.4165662779216133 3.5396551307631694 3.662743983604935 3.7858328364464913 3.83206112675198 3.79612373688921 3.760186347026439 3.7242489571636685 3.688311567300898
1.1134620575193512 1.1961102335209803 1.2787584095226097 1.425532555355025 1.6408588132638469 1.8561850711726688 2.0715113290814906 2.2868375869903126 2.5021638448991346 2.7174901028079566 2.9328163607167785 3.1481426186259673 3.3634688765347893 3.5787951344436113 3.7941213923524333 3.844290107046453 3.717901672362045 3.591513237677637 3.465124802993229 3.338736368308821 3.2123479336244136 3.0859594989400057 2.9595710642555977 2.8331826295711897 2.706794194886566 2.5804057602021584 2.4540173255177504 2.4473440615778665 2.568649023234823 2.6899539848917793 2.8112589465487354 2.9325639082056916 3.0538688698626477 3.175173831519604 3.29647879317656 3.4177837548335166 3.5390887164904727 3.660393678147636 3.781698639804592 3.8284771600198955 3.7955852283217113 3.762693296623527 3.7298013649253434 3.6969094332271593
1.1148682272004846 1.1986091248483017 1.282350022496119 1.426911935757737 1.6364928902901574 1.8460738448225782 2.0556547993549987 2.2652357538874193 2.47481670841984 2.6843976629522603 2.893978617484681 3.103559572017459 3.3131405265498794 3.5227214810823 3.7323024356147205 3.7851389508381725 3.670412115053682 3.5556852792691913 3.4409584434847007 3.3262316077002096 3.211504771915719 3.0967779361312284 2.982051100346738 2.8673242645622468 2.7525974287775608 2.63787059299307 2.523143757208579 2.5190517605159006 2.6332309094775797 2.747410058439259 2.8615892074009386 2.9757683563626176 3.089947505324297 3.204126654285976 3.3183058032476556 3.432484952209335 3.546664101171014 3.660843250132888 3.775022399094567 3.819764334035371 3.7902763163091353 3.7607882985828995 3.731300280856664 3.7018122631304284
1.1162743968816167 1.2011080161756211 1.2859416354696256 1.4282913161604476 1.6321269673164718 1.8359626184724958 2.0397982696285197 2.243633920784544 2.447469571940568 2.6513052230965926 2.8551408742526165 3.0589765254089882 3.262812176565012 3.466647827721036 3.6704834788770606 3.7259877946299427 3.622922557745359 3.5198573208607757 3.4167920839761923 3.313726847091609 3.2106616102070253 3.1075963733224423 3.004531136437859 2.9014658995532754 2.798400662668516 2.6953354257839326 2.5922701888993496 2.5907594594538734 2.6978127957202815 2.80486613198669 2.9119194682530987 3.018972804519507 3.1260261407859153 3.233079477052324 3.3401328133187325 3.447186149585141 3.554239485851549 3.6612928221181402 3.7683461583845483 3.811051508050854 3.7849674042965638 3.7588833005422737 3.7327991967879837 3.7067150930336936
