Figures/CREST_Example_wjb_NSE/Rolling_result/20100722/BJP_forecast/ens_8/wjb.rain.20100727.asc
ncols            288
nrows            254
xllcorner        113.274861
yllcorner        31.4918055
cellsize         0.008333333333
NODATA_value     -9999
[rows 120 to 139 of 254, columns 220 to 263 of 288]
0.1710502296636582 0.15478556918966696 0.13852090871570344 0.1222562482417399 0.10599158776777638 0.08972692729381286 0.07346226681984933 0.057197606345885804 0.04093294587192228 0.02466828539795876 0.00840362492399524 5.196772921508203 5.196772921508203 5.196772921508203 5.196772921508203 5.196772921508203 5.196772921508203 5.196772921508203 5.196772921508203 5.196772921508203 5.196772921508203 5.196772921508203 5.196772921508203 5.196772921508203 5.196772921508203 5.196772921508203 5.196772921508203 5.196772921508203 5.196772921508203 5.196772921508203 5.196772921508203 5.196772921508203 5.196772921508203 5.196772921508203 5.196772921508203 5.196772921508203 5.196772921508203 5.196772921508203 5.196772921508203 5.196772921508203 5.196772921508203 5.196772921508203 5.196772921508203 -9999.0
0.1965181348566798 0.1878368305574485 0.17915552625823195 0.17047422195901543 0.1617929176597989 0.15311161336058238 0.14443030906136584 0.13574900476214932 0.1270677004629328 0.11838639616371628 0.10970509186449975 0.1043322756674823 0.10249630813367866 0.10066034059987501 0.09882437306606824 0.09698840553226461 0.09515243799846097 0.09331647046465733 0.09148050293085369 0.08964453539705006 0.08780856786324642 0.08597260032944277 0.08413663279563914 0.09336250464225138 0.11441373317501286 0.13546496170777433 0.1565161902405358 0.1775674187733332 0.1986186473060947 0.2196698758388562 0.24072110437161767 0.2617723329043792 0.28282356143714066 0.30387478996990214 0.3249260185026636 5.196772921508203 5.196772921508203 5.196772921508203 5.196772921508203 5.196772921508203 5.196772921508203 5.196772921508203 5.196772921508203 -9999.0
0.2332872617868592 0.24180945378101726 0.25033164577516076 0.25885383776930426 0.26737602976344776 0.27589822175759127 0.28442041375173477 0.29294260574587827 0.3014647977400218 0.3099869897341653 0.3185091817283088 0.32018917664665525 0.3145547080295598 0.3089202394124644 0.3032857707953594 0.29765130217826397 0.29201683356116853 0.2863823649440731 0.2807478963269777 0.2751134277098823 0.26947895909278685 0.2638444904756915 0.25821002185859604 0.2679994193905264 0.29427727896020484 0.32055513852988327 0.3468329980995617 0.3731108576692849 0.39938871723896335 0.4256665768086418 0.4519444363783202 0.47822229594799864 0.5045001555176771 0.5307780150873556 0.557055874657034 5.196772921508203 5.196772921508203 5.196772921508203 5.196772921508203 5.196772921508203 5.196772921508203 5.196772921508203 5.196772921508203 5.196772921508203
0.2700563887170387 0.2957820770045861 0.3215077652920897 0.34723345357959323 0.3729591418670968 0.3986848301546004 0.424410518442104 0.4501362067296075 0.47586189501711107 0.5015875833046146 0.5273132715921183 0.5360460776258286 0.5266131079254414 0.5171801382250542 0.5077471685246508 0.4983141988242636 0.4888812291238763 0.4794482594234891 0.4700152897231019 0.46058232002271465 0.4511493503223274 0.4417163806219402 0.432283410921553 0.44263633413880143 0.47414082474539676 0.5056453153519921 0.5371498059585874 0.5686542965652365 0.6001587871718318 0.6316632777784271 0.6631677683850224 0.6946722589916178 0.7261767495982131 0.7576812402048084 0.7891857308114038 5.196772921508203 5.196772921508203 5.196772921508203 5.196772921508203 5.196772921508203 5.196772921508203 5.196772921508203 5.196772921508203 5.196772921508203
0.3068255156472494 0.3497547002282009 0.3926838848090791 0.43561306938995736 0.47854225397083566 0.5214714385517139 0.5644006231325922 0.6073298077134704 0.6502589922943487 0.693188176875227 0.7361173614561052 0.7519029786051856 0.7386715078215034 0.7254400370378211 0.7122085662541163 0.6989770954704341 0.6857456246867518 0.6725141539030696 0.6592826831193873 0.6460512123357051 0.6328197415520228 0.6195882707683406 0.6063567999846583 0.6172732488872255 0.6540043705307421 0.6907354921742588 0.7274666138177754 0.7641977354613548 0.8009288571048715 0.8376599787483882 0.8743911003919048 0.9111222220354216 0.9478533436789383 0.9845844653224549 1.0213155869659716 5.196772921508203 5.196772921508203 5.196772921508203 5.196772921508203 5.196772921508203 5.196772921508203 5.196772921508203 5.196772921508203 5.196772921508203
0.34359464257742883 0.40372732345176965 0.463860004326008 0.5239926852002463 0.5841253660744846 0.6442580469487229 0.7043907278229612 0.7645234086971995 0.8246560895714379 0.884788770445676 0.9449214513199145 0.9677598795843588 0.9507299077173847 0.9336999358504107 0.9166699639834076 0.8996399921164335 0.8826100202494594 0.8655800483824855 0.8485500765155114 0.8315201046485373 0.8144901327815632 0.7974601609145893 0.7804301890476152 0.7919101636355005 0.833867916315934 0.8758256689963677 0.9177834216768013 0.9597411743573064 1.00169892703774 1.0436566797181737 1.0856144323986072 1.1275721850790408 1.1695299377594743 1.211487690439908 1.2534454431203417 5.196772921508203 5.196772921508203 5.196772921508203 5.196772921508203 5.196772921508203 5.196772921508203 5.196772921508203 5.196772921508203 5.196772921508203
0.38036376950760825 0.45769994667533853 0.5350361238429369 0.6123723010105352 0.6897084781781335 0.767044655345732 0.8443808325133304 0.9217170096809286 0.9990531868485271 1.0763893640161253 1.1537255411837237 1.183616780563532 1.1627883076132661 1.1419598346630002 1.1211313617126988 1.100302888762433 1.0794744158121672 1.0586459428619013 1.0378174699116356 1.0169889969613697 0.9961605240111038 0.975332051060838 0.9545035781105722 0.9665470783837755 1.013731462101126 1.0609158458184764 1.108100229535827 1.155284613253258 1.2024689969706084 1.2496533806879588 1.2968377644053095 1.34402214812266 1.3912065318400104 1.438390915557361 1.4855752992747115 5.196772921508203 5.196772921508203 5.196772921508203 5.196772921508203 5.196772921508203 5.196772921508203 5.196772921508203 5.196772921508203 5.196772921508203
0.4171328964377876 0.5116725698989073 0.6062122433598657 0.700751916820824 0.7952915902817825 0.8898312637427408 0.9843709372036993 1.0789106106646578 1.173450284125616 1.2679899575865745 1.362529631047533 1.3994736815427051 1.3748467075091475 1.3502197334755899 1.32559275944199 1.3009657854084324 1.2763388113748748 1.2517118373413172 1.2270848633077596 1.202457889274202 1.1778309152406443 1.1532039412070867 1.128576967173529 1.1411839931320504 1.193595007886318 1.2460060226405854 1.2984170373948527 1.3508280521492095 1.403239066903477 1.4556500816577445 1.5080610964120118 1.5604721111662792 1.6128831259205467 1.665294140674814 1.7177051554290816 5.196772921508203 5.196772921508203 5.196772921508203 5.196772921508203 5.196772921508203 5.196772921508203 5.196772921508203 5.196772921508203 5.196772921508203
0.45390202336796714 0.5656451931224762 0.6773883628767946 0.789131532631113 0.9008747023854315 1.0126178721397499 1.1243610418940684 1.236104211648387 1.3478473814027052 1.4595905511570237 1.5713337209113423 1.6153305825218782 1.5869051074050289 1.5584796322881793 1.5300541571712816 1.501628682054432 1.4732032069375827 1.444777731820733 1.4163522567038838 1.3879267815870342 1.3595013064701849 1.3310758313533353 1.302650356236486 1.3158209078803256 1.3734585536715098 1.4310961994626943 1.4887338452538785 1.5463714910451611 1.6040091368363456 1.6616467826275299 1.7192844284187143 1.7769220742098986 1.8345597200010828 1.8921973657922673 1.9498350115834517 5.196772921508203 5.196772921508203 5.196772921508203 5.196772921508203 5.196772921508203 5.196772921508203 5.196772921508203 5.196772921508203 5.196772921508203
0.49067115029814656 0.6196178163460448 0.7485644823937234 0.8775111484414019 1.0064578144890803 1.135404480536759 1.2643511465844375 1.3932978126321158 1.5222444786797944 1.6511911447274727 1.7801378107751513 1.831187483501051 1.79896350730091 1.7667395311007688 1.7345155549005726 1.7022915787004314 1.67006760250029 1.637843626300149 1.6056196501000077 1.5733956738998665 1.5411716976997254 1.5089477214995841 1.4767237452994428 1.4904578226286007 1.5533220994567019 1.6161863762848032 1.6790506531129044 1.741914929941113 1.804779206769214 1.8676434835973152 1.9305077604254166 1.993372037253518 2.056236314081619 2.1191005909097202 2.181964867737822 5.196772921508203 5.196772921508203 5.196772921508203 5.196772921508203 5.196772921508203 5.196772921508203 5.196772921508203 5.196772921508203 5.196772921508203
0.527440277228326 0.6735904395696137 0.8197406019106523 0.9658907642516908 1.1120409265927296 1.258191088933768 1.4043412512748066 1.5504914136158452 1.6966415759568836 1.8427917382979222 1.9889419006389608 2.0470443844802246 2.0110219071967914 1.9749994299133584 1.9389769526298641 1.902954475346431 1.866931998062998 1.830909520779565 1.794887043496132 1.758864566212699 1.7228420889292657 1.6868196116458327 1.6507971343623997 1.6650947373768756 1.733185645241894 1.801276553106912 1.8693674609719302 1.9374583688370643 2.0055492767020824 2.073640184567101 2.141731092432119 2.209822000297137 2.277912908162155 2.3460038160271734 2.4140947238921915 5.196772921508203 5.196772921508203 5.196772921508203 5.196772921508203 5.196772921508203 5.196772921508203 5.196772921508203 5.196772921508203 5.196772921508203
0.5642094041585368 0.7275630627932286 0.8909167214276419 1.0542703800620552 1.2176240386964683 1.3809776973308816 1.544331355965295 1.707685014599708 1.8710386732341213 2.034392331868535 2.197745990502948 2.2629012854595816 2.2230803070928533 2.1832593287261255 2.1434383503593297 2.1036173719926015 2.0637963936258736 2.0239754152591454 1.9841544368924173 1.9443334585256893 1.9045124801589612 1.8646915017922332 1.8248705234255052 1.8397316521252995 1.9130491910272391 1.9863667299291787 2.059684268831118 2.1330018077331827 2.206319346635122 2.2796368855370615 2.3529544244390013 2.4262719633409406 2.4995895022428805 2.57290704114482 2.646224580046759 5.196772921508203 5.196772921508203 5.196772921508203 5.196772921508203 5.196772921508203 5.196772921508203 5.196772921508203 5.196772921508203 5.196772921508203
0.6009785310887161 0.7815356860167973 0.9620928409445706 1.142649995872344 1.323207150800117 1.5037643057278904 1.6843214606556638 1.864878615583437 2.0454357705112103 2.225992925438984 2.406550080366757 2.4787581864387547 2.4351387069887345 2.3915192275387147 2.347899748088621 2.304280268638601 2.260660789188581 2.217041309738561 2.1734218302885413 2.1298023508385215 2.086182871388502 2.042563391938482 1.998943912488462 2.0143685668735745 2.092912736812431 2.1714569067512874 2.250001076690144 2.3285452466291345 2.407089416567991 2.4856335865068475 2.564177756445704 2.64272192638456 2.7212660963234168 2.799810266262273 2.8783544362011297 5.196772921508203 5.196772921508203 5.196772921508203 5.196772921508203 5.196772921508203 5.196772921508203 5.196772921508203 5.196772921508203 5.196772921508203
0.9145403454540635 1.0841139226137555 1.2536874997731586 1.4232610769325613 1.5928346540919645 1.7624082312513674 1.9319818084107703 2.1015553855701734 2.271128962729576 2.440702539888979 2.6102761170483824 2.6753573466261544 2.6287338916337992 2.582110436641444 2.5354869816490093 2.488863526656654 2.442240071664299 2.3956166166719437 2.3489931616795885 2.3023697066872333 2.255746251694878 2.209122796702523 2.1624993417101677 2.182136227936708 2.272606918751535 2.363077609566362 2.4535483003811893 2.544018991196171 2.6344896820109978 2.7249603728258247 2.815431063640652 2.905901754455479 2.996372445270306 3.0868431360851334 3.177313826899961 3.2348121726703796 3.257062335180239 3.2793124976900985 3.301562660199958 3.3238128227098174 3.3460629852197146 3.368313147729574 3.3905633102394335 3.412813472749293
1.5239760935285398 1.6524358876760272 1.7808956818232953 1.9093554759705635 2.037815270117832 2.1662750642651 2.294734858412368 2.423194652559636 2.5516544467069044 2.6801142408541727 2.808574035001441 2.8513711959254278 2.8025930631067046 2.7538149302879815 2.705036797469175 2.656258664650452 2.6074805318317287 2.5587023990130056 2.5099242661942824 2.4611461333755593 2.412368000556836 2.3635898677381126 2.3148117349193895 2.3425610898518507 2.4521200614159584 2.5616790329800656 2.671238004544173 2.7807969761084674 2.8903559476725746 2.9999149192366823 3.1094738908007895 3.219032862364897 3.3285918339290044 3.438150805493112 3.5477097770572197 3.6316452156396153 3.688188517414456 3.7447318191892967 3.8012751209641373 3.857818422738978 3.9143617245139155 3.970905026288756 4.027448328063596 4.0839916298384376
2.1334118416030172 2.2207578527382994 2.308103863873433 2.395449875008566 2.4827958861436996 2.570141897278833 2.6574879084139664 2.7448339195491 2.8321799306842332 2.9195259418193666 3.0068719529544996 3.027385045224701 2.97645223457961 2.9255194239345186 2.874586613289341 2.8236538026442495 2.7727209919991584 2.7217881813540674 2.6708553707089764 2.619922560063885 2.568989749418794 2.518056938773703 2.467124128128612 2.5029859517669935 2.6316332040803814 2.760280456393769 2.8889277087071568 3.017574961020764 3.1462222133341515 3.2748694656475394 3.403516717960927 3.532163970274315 3.6608112225877028 3.7894584749010907 3.918105727214478 4.0284782586088514 4.119314699648673 4.210151140688495 4.300987581728317 4.391824022768139 4.482660463808116 4.5734969048479375 4.6643333458877585 4.75516978692758
2.7428475896774938 2.789079817800571 2.83531204592357 2.8815442740465684 2.927776502169567 2.9740087302925655 3.020240958415564 3.066473186538563 3.1127054146615616 3.15893764278456 3.2051698709075587 3.2033988945239744 3.1503114060525155 3.097223917581056 3.0441364291095065 2.9910489406380476 2.937961452166588 2.8848739636951293 2.8317864752236703 2.778698986752211 2.725611498280752 2.6725240098092926 2.6194365213378337 2.6634108136821366 2.8111463467448043 2.9588818798074725 3.1066174128701403 3.2543529459330602 3.4020884789957284 3.549824012058396 3.6975595451210643 3.8452950781837325 3.9930306112464002 4.140766144309068 4.288501677371736 4.425311301578087 4.550440881882889 4.675570462187693 4.800700042492496 4.925829622797298 5.050959203102315 5.176088783407119 5.3012183637119215 5.426347944016724
3.35228333775249 3.3574017828633274 3.3625202279741564 3.367638673084985 3.372757118195814 3.3778755633066426 3.3829940084174717 3.3881124535283003 3.3932308986391293 3.398349343749958 3.403467788860787 3.379412743823398 3.324170577525569 3.26892841122774 3.213686244929817 3.1584440786319883 3.103201912334159 3.04795974603633 2.9927175797385015 2.9374754134406724 2.882233247142844 2.8269910808450147 2.771748914547186 2.8238356755974166 2.990659489409381 3.1574833032213454 3.3243071170333103 3.491130930845559 3.6579547446575233 3.824778558469488 3.9916023722814526 4.1584261860934175 4.325249999905382 4.492073813717346 4.658897627529311 4.822144344547661 4.981567064117474 5.140989783687288 5.3004125032571014 5.459835222826915 5.619257942397001 5.778680661966813 5.938103381536627 6.097526101106441
3.9617190858269664 3.9257237479255993 3.889728410024293 3.853733072122987 3.8177377342216814 3.7817423963203756 3.7457470584190693 3.7097517205177635 3.6737563826164576 3.637761044715152 3.6017657068138456 3.555426593122671 3.4980297489984746 3.4406329048742776 3.383236060749983 3.325839216625786 3.268442372501589 3.211045528377392 3.1536486842531954 3.0962518401289985 3.0388549960048015 2.981458151880605 2.924061307756408 2.9842605375125593 3.170172632073804 3.356084726635049 3.5419968211962938 3.7279089157578555 3.9138210103191007 4.099733104880345 4.28564519944159 4.471557294002835 4.657469388564079 4.843381483125325 5.02929357768657 5.2189773875168965 5.412693246351692 5.606409105186486 5.800124964021281 5.993840822856075 6.1875566816912 6.381272540525995 6.57498839936079 6.7687042581955845
4.571154833901443 4.494045712987871 4.41693659207443 4.33982747116099 4.262718350247549 4.1856092293341085 4.108500108420667 4.031390987507227 3.9542818665937864 3.8771727456803458 3.800063624766905 3.7314404424219454 3.6718889204713805 3.6123373985208156 3.552785876570149 3.493234354619584 3.433682832669019 3.3741313107184543 3.3145797887678894 3.2550282668173245 3.1954767448667596 3.1359252229161947 3.07637370096563 3.144685399427702 3.3496857747382274 3.5546861500487523 3.7596865253592773 3.964686900670152 4.169687275980677 4.374687651291202 4.579688026601727 4.784688401912252 4.989688777222778 5.194689152533303 5.399689527843828 5.615810430486132 5.843819428585908 6.071828426685684 6.29983742478546 6.5278464228852355 6.755855420985401 6.983864419085176 7.211873417184952 7.439882415284728
