Figures/CREST_Example_wjb_NSE/Rolling_result/20100722/raw_forecast_backup/ens_4/wjb.rain.20100724.asc
ncols            288
nrows            254
xllcorner        113.274861
yllcorner        31.4918055
cellsize         0.008333333333
NODATA_value     -9999
[rows 60 to 79 of 254, columns 135 to 179 of 288]
9.348086462923288 9.576916114569816 9.805745766216345 10.034575417862875 10.263405069509403 10.492234721155935 10.721064372802463 10.94989402444899 11.178723676095911 11.407553327742441 11.63638297938897 11.865212631035499 12.106781366447722 12.361968470549522 12.617155574651322 12.872342678753123 13.127529782854923 13.382716886956722 13.637903991058522 13.893091095160322 14.148278199262123 14.403465303364356 14.658652407466157 14.913839511567957 15.169026615669758 15.424213719771558 15.679400823873356 15.934587927975157 16.18977503207696 16.444962136178756 16.700149240280556 16.955336344382356 17.210523448484157 17.465710552585957 17.72089765668819 17.97608476078999 18.23127186489179 18.486458968993592 18.741646073095392 18.996833177197193 19.252020281298993 19.50720738540079 19.527883095933745 19.297860821146827 19.067838546359912
9.300471586845728 9.532856793040871 9.765241999236014 9.997627205431158 10.230012411626301 10.462397617821445 10.694782824016588 10.927168030211732 11.159553236407271 11.391938442602413 11.624323648797557 11.8567088549927 12.102746083001815 12.363377631123766 12.624009179245718 12.884640727367671 13.145272275489623 13.405903823611576 13.666535371733527 13.927166919855479 14.187798467977432 14.448430016099827 14.70906156422178 14.969693112343732 15.230324660465683 15.490956208587637 15.751587756709588 16.01221930483154 16.272850852953493 16.533482401075446 16.794113949197396 17.05474549731935 17.315377045441302 17.57600859356325 17.83664014168565 18.097271689807602 18.357903237929555 18.618534786051505 18.87916633417346 19.13979788229541 19.40042943041736 19.661060978539314 19.68519415151404 19.45650521090806 19.227816270302082
9.25285671076817 9.488797471511926 9.724738232255683 9.96067899299944 10.196619753743198 10.432560514486955 10.668501275230712 10.90444203597447 11.14038279671863 11.376323557462385 11.612264318206144 11.8482050789499 12.098710799555905 12.364786791698009 12.630862783840113 12.896938775982218 13.163014768124322 13.429090760266426 13.69516675240853 13.961242744550635 14.22731873669274 14.493394728835298 14.759470720977403 15.025546713119507 15.291622705261611 15.557698697403715 15.82377468954582 16.089850681687924 16.355926673830027 16.622002665972133 16.888078658114235 17.15415465025634 17.420230642398444 17.68630663454055 17.952382626683107 18.21845861882521 18.484534610967316 18.750610603109422 19.016686595251524 19.282762587393627 19.548838579535733 19.81491457167784 19.842505207094337 19.615149600669294 19.38779399424425
9.20524183469061 9.444738149982982 9.684234465275352 9.923730780567723 10.163227095860094 10.402723411152465 10.642219726444837 10.881716041737208 11.121212357029988 11.36070867232236 11.600204987614731 11.839701302907102 12.094675516109996 12.366195952272253 12.63771638843451 12.909236824596766 13.180757260759023 13.452277696921279 13.723798133083536 13.995318569245793 14.266839005408048 14.538359441570769 14.809879877733025 15.081400313895282 15.352920750057537 15.624441186219794 15.89596162238205 16.16748205854431 16.439002494706564 16.71052293086882 16.982043367031075 17.253563803193334 17.52508423935559 17.796604675517848 18.068125111680565 18.33964554784282 18.61116598400508 18.882686420167335 19.15420685632959 19.42572729249185 19.697247728654105 19.96876816481636 19.99981626267463 19.773793990430526 19.547771718186418
9.15762695861305 9.400678828454037 9.64373069829502 9.886782568136006 10.129834437976992 10.372886307817975 10.615938177658961 10.858990047499947 11.102041917341346 11.345093787182332 11.588145657023315 11.831197526864301 12.090640232664088 12.367605112846496 12.644569993028904 12.921534873211314 13.198499753393723 13.47546463357613 13.75242951375854 14.02939439394095 14.306359274123357 14.58332415430624 14.860289034488648 15.137253914671057 15.414218794853465 15.691183675035875 15.968148555218283 16.24511343540069 16.5220783155831 16.79904319576551 17.076008075947918 17.352972956130326 17.629937836312735 17.906902716495146 18.183867596678027 18.460832476860435 18.737797357042844 19.014762237225252 19.29172711740766 19.568691997590072 19.845656877772477 20.12262175795489 20.15712731825493 19.932438380191762 19.70774944212859
9.110012082535492 9.356619506925092 9.60322693131469 9.849834355704289 10.096441780093889 10.343049204483489 10.589656628873087 10.836264053262685 11.082871477652706 11.329478902042304 11.576086326431902 11.822693750821502 12.086604949218179 12.36901427342074 12.651423597623301 12.933832921825863 13.216242246028424 13.498651570230983 13.781060894433544 14.063470218636105 14.345879542838667 14.628288867041709 14.91069819124427 15.193107515446831 15.475516839649393 15.757926163851954 16.040335488054517 16.322744812257078 16.605154136459635 16.887563460662196 17.169972784864758 17.45238210906732 17.73479143326988 18.01720075747244 18.299610081675482 18.582019405878043 18.864428730080604 19.146838054283165 19.429247378485726 19.711656702688288 19.99406602689085 20.27647535109341 20.314438373835227 20.091082769952994 19.86772716607076
9.062397206457891 9.312560185396109 9.562723164334324 9.81288614327254 10.063049122210757 10.313212101148972 10.563375080087187 10.813538059025404 11.063701037964048 11.313864016902263 11.564026995840479 11.814189974778696 12.082569665772267 12.370423433994985 12.658277202217702 12.94613097044042 13.233984738663137 13.521838506885855 13.809692275108572 14.09754604333129 14.38539981155401 14.673253579777217 14.961107347999935 15.248961116222652 15.53681488444537 15.824668652668088 16.112522420890805 16.400376189113523 16.68822995733624 16.976083725558958 17.263937493781675 17.551791262004393 17.83964503022711 18.127498798449828 18.41535256667304 18.703206334895757 18.991060103118475 19.278913871341192 19.56676763956391 19.854621407786627 20.142475176009345 20.430328944232063 20.471749429415652 20.24972715971436 20.027704890013066
9.014782330380333 9.268500863867164 9.522219397353993 9.775937930840824 10.029656464327655 10.283374997814484 10.537093531301313 10.790812064788144 11.044530598275406 11.298249131762237 11.551967665249066 11.805686198735895 12.078534382326358 12.371832594569229 12.665130806812098 12.958429019054968 13.251727231297838 13.545025443540709 13.83832365578358 14.131621868026448 14.424920080269318 14.718218292512688 15.011516504755559 15.304814716998429 15.5981129292413 15.89141114148417 16.18470935372704 16.47800756596991 16.771305778212778 17.064603990455648 17.35790220269852 17.65120041494139 17.94449862718426 18.23779683942713 18.531095051670498 18.82439326391337 19.11769147615624 19.41098968839911 19.70428790064198 19.99758611288485 20.29088432512772 20.584182537370587 20.629060484995954 20.408371549475596 20.187682613955236
8.967167454302775 9.224441542338218 9.481715630373662 9.738989718409105 9.99626380644455 10.253537894479994 10.510811982515438 10.768086070550881 11.025360158586764 11.282634246622209 11.539908334657651 11.797182422693096 12.074499098880448 12.373241755143471 12.671984411406493 12.970727067669515 13.269469723932538 13.56821238019556 13.866955036458583 14.165697692721604 14.464440348984628 14.763183005248159 15.06192566151118 15.360668317774202 15.659410974037225 15.958153630300249 16.25689628656327 16.555638942826292 16.854381599089315 17.15312425535234 17.451866911615358 17.75060956787838 18.0493522241414 18.348094880404425 18.646837536667956 18.94558019293098 19.244322849194003 19.543065505457022 19.841808161720046 20.14055081798307 20.439293474246092 20.738036130509116 20.786371540576248 20.56701593923683 20.347660337897405
8.919552578225215 9.180382220809273 9.441211863393331 9.70204150597739 9.962871148561447 10.223700791145504 10.484530433729564 10.74536007631362 11.006189718898124 11.26701936148218 11.527849004066239 11.788678646650297 12.07046381543454 12.374650915717716 12.678838016000888 12.983025116284065 13.287212216567237 13.591399316850413 13.895586417133586 14.199773517416762 14.503960617699935 14.80814771798363 15.112334818266802 15.416521918549979 15.720709018833151 16.024896119116327 16.3290832193995 16.633270319682676 16.93745741996585 17.241644520249025 17.545831620532198 17.850018720815374 18.154205821098547 18.458392921381723 18.762580021665414 19.06676712194859 19.370954222231763 19.67514132251494 19.979328422798112 20.283515523081288 20.587702623364464 20.891889723647637 20.943682596156545 20.72566032899806 20.507638061839575
8.871937702147655 9.136322899280326 9.400708096412998 9.66509329354567 9.929478490678342 10.193863687811014 10.458248884943686 10.722634082076357 10.98701927920948 11.251404476342152 11.515789673474824 11.780174870607496 12.066428531988631 12.376060076291957 12.685691620595284 12.995323164898611 13.304954709201937 13.614586253505264 13.924217797808591 14.233849342111917 14.543480886415244 14.853112430719099 15.162743975022426 15.472375519325752 15.782007063629079 16.091638607932406 16.401270152235732 16.710901696539057 17.020533240842386 17.330164785145712 17.639796329449037 17.949427873752363 18.259059418055692 18.568690962359018 18.878322506662872 19.187954050966198 19.497585595269527 19.807217139572852 20.116848683876178 20.426480228179507 20.736111772482833 21.045743316786158 21.10099365173684 20.884304718759292 20.667615785781745
8.824322826070096 9.092263577751382 9.36020432943267 9.628145081113953 9.89608583279524 10.164026584476526 10.431967336157811 10.699908087839097 10.96784883952084 11.235789591202124 11.503730342883411 11.771671094564697 12.062393248542723 12.377469236866201 12.692545225189681 13.00762121351316 13.322697201836638 13.637773190160116 13.952849178483596 14.267925166807075 14.583001155130553 14.89807714345457 15.213153131778048 15.528229120101527 15.843305108425007 16.158381096748485 16.473457085071963 16.788533073395442 17.10360906171892 17.4186850500424 17.733761038365877 18.048837026689355 18.363913015012837 18.678989003336316 18.99406499166033 19.30914097998381 19.624216968307287 19.939292956630766 20.254368944954244 20.569444933277722 20.884520921601204 21.199596909924683 21.258304707317134 21.042949108520524 20.827593509723915
8.776707949992497 9.0482042562224 9.319700562452303 9.591196868682205 9.862693174912108 10.13418948114201 10.405685787371914 10.677182093601816 10.948678399832183 11.220174706062085 11.491671012291988 11.76316731852189 12.05835796509681 12.378878397440445 12.699398829784082 13.019919262127717 13.340439694471353 13.660960126814988 13.981480559158625 14.30200099150226 14.622521423845896 14.943041856190078 15.263562288533713 15.58408272087735 15.904603153220986 16.22512358556462 16.545644017908256 16.866164450251894 17.18668488259553 17.507205314939164 17.8277257472828 18.148246179626433 18.46876661197007 18.789287044313706 19.10980747665789 19.430327909001523 19.75084834134516 20.071368773688796 20.39188920603243 20.712409638376066 21.0329300707197 21.35345050306334 21.415615762897566 21.201593498281895 20.98757123366622
8.712042863394014 8.983818753832079 9.255594644270145 9.527370534708211 9.799146425146278 10.070922315584342 10.342698206022408 10.614474096460475 10.886249986899005 11.158025877337069 11.429801767775135 11.701577658213202 11.997545523535909 12.319375157206137 12.641204790876364 12.96303442454659 13.284864058216819 13.606693691887045 13.928523325557274 14.2503529592275 14.572182592897729 14.894012226568504 15.215841860238731 15.53767149390896 15.859501127579186 16.181330761249413 16.50316039491964 16.82499002858987 17.146819662260096 17.468649295930323 17.79047892960055 18.11230856327078 18.434138196941007 18.755967830611233 19.07779746428201 19.399627097952237 19.721456731622464 20.043286365292694 20.36511599896292 20.686945632633147 21.008775266303374 21.3306048999736 21.395285021248352 21.185066496011896 20.97484797077544
8.629152176778229 8.897705845683095 9.166259514587964 9.43481318349283 9.703366852397696 9.971920521302565 10.240474190207431 10.509027859112297 10.777581528017624 11.04613519692249 11.314688865827357 11.583242534732225 11.87604187979583 12.19476040108363 12.51347892237143 12.832197443659231 13.150915964947032 13.469634486234831 13.788353007522632 14.107071528810433 14.425790050098232 14.744508571386575 15.063227092674376 15.381945613962177 15.700664135249976 16.01938265653778 16.33810117782558 16.656819699113377 16.975538220401177 17.294256741688976 17.61297526297678 17.931693784264578 18.25041230555238 18.56913082684018 18.887849348128523 19.20656786941632 19.525286390704125 19.844004911991924 20.162723433279723 20.481441954567522 20.80016047585532 21.118878997143124 21.185066398819817 20.98129232035849 20.77751824189717
8.546261490162443 8.811592937534112 9.07692438490578 9.342255832277448 9.607587279649117 9.872918727020785 10.138250174392454 10.403581621764122 10.668913069136241 10.93424451650791 11.199575963879578 11.464907411251247 11.754538236055753 12.070145644961125 12.385753053866498 12.701360462771872 13.016967871677245 13.332575280582617 13.64818268948799 13.963790098393364 14.279397507298736 14.595004916204648 14.910612325110021 15.226219734015395 15.541827142920766 15.85743455182614 16.173041960731513 16.488649369636885 16.80425677854226 17.119864187447632 17.435471596353004 17.75107900525838 18.06668641416375 18.382293823069126 18.697901231975035 19.01350864088041 19.32911604978578 19.644723458691153 19.96033086759653 20.2759382765019 20.591545685407276 20.907153094312648 20.974847776391286 20.77751814470509 20.580188513018896
8.463370803546658 8.725480029385128 8.987589255223597 9.249698481062067 9.511807706900536 9.773916932739006 10.036026158577474 10.298135384415945 10.56024461025486 10.82235383609333 11.0844630619318 11.346572287770268 11.633034592315672 11.945530888838618 12.258027185361565 12.57052348188451 12.883019778407455 13.195516074930401 13.508012371453347 13.820508667976293 14.13300496449924 14.445501261022718 14.757997557545664 15.07049385406861 15.382990150591556 15.695486447114503 16.00798274363745 16.320479040160393 16.63297533668334 16.945471633206285 17.257967929729233 17.570464226252177 17.88296052277512 18.19545681929807 18.50795311582155 18.820449412344495 19.13294570886744 19.445442005390387 19.757938301913335 20.07043459843628 20.382930894959223 20.695427191482167 20.76462915396275 20.573743969051687 20.382858784140627
8.380480116930874 8.639367121236145 8.898254125541415 9.157141129846686 9.416028134151956 9.674915138457227 9.933802142762497 10.192689147067767 10.45157615137348 10.71046315567875 10.969350159984021 11.228237164289292 11.511530948575594 11.820916132716112 12.130301316856631 12.43968650099715 12.749071685137668 13.058456869278187 13.367842053418705 13.677227237559226 13.986612421699745 14.29599760584079 14.60538278998131 14.914767974121828 15.224153158262347 15.533538342402865 15.842923526543384 16.152308710683904 16.46169389482442 16.77107907896494 17.08046426310546 17.38984944724598 17.699234631386496 18.008619815527016 18.318004999668062 18.62739018380858 18.9367753679491 19.24616055208962 19.555545736230137 19.864930920370654 20.174316104511174 20.483701288651694 20.554410531534216 20.369969793398287 20.185529055262354
8.297589430315089 8.553254213087161 8.808918995859234 9.064583778631304 9.320248561403377 9.575913344175447 9.83157812694752 10.087242909719592 10.3429076924921 10.59857247526417 10.854237258036243 11.109902040808315 11.390027304835515 11.696301376593608 12.002575448351699 12.30884952010979 12.615123591867881 12.921397663625973 13.227671735384066 13.533945807142157 13.840219878900248 14.146493950658861 14.452768022416954 14.759042094175046 15.065316165933137 15.371590237691228 15.677864309449319 15.984138381207412 16.290412452965505 16.596686524723594 16.902960596481687 17.209234668239777 17.51550873999787 17.82178281175596 18.128056883514574 18.434330955272667 18.740605027030757 19.04687909878885 19.35315317054694 19.659427242305032 19.965701314063125 20.271975385821214 20.34419190910568 20.166195617744883 19.988199326384084
8.214698743699234 8.467141304938103 8.719583866176974 8.972026427415845 9.224468988654714 9.476911549893584 9.729354111132455 9.981796672371324 10.234239233610626 10.486681794849495 10.739124356088364 10.991566917327237 11.268523661095333 11.571686620470995 11.874849579846657 12.178012539222319 12.481175498597981 12.784338457973643 13.087501417349305 13.390664376724967 13.693827336100629 13.996990295476808 14.30015325485247 14.603316214228132 14.906479173603792 15.209642132979454 15.512805092355116 15.815968051730778 16.11913101110644 16.4222939704821 16.725456929857764 17.028619889233426 17.331782848609087 17.63494580798475 17.93810876736093 18.241271726736592 18.544434686112254 18.847597645487916 19.150760604863578 19.45392356423924 19.757086523614902 20.060249482990564 20.133973286676973 19.962421442091312 19.790869597505647
