Figures/CREST_Example_wjb_NSE/Rolling_result/20100722/raw_forecast_backup/ens_4/wjb.rain.20100722.asc
ncols            288
nrows            254
xllcorner        113.274861
yllcorner        31.4918055
cellsize         0.008333333333
NODATA_value     -9999
[rows 60 to 79 of 254, columns 0 to 44 of 288]
-9999.0 -9999.0 -9999.0 -9999.0 -9999.0 -9999.0 -9999.0 -9999.0 -9999.0 -9999.0 -9999.0 18.086545517449043 18.12151219590544 18.156478874361895 18.19144555281829 18.226412231274686 18.261378909731082 18.29634558818748 18.331312266643877 18.366278945100273 18.40124562355667 18.436212302013065 18.47117898046946 18.506145658925856 18.541112337382252 18.57607901583865 18.611045694295104 18.67015689656383 18.755079140414317 18.840001384264806 18.92492362811529 19.00984587196578 19.094768115816265 19.17969035966675 19.26461260351724 19.349534847367725 19.434457091218214 19.5193793350687 19.604301578919184 19.689223822769815 19.774146066620304 19.85906831047079 19.943990554321278 20.028912798171763 20.11383504202225
-9999.0 -9999.0 -9999.0 -9999.0 -9999.0 -9999.0 -9999.0 -9999.0 -9999.0 18.234912148196994 18.27187882474588 18.308845501294766 18.345812177843655 18.382778854392605 18.41974553094149 18.456712207490376 18.493678884039266 18.53064556058815 18.567612237137038 18.604578913685927 18.641545590234813 18.6785122667837 18.715478943332588 18.752445619881474 18.78941229643036 18.82637897297925 18.8633456495282 18.925745703527053 19.015334612772264 19.10492352201748 19.19451243126269 19.284101340507902 19.373690249753118 19.46327915899833 19.552868068243544 19.642456977488756 19.732045886733967 19.821634795979183 19.911223705224394 20.000812614469762 20.090401523714974 20.179990432960185 20.2695793422054 20.359168251450612 20.448757160695827
-9999.0 -9999.0 -9999.0 -9999.0 -9999.0 -9999.0 -9999.0 -9999.0 -9999.0 18.453212135857733 18.492178810499112 18.531145485140488 18.570112159781868 18.60907883442331 18.64804550906469 18.687012183706067 18.725978858347446 18.764945532988822 18.8039122076302 18.842878882271577 18.881845556912957 18.920812231554336 18.959778906195712 18.99874558083709 19.037712255478468 19.076678930119847 19.11564560476129 19.181334510490274 19.27559008513021 19.36984565977015 19.46410123441009 19.55835680905003 19.65261238368997 19.746867958329908 19.84112353296985 19.935379107609787 20.02963468224973 20.123890256889666 20.218145831529608 20.312401406169705 20.406656980809647 20.500912555449585 20.595168130089526 20.689423704729464 20.783679279369405
-9999.0 -9999.0 -9999.0 -9999.0 -9999.0 -9999.0 -9999.0 -9999.0 -9999.0 18.671512123518475 18.712478796252345 18.753445468986214 18.79441214172008 18.83537881445402 18.87634548718789 18.917312159921757 18.958278832655626 18.999245505389496 19.04021217812336 19.08117885085723 19.1221455235911 19.16311219632497 19.204078869058836 19.245045541792706 19.286012214526576 19.326978887260445 19.367945559994382 19.43692331745349 19.53584555748816 19.634767797522823 19.73369003755749 19.832612277592155 19.931534517626822 20.030456757661486 20.129378997696154 20.22830123773082 20.327223477765486 20.42614571780015 20.525067957834818 20.623990197869652 20.722912437904316 20.82183467793898 20.920756917973648 21.019679158008312 21.11860139804298
-9999.0 -9999.0 -9999.0 -9999.0 -9999.0 -9999.0 -9999.0 -9999.0 18.846845440352855 18.889812111179214 18.932778782005574 18.975745452831934 19.018712123658293 19.061678794484727 19.104645465311087 19.147612136137447 19.190578806963806 19.233545477790166 19.276512148616526 19.319478819442885 19.362445490269245 19.405412161095605 19.448378831921964 19.491345502748324 19.534312173574683 19.577278844401043 19.620245515227474 19.692512124416712 19.796101029846106 19.899689935275497 20.00327884070489 20.10686774613428 20.210456651563675 20.314045556993065 20.41763446242246 20.52122336785185 20.624812273281243 20.728401178710634 20.831990084140024 20.935578989569596 21.039167894998986 21.14275680042838 21.24634570585777 21.349934611287164 21.453523516716555
-9999.0 -9999.0 -9999.0 -9999.0 -9999.0 -9999.0 -9999.0 -9999.0 19.063145429921107 19.108112098839957 19.153078767758807 19.198045436677656 19.24301210559651 19.287978774515434 19.332945443434287 19.377912112353137 19.422878781271987 19.467845450190836 19.512812119109686 19.55777878802854 19.60274545694739 19.64771212586624 19.69267879478509 19.737645463703938 19.78261213262279 19.82757880154164 19.872545470460565 19.948100931379933 20.05635650220405 20.16461207302817 20.272867643852287 20.381123214676407 20.489378785500527 20.597634356324644 20.705889927148764 20.81414549797288 20.922401068797 21.030656639621117 21.138912210445238 21.24716778126954 21.35542335209366 21.463678922917776 21.571934493741896 21.680190064566013 21.788445635390133
-9999.0 -9999.0 -9999.0 -9999.0 -9999.0 -9999.0 -9999.0 -9999.0 19.279445419489544 19.326412086500888 19.37337875351223 19.42034542052357 19.467312087534914 19.51427875454634 19.561245421557683 19.608212088569022 19.655178755580366 19.70214542259171 19.749112089603052 19.796078756614396 19.84304542362574 19.890012090637082 19.936978757648426 19.983945424659765 20.03091209167111 20.077878758682452 20.124845425693877 20.20368973834337 20.31661197456222 20.429534210781068 20.542456446999918 20.655378683218768 20.768300919437614 20.881223155656464 20.994145391875314 21.10706762809416 21.21998986431301 21.33291210053186 21.445834336750707 21.55875657296975 21.6716788091886 21.78460104540745 21.897523281626295 22.010445517845145 22.123367754063995
-9999.0 -9999.0 -9999.0 -9999.0 -9999.0 -9999.0 -9999.0 -9999.0 19.495745409057793 19.544712074161627 19.59367873926546 19.642645404369294 19.691612069473127 19.740578734577046 19.78954539968088 19.838512064784712 19.887478729888546 19.93644539499238 19.985412060096213 20.034378725200046 20.083345390303883 20.132312055407716 20.18127872051155 20.230245385615383 20.279212050719217 20.32817871582305 20.37714538092697 20.459278545306592 20.57686744692017 20.69445634853374 20.812045250147317 20.929634151760894 21.047223053374466 21.164811954988043 21.28240085660162 21.39998975821519 21.517578659828768 21.635167561442344 21.752756463055917 21.870345364669696 21.98793426628327 22.105523167896845 22.22311206951042 22.340700971123994 22.45828987273757
-9999.0 -9999.0 -9999.0 -9999.0 -9999.0 -9999.0 -9999.0 19.66107873542972 19.712045398626042 19.76301206182237 19.813978725018693 19.864945388215016 19.915912051411343 19.966878714607752 20.01784537780408 20.068812041000403 20.119778704196726 20.170745367393053 20.221712030589376 20.2726786937857 20.323645356982027 20.37461202017835 20.425578683374674 20.476545346571 20.527512009767324 20.578478672963648 20.62944533616006 20.714867352269813 20.837122919278112 20.959378486286415 21.081634053294717 21.20388962030302 21.32614518731132 21.44840075431962 21.570656321327924 21.692911888336226 21.815167455344525 21.937423022352828 22.05967858936113 22.18193415636964 22.30418972337794 22.426445290386244 22.548700857394543 22.670956424402846 22.793211991411148
-9999.0 -9999.0 -9999.0 -9999.0 -9999.0 -9999.0 -9999.0 19.875378726905478 19.928345388194295 19.98131204948311 20.034278710771925 20.08724537206074 20.140212033349556 20.193178694638462 20.246145355927275 20.299112017216093 20.35207867850491 20.405045339793723 20.458012001082537 20.510978662371354 20.56394532366017 20.616911984948985 20.6698786462378 20.722845307526615 20.775811968815432 20.828778630104246 20.881745291393152 20.97045615923303 21.09737839163606 21.22430062403909 21.351222856442117 21.478145088845142 21.60506732124817 21.7319895536512 21.85891178605423 21.985834018457254 22.112756250860283 22.23967848326331 22.36660071566634 22.493522948069582 22.62044518047261 22.74736741287564 22.87428964527867 23.001211877681694 23.128134110084723
-9999.0 -9999.0 -9999.0 -9999.0 -9999.0 -9999.0 -9999.0 20.08967871838124 20.144645377762544 20.19961203714385 20.254578696525158 20.309545355906465 20.36451201528777 20.41947867466917 20.474445334050476 20.529411993431783 20.58437865281309 20.639345312194394 20.6943119715757 20.749278630957008 20.804245290338315 20.85921194971962 20.914178609100926 20.969145268482233 21.024111927863537 21.079078587244844 21.134045246626243 21.226044966196252 21.357633863994007 21.489222761791762 21.620811659589513 21.75240055738727 21.883989455185024 22.01557835298278 22.147167250780534 22.278756148578285 22.41034504637604 22.541933944173795 22.67352284197155 22.80511173976953 22.93670063756728 23.068289535365036 23.19987843316279 23.331467330960546 23.463056228758298
-9999.0 -9999.0 -9999.0 -9999.0 -9999.0 -9999.0 20.2470120523832 20.303978709857 20.360945367330796 20.417912024804593 20.47487868227839 20.531845339752188 20.588811997225985 20.64577865469988 20.702745312173676 20.759711969647473 20.81667862712127 20.873645284595067 20.930611942068865 20.987578599542662 21.04454525701646 21.101511914490253 21.15847857196405 21.215445229437847 21.272411886911645 21.329378544385442 21.38634520185934 21.481633773159473 21.617889336351954 21.754144899544432 21.890400462736913 22.026656025929395 22.162911589121876 22.299167152314357 22.435422715506835 22.571678278699316 22.707933841891798 22.84418940508428 22.98044496827676 23.116700531469473 23.252956094661954 23.389211657854432 23.525467221046913 23.661722784239394 23.797978347431876
-9999.0 -9999.0 -9999.0 -9999.0 -9999.0 -9999.0 -9999.0 20.518278701332942 20.57724535689923 20.63621201246552 20.69517866803181 20.7541453235981 20.81311197916439 20.87207863473078 20.93104529029707 20.99001194586336 21.04897860142965 21.107945256995936 21.166911912562227 21.22587856812852 21.284845223694806 21.343811879261096 21.402778534827387 21.461745190393675 21.520711845959966 21.579678501526256 21.638645157092647 21.73722258012291 21.878144808710122 22.019067037297333 22.159989265884544 22.300911494471755 22.441833723058966 22.582755951646178 22.72367818023339 22.8646004088206 23.00552263740781 23.146444865995022 23.287367094582233 23.428289323169682 23.569211551756894 23.710133780344105 23.851056008931316 23.991978237518527 24.13290046610574
-9999.0 -9999.0 -9999.0 -9999.0 -9999.0 -9999.0 -9999.0 -9999.0 20.85325749932354 20.914653789671043 20.976050080018542 21.037446370366045 21.098842660713544 21.16023895106115 21.221635241408652 21.28303153175615 21.344427822103654 21.405824112451153 21.467220402798656 21.528616693146155 21.590012983493658 21.651409273841157 21.712805564188656 21.77420185453616 21.835598144883658 21.89699443523116 21.958390725578766 22.060660680743986 22.206625507276698 22.35259033380941 22.498555160342125 22.644519986874837 22.79048481340755 22.93644963994026 23.082414466472972 23.228379293005684 23.3743441195384 23.52030894607111 23.666273772603823 23.812238599136784 23.958203425669495 24.104168252202207 24.25013307873492 24.396097905267634 24.542062731800346
-9999.0 -9999.0 -9999.0 -9999.0 -9999.0 -9999.0 -9999.0 -9999.0 -9999.0 21.257383347911446 21.32166852757146 21.385953707231472 21.450238886891487 21.51452406655161 21.578809246211623 21.643094425871634 21.70737960553165 21.77166478519166 21.835949964851675 21.900235144511687 21.9645203241717 22.028805503831713 22.093090683491727 22.15737586315174 22.221661042811753 22.285946222471765 22.35023140213189 22.456625398332445 22.60803467100459 22.75944394367673 22.91085321634887 23.06226248902101 23.213671761693153 23.365081034365293 23.516490307037433 23.667899579709573 23.819308852381713 23.970718125053857 24.122127397725997 24.273536670398396 24.424945943070536 24.576355215742677 24.727764488414817 24.87917376108696 25.0305830337591
-9999.0 -9999.0 -9999.0 -9999.0 -9999.0 -9999.0 -9999.0 -9999.0 -9999.0 -9999.0 21.66728697512438 21.734461044096903 21.80163511306943 21.86880918204207 21.935983251014594 22.00315731998712 22.070331388959644 22.13750545793217 22.204679526904698 22.27185359587722 22.33902766484975 22.40620173382227 22.4733758027948 22.540549871767322 22.60772394073985 22.674898009712372 22.742072078685013 22.85259011592091 23.00944383473248 23.166297553544048 23.323151272355616 23.48000499116719 23.636858709978757 23.793712428790325 23.950566147601897 24.107419866413466 24.264273585225034 24.421127304036602 24.57798102284817 24.73483474166001 24.891688460471578 25.048542179283146 25.205395898094718 25.362249616906286 25.519103335717855
-9999.0 -9999.0 -9999.0 -9999.0 -9999.0 -9999.0 -9999.0 -9999.0 -9999.0 -9999.0 -9999.0 22.082968380962335 22.153031339247374 22.22309429753253 22.29315725581757 22.363220214102604 22.433283172387643 22.503346130672682 22.573409088957717 22.643472047242756 22.713535005527795 22.78359796381283 22.85366092209787 22.92372388038291 22.993786838667944 23.063849796952983 23.13391275523814 23.248554833509374 23.41085299846037 23.57315116341137 23.735449328362368 23.897747493313364 24.06004565826436 24.22234382321536 24.384641988166358 24.546940153117355 24.709238318068355 24.87153648301935 25.033834647970348 25.196132812921622 25.358430977872622 25.52072914282362 25.683027307774616 25.845325472725612 26.007623637676613
-9999.0 -9999.0 -9999.0 -9999.0 -9999.0 -9999.0 -9999.0 -9999.0 -9999.0 -9999.0 -9999.0 22.431475717827766 22.504427565425317 22.577379413022992 22.65033126062054 22.72328310821809 22.796234955815642 22.86918680341319 22.94213865101074 23.015090498608288 23.08804234620584 23.16099419380339 23.233946041400937 23.30689788899849 23.37984973659604 23.452801584193587 23.525753431791262 23.644519551097833 23.81226216218826 23.980004773278687 24.14774738436911 24.31548999545954 24.483232606549965 24.650975217640394 24.81871782873082 24.986460439821244 25.154203050911672 25.321945662002097 25.489688273092526 25.657430884183235 25.825173495273663 25.99291610636409 26.160658717454517 26.328401328544942 26.496143939635367
-9999.0 -9999.0 -9999.0 -9999.0 -9999.0 -9999.0 -9999.0 -9999.0 -9999.0 -9999.0 -9999.0 22.7799830546932 22.855823791603264 22.931664528513455 23.007505265423514 23.083346002333577 23.15918673924364 23.235027476153704 23.310868213063763 23.386708949973826 23.46254968688389 23.538390423793953 23.614231160704012 23.690071897614075 23.76591263452414 23.8417533714342 23.917594108344392 24.040484268686303 24.213671325916156 24.38685838314601 24.560045440375866 24.73323249760572 24.906419554835573 25.07960661206543 25.252793669295283 25.425980726525136 25.599167783754993 25.772354840984846 25.9455418982147 26.11872895544485 26.291916012674704 26.46510306990456 26.638290127134415 26.811477184364268 26.984664241594125
-9999.0 -9999.0 -9999.0 -9999.0 -9999.0 -9999.0 -9999.0 -9999.0 -9999.0 -9999.0 -9999.0 -9999.0 23.207220017781502 23.285949644004216 23.36467927022679 23.443408896449366 23.522138522671945 23.60086814889452 23.6795977751171 23.758327401339674 23.837057027562253 23.915786653784828 23.994516280007403 24.07324590622998 24.151975532452557 24.230705158675136 24.309434784897846 24.4364489862751 24.615080489644384 24.793711993013673 24.972343496382962 25.15097499975225 25.329606503121536 25.508238006490824 25.686869509860113 25.8655010132294 26.04413251659869 26.222764019967975 26.401395523337264 26.58002702670686 26.758658530076147 26.937290033445432 27.11592153681472 27.29455304018401 27.473184543553295
