Figures/CREST_Example_wjb_NSE/Rolling_result/20100722/raw_forecast_backup/ens_4/wjb.rain.20100728.asc
ncols            288
nrows            254
xllcorner        113.274861
yllcorner        31.4918055
cellsize         0.008333333333
NODATA_value     -9999
[rows 220 to 239 of 254, columns 138 to 183 of 288]
0.6976519658757985 0.7037593744007101 0.7098667829256218 0.7159741914505333 0.722081599975445 0.728189008500367 0.7342964170252786 0.7404038255501902 0.7465112340751019 0.7464446768457177 0.7397780105766828 0.733111344307648 0.7264446780386131 0.7197780117695783 0.7131113455005436 0.7064446792315087 0.6997780129624739 0.6931113466934391 0.6864446804243929 0.679778014155358 0.6731113478863232 0.6664446816172884 0.6597780153482535 0.6531113490792188 0.646444682810184 0.6397780165411491 0.6331113502721143 0.6264446840030794 0.6197780177340446 0.6131113514650097 0.6064446851959749 0.5997780189269287 0.5931113526578939 0.586444686388859 0.5797780201198243 0.5731113538507895 0.5664446875817546 0.5597780213127198 0.553111355043685 0.5467149887837225 0.540607579348736 0.5345001699137495 0.528392760478763 0.5222853510437766 0.5161779416087797 0.5100705321737933
0.7157593712258212 0.7220890019596917 0.7284186326935622 0.7347482634274327 0.7410778941613033 0.7474075248951846 0.7537371556290552 0.7600667863629257 0.7663964170967962 0.7664446776396436 0.7597780113706087 0.753111345101574 0.7464446788325391 0.7397780125635043 0.7331113462944695 0.7264446800254346 0.7197780137563998 0.713111347487365 0.7064446812183188 0.6997780149492839 0.6931113486802492 0.6864446824112144 0.6797780161421795 0.6731113498731447 0.6664446836041098 0.659778017335075 0.6531113510660402 0.6464446847970053 0.6397780185279706 0.6331113522589358 0.6264446859899009 0.6197780197208547 0.6131113534518199 0.6064446871827851 0.5997780209137502 0.5931113546447154 0.5864446883756806 0.5797780221066458 0.5731113558376109 0.5666075851251834 0.5602779534481243 0.5539483217710652 0.5476186900940062 0.5412890584169471 0.5349594267398773 0.5286297950628183
0.7338667765758439 0.7404186295186733 0.7469704824615028 0.7535223354043322 0.7600741883471617 0.7666260412900022 0.7731778942328317 0.7797297471756611 0.7862816001184906 0.7864446784335696 0.7797780121645347 0.7731113458954999 0.766444679626465 0.7597780133574302 0.7531113470883954 0.7464446808193606 0.7397780145503258 0.733111348281291 0.7264446820122448 0.7197780157432099 0.7131113494741751 0.7064446832051403 0.6997780169361054 0.6931113506670706 0.6864446843980359 0.679778018129001 0.6731113518599662 0.6664446855909313 0.6597780193218965 0.6531113530528616 0.6464446867838268 0.6397780205147806 0.6331113542457458 0.6264446879767109 0.6197780217076762 0.6131113554386414 0.6064446891696065 0.5997780229005717 0.5931113566315369 0.5865001814666443 0.5799483275475126 0.573396473628381 0.5668446197092493 0.5602927657901177 0.5537409118709749 0.5471890579518431
0.7521925819576873 0.7587518392799479 0.7653110966022084 0.7718703539244689 0.7784296112467295 0.7849888685690012 0.7915481258912618 0.7981073832135223 0.8046666405357827 0.8050931089104592 0.7989634871832337 0.7928338654560084 0.786704243728783 0.7805746220015576 0.7744450002743323 0.7683153785471069 0.7621857568198815 0.7560561350926561 0.7499265133654203 0.7437968916381948 0.7376672699109695 0.7315376481837441 0.7254080264565188 0.7192784047292934 0.713148783002068 0.7070191612748427 0.7008895395476172 0.6947599178203918 0.6886302960931665 0.6825006743659411 0.6763710526387157 0.6702414309114799 0.6641118091842545 0.6579821874570291 0.6518525657298038 0.6457229440025783 0.6395933222753529 0.6334637005481276 0.6273340788209022 0.621152545100668 0.6149155162854484 0.6086784874702289 0.6024414586550093 0.5962044298397897 0.5899674010245596 0.58373037220934
0.7707518432088417 0.7770888781896885 0.7834259131705354 0.7897629481513823 0.7960999831322291 0.8024370181130868 0.8087740530939336 0.8151110880747805 0.8214481230556273 0.822296795901308 0.8172782854837867 0.8122597750662653 0.8072412646487441 0.8022227542312228 0.7972042438137015 0.7921857333961801 0.7871672229786588 0.7821487125611376 0.7771302021436077 0.7721116917260864 0.7670931813085651 0.7620746708910439 0.7570561604735225 0.7520376500560012 0.74701913963848 0.7420006292209587 0.7369821188034373 0.731963608385916 0.7269450979683947 0.7219265875508735 0.7169080771333521 0.7118895667158223 0.7068710562983009 0.7018525458807797 0.6968340354632584 0.6918155250457371 0.6867970146282157 0.6817785042106945 0.6767599937931732 0.6715821667541284 0.6662340266422897 0.6608858865304511 0.6555377464186124 0.6501896063067737 0.6448414661949259 0.6394933260830872
0.7893111044599963 0.7954259170994294 0.8015407297388626 0.8076555423782958 0.813770355017729 0.8198851676571726 0.8259999802966057 0.8321147929360388 0.8382296055754721 0.839500482892157 0.8355930837843398 0.8316856846765226 0.8277782855687054 0.8238708864608881 0.8199634873530709 0.8160560882452537 0.8121486891374364 0.8082412900296192 0.8043338909217953 0.8004264918139781 0.7965190927061608 0.7926116935983436 0.7887042944905265 0.7847968953827092 0.780889496274892 0.7769820971670748 0.7730746980592575 0.7691672989514403 0.7652598998436231 0.7613525007358058 0.7574451016279886 0.7535377025201647 0.7496303034123475 0.7457229043045303 0.741815505196713 0.7379081060888959 0.7340007069810787 0.7300933078732614 0.7261859087654442 0.7220117884075888 0.717552536999131 0.7130932855906732 0.7086340341822154 0.7041747827737576 0.6997155313652922 0.6952562799568344
0.8078703657111586 0.8137629560091779 0.8196555463071973 0.8255481366052168 0.8314407269032361 0.8373333172012656 0.8432259074992849 0.8491184977973044 0.8550110880953238 0.8567041698830131 0.8539078820849004 0.8511115942867878 0.8483153064886751 0.8455190186905625 0.8427227308924498 0.8399264430943372 0.8371301552962245 0.8343338674981118 0.8315375796999944 0.8287412919018817 0.825945004103769 0.8231487163056563 0.8203524285075436 0.8175561407094311 0.8147598529113184 0.8119635651132057 0.809167277315093 0.8063709895169804 0.8035747017188677 0.800778413920755 0.7979821261226423 0.7951858383245249 0.7923895505264122 0.7895932627282995 0.7867969749301869 0.7840006871320743 0.7812043993339616 0.7784081115358489 0.7756118237377363 0.7724414100610708 0.7688710473559942 0.7653006846509177 0.7617303219458411 0.7581599592407645 0.7545895965356819 0.7510192338306053
0.826429626962313 0.8320999949189187 0.8377703628755245 0.8434407308321302 0.849111098788736 0.8547814667453514 0.8604518347019571 0.8661222026585629 0.8717925706151686 0.8739078568738622 0.8722226803854536 0.870537503897045 0.8688523274086364 0.8671671509202279 0.8654819744318193 0.8637967979434107 0.8621116214550021 0.8604264449665935 0.858741268478182 0.8570560919897734 0.8553709155013649 0.8536857390129563 0.8520005625245477 0.8503153860361391 0.8486302095477305 0.8469450330593219 0.8452598565709133 0.8435746800825048 0.8418895035940962 0.8402043271056876 0.838519150617279 0.8368339741288675 0.835148797640459 0.8334636211520504 0.8317784446636418 0.8300932681752332 0.8284080916868246 0.826722915198416 0.8250377387100074 0.8228710317145315 0.8201895577128357 0.81750808371114 0.8148266097094443 0.8121451357077487 0.8094636617060484 0.8067821877043527
0.8449888882134674 0.8504370338286594 0.8558851794438516 0.8613333250590436 0.8667814706742356 0.872229616289437 0.877677761904629 0.883125907519821 0.8885740531350131 0.891111543864711 0.8905374786860065 0.889963413507302 0.8893893483285975 0.888815283149893 0.8882412179711885 0.887667152792484 0.8870930876137795 0.886519022435075 0.8859449572563695 0.885370892077665 0.8847968268989604 0.8842227617202559 0.8836486965415514 0.8830746313628469 0.8825005661841424 0.881926501005438 0.8813524358267335 0.880778370648029 0.8802043054693245 0.87963024029062 0.8790561751119155 0.87848210993321 0.8779080447545055 0.877333979575801 0.8767599143970964 0.8761858492183919 0.8756117840396874 0.8750377188609829 0.8744636536822784 0.8733006533679919 0.8715080680696771 0.8697154827713622 0.8679228974730474 0.8661303121747326 0.8643377268764147 0.8625451415780999
0.863548149464622 0.8687740727384003 0.8739999960121787 0.8792259192859571 0.8844518425597354 0.8896777658335228 0.8949036891073011 0.9001296123810795 0.9053555356548579 0.90831523085556 0.9088522769865596 0.9093893231175592 0.9099263692485587 0.9104634153795583 0.9110004615105579 0.9115375076415575 0.912074553772557 0.9126115999035566 0.913148646034557 0.9136856921655566 0.9142227382965562 0.9147597844275558 0.9152968305585554 0.915833876689555 0.9163709228205545 0.9169079689515541 0.9174450150825536 0.9179820612135532 0.9185191073445528 0.9190561534755524 0.919593199606552 0.9201302457375524 0.920667291868552 0.9212043379995516 0.9217413841305512 0.9222784302615508 0.9228154763925502 0.9233525225235498 0.9238895686545494 0.9237302750214523 0.9228265784265184 0.9219228818315844 0.9210191852366505 0.9201154886417166 0.919211792046781 0.9183080954518471
0.8821074107157842 0.8871111116481488 0.8921148125805134 0.8971185135128781 0.9021222144452427 0.9071259153776158 0.9121296163099804 0.917133317242345 0.9221370181747096 0.9255189178464162 0.9271670752871203 0.9288152327278244 0.9304633901685285 0.9321115476092326 0.9337597050499368 0.9354078624906409 0.937056019931345 0.9387041773720491 0.9403523348127562 0.9420004922534603 0.9436486496941644 0.9452968071348685 0.9469449645755726 0.9485931220162768 0.9502412794569809 0.951889436897685 0.9535375943383891 0.9551857517790933 0.9568339092197974 0.9584820666605015 0.9601302241012056 0.9617783815419126 0.9634265389826168 0.9650746964233209 0.966722853864025 0.9683710113047291 0.9700191687454333 0.9716673261861374 0.9733154836268415 0.9741598966749343 0.9741450887833816 0.9741302808918288 0.9741154730002762 0.9741006651087235 0.9740858572171708 0.974071049325618
0.9006666719669386 0.9054481505578895 0.9102296291488405 0.9150111077397914 0.9197925863307423 0.9245740649217015 0.9293555435126524 0.9341370221036033 0.9389185006945542 0.9427226048372651 0.9454818735876733 0.9482411423380815 0.9510004110884898 0.9537596798388979 0.9565189485893061 0.9592782173397143 0.9620374860901225 0.9647967548405307 0.9675560235909436 0.9703152923413518 0.97307456109176 0.9758338298421683 0.9785930985925765 0.9813523673429847 0.9841116360933929 0.9868709048438011 0.9896301735942092 0.9923894423446175 0.9951487110950257 0.9979079798454339 1.000667248595842 1.003426517346255 1.0061857860966632 1.0089450548470715 1.0117043235974796 1.0144635923478877 1.017222861098296 1.0199821298487042 1.0227413985991125 1.0245895183283946 1.0254635991402228 1.0263376799520512 1.0272117607638793 1.0280858415757075 1.028959922387537 1.0298340031993651
0.9192259332180931 0.9237851894676303 0.9283444457171676 0.9329037019667048 0.9374629582162421 0.9420222144657872 0.9465814707153244 0.9511407269648616 0.9556999832143989 0.9599262918281141 0.9637966718882263 0.9676670519483386 0.9715374320084509 0.9754078120685632 0.9792781921286754 0.9831485721887877 0.9870189522489 0.9908893323090123 0.9947597123691312 0.9986300924292435 1.0025004724893558 1.0063708525494681 1.0102412326095802 1.0141116126696925 1.0179819927298048 1.0218523727899171 1.0257227528500295 1.0295931329101418 1.033463512970254 1.0373338930303664 1.0412042730904787 1.0450746531505974 1.0489450332107098 1.052815413270822 1.0566857933309344 1.0605561733910467 1.064426553451159 1.068296933511271 1.0721673135713834 1.0750191399818552 1.0767821094970642 1.0785450790122733 1.0803080485274823 1.0820710180426913 1.0838339875579033 1.0855969570731123
0.9377851944692555 0.9421222283773789 0.9464592622855024 0.9507962961936259 0.9551333301017494 0.9594703640098803 0.9638073979180037 0.9681444318261272 0.9724814657342506 0.9771299788189702 0.9821114701887871 0.9870929615586039 0.9920744529284208 0.9970559442982376 1.0020374356680544 1.0070189270378713 1.012000418407688 1.016981909777505 1.0219634011473302 1.0269448925171472 1.031926383886964 1.0369078752567809 1.0418893666265976 1.0468708579964145 1.0518523493662313 1.0568338407360482 1.061815332105865 1.0667968234756817 1.0717783148454987 1.0767598062153154 1.0817412975851324 1.0867227889549578 1.0917042803247745 1.0966857716945912 1.1016672630644082 1.106648754434225 1.111630245804042 1.1166117371738586 1.1215932285436756 1.125448761635337 1.1281006198539274 1.1307524780725178 1.133404336291108 1.1360561945096983 1.1387080527282931 1.1413599109468833
0.9563444557204098 0.9604592672871197 0.9645740788538295 0.9686888904205393 0.9728037019872491 0.976918513553966 0.9810333251206758 0.9851481366873855 0.9892629482540953 0.9943336658098192 1.0004262684893401 1.006518871168861 1.012611473848382 1.0187040765279027 1.0247966792074237 1.0308892818869446 1.0369818845664656 1.0430744872459865 1.0491670899255179 1.0552596926050388 1.0613522952845595 1.0674448979640805 1.0735375006436014 1.0796301033231224 1.0857227060026433 1.0918153086821643 1.0979079113616852 1.1040005140412061 1.1100931167207269 1.1161857194002478 1.1222783220797687 1.1283709247593001 1.134463527438821 1.140556130118342 1.146648732797863 1.1527413354773839 1.1588339381569046 1.1649265408364256 1.1710191435159465 1.1758783832887976 1.1794191302107686 1.1829598771327399 1.1865006240547111 1.1900413709766822 1.1935821178986594 1.1971228648206305
0.9749037169715642 0.9787963061968603 0.9826888954221565 0.9865814846474527 0.9904740738727488 0.9943666630980516 0.9982592523233477 1.0021518415486437 1.0060444307739398 1.011537352800668 1.018741066789893 1.025944780779118 1.033148494768343 1.040352208757568 1.047555922746793 1.054759636736018 1.061963350725243 1.069167064714468 1.0763707787037053 1.0835744926929303 1.0907782066821552 1.0979819206713803 1.1051856346606053 1.1123893486498302 1.1195930626390553 1.1267967766282803 1.1340004906175052 1.1412042046067303 1.1484079185959553 1.1556116325851802 1.1628153465744053 1.1700190605636425 1.1772227745528676 1.1844264885420925 1.1916302025313175 1.1988339165205426 1.2060376305097675 1.2132413444989925 1.2204450584882176 1.226308004942258 1.23073764056761 1.235167276192962 1.239596911818314 1.244026547443666 1.2484561830690257 1.2528858186943777
0.9934629782227267 0.997133345106609 1.0008037119904913 1.0044740788743738 1.0081444457582562 1.0118148126421447 1.0154851795260271 1.0191555464099094 1.0228259132937918 1.0287410397915244 1.037055865090454 1.0453706903893834 1.053685515688313 1.0620003409872425 1.070315166286172 1.0786299915851016 1.0869448168840312 1.0952596421829608 1.1035744674819044 1.111889292780834 1.1202041180797635 1.128518943378693 1.1368337686776226 1.1451485939765522 1.1534634192754818 1.1617782445744114 1.170093069873341 1.1784078951722703 -9999.0 -9999.0 -9999.0 -9999.0 -9999.0 1.2282968469658617 1.2366116722647913 1.2449264975637209 1.2532413228626504 1.26155614816158 1.2698709734605096 1.27673762659574 1.2820561509244732 1.2873746752532065 1.2926931995819397 1.298011723910673 1.3033302482394153 1.3086487725681488
1.0120222394738811 1.01547038401635 1.0189185285588185 1.0223666731012873 1.025814817643756 1.0292629621862306 1.0327111067286991 1.036159251271168 1.0396073958136367 1.0459447267823734 1.055370663391007 1.0647965999996407 1.0742225366082743 1.0836484732169078 1.0930744098255416 1.1025003464341752 1.1119262830428087 1.1213522196514423 1.130778156260092 1.1402040928687256 1.1496300294773594 1.159055966085993 1.1684819026946265 1.17790783930326 1.1873337759118938 1.1967597125205274 1.2061856491291612 -9999.0 -9999.0 -9999.0 -9999.0 -9999.0 -9999.0 1.2721672053896125 1.281593141998246 1.2910190786068796 1.3004450152155134 1.309870951824147 1.3192968884327805 1.3271672482492003 1.3333746612813144 1.3395820743134286 1.345789487345543 1.351996900377657 1.3582043134097816 1.3644117264418958
1.0305815007250356 1.0338074229260905 1.0370333451271456 1.0402592673282005 1.0434851895292556 1.046711111730316 1.0499370339313712 1.053162956132426 1.0563888783334812 1.0631484137732221 1.0736854616915599 1.0842225096098976 1.0947595575282354 1.105296605446573 1.1158336533649107 1.1263707012832485 1.1369077492015862 1.1474447971199238 1.1579818450382795 1.1685188929566173 1.1790559408749548 1.1895929887932926 1.2001300367116303 1.210667084629968 1.2212041325483058 1.2317411804666434 -9999.0 -9999.0 -9999.0 -9999.0 -9999.0 -9999.0 -9999.0 -9999.0 1.3265746117317008 1.3371116596500383 1.347648707568376 -9999.0 -9999.0 1.3775968699026608 1.3846931716381559 1.3917894733736509 1.398885775109146 1.405982076844641 1.413078378580148 1.420174680315643
1.0491407619761979 1.052144461835839 1.0551481616954803 1.0581518615551215 1.0611555614147627 1.064159261274409 1.0671629611340503 1.0701666609936915 1.073170360853333 1.0803521007640784 1.0920002599921206 1.103648419220163 1.1152965784482052 1.1269447376762474 1.1385928969042898 1.150241056132332 1.1618892153603742 1.1735373745884166 1.1851855338164787 1.196833693044521 1.208481852272563 1.2201300115006055 1.2317781707286477 1.24342632995669 1.2550744891847323 -9999.0 -9999.0 -9999.0 -9999.0 -9999.0 -9999.0 -9999.0 -9999.0 -9999.0 -9999.0 -9999.0 -9999.0 -9999.0 -9999.0 -9999.0 -9999.0 -9999.0 -9999.0 -9999.0 -9999.0 1.4759376341894141
