Figures/CREST_Example_wjb_NSE/Rolling_result/20100722/raw_forecast_backup/ens_4/wjb.rain.20100703.asc
ncols            288
nrows            254
xllcorner        113.274861
yllcorner        31.4918055
cellsize         0.008333333333
NODATA_value     -9999
[rows 80 to 99 of 254, columns 44 to 87 of 288]
5.740945931551835 5.036514737433845 4.332083543315854 3.627652349197864 2.9232211550798732 2.2187899609618826 1.514358766843893 1.150393256028855 1.150393256028855 1.150393256028855 1.150393256028855 1.150393256028855 1.150393256028855 1.150393256028855 1.150393256028855 1.150393256028855 1.150393256028855 1.150393256028855 1.150393256028855 1.1168212202107206 1.0473599192233196 0.9778986182358002 0.9084373172483992 0.8389760162609982 0.7695147152735972 0.7000534142861962 0.6305921132987952 0.5611308123113942 0.49166951132399317 0.42220821033659217 0.3527469093491912 0.31796051051678254 0.32024236596888644 0.32252422142099035 0.3248060768730982 0.3270879323252021 0.3293697877773061 0.33165164322941 0.33393349868151395 0.33621535413361786 0.3384972095857218 0.34077906503782573 0.34306092048992964 0.34423990957286554
6.215014302014043 5.439885373821065 4.664756445628087 3.889627517435109 3.114498589242131 2.339369661049153 1.5642407328561756 1.1637471166549371 1.1637471166549371 1.1637471166549371 1.1637471166549371 1.1637471166549371 1.1637471166549371 1.1637471166549371 1.1637471166549371 1.1637471166549371 1.1637471166549371 1.1637471166549371 1.1637471166549371 1.1299932541816795 1.0601557497347247 0.9903182452876507 0.9204807408406959 0.8506432363937411 0.7808057319467863 0.7109682274998315 0.6411307230528765 0.5712932186059217 0.501455714158967 0.43161820971201215 0.36178070526505723 0.3255105283434732 0.3251245833888658 0.3247386384342583 0.32435269347965023 0.3239667485250428 0.3235808035704354 0.323194858615828 0.3228089136612205 0.3224229687066131 0.32203702375200566 0.32165107879739824 0.3212651338427908 0.3210657238023008
6.689082672476249 5.843256010208283 4.997429347940318 4.151602685672352 3.3057760234043876 2.459949361136422 1.6141226988684565 1.177100977281019 1.177100977281019 1.177100977281019 1.177100977281019 1.177100977281019 1.177100977281019 1.177100977281019 1.177100977281019 1.177100977281019 1.177100977281019 1.177100977281019 1.177100977281019 1.1431652881526382 1.0729515802461296 1.002737872339501 0.9325241644329925 0.8623104565264839 0.7920967486199753 0.7218830407134667 0.6516693328069579 0.5814556249004493 0.5112419169939407 0.4410282090874321 0.3708145011809234 0.33306054617016395 0.33000680080884515 0.32695305544752634 0.3238993100862023 0.3208455647248835 0.3177918193635647 0.3147380740022459 0.3116843286409271 0.3086305832796083 0.3055768379182895 0.3025230925569707 0.2994693471956519 0.297891538031736
7.163151042938456 6.246626646595503 5.33010225025255 4.413577853909597 3.497053457566645 2.5805290612236913 1.6640046648807392 1.190454837907101 1.190454837907101 1.190454837907101 1.190454837907101 1.190454837907101 1.190454837907101 1.190454837907101 1.190454837907101 1.190454837907101 1.190454837907101 1.190454837907101 1.190454837907101 1.1563373221235969 1.0857474107575344 1.0151574993913515 0.9445675880252891 0.8739776766592267 0.8033877652931642 0.7327978539271017 0.6622079425610393 0.5916180311949768 0.5210281198289144 0.4504382084628519 0.37984829709678947 0.34061056399685463 0.33488901822882444 0.3291674724607943 0.32344592669275435 0.3177243809247242 0.312002835156694 0.30628128938866384 0.3005597436206337 0.2948381978526035 0.2891166520845733 0.2833951063165432 0.277673560548513 0.2747173522611713
7.637219413400664 6.649997282982723 5.662775152564784 4.675553022146843 3.688330891728903 2.7011087613109623 1.7138866308930218 1.2038086985331828 1.2038086985331828 1.2038086985331828 1.2038086985331828 1.2038086985331828 1.2038086985331828 1.2038086985331828 1.2038086985331828 1.2038086985331828 1.2038086985331828 1.2038086985331828 1.2038086985331828 1.1695093560945555 1.0985432412689393 1.0275771264432019 0.9566110116175857 0.8856448967919694 0.8146787819663531 0.7437126671407368 0.6727465523151206 0.6017804374895043 0.5308143226638881 0.45984820783827174 0.3888820930126555 0.3481605818235453 0.3397712356488038 0.3313818894740622 0.3229925432993064 0.31460319712456486 0.30621385094982334 0.29782450477508177 0.28943515860034025 0.2810458124255987 0.27265646625085715 0.26426712007611564 0.25587777390137406 0.2515431664906065
7.764440418234422 6.773517905161675 5.782595392088929 4.791672879016183 3.8007503659434363 2.80982785287069 1.8189053397979436 1.306915493720466 1.306915493720466 1.306915493720466 1.306915493720466 1.306915493720466 1.306915493720466 1.306915493720466 1.306915493720466 1.306915493720466 1.306915493720466 1.306915493720466 1.306915493720466 1.2724453658337553 1.2011258920555319 1.129806418277187 1.0584869444989635 0.9871674707207403 0.915847996942517 0.8445285231642936 0.7732090493860703 0.7018895756078469 0.6305701018296236 0.5592506280514002 0.4879311542731769 0.4427154825831012 0.42540536544285223 0.4080952483026033 0.39078513116232483 0.37347501402207584 0.3561648968818269 0.3388547797415779 0.32154466260132897 0.30423454546108 0.286924428320831 0.26961431118058204 0.2523041940403331 0.24336040265605519
7.520903457504822 6.5978965063460295 5.674889555187236 4.7518826040284425 3.82887565286965 2.9058687017108564 1.982861750552063 1.5059625171429416 1.5059625171429416 1.5059625171429416 1.5059625171429416 1.5059625171429416 1.5059625171429416 1.5059625171429416 1.5059625171429416 1.5059625171429416 1.5059625171429416 1.5059625171429416 1.5059625171429416 1.4713334061623393 1.399684992769118 1.3280365793757745 1.256388165982553 1.1847397525893317 1.1130913391961104 1.041442925802889 0.9697945124096677 0.8981460990164464 0.826497685623225 0.7548492722300038 0.6832008588367824 0.6302731176484007 0.5973581982572996 0.5644432788661986 0.5315283594750415 0.49861344008394043 0.46569852069283935 0.4327836013017383 0.3998686819106373 0.36695376251953626 0.33403884312843524 0.3011239237373342 0.2682090043462331 0.25120252368066687
7.2773664967752225 6.422275107530383 5.567183718285542 4.712092329040702 3.857000939795862 3.001909550551021 2.1468181613061823 1.7050095405654175 1.7050095405654175 1.7050095405654175 1.7050095405654175 1.7050095405654175 1.7050095405654175 1.7050095405654175 1.7050095405654175 1.7050095405654175 1.7050095405654175 1.7050095405654175 1.7050095405654175 1.6702214464909235 1.598244093482704 1.526266740474362 1.4542893874661424 1.3823120344579232 1.3103346814497039 1.2383573284414844 1.1663799754332649 1.0944026224250456 1.022425269416826 0.9504479164086067 0.8784705634003873 0.8178307527136998 0.7693110310717467 0.7207913094297936 0.6722715877877579 0.6237518661458047 0.5752321445038516 0.5267124228618986 0.4781927012199455 0.42967297957799244 0.3811532579360393 0.3326335362940862 0.28411381465213315 0.25904464470527855
7.033829536045622 6.246653708714735 5.459477881383848 4.672302054052961 3.8851262267220745 3.0979503993911877 2.3107745720603017 1.9040565639878932 1.9040565639878932 1.9040565639878932 1.9040565639878932 1.9040565639878932 1.9040565639878932 1.9040565639878932 1.9040565639878932 1.9040565639878932 1.9040565639878932 1.9040565639878932 1.9040565639878932 1.8691094868195075 1.79680319419629 1.7244969015729494 1.652190608949732 1.5798843163265146 1.5075780237032972 1.4352717310800798 1.3629654384568624 1.290659145833645 1.2183528532104275 1.14604656058721 1.0737402679639927 1.0053883877789993 0.9412638638861941 0.877139339993389 0.8130148161004744 0.7488902922076692 0.6847657683148641 0.620641244422059 0.5565167205292538 0.49239219663644873 0.4282676727436435 0.3641431488508384 0.3000186249580332 0.26688676572989023
6.790292575316023 6.071032309899089 5.351772044482156 4.632511779065222 3.913251513648288 3.193991248231355 2.474730982814421 2.103103587410369 2.103103587410369 2.103103587410369 2.103103587410369 2.103103587410369 2.103103587410369 2.103103587410369 2.103103587410369 2.103103587410369 2.103103587410369 2.103103587410369 2.103103587410369 2.067997527148092 1.9953622949098764 1.9227270626715371 1.8500918304333216 1.7774565981951063 1.7048213659568907 1.6321861337186754 1.5595509014804598 1.4869156692422445 1.414280437004029 1.3416452047658134 1.269009972527598 1.1929460228442985 1.1132166967006414 1.033487370556984 0.953758044413191 0.8740287182695337 0.7942993921258765 0.7145700659822193 0.634840739838562 0.5551114136949049 0.47538208755124767 0.3956527614075904 0.3159234352639332 0.2747288867545019
6.546755614586422 5.895410911083442 5.244066207580461 4.592721504077481 3.9413768005745 3.29003209707152 2.6386873935685395 2.302150610832845 2.302150610832845 2.302150610832845 2.302150610832845 2.302150610832845 2.302150610832845 2.302150610832845 2.302150610832845 2.302150610832845 2.302150610832845 2.302150610832845 2.302150610832845 2.2668855674766757 2.1939213956234624 2.1209572237701244 2.047993051916911 1.9750288800636975 1.902064708210484 1.8291005363572705 1.756136364504057 1.6831721926508436 1.6102080207976301 1.5372438489444167 1.464279677091203 1.380503657909598 1.2851695295150884 1.1898354011205794 1.0945012727259074 0.9991671443313982 0.9038330159368889 0.8084988875423796 0.7131647591478704 0.6178306307533611 0.5224965023588518 0.42716237396434265 0.33182824556983337 0.2825710077791136
6.303218653856822 5.719789512267795 5.1363603706787675 4.55293122908974 3.9695020875007128 3.3860729459116854 2.802643804322658 2.5011976342553206 2.5011976342553206 2.5011976342553206 2.5011976342553206 2.5011976342553206 2.5011976342553206 2.5011976342553206 2.5011976342553206 2.5011976342553206 2.5011976342553206 2.5011976342553206 2.5011976342553206 2.46577360780526 2.3924804963370483 2.319187384868712 2.2458942734005003 2.172601161932289 2.0993080504640775 2.026014938995866 1.9527218275276543 1.879428716059443 1.8061356045912316 1.73284249312302 1.6595493816548084 1.5680612929748972 1.4571223623295357 1.3461834316841745 1.235244501038624 1.1243055703932625 1.0133666397479013 0.9024277091025399 0.7914887784571786 0.6805498478118173 0.5696109171664558 0.45867198652109464 0.3477330558757332 0.2904131288037253
6.059681693127015 5.544168113451999 5.028654533776983 4.513140954101966 3.9976273744269504 3.4821137947519336 2.9666002150769177 2.700244657677966 2.700244657677966 2.700244657677966 2.700244657677966 2.700244657677966 2.700244657677966 2.700244657677966 2.700244657677966 2.700244657677966 2.700244657677966 2.700244657677966 2.700244657677966 2.6646616481340137 2.5910395970508038 2.5174175459674686 2.4437954948842586 2.3701734438010487 2.296551392717839 2.222929341634629 2.1493072905514197 2.0756852394682097 2.0020631883849997 1.92844113730179 1.8548190862185803 1.7556189280403565 1.6290751951441298 1.5025314622479031 1.3759877293514606 1.2494439964552337 1.122900263559007 0.9963565306627804 0.8698127977665537 0.7432690648703271 0.6167253319741004 0.4901815990778735 0.36363786618164684 0.2982552498283436
5.816144732397415 5.368546714636352 4.920948696875289 4.473350679114226 4.025752661353163 3.5781546435921 3.130556625831037 2.8992916811004417 2.8992916811004417 2.8992916811004417 2.8992916811004417 2.8992916811004417 2.8992916811004417 2.8992916811004417 2.8992916811004417 2.8992916811004417 2.8992916811004417 2.8992916811004417 2.8992916811004417 2.8635496884625975 2.7895986977643896 2.715647707066056 2.641696716367848 2.5677457256696403 2.4937947349714324 2.4198437442732246 2.3458927535750167 2.271941762876809 2.1979907721786014 2.1240397814803935 2.0500887907821856 1.943176563105656 1.8010280279585773 1.6588794928114985 1.5167309576641772 1.3745824225170984 1.2324338873700196 1.0902853522229408 0.9481368170758622 0.8059882819287834 0.6638397467817045 0.5216912116346257 0.3795426764875469 0.3060973708529553
5.5726077716678155 5.192925315820705 4.813242859973595 4.433560404126485 4.053877948279375 3.6741954924322653 3.2945130365851556 3.0983387045229174 3.0983387045229174 3.0983387045229174 3.0983387045229174 3.0983387045229174 3.0983387045229174 3.0983387045229174 3.0983387045229174 3.0983387045229174 3.0983387045229174 3.0983387045229174 3.0983387045229174 3.0624377287911817 2.988157798477976 2.913877868164643 2.8395979378514373 2.7653180075382315 2.6910380772250257 2.61675814691182 2.5424782165986137 2.468198286285408 2.393918355972202 2.3196384256589964 2.2453584953457906 2.130734198170955 1.9729808607730241 1.8152275233750934 1.6574741859768936 1.4997208485789628 1.341967511181032 1.1842141737831011 1.0264608363851704 0.8687074989872394 0.7109541615893087 0.553200824191378 0.395447486793447 0.313939491877567
5.329070810938216 5.0173039170050595 4.705537023071903 4.393770129138746 4.082003235205589 3.7702363412724322 3.4584694473392754 3.2973857279453935 3.2973857279453935 3.2973857279453935 3.2973857279453935 3.2973857279453935 3.2973857279453935 3.2973857279453935 3.2973857279453935 3.2973857279453935 3.2973857279453935 3.2973857279453935 3.2973857279453935 3.261325769119766 3.186716899191562 3.112108029263231 3.0374991593350273 2.962890289406823 2.8882814194786195 2.8136725495504153 2.7390636796222116 2.664454809694008 2.589845939765804 2.5152370698376 2.440628199909396 2.3182918332362545 2.144933693587472 1.9715755539386888 1.7982174142896103 1.6248592746408272 1.4515011349920446 1.2781429953432617 1.1047848556944788 0.9314267160456959 0.758068576396913 0.5847104367481302 0.4113522970993473 0.32178161290217866
5.085533850208616 4.841682518189412 4.597831186170208 4.353979854151005 4.110128522131801 3.866277190112598 3.6224258580933943 3.4964327513678692 3.4964327513678692 3.4964327513678692 3.4964327513678692 3.4964327513678692 3.4964327513678692 3.4964327513678692 3.4964327513678692 3.4964327513678692 3.4964327513678692 3.4964327513678692 3.4964327513678692 3.46021380944835 3.385275999905148 3.3103381903618185 3.2354003808186165 3.1604625712754144 3.085524761732213 3.0105869521890107 2.9356491426458087 2.860711333102607 2.785773523559405 2.710835714016203 2.635897904473001 2.5058494683015535 2.3168865264019187 2.127923584502284 1.9389606426023265 1.7499977007026914 1.5610347588030566 1.3720718169034216 1.1831088750037868 0.9941459331041518 0.8051829912045168 0.616220049304882 0.4272571074052469 0.32962373392679034
4.959708045607117 4.750945967379966 4.542183889152815 4.333421810925664 4.124659732698513 3.9158976544713617 3.7071355762442106 3.599272385239601 3.599272385239601 3.599272385239601 3.599272385239601 3.599272385239601 3.599272385239601 3.599272385239601 3.599272385239601 3.599272385239601 3.599272385239601 3.599272385239601 3.599272385239601 3.5629713031157904 3.4878635436331686 3.412755784150419 3.3376480246677973 3.262540265185176 3.1874325057025543 3.112324746219933 3.0372169867373113 2.96210922725469 2.8870014677720683 2.811893708289447 2.7367859488068254 2.602752994856804 2.4057276759242185 2.208702356991634 2.0116770380587132 1.8146517191261284 1.6176264001935434 1.4206010812609586 1.2235757623283738 1.026550443395789 0.8295251244632043 0.6324998055306192 0.43547448659803445 0.33367544412612915
4.959708045607117 4.750945967379966 4.542183889152815 4.333421810925664 4.124659732698513 3.9158976544713617 3.7071355762442106 3.599272385239601 3.599272385239601 3.599272385239601 3.599272385239601 3.599272385239601 3.599272385239601 3.599272385239601 3.599272385239601 3.599272385239601 3.599272385239601 3.599272385239601 3.599272385239601 3.5629713031157904 3.4878635436331686 3.412755784150419 3.3376480246677973 3.262540265185176 3.1874325057025543 3.112324746219933 3.0372169867373113 2.96210922725469 2.8870014677720683 2.811893708289447 2.7367859488068254 2.602752994856804 2.4057276759242185 2.208702356991634 2.0116770380587132 1.8146517191261284 1.6176264001935434 1.4206010812609586 1.2235757623283738 1.026550443395789 0.8295251244632043 0.6324998055306192 0.43547448659803445 0.33367544412612915
4.959708045607117 4.750945967379966 4.542183889152815 4.333421810925664 4.124659732698513 3.9158976544713617 3.7071355762442106 3.599272385239601 3.599272385239601 3.599272385239601 3.599272385239601 3.599272385239601 3.599272385239601 3.599272385239601 3.599272385239601 3.599272385239601 3.599272385239601 3.599272385239601 3.599272385239601 3.5629713031157904 3.4878635436331686 3.412755784150419 3.3376480246677973 3.262540265185176 3.1874325057025543 3.112324746219933 3.0372169867373113 2.96210922725469 2.8870014677720683 2.811893708289447 2.7367859488068254 2.602752994856804 2.4057276759242185 2.208702356991634 2.0116770380587132 1.8146517191261284 1.6176264001935434 1.4206010812609586 1.2235757623283738 1.026550443395789 0.8295251244632043 0.6324998055306192 0.43547448659803445 0.33367544412612915
