Figures/CREST_Example_wjb_NSE/Rolling_result/20100722/raw_forecast_backup/ens_4/wjb.rain.20100729.asc
ncols            288
nrows            254
xllcorner        113.274861
yllcorner        31.4918055
cellsize         0.008333333333
NODATA_value     -9999
[rows 21 to 41 of 254, columns 96 to 143 of 288]
0.14011113540301737 0.13677780202014728 0.13344446863727716 0.13011113525440707 0.12677780187153698 0.12344446848866689 0.12011113510579678 0.11677780172292668 0.1134444683400509 0.1101111349571808 0.1067778015743107 0.1034444681914406 0.1001111348085705 0.0967778014257004 0.09344446804283031 0.09011113465996021 0.0867778012770901 0.08344446789422001 0.08011113451134991 0.07677780112847982 0.07344446774560971 0.07172220103774375 0.07172220103774375 0.07172220103774375 0.07172220103774375 -9999.0 -9999.0 -9999.0 -9999.0 -9999.0 -9999.0 -9999.0 -9999.0 -9999.0 -9999.0 -9999.0 -9999.0 -9999.0 -9999.0 -9999.0 -9999.0 -9999.0 -9999.0 -9999.0 -9999.0 -9999.0 -9999.0 -9999.0
0.13677780202014728 0.13344446863727719 0.1301111352544071 0.12677780187153698 0.12344446848866689 0.12011113510579678 0.11677780172292668 0.11344446834005659 0.1101111349571808 0.1067778015743107 0.1034444681914406 0.1001111348085705 0.0967778014257004 0.0934444680428303 0.09011113465996021 0.0867778012770901 0.08344446789422001 0.08011113451134991 0.0767778011284798 0.07344446774560971 0.07011113436273961 0.06838886765487365 0.06838886765487365 0.06838886765487365 0.06838886765487365 0.06838886765487365 0.06838886765487365 0.06838886765487365 -9999.0 0.06838886765487365 -9999.0 -9999.0 -9999.0 -9999.0 -9999.0 -9999.0 -9999.0 -9999.0 -9999.0 -9999.0 -9999.0 -9999.0 -9999.0 -9999.0 -9999.0 -9999.0 -9999.0 -9999.0
0.13344446863727719 0.1301111352544071 0.12677780187153698 0.12344446848866689 0.1201111351057968 0.11677780172292669 0.11344446834005659 0.1101111349571865 0.10677780157431072 0.10344446819144061 0.1001111348085705 0.09677780142570042 0.09344446804283031 0.09011113465996021 0.08677780127709012 0.08344446789422001 0.08011113451134992 0.07677780112847982 0.07344446774560971 0.07011113436273962 0.06677780097986952 0.06505553427200356 0.06505553427200356 0.06505553427200356 0.06505553427200356 0.06505553427200356 0.06505553427200356 0.06505553427200356 0.06505553427200356 0.06505553427200356 0.06505553427200356 -9999.0 -9999.0 -9999.0 -9999.0 -9999.0 -9999.0 -9999.0 -9999.0 -9999.0 -9999.0 -9999.0 -9999.0 -9999.0 -9999.0 -9999.0 -9999.0 -9999.0
0.13011113525440707 0.12677780187153698 0.12344446848866687 0.12011113510579677 0.11677780172292668 0.11344446834005659 0.11011113495718648 0.10677780157431638 0.1034444681914406 0.1001111348085705 0.0967778014257004 0.0934444680428303 0.09011113465996021 0.0867778012770901 0.08344446789422001 0.08011113451134991 0.0767778011284798 0.07344446774560971 0.07011113436273961 0.06677780097986952 0.06344446759699941 0.06172220088913345 0.06172220088913345 0.06172220088913345 0.06172220088913345 0.06172220088913345 0.06172220088913345 0.06172220088913345 0.06172220088913345 0.06172220088913345 0.06172220088913345 -9999.0 -9999.0 -9999.0 -9999.0 -9999.0 -9999.0 -9999.0 -9999.0 -9999.0 -9999.0 -9999.0 -9999.0 -9999.0 -9999.0 -9999.0 -9999.0 -9999.0
0.12677780187153698 0.12344446848866689 0.12011113510579678 0.11677780172292668 0.11344446834005659 0.11011113495718648 0.10677780157431638 0.10344446819144629 0.1001111348085705 0.0967778014257004 0.0934444680428303 0.09011113465996021 0.0867778012770901 0.08344446789422 0.08011113451134991 0.0767778011284798 0.07344446774560971 0.07011113436273961 0.0667778009798695 0.06344446759699941 0.06011113421412931 0.058388867506263355 0.058388867506263355 0.058388867506263355 0.058388867506263355 0.058388867506263355 0.058388867506263355 0.058388867506263355 0.058388867506263355 0.058388867506263355 0.058388867506263355 -9999.0 -9999.0 -9999.0 -9999.0 -9999.0 -9999.0 -9999.0 -9999.0 -9999.0 -9999.0 -9999.0 -9999.0 -9999.0 -9999.0 -9999.0 -9999.0 -9999.0
0.12344446848866689 0.1201111351057968 0.11677780172292669 0.11344446834005659 0.1101111349571865 0.10677780157431639 0.10344446819144629 0.1001111348085762 0.09677780142570042 0.09344446804283031 0.09011113465996021 0.08677780127709012 0.08344446789422001 0.08011113451134991 0.07677780112847982 0.07344446774560971 0.07011113436273962 0.06677780097986952 0.06344446759699941 0.06011113421412932 0.05677780083125922 0.05505553412339326 0.05505553412339326 0.05505553412339326 0.05505553412339326 0.05505553412339326 0.05505553412339326 0.05505553412339326 0.05505553412339326 0.05505553412339326 0.05505553412339326 -9999.0 -9999.0 -9999.0 -9999.0 -9999.0 -9999.0 -9999.0 -9999.0 -9999.0 -9999.0 -9999.0 -9999.0 -9999.0 -9999.0 -9999.0 -9999.0 -9999.0
0.12011113510579394 0.11677780172292385 0.11344446834005374 0.11011113495718364 0.10677780157431355 0.10344446819144344 0.10011113480857334 0.09677780142570325 0.09344446804282747 0.09011113465995736 0.08677780127708726 0.08344446789421717 0.08011113451134706 0.07677780112847696 0.07344446774560687 0.07011113436273676 0.06677780097986667 0.06344446759699657 0.06011113421412646 0.05677780083125637 0.05344446744838627 0.051722200740520315 0.051722200740520315 0.051722200740520315 0.051722200740520315 0.051722200740520315 0.051722200740520315 0.051722200740520315 0.051722200740520315 0.051722200740520315 0.051722200740520315 0.051722200740520315 0.051722200740520315 0.051722200740520315 -9999.0 -9999.0 -9999.0 -9999.0 -9999.0 -9999.0 -9999.0 -9999.0 -9999.0 -9999.0 -9999.0 -9999.0 -9999.0 -9999.0
0.11677780172292385 0.11344446834005376 0.11011113495718365 0.10677780157431355 0.10344446819144346 0.10011113480857335 0.09677780142570325 0.09344446804283316 0.09011113465995738 0.08677780127708727 0.08344446789421717 0.08011113451134708 0.07677780112847697 0.07344446774560687 0.07011113436273678 0.06677780097986667 0.06344446759699658 0.06011113421412648 0.05677780083125637 0.05344446744838628 0.05011113406551618 0.04838886735765022 0.04838886735765022 0.04838886735765022 0.04838886735765022 0.04838886735765022 0.04838886735765022 0.04838886735765022 0.04838886735765022 0.04838886735765022 0.04838886735765022 0.04838886735765022 0.04838886735765022 0.04838886735765022 0.04838886735765022 0.04838886735765022 0.04838886735765022 -9999.0 -9999.0 -9999.0 -9999.0 -9999.0 -9999.0 -9999.0 -9999.0 -9999.0 -9999.0 -9999.0
0.11344446834005376 0.11011113495718367 0.10677780157431356 0.10344446819144346 0.10011113480857337 0.09677780142570326 0.09344446804283316 0.09011113465996307 0.08677780127708729 0.08344446789421718 0.08011113451134708 0.07677780112847699 0.07344446774560688 0.07011113436273678 0.06677780097986669 0.06344446759699658 0.06011113421412649 0.056777800831256386 0.05344446744838628 0.05011113406551619 0.04677780068264609 0.04505553397478012 0.04505553397478012 0.04505553397478012 0.04505553397478012 0.04505553397478012 0.04505553397478012 0.04505553397478012 0.04505553397478012 0.04505553397478012 0.04505553397478012 0.04505553397478012 0.04505553397478012 0.04505553397478012 0.04505553397478012 0.04505553397478012 0.04505553397478012 0.04505553397478012 0.04505553397478012 -9999.0 -9999.0 -9999.0 -9999.0 -9999.0 -9999.0 -9999.0 -9999.0 -9999.0
0.11011113495718364 0.10677780157431355 0.10344446819144344 0.10011113480857334 0.09677780142570325 0.09344446804283314 0.09011113465996304 0.08677780127709295 0.08344446789421717 0.08011113451134706 0.07677780112847696 0.07344446774560687 0.07011113436273676 0.06677780097986666 0.06344446759699657 0.06011113421412646 0.05677780083125637 0.05344446744838627 0.050111134065516164 0.04677780068264607 0.04344446729977597 0.041722200591910015 0.041722200591910015 0.041722200591910015 0.041722200591910015 0.041722200591910015 0.041722200591910015 0.041722200591910015 0.041722200591910015 0.041722200591910015 0.041722200591910015 0.041722200591910015 0.041722200591910015 0.041722200591910015 0.041722200591910015 0.041722200591910015 0.041722200591910015 0.041722200591910015 0.041722200591910015 0.041722200591910015 0.041722200591910015 0.041722200591910015 -9999.0 -9999.0 -9999.0 -9999.0 -9999.0 -9999.0
0.10677780157431355 0.10344446819144346 0.10011113480857335 0.09677780142570325 0.09344446804283316 0.09011113465996305 0.08677780127709295 0.08344446789422286 0.08011113451134708 0.07677780112847697 0.07344446774560687 0.07011113436273678 0.06677780097986667 0.06344446759699657 0.06011113421412648 0.05677780083125637 0.05344446744838628 0.05011113406551618 0.04677780068264607 0.04344446729977598 0.04011113391690588 0.03838886720903992 0.03838886720903992 0.03838886720903992 0.03838886720903992 0.03838886720903992 0.03838886720903992 0.03838886720903992 0.03838886720903992 0.03838886720903992 0.03838886720903992 0.03838886720903992 0.03838886720903992 0.03838886720903992 0.03838886720903992 0.03838886720903992 0.03838886720903992 0.03838886720903992 0.03838886720903992 0.03838886720903992 0.03838886720903992 0.03838886720903992 -9999.0 -9999.0 -9999.0 -9999.0 -9999.0 -9999.0
0.10344446819144346 0.10011113480857337 0.09677780142570326 0.09344446804283316 0.09011113465996307 0.08677780127709296 0.08344446789422286 0.08011113451135277 0.07677780112847699 0.07344446774560688 0.07011113436273678 0.06677780097986669 0.06344446759699658 0.06011113421412648 0.056777800831256386 0.05344446744838628 0.05011113406551619 0.04677780068264609 0.04344446729977598 0.04011113391690589 0.03677780053403579 0.03505553382616982 0.03505553382616982 0.03505553382616982 0.03505553382616982 0.03505553382616982 0.03505553382616982 0.03505553382616982 0.03505553382616982 0.03505553382616982 0.03505553382616982 0.03505553382616982 0.03505553382616982 0.03505553382616982 0.03505553382616982 0.03505553382616982 0.03505553382616982 0.03505553382616982 0.03505553382616982 0.03505553382616982 0.03505553382616982 0.03505553382616982 -9999.0 -9999.0 -9999.0 -9999.0 -9999.0 -9999.0
0.1001111348085705 0.09677780142570042 0.09344446804283031 0.09011113465996021 0.08677780127709012 0.08344446789422001 0.08011113451134991 0.07677780112847982 0.07344446774560404 0.07011113436273393 0.06677780097986383 0.06344446759699374 0.06011113421412363 0.05677780083125353 0.05344446744838344 0.05011113406551333 0.04677780068264324 0.04344446729977314 0.04011113391690303 0.03677780053403294 0.03344446715116284 0.03172220044329688 0.03172220044329688 0.03172220044329688 0.03172220044329688 0.03172220044329688 0.03172220044329688 0.03172220044329688 0.03172220044329688 0.03172220044329688 0.03172220044329688 0.03172220044329688 0.03172220044329688 0.03172220044329688 0.03172220044329688 0.03172220044329688 0.03172220044329688 0.03172220044329688 0.03172220044329688 0.03172220044329688 0.03172220044329688 0.03172220044329688 0.03172220044329688 -9999.0 -9999.0 -9999.0 -9999.0 -9999.0
0.09677780142570042 0.09344446804283033 0.09011113465996022 0.08677780127709012 0.08344446789422003 0.08011113451134992 0.07677780112847982 0.07344446774560973 0.07011113436273395 0.06677780097986384 0.06344446759699374 0.060111134214123646 0.05677780083125354 0.05344446744838344 0.050111134065513346 0.04677780068264324 0.04344446729977315 0.04011113391690305 0.03677780053403294 0.03344446715116285 0.030111133768292747 0.02838886706042678 0.02838886706042678 0.02838886706042678 0.02838886706042678 0.02838886706042678 0.02838886706042678 0.02838886706042678 0.02838886706042678 0.02838886706042678 0.02838886706042678 0.02838886706042678 0.02838886706042678 0.02838886706042678 0.02838886706042678 0.02838886706042678 0.02838886706042678 0.02838886706042678 0.02838886706042678 0.02838886706042678 0.02838886706042678 0.02838886706042678 0.02838886706042678 0.02838886706042678 -9999.0 -9999.0 -9999.0 -9999.0
0.0934444680428303 0.09011113465996021 0.0867778012770901 0.08344446789422 0.08011113451134991 0.07677780112847982 0.07344446774560971 0.07011113436273961 0.06677780097986383 0.06344446759699374 0.06011113421412363 0.05677780083125353 0.05344446744838344 0.05011113406551333 0.04677780068264324 0.04344446729977314 0.04011113391690303 0.03677780053403294 0.03344446715116284 0.030111133768292747 0.026777800385422643 0.02505553367755668 0.02505553367755668 0.02505553367755668 0.02505553367755668 0.02505553367755668 0.02505553367755668 0.02505553367755668 0.02505553367755668 0.02505553367755668 0.02505553367755668 0.02505553367755668 0.02505553367755668 0.02505553367755668 0.02505553367755668 0.02505553367755668 0.02505553367755668 0.02505553367755668 0.02505553367755668 0.02505553367755668 0.02505553367755668 0.02505553367755668 0.02505553367755668 0.02505553367755668 -9999.0 -9999.0 -9999.0 -9999.0
0.09011113465996021 0.08677780127709012 0.08344446789422001 0.08011113451134991 0.07677780112847982 0.07344446774560971 0.07011113436273961 0.06677780097986952 0.06344446759699374 0.06011113421412363 0.05677780083125353 0.05344446744838344 0.05011113406551333 0.04677780068264323 0.04344446729977314 0.04011113391690303 0.03677780053403294 0.03344446715116284 0.030111133768292733 0.026777800385422643 0.023444467002552538 0.02172220029468658 0.02172220029468658 0.02172220029468658 0.02172220029468658 0.02172220029468658 0.02172220029468658 0.02172220029468658 0.02172220029468658 0.02172220029468658 0.02172220029468658 0.02172220029468658 0.02172220029468658 0.02172220029468658 0.02172220029468658 0.02172220029468658 0.02172220029468658 0.02172220029468658 0.02172220029468658 0.02172220029468658 0.02172220029468658 0.02172220029468658 0.02172220029468658 0.02172220029468658 0.02172220029468658 -9999.0 -9999.0 -9999.0
0.08677780127709012 0.08344446789422003 0.08011113451134992 0.07677780112847982 0.07344446774560973 0.07011113436273962 0.06677780097986952 0.06344446759699943 0.06011113421412364 0.05677780083125354 0.05344446744838344 0.050111134065513346 0.04677780068264324 0.04344446729977314 0.04011113391690305 0.03677780053403294 0.03344446715116285 0.030111133768292747 0.026777800385422643 0.023444467002552552 0.020111133619682448 0.01838886691181648 0.01838886691181648 0.01838886691181648 0.01838886691181648 0.01838886691181648 0.01838886691181648 0.01838886691181648 0.01838886691181648 0.01838886691181648 0.01838886691181648 0.01838886691181648 0.01838886691181648 0.01838886691181648 0.01838886691181648 0.01838886691181648 0.01838886691181648 0.01838886691181648 0.01838886691181648 0.01838886691181648 0.01838886691181648 0.01838886691181648 0.01838886691181648 0.01838886691181648 0.01838886691181648 0.01838886691181648 0.01838886691181648 -9999.0
0.08344446789422001 0.08011113451134991 0.07677780112847982 0.07344446774560971 0.07011113436273961 0.06677780097986952 0.06344446759699943 0.060111134214129315 0.056777800831253535 0.05344446744838344 0.05011113406551333 0.04677780068264324 0.04344446729977314 0.04011113391690303 0.03677780053403294 0.03344446715116284 0.030111133768292747 0.026777800385422643 0.023444467002552538 0.020111133619682448 0.016777800236812343 0.015055533528946383 0.015055533528946383 0.015055533528946383 0.015055533528946383 0.015055533528946383 0.015055533528946383 0.015055533528946383 0.015055533528946383 0.015055533528946383 0.015055533528946383 0.015055533528946383 0.015055533528946383 0.015055533528946383 0.015055533528946383 0.015055533528946383 0.015055533528946383 0.015055533528946383 0.015055533528946383 0.015055533528946383 0.015055533528946383 0.015055533528946383 0.015055533528946383 0.015055533528946383 0.015055533528946383 0.015055533528946383 0.015055533528946383 -9999.0
0.08011113451134991 0.07677780112847982 0.07344446774560971 0.07011113436273961 0.06677780097986952 0.06344446759699941 0.060111134214129315 0.05677780083125921 0.05344446744838343 0.05011113406551333 0.04677780068264323 0.04344446729977314 0.04011113391690303 0.03677780053403293 0.03344446715116284 0.030111133768292733 0.026777800385422643 0.023444467002552538 0.020111133619682434 0.016777800236812343 0.013444466853942239 0.011722200146076283 0.011722200146076283 0.011722200146076283 0.011722200146076283 0.011722200146076283 0.011722200146076283 0.011722200146076283 0.011722200146076283 0.011722200146076283 0.011722200146076283 0.011722200146076283 0.011722200146076283 0.011722200146076283 0.011722200146076283 0.011722200146076283 0.011722200146076283 0.011722200146076283 0.011722200146076283 0.011722200146076283 0.011722200146076283 0.011722200146076283 0.011722200146076283 0.011722200146076283 0.011722200146076283 0.011722200146076283 0.011722200146076283 -9999.0
0.07677780112847697 0.07344446774560687 0.07011113436273678 0.06677780097986667 0.06344446759699657 0.06011113421412648 0.05677780083125638 0.053444467448386275 0.050111134065510494 0.0467778006826404 0.04344446729977029 0.0401111339169002 0.0367778005340301 0.03344446715115999 0.030111133768289902 0.026777800385419798 0.023444467002549707 0.020111133619679603 0.016777800236809498 0.013444466853939407 0.010111133471069303 0.008388866763203343 0.008388866763203343 0.008388866763203343 0.008388866763203343 0.008388866763203343 0.008388866763203343 0.008388866763203343 0.008388866763203343 0.008388866763203343 0.008388866763203343 0.008388866763203343 0.008388866763203343 0.008388866763203343 0.008388866763203343 0.008388866763203343 0.008388866763203343 0.008388866763203343 0.008388866763203343 0.008388866763203343 0.008388866763203343 0.008388866763203343 0.008388866763203343 0.008388866763203343 0.008388866763203343 0.008388866763203343 0.008388866763203343 -9999.0
0.07344446774560687 0.07011113436273678 0.06677780097986667 0.06344446759699657 0.06011113421412647 0.05677780083125637 0.053444467448386275 0.05011113406551617 0.04677780068264039 0.04344446729977029 0.04011113391690019 0.0367778005340301 0.03344446715115999 0.03011113376828989 0.026777800385419798 0.023444467002549693 0.020111133619679603 0.016777800236809498 0.013444466853939394 0.010111133471069303 0.0067778000881991984 0.005055533380333243 0.005055533380333243 0.005055533380333243 0.005055533380333243 0.005055533380333243 0.005055533380333243 0.005055533380333243 0.005055533380333243 0.005055533380333243 0.005055533380333243 0.005055533380333243 0.005055533380333243 0.005055533380333243 0.005055533380333243 0.005055533380333243 0.005055533380333243 0.005055533380333243 0.005055533380333243 0.005055533380333243 0.005055533380333243 0.005055533380333243 0.005055533380333243 0.005055533380333243 0.005055533380333243 0.005055533380333243 0.005055533380333243 0.005055533380333243
