Figures/CREST_Example_wjb_NSE/Rolling_result/20100722/BJP_forecast/ens_27/wjb.rain.20100724.asc
ncols            288
nrows            254
xllcorner        113.274861
yllcorner        31.4918055
cellsize         0.008333333333
NODATA_value     -9999
[rows 189 to 209 of 254, columns 192 to 239 of 288]
2.23513210012269 2.2008678549564213 2.166603609790153 2.217257616800541 2.3586911568432978 2.500124696886055 2.6415582369288124 2.7829917769715693 2.9244253170143266 3.0658588570570835 3.207292397099841 3.348725937142598 3.490159477185355 3.631593017228112 3.773026557270869 3.8373681843324228 3.81929681189044 3.801225439448488 3.783154067006536 3.765082694564584 3.747011322122632 3.7289399496806803 3.710868577238728 3.692797204796776 3.674725832354824 3.6566544599128723 3.6385830874709204 3.6400605459218096 3.6624361470112157 3.68481174810066 3.707187349190066 3.729562950279472 3.751938551368878 3.774314152458284 3.7966897535476902 3.8190653546370963 3.8414409557265023 3.8638165568159084 3.8861921579053145 3.9034257177232474 3.915162319040676 3.926898920358105 3.938635521675554 3.9503721229929827 3.9621087243104114 3.97384532562784 3.9855819269452692 3.997318528262698
2.4986052250184425 2.46030197573888 2.421998726459318 2.478623731566322 2.6367291885656154 2.794834645564909 2.9529401025642024 3.1110455595634954 3.269151016562789 3.427256473562082 3.5853619305613753 3.7434673875606688 3.9015728445599622 4.059678301559256 4.217783758558548 4.289709854359939 4.269508262872654 4.249306671385406 4.229105079898157 4.208903488410908 4.188701896923659 4.16850030543641 4.148298713949161 4.128097122461912 4.107895530974663 4.087693939487414 4.067492348000165 4.069143966445866 4.094157160874888 4.119170355303953 4.1441835497329755 4.169196744161998 4.194209938591021 4.219223133020043 4.244236327449066 4.269249521878089 4.294262716307111 4.319275910736134 4.344289105165156 4.363554124268229 4.376674213847756 4.389794303427283 4.402914393006832 4.416034482586359 4.429154572165886 4.442274661745413 4.45539475132494 4.468514840904467
2.7620783499141957 2.7197360965213395 2.677393843128483 2.7399898463321035 2.914767220287933 3.0895445942437627 3.2643219681995923 3.439099342155422 3.6138767161112515 3.788654090067081 3.9634314640229102 4.138208837978739 4.31298621193457 4.487763585890399 4.662540959846229 4.742051524387454 4.71971971385487 4.697387903322324 4.675056092789777 4.652724282257232 4.630392471724686 4.608060661192139 4.585728850659594 4.563397040127048 4.541065229594501 4.518733419061955 4.49640160852941 4.498227386969921 4.52587817473856 4.553528962507246 4.581179750275885 4.608830538044524 4.636481325813163 4.664132113581802 4.691782901350441 4.7194336891190805 4.74708447688772 4.774735264656359 4.802386052424998 4.823682530813211 4.838186108654836 4.852689686496461 4.867193264338111 4.8816968421797355 4.896200420021361 4.910703997862986 4.925207575704611 4.939711153546236
3.025551474809949 2.9791702173037984 2.932788959797648 3.0013559610978846 3.192805252010251 3.3842545429226165 3.5757038338349822 3.767153124747348 3.9586024156597137 4.1500517065720794 4.341500997484445 4.532950288396811 4.724399579309177 4.915848870221542 5.107298161133908 5.19439319441497 5.169931164837085 5.145469135259242 5.121007105681398 5.096545076103555 5.072083046525712 5.047621016947869 5.023158987370026 4.998696957792183 4.97423492821434 4.949772898636497 4.925310869058654 4.927310807493977 4.957599188602233 4.98788756971054 5.018175950818795 5.04846433192705 5.078752713035306 5.109041094143562 5.1393294752518175 5.169617856360072 5.199906237468328 5.230194618576584 5.2604829996848395 5.283810937358192 5.299698003461915 5.315585069565639 5.331472135669389 5.347359201773113 5.363246267876836 5.379133333980559 5.395020400084283 5.410907466188005
3.11100733046834 3.072576945767719 3.034146561067098 3.1091780439922654 3.3055028307247243 3.501827617457183 3.698152404189642 3.894477190922101 4.09080197765456 4.287126764387018 4.483451551119478 4.679776337851937 4.8761011245843955 5.072425911316854 5.268750698049313 5.3596045883571986 5.33770770366752 5.315810818977879 5.293913934288238 5.272017049598596 5.250120164908955 5.228223280219314 5.206326395529673 5.184429510840031 5.16253262615039 5.140635741460749 5.118738856771108 5.144707994632318 5.2218469938673095 5.2989859931024315 5.376124992337423 5.453263991572413 5.530402990807405 5.607541990042396 5.684680989277386 5.761819988512378 5.838958987747368 5.91609798698236 5.99323698621735 6.043136222851968 6.063915536741402 6.084694850630837 6.105474164520307 6.126253478409741 6.147032792299177 6.167812106188611 6.188591420078046 6.20937073396748
3.0061739457868484 2.9885108565929186 2.970847767398989 3.0528712347364633 3.2414618866256544 3.430052538514846 3.618643190404037 3.807233842293228 3.9958244941824193 4.184415146071611 4.373005797960802 4.5615964498499935 4.750187101739185 4.938777753628376 5.127368405517567 5.21789181506037 5.203579123353807 5.189266431647268 5.174953739940729 5.16064104823419 5.1463283565276505 5.132015664821112 5.1177029731145725 5.103390281408034 5.089077589701494 5.074764897994955 5.060452206288416 5.135825940919817 5.3070764950205325 5.478327049121539 5.649577603222254 5.820828157322969 5.992078711423685 6.1633292655244 6.334579819625115 6.50583037372583 6.6770809278265455 6.848331481927261 7.019582036027976 7.122284113485163 7.151706317933027 7.181128522380892 7.210550726828806 7.23997293127667 7.269395135724534 7.298817340172398 7.328239544620262 7.357661749068126
2.9013405611054015 2.904444767418154 2.907548973730907 2.996564425480685 3.177420942526612 3.358277459572539 3.539133976618466 3.719990493664393 3.9008470107103204 4.081703527756247 4.262560044802174 4.443416561848101 4.624273078894028 4.805129595939955 4.9859861129858825 5.076179041763604 5.069450543040152 5.062722044316712 5.055993545593272 5.049265046869832 5.0425365481463915 5.0358080494229505 5.02907955069951 5.02235105197607 5.01562255325263 5.00889405452919 5.00216555580575 5.12694388720732 5.392305996173719 5.657668105140571 5.92303021410697 6.188392323073369 6.453754432039769 6.719116541006168 6.9844786499725675 7.2498407589389675 7.515202867905367 7.780564976871766 8.045927085838166 8.201432004117901 8.23949709912419 8.27756219413048 8.315627289136835 8.353692384143125 8.391757479149415 8.429822574155704 8.467887669161994 8.505952764168285
2.7965071764239546 2.8203786782433893 2.8442501800628244 2.9402576162249066 3.1133799984275696 3.2865023806302323 3.459624762832895 3.632747145035558 3.8058695272382206 3.978991909440883 4.152114291643546 4.325236673846209 4.498359056048872 4.671481438251535 4.844603820454197 4.934466268466837 4.935321962726497 4.936177656986156 4.937033351245814 4.9378890455054725 4.938744739765132 4.93960043402479 4.940456128284449 4.941311822544107 4.9421675168037655 4.943023211063425 4.943878905323083 5.1180618334948225 5.4775354973269055 5.837009161159602 6.196482824991685 6.555956488823769 6.915430152655853 7.274903816487936 7.634377480320019 7.993851144152103 8.353324807984187 8.71279847181627 9.072272135648355 9.280579894750636 9.327287880315351 9.373995865880067 9.420703851444863 9.467411837009578 9.514119822574294 9.56082780813901 9.607535793703725 9.654243779268441
2.691673791742463 2.7363125890685893 2.7809513863947153 2.8839508069691044 3.0493390543284997 3.214727301687895 3.3801155490472903 3.5455037964066856 3.710892043766081 3.876280291125476 4.041668538484871 4.207056785844266 4.372445033203661 4.537833280563056 4.703221527922452 4.792753495170009 4.801193382412785 4.809633269655546 4.818073156898306 4.826513044141067 4.834952931383828 4.843392818626588 4.85183270586935 4.86027259311211 4.868712480354871 4.877152367597632 4.885592254840392 5.1091797797823215 5.562764998480129 6.016350217178711 6.469935435876518 6.923520654574326 7.377105873272134 7.830691091969942 8.28427631066775 8.737861529365558 9.191446748063365 9.645031966761174 10.09861718545898 10.359727785383834 10.415078661506978 10.470429537630125 10.525780413753363 10.581131289876508 10.636482165999652 10.691833042122799 10.747183918245943 10.802534794369087
2.5868404070610156 2.6522464998938244 2.7176525927266333 2.8276439977133263 2.9852981102294573 3.1429522227455884 3.300606335261719 3.45826044777785 3.615914560293981 3.773568672810112 3.931222785326243 4.088876897842374 4.246531010358505 4.404185122874636 4.561839235390767 4.651040721873243 4.66706480209913 4.68308888232499 4.699112962550849 4.715137042776709 4.731161123002568 4.747185203228428 4.763209283454287 4.779233363680147 4.7952574439060065 4.811281524131866 4.827305604357726 5.100297726069824 5.647994499633317 6.195691273197742 6.743388046761234 7.291084820324726 7.838781593888218 8.38647836745171 8.934175141015203 9.481871914578694 10.029568688142184 10.577265461705679 11.12496223526917 11.43887567601657 11.50286944269814 11.566863209379711 11.630856976061391 11.694850742742961 11.758844509424533 11.822838276106102 11.886832042787674 11.950825809469244
2.4820070223795687 2.5681804107190596 2.654353799058551 2.7713371884575477 2.9212571661304145 3.0711771438032813 3.2210971214761477 3.3710170991490145 3.5209370768218813 3.670857054494748 3.8207770321676144 3.9706970098404812 4.120616987513348 4.270536965186214 4.420456942859081 4.509327948576475 4.532936221785474 4.556544494994433 4.580152768203391 4.6037610414123495 4.627369314621308 4.650977587830266 4.674585861039225 4.698194134248184 4.721802407457142 4.745410680666101 4.76901895387506 5.091415672357327 5.733224000786503 6.375032329216774 7.01684065764595 7.658648986075126 8.300457314504301 8.942265642933478 9.584073971362654 10.22588229979183 10.867690628221006 11.509498956650182 12.151307285079358 12.518023566649306 12.590660223889303 12.6632968811293 12.73593353836942 12.808570195609416 12.881206852849413 12.95384351008941 13.026480167329407 13.099116824569402
2.377173637698077 2.4841143215442596 2.5910550053904418 2.7150303792017456 2.8572162220313446 2.999402064860944 3.141587907690543 3.283773750520142 3.425959593349741 3.56814543617934 3.7103312790089396 3.8525171218385386 3.9947029646681376 4.136888807497737 4.279074650327336 4.3676151752796475 4.398807641471762 4.4300001076638225 4.461192573855883 4.492385040047943 4.523577506240004 4.554769972432065 4.585962438624126 4.617154904816186 4.648347371008247 4.679539837200307 4.710732303392368 5.082533618644826 5.818453501939726 6.5543733852358805 7.290293268530782 8.026213151825681 8.76213303512058 9.498052918415482 10.233972801710383 10.969892685005282 11.705812568300182 12.441732451595083 13.177652334889984 13.597171457282503 13.678451005080928 13.759730552879354 13.841010100677918 13.922289648476344 14.003569196274771 14.084848744073197 14.166128291871622 14.247407839670048
2.2723402530166297 2.4000482323694947 2.5277562117223598 2.6587235699459675 2.7931752779323022 2.927626985918637 3.0620786939049722 3.196530401891307 3.3309821098776418 3.4654338178639765 3.5998855258503113 3.7343372338366465 3.8687889418229817 4.0032406498093165 4.137692357795651 4.225902401982881 4.264679061158107 4.303455720333266 4.342232379508426 4.381009038683586 4.419785697858745 4.458562357033904 4.497339016209064 4.536115675384224 4.574892334559383 4.613668993734542 4.6524456529097025 5.073651564932329 5.9036830030929135 6.7337144412549135 7.563745879415498 8.393777317576081 9.223808755736666 10.053840193897251 10.883871632057836 11.71390307021842 12.543934508379003 13.373965946539588 14.203997384700173 14.67631934791524 14.766241786272092 14.856164224628943 14.946086662985948 15.036009101342799 15.125931539699652 15.215853978056503 15.305776416413355 15.395698854770206
2.167506868335183 2.31598214319473 2.4644574180542773 2.602416760690189 2.72913433383326 2.8558519069763304 2.982569480119401 3.109287053262472 3.2360046264055424 3.362722199548613 3.4894397726916835 3.616157345834754 3.742874918977825 3.8695924921208955 3.996310065263966 4.084189628686114 4.130550480844452 4.17691133300271 4.223272185160969 4.269633037319227 4.315993889477485 4.362354741635744 4.408715593794002 4.45507644595226 4.501437298110519 4.547798150268777 4.594159002427036 5.064769511219832 5.9889125042461 6.913055497273945 7.837198490300214 8.761341483326483 9.685484476352752 10.609627469379019 11.533770462405288 12.457913455431555 13.382056448457824 14.306199441484093 15.230342434510362 15.755467238547975 15.854032567463253 15.95259789637853 16.051163225293976 16.149728554209254 16.248293883124532 16.34685921203981 16.445424540955088 16.543989869870362
2.0626734836537355 2.2319160540199654 2.4011586243861953 2.5461099514344108 2.665093389734217 2.7840768280340233 2.9030602663338296 3.0220437046336364 3.1410271429334427 3.260010581233249 3.3789940195330552 3.497977457832862 3.6169608961326682 3.7359443344324745 3.854927772732281 3.942476855389347 3.9964219005307964 4.050366945672153 4.104311990813511 4.158257035954868 4.212202081096225 4.266147126237582 4.32009217137894 4.374037216520297 4.427982261661654 4.481927306803012 4.535872351944369 5.0558874575073345 6.0741420053992865 7.092396553292976 8.110651101184928 9.12890564907688 10.147160196968834 11.165414744860787 12.18366929275274 13.201923840644692 14.220178388536645 15.238432936428598 16.25668748432055 16.834615129180712 16.941823348654417 17.049031568128118 17.156239787602004 17.26344800707571 17.37065622654941 17.477864446023116 17.585072665496817 17.692280884970522
1.9578400989722442 2.147849964845165 2.3378598307180862 2.4898031421786087 2.6010524456351476 2.712301749091686 2.823551052548225 2.934800356004764 3.0460496594613025 3.1572989629178414 3.2685482663743803 3.3797975698309193 3.4910468732874578 3.6022961767439967 3.713545480200535 3.80076408209252 3.862293320217084 3.923822558341543 3.9853517964660026 4.046881034590462 4.108410272714922 4.169939510839381 4.23146874896384 4.2929979870883 4.354527225212759 4.416056463337219 4.477585701461678 5.047005403794833 6.15937150655251 7.271737609312083 8.384103712069761 9.496469814827439 10.608835917585115 11.721202020342792 12.833568123100468 13.945934225858146 15.058300328615823 16.170666431373498 17.283032534131177 17.91376301981391 18.029614129846042 18.145465239878174 18.261316349910505 18.377167459942637 18.49301856997477 18.6088696800069 18.724720790039036 18.84057190007117
1.905976364667194 2.106958337872599 2.3079403110780037 2.4642185743652276 2.57270756023304 2.6811965461008525 2.7896855319686646 2.8981745178364773 3.00666350370429 3.115152489572102 3.2236414754399147 3.3321304613077274 3.4406194471755396 3.549108433043352 3.6575974189111644 3.7442796058051715 3.80764983112636 3.8710200564474397 3.93439028176852 3.9977605070896 4.06113073241068 4.12450095773176 4.18787118305284 4.251241408373921 4.314611633695001 4.377981859016081 4.4413520843371606 5.040829383508151 6.213417277386678 7.386005171267204 8.55859306514573 9.731180959024258 10.903768852902784 12.076356746781311 13.248944640659838 14.421532534538365 15.59412042841689 16.766708322295415 17.939296216173943 1.741476390390844 1.741476390390844 1.741476390390844 1.741476390390844 1.741476390390844 1.741476390390844 1.741476390390844 1.741476390390844 1.741476390390844
1.9107338480324785 2.1122174897852863 2.313701131538094 2.4714741462860075 2.5825195117194166 2.6935648771528253 2.804610242586234 2.915655608019643 3.0267009734530523 3.137746338886461 3.24879170431987 3.359837069753279 3.470882435186688 3.5819278006200967 3.6929731660535055 3.7788988072342358 3.8379708947502493 3.897042982266162 3.956115069782075 4.015187157297987 4.0742592448139 4.133331332329813 4.192403419845725 4.251475507361638 4.3105475948775505 4.369619682393463 4.428691769909376 5.037545942397233 6.23412960596439 7.430713269533587 8.627296933100745 9.823880596667902 11.020464260235057 12.217047923802212 13.41363158736937 14.610215250936527 15.806798914503684 17.00338257807084 18.199966241638 1.741476390390844 1.741476390390844 1.741476390390844 1.741476390390844 1.741476390390844 1.741476390390844 1.741476390390844 1.741476390390844 1.741476390390844
1.915491331397765 2.117476641697976 2.319461951998187 2.4787297182067904 2.592331463205797 2.7059332082048035 2.8195349532038096 2.933136698202816 3.0467384432018227 3.1603401882008293 3.273941933199836 3.3875436781988424 3.501145423197849 3.614747168196855 3.7283489131958616 3.8135180086633147 3.8682919583741517 3.923065908084895 3.9778398577956384 4.032613807506382 4.087387757217125 4.142161706927869 4.196935656638612 4.251709606349356 4.3064835560600985 4.361257505770842 4.416031455481585 5.034262501286314 6.25484193454211 7.475421367799989 8.696000801055785 9.916580234311583 11.13715966756738 12.357739100823178 13.578318534078974 14.79889796733477 16.019477400590567 17.240056833846364 18.46063626710216 1.741476390390844 1.741476390390844 1.741476390390844 1.741476390390844 1.741476390390844 1.741476390390844 1.741476390390844 1.741476390390844 1.741476390390844
1.92024881476305 2.122735793610664 2.3252227724582775 2.4859852901275703 2.6021434146921734 2.7183015392567764 2.8344596638213795 2.9506177883859825 3.066775912950585 3.182934037515188 3.2990921620797913 3.4152502866443943 3.5314084112089974 3.6475665357736 3.763724660338203 3.848137210092379 3.8986130219980413 3.9490888339036174 3.999564645809193 4.050040457714769 4.100516269620345 4.150992081525922 4.201467893431498 4.251943705337074 4.302419517242649 4.352895329148225 4.4033711410538015 5.0309790601753965 6.275554263119823 7.520129466066372 8.764704669010799 10.009279871955226 11.253855074899652 12.49843027784408 13.743005480788504 14.987580683732933 16.232155886677358 17.476731089621786 18.72130629256621 1.741476390390844 1.741476390390844 1.741476390390844 1.741476390390844 1.741476390390844 1.741476390390844 1.741476390390844 1.741476390390844 1.741476390390844
1.9250062981283347 2.1279949455233513 2.330983592918368 2.4932408620483506 2.6119553661785497 2.7306698703087493 2.849384374438949 2.9680988785691484 3.0868133826993476 3.205527886829547 3.3242423909597463 3.442956895089946 3.5616713992201454 3.680385903350345 3.7991004074805446 3.8827564115214432 3.928934085621931 3.9751117597223393 4.021289433822748 4.067467107923156 4.113644782023565 4.159822456123973 4.206000130224382 4.252177804324791 4.2983554784252 4.344533152525608 4.390710826626017 5.027695619064478 6.296266591697535 7.5648375643327554 8.833408536965813 10.10197950959887 11.370550482231925 12.639121454864982 13.90769242749804 15.176263400131095 16.444834372764152 17.71340534539721 18.981976318030267 1.741476390390844 1.741476390390844 1.741476390390844 1.741476390390844 1.741476390390844 1.741476390390844 1.741476390390844 1.741476390390844 1.741476390390844
