Figures/CREST_Example_wjb_NSE/Rolling_result/20100722/BJP_forecast/ens_27/wjb.rain.20100322.asc
ncols            288
nrows            254
xllcorner        113.274861
yllcorner        31.4918055
cellsize         0.008333333333
NODATA_value     -9999
[rows 100 to 119 of 254, columns 132 to 175 of 288]
0.7311174997573258 0.78368272794921 0.8362479561410944 0.9098107261196154 1.0058203431662567 1.1018299602128978 1.1978395772595392 1.2938491943061803 1.3898588113528216 1.485868428399463 1.581878045446104 1.677887662492909 1.7738972795395505 1.8699068965861916 1.965916513632833 2.015522763133049 2.015522763133049 2.015522763133049 2.015522763133049 2.015522763133049 2.015522763133049 2.015522763133049 2.015522763133049 2.015522763133049 2.015522763133049 2.015522763133049 2.015522763133049 2.0802598497606906 2.214202346407708 2.348144843054726 2.4820873397017436 2.616029836348761 2.749972332995779 2.883914829642797 3.0178573262898145 3.151799822936832 3.28574231958385 3.419684816231096 3.553627312878114 3.6228327229619026 3.6228327229619026 3.6228327229619026 3.6228327229619026 3.6228327229619026
0.7311174997573258 0.78368272794921 0.8362479561410944 0.9098107261196154 1.0058203431662567 1.1018299602128978 1.1978395772595392 1.2938491943061803 1.3898588113528216 1.485868428399463 1.581878045446104 1.677887662492909 1.7738972795395505 1.8699068965861916 1.965916513632833 2.015522763133049 2.015522763133049 2.015522763133049 2.015522763133049 2.015522763133049 2.015522763133049 2.015522763133049 2.015522763133049 2.015522763133049 2.015522763133049 2.015522763133049 2.015522763133049 2.0802598497606906 2.214202346407708 2.348144843054726 2.4820873397017436 2.616029836348761 2.749972332995779 2.883914829642797 3.0178573262898145 3.151799822936832 3.28574231958385 3.419684816231096 3.553627312878114 3.6228327229619026 3.6228327229619026 3.6228327229619026 3.6228327229619026 3.6228327229619026
0.7311174997573258 0.78368272794921 0.8362479561410944 0.9098107261196154 1.0058203431662567 1.1018299602128978 1.1978395772595392 1.2938491943061803 1.3898588113528216 1.485868428399463 1.581878045446104 1.677887662492909 1.7738972795395505 1.8699068965861916 1.965916513632833 2.015522763133049 2.015522763133049 2.015522763133049 2.015522763133049 2.015522763133049 2.015522763133049 2.015522763133049 2.015522763133049 2.015522763133049 2.015522763133049 2.015522763133049 2.015522763133049 2.0802598497606906 2.214202346407708 2.348144843054726 2.4820873397017436 2.616029836348761 2.749972332995779 2.883914829642797 3.0178573262898145 3.151799822936832 3.28574231958385 3.419684816231096 3.553627312878114 3.6228327229619026 3.6228327229619026 3.6228327229619026 3.6228327229619026 3.6228327229619026
0.7311174997573258 0.78368272794921 0.8362479561410944 0.9098107261196154 1.0058203431662567 1.1018299602128978 1.1978395772595392 1.2938491943061803 1.3898588113528216 1.485868428399463 1.581878045446104 1.677887662492909 1.7738972795395505 1.8699068965861916 1.965916513632833 2.015522763133049 2.015522763133049 2.015522763133049 2.015522763133049 2.015522763133049 2.015522763133049 2.015522763133049 2.015522763133049 2.015522763133049 2.015522763133049 2.015522763133049 2.015522763133049 2.0802598497606906 2.214202346407708 2.348144843054726 2.4820873397017436 2.616029836348761 2.749972332995779 2.883914829642797 3.0178573262898145 3.151799822936832 3.28574231958385 3.419684816231096 3.553627312878114 3.6228327229619026 3.6228327229619026 3.6228327229619026 3.6228327229619026 3.6228327229619026
0.7311174997573258 0.78368272794921 0.8362479561410944 0.9098107261196154 1.0058203431662567 1.1018299602128978 1.1978395772595392 1.2938491943061803 1.3898588113528216 1.485868428399463 1.581878045446104 1.677887662492909 1.7738972795395505 1.8699068965861916 1.965916513632833 2.015522763133049 2.015522763133049 2.015522763133049 2.015522763133049 2.015522763133049 2.015522763133049 2.015522763133049 2.015522763133049 2.015522763133049 2.015522763133049 2.015522763133049 2.015522763133049 2.0802598497606906 2.214202346407708 2.348144843054726 2.4820873397017436 2.616029836348761 2.749972332995779 2.883914829642797 3.0178573262898145 3.151799822936832 3.28574231958385 3.419684816231096 3.553627312878114 3.6228327229619026 3.6228327229619026 3.6228327229619026 3.6228327229619026 3.6228327229619026
0.7311174997573258 0.78368272794921 0.8362479561410944 0.9098107261196154 1.0058203431662567 1.1018299602128978 1.1978395772595392 1.2938491943061803 1.3898588113528216 1.485868428399463 1.581878045446104 1.677887662492909 1.7738972795395505 1.8699068965861916 1.965916513632833 2.015522763133049 2.015522763133049 2.015522763133049 2.015522763133049 2.015522763133049 2.015522763133049 2.015522763133049 2.015522763133049 2.015522763133049 2.015522763133049 2.015522763133049 2.015522763133049 2.0802598497606906 2.214202346407708 2.348144843054726 2.4820873397017436 2.616029836348761 2.749972332995779 2.883914829642797 3.0178573262898145 3.151799822936832 3.28574231958385 3.419684816231096 3.553627312878114 3.6228327229619026 3.6228327229619026 3.6228327229619026 3.6228327229619026 3.6228327229619026
0.7311174997573258 0.78368272794921 0.8362479561410944 0.9098107261196154 1.0058203431662567 1.1018299602128978 1.1978395772595392 1.2938491943061803 1.3898588113528216 1.485868428399463 1.581878045446104 1.677887662492909 1.7738972795395505 1.8699068965861916 1.965916513632833 2.015522763133049 2.015522763133049 2.015522763133049 2.015522763133049 2.015522763133049 2.015522763133049 2.015522763133049 2.015522763133049 2.015522763133049 2.015522763133049 2.015522763133049 2.015522763133049 2.0802598497606906 2.214202346407708 2.348144843054726 2.4820873397017436 2.616029836348761 2.749972332995779 2.883914829642797 3.0178573262898145 3.151799822936832 3.28574231958385 3.419684816231096 3.553627312878114 3.6228327229619026 3.6228327229619026 3.6228327229619026 3.6228327229619026 3.6228327229619026
0.7311174997573258 0.78368272794921 0.8362479561410944 0.9098107261196154 1.0058203431662567 1.1018299602128978 1.1978395772595392 1.2938491943061803 1.3898588113528216 1.485868428399463 1.581878045446104 1.677887662492909 1.7738972795395505 1.8699068965861916 1.965916513632833 2.015522763133049 2.015522763133049 2.015522763133049 2.015522763133049 2.015522763133049 2.015522763133049 2.015522763133049 2.015522763133049 2.015522763133049 2.015522763133049 2.015522763133049 2.015522763133049 2.0802598497606906 2.214202346407708 2.348144843054726 2.4820873397017436 2.616029836348761 2.749972332995779 2.883914829642797 3.0178573262898145 3.151799822936832 3.28574231958385 3.419684816231096 3.553627312878114 3.6228327229619026 3.6228327229619026 3.6228327229619026 3.6228327229619026 3.6228327229619026
0.7311174997573258 0.78368272794921 0.8362479561410944 0.9098107261196154 1.0058203431662567 1.1018299602128978 1.1978395772595392 1.2938491943061803 1.3898588113528216 1.485868428399463 1.581878045446104 1.677887662492909 1.7738972795395505 1.8699068965861916 1.965916513632833 2.015522763133049 2.015522763133049 2.015522763133049 2.015522763133049 2.015522763133049 2.015522763133049 2.015522763133049 2.015522763133049 2.015522763133049 2.015522763133049 2.015522763133049 2.015522763133049 2.0802598497606906 2.214202346407708 2.348144843054726 2.4820873397017436 2.616029836348761 2.749972332995779 2.883914829642797 3.0178573262898145 3.151799822936832 3.28574231958385 3.419684816231096 3.553627312878114 3.6228327229619026 3.6228327229619026 3.6228327229619026 3.6228327229619026 3.6228327229619026
0.7650928628937892 0.8119355018187802 0.8587781407437712 0.9264266819718068 1.0163172033257215 1.1062077246796365 1.1960982460335514 1.2859887673874661 1.3758792887413809 1.4657698100952958 1.5556603314492108 1.6455508528032787 1.7354413741571937 1.8253318955111086 1.9152224168650234 1.96166705196674 1.96166705196674 1.96166705196674 1.96166705196674 1.96166705196674 1.96166705196674 1.96166705196674 1.96166705196674 1.96166705196674 1.96166705196674 1.96166705196674 1.96166705196674 2.026593269682081 2.1609270828278744 2.2952608959736676 2.429594709119461 2.5639285222652544 2.6982623354110475 2.832596148556841 2.9669299617026343 3.1012637748484275 3.2355975879942207 3.369931401140243 3.504265214286036 3.573672809781089 3.573672809781089 3.573672809781089 3.573672809781089 3.573672809781089
0.8353857472584407 0.8703887097688354 0.9053916722792301 0.9608040470829605 1.0380345452248372 1.115265043366714 1.1924955415085905 1.2697260396504673 1.346956537792344 1.4241870359342208 1.5014175340760973 1.5786480322181058 1.6558785303599826 1.733109028501859 1.8103395266437359 1.850242980877813 1.850242980877813 1.850242980877813 1.850242980877813 1.850242980877813 1.850242980877813 1.850242980877813 1.850242980877813 1.850242980877813 1.850242980877813 1.850242980877813 1.850242980877813 1.9155604988899024 2.0507039212012526 2.185847343512603 2.3209907658239533 2.456134188135304 2.591277610446654 2.7264210327580045 2.861564455069355 2.996707877380705 3.1318512996920553 3.2669947220036364 3.4021381443149865 3.4719640486792374 3.4719640486792374 3.4719640486792374 3.4719640486792374 3.4719640486792374
0.905678631623152 0.9288419177189404 0.9520052038147286 0.9951814121941436 1.0597518871239713 1.124322362053799 1.1888928369836267 1.2534633119134546 1.3180337868432823 1.38260426177311 1.4471747367029377 1.5117452116328756 1.5763156865627033 1.640886161492531 1.7054566364223587 1.7388189097887907 1.7388189097887907 1.7388189097887907 1.7388189097887907 1.7388189097887907 1.7388189097887907 1.7388189097887907 1.7388189097887907 1.7388189097887907 1.7388189097887907 1.7388189097887907 1.7388189097887907 1.8045277280976288 1.940480759574537 2.076433791051445 2.2123868225283534 2.3483398540052614 2.4842928854821693 2.6202459169590777 2.7561989484359857 2.892151979912894 3.028105011389802 3.164058042866942 3.3000110743438498 3.370255287577299 3.370255287577299 3.370255287577299 3.370255287577299 3.370255287577299
0.9759715159878035 0.9872951256689956 0.9986187353501876 1.0295587773052972 1.081469229023087 1.1333796807408765 1.185290132458666 1.2372005841764555 1.2891110358942452 1.3410214876120348 1.3929319393298243 1.4448423910477024 1.496752842765492 1.5486632944832817 1.6005737462010712 1.6273948386998636 1.6273948386998636 1.6273948386998636 1.6273948386998636 1.6273948386998636 1.6273948386998636 1.6273948386998636 1.6273948386998636 1.6273948386998636 1.6273948386998636 1.6273948386998636 1.6273948386998636 1.6934949573054503 1.8302575979479154 1.9670202385903806 2.103782879232846 2.240545519875311 2.377308160517776 2.5140708011602415 2.6508334418027064 2.7875960824451718 2.9243587230876367 3.0611213637303356 3.1978840043728005 3.2685465264754474 3.2685465264754474 3.2685465264754474 3.2685465264754474 3.2685465264754474
1.0462644003524548 1.0457483336190507 1.0452322668856464 1.063936142416451 1.1031865709222024 1.1424369994279537 1.1816874279337053 1.2209378564394566 1.2601882849452082 1.2994387134509595 1.3386891419567108 1.3779395704625292 1.4171899989682808 1.4564404274740321 1.4956908559797837 1.5159707676109364 1.5159707676109364 1.5159707676109364 1.5159707676109364 1.5159707676109364 1.5159707676109364 1.5159707676109364 1.5159707676109364 1.5159707676109364 1.5159707676109364 1.5159707676109364 1.5159707676109364 1.5824621865132715 1.7200344363212936 1.857606686129316 1.9951789359373382 2.1327511857453603 2.2703234355533826 2.407895685361405 2.545467935169427 2.6830401849774494 2.8206124347854713 2.9581846845937285 3.0957569344017504 3.1668377653735957 3.1668377653735957 3.1668377653735957 3.1668377653735957 3.1668377653735957
1.1165572847171064 1.1042015415691058 1.0918457984211054 1.0983135075276047 1.124903912821318 1.1514943181150312 1.1780847234087446 1.2046751287024577 1.2312655339961711 1.2578559392898843 1.2844463445835976 1.3110367498773563 1.3376271551710694 1.3642175604647828 1.390807965758496 1.4045466965220093 1.4045466965220093 1.4045466965220093 1.4045466965220093 1.4045466965220093 1.4045466965220093 1.4045466965220093 1.4045466965220093 1.4045466965220093 1.4045466965220093 1.4045466965220093 1.4045466965220093 1.4714294157210928 1.609811274694672 1.7481931336682515 1.8865749926418307 2.02495685161541 2.1633387105889894 2.3017205695625687 2.4401024285361483 2.5784842875097276 2.716866146483307 2.8552480054571223 2.9936298644307016 3.0651290042717445 3.0651290042717445 3.0651290042717445 3.0651290042717445 3.0651290042717445
1.1868501690817577 1.162654749519161 1.1384593299565644 1.1326908726387586 1.1466212547204335 1.1605516368021087 1.174482018883784 1.1884124009654589 1.202342783047134 1.2162731651288092 1.2302035472104842 1.2441339292921831 1.2580643113738583 1.2719946934555333 1.2859250755372085 1.293122625433082 1.293122625433082 1.293122625433082 1.293122625433082 1.293122625433082 1.293122625433082 1.293122625433082 1.293122625433082 1.293122625433082 1.293122625433082 1.293122625433082 1.293122625433082 1.360396644928914 1.4995881130680504 1.6387795812071868 1.7779710493463232 1.9171625174854596 2.056353985624596 2.1955454537637324 2.3347369219028686 2.473928390042005 2.6131198581811415 2.7523113263205152 2.891502794459652 2.963420243169893 2.963420243169893 2.963420243169893 2.963420243169893 2.963420243169893
1.2571430534464092 1.2211079574692163 1.1850728614920232 1.1670682377499122 1.1683385966195492 1.1696089554891862 1.1708793143588232 1.1721496732284602 1.1734200320980972 1.1746903909677342 1.175960749837371 1.1772311087070102 1.1785014675766472 1.1797718264462842 1.1810421853159212 1.1816985543441552 1.1816985543441552 1.1816985543441552 1.1816985543441552 1.1816985543441552 1.1816985543441552 1.1816985543441552 1.1816985543441552 1.1816985543441552 1.1816985543441552 1.1816985543441552 1.1816985543441552 1.2493638741367354 1.3893649514414288 1.5293660287461224 1.6693671060508157 1.809368183355509 1.9493692606602027 2.0893703379648962 2.22937141526959 2.369372492574283 2.5093735698789765 2.6493746471839086 2.789375724488602 2.861711482068041 2.861711482068041 2.861711482068041 2.861711482068041 2.861711482068041
1.3274359378110607 1.2795611654192713 1.2316863930274822 1.201445602861066 1.1900559385186649 1.1786662741762637 1.1672766098338625 1.1558869454914613 1.1444972811490601 1.133107616806659 1.1217179524642578 1.110328288121837 1.0989386237794359 1.0875489594370347 1.0761592950946335 1.070274483255228 1.070274483255228 1.070274483255228 1.070274483255228 1.070274483255228 1.070274483255228 1.070274483255228 1.070274483255228 1.070274483255228 1.070274483255228 1.070274483255228 1.070274483255228 1.1383311033445567 1.2791417898148072 1.4199524762850577 1.560763162755308 1.7015738492255585 1.842384535695809 1.9831952221660596 2.12400590863631 2.2648165951065606 2.405627281576811 2.546437968047302 2.6872486545175525 2.7600027209661895 2.7600027209661895 2.7600027209661895 2.7600027209661895 2.7600027209661895
1.3977288221757718 1.3380143733693761 1.2782999245629805 1.235822967972249 1.2117732804177987 1.1877235928633487 1.1636739053088985 1.1396242177544484 1.1155745301999982 1.0915248426455482 1.0674751550910981 1.0434254675366068 1.0193757799821568 0.9953260924277068 0.9712764048732565 0.9588504121662058 0.9588504121662058 0.9588504121662058 0.9588504121662058 0.9588504121662058 0.9588504121662058 0.9588504121662058 0.9588504121662058 0.9588504121662058 0.9588504121662058 0.9588504121662058 0.9588504121662058 1.027298332552283 1.1689186281880914 1.3105389238238998 1.4521592194597082 1.5937795150955165 1.7353998107313247 1.877020106367133 2.0186404020029416 2.1602606976387495 2.301880993274558 2.443501288910608 2.5851215845464157 2.658293959864251 2.658293959864251 2.658293959864251 2.658293959864251 2.658293959864251
1.4680217065404233 1.3964675813194314 1.3249134560984395 1.2702003330834026 1.2334906223169144 1.1967809115504262 1.1600712007839378 1.1233614900174496 1.0866517792509613 1.049942068484473 1.0132323577179847 0.9765226469514339 0.9398129361849457 0.9031032254184573 0.866393514651969 0.8474263410772788 0.8474263410772788 0.8474263410772788 0.8474263410772788 0.8474263410772788 0.8474263410772788 0.8474263410772788 0.8474263410772788 0.8474263410772788 0.8474263410772788 0.8474263410772788 0.8474263410772788 0.9162655617601045 1.0586954665614698 1.2011253713628351 1.3435552761642005 1.4859851809655658 1.6284150857669313 1.7708449905682966 1.9132748953696619 2.055704800171027 2.1981347049723925 2.3405646097740007 2.482994514575366 2.5565851987623995 2.5565851987623995 2.5565851987623995 2.5565851987623995 2.5565851987623995
