Figures/CREST_Example_wjb_NSE/Rolling_result/20100722/BJP_forecast/ens_27/wjb.rain.20090817.asc
ncols            288
nrows            254
xllcorner        113.274861
yllcorner        31.4918055
cellsize         0.008333333333
NODATA_value     -9999
[rows 200 to 219 of 254, columns 176 to 219 of 288]
15.979146998844854 15.979146998844854 15.979146998844854 15.979146998844854 15.979146998844854 15.979146998844854 15.979146998844854 16.407344523945454 17.293294891373478 18.179245258801497 19.06519562622952 19.95114599365754 20.83709636108556 21.723046728513584 22.608997095941604 23.494947463369627 24.380897830797647 25.266848198225667 26.15279856565369 26.730041396199407 26.977268884652627 27.224496373105847 27.471723861559067 27.718951350012286 27.966178838465506 28.213406326918726 28.460633815371942 28.70786130382516 28.95508879227838 29.2023162807316 29.44954376918482 29.577281269966193 29.577281269966193 29.577281269966193 29.577281269966193 29.577281269966193 29.577281269966193 29.577281269966193 29.577281269966193 29.577281269966193 29.577281269966193 29.577281269966193 29.577281269966193 29.708619730939347
14.450909318932961 14.450909318932961 14.450909318932961 14.450909318932961 14.450909318932961 14.450909318932961 14.450909318932961 14.866126983616164 15.725221726170462 16.58431646872476 17.44341121127906 18.302505953833354 19.16160069638765 20.02069543894195 20.879790181496247 21.738884924050545 22.597979666604843 23.45707440915914 24.31616915171344 24.80918192641987 24.910844794113633 25.012507661807394 25.11417052950116 25.21583339719492 25.317496264888682 25.419159132582443 25.520822000276205 25.622484867969966 25.724147735663728 25.82581060335749 25.92747347105125 25.980000642373163 25.980000642373163 25.980000642373163 25.980000642373163 25.980000642373163 25.980000642373163 25.980000642373163 25.980000642373163 25.980000642373163 25.980000642373163 25.980000642373163 25.980000642373163 26.230639914845337
12.92267163902107 12.92267163902107 12.92267163902107 12.92267163902107 12.92267163902107 12.92267163902107 12.92267163902107 13.324909443286876 14.15714856096745 14.989387678648024 15.821626796328598 16.653865914009174 17.486105031689746 18.31834414937032 19.150583267050894 19.98282238473147 20.815061502412043 21.647300620092615 22.47953973777319 22.88832245664034 22.84442070357464 22.80051895050895 22.75661719744325 22.712715444377555 22.66881369131186 22.624911938246164 22.58101018518047 22.537108432114774 22.493206679049077 22.449304925983384 22.405403172917687 22.38272001478014 22.38272001478014 22.38272001478014 22.38272001478014 22.38272001478014 22.38272001478014 22.38272001478014 22.38272001478014 22.38272001478014 22.38272001478014 22.38272001478014 22.38272001478014 22.75266009875134
11.394433959109177 11.394433959109177 11.394433959109177 11.394433959109177 11.394433959109177 11.394433959109177 11.394433959109177 11.783691902957584 12.589075395764434 13.394458888571286 14.199842381378136 15.005225874184987 15.810609366991837 16.615992859798688 17.421376352605538 18.22675984541239 19.032143338219242 19.83752683102609 20.642910323832943 20.967462986860802 20.77799661303565 20.588530239210495 20.399063865385344 20.20959749156019 20.020131117735037 19.83066474390988 19.64119837008473 19.451731996259575 19.262265622434423 19.072799248609268 18.883332874784116 18.78543938718711 18.78543938718711 18.78543938718711 18.78543938718711 18.78543938718711 18.78543938718711 18.78543938718711 18.78543938718711 18.78543938718711 18.78543938718711 18.78543938718711 18.78543938718711 19.27468028265733
9.866196279196632 9.866196279196632 9.866196279196632 9.866196279196632 9.866196279196632 9.866196279196632 9.866196279196632 10.242474362627636 11.02100223056075 11.799530098493868 12.578057966426982 13.3565858343601 14.135113702293214 14.913641570226332 15.692169438159446 16.470697306092564 17.24922517402568 18.027753041958796 18.80628090989191 19.04660351708045 18.71157252249578 18.376541527911105 18.04151053332643 17.706479538741757 17.371448544157083 17.036417549572413 16.70138655498774 16.366355560403065 16.03132456581839 15.696293571233719 15.361262576649047 15.18815875959255 15.18815875959255 15.18815875959255 15.18815875959255 15.18815875959255 15.18815875959255 15.18815875959255 15.18815875959255 15.18815875959255 15.18815875959255 15.18815875959255 15.18815875959255 15.796700466561843
9.076617002487183 9.076617002487183 9.076617002487183 9.076617002487183 9.076617002487183 9.076617002487183 9.076617002487183 9.44618891126036 10.210841552098827 10.975494192937296 11.740146833775764 12.504799474614233 13.269452115452701 14.03410475629117 14.798757397129638 15.563410037968104 16.328062678806575 17.092715319645045 17.857367960483508 18.054172267187134 17.64393385592604 17.233695444664946 16.823457033403855 16.41321862214276 16.00298021088167 15.592741799620578 15.182503388359486 14.772264977098393 14.3620265658373 13.951788154576207 13.541549743315116 13.329587757587433 13.329587757587433 13.329587757587433 13.329587757587433 13.329587757587433 13.329587757587433 13.329587757587433 13.329587757587433 13.329587757587433 13.329587757587433 13.329587757587433 13.329587757587433 13.999767421592098
9.076617002487183 9.076617002487183 9.076617002487183 9.076617002487183 9.076617002487183 9.076617002487183 9.076617002487183 9.44618891126036 10.210841552098827 10.975494192937296 11.740146833775764 12.504799474614233 13.269452115452701 14.03410475629117 14.798757397129638 15.563410037968104 16.328062678806575 17.092715319645045 17.857367960483508 18.054172267187134 17.64393385592604 17.233695444664946 16.823457033403855 16.41321862214276 16.00298021088167 15.592741799620578 15.182503388359486 14.772264977098393 14.3620265658373 13.951788154576207 13.541549743315116 13.329587757587433 13.329587757587433 13.329587757587433 13.329587757587433 13.329587757587433 13.329587757587433 13.329587757587433 13.329587757587433 13.329587757587433 13.329587757587433 13.329587757587433 13.329587757587433 13.999767421592098
9.076617002487183 9.076617002487183 9.076617002487183 9.076617002487183 9.076617002487183 9.076617002487183 9.076617002487183 9.44618891126036 10.210841552098827 10.975494192937296 11.740146833775764 12.504799474614233 13.269452115452701 14.03410475629117 14.798757397129638 15.563410037968104 16.328062678806575 17.092715319645045 17.857367960483508 18.054172267187134 17.64393385592604 17.233695444664946 16.823457033403855 16.41321862214276 16.00298021088167 15.592741799620578 15.182503388359486 14.772264977098393 14.3620265658373 13.951788154576207 13.541549743315116 13.329587757587433 13.329587757587433 13.329587757587433 13.329587757587433 13.329587757587433 13.329587757587433 13.329587757587433 13.329587757587433 13.329587757587433 13.329587757587433 13.329587757587433 13.329587757587433 13.999767421592098
9.076617002487183 9.076617002487183 9.076617002487183 9.076617002487183 9.076617002487183 9.076617002487183 9.076617002487183 9.44618891126036 10.210841552098827 10.975494192937296 11.740146833775764 12.504799474614233 13.269452115452701 14.03410475629117 14.798757397129638 15.563410037968104 16.328062678806575 17.092715319645045 17.857367960483508 18.054172267187134 17.64393385592604 17.233695444664946 16.823457033403855 16.41321862214276 16.00298021088167 15.592741799620578 15.182503388359486 14.772264977098393 14.3620265658373 13.951788154576207 13.541549743315116 13.329587757587433 13.329587757587433 13.329587757587433 13.329587757587433 13.329587757587433 13.329587757587433 13.329587757587433 13.329587757587433 13.329587757587433 13.329587757587433 13.329587757587433 13.329587757587433 13.999767421592098
9.076617002487183 9.076617002487183 9.076617002487183 9.076617002487183 9.076617002487183 9.076617002487183 9.076617002487183 9.44618891126036 10.210841552098827 10.975494192937296 11.740146833775764 12.504799474614233 13.269452115452701 14.03410475629117 14.798757397129638 15.563410037968104 16.328062678806575 17.092715319645045 17.857367960483508 18.054172267187134 17.64393385592604 17.233695444664946 16.823457033403855 16.41321862214276 16.00298021088167 15.592741799620578 15.182503388359486 14.772264977098393 14.3620265658373 13.951788154576207 13.541549743315116 13.329587757587433 13.329587757587433 13.329587757587433 13.329587757587433 13.329587757587433 13.329587757587433 13.329587757587433 13.329587757587433 13.329587757587433 13.329587757587433 13.329587757587433 13.329587757587433 13.999767421592098
9.076617002487183 9.076617002487183 9.076617002487183 9.076617002487183 9.076617002487183 9.076617002487183 9.076617002487183 9.44618891126036 10.210841552098827 10.975494192937296 11.740146833775764 12.504799474614233 13.269452115452701 14.03410475629117 14.798757397129638 15.563410037968104 16.328062678806575 17.092715319645045 17.857367960483508 18.054172267187134 17.64393385592604 17.233695444664946 16.823457033403855 16.41321862214276 16.00298021088167 15.592741799620578 15.182503388359486 14.772264977098393 14.3620265658373 13.951788154576207 13.541549743315116 13.329587757587433 13.329587757587433 13.329587757587433 13.329587757587433 13.329587757587433 13.329587757587433 13.329587757587433 13.329587757587433 13.329587757587433 13.329587757587433 13.329587757587433 13.329587757587433 13.999767421592098
9.076617002487183 9.076617002487183 9.076617002487183 9.076617002487183 9.076617002487183 9.076617002487183 9.076617002487183 9.44618891126036 10.210841552098827 10.975494192937296 11.740146833775764 12.504799474614233 13.269452115452701 14.03410475629117 14.798757397129638 15.563410037968104 16.328062678806575 17.092715319645045 17.857367960483508 18.054172267187134 17.64393385592604 17.233695444664946 16.823457033403855 16.41321862214276 16.00298021088167 15.592741799620578 15.182503388359486 14.772264977098393 14.3620265658373 13.951788154576207 13.541549743315116 13.329587757587433 13.329587757587433 13.329587757587433 13.329587757587433 13.329587757587433 13.329587757587433 13.329587757587433 13.329587757587433 13.329587757587433 13.329587757587433 13.329587757587433 13.329587757587433 13.999767421592098
9.076617002487183 9.076617002487183 9.076617002487183 9.076617002487183 9.076617002487183 9.076617002487183 9.076617002487183 9.44618891126036 10.210841552098827 10.975494192937296 11.740146833775764 12.504799474614233 13.269452115452701 14.03410475629117 14.798757397129638 15.563410037968104 16.328062678806575 17.092715319645045 17.857367960483508 18.054172267187134 17.64393385592604 17.233695444664946 16.823457033403855 16.41321862214276 16.00298021088167 15.592741799620578 15.182503388359486 14.772264977098393 14.3620265658373 13.951788154576207 13.541549743315116 13.329587757587433 13.329587757587433 13.329587757587433 13.329587757587433 13.329587757587433 13.329587757587433 13.329587757587433 13.329587757587433 13.329587757587433 13.329587757587433 13.329587757587433 13.329587757587433 13.999767421592098
9.076617002487183 9.076617002487183 9.076617002487183 9.076617002487183 9.076617002487183 9.076617002487183 9.076617002487183 9.44618891126036 10.210841552098827 10.975494192937296 11.740146833775764 12.504799474614233 13.269452115452701 14.03410475629117 14.798757397129638 15.563410037968104 16.328062678806575 17.092715319645045 17.857367960483508 18.054172267187134 17.64393385592604 17.233695444664946 16.823457033403855 16.41321862214276 16.00298021088167 15.592741799620578 15.182503388359486 14.772264977098393 14.3620265658373 13.951788154576207 13.541549743315116 13.329587757587433 13.329587757587433 13.329587757587433 13.329587757587433 13.329587757587433 13.329587757587433 13.329587757587433 13.329587757587433 13.329587757587433 13.329587757587433 13.329587757587433 13.329587757587433 13.999767421592098
9.076617002487183 9.076617002487183 9.076617002487183 9.076617002487183 9.076617002487183 9.076617002487183 9.076617002487183 9.44618891126036 10.210841552098827 10.975494192937296 11.740146833775764 12.504799474614233 13.269452115452701 14.03410475629117 14.798757397129638 15.563410037968104 16.328062678806575 17.092715319645045 17.857367960483508 18.054172267187134 17.64393385592604 17.233695444664946 16.823457033403855 16.41321862214276 16.00298021088167 15.592741799620578 15.182503388359486 14.772264977098393 14.3620265658373 13.951788154576207 13.541549743315116 13.329587757587433 13.329587757587433 13.329587757587433 13.329587757587433 13.329587757587433 13.329587757587433 13.329587757587433 13.329587757587433 13.329587757587433 13.329587757587433 13.329587757587433 13.329587757587433 13.999767421592098
9.076617002487183 9.076617002487183 9.076617002487183 9.076617002487183 9.076617002487183 9.076617002487183 9.076617002487183 9.44618891126036 10.210841552098827 10.975494192937296 11.740146833775764 12.504799474614233 13.269452115452701 14.03410475629117 14.798757397129638 15.563410037968104 16.328062678806575 17.092715319645045 17.857367960483508 18.054172267187134 17.64393385592604 17.233695444664946 16.823457033403855 16.41321862214276 16.00298021088167 15.592741799620578 15.182503388359486 14.772264977098393 14.3620265658373 13.951788154576207 13.541549743315116 13.329587757587433 13.329587757587433 13.329587757587433 13.329587757587433 13.329587757587433 13.329587757587433 13.329587757587433 13.329587757587433 13.329587757587433 13.329587757587433 13.329587757587433 13.329587757587433 13.999767421592098
9.076617002487183 9.076617002487183 9.076617002487183 9.076617002487183 9.076617002487183 9.076617002487183 9.076617002487183 9.44618891126036 10.210841552098827 10.975494192937296 11.740146833775764 12.504799474614233 13.269452115452701 14.03410475629117 14.798757397129638 15.563410037968104 16.328062678806575 17.092715319645045 17.857367960483508 18.054172267187134 17.64393385592604 17.233695444664946 16.823457033403855 16.41321862214276 16.00298021088167 15.592741799620578 15.182503388359486 14.772264977098393 14.3620265658373 13.951788154576207 13.541549743315116 13.329587757587433 13.329587757587433 13.329587757587433 13.329587757587433 13.329587757587433 13.329587757587433 13.329587757587433 13.329587757587433 13.329587757587433 13.329587757587433 13.329587757587433 13.329587757587433 13.999767421592098
8.912858918124387 8.912858918124387 8.912858918124387 8.912858918124387 8.912858918124387 8.912858918124387 8.912858918124387 9.266125070963449 9.997040733855519 10.727956396747588 11.458872059639658 12.189787722531726 12.920703385423796 13.651619048315865 14.382534711207935 15.113450374100005 15.844366036992074 16.575281699884144 17.306197362776214 17.497037977631386 17.110526145790125 16.72401431394886 16.3375024821076 15.950990650266336 15.564478818425073 15.17796698658381 14.791455154742547 14.404943322901284 14.01843149106002 13.631919659218758 13.245407827377495 13.045704890900936 13.045704890900936 13.045704890900936 13.045704890900936 13.045704890900936 13.045704890900936 13.045704890900936 13.045704890900936 13.045704890900936 13.045704890900936 13.045704890900936 13.045704890900936 13.697646050504718
8.574053762619835 8.574053762619835 8.574053762619835 8.574053762619835 8.574053762619835 8.574053762619835 8.574053762619835 8.893584334120279 9.55470031595318 10.215816297786082 10.876932279618984 11.538048261451888 12.19916424328479 12.860280225117691 13.521396206950595 14.182512188783496 14.843628170616398 15.504744152449302 16.1658601342822 16.34436224657149 16.00693921215483 15.66951617773817 15.332093143321512 14.994670108904852 14.657247074488195 14.319824040071536 13.982401005654877 13.644977971238218 13.30755493682156 12.970131902404901 12.632708867988242 12.458369131771546 12.458369131771546 12.458369131771546 12.458369131771546 12.458369131771546 12.458369131771546 12.458369131771546 12.458369131771546 12.458369131771546 12.458369131771546 12.458369131771546 12.458369131771546 13.072575975272665
8.235248607115281 8.235248607115281 8.235248607115281 8.235248607115281 8.235248607115281 8.235248607115281 8.235248607115281 8.521043597277107 9.112359898050842 9.703676198824578 10.294992499598312 10.88630880037205 11.477625101145783 12.068941401919519 12.660257702693254 13.25157400346699 13.842890304240726 14.434206605014461 15.025522905788197 15.191686515511597 14.903352278519542 14.615018041527486 14.326683804535431 14.038349567543376 13.75001533055132 13.461681093559266 13.17334685656721 12.885012619575155 12.5966783825831 12.308344145591045 12.02000990859899 11.871033372642156 11.871033372642156 11.871033372642156 11.871033372642156 11.871033372642156 11.871033372642156 11.871033372642156 11.871033372642156 11.871033372642156 11.871033372642156 11.871033372642156 11.871033372642156 12.447505900040612
