Figures/CREST_Example_wjb_NSE/Rolling_result/20100722/BJP_forecast/ens_27/wjb.rain.20100723.asc
ncols            288
nrows            254
xllcorner        113.274861
yllcorner        31.4918055
cellsize         0.008333333333
NODATA_value     -9999
[rows 138 to 160 of 254, columns 104 to 155 of 288]
5.077812665394713 4.517251775525418 3.9566908856561227 3.3961299957868274 2.835569105917532 2.2750082160482377 1.7144473261789424 1.44265629947347 1.4795667863673125 1.5164772732611551 1.5533877601549977 1.5902982470488403 1.6272087339426828 1.6641192208365883 1.7010297077304308 1.7379401946242734 1.774850681518116 1.8117611684119586 1.8486716553058011 1.7925161218804215 1.6368709080653714 1.4812256942503212 1.325580480435271 1.169935266620221 1.0142900528051708 0.8586448389901207 0.7029996251748052 0.547354411359755 0.3917091975447049 0.23606398372965476 0.08041876991460462 0.02997955086002743 0.09200791963236146 0.1540362884046955 0.21606465717702952 0.2780930259493635 0.34012139472169756 0.4021497634940316 0.4641781322663656 0.5262065010388054 0.5882348698111395 0.6502632385834735 0.7122916073558075 0.7471004382461969 0.7528109674648067 0.7585214966834165 0.7642320259020263 0.7699425551206361 0.775653084339246 0.7813636135578558 0.7870741427764656 0.7927846719950754
5.573047325018431 4.97636528442256 4.379683243826688 3.7830012032308167 3.1863191626349447 2.5896371220390737 1.9929550814432018 1.7057543926429697 1.7493962671329237 1.7930381416228776 1.8366800161128316 1.8803218906027857 1.9239637650927397 1.9676056395827681 2.011247514072722 2.054889388562676 2.0985312630526303 2.142173137542584 2.1858150120325384 2.1194183603515313 1.9353880356957047 1.7513577110398781 1.5673273863840518 1.3832970617282252 1.1992667370723986 1.0152364124165723 0.8312060877604317 0.6471757631046053 0.46314543844877876 0.2791151137929522 0.09508478913712581 0.03544693950154239 0.10878745902826734 0.18212797855499227 0.25546849808171723 0.32880901760844217 0.4021495371351671 0.4754900566618921 0.548830576188617 0.622171095715467 0.695511615242192 0.7688521347689169 0.8421926542956418 0.8833495925183621 0.8901015543699237 0.8968535162214851 0.9036054780730466 0.9103574399246082 0.9171094017761696 0.9238613636277311 0.9306133254792925 0.9373652873308541
6.068281984642149 5.435478793319701 4.802675601997254 4.169872410674805 3.5370692193523574 2.9042660280299097 2.271462836707462 1.9688524858124694 2.0192257478985347 2.0695990099846004 2.1199722720706657 2.1703455341567315 2.2207187962427968 2.2710920583289482 2.321465320415014 2.3718385825010793 2.422211844587145 2.4725851066732103 2.522958368759276 2.4463205988226417 2.233905163326039 2.021489727829436 1.809074292332833 1.59665885683623 1.384243421339627 1.171827985843024 0.9594125503460589 0.7469971148494559 0.5345816793528528 0.32216624385625003 0.10975080835964723 0.040914328143057344 0.1255669984241732 0.21021966870528908 0.29487233898640497 0.3795250092675208 0.4641776795486367 0.5488303498297525 0.6334830201108684 0.7181356903921287 0.8027883606732445 0.8874410309543603 0.9720937012354762 1.0195987467905274 1.0273921412750406 1.0351855357595539 1.042978930244067 1.05077232472858 1.0585657192130933 1.0663591136976065 1.0741525081821195 1.0819459026666327
6.563516644265867 5.894592302216844 5.2256679601678195 4.556743618118795 3.887819276069772 3.2188949340207476 2.5499705919717233 2.231950578981969 2.289055228664146 2.346159878346323 2.4032645280285 2.4603691777106773 2.517473827392854 2.5745784770751285 2.6316831267573053 2.6887877764394825 2.7458924261216593 2.8029970758038365 2.8601017254860137 2.773222837293752 2.5324222909563727 2.2916217446189933 2.050821198281614 1.8100206519442343 1.569220105606855 1.3284195592694756 1.0876190129316856 0.8468184665943062 0.6060179202569267 0.36521737391954723 0.12441682758216777 0.046381716784572306 0.14234653782007908 0.23831135885558588 0.33427617989109265 0.43024100092659945 0.5262058219621062 0.622170642997613 0.7181354640331198 0.8141002850687903 0.910065106104297 1.0060299271398039 1.1019947481753105 1.1558479010626928 1.1646827281801577 1.1735175552976225 1.1823523824150872 1.1911872095325522 1.200022036650017 1.2088568637674817 1.2176916908849464 1.2265265180024114
7.0587513038895855 6.3537058111139855 5.648660318338385 4.9436148255627845 4.238569332787184 3.5335238400115836 2.8284783472359827 2.495048672151469 2.5588847094297575 2.622720746708046 2.6865567839863345 2.7503928212646227 2.8142288585429114 2.8780648958213084 2.941900933099597 3.0057369703778853 3.069573007656174 3.1334090449344627 3.197245082212751 3.100125075764862 2.8309394185867065 2.561753761408551 2.292568104230395 2.023382447052239 1.7541967898740833 1.4850111326959274 1.2158254755173128 0.9466398183391571 0.677454161161001 0.4082685039828453 0.13908284680468963 0.05184910542608727 0.15912607721598498 0.2664030490058827 0.37368002079578044 0.48095699258567814 0.5882339643755758 0.6955109361654735 0.8027879079553714 0.910064879745452 1.0173418515353496 1.1246188233252474 1.2318957951151452 1.2920970553348583 1.3019733150852748 1.3118495748356913 1.3217258345861078 1.331602094336524 1.3414783540869406 1.351354613837357 1.3612308735877736 1.3711071333381901
7.553985963513305 6.812819320011128 6.071652676508951 5.330486033006775 4.589319389504598 3.8481527460024214 3.106986102500244 2.7581467653209684 2.8287141901953685 2.8992816150697682 2.9698490399441684 3.040416464818568 3.1109838896929682 3.1815513145674883 3.2521187394418885 3.3226861643162886 3.3932535891906883 3.4638210140650885 3.534388438939488 3.427027314235972 3.1294565462170403 2.831885778198108 2.5343150101791756 2.2367442421602433 1.9391734741413111 1.6416027061223788 1.344031938102939 1.0464611700840067 0.7488904020650748 0.4513196340461425 0.15374886602721016 0.05731649406760222 0.17590561661189086 0.29449473915617946 0.4130838617004681 0.5316729842447567 0.6502621067890454 0.7688512293333339 0.8874403518776226 1.0060294744221134 1.124618596966402 1.2432077195106908 1.3617968420549793 1.4283462096070236 1.4392639019903917 1.45018159437376 1.461099286757128 1.4720169791404962 1.4829346715238643 1.4938523639072325 1.5047700562906006 1.5156877486739688
8.049220623137444 7.271932828908661 6.494645034679878 5.7173572404510935 4.94006944622231 4.162781651993527 3.385493857764743 3.0212448584906926 3.09854367096121 3.175842483431727 3.2531412959022443 3.3304401083727613 3.4077389208432782 3.4850377333139275 3.5623365457844445 3.639635358254962 3.716934170725479 3.7942329831959962 3.871531795666513 3.753929552707361 3.4279736738476285 3.1020177949878955 2.776061916128163 2.45010603726843 2.124150158408697 1.7981942795489645 1.4722384006886755 1.146282521828943 0.82032664296921 0.49437076410947745 0.16841488524974446 0.06278388270912184 0.19268515600781105 0.3225864293065003 0.4524877026051895 0.5823889759038787 0.7122902492025679 0.8421915225012572 0.9720927957999463 1.101994069098857 1.2318953423975463 1.3617966156962356 1.4916978889949246 1.5645953638793053 1.576554488895626 1.5885136139119467 1.6004727389282674 1.612431863944588 1.6243909889609087 1.6363501139772294 1.64830923899355 1.6602683640098708
8.620608756603477 7.839074203402984 7.057539650202491 6.276005097001998 5.494470543801506 4.712935990601013 3.9314014374005204 3.5579157238272625 3.6206434469169255 3.683371170006588 3.7460988930962507 3.8088266161859137 3.8715543392755762 3.934282062365346 3.9970097854550084 4.059737508544671 4.122465231634334 4.1851929547239966 4.247920677813659 4.113615571980126 3.7686779161718236 3.423740260363521 3.078802604555219 2.733864948746916 2.388927292938614 2.0439896371303115 1.6990519813214209 1.3541143255131187 1.0091766697048161 0.664239013896514 0.3193013580882118 0.20303436079352027 0.33122146925934726 0.45940857772517424 0.5875956861910012 0.7157827946568283 0.8439699031226552 0.9721570115884822 1.1003441200543091 1.2285312285203547 1.3567183369861817 1.4849054454520088 1.6130925539178358 1.6862175743249042 1.700479977153346 1.714742379981788 1.72900478281023 1.743267185638672 1.7575295884671138 1.7717919912955558 1.7860543941239977 1.8003167969524396
9.2734001530077 8.521690556308243 7.769980959608784 7.018271362909326 6.266561766209867 5.51485216951041 4.763142572810951 4.387018636998687 4.412404265694889 4.4377898943910905 4.463175523087292 4.488561151783494 4.513946780479696 4.539332409175941 4.564718037872143 4.590103666568345 4.615489295264546 4.640874923960748 4.666260552656949 4.508345386290146 4.154477524692167 3.8006096630941886 3.44674180149621 3.0928739398982312 2.7390060783002523 2.385138216702274 2.0312703551036915 1.677402493505713 1.3235346319077341 0.9696667703097557 0.6157989087117768 0.4873594649712659 0.5999080984005923 0.7124567318299189 0.8250053652592453 0.9375539986885718 1.0501026321178983 1.1626512655472248 1.2751998989765512 1.3877485324060697 1.500297165835396 1.6128457992647227 1.7253944326940491 1.7922045038802101 1.8101190174725035 1.8280335310647968 1.8459480446570902 1.8638625582493833 1.8817770718416766 1.89969158543397 1.9176060990262633 1.9355206126185567
9.926191549411925 9.2043069092135 8.482422269015078 7.760537628816654 7.038652988618231 6.316768348419807 5.594883708221383 5.216121550170112 5.204165084472853 5.192208618775593 5.180252153078334 5.168295687381075 5.156339221683816 5.144382755986537 5.132426290289278 5.120469824592018 5.108513358894759 5.0965568931975 5.0846004275002405 4.903075200600167 4.540277133212512 4.177479065824857 3.8146809984372014 3.4518829310495462 3.0890848636618915 2.7262867962742363 2.3634887288859625 2.0006906614983078 1.6378925941106526 1.2750945267229974 0.9122964593353426 0.771684569149012 0.8685947275418379 0.9655048859346638 1.0624150443274898 1.1593252027203156 1.2562353611131416 1.3531455195059676 1.4500556778987934 1.5469658362917849 1.6438759946846107 1.7407861530774367 1.8376963114702625 1.8981914334355163 1.9197580577916609 1.9413246821478056 1.9628913065039502 1.984457930860095 2.0060245552162397 2.027591179572384 2.049157803928529 2.0707244282846737
10.578982945816149 9.88692326211876 9.194863578421371 8.502803894723982 7.810744211026594 7.118684527329205 6.426624843631817 6.045224463341537 5.995925903250817 5.946627343160096 5.897328783069376 5.848030222978656 5.798731662887936 5.749433102797131 5.700134542706411 5.650835982615691 5.60153742252497 5.55223886243425 5.5029403023435295 5.297805014910186 4.926076741732855 4.554348468555523 4.182620195378192 3.8108919222008604 3.4391636490235293 3.067435375846198 2.6957071026682327 2.323978829490901 1.9522505563135701 1.5805222831362387 1.2087940099589076 1.0560096733267574 1.137281356683083 1.2185530400394085 1.2998247233957338 1.3810964067520592 1.4623680901083846 1.54363977346471 1.6249114568210354 1.7061831401774996 1.787454823533825 1.8687265068901504 1.9499981902464758 2.004178362990822 2.029397098110818 2.054615833230814 2.0798345683508104 2.1050533034708065 2.1302720385908023 2.1554907737107984 2.1807095088307946 2.205928243950791
11.231774342220373 10.56953961502402 9.907304887827665 9.245070160631311 8.582835433434958 7.920600706238604 7.2583659790422494 6.874327376512961 6.787686722028781 6.701046067544599 6.614405413060418 6.527764758576237 6.441124104092055 6.354483449607726 6.267842795123546 6.181202140639364 6.094561486155183 6.007920831671002 5.92128017718682 5.6925348292202065 5.3118763502532 4.931217871286192 4.550559392319184 4.169900913352176 3.7892424343851685 3.408583955418161 3.027925476450504 2.6472669974834964 2.266608518516489 1.8859500395494813 1.5052915605824735 1.3403347775045031 1.4059679858243281 1.471601194144153 1.537234402463978 1.6028676107838027 1.6685008191036275 1.7341340274234525 1.7997672357432775 1.8654004440632141 1.931033652383039 1.996666860702864 2.062300069022689 2.110165292546128 2.1390361384299754 2.167906984313823 2.19677783019767 2.2256486760815175 2.2545195219653653 2.2833903678492127 2.31226121373306 2.3411320596169074
11.884565738625152 11.252155967929859 10.619746197234566 9.987336426539272 9.354926655843979 8.722516885148684 8.09010711445339 7.703430289685093 7.579447540807419 7.455464791929745 7.3314820430520715 7.207499294174397 7.083516545296723 6.959533796418837 6.835551047541164 6.711568298663489 6.587585549785816 6.463602800908141 6.339620052030467 6.087264643530563 5.697675958773872 5.30808727401718 4.918498589260489 4.528909904503797 4.139321219747106 3.749732534990414 3.360143850233058 2.9705551654763664 2.5809664807196753 2.1913777959629837 1.8017891112062916 1.6246598816824913 1.6746546149658024 1.7246493482491134 1.7746440815324245 1.8246388148157355 1.8746335480990466 1.9246282813823576 1.9746230146656687 2.024617747949065 2.074612481232376 2.124607214515687 2.1746019477989984 2.2161522221015244 2.2486751787492265 2.2811981353969286 2.3137210920446303 2.3462440486923324 2.378767005340034 2.411289961987736 2.4438129186354383 2.47633587528314
12.537357135029376 11.934772320835117 11.332187506640857 10.729602692446598 10.127017878252339 9.52443306405808 8.921848249863821 8.532533202856516 8.371208359585383 8.209883516314248 8.048558673043113 7.8872338297719775 7.725908986500842 7.564584143229432 7.403259299958298 7.241934456687162 7.080609613416027 6.919284770144893 6.757959926873758 6.4819944578405835 6.083475567294216 5.684956676747848 5.28643778620148 4.887918895655112 4.489400005108744 4.090881114562377 3.692362224015329 3.293843333468961 2.8953244429225937 2.496805552376226 2.0982866618298583 1.908984985860237 1.9433412441070477 1.977697502353858 2.0120537606006685 2.0464100188474794 2.08076627709429 2.1151225353411003 2.149478793587911 2.18383505183478 2.2181913100815907 2.252547568328401 2.286903826575212 2.3221391516568306 2.358314219068384 2.394489286479937 2.4306643538914905 2.466839421303044 2.503014488714597 2.5391895561261504 2.5753646235377037 2.611539690949257
13.1901485314336 12.617388673740376 12.044628816047151 11.471868958353928 10.899109100660706 10.326349242967481 9.753589385274257 9.361636116027944 9.162969178363348 8.964302240698752 8.765635303034156 8.56696836536956 8.368301427704964 8.169634490040028 7.970967552375432 7.772300614710836 7.5736336770462405 7.3749667393816445 7.176299801717048 6.876724272150604 6.469275175814559 6.061826079478515 5.654376983142471 5.246927886806427 4.839478790470382 4.4320296941343384 4.024580597797599 3.617131501461555 3.209682405125511 2.802233308789467 2.3947842124534224 2.1933100900379827 2.2120278732482928 2.230745656458603 2.249463439668913 2.268181222879223 2.286899006089533 2.305616789299843 2.324334572510153 2.343052355720495 2.361770138930805 2.380487922141115 2.399205705351425 2.428126081212137 2.4679532593875413 2.5077804375629458 2.5476076157383507 2.587434793913755 2.62726197208916 2.6670891502645646 2.706916328439969 2.746743506615374
13.842939927837824 13.300005026645636 12.757070125453446 12.214135224261256 11.671200323069066 11.128265421876877 10.585330520684689 10.190739029199367 9.95472999714131 9.718720965083254 9.482711933025197 9.24670290096714 9.010693868909083 8.774684836850623 8.538675804792566 8.30266677273451 8.066657740676453 7.830648708618396 7.594639676560338 7.271454086460625 6.855074784334904 6.438695482209184 6.022316180083463 5.605936877957742 5.189557575832022 4.773178273706302 4.35679897157987 3.9404196694541502 3.5240403673284297 3.1076610652027092 2.6912817630769883 2.4776351942157286 2.4807145023895383 2.4837938105633475 2.486873118737157 2.4899524269109667 2.493031735084776 2.4961110432585856 2.4991903514323948 2.5022696596062097 2.5053489677800194 2.5084282759538286 2.511507584127638 2.5341130107674426 2.5775922997066987 2.621071588645955 2.6645508775852105 2.7080301665244666 2.7515094554637227 2.794988744402979 2.838468033342235 2.881947322281491
14.495731324242048 13.982621379550894 13.46951143485974 12.956401490168584 12.44329154547743 11.930181600786277 11.417071656095121 11.019841942370793 10.746490815919275 10.473139689467757 10.19978856301624 9.92643743656472 9.653086310113203 9.379735183661218 9.1063840572097 8.833032930758183 8.559681804306665 8.286330677855148 8.012979551403628 7.666183900770644 7.240874392855248 6.8155648849398505 6.390255377024454 5.964945869109057 5.53963636119366 5.114326853278263 4.689017345362141 4.263707837446745 3.8383983295313477 3.4130888216159505 2.987779313700554 2.7619602983934737 2.749401131530783 2.736841964668092 2.724282797805401 2.7117236309427097 2.699164464080019 2.686605297217328 2.674046130354637 2.6614869634919245 2.6489277966292337 2.6363686297665425 2.6238094629038518 2.6400999403227488 2.687231340025856 2.7343627397289634 2.781494139432071 2.8286255391351784 2.8757569388382858 2.922888338541393 2.9700197382445004 3.017151137947608
15.148522720646271 14.665237732456152 14.181952744266033 13.698667756075913 13.215382767885792 12.732097779695673 12.248812791505554 11.848944855542216 11.538251634697238 11.22755841385226 10.916865193007279 10.6061719721623 10.295478751317322 9.984785530471813 9.674092309626834 9.363399088781856 9.052705867936876 8.742012647091897 8.431319426246919 8.060913715080664 7.626674001375592 7.192434287670518 6.758194573965445 6.323954860260372 5.889715146555298 5.455475432850226 5.021235719144412 4.586996005439339 4.152756291734266 3.7185165780291927 3.28427686432412 3.04628540257122 3.0180877606720284 2.989890118772837 2.9616924768736452 2.9334948349744536 2.905297193075262 2.877099551176071 2.8489019092768793 2.8207042673776397 2.792506625478448 2.7643089835792565 2.736111341680065 2.7460868698780545 2.7968703803450135 2.8476538908119724 2.898437401278931 2.94922091174589 3.000004422212849 3.0507879326798077 3.1015714431467662 3.152354953613725
15.801314117050495 15.34785408536141 14.894394053672325 14.44093402198324 13.987473990294156 13.534013958605069 13.080553926915986 12.678047768713641 12.3300124534752 11.981977138236761 11.63394182299832 11.285906507759881 10.937871192521442 10.589835877282407 10.241800562043968 9.893765246805527 9.545729931567088 9.197694616328647 8.849659301090208 8.455643529390684 8.012473609895935 7.569303690401185 7.126133770906436 6.682963851411687 6.239793931916937 5.796624012422187 5.3534540929266825 4.910284173431934 4.467114253937185 4.023944334442435 3.580774414947686 3.3306105067489655 3.2867743898132735 3.2429382728775815 3.1991021559418895 3.1552660390061975 3.1114299220705055 3.0675938051348135 3.0237576881991215 2.9799215712633544 2.9360854543276624 2.8922493373919704 2.8484132204562784 2.8520737994333607 2.906509420664171 2.960945041894981 3.015380663125791 3.0698162843566017 3.124251905587412 3.178687526818222 3.233123148049032 3.2875587692798423
16.049329209996113 15.604544136226455 15.159759062456795 14.714973988687134 14.270188914917476 13.825403841147818 13.380618767378156 12.981385617408753 12.630848504035528 12.280311390662305 11.92977427728908 11.579237163915856 11.228700050542633 10.87816293716881 10.527625823795587 10.177088710422362 9.82655159704914 9.476014483675915 9.12547737030269 8.724128028774079 8.268459266239532 7.812790503704984 7.357121741170437 6.90145297863589 6.445784216101343 5.990115453566796 5.534446691031473 5.078777928496925 4.623109165962378 4.167440403427832 3.711771640893285 3.452741402438146 3.4039221935674564 3.3551029846967664 3.306283775826077 3.257464566955387 3.2086453580846976 3.1598261492140076 3.111006940343318 3.062187731472545 3.0133685226018554 2.9645493137311654 2.915730104860476 2.9170206359140085 2.971879612373685 3.026738588833362 3.081597565293039 3.1364565417527155 3.1913155182123925 3.2461744946720694 3.301033471131746 3.355892447591423
15.864663950194522 15.405945819080799 14.947227687967075 14.488509556853353 14.02979142573963 13.571073294625906 13.112355163512184 12.722713754527398 12.40691692351225 12.091120092497103 11.775323261481956 11.45952643046681 11.143729599451664 10.827932768435979 10.51213593742083 10.196339106405684 9.880542275390535 9.56474544437539 9.248948613360243 8.857664244553563 8.38568199071299 7.913699736872418 7.441717483031844 6.969735229191272 6.497752975350698 6.025770721510126 5.553788467668748 5.081806213828175 4.609823959987602 4.137841706147029 3.6658594523064556 3.4014969133956456 3.359084545448232 3.3166721775008186 3.274259809553405 3.2318474416059915 3.1894350736585784 3.147022705711165 3.1046103377637513 3.0621979698162654 3.019785601868852 2.9773732339214383 2.9349608659740247 2.938098199918418 2.989929195469263 3.041760191020108 3.0935911865709533 3.1454221821217985 3.1972531776726436 3.2490841732234887 3.3009151687743343 3.3527461643251795
15.67999869039293 15.207347501935143 14.734696313477357 14.26204512501957 13.789393936561783 13.316742748103998 12.84409155964621 12.464041891646046 12.182985342988975 11.901928794331905 11.620872245674835 11.339815697017766 11.058759148360695 10.777702599703145 10.496646051046076 10.215589502389006 9.934532953731935 9.653476405074866 9.372419856417796 8.99120046033305 8.502904715186451 8.014608970039854 7.526313224893254 7.038017479746655 6.549721734600056 6.061425989453458 5.573130244306025 5.0848344991594265 4.596538754012828 4.1082430088662285 3.61994726371963 3.3502524243531457 3.3142468973290082 3.2782413703048707 3.2422358432807337 3.206230316256596 3.1702247892324587 3.1342192622083216 3.098213735184184 3.0622082081599853 3.0262026811358482 2.9901971541117107 2.9541916270875737 2.9591757639228273 3.0079787785648406 3.0567817932068544 3.105584807848868 3.1543878224908815 3.203190837132895 3.2519938517749085 3.3007968664169223 3.3495998810589356
15.495333430591339 15.008749184789488 14.52216493898764 14.03558069318579 13.548996447383939 13.062412201582088 12.575827955780237 12.205370028764692 11.959053762465699 11.712737496166707 11.466421229867713 11.22010496356872 10.973788697269727 10.727472430970312 10.48115616467132 10.234839898372327 9.988523632073335 9.742207365774341 9.495891099475347 9.124736676112537 8.620127439659912 8.115518203207287 7.610908966754662 7.106299730302037 6.6016904938494125 6.097081257396787 5.592472020943301 5.087862784490676 4.583253548038051 4.0786443115854265 3.5740350751328016 3.2990079353106454 3.2694092492097844 3.239810563108923 3.210211877008062 3.180613190907201 3.1510145048063394 3.1214158187054784 3.0918171326046173 3.0622184465037057 3.0326197604028446 3.0030210743019836 2.973422388201122 2.9802533279272367 3.0260283616604187 3.0718033953936006 3.1175784291267825 3.1633534628599644 3.2091284965931464 3.2549035303263283 3.30067856405951 3.346453597792692
