Figures/CREST_Example_wjb_NSE/Rolling_result/20100722/BJP_forecast/ens_27/wjb.rain.20100725.asc
ncols            288
nrows            254
xllcorner        113.274861
yllcorner        31.4918055
cellsize         0.008333333333
NODATA_value     -9999
[rows 84 to 104 of 254, columns 141 to 187 of 288]
5.368196922881568 4.4442566432105854 3.5203163635380275 2.596376083867044 1.672435804196061 0.7484955245250795 0.2715465996815109 0.2724415436007975 0.2733364875200841 0.27423143143937073 0.2751263753586573 0.27602131927794393 0.27691626319723056 0.27781120711651713 0.27870615103580376 0.2796010949550919 0.2804960388743785 0.28139098279366515 0.2705012678406516 0.2470134859729651 0.22352570410527858 0.20003792223759206 0.17655014036990554 0.15306235850221903 0.1295745766345325 0.10608679476684599 0.08259901289915947 0.05911123103147295 0.03562344916374638 0.01213566729605986 0.0 0.0 0.0 0.0 0.0 0.0 0.0 0.0 0.0 0.0 0.0 0.0 11.133893671873972 11.133893671873972 11.133893671873972 11.133893671873972 11.133893671873972
5.338906884283875 4.455965083367092 3.573023282448804 2.6900814815320206 1.8071396806152382 0.9241978796984558 0.46754216464812137 0.4665959175109774 0.4656496703738335 0.4647034232366895 0.4637571760995456 0.4628109289624016 0.4618646818252577 0.4609184346881137 0.45997218755096975 0.4590259404138242 0.45807969327668024 0.4571334461395363 0.43825241951642835 0.40019870792106715 0.36214499632570596 0.32409128473034476 0.28603757313498357 0.24798386153962232 0.20993014994426112 0.17187643834889993 0.13382272675353868 0.09576901515817748 0.0577153035627514 0.019661591967390202 0.0 0.0 0.0 0.0 0.0 0.0 0.0 0.0 0.0 0.0 0.0 0.0 0.0 0.0 0.0 0.0 0.0
5.860547417133064 5.058563898251575 4.256580379368719 3.4545968604872304 2.6526133416057416 1.8506298227242528 1.4348574253540813 1.4319534525498896 1.4290494797456978 1.426145506941506 1.4232415341373144 1.4203375613331226 1.4174335885289309 1.4145296157247391 1.4116256429205474 1.4087216701163507 1.405817697312159 1.4029137245079673 1.3449690442268551 1.2281846025797993 1.1114001609327435 0.9946157192856877 0.8778312776386319 0.7610468359915761 0.6442623943445203 0.5274779526974644 0.41069351105040863 0.2939090694033528 0.17712462775609783 0.060340186109042016 0.0 0.0 0.0 0.0 0.0 0.0 0.0 0.0 0.0 0.0 0.0 0.0 0.0 0.0 0.0 0.0 0.0
6.382187949982254 5.661162713136059 4.940137476288635 4.21911223944244 3.498087002596246 2.7770617657500516 2.402172686060041 2.397310987588802 2.3924492891175624 2.3875875906463233 2.382725892175084 2.3778641937038443 2.373002495232605 2.3681407967613657 2.3632790982901266 2.3584173998188787 2.3535557013476396 2.3486940028764 2.2516856689372835 2.056170497238533 1.8606553255397824 1.665140153841032 1.4696249821422813 1.2741098104435307 1.07859463874478 0.8830794670460296 0.6875642953472789 0.4920491236485285 0.2965339519494443 0.10101878025069366 0.0 0.0 0.0 0.0 0.0 0.0 0.0 0.0 0.0 0.0 0.0 0.0 0.0 0.0 0.0 0.0 0.0
6.903828482831443 6.263761528020543 5.623694573208551 4.983627618397651 4.34356066358675 3.7034937087758495 3.369487946766001 3.362668522627714 3.3558490984894274 3.34902967435114 3.3422102502128532 3.3353908260745664 3.328571401936279 3.3217519777979923 3.3149325536597054 3.3081131295214066 3.3012937053831197 3.294474281244833 3.158402293647712 2.8841563918972666 2.609910490146821 2.335664588396376 2.061418686645931 1.7871727848954855 1.51292688314504 1.238680981394595 0.9644350796441494 0.6901891778937039 0.41594327614279125 0.14169737439234575 0.0 0.0 0.0 0.0 0.0 0.0 0.0 0.0 0.0 0.0 0.0 0.0 0.0 0.0 0.0 0.0 0.0
7.425469015680632 6.8663603429050255 6.3072516701284655 5.748142997352859 5.189034324577252 4.629925651801646 4.336803207471961 4.3280260576666265 4.319248907861292 4.310471758055956 4.301694608250622 4.292917458445287 4.2841403086399525 4.275363158834618 4.266586009029283 4.257808859223934 4.249031709418599 4.2402545596132635 4.065118918358139 3.7121422865559985 3.359165654753859 3.0061890229517187 2.653212391149579 2.300235759347439 1.947259127545299 1.5942824957431592 1.2413058639410193 0.8883292321388789 0.5353526003361373 0.1823759685339974 0.0 0.0 0.0 0.0 0.0 0.0 0.0 0.0 0.0 0.0 0.0 0.0 0.0 0.0 0.0 0.0 0.0
7.947109548529822 7.468959157789509 6.990808767048381 6.512658376308068 6.034507985567756 5.5563575948274435 5.304118468177921 5.293383592705538 5.282648717233156 5.271913841760774 5.261178966288392 5.250444090816009 5.239709215343627 5.228974339871244 5.218239464398862 5.2075045889264615 5.196769713454079 5.186034837981697 4.9718355430685675 4.540128181214732 4.108420819360898 3.676713457507063 3.2450060956532285 2.8132987337993938 2.381591371945559 1.9498840100917243 1.5181766482378896 1.0864692863840544 0.6547619245294838 0.2230545626756495 0.0 0.0 0.0 0.0 0.0 0.0 0.0 0.0 0.0 0.0 0.0 0.0 0.0 0.0 0.0 0.0 0.0
8.46875008137901 8.071557972673993 7.674365863968296 7.277173755263278 6.879981646558259 6.4827895378532405 6.271433728883881 6.258741127744451 6.246048526605021 6.233355925465591 6.220663324326161 6.2079707231867305 6.1952781220473 6.18258552090787 6.16989291976844 6.1572003186289885 6.144507717489558 6.131815116350128 5.878552167778995 5.368114075873465 4.857675983967936 4.347237892062407 3.8367998001568773 3.3263617082513477 2.8159236163458186 2.305485524440289 1.7950474325347594 1.2846093406292303 0.7741712487228307 0.2637331568173007 0.0 0.0 0.0 0.0 0.0 0.0 0.0 0.0 0.0 0.0 0.0 0.0 0.0 0.0 0.0 0.0 0.0
8.990390614228644 8.674156787558989 8.357922960888795 8.041689134219139 7.725455307549483 7.409221480879828 7.238748989590665 7.224098662784185 7.209448335977706 7.194798009171227 7.180147682364748 7.165497355558268 7.150847028751789 7.136196701945309 7.12154637513883 7.106896048332326 7.092245721525846 7.077595394719367 6.7852687924901955 6.196099970532904 5.6069311485756135 5.017762326618322 4.4285935046610305 3.8394246827037395 3.250255860746448 2.661087038789157 2.0719182168318655 1.482749394874574 0.893580572916278 0.3044117509589874 0.0 0.0 0.0 0.0 0.0 0.0 0.0 0.0 0.0 0.0 0.0 0.0 0.0 0.0 0.0 0.0 0.0
9.512031147077835 9.276755602443473 9.04148005780871 8.806204513174348 8.570928968539988 8.335653423905626 8.206064250296626 8.189456197823098 8.17284814534957 8.156240092876045 8.139632040402518 8.12302398792899 8.106415935455463 8.089807882981935 8.07319983050841 8.056591778034853 8.039983725561326 8.023375673087799 7.691985417200623 7.024085865191637 6.3561863131826515 5.688286761173666 5.02038720916468 4.352487657155693 3.684588105146708 3.0166885531377217 2.3487890011287362 1.68088944911975 1.0129898971096258 0.3450903451006395 0.0 0.0 0.0 0.0 0.0 0.0 0.0 0.0 0.0 0.0 0.0 0.0 0.0 0.0 0.0 0.0 0.0
10.033671679927023 9.879354417327956 9.725037154728625 9.570719892129556 9.41640262953049 9.262085366931421 9.173379511002585 9.15481373286201 9.136247954721435 9.11768217658086 9.099116398440286 9.08055062029971 9.061984842159136 9.043419064018561 9.024853285877986 9.006287507737381 8.987721729596807 8.969155951456232 8.598702041911052 7.852071759850371 7.10544147778969 6.358811195729009 5.612180913668329 4.865550631607649 4.1189203495469675 3.3722900674862872 2.625659785425607 1.8790295033649258 1.1323992213029719 0.3857689392422916 0.0 0.0 0.0 0.0 0.0 0.0 0.0 0.0 0.0 0.0 0.0 0.0 0.0 0.0 0.0 0.0 0.0
10.555312212776213 10.48195323221244 10.408594251648541 10.335235271084768 10.261876290520995 10.18851730995722 10.140694771708546 10.120171267900924 10.0996477640933 10.079124260285678 10.058600756478056 10.038077252670433 10.01755374886281 9.997030245055187 9.976506741247565 9.955983237439908 9.935459733632285 9.914936229824663 9.505418666621479 8.680057654509103 7.854696642396728 7.029335630284352 6.203974618171977 5.378613606059602 4.553252593947227 3.727891581834852 2.902530569722476 2.077169557610101 1.2518085454963188 0.4264475333839428 0.0 0.0 0.0 0.0 0.0 0.0 0.0 0.0 0.0 0.0 0.0 0.0 0.0 0.0 0.0 0.0 0.0
11.076952745625402 11.084552047096922 11.092151348568455 11.099750650039976 11.107349951511496 11.114949252983017 11.108010032414503 11.085528802939834 11.063047573465164 11.040566343990493 11.018085114515824 10.995603885041154 10.973122655566483 10.950641426091813 10.928160196617144 10.905678967142435 10.883197737667766 10.860716508193095 10.412135291331907 9.508043549167837 8.603951807003767 7.699860064839697 6.7957683226756265 5.8916765805115565 4.987584838347487 4.083493096183417 3.1794013540193466 2.2753096118552776 1.3712178696896657 0.4671261275255958 0.0 0.0 0.0 0.0 0.0 0.0 0.0 0.0 0.0 0.0 0.0 0.0 0.0 0.0 0.0 0.0 0.0
11.359864504080349 11.425214611343517 11.490564718606795 11.555914825869962 11.62126493313313 11.686615040396298 11.707750134918546 11.681618380725844 11.655486626533142 11.62935487234044 11.603223118147737 11.577091363955034 11.550959609762332 11.52482785556963 11.498696101376927 11.47256434718418 11.446432592991478 11.420300838798775 10.947371245504902 9.996804655220105 9.046238064935308 8.095671474650512 7.145104884365714 6.194538294080917 5.24397170379612 4.293405113511323 3.3428385232265256 2.3922719329417284 1.441705342655311 0.49113875237051374 0.0 0.0 0.0 0.0 0.0 0.0 0.0 0.0 0.0 0.0 0.0 0.0 0.0 0.0 0.0 0.0 0.0
11.387590253768265 11.48588383787334 11.584177421978584 11.682471006083661 11.780764590188737 11.879058174293814 11.914575567704057 11.882983793333203 11.851392018962347 11.819800244591493 11.788208470220638 11.756616695849782 11.725024921478928 11.693433147108074 11.66184137273722 11.63024959836631 11.598657823995456 11.5670660496246 11.085517783502295 10.122955849254193 9.16039391500609 8.197831980757988 7.235270046509886 6.272708112261783 5.310146178013681 4.347584243765578 3.385022309517476 2.422460375269374 1.4598984410196287 0.49733650677152674 0.0 0.0 0.0 0.0 0.0 0.0 0.0 0.0 0.0 0.0 0.0 0.0 0.0 0.0 0.0 0.0 0.0
11.415316003456157 11.546553064403113 11.677790125350295 11.809027186297252 11.94026424724421 12.071501308191166 12.121401000489392 12.08434920594039 12.047297411391387 12.010245616842385 11.973193822293382 11.93614202774438 11.899090233195377 11.862038438646374 11.824986644097372 11.787934849548305 11.750883054999303 11.7138312604503 11.223664321499571 10.249107043288173 9.274549765076776 8.299992486865378 7.32543520865398 6.350877930442582 5.376320652231184 4.401763374019787 3.4272060958083888 2.452648817596991 1.4780915393839322 0.5035342611725344 0.0 0.0 0.0 0.0 0.0 0.0 0.0 0.0 0.0 0.0 0.0 0.0 0.0 0.0 0.0 0.0 0.0
11.443041753144051 11.607222290932889 11.771402828722007 11.935583366510846 12.099763904299683 12.263944442088523 12.328226433274729 12.285714618547578 12.243202803820427 12.200690989093276 12.158179174366126 12.115667359638975 12.073155544911826 12.030643730184675 11.988131915457524 11.9456201007303 11.90310828600315 11.860596471275999 11.361810859496844 10.375258237322152 9.388705615147458 8.402152992972766 7.415600370798073 6.42904774862338 5.442495126448687 4.455942504273994 3.4693898820993017 2.48283725992461 1.496284637748234 0.5097320155735403 0.0 0.0 0.0 0.0 0.0 0.0 0.0 0.0 0.0 0.0 0.0 0.0 0.0 0.0 0.0 0.0 0.0
11.470767502831944 11.667891517462662 11.865015532093718 12.062139546724437 12.259263561355157 12.456387575985875 12.535051866060064 12.487080031154767 12.439108196249467 12.391136361344168 12.343164526438871 12.295192691533572 12.247220856628273 12.199249021722975 12.151277186817676 12.103305351912296 12.055333517006996 12.007361682101699 11.49995739749412 10.501409431356132 9.502861465218144 8.504313499080155 7.505765532942167 6.507217566804179 5.508669600666192 4.510121634528203 3.5115736683902146 2.513025702252227 1.5144777361125357 0.515929769974548 0.0 0.0 0.0 0.0 0.0 0.0 0.0 0.0 0.0 0.0 0.0 0.0 0.0 0.0 0.0 0.0 0.0
11.498493252519836 11.728560743992436 11.95862823546543 12.188695726938029 12.418763218410628 12.64883070988323 12.741877298845399 12.688445443761953 12.635013588678508 12.58158173359506 12.528149878511615 12.474718023428167 12.421286168344722 12.367854313261276 12.314422458177829 12.26099060309429 12.207558748010845 12.1541268929274 11.638103935491396 10.627560625390112 9.617017315288829 8.606474005187545 7.5959306950862615 6.585387384984979 5.574844074883695 4.564300764782412 3.5537574546811292 2.5432141445798457 1.5326708344768392 0.5221275243755557 0.0 0.0 0.0 0.0 0.0 0.0 0.0 0.0 0.0 0.0 0.0 0.0 0.0 0.0 0.0 0.0 0.0
11.52621900220773 11.78922997052221 12.05224093883714 12.315251907151621 12.578262875466104 12.841273843780584 12.948702731630735 12.889810856369142 12.830918981107548 12.772027105845952 12.713135230584358 12.654243355322764 12.59535148006117 12.536459604799575 12.47756772953798 12.418675854276286 12.359783979014692 12.300892103753096 11.776250473488668 10.75371181942409 9.731173165359511 8.708634511294933 7.686095857230355 6.663557203165777 5.641018549101198 4.61847989503662 3.595941240972042 2.573402586907463 1.5508639328411409 0.5283252787765633 0.0 0.0 0.0 0.0 0.0 0.0 0.0 0.0 0.0 0.0 0.0 0.0 0.0 0.0 0.0 0.0 0.0
11.553944751895623 11.849899197051984 12.145853642208852 12.441808087365214 12.737762532521575 13.033716977677939 13.155528164416072 13.09117626897633 13.026824373536586 12.962472478096844 12.898120582657102 12.83376868721736 12.769416791777617 12.705064896337875 12.640713000898133 12.57636110545828 12.512009210018538 12.447657314578796 11.914397011485944 10.87986301345807 9.845329015430197 8.810795017402324 7.7762610193744495 6.741727021346576 5.707193023318703 4.672659025290828 3.638125027262955 2.6035910292350817 1.5690570312054444 0.5345230331775692 0.0 0.0 0.0 0.0 0.0 0.0 0.0 0.0 0.0 0.0 0.0 0.0 0.0 0.0 0.0 0.0 0.0
