Figures/CREST_Example_wjb_NSE/Rolling_result/20100722/BJP_forecast/ens_27/wjb.rain.20100728.asc
ncols            288
nrows            254
xllcorner        113.274861
yllcorner        31.4918055
cellsize         0.008333333333
NODATA_value     -9999
[rows 116 to 144 of 254, columns 192 to 255 of 288]
0.0 0.0 0.0 0.0 0.0 0.0 0.0 0.0 0.0 0.0 0.0 0.0 0.0 0.0 0.0 0.0 0.0 0.0 0.0 0.0 0.0 0.0 0.0 0.0 0.0 0.0 0.0 0.0 0.0 0.0 0.0 0.0 0.0 0.0 0.0 0.0 0.0 0.0 0.0 1.2433264846112624 1.2433264846112624 1.2433264846112624 1.2433264846112624 1.2433264846112624 1.2433264846112624 1.2433264846112624 1.2433264846112624 1.2433264846112624 1.2433264846112624 1.2433264846112624 1.2433264846112624 1.2433264846112624 1.2433264846112624 1.2433264846112624 1.2433264846112624 1.2433264846112624 1.2433264846112624 1.2433264846112624 1.2433264846112624 1.2433264846112624 1.2433264846112624 1.2433264846112624 1.2433264846112624 1.2433264846112624
0.0 0.0 0.0 0.0 0.0 0.0 0.0 0.0 0.0 0.0 0.0 0.0 0.0 0.0 0.0 0.0 0.0 0.0 0.0 0.0 0.0 0.0 0.0 0.0 0.0 0.0 0.0 0.0 0.0 0.0 0.0 0.0 0.0 0.0 0.0 0.0 0.0 0.0 0.0 1.2433264846112624 1.2433264846112624 1.2433264846112624 1.2433264846112624 1.2433264846112624 1.2433264846112624 1.2433264846112624 1.2433264846112624 1.2433264846112624 1.2433264846112624 1.2433264846112624 1.2433264846112624 1.2433264846112624 1.2433264846112624 1.2433264846112624 1.2433264846112624 1.2433264846112624 1.2433264846112624 1.2433264846112624 1.2433264846112624 1.2433264846112624 1.2433264846112624 1.2433264846112624 1.2433264846112624 1.2433264846112624
0.0 0.0 0.0 0.0 0.0 0.0 0.0 0.0 0.0 0.0 0.0 0.0 0.0 0.0 0.0 0.0 0.0 0.0 0.0 0.0 0.0 0.0 0.0 0.0 0.0 0.0 0.0 0.0 0.0 0.0 0.0 0.0 0.0 0.0 0.0 0.0 0.0 0.0 0.0 1.2433264846112624 1.2433264846112624 1.2433264846112624 1.2433264846112624 1.2433264846112624 1.2433264846112624 1.2433264846112624 1.2433264846112624 1.2433264846112624 1.2433264846112624 1.2433264846112624 1.2433264846112624 1.2433264846112624 1.2433264846112624 1.2433264846112624 1.2433264846112624 1.2433264846112624 1.2433264846112624 1.2433264846112624 1.2433264846112624 1.2433264846112624 1.2433264846112624 1.2433264846112624 1.2433264846112624 1.2433264846112624
0.0 0.0 0.0 0.0 0.0 0.0 0.0 0.0 0.0 0.0 0.0 0.0 0.0 0.0 0.0 0.0 0.0 0.0 0.0 0.0 0.0 0.0 0.0 0.0 0.0 0.0 0.0 0.0 0.0 0.0 0.0 0.0 0.0 0.0 0.0 0.0 0.0 0.0 0.0 1.2433264846112624 1.2433264846112624 1.2433264846112624 1.2433264846112624 1.2433264846112624 1.2433264846112624 1.2433264846112624 1.2433264846112624 1.2433264846112624 1.2433264846112624 1.2433264846112624 1.2433264846112624 1.2433264846112624 1.2433264846112624 1.2433264846112624 1.2433264846112624 1.2433264846112624 1.2433264846112624 1.2433264846112624 1.2433264846112624 1.2433264846112624 1.2433264846112624 1.2433264846112624 1.2433264846112624 1.2433264846112624
0.0 0.0 0.0 0.0 0.0 0.0 0.0 0.0 0.0 0.0 0.0 0.0 0.0 0.0 0.0 0.0 0.0 0.0 0.0 0.0 0.0 0.0 0.0 0.0 0.0 0.0 0.0 0.0 0.0 0.0 0.0 0.0 0.0 0.0 0.0 0.0 0.0 0.0 0.0 1.2433264846112624 1.2433264846112624 1.2433264846112624 1.2433264846112624 1.2433264846112624 1.2433264846112624 1.2433264846112624 1.2433264846112624 1.2433264846112624 1.2433264846112624 1.2433264846112624 1.2433264846112624 1.2433264846112624 1.2433264846112624 1.2433264846112624 1.2433264846112624 1.2433264846112624 1.2433264846112624 1.2433264846112624 1.2433264846112624 1.2433264846112624 1.2433264846112624 1.2433264846112624 1.2433264846112624 1.2433264846112624
0.0 0.0 0.0 0.0016547776060039736 0.005078549915676104 0.008502322225348235 0.011926094535020365 0.015349866844692495 0.018773639154364623 0.022197411464036754 0.025621183773708884 0.029044956083381014 0.03246872839305315 0.035892500702725275 0.03931627301239741 0.04128026090770659 0.04168370623034156 0.042087151552975835 0.04249059687561011 0.042894042198244386 0.04329748752087867 0.043700932843512945 0.04410437816614722 0.0445078234887815 0.04491126881141578 0.045314714134050055 0.04571815945668434 0.04407684079699956 0.0402496231646937 0.03642240553238131 0.03259518790007544 0.028767970267769578 0.024940752635463713 0.02111353500315785 0.017286317370851987 0.013459099738546122 0.009631882106240261 0.005804664473934393 0.0019774468416285315 0.0 0.0 0.0 0.0 0.0 0.0 0.0 0.0 0.0 0.0 0.0 0.0 0.0 0.0 0.0 0.0 0.0 0.0 0.0 0.0 0.0 0.0 0.0 0.0 1.2433264846112624
0.0 0.0 0.0 0.00507840815136053 0.015585749526271342 0.026093090901182153 0.03660043227609296 0.04710777365100378 0.05761511502591459 0.0681224564008254 0.07862979777573621 0.08913713915064703 0.09964448052555784 0.11015182190046865 0.12065916327537947 0.12668651831120029 0.1279246665721291 0.12916281483305575 0.1304009630939824 0.1316391113549091 0.13287725961583577 0.13411540787676243 0.1353535561376891 0.1365917043986158 0.13782985265954245 0.13906800092046911 0.1403061491813958 0.13526904568780207 0.12352355605196626 0.1117780664161104 0.10003257678027459 0.08828708714443878 0.07654159750860297 0.06479610787276714 0.05305061823693133 0.04130512860109552 0.029559638965259705 0.017814149329423892 0.00606865969358808 0.0 0.0 0.0 0.0 0.0 0.0 0.0 0.0 0.0 0.0 0.0 0.0 0.0 0.0 0.0 0.0 0.0 0.0 0.0 0.0 0.0 0.0 0.0 0.0 1.2433264846112624
0.0 0.0 0.0 0.008502038696717092 0.026092949136866595 0.0436838595770161 0.0612747700171656 0.07886568045731511 0.09645659089746461 0.11404750133761411 0.13163841177776361 0.14922932221791313 0.16682023265806262 0.18441114309821213 0.20200205353836162 0.2120927757146941 0.2141656269139167 0.21623847811313573 0.21831132931235478 0.22038418051157382 0.22245703171079287 0.2245298829100119 0.22660273410923096 0.22867558530845 0.23074843650766907 0.23282128770688812 0.23489413890610716 0.22646125057860447 0.20679748893923872 0.18713372729983943 0.16746996566047367 0.14780620402110792 0.12814244238174216 0.1084786807423764 0.08881491910301065 0.06915115746364489 0.049487395824279135 0.029823634184913378 0.010159872545547621 0.0 0.0 0.0 0.0 0.0 0.0 0.0 0.0 0.0 0.0 0.0 0.0 0.0 0.0 0.0 0.0 0.0 0.0 0.0 0.0 0.0 0.0 0.0 0.0 1.2433264846112624
0.0 0.0 0.0 0.011925669242076567 0.03660014874747079 0.061274628252865025 0.08594910775825924 0.11062358726365348 0.1352980667690477 0.15997254627444193 0.18464702577983616 0.20932150528523039 0.2339959847906246 0.25867046429601886 0.28334494380141306 0.29749903311826065 0.30040658725577774 0.3033141413932899 0.30622169553080203 0.3091292496683142 0.3120368038058263 0.31494435794333847 0.3178519120808506 0.32075946621836277 0.3236670203558749 0.32657457449338706 0.3294821286308992 0.31765345546948465 0.2900714218265822 0.2624893881836327 0.23490735454073025 0.2073253208978278 0.17974328725492536 0.1521612536120229 0.12457921996912044 0.09699718632621801 0.06941515268331555 0.04183311904041309 0.014251085397510632 0.0 0.0 0.0 0.0 0.0 0.0 0.0 0.0 0.0 0.0 0.0 0.0 0.0 0.0 0.0 0.0 0.0 0.0 0.0 0.0 0.0 0.0 0.0 0.0 1.2433264846112624
0.0 0.0 0.0 0.015349299787433124 0.04710734835806603 0.07886539692869894 0.11062344549933184 0.14238149406996475 0.17413954264059767 0.20589759121123058 0.2376556397818635 0.2694136883524964 0.3011717369231293 0.3329297854937622 0.3646878340643951 0.3829052905217543 0.38664754759756526 0.3903898046733698 0.3941320617491743 0.39787431882497887 0.4016165759007834 0.405358832976588 0.4091010900523925 0.41284334712819704 0.4165856042040016 0.42032786127980615 0.42407011835561065 0.40884566036028713 0.37334535471385477 0.3378450490673618 0.30234474342092943 0.266844437774497 0.2313441321280646 0.1958438264816322 0.16034352083519982 0.1248432151887674 0.08934290954233498 0.05384260389590262 0.0183422982494702 0.0 0.0 0.0 0.0 0.0 0.0 0.0 0.0 0.0 0.0 0.0 0.0 0.0 0.0 0.0 0.0 0.0 0.0 0.0 0.0 0.0 0.0 0.0 0.0 1.2433264846112624
0.0 0.0 0.0 0.018772930332789685 0.057614547968661285 0.09645616560453288 0.13529778324040448 0.17413940087627608 0.21298101851214768 0.2518226361480193 0.2906642537838909 0.3295058714197625 0.3683474890556341 0.40718910669150565 0.4460307243273773 0.46831154792524815 0.4728885079393529 0.4774654679534498 0.4820424279675467 0.4866193879816436 0.4911963479957405 0.49577330800983743 0.5003502680239343 0.5049272280380313 0.5095041880521282 0.5140811480662251 0.518658108080322 0.5000378652510895 0.45661928760112724 0.4132007099510908 0.36978213230112844 0.3263635546511661 0.2829449770012038 0.23952639935124143 0.1961078217012791 0.15268924405131673 0.10927066640135441 0.06585208875139203 0.022433511101429715 0.0 0.0 0.0 0.0 0.0 0.0 0.0 0.0 0.0 0.0 0.0 0.0 0.0 0.0 0.0 0.0 0.0 0.0 0.0 0.0 0.0 0.0 0.0 0.0 1.2433264846112624
0.0 0.0 0.0 0.022196560878146237 0.06812174757925651 0.11404693428036679 0.15997212098147706 0.20589730768258735 0.25182249438369764 0.29774768108480787 0.34367286778591816 0.38959805448702844 0.43552324118813873 0.481448427889249 0.5273736145903593 0.5537178053287418 0.5591294682811404 0.5645411312335297 0.5699527941859189 0.5753644571383083 0.5807761200906976 0.5861877830430868 0.5915994459954762 0.5970111089478655 0.6024227719002547 0.6078344348526441 0.6132460978050334 0.591230070141892 0.5398932204883997 0.48855637083481984 0.43721952118132756 0.3858826715278353 0.33454582187434295 0.2832089722208507 0.2318721225673584 0.18053527291386612 0.12919842326037378 0.0778615736068815 0.02652472395338923 0.0 0.0 0.0 0.0 0.0 0.0 0.0 0.0 0.0 0.0 0.0 0.0 0.0 0.0 0.0 0.0 0.0 0.0 0.0 0.0 0.0 0.0 0.0 0.0 1.2433264846112624
0.0 0.0 0.0 0.025620191423502796 0.07862894718985175 0.13163770295620073 0.18464645872254967 0.23765521448889865 0.2906639702552476 0.34367272602159654 0.39668148178794554 0.4496902375542945 0.5026989933206435 0.5557077490869924 0.6087165048533414 0.6391240627322355 0.6453704286229279 0.6516167945136095 0.6578631604042913 0.664109526294973 0.6703558921856547 0.6766022580763363 0.6828486239670181 0.6890949898576998 0.6953413557483814 0.7015877216390631 0.7078340875297449 0.6824222750326945 0.6231671533756722 0.5639120317185489 0.5046569100615267 0.44540178840450445 0.3861466667474822 0.32689154509046 0.26763642343343774 0.20838130177641545 0.14912618011939327 0.08987105846237098 0.030615936805348798 0.0 0.0 0.0 0.0 0.0 0.0 0.0 0.0 0.0 0.0 0.0 0.0 0.0 0.0 0.0 0.0 0.0 0.0 0.0 0.0 0.0 0.0 0.0 0.0 1.2433264846112624
0.0 0.0 0.0 0.029043821968859358 0.08913614680044701 0.14922847163203465 0.2093207964636223 0.26941312129520995 0.3295054461267976 0.38959777095838527 0.44969009578997293 0.5097824206215605 0.5698747454531482 0.6299670702847359 0.6900593951163235 0.7245303201357294 0.7316113889647154 0.7386924577936895 0.7457735266226636 0.7528545954516377 0.7599356642806118 0.7670167331095858 0.7740978019385599 0.781178870767534 0.7882599395965081 0.7953410084254822 0.8024220772544562 0.7736144799234969 0.7064410862629447 0.639267692602278 0.5720942989417258 0.5049209052811736 0.4377475116206214 0.3705741179600693 0.30340072429951703 0.23622733063896495 0.16905393697841276 0.10188054331786056 0.03470714965730837 0.0 0.0 0.0 0.0 0.0 0.0 0.0 0.0 0.0 0.0 0.0 0.0 0.0 0.0 0.0 0.0 0.0 0.0 0.0 0.0 0.0 0.0 0.0 0.0 1.2433264846112624
0.0 0.0 0.0 0.032467452514215914 0.09964334641104224 0.16681924030786857 0.2339951342046949 0.30117102810152124 0.36834692199834757 0.4355228158951739 0.5026987097920003 0.5698746036888266 0.6370504975856529 0.7042263914824792 0.7714022853793056 0.809936577539223 0.817852349306503 0.8257681210737695 0.833683892841036 0.8415996646083024 0.8495154363755689 0.8574312081428354 0.8653469799101018 0.8732627516773683 0.8811785234446348 0.8890942952119012 0.8970100669791676 0.8648066848142993 0.7897150191502172 0.714623353486007 0.6395316878219249 0.5644400221578427 0.48934835649376063 0.41425669082967853 0.33916502516559643 0.2640733595015142 0.18898169383743213 0.11389002817335003 0.038798362509267825 0.0 0.0 0.0 0.0 0.0 0.0 0.0 0.0 0.0 0.0 0.0 0.0 0.0 0.0 0.0 0.0 0.0 0.0 0.0 0.0 0.0 0.0 0.0 0.0 1.2433264846112624
0.0 0.0 0.0 0.03589108305957539 0.11015054602164645 0.1844100089837175 0.2586694719457886 0.33292893490785963 0.4071883978699307 0.48144786083200175 0.5557073237940728 0.6299667867561439 0.7042262497182149 0.778485712680286 0.8527451756423571 0.8953428349427895 0.9040933096483641 0.9128437843539237 0.9215942590594832 0.9303447337650428 0.9390952084706023 0.9478456831761619 0.9565961578817215 0.965346632587281 0.9740971072928406 0.9828475819984002 0.9915980567039597 0.9559988897051795 0.8729889520375608 0.7899790143698003 0.7069690767021815 0.6239591390345627 0.5409492013669439 0.457939263699325 0.37492932603170626 0.2919193883640874 0.2089094506964686 0.12589951302884972 0.04288957536123095 0.0 0.0 0.0 0.0 0.0 0.0 0.0 0.0 0.0 0.0 0.0 0.0 0.0 0.0 0.0 0.0 0.0 0.0 0.0 0.0 0.0 0.0 0.0 0.0 1.2433264846112624
0.0 0.0 0.0 0.039314713604931946 0.12065774563224169 0.2020007776595514 0.2833438096868612 0.3646868417141709 0.4460298737414806 0.5273729057687904 0.6087159377961001 0.6900589698234099 0.7714020018507196 0.8527450338780294 0.9340880659053391 0.9807490923462833 0.9903342699901516 0.9999194476340035 1.0095046252778554 1.0190898029217075 1.0286749805655593 1.0382601582094113 1.0478453358532633 1.0574305134971151 1.0670156911409672 1.0766008687848192 1.086186046428671 1.047191094595982 0.9562628849248331 0.8653346752535294 0.7744064655823806 0.6834782559112318 0.592550046240083 0.5016218365689342 0.41069362689778555 0.31976541722663676 0.22883720755548798 0.1379089978843392 0.046980788213190516 0.0 0.0 0.0 0.0 0.0 0.0 0.0 0.0 0.0 0.0 0.0 0.0 0.0 0.0 0.0 0.0 0.0 0.0 0.0 0.0 0.0 0.0 0.0 0.0 1.2433264846112624
0.0 0.0 0.0 0.042926905530364115 0.13174364438488978 0.22056038323941543 0.3093771220939411 0.39819386094846676 0.48701059980299244 0.5758273386575181 0.6646440775120437 0.7534608163665694 0.842277555221095 0.9310942940756207 1.0199110329301464 1.0716736116116516 1.0838244545630438 1.095975297514415 1.1081261404657863 1.1202769834171575 1.1324278263685288 1.1445786693199 1.1567295122712713 1.1688803552226426 1.1810311981740138 1.193182041125385 1.2053328840767563 1.1628113309654229 1.0618437491595403 0.9608761673534855 0.8599085855476029 0.7589410037417204 0.6579734219358377 0.5570058401299551 0.4560382583240725 0.35507067651819 0.2541030947123074 0.1531355129064249 0.0521679311005423 0.0 0.0 0.0 0.0 0.0 0.0 0.0 0.0 0.0 0.0 0.0 0.0 0.0 0.0 0.0 0.0 0.0 0.0 0.0 0.0 0.0 0.0 0.0 0.0 0.0
0.0 0.0 0.0 0.046740657684086855 0.14344813603888892 0.24015561439369099 0.336863092748493 0.4335705711032951 0.5302780494580972 0.6269855278128992 0.7236930061677013 0.8204004845225034 0.9171079628773054 1.0138154412321074 1.1105229195869095 1.1684968049331848 1.1850636028440136 1.201630400754814 1.2181971986656146 1.2347639965764152 1.2513307944872158 1.2678975923980162 1.2844643903088169 1.3010311882196175 1.317597986130418 1.3341647840412185 1.3507315819520191 1.3045435930293579 1.1912693167637713 1.0779950404979917 0.964720764232405 0.8514464879668185 0.7381722117012319 0.6248979354356454 0.5116236591700589 0.3983493829044724 0.2850751066388859 0.1718008303732994 0.05852655410771268 0.0 0.0 0.0 0.0 0.0 0.0 0.0 0.0 0.0 0.0 0.0 0.0 0.0 0.0 0.0 0.0 0.0 0.0 0.0 0.0 0.0 0.0 0.0 0.0 0.0
0.0 0.0 0.0 0.0505544098378096 0.15515262769288807 0.2597508455479665 0.364349063403045 0.46894728125812346 0.573545499113202 0.6781437169682804 0.7827419348233589 0.8873401526784374 0.9919383705335157 1.0965365883885942 1.2011348062436726 1.2653199982547179 1.2863027511249834 1.3072855039952131 1.3282682568654431 1.349251009735673 1.370233762605903 1.3912165154761327 1.4121992683463624 1.4331820212165924 1.4541647740868222 1.475147526957052 1.496130279827282 1.4462758550932928 1.3206948843680024 1.1951139136424977 1.0695329429172071 0.9439519721919167 0.8183710014666263 0.6927900307413358 0.5672090600160453 0.4416280892907549 0.3160471185654645 0.1904661478401739 0.06488517711488351 0.0 0.0 0.0 0.0 0.0 0.0 0.0 0.0 0.0 0.0 0.0 0.0 0.0 0.0 0.0 0.0 0.0 0.0 0.0 0.0 0.0 0.0 0.0 0.0 0.0
0.0 0.0 0.0 0.05436816199153234 0.1668571193468872 0.2793460767022421 0.39183503405759695 0.5043239914129518 0.6168129487683067 0.7293019061236615 0.8417908634790164 0.9542798208343712 1.0667687781897262 1.179257735545081 1.291746692900436 1.3621431915762507 1.3875418994059532 1.4129406072356123 1.4383393150652715 1.4637380228949306 1.48913673072459 1.514535438554249 1.5399341463839082 1.5653328542135674 1.5907315620432265 1.6161302698728857 1.6415289777025448 1.5880081171572278 1.4501204519722335 1.3122327867870038 1.1743451216020095 1.036457456417015 0.8985697912320205 0.7606821260470261 0.6227944608620317 0.4849067956770372 0.3470191304920429 0.2091314653070484 0.07124380012205411 0.0 0.0 0.0 0.0 0.0 0.0 0.0 0.0 0.0 0.0 0.0 0.0 0.0 0.0 0.0 0.0 0.0 0.0 0.0 0.0 0.0 0.0 0.0 0.0 0.0
0.0 0.0 0.0 0.05818191414525835 0.17856161100089638 0.2989413078565344 0.41932100471217243 0.5397007015678105 0.6600803984234485 0.7804600952790864 0.9008397921347245 1.0212194889903625 1.1415991858460006 1.2619788827016385 1.3823585795572766 1.4589663848978665 1.4887810476870096 1.5185957104761019 1.548410373265194 1.5782250360542862 1.6080396988433785 1.6378543616324706 1.6676690244215628 1.6974836872106551 1.7272983499997474 1.7571130127888395 1.7869276755779318 1.7297403792212838 1.579546019576575 1.4293516599316098 1.279157300286901 1.1289629406421922 0.9787685809974832 0.8285742213527744 0.6783798617080654 0.5281855020633566 0.37799114241864773 0.22779678277393867 0.07760242312922982 0.0 0.0 0.0 0.0 0.0 0.0 0.0 0.0 0.0 0.0 0.0 0.0 0.0 0.0 0.0 0.0 0.0 0.0 0.0 0.0 0.0 0.0 0.0 0.0 0.0
0.0 0.0 0.0 0.061995666298981095 0.19026610265489552 0.3185365390108099 0.44680697536672437 0.5750774117226388 0.7033478480785532 0.8316182844344676 0.959888720790382 1.0881591571462965 1.216429593502211 1.3447000298581253 1.4729704662140397 1.5557895782193996 1.5900201959679794 1.624250813716501 1.6584814314650225 1.692712049213544 1.7269426669620656 1.761173284710587 1.7954039024591086 1.82963452020763 1.8638651379561515 1.8980957557046731 1.9323263734531946 1.871472641285219 1.708971587180806 1.5464705330761161 1.3839694789717032 1.2214684248672905 1.0589673707628777 0.8964663166584648 0.7339652625540518 0.5714642084496391 0.4089631543452261 0.2464621002408134 0.08396104613640065 0.0 0.0 0.0 0.0 0.0 0.0 0.0 0.0 0.0 0.0 0.0 0.0 0.0 0.0 0.0 0.0 0.0 0.0 0.0 0.0 0.0 0.0 0.0 0.0 0.0
0.0 0.0 0.0 0.06580941845270384 0.20197059430889466 0.3381317701650855 0.4742929460212763 0.6104541218774672 0.746615297733658 0.8827764735898488 1.0189376494460396 1.1550988253022305 1.2912600011584212 1.4274211770146121 1.5635823528708028 1.6526127715409327 1.6912593442489494 1.7299059169569002 1.768552489664851 1.8071990623728018 1.8458456350807526 1.8844922077887034 1.9231387804966542 1.961785353204605 2.000431925912556 2.0390784986205066 2.077725071328458 2.013204903349154 1.8383971547850373 1.6635894062206225 1.4887816576565056 1.3139739090923888 1.139166160528272 0.9643584119641553 0.7895506634000384 0.6147429148359216 0.43993516627180473 0.2651274177076879 0.09031966914357126 0.0 0.0 0.0 0.0 0.0 0.0 0.0 0.0 0.0 0.0 0.0 0.0 0.0 0.0 0.0 0.0 0.0 0.0 0.0 0.0 0.0 0.0 0.0 0.0 0.0
0.0 0.0 0.0 0.06962317060642657 0.21367508596289378 0.35772700131936097 0.5017789166758282 0.6458308320322954 0.7898827473887626 0.9339346627452298 1.077986578101697 1.2220384934581643 1.3660904088146315 1.5101423241710987 1.654194239527566 1.7494359648624656 1.7924984925299192 1.8355610201972992 1.8786235478646793 1.9216860755320595 1.9647486031994397 2.00781113086682 2.0508736585342 2.0939361862015797 2.13699871386896 2.18006124153634 2.2231237692037205 2.154937165413089 1.9678227223892681 1.7807082793651283 1.5935938363413076 1.4064793933174868 1.219364950293666 1.0322505072698454 0.8451360642460246 0.6580216212222039 0.4709071781983831 0.2837927351745624 0.09667829215074164 0.0 0.0 0.0 0.0 0.0 0.0 0.0 0.0 0.0 0.0 0.0 0.0 0.0 0.0 0.0 0.0 0.0 0.0 0.0 0.0 0.0 0.0 0.0 0.0 0.0
0.0 0.0 0.0 0.07343692276014932 0.22537957761689295 0.37732223247363655 0.5292648873303802 0.6812075421871239 0.8331501970438675 0.9850928519006111 1.1370355067573548 1.2889781616140983 1.440920816470842 1.5928634713275855 1.7448061261843293 1.8462591581839987 1.893737640810889 1.9412161234376983 1.9886946060645079 2.036173088691317 2.0836515713181267 2.131130053944936 2.1786085365717454 2.226087019198555 2.273565501825364 2.3210439844521735 2.368522467078983 2.2966694274770236 2.097248289993499 1.8978271525096342 1.6984060150261096 1.498984877542585 1.2995637400590603 1.1001426025755356 0.9007214650920108 0.7013003276084862 0.5018791901249615 0.30245805264143666 0.10303691515791202 0.0 0.0 0.0 0.0 0.0 0.0 0.0 0.0 0.0 0.0 0.0 0.0 0.0 0.0 0.0 0.0 0.0 0.0 0.0 0.0 0.0 0.0 0.0 0.0 0.0
0.0 0.0 0.0 0.07725067491387205 0.23708406927089207 0.3969174636279121 0.5567508579849321 0.7165842523419521 0.8764176466989722 1.0362510410559922 1.1960844354130122 1.3559178297700323 1.515751224127052 1.6755846184840721 1.8354180128410922 1.9430823515055318 1.9949767890918588 2.0468712266780975 2.098765664264336 2.150660101850575 2.2025545394368136 2.2544489770230527 2.306343414609291 2.35823785219553 2.4101322897817687 2.4620267273680074 2.513921164954246 2.438401689540959 2.2266738575977305 2.0149460256541407 1.803218193710912 1.5914903617676832 1.3797625298244547 1.168034697881226 0.9563068659379974 0.7445790339947687 0.5328512020515399 0.32112337010831116 0.10939553816508285 0.0 0.0 0.0 0.0 0.0 0.0 0.0 0.0 0.0 0.0 0.0 0.0 0.0 0.0 0.0 0.0 0.0 0.0 0.0 0.0 0.0 0.0 0.0 0.0 0.0
0.0 0.0 0.0 0.08106442706759483 0.2487885609248913 0.4165126947821878 0.5842368286394842 0.7519609624967807 0.9196850963540771 1.0874092302113736 1.2551333640686702 1.4228574979259665 1.590581631783263 1.7583057656405594 1.926029899497856 2.039905544827065 2.096215937372829 2.152526329918497 2.208836722464165 2.265147115009833 2.321457507555501 2.377767900101169 2.434078292646837 2.490388685192505 2.546699077738173 2.603009470283841 2.659319862829509 2.580133951604894 2.3560994252019616 2.132064898798647 1.9080303723957144 1.6839958459927817 1.459961319589849 1.2359267931869165 1.0118922667839838 0.7878577403810512 0.5638232139781185 0.3397886875751861 0.11575416117225323 0.0 0.0 0.0 0.0 0.0 0.0 0.0 0.0 0.0 0.0 0.0 0.0 0.0 0.0 0.0 0.0 0.0 0.0 0.0 0.0 0.0 0.0 0.0 0.0 0.0
0.0 0.0 0.0 0.08487817922132081 0.2604930525789004 0.43610792593647996 0.6117227992940595 0.7873376726516391 0.9629525460092186 1.1385674193667983 1.3141822927243778 1.4897971660819573 1.6654120394395369 1.8410269127971166 2.016641786154696 2.1367287381486806 2.197455085653885 2.258181433158986 2.3189077806640874 2.3796341281691884 2.4403604756742894 2.5010868231793904 2.5618131706844913 2.6225395181895923 2.6832658656946937 2.7439922131997947 2.8047185607048957 2.72186621366895 2.485524992806303 2.249183771943253 2.012842551080606 1.7765013302179586 1.5401601093553117 1.3038188884926645 1.0674776676300175 0.8311364467673705 0.5947952259047233 0.35845400504207614 0.12211278417942939 0.0 0.0 0.0 0.0 0.0 0.0 0.0 0.0 0.0 0.0 0.0 0.0 0.0 0.0 0.0 0.0 0.0 0.0 0.0 0.0 0.0 0.0 0.0 0.0 0.0
