Figures/CREST_Example_wjb_NSE/Rolling_result/20100722/BJP_forecast/ens_27/wjb.rain.20100722.asc
ncols            288
nrows            254
xllcorner        113.274861
yllcorner        31.4918055
cellsize         0.008333333333
NODATA_value     -9999
[rows 42 to 62 of 254, columns 141 to 187 of 288]
1.6560742077121142 1.6560742077121142 1.6560742077121142 1.6560742077121142 1.6560742077121142 1.6560742077121142 1.6560742077121142 1.6560742077121142 -9999.0 -9999.0 1.6560742077121142 1.6560742077121142 1.6560742077121142 1.6560742077121142 -9999.0 -9999.0 -9999.0 -9999.0 -9999.0 -9999.0 -9999.0 -9999.0 -9999.0 -9999.0 -9999.0 -9999.0 -9999.0 -9999.0 -9999.0 -9999.0 -9999.0 -9999.0 -9999.0 -9999.0 -9999.0 -9999.0 -9999.0 -9999.0 -9999.0 -9999.0 -9999.0 -9999.0 -9999.0 -9999.0 -9999.0 -9999.0 -9999.0
1.6560742077121142 1.6560742077121142 1.6560742077121142 1.6560742077121142 1.6560742077121142 1.6560742077121142 1.6560742077121142 1.6560742077121142 1.6560742077121142 1.6560742077121142 1.6560742077121142 1.6560742077121142 1.6560742077121142 1.6560742077121142 1.6560742077121142 -9999.0 -9999.0 -9999.0 -9999.0 -9999.0 -9999.0 -9999.0 -9999.0 -9999.0 -9999.0 -9999.0 -9999.0 -9999.0 -9999.0 -9999.0 -9999.0 -9999.0 -9999.0 -9999.0 -9999.0 -9999.0 -9999.0 -9999.0 -9999.0 -9999.0 -9999.0 -9999.0 -9999.0 -9999.0 -9999.0 -9999.0 -9999.0
1.6560742077121142 1.6560742077121142 1.6560742077121142 1.6560742077121142 1.6560742077121142 1.6560742077121142 1.6560742077121142 1.6560742077121142 1.6560742077121142 1.6560742077121142 1.6560742077121142 1.6560742077121142 1.6560742077121142 1.6560742077121142 1.6560742077121142 1.6560742077121142 -9999.0 -9999.0 -9999.0 -9999.0 -9999.0 -9999.0 -9999.0 -9999.0 -9999.0 -9999.0 -9999.0 -9999.0 -9999.0 -9999.0 -9999.0 -9999.0 -9999.0 -9999.0 -9999.0 -9999.0 -9999.0 -9999.0 -9999.0 -9999.0 -9999.0 -9999.0 -9999.0 -9999.0 -9999.0 -9999.0 -9999.0
1.6560742077121142 1.6560742077121142 1.6560742077121142 1.6560742077121142 1.6560742077121142 1.6560742077121142 1.6560742077121142 1.6560742077121142 1.6560742077121142 1.6560742077121142 1.6560742077121142 1.6560742077121142 1.6560742077121142 1.6560742077121142 1.6560742077121142 1.6560742077121142 -9999.0 1.6560742077121142 1.6560742077121142 1.6560742077121142 -9999.0 -9999.0 -9999.0 -9999.0 -9999.0 -9999.0 -9999.0 -9999.0 -9999.0 -9999.0 -9999.0 -9999.0 -9999.0 -9999.0 -9999.0 -9999.0 -9999.0 -9999.0 -9999.0 -9999.0 -9999.0 -9999.0 -9999.0 -9999.0 -9999.0 -9999.0 -9999.0
1.6560742077121142 1.6560742077121142 1.6560742077121142 1.6560742077121142 1.6560742077121142 1.6560742077121142 1.6560742077121142 1.6560742077121142 1.6560742077121142 1.6560742077121142 1.6560742077121142 1.6560742077121142 1.6560742077121142 1.6560742077121142 1.6560742077121142 1.6560742077121142 1.6560742077121142 1.6560742077121142 1.6560742077121142 1.6560742077121142 -9999.0 -9999.0 -9999.0 -9999.0 -9999.0 -9999.0 -9999.0 -9999.0 -9999.0 -9999.0 -9999.0 -9999.0 -9999.0 -9999.0 -9999.0 -9999.0 -9999.0 -9999.0 -9999.0 -9999.0 -9999.0 -9999.0 -9999.0 -9999.0 -9999.0 -9999.0 -9999.0
1.6560742077121142 1.6560742077121142 1.6560742077121142 1.6560742077121142 1.6560742077121142 1.6560742077121142 1.6560742077121142 1.6560742077121142 1.6560742077121142 1.6560742077121142 1.6560742077121142 1.6560742077121142 1.6560742077121142 1.6560742077121142 1.6560742077121142 1.6560742077121142 1.6560742077121142 1.6560742077121142 1.6560742077121142 -9999.0 -9999.0 -9999.0 -9999.0 -9999.0 -9999.0 -9999.0 -9999.0 -9999.0 -9999.0 -9999.0 -9999.0 -9999.0 -9999.0 -9999.0 -9999.0 -9999.0 -9999.0 -9999.0 -9999.0 -9999.0 -9999.0 -9999.0 -9999.0 -9999.0 -9999.0 -9999.0 -9999.0
1.6560742077121142 1.6560742077121142 1.6560742077121142 1.6560742077121142 1.6560742077121142 1.6560742077121142 1.6560742077121142 1.6560742077121142 1.6560742077121142 1.6560742077121142 1.6560742077121142 1.6560742077121142 1.6560742077121142 1.6560742077121142 1.6560742077121142 1.6560742077121142 1.6560742077121142 1.6560742077121142 1.6560742077121142 1.6560742077121142 1.6560742077121142 1.6560742077121142 -9999.0 -9999.0 -9999.0 -9999.0 -9999.0 -9999.0 -9999.0 -9999.0 -9999.0 -9999.0 -9999.0 -9999.0 -9999.0 -9999.0 -9999.0 -9999.0 -9999.0 -9999.0 -9999.0 -9999.0 -9999.0 -9999.0 -9999.0 -9999.0 -9999.0
0.2977740061157725 0.3189081983828032 0.34004239064986996 0.3611765829169007 0.3823107751839315 0.4034449674509622 0.40606370353929394 0.38888899817336164 0.3717142928074294 0.3545395874414971 0.3373648820755648 0.3201901767096325 0.3030154713437002 0.2858407659777679 0.2686660606118356 0.25149135524587407 0.23431664987994175 0.21714194451400945 1.6560742077121142 1.6560742077121142 1.6560742077121142 1.6560742077121142 1.6560742077121142 1.6560742077121142 1.6560742077121142 -9999.0 -9999.0 -9999.0 -9999.0 -9999.0 -9999.0 -9999.0 -9999.0 -9999.0 -9999.0 -9999.0 -9999.0 -9999.0 -9999.0 -9999.0 -9999.0 -9999.0 -9999.0 -9999.0 -9999.0 -9999.0 -9999.0
0.3324923417226599 0.3565600190596362 0.38062769639665356 0.40469537373362985 0.42876305107060614 0.45283072840758243 0.4566023423513531 0.43867700545317706 0.42075166855500107 0.402826331656825 0.38490099475864903 0.366975657860473 0.34905032096229693 0.33112498406412094 0.31319964716594495 0.2952743102677383 0.2773489733695623 0.25942363647138633 1.6560742077121142 1.6560742077121142 1.6560742077121142 1.6560742077121142 1.6560742077121142 1.6560742077121142 1.6560742077121142 1.6560742077121142 1.6560742077121142 1.6560742077121142 -9999.0 -9999.0 -9999.0 -9999.0 -9999.0 -9999.0 -9999.0 -9999.0 -9999.0 -9999.0 -9999.0 -9999.0 -9999.0 -9999.0 -9999.0 -9999.0 -9999.0 -9999.0 -9999.0
0.3672106773295474 0.3942118397364692 0.42121300214343715 0.448214164550359 0.47521532695728086 0.5022164893642027 0.5071409811634122 0.4884650127329925 0.46978904430257273 0.451113075872153 0.43243710744173325 0.4137611390113135 0.3950851705808937 0.37640920215047396 0.3577332337200542 0.3390572652896026 0.3203812968591829 0.30170532842876313 1.6560742077121142 1.6560742077121142 1.6560742077121142 1.6560742077121142 1.6560742077121142 1.6560742077121142 1.6560742077121142 1.6560742077121142 1.6560742077121142 1.6560742077121142 1.6560742077121142 -9999.0 -9999.0 -9999.0 -9999.0 -9999.0 -9999.0 -9999.0 -9999.0 -9999.0 -9999.0 -9999.0 -9999.0 -9999.0 -9999.0 -9999.0 -9999.0 -9999.0 -9999.0
0.4019290129364349 0.4318636604133023 0.4617983078902208 0.4917329553670883 0.5216676028439557 0.5516022503208231 0.5576796199754714 0.538253020012808 0.5188264200501445 0.499399820087481 0.4799732201248175 0.46054662016215403 0.4411200201994906 0.4216934202368271 0.4022668202741636 0.382840220311467 0.36341362034880353 0.34398702038614004 1.6560742077121142 1.6560742077121142 1.6560742077121142 1.6560742077121142 1.6560742077121142 1.6560742077121142 1.6560742077121142 1.6560742077121142 1.6560742077121142 1.6560742077121142 1.6560742077121142 1.6560742077121142 1.6560742077121142 1.6560742077121142 -9999.0 -9999.0 -9999.0 -9999.0 -9999.0 -9999.0 -9999.0 -9999.0 -9999.0 -9999.0 -9999.0 -9999.0 -9999.0 -9999.0 -9999.0
0.43664734854335185 0.4695154810901674 0.502383613637039 0.5352517461838544 0.5681198787306699 0.6009880112774855 0.6082182587875737 0.5880410272926658 0.5678637957977579 0.5476865643028501 0.5275093328079423 0.5073321013130344 0.48715486981812656 0.4669776383232187 0.44680040682831085 0.4266231753333686 0.4064459438384608 0.38626871234355287 1.6560742077121142 1.6560742077121142 1.6560742077121142 1.6560742077121142 1.6560742077121142 1.6560742077121142 1.6560742077121142 1.6560742077121142 1.6560742077121142 1.6560742077121142 1.6560742077121142 1.6560742077121142 1.6560742077121142 1.6560742077121142 -9999.0 -9999.0 -9999.0 -9999.0 -9999.0 -9999.0 -9999.0 -9999.0 -9999.0 -9999.0 -9999.0 -9999.0 -9999.0 -9999.0 -9999.0
0.4713656841502394 0.5071673017670004 0.5429689193838226 0.5787705370005838 0.6145721546173448 0.6503737722341059 0.658756897599633 0.6378290345724813 0.6169011715453298 0.5959733085181782 0.5750454454910265 0.554117582463875 0.5331897194367234 0.5122618564095718 0.49133399338242023 0.47040613035523293 0.4494782673280813 0.4285504043009297 1.6560742077121142 1.6560742077121142 1.6560742077121142 1.6560742077121142 1.6560742077121142 1.6560742077121142 1.6560742077121142 1.6560742077121142 1.6560742077121142 1.6560742077121142 1.6560742077121142 1.6560742077121142 1.6560742077121142 1.6560742077121142 1.6560742077121142 -9999.0 -9999.0 -9999.0 -9999.0 -9999.0 -9999.0 -9999.0 -9999.0 -9999.0 -9999.0 -9999.0 -9999.0 -9999.0 -9999.0
0.5060840197571268 0.5448191224438336 0.5835542251306063 0.6222893278173129 0.6610244305040196 0.6997595331907263 0.7092955364116922 0.6876170418522969 0.6659385472929015 0.6442600527335062 0.6225815581741109 0.6009030636147155 0.5792245690553202 0.5575460744959249 0.5358675799365296 0.5141890853770972 0.4925105908177019 0.4708320962583066 1.6560742077121142 1.6560742077121142 1.6560742077121142 1.6560742077121142 1.6560742077121142 1.6560742077121142 1.6560742077121142 1.6560742077121142 1.6560742077121142 1.6560742077121142 1.6560742077121142 1.6560742077121142 1.6560742077121142 1.6560742077121142 1.6560742077121142 1.6560742077121142 -9999.0 -9999.0 -9999.0 -9999.0 1.6560742077121142 -9999.0 -9999.0 -9999.0 -9999.0 -9999.0 -9999.0 -9999.0 -9999.0
0.5408023553640143 0.5824709431206665 0.6241395308773898 0.6658081186340421 0.7074767063906944 0.7491452941473465 0.7598341752237513 0.7374050491321122 0.7149759230404732 0.6925467969488341 0.6701176708571951 0.647688544765556 0.625259418673917 0.6028302925822779 0.5804011664906389 0.5579720403989616 0.5355429143073225 0.5131137882156835 1.6560742077121142 1.6560742077121142 1.6560742077121142 1.6560742077121142 1.6560742077121142 1.6560742077121142 1.6560742077121142 1.6560742077121142 1.6560742077121142 1.6560742077121142 1.6560742077121142 1.6560742077121142 1.6560742077121142 1.6560742077121142 1.6560742077121142 1.6560742077121142 1.6560742077121142 -9999.0 -9999.0 1.6560742077121142 1.6560742077121142 1.6560742077121142 1.6560742077121142 1.6560742077121142 -9999.0 -9999.0 -9999.0 -9999.0 -9999.0
0.5755206909709019 0.6201227637974995 0.6647248366241734 0.7093269094507713 0.753928982277369 0.7985310551039668 0.8103728140358104 0.7871930564119276 0.7640132987880448 0.740833541164162 0.7176537835402793 0.6944740259163965 0.6712942682925137 0.6481145106686309 0.6249347530447481 0.6017549954208258 0.5785752377969431 0.5553954801730603 1.6560742077121142 1.6560742077121142 1.6560742077121142 1.6560742077121142 1.6560742077121142 1.6560742077121142 1.6560742077121142 1.6560742077121142 1.6560742077121142 1.6560742077121142 1.6560742077121142 1.6560742077121142 1.6560742077121142 1.6560742077121142 1.6560742077121142 1.6560742077121142 1.6560742077121142 1.6560742077121142 1.6560742077121142 1.6560742077121142 1.6560742077121142 1.6560742077121142 1.6560742077121142 1.6560742077121142 1.6560742077121142 1.6560742077121142 -9999.0 -9999.0 1.6560742077121142
0.6102390265777893 0.6577745844743327 0.7053101423709571 0.7528457002675004 0.8003812581640439 0.8479168160605872 0.8609114528478696 0.8369810636917432 0.8130506745356166 0.7891202853794901 0.7651898962233636 0.7412595070672371 0.7173291179111105 0.6933987287549841 0.6694683395988575 0.6455379504426902 0.6216075612865637 0.5976771721304373 1.6560742077121142 1.6560742077121142 1.6560742077121142 1.6560742077121142 1.6560742077121142 1.6560742077121142 1.6560742077121142 1.6560742077121142 1.6560742077121142 1.6560742077121142 1.6560742077121142 1.6560742077121142 1.6560742077121142 1.6560742077121142 1.6560742077121142 1.6560742077121142 1.6560742077121142 1.6560742077121142 1.6560742077121142 1.6560742077121142 1.6560742077121142 1.6560742077121142 1.6560742077121142 1.6560742077121142 1.6560742077121142 1.6560742077121142 1.6560742077121142 1.6560742077121142 1.6560742077121142
0.6449573621847063 0.6954264051511978 0.7458954481177753 0.7963644910842667 0.8468335340507581 0.8973025770172496 0.9114500916599719 0.886769070971601 0.8620880502832301 0.8374070295948592 0.8127260089064883 0.7880449882181174 0.7633639675297466 0.7386829468413756 0.7140019261530047 0.6893209054645918 0.6646398847762209 0.63995886408785 1.6560742077121142 1.6560742077121142 1.6560742077121142 1.6560742077121142 1.6560742077121142 1.6560742077121142 1.6560742077121142 1.6560742077121142 1.6560742077121142 1.6560742077121142 1.6560742077121142 1.6560742077121142 1.6560742077121142 1.6560742077121142 1.6560742077121142 1.6560742077121142 1.6560742077121142 1.6560742077121142 1.6560742077121142 1.6560742077121142 1.6560742077121142 1.6560742077121142 1.6560742077121142 1.6560742077121142 1.6560742077121142 1.6560742077121142 1.6560742077121142 1.6560742077121142 1.6560742077121142
0.6796756977915939 0.7330782258280308 0.786480753864559 0.8398832819009959 0.893285809937433 0.94668833797387 0.9619887304720312 0.9365570782514165 0.9111254260308018 0.8856937738101872 0.8602621215895726 0.834830469368958 0.8093988171483433 0.7839671649277287 0.7585355127071141 0.733103860486456 0.7076722082658414 0.6822405560452268 1.6560742077121142 1.6560742077121142 1.6560742077121142 1.6560742077121142 1.6560742077121142 1.6560742077121142 1.6560742077121142 1.6560742077121142 1.6560742077121142 1.6560742077121142 1.6560742077121142 1.6560742077121142 1.6560742077121142 1.6560742077121142 1.6560742077121142 1.6560742077121142 1.6560742077121142 1.6560742077121142 1.6560742077121142 1.6560742077121142 1.6560742077121142 1.6560742077121142 1.6560742077121142 1.6560742077121142 1.6560742077121142 1.6560742077121142 1.6560742077121142 1.6560742077121142 1.6560742077121142
0.7084786101702579 0.7611469113877898 0.8138152126054112 0.866483513822943 0.9191518150404748 0.9718201162580066 0.986482040303108 0.9605142874884713 0.9345465346738348 0.9085787818591982 0.8826110290445616 0.856643276229925 0.8306755234152883 0.8047077706006517 0.7787400177860151 0.7527722649713342 0.7268045121566975 0.7008367593420609 0.6835900053066875 0.6756661962436273 0.6677423871805673 0.6598185781175072 0.6518947690544472 0.6439709599913871 0.6360471509283271 0.628123341865267 0.620199532802207 0.6122757237391468 0.6043519146760733 0.5964281056130132 0.5807780176300967 0.5568683626901755 0.5329587077502543 0.5090490528103331 0.4851393978704119 0.4612297429304907 0.4373200879905695 0.4134104330506483 0.38950077811072703 0.3655911231708059 0.34168146823088463 0.3177718132909227 1.6560742077121142 1.6560742077121142 1.6560742077121142 1.6560742077121142 1.6560742077121142
0.7309583081023266 0.7789718297515098 0.826985351400775 0.8749988730499582 0.9230123946991413 0.9710259163483246 0.9831345356860962 0.9568600023236066 0.9305854689611169 0.9043109355986273 0.8780364022361377 0.851761868873648 0.8254873355111585 0.7992128021486689 0.7729382687861792 0.7466637354236447 0.7203892020611551 0.6941146686986654 0.6781246593792617 0.6731290389076251 0.6681334184359885 0.6631377979643519 0.6581421774927153 0.6531465570210787 0.6481509365494421 0.6431553160778055 0.638159695606169 0.6331640751345324 0.6281684546628873 0.6231728341912507 0.6099110391705213 0.5878125165510696 0.5657139939316179 0.5436154713121664 0.5215169486927147 0.49941842607326303 0.47731990345381137 0.45522138083435976 0.43312285821490815 0.4110243355954565 0.3889258129760048 0.3668272903565155 1.6560742077121142 1.6560742077121142 1.6560742077121142 1.6560742077121142 1.6560742077121142
