Figures/CREST_Example_wjb_NSE/Rolling_result/20100722/BJP_forecast/ens_27/wjb.rain.20090913.asc
ncols            288
nrows            254
xllcorner        113.274861
yllcorner        31.4918055
cellsize         0.008333333333
NODATA_value     -9999
[rows 57 to 75 of 254, columns 176 to 219 of 288]
0.3817993817801801 0.3817993817801801 0.3817993817801801 0.3817993817801801 0.3817993817801801 0.3817993817801801 0.3817993817801801 0.38531471153886687 0.392588008344138 -9999.0 -9999.0 0.4144078987599514 -9999.0 -9999.0 -9999.0 -9999.0 -9999.0 -9999.0 0.4653209763968493 -9999.0 -9999.0 -9999.0 -9999.0 -9999.0 -9999.0 -9999.0 -9999.0 0.36444810483304513 -9999.0 -9999.0 -9999.0 -9999.0 -9999.0 -9999.0 -9999.0 -9999.0 -9999.0 -9999.0 -9999.0 -9999.0 -9999.0 -9999.0 -9999.0 -9999.0
0.3773420883916148 0.3773420883916148 0.3773420883916148 0.3773420883916148 0.3773420883916148 0.3773420883916148 0.3773420883916148 0.38125339295077987 0.38934597057719433 0.39743854820360874 0.4055311258300232 0.4136237034564376 0.4217162810828521 0.4298088587092665 0.43790143633568096 0.44599401396209537 0.45408659158850984 0.4621791692149243 0.4702717468413387 0.4682413420430448 -9999.0 -9999.0 -9999.0 -9999.0 -9999.0 -9999.0 0.3782766275931947 0.36542452552893034 0.35257242346466605 0.33972032140040176 0.3268682193361374 0.32022779513514144 0.32022779513514144 0.32022779513514144 -9999.0 -9999.0 -9999.0 -9999.0 -9999.0 -9999.0 -9999.0 -9999.0 -9999.0 -9999.0
0.3728847950030458 0.3728847950030458 0.3728847950030458 0.3728847950030458 0.3728847950030458 0.3728847950030458 0.3728847950030458 0.3771920743626894 0.3861039328102479 0.39501579125780634 0.40392764970536477 0.41283950815292325 0.4217513666004817 0.43066322504804017 0.4395750834955986 0.4484869419431571 0.4573988003907155 0.466310658838274 0.4752225172858324 0.47336487096892765 0.4599943803759138 0.44662388978289985 0.433253399189886 0.41988290859687205 0.4065124180038582 0.39314192741084425 0.3797714368178304 0.36640094622481645 0.3530304556318026 0.3396599650387887 0.3262894744457748 0.3193812092554515 0.3193812092554515 0.3193812092554515 -9999.0 -9999.0 -9999.0 -9999.0 -9999.0 -9999.0 -9999.0 -9999.0 -9999.0 -9999.0
0.3684275016144805 0.3684275016144805 0.3684275016144805 0.3684275016144805 0.3684275016144805 0.3684275016144805 0.3684275016144805 0.3731307557746024 0.3828618950433042 0.392593034312006 0.4023241735807077 0.4120553128494095 0.4217864521181113 0.431517591386813 0.4412487306555148 0.45097986992421657 0.46071100919291835 0.47044214846162014 0.48017328773032186 0.4784883998948061 0.4645995207730431 0.45071064165128005 0.436821762529517 0.4229328834077539 0.40904400428599086 0.39515512516422785 0.3812662460424648 0.3673773669207017 0.3534884877989387 0.33959960867717565 0.3257107295554126 0.31853462337576227 0.31853462337576227 0.31853462337576227 -9999.0 -9999.0 -9999.0 -9999.0 -9999.0 -9999.0 -9999.0 -9999.0 -9999.0 -9999.0
0.3851628050196213 0.3851628050196213 0.3851628050196213 0.3851628050196213 0.3851628050196213 0.3851628050196213 0.3851628050196213 0.38924908480175774 0.3977036901233249 0.4061582954448921 0.4146129007664593 0.4230675060880265 0.4315221114095937 0.4399767167311609 0.44843132205272807 0.4568859273742953 0.4653405326958625 0.4737951380174297 -9999.0 -9999.0 -9999.0 0.45428118795495126 0.4412595552096223 0.42823792246429326 0.4152162897189643 0.40219465697363527 0.38917302422830624 0.37615139148297727 0.3631297587376483 0.3501081259923193 0.33708649324699025 0.33035847593229783 -9999.0 -9999.0 -9999.0 -9999.0 -9999.0 -9999.0 -9999.0 -9999.0 -9999.0 -9999.0 -9999.0 -9999.0
0.4245516581433142 0.4245516581433142 0.4245516581433142 0.4245516581433142 0.4245516581433142 0.4245516581433142 0.4245516581433142 0.426938184745034 0.4318759622793007 0.43681373981356747 0.4417515173478342 0.44668929488210096 0.4516270724163677 0.45656484995063445 0.4615026274849012 0.46644040501916795 0.47137818255343467 0.47631596008770144 -9999.0 -9999.0 -9999.0 0.45729994305818783 0.44662671303468476 0.4359534830111817 0.42528025298767863 0.41460702296417556 0.4039337929406725 -9999.0 -9999.0 -9999.0 -9999.0 -9999.0 -9999.0 -9999.0 -9999.0 -9999.0 -9999.0 -9999.0 -9999.0 -9999.0 -9999.0 -9999.0 -9999.0 -9999.0
0.4639405112670071 0.4639405112670071 0.4639405112670071 0.4639405112670071 0.4639405112670071 0.4639405112670071 0.4639405112670071 0.4646272846883102 0.4660482344352765 0.46746918418224276 0.4688901339292091 0.47031108367617536 0.4717320334231417 0.47315298317010795 0.4745739329170742 0.47599488266404055 0.4774158324110068 0.4788367821579731 -9999.0 -9999.0 -9999.0 -9999.0 -9999.0 -9999.0 -9999.0 -9999.0 -9999.0 -9999.0 -9999.0 -9999.0 -9999.0 -9999.0 -9999.0 -9999.0 -9999.0 -9999.0 -9999.0 -9999.0 -9999.0 -9999.0 -9999.0 -9999.0 -9999.0 -9999.0
0.5033293643907 0.5033293643907 0.5033293643907 0.5033293643907 0.5033293643907 0.5033293643907 0.5033293643907 0.5023163846315865 0.5002205065912523 0.4981246285509181 0.4960287505105839 0.4939328724702498 0.49183699442991563 0.48974111638958145 0.4876452383492473 0.48554936030891316 0.483453482268579 0.4813576042282448 -9999.0 -9999.0 -9999.0 -9999.0 -9999.0 -9999.0 -9999.0 -9999.0 -9999.0 -9999.0 -9999.0 -9999.0 -9999.0 -9999.0 -9999.0 -9999.0 -9999.0 -9999.0 -9999.0 -9999.0 -9999.0 -9999.0 -9999.0 -9999.0 -9999.0 -9999.0
0.5427182175143928 0.5427182175143928 0.5427182175143928 0.5427182175143928 0.5427182175143928 0.5427182175143928 0.5427182175143928 0.5400054845748625 0.534392778747228 0.5287800729195934 0.5231673670919588 0.5175546612643241 0.5119419554366895 0.506329249609055 0.5007165437814204 0.49510383795378576 0.48949113212615114 0.4838784262985165 0.47826572047088195 -9999.0 -9999.0 -9999.0 -9999.0 -9999.0 -9999.0 -9999.0 -9999.0 -9999.0 -9999.0 -9999.0 -9999.0 -9999.0 -9999.0 -9999.0 -9999.0 -9999.0 -9999.0 -9999.0 -9999.0 -9999.0 -9999.0 -9999.0 -9999.0 -9999.0
0.5821070706381193 0.5821070706381193 0.5821070706381193 0.5821070706381193 0.5821070706381193 0.5821070706381193 0.5821070706381193 0.577694584518171 0.568565050903233 0.5594355172882949 0.5503059836733568 0.5411764500584187 0.5320469164434807 0.5229173828285426 0.5137878492136045 0.5046583155986666 0.49552878198372846 0.48639924836879045 0.4772697147538524 -9999.0 -9999.0 -9999.0 -9999.0 -9999.0 -9999.0 -9999.0 -9999.0 -9999.0 -9999.0 -9999.0 -9999.0 -9999.0 -9999.0 -9999.0 -9999.0 -9999.0 -9999.0 -9999.0 -9999.0 -9999.0 -9999.0 -9999.0 -9999.0 -9999.0
0.6214959237618122 0.6214959237618122 0.6214959237618122 0.6214959237618122 0.6214959237618122 0.6214959237618122 0.6214959237618122 0.6153836844614472 0.6027373230592087 0.5900909616569702 0.5774446002547317 0.5647982388524931 0.5521518774502546 0.5395055160480162 0.5268591546457777 0.5142127932435392 0.5015664318413007 0.4889200704390621 0.4762737090368236 0.47025615140311594 -9999.0 -9999.0 -9999.0 -9999.0 -9999.0 -9999.0 -9999.0 -9999.0 -9999.0 -9999.0 -9999.0 -9999.0 -9999.0 -9999.0 -9999.0 -9999.0 -9999.0 -9999.0 -9999.0 -9999.0 -9999.0 -9999.0 -9999.0 -9999.0
0.6608847768855051 0.6608847768855051 0.6608847768855051 0.6608847768855051 0.6608847768855051 0.6608847768855051 0.6608847768855051 0.6530727844047235 0.6369095952151845 0.6207464060256456 0.6045832168361066 0.5884200276465676 0.5722568384570287 0.5560936492674897 0.5399304600779508 0.5237672708884118 0.5076040816988728 0.49144089250933387 0.4752777033197949 -9999.0 -9999.0 -9999.0 -9999.0 -9999.0 -9999.0 -9999.0 -9999.0 -9999.0 -9999.0 -9999.0 -9999.0 -9999.0 -9999.0 -9999.0 -9999.0 -9999.0 -9999.0 -9999.0 -9999.0 -9999.0 -9999.0 -9999.0 -9999.0 -9999.0
0.700273630009198 0.700273630009198 0.700273630009198 0.700273630009198 0.700273630009198 0.700273630009198 0.700273630009198 0.6907618843479997 0.6710818673711603 0.6514018503943209 0.6317218334174814 0.612041816440642 0.5923617994638026 0.5726817824869632 0.5530017655101238 0.5333217485332844 0.513641731556445 0.4939617145796056 -9999.0 -9999.0 -9999.0 -9999.0 -9999.0 -9999.0 -9999.0 -9999.0 -9999.0 -9999.0 -9999.0 -9999.0 -9999.0 -9999.0 -9999.0 -9999.0 -9999.0 -9999.0 -9999.0 -9999.0 -9999.0 -9999.0 -9999.0 -9999.0 -9999.0 -9999.0
0.7396624831328908 0.7396624831328908 0.7396624831328908 0.7396624831328908 0.7396624831328908 0.7396624831328908 0.7396624831328908 0.728450984291276 0.7052541395271361 0.6820572947629963 0.6588604499988564 0.6356636052347164 0.6124667604705767 0.5892699157064367 0.5660730709422969 0.542876226178157 0.5196793814140171 0.4964825366498773 -9999.0 -9999.0 -9999.0 -9999.0 -9999.0 -9999.0 -9999.0 -9999.0 -9999.0 -9999.0 -9999.0 -9999.0 -9999.0 -9999.0 -9999.0 -9999.0 -9999.0 -9999.0 -9999.0 -9999.0 -9999.0 -9999.0 -9999.0 -9999.0 -9999.0 -9999.0
0.7790513362565837 0.7790513362565837 0.7790513362565837 0.7790513362565837 0.7790513362565837 0.7790513362565837 0.7790513362565837 0.7661400842345522 0.7394264116831119 0.7127127391316715 0.6859990665802312 0.6592853940287909 0.6325717214773505 0.6058580489259102 0.5791443763744699 0.5524307038230296 0.5257170312715893 0.499003358720149 -9999.0 -9999.0 -9999.0 -9999.0 -9999.0 -9999.0 -9999.0 -9999.0 -9999.0 -9999.0 -9999.0 -9999.0 -9999.0 -9999.0 -9999.0 -9999.0 -9999.0 -9999.0 -9999.0 -9999.0 -9999.0 -9999.0 -9999.0 -9999.0 -9999.0 -9999.0
0.8184401893803103 0.8184401893803103 0.8184401893803103 0.8184401893803103 0.8184401893803103 0.8184401893803103 0.8184401893803103 0.8038291841778606 0.7735986838391169 0.743368183500373 0.7131376831616293 0.6829071828228855 0.6526766824841417 0.6224461821453979 0.5922156818066542 0.5619851814679104 0.5317546811291667 0.5015241807904228 0.4712936804516791 -9999.0 -9999.0 -9999.0 -9999.0 -9999.0 -9999.0 -9999.0 -9999.0 -9999.0 -9999.0 -9999.0 -9999.0 -9999.0 -9999.0 -9999.0 -9999.0 -9999.0 -9999.0 -9999.0 -9999.0 -9999.0 -9999.0 -9999.0 -9999.0 -9999.0
0.8172939808600423 0.8172939808600423 0.8172939808600423 0.8172939808600423 0.8172939808600423 0.8172939808600423 0.8172939808600423 0.8026295956532485 0.772288650877791 0.7419477061023333 0.7116067613268757 0.681265816551418 0.6509248717759605 0.6205839270005029 0.5902429822250452 0.5599020374495876 0.52956109267413 0.49922014789867236 0.46887920312321474 0.4596954523744436 0.4731292207666555 0.4865629891588674 -9999.0 -9999.0 -9999.0 -9999.0 -9999.0 -9999.0 -9999.0 -9999.0 -9999.0 -9999.0 -9999.0 -9999.0 -9999.0 -9999.0 -9999.0 -9999.0 -9999.0 -9999.0 -9999.0 -9999.0 -9999.0 -9999.0
0.7728183472108097 0.7728183472108097 0.7728183472108097 0.7728183472108097 0.7728183472108097 0.7728183472108097 0.7728183472108097 0.7598604511197325 0.7330502709341122 0.7062400907484918 0.6794299105628715 0.6526197303772511 0.6258095501916308 0.5989993700060103 0.5721891898203899 0.5453790096347696 0.5185688294491493 0.49175864926352886 0.46494846907790843 0.45699866371565206 0.469211025795613 0.481423387875574 0.49363574995553494 0.5058481120354958 0.5180604741154569 -9999.0 -9999.0 -9999.0 -9999.0 -9999.0 -9999.0 -9999.0 -9999.0 -9999.0 -9999.0 -9999.0 -9999.0 -9999.0 -9999.0 -9999.0 -9999.0 -9999.0 -9999.0 -9999.0
0.7283427135615771 0.7283427135615771 0.7283427135615771 0.7283427135615771 0.7283427135615771 0.7283427135615771 0.7283427135615771 0.7170913065862168 0.6938118909904336 0.6705324753946504 0.6472530597988673 0.6239736442030842 0.600694228607301 0.5774148130115179 0.5541353974157347 0.5308559818199516 0.5075765662241685 0.4842971506283853 0.4610177350326021 0.45430187505686054 0.4652928308245705 0.47628378659228054 0.4872747423599905 0.4982656981277005 0.5092566538954105 -9999.0 -9999.0 -9999.0 -9999.0 -9999.0 0.5752023885016704 -9999.0 -9999.0 -9999.0 -9999.0 -9999.0 -9999.0 -9999.0 -9999.0 -9999.0 -9999.0 -9999.0 -9999.0 -9999.0
