Figures/CREST_Example_wjb_NSE/Rolling_result/20100722/BJP_forecast/ens_27/wjb.rain.20100726.asc
ncols            288
nrows            254
xllcorner        113.274861
yllcorner        31.4918055
cellsize         0.008333333333
NODATA_value     -9999
[rows 24 to 47 of 254, columns 106 to 158 of 288]
1.1071777567889254 1.1071777567889254 1.1071777567889254 1.1071777567889254 1.1071777567889254 1.1071777567889254 1.1071777567889254 1.1071777567889254 1.1071777567889254 1.1071777567889254 1.1071777567889254 1.1071777567889254 1.1071777567889254 1.1071777567889254 1.1071777567889254 1.1071777567889254 1.1071777567889254 1.1071777567889254 1.1071777567889254 1.1071777567889254 1.1071777567889254 -9999.0 -9999.0 -9999.0 -9999.0 -9999.0 -9999.0 -9999.0 -9999.0 -9999.0 -9999.0 -9999.0 -9999.0 -9999.0 -9999.0 -9999.0 -9999.0 -9999.0 -9999.0 -9999.0 -9999.0 -9999.0 -9999.0 -9999.0 -9999.0 -9999.0 -9999.0 -9999.0 -9999.0 -9999.0 -9999.0 -9999.0 -9999.0
0.0974662532829042 0.11049072014179297 0.12351518700068174 0.1365396538595705 0.1495641207184593 0.15353372361249576 0.1478234721728409 0.142113220733186 0.13640296929353113 0.13069271785387623 0.12498246641422134 0.11927221497455673 0.11356196353490183 0.10785171209524695 0.10214146065559207 0.09643120921593717 0.0907209577762823 1.1071777567889254 1.1071777567889254 1.1071777567889254 1.1071777567889254 -9999.0 -9999.0 -9999.0 -9999.0 -9999.0 -9999.0 -9999.0 -9999.0 -9999.0 -9999.0 -9999.0 -9999.0 -9999.0 -9999.0 -9999.0 -9999.0 -9999.0 -9999.0 -9999.0 -9999.0 -9999.0 -9999.0 -9999.0 -9999.0 -9999.0 -9999.0 -9999.0 -9999.0 -9999.0 -9999.0 -9999.0 -9999.0
0.2991177851983661 0.33908905267811923 0.3790603201578724 0.4190315876376255 0.4590028551173786 0.47118531607988984 0.4536609144944752 0.4361365129090605 0.41861211132364584 0.40108770973823116 0.3835633081528165 0.3660389065673719 0.34851450498195724 0.3309901033965426 0.31346570181112793 0.2959413002257133 0.2784168986402986 1.1071777567889254 1.1071777567889254 1.1071777567889254 1.1071777567889254 -9999.0 -9999.0 -9999.0 -9999.0 -9999.0 -9999.0 -9999.0 -9999.0 -9999.0 -9999.0 -9999.0 -9999.0 -9999.0 -9999.0 -9999.0 -9999.0 -9999.0 -9999.0 -9999.0 -9999.0 -9999.0 -9999.0 -9999.0 -9999.0 -9999.0 -9999.0 -9999.0 -9999.0 -9999.0 -9999.0 -9999.0 -9999.0
0.5007693171139997 0.5676873852146401 0.6346054533152805 0.7015235214159209 0.7684415895165614 0.7888369085475544 0.7594983568163699 0.7301598050851854 0.7008212533540009 0.6714827016228164 0.6421441498916318 0.6128055981603974 0.5834670464292129 0.5541284946980283 0.5247899429668439 0.4954513912356593 0.4661128395044748 1.1071777567889254 1.1071777567889254 1.1071777567889254 1.1071777567889254 1.1071777567889254 1.1071777567889254 1.1071777567889254 -9999.0 -9999.0 -9999.0 -9999.0 -9999.0 -9999.0 -9999.0 -9999.0 -9999.0 -9999.0 -9999.0 -9999.0 -9999.0 -9999.0 -9999.0 -9999.0 -9999.0 -9999.0 -9999.0 -9999.0 -9999.0 -9999.0 -9999.0 -9999.0 -9999.0 -9999.0 -9999.0 -9999.0 -9999.0
0.7024208490294617 0.7962857177509663 0.8901505864724711 0.9840154551939759 1.0778803239154806 1.1064885010149486 1.0653357991380041 1.02418309726106 0.9830303953841156 0.9418776935071713 0.900724991630227 0.8595722897532125 0.8184195878762683 0.7772668859993239 0.7361141841223797 0.6949614822454354 0.6538087803684911 1.1071777567889254 1.1071777567889254 1.1071777567889254 1.1071777567889254 1.1071777567889254 1.1071777567889254 1.1071777567889254 1.1071777567889254 1.1071777567889254 1.1071777567889254 -9999.0 -9999.0 -9999.0 -9999.0 -9999.0 -9999.0 -9999.0 -9999.0 -9999.0 -9999.0 -9999.0 -9999.0 -9999.0 -9999.0 -9999.0 -9999.0 -9999.0 -9999.0 -9999.0 -9999.0 -9999.0 -9999.0 -9999.0 -9999.0 -9999.0 -9999.0
0.9040723809449235 1.0248840502872927 1.1456957196296618 1.2665073889720309 1.3873190583144 1.4241400934823425 1.3711732414596385 1.3182063894369345 1.2652395374142305 1.2122726853915264 1.1593058333688222 1.1063389813460278 1.0533721293233238 1.0004052773006198 0.9474384252779157 0.8944715732552116 0.8415047212325076 1.1071777567889254 1.1071777567889254 1.1071777567889254 1.1071777567889254 1.1071777567889254 1.1071777567889254 1.1071777567889254 1.1071777567889254 1.1071777567889254 1.1071777567889254 1.1071777567889254 1.1071777567889254 -9999.0 -9999.0 -9999.0 -9999.0 -9999.0 -9999.0 -9999.0 -9999.0 -9999.0 -9999.0 -9999.0 -9999.0 -9999.0 -9999.0 -9999.0 -9999.0 -9999.0 -9999.0 -9999.0 -9999.0 -9999.0 -9999.0 -9999.0 -9999.0
1.105723912860385 1.2534823828236183 1.4012408527868518 1.5489993227500853 1.6967577927133186 1.7417916859497362 1.6770106837812724 1.6122296816128086 1.547448679444345 1.482667677275881 1.4178866751074173 1.3531056729388429 1.288324670770379 1.2235436686019154 1.1587626664334514 1.0939816642649878 1.0292006620965237 1.1071777567889254 1.1071777567889254 1.1071777567889254 1.1071777567889254 1.1071777567889254 1.1071777567889254 1.1071777567889254 1.1071777567889254 1.1071777567889254 1.1071777567889254 1.1071777567889254 1.1071777567889254 1.1071777567889254 1.1071777567889254 1.1071777567889254 -9999.0 -9999.0 -9999.0 -9999.0 -9999.0 -9999.0 -9999.0 -9999.0 -9999.0 -9999.0 -9999.0 -9999.0 -9999.0 -9999.0 -9999.0 -9999.0 -9999.0 -9999.0 -9999.0 -9999.0 -9999.0
1.307375444775847 1.4820807153599447 1.6567859859440424 1.8314912565281403 2.006196527112238 2.05944327841713 1.9828481261029067 1.906252973788683 1.8296578214744597 1.753062669160236 1.6764675168460124 1.5998723645316582 1.5232772122174345 1.4466820599032109 1.3700869075889872 1.2934917552747638 1.2168966029605401 1.1071777567889254 1.1071777567889254 1.1071777567889254 1.1071777567889254 1.1071777567889254 1.1071777567889254 1.1071777567889254 1.1071777567889254 1.1071777567889254 1.1071777567889254 1.1071777567889254 1.1071777567889254 1.1071777567889254 1.1071777567889254 1.1071777567889254 -9999.0 -9999.0 -9999.0 -9999.0 -9999.0 -9999.0 -9999.0 -9999.0 -9999.0 -9999.0 -9999.0 -9999.0 -9999.0 -9999.0 -9999.0 -9999.0 -9999.0 -9999.0 -9999.0 -9999.0 -9999.0
1.509026976691309 1.710679047896271 1.912331119101233 2.113983190306195 2.3156352615111575 2.3770948708845245 2.288685568424541 2.2002762659645576 2.1118669635045744 2.0234576610445907 1.9350483585846074 1.8466390561244732 1.75822975366449 1.6698204512045065 1.581411148744523 1.4930018462845398 1.4045925438245563 1.1071777567889254 1.1071777567889254 1.1071777567889254 1.1071777567889254 1.1071777567889254 1.1071777567889254 1.1071777567889254 1.1071777567889254 1.1071777567889254 1.1071777567889254 1.1071777567889254 1.1071777567889254 1.1071777567889254 1.1071777567889254 1.1071777567889254 -9999.0 -9999.0 -9999.0 -9999.0 -9999.0 -9999.0 -9999.0 -9999.0 -9999.0 -9999.0 -9999.0 -9999.0 -9999.0 -9999.0 -9999.0 -9999.0 -9999.0 -9999.0 -9999.0 -9999.0 -9999.0
1.7106785086069425 1.9392773804327919 2.1678762522586412 2.396475124084491 2.62507399591034 2.694746463352189 2.594523010746436 2.4942995581406824 2.3940761055349293 2.2938526529291763 2.1936292003234232 2.0934057477174988 1.9931822951117457 1.8929588425059924 1.7927353899002392 1.6925119372944861 1.5922884846887329 1.1071777567889254 1.1071777567889254 1.1071777567889254 1.1071777567889254 1.1071777567889254 1.1071777567889254 1.1071777567889254 1.1071777567889254 1.1071777567889254 1.1071777567889254 1.1071777567889254 1.1071777567889254 1.1071777567889254 1.1071777567889254 1.1071777567889254 1.1071777567889254 -9999.0 -9999.0 -9999.0 -9999.0 -9999.0 -9999.0 -9999.0 -9999.0 -9999.0 -9999.0 -9999.0 -9999.0 -9999.0 -9999.0 -9999.0 -9999.0 -9999.0 -9999.0 -9999.0 -9999.0
1.9123300405224044 2.167875712969118 2.423421385415832 2.6789670578625455 2.9345127303092595 3.012398055819583 2.90036045306807 2.788322850316557 2.676285247565044 2.5642476448135314 2.4522100420620183 2.3401724393103143 2.228134836558801 2.116097233807288 2.0040596310557754 1.8920220283042621 1.7799844255527493 1.1071777567889254 1.1071777567889254 1.1071777567889254 1.1071777567889254 1.1071777567889254 1.1071777567889254 1.1071777567889254 1.1071777567889254 1.1071777567889254 1.1071777567889254 1.1071777567889254 1.1071777567889254 1.1071777567889254 1.1071777567889254 1.1071777567889254 1.1071777567889254 1.1071777567889254 -9999.0 -9999.0 -9999.0 -9999.0 -9999.0 -9999.0 -9999.0 -9999.0 -9999.0 -9999.0 -9999.0 -9999.0 -9999.0 -9999.0 -9999.0 -9999.0 -9999.0 -9999.0 -9999.0
2.1139815724378663 2.3964740455054443 2.6789665185730227 2.9614589916406007 3.2439514647081786 3.3300496482869772 3.2061978953897046 3.0823461424924314 2.9584943895951588 2.834642636697886 2.7107908838006134 2.5869391309031293 2.4630873780058566 2.339235625108584 2.2153838722113113 2.091532119314038 1.9676803664167655 1.1071777567889254 1.1071777567889254 1.1071777567889254 1.1071777567889254 1.1071777567889254 1.1071777567889254 1.1071777567889254 1.1071777567889254 1.1071777567889254 1.1071777567889254 1.1071777567889254 1.1071777567889254 1.1071777567889254 1.1071777567889254 1.1071777567889254 1.1071777567889254 1.1071777567889254 -9999.0 -9999.0 -9999.0 -9999.0 -9999.0 -9999.0 -9999.0 -9999.0 -9999.0 -9999.0 -9999.0 -9999.0 -9999.0 -9999.0 -9999.0 -9999.0 -9999.0 -9999.0 -9999.0
2.315633104353328 2.6250723780417706 2.934511651730213 3.2439509254186554 3.5533901991070977 3.6477012407543707 3.512035337711338 3.3763694346683057 3.240703531625273 3.1050376285822407 2.969371725539208 2.8337058224959444 2.6980399194529117 2.562374016409879 2.426708113366846 2.291042210323814 2.1553763072807817 1.1071777567889254 1.1071777567889254 1.1071777567889254 1.1071777567889254 1.1071777567889254 1.1071777567889254 1.1071777567889254 1.1071777567889254 1.1071777567889254 1.1071777567889254 1.1071777567889254 1.1071777567889254 1.1071777567889254 1.1071777567889254 1.1071777567889254 1.1071777567889254 1.1071777567889254 1.1071777567889254 -9999.0 -9999.0 -9999.0 -9999.0 -9999.0 -9999.0 -9999.0 -9999.0 -9999.0 -9999.0 -9999.0 -9999.0 -9999.0 -9999.0 -9999.0 -9999.0 -9999.0 -9999.0
2.422742549822951 2.746494915230882 3.0702472806388124 3.3939996460467428 3.717752011454673 3.8160393898871674 3.6732995988622954 3.530559807837423 3.387820016812551 3.245080225787679 3.102340434762807 2.9596006437376916 2.8168608527128196 2.674121061687947 2.531381270663075 2.3886414796382027 2.2459016886133307 2.0846638961240775 1.903651321740999 1.72263874735792 1.5416261729748415 1.3606135985917627 1.1796010242086843 0.9985884498256055 0.8175758754422182 0.6365633010591394 0.4555507266760608 0.2745381522929822 0.09352557790990357 1.1071777567889254 1.1071777567889254 1.1071777567889254 1.1071777567889254 1.1071777567889254 1.1071777567889254 1.1071777567889254 1.1071777567889254 -9999.0 -9999.0 -9999.0 -9999.0 -9999.0 -9999.0 -9999.0 -9999.0 -9999.0 -9999.0 -9999.0 -9999.0 -9999.0 -9999.0 -9999.0 -9999.0
2.428792466419465 2.753353285374713 3.0779141043299614 3.4024749232852094 3.7270357422404574 3.824770883348568 3.680024245688519 3.5352776080284696 3.3905309703684203 3.245784332708371 3.101037695048322 2.9562910573880257 2.8115444197279764 2.6667977820679276 2.522051144407878 2.377304506747829 2.2325578690877794 2.070862386410517 1.8910482051152975 1.711234023820078 1.5314198425248584 1.351605661229639 1.1717914799344196 0.9919772986391999 0.8121631173436739 0.6323489360484542 0.4525347547532348 0.27272057345801537 0.09290639216279573 1.1071777567889254 1.1071777567889254 1.1071777567889254 1.1071777567889254 1.1071777567889254 1.1071777567889254 1.1071777567889254 1.1071777567889254 -9999.0 -9999.0 -9999.0 -9999.0 -9999.0 -9999.0 -9999.0 -9999.0 -9999.0 -9999.0 -9999.0 -9999.0 -9999.0 -9999.0 -9999.0 -9999.0
2.4348423830159778 2.760211655518544 3.0855809280211095 3.4109502005236756 3.7363194730262412 3.8335023768099687 3.6867488925147427 3.539995408219516 3.3932419239242897 3.2464884396290636 3.099734955333837 2.9529814710383606 2.806227986743134 2.6594745024479076 2.5127210181526816 2.3659675338574555 2.219214049562229 2.0570608766969567 1.8784450884895965 1.6998293002822362 1.5212135120748758 1.3425977238675153 1.1639819356601548 0.9853661474527946 0.8067503592451297 0.6281345710377693 0.449518782830409 0.27090299462304857 0.09228720641568833 1.1071777567889254 1.1071777567889254 1.1071777567889254 1.1071777567889254 1.1071777567889254 1.1071777567889254 1.1071777567889254 1.1071777567889254 -9999.0 -9999.0 -9999.0 -9999.0 -9999.0 -9999.0 -9999.0 -9999.0 -9999.0 -9999.0 -9999.0 -9999.0 -9999.0 -9999.0 -9999.0 -9999.0
2.4408922996124955 2.7670700256623797 3.093247751712264 3.419425477762148 3.745603203812032 3.842233870271377 3.693473539340972 3.544713208410567 3.3959528774801617 3.247192546549756 3.098432215619351 2.9496718846886925 2.8009115537582874 2.6521512228278823 2.503390891897477 2.354630560967072 2.205870230036667 2.0432593669833845 1.8658419718638846 1.6884245767443842 1.5110071816248842 1.3335897865053838 1.1561723913858837 0.9787549962663835 0.8013376011465807 0.6239202060270805 0.44650281090758015 0.26908541578808 0.0916680206685796 1.1071777567889254 1.1071777567889254 1.1071777567889254 1.1071777567889254 1.1071777567889254 1.1071777567889254 1.1071777567889254 1.1071777567889254 -9999.0 -9999.0 -9999.0 -9999.0 -9999.0 -9999.0 -9999.0 -9999.0 -9999.0 -9999.0 -9999.0 -9999.0 -9999.0 -9999.0 -9999.0 -9999.0
2.4469422162090093 2.773928395806211 3.100914575403413 3.4279007550006146 3.754886934597817 3.8509653637327776 3.7001981861671953 3.549431008601613 3.398663831036031 3.2478966534704488 3.0971294759048664 2.946362298339027 2.795595120773445 2.6448279432078627 2.4940607656422804 2.3432935880766985 2.192526410511116 2.0294578572698247 1.8532388552381835 1.6770198532065423 1.5008008511749014 1.3245818491432604 1.1483628471116192 0.9721438450799782 0.7959248430480366 0.6197058410163956 0.4434868389847544 0.2672678369531134 0.0910488349214722 1.1071777567889254 1.1071777567889254 1.1071777567889254 1.1071777567889254 1.1071777567889254 1.1071777567889254 1.1071777567889254 1.1071777567889254 1.1071777567889254 -9999.0 -9999.0 -9999.0 1.1071777567889254 1.1071777567889254 -9999.0 -9999.0 -9999.0 -9999.0 -9999.0 -9999.0 -9999.0 -9999.0 -9999.0 -9999.0
2.452992132805522 2.7807867659500416 3.1085813990945614 3.436376032239081 3.7641706653836002 3.8596968571941783 3.706922832993419 3.5541488087926596 3.4013747845919005 3.248600760391141 3.0958267361903817 2.943052711989362 2.7902786877886028 2.637504663587843 2.4847306393870836 2.3319566151863245 2.1791825909855653 2.0156563475562645 1.8406357386124825 1.6656151296687005 1.4905945207249185 1.3155739117811367 1.140553302837355 0.9655326938935729 0.7905120849494924 0.6154914760057104 0.4404708670619286 0.2654502581181466 0.0904296491743648 1.1071777567889254 1.1071777567889254 1.1071777567889254 1.1071777567889254 1.1071777567889254 1.1071777567889254 1.1071777567889254 1.1071777567889254 1.1071777567889254 1.1071777567889254 1.1071777567889254 1.1071777567889254 1.1071777567889254 1.1071777567889254 -9999.0 -9999.0 1.1071777567889254 1.1071777567889254 1.1071777567889254 1.1071777567889254 -9999.0 -9999.0 -9999.0 -9999.0
2.459042049402035 2.7876451360938725 3.1162482227857096 3.4448513094775466 3.773454396169384 3.868428350655579 3.7136474798196426 3.558866608983706 3.40408573814777 3.2493048673118334 3.094523996475897 2.939743125639697 2.7849622548037605 2.6301813839678236 2.4754005131318872 2.320619642295951 2.1658387714600145 2.0018548378427043 1.8280326219867815 1.6542104061308587 1.4803881902749358 1.306565974419013 1.1327437585630902 0.9589215427071676 0.7850993268509483 0.6112771109950255 0.43745489513910285 0.26363267928318 0.08981046342725718 1.1071777567889254 1.1071777567889254 1.1071777567889254 1.1071777567889254 1.1071777567889254 1.1071777567889254 1.1071777567889254 1.1071777567889254 1.1071777567889254 1.1071777567889254 1.1071777567889254 1.1071777567889254 1.1071777567889254 1.1071777567889254 1.1071777567889254 1.1071777567889254 1.1071777567889254 1.1071777567889254 1.1071777567889254 1.1071777567889254 1.1071777567889254 -9999.0 -9999.0 -9999.0
2.465091965998549 2.7945035062377035 3.1239150464768586 3.4533265867160132 3.7827381269551683 3.87715984411698 3.7203721266458665 3.563584409174753 3.406796691703639 3.2500089742325255 3.093221256761412 2.9364335392900314 2.7796458218189177 2.622858104347804 2.4660703868766904 2.309282669405577 2.1524949519344636 1.9880533281291437 1.81542950536108 1.6428056825930164 1.4701818598249528 1.297558037056889 1.1249342142888255 0.952310391520762 0.7796865687524039 0.6070627459843403 0.43443892321627686 0.2618151004482132 0.08919127768014956 1.1071777567889254 1.1071777567889254 1.1071777567889254 1.1071777567889254 1.1071777567889254 1.1071777567889254 1.1071777567889254 1.1071777567889254 1.1071777567889254 1.1071777567889254 1.1071777567889254 1.1071777567889254 1.1071777567889254 1.1071777567889254 1.1071777567889254 1.1071777567889254 1.1071777567889254 1.1071777567889254 1.1071777567889254 1.1071777567889254 1.1071777567889254 1.1071777567889254 -9999.0 -9999.0
2.4711418825950617 2.8013618763815344 3.1315818701680067 3.4618018639544794 3.792021857740952 3.885891337578381 3.72709677347209 3.5683022093657994 3.4095076452595086 3.250713081153218 3.0919185170469277 2.933123952940366 2.7743293888340754 2.615534824727785 2.456740260621494 2.297945696515203 2.1391511324089127 1.9742518184155835 1.802826388735379 1.6314009590551746 1.45997552937497 1.2885500996947656 1.1171246700145612 0.9456992403343567 0.7742738106538598 0.6028483809736553 0.4314229512934509 0.2599975216132464 0.08857209193304194 1.1071777567889254 1.1071777567889254 1.1071777567889254 1.1071777567889254 1.1071777567889254 1.1071777567889254 1.1071777567889254 1.1071777567889254 1.1071777567889254 1.1071777567889254 1.1071777567889254 1.1071777567889254 1.1071777567889254 1.1071777567889254 1.1071777567889254 1.1071777567889254 1.1071777567889254 1.1071777567889254 1.1071777567889254 1.1071777567889254 1.1071777567889254 1.1071777567889254 -9999.0 1.1071777567889254
2.47719179919158 2.808220246525371 3.139248693859162 3.4702771411929527 3.801305588526744 3.8946228310397886 3.733821420298319 3.5730200095568496 3.41221859881538 3.2514171880739107 3.090615777332441 2.9298143665906977 2.7690129558492282 2.6082115451077588 2.4474101343662893 2.28660872362482 2.1258073128833503 1.9604503087020115 1.7902232721096671 1.619996235517323 1.4497691989249786 1.2795421623326342 1.10931512574029 0.9390880891479456 0.768861052555311 0.5986340159629668 0.42840697937062244 0.25817994277827827 0.08795290618593388 1.1071777567889254 1.1071777567889254 1.1071777567889254 1.1071777567889254 1.1071777567889254 1.1071777567889254 1.1071777567889254 1.1071777567889254 1.1071777567889254 1.1071777567889254 1.1071777567889254 1.1071777567889254 1.1071777567889254 1.1071777567889254 1.1071777567889254 1.1071777567889254 1.1071777567889254 1.1071777567889254 1.1071777567889254 1.1071777567889254 1.1071777567889254 1.1071777567889254 1.1071777567889254 1.1071777567889254
2.4832417157880933 2.8150786166692017 3.14691551755031 3.478752418431419 3.8105893193125273 3.9033543245011892 3.740546067124543 3.5777378097478962 3.41492955237125 3.2521212949946032 3.0893130376179565 2.926504780241032 2.763696522864386 2.600888265487739 2.4380800081110925 2.275271750734446 2.1124634933578 1.9466487989884513 1.7776201554839661 1.608591511979481 1.4395628684749957 1.2705342249705107 1.1015055814660255 0.9324769379615403 0.7634482944567667 0.5944196509522817 0.42539100744779645 0.25636236394331124 0.08733372043882603 1.1071777567889254 1.1071777567889254 1.1071777567889254 1.1071777567889254 1.1071777567889254 1.1071777567889254 1.1071777567889254 1.1071777567889254 1.1071777567889254 1.1071777567889254 1.1071777567889254 1.1071777567889254 1.1071777567889254 1.1071777567889254 1.1071777567889254 1.1071777567889254 1.1071777567889254 1.1071777567889254 1.1071777567889254 1.1071777567889254 1.1071777567889254 1.1071777567889254 1.1071777567889254 1.1071777567889254
