Figures/CREST_Example_wjb_NSE/Rolling_result/20100722/BJP_forecast/ens_32/wjb.rain.20100725.asc
ncols            288
nrows            254
xllcorner        113.274861
yllcorner        31.4918055
cellsize         0.008333333333
NODATA_value     -9999
[rows 180 to 199 of 254, columns 176 to 219 of 288]
6.109608587494272 6.088694994892728 6.067781402291184 6.0468678096896396 6.0259542170880955 6.0050406244865515 5.984127031884972 5.912667766452993 5.78717403316638 5.661680299879766 5.536186566593152 5.410692833306538 5.285199100019923 5.159705366733309 5.034211633446696 4.908717900160082 4.783224166873468 4.6577304335868535 4.53223670030024 4.467382784163201 4.467354204663862 4.467325625164524 4.467297045665186 4.467268466165848 4.467239886666509 4.4672113071671715 4.467182727667833 4.467154148168494 4.467125568669156 4.467096989169818 4.46706840967048 4.495499220576222 4.554353763837699 4.613208307099074 4.67206285036045 4.7309173936218265 4.789771936883202 4.848626480144578 4.907481023405953 4.96633556666733 5.0251901099287055 5.084044653190081 5.142899196451458 5.0721970160263385
6.153562104129431 6.133885002388133 6.114207900646833 6.094530798905534 6.074853697164236 6.055176595422936 6.035499493681604 5.9633655886808254 5.83515417415732 5.706942759633813 5.578731345110308 5.450519930586802 5.322308516063297 5.194097101539791 5.065885687016285 4.937674272492779 4.809462857969273 4.681251443445768 4.553040028922262 4.488720540338353 4.492702966274542 4.496685392210731 4.500667818146919 4.504650244083107 4.5086326700192965 4.512615095955485 4.516597521891673 4.520579947827862 4.52456237376405 4.528544799700239 4.532527225636428 4.567425853238201 4.635374600028822 4.703323346819327 4.7712720936098325 4.839220840400337 4.907169587190842 4.975118333981348 5.043067080771853 5.111015827562358 5.178964574352863 5.246913321143368 5.314862067933873 5.242624265474393
6.225411801477575 6.2134856069711075 6.20155941246464 6.189633217958173 6.177707023451705 6.1657808289452385 6.15385463443875 6.085938134454196 5.958166731129522 5.830395327804847 5.702623924480172 5.574852521155497 5.447081117830823 5.319309714506149 5.191538311181474 5.063766907856799 4.935995504532125 4.8082241012074505 4.680452697882775 4.6243845351845705 4.644968759154276 4.66555298312398 4.686137207093685 4.70672143106339 4.727305655033095 4.747889879002799 4.768474102972505 4.789058326942209 4.809642550911914 4.830226774881619 4.8508109988513235 4.900738824868245 4.982035625495365 5.063332426122346 5.144629226749328 5.2259260273763095 5.30722282800329 5.388519628630272 5.4698164292572535 5.551113229884235 5.632410030511216 5.7137068311381976 5.795003631765179 5.713322711415105
6.29726149882578 6.293086211554151 6.288910924282521 6.284735637010892 6.280560349739264 6.276385062467635 6.272209775195999 6.208510680227671 6.081179288101828 5.9538478959759855 5.826516503850142 5.699185111724299 5.571853719598456 5.444522327472613 5.31719093534677 5.189859543220926 5.0625281510950835 4.935196758969241 4.807865366843398 4.760048530030904 4.797234552034139 4.834420574037374 4.871606596040609 4.908792618043845 4.9459786400470795 4.983164662050315 5.02035068405355 5.057536706056785 5.094722728060021 5.131908750063256 5.169094772066491 5.234051796498574 5.328696650962204 5.423341505425673 5.517986359889142 5.612631214352611 5.70727606881608 5.801920923279549 5.896565777743018 5.991210632206487 6.085855486669956 6.180500341133425 6.2751451955968935 6.184021157356219
6.369111196173923 6.372686816137126 6.376262436100328 6.379838056063531 6.383413676026734 6.386989295989936 6.390564915953146 6.331083226001042 6.20419184507403 6.077300464147018 5.9504090832200065 5.823517702292994 5.696626321365982 5.56973494043897 5.442843559511958 5.315952178584946 5.189060797657934 5.062169416730923 4.93527803580391 4.89571252487712 4.949500344913871 5.003288164950623 5.0570759849873745 5.110863805024127 5.164651625060879 5.21843944509763 5.272227265134381 5.326015085171133 5.379802905207885 5.4335907252446365 5.487378545281388 5.567364768128619 5.675357676428748 5.783350584728693 5.891343493028638 5.999336401328583 6.107329309628528 6.215322217928473 6.323315126228418 6.431308034528364 6.539300942828309 6.6472938511282536 6.7552867594281985 6.654719603296932
6.440960893522067 6.452287420720101 6.463613947918136 6.47494047511617 6.486267002314205 6.497593529512239 6.508920056710293 6.453655771774414 6.327204402046233 6.200753032318052 6.074301662589871 5.94785029286169 5.8213989231335095 5.694947553405329 5.568496183677148 5.442044813948966 5.315593444220786 5.1891420744926045 5.0626907047644245 5.031376519723337 5.101766137793605 5.172155755863873 5.242545373934141 5.3129349920044096 5.383324610074677 5.453714228144945 5.524103846215214 5.594493464285481 5.664883082355749 5.735272700426017 5.805662318496285 5.900677739758664 6.022018701895292 6.143359664031713 6.264700626168135 6.386041588304556 6.507382550440977 6.628723512577398 6.750064474713819 6.871405436850241 6.992746398986663 7.114087361123083 7.235428323259505 7.125418049237645
6.51281059087021 6.5318880253030756 6.550965459735942 6.570042894168808 6.589120328601674 6.608197763034541 6.62727519746744 6.576228317547784 6.450216959018435 6.324205600489084 6.198194241959735 6.0721828834303855 5.946171524901035 5.820160166371686 5.6941488078423355 5.568137449312986 5.442126090783637 5.316114732254286 5.190103373724937 5.167040514569554 5.254031930673338 5.341023346777122 5.428014762880907 5.515006178984692 5.601997595088475 5.68898901119226 5.775980427296044 5.862971843399828 5.949963259503613 6.036954675607397 6.123946091711181 6.233990711388708 6.368679727361835 6.5033687433347325 6.63805775930763 6.7727467752805275 6.907435791253425 7.0421248072263225 7.17681382319922 7.3115028391721175 7.446191855145014 7.580880871117912 7.715569887090809 7.596116495178356
6.584660288218353 6.6114886298860505 6.638316971553749 6.665145313221447 6.691973654889145 6.718801996556842 6.745630338224586 6.698800863321154 6.573229515990636 6.4476581686601175 6.322086821329599 6.196515473999081 6.070944126668562 5.945372779338044 5.819801432007525 5.694230084677006 5.568658737346488 5.443087390015969 5.317516042685451 5.302704509415771 5.406297723553072 5.509890937690373 5.613484151827673 5.717077365964974 5.8206705801022744 5.924263794239575 6.027857008376876 6.131450222514176 6.235043436651477 6.338636650788778 6.4422298649260785 6.567303683018753 6.715340752828379 6.863377822637752 7.011414892447126 7.159451962256499 7.307489032065873 7.455526101875247 7.60356317168462 7.7516002414939935 7.899637311303367 8.04767438111274 8.195711450922115 8.066814941119068
6.656509985566497 6.691089234469026 6.725668483371556 6.7602477322740855 6.794826981176615 6.829406230079145 6.863985478981734 6.821373409094527 6.696242072962839 6.571110736831152 6.445979400699463 6.320848064567776 6.195716728436088 6.070585392304401 5.945454056172713 5.820322720041026 5.695191383909338 5.570060047777651 5.4449287116459635 5.438368504261987 5.558563516432804 5.6787585286036215 5.798953540774439 5.919148552945256 6.039343565116073 6.15953857728689 6.279733589457707 6.399928601628524 6.520123613799341 6.640318625970158 6.760513638140975 6.900616654648798 7.062001778294923 7.223386901940773 7.3847720255866225 7.546157149232473 7.707542272878323 7.868927396524172 8.030312520170021 8.191697643815871 8.353082767461721 8.514467891107572 8.675853014753422 8.537513387059782
6.728359682914701 6.77068983905207 6.813019995189437 6.855350151326805 6.8976803074641735 6.940010463601541 6.982340619738982 6.943945954868002 6.819254629935146 6.69456330500229 6.569871980069434 6.445180655136578 6.3204893302037215 6.195798005270865 6.071106680338009 5.946415355405153 5.821724030472297 5.697032705539441 5.572341380606585 5.574032499108321 5.710829309312668 5.847626119517015 5.984422929721363 6.12121973992571 6.2580165501300575 6.394813360334405 6.531610170538753 6.6684069807431 6.805203790947448 6.942000601151795 7.078797411356143 7.233929626279126 7.408662803761762 7.583395981244099 7.758129158726437 7.932862336208774 8.10759551369111 8.282328691173447 8.457061868655785 8.631795046138123 8.80652822362046 8.981261401102797 9.155994578585133 9.008211833000894
6.800209380262845 6.8502904436350445 6.900371507007244 6.9504525703794435 7.000533633751644 7.0506146971238435 7.100695760496128 7.066518500641372 6.942267186907348 6.818015873173323 6.693764559439298 6.569513245705273 6.445261931971248 6.321010618237223 6.196759304503199 6.072507990769173 5.948256677035149 5.824005363301124 5.699754049567099 5.709696493954538 5.863095102192402 6.016493710430265 6.169892318668129 6.323290926905993 6.476689535143857 6.6300881433817205 6.783486751619584 6.936885359857449 7.090283968095312 7.2436825763331765 7.39708118457104 7.567242597909171 7.755323829228306 7.94340506054712 8.131486291865933 8.319567523184746 8.50764875450356 8.695729985822373 8.883811217141186 9.07189244846 9.259973679778813 9.448054911097627 9.63613614241644 9.478910278941608
6.872059077610988 6.929891048218019 6.987723018825051 7.045554989432082 7.1033869600391135 7.161218930646145 7.219050901253275 7.189091046414743 7.065279743879549 6.941468441344355 6.817657138809162 6.693845836273968 6.570034533738775 6.4462232312035805 6.322411928668387 6.198600626133193 6.074789323597999 5.950978021062806 5.827166718527612 5.845360488800754 6.015360895072135 6.185361301343515 6.355361707614895 6.525362113886275 6.695362520157655 6.865362926429035 7.035363332700415 7.205363738971796 7.375364145243176 7.545364551514556 7.715364957785936 7.900555569539216 8.10198485469485 8.303414139850139 8.504843425005427 8.706272710160718 8.907701995316007 9.109131280471297 9.310560565626586 9.511989850781877 9.713419135937166 9.914848421092456 10.116277706247745 9.94960872488232
6.943908774959131 7.009491652800994 7.0750745306428575 7.140657408484721 7.206240286326584 7.271823164168447 7.337406042010422 7.311663592188115 7.188292300851752 7.064921009515389 6.941549718179027 6.818178426842664 6.694807135506301 6.5714358441699385 6.448064552833576 6.324693261497213 6.201321970160851 6.077950678824489 5.954579387488126 5.981024483646972 6.167626687951868 6.3542288922567645 6.540831096561661 6.727433300866558 6.914035505171454 7.10063770947635 7.287239913781248 7.473842118086144 7.66044432239104 7.847046526695936 8.033648731000833 8.233868541169262 8.448645880161394 8.66342321915316 8.878200558144924 9.09297789713669 9.307755236128456 9.522532575120222 9.737309914111988 9.952087253103754 10.16686459209552 10.381641931087284 10.59641927007905 10.420307170823033
6.882153095233275 6.95012800564545 7.018102916057625 7.0860778264698 7.154052736881974 7.22202764729415 7.2900025577064405 7.284167206536496 7.199427015773639 7.114686825010783 7.029946634247926 6.94520644348507 6.860466252722213 6.775726061959356 6.690985871196499 6.606245680433642 6.521505489670785 6.436765298907929 6.352025108145072 6.404079732432075 6.602371109280246 6.800662486128417 6.998953862976587 7.197245239824758 7.395536616672928 7.593827993521098 7.792119370369269 7.990410747217439 8.18870212406561 8.38699350091378 8.58528487776195 8.798284667328051 9.027008082929296 9.25573149853015 9.484454914131005 9.713178329731859 9.941901745332713 10.170625160933566 10.399348576534422 10.628071992135276 10.85679540773613 11.085518823336983 11.314242238937837 11.13634749208502
6.677581688596984 6.742220332334365 6.806858976071746 6.871497619809127 6.9361362635465085 7.000774907283889 7.06541355102138 7.096256592075369 7.090971369233256 7.0856861463911445 7.080400923549033 7.075115700706921 7.06983047786481 7.064545255022697 7.059260032180585 7.053974809338474 7.048689586496362 7.0434043636542505 7.038119140812139 7.134338117332488 7.339067379718931 7.543796642105375 7.748525904491818 7.953255166878261 8.157984429264705 8.362713691651148 8.567442954037592 8.772172216424035 8.976901478810479 9.181630741196923 9.386360003583365 9.609735499186325 9.853044240047078 10.096352980907419 10.339661721767758 10.582970462628097 10.826279203488436 11.069587944348777 11.312896685209116 11.556205426069457 11.799514166929796 12.042822907790136 12.286131648650475 12.114642814103483
6.47301028196078 6.534312659023369 6.595615036085957 6.656917413148546 6.718219790211134 6.779522167273722 6.8408245443364155 6.90834597761432 6.982515722692919 7.056685467771518 7.1308552128501175 7.205024957928717 7.279194703007316 7.353364448085915 7.427534193164514 7.501703938243113 7.575873683321713 7.650043428400313 7.724213173478912 7.864596502232588 8.075763650157302 8.286930798082015 8.498097946006729 8.709265093931442 8.920432241856156 9.13159938978087 9.342766537705582 9.553933685630296 9.76510083355501 9.976267981479724 10.187435129404438 10.42118633104425 10.67908039716451 10.93697446328433 11.194868529404147 11.452762595523966 11.710656661643785 11.968550727763605 12.226444793883424 12.484338860003243 12.742232926123062 13.000126992242881 13.2580210583627 13.092938136121532
6.268438875324577 6.326404985712372 6.3843710961001685 6.442337206487965 6.50030331687576 6.558269427263556 6.616235537651451 6.720435363153271 6.874060076152582 7.027684789151892 7.181309502151202 7.334934215150512 7.488558928149823 7.642183641149133 7.795808354148443 7.949433067147753 8.103057780147063 8.256682493146373 8.410307206145685 8.594854887132687 8.812459920595671 9.030064954058656 9.24766998752164 9.465275020984622 9.682880054447606 9.90048508791059 10.118090121373575 10.335695154836559 10.553300188299541 10.770905221762526 10.98851025522551 11.232637162902178 11.50511655428194 11.777595945661238 12.050075337040537 12.322554728419835 12.595034119799134 12.867513511178432 13.13999290255773 13.412472293937029 13.684951685316326 13.957431076695626 14.229910468074923 14.071233458139579
6.063867468688285 6.118497312401287 6.173127156114289 6.227756999827291 6.2823868435402925 6.3370166872532945 6.391646530966391 6.5325247486921425 6.765604429612198 6.998684110532253 7.231763791452308 7.464843472372364 7.697923153292418 7.931002834212474 8.16408251513253 8.397162196052584 8.63024187697264 8.863321557892695 9.09640123881275 9.325113272033098 9.549156191034356 9.773199110035613 9.997242029036869 10.221284948038127 10.445327867039383 10.66937078604064 10.893413705041898 11.117456624043154 11.34149954304441 11.565542462045668 11.789585381046924 12.04408799476045 12.331152711399723 12.618217428038507 12.90528214467729 13.192346861316075 13.47941157795486 13.766476294593643 14.053541011232426 14.34060572787121 14.627670444509995 14.914735161148778 15.201799877787563 15.049528780158044
5.85929606205208 5.91058963909029 5.961883216128499 6.013176793166709 6.064470370204918 6.115763947243128 6.167057524281425 6.344614134231094 6.65714878307186 6.969683431912626 7.282218080753393 7.594752729594159 7.907287378434925 8.219822027275692 8.532356676116457 8.844891324957224 9.157425973797992 9.469960622638757 9.782495271479524 10.0553716569332 10.285852461472727 10.516333266012253 10.74681407055178 10.977294875091307 11.207775679630835 11.438256484170362 11.668737288709888 11.899218093249415 12.129698897788941 12.36017970232847 12.590660506867996 12.855538826618375 13.157188868517153 13.458838910415416 13.760488952313679 14.062138994211942 14.363789036110207 14.66543907800847 14.967089119906733 15.268739161804998 15.570389203703261 15.872039245601524 16.173689287499787 16.02782410217609
5.654724655415877 5.702681965779294 5.750639276142711 5.798596586506128 5.846553896869544 5.894511207232961 5.94246851759646 6.156703519770045 6.548693136531522 6.940682753293 7.332672370054477 7.7246619868159545 8.116651603577433 8.50864122033891 8.900630837100387 9.292620453861865 9.684610070623343 10.076599687384821 10.468589304146297 10.7856300418333 11.022548731911098 11.259467421988894 11.496386112066691 11.733304802144488 11.970223492222285 12.207142182300084 12.44406087237788 12.680979562455677 12.917898252533474 13.154816942611271 13.391735632689068 13.6669896584763 13.983225025634583 14.299460392792327 14.61569575995007 14.931931127107813 15.248166494265554 15.564401861423297 15.88063722858104 16.196872595738785 16.513107962896527 16.82934333005427 17.145578697212013 17.00611942419414
