Figures/CREST_Example_wjb_NSE/Rolling_result/20100722/BJP_forecast/ens_32/wjb.rain.20100727.asc
ncols            288
nrows            254
xllcorner        113.274861
yllcorner        31.4918055
cellsize         0.008333333333
NODATA_value     -9999
[rows 120 to 143 of 254, columns 162 to 215 of 288]
0.0 0.0 0.0 0.0 0.0 0.0 0.0 0.0 0.0 0.0 0.0 0.0 0.0 0.0 0.0 0.0 0.0 0.0 0.0 0.0 0.0 0.0 0.0 0.0 0.0 0.0 0.0 0.0 0.0 0.0 0.0 0.0 0.0 0.0 0.0 0.0 0.0 0.0 0.0 0.0 0.0 0.0 0.0 0.0 0.0 0.0 0.0 0.0 0.0 0.0 0.0 0.0 0.0 0.0
0.009465461961677996 0.012182829869007455 0.014900197776336914 0.017617565683666372 0.02033493359099583 0.02305230149832529 0.02576966940565475 0.028487037312988843 0.031204405220318303 0.032495509006801926 0.032261904181715206 0.03202829935662849 0.03179469453154177 0.03156108970645505 0.03132748488136832 0.0310938800562816 0.030860275231194882 0.030626670406108163 0.030393065581021443 0.03015946075593472 0.0299258559308476 0.02860470463338224 0.02612094155113947 0.023637178468896698 0.021153415386653926 0.018669652304411154 0.016185889222168383 0.013702126139925611 0.01121836305768284 0.008734599975440068 0.006250836893197297 0.003767073810954525 0.0012833107287117534 0.0 0.0 0.0 0.0 0.0 0.0 0.0 0.0 0.0 0.0 0.0 0.0 0.0 0.0 0.0 0.0 0.0 0.0 0.0 0.0 0.0
0.029048906033154926 0.03738833683083897 0.045727767628523014 0.05406719842620706 0.062406629223891105 0.07074606002157514 0.0790854908192592 0.08742492161695746 0.0957643524146415 0.09972666854083347 0.09900975005969548 0.09829283157855749 0.09757591309741949 0.0968589946162815 0.09614207613514351 0.09542515765400553 0.09470823917286754 0.09399132069172955 0.09327440221059156 0.09255748372945358 0.09184056524831437 0.08778603520519236 0.0801635228886462 0.07254101057210005 0.06491849825555389 0.057295985939007726 0.04967347362246157 0.042050961305915416 0.03442844898936926 0.026805936672823105 0.019183424356276943 0.011560912039730795 0.003938399723184632 0.0 0.0 0.0 0.0 0.0 0.0 0.0 0.0 0.0 0.0 0.0 0.0 0.0 0.0 0.0 0.0 0.0 0.0 0.0 0.0 0.0
0.04863235010463182 0.06259384379267044 0.07655533748070906 0.09051683116874767 0.1044783248567863 0.11843981854482492 0.13240131223286353 0.14636280592092596 0.16032429960896458 0.1669578280748649 0.16575759593767567 0.1645573638004864 0.16335713166329718 0.16215689952610793 0.1609566673889187 0.15975643525172947 0.15855620311454022 0.157355970977351 0.15615573884016176 0.1549555067029725 0.15375527456578122 0.1469673657770026 0.13420610422615303 0.12144484267530348 0.10868358112445392 0.09592231957360438 0.08316105802275482 0.07039979647190528 0.05763853492105572 0.04487727337020618 0.032116011819356624 0.01935475026850708 0.006593488717657525 0.0 0.0 0.0 0.0 0.0 0.0 0.0 0.0 0.0 0.0 0.0 0.0 0.0 0.0 0.0 0.0 0.0 0.0 0.0 0.0 0.0
0.06821579417612544 0.08779935075452343 0.10738290733292143 0.1269664639113194 0.1465500204897174 0.1661335770681154 0.1857171336465134 0.2053006902249448 0.2248842468033428 0.23418898760895374 0.2325054418157128 0.23082189602247188 0.22913835022923096 0.22745480443599003 0.22577125864274913 0.2240877128495082 0.22240416705626728 0.22072062126302636 0.21903707546978543 0.2173535296765445 0.21566998388330072 0.2061486963488631 0.18824868556370578 0.17034867477854848 0.15244866399339116 0.13454865320823384 0.11664864242307654 0.09874863163791923 0.08084862085276193 0.0629486100676046 0.04504859928244731 0.027148588497289988 0.009248577712132666 0.0 0.0 0.0 0.0 0.0 0.0 0.0 0.0 0.0 0.0 0.0 0.0 0.0 0.0 0.0 0.0 0.0 0.0 0.0 0.0 0.0
0.08779923824760237 0.11300485771635496 0.13821047718510754 0.16341609665386012 0.1886217161226127 0.21382733559136527 0.23903295506011785 0.2642385745289134 0.289444193997666 0.30142014714298526 0.2992532876936931 0.2970864282444009 0.2949195687951087 0.29275270934581654 0.29058584989652436 0.2884189904472322 0.28625213099793995 0.28408527154864777 0.2819184120993556 0.2797515526500634 0.2775846932007675 0.26533002692067326 0.24229126690121255 0.21925250688175185 0.19621374686229115 0.17317498684283048 0.15013622682336977 0.12709746680390907 0.10405870678444837 0.08101994676498767 0.05798118674552699 0.03494242672606629 0.011903666706605587 0.0 0.0 0.0 0.0 0.0 0.0 0.0 0.0 0.0 0.0 0.0 0.0 0.0 0.0 0.0 0.0 0.0 0.0 0.0 0.0 0.0
0.1073826823190793 0.13821036467818645 0.16903804703729364 0.1998657293964008 0.23069341175550795 0.2615210941146151 0.29234877647372226 0.323176458832882 0.35400414119198914 0.3686513066770168 0.36600113357167335 0.3633509604663299 0.36070078736098643 0.358050614255643 0.3554004411502995 0.3527502680449561 0.35010009493961264 0.34744992183426915 0.3447997487289257 0.3421495756235823 0.3394994025182343 0.3245113574924834 0.2963338482387193 0.2681563389849552 0.2399788297311911 0.21180132047742703 0.18362381122366295 0.15544630196989886 0.12726879271613478 0.0990912834623707 0.07091377420860662 0.04273626495484251 0.014558755701078452 0.0 0.0 0.0 0.0 0.0 0.0 0.0 0.0 0.0 0.0 0.0 0.0 0.0 0.0 0.0 0.0 0.0 0.0 0.0 0.0 0.0
0.1269661263905562 0.16341587164001797 0.1998656168894797 0.23631536213894144 0.2727651073884032 0.30921485263786497 0.3456645978873267 0.3821143431368506 0.4185640883863123 0.4358824662110483 0.43274897944965357 0.4296154926882588 0.42648200592686414 0.4233485191654694 0.4202150324040747 0.41708154564267996 0.4139480588812853 0.41081457211989053 0.40768108535849584 0.4045475985971011 0.401414111835701 0.3836926880642935 0.35037642957622606 0.31706017108815854 0.2837439126000911 0.2504276541120236 0.21711139562395615 0.18379513713588866 0.1504788786478212 0.1171626201597537 0.08384636167168624 0.05053010318361878 0.017213844695551317 0.0 0.0 0.0 0.0 0.0 0.0 0.0 0.0 0.0 0.0 0.0 0.0 0.0 0.0 0.0 0.0 0.0 0.0 0.0 0.0 0.0
0.14654957046203312 0.18862137860184944 0.23069318674166575 0.2727649948814821 0.3148368030212984 0.3569086111611147 0.39898041930093103 0.4410522274408191 0.48312403558063544 0.5031136257450798 0.4994968253276338 0.4958800249101878 0.49226322449274185 0.48864642407529585 0.48502962365784985 0.4814128232404039 0.4777960228229579 0.4741792224055119 0.4705624219880659 0.46694562157062 0.4633288211531678 0.4428740186361036 0.4044190109137328 0.3659640031913619 0.32750899546899104 0.28905398774662017 0.25059898002424935 0.21214397230187848 0.1736889645795076 0.1352339568571368 0.09677894913476592 0.05832394141239505 0.019868933690024182 0.0 0.0 0.0 0.0 0.0 0.0 0.0 0.0 0.0 0.0 0.0 0.0 0.0 0.0 0.0 0.0 0.0 0.0 0.0 0.0 0.0
0.16613301453351006 0.21382688556368099 0.2615207565938519 0.3092146276240228 0.3569084986541937 0.40460236968436464 0.4522962407145355 0.49999011174478775 0.5476839827749587 0.5703447852791113 0.5662446712056141 0.5621445571321169 0.5580444430586196 0.5539443289851224 0.549844214911625 0.5457441008381279 0.5416439867646305 0.5375438726911334 0.5334437586176362 0.5293436445441388 0.5252435304706347 0.5020553492079138 0.4584615922512395 0.4148678352945653 0.37127407833789106 0.32768032138121683 0.28408656442454255 0.24049280746786833 0.19689905051119405 0.15330529355451983 0.10971153659784555 0.06611777964117133 0.022524022684497047 0.0 0.0 0.0 0.0 0.0 0.0 0.0 0.0 0.0 0.0 0.0 0.0 0.0 0.0 0.0 0.0 0.0 0.0 0.0 0.0 0.0
0.18571645860498698 0.23903239252551248 0.292348326446038 0.34566426036656345 0.398980194287089 0.45229612820761445 0.5056120621281399 0.5589279960487563 0.6122439299692819 0.6375759448131428 0.6329925170835943 0.6284090893540458 0.6238256616244973 0.6192422338949488 0.6146588061654003 0.6100753784358518 0.6054919507063032 0.6009085229767548 0.5963250952472062 0.5917416675176577 0.5871582397881013 0.5612366797797239 0.5125041735887462 0.46377166739776865 0.415039161206791 0.3663066550158134 0.31757414882483576 0.2688416426338581 0.2201091364428805 0.17137663025190286 0.12264412406092523 0.0739116178699476 0.025179111678969912 0.0 0.0 0.0 0.0 0.0 0.0 0.0 0.0 0.0 0.0 0.0 0.0 0.0 0.0 0.0 0.0 0.0 0.0 0.0 0.0 0.0
0.20529990267648063 0.2642378994873655 0.3231758962982504 0.38211389310913524 0.4410518899200201 0.499989886730905 0.5589278835417898 0.6178658803527752 0.6768038771636601 0.7048071043472317 0.6997403629616314 0.6946736215760313 0.689606880190431 0.6845401388048309 0.6794733974192307 0.6744066560336305 0.6693399146480303 0.6642731732624301 0.6592064318768299 0.6541396904912297 0.6490729491056209 0.6204180103515844 0.566546754926299 0.5126754995010137 0.4588042440757283 0.40493298865044286 0.3510617332251575 0.29719047779987207 0.2433192223745867 0.18944796694930133 0.13557671152401596 0.08170545609873048 0.02783420067344511 0.0 0.0 0.0 0.0 0.0 0.0 0.0 0.0 0.0 0.0 0.0 0.0 0.0 0.0 0.0 0.0 0.0 0.0 0.0 0.0 0.0
0.22488334674795754 0.28944340644919697 0.35400346615043643 0.4185635258516759 0.48312358555291535 0.5476836452541548 0.6122437049553943 0.6768037646567439 0.7413638243579832 0.7720382638812632 0.7664882088396118 0.7609381537979603 0.7553880987563089 0.7498380437146573 0.7442879886730059 0.7387379336313544 0.733187878589703 0.7276378235480516 0.7220877685064001 0.7165377134647487 0.7109876584230878 0.6795993409233947 0.6205893362638059 0.561579331604217 0.5025693269446283 0.4435593222850395 0.38454931762545075 0.32553931296586197 0.2665293083062732 0.20751930364668436 0.14850929898709564 0.0894992943275068 0.030489289667918085 0.0 0.0 0.0 0.0 0.0 0.0 0.0 0.0 0.0 0.0 0.0 0.0 0.0 0.0 0.0 0.0 0.0 0.0 0.0 0.0 0.0
0.22553586691488026 0.29028325369721303 0.3550306404795458 0.41977802726187863 0.4845254140442114 0.5492728008265442 0.6140201876088769 0.6787675743913202 0.7435149611736529 0.7742784054662386 0.7687122464182453 0.7631460873702519 0.7575799283222586 0.7520137692742653 0.746447610226272 0.7408814511782786 0.7353152921302853 0.7297491330822921 0.7241829740342987 0.7186168149863054 0.7130506559383025 0.6821239005615185 0.6240860939242331 0.5660482872869476 0.5080104806496621 0.4499726740123766 0.39193486737509114 0.3338970607378057 0.2758592541005202 0.21782144746323473 0.1597836408259492 0.10174583418866379 0.04370802755137826 0.013168414889499592 0.01202499379244466 0.010881572695389728 0.009738151598334795 0.008594730501279863 0.007451309404224932 0.00630788830717 0.005164467210115068 0.004021046113060136 0.002877625016005204 0.001734203918950272 0.0005907828218953397 0.0 0.0 0.0 0.0 0.0 0.0 0.0 0.0 0.0
0.20595242284340334 0.26507774673538154 0.32420307062735976 0.3833283945193379 0.44245371841131614 0.5015790423032943 0.5607043661952725 0.6198296900873516 0.6789550139793298 0.707047245932207 0.701964400540265 0.696881555148323 0.6917987097563809 0.6867158643644389 0.6816330189724968 0.6765501735805548 0.6714673281886127 0.6663844827966706 0.6613016374047286 0.6562187920127865 0.6511359466208358 0.6240859437446763 0.573552552509623 0.5230191612745696 0.4724857700395163 0.421952378804463 0.37141898756940966 0.3208855963343563 0.270352205099303 0.21981881386424967 0.16928542262919638 0.11875203139414303 0.06821864015908974 0.040413035151956156 0.03690394788697212 0.03339486062198808 0.029885773357004035 0.026376686092019996 0.022867598827035953 0.019358511562051914 0.01584942429706787 0.012340337032083832 0.008831249767099793 0.00532216250211575 0.0018130752371317074 0.0 0.0 0.0 0.0 0.0 0.0 0.0 0.0 0.0
0.18636897877192643 0.23987223977355004 0.29337550077517366 0.3468787617767973 0.4003820227784209 0.4538852837800445 0.5073885447816681 0.5608918057833829 0.6143950667850065 0.6398160863981756 0.6352165546622848 0.630617022926394 0.6260174911905032 0.6214179594546124 0.6168184277187216 0.6122188959828309 0.6076193642469401 0.6030198325110493 0.5984203007751585 0.5938207690392677 0.5892212373033691 0.566047986927834 0.5230190110950128 0.47999003526219164 0.43696105942937047 0.3939320835965493 0.35090310776372813 0.30787413193090696 0.2648451560980858 0.22181618026526462 0.17878720443244345 0.13575822859962228 0.0927292527668011 0.06765765541441272 0.06178290198149958 0.055908148548586424 0.05003339511567327 0.044158641682760125 0.03828388824984698 0.032409134816933825 0.02653438138402068 0.020659627951107526 0.01478487451819438 0.008910121085281227 0.0030353676523680734 0.0 0.0 0.0 0.0 0.0 0.0 0.0 0.0 0.0
0.16678553470044952 0.21466673281171855 0.2625479309229876 0.3104291290342566 0.3583103271455257 0.4061915252567947 0.45407272336806376 0.5019539214794144 0.5498351195906835 0.5725849268641441 0.5684687087843046 0.564352490704465 0.5602362726246255 0.556120054544786 0.5520038364649464 0.5478876183851069 0.5437714003052674 0.5396551822254279 0.5355389641455883 0.5314227460657488 0.5273065279859023 0.5080100301109918 0.4724854696804027 0.43696090924981373 0.40143634881922474 0.3659117883886357 0.3303872279580467 0.2948626675274577 0.25933810709686866 0.22381354666627967 0.18828898623569063 0.15276442580510163 0.11723986537451264 0.09490227567686926 0.08666185607602701 0.07842143647518475 0.0701810168743425 0.061940597273500236 0.05370017767265798 0.04545975807181572 0.037219338470973466 0.02897891887013121 0.02073849926928896 0.012498079668446696 0.004257660067604446 0.0 0.0 0.0 0.0 0.0 0.0 0.0 0.0 0.0
0.1472020906289559 0.18946122584986555 0.2317203610707752 0.2739794962916849 0.3162386315125945 0.3584977667335042 0.4007569019544139 0.44301603717539556 0.48527517239630524 0.5053537673300552 0.5017208629062674 0.49808795848247955 0.4944550540586917 0.49082214963490384 0.487189245211116 0.4835563407873281 0.4799234363635403 0.47629053193975246 0.47265762751596463 0.46902472309217674 0.4653918186683827 0.44997207329409994 0.4219519282657495 0.393931783237399 0.3659116382090486 0.3378914931806981 0.3098713481523477 0.28185120312399725 0.25383105809564677 0.2258109130672963 0.19779076803894585 0.16977062301059537 0.14175047798224494 0.12214689593934906 0.11154081017057568 0.10093472440180229 0.09032863863302892 0.07972255286425553 0.06911646709548215 0.05851038132670877 0.04790429555793539 0.037298209789162 0.02669212402038862 0.01608603825161524 0.00547995248284186 0.0 0.0 0.0 0.0 0.0 0.0 0.0 0.0 0.0
0.12761864655747895 0.16425571888803406 0.20089279121858913 0.2375298635491442 0.27416693587969926 0.31080400821025433 0.34744108054080947 0.384078152871427 0.42071522520198207 0.4381226077960237 0.4349730170282871 0.43182342626055054 0.42867383549281396 0.4255242447250774 0.4223746539573408 0.41922506318960423 0.41607547242186765 0.4129258816541311 0.4097762908863945 0.40662670011865787 0.40347710935091596 0.3919341164772577 0.37141838685113937 0.35090265722502106 0.33038692759890276 0.3098711979727845 0.2893554683466662 0.2688397387205479 0.2483240090944296 0.22780827946831128 0.20729254984219297 0.1867768202160747 0.1662610905899564 0.1493915162018056 0.1364197642651031 0.12344801232840062 0.11047626039169814 0.09750450845499564 0.08453275651829316 0.07156100458159066 0.05858925264488818 0.045617500708185696 0.0326457487714832 0.019673996834780716 0.006702244898078219 0.0 0.0 0.0 0.0 0.0 0.0 0.0 0.0 0.0
0.10803520248600203 0.1390502119262025 0.170065221366403 0.2010802308066035 0.232095240246804 0.26311024968700447 0.294125259127205 0.32514026856745837 0.35615527800765884 0.37089144826199216 0.36822517115030684 0.3655588940386216 0.36289261692693625 0.36022633981525093 0.3575600627035656 0.3548937855918803 0.35222750848019496 0.3495612313685097 0.3468949542568244 0.34422867714513905 0.3415624000334492 0.3338961596604154 0.3208848454365293 0.30787353121264316 0.294862216988757 0.28185090276487085 0.2688395885409847 0.2558282743170986 0.24281696009321244 0.22980564586932628 0.21679433164544015 0.20378301742155402 0.19077170319766787 0.17663613646426216 0.16129871835963056 0.14596130025499898 0.13062388215036738 0.11528646404573578 0.09994904594110418 0.08461162783647258 0.06927420973184098 0.05393679162720938 0.03859937352257778 0.023261955417946206 0.007924537313314606 0.0 0.0 0.0 0.0 0.0 0.0 0.0 0.0 0.0
0.08845175841452511 0.11384470496437103 0.13923765151421694 0.16463059806406286 0.19002354461390877 0.2154164911637547 0.2408094377136006 0.2662023842634898 0.2915953308133357 0.3036602887279607 0.3014773252723266 0.2992943618166926 0.29711139836105854 0.2949284349054245 0.29274547144979046 0.2905625079941564 0.2883795445385223 0.2861965810828883 0.28401361762725424 0.2818306541716202 0.27964769071598244 0.27585820284357315 0.27035130402191915 0.2648444052002652 0.2593375063786112 0.2538306075569572 0.24832370873530324 0.24281680991364923 0.23730991109199526 0.23180301227034128 0.22629611344868727 0.2207892146270333 0.21528231580537932 0.2038807567267187 0.186177672454158 0.1684745881815973 0.1507715039090366 0.13306841963647587 0.11536533536391518 0.09766225109135447 0.07995916681879375 0.06225608254623305 0.044552998273672345 0.02684991400111164 0.009146829728550937 0.0 0.0 0.0 0.0 0.0 0.0 0.0 0.0 0.0
0.06886831434304819 0.08863919800253951 0.10841008166203084 0.12818096532152218 0.1479518489810135 0.16772273264050483 0.18749361629999614 0.2072644999595212 0.22703538361901252 0.23642912919392917 0.23472947939434638 0.2330298295947636 0.2313301797951808 0.22963052999559802 0.22793088019601523 0.22623123039643245 0.22453158059684966 0.2228319307972669 0.22113228099768412 0.21943263119810133 0.21773298139851563 0.21782024602673086 0.21981776260730904 0.2218152791878872 0.22381279576846538 0.22581031234904356 0.22780782892962173 0.22980534551019988 0.23180286209077805 0.23380037867135622 0.2357978952519344 0.23779541183251257 0.23979292841309074 0.23112537698917524 0.21105662654868543 0.19098787610819562 0.1709191256677058 0.150850375227216 0.1307816247867262 0.11071287434623639 0.09064412390574658 0.07057537346525677 0.05050662302476694 0.03043787258427713 0.010369122143787324 0.0 0.0 0.0 0.0 0.0 0.0 0.0 0.0 0.0
0.04928487027157127 0.06343369104070802 0.07758251180984477 0.09173133257898151 0.10588015334811826 0.12002897411725501 0.13417779488639175 0.14832661565555263 0.16247543642468937 0.16919796965989764 0.16798163351636614 0.1667652973728346 0.1655489612293031 0.16433262508577157 0.16311628894224006 0.16189995279870856 0.16068361665517703 0.15946728051164552 0.158250944368114 0.15703460822458248 0.15581827208104887 0.1597822892098886 0.16928422119269892 0.17878615317550925 0.18828808515831957 0.19779001714112993 0.20729194912394022 0.21679388110675057 0.2262958130895609 0.23579774507237122 0.24529967705518155 0.25480160903799187 0.2643035410208022 0.2583699972516318 0.2359355806432129 0.21350116403479397 0.19106674742637506 0.16863233081795614 0.1461979142095372 0.1237634976011183 0.10132908099269938 0.07889466438428047 0.05646024777586153 0.03402583116744262 0.011591414559023683 0.0 0.0 0.0 0.0 0.0 0.0 0.0 0.0 0.0
0.029701426200094347 0.03822818407887651 0.046754941957658676 0.055281699836440844 0.063808457715223 0.07233521559400517 0.08086197347278734 0.08938873135158404 0.0979154892303662 0.10196681012586614 0.10123378763838589 0.10050076515090564 0.09976774266342539 0.09903472017594513 0.09830169768846488 0.09756867520098463 0.09683565271350437 0.09610263022602412 0.09536960773854386 0.09463658525106361 0.09390356276358211 0.10174433239304632 0.11875067977808881 0.1357570271631313 0.1527633745481738 0.16976972193321627 0.18677606931825874 0.20378241670330124 0.22078876408834375 0.23779511147338622 0.2548014588584287 0.2718078062434712 0.2888141536285137 0.2856146175140884 0.26081453473774036 0.2360144519613923 0.2112143691850443 0.18641428640869628 0.16161420363234824 0.13681412085600023 0.11201403807965218 0.08721395530330417 0.06241387252695613 0.037613789750608084 0.012813706974260097 0.0 0.0 0.0 0.0 0.0 0.0 0.0 0.0 0.0
