Figures/CREST_Example_wjb_NSE/Rolling_result/20100722/BJP_forecast/ens_32/wjb.rain.20100728.asc
ncols            288
nrows            254
xllcorner        113.274861
yllcorner        31.4918055
cellsize         0.008333333333
NODATA_value     -9999
[rows 126 to 146 of 254, columns 240 to 287 of 288]
0.0 0.0 0.0 0.005698098345830421 0.017487592801741458 0.02927708725765249 0.041066581713563526 0.05285607616949466 0.0646455706254057 0.07643506508131673 0.08822455953722777 0.1000140539931388 0.11180354844904984 0.12359304290496087 0.1353825373608719 0.06164065566073705 0.06164065566073705 0.06164065566073705 0.06164065566073705 0.06164065566073705 0.06164065566073705 0.06164065566073705 0.06164065566073705 0.06164065566073705 0.06164065566073705 0.06164065566073705 0.06164065566073705 0.06164065566073705 0.06164065566073705 0.06164065566073705 0.06164065566073705 0.06164065566073705 -9999.0 -9999.0 -9999.0 -9999.0 -9999.0 -9999.0 -9999.0 -9999.0 -9999.0 -9999.0 -9999.0 -9999.0 -9999.0 -9999.0 -9999.0 -9999.0
0.0 0.0 0.0 0.006737263952978966 0.020676815571946165 0.03461636719091337 0.04855591880988057 0.06249547042887154 0.07643502204783874 0.09037457366680594 0.10431412528577315 0.11825367690474034 0.13219322852370755 0.14613278014267475 0.16007233176164196 0.06164065566073705 0.06164065566073705 0.06164065566073705 0.06164065566073705 0.06164065566073705 0.06164065566073705 0.06164065566073705 0.06164065566073705 0.06164065566073705 0.06164065566073705 0.06164065566073705 0.06164065566073705 0.06164065566073705 0.06164065566073705 0.06164065566073705 0.06164065566073705 0.06164065566073705 0.06164065566073705 0.06164065566073705 -9999.0 0.06164065566073705 0.06164065566073705 -9999.0 -9999.0 -9999.0 -9999.0 -9999.0 -9999.0 -9999.0 -9999.0 -9999.0 -9999.0 -9999.0
0.0 0.0 0.0 0.00777642956012751 0.023866038342150876 0.039955647124174244 0.05604525590619761 0.07213486468824841 0.08822447347027178 0.10431408225229515 0.12040369103431851 0.1364932998163419 0.15258290859836526 0.1686725173803886 0.18476212616241197 0.06164065566073705 0.06164065566073705 0.06164065566073705 0.06164065566073705 0.06164065566073705 0.06164065566073705 0.06164065566073705 0.06164065566073705 0.06164065566073705 0.06164065566073705 0.06164065566073705 0.06164065566073705 0.06164065566073705 0.06164065566073705 0.06164065566073705 0.06164065566073705 0.06164065566073705 0.06164065566073705 0.06164065566073705 0.06164065566073705 0.06164065566073705 0.06164065566073705 0.06164065566073705 -9999.0 -9999.0 -9999.0 -9999.0 -9999.0 -9999.0 -9999.0 -9999.0 -9999.0 -9999.0
0.0 0.0 0.0 0.008815595167276053 0.027055261112355584 0.04529492705743512 0.06353459300251464 0.08177425894762529 0.10001392489270482 0.11825359083778435 0.13649325678286386 0.1547329227279434 0.17297258867302293 0.19121225461810246 0.20945192056318201 0.06164065566073705 0.06164065566073705 0.06164065566073705 0.06164065566073705 0.06164065566073705 0.06164065566073705 0.06164065566073705 0.06164065566073705 0.06164065566073705 0.06164065566073705 0.06164065566073705 0.06164065566073705 0.06164065566073705 0.06164065566073705 0.06164065566073705 0.06164065566073705 0.06164065566073705 0.06164065566073705 0.06164065566073705 0.06164065566073705 0.06164065566073705 0.06164065566073705 -9999.0 -9999.0 -9999.0 -9999.0 -9999.0 -9999.0 -9999.0 -9999.0 -9999.0 -9999.0 -9999.0
0.0 0.0 0.0 0.009854760774424598 0.03024448388256029 0.05063420699069599 0.07102393009883168 0.09141365320700215 0.11180337631513784 0.13219309942327354 0.15258282253140923 0.17297254563954492 0.19336226874768062 0.21375199185581634 0.23414171496395203 0.06164065566073705 0.06164065566073705 0.06164065566073705 0.06164065566073705 0.06164065566073705 0.06164065566073705 0.06164065566073705 0.06164065566073705 0.06164065566073705 0.06164065566073705 0.06164065566073705 0.06164065566073705 0.06164065566073705 0.06164065566073705 0.06164065566073705 0.06164065566073705 0.06164065566073705 0.06164065566073705 0.06164065566073705 0.06164065566073705 0.06164065566073705 -9999.0 -9999.0 -9999.0 -9999.0 -9999.0 -9999.0 -9999.0 -9999.0 -9999.0 -9999.0 -9999.0 -9999.0
0.0 0.0 0.0 0.010893926381574028 0.03343370665276772 0.05597348692396142 0.07851326719515511 0.10105304746638724 0.12359282773758094 0.14613260800877464 0.16867238827996833 0.19121216855116202 0.21375194882235574 0.23629172909354942 0.25883150936474314 0.06164065566073705 0.06164065566073705 0.06164065566073705 0.06164065566073705 0.06164065566073705 0.06164065566073705 0.06164065566073705 0.06164065566073705 0.06164065566073705 0.06164065566073705 0.06164065566073705 0.06164065566073705 0.06164065566073705 0.06164065566073705 0.06164065566073705 0.06164065566073705 0.06164065566073705 0.06164065566073705 0.06164065566073705 0.06164065566073705 0.06164065566073705 -9999.0 -9999.0 -9999.0 -9999.0 -9999.0 -9999.0 -9999.0 -9999.0 -9999.0 -9999.0 -9999.0 -9999.0
0.0 0.0 0.0 0.011933091988722574 0.03662292942297244 0.0613127668572223 0.08600260429147216 0.11069244172576413 0.135382279160014 0.16007211659426385 0.18476195402851373 0.20945179146276358 0.23414162889701345 0.2588314663312633 0.28352130376551316 0.06164065566073705 0.06164065566073705 0.06164065566073705 0.06164065566073705 0.06164065566073705 0.06164065566073705 0.06164065566073705 0.06164065566073705 0.06164065566073705 0.06164065566073705 0.06164065566073705 0.06164065566073705 0.06164065566073705 0.06164065566073705 0.06164065566073705 0.06164065566073705 0.06164065566073705 0.06164065566073705 0.06164065566073705 0.06164065566073705 0.06164065566073705 0.06164065566073705 0.06164065566073705 -9999.0 -9999.0 -9999.0 -9999.0 -9999.0 -9999.0 -9999.0 -9999.0 -9999.0 -9999.0
0.0 0.0 0.0 0.01196771697669517 0.036729194294808684 0.06149067161292219 0.08625214893103571 0.11101362624919144 0.13577510356730496 0.16053658088541845 0.18529805820353196 0.21005953552164547 0.23482101283975898 0.2595824901578725 0.284343967475986 0.3049622237594174 0.32115128296503137 0.3373403421706453 0.35352940137625927 0.36971846058187324 0.3859075197875148 0.4020965789931288 0.4182856381987427 0.4344746974043567 0.4506637566099706 0.4668528158155846 0.48304187502119855 0.06164065566073705 0.06164065566073705 0.06164065566073705 0.06164065566073705 0.06164065566073705 0.06164065566073705 0.06164065566073705 0.06164065566073705 0.06164065566073705 0.06164065566073705 0.06164065566073705 -9999.0 -9999.0 -9999.0 -9999.0 -9999.0 -9999.0 -9999.0 -9999.0 -9999.0 -9999.0
0.0 0.0 0.0 0.010928551369546626 0.033539971524603966 0.05615139167966131 0.07876281183471866 0.10137423198981456 0.1239856521448719 0.14659707229992924 0.1692084924549866 0.1918199126100439 0.21443133276510126 0.2370427529201586 0.25965417307521593 0.2784821311045326 0.2932654824736958 0.30804883384285897 0.32283218521202217 0.3376155365811853 0.3523988879503737 0.36718223931953686 0.38196559068870006 0.39674894205786326 0.4115322934270264 0.42631564479618955 0.44109899616535275 0.06164065566073705 0.06164065566073705 0.06164065566073705 0.06164065566073705 0.06164065566073705 0.06164065566073705 0.06164065566073705 0.06164065566073705 0.06164065566073705 0.06164065566073705 0.06164065566073705 -9999.0 -9999.0 -9999.0 -9999.0 -9999.0 -9999.0 -9999.0 -9999.0 -9999.0 -9999.0
0.0 0.0 0.0 0.009889385762398083 0.030350748754399262 0.05081211174640044 0.07127347473840162 0.09173483773043768 0.11219620072243887 0.13265756371444004 0.15311892670644123 0.17358028969844239 0.19404165269044357 0.21450301568244476 0.23496437867444595 0.2520020384496479 0.2653796819823603 0.27875732551507265 0.2921349690477851 0.30551261258049744 0.31889025611323263 0.332267899645945 0.34564554317865737 0.3590231867113698 0.37240083024408216 0.38577847377679453 0.39915611730950695 0.06164065566073705 0.06164065566073705 0.06164065566073705 0.06164065566073705 0.06164065566073705 0.06164065566073705 0.06164065566073705 0.06164065566073705 0.06164065566073705 0.06164065566073705 -9999.0 -9999.0 -9999.0 -9999.0 -9999.0 -9999.0 -9999.0 -9999.0 -9999.0 -9999.0 -9999.0
0.0 0.0 0.0 0.00885022015524954 0.02716152598419455 0.04547283181313957 0.06378413764208458 0.08209544347106082 0.10040674930000583 0.11871805512895085 0.13702936095789586 0.1553406667868409 0.17365197261578588 0.1919632784447309 0.2102745842736759 0.2255219457947632 0.2374938814910248 0.24946581718728636 0.261437752883548 0.2734096885798096 0.28538162427609154 0.29735355997235313 0.3093254956686147 0.3212974313648763 0.3332693670611379 0.3452413027573995 0.3572132384536611 0.06164065566073705 0.06164065566073705 0.06164065566073705 0.06164065566073705 0.06164065566073705 0.06164065566073705 0.06164065566073705 0.06164065566073705 0.06164065566073705 -9999.0 -9999.0 -9999.0 -9999.0 -9999.0 -9999.0 -9999.0 -9999.0 -9999.0 -9999.0 -9999.0 -9999.0
0.0 0.0 0.0 0.007811054548100109 0.023972303213987124 0.04013355187987414 0.05629480054576116 0.07245604921167573 0.08861729787756274 0.10477854654344976 0.12093979520933677 0.1371010438752238 0.15326229254111082 0.16942354120699782 0.18558478987288485 0.19904185313985587 0.2096080809996655 0.2201743088594751 0.23074053671928468 0.24130676457909428 0.2518729924389219 0.2624392202987315 0.2730054481585411 0.2835716760183507 0.2941379038781603 0.3047041317379699 0.3152703595977795 0.06164065566073705 0.06164065566073705 0.06164065566073705 0.06164065566073705 0.06164065566073705 0.06164065566073705 0.06164065566073705 0.06164065566073705 0.06164065566073705 0.06164065566073705 0.06164065566073705 0.06164065566073705 -9999.0 -9999.0 -9999.0 -9999.0 -9999.0 -9999.0 -9999.0 -9999.0 -9999.0
0.0 0.0 0.0 0.006771888940951566 0.020783080443782416 0.03479427194661327 0.04880546344944412 0.06281665495229886 0.07682784645512972 0.09083903795796057 0.10485022946079142 0.11886142096362227 0.13287261246645313 0.14688380396928397 0.16089499547211483 0.17256176048497116 0.18172228050832998 0.19088280053168877 0.2000433205550476 0.2092038405784064 0.21836436060178085 0.22752488062513965 0.23668540064849847 0.2458459206718573 0.2550064406952161 0.26416696071857493 0.27332748074193375 0.06164065566073705 0.06164065566073705 0.06164065566073705 0.06164065566073705 0.06164065566073705 0.06164065566073705 0.06164065566073705 0.06164065566073705 0.06164065566073705 0.06164065566073705 0.06164065566073705 0.06164065566073705 -9999.0 -9999.0 -9999.0 -9999.0 -9999.0 -9999.0 -9999.0 -9999.0 -9999.0
0.0 0.0 0.0 0.005732723333803021 0.017593857673577705 0.02945499201335239 0.04131612635312708 0.05317726069292199 0.06503839503269668 0.07689952937247135 0.08876066371224604 0.10062179805202073 0.11248293239179541 0.1243440667315701 0.1362052010713448 0.14608166783008644 0.15383648001699446 0.16159129220390248 0.1693461043908105 0.17710091657771854 0.18485572876463977 0.19261054095154778 0.20036535313845583 0.20812016532536382 0.21587497751227186 0.22362978969917988 0.2313846018860879 0.06164065566073705 0.06164065566073705 0.06164065566073705 0.06164065566073705 0.06164065566073705 0.06164065566073705 0.06164065566073705 0.06164065566073705 0.06164065566073705 0.06164065566073705 0.06164065566073705 0.06164065566073705 -9999.0 -9999.0 -9999.0 -9999.0 -9999.0 -9999.0 -9999.0 -9999.0 -9999.0
0.0 0.0 0.0 0.004693557726654478 0.014404634903373 0.024115712080091518 0.03382678925681004 0.04353786643354512 0.053248943610263645 0.06296002078698217 0.07267109796370068 0.0823821751404192 0.09209325231713772 0.10180432949385625 0.11151540667057477 0.11960157517520169 0.12595067952565892 0.13229978387611616 0.1386488882265734 0.1449979925770306 0.15134709692749868 0.15769620127795592 0.16404530562841316 0.1703944099788704 0.1767435143293276 0.18309261867978485 0.1894417230302421 0.06164065566073705 0.06164065566073705 0.06164065566073705 0.06164065566073705 0.06164065566073705 0.06164065566073705 0.06164065566073705 0.06164065566073705 0.06164065566073705 0.06164065566073705 0.06164065566073705 0.06164065566073705 0.06164065566073705 0.06164065566073705 -9999.0 -9999.0 -9999.0 -9999.0 -9999.0 -9999.0 -9999.0
0.0 0.0 0.0 0.003654392119505933 0.011215412133168288 0.018776432146830644 0.026337452160492998 0.03389847217416825 0.0414594921878306 0.049020512201492956 0.05658153221515531 0.06414255222881766 0.07170357224248002 0.07926459225614238 0.08682561226980473 0.09312148252031696 0.0980648790343234 0.10300827554832985 0.10795167206233629 0.11289506857634274 0.11783846509035761 0.12278186160436405 0.1277252581183705 0.13266865463237695 0.1376120511463834 0.14255544766038983 0.1474988441743963 0.06164065566073705 0.06164065566073705 0.06164065566073705 0.06164065566073705 0.06164065566073705 0.06164065566073705 0.06164065566073705 0.06164065566073705 0.06164065566073705 0.06164065566073705 0.06164065566073705 0.06164065566073705 0.06164065566073705 0.06164065566073705 -9999.0 -9999.0 0.06164065566073705 0.06164065566073705 0.06164065566073705 -9999.0 -9999.0
0.0 0.0 0.0 0.002615226512357389 0.008026189362963579 0.013437152213569769 0.01884811506417596 0.024259077914791375 0.029670040765397563 0.035081003616003754 0.04049196646660994 0.04590292931721613 0.05131389216782232 0.05672485501842851 0.0621358178690347 0.06664138986543224 0.07017907854298788 0.07371676722054354 0.07725445589809919 0.08079214457565485 0.08432983325321654 0.08786752193077219 0.09140521060832785 0.0949428992858835 0.09848058796343916 0.1020182766409948 0.10555596531855047 0.06164065566073705 0.06164065566073705 0.06164065566073705 0.06164065566073705 0.06164065566073705 0.06164065566073705 0.06164065566073705 0.06164065566073705 0.06164065566073705 0.06164065566073705 0.06164065566073705 0.06164065566073705 0.06164065566073705 0.06164065566073705 0.06164065566073705 0.06164065566073705 0.06164065566073705 0.06164065566073705 0.06164065566073705 -9999.0 -9999.0
0.0 0.0 0.0 0.0015760609052088454 0.0048369665927588705 0.008097872280308895 0.01135877796785892 0.014619683655414505 0.01788058934296453 0.021141495030514556 0.024402400718064578 0.027663306405614603 0.03092421209316463 0.034185117780714654 0.03744602346826468 0.0401612972105475 0.04229327805165237 0.04442525889275723 0.046557239733862096 0.048689220574966954 0.050821201416075455 0.05295318225718032 0.05508516309828518 0.05721714393939005 0.05934912478049491 0.06148110562159977 0.06361308646270464 0.06164065566073705 0.06164065566073705 0.06164065566073705 0.06164065566073705 0.06164065566073705 0.06164065566073705 0.06164065566073705 0.06164065566073705 0.06164065566073705 0.06164065566073705 0.06164065566073705 0.06164065566073705 0.06164065566073705 0.06164065566073705 0.06164065566073705 0.06164065566073705 0.06164065566073705 0.06164065566073705 0.06164065566073705 0.06164065566073705 0.06164065566073705
0.0 0.0 0.0 0.0005368952980594153 0.0016477438225514416 0.002758592347043468 0.003869440871535494 0.004980289396029415 0.006091137920521441 0.007201986445013467 0.008312834969505493 0.00942368349399752 0.010534532018489546 0.011645380542981571 0.012756229067473599 0.013681204555640196 0.01440747756029307 0.015133750564945947 0.01586002356959882 0.0165862965742517 0.017312569578905812 0.018038842583558687 0.01876511558821156 0.019491388592864436 0.02021766159751731 0.020943934602170186 0.021670207606823064 0.06164065566073705 0.06164065566073705 0.06164065566073705 0.06164065566073705 0.06164065566073705 0.06164065566073705 0.06164065566073705 0.06164065566073705 0.06164065566073705 0.06164065566073705 0.06164065566073705 0.06164065566073705 0.06164065566073705 0.06164065566073705 0.06164065566073705 0.06164065566073705 0.06164065566073705 0.06164065566073705 0.06164065566073705 0.06164065566073705 0.06164065566073705
0.0 0.0 0.0 0.0 0.0 0.0 0.0 0.0 0.0 0.0 0.0 0.0 0.0 0.0 0.0 0.0 0.0 0.0 0.0 0.0 0.0 0.0 0.0 0.0 0.0 0.0 0.0 0.06164065566073705 0.06164065566073705 0.06164065566073705 0.06164065566073705 0.06164065566073705 0.06164065566073705 0.06164065566073705 0.06164065566073705 0.06164065566073705 0.06164065566073705 0.06164065566073705 0.06164065566073705 0.06164065566073705 0.06164065566073705 0.06164065566073705 0.06164065566073705 0.06164065566073705 0.06164065566073705 0.06164065566073705 0.06164065566073705 -9999.0
0.0 0.0 0.0 0.0 0.0 0.0 0.0 0.0 0.0 0.0 0.0 0.0 0.0 0.0 0.0 0.0 0.0 0.0 0.0 0.0 0.0 0.0 0.0 0.0 0.0 0.0 0.0 0.06164065566073705 0.06164065566073705 0.06164065566073705 0.06164065566073705 0.06164065566073705 0.06164065566073705 0.06164065566073705 0.06164065566073705 0.06164065566073705 0.06164065566073705 0.06164065566073705 0.06164065566073705 0.06164065566073705 0.06164065566073705 0.06164065566073705 0.06164065566073705 0.06164065566073705 0.06164065566073705 0.06164065566073705 0.06164065566073705 -9999.0
