Figures/CREST_Example_wjb_NSE/Rolling_result/20100722/BJP_forecast/ens_32/wjb.rain.20100417.asc
ncols            288
nrows            254
xllcorner        113.274861
yllcorner        31.4918055
cellsize         0.008333333333
NODATA_value     -9999
[rows 60 to 79 of 254, columns 92 to 137 of 288]
0.0 0.0 0.0 0.0 0.0 0.0 0.0 0.0 0.0 0.0 0.0 0.0 0.0 0.0 0.0 0.0 0.0 0.0 0.0 0.0 0.0 0.0 0.0 0.0 0.0 0.0 0.0 0.0 0.0 0.0 0.0 0.0 0.0 0.0 0.0 0.0 0.0 0.0 0.0 0.0 0.0 0.0 0.0 0.0 0.0 0.0
0.004793421650338442 0.004793421650338442 0.004793421650338442 0.004793421650338442 0.004793421650338442 0.004793421650338442 0.004793421650338442 0.00480811428739771 0.00483851368568384 0.004868913083969968 0.004899312482256097 0.004929711880542226 0.004960111278828407 0.0049905106771145355 0.005020910075400665 0.005051309473686793 0.005081708871972922 0.005112108270259051 0.0051425076685451794 0.005158214429786659 0.005158214429786659 0.005158214429786659 0.005158214429786659 0.005158214429786659 0.005158214429786659 0.005158214429786659 0.005158214429786659 0.005158214429786659 0.005158214429786659 0.005158214429786659 0.005158214429786659 0.00499651314386727 0.004661949526459574 0.0043273859090518785 0.003992822291644183 0.0036582586742364876 0.0033236950568287923 0.0029891314394210966 0.0026545678220128307 0.0023200042046051354 0.0019854405871974398 0.0016508769697897445 0.0013163133523820488 0.0018837841953956045 0.003415550277775529 0.004947316360155454
0.014710708805926134 0.014710708805926134 0.014710708805926134 0.014710708805926134 0.014710708805926134 0.014710708805926134 0.014710708805926134 0.014755799582648185 0.014849093419219193 0.014942387255790201 0.01503568109236121 0.015128974928932218 0.015222268765503384 0.015315562602074392 0.0154088564386454 0.015502150275216408 0.015595444111787414 0.015688737948358424 0.01578203178492943 0.01583023484482325 0.01583023484482325 0.01583023484482325 0.01583023484482325 0.01583023484482325 0.01583023484482325 0.01583023484482325 0.01583023484482325 0.01583023484482325 0.01583023484482325 0.01583023484482325 0.01583023484482325 0.015333983794065807 0.014307229147435797 0.013280474500805788 0.012253719854175778 0.01122696520754577 0.01020021056091576 0.009173455914285752 0.008146701267653992 0.0071199466210239825 0.006093191974393973 0.0050664373277639636 0.004039682681133954 0.005781214917680766 0.010482108442266554 0.015183001966852343
0.024627995961513827 0.024627995961513827 0.024627995961513827 0.024627995961513827 0.024627995961513827 0.024627995961513827 0.024627995961513827 0.02470348487789866 0.024859673152754547 0.025015861427610437 0.025172049702466323 0.025328237977322213 0.025484426252178366 0.025640614527034256 0.02579680280189014 0.02595299107674603 0.026109179351601917 0.026265367626457807 0.026421555901313693 0.026502255259859858 0.026502255259859858 0.026502255259859858 0.026502255259859858 0.026502255259859858 0.026502255259859858 0.026502255259859858 0.026502255259859858 0.026502255259859858 0.026502255259859858 0.026502255259859858 0.026502255259859858 0.025671454444264358 0.023952508768412033 0.022233563092559708 0.020514617416707383 0.018795671740855058 0.017076726065002733 0.015357780389150411 0.013638834713295156 0.011919889037442831 0.010200943361590508 0.008481997685738183 0.006763052009885858 0.00967864563996593 0.017548666606757586 0.02541868757354924
0.03454528311710153 0.03454528311710153 0.03454528311710153 0.03454528311710153 0.03454528311710153 0.03454528311710153 0.03454528311710153 0.03465117017314915 0.034870252886289914 0.03508933559943068 0.03530841831257145 0.03552750102571221 0.03574658373885335 0.035965666451994116 0.03618474916513488 0.03640383187827565 0.036622914591416415 0.03684199730455718 0.037061080017697944 0.03717427567489645 0.03717427567489645 0.03717427567489645 0.03717427567489645 0.03717427567489645 0.03717427567489645 0.03717427567489645 0.03717427567489645 0.03717427567489645 0.03717427567489645 0.03717427567489645 0.03717427567489645 0.03600892509446289 0.033597788389388254 0.031186651684313615 0.02877551497923898 0.02636437827416434 0.023953241569089706 0.021542104864015067 0.019130968158936317 0.01671983145386168 0.01430869474878704 0.011897558043712404 0.009486421338637765 0.013576076362251093 0.02461522477124861 0.03565437318024613
0.044462570272689225 0.044462570272689225 0.044462570272689225 0.044462570272689225 0.044462570272689225 0.044462570272689225 0.044462570272689225 0.044598855468399624 0.04488083261982527 0.045162809771250916 0.04544478692267656 0.04572676407410221 0.04600874122552834 0.04629071837695398 0.04657269552837963 0.046854672679805275 0.04713664983123092 0.047418626982656566 0.04770060413408221 0.04784629608993306 0.04784629608993306 0.04784629608993306 0.04784629608993306 0.04784629608993306 0.04784629608993306 0.04784629608993306 0.04784629608993306 0.04784629608993306 0.04784629608993306 0.04784629608993306 0.04784629608993306 0.04634639574466144 0.04324306801036449 0.04013974027606754 0.037036412541770584 0.03393308480747363 0.03082975707317668 0.027726429338879727 0.024623101604577483 0.02151977387028053 0.018416446135983578 0.015313118401686622 0.01220979066738967 0.01747350708453626 0.031681782935739644 0.04589005878694303
0.05437985742828537 0.05437985742828537 0.05437985742828537 0.05437985742828537 0.05437985742828537 0.05437985742828537 0.05437985742828537 0.05454654076365858 0.054891412353369154 0.055236283943079736 0.05558115553279031 0.055926027122500895 0.05627089871221206 0.05661577030192264 0.05696064189163322 0.0573055134813438 0.057650385071054376 0.05799525666076496 0.058340128250475534 0.058518316504978754 0.058518316504978754 0.058518316504978754 0.058518316504978754 0.058518316504978754 0.058518316504978754 0.058518316504978754 0.058518316504978754 0.058518316504978754 0.058518316504978754 0.058518316504978754 0.058518316504978754 0.0566838663948688 0.05288834763134894 0.049092828867829084 0.04529731010430923 0.04150179134078937 0.037706272577269516 0.03391075381374966 0.03011523505022333 0.026319716286703473 0.022524197523183617 0.01872867875966376 0.014933159996143905 0.021370937806824745 0.03874834110023669 0.05612574439364864
0.06429714458387306 0.06429714458387306 0.06429714458387306 0.06429714458387306 0.06429714458387306 0.06429714458387306 0.06429714458387306 0.06449422605890906 0.06490199208690452 0.06530975811489997 0.06571752414289543 0.06612529017089089 0.06653305619888704 0.06694082222688251 0.06734858825487797 0.06775635428287342 0.06816412031086888 0.06857188633886434 0.0689796523668598 0.06919033692001536 0.06919033692001536 0.06919033692001536 0.06919033692001536 0.06919033692001536 0.06919033692001536 0.06919033692001536 0.06919033692001536 0.06919033692001536 0.06919033692001536 0.06919033692001536 0.06919033692001536 0.06702133704506735 0.06253362725232518 0.058045917459583006 0.05355820766684083 0.04907049787409866 0.04458278808135649 0.04009507828861432 0.03560736849586449 0.03111965870312232 0.02663194891038015 0.02214423911763798 0.017656529324895802 0.025268368529109908 0.04581489926472772 0.06636143000034553
0.07421443173946077 0.07421443173946077 0.07421443173946077 0.07421443173946077 0.07421443173946077 0.07421443173946077 0.07421443173946077 0.07444191135415955 0.07491257182043988 0.07538323228672021 0.07585389275300056 0.07632455321928089 0.07679521368556202 0.07726587415184237 0.0777365346181227 0.07820719508440305 0.07867785555068338 0.07914851601696371 0.07961917648324406 0.07986235733505195 0.07986235733505195 0.07986235733505195 0.07986235733505195 0.07986235733505195 0.07986235733505195 0.07986235733505195 0.07986235733505195 0.07986235733505195 0.07986235733505195 0.07986235733505195 0.07986235733505195 0.07735880769526589 0.0721789068733014 0.0669990060513369 0.06181910522937242 0.05663920440740794 0.051459303585443456 0.04627940276347897 0.04109950194150565 0.035919601119541164 0.03073970029757668 0.025559799475612197 0.020379898653647706 0.02916579925139507 0.05288145742921876 0.07659711560704244
0.08413171889504847 0.08413171889504847 0.08413171889504847 0.08413171889504847 0.08413171889504847 0.08413171889504847 0.08413171889504847 0.08438959664941004 0.08492315155397524 0.08545670645854046 0.08599026136310568 0.0865238162676709 0.08705737117223702 0.08759092607680224 0.08812448098136746 0.08865803588593268 0.08919159079049789 0.08972514569506311 0.09025870059962833 0.09053437775008857 0.09053437775008857 0.09053437775008857 0.09053437775008857 0.09053437775008857 0.09053437775008857 0.09053437775008857 0.09053437775008857 0.09053437775008857 0.09053437775008857 0.09053437775008857 0.09053437775008857 0.08769627834546445 0.08182418649427764 0.07595209464309084 0.07008000279190404 0.06420791094071725 0.05833581908953044 0.05246372723834364 0.04659163538714682 0.04071954353596002 0.03484745168477322 0.02897535983358642 0.023103267982399617 0.03306322997368023 0.05994801559370977 0.0868328012137393
0.09404900605063615 0.09404900605063615 0.09404900605063615 0.09404900605063615 0.09404900605063615 0.09404900605063615 0.09404900605063615 0.0943372819446605 0.09493373128751059 0.09553018063036069 0.09612662997321078 0.09672307931606088 0.097319528658912 0.09791597800176209 0.09851242734461219 0.0991088766874623 0.09970532603031239 0.10030177537316248 0.10089822471601258 0.10120639816512517 0.10120639816512517 0.10120639816512517 0.10120639816512517 0.10120639816512517 0.10120639816512517 0.10120639816512517 0.10120639816512517 0.10120639816512517 0.10120639816512517 0.10120639816512517 0.10120639816512517 0.09803374899566299 0.09146946611525388 0.08490518323484475 0.07834090035443564 0.07177661747402653 0.06521233459361742 0.05864805171320829 0.05208376883278799 0.04551948595237887 0.03895520307196975 0.03239092019156063 0.02582663731115152 0.036960660695965396 0.0670145737582008 0.0970684868204362
0.10396629320622386 0.10396629320622386 0.10396629320622386 0.10396629320622386 0.10396629320622386 0.10396629320622386 0.10396629320622386 0.10428496723991099 0.10494431102104596 0.10560365480218094 0.1062629985833159 0.10692234236445089 0.10758168614558698 0.10824102992672197 0.10890037370785693 0.10955971748899192 0.11021906127012689 0.11087840505126187 0.11153774883239684 0.11187841858016177 0.11187841858016177 0.11187841858016177 0.11187841858016177 0.11187841858016177 0.11187841858016177 0.11187841858016177 0.11187841858016177 0.11187841858016177 0.11187841858016177 0.11187841858016177 0.11187841858016177 0.10837121964586154 0.10111474573623011 0.09385827182659867 0.08660179791696725 0.07934532400733582 0.07208885009770438 0.06483237618807296 0.05757590227842915 0.05031942836879772 0.04306295445916629 0.035806480549534864 0.028550006639903425 0.04085809141825056 0.07408113192269183 0.10730417242713311
0.11388358036182 0.11388358036182 0.11388358036182 0.11388358036182 0.11388358036182 0.11388358036182 0.11388358036182 0.11423265253516994 0.11495489075458984 0.11567712897400975 0.11639936719342966 0.11712160541284958 0.11784384363227071 0.11856608185169062 0.11928832007111054 0.12001055829053045 0.12073279650995035 0.12145503472937026 0.12217727294879017 0.12255043899520747 0.12255043899520747 0.12255043899520747 0.12255043899520747 0.12255043899520747 0.12255043899520747 0.12255043899520747 0.12255043899520747 0.12255043899520747 0.12255043899520747 0.12255043899520747 0.12255043899520747 0.1187086902960689 0.11076002535721456 0.10281136041836023 0.09486269547950589 0.08691403054065155 0.07896536560179722 0.07101670066294288 0.06306803572407499 0.05511937078522067 0.04717070584636633 0.039222040907511996 0.03127337596865766 0.044755522140539045 0.08114769008718889 0.11753985803383873
0.11421402422625226 0.11421402422625226 0.11421402422625226 0.11421402422625226 0.11421402422625226 0.11421402422625226 0.11421402422625226 0.11456410926517563 0.11528844312636854 0.11601277698756146 0.11673711084875438 0.1174614447099473 0.11818577857114144 0.11891011243233435 0.11963444629352726 0.12035878015472018 0.1210831140159131 0.12180744787710601 0.12253178173829893 0.12290603056091681 0.12290603056091681 0.12290603056091681 0.12290603056091681 0.12290603056091681 0.12290603056091681 0.12290603056091681 0.12290603056091681 0.12290603056091681 0.12290603056091681 0.12290603056091681 0.12290603056091681 0.11905313466845777 0.11108140593453195 0.10310967720060613 0.09513794846668029 0.08716621973275447 0.07919449099882865 0.07122276226490283 0.06325103353096342 0.05527930479703759 0.04730757606311177 0.03933584732918595 0.03136411859526013 0.04488538447577488 0.08138314770291337 0.11788091093005186
0.10429673707066457 0.10429673707066457 0.10429673707066457 0.10429673707066457 0.10429673707066457 0.10429673707066457 0.10429673707066457 0.10461642396992515 0.10527786339283318 0.10593930281574122 0.10660074223864927 0.1072621816615573 0.10792362108446646 0.1085850605073745 0.10924649993028253 0.10990793935319057 0.11056937877609861 0.11123081819900664 0.11189225762191468 0.11223401014588022 0.11223401014588022 0.11223401014588022 0.11223401014588022 0.11223401014588022 0.11223401014588022 0.11223401014588022 0.11223401014588022 0.11223401014588022 0.11223401014588022 0.11223401014588022 0.11223401014588022 0.10871566401825922 0.10143612631355571 0.0941565886088522 0.0868770509041487 0.07959751319944519 0.07231797549474168 0.06503843779003818 0.05775890008532226 0.05047936238061875 0.04319982467591524 0.03592028697121173 0.028640749266508225 0.04098795375348971 0.07431658953842234 0.10764522532335496
0.09437944991507688 0.09437944991507688 0.09437944991507688 0.09437944991507688 0.09437944991507688 0.09437944991507688 0.09437944991507688 0.09466873867467468 0.09526728365929783 0.09586582864392099 0.09646437362854414 0.0970629186131673 0.09766146359779147 0.09826000858241464 0.0988585535670378 0.09945709855166095 0.1000556435362841 0.10065418852090725 0.10125273350553042 0.10156198973084361 0.10156198973084361 0.10156198973084361 0.10156198973084361 0.10156198973084361 0.10156198973084361 0.10156198973084361 0.10156198973084361 0.10156198973084361 0.10156198973084361 0.10156198973084361 0.10156198973084361 0.09837819336806067 0.09179084669257948 0.08520350001709828 0.07861615334161709 0.0720288066661359 0.0654414599906547 0.05885411331517352 0.05226676663968109 0.0456794199641999 0.03909207328871871 0.032504726613237514 0.02591737993775632 0.03709052303120455 0.06725003137393132 0.09740953971665808
0.08446216275948919 0.08446216275948919 0.08446216275948919 0.08446216275948919 0.08446216275948919 0.08446216275948919 0.08446216275948919 0.0847210533794242 0.08525670392576247 0.08579235447210075 0.08632800501843903 0.0868636555647773 0.0873993061111165 0.08793495665745477 0.08847060720379304 0.08900625775013132 0.0895419082964696 0.09007755884280788 0.09061320938914615 0.090889969315807 0.090889969315807 0.090889969315807 0.090889969315807 0.090889969315807 0.090889969315807 0.090889969315807 0.090889969315807 0.090889969315807 0.090889969315807 0.090889969315807 0.090889969315807 0.08804072271786212 0.08214556707160325 0.07625041142534437 0.0703552557790855 0.06446010013282662 0.05856494448656774 0.05266978884030886 0.04677463319403993 0.040879477547781054 0.034984321901522175 0.029089166255263303 0.023194010609004417 0.033193092308919384 0.060183473209440286 0.08717385410996119
0.07454487560390148 0.07454487560390148 0.07454487560390148 0.07454487560390148 0.07454487560390148 0.07454487560390148 0.07454487560390148 0.07477336808417372 0.0752461241922271 0.07571888030028051 0.0761916364083339 0.0766643925163873 0.07713714862444151 0.0776099047324949 0.07808266084054831 0.0785554169486017 0.0790281730566551 0.0795009291647085 0.0799736852727619 0.08021794890077041 0.08021794890077041 0.08021794890077041 0.08021794890077041 0.08021794890077041 0.08021794890077041 0.08021794890077041 0.08021794890077041 0.08021794890077041 0.08021794890077041 0.08021794890077041 0.08021794890077041 0.07770325206766358 0.07250028745062702 0.06729732283359047 0.0620943582165539 0.05689139359951734 0.05168842898248077 0.04648546436544421 0.041282499748398774 0.03607953513136221 0.030876570514325644 0.025673605897289085 0.02047064128025252 0.02929566158663422 0.05311691504494925 0.07693816850326429
0.06462758844831379 0.06462758844831379 0.06462758844831379 0.06462758844831379 0.06462758844831379 0.06462758844831379 0.06462758844831379 0.06482568278892324 0.06523554445869176 0.06564540612846027 0.06605526779822879 0.0664651294679973 0.06687499113776653 0.06728485280753504 0.06769471447730356 0.06810457614707208 0.0685144378168406 0.06892429948660912 0.06933416115637764 0.06954592848573381 0.06954592848573381 0.06954592848573381 0.06954592848573381 0.06954592848573381 0.06954592848573381 0.06954592848573381 0.06954592848573381 0.06954592848573381 0.06954592848573381 0.06954592848573381 0.06954592848573381 0.06736578141746503 0.06285500782965078 0.05834423424183654 0.05383346065402229 0.04932268706620804 0.04481191347839379 0.04030113989057954 0.0357903663027576 0.03127959271494335 0.026768819127129098 0.022258045539314854 0.017747271951500602 0.02539823086434906 0.04605035688045823 0.0667024828965674
0.05471030129271764 0.05471030129271764 0.05471030129271764 0.05471030129271764 0.05471030129271764 0.05471030129271764 0.05471030129271764 0.054877997493664274 0.05522496472514786 0.055571931956631446 0.05591889918811503 0.05626586641959862 0.05661283365108279 0.05695980088256638 0.057306768114049965 0.05765373534553355 0.05800070257701714 0.05834766980850072 0.05869463703998431 0.05887390807068811 0.05887390807068811 0.05887390807068811 0.05887390807068811 0.05887390807068811 0.05887390807068811 0.05887390807068811 0.05887390807068811 0.05887390807068811 0.05887390807068811 0.05887390807068811 0.05887390807068811 0.05702831076725768 0.05320972820866633 0.04939114565007499 0.045572563091483644 0.041753980532892296 0.037935397974300955 0.034116815415709614 0.030298232857111754 0.02647965029852041 0.022661067739929062 0.018842485181337715 0.015023902622746374 0.021500800142060572 0.03898379871596118 0.056466797289861786
