Figures/CREST_Example_wjb_NSE/Rolling_result/20100722/BJP_forecast/ens_32/wjb.rain.20100724.asc
ncols            288
nrows            254
xllcorner        113.274861
yllcorner        31.4918055
cellsize         0.008333333333
NODATA_value     -9999
[rows 100 to 119 of 254, columns 132 to 175 of 288]
15.971790142763107 15.997479149370172 16.02316815597724 16.04486258683042 16.062286725857984 16.079710864885552 16.097135003913117 16.114559142940685 16.131983281968253 16.149407420995818 16.166831560023386 16.184255699050983 16.201679838078547 16.219103977106116 16.236528116133684 16.160054195096027 15.983201123977901 15.806348052859777 15.62949498174165 15.452641910623527 15.275788839505402 15.098935768387276 14.922082697269152 14.745229626151026 14.5683765550326 14.391523483914476 14.21467041279635 14.31281988102964 14.704953284648404 15.097086688267167 15.48922009188593 15.881353495504694 16.273486899123455 16.66562030274222 17.057753706360984 17.44988710997975 17.84202051359851 18.23415391721794 18.626287320836706 18.82016202237984 18.802093686195715 18.78402535001159 18.765957013827464 18.74788867764334
15.981807386845501 15.993843399281968 16.005879411718436 16.016121498728317 16.024445838884247 16.032770179040174 16.0410945191961 16.04941885935203 16.057743199507957 16.066067539663884 16.074391879819814 16.082716219975755 16.09104056013168 16.09936490028761 16.107689240443538 16.0262871198978 15.848965383348213 15.67164364679863 15.494321910249045 15.317000173699462 15.139678437149877 14.962356700600294 14.785034964050709 14.607713227501126 14.430391490951239 14.253069754401656 14.07574801785207 14.174367453934213 14.567974245611259 14.961581037288305 15.355187828965352 15.748794620642398 16.142401412319444 16.536008203996488 16.929614995673536 17.323221787350583 17.716828579027627 18.110435370705346 18.50404216238239 18.69471311511382 18.668441064993065 18.642169014872312 18.615896964751556 18.5896249146308
15.9918246309279 15.990207649193767 15.988590667459635 15.987380410626221 15.98660495191051 15.985829493194798 15.985054034479086 15.984278575763375 15.983503117047663 15.982727658331951 15.98195219961624 15.981176740900528 15.980401282184816 15.979625823469105 15.978850364753393 15.892520044699568 15.714729642718526 15.536939240737482 15.35914883875644 15.181358436775396 15.003568034794352 14.82577763281331 14.647987230832266 14.470196828851224 14.292406426869878 14.114616024888834 13.93682562290779 14.035915026838786 14.430995206574114 14.826075386309443 15.221155566044771 15.616235745780099 16.011315925515426 16.406396105250757 16.801476284986084 17.196556464721414 17.59163664445674 17.986716824192744 18.38179700392807 18.5692642078478 18.534788443790415 18.500312679733028 18.465836915675645 18.43136115161826
16.001841875010296 15.986571899105565 15.971301923200834 15.958639322524123 15.948764064936771 15.938888807349421 15.92901354976207 15.91913829217472 15.909263034587369 15.899387777000019 15.889512519412667 15.8796372618253 15.869762004237948 15.859886746650599 15.850011489063247 15.758752969501339 15.580493902088836 15.402234834676333 15.223975767263832 15.04571669985133 14.867457632438828 14.689198565026325 14.510939497613823 14.332680430201322 14.154421362788515 13.976162295376012 13.79790322796351 13.897462599743358 14.294016167536968 14.69056973533058 15.08712330312419 15.483676870917803 15.880230438711415 16.276784006505025 16.673337574298635 17.069891142092246 17.46644470988586 17.86299827768015 18.25955184547376 18.443815300581782 18.401135822587765 18.35845634459375 18.315776866599737 18.27309738860572
16.01185911909269 15.982936149017362 15.954013178942034 15.929898234422025 15.910923177963035 15.891948121504045 15.872973065045056 15.853998008586064 15.835022952127074 15.816047895668085 15.797072839209095 15.778097782750073 15.759122726291082 15.740147669832092 15.721172613373103 15.624985894303109 15.446258161459149 15.267530428615187 15.088802695771225 14.910074962927265 14.731347230083303 14.552619497239341 14.373891764395381 14.19516403155142 14.016436298707154 13.837708565863192 13.658980833019232 13.759010172647931 14.157037128499825 14.55506408435172 14.953091040203613 15.351117996055507 15.7491449519074 16.147171907759294 16.545198863611187 16.94322581946308 17.341252775314977 17.73927973116755 18.137306687019443 18.318366393315763 18.26748320138512 18.21660000945447 18.165716817523826 18.11483362559318
16.0218763631751 15.979300398929158 15.93672443468322 15.901157146319903 15.873082290989267 15.84500743565863 15.816932580327993 15.788857724997355 15.760782869666718 15.732708014336081 15.704633159005445 15.67655830367476 15.648483448344122 15.620408593013485 15.592333737682848 15.491218819104766 15.312022420829345 15.132826022553925 14.953629624278504 14.774433226003083 14.595236827727662 14.416040429452242 14.236844031176823 14.057647632901402 13.878451234625675 13.699254836350255 13.520058438074834 13.620557745552386 14.020058089462564 14.419558433372742 14.819058777282919 15.218559121193097 15.618059465103274 16.017559809013452 16.41706015292363 16.81656049683381 17.216060840743985 17.615561184654844 18.01506152856502 18.192917486049634 18.13383058018235 18.07474367431507 18.015656768447787 17.95656986258051
16.031893607257494 15.975664648840958 15.91943569042442 15.872416058217807 15.83524140401553 15.798066749813254 15.760892095610977 15.7237174414087 15.686542787206424 15.649368133004149 15.612193478801872 15.575018824599532 15.537844170397255 15.500669516194979 15.463494861992704 15.357451743906537 15.177786680199658 14.998121616492778 14.818456552785898 14.638791489079019 14.459126425372139 14.279461361665259 14.099796297958378 13.9201312342515 13.740466170544313 13.560801106837433 13.381136043130553 13.48210531845696 13.883079050425419 14.284052782393879 14.68502651436234 15.0860002463308 15.486973978299261 15.88794771026772 16.28892144223618 16.68989517420464 17.0908689061731 17.491842638142245 17.892816370110705 18.067468578783615 18.0001779589797 17.932887339175792 17.86559671937188 17.798306099567966
16.041910851339892 15.972028898752756 15.902146946165619 15.843674970115709 15.797400517041792 15.751126063967877 15.70485161089396 15.658577157820046 15.612302704746131 15.566028251672215 15.5197537985983 15.473479345524305 15.427204892450389 15.380930439376474 15.334655986302558 15.223684668708307 15.043550939569968 14.86341721043163 14.68328348129329 14.503149752154952 14.323016023016613 14.142882293878275 13.962748564739936 13.782614835601597 13.602481106462951 13.422347377324613 13.242213648186274 13.343652891361533 13.746100011388275 14.148547131415018 14.550994251441761 14.953441371468504 15.355888491495246 15.75833561152199 16.160782731548732 16.563229851575475 16.965676971602218 17.368124091629646 17.77057121165639 17.942019671517595 17.866525337777055 17.791031004036512 17.715536670295972 17.640042336555428
16.051928095422287 15.968393148664553 15.88485820190682 15.81493388201361 15.759559630068056 15.704185378122501 15.648811126176946 15.593436874231392 15.538062622285837 15.482688370340282 15.427314118394726 15.371939866449077 15.316565614503522 15.261191362557968 15.205817110612413 15.089917593510078 14.90931519894028 14.728712804370483 14.548110409800685 14.367508015230886 14.186905620661088 14.00630322609129 13.825700831521493 13.645098436951695 13.46449604238159 13.28389364781179 13.103291253241993 13.205200464266104 13.60912097235113 14.013041480436156 14.416961988521182 14.820882496606208 15.224803004691234 15.628723512776258 16.032644020861284 16.43656452894631 16.840485037031335 17.24440554511705 17.648326053202076 17.816570764251576 17.732872716574406 17.649174668897235 17.565476621220064 17.481778573542893
16.254610870326065 16.191428828113164 16.12824678590026 16.057502739928015 15.978674740908348 15.899846741888679 15.821018742869008 15.742190743849338 15.66336274482967 15.58453474581 15.505706746790331 15.426878747770527 15.348050748750858 15.269222749731188 15.19039475071152 15.071812800410797 14.910732977000018 14.74965315358924 14.588573330178463 14.427493506767684 14.266413683356905 14.105333859946127 13.944254036535348 13.78317421312457 13.622094389713517 13.461014566302739 13.29993474289196 13.407040017408852 13.800841228212228 14.194642439015606 14.588443649818982 14.98224486062236 15.376046071425737 15.769847282229115 16.163648493032493 16.55744970383587 16.951250914639246 17.345052125443296 17.738853336246674 17.903858025617513 17.824274057511186 17.744690089404862 17.665106121298535 17.58552215319221
16.663240951147987 16.65676197531692 16.65028299948585 16.59008482549496 16.472459613712292 16.354834401929622 16.237209190146956 16.11958397836429 16.00195876658162 15.884333554798953 15.766708343016285 15.649083131233416 15.531457919450748 15.413832707668082 15.296207495885414 15.177343694987835 15.057155814310892 14.93696793363395 14.816780052957009 14.696592172280067 14.576404291603124 14.456216410926181 14.33602853024924 14.215840649572298 14.095652768895151 13.975464888218209 13.855277007541266 13.972630243839278 14.343920307589347 14.715210371339415 15.086500435089484 15.457790498839554 15.829080562589622 16.20037062633969 16.571660690089757 16.942950753839828 17.314240817589898 17.685530881340597 18.056820945090667 18.218546839374877 18.156243895527975 18.093940951681073 18.03163800783417 17.96933506398727
17.071871031970257 17.12209512252107 17.172319213071884 17.122666911062353 16.966244486516654 16.809822061970955 16.653399637425256 16.496977212879557 16.340554788333858 16.18413236378816 16.02770993924246 15.871287514696494 15.714865090150795 15.558442665605096 15.402020241059397 15.28287458956496 15.20357865162189 15.124282713678818 15.044986775735747 14.965690837792677 14.886394899849606 14.807098961906535 14.727803023963466 14.648507086020395 14.569211148077189 14.489915210134118 14.410619272191047 14.538220470270186 14.886999386966927 15.235778303663668 15.58455722036041 15.93333613705715 16.28211505375389 16.630893970450632 16.979672887147373 17.328451803844114 17.677230720540855 18.02600963723819 18.37478855393493 18.533235653132508 18.488213733545045 18.443191813957583 18.398169894370124 18.35314797478266
17.480501112792183 17.58742826972483 17.694355426657474 17.655248996629297 17.4600293593206 17.264809722011904 17.069590084703204 16.874370447394508 16.67915081008581 16.483931172777112 16.288711535468416 16.093491898159385 15.898272260850687 15.70305262354199 15.507832986233293 15.388405484141998 15.350001488932763 15.311597493723529 15.273193498514294 15.234789503305059 15.196385508095826 15.157981512886591 15.119577517677357 15.081173522468122 15.042769527258823 15.004365532049588 14.965961536840354 15.103810696700613 15.430078466344046 15.756346235987477 16.082614005630912 16.40888177527434 16.735149544917775 17.061417314561208 17.38768508420464 17.713952853848074 18.040220623491503 18.366488393135494 18.692756162778927 18.847924466889875 18.820183571561838 18.792442676233797 18.76470178090576 18.736960885577723
17.88913119361411 18.05276141692859 18.216391640243067 18.187831082196244 17.953814232124547 17.71979738205285 17.485780531981156 17.25176368190946 17.017746831837762 16.783729981766065 16.54971313169437 16.315696281622277 16.08167943155058 15.847662581478883 15.613645731407187 15.493936378719033 15.496424326243636 15.498912273768237 15.501400221292839 15.503888168817442 15.506376116342043 15.508864063866644 15.511352011391248 15.513839958915849 15.516327906440456 15.518815853965057 15.52130380148966 15.669400923131038 15.973157545721163 16.276914168311286 16.58067079090141 16.884427413491533 17.18818403608166 17.491940658671783 17.79569728126191 18.09945390385203 18.403210526442155 18.706967149032796 19.01072377162292 19.16261328064724 19.152153409578627 19.14169353851001 19.131233667441396 19.120773796372784
18.297761274436034 18.518094564132344 18.738427853828654 18.720413167763184 18.44759910492849 18.174785042093795 17.9019709792591 17.629156916424407 17.356342853589712 17.083528790755018 16.810714727920324 16.537900665085164 16.26508660225047 15.992272539415774 15.71945847658108 15.599467273296069 15.642847163554507 15.686227053812946 15.729606944071383 15.772986834329823 15.81636672458826 15.8597466148467 15.903126505105137 15.946506395363576 15.989886285622088 16.033266175880527 16.076646066138967 16.234991149561463 16.51623662509828 16.797482100635094 17.07872757617191 17.359973051708728 17.64121852724554 17.92246400278236 18.203709478319173 18.48495495385599 18.766200429392804 19.0474459049301 19.328691380466914 19.477302094404607 19.484123247595416 19.490944400786226 19.497765553977036 19.504586707167846
18.706391355257956 18.9834277113361 19.260464067414244 19.252995253330127 18.941383977732436 18.62977270213474 18.31816142653705 18.006550150939354 17.694938875341663 17.38332759974397 17.071716324146276 16.760105048548052 16.44849377295036 16.13688249735267 15.825271221754976 15.704998167873105 15.78927000086538 15.873541833857656 15.95781366684993 16.042085499842205 16.12635733283448 16.210629165826756 16.29490099881903 16.379172831811303 16.463444664803724 16.547716497795996 16.63198833078827 16.80058137599189 17.0593157044754 17.318050032958904 17.576784361442414 17.83551868992592 18.094253018409425 18.352987346892935 18.61172167537644 18.87045600385995 19.129190332343455 19.3879246608274 19.64665898931091 19.79199090816197 19.816093085612206 19.84019526306244 19.864297440512672 19.888399617962907
19.115021436079882 19.44876085853986 19.782500280999837 19.78557733889707 19.43516885053638 19.08476036217569 18.734351873814997 18.383943385454305 18.033534897093613 17.683126408732925 17.332717920372232 16.982309432010943 16.63190094365025 16.28149245528956 15.93108396692887 15.810529062450142 15.935692838176253 16.060856613902363 16.186020389628474 16.311184165354586 16.436347941080697 16.56151171680681 16.68667549253292 16.811839268259032 16.937003043985356 17.062166819711468 17.18733059543758 17.36617160242232 17.602394783852517 17.838617965282715 18.074841146712913 18.31106432814311 18.547287509573312 18.78351069100351 19.019733872433708 19.255957053863906 19.492180235294104 19.728403416724706 19.964626598154904 20.10667972191934 20.148062923628995 20.18944612533865 20.230829327048312 20.27221252875797
19.523651516901804 19.914094005743614 20.304536494585427 20.318159424464014 19.928953723340324 19.539748022216635 19.150542321092946 18.761336619969256 18.372130918845563 17.982925217721878 17.593719516598185 17.204513815473835 16.815308114350145 16.426102413226452 16.036896712102767 15.91605995702718 16.082115675487128 16.248171393947075 16.414227112407023 16.58028283086697 16.746338549326918 16.912394267786865 17.078449986246813 17.24450570470676 17.410561423166993 17.57661714162694 17.742672860086888 17.931761828852746 18.145473863229636 18.359185897606523 18.572897931983412 18.786609966360302 19.000322000737192 19.214034035114082 19.427746069490972 19.641458103867862 19.855170138244752 20.068882172622008 20.282594206998898 20.4213685356767 20.48003276164578 20.538696987614863 20.597361213583948 20.65602543955303
19.932281597724078 20.37942715294777 20.82657270817146 20.850741510031412 20.42273859614469 19.994735682257968 19.566732768371246 19.138729854484527 18.710726940597805 18.282724026711083 17.854721112824365 17.42671819893691 16.99871528505019 16.57071237116347 16.142709457276748 16.021590851604305 16.228538512798124 16.435486173991944 16.642433835185763 16.849381496379582 17.0563291575734 17.263276818767217 17.470224479961036 17.677172141154855 17.88411980234903 18.09106746354285 18.298015124736665 18.497352055283653 18.688552942607217 18.879753829930777 19.070954717254338 19.262155604577902 19.453356491901463 19.644557379225027 19.835758266548588 20.026959153872152 20.218160041195713 20.4093609285196 20.600561815843164 20.736057349434333 20.812002599662854 20.887947849891376 20.963893100119897 21.03983835034842
20.340911678546 20.844760300151528 21.348608921757048 21.383323595598352 20.916523468948633 20.449723342298913 19.982923215649194 19.516123088999475 19.049322962349756 18.582522835700036 18.115722709050317 17.648922582399802 17.182122455750083 16.71532232910036 16.24852220245064 16.12712174618134 16.374961350108997 16.622800954036652 16.870640557964308 17.118480161891963 17.36631976581962 17.61415936974727 17.861998973674925 18.10983857760258 18.35767818153066 18.605517785458314 18.85335738938597 19.062942281714076 19.231632021984332 19.400321762254585 19.569011502524837 19.737701242795094 19.906390983065346 20.0750807233356 20.243770463605856 20.41246020387611 20.58114994414636 20.749839684416905 20.918529424687158 21.0507461631917 21.143972437679647 21.23719871216759 21.330424986655537 21.42365126114348
