Figures/CREST_Example_wjb_NSE/Rolling_result/20100722/BJP_forecast/ens_32/wjb.rain.20090731.asc
ncols            288
nrows            254
xllcorner        113.274861
yllcorner        31.4918055
cellsize         0.008333333333
NODATA_value     -9999
[rows 200 to 219 of 254, columns 88 to 131 of 288]
14.120204951455133 14.120204951455133 14.120204951455133 14.120204951455133 14.120204951455133 14.120204951455133 14.120204951455133 14.120204951455133 14.120204951455133 14.120204951455133 14.120204951455133 14.361044274621861 14.859346279794478 15.357648284967095 15.85595029013971 16.354252295312328 16.852554300485792 17.35085630565841 17.849158310831026 18.34746031600364 18.84576232117626 19.344064326348875 19.84236633152149 20.09982901376701 20.09982901376701 20.09982901376701 20.09982901376701 20.09982901376701 20.09982901376701 20.09982901376701 20.09982901376701 20.09982901376701 20.09982901376701 20.09982901376701 20.09982901376701 20.00554011824 19.810454261071126 19.615368403902252 19.42028254673338 19.225196689564505 19.030110832395632 18.83502497522676 18.639939118057555 18.44485326088868
14.195421790542103 14.195421790542103 14.195421790542103 14.195421790542103 14.195421790542103 14.195421790542103 14.195421790542103 14.195421790542103 14.195421790542103 14.195421790542103 14.195421790542103 14.432499891811178 14.92301984383377 15.41353979585636 15.904059747878952 16.394579699901545 16.88509965192497 17.375619603947563 17.866139555970154 18.356659507992745 18.847179460015337 19.337699412037928 19.82821936406052 20.081661215049923 20.081661215049923 20.081661215049923 20.081661215049923 20.081661215049923 20.081661215049923 20.081661215049923 20.081661215049923 20.081661215049923 20.081661215049923 20.081661215049923 20.081661215049923 20.00013466326368 19.83145438391217 19.662774104560658 19.494093825209145 19.325413545857636 19.156733266506123 18.98805298715461 18.819372707802813 18.6506924284513
14.270638629629072 14.270638629629072 14.270638629629072 14.270638629629072 14.270638629629072 14.270638629629072 14.270638629629072 14.270638629629072 14.270638629629072 14.270638629629072 14.270638629629072 14.503955509000495 14.98669340787306 15.469431306745626 15.952169205618192 -9999.0 -9999.0 -9999.0 17.88312080110928 18.365858699981846 18.84859659885441 19.331334497726978 19.814072396599542 20.063493416332832 20.063493416332832 20.063493416332832 20.063493416332832 20.063493416332832 20.063493416332832 20.063493416332832 20.063493416332832 20.063493416332832 20.063493416332832 20.063493416332832 20.063493416332832 19.994729208287357 19.852454506753208 19.71017980521906 19.56790510368491 19.425630402150762 19.283355700616614 19.141080999082465 18.99880629754807 18.856531596013923
14.345855468716044 14.345855468716044 14.345855468716044 14.345855468716044 14.345855468716044 14.345855468716044 14.345855468716044 14.345855468716044 14.345855468716044 14.345855468716044 14.345855468716044 14.575411126189813 15.050366971912355 15.525322817634896 16.000278663357435 -9999.0 -9999.0 -9999.0 -9999.0 18.375057891970947 18.85001373769349 -9999.0 19.799925429138572 20.045325617615745 20.045325617615745 20.045325617615745 20.045325617615745 20.045325617615745 20.045325617615745 20.045325617615745 20.045325617615745 20.045325617615745 20.045325617615745 20.045325617615745 20.045325617615745 19.98932375331104 19.873454629594253 19.757585505877465 19.641716382160677 19.52584725844389 19.409978134727105 19.294109011010317 19.17823988729333 19.062370763576546
14.421072307803046 14.421072307803046 14.421072307803046 14.421072307803046 14.421072307803046 14.421072307803046 14.421072307803046 14.421072307803046 14.421072307803046 14.421072307803046 14.421072307803046 14.646866743379162 15.114040535951673 15.581214328524187 -9999.0 -9999.0 -9999.0 -9999.0 -9999.0 -9999.0 -9999.0 -9999.0 -9999.0 20.02715781889865 20.02715781889865 20.02715781889865 20.02715781889865 20.02715781889865 20.02715781889865 20.02715781889865 20.02715781889865 20.02715781889865 20.02715781889865 20.02715781889865 20.02715781889865 19.983918298334718 19.894454752435305 19.80499120653589 19.715527660636475 19.626064114737062 19.53660056883765 19.447137022938236 19.357673477038666 19.268209931139253
14.459933839738369 14.459933839738369 14.459933839738369 14.459933839738369 14.459933839738369 14.459933839738369 14.459933839738369 14.459933839738369 14.459933839738369 14.459933839738369 14.459933839738369 14.683785002416212 15.146938119423478 15.610091236430742 -9999.0 -9999.0 -9999.0 -9999.0 -9999.0 -9999.0 -9999.0 -9999.0 -9999.0 -9999.0 20.017771244049072 20.017771244049072 20.017771244049072 20.017771244049072 20.017771244049072 20.017771244049072 20.017771244049072 20.017771244049072 20.017771244049072 20.017771244049072 20.017771244049072 19.981125515977244 19.90530467586122 19.829483835745194 19.75366299562917 19.677842155513147 19.60202131539712 19.526200475281097 19.450379635164943 19.37455879504892
14.459933839738369 14.459933839738369 14.459933839738369 14.459933839738369 14.459933839738369 14.459933839738369 14.459933839738369 14.459933839738369 14.459933839738369 14.459933839738369 14.459933839738369 14.683785002416212 15.146938119423478 15.610091236430742 16.073244353438007 -9999.0 -9999.0 -9999.0 -9999.0 -9999.0 -9999.0 -9999.0 -9999.0 -9999.0 20.017771244049072 20.017771244049072 20.017771244049072 20.017771244049072 20.017771244049072 20.017771244049072 20.017771244049072 20.017771244049072 20.017771244049072 20.017771244049072 20.017771244049072 19.981125515977244 19.90530467586122 19.829483835745194 19.75366299562917 19.677842155513147 19.60202131539712 19.526200475281097 19.450379635164943 19.37455879504892
14.459933839738369 14.459933839738369 14.459933839738369 14.459933839738369 14.459933839738369 14.459933839738369 14.459933839738369 14.459933839738369 14.459933839738369 14.459933839738369 14.459933839738369 14.683785002416212 15.146938119423478 15.610091236430742 16.073244353438007 -9999.0 -9999.0 -9999.0 -9999.0 -9999.0 -9999.0 -9999.0 -9999.0 -9999.0 -9999.0 20.017771244049072 20.017771244049072 20.017771244049072 20.017771244049072 20.017771244049072 20.017771244049072 20.017771244049072 20.017771244049072 20.017771244049072 20.017771244049072 19.981125515977244 19.90530467586122 19.829483835745194 19.75366299562917 19.677842155513147 19.60202131539712 19.526200475281097 19.450379635164943 19.37455879504892
14.459933839738369 14.459933839738369 14.459933839738369 14.459933839738369 14.459933839738369 14.459933839738369 14.459933839738369 14.459933839738369 14.459933839738369 14.459933839738369 14.459933839738369 14.683785002416212 15.146938119423478 15.610091236430742 16.073244353438007 -9999.0 -9999.0 -9999.0 -9999.0 -9999.0 -9999.0 -9999.0 -9999.0 -9999.0 -9999.0 -9999.0 -9999.0 -9999.0 -9999.0 20.017771244049072 20.017771244049072 20.017771244049072 20.017771244049072 20.017771244049072 20.017771244049072 19.981125515977244 19.90530467586122 19.829483835745194 19.75366299562917 19.677842155513147 19.60202131539712 19.526200475281097 19.450379635164943 19.37455879504892
14.459933839738369 14.459933839738369 14.459933839738369 14.459933839738369 14.459933839738369 14.459933839738369 14.459933839738369 14.459933839738369 14.459933839738369 14.459933839738369 14.459933839738369 14.683785002416212 15.146938119423478 15.610091236430742 16.073244353438007 -9999.0 -9999.0 -9999.0 -9999.0 -9999.0 -9999.0 -9999.0 -9999.0 -9999.0 -9999.0 -9999.0 -9999.0 -9999.0 -9999.0 -9999.0 -9999.0 20.017771244049072 20.017771244049072 20.017771244049072 20.017771244049072 19.981125515977244 19.90530467586122 19.829483835745194 19.75366299562917 19.677842155513147 19.60202131539712 19.526200475281097 19.450379635164943 19.37455879504892
14.459933839738369 14.459933839738369 14.459933839738369 14.459933839738369 14.459933839738369 14.459933839738369 14.459933839738369 14.459933839738369 14.459933839738369 14.459933839738369 14.459933839738369 14.683785002416212 15.146938119423478 15.610091236430742 16.073244353438007 -9999.0 -9999.0 -9999.0 -9999.0 -9999.0 -9999.0 -9999.0 -9999.0 -9999.0 -9999.0 -9999.0 -9999.0 -9999.0 -9999.0 -9999.0 -9999.0 20.017771244049072 20.017771244049072 20.017771244049072 20.017771244049072 19.981125515977244 19.90530467586122 19.829483835745194 19.75366299562917 19.677842155513147 19.60202131539712 19.526200475281097 19.450379635164943 19.37455879504892
14.459933839738369 14.459933839738369 14.459933839738369 14.459933839738369 14.459933839738369 14.459933839738369 14.459933839738369 14.459933839738369 14.459933839738369 14.459933839738369 14.459933839738369 14.683785002416212 15.146938119423478 15.610091236430742 -9999.0 -9999.0 -9999.0 -9999.0 -9999.0 -9999.0 -9999.0 -9999.0 -9999.0 -9999.0 -9999.0 -9999.0 -9999.0 -9999.0 -9999.0 -9999.0 20.017771244049072 20.017771244049072 20.017771244049072 20.017771244049072 20.017771244049072 19.981125515977244 19.90530467586122 19.829483835745194 19.75366299562917 19.677842155513147 19.60202131539712 19.526200475281097 19.450379635164943 19.37455879504892
14.459933839738369 14.459933839738369 14.459933839738369 14.459933839738369 14.459933839738369 14.459933839738369 14.459933839738369 14.459933839738369 14.459933839738369 14.459933839738369 14.459933839738369 14.683785002416212 15.146938119423478 15.610091236430742 -9999.0 -9999.0 -9999.0 -9999.0 -9999.0 -9999.0 -9999.0 -9999.0 -9999.0 -9999.0 -9999.0 -9999.0 -9999.0 -9999.0 -9999.0 -9999.0 20.017771244049072 20.017771244049072 20.017771244049072 20.017771244049072 20.017771244049072 19.981125515977244 19.90530467586122 19.829483835745194 19.75366299562917 19.677842155513147 19.60202131539712 19.526200475281097 19.450379635164943 19.37455879504892
14.459933839738369 14.459933839738369 14.459933839738369 14.459933839738369 14.459933839738369 14.459933839738369 14.459933839738369 14.459933839738369 14.459933839738369 14.459933839738369 14.459933839738369 14.683785002416212 15.146938119423478 15.610091236430742 -9999.0 -9999.0 -9999.0 -9999.0 -9999.0 -9999.0 -9999.0 -9999.0 -9999.0 -9999.0 -9999.0 -9999.0 -9999.0 -9999.0 20.017771244049072 20.017771244049072 20.017771244049072 20.017771244049072 20.017771244049072 20.017771244049072 20.017771244049072 19.981125515977244 19.90530467586122 19.829483835745194 19.75366299562917 19.677842155513147 19.60202131539712 19.526200475281097 19.450379635164943 19.37455879504892
14.459933839738369 14.459933839738369 14.459933839738369 14.459933839738369 14.459933839738369 14.459933839738369 14.459933839738369 14.459933839738369 14.459933839738369 14.459933839738369 14.459933839738369 14.683785002416212 15.146938119423478 -9999.0 -9999.0 -9999.0 -9999.0 -9999.0 -9999.0 -9999.0 -9999.0 -9999.0 -9999.0 -9999.0 -9999.0 -9999.0 -9999.0 -9999.0 20.017771244049072 20.017771244049072 20.017771244049072 20.017771244049072 20.017771244049072 20.017771244049072 20.017771244049072 19.981125515977244 19.90530467586122 19.829483835745194 19.75366299562917 19.677842155513147 19.60202131539712 19.526200475281097 19.450379635164943 19.37455879504892
14.459933839738369 14.459933839738369 14.459933839738369 14.459933839738369 14.459933839738369 14.459933839738369 14.459933839738369 14.459933839738369 14.459933839738369 14.459933839738369 14.459933839738369 14.683785002416212 -9999.0 -9999.0 -9999.0 -9999.0 -9999.0 -9999.0 -9999.0 -9999.0 -9999.0 -9999.0 -9999.0 -9999.0 -9999.0 -9999.0 -9999.0 -9999.0 20.017771244049072 20.017771244049072 20.017771244049072 20.017771244049072 20.017771244049072 20.017771244049072 20.017771244049072 19.981125515977244 19.90530467586122 19.829483835745194 19.75366299562917 19.677842155513147 19.60202131539712 19.526200475281097 19.450379635164943 19.37455879504892
14.459933839738369 14.459933839738369 14.459933839738369 14.459933839738369 14.459933839738369 14.459933839738369 14.459933839738369 14.459933839738369 -9999.0 -9999.0 -9999.0 -9999.0 -9999.0 -9999.0 -9999.0 -9999.0 -9999.0 -9999.0 -9999.0 -9999.0 -9999.0 -9999.0 -9999.0 -9999.0 -9999.0 -9999.0 -9999.0 -9999.0 -9999.0 20.017771244049072 20.017771244049072 20.017771244049072 20.017771244049072 20.017771244049072 20.017771244049072 19.981125515977244 19.90530467586122 19.829483835745194 19.75366299562917 19.677842155513147 19.60202131539712 19.526200475281097 19.450379635164943 19.37455879504892
15.475796420073365 15.475796420073365 15.475796420073365 15.475796420073365 15.475796420073365 15.475796420073365 15.475796420073365 15.475796420073365 -9999.0 -9999.0 -9999.0 -9999.0 -9999.0 -9999.0 -9999.0 -9999.0 -9999.0 -9999.0 -9999.0 -9999.0 -9999.0 -9999.0 -9999.0 -9999.0 -9999.0 -9999.0 -9999.0 -9999.0 -9999.0 20.504245777263854 20.504245777263854 20.504245777263854 20.504245777263854 20.504245777263854 20.504245777263854 20.46662153685427 20.388776132582578 20.310930728310886 20.23308532403919 20.1552399197675 20.077394515495808 19.999549111224116 19.92170370695229 19.843858302680598
17.577552072876117 17.577552072876117 17.577552072876117 17.577552072876117 -9999.0 17.577552072876117 -9999.0 -9999.0 -9999.0 -9999.0 -9999.0 -9999.0 -9999.0 -9999.0 -9999.0 -9999.0 -9999.0 -9999.0 -9999.0 -9999.0 -9999.0 -9999.0 -9999.0 -9999.0 -9999.0 -9999.0 -9999.0 -9999.0 -9999.0 -9999.0 -9999.0 21.510730925866902 21.510730925866902 21.510730925866902 21.510730925866902 21.47108220510237 21.38904810519309 21.30701400528381 21.224979905374532 21.142945805465253 21.060911705555974 20.978877605646694 20.896843505737277 20.814809405827997
19.679307725678864 19.679307725678864 19.679307725678864 19.679307725678864 -9999.0 -9999.0 -9999.0 -9999.0 -9999.0 -9999.0 -9999.0 -9999.0 -9999.0 -9999.0 -9999.0 -9999.0 -9999.0 -9999.0 -9999.0 -9999.0 -9999.0 -9999.0 -9999.0 -9999.0 -9999.0 -9999.0 -9999.0 -9999.0 -9999.0 -9999.0 -9999.0 22.51721607446995 22.51721607446995 22.51721607446995 22.51721607446995 22.475542873350467 22.3893200778036 22.303097282256736 22.21687448670987 22.130651691163003 22.04442889561614 21.958206100069273 21.87198330452226 21.785760508975397
