Figures/CREST_Example_wjb_NSE/Rolling_result/20100722/BJP_forecast/ens_32/wjb.rain.20100110.asc
ncols            288
nrows            254
xllcorner        113.274861
yllcorner        31.4918055
cellsize         0.008333333333
NODATA_value     -9999
[rows 156 to 181 of 254, columns 118 to 176 of 288]
0.14399881844544693 0.14399881844544693 0.14399881844544693 0.14399881844544693 0.14399881844544693 0.13908201328653533 0.1289090322202355 0.11873605115393569 0.10856307008763587 0.09839008902133606 0.08821710795503623 0.07804412688873641 0.06787114582241924 0.05769816475611941 0.0475251836898196 0.03735220262351978 0.027179221557219954 0.021040058453082877 0.019213137982744457 0.017386217512406037 0.015559297042067618 0.0137323765717292 0.01190545610139078 0.010078535631052361 0.00825161516071394 0.006424694690372407 0.0045977742200339865 0.0027708537496955662 0.0009439332793571495 0.0 0.0 0.0 0.0 0.0 0.0 0.0 0.0 0.0 0.0 0.0 0.0 0.0 0.0 0.0 0.0 0.0 0.0 0.0 0.0 0.0 0.0 0.0 0.0 0.0 0.0 0.0 0.0 0.0 0.0
0.15047763288021088 0.15047763288021088 0.15047763288021088 0.15047763288021088 0.15047763288021088 0.14533961015451385 0.13470892493974637 0.12407823972497888 0.11344755451021138 0.1028168692954439 0.09218618408067641 0.08155549886590892 0.07092481365112331 0.060294128436355815 0.04966344322158833 0.039032758006820836 0.028402072792053354 0.02198669562612158 0.02007757810137553 0.018168460576629485 0.01625934305188344 0.014350225527137394 0.012441108002391349 0.010531990477645303 0.008622872952899256 0.006713755428149955 0.004804637903403908 0.002895520378657864 0.000986402853911817 0.0 0.0 0.0 0.0 0.0 0.0 0.0 0.0 0.0 0.0 0.0 0.0 0.0 0.0 0.0 0.0 0.0 0.0 0.0 0.0 0.0 0.0 0.0 0.0 0.0 0.0 0.0 0.0 0.0 0.0
0.15047763288021088 0.15047763288021088 0.15047763288021088 0.15047763288021088 0.15047763288021088 0.14533961015451385 0.13470892493974637 0.12407823972497888 0.11344755451021138 0.1028168692954439 0.09218618408067641 0.08155549886590892 0.07092481365112331 0.060294128436355815 0.04966344322158833 0.039032758006820836 0.028402072792053354 0.02198669562612158 0.02007757810137553 0.018168460576629485 0.01625934305188344 0.014350225527137394 0.012441108002391349 0.010531990477645303 0.008622872952899256 0.006713755428149955 0.004804637903403908 0.002895520378657864 0.000986402853911817 0.0 0.0 0.0 0.0 0.0 0.0 0.0 0.0 0.0 0.0 0.0 0.0 0.0 0.0 0.0 0.0 0.0 0.0 0.0 0.0 0.0 0.0 0.0 0.0 0.0 0.0 0.0 0.0 0.0 0.0
0.15047763288021088 0.15047763288021088 0.15047763288021088 0.15047763288021088 0.15047763288021088 0.14533961015451385 0.13470892493974637 0.12407823972497888 0.11344755451021138 0.1028168692954439 0.09218618408067641 0.08155549886590892 0.07092481365112331 0.060294128436355815 0.04966344322158833 0.039032758006820836 0.028402072792053354 0.02198669562612158 0.02007757810137553 0.018168460576629485 0.01625934305188344 0.014350225527137394 0.012441108002391349 0.010531990477645303 0.008622872952899256 0.006713755428149955 0.004804637903403908 0.002895520378657864 0.000986402853911817 0.0 0.0 0.0 0.0 0.0 0.0 0.0 0.0 0.0 0.0 0.0 0.0 0.0 0.0 0.0 0.0 0.0 0.0 0.0 0.0 0.0 0.0 0.0 0.0 0.0 0.0 0.0 0.0 0.0 0.0
0.15047763288021088 0.15047763288021088 0.15047763288021088 0.15047763288021088 0.15047763288021088 0.14533961015451385 0.13470892493974637 0.12407823972497888 0.11344755451021138 0.1028168692954439 0.09218618408067641 0.08155549886590892 0.07092481365112331 0.060294128436355815 0.04966344322158833 0.039032758006820836 0.028402072792053354 0.02198669562612158 0.02007757810137553 0.018168460576629485 0.01625934305188344 0.014350225527137394 0.012441108002391349 0.010531990477645303 0.008622872952899256 0.006713755428149955 0.004804637903403908 0.002895520378657864 0.000986402853911817 0.0 0.0 0.0 0.0 0.0 0.0 0.0 0.0 0.0 0.0 0.0 0.0 0.0 0.0 0.0 0.0 0.0 0.0 0.0 0.0 0.0 0.0 0.0 0.0 0.0 0.0 0.0 0.0 0.0 0.0
0.15047763288021088 0.15047763288021088 0.15047763288021088 0.15047763288021088 0.15047763288021088 0.14533961015451385 0.13470892493974637 0.12407823972497888 0.11344755451021138 0.1028168692954439 0.09218618408067641 0.08155549886590892 0.07092481365112331 0.060294128436355815 0.04966344322158833 0.039032758006820836 0.028402072792053354 0.02198669562612158 0.02007757810137553 0.018168460576629485 0.01625934305188344 0.014350225527137394 0.012441108002391349 0.010531990477645303 0.008622872952899256 0.006713755428149955 0.004804637903403908 0.002895520378657864 0.000986402853911817 0.0 0.0 0.0 0.0 0.0 0.0 0.0 0.0 0.0 0.0 0.0 0.0 0.0 0.0 0.0 0.0 0.0 0.0 0.0 0.0 0.0 0.0 0.0 0.0 0.0 0.0 0.0 0.0 0.0 0.0
0.15047763288021088 0.15047763288021088 0.15047763288021088 0.15047763288021088 0.15047763288021088 0.14533961015451385 0.13470892493974637 0.12407823972497888 0.11344755451021138 0.1028168692954439 0.09218618408067641 0.08155549886590892 0.07092481365112331 0.060294128436355815 0.04966344322158833 0.039032758006820836 0.028402072792053354 0.02198669562612158 0.02007757810137553 0.018168460576629485 0.01625934305188344 0.014350225527137394 0.012441108002391349 0.010531990477645303 0.008622872952899256 0.006713755428149955 0.004804637903403908 0.002895520378657864 0.000986402853911817 0.0 0.0 0.0 0.0 0.0 0.0 0.0 0.0 0.0 0.0 0.0 0.0 0.0 0.0 0.0 0.0 0.0 0.0 0.0 0.0 0.0 0.0 0.0 0.0 0.0 0.0 0.0 0.0 0.0 0.0
0.15047763288021088 0.15047763288021088 0.15047763288021088 0.15047763288021088 0.15047763288021088 0.14533961015451385 0.13470892493974637 0.12407823972497888 0.11344755451021138 0.1028168692954439 0.09218618408067641 0.08155549886590892 0.07092481365112331 0.060294128436355815 0.04966344322158833 0.039032758006820836 0.028402072792053354 0.02198669562612158 0.02007757810137553 0.018168460576629485 0.01625934305188344 0.014350225527137394 0.012441108002391349 0.010531990477645303 0.008622872952899256 0.006713755428149955 0.004804637903403908 0.002895520378657864 0.000986402853911817 0.0 0.0 0.0 0.0 0.0 0.0 0.0 0.0 0.0 0.0 0.0 0.0 0.0 0.0 0.0 0.0 0.0 0.0 0.0 0.0 0.0 0.0 0.0 0.0 0.0 0.0 0.0 0.0 0.0 0.0
0.15047763288021088 0.15047763288021088 0.15047763288021088 0.15047763288021088 0.15047763288021088 0.14533961015451385 0.13470892493974637 0.12407823972497888 0.11344755451021138 0.1028168692954439 0.09218618408067641 0.08155549886590892 0.07092481365112331 0.060294128436355815 0.04966344322158833 0.039032758006820836 0.028402072792053354 0.02198669562612158 0.02007757810137553 0.018168460576629485 0.01625934305188344 0.014350225527137394 0.012441108002391349 0.010531990477645303 0.008622872952899256 0.006713755428149955 0.004804637903403908 0.002895520378657864 0.000986402853911817 0.0 0.0 0.0 0.0 0.0 0.0 0.0 0.0 0.0 0.0 0.0 0.0 0.0 0.0 0.0 0.0 0.0 0.0 0.0 0.0 0.0 0.0 0.0 0.0 0.0 0.0 0.0 0.0 0.0 0.0
0.15047763288021088 0.15047763288021088 0.15047763288021088 0.15047763288021088 0.15047763288021088 0.14533961015451385 0.13470892493974637 0.12407823972497888 0.11344755451021138 0.1028168692954439 0.09218618408067641 0.08155549886590892 0.07092481365112331 0.060294128436355815 0.04966344322158833 0.039032758006820836 0.028402072792053354 0.02198669562612158 0.02007757810137553 0.018168460576629485 0.01625934305188344 0.014350225527137394 0.012441108002391349 0.010531990477645303 0.008622872952899256 0.006713755428149955 0.004804637903403908 0.002895520378657864 0.000986402853911817 0.0 0.0 0.0 0.0 0.0 0.0 0.0 0.0 0.0 0.0 0.0 0.0 0.0 0.0 0.0 0.0 0.0 0.0 0.0 0.0 0.0 0.0 0.0 0.0 0.0 0.0 0.0 0.0 0.0 0.0
0.15047763288021088 0.15047763288021088 0.15047763288021088 0.15047763288021088 0.15047763288021088 0.14533961015451385 0.13470892493974637 0.12407823972497888 0.11344755451021138 0.1028168692954439 0.09218618408067641 0.08155549886590892 0.07092481365112331 0.060294128436355815 0.04966344322158833 0.039032758006820836 0.028402072792053354 0.02198669562612158 0.02007757810137553 0.018168460576629485 0.01625934305188344 0.014350225527137394 0.012441108002391349 0.010531990477645303 0.008622872952899256 0.006713755428149955 0.004804637903403908 0.002895520378657864 0.000986402853911817 0.0 0.0 0.0 0.0 0.0 0.0 0.0 0.0 0.0 0.0 0.0 0.0 0.0 0.0 0.0 0.0 0.0 0.0 0.0 0.0 0.0 0.0 0.0 0.0 0.0 0.0 0.0 0.0 0.0 0.0
0.15047763288021088 0.15047763288021088 0.15047763288021088 0.15047763288021088 0.15047763288021088 0.14533961015451385 0.13470892493974637 0.12407823972497888 0.11344755451021138 0.1028168692954439 0.09218618408067641 0.08155549886590892 0.07092481365112331 0.060294128436355815 0.04966344322158833 0.039032758006820836 0.028402072792053354 0.02198669562612158 0.02007757810137553 0.018168460576629485 0.01625934305188344 0.014350225527137394 0.012441108002391349 0.010531990477645303 0.008622872952899256 0.006713755428149955 0.004804637903403908 0.002895520378657864 0.000986402853911817 0.0 0.0 0.0 0.0 0.0 0.0 0.0 0.0 0.0 0.0 0.0 0.0 0.0 0.0 0.0 0.0 0.0 0.0 0.0 0.0 0.0 0.0 0.0 0.0 0.0 0.0 0.0 0.0 0.0 0.0
0.15047763288021088 0.15047763288021088 0.15047763288021088 0.15047763288021088 0.15047763288021088 0.14533961015451385 0.13470892493974637 0.12407823972497888 0.11344755451021138 0.1028168692954439 0.09218618408067641 0.08155549886590892 0.07092481365112331 0.060294128436355815 0.04966344322158833 0.039032758006820836 0.028402072792053354 0.02198669562612158 0.02007757810137553 0.018168460576629485 0.01625934305188344 0.014350225527137394 0.012441108002391349 0.010531990477645303 0.008622872952899256 0.006713755428149955 0.004804637903403908 0.002895520378657864 0.000986402853911817 0.0 0.0 0.0 0.0 0.0 0.0 0.0 0.0 0.0 0.0 0.0 0.0 0.0 0.0 0.0 0.0 0.0 0.0 0.0 0.0 0.0 0.0 0.0 0.0 0.0 0.0 0.0 0.0 0.0 0.0
0.14779092501916113 0.14779092501916113 0.14779092501916113 0.14779092501916113 0.14779092501916113 0.14311388749137502 0.1334369910761682 0.12376009466096138 0.11408319824575458 0.10440630183054778 0.09472940541534096 0.08505250900013415 0.07537561258491084 0.06569871616970403 0.056021819754497215 0.04634492333929041 0.036668026924083594 0.030392679798544615 0.02775366579598293 0.02511465179342124 0.02247563779085955 0.019836623788297866 0.01719760978573618 0.014558595783174491 0.011919581780612806 0.009280567778046617 0.006641553775484931 0.004002539772923242 0.0013635257703615566 0.0 0.0 0.0 0.0 0.0 0.0 0.0 0.0 0.0 0.0 0.0 0.0 0.00014562187718639898 0.00044691683519032397 0.0007482117931942489 0.001049506751198174 0.001350801709202099 0.001652096667206024 0.001953391625209949 0.002254686583213874 0.002555981541217799 0.0028572764992217236 0.0031585714572261625 0.0034598664152300875 0.0036155394961925047 0.0036155394961925047 0.0036155394961925047 0.0036155394961925047 0.0036155394961925047 0.0036155394961925047
0.14223229580958296 0.14223229580958296 0.14223229580958296 0.14223229580958296 0.14223229580958296 0.13850900759836357 0.130805440087973 0.12310187257758243 0.11539830506719186 0.10769473755680128 0.0999911700464107 0.09228760253602014 0.08458403502561643 0.07688046751522584 0.06917690000483527 0.0614733324944447 0.05376976498405413 0.04778413118538264 0.043635007378784056 0.039485883572185465 0.03533675976558688 0.031187635958988297 0.02703851215238971 0.022889388345791125 0.018740264539192537 0.014591140732586876 0.010442016925988291 0.0062928931193897 0.002143769312791116 0.0 0.0 0.0 0.0 0.0 0.0 0.0 0.0 0.0 0.0 0.0 0.0 0.0004469043619019687 0.00137155959607856 0.0022962148302551515 0.0032208700644317427 0.004145525298608334 0.005070180532784925 0.0059948357669615164 0.006919491001138108 0.0078441462353147 0.008768801469491291 0.009693456703669459 0.01061811193784605 0.011095862810565335 0.011095862810565335 0.011095862810565335 0.011095862810565335 0.011095862810565335 0.011095862810565335
0.1366736666000095 0.1366736666000095 0.1366736666000095 0.1366736666000095 0.1366736666000095 0.13390412770535606 0.12817388909978003 0.12244365049420403 0.11671341188862801 0.11098317328305199 0.10525293467747597 0.09952269607189995 0.09379245746631416 0.08806221886073815 0.08233198025516214 0.07660174164958611 0.07087150304401009 0.06517558257220586 0.05951634896157166 0.05385711535093746 0.04819788174030326 0.042538648129669066 0.036879414519034856 0.03122018090840066 0.025560947297766458 0.01990171368712261 0.014242480076488408 0.008583246465854212 0.0029240128552200095 0.0 0.0 0.0 0.0 0.0 0.0 0.0 0.0 0.0 0.0 0.0 0.0 0.0007481868466172808 0.002296202356966005 0.0038442178673147296 0.005392233377663454 0.006940248888012179 0.008488264398360904 0.010036279908709627 0.011584295419058352 0.013132310929407077 0.014680326439755802 0.016228341950107167 0.01777635746045589 0.018576186124931768 0.018576186124931768 0.018576186124931768 0.018576186124931768 0.018576186124931768 0.018576186124931768
0.1311150373904361 0.1311150373904361 0.1311150373904361 0.1311150373904361 0.1311150373904361 0.12929924781234856 0.1255423381115871 0.12178542841082562 0.11802851871006416 0.1142716090093027 0.11051469930854124 0.10675778960777976 0.1030008799070119 0.09924397020625043 0.09548706050548897 0.0917301508047275 0.08797324110396604 0.08256703395902905 0.07539769054435924 0.06822834712968943 0.06105900371501962 0.05388966030034981 0.04672031688568 0.03955097347101019 0.03238163005634038 0.025212286641658345 0.01804294322698853 0.010873599812318724 0.003704256397648917 0.0 0.0 0.0 0.0 0.0 0.0 0.0 0.0 0.0 0.0 0.0 0.0 0.0010494693313325934 0.0032208451178534526 0.005392220904374311 0.007563596690895171 0.00973497247741603 0.011906348263936889 0.014077724050457747 0.016249099836978607 0.018420475623499466 0.020591851410020325 0.022763227196544885 0.024934602983065747 0.026056509439298214 0.026056509439298214 0.026056509439298214 0.026056509439298214 0.026056509439298214 0.026056509439298214
0.12555640818086267 0.12555640818086267 0.12555640818086267 0.12555640818086267 0.12555640818086267 0.12469436791934106 0.12291078712339415 0.12112720632744724 0.11934362553150034 0.11756004473555343 0.11577646393960651 0.1139928831436596 0.11220930234770965 0.11042572155176274 0.10864214075581582 0.10685855995986893 0.10507497916392201 0.09995848534585226 0.09127903212714684 0.08259957890844143 0.073920125689736 0.06524067247103058 0.05656121925232516 0.04788176603361973 0.039202312814914306 0.03052285959619408 0.02184340637748866 0.013163953158783243 0.004484499940077824 0.0 0.0 0.0 0.0 0.0 0.0 0.0 0.0 0.0 0.0 0.0 0.0 0.0013507518160479064 0.0041454878787409 0.006940223941433895 0.009734960004126889 0.012529696066819883 0.015324432129512877 0.01811916819220587 0.020913904254898866 0.02370864031759186 0.026503376380284854 0.029298112442982614 0.032092848505675606 0.03353683275366467 0.03353683275366467 0.03353683275366467 0.03353683275366467 0.03353683275366467 0.03353683275366467
0.11999777897128922 0.11999777897128922 0.11999777897128922 0.11999777897128922 0.11999777897128922 0.12008948802633354 0.12027923613520118 0.12046898424406884 0.12065873235293648 0.12084848046180412 0.12103822857067177 0.12122797667953941 0.12141772478840739 0.12160747289727503 0.12179722100614268 0.12198696911501032 0.12217671722387796 0.11734993673267548 0.10716037370993443 0.0969708106871934 0.08678124766445236 0.07659168464171133 0.0664021216189703 0.056212558596229256 0.046022995573488226 0.03583343255072981 0.025643869527988777 0.015454306505247734 0.0052647434825067035 0.0 0.0 0.0 0.0 0.0 0.0 0.0 0.0 0.0 0.0 0.0 0.0 0.0016520343007632187 0.005070130639628347 0.008488226978493474 0.011906323317358601 0.015324419656223729 0.018742515995088856 0.022160612333953986 0.02557870867281911 0.02899680501168424 0.03241490135054937 0.035832997689420325 0.03925109402828545 0.04101715606803111 0.04101715606803111 0.04101715606803111 0.04101715606803111 0.04101715606803111 0.04101715606803111
0.11443914976171579 0.11443914976171579 0.11443914976171579 0.11443914976171579 0.11443914976171579 0.11548460813332605 0.11764768514700824 0.11981076216069045 0.12197383917437264 0.12413691618805484 0.12629999320173704 0.12846307021541925 0.13062614722910512 0.13278922424278733 0.1349523012564695 0.13711537827015172 0.13927845528383392 0.13474138811949868 0.12304171529272204 0.11134204246594538 0.09964236963916873 0.08794269681239208 0.07624302398561544 0.0645433511588388 0.05284367833206215 0.04114400550526555 0.029444332678488908 0.017744659851712252 0.006044987024935611 0.0 0.0 0.0 0.0 0.0 0.0 0.0 0.0 0.0 0.0 0.0 0.0 0.0019533167854785317 0.005994773400515793 0.010036230015553056 0.014077686630590319 0.01811914324562758 0.02216059986066484 0.026202056475702104 0.030243513090739367 0.03428496970577663 0.03832642632081389 0.042367882935858046 0.04640933955089531 0.048497479382397554 0.048497479382397554 0.048497479382397554 0.048497479382397554 0.048497479382397554 0.048497479382397554
0.10888052055213762 0.10888052055213762 0.10888052055213762 0.10888052055213762 0.10888052055213762 0.11087972824031461 0.11501613415881305 0.11915254007731149 0.12328894599580993 0.12742535191430837 0.1315617578328068 0.13569816375130525 0.13983456966981073 0.14397097558830918 0.1481073815068076 0.15224378742530603 0.15638019334380449 0.15213283950633674 0.13892305687552317 0.12571327424470963 0.11250349161389608 0.09929370898308254 0.08608392635226898 0.07287414372145544 0.05966436109064188 0.046454578459805815 0.03324479582899226 0.020035013198178714 0.00682523056736517 0.0 0.0 0.0 0.0 0.0 0.0 0.0 0.0 0.0 0.0 0.0 0.0 0.0022545992701941005 0.0069194161614040284 0.011584233052613956 0.01624904994382388 0.02091386683503381 0.025578683726243737 0.030243500617453664 0.03490831750866359 0.03957313439987352 0.04423795129108345 0.04890276818230133 0.05356758507351126 0.05597780269677038 0.05597780269677038 0.05597780269677038 0.05597780269677038 0.05597780269677038 0.05597780269677038
0.10332189134256418 0.10332189134256418 0.10332189134256418 0.10332189134256418 0.10332189134256418 0.1062748483473071 0.1123845831706201 0.11849431799393309 0.12460405281724607 0.13071378764055908 0.13682352246387205 0.14293325728718503 0.14904299211050848 0.15515272693382146 0.16126246175713443 0.16737219658044744 0.17348193140376042 0.16952429089315993 0.15480439845831076 0.1400845060234616 0.12536461358861245 0.11064472115376328 0.09592482871891413 0.08120493628406496 0.0664850438492158 0.05176515141434154 0.037045258979492374 0.022325366544643205 0.007605474109794064 0.0 0.0 0.0 0.0 0.0 0.0 0.0 0.0 0.0 0.0 0.0 0.0 0.0025558817549094135 0.007844058922291475 0.013132236089673538 0.0184204132570556 0.02370859042443766 0.028996767591819725 0.03428494475920178 0.03957312192658385 0.04486129909396591 0.05014947626134797 0.05543765342873905 0.06072583059612111 0.06345812601113682 0.06345812601113682 0.06345812601113682 0.06345812601113682 0.06345812601113682 0.06345812601113682
0.09776326213299075 0.09776326213299075 0.09776326213299075 0.09776326213299075 0.09776326213299075 0.1016699684542996 0.10975303218242714 0.11783609591055469 0.12591915963868222 0.13400222336680978 0.1420852870949373 0.15016835082306484 0.1582514145512062 0.16633447827933373 0.1744175420074613 0.18250060573558882 0.19058366946371635 0.18691574227998312 0.17068574004109835 0.15445573780221356 0.1382257355633288 0.12199573332444402 0.10576573108555926 0.08953572884667449 0.07330572660778971 0.057075724368877256 0.04084572212999249 0.024615719891107724 0.008385717652222957 0.0 0.0 0.0 0.0 0.0 0.0 0.0 0.0 0.0 0.0 0.0 0.0 0.0028571642396247265 0.008768701683178923 0.014680239126733122 0.02059177657028732 0.026503314013841515 0.03241485145739571 0.038326388900949915 0.04423792634450411 0.050149463788058304 0.056061001231612506 0.06197253867517678 0.06788407611873098 0.07093844932550328 0.07093844932550328 0.07093844932550328 0.07093844932550328 0.07093844932550328 0.07093844932550328
0.09220463292341732 0.09220463292341732 0.09220463292341732 0.09220463292341732 0.09220463292341732 0.09706508856129209 0.1071214811942342 0.11717787382717629 0.1272342664601184 0.13729065909306049 0.1473470517260026 0.1574034443589447 0.16745983699190392 0.17751622962484603 0.18757262225778815 0.19762901489073026 0.20768540752367234 0.20430719366680633 0.18656708162388594 0.16882696958096555 0.15108685753804518 0.1333467454951248 0.11560663345220441 0.09786652140928402 0.08012640936636364 0.062386297323413 0.044646185280492634 0.026906073237572242 0.00916596119465185 0.0 0.0 0.0 0.0 0.0 0.0 0.0 0.0 0.0 0.0 0.0 0.0 0.0031584467243400386 0.009693344444066368 0.0162282421637927 0.02276313988351903 0.02929803760324536 0.03583293532297169 0.04236783304269802 0.04890273076242435 0.05543762848215068 0.06197252620187701 0.06850742392161449 0.07504232164134081 0.07841877263986971 0.07841877263986971 0.07841877263986971 0.07841877263986971 0.07841877263986971 0.07841877263986971
0.08664600371384389 0.08664600371384389 0.08664600371384389 0.08664600371384389 0.08664600371384389 0.09246020866828458 0.10448993020604125 0.11651965174379789 0.12854937328155455 0.1405790948193112 0.15260881635706786 0.16463853789482452 0.17666825943260167 0.18869798097035834 0.200727702508115 0.2127574240458716 0.22478714558362828 0.22169864505362954 0.20244842320667356 0.18319820135971754 0.16394797951276155 0.14469775766580556 0.12544753581884954 0.10619731397189357 0.08694709212493756 0.06769687027794874 0.04844664843099275 0.02919642658403676 0.009946204737080744 0.0 0.0 0.0 0.0 0.0 0.0 0.0 0.0 0.0 0.0 0.0 0.0 0.003459729209055351 0.010617987204953817 0.017776245200852282 0.024934503196750744 0.03209276119264921 0.039251019188547676 0.04640927718444614 0.05356753518034461 0.06072579317624307 0.06788405117214154 0.0750423091680522 0.08220056716395067 0.08589909595423616 0.08589909595423616 0.08589909595423616 0.08589909595423616 0.08589909595423616 0.08589909595423616
0.08152763619143436 0.08152763619143436 0.08152763619143436 0.08152763619143436 0.08152763619143436 0.08778737501987367 0.10073891621858806 0.11369045741730247 0.12664199861601685 0.13959353981473124 0.15254508101344563 0.16549662221216005 0.1784481634108965 0.1913997046096109 0.2043512458083253 0.21730278700703967 0.2302543282057541 0.2276189398721153 0.20832077134117893 0.18902260281024252 0.16972443427930617 0.15042626574836976 0.1311280972174334 0.111829928686497 0.09253176015556061 0.07323359162459134 0.053935423093654955 0.03463725456271857 0.01533908603178219 0.0053681082017405235 0.0053681082017405235 0.0053681082017405235 0.0053681082017405235 0.0053681082017405235 0.0053681082017405235 0.0053681082017405235 0.0053681082017405235 0.0053681082017405235 0.0053681082017405235 0.0053681082017405235 0.0053681082017405235 0.009200710008229616 0.017130449842951034 0.025060189677672453 0.03298992951239387 0.040919669347115294 0.04884940918183671 0.05677914901655813 0.06470888885127954 0.07263862868600096 0.08056836852072238 0.08849810835545732 0.09642784819017874 0.10052498622222444 0.10052498622222444 0.10052498622222444 0.10052498622222444 0.10052498622222444 0.10052498622222444
