Figures/CREST_Example_wjb_NSE/Rolling_result/20100722/BJP_forecast/ens_32/wjb.rain.20100709.asc
ncols            288
nrows            254
xllcorner        113.274861
yllcorner        31.4918055
cellsize         0.008333333333
NODATA_value     -9999
[rows 40 to 59 of 254, columns 90 to 134 of 288]
0.09651847183704376 0.09651847183704376 0.09651847183704376 0.09651847183704376 0.09651847183704376 0.09651847183704376 0.09651847183704376 0.09651847183704376 0.09651847183704376 0.09263102955169493 0.08458782356559809 0.07654461757950123 0.0685014115934044 0.06045820560730755 0.052414999621197 0.04437179363510015 0.03632858764900331 0.028285381662906464 0.020242175676809623 0.012198969690712783 0.004155763704615942 0.0 0.0 0.0 0.0 0.0 0.0 0.0 0.0 0.0 0.0 0.0 0.0 0.0010643042401913016 0.003266373782163037 0.005468443324134773 0.0076705128661065086 0.009872582408078244 0.01207465195004998 0.014276721492021716 0.016478791033997207 0.018680860575968943 0.02088293011794068 0.023084999659912415 0.02528706920188415
0.09651847183704376 0.09651847183704376 0.09651847183704376 0.09651847183704376 0.09651847183704376 0.09651847183704376 0.09651847183704376 0.09651847183704376 0.09651847183704376 0.09263102955169493 0.08458782356559809 0.07654461757950123 0.0685014115934044 0.06045820560730755 0.052414999621197 0.04437179363510015 0.03632858764900331 0.028285381662906464 0.020242175676809623 0.012198969690712783 0.004155763704615942 0.0 0.0 0.0 0.0 0.0 0.0 0.0 0.0 0.0 0.0 0.0 0.0 0.0010643042401913016 0.003266373782163037 0.005468443324134773 0.0076705128661065086 0.009872582408078244 0.01207465195004998 0.014276721492021716 0.016478791033997207 0.018680860575968943 0.02088293011794068 0.023084999659912415 0.02528706920188415
0.09651847183704376 0.09651847183704376 0.09651847183704376 0.09651847183704376 0.09651847183704376 0.09651847183704376 0.09651847183704376 0.09651847183704376 0.09651847183704376 0.09263102955169493 0.08458782356559809 0.07654461757950123 0.0685014115934044 0.06045820560730755 0.052414999621197 0.04437179363510015 0.03632858764900331 0.028285381662906464 0.020242175676809623 0.012198969690712783 0.004155763704615942 0.0 0.0 0.0 0.0 0.0 0.0 0.0 0.0 0.0 0.0 0.0 0.0 0.0010643042401913016 0.003266373782163037 0.005468443324134773 0.0076705128661065086 0.009872582408078244 0.01207465195004998 0.014276721492021716 0.016478791033997207 0.018680860575968943 0.02088293011794068 0.023084999659912415 0.02528706920188415
0.09651847183704376 0.09651847183704376 0.09651847183704376 0.09651847183704376 0.09651847183704376 0.09651847183704376 0.09651847183704376 0.09651847183704376 0.09651847183704376 0.09263102955169493 0.08458782356559809 0.07654461757950123 0.0685014115934044 0.06045820560730755 0.052414999621197 0.04437179363510015 0.03632858764900331 0.028285381662906464 0.020242175676809623 0.012198969690712783 0.004155763704615942 0.0 0.0 0.0 0.0 0.0 0.0 0.0 0.0 0.0 0.0 0.0 0.0 0.0010643042401913016 0.003266373782163037 0.005468443324134773 0.0076705128661065086 0.009872582408078244 0.01207465195004998 0.014276721492021716 0.016478791033997207 0.018680860575968943 0.02088293011794068 0.023084999659912415 0.02528706920188415
0.09651847183704376 0.09651847183704376 0.09651847183704376 0.09651847183704376 0.09651847183704376 0.09651847183704376 0.09651847183704376 0.09651847183704376 0.09651847183704376 0.09263102955169493 0.08458782356559809 0.07654461757950123 0.0685014115934044 0.06045820560730755 0.052414999621197 0.04437179363510015 0.03632858764900331 0.028285381662906464 0.020242175676809623 0.012198969690712783 0.004155763704615942 0.0 0.0 0.0 0.0 0.0 0.0 0.0 0.0 0.0 0.0 0.0 0.0 0.0010643042401913016 0.003266373782163037 0.005468443324134773 0.0076705128661065086 0.009872582408078244 0.01207465195004998 0.014276721492021716 0.016478791033997207 0.018680860575968943 0.02088293011794068 0.023084999659912415 0.02528706920188415
0.09651847183704376 0.09651847183704376 0.09651847183704376 0.09651847183704376 0.09651847183704376 0.09651847183704376 0.09651847183704376 0.09651847183704376 0.09651847183704376 0.09263102955169493 0.08458782356559809 0.07654461757950123 0.0685014115934044 0.06045820560730755 0.052414999621197 0.04437179363510015 0.03632858764900331 0.028285381662906464 0.020242175676809623 0.012198969690712783 0.004155763704615942 0.0 0.0 0.0 0.0 0.0 0.0 0.0 0.0 0.0 0.0 0.0 0.0 0.0010643042401913016 0.003266373782163037 0.005468443324134773 0.0076705128661065086 0.009872582408078244 0.01207465195004998 0.014276721492021716 0.016478791033997207 0.018680860575968943 0.02088293011794068 0.023084999659912415 0.02528706920188415
0.09651847183704376 0.09651847183704376 0.09651847183704376 0.09651847183704376 0.09651847183704376 0.09651847183704376 0.09651847183704376 0.09651847183704376 0.09651847183704376 0.09263102955169493 0.08458782356559809 0.07654461757950123 0.0685014115934044 0.06045820560730755 0.052414999621197 0.04437179363510015 0.03632858764900331 0.028285381662906464 0.020242175676809623 0.012198969690712783 0.004155763704615942 0.0 0.0 0.0 0.0 0.0 0.0 0.0 0.0 0.0 0.0 0.0 0.0 0.0010643042401913016 0.003266373782163037 0.005468443324134773 0.0076705128661065086 0.009872582408078244 0.01207465195004998 0.014276721492021716 0.016478791033997207 0.018680860575968943 0.02088293011794068 0.023084999659912415 0.02528706920188415
0.09651847183704376 0.09651847183704376 0.09651847183704376 0.09651847183704376 0.09651847183704376 0.09651847183704376 0.09651847183704376 0.09651847183704376 0.09651847183704376 0.09263102955169493 0.08458782356559809 0.07654461757950123 0.0685014115934044 0.06045820560730755 0.052414999621197 0.04437179363510015 0.03632858764900331 0.028285381662906464 0.020242175676809623 0.012198969690712783 0.004155763704615942 0.0 0.0 0.0 0.0 0.0 0.0 0.0 0.0 0.0 0.0 0.0 0.0 0.0010643042401913016 0.003266373782163037 0.005468443324134773 0.0076705128661065086 0.009872582408078244 0.01207465195004998 0.014276721492021716 0.016478791033997207 0.018680860575968943 0.02088293011794068 0.023084999659912415 0.02528706920188415
0.09651847183704376 0.09651847183704376 0.09651847183704376 0.09651847183704376 0.09651847183704376 0.09651847183704376 0.09651847183704376 0.09651847183704376 0.09651847183704376 0.09263102955169493 0.08458782356559809 0.07654461757950123 0.0685014115934044 0.06045820560730755 0.052414999621197 0.04437179363510015 0.03632858764900331 0.028285381662906464 0.020242175676809623 0.012198969690712783 0.004155763704615942 0.0 0.0 0.0 0.0 0.0 0.0 0.0 0.0 0.0 0.0 0.0 0.0 0.0010643042401913016 0.003266373782163037 0.005468443324134773 0.0076705128661065086 0.009872582408078244 0.01207465195004998 0.014276721492021716 0.016478791033997207 0.018680860575968943 0.02088293011794068 0.023084999659912415 0.02528706920188415
0.09263086858977267 0.09263086858977267 0.09263086858977267 0.09263086858977267 0.09263086858977267 0.09263086858977267 0.09263086858977267 0.09263086858977267 0.09263086858977267 0.08890000600325719 0.08118076695441992 0.07346152790558264 0.06574228885674535 0.058023049807908074 0.050303810759057634 0.042584571710220356 0.03486533266138307 0.027146093612545788 0.019426854563708518 0.011707615514871234 0.003988376466033949 0.0 0.0 0.0 0.0 0.0 0.0 0.0 0.0 0.0 0.0 0.0 0.0 0.001370898595143497 0.004207318791078002 0.007043738987012508 0.009880159182947013 0.012716579378881519 0.015552999574816024 0.01838941977075053 0.021225839966689874 0.024062260162624378 0.02689868035855888 0.02973510055449339 0.03257152075042789
0.08458766260367526 0.08458766260367526 0.08458766260367526 0.08458766260367526 0.08458766260367526 0.08458766260367526 0.08458766260367526 0.08458766260367526 0.08458766260367526 0.08118075354092585 0.07413178165756973 0.06708280977421362 0.06003383789085749 0.05298486600750138 0.045935894124133236 0.03888692224077712 0.031837950357421 0.02478897847406488 0.017740006590708762 0.01069103470735265 0.0036420628239965253 0.0 0.0 0.0 0.0 0.0 0.0 0.0 0.0 0.0 0.0 0.0 0.0 0.0020052229832574825 0.006154074683312084 0.010302926383366684 0.014451778083421286 0.01860062978347589 0.02274948148353049 0.02689833318358509 0.031047184883646765 0.035196036583701365 0.03934488828375597 0.04349373998381057 0.04764259168386517
0.07654445661757785 0.07654445661757785 0.07654445661757785 0.07654445661757785 0.07654445661757785 0.07654445661757785 0.07654445661757785 0.07654445661757785 0.07654445661757785 0.0734615010785945 0.06708279636071955 0.06070409164284459 0.05432538692496963 0.04794668220709468 0.041567977489208846 0.035189272771333886 0.028810568053458933 0.022431863335583974 0.016053158617709014 0.009674453899834054 0.003295749181959101 0.0 0.0 0.0 0.0 0.0 0.0 0.0 0.0 0.0 0.0 0.0 0.0 0.002639547371371467 0.008100830575546161 0.013562113779720856 0.01902339698389555 0.024484680188070245 0.02994596339224494 0.03540724659641963 0.04086852980060365 0.046329813004778335 0.05179109620895303 0.057252379413127726 0.06271366261730242
0.06850125063148044 0.06850125063148044 0.06850125063148044 0.06850125063148044 0.06850125063148044 0.06850125063148044 0.06850125063148044 0.06850125063148044 0.06850125063148044 0.06574224861626315 0.06003381106386936 0.054325373511475566 0.04861693595908177 0.04290849840668798 0.03720006085428445 0.031491623301890655 0.02578318574949686 0.020074748197103066 0.014366310644709265 0.008657873092315471 0.002949435539921677 0.0 0.0 0.0 0.0 0.0 0.0 0.0 0.0 0.0 0.0 0.0 0.0 0.003273871759485452 0.010047586467780242 0.016821301176075033 0.023595015884369824 0.030368730592664615 0.037142445300959406 0.0439161600092542 0.050689874717560535 0.057463589425855326 0.06423730413415012 0.07101101884244491 0.0777847335507397
0.060458044645376165 0.060458044645376165 0.060458044645376165 0.060458044645376165 0.060458044645376165 0.060458044645376165 0.060458044645376165 0.060458044645376165 0.060458044645376165 0.05802299615392523 0.05298482576701317 0.04794665538010111 0.04290848499318904 0.03787031460627698 0.032832144219356325 0.027793973832444266 0.022755803445532206 0.01771763305862014 0.01267946267170808 0.007641292284796021 0.0026031218978839546 0.0 0.0 0.0 0.0 0.0 0.0 0.0 0.0 0.0 0.0 0.0 0.0 0.003908196147599978 0.011994342360015984 0.020080488572431988 0.02816663478484799 0.036252780997264 0.04433892720968 0.05242507342209601 0.060511219634525805 0.0685973658469418 0.0766835120593578 0.08476965827177382 0.09285580448418983
0.05241483865927875 0.05241483865927875 0.05241483865927875 0.05241483865927875 0.05241483865927875 0.05241483865927875 0.05241483865927875 0.05241483865927875 0.05241483865927875 0.05030374369159388 0.04593584047016298 0.041567937248732076 0.03720003402730118 0.032832130805870274 0.02846422758443193 0.02409632436300103 0.019728421141570134 0.015360517920139233 0.010992614698708332 0.006624711477277431 0.0022568082558465374 0.0 0.0 0.0 0.0 0.0 0.0 0.0 0.0 0.0 0.0 0.0 0.0 0.004542520535713964 0.013941098252250065 0.023339675968786167 0.032738253685322266 0.042136831401858366 0.051535409118394465 0.06093398683493057 0.07033256455148269 0.07973114226801879 0.08912971998455489 0.09852829770109099 0.1079268754176271
0.04437163267318134 0.04437163267318134 0.04437163267318134 0.04437163267318134 0.04437163267318134 0.04437163267318134 0.04437163267318134 0.04437163267318134 0.04437163267318134 0.04258449122926253 0.03888685517331279 0.03518921911736306 0.031491583061413315 0.02779394700546358 0.024096310949507534 0.0203986748935578 0.01670103883760806 0.013003402781658326 0.009305766725708584 0.0056081306697588484 0.0019104946138091064 0.0 0.0 0.0 0.0 0.0 0.0 0.0 0.0 0.0 0.0 0.0 0.0 0.005176844923827949 0.015887854144484143 0.02659886336514034 0.03730987258579653 0.048020881806452725 0.05873189102710892 0.06944290024776512 0.08015390946843957 0.09086491868909577 0.10157592790975196 0.11228693713040816 0.12299794635106436
0.03632842668708392 0.03632842668708392 0.03632842668708392 0.03632842668708392 0.03632842668708392 0.03632842668708392 0.03632842668708392 0.03632842668708392 0.03632842668708392 0.03486523876693118 0.0318378698764626 0.028810500985994025 0.02578313209552545 0.022755763205056873 0.019728394314583137 0.01670102542411456 0.013673656533645984 0.010646287643177408 0.007618918752708832 0.004591549862240259 0.0015641809717716823 0.0 0.0 0.0 0.0 0.0 0.0 0.0 0.0 0.0 0.0 0.0 0.0 0.005811169311941934 0.017834610036718223 0.029858050761494514 0.04188149148627081 0.0539049322110471 0.06592837293582339 0.07795181366059968 0.08997525438539647 0.10199869511017276 0.11402213583494905 0.12604557655972534 0.13806901728450163
0.028285220700986508 0.028285220700986508 0.028285220700986508 0.028285220700986508 0.028285220700986508 0.028285220700986508 0.028285220700986508 0.028285220700986508 0.028285220700986508 0.02714598630459983 0.024788884579612414 0.022431782854625 0.020074681129637586 0.01771757940465017 0.015360477679658738 0.013003375954671324 0.010646274229683911 0.008289172504696494 0.00593207077970908 0.0035749690547216655 0.0012178673297342513 0.0 0.0 0.0 0.0 0.0 0.0 0.0 0.0 0.0 0.0 0.0 0.0 0.0064454937000559195 0.019781365928952306 0.03311723815784869 0.04645311038674508 0.059788982615641466 0.07312485484453785 0.08646072707343423 0.09979659930235336 0.11313247153124975 0.12646834376014615 0.13980421598904252 0.1531400882179389
0.020242014714889095 0.020242014714889095 0.020242014714889095 0.020242014714889095 0.020242014714889095 0.020242014714889095 0.020242014714889095 0.020242014714889095 0.020242014714889095 0.01942673384226848 0.017739899282762227 0.016053064723255975 0.014366230163749723 0.01267939560424347 0.010992561044734343 0.00930572648522809 0.007618891925721839 0.005932057366215587 0.004245222806709335 0.0025583882472030826 0.0008715536876968306 0.0 0.0 0.0 0.0 0.0 0.0 0.0 0.0 0.0 0.0 0.0 0.0 0.007079818088169904 0.021728121821186386 0.03637642555420287 0.05102472928721934 0.06567303302023582 0.0803213367532523 0.09496964048626878 0.10961794421931025 0.12426624795232673 0.1389145516853432 0.15356285541835968 0.16821115915137616
0.012198808728784824 0.012198808728784824 0.012198808728784824 0.012198808728784824 0.012198808728784824 0.012198808728784824 0.012198808728784824 0.012198808728784824 0.012198808728784824 0.011707481379930551 0.010690913985906032 0.009674346591881513 0.008657779197856994 0.007641211803832474 0.006624644409806222 0.005608077015781703 0.004591509621757184 0.0035749422277326637 0.0025583748337081446 0.0015418074396836255 0.0005252400456591064 0.0 0.0 0.0 0.0 0.0 0.0 0.0 0.0 0.0 0.0 0.0 0.0 0.0077141424762844305 0.023674877713422127 0.03963561295055982 0.055596348187697514 0.07155708342483522 0.0875178186619729 0.1034785538991106 0.11943928913627552 0.13540002437341322 0.1513607596105509 0.1673214948476886 0.1832822300848263
