Figures/CREST_Example_wjb_NSE/Rolling_result/20100722/BJP_forecast/ens_32/wjb.rain.20100723.asc
ncols            288
nrows            254
xllcorner        113.274861
yllcorner        31.4918055
cellsize         0.008333333333
NODATA_value     -9999
[rows 20 to 39 of 254, columns 45 to 89 of 288]
13.020288922791435 13.020288922791435 13.020288922791435 13.020288922791435 13.020288922791435 13.020288922791435 13.020288922791435 13.020288922791435 13.020288922791435 13.020288922791435 13.020288922791435 -9999.0 -9999.0 -9999.0 -9999.0 -9999.0 -9999.0 -9999.0 -9999.0 -9999.0 -9999.0 -9999.0 -9999.0 -9999.0 -9999.0 13.020288922791435 13.020288922791435 13.020288922791435 13.020288922791435 13.020288922791435 13.020288922791435 13.020288922791435 13.020288922791435 13.020288922791435 13.020288922791435 13.020288922791435 13.020288922791435 13.020288922791435 13.020288922791435 13.020288922791435 13.020288922791435 13.020288922791435 25.626192030498988 25.269661596061503 24.913131161624023
13.020288922791435 13.020288922791435 13.020288922791435 13.020288922791435 13.020288922791435 13.020288922791435 13.020288922791435 13.020288922791435 13.020288922791435 13.020288922791435 13.020288922791435 13.020288922791435 13.020288922791435 -9999.0 -9999.0 -9999.0 -9999.0 -9999.0 -9999.0 -9999.0 -9999.0 -9999.0 -9999.0 -9999.0 -9999.0 13.020288922791435 13.020288922791435 13.020288922791435 13.020288922791435 13.020288922791435 13.020288922791435 13.020288922791435 13.020288922791435 13.020288922791435 13.020288922791435 13.020288922791435 13.020288922791435 13.020288922791435 13.020288922791435 13.020288922791435 13.020288922791435 13.020288922791435 26.183728934535612 25.79880510903524 25.413881283534867
13.020288922791435 13.020288922791435 13.020288922791435 13.020288922791435 13.020288922791435 13.020288922791435 13.020288922791435 13.020288922791435 13.020288922791435 13.020288922791435 13.020288922791435 13.020288922791435 13.020288922791435 -9999.0 -9999.0 -9999.0 -9999.0 -9999.0 -9999.0 -9999.0 -9999.0 -9999.0 -9999.0 -9999.0 -9999.0 13.020288922791435 13.020288922791435 13.020288922791435 13.020288922791435 13.020288922791435 13.020288922791435 13.020288922791435 13.020288922791435 13.020288922791435 13.020288922791435 13.020288922791435 13.020288922791435 13.020288922791435 13.020288922791435 13.020288922791435 13.020288922791435 13.020288922791435 26.74126583857224 26.327948622008975 25.91463140544571
13.020288922791435 13.020288922791435 13.020288922791435 13.020288922791435 13.020288922791435 13.020288922791435 13.020288922791435 13.020288922791435 13.020288922791435 13.020288922791435 13.020288922791435 13.020288922791435 13.020288922791435 -9999.0 -9999.0 -9999.0 -9999.0 -9999.0 -9999.0 -9999.0 -9999.0 -9999.0 -9999.0 -9999.0 -9999.0 13.020288922791435 13.020288922791435 13.020288922791435 13.020288922791435 13.020288922791435 13.020288922791435 13.020288922791435 13.020288922791435 13.020288922791435 13.020288922791435 13.020288922791435 13.020288922791435 13.020288922791435 13.020288922791435 13.020288922791435 13.020288922791435 13.020288922791435 27.298802742608864 26.857092134982707 26.41538152735655
13.020288922791435 13.020288922791435 13.020288922791435 13.020288922791435 13.020288922791435 13.020288922791435 13.020288922791435 13.020288922791435 13.020288922791435 13.020288922791435 13.020288922791435 13.020288922791435 13.020288922791435 13.020288922791435 13.020288922791435 -9999.0 13.020288922791435 13.020288922791435 -9999.0 -9999.0 -9999.0 -9999.0 -9999.0 -9999.0 13.020288922791435 13.020288922791435 13.020288922791435 13.020288922791435 13.020288922791435 13.020288922791435 13.020288922791435 13.020288922791435 13.020288922791435 13.020288922791435 13.020288922791435 13.020288922791435 13.020288922791435 13.020288922791435 13.020288922791435 13.020288922791435 13.020288922791435 13.020288922791435 27.85633964664549 27.386235647956443 26.916131649267395
35.9328776687249 35.97870883944938 36.02454001017386 36.07037118089834 36.116202351622825 36.1620335223473 36.18908007028788 36.196045431893666 36.20301079349944 36.20997615510521 36.21694151671098 36.22390687831676 36.23087223992253 36.237837601528305 36.244802963134084 36.25176832473986 36.25873368634563 36.26569904795141 35.904389768641614 35.14938657352242 -9999.0 -9999.0 -9999.0 -9999.0 31.374370597925157 30.619367402805963 29.86436420768677 29.10936101256757 28.354357817448378 27.59935462232918 27.25203631379096 27.340542365367345 27.429048416943733 27.517554468520267 27.606060520096655 27.69456657167304 27.783072623249428 27.871578674825813 27.960084726402197 28.048590777978585 28.13709682955497 28.22560288113136 28.035875500116912 27.548710289186754 27.061545078256596
34.70533975429318 34.8569684675877 35.00859718088222 35.16022589417673 35.311854607471254 35.463483320765775 35.5340718948339 35.51802672836195 35.501981561890034 35.485936395418115 35.469891228946196 35.45384606247428 35.43780089600236 35.42175572953044 35.40571056305852 35.3896653965866 35.37362023011468 35.35757506364276 35.03163627279429 34.37441419249133 -9999.0 -9999.0 -9999.0 -9999.0 31.088303790975402 30.431081710672444 29.773859630369486 29.116637550066525 28.459415469763563 27.802193389460605 27.48624538033264 27.535127068329125 27.58400875632561 27.632890444322175 27.68177213231866 27.73065382031514 27.779535508311625 27.82841719630811 27.87729888430459 27.926180572301075 27.97506226029756 28.02394394829404 27.81135206691169 27.319239028304764 26.82712598969784
33.47780183986041 33.735228095725056 33.99265435158971 34.25008060745436 34.507506863319 34.76493311918365 34.87906371937937 34.840008024829665 34.80095233028003 34.7618966357304 34.72284094118077 34.68378524663114 34.64472955208151 34.605673857531876 34.566618162982245 34.52756246843262 34.48850677388299 34.44945107933336 34.15888277694622 33.59944181145958 33.04000084597198 -9999.0 -9999.0 -9999.0 30.802236984025413 30.242796018538773 29.683355053052132 29.12391408756549 28.564473122078848 28.005032156592204 27.720454446874527 27.729711771291075 27.73896909570762 27.748226420124183 27.75748374454073 27.766741068957273 27.775998393373822 27.785255717790367 27.794513042206912 27.80377036662346 27.813027691040006 27.82228501545655 27.58682863370628 27.08976776742258 26.592706901138882
32.25026392542868 32.61348772386337 32.97671152229806 33.33993532073274 33.70315911916743 34.06638291760212 34.22405554392538 34.16198932129795 34.09992309867063 34.03785687604331 33.975790653415984 33.913724430788655 33.85165820816133 33.78959198553401 33.72752576290669 33.665459540279365 33.60339331765204 33.54132709502472 33.286129281098894 32.824469430428486 32.3628095797573 31.90114972908689 31.43948987841648 30.977830027746073 30.516170177075665 30.05451032640526 29.592850475734853 29.131190625064445 28.66953077439404 28.207870923723632 27.954663513416214 27.924296474252856 27.8939294350895 27.863562395926092 27.833195356762733 27.802828317599378 27.77246127843602 27.742094239272664 27.711727200109305 27.68136016094595 27.650993121782594 27.620626082619236 27.36230520050106 26.86029650654059 26.358287812580123
31.02272601099696 31.49174735200169 31.960768693006415 32.42979003401114 32.89881137501587 33.367832716020594 33.5690473684714 33.48397061776624 33.398893867061226 33.313817116356205 33.22874036565119 33.14366361494618 33.05858686424116 32.97351011353614 32.88843336283112 32.80335661212611 32.718279861421095 32.633203110716074 32.41337578525157 32.049497049397395 31.6856183135426 31.32173957768843 30.957860841834258 30.593982105980086 30.230103370125917 29.866224634271745 29.502345898417573 29.1384671625634 28.77458842670923 28.410709690855057 28.1888725799579 28.11888117721464 28.04888977447138 27.978898371728 27.90890696898474 27.83891556624148 27.76892416349822 27.69893276075496 27.6289413580117 27.55894995526844 27.48895855252518 27.41896714978192 27.137781767295838 26.630825245658603 26.123868724021367
29.795188096565234 30.37000698014 30.944825863714765 31.519644747289533 32.0944636308643 32.66928251443906 32.91403919301742 32.805951914234534 32.69786463545182 32.58977735666911 32.481690077886405 32.37360279910369 32.26551552032098 32.15742824153828 32.049340962755565 31.941253683972853 31.833166405190145 31.725079126407437 31.540622289404237 31.2745246683663 31.008427047327913 30.742329426289974 30.476231805252038 30.210134184214102 29.944036563176166 29.67793894213823 29.411841321100294 29.145743700062358 28.879646079024422 28.613548457986482 28.423081646499586 28.313465880176423 28.20385011385326 28.09423434752991 27.984618581206746 27.875002814883583 27.76538704856042 27.655771282237257 27.546155515914094 27.43653974959093 27.32692398326777 27.217308216944605 26.913258334090617 26.401353984776613 25.889449635462608
28.567650182133512 29.248266608278318 29.928883034423123 30.60949946056793 31.290115886712734 31.970732312857535 32.259031017563444 32.12793321070282 31.996835403842418 31.865737596982015 31.734639790121612 31.603541983261213 31.47244417640081 31.341346369540407 31.210248562680004 31.0791507558196 30.948052948959198 30.816955142098795 30.66786879355691 30.49955228733521 30.33123578111322 30.162919274891518 29.994602768669818 29.826286262448114 29.657969756226414 29.489653250004714 29.32133674378301 29.15302023756131 28.984703731339607 28.816387225117907 28.657290713041267 28.508050583138203 28.358810453235137 28.209570323331818 28.06033019342875 27.911090063525684 27.761849933622617 27.61260980371955 27.463369673816487 27.31412954391342 27.164889414010354 27.01564928410729 26.688734900885397 26.171882723894626 25.655030546903852
27.340112267701787 28.12652623641663 28.912940205131477 29.699354173846316 30.485768142561163 31.272182111276006 31.604022842109465 31.44991450717111 31.295806172233014 31.14169783729492 30.987589502356826 30.83348116741873 30.679372832480635 30.52526449754254 30.371156162604443 30.21704782766635 30.062939492728255 29.90883115779016 29.795115297709586 29.72457990630412 29.654044514898533 29.583509123493066 29.512973732087598 29.442438340682134 29.371902949276667 29.3013675578712 29.230832166465735 29.160296775060267 29.0897613836548 29.019225992249336 28.891499779582954 28.702635286099984 28.513770792617017 28.324906299133723 28.136041805650756 27.947177312167785 27.758312818684814 27.569448325201847 27.380583831718877 27.19171933823591 27.00285484475294 26.81399035126997 26.464211467680176 25.942411463012633 25.42061145834509
26.112574353269018 27.00478586455399 27.896997375838964 28.789208887123934 29.68142039840891 30.57363190969388 30.94901466665493 30.77189580363882 30.594776940623014 30.417658077607204 30.240539214591397 30.06342035157559 29.886301488559784 29.709182625543974 29.532063762528168 29.35494489951236 29.177826036496555 29.000707173480745 28.922361801861513 28.949607525272366 28.976853248683266 29.004098972094116 29.03134469550497 29.05859041891582 29.085836142326674 29.113081865737527 29.140327589148377 29.16757331255923 29.19481903597008 29.222064759380935 29.12570884612484 28.897219989061934 28.668731131999028 28.44024227493573 28.211753417872828 27.98326456080992 27.754775703747015 27.52628684668411 27.297797989621202 27.069309132558296 26.84082027549539 26.612331418432483 26.239688034474764 25.71294020213045 25.186192369786134
24.88503643883729 25.883045492692304 26.881054546547315 27.879063600402326 28.87707265425734 29.87508170811235 30.29400649120095 30.093877100107107 29.893747709013606 29.69361831792011 29.493488926826608 29.293359535733106 29.09323014463961 28.893100753546108 28.69297136245261 28.49284197135911 28.292712580265608 28.09258318917211 28.04960830601419 28.17463514424128 28.299661982468578 28.424688820695664 28.54971565892275 28.67474249714984 28.799769335376926 28.924796173604012 29.0498230118311 29.174849850058187 29.299876688285273 29.42490352651236 29.359917912666525 29.091804692023718 28.823691471380908 28.555578250737643 28.287465030094832 28.019351809452022 27.751238588809215 27.483125368166405 27.215012147523595 26.946898926880785 26.678785706237978 26.410672485595168 26.015164601269543 25.48346894124846 24.951773281227375
23.657498524405568 24.76130512083062 25.865111717255672 26.96891831368072 28.072724910105773 29.17653150653082 29.63899831574697 29.4158583965754 29.192718477404206 28.96957855823301 28.746438639061818 28.523298719890626 28.300158800719434 28.07701888154824 27.85387896237705 27.630739043205857 27.40759912403466 27.18445920486347 27.176854810166862 27.399662763210184 27.622470716253886 27.84527866929721 28.06808662234053 28.290894575383852 28.513702528427174 28.7365104814705 28.959318434513822 29.182126387557144 29.404934340600466 29.627742293643788 29.594126979208212 29.2863893949855 28.978651810762788 28.67091422653955 28.363176642316837 28.055439058094127 27.747701473871413 27.439963889648702 27.132226305425988 26.824488721203277 26.516751136980567 26.209013552757852 25.790641168064326 25.25399768036647 24.71735419266862
22.429960609973843 23.639564748968933 24.849168887964023 26.058773026959113 27.268377165954202 28.477981304949296 28.98399014029299 28.737839693043686 28.4916892457948 28.245538798545915 27.99938835129703 27.75323790404814 27.50708745679926 27.26093700955037 27.014786562301488 26.7686361150526 26.522485667803714 26.27633522055483 26.304101314319535 26.624690382179093 26.945279450039195 27.265868517898753 27.58645758575831 27.90704665361787 28.227635721477427 28.54822478933698 28.86881385719654 29.189402925056097 29.50999199291565 29.83058106077521 29.828336045749893 29.48097409794728 29.133612150144664 28.786250202341456 28.438888254538842 28.091526306736224 27.74416435893361 27.396802411130995 27.04944046332838 26.702078515525763 26.35471656772315 26.007354619920534 25.5661177348591 25.02452641948448 24.48293510410986
21.666664165150983 22.918797873931275 24.170931582711567 25.42306529149186 26.675199000272148 27.927332709052436 28.455903622539577 28.21096955355411 27.966035484569066 27.72110141558402 27.476167346598974 27.231233277613928 26.98629920862888 26.741365139643833 26.496431070658787 26.25149700167374 26.006562932688695 25.76162886370365 25.80473161712305 26.155752244626278 26.506772872130107 26.85779349963334 27.208814127136566 27.559834754639798 27.910855382143026 28.261876009646258 28.612896637149486 28.963917264652718 29.314937892155946 29.665958519659178 29.675393672736472 29.31966623157431 28.963938790412143 28.608211349249373 28.25248390808721 27.896756466925044 27.54102902576288 27.18530158460072 26.829574143438553 26.47384670227639 26.118119261114224 25.76239181995206 25.320282134656015 24.785827877396848 24.25137362013768
21.399612577679672 22.62664638282482 23.853680187969967 25.08071399311512 26.307747798260266 27.534781603405413 28.06348835357292 27.845667698055138 27.627847042537727 27.410026387020316 27.192205731502906 26.974385075985495 26.75656442046808 26.53874376495067 26.32092310943326 26.10310245391585 25.885281798398434 25.667461142881024 25.704485656233384 26.013945415759686 26.323405175286517 26.632864934812815 26.942324694339117 27.25178445386542 27.56124421339172 27.870703972918022 28.18016373244432 28.489623491970622 28.799083251496924 29.108543011023226 29.108610823435274 28.777931650089485 28.447252476743696 28.11657330339734 27.785894130051553 27.455214956705763 27.124535783359974 26.79385661001418 26.463177436668392 26.132498263322603 25.801819089976814 25.471139916631024 25.051665171812882 24.537265953544775 24.022866735276665
21.13256099020836 22.334494891718364 23.536428793228367 24.738362694738374 25.94029659624838 27.142230497758383 27.67107308460627 27.480365842556168 27.289658600506392 27.098951358456613 26.908244116406838 26.717536874357062 26.526829632307283 26.336122390257508 26.145415148207732 25.954707906157953 25.764000664108178 25.573293422058402 25.604239695343722 25.872138586893094 26.140037478442924 26.407936369992296 26.675835261541668 26.94373415309104 27.211633044640415 27.479531936189787 27.74743082773916 28.01532971928853 28.283228610837902 28.551127502387274 28.541827974134076 28.23619706860466 27.930566163075245 27.624935257545307 27.31930435201589 27.013673446486475 26.70804254095706 26.402411635427647 26.09678072989823 25.791149824368816 25.4855189188394 25.179888013309984 24.783048208969745 24.2887040296927 23.79435985041565
