Figures/CREST_Example_wjb_NSE/Rolling_result/20100722/BJP_forecast/ens_32/wjb.rain.20100722.asc
ncols            288
nrows            254
xllcorner        113.274861
yllcorner        31.4918055
cellsize         0.008333333333
NODATA_value     -9999
[rows 20 to 39 of 254, columns 88 to 131 of 288]
28.379830389930817 28.36603461735083 28.35223884477084 28.33844307219083 28.32464729961084 28.310851527030852 28.297055754450863 28.283259981870877 28.269464209290888 28.2556684367109 28.241872664130913 19.649352462104638 19.649352462104638 19.649352462104638 19.649352462104638 19.649352462104638 19.649352462104638 19.649352462104638 19.649352462104638 19.649352462104638 19.649352462104638 19.649352462104638 19.649352462104638 19.649352462104638 19.649352462104638 19.649352462104638 19.649352462104638 19.649352462104638 19.649352462104638 19.649352462104638 19.649352462104638 19.649352462104638 19.649352462104638 -9999.0 -9999.0 -9999.0 -9999.0 -9999.0 -9999.0 -9999.0 -9999.0 -9999.0 -9999.0 -9999.0
28.088219985898906 28.121645188547284 28.15507039119566 28.18849559384409 28.22192079649247 28.255345999140843 28.28877120178922 28.322196404437594 28.355621607085972 28.389046809734346 28.422472012382723 19.649352462104638 19.649352462104638 19.649352462104638 19.649352462104638 19.649352462104638 19.649352462104638 19.649352462104638 19.649352462104638 19.649352462104638 19.649352462104638 19.649352462104638 19.649352462104638 19.649352462104638 19.649352462104638 19.649352462104638 19.649352462104638 19.649352462104638 19.649352462104638 19.649352462104638 19.649352462104638 19.649352462104638 19.649352462104638 -9999.0 -9999.0 -9999.0 -9999.0 -9999.0 -9999.0 -9999.0 -9999.0 -9999.0 -9999.0 -9999.0
27.796609581867 27.87725575974374 27.95790193762048 28.038548115497356 28.119194293374097 28.199840471250837 28.280486649127578 28.36113282700432 28.44177900488106 28.5224251827578 28.603071360634537 19.649352462104638 19.649352462104638 19.649352462104638 19.649352462104638 19.649352462104638 19.649352462104638 19.649352462104638 19.649352462104638 19.649352462104638 19.649352462104638 19.649352462104638 19.649352462104638 19.649352462104638 19.649352462104638 19.649352462104638 19.649352462104638 19.649352462104638 19.649352462104638 19.649352462104638 19.649352462104638 19.649352462104638 19.649352462104638 19.649352462104638 19.649352462104638 19.649352462104638 -9999.0 19.649352462104638 -9999.0 -9999.0 -9999.0 -9999.0 -9999.0 -9999.0
27.50499917783509 27.632866330940193 27.760733484045296 27.88860063715062 28.016467790255724 28.14433494336083 28.272202096465932 28.400069249571036 28.527936402676144 28.655803555781247 28.78367070888635 19.649352462104638 19.649352462104638 19.649352462104638 19.649352462104638 19.649352462104638 19.649352462104638 19.649352462104638 19.649352462104638 19.649352462104638 19.649352462104638 19.649352462104638 19.649352462104638 19.649352462104638 19.649352462104638 19.649352462104638 19.649352462104638 19.649352462104638 19.649352462104638 19.649352462104638 19.649352462104638 19.649352462104638 19.649352462104638 19.649352462104638 19.649352462104638 19.649352462104638 19.649352462104638 19.649352462104638 19.649352462104638 -9999.0 -9999.0 -9999.0 -9999.0 -9999.0
27.213388773803178 27.38847690213665 27.563565030470116 27.738653158803885 27.913741287137352 28.088829415470823 28.26391754380429 28.43900567213776 28.614093800471228 28.789181928804698 28.964270057138165 19.649352462104638 19.649352462104638 19.649352462104638 19.649352462104638 19.649352462104638 19.649352462104638 19.649352462104638 19.649352462104638 19.649352462104638 19.649352462104638 19.649352462104638 19.649352462104638 19.649352462104638 19.649352462104638 19.649352462104638 19.649352462104638 19.649352462104638 19.649352462104638 19.649352462104638 19.649352462104638 19.649352462104638 19.649352462104638 19.649352462104638 19.649352462104638 19.649352462104638 19.649352462104638 19.649352462104638 19.649352462104638 -9999.0 -9999.0 -9999.0 -9999.0 -9999.0
27.007932539186484 27.210584516025612 27.41323649286474 27.615888469704213 27.81854044654334 28.02119242338247 28.223844400221598 28.426496377060726 28.629148353899854 28.831800330738982 29.03445230757811 28.75909799761123 27.97274415900197 27.186390320392704 26.400036481783438 25.613682643174176 24.82732880456357 24.040974965954305 23.25462112734504 22.468267288735774 21.681913450126512 20.89555961151725 20.109205772907984 19.787014225426542 19.96102266314091 20.13503110085528 20.30903953856965 20.483047976284016 20.657056413998387 20.83106485171305 21.005073289427422 21.17908172714179 21.35309016485616 21.527098602570526 21.701107040284896 19.649352462104638 19.649352462104638 19.649352462104638 19.649352462104638 -9999.0 -9999.0 -9999.0 -9999.0 -9999.0
26.894569678876767 27.10377327531422 27.312976871751673 27.522180468189486 27.731384064626937 27.94058766106439 28.149791257501846 28.358994853939297 28.56819845037675 28.777402046814206 28.986605643251657 28.722154295871334 27.951355103889856 27.180555911908378 26.4097567199269 25.638957527945422 24.868158335962633 24.097359143981155 23.326559951999677 22.5557607600182 21.78496156803672 21.014162376055246 20.243363184073765 19.919110959761536 20.072227541537206 20.225344123312876 20.378460705088546 20.531577286864216 20.684693868639886 20.837810450415816 20.990927032191486 21.144043613967156 21.297160195742826 21.450276777518496 21.603393359294166 19.649352462104638 19.649352462104638 19.649352462104638 19.649352462104638 -9999.0 -9999.0 -9999.0 -9999.0 -9999.0
26.781206818566954 26.99696203460274 27.212717250638523 27.428472466674673 27.644227682710458 27.859982898746242 28.075738114782027 28.29149333081781 28.507248546853596 28.72300376288938 28.938758978925165 28.6852105941314 27.929966048777725 27.174721503424045 26.41947695807037 25.664232412716693 24.908987867361727 24.15374332200805 23.398498776654375 22.643254231300695 21.88800968594702 21.132765140593342 20.377520595239666 20.051207694096643 20.183432419933595 20.315657145770547 20.447881871607503 20.580106597444455 20.712331323281408 20.844556049118587 20.97678077495554 21.10900550079249 21.241230226629447 21.3734549524664 21.505679678303352 19.649352462104638 19.649352462104638 19.649352462104638 19.649352462104638 19.649352462104638 19.649352462104638 19.649352462104638 -9999.0 -9999.0
26.667843958257237 26.890150793891348 27.11245762952546 27.334764465159946 27.557071300794057 27.779378136428164 28.001684972062275 28.223991807696386 28.446298643330493 28.668605478964604 28.89091231459871 28.6482668923915 27.908576993665612 27.168887094939723 26.42919719621383 25.689507297487943 24.949817398760793 24.2101275000349 23.470437601309012 22.73074770258312 21.99105780385723 21.25136790513134 20.511678006405454 20.183304428431637 20.294637298329892 20.405970168228144 20.5173030381264 20.628635908024656 20.739968777922908 20.85130164782135 20.962634517719607 21.07396738761786 21.185300257516115 21.296633127414367 21.407965997312623 19.649352462104638 19.649352462104638 19.649352462104638 19.649352462104638 19.649352462104638 19.649352462104638 19.649352462104638 19.649352462104638 19.649352462104638
26.55448109794752 26.783339553179953 27.01219800841239 27.241056463645215 27.46991491887765 27.698773374110086 27.92763182934252 28.156490284574957 28.38534873980739 28.614207195039825 28.843065650272262 28.611323190651603 27.8871879385535 27.163052686455398 26.438917434357293 25.714782182259192 24.990646930159855 24.26651167806175 23.542376425963646 22.818241173865545 22.09410592176744 21.36997066966934 20.645835417571234 20.315401162766634 20.40584217672619 20.496283190685745 20.5867242046453 20.677165218604852 20.767606232564408 20.85804724652412 20.948488260483675 21.03892927444323 21.129370288402786 21.21981130236234 21.310252316321897 19.649352462104638 19.649352462104638 19.649352462104638 19.649352462104638 19.649352462104638 19.649352462104638 19.649352462104638 19.649352462104638 19.649352462104638
26.441118237637806 26.676528312468566 26.911938387299326 27.147348462130488 27.382758536961248 27.618168611792008 27.853578686622768 28.08898876145353 28.32439883628429 28.55980891111505 28.79521898594581 28.574379488911703 27.865798883441386 27.157218277971072 26.448637672500755 25.74005706703044 25.031476461558917 24.3228958560886 23.614315250618283 22.905734645147966 22.197154039677653 21.488573434207336 20.77999282873702 20.447497897101627 20.517047055122482 20.586596213143338 20.656145371164197 20.725694529185052 20.795243687205907 20.864792845226884 20.93434200324774 21.003891161268598 21.073440319289453 21.14298947731031 21.212538635331168 19.649352462104638 19.649352462104638 19.649352462104638 19.649352462104638 19.649352462104638 19.649352462104638 19.649352462104638 19.649352462104638 19.649352462104638
26.327755377328085 26.56971707175717 26.811678766186258 27.053640460615757 27.295602155044843 27.537563849473926 27.779525543903013 28.0214872383321 28.263448932761186 28.505410627190273 28.74737232161936 28.537435787171805 27.844409828329276 27.151383869486747 26.458357910644217 25.765331951801688 25.07230599295798 24.379280034115446 23.68625407527292 22.99322811643039 22.30020215758786 21.607176198745332 20.914150239902803 20.57959463143662 20.62825193351878 20.676909235600935 20.725566537683093 20.774223839765252 20.822881141847407 20.871538443929648 20.920195746011807 20.968853048093965 21.01751035017612 21.06616765225828 21.11482495434044 19.649352462104638 19.649352462104638 19.649352462104638 19.649352462104638 19.649352462104638 19.649352462104638 19.649352462104638 19.649352462104638 19.649352462104638
26.21439251701837 26.46290583104578 26.711419145073194 26.959932459101026 27.20844577312844 27.45695908715585 27.70547240118326 27.95398571521067 28.202499029238083 28.451012343265496 28.699525657292906 28.500492085431905 27.823020773217163 27.14554946100242 26.46807814878768 25.790606836572938 25.11313552435704 24.4356642121423 23.758192899927558 23.080721587712816 22.403250275498074 21.725778963283332 21.04830765106859 20.711691365771614 20.739456811915073 20.76722225805853 20.79498770420199 20.82275315034545 20.850518596488907 20.878284042632412 20.90604948877587 20.93381493491933 20.961580381062788 20.989345827206247 21.017111273349705 19.649352462104638 19.649352462104638 19.649352462104638 19.649352462104638 19.649352462104638 19.649352462104638 19.649352462104638 19.649352462104638 19.649352462104638
26.10102965670856 26.356094590334298 26.61115952396004 26.86622445758622 27.12128939121196 27.376354324837703 27.631419258463445 27.88648419208919 28.14154912571493 28.396614059340674 28.651678992966417 28.463548383691975 27.801631718105035 27.139715052518092 26.477798386931152 25.81588172134421 25.15396505575614 24.492048390169195 23.830131724582255 23.16821505899531 22.506298393408372 21.84438172782143 21.18246506223449 20.84378810010672 20.850661690311462 20.857535280516206 20.864408870720947 20.871282460925688 20.878156051130432 20.885029641335183 20.891903231539928 20.89877682174467 20.90565041194941 20.91252400215415 20.919397592358894 19.649352462104638 19.649352462104638 19.649352462104638 19.649352462104638 19.649352462104638 19.649352462104638 19.649352462104638 19.649352462104638 19.649352462104638
25.98766679639884 26.24928334962291 26.510899902846976 26.77251645607149 27.03413300929556 27.295749562519624 27.557366115743694 27.818982668967763 28.08059922219183 28.342215775415898 28.603832328639964 28.426604681952078 27.780242662992922 27.133880644033766 26.48751862507461 25.841156606115455 25.1947945871552 24.548432568196045 23.90207054923689 23.255708530277733 22.609346511318577 21.962984492359425 21.31662247340027 20.975884834441715 20.961866568707755 20.9478483029738 20.933830037239844 20.919811771505888 20.90579350577193 20.89177524003795 20.877756974303992 20.863738708570036 20.84972044283608 20.835702177102124 20.82168391136817 19.649352462104638 19.649352462104638 19.649352462104638 19.649352462104638 19.649352462104638 19.649352462104638 19.649352462104638 19.649352462104638 19.649352462104638
25.874303936089124 26.142472108911516 26.410640281733908 26.67880845455676 26.946976627379154 27.215144800201546 27.48331297302394 27.751481145846334 28.019649318668726 28.28781749149112 28.55598566431351 28.389660980212177 27.75885360788081 27.12804623554944 26.497238863218072 25.866431490886704 25.235624118554263 24.604816746222895 23.974009373891526 23.343202001560158 22.71239462922879 22.08158725689742 21.450779884566053 21.107981568776708 21.073071447104052 21.038161325431396 21.00325120375874 20.968341082086084 20.93343096041343 20.898520838740716 20.86361071706806 20.828700595395404 20.793790473722748 20.75888035205009 20.723970230377436 19.649352462104638 19.649352462104638 19.649352462104638 19.649352462104638 19.649352462104638 19.649352462104638 19.649352462104638 19.649352462104638 19.649352462104638
25.760941075779407 26.035660868200125 26.310380660620844 26.58510045304203 26.85982024546275 27.13454003788347 27.409259830304187 27.683979622724905 27.958699415145624 28.233419207566342 28.50813899998706 28.352717278472277 27.737464552768696 27.122211827065115 26.506959101361534 25.891706375657954 25.276453649953325 24.66120092424974 24.04594819854616 23.43069547284258 22.815442747139 22.200190021435418 21.584937295731837 21.2400783031117 21.18427632550035 21.128474347888993 21.072672370277637 21.016870392666284 20.96106841505493 20.90526643744348 20.849464459832124 20.79366248222077 20.737860504609415 20.682058526998063 20.626256549386706 19.649352462104638 19.649352462104638 19.649352462104638 19.649352462104638 19.649352462104638 19.649352462104638 19.649352462104638 19.649352462104638 19.649352462104638
25.718567980723776 25.993115094793637 26.2676622088635 26.54220932293383 26.81675643700369 27.09130355107355 27.365850665143412 27.640397779213274 27.914944893283135 28.189492007353 28.46403912142286 28.32016820878327 27.728998964875537 27.137829720967805 26.546660477060072 25.95549123315234 25.3643219892436 24.773152745335867 24.181983501428135 23.590814257520403 22.99964501361267 22.40847576970494 21.817306525797207 21.4811084519514 21.417480324498 21.3538521970446 21.290224069591197 21.2265959421378 21.162967814684396 21.099339687230888 21.035711559777486 20.972083432324084 20.908455304870685 20.844827177417283 20.78119904996388 21.524107967814945 23.129223226761667 24.734338485708392 26.33945374465511 27.944569003601835 29.549684262548553 31.154799521495278 32.75991478044473 34.365030039391456
25.752078468325283 26.019265053550466 26.286451638775645 26.553638224001283 26.820824809226465 27.088011394451648 27.355197979676827 27.62238456490201 27.889571150127193 28.15675773535237 28.423944320577554 28.292316723644493 27.734347748524765 27.176378773405037 26.618409798285306 26.060440823165578 25.502471848044898 24.94450287292517 24.386533897805442 23.828564922685715 23.270595947565987 22.71262697244626 22.15465799732653 21.8385815518856 21.781093690523637 21.723605829161677 21.666117967799714 21.608630106437754 21.551142245075795 21.493654383713736 21.436166522351773 21.378678660989813 21.32119079962785 21.26370293826589 21.206215076903927 21.932809048934427 23.497604232706763 25.0623994164791 26.627194600251435 28.191989784023775 29.75678496779611 31.321580151568448 32.88637533534345 34.45117051911579
25.785588955926787 26.045415012307288 26.305241068687792 26.565067125068737 26.824893181449237 27.084719237829738 27.344545294210242 27.604371350590743 27.864197406971243 28.124023463351747 28.383849519732248 28.26446523850571 27.739696532173987 27.214927825842263 26.69015911951054 26.165390413178816 25.640621706846197 25.115853000514473 24.59108429418275 24.066315587851026 23.541546881519302 23.01677817518758 22.492009468855855 22.196054651819793 22.144707056549272 22.09335946127875 22.04201186600823 21.99066427073771 21.93931667546719 21.88796908019658 21.83662148492606 21.78527388965554 21.733926294385014 21.682578699114494 21.631231103843973 22.341510130053905 23.865985238651856 25.39046034724981 26.91493545584776 28.439410564445716 29.96388567304367 31.48836078164162 33.01283589024217 34.53731099884013
