Figures/CREST_Example_wjb_NSE/Rolling_result/20100722/BJP_forecast/ens_32/wjb.rain.20100726.asc
ncols            288
nrows            254
xllcorner        113.274861
yllcorner        31.4918055
cellsize         0.008333333333
NODATA_value     -9999
[rows 160 to 179 of 254, columns 138 to 183 of 288]
0.0 0.0 0.0 0.0 0.0 0.0 0.0 0.0 0.0 0.0 0.0 0.0 0.0 0.0 0.0 0.0 0.0 0.0 0.0 0.0 0.0 0.02433330664210604 0.07467946852714681 0.1250256304121876 0.17537179229722838 0.22571795418226914 0.2760641160673099 0.32641027795235067 0.3767564398373915 0.42710260172243225 0.477448763607473 0.5277949254925997 0.5781410873776405 0.6009981570941949 0.5944687653966562 0.5879393736991173 0.5814099820015786 0.5748805903040397 0.5683511986065009 0.5618218069089621 0.5552924152114233 0.5487630235138844 0.5422336318163457 0.5357042401188068 0.5291748484212568 0.6420473895660803
0.0 0.0 0.0 0.0 0.0 0.0 0.0 0.0 0.0 0.0 0.0 0.0 0.0 0.0 0.0 0.0 0.0 0.0 0.0 0.0 0.0 0.02470162755442931 0.07580985373883602 0.12691807992324275 0.17802630610764944 0.22913453229205616 0.28024275847646285 0.3313509846608696 0.3824592108452763 0.43356743702968303 0.4846756632140897 0.5357838893985836 0.5868921155829904 0.6107632384150932 0.6055172815783467 0.6002713247416004 0.595025367904854 0.5897794110681076 0.5845334542313613 0.5792874973946149 0.5740415405578685 0.5687955837211222 0.5635496268843758 0.5583036700476294 0.553057713210874 0.6658878013686941
0.0 0.0 0.0 0.0 0.0 0.0 0.0 0.0 0.0 0.0 0.0 0.0 0.0 0.0 0.0 0.0 0.0 0.0 0.0 0.0 0.0 0.025069948466752576 0.07694023895052522 0.12881052943429788 0.18068081991807053 0.23255111040184318 0.28442140088561585 0.33629169136938847 0.38816198185316114 0.4400322723369338 0.49190256282070643 0.5437728533045676 0.5956431437883402 0.6205283197359913 0.6165657977600374 0.6126032757840835 0.6086407538081295 0.6046782318321756 0.6007157098562217 0.5967531878802678 0.5927906659043138 0.5888281439283599 0.584865621952406 0.5809030999764521 0.5769405780004914 0.6897282131713077
0.0 0.0 0.0 0.0 0.0 0.0 0.0 0.0 0.0 0.0 0.0 0.0 0.0 0.0 0.0 0.0 0.0 0.0 0.0 0.0 0.0 0.02543826937907616 0.07807062416221541 0.13070297894535465 0.18333533372849392 0.23596768851163316 0.2886000432947724 0.34123239807791167 0.39386475286105094 0.44649710764419015 0.4991294624273294 0.5517618172105584 0.6043941719936977 0.6302934010568979 0.6276143139417375 0.6249352268265771 0.6222561397114167 0.6195770525962563 0.616897965481096 0.6142188783659356 0.6115397912507752 0.6088607041356148 0.6061816170204544 0.603502529905294 0.600823442790129 0.7135686249739418
0.0 0.0 0.0 0.0 0.0 0.0 0.0 0.0 0.0 0.0 0.0 0.0 0.0 0.0 0.0 0.0 0.0 0.0 0.0 0.0 0.0 0.02580659029139943 0.07920100937390463 0.13259542845640981 0.185989847538915 0.2393842666214202 0.2927786857039254 0.3461731047864306 0.3995675238689358 0.452961942951441 0.5063563620339462 0.5597507811165424 0.6131452001990476 0.6400584823777961 0.6386628301234282 0.6372671778690602 0.6358715256146923 0.6344758733603243 0.6330802211059563 0.6316845688515884 0.6302889165972204 0.6288932643428525 0.6274976120884845 0.6261019598341167 0.6247063075797463 0.7374090367765554
0.0 0.0 0.0 0.0 0.0 0.0 0.0 0.0 0.0 0.0 0.0 0.0 0.0 0.0 0.0 0.0 0.0 0.0 0.0 0.0 0.0 0.026174911203722697 0.08033139458559384 0.13448787796746497 0.1886443613493361 0.24280084473120725 0.2969573281130784 0.3511138114949495 0.40527029487682065 0.45942677825869177 0.5135832616405629 0.5677397450225264 0.6218962284043975 0.6498235636986943 0.6497113463051187 0.6495991289115433 0.6494869115179678 0.6493746941243923 0.6492624767308167 0.6491502593372412 0.6490380419436658 0.6489258245500903 0.6488136071565147 0.6487013897629392 0.6485891723693635 0.7612494485791691
0.0 0.0 0.0 0.0 0.0 0.0 0.0 0.0 0.0 0.0 0.0 0.0 0.0 0.0 0.0 0.0 0.0 0.0 0.0 0.0 0.0 0.02654323211604596 0.08146177979728304 0.1363803274785201 0.1912988751597572 0.24621742284099427 0.30113597052223134 0.3560545182034684 0.4109730658847055 0.46589161356594255 0.5208101612471796 0.5757287089285104 0.6306472566097474 0.6595886450195925 0.6607598624868094 0.6619310799540263 0.6631022974212433 0.6642735148884602 0.6654447323556771 0.6666159498228941 0.667787167290111 0.6689583847573279 0.6701296022245449 0.6713008196917618 0.6724720371589809 0.7850898603817827
0.0 0.0 0.0 0.0 0.0 0.0 0.0 0.0 0.0 0.0 0.0 0.0 0.0 0.0 0.0 0.0 0.0 0.0 0.0 0.0 0.0 0.02691155302836923 0.08259216500897225 0.13827277698957527 0.19395338897017828 0.24963400095078128 0.3053146129313843 0.3609952249119873 0.4166758368925903 0.47235644887319334 0.5280370608537963 0.5837176728344943 0.6393982848150973 0.6693537263404906 0.6718083786685 0.6742630309965094 0.6767176833245188 0.6791723356525282 0.6816269879805376 0.6840816403085469 0.6865362926365564 0.6889909449645657 0.691445597292575 0.6939002496205845 0.6963549019485981 0.8089302721843964
0.0 0.0 0.0 0.0 0.0 0.0 0.0 0.0 0.0 0.0 0.0 0.0 0.0 0.0 0.0 0.0 0.0 0.0 0.0 0.0 0.0 0.0272798739406925 0.08372255022066145 0.14016522650063043 0.1966079027805994 0.2530505790605683 0.3094932553405373 0.36593593162050625 0.4223786079004752 0.4788212841804442 0.5352639604604131 0.5917066367404784 0.6481493130204473 0.6791188076613888 0.6828568948501906 0.6865949820389925 0.6903330692277942 0.6940711564165961 0.697809243605398 0.7015473307941997 0.7052854179830016 0.7090235051718035 0.7127615923606053 0.7164996795494071 0.7202377667382153 0.83277068398701
0.0 0.0 0.0 0.0 0.0 0.0 0.0 0.0 0.0 0.0 0.0 0.0 0.0 0.0 0.0 0.0 0.0 0.0 0.0 0.0 0.0 0.02636371792522813 0.0809108466848815 0.13545797544453486 0.19000510420418823 0.2445522329638416 0.29909936172349494 0.35364649048314833 0.4081936192428017 0.46274074800245507 0.5172878767621084 0.5718350055218548 0.6263821342815082 0.656607047312741 0.660830961488585 0.6650548756644291 0.6692787898402731 0.6735027040161172 0.6777266181919612 0.6819505323678053 0.6861744465436493 0.6903983607194933 0.6946222748953375 0.6988461890711815 0.7030701032470328 0.8137837095990864
0.0 0.0 0.0 0.0 0.0 0.0 0.0 0.0 0.0 0.0 0.0 0.0 0.0 0.0 0.0 0.0 0.0 0.0 0.0 0.0 0.0 0.024074537040151292 0.07388529876513335 0.12369606049011542 0.17350682221509747 0.22331758394007953 0.2731283456650616 0.32293910739004367 0.3727498691150257 0.4225606308400078 0.47237139256498983 0.5221821542900569 0.5719929160150389 0.5995933777696937 0.6034505263922507 0.6073076750148079 0.611164823637365 0.6150219722599221 0.6188791208824792 0.6227362695050362 0.6265934181275934 0.6304505667501504 0.6343077153727076 0.6381648639952646 0.6420220126178283 0.7490169589707478
0.0 0.0 0.0 0.0 0.0 0.0 0.0 0.0 0.0 0.0 0.0 0.0 0.0 0.0 0.0 0.0 0.0 0.0 0.0 0.0 0.0 0.021785356155076402 0.06685975084539118 0.11193414553570598 0.15700854022602076 0.20208293491633555 0.24715732960665032 0.29223172429696515 0.3373061189872799 0.3823805136775947 0.4274549083679095 0.47252930305830115 0.5176036977486159 0.5425797082266949 0.5460700912959654 0.5495604743652358 0.5530508574345063 0.5565412405037767 0.5600316235730473 0.5635220066423177 0.5670123897115882 0.5705027727808586 0.5739931558501291 0.5774835389193995 0.5809739219886759 0.6842502083424645
0.0 0.0 0.0 0.0 0.0 0.0 0.0 0.0 0.0 0.0 0.0 0.0 0.0 0.0 0.0 0.0 0.0 0.0 0.0 0.0 0.0 0.01949617527000152 0.05983420292564904 0.10017223058129655 0.14051025823694407 0.1808482858925916 0.22118631354823912 0.2615243412038866 0.30186236885953416 0.3422003965151817 0.38253842417082917 0.4228764518265455 0.463214479482193 0.4855660386836962 0.48868965619968 0.49181327371566386 0.4949368912316477 0.4980605087476315 0.5011841262636153 0.5043077437795992 0.507431361295583 0.5105549788115669 0.5136785963275506 0.5168022138435344 0.5199258313595236 0.6194834577141811
0.0 0.0 0.0 0.0 0.0 0.0 0.0 0.0 0.0 0.0 0.0 0.0 0.0 0.0 0.0 0.0 0.0 0.0 0.0 0.0 0.0 0.01720699438492663 0.052808655005906875 0.08841031562688713 0.12401197624786736 0.1596136368688476 0.19521529748982785 0.2308169581108081 0.26641861873178835 0.3020202793527686 0.33762193997374884 0.3732236005947898 0.40882526121577006 0.42855236914069744 0.43130922110339465 0.4340660730660918 0.436822925028789 0.4395797769914862 0.4423366289541834 0.4450934809168806 0.4478503328795778 0.450607184842275 0.45336403680497217 0.4561208887676694 0.4588777407303713 0.5547167070858978
0.0 0.0 0.0 0.0 0.0 0.0 0.0 0.0 0.0 0.0 0.0 0.0 0.0 0.0 0.0 0.0 0.0 0.0 0.0 0.0 0.0 0.014917813499851742 0.04578310708616472 0.07664840067247769 0.10751369425879068 0.13837898784510363 0.16924428143141662 0.2001095750177296 0.23097486860404257 0.26184016219035555 0.2927054557766685 0.32357074936303415 0.3544360429493471 0.3715386995976987 0.37392878600710927 0.37631887241651985 0.3787089588259304 0.38109904523534094 0.3834891316447515 0.3858792180541621 0.38826930446357266 0.3906593908729832 0.39304947728239376 0.39543956369180433 0.39782965010121896 0.4899499564576146
0.0 0.0 0.0 0.0 0.0 0.0 0.0 0.0 0.0 0.0 0.0 0.0 0.0 0.0 0.0 0.0 0.0 0.0 0.0 0.0 0.0 0.012628632614776852 0.03875755916642255 0.06488648571806825 0.09101541226971395 0.11714433882135965 0.14327326537300536 0.16940219192465106 0.19553111847629676 0.22166004502794245 0.24778897157958815 0.2739178981312784 0.3000468246829241 0.3145250300546999 0.31654835091082384 0.3185716717669478 0.32059499262307173 0.3226183134791956 0.32464163433531956 0.3266649551914435 0.32868827604756745 0.33071159690369134 0.3327349177598153 0.33475823861593923 0.3367815594720666 0.4251832058293312
0.0 0.0 0.0 0.0 0.0 0.0 0.0 0.0 0.0 0.0 0.0 0.0 0.0 0.0 0.0 0.0 0.0 0.0 0.0 0.0 0.0 0.010339451729700013 0.03173201124667441 0.0531245707636488 0.07451713028062319 0.09590968979759758 0.11730224931457198 0.13869480883154636 0.16008736834852075 0.18147992786549513 0.20287248738246955 0.2242650468994804 0.24565760641645482 0.2575113605116526 0.25916791581448956 0.26082447111732654 0.2624810264201635 0.2641375817230005 0.2657941370258375 0.26745069232867447 0.26910724763151145 0.27076380293434843 0.2724203582371854 0.2740769135400224 0.2757334688428622 0.36041645520099275
0.0 0.0 0.0 0.0 0.0 0.0 0.0 0.0 0.0 0.0 0.0 0.0 0.0 0.0 0.0 0.0 0.0 0.0 0.0 0.0 0.0 0.008050270844625125 0.024706463326932243 0.04136265580923936 0.05801884829154648 0.07467504077385359 0.09133123325616072 0.10798742573846783 0.12464361822077495 0.14129981070308206 0.1579560031853892 0.1746121956677247 0.19126838815003183 0.20049769096865383 0.20178748071820418 0.20307727046775453 0.20436706021730489 0.20565684996685524 0.2069466397164056 0.2082364294659559 0.20952621921550627 0.21081600896505662 0.21210579871460697 0.21339558846415732 0.21468537821370987 0.2956497045727094
0.0 0.0 0.0 0.0 0.0 0.0 0.0 0.0 0.0 0.0 0.0 0.0 0.0 0.0 0.0 0.0 0.0 0.0 0.0 0.0 0.0 0.0057610899595502375 0.017680915407190086 0.02960074085482993 0.04152056630246977 0.053440391750109624 0.06536021719774947 0.07728004264538932 0.08919986809302916 0.101119693540669 0.11303951898830886 0.12495934443596902 0.13687916988360888 0.14348402142565508 0.1444070456219188 0.1453300698181825 0.14625309401444622 0.14717611821070994 0.14809914240697367 0.14902216660323736 0.14994519079950108 0.1508682149957648 0.15179123919202853 0.15271426338829225 0.15363728758455752 0.2308829539444261
0.0 0.0 0.0 0.0 0.0 0.0 0.0 0.0 0.0 0.0 0.0 0.0 0.0 0.0 0.0 0.0 0.0 0.0 0.0 0.0 0.0 0.00347190907447535 0.010655367487447925 0.017838825900420498 0.025022284313393074 0.03220574272636565 0.03938920113933822 0.0465726595523108 0.05375611796528337 0.06093957637825594 0.06812303479122853 0.07530649320421334 0.08248995161718592 0.08647035188265634 0.08702661052563342 0.08758286916861051 0.08813912781158759 0.08869538645456466 0.08925164509754176 0.08980790374051884 0.09036416238349591 0.090920421026473 0.09147667966945008 0.09203293831242718 0.0925891969554052 0.1661162033161428
