Figures/CREST_Example_wjb_NSE/Rolling_result/20100722/BJP_forecast/ens_32/wjb.rain.20100324.asc
ncols            288
nrows            254
xllcorner        113.274861
yllcorner        31.4918055
cellsize         0.008333333333
NODATA_value     -9999
[rows 110 to 131 of 254, columns 196 to 244 of 288]
0.002696778336807986 0.0045148474998945995 0.0063329166629812125 0.008150985826067825 0.009969054989154439 0.011787124152241051 0.013605193315327665 0.015423262478414279 0.017241331641500893 0.019059400804587505 0.020877469967674117 0.021816829957913658 0.021816829957913658 0.021816829957913658 0.021816829957913658 0.021816829957913658 0.021816829957913658 0.021816829957913658 0.021816829957913658 0.021816829957913658 0.021816829957913658 0.021816829957913658 0.021816829957913658 0.02389622753634364 0.028198548185438144 0.03250086883453998 0.036803189483634494 0.04110551013272899 0.045407830781823505 0.049710151430918004 0.054012472080012516 0.058314792729107015 0.06261711337820151 0.06691943402729603 0.07122175467639053 0.07344467774912403 0.07344467774912403 0.07344467774912403 0.07344467774912403 0.07344467774912403 -9999.0 -9999.0 -9999.0 -9999.0 -9999.0 -9999.0 -9999.0 -9999.0 -9999.0
0.0024403491722087807 0.00408554318634055 0.00573073720047232 0.007375931214604089 0.009021125228735858 0.010666319242867628 0.012311513256999397 0.013956707271131167 0.015601901285262936 0.017247095299394707 0.018892289313526475 0.0197423281703724 0.0197423281703724 0.0197423281703724 0.0197423281703724 0.0197423281703724 0.0197423281703724 0.0197423281703724 0.0197423281703724 0.0197423281703724 0.0197423281703724 0.0197423281703724 0.0197423281703724 0.022040557646172715 0.026795646443361232 0.03155073524055786 0.036305824037746376 0.0410609128349349 0.04581600163212342 0.05057109042931193 0.05532617922650045 0.06008126802368897 0.06483635682087749 0.069591445618066 0.07434653441525452 0.07680339373892943 0.07680339373892943 0.07680339373892943 0.07680339373892943 0.07680339373892943 0.07680339373892943 -9999.0 -9999.0 -9999.0 -9999.0 -9999.0 -9999.0 -9999.0 -9999.0
0.002183920007609795 0.0036562388727868684 0.005128557737963942 0.006600876603141016 0.00807319546831809 0.009545514333495162 0.011017833198672236 0.012490152063849309 0.013962470929026383 0.015434789794203457 0.01690710865938053 0.017667826382832912 0.017667826382832912 0.017667826382832912 0.017667826382832912 0.017667826382832912 0.017667826382832912 0.017667826382832912 0.017667826382832912 0.017667826382832912 0.017667826382832912 0.017667826382832912 0.017667826382832912 0.020184887756003377 0.02539274470128552 0.030600601646576547 0.03580845859185869 0.041016315537140836 0.046224172482422984 0.051432029427705125 0.056639886372987266 0.06184774331826942 0.06705560026355156 0.0722634572088337 0.07747131415411586 0.08016210972873197 0.08016210972873197 0.08016210972873197 0.08016210972873197 0.08016210972873197 0.08016210972873197 0.08016210972873197 0.08016210972873197 -9999.0 -9999.0 0.08016210972873197 -9999.0 -9999.0 -9999.0
0.0019274908430108087 0.003226934559233186 0.004526378275455563 0.00582582199167794 0.007125265707900318 0.008424709424122696 0.009724153140345073 0.01102359685656745 0.012323040572789828 0.013622484289012205 0.014921928005234583 0.015593324595293424 0.015593324595293424 0.015593324595293424 0.015593324595293424 0.015593324595293424 0.015593324595293424 0.015593324595293424 0.015593324595293424 0.015593324595293424 0.015593324595293424 0.015593324595293424 0.015593324595293424 0.018329217865834035 0.02398984295920981 0.02965046805259524 0.035311093145971015 0.04097171823934678 0.046632343332722564 0.05229296842609833 0.05795359351947411 0.06361421861284988 0.06927484370622566 0.07493546879960143 0.0805960938929772 0.08352082571853453 0.08352082571853453 0.08352082571853453 0.08352082571853453 0.08352082571853453 0.08352082571853453 0.08352082571853453 0.08352082571853453 0.08352082571853453 0.08352082571853453 0.08352082571853453 0.08352082571853453 0.08613075566274171 -9999.0
0.0016710616784118223 0.0027976302456795034 0.003924198812947185 0.005050767380214866 0.006177335947482547 0.0073039045147502285 0.008430473082017909 0.009557041649285591 0.010683610216553271 0.011810178783820954 0.012936747351088634 0.013518822807753936 0.013518822807753936 0.013518822807753936 0.013518822807753936 0.013518822807753936 0.013518822807753936 0.013518822807753936 0.013518822807753936 0.013518822807753936 0.013518822807753936 0.013518822807753936 0.013518822807753936 0.016473547975664693 0.022586941217134095 0.028700334458613922 0.03481372770008333 0.04092712094155272 0.04704051418302213 0.053153907424491526 0.05926730066596092 0.06538069390743033 0.07149408714889972 0.07760748039036912 0.08372087363183853 0.08687954170833707 0.08687954170833707 0.08687954170833707 0.08687954170833707 0.08687954170833707 0.08687954170833707 0.08687954170833707 0.08687954170833707 0.08687954170833707 0.08687954170833707 0.08687954170833707 0.08687954170833707 0.0891530850985354 0.09385709783528116
0.0014146325138128365 0.002368325932125822 0.003322019350438807 0.004275712768751792 0.0052294061870647775 0.006183099605377763 0.007136793023690748 0.008090486442003733 0.009044179860316718 0.009997873278629704 0.010951566696942689 0.01144432102021445 0.01144432102021445 0.01144432102021445 0.01144432102021445 0.01144432102021445 0.01144432102021445 0.01144432102021445 0.01144432102021445 0.01144432102021445 0.01144432102021445 0.01144432102021445 0.01144432102021445 0.014617878085495356 0.021184039475058383 0.02775020086463261 0.03431636225419564 0.04088252364375867 0.04744868503332169 0.05401484642288472 0.06058100781244775 0.06714716920201078 0.07371333059157381 0.08027949198113683 0.08684565337069985 0.09023825769813962 0.09023825769813962 0.09023825769813962 0.09023825769813962 0.09023825769813962 0.09023825769813962 0.09023825769813962 0.09023825769813962 0.09023825769813962 0.09023825769813962 0.09023825769813962 0.09023825769813962 0.09217541453432909 0.09618343587660684
0.0011582033492138503 0.0019390216185721397 0.0027198398879304288 0.0035006581572887183 0.004281476426647008 0.005062294696005297 0.005843112965363586 0.006623931234721875 0.007404749504080164 0.008185567773438453 0.008966386042796743 0.009369819232674962 0.009369819232674962 0.009369819232674962 0.009369819232674962 0.009369819232674962 0.009369819232674962 0.009369819232674962 0.009369819232674962 0.009369819232674962 0.009369819232674962 0.009369819232674962 0.009369819232674962 0.012762208195326016 0.019781137732982672 0.026800067270651297 0.033818996808307945 0.04083792634596461 0.047856855883621256 0.05487578542127791 0.06189471495893457 0.06891364449659122 0.07593257403424787 0.08295150357190453 0.08997043310956118 0.09359697368794216 0.09359697368794216 0.09359697368794216 0.09359697368794216 0.09359697368794216 0.09359697368794216 0.09359697368794216 0.09359697368794216 0.09359697368794216 0.09359697368794216 0.09359697368794216 0.09359697368794216 0.09519774397012278 0.09850977391793252
0.0009017741846148641 0.0015097173050184572 0.0021176604254220504 0.0027256035458256434 0.0033335466662292364 0.0039414897866328295 0.0045494329070364225 0.0051573760274400155 0.005765319147843609 0.006373262268247202 0.0069812053886507955 0.0072953174451354744 0.0072953174451354744 0.0072953174451354744 0.0072953174451354744 0.0072953174451354744 0.0072953174451354744 0.0072953174451354744 0.0072953174451354744 0.0072953174451354744 0.0072953174451354744 0.0072953174451354744 0.0072953174451354744 0.010906538305156675 0.018378235990906957 0.025849933676669982 0.033321631362420265 0.04079332904817054 0.04826502673392082 0.055736724419671105 0.0632084221054214 0.07068011979117167 0.07815181747692196 0.08562351516267223 0.09309521284842252 0.0969556896777447 0.0969556896777447 0.0969556896777447 0.0969556896777447 0.0969556896777447 0.0969556896777447 0.0969556896777447 0.0969556896777447 0.0969556896777447 0.0969556896777447 0.0969556896777447 0.0969556896777447 0.09822007340591647 0.10083611195925819
0.0006453450200156593 0.001080412991464409 0.0015154809629131585 0.0019505489343619082 0.002385616905810658 0.0028206848772594074 0.003255752848708157 0.003690820820156907 0.004125888791605656 0.004560956763054406 0.004996024734503155 0.005220815657594218 0.005220815657594218 0.005220815657594218 0.005220815657594218 0.005220815657594218 0.005220815657594218 0.005220815657594218 0.005220815657594218 0.005220815657594218 0.005220815657594218 0.005220815657594218 0.005220815657594218 0.009050868414985754 0.01697533424883005 0.02489980008268786 0.032824265916532154 0.04074873175037645 0.04867319758422075 0.05659766341806504 0.06452212925190934 0.07244659508575363 0.08037106091959793 0.08829552675344222 0.09621999258728652 0.10031440566755012 0.10031440566755012 0.10031440566755012 0.10031440566755012 0.10031440566755012 0.10031440566755012 0.10031440566755012 0.10031440566755012 0.10031440566755012 0.10031440566755012 0.10031440566755012 0.10031440566755012 0.10124240284171274 0.10316245000058587
0.0003889158554166733 0.000651108677910727 0.0009133015004047806 0.0011754943228988342 0.0014376871453928878 0.0016998799678869417 0.001962072790380995 0.002224265612875049 0.0024864584353691023 0.002748651257863156 0.00301084408035721 0.003146313870054731 0.003146313870054731 0.003146313870054731 0.003146313870054731 0.003146313870054731 0.003146313870054731 0.003146313870054731 0.003146313870054731 0.003146313870054731 0.003146313870054731 0.003146313870054731 0.003146313870054731 0.007195198524816413 0.015572432506754335 0.023949666488706542 0.03232690047064447 0.04070413445258239 0.04908136843452031 0.057458602416458227 0.06583583639839616 0.07421307038033408 0.08259030436227201 0.09096753834420993 0.09934477232614784 0.10367312165735267 0.10367312165735267 0.10367312165735267 0.10367312165735267 0.10367312165735267 0.10367312165735267 0.10367312165735267 0.10367312165735267 0.10367312165735267 0.10367312165735267 0.10367312165735267 0.10367312165735267 0.10426473227750643 0.10548878804191154
0.00013248669081768714 0.0002218043643570447 0.00031112203789640226 0.0004004397114357598 0.0004897573849751174 0.0005790750585144749 0.0006683927320538324 0.0007577104055931901 0.0008470280791325476 0.0009363457526719052 0.0010256634262112627 0.0010718120825152432 0.0010718120825152432 0.0010718120825152432 0.0010718120825152432 0.0010718120825152432 0.0010718120825152432 0.0010718120825152432 0.0010718120825152432 0.0010718120825152432 0.0010718120825152432 0.0010718120825152432 0.0010718120825152432 0.005339528634647073 0.014169530764678624 0.02299953289472523 0.031829535024756786 0.04065953715478833 0.04948953928481988 0.058319541414851434 0.06714954354488299 0.07597954567491454 0.0848095478049461 0.09363954993497764 0.1024695520650092 0.10703183764715522 0.10703183764715522 0.10703183764715522 0.10703183764715522 0.10703183764715522 0.10703183764715522 0.10703183764715522 0.10703183764715522 0.10703183764715522 0.10703183764715522 0.10703183764715522 0.10703183764715522 0.10728706171330013 0.10781512608323723
0.015715153137378313 0.017447100166543293 0.01917904719570827 0.02091099422487325 0.022642941254038228 0.024374888283203208 0.026106835312368185 0.027838782341533162 0.029570729370698143 0.03130267639986312 0.033034623429028104 0.03392948583439981 0.03392948583439981 0.03392948583439981 0.03392948583439981 0.03392948583439981 0.03392948583439981 0.03392948583439981 0.03392948583439981 0.03392948583439981 0.03392948583439981 0.03392948583439981 0.03392948583439981 0.038811134377590595 0.04891137569115864 0.059011617004743895 0.06911185831831193 0.07921209963187997 0.08931234094544802 0.09941258225901604 0.10951282357258409 0.11961306488615213 0.12971330619972016 0.1398135475132882 0.14991378882685624 0.15513238160209064 0.15513238160209064 0.15513238160209064 0.15513238160209064 0.15513238160209064 0.15513238160209064 0.15513238160209064 0.15513238160209064 0.15513238160209064 0.15513238160209064 0.15513238160209064 0.15513238160209064 0.15361396081242418 0.1504723138286349
0.048228814254662786 0.053544050500744164 0.05885928674682554 0.06417452299290692 0.0694897592389883 0.07480499548506966 0.08012023173115104 0.08543546797723242 0.0907507042233138 0.09606594046939518 0.10138117671547656 0.10412745302311888 0.10412745302311888 0.10412745302311888 0.10412745302311888 0.10412745302311888 0.10412745302311888 0.10412745302311888 0.10412745302311888 0.10412745302311888 0.10412745302311888 0.10412745302311888 0.10412745302311888 0.11004537064938884 0.12228967614789066 0.13453398164641336 0.14677828714491517 0.159022592643417 0.1712668981419188 0.18351120364042064 0.19575550913892248 0.20799981463742429 0.2202441201359261 0.23248842563442793 0.24473273113292973 0.2510591190110498 0.2510591190110498 0.2510591190110498 0.2510591190110498 0.2510591190110498 0.2510591190110498 0.2510591190110498 0.2510591190110498 0.2510591190110498 0.2510591190110498 0.2510591190110498 0.2510591190110498 0.24623071484943052 0.236240637346475
0.0807424753719472 0.08964100083494499 0.09853952629794277 0.10743805176094054 0.11633657722393834 0.1252351026869361 0.1341336281499339 0.14303215361293167 0.15193067907592944 0.16082920453892724 0.16972773000192504 0.17432542021183794 0.17432542021183794 0.17432542021183794 0.17432542021183794 0.17432542021183794 0.17432542021183794 0.17432542021183794 0.17432542021183794 0.17432542021183794 0.17432542021183794 0.17432542021183794 0.17432542021183794 0.18127960692118708 0.1956679766046227 0.21005634628808284 0.22444471597151844 0.23883308565495406 0.2532214553383897 0.2676098250218253 0.2819981947052609 0.2963865643886965 0.31077493407213214 0.32516330375556773 0.3395516734390034 0.3469858564200091 0.3469858564200091 0.3469858564200091 0.3469858564200091 0.3469858564200091 0.3469858564200091 0.3469858564200091 0.3469858564200091 0.3469858564200091 0.3469858564200091 0.3469858564200091 0.3469858564200091 0.33884746888643696 0.3220089608643152
0.11325613648925936 0.1257379511691766 0.13821976584909385 0.15070158052901111 0.16318339520892836 0.1756652098888456 0.18814702456876287 0.20062883924868008 0.21311065392859735 0.2255924686085146 0.23807428328843183 0.24452338740061696 0.24452338740061696 0.24452338740061696 0.24452338740061696 0.24452338740061696 0.24452338740061696 0.24452338740061696 0.24452338740061696 0.24452338740061696 0.24452338740061696 0.24452338740061696 0.24452338740061696 0.25251384319304615 0.26904627706141737 0.2855787109298168 0.302111144798188 0.31864357866655924 0.33517601253493046 0.3517084464033017 0.36824088027167284 0.3847733141400441 0.4013057480084153 0.4178381818767865 0.43437061574515773 0.4429125938290501 0.4429125938290501 0.4429125938290501 0.4429125938290501 0.4429125938290501 0.4429125938290501 0.4429125938290501 0.4429125938290501 0.4429125938290501 0.4429125938290501 0.4429125938290501 0.4429125938290501 0.4314642229235223 0.40777728438222843
0.1457697976065438 0.16183490150337745 0.17790000540021111 0.19396510929704475 0.2100302131938784 0.22609531709071207 0.2421604209875457 0.25822552488437933 0.274290628781213 0.29035573267804665 0.3064208365748803 0.31472135458933603 0.31472135458933603 0.31472135458933603 0.31472135458933603 0.31472135458933603 0.31472135458933603 0.31472135458933603 0.31472135458933603 0.31472135458933603 0.31472135458933603 0.31472135458933603 0.31472135458933603 0.3237480794648444 0.3424245775181494 0.3611010755714863 0.37977757362479125 0.3984540716780963 0.4171305697314013 0.4358070677847063 0.4544835658380113 0.4731600638913163 0.49183656194462133 0.5105130599979264 0.5291895580512314 0.5388393312380094 0.5388393312380094 0.5388393312380094 0.5388393312380094 0.5388393312380094 0.5388393312380094 0.5388393312380094 0.5388393312380094 0.5388393312380094 0.5388393312380094 0.5388393312380094 0.5388393312380094 0.5240809769605288 0.49354560790006863
0.17828345872382825 0.1979318518375783 0.21758024495132836 0.2372286380650784 0.2568770311788285 0.27652542429257854 0.29617381740632853 0.31582221052007864 0.3354706036338287 0.35511899674757874 0.3747673898613288 0.3849193217780551 0.3849193217780551 0.3849193217780551 0.3849193217780551 0.3849193217780551 0.3849193217780551 0.3849193217780551 0.3849193217780551 0.3849193217780551 0.3849193217780551 0.3849193217780551 0.3849193217780551 0.39498231573664266 0.41580287797488147 0.43662344021315574 0.45744400245139455 0.47826456468963335 0.49908512692787216 0.5199056891661109 0.5407262514043497 0.5615468136425885 0.5823673758808273 0.6031879381190661 0.6240085003573049 0.6347660686469687 0.6347660686469687 0.6347660686469687 0.6347660686469687 0.6347660686469687 0.6347660686469687 0.6347660686469687 0.6347660686469687 0.6347660686469687 0.6347660686469687 0.6347660686469687 0.6347660686469687 0.6166977309975352 0.5793139314179089
0.21079711984111268 0.23402880217177915 0.2572604845024456 0.28049216683311207 0.3037238491637785 0.326955531494445 0.3501872138251114 0.3734188961557779 0.39665057848644436 0.4198822608171108 0.4431139431477772 0.45511728896677417 0.45511728896677417 0.45511728896677417 0.45511728896677417 0.45511728896677417 0.45511728896677417 0.45511728896677417 0.45511728896677417 0.45511728896677417 0.45511728896677417 0.45511728896677417 0.45511728896677417 0.4662165520084409 0.48918117843161346 0.5121458048548252 0.5351104312779978 0.5580750577011704 0.581039684124343 0.6040043105475156 0.6269689369706882 0.6499335633938608 0.6728981898170334 0.695862816240206 0.7188274426633785 0.730692806055928 0.730692806055928 0.730692806055928 0.730692806055928 0.730692806055928 0.730692806055928 0.730692806055928 0.730692806055928 0.730692806055928 0.730692806055928 0.730692806055928 0.730692806055928 0.7093144850345416 0.665082254935749
0.24331078095839714 0.27012575250598 0.29694072405356287 0.3237556956011457 0.35057066714872853 0.3773856386963114 0.4042006102438943 0.43101558179147714 0.45783055333906 0.48464552488664286 0.5114604964342258 0.5253152561554932 0.5253152561554932 0.5253152561554932 0.5253152561554932 0.5253152561554932 0.5253152561554932 0.5253152561554932 0.5253152561554932 0.5253152561554932 0.5253152561554932 0.5253152561554932 0.5253152561554932 0.5374507882802392 0.5625594788883456 0.5876681694964947 0.6127768601046011 0.6378855507127075 0.6629942413208139 0.6881029319289202 0.7132116225370266 0.738320313145133 0.7634290037532394 0.7885376943613458 0.8136463849694522 0.8266195434648873 0.8266195434648873 0.8266195434648873 0.8266195434648873 0.8266195434648873 0.8266195434648873 0.8266195434648873 0.8266195434648873 0.8266195434648873 0.8266195434648873 0.8266195434648873 0.8266195434648873 0.8019312390715481 0.7508505784535893
0.2758244420756816 0.3062227028401808 0.3366209636046801 0.36701922436917933 0.39741748513367864 0.42781574589817795 0.4582140066626772 0.48861226742717645 0.5190105281916757 0.549408788956175 0.5798070497206742 0.5955132233442124 0.5955132233442124 0.5955132233442124 0.5955132233442124 0.5955132233442124 0.5955132233442124 0.5955132233442124 0.5955132233442124 0.5955132233442124 0.5955132233442124 0.5955132233442124 0.5955132233442124 0.6086850245520375 0.6359377793450777 0.6631905341381643 0.6904432889312044 0.7176960437242447 0.7449487985172848 0.772201553310325 0.7994543081033652 0.8267070628964053 0.8539598176894454 0.8812125724824856 0.9084653272755259 0.9225462808738466 0.9225462808738466 0.9225462808738466 0.9225462808738466 0.9225462808738466 0.9225462808738466 0.9225462808738466 0.9225462808738466 0.9225462808738466 0.9225462808738466 0.9225462808738466 0.9225462808738466 0.8945479931085546 0.8366189019714294
0.308338103192966 0.3423196531743817 0.37630120315579735 0.41028275313721296 0.44426430311862863 0.4782458531000443 0.51222740308146 0.5462089530628756 0.5801905030442913 0.6141720530257069 0.6481536030071227 0.6657111905329314 0.6657111905329314 0.6657111905329314 0.6657111905329314 0.6657111905329314 0.6657111905329314 0.6657111905329314 0.6657111905329314 0.6657111905329314 0.6657111905329314 0.6657111905329314 0.6657111905329314 0.6799192608238356 0.7093160798018096 0.7387128987798337 0.7681097177578077 0.7975065367357816 0.8269033557137556 0.8563001746917296 0.8856969936697036 0.9150938126476775 0.9444906316256515 0.9738874506036255 1.0032842695815993 1.018473018282806 1.018473018282806 1.018473018282806 1.018473018282806 1.018473018282806 1.018473018282806 1.018473018282806 1.018473018282806 1.018473018282806 1.018473018282806 1.018473018282806 1.018473018282806 0.987164747145561 0.9223872254892697
0.3408517643102782 0.3784166035086133 0.4159814427069485 0.45354628190528357 0.4911111211036187 0.5286759603019539 0.5662407995002889 0.6038056386986241 0.6413704778969592 0.6789353170952943 0.7165001562936295 0.7359091577217104 0.7359091577217104 0.7359091577217104 0.7359091577217104 0.7359091577217104 0.7359091577217104 0.7359091577217104 0.7359091577217104 0.7359091577217104 0.7359091577217104 0.7359091577217104 0.7359091577217104 0.7511534970956947 0.7826943802586043 0.8142352634215677 0.8457761465844773 0.8773170297473868 0.9088579129102964 0.940398796073206 0.9719396792361156 1.0034805623990253 1.0350214455619349 1.0665623287248442 1.0981032118877538 1.114399755691847 1.114399755691847 1.114399755691847 1.114399755691847 1.114399755691847 1.114399755691847 1.114399755691847 1.114399755691847 1.114399755691847 1.114399755691847 1.114399755691847 1.114399755691847 1.0797815011826464 1.008155549007183
