Figures/CREST_Example_wjb_NSE/Rolling_result/20100722/BJP_forecast/ens_32/wjb.rain.20100717.asc
ncols            288
nrows            254
xllcorner        113.274861
yllcorner        31.4918055
cellsize         0.008333333333
NODATA_value     -9999
[rows 180 to 199 of 254, columns 90 to 134 of 288]
19.47170188483287 19.47170188483287 19.47170188483287 19.47170188483287 19.47170188483287 19.47170188483287 19.47170188483287 19.47170188483287 19.47170188483287 19.198585775018547 18.63350236847199 18.068418961925435 17.503335555378875 16.93825214883232 16.3731687422848 15.808085335738243 15.243001929191685 14.677918522645129 14.112835116098573 13.547751709552015 12.982668303005457 12.690701006001479 12.690701006001479 12.690701006001479 12.690701006001479 12.690701006001479 12.690701006001479 12.690701006001479 12.690701006001479 12.690701006001479 12.690701006001479 12.690701006001479 12.690701006001479 12.361234158811797 11.679559801153077 10.997885443494358 10.31621108583564 9.63453672817692 8.9528623705182 8.271188012859483 7.589513655199601 6.907839297540883 6.226164939882163 5.544490582223444 4.8628162245647255
18.694052157105077 18.694052157105077 18.694052157105077 18.694052157105077 18.694052157105077 18.694052157105077 18.694052157105077 18.694052157105077 18.694052157105077 18.445638089183984 17.93166376584447 17.41768944250495 16.903715119165433 16.38974079582592 15.875766472485525 15.361792149146009 14.84781782580649 14.333843502466975 13.819869179127458 13.30589485578794 12.791920532448424 12.526360276782832 12.526360276782832 12.526360276782832 12.526360276782832 12.526360276782832 12.526360276782832 12.526360276782832 12.526360276782832 12.526360276782832 12.526360276782832 12.526360276782832 12.526360276782832 12.173988963004042 11.444924745992779 10.715860528981516 9.986796311970252 9.257732094958989 8.528667877947726 7.799603660936462 7.0705394439239555 6.341475226912692 5.612411009901429 4.8833467928901655 4.154282575878902
18.039450871276383 18.039450871276383 18.039450871276383 18.039450871276383 18.039450871276383 18.039450871276383 18.039450871276383 18.039450871276383 18.039450871276383 17.8147951196632 17.349977289956406 16.885159460249614 16.420341630542826 15.955523800836033 15.490705971128449 15.025888141421659 14.561070311714868 14.096252482008076 13.631434652301284 13.166616822594493 12.701798992887703 12.461636914570567 12.461636914570567 12.461636914570567 12.461636914570567 12.461636914570567 12.461636914570567 12.461636914570567 12.461636914570567 12.461636914570567 12.461636914570567 12.461636914570567 12.461636914570567 12.112956520061866 11.391528898489774 10.670101276917684 9.948673655345594 9.227246033773504 8.505818412201414 7.784390790629324 7.062963169056003 6.341535547483913 5.620107925911823 4.898680304339733 4.177252682767643
17.384849585447128 17.384849585447128 17.384849585447128 17.384849585447128 17.384849585447128 17.384849585447128 17.384849585447128 17.384849585447128 17.384849585447128 17.18395215014187 16.768290814067846 16.352629477993823 15.936968141919799 15.521306805845777 15.105645469771044 14.68998413369702 14.274322797622997 13.858661461548973 13.44300012547495 13.027338789400925 12.611677453326902 12.396913552358248 12.396913552358248 12.396913552358248 12.396913552358248 12.396913552358248 12.396913552358248 12.396913552358248 12.396913552358248 12.396913552358248 12.396913552358248 12.396913552358248 12.396913552358248 12.051924077119637 11.338133050986727 10.624342024853815 9.910550998720904 9.196759972587994 8.482968946455083 7.769177920322172 7.055386894188044 6.341595868055133 5.627804841922223 4.914013815789311 4.200222789656401
16.73024829961843 16.73024829961843 16.73024829961843 16.73024829961843 16.73024829961843 16.73024829961843 16.73024829961843 16.73024829961843 16.73024829961843 16.55310918062108 16.186604338179784 15.820099495738484 15.453594653297186 15.087089810855888 14.720584968413966 14.354080125972668 13.98757528353137 13.621070441090072 13.254565598648774 12.888060756207476 12.521555913766178 12.332190190145981 12.332190190145981 12.332190190145981 12.332190190145981 12.332190190145981 12.332190190145981 12.332190190145981 12.332190190145981 12.332190190145981 12.332190190145981 12.332190190145981 12.332190190145981 11.990891634177459 11.28473720348372 10.578582772789984 9.872428342096246 9.166273911402508 8.460119480708771 7.753965050015033 7.047810619320091 6.341656188626353 5.635501757932616 4.929347327238879 4.223192896545141
16.075647013789737 16.075647013789737 16.075647013789737 16.075647013789737 16.075647013789737 16.075647013789737 16.075647013789737 16.075647013789737 16.075647013789737 15.922266211100293 15.604917862291721 15.287569513483149 14.970221164674577 14.652872815866004 14.33552446705689 14.018176118248318 13.700827769439746 13.383479420631174 13.066131071822602 12.74878272301403 12.431434374205455 12.267466827933717 12.267466827933717 12.267466827933717 12.267466827933717 12.267466827933717 12.267466827933717 12.267466827933717 12.267466827933717 12.267466827933717 12.267466827933717 12.267466827933717 12.267466827933717 11.929859191235282 11.231341355980717 10.532823520726152 9.834305685471588 9.135787850217024 8.437270014962458 7.738752179707894 7.040234344452138 6.341716509197574 5.643198673943009 4.944680838688444 4.24616300343388
15.42104572796104 15.42104572796104 15.42104572796104 15.42104572796104 15.42104572796104 15.42104572796104 15.42104572796104 15.42104572796104 15.42104572796104 15.291423241579503 15.023231386403657 14.75503953122781 14.486847676051964 14.218655820876117 13.950463965699813 13.682272110523966 13.41408025534812 13.145888400172273 12.877696544996427 12.60950468982058 12.341312834644734 12.202743465721452 12.202743465721452 12.202743465721452 12.202743465721452 12.202743465721452 12.202743465721452 12.202743465721452 12.202743465721452 12.202743465721452 12.202743465721452 12.202743465721452 12.202743465721452 11.868826748293106 11.177945508477714 10.487064268662323 9.796183028846931 9.10530178903154 8.414420549216148 7.723539309400756 7.032658069584186 6.341776829768794 5.650895589953403 4.960014350138011 4.2691331103226196
14.766444442132345 14.766444442132345 14.766444442132345 14.766444442132345 14.766444442132345 14.766444442132345 14.766444442132345 14.766444442132345 14.766444442132345 14.660580272058715 14.441544910515594 14.222509548972473 14.003474187429353 13.78443882588623 13.565403464342737 13.346368102799616 13.127332741256495 12.908297379713375 12.689262018170254 12.470226656627133 12.251191295084011 12.138020103509188 12.138020103509188 12.138020103509188 12.138020103509188 12.138020103509188 12.138020103509188 12.138020103509188 12.138020103509188 12.138020103509188 12.138020103509188 12.138020103509188 12.138020103509188 11.80779430535093 11.124549660974711 10.441305016598491 9.758060372222273 9.074815727846055 8.391571083469836 7.708326439093617 7.025081794716233 6.341837150340014 5.658592505963796 4.9753478615875775 4.292103217211358
14.111843156303648 14.111843156303648 14.111843156303648 14.111843156303648 14.111843156303648 14.111843156303648 14.111843156303648 14.111843156303648 14.111843156303648 14.029737302537924 13.85985843462753 13.689979566717133 13.520100698806738 13.350221830896343 13.180342962985659 13.010464095075264 12.840585227164867 12.670706359254472 12.500827491344078 12.330948623433683 12.161069755523288 12.073296741296922 12.073296741296922 12.073296741296922 12.073296741296922 12.073296741296922 12.073296741296922 12.073296741296922 12.073296741296922 12.073296741296922 12.073296741296922 12.073296741296922 12.073296741296922 11.746761862408752 11.071153813471705 10.39554576453466 9.719937715597615 9.04432966666057 8.368721617723523 7.693113568786478 7.01750551984828 6.341897470911235 5.666289421974189 4.990681373037144 4.315073324100098
13.457241870474395 13.457241870474395 13.457241870474395 13.457241870474395 13.457241870474395 13.457241870474395 13.457241870474395 13.457241870474395 13.457241870474395 13.398894333016598 13.278171958738971 13.157449584461343 13.036727210183715 12.916004835906087 12.795282461628254 12.674560087350626 12.553837713073 12.433115338795371 12.312392964517743 12.191670590240115 12.070948215962488 12.008573379084602 12.008573379084602 12.008573379084602 12.008573379084602 12.008573379084602 12.008573379084602 12.008573379084602 12.008573379084602 12.008573379084602 12.008573379084602 12.008573379084602 12.008573379084602 11.685729419466522 11.017757965968656 10.349786512470791 9.681815058972925 9.013843605475058 8.345872151977192 7.677900698479326 7.009929244980321 6.3419577914824545 5.673986337984589 5.0060148844867225 4.338043430988857
12.802640584645697 12.802640584645697 12.802640584645697 12.802640584645697 12.802640584645697 12.802640584645697 12.802640584645697 12.802640584645697 12.802640584645697 12.768051363495807 12.696485482850907 12.624919602206004 12.553353721561102 12.481787840916201 12.410221960271176 12.338656079626276 12.267090198981373 12.19552431833647 12.12395843769157 12.052392557046668 11.980826676401765 11.943850016872338 11.943850016872338 11.943850016872338 11.943850016872338 11.943850016872338 11.943850016872338 11.943850016872338 11.943850016872338 11.943850016872338 11.943850016872338 11.943850016872338 11.943850016872338 11.624696976524346 10.964362118465653 10.30402726040696 9.643692402348268 8.983357544289575 8.323022686230882 7.662687828172188 7.002352970112369 6.342018112053676 5.681683253994983 5.02134839593629 4.3610135378775965
12.148039298817002 12.148039298817002 12.148039298817002 12.148039298817002 12.148039298817002 12.148039298817002 12.148039298817002 12.148039298817002 12.148039298817002 12.137208393975019 12.114799006962842 12.092389619950666 12.06998023293849 12.047570845926314 12.0251614589141 12.002752071901924 11.980342684889747 11.95793329787757 11.935523910865394 11.913114523853217 11.890705136841042 11.879126654660071 11.879126654660071 11.879126654660071 11.879126654660071 11.879126654660071 11.879126654660071 11.879126654660071 11.879126654660071 11.879126654660071 11.879126654660071 11.879126654660071 11.879126654660071 11.563664533582168 10.910966270962648 10.258268008343128 9.605569745723608 8.952871483104088 8.300173220484568 7.6474749578650485 6.994776695244415 6.342078432624895 5.689380170005375 5.036681907385855 4.383983644766335
11.493438012988307 11.493438012988307 11.493438012988307 11.493438012988307 11.493438012988307 11.493438012988307 11.493438012988307 11.493438012988307 11.493438012988307 11.50636542445423 11.53311253107478 11.559859637695329 11.586606744315878 11.613353850936429 11.640100957557022 11.666848064177572 11.693595170798122 11.720342277418672 11.74708938403922 11.77383649065977 11.800583597280319 11.814403292447807 11.814403292447807 11.814403292447807 11.814403292447807 11.814403292447807 11.814403292447807 11.814403292447807 11.814403292447807 11.814403292447807 11.814403292447807 11.814403292447807 11.814403292447807 11.502632090639992 10.857570423459645 10.212508756279297 9.56744708909895 8.922385421918603 8.277323754738257 7.632262087557909 6.987200420376462 6.3421387531961155 5.697077086015768 5.052015418835421 4.406953751655074
11.042636180862186 11.042636180862186 11.042636180862186 11.042636180862186 11.042636180862186 11.042636180862186 11.042636180862186 11.042636180862186 11.042636180862186 11.075305221171659 11.142898204241144 11.21049118731063 11.278084170380117 11.345677153449603 11.413270136519204 11.48086311958869 11.548456102658177 11.616049085727663 11.683642068797148 11.751235051866635 11.818828034936121 11.85375197772864 11.85375197772864 11.85375197772864 11.85375197772864 11.85375197772864 11.85375197772864 11.85375197772864 11.85375197772864 11.85375197772864 11.85375197772864 11.85375197772864 11.85375197772864 11.539241882883744 10.888513384070187 10.23778488525663 9.587056386443074 8.936327887629517 8.285599388815962 7.634870890002405 6.984142391187739 6.333413892374183 5.682685393560626 5.031956894747069 4.381228395933514
10.809683119211307 10.809683119211307 10.809683119211307 10.809683119211307 10.809683119211307 10.809683119211307 10.809683119211307 10.809683119211307 10.809683119211307 10.857800202637794 10.957355536207128 11.056910869776463 11.156466203345797 11.256021536915132 11.355576870484636 11.455132204053971 11.554687537623305 11.65424287119264 11.753798204761974 11.853353538331309 11.952908871900643 12.004347122091367 12.004347122091367 12.004347122091367 12.004347122091367 12.004347122091367 12.004347122091367 12.004347122091367 12.004347122091367 12.004347122091367 12.004347122091367 12.004347122091367 12.004347122091367 11.680225070125768 11.009609214657093 10.33899335918842 9.668377503719746 8.997761648251073 8.3271457927824 7.656529937313725 6.985914081843907 6.3152982263752335 5.644682370906559 4.974066515437886 4.3034506599692115
10.576730057560528 10.576730057560528 10.576730057560528 10.576730057560528 10.576730057560528 10.576730057560528 10.576730057560528 10.576730057560528 10.576730057560528 10.640295184104023 10.771812868173193 10.90333055224236 11.03484823631153 11.166365920380699 11.297883604450092 11.429401288519262 11.56091897258843 11.6924366566576 11.82395434072677 11.955472024795938 12.086989708865108 12.154942266454029 12.154942266454029 12.154942266454029 12.154942266454029 12.154942266454029 12.154942266454029 12.154942266454029 12.154942266454029 12.154942266454029 12.154942266454029 12.154942266454029 12.154942266454029 11.821208257367731 11.130705045243948 10.440201833120165 9.749698620996384 9.0591954088726 8.368692196748817 7.678188984625035 6.987685772500075 6.297182560376293 5.60667934825251 4.916176136128728 4.225672924004946
10.34377699590975 10.34377699590975 10.34377699590975 10.34377699590975 10.34377699590975 10.34377699590975 10.34377699590975 10.34377699590975 10.34377699590975 10.422790165570252 10.586270200139255 10.749750234708259 10.913230269277264 11.076710303846268 11.24019033841555 11.403670372984553 11.567150407553557 11.730630442122562 11.894110476691566 12.05759051126057 12.221070545829573 12.305537410816692 12.305537410816692 12.305537410816692 12.305537410816692 12.305537410816692 12.305537410816692 12.305537410816692 12.305537410816692 12.305537410816692 12.305537410816692 12.305537410816692 12.305537410816692 11.962191444609696 11.251800875830803 10.541410307051912 9.831019738273021 9.12062916949413 8.410238600715239 7.699848031936346 6.989457463156244 6.279066894377353 5.568676325598461 4.858285756819569 4.147895188040678
10.110823934258873 10.110823934258873 10.110823934258873 10.110823934258873 10.110823934258873 10.110823934258873 10.110823934258873 10.110823934258873 10.110823934258873 10.205285147036388 10.400727532105241 10.596169917174093 10.791612302242944 10.987054687311797 11.182497072380983 11.377939457449834 11.573381842518685 11.768824227587539 11.96426661265639 12.159708997725243 12.355151382794094 12.456132555179417 12.456132555179417 12.456132555179417 12.456132555179417 12.456132555179417 12.456132555179417 12.456132555179417 12.456132555179417 12.456132555179417 12.456132555179417 12.456132555179417 12.456132555179417 12.103174631851719 11.372896706417709 10.6426187809837 9.912340855549692 9.182062930115684 8.451785004681675 7.721507079247666 6.991229153812412 6.260951228378404 5.530673302944395 4.8003953775103865 4.070117452076378
9.877870872608094 9.877870872608094 9.877870872608094 9.877870872608094 9.877870872608094 9.877870872608094 9.877870872608094 9.877870872608094 9.877870872608094 9.987780128502617 10.215184864071304 10.442589599639991 10.669994335208678 10.897399070777364 11.124803806346439 11.352208541915125 11.579613277483812 11.807018013052499 12.034422748621186 12.261827484189872 12.48923221975856 12.60672769954208 12.60672769954208 12.60672769954208 12.60672769954208 12.60672769954208 12.60672769954208 12.60672769954208 12.60672769954208 12.60672769954208 12.60672769954208 12.60672769954208 12.60672769954208 12.244157819093683 11.493992537004566 10.743827254915448 9.993661972826331 9.243496690737214 8.493331408648096 7.743166126558978 6.993000844468582 6.242835562379464 5.492670280290347 4.7425049982012295 3.9923397161121112
9.644917810957315 9.644917810957315 9.644917810957315 9.644917810957315 9.644917810957315 9.644917810957315 9.644917810957315 9.644917810957315 9.644917810957315 9.770275109968846 10.029642196037369 10.289009282105889 10.548376368174411 10.807743454242932 11.067110540311896 11.326477626380417 11.585844712448939 11.84521179851746 12.104578884585981 12.363945970654502 12.623313056723024 12.757322843904742 12.757322843904742 12.757322843904742 12.757322843904742 12.757322843904742 12.757322843904742 12.757322843904742 12.757322843904742 12.757322843904742 12.757322843904742 12.757322843904742 12.757322843904742 12.385141006335646 11.615088367591419 10.845035728847193 10.074983090102966 9.30493045135874 8.534877812614514 7.764825173870288 6.994772535124748 6.224719896380522 5.454667257636296 4.68461461889207 3.9145619801478446
