Figures/CREST_Example_wjb_NSE/Rolling_result/20100722/BJP_forecast/ens_9/wjb.rain.20100726.asc
ncols            288
nrows            254
xllcorner        113.274861
yllcorner        31.4918055
cellsize         0.008333333333
NODATA_value     -9999
[rows 100 to 119 of 254, columns 132 to 175 of 288]
2.120732276816234 1.9370805720308732 1.7534288672455123 1.614281912738277 1.5227115428355193 1.4311411729327617 1.339570803030004 1.2480004331272463 1.1564300632244886 1.064859693321731 0.9732893234189735 0.8817189535160597 0.790148583613302 0.6985782137105443 0.6070078438077866 0.5618465023321461 0.5662974619662242 0.5707484216003023 0.5751993812343804 0.5796503408684586 0.5841013005025366 0.5885522601366148 0.5930032197706929 0.5974541794047711 0.6019051390388568 0.6063560986729348 0.610807058307013 0.6057072627810092 0.5903974939417188 0.5750877251024284 0.5597779562631381 0.5444681874238477 0.5291584185845574 0.513848649745267 0.4985388809059766 0.48322911206668623 0.46791934322739587 0.45260957438807936 0.437299805548789 0.43187673870443527 0.43702277995961775 0.4421688212148002 0.4473148624699827 0.4524609037251652
2.1054797370507945 1.9173489830309978 1.729218229011201 1.5888629484418355 1.4995807295215897 1.4102985106013441 1.3210162916810986 1.2317340727608528 1.142451853840607 1.0531696349203614 0.9638874160001157 0.8746051970797178 0.7853229781594722 0.6960407592392265 0.6067585403189808 0.5634161076082832 0.5691843454629815 0.5749525833176796 0.5807208211723778 0.586489059027076 0.5922572968817742 0.5980255347364725 0.6037937725911706 0.6095620104458688 0.6153302483005768 0.6210984861552751 0.6268667240099732 0.6213260215649375 0.6036958061205082 0.586065590676079 0.5684353752316497 0.5508051597872204 0.5331749443427911 0.5155447288983619 0.4979145134539327 0.48028429800950334 0.4626540825650741 0.44502386712061476 0.4273936516761855 0.4213178428251916 0.4275939560180253 0.43387006921085897 0.44014618240369263 0.4464222955965263
2.0902271972853548 1.8976173940311223 1.7050075907768902 1.5634439841453942 1.4764499162076605 1.3894558482699269 1.302461780332193 1.2154677123944593 1.1284736444567256 1.041479576518992 0.954485508581258 0.8674914406433759 0.7804973727056422 0.6935033047679084 0.6065092368301747 0.5649857128844206 0.5720712289597388 0.5791567450350571 0.5862422611103754 0.5933277771856936 0.6004132932610119 0.6074988093363302 0.6145843254116484 0.6216698414869667 0.628755357562297 0.6358408736376152 0.6429263897129335 0.6369447803488658 0.6169941182992976 0.5970434562497295 0.5770927942001614 0.5571421321505932 0.537191470101025 0.5172408080514569 0.4972901460018887 0.4773394839523205 0.4573888219027524 0.43743815985315015 0.417487497803582 0.4107589469459479 0.4181651320764328 0.42557131720691765 0.43297750233740256 0.4403836874678874
2.074974657519915 1.877885805031247 1.6807969525425794 1.538025019848953 1.453319102893731 1.3686131859385091 1.2839072689832873 1.1992013520280655 1.1144954350728438 1.029789518117622 0.9450836011624001 0.8603776842070339 0.7756717672518121 0.6909658502965902 0.6062599333413684 0.5665553181605577 0.5749581124564961 0.5833609067524343 0.5917637010483727 0.600166495344311 0.6085692896402494 0.6169720839361877 0.625374878232126 0.6337776725280644 0.642180466824017 0.6505832611199553 0.6589860554158937 0.652563539132794 0.6302924304780869 0.6080213218233799 0.5857502131686729 0.5634791045139659 0.5412079958592588 0.5189368872045518 0.4966657785498447 0.4743946698951377 0.4521235612404306 0.4298524525856856 0.40758134393097856 0.40020005106670425 0.40873630813484035 0.41727256520297645 0.4258088222711125 0.4343450793392486
2.0597221177544753 1.8581542160313718 1.6565863143082682 1.5126060555525114 1.4301882895798015 1.3477705236070916 1.2653527576343817 1.1829349916616718 1.1005172256889622 1.018099459716252 0.9356816937435423 0.8532639277706919 0.770846161797982 0.6884283958252722 0.6060106298525624 0.5681249234366949 0.5778449959532533 0.5875650684698117 0.5972851409863701 0.6070052135029286 0.616725286019487 0.6264453585360453 0.6361654310526037 0.6458855035691622 0.6556055760857371 0.6653256486022956 0.675045721118854 0.6681822979167223 0.6435907426568763 0.6189991873970304 0.5944076321371845 0.5698160768773386 0.5452245216174927 0.5206329663576467 0.49604141109780076 0.47144985583795485 0.4468583005781089 0.422266745318221 0.39767519005837504 0.3896411551874606 0.39930748419324785 0.40897381319903514 0.41864014220482243 0.4283064712106097
2.0444695779890223 1.8384226270314792 1.632375676073936 1.487187091256048 1.4070574762658523 1.3269278612756563 1.2467982462854603 1.1666686312952645 1.0865390163050686 1.0064094013148726 0.9262797863246766 0.846150171334344 0.766020556344148 0.6858909413539521 0.6057613263637561 0.5696945287128335 0.5807318794500131 0.5917692301871927 0.6028065809243723 0.6138439316615519 0.6248812823987315 0.635918633135911 0.6469559838730906 0.6579933346102702 0.6690306853474687 0.6800680360846483 0.6911053868218279 0.6838010567006638 0.656889054835677 0.6299770529706903 0.6030650511057034 0.5761530492407166 0.5492410473757299 0.522329045510743 0.4954170436457562 0.46850504178076946 0.44159303991578264 0.41468103805074996 0.38776903618576314 0.37908225930820794 0.3898786602516474 0.40067506119508683 0.4114714621385263 0.42226786308196573
2.029217038223583 1.8186910380316044 1.6081650378396253 1.4617681269596068 1.3839266629519227 1.3060851989442388 1.2282437349365547 1.1504022709288706 1.0725608069211867 0.9947193429135027 0.9168778789058186 0.839036414898002 0.761194950890318 0.6833534868826339 0.6055120228749499 0.5712641339889707 0.5836187629467704 0.59597339190457 0.6083280208623697 0.6206826498201694 0.633037278777969 0.6453919077357687 0.6577465366935684 0.670101165651368 0.6824557946091888 0.6948104235669885 0.7071650525247881 0.6994198154845922 0.6701873670144665 0.6409549185443407 0.6117224700742151 0.5824900216040894 0.5532575731339637 0.524025124663838 0.49479267619371226 0.4655602277235866 0.4363277792534609 0.40709533078328536 0.3778628823131596 0.36852336342896425 0.3804498363100549 0.3923763091911456 0.40430278207223624 0.41622925495332685
2.0139644984581433 1.7989594490317287 1.583954399605314 1.4363491626631653 1.3607958496379933 1.285242536612821 1.209689223587649 1.134135910562477 1.0585825975373049 0.9830292845121329 0.9074759714869609 0.8319226584616599 0.7563693454364879 0.6808160324113158 0.6052627193861437 0.5728337392651079 0.5865056464435277 0.6001775536219474 0.6138494608003671 0.6275213679787869 0.6411932751572066 0.6548651823356264 0.6685370895140461 0.6822089966924658 0.6958809038709088 0.7095528110493287 0.7232247182277484 0.7150385742685205 0.6834856791932559 0.6519327841179913 0.6203798890427267 0.5888269939674621 0.5572740988921975 0.5257212038169329 0.4941683087416683 0.46261541366640374 0.43106251859113914 0.3995096235158207 0.36795672844055616 0.35796446754972056 0.3710210123684624 0.38407755718720427 0.3971341020059461 0.410190646824688
1.9987119586927036 1.7792278600318534 1.5597437613710032 1.410930198366724 1.3376650363240639 1.2643998742814038 1.1911347122387437 1.1178695501960836 1.0446043881534235 0.9713392261107633 0.8980740640681032 0.8248089020253181 0.751543739982658 0.6782785779399979 0.6050134158973377 0.5744033445412451 0.5893925299402849 0.6043817153393247 0.6193709007383645 0.6343600861374044 0.6493492715364442 0.6643384569354839 0.6793276423345237 0.6943168277335635 0.709306013132629 0.7242951985316687 0.7392843839307085 0.7306573330524486 0.6967839913720452 0.6629106496916417 0.6290373080112382 0.5951639663308348 0.5612906246504312 0.5274172829700278 0.4935439412896243 0.45967059960922085 0.4257972579288174 0.39192391624835615 0.3580505745679527 0.3474055716704769 0.36159218842687 0.37577880518326306 0.3899654219396561 0.40415203869604915
2.0282793737223965 1.8164624507188032 1.6046455277152103 1.4606468523298073 1.389147417483231 1.3176479826366547 1.2461485477900782 1.174649112943502 1.1031496780969254 1.0316502432503492 0.9601508084037729 0.8886513735570746 0.8171519387104982 0.7456525038639218 0.6741530690173455 0.6435782983866084 0.6567529194734536 0.6699275405602989 0.6831021616471442 0.6962767827339895 0.7094514038208348 0.7226260249076801 0.7358006459945253 0.7489752670813706 0.7621498881682384 0.7753245092550837 0.788499130341929 0.7789116375295023 0.7449909300581038 0.7110702225867054 0.6771495151153069 0.6432288076439083 0.6093081001725098 0.5753873927011113 0.5414666852297128 0.5075459777583142 0.47362527028691576 0.4397045628154594 0.40578385534406086 0.3947857555373883 0.4082924419026691 0.4217991282679499 0.4353058146332307 0.44881250099851144
2.1057564947699676 1.914590296078421 1.7234240973868737 1.5906787453139783 1.520386599571816 1.4500944538296534 1.379802308087491 1.3095101623453287 1.239218016603166 1.1689258708610037 1.0986337251188414 1.0283415793765591 0.9580494336343967 0.8877572878922343 0.8174651421500718 0.785019107697306 0.7930314222502771 0.8010437368032483 0.8090560513562194 0.8170683659091905 0.8250806804621615 0.8330929950151327 0.8411053095681038 0.8491176241210749 0.8571299386740597 0.8651422532270309 0.873154567780002 0.8620512828561299 0.8305129896784842 0.7989746965008385 0.7674364033231929 0.7358981101455472 0.7043598169679015 0.6728215237902558 0.6412832306126102 0.6097449374349645 0.5782066442573188 0.5466683510796193 0.5151300579019737 0.5040991629042527 0.5149911404999264 0.5258831180956003 0.536775095691274 0.5476670732869477
2.1832336158176044 2.0127181414381212 1.8422026670586373 1.7207106382982602 1.6516257816605129 1.5825409250227653 1.513456068385018 1.4443712117472705 1.3752863551095231 1.3062014984717756 1.237116641834028 1.1680317851961628 1.0989469285584155 1.0298620719206681 0.9607772152829206 0.9264599170081242 0.9293099250272169 0.9321599330463094 0.9350099410654019 0.9378599490844944 0.9407099571035871 0.9435599651226796 0.9464099731417721 0.9492599811608646 0.9521099891799621 0.9549599971990547 0.9578100052181472 0.9451909281828283 0.9160350492989375 0.8868791704150467 0.8577232915311559 0.8285674126472651 0.7994115337633744 0.7702556548794836 0.7410997759955927 0.7119438971117019 0.6827880182278111 0.6536321393438707 0.6244762604599798 0.6134125702712104 0.6216898390972749 0.6299671079233394 0.6382443767494039 0.6465216455754684
2.260710736865176 2.1108459867977385 1.9609812367303008 1.8507425312824313 1.7828649637490976 1.7149873962157642 1.6471098286824308 1.5792322611490972 1.5113546936157638 1.4434771260824304 1.375599558549097 1.3077219910156477 1.2398444234823143 1.1719668559489806 1.104089288415647 1.0679007263188218 1.0655884278040404 1.0632761292892587 1.060963830774477 1.0586515322596954 1.056339233744914 1.0540269352301324 1.0517146367153507 1.049402338200569 1.0470900396857836 1.044777741171002 1.0424654426562203 1.0283305735094561 1.001557108919318 0.9747836443291802 0.9480101797390421 0.9212367151489042 0.8944632505587662 0.8676897859686282 0.8409163213784903 0.8141428567883522 0.7873693921982142 0.7605959276080305 0.7338224630178926 0.7227259776380748 0.7283885376945323 0.7340510977509898 0.7397136578074472 0.7453762178639047
2.338187857912747 2.2089738321573553 2.079759806401964 1.980774424266602 1.9141041458376824 1.847433867408763 1.7807635889798434 1.714093310550924 1.6474230321220045 1.5807527536930848 1.5140824752641653 1.4474121968351321 1.3807419184062124 1.3140716399772931 1.2474013615483734 1.2093415356295196 1.2018669305808638 1.194392325532208 1.1869177204835522 1.1794431154348963 1.1719685103862407 1.164493905337585 1.157019300288929 1.1495446952402733 1.1420700901916048 1.134595485142949 1.1271208800942931 1.1114702188360834 1.0870791685396983 1.0626881182433132 1.038297067946928 1.013906017650543 0.9895149673541578 0.9651239170577727 0.9407328667613875 0.9163418164650023 0.8919507661686172 0.8675597158721905 0.8431686655758054 0.8320393850049392 0.8350872362917896 0.8381350875786401 0.8411829388654906 0.844230790152341
2.415664978960318 2.3071016775169726 2.198538376073627 2.1108063172507734 2.0453433279262674 1.979880338601762 1.9144173492772563 1.8489543599527507 1.7834913706282451 1.7180283813037396 1.652565391979234 1.5871024026546166 1.521639413330111 1.4561764240056054 1.3907134346810999 1.350782344940217 1.338145433357687 1.3255085217751572 1.3128716101926272 1.3002346986100974 1.2875977870275674 1.2749608754450374 1.2623239638625077 1.2496870522799777 1.2370501406974261 1.2244132291148964 1.2117763175323664 1.1946098641627112 1.1726012281600788 1.1505925921574465 1.1285839561548143 1.106575320152182 1.0845666841495496 1.0625580481469172 1.0405494121442849 1.0185407761416527 0.9965321401390204 0.9745235041363505 0.9525148681337181 0.9413527923718036 0.941785934889047 0.9422190774062904 0.9426522199235339 0.9430853624407773
2.4931421000078893 2.4052295228765894 2.31731694574529 2.2408382102349442 2.1765825100148524 2.112326809794761 2.048071109574669 1.9838154093545775 1.9195597091344858 1.8553040089143944 1.7910483086943025 1.7267926084741014 1.6625369082540098 1.5982812080339182 1.5340255078138265 1.4922231542509148 1.4744239361345108 1.4566247180181067 1.4388254999017025 1.4210262817852986 1.4032270636688944 1.3854278455524902 1.367628627436086 1.349829409319682 1.3320301912032475 1.3142309730868436 1.2964317549704394 1.2777495094893387 1.2581232877804593 1.2384970660715797 1.2188708443627003 1.199244622653821 1.1796184009449413 1.159992179236062 1.1403659575271823 1.1207397358183029 1.1011135141094235 1.0814872924005106 1.061861070691631 1.050666199738668 1.0484846334863043 1.0463030672339408 1.0441215009815772 1.0419399347292135
2.5706192210554604 2.5033573682362067 2.436095515416953 2.3708701032191146 2.3078216921034373 2.2447732809877596 2.181724869872082 2.118676458756404 2.0556280476407265 1.9925796365250488 1.929531225409371 1.8664828142935859 1.8034344031779082 1.7403859920622304 1.6773375809465527 1.6336639635616124 1.610702438911334 1.5877409142610557 1.5647793896107776 1.5418178649604992 1.518856340310221 1.4958948156599428 1.4729332910096646 1.4499717663593863 1.4270102417090689 1.4040487170587905 1.3810871924085124 1.3608891548159663 1.3436453474008396 1.326401539985713 1.3091577325705863 1.2919139251554597 1.274670117740333 1.2574263103252064 1.2401825029100797 1.222938695494953 1.2056948880798264 1.1884510806646704 1.1712072732495438 1.1599796071055324 1.1551833320835618 1.150387057061591 1.1455907820396205 1.14079450701765
2.648096342103032 2.601485213595824 2.5548740850886165 2.500901996203286 2.4390608741920223 2.3772197521807588 2.3153786301694947 2.253537508158231 2.191696386146967 2.1298552641357036 2.06801414212444 2.0061730201130707 1.944331898101807 1.8824907760905432 1.8206496540792796 1.7751047728723102 1.7469809416881577 1.7188571105040054 1.6907332793198528 1.6626094481357006 1.634485616951548 1.6063617857673957 1.5782379545832432 1.5501141233990907 1.5219902922148905 1.493866461030738 1.4657426298465857 1.444028800142594 1.4291674070212201 1.4143060138998464 1.3994446207784725 1.3845832276570986 1.369721834535725 1.354860441414351 1.3399990482929773 1.3251376551716034 1.3102762620502295 1.2954148689288303 1.2805534758074566 1.2692930144723968 1.2618820306808192 1.2544710468892415 1.2470600630976638 1.2396490793060861
2.7255734631506687 2.6996130589555247 2.6736526547603807 2.6309338891875678 2.5703000562807192 2.5096662233738702 2.4490323904670217 2.3883985575601727 2.327764724653324 2.267130891746475 2.2064970588396267 2.145863225932674 2.0852293930258257 2.0245955601189767 1.9639617272121281 1.916545582183128 1.8832594444650972 1.8499733067470663 1.8166871690290354 1.7834010313110042 1.7501148935929733 1.7168287558749424 1.6835426181569115 1.6502564804388804 1.6169703427207929 1.5836842050027617 1.5503980672847308 1.5271684454692924 1.5146894666416735 1.5022104878140545 1.4897315089864356 1.4772525301588166 1.4647735513311977 1.4522945725035787 1.4398155936759598 1.4273366148483408 1.414857636020722 1.4023786571930816 1.3898996783654627 1.3786064218393546 1.3685807292781675 1.3585550367169807 1.3485293441557937 1.338503651594607
2.80305058419824 2.797740904315142 2.7924312244320437 2.7609657821717386 2.7015392383693038 2.642112694566869 2.582686150764434 2.5232596069619992 2.463833063159565 2.40440651935713 2.344979975554695 2.285553431752159 2.2261268879497242 2.1667003441472894 2.1072738003448546 2.057986391493826 2.0195379472419206 1.9810895029900155 1.9426410587381104 1.9041926144862054 1.8657441702343003 1.827295725982395 1.78884728173049 1.7503988374785848 1.711950393226614 1.673501948974709 1.6350535047228039 1.61030809079592 1.600211526262054 1.5901149617281878 1.5800183971943218 1.5699218326604556 1.5598252681265894 1.5497287035927234 1.5396321390588572 1.529535574524991 1.519439009991125 1.5093424454572415 1.4992458809233755 1.4879198292062188 1.4752794278754249 1.462639026544631 1.449998625213837 1.4373582238830431
