Figures/CREST_Example_wjb_NSE/Rolling_result/20100722/BJP_forecast/ens_9/wjb.rain.20100722.asc
ncols            288
nrows            254
xllcorner        113.274861
yllcorner        31.4918055
cellsize         0.008333333333
NODATA_value     -9999
[rows 100 to 119 of 254, columns 132 to 175 of 288]
19.71447243953972 20.81047305307087 21.906473666602018 23.118333420854135 24.454049216905506 25.789765012956877 27.12548080900825 28.46119660505962 29.79691240111099 31.13262819716236 32.468343993213736 33.804059789267384 35.13977558531875 36.47549138137013 37.811207177421494 38.589758176088495 38.772687403897265 38.955616631706036 39.13854585951481 39.32147508732358 39.50440431513235 39.68733354294112 39.87026277074989 40.05319199855866 40.23612122636774 40.419050454176514 40.601979681985284 40.71112031303883 40.741379264992865 40.7716382169469 40.80189716890093 40.832156120854954 40.862415072808986 40.89267402476302 40.92293297671705 40.95319192867108 40.983450880625114 41.013709832579195 41.04396878453322 40.91965337681251 40.630094481662354 40.3405355865122 40.050976691362045 39.761417796211894
19.67473499403235 20.762600482990422 21.850465971948502 23.02863918419124 24.303353395101315 25.578067606011388 26.852781816921464 28.127496027831537 29.40221023874161 30.676924449651686 31.95163866056176 33.226352871474006 34.50106708238408 35.77578129329416 37.05049550420423 37.80577361985642 38.00576280060529 38.20575198135417 38.40574116210305 38.60573034285193 38.80571952360081 39.005708704349686 39.20569788509856 39.40568706584744 39.60567624659666 39.80566542734554 40.00565460809442 40.138941643396514 40.20092257635008 40.26290350930364 40.32488444225721 40.386865375210775 40.44884630816434 40.5108272411179 40.57280817407147 40.634789107025036 40.6967700399786 40.75875097293227 40.820731905885836 40.71246317928093 40.42219371504844 40.131924250815935 39.84165478658344 39.55138532235094
19.634997548524975 20.714727912909975 21.794458277294975 22.93894494752834 24.15265757329712 25.366370199065898 26.580082824834676 27.793795450603454 29.007508076372233 30.22122070214101 31.43493332790979 32.648645953680635 33.86235857944941 35.07607120521819 36.28978383098697 37.02178906362435 37.23883819731333 37.455887331002316 37.6729364646913 37.889985598380285 38.10703473206927 38.324083865758254 38.54113299944724 38.75818213313622 38.97523126682558 39.19228040051457 39.40932953420355 39.566762973754194 39.660465887707296 39.7541688016604 39.84787171561349 39.941574629566595 40.0352775435197 40.12898045747279 40.222683371425894 40.316386285379 40.41008919933209 40.50379211328535 40.59749502723845 40.50527298174936 40.21429294843452 39.92331291511967 39.63233288180483 39.34135284848999
19.59526010301761 20.66685534282953 21.738450582641455 22.849250710865444 24.001961751492924 25.154672792120408 26.307383832747888 27.46009487337537 28.61280591400285 29.765516954630332 30.918227995257812 32.070939035887264 33.223650076514744 34.376361117142224 35.529072157769704 36.23780450739227 36.47191359402136 36.70602268065045 36.940131767279546 37.174240853908636 37.40834994053773 37.64245902716682 37.87656811379592 38.11067720042501 38.344786287054504 38.578895373683594 38.81300446031269 38.99458430411188 39.12000919906451 39.24543409401715 39.37085898896978 39.496283883922416 39.621708778875046 39.74713367382768 39.87255856878031 39.99798346373294 40.12340835868558 40.24883325363842 40.37425814859106 40.298082784217776 40.00639218182059 39.714701579423405 39.423010977026216 39.13132037462903
19.555522657510235 20.61898277274908 21.682442887987932 22.759556474202544 23.85126592968873 24.942975385174915 26.0346848406611 27.126394296147286 28.21810375163347 29.309813207119657 30.401522662605842 31.493232118093886 32.584941573580075 33.67665102906626 34.768360484552446 35.45381995116019 35.7049889907294 35.956158030298596 36.207327069867794 36.45849610943699 36.7096651490062 36.9608341885754 37.212003228144596 37.463172267713794 37.714341307283426 37.965510346852625 38.21667938642182 38.42240563446957 38.579552510421735 38.7366993863739 38.89384626232607 39.05099313827824 39.2081400142304 39.36528689018257 39.52243376613474 39.679580642086904 39.83672751803907 39.993874393991504 40.151021269943676 40.0908925866862 39.79849141520667 39.50609024372714 39.213689072247604 38.92128790076808
19.51578521200283 20.571110202668592 21.62643519333436 22.66986223753957 23.700570107884406 24.731277978229244 25.76198584857408 26.792693718918915 27.823401589263753 28.85410945960859 29.884817329953425 30.91552520030002 31.94623307064486 32.97694094098969 34.00764881133453 34.669835394927446 34.93806438743677 35.206293379946096 35.47452237245542 35.74275136496474 36.01098035747406 36.27920934998338 36.547438342492704 36.815667335002026 37.08389632751181 37.35212532002113 37.62035431253045 37.85022696482676 38.03909582177849 38.22796467873022 38.416833535681945 38.605702392633674 38.7945712495854 38.98344010653713 39.17230896348886 39.36117782044059 39.55004667739232 39.738915534344365 39.92778439129609 39.88370238915444 39.59059064859257 39.29747890803069 39.00436716746882 38.711255426906945
19.47604776649546 20.52323763258815 21.570427498680836 22.580168000876675 23.549874286080215 24.519580571283754 25.489286856487293 26.458993141690833 27.428699426894376 28.398405712097915 29.368111997301455 30.33781828250665 31.30752456771019 32.27723085291373 33.24693713811727 33.885850838695376 34.171139784144806 34.456428729594236 34.74171767504367 35.0270066204931 35.31229556594253 35.59758451139196 35.88287345684138 36.16816240229081 36.45345134774073 36.73874029319016 37.024029238639585 37.27804829518445 37.49863913313571 37.71922997108697 37.93982080903823 38.160411646989495 38.38100248494076 38.60159332289202 38.822184160843285 39.04277499879455 39.26336583674581 39.483956674697446 39.70454751264871 39.67651219162287 39.38268988197865 39.08886757233443 38.79504526269021 38.50122295304599
19.436310320988085 20.4753650625077 21.514419804027312 22.490473764213775 23.39917846427602 24.30788316433826 25.216587864400505 26.125292564462747 27.03399726452499 27.942701964587236 28.85140666464948 29.76011136471327 30.668816064775516 31.577520764837757 32.4862254649 33.1018662824633 33.40421518085284 33.706564079242376 34.00891297763191 34.31126187602145 34.613610774410986 34.915959672800525 35.21830857119006 35.5206574695796 35.823006367969654 36.125355266359186 36.427704164748725 36.70586962554213 36.95818244449293 37.210495263443725 37.462808082394524 37.715120901345315 37.967433720296114 38.21974653924691 38.47205935819771 38.7243721771485 38.9766849960993 39.228997815050526 39.481310634001325 39.46932199409129 39.174789115364725 38.88025623663816 38.5857233579116 38.29119047918503
19.396572875480715 20.427492492427255 21.45841210937379 22.400779527550878 23.248482642471824 24.096185757392774 24.94388887231372 25.791591987234668 26.639295102155614 27.48699821707656 28.334701331997508 29.182404446919904 30.03010756184085 30.877810676761797 31.725513791682744 32.31788172623123 32.637290577560876 32.956699428890516 33.276108280220164 33.595517131549805 33.91492598287945 34.23433483420909 34.55374368553874 34.87315253686838 35.19256138819858 35.51197023952822 35.831379090857865 36.133690955899816 36.41772575585015 36.701760555800476 36.98579535575081 37.269830155701136 37.55386495565147 37.8378997556018 38.12193455555213 38.405969355502464 38.69000415545279 38.97403895540361 39.25807375535394 39.262131796559714 38.96688834875081 38.6716449009419 38.37640145313299 38.081158005324085
19.344636120465832 20.367408253250957 21.390180386036086 22.309730323978577 23.118933401073626 23.928136478168675 24.737339555263723 25.546542632358772 26.35574570945382 27.16494878654887 27.974151863643918 28.783354940740345 29.592558017835394 30.401761094930443 31.21096417202549 31.785146617554403 32.10808669203117 32.43102676650794 32.7539668409847 33.07690691546147 33.39984698993824 33.72278706441501 34.04572713889178 34.36866721336854 34.69160728784586 35.014547362322624 35.33748743679939 35.643981525863914 35.93289448449893 36.22180744313394 36.51072040176895 36.799633360403966 37.088546319038976 37.377459277673985 37.666372236309 37.95528519494401 38.24419815357902 38.53311111221453 38.82202407084954 38.83342833776082 38.54816953513778 38.26291073251474 37.9776519298917 37.69239312726866
19.279659072688546 20.294270509691536 21.30888194669453 22.21723274620353 23.011988520950787 23.806744295698046 24.601500070445304 25.396255845192563 26.19101161993982 26.985767394687077 27.780523169434336 28.575278944182948 29.370034718930206 30.164790493677465 30.959546268424724 31.520981328382035 31.832991266771185 32.145001205160334 32.45701114354949 32.76902108193863 33.081031020327785 33.39304095871693 33.705050897106084 34.017060835495236 34.329070773884915 34.64108071227407 34.95309065066321 35.24242651372338 35.50752327734773 35.77262004097208 36.03771680459643 36.30281356822078 36.567910331845134 36.83300709546948 37.09810385909383 37.36320062271818 37.62829738634253 37.89339414996733 38.15849091359168 38.16794116789197 37.90409952023153 37.64025787257109 37.376416224910656 37.112574577250214
19.214682024911205 20.22113276613205 21.227583507352904 22.124735168428398 22.905043640827856 23.68535211322731 24.465660585626768 25.245969058026223 26.02627753042568 26.806586002825135 27.58689447522459 28.36720294762538 29.147511420024834 29.92781989242429 30.708128364823747 31.25681603920944 31.557895841510962 31.858975643812485 32.16005544611401 32.46113524841553 32.76221505071705 33.063294853018576 33.3643746553201 33.66545445762162 33.96653425992366 34.267614062225185 34.56869386452671 34.840871501582505 35.08215207019617 35.32343263880984 35.56471320742351 35.80599377603718 36.047274344650845 36.288554913264505 36.52983548187817 36.77111605049184 37.01239661910551 37.25367718771959 37.49495775633326 37.502453998022546 37.26002950532473 37.017605012626916 36.7751805199291 36.53275602723129
19.14970497713392 20.147995022572633 21.14628506801135 22.03223759065335 22.798098760705017 23.56395993075668 24.32982110080835 25.095682270860014 25.86154344091168 26.627404610963346 27.39326578101501 28.159126951067982 28.92498812111965 29.690849291171318 30.456710461222983 30.99265075003707 31.282800416250975 31.57295008246488 31.86309974867879 32.15324941489269 32.4433990811066 32.733548747320505 33.02369841353441 33.31384807974832 33.603997745962715 33.89414741217662 34.18429707839053 34.43931648944197 34.65678086304497 34.87424523664798 35.09170961025099 35.30917398385399 35.526638357456996 35.74410273106 35.961567104663004 36.17903147826601 36.39649585186902 36.6139602254724 36.8314245990754 36.8369668281537 36.61595949041848 36.394952152683274 36.17394481494806 35.95293747721285
19.08472792935663 20.074857279013212 21.064986628669793 21.9397400128783 22.691153880582178 23.442567748286052 24.193981615989927 24.9453954836938 25.69680935139768 26.448223219101553 27.19963708680543 27.951050954510585 28.702464822214463 29.453878689918337 30.205292557622215 30.728485460864697 31.007704990990984 31.286924521117275 31.566144051243562 31.845363581369853 32.12458311149614 32.40380264162243 32.68302217174872 32.96224170187501 33.241461232001775 33.52068076212806 33.79990029225435 34.03776147730144 34.23140965589378 34.42505783448612 34.618706013078466 34.812354191670806 35.00600237026315 35.19965054885549 35.393298727447835 35.586946906040176 35.780595084632516 35.97424326322519 36.16789144181753 36.17147965828484 35.97188947551223 35.772299292739625 35.572709109967015 35.373118927194405
19.01975088157935 20.00171953545379 20.983688189328237 21.84724243510325 22.58420900045934 23.321175565815423 24.058142131171508 24.795108696527592 25.53207526188368 26.269041827239764 27.00600839259585 27.74297495795319 28.47994152330928 29.216908088665363 29.953874654021448 30.464320171692325 30.732609565730996 31.000898959769668 31.26918835380834 31.537477747847014 31.805767141885685 32.074056535924356 32.34234592996303 32.6106353240017 32.87892471804083 33.1472141120795 33.41550350611817 33.6362064651609 33.806038448742584 33.975870432324264 34.145702415905944 34.315534399487625 34.485366383069305 34.655198366650986 34.825030350232666 34.994862333814346 35.16469431739603 35.33452630097799 35.50435828455967 35.505992488415984 35.32781946060598 35.149646432795976 34.97147340498597 34.79330037717597
18.954773833802065 19.928581791894374 20.902389749986686 21.754744857328205 22.477264120336503 23.199783383344798 23.922302646353092 24.644821909361387 25.36734117236968 26.089860435377975 26.812379698386273 27.534898961395797 28.25741822440409 28.97993748741239 29.702456750420684 30.200154882519957 30.45751414047101 30.714873398422064 30.97223265637312 31.229591914324175 31.486951172275226 31.74431043022628 32.00166968817734 32.25902894612839 32.51638820407988 32.77374746203094 33.03110671998199 33.23465145302037 33.38066724159138 33.5266830301624 33.67269881873342 33.818714607304436 33.964730395875456 34.11074618444648 34.2567619730175 34.40277776158851 34.54879355015953 34.6948093387308 34.84082512730182 34.84050531854714 34.68374944569973 34.526993572852334 34.37023770000493 34.21348182715753
18.889796786024775 19.855444048334952 20.82109131064513 21.662247279553156 22.370319240213664 23.07839120087417 23.786463161534673 24.494535122195177 25.202607082855682 25.910679043516186 26.61875100417669 27.326822964838403 28.03489492549891 28.742966886159415 29.45103884681992 29.935989593347585 30.18241871521102 30.42884783707446 30.675276958937896 30.921706080801332 31.16813520266477 31.414564324528207 31.660993446391643 31.907422568255082 32.15385169011894 32.40028081198238 32.64670993384581 32.833096440879835 32.95529603444019 33.07749562800054 33.1996952215609 33.321894815121254 33.444094408681615 33.56629400224197 33.68849359580233 33.81069318936268 33.932892782923034 34.0550923764836 34.17729197004396 34.175018148678284 34.039679430793484 33.904340712908684 33.76900199502389 33.63366327713909
18.82481973824749 19.78230630477553 20.739792871303575 21.56974970177811 22.263374360090825 22.95699901840354 23.650623676716254 24.34424833502897 25.037872993341683 25.731497651654397 26.42512230996711 27.11874696828101 27.812371626593723 28.505996284906438 29.199620943219152 29.671824304175214 29.907323289951034 30.142822275726854 30.378321261502673 30.613820247278493 30.849319233054313 31.084818218830133 31.320317204605953 31.555816190381773 31.791315176157994 32.026814161933814 32.262313147709634 32.4315414287393 32.529924827288994 32.62830822583869 32.72669162438838 32.82507502293807 32.923458421487766 33.02184182003746 33.12022521858716 33.21860861713685 33.316992015686544 33.41537541423641 33.5137588127861 33.50953097880943 33.395609415887236 33.28168785296504 33.16776629004285 33.053844727120655
18.759842690470148 19.709168561216046 20.658494431961948 21.47725212400298 22.156429479967894 22.835606835932804 23.514784191897718 24.193961547862628 24.87313890382754 25.552316259792455 26.231493615757365 26.910670971723437 27.58984832768835 28.26902568365326 28.948203039618175 29.407659015002622 29.632227864690815 29.85679671437901 30.0813655640672 30.305934413755395 30.53050326344359 30.75507211313178 30.979640962819975 31.204209812508168 31.428778662196745 31.653347511884938 31.87791636157313 32.029986416598426 32.10455362013744 32.17912082367645 32.25368802721546 32.32825523075447 32.40282243429348 32.477389637832495 32.551956841371506 32.62652404491052 32.70109124844953 32.77565845198866 32.85022565552767 32.844043808940015 32.75153940098044 32.65903499302087 32.566530585061294 32.47402617710172
18.69486564269286 19.636030817656625 20.577195992620393 21.38475454622793 22.049484599845055 22.714214653462175 23.3789447070793 24.04367476069642 24.708404814313543 25.373134867930666 26.037864921547786 26.702594975166043 27.367325028783164 28.032055082400287 28.69678513601741 29.14349372583025 29.357132439430828 29.5707711530314 29.78440986663198 29.998048580232556 30.21168729383313 30.425326007433707 30.638964721034284 30.852603434634858 31.0662421482358 31.279880861836375 31.493519575436952 31.62843140445789 31.679182412986236 31.729933421514588 31.780684430042935 31.831435438571287 31.882186447099635 31.932937455627986 31.983688464156334 32.03443947268468 32.08519048121303 32.13594148974147 32.18669249826982 32.17855663907116 32.10746938607419 32.03638213307722 31.96529488008025 31.894207627083283
