Figures/CREST_Example_wjb_NSE/Rolling_result/20100722/BJP_forecast/ens_9/wjb.rain.20091214.asc
ncols            288
nrows            254
xllcorner        113.274861
yllcorner        31.4918055
cellsize         0.008333333333
NODATA_value     -9999
[rows 60 to 79 of 254, columns 132 to 175 of 288]
0.957187123491972 0.9507859815968506 0.9443848397017293 0.9311335352230292 0.9105592520133994 0.8899849688037695 0.8694106855941397 0.8488364023845099 0.82826211917488 0.8076878359652502 0.7871135527556203 0.7665392695459554 0.7459649863363256 0.7253907031266957 0.7048164199170659 0.694186099147333 0.694186099147333 0.694186099147333 0.694186099147333 0.694186099147333 0.694186099147333 0.694186099147333 0.694186099147333 0.694186099147333 0.694186099147333 0.694186099147333 0.694186099147333 0.6858120192318834 0.6684858584571716 0.6511596976824597 0.6338335369077479 0.6165073761330361 0.5991812153583242 0.5818550545836124 0.5645288938089006 0.5472027330341888 0.5298765722594769 0.5125504114847356 0.49522425071002374 0.48627216984242944 0.48627216984242944 0.48627216984242944 0.48627216984242944 0.48627216984242944
0.9512256668844377 0.9417510995445221 0.9322765322046064 0.9174095462487303 0.8967779428328816 0.8761463394170329 0.8555147360011843 0.8348831325853356 0.814251529169487 0.7936199257536384 0.7729883223377897 0.7523567189219058 0.7317251155060572 0.7110935120902085 0.69046190867436 0.6798019717001409 0.6798019717001409 0.6798019717001409 0.6798019717001409 0.6798019717001409 0.6798019717001409 0.6798019717001409 0.6798019717001409 0.6798019717001409 0.6798019717001409 0.6798019717001409 0.6798019717001409 0.671144165961778 0.6532309700413107 0.6353177741208434 0.6174045782003762 0.5994913822799088 0.5815781863594416 0.5636649904389743 0.5457517945185071 0.5278385985980397 0.5099254026775725 0.49201220675707463 0.4740990108366073 0.4648436206458886 0.4648436206458886 0.4648436206458886 0.4648436206458886 0.4648436206458886
1.0527510449491462 1.0414434705205153 1.0301358960918847 1.012592642198925 0.9883833059271849 0.9641739696554449 0.9399646333837048 0.9157552971119647 0.8915459608402246 0.8673366245684846 0.8431272882967444 0.8189179520249631 0.794708615753223 0.7704992794814829 0.7462899432097427 0.7337814632025039 0.7337814632025039 0.7337814632025039 0.7337814632025039 0.7337814632025039 0.7337814632025039 0.7337814632025039 0.7337814632025039 0.7337814632025039 0.7337814632025039 0.7337814632025039 0.7337814632025039 0.7237174130248538 0.7028946655489157 0.6820719180729775 0.6612491705970392 0.6404264231211011 0.6196036756451628 0.5987809281692247 0.5779581806932864 0.5571354332173483 0.53631268574141 0.5154899382654363 0.49466719078949817 0.48390849348119647 0.48390849348119647 0.48390849348119647 0.48390849348119647 0.48390849348119647
1.1542764230138545 1.1411358414965087 1.127995259979163 1.10777573814912 1.0799886690214884 1.0522015998938568 1.0244145307662254 0.9966274616385937 0.9688403925109622 0.9410533233833307 0.9132662542556992 0.8854791851280203 0.8576921160003887 0.8299050468727571 0.8021179777451257 0.787760954704867 0.787760954704867 0.787760954704867 0.787760954704867 0.787760954704867 0.787760954704867 0.787760954704867 0.787760954704867 0.787760954704867 0.787760954704867 0.787760954704867 0.787760954704867 0.7762906600879297 0.7525583610565206 0.7288260620251115 0.7050937629937024 0.6813614639622932 0.6576291649308841 0.633896865899475 0.610164566868066 0.5864322678366568 0.5626999688052476 0.5389676697737981 0.515235370742389 0.5029733663165044 0.5029733663165044 0.5029733663165044 0.5029733663165044 0.5029733663165044
1.255801801078563 1.2408282124725023 1.2258546238664414 1.202958834099315 1.171594032115792 1.140229230132269 1.1088644281487459 1.077499626165223 1.0461348241817 1.014770022198177 0.983405220214654 0.9520404182310775 0.9206756162475546 0.8893108142640316 0.8579460122805085 0.84174044620723 0.84174044620723 0.84174044620723 0.84174044620723 0.84174044620723 0.84174044620723 0.84174044620723 0.84174044620723 0.84174044620723 0.84174044620723 0.84174044620723 0.84174044620723 0.8288639071510056 0.8022220565641255 0.7755802059772455 0.7489383553903655 0.7222965048034854 0.6956546542166053 0.6690128036297254 0.6423709530428453 0.6157291024559652 0.5890872518690853 0.5624454012821598 0.5358035506952796 0.5220382391518121 0.5220382391518121 0.5220382391518121 0.5220382391518121 0.5220382391518121
1.3573271791432715 1.3405205834484955 1.3237139877537196 1.2981419300495098 1.2631993952100953 1.228256860370681 1.1933143255312666 1.158371790691852 1.1234292558524377 1.0884867210130231 1.0535441861736088 1.018601651334135 0.9836591164947204 0.948716581655306 0.9137740468158916 0.8957199377095931 0.8957199377095931 0.8957199377095931 0.8957199377095931 0.8957199377095931 0.8957199377095931 0.8957199377095931 0.8957199377095931 0.8957199377095931 0.8957199377095931 0.8957199377095931 0.8957199377095931 0.8814371542140815 0.8518857520717306 0.8223343499293796 0.7927829477870286 0.7632315456446777 0.7336801435023267 0.7041287413599757 0.6745773392176247 0.6450259370752738 0.6154745349329229 0.5859231327905214 0.5563717306481706 0.54110311198712 0.54110311198712 0.54110311198712 0.54110311198712 0.54110311198712
1.4588525572080666 1.440212954424574 1.4215733516410816 1.393325025999786 1.354804758304477 1.3162844906091682 1.2777642229138593 1.2392439552185501 1.2007236875232414 1.1622034198279323 1.1236831521326236 1.0851628844372487 1.04664261674194 1.008122349046631 0.9696020813513221 0.9496994292120022 0.9496994292120022 0.9496994292120022 0.9496994292120022 0.9496994292120022 0.9496994292120022 0.9496994292120022 0.9496994292120022 0.9496994292120022 0.9496994292120022 0.9496994292120022 0.9496994292120022 0.9340104012772023 0.9015494475793779 0.8690884938815535 0.8366275401837291 0.8041665864859048 0.7717056327880805 0.739244679090256 0.7067837253924316 0.6743227716946073 0.641861817996783 0.6094008642989033 0.5769399106010789 0.5601679848224441 0.5601679848224441 0.5601679848224441 0.5601679848224441 0.5601679848224441
1.560377935272775 1.5399053254005672 1.5194327155283598 1.4885081219499807 1.4464101213987803 1.40431212084758 1.3622141202963798 1.3201161197451794 1.278018119193979 1.2359201186427786 1.1938221180915782 1.1517241175403061 1.1096261169891057 1.0675281164379054 1.025430115886705 1.0036789207143653 1.0036789207143653 1.0036789207143653 1.0036789207143653 1.0036789207143653 1.0036789207143653 1.0036789207143653 1.0036789207143653 1.0036789207143653 1.0036789207143653 1.0036789207143653 1.0036789207143653 0.9865836483402781 0.9512131430869828 0.9158426378336876 0.8804721325803923 0.845101627327097 0.8097311220738017 0.7743606168205064 0.7389901115672111 0.7036196063139158 0.6682491010606206 0.6328785958072649 0.5975080905539697 0.579232857657752 0.579232857657752 0.579232857657752 0.579232857657752 0.579232857657752
1.6619033133374832 1.6395976963765606 1.617292079415638 1.5836912179001756 1.5380154844930838 1.492339751085992 1.4466640176789003 1.4009882842718084 1.3553125508647166 1.3096368174576247 1.2639610840505329 1.2182853506433633 1.1726096172362714 1.1269338838291796 1.0812581504220877 1.0576584122167283 1.0576584122167283 1.0576584122167283 1.0576584122167283 1.0576584122167283 1.0576584122167283 1.0576584122167283 1.0576584122167283 1.0576584122167283 1.0576584122167283 1.0576584122167283 1.0576584122167283 1.0391568954033539 1.0008768385945879 0.9625967817858215 0.9243167249770554 0.8860366681682892 0.847756611359523 0.8094765545507567 0.7711964977419905 0.7329164409332244 0.6946363841244582 0.6563563273156268 0.6180762705068605 0.5982977304930599 0.5982977304930599 0.5982977304930599 0.5982977304930599 0.5982977304930599
1.7634286914021917 1.739290067352554 1.7151514433029162 1.6788743138503703 1.6296208475873872 1.580367381324404 1.5311139150614208 1.4818604487984375 1.4326069825354544 1.383353516272471 1.334100050009488 1.2848465837464207 1.2355931174834374 1.1863396512204543 1.137086184957471 1.1116379037190915 1.1116379037190915 1.1116379037190915 1.1116379037190915 1.1116379037190915 1.1116379037190915 1.1116379037190915 1.1116379037190915 1.1116379037190915 1.1116379037190915 1.1116379037190915 1.1116379037190915 1.09173014246643 1.050540534102193 1.0093509257379558 0.9681613173737187 0.9269717090094816 0.8857821006452444 0.8445924922810073 0.8034028839167702 0.762213275552533 0.7210236671882959 0.6798340588239884 0.6386444504597513 0.6173626033283678 0.6173626033283678 0.6173626033283678 0.6173626033283678 0.6173626033283678
1.8649540694669002 1.8389824383285474 1.8130108071901947 1.7740574098005655 1.7212262106816907 1.668395011562816 1.6155638124439413 1.5627326133250667 1.509901414206192 1.4570702150873174 1.4042390159684426 1.3514078168494779 1.2985766177306033 1.2457454186117285 1.1929142194928537 1.1656173952214546 1.1656173952214546 1.1656173952214546 1.1656173952214546 1.1656173952214546 1.1656173952214546 1.1656173952214546 1.1656173952214546 1.1656173952214546 1.1656173952214546 1.1656173952214546 1.1656173952214546 1.1443033895295058 1.1002042296097978 1.0561050696900898 1.0120059097703817 0.9679067498506737 0.9238075899309657 0.8797084300112576 0.8356092700915496 0.7915101101718415 0.7474109502521334 0.7033117903323503 0.6592126304126421 0.6364274761636757 0.6364274761636757 0.6364274761636757 0.6364274761636757 0.6364274761636757
1.9664794475316085 1.938674809304541 1.9108701710774731 1.8692405057507604 1.8128315737759941 1.756422641801228 1.7000137098264618 1.6436047778516958 1.5871958458769297 1.5307869139021635 1.4743779819273974 1.417969049952535 1.3615601179777688 1.3051511860030027 1.2487422540282367 1.2195968867238176 1.2195968867238176 1.2195968867238176 1.2195968867238176 1.2195968867238176 1.2195968867238176 1.2195968867238176 1.2195968867238176 1.2195968867238176 1.2195968867238176 1.2195968867238176 1.2195968867238176 1.1968766365925818 1.1498679251174029 1.1028592136422237 1.0558505021670448 1.0088417906918659 0.9618330792166869 0.914824367741508 0.867815656266329 0.82080694479115 0.773798233315971 0.7267895218407119 0.679780810365533 0.6554923489989836 0.6554923489989836 0.6554923489989836 0.6554923489989836 0.6554923489989836
2.0680048255964034 2.038367180280619 2.008729534964835 1.9644236017010364 1.9044369368703755 1.844450272039715 1.7844636072090543 1.7244769423783937 1.664490277547733 1.6045036127170724 1.5445169478864118 1.484530283055649 1.4245436182249884 1.3645569533943278 1.3045702885636672 1.2735763782262266 1.2735763782262266 1.2735763782262266 1.2735763782262266 1.2735763782262266 1.2735763782262266 1.2735763782262266 1.2735763782262266 1.2735763782262266 1.2735763782262266 1.2735763782262266 1.2735763782262266 1.2494498836557024 1.19953162062505 1.1496133575943976 1.0996950945637454 1.0497768315330929 0.9998585685024406 0.9499403054717882 0.9000220424411358 0.8501037794104835 0.8001855163798312 0.7502672533490936 0.7003489903184413 0.6745572218343077 0.6745572218343077 0.6745572218343077 0.6745572218343077 0.6745572218343077
2.0588008828820725 2.029731547144847 2.000662211407622 1.9567627363437354 1.8970095069286452 1.8372562775135548 1.7775030480984644 1.717749818683374 1.6579965892682837 1.5982433598531933 1.538490130438103 1.4787369010229106 1.4189836716078204 1.35923044219273 1.2994772127776395 1.2686039138520886 1.2686039138520886 1.2686039138520886 1.2686039138520886 1.2686039138520886 1.2686039138520886 1.2686039138520886 1.2686039138520886 1.2686039138520886 1.2686039138520886 1.2686039138520886 1.2686039138520886 1.2455191010838869 1.197756101266072 1.1499931014482574 1.1022301016304425 1.054467101812628 1.006704101994813 0.9589411021769985 0.9111781023591836 0.863415102541369 0.8156521027235542 0.767889102905658 0.7201261030878432 0.6954479160152612 0.6954479160152612 0.6954479160152612 0.6954479160152612 0.6954479160152612
1.9312342778282023 1.905300107781894 1.8793659377355856 1.8391681607436827 1.7837222653291125 1.728276369914542 1.6728304744999718 1.6173845790854016 1.5619386836708313 1.5064927882562609 1.4510468928416906 1.3956009974270258 1.3401551020124556 1.2847092065978853 1.229263311183315 1.2006155256144808 1.2006155256144808 1.2006155256144808 1.2006155256144808 1.2006155256144808 1.2006155256144808 1.2006155256144808 1.2006155256144808 1.2006155256144808 1.2006155256144808 1.2006155256144808 1.2006155256144808 1.1811890734571524 1.1409953044988286 1.1008015355405047 1.060607766582181 1.020413997623857 0.9802202286655332 0.9400264597072093 0.8998326907488854 0.8596389217905616 0.8194451528322377 0.7792513838738454 0.7390576149155216 0.7182902980951972 0.7182902980951972 0.7182902980951972 0.7182902980951972 0.7182902980951972
1.8036676727743324 1.7808686684189408 1.7580696640635494 1.7215735851436296 1.6704350237295793 1.6192964623155293 1.568157900901479 1.5170193394874287 1.4658807780733785 1.4147422166593284 1.3636036552452782 1.3124650938311408 1.2613265324170906 1.2101879710030405 1.1590494095889903 1.1326271373768728 1.1326271373768728 1.1326271373768728 1.1326271373768728 1.1326271373768728 1.1326271373768728 1.1326271373768728 1.1326271373768728 1.1326271373768728 1.1326271373768728 1.1326271373768728 1.1326271373768728 1.1168590458304177 1.0842345077315847 1.0516099696327519 1.018985431533919 0.986360893435086 0.9537363553362531 0.9211118172374202 0.8884872791385873 0.8558627410397543 0.8232382029409215 0.790613664842033 0.7579891267432 0.7411326801751332 0.7411326801751332 0.7411326801751332 0.7411326801751332 0.7411326801751332
1.6761010677204624 1.656437229055988 1.6367733903915131 1.6039790095435766 1.5571477821300466 1.5103165547165165 1.4634853273029864 1.4166540998894561 1.369822872475926 1.322991645062396 1.2761604176488657 1.2293291902352559 1.1824979628217256 1.1356667354081955 1.0888355079946654 1.0646387491392648 1.0646387491392648 1.0646387491392648 1.0646387491392648 1.0646387491392648 1.0646387491392648 1.0646387491392648 1.0646387491392648 1.0646387491392648 1.0646387491392648 1.0646387491392648 1.0646387491392648 1.052529018203683 1.027473710964341 1.002418403724999 0.977363096485657 0.952307789246315 0.927252482006973 0.9021971747676311 0.877141867528289 0.852086560288947 0.827031253049605 0.8019759458102202 0.7769206385708783 0.7639750622550692 0.7639750622550692 0.7639750622550692 0.7639750622550692 0.7639750622550692
1.5485344626665924 1.5320057896930346 1.5154771167194765 1.4863844339435237 1.4438605405305136 1.4013366471175035 1.3588127537044936 1.3162888602914835 1.2737649668784734 1.2312410734654635 1.1887171800524534 1.146193286639371 1.1036693932263608 1.061145499813351 1.0186216064003408 0.9966503609016569 0.9966503609016569 0.9966503609016569 0.9966503609016569 0.9966503609016569 0.9966503609016569 0.9966503609016569 0.9966503609016569 0.9966503609016569 0.9966503609016569 0.9966503609016569 0.9966503609016569 0.9881989905769484 0.9707129141970974 0.9532268378172463 0.9357407614373952 0.918254685057544 0.9007686086776929 0.8832825322978419 0.8657964559179908 0.8483103795381397 0.8308243031582887 0.8133382267784077 0.7958521503985566 0.7868174443350051 0.7868174443350051 0.7868174443350051 0.7868174443350051 0.7868174443350051
1.4209678576127223 1.4075743503300813 1.3941808430474403 1.3687898583434706 1.3305732989309806 1.2923567395184907 1.2541401801060008 1.215923620693511 1.177707061281021 1.139490501868531 1.101273942456041 1.063057383043486 1.024840823630996 0.986624264218506 0.9484077048060161 0.928661972664049 0.928661972664049 0.928661972664049 0.928661972664049 0.928661972664049 0.928661972664049 0.928661972664049 0.928661972664049 0.928661972664049 0.928661972664049 0.928661972664049 0.928661972664049 0.9238689629502138 0.9139521174298537 0.9040352719094935 0.8941184263891333 0.8842015808687731 0.874284735348413 0.8643678898280528 0.8544510443076926 0.8445341987873325 0.8346173532669723 0.8247005077465952 0.814783662226235 0.809659826414941 0.809659826414941 0.809659826414941 0.809659826414941 0.809659826414941
1.2934012525587437 1.283142910967022 1.2728845693753004 1.2511952827433173 1.217286057331351 1.183376831919385 1.1494676065074187 1.1155583810954526 1.0816491556834864 1.0477399302715202 1.013830704859554 0.97992147944753 0.9460122540355639 0.9121030286235977 0.8781938032116314 0.8606735844263831 0.8606735844263831 0.8606735844263831 0.8606735844263831 0.8606735844263831 0.8606735844263831 0.8606735844263831 0.8606735844263831 0.8606735844263831 0.8606735844263831 0.8606735844263831 0.8606735844263831 0.8595389353234243 0.8571913206625615 0.8548437060016987 0.8524960913408359 0.8501484766799732 0.8478008620191103 0.8454532473582476 0.8431056326973847 0.840758018036522 0.8384104033756591 0.8360627887147923 0.8337151740539295 0.8325022084948965 0.8325022084948965 0.8325022084948965 0.8325022084948965 0.8325022084948965
