Figures/CREST_Example_wjb_NSE/Rolling_result/20100722/BJP_forecast/ens_9/wjb.rain.20100330.asc
ncols            288
nrows            254
xllcorner        113.274861
yllcorner        31.4918055
cellsize         0.008333333333
NODATA_value     -9999
[rows 100 to 119 of 254, columns 132 to 175 of 288]
0.47603121030300355 0.47288780972840605 0.4697444091538086 0.4753292662363901 0.49024482816017045 0.5051603900839507 0.5200759520077312 0.5349915139315115 0.5499070758552919 0.5648226377790722 0.5797381997028526 0.5946537616266583 0.6095693235504387 0.624484885474219 0.6394004473979993 0.6471070200204849 0.6471070200204849 0.6471070200204849 0.6471070200204849 0.6471070200204849 0.6471070200204849 0.6471070200204849 0.6471070200204849 0.6471070200204849 0.6471070200204849 0.6471070200204849 0.6471070200204849 0.6783526208512718 0.7430004757753573 0.8076483306994429 0.8722961856235285 0.936944040547614 1.0015918954716996 1.0662397503957852 1.1308876053198706 1.1955354602439563 1.260183315168042 1.3248311700922377 1.3894790250163234 1.4228812791407108 1.4228812791407108 1.4228812791407108 1.4228812791407108 1.4228812791407108
0.47603121030300355 0.47288780972840605 0.4697444091538086 0.4753292662363901 0.49024482816017045 0.5051603900839507 0.5200759520077312 0.5349915139315115 0.5499070758552919 0.5648226377790722 0.5797381997028526 0.5946537616266583 0.6095693235504387 0.624484885474219 0.6394004473979993 0.6471070200204849 0.6471070200204849 0.6471070200204849 0.6471070200204849 0.6471070200204849 0.6471070200204849 0.6471070200204849 0.6471070200204849 0.6471070200204849 0.6471070200204849 0.6471070200204849 0.6471070200204849 0.6783526208512718 0.7430004757753573 0.8076483306994429 0.8722961856235285 0.936944040547614 1.0015918954716996 1.0662397503957852 1.1308876053198706 1.1955354602439563 1.260183315168042 1.3248311700922377 1.3894790250163234 1.4228812791407108 1.4228812791407108 1.4228812791407108 1.4228812791407108 1.4228812791407108
0.47603121030300355 0.47288780972840605 0.4697444091538086 0.4753292662363901 0.49024482816017045 0.5051603900839507 0.5200759520077312 0.5349915139315115 0.5499070758552919 0.5648226377790722 0.5797381997028526 0.5946537616266583 0.6095693235504387 0.624484885474219 0.6394004473979993 0.6471070200204849 0.6471070200204849 0.6471070200204849 0.6471070200204849 0.6471070200204849 0.6471070200204849 0.6471070200204849 0.6471070200204849 0.6471070200204849 0.6471070200204849 0.6471070200204849 0.6471070200204849 0.6783526208512718 0.7430004757753573 0.8076483306994429 0.8722961856235285 0.936944040547614 1.0015918954716996 1.0662397503957852 1.1308876053198706 1.1955354602439563 1.260183315168042 1.3248311700922377 1.3894790250163234 1.4228812791407108 1.4228812791407108 1.4228812791407108 1.4228812791407108 1.4228812791407108
0.47603121030300355 0.47288780972840605 0.4697444091538086 0.4753292662363901 0.49024482816017045 0.5051603900839507 0.5200759520077312 0.5349915139315115 0.5499070758552919 0.5648226377790722 0.5797381997028526 0.5946537616266583 0.6095693235504387 0.624484885474219 0.6394004473979993 0.6471070200204849 0.6471070200204849 0.6471070200204849 0.6471070200204849 0.6471070200204849 0.6471070200204849 0.6471070200204849 0.6471070200204849 0.6471070200204849 0.6471070200204849 0.6471070200204849 0.6471070200204849 0.6783526208512718 0.7430004757753573 0.8076483306994429 0.8722961856235285 0.936944040547614 1.0015918954716996 1.0662397503957852 1.1308876053198706 1.1955354602439563 1.260183315168042 1.3248311700922377 1.3894790250163234 1.4228812791407108 1.4228812791407108 1.4228812791407108 1.4228812791407108 1.4228812791407108
0.47603121030300355 0.47288780972840605 0.4697444091538086 0.4753292662363901 0.49024482816017045 0.5051603900839507 0.5200759520077312 0.5349915139315115 0.5499070758552919 0.5648226377790722 0.5797381997028526 0.5946537616266583 0.6095693235504387 0.624484885474219 0.6394004473979993 0.6471070200204849 0.6471070200204849 0.6471070200204849 0.6471070200204849 0.6471070200204849 0.6471070200204849 0.6471070200204849 0.6471070200204849 0.6471070200204849 0.6471070200204849 0.6471070200204849 0.6471070200204849 0.6783526208512718 0.7430004757753573 0.8076483306994429 0.8722961856235285 0.936944040547614 1.0015918954716996 1.0662397503957852 1.1308876053198706 1.1955354602439563 1.260183315168042 1.3248311700922377 1.3894790250163234 1.4228812791407108 1.4228812791407108 1.4228812791407108 1.4228812791407108 1.4228812791407108
0.47603121030300355 0.47288780972840605 0.4697444091538086 0.4753292662363901 0.49024482816017045 0.5051603900839507 0.5200759520077312 0.5349915139315115 0.5499070758552919 0.5648226377790722 0.5797381997028526 0.5946537616266583 0.6095693235504387 0.624484885474219 0.6394004473979993 0.6471070200204849 0.6471070200204849 0.6471070200204849 0.6471070200204849 0.6471070200204849 0.6471070200204849 0.6471070200204849 0.6471070200204849 0.6471070200204849 0.6471070200204849 0.6471070200204849 0.6471070200204849 0.6783526208512718 0.7430004757753573 0.8076483306994429 0.8722961856235285 0.936944040547614 1.0015918954716996 1.0662397503957852 1.1308876053198706 1.1955354602439563 1.260183315168042 1.3248311700922377 1.3894790250163234 1.4228812791407108 1.4228812791407108 1.4228812791407108 1.4228812791407108 1.4228812791407108
0.47603121030300355 0.47288780972840605 0.4697444091538086 0.4753292662363901 0.49024482816017045 0.5051603900839507 0.5200759520077312 0.5349915139315115 0.5499070758552919 0.5648226377790722 0.5797381997028526 0.5946537616266583 0.6095693235504387 0.624484885474219 0.6394004473979993 0.6471070200204849 0.6471070200204849 0.6471070200204849 0.6471070200204849 0.6471070200204849 0.6471070200204849 0.6471070200204849 0.6471070200204849 0.6471070200204849 0.6471070200204849 0.6471070200204849 0.6471070200204849 0.6783526208512718 0.7430004757753573 0.8076483306994429 0.8722961856235285 0.936944040547614 1.0015918954716996 1.0662397503957852 1.1308876053198706 1.1955354602439563 1.260183315168042 1.3248311700922377 1.3894790250163234 1.4228812791407108 1.4228812791407108 1.4228812791407108 1.4228812791407108 1.4228812791407108
0.47603121030300355 0.47288780972840605 0.4697444091538086 0.4753292662363901 0.49024482816017045 0.5051603900839507 0.5200759520077312 0.5349915139315115 0.5499070758552919 0.5648226377790722 0.5797381997028526 0.5946537616266583 0.6095693235504387 0.624484885474219 0.6394004473979993 0.6471070200204849 0.6471070200204849 0.6471070200204849 0.6471070200204849 0.6471070200204849 0.6471070200204849 0.6471070200204849 0.6471070200204849 0.6471070200204849 0.6471070200204849 0.6471070200204849 0.6471070200204849 0.6783526208512718 0.7430004757753573 0.8076483306994429 0.8722961856235285 0.936944040547614 1.0015918954716996 1.0662397503957852 1.1308876053198706 1.1955354602439563 1.260183315168042 1.3248311700922377 1.3894790250163234 1.4228812791407108 1.4228812791407108 1.4228812791407108 1.4228812791407108 1.4228812791407108
0.47603121030300355 0.47288780972840605 0.4697444091538086 0.4753292662363901 0.49024482816017045 0.5051603900839507 0.5200759520077312 0.5349915139315115 0.5499070758552919 0.5648226377790722 0.5797381997028526 0.5946537616266583 0.6095693235504387 0.624484885474219 0.6394004473979993 0.6471070200204849 0.6471070200204849 0.6471070200204849 0.6471070200204849 0.6471070200204849 0.6471070200204849 0.6471070200204849 0.6471070200204849 0.6471070200204849 0.6471070200204849 0.6471070200204849 0.6471070200204849 0.6783526208512718 0.7430004757753573 0.8076483306994429 0.8722961856235285 0.936944040547614 1.0015918954716996 1.0662397503957852 1.1308876053198706 1.1955354602439563 1.260183315168042 1.3248311700922377 1.3894790250163234 1.4228812791407108 1.4228812791407108 1.4228812791407108 1.4228812791407108 1.4228812791407108
0.49553805794464073 0.49235326827070064 0.48916847859676055 0.49390979625013515 0.5071243018999719 0.5203388075498085 0.5335533131996453 0.546767818849482 0.5599823244993187 0.5731968301491555 0.5864113357989922 0.5996258414488514 0.6128403470986881 0.6260548527485248 0.6392693583983615 0.6460970292552234 0.6460970292552234 0.6460970292552234 0.6460970292552234 0.6460970292552234 0.6460970292552234 0.6460970292552234 0.6460970292552234 0.6460970292552234 0.6460970292552234 0.6460970292552234 0.6460970292552234 0.678783881924921 0.7464137195061995 0.814043557087478 0.8816733946687565 0.949303232250035 1.0169330698313135 1.0845629074125918 1.1521927449938703 1.2198225825751488 1.2874524201564272 1.355082257737821 1.4227120953190995 1.4576550802632031 1.4576550802632031 1.4576550802632031 1.4576550802632031 1.4576550802632031
0.5358964959129127 0.5326260748017937 0.5293556536906747 0.5323517414456639 0.5420468689071993 0.5517419963687348 0.5614371238302702 0.5711322512918057 0.5808273787533411 0.5905225062148766 0.600217633676412 0.609912761137964 0.6196078885994994 0.6293030160610349 0.6389981435225703 0.6440074220364059 0.6440074220364059 0.6440074220364059 0.6440074220364059 0.6440074220364059 0.6440074220364059 0.6440074220364059 0.6440074220364059 0.6440074220364059 0.6440074220364059 0.6440074220364059 0.6440074220364059 0.6796761338976003 0.7534755055985742 0.8272748772995482 0.9010742490005221 0.9748736207014961 1.04867299240247 1.122472364103444 1.196271735804418 1.2700711075053919 1.343870479206366 1.4176698509074657 1.4914692226084396 1.5295998824837092 1.5295998824837092 1.5295998824837092 1.5295998824837092 1.5295998824837092
0.576254933881219 0.5728988813329211 0.5695428287846231 0.5707936866412252 0.5769694359144564 0.5831451851876875 0.5893209344609188 0.59549668373415 0.6016724330073812 0.6078481822806123 0.6140239315538435 0.6201996808270853 0.6263754301003165 0.6325511793735477 0.6387269286467788 0.6419178148175867 0.6419178148175867 0.6419178148175867 0.6419178148175867 0.6419178148175867 0.6419178148175867 0.6419178148175867 0.6419178148175867 0.6419178148175867 0.6419178148175867 0.6419178148175867 0.6419178148175867 0.6805683858702802 0.760537291690955 0.8405061975116297 0.9204751033323044 1.0004440091529792 1.0804129149736539 1.1603818207943286 1.2403507266150033 1.320319632435678 1.4002885382563528 1.4802574440771639 1.5602263498978386 1.6015446847042765 1.6015446847042765 1.6015446847042765 1.6015446847042765 1.6015446847042765
0.6166133718494908 0.6131716878640141 0.6097300038785374 0.6092356318367538 0.6118920029216838 0.6145483740066137 0.6172047450915437 0.6198611161764735 0.6225174872614034 0.6251738583463334 0.6278302294312633 0.6304866005161978 0.6331429716011278 0.6357993426860576 0.6384557137709876 0.6398282075987692 0.6398282075987692 0.6398282075987692 0.6398282075987692 0.6398282075987692 0.6398282075987692 0.6398282075987692 0.6398282075987692 0.6398282075987692 0.6398282075987692 0.6398282075987692 0.6398282075987692 0.6814606378429594 0.7675990777833296 0.8537375177236999 0.9398759576640701 1.0260143976044405 1.1121528375448106 1.1982912774851808 1.2844297174255512 1.3705681573659212 1.4567065973062916 1.5428450372468085 1.628983477187179 1.6734894869247827 1.6734894869247827 1.6734894869247827 1.6734894869247827 1.6734894869247827
0.6569718098177628 0.6534444943951072 0.6499171789724517 0.6476775770322826 0.6468145699289112 0.6459515628255399 0.6450885557221685 0.6442255486187972 0.6433625415154259 0.6424995344120545 0.6416365273086833 0.6407735202053104 0.6399105131019391 0.6390475059985677 0.6381844988951965 0.6377386003799519 0.6377386003799519 0.6377386003799519 0.6377386003799519 0.6377386003799519 0.6377386003799519 0.6377386003799519 0.6377386003799519 0.6377386003799519 0.6377386003799519 0.6377386003799519 0.6377386003799519 0.6823528898156387 0.7746608638757044 0.8669688379357701 0.9592768119958358 1.0515847860559016 1.1438927601159672 1.236200734176033 1.328508708236099 1.4208166822961643 1.5131246563562302 1.6054326304164532 1.697740604476519 1.7454342891452885 1.7454342891452885 1.7454342891452885 1.7454342891452885 1.7454342891452885
0.6973302477860348 0.6937173009262004 0.6901043540663659 0.6861195222278113 0.6817371369361387 0.677354751644466 0.6729723663527934 0.6685899810611209 0.6642075957694483 0.6598252104777756 0.6554428251861031 0.651060439894423 0.6466780546027504 0.6422956693110778 0.6379132840194053 0.6356489931611344 0.6356489931611344 0.6356489931611344 0.6356489931611344 0.6356489931611344 0.6356489931611344 0.6356489931611344 0.6356489931611344 0.6356489931611344 0.6356489931611344 0.6356489931611344 0.6356489931611344 0.6832451417883179 0.781722649968079 0.8802001581478404 0.9786776663276016 1.0771551745073629 1.175632682687124 1.2741101908668853 1.3725876990466466 1.4710652072264079 1.5695427154061692 1.6680202235860984 1.7664977317658597 1.8173790913657948 1.8173790913657948 1.8173790913657948 1.8173790913657948 1.8173790913657948
0.7376886857543068 0.7339901074572934 0.7302915291602802 0.7245614674233398 0.716659703943366 0.7087579404633921 0.7008561769834183 0.6929544135034444 0.6850526500234706 0.6771508865434968 0.6692491230635229 0.6613473595835355 0.6534455961035617 0.6455438326235878 0.637642069143614 0.633559385942317 0.633559385942317 0.633559385942317 0.633559385942317 0.633559385942317 0.633559385942317 0.633559385942317 0.633559385942317 0.633559385942317 0.633559385942317 0.633559385942317 0.633559385942317 0.684137393760997 0.7887844360604538 0.8934314783599105 0.9980785206593672 1.102725562958824 1.2073726052582807 1.3120196475577375 1.4166666898571942 1.521313732156651 1.6259607744561078 1.730607816755743 1.8352548590551998 1.8893238935863008 1.8893238935863008 1.8893238935863008 1.8893238935863008 1.8893238935863008
0.7780471237225787 0.7742629139883865 0.7704787042541943 0.7630034126188685 0.7515822709505934 0.7401611292823183 0.7287399876140431 0.717318845945768 0.7058977042774929 0.6944765626092178 0.6830554209409426 0.6716342792726481 0.660213137604373 0.6487919959360978 0.6373708542678227 0.6314697787234995 0.6314697787234995 0.6314697787234995 0.6314697787234995 0.6314697787234995 0.6314697787234995 0.6314697787234995 0.6314697787234995 0.6314697787234995 0.6314697787234995 0.6314697787234995 0.6314697787234995 0.6850296457336762 0.7958462221528284 0.9066627985719807 1.017479374991133 1.1282959514102853 1.2391125278294375 1.3499291042485897 1.4607456806677421 1.5715622570868943 1.6823788335060466 1.793195409925388 1.9040119863445402 1.9612686958068068 1.9612686958068068 1.9612686958068068 1.9612686958068068 1.9612686958068068
0.8184055616908505 0.8145357205194795 0.8106658793481085 0.8014453578143971 0.7865048379578208 0.7715643181012444 0.756623798244668 0.7416832783880917 0.7267427585315153 0.7118022386749389 0.6968617188183626 0.6819211989617607 0.6669806791051843 0.6520401592486079 0.6370996393920316 0.6293801715046822 0.6293801715046822 0.6293801715046822 0.6293801715046822 0.6293801715046822 0.6293801715046822 0.6293801715046822 0.6293801715046822 0.6293801715046822 0.6293801715046822 0.6293801715046822 0.6293801715046822 0.6859218977063555 0.8029080082452031 0.9198941187840509 1.0368802293228987 1.1538663398617466 1.2708524504005942 1.387838560939442 1.5048246714782896 1.6218107820171372 1.738796892555985 1.8557830030950324 1.97276911363388 2.0332134980273127 2.0332134980273127 2.0332134980273127 2.0332134980273127 2.0332134980273127
0.858763999659157 0.854808527050607 0.850853054442057 0.8398873030099586 0.8214274049650779 0.8029675069201974 0.7845076088753167 0.766047710830436 0.7475878127855554 0.7291279147406747 0.7106680166957942 0.6922081186508819 0.6737482206060014 0.6552883225611208 0.6368284245162401 0.6272905642858629 0.6272905642858629 0.6272905642858629 0.6272905642858629 0.6272905642858629 0.6272905642858629 0.6272905642858629 0.6272905642858629 0.6272905642858629 0.6272905642858629 0.6272905642858629 0.6272905642858629 0.6868141496790354 0.809969794337584 0.9331254389961325 1.056281083654681 1.1794367283132297 1.302592372971778 1.4257480176303265 1.5489036622888752 1.6720593069474239 1.7952149516059723 1.9183705962647308 2.0415262409232793 2.10515830024788 2.10515830024788 2.10515830024788 2.10515830024788 2.10515830024788
0.8991224376274288 0.8950813335817001 0.8910402295359713 0.8783292482054872 0.8563499719723053 0.8343706957391234 0.8123914195059415 0.7904121432727597 0.7684328670395777 0.7464535908063958 0.724474314573214 0.7024950383399946 0.6805157621068126 0.6585364858736308 0.6365572096404488 0.6252009570670455 0.6252009570670455 0.6252009570670455 0.6252009570670455 0.6252009570670455 0.6252009570670455 0.6252009570670455 0.6252009570670455 0.6252009570670455 0.6252009570670455 0.6252009570670455 0.6252009570670455 0.6877064016517146 0.8170315804299586 0.9463567592082027 1.0756819379864466 1.2050071167646907 1.3343322955429349 1.4636574743211788 1.5929826530994229 1.722307831877667 1.851633010655911 1.9809581894343755 2.1102833682126194 2.1771031024683865 2.1771031024683865 2.1771031024683865 2.1771031024683865 2.1771031024683865
