Figures/CREST_Example_wjb_NSE/Rolling_result/20100722/BJP_forecast/ens_9/wjb.rain.20100419.asc
ncols            288
nrows            254
xllcorner        113.274861
yllcorner        31.4918055
cellsize         0.008333333333
NODATA_value     -9999
[rows 42 to 62 of 254, columns 0 to 48 of 288]
-9999.0 -9999.0 -9999.0 -9999.0 -9999.0 -9999.0 -9999.0 -9999.0 -9999.0 -9999.0 -9999.0 -9999.0 -9999.0 -9999.0 -9999.0 1.7863713060531392 1.8898230472874284 1.993274788521718 2.0967265297560074 2.2001782709902966 2.303630012224586 2.407081753458875 2.5105334946931643 2.6139852359274536 2.717436977161743 2.8208887183960325 2.924340459630498 2.977791905403137 2.977791905403137 2.977791905403137 2.977791905403137 2.977791905403137 2.977791905403137 2.977791905403137 2.977791905403137 2.977791905403137 2.977791905403137 2.977791905403137 2.977791905403137 2.9131930673848743 2.7795366115654767 2.6458801557460796 2.5122236999266825 2.378567244107285 2.244910788287888 2.1112543324684907 1.9775978766490931 1.8439414208296958 1.7102849650102987
-9999.0 -9999.0 -9999.0 -9999.0 -9999.0 -9999.0 -9999.0 -9999.0 -9999.0 -9999.0 -9999.0 -9999.0 -9999.0 -9999.0 -9999.0 -9999.0 1.8898230472874284 1.993274788521718 2.0967265297560074 2.2001782709902966 2.303630012224586 2.407081753458875 2.5105334946931643 2.6139852359274536 2.717436977161743 2.8208887183960325 2.924340459630498 2.977791905403137 2.977791905403137 2.977791905403137 2.977791905403137 2.977791905403137 2.977791905403137 2.977791905403137 2.977791905403137 2.977791905403137 2.977791905403137 2.977791905403137 2.977791905403137 2.9131930673848743 2.7795366115654767 2.6458801557460796 2.5122236999266825 2.378567244107285 2.244910788287888 2.1112543324684907 1.9775978766490931 1.8439414208296958 1.7102849650102987
-9999.0 -9999.0 -9999.0 -9999.0 -9999.0 -9999.0 -9999.0 -9999.0 -9999.0 -9999.0 -9999.0 -9999.0 -9999.0 -9999.0 -9999.0 -9999.0 -9999.0 1.993274788521718 2.0967265297560074 2.2001782709902966 2.303630012224586 2.407081753458875 2.5105334946931643 2.6139852359274536 2.717436977161743 2.8208887183960325 2.924340459630498 2.977791905403137 2.977791905403137 2.977791905403137 2.977791905403137 2.977791905403137 2.977791905403137 2.977791905403137 2.977791905403137 2.977791905403137 2.977791905403137 2.977791905403137 2.977791905403137 2.9131930673848743 2.7795366115654767 2.6458801557460796 2.5122236999266825 2.378567244107285 2.244910788287888 2.1112543324684907 1.9775978766490931 1.8439414208296958 1.7102849650102987
-9999.0 -9999.0 -9999.0 -9999.0 -9999.0 -9999.0 -9999.0 -9999.0 -9999.0 -9999.0 -9999.0 -9999.0 -9999.0 -9999.0 -9999.0 -9999.0 -9999.0 1.993274788521718 2.0967265297560074 2.2001782709902966 2.303630012224586 2.407081753458875 2.5105334946931643 2.6139852359274536 2.717436977161743 2.8208887183960325 2.924340459630498 2.977791905403137 2.977791905403137 2.977791905403137 2.977791905403137 2.977791905403137 2.977791905403137 2.977791905403137 2.977791905403137 2.977791905403137 2.977791905403137 2.977791905403137 2.977791905403137 2.9131930673848743 2.7795366115654767 2.6458801557460796 2.5122236999266825 2.378567244107285 2.244910788287888 2.1112543324684907 1.9775978766490931 1.8439414208296958 1.7102849650102987
-9999.0 -9999.0 -9999.0 -9999.0 -9999.0 -9999.0 -9999.0 -9999.0 -9999.0 -9999.0 -9999.0 -9999.0 -9999.0 -9999.0 -9999.0 -9999.0 -9999.0 -9999.0 2.0967265297560074 2.2001782709902966 2.303630012224586 2.407081753458875 2.5105334946931643 2.6139852359274536 2.717436977161743 2.8208887183960325 2.924340459630498 2.977791905403137 2.977791905403137 2.977791905403137 2.977791905403137 2.977791905403137 2.977791905403137 2.977791905403137 2.977791905403137 2.977791905403137 2.977791905403137 2.977791905403137 2.977791905403137 2.9131930673848743 2.7795366115654767 2.6458801557460796 2.5122236999266825 2.378567244107285 2.244910788287888 2.1112543324684907 1.9775978766490931 1.8439414208296958 1.7102849650102987
-9999.0 -9999.0 -9999.0 -9999.0 -9999.0 -9999.0 -9999.0 -9999.0 -9999.0 -9999.0 -9999.0 -9999.0 -9999.0 -9999.0 -9999.0 -9999.0 -9999.0 -9999.0 2.0967265297560074 2.2001782709902966 2.303630012224586 2.407081753458875 2.5105334946931643 2.6139852359274536 2.717436977161743 2.8208887183960325 2.924340459630498 2.977791905403137 2.977791905403137 2.977791905403137 2.977791905403137 2.977791905403137 2.977791905403137 2.977791905403137 2.977791905403137 2.977791905403137 2.977791905403137 2.977791905403137 2.977791905403137 2.9131930673848743 2.7795366115654767 2.6458801557460796 2.5122236999266825 2.378567244107285 2.244910788287888 2.1112543324684907 1.9775978766490931 1.8439414208296958 1.7102849650102987
-9999.0 -9999.0 -9999.0 -9999.0 -9999.0 -9999.0 -9999.0 -9999.0 -9999.0 -9999.0 -9999.0 -9999.0 -9999.0 -9999.0 -9999.0 -9999.0 -9999.0 -9999.0 -9999.0 2.2001782709902966 2.303630012224586 2.407081753458875 2.5105334946931643 2.6139852359274536 2.717436977161743 2.8208887183960325 2.924340459630498 2.977791905403137 2.977791905403137 2.977791905403137 2.977791905403137 2.977791905403137 2.977791905403137 2.977791905403137 2.977791905403137 2.977791905403137 2.977791905403137 2.977791905403137 2.977791905403137 2.9131930673848743 2.7795366115654767 2.6458801557460796 2.5122236999266825 2.378567244107285 2.244910788287888 2.1112543324684907 1.9775978766490931 1.8439414208296958 1.7102849650102987
-9999.0 -9999.0 -9999.0 -9999.0 -9999.0 -9999.0 -9999.0 -9999.0 -9999.0 -9999.0 -9999.0 -9999.0 -9999.0 -9999.0 -9999.0 -9999.0 -9999.0 -9999.0 -9999.0 2.1485264066965923 2.249583277348088 2.350640147999584 2.4516970186510796 2.5527538893025756 2.6538107599540712 2.754867630605567 2.8559245012572347 2.9081385652945704 2.9081385652945704 2.9081385652945704 2.9081385652945704 2.9081385652945704 2.9081385652945704 2.9081385652945704 2.9081385652945704 2.9081385652945704 2.9081385652945704 2.9081385652945704 2.9081385652945704 2.8454239471323133 2.715665984779116 2.5859080224259183 2.4561500600727206 2.3263920977195234 2.1966341353663257 2.066876173013128 1.9371182106599307 1.807360248306733 1.6776022859535356
-9999.0 -9999.0 -9999.0 -9999.0 -9999.0 -9999.0 -9999.0 -9999.0 -9999.0 -9999.0 -9999.0 -9999.0 -9999.0 -9999.0 -9999.0 -9999.0 -9999.0 -9999.0 -9999.0 -9999.0 -9999.0 -9999.0 -9999.0 2.426070094073282 2.5221721284973477 2.6182741629214132 2.7143761973456426 2.7640301965956393 2.7640301965956393 2.7640301965956393 2.7640301965956393 2.7640301965956393 2.7640301965956393 2.7640301965956393 2.7640301965956393 2.7640301965956393 2.7640301965956393 2.7640301965956393 2.7640301965956393 2.705213910506129 2.5835216853153105 2.4618294601244917 2.3401372349336733 2.2184450097428545 2.096752784552036 1.9750605593612174 1.8533683341703988 1.7316761089795802 1.6099838837887617
-9999.0 -9999.0 -9999.0 -9999.0 -9999.0 -9999.0 -9999.0 -9999.0 -9999.0 -9999.0 -9999.0 -9999.0 -9999.0 -9999.0 -9999.0 -9999.0 -9999.0 -9999.0 -9999.0 -9999.0 -9999.0 -9999.0 -9999.0 2.299386298843989 2.3905334970406242 2.4816806952372596 2.5728278934340505 2.6199218278967082 2.6199218278967082 2.6199218278967082 2.6199218278967082 2.6199218278967082 2.6199218278967082 2.6199218278967082 2.6199218278967082 2.6199218278967082 2.6199218278967082 2.6199218278967082 2.6199218278967082 2.5650038738799443 2.451377385851505 2.3377508978230654 2.2241244097946256 2.110497921766186 1.9968714337377462 1.8832449457093068 1.7696184576808671 1.6559919696524275 1.5423654816239878
-9999.0 -9999.0 -9999.0 -9999.0 -9999.0 -9999.0 -9999.0 -9999.0 -9999.0 -9999.0 -9999.0 -9999.0 -9999.0 -9999.0 -9999.0 -9999.0 -9999.0 -9999.0 -9999.0 -9999.0 -9999.0 -9999.0 -9999.0 -9999.0 -9999.0 2.3450872275531056 2.4312795895224584 2.475813459197777 2.475813459197777 2.475813459197777 2.475813459197777 2.475813459197777 2.475813459197777 2.475813459197777 2.475813459197777 2.475813459197777 2.475813459197777 2.475813459197777 2.475813459197777 2.4247938372537603 2.3192330863876993 2.213672335521639 2.1081115846555782 2.0025508337895173 1.8969900829234567 1.7914293320573962 1.6858685811913354 1.5803078303252747 1.4747470794592141
-9999.0 -9999.0 -9999.0 -9999.0 -9999.0 -9999.0 -9999.0 -9999.0 -9999.0 -9999.0 -9999.0 -9999.0 -9999.0 -9999.0 -9999.0 -9999.0 -9999.0 -9999.0 -9999.0 -9999.0 -9999.0 -9999.0 -9999.0 -9999.0 -9999.0 2.208493759868836 2.2897312856107455 2.3317050904987235 2.3317050904987235 2.3317050904987235 2.3317050904987235 2.3317050904987235 2.3317050904987235 2.3317050904987235 2.3317050904987235 2.3317050904987235 2.3317050904987235 2.3317050904987235 2.3317050904987235 2.2845838006274564 2.1870887869237814 2.0895937732201064 1.9920987595164317 1.894603745812757 1.797108732109082 1.699613718405407 1.602118704701732 1.5046236909980573 1.4071286772943825
-9999.0 -9999.0 -9999.0 -9999.0 -9999.0 -9999.0 -9999.0 -9999.0 -9999.0 -9999.0 -9999.0 -9999.0 -9999.0 -9999.0 -9999.0 -9999.0 -9999.0 -9999.0 -9999.0 -9999.0 -9999.0 -9999.0 -9999.0 -9999.0 -9999.0 2.071900292184682 2.1481829816991533 2.1875967217997925 2.1875967217997925 2.1875967217997925 2.1875967217997925 2.1875967217997925 2.1875967217997925 2.1875967217997925 2.1875967217997925 2.1875967217997925 2.1875967217997925 2.1875967217997925 2.1875967217997925 2.144373764001272 2.0549444874599763 1.9655152109186802 1.8760859343773841 1.786656657836088 1.6972273812947922 1.6077981047534964 1.5183688282122003 1.4289395516709043 1.3395102751296084
-9999.0 -9999.0 -9999.0 -9999.0 -9999.0 -9999.0 -9999.0 -9999.0 -9999.0 -9999.0 -9999.0 -9999.0 -9999.0 -9999.0 -9999.0 -9999.0 -9999.0 -9999.0 -9999.0 -9999.0 1.5786675580659746 1.6499954113528852 1.7213232646397962 1.7926511179267068 1.8639789712136179 1.9353068245005285 2.006634677787561 2.0434883531008614 2.0434883531008614 2.0434883531008614 2.0434883531008614 2.0434883531008614 2.0434883531008614 2.0434883531008614 2.0434883531008614 2.0434883531008614 2.0434883531008614 2.0434883531008614 2.0434883531008614 2.0041637273750874 1.9228001879961707 1.8414366486172535 1.7600731092383366 1.6787095698594197 1.5973460304805025 1.5159824911015856 1.4346189517226686 1.3532554123437515 1.2718918729648347
-9999.0 -9999.0 -9999.0 -9999.0 -9999.0 -9999.0 -9999.0 -9999.0 -9999.0 -9999.0 -9999.0 -9999.0 -9999.0 -9999.0 -9999.0 -9999.0 -9999.0 -9999.0 -9999.0 1.400475254459491 1.4668482715189715 1.5332212885784522 1.599594305637933 1.6659673226974134 1.7323403397568942 1.798713356816375 1.8650863738759687 1.8993799844019303 1.8993799844019303 1.8993799844019303 1.8993799844019303 1.8993799844019303 1.8993799844019303 1.8993799844019303 1.8993799844019303 1.8993799844019303 1.8993799844019303 1.8993799844019303 1.8993799844019303 1.8639536907489032 1.7906558885323651 1.717358086315827 1.644060284099289 1.570762481882751 1.497464679666213 1.424166877449675 1.350869075233137 1.277571273016599 1.2042734708000609
-9999.0 -9999.0 -9999.0 -9999.0 -9999.0 -9999.0 -9999.0 -9999.0 -9999.0 -9999.0 -9999.0 -9999.0 -9999.0 -9999.0 -9999.0 -9999.0 -9999.0 1.1707744424758169 1.2321926233078675 1.293610804139918 1.3550289849719686 1.416447165804019 1.4778653466360696 1.53928352746812 1.6007017083001707 1.6621198891322213 1.7235380699643765 1.7552716157029993 1.7552716157029993 1.7552716157029993 1.7552716157029993 1.7552716157029993 1.7552716157029993 1.7552716157029993 1.7552716157029993 1.7552716157029993 1.7552716157029993 1.7552716157029993 1.7552716157029993 1.7237436541227187 1.6585115890685596 1.5932795240144006 1.5280474589602415 1.4628153939060824 1.3975833288519233 1.3323512637977641 1.267119198743605 1.2018871336894459 1.136655068635287
-9999.0 -9999.0 -9999.0 -9999.0 -9999.0 -9999.0 -9999.0 -9999.0 -9999.0 -9999.0 -9999.0 -9999.0 -9999.0 -9999.0 -9999.0 0.9608929754018634 1.0173563200064837 1.0738196646111042 1.1302830092157246 1.1867463538203449 1.2432096984249654 1.299673043029586 1.3561363876342063 1.4125997322388266 1.469063076843447 1.5255264214480675 1.5819897660527842 1.6111632470040682 1.6111632470040682 1.6111632470040682 1.6111632470040682 1.6111632470040682 1.6111632470040682 1.6111632470040682 1.6111632470040682 1.6111632470040682 1.6111632470040682 1.6111632470040682 1.6111632470040682 1.5835336174965344 1.5263672896047542 1.469200961712974 1.412034633821194 1.3548683059294138 1.2977019780376335 1.2405356501458535 1.1833693222540733 1.126202994362293 1.069036666470513
-9999.0 -9999.0 -9999.0 -9999.0 -9999.0 -9999.0 -9999.0 -9999.0 -9999.0 -9999.0 -9999.0 -9999.0 -9999.0 -9999.0 0.8245030384307397 0.8738478699919366 0.9253563783691228 0.9768648867463088 1.0283733951234948 1.079881903500681 1.131390411877867 1.182898920255053 1.234407428632239 1.2859159370094253 1.3374244453866113 1.3889329537637973 1.4404414621410715 1.4670548783050144 1.4670548783050144 1.4670548783050144 1.4670548783050144 1.4670548783050144 1.4670548783050144 1.4670548783050144 1.4670548783050144 1.4670548783050144 1.4670548783050144 1.4670548783050144 1.4670548783050144 1.4433235808702305 1.394222990140836 1.3451223994114418 1.2960218086820474 1.2469212179526532 1.1978206272232588 1.1487200364938643 1.0996194457644701 1.050518855035076 1.0014182643056815
-9999.0 -9999.0 -9999.0 -9999.0 -9999.0 -9999.0 -9999.0 -9999.0 -9999.0 -9999.0 -9999.0 0.6146916084626695 0.6572348126490983 0.6997780168355998 0.7423212210220287 0.7868027645820842 0.8333564367318401 0.879910108881596 0.9264637810313521 0.973017453181108 1.019571125330864 1.0661247974806198 1.1126784696303758 1.159232141780132 1.2057858139298878 1.2523394860796437 1.2988931582294792 1.3229465096060833 1.3229465096060833 1.3229465096060833 1.3229465096060833 1.3229465096060833 1.3229465096060833 1.3229465096060833 1.3229465096060833 1.3229465096060833 1.3229465096060833 1.3229465096060833 1.3229465096060833 1.303113544244046 1.2620786906770307 1.2210438371100152 1.1800089835429999 1.1389741299759846 1.097939276408969 1.0569044228419537 1.0158695692749382 0.9748347157079229 0.9337998621409076
-9999.0 -9999.0 -9999.0 -9999.0 -9999.0 -9999.0 -9999.0 -9999.0 -9999.0 0.48023403766211437 0.5185378230572131 0.5568416084523119 0.5951453938474107 0.6334491792425748 0.6717529646376736 0.712511687306328 0.7558947933929068 0.7992778994794856 0.8426610055660645 0.8860441116526433 0.9294272177392222 0.972810323825801 1.0161934299123798 1.0595765359989588 1.1029596420855377 1.1463427481721165 1.1897258542587692 1.2121410375584276 1.2121410375584276 1.2121410375584276 1.2121410375584276 1.2121410375584276 1.2121410375584276 1.2121410375584276 1.2121410375584276 1.2121410375584276 1.2121410375584276 1.2121410375584276 1.2121410375584276 1.1947674453808117 1.158821090515183 1.1228747356495543 1.0869283807839256 1.0509820259182971 1.0150356710526685 0.9790893161870396 0.9431429613214111 0.9071966064557824 0.8712502515901537
-9999.0 -9999.0 -9999.0 -9999.0 -9999.0 -9999.0 -9999.0 -9999.0 -9999.0 0.4404003599160506 0.47504006247684327 0.5096797650376359 0.5443194675984286 0.5789591701592803 0.613598872720073 0.6518538619279214 0.6939736742535659 0.7360934865792105 0.778213298904855 0.8203331112304997 0.8624529235561442 0.9045727358817888 0.9466925482074333 0.9888123605330779 1.0309321728587224 1.073051985184367 1.1151717975100834 1.136934262187978 1.136934262187978 1.136934262187978 1.136934262187978 1.136934262187978 1.136934262187978 1.136934262187978 1.136934262187978 1.136934262187978 1.136934262187978 1.136934262187978 1.136934262187978 1.1204818868736426 1.0864415505180112 1.0524012141623798 1.0183608778067483 0.9843205414511168 0.9502802050954854 0.916239868739854 0.8821995323842224 0.848159196028591 0.8141188596729596
