Figures/CREST_Example_wjb_NSE/Rolling_result/20100722/BJP_forecast/ens_9/wjb.rain.20100728.asc
ncols            288
nrows            254
xllcorner        113.274861
yllcorner        31.4918055
cellsize         0.008333333333
NODATA_value     -9999
[rows 125 to 149 of 254, columns 112 to 167 of 288]
0.0 0.0 0.0 0.0 0.0 0.0 0.0 0.0 0.0 0.0 0.0 0.0 0.0 0.0 0.0 0.0 0.0 0.0 0.0 0.0 0.0 0.0 0.0 0.0 0.0 0.0 0.0 0.0 0.0 0.0 0.0 0.0 0.0 0.0 0.0 0.0 0.0 0.0 0.0 0.0 0.0 0.0 0.0 0.0 0.0 0.0 0.0 0.0 0.0 0.0 0.0 0.0 0.0 0.0 0.0 0.0
0.0 0.0 0.0 0.0 0.0 0.0 0.0 0.0 0.0 0.0 0.0 0.0 0.0 0.0 0.0 0.0 0.0 0.0 0.0 0.0 0.0 0.0 0.0 0.0 0.0 0.0 0.0 0.0 0.0 0.0 0.0 0.0 0.0 0.0 0.0 0.0 0.0 0.0 0.0 0.0 0.0 0.0 0.0 0.0 0.0 0.0 0.0 0.0 0.0 0.0 0.0 0.0 0.0 0.0 0.0 0.0
0.0 0.0 0.0 0.0 0.0 0.0 0.0 0.0 0.0 0.0 0.0 0.0 0.0 0.0 0.0 0.0 0.0 0.0 0.0 0.0 0.0 0.0 0.0 0.0 0.0 0.0 0.0 0.0 0.0 0.0 0.0 0.0 0.0 0.0 0.0 0.0 0.0 0.0 0.0 0.0 0.0 0.0 0.0 0.0 0.0 0.0 0.0 0.0 0.0 0.0 0.0 0.0 0.0 0.0 0.0 0.0
0.0 0.0 0.0 0.0 0.0 0.0 0.0 0.0 0.0 0.0 0.0 0.0 0.0 0.0 0.0 0.0 0.0 0.0 0.0 0.0 0.0 0.0 0.0 0.0 0.0 0.0 0.0 0.0 0.0 0.0 0.0 0.0 0.0 0.0 0.0 0.0 0.0 0.0 0.0 0.0 0.0 0.0 0.0 0.0 0.0 0.0 0.0 0.0 0.0 0.0 0.0 0.0 0.0 0.0 0.0 0.0
0.0 0.0 0.0 0.0 0.0 0.0 0.0 0.0 0.0 0.0 0.0 0.0 0.0 0.0 0.0 0.0 0.0 0.0 0.0 0.0 0.0 0.0 0.0 0.0 0.0 0.0 0.0 0.0 0.0 0.0 0.0 0.0 0.0 0.0 0.0 0.0 0.0 0.0 0.0 0.0 0.0 0.0 0.0 0.0 0.0 0.0 0.0 0.0 0.0 0.0 0.0 0.0 0.0 0.0 0.0 0.0
0.0 0.0 0.0 0.0 0.0 0.0 0.0 0.0 0.0 0.0 0.0 0.0 0.0 0.0 0.0 0.0 0.0 0.0 0.0 0.0 0.0 0.0 0.0 0.0 0.0 0.0 0.0 0.0 0.0 0.0 0.0 0.0 0.0 0.0 0.0 0.0 0.0 0.0 0.0 0.0 0.0 0.0 0.0 0.0 0.0 0.0 0.0 0.0 0.0 0.0 0.0 0.0 0.0 0.0 0.0 0.0
0.0 0.0 0.0 0.0 0.0 0.0 0.0 0.0 0.0 0.0 0.0 0.0 0.0 0.0 0.0 0.0 0.0 0.0 0.0 0.0 0.0 0.0 0.0 0.0 0.0 0.0 0.0 0.0 0.0 0.0 0.0 0.0 0.0 0.0 0.0 0.0 0.0 0.0 0.0 0.0 0.0 0.0 0.0 0.0 0.0 0.0 0.0 0.0 0.0 0.0 0.0 0.0 0.0 0.0 0.0 0.0
0.0 0.0 0.0 0.0 0.0 0.0 0.0 0.0 0.0 0.0 0.0 0.0 0.0 0.0 0.0 0.0 0.0 0.0 0.0 0.0 0.0 0.0 0.0 0.0 0.0 0.0 0.0 0.0 0.0 0.0 0.0 0.0 0.0 0.0 0.0 0.0 0.0 0.0 0.0 0.0 0.0 0.0 0.0 0.0 0.0 0.0 0.0 0.0 0.0 0.0 0.0 0.0 0.0 0.0 0.0 0.0
0.006249730695439493 0.006658035468647447 0.007066340241855399 0.007474645015063354 0.007882949788271306 0.008291254561479956 0.00869955933468791 0.009107864107895863 0.009516168881103817 0.009924473654311771 0.010332778427519724 0.011139655881988524 0.012372616546362299 0.013605577210736072 0.014838537875109845 0.01607149853948362 0.01730445920385739 0.018537419868231167 0.019770380532607042 0.021003341196980815 0.022236301861354592 0.02346926252572836 0.024702223190102138 0.02431868802058603 0.022207082244601484 0.020095476468616934 0.017983870692632388 0.015872264916647838 0.013760659140663292 0.011649053364678745 0.009537447588694195 0.007425841812706047 0.005314236036721501 0.003202630260736951 0.0010910244847524043 0.0 0.0 0.0 0.0 0.0 0.0 0.0 0.0 0.0 0.0 0.0 0.0 0.0014873691271357194 0.00456476949688282 0.007642169866629922 0.010719570236377023 0.013796970606124124 0.016874370975871227 0.019951771345618326 0.023029171715365428 0.02610657208511253
0.019180029517937902 0.02043309112716181 0.021686152736385716 0.022939214345609624 0.02419227595483353 0.025445337564059575 0.026698399173283482 0.027951460782507386 0.029204522391731293 0.0304575840009552 0.03171064561017911 0.034186901651957535 0.03797078020442088 0.041754658756884215 0.04553853730934755 0.049322415861810895 0.053106294414274224 0.05689017296673757 0.06067405151920736 0.0644579300716707 0.06824180862413404 0.07202568717659738 0.07580956572906071 0.07463252047207801 0.06815213546233902 0.061671750452600024 0.05519136544286103 0.04871098043312204 0.04223059542338304 0.03575021041364405 0.029269825403905055 0.02278944039415501 0.016309055384416016 0.009828670374677023 0.0033482853649380306 0.0 0.0 0.0 0.0 0.0 0.0 0.0 0.0 0.0 0.0 0.0 0.0 0.004564642086634181 0.01400898982042268 0.02345333755421118 0.03289768528799968 0.04234203302178818 0.05178638075557668 0.06123072848936518 0.07067507622315368 0.08011942395694217
0.032110328340436305 0.034208146785676165 0.03630596523091603 0.03840378367615589 0.04050160212139576 0.0425994205666392 0.04469723901187906 0.04679505745711893 0.04889287590235879 0.05099069434759865 0.053088512792838514 0.057234147421926576 0.06356894386247948 0.0699037403030324 0.0762385367435853 0.0825733331841382 0.0889081296246911 0.09524292606524401 0.10157772250580771 0.10791251894636061 0.11424731538691352 0.12058211182746643 0.12691690826801932 0.12494635292357004 0.1140971886800766 0.10324802443658315 0.09239886019308971 0.08154969594959627 0.07070053170610283 0.05985136746260937 0.04900220321911593 0.03815303897560399 0.027303874732110545 0.016454710488617103 0.00560554624512366 0.0 0.0 0.0 0.0 0.0 0.0 0.0 0.0 0.0 0.0 0.0 0.0 0.007641915046132648 0.023453210143962552 0.03926450524179246 0.055075800339622366 0.07088709543745227 0.08669839053528218 0.10250968563311208 0.118320980730942 0.13413227582877188
0.045040627162934714 0.047983202444190534 0.050925777725446354 0.053868353006702174 0.056810928287957994 0.05975350356921883 0.06269607885047465 0.06563865413173048 0.06858122941298629 0.0715238046942421 0.07446637997549793 0.08028139319189562 0.0891671075205381 0.09805282184918057 0.10693853617782303 0.11582425050646551 0.12470996483510799 0.13359567916375045 0.14248139349240807 0.15136710782105056 0.16025282214969302 0.1691385364783355 0.17802425080697798 0.17526018537506208 0.16004224189781419 0.14482429842056627 0.1296063549433184 0.1143884114660705 0.0991704679888226 0.08395252451157471 0.06873458103432682 0.053516637557052965 0.03829869407980507 0.023080750602557182 0.00786280712530929 0.0 0.0 0.0 0.0 0.0 0.0 0.0 0.0 0.0 0.0 0.0 0.0 0.010719188005631111 0.03289743046750242 0.05507567292937372 0.07725391539124503 0.09943215785311633 0.12161040031498764 0.14378864277685896 0.16596688523873027 0.18814512770060157
0.05797092598544415 0.061758258102716644 0.06554559021998914 0.06933292233726163 0.07312025445453413 0.07690758657181308 0.08069491868908557 0.08448225080635807 0.08826958292363057 0.09205691504090306 0.09584424715817555 0.10332863896188431 0.11476527117861852 0.12620190339535273 0.13763853561208694 0.14907516782882116 0.16051180004555538 0.17194843226228956 0.1833850644790433 0.1948216966957775 0.20625832891251172 0.2176949611292459 0.22913159334598013 0.22557401782659697 0.2059872951155909 0.18640057240458485 0.16681384969357876 0.14722712698257273 0.12764040427156664 0.10805368156056058 0.08846695884955452 0.06888023613851504 0.049293513427508984 0.029706790716502895 0.010120068005496835 0.0 0.0 0.0 0.0 0.0 0.0 0.0 0.0 0.0 0.0 0.0 0.0 0.013796460965132196 0.04234165079105033 0.07088684061696846 0.0994320304428866 0.12797722026880473 0.15652241009472287 0.18506759992064098 0.21361278974655912 0.24215797957247726
0.07090122480794255 0.075533313761231 0.08016540271451945 0.08479749166780791 0.08942958062109635 0.09406166957439271 0.09869375852768117 0.10332584748096961 0.10795793643425806 0.11259002538754652 0.11722211434083496 0.12637588473185335 0.14036343483667713 0.1543509849415009 0.16833853504632468 0.18232608515114845 0.19631363525597223 0.210301185360796 0.2242887354656436 0.23827628557046737 0.2522638356752912 0.2662513857801149 0.2802389358849387 0.275887850278089 0.25193234833332845 0.22797684638856794 0.20402134444380743 0.18006584249904692 0.1561103405542864 0.1321548386095259 0.10819933666476539 0.08424383471996402 0.06028833277520351 0.03633283083044303 0.012377328885682493 0.0 0.0 0.0 0.0 0.0 0.0 0.0 0.0 0.0 0.0 0.0 0.0 0.01687373392463066 0.051785871114590196 0.08669800830454973 0.12161014549450926 0.1565222826844688 0.19143441987442833 0.22634655706438786 0.2612586942543474 0.29617083144430695
0.08383152363044095 0.08930836941974538 0.09478521520904978 0.10026206099835419 0.1057389067876586 0.11121575257697233 0.11669259836627674 0.12216944415558116 0.12764628994488558 0.13312313573419 0.1385999815234944 0.1494231305018224 0.16596159849473574 0.18250006648764908 0.1990385344805624 0.21557700247347575 0.23211547046638908 0.24865393845930245 0.26519240645224396 0.2817308744451573 0.2982693424380707 0.314807810430984 0.3313462784238973 0.326201682729581 0.297877401551066 0.2695531203725511 0.2412288391940361 0.21290455801552113 0.18458027683700617 0.15625599565849121 0.12793171447997626 0.099607433301413 0.07128315212289804 0.042958870944383054 0.014634589765868122 0.0 0.0 0.0 0.0 0.0 0.0 0.0 0.0 0.0 0.0 0.0 0.0 0.01995100688412912 0.06123009143813005 0.10250917599213098 0.14378826054613192 0.18506734510013284 0.22634642965413376 0.2676255142081347 0.3089045987621356 0.3501836833161366
0.09676182245293938 0.10308342507825974 0.1094050277035801 0.11572663032890046 0.12204823295422082 0.12836983557955198 0.13469143820487234 0.1410130408301927 0.14733464345551306 0.15365624608083342 0.15997784870615378 0.17247037627179143 0.19155976215279433 0.21064914803379725 0.22973853391480015 0.24882791979580304 0.26791730567680594 0.2870066915578089 0.3060960774388443 0.3251854633198472 0.34427484920085016 0.363364235081853 0.38245362096285596 0.376515515181073 0.34382245476880363 0.3111293943565342 0.2784363339442648 0.24574327353199538 0.21305021311972597 0.18035715270745656 0.14766409229518715 0.11497103188286195 0.08227797147059257 0.04958491105832313 0.016891850646053752 0.0 0.0 0.0 0.0 0.0 0.0 0.0 0.0 0.0 0.0 0.0 0.0 0.023028279843627583 0.07067431176166991 0.11832034367971224 0.16596637559775457 0.21361240751579688 0.2612584394338392 0.30890447135188154 0.3565505032699239 0.4041965351879662
0.10969212127543777 0.1168584807367741 0.12402484019811041 0.13119119965944673 0.13835755912078307 0.1455239185821316 0.1526902780434679 0.15985663750480422 0.16702299696614054 0.17418935642747688 0.1813557158888132 0.19551762204176049 0.21715792581085294 0.2387982295799454 0.2604385333490379 0.2820788371181303 0.3037191408872228 0.3253594446563153 0.3469997484254446 0.3686400521945371 0.39028035596362953 0.411920659732722 0.4335609635018145 0.42682934763256497 0.38976750798654114 0.3527056683405173 0.3156438286944934 0.27858198904846954 0.2415201494024457 0.20445830975642185 0.167396470110398 0.13033463046431093 0.09327279081828704 0.05621095117226321 0.019149111526239326 0.0 0.0 0.0 0.0 0.0 0.0 0.0 0.0 0.0 0.0 0.0 0.0 0.026105552803126045 0.08011853208520976 0.13413151136729348 0.18814449064937722 0.24215746993146095 0.2961704492135447 0.3501834284956284 0.4041964077777121 0.45820938705979586
0.12262242009793617 0.13063353639528846 0.13864465269264073 0.146655768989993 0.1546668852873453 0.1626780015847112 0.1706891178820635 0.17870023417941577 0.18671135047676807 0.19472246677412033 0.2027335830714726 0.2185648678117295 0.24275608946891153 0.2669473111260936 0.2911385327832756 0.31532975444045763 0.33952097609763965 0.3637121977548217 0.387903419412045 0.412094641069227 0.43628586272640907 0.4604770843835911 0.4846683060407731 0.477143180084057 0.4357125612042787 0.39428194232450037 0.35285132344472203 0.31142070456494375 0.26999008568516547 0.2285594668053872 0.18712884792560885 0.1456982290457599 0.10426761016598163 0.06283699128620329 0.02140637240642501 0.0 0.0 0.0 0.0 0.0 0.0 0.0 0.0 0.0 0.0 0.0 0.0 0.029182825762624515 0.08956275240874965 0.1499426790548748 0.21032260570099992 0.27070253234712505 0.3310824589932502 0.3914623856393753 0.4518423122855005 0.5122222389316256
0.13555271892043458 0.14440859205380283 0.15326446518717105 0.1621203383205393 0.1709762114539075 0.17983208458729086 0.18868795772065908 0.19754383085402732 0.20639970398739554 0.21525557712076376 0.224111450254132 0.24161211358169857 0.26835425312697014 0.29509639267224175 0.32183853221751335 0.34858067176278495 0.37532281130805656 0.40206495085332816 0.4288070903986454 0.455549229943917 0.4822913694891886 0.5090335090344602 0.5357756485797318 0.5274570125355491 0.48165761442201627 0.43585821630848354 0.3900588181949508 0.344259420081418 0.29846002196788524 0.2526606238543525 0.20686122574081972 0.1610618276272089 0.1152624295136761 0.06946303140014337 0.023663633286610586 0.0 0.0 0.0 0.0 0.0 0.0 0.0 0.0 0.0 0.0 0.0 0.0 0.03226009872212297 0.0990069727322895 0.16575384674245605 0.23250072075262257 0.2992475947627891 0.36599446877295566 0.43274134278312215 0.4994882167932887 0.5662350908034552
0.148483017742944 0.1581836477123289 0.16788427768171382 0.17758490765109874 0.18728553762048364 0.1969861675898851 0.20668679755927 0.21638742752865492 0.22608805749803984 0.23578868746742473 0.24548931743680963 0.2646593593516873 0.2939524167850506 0.32324547421841393 0.3525385316517773 0.3818315890851406 0.411124646518504 0.4404177039518673 0.46971076138528056 0.499003818818644 0.5282968762520073 0.5575899336853707 0.586882991118734 0.577770844987084 0.527602667639793 0.4774344902925021 0.42726631294521117 0.37709813559792027 0.3269299582506293 0.27676178090333836 0.22659360355604746 0.17642542620867097 0.12625724886138 0.07608907151408906 0.025920894166798214 0.0 0.0 0.0 0.0 0.0 0.0 0.0 0.0 0.0 0.0 0.0 0.0 0.03533737168162406 0.10845119305583742 0.1815650144300508 0.25467883580426415 0.3277926571784775 0.40090647855269085 0.47402029992690425 0.5471341213011176 0.6202479426753309
0.16790998271515625 0.17728686644493538 0.18666375017471448 0.1960406339044936 0.20541751763427274 0.21479440136406783 0.22417128509384696 0.23354816882362606 0.24292505255340519 0.2523019362831843 0.26167882001296344 0.28102956931417244 0.3110426064681064 0.3410556436220404 0.3710686807759744 0.4010817179299083 0.4310947550838423 0.4611077922377763 0.4911208293917615 0.5211338665456955 0.5511469036996295 0.5811599408535635 0.6111729780074975 0.6027124558427697 0.5531228286157592 0.5035332013887488 0.4539435741617384 0.404353946934728 0.35476431970771755 0.3051746924807071 0.2555850652536967 0.2059954380266017 0.15640581079959126 0.10681618357258083 0.05722655634557039 0.031716604650411706 0.031948370754553486 0.032180136858695266 0.03241190296283705 0.03264366906697883 0.03287543517112062 0.0331072012752624 0.033338967379404186 0.033570733483545966 0.03380249958768815 0.03403426569182993 0.034266031795971715 0.07040864598741373 0.1449407691216942 0.2194728922559747 0.29400501539025514 0.3685371385245356 0.4430692616588161 0.5176013847930966 0.5921335079273771 0.6666656310616575
0.19428147426145295 0.2020855556244445 0.209889636987436 0.21769371835042753 0.22549779971341904 0.23330188107642388 0.2411059624394154 0.24891004380240694 0.2567141251653985 0.26451820652839 0.2723222878913815 0.29026244890864605 0.3190383083016321 0.34781416769461815 0.3765900270876042 0.40536588648059024 0.4341417458735763 0.46291760526656234 0.49169346465959746 0.5204693240525835 0.5492451834455696 0.5780210428385556 0.6067969022315416 0.6005327612388236 0.5568100673394342 0.5130873734400447 0.4693646795406554 0.425641985641266 0.38191929174187655 0.3381965978424871 0.2944739039430977 0.2507512100436337 0.20702851614424433 0.1633058222448549 0.11958312834546547 0.0973362603055636 0.0980475358689918 0.09875881143241999 0.09947008699584818 0.10018136255927639 0.10089263812270458 0.10160391368613278 0.10231518924956097 0.10302646481298916 0.10373774037641857 0.10444901593984678 0.10516029150327497 0.13967949087917267 0.21034012557796905 0.28100076027676535 0.3516613949755617 0.4223220296743581 0.49298266437315447 0.5636432990719509 0.6343039337707471 0.7049645684695435
0.2206529658077497 0.22688424480395364 0.23311552380015754 0.23934680279636147 0.2455780817925654 0.25180936078877997 0.25804063978498387 0.2642719187811878 0.27050319777739174 0.27673447677359564 0.28296575576979954 0.2994953285031196 0.3270340101351577 0.35457269176719586 0.38211137339923396 0.4096500550312721 0.4371887366633102 0.46472741829534836 0.4922660999274334 0.5198047815594715 0.5473434631915097 0.5748821448235477 0.6024208264555859 0.5983530666348775 0.5604973060631092 0.5226415454913408 0.48478578491957236 0.446930024347804 0.4090742637760356 0.3712185032042672 0.33336274263249877 0.29550698206066583 0.25765122148889746 0.21979546091712904 0.18193970034536067 0.1629559159607155 0.1641467009834301 0.1653374860061447 0.1665282710288593 0.16771905605157392 0.16890984107428852 0.17010062609700313 0.17129141111971774 0.17248219614243238 0.173672981165149 0.17486376618786362 0.17605455121057823 0.2089503357709316 0.2757394820342438 0.34252862829755604 0.40931777456086826 0.4761069208241805 0.5428960670874927 0.6096852133508049 0.6764743596141172 0.7432635058774294
0.2470244573540464 0.25168293398346275 0.2563414106128791 0.2609998872422954 0.2656583638717117 0.270316840501136 0.27497531713055234 0.27963379375996866 0.284292270389385 0.2889507470188013 0.2936092236482177 0.3087282080975932 0.33502971196868336 0.36133121583977357 0.38763271971086377 0.413934223581954 0.4402357274530442 0.4665372313241344 0.4928387351952694 0.5191402390663595 0.5454417429374497 0.5717432468085399 0.5980447506796301 0.5961733720309315 0.5641845447867841 0.5321957175426367 0.5002068902984894 0.468218063054342 0.43622923581019457 0.40424040856604726 0.37225158132189984 0.3402627540776979 0.30827392683355054 0.27628509958940317 0.24429627234525575 0.2285755716158674 0.2302458660978684 0.23191616057986944 0.23358645506187045 0.23525674954387146 0.2369270440258725 0.2385973385078735 0.24026763298987452 0.24193792747187556 0.24360822195387943 0.24527851643588044 0.24694881091788146 0.2782211806626905 0.3411388384905186 0.4040564963183467 0.46697415414617477 0.5298918119740028 0.5928094698018309 0.655727127629659 0.7186447854574871 0.7815624432853151
0.27339594890034313 0.2764816231629718 0.27956729742560055 0.2826529716882293 0.285738645950858 0.288824320213492 0.29190999447612076 0.2949956687387495 0.29808134300137823 0.30116701726400696 0.3042526915266357 0.31796108769206677 0.343025413802209 0.3680897399123513 0.39315406602249353 0.4182183921326358 0.4432827182427781 0.46834704435292035 0.49341137046310535 0.5184756965732475 0.5435400226833899 0.5686043487935322 0.5936686749036744 0.5939936774269855 0.5678717835104591 0.5417498895939328 0.5156279956774064 0.48950610176088 0.46338420784435363 0.4372623139278273 0.4111404200113009 0.38501852609473 0.3588966321782036 0.33277473826167725 0.3066528443451509 0.29419522727101927 0.2963450312123067 0.29849483515359415 0.3006446390948816 0.30279444303616904 0.3049442469774565 0.30709405091874387 0.3092438548600313 0.31139365880131875 0.31354346274260986 0.3156932666838973 0.31784307062518474 0.3474920255544495 0.40653819494679344 0.4655843643391374 0.5246305337314814 0.5836767031238252 0.6427228725161693 0.7017690419085132 0.7608152113008572 0.8198613806932011
