Figures/CREST_Example_wjb_NSE/Rolling_result/20100722/BJP_forecast/ens_9/wjb.rain.20100725.asc
ncols            288
nrows            254
xllcorner        113.274861
yllcorner        31.4918055
cellsize         0.008333333333
NODATA_value     -9999
[rows 160 to 179 of 254, columns 45 to 89 of 288]
9.950955252100847 9.42529993633711 8.899644620573373 8.373989304809637 7.848333989045899 7.322678673282161 7.0731547942200885 7.118821662243706 7.164488530267244 7.210155398290783 7.255822266314322 7.30148913433786 7.347156002361399 7.392822870384938 7.438489738408476 7.484156606432015 7.529823474455554 7.5754903424790925 7.8875728583587765 8.484459723993929 9.081346589630101 9.678233455265254 10.275120320900408 10.87200718653556 11.468894052170715 12.065780917805867 12.66266778344102 13.259554649076174 13.856441514711328 14.45332838034648 14.866690576853346 15.08386075319761 15.301030929541874 15.51820110588651 15.735371282230773 15.952541458575038 16.169711634919302 16.386881811263567 16.604051987607832 16.821222163952093 17.038392340296358 17.255562516640623 17.346572972420322 17.302715834618343 17.25885869681636
9.93945909864 9.404448075642106 8.869437052644212 8.33442602964632 7.799415006648426 7.264403983650532 7.023657291790547 7.097485821016784 7.171314350242894 7.245142879469005 7.318971408695115 7.392799937921226 7.466628467147337 7.540456996373447 7.614285525599557 7.688114054825668 7.761942584051779 7.8357711132778896 8.151584774363462 8.72608601136402 9.300587248365558 9.875088485366115 10.449589722366673 11.024090959367228 11.598592196367786 12.173093433368344 12.747594670368901 13.322095907369459 13.896597144370016 14.471098381370574 14.864686132097015 15.064873276161872 15.26506042022673 15.465247564291928 15.665434708356784 15.865621852421642 16.0658089964865 16.265996140551355 16.466183284616214 16.66637042868107 16.866557572745926 17.06674471681078 17.153362322914738 17.11857152528708 17.083780727659423
9.927962945179154 9.383596214947104 8.839229484715053 8.294862754483002 7.750496024250953 7.206129294018903 6.974159789361006 7.076149979789863 7.178140170218544 7.2801303606472265 7.382120551075909 7.484110741504591 7.586100931933274 7.688091122361956 7.7900813127906385 7.892071503219321 7.994061693648003 8.096051884076685 8.41559669036815 8.96771229873411 9.519827907101012 10.071943515466975 10.624059123832936 11.176174732198897 11.728290340564858 12.28040594893082 12.832521557296781 13.384637165662742 13.936752774028704 14.488868382394665 14.862681687340684 15.045885799126134 15.229089910911584 15.412294022697345 15.595498134482796 15.778702246268246 15.961906358053696 16.145110469839146 16.328314581624596 16.511518693410046 16.694722805195497 16.877926916980947 16.960151673409158 16.93442721595582 16.908702758502486
9.916466791718296 9.362744354252083 8.809021916785868 8.255299479319653 7.701577041853438 7.1478546043872235 6.924662286931423 7.054814138562923 7.1849659901942005 7.3151178418254785 7.445269693456757 7.575421545088035 7.705573396719313 7.835725248350591 7.965877099981869 8.096028951613146 8.226180803244425 8.356332654875702 8.67960860637306 9.209338586104407 9.739068565836655 10.268798545568002 10.798528525299348 11.328258505030695 11.857988484762041 12.387718464493387 12.917448444224734 13.447178423956082 13.976908403687428 14.506638383418775 14.860677242584352 15.02689832209038 15.193119401596409 15.35934048110272 15.525561560608748 15.691782640114777 15.858003719620806 16.024224799126834 16.19044587863286 16.356666958138888 16.52288803764492 16.689109117150945 16.76694102390341 16.750282906624406 16.7336247893454
9.904970638257451 9.34189249355708 8.77881434885671 8.215736204156338 7.652658059455966 7.089579914755595 6.875164784501882 7.033478297336001 7.191791810169851 7.3501053230037 7.50841883583755 7.6667323486714 7.82504586150525 7.983359374339099 8.141672887172948 8.299986400006798 8.458299912840648 8.616613425674498 8.943620522377746 9.450964873474495 9.958309224572112 10.465653575668862 10.972997926765611 11.480342277862363 11.987686628959114 12.495030980055864 13.002375331152614 13.509719682249365 14.017064033346117 14.524408384442866 14.858672797828023 15.007910845054642 15.157148892281263 15.306386939508139 15.45562498673476 15.604863033961381 15.754101081188002 15.903339128414622 16.052577175641243 16.201815222867864 16.351053270094486 16.500291317321107 16.573730374397826 16.566138597293143 16.55854682018846
9.893474484796604 9.321040632862076 8.748606780927549 8.17617292899302 7.603739077058492 7.0313052251239645 6.82566728207234 7.01214245610908 7.198617630145502 7.385092804181923 7.5715679782183445 7.758043152254766 7.944518326291187 8.130993500327609 8.31746867436403 8.503943848400452 8.690419022436874 8.876894196473295 9.207632438382433 9.692591160844586 10.177549883307568 10.662508605769723 11.147467328231876 11.632426050694031 12.117384773156186 12.602343495618339 13.087302218080495 13.572260940542648 14.057219663004803 14.542178385466958 14.85666835307169 14.988923368018904 15.121178382966118 15.253433397913557 15.38568841286077 15.517943427807984 15.650198442755197 15.782453457702411 15.914708472649625 16.046963487596837 16.179218502544053 16.311473517491265 16.38051972489224 16.38199428796188 16.383468851031523
9.881978331335757 9.300188772167072 8.718399212998388 8.136609653829705 7.55482009466102 6.973030535492335 6.776169779642799 6.990806614882158 7.205443450121151 7.420080285360145 7.634717120599138 7.849353955838131 8.063990791077124 8.278627626316117 8.49326446155511 8.707901296794104 8.922538132033097 9.13717496727209 9.471644354387118 9.934217448214676 10.396790542043023 10.859363635870581 11.321936729698141 11.784509823525699 12.247082917353257 12.709656011180815 13.172229105008373 13.634802198835933 14.097375292663491 14.559948386491051 14.85466390831536 14.969935890983166 15.085207873650972 15.200479856318976 15.315751838986781 15.431023821654588 15.546295804322394 15.6615677869902 15.776839769658007 15.892111752325812 16.00738373499362 16.122655717661424 16.187309075386654 16.19784997863062 16.208390881874585
9.870482177874912 9.279336911472072 8.68819164506923 8.097046378666388 7.5059011122635475 6.914755845860706 6.7266722772132574 6.969470773655236 7.212269270096801 7.455067766538366 7.697866262979931 7.940664759421496 8.18346325586306 8.426261752304626 8.669060248746192 8.911858745187756 9.15465724162932 9.397455738070885 9.735656270391804 10.175843735584765 10.61603120077848 11.056218665971441 11.496406131164404 11.936593596357367 12.37678106155033 12.816968526743292 13.257155991936255 13.697343457129218 14.137530922322181 14.577718387515144 14.85265946355903 14.95094841394743 15.049237364335829 15.147526314724395 15.245815265112794 15.344104215501194 15.442393165889593 15.540682116277992 15.638971066666391 15.73726001705479 15.83554896744319 15.933837917831589 15.994098425881074 16.013705669299362 16.03331291271765
9.858986024414065 9.258485050777066 8.65798407714007 8.05748310350307 7.4569821298660734 6.856481156229076 6.677174774783716 6.948134932428315 7.219095090072451 7.490055247716588 7.761015405360725 8.031975563004861 8.302935720648998 8.573895878293134 8.844856035937271 9.115816193581407 9.386776351225544 9.65773650886968 9.99966818639649 10.417470022954856 10.835271859513934 11.2530736960723 11.670875532630667 12.088677369189035 12.506479205747402 12.924281042305768 13.342082878864137 13.759884715422503 14.17768655198087 14.595488388539236 14.8506550188027 14.931960936911691 15.013266855020683 15.094572773129814 15.175878691238806 15.257184609347798 15.33849052745679 15.419796445565781 15.501102363674773 15.582408281783765 15.663714199892755 15.745020118001747 15.800887776375488 15.8295613599681 15.858234943560712
26.47311486434403 26.47311486434403 26.47311486434403 26.47311486434403 26.47311486434403 26.47311486434403 26.47311486434403 26.47311486434403 26.47311486434403 26.47311486434403 26.47311486434403 26.47311486434403 26.47311486434403 26.47311486434403 26.47311486434403 26.47311486434403 26.47311486434403 26.47311486434403 9.976023421614885 10.397895844563841 10.819768267513519 11.241640690462477 11.663513113411435 12.085385536360391 12.50725795930935 12.929130382258307 13.351002805207266 13.772875228156224 14.19474765110518 14.616620074054138 14.869104704172853 14.940509954477955 15.011915204783058 15.083320455088282 15.154725705393384 15.226130955698487 15.297536206003588 15.368941456308692 15.440346706613793 15.511751956918895 15.583157207223998 15.6545624575291 15.704845626475912 15.732548812909437 15.76025199934296
26.47311486434403 26.47311486434403 26.47311486434403 26.47311486434403 26.47311486434403 26.47311486434403 26.47311486434403 26.47311486434403 26.47311486434403 26.47311486434403 26.47311486434403 26.47311486434403 26.47311486434403 26.47311486434403 26.47311486434403 26.47311486434403 26.47311486434403 26.47311486434403 9.644891797330219 10.099114832880861 10.55333786843228 11.007560903982924 11.461783939533566 11.91600697508421 12.370230010634852 12.824453046185496 13.27867608173614 13.732899117286784 14.187122152837427 14.641345188388069 14.909418565335038 14.97849374902819 15.047568932721346 15.116644116414616 15.185719300107769 15.254794483800923 15.323869667494076 15.392944851187229 15.462020034880382 15.531095218573537 15.60017040226669 15.669245585959843 15.712670477699966 15.728674627424397 15.744678777148827
26.47311486434403 26.47311486434403 26.47311486434403 26.47311486434403 26.47311486434403 26.47311486434403 26.47311486434403 26.47311486434403 26.47311486434403 26.47311486434403 26.47311486434403 26.47311486434403 26.47311486434403 26.47311486434403 26.47311486434403 26.47311486434403 26.47311486434403 26.47311486434403 9.313760173045836 9.800333821198137 10.286907469351268 10.77348111750357 11.260054765655871 11.746628413808173 12.233202061960474 12.719775710112776 13.206349358265077 13.692923006417379 14.17949665456968 14.666070302721982 14.949732426497189 15.016477543578395 15.083222660659601 15.14996777774092 15.216712894822129 15.283458011903335 15.35020312898454 15.416948246065747 15.483693363146955 15.550438480228161 15.617183597309367 15.683928714390573 15.720495328924015 15.724800441939362 15.729105554954709
26.47311486434403 26.47311486434403 26.47311486434403 26.47311486434403 26.47311486434403 26.47311486434403 26.47311486434403 26.47311486434403 26.47311486434403 26.47311486434403 26.47311486434403 26.47311486434403 26.47311486434403 26.47311486434403 26.47311486434403 26.47311486434403 26.47311486434403 26.47311486434403 8.982628548761454 9.501552809515413 10.020477070270257 10.539401331024218 11.058325591778177 11.577249852532137 12.096174113286096 12.615098374040056 13.134022634794016 13.652946895547977 14.171871156301936 14.690795417055895 14.99004628765934 15.054461338128599 15.118876388597858 15.183291439067228 15.247706489536487 15.312121540005746 15.376536590475006 15.440951640944265 15.505366691413524 15.569781741882784 15.634196792352043 15.698611842821304 15.72832018014806 15.720926256454325 15.713532332760588
26.47311486434403 26.47311486434403 26.47311486434403 26.47311486434403 26.47311486434403 26.47311486434403 26.47311486434403 26.47311486434403 26.47311486434403 26.47311486434403 26.47311486434403 26.47311486434403 26.47311486434403 26.47311486434403 26.47311486434403 26.47311486434403 26.47311486434403 26.47311486434403 8.65149692447707 9.202771797832689 9.754046671189247 10.305321544544864 10.856596417900482 11.4078712912561 11.959146164611717 12.510421037967337 13.061695911322953 13.612970784678572 14.16424565803419 14.715520531389807 15.03036014882149 15.092445132678803 15.154530116536115 15.216615100393533 15.278700084250845 15.340785068108158 15.402870051965472 15.464955035822785 15.527040019680097 15.58912500353741 15.651209987394722 15.713294971252035 15.736145031372109 15.71705207096929 15.697959110566469
26.47311486434403 26.47311486434403 26.47311486434403 26.47311486434403 26.47311486434403 26.47311486434403 26.47311486434403 26.47311486434403 26.47311486434403 26.47311486434403 26.47311486434403 26.47311486434403 26.47311486434403 26.47311486434403 26.47311486434403 26.47311486434403 26.47311486434403 26.47311486434403 8.320365300192687 8.903990786149963 9.487616272108236 10.071241758065511 10.654867244022787 11.238492729980063 11.822118215937339 12.405743701894615 12.98936918785189 13.572994673809166 14.156620159766444 14.740245645723718 15.07067400998364 15.130428927229005 15.19018384447437 15.24993876171984 15.309693678965205 15.369448596210571 15.429203513455937 15.488958430701302 15.548713347946668 15.608468265192034 15.6682231824374 15.727978099682765 15.743969882596156 15.713177885484253 15.68238588837235
26.47311486434403 26.47311486434403 26.47311486434403 26.47311486434403 26.47311486434403 26.47311486434403 26.47311486434403 26.47311486434403 26.47311486434403 26.47311486434403 26.47311486434403 26.47311486434403 26.47311486434403 26.47311486434403 26.47311486434403 26.47311486434403 26.47311486434403 26.47311486434403 7.989233675908306 8.605209774467241 9.221185873027224 9.83716197158616 10.453138070145092 11.069114168704026 11.68509026726296 12.301066365821894 12.917042464380827 13.533018562939763 14.148994661498696 14.76497076005763 15.11098787114579 15.168412721779209 15.225837572412628 15.283262423046144 15.340687273679563 15.398112124312982 15.455536974946401 15.51296182557982 15.57038667621324 15.627811526846658 15.685236377480077 15.742661228113496 15.751794733820205 15.709303699999218 15.666812666178231
26.47311486434403 26.47311486434403 26.47311486434403 26.47311486434403 26.47311486434403 26.47311486434403 26.47311486434403 26.47311486434403 26.47311486434403 26.47311486434403 26.47311486434403 26.47311486434403 26.47311486434403 26.47311486434403 26.47311486434403 26.47311486434403 26.47311486434403 26.47311486434403 7.658102051623641 8.306428762784261 8.954755473945987 9.603082185106606 10.251408896267225 10.899735607427846 11.548062318588464 12.196389029749085 12.844715740909704 13.493042452070323 14.141369163230944 14.789695874391564 15.151301732307976 15.206396516329447 15.261491300350915 15.31658608437248 15.37168086839395 15.426775652415419 15.481870436436889 15.53696522045836 15.59206000447983 15.647154788501298 15.702249572522769 15.75734435654424 15.759619585044259 15.705429514514178 15.651239443984098
26.47311486434403 26.47311486434403 26.47311486434403 26.47311486434403 26.47311486434403 26.47311486434403 26.47311486434403 26.47311486434403 26.47311486434403 26.47311486434403 26.47311486434403 26.47311486434403 26.47311486434403 26.47311486434403 26.47311486434403 26.47311486434403 26.47311486434403 26.47311486434403 7.326970427339258 8.007647751101537 8.688325074864975 9.369002398627252 10.04967972238953 10.73035704615181 11.411034369914086 12.091711693676364 12.772389017438641 13.45306634120092 14.133743664963198 14.814420988725475 15.191615593470125 15.244380310879649 15.297145028289172 15.349909745698785 15.402674463108308 15.45543918051783 15.508203897927354 15.560968615336876 15.6137333327464 15.666498050155923 15.719262767565445 15.772027484974968 15.767444436268304 15.70155532902914 15.635666221789977
26.47311486434403 26.47311486434403 26.47311486434403 26.47311486434403 26.47311486434403 26.47311486434403 26.47311486434403 26.47311486434403 26.47311486434403 26.47311486434403 26.47311486434403 26.47311486434403 26.47311486434403 26.47311486434403 26.47311486434403 26.47311486434403 26.47311486434403 26.47311486434403 6.995838803054876 7.708866739418812 8.421894675783964 9.1349226121479 9.847950548511836 10.560978484875772 11.274006421239708 11.987034357603644 12.70006229396758 13.413090230331516 14.126118166695452 14.839146103059386 15.231929454632276 15.282364105429853 15.332798756227428 15.38323340702509 15.433668057822667 15.484102708620242 15.534537359417818 15.584972010215395 15.63540666101297 15.685841311810547 15.736275962608124 15.786710613405699 15.775269287492353 15.697681143544106 15.620092999595858
26.47311486434403 26.47311486434403 26.47311486434403 26.47311486434403 26.47311486434403 26.47311486434403 26.47311486434403 26.47311486434403 26.47311486434403 26.47311486434403 26.47311486434403 26.47311486434403 26.47311486434403 26.47311486434403 26.47311486434403 26.47311486434403 26.47311486434403 26.47311486434403 6.664707178770494 7.410085727736088 8.155464276702954 8.900842825668548 9.646221374634141 10.391599923599735 11.136978472565328 11.882357021530924 12.627735570496517 13.373114119462112 14.118492668427706 14.8638712173933 15.272243315794427 15.320347899980055 15.368452484165685 15.416557068351397 15.464661652537025 15.512766236722655 15.560870820908283 15.608975405093913 15.657079989279543 15.705184573465171 15.753289157650801 15.80139374183643 15.783094138716402 15.69380695805907 15.60451977740174
