Figures/CREST_Example_wjb_NSE/Rolling_result/20100722/BJP_forecast/ens_9/wjb.rain.20100723.asc
ncols            288
nrows            254
xllcorner        113.274861
yllcorner        31.4918055
cellsize         0.008333333333
NODATA_value     -9999
[rows 38 to 56 of 254, columns 88 to 131 of 288]
3.467411736651687 3.3908541291741052 3.314296521696524 3.237738914218812 3.1611813067412307 3.0846236992636493 3.008066091786068 2.931508484308486 2.854950876830905 2.7783932693533235 2.701835661875742 2.677487440421855 2.7089522331169715 2.740417025812088 2.7718818185072047 2.803346611202321 2.834811403897491 2.8662761965926076 2.8977409892877244 2.9292057819828408 2.960670574677957 2.9921353673730735 3.0236001600681903 2.9913726692132916 2.8910566869865213 2.790740704759751 2.690424722532981 2.590108740306211 2.4897927580794406 2.3894767758524993 2.289160793625729 2.188844811398959 2.088528829172189 1.9882128469454186 1.8878968647186485 1.8026829169344407 1.7336133854986564 1.664543854062872 1.5954743226270875 1.5264047911913032 1.457335259755519 1.3882657283197344 1.3191961968838322 1.2501266654480478
3.4157636929036412 3.3385109677551923 3.2612582426067434 3.184005517458163 3.106752792309714 3.029500067161265 2.952247342012816 2.874994616864367 2.7977418917159182 2.7204891665674693 2.6432364414190204 2.6181391227978197 2.648797113023409 2.6794551032489986 2.710113093474588 2.740771083700177 2.7714290739258187 2.802087064151408 2.832745054376997 2.8634030446025864 2.8940610348281757 2.924719025053765 2.955377015279354 2.9244663409383276 2.827737371939522 2.7310084029407165 2.6342794339419107 2.5375504649431053 2.4408214959442995 2.3440925269453294 2.2473635579465236 2.1506345889477183 2.053905619948913 1.9571766509501072 1.8604476819513016 1.7782597313025486 1.7116164581120652 1.6449731849215816 1.5783299117310983 1.5116866385406147 1.4450433653501313 1.3784000921596478 1.3117568189690507 1.2451135457785671
3.3641156491555515 3.2861678063362345 3.2082199635169175 3.1302721206974677 3.0523242778781507 2.9743764350588338 2.8964285922395168 2.8184807494201998 2.740532906600883 2.662585063781566 2.584637220962249 2.558790805173734 2.5886419929297957 2.618493180685857 2.648344368441918 2.6781955561979793 2.7080467439540916 2.737897931710153 2.7677491194662145 2.7976003072222757 2.827451494978337 2.8573026827343986 2.88715387049046 2.857560012663306 2.764418056892468 2.6712761011216304 2.5781341453507927 2.4849921895799545 2.3918502338091168 2.2987082780381205 2.2055663222672823 2.1124243664964446 2.019282410725607 1.9261404549547692 1.8329984991839314 1.7538365456706357 1.6896195307254553 1.6254025157802747 1.5611855008350943 1.4969684858899137 1.4327514709447333 1.3685344559995527 1.3043174410542628 1.2401004261090822
3.312467605407506 3.2338246449173216 3.155181684427137 3.0765387239368183 2.997895763446634 2.9192528029564495 2.840609842466265 2.7619668819760808 2.683323921485896 2.6046809609957116 2.526038000505527 2.499442487549699 2.528486872836233 2.557531258122767 2.5865756434093012 2.6156200286958353 2.644664413982419 2.673708799268953 2.7027531845554873 2.7317975698420214 2.7608419551285555 2.7898863404150895 2.8189307257016236 2.790653684388342 2.7010987418454686 2.6115437993025954 2.5219888567597226 2.4324339142168494 2.342878971673976 2.25332402913095 2.1637690865880774 2.074214144045204 1.984659201502331 1.8951042589594578 1.8055493164165848 1.7294133600387438 1.6676226033388641 1.6058318466389845 1.544041089939105 1.4822503332392254 1.4204595765393457 1.3586688198394663 1.2968780631394812 1.2350873064396017
3.26081956165946 3.181481483498408 3.1021434053373564 3.022805327176169 2.943467249015117 2.8641291708540653 2.784791092693013 2.7054530145319613 2.626114936370909 2.5467768582098573 2.4674387800488056 2.440094169925664 2.4683317527426705 2.4965693355596774 2.5248069183766844 2.5530445011936913 2.581282084010746 2.609519666827753 2.63775724964476 2.665994832461767 2.6942324152787736 2.7224699980957805 2.7507075809127874 2.7237473561133774 2.6377794267984687 2.5518114974835604 2.465843568168652 2.3798756388537434 2.293907709538835 2.2079397802237803 2.1219718509088716 2.0360039215939634 1.9500359922790547 1.8640680629641464 1.778100133649238 1.7049901744068516 1.645625675952273 1.5862611774976942 1.5268966790431155 1.4675321805885368 1.4081676821339584 1.3488031836793795 1.2894386852246997 1.230074186770121
3.209171517911414 3.129138322079495 3.0491051262475755 2.9690719304155198 2.8890387345836004 2.8090055387516806 2.728972342919761 2.648939147087842 2.5689059512559225 2.488872755424003 2.4088395595920837 2.3807458523016285 2.4081766326491083 2.4356074129965877 2.4630381933440675 2.4904689736915473 2.5178997540390733 2.545330534386553 2.5727613147340325 2.6001920950815123 2.627622875428992 2.6550536557764715 2.6824844361239513 2.656841027838413 2.574460111751469 2.4920791956645254 2.4096982795775816 2.327317363490638 2.244936447403694 2.16255553131661 2.0801746152296663 1.9977936991427225 1.9154127830557788 1.833031866968835 1.7506509508818913 1.6805669887749597 1.623628748565682 1.5666905083564042 1.5097522681471265 1.4528140279378485 1.3958757877285708 1.338937547519293 1.2819993073099183 1.2250610671006403
3.157523474163369 3.076795160660582 2.996066847157795 2.9153385336548703 2.8346102201520833 2.7538819066492968 2.67315359314651 2.592425279643723 2.511696966140936 2.430968652638149 2.350240339135362 2.3213975346775935 2.3480215125555457 2.3746454904334984 2.4012694683114506 2.4278934461894033 2.454517424067401 2.4811414019453535 2.5077653798233057 2.534389357701258 2.5610133355792106 2.587637313457163 2.614261291335115 2.589934699563449 2.5111407967044697 2.4323468938454904 2.3535529909865116 2.2747590881275324 2.195965185268553 2.1171712824094397 2.038377379550461 1.9595834766914817 1.8807895738325024 1.8019956709735234 1.7232017681145444 1.6561438031430675 1.6016318211790908 1.5471198392151138 1.492607857251137 1.43809587528716 1.3835838933231832 1.3290719113592064 1.2745599293951364 1.2200479474311596
3.1058754304153235 3.024451999241669 2.9430285680680144 2.8616051368942212 2.7801817057205667 2.698758274546912 2.617334843373258 2.5359114121996034 2.454487981025949 2.3730645498522946 2.29164111867864 2.2620492170535584 2.2878663924619835 2.3136835678704086 2.3395007432788337 2.365317918687259 2.391135094095728 2.416952269504153 2.442769444912578 2.4685866203210036 2.4944037957294287 2.520220971137854 2.546038146546279 2.5230283712884845 2.4478214816574697 2.3726145920264554 2.297407702395441 2.222200812764427 2.1469939231334125 2.07178703350227 1.9965801438712554 1.9213732542402409 1.8461663646092266 1.7709594749782123 1.695752585347198 1.6317206175111756 1.5796348937924996 1.5275491700738235 1.4754634463551477 1.4233777226364717 1.3712919989177956 1.3192062751991198 1.267120551480355 1.215034827761679
3.0542273866672334 2.972108837822711 2.8899902889781885 2.807871740133526 2.7257531912890034 2.643634642444481 2.5615160935999586 2.479397544755436 2.3972789959109138 2.315160447066391 2.2330418982218685 2.202700899429473 2.22771127236837 2.252721645307267 2.277732018246164 2.3027423911850615 2.3277527641240012 2.3527631370628983 2.3777735100017954 2.402783882940693 2.42779425587959 2.452804628818487 2.477815001757384 2.4561220430134627 2.384502166610416 2.3128822902073694 2.2412624138043227 2.169642537401276 2.0980226609982298 2.026402784595061 1.9547829081920143 1.8831630317889676 1.811543155385921 1.7399232789828742 1.6683034025798276 1.6072974318792626 1.5576379664058897 1.5079785009325166 1.4583190354591438 1.4086595699857707 1.3590001045123978 1.3093406390390248 1.259681173565567 1.210021708092194
3.0025793429191876 2.919765676403798 2.8369520098884076 2.7541383433728766 2.6713246768574868 2.5885110103420965 2.5056973438267067 2.422883677311317 2.3400700107959267 2.257256344280537 2.1744426777651467 2.1433525818054373 2.1675561522748077 2.1917597227441776 2.2159632932135476 2.2401668636829175 2.2643704341523287 2.2885740046216987 2.3127775750910686 2.3369811455604386 2.3611847160298085 2.3853882864991784 2.4095918569685484 2.3892157147384987 2.3211828515634165 2.253149988388335 2.1851171252132526 2.117084262038171 2.0490513988630887 1.9810185356878907 1.9129856725128087 1.8449528093377268 1.7769199461626448 1.7088870829875629 1.6408542198124807 1.5828742462473704 1.5356410390192985 1.4884078317912264 1.4411746245631543 1.3939414173350821 1.34670821010701 1.2994750028789381 1.2522417956507854 1.2050085884227135
2.9509312991711423 2.867422514984885 2.7839137307986275 2.7004049466122275 2.61689616242597 2.5333873782397127 2.449878594053455 2.3663698098671975 2.28286102568094 2.1993522414946827 2.115843457308425 2.0840042641814023 2.107401032181245 2.130797800181088 2.1541945681809302 2.177591336180773 2.200988104180656 2.2243848721804986 2.247781640180341 2.271178408180184 2.2945751761800266 2.3179719441798694 2.3413687121797118 2.3223093864635342 2.257863536516417 2.1934176865692994 2.128971836622182 2.064525986675065 2.0000801367279477 1.9356342867807206 1.8711884368336031 1.806742586886486 1.7422967369393687 1.6778508869922515 1.613405037045134 1.5584510606154784 1.5136441116327073 1.4688371626499361 1.424030213667165 1.3792232646843938 1.3344163157016227 1.2896093667188515 1.244802417736004 1.1999954687532328
2.936779429793065 2.854659224632073 2.7725390194710804 2.690418814309948 2.6082986091489557 2.526178403987964 2.4440581988269714 2.361937993665979 2.279817788504987 2.1976975833439947 2.1155773781830023 2.08176046317939 2.099580857524211 2.1174012518690324 2.1352216462138536 2.1530420405586748 2.1708624349035266 2.188682829248348 2.206503223593169 2.22432361793799 2.2421440122828113 2.2599644066276325 2.2777848009724537 2.258278222391415 2.1988682656875813 2.139458308983748 2.0800483522799142 2.0206383955760807 1.9612284388722472 1.9018184821683124 1.8424085254644789 1.7829985687606453 1.7235886120568118 1.6641786553529783 1.6047686986491447 1.5516252443471734 1.505180822828423 1.4587364013096724 1.4122919797909217 1.3658475582721712 1.3194031367534207 1.2729587152346702 1.2265142937158404 1.18006987219709
2.9627086064982597 2.884204320743373 2.805700034988486 2.7271957492334655 2.6486914634785785 2.570187177723692 2.4916828919688054 2.4131786062139184 2.3346743204590314 2.256170034704145 2.177665748949258 2.140557789725672 2.147703439563101 2.15484908940053 2.1619947392379597 2.169140389075389 2.1762860389128305 2.1834316887502596 2.190577338587689 2.1977229884251184 2.204868638262548 2.212014288099977 2.2191599379374063 2.1973204275588922 2.1444951254757068 2.0916698233925217 2.0388445213093367 1.9860192192261514 1.9331939171429664 1.8803686150596912 1.827543312976506 1.774718010893321 1.721892708810136 1.6690674067269506 1.6162421046437654 1.5636099063278492 1.5111841403061446 1.4587583742844399 1.4063326082627352 1.3539068422410303 1.3014810762193256 1.2490553101976207 1.1966295441758268 1.1442037781541219
2.9886377832034547 2.913749416854673 2.838861050505892 2.763972684156983 2.689084317808202 2.61419595145942 2.539307585110639 2.464419218761858 2.3895308524130763 2.314642486064295 2.239754119715514 2.199355116271953 2.1958260216019907 2.192296926932028 2.1887678322620654 2.185238737592103 2.1817096429221343 2.178180548252172 2.1746514535822095 2.1711223589122466 2.167593264242284 2.1640641695723217 2.1605350749023593 2.136362632726369 2.0901219852638326 2.0438813378012957 1.9976406903387591 1.9514000428762224 1.9051593954136856 1.85891874795107 1.8126781004885333 1.7664374530259965 1.7201968055634598 1.673956158100923 1.6277155106383863 1.5755945683085253 1.5171874577838664 1.4587803472592074 1.4003732367345485 1.3419661262098894 1.2835590156852306 1.2251519051605715 1.166744794635813 1.108337684111154
3.0145669599086493 2.9432945129659736 2.872022066023298 2.8007496190805004 2.7294771721378246 2.658204725195149 2.5869322782524726 2.5156598313097973 2.444387384367121 2.3731149374244453 2.3018424904817696 2.2581524428182345 2.24394860364088 2.2297447644635255 2.215540925286171 2.2013370861088166 2.187133246931438 2.1729294077540837 2.1587255685767293 2.144521729399375 2.1303178902220203 2.116114051044666 2.1019102118673114 2.075404837893846 2.0357488450519576 1.9960928522100694 1.9564368593681811 1.9167808665262929 1.8771248736844046 1.8374688808424486 1.7978128880005602 1.758156895158672 1.7185009023167837 1.6788449094748954 1.6391889166330071 1.5875792302892013 1.523190775261588 1.4588023202339748 1.3944138652063618 1.3300254101787485 1.2656369551511353 1.2012485001235222 1.1368600450957993 1.072471590068186
3.040496136613866 2.972839609077299 2.9051830815407316 2.837526554004049 2.7698700264674816 2.7022134989309143 2.634556971394347 2.5669004438577803 2.499243916321213 2.4315873887846458 2.3639308612480785 2.316949769364566 2.2920711856798106 2.2671926019950552 2.2423140183103 2.2174354346255445 2.1925568509407465 2.167678267255991 2.1427996835712357 2.1179210998864804 2.093042516201725 2.0681639325169696 2.0432853488322142 2.0144470430612715 1.981375704840037 1.9483043666188027 1.9152330283975685 1.882161690176334 1.8490903519550999 1.816019013733809 1.7829476755125748 1.7498763372913406 1.7168049990701062 1.6837336608488718 1.6506623226276376 1.5995638922698874 1.5291940927393148 1.4588242932087425 1.38845449367817 1.3180846941475974 1.2477148946170251 1.1773450950864526 1.1069752955557601 1.0366054960251876
3.0664253133190607 3.002384705188599 2.9383440970581374 2.8743034889275663 2.8102628807971044 2.746222272666643 2.682181664536181 2.6181410564057193 2.554100448275258 2.490059840144796 2.426019232014334 2.3757470959108473 2.3401937677187004 2.304640439526553 2.2690871113344055 2.233533783142258 2.1979804549500503 2.162427126757903 2.126873798565756 2.0913204703736086 2.055767142181461 2.0202138139893138 1.9846604857971666 1.9534892482287483 1.9270025646281623 1.9005158810275766 1.8740291974269907 1.8475425138264048 1.8210558302258189 1.7945691466251878 1.768082463024602 1.741595779424016 1.71510909582343 1.6886224122228444 1.6621357286222582 1.6115485542505634 1.5351974102170367 1.45884626618351 1.3824951221499833 1.3061439781164565 1.2297928340829298 1.1534416900494033 1.0770905460157465 1.0007394019822198
3.0923544900242557 3.031929801299899 2.971505112575543 2.9110804238510837 2.850655735126727 2.790231046402371 2.7298063576780147 2.6693816689536587 2.6089569802293022 2.548532291504946 2.4881076027805897 2.434544422457129 2.3883163497575897 2.3420882770580507 2.2958602043585112 2.2496321316589722 2.203404058959354 2.157175986259815 2.110947913560276 2.064719840860737 2.0184917681611974 1.9722636954616584 1.9260356227621191 1.8925314533962254 1.8726294244162878 1.8527273954363503 1.832825366456413 1.8129233374764755 1.7930213084965378 1.7731192795165664 1.753217250536629 1.7333152215566916 1.7134131925767542 1.6935111635968165 1.673609134616879 1.6235332162312393 1.5412007276947584 1.4588682391582775 1.3765357506217966 1.2942032620853157 1.2118707735488348 1.1295382850123539 1.0472057964757326 0.9648733079392517
3.1182836667294502 3.0614748974111996 3.0046661280929485 2.947857358774601 2.8910485894563505 2.8342398201380994 2.7774310508198488 2.720622281501598 2.663813512183347 2.6070047428650964 2.550195973546846 2.4933417490034104 2.4364389317964794 2.3795361145895484 2.3226332973826174 2.2657304801756863 2.208827662968658 2.151924845761727 2.095022028554796 2.038119211347865 1.981216394140934 1.924313576934003 1.867410759727072 1.8315736585637026 1.8182562842044134 1.8049389098451243 1.7916215354858354 1.7783041611265462 1.764986786767257 1.7516694124079453 1.7383520380486561 1.7250346636893672 1.711717289330078 1.698399914970789 1.6850825406115 1.6355178782119153 1.5472040451724802 1.4588902121330452 1.3705763790936099 1.2822625460541748 1.1939487130147397 1.1056348799753046 1.0173210469357188 0.9290072138962837
