Figures/CREST_Example_wjb_NSE/Rolling_result/20100722/BJP_forecast/ens_9/wjb.rain.20100724.asc
ncols            288
nrows            254
xllcorner        113.274861
yllcorner        31.4918055
cellsize         0.008333333333
NODATA_value     -9999
[rows 120 to 139 of 254, columns 0 to 43 of 288]
-9999.0 -9999.0 -9999.0 -9999.0 -9999.0 -9999.0 -9999.0 -9999.0 -9999.0 -9999.0 -9999.0 -9999.0 -9999.0 15.031262372139906 15.031262372139906 15.031262372139906 15.031262372139906 15.031262372139906 -9999.0 -9999.0 -9999.0 -9999.0 -9999.0 -9999.0 -9999.0 -9999.0 -9999.0 -9999.0 -9999.0 15.031262372139906 15.031262372139906 15.031262372139906 15.031262372139906 15.031262372139906 15.031262372139906 15.031262372139906 15.031262372139906 15.031262372139906 15.031262372139906 15.58903487739322 16.665177570888737 17.741320264384257 18.817462957879773 19.89360565137529
-9999.0 -9999.0 -9999.0 -9999.0 -9999.0 -9999.0 -9999.0 -9999.0 -9999.0 -9999.0 -9999.0 -9999.0 15.031262372139906 15.031262372139906 15.031262372139906 15.031262372139906 15.031262372139906 15.031262372139906 15.031262372139906 -9999.0 -9999.0 -9999.0 -9999.0 -9999.0 -9999.0 -9999.0 -9999.0 -9999.0 -9999.0 -9999.0 15.031262372139906 15.031262372139906 15.031262372139906 15.031262372139906 15.031262372139906 15.031262372139906 15.031262372139906 15.031262372139906 15.031262372139906 15.569285353721336 16.66248478914603 17.75568422457073 18.848883659995426 19.942083095420124
-9999.0 -9999.0 -9999.0 -9999.0 -9999.0 -9999.0 -9999.0 -9999.0 -9999.0 -9999.0 -9999.0 -9999.0 15.031262372139906 15.031262372139906 15.031262372139906 15.031262372139906 15.031262372139906 15.031262372139906 15.031262372139906 15.031262372139906 15.031262372139906 -9999.0 -9999.0 -9999.0 -9999.0 -9999.0 -9999.0 -9999.0 -9999.0 15.031262372139906 15.031262372139906 15.031262372139906 15.031262372139906 15.031262372139906 15.031262372139906 15.031262372139906 15.031262372139906 15.031262372139906 15.031262372139906 15.38979975459188 16.47779859288306 17.565797431174243 18.653796269465424 19.741795107756605
-9999.0 -9999.0 -9999.0 -9999.0 -9999.0 -9999.0 -9999.0 -9999.0 -9999.0 -9999.0 -9999.0 -9999.0 15.031262372139906 15.031262372139906 15.031262372139906 15.031262372139906 15.031262372139906 15.031262372139906 15.031262372139906 15.031262372139906 15.031262372139906 -9999.0 -9999.0 15.031262372139906 -9999.0 -9999.0 -9999.0 -9999.0 -9999.0 15.031262372139906 15.031262372139906 15.031262372139906 15.031262372139906 15.031262372139906 15.031262372139906 15.031262372139906 15.031262372139906 15.031262372139906 15.031262372139906 15.210314155462427 16.293112396620092 17.375910637777757 18.458708878935422 19.541507120093087
-9999.0 -9999.0 -9999.0 -9999.0 -9999.0 -9999.0 -9999.0 -9999.0 -9999.0 -9999.0 -9999.0 -9999.0 15.031262372139906 15.031262372139906 15.031262372139906 15.031262372139906 15.031262372139906 15.031262372139906 15.031262372139906 15.031262372139906 15.031262372139906 15.031262372139906 15.031262372139906 15.031262372139906 15.031262372139906 15.031262372139906 -9999.0 -9999.0 15.031262372139906 15.031262372139906 15.031262372139906 15.031262372139906 15.031262372139906 15.031262372139906 15.031262372139906 15.031262372139906 15.031262372139906 15.031262372139906 15.031262372139906 15.03082855633282 16.108426200356963 17.186023844381108 18.263621488405253 19.341219132429398
-9999.0 -9999.0 -9999.0 -9999.0 -9999.0 -9999.0 -9999.0 -9999.0 -9999.0 -9999.0 -9999.0 15.031262372139906 15.031262372139906 15.031262372139906 15.031262372139906 15.031262372139906 15.031262372139906 15.031262372139906 15.031262372139906 15.031262372139906 15.031262372139906 15.031262372139906 15.031262372139906 15.031262372139906 15.031262372139906 15.031262372139906 15.031262372139906 15.031262372139906 15.031262372139906 15.031262372139906 15.031262372139906 15.031262372139906 15.031262372139906 15.031262372139906 15.031262372139906 15.031262372139906 15.031262372139906 15.031262372139906 15.031262372139906 14.851342957203364 15.923740004093993 16.996137050984622 18.06853409787525 19.14093114476588
-9999.0 -9999.0 -9999.0 -9999.0 -9999.0 -9999.0 -9999.0 -9999.0 -9999.0 -9999.0 -9999.0 15.031262372139906 15.031262372139906 15.031262372139906 15.031262372139906 15.031262372139906 15.031262372139906 15.031262372139906 15.031262372139906 15.031262372139906 15.031262372139906 15.031262372139906 15.031262372139906 15.031262372139906 15.031262372139906 15.031262372139906 15.031262372139906 15.031262372139906 15.031262372139906 15.031262372139906 15.031262372139906 15.031262372139906 15.031262372139906 15.031262372139906 15.031262372139906 15.031262372139906 15.031262372139906 15.031262372139906 15.031262372139906 14.671857358073911 15.739053807831024 16.80625025758814 17.873446707345252 18.940643157102365
-9999.0 -9999.0 -9999.0 -9999.0 -9999.0 -9999.0 -9999.0 -9999.0 -9999.0 -9999.0 -9999.0 15.031262372139906 15.031262372139906 15.031262372139906 15.031262372139906 15.031262372139906 15.031262372139906 15.031262372139906 15.031262372139906 15.031262372139906 15.031262372139906 15.031262372139906 15.031262372139906 15.031262372139906 15.031262372139906 15.031262372139906 15.031262372139906 15.031262372139906 15.031262372139906 15.031262372139906 15.031262372139906 15.031262372139906 15.031262372139906 15.031262372139906 15.031262372139906 15.031262372139906 15.031262372139906 15.031262372139906 15.031262372139906 14.492371758944456 15.554367611568054 16.61636346419165 17.67835931681525 18.740355169438846
-9999.0 -9999.0 -9999.0 -9999.0 -9999.0 -9999.0 -9999.0 -9999.0 -9999.0 -9999.0 -9999.0 15.031262372139906 15.031262372139906 15.031262372139906 15.031262372139906 15.031262372139906 15.031262372139906 15.031262372139906 15.031262372139906 15.031262372139906 15.031262372139906 15.031262372139906 15.031262372139906 15.031262372139906 15.031262372139906 15.031262372139906 15.031262372139906 15.031262372139906 15.031262372139906 15.031262372139906 15.031262372139906 15.031262372139906 15.031262372139906 15.031262372139906 15.031262372139906 15.031262372139906 15.031262372139906 15.031262372139906 15.031262372139906 14.312886159815003 15.369681415305084 16.426476670795168 17.483271926285248 18.540067181775328
-9999.0 -9999.0 -9999.0 -9999.0 -9999.0 -9999.0 -9999.0 -9999.0 -9999.0 -9999.0 15.031262372139906 15.031262372139906 15.031262372139906 15.031262372139906 15.031262372139906 15.031262372139906 15.031262372139906 15.031262372139906 15.031262372139906 15.031262372139906 15.031262372139906 15.031262372139906 15.031262372139906 15.031262372139906 15.031262372139906 15.031262372139906 15.031262372139906 15.031262372139906 15.031262372139906 15.031262372139906 15.031262372139906 15.031262372139906 15.031262372139906 15.031262372139906 15.031262372139906 15.031262372139906 15.031262372139906 15.031262372139906 15.031262372139906 14.133400560685548 15.184995219042115 16.23658987739868 17.288184535755246 18.339779194111813
-9999.0 -9999.0 -9999.0 -9999.0 -9999.0 -9999.0 -9999.0 -9999.0 -9999.0 15.031262372139906 15.031262372139906 15.031262372139906 15.031262372139906 15.031262372139906 15.031262372139906 15.031262372139906 15.031262372139906 15.031262372139906 15.031262372139906 15.031262372139906 15.031262372139906 15.031262372139906 15.031262372139906 15.031262372139906 15.031262372139906 15.031262372139906 15.031262372139906 15.031262372139906 15.031262372139906 15.031262372139906 15.031262372139906 15.031262372139906 15.031262372139906 15.031262372139906 15.031262372139906 15.031262372139906 15.031262372139906 15.031262372139906 15.031262372139906 13.953914961556094 15.000309022779145 16.046703084002196 17.093097145225244 18.139491206448294
-9999.0 -9999.0 -9999.0 -9999.0 -9999.0 -9999.0 -9999.0 15.031262372139906 15.031262372139906 15.031262372139906 15.031262372139906 15.031262372139906 15.031262372139906 15.031262372139906 15.031262372139906 15.031262372139906 15.031262372139906 15.031262372139906 15.031262372139906 15.031262372139906 15.031262372139906 15.031262372139906 15.031262372139906 15.031262372139906 15.031262372139906 15.031262372139906 15.031262372139906 15.031262372139906 15.031262372139906 15.031262372139906 15.031262372139906 15.031262372139906 15.031262372139906 15.031262372139906 15.031262372139906 15.031262372139906 15.031262372139906 15.031262372139906 15.031262372139906 13.774429362426487 14.815622826516018 15.856816290605547 16.898009754695078 17.939203218784606
-9999.0 -9999.0 -9999.0 -9999.0 -9999.0 -9999.0 15.031262372139906 15.031262372139906 15.031262372139906 15.031262372139906 15.031262372139906 15.031262372139906 15.031262372139906 15.031262372139906 15.031262372139906 15.031262372139906 15.031262372139906 15.031262372139906 15.031262372139906 15.031262372139906 15.031262372139906 15.031262372139906 15.031262372139906 15.031262372139906 15.031262372139906 15.031262372139906 15.031262372139906 15.031262372139906 15.031262372139906 15.031262372139906 15.031262372139906 15.031262372139906 15.031262372139906 15.031262372139906 15.031262372139906 15.031262372139906 15.031262372139906 15.031262372139906 15.031262372139906 13.594943763297032 14.630936630253046 15.666929497209061 16.702922364165076 17.73891523112109
-9999.0 -9999.0 -9999.0 15.031262372139906 15.031262372139906 -9999.0 15.031262372139906 15.031262372139906 15.031262372139906 15.031262372139906 15.031262372139906 15.031262372139906 15.031262372139906 15.031262372139906 15.031262372139906 17.400712592718076 16.93789110450743 16.475069616296782 16.012248128086135 15.549426639875488 15.086605151664843 14.623783663454196 14.16096217524355 13.698140687032904 13.235319198822257 12.77249771061161 12.309676222400174 12.107153315054093 12.182895472970449 12.258637630886803 12.334379788803158 12.410121946719512 12.485864104635867 12.561606262552221 12.637348420468575 12.71309057838493 12.788832736301284 12.86457489421764 12.940317052133993 13.444100663043447 14.405470261110525 15.366839859177603 16.328209457244682 17.28957905531176
-9999.0 -9999.0 -9999.0 15.031262372139906 15.031262372139906 15.031262372139906 15.031262372139906 15.031262372139906 15.031262372139906 15.031262372139906 15.031262372139906 15.031262372139906 15.031262372139906 15.031262372139906 15.031262372139906 17.32549622707248 16.887114568171203 16.44873290926993 16.01035125036865 15.571969591467376 15.1335879325661 14.695206273664823 14.256824614763547 13.81844295586227 13.380061296960994 12.941679638059718 12.503297979157693 12.30315053750503 12.357680857791157 12.412211178077284 12.46674149836341 12.521271818649536 12.575802138935662 12.630332459221789 12.684862779507915 12.739393099794043 12.79392342008017 12.848453740366296 12.902984060652422 13.323874588449716 14.136412457963672 14.94895032747763 15.76148819699159 16.574026066505546
-9999.0 -9999.0 -9999.0 15.031262372139906 15.031262372139906 15.031262372139906 15.031262372139906 15.031262372139906 15.031262372139906 15.031262372139906 15.031262372139906 15.031262372139906 15.031262372139906 15.031262372139906 15.031262372139906 17.25027986142689 16.836338031834984 16.42239620224308 16.00845437265117 15.594512543059263 15.180570713467358 14.766628883875452 14.352687054283546 13.938745224691639 13.524803395099733 13.110861565507825 12.696919735915214 12.499147759955969 12.532466242611866 12.565784725267765 12.599103207923664 12.632421690579562 12.66574017323546 12.699058655891358 12.732377138547257 12.765695621203156 12.799014103859053 12.832332586514951 12.86565106917085 13.203648513855985 13.867354654816822 14.531060795777659 15.194766936738496 15.858473077699333
-9999.0 -9999.0 -9999.0 15.031262372139906 15.031262372139906 15.031262372139906 15.031262372139906 15.031262372139906 15.031262372139906 15.031262372139906 15.031262372139906 15.031262372139906 15.031262372139906 15.031262372139906 15.031262372139906 17.1750634957813 16.78556149549876 16.396059495216225 16.006557494933688 15.617055494651153 15.227553494368616 14.83805149408608 14.448549493803544 14.059047493521007 13.669545493238472 13.280043492955935 12.890541492672735 12.695144982406907 12.707251627432576 12.719358272458246 12.731464917483915 12.743571562509587 12.755678207535256 12.767784852560926 12.779891497586597 12.791998142612266 12.804104787637936 12.816211432663605 12.828318077689277 13.083422439262252 13.59829685166997 14.113171264077685 14.628045676485403 15.14292008889312
-9999.0 -9999.0 -9999.0 15.031262372139906 15.031262372139906 15.031262372139906 15.031262372139906 15.031262372139906 15.031262372139906 15.031262372139906 15.031262372139906 15.031262372139906 15.031262372139906 15.031262372139906 15.031262372139906 17.09984713013564 16.734784959162493 16.36972278818935 16.004660617216203 15.639598446243058 15.274536275269913 14.909474104296768 14.544411933323623 14.179349762350478 13.814287591377333 13.449225420404186 13.08416324943042 12.891142204858012 12.882037012253434 12.872931819648858 12.863826627044283 12.854721434439707 12.84561624183513 12.836511049230554 12.827405856625978 12.818300664021402 12.809195471416825 12.800090278812249 12.790985086207673 12.963196364668418 13.329239048522888 13.695281732377358 14.061324416231828 14.427367100086297
-9999.0 -9999.0 -9999.0 15.031262372139906 15.031262372139906 15.031262372139906 15.031262372139906 15.031262372139906 15.031262372139906 15.031262372139906 15.031262372139906 15.031262372139906 15.031262372139906 15.031262372139906 15.031262372139906 17.02463076449005 16.684008422826274 16.343386081162496 16.00276373949872 15.662141397834947 15.321519056171171 14.980896714507397 14.64027437284362 14.299652031179846 13.959029689516072 13.618407347852296 13.27778500618794 13.08713942730895 13.056822397074145 13.02650536683934 12.996188336604536 12.965871306369731 12.935554276134926 12.905237245900121 12.874920215665318 12.844603185430513 12.814286155195708 12.783969124960905 12.7536520947261 12.842970290074685 13.060181245376036 13.277392200677385 13.494603155978735 13.711814111280084
-9999.0 15.031262372139906 15.031262372139906 15.031262372139906 15.031262372139906 15.031262372139906 15.031262372139906 15.031262372139906 15.031262372139906 15.031262372139906 15.031262372139906 15.031262372139906 15.031262372139906 15.031262372139906 15.031262372139906 16.949414398844453 16.633231886490048 16.317049374135642 16.000866861781237 15.684684349426833 15.36850183707243 15.052319324718024 14.736136812363618 14.419954300009213 14.103771787654809 13.787589275300403 13.47140676294546 13.283136649759888 13.231607781894855 13.18007891402982 13.128550046164788 13.077021178299756 13.025492310434723 12.97396344256969 12.922434574704658 12.870905706839626 12.819376838974593 12.76784797110956 12.716319103244528 12.722744215480954 12.791123442229184 12.859502668977413 12.927881895725642 12.996261122473873
