Figures/CREST_Example_wjb_NSE/Rolling_result/20100722/BJP_forecast/ens_9/wjb.rain.20100516.asc
ncols            288
nrows            254
xllcorner        113.274861
yllcorner        31.4918055
cellsize         0.008333333333
NODATA_value     -9999
[rows 160 to 179 of 254, columns 44 to 87 of 288]
35.32423345093753 35.18089795207387 35.03756245321022 34.894226954346564 34.75089145548291 34.60755595661925 34.4642204577556 34.390161871910095 34.390161871910095 34.390161871910095 34.390161871910095 34.390161871910095 34.390161871910095 34.390161871910095 34.390161871910095 34.390161871910095 34.390161871910095 34.390161871910095 34.390161871910095 34.32965402846865 34.204461932637685 34.0792698368065 33.954077740975535 33.82888564514457 33.70369354931359 33.57850145348262 33.453309357651655 33.32811726182069 33.20292516598972 33.07773307015875 32.95254097432778 32.698053422096024 32.30534610404421 31.9126387859924 31.51993146793992 31.127224149888104 30.73451683183629 30.34180951378448 29.949102195732664 29.55639487768085 29.16368755962904 28.770980241577227 28.378272923525415 28.175368905067444
35.32423345093753 35.18089795207387 35.03756245321022 34.894226954346564 34.75089145548291 34.60755595661925 34.4642204577556 34.390161871910095 34.390161871910095 34.390161871910095 34.390161871910095 34.390161871910095 34.390161871910095 34.390161871910095 34.390161871910095 34.390161871910095 34.390161871910095 34.390161871910095 34.390161871910095 34.32965402846865 34.204461932637685 34.0792698368065 33.954077740975535 33.82888564514457 33.70369354931359 33.57850145348262 33.453309357651655 33.32811726182069 33.20292516598972 33.07773307015875 32.95254097432778 32.698053422096024 32.30534610404421 31.9126387859924 31.51993146793992 31.127224149888104 30.73451683183629 30.34180951378448 29.949102195732664 29.55639487768085 29.16368755962904 28.770980241577227 28.378272923525415 28.175368905067444
35.32423345093753 35.18089795207387 35.03756245321022 34.894226954346564 34.75089145548291 34.60755595661925 34.4642204577556 34.390161871910095 34.390161871910095 34.390161871910095 34.390161871910095 34.390161871910095 34.390161871910095 34.390161871910095 34.390161871910095 34.390161871910095 34.390161871910095 34.390161871910095 34.390161871910095 34.32965402846865 34.204461932637685 34.0792698368065 33.954077740975535 33.82888564514457 33.70369354931359 33.57850145348262 33.453309357651655 33.32811726182069 33.20292516598972 33.07773307015875 32.95254097432778 32.698053422096024 32.30534610404421 31.9126387859924 31.51993146793992 31.127224149888104 30.73451683183629 30.34180951378448 29.949102195732664 29.55639487768085 29.16368755962904 28.770980241577227 28.378272923525415 28.175368905067444
35.32423345093753 35.18089795207387 35.03756245321022 34.894226954346564 34.75089145548291 34.60755595661925 34.4642204577556 34.390161871910095 34.390161871910095 34.390161871910095 34.390161871910095 34.390161871910095 34.390161871910095 34.390161871910095 34.390161871910095 34.390161871910095 34.390161871910095 34.390161871910095 34.390161871910095 34.32965402846865 34.204461932637685 34.0792698368065 33.954077740975535 33.82888564514457 33.70369354931359 33.57850145348262 33.453309357651655 33.32811726182069 33.20292516598972 33.07773307015875 32.95254097432778 32.698053422096024 32.30534610404421 31.9126387859924 31.51993146793992 31.127224149888104 30.73451683183629 30.34180951378448 29.949102195732664 29.55639487768085 29.16368755962904 28.770980241577227 28.378272923525415 28.175368905067444
35.32423345093753 35.18089795207387 35.03756245321022 34.894226954346564 34.75089145548291 34.60755595661925 34.4642204577556 34.390161871910095 34.390161871910095 34.390161871910095 34.390161871910095 34.390161871910095 34.390161871910095 34.390161871910095 34.390161871910095 34.390161871910095 34.390161871910095 34.390161871910095 34.390161871910095 34.32965402846865 34.204461932637685 34.0792698368065 33.954077740975535 33.82888564514457 33.70369354931359 33.57850145348262 33.453309357651655 33.32811726182069 33.20292516598972 33.07773307015875 32.95254097432778 32.698053422096024 32.30534610404421 31.9126387859924 31.51993146793992 31.127224149888104 30.73451683183629 30.34180951378448 29.949102195732664 29.55639487768085 29.16368755962904 28.770980241577227 28.378272923525415 28.175368905067444
35.32423345093753 35.18089795207387 35.03756245321022 34.894226954346564 34.75089145548291 34.60755595661925 34.4642204577556 34.390161871910095 34.390161871910095 34.390161871910095 34.390161871910095 34.390161871910095 34.390161871910095 34.390161871910095 34.390161871910095 34.390161871910095 34.390161871910095 34.390161871910095 34.390161871910095 34.32965402846865 34.204461932637685 34.0792698368065 33.954077740975535 33.82888564514457 33.70369354931359 33.57850145348262 33.453309357651655 33.32811726182069 33.20292516598972 33.07773307015875 32.95254097432778 32.698053422096024 32.30534610404421 31.9126387859924 31.51993146793992 31.127224149888104 30.73451683183629 30.34180951378448 29.949102195732664 29.55639487768085 29.16368755962904 28.770980241577227 28.378272923525415 28.175368905067444
35.32423345093753 35.18089795207387 35.03756245321022 34.894226954346564 34.75089145548291 34.60755595661925 34.4642204577556 34.390161871910095 34.390161871910095 34.390161871910095 34.390161871910095 34.390161871910095 34.390161871910095 34.390161871910095 34.390161871910095 34.390161871910095 34.390161871910095 34.390161871910095 34.390161871910095 34.32965402846865 34.204461932637685 34.0792698368065 33.954077740975535 33.82888564514457 33.70369354931359 33.57850145348262 33.453309357651655 33.32811726182069 33.20292516598972 33.07773307015875 32.95254097432778 32.698053422096024 32.30534610404421 31.9126387859924 31.51993146793992 31.127224149888104 30.73451683183629 30.34180951378448 29.949102195732664 29.55639487768085 29.16368755962904 28.770980241577227 28.378272923525415 28.175368905067444
35.32423345093753 35.18089795207387 35.03756245321022 34.894226954346564 34.75089145548291 34.60755595661925 34.4642204577556 34.390161871910095 34.390161871910095 34.390161871910095 34.390161871910095 34.390161871910095 34.390161871910095 34.390161871910095 34.390161871910095 34.390161871910095 34.390161871910095 34.390161871910095 34.390161871910095 34.32965402846865 34.204461932637685 34.0792698368065 33.954077740975535 33.82888564514457 33.70369354931359 33.57850145348262 33.453309357651655 33.32811726182069 33.20292516598972 33.07773307015875 32.95254097432778 32.698053422096024 32.30534610404421 31.9126387859924 31.51993146793992 31.127224149888104 30.73451683183629 30.34180951378448 29.949102195732664 29.55639487768085 29.16368755962904 28.770980241577227 28.378272923525415 28.175368905067444
35.32423345093753 35.18089795207387 35.03756245321022 34.894226954346564 34.75089145548291 34.60755595661925 34.4642204577556 34.390161871910095 34.390161871910095 34.390161871910095 34.390161871910095 34.390161871910095 34.390161871910095 34.390161871910095 34.390161871910095 34.390161871910095 34.390161871910095 34.390161871910095 34.390161871910095 34.32965402846865 34.204461932637685 34.0792698368065 33.954077740975535 33.82888564514457 33.70369354931359 33.57850145348262 33.453309357651655 33.32811726182069 33.20292516598972 33.07773307015875 32.95254097432778 32.698053422096024 32.30534610404421 31.9126387859924 31.51993146793992 31.127224149888104 30.73451683183629 30.34180951378448 29.949102195732664 29.55639487768085 29.16368755962904 28.770980241577227 28.378272923525415 28.175368905067444
35.580848044856324 35.44872088378885 35.31659372272137 35.1844665616539 35.05233940058642 34.920212239518946 34.788085078451466 34.719817616601375 34.719817616601375 34.719817616601375 34.719817616601375 34.719817616601375 34.719817616601375 34.719817616601375 34.719817616601375 34.719817616601375 34.719817616601375 34.719817616601375 34.719817616601375 34.63858707935336 34.470519261610086 34.30245144386653 34.13438362612326 33.96631580837999 33.79824799063672 33.630180172893446 33.46211235515018 33.29404453740691 33.12597671966364 32.95790890192037 32.7898410841771 32.50937634381098 32.10875675225141 31.70813716069184 31.30751756913159 30.906897977572022 30.506278386012458 30.10565879445289 29.70503920289332 29.304419611333753 28.903800019774184 28.50318042821462 28.10256083665505 27.895568704693552
36.11176746413541 36.00282964745773 35.893891830780056 35.784954014102375 35.676016197424694 35.56707838074702 35.45814056406934 35.40185457272591 35.40185457272591 35.40185457272591 35.40185457272591 35.40185457272591 35.40185457272591 35.40185457272591 35.40185457272591 35.40185457272591 35.40185457272591 35.40185457272591 35.40185457272591 35.277750088234015 35.02097510449825 34.76420012076205 34.50742513702629 34.25065015329052 33.99387516955476 33.737100185818996 33.480325202083236 33.22355021834747 32.96677523461171 32.71000025087594 32.45322526714018 32.11901536197971 31.702025775277765 31.28503618857582 30.86804660187316 30.451057015171212 30.034067428469267 29.61707784176732 29.200088255065374 28.783098668363426 28.366109081661477 27.949119494959533 27.532129908257584 27.31667972714894
36.642686883414044 36.55693841112614 36.471189938838236 36.38544146655033 36.299692994262436 36.21394452197453 36.12819604968663 36.083891528849854 36.083891528849854 36.083891528849854 36.083891528849854 36.083891528849854 36.083891528849854 36.083891528849854 36.083891528849854 36.083891528849854 36.083891528849854 36.083891528849854 36.083891528849854 35.91691309711411 35.571430947385934 35.22594879765717 34.88046664792898 34.53498449820081 34.18950234847263 33.844020198744445 33.49853804901627 33.15305589928809 32.80757374955991 32.46209159983173 32.11660945010355 31.728654380148782 31.295294798304468 30.861935216460157 30.428575634615108 29.995216052770793 29.561856470926482 29.12849688908217 28.695137307237857 28.261777725393546 27.828418143549236 27.39505856170492 26.96169897986061 26.737790749604827
37.17360630269267 37.11104717479455 37.04848804689642 36.9859289189983 36.92336979110017 36.860810663202045 36.79825153530392 36.7659284849738 36.7659284849738 36.7659284849738 36.7659284849738 36.7659284849738 36.7659284849738 36.7659284849738 36.7659284849738 36.7659284849738 36.7659284849738 36.7659284849738 36.7659284849738 36.556076105994215 36.12188679027362 35.68769747455228 35.253508158831686 34.81931884311109 34.3851295273905 33.9509402116699 33.5167508959493 33.082561580228706 32.64837226450811 32.21418294878752 31.779993633066923 31.338293398317848 30.88856382133117 30.438834244344495 29.98910466735705 29.539375090370374 29.089645513383697 28.63991593639702 28.190186359410344 27.740456782423664 27.290727205436987 26.84099762845031 26.391268051463634 26.158901772060712
37.7045257219713 37.66515593846295 37.6257861549546 37.586416371446255 37.547046587937906 37.50767680442956 37.468307020921216 37.44796544109774 37.44796544109774 37.44796544109774 37.44796544109774 37.44796544109774 37.44796544109774 37.44796544109774 37.44796544109774 37.44796544109774 37.44796544109774 37.44796544109774 37.44796544109774 37.19523911487431 36.6723426331613 36.1494461514474 35.62654966973439 35.103653188021376 34.580756706308364 34.05786022459535 33.53496374288234 33.01206726116933 32.489170779456316 31.966274297743308 31.443377816030296 30.94793241648692 30.48183284435788 30.015733272228836 29.549633700099 29.083534127969955 28.617434555840916 28.151334983711873 27.68523541158283 27.219135839453788 26.753036267324745 26.286936695195703 25.82083712306666 25.5800127945166
38.235445141249926 38.219264702131355 38.203084263012784 38.18690382389422 38.17072338477565 38.15454294565708 38.138362506538506 38.13000239722169 38.13000239722169 38.13000239722169 38.13000239722169 38.13000239722169 38.13000239722169 38.13000239722169 38.13000239722169 38.13000239722169 38.13000239722169 38.13000239722169 38.13000239722169 37.834402123754415 37.222798476048986 36.61119482834252 35.99959118063709 35.38798753293166 34.77638388522623 34.1647802375208 33.55317658981538 32.94157294210995 32.32996929440452 31.71836564669909 31.106761998993665 30.55757143465599 30.075101867384582 29.592632300113173 29.110162732840944 28.627693165569536 28.145223598298127 27.66275403102672 27.180284463755314 26.697814896483905 26.215345329212496 25.732875761941088 25.25040619466968 25.00112381697248
38.76636456052856 38.773373465799764 38.78038237107097 38.78739127634218 38.79440018161338 38.80140908688459 38.808417992155796 38.81203935334563 38.81203935334563 38.81203935334563 38.81203935334563 38.81203935334563 38.81203935334563 38.81203935334563 38.81203935334563 38.81203935334563 38.81203935334563 38.81203935334563 38.81203935334563 38.47356513263451 37.77325431893667 37.07294350523763 36.37263269153979 35.672321877841945 34.9720110641441 34.27170025044626 33.57138943674841 32.87107862305057 32.170767809352725 31.47045699565488 30.77014618195704 30.167210452825064 29.66837089041129 29.169531327997515 28.67069176558289 28.171852203169117 27.673012640755346 27.17417307834157 26.675333515927797 26.176493953514026 25.67765439110025 25.178814828686477 24.679975266272706 24.422234839428366
39.29728397980764 39.32748222946864 39.35768047912965 39.38787872879065 39.41807697845165 39.44827522811266 39.47847347777366 39.49407630947016 39.49407630947016 39.49407630947016 39.49407630947016 39.49407630947016 39.49407630947016 39.49407630947016 39.49407630947016 39.49407630947016 39.49407630947016 39.49407630947016 39.49407630947016 39.11272814151516 38.32371016182483 37.53469218213314 36.74567420244281 35.95665622275247 35.167638243062136 34.3786202633718 33.589602283681465 32.80058430399113 32.011566324300794 31.22254834461046 30.433530364920124 29.776849470993795 29.261639913437644 28.746430355881493 28.23122079832446 27.71601124076831 27.200801683212156 26.685592125656004 26.170382568099853 25.6551730105437 25.139963452987548 24.624753895431397 24.109544337875242 23.84334586188376
39.82820339908627 39.88159099313705 39.93497858718783 39.98836618123861 40.04175377528939 40.09514136934017 40.14852896339095 40.176113265594104 40.176113265594104 40.176113265594104 40.176113265594104 40.176113265594104 40.176113265594104 40.176113265594104 40.176113265594104 40.176113265594104 40.176113265594104 40.176113265594104 40.176113265594104 39.75189115039526 38.874166004712514 37.99644085902826 37.11871571334551 36.240990567662756 35.36326542198 34.48554027629725 33.6078151306145 32.73008998493175 31.852364839248995 30.974639693566246 30.096914547883493 29.386488489162865 28.854908936464348 28.32332938376583 27.791749831066408 27.260170278367887 26.72859072566937 26.197011172970853 25.665431620272336 25.13385206757382 24.602272514875303 24.070692962176786 23.53911340947827 23.264456884339644
40.3591228183649 40.435699756805455 40.512276695246015 40.588853633686576 40.665430572127136 40.74200751056769 40.81858444900825 40.858150221718056 40.858150221718056 40.858150221718056 40.858150221718056 40.858150221718056 40.858150221718056 40.858150221718056 40.858150221718056 40.858150221718056 40.858150221718056 40.858150221718056 40.858150221718056 40.39105415927537 39.4246218476002 38.45818953592338 37.49175722424822 36.52532491257305 35.55889260089788 34.59246028922271 33.62602797754754 32.659595665872374 31.693163354197203 30.726731042522033 29.760298730846863 28.996127507331938 28.448177959491055 27.900228411650172 27.352278863808355 26.804329315967472 26.256379768126585 25.708430220285702 25.16048067244482 24.612531124603937 24.064581576763054 23.51663202892217 22.968682481081288 22.685567906795526
40.89004223764353 40.989808520473865 41.0895748033042 41.18934108613453 41.28910736896487 41.38887365179521 41.48863993462554 41.540187177842 41.540187177842 41.540187177842 41.540187177842 41.540187177842 41.540187177842 41.540187177842 41.540187177842 41.540187177842 41.540187177842 41.540187177842 41.540187177842 41.030217168155474 39.975077690487886 38.9199382128185 37.86479873515091 36.80965925748333 35.754519779815745 34.699380302148164 33.644240824480576 32.58910134681299 31.533961869145408 30.47882239147782 29.423682913810236 28.605766525501007 28.04144698251776 27.47712743953451 26.912807896550298 26.34848835356705 25.784168810583804 25.219849267600555 24.655529724617306 24.091210181634057 23.52689063865081 22.962571095667563 22.398251552684314 22.106678929251412
