Figures/CREST_Example_wjb_NSE/Rolling_result/20100722/BJP_forecast/ens_9/wjb.rain.20100210.asc
ncols            288
nrows            254
xllcorner        113.274861
yllcorner        31.4918055
cellsize         0.008333333333
NODATA_value     -9999
[rows 180 to 199 of 254, columns 225 to 269 of 288]
5.684876429046485 5.6243789296405895 5.563881430234694 5.503383930828799 5.442886431422904 5.382388932017008 5.351131083464891 5.351131083464891 5.351131083464891 5.351131083464891 5.351131083464891 5.351131083464891 5.351131083464891 5.351131083464891 5.351131083464891 5.351131083464891 5.351131083464891 5.351131083464891 5.222082825279067 4.955079058041521 4.688075290803976 4.421071523566431 4.15406775632843 3.8870639890908842 3.6200602218533384 3.353056454615793 3.0860526873782477 2.819048920140702 2.5520451529031565 2.285041385665611 -9999.0 -9999.0 -9999.0 -9999.0 -9999.0 -9999.0 -9999.0 -9999.0 -9999.0 -9999.0 -9999.0 -9999.0 -9999.0 -9999.0 -9999.0
5.624422555665293 5.568266355392732 5.512110155120171 5.45595395484761 5.399797754575048 5.343641554302486 5.3146267682267 5.3146267682267 5.3146267682267 5.3146267682267 5.3146267682267 5.3146267682267 5.3146267682267 5.3146267682267 5.3146267682267 5.3146267682267 5.3146267682267 5.3146267682267 5.188835304308051 4.928569918127932 4.668304531947814 4.408039145767695 4.147773759587134 3.887508373407015 3.6272429872268965 3.366977601046778 3.10671221486666 2.8464468286865414 2.5861814425064233 -9999.0 -9999.0 -9999.0 -9999.0 -9999.0 -9999.0 -9999.0 -9999.0 -9999.0 -9999.0 -9999.0 -9999.0 -9999.0 -9999.0 -9999.0 -9999.0
5.52300194878738 5.471473029447712 5.419944110108044 5.368415190768376 5.316886271428707 5.2653573520890395 5.238733389568422 5.238733389568422 5.238733389568422 5.238733389568422 5.238733389568422 5.238733389568422 5.238733389568422 5.238733389568422 5.238733389568422 5.238733389568422 5.238733389568422 5.238733389568422 5.118425368610883 4.869505350036893 4.620585331462903 4.371665312888912 4.122745294314497 3.873825275740507 3.6249052571665166 3.375985238592526 3.1270652200185354 2.878145201444545 -9999.0 -9999.0 -9999.0 -9999.0 -9999.0 -9999.0 -9999.0 -9999.0 -9999.0 -9999.0 -9999.0 -9999.0 -9999.0 -9999.0 -9999.0 -9999.0 -9999.0
5.42158134190938 5.374679703502609 5.327778065095838 5.280876426689067 5.233974788282296 5.187073149875525 5.162840010910079 5.162840010910079 5.162840010910079 5.162840010910079 5.162840010910079 5.162840010910079 5.162840010910079 5.162840010910079 5.162840010910079 5.162840010910079 5.162840010910079 5.162840010910079 5.0480154329136555 4.810440781945803 4.57286613097795 4.335291480010097 4.09771682904184 3.8601421780739864 3.622567527106134 3.3849928761382815 3.1474182251704286 2.9098435742025757 2.672268923234723 -9999.0 -9999.0 -9999.0 -9999.0 -9999.0 -9999.0 -9999.0 -9999.0 -9999.0 -9999.0 -9999.0 -9999.0 -9999.0 -9999.0 -9999.0 -9999.0
5.320160735031466 5.277886377557588 5.235612020083711 5.193337662609833 5.151063305135955 5.108788947662077 5.086946632251801 5.086946632251801 5.086946632251801 5.086946632251801 5.086946632251801 5.086946632251801 5.086946632251801 5.086946632251801 5.086946632251801 5.086946632251801 5.086946632251801 5.086946632251801 4.977605497216488 4.751376213854764 4.5251469304930385 4.298917647131314 4.0726883637692035 3.8464590804074787 3.620229797045754 3.394000513684029 3.1677712303223045 2.9415419469605797 2.715312663598855 -9999.0 -9999.0 -9999.0 -9999.0 -9999.0 -9999.0 -9999.0 -9999.0 -9999.0 -9999.0 -9999.0 -9999.0 -9999.0 -9999.0 -9999.0 -9999.0
5.218740128153553 5.181093051612568 5.143445975071584 5.105798898530599 5.0681518219896144 5.03050474544863 5.0110532535935235 5.0110532535935235 5.0110532535935235 5.0110532535935235 5.0110532535935235 5.0110532535935235 5.0110532535935235 5.0110532535935235 5.0110532535935235 5.0110532535935235 5.0110532535935235 5.0110532535935235 4.907195561519321 4.6923116457637235 4.477427730008127 4.26254381425253 4.047659898496567 3.83277598274097 3.6178920669853736 3.403008151229777 3.18812423547418 2.9732403197185833 2.758356403962986 -9999.0 -9999.0 -9999.0 -9999.0 -9999.0 -9999.0 -9999.0 -9999.0 -9999.0 -9999.0 -9999.0 -9999.0 -9999.0 -9999.0 -9999.0 -9999.0
5.11731952127564 5.084299725667548 5.051279930059457 5.018260134451365 4.9852403388432736 4.952220543235183 4.935159874935246 4.935159874935246 4.935159874935246 4.935159874935246 4.935159874935246 4.935159874935246 4.935159874935246 4.935159874935246 4.935159874935246 4.935159874935246 4.935159874935246 4.935159874935246 4.836785625822153 4.633247077672684 4.429708529523216 4.226169981373747 4.022631433223931 3.819092885074462 3.615554336924993 3.4120157887755247 3.2084772406260558 -9999.0 -9999.0 -9999.0 -9999.0 -9999.0 -9999.0 -9999.0 -9999.0 -9999.0 -9999.0 -9999.0 -9999.0 -9999.0 -9999.0 -9999.0 -9999.0 -9999.0 -9999.0
5.015898914397726 4.987506399722528 4.95911388504733 4.930721370372131 4.9023288556969336 4.873936341021735 4.859266496276968 4.859266496276968 4.859266496276968 4.859266496276968 4.859266496276968 4.859266496276968 4.859266496276968 4.859266496276968 4.859266496276968 4.859266496276968 4.859266496276968 4.859266496276968 4.766375690124986 4.574182509581645 4.381989329038304 4.189796148494963 3.9976029679512948 3.805409787407954 3.613216606864613 3.4210234263212724 -9999.0 -9999.0 -9999.0 -9999.0 -9999.0 -9999.0 -9999.0 -9999.0 -9999.0 -9999.0 -9999.0 -9999.0 -9999.0 -9999.0 -9999.0 -9999.0 -9999.0 -9999.0 -9999.0
4.914478307519813 4.8907130737775075 4.866947840035203 4.843182606292897 4.819417372550593 4.795652138808287 4.78337311761869 4.78337311761869 4.78337311761869 4.78337311761869 4.78337311761869 4.78337311761869 4.78337311761869 4.78337311761869 4.78337311761869 4.78337311761869 4.78337311761869 4.78337311761869 4.695965754427818 4.5151179414906055 4.334270128553393 4.15342231561618 3.9725745026786585 3.791726689741446 3.6108788768042333 3.43003106386702 -9999.0 -9999.0 -9999.0 -9999.0 -9999.0 -9999.0 -9999.0 -9999.0 -9999.0 -9999.0 -9999.0 -9999.0 -9999.0 -9999.0 -9999.0 -9999.0 -9999.0 -9999.0 -9999.0
4.813057700641813 4.793919747832405 4.774781795022997 4.755643842213589 4.736505889404181 4.717367936594773 4.707479738960347 4.707479738960347 4.707479738960347 4.707479738960347 4.707479738960347 4.707479738960347 4.707479738960347 4.707479738960347 4.707479738960347 4.707479738960347 4.707479738960347 4.707479738960347 4.625555818730591 4.456053373399516 4.286550928068441 4.117048482737365 3.947546037406001 3.7780435920749262 3.6085411467438506 3.439038701412776 -9999.0 -9999.0 -9999.0 -9999.0 -9999.0 -9999.0 -9999.0 -9999.0 -9999.0 -9999.0 -9999.0 -9999.0 -9999.0 -9999.0 -9999.0 -9999.0 -9999.0 -9999.0 -9999.0
4.711637093763899 4.6971264218873845 4.68261575001087 4.668105078134355 4.653594406257841 4.639083734381326 4.6315863603020695 4.6315863603020695 4.6315863603020695 4.6315863603020695 4.6315863603020695 4.6315863603020695 4.6315863603020695 4.6315863603020695 4.6315863603020695 4.6315863603020695 4.6315863603020695 4.6315863603020695 4.555145883033424 4.396988805308476 4.238831727583529 4.080674649858582 3.9225175721333647 3.7643604944084177 3.6062034166834707 3.448046338958523 3.2898892612335757 -9999.0 -9999.0 -9999.0 -9999.0 -9999.0 -9999.0 -9999.0 -9999.0 -9999.0 -9999.0 -9999.0 -9999.0 -9999.0 -9999.0 -9999.0 -9999.0 -9999.0 -9999.0
4.610216486885986 4.600333095942364 4.5904497049987425 4.580566314055122 4.5706829231115 4.560799532167878 4.555692981643792 4.555692981643792 4.555692981643792 4.555692981643792 4.555692981643792 4.555692981643792 4.555692981643792 4.555692981643792 4.555692981643792 4.555692981643792 4.555692981643792 4.555692981643792 4.484735947336256 4.337924237217437 4.191112527098618 4.044300816979798 3.897489106860729 3.7506773967419096 3.6038656866230903 3.4570539765042714 3.310242266385452 -9999.0 -9999.0 -9999.0 -9999.0 -9999.0 -9999.0 -9999.0 -9999.0 -9999.0 -9999.0 -9999.0 -9999.0 -9999.0 -9999.0 -9999.0 -9999.0 -9999.0 -9999.0
4.508795880008072 4.503539769997344 4.498283659986615 4.493027549975888 4.487771439965159 4.48251532995443 4.479799602985514 4.479799602985514 4.479799602985514 4.479799602985514 4.479799602985514 4.479799602985514 4.479799602985514 4.479799602985514 4.479799602985514 4.479799602985514 4.479799602985514 4.479799602985514 4.414326011639089 4.278859669126398 4.143393326613706 4.007926984101015 3.8724606415880927 3.736994299075401 3.60152795656271 3.4660616140500187 3.3305952715373275 -9999.0 -9999.0 -9999.0 -9999.0 -9999.0 -9999.0 -9999.0 -9999.0 -9999.0 -9999.0 -9999.0 -9999.0 -9999.0 -9999.0 -9999.0 -9999.0 -9999.0 -9999.0
4.664977708083192 4.673283530552048 4.681589353020905 4.689895175489761 4.698200997958618 4.706506820427475 4.710798272857441 4.710798272857441 4.710798272857441 4.710798272857441 4.710798272857441 4.710798272857441 4.710798272857441 4.710798272857441 4.710798272857441 4.710798272857441 4.710798272857441 4.710798272857441 4.640985533753888 4.496541396313618 4.352097258873348 4.2076531214330775 4.063208983992562 3.9187648465522917 3.7743207091120214 3.6298765716717516 3.4854324342314813 3.3409882967912115 -9999.0 -9999.0 -9999.0 -9999.0 -9999.0 -9999.0 -9999.0 -9999.0 -9999.0 -9999.0 -9999.0 -9999.0 -9999.0 -9999.0 -9999.0 -9999.0 -9999.0
5.096520302374636 5.127938636673085 5.159356970971533 5.190775305269982 5.22219363956843 5.253611973866879 5.26984519912255 5.26984519912255 5.26984519912255 5.26984519912255 5.26984519912255 5.26984519912255 5.26984519912255 5.26984519912255 5.26984519912255 5.26984519912255 5.26984519912255 5.26984519912255 5.185193581904519 5.010047469762359 4.8349013576202 4.659755245478039 4.484609133335581 4.30946302119342 4.13431690905126 3.9591707969091003 3.7840246847669405 3.6088785726247803 -9999.0 -9999.0 -9999.0 -9999.0 -9999.0 -9999.0 -9999.0 -9999.0 -9999.0 -9999.0 -9999.0 -9999.0 -9999.0 -9999.0 -9999.0 -9999.0 -9999.0
5.528062896665898 5.582593742793928 5.637124588921958 5.691655435049989 5.746186281178018 5.800717127306049 5.828892125387419 5.828892125387419 5.828892125387419 5.828892125387419 5.828892125387419 5.828892125387419 5.828892125387419 5.828892125387419 5.828892125387419 5.828892125387419 5.828892125387419 5.828892125387419 5.729401630054919 5.523553543210881 5.317705456366844 5.111857369522808 4.906009282678419 4.700161195834382 4.494313108990346 4.288465022146308 4.082616935302271 3.8767688484582346 -9999.0 -9999.0 -9999.0 -9999.0 -9999.0 -9999.0 -9999.0 -9999.0 -9999.0 -9999.0 -9999.0 -9999.0 -9999.0 -9999.0 -9999.0 -9999.0 -9999.0
5.959605490957159 6.037248848914771 6.114892206872383 6.192535564829996 6.270178922787608 6.34782228074522 6.38793905165229 6.38793905165229 6.38793905165229 6.38793905165229 6.38793905165229 6.38793905165229 6.38793905165229 6.38793905165229 6.38793905165229 6.38793905165229 6.38793905165229 6.38793905165229 6.273609678205318 6.037059616659404 5.80050955511349 5.563959493567576 5.327409432021259 5.090859370475345 4.85430930892943 4.617759247383517 4.381209185837603 4.144659124291689 -9999.0 -9999.0 -9999.0 -9999.0 -9999.0 -9999.0 -9999.0 -9999.0 -9999.0 -9999.0 -9999.0 -9999.0 -9999.0 -9999.0 -9999.0 -9999.0 -9999.0
6.391148085248605 6.491903955035808 6.592659824823012 6.693415694610216 6.79417156439742 6.894927434184623 6.946985977917398 6.946985977917398 6.946985977917398 6.946985977917398 6.946985977917398 6.946985977917398 6.946985977917398 6.946985977917398 6.946985977917398 6.946985977917398 6.946985977917398 6.946985977917398 6.817817726355949 6.5505656901081455 6.283313653860342 6.016061617612538 5.748809581364277 5.481557545116473 5.214305508868669 4.9470534726208655 4.679801436373062 4.412549400125258 -9999.0 -9999.0 -9999.0 -9999.0 -9999.0 -9999.0 -9999.0 -9999.0 -9999.0 -9999.0 -9999.0 -9999.0 -9999.0 -9999.0 -9999.0 -9999.0 -9999.0
6.822690679539865 6.946559061156651 7.070427442773436 7.194295824390222 7.318164206007008 7.442032587623793 7.506032904182268 7.506032904182268 7.506032904182268 7.506032904182268 7.506032904182268 7.506032904182268 7.506032904182268 7.506032904182268 7.506032904182268 7.506032904182268 7.506032904182268 7.506032904182268 7.362025774506348 7.064071763556667 6.766117752606986 6.468163741657305 6.170209730707116 5.872255719757435 5.574301708807754 5.276347697858073 -9999.0 -9999.0 -9999.0 -9999.0 -9999.0 -9999.0 -9999.0 -9999.0 -9999.0 -9999.0 -9999.0 -9999.0 -9999.0 -9999.0 -9999.0 -9999.0 -9999.0 -9999.0 -9999.0
7.254233273831127 7.4012141672774945 7.548195060723861 7.695175954170229 7.842156847616597 7.989137741062963 8.065079830447138 8.065079830447138 8.065079830447138 8.065079830447138 8.065079830447138 8.065079830447138 8.065079830447138 8.065079830447138 8.065079830447138 8.065079830447138 8.065079830447138 8.065079830447138 7.9062338226567475 7.577577837005189 7.248921851353631 6.920265865702073 6.591609880049955 6.262953894398398 5.9342979087468395 5.605641923095281 -9999.0 -9999.0 -9999.0 -9999.0 -9999.0 -9999.0 -9999.0 -9999.0 -9999.0 -9999.0 -9999.0 -9999.0 -9999.0 -9999.0 -9999.0 -9999.0 -9999.0 -9999.0 -9999.0
