Figures/CREST_Example_wjb_NSE/Rolling_result/20100722/BJP_forecast/ens_9/wjb.rain.20100727.asc
ncols            288
nrows            254
xllcorner        113.274861
yllcorner        31.4918055
cellsize         0.008333333333
NODATA_value     -9999
[rows 156 to 181 of 254, columns 0 to 56 of 288]
-9999.0 -9999.0 -9999.0 -9999.0 -9999.0 -9999.0 -9999.0 -9999.0 0.12466864923184581 0.12466864923184581 0.12466864923184581 0.12466864923184581 0.12466864923184581 0.12466864923184581 0.12466864923184581 0.0018564993200760494 0.005697638363324929 0.00953877740657381 0.013379916449822688 0.01722105549307157 0.02106219453632045 0.024903333579569326 0.028744472622818207 0.032585611666067084 0.03642675070931597 0.040267889752564845 0.04410902879582028 0.04490560121453561 0.042447463109444965 0.039989325004354315 0.03753118689926367 0.03507304879417302 0.03261491068908237 0.03015677258399173 0.027698634478901082 0.025240496373810435 0.022782358268719785 0.02032422016362914 0.017866082058538492 0.030166997129560582 0.05824567360636867 0.08632435008317677 0.11440302655998486 0.14248170303679292 0.17056037951360103 0.1986390559904091 0.22671773246721721 0.2547964089440253 0.2828750854208334 0.31095376189764146 0.3390324383744496 0.35057910134266945 0.34445266820591763 0.3383262350691762 0.33219980193243476 0.3260733687956934 0.31994693565895194
-9999.0 -9999.0 -9999.0 -9999.0 -9999.0 -9999.0 -9999.0 -9999.0 -9999.0 0.12466864923184581 -9999.0 -9999.0 -9999.0 0.12466864923184581 0.12466864923184581 0.12466864923184581 0.12466864923184581 0.12466864923184581 0.12466864923184581 0.12466864923184581 0.12466864923184581 0.12466864923184581 0.12466864923184581 0.12466864923184581 0.12466864923184581 0.12466864923184581 0.12466864923184581 0.12466864923184581 0.12466864923184581 0.12466864923184581 0.12466864923184581 0.12466864923184581 0.12466864923184581 0.12466864923184581 0.12466864923184581 0.12466864923184581 0.12466864923184581 0.12466864923184581 0.12466864923184581 0.014224804620947227 0.04365624686796854 0.07308768911498985 0.10251913136201117 0.13195057360903248 0.1613820158560538 0.1908134581030751 0.22024490035009642 0.24967634259711774 0.27910778484413906 0.3085392270911604 0.33797066933818165 0.3499536391497272 0.34328379754922506 0.3366139559487342 0.3299441143482434 0.3232742727477526 0.3166044311472618
-9999.0 -9999.0 -9999.0 -9999.0 -9999.0 -9999.0 -9999.0 -9999.0 -9999.0 -9999.0 -9999.0 -9999.0 -9999.0 -9999.0 0.12466864923184581 0.12466864923184581 0.12466864923184581 0.12466864923184581 0.12466864923184581 0.12466864923184581 0.12466864923184581 0.12466864923184581 0.12466864923184581 0.12466864923184581 0.12466864923184581 0.12466864923184581 0.12466864923184581 0.12466864923184581 0.12466864923184581 0.12466864923184581 0.12466864923184581 0.12466864923184581 0.12466864923184581 0.12466864923184581 0.12466864923184581 0.12466864923184581 0.12466864923184581 0.12466864923184581 0.12466864923184581 0.013975780186990243 0.04289198525210262 0.07180819031721498 0.10072439538232736 0.12964060044743975 0.1585568055125521 0.1874730105776645 0.21638921564277686 0.24530542070788924 0.27422162577300163 0.30313783083811396 0.33205403590322635 0.3439552615497346 0.337667089617243 0.33137891768476213 0.32509074575228125 0.31880257381980037 0.3125144018873195
-9999.0 -9999.0 -9999.0 -9999.0 -9999.0 -9999.0 -9999.0 -9999.0 -9999.0 -9999.0 -9999.0 -9999.0 -9999.0 -9999.0 -9999.0 -9999.0 0.12466864923184581 0.12466864923184581 0.12466864923184581 0.12466864923184581 0.12466864923184581 0.12466864923184581 0.12466864923184581 0.12466864923184581 0.12466864923184581 0.12466864923184581 0.12466864923184581 0.12466864923184581 0.12466864923184581 0.12466864923184581 0.12466864923184581 0.12466864923184581 0.12466864923184581 0.12466864923184581 0.12466864923184581 0.12466864923184581 0.12466864923184581 0.12466864923184581 0.12466864923184581 0.013726755753033257 0.04212772363623669 0.07052869151944012 0.09892965940264355 0.127330627285847 0.1557315951690504 0.18413256305225384 0.21253353093545727 0.2409344988186607 0.26933546670186415 0.29773643458506754 0.326137402468271 0.337956883949742 0.332050381685261 0.32614387942079004 0.3202373771563191 0.3143308748918482 0.30842437262737726
-9999.0 -9999.0 -9999.0 -9999.0 -9999.0 -9999.0 -9999.0 -9999.0 -9999.0 -9999.0 -9999.0 -9999.0 -9999.0 -9999.0 -9999.0 -9999.0 -9999.0 0.12466864923184581 0.12466864923184581 0.12466864923184581 0.12466864923184581 0.12466864923184581 0.12466864923184581 0.12466864923184581 0.12466864923184581 0.12466864923184581 0.12466864923184581 0.12466864923184581 0.12466864923184581 0.12466864923184581 0.12466864923184581 0.12466864923184581 0.12466864923184581 0.12466864923184581 0.12466864923184581 0.12466864923184581 0.12466864923184581 0.12466864923184581 0.12466864923184581 0.013477731319076277 0.04136346202037077 0.06924919272166526 0.09713492342295975 0.12502065412425425 0.15290638482554875 0.18079211552684324 0.20867784622813773 0.23656357692943222 0.2644493076307267 0.2923350383320212 0.3202207690333157 0.33195850634974944 0.32643367375327903 0.320908841156818 0.31538400856035703 0.309859175963896 0.304334343367435
-9999.0 -9999.0 -9999.0 -9999.0 -9999.0 -9999.0 -9999.0 -9999.0 -9999.0 -9999.0 -9999.0 -9999.0 -9999.0 -9999.0 -9999.0 -9999.0 -9999.0 -9999.0 0.12466864923184581 0.12466864923184581 0.12466864923184581 0.12466864923184581 0.12466864923184581 0.12466864923184581 0.12466864923184581 0.12466864923184581 0.12466864923184581 0.12466864923184581 0.12466864923184581 0.12466864923184581 0.12466864923184581 0.12466864923184581 0.12466864923184581 0.12466864923184581 0.12466864923184581 0.12466864923184581 0.12466864923184581 0.12466864923184581 0.12466864923184581 0.013228706885119294 0.04059920040450485 0.06796969392389039 0.09534018744327595 0.12271068096266151 0.15008117448204705 0.1774516680014326 0.20482216152081817 0.23219265504020373 0.2595631485595893 0.2869336420789748 0.31430413559836035 0.3259601287497569 0.32081696582129704 0.31567380289284597 0.3105306399643949 0.3053874770359438 0.30024431410749275
-9999.0 -9999.0 -9999.0 -9999.0 -9999.0 -9999.0 -9999.0 -9999.0 -9999.0 -9999.0 -9999.0 -9999.0 -9999.0 -9999.0 -9999.0 -9999.0 -9999.0 -9999.0 -9999.0 0.12466864923184581 0.12466864923184581 0.12466864923184581 0.12466864923184581 0.12466864923184581 0.12466864923184581 0.12466864923184581 0.12466864923184581 0.12466864923184581 0.12466864923184581 0.12466864923184581 0.12466864923184581 0.12466864923184581 0.12466864923184581 0.12466864923184581 0.12466864923184581 0.12466864923184581 0.12466864923184581 0.12466864923184581 0.12466864923184581 0.012979682451162313 0.039834938788638925 0.06669019512611554 0.09354545146359217 0.12040070780106878 0.1472559641385454 0.174111220476022 0.20096647681349863 0.22782173315097523 0.25467698948845185 0.28153224582592845 0.3083875021634051 0.31996175114976433 0.31520025788931505 0.3104387646288739 0.30567727136843276 0.30091577810799164 0.29615428484755046
-9999.0 -9999.0 -9999.0 -9999.0 -9999.0 -9999.0 -9999.0 -9999.0 -9999.0 -9999.0 -9999.0 -9999.0 -9999.0 -9999.0 -9999.0 -9999.0 -9999.0 -9999.0 -9999.0 0.12466864923184581 0.12466864923184581 0.12466864923184581 0.12466864923184581 0.12466864923184581 0.12466864923184581 0.12466864923184581 0.12466864923184581 0.12466864923184581 0.12466864923184581 0.12466864923184581 0.12466864923184581 0.12466864923184581 0.12466864923184581 0.12466864923184581 0.12466864923184581 0.12466864923184581 0.12466864923184581 0.12466864923184581 0.12466864923184581 0.012730658017205115 0.03907067717277234 0.06541069632833958 0.09175071548390681 0.11809073463947405 0.14443075379504128 0.1707707729506085 0.19711079210617574 0.22345081126174296 0.2497908304173102 0.2761308495728774 0.30247086872844464 0.3139633735497666 0.30958354995732823 0.30520372636489734 0.30082390277246646 0.2964440791800356 0.29206425558760474
-9999.0 -9999.0 -9999.0 -9999.0 -9999.0 -9999.0 -9999.0 -9999.0 -9999.0 -9999.0 -9999.0 -9999.0 -9999.0 -9999.0 -9999.0 -9999.0 -9999.0 -9999.0 -9999.0 -9999.0 0.12466864923184581 0.12466864923184581 0.12466864923184581 0.12466864923184581 0.12466864923184581 0.12466864923184581 -9999.0 -9999.0 0.12466864923184581 0.12466864923184581 0.12466864923184581 0.12466864923184581 0.12466864923184581 0.12466864923184581 0.12466864923184581 0.12466864923184581 0.12466864923184581 0.12466864923184581 0.12466864923184581 0.012481633583248131 0.03830641555690642 0.06413119753056472 0.089955979504223 0.1157807614778813 0.14160554345153958 0.16743032542519787 0.19325510739885618 0.21907988937251446 0.24490467134617275 0.27072945331983106 0.29655423529348934 0.307964995949774 0.30396684202534624 0.2999686881009253 0.2959705341765043 0.2919723802520834 0.28797422632766245
-9999.0 -9999.0 -9999.0 -9999.0 -9999.0 -9999.0 -9999.0 -9999.0 -9999.0 -9999.0 -9999.0 -9999.0 -9999.0 -9999.0 -9999.0 -9999.0 -9999.0 -9999.0 -9999.0 -9999.0 -9999.0 -9999.0 -9999.0 -9999.0 -9999.0 -9999.0 -9999.0 0.12466864923184581 0.12466864923184581 0.12466864923184581 0.12466864923184581 0.12466864923184581 0.12466864923184581 0.12466864923184581 0.12466864923184581 0.12466864923184581 0.12466864923184581 0.12466864923184581 0.12466864923184581 0.01223260914929115 0.037542153941040504 0.06285169873278985 0.08816124352453922 0.11347078831628857 0.13878033310803792 0.16408987789978727 0.18939942269153665 0.214708967483286 0.24001851227503535 0.2653280570667847 0.29063760185853404 0.30196661834978145 0.29835013409336425 0.29473364983695327 0.29111716558054224 0.2875006813241312 0.2838841970677202
-9999.0 -9999.0 -9999.0 -9999.0 -9999.0 -9999.0 -9999.0 -9999.0 -9999.0 -9999.0 -9999.0 -9999.0 -9999.0 -9999.0 -9999.0 -9999.0 -9999.0 -9999.0 -9999.0 -9999.0 -9999.0 -9999.0 -9999.0 -9999.0 -9999.0 -9999.0 -9999.0 0.12466864923184581 0.12466864923184581 0.12466864923184581 0.12466864923184581 0.12466864923184581 0.12466864923184581 0.12466864923184581 0.12466864923184581 0.12466864923184581 0.12466864923184581 0.12466864923184581 0.12466864923184581 0.011983584715334165 0.036777892325174574 0.06157219993501498 0.08636650754485539 0.11116081515469581 0.13595512276453622 0.16074943037437664 0.18554373798421703 0.21033804559405744 0.23513235320389786 0.2599266608137383 0.2847209684235787 0.29596824074978884 0.29273342616138226 0.2894986115729812 0.2862637969845801 0.283028982396179 0.27979416780777794
-9999.0 -9999.0 -9999.0 -9999.0 -9999.0 -9999.0 -9999.0 -9999.0 -9999.0 -9999.0 -9999.0 -9999.0 -9999.0 -9999.0 -9999.0 -9999.0 -9999.0 -9999.0 -9999.0 -9999.0 -9999.0 -9999.0 -9999.0 -9999.0 -9999.0 -9999.0 -9999.0 0.12466864923184581 0.12466864923184581 0.12466864923184581 0.12466864923184581 0.12466864923184581 0.12466864923184581 0.12466864923184581 0.12466864923184581 0.12466864923184581 0.12466864923184581 0.12466864923184581 0.12466864923184581 0.011734560281377182 0.03601363070930865 0.060292701137240126 0.0845717715651716 0.10885084199310306 0.13312991242103453 0.157408982848966 0.18168805327689747 0.20596712370482895 0.2302461941327604 0.2545252645606919 0.27880433498862334 0.2899698631497962 0.2871167182294002 0.2842635733090091 0.28141042838861796 0.2785572834682268 0.27570413854783565
-9999.0 -9999.0 -9999.0 -9999.0 -9999.0 -9999.0 -9999.0 -9999.0 -9999.0 -9999.0 -9999.0 -9999.0 -9999.0 -9999.0 -9999.0 -9999.0 -9999.0 -9999.0 -9999.0 -9999.0 -9999.0 -9999.0 -9999.0 -9999.0 -9999.0 -9999.0 -9999.0 -9999.0 0.12466864923184581 0.12466864923184581 0.12466864923184581 0.12466864923184581 0.12466864923184581 0.12466864923184581 0.12466864923184581 0.12466864923184581 0.12466864923184581 0.12466864923184581 0.12466864923184581 0.011485535847420202 0.035249369093442735 0.05901320233946527 0.0827770355854878 0.10654086883151033 0.13030470207753286 0.1540685353235554 0.17783236856957793 0.20159620181560048 0.225360035061623 0.24912386830764555 0.2728877015536681 0.28397148554980367 0.2815000102974183 0.27902853504503705 0.2765570597926558 0.27408558454027465 0.2716141092878934
-9999.0 -9999.0 -9999.0 -9999.0 -9999.0 -9999.0 -9999.0 -9999.0 -9999.0 -9999.0 -9999.0 -9999.0 -9999.0 -9999.0 -9999.0 -9999.0 -9999.0 -9999.0 -9999.0 -9999.0 -9999.0 -9999.0 -9999.0 -9999.0 -9999.0 -9999.0 -9999.0 -9999.0 -9999.0 0.12466864923184581 0.12466864923184581 0.12466864923184581 0.12466864923184581 0.12466864923184581 0.12466864923184581 0.12466864923184581 0.12466864923184581 0.12466864923184581 0.12466864923184581 0.12466864923184581 0.12466864923184581 0.12466864923184581 0.12466864923184581 0.12466864923184581 0.12466864923184581 0.12466864923184581 0.12466864923184581 0.12466864923184581 0.12466864923184581 0.12466864923184581 0.12466864923184581 0.12466864923184581 0.12466864923184581 0.12466864923184581 0.12466864923184581 0.12466864923184581 0.12466864923184581
-9999.0 -9999.0 -9999.0 -9999.0 -9999.0 -9999.0 -9999.0 -9999.0 -9999.0 -9999.0 -9999.0 -9999.0 -9999.0 -9999.0 -9999.0 -9999.0 -9999.0 -9999.0 -9999.0 -9999.0 -9999.0 -9999.0 -9999.0 -9999.0 -9999.0 -9999.0 -9999.0 -9999.0 -9999.0 0.12466864923184581 0.12466864923184581 0.12466864923184581 0.12466864923184581 0.12466864923184581 0.12466864923184581 0.12466864923184581 0.12466864923184581 0.12466864923184581 0.12466864923184581 0.12466864923184581 0.12466864923184581 0.12466864923184581 0.12466864923184581 0.12466864923184581 0.12466864923184581 0.12466864923184581 0.12466864923184581 0.12466864923184581 0.12466864923184581 0.12466864923184581 0.12466864923184581 0.12466864923184581 0.12466864923184581 0.12466864923184581 0.12466864923184581 0.12466864923184581 0.12466864923184581
-9999.0 -9999.0 -9999.0 -9999.0 -9999.0 -9999.0 -9999.0 -9999.0 -9999.0 -9999.0 -9999.0 -9999.0 -9999.0 -9999.0 -9999.0 -9999.0 -9999.0 -9999.0 -9999.0 -9999.0 -9999.0 -9999.0 -9999.0 -9999.0 -9999.0 -9999.0 -9999.0 -9999.0 -9999.0 -9999.0 0.12466864923184581 0.12466864923184581 0.12466864923184581 0.12466864923184581 0.12466864923184581 0.12466864923184581 0.12466864923184581 0.12466864923184581 0.12466864923184581 0.12466864923184581 0.12466864923184581 0.12466864923184581 0.12466864923184581 0.12466864923184581 0.12466864923184581 0.12466864923184581 0.12466864923184581 0.12466864923184581 0.12466864923184581 0.12466864923184581 0.12466864923184581 0.12466864923184581 0.12466864923184581 0.12466864923184581 0.12466864923184581 0.12466864923184581 0.12466864923184581
-9999.0 -9999.0 -9999.0 -9999.0 -9999.0 -9999.0 -9999.0 -9999.0 -9999.0 -9999.0 -9999.0 -9999.0 -9999.0 -9999.0 -9999.0 -9999.0 -9999.0 -9999.0 -9999.0 -9999.0 -9999.0 -9999.0 -9999.0 -9999.0 -9999.0 -9999.0 -9999.0 -9999.0 -9999.0 -9999.0 0.12466864923184581 0.12466864923184581 0.12466864923184581 0.12466864923184581 0.12466864923184581 0.12466864923184581 0.12466864923184581 0.12466864923184581 0.12466864923184581 0.12466864923184581 0.12466864923184581 0.12466864923184581 0.12466864923184581 0.12466864923184581 0.12466864923184581 0.12466864923184581 0.12466864923184581 0.12466864923184581 0.12466864923184581 0.12466864923184581 0.12466864923184581 0.12466864923184581 0.12466864923184581 0.12466864923184581 0.12466864923184581 0.12466864923184581 0.12466864923184581
-9999.0 -9999.0 -9999.0 -9999.0 -9999.0 -9999.0 -9999.0 -9999.0 -9999.0 -9999.0 -9999.0 -9999.0 -9999.0 -9999.0 -9999.0 -9999.0 -9999.0 -9999.0 -9999.0 -9999.0 -9999.0 -9999.0 -9999.0 -9999.0 -9999.0 -9999.0 -9999.0 -9999.0 -9999.0 -9999.0 -9999.0 -9999.0 0.12466864923184581 0.12466864923184581 0.12466864923184581 0.12466864923184581 0.12466864923184581 0.12466864923184581 0.12466864923184581 0.12466864923184581 0.12466864923184581 0.12466864923184581 0.12466864923184581 0.12466864923184581 0.12466864923184581 0.12466864923184581 0.12466864923184581 0.12466864923184581 0.12466864923184581 0.12466864923184581 0.12466864923184581 0.12466864923184581 0.12466864923184581 0.12466864923184581 0.12466864923184581 0.12466864923184581 0.12466864923184581
-9999.0 -9999.0 -9999.0 -9999.0 -9999.0 -9999.0 -9999.0 -9999.0 -9999.0 -9999.0 -9999.0 -9999.0 -9999.0 -9999.0 -9999.0 -9999.0 -9999.0 -9999.0 -9999.0 -9999.0 -9999.0 -9999.0 -9999.0 -9999.0 -9999.0 -9999.0 -9999.0 -9999.0 -9999.0 -9999.0 -9999.0 -9999.0 -9999.0 0.12466864923184581 0.12466864923184581 0.12466864923184581 0.12466864923184581 0.12466864923184581 0.12466864923184581 0.12466864923184581 0.12466864923184581 0.12466864923184581 0.12466864923184581 0.12466864923184581 0.12466864923184581 0.12466864923184581 0.12466864923184581 0.12466864923184581 0.12466864923184581 0.12466864923184581 0.12466864923184581 0.12466864923184581 0.12466864923184581 0.12466864923184581 0.12466864923184581 0.12466864923184581 0.12466864923184581
-9999.0 -9999.0 -9999.0 -9999.0 -9999.0 -9999.0 -9999.0 -9999.0 -9999.0 -9999.0 -9999.0 -9999.0 -9999.0 -9999.0 -9999.0 -9999.0 -9999.0 -9999.0 -9999.0 -9999.0 -9999.0 -9999.0 -9999.0 -9999.0 -9999.0 -9999.0 -9999.0 -9999.0 -9999.0 -9999.0 -9999.0 -9999.0 -9999.0 0.12466864923184581 0.12466864923184581 0.12466864923184581 0.12466864923184581 0.12466864923184581 0.12466864923184581 0.12466864923184581 0.12466864923184581 0.12466864923184581 0.12466864923184581 0.12466864923184581 0.12466864923184581 0.12466864923184581 0.12466864923184581 0.12466864923184581 0.12466864923184581 0.12466864923184581 0.12466864923184581 0.12466864923184581 0.12466864923184581 0.12466864923184581 0.12466864923184581 0.12466864923184581 0.12466864923184581
-9999.0 -9999.0 -9999.0 -9999.0 -9999.0 -9999.0 -9999.0 -9999.0 -9999.0 -9999.0 -9999.0 -9999.0 -9999.0 -9999.0 -9999.0 -9999.0 -9999.0 -9999.0 -9999.0 -9999.0 -9999.0 -9999.0 -9999.0 -9999.0 -9999.0 -9999.0 -9999.0 -9999.0 -9999.0 -9999.0 -9999.0 -9999.0 -9999.0 -9999.0 0.12466864923184581 0.12466864923184581 0.12466864923184581 0.12466864923184581 0.12466864923184581 0.12466864923184581 0.12466864923184581 0.12466864923184581 0.12466864923184581 0.12466864923184581 0.12466864923184581 0.12466864923184581 0.12466864923184581 0.12466864923184581 0.12466864923184581 0.12466864923184581 0.12466864923184581 0.12466864923184581 0.12466864923184581 0.12466864923184581 0.12466864923184581 0.12466864923184581 0.12466864923184581
-9999.0 -9999.0 -9999.0 -9999.0 -9999.0 -9999.0 -9999.0 -9999.0 -9999.0 -9999.0 -9999.0 -9999.0 -9999.0 -9999.0 -9999.0 -9999.0 -9999.0 -9999.0 -9999.0 -9999.0 -9999.0 -9999.0 -9999.0 -9999.0 -9999.0 -9999.0 -9999.0 -9999.0 -9999.0 -9999.0 -9999.0 -9999.0 -9999.0 -9999.0 -9999.0 -9999.0 0.12466864923184581 0.12466864923184581 0.12466864923184581 0.12466864923184581 0.12466864923184581 0.12466864923184581 0.12466864923184581 0.12466864923184581 0.12466864923184581 0.12466864923184581 0.12466864923184581 0.12466864923184581 0.12466864923184581 0.12466864923184581 0.12466864923184581 0.12466864923184581 0.12466864923184581 0.12466864923184581 0.12466864923184581 0.12466864923184581 0.12466864923184581
-9999.0 -9999.0 -9999.0 -9999.0 -9999.0 -9999.0 -9999.0 -9999.0 -9999.0 -9999.0 -9999.0 -9999.0 -9999.0 -9999.0 -9999.0 -9999.0 -9999.0 -9999.0 -9999.0 -9999.0 -9999.0 -9999.0 -9999.0 -9999.0 -9999.0 -9999.0 -9999.0 -9999.0 -9999.0 -9999.0 -9999.0 -9999.0 -9999.0 -9999.0 -9999.0 -9999.0 -9999.0 0.12466864923184581 0.12466864923184581 0.12466864923184581 0.12466864923184581 0.12466864923184581 0.12466864923184581 0.12466864923184581 0.12466864923184581 0.12466864923184581 0.12466864923184581 0.12466864923184581 0.12466864923184581 0.12466864923184581 0.12466864923184581 0.12466864923184581 0.12466864923184581 0.12466864923184581 0.12466864923184581 0.12466864923184581 0.12466864923184581
-9999.0 -9999.0 -9999.0 -9999.0 -9999.0 -9999.0 -9999.0 -9999.0 -9999.0 -9999.0 -9999.0 -9999.0 -9999.0 -9999.0 -9999.0 -9999.0 -9999.0 -9999.0 -9999.0 -9999.0 -9999.0 -9999.0 -9999.0 -9999.0 -9999.0 -9999.0 -9999.0 -9999.0 -9999.0 -9999.0 -9999.0 -9999.0 -9999.0 -9999.0 -9999.0 -9999.0 -9999.0 -9999.0 0.12466864923184581 0.12466864923184581 0.12466864923184581 0.12466864923184581 0.12466864923184581 0.12466864923184581 0.12466864923184581 0.12466864923184581 0.12466864923184581 0.12466864923184581 0.12466864923184581 0.12466864923184581 0.12466864923184581 0.12466864923184581 0.12466864923184581 0.12466864923184581 0.12466864923184581 0.12466864923184581 0.12466864923184581
-9999.0 -9999.0 -9999.0 -9999.0 -9999.0 -9999.0 -9999.0 -9999.0 -9999.0 -9999.0 -9999.0 -9999.0 -9999.0 -9999.0 -9999.0 -9999.0 -9999.0 -9999.0 -9999.0 -9999.0 -9999.0 -9999.0 -9999.0 -9999.0 -9999.0 -9999.0 -9999.0 -9999.0 -9999.0 -9999.0 -9999.0 -9999.0 -9999.0 -9999.0 -9999.0 -9999.0 -9999.0 -9999.0 -9999.0 -9999.0 -9999.0 -9999.0 0.12466864923184581 0.12466864923184581 0.12466864923184581 0.12466864923184581 0.12466864923184581 0.12466864923184581 0.12466864923184581 0.12466864923184581 0.12466864923184581 0.12466864923184581 0.12466864923184581 0.12466864923184581 0.12466864923184581 0.12466864923184581 0.12466864923184581
-9999.0 -9999.0 -9999.0 -9999.0 -9999.0 -9999.0 -9999.0 -9999.0 -9999.0 -9999.0 -9999.0 -9999.0 -9999.0 -9999.0 -9999.0 -9999.0 -9999.0 -9999.0 -9999.0 -9999.0 -9999.0 -9999.0 -9999.0 -9999.0 -9999.0 -9999.0 -9999.0 -9999.0 -9999.0 -9999.0 -9999.0 -9999.0 -9999.0 -9999.0 -9999.0 -9999.0 -9999.0 -9999.0 -9999.0 -9999.0 -9999.0 -9999.0 0.12466864923184581 0.12466864923184581 0.12466864923184581 0.12466864923184581 0.12466864923184581 0.12466864923184581 0.12466864923184581 0.12466864923184581 0.12466864923184581 0.12466864923184581 0.12466864923184581 0.12466864923184581 0.12466864923184581 0.12466864923184581 0.12466864923184581
