Figures/CREST_Example_wjb_NSE/Rolling_result/20100722/raw_forecast_backup/ens_2/wjb.rain.20100724.asc
ncols            288
nrows            254
xllcorner        113.274861
yllcorner        31.4918055
cellsize         0.008333333333
NODATA_value     -9999
[rows 180 to 199 of 254, columns 132 to 175 of 288]
14.209952858489434 14.481299163356407 14.752645468223381 15.023991773090357 15.29533807795733 15.566684382824304 15.83803068769128 16.109376992558254 16.380723297425227 16.6520696022922 16.923415907159175 17.19476221202661 17.466108516893584 17.73745482176056 18.008801126627535 18.21518206898476 18.352113569374083 18.489045069763407 18.62597657015273 18.762908070542053 18.899839570931377 19.0367710713207 19.173702571710024 19.310634072099347 19.4475655724889 19.584497072878225 19.72142857326755 19.858360073656872 19.995291574046195 20.13222307443552 20.269154574824842 20.406086075214166 20.54301757560349 20.679949075992813 20.816880576382136 20.95381207677146 21.090743577160783 21.22767507755034 21.364606577939664 21.501538078328988 21.63846957871831 21.775401079107635 21.912332579496958 22.04926407988628
14.232854663127377 14.50675652270199 14.780658382276602 15.054560241851217 15.328462101425831 15.602363961000446 15.87626582057506 16.15016768014967 16.424069539724286 16.6979713992989 16.971873258873515 17.245775118448595 17.51967697802321 17.793578837597824 18.06748069717244 18.275557960535988 18.413267241670013 18.550976522804042 18.688685803938068 18.826395085072093 18.96410436620612 19.101813647340144 19.23952292847417 19.377232209608195 19.514941490742455 19.65265077187648 19.790360053010506 19.92806933414453 20.065778615278557 20.203487896412582 20.341197177546608 20.478906458680633 20.61661573981466 20.754325020948684 20.89203430208271 21.029743583216735 21.16745286435076 21.30516214548502 21.44287142661905 21.58058070775307 21.7182899888871 21.855999270021126 21.99370855115515 22.131417832289177
14.25575646776532 14.532213882047571 14.808671296329827 15.08512871061208 15.361586124894334 15.63804353917659 15.914500953458841 16.190958367741096 16.46741578202335 16.743873196305604 17.02033061058786 17.296788024870583 17.57324543915284 17.84970285343509 18.126160267717346 18.335933852087223 18.47442091396595 18.612907975844678 18.751395037723405 18.889882099602133 19.02836916148086 19.16685622335959 19.30534328523832 19.443830347117046 19.58231740899601 19.720804470874736 19.859291532753463 19.997778594632194 20.136265656510922 20.27475271838965 20.413239780268377 20.551726842147104 20.690213904025832 20.82870096590456 20.967188027783287 21.105675089662014 21.244162151540742 21.382649213419707 21.521136275298435 21.659623337177162 21.79811039905589 21.936597460934617 22.075084522813345 22.213571584692072
14.27865827240328 14.557671241393177 14.836684210383073 15.115697179372969 15.394710148362865 15.673723117352761 15.952736086342657 16.231749055332553 16.51076202432245 16.789774993312346 17.068787962302242 17.347800931292614 17.62681390028251 17.905826869272406 18.1848398382623 18.396309743638508 18.535574586261937 18.674839428885367 18.8141042715088 18.95336911413223 19.09263395675566 19.231898799379092 19.37116364200252 19.51042848462595 19.64969332724962 19.78895816987305 19.92822301249648 20.06748785511991 20.20675269774334 20.346017540366773 20.485282382990203 20.624547225613632 20.763812068237065 20.903076910860495 21.042341753483925 21.181606596107358 21.320871438730787 21.460136281354455 21.599401123977884 21.738665966601317 21.877930809224747 22.017195651848176 22.15646049447161 22.29572533709504
14.301560077041223 14.58312860073876 14.864697124436297 15.146265648133832 15.427834171831368 15.709402695528905 15.990971219226441 16.272539742923975 16.554108266621512 16.83567679031905 17.117245314016586 17.3988138377146 17.680382361412136 17.961950885109673 18.24351940880721 18.45668563518974 18.596728258557874 18.736770881926006 18.876813505294137 19.016856128662273 19.156898752030404 19.296941375398536 19.43698399876667 19.577026622134802 19.717069245503172 19.857111868871307 19.99715449223944 20.13719711560757 20.277239738975705 20.417282362343837 20.55732498571197 20.697367609080104 20.837410232448235 20.977452855816367 21.117495479184498 21.257538102552633 21.397580725920765 21.537623349289138 21.67766597265727 21.8177085960254 21.957751219393536 22.097793842761668 22.2378364661298 22.37787908949793
14.324461881679166 14.608585960084344 14.892710038489518 15.176834116894696 15.46095819529987 15.745082273705048 16.029206352110222 16.3133304305154 16.597454508920574 16.881578587325752 17.165702665730926 17.449826744136587 17.733950822541765 18.01807490094694 18.302198979352113 18.517061526740974 18.657881930853808 18.798702334966645 18.93952273907948 19.080343143192312 19.22116354730515 19.361983951417983 19.502804355530817 19.643624759643654 19.784445163756725 19.925265567869562 20.066085971982396 20.20690637609523 20.347726780208067 20.4885471843209 20.629367588433734 20.77018799254657 20.911008396659405 21.05182880077224 21.192649204885075 21.33346960899791 21.474290013110743 21.615110417223818 21.755930821336655 21.89675122544949 22.037571629562322 22.17839203367516 22.319212437787993 22.460032841900826
14.347363686317111 14.634043319429928 14.920722952542743 15.207402585655558 15.494082218768375 15.780761851881191 16.067441484994006 16.35412111810682 16.640800751219636 16.927480384332455 17.21416001744527 17.500839650558575 17.78751928367139 18.074198916784205 18.360878549897024 18.57743741829221 18.719035603149745 18.86063378800728 19.00223197286482 19.143830157722356 19.28542834257989 19.42702652743743 19.568624712294966 19.7102228971525 19.851821082010282 19.993419266867818 20.135017451725354 20.276615636582893 20.41821382144043 20.559812006297964 20.701410191155503 20.84300837601304 20.984606560870574 21.126204745728113 21.26780293058565 21.409401115443185 21.550999300300724 21.6925974851585 21.834195670016037 21.975793854873576 22.11739203973111 22.258990224588647 22.400588409446186 22.542186594303722
14.370265490955052 14.659500678775508 14.948735866595964 15.23797105441642 15.527206242236876 15.816441430057331 16.105676617877787 16.394911805698243 16.6841469935187 16.973382181339154 17.26261736915961 17.55185255698056 17.841087744801015 18.13032293262147 18.419558120441927 18.637813309843438 18.78018927544568 18.922565241047916 19.064941206650154 19.207317172252395 19.349693137854633 19.49206910345687 19.63444506905911 19.77682103466135 19.919197000263832 20.06157296586607 20.20394893146831 20.34632489707055 20.488700862672786 20.631076828275027 20.773452793877265 20.915828759479506 21.058204725081744 21.200580690683985 21.342956656286223 21.48533262188846 21.6277085874907 21.77008455309318 21.912460518695422 22.05483648429766 22.1972124498999 22.33958841550214 22.481964381104376 22.624340346706617
14.393167295592995 14.684958038121092 14.976748780649187 15.268539523177283 15.560330265705378 15.852121008233475 16.14391175076157 16.435702493289668 16.72749323581776 17.019283978345857 17.311074720873954 17.602865463402544 17.894656205930644 18.186446948458737 18.478237690986834 18.698189201394673 18.841342947741612 18.984496694088556 19.127650440435495 19.270804186782435 19.413957933129378 19.557111679476318 19.70026542582326 19.8434191721702 19.986572918517385 20.12972666486433 20.27288041121127 20.416034157558208 20.55918790390515 20.70234165025209 20.845495396599034 20.988649142945974 21.131802889292914 21.274956635639857 21.418110381986796 21.56126412833374 21.70441787468068 21.847571621027864 21.990725367374804 22.133879113721747 22.277032860068687 22.42018660641563 22.56334035276257 22.706494099109513
14.416069100230958 14.710415397466695 15.004761694702434 15.299107991938172 15.59345428917391 15.887800586409647 16.182146883645384 16.47649318088112 16.770839478116862 17.0651857753526 17.359532072588337 17.653878369824575 17.948224667060316 18.24257096429605 18.53691726153179 18.758565092945954 18.9024966200376 19.046428147129244 19.190359674220886 19.33429120131253 19.478222728404177 19.62215425549582 19.766085782587464 19.910017309679105 20.053948836770996 20.19788036386264 20.341811890954283 20.485743418045928 20.629674945137573 20.773606472229215 20.91753799932086 21.061469526412502 21.205401053504147 21.349332580595792 21.493264107687434 21.63719563477908 21.78112716187072 21.92505868896261 22.068990216054257 22.2129217431459 22.356853270237544 22.50078479732919 22.64471632442083 22.788647851512476
14.438970904868901 14.73587275681228 15.032774608755656 15.329676460699034 15.626578312642412 15.92348016458579 16.220382016529168 16.517283868472546 16.814185720415924 17.111087572359303 17.407989424302677 17.704891276246563 18.00179312818994 18.29869498013332 18.595596832076694 18.81894098449719 18.963650292333536 19.10835960016988 19.253068908006227 19.397778215842575 19.54248752367892 19.687196831515266 19.83190613935161 19.976615447187957 20.12132475502455 20.266034062860896 20.41074337069724 20.555452678533587 20.700161986369935 20.84487129420628 20.989580602042626 21.134289909878973 21.278999217715317 21.423708525551664 21.56841783338801 21.713127141224355 21.857836449060702 22.002545756897295 22.147255064733642 22.291964372569986 22.436673680406333 22.581382988242677 22.726092296079024 22.870801603915368
14.461872709506846 14.761330116157861 15.06078752280888 15.360244929459899 15.659702336110914 15.959159742761933 16.258617149412952 16.558074556063968 16.857531962714987 17.156989369366006 17.45644677601702 17.75590418266855 18.055361589319567 18.354818995970586 18.654276402621605 18.879316876048424 19.02480396462947 19.17029105321052 19.31577814179157 19.461265230372614 19.606752318953664 19.75223940753471 19.89772649611576 20.043213584696808 20.188700673278102 20.334187761859152 20.4796748504402 20.625161939021247 20.770649027602296 20.916136116183345 21.06162320476439 21.20711029334544 21.352597381926486 21.498084470507536 21.643571559088585 21.78905864766963 21.93454573625068 22.080032824831974 22.225519913413024 22.371007001994073 22.51649409057512 22.661981179156168 22.807468267737217 22.952955356318263
14.484774514144789 14.786787475503445 15.088800436862103 15.39081339822076 15.692826359579419 15.994839320938077 16.296852282296733 16.598865243655393 16.90087820501405 17.20289116637271 17.504904127731365 17.80691708909054 18.108930050449196 18.410943011807852 18.71295597316651 18.939692767599656 19.085957636925407 19.23222250625116 19.378487375576906 19.524752244902658 19.67101711422841 19.817281983554157 19.963546852879908 20.109811722205656 20.256076591531656 20.402341460857407 20.54860633018316 20.694871199508906 20.841136068834658 20.98740093816041 21.133665807486157 21.279930676811908 21.42619554613766 21.572460415463407 21.71872528478916 21.86499015411491 22.011255023440658 22.157519892766658 22.30378476209241 22.45004963141816 22.596314500743908 22.74257937006966 22.88884423939541 23.03510910872116
14.440270123123353 14.742046008935352 15.043821894747353 15.345597780559352 15.647373666371351 15.94914955218335 16.25092543799535 16.55270132380735 16.85447720961935 17.15625309543135 17.45802898124335 17.759804867055863 18.06158075286786 18.36335663867986 18.665132524491863 18.893264825629636 19.04267046901385 19.192076112398063 19.34148175578228 19.490887399166493 19.640293042550706 19.789698685934923 19.939104329319136 20.08850997270335 20.237915616087818 20.38732125947203 20.53672690285625 20.68613254624046 20.835538189624675 20.98494383300889 21.134349476393105 21.283755119777318 21.43316076316153 21.582566406545748 21.73197204992996 21.881377693314175 22.03078333669839 22.18018898008286 22.329594623467074 22.479000266851287 22.6284059102355 22.777811553619717 22.92721719700393 23.076622840388143
14.323712757572086 14.622266422115793 14.920820086659504 15.21937375120321 15.517927415746922 15.816481080290629 16.11503474483434 16.413588409378047 16.712142073921758 17.010695738465465 17.309249403009176 17.60780306755339 17.9063567320971 18.204910396640813 18.50346406118452 18.73267031749881 18.887742625853814 19.042814934208824 19.19788724256383 19.352959550918836 19.508031859273846 19.663104167628852 19.81817647598386 19.973248784338868 20.12832109269414 20.283393401049146 20.438465709404156 20.593538017759162 20.748610326114168 20.903682634469178 21.058754942824184 21.213827251179193 21.3688995595342 21.52397186788921 21.679044176244215 21.83411648459922 21.98918879295423 22.144261101309503 22.29933340966451 22.454405718019515 22.609478026374525 22.76455033472953 22.919622643084537 23.074694951439547
14.207155392020866 14.502486835296287 14.797818278571707 15.093149721847126 15.388481165122545 15.683812608397966 15.979144051673385 16.274475494948806 16.569806938224225 16.865138381499644 17.160469824775063 17.455801268050987 17.751132711326406 18.04646415460183 18.341795597877248 18.572075809368048 18.732814782693847 18.893553756019646 19.054292729345445 19.215031702671244 19.375770675997043 19.536509649322838 19.697248622648637 19.857987595974436 20.018726569300508 20.179465542626307 20.340204515952106 20.5009434892779 20.6616824626037 20.8224214359295 20.983160409255298 21.143899382581097 21.304638355906896 21.46537732923269 21.62611630255849 21.78685527588429 21.947594249210088 22.10833322253616 22.26907219586196 22.429811169187758 22.590550142513553 22.751289115839352 22.91202808916515 23.07276706249095
14.09059802646965 14.38270724847678 14.674816470483911 14.96692569249104 15.259034914498171 15.551144136505302 15.843253358512431 16.135362580519562 16.427471802526693 16.719581024533824 17.011690246540955 17.303799468548583 17.595908690555714 17.888017912562844 18.180127134569975 18.41148130123729 18.57788693953388 18.74429257783047 18.91069821612706 19.077103854423648 19.243509492720236 19.409915131016827 19.576320769313416 19.742726407610004 19.909132045906876 20.075537684203468 20.241943322500056 20.408348960796644 20.574754599093232 20.741160237389824 20.907565875686412 21.073971513983 21.240377152279592 21.40678279057618 21.57318842887277 21.739594067169357 21.90599970546595 22.07240534376282 22.23881098205941 22.405216620356 22.57162225865259 22.738027896949177 22.904433535245765 23.070839173542353
13.97404066091838 14.26292766165722 14.551814662396058 14.840701663134897 15.129588663873738 15.41847566461258 15.707362665351418 15.996249666090257 16.285136666829096 16.574023667567936 16.862910668306775 17.15179766904611 17.44068466978495 17.72957167052379 18.01845867126263 18.25088679310646 18.42295909637384 18.595031399641226 18.767103702908607 18.93917600617599 19.111248309443372 19.283320612710753 19.455392915978138 19.62746521924552 19.799537522513194 19.971609825780575 20.14368212904796 20.31575443231534 20.487826735582725 20.659899038850106 20.83197134211749 21.004043645384872 21.176115948652253 21.348188251919638 21.52026055518702 21.692332858454403 21.864405161721784 22.03647746498946 22.208549768256844 22.380622071524225 22.552694374791606 22.72476667805899 22.896838981326372 23.068911284593753
13.85748329536716 14.143148074837711 14.428812854308262 14.714477633778813 15.000142413249364 15.285807192719915 15.571471972190466 15.857136751661015 16.142801531131568 16.428466310602115 16.714131090072666 16.999795869543703 17.285460649014254 17.571125428484805 17.856790207955356 18.0902922849757 18.268031253213874 18.445770221452047 18.62350918969022 18.801248157928395 18.97898712616657 19.156726094404743 19.334465062642913 19.512204030881087 19.689942999119566 19.867681967357736 20.04542093559591 20.223159903834084 20.400898872072258 20.57863784031043 20.756376808548605 20.934115776786776 21.11185474502495 21.289593713263123 21.467332681501297 21.64507164973947 21.822810617977645 22.00054958621612 22.178288554454294 22.356027522692468 22.53376649093064 22.711505459168812 22.889244427406986 23.06698339564516
13.740925929815944 14.023368488018205 14.305811046220466 14.588253604422729 14.870696162624988 15.15313872082725 15.435581279029511 15.718023837231772 16.000466395434035 16.282908953636294 16.565351511838557 16.8477940700413 17.130236628243562 17.41267918644582 17.695121744648084 17.929697776844943 18.113103410053906 18.296509043262873 18.479914676471836 18.6633203096808 18.846725942889762 19.03013157609873 19.21353720930769 19.396942842516655 19.580348475725934 19.763754108934897 19.94715974214386 20.130565375352823 20.31397100856179 20.497376641770753 20.680782274979716 20.864187908188683 21.047593541397646 21.23099917460661 21.414404807815572 21.59781044102454 21.7812160742335 21.964621707442777 22.148027340651744 22.331432973860707 22.51483860706967 22.698244240278633 22.8816498734876 23.065055506696563
