Figures/CREST_Example_wjb_NSE/Rolling_result/20100722/raw_forecast_backup/ens_2/wjb.rain.20100727.asc
ncols            288
nrows            254
xllcorner        113.274861
yllcorner        31.4918055
cellsize         0.008333333333
NODATA_value     -9999
[rows 100 to 119 of 254, columns 90 to 134 of 288]
3.135515446197259 3.1077524739917277 3.079989501786243 3.052226529580759 3.0244635573752747 2.9967005851697905 2.9689376129643064 2.9411746407588217 2.9134116685533376 2.8856486963478534 2.857885724142369 2.8301227519368846 2.8023597797314004 2.774596807525916 2.7468338353203845 2.7190708631149003 2.691307890909416 2.6635449187039315 2.6357819464984473 2.608018974292963 2.580256002087479 2.552493029881995 2.5247300576765106 2.496967085471026 2.469204113265542 2.4414411410600576 2.413678168854573 2.3825579161547448 2.347848654685826 2.313139393216907 2.2784301317479887 2.24372087027907 2.209011608810151 2.174302347341232 2.1395930858723133 2.1048838244033945 2.0701745629344757 2.035465301465557 2.000756039996638 1.9660467785277194 1.9313375170587412 1.8966282555898224 1.8619189941209036 1.827209732651985 1.792500471183066
3.1990858286047015 3.1704339675633326 3.1417821065220126 3.113130245480693 3.084478384439373 3.055826523398053 3.027174662356733 2.9985228013154135 2.9698709402740935 2.9412190792327735 2.9125672181914535 2.8839153571501335 2.855263496108814 2.826611635067494 2.797959774026125 2.769307912984805 2.7406560519434855 2.7120041909021655 2.6833523298608455 2.6547004688195255 2.6260486077782055 2.5973967467368855 2.568744885695566 2.540093024654246 2.511441163612926 2.482789302571606 2.4541374415302863 2.422182002229122 2.3866949630619607 2.3512079238947994 2.3157208847276385 2.280233845560477 2.244746806393316 2.2092597672261545 2.173772728058993 2.138285688891832 2.1027986497246705 2.067311610557509 2.0318245713903478 1.9963375322231867 1.9608504930559647 1.9253634538888034 1.8898764147216423 1.854389375554481 1.8189023363873196
3.262656211012144 3.233115461134938 3.203574711257782 3.1740339613806268 3.1444932115034714 3.1149524616263156 3.08541171174916 3.0558709618720044 3.026330211994849 2.9967894621176936 2.9672487122405378 2.9377079623633824 2.9081672124862266 2.878626462609071 2.849085712731865 2.81954496285471 2.7900042129775544 2.7604634631003986 2.730922713223243 2.7013819633460874 2.671841213468932 2.642300463591776 2.612759713714621 2.5832189638374654 2.5536782139603096 2.524137464083154 2.494596714205999 2.461806088303499 2.425541271438095 2.3892764545726917 2.353011637707288 2.316746820841884 2.28048200397648 2.2442171871110763 2.2079523702456725 2.1716875533802686 2.1354227365148652 2.0991579196494614 2.0628931027840576 2.0266282859186537 1.9903634690531882 1.9540986521877843 1.9178338353223805 1.8815690184569767 1.8453042015915728
3.3990292376773152 3.3682236678228854 3.337418097968508 3.3066125281141305 3.275806958259753 3.2450013884053757 3.2141958185509987 3.1833902486966212 3.152584678842244 3.1217791089878664 3.090973539133489 3.060167969279112 3.0293623994247345 2.998556829570357 2.9677512597159272 2.93694568986155 2.9061401200071724 2.875334550152795 2.844528980298418 2.81372341044404 2.782917840589663 2.7521122707352856 2.721306700880908 2.6905011310265308 2.6596955611721533 2.6288899913177763 2.598084421463399 2.564238416479209 2.5271421175856887 2.4900458186921686 2.452949519798649 2.4158532209051287 2.3787569220116085 2.3416606231180883 2.304564324224568 2.267468025331048 2.230371726437528 2.1932754275440076 2.1561791286504874 2.1190828297569673 2.081986530863384 2.0448902319698634 2.0077939330763437 1.9706976341828235 1.9336013352893033
3.6132237011625064 3.580751464641541 3.548279228120631 3.5158069915997205 3.4833347550788103 3.4508625185579 3.41839028203699 3.3859180455160796 3.3534458089951693 3.3209735724742586 3.288501335953349 3.256029099432438 3.2235568629115283 3.1910846263906176 3.1586123898696523 3.126140153348742 3.093667916827832 3.0611956803069216 3.0287234437860113 2.996251207265101 2.963778970744191 2.9313067342232806 2.8988344977023703 2.86636226118146 2.8338900246605494 2.8014177881396396 2.768945551618729 2.7338087956735326 2.6958236082090865 2.65783842074464 2.619853233280194 2.5818680458157472 2.543882858351301 2.505897670886855 2.4679124834224084 2.4299272959579623 2.391942108493516 2.3539569210290696 2.3159717335646235 2.2779865461001774 2.2400013586356664 2.20201617117122 2.1640309837067737 2.126045796242327 2.088060608777881
3.8274181646478795 3.7932792614603765 3.759140358272932 3.7250014550854873 3.690862551898043 3.6567236487105985 3.6225847455231537 3.5884458423357093 3.5543069391482645 3.52016803596082 3.4860291327733757 3.451890229585931 3.4177513263984864 3.3836124232110416 3.349473520023539 3.315334616836094 3.28119571364865 3.2470568104612054 3.2129179072737606 3.178779004086316 3.1446401008988714 3.110501197711427 3.0763622945239826 3.0422233913365377 3.0080844881490933 2.9739455849616485 2.939806681774204 2.903379174868 2.8645050988326264 2.8256310227972534 2.7867569467618805 2.747882870726507 2.709008794691134 2.6701347186557607 2.6312606426203877 2.5923865665850148 2.5535124905496414 2.5146384145142684 2.4757643384788954 2.436890262443522 2.398016186408083 2.3591421103727095 2.3202680343373365 2.2813939583019636 2.24251988226659
4.04161262813307 4.005807058279031 3.9700014884250536 3.9341959185710764 3.8983903487170988 3.8625847788631216 3.826779209009144 3.7909736391551663 3.755168069301189 3.7193624994472114 3.683556929593234 3.6477513597392566 3.6119457898852794 3.5761402200313017 3.5403346501772632 3.5045290803232856 3.4687235104693084 3.4329179406153307 3.397112370761353 3.361306800907376 3.3255012310533982 3.289695661199421 3.2538900913454434 3.218084521491466 3.1822789516374885 3.146473381783511 3.1106678119295337 3.072949554062322 3.0331865894560233 2.993423624849724 2.9536606602434246 2.913897695637125 2.8741347310308263 2.834371766424527 2.7946088018182276 2.7548458372119287 2.7150828726056293 2.67531990799933 2.6355569433930306 2.5957939787867317 2.5560310141803644 2.5162680495740655 2.476505084967766 2.4367421203614668 2.396979155755168
4.255807091618261 4.2183348550976865 4.1808626185771764 4.143390382056666 4.1059181455361555 4.0684459090156455 4.030973672495135 3.9935014359746246 3.956029199454114 3.918556962933604 3.8810847264130937 3.843612489892583 3.8061402533720727 3.7686680168515627 3.7311957803309883 3.693723543810478 3.6562513072899674 3.618779070769457 3.581306834248947 3.5438345977284365 3.506362361207926 3.468890124687416 3.4314178881669055 3.393945651646395 3.3564734151258846 3.319001178605374 3.281528942084864 3.242519933256646 3.2018680800794206 3.1612162269021953 3.1205643737249695 3.0799125205477442 3.039260667370519 2.9986088141932936 2.9579569610160683 2.917305107838843 2.8766532546616177 2.8360014014843924 2.795349548307167 2.7546976951299413 2.7140458419526468 2.6733939887754214 2.632742135598196 2.592090282420971 2.5514384292437455
4.470001555103451 4.430862651916342 4.391723748729298 4.352584845542255 4.313445942355211 4.274307039168169 4.235168135981125 4.196029232794082 4.156890329607039 4.1177514264199955 4.078612523232952 4.039473620045909 4.000334716858866 3.9611958136718224 3.9220569104847125 3.8829180072976692 3.843779104110626 3.8046402009235827 3.7655012977365394 3.726362394549496 3.687223491362453 3.6480845881754096 3.6089456849883663 3.569806781801323 3.53066787861428 3.4915289754272365 3.4523900722401937 3.4120903124509683 3.370549570702817 3.3290088289546658 3.287468087206514 3.245927345458363 3.204386603710211 3.16284586196206 3.1213051202139086 3.079764378465757 3.0382236367176056 2.996682894969454 2.9551421532213027 2.9136014114731514 2.872060669724929 2.8305199279767774 2.788979186228626 2.7474384444804745 2.705897702732323
4.684196018588643 4.643390448734997 4.602584878881421 4.561779309027845 4.520973739174268 4.4801681693206925 4.439362599467116 4.39855702961354 4.357751459759964 4.316945889906387 4.276140320052812 4.235334750199235 4.1945291803456595 4.153723610492083 4.112918040638437 4.0721124707848615 4.031306900931285 3.990501331077709 3.949695761224133 3.9088901913705563 3.86808462151698 3.827279051663404 3.786473481809828 3.745667911956252 3.7048623421026754 3.6640567722490998 3.6232512023955232 3.5816606916452915 3.539231061326214 3.4968014310071363 3.454371800688059 3.4119421703689814 3.3695125400499037 3.327082909730826 3.2846532794117484 3.2422236490926712 3.1997940187735936 3.157364388454516 3.1149347581354383 3.0725051278163606 3.030075497497211 2.9876458671781334 2.9452162368590558 2.902786606539978 2.860356976220901
4.898390482073833 4.855918245553652 4.813446009033543 4.770973772513433 4.728501535993325 4.686029299473216 4.643557062953106 4.601084826432998 4.558612589912888 4.516140353392779 4.473668116872671 4.431195880352561 4.388723643832452 4.3462514073123435 4.303779170792161 4.261306934272053 4.2188346977519435 4.176362461231834 4.133890224711726 4.091417988191616 4.048945751671507 4.006473515151399 3.9640012786312893 3.9215290421111804 3.8790568055910715 3.836584569070962 3.7941123325508532 3.7512310708396144 3.707912551949611 3.664594033059607 3.6212755141696036 3.5779569952796 3.5346384763895964 3.491319957499593 3.448001438609589 3.404682919719585 3.3613644008295815 3.318045881939578 3.2747273630495743 3.2314088441595707 3.188090325269493 3.14477180637949 3.101453287489486 3.058134768599482 3.0148162497094786
5.112584945559207 5.068446042372488 5.024307139185845 4.980168235999201 4.936029332812558 4.8918904296259145 4.847751526439271 4.803612623252628 4.7594737200659845 4.715334816879341 4.6711959136926975 4.6270570105060544 4.582918107319411 4.5387792041327675 4.494640300946049 4.450501397759406 4.406362494572763 4.362223591386119 4.318084688199476 4.273945785012832 4.229806881826189 4.185667978639545 4.141529075452902 4.097390172266259 4.053251269079615 4.009112365892972 3.964973462706329 3.920801450034082 3.8765940425731515 3.832386635112221 3.7881792276512907 3.74397182019036 3.6997644127294294 3.655557005268499 3.6113495978075685 3.567142190346638 3.522934782885707 3.4787273754247767 3.4345199679638463 3.390312560502916 3.34610515304191 3.3018977455809795 3.2576903381200486 3.213482930659118 3.1692755231981877
5.326779409044398 5.280973839191143 5.235168269337967 5.18936269948479 5.143557129631614 5.097751559778438 5.051945989925262 5.006140420072086 4.960334850218909 4.914529280365733 4.8687237105125565 4.822918140659381 4.777112570806204 4.731307000953028 4.685501431099773 4.639695861246597 4.593890291393421 4.548084721540245 4.502279151687069 4.456473581833892 4.410668011980716 4.3648624421275395 4.319056872274364 4.273251302421187 4.227445732568011 4.181640162714835 4.135834592861658 4.090371829228405 4.045275533196548 4.000179237164692 3.955082941132835 3.909986645100979 3.864890349069122 3.819794053037265 3.7746977570054088 3.7296014609735524 3.6845051649416956 3.6394088689098387 3.5943125728779823 3.5492162768461255 3.504119980814192 3.4590236847823355 3.413927388750479 3.3688310927186222 3.3237347966867654
5.540973872529588 5.493501636009798 5.446029399490088 5.39855716297038 5.35108492645067 5.3036126899309615 5.256140453411252 5.208668216891543 5.161195980371834 5.113723743852125 5.0662515073324155 5.018779270812707 4.971307034292997 4.923834797773289 4.876362561253498 4.8288903247337895 4.78141808821408 4.733945851694371 4.686473615174662 4.639001378654953 4.5915291421352435 4.544056905615534 4.496584669095825 4.449112432576117 4.401640196056407 4.3541679595366976 4.306695723016989 4.2599422084227285 4.213957023819946 4.167971839217163 4.12198665461438 4.076001470011597 4.030016285408815 3.9840311008060323 3.9380459162032495 3.8920607316004667 3.846075546997684 3.800090362394901 3.7541051777921184 3.7081199931893356 3.662134808586474 3.6161496239836914 3.5701644393809087 3.5241792547781263 3.4781940701753435
5.755168336014779 5.706029432828453 5.656890529642212 5.607751626455969 5.558612723269727 5.509473820083485 5.460334916897243 5.411196013711001 5.362057110524759 5.312918207338517 5.2637793041522745 5.214640400966033 5.165501497779791 5.116362594593548 5.067223691407223 5.018084788220981 4.9689458850347386 4.919806981848497 4.870668078662255 4.821529175476012 4.772390272289771 4.7232513691035285 4.674112465917286 4.624973562731045 4.575834659544802 4.52669575635856 4.477556853172318 4.429512587617051 4.382638514443342 4.3357644412696335 4.288890368095925 4.242016294922216 4.195142221748507 4.1482681485747985 4.10139407540109 4.05452000222738 4.0076459290536715 3.9607718558799627 3.913897782706254 3.8670237095325453 3.8201496363587566 3.773275563185048 3.7264014900113387 3.67952741683763 3.6326533436639212
5.96936279949997 5.918557229647108 5.867751659794333 5.816946089941558 5.766140520088783 5.7153349502360085 5.664529380383233 5.613723810530458 5.562918240677684 5.512112670824909 5.4613071009721335 5.410501531119358 5.359695961266584 5.308890391413809 5.2580848215609475 5.207279251708172 5.156473681855397 5.105668112002622 5.054862542149847 5.0040569722970725 4.953251402444297 4.902445832591523 4.851640262738748 4.800834692885973 4.7500291230331975 4.699223553180422 4.648417983327648 4.599082966811374 4.551320005066739 4.503557043322104 4.455794081577469 4.408031119832835 4.360268158088199 4.312505196343564 4.26474223459893 4.216979272854294 4.169216311109659 4.121453349365025 4.07369038762039 4.0259274258757545 3.978164464131038 3.9304015023864034 3.8826385406417683 3.8348755788971336 3.7871126171524985
6.183557262985161 6.1310850264657635 6.0786127899464555 6.0261405534271475 5.97366831690784 5.921196080388532 5.868723843869224 5.816251607349916 5.763779370830608 5.711307134311301 5.658834897791993 5.606362661272685 5.553890424753377 5.501418188234069 5.448945951714672 5.396473715195365 5.344001478676057 5.291529242156749 5.239057005637441 5.186584769118133 5.1341125325988255 5.0816402960795175 5.0291680595602095 4.9766958230409015 4.9242235865215935 4.871751350002286 4.819279113482978 4.7686533460056975 4.720001495690137 4.671349645374575 4.622697795059015 4.574045944743453 4.5253940944278925 4.476742244112331 4.42809039379677 4.379438543481209 4.330786693165648 4.282134842850087 4.233482992534526 4.184831142218965 4.1361792919033205 4.08752744158776 4.038875591272198 3.9902237409566377 3.9415718906410766
6.397751726470351 6.343612823284419 6.289473920098578 6.235335016912737 6.181196113726896 6.1270572105410555 6.072918307355215 6.018779404169374 5.964640500983533 5.910501597797692 5.856362694611851 5.802223791426011 5.74808488824017 5.693945985054329 5.639807081868397 5.585668178682556 5.531529275496715 5.477390372310874 5.4232514691250335 5.369112565939193 5.314973662753352 5.260834759567511 5.20669585638167 5.1525569531958295 5.098418050009989 5.044279146824149 4.990140243638308 4.93822372520002 4.888682986313533 4.839142247427046 4.789601508540558 4.740060769654072 4.690520030767584 4.640979291881097 4.59143855299461 4.541897814108123 4.492357075221635 4.442816336335149 4.393275597448661 4.343734858562174 4.294194119675603 4.244653380789115 4.195112641902628 4.145571903016141 4.096031164129654
6.6119461899557255 6.556140620103255 6.50033505025088 6.444529480398504 6.38872391054613 6.332918340693754 6.27711277084138 6.2213072009890045 6.16550163113663 6.109696061284255 6.053890491431879 5.998084921579505 5.942279351727129 5.886473781874754 5.830668212022284 5.774862642169909 5.7190570723175345 5.663251502465159 5.607445932612784 5.551640362760409 5.495834792908034 5.440029223055658 5.384223653203284 5.3284180833509085 5.272612513498533 5.216806943646159 5.161001373793783 5.107794104394488 5.057364476937074 5.00693484947966 4.956505222022246 4.9060755945648316 4.855645967107418 4.805216339650004 4.7547867121925895 4.704357084735176 4.653927457277762 4.6034978298203475 4.553068202362934 4.50263857490552 4.452208947448019 4.401779319990606 4.351349692533192 4.300920065075777 4.250490437618364
6.826140653440915 6.768668416921909 6.711196180403001 6.653723943884094 6.596251707365186 6.538779470846277 6.48130723432737 6.423834997808462 6.366362761289554 6.308890524770646 6.251418288251738 6.19394605173283 6.136473815213922 6.0790015786950145 6.021529342176008 5.9640571056571 5.906584869138192 5.849112632619285 5.791640396100377 5.734168159581468 5.67669592306256 5.619223686543653 5.561751450024745 5.5042792135058365 5.446806976986929 5.389334740468021 5.331862503949113 5.27736448358881 5.226045967560471 5.174727451532131 5.12340893550379 5.07209041947545 5.02077190344711 4.96945338741877 4.918134871390429 4.86681635536209 4.81549783933375 4.7641793233054095 4.712860807277069 4.661542291248729 4.610223775220302 4.558905259191961 4.507586743163621 4.456268227135281 4.404949711106941
