Figures/CREST_Example_wjb_NSE/Rolling_result/20100722/raw_forecast_backup/ens_2/wjb.rain.20100420.asc
ncols            288
nrows            254
xllcorner        113.274861
yllcorner        31.4918055
cellsize         0.008333333333
NODATA_value     -9999
[rows 120 to 139 of 254, columns 132 to 175 of 288]
31.648737092609863 31.7256088349808 31.80248057735174 31.855419101331865 31.88277247355825 31.910125845784638 31.937479218011028 31.964832590237414 31.9921859624638 32.01953933469019 32.04689270691657 32.07424607914301 32.101599451369395 32.12895282359578 32.156306195822175 32.170439136344946 32.170439136344946 32.170439136344946 32.170439136344946 32.170439136344946 32.170439136344946 32.170439136344946 32.170439136344946 32.170439136344946 32.170439136344946 32.170439136344946 32.170439136344946 32.218474072770256 32.31785944283014 32.417244812890026 32.51663018294991 32.616015553009795 32.71540092306968 32.814786293129565 32.91417166318945 33.013557033249334 33.11294240330922 33.212327773369275 33.31171314342916 33.363063577111525 33.363063577111525 33.363063577111525 33.363063577111525 33.363063577111525
32.07560743066476 32.19063469397777 32.30566195729077 32.37578279439335 32.39789764623518 32.42001249807701 32.442127349918835 32.46424220176066 32.48635705360249 32.50847190544432 32.530586757286144 32.55270160912801 32.574816460969835 32.59693131281166 32.61904616465349 32.63047246643317 32.63047246643317 32.63047246643317 32.63047246643317 32.63047246643317 32.63047246643317 32.63047246643317 32.63047246643317 32.63047246643317 32.63047246643317 32.63047246643317 32.63047246643317 32.659942969002365 32.72091810546882 32.781893241935265 32.84286837840172 32.903843514868164 32.96481865133462 33.025793787801064 33.08676892426751 33.14774406073396 33.20871919720041 33.26969433366697 33.330669470133415 33.36217410405999 33.36217410405999 33.36217410405999 33.36217410405999 33.36217410405999
32.347687835955604 32.496583058768145 32.64547828158069 32.732514846149236 32.75342310600711 32.77433136586499 32.795239625722864 32.81614788558074 32.83705614543861 32.857964405296485 32.87887266515436 32.89978092501227 32.92068918487015 32.941597444728025 32.962505704585894 32.97330858441221 32.97330858441221 32.97330858441221 32.97330858441221 32.97330858441221 32.97330858441221 32.97330858441221 32.97330858441221 32.97330858441221 32.97330858441221 32.97330858441221 32.97330858441221 32.984047623292525 33.00626693766317 33.02848625203382 33.05070556640447 33.07292488077511 33.09514419514576 33.1173635095164 33.13958282388705 33.1618021382577 33.18402145262834 33.206240766999024 33.22846008136967 33.23994035687068 33.23994035687068 33.23994035687068 33.23994035687068 33.23994035687068
32.61976824124645 32.80253142355853 32.9852946058706 33.08924689790513 33.108948565779045 33.12865023365297 33.14835190152689 33.16805356940081 33.18775523727473 33.20745690514865 33.22715857302258 33.24686024089653 33.26656190877045 33.28626357664437 33.30596524451829 33.31614470239124 33.31614470239124 33.31614470239124 33.31614470239124 33.31614470239124 33.31614470239124 33.31614470239124 33.31614470239124 33.31614470239124 33.31614470239124 33.31614470239124 33.31614470239124 33.30815227758268 33.29161576985752 33.275079262132365 33.25854275440721 33.24200624668205 33.225469738956896 33.20893323123174 33.19239672350658 33.17586021578143 33.15932370805627 33.142787200331085 33.12625069260593 33.11770660968138 33.11770660968138 33.11770660968138 33.11770660968138 33.11770660968138
32.891848646537525 33.108479788349165 33.325110930160804 33.44597894966132 33.46447402555128 33.48296910144125 33.50146417733122 33.51995925322119 33.538454329111154 33.55694940500112 33.575444480891086 33.59393955678109 33.612434632671054 33.63092970856102 33.64942478445099 33.65898082037057 33.65898082037057 33.65898082037057 33.65898082037057 33.65898082037057 33.65898082037057 33.65898082037057 33.65898082037057 33.65898082037057 33.65898082037057 33.65898082037057 33.65898082037057 33.632256931873115 33.57696460205212 33.52167227223113 33.466379942410136 33.41108761258914 33.35579528276815 33.300502952947156 33.24521062312617 33.189918293305176 33.13462596348418 33.07933363366309 33.0240413038421 32.99547286249197 32.99547286249197 32.99547286249197 32.99547286249197 32.99547286249197
33.16392905182837 33.41442815313954 33.66492725445072 33.8027110014172 33.819999485323216 33.83728796922923 33.854576453135245 33.87186493704126 33.889153420947274 33.90644190485329 33.9237303887593 33.941018872665346 33.95830735657136 33.975595840477375 33.99288432438339 34.001816938349606 34.001816938349606 34.001816938349606 34.001816938349606 34.001816938349606 34.001816938349606 34.001816938349606 34.001816938349606 34.001816938349606 34.001816938349606 34.001816938349606 34.001816938349606 33.95636158616327 33.862313434246474 33.76826528232968 33.674217130412885 33.58016897849609 33.48612082657929 33.392072674662494 33.2980245227457 33.203976370828904 33.10992821891211 33.01588006699515 32.92183191507836 32.87323911530267 32.87323911530267 32.87323911530267 32.87323911530267 32.87323911530267
33.43600945711921 33.72037651792992 34.00474357874063 34.15944305317309 34.17552494509515 34.19160683701721 34.207688728939274 34.22377062086133 34.23985251278339 34.25593440470546 34.27201629662751 34.288098188549604 34.30418008047166 34.32026197239372 34.336343864315786 34.34465305632864 34.34465305632864 34.34465305632864 34.34465305632864 34.34465305632864 34.34465305632864 34.34465305632864 34.34465305632864 34.34465305632864 34.34465305632864 34.34465305632864 34.34465305632864 34.28046624045342 34.147662266440825 34.01485829242823 33.882054318415626 33.74925034440303 33.61644637039043 33.48364239637783 33.350838422365236 33.21803444835263 33.08523047434004 32.952426500327206 32.81962252631461 32.75100536811336 32.75100536811336 32.75100536811336 32.75100536811336 32.75100536811336
33.70808986241006 34.0263248827203 34.34455990303055 34.51617510492898 34.53105040486709 34.5459257048052 34.560801004743304 34.57567630468141 34.59055160461951 34.605426904557625 34.62030220449573 34.63517750443386 34.65005280437197 34.66492810431007 34.67980340424818 34.68748917430767 34.68748917430767 34.68748917430767 34.68748917430767 34.68748917430767 34.68748917430767 34.68748917430767 34.68748917430767 34.68748917430767 34.68748917430767 34.68748917430767 34.68748917430767 34.60457089474358 34.43301109863518 34.26145130252677 34.089891506418375 33.91833171030997 33.746771914201574 33.57521211809317 33.40365232198477 33.23209252587637 33.06053272976797 32.888972933659275 32.71741313755087 32.62877162092406 32.62877162092406 32.62877162092406 32.62877162092406 32.62877162092406
33.980170267700906 34.332273247510685 34.68437622732046 34.872907156684875 34.88657586463903 34.90024457259318 34.913913280547334 34.92758198850149 34.94125069645564 34.95491940440979 34.968588112363946 34.98225682031812 34.99592552827228 35.009594236226434 35.02326294418059 35.03032529228671 35.03032529228671 35.03032529228671 35.03032529228671 35.03032529228671 35.03032529228671 35.03032529228671 35.03032529228671 35.03032529228671 35.03032529228671 35.03032529228671 35.03032529228671 34.92867554903374 34.718359930829536 34.50804431262533 34.297728694421124 34.08741307621692 33.87709745801271 33.66678183980851 33.45646622160431 33.2461506034001 33.0358349851959 32.82551936699133 32.61520374878713 32.50653787373476 32.50653787373476 32.50653787373476 32.50653787373476 32.50653787373476
34.25225067299175 34.63822161230106 35.02419255161037 35.22963920844076 35.24210132441096 35.25456344038116 35.267025556351356 35.27948767232156 35.29194978829176 35.30441190426196 35.31687402023216 35.32933613620238 35.34179825217258 35.35426036814278 35.366722484112984 35.373161410265745 35.373161410265745 35.373161410265745 35.373161410265745 35.373161410265745 35.373161410265745 35.373161410265745 35.373161410265745 35.373161410265745 35.373161410265745 35.373161410265745 35.373161410265745 35.252780203323894 35.00370876302389 34.75463732272388 34.505565882423866 34.25649444212386 34.00742300182385 33.758351561523845 33.50928012122384 33.26020868092383 33.011137240623825 32.76206580032339 32.512994360023384 32.38430412654545 32.38430412654545 32.38430412654545 32.38430412654545 32.38430412654545
34.52433107828259 34.94416997709144 35.36400887590028 35.58637126019664 35.59762678418289 35.608882308169136 35.620137832155386 35.63139335614163 35.64264888012788 35.65390440411412 35.66515992810037 35.67641545208664 35.68767097607289 35.69892650005913 35.71018202404538 35.71599752824478 35.71599752824478 35.71599752824478 35.71599752824478 35.71599752824478 35.71599752824478 35.71599752824478 35.71599752824478 35.71599752824478 35.71599752824478 35.71599752824478 35.71599752824478 35.57688485761405 35.28905759521824 35.00123033282242 34.713403070426615 34.42557580803081 34.13774854563499 33.84992128323918 33.562094020843375 33.27426675844756 32.98643949605175 32.69861223365545 32.41078497125964 32.262070379356146 32.262070379356146 32.262070379356146 32.262070379356146 32.262070379356146
34.79641148357367 35.25011834188208 35.703825200190494 35.94310331195284 35.95315224395513 35.96320117595742 35.973250107959714 35.983299039962006 35.9933479719643 36.003396903966596 36.01344583596889 36.023494767971194 36.033543699973485 36.043592631975784 36.053641563978076 36.05883364622411 36.05883364622411 36.05883364622411 36.05883364622411 36.05883364622411 36.05883364622411 36.05883364622411 36.05883364622411 36.05883364622411 36.05883364622411 36.05883364622411 36.05883364622411 35.900989511904484 35.57440642741283 35.24782334292119 34.92124025842954 34.5946571739379 34.26807408944625 33.9414910049546 33.614907920462954 33.28832483597131 32.961741751479664 32.63515866698746 32.30857558249581 32.13983663216674 32.13983663216674 32.13983663216674 32.13983663216674 32.13983663216674
35.068491888864514 35.55606670667245 36.0436415244804 36.29983536370872 36.308677703727064 36.317520043745404 36.326362383763744 36.335204723782084 36.34404706380042 36.35288940381876 36.3617317438371 36.37057408385545 36.37941642387379 36.38825876389213 36.39710110391047 36.40166976420314 36.40166976420314 36.40166976420314 36.40166976420314 36.40166976420314 36.40166976420314 36.40166976420314 36.40166976420314 36.40166976420314 36.40166976420314 36.40166976420314 36.40166976420314 36.22509416619464 35.859755259607184 35.49441635301974 35.129077446432284 34.76373853984484 34.39839963325739 34.03306072666994 33.66772182008249 33.30238291349504 32.93704400690759 32.57170510031952 32.206366193732066 32.017602884977435 32.017602884977435 32.017602884977435 32.017602884977435 32.017602884977435
35.193506362169394 35.66831778448593 36.14312920680246 36.39063462972528 36.395144798351026 36.399654966976776 36.404165135602526 36.408675304228275 36.413185472854025 36.417695641479774 36.422205810105524 36.42671597873128 36.43122614735703 36.43573631598278 36.44024648460853 36.4425767985606 36.4425767985606 36.4425767985606 36.4425767985606 36.4425767985606 36.4425767985606 36.4425767985606 36.4425767985606 36.4425767985606 36.4425767985606 36.4425767985606 36.4425767985606 36.23876269377133 35.81706670049357 35.395370707215804 34.97367471393804 34.55197872066027 34.13028272738251 33.70858673410475 33.28689074082698 32.86519474754922 32.44349875427145 32.02180276099297 31.600106767715207 31.382224879023923 31.382224879023923 31.382224879023923 31.382224879023923 31.382224879023923
35.161316625296294 35.57351867330166 35.985720721307025 36.19716851233154 36.19400546221507 36.19084241209859 36.18767936198211 36.184516311865636 36.18135326174916 36.17819021163268 36.175027161516205 36.17186411139972 36.16870106128325 36.165538011166774 36.1623749610503 36.160740676297515 36.160740676297515 36.160740676297515 36.160740676297515 36.160740676297515 36.160740676297515 36.160740676297515 36.160740676297515 36.160740676297515 36.160740676297515 36.160740676297515 36.160740676297515 35.9205945719508 35.423726849724325 34.92685912749784 34.429991405271366 33.93312368304489 33.436255960818414 32.93938823859194 32.44252051636546 31.945652794138983 31.448785071912507 30.951917349685182 30.455049627458706 30.198328009340003 30.198328009340003 30.198328009340003 30.198328009340003 30.198328009340003
35.129126888423194 35.47871956211739 35.82831223581158 36.0037023949378 35.99286612607909 35.9820298572204 35.97119358836169 35.96035731950299 35.949521050644286 35.93868478178559 35.927848512926886 35.91701224406817 35.906175975209464 35.89533970635076 35.884503437492064 35.87890455403443 35.87890455403443 35.87890455403443 35.87890455403443 35.87890455403443 35.87890455403443 35.87890455403443 35.87890455403443 35.87890455403443 35.87890455403443 35.87890455403443 35.87890455403443 35.60242645013027 35.03038699895508 34.45834754777989 33.8863080966047 33.31426864542951 32.74222919425432 32.17018974307913 31.59815029190394 31.02611084072875 30.45407138955356 29.882031938377395 29.30999248720221 29.014431139656086 29.014431139656086 29.014431139656086 29.014431139656086 29.014431139656086
35.0969371515501 35.383920450933125 35.67090375031614 35.810236277544064 35.791726789943134 35.77321730234221 35.75470781474128 35.73619832714035 35.71768883953943 35.6991793519385 35.680669864337574 35.662160376736615 35.643650889135685 35.62514140153476 35.60663191393383 35.59706843177135 35.59706843177135 35.59706843177135 35.59706843177135 35.59706843177135 35.59706843177135 35.59706843177135 35.59706843177135 35.59706843177135 35.59706843177135 35.59706843177135 35.59706843177135 35.28425832830975 34.63704714818584 33.98983596806194 33.342624787938036 32.69541360781413 32.04820242769023 31.400991247566328 30.753780067442424 30.10656888731852 29.45935770719462 28.81214652706961 28.16493534694571 27.83053426997217 27.83053426997217 27.83053426997217 27.83053426997217 27.83053426997217
35.06474741467697 35.289121339748775 35.51349526482057 35.61677016015016 35.590587453807 35.56440474746384 35.53822204112068 35.51203933477752 35.48585662843436 35.459673922091206 35.43349121574804 35.40730850940484 35.38112580306168 35.35494309671852 35.328760390375365 35.31523230950802 35.31523230950802 35.31523230950802 35.31523230950802 35.31523230950802 35.31523230950802 35.31523230950802 35.31523230950802 35.31523230950802 35.31523230950802 35.31523230950802 35.31523230950802 34.96609020648894 34.24370729741626 33.52132438834358 32.7989414792709 32.07655857019822 31.35417566112554 30.63179275205286 29.909409842980182 29.187026933907504 28.464644024834822 27.74226111576091 27.019878206688233 26.64663740028724 26.64663740028724 26.64663740028724 26.64663740028724 26.64663740028724
35.03255767780387 35.1943222285645 35.35608677932513 35.42330404275641 35.38944811767103 35.35559219258565 35.32173626750026 35.28788034241488 35.2540244173295 35.22016849224411 35.18631256715873 35.15245664207329 35.118600716987906 35.08474479190252 35.05088886681713 35.03339618724494 35.03339618724494 35.03339618724494 35.03339618724494 35.03339618724494 35.03339618724494 35.03339618724494 35.03339618724494 35.03339618724494 35.03339618724494 35.03339618724494 35.03339618724494 34.647922084668416 33.85036744664702 33.05281280862563 32.255258170604236 31.457703532582844 30.660148894561452 29.86259425654006 29.065039618518664 28.267484980497272 27.46993034247588 26.672375704453128 25.874821066431736 25.462740530603323 25.462740530603323 25.462740530603323 25.462740530603323 25.462740530603323
35.00036794093077 35.09952311738023 35.19867829382969 35.22983792536267 35.18830878153506 35.14677963770745 35.10525049387984 35.063721350052234 35.022192206224624 34.98066306239702 34.93913391856941 34.89760477474173 34.85607563091412 34.81454648708651 34.7730173432589 34.75156006498185 34.75156006498185 34.75156006498185 34.75156006498185 34.75156006498185 34.75156006498185 34.75156006498185 34.75156006498185 34.75156006498185 34.75156006498185 34.75156006498185 34.75156006498185 34.32975396284789 33.45702759587778 32.58430122890768 31.711574861937567 30.83884849496746 29.96612212799736 29.093395761027253 28.220669394057147 27.34794302708704 26.475216660116935 25.60249029314534 24.729763926175234 24.278843660919406 24.278843660919406 24.278843660919406 24.278843660919406 24.278843660919406
