Figures/CREST_Example_wjb_NSE/Rolling_result/20100722/raw_forecast_backup/ens_2/wjb.rain.20100726.asc
ncols            288
nrows            254
xllcorner        113.274861
yllcorner        31.4918055
cellsize         0.008333333333
NODATA_value     -9999
[rows 120 to 139 of 254, columns 44 to 87 of 288]
2.447222912498427 2.3881062216444637 2.328989530790501 2.2698728399365375 2.2107561490825747 2.151639458228612 2.092522767374649 2.033406076520686 1.9742893856666222 1.915172694812659 1.8560560039586962 1.796939313104733 1.7378226222507702 1.7056778797077214 1.7023667595691623 1.6990556394306033 1.6957445192920442 1.6924333991534852 1.6891222790149263 1.6858111588763671 1.6825000387378082 1.6791889185992435 1.6758777984606845 1.6725666783221254 1.6692555581835664 1.6659444380450072 1.6626333179064483 1.6593221977678894 1.6560110776293302 1.6526999574907713 1.649388837352212 1.6460777172136531 1.6427665970750942 1.639455476936535 1.6361443567979703 1.6328332366594114 1.6295221165208524 1.6262109963822933 1.6228998762437343 1.6195887561051752 1.6162776359666162 1.6129665158280573 1.6096553956894981 1.6208438761810724
2.5481062840435857 2.4859895932693368 2.4238729024950874 2.361756211720838 2.2996395209465885 2.237522830172339 2.17540613939809 2.1132894486238403 2.0511727578494856 1.989056067075236 1.9269393763009866 1.8648226855267374 1.802705994752488 1.7683667855546028 1.7637223320298356 1.7590778785050682 1.754433424980301 1.749788971455534 1.7451445179307665 1.7405000644059994 1.735855610881232 1.7312111573564568 1.7265667038316896 1.7219222503069223 1.717277796782155 1.712633343257388 1.7079888897326205 1.7033444362078534 1.698699982683086 1.6940555291583188 1.6894110756335516 1.6847666221087843 1.680122168584017 1.6754777150592497 1.6708332615344745 1.6661888080097074 1.66154435448494 1.6568999009601728 1.6522554474354054 1.6476109939106383 1.642966540385871 1.6383220868611037 1.6336776333363365 1.6435327805057205
2.6489896555887444 2.5838729648942094 2.5187562741996734 2.4536395835051374 2.388522892810602 2.3234062021160664 2.2582895114215304 2.193172820726995 2.1280561300323484 2.0629394393378124 1.997822748643277 1.9327060579487412 1.8675893672542054 1.8310556914014842 1.8250779044905086 1.8191001175795332 1.8131223306685578 1.8071445437575822 1.8011667568466068 1.7951889699356312 1.7892111830246558 1.7832333961136702 1.7772556092026945 1.7712778222917192 1.7653000353807435 1.7593222484697681 1.7533444615587928 1.7473666746478171 1.7413888877368418 1.7354111008258664 1.7294333139148907 1.7234555270039154 1.7174777400929397 1.7114999531819644 1.7055221662709787 1.6995443793600031 1.6935665924490277 1.6875888055380521 1.6816110186270767 1.6756332317161013 1.6696554448051257 1.6636776578941503 1.6576998709831747 1.6662216848303686
2.749873027133904 2.681756336519082 2.61363964590426 2.545522955289438 2.4774062646746158 2.4092895740597937 2.3411728834449717 2.2730561928301496 2.204939502215211 2.136822811600389 2.068706120985567 2.000589430370745 1.932472739755923 1.8937445972483653 1.8864334769511817 1.879122356653998 1.8718112363568142 1.8645001160596306 1.8571889957624468 1.8498778754652632 1.8425667551680796 1.8352556348708833 1.8279445145736997 1.8206333942765158 1.8133222739793322 1.8060111536821486 1.7987000333849648 1.7913889130877811 1.7840777927905973 1.7767666724934137 1.76945555219623 1.7621444318990462 1.7548333116018626 1.7475221913046788 1.7402110710074827 1.7328999507102991 1.7255888304131153 1.7182777101159317 1.710966589818748 1.7036554695215642 1.6963443492243806 1.6890332289271968 1.6817221086300131 1.6889105891550167
2.850756398679149 2.779639708144038 2.708523017608927 2.637406327073816 2.566289636538705 2.495172946003594 2.424056255468483 2.352939564933372 2.2818228743981397 2.210706183863029 2.139589493327918 2.068472802792807 1.9973561122576964 1.9564335030953002 1.9477890494119072 1.939144595728514 1.930500142045121 1.921855688361728 1.913211234678335 1.9045667809949418 1.8959223273115489 1.887277873628141 1.878633419944748 1.869988966261355 1.861344512577962 1.8527000588945688 1.8440556052111758 1.8354111515277827 1.8267666978443895 1.8181222441609965 1.8094777904776036 1.8008333367942104 1.7921888831108173 1.7835444294274243 1.7748999757440165 1.7662555220606235 1.7576110683772304 1.7489666146938374 1.7403221610104442 1.7316777073270513 1.7230332536436581 1.7143887999602652 1.705744346276872 1.7115994934796843
2.9516397702243076 2.87752307976891 2.803406389313513 2.7292896988581155 2.655173008402718 2.581056317947321 2.5069396274919233 2.4328229370365264 2.3587062465810025 2.2845895561256055 2.210472865670208 2.136356175214811 2.0622394847594134 2.0191224089421818 2.00914462187258 1.999166834802979 1.9891890477333778 1.9792112606637764 1.9692334735941752 1.9592556865245738 1.9492778994549727 1.9393001123853544 1.929322325315753 1.9193445382461518 1.9093667511765504 1.8993889641069492 1.8894111770373478 1.8794333899677467 1.8694556028981453 1.859477815828544 1.8495000287589427 1.8395222416893415 1.8295444546197401 1.819566667550139 1.8095888804805207 1.7996110934109193 1.7896333063413181 1.7796555192717167 1.7696777322021155 1.7596999451325142 1.749722158062913 1.7397443709933116 1.7297665839237104 1.7342883978043324
3.0525231417694667 2.9754064513937832 2.8982897610180993 2.8211730706424154 2.744056380266732 2.6669396898910485 2.5898229995153645 2.512706309139681 2.435589618763866 2.3584729283881822 2.2813562380124988 2.204239547636815 2.1271228572611314 2.081811314789063 2.0705001943332535 2.059189073877444 2.0478779534216347 2.036566832965825 2.0252557125100155 2.013944592054206 2.0026334715983967 1.9913223511425677 1.9800112306867583 1.9687001102309487 1.9573889897751393 1.9460778693193297 1.9347667488635203 1.9234556284077107 1.9121445079519013 1.9008333874960917 1.8895222670402823 1.8782111465844726 1.8669000261286632 1.8555889056728536 1.844277785217025 1.8329666647612153 1.8216555443054059 1.8103444238495965 1.7990333033937869 1.7877221829379772 1.7764110624821678 1.7650999420263584 1.7537888215705488 1.7569773021289807
3.153406513314626 3.073289823018656 2.993173132722686 2.913056442426716 2.832939752130746 2.7528230618347758 2.6727063715388057 2.5925896812428357 2.512472990946729 2.432356300650759 2.352239610354789 2.272122920058819 2.192006229762849 2.1445002206359445 2.131855766793927 2.1192113129519092 2.106566859109891 2.0939224052678735 2.081277951425856 2.0686334975838383 2.0559890437418202 2.0433445898997813 2.0307001360577632 2.0180556822157456 2.005411228373728 1.9927667745317101 1.9801223206896925 1.9674778668476747 1.954833413005657 1.9421889591636392 1.9295445053216216 1.9169000514796037 1.9042555976375861 1.8916111437955683 1.8789666899535291 1.8663222361115113 1.8536777822694936 1.8410333284274758 1.8283888745854582 1.8157444207434403 1.8030999669014227 1.7904555130594049 1.7778110592173872 1.779666206453629
3.2542898848597845 3.1711731946435284 3.088056504427272 3.0049398142110153 2.921823123994759 2.8387064337785026 2.755589743562246 2.67247305334599 2.5893563631295917 2.5062396729133356 2.423122982697079 2.3400062924808225 2.2568896022645664 2.2071891264828256 2.1932113392545998 2.1792335520263735 2.1652557647981476 2.151277977569922 2.137300190341696 2.12332240311347 2.109344615885244 2.095366828656994 2.081389041428768 2.0674112542005423 2.0534334669723164 2.0394556797440906 2.0254778925158643 2.0115001052876385 1.9975223180594126 1.9835445308311865 1.9695667436029607 1.9555889563747346 1.9416111691465088 1.927633381918283 1.913655594690033 1.8996778074618073 1.8857000202335812 1.8717222330053551 1.8577444457771293 1.8437666585489034 1.8297888713206774 1.8158110840924515 1.8018332968642254 1.8023551107782771
3.3551732564049432 3.269056566268401 3.182939876131858 3.0968231859953153 3.0107064958587726 2.92458980572223 2.8384731155856873 2.7523564254491446 2.666239735312455 2.5801230451759123 2.4940063550393696 2.407889664902827 2.321772974766284 2.269878032329707 2.2545669117152727 2.2392557911008386 2.2239446704864045 2.2086335498719705 2.1933224292575364 2.178011308643102 2.162700188028668 2.1473890674142075 2.1320779467997735 2.1167668261853394 2.101455705570905 2.086144584956471 2.0708334643420367 2.0555223437276027 2.040211223113168 2.024900102498734 2.0095889818843 1.994277861269866 1.9789667406554317 1.9636556200409974 1.948344499426537 1.933033378812103 1.917722258197669 1.9024111375832347 1.8871000169688006 1.8717888963543663 1.8564777757399322 1.841166655125498 1.8258555345110639 1.8250440151029252
3.4560566279501024 3.366939937893273 3.2778232478364444 3.188706557779615 3.099589867722786 3.0104731776659572 2.921356487609128 2.832239797552299 2.743123107495318 2.654006417438489 2.5648897273816598 2.475773037324831 2.386656347268002 2.3325669381765888 2.315922484175946 2.2992780301753037 2.2826335761746614 2.265989122174019 2.2493446681733764 2.232700214172734 2.216055760172092 2.199411306171421 2.1827668521707784 2.166122398170136 2.149477944169494 2.1328334901688515 2.1161890361682087 2.0995445821675665 2.082900128166924 2.066255674166282 2.049611220165639 2.032966766164997 2.0163223121643545 1.9996778581637122 1.9830334041630413 1.966388950162399 1.9497444961617565 1.9331000421611142 1.9164555881604717 1.8998111341598294 1.8831666801591869 1.8665222261585446 1.8498777721579023 1.8477329194275733
3.5569399994953472 3.4648233095182293 3.3727066195411113 3.2805899295639933 3.1884732395868753 3.0963565496097574 3.0042398596326394 2.9121231696555214 2.8200064796782467 2.7278897897011287 2.6357730997240107 2.5436564097468928 2.451539719769775 2.395255844023523 2.3772780566366714 2.35930026924982 2.341322481862968 2.3233446944761162 2.3053669070892644 2.2873891197024125 2.269411332315561 2.2514335449286786 2.233455757541827 2.215477970154975 2.197500182768123 2.1795223953812717 2.16154460799442 2.143566820607568 2.125589033220716 2.1076112458338647 2.089633458447013 2.071655671060161 2.053677883673309 2.0357000962864573 2.0177223088995753 1.9997445215127234 1.9817667341258716 1.9637889467390197 1.945811159352168 1.9278333719653162 1.9098555845784646 1.8918777971916128 1.873900009804761 1.870421823752241
3.6578233710405064 3.562706681143102 3.4675899912456973 3.3724733013482933 3.277356611450889 3.1822399215534847 3.08712323165608 2.992006541758676 2.8968898518611095 2.8017731619637054 2.706656472066301 2.611539782168897 2.5164230922714923 2.457944749870405 2.4386336290973447 2.4193225083242846 2.4000113875512246 2.380700266778165 2.361389146005105 2.342078025232045 2.3227669044589847 2.3034557836858918 2.284144662912832 2.264833542139772 2.245522421366712 2.226211300593652 2.206900179820592 2.187589059047532 2.168277938274472 2.148966817501412 2.129655696728352 2.110344575955292 2.0910334551822323 2.071722334409172 2.0524112136360793 2.033100092863019 2.013788972089959 1.9944778513168993 1.9751667305438394 1.9558556097707793 1.9365444889977192 1.9172333682246592 1.8979222474515993 1.893110728076889
3.8371186260452745 3.738787134098966 3.6404556421526575 3.5421241502063485 3.44379265826004 3.3454611663137315 3.2471296743674225 3.148798182421114 3.0504666904746376 2.952135198528329 2.85380370658202 2.7554722146357116 2.657140722689403 2.596486713565182 2.576110785220322 2.555734856875462 2.5353589285306017 2.5149830001857416 2.4946070718408815 2.4742311434960214 2.453855215151161 2.433479286806266 2.413103358461406 2.3927274301165458 2.3723515017716856 2.3519755734268255 2.331599645081965 2.311223716737105 2.2908477883922447 2.2704718600473845 2.2500959317025244 2.2297200033576643 2.2093440750128037 2.1889681466679436 2.168592218323049 2.1482162899781887 2.1278403616333286 2.1074644332884684 2.0870885049436083 2.0667125765987477 2.0463366482538876 2.0259607199090275 2.0055847915641674 1.9993710273277203
4.100231652950653 3.99845571613632 3.896679779321988 3.794903842507656 3.6931279056933244 3.5913519688789926 3.4895760320646607 3.387800095250329 3.2860241584358234 3.1842482216214916 3.0824722848071597 2.980696347992828 2.878920411178496 2.8161108103085435 2.794957103338257 2.7738033963679714 2.752649689397685 2.731495982427399 2.7103422754571134 2.689188568486827 2.6680348615165412 2.646881154546219 2.625727447575933 2.6045737406056473 2.583420033635361 2.562266326665075 2.541112619694789 2.519958912724503 2.498805205754217 2.477651498783931 2.456497791813645 2.4353440848433587 2.414190377873073 2.393036670902787 2.371882963932465 2.350729256962179 2.3295755499918926 2.308421843021607 2.2872681360513205 2.2661144290810347 2.244960722110749 2.223807015140463 2.2026533081701767 2.1949636367061784
4.363344679856031 4.2581242981736755 4.15290391649132 4.047683534808965 3.94246315312661 3.837242771444255 3.7320223897619 3.6268020080795447 3.52158162639701 3.416361244714655 3.3111408630323 3.2059204813499447 3.1007000996675895 3.0357349070519053 3.0138034214561933 2.9918719358604813 2.9699404502647693 2.9480089646690577 2.9260774790733457 2.9041459934776337 2.8822145078819217 2.8602830222861724 2.838351536690461 2.816420051094749 2.794488565499037 2.772557079903325 2.750625594307613 2.728694108711901 2.706762623116189 2.684831137520477 2.662899651924765 2.6409681663290536 2.6190366807333416 2.5971051951376296 2.5751737095418803 2.5532422239461683 2.5313107383504567 2.5093792527547447 2.4874477671590327 2.465516281563321 2.443584795967609 2.421653310371897 2.399721824776185 2.3905562460846355
4.626457706761409 4.517792880211029 4.409128053660652 4.3004632271102725 4.191798400559895 4.0831335740095165 3.974468747459138 3.8658039209087596 3.757139094358196 3.648474267807818 3.5398094412574395 3.431144614707061 3.3224797881566825 3.255359003795266 3.2326497395741285 3.2099404753529908 3.187231211131853 3.1645219469107153 3.1418126826895776 3.11910341846844 3.096394154247302 3.0736848900261258 3.050975625804988 3.0282663615838503 3.0055570973627126 2.982847833141575 2.960138568920437 2.9374293046992994 2.9147200404781612 2.892010776257024 2.869301512035886 2.8465922478147485 2.8238829835936103 2.801173719372473 2.7784644551512963 2.7557551909301585 2.733045926709021 2.710336662487883 2.6876273982667453 2.6649181340456076 2.64220886982447 2.619499605603332 2.5967903413821944 2.5861488554630934
4.889570733667011 4.777461462248606 4.665352190830202 4.553242919411797 4.441133647993393 4.3290243765749885 4.216915105156584 4.10480583373818 3.9926965623195834 3.880587290901179 3.7684780194827745 3.65636874806437 3.544259476645965 3.474983100538815 3.4514960576922507 3.4280090148456868 3.4045219719991224 3.381034929152558 3.3575478863059938 3.3340608434594294 3.310573800612865 3.287086757766261 3.2635997149196965 3.2401126720731326 3.2166256292265683 3.193138586380004 3.1696515435334396 3.1461645006868753 3.122677457840311 3.0991904149937466 3.0757033721471827 3.0522163293006184 3.028729286454054 3.0052422436074897 2.9817552007608854 2.958268157914321 2.9347811150677567 2.9112940722211924 2.8878070293746285 2.864319986528064 2.8408329436815 2.8173459008349355 2.793858857988371 2.7817414648417174
5.152683760572389 5.037130044285961 4.921576327999533 4.8060226117131055 4.690468895426678 4.57491517914025 4.459361462853822 4.3438077465673945 4.22825403028077 4.112700313994342 3.9971465977079146 3.881592881421487 3.766039165135059 3.694607197282177 3.6703423758101867 3.6460775543381967 3.6218127328662066 3.5975479113942166 3.573283089922226 3.549018268450236 3.524753446978246 3.500488625506214 3.476223804034224 3.451958982562234 3.427694161090244 3.4034293396182536 3.3791645181462635 3.3548996966742735 3.3306348752022834 3.3063700537302934 3.282105232258303 3.257840410786313 3.2335755893143228 3.2093107678423323 3.185045946370301 3.160781124898311 3.136516303426321 3.1122514819543303 3.0879866604823403 3.0637218390103502 3.03945701753836 3.01519219606637 2.9909273745943796 2.9773340742201744
5.415796787477767 5.296798626323316 5.177800465168865 5.058802304014414 4.939804142859963 4.8208059817055116 4.7018078205510605 4.58280965939661 4.463811498241956 4.344813337087505 4.225815175933054 4.106817014778603 3.987818853624152 3.914231294025538 3.889188693928122 3.864146093830706 3.83910349373329 3.814060893635874 3.789018293538458 3.763975693441042 3.738933093343626 3.7138904932461676 3.6888478931487514 3.6638052930513356 3.6387626929539194 3.6137200928565036 3.5886774927590874 3.5636348926616717 3.5385922925642554 3.5135496924668397 3.4885070923694235 3.4634644922720077 3.4384218921745915 3.4133792920771757 3.388336691979717 3.363294091882301 3.338251491784885 3.313208891687469 3.288166291590053 3.263123691492637 3.238081091395221 3.213038491297805 3.187995891200389 3.1729266835986323
