Figures/CREST_Example_wjb_NSE/Rolling_result/20100722/raw_forecast_backup/ens_2/wjb.rain.20100730.asc
ncols            288
nrows            254
xllcorner        113.274861
yllcorner        31.4918055
cellsize         0.008333333333
NODATA_value     -9999
[rows 114 to 132 of 254, columns 132 to 175 of 288]
0.1516110689081831 0.15494440229105322 0.1582777356739233 0.1616110690567934 0.16494440243966352 0.1682777358225336 0.1716110692054037 0.17494440258827382 0.1782777359711439 0.181611069354014 0.18494440273688412 0.1882777361197599 0.19161106950263 0.19494440288550008 0.1982777362683702 0.2042165220406741 0.2129405953497474 0.22166466865882073 0.23038874196789408 0.2391128152769674 0.24783688858604072 0.25656096189511407 0.2652850352041874 0.2740091085132607 0.2827331818223489 0.29145725513142223 0.30018132844049555 0.3089054017495689 0.3176294750586422 0.3263535483677156 0.3350776216767889 0.3438016949858622 0.35252576829493554 0.36124984160400886 0.3699739149130822 0.3786979882221555 0.3874220615312288 0.396146134840317 0.40487020814939034 0.41359428145846366 0.422318354767537 0.4310424280766103 0.43976650138568363 0.44849057469475695
0.1516110689081831 0.15494440229105322 0.1582777356739233 0.1616110690567934 0.16494440243966352 0.1682777358225336 0.1716110692054037 0.17494440258827382 0.1782777359711439 0.181611069354014 0.18494440273688412 0.1882777361197599 0.19161106950263 0.19494440288550008 0.1982777362683702 0.20416281982231044 0.2127757820269043 0.22138874423149818 0.23000170643609205 0.23861466864068592 0.2472276308452798 0.25584059304987367 0.26445355525446756 0.2730665174590614 0.28167947966366996 0.29029244186826386 0.2989054040728577 0.3075183662774516 0.31613132848204545 0.32474429068663935 0.3333572528912332 0.3419702150958271 0.350583177300421 0.35919613950501483 0.3678091017096087 0.3764220639142026 0.3850350261187965 0.393647988323405 0.4022609505279989 0.41087391273259277 0.4194868749371866 0.42809983714178046 0.43671279934637436 0.44532576155096826
0.1516110689081831 0.15494440229105322 0.1582777356739233 0.1616110690567934 0.16494440243966352 0.1682777358225336 0.1716110692054037 0.17494440258827382 0.1782777359711439 0.181611069354014 0.18494440273688412 0.1882777361197599 0.19161106950263 0.19494440288550008 0.1982777362683702 0.2041091176039468 0.2126109687040612 0.22111281980417563 0.22961467090429002 0.23811652200440445 0.24661837310451887 0.25512022420463326 0.2636220753047477 0.2721239264048621 0.280625777504991 0.28912762860510544 0.29762947970521986 0.3061313308053343 0.3146331819054487 0.3231350330055631 0.3316368841056775 0.34013873520579196 0.34864058630590633 0.3571424374060208 0.3656442885061352 0.3741461396062496 0.382647990706364 0.3911498418064929 0.39965169290660735 0.40815354400672177 0.4166553951068362 0.4251572462069506 0.43365909730706503 0.44216094840717945
0.1516110689081831 0.15494440229105322 0.1582777356739233 0.1616110690567934 0.16494440243966352 0.1682777358225336 0.1716110692054037 0.17494440258827382 0.1782777359711439 0.181611069354014 0.18494440273688412 0.1882777361197599 0.19161106950263 0.19494440288550008 0.1982777362683702 0.20405541538558314 0.21244615538121808 0.22083689537685305 0.22922763537248803 0.23761837536812297 0.24600911536375794 0.2543998553593929 0.26279059535502786 0.2711813353506628 0.2795720753463121 0.28796281534194706 0.296353555337582 0.304744295333217 0.31313503532885195 0.3215257753244869 0.3299165153201219 0.33830725531575684 0.3466979953113918 0.3550887353070268 0.3634794753026617 0.37187021529829667 0.38026095529393167 0.38865169528958093 0.3970424352852159 0.4054331752808509 0.41382391527648577 0.42221465527212076 0.43060539526775576 0.43899613526339065
0.1516110689081831 0.15494440229105322 0.1582777356739233 0.1616110690567934 0.16494440243966352 0.1682777358225336 0.1716110692054037 0.17494440258827382 0.1782777359711439 0.181611069354014 0.18494440273688412 0.1882777361197599 0.19161106950263 0.19494440288550008 0.1982777362683702 0.20400171316721943 0.21228134205837484 0.22056097094953026 0.22884059984068567 0.23712022873184108 0.2453998576229965 0.2536794865141519 0.2619591154053073 0.2702387442964627 0.2785183731876323 0.2867980020787877 0.2950776309699431 0.3033572598610985 0.3116368887522539 0.31991651764340934 0.32819614653456475 0.33647577542572016 0.34475540431687557 0.353035033208031 0.3613146620991864 0.3695942909903418 0.3778739198814972 0.3861535487726667 0.39443317766382213 0.40271280655497754 0.41099243544613295 0.41927206433728836 0.4275516932284438 0.4358313221195992
0.1516110689081831 0.15494440229105322 0.1582777356739233 0.1616110690567934 0.16494440243966352 0.1682777358225336 0.1716110692054037 0.17494440258827382 0.1782777359711439 0.181611069354014 0.18494440273688412 0.1882777361197599 0.19161106950263 0.19494440288550008 0.1982777362683702 0.20394801094885578 0.21211652873553175 0.2202850465222077 0.22845356430888367 0.23662208209555963 0.24479059988223556 0.25295911766891155 0.2611276354555875 0.2692961532422634 0.27746467102895334 0.28563318881562927 0.29380170660230526 0.3019702243889812 0.3101387421756572 0.3183072599623331 0.32647577774900904 0.33464429553568503 0.342812813322361 0.35098133110903695 0.3591498488957129 0.3673183666823889 0.37548688446906486 0.38365540225575473 0.3918239200424307 0.39999243782910665 0.4081609556157826 0.4163294734024585 0.4244979911891345 0.4326665089758105
0.1516110689081831 0.15494440229105322 0.1582777356739233 0.1616110690567934 0.16494440243966352 0.1682777358225336 0.1716110692054037 0.17494440258827382 0.1782777359711439 0.181611069354014 0.18494440273688412 0.1882777361197599 0.19161106950263 0.19494440288550008 0.1982777362683702 0.20389430873049214 0.21195171541268865 0.22000912209488513 0.22806652877708164 0.23612393545927815 0.24418134214147466 0.25223874882367114 0.26029615550586765 0.26835356218806417 0.2764109688702744 0.2844683755524709 0.2925257822346674 0.3005831889168639 0.30864059559906043 0.31669800228125694 0.32475540896345345 0.3328128156456499 0.3408702223278465 0.34892762901004293 0.35698503569223944 0.36504244237443595 0.37309984905663246 0.38115725573884274 0.3892146624210392 0.3972720691032357 0.4053294757854322 0.4133868824676287 0.42144428914982524 0.4295016958320217
0.1516110689081831 0.15494440229105322 0.1582777356739233 0.1616110690567934 0.16494440243966352 0.1682777358225336 0.1716110692054037 0.17494440258827382 0.1782777359711439 0.181611069354014 0.18494440273688412 0.1882777361197599 0.19161106950263 0.19494440288550008 0.1982777362683702 0.20384060651212849 0.21178690208984552 0.21973319766756258 0.2276794932452796 0.23562578882299667 0.2435720844007137 0.25151837997843074 0.25946467555614783 0.26741097113386486 0.27535726671159544 0.2833035622893125 0.29124985786702956 0.2991961534447466 0.3071424490224637 0.3150887446001807 0.32303504017789775 0.33098133575561484 0.3389276313333318 0.3468739269110489 0.35482022248876594 0.36276651806648297 0.37071281364420006 0.37865910922193063 0.38660540479964767 0.39455170037736476 0.4024979959550818 0.4104442915327988 0.4183905871105159 0.42633688268823294
0.1516110689081831 0.15494440229105322 0.1582777356739233 0.1616110690567934 0.16494440243966352 0.1682777358225336 0.1716110692054037 0.17494440258827382 0.1782777359711439 0.181611069354014 0.18494440273688412 0.1882777361197599 0.19161106950263 0.19494440288550008 0.1982777362683702 0.20378690429376484 0.21162208876700242 0.21945727324024 0.2272924577134776 0.2351276421867152 0.2429628266599528 0.2507980111331904 0.258633195606428 0.26646838007966556 0.27430356455291655 0.2821387490261541 0.2899739334993917 0.2978091179726293 0.30564430244586693 0.3134794869191045 0.3213146713923421 0.32914985586557965 0.33698504033881727 0.3448202248120549 0.3526554092852925 0.3604905937585301 0.36832577823176765 0.37616096270501864 0.38399614717825625 0.3918313316514938 0.39966651612473136 0.407501700597969 0.4153368850712066 0.4231720695444442
0.1516110689081831 0.15494440229105322 0.1582777356739233 0.1616110690567934 0.16494440243966352 0.1682777358225336 0.1716110692054037 0.17494440258827382 0.1782777359711439 0.181611069354014 0.18494440273688412 0.1882777361197599 0.19161106950263 0.19494440288550008 0.1982777362683702 0.2037332020754012 0.21145727544415932 0.21918134881291745 0.2269054221816756 0.23462949555043372 0.24235356891919188 0.25007764228795004 0.2578017156567082 0.2655257890254663 0.2732498623942376 0.28097393576299573 0.2886980091317539 0.29642208250051205 0.3041461558692702 0.3118702292380283 0.31959430260678645 0.3273183759755446 0.3350424493443027 0.34276652271306085 0.350490596081819 0.3582146694505771 0.36593874281933525 0.3736628161881066 0.3813868895568647 0.38911096292562286 0.396835036294381 0.4045591096631391 0.4122831830318973 0.42000725640065545
0.1516110689081831 0.15494440229105322 0.1582777356739233 0.1616110690567934 0.16494440243966352 0.1682777358225336 0.1716110692054037 0.17494440258827382 0.1782777359711439 0.181611069354014 0.18494440273688412 0.1882777361197599 0.19161106950263 0.19494440288550008 0.1982777362683702 0.20367949985703748 0.21129246212131605 0.21890542438559465 0.22651838664987325 0.23413134891415183 0.24174431117843043 0.24935727344270903 0.2569702357069876 0.26458319797126617 0.27219616023555776 0.27980912249983636 0.28742208476411496 0.29503504702839356 0.3026480092926721 0.3102609715569507 0.3178739338212293 0.3254868960855079 0.3330998583497865 0.34071282061406505 0.3483257828783437 0.35593874514262225 0.36355170740690085 0.37116466967119244 0.378777631935471 0.38639059419974964 0.3940035564640282 0.4016165187283068 0.4092294809925854 0.4168424432568639
0.1516110689081831 0.15494440229105322 0.1582777356739233 0.1616110690567934 0.16494440243966352 0.1682777358225336 0.1716110692054037 0.17494440258827382 0.1782777359711439 0.181611069354014 0.18494440273688412 0.1882777361197599 0.19161106950263 0.19494440288550008 0.1982777362683702 0.20362579763867383 0.21112764879847296 0.2186294999582721 0.22613135111807123 0.23363320227787038 0.2411350534376695 0.24863690459746865 0.2561387557572678 0.2636406069170669 0.27114245807687887 0.278644309236678 0.2861461603964771 0.29364801155627623 0.30114986271607536 0.30865171387587453 0.31615356503567366 0.3236554161954728 0.33115726735527196 0.3386591185150711 0.3461609696748702 0.3536628208346694 0.36116467199446844 0.3686665231542804 0.37616837431407957 0.38367022547387863 0.3911720766336778 0.39867392779347693 0.40617577895327606 0.41367763011307523
0.1516110689081831 0.15494440229105322 0.1582777356739233 0.1616110690567934 0.16494440243966352 0.1682777358225336 0.1716110692054037 0.17494440258827382 0.1782777359711439 0.181611069354014 0.18494440273688412 0.1882777361197599 0.19161106950263 0.19494440288550008 0.1982777362683702 0.20357209542031018 0.21096283547562986 0.21835357553094953 0.2257443155862692 0.2331350556415889 0.24052579569690857 0.24791653575222825 0.2553072758075479 0.2626980158628676 0.2700887559181999 0.27747949597351956 0.28487023602883926 0.2922609760841589 0.2996517161394786 0.3070424561947983 0.314433196250118 0.32182393630543765 0.3292146763607573 0.336605416416077 0.3439961564713967 0.3513868965267164 0.3587776365820361 0.36616837663736834 0.37355911669268804 0.38094985674800774 0.3883405968033274 0.39573133685864703 0.40312207691396673 0.41051281696928643
0.1516110689081831 0.15494440229105322 0.1582777356739233 0.1616110690567934 0.16494440243966352 0.1682777358225336 0.1716110692054037 0.17494440258827382 0.1782777359711439 0.181611069354014 0.18494440273688412 0.1882777361197599 0.19161106950263 0.19494440288550008 0.1982777362683702 0.2035183932019465 0.21079802215278676 0.21807765110362698 0.2253572800544672 0.23263690900530742 0.23991653795614765 0.24719616690698787 0.2544757958578281 0.2617554248086683 0.26903505375952097 0.2763146827103612 0.2835943116612014 0.29087394061204164 0.29815356956288186 0.3054331985137221 0.3127128274645623 0.3199924564154025 0.32727208536624275 0.33455171431708297 0.3418313432679232 0.34911097221876347 0.3563906011696037 0.3636702301204563 0.3709498590712965 0.37822948802213674 0.38550911697297696 0.39278874592381724 0.40006837487465746 0.4073480038254977
0.1516110689081831 0.15494440229105322 0.1582777356739233 0.1616110690567934 0.16494440243966352 0.1682777358225336 0.1716110692054037 0.17494440258827382 0.1782777359711439 0.181611069354014 0.18494440273688412 0.1882777361197599 0.19161106950263 0.19494440288550008 0.1982777362683702 0.20346469098358286 0.21063320882994363 0.2178017266763044 0.22497024452266517 0.23213876236902595 0.23930728021538672 0.2464757980617475 0.25364431590810826 0.260812833754469 0.267981351600842 0.27514986944720277 0.28231838729356357 0.28948690513992437 0.2966554229862851 0.30382394083264586 0.31099245867900666 0.3181609765253674 0.3253294943717282 0.33249801221808895 0.3396665300644497 0.3468350479108105 0.3540035657571713 0.36117208360354425 0.36834060144990505 0.3755091192962658 0.3826776371426266 0.38984615498898734 0.3970146728353481 0.4041831906817089
0.1516110689081831 0.15494440229105322 0.1582777356739233 0.1616110690567934 0.16494440243966352 0.1682777358225336 0.1716110692054037 0.17494440258827382 0.1782777359711439 0.181611069354014 0.18494440273688412 0.1882777361197599 0.19161106950263 0.19494440288550008 0.1982777362683702 0.2034109887652192 0.21046839550710053 0.21752580224898185 0.22458320899086318 0.23164061573274447 0.2386980224746258 0.24575542921650712 0.25281283595838844 0.25987024270026976 0.2669276494421631 0.2739850561840444 0.2810424629259257 0.28809986966780704 0.29515727640968836 0.3022146831515697 0.309272089893451 0.31632949663533233 0.32338690337721365 0.3304443101190949 0.3375017168609763 0.34455912360285756 0.3516165303447389 0.35867393708663226 0.3657313438285136 0.37278875057039484 0.3798461573122762 0.3869035640541575 0.39396097079603887 0.40101837753792013
0.1516110689081831 0.15494440229105322 0.1582777356739233 0.1616110690567934 0.16494440243966352 0.1682777358225336 0.1716110692054037 0.17494440258827382 0.1782777359711439 0.181611069354014 0.18494440273688412 0.1882777361197599 0.19161106950263 0.19494440288550008 0.1982777362683702 0.20335728654685556 0.21030358218425743 0.21724987782165928 0.22419617345906115 0.23114246909646302 0.23808876473386487 0.24503506037126674 0.2519813560086686 0.25892765164607046 0.2658739472834842 0.272820242920886 0.2797665385582879 0.28671283419568977 0.2936591298330916 0.3006054254704935 0.30755172110789536 0.3144980167452972 0.32144431238269905 0.3283906080201009 0.3353369036575028 0.3422831992949047 0.3492294949323065 0.35617579056972026 0.36312208620712205 0.37006838184452395 0.37701467748192585 0.38396097311932764 0.39090726875672954 0.3978535643941314
0.1516110689081831 0.15494440229105322 0.1582777356739233 0.1616110690567934 0.16494440243966352 0.1682777358225336 0.1716110692054037 0.17494440258827382 0.1782777359711439 0.181611069354014 0.18494440273688412 0.1882777361197599 0.19161106950263 0.19494440288550008 0.1982777362683702 0.20330358432849185 0.21013876886141417 0.21697395339433648 0.22380913792725882 0.23064432246018113 0.23747950699310344 0.24431469152602575 0.25114987605894806 0.2579850605918704 0.26482024512480434 0.27165542965772665 0.27849061419064897 0.2853257987235713 0.2921609832564936 0.2989961677894159 0.3058313523223382 0.3126665368552605 0.31950172138818284 0.32633690592110515 0.33317209045402746 0.34000727498694977 0.3468424595198721 0.35367764405280605 0.36051282858572836 0.3673480131186507 0.374183197651573 0.3810183821844953 0.3878535667174176 0.3946887512503399
0.1516110689081831 0.15494440229105322 0.1582777356739233 0.1616110690567934 0.16494440243966352 0.1682777358225336 0.1716110692054037 0.17494440258827382 0.1782777359711439 0.181611069354014 0.18494440273688412 0.1882777361197599 0.19161106950263 0.19494440288550008 0.1982777362683702 0.2032498821101282 0.20997395553857107 0.21669802896701393 0.2234221023954568 0.23014617582389965 0.2368702492523425 0.24359432268078535 0.25031839610922824 0.25704246953767107 0.2637665429661254 0.2704906163945683 0.2772146898230111 0.28393876325145395 0.29066283667989684 0.2973869101083397 0.30411098353678256 0.3108350569652254 0.3175591303936683 0.3242832038221111 0.331007277250554 0.33773135067899684 0.3444554241074397 0.35117949753589406 0.3579035709643369 0.3646276443927797 0.37135171782122256 0.37807579124966545 0.38479986467810834 0.3915239381065512
