Figures/CREST_Example_wjb_NSE/Rolling_result/20100722/raw_forecast_backup/ens_2/wjb.rain.20100725.asc
ncols            288
nrows            254
xllcorner        113.274861
yllcorner        31.4918055
cellsize         0.008333333333
NODATA_value     -9999
[rows 200 to 219 of 254, columns 44 to 87 of 288]
-9999.0 -9999.0 -9999.0 -9999.0 -9999.0 -9999.0 -9999.0 -9999.0 -9999.0 -9999.0 6.600071681739952 6.572687788010494 6.5453038942810355 6.509843906859137 6.465750392732131 6.421656878605124 6.377563364478118 6.333469850351111 6.289376336224105 6.245282822097099 6.201189307970092 6.157095793843011 6.113002279716005 6.068908765588998 6.024815251461992 5.980721737334985 5.936628223207979 5.892534709080972 5.848441194953966 5.804347680826959 5.760254166699953 5.716160652572947 5.67206713844594 5.627973624318934 5.583880110191853 5.539786596064846 5.49569308193784 5.451599567810833 5.407506053683827 5.36341253955682 5.319319025429814 5.275225511302807 5.231131997175801 5.222737024416666
-9999.0 -9999.0 -9999.0 -9999.0 -9999.0 -9999.0 -9999.0 -9999.0 -9999.0 6.565038367913358 6.535687807008765 6.506337246104171 6.476986685199577 6.440805922500379 6.3973235196963625 6.353841116892346 6.310358714088329 6.266876311284313 6.223393908480296 6.179911505676279 6.136429102872262 6.092946700068172 6.049464297264155 6.005981894460138 5.962499491656121 5.9190170888521045 5.875534686048088 5.832052283244072 5.788569880440055 5.745087477636038 5.701605074832021 5.6581226720280045 5.614640269223988 5.571157866419972 5.52767546361588 5.484193060811863 5.440710658007847 5.39722825520383 5.353745852399814 5.310263449595797 5.26678104679178 5.223298643987763 5.1798162411837465 5.171226846420135
-9999.0 -9999.0 -9999.0 -9999.0 -9999.0 -9999.0 -9999.0 -9999.0 6.533938388437035 6.502621160357306 6.471303932277577 6.439986704197849 6.40866947611812 6.371767938141622 6.328896646660596 6.286025355179568 6.243154063698541 6.2002827722175144 6.157411480736487 6.11454018925546 6.071668897774433 6.028797606293333 5.985926314812306 5.943055023331279 5.900183731850252 5.857312440369225 5.814441148888198 5.7715698574071705 5.728698565926144 5.685827274445117 5.642955982964089 5.600084691483063 5.557213400002036 5.514342108521008 5.471470817039909 5.428599525558882 5.385728234077854 5.3428569425968275 5.299985651115801 5.257114359634773 5.214243068153746 5.17137177667272 5.128500485191692 5.119716668423602
-9999.0 -9999.0 -9999.0 -9999.0 -9999.0 -9999.0 -9999.0 -9999.0 -9999.0 6.440203952801253 6.40692005754639 6.373636162291525 6.340352267036662 6.302729953782865 6.260469773624828 6.21820959346679 6.175949413308753 6.133689233150716 6.0914290529926785 6.049168872834641 6.006908692676603 5.964648512518495 5.922388332360457 5.88012815220242 5.837867972044382 5.795607791886345 5.753347611728308 5.71108743157027 5.668827251412233 5.626567071254195 5.584306891096158 5.542046710938121 5.499786530780083 5.457526350622047 5.415266170463937 5.3730059903058995 5.330745810147862 5.288485629989825 5.246225449831788 5.20396526967375 5.161705089515713 5.119444909357675 5.077184729199638 5.0682064904270705
-9999.0 -9999.0 -9999.0 -9999.0 -9999.0 -9999.0 -9999.0 -9999.0 -9999.0 -9999.0 6.3425361828151745 6.307285620385175 6.272035057955175 6.233691969424078 6.192042900589031 6.150393831753983 6.108744762918936 6.067095694083888 6.025446625248841 5.983797556413793 5.942148487578746 5.900499418743628 5.858850349908581 5.817201281073533 5.775552212238486 5.733903143403438 5.692254074568391 5.650605005733343 5.608955936898296 5.567306868063248 5.525657799228201 5.484008730393153 5.442359661558107 5.400710592723059 5.359061523887941 5.317412455052893 5.275763386217846 5.234114317382798 5.192465248547751 5.150816179712704 5.109167110877657 5.067518042042609 5.025868973207562 5.016696312430517
-9999.0 -9999.0 -9999.0 -9999.0 -9999.0 -9999.0 -9999.0 -9999.0 -9999.0 -9999.0 6.278152308083987 6.240935078478852 6.203717848873717 6.16465398506532 6.123616027553263 6.0825780700412055 6.041540112529147 6.00050215501709 5.959464197505032 5.918426239992974 5.877388282480917 5.836350324968789 5.795312367456732 5.754274409944673 5.713236452432616 5.672198494920558 5.6311605374085 5.590122579896443 5.549084622384385 5.508046664872327 5.46700870736027 5.4259707498482115 5.384932792336154 5.343894834824097 5.302856877311969 5.261818919799911 5.220780962287853 5.179743004775796 5.138705047263738 5.09766708975168 5.056629132239623 5.0155911747275645 4.974553217215507 4.965186134433984
-9999.0 -9999.0 -9999.0 -9999.0 -9999.0 -9999.0 -9999.0 -9999.0 -9999.0 -9999.0 -9999.0 -9999.0 6.135400639792259 6.0956160007065625 6.055189154517494 6.014762308328427 5.974335462139359 5.9339086159502905 5.893481769761223 5.853054923572155 5.812628077383087 5.77220123119395 5.731774385004882 5.691347538815814 5.6509206926267455 5.610493846437678 5.57006700024861 5.529640154059542 5.4892133078704735 5.448786461681406 5.408359615492338 5.36793276930327 5.3275059231142015 5.287079076925134 5.246652230735997 5.206225384546929 5.165798538357861 5.125371692168793 5.084944845979725 5.044517999790656 5.004091153601589 4.963664307412521 4.923237461223453 4.913675956437452
-9999.0 -9999.0 -9999.0 -9999.0 -9999.0 -9999.0 -9999.0 -9999.0 -9999.0 -9999.0 -9999.0 -9999.0 -9999.0 6.026578016347776 5.986762281481698 5.94694654661562 5.907130811749542 5.867315076883464 5.827499342017386 5.787683607151308 5.74786787228523 5.708052137419084 5.668236402553005 5.628420667686927 5.58860493282085 5.548789197954772 5.508973463088694 5.469157728222616 5.429341993356537 5.389526258490459 5.349710523624381 5.309894788758303 5.270079053892225 5.230263319026147 5.190447584160001 5.150631849293923 5.110816114427845 5.071000379561767 5.0311846446956885 4.99136890982961 4.951553174963532 4.911737440097454 4.871921705231376 4.8621657784408985
-9999.0 -9999.0 -9999.0 -9999.0 -9999.0 -9999.0 -9999.0 -9999.0 -9999.0 -9999.0 -9999.0 -9999.0 -9999.0 5.957540031989018 5.91833540844593 5.879130784902841 5.839926161359753 5.800721537816665 5.761516914273576 5.722312290730488 5.6831076671874 5.6439030436442446 5.6046984201011565 5.5654937965580675 5.5262891730149795 5.487084549471891 5.447879925928802 5.408675302385714 5.369470678842626 5.330266055299537 5.291061431756449 5.251856808213361 5.212652184670272 5.173447561127184 5.134242937584029 5.0950383140409405 5.0558336904978525 5.0166290669547635 4.9774244434116754 4.938219819868587 4.899015196325498 4.85981057278241 4.820605949239322 4.810655600444367
-9999.0 -9999.0 -9999.0 -9999.0 -9999.0 -9999.0 -9999.0 -9999.0 -9999.0 -9999.0 -9999.0 -9999.0 -9999.0 -9999.0 5.8499085354101625 5.811315023190064 5.772721510969965 5.734127998749867 5.695534486529768 5.656940974309669 5.61834746208957 5.5797539498694055 5.5411604376493075 5.502566925429209 5.46397341320911 5.425379900989011 5.386786388768912 5.348192876548814 5.309599364328715 5.271005852108616 5.232412339888517 5.193818827668419 5.1552253154483205 5.116631803228222 5.078038291008057 5.039444778787958 5.000851266567859 4.962257754347761 4.923664242127662 4.8850707299075635 4.846477217687465 4.807883705467367 4.769290193247268 4.759145422447834
-9999.0 -9999.0 -9999.0 -9999.0 -9999.0 -9999.0 -9999.0 -9999.0 -9999.0 -9999.0 -9999.0 -9999.0 -9999.0 -9999.0 -9999.0 5.743499261477257 5.705516860580148 5.667534459683039 5.62955205878593 5.591569657888821 5.553587256991713 5.515604856094539 5.47762245519743 5.439640054300321 5.401657653403213 5.363675252506105 5.325692851608996 5.287710450711887 5.249728049814778 5.2117456489176694 5.173763248020561 5.135780847123452 5.097798446226343 5.059816045329234 5.021833644432061 4.983851243534952 4.945868842637843 4.907886441740734 4.869904040843625 4.831921639946517 4.793939239049408 4.7559568381523 4.717974437255191 4.70763524445128
-9999.0 -9999.0 -9999.0 -9999.0 -9999.0 -9999.0 -9999.0 -9999.0 -9999.0 -9999.0 -9999.0 -9999.0 -9999.0 -9999.0 -9999.0 -9999.0 -9999.0 -9999.0 5.563569631042122 5.526198341468002 5.4888270518938835 5.451455762319701 5.414084472745581 5.3767131831714625 5.339341893597344 5.301970604023224 5.2645993144491054 5.227228024874986 5.189856735300867 5.152485445726748 5.115114156152629 5.07774286657851 5.040371577004391 5.003000287430272 4.965628997856089 4.92825770828197 4.890886418707851 4.853515129133732 4.816143839559613 4.778772549985494 4.741401260411375 4.704029970837255 4.6666586812631365 4.656125066454749
-9999.0 -9999.0 -9999.0 -9999.0 -9999.0 -9999.0 -9999.0 -9999.0 -9999.0 -9999.0 -9999.0 -9999.0 -9999.0 -9999.0 -9999.0 -9999.0 -9999.0 -9999.0 5.497587203298312 5.460827025047183 5.4240668467960536 5.387306668544861 5.350546490293732 5.313786312042603 5.277026133791473 5.240265955540344 5.203505777289214 5.1667455990380855 5.129985420786956 5.093225242535826 5.056465064284697 5.019704886033567 4.982944707782439 4.946184529531309 4.9094243512801174 4.872664173028988 4.835903994777858 4.799143816526729 4.762383638275599 4.725623460024471 4.688863281773341 4.652103103522212 4.615342925271082 4.604614888458216
-9999.0 -9999.0 -9999.0 -9999.0 -9999.0 -9999.0 -9999.0 -9999.0 -9999.0 -9999.0 -9999.0 -9999.0 -9999.0 -9999.0 -9999.0 -9999.0 -9999.0 -9999.0 -9999.0 -9999.0 5.359306641698197 5.323157574769995 5.287008507841856 5.250859440913716 5.214710373985577 5.1785613070574374 5.142412240129298 5.1062631732011585 5.070114106273019 5.03396503934488 4.99781597241674 4.961666905488601 4.925517838560461 4.889368771632322 4.853219704704121 4.8170706377759815 4.780921570847842 4.744772503919703 4.708623436991563 4.672474370063424 4.636325303135284 4.600176236207145 4.564027169279005 4.553104710461662
-9999.0 -9999.0 -9999.0 -9999.0 -9999.0 -9999.0 -9999.0 -9999.0 -9999.0 -9999.0 -9999.0 -9999.0 -9999.0 -9999.0 -9999.0 -9999.0 -9999.0 -9999.0 -9999.0 -9999.0 -9999.0 -9999.0 5.223470525390006 -9999.0 5.152394614179707 5.116856658574557 5.081318702969408 5.045780747364258 5.010242791759108 4.9747048361539585 4.939166880548808 4.903628924943659 4.868090969338509 4.832553013733359 4.797015058128149 4.761477102522999 4.72593914691785 4.6904011913126995 4.65486323570755 4.619325280102401 4.5837873244972505 4.548249368892101 4.512711413286951 4.5015945324651305
-9999.0 -9999.0 -9999.0 -9999.0 -9999.0 -9999.0 -9999.0 -9999.0 -9999.0 -9999.0 -9999.0 -9999.0 -9999.0 -9999.0 -9999.0 -9999.0 -9999.0 -9999.0 -9999.0 -9999.0 -9999.0 -9999.0 -9999.0 -9999.0 -9999.0 -9999.0 5.020225165809517 4.985298321527357 4.950371477245197 4.9154446329630375 4.880517788680877 4.845590944398717 4.810664100116557 4.775737255834397 4.740810411552177 4.705883567270018 4.6709567229878575 4.636029878705697 4.601103034423537 4.566176190141377 4.531249345859217 4.4963225015770565 4.461395657294897 4.450084354468598
-9999.0 -9999.0 -9999.0 -9999.0 -9999.0 -9999.0 -9999.0 -9999.0 -9999.0 -9999.0 -9999.0 -9999.0 -9999.0 -9999.0 -9999.0 -9999.0 -9999.0 -9999.0 -9999.0 -9999.0 -9999.0 -9999.0 -9999.0 -9999.0 -9999.0 -9999.0 4.959131628649627 4.924815895690457 4.8905001627312865 4.8561844297721155 4.821868696812945 4.787552963853775 4.753237230894605 4.718921497935434 4.684605764976205 4.650290032017035 4.615974299057864 4.581658566098694 4.547342833139524 4.513027100180354 4.478711367221183 4.444395634262013 4.410079901302843 4.398574176472066
-9999.0 -9999.0 -9999.0 -9999.0 -9999.0 -9999.0 -9999.0 -9999.0 -9999.0 -9999.0 -9999.0 -9999.0 -9999.0 -9999.0 -9999.0 -9999.0 -9999.0 -9999.0 -9999.0 -9999.0 -9999.0 -9999.0 -9999.0 -9999.0 -9999.0 -9999.0 -9999.0 4.86433346985353 4.83062884821735 4.796924226581169 4.763219604944989 4.729514983308808 4.695810361672628 4.662105740036447 4.628401118400209 4.594696496764029 4.560991875127849 4.527287253491668 4.493582631855488 4.459878010219307 4.426173388583127 4.392468766946946 4.358764145310766 4.347063998475512
-9999.0 -9999.0 -9999.0 -9999.0 -9999.0 -9999.0 -9999.0 -9999.0 -9999.0 -9999.0 -9999.0 -9999.0 -9999.0 -9999.0 -9999.0 -9999.0 -9999.0 -9999.0 -9999.0 -9999.0 -9999.0 -9999.0 -9999.0 -9999.0 -9999.0 -9999.0 -9999.0 -9999.0 4.770757533703438 4.737664023390247 4.704570513077057 4.671477002763866 4.638383492450675 4.605289982137484 4.572196471824237 4.5391029615110465 4.506009451197856 4.472915940884665 4.439822430571475 4.406728920258284 4.373635409945093 4.340541899631902 4.307448389318711 4.295553820478981
-9999.0 -9999.0 -9999.0 -9999.0 -9999.0 -9999.0 -9999.0 -9999.0 -9999.0 -9999.0 -9999.0 -9999.0 -9999.0 -9999.0 -9999.0 -9999.0 -9999.0 -9999.0 -9999.0 -9999.0 -9999.0 -9999.0 -9999.0 -9999.0 -9999.0 -9999.0 -9999.0 -9999.0 -9999.0 4.678403820199326 4.645921421209125 4.613439022218924 4.580956623228722 4.548474224238522 4.515991825248266 4.483509426258064 4.451027027267863 4.418544628277663 4.386062229287461 4.35357983029726 4.321097431307059 4.288615032316859 4.256132633326657 4.244043642482448
