Figures/CREST_Example_wjb_NSE/Rolling_result/20100722/raw_forecast_backup/ens_2/wjb.rain.20100722.asc
ncols            288
nrows            254
xllcorner        113.274861
yllcorner        31.4918055
cellsize         0.008333333333
NODATA_value     -9999
[rows 180 to 199 of 254, columns 220 to 263 of 288]
7.876912545090699 7.724462519529935 7.57201249396943 7.419562468408924 7.267112442848419 7.114662417287914 6.962212391727409 6.809762366166904 6.657312340606399 6.504862315045894 6.35241228948539 6.199962263924885 6.047512238364379 5.895062212803874 5.742612187243109 5.5901621616826045 5.437712136122099 5.306717950579588 5.19866054365444 5.0906031367292925 4.982545729804145 4.874488322878997 4.766430915953849 4.658373509028702 4.550316102103554 4.442258695178406 4.334201288253259 4.226143881327927 4.118086474402778 4.010029067477631 3.9019716605524835 3.7939142536273356 3.6858568467021877 3.5777994397770403 3.4697420328518924 -9999.0 -9999.0 -9999.0 -9999.0 -9999.0 -9999.0 -9999.0 -9999.0 -9999.0
7.889795926879404 7.734345901000983 7.578895875122827 7.423445849244672 7.267995823366515 7.112545797488361 6.957095771610204 6.801645745732049 6.646195719853893 6.490745693975738 6.335295668097581 6.179845642219426 6.02439561634127 5.868945590463114 5.713495564584694 5.558045538706538 5.402595512828382 5.270104989263257 5.1621586933432475 5.054212397423238 4.9462661015032285 4.83831980558322 4.7303735096632105 4.622427213743201 4.5144809178231915 4.406534621903182 4.298588325983173 4.19064203006298 4.08269573414297 3.974749438222961 3.8668031423029516 3.758856846382942 3.6509105504629327 3.5429642545429236 -9999.0 -9999.0 -9999.0 -9999.0 -9999.0 -9999.0 -9999.0 -9999.0 -9999.0 -9999.0
7.902679308668107 7.7442292824720305 7.585779256276225 7.427329230080418 7.268879203884612 7.110429177688806 6.951979151492999 6.7935291252971926 6.635079099101386 6.47662907290558 6.3181790467097745 6.159729020513968 6.001278994318161 5.842828968122355 5.684378941926278 5.525928915730472 5.367478889534666 5.233492027946927 5.125656843032056 5.017821658117184 4.909986473202314 4.802151288287443 4.6943161033725715 4.586480918457701 4.47864573354283 4.370810548627959 4.262975363713088 4.1551401787980335 4.047304993883162 3.9394698089682914 3.8316346240534203 3.723799439138549 3.6159642542236785 -9999.0 -9999.0 -9999.0 -9999.0 -9999.0 -9999.0 -9999.0 -9999.0 -9999.0 -9999.0 -9999.0
7.915562690456822 7.754112663943088 7.592662637429628 7.431212610916168 7.269762584402709 7.108312557889249 6.946862531375789 6.785412504862331 6.62396247834887 6.462512451835411 6.301062425321952 6.139612398808492 5.978162372295032 5.816712345781573 5.6552623192678375 5.493812292754378 5.332362266240919 5.196879066630564 5.0891549927208315 4.9814309188111 4.873706844901367 4.765982770991634 4.6582586970819015 4.55053462317217 4.442810549262437 4.335086475352704 4.2273624014429725 4.119638327533056 4.011914253623323 3.904190179713591 3.7964661058038587 3.688742031894126 3.5810179579843933 3.4732938840746614 -9999.0 -9999.0 -9999.0 -9999.0 -9999.0 -9999.0 -9999.0 -9999.0 -9999.0 -9999.0
7.928446072245526 7.763996045414135 7.599546018583025 7.435095991751915 7.270645964920805 7.106195938089694 6.941745911258584 6.777295884427474 6.612845857596364 6.448395830765254 6.283945803934143 6.119495777103034 5.955045750271924 5.790595723440814 5.626145696609423 5.461695669778313 5.297245642947202 5.160266105314234 5.05265314240964 4.945040179505046 4.837427216600451 4.729814253695857 4.6222012907912635 4.51458832788667 4.406975364982076 4.299362402077481 4.191749439172887 4.084136476268109 3.9765235133635155 3.868910550458921 3.761297587554327 3.653684624649733 3.546071661745139 3.438458698840545 -9999.0 -9999.0 -9999.0 -9999.0 -9999.0 -9999.0 -9999.0 -9999.0 -9999.0 -9999.0
7.94132945403423 7.773879426885184 7.606429399736423 7.438979372587662 7.271529345438902 7.1040793182901405 6.936629291141379 6.769179263992619 6.601729236843858 6.434279209695097 6.266829182546337 6.099379155397576 5.9319291282488145 5.764479101100054 5.597029073951007 5.429579046802247 5.262129019653486 5.123653143997903 5.016151292098448 4.908649440198992 4.8011475882995365 4.6936457364000805 4.5861438845006255 4.4786420326011696 4.371140180701714 4.263638328802258 4.156136476902802 4.048634625003163 3.9411327731037074 3.833630921204252 3.726129069304796 3.61862721740534 3.5111253655058845 3.4036235136064286 -9999.0 -9999.0 -9999.0 -9999.0 -9999.0 -9999.0 -9999.0 -9999.0 -9999.0 -9999.0
7.954212835822934 7.783762808356231 7.61331278088982 7.442862753423409 7.272412725956997 7.101962698490586 6.931512671024175 6.7610626435577625 6.5906126160913505 6.42016258862494 6.249712561158528 6.079262533692117 5.908812506225705 5.738362478759294 5.5679124512925915 5.39746242382618 5.227012396359768 5.087040182681572 4.979649441787255 4.872258700892938 4.764867959998621 4.657477219104303 4.550086478209986 4.442695737315669 4.3353049964213515 4.2279142555270335 4.120523514632716 4.013132773738216 3.9057420328438988 3.798351291949581 3.690960551055264 3.583569810160947 -9999.0 -9999.0 -9999.0 -9999.0 -9999.0 -9999.0 -9999.0 -9999.0 -9999.0 -9999.0 -9999.0 -9999.0
7.967096217611639 7.79364618982728 7.620196162043218 7.446746134259156 7.273296106475094 7.099846078691032 6.92639605090697 6.752946023122908 6.579495995338846 6.406045967554784 6.232595939770721 6.059145911986659 5.885695884202597 5.7122458564185346 5.538795828634177 5.365345800850115 5.191895773066053 5.050427221365243 4.943147591476063 4.835867961586884 4.728588331697705 4.621308701808526 4.514029071919348 4.4067494420301685 4.299469812140989 4.19219018225181 4.084910552362631 3.9776309224732698 3.8703512925840906 3.7630716626949114 3.6557920328057327 -9999.0 -9999.0 -9999.0 -9999.0 -9999.0 -9999.0 -9999.0 -9999.0 -9999.0 -9999.0 -9999.0 -9999.0 -9999.0
7.979979599400342 7.803529571298329 7.627079543196615 7.450629515094903 7.274179486993189 7.097729458891477 6.921279430789764 6.744829402688051 6.568379374586339 6.391929346484625 6.215479318382913 6.0390292902812 5.862579262179487 5.686129234077774 5.50967920597576 5.333229177874048 5.156779149772335 5.013814260048911 4.90664574116487 4.79947722228083 4.692308703396789 4.585140184512749 4.477971665628708 4.3708031467446675 4.263634627860627 4.156466108976586 4.049297590092546 3.9421290712083223 3.834960552324282 3.7277920334402417 3.620623514556201 -9999.0 -9999.0 -9999.0 -9999.0 -9999.0 -9999.0 -9999.0 -9999.0 -9999.0 -9999.0 -9999.0 -9999.0 -9999.0
7.992862981189058 7.813412952769385 7.633962924350019 7.4545128959306535 7.275062867511287 7.095612839091921 6.916162810672555 6.736712782253189 6.5572627538338235 6.377812725414457 6.198362696995091 6.018912668575725 5.839462640156359 5.660012611736993 5.480562583317321 5.301112554897955 5.121662526478588 4.97720129873255 4.870143890853647 4.763086482974745 4.6560290750958435 4.548971667216941 4.441914259338039 4.334856851459137 4.227799443580235 4.1207420357013325 4.013684627822431 3.906627219943346 3.799569812064444 3.6925124041855417 3.5854549963066393 -9999.0 -9999.0 -9999.0 -9999.0 -9999.0 -9999.0 -9999.0 -9999.0 -9999.0 -9999.0 -9999.0 -9999.0 -9999.0
8.00574636297776 7.823296334240433 7.640846305503416 7.4583962767664 7.275946248029383 7.093496219292366 6.91104619055535 6.7285961618183325 6.546146133081316 6.363696104344299 6.181246075607283 5.998796046870266 5.81634601813325 5.633895989396232 5.451445960658905 5.268995931921888 5.086545903184872 4.9405883374162185 4.833642040542455 4.726695743668691 4.619749446794927 4.512803149921163 4.4058568530474 4.298910556173636 4.191964259299873 4.085017962426109 3.9780716655523447 3.871125368678399 3.7641790718046355 3.6572327749308715 3.5502864780571075 3.443340181183344 -9999.0 -9999.0 -9999.0 -9999.0 -9999.0 -9999.0 -9999.0 -9999.0 -9999.0 -9999.0 -9999.0 -9999.0
8.018629744766464 7.833179715711481 7.647729686656813 7.462279657602146 7.276829628547479 7.091379599492812 6.905929570438144 6.720479541383478 6.53502951232881 6.349579483274143 6.164129454219475 5.978679425164808 5.79322939611014 5.607779367055473 5.42232933800049 5.236879308945823 5.051429279891155 4.903975376099888 4.7971401902312625 4.690305004362638 4.583469818494012 4.4766346326253865 4.369799446756762 4.262964260888136 4.156129075019511 4.049293889150885 3.9424587032822602 3.8356235174134525 3.728788331544827 3.6219531456762017 3.5151179598075766 3.408282773938951 -9999.0 -9999.0 -9999.0 -9999.0 -9999.0 -9999.0 -9999.0 -9999.0 -9999.0 -9999.0 -9999.0 -9999.0
8.031513126555168 7.8430630971825295 7.654613067810211 7.466163038437893 7.277713009065575 7.089262979693258 6.900812950320939 6.712362920948621 6.523912891576304 6.335462862203985 6.147012832831668 5.958562803459349 5.770112774087032 5.581662744714714 5.393212715342075 5.204762685969757 5.016312656597439 4.867362414783558 4.760638339920071 4.653914265056584 4.547190190193097 4.44046611532961 4.333742040466123 4.227017965602636 4.120293890739149 4.013569815875662 3.906845741012175 3.800121666148506 3.693397591285019 3.5866735164215324 3.479949441558045 3.373225366694558 -9999.0 -9999.0 -9999.0 -9999.0 -9999.0 -9999.0 -9999.0 -9999.0 -9999.0 -9999.0 -9999.0 -9999.0
8.030476257156689 7.842892947383168 7.655309637609969 7.46772632783677 7.28014301806357 7.09255970829037 6.904976398517171 6.717393088743971 6.529809778970771 6.342226469197572 6.154643159424372 5.967059849651172 5.779476539877972 5.591893230104773 5.4043099203312535 5.216726610558053 5.029143300784854 4.880928185803629 4.774798562126938 4.668668938450248 4.562539314773558 4.456409691096868 4.350280067420177 4.244150443743487 4.138020820066796 4.031891196390106 3.9257615727134154 3.819631949036544 3.713502325359854 3.607372701683163 3.501243078006473 3.3951134543297825 3.288983830653092 -9999.0 -9999.0 -9999.0 -9999.0 -9999.0 -9999.0 -9999.0 -9999.0 -9999.0 -9999.0 -9999.0
8.014559516636163 7.831976206332435 7.649392896029017 7.466809585725598 7.2842262754221805 7.101642965118763 6.919059654815345 6.736476344511927 6.553893034208508 6.3713097239050915 6.188726413601673 6.006143103298255 5.823559792994837 5.6409764826914195 5.45839317238769 5.275809862084272 5.093226551780854 4.948131858912759 4.843113346612 4.738094834311242 4.633076322010483 4.528057809709725 4.423039297408966 4.318020785108208 4.21300227280745 4.107983760506691 4.002965248205933 3.897946735904995 3.7929282236042363 3.6879097113034778 3.5828911990027197 3.477872686701961 3.3728541744012026 -9999.0 -9999.0 -9999.0 -9999.0 -9999.0 -9999.0 -9999.0 -9999.0 -9999.0 -9999.0 -9999.0
7.998642776115646 7.821059465281705 7.6434761544480665 7.465892843614428 7.28830953278079 7.110726221947152 6.933142911113514 6.7555596002798755 6.577976289446236 6.400392978612598 6.22280966777896 6.045226356945322 5.8676430461116835 5.690059735278045 5.512476424444104 5.334893113610466 5.157309802776828 5.01533553202186 4.911428131097033 4.807520730172206 4.7036133292473785 4.599705928322551 4.495798527397725 4.391891126472898 4.287983725548071 4.184076324623244 4.080168923698417 3.9762615227734126 3.8723541218485855 3.768446720923759 3.664539319998932 3.5606319190741047 3.4567245181492776 -9999.0 -9999.0 -9999.0 -9999.0 -9999.0 -9999.0 -9999.0 -9999.0 -9999.0 -9999.0 -9999.0
7.982726035595127 7.810142724230975 7.637559412867116 7.464976101503257 7.292392790139399 7.11980947877554 6.947226167411681 6.774642856047822 6.602059544683963 6.429476233320105 6.256892921956246 6.0843096105923875 5.911726299228529 5.73914298786467 5.566559676500517 5.393976365136658 5.2213930537727995 5.08253920513096 4.979742915582064 4.876946626033169 4.774150336484274 4.671354046935378 4.568557757386483 4.465761467837587 4.362965178288691 4.260168888739796 4.1573725991909 4.0545763096418295 3.951780020092934 3.8489837305440386 3.746187440995143 3.643391151446248 3.540594861897352 -9999.0 -9999.0 -9999.0 -9999.0 -9999.0 -9999.0 -9999.0 -9999.0 -9999.0 -9999.0 -9999.0
7.966809295074603 7.79922598318024 7.631642671286164 7.4640593593920865 7.296476047498009 7.128892735603932 6.961309423709856 6.793726111815779 6.626142799921702 6.458559488027625 6.290976176133548 6.123392864239471 5.955809552345395 5.788226240451317 5.620642928556955 5.453059616662878 5.285476304768801 5.149742878240091 5.048057700067127 4.946372521894164 4.8446873437211995 4.743002165548236 4.641316987375273 4.539631809202309 4.437946631029345 4.336261452856382 4.234576274683418 4.132891096510281 4.031205918337317 3.929520740164354 3.82783556199139 3.7261503838184264 3.624465205645463 -9999.0 -9999.0 -9999.0 -9999.0 -9999.0 -9999.0 -9999.0 -9999.0 -9999.0 -9999.0 -9999.0
7.950892554554084 7.78830924212951 7.6257259297052125 7.463142617280916 7.300559304856618 7.13797599243232 6.9753926800080235 6.812809367583727 6.650226055159429 6.487642742735131 6.325059430310834 6.162476117886537 5.99989280546224 5.837309493037942 5.6747261806133675 5.512142868189071 5.349559555764773 5.216946551349191 5.1163724845521585 5.015798417755127 4.915224350958095 4.814650284161062 4.71407621736403 4.613502150566998 4.512928083769966 4.412354016972934 4.311779950175902 4.211205883378698 4.110631816581666 4.010057749784634 3.9094836829876014 -9999.0 -9999.0 -9999.0 -9999.0 -9999.0 -9999.0 -9999.0 -9999.0 -9999.0 -9999.0 -9999.0 -9999.0 -9999.0
7.934975814033566 7.77739250107878 7.619809188124263 7.462225875169745 7.304642562215227 7.1470592492607095 6.989475936306192 6.831892623351674 6.674309310397156 6.516725997442639 6.359142684488122 6.2015593715336035 6.043976058579085 5.886392745624568 5.728809432669782 5.571226119715264 5.4136428067607465 5.284150224458292 5.184687269037191 5.085224313616091 4.98576135819499 4.886298402773889 4.7868354473527885 4.687372491931688 4.587909536510587 4.4884465810894865 4.388983625668386 4.289520670247116 4.190057714826015 4.090594759404914 3.991131803983814 -9999.0 -9999.0 -9999.0 -9999.0 -9999.0 -9999.0 -9999.0 -9999.0 -9999.0 -9999.0 -9999.0 -9999.0 -9999.0
