Figures/CREST_Example_wjb_NSE/Rolling_result/20100722/raw_forecast_backup/ens_2/wjb.rain.20100728.asc
ncols            288
nrows            254
xllcorner        113.274861
yllcorner        31.4918055
cellsize         0.008333333333
NODATA_value     -9999
[rows 160 to 179 of 254, columns 45 to 89 of 288]
1.2981167031563856 1.2722889226254739 1.246461142094562 1.2206333615636502 1.1948055810327385 1.1689778005018265 1.1431500199709148 1.117322239439959 1.0914944589090472 1.0656666783781352 1.0398388978472235 1.0140111173163118 0.995698069338803 0.9854184403200528 0.9751388113013025 0.9648591822825523 0.9545795532638021 0.9442999242450518 0.9340202952263015 0.9237406662075514 0.9134610371887836 0.9031814081700333 0.8929017791512831 0.8826221501325329 0.8723425211137826 0.8620628920950324 0.8517832630762822 0.8415036340575319 0.8312240050387817 0.8209443760200315 0.8106647470012812 0.800385117982531 0.7901054889637807 0.779825859945013 0.7695462309262627 0.7592666019075125 0.7489869728887621 0.738707343870012 0.7284277148512617 0.7181480858325116 0.7078684568137612 0.6975888277950111 0.6948346668148899 0.700125401308569 0.7054161358022482
1.26195560223943 1.2357944884281935 1.209633374616957 1.1834722608057207 1.1573111469944841 1.1311500331832476 1.104988919372011 1.07882780556073 1.0526666917494936 1.026505577938257 1.0003444641270205 0.974183350315784 0.9557517778689871 0.9455832598553753 0.9354147418417634 0.9252462238281516 0.9150777058145397 0.9049091878009279 0.8947406697873159 0.8845721517737042 0.8744036337600749 0.8642351157464631 0.8540665977328512 0.8438980797192394 0.8337295617056275 0.8235610436920157 0.8133925256784038 0.803224007664792 0.7930554896511801 0.7828869716375683 0.7727184536239564 0.7625499356103445 0.7523814175967327 0.7422128995831034 0.7320443815694916 0.7218758635558797 0.7117073455422679 0.701538827528656 0.6913703095150442 0.6812017915014323 0.6710332734878204 0.6608647554742086 0.6577920877501838 0.6623050444131657 0.6668180010761475
1.2257945013224743 1.1993000542309131 1.172805607139352 1.1463111600477909 1.1198167129562295 1.0933222658646684 1.0668278187731073 1.040333371681501 1.0138389245899397 0.9873444774983786 0.9608500304068175 0.9343555833152564 0.9158054863991713 0.9057480793906978 0.8956906723822243 0.8856332653737509 0.8755758583652774 0.8655184513568039 0.8554610443483305 0.8454036373398569 0.8353462303313663 0.8252888233228929 0.8152314163144194 0.8051740093059458 0.7951166022974724 0.7850591952889989 0.7750017882805255 0.764944381272052 0.7548869742635785 0.7448295672551051 0.7347721602466315 0.7247147532381581 0.7146573462296846 0.704599939221194 0.6945425322127206 0.684485125204247 0.6744277181957735 0.6643703111873001 0.6543129041788266 0.6442554971703531 0.6341980901618797 0.6241406831534062 0.6207495086854778 0.6244846875177624 0.628219866350047
1.1969559918818553 1.1706115514687556 1.1442671110556557 1.1179226706425558 1.091578230229456 1.0652337898163564 1.0388893494032565 1.0125449089901117 0.9862004685770119 0.9598560281639121 0.9335115877508123 0.9071671473377125 0.888722301876009 0.8787223019757513 0.8687223020754937 0.8587223021752362 0.8487223022749785 0.8387223023747209 0.8287223024744633 0.8187223025742056 0.808722302673931 0.7987223027736734 0.7887223028734158 0.7787223029731581 0.7687223030729006 0.758722303172643 0.7487223032723853 0.7387223033721277 0.7287223034718702 0.7187223035716125 0.7087223036713549 0.6987223037710973 0.6887223038708397 0.678722303970565 0.6687223040703074 0.6587223041700498 0.6487223042697922 0.6387223043695346 0.6287223044692769 0.6187223045690193 0.6087223046687618 0.5987223047685042 0.5952703963771349 0.5988185458521309 0.6023666953271268
1.1759448711470242 1.1502670973608011 1.124589323574578 1.098911549788355 1.073233776002132 1.0475560022159087 1.0218782284296857 0.9962004546434188 0.9705226808571957 0.9448449070709727 0.9191671332847495 0.8934893594985265 0.8753889673511178 0.8653889674508601 0.8553889675506026 0.845388967650345 0.8353889677500873 0.8253889678498297 0.8153889679495722 0.8053889680493145 0.7953889681490398 0.7853889682487822 0.7753889683485247 0.765388968448267 0.7553889685480094 0.7453889686477518 0.7353889687474942 0.7253889688472366 0.715388968946979 0.7053889690467213 0.6953889691464638 0.6853889692462062 0.6753889693459485 0.6653889694456738 0.6553889695454163 0.6453889696451587 0.635388969744901 0.6253889698446434 0.6153889699443857 0.6053889700441282 0.5953889701438706 0.585388970243613 0.5821518707907828 0.5861444648161513 0.5901370588415199
1.154933750412193 1.1299226432528466 1.1049115360935002 1.0799004289341538 1.0548893217748077 1.0298782146154613 1.004867107456115 0.9798560002967259 0.9548448931373796 0.9298337859780332 0.9048226788186869 0.8798115716593405 0.8620556328262268 0.8520556329259691 0.8420556330257115 0.8320556331254539 0.8220556332251963 0.8120556333249387 0.8020556334246811 0.7920556335244234 0.7820556336241489 0.7720556337238912 0.7620556338236336 0.7520556339233759 0.7420556340231184 0.7320556341228608 0.7220556342226031 0.7120556343223455 0.702055634422088 0.6920556345218303 0.6820556346215727 0.6720556347213151 0.6620556348210574 0.6520556349207828 0.6420556350205252 0.6320556351202676 0.62205563522001 0.6120556353197524 0.6020556354194948 0.5920556355192372 0.5820556356189795 0.5720556357187219 0.5690333452044307 0.5734703837801719 0.577907422355913
1.133922629677362 1.1095781891448921 1.0852337486124226 1.060889308079953 1.0365448675474833 1.0122004270150138 0.9878559864825441 0.963511545950033 0.9391671054175633 0.9148226648850938 0.8904782243526241 0.8661337838201545 0.8487222983013356 0.8387222984010779 0.8287222985008204 0.8187222986005628 0.8087222987003051 0.7987222988000475 0.78872229889979 0.7787222989995323 0.7687222990992577 0.758722299199 0.7487222992987425 0.7387222993984848 0.7287222994982272 0.7187222995979696 0.7087222996977119 0.6987222997974544 0.6887222998971968 0.6787222999969391 0.6687223000966815 0.658722300196424 0.6487223002961663 0.6387223003958916 0.628722300495634 0.6187223005953765 0.6087223006951188 0.5987223007948612 0.5887223008946036 0.5787223009943461 0.5687223010940884 0.5587223011938307 0.5559148196180786 0.5607963027441923 0.565677785870306
1.1129115089425308 1.0892337350369377 1.065555961131345 1.0418781872257519 1.0182004133201592 0.9945226394145662 0.9708448655089733 0.94716709160334 0.9234893176977471 0.8998115437921542 0.8761337698865613 0.8524559959809684 0.8353889637764444 0.8253889638761868 0.8153889639759292 0.8053889640756716 0.7953889641754139 0.7853889642751564 0.7753889643748988 0.7653889644746411 0.7553889645743666 0.7453889646741089 0.7353889647738513 0.7253889648735936 0.715388964973336 0.7053889650730785 0.6953889651728208 0.6853889652725632 0.6753889653723056 0.665388965472048 0.6553889655717904 0.6453889656715328 0.6353889657712751 0.6253889658710005 0.6153889659707429 0.6053889660704853 0.5953889661702276 0.5853889662699701 0.5753889663697125 0.5653889664694549 0.5553889665691972 0.5453889666689395 0.5427962940317265 0.5481222217082128 0.5534481493846991
1.0919003882076994 1.0688892809289834 1.0458781736502671 1.022867066371551 0.9998559590928348 0.9768448518141186 0.9538337445354025 0.930822637256647 0.9078115299779309 0.8848004226992148 0.8617893154204985 0.8387782081417824 0.8220556292515533 0.8120556293512956 0.802055629451038 0.7920556295507805 0.7820556296505228 0.7720556297502652 0.7620556298500076 0.75205562994975 0.7420556300494754 0.7320556301492177 0.7220556302489601 0.7120556303487025 0.7020556304484449 0.6920556305481873 0.6820556306479296 0.672055630747672 0.6620556308474145 0.6520556309471568 0.6420556310468992 0.6320556311466416 0.622055631246384 0.6120556313461093 0.6020556314458517 0.5920556315455942 0.5820556316453365 0.5720556317450789 0.5620556318448213 0.5520556319445638 0.5420556320443061 0.5320556321440484 0.5296777684453744 0.5354481406722332 0.5412185128990922
1.0708892674728683 1.048544826821029 1.0262003861691893 1.00385594551735 0.9815115048655105 0.9591670642136711 0.9368226235618317 0.9144781829099541 0.8921337422581147 0.8697893016062752 0.8474448609544358 0.8251004203025963 0.8087222947266621 0.7987222948264044 0.7887222949261469 0.7787222950258893 0.7687222951256316 0.758722295225374 0.7487222953251165 0.7387222954248588 0.7287222955245842 0.7187222956243265 0.708722295724069 0.6987222958238113 0.6887222959235537 0.6787222960232961 0.6687222961230385 0.6587222962227809 0.6487222963225233 0.6387222964222656 0.6287222965220081 0.6187222966217505 0.6087222967214928 0.5987222968212181 0.5887222969209606 0.578722297020703 0.5687222971204453 0.5587222972201877 0.5487222973199302 0.5387222974196726 0.5287222975194149 0.5187222976191572 0.5165592428590222 0.5227740596362537 0.5289888764134851
1.0498781467380192 1.028200372713057 1.006522598688095 0.9848448246631327 0.9631670506381707 0.9414892766132085 0.9198115025882464 0.8981337285632472 0.8764559545382852 0.854778180513323 0.8331004064883608 0.8114226324633987 0.7953889602017596 0.785388960301502 0.7753889604012444 0.7653889605009868 0.7553889606007291 0.7453889607004716 0.735388960800214 0.7253889608999563 0.7153889609996817 0.7053889610994241 0.6953889611991665 0.6853889612989088 0.6753889613986512 0.6653889614983937 0.655388961598136 0.6453889616978784 0.6353889617976208 0.6253889618973631 0.6153889619971056 0.605388962096848 0.5953889621965903 0.5853889622963157 0.5753889623960581 0.5653889624958005 0.5553889625955428 0.5453889626952853 0.5353889627950277 0.5253889628947701 0.5153889629945124 0.5053889630942547 0.5034407172726589 0.5100999786002633 0.5167592399278679
1.028867026003188 1.0078559186051026 0.9868448112070172 0.9658337038089317 0.9448225964108463 0.9238114890127609 0.9028003816146756 0.8817892742165543 0.8607781668184689 0.8397670594203834 0.8187559520222981 0.7977448446242127 0.7820556256768685 0.7720556257766108 0.7620556258763532 0.7520556259760957 0.742055626075838 0.7320556261755804 0.7220556262753228 0.7120556263750651 0.7020556264747906 0.6920556265745329 0.6820556266742753 0.6720556267740176 0.6620556268737601 0.6520556269735025 0.6420556270732448 0.6320556271729872 0.6220556272727297 0.612055627372472 0.6020556274722144 0.5920556275719568 0.5820556276716992 0.5720556277714245 0.5620556278711669 0.5520556279709093 0.5420556280706517 0.5320556281703941 0.5220556282701365 0.512055628369879 0.5020556284696213 0.49205562856936363 0.4903221916863068 0.49742589756428385 0.5045296034422608
1.0078559052683569 0.9875114644971481 0.9671670237259395 0.9468225829547308 0.9264781421835221 0.9061337014123134 0.8857892606411047 0.8654448198698613 0.8451003790986527 0.824755938327444 0.8044114975562353 0.7840670567850266 0.7687222911519773 0.7587222912517196 0.7487222913514621 0.7387222914512045 0.7287222915509468 0.7187222916506892 0.7087222917504317 0.698722291850174 0.6887222919498994 0.6787222920496417 0.6687222921493842 0.6587222922491265 0.6487222923488689 0.6387222924486113 0.6287222925483537 0.6187222926480961 0.6087222927478385 0.5987222928475808 0.5887222929473233 0.5787222930470657 0.568722293146808 0.5587222932465333 0.5487222933462758 0.5387222934460182 0.5287222935457605 0.5187222936455029 0.5087222937452454 0.49872229384498773 0.4887222939447301 0.4787222940444725 0.4772036660999547 0.4847518165283043 0.4922999669566539
0.9868447845335256 0.9671670103891936 0.9474892362448617 0.9278114621005298 0.9081336879561979 0.8884559138118658 0.8687781396675339 0.8491003655231684 0.8294225913788364 0.8097448172345045 0.7900670430901725 0.7703892689458406 0.7553889566270862 0.7453889567268285 0.7353889568265709 0.7253889569263133 0.7153889570260556 0.7053889571257981 0.6953889572255405 0.6853889573252828 0.6753889574250083 0.6653889575247506 0.655388957624493 0.6453889577242353 0.6353889578239778 0.6253889579237202 0.6153889580234625 0.6053889581232049 0.5953889582229474 0.5853889583226897 0.5753889584224321 0.5653889585221745 0.5553889586219168 0.5453889587216422 0.5353889588213846 0.525388958921127 0.5153889590208693 0.5053889591206118 0.49538895922035414 0.48538895932009657 0.47538895941983894 0.4653889595195813 0.46408514051360256 0.47207773549232473 0.48007033047104697
0.9658336637986944 0.9468225562812392 0.9278114487637841 0.9088003412463288 0.8897892337288735 0.8707781262114183 0.8517670186939631 0.8327559111764755 0.8137448036590202 0.794733696141565 0.7757225886241097 0.7567114811066545 0.742055622102195 0.7320556222019373 0.7220556223016797 0.7120556224014222 0.7020556225011645 0.6920556226009069 0.6820556227006493 0.6720556228003918 0.6620556229001171 0.6520556229998594 0.6420556230996018 0.6320556231993443 0.6220556232990866 0.612055623398829 0.6020556234985714 0.5920556235983138 0.5820556236980562 0.5720556237977985 0.5620556238975409 0.5520556239972834 0.5420556240970258 0.5320556241967511 0.5220556242964934 0.5120556243962359 0.5020556244959783 0.49205562459572066 0.48205562469546304 0.4720556247952054 0.46205562489494784 0.4520556249946902 0.4509666149272505 0.45940365445634523 0.46784069398544004
0.9448225430638633 0.9264781021732849 0.9081336612827062 0.8897892203921278 0.8714447795015492 0.8531003386109708 0.8347558977203923 0.8164114568297824 0.798067015939204 0.7797225750486255 0.761378134158047 0.7430336932674685 0.7287222875773038 0.7187222876770462 0.7087222877767886 0.698722287876531 0.6887222879762733 0.6787222880760158 0.6687222881757582 0.6587222882755006 0.6487222883752259 0.6387222884749683 0.6287222885747107 0.6187222886744531 0.6087222887741954 0.5987222888739379 0.5887222889736803 0.5787222890734226 0.568722289173165 0.5587222892729073 0.5487222893726498 0.5387222894723922 0.5287222895721346 0.51872228967186 0.5087222897716023 0.4987222898713447 0.48872228997108713 0.4787222900708295 0.4687222901705719 0.45872229027031425 0.4487222903700567 0.43872229046979905 0.43784808934089836 0.44672957342036573 0.4556110574998331
0.9238114223290141 0.906133648065313 0.8884558738016117 0.8707780995379106 0.8531003252742093 0.8354225510105082 0.8177447767468069 0.8000670024830756 0.7823892282193744 0.7647114539556732 0.747033679691972 0.7293559054282708 0.7153889530524014 0.7053889531521437 0.6953889532518861 0.6853889533516285 0.6753889534513708 0.6653889535511133 0.6553889536508557 0.645388953750598 0.6353889538503235 0.6253889539500658 0.6153889540498082 0.6053889541495505 0.595388954249293 0.5853889543490354 0.5753889544487777 0.5653889545485201 0.5553889546482625 0.5453889547480049 0.5353889548477473 0.5253889549474897 0.515388955047232 0.5053889551469574 0.4953889552466998 0.4853889553464422 0.47538895544618454 0.46538895554592696 0.45538895564566934 0.44538895574541176 0.43538895584515414 0.4253889559448965 0.424729563754535 0.43405549238437535 0.4433814210142157
0.902800301594183 0.8857891939573586 0.8687780863205341 0.8517669786837097 0.8347558710468851 0.8177447634100606 0.8007336557732361 0.7837225481363826 0.7667114404995582 0.7497003328627337 0.7326892252259092 0.7156781175890847 0.7020556185275102 0.6920556186272525 0.6820556187269949 0.6720556188267374 0.6620556189264797 0.6520556190262221 0.6420556191259645 0.632055619225707 0.6220556193254323 0.6120556194251746 0.602055619524917 0.5920556196246595 0.5820556197244018 0.5720556198241442 0.5620556199238866 0.552055620023629 0.5420556201233714 0.5320556202231137 0.5220556203228561 0.5120556204225986 0.502055620522341 0.4920556206220663 0.48205562072180863 0.47205562082155106 0.4620556209212935 0.45205562102103586 0.44205562112077823 0.4320556212205206 0.42205562132026303 0.4120556214200054 0.41161103816818295 0.42138141134839585 0.43115178452860875
0.8817891808593519 0.8654447398494042 0.8491002988394565 0.8327558578295087 0.8164114168195609 0.8000669758096132 0.7837225347996655 0.7673780937896898 0.7510336527797421 0.7346892117697943 0.7183447707598466 0.7020003297498989 0.6887222840026191 0.6787222841023615 0.6687222842021039 0.6587222843018463 0.6487222844015886 0.6387222845013311 0.6287222846010735 0.6187222847008158 0.6087222848005411 0.5987222849002836 0.588722285000026 0.5787222850997683 0.5687222851995107 0.5587222852992532 0.5487222853989955 0.5387222854987379 0.5287222855984803 0.5187222856982227 0.5087222857979651 0.4987222858977075 0.4887222859974498 0.47872228609717515 0.4687222861969176 0.45872228629666 0.4487222863964023 0.43872228649614475 0.4287222865958871 0.41872228669562955 0.4087222867953719 0.3987222868951143 0.3984925125818309 0.40870733031241635 0.4189221480430019
0.8607780601245207 0.8451002857414497 0.8294225113583786 0.8137447369753077 0.7980669625922366 0.7823891882091656 0.7667114138260946 0.7510336394429968 0.7353558650599259 0.7196780906768548 0.7040003162937838 0.6883225419107128 0.675388949477728 0.6653889495774703 0.6553889496772127 0.6453889497769552 0.6353889498766975 0.6253889499764399 0.6153889500761823 0.6053889501759246 0.59538895027565 0.5853889503753924 0.5753889504751348 0.5653889505748771 0.5553889506746196 0.545388950774362 0.5353889508741043 0.5253889509738467 0.5153889510735892 0.5053889511733315 0.4953889512730739 0.48538895137281635 0.47538895147255866 0.465388951572284 0.4553889516720264 0.44538895177176885 0.43538895187151117 0.4253889519712536 0.41538895207099596 0.4053889521707384 0.39538895227048076 0.38538895237022314 0.3853739869954787 0.3960332492764368 0.4066925115573949
