Figures/CREST_Example_wjb_NSE/Rolling_result/20100722/BJP_forecast/ens_39/wjb.rain.20090908.asc
ncols            288
nrows            254
xllcorner        113.274861
yllcorner        31.4918055
cellsize         0.008333333333
NODATA_value     -9999
[rows 132 to 153 of 254, columns 0 to 48 of 288]
-9999.0 -9999.0 -9999.0 -9999.0 -9999.0 -9999.0 0.024029028220450676 0.030927340239236333 0.037825652258021994 0.04472396427680765 0.05162227629559331 0.058520588314378966 0.06541890033316462 0.07231721235196205 0.0792155243707477 0.08483691581224741 0.08909325030295079 0.09334958479365417 0.09760591928435755 0.10186225377506093 0.10611858826576431 0.1103749227564677 0.11463125724717108 0.11888759173787444 0.12314392622857784 0.1274002607192812 0.13165659520999184 0.13385575811924444 0.13385575811924444 0.13385575811924444 0.13385575811924444 0.13385575811924444 0.13385575811924444 0.13385575811924444 0.13385575811924444 0.13385575811924444 0.13385575811924444 0.13385575811924444 0.13385575811924444 0.13421282447302327 0.13495160282883428 0.1356903811846453 0.13642915954045629 0.1371679378962673 0.13790671625207832 0.1386454946078893 0.13938427296370032 0.14012305131951133 0.14086182967532235
-9999.0 -9999.0 -9999.0 0.0033067635485937337 0.010148532044440679 -9999.0 0.023832069036134565 0.03067383753198151 0.037515606027828455 0.0443573745236754 0.051199143019522345 0.05804091151536929 0.06488268001121623 0.07172444850707484 0.07856621700292178 0.08522893438609866 0.09170024208393898 0.09817154978177929 0.10464285747961961 0.11111416517745992 0.11758547287530025 0.12405678057314055 0.13052808827098086 0.13699939596882119 0.1434707036666615 0.1499420113645018 0.15641331906235317 0.15975691433066097 0.15975691433066097 0.15975691433066097 0.15975691433066097 0.15975691433066097 0.15975691433066097 0.15975691433066097 0.15975691433066097 0.15975691433066097 0.15975691433066097 0.15975691433066097 0.15975691433066097 0.1597419150038357 0.15971088105764342 0.1596798471114511 0.15964881316525883 0.15961777921906656 0.15958674527287425 0.15955571132668198 0.1595246773804897 0.1594936434342974 0.15946260948810512
-9999.0 -9999.0 -9999.0 0.003019634854176698 0.009267327593820398 0.0155150203334641 0.0217627130731078 0.028010405812751504 0.0342580985523952 0.040505791292038906 0.046753484031682606 0.053001176771326305 0.059248869510970005 0.06549656225062436 0.07174425499026807 0.0803313966460431 0.09141946205604695 0.10250752746605081 0.11359559287605467 0.12468365828605851 0.13577172369606239 0.14685978910606623 0.15794785451607007 0.16903591992607395 0.18012398533607782 0.19121205074608166 0.20230011615610444 0.20802909780411805 0.20802909780411805 0.20802909780411805 0.20802909780411805 0.20802909780411805 0.20802909780411805 0.20802909780411805 0.20802909780411805 0.20802909780411805 0.20802909780411805 0.20802909780411805 0.20802909780411805 0.20728222305557248 0.20573692232116328 0.20419162158675405 0.20264632085234482 0.20110102011793562 0.1995557193835264 0.1980104186491172 0.19646511791470797 0.19491981718029874 0.19337451644588954
-9999.0 -9999.0 -9999.0 0.0027325061597596617 0.008386123143200119 0.014039740126640578 0.019693357110081036 0.025346974093521494 0.03100059107696195 0.03665420806040241 0.04230782504384287 0.04796144202728333 0.05361505901072378 0.05926867599417388 0.06492229297761434 0.07543385890598753 0.09113868202815492 0.10684350515032234 0.12254832827248974 0.13825315139465716 0.15395797451682455 0.16966279763899195 0.18536762076115937 0.20107244388332676 0.21677726700549416 0.23248209012766158 0.24818691324985576 0.2563012812775752 0.2563012812775752 0.2563012812775752 0.2563012812775752 0.2563012812775752 0.2563012812775752 0.2563012812775752 0.2563012812775752 0.2563012812775752 0.2563012812775752 0.2563012812775752 0.2563012812775752 0.25482253110730935 0.2517629635846832 0.24870339606205705 0.2456438285394309 0.24258426101680475 0.2395246934941786 0.23646512597155245 0.2334055584489263 0.23034599092630018 0.22728642340367403
-9999.0 -9999.0 -9999.0 0.002445377465342626 0.007504918692579842 0.012564459919817058 0.017624001147054275 0.02268354237429149 0.027743083601528707 0.03280262482876592 0.037862166056003135 0.04292170728324035 0.04798124851047757 0.053040789737723415 0.05810033096496063 0.07053632116593196 0.09085790200026292 0.11117948283459386 0.13150106366892483 0.15182264450325578 0.17214422533758672 0.1924658061719177 0.21278738700624864 0.23310896784057958 0.25343054867491055 0.2737521295092415 0.2940737103436071 0.3045734647510323 0.3045734647510323 0.3045734647510323 0.3045734647510323 0.3045734647510323 0.3045734647510323 0.3045734647510323 0.3045734647510323 0.3045734647510323 0.3045734647510323 0.3045734647510323 0.3045734647510323 0.30236283915904616 0.2977890048482031 0.29321517053736 0.28864133622651694 0.28406750191567387 0.2794936676048308 0.2749198332939877 0.2703459989831446 0.2657721646723015 0.26119833036145845
-9999.0 -9999.0 -9999.0 0.002158248770925345 0.006623714241958811 0.011089179712992277 0.015554645184025743 0.02002011065505921 0.024485576126092676 0.02895104159712614 0.03341650706815961 0.03788197253919307 0.042347438010226536 0.04681290348126762 0.05127836895230108 0.06563878342587222 0.09057712197237065 0.11551546051886909 0.1404537990653675 0.16539213761186594 0.19033047615836438 0.2152688147048628 0.24020715325136124 0.2651454917978597 0.29008383034435814 0.31502216889085655 0.33996050743739753 0.3528456482245306 0.3528456482245306 0.3528456482245306 0.3528456482245306 0.3528456482245306 0.3528456482245306 0.3528456482245306 0.3528456482245306 0.3528456482245306 0.3528456482245306 0.3528456482245306 0.3528456482245306 0.3499031472108235 0.3438150461117622 0.3377269450127009 0.3316388439136396 0.3255507428145783 0.319462641715517 0.31337454061645575 0.3072864395173944 0.30119833841833316 0.29511023731927183
-9999.0 -9999.0 -9999.0 0.001871120076508309 0.005742509791338533 0.009613899506168757 0.013485289220998979 0.017356678935829203 0.021228068650659425 0.02509945836548965 0.028970848080319873 0.032842237795150095 0.03671362750998032 0.040585017224817145 0.04445640693964737 0.06074124568581665 0.09029634194447864 0.1198514382031406 0.14940653446180258 0.17896163072046456 0.20851672697912654 0.23807182323778853 0.2676269194964505 0.2971820157551125 0.3267371120137744 0.35629220827243646 0.3858473045311488 0.4011178316979877 0.4011178316979877 0.4011178316979877 0.4011178316979877 0.4011178316979877 0.4011178316979877 0.4011178316979877 0.4011178316979877 0.4011178316979877 0.4011178316979877 0.4011178316979877 0.4011178316979877 0.39744345526256036 0.3898410873752821 0.3822387194880039 0.37463635160072567 0.3670339837134474 0.3594316158261692 0.351829247938891 0.3442268800516127 0.33662451216433453 0.3290221442770563
-9999.0 0.0 0.0 0.001583991382091273 0.004861305340718254 0.008138619299345234 0.011415933257972214 0.014693247216599195 0.017970561175226177 0.021247875133853157 0.024525189092480137 0.027802503051107118 0.031079817009734098 0.034357130968366664 0.037634444926993645 0.05584370794576109 0.0900155619165866 0.12418741588741214 0.15835926985823767 0.19253112382906318 0.22670297779988874 0.26087483177071424 0.2950466857415398 0.3292185397123653 0.3633903936831908 0.3975622476540164 0.43173410162490017 0.44939001517144483 0.44939001517144483 0.44939001517144483 0.44939001517144483 0.44939001517144483 0.44939001517144483 0.44939001517144483 0.44939001517144483 0.44939001517144483 0.44939001517144483 0.44939001517144483 0.44939001517144483 0.4449837633142972 0.435867128638802 0.4267504939633069 0.4176338592878117 0.40851722461231654 0.39940058993682137 0.3902839552613262 0.381167320585831 0.37205068591033585 0.3629340512348407
-9999.0 0.0 0.0 0.0012968626876742374 0.003980100890097976 0.006663339092521714 0.009346577294945452 0.01202981549736919 0.014713053699792929 0.017396291902216667 0.020079530104640406 0.022762768307064144 0.025446006509487883 0.028129244711916197 0.030812482914339936 0.05094617020570552 0.0897347818886946 0.12852339357168366 0.16731200525467274 0.20610061693766182 0.24488922862065088 0.28367784030363996 0.32246645198662904 0.3612550636696181 0.4000436753526072 0.4388322870355963 0.4776208987186515 0.49766219864490197 0.49766219864490197 0.49766219864490197 0.49766219864490197 0.49766219864490197 0.49766219864490197 0.49766219864490197 0.49766219864490197 0.49766219864490197 0.49766219864490197 0.49766219864490197 0.49766219864490197 0.49252407136603404 0.48189316990232195 0.47126226843860985 0.4606313669748977 0.45000046551118567 0.4393695640474735 0.4287386625837615 0.4181077611200493 0.40747685965633723 0.39684595819262514
-9999.0 -9999.0 0.0 0.0010097339932572014 0.0030988964394776967 0.0051880588856981925 0.007277221331918687 0.009366383778139182 0.011455546224359679 0.013544708670580174 0.01563387111680067 0.017723033563021164 0.01981219600924166 0.021901358455465716 0.023990520901686213 0.046048632465649955 0.08945400186080257 0.1328593712559552 0.17626474065110784 0.21967011004626044 0.2630754794414131 0.3064808488365657 0.3498862182317183 0.39329158762687094 0.43669695702202355 0.48010232641717615 0.5235076958124029 0.5459343821183591 0.5459343821183591 0.5459343821183591 0.5459343821183591 0.5459343821183591 0.5459343821183591 0.5459343821183591 0.5459343821183591 0.5459343821183591 0.5459343821183591 0.5459343821183591 0.5459343821183591 0.5400643794177709 0.5279192111658418 0.5157740429139128 0.5036288746619838 0.49148370641005473 0.4793385381581257 0.4671933699061967 0.4550482016542676 0.4429030334023386 0.4307578651504096
-9999.0 -9999.0 0.0 0.0007226052988401654 0.002217691988857418 0.003712778678874671 0.005207865368891923 0.006702952058909176 0.008198038748926429 0.00969312543894368 0.011188212128960933 0.012683298818978186 0.01417838550899544 0.015673472199015243 0.017168558889032494 0.04115109472559438 0.08917322183291054 0.1371953489402267 0.18521747604754288 0.23323960315485903 0.2812617302621752 0.3292838573694914 0.3773059844768076 0.4253281115841237 0.4733502386914399 0.521372365798756 0.5693944929061541 0.5942065655918162 0.5942065655918162 0.5942065655918162 0.5942065655918162 0.5942065655918162 0.5942065655918162 0.5942065655918162 0.5942065655918162 0.5942065655918162 0.5942065655918162 0.5942065655918162 0.5942065655918162 0.5876046874695077 0.5739452524293617 0.5602858173892158 0.5466263823490698 0.5329669473089238 0.5193075122687779 0.5056480772286319 0.491988642188486 0.47832920714834004 0.46466977210819405
-9999.0 -9999.0 0.0 0.00043547660442312946 0.0013364875382371392 0.002237498472051149 0.003138509405865159 0.004039520339679169 0.004940531273493178 0.005841542207307189 0.006742553141121198 0.0076435640749352085 0.008544575008749219 0.009445585942564765 0.010346596876378775 0.03625355698553882 0.08889244180501854 0.14153132662449827 0.19417021144397797 0.2468090962634577 0.2994479810829374 0.3520868659024171 0.40472575072189687 0.4573646355413766 0.5100035203608563 0.562642405180336 0.6152812899999055 0.6424787490652734 0.6424787490652734 0.6424787490652734 0.6424787490652734 0.6424787490652734 0.6424787490652734 0.6424787490652734 0.6424787490652734 0.6424787490652734 0.6424787490652734 0.6424787490652734 0.6424787490652734 0.6351449955212446 0.6199712936928816 0.6047975918645188 0.5896238900361559 0.574450188207793 0.5592764863794301 0.5441027845510672 0.5289290827227043 0.5137553808943414 0.4985816790659785
-9999.0 -9999.0 0.0 0.00014834791000584865 0.00045528308761610915 0.0007622182652263696 0.0010691534428366302 0.0013760886204468906 0.001683023798057151 0.0019899589756674115 0.002296894153277672 0.0026038293308879327 0.002910764508498193 0.003217699686108977 0.003524634863719237 0.03135601924547908 0.08861166177712627 0.1458673043087735 0.2031229468404207 0.2603785893720679 0.3176342319037151 0.3748898744353623 0.43214551696700954 0.48940115949865676 0.5466568020303039 0.6039124445619511 0.6611680870936959 0.6907509325387716 0.6907509325387716 0.6907509325387716 0.6907509325387716 0.6907509325387716 0.6907509325387716 0.6907509325387716 0.6907509325387716 0.6907509325387716 0.6907509325387716 0.6907509325387716 0.6907509325387716 0.6826853035730219 0.6659973349564408 0.6493093663398597 0.6326213977232785 0.6159334291066975 0.5992454604901163 0.5825574918735352 0.5658695232569542 0.549181554640373 0.5324935860237918
-9999.0 -9999.0 0.0 0.00042757128502758445 0.0013122259343975346 0.0021968805837674845 0.0030815352331374345 0.003966189882507385 0.004850844531877335 0.005735499181247285 0.006620153830617235 0.007504808479987185 0.008389463129357136 0.009274117778728594 0.010158772428098544 0.03869232173729299 0.09678316420049787 0.15487400666370277 0.21296484912690763 0.2710556915901125 0.3291465340533174 0.3872373765165223 0.4453282189797272 0.503419061442932 0.5615099039061369 0.6196007463693418 0.6776915888326458 0.7077059653792604 0.7077059653792604 0.7077059653792604 0.7077059653792604 0.7077059653792604 0.7077059653792604 0.7077059653792604 0.7077059653792604 0.7077059653792604 0.7077059653792604 0.7077059653792604 0.7077059653792604 0.6997231640787646 0.6832065677735322 0.6666899714682998 0.6501733751630674 0.633656778857835 0.6171401825526026 0.6006235862473701 0.5841069899421377 0.5675903936369053 0.5510737973316729
0.0 0.0 0.0 0.0013121893203057325 0.004027138671937638 0.006742088023569542 0.009457037375201448 0.012171986726833353 0.014886936078465257 0.017601885430097164 0.02031683478172907 0.02303178413336097 0.025746733484992877 0.028461682836629414 0.03117663218826132 0.0591058282342819 0.11398962374523151 0.16887341925618113 0.22375721476713076 0.27864101027808036 0.33352480578903 0.38840860129997956 0.44329239681092925 0.4981761923218788 0.5530599878328285 0.6079437833437781 0.6628275788548212 0.6911849383786819 0.6911849383786819 0.6911849383786819 0.6911849383786819 0.6911849383786819 0.6911849383786819 0.6911849383786819 0.6911849383786819 0.6911849383786819 0.6911849383786819 0.6911849383786819 0.6911849383786819 0.684155830985771 0.6696124489291962 0.6550690668726215 0.6405256848160467 0.6259823027594718 0.611438920702897 0.5968955386463222 0.5823521565897474 0.5678087745331726 0.5532653924765978
0.0 0.0 0.0 0.0021968073555838803 0.00674205140947774 0.011287295463371599 0.01583253951726546 0.020377783571159318 0.024923027625053176 0.029468271678947038 0.03401351573284089 0.03855875978673476 0.04310400384062862 0.047649247894530226 0.052194491948424085 0.0795193347312708 0.13119608328996518 0.18287283184865952 0.23454958040735388 0.28622632896604827 0.3379030775247426 0.38957982608343694 0.4412565746421313 0.49293332320082567 0.54461007175952 0.5962868203182143 0.6479635688769968 0.6746639113781032 0.6746639113781032 0.6746639113781032 0.6746639113781032 0.6746639113781032 0.6746639113781032 0.6746639113781032 0.6746639113781032 0.6746639113781032 0.6746639113781032 0.6746639113781032 0.6746639113781032 0.6685884978927773 0.6560183300848601 0.6434481622769429 0.6308779944690257 0.6183078266611085 0.6057376588531913 0.5931674910452741 0.5805973232373569 0.5680271554294397 0.5554569876215225
-9999.0 0.0 0.0 0.003081425390862029 0.009456964147017846 0.015832502903173663 0.022208041659329478 0.028583580415485293 0.03495911917164111 0.041334657927796926 0.047710196683952745 0.05408573544010856 0.060461274196264375 0.06683681295243106 0.07321235170858688 0.09993284122825974 0.14840254283469884 0.19687224444113793 0.24534194604757706 0.29381164765401613 0.3422813492604553 0.3907510508668944 0.4392207524733335 0.4876904540797726 0.5361601556862117 0.5846298572926507 0.6330995588991726 0.6581428843775247 0.6581428843775247 0.6581428843775247 0.6581428843775247 0.6581428843775247 0.6581428843775247 0.6581428843775247 0.6581428843775247 0.6581428843775247 0.6581428843775247 0.6581428843775247 0.6581428843775247 0.6530211647997838 0.6424242112405242 0.6318272576812646 0.621230304122005 0.6106333505627454 0.6000363970034858 0.5894394434442262 0.5788424898849666 0.568245536325707 0.5576485827664474
-9999.0 0.0 0.0 0.003966043426140177 0.012171876884557948 0.02037771034297572 0.02858354380139349 0.03678937725981126 0.04499521071822903 0.053201044176646804 0.061406877635064576 0.06961271109348234 0.07781854455190011 0.08602437801033189 0.09423021146874966 0.12034634772524865 0.1656090023794325 0.21087165703361632 0.25613431168780015 0.301396966341984 0.34665962099616787 0.39192227565035165 0.43718493030453554 0.4824475849587193 0.5277102396129032 0.572972894267087 0.618235548921348 0.6416218573769461 0.6416218573769461 0.6416218573769461 0.6416218573769461 0.6416218573769461 0.6416218573769461 0.6416218573769461 0.6416218573769461 0.6416218573769461 0.6416218573769461 0.6416218573769461 0.6416218573769461 0.6374538317067902 0.6288300923961881 0.6202063530855861 0.6115826137749841 0.6029588744643821 0.5943351351537801 0.5857113958431781 0.5770876565325761 0.5684639172219741 0.5598401779113721
-9999.0 -9999.0 0.0 0.004850661461419079 0.014886789622100367 0.024922917782781655 0.03495904594346294 0.04499517410414423 0.05503130226482551 0.0650674304255068 0.07510355858618809 0.08513968674686938 0.09517581490755066 0.10521194306824906 0.11524807122893035 0.14075985422225498 0.1828154619241808 0.22487106962610665 0.2669266773280325 0.30898228502995834 0.3510378927318841 0.39309350043381 0.4351491081357358 0.47720471583766166 0.5192603235395875 0.5613159312415134 0.6033715389435109 0.6251008303763533 0.6251008303763533 0.6251008303763533 0.6251008303763533 0.6251008303763533 0.6251008303763533 0.6251008303763533 0.6251008303763533 0.6251008303763533 0.6251008303763533 0.6251008303763533 0.6251008303763533 0.6218864986137832 0.6152359735518406 0.6085854484898978 0.6019349234279551 0.5952843983660123 0.5886338733040697 0.5819833482421269 0.5753328231801842 0.5686822981182414 0.5620317730562988
-9999.0 -9999.0 -9999.0 -9999.0 -9999.0 -9999.0 0.04133454808552695 0.0532009709484702 0.06506739381141344 0.07693381667435668 0.08880023953729992 0.10066666240024316 0.11253308526318641 0.12439950812614989 0.13626593098909312 0.16117336071924387 0.20002192146891445 0.23887048221858506 0.27771904296825567 0.31656760371792625 0.35541616446759683 0.3942647252172674 0.433113285966938 0.47196184671660857 0.5108104074662791 0.5496589682159497 0.5885075289656866 0.6085798033757748 0.6085798033757748 0.6085798033757748 0.6085798033757748 0.6085798033757748 0.6085798033757748 0.6085798033757748 0.6085798033757748 0.6085798033757748 0.6085798033757748 0.6085798033757748 0.6085798033757748 0.6063191655207897 0.6016418547075045 0.5969645438942194 0.5922872330809342 0.5876099222676492 0.582932611454364 0.5782553006410789 0.5735779898277937 0.5689006790145087 0.5642233682012235
-9999.0 -9999.0 -9999.0 -9999.0 -9999.0 0.03401333266238577 0.04771005022759097 0.06140676779279617 0.07510348535800138 0.08880020292320658 0.10249692048841176 0.11619363805361696 0.12989035561882217 0.14358707318405073 0.15728379074925591 0.18158686721623282 0.21722838101364814 0.2528698948110635 0.2885114086084788 0.3241529224058941 0.3597944362033094 0.3954359500007248 0.4310774637981401 0.4667189775955554 0.5023604913929708 0.5380020051903861 0.5736435189878621 0.5920587763751962 0.5920587763751962 0.5920587763751962 0.5920587763751962 0.5920587763751962 0.5920587763751962 0.5920587763751962 0.5920587763751962 0.5920587763751962 0.5920587763751962 0.5920587763751962 0.5920587763751962 0.590751832427796 0.5880477358631686 0.585343639298541 0.5826395427339135 0.5799354461692859 0.5772313496046585 0.5745272530400309 0.5718231564754034 0.5691190599107758 0.5664149633461484
-9999.0 -9999.0 -9999.0 -9999.0 0.023031527834720678 0.03855854010218783 0.05408555236965498 0.06961256463712213 0.08513957690458929 0.10066658917205644 0.1161936014395236 0.13172061370699076 0.1472476259744579 0.16277463824195154 0.17830165050941868 0.20200037371322171 0.2344348405583818 0.26686930740354187 0.2993037742487019 0.33173824109386196 0.364172707939022 0.39660717478418206 0.4290416416293421 0.46147610847450216 0.4939105753196623 0.5263450421648224 0.5587795090100377 0.5755377493746175 0.5755377493746175 0.5755377493746175 0.5755377493746175 0.5755377493746175 0.5755377493746175 0.5755377493746175 0.5755377493746175 0.5755377493746175 0.5755377493746175 0.5755377493746175 0.5755377493746175 0.5751844993348024 0.5744536170188325 0.5737227347028625 0.5729918523868927 0.5722609700709227 0.5715300877549527 0.5707992054389829 0.5700683231230129 0.569337440807043 0.5686065584910731
