Figures/CREST_Example_wjb_NSE/Rolling_result/20100722/BJP_forecast/ens_39/wjb.rain.20100727.asc
ncols            288
nrows            254
xllcorner        113.274861
yllcorner        31.4918055
cellsize         0.008333333333
NODATA_value     -9999
[rows 230 to 252 of 254, columns 153 to 203 of 288]
2.8535786407979074 2.731310988588308 2.6090433363787087 2.486775684168901 2.3645080319593013 2.2422403797497017 0.552915837048715 0.552915837048715 0.552915837048715 0.552915837048715 0.552915837048715 0.552915837048715 0.552915837048715 0.552915837048715 0.552915837048715 0.552915837048715 0.552915837048715 0.552915837048715 0.552915837048715 0.552915837048715 0.552915837048715 0.552915837048715 0.552915837048715 0.552915837048715 0.552915837048715 0.552915837048715 0.552915837048715 0.552915837048715 0.552915837048715 0.552915837048715 0.552915837048715 0.552915837048715 0.552915837048715 0.552915837048715 0.552915837048715 0.552915837048715 0.552915837048715 0.552915837048715 0.552915837048715 0.552915837048715 0.552915837048715 0.552915837048715 0.0 0.0 0.0 0.0 0.0 0.0 0.0 0.0 0.0
2.8476346265673502 2.731058132689522 2.614481638811694 2.497905144933667 2.381328651055839 2.2647521571780107 0.552915837048715 0.552915837048715 0.552915837048715 0.552915837048715 0.552915837048715 0.552915837048715 0.552915837048715 0.552915837048715 0.552915837048715 0.552915837048715 0.552915837048715 0.552915837048715 0.552915837048715 0.552915837048715 0.552915837048715 0.552915837048715 0.552915837048715 0.552915837048715 0.552915837048715 0.552915837048715 0.552915837048715 0.552915837048715 0.552915837048715 0.552915837048715 0.552915837048715 0.552915837048715 0.552915837048715 0.552915837048715 0.552915837048715 0.552915837048715 0.552915837048715 0.552915837048715 0.552915837048715 0.552915837048715 0.552915837048715 0.552915837048715 0.0 0.0 0.0 0.0 0.0 0.0 0.0 0.0 0.0
2.841690612336793 2.7308052767907363 2.6199199412446794 2.5090346056984334 2.3981492701523766 2.2872639346063197 0.552915837048715 0.552915837048715 0.552915837048715 0.552915837048715 0.552915837048715 0.552915837048715 0.552915837048715 0.552915837048715 0.552915837048715 0.552915837048715 0.552915837048715 0.552915837048715 0.552915837048715 0.552915837048715 0.552915837048715 0.552915837048715 0.552915837048715 0.552915837048715 0.552915837048715 0.552915837048715 0.552915837048715 0.552915837048715 0.552915837048715 0.552915837048715 0.552915837048715 0.552915837048715 0.552915837048715 0.552915837048715 0.552915837048715 0.552915837048715 0.552915837048715 0.552915837048715 0.552915837048715 0.552915837048715 0.552915837048715 0.552915837048715 0.0 0.0 0.0 0.0 0.0 0.0 0.0 0.0 0.0
2.8357465981062333 2.73055242089195 2.6253582436776672 2.5201640664632046 2.4149698892489213 2.3097757120346385 0.552915837048715 0.552915837048715 0.552915837048715 0.552915837048715 0.552915837048715 0.552915837048715 0.552915837048715 0.552915837048715 0.552915837048715 0.552915837048715 0.552915837048715 0.552915837048715 0.552915837048715 0.552915837048715 0.552915837048715 0.552915837048715 0.552915837048715 0.552915837048715 0.552915837048715 0.552915837048715 0.552915837048715 0.552915837048715 0.552915837048715 0.552915837048715 0.552915837048715 0.552915837048715 0.552915837048715 0.552915837048715 0.552915837048715 0.552915837048715 0.552915837048715 0.552915837048715 0.552915837048715 0.552915837048715 0.552915837048715 0.552915837048715 0.0 0.0 0.0 0.0 0.0 0.0 0.0 0.0 0.0
2.8298025838756766 2.7302995649931647 2.6307965461106524 2.531293527227971 2.431790508345459 2.332287489462947 0.552915837048715 0.552915837048715 0.552915837048715 0.552915837048715 0.552915837048715 0.552915837048715 0.552915837048715 0.552915837048715 0.552915837048715 0.552915837048715 0.552915837048715 0.552915837048715 0.552915837048715 0.552915837048715 0.552915837048715 0.552915837048715 0.552915837048715 0.552915837048715 0.552915837048715 0.552915837048715 0.552915837048715 0.552915837048715 0.552915837048715 0.552915837048715 0.552915837048715 0.552915837048715 0.552915837048715 0.552915837048715 0.552915837048715 0.552915837048715 0.552915837048715 0.552915837048715 0.552915837048715 0.552915837048715 0.552915837048715 0.552915837048715 0.0 0.0 0.0 0.0 0.0 0.0 0.0 0.0 0.0
2.823858569645119 2.7300467090943785 2.636234848543638 2.542422987992737 2.4486111274419966 2.3547992668912556 0.552915837048715 0.552915837048715 0.552915837048715 0.552915837048715 0.552915837048715 0.552915837048715 0.552915837048715 0.552915837048715 0.552915837048715 0.552915837048715 0.552915837048715 0.552915837048715 0.552915837048715 0.552915837048715 0.552915837048715 0.552915837048715 0.552915837048715 0.552915837048715 0.552915837048715 0.552915837048715 0.552915837048715 0.552915837048715 0.552915837048715 0.552915837048715 0.552915837048715 0.552915837048715 0.552915837048715 0.552915837048715 0.552915837048715 0.552915837048715 0.552915837048715 0.552915837048715 0.552915837048715 0.552915837048715 0.552915837048715 0.552915837048715 0.0 0.0 0.0 0.0 0.0 0.0 0.0 0.0 0.0
2.8179145554145597 2.7297938531955928 2.641673150976626 2.5535524487575088 2.465431746538542 2.3773110443195744 0.552915837048715 0.552915837048715 0.552915837048715 0.552915837048715 0.552915837048715 0.552915837048715 0.552915837048715 -9999.0 -9999.0 -9999.0 -9999.0 -9999.0 0.552915837048715 0.552915837048715 0.552915837048715 0.552915837048715 0.552915837048715 0.552915837048715 0.552915837048715 0.552915837048715 0.552915837048715 0.552915837048715 0.552915837048715 0.552915837048715 0.552915837048715 0.552915837048715 0.552915837048715 0.552915837048715 0.552915837048715 0.552915837048715 0.552915837048715 0.552915837048715 0.552915837048715 0.552915837048715 0.552915837048715 0.552915837048715 0.0 0.0 0.0 0.0 0.0 0.0 0.0 0.0 0.0
2.8119705411840026 2.729540997296807 2.647111453409611 2.5646819095222746 2.482252365635079 2.3998228217478834 0.552915837048715 0.552915837048715 0.552915837048715 0.552915837048715 0.552915837048715 0.552915837048715 -9999.0 -9999.0 -9999.0 -9999.0 -9999.0 -9999.0 0.552915837048715 0.552915837048715 0.552915837048715 0.552915837048715 0.552915837048715 0.552915837048715 0.552915837048715 0.552915837048715 0.552915837048715 0.552915837048715 0.552915837048715 0.552915837048715 0.552915837048715 0.552915837048715 0.552915837048715 0.552915837048715 0.552915837048715 0.552915837048715 0.552915837048715 0.552915837048715 0.552915837048715 0.552915837048715 0.552915837048715 0.552915837048715 0.0 0.0 0.0 0.0 0.0 0.0 0.0 0.0 0.0
2.8060265269534455 2.729288141398021 2.6525497558425966 2.575811370287041 2.4990729847316167 2.422334599176192 0.552915837048715 0.552915837048715 0.552915837048715 0.552915837048715 0.552915837048715 -9999.0 -9999.0 -9999.0 -9999.0 -9999.0 -9999.0 -9999.0 -9999.0 0.552915837048715 0.552915837048715 0.552915837048715 -9999.0 -9999.0 0.552915837048715 0.552915837048715 0.552915837048715 0.552915837048715 0.552915837048715 0.552915837048715 0.552915837048715 0.552915837048715 0.552915837048715 0.552915837048715 0.552915837048715 0.552915837048715 0.552915837048715 0.552915837048715 0.552915837048715 0.552915837048715 0.552915837048715 0.552915837048715 0.0 0.0 0.0 0.0 0.0 0.0 0.0 0.0 0.0
2.800082512722886 2.729035285499235 2.657988058275584 2.586940831051812 2.515893603828161 2.4448463766045103 0.552915837048715 0.552915837048715 0.552915837048715 0.552915837048715 -9999.0 -9999.0 -9999.0 -9999.0 -9999.0 -9999.0 -9999.0 -9999.0 -9999.0 -9999.0 -9999.0 -9999.0 -9999.0 -9999.0 -9999.0 -9999.0 -9999.0 -9999.0 -9999.0 -9999.0 0.552915837048715 0.552915837048715 0.552915837048715 0.552915837048715 0.552915837048715 0.552915837048715 0.552915837048715 0.552915837048715 0.552915837048715 0.552915837048715 0.552915837048715 0.552915837048715 0.0 0.0 0.0 0.0 0.0 0.0 0.0 0.0 0.0
2.7941384984923285 2.7287824296004493 2.6634263607085695 2.5980702918165783 2.5327142229246986 2.4673581540328193 0.552915837048715 0.552915837048715 0.552915837048715 -9999.0 -9999.0 -9999.0 -9999.0 -9999.0 -9999.0 -9999.0 -9999.0 -9999.0 -9999.0 -9999.0 -9999.0 -9999.0 -9999.0 -9999.0 -9999.0 -9999.0 -9999.0 -9999.0 -9999.0 -9999.0 -9999.0 0.552915837048715 0.552915837048715 0.552915837048715 0.552915837048715 0.552915837048715 0.552915837048715 0.552915837048715 0.552915837048715 0.552915837048715 0.552915837048715 0.552915837048715 0.0 0.0 0.0 0.0 0.0 0.0 0.0 0.0 0.0
0.552915837048715 0.552915837048715 0.552915837048715 0.552915837048715 0.552915837048715 0.552915837048715 0.552915837048715 0.552915837048715 -9999.0 -9999.0 -9999.0 -9999.0 -9999.0 -9999.0 -9999.0 -9999.0 -9999.0 -9999.0 -9999.0 -9999.0 -9999.0 -9999.0 -9999.0 -9999.0 -9999.0 -9999.0 -9999.0 -9999.0 -9999.0 -9999.0 -9999.0 -9999.0 0.552915837048715 0.552915837048715 0.552915837048715 0.552915837048715 0.552915837048715 0.552915837048715 0.552915837048715 0.552915837048715 0.552915837048715 0.552915837048715 0.552915837048715 0.552915837048715 0.552915837048715 0.552915837048715 0.552915837048715 0.552915837048715 0.552915837048715 0.552915837048715 0.552915837048715
0.552915837048715 0.552915837048715 0.552915837048715 0.552915837048715 0.552915837048715 0.552915837048715 0.552915837048715 0.552915837048715 -9999.0 -9999.0 -9999.0 -9999.0 -9999.0 -9999.0 -9999.0 -9999.0 -9999.0 -9999.0 -9999.0 -9999.0 -9999.0 -9999.0 -9999.0 -9999.0 -9999.0 -9999.0 -9999.0 -9999.0 -9999.0 -9999.0 -9999.0 -9999.0 0.552915837048715 0.552915837048715 0.552915837048715 0.552915837048715 0.552915837048715 0.552915837048715 0.552915837048715 0.552915837048715 0.552915837048715 0.552915837048715 0.552915837048715 0.552915837048715 0.552915837048715 0.552915837048715 0.552915837048715 0.552915837048715 0.552915837048715 0.552915837048715 0.552915837048715
0.552915837048715 0.552915837048715 0.552915837048715 0.552915837048715 0.552915837048715 0.552915837048715 0.552915837048715 0.552915837048715 -9999.0 -9999.0 -9999.0 -9999.0 -9999.0 -9999.0 -9999.0 -9999.0 -9999.0 -9999.0 -9999.0 -9999.0 -9999.0 -9999.0 -9999.0 -9999.0 -9999.0 -9999.0 -9999.0 -9999.0 -9999.0 -9999.0 -9999.0 -9999.0 0.552915837048715 0.552915837048715 0.552915837048715 0.552915837048715 0.552915837048715 0.552915837048715 0.552915837048715 0.552915837048715 0.552915837048715 0.552915837048715 0.552915837048715 0.552915837048715 0.552915837048715 0.552915837048715 0.552915837048715 0.552915837048715 0.552915837048715 0.552915837048715 0.552915837048715
0.552915837048715 0.552915837048715 0.552915837048715 0.552915837048715 0.552915837048715 0.552915837048715 0.552915837048715 -9999.0 -9999.0 -9999.0 -9999.0 -9999.0 -9999.0 -9999.0 -9999.0 -9999.0 -9999.0 -9999.0 -9999.0 -9999.0 -9999.0 -9999.0 -9999.0 -9999.0 -9999.0 -9999.0 -9999.0 -9999.0 -9999.0 -9999.0 -9999.0 -9999.0 -9999.0 -9999.0 0.552915837048715 0.552915837048715 0.552915837048715 0.552915837048715 0.552915837048715 0.552915837048715 0.552915837048715 0.552915837048715 0.552915837048715 0.552915837048715 0.552915837048715 0.552915837048715 0.552915837048715 0.552915837048715 0.552915837048715 0.552915837048715 0.552915837048715
-9999.0 0.552915837048715 0.552915837048715 0.552915837048715 0.552915837048715 -9999.0 0.552915837048715 -9999.0 -9999.0 -9999.0 -9999.0 -9999.0 -9999.0 -9999.0 -9999.0 -9999.0 -9999.0 -9999.0 -9999.0 -9999.0 -9999.0 -9999.0 -9999.0 -9999.0 -9999.0 -9999.0 -9999.0 -9999.0 -9999.0 -9999.0 -9999.0 -9999.0 -9999.0 -9999.0 -9999.0 0.552915837048715 0.552915837048715 0.552915837048715 0.552915837048715 0.552915837048715 0.552915837048715 0.552915837048715 0.552915837048715 0.552915837048715 0.552915837048715 0.552915837048715 0.552915837048715 0.552915837048715 0.552915837048715 0.552915837048715 0.552915837048715
-9999.0 -9999.0 -9999.0 -9999.0 -9999.0 -9999.0 -9999.0 -9999.0 -9999.0 -9999.0 -9999.0 -9999.0 -9999.0 -9999.0 -9999.0 -9999.0 -9999.0 -9999.0 -9999.0 -9999.0 -9999.0 -9999.0 -9999.0 -9999.0 -9999.0 -9999.0 -9999.0 -9999.0 -9999.0 -9999.0 -9999.0 -9999.0 -9999.0 -9999.0 -9999.0 0.552915837048715 0.552915837048715 0.552915837048715 0.552915837048715 0.552915837048715 0.552915837048715 0.552915837048715 0.552915837048715 0.552915837048715 0.552915837048715 0.552915837048715 0.552915837048715 0.552915837048715 0.552915837048715 0.552915837048715 0.552915837048715
-9999.0 -9999.0 -9999.0 -9999.0 -9999.0 -9999.0 -9999.0 -9999.0 -9999.0 -9999.0 -9999.0 -9999.0 -9999.0 -9999.0 -9999.0 -9999.0 -9999.0 -9999.0 -9999.0 -9999.0 -9999.0 -9999.0 -9999.0 -9999.0 -9999.0 -9999.0 -9999.0 -9999.0 -9999.0 -9999.0 -9999.0 -9999.0 -9999.0 -9999.0 -9999.0 -9999.0 0.552915837048715 0.552915837048715 0.552915837048715 0.552915837048715 0.552915837048715 0.552915837048715 0.552915837048715 0.552915837048715 0.552915837048715 0.552915837048715 0.552915837048715 0.552915837048715 0.552915837048715 0.552915837048715 0.552915837048715
-9999.0 -9999.0 -9999.0 -9999.0 -9999.0 -9999.0 -9999.0 -9999.0 -9999.0 -9999.0 -9999.0 -9999.0 -9999.0 -9999.0 -9999.0 -9999.0 -9999.0 -9999.0 -9999.0 -9999.0 -9999.0 -9999.0 -9999.0 -9999.0 -9999.0 -9999.0 -9999.0 -9999.0 -9999.0 -9999.0 -9999.0 -9999.0 -9999.0 -9999.0 -9999.0 -9999.0 -9999.0 0.552915837048715 0.552915837048715 0.552915837048715 0.552915837048715 0.552915837048715 0.552915837048715 0.552915837048715 0.552915837048715 0.552915837048715 0.552915837048715 0.552915837048715 0.552915837048715 0.552915837048715 0.552915837048715
-9999.0 -9999.0 -9999.0 -9999.0 -9999.0 -9999.0 -9999.0 -9999.0 -9999.0 -9999.0 -9999.0 -9999.0 -9999.0 -9999.0 -9999.0 -9999.0 -9999.0 -9999.0 -9999.0 -9999.0 -9999.0 -9999.0 -9999.0 -9999.0 -9999.0 -9999.0 -9999.0 -9999.0 -9999.0 -9999.0 -9999.0 -9999.0 -9999.0 -9999.0 -9999.0 -9999.0 -9999.0 0.552915837048715 0.552915837048715 0.552915837048715 0.552915837048715 0.552915837048715 0.552915837048715 0.552915837048715 0.552915837048715 0.552915837048715 0.552915837048715 0.552915837048715 0.552915837048715 0.552915837048715 0.552915837048715
-9999.0 -9999.0 -9999.0 -9999.0 -9999.0 -9999.0 -9999.0 -9999.0 -9999.0 -9999.0 -9999.0 -9999.0 -9999.0 -9999.0 -9999.0 -9999.0 -9999.0 -9999.0 -9999.0 -9999.0 -9999.0 -9999.0 -9999.0 -9999.0 -9999.0 -9999.0 -9999.0 -9999.0 -9999.0 -9999.0 -9999.0 -9999.0 -9999.0 -9999.0 -9999.0 -9999.0 0.552915837048715 0.552915837048715 0.552915837048715 0.552915837048715 0.552915837048715 0.552915837048715 0.552915837048715 0.552915837048715 0.552915837048715 0.552915837048715 0.552915837048715 0.552915837048715 0.552915837048715 0.552915837048715 0.552915837048715
-9999.0 -9999.0 -9999.0 -9999.0 -9999.0 -9999.0 -9999.0 -9999.0 -9999.0 -9999.0 -9999.0 -9999.0 -9999.0 -9999.0 -9999.0 -9999.0 -9999.0 -9999.0 -9999.0 -9999.0 -9999.0 -9999.0 -9999.0 -9999.0 -9999.0 -9999.0 -9999.0 -9999.0 -9999.0 -9999.0 -9999.0 -9999.0 -9999.0 -9999.0 -9999.0 -9999.0 0.552915837048715 0.552915837048715 0.552915837048715 0.552915837048715 0.552915837048715 0.552915837048715 0.552915837048715 0.552915837048715 0.552915837048715 0.552915837048715 0.552915837048715 0.552915837048715 0.552915837048715 0.552915837048715 0.552915837048715
-9999.0 -9999.0 -9999.0 -9999.0 -9999.0 -9999.0 -9999.0 -9999.0 -9999.0 -9999.0 -9999.0 -9999.0 -9999.0 -9999.0 -9999.0 -9999.0 -9999.0 -9999.0 -9999.0 -9999.0 -9999.0 -9999.0 -9999.0 -9999.0 -9999.0 -9999.0 -9999.0 -9999.0 -9999.0 -9999.0 -9999.0 -9999.0 -9999.0 -9999.0 -9999.0 -9999.0 -9999.0 0.552915837048715 0.552915837048715 0.552915837048715 0.552915837048715 0.552915837048715 0.552915837048715 0.552915837048715 0.552915837048715 0.552915837048715 0.552915837048715 0.552915837048715 0.552915837048715 0.552915837048715 -9999.0
