Figures/CREST_Example_wjb_NSE/Rolling_result/20100722/BJP_forecast/ens_39/wjb.rain.20100607.asc
ncols            288
nrows            254
xllcorner        113.274861
yllcorner        31.4918055
cellsize         0.008333333333
NODATA_value     -9999
[rows 100 to 119 of 254, columns 132 to 175 of 288]
15.897105020582778 15.70107022622778 15.50503543187278 15.412729862377287 15.43131318028469 15.449896498192093 15.468479816099496 15.487063134006899 15.505646451914302 15.524229769821705 15.542813087729108 15.561396405636543 15.579979723543948 15.598563041451351 15.617146359358754 15.626747988164425 15.626747988164425 15.626747988164425 15.626747988164425 15.626747988164425 15.626747988164425 15.626747988164425 15.626747988164425 15.626747988164425 15.626747988164425 15.626747988164425 15.626747988164425 15.38212516584362 14.875995012861136 14.369864859878653 13.86373470689617 13.357604553913687 12.851474400931203 12.34534424794872 11.839214094966236 11.333083941983752 10.82695378900127 10.320823636017924 9.81469348303544 9.553186152130365 9.553186152130365 9.553186152130365 9.553186152130365 9.553186152130365
15.897105020582778 15.70107022622778 15.50503543187278 15.412729862377287 15.43131318028469 15.449896498192093 15.468479816099496 15.487063134006899 15.505646451914302 15.524229769821705 15.542813087729108 15.561396405636543 15.579979723543948 15.598563041451351 15.617146359358754 15.626747988164425 15.626747988164425 15.626747988164425 15.626747988164425 15.626747988164425 15.626747988164425 15.626747988164425 15.626747988164425 15.626747988164425 15.626747988164425 15.626747988164425 15.626747988164425 15.38212516584362 14.875995012861136 14.369864859878653 13.86373470689617 13.357604553913687 12.851474400931203 12.34534424794872 11.839214094966236 11.333083941983752 10.82695378900127 10.320823636017924 9.81469348303544 9.553186152130365 9.553186152130365 9.553186152130365 9.553186152130365 9.553186152130365
15.897105020582778 15.70107022622778 15.50503543187278 15.412729862377287 15.43131318028469 15.449896498192093 15.468479816099496 15.487063134006899 15.505646451914302 15.524229769821705 15.542813087729108 15.561396405636543 15.579979723543948 15.598563041451351 15.617146359358754 15.626747988164425 15.626747988164425 15.626747988164425 15.626747988164425 15.626747988164425 15.626747988164425 15.626747988164425 15.626747988164425 15.626747988164425 15.626747988164425 15.626747988164425 15.626747988164425 15.38212516584362 14.875995012861136 14.369864859878653 13.86373470689617 13.357604553913687 12.851474400931203 12.34534424794872 11.839214094966236 11.333083941983752 10.82695378900127 10.320823636017924 9.81469348303544 9.553186152130365 9.553186152130365 9.553186152130365 9.553186152130365 9.553186152130365
15.897105020582778 15.70107022622778 15.50503543187278 15.412729862377287 15.43131318028469 15.449896498192093 15.468479816099496 15.487063134006899 15.505646451914302 15.524229769821705 15.542813087729108 15.561396405636543 15.579979723543948 15.598563041451351 15.617146359358754 15.626747988164425 15.626747988164425 15.626747988164425 15.626747988164425 15.626747988164425 15.626747988164425 15.626747988164425 15.626747988164425 15.626747988164425 15.626747988164425 15.626747988164425 15.626747988164425 15.38212516584362 14.875995012861136 14.369864859878653 13.86373470689617 13.357604553913687 12.851474400931203 12.34534424794872 11.839214094966236 11.333083941983752 10.82695378900127 10.320823636017924 9.81469348303544 9.553186152130365 9.553186152130365 9.553186152130365 9.553186152130365 9.553186152130365
15.897105020582778 15.70107022622778 15.50503543187278 15.412729862377287 15.43131318028469 15.449896498192093 15.468479816099496 15.487063134006899 15.505646451914302 15.524229769821705 15.542813087729108 15.561396405636543 15.579979723543948 15.598563041451351 15.617146359358754 15.626747988164425 15.626747988164425 15.626747988164425 15.626747988164425 15.626747988164425 15.626747988164425 15.626747988164425 15.626747988164425 15.626747988164425 15.626747988164425 15.626747988164425 15.626747988164425 15.38212516584362 14.875995012861136 14.369864859878653 13.86373470689617 13.357604553913687 12.851474400931203 12.34534424794872 11.839214094966236 11.333083941983752 10.82695378900127 10.320823636017924 9.81469348303544 9.553186152130365 9.553186152130365 9.553186152130365 9.553186152130365 9.553186152130365
15.897105020582778 15.70107022622778 15.50503543187278 15.412729862377287 15.43131318028469 15.449896498192093 15.468479816099496 15.487063134006899 15.505646451914302 15.524229769821705 15.542813087729108 15.561396405636543 15.579979723543948 15.598563041451351 15.617146359358754 15.626747988164425 15.626747988164425 15.626747988164425 15.626747988164425 15.626747988164425 15.626747988164425 15.626747988164425 15.626747988164425 15.626747988164425 15.626747988164425 15.626747988164425 15.626747988164425 15.38212516584362 14.875995012861136 14.369864859878653 13.86373470689617 13.357604553913687 12.851474400931203 12.34534424794872 11.839214094966236 11.333083941983752 10.82695378900127 10.320823636017924 9.81469348303544 9.553186152130365 9.553186152130365 9.553186152130365 9.553186152130365 9.553186152130365
15.897105020582778 15.70107022622778 15.50503543187278 15.412729862377287 15.43131318028469 15.449896498192093 15.468479816099496 15.487063134006899 15.505646451914302 15.524229769821705 15.542813087729108 15.561396405636543 15.579979723543948 15.598563041451351 15.617146359358754 15.626747988164425 15.626747988164425 15.626747988164425 15.626747988164425 15.626747988164425 15.626747988164425 15.626747988164425 15.626747988164425 15.626747988164425 15.626747988164425 15.626747988164425 15.626747988164425 15.38212516584362 14.875995012861136 14.369864859878653 13.86373470689617 13.357604553913687 12.851474400931203 12.34534424794872 11.839214094966236 11.333083941983752 10.82695378900127 10.320823636017924 9.81469348303544 9.553186152130365 9.553186152130365 9.553186152130365 9.553186152130365 9.553186152130365
15.897105020582778 15.70107022622778 15.50503543187278 15.412729862377287 15.43131318028469 15.449896498192093 15.468479816099496 15.487063134006899 15.505646451914302 15.524229769821705 15.542813087729108 15.561396405636543 15.579979723543948 15.598563041451351 15.617146359358754 15.626747988164425 15.626747988164425 15.626747988164425 15.626747988164425 15.626747988164425 15.626747988164425 15.626747988164425 15.626747988164425 15.626747988164425 15.626747988164425 15.626747988164425 15.626747988164425 15.38212516584362 14.875995012861136 14.369864859878653 13.86373470689617 13.357604553913687 12.851474400931203 12.34534424794872 11.839214094966236 11.333083941983752 10.82695378900127 10.320823636017924 9.81469348303544 9.553186152130365 9.553186152130365 9.553186152130365 9.553186152130365 9.553186152130365
15.897105020582778 15.70107022622778 15.50503543187278 15.412729862377287 15.43131318028469 15.449896498192093 15.468479816099496 15.487063134006899 15.505646451914302 15.524229769821705 15.542813087729108 15.561396405636543 15.579979723543948 15.598563041451351 15.617146359358754 15.626747988164425 15.626747988164425 15.626747988164425 15.626747988164425 15.626747988164425 15.626747988164425 15.626747988164425 15.626747988164425 15.626747988164425 15.626747988164425 15.626747988164425 15.626747988164425 15.38212516584362 14.875995012861136 14.369864859878653 13.86373470689617 13.357604553913687 12.851474400931203 12.34534424794872 11.839214094966236 11.333083941983752 10.82695378900127 10.320823636017924 9.81469348303544 9.553186152130365 9.553186152130365 9.553186152130365 9.553186152130365 9.553186152130365
15.865825782603398 15.669918810221137 15.474011837838876 15.382783075810789 15.403457688142456 15.424132300474124 15.444806912805793 15.465481525137461 15.48615613746913 15.506830749800798 15.527505362132466 15.54817997446417 15.568854586795839 15.589529199127508 15.610203811459176 15.620885970280273 15.620885970280273 15.620885970280273 15.620885970280273 15.620885970280273 15.620885970280273 15.620885970280273 15.620885970280273 15.620885970280273 15.620885970280273 15.620885970280273 15.620885970280273 15.375540252486287 14.86791441241721 14.360288572348132 13.852662732279056 13.34503689220998 12.8374110521409 12.329785212071824 11.822159372002746 11.31453353193367 10.806907691864591 10.29928185179465 9.791656011725571 9.529375889206365 9.529375889206365 9.529375889206365 9.529375889206365 9.529375889206365
15.801111011212502 15.605468494433344 15.409825977654187 15.320825062389217 15.345826431039777 15.370827799690336 15.395829168340896 15.420830536991454 15.445831905642015 15.470833274292573 15.495834642943134 15.520836011593735 15.545837380244294 15.570838748894854 15.595840117545412 15.608757824846798 15.608757824846798 15.608757824846798 15.608757824846798 15.608757824846798 15.608757824846798 15.608757824846798 15.608757824846798 15.608757824846798 15.608757824846798 15.608757824846798 15.608757824846798 15.36191648189349 14.85119615953731 14.340475837181131 13.829755514824951 13.319035192468771 12.808314870112593 12.297594547756415 11.786874225400235 11.276153903044055 10.765433580687876 10.254713258330826 9.743992935974646 9.480113956326173 9.480113956326173 9.480113956326173 9.480113956326173 9.480113956326173
15.736396239821552 15.541018178645498 15.345640117469447 15.258867048967595 15.288195173937048 15.317523298906503 15.346851423875956 15.37617954884541 15.405507673814864 15.434835798784318 15.464163923753773 15.493492048723276 15.52282017369273 15.552148298662184 15.581476423631639 15.596629679413311 15.596629679413311 15.596629679413311 15.596629679413311 15.596629679413311 15.596629679413311 15.596629679413311 15.596629679413311 15.596629679413311 15.596629679413311 15.596629679413311 15.596629679413311 15.348292711300678 14.834477906657394 14.32066310201411 13.806848297370827 13.293033492727544 12.77921868808426 12.265403883440976 11.751589078797693 11.23777427415441 10.723959469511126 10.210144664866966 9.696329860223681 9.43085202344594 9.43085202344594 9.43085202344594 9.43085202344594 9.43085202344594
15.671681468430656 15.476567862857706 15.281454257284757 15.196909035546025 15.230563916834368 15.264218798122714 15.29787367941106 15.331528560699404 15.36518344198775 15.398838323276095 15.43249320456444 15.466148085852842 15.499802967141187 15.533457848429531 15.567112729717877 15.584501533979838 15.584501533979838 15.584501533979838 15.584501533979838 15.584501533979838 15.584501533979838 15.584501533979838 15.584501533979838 15.584501533979838 15.584501533979838 15.584501533979838 15.584501533979838 15.334668940707882 14.817759653777495 14.30085036684711 13.783941079916724 13.267031792986339 12.750122506055952 12.233213219125567 11.716303932195181 11.199394645264796 10.68248535833441 10.165576071403143 9.648666784472756 9.381590090565748 9.381590090565748 9.381590090565748 9.381590090565748 9.381590090565748
15.60696669703976 15.412117547069915 15.217268397100069 15.134951022124453 15.17293265973169 15.210914297338926 15.24889593494616 15.286877572553397 15.324859210160634 15.36284084776787 15.400822485375105 15.438804122982406 15.476785760589642 15.514767398196879 15.552749035804116 15.572373388546362 15.572373388546362 15.572373388546362 15.572373388546362 15.572373388546362 15.572373388546362 15.572373388546362 15.572373388546362 15.572373388546362 15.572373388546362 15.572373388546362 15.572373388546362 15.321045170115083 14.801041400897596 14.281037631680107 13.76103386246262 13.241030093245133 12.721026324027644 12.201022554810157 11.68101878559267 11.161015016375181 10.641011247157692 10.121007477939319 9.60100370872183 9.332328157685556 9.332328157685556 9.332328157685556 9.332328157685556 9.332328157685556
15.542251925648863 15.347667231282122 15.153082536915381 15.072993008702882 15.11530140262901 15.157609796555136 15.199918190481263 15.24222658440739 15.284534978333518 15.326843372259646 15.369151766185771 15.411460160111972 15.453768554038097 15.496076947964225 15.538385341890352 15.560245243112886 15.560245243112886 15.560245243112886 15.560245243112886 15.560245243112886 15.560245243112886 15.560245243112886 15.560245243112886 15.560245243112886 15.560245243112886 15.560245243112886 15.560245243112886 15.307421399522283 14.784323148017695 14.261224896513106 13.738126645008515 13.215028393503925 12.691930141999336 12.168831890494747 11.645733638990157 11.122635387485566 10.599537135980977 10.076438884475497 9.553340632970906 9.283066224805363 9.283066224805363 9.283066224805363 9.283066224805363 9.283066224805363
15.477537154257968 15.28321691549433 15.088896676730695 15.011034995281314 15.05767014552633 15.104305295771349 15.150940446016367 15.197575596261384 15.244210746506402 15.29084589675142 15.337481046996439 15.384116197241536 15.430751347486554 15.477386497731572 15.52402164797659 15.54811709767941 15.54811709767941 15.54811709767941 15.54811709767941 15.54811709767941 15.54811709767941 15.54811709767941 15.54811709767941 15.54811709767941 15.54811709767941 15.54811709767941 15.54811709767941 15.293797628929486 14.767604895137794 14.241412161346103 13.71521942755441 13.18902669376272 12.662833959971028 12.136641226179336 11.610448492387645 11.084255758595953 10.558063024804262 10.031870291011673 9.50567755721998 9.233804291925171 9.233804291925171 9.233804291925171 9.233804291925171 9.233804291925171
15.412822382867072 15.218766599706539 15.024710816546005 14.949076981859742 15.000038888423651 15.05100079498756 15.10196270155147 15.152924608115377 15.203886514679287 15.254848421243196 15.305810327807105 15.3567722343711 15.407734140935009 15.458696047498918 15.509657954062828 15.535988952245935 15.535988952245935 15.535988952245935 15.535988952245935 15.535988952245935 15.535988952245935 15.535988952245935 15.535988952245935 15.535988952245935 15.535988952245935 15.535988952245935 15.535988952245935 15.280173858336687 14.750886642257893 14.2215994261791 13.692312210100306 13.163024994021512 12.63373777794272 12.104450561863926 11.575163345785132 11.04587612970634 10.516588913627546 9.98730169754785 9.458014481469057 9.184542359044979 9.184542359044979 9.184542359044979 9.184542359044979 9.184542359044979
15.348107611476175 15.154316283918746 14.960524956361317 14.887118968438172 14.942407631320972 14.997696294203772 15.05298495708657 15.10827361996937 15.16356228285217 15.218850945734971 15.274139608617771 15.329428271500666 15.384716934383466 15.440005597266264 15.495294260149064 15.52386080681246 15.52386080681246 15.52386080681246 15.52386080681246 15.52386080681246 15.52386080681246 15.52386080681246 15.52386080681246 15.52386080681246 15.52386080681246 15.52386080681246 15.52386080681246 15.266550087743887 14.734168389377993 14.201786691012098 13.669404992646202 13.137023294280306 12.604641595914412 12.072259897548516 11.53987819918262 11.007496500816725 10.475114802450829 9.942733104084027 9.410351405718131 9.135280426164787 9.135280426164787 9.135280426164787 9.135280426164787 9.135280426164787
15.283392840085224 15.089865968130898 14.896339096176574 14.825160955016546 14.88477637421824 14.944391793419936 15.00400721262163 15.063622631823325 15.12323805102502 15.182853470226714 15.242468889428409 15.302084308630207 15.361699727831901 15.421315147033596 15.48093056623529 15.511732661378973 15.511732661378973 15.511732661378973 15.511732661378973 15.511732661378973 15.511732661378973 15.511732661378973 15.511732661378973 15.511732661378973 15.511732661378973 15.511732661378973 15.511732661378973 15.252926317151077 14.717450136498078 14.181973955845077 13.646497775192078 13.111021594539078 12.575545413886077 12.040069233233078 11.504593052580077 10.969116871927078 10.433640691274078 9.898164510620164 9.362688329967165 9.086018493284552 9.086018493284552 9.086018493284552 9.086018493284552 9.086018493284552
15.218678068694329 15.025415652343108 14.832153235991887 14.763202941594978 14.827145117115563 14.891087292636149 14.955029468156734 15.01897164367732 15.082913819197906 15.146855994718491 15.210798170239077 15.27474034575977 15.338682521280356 15.402624696800942 15.466566872321527 15.499604515945498 15.499604515945498 15.499604515945498 15.499604515945498 15.499604515945498 15.499604515945498 15.499604515945498 15.499604515945498 15.499604515945498 15.499604515945498 15.499604515945498 15.499604515945498 15.23930254655828 14.700731883618177 14.162161220678076 13.623590557737973 13.08501989479787 12.54644923185777 12.007878568917668 11.469307905977566 10.930737243037463 10.392166580097362 9.85359591715634 9.31502525421624 9.03675656040436 9.03675656040436 9.03675656040436 9.03675656040436 9.03675656040436
