Figures/CREST_Example_wjb_NSE/Rolling_result/20100722/BJP_forecast/ens_39/wjb.rain.20100725.asc
ncols            288
nrows            254
xllcorner        113.274861
yllcorner        31.4918055
cellsize         0.008333333333
NODATA_value     -9999
[rows 168 to 188 of 254, columns 192 to 239 of 288]
0.18856006945569093 0.20844340879267703 0.2283267481296631 0.2289900566401731 0.2091067173031842 0.1892233779661953 0.16934003862920638 0.14945669929221744 0.12957335995522853 0.10969002061823963 0.08980668128125072 0.06992334194426181 0.05004000260727287 0.030156663270283962 0.010273323933295053 0.0 0.0 0.0 0.0 0.0 0.0 0.0 0.0 0.0 0.0 0.0 0.0 0.0 0.0 0.0 0.0 0.0 0.0 0.0 0.0 0.0 0.0 0.0 0.0 0.0 0.0 0.0 0.0 0.0 0.0 0.0 0.0 0.0
0.18311884405320586 0.202428415405279 0.22173798675735212 0.2223821543589333 0.2030725830068574 0.18376301165478154 0.16445344030270564 0.14514386895062978 0.1258342975985539 0.10652472624647802 0.08721515489440212 0.06790558354232626 0.04859601219025039 0.0292864408381745 0.009976869486098633 0.0 0.0 0.0 0.0 0.0 0.0 0.0 0.0 0.0 0.0 0.0 0.0 0.0028516828278270434 0.008751879135688439 0.014652075443559896 0.02055227175142129 0.026452468059282686 0.03235266436714408 0.038252860675005475 0.044153056982866874 0.05005325329072827 0.05595344959858966 0.06185364590645106 0.06775384221431245 0.07161044665728698 0.07328240514349486 0.07495436362970274 0.07662632211591347 0.07829828060212135 0.07997023908832923 0.08164219757453711 0.08331415606074499 0.08498611454695287
0.16721850106315936 0.18485140822987137 0.20248431539658338 0.20307254945478084 0.18543964228806634 0.1678067351213518 0.1501738279546373 0.1325409207879228 0.11490801362120827 0.09727510645449376 0.07964219928777924 0.062009292121064735 0.04437638495435023 0.026743477787635694 0.009110570620921188 0.0 0.0 0.0 0.0 0.0 0.0 0.0 0.0 0.0 0.0 0.0 0.0 0.008751634844574566 0.02685896539825203 0.044966295951960375 0.06307362650563784 0.08118095705931531 0.09928828761299278 0.11739561816667024 0.1355029487203477 0.15361027927402518 0.17171760982770265 0.18982494038138012 0.2079322709350576 0.21976794687192022 0.2248990820752446 0.23003021727856895 0.23516135248190206 0.24029248768522643 0.2454236228885508 0.25055475809187516 0.25568589329519953 0.26081702849852395
0.15131815807312635 0.16727440105447863 0.18323064403583095 0.18376294455064482 0.16780670156929026 0.15185045858793567 0.1358942156065811 0.11993797262522653 0.10398172964387195 0.08802548666251737 0.0720692436811628 0.056113000699808235 0.040156757718453645 0.024200514737099083 0.008244271755744492 0.0 0.0 0.0 0.0 0.0 0.0 0.0 0.0 0.0 0.0 0.0 0.0 0.014651586861317052 0.04496605166080017 0.07528051646033498 0.10559498125981812 0.13590944605930122 0.16622391085878435 0.19653837565826748 0.2268528404577506 0.2571673052572337 0.2874817700567168 0.31779623485619996 0.3481106996556831 0.367925447086427 0.37651575900686496 0.38510607092730287 0.3936963828477555 0.4022866947681934 0.41087700668863136 0.4194673186090693 0.42805763052950724 0.43664794244994515
0.13541781508309336 0.14969739387908598 0.16397697267507857 0.16445333964650885 0.1501737608505142 0.13589418205451956 0.12161460325852491 0.10733502446253028 0.09305544566653563 0.078775866870541 0.06449628807454635 0.05021670927855171 0.03593713048255706 0.021657551686562443 0.007377972890567797 0.0 0.0 0.0 0.0 0.0 0.0 0.0 0.0 0.0 0.0 0.0 0.0 0.020551538878059546 0.06307313792334834 0.10559473696870965 0.14811633601399843 0.19063793505928722 0.23315953410457602 0.2756811331498648 0.3182027321951536 0.3607243312404424 0.4032459302857312 0.44576752933102 0.4882891283763088 0.5160829473009341 0.5281324359384855 0.540181924576037 0.552231413213609 0.5642809018511604 0.5763303904887119 0.5883798791262633 0.6004293677638148 0.6124788564013663
0.11951747209306038 0.1321203867036933 0.1447233013143262 0.14514373474237285 0.13254082013173815 0.11993790552110344 0.10733499091046873 0.09473207629983402 0.08212916168919931 0.06952624707856461 0.05692333246792991 0.04432041785729521 0.03171750324666049 0.019114588636025803 0.006511674025391073 0.0 0.0 0.0 0.0 0.0 0.0 0.0 0.0 0.0 0.0 0.0 0.0 0.026451490894802036 0.08118022418589649 0.13590895747708426 0.1906376907681787 0.24536642405927314 0.3000951573503676 0.354823890641462 0.4095526239325565 0.46428135722365094 0.5190100905147454 0.5737388238058398 0.6284675570969342 0.6642404475154409 0.6797491128701059 0.6952577782247709 0.7107664435794624 0.7262751089341274 0.7417837742887924 0.7572924396434575 0.7728011049981225 0.7883097703527875
0.10361712910302737 0.11454337952830058 0.1254696299535738 0.12583412983823683 0.11490787941296207 0.1039816289876873 0.09305537856241253 0.08212912813713776 0.07120287771186298 0.060276627286588225 0.04935037686131345 0.03842412643603868 0.027497876010763908 0.016571625585489136 0.005645375160214378 0.0 0.0 0.0 0.0 0.0 0.0 0.0 0.0 0.0 0.0 0.0 0.0 0.03235144291154452 0.09928731044844463 0.16622317798545888 0.233159045522359 0.3000949130592591 0.36703078059615923 0.43396664813305935 0.5009025156699595 0.5678383832068595 0.6347742507437597 0.7017101182806598 0.7686459858175598 0.8123979477299478 0.8313657898017263 0.8503336318735049 0.8693014739453158 0.8882693160170944 0.907237158088873 0.9262050001606515 0.9451728422324301 0.9641406843042086
0.0877167861129944 0.0969663723529079 0.10621595859282143 0.10652452493410085 0.09727493869418602 0.08802535245427118 0.07877576621435634 0.06952617997444151 0.06027659373452667 0.05102700749461184 0.04177742125469701 0.03252783501478217 0.02327824877486734 0.014028662534952496 0.004779076295037668 0.0 0.0 0.0 0.0 0.0 0.0 0.0 0.0 0.0 0.0 0.0 0.0 0.03825139492828702 0.11739439671099279 0.19653739849383353 0.2756804002765393 0.35482340205924506 0.43396640384195084 0.5131094056246566 0.5922524074073624 0.6713954091900681 0.750538410972774 0.8296814127554797 0.9088244145381854 0.9605554479444547 0.9829824667333468 1.0054094855222389 1.0278365043111692 1.0502635231000614 1.0726905418889534 1.0951175606778456 1.1175445794667378 1.13997159825563
0.07181644312294784 0.07938936517750024 0.08696228723205263 0.08721492002994838 0.07964199797539491 0.07206907592084144 0.06449615386628797 0.056923231811734504 0.049350309757181035 0.041777387702627566 0.0342044656480741 0.02663154359352063 0.01905862153896716 0.011485699484413692 0.003912777429860223 0.0 0.0 0.0 0.0 0.0 0.0 0.0 0.0 0.0 0.0 0.0 0.0 0.04415134694503453 0.13550148297355638 0.226851619002234 0.3182017550307558 0.4095518910592777 0.5009020270877995 0.5922521631163213 0.6836022991448432 0.774952435173365 0.8663025712018869 0.9576527072304087 1.0490028432589305 1.1087129481590878 1.1345991436650964 1.1604853391711052 1.186371534677158 1.2122577301831665 1.2381439256891753 1.2640301211951839 1.2899163167011924 1.3158025122072012
0.05591610013291485 0.06181235800210754 0.06770861587130024 0.06790531512581238 0.06200905725661885 0.05611279938742532 0.05021654151823178 0.04432028364903824 0.03842402577984471 0.03252776791065118 0.026631510041457647 0.02073525217226411 0.014838994303070577 0.008942736433877045 0.0030464785646835135 0.0 0.0 0.0 0.0 0.0 0.0 0.0 0.0 0.0 0.0 0.0 0.0 0.05005129896177703 0.15360856923610453 0.2571658395106086 0.3607231097849361 0.46428038005926364 0.5678376503335911 0.6713949206079186 0.7749521908822461 0.8785094611565736 0.9820667314309012 1.0856240017052285 1.189181271979556 1.2568704483735946 1.286215820596717 1.315561192819839 1.3449065650430112 1.3742519372661335 1.4035973094892555 1.4329426817123778 1.4622880539355 1.4916334261586222
0.04001575714288186 0.04423535082671486 0.04845494451054786 0.048595710221676386 0.04437611653784279 0.04015652285400919 0.035936929170175595 0.031717335486341994 0.027497741802508396 0.023278148118674798 0.019058554434841196 0.014838960751007602 0.010619367067174 0.0063997733833404055 0.002180179699506804 0.0 0.0 0.0 0.0 0.0 0.0 0.0 0.0 0.0 0.0 0.0 0.0 0.055951250978519516 0.17171565549865267 0.28748006001898324 0.4032444645391164 0.5190088690592496 0.6347732735793827 0.7505376780995159 0.866302082619649 0.9820664871397822 1.0978308916599153 1.2135952961800485 1.3293597007001816 1.4050279485881016 1.4378324975283374 1.4706370464685732 1.5034415954088647 1.5362461443491005 1.5690506932893362 1.601855242229572 1.6346597911698075 1.6674643401100433
0.02411541415284887 0.02665834365132217 0.029201273149795474 0.02928610531754039 0.02674317581906673 0.024200246320593064 0.021657316822119403 0.01911438732364574 0.016571457825172074 0.014028528326698413 0.011485598828224752 0.008942669329751088 0.006399739831277427 0.0038568103328037624 0.001313880834330098 0.0 0.0 0.0 0.0 0.0 0.0 0.0 0.0 0.0 0.0 0.0 0.0 0.061851202995262006 0.18982274176120084 0.31779428052735786 0.44576581929329673 0.5737373580592355 0.7017088968251743 0.8296804355911132 0.957651974357052 1.0856235131229908 1.2135950518889296 1.3415665906548684 1.4695381294208072 1.5531854488026084 1.5894491744599577 1.625712900117307 1.6619766257747182 1.6982403514320674 1.7345040770894167 1.7707678027467662 1.8070315284041154 1.8432952540614647
0.008215071162815881 0.009081336475929486 0.00994760178904309 0.009976500413404393 0.009110235100290666 0.008243969787176939 0.007377704474063211 0.006511439160949484 0.0056451738478357555 0.004778908534722028 0.003912643221608301 0.0030463779084945733 0.002180112595380845 0.0013138472822671176 0.0004475819691533902 0.0 0.0 0.0 0.0 0.0 0.0 0.0 0.0 0.0 0.0 0.0 0.0 0.0677511550120045 0.20792982802374899 0.3481085010357325 0.488287174047477 0.6284658470592215 0.768644520070966 0.9088231930827104 1.049001866094455 1.1891805391061994 1.3293592121179438 1.4695378851296883 1.6097165581414328 1.7013429490171155 1.7410658513915784 1.7807887537660412 1.8205116561405716 1.8602345585150346 1.8999574608894974 1.9396803632639603 1.979403265638423 2.019126168012886
0.0 0.0 0.0 0.0 0.0 0.0 0.0 0.0 0.0 0.0 0.0 0.0 0.0 0.0 0.0 0.0 0.0 0.0 0.0 0.0 0.0 0.0 0.0 0.0 0.0 0.0 0.0 0.06816529531321987 0.20920083398068298 0.35023637264838664 0.49127191131584974 0.6323074499833129 0.773342988650776 0.9143785273182391 1.055414065985702 1.1964496046531654 1.3374851433206285 1.4785206819880916 1.6195562206555547 1.711721117471517 1.7516421920449283 1.7915632666183394 1.831484341191819 1.8714054157652302 1.9113264903386415 1.9512475649120529 1.9911686394854642 2.0310897140588753
0.0 0.0 0.0 0.0 0.0 0.0 0.0 0.0 0.0 0.0 0.0 0.0 0.0 0.0 0.0 0.0 0.0 0.0 0.0 0.0 0.0 0.0 0.0 0.0 0.0 0.0 0.0 0.0627154486739521 0.19247513130804264 0.3222348139423544 0.45199449657644497 0.5817541792105355 0.7115138618446261 0.8412735444787166 0.9710332271128072 1.1007929097468976 1.2305525923809881 1.3603122750150787 1.4900719576491692 1.5748218648246872 1.6114553033157943 1.6480887418069017 1.6847221802980714 1.7213556187891785 1.7579890572802859 1.794622495771393 1.8312559342625003 1.8678893727536074
0.0 0.0 0.0 0.0 0.0 0.0 0.0 0.0 0.0 0.0 0.0 0.0 0.0 0.0 0.0 0.0 0.0 0.0 0.0 0.0 0.0 0.0 0.0 0.0 0.0 0.0 0.0 0.05726560203467967 0.17574942863538798 0.29423325523629834 0.41271708183700667 0.531200908437715 0.6496847350384233 0.7681685616391316 0.8866523882398399 1.0051362148405483 1.1236200414412565 1.242103868041965 1.3605876946426732 1.4379226121777406 1.4712684145865411 1.5046142169953414 1.5379600194041987 1.571305821812999 1.6046516242217994 1.6379974266305997 1.6713432290394001 1.7046890314482006
0.0 0.0 0.0 0.0 0.0 0.0 0.0 0.0 0.0 0.0 0.0 0.0 0.0 0.0 0.0 0.0 0.0 0.0 0.0 0.0 0.0 0.0 0.0 0.0 0.0 0.0 0.0 0.051815755395411896 0.15902372596274764 0.2662316965302662 0.3734396670976019 0.4806476376649377 0.5878556082322735 0.6950635787996091 0.8022715493669449 0.9094795199342806 1.0166874905016163 1.123895461068952 1.2311034316362879 1.301023359530911 1.3310815258574074 1.3611396921839036 1.3911978585104512 1.4212560248369475 1.4513141911634437 1.4813723574899402 1.5114305238164365 1.5414886901429328
0.0 0.0 0.0 0.0 0.0 0.0 0.0 0.0 0.0 0.0 0.0 0.0 0.0 0.0 0.0 0.0 0.0 0.0 0.0 0.0 0.0 0.0 0.0 0.0 0.0 0.0 0.0 0.046365908756144124 0.14229802329010727 0.23823013782423402 0.3341622523581972 0.43009436689216035 0.5260264814261235 0.6219585959600866 0.7178907104940498 0.813822825028013 0.9097549395619762 1.0056870540959393 1.1016191686299024 1.1641241068840813 1.1908946371282736 1.2176651673724659 1.2444356976167037 1.271206227860896 1.2979767581050883 1.3247472883492803 1.3515178185934726 1.378288348837665
0.0 0.0 0.0 0.0 0.0 0.0 0.0 0.0 0.0 0.0 0.0 0.0 0.0 0.0 0.0 0.0 0.0 0.0 0.0 0.0 0.0 0.0 0.0 0.0 0.0 0.0 0.0 0.04091606211687633 0.12557232061746687 0.21022857911820178 0.29488483761879236 0.37954109611938286 0.4641973546199734 0.548853613120564 0.6335098716211545 0.718166130121745 0.8028223886223356 0.8874786471229261 0.9721349056235167 1.0272248542372513 1.0507077483991396 1.0741906425610277 1.097673536722956 1.1211564308848443 1.1446393250467324 1.1681222192086207 1.1916051133705088 1.215088007532397
0.0 0.0 0.0 0.0 0.0 0.0 0.0 0.0 0.0 0.0 0.0 0.0 0.0 0.0 0.0 0.0 0.0 0.0 0.0 0.0 0.0 0.0 0.0 0.0 0.0 0.0 0.0 0.03546621547760856 0.10884661794482653 0.18222702041216962 0.2556074228793876 0.32898782534660553 0.40236822781382353 0.4757486302810415 0.5491290327482594 0.6225094352154774 0.6958898376826954 0.7692702401499133 0.8426506426171313 0.8903256015904218 0.910520859670006 0.9307161177495901 0.9509113758292087 0.9711066339087928 0.9913018919883769 1.011497150067961 1.0316924081475451 1.0518876662271293
0.0 0.0 0.0 0.0 0.0 0.0 0.0 0.0 0.0 0.0 0.0 0.0 0.0 0.0 0.0 0.0 0.0 0.0 0.0 0.0 0.0 0.0 0.0 0.0 0.0 0.0 0.0 0.030016368838340784 0.09212091527218617 0.15422546170613746 0.21633000813998285 0.2784345545738282 0.3405391010076736 0.402643647441519 0.46474819387536437 0.5268527403092098 0.5889572867430551 0.6510618331769006 0.7131663796107459 0.7534263489435922 0.7703339709408722 0.7872415929381522 0.8041492149354612 0.8210568369327412 0.8379644589300212 0.8548720809273014 0.8717797029245814 0.8886873249218615
