Figures/CREST_Example_wjb_NSE/Rolling_result/20100722/BJP_forecast/ens_39/wjb.rain.20091108.asc
ncols            288
nrows            254
xllcorner        113.274861
yllcorner        31.4918055
cellsize         0.008333333333
NODATA_value     -9999
[rows 168 to 191 of 254, columns 216 to 269 of 288]
0.928156316280365 0.928156316280365 0.928156316280365 0.9130663344336951 0.8818448204880996 0.8506233065424509 0.8194017925968554 0.78818027865126 0.7569587647056645 0.725737250760069 0.6945157368144735 0.6632942228688781 0.6320727089232827 0.6008511949776871 0.5696296810320918 0.5534981489181519 0.5534981489181519 0.5534981489181519 0.5534981489181519 0.5534981489181519 0.5534981489181519 0.5534981489181519 0.5534981489181519 0.5534981489181519 0.5534981489181519 0.5534981489181519 0.5534981489181519 0.5403298263052919 0.5130842687498379 0.485838711194384 0.45859315363893 0.43134759608342954 0.40410203852797555 0.37685648097252156 0.3496109234170676 0.32236536586161363 0.29511980830615964 0.2678742507507057 0.2406286931952517 0.21742672086615544 0.1985474326802824 0.17966814449440938 0.16078885630853634 0.1419095681226633 0.12303027993675808 0.10415099175088505 0.08527170356501201 0.06639241537913898 0.04751312719326595 -9999.0 -9999.0 -9999.0 -9999.0 -9999.0
0.9496085631609291 0.9496085631609291 0.9496085631609291 0.9337725490908342 0.9010074775913461 0.8682424060918023 0.8354773345923142 0.8027122630928263 0.7699471915933382 0.7371821200938502 0.7044170485943622 0.6716519770948741 0.6388869055953861 0.6061218340958981 0.5733567625964101 0.5564277051512605 0.5564277051512605 0.5564277051512605 0.5564277051512605 0.5564277051512605 0.5564277051512605 0.5564277051512605 0.5564277051512605 0.5564277051512605 0.5564277051512605 0.5564277051512605 0.5564277051512605 0.5431761243319604 0.515758303662804 0.4883404829936475 0.46092266232449103 0.43350484165528785 0.40608702098613136 0.37866920031697493 0.3512513796478185 0.32383355897866206 0.29641573830950557 0.26899791764034914 0.24158009697119265 0.21828818148569717 0.1994069520412916 0.1805257225968861 0.16164449315248053 0.14276326370807502 0.12388203426363728 0.10500080481923174 0.0861195753748262 0.06723834593042066 0.04835711648601512 -9999.0 -9999.0 -9999.0 -9999.0 -9999.0
0.9939919097279784 0.9939919097279784 0.9939919097279784 0.9766124020132871 0.9406538072319713 0.9046952124505943 0.8687366176692783 0.8327780228879625 0.7968194281066467 0.7608608333253309 0.7249022385440151 0.6889436437626992 0.6529850489813835 0.6170264542000676 0.5810678594187518 0.5624887723348349 0.5624887723348349 0.5624887723348349 0.5624887723348349 0.5624887723348349 0.5624887723348349 0.5624887723348349 0.5624887723348349 0.5624887723348349 0.5624887723348349 0.5624887723348349 0.5624887723348349 0.5490649355345385 0.5212907133416282 0.493516491148718 0.46574226895580767 0.43796804676285006 0.4101938245699398 0.38241960237702954 0.3546453801841193 0.326871157991209 0.2990969357982987 0.27132271360538845 0.2435484914124782 0.2200704892059027 0.2011852434199594 0.1822999976340161 0.16341475184807283 0.14452950606212955 0.12564426027615405 0.10675901449021077 0.0878737687042675 0.06898852291832419 0.05010327713238091 -9999.0 -9999.0 -9999.0 -9999.0 -9999.0
1.0383752562949895 1.0383752562949895 1.0383752562949895 1.0194522549357035 0.9803001368725626 0.9411480188093548 0.9019959007462139 0.862843782683073 0.8236916646199322 0.7845395465567913 0.7453874284936504 0.7062353104305096 0.6670831923673687 0.6279310743042278 0.5887789562410869 0.568549839518404 0.568549839518404 0.568549839518404 0.568549839518404 0.568549839518404 0.568549839518404 0.568549839518404 0.568549839518404 0.568549839518404 0.568549839518404 0.568549839518404 0.568549839518404 0.5549537467371115 0.5268231230204478 0.49869249930378395 0.47056187558712015 0.44243125187040844 0.4143006281537447 0.3861700044370809 0.35803938072041713 0.32990875700375333 0.3017781332870896 0.27364750957042583 0.24551688585376202 0.2218527969261067 0.20296353479862567 0.18407427267114465 0.16518501054366364 0.1462957484161826 0.12740648628866935 0.10851722416118832 -9999.0 -9999.0 -9999.0 -9999.0 -9999.0 -9999.0 -9999.0 -9999.0
1.0827586028620009 1.0827586028620009 1.0827586028620009 1.0622921078581198 1.019946466513154 0.9776008251681158 0.9352551838231498 0.8929095424781838 0.8505639011332178 0.8082182597882518 0.7658726184432858 0.7235269770983198 0.6811813357533538 0.6388356944083879 0.5964900530634218 0.5746109067019731 0.5746109067019731 0.5746109067019731 0.5746109067019731 0.5746109067019731 0.5746109067019731 0.5746109067019731 0.5746109067019731 0.5746109067019731 0.5746109067019731 0.5746109067019731 0.5746109067019731 0.5608425579396845 0.5323555326992673 0.5038685074588499 0.4753814822184327 0.4468944569779668 0.4184074317375495 0.3899204064971322 0.361433381256715 0.3329463560162977 0.3044593307758804 0.2759723055354631 0.24748528029504585 0.2236351046463107 0.20474182617729192 0.18584854770827317 0.1669552692392544 0.14806199077023563 0.12916871230118465 -9999.0 -9999.0 -9999.0 -9999.0 -9999.0 -9999.0 -9999.0 -9999.0 -9999.0
1.127141949429012 1.127141949429012 1.127141949429012 1.105131960780536 1.059592796153745 1.0140536315268764 0.9685144669000854 0.9229753022732943 0.8774361376465032 0.8318969730197121 0.7863578083929211 0.7408186437661302 0.6952794791393391 0.649740314512548 0.6042011498857569 0.5806719738855423 0.5806719738855423 0.5806719738855423 0.5806719738855423 0.5806719738855423 0.5806719738855423 0.5806719738855423 0.5806719738855423 0.5806719738855423 0.5806719738855423 0.5806719738855423 0.5806719738855423 0.5667313691422575 0.5378879423780867 0.509044515613916 0.48020108884974516 0.4513576620855252 0.4225142353213544 0.3936708085571836 0.36482738179301283 0.33598395502884204 0.30714052826467125 0.27829710150050047 0.24945367473632968 0.22541741236651472 0.20652011755595823 0.1876228227454017 0.1687255279348452 -9999.0 -9999.0 -9999.0 -9999.0 -9999.0 -9999.0 -9999.0 -9999.0 -9999.0 -9999.0 -9999.0
1.1715252959960232 1.1715252959960232 1.1715252959960232 1.1479718137029524 1.0992391257943361 1.050506437885637 1.001773749977021 0.9530410620684048 0.9043083741597886 0.8555756862511725 0.8068429983425565 0.7581103104339404 0.7093776225253242 0.6606449346167081 0.611912246708092 0.5867330410691114 0.5867330410691114 0.5867330410691114 0.5867330410691114 0.5867330410691114 0.5867330410691114 0.5867330410691114 0.5867330410691114 0.5867330410691114 0.5867330410691114 0.5867330410691114 0.5867330410691114 0.5726201803448305 0.5434203520569062 0.514220523768982 0.48502069548105764 0.45582086719308357 0.42662103890515923 0.397421210617235 0.3682213823293107 0.33902155404138634 0.30982172575346206 0.2806218974655378 0.2514220691776135 0.2271997200867187 0.20829840893462448 0.18939709778253022 -9999.0 -9999.0 -9999.0 -9999.0 -9999.0 -9999.0 -9999.0 -9999.0 -9999.0 -9999.0 -9999.0 -9999.0
1.2159086425630345 1.2159086425630345 1.2159086425630345 1.1908116666253687 1.1388854554349277 1.0869592442443978 1.0350330330539568 0.9831068218635155 0.9311806106730742 0.8792543994826331 0.8273281882921919 0.7754019771017506 0.7234757659113095 0.6715495547208683 0.619623343530427 0.5927941082526805 0.5927941082526805 0.5927941082526805 0.5927941082526805 0.5927941082526805 0.5927941082526805 0.5927941082526805 0.5927941082526805 0.5927941082526805 0.5927941082526805 0.5927941082526805 0.5927941082526805 0.5785089915474035 0.5489527617357257 0.519396531924048 0.4898403021123702 0.46028407230064194 0.4307278424889641 0.40117161267728635 0.3716153828656086 0.34205915305393075 0.312502923242253 0.28294669343057516 0.2533904636188974 0.22898202780692276 0.21007670031329073 0.19117137281965874 -9999.0 -9999.0 -9999.0 -9999.0 -9999.0 -9999.0 -9999.0 -9999.0 -9999.0 -9999.0 -9999.0 -9999.0
1.2602919891300837 1.2602919891300837 1.2602919891300837 1.2336515195478217 1.1785317850755528 1.1234120506031897 1.0682923161309206 1.0131725816586516 0.9580528471863827 0.9029331127141137 0.8478133782418447 0.7926936437695756 0.7375739092973066 0.6824541748250377 0.6273344403527686 0.5988551754362548 0.5988551754362548 0.5988551754362548 0.5988551754362548 0.5988551754362548 0.5988551754362548 0.5988551754362548 0.5988551754362548 0.5988551754362548 0.5988551754362548 0.5988551754362548 0.5988551754362548 0.5843978027499815 0.5544851714145499 0.5245725400791184 0.4946599087436867 0.4647472774082041 0.43483464607277245 0.4049220147373409 0.37500938340190926 0.34509675206647766 0.31518412073104607 0.2852714893956144 0.2553588580601828 0.23076433552712827 0.2118549916919585 -9999.0 -9999.0 -9999.0 -9999.0 -9999.0 -9999.0 -9999.0 -9999.0 -9999.0 -9999.0 -9999.0 -9999.0 -9999.0
1.304675335697095 1.304675335697095 1.304675335697095 1.2764913724702383 1.2181781147161441 1.1598648569619505 1.1015515992078564 1.0432383414537623 0.9849250836996682 0.9266118259455742 0.8682985681914801 0.809985310437386 0.751672052683292 0.6933587949291978 0.6350455371751037 0.6049162426198239 0.6049162426198239 0.6049162426198239 0.6049162426198239 0.6049162426198239 0.6049162426198239 0.6049162426198239 0.6049162426198239 0.6049162426198239 0.6049162426198239 0.6049162426198239 0.6049162426198239 0.5902866139525546 0.5600175810933694 0.5297485482341844 0.49947951537499924 0.4692104825157625 0.43894144965657733 0.40867241679739225 0.37840338393820716 0.348134351079022 0.31786531821983693 0.2875962853606518 0.2573272525014667 0.2325466432473323 -9999.0 -9999.0 -9999.0 -9999.0 -9999.0 -9999.0 -9999.0 -9999.0 -9999.0 -9999.0 -9999.0 -9999.0 -9999.0 -9999.0
1.3490586822641062 1.3490586822641062 1.3490586822641062 1.3193312253926543 1.2578244443567352 1.196317663320711 1.134810882284792 1.0733041012488729 1.0117973202129538 0.9502905391770345 0.8887837581411154 0.8272769771051962 0.7657701960692771 0.7042634150333579 0.6427566339974388 0.610977309803393 0.610977309803393 0.610977309803393 0.610977309803393 0.610977309803393 0.610977309803393 0.610977309803393 0.610977309803393 0.610977309803393 0.610977309803393 0.610977309803393 0.610977309803393 0.5961754251551276 0.5655499907721889 0.5349245563892503 0.5042991220063118 0.47367368762332085 0.4430482532403823 0.41242281885744364 0.38179738447450506 0.35117195009156643 0.3205465157086278 0.2899210813256892 0.2592956469427506 -9999.0 -9999.0 -9999.0 -9999.0 -9999.0 -9999.0 -9999.0 -9999.0 -9999.0 -9999.0 -9999.0 -9999.0 -9999.0 -9999.0 -9999.0
1.3934420288311176 1.3934420288311176 1.3934420288311176 1.362171078315071 1.2974707739973266 1.2327704696794721 1.1680701653617278 1.1033698610439835 1.0386695567262394 0.9739692524084951 0.9092689480907508 0.8445686437730066 0.7798683394552622 0.715168035137518 0.6504677308197738 0.6170383769869622 0.6170383769869622 0.6170383769869622 0.6170383769869622 0.6170383769869622 0.6170383769869622 0.6170383769869622 0.6170383769869622 0.6170383769869622 0.6170383769869622 0.6170383769869622 0.6170383769869622 0.6020642363577006 0.5710824004510084 0.5401005645443163 0.5091187286376242 0.4781368927308792 0.4471550568241871 0.416173220917495 0.38519138501080286 0.3542095491041108 0.32322771319741866 0.29224587729072654 0.2612640413840344 -9999.0 -9999.0 -9999.0 -9999.0 -9999.0 -9999.0 -9999.0 -9999.0 -9999.0 -9999.0 -9999.0 -9999.0 -9999.0 -9999.0 -9999.0
1.4378253753981287 1.4378253753981287 1.4378253753981287 1.405010931237487 1.3371171036379177 1.2692232760382327 1.2013294484386634 1.133435620839094 1.0655417932395248 0.9976479656399554 0.9297541380403861 0.8618603104408168 0.7939664828412475 0.7260726552416782 0.6581788276421088 0.6230994441705313 0.6230994441705313 0.6230994441705313 0.6230994441705313 0.6230994441705313 0.6230994441705313 0.6230994441705313 0.6230994441705313 0.6230994441705313 0.6230994441705313 0.6230994441705313 0.6230994441705313 0.6079530475602736 0.576614810129828 0.5452765726993823 0.5139383352689367 0.4826000978384376 0.451261860407992 0.4199236229775464 0.38858538554710076 0.35724714811665514 0.32590891068620953 0.29457067325576386 0.26323243582531825 -9999.0 -9999.0 -9999.0 -9999.0 -9999.0 -9999.0 -9999.0 -9999.0 -9999.0 -9999.0 -9999.0 -9999.0 -9999.0 -9999.0 -9999.0
1.4395430161563803 1.4395430161563803 1.4395430161563803 1.4066871977662294 1.338707765949456 1.2707283341325666 1.2027489023157931 1.1347694704990197 1.066790038682246 0.9988106068654725 0.930831175048699 0.8628517432319256 0.7948723114151521 0.7268928795983786 0.6589134477816051 0.6237898343222915 0.6237898343222915 0.6237898343222915 0.6237898343222915 0.6237898343222915 0.6237898343222915 0.6237898343222915 0.6237898343222915 0.6237898343222915 0.6237898343222915 0.6237898343222915 0.6237898343222915 0.6086651250968147 0.5773717593563821 0.5460783936159495 0.5147850278755168 0.4834916621350308 0.45219829639459813 0.4209049306541655 0.38961156491373283 0.3583181991733002 0.3270248334328676 0.29573146769243497 -9999.0 -9999.0 -9999.0 -9999.0 -9999.0 -9999.0 -9999.0 -9999.0 -9999.0 -9999.0 -9999.0 -9999.0 -9999.0 -9999.0 -9999.0 -9999.0
1.3956537067233012 1.3956537067233012 1.3956537067233012 1.3643621850763028 1.2996193186230696 1.234876452169726 1.1701335857164927 1.1053907192632595 1.0406478528100263 0.975904986356793 0.9111621199035598 0.8464192534503266 0.7816763869970934 0.7169335205438602 0.6521906540906269 0.6187393092532575 0.6187393092532575 0.6187393092532575 0.6187393092532575 0.6187393092532575 0.6187393092532575 0.6187393092532575 0.6187393092532575 0.6187393092532575 0.6187393092532575 0.6187393092532575 0.6187393092532575 0.6038436006458777 0.5730240423677947 0.5422044840897116 0.5113849258116285 0.4805653675334928 0.44974580925540975 0.41892625097732666 0.3881066926992436 0.35728713442116045 0.32646757614307736 -9999.0 -9999.0 -9999.0 -9999.0 -9999.0 -9999.0 -9999.0 -9999.0 -9999.0 -9999.0 -9999.0 -9999.0 -9999.0 -9999.0 -9999.0 -9999.0 -9999.0
1.3517643972901847 1.3517643972901847 1.3517643972901847 1.32203717238634 1.2605308712966499 1.1990245702068547 1.1375182691171646 1.0760119680274745 1.014505666937784 0.952999365848094 0.8914930647584037 0.8299867636687135 0.7684804625790234 0.7069741614893331 0.6454678603996429 0.6136887841842192 0.6136887841842192 0.6136887841842192 0.6136887841842192 0.6136887841842192 0.6136887841842192 0.6136887841842192 0.6136887841842192 0.6136887841842192 0.6136887841842192 0.6136887841842192 0.6136887841842192 0.5990220761949369 0.5686763253792037 0.5383305745634704 0.5079848237477373 0.4776390729319524 0.4472933221162193 0.4169475713004861 0.38660182048475294 0.3562560696690198 0.32591031885328664 0.2955645680375535 -9999.0 -9999.0 -9999.0 -9999.0 -9999.0 -9999.0 -9999.0 -9999.0 -9999.0 -9999.0 -9999.0 -9999.0 -9999.0 -9999.0 -9999.0 -9999.0
1.3078750878571055 1.3078750878571055 1.3078750878571055 1.2797121596964134 1.2214424239702635 1.163172688244014 1.1049029525178642 1.0466332167917143 0.9883634810655643 0.9300937453394142 0.8718240096132643 0.8135542738871144 0.7552845381609645 0.6970148024348146 0.6387450667086646 0.6086382591151852 0.6086382591151852 0.6086382591151852 0.6086382591151852 0.6086382591151852 0.6086382591151852 0.6086382591151852 0.6086382591151852 0.6086382591151852 0.6086382591151852 0.6086382591151852 0.6086382591151852 0.5942005517439999 0.5643286083906163 0.5344566650372327 0.504584721683849 0.4747127783304145 0.44484083497703086 0.41496889162364725 0.38509694827026364 0.35522500491688 0.3253530615634964 0.2954811182101128 -9999.0 -9999.0 -9999.0 -9999.0 -9999.0 -9999.0 -9999.0 -9999.0 -9999.0 -9999.0 -9999.0 -9999.0 -9999.0 -9999.0 -9999.0 -9999.0
1.2639857784240265 1.2639857784240265 1.2639857784240265 1.2373871470064868 1.182353976643877 1.1273208062811735 1.0722876359185638 1.0172544655559541 0.9622212951933444 0.9071881248307347 0.8521549544681251 0.7971217841055154 0.7420886137429057 0.687055443380296 0.6320222730176863 0.6035877340461512 0.6035877340461512 0.6035877340461512 0.6035877340461512 0.6035877340461512 0.6035877340461512 0.6035877340461512 0.6035877340461512 0.6035877340461512 0.6035877340461512 0.6035877340461512 0.6035877340461512 0.589379027293063 0.5599808914020289 0.5305827555109948 0.5011846196199607 0.47178648372887655 0.4423883478378424 0.4129902119468084 0.3835920760557743 0.35419394016474026 0.32479580427370613 0.29539766838267206 -9999.0 -9999.0 -9999.0 -9999.0 -9999.0 -9999.0 -9999.0 -9999.0 -9999.0 -9999.0 -9999.0 -9999.0 -9999.0 -9999.0 -9999.0 -9999.0
1.2200964689909473 1.2200964689909473 1.2200964689909473 1.19506213431656 1.1432655293174905 1.0914689243183329 1.0396723193192634 0.9878757143201939 0.9360791093211245 0.8842825043220551 0.8324858993229858 0.7806892943239163 0.7288926893248469 0.6770960843257775 0.6252994793267082 0.5985372089771173 0.5985372089771173 0.5985372089771173 0.5985372089771173 0.5985372089771173 0.5985372089771173 0.5985372089771173 0.5985372089771173 0.5985372089771173 0.5985372089771173 0.5985372089771173 0.5985372089771173 0.5845575028421262 0.5556331744134416 0.5267088459847571 0.4977845175560725 0.4688601891273386 0.4399358606986541 0.41101153226996956 0.38208720384128503 0.35316287541260044 -9999.0 -9999.0 -9999.0 -9999.0 -9999.0 -9999.0 -9999.0 -9999.0 -9999.0 -9999.0 -9999.0 -9999.0 -9999.0 -9999.0 -9999.0 -9999.0 -9999.0 -9999.0
1.1762071595578683 1.1762071595578683 1.1762071595578683 1.1527371216266333 1.104177081991104 1.0556170423554923 1.007057002719963 0.9584969630844339 0.9099369234489048 0.8613768838133755 0.8128168441778464 0.7642568045423173 0.715696764906788 0.6671367252712589 0.6185766856357298 0.5934866839080832 0.5934866839080832 0.5934866839080832 0.5934866839080832 0.5934866839080832 0.5934866839080832 0.5934866839080832 0.5934866839080832 0.5934866839080832 0.5934866839080832 0.5934866839080832 0.5934866839080832 0.5797359783911892 0.5512854574248542 0.5228349364585192 0.49438441549218426 0.4659338945258007 0.4374833735594657 0.4090328525931307 0.3805823316267957 -9999.0 -9999.0 -9999.0 -9999.0 -9999.0 -9999.0 -9999.0 -9999.0 -9999.0 -9999.0 -9999.0 -9999.0 -9999.0 -9999.0 -9999.0 -9999.0 -9999.0 -9999.0 -9999.0
1.132317850124789 1.132317850124789 1.132317850124789 1.1104121089367065 1.0650886346647177 1.0197651603926514 0.9744416861206626 0.9291182118486737 0.8837947375766848 0.838471263304696 0.793147789032707 0.7478243147607182 0.7025008404887293 0.6571773662167404 0.6118538919447515 0.5884361588390492 0.5884361588390492 0.5884361588390492 0.5884361588390492 0.5884361588390492 0.5884361588390492 0.5884361588390492 0.5884361588390492 0.5884361588390492 0.5884361588390492 0.5884361588390492 0.5884361588390492 0.5749144539402523 0.5469377404362669 0.5189610269322814 0.4909843134282959 0.46300759992426277 0.4350308864202773 0.4070541729162918 0.37907745941230636 -9999.0 -9999.0 -9999.0 -9999.0 -9999.0 -9999.0 -9999.0 -9999.0 -9999.0 -9999.0 -9999.0 -9999.0 -9999.0 -9999.0 -9999.0 -9999.0 -9999.0 -9999.0 -9999.0
1.0884285406916725 1.0884285406916725 1.0884285406916725 1.0680870962467437 1.026000187338298 0.9839132784297803 0.9418263695213345 0.8997394606128886 0.8576525517044427 0.8155656427959967 0.773478733887551 0.7313918249791052 0.6893049160706592 0.6472180071622133 0.6051310982537674 0.583385633770011 0.583385633770011 0.583385633770011 0.583385633770011 0.583385633770011 0.583385633770011 0.583385633770011 0.583385633770011 0.583385633770011 0.583385633770011 0.583385633770011 0.583385633770011 0.5700929294893113 0.5425900234476758 0.5150871174060403 0.4875842113644048 0.46008130532272234 0.4325783992810869 0.40507549323945136 0.37757258719781583 -9999.0 -9999.0 -9999.0 -9999.0 -9999.0 -9999.0 -9999.0 -9999.0 -9999.0 -9999.0 -9999.0 -9999.0 -9999.0 -9999.0 -9999.0 -9999.0 -9999.0 -9999.0 -9999.0
1.0445392312585935 1.0445392312585935 1.0445392312585935 1.0257620835568173 0.9869117400119116 0.9480613964669398 0.9092110529220341 0.8703607093771285 0.8315103658322229 0.7926600222873172 0.7538096787424117 0.7149593351975061 0.6761089916526004 0.6372586481076947 0.5984083045627893 0.5783351087009769 0.5783351087009769 0.5783351087009769 0.5783351087009769 0.5783351087009769 0.5783351087009769 0.5783351087009769 0.5783351087009769 0.5783351087009769 0.5783351087009769 0.5783351087009769 0.5783351087009769 0.5652714050383745 0.5382423064590884 0.5112132078798025 0.4841841093005165 0.4571550107211844 0.43012591214189844 0.40309681356261245 0.3760677149833265 0.34903861640404055 -9999.0 -9999.0 -9999.0 -9999.0 -9999.0 -9999.0 -9999.0 -9999.0 -9999.0 -9999.0 -9999.0 -9999.0 -9999.0 -9999.0 -9999.0 -9999.0 -9999.0 -9999.0
1.0006499218255143 1.0006499218255143 1.0006499218255143 0.9834370708668904 0.947823292685525 0.9122095145040989 0.8765957363227337 0.8409819581413682 0.805368179960003 0.7697544017786376 0.7341406235972723 0.6985268454159068 0.6629130672345416 0.6272992890531762 0.5916855108718109 0.5732845836319429 0.5732845836319429 0.5732845836319429 0.5732845836319429 0.5732845836319429 0.5732845836319429 0.5732845836319429 0.5732845836319429 0.5732845836319429 0.5732845836319429 0.5732845836319429 0.5732845836319429 0.5604498805874375 0.5338945894705011 0.5073392983535646 0.4807840072366282 0.45422871611964644 0.42767342500271 0.40111813388577355 0.37456284276883717 0.3480075516519007 -9999.0 -9999.0 -9999.0 -9999.0 -9999.0 -9999.0 -9999.0 -9999.0 -9999.0 -9999.0 -9999.0 -9999.0 -9999.0 -9999.0 -9999.0 -9999.0 -9999.0 -9999.0
