Figures/CREST_Example_wjb_NSE/Rolling_result/20100722/BJP_forecast/ens_39/wjb.rain.20100506.asc
ncols            288
nrows            254
xllcorner        113.274861
yllcorner        31.4918055
cellsize         0.008333333333
NODATA_value     -9999
[rows 23 to 45 of 254, columns 0 to 51 of 288]
-9999.0 -9999.0 -9999.0 -9999.0 -9999.0 -9999.0 -9999.0 -9999.0 -9999.0 -9999.0 -9999.0 -9999.0 -9999.0 -9999.0 -9999.0 -9999.0 -9999.0 -9999.0 -9999.0 -9999.0 -9999.0 -9999.0 0.0 0.0 0.0 0.0 0.0 0.0 0.0 0.0 0.0 0.0 0.0 0.0 0.0 0.0 0.0 0.0 0.0 0.0 0.0 0.0 0.0 0.0 0.0 0.0 0.0 0.0 0.0 0.0 0.0 0.0
-9999.0 -9999.0 -9999.0 -9999.0 -9999.0 -9999.0 -9999.0 -9999.0 -9999.0 -9999.0 -9999.0 -9999.0 -9999.0 -9999.0 -9999.0 -9999.0 -9999.0 -9999.0 -9999.0 -9999.0 -9999.0 -9999.0 0.0 0.0 0.0 0.0 0.0 0.0 0.0 0.0 0.0 0.0 0.0 0.0 0.0 0.0 0.0 0.0 0.0 0.0 0.0 0.0 0.0 0.0 0.0 0.0 0.0 0.0 0.0 0.0 0.0 0.0
-9999.0 -9999.0 -9999.0 -9999.0 -9999.0 -9999.0 -9999.0 -9999.0 -9999.0 -9999.0 -9999.0 -9999.0 -9999.0 -9999.0 -9999.0 -9999.0 -9999.0 -9999.0 -9999.0 -9999.0 -9999.0 -9999.0 0.0031972409074083772 0.00334752919713517 0.0034978174868619625 0.0036481057765887556 0.0037983940663158045 0.003876045020014124 0.003876045020014124 0.003876045020014124 0.003876045020014124 0.003876045020014124 0.003876045020014124 0.003876045020014124 0.003876045020014124 0.003876045020014124 0.003876045020014124 0.003876045020014124 0.003876045020014124 0.003719930847267857 0.0033969270956130037 0.0030739233439581503 0.002750919592303297 0.0024279158406484433 0.00210491208899359 0.0017819083373387364 0.001458904585683883 0.001135900834029029 0.0008128970823741755 0.0004898933307193221 0.0001668895790644686 0.0
-9999.0 -9999.0 -9999.0 -9999.0 -9999.0 -9999.0 -9999.0 -9999.0 -9999.0 -9999.0 -9999.0 -9999.0 -9999.0 -9999.0 -9999.0 -9999.0 0.007044779025111792 0.007506004309250356 0.00796722959338892 0.008428454877527483 0.008889680161666047 0.009350905445804612 0.009812130729943174 0.010273356014081738 0.010734581298220303 0.011195806582358865 0.011657031866498215 0.011895337746804957 0.011895337746804957 0.011895337746804957 0.011895337746804957 0.011895337746804957 0.011895337746804957 0.011895337746804957 0.011895337746804957 0.011895337746804957 0.011895337746804957 0.011895337746804957 0.011895337746804957 0.01141623319505413 0.010424955049526917 0.009433676903999702 0.008442398758472488 0.007451120612945275 0.006459842467418061 0.005468564321890847 0.004477286176363633 0.003486008030836419 0.0024947298853092055 0.001503451739781992 0.0005121735942547785 0.0
-9999.0 -9999.0 -9999.0 -9999.0 -9999.0 -9999.0 -9999.0 -9999.0 -9999.0 -9999.0 -9999.0 -9999.0 -9999.0 -9999.0 -9999.0 -9999.0 0.011794046881180013 0.012566209159730614 0.013338371438281215 0.014110533716831814 0.014882695995382415 0.015654858273933016 0.016427020552483615 0.017199182831034214 0.017971345109584817 0.018743507388135416 0.019515669666687333 0.019914630473602632 0.019914630473602632 0.019914630473602632 0.019914630473602632 0.019914630473602632 0.019914630473602632 0.019914630473602632 0.019914630473602632 0.019914630473602632 0.019914630473602632 0.019914630473602632 0.019914630473602632 0.01911253554284697 0.017452983003446824 0.01579343046404668 0.014133877924646536 0.012474325385246392 0.010814772845846247 0.009155220306446103 0.007495667767045959 0.005836115227645815 0.0041765626882456705 0.0025170101488455263 0.000857457609445382 0.0
-9999.0 -9999.0 -9999.0 -9999.0 -9999.0 -9999.0 -9999.0 -9999.0 -9999.0 -9999.0 -9999.0 -9999.0 -9999.0 -9999.0 -9999.0 0.015460215464281807 0.01654331473724418 0.017626414010206547 0.01870951328316892 0.019792612556131288 0.02087571182909366 0.021958811102056032 0.023041910375018404 0.024125009647980773 0.02520810892094314 0.026291208193905513 0.02737430746686973 0.02793392320039345 0.02793392320039345 0.02793392320039345 0.02793392320039345 0.02793392320039345 0.02793392320039345 0.02793392320039345 0.02793392320039345 0.02793392320039345 0.02793392320039345 0.02793392320039345 0.02793392320039345 0.02680883789063323 0.024481010957360723 0.02215318402408822 0.019825357090815718 0.017497530157543212 0.015169703224270711 0.012841876290998207 0.010514049357725704 0.008186222424453202 0.005858395491180696 0.003530568557908193 0.0012027416246356906 0.0
-9999.0 -9999.0 -9999.0 -9999.0 -9999.0 -9999.0 -9999.0 -9999.0 -9999.0 -9999.0 -9999.0 -9999.0 -9999.0 -9999.0 -9999.0 0.019898546325934206 0.021292582593308348 0.02268661886068249 0.024080655128056634 0.025474691395430772 0.026868727662804917 0.028262763930179055 0.0296568001975532 0.031050836464927338 0.03244487273230148 0.03383890899967562 0.035232945267052146 0.035953215927184284 0.035953215927184284 0.035953215927184284 0.035953215927184284 0.035953215927184284 0.035953215927184284 0.035953215927184284 0.035953215927184284 0.035953215927184284 0.035953215927184284 0.035953215927184284 0.035953215927184284 0.034505140238419496 0.031509038911274635 0.02851293758412977 0.025516836256984907 0.022520734929840046 0.01952463360269518 0.016528532275550317 0.013532430948405453 0.010536329621260589 0.007540228294115724 0.00454412696697086 0.0015480256398259992 0.0
-9999.0 -9999.0 -9999.0 -9999.0 -9999.0 -9999.0 -9999.0 -9999.0 -9999.0 -9999.0 -9999.0 -9999.0 -9999.0 -9999.0 -9999.0 0.024336877187586606 0.026041850449372517 0.02774682371115843 0.029451796972944345 0.031156770234730256 0.03286174349651617 0.034566716758302085 0.036271690020087996 0.03797666328187391 0.03968163654365982 0.041386609805445736 0.043091583067234554 0.04397250865397512 0.04397250865397512 0.04397250865397512 0.04397250865397512 0.04397250865397512 0.04397250865397512 0.04397250865397512 0.04397250865397512 0.04397250865397512 0.04397250865397512 0.04397250865397512 0.04397250865397512 0.04220144258620577 0.03853706686518855 0.034872691144171325 0.0312083154231541 0.027543939702136876 0.02387956398111965 0.020215188260102428 0.0165508125390852 0.012886436818067979 0.009222061097050753 0.00555768537603353 0.0018933096550163078 0.0
-9999.0 -9999.0 -9999.0 -9999.0 -9999.0 -9999.0 -9999.0 -9999.0 -9999.0 -9999.0 -9999.0 -9999.0 -9999.0 -9999.0 -9999.0 0.028775208049239005 0.03079111830543669 0.03280702856163437 0.03482293881783206 0.03683884907402974 0.038854759330227424 0.04087066958642511 0.04288657984262279 0.044902490098820476 0.04691840035501816 0.048934310611215844 0.05095022086741696 0.05199180138076595 0.05199180138076595 0.05199180138076595 0.05199180138076595 0.05199180138076595 0.05199180138076595 0.05199180138076595 0.05199180138076595 0.05199180138076595 0.05199180138076595 0.05199180138076595 0.05199180138076595 0.049897744933992044 0.04556509481910246 0.041232444704212876 0.03689979458932329 0.03256714447443371 0.028234494359544123 0.02390184424465454 0.019569194129764954 0.01523654401487537 0.010903893899985785 0.006571243785096201 0.0022385936702066164 0.0
-9999.0 -9999.0 -9999.0 -9999.0 -9999.0 -9999.0 -9999.0 -9999.0 -9999.0 -9999.0 -9999.0 -9999.0 -9999.0 -9999.0 0.04038985826088415 0.033213538910891405 0.035540386161500855 0.03786723341211031 0.04019408066271976 0.04252092791332922 0.044847775163938675 0.04717462241454813 0.04950146966515759 0.05182831691576704 0.05415516416637649 0.056482011416985944 0.05880885866759937 0.06001109410755678 0.06001109410755678 0.06001109410755678 0.06001109410755678 0.06001109410755678 0.06001109410755678 0.06001109410755678 0.06001109410755678 0.06001109410755678 0.06001109410755678 0.06001109410755678 0.06001109410755678 0.05759404728177831 0.052593122773016365 0.047592198264254426 0.04259127375549248 0.037590349246730534 0.032589424737968595 0.02758850022920665 0.022587575720444703 0.017586651211682763 0.012585726702920817 0.007584802194158878 0.002583877685396932 0.0
-9999.0 -9999.0 -9999.0 -9999.0 -9999.0 -9999.0 -9999.0 -9999.0 -9999.0 -9999.0 -9999.0 -9999.0 -9999.0 -9999.0 0.04538963009222707 0.037651869772547586 0.04028965401756908 0.042927438262590566 0.04556522250761206 0.048203006752633545 0.05084079099765504 0.05347857524267653 0.05611635948769802 0.058754143732719505 0.061391927977741 0.06402971222276249 0.06666749646778848 0.06803038683435444 0.06803038683435444 0.06803038683435444 0.06803038683435444 0.06803038683435444 0.06803038683435444 0.06803038683435444 0.06803038683435444 0.06803038683435444 0.06803038683435444 0.06803038683435444 0.06803038683435444 0.06529034962957114 0.059621150726936266 0.053951951824301396 0.04828275292166652 0.04261355401903165 0.03694435511639677 0.0312751562137619 0.025605957311127026 0.01993675840849215 0.014267559505857279 0.008598360603222402 0.002929161700587532 0.0
-9999.0 -9999.0 -9999.0 -9999.0 -9999.0 -9999.0 -9999.0 -9999.0 -9999.0 -9999.0 -9999.0 -9999.0 -9999.0 -9999.0 0.05038940192356575 0.04209020063419998 0.045038921873633245 0.047987643113066504 0.05093636435249976 0.05388508559193303 0.05683380683136629 0.05978252807079955 0.06273124931023281 0.06567997054966608 0.06862869178909933 0.0715774130285326 0.07452613426797089 0.07604967956114528 0.07604967956114528 0.07604967956114528 0.07604967956114528 0.07604967956114528 0.07604967956114528 0.07604967956114528 0.07604967956114528 0.07604967956114528 0.07604967956114528 0.07604967956114528 0.07604967956114528 0.07298665197735742 0.06664917868085019 0.06031170538434295 0.05397423208783571 0.047636758791328476 0.041299285494821245 0.034961812198314006 0.028624338901806774 0.022286865605299543 0.015949392308792304 0.009611919012285072 0.0032744457157778406 0.0
-9999.0 -9999.0 -9999.0 -9999.0 -9999.0 -9999.0 -9999.0 -9999.0 -9999.0 -9999.0 -9999.0 -9999.0 -9999.0 -9999.0 0.0553891737549044 0.04652853149585238 0.04978818972969741 0.05304784796354245 0.05630750619738748 0.059567164431232514 0.06282682266507755 0.06608648089892258 0.06934613913276762 0.07260579736661264 0.07586545560045768 0.07912511383430271 0.08238477206815331 0.08406897228793611 0.08406897228793611 0.08406897228793611 0.08406897228793611 0.08406897228793611 0.08406897228793611 0.08406897228793611 0.08406897228793611 0.08406897228793611 0.08406897228793611 0.08406897228793611 0.08406897228793611 0.08068295432514369 0.0736772066347641 0.0666714589443845 0.059665711254004904 0.05265996356362531 0.04565421587324572 0.038648468182866116 0.03164272049248652 0.02463697280210693 0.017631225111727336 0.010625477421347743 0.003619729730968149 0.0
-9999.0 -9999.0 -9999.0 -9999.0 -9999.0 -9999.0 -9999.0 -9999.0 -9999.0 -9999.0 -9999.0 -9999.0 -9999.0 0.08196482098176133 0.06038894558624311 0.05096686235750478 0.05453745758576158 0.05810805281401839 0.06167864804227519 0.065249243270532 0.06881983849878881 0.07239043372704561 0.0759610289553024 0.07953162418355922 0.08310221941181602 0.08667281464007281 0.09024340986833572 0.09208826501472694 0.09208826501472694 0.09208826501472694 0.09208826501472694 0.09208826501472694 0.09208826501472694 0.09208826501472694 0.09208826501472694 0.09208826501472694 0.09208826501472694 0.09208826501472694 0.09208826501472694 0.08837925667292997 0.08070523458867801 0.07303121250442604 0.0653571904201741 0.05768316833592214 0.05000914625167018 0.04233512416741823 0.03466110208316627 0.026987079998914323 0.019313057914662368 0.011639035830410413 0.003965013746158458 0.0
-9999.0 -9999.0 -9999.0 -9999.0 -9999.0 -9999.0 -9999.0 -9999.0 -9999.0 -9999.0 -9999.0 -9999.0 0.10754726939830164 0.0852596985277472 0.06297212765723081 0.05325997034196694 0.05699121427505798 0.060722458208149026 0.06445370214124008 0.06818494607433112 0.07191619000742216 0.07564743394051321 0.07937867787360425 0.0831099218066953 0.08684116573978634 0.09057240967287739 0.09430365360597479 0.09623151272535324 0.09623151272535324 0.09623151272535324 0.09623151272535324 0.09623151272535324 0.09623151272535324 0.09623151272535324 0.09623151272535324 0.09623151272535324 0.09623151272535324 0.09623151272535324 0.09623151272535324 0.0923556281771429 0.08433633545035266 0.07631704272356239 0.06829774999677213 0.06027845726998187 0.05225916454319161 0.04423987181640135 0.03622057908961109 0.028201286362820835 0.02018199363603057 0.012162700909240307 0.004143408182450042 0.0
-9999.0 -9999.0 -9999.0 -9999.0 -9999.0 -9999.0 -9999.0 -9999.0 -9999.0 -9999.0 -9999.0 -9999.0 -9999.0 0.0852596985277472 0.06297212765723081 0.05325997034196694 0.05699121427505798 0.060722458208149026 0.06445370214124008 0.06818494607433112 0.07191619000742216 0.07564743394051321 0.07937867787360425 0.0831099218066953 0.08684116573978634 0.09057240967287739 0.09430365360597479 0.09623151272535324 0.09623151272535324 0.09623151272535324 0.09623151272535324 0.09623151272535324 0.09623151272535324 0.09623151272535324 0.09623151272535324 0.09623151272535324 0.09623151272535324 0.09623151272535324 0.09623151272535324 0.0923556281771429 0.08433633545035266 0.07631704272356239 0.06829774999677213 0.06027845726998187 0.05225916454319161 0.04423987181640135 0.03622057908961109 0.028201286362820835 0.02018199363603057 0.012162700909240307 0.004143408182450042 0.0
-9999.0 -9999.0 -9999.0 -9999.0 -9999.0 -9999.0 -9999.0 -9999.0 -9999.0 -9999.0 -9999.0 -9999.0 -9999.0 0.0852596985277472 0.06297212765723081 0.05325997034196694 0.05699121427505798 0.060722458208149026 0.06445370214124008 0.06818494607433112 0.07191619000742216 0.07564743394051321 0.07937867787360425 0.0831099218066953 0.08684116573978634 0.09057240967287739 0.09430365360597479 0.09623151272535324 0.09623151272535324 0.09623151272535324 0.09623151272535324 0.09623151272535324 0.09623151272535324 0.09623151272535324 0.09623151272535324 0.09623151272535324 0.09623151272535324 0.09623151272535324 0.09623151272535324 0.0923556281771429 0.08433633545035266 0.07631704272356239 0.06829774999677213 0.06027845726998187 0.05225916454319161 0.04423987181640135 0.03622057908961109 0.028201286362820835 0.02018199363603057 0.012162700909240307 0.004143408182450042 0.0
-9999.0 -9999.0 -9999.0 -9999.0 -9999.0 -9999.0 -9999.0 -9999.0 -9999.0 -9999.0 -9999.0 -9999.0 -9999.0 -9999.0 0.06297212765723081 0.05325997034196694 0.05699121427505798 0.060722458208149026 0.06445370214124008 0.06818494607433112 0.07191619000742216 0.07564743394051321 0.07937867787360425 0.0831099218066953 0.08684116573978634 0.09057240967287739 0.09430365360597479 0.09623151272535324 0.09623151272535324 0.09623151272535324 0.09623151272535324 0.09623151272535324 0.09623151272535324 0.09623151272535324 0.09623151272535324 0.09623151272535324 0.09623151272535324 0.09623151272535324 0.09623151272535324 0.0923556281771429 0.08433633545035266 0.07631704272356239 0.06829774999677213 0.06027845726998187 0.05225916454319161 0.04423987181640135 0.03622057908961109 0.028201286362820835 0.02018199363603057 0.012162700909240307 0.004143408182450042 0.0
-9999.0 -9999.0 -9999.0 -9999.0 -9999.0 -9999.0 -9999.0 -9999.0 -9999.0 -9999.0 -9999.0 -9999.0 -9999.0 -9999.0 -9999.0 0.05325997034196694 0.05699121427505798 0.060722458208149026 0.06445370214124008 0.06818494607433112 0.07191619000742216 0.07564743394051321 0.07937867787360425 0.0831099218066953 0.08684116573978634 0.09057240967287739 0.09430365360597479 0.09623151272535324 0.09623151272535324 0.09623151272535324 0.09623151272535324 0.09623151272535324 0.09623151272535324 0.09623151272535324 0.09623151272535324 0.09623151272535324 0.09623151272535324 0.09623151272535324 0.09623151272535324 0.0923556281771429 0.08433633545035266 0.07631704272356239 0.06829774999677213 0.06027845726998187 0.05225916454319161 0.04423987181640135 0.03622057908961109 0.028201286362820835 0.02018199363603057 0.012162700909240307 0.004143408182450042 0.0
-9999.0 -9999.0 -9999.0 -9999.0 -9999.0 -9999.0 -9999.0 -9999.0 -9999.0 -9999.0 -9999.0 -9999.0 -9999.0 -9999.0 -9999.0 0.05325997034196694 0.05699121427505798 0.060722458208149026 0.06445370214124008 0.06818494607433112 0.07191619000742216 0.07564743394051321 0.07937867787360425 0.0831099218066953 0.08684116573978634 0.09057240967287739 0.09430365360597479 0.09623151272535324 0.09623151272535324 0.09623151272535324 0.09623151272535324 0.09623151272535324 0.09623151272535324 0.09623151272535324 0.09623151272535324 0.09623151272535324 0.09623151272535324 0.09623151272535324 0.09623151272535324 0.0923556281771429 0.08433633545035266 0.07631704272356239 0.06829774999677213 0.06027845726998187 0.05225916454319161 0.04423987181640135 0.03622057908961109 0.028201286362820835 0.02018199363603057 0.012162700909240307 0.004143408182450042 0.0
-9999.0 -9999.0 -9999.0 -9999.0 -9999.0 -9999.0 -9999.0 -9999.0 -9999.0 -9999.0 -9999.0 -9999.0 -9999.0 -9999.0 -9999.0 -9999.0 0.05699121427505798 0.060722458208149026 0.06445370214124008 0.06818494607433112 0.07191619000742216 0.07564743394051321 0.07937867787360425 0.0831099218066953 0.08684116573978634 0.09057240967287739 0.09430365360597479 0.09623151272535324 0.09623151272535324 0.09623151272535324 0.09623151272535324 0.09623151272535324 0.09623151272535324 0.09623151272535324 0.09623151272535324 0.09623151272535324 0.09623151272535324 0.09623151272535324 0.09623151272535324 0.0923556281771429 0.08433633545035266 0.07631704272356239 0.06829774999677213 0.06027845726998187 0.05225916454319161 0.04423987181640135 0.03622057908961109 0.028201286362820835 0.02018199363603057 0.012162700909240307 0.004143408182450042 0.0
-9999.0 -9999.0 -9999.0 -9999.0 -9999.0 -9999.0 -9999.0 -9999.0 -9999.0 -9999.0 -9999.0 -9999.0 -9999.0 -9999.0 -9999.0 -9999.0 -9999.0 0.060722458208149026 0.06445370214124008 0.06818494607433112 0.07191619000742216 0.07564743394051321 0.07937867787360425 0.0831099218066953 0.08684116573978634 0.09057240967287739 0.09430365360597479 0.09623151272535324 0.09623151272535324 0.09623151272535324 0.09623151272535324 0.09623151272535324 0.09623151272535324 0.09623151272535324 0.09623151272535324 0.09623151272535324 0.09623151272535324 0.09623151272535324 0.09623151272535324 0.0923556281771429 0.08433633545035266 0.07631704272356239 0.06829774999677213 0.06027845726998187 0.05225916454319161 0.04423987181640135 0.03622057908961109 0.028201286362820835 0.02018199363603057 0.012162700909240307 0.004143408182450042 0.0
-9999.0 -9999.0 -9999.0 -9999.0 -9999.0 -9999.0 -9999.0 -9999.0 -9999.0 -9999.0 -9999.0 -9999.0 -9999.0 -9999.0 -9999.0 -9999.0 -9999.0 0.060722458208149026 0.06445370214124008 0.06818494607433112 0.07191619000742216 0.07564743394051321 0.07937867787360425 0.0831099218066953 0.08684116573978634 0.09057240967287739 0.09430365360597479 0.09623151272535324 0.09623151272535324 0.09623151272535324 0.09623151272535324 0.09623151272535324 0.09623151272535324 0.09623151272535324 0.09623151272535324 0.09623151272535324 0.09623151272535324 0.09623151272535324 0.09623151272535324 0.0923556281771429 0.08433633545035266 0.07631704272356239 0.06829774999677213 0.06027845726998187 0.05225916454319161 0.04423987181640135 0.03622057908961109 0.028201286362820835 0.02018199363603057 0.012162700909240307 0.004143408182450042 0.0
