Figures/CREST_Example_wjb_NSE/Rolling_result/20100722/BJP_forecast/ens_39/wjb.rain.20090806.asc
ncols            288
nrows            254
xllcorner        113.274861
yllcorner        31.4918055
cellsize         0.008333333333
NODATA_value     -9999
[rows 133 to 151 of 254, columns 43 to 85 of 288]
0.7658589094092816 0.790184917086518 0.8145109247637543 0.8388369324409908 0.8631629401182271 0.8874889477954635 0.9118149554727 0.9361409631499362 0.9487097248462744 0.9487097248462744 0.9487097248462744 0.9487097248462744 0.9487097248462744 0.9487097248462744 0.9487097248462744 0.9487097248462744 0.9487097248462744 0.9487097248462744 0.9487097248462744 0.9487097248462744 0.9396906797389579 0.9210300715407548 0.9023694633425198 0.8837088551443165 0.8650482469461134 0.8463876387479101 0.8277270305497069 0.8090664223515037 0.7904058141533005 0.7717452059550973 0.7530845977568941 0.7344239895586909 0.7172234208704961 0.701583667424995 0.685943913979494 0.6703041605339662 0.6546644070884652 0.6390246536429641 0.6233849001974631 0.6077451467519621 0.5921053933064611 0.57646563986096 0.5608258864154589
0.8382592762808045 0.868266150613478 0.8982730249461515 0.9282798992788249 0.9582867736114984 0.988293647944172 1.0183005222768453 1.0483073966095189 1.0638113485009861 1.0638113485009861 1.0638113485009861 1.0638113485009861 1.0638113485009861 1.0638113485009861 1.0638113485009861 1.0638113485009861 1.0638113485009861 1.0638113485009861 1.0638113485009861 1.0638113485009861 1.0561125021942945 1.0401834151570415 1.0242543281197614 1.0083252410825083 0.9923961540452552 0.9764670670080021 0.9605379799707491 0.944608892933496 0.9286798058962429 0.9127507188589898 0.8968216318217368 0.8808925447844838 0.8596195120613462 0.8326336805916817 0.8056478491220173 0.7786620176523067 0.7516761861826422 0.7246903547129777 0.6977045232433131 0.6707186917736486 0.643732860303984 0.6167470288343195 0.589761197364655
0.9106596431523274 0.946347384140438 0.9820351251285485 1.017722866116659 1.0534106071047697 1.0890983480928802 1.1247860890809909 1.1604738300691015 1.178912972155698 1.178912972155698 1.178912972155698 1.178912972155698 1.178912972155698 1.178912972155698 1.178912972155698 1.178912972155698 1.178912972155698 1.178912972155698 1.178912972155698 1.178912972155698 1.1725343246496311 1.1593367587733283 1.1461391928970028 1.1329416270207 1.119744061144397 1.1065464952680941 1.093348929391791 1.0801513635154882 1.0669537976391852 1.0537562317628824 1.0405586658865793 1.0273611000102765 1.0020156032521963 0.9636836937583683 0.9253517842645402 0.8870198747706469 0.848687965276819 0.810356055782991 0.772024146289163 0.7336922367953351 0.6953603273015071 0.6570284178076791 0.6186965083138511
0.9830600100238502 1.024428617667398 1.0657972253109456 1.1071658329544933 1.1485344405980409 1.1899030482415887 1.2312716558851364 1.272640263528684 1.2940145958104097 1.2940145958104097 1.2940145958104097 1.2940145958104097 1.2940145958104097 1.2940145958104097 1.2940145958104097 1.2940145958104097 1.2940145958104097 1.2940145958104097 1.2940145958104097 1.2940145958104097 1.288956147104968 1.2784901023896151 1.2680240576742443 1.2575580129588917 1.2470919682435389 1.236625923528186 1.2261598788128332 1.2156938340974803 1.2052277893821275 1.1947617446667746 1.1842956999514218 1.173829655236069 1.1444116944430462 1.094733706925055 1.0450557194070633 0.9953777318889873 0.9456997443709958 0.8960217568530044 0.846343769335013 0.7966657818170215 0.7469877942990302 0.6973098067810388 0.6476318192630474
1.055460376895435 1.1025098511944245 1.1495593254934142 1.1966087997924038 1.2436582740913935 1.290707748390383 1.3377572226893726 1.3848066969883623 1.4091162194652196 1.4091162194652196 1.4091162194652196 1.4091162194652196 1.4091162194652196 1.4091162194652196 1.4091162194652196 1.4091162194652196 1.4091162194652196 1.4091162194652196 1.4091162194652196 1.4091162194652196 1.4053779695604038 1.3976434460060034 1.38990892245159 1.3821743988971895 1.374439875342789 1.3667053517883887 1.3589708282339885 1.351236304679588 1.3435017811251877 1.3357672575707873 1.328032734016387 1.3202982104619867 1.2868077856340177 1.225783720091853 1.1647596545496886 1.1037355890074199 1.0427115234652553 0.9816874579230909 0.9206633923809263 0.8596393268387618 0.7986152612965972 0.7375911957544327 0.6765671302122681
1.1278607437669579 1.1805910847213845 1.2333214256758112 1.286051766630238 1.3387821075846646 1.3915124485390913 1.4442427894935181 1.4969731304479448 1.5242178431199314 1.5242178431199314 1.5242178431199314 1.5242178431199314 1.5242178431199314 1.5242178431199314 1.5242178431199314 1.5242178431199314 1.5242178431199314 1.5242178431199314 1.5242178431199314 1.5242178431199314 1.5217997920157404 1.5167967896222903 1.5117937872288314 1.5067907848353812 1.501787782441931 1.4967847800484808 1.4917817776550304 1.4867787752615802 1.48177577286813 1.4767727704746798 1.4717697680812296 1.4667667656877792 1.4292038768248676 1.3568337332585396 1.2844635896922116 1.2120934461257602 1.1397233025594322 1.0673531589931042 0.9949830154267763 0.9226128718604483 0.8502427282941203 0.7778725847277923 0.7055024411614643
1.2002611106384808 1.2586723182483446 1.3170835258582083 1.3754947334680723 1.433905941077936 1.4923171486877997 1.5507283562976637 1.6091395639075272 1.6393194667746431 1.6393194667746431 1.6393194667746431 1.6393194667746431 1.6393194667746431 1.6393194667746431 1.6393194667746431 1.6393194667746431 1.6393194667746431 1.6393194667746431 1.6393194667746431 1.6393194667746431 1.638221614471077 1.635950133238577 1.633678652006073 1.631407170773573 1.629135689541073 1.6268642083085727 1.6245927270760727 1.6223212458435725 1.6200497646110725 1.6177782833785723 1.6155068021460723 1.6132353209135721 1.5715999680157178 1.4878837464252264 1.404167524834735 1.3204513032441008 1.2367350816536091 1.1530188600631177 1.0693026384726263 0.9855864168821349 0.9018701952916434 0.818153973701152 0.7344377521106604
1.2726614775100036 1.3367535517753044 1.4008456260406055 1.4649377003059063 1.5290297745712071 1.5931218488365082 1.657213923101809 1.7213059973671099 1.754421090429355 1.754421090429355 1.754421090429355 1.754421090429355 1.754421090429355 1.754421090429355 1.754421090429355 1.754421090429355 1.754421090429355 1.754421090429355 1.754421090429355 1.754421090429355 1.7546434369264137 1.7551034768548637 1.7555635167833146 1.7560235567117646 1.7564835966402146 1.7569436365686648 1.7574036764971148 1.7578637164255648 1.7583237563540148 1.7587837962824648 1.759243836210915 1.759703876139365 1.713996059206568 1.618933759591913 1.523871459977258 1.428809160362441 1.333746860747786 1.2386845611331312 1.1436222615184763 1.0485599619038213 0.9534976622891664 0.8584353626745115 0.7633730630598565
1.3450618443815263 1.4148347853022645 1.4846077262230024 1.5543806671437403 1.6241536080644785 1.6939265489852164 1.7636994899059544 1.8334724308266925 1.8695227140840667 1.8695227140840667 1.8695227140840667 1.8695227140840667 1.8695227140840667 1.8695227140840667 1.8695227140840667 1.8695227140840667 1.8695227140840667 1.8695227140840667 1.8695227140840667 1.8695227140840667 1.8710652593817503 1.8742568204711505 1.877448381560556 1.8806399426499563 1.8838315037393565 1.8870230648287565 1.8902146259181567 1.893406187007557 1.896597748096957 1.8997893091863571 1.9029808702757574 1.9061724313651573 1.8563921503974177 1.7499837727585994 1.6435753951197811 1.5371670174807812 1.430758639841963 1.3243502622031444 1.217941884564326 1.1115335069255077 1.0051251292866894 0.8987167516478709 0.7923083740090526
1.4174622112530493 1.4929160188292245 1.5683698264053996 1.6438236339815746 1.7192774415577499 1.794731249133925 1.8701850567101 1.9456388642862752 1.9846243377387784 1.9846243377387784 1.9846243377387784 1.9846243377387784 1.9846243377387784 1.9846243377387784 1.9846243377387784 1.9846243377387784 1.9846243377387784 1.9846243377387784 1.9846243377387784 1.9846243377387784 1.9874870818370869 1.9934101640874373 1.9993332463377977 2.005256328588148 2.011179410838498 2.0171024930888484 2.023025575339199 2.0289486575895492 2.0348717398398994 2.0407948220902496 2.0467179043406 2.0526409865909505 1.9987882415882678 1.8810337859252861 1.7632793302623044 1.6455248745991216 1.5277704189361399 1.4100159632731581 1.2922615076101762 1.1745070519471943 1.0567525962842126 0.9389981406212307 0.821243684958249
1.4898625781245725 1.5709972523561846 1.652131926587797 1.7332666008194089 1.8144012750510212 1.8955359492826336 1.9766706235142455 2.057805297745858 2.0997259613934904 2.0997259613934904 2.0997259613934904 2.0997259613934904 2.0997259613934904 2.0997259613934904 2.0997259613934904 2.0997259613934904 2.0997259613934904 2.0997259613934904 2.0997259613934904 2.0997259613934904 2.1039089042924237 2.112563507703724 2.1212181111150397 2.12987271452634 2.1385273179376405 2.1471819213489405 2.155836524760241 2.1644911281715413 2.1731457315828417 2.181800334994142 2.1904549384054426 2.199109541816743 2.141184332779118 2.0120837990919727 1.8829832654048275 1.7538827317174621 1.6247821980303168 1.4956816643431714 1.366581130656026 1.237480596968881 1.1083800632817356 0.9792795295945902 0.8501789959074451
1.562262944996157 1.649078485883211 1.7358940267702652 1.8227095676573193 1.9095251085443734 1.9963406494314275 2.0831561903184816 2.1699717312055355 2.2148275850483 2.2148275850483 2.2148275850483 2.2148275850483 2.2148275850483 2.2148275850483 2.2148275850483 2.2148275850483 2.2148275850483 2.2148275850483 2.2148275850483 2.2148275850483 2.2203307267478594 2.231716851320112 2.2431029758923846 2.2544891004646375 2.2658752250368903 2.277261349609143 2.288647474181396 2.300033598753649 2.3114197233259017 2.3228058478981546 2.334191972470408 2.3455780970426607 2.2835804239700894 2.143133812258771 2.0026872005474523 1.8622405888358946 1.7217939771245763 1.5813473654132577 1.4409007537019392 1.3004541419906208 1.1600075302793025 1.0195609185679841 0.8791143068566656
1.5835583712391788 1.671200837039998 1.758843302840817 1.8464857686416363 1.9341282344424555 2.0217707002432745 2.109413166044094 2.197055631844913 2.2423387412538096 2.2423387412538096 2.2423387412538096 2.2423387412538096 2.2423387412538096 2.2423387412538096 2.2423387412538096 2.2423387412538096 2.2423387412538096 2.2423387412538096 2.2423387412538096 2.2423387412538096 2.2473332690263748 2.257667059886704 2.2680008507470513 2.2783346416073806 2.28866843246771 2.2990022233280394 2.3093360141883688 2.319669805048698 2.3300035959090275 2.340337386769357 2.3506711776296862 2.3610049684900156 2.2980503743944056 2.1567488399814208 2.015447305568436 1.8741457711552099 1.732844236742225 1.59154270232924 1.4502411679162552 1.3089396335032704 1.1676380990902853 1.0263365646773004 0.8850350302643155
1.550225837528113 1.6335066705059595 1.716787503483806 1.8000683364616525 1.883349169439499 1.9666300024173455 2.049910835395192 2.1331916683730383 2.176221209326057 2.176221209326057 2.176221209326057 2.176221209326057 2.176221209326057 2.176221209326057 2.176221209326057 2.176221209326057 2.176221209326057 2.176221209326057 2.176221209326057 2.176221209326057 2.178752237651378 2.183988992469142 2.1892257472869145 2.194462502104679 2.1996992569224427 2.2049360117402066 2.2101727665579705 2.2154095213757343 2.220646276193498 2.2258830310112625 2.2311197858290264 2.2363565406467902 2.175775344608771 2.0448332711873833 1.9138911977659956 1.7829491243443845 1.6520070509229967 1.5210649775016087 1.390122904080221 1.259180830658833 1.1282387572374453 0.9972966838160575 0.8663546103946698
1.5168933038170476 1.5958125039719213 1.674731704126795 1.7536509042816688 1.8325701044365426 1.9114893045914163 1.99040850474629 2.0693277049011636 2.110103677398304 2.110103677398304 2.110103677398304 2.110103677398304 2.110103677398304 2.110103677398304 2.110103677398304 2.110103677398304 2.110103677398304 2.110103677398304 2.110103677398304 2.110103677398304 2.110171206276381 2.1103109250515795 2.1104506438267783 2.1105903626019766 2.1107300813771754 2.110869800152374 2.111009518927572 2.111149237702771 2.1112889564779693 2.1114286752531677 2.1115683940283665 2.111708112803565 2.0535003148231366 1.9329177023933457 1.812335089963555 1.6917524775335588 1.571169865103768 1.4505872526739774 1.3300046402441867 1.2094220278143961 1.0888394153846053 0.9682568029548146 0.847674190525024
1.483560770105982 1.5581183374378833 1.6326759047697843 1.7072334721016853 1.7817910394335865 1.8563486067654875 1.9309061740973887 2.0054637414292897 2.043986145470552 2.043986145470552 2.043986145470552 2.043986145470552 2.043986145470552 2.043986145470552 2.043986145470552 2.043986145470552 2.043986145470552 2.043986145470552 2.043986145470552 2.043986145470552 2.0415901749013843 2.0366328576340176 2.031675540366642 2.0267182230992753 2.021760905831908 2.016803588564541 2.0118462712971743 2.006888954029807 2.0019316367624405 1.9969743194950733 1.9920170022277064 1.9870596849603395 1.9312252850375018 1.8210021335993083 1.7107789821611146 1.6005558307227332 1.4903326792845397 1.380109527846346 1.2698863764081525 1.1596632249699588 1.0494400735317653 0.9392169220935718 0.8289937706553783
1.4502282363949166 1.5204241709038449 1.5906201054127733 1.6608160399217016 1.73101197443063 1.8012079089395585 1.8714038434484868 1.9415997779574152 1.9778686135427992 1.9778686135427992 1.9778686135427992 1.9778686135427992 1.9778686135427992 1.9778686135427992 1.9778686135427992 1.9778686135427992 1.9778686135427992 1.9778686135427992 1.9778686135427992 1.9778686135427992 1.9730091435263875 1.962954790216455 1.9529004369065055 1.942846083596573 1.9327917302866406 1.9227373769767084 1.912683023666776 1.9026286703568436 1.8925743170469111 1.882519963736979 1.8724656104270465 1.862411257117114 1.808950255251867 1.7090865648052707 1.6092228743586743 1.5093591839119076 1.409495493465311 1.3096318030187146 1.2097681125721182 1.1099044221255219 1.0100407316789255 0.910177041232329 0.8103133507857325
1.4168957026838227 1.4827300043697746 1.5485643060557266 1.6143986077416785 1.6802329094276307 1.7460672111135827 1.8119015127995346 1.8777358144854865 1.9117510816149903 1.9117510816149903 1.9117510816149903 1.9117510816149903 1.9117510816149903 1.9117510816149903 1.9117510816149903 1.9117510816149903 1.9117510816149903 1.9117510816149903 1.9117510816149903 1.9117510816149903 1.9044281121513322 1.8892767227988299 1.874125333446302 1.8589739440937998 1.8438225547412976 1.8286711653887953 1.813519776036293 1.798368386683791 1.7832169973312888 1.7680656079787864 1.7529142186262843 1.7377628292737821 1.686675225466128 1.5971709960111375 1.507666766556147 1.4181625371010038 1.3286583076460134 1.239154078191023 1.1496498487360325 1.060145619281042 0.9706413898260515 0.8811371603710612 0.7916329309160707
1.3835631689727572 1.4450358378357364 1.5065085066987156 1.567981175561695 1.6294538444246742 1.6909265132876534 1.7523991821506328 1.813871851013612 1.8456335496872378 1.8456335496872378 1.8456335496872378 1.8456335496872378 1.8456335496872378 1.8456335496872378 1.8456335496872378 1.8456335496872378 1.8456335496872378 1.8456335496872378 1.8456335496872378 1.8456335496872378 1.8358470807763354 1.8155986553812677 1.7953502299861657 1.775101804591098 1.7548533791960303 1.7346049538009627 1.714356528405895 1.6941081030108274 1.6738596776157597 1.653611252220692 1.6333628268256244 1.6131144014305567 1.5644001956804934 1.4852554272171 1.4061106587537067 1.3269658902901784 1.247821121826785 1.1686763533633915 1.0895315848999982 1.010386816436605 0.9312420479732116 0.8520972795098183 0.7729525110464249
