Figures/CREST_Example_wjb_NSE/Rolling_result/20100722/BJP_forecast/ens_39/wjb.rain.20100728.asc
ncols            288
nrows            254
xllcorner        113.274861
yllcorner        31.4918055
cellsize         0.008333333333
NODATA_value     -9999
[rows 110 to 131 of 254, columns 100 to 149 of 288]
0.0 0.0 0.0 0.0 0.0 0.0 0.0 0.0 0.0 0.0 0.0 0.0 0.0 0.0 0.0 0.0 0.0 0.0 0.0 0.0 0.0 0.0 0.0 0.0012081739109192594 0.003707913055209402 0.006207652199499545 0.008707391343789686 0.01120713048807983 0.013706869632369972 0.016206608776660116 0.01870634792095452 0.021206087065244662 0.023705826209534805 0.026205565353824945 0.02870530449811509 0.03166741652282764 0.03512381561412878 0.03858021470542992 0.04203661379673106 0.045493012888032196 0.048949411979333335 0.05240581107063448 0.05586221016193561 0.05931860925324265 0.06277500834454379 0.06623140743584494 0.06968780652714607 0.07108434567363578 0.07027884794735786 0.06947335022107995
0.0 0.0 0.0 0.0 0.0 0.0 0.0 0.0 0.0 0.0 0.0 0.0 0.0 0.0 0.0 0.0 0.0 0.0 0.0 0.0 0.0 0.0 0.0 0.0020226695128694166 0.006207618477240697 0.010392567441611978 0.014577516405983258 0.018762465370354538 0.02294741433472582 0.027132363299097097 0.03131731226347552 0.0355022612278468 0.039687210192218075 0.04387215915658936 0.04805710812096064 0.05301614061780651 0.0588026859181971 0.0645892312185877 0.07037577651897829 0.0761623218193689 0.08194886711975949 0.0877354124201501 0.09352195772054067 0.09930850302094114 0.10509504832133174 0.11088159362172234 0.11666813892211293 0.1190061608985883 0.11765763343999723 0.11630910598140616
0.0 0.0 0.0 0.0 0.0 0.0 0.0 0.0 0.0 0.0 0.0 0.0 0.0 0.0 0.0 0.0 0.0 0.0 0.0 0.0 0.0 0.0 0.0 0.002837165114818879 0.00870732389926986 0.01457748268372084 0.02044764146817182 0.0263178002526228 0.032187959037073784 0.03805811782152476 0.04392827660598576 0.049798435390436734 0.05566859417488772 0.061538752959338694 0.06740891174378967 0.07436486471276715 0.08248155622224523 0.0905982477317233 0.09871493924120137 0.10683163075067945 0.11494832226015751 0.12306501376963558 0.13118170527911366 0.13929839678860556 0.14741508829808364 0.15553177980756172 0.1636484713170398 0.16692797612350002 0.16503641893259627 0.1631448617416925
0.0 0.0 0.0 0.0 0.0 0.0 0.0 0.0 0.0 0.0 0.0 0.0 0.0 0.0 0.0 0.0 0.0 0.0 0.0 0.0 0.0 0.0 0.0 0.00365166071676834 0.01120702932129902 0.0187623979258297 0.02631776653036038 0.03387313513489106 0.04142850373942174 0.04898387234395242 0.05653924094849598 0.06409460955302666 0.07164997815755735 0.07920534676208803 0.08676071536661871 0.0957135888077278 0.10616042652629334 0.11660726424485889 0.12705410196342443 0.13750093968198998 0.1479477774005555 0.15839461511912106 0.1688414528376866 0.17928829055626996 0.18973512827483552 0.20018196599340105 0.21062880371196657 0.21484979134841167 0.21241520442519524 0.20998061750197877
0.0 0.0 0.0 0.0 0.0 0.0 0.0 0.0 0.0 0.0 0.0 0.0 0.0 0.0 0.0 0.0 0.0 0.0 0.0 0.0 0.0 0.0 0.0 0.004466156318717804 0.013706734743328185 0.022947313167938566 0.03218789159254895 0.04142847001715933 0.05066904844176971 0.05990962686638009 0.06915020529100624 0.07839078371561661 0.087631362140227 0.09687194056483737 0.10611251898944776 0.11706231290268847 0.12983929683034148 0.14261628075799448 0.15539326468564751 0.16817024861330054 0.18094723254095355 0.19372421646860655 0.20650120039625958 0.21927818432393437 0.2320551682515874 0.2448321521792404 0.2576091361068934 0.2627716065733233 0.2597939899177942 0.2568163732622651
0.0 0.0 0.0 0.0 0.0 0.0 0.0 0.0 0.0 0.0 0.0 0.0 0.0 0.0 0.0 0.0 0.0 0.0 0.0 0.0 0.0 0.0 0.0 0.005280651920667266 0.016206440165357352 0.027132228410047435 0.03805801665473752 0.0489838048994276 0.05990959314411769 0.07083538138880777 0.08176116963351648 0.09268695787820658 0.10361274612289666 0.11453853436758674 0.12546432261227683 0.13841103699764915 0.15351816713438962 0.16862529727113013 0.1837324274078706 0.19883955754461108 0.21394668768135156 0.22905381781809203 0.2441609479548325 0.2592680780915988 0.2743752082283393 0.28948233836507975 0.3045894685018202 0.310693421798235 0.3071727754103932 0.30365212902255134
0.0 0.0 0.0 0.0 0.0 0.0 0.0 0.0 0.0 0.0 0.0 0.0 0.0 0.0 0.0 0.0 0.0 0.0 0.0 0.0 0.0 0.0 0.0 0.006095147522616728 0.01870614558738651 0.03131714365215629 0.04392814171692608 0.056539139781695856 0.06915013784646563 0.08176113591123542 0.09437213397602671 0.1069831320407965 0.11959413010556627 0.13220512817033606 0.14481612623510584 0.15975976109260978 0.17719703743843776 0.1946343137842657 0.21207159013009366 0.2295088664759216 0.2469461428217496 0.26438341916757757 0.2818206955134055 0.29925797185926317 0.31669524820509115 0.33413252455091913 0.35156980089674705 0.35861523702314674 0.3545515609029922 0.3504878847828377
0.0 0.0 0.0 0.0 0.0 0.0 0.0 0.0 0.0 0.0 0.0 0.0 0.0 0.0 0.0 0.0 0.0 0.0 0.0 0.0 0.0 0.0 0.0 0.00690964312456619 0.02120585100941567 0.03550205889426516 0.049798266779114635 0.06409447466396412 0.07839068254881361 0.09268689043366309 0.10698309831853695 0.12127930620338644 0.13557551408823593 0.1498717219730854 0.16416792985793488 0.18110848518757044 0.20087590774248587 0.2206433302974013 0.24041075285231672 0.26017817540723215 0.2799455979621476 0.299713020517063 0.3194804430719784 0.33924786562692755 0.35901528818184303 0.3787827107367584 0.3985501332916739 0.40653705224805836 0.40193034639559116 0.39732364054312397
0.0 0.0 0.0 0.0 0.0 0.0 0.0 0.0 0.0 0.0 0.0 0.0 0.0 0.0 0.0 0.0 0.0 0.0 0.0 0.0 0.0 0.0 0.0 0.007724138726516347 0.023705556431446968 0.03968697413637759 0.05566839184130821 0.07164980954623883 0.08763122725116945 0.10361264495610008 0.11959406266105795 0.13557548036598857 0.15155689807091918 0.1675383157758498 0.18351973348078043 0.20245720928254932 0.2245547780465542 0.2466523468105591 0.26874991557456396 0.2908474843385689 0.31294505310257376 0.3350426218665786 0.35714019063058355 0.3792377593946261 0.401335328158631 0.42343289692263586 0.4455304656866408 0.4544588674730109 0.4493091318882305 0.4441593963034502
0.0 0.0 0.0 0.0 0.0 0.0 0.0 0.0 0.0 0.0 0.0 0.0 0.0 0.0 0.0 0.0 0.0 0.0 0.0 0.0 0.0 0.0 0.0 0.008538634328465808 0.026205261853476127 0.04387188937848645 0.061538516903496765 0.07920514442850708 0.0968717719535174 0.11453839947852772 0.13220502700356818 0.14987165452857848 0.1675382820535888 0.18520490957859911 0.20287153710360945 0.22380593337750995 0.2482336483506023 0.27266136332369467 0.29708907829678705 0.32151679326987936 0.34594450824297174 0.3703722232160641 0.3947999381891565 0.4192276531622905 0.44365536813538287 0.4680830831084752 0.49251079808156756 0.5023806826979226 0.4966879173808295 0.4909951520637365
0.0 0.0 0.0 0.0 0.0 0.0 0.0 0.0 0.0 0.0 0.0 0.0 0.0 0.0 0.0 0.0 0.0 0.0 0.0 0.0 0.0 0.0 0.0 0.009353129930415273 0.028704967275505294 0.04805680462059532 0.06740864196568534 0.08676047931077537 0.10611231665586539 0.1254641540009554 0.14481599134607842 0.16416782869116844 0.18351966603625847 0.20287150338134852 0.22222334072643854 0.24515465747247062 0.27191251865465044 0.2986703798368303 0.32542824101901013 0.35218610220118995 0.3789439633833698 0.4057018245655496 0.4324596857477294 0.45921754692995487 0.48597540811213474 0.5127332692943145 0.5394911304764944 0.5503024979228343 0.5440667028734285 0.5378309078240228
0.0032760988642720266 0.005484724698898603 0.007693350533525179 0.009901976368151755 0.012110602202782096 0.014319228037408673 0.016527853872035248 0.018736479706661827 0.0209451055412884 0.023153731375914977 0.025362357210541555 0.02657680970869723 0.026728468429184565 0.0268801271496719 0.027031785870159235 0.027183444590646574 0.02733510331113391 0.027486762031621505 0.02763842075210884 0.027790079472596176 0.02794173819308351 0.02809339691357085 0.028245055634058186 0.03656291085814816 0.053610614821401045 0.07065831878465395 0.08770602274790684 0.10475372671115972 0.12180143067441261 0.13884913463766552 0.15589683860094747 0.17294454256420036 0.18999224652745325 0.20703995049070614 0.22408765445395903 0.24748807156285976 0.277679682702804 0.30787129384274825 0.3380629049826924 0.3682545161226367 0.3984461272625809 0.42863773840252517 0.45882934954246934 0.4890209606824651 0.5192125718224093 0.5494041829623535 0.5795957941022978 0.5923058998343091 0.5863278808728335 0.5803498619113578
0.010054140880694284 0.01683227432967092 0.02361040777864756 0.030388541227624195 0.03716667467661239 0.04394480812558903 0.050722941574565666 0.0575010750235423 0.06427920847251894 0.07105734192149557 0.07783547537047221 0.08156255352508142 0.08202798457729858 0.08249341562951575 0.08295884668173291 0.08342427773395007 0.08388970878616724 0.08435513983838519 0.08482057089060235 0.08528600194281952 0.08575143299503668 0.08621686404725384 0.08668229509947101 0.09198758777200057 0.10246680196909393 0.11294601616618727 0.12342523036328062 0.13390444456037398 0.14438365875746734 0.1548628729545607 0.1653420871516719 0.17582130134876522 0.18630051554585858 0.19677972974295194 0.2072589439400453 0.22949531803274875 0.2643003619637547 0.29910540589476065 0.3339104498257666 0.3687154937567726 0.4035205376877785 0.43832558161878443 0.47313062554979046 0.5079356694808557 0.5427407134118617 0.5775457573428676 0.6123508012738735 0.6279828910258225 0.6231186590892436 0.6182544271526648
0.01683218289711656 0.028179823960443266 0.03952746502376997 0.05087510608709668 0.062222747150442737 0.07357038821376945 0.08491802927709616 0.09626567034042285 0.10761331140374956 0.11896095246707628 0.13030859353040297 0.13654829734146573 0.1373275007254127 0.13810670410935968 0.13888590749330668 0.13966511087725364 0.14044431426120063 0.14122351764514893 0.14200272102909592 0.1427819244130429 0.14356112779698987 0.14434033118093686 0.14511953456488386 0.147412264685853 0.1513229891167868 0.1552337135477206 0.1591444379786544 0.1630551624095882 0.16696588684052202 0.1708766112714558 0.1747873357023963 0.17869806013333012 0.1826087845642639 0.1865195089951977 0.19043023342613152 0.2115025645026377 0.2509210412247054 0.29033951794677304 0.3297579946688407 0.36917647139090837 0.40859494811297603 0.4480134248350437 0.48743190155711136 0.5268503782792462 0.5662688550013139 0.6056873317233815 0.6451058084454492 0.6636598822173357 0.6599094373056538 0.6561589923939717
0.023610224913544614 0.039527373591225295 0.05544452226890597 0.07136167094658664 0.08727881962429447 0.10319596830197514 0.11911311697965582 0.1350302656573365 0.15094741433501718 0.16686456301269786 0.18278171169037855 0.19153404115789696 0.192627016873574 0.19371999258925107 0.19481296830492814 0.1959059440206052 0.19699891973628225 0.19809189545196118 0.19918487116763825 0.20027784688331532 0.20137082259899236 0.20246379831466943 0.2035567740303465 0.20283694159975266 0.20017917626452134 0.19752141092929 0.19486364559405864 0.19220588025882732 0.18954811492359597 0.18689034958836465 0.18423258425312877 0.18157481891789742 0.1789170535826661 0.17625928824743475 0.1736015229122034 0.19350981097251135 0.2375417204856447 0.281573629998778 0.3256055395119113 0.36963744902504464 0.413669358538178 0.4577012680513113 0.5017331775644446 0.545765087077653 0.5897969965907863 0.6338289061039196 0.6778608156170529 0.6993368734088795 0.6967002155220953 0.6940635576353109
0.03038826692996688 0.05087492322199762 0.07136157951402836 0.09184823580605911 0.11233489209812478 0.13282154839015553 0.15330820468218626 0.173794860974217 0.19428151726624773 0.21476817355827849 0.23525482985030924 0.2465197849742812 0.24792653302168807 0.24933328106909497 0.25074002911650184 0.2521467771639087 0.25355352521131563 0.2549602732587249 0.25636702130613176 0.2577737693535387 0.25918051740094555 0.2605872654483524 0.26199401349575935 0.2582616185136051 0.2490353634122142 0.2398091083108233 0.23058285320943242 0.22135659810804154 0.21213034300665068 0.20290408790525977 0.19367783280385314 0.1844515777024623 0.1752253226010714 0.16599906749968052 0.15677281239828963 0.17551705744240031 0.22416239974659535 0.2728077420507904 0.32145308435498543 0.37009842665918047 0.4187437689633755 0.46738911126757055 0.5160344535717656 0.5646797958760436 0.6133251381802386 0.6619704804844337 0.7106158227886288 0.7350138646003929 0.7334909937385053 0.7319681228766178
0.03716630894638915 0.06222247285276997 0.08727863675915078 0.11233480066553159 0.13739096457195513 0.16244712847833595 0.18750329238471675 0.21255945629109757 0.2376156201974784 0.2626717841038592 0.28772794801024 0.3015055287906655 0.3032260491698022 0.3049465695489389 0.3066670899280756 0.3083876103072123 0.310108130686349 0.3118286510654886 0.31354917144462535 0.3152696918237621 0.31699021220289875 0.31871073258203547 0.32043125296117214 0.3136862954274575 0.29789155055990707 0.2820968056923566 0.26630206082480623 0.2505073159572558 0.23471257108970536 0.21891782622215494 0.20312308135457757 0.18732833648702715 0.17153359161947673 0.15573884675192629 0.13994410188437587 0.1575243039122893 0.21078307900754606 0.2640418541028028 0.31730062919805957 0.37055940429331635 0.4238181793885731 0.4770769544838298 0.5303357295790866 0.5835945046744342 0.6368532797696909 0.6901120548649475 0.7433708299602044 0.7706908557919062 0.7702817719549155 0.7698726881179249
0.04394435096281143 0.07357002248354232 0.1031956940042732 0.13282136552500406 0.16244703704578548 0.19207270856651637 0.22169838008724724 0.25132405160797816 0.28094972312870903 0.3105753946494399 0.34020106617017076 0.3564912726070498 0.3585255653179163 0.3605598580287828 0.36259415073964935 0.36462844345051587 0.3666627361613824 0.36869702887225236 0.3707313215831189 0.3727656142939854 0.37479990700485194 0.37683419971571847 0.378868492426585 0.3691109723413099 0.3467477377075999 0.32438450307389 0.30202126844018 0.27965803380647003 0.25729479917276005 0.2349315645390501 0.21256832990530197 0.19020509527159202 0.16784186063788203 0.14547862600417208 0.12311539137046212 0.1395315503821783 0.19740375826849677 0.25527596615481524 0.3131481740411337 0.3710203819274522 0.42889258981377065 0.4867647977000891 0.5446370055864076 0.6025092134728248 0.6603814213591432 0.7182536292454618 0.7761258371317802 0.8063678469834195 0.8070725501713256 0.8077772533592318
0.05072239297923369 0.08491757211431465 0.1191127512493956 0.15330793038447654 0.18750310951961582 0.22169828865469676 0.25589346778977773 0.2900886469248587 0.3242838260599396 0.3584790051950206 0.39267418433010154 0.4114770164234341 0.4138250814660304 0.4161731465086268 0.4185212115512231 0.42086927659381945 0.42321734163641583 0.42556540667901616 0.4279134717216125 0.43026153676420886 0.4326096018068052 0.4349576668494015 0.4373057318919979 0.42453564925516235 0.39560392485529283 0.3666722004554233 0.3377404760555538 0.30880875165568433 0.27987702725581476 0.25094530285594524 0.2220135784560264 0.19308185405615688 0.16415012965628734 0.13521840525641782 0.1062866808565483 0.12153879685206725 0.18402443752944744 0.24651007820682763 0.30899571888420785 0.371481359561588 0.43396700023896817 0.49645264091634844 0.5589382815937286 0.6214239222712153 0.6839095629485955 0.7463952036259758 0.8088808443033559 0.8420448381749328 0.8438633283877357 0.8456818186005387
0.05750043499565597 0.09626512174508699 0.135029808494518 0.17379449524394905 0.21255918199344617 0.2513238687428772 0.2900885554923082 0.32885324224173923 0.36761792899117024 0.4063826157406013 0.4451473024900323 0.4664627602398184 0.46912459761414455 0.4717864349884707 0.47444827236279685 0.47711010973712303 0.47977194711144916 0.4824337844857799 0.485095621860106 0.4877574592344322 0.4904192966087583 0.4930811339830845 0.49574297135741063 0.47996032616901474 0.4444601120029857 0.40895989783695663 0.3734596836709276 0.3379594695048985 0.3024592553388694 0.2669590411728404 0.2314588270067508 0.19595861284072175 0.1604583986746927 0.12495818450866364 0.08945797034263459 0.10354604332195622 0.17064511679039812 0.23774419025884003 0.30484326372728193 0.3719423371957239 0.4390414106641658 0.5061404841326077 0.5732395576010495 0.6403386310696059 0.7074377045380478 0.7745367780064897 0.8416358514749316 0.8777218293664462 0.8806541066041459 0.8835863838418456
0.06427847701207823 0.10761267137585932 0.15094686573964042 0.1942810601034215 0.23761525446727647 0.28094944883105755 0.32428364319483866 0.36761783755861976 0.4109520319224008 0.4542862262861819 0.497620420649963 0.5214485040562026 0.5244241137622586 0.5273997234683145 0.5303753331743706 0.5333509428804265 0.5363265525864825 0.5393021622925436 0.5422777719985995 0.5452533817046555 0.5482289914107115 0.5512046011167675 0.5541802108228234 0.5353850030828672 0.49331629915067854 0.45124759521848995 0.40917889128630136 0.3671101873541127 0.3250414834219242 0.28297277948973554 0.24090407555747523 0.19883537162528658 0.156766667693098 0.1146979637609094 0.07262925982872082 0.0855532897918452 0.15726579605134883 0.22897830231085245 0.30069080857035607 0.3724033148298597 0.4441158210893633 0.515828327348867 0.5875408336083706 0.6592533398679965 0.7309658461275002 0.8026783523870038 0.8743908586465075 0.9133988205579594 0.917444884820556 0.9214909490831525
0.0710565190285063 0.11896022100664135 0.1668639229847764 0.21476762496291146 0.2626713269411282 0.31057502891926325 0.35847873089739835 0.4063824328755334 0.4542861348536685 0.5021898368318035 0.5500935388099386 0.5764342478726339 0.5797236299104199 0.583013011948206 0.586302393985992 0.5895917760237781 0.5928811580615642 0.5961705400993559 0.5994599221371419 0.602749304174928 0.6060386862127141 0.6093280682505001 0.6126174502882862 0.5908096799967668 0.5421724862984131 0.49353529260005935 0.4448980989017056 0.39626090520335183 0.3476237115049981 0.2989865178066443 0.25034932410820765 0.20171213040985392 0.15307493671150013 0.10443774301314646 0.055800549314792613 0.06756053626171883 0.14388647531228813 0.2202124143628574 0.2965383534134267 0.372864292463996 0.4491902315145653 0.5255161705651346 0.6018421096157038 0.6781680486664032 0.7544939877169725 0.8308199267675418 0.9071458658181111 0.9490758117495032 0.9542356630369975 0.9593955143244918
