Figures/CREST_Example_wjb_NSE/Rolling_result/20100722/BJP_forecast/ens_39/wjb.rain.20100723.asc
ncols            288
nrows            254
xllcorner        113.274861
yllcorner        31.4918055
cellsize         0.008333333333
NODATA_value     -9999
[rows 110 to 131 of 254, columns 0 to 49 of 288]
-9999.0 -9999.0 -9999.0 -9999.0 -9999.0 -9999.0 -9999.0 -9999.0 -9999.0 -9999.0 -9999.0 -9999.0 -9999.0 -9999.0 -9999.0 -9999.0 -9999.0 -9999.0 -9999.0 -9999.0 -9999.0 -9999.0 -9999.0 -9999.0 -9999.0 -9999.0 -9999.0 -9999.0 -9999.0 -9999.0 -9999.0 -9999.0 -9999.0 -9999.0 -9999.0 -9999.0 -9999.0 -9999.0 -9999.0 0.007532254897629224 0.02311666051280146 0.0387010661279737 0.054285471743145935 0.06986987735831818 0.0854542829734904 0.10103868858866265 0.11662309420383489 0.13220749981900712 0.14779190543417936 0.1633763110493516
-9999.0 -9999.0 -9999.0 -9999.0 -9999.0 -9999.0 -9999.0 -9999.0 -9999.0 -9999.0 -9999.0 -9999.0 -9999.0 -9999.0 -9999.0 -9999.0 -9999.0 -9999.0 -9999.0 -9999.0 -9999.0 -9999.0 -9999.0 -9999.0 -9999.0 -9999.0 -9999.0 -9999.0 -9999.0 -9999.0 -9999.0 -9999.0 -9999.0 -9999.0 -9999.0 -9999.0 -9999.0 -9999.0 -9999.0 0.012610156705837131 0.038700855924806106 0.06479155514377509 0.09088225436274407 0.11697295358171303 0.143063652800682 0.16915435201965098 0.19524505123861996 0.22133575045758894 0.2474264496765579 0.2735171488955269
-9999.0 -9999.0 -9999.0 -9999.0 -9999.0 -9999.0 -9999.0 -9999.0 -9999.0 -9999.0 -9999.0 -9999.0 -9999.0 -9999.0 -9999.0 -9999.0 -9999.0 -9999.0 -9999.0 -9999.0 -9999.0 -9999.0 -9999.0 -9999.0 -9999.0 -9999.0 -9999.0 -9999.0 -9999.0 -9999.0 -9999.0 -9999.0 -9999.0 -9999.0 -9999.0 -9999.0 -9999.0 -9999.0 -9999.0 -9999.0 0.054285051336797466 0.09088204415955423 0.12747903698231097 0.16407602980506772 0.2006730226278245 0.23727001545058124 0.273867008273338 0.31046400109609473 0.3470609939188515 0.3836579867416083
-9999.0 -9999.0 -9999.0 -9999.0 -9999.0 -9999.0 -9999.0 -9999.0 -9999.0 -9999.0 -9999.0 -9999.0 -9999.0 -9999.0 -9999.0 -9999.0 -9999.0 -9999.0 -9999.0 -9999.0 -9999.0 -9999.0 -9999.0 -9999.0 -9999.0 -9999.0 -9999.0 -9999.0 -9999.0 -9999.0 -9999.0 -9999.0 -9999.0 -9999.0 -9999.0 -9999.0 -9999.0 -9999.0 -9999.0 -9999.0 -9999.0 0.1169725331753334 0.16407581960187798 0.21117910602842252 0.2582823924549671 0.30538567888151164 0.3524889653080562 0.3995922517346007 0.4466955381611453 0.49379882458768987
-9999.0 -9999.0 -9999.0 -9999.0 -9999.0 -9999.0 -9999.0 -9999.0 -9999.0 -9999.0 -9999.0 -9999.0 -9999.0 -9999.0 -9999.0 -9999.0 -9999.0 -9999.0 -9999.0 -9999.0 -9999.0 -9999.0 -9999.0 -9999.0 -9999.0 -9999.0 -9999.0 -9999.0 -9999.0 -9999.0 -9999.0 -9999.0 -9999.0 0.16156973016700032 0.16156973016700032 0.16156973016700032 0.16156973016700032 0.16156973016700032 0.16156973016700032 0.02784386213044788 0.08545344216078023 0.14306302219111255 0.2006726022214449 0.25828218225177724 0.3158917622821096 0.3735013423124419 0.43111092234277426 0.4887205023731066 0.5463300824034389 0.6039396624337713
-9999.0 -9999.0 -9999.0 -9999.0 -9999.0 -9999.0 -9999.0 -9999.0 -9999.0 -9999.0 -9999.0 -9999.0 -9999.0 -9999.0 -9999.0 -9999.0 -9999.0 -9999.0 -9999.0 -9999.0 -9999.0 -9999.0 -9999.0 -9999.0 -9999.0 -9999.0 -9999.0 -9999.0 -9999.0 -9999.0 -9999.0 -9999.0 0.16156973016700032 0.16156973016700032 0.16156973016700032 0.16156973016700032 0.16156973016700032 0.16156973016700032 0.16156973016700032 0.03292176393865146 0.1010376375727716 0.1691535112068917 0.23726938484101184 0.305385258475132 0.3735011321092521 0.44161700574337226 0.5097328793774923 0.5778487530116125 0.6459646266457326 0.7140805002798527
-9999.0 -9999.0 -9999.0 -9999.0 -9999.0 -9999.0 -9999.0 -9999.0 -9999.0 -9999.0 -9999.0 -9999.0 -9999.0 -9999.0 -9999.0 -9999.0 -9999.0 -9999.0 -9999.0 -9999.0 -9999.0 -9999.0 -9999.0 -9999.0 -9999.0 -9999.0 -9999.0 -9999.0 -9999.0 -9999.0 -9999.0 -9999.0 0.16156973016700032 0.16156973016700032 0.16156973016700032 0.16156973016700032 0.16156973016700032 0.16156973016700032 0.16156973016700032 0.037999665746855045 0.11662183298476296 0.19524400022267088 0.2738661674605788 0.3524883346984867 0.43111050193639466 0.5097326691743026 0.5883548364122105 0.6669770036501185 0.7455991708880264 0.8242213381259342
-9999.0 -9999.0 -9999.0 -9999.0 -9999.0 -9999.0 -9999.0 -9999.0 -9999.0 -9999.0 -9999.0 -9999.0 -9999.0 -9999.0 -9999.0 -9999.0 -9999.0 -9999.0 -9999.0 -9999.0 -9999.0 -9999.0 -9999.0 -9999.0 -9999.0 -9999.0 -9999.0 -9999.0 -9999.0 -9999.0 -9999.0 -9999.0 0.16156973016700032 0.16156973016700032 0.16156973016700032 0.16156973016700032 0.16156973016700032 0.16156973016700032 0.16156973016700032 0.04307756755505862 0.13220602839675433 0.22133448923845003 0.31046295008014574 0.3995914109218414 0.48871987176353715 0.5778483326052328 0.6669767934469285 0.7561052542886243 0.84523371513032 0.9343621759720157
-9999.0 -9999.0 -9999.0 -9999.0 -9999.0 -9999.0 -9999.0 -9999.0 -9999.0 -9999.0 -9999.0 -9999.0 -9999.0 -9999.0 -9999.0 0.16156973016700032 0.16156973016700032 0.16156973016700032 -9999.0 -9999.0 -9999.0 -9999.0 -9999.0 -9999.0 -9999.0 -9999.0 -9999.0 -9999.0 -9999.0 -9999.0 0.16156973016700032 0.16156973016700032 0.16156973016700032 0.16156973016700032 0.16156973016700032 0.16156973016700032 0.16156973016700032 0.16156973016700032 0.16156973016700032 0.048155469363266534 0.14779022380875897 0.24742497825425144 0.3470597326997439 0.44669448714523635 0.5463292415907288 0.6459639960362212 0.7455987504817138 0.8452335049272062 0.9448682593726986 1.044503013818191
-9999.0 -9999.0 -9999.0 -9999.0 -9999.0 -9999.0 -9999.0 -9999.0 -9999.0 -9999.0 -9999.0 -9999.0 -9999.0 0.16156973016700032 0.16156973016700032 0.16156973016700032 0.16156973016700032 0.16156973016700032 -9999.0 -9999.0 -9999.0 -9999.0 -9999.0 -9999.0 -9999.0 -9999.0 -9999.0 -9999.0 -9999.0 0.16156973016700032 0.16156973016700032 0.16156973016700032 0.16156973016700032 0.16156973016700032 0.16156973016700032 0.16156973016700032 0.16156973016700032 0.16156973016700032 0.16156973016700032 0.05323337117147012 0.16337441922075036 0.2735154672700306 0.38365651531931083 0.4937975633685911 0.6039386114178713 0.7140796594671516 0.8242207075164318 0.9343617555657121 1.0445028036149924 1.1546438516642725
-9999.0 -9999.0 -9999.0 -9999.0 -9999.0 -9999.0 -9999.0 -9999.0 -9999.0 -9999.0 -9999.0 -9999.0 -9999.0 0.16156973016700032 0.16156973016700032 0.16156973016700032 0.16156973016700032 0.16156973016700032 -9999.0 -9999.0 -9999.0 -9999.0 -9999.0 -9999.0 -9999.0 -9999.0 -9999.0 -9999.0 -9999.0 0.16156973016700032 0.16156973016700032 0.16156973016700032 0.16156973016700032 0.16156973016700032 0.16156973016700032 0.16156973016700032 0.16156973016700032 0.16156973016700032 0.16156973016700032 0.058311272979673694 0.1789586146327417 0.29960595628580977 0.4202532979388778 0.5409006395919458 0.6615479812450138 0.7821953228980818 0.9028426645511499 1.0234900062042178 1.1441373478572858 1.264784689510354
-9999.0 -9999.0 -9999.0 -9999.0 -9999.0 -9999.0 -9999.0 -9999.0 -9999.0 -9999.0 -9999.0 -9999.0 0.16156973016700032 0.16156973016700032 0.16156973016700032 0.16156973016700032 0.16156973016700032 0.16156973016700032 0.16156973016700032 -9999.0 -9999.0 -9999.0 -9999.0 -9999.0 -9999.0 -9999.0 -9999.0 -9999.0 -9999.0 -9999.0 0.16156973016700032 0.16156973016700032 0.16156973016700032 0.16156973016700032 0.16156973016700032 0.16156973016700032 0.16156973016700032 0.16156973016700032 0.16156973016700032 0.06131394510631665 0.1881738832510016 0.31503382139568653 0.44189375954037147 0.5687536976850563 0.6956136358297413 0.8224735739744262 0.9493335121191112 1.0761934502637962 1.203053388408481 1.329913326553166
-9999.0 -9999.0 -9999.0 -9999.0 -9999.0 -9999.0 -9999.0 -9999.0 -9999.0 -9999.0 -9999.0 -9999.0 0.16156973016700032 0.16156973016700032 0.16156973016700032 0.16156973016700032 0.16156973016700032 0.16156973016700032 0.16156973016700032 0.16156973016700032 0.16156973016700032 -9999.0 -9999.0 -9999.0 -9999.0 -9999.0 -9999.0 -9999.0 -9999.0 0.16156973016700032 0.16156973016700032 0.16156973016700032 0.16156973016700032 0.16156973016700032 0.16156973016700032 0.16156973016700032 0.16156973016700032 0.16156973016700032 0.16156973016700032 0.062098327531224636 0.19058117064040114 0.31906401374957766 0.44754685685875417 0.5760296999679307 0.7045125430771072 0.8329953861862838 0.9614782292954602 1.0899610724046367 1.2184439155138134 1.3469267586229898
-9999.0 -9999.0 -9999.0 -9999.0 -9999.0 -9999.0 -9999.0 -9999.0 -9999.0 -9999.0 -9999.0 -9999.0 0.16156973016700032 0.16156973016700032 0.16156973016700032 0.16156973016700032 0.16156973016700032 0.16156973016700032 0.16156973016700032 0.16156973016700032 0.16156973016700032 -9999.0 -9999.0 0.16156973016700032 -9999.0 -9999.0 -9999.0 -9999.0 -9999.0 0.16156973016700032 0.16156973016700032 0.16156973016700032 0.16156973016700032 0.16156973016700032 0.16156973016700032 0.16156973016700032 0.16156973016700032 0.16156973016700032 0.16156973016700032 0.06288270995613263 0.19298845802980072 0.32309420610346884 0.45319995417713693 0.583305702250805 0.7134114503244732 0.8435171983981412 0.9736229464718094 1.1037286945454774 1.2338344426191454 1.3639401906928137
-9999.0 -9999.0 -9999.0 -9999.0 -9999.0 -9999.0 -9999.0 -9999.0 -9999.0 -9999.0 -9999.0 -9999.0 0.16156973016700032 0.16156973016700032 0.16156973016700032 0.16156973016700032 0.16156973016700032 0.16156973016700032 0.16156973016700032 0.16156973016700032 0.16156973016700032 0.16156973016700032 0.16156973016700032 0.16156973016700032 0.16156973016700032 0.16156973016700032 -9999.0 -9999.0 0.16156973016700032 0.16156973016700032 0.16156973016700032 0.16156973016700032 0.16156973016700032 0.16156973016700032 0.16156973016700032 0.16156973016700032 0.16156973016700032 0.16156973016700032 0.16156973016700032 0.06366709238104129 0.19539574541920235 0.3271243984573634 0.45885305149552447 0.5905817045336855 0.7223103575718466 0.8540390106100076 0.9857676636481687 1.1174963166863296 1.2492249697244908 1.3809536227626518
-9999.0 -9999.0 -9999.0 -9999.0 -9999.0 -9999.0 -9999.0 -9999.0 -9999.0 -9999.0 -9999.0 0.16156973016700032 0.16156973016700032 0.16156973016700032 0.16156973016700032 0.16156973016700032 0.16156973016700032 0.16156973016700032 0.16156973016700032 0.16156973016700032 0.16156973016700032 0.16156973016700032 0.16156973016700032 0.16156973016700032 0.16156973016700032 0.16156973016700032 0.16156973016700032 0.16156973016700032 0.16156973016700032 0.16156973016700032 0.16156973016700032 0.16156973016700032 0.16156973016700032 0.16156973016700032 0.16156973016700032 0.16156973016700032 0.16156973016700032 0.16156973016700032 0.16156973016700032 0.06445147480594927 0.19780303280860193 0.33115459081125453 0.46450614881390717 0.5978577068165598 0.7312092648192124 0.8645608228218651 0.9979123808245177 1.1312639388271704 1.264615496829823 1.3979670548324756
-9999.0 -9999.0 -9999.0 -9999.0 -9999.0 -9999.0 -9999.0 -9999.0 -9999.0 -9999.0 -9999.0 0.16156973016700032 0.16156973016700032 0.16156973016700032 0.16156973016700032 0.16156973016700032 0.16156973016700032 0.16156973016700032 0.16156973016700032 0.16156973016700032 0.16156973016700032 0.16156973016700032 0.16156973016700032 0.16156973016700032 0.16156973016700032 0.16156973016700032 0.16156973016700032 0.16156973016700032 0.16156973016700032 0.16156973016700032 0.16156973016700032 0.16156973016700032 0.16156973016700032 0.16156973016700032 0.16156973016700032 0.16156973016700032 0.16156973016700032 0.16156973016700032 0.16156973016700032 0.06523585723085726 0.20021032019800147 0.3351847831651457 0.47015924613228993 0.6051337090994341 0.7401081720665784 0.8750826350337226 1.0100570980008667 1.145031560968011 1.2800060239351552 1.4149804869022995
-9999.0 -9999.0 -9999.0 -9999.0 -9999.0 -9999.0 -9999.0 -9999.0 -9999.0 -9999.0 -9999.0 0.16156973016700032 0.16156973016700032 0.16156973016700032 0.16156973016700032 0.16156973016700032 0.16156973016700032 0.16156973016700032 0.16156973016700032 0.16156973016700032 0.16156973016700032 0.16156973016700032 0.16156973016700032 0.16156973016700032 0.16156973016700032 0.16156973016700032 0.16156973016700032 0.16156973016700032 0.16156973016700032 0.16156973016700032 0.16156973016700032 0.16156973016700032 0.16156973016700032 0.16156973016700032 0.16156973016700032 0.16156973016700032 0.16156973016700032 0.16156973016700032 0.16156973016700032 0.06602023965576526 0.20261760758740105 0.33921497551903684 0.47581234345067264 0.6124097113823085 0.7490070793139443 0.8856044472455801 1.0222018151772159 1.1587991831088518 1.2953965510404875 1.4319939189721234
-9999.0 -9999.0 -9999.0 -9999.0 -9999.0 -9999.0 -9999.0 -9999.0 -9999.0 -9999.0 -9999.0 0.16156973016700032 0.16156973016700032 0.16156973016700032 0.16156973016700032 0.16156973016700032 0.16156973016700032 0.16156973016700032 0.16156973016700032 0.16156973016700032 0.16156973016700032 0.16156973016700032 0.16156973016700032 0.16156973016700032 0.16156973016700032 0.16156973016700032 0.16156973016700032 0.16156973016700032 0.16156973016700032 0.16156973016700032 0.16156973016700032 0.16156973016700032 0.16156973016700032 0.16156973016700032 0.16156973016700032 0.16156973016700032 0.16156973016700032 0.16156973016700032 0.16156973016700032 0.06680462208067324 0.20502489497680063 0.343245167872928 0.4814654407690554 0.6196857136651828 0.7579059865613101 0.8961262594574375 1.034346532353565 1.1725668052496923 1.3107870781458197 1.449007351041947
-9999.0 -9999.0 -9999.0 -9999.0 -9999.0 -9999.0 -9999.0 -9999.0 -9999.0 -9999.0 0.16156973016700032 0.16156973016700032 0.16156973016700032 0.16156973016700032 0.16156973016700032 0.16156973016700032 0.16156973016700032 0.16156973016700032 0.16156973016700032 0.16156973016700032 0.16156973016700032 0.16156973016700032 0.16156973016700032 0.16156973016700032 0.16156973016700032 0.16156973016700032 0.16156973016700032 0.16156973016700032 0.16156973016700032 0.16156973016700032 0.16156973016700032 0.16156973016700032 0.16156973016700032 0.16156973016700032 0.16156973016700032 0.16156973016700032 0.16156973016700032 0.16156973016700032 0.16156973016700032 0.06758900450558124 0.2074321823662002 0.34727536022681915 0.48711853808743816 0.626961715948057 0.7668048938086761 0.9066480716692951 1.046491249529914 1.186334427390533 1.326177605251152 1.4660207831117709
-9999.0 -9999.0 -9999.0 -9999.0 -9999.0 -9999.0 -9999.0 -9999.0 -9999.0 0.16156973016700032 0.16156973016700032 0.16156973016700032 0.16156973016700032 0.16156973016700032 0.16156973016700032 0.16156973016700032 0.16156973016700032 0.16156973016700032 0.16156973016700032 0.16156973016700032 0.16156973016700032 0.16156973016700032 0.16156973016700032 0.16156973016700032 0.16156973016700032 0.16156973016700032 0.16156973016700032 0.16156973016700032 0.16156973016700032 0.16156973016700032 0.16156973016700032 0.16156973016700032 0.16156973016700032 0.16156973016700032 0.16156973016700032 0.16156973016700032 0.16156973016700032 0.16156973016700032 0.16156973016700032 0.06837338693048922 0.20983946975559978 0.35130555258071033 0.49277163540582086 0.6342377182309314 0.775703801056042 0.9171698838811525 1.058635966706263 1.2001020495313737 1.341568132356484 1.4830342151815947
-9999.0 -9999.0 -9999.0 -9999.0 -9999.0 -9999.0 -9999.0 0.16156973016700032 0.16156973016700032 0.16156973016700032 0.16156973016700032 0.16156973016700032 0.16156973016700032 0.16156973016700032 0.16156973016700032 0.16156973016700032 0.16156973016700032 0.16156973016700032 0.16156973016700032 0.16156973016700032 0.16156973016700032 0.16156973016700032 0.16156973016700032 0.16156973016700032 0.16156973016700032 0.16156973016700032 0.16156973016700032 0.16156973016700032 0.16156973016700032 0.16156973016700032 0.16156973016700032 0.16156973016700032 0.16156973016700032 0.16156973016700032 0.16156973016700032 0.16156973016700032 0.16156973016700032 0.16156973016700032 0.16156973016700032 0.06915776935539789 0.2122467571450014 0.35533574493460496 0.49842473272420845 0.641513720513812 0.7846027083034155 0.927691696093019 1.0707806838826226 1.2138696716722261 1.3569586594618295 1.500047647251433
