Figures/CREST_Example_wjb_NSE/Rolling_result/20100722/BJP_forecast/ens_39/wjb.rain.20100722.asc
ncols            288
nrows            254
xllcorner        113.274861
yllcorner        31.4918055
cellsize         0.008333333333
NODATA_value     -9999
[rows 180 to 199 of 254, columns 132 to 175 of 288]
1.0518265138025253 1.075682148433371 1.0995377830642163 1.1769344740611847 1.3115677652434579 1.446201056425731 1.580834347608004 1.7154676387902774 1.8501009299725504 1.9847342211548236 2.1193675123370967 2.2540008035195997 2.3886340947018727 2.5232673858841457 2.657900677066419 2.686919745148319 2.6030348198584656 2.519149894568612 2.435264969278759 2.3513800439889057 2.267495118699052 2.1836101934091987 2.0997252681193457 2.015840342829492 1.9319554175394957 1.8480704922496425 1.7641855669597892 1.666056258669174 1.552699382729263 1.4393425067893517 1.3259856308494407 1.2126287549095296 1.0992718789696185 0.9859150030297075 0.8725581270897963 0.7592012511498852 0.6458443752099741 0.5324874992698696 0.41913062332995854 0.34933102529489907 0.3260951427368193 0.3028592601787395 0.2796233776206597 0.2563874950625799
1.043596677609858 1.061393667929518 1.079190658249178 1.1547084507407728 1.2919310862167601 1.4291537216927475 1.566376357168735 1.7035989926447224 1.8408216281207097 1.978044263596697 2.1152668990726844 2.252489534548906 2.389712170024893 2.526934805500881 2.664157440976868 2.693701728154412 2.6081354254352256 2.522569122716039 2.4370028199968528 2.3514365172776666 2.26587021455848 2.1803039118392937 2.0947376091201075 2.009171306400921 1.9236050036815886 1.8380387009624024 1.752472398243216 1.6538155790558413 1.541164701644049 1.4285138242322568 1.3158629468204646 1.2032120694086723 1.0905611919968803 0.9779103145850879 0.8652594371732957 0.7526085597615034 0.6399576823497113 0.527306804937727 0.4146559275259347 0.34525133156937543 0.32207798884947814 0.2989046461295808 0.27573130340968344 0.25255796068978614
1.00582341328278 1.0149868067613113 1.0241502002398426 1.089416985293401 1.214659564822529 1.3399021443516568 1.4651447238807846 1.5903873034099123 1.7156298829390402 1.8408724624681678 1.9661150419972957 2.091357621526637 2.2166002010557646 2.3418427805848925 2.4670853601140204 2.4926522817809014 2.4116636706393932 2.330675059497885 2.2496864483563765 2.1686978372148684 2.0877092260733603 2.006720614931852 1.925732003790344 1.844743392648836 1.7637547815071895 1.682766170365681 1.601777559224173 1.5102135642871628 1.4073442448475286 1.3044749254078944 1.2016056059682603 1.0987362865286259 0.9958669670889918 0.8929976476493575 0.7901283282097233 0.687259008770089 0.5843896893304549 0.4815203698906452 0.378651050451011 0.3152729062583527 0.2941117218139277 0.27295053736950275 0.2517893529250778 0.23062816848065287
0.9680501489556694 0.9685799455930648 0.9691097422304602 1.0241255198459738 1.1373880434282317 1.25065056701049 1.363913090592748 1.4771756141750059 1.590438137757264 1.7037006613395218 1.81696318492178 1.930225708504231 2.043488232086489 2.1567507556687473 2.270013279251005 2.2916028354072195 2.215191915843393 2.138780996279567 2.062370076715741 1.9859591571519148 1.9095482375880886 1.8331373180242623 1.7567263984604362 1.6803154788966101 1.6039045593326535 1.5274936397688275 1.4510827202050014 1.366611549518362 1.273523788050894 1.1804360265834262 1.0873482651159583 0.9942605036484904 0.9011727421810225 0.8080849807135546 0.7149972192460867 0.6219094577786188 0.528821696311151 0.4357339348435244 0.3426461733760564 0.2852944809473044 0.26614545477835355 0.24699642860940266 0.2278474024404518 0.20869837627150092
0.9302768846285913 0.922173084424858 0.9140692842211249 0.9588340543986023 1.0601165220340008 1.161398989669399 1.2626814573047975 1.3639639249401958 1.4652463925755943 1.5665288602109926 1.667811327846391 1.769093795481962 1.8703762631173606 1.9716587307527589 2.072941198388157 2.0905533890337082 2.0187201610475602 1.9468869330614125 1.8750537050752645 1.8032204770891165 1.7313872491029685 1.6595540211168205 1.5877207931306727 1.5158875651445247 1.4440543371582542 1.3722211091721062 1.3003878811859582 1.2230095347496834 1.1397033312543736 1.0563971277590638 0.9730909242637539 0.889784720768444 0.8064785172731341 0.7231723137778242 0.6398661102825144 0.5565599067872046 0.47325370329189465 0.3899474997964427 0.3066412963011329 0.2553160556362817 0.23817918774280317 0.22104231984932468 0.20390545195584617 0.18676858406236768
0.892503620301513 0.8757662232566512 0.8590288262117893 0.8935425889512306 0.9828450006397694 1.0721474123283081 1.161449824016847 1.250752235705386 1.3400546473939248 1.4293570590824636 1.5186594707710024 1.6079618824596935 1.6972642941482323 1.7865667058367711 1.87586911752531 1.8895039426601978 1.822248406251728 1.754992869843258 1.6877373334347883 1.6204817970263183 1.5532262606178486 1.4859707242093787 1.4187151878009088 1.351459651392439 1.2842041149838546 1.2169485785753849 1.149693042166915 1.079407519981005 1.005882874457853 0.9323582289347011 0.8588335834115493 0.7853089378883975 0.7117842923652455 0.6382596468420938 0.5647350013189419 0.4912103557957901 0.41768571027263823 0.34416106474936103 0.2706364192262092 0.22533763032525891 0.21021292070725278 0.19508821108924665 0.17996350147124052 0.1648387918532344
0.8547303559744348 0.8293593620884443 0.803988368202454 0.828251123503859 0.9055734792455382 0.9828958349872174 1.0602181907288966 1.137540546470576 1.2148629022122552 1.2921852579539344 1.3695076136956135 1.4468299694374247 1.524152325179104 1.6014746809207832 1.6787970366624623 1.688454496286687 1.6257766514558953 1.5630988066251037 1.500420961794312 1.4377431169635204 1.3750652721327286 1.3123874273019371 1.2497095824711453 1.1870317376403539 1.1243538928094552 1.0616760479786636 0.9989982031478719 0.9358055052123264 0.8720624176613325 0.8083193301103387 0.7445762425593448 0.6808331550083511 0.6170900674573572 0.5533469799063633 0.4896038923553695 0.4258608048043757 0.3621177172533818 0.29837462970227924 0.23463154215128545 0.19535920501423615 0.1822466536717024 0.16913410232916865 0.1560215509866349 0.14290899964410114
0.8169570916473564 0.7829525009202374 0.7489479101931183 0.7629596580564872 0.828301957851307 0.8936442576461266 0.9589865574409463 1.024328857235766 1.0896711570305855 1.1550134568254053 1.220355756620225 1.285698056415156 1.3510403562099755 1.4163826560047954 1.481724955799615 1.4874050499131763 1.4293048966600628 1.3712047434069494 1.3131045901538358 1.2550044369007223 1.196904283647609 1.1388041303944954 1.0807039771413818 1.0226038238882684 0.9645036706350557 0.9064035173819422 0.8483033641288288 0.7922034904436479 0.7382419608648121 0.6842804312859763 0.6303189017071404 0.5763573721283046 0.5223958425494688 0.4684343129706329 0.4144727833917971 0.36051125381296123 0.3065497242341254 0.25258819465519755 0.19862666507636173 0.1653807797032134 0.15428038663615204 0.14317999356909067 0.13207960050202927 0.1209792074349679
0.7791838273202782 0.7365456397520305 0.6939074521837829 0.6976681926091156 0.7510304364570757 0.8043926803050357 0.8577549241529958 0.9111171680009559 0.964479411848916 1.0178416556968761 1.071203899544836 1.124566143392887 1.1779283872408473 1.2312906310888074 1.2846528749367674 1.2863556035396655 1.2328331418642302 1.179310680188795 1.1257882185133594 1.0722657568379241 1.0187432951624888 0.9652208334870536 0.9116983718116182 0.8581759101361828 0.8046534484606562 0.7511309867852209 0.6976085251097855 0.6486014756749694 0.6044215040682915 0.5602415324616137 0.5160615608549359 0.47188158924825807 0.4277016176415802 0.3835216460349024 0.33934167442822455 0.29516170282154675 0.2509817312148689 0.2068017596081157 0.1626217880014379 0.1354023543921907 0.12631411960060168 0.11722588480901268 0.10813765001742368 0.09904941522583466
0.7414105629931678 0.6901387785837841 0.6388669941744005 0.6323767271616884 0.6737589150627786 0.7151411029638689 0.7565232908649592 0.7979054787660494 0.8392876666671397 0.8806698545682299 0.9220520424693202 0.963434230370481 1.0048164182715713 1.0461986061726616 1.0875807940737519 1.0853061571659834 1.0363613870682302 0.9874166169704769 0.9384718468727236 0.8895270767749703 0.8405823066772171 0.7916375365794639 0.7426927664817106 0.6937479963839572 0.6448032262861205 0.5958584561883673 0.5469136860906141 0.5049994609061685 0.4706010472716571 0.43620263363714556 0.4018042200026341 0.3674058063681226 0.33300739273361113 0.29860897909909967 0.26421056546458815 0.2298121518300767 0.19541373819556518 0.16101532456099504 0.12661691092648358 0.10542392908114238 0.09834785256502745 0.09127177604891254 0.08419569953279762 0.07711962301668271
0.7036372986660895 0.6437319174155773 0.5838265361650651 0.5670852617143167 0.5964873936685474 0.6258895256227781 0.6552916575770088 0.6846937895312395 0.7140959214854702 0.7434980534397009 0.7729001853939315 0.8023023173482123 0.831704449302443 0.8611065812566736 0.8905087132109044 0.8842567107924727 0.8398896322723975 0.7955225537523225 0.7511554752322473 0.7067883967121722 0.6624213181920972 0.618054239672022 0.573687161151947 0.5293200826318718 0.48495300411172104 0.44058592559164594 0.39621884707157085 0.36139744613749 0.33678059047513653 0.31216373481278303 0.2875468791504296 0.2629300234880761 0.23831316782572262 0.21369631216336915 0.18907945650101568 0.1644626008386622 0.13984574517630874 0.1152288895139133 0.0906120338515598 0.07544550377011963 0.07038158552947708 0.06531766728883454 0.060253749048191994 0.05518983080754945
0.6658640343390113 0.5973250562473704 0.5287860781557296 0.5017937962669451 0.5192158722743162 0.5366379482816873 0.5540600242890583 0.5714821002964294 0.5889041763038005 0.6063262523111717 0.6237483283185428 0.6411704043259435 0.6585924803333146 0.6760145563406857 0.6934366323480569 0.683207264418962 0.6434178774765651 0.6036284905341681 0.5638391035917711 0.5240497166493742 0.4842603297069773 0.4444709427645803 0.40468155582218335 0.3648921688797864 0.3251027819373216 0.2853133949949247 0.24552400805252772 0.21779543136881152 0.20296013367861607 0.1881248359884206 0.17328953829822513 0.15845424060802965 0.14361894291783422 0.12878364522763874 0.11394834753744328 0.09911304984724781 0.08427775215705235 0.06944245446683159 0.054607156776636134 0.0454670784590969 0.042415318493926726 0.039363558528756545 0.03631179856358638 0.0332600385984162
0.628090770011933 0.5509181950791636 0.4737456201463942 0.4365023308195735 0.441944350880085 0.44738637094059647 0.45282839100110794 0.4582704110616195 0.46371243112213095 0.46915445118264243 0.47459647124315396 0.4800384913036747 0.4854805113641862 0.4909225314246977 0.4963645514852092 0.48215781804545116 0.4469461226807324 0.4117344273160136 0.3765227319512948 0.341311036586576 0.3060993412218573 0.2708876458571385 0.23567595049241974 0.20046425512770094 0.16525255976292214 0.13004086439820334 0.09482916903348454 0.07419341660013304 0.06913967688209557 0.06408593716405812 0.05903219744602067 0.05397845772798321 0.04892471800994576 0.0438709782919083 0.03881723857387085 0.03376349885583339 0.028709759137795943 0.023656019419749867 0.01860227970171241 0.015488653148074153 0.014449051458376352 0.013409449768678548 0.012369848078980747 0.011330246389282943
0.6080140490591791 0.5290925986626367 0.4501711482660944 0.4086551050293382 0.4071262880387923 0.40559747104824634 0.4040686540577004 0.40253983706715446 0.40101102007660855 0.3994822030860626 0.3979533860955166 0.3964245691049681 0.3948957521144221 0.3933669351238762 0.39183811813333025 0.3757234320094032 0.3440161218655898 0.3123088117217763 0.2806015015779628 0.2488941914341494 0.21718688129033592 0.18547957114652247 0.153772261002709 0.12206495085889552 0.090357640715028 0.05865033057121455 0.0269430204274011 0.010412348209383108 0.010105845244014722 0.009799342278646334 0.009492839313277948 0.009186336347909562 0.008879833382541176 0.00857333041717279 0.008266827451804402 0.007960324486436016 0.00765382152106763 0.00734731855569872 0.007040815590330334 0.006835211080502301 0.0067374693022735814 0.006639727524044862 0.0065419857458161425 0.006444243967587423
0.6068538175558338 0.5335428249021303 0.4602318322484269 0.4208334113123972 0.4176882965380324 0.41454318176366756 0.41139806698930276 0.40825295221493796 0.4051078374405731 0.4019627226662083 0.39881760789184345 0.39567249311747327 0.39252737834310847 0.38938226356874367 0.3862371487943788 0.3704265818621751 0.34107636009465736 0.3117261383271396 0.2823759165596218 0.253025694792104 0.22367547302458626 0.1943252512570685 0.16497502948955073 0.13562480772203295 0.10627458595446515 0.07692436418694737 0.04757414241942959 0.03195484036158302 0.031014202079829013 0.030073563798075006 0.029132925516321 0.028192287234566994 0.027251648952812985 0.026311010671058982 0.025370372389304972 0.02442973410755097 0.02348909582579696 0.02254845754404135 0.021607819262287345 0.020976831980930803 0.020676868624236542 0.020376905267542284 0.020076941910848023 0.01977697855415376
0.6056935860524887 0.5379930511416218 0.47029251623075474 0.433011717595451 0.42825030503726796 0.42348889247908494 0.418727479920902 0.41396606736271896 0.40920465480453594 0.4044432422463529 0.3996818296881699 0.3949204171299788 0.39015900457179575 0.3853975920136128 0.38063617945542977 0.3651297317149492 0.33813659832372617 0.3111434649325031 0.28415033154128 0.25715719815005694 0.23016406475883386 0.2031709313676108 0.17617779797638772 0.14918466458516466 0.12219153119389553 0.09519839780267247 0.06820526441144942 0.05349733251377376 0.0519225589156344 0.05034778531749504 0.048773011719355684 0.047198238121216325 0.04562346452307697 0.044048690924937614 0.042473917326798255 0.040899143728658896 0.03932437013051954 0.0377495965323775 0.03617482293423814 0.03511845288135326 0.03461626794619355 0.03411408301103384 0.03361189807587413 0.03310971314071441
0.6045333545491438 0.5424432773811133 0.4803532002130828 0.44519002387850476 0.4388123135365036 0.43243460319450233 0.42605689285250115 0.41967918251049996 0.4133014721684988 0.4069237618264976 0.40054605148449635 0.3941683411424843 0.3877906308004831 0.3814129204584819 0.37503521011648067 0.35983288156772336 0.335196836552795 0.3105607915378666 0.2859247465229382 0.2612887015080098 0.23665265649308143 0.21201661147815304 0.18738056646322465 0.1627445214482963 0.13810847643332588 0.11347243141839752 0.08883638640346914 0.0750398246659645 0.0728309157514398 0.07062200683691508 0.06841309792239038 0.06620418900786566 0.06399528009334095 0.061786371178816246 0.05957746226429153 0.05736855334976682 0.055159644435242114 0.05295073552071364 0.05074182660618892 0.04926007378177573 0.04855566726815057 0.0478512607545254 0.04714685424090023 0.04644244772727507
0.6033731230457985 0.546893503620607 0.4904138841954153 0.45736833016156375 0.4493743220357437 0.4413803139099236 0.4333863057841035 0.4253922976582834 0.41739828953246333 0.40940428140664326 0.4014102732808232 0.3934162651549895 0.38542225702916943 0.37742824890334936 0.3694342407775293 0.3545360314204952 0.33225707478186256 0.30997811814322984 0.2876991615045972 0.2654202048659645 0.2431412482273318 0.22086229158869913 0.19858333495006644 0.17630437831143375 0.1540254216727631 0.1317464650341304 0.10946750839549774 0.09658231681816444 0.0937392725872541 0.09089622835634377 0.08805318412543343 0.08521013989452311 0.08236709566361278 0.07952405143270244 0.0766810072017921 0.07383796297088177 0.07099491873997144 0.06815187450905626 0.06530883027814594 0.06340169468220422 0.062495066590113516 0.06158843849802281 0.0606818104059321 0.0597751823138414
0.6022128915424536 0.5513437298600985 0.5004745681777435 0.46954663644461747 0.45993633053497923 0.450326024625341 0.4407157187157027 0.43110541280606446 0.4214951068964262 0.4118848009867879 0.4022744950771497 0.392664189167495 0.3830538832578568 0.3734435773482185 0.36383327143858024 0.3492391812732694 0.3293173130109314 0.3093954447485934 0.2894735764862554 0.2695517082239174 0.2496298399615794 0.2297079716992414 0.2097861034369034 0.1898642351745654 0.16994236691219344 0.15002049864985545 0.13009863038751746 0.11812480897035518 0.11464762942305949 0.11117044987576381 0.10769327032846814 0.10421609078117244 0.10073891123387677 0.09726173168658107 0.0937845521392854 0.0903073725919897 0.08683019304469403 0.08335301349739241 0.07987583395009673 0.0775433155826267 0.07643446591207054 0.07532561624151438 0.07421676657095821 0.07310791690040205
0.6010526600391086 0.5557939560995901 0.5105352521600716 0.48172494272767125 0.4704983390342148 0.4592717353407584 0.4480451316473019 0.43681852795384546 0.425591924260389 0.41436532056693254 0.40313871687347613 0.3919121131800005 0.38068550948654406 0.3694589057930876 0.3582323020996312 0.3439423311260435 0.32637755124000023 0.3088127713539569 0.2912479914679136 0.2736832115818703 0.256118431695827 0.2385536518097837 0.2209888719237404 0.20342409203769707 0.18585931215162382 0.16829453226558053 0.1507297523795372 0.1396673011225459 0.1355559862588649 0.13144467139518384 0.12733335653150282 0.12322204166782177 0.11911072680414075 0.1149994119404597 0.11088809707677867 0.10677678221309764 0.1026654673494166 0.09855415248572856 0.09444283762204753 0.09168493648304916 0.09037386523402755 0.08906279398500594 0.08775172273598433 0.08644065148696271
