Figures/CREST_Example_wjb_NSE/Rolling_result/20100722/BJP_forecast/ens_39/wjb.rain.20100724.asc
ncols            288
nrows            254
xllcorner        113.274861
yllcorner        31.4918055
cellsize         0.008333333333
NODATA_value     -9999
[rows 147 to 167 of 254, columns 141 to 187 of 288]
0.0 0.0 0.0 0.0 0.0 0.0 0.0 0.0 0.0 0.0 0.0 0.0 0.0 0.0 0.0 0.0 0.0 0.0 0.0011285509656996386 0.003463548442627645 0.005798545919555651 0.008133543396483657 0.010468540873411664 0.01280353835033967 0.015138535827267676 0.017473533304195682 0.019808530781123688 0.022143528258051694 0.024478525734983683 0.02681352321191169 0.02846769922879435 0.029394061702658465 0.03032042417652258 0.031246786650386695 0.03217314912425081 0.033099511598114924 0.03402587407197904 0.03495223654584315 0.035878599019707275 0.03680496149357139 0.037731323967435504 0.0386576864413012 0.037560038943532534 0.03429867899274055 0.031037319041948556 0.027775959091156564 0.02451459914036458
0.0 0.0 0.0 0.0 0.0 0.0 0.0 0.0 0.0 0.0 0.0 0.0 0.0 0.0 0.0 0.0 0.0 0.0 0.0015829997982069052 0.00485826218965696 0.008133524581107015 0.011408786972557068 0.014684049364007122 0.017959311755457178 0.021234574146907232 0.024509836538357286 0.02778509892980734 0.031060361321257397 0.03433562371271304 0.03761088610416309 0.03993117147940141 0.04123056481985568 0.042529958160309946 0.04382935150076422 0.04512874484121848 0.046428138181672754 0.04772753152212702 0.04902692486258129 0.050326318203035555 0.05162571154348983 0.0529251048839441 0.05422449822440058 0.05268484621019766 0.04811019047829352 0.04353553474638938 0.038960879014485236 0.034386223282581105
0.0 0.0 0.0 0.0 0.0 0.0 0.0 0.0 0.0 0.0 0.0 0.0 0.0 0.0 0.0 0.0 0.0 0.0 0.0020374486307141726 0.006252975936686276 0.01046850324265838 0.014684030548630485 0.018899557854602587 0.023115085160574693 0.0273306124665468 0.031546139772518904 0.035761667078491 0.03997719438446311 0.0441927216904424 0.04840824899641451 0.05139464373000848 0.0530670679370529 0.054739492144097325 0.05641191635114175 0.05808434055818617 0.05975676476523059 0.06142918897227501 0.06310161317931944 0.06477403738636386 0.06644646159340828 0.06811888580045271 0.06979131000749998 0.06780965347686278 0.0619217019638465 0.056033750450830214 0.05014579893781392 0.04425784742479763
0.0 0.0 0.0 0.0 0.0 0.0 0.0 0.0 0.0 0.0 0.0 0.0 0.0 0.0 0.0 0.0 0.0 0.0 0.002491897463221827 0.007647689683716783 0.012803481904211739 0.017959274124706694 0.02311506634520165 0.028270858565696604 0.03342665078619156 0.03858244300668651 0.04373823522718147 0.04889402744767642 0.05404981966818018 0.05920561188867513 0.06285811598062532 0.06490357105426023 0.06694902612789512 0.06899448120153001 0.0710399362751649 0.0730853913487998 0.07513084642243469 0.07717630149606958 0.07922175656970448 0.08126721164333937 0.08331266671697427 0.08535812179061264 0.08293446074354081 0.07573321344941125 0.0685319661552817 0.06133071886115214 0.05412947156702259
0.0 0.0 0.0 0.0 0.0 0.0 0.0 0.0 0.0 0.0 0.0 0.0 0.0 0.0 0.0 0.0 0.0 0.0 0.002946346295729094 0.009042403430746098 0.0151384605657631 0.021234517700780105 0.02733057483579711 0.033426631970814115 0.039522689105831114 0.04561874624084812 0.05171480337586512 0.05781086051088213 0.06390691764590953 0.07000297478092653 0.07432158823123239 0.07674007417145744 0.07915856011168249 0.08157704605190753 0.08399553199213258 0.08641401793235762 0.08883250387258267 0.09125098981280771 0.09366947575303276 0.09608796169325781 0.09850644763348285 0.10092493357371203 0.09805926801020594 0.08954472493496422 0.08103018185972252 0.07251563878448082 0.06400109570923912
0.0 0.0 0.0 0.0 0.0 0.0 0.0 0.0 0.0 0.0 0.0 0.0 0.0 0.0 0.0 0.0 0.0 0.0 0.003400795128236361 0.010437117177775413 0.017473439227314466 0.02450976127685352 0.031546083326392575 0.038582405375931626 0.04561872742547068 0.05265504947500973 0.059691371524548786 0.06672769357408784 0.07376401562363889 0.08080033767317794 0.08578506048183947 0.08857657728865466 0.09136809409546987 0.09415961090228507 0.09695112770910026 0.09974264451591547 0.10253416132273066 0.10532567812954587 0.10811719493636107 0.11090871174317626 0.11370022854999147 0.11649174535681142 0.11318407527687106 0.10335623642051721 0.09352839756416335 0.0837005587078095 0.07387271985145565
0.0 0.0 0.0 0.0 0.0 0.0 0.0 0.0 0.0 0.0 0.0 0.0 0.0 0.0 0.0 0.0 0.0 0.0 0.003855243960743628 0.01183183092480473 0.019808417888865833 0.027785004852926933 0.035761591816988035 0.04373817878104914 0.05171476574511024 0.05969135270917134 0.06766793967323244 0.07564452663729354 0.08362111360136826 0.09159770056542935 0.09724853273244653 0.1004130804058519 0.10357762807925724 0.1067421757526626 0.10990672342606796 0.1130712710994733 0.11623581877287865 0.11940036644628402 0.12256491411968937 0.12572946179309472 0.12889400946650006 0.13205855713991083 0.1283088825435362 0.1171677479060702 0.10602661326860419 0.09488547863113818 0.08374434399367217
0.0 0.0 0.0 0.0 0.0 0.0 0.0 0.0 0.0 0.0 0.0 0.0 0.0 0.0 0.0 0.0 0.0 0.0 0.004309692793250895 0.013226544671834047 0.022143396550417197 0.031060248429000348 0.0399771003075835 0.04889395218616665 0.0578108040647498 0.06672765594333295 0.0756445078219161 0.08456135970049926 0.09347821157909761 0.10239506345768076 0.1087120049830536 0.1122495835230491 0.11578716206304461 0.11932474060304012 0.12286231914303562 0.12639989768303114 0.12993747622302665 0.13347505476302216 0.13701263330301766 0.14055021184301317 0.14408779038300867 0.1476253689230102 0.14343368981020133 0.13097925939162317 0.118524828973045 0.10607039855446686 0.09361596813588871
0.0 0.0 0.0 0.0 0.0 0.0 0.0 0.0 0.0 0.0 0.0 0.0 0.0 0.0 0.0 0.0 0.0 0.0 0.004764141625758161 0.01462125841886336 0.024478375211968557 0.034335492005073756 0.044192608798178955 0.05404972559128415 0.06390684238438936 0.07376395917749455 0.08362107597059976 0.09347819276370495 0.10333530955682696 0.11319242634993215 0.12017547723366066 0.12408608664024633 0.12799669604683198 0.13190730545341764 0.1358179148600033 0.13972852426658897 0.14363913367317463 0.14754974307976026 0.15146035248634593 0.1553709618929316 0.15928157129951726 0.16319218070610958 0.15855849707686642 0.14479077087717612 0.13102304467748582 0.11725531847779552 0.10348759227810522
0.0 0.0 0.0 0.0 0.0 0.0 0.0 0.0 0.0 0.0 0.0 0.0 0.0 0.0 0.0 0.0 0.0 0.0 0.005218590458265429 0.016015972165892674 0.026813353873519925 0.03761073558114717 0.04840811728877442 0.059205498996401665 0.07000288070402891 0.08080026241165617 0.09159764411928341 0.10239502582691065 0.11319240753455632 0.12398978924218357 0.13163894948426774 0.13592258975744353 0.14020623003061936 0.14448987030379518 0.14877351057697097 0.1530571508501468 0.1573407911233226 0.16162443139649843 0.16590807166967422 0.17019171194285004 0.17447535221602586 0.17875899248920898 0.17368330434353155 0.1586022823627291 0.14352126038192664 0.1284402384011242 0.11335921642032175
0.0 0.0 0.0 0.0 0.0 0.0 0.0 0.0 0.0 0.0 0.0 0.0 0.0 0.0 0.0 0.0 0.0 0.0 0.005467859650486269 0.01678098495552448 0.028094110260562688 0.0394072355656009 0.05072036087063911 0.06203348617567732 0.07334661148071553 0.08465973678575374 0.09597286209079195 0.10728598739583016 0.11859911270088766 0.12991223800592588 0.1379110853447072 0.1423668945586194 0.1468227037725316 0.1512785129864438 0.15573432220035596 0.16019013141426816 0.16464594062818036 0.16910174984209256 0.17355755905600476 0.17801336826991696 0.18246917748382915 0.18692498669774896 0.1816057729187292 0.16583683839977945 0.15006790388082966 0.1342989693618799 0.11853003484293012
0.0 0.0 0.0 0.0 0.0 0.0 0.0 0.0 0.0 0.0 0.0 0.0 0.0 0.0 0.0 0.0 0.0 0.0 0.005497804741031175 0.0168728871157932 0.02824796949055523 0.039623051865317255 0.05099813424007928 0.06237321661484131 0.07374829898960333 0.08512338136436537 0.09649846373912739 0.10787354611388943 0.11924862848867085 0.13062371086343288 0.1386340098473255 0.1430472792648535 0.1474605486823815 0.15187381809990955 0.15628708751743756 0.16070035693496557 0.1651136263524936 0.1695268957700216 0.17394016518754962 0.17835343460507763 0.18276670402260564 0.1871799734401412 0.18182939544240592 0.16604104365011652 0.15025269185782708 0.13446434006553767 0.11867598827324825
0.0 0.0 0.0 0.0 0.0 0.0 0.0 0.0 0.0 0.0 0.0 0.0 0.0 0.0 0.0 0.0 0.0 0.0 0.00552774983157608 0.016964789276061924 0.028401828720547768 0.03983886816503361 0.05127590760951946 0.0627129470540053 0.07414998649849115 0.085587025942977 0.09702406538746283 0.10846110483194868 0.11989814427645404 0.13133518372093989 0.13935693434994378 0.1437276639710876 0.14809839359223145 0.1524691232133753 0.15683985283451912 0.16121058245566297 0.1655813120768068 0.16995204169795064 0.17432277131909446 0.1786935009402383 0.18306423056138213 0.18743496018253342 0.18205301796608261 0.16624524890045356 0.15043747983482447 0.13462971076919544 0.11882194170356637
0.0 0.0 0.0 0.0 0.0 0.0 0.0 0.0 0.0 0.0 0.0 0.0 0.0 0.0 0.0 0.0 0.0 0.0 0.005557694922120985 0.017056691436330648 0.02855568795054031 0.040054684464749975 0.05155368097895963 0.0630526774931693 0.07455167400737896 0.08605067052158862 0.09754966703579829 0.10904866355000795 0.12054766006423721 0.13204665657844689 0.14007985885256208 0.14440804867732174 0.1487362385020814 0.15306442832684103 0.1573926181516007 0.16172080797636035 0.16604899780112 0.17037718762587967 0.17470537745063933 0.17903356727539899 0.18336175710015862 0.18768994692492566 0.1822766404897593 0.1664494541507906 0.15062226781182192 0.1347950814728532 0.1189678951338845
0.0 0.0 0.0 0.0 0.0 0.0 0.0 0.0 0.0 0.0 0.0 0.0 0.0 0.0 0.0 0.0 0.0 0.0 0.005587640012665889 0.017148593596599367 0.028709547180532844 0.040270500764466324 0.0518314543483998 0.06339240793233328 0.07495336151626676 0.08651431510020023 0.09807526868413372 0.10963622226806718 0.12119717585202039 0.13275812943595386 0.14080278335518034 0.14508843338355581 0.14937408341193129 0.15365973344030678 0.15794538346868225 0.16223103349705773 0.1665166835254332 0.1708023335538087 0.17508798358218416 0.17937363361055964 0.1836592836389351 0.1879449336673179 0.182500263013436 0.16665365940112764 0.1508070557888193 0.13496045217651095 0.11911384856420261
0.0 0.0 0.0 0.0 0.0 0.0 0.0 0.0 0.0 0.0 0.0 0.0 0.0 0.0 0.0 0.0 0.0 0.0 0.0056175851032107945 0.01724049575686809 0.028863406410525386 0.04048631706418268 0.052109227717839976 0.06373213837149727 0.07535504902515457 0.08697795967881186 0.09860087033246916 0.11022378098612645 0.12184669163980356 0.13346960229346086 0.14152570785779864 0.14576881808978995 0.15001192832178123 0.15425503855377254 0.15849814878576382 0.16274125901775513 0.1669843692497464 0.17122747948173772 0.17547058971372903 0.1797136999457203 0.1839568101777116 0.18819992040971015 0.1827238855371127 0.1668578646514647 0.15099184376581673 0.13512582288016872 0.11925980199452074
0.0 0.0 0.0 0.0 0.0 0.0 0.0 0.0 0.0 0.0 0.0 0.0 0.0 0.0 0.0 0.0 0.0 0.0 0.0056475301937557254 0.01733239791713689 0.02901726564051806 0.040702133363899225 0.052387001087280394 0.06407186881066156 0.07575673653404272 0.0874416042574239 0.09912647198080506 0.11081133970418622 0.12249620742758732 0.13418107515096847 0.14224863236041757 0.14644920279602464 0.15064977323163173 0.1548503436672388 0.1590509141028459 0.16325148453845295 0.16745205497406004 0.17165262540966714 0.1758531958452742 0.18005376628088127 0.18425433671648836 0.1884549071521026 0.1829475080607896 0.16706206990180195 0.15117663174281432 0.13529119358382666 0.119405755424839
0.0 0.0 0.0 0.0 0.0 0.0 0.0 0.0 0.0 0.0 0.0 0.0 0.0 0.0 0.0 0.0 0.0 0.0 0.0056774752843006294 0.01742430007740561 0.029171124870510594 0.040917949663615574 0.052664774456720555 0.06441159924982554 0.07615842404293052 0.08790524883603551 0.09965207362914048 0.11139889842224547 0.12314572321537048 0.13489254800847547 0.14297155686303584 0.14712958750225874 0.15128761814148162 0.15544564878070452 0.15960367941992742 0.16376171005915033 0.16791974069837323 0.17207777133759614 0.17623580197681904 0.18039383261604194 0.18455186325526485 0.18870989389449483 0.18317113058446627 0.167266275152139 0.1513614197198117 0.1354565642874844 0.11955170885515712
0.0 0.0 0.0 0.0 0.0 0.0 0.0 0.0 0.0 0.0 0.0 0.0 0.0 0.0 0.0 0.0 0.0 0.0 0.005707420374845534 0.017516202237674333 0.029324984100503132 0.04113376596333193 0.05294254782616073 0.06475132968898953 0.07656011155181833 0.08836889341464713 0.10017767527747592 0.11198645714030472 0.12379523900315367 0.13560402086598247 0.14369448136565413 0.14780997220849285 0.15192546305133156 0.15604095389417028 0.16015644473700902 0.16427193557984773 0.16838742642268645 0.17250291726552516 0.1766184081083639 0.18073389895120262 0.18484938979404134 0.18896488063688707 0.183394753108143 0.16747048040247606 0.15154620769680913 0.13562193499114217 0.11969766228547524
0.0 0.0 0.0 0.0 0.0 0.0 0.0 0.0 0.0 0.0 0.0 0.0 0.0 0.0 0.0 0.0 0.0 0.0 0.005737365465390439 0.017608104397943056 0.029478843330495674 0.04134958226304829 0.053220321195600905 0.06509106012815352 0.07696179906070615 0.08883253799325876 0.10070327692581138 0.11257401585836399 0.12444475479093685 0.13631549372348947 0.14441740586827242 0.14849035691472695 0.1525633079611815 0.15663625900763603 0.16070921005409058 0.1647821611005451 0.16885511214699966 0.1729280631934542 0.17700101423990872 0.18107396528636327 0.18514691633281782 0.1892198673792793 0.18361837563181968 0.1676746856528131 0.15173099567380652 0.13578730569479994 0.11984361571579337
0.0 0.0 0.0 0.0 0.0 0.0 0.0 0.0 0.0 0.0 0.0 0.0 0.0 0.0 0.0 0.0 0.0 0.0 0.005767310555935346 0.017700006558211783 0.02963270256048822 0.04156539856276465 0.05349809456504109 0.06543079056731753 0.07736348656959396 0.0892961825718704 0.10122887857414684 0.11316157457642327 0.12509427057872005 0.1370269665809965 0.14514033037089072 0.14917074162096108 0.15320115287103145 0.15723156412110179 0.16126197537117215 0.16529238662124252 0.16932279787131288 0.17335320912138324 0.1773836203714536 0.18141403162152395 0.1854444428715943 0.18947485412167153 0.18384199815549637 0.16787889090315017 0.15191578365080394 0.1359526763984577 0.11998956914611149
