Figures/CREST_Example_wjb_NSE/Rolling_result/20100722/BJP_forecast/ens_39/wjb.rain.20100726.asc
ncols            288
nrows            254
xllcorner        113.274861
yllcorner        31.4918055
cellsize         0.008333333333
NODATA_value     -9999
[rows 120 to 139 of 254, columns 135 to 179 of 288]
15.623960863275899 16.973094034744747 18.322227206213597 19.671360377682447 21.020493549151297 22.369626720620143 23.718759892088993 25.067893063557843 26.41702623502899 27.76615940649784 29.11529257796669 30.46442574943554 30.74782267388547 29.89192344449154 29.036024215097612 28.180124985703685 27.324225756309755 26.468326526915828 25.6124272975219 24.75652806812797 23.900628838734043 23.044729609338656 22.18883037994473 21.3329311505508 20.875446427705818 20.843875824876456 20.812305222047097 20.78073461921774 20.74916401638838 20.71759341355902 20.68602281072966 20.654452207900302 20.62288160507094 20.591311002241582 20.55974039941217 20.52816979658281 20.365985002552314 20.064170683241766 19.762356363931218 19.460542044620674 19.158727725310126 18.856913405999578 18.555099086689033 18.253284767378485 17.95147044806794
15.346219667333202 16.614294651049534 17.882369634765865 19.150444618482194 20.418519602198526 21.686594585914854 22.954669569631186 24.222744553347518 25.49081953706601 26.75889452078234 28.026969504498673 29.295044488215005 29.55329799848868 28.73202951260216 27.91076102671564 27.08949254082912 26.2682240549426 25.44695556905608 24.625687083169556 23.804418597283036 22.983150111396515 22.16188162550859 21.34061313962207 20.51934465373555 20.096063328781515 20.09823928171214 20.100415234642767 20.102591187573392 20.10476714050402 20.106943093434644 20.109119046365272 20.111294999295897 20.11347095222652 20.11564690515715 20.117822858087777 20.119998811018405 19.97551210666942 19.6742397037379 19.372967300806383 19.071694897874863 18.770422494943347 18.469150092011827 18.16787768908031 17.86660528614879 17.565332883217273
14.973188157713443 16.227278479710368 17.48136880170729 18.735459123704217 19.989549445701144 21.243639767698067 22.497730089694993 23.751820411691916 25.005910733690982 26.26000105568791 27.514091377684835 28.768181699681758 29.026229220169704 28.21948445645294 27.41273969273617 26.605994929019406 25.799250165302638 24.992505401585873 24.185760637869105 23.37901587415234 22.572271110435572 21.76552634671743 20.958781583000665 20.1520368192839 19.72879429702455 19.715524346068374 19.7022543951122 19.688984444156024 19.675714493199848 19.662444542243673 19.649174591287498 19.635904640331322 19.622634689375147 19.60936473841897 19.59609478746277 19.582824836506596 19.449152050628793 19.186765910345347 18.9243797700619 18.66199362977845 18.399607489495004 18.137221349211554 17.874835208928108 17.612449068644658 17.35006292836121
14.600156648093682 15.840262308371202 17.08036796864872 18.32047362892624 19.56057928920376 20.80068494948128 22.040790609758798 23.280896270036315 24.521001930315954 25.76110759059347 27.00121325087099 28.24131891114851 28.499160441850723 27.706939400303714 26.9147183587567 26.12249731720969 25.330276275662676 24.538055234115667 23.745834192568655 22.953613151021642 22.161392109474633 21.369171067926267 20.576950026379258 19.784728984832245 19.361525265267584 19.33280941042461 19.30409355558163 19.275377700738655 19.246661845895677 19.2179459910527 19.189230136209723 19.160514281366748 19.13179842652377 19.103082571680794 19.074366716837766 19.04565086199479 18.92279199458817 18.699292116952794 18.475792239317414 18.252292361682038 18.028792484046658 17.80529260641128 17.581792728775902 17.358292851140526 17.134792973505146
14.227125138473605 15.453246137031707 16.67936713558981 17.905488134147912 19.131609132706014 20.357730131264116 21.583851129822218 22.809972128380316 24.03609312694051 25.262214125498613 26.488335124056718 27.71445612261482 27.972091663531298 27.194394344154055 26.41669702477681 25.638999705399563 24.86130238602232 24.083605066645077 23.30590774726783 22.528210427890585 21.750513108513342 20.97281578913477 20.195118469757524 19.41742115038028 18.994256233510313 18.95009447478052 18.905932716050728 18.861770957320935 18.817609198591143 18.77344743986135 18.72928568113156 18.68512392240177 18.640962163671976 18.596800404942183 18.552638646212316 18.508476887482523 18.3964319385471 18.211818323559825 18.027204708572548 17.842591093585273 17.657977478598 17.473363863610725 17.28875024862345 17.104136633636177 16.919523018648903
13.854093628853846 15.066229965692543 16.27836630253124 17.490502639369936 18.702638976208632 19.91477531304733 21.126911649886022 22.339047986724722 23.551184323565483 24.76332066040418 25.975456997242876 27.18759333408157 27.44502288521232 26.68184928800483 25.91867569079734 25.155502093589853 24.392328496382362 23.62915489917487 22.86598130196738 22.10280770475989 21.3396341075524 20.57646051034361 19.813286913136118 19.050113315928627 18.626987201753348 18.567379539136752 18.50777187652016 18.448164213903567 18.38855655128697 18.32894888867038 18.269341226053786 18.20973356343719 18.150125900820598 18.090518238204005 18.03091057558731 17.971302912970717 17.870071882506476 17.72434453016727 17.578617177828065 17.43288982548886 17.287162473149657 17.141435120810453 16.995707768471245 16.84998041613204 16.704253063792837
13.481062119234087 14.679213794353377 15.877365469472668 17.075517144591956 18.273668819711247 19.47182049483054 20.66997216994983 21.86812384506912 23.06627552019045 24.264427195309743 25.462578870429034 26.660730545548322 26.91795410689334 26.169304231855605 25.42065435681787 24.672004481780135 23.9233546067424 23.174704731704665 22.42605485666693 21.677404981629195 20.92875510659146 20.180105231552446 19.43145535651471 18.682805481476976 18.259718169996383 18.184664603492987 18.10961103698959 18.0345574704862 17.959503903982803 17.884450337479407 17.80939677097601 17.734343204472616 17.65928963796922 17.584236071465828 17.509182504962304 17.434128938458908 17.34371182646585 17.236870736774716 17.130029647083582 17.023188557392448 16.916347467701314 16.809506378010177 16.702665288319043 16.59582419862791 16.48898310893677
13.108030609614328 14.292197623014212 15.476364636414097 16.660531649813983 17.844698663213865 19.02886567661375 20.213032690013634 21.39719970341352 22.581366716815424 23.76553373021531 24.949700743615193 26.133867757015075 26.390885328574363 25.656759175706384 24.9226330228384 24.18850686997042 23.454380717102442 22.72025456423446 21.98612841136648 21.2520022584985 20.51787610563052 19.783749952761287 19.049623799893304 18.315497647025325 17.89244913823942 17.801949667849225 17.711450197459026 17.62095072706883 17.530451256678635 17.439951786288436 17.34945231589824 17.25895284550804 17.168453375117846 17.07795390472765 16.987454434337298 16.8969549639471 16.817351770425226 16.749396943382163 16.6814421163391 16.613487289296035 16.54553246225297 16.477577635209904 16.40962280816684 16.341667981123777 16.273713154080713
12.734999099994567 13.905181451675046 15.075363803355526 16.245546155036003 17.415728506716484 18.585910858396964 19.75609321007744 20.92627556175792 22.096457913440396 23.266640265120873 24.43682261680135 25.60700496848183 25.863816550255386 25.14421411955716 24.424611688858935 23.705009258160707 22.98540682746248 22.265804396764256 21.54620196606603 20.8265995353678 20.106997104669578 19.387394673970125 18.667792243271897 17.948189812573673 17.525180106482455 17.419234732205457 17.31328935792846 17.207343983651462 17.101398609374463 16.995453235097465 16.889507860820466 16.783562486543467 16.677617112266468 16.57167173798947 16.465726363712292 16.359780989435293 16.290991714384603 16.26192314998961 16.232854585594616 16.20378602119962 16.174717456804625 16.145648892409632 16.11658032801464 16.08751176361964 16.058443199224648
12.361967590374807 13.51816528033588 14.674362970296954 15.830560660258026 16.986758350219098 18.142956040180174 19.299153730141246 20.455351420102318 21.611549110065365 22.767746800026437 23.923944489987512 25.08014217994858 25.336747771936405 24.631669063407934 23.926590354879462 23.22151164635099 22.516432937822522 21.81135422929405 21.10627552076558 20.401196812237107 19.696118103708635 18.991039395178962 18.28596068665049 17.580881978122022 17.157911074725494 17.036519796561695 16.915128518397893 16.793737240234094 16.672345962070295 16.550954683906493 16.429563405742694 16.308172127578892 16.186780849415094 16.06538957125129 15.943998293087285 15.822607014923484 15.764631658343978 15.774449356597055 15.78426705485013 15.794084753103206 15.803902451356281 15.813720149609358 15.823537847862433 15.83335554611551 15.843173244368584
11.98893608075505 13.131149108996716 14.273362137238385 15.415575165480051 16.55778819372172 17.700001221963387 18.842214250205053 19.984427278446724 21.126640306690337 22.268853334932004 23.411066363173674 24.553279391415337 24.80967899361743 24.119124007258712 23.428569020899992 22.738014034541276 22.04745904818256 21.356904061823844 20.666349075465128 19.97579408910641 19.285239102747695 18.5946841163878 17.904129130029084 17.213574143670368 16.790642042968532 16.65380486091793 16.516967678867328 16.380130496816726 16.243293314766124 16.106456132715522 15.96961895066492 15.832781768614318 15.695944586563716 15.559107404513114 15.422270222462277 15.285433040411677 15.238271602303355 15.286975563204502 15.335679524105647 15.384383485006794 15.433087445907939 15.481791406809085 15.53049536771023 15.579199328611377 15.627903289512522
11.61590457113497 12.744132937657222 13.87236130417947 15.000589670701721 16.128818037223972 17.257046403746223 18.38527477026847 19.51350313679072 20.641731503314894 21.769959869837145 22.898188236359395 24.026416602881646 24.282610215298 23.60657895110905 22.9305476869201 22.25451642273115 21.578485158542204 20.902453894353254 20.226422630164304 19.550391365975354 18.874360101786404 18.1983288375963 17.52229757340735 16.8462663092184 16.423373011211254 16.271089925273838 16.118806839336422 15.966523753399004 15.814240667461586 15.66195758152417 15.509674495586754 15.357391409649336 15.20510832371192 15.052825237774503 14.900542151836827 14.748259065899411 14.711911546262282 14.799501769811531 14.88709199336078 14.974682216910029 15.062272440459278 15.149862664008529 15.237452887557778 15.325043111107027 15.412633334656276
11.242873061515212 12.357116766318057 13.471360471120901 14.585604175923745 15.699847880726589 16.814091585529432 17.928335290332278 19.04257899513512 20.156822699939866 21.271066404742708 22.38531010954555 23.499553814348396 23.75554143697902 23.094033894959825 22.43252635294063 21.771018810921436 21.10951126890224 20.448003726883044 19.78649618486385 19.124988642844656 18.46348110082546 17.801973558805138 17.140466016785943 16.47895847476675 16.05610397945429 15.888374989630071 15.720645999805853 15.552917009981634 15.385188020157416 15.217459030333197 15.04973004050898 14.882001050684762 14.714272060860543 14.546543071036325 14.378814081211821 14.211085091387602 14.185551490221659 14.312027976418978 14.438504462616297 14.564980948813616 14.691457435010935 14.817933921208255 14.944410407405574 15.070886893602893 15.197363379800214
10.751776856774566 11.801466990909688 12.85115712504481 13.900847259179933 14.950537393315056 16.00022752745018 17.0499176615853 18.099607795720424 19.149297929857333 20.19898806399246 21.24867819812758 22.298368332262704 22.53736086711675 21.90969933125214 21.282037795387527 20.65437625952292 20.02671472365831 19.399053187793697 18.771391651929086 18.143730116064475 17.516068580199864 16.888407044334183 16.260745508469572 15.633083972604961 15.227280592084108 15.058648598268064 14.890016604452018 14.721384610635974 14.55275261681993 14.384120623003886 14.215488629187842 14.046856635371798 13.878224641555754 13.709592647739708 13.540960653923376 13.372328660107332 13.35318558906928 13.493849558370158 13.634513527671036 13.775177496971914 13.915841466272791 14.05650543557367 14.197169404874547 14.337833374175425 14.478497343476304
10.134476935811222 11.065558523503942 11.99664011119666 12.92772169888938 13.858803286582098 14.789884874274819 15.720966461967539 16.65204804966026 17.583129637354563 18.514211225047283 19.445292812740004 20.376374400432724 20.5804253601517 20.00726413393434 19.43410290771698 18.860941681499618 18.287780455282256 17.714619229064894 17.141458002847536 16.568296776630174 15.995135550412813 15.421974324194474 14.848813097977114 14.275651871759752 13.905084695196852 13.751095140584521 13.59710558597219 13.443116031359862 13.289126476747532 13.135136922135201 12.98114736752287 12.827157812910542 12.673168258298212 12.519178703685881 12.365189149073288 12.21119959446096 12.193718730264585 12.322168744360214 12.45061875845584 12.579068772551468 12.707518786647096 12.835968800742723 12.96441881483835 13.092868828933979 13.221318843029605
9.517177014847878 10.329650056098194 11.14212309734851 11.954596138598825 12.767069179849141 13.579542221099459 14.392015262349775 15.20448830360009 16.016961344851794 16.829434386102108 17.641907427352425 18.454380468602743 18.623489853186648 18.10482893661654 17.586168020046426 17.067507103476316 16.548846186906204 16.030185270336094 15.511524353765983 14.992863437195872 14.474202520625761 13.955541604054766 13.436880687484654 12.918219770914543 12.582888798309595 12.443541682900978 12.304194567492363 12.164847452083748 12.025500336675131 11.886153221266516 11.7468061058579 11.607458990449285 11.468111875040668 11.328764759632053 11.1894176442232 11.050070528814583 11.03425187145989 11.150487930350268 11.266723989240644 11.382960048131022 11.499196107021397 11.615432165911775 11.731668224802153 11.847904283692529 11.964140342582906
8.899877093884534 9.593741588692446 10.28760608350036 10.981470578308272 11.675335073116187 12.369199567924099 13.063064062732014 13.756928557539926 14.450793052349024 15.144657547156935 15.838522041964849 16.532386536772762 16.6665543462216 16.20239373929874 15.738233132375877 15.274072525453015 14.809911918530155 14.345751311607293 13.881590704684431 13.41743009776157 12.953269490838709 12.489108883915057 12.024948276992195 11.560787670069335 11.260692901422338 11.135988225217437 11.011283549012536 10.886578872807634 10.761874196602733 10.637169520397832 10.51246484419293 10.387760167988029 10.263055491783128 10.138350815578226 10.013646139373112 9.88894146316821 9.874785012655197 9.978807116340322 10.082829220025449 10.186851323710576 10.290873427395702 10.394895531080827 10.498917634765954 10.60293973845108 10.706961842136208
8.282577172920663 8.85783312128607 9.43308906965148 10.00834501801689 10.583600966382297 11.158856914747705 11.734112863113115 12.309368811478524 12.884624759844915 13.459880708210322 14.03513665657573 14.61039260494114 14.709618839254878 14.299958541979313 13.890298244703748 13.480637947428184 13.070977650152619 12.661317352877054 12.25165705560149 11.841996758325925 11.43233646105036 11.022676163774097 10.613015866498532 10.203355569222968 9.938497004533954 9.82843476753278 9.718372530531605 9.60831029353043 9.498248056529256 9.388185819528081 9.278123582526907 9.168061345525732 9.057999108524557 8.947936871523384 8.83787463452202 8.727812397520847 8.715318153849513 8.807126302329378 8.898934450809245 8.99074259928911 9.082550747768975 9.17435889624884 9.266167044728705 9.35797519320857 9.449783341688438
7.66527725195732 8.121924653880326 8.578572055803331 9.035219457726337 9.491866859649342 9.948514261572347 10.405161663495353 10.86180906541836 11.318456467342143 11.775103869265148 12.231751271188154 12.688398673111159 12.752683332289827 12.397523344661511 12.042363357033198 11.687203369404882 11.332043381776566 10.976883394148253 10.621723406519937 10.266563418891621 9.911403431263306 9.556243443634386 9.20108345600607 8.845923468377755 8.616301107646695 8.520881309849235 8.425461512051776 8.330041714254316 8.234621916456856 8.139202118659396 8.043782320861935 7.948362523064475 7.852942725267015 7.757522927469555 7.662103129671932 7.566683331874472 7.5558512950448184 7.635445488319434 7.715039681594048 7.794633874868663 7.874228068143278 7.953822261417893 8.033416454692508 8.113010647967123 8.192604841241739
7.047977330993976 7.386016186474578 7.724055041955181 8.062093897435783 8.400132752916385 8.738171608396987 9.07621046387759 9.414249319358193 9.752288174839371 10.090327030319974 10.428365885800577 10.766404741281178 10.795747825324776 10.495088147343711 10.194428469362645 9.89376879138158 9.593109113400516 9.29244943541945 8.991789757438385 8.69113007945732 8.390470401476254 8.089810723494676 7.789151045513611 7.488491367532546 7.294105210759439 7.213327852165693 7.132550493571947 7.051773134978202 6.970995776384456 6.89021841779071 6.809441059196964 6.728663700603219 6.647886342009473 6.567108983415727 6.486331624821844 6.405554266228098 6.396384436240123 6.463764674309488 6.531144912378853 6.598525150448217 6.665905388517581 6.733285626586946 6.8006658646563105 6.868046102725675 6.93542634079504
