Figures/CREST_Example_wjb_NSE/Rolling_result/20100722/BJP_forecast/ens_21/wjb.rain.20100727.asc
ncols            288
nrows            254
xllcorner        113.274861
yllcorner        31.4918055
cellsize         0.008333333333
NODATA_value     -9999
[rows 120 to 139 of 254, columns 135 to 179 of 288]
1.744067973033869 1.701467987529571 1.658868002025273 1.6162680165209748 1.5736680310166768 1.5310680455123789 1.4884680600080806 1.4458680745037826 1.403268088999412 1.3606681034951138 1.3180681179908158 1.2754681324865178 1.2398936570465433 1.211829610774634 1.1837655645027245 1.1557015182308152 1.127637471958906 1.0995734256869967 1.0715093794150874 1.0434453331431779 1.0153812868712686 0.9873172405993115 0.9592531943274021 0.9311891480554928 0.891029205003839 0.8379384746739569 0.7848477443440748 0.7317570140141927 0.6786662836843105 0.6255755533544284 0.5724848230245463 0.5193940926946641 0.46630336236478204 0.4132126320348999 0.3601219017049272 0.3070311713750451 0.27813079387837175 0.27509045081897027 0.2720501077595688 0.2690097647001673 0.2659694216407658 0.26292907858136433 0.25988873552196284 0.25684839246256136 0.2538080494031599
1.8023204145371263 1.7580494582188786 1.713778501900631 1.6695075455823833 1.6252365892641356 1.5809656329458879 1.5366946766276401 1.4924237203093924 1.4481527639910692 1.4038818076728214 1.3596108513545737 1.3153398950363262 1.279259813687328 1.2519359629490323 1.2246121122107365 1.1972882614724407 1.169964410734145 1.1426405599958491 1.1153167092575533 1.0879928585192575 1.0606690077809617 1.0333451570426195 1.0060213063043237 0.9786974555660279 0.9338526673296443 0.8702776005675464 0.8067025338054485 0.7431274670433505 0.6795524002812526 0.6159773335191547 0.5524022667570567 0.48882719999495877 0.4252521332328608 0.3616770664707629 0.29810199970855655 0.23452693294645865 0.20250523378923121 0.20421479843373214 0.20592436307823303 0.20763392772273395 0.20934349236723487 0.21105305701173577 0.2127626216562367 0.21447218630073758 0.2161817509452385
1.7604929191509904 1.7167302872473333 1.672967655343676 1.629205023440019 1.585442391536362 1.5416797596327048 1.4979171277290475 1.4541544958253905 1.4103918639216588 1.3666292320180016 1.3228666001143443 1.2791039682106873 1.2452893019198432 1.2221092358811265 1.1989291698424096 1.175749103803693 1.1525690377649762 1.1293889717262595 1.1062089056875428 1.083028839648826 1.0598487736101092 1.036668707571353 1.0134886415326363 0.9903085754939195 0.9471961705741958 0.8827756445022261 0.8183551184302563 0.7539345923582865 0.6895140662863168 0.625093540214347 0.5606730141423772 0.49625248807040756 0.43183196199843776 0.3674114359264681 0.30299090985438837 0.23857038378241868 0.20626162750125118 0.2082810795913106 0.21030053168137 0.21231998377142944 0.21433943586148885 0.21635888795154826 0.2183783400416077 0.2203977921316671 0.2224172442217265
1.7186654237648544 1.6754111162757879 1.6321568087867213 1.5889025012976548 1.5456481938085882 1.5023938863195216 1.459139578830455 1.4158852713413885 1.3726309638522483 1.329376656363182 1.2861223488741151 1.2428680413850488 1.2113187901523585 1.1922825088132207 1.1732462274740831 1.1542099461349453 1.1351736647958075 1.11613738345667 1.097101102117532 1.0780648207783945 1.0590285394392567 1.0399922581000864 1.0209559767609488 1.001919695421811 0.9605396738187474 0.8952736884369058 0.8300077030550642 0.7647417176732226 0.699475732291381 0.6342097469095395 0.5689437615276979 0.5036777761458563 0.4384117907640147 0.3731458053821731 0.3078798200002203 0.2426138346183787 0.21001802121327112 0.21234736074888905 0.21467670028450697 0.2170060398201249 0.21933537935574282 0.22166471889136075 0.22399405842697867 0.2263233979625966 0.22865273749821452
1.6768379283786827 1.634091945304207 1.5913459622297317 1.5485999791552563 1.5058539960807806 1.4631080130063052 1.4203620299318298 1.3776160468573542 1.3348700637828057 1.2921240807083303 1.2493780976338549 1.2066321145593792 1.1773482783848448 1.1624557817452896 1.1475632851057345 1.1326707884661793 1.1177782918266241 1.102885795187069 1.0879932985475138 1.0731008019079586 1.0582083052684035 1.043315808628823 1.0284233119892678 1.0135308153497127 0.9738831770633103 0.9077717323715961 0.841660287679882 0.7755488429881678 0.7094373982964538 0.6433259536047398 0.5772145089130256 0.5111030642213115 0.4449916195295973 0.3788801748378833 0.31276873014605644 0.2466572854543423 0.21377441492529428 0.21641364190647097 0.21905286888764766 0.22169209586882435 0.22433132285000104 0.22697054983117776 0.22960977681235445 0.23224900379353114 0.23488823077470783
1.6350104329925468 1.5927727743326618 1.550535115672777 1.508297457012892 1.466059798353007 1.423822139693122 1.3815844810332372 1.3393468223733522 1.2971091637133954 1.2548715050535104 1.2126338463936255 1.1703961877337405 1.14337776661736 1.1326290546773838 1.1218803427374078 1.1111316307974317 1.1003829188574554 1.0896342069174794 1.0788854949775033 1.0681367830375272 1.057388071097551 1.0466393591575567 1.0358906472175806 1.0251419352776043 0.987226680307862 0.9202697763062759 0.85331287230469 0.7863559683031041 0.7193990643015181 0.6524421602999322 0.5854852562983462 0.5185283522967603 0.45157144829517437 0.38461454429358843 0.31765764029188825 0.2507007362903023 0.2175308086373142 0.2204799230640494 0.2234290374907846 0.2263781519175198 0.22932726634425502 0.23227638077099022 0.23522549519772543 0.23817460962446063 0.24112372405119584
1.5931829376064106 1.5514536033611162 1.509724269115822 1.4679949348705277 1.4262656006252334 1.384536266379939 1.3428069321346447 1.3010775978893503 1.259348263643985 1.2176189293986905 1.1758895951533963 1.1341602609081018 1.1094072548498752 1.1028023276094783 1.096197400369081 1.0895924731286841 1.082987545888287 1.0763826186478898 1.0697776914074928 1.0631727641670956 1.0565678369266984 1.0499629096862901 1.0433579824458932 1.036753055205496 1.0005701835524135 0.9327678202409557 0.8649654569294979 0.7971630936180402 0.7293607303065824 0.6615583669951247 0.593756003683667 0.5259536403722093 0.45815127706075154 0.3903489137492937 0.3225465504377204 0.2547441871262627 0.2212872023493342 0.22454620422162788 0.2278052060939216 0.2310642079662153 0.23432320983850902 0.2375822117108027 0.24084121358309643 0.24410021545539012 0.24735921732768384
1.5513554422202747 1.510134432389571 1.4689134225588671 1.4276924127281634 1.3864714028974596 1.345250393066756 1.3040293832360523 1.2628083734053486 1.2215873635745744 1.1803663537438709 1.1391453439131671 1.0979243340824634 1.0754367430823906 1.0729756005415725 1.0705144580007544 1.0680533154599363 1.0655921729191182 1.0631310303783001 1.060669887837482 1.058208745296664 1.055747602755846 1.0532864602150238 1.0508253176742057 1.0483641751333876 1.013913686796965 0.9452658641756353 0.8766180415543058 0.8079702189329762 0.7393223963116466 0.670674573690317 0.6020267510689875 0.5333789284476579 0.4647311058263284 0.39608328320499875 0.3274354605835522 0.2587876379622226 0.2250435960613541 0.2286124853792063 0.23218137469705855 0.23575026401491075 0.23931915333276296 0.24288804265061517 0.2464569319684674 0.2500258212863196 0.2535947106041718
1.5095279468341385 1.4688152614180254 1.4281025760019121 1.387389890585799 1.346677205169686 1.3059645197535728 1.2652518343374597 1.2245391489213464 1.1838264635051639 1.1431137780890508 1.1024010926729377 1.0616884072568245 1.0414662313149057 1.0431488734736667 1.0448315156324277 1.0465141577911887 1.0481967999499495 1.0498794421087105 1.0515620842674716 1.0532447264262323 1.0549273685849934 1.0566100107437573 1.0582926529025183 1.059975295061279 1.0272571900415164 0.957763908110315 0.8882706261791136 0.8187773442479123 0.7492840623167109 0.6797907803855094 0.6102974984543081 0.5408042165231067 0.47131093459190543 0.401817652660704 0.33232437072938414 0.26283108879818273 0.22879998977337404 0.23267876653678476 0.2365575433001955 0.2404363200636062 0.24431509682701694 0.24819387359042766 0.25207265035383836 0.2559514271172491 0.2598302038806598
1.4677004514480025 1.42749609044648 1.3872917294449574 1.347087368443435 1.3068830074419124 1.2666786464403899 1.2264742854388673 1.1862699244373447 1.1460655634357537 1.1058612024342311 1.0656568414327086 1.025452480431186 1.007495719547421 1.0133221464057611 1.019148573264101 1.0249750001224411 1.030801426980781 1.0366278538391211 1.042454280697461 1.048280707555801 1.054107134414141 1.059933561272491 1.065759988130831 1.071586414989171 1.040600693286068 0.9702619520449949 0.8999232108039217 0.8295844695628485 0.7592457283217753 0.6889069870807021 0.6185682458396289 0.5482295045985557 0.4778907633574825 0.4075520221164093 0.3372132808752162 0.266874539634143 0.232556383485394 0.23674504769436322 0.24093371190333246 0.2451223761123017 0.24931104032127094 0.2534997045302402 0.2576883687392094 0.2618770329481786 0.26606569715714784
1.4258729560618664 1.3861769194749345 1.3464808828880026 1.3067848463010705 1.2670888097141386 1.2273927731272067 1.1876967365402749 1.1480006999533428 1.1083046633663431 1.0686086267794113 1.0289125901924792 0.9892165536055473 0.9735252077799363 0.9834954193378553 0.9934656308957743 1.0034358424536933 1.0134060540116123 1.0233762655695313 1.0333464771274503 1.0433166886853695 1.0532869002432885 1.0632571118012244 1.0732273233591436 1.0831975349170626 1.0539441965306195 0.9827599959796746 0.9115757954287296 0.8403915948777845 0.7692073943268396 0.6980231937758945 0.6268389932249495 0.5556547926740045 0.48447059212305954 0.41328639157211444 0.3421021910210481 0.2709179904701031 0.23631277719741395 0.24081132885194168 0.24530988050646943 0.24980843216099716 0.2543069838155249 0.25880553547005264 0.26330408712458037 0.2678026387791081 0.2723011904336359
1.3840454606756947 1.3448577485033537 1.305670036331013 1.266482324158672 1.227294611986331 1.18810689981399 1.1489191876416491 1.1097314754693084 1.0705437632969006 1.0313560511245596 0.9921683389522187 0.9529806267798778 0.9395546960124226 0.9536686922699241 0.9677826885274258 0.9818966847849273 0.996010681042429 1.0101246772999306 1.024238673557432 1.0383526698149337 1.0524666660724353 1.066580662329961 1.0806946585874626 1.094808654844964 1.0672876997751823 0.9952580399143649 0.9232283800535473 0.8511987201927298 0.7791690603319121 0.7071394004710947 0.635109740610277 0.5630800807494596 0.49105042088864204 0.4190207610278245 0.34699110116688403 0.2749614413060665 0.2400691709094371 0.2448776100095236 0.24968604910961012 0.2544944882096966 0.2593029273097831 0.26411136640986965 0.26891980550995614 0.27372824461004264 0.27853668371012913
1.3422179652895587 1.3035385775318085 1.2648591897740582 1.2261798020163077 1.1875004142585575 1.1488210265008072 1.1101416387430567 1.0714622509853065 1.0327828632274902 0.9941034754697399 0.9554240877119895 0.9167446999542392 0.9055841842449379 0.9238419652020184 0.9420997461590991 0.9603575271161797 0.9786153080732602 0.9968730890303409 1.0151308699874215 1.033388650944502 1.0516464319015828 1.0699042128586944 1.088161993815775 1.1064197747728557 1.0806312030197338 1.0077560838490445 0.9348809646783551 0.8620058455076658 0.7891307263369765 0.7162556071662871 0.6433804879955978 0.5705053688249083 0.497630249654219 0.42475513048352964 0.35188001131271596 0.2790048921420266 0.24382556462145705 0.24894389116710208 0.25406221771274706 0.2591805442583921 0.26429887080403713 0.2694171973496821 0.27453552389532715 0.2796538504409722 0.28477217698661716
1.409011776099731 1.3919882603180997 1.3749647445364686 1.3579412287548374 1.3409177129732062 1.323894197191575 1.3068706814099438 1.2898471656283126 1.2728236498466523 1.2558001340650211 1.23877661828339 1.2217531025017587 1.225414393988291 1.2511882123120581 1.2769620306358254 1.3027358489595926 1.3285096672833596 1.3542834856071269 1.380057303930894 1.4058311222546611 1.4316049405784284 1.4573787589022396 1.4831525772260066 1.5089263955497738 1.4954671493792038 1.44006686977498 1.3846665901707562 1.3292663105665325 1.2738660309623089 1.2184657513580852 1.1630654717538613 1.1076651921496377 1.052264912545414 0.9968646329411902 0.9414643533368721 0.8860640737326483 0.8649313165161756 0.8804313159666786 0.8959313154171814 0.9114313148676844 0.9269313143181873 0.9424313137686903 0.9579313132191931 0.9734313126696961 0.988931312120199
1.5919149156885144 1.6191526670735665 1.6463904184586189 1.6736281698436712 1.7008659212287236 1.7281036726137757 1.755341423998828 1.7825791753838804 1.8098169267689792 1.8370546781540313 1.8642924295390837 1.891530180924136 1.9234352712400047 1.9603298524429844 1.9972244336459641 2.034119014848944 2.0710135960519236 2.1079081772549033 2.144802758457883 2.1816973396608628 2.2185919208638425 2.255486502066885 2.2923810832698646 2.3292756644728443 2.339473207130156 2.3211310116697623 2.302788816209369 2.2844466207489758 2.2661044252885825 2.2477622298281887 2.2294200343677955 2.211077838907402 2.192735643447009 2.174393447986615 2.156051252526191 2.137709057065797 2.145944614274453 2.182592390355062 2.219240166435671 2.25588794251628 2.2925357185968895 2.3291834946774985 2.3658312707581075 2.4024790468387165 2.4391268229193255
1.7748180552772979 1.8463170738290338 1.9178160923807697 1.9893151109325053 2.0608141294842413 2.132313148035977 2.203812166587713 2.275311185139449 2.3468102036913066 2.4183092222430425 2.4898082407947784 2.5613072593465143 2.621456148491719 2.669471492573911 2.7174868366561036 2.7655021807382956 2.8135175248204876 2.8615328689026795 2.909548212984872 2.957563557067064 3.005578901149256 3.05359424523153 3.101609589313722 3.1496249333959145 3.1834792648811074 3.2021951535645443 3.220911042247981 3.239626930931418 3.2583428196148554 3.2770587082982923 3.295774596981729 3.314490485665166 3.3332063743486033 3.35192226303204 3.370638151715509 3.389354040398946 3.4269579120327305 3.484753464743446 3.5425490174541614 3.600344570164877 3.658140122875592 3.7159356755863073 3.773731228297023 3.8315267810077382 3.8893223337184537
1.9577211948660813 2.0734814805845008 2.1892417663029202 2.3050020520213397 2.4207623377397587 2.536522623458178 2.6522829091765976 2.768043194895017 2.8838034806136337 2.999563766332053 3.1153240520504726 3.231084337768892 3.3194770257434336 3.3786131327048383 3.4377492396662426 3.4968853466276473 3.5560214535890515 3.6151575605504562 3.6742936675118605 3.733429774473265 3.79256588143467 3.851701988396175 3.9108380953575796 3.969974202318984 4.027485322632058 4.083259295459326 4.139033268286593 4.19480724111386 4.250581213941128 4.306355186768395 4.362129159595663 4.41790313242293 4.473677105250197 4.529451078077465 4.585225050904827 4.640999023732094 4.707971209791008 4.786914539131829 4.865857868472651 4.944801197813473 5.023744527154295 5.102687856495116 5.181631185835938 5.26057451517676 5.339517844517582
2.140624334455021 2.3006458873401616 2.4606674402253024 2.620688993110443 2.780710545995584 2.9407320988807246 3.1007536517658654 3.260775204651006 3.4207967575364195 3.5808183104215603 3.740839863306701 3.9008614161918413 4.017497902995744 4.0877547728363695 4.158011642676996 4.228268512517623 4.298525382358249 4.3687822521988755 4.439039122039501 4.509295991880128 4.579552861720755 4.649809731561501 4.720066601402127 4.790323471242753 4.87149138038373 4.964323437354859 5.057155494325988 5.149987551297118 5.242819608268247 5.335651665239377 5.428483722210506 5.521315779181635 5.614147836152765 5.7069798931238935 5.799811950095181 5.892644007066311 5.988984507550378 6.089075613521324 6.1891667194922695 6.289257825463215 6.389348931434161 6.4894400374051076 6.589531143376053 6.689622249346999 6.789713355317945
2.3235274740438046 2.5278102940956284 2.7320931141474527 2.936375934199277 3.140658754251101 3.344941574302925 3.5492243943547495 3.7535072144065733 3.957790034458746 4.16207285451057 4.366355674562394 4.570638494614219 4.715518780247457 4.796896412967296 4.878274045687135 4.959651678406974 5.041029311126813 5.122406943846651 5.20378457656649 5.285162209286329 5.366539842006168 5.447917474726146 5.529295107445985 5.610672740165824 5.7154974381346815 5.845387579249642 5.975277720364601 6.105167861479561 6.235058002594521 6.36494814370948 6.49483828482444 6.6247284259393995 6.75461856705436 6.884508708169319 7.0143988492845 7.14428899039946 7.269997805308655 7.391236687909707 7.51247557051076 7.6337144531118115 7.754953335712864 7.876192218313916 7.997431100914969 8.118669983516021 8.239908866117073
2.506430613632588 2.7549747008510956 3.003518788069603 3.252062875288111 3.5006069625066187 3.7491510497251266 3.9976951369436344 4.246239224162142 4.494783311381074 4.743327398599581 4.991871485818089 5.240415573036596 5.413539657499172 5.506038053098223 5.598536448697274 5.6910348442963254 5.783533239895377 5.876031635494428 5.968530031093479 6.0610284266925305 6.153526822291582 6.246025217890791 6.338523613489842 6.431022009088894 6.559503495885633 6.726451721144423 6.893399946403213 7.060348171662003 7.227296396920793 7.394244622179584 7.561192847438374 7.728141072697164 7.895089297955954 8.062037523214745 8.228985748473818 8.395933973732609 8.551011103066932 8.69339776229809 8.83578442152925 8.978171080760408 9.120557739991566 9.262944399222725 9.405331058453884 9.547717717685043 9.690104376916201
