Figures/CREST_Example_wjb_NSE/Rolling_result/20100722/BJP_forecast/ens_21/wjb.rain.20100728.asc
ncols            288
nrows            254
xllcorner        113.274861
yllcorner        31.4918055
cellsize         0.008333333333
NODATA_value     -9999
[rows 108 to 134 of 254, columns 60 to 119 of 288]
5.511228221087543 5.754912408778255 5.998596596468966 5.952854794309511 5.597710066665291 5.242565339020467 4.887420611376248 4.532275883732029 4.17713115608781 3.821986428443591 3.4668417007993724 3.111696973155153 2.7565522455109344 2.401407517866715 2.046262790222496 1.8618426388629215 1.8599309190498146 1.8580191992367074 1.8561074794235972 1.85419575961049 1.852284039797383 1.850372319984276 1.848460600171169 1.846548880358062 1.844637160544955 1.8427254407318479 1.840813720918741 1.8236779548353697 1.7902673390942907 1.7568567233532117 1.7234461076121328 1.6900354918709968 1.6566248761299178 1.6232142603888389 1.58980364464776 1.5563930289066807 1.5229824131656018 1.4895717974245228 1.4561611816834439 1.3809445464277317 1.2610363310483845 1.1411281156690372 1.0212199002896898 0.9013116849103425 0.7814034695307908 0.6614952541514434 0.5415870387720961 0.42167882339274887 0.3017706080134015 0.18186239263405413 0.061954177254706755 0.0 0.0 0.0 0.0 0.0 0.0 0.0 0.0 0.0
5.3977276146991375 5.649990282581751 5.902252950464364 5.8618009460798906 5.5084303403678865 5.15505973465528 4.801689128943276 4.448318523231272 4.094947917519268 3.741577311807264 3.38820670609526 3.034836100383256 2.6814654946712517 2.328094888959248 1.9747242832472436 1.7917785075734831 1.7910207279325505 1.790262948291618 1.7895051686506842 1.7887473890097516 1.787989609368819 1.7872318297278864 1.7864740500869538 1.7857162704460212 1.7849584908050888 1.7842007111641562 1.7834429315232236 1.7659702504648291 1.7306289618901838 1.6952876733155382 1.6599463847408926 1.6246050961661869 1.5892638075915413 1.5539225190168957 1.5185812304422504 1.4832399418676048 1.4478986532929592 1.4125573647183138 1.3772160761436683 1.3042217241029144 1.1909753958555547 1.0777290676081952 0.9644827393608357 0.8512364111134761 0.7379900828659235 0.624743754618564 0.5114974263712044 0.39825109812384496 0.2850047698764855 0.1717584416291258 0.05851211338176632 0.0 0.0 0.0 0.0 0.0 0.0 0.0 0.0 0.0
5.015114896159355 5.247276631007686 5.4794383658560175 5.440530219972216 5.111842244181827 4.783154268390876 4.454466292600487 4.125778316810097 3.7970903410197074 3.4684023652293177 3.139714389438928 2.8110264136485386 2.482338437858149 2.153650462067759 1.8249624862773692 1.6540522079249549 1.6518098549473121 1.6495675019696696 1.647325148992023 1.6450827960143806 1.6428404430367378 1.6405980900590953 1.6383557370814525 1.63611338410381 1.6338710311261673 1.6316286781485247 1.629386325170882 1.612629763615323 1.5803571849436324 1.5480846062719418 1.5158120276002511 1.4835394489285054 1.4512668702568146 1.418994291585124 1.3867217129134333 1.3544491342417426 1.322176555570052 1.2899039768983611 1.2576313982266705 1.1909751990943518 1.0875621322526123 0.9841490654108729 0.8807359985691334 0.777322931727394 0.6739098648854782 0.5704967980437388 0.4670837312019993 0.36367066436025985 0.2602575975185204 0.15684453067678095 0.05343146383504149 0.0 0.0 0.0 0.0 0.0 0.0 0.0 0.0 0.0
4.632502177619245 4.844562979433277 5.0566237812473105 5.019259493864184 4.71525414799543 4.411248802126157 4.107243456257403 3.8032381103886483 3.4992327645198937 3.1952274186511396 2.891222072782385 2.587216726913631 2.283211381044876 1.9792060351761216 1.6752006893073674 1.5163259082763092 1.5125989819619552 1.5088720556476012 1.505145129333241 1.501418203018887 1.4976912767045332 1.4939643503901792 1.4902374240758252 1.4865104977614712 1.4827835714471171 1.4790566451327634 1.4753297188184094 1.4592892767656864 1.4300854079969532 1.40088153922822 1.3716776704594866 1.3424738016907036 1.3132699329219704 1.284066064153237 1.2548621953845038 1.2256583266157706 1.1964544578470373 1.167250589078304 1.1380467203095708 1.0777286740856924 0.9841488686495814 0.8905690632134705 0.7969892577773596 0.7034094523412486 0.6098296469049781 0.5162498414688672 0.4226700360327562 0.32909023059664533 0.23551042516053433 0.14193061972442345 0.04835081428831245 0.0 0.0 0.0 0.0 0.0 0.0 0.0 0.0 0.0
4.249889459079462 4.441849327859213 4.633809196638964 4.597988767756511 4.3186660518093705 4.039343335861754 3.760020619914614 3.4806979039674735 3.2013751880203336 2.9220524720731933 2.6427297561260534 2.363407040178913 2.084084324231773 1.804761608284633 1.5254388923374926 1.378599608627781 1.373388108976717 1.3681766093256529 1.36296510967458 1.357753610023516 1.352542110372452 1.3473306107213878 1.342119111070324 1.33690761141926 1.3316961117681958 1.3264846121171319 1.3212731124660677 1.3059487899161804 1.2798136310504018 1.2536784721846235 1.227543313318845 1.201408154453022 1.1752729955872436 1.149137836721465 1.1230026778556867 1.0968675189899082 1.0707323601241299 1.0445972012583513 1.018462042392573 0.9644821490771296 0.8807356050466388 0.796989061016148 0.7132425169856571 0.6294959729551663 0.5457494289245327 0.46200288489404184 0.3782563408635511 0.2945097968330602 0.21076325280256936 0.1270167087720786 0.043270164741587736 0.0 0.0 0.0 0.0 0.0 0.0 0.0 0.0 0.0
3.867276740539678 4.039135676285148 4.210994612030618 4.1767180416488365 3.922077955623311 3.667437869597351 3.412797783571825 3.158157697546299 2.9035176115207735 2.6488775254952475 2.3942374394697215 2.139597353444196 1.8849572674186699 1.6303171813931443 1.3756770953676183 1.2408733089792527 1.2341772359914787 1.2274811630037046 1.220785090015919 1.2140890170281449 1.2073929440403708 1.2006968710525967 1.1940007980648226 1.1873047250770485 1.1806086520892745 1.1739125791015004 1.1672165061137263 1.1526083030666743 1.1295418541038507 1.106475405141027 1.0834089561782034 1.0603425072153405 1.037276058252517 1.0142096092896933 0.9911431603268696 0.968076711364046 0.9450102624012224 0.9219438134383988 0.8988773644755752 0.8512356240685669 0.7773223414436962 0.7034090588188254 0.6294957761939547 0.5555824935690841 0.4816692109440872 0.4077559283192165 0.33384264569434574 0.259929363069475 0.18601608044460438 0.11210279781973365 0.03818951519486291 0.0 0.0 0.0 0.0 0.0 0.0 0.0 0.0 0.0
3.484664021999895 3.6364220247110834 3.7881800274222712 3.755447315541164 3.5254898594372523 3.2955324033329485 3.065574947229037 2.8356174911251255 2.605660035021214 2.375702578917302 2.1457451228133904 1.9157876667094786 1.685830210605567 1.4558727545016552 1.225915298397744 1.1031470093307245 1.0949663630062403 1.0867857166817563 1.078605070357258 1.0704244240327738 1.0622437777082898 1.0540631313838056 1.0458824850593214 1.0377018387348371 1.0295211924103531 1.0213405460858689 1.0131598997613847 0.9992678162171681 0.9792700771572993 0.9592723380974305 0.9392745990375617 0.9192768599776588 0.89927912091779 0.8792813818579213 0.8592836427980525 0.8392859037381837 0.8192881646783149 0.7992904256184461 0.7792926865585773 0.7379890990600041 0.6739090778407535 0.6098290566215029 0.5457490354022523 0.4816690141830017 0.4175889929636418 0.3535089717443912 0.2894289505251406 0.22534892930589 0.1612689080866394 0.0971888868673888 0.0331088656481382 0.0 0.0 0.0 0.0 0.0 0.0 0.0 0.0 0.0
3.1020513034601116 3.233708373137018 3.365365442813925 3.3341765894334903 3.128901763251193 2.9236269370685455 2.718352110886248 2.5130772847039506 2.307802458521653 2.1025276323393562 1.8972528061570588 1.6919779799747614 1.4867031537924642 1.2814283276101666 1.0761535014278696 0.9654207096821962 0.9557554900210019 0.9460902703598078 0.936425050698597 0.9267598310374028 0.9170946113762086 0.9074293917150144 0.8977641720538201 0.8880989523926259 0.8784337327314317 0.8687685130702375 0.8591032934090432 0.845927329367662 0.8289983002107482 0.8120692710538342 0.7951402418969202 0.7782112127399774 0.7612821835830634 0.7443531544261495 0.7274241252692355 0.7104950961123215 0.6935660669554076 0.6766370377984936 0.6597080086415796 0.6247425740514414 0.5704958142378109 0.5162490544241805 0.46200229461055 0.40775553479691945 0.35350877498319644 0.2992620151695659 0.24501525535593544 0.1907684955423049 0.13652173572867443 0.08227497591504396 0.028028216101413372 0.0 0.0 0.0 0.0 0.0 0.0 0.0 0.0 0.0
2.7194385849203275 2.830994721562953 2.9425508582055784 2.9129058633258165 2.7323136670651333 2.551721470804142 2.3711292745434593 2.190537078282776 2.009944882022093 1.82935268576141 1.648760489500727 1.468168293240044 1.2875760969793608 1.1069839007186777 0.9263917044579948 0.827694410033668 0.8165446170357636 0.8053948240378593 0.794245031039936 0.7830952380420317 0.7719454450441274 0.7607956520462231 0.7496458590483188 0.7384960660504146 0.7273462730525103 0.716196480054606 0.7050466870567017 0.6925868425181559 0.6787265232641968 0.6648662040102377 0.6510058847562785 0.6371455655022957 0.6232852462483366 0.6094249269943774 0.5955646077404183 0.5817042884864592 0.5678439692325001 0.5539836499785409 0.5401233307245819 0.5114960490428787 0.4670825506348683 0.4226690522268579 0.3782555538188475 0.3338420554108371 0.289428557002751 0.2450150585947406 0.2006015601867302 0.1561880617787198 0.1117745633707094 0.06736106496269906 0.02294756655468866 0.0 0.0 0.0 0.0 0.0 0.0 0.0 0.0 0.0
2.3368258663805443 2.428281069988888 2.519736273597232 2.491635137218143 2.3357255708790743 2.1798160045397394 2.0239064382006706 1.867996871861602 1.7120873055225332 1.5561777391834644 1.4002681728443955 1.244358606505327 1.088449040166258 0.9325394738271893 0.7766299074881204 0.6899681103851398 0.6773337440505255 0.6646993777159111 0.6520650113812752 0.6394306450466608 0.6267962787120465 0.6141619123774321 0.6015275460428178 0.5888931797082033 0.576258813373589 0.5636244470389746 0.5509900807043603 0.53924635566865 0.5284547463176457 0.5176631369666413 0.506871527615637 0.49607991826461423 0.4852883089136099 0.4744966995626056 0.4637050902116013 0.45291348086059696 0.4421218715095926 0.4313302621585883 0.42053865280758396 0.3982495240343159 0.36366928703192564 0.32908905002953537 0.2945088130271451 0.25992857602475483 0.22534833902230558 0.19076810201991531 0.15618786501752502 0.12160762801513475 0.08702739101274448 0.05244715401035421 0.017866917007963945 0.0 0.0 0.0 0.0 0.0 0.0 0.0 0.0 0.0
1.9542131478404348 2.02556741841448 2.096921688988525 2.0703644111101105 1.9391374746926768 1.8079105382750196 1.6766836018575861 1.5454566654401525 1.4142297290227193 1.2830027926052856 1.1517758561878522 1.0205489197704187 0.8893219833529853 0.7580950469355519 0.6268681105181182 0.5522418107364941 0.5381228710651684 0.5240039313938428 0.509884991722493 0.4957660520511673 0.4816471123798416 0.4675281727085159 0.4534092330371902 0.4392902933658645 0.4251713536945388 0.41105241402321313 0.3969334743518874 0.3859058688190131 0.37818296937096624 0.37046006992291936 0.3627371704748725 0.3550142710268124 0.3472913715787655 0.3395684721307186 0.33184557268267173 0.32412267323462485 0.31639977378657796 0.3086768743385311 0.3009539748904842 0.2850029990256566 0.26025602342889487 0.23550904783213306 0.21076207223537127 0.1860150966386095 0.16126812104180552 0.13652114544504373 0.11177416984828195 0.08702719425152017 0.062280218654758385 0.0375332430579966 0.012786267461234846 0.0 0.0 0.0 0.0 0.0 0.0 0.0 0.0 0.0
1.5716004293006516 1.6228537668404153 1.674107104380179 1.649093685002437 1.5425493785066178 1.4360050720106168 1.3294607655147976 1.2229164590189785 1.1163721525231591 1.00982784602734 0.9032835395315207 0.7967392330357015 0.6901949265398823 0.583650620044063 0.47710631354824384 0.4145155110879659 0.39891199807993016 0.38330848507189436 0.367704972063832 0.35210145905579626 0.33649794604776045 0.3208944330397247 0.30529092003168895 0.28968740702365314 0.2740838940156174 0.25848038100758164 0.2428768679995459 0.23256538196950702 0.22791119242441496 0.2232570028793229 0.21860281333423084 0.21394862378913085 0.2092944342440388 0.20464024469894673 0.19998605515385467 0.19533186560876262 0.19067767606367056 0.1860234865185785 0.18136929697348644 0.1717564740170939 0.15684275982595222 0.14192904563481057 0.1270153314436689 0.11210161725252721 0.0971879030613601 0.08227418887021842 0.06736047467907676 0.05244676048793509 0.03753304629679341 0.02261933210565173 0.007705617914510049 0.0 0.0 0.0 0.0 0.0 0.0 0.0 0.0 0.0
1.1889877107608682 1.2201401152663505 1.2512925197718325 1.2278229588947633 1.1459612823205585 1.064099605746214 0.9822379291720089 0.9003762525978041 0.818514576023599 0.7366528994493942 0.6547912228751892 0.5729295463009842 0.4910678697267793 0.40920619315257434 0.3273445165783694 0.2767892114394377 0.25970112509469184 0.242613038749946 0.22552495240517104 0.20843686606042522 0.19134877971567937 0.17426069337093353 0.1571726070261877 0.1400845206814419 0.12299643433669605 0.10590834799195023 0.08882026164720438 0.07922489512000094 0.07763941547786371 0.07605393583572648 0.07446845619358924 0.0728829765514493 0.07129749690931207 0.06971201726717484 0.06812653762503759 0.06654105798290036 0.06495557834076313 0.06337009869862589 0.06178461905648866 0.05850994900853118 0.05342949622300961 0.04834904343748805 0.043268590651966476 0.03818813786644491 0.03310768508091468 0.02802723229539312 0.022946779509871548 0.017866326724349985 0.012785873938828421 0.00770542115330685 0.0026249683677852867 0.0 0.0 0.0 0.0 0.0 0.0 0.0 0.0 0.0
0.9513788303833031 0.9713094244989345 0.9912400186145661 0.9694812944588969 0.9031557467042705 0.836830198949531 0.7705046511949046 0.7041791034402782 0.6378535556856519 0.5715280079310257 0.5052024601763992 0.43887691242177285 0.37255136466714656 0.30622581691252015 0.23990026915789386 0.19734904630441516 0.18021311422635636 0.16307718214829758 0.14594125007020955 0.12880531799215075 0.11166938591409196 0.09453345383603316 0.07739752175797437 0.06026158967991557 0.04312565760185677 0.025989725523797996 0.008853793445739194 0.0 0.0 0.0 0.0 0.0 0.0 0.0 0.0 0.0 0.0 0.0 0.0 0.0 0.0 0.0 0.0 0.0 0.0 0.0 0.0 0.0 0.0 0.0 0.0 0.0 0.0 0.0 0.0 0.0 0.0 0.0 0.0 0.0
0.8687699115836746 0.8869699176534662 0.9051699237232578 0.8853005254802062 0.8247340734861985 0.7641676214920875 0.7036011694980798 0.6430347175040722 0.5824682655100644 0.5219018135160567 0.461335361522049 0.40076890952804134 0.34020245753403366 0.2796360055400259 0.2190695535460182 0.18021308445546663 0.16456507787709757 0.1489170712987285 0.13326906472033276 0.11762105814196369 0.10197305156359462 0.08632504498522556 0.07067703840685649 0.055029031828487424 0.03938102525011836 0.02373301867174929 0.008085012093380223 0.0 0.0 0.0 0.0 0.0 0.0 0.0 0.0 0.0 0.0 0.0 0.0 0.0 0.0 0.0 0.0 0.0 0.0 0.0 0.0 0.0 0.0 0.0 0.0 0.0 0.0 0.0 0.0 0.0 0.0 0.0 0.0 0.0
0.7861609927840463 0.8026304108079978 0.8190998288319494 0.8011197565015158 0.7463124002681267 0.6915050440346442 0.6366976878012551 0.5818903315678661 0.527082975334477 0.4722756191010879 0.41746826286769884 0.3626609066343097 0.30785355040092066 0.2530461941675316 0.19823883793414254 0.16307712260651813 0.1489170415278388 0.13475696044915947 0.12059687937045599 0.10643679829177664 0.09227671721309731 0.07811663613441797 0.06395655505573863 0.0497964739770593 0.03563639289837997 0.02147631181970064 0.007316230741021279 0.0 0.0 0.0 0.0 0.0 0.0 0.0 0.0 0.0 0.0 0.0 0.0 0.0 0.0 0.0 0.0 0.0 0.0 0.0 0.0 0.0 0.0 0.0 0.0 0.0 0.0 0.0 0.0 0.0 0.0 0.0 0.0 0.0
0.7035520739843474 0.7182909039624575 0.7330297339405676 0.7169389875227534 0.6678907270499879 0.6188424665771387 0.5697942061043733 0.5207459456316077 0.47169768515884225 0.42264942468607675 0.37360116421331124 0.32455290374054574 0.27550464326778024 0.22645638279501468 0.17740812232224923 0.14594116075755503 0.13326900517856669 0.12059684959957834 0.1079246940205684 0.09525253844158005 0.08258038286259171 0.06990822728360338 0.05723607170461503 0.0445639161256267 0.031891760546638365 0.019219604967650017 0.006547449388661669 0.0 0.0 0.0 0.0 0.0 0.0 0.0 0.0 0.0 0.0 0.0 0.0 0.0 0.0 0.0 0.0 0.0 0.0 0.0 0.0 0.0 0.0 0.0 0.0 0.0 0.0 0.0 0.0 0.0 0.0 0.0 0.0 0.0
0.620943155184719 0.6339513971169892 0.6469596390492593 0.6327582185440629 0.5894690538319161 0.5461798891196954 0.5028907244075485 0.4596015596954016 0.4163123949832547 0.37302323027110784 0.32973406555896095 0.28644490084681407 0.24315573613466723 0.19986657142252034 0.15657740671037346 0.1288051989086065 0.11762096882930789 0.10643673875000928 0.0952525086706916 0.08406827859139299 0.07288404851209437 0.061699818432795775 0.05051558835349716 0.03933135827419855 0.02814712819489995 0.016962898115601338 0.005778668036302725 0.0 0.0 0.0 0.0 0.0 0.0 0.0 0.0 0.0 0.0 0.0 0.0 0.0 0.0 0.0 0.0 0.0 0.0 0.0 0.0 0.0 0.0 0.0 0.0 0.0 0.0 0.0 0.0 0.0 0.0 0.0 0.0 0.0
0.5383342363850905 0.5496118902715208 0.5608895441579509 0.5485774495653724 0.5110473806138441 0.47351731166225186 0.43598724271072364 0.3984571737591954 0.3609271048076672 0.323397035856139 0.28586696690461083 0.2483368979530826 0.2108068290015544 0.17327676005002618 0.13574669109849796 0.11166923705965799 0.10197293248004911 0.09227662790044022 0.08258032332081482 0.07288401874120594 0.06318771416159706 0.053491409581988184 0.043795105002379306 0.03409880042277043 0.02440249584316155 0.014706191263552673 0.0050098866839437955 0.0 0.0 0.0 0.0 0.0 0.0 0.0 0.0 0.0 0.0 0.0 0.0 0.0 0.0 0.0 0.0 0.0 0.0 0.0 0.0 0.0 0.0 0.0 0.0 0.0 0.0 0.0 0.0 0.0 0.0 0.0 0.0 0.0
0.4557253175854622 0.4652723834260524 0.47481944926664266 0.4643966805866819 0.4326257073957723 0.4008547342048085 0.36908376101389895 0.33731278782298935 0.30554181463207974 0.27377084144117014 0.2419998682502606 0.210228895059351 0.17845792186844145 0.14668694867753185 0.1149159754866223 0.09453327521070948 0.08632489613079034 0.07811651705087118 0.06990813797093803 0.061699758891018884 0.053491379811099735 0.045283000731180585 0.037074621651261436 0.02886624257134228 0.020657863491423137 0.012449484411503994 0.004241105331584838 0.0 0.0 0.0 0.0 0.0 0.0 0.0 0.0 0.0 0.0 0.0 0.0 0.0 0.0 0.0 0.0 0.0 0.0 0.0 0.0 0.0 0.0 0.0 0.0 0.0 0.0 0.0 0.0 0.0 0.0 0.0 0.0 0.0
0.3731163987858338 0.38093287658058406 0.3887493543753343 0.38021591160799134 0.3542040341777004 0.32819215674736507 0.30218027931707414 0.2761684018867832 0.2501565244564923 0.22414464702620132 0.1981327695959104 0.17212089216561946 0.14610901473532853 0.12009713730503757 0.09408525987474664 0.07739731336176096 0.07067685978153154 0.06395640620130214 0.05723595262106125 0.05051549904083183 0.04379504546060241 0.03707459188037299 0.030354138300143566 0.02363368471991415 0.016913231139684723 0.010192777559455315 0.003472323979225894 0.0 0.0 0.0 0.0 0.0 0.0 0.0 0.0 0.0 0.0 0.0 0.0 0.0 0.0 0.0 0.0 0.0 0.0 0.0 0.0 0.0 0.0 0.0 0.0 0.0 0.0 0.0 0.0 0.0 0.0 0.0 0.0 0.0
0.2905074799862054 0.2965933697351157 0.302679259484026 0.2960351426293008 0.2757823609596285 0.25552957928992165 0.2352767976202494 0.21502401595057707 0.19477123428090476 0.17451845261123247 0.15426567094156018 0.1340128892718879 0.11376010760221561 0.0935073259325433 0.07325454426287101 0.06026135151281246 0.055028823432272764 0.04979629535173308 0.04456376727118446 0.03933123919064477 0.03409871111010508 0.02886618302956539 0.023633654949025702 0.01840112686848601 0.013168598787946323 0.00793607070740663 0.0027035426268669366 0.0 0.0 0.0 0.0 0.0 0.0 0.0 0.0 0.0 0.0 0.0 0.0 0.0 0.0 0.0 0.0 0.0 0.0 0.0 0.0 0.0 0.0 0.0 0.0 0.0 0.0 0.0 0.0 0.0 0.0 0.0 0.0 0.0
0.20789856118657699 0.21225386288964732 0.21660916459271765 0.21185437365061024 0.19736068774155657 0.18286700183247823 0.16837331592342458 0.15387963001437094 0.13938594410531727 0.12489225819626362 0.11039857228720996 0.09590488637815632 0.08141120046910266 0.06691751456004902 0.052423828650995374 0.04312538966386394 0.039380787083013985 0.03563618450216402 0.03189158192130768 0.028146979340457717 0.024402376759607755 0.020657774178757794 0.016913171597907832 0.013168569017057874 0.009423966436207909 0.005679363855357951 0.001934761274507986 0.0 0.0 0.0 0.0 0.0 0.0 0.0 0.0 0.0 0.0 0.0 0.0 0.0 0.0 0.0 0.0 0.0 0.0 0.0 0.0 0.0 0.0 0.0 0.0 0.0 0.0 0.0 0.0 0.0 0.0 0.0 0.0 0.0
0.12528964238687818 0.12791435604410706 0.13053906970133594 0.12767360467184793 0.11893901452341785 0.11020442437497285 0.10146983422654277 0.09273524407811266 0.08400065392968256 0.07526606378125247 0.06653147363282237 0.057796883484392284 0.04906229333596218 0.040327703187532093 0.03159311303910199 0.02598942781490083 0.023732750733741866 0.021476073652582903 0.01921939657142009 0.01696271949026113 0.014706042409102166 0.012449365327943204 0.01019268824678424 0.007936011165625277 0.005679334084466317 0.0034226570033073535 0.00116597992214839 0.0 0.0 0.0 0.0 0.0 0.0 0.0 0.0 0.0 0.0 0.0 0.0 0.0 0.0 0.0 0.0 0.0 0.0 0.0 0.0 0.0 0.0 0.0 0.0 0.0 0.0 0.0 0.0 0.0 0.0 0.0 0.0 0.0
0.04268072358724975 0.04357484919863867 0.044468974810027574 0.0434928356931574 0.04051734130534595 0.037541846917529424 0.03456635252971797 0.03159085814190652 0.02861536375409507 0.025639869366283617 0.022664374978472165 0.019688880590660714 0.016713386202849262 0.01373789181503781 0.010762397427226358 0.008853465965952318 0.008084714384483084 0.00731596280301385 0.006547211221543306 0.005778459640074073 0.00500970805860484 0.004240956477135606 0.003472204895666373 0.0027034533141971394 0.0019347017327279057 0.001165950151258673 0.00039719856978943924 0.0 0.0 0.0 0.0 0.0 0.0 0.0 0.0 0.0 0.0 0.0 0.0 0.0 0.0 0.0 0.0 0.0 0.0 0.0 0.0 0.0 0.0 0.0 0.0 0.0 0.0 0.0 0.0 0.0 0.0 0.0 0.0 0.0
0.0 0.0 0.0 0.0 0.0 0.0 0.0 0.0 0.0 0.0 0.0 0.0 0.0 0.0 0.0 0.0 0.0 0.0 0.0 0.0 0.0 0.0 0.0 0.0 0.0 0.0 0.0 0.0 0.0 0.0 0.0 0.0 0.0 0.0 0.0 0.0 0.0 0.0 0.0 0.0003295366181355298 0.0010113553321046708 0.001693174046073812 0.0023749927600429533 0.0030568114740120943 0.003738630187982398 0.004420448901951539 0.0051022676159206805 0.005784086329889821 0.0064659050438589626 0.007147723757828103 0.007829542471797245 0.008529395005163462 0.009248526099259182 0.009967657193354903 0.010686788287450623 0.011405919381546344 0.012125050475642064 0.01284418156973901 0.013563312663834731 0.014282443757930452
0.0 0.0 0.0 0.0 0.0 0.0 0.0 0.0 0.0 0.0 0.0 0.0 0.0 0.0 0.0 0.0 0.0 0.0 0.0 0.0 0.0 0.0 0.0 0.0 0.0 0.0 0.0 0.0 0.0 0.0 0.0 0.0 0.0 0.0 0.0 0.0 0.0 0.0 0.0 0.0010113271068932703 0.0031037857578481427 0.005196244408803015 0.0072887030597578875 0.00938116171071276 0.0114736203616712 0.013566079012626074 0.015658537663580944 0.01775099631453582 0.01984345496549069 0.021935913616445563 0.024028372267400434 0.02617617557322332 0.028383143566594268 0.030590111559965216 0.03279707955333617 0.035004047546707114 0.037211015540078066 0.03941798353345278 0.04162495152682373 0.043831919520194676
