Figures/CREST_Example_wjb_NSE/Rolling_result/20100722/BJP_forecast/ens_21/wjb.rain.20100723.asc
ncols            288
nrows            254
xllcorner        113.274861
yllcorner        31.4918055
cellsize         0.008333333333
NODATA_value     -9999
[rows 200 to 219 of 254, columns 176 to 219 of 288]
0.19421943912878512 0.1970054203000397 0.19979140147129432 0.2025773826425489 0.2053633638138035 0.20814934498505808 0.2109353261563174 0.20778106392198048 0.19827654708870027 0.18877203025542005 0.1792675134221398 0.1697629965888596 0.16025847975557939 0.15075396292229915 0.14124944608901893 0.13174492925573872 0.12224041242245848 0.11273589558917826 0.10323137875589804 0.148710591005526 0.25296865376820066 0.3572267165308754 0.46148477929355003 0.5657428420562247 0.6700009048188995 0.7742589675815741 0.8785170303442489 0.9827750931069235 1.087033155869598 1.1912912186322728 1.2955492813949474 1.3559451595977314 1.3694513699408464 1.3829575802839382 1.39646379062703 1.409970000970122 1.423476211313214 1.4369824216563059 1.4504886319993977 1.4639948423424896 1.4775010526855814 1.4910072630286733 1.504513473371765 1.4926223211997047
0.18302577955604007 0.18572002844245997 0.18841427732887986 0.19110852621529975 0.19380277510171964 0.19649702398813954 0.199191272874564 0.19699371354174763 0.18956670054511116 0.18213968754847468 0.1747126745518382 0.16728566155520172 0.15985864855856524 0.15243163556192876 0.14500462256529228 0.1375776095686558 0.13015059657201933 0.12272358357538285 0.11529657057874637 0.15202281086629404 0.23594987797557976 0.3198769450848655 0.4038040121941512 0.48773107930343695 0.5716581464127226 0.6555852135220084 0.7395122806312941 0.8234393477405798 0.9073664148498656 0.9912934819591512 1.075220549068437 1.1223539685719581 1.1301541461749405 1.1379543237779093 1.1457545013808783 1.1535546789838473 1.1613548565868161 1.1691550341897852 1.1769552117927542 1.184755389395723 1.192555566998692 1.2003557446016608 1.2081559222046299 1.196070867497915
0.17183211998329503 0.17443463658488023 0.1770371531864654 0.1796396697880506 0.1822421863896358 0.18484470299122097 0.1874472195928106 0.18620636316151476 0.18085685400152202 0.1755073448415293 0.17015783568153656 0.1648083265215438 0.1594588173615511 0.15410930820155835 0.1487597990415656 0.1434102898815729 0.13806078072158015 0.13271127156158743 0.1273617624015947 0.15533503072706212 0.21893110218295886 0.2825271736388556 0.3461232450947524 0.40971931655064914 0.4733153880065459 0.5369114594624427 0.6005075309183394 0.6641036023742362 0.7276996738301329 0.7912957452860296 0.8548918167419264 0.8887627775461849 0.8908569224090345 0.8929510672718804 0.8950452121347264 0.8971393569975724 0.8992335018604184 0.9013276467232644 0.9034217915861104 0.9055159364489564 0.9076100813118024 0.9097042261746484 0.9117983710374944 0.899519413796125
0.16063846041055 0.16314924472730047 0.16566002904405097 0.16817081336080145 0.17068159767755195 0.17319238199430242 0.1757031663110572 0.1754190127812819 0.1721470074579329 0.16887500213458392 0.16560299681123494 0.16233099148788593 0.15905898616453695 0.15578698084118797 0.15251497551783896 0.14924297019448998 0.145970964871141 0.142698959547792 0.139426954224443 0.15864725058783014 0.2019123263903379 0.2451774021928457 0.2884424779953535 0.33170755379786127 0.37497262960036903 0.41823770540287686 0.4615027812053846 0.5047678570078924 0.5480329328104001 0.5912980086129079 0.6345630844154158 0.6551715865204115 0.6515596986431283 0.6479478107658514 0.6443359228885746 0.6407240350112976 0.6371121471340206 0.6335002592567437 0.6298883713794667 0.6262764835021898 0.6226645956249128 0.6190527077476359 0.6154408198703589 0.6029679600943352
0.14944480083780015 0.1518638528697159 0.15428290490163166 0.15670195693354738 0.15912100896546313 0.1615400609973789 0.16395911302929875 0.16463166240104443 0.16343716091434007 0.16224265942763572 0.16104815794093136 0.159853656454227 0.15865915496752264 0.15746465348081828 0.15627015199411393 0.15507565050740957 0.1538811490207052 0.15268664753400085 0.1514921460472965 0.16195947044859962 0.18489355059770976 0.20782763074681992 0.23076171089593006 0.25369579104504025 0.2766298711941504 0.2995639513432605 0.32249803149237066 0.3454321116414808 0.368366191790591 0.3913002719397011 0.4142343520888113 0.42158039549453863 0.4122624748771204 0.4029445542597181 0.39362663364231576 0.38430871302491343 0.37499079240751115 0.3656728717901088 0.3563549511727065 0.34703703055530416 0.3377191099379019 0.32840118932049955 0.3190832687030972 0.3064165063924189
0.14219501675982066 0.1438082372203655 0.14542145768091036 0.1470346781414552 0.14864789860200003 0.15026111906254488 0.15187433952309248 0.15307033158251135 0.15382029704130878 0.1545702625001062 0.15532022795890363 0.15607019341770104 0.15682015887649847 0.15757012433529588 0.15832008979409332 0.15907005525289072 0.15982002071168816 0.16056998617048557 0.161319951629283 0.16753069429632966 0.17957913136064818 0.19162756842496667 0.2036760054892852 0.21572444255360368 0.2277728796179222 0.23982131668224071 0.25186975374655923 0.26391819081087775 0.2759666278751962 0.28801506493951473 0.30006350200383325 0.300370281821175 0.28812496433742923 0.27587964685370436 0.2636343293699795 0.2513890118862547 0.2391436944025298 0.22689837691880493 0.2146530594350801 0.20240774195135525 0.19016242446763038 0.17791710698390553 0.16567178950018066 0.15292699830532883
0.13916098701034862 0.13920504877061227 0.13924911053087594 0.13929317229113958 0.13933723405140322 0.1393812958116669 0.1394253575719306 0.14068166445803387 0.14323388881077886 0.14578611316352388 0.14833833751626888 0.1508905618690139 0.1534427862217589 0.1559950105745039 0.1585472349272489 0.16109945927999392 0.1636516836327389 0.16620390798548393 0.16875613233822895 0.17551665102515351 0.18677593157688402 0.19803521212861452 0.20929449268034506 0.22055377323207553 0.23181305378380607 0.24307233433553654 0.2543316148872671 0.26559089543899755 0.2768501759907281 0.28810945654245856 0.2993687370941891 0.2992884566598496 0.28708592892643997 0.2748834011930511 0.26268087345966223 0.25047834572627337 0.23827581799288453 0.22607329025949566 0.21387076252610682 0.20166823479271795 0.18946570705932908 0.17726317932594024 0.16506065159255137 0.1523616931425818
0.1361269572608753 0.13460186032085708 0.13307676338083885 0.13155166644082064 0.13002656950080244 0.12850147256078423 0.12697637562076342 0.1282929973335511 0.13264748058024445 0.1370019638269378 0.14135644707363118 0.14571093032032453 0.1500654135670179 0.15441989681371127 0.15877438006040462 0.16312886330709797 0.16748334655379135 0.1718378298004847 0.17619231304717808 0.18350260775398083 0.193972731793123 0.20444285583226515 0.21491297987140734 0.2253831039105495 0.23585322794969166 0.24632335198883382 0.256793476027976 0.26726360006711813 0.2777337241062603 0.28820384814540245 0.2986739721845446 0.29820663149852383 0.28604689351545026 0.2738871555323974 0.2617274175493446 0.24956767956629172 0.23740794158323889 0.22524820360018605 0.21308846561713318 0.20092872763408035 0.1887689896510275 0.17660925166797464 0.1644495136849218 0.15179638797983452
0.13309292751140325 0.12999867187110384 0.12690441623080442 0.12381016059050502 0.12071590495020561 0.1176216493099062 0.11452739366960152 0.11590433020907356 0.12206107234971451 0.12821781449035546 0.1343745566309964 0.14053129877163736 0.14668804091227833 0.15284478305291926 0.1590015251935602 0.16515826733420116 0.1713150094748421 0.17747175161548306 0.183628493756124 0.19148856448280469 0.20116953200935886 0.210850499535913 0.22053146706246718 0.23021243458902133 0.23989340211557547 0.24957436964212965 0.2592553371686838 0.268936304695238 0.2786172722217921 0.2882982397483463 0.29797920727490046 0.2971248063371985 0.285007858104461 0.27289090987174414 0.26077396163902733 0.24865701340631047 0.2365400651735936 0.22442311694087677 0.21230616870815994 0.20018922047544307 0.18807227224272624 0.1759553240100094 0.16383837577729254 0.15123108281708753
0.1300588977619312 0.1253954834213506 0.12073206908077 0.11606865474018939 0.1114052403996088 0.10674182605902818 0.10207841171843964 0.10351566308459607 0.11147466411918461 0.11943366515377314 0.12739266618836168 0.13535166722295022 0.14331066825753874 0.15126966929212726 0.1592286703267158 0.16718767136130436 0.17514667239589288 0.1831056734304814 0.19106467446506992 0.19947452121162856 0.2083663322255947 0.21725814323956086 0.22614995425352702 0.23504176526749318 0.24393357628145934 0.2528253872954255 0.26171719830939166 0.2706090093233578 0.27950082033732393 0.2883926313512901 0.2972844423652563 0.2960429811758732 0.28396882269347173 0.2718946642110909 0.25982050572871 0.24774634724632918 0.23567218876394835 0.2235980302815675 0.21152387179918664 0.1994497133168058 0.18737555483442497 0.17530139635204411 0.16322723786966326 0.1506657776543405
0.12702486801245788 0.1207922949715954 0.11455972193073294 0.10832714888987047 0.102094575849008 0.09586200280814552 0.08962942976727244 0.09112699596011328 0.10088825588865016 0.11064951581718706 0.12041077574572395 0.13017203567426083 0.13993329560279774 0.14969455553133462 0.15945581545987153 0.1692170753884084 0.1789783353169453 0.18873959524548217 0.19850085517401908 0.20746047794045586 0.21556313244183367 0.2236657869432115 0.2317684414445893 0.2398710959459671 0.2479737504473449 0.2560764049487227 0.2641790594501005 0.2722817139514783 0.28038436845285614 0.28848702295423395 0.29658967745561177 0.29496115601454737 0.28292978728248197 0.27089841855043717 0.2588670498183923 0.2468356810863475 0.23480431235430266 0.22277294362225786 0.210741574890213 0.1987102061581682 0.18667883742612335 0.17464746869407852 0.1626160999620337 0.15010047249159322
0.12399083826298582 0.11618910652184217 0.1083873747806985 0.10058564303955483 0.09278391129841117 0.08498217955726751 0.07718044781611054 0.07873832883563578 0.09030184765812024 0.10186536648060474 0.1134288853030892 0.12499240412557369 0.13655592294805816 0.14811944177054265 0.1596829605930271 0.17124647941551158 0.18280999823799607 0.19437351706048056 0.20593703588296502 0.2154464346692797 0.22275993265806954 0.23007343064685934 0.23738692863564914 0.24470042662443894 0.25201392461322875 0.2593274226020186 0.26664092059080835 0.2739544185795982 0.28126791656838795 0.2885814145571778 0.29589491254596756 0.293879330853222 0.2818907518714927 0.2699021728897839 0.25791359390807506 0.24592501492636623 0.2339364359446574 0.22194785696294855 0.20995927798123976 0.1979706989995309 0.18598212001782205 0.17399354103611323 0.1620049620544044 0.1495351673288462
0.12095680851351379 0.11158591807208892 0.10221502763066406 0.09284413718923921 0.08347324674781435 0.0741023563063895 0.06473146586494867 0.06634966171115828 0.07971543942759034 0.0930812171440224 0.10644699486045446 0.11981277257688652 0.1331785502933186 0.14654432800975065 0.15991010572618272 0.17327588344261477 0.18664166115904685 0.2000074388754789 0.21337321659191097 0.2234323913981036 0.2299567328743054 0.23648107435050722 0.243005415826709 0.2495297573029108 0.2560540987791126 0.2625784402553144 0.2691027817315162 0.275627123207718 0.28215146468391983 0.2886758061601216 0.2952001476363234 0.29279750569189666 0.28085171646050344 0.26890592722913065 0.2569601379977578 0.24501434876638498 0.23306855953501215 0.2211227703036393 0.20917698107226648 0.19723119184089366 0.1852854026095208 0.173339613378148 0.16139382414677517 0.1489698621660992
0.11792277876404045 0.10698272962233372 0.09604268048062702 0.08510263133892029 0.07416258219721357 0.06322253305550685 0.052282483913781486 0.0539609945866755 0.0691290311970559 0.08429706780743633 0.09946510441781675 0.11463314102819716 0.12980117763857757 0.144969214248958 0.16013725085933841 0.17530528746971885 0.19047332408009926 0.20564136069047967 0.2208093973008601 0.23141834812693088 0.23715353309054435 0.24288871805415782 0.24862390301777126 0.25435908798138473 0.2600942729449982 0.2658294579086117 0.2715646428722251 0.27729982783583856 0.28303501279945203 0.2887701977630655 0.294505382726679 0.2917156805305709 0.2798126810495138 0.26790968156847694 0.25600668208744015 0.2441036826064033 0.2322006831253665 0.22029768364432967 0.20839468416329288 0.19649168468225603 0.18458868520121924 0.1726856857201824 0.1607826862391456 0.14840455700335192
0.1148887490145684 0.10237954117258048 0.08987033333059256 0.07736112548860465 0.06485191764661673 0.05234270980462882 0.03983350196261956 0.041572327462197994 0.058542622966526 0.075512918470854 0.092483213975182 0.10945350947951002 0.126423804983838 0.14339410048816603 0.16036439599249402 0.17733469149682202 0.19430498700115004 0.21127528250547803 0.22824557800980605 0.23940430485575478 0.24435033330678024 0.24929636175780567 0.25424239020883116 0.2591884186598566 0.2641344471108821 0.2690804755619075 0.27402650401293294 0.2789725324639584 0.28391856091498385 0.28886458936600934 0.29381061781703477 0.2906338553692456 0.2787736456385245 0.2669134359078237 0.2550532261771229 0.24319301644642205 0.2313328067157212 0.21947259698502042 0.20761238725431957 0.19575217752361876 0.18389196779291794 0.1720317580622171 0.16017154833151628 0.1478392518406049
0.11185471926509637 0.09777635272282725 0.08369798618055815 0.06961961963828904 0.05554125309601993 0.04146288655375083 0.02738452001145769 0.029183660337720487 0.04795621473599608 0.06672876913427167 0.08550132353254727 0.10427387793082285 0.12304643232909845 0.14181898672737403 0.16059154112564963 0.17936409552392524 0.1981366499222008 0.21690920432047642 0.23568175871875202 0.24739026158457866 0.2515471335230161 0.25570400546145355 0.259860877399891 0.26401774933832844 0.2681746212767659 0.27233149321520334 0.27648836515364084 0.2806452370920783 0.2848021090305157 0.28895898096895317 0.2931158529073906 0.2895520302079202 0.27773461022753526 0.2659171902471704 0.2540997702668056 0.2422823502864408 0.23046493030607595 0.21864751032571114 0.20683009034534633 0.1950126703649815 0.18319525038461668 0.17137783040425186 0.15956041042388705 0.1472739466778579
0.1088206895156243 0.093173164273074 0.07752563903052369 0.06187811378797339 0.046230588545423085 0.030583063302872776 0.014935538060295794 0.016794993213242987 0.03736980650546617 0.05794461979768935 0.07851943308991254 0.09909424638213571 0.11966905967435888 0.14024387296658206 0.16081868625880524 0.1813934995510284 0.2019683128432516 0.22254312613547478 0.24311793942769797 0.25537621831340257 0.258743933739252 0.26211164916510143 0.2654793645909509 0.26884708001680035 0.27221479544264976 0.2755825108684992 0.2789502262943487 0.2823179417201981 0.28568565714604754 0.289053372571897 0.2924210879977464 0.2884702050465949 0.276695574816546 0.26492094458651716 0.2531463143564883 0.2413716841264595 0.2295970538964307 0.21782242366640187 0.20604779343637303 0.19427316320634422 0.1824985329763154 0.17072390274628657 0.15894927251625776 0.14670864151511087
0.12293686264682223 0.10630833052592023 0.08967979840501823 0.07305126628411623 0.05642273416321425 0.03979420204231224 0.023165669921381887 0.024464637951390585 0.044928509253496826 0.06539238055560308 0.08585625185770933 0.10632012315981557 0.12678399446192182 0.14724786576402807 0.1677117370661343 0.18817560836824054 0.2086394796703468 0.22910335097245305 0.2495672222745593 0.2610115035984931 0.26281363914835215 0.2646157746982112 0.2664179102480702 0.26822004579792924 0.27002218134778827 0.2718243168976473 0.27362645244750633 0.27542858799736536 0.2772307235472244 0.2790328590970834 0.2808349946469424 0.2763146831516244 0.26503553269321517 0.25375638223482516 0.24247723177643515 0.23119808131804515 0.21991893085965514 0.20863978040126513 0.19736062994287512 0.1860814794844851 0.1748023290260951 0.1635231785677051 0.1522440281093151 0.1408341405679606
0.15538552174614906 0.13840467997559275 0.12142383820503641 0.10444299643448007 0.08746215466392374 0.0704813128933674 0.05350047112278211 0.05357535387246402 0.0718831920210783 0.0901910301696926 0.10849886831830689 0.1268067064669212 0.14511454461553547 0.16342238276414978 0.18173022091276406 0.20003805906137836 0.21834589720999265 0.23665373535860695 0.25496157350722126 0.26413406926400373 0.2635406772973735 0.2629472853307433 0.2623538933641131 0.26176050139748286 0.26116710943085264 0.2605737174642224 0.2599803254975922 0.259386933530962 0.2587935415643317 0.2582001495977015 0.25760675763107127 0.2523220773808922 0.2420223037955856 0.23172253021029657 0.22142275662500754 0.21112298303971852 0.2008232094544295 0.19052343586914045 0.18022366228385142 0.1699238886985624 0.15962411511327337 0.14932434152798435 0.1390245679426953 0.1292844439454693
0.18783418084547596 0.1705010294252653 0.1531678780050546 0.13583472658484394 0.11850157516463325 0.10116842374442256 0.08383527232418234 0.08268606979353745 0.0988378747886598 0.11498967978378213 0.1311414847789045 0.14729328977402684 0.1634450947691492 0.17959689976427154 0.19574870475939388 0.21190050975451621 0.22805231474963858 0.24420411974476092 0.2603559247398833 0.26725663492951446 0.26426771544639494 0.26127879596327547 0.258289876480156 0.25530095699703653 0.25231203751391706 0.24932311803079757 0.24633419854767807 0.2433452790645586 0.24035635958143914 0.23736744009831964 0.23437852061520018 0.22832947161016004 0.2190090748979561 0.20968867818576803 0.20036828147358 0.19104788476139192 0.18172748804920386 0.17240709133701582 0.16308669462482775 0.15376629791263968 0.14444590120045164 0.13512550448826358 0.1258051077760755 0.117734747322978
