Figures/CREST_Example_wjb_NSE/Rolling_result/20100722/BJP_forecast/ens_21/wjb.rain.20091118.asc
ncols            288
nrows            254
xllcorner        113.274861
yllcorner        31.4918055
cellsize         0.008333333333
NODATA_value     -9999
[rows 160 to 179 of 254, columns 45 to 89 of 288]
0.836335692572858 0.8736469469510074 0.9109582013291568 0.9482694557073063 0.9855807100854557 1.022891964463605 1.0421699434518814 1.0421699434518814 1.0421699434518814 1.0421699434518814 1.0421699434518814 1.0421699434518814 1.0421699434518814 1.0421699434518814 1.0421699434518814 1.0421699434518814 1.0421699434518814 1.0421699434518814 1.0240472940485228 0.9865511227792233 0.9490549515098597 0.9115587802405601 0.8740626089712604 0.8365664377019608 0.7990702664326612 0.7615740951633616 0.724077923894062 0.6865817526247624 0.6490855813554628 0.6115894100861632 0.5886260433576876 0.5811985732203098 0.5737711030829318 0.5663436329455411 0.5589161628081633 0.5514886926707853 0.5440612225334074 0.5366337523960294 0.5292062822586514 0.5217788121212734 0.5143513419838955 0.5069238718465175 0.5030862465500832 0.5030862465500832 0.5030862465500832
0.836335692572858 0.8736469469510074 0.9109582013291568 0.9482694557073063 0.9855807100854557 1.022891964463605 1.0421699434518814 1.0421699434518814 1.0421699434518814 1.0421699434518814 1.0421699434518814 1.0421699434518814 1.0421699434518814 1.0421699434518814 1.0421699434518814 1.0421699434518814 1.0421699434518814 1.0421699434518814 1.0240472940485228 0.9865511227792233 0.9490549515098597 0.9115587802405601 0.8740626089712604 0.8365664377019608 0.7990702664326612 0.7615740951633616 0.724077923894062 0.6865817526247624 0.6490855813554628 0.6115894100861632 0.5886260433576876 0.5811985732203098 0.5737711030829318 0.5663436329455411 0.5589161628081633 0.5514886926707853 0.5440612225334074 0.5366337523960294 0.5292062822586514 0.5217788121212734 0.5143513419838955 0.5069238718465175 0.5030862465500832 0.5030862465500832 0.5030862465500832
0.836335692572858 0.8736469469510074 0.9109582013291568 0.9482694557073063 0.9855807100854557 1.022891964463605 1.0421699434518814 1.0421699434518814 1.0421699434518814 1.0421699434518814 1.0421699434518814 1.0421699434518814 1.0421699434518814 1.0421699434518814 1.0421699434518814 1.0421699434518814 1.0421699434518814 1.0421699434518814 1.0240472940485228 0.9865511227792233 0.9490549515098597 0.9115587802405601 0.8740626089712604 0.8365664377019608 0.7990702664326612 0.7615740951633616 0.724077923894062 0.6865817526247624 0.6490855813554628 0.6115894100861632 0.5886260433576876 0.5811985732203098 0.5737711030829318 0.5663436329455411 0.5589161628081633 0.5514886926707853 0.5440612225334074 0.5366337523960294 0.5292062822586514 0.5217788121212734 0.5143513419838955 0.5069238718465175 0.5030862465500832 0.5030862465500832 0.5030862465500832
0.836335692572858 0.8736469469510074 0.9109582013291568 0.9482694557073063 0.9855807100854557 1.022891964463605 1.0421699434518814 1.0421699434518814 1.0421699434518814 1.0421699434518814 1.0421699434518814 1.0421699434518814 1.0421699434518814 1.0421699434518814 1.0421699434518814 1.0421699434518814 1.0421699434518814 1.0421699434518814 1.0240472940485228 0.9865511227792233 0.9490549515098597 0.9115587802405601 0.8740626089712604 0.8365664377019608 0.7990702664326612 0.7615740951633616 0.724077923894062 0.6865817526247624 0.6490855813554628 0.6115894100861632 0.5886260433576876 0.5811985732203098 0.5737711030829318 0.5663436329455411 0.5589161628081633 0.5514886926707853 0.5440612225334074 0.5366337523960294 0.5292062822586514 0.5217788121212734 0.5143513419838955 0.5069238718465175 0.5030862465500832 0.5030862465500832 0.5030862465500832
0.836335692572858 0.8736469469510074 0.9109582013291568 0.9482694557073063 0.9855807100854557 1.022891964463605 1.0421699434518814 1.0421699434518814 1.0421699434518814 1.0421699434518814 1.0421699434518814 1.0421699434518814 1.0421699434518814 1.0421699434518814 1.0421699434518814 1.0421699434518814 1.0421699434518814 1.0421699434518814 1.0240472940485228 0.9865511227792233 0.9490549515098597 0.9115587802405601 0.8740626089712604 0.8365664377019608 0.7990702664326612 0.7615740951633616 0.724077923894062 0.6865817526247624 0.6490855813554628 0.6115894100861632 0.5886260433576876 0.5811985732203098 0.5737711030829318 0.5663436329455411 0.5589161628081633 0.5514886926707853 0.5440612225334074 0.5366337523960294 0.5292062822586514 0.5217788121212734 0.5143513419838955 0.5069238718465175 0.5030862465500832 0.5030862465500832 0.5030862465500832
0.836335692572858 0.8736469469510074 0.9109582013291568 0.9482694557073063 0.9855807100854557 1.022891964463605 1.0421699434518814 1.0421699434518814 1.0421699434518814 1.0421699434518814 1.0421699434518814 1.0421699434518814 1.0421699434518814 1.0421699434518814 1.0421699434518814 1.0421699434518814 1.0421699434518814 1.0421699434518814 1.0240472940485228 0.9865511227792233 0.9490549515098597 0.9115587802405601 0.8740626089712604 0.8365664377019608 0.7990702664326612 0.7615740951633616 0.724077923894062 0.6865817526247624 0.6490855813554628 0.6115894100861632 0.5886260433576876 0.5811985732203098 0.5737711030829318 0.5663436329455411 0.5589161628081633 0.5514886926707853 0.5440612225334074 0.5366337523960294 0.5292062822586514 0.5217788121212734 0.5143513419838955 0.5069238718465175 0.5030862465500832 0.5030862465500832 0.5030862465500832
0.836335692572858 0.8736469469510074 0.9109582013291568 0.9482694557073063 0.9855807100854557 1.022891964463605 1.0421699434518814 1.0421699434518814 1.0421699434518814 1.0421699434518814 1.0421699434518814 1.0421699434518814 1.0421699434518814 1.0421699434518814 1.0421699434518814 1.0421699434518814 1.0421699434518814 1.0421699434518814 1.0240472940485228 0.9865511227792233 0.9490549515098597 0.9115587802405601 0.8740626089712604 0.8365664377019608 0.7990702664326612 0.7615740951633616 0.724077923894062 0.6865817526247624 0.6490855813554628 0.6115894100861632 0.5886260433576876 0.5811985732203098 0.5737711030829318 0.5663436329455411 0.5589161628081633 0.5514886926707853 0.5440612225334074 0.5366337523960294 0.5292062822586514 0.5217788121212734 0.5143513419838955 0.5069238718465175 0.5030862465500832 0.5030862465500832 0.5030862465500832
0.836335692572858 0.8736469469510074 0.9109582013291568 0.9482694557073063 0.9855807100854557 1.022891964463605 1.0421699434518814 1.0421699434518814 1.0421699434518814 1.0421699434518814 1.0421699434518814 1.0421699434518814 1.0421699434518814 1.0421699434518814 1.0421699434518814 1.0421699434518814 1.0421699434518814 1.0421699434518814 1.0240472940485228 0.9865511227792233 0.9490549515098597 0.9115587802405601 0.8740626089712604 0.8365664377019608 0.7990702664326612 0.7615740951633616 0.724077923894062 0.6865817526247624 0.6490855813554628 0.6115894100861632 0.5886260433576876 0.5811985732203098 0.5737711030829318 0.5663436329455411 0.5589161628081633 0.5514886926707853 0.5440612225334074 0.5366337523960294 0.5292062822586514 0.5217788121212734 0.5143513419838955 0.5069238718465175 0.5030862465500832 0.5030862465500832 0.5030862465500832
0.836335692572858 0.8736469469510074 0.9109582013291568 0.9482694557073063 0.9855807100854557 1.022891964463605 1.0421699434518814 1.0421699434518814 1.0421699434518814 1.0421699434518814 1.0421699434518814 1.0421699434518814 1.0421699434518814 1.0421699434518814 1.0421699434518814 1.0421699434518814 1.0421699434518814 1.0421699434518814 1.0240472940485228 0.9865511227792233 0.9490549515098597 0.9115587802405601 0.8740626089712604 0.8365664377019608 0.7990702664326612 0.7615740951633616 0.724077923894062 0.6865817526247624 0.6490855813554628 0.6115894100861632 0.5886260433576876 0.5811985732203098 0.5737711030829318 0.5663436329455411 0.5589161628081633 0.5514886926707853 0.5440612225334074 0.5366337523960294 0.5292062822586514 0.5217788121212734 0.5143513419838955 0.5069238718465175 0.5030862465500832 0.5030862465500832 0.5030862465500832
0.8510688243442827 0.8883558303245018 0.9256428363047211 0.9629298422849403 1.0002168482651594 1.0375038542453787 1.0567693045713629 1.0567693045713629 1.0567693045713629 1.0567693045713629 1.0567693045713629 1.0567693045713629 1.0567693045713629 1.0567693045713629 1.0567693045713629 1.0567693045713629 1.0567693045713629 1.0567693045713629 1.0380903231502694 0.9994430883606592 0.9607958535709831 0.9221486187813729 0.8835013839917627 0.8448541492021525 0.8062069144125423 0.767559679622932 0.728912444833322 0.6902652100437117 0.6516179752541016 0.6129707404644913 0.5892767056707022 0.5815679797131044 0.5738592537555066 0.5661505277978957 0.5584418018402979 0.5507330758827 0.5430243499251023 0.5353156239675044 0.5276068980099067 0.5198981720523088 0.5121894460947111 0.5044807201371132 0.5004977755825086 0.5004977755825086 0.5004977755825086
0.8815507452857007 0.9187875828590846 0.9560244204324686 0.9932612580058526 1.0304980955792367 1.0677349331526207 1.0869744624660589 1.0869744624660589 1.0869744624660589 1.0869744624660589 1.0869744624660589 1.0869744624660589 1.0869744624660589 1.0869744624660589 1.0869744624660589 1.0869744624660589 1.0869744624660589 1.0869744624660589 1.0671444651683093 1.0261157525117388 0.9850870398550984 0.9440583271985279 0.9030296145419574 0.8620009018853869 0.8209721892288164 0.7799434765722459 0.7389147639156755 0.697886051259105 0.6568573386025346 0.6158286259459641 0.5906228849822414 0.5823322584613917 0.5740416319405421 0.5657510054196784 0.5574603788988287 0.5491697523779792 0.5408791258571295 0.5325884993362798 0.5242978728154303 0.5160072462945806 0.5077166197737311 0.4994259932528814 0.4951423923132303 0.4951423923132303 0.4951423923132303
0.9120326662270927 0.9492193353936416 0.9864060045601903 1.0235926737267393 1.0607793428932881 1.0979660120598371 1.1171796203607292 1.1171796203607292 1.1171796203607292 1.1171796203607292 1.1171796203607292 1.1171796203607292 1.1171796203607292 1.1171796203607292 1.1171796203607292 1.1171796203607292 1.1171796203607292 1.1171796203607292 1.0961986071863246 1.0527884166627959 1.009378226139193 0.9659680356156642 0.9225578450921356 0.8791476545686068 0.8357374640450781 0.7923272735215493 0.7489170829980205 0.7055068924744918 0.6620967019509632 0.6186865114274345 0.5919690642937793 0.5830965372096784 0.5742240101255773 0.5653514830414613 0.5564789559573604 0.5476064288732594 0.5387339017891585 0.5298613747050576 0.5209888476209567 0.5121163205368556 0.5032437934527547 0.4943712663686538 0.4897870090439565 0.4897870090439565 0.4897870090439565
0.9425145871684846 0.9796510879281983 1.016787588687912 1.0539240894476258 1.0910605902073396 1.1281970909670531 1.1473847782553994 1.1473847782553994 1.1473847782553994 1.1473847782553994 1.1473847782553994 1.1473847782553994 1.1473847782553994 1.1473847782553994 1.1473847782553994 1.1473847782553994 1.1473847782553994 1.1473847782553994 1.1252527492043396 1.0794610808138527 1.0336694124232877 0.9878777440328006 0.9420860756423136 0.8962944072518266 0.8505027388613396 0.8047110704708527 0.7589194020803657 0.7131277336898787 0.6673360652993916 0.6215443969089047 0.5933152436053172 0.5838608159579649 0.5744063883106126 0.5649519606632443 0.555497533015892 0.5460431053685397 0.5365886777211875 0.5271342500738352 0.5176798224264829 0.5082253947791306 0.49877096713177843 0.4893165394844262 0.4844316257746827 0.4844316257746827 0.4844316257746827
0.9729965081098766 1.010082840462755 1.0471691728156338 1.0842555051685123 1.121341837521391 1.1584281698742696 1.1775899361500697 1.1775899361500697 1.1775899361500697 1.1775899361500697 1.1775899361500697 1.1775899361500697 1.1775899361500697 1.1775899361500697 1.1775899361500697 1.1775899361500697 1.1775899361500697 1.1775899361500697 1.1543068912223549 1.1061337449649096 1.0579605987073821 1.0097874524499368 0.9616143061924917 0.9134411599350464 0.8652680136776012 0.8170948674201559 0.7689217211627106 0.7207485749052653 0.67257542864782 0.6244022823903749 0.594661422916855 0.5846250947062515 0.5745887664956478 0.5645524382850271 0.5545161100744236 0.54447978186382 0.5344434536532164 0.5244071254426128 0.5143707972320093 0.5043344690214057 0.49429814081080214 0.48426181260019857 0.47907624250540887 0.47907624250540887 0.47907624250540887
1.0034784290512686 1.040514592997312 1.0775507569433556 1.114586920889399 1.1516230848354425 1.188659248781486 1.2077950940447402 1.2077950940447402 1.2077950940447402 1.2077950940447402 1.2077950940447402 1.2077950940447402 1.2077950940447402 1.2077950940447402 1.2077950940447402 1.2077950940447402 1.2077950940447402 1.2077950940447402 1.1833610332403701 1.1328064091159666 1.082251784991477 1.0316971608670733 0.9811425367426698 0.9305879126182663 0.8800332884938628 0.8294786643694592 0.7789240402450557 0.7283694161206522 0.6778147919962486 0.6272601678718451 0.5960076022283929 0.585389373454538 0.5747711446806831 0.5641529159068102 0.5535346871329552 0.5429164583591003 0.5322982295852454 0.5216800008113905 0.5110617720375357 0.5004435432636808 0.48982531448982586 0.4792070857159709 0.47372085923613505 0.47372085923613505 0.47372085923613505
1.0339603499926606 1.070946345531869 1.1079323410710773 1.1449183366102857 1.181904332149494 1.2188903276887024 1.2380002519394104 1.2380002519394104 1.2380002519394104 1.2380002519394104 1.2380002519394104 1.2380002519394104 1.2380002519394104 1.2380002519394104 1.2380002519394104 1.2380002519394104 1.2380002519394104 1.2380002519394104 1.2124151752583854 1.1594790732670235 1.1065429712755714 1.0536068692842098 1.0006707672928479 0.9477346653014862 0.8947985633101243 0.8418624613187626 0.7889263593274007 0.735990257336039 0.6830541553446772 0.6301180533533154 0.5973537815399308 0.5861536522028246 0.5749535228657183 0.5637533935285931 0.5525532641914869 0.5413531348543806 0.5301530055172744 0.5189528761801682 0.507752746843062 0.49655261750595575 0.48535248816884957 0.47415235883174334 0.46836547596686123 0.46836547596686123 0.46836547596686123
1.0644422709340788 1.1013780980664518 1.138313925198825 1.1752497523311982 1.2121855794635712 1.2491214065959444 1.2682054098341065 1.2682054098341065 1.2682054098341065 1.2682054098341065 1.2682054098341065 1.2682054098341065 1.2682054098341065 1.2682054098341065 1.2682054098341065 1.2682054098341065 1.2682054098341065 1.2682054098341065 1.2414693172764253 1.1861517374181032 1.1308341575596867 1.0755165777013647 1.0201989978430426 0.9648814179847205 0.9095638381263984 0.8542462582680764 0.7989286784097543 0.7436110985514323 0.6882935186931102 0.6329759388347881 0.5986999608514698 0.5869179309511118 0.5751359010507537 0.5633538711503756 0.5515718412500177 0.5397898113496596 0.5280077814493016 0.5162257515489436 0.5044437216485855 0.4926616917482275 0.48087966184786946 0.4690976319475114 0.46301009269758286 0.46301009269758286 0.46301009269758286
1.0949241918754709 1.1318098506010088 1.1686955093265468 1.2055811680520847 1.2424668267776227 1.2793524855031606 1.2984105677287767 1.2984105677287767 1.2984105677287767 1.2984105677287767 1.2984105677287767 1.2984105677287767 1.2984105677287767 1.2984105677287767 1.2984105677287767 1.2984105677287767 1.2984105677287767 1.2984105677287767 1.2705234592944405 1.21282440156916 1.1551253438437814 1.0974262861185011 1.0397272283932206 0.9820281706679403 0.9243291129426601 0.8666300552173797 0.8089309974920993 0.751231939766819 0.6935328820415386 0.6358338243162582 0.6000461401630077 0.5876822096993984 0.575318279235789 0.5629543487721587 0.5505904183085493 0.5382264878449399 0.5258625573813306 0.5134986269177212 0.5011346964541119 0.4887707659905025 0.47640683552689317 0.46404290506328383 0.45765470942830905 0.45765470942830905 0.45765470942830905
1.1254061128168629 1.1622416031355658 1.1990770934542685 1.2359125837729714 1.2727480740916743 1.309583564410377 1.3286157256234472 1.3286157256234472 1.3286157256234472 1.3286157256234472 1.3286157256234472 1.3286157256234472 1.3286157256234472 1.3286157256234472 1.3286157256234472 1.3286157256234472 1.3286157256234472 1.3286157256234472 1.2995776013124558 1.2394970657202173 1.179416530127876 1.1193359945356376 1.059255458943399 0.9991749233511603 0.9390943877589217 0.879013852166683 0.8189333165744445 0.7588527809822058 0.6987722453899672 0.6386917097977286 0.6013923194745456 0.588446488447685 0.5755006574208243 0.5625548263939416 0.5496089953670809 0.5366631643402202 0.5237173333133596 0.5107715022864989 0.4978256712596382 0.4848798402327775 0.4719340092059169 0.45898817817905624 0.45229932615903523 0.45229932615903523 0.45229932615903523
1.1558880337582549 1.1926733556701226 1.2294586775819902 1.266243999493858 1.3030293214057256 1.3398146433175933 1.3588208835181175 1.3588208835181175 1.3588208835181175 1.3588208835181175 1.3588208835181175 1.3588208835181175 1.3588208835181175 1.3588208835181175 1.3588208835181175 1.3588208835181175 1.3588208835181175 1.3588208835181175 1.328631743330471 1.2661697298712742 1.2037077164119707 1.1412457029527738 1.078783689493577 1.01632167603438 0.9538596625751832 0.8913976491159863 0.8289356356567895 0.7664736221975926 0.7040116087383957 0.6415495952791989 0.6027384987860835 0.5892107671959715 0.5756830356058595 0.5621553040157246 0.5486275724256126 0.5350998408355006 0.5215721092453885 0.5080443776552765 0.49451664606516454 0.4809889144750526 0.4674611828849406 0.4539334512948286 0.4469439428897614 0.4469439428897614 0.4469439428897614
