Figures/CREST_Example_wjb_NSE/Rolling_result/20100722/BJP_forecast/ens_21/wjb.rain.20100724.asc
ncols            288
nrows            254
xllcorner        113.274861
yllcorner        31.4918055
cellsize         0.008333333333
NODATA_value     -9999
[rows 147 to 167 of 254, columns 188 to 234 of 288]
0.651473989082439 0.627210496212617 0.6029470033427949 0.578683510472973 0.5544200176031508 0.5301565247333289 0.5058930318635068 0.48562014425036093 0.46961330395258793 0.4536064636548149 0.4375996233570419 0.4215927830592689 0.40558594276149584 0.38957910246372285 0.37357226216594985 0.35756542186817686 0.3415585815704038 0.32555174127263076 0.30954490097485776 0.30208433928509953 0.30375994282256935 0.3054355463600362 0.30711114989750316 0.3087867534349701 0.31046235697243696 0.3121379605099039 0.3138135640473708 0.3154891675848377 0.3171647711223046 0.31884037465977155 0.3205159781972384 0.3605470468383884 0.4415809757066914 0.5226149045751326 0.6036488334434356 0.6846827623117386 0.7657166911800417 0.8467506200483447 0.9277845489166476 1.0088184777849507 1.0898524066532538 1.1708863355215566 1.2519202643898597 1.3004190578856085 1.314137055291018 1.3278550526964277 1.3415730501018606
0.8253927650415811 0.8049268754864907 0.7844609859314005 0.7639950963763101 0.7435292068212198 0.7230633172661295 0.7025974277110392 0.6811713548771419 0.658718824392091 0.6362662939070399 0.6138137634219889 0.591361232936938 0.568908702451887 0.5464561719668359 0.524003641481785 0.501551110996734 0.47909858051168297 0.45664605002663194 0.434193519541581 0.4237287128927507 0.42607905429717724 0.4284293957015998 0.4307797371060224 0.43313007851044494 0.4354804199148675 0.43783076131929005 0.44018110272371264 0.44253144412813517 0.44488178553255775 0.44723212693698033 0.44958246834140286 0.5057333870920344 0.6193983405989519 0.7330632941060633 0.8467282476129809 0.9603932011198986 1.0740581546268162 1.1877231081337336 1.3013880616406515 1.4150530151475689 1.5287179686544865 1.6423829221614041 1.7560478756683215 1.8217590362457634 1.8362065068296047 1.850653977413446 1.865101447997312
0.9993115410007228 0.9826432547603643 0.9659749685200056 0.9493066822796471 0.9326383960392886 0.9159701097989299 0.8993018235585714 0.8767225655039227 0.8478243448315937 0.8189261241592648 0.790027903486936 0.761129682814607 0.7322314621422781 0.7033332414699491 0.6744350207976202 0.6455368001252912 0.6166385794529623 0.5877403587806335 0.5588421381083045 0.5453730865004022 0.5483981657717855 0.5514232450431636 0.5544483243145418 0.55747340358592 0.5604984828572982 0.5635235621286764 0.5665486414000546 0.5695737206714327 0.5725987999428109 0.5756238792141891 0.5786489584855673 0.6509197273456804 0.7972157054912127 0.9435116836369943 1.0898076617825265 1.236103639928059 1.382399618073591 1.5286955962191233 1.6749915743646555 1.8212875525101877 1.96758353065572 2.1138795088012525 2.2601754869467845 2.343099014605919 2.3582759583681923 2.3734529021304653 2.3886298458927637
1.1732303169600131 1.1603596340343896 1.147488951108766 1.1346182681831423 1.1217475852575187 1.1088769023318952 1.0960062194062714 1.0722737761308705 1.036929865271258 1.0015859544116457 0.9662420435520332 0.9308981326924208 0.8955542218328085 0.8602103109731961 0.8248664001135837 0.7895224892539714 0.7541785783943589 0.7188346675347466 0.6834907566751341 0.6670174601081571 0.6707172772464979 0.6744170943848322 0.6781169115231667 0.681816728661501 0.6855165457998355 0.6892163629381698 0.6929161800765042 0.6966159972148386 0.700315814353173 0.7040156314915074 0.7077154486298418 0.7961060675994502 0.9750330703836247 1.1539600731681046 1.332887075952279 1.5118140787364538 1.6907410815206285 1.869668084304803 2.0485950870889775 2.227522089873152 2.406449092657327 2.5853760954415015 2.764303098225676 2.864438992966519 2.8803454099072243 2.8962518268479296 2.912158243788662
1.3471490929191552 1.3380760133082632 1.3290029336973714 1.3199298540864794 1.3108567744755877 1.3017836948646957 1.292710615253804 1.2678249867576514 1.226035385710761 1.1842457846638708 1.1424561836169804 1.10066658257009 1.0588769815231998 1.0170873804763092 0.975297779429419 0.9335081783825286 0.8917185773356383 0.849928976288748 0.8081393752418576 0.7886618337158084 0.7930363887211059 0.797410943726396 0.801785498731686 0.8061600537369761 0.810534608742266 0.8149091637475561 0.8192837187528461 0.8236582737581362 0.8280328287634262 0.8324073837687163 0.8367819387740062 0.9412924078530962 1.1528504352758855 1.3644084626990356 1.5759664901218247 1.787524517544614 1.9990825449674032 2.2106405723901923 2.4221985998129814 2.633756627235771 2.84531465465856 3.0568726820813494 3.2684307095041385 3.3857789713266744 3.4024148614458114 3.419050751564948 3.4356866416841134
1.521067868878297 1.5157923925821368 1.5105169162859766 1.5052414399898166 1.4999659636936564 1.4946904873974962 1.489415011101336 1.4633761973844321 1.4151409061502638 1.3669056149160956 1.3186703236819273 1.2704350324477591 1.2221997412135908 1.1739644499794224 1.1257291587452543 1.077493867511086 1.0292585762769175 0.9810232850427493 0.932787993808581 0.9103062073234598 0.9153555001957141 0.9204047930679597 0.9254540859402054 0.930503378812451 0.9355526716846967 0.9406019645569423 0.945651257429188 0.9507005503014336 0.9557498431736793 0.9607991360459249 0.9658484289181706 1.0864787481067422 1.330667800168146 1.5748568522299662 1.81904590429137 2.063234956352774 2.3074240084141775 2.5516130604755816 2.795802112536985 3.0399911645983893 3.284180216659793 3.528369268721197 3.7725583207826006 3.9071189496868297 3.924484312984398 3.941849676281967 3.959215039579565
1.694986644837439 1.6935087718560107 1.6920308988745822 1.6905530258931538 1.6890751529117254 1.6875972799302972 1.6861194069488687 1.6589274080112133 1.6042464265897671 1.5495654451683207 1.4948844637468746 1.4402034823254284 1.385522500903982 1.3308415194825358 1.2761605380610894 1.2214795566396432 1.166798575218197 1.1121175937967507 1.0574366123753045 1.0319505809311111 1.0376746116703222 1.0433986424095234 1.0491226731487249 1.0548467038879261 1.0605707346271274 1.0662947653663286 1.0720187961055299 1.0777428268447313 1.0834668575839326 1.0891908883231338 1.094914919062335 1.2316650883603883 1.5084851650604068 1.7853052417608972 2.062125318460916 2.338945395160934 2.6157654718609527 2.8925855485609713 3.1694056252609895 3.446225701961008 3.7230457786610267 3.999865855361045 4.2766859320610635 4.428458928046985 4.446553764522985 4.464648600998985 4.482743437475016
1.868905420796581 1.8712251511298843 1.8735448814631877 1.875864611796491 1.8781843421297941 1.8805040724630975 1.8828238027964008 1.8544786186379942 1.79335194702927 1.7322252754205456 1.6710986038118216 1.6099719322030972 1.5488452605943732 1.4877185889856488 1.4265919173769248 1.3654652457682004 1.3043385741594764 1.243211902550752 1.182085230942028 1.1535949545387625 1.1599937231449304 1.1663924917510873 1.1727912603572441 1.1791900289634012 1.185588797569558 1.1919875661757149 1.198386334781872 1.2047851033880288 1.2111838719941856 1.2175826406003427 1.2239814092064996 1.3768514286140343 1.6863025299526673 1.9957536312918278 2.305204732630461 2.6146558339690937 2.924106935307727 3.23355803664636 3.543009137984993 3.852460239323626 4.161911340662259 4.471362442000892 4.780813543339525 4.94979890640714 4.968623216061572 4.987447525716004 5.006271835370468
2.042824196755723 2.048941530403758 2.055058864051793 2.0611761976998277 2.067293531347863 2.073410864995898 2.079528198643933 2.050029829264775 1.9824574674687727 1.9148851056727705 1.8473127438767685 1.7797403820807662 1.712168020284764 1.644595658488762 1.5770232966927598 1.5094509348967575 1.4418785731007553 1.374306211304753 1.306733849508751 1.2752393281464136 1.2823128346195383 1.2893863410926507 1.2964598475657634 1.3035333540388758 1.3106068605119885 1.317680366985101 1.3247538734582136 1.331827379931326 1.3389008864044387 1.3459743928775512 1.3530478993506638 1.52203776886768 1.8641198948449276 2.206202020822759 2.5482841468000066 2.8903662727772543 3.232448398754502 3.57453052473175 3.9166126507089976 4.258694776686245 4.600776902663493 4.942859028640741 5.2849411546179885 5.471138884767296 5.490692667600159 5.510246450433023 5.52980023326592
2.216742972714865 2.2266579096776318 2.2365728466403985 2.246487783603165 2.2564027205659323 2.266317657528699 2.2762325944914656 2.245581039891556 2.171562987908276 2.097544935924996 2.0235268839417158 1.9495088319584355 1.8754907799751552 1.8014727279918752 1.7274546760085951 1.6534366240253149 1.5794185720420346 1.5054005200587546 1.4313824680754745 1.396883701754065 1.4046319460941463 1.4123801904342146 1.4201284347742826 1.427876679114351 1.4356249234544192 1.4433731677944872 1.4511214121345555 1.4588696564746235 1.4666179008146918 1.47436614515476 1.482114389494828 1.667224109121326 2.041937259737188 2.4166504103536894 2.7913635609695517 3.166076711585414 3.540789862201276 3.9155030128171386 4.2902161634330005 4.664929314048863 5.039642464664725 5.414355615280587 5.78906876589645 5.992478863127451 6.012762119138746 6.033045375150041 6.053328631161371
2.3049826228716905 2.317300845026542 2.329619067181394 2.3419372893362453 2.3542555114910972 2.3665737336459487 2.3788919558008006 2.3482907301064806 2.271807643517896 2.195324556929312 2.118841470340727 2.0423583837521426 1.9658752971635582 1.8893922105749739 1.8129091239863895 1.7364260373978049 1.6599429508092205 1.583459864220636 1.5069767776320515 1.4709453654734055 1.478157708668505 1.485370051863592 1.492582395058679 1.499794738253766 1.5070070814488532 1.5142194246439402 1.5214317678390272 1.5286441110341142 1.5358564542292015 1.5430687974242885 1.5502811406193755 1.7405590940540476 2.126538327834592 2.5125175616157946 2.8984967953963388 3.284476029176883 3.670455262957427 4.056434496737971 4.442413730518516 4.82839296429906 5.214372198079604 5.600351431860148 5.986330665640693 6.197712543061493 6.22244589482153 6.247179246581568 6.271912598341647
2.301636688451341 2.3148677576179915 2.328098826784642 2.3413298959512927 2.354560965117943 2.3677920342845935 2.3810231034512443 2.3517586873983465 2.2770656360953008 2.202372584792255 2.12767953348921 2.052986482186164 1.9782934308831184 1.9036003795800727 1.8289073282770272 1.7542142769739817 1.679521225670936 1.6048281743678903 1.5301351230648448 1.4941441117658614 1.4995264570265705 1.5049088022872705 1.5102911475479703 1.5156734928086704 1.5210558380693702 1.5264381833300702 1.53182052859077 1.53720287385147 1.5425852191121698 1.5479675643728699 1.5533499096335697 1.7370895094010326 2.1114970506801036 2.485904591959813 2.8603121332388834 3.2347196745179545 3.6091272157970256 3.9835347570760966 4.357942298355168 4.732349839634239 5.10675738091331 5.48116492219238 5.855572463471451 6.065048516188149 6.098209074689842 6.131369633191534 6.1645301916932835
2.2982907540309916 2.312434670209441 2.3265785863878903 2.3407225025663396 2.3548664187447894 2.3690103349232388 2.383154251101688 2.355226644690212 2.2823236286727053 2.2094206126551987 2.1365175966376917 2.063614580620185 1.9907115646026783 1.9178085485851715 1.8449055325676649 1.772002516550158 1.6990995005326512 1.6261964845151446 1.5532934684976376 1.5173428580583173 1.520895205384636 1.524447552710949 1.5279999000372617 1.5315522473635743 1.5351045946898871 1.5386569420162 1.5422092893425128 1.5457616366688256 1.5493139839951384 1.5528663313214512 1.556418678647764 1.7336199247480173 2.096455773525615 2.459291622303831 2.822127471081428 3.1849633198590257 3.5477991686366233 3.9106350174142204 4.273470866191818 4.6363067149694155 4.999142563747013 5.361978412524611 5.724814261302208 5.9323844893148046 5.973972254558152 6.015560019801501 6.057147785044919
2.2949448196106426 2.3100015828008904 2.3250583459911387 2.340115109181387 2.3551718723716353 2.3702286355618836 2.385285398752132 2.358694601982078 2.28758162125011 2.216468640518142 2.145355659786174 2.074242679054206 2.003129698322238 1.9320167175902705 1.8609037368583026 1.7897907561263346 1.7186777753943667 1.647564794662399 1.576451813930431 1.5405416043507731 1.5422639537427019 1.5439863031346275 1.545708652526553 1.5474310019184787 1.5491533513104043 1.5508757007023302 1.5525980500942558 1.5543203994861814 1.556042748878107 1.5577650982700328 1.5594874476619585 1.7301503400950025 2.0814144963711265 2.4326786526478497 2.7839428089239737 3.1352069652000973 3.4864711214762214 3.837735277752345 4.188999434028469 4.540263590304593 4.891527746580717 5.242791902856841 5.594056059132965 5.799720462441461 5.849735434426464 5.899750406411467 5.949765378396556
2.2915988851902926 2.30756849539234 2.3235381055943867 2.339507715796434 2.3554773259984807 2.371446936200528 2.387416546402575 2.3621625592739433 2.292839613827514 2.223516668381085 2.154193722934656 2.084870777488227 2.015547832041798 1.946224886595369 1.87690194114894 1.807578995702511 1.738256050256082 1.668933104809653 1.599610159363224 1.5637403506432288 1.5636327021007672 1.5635250535583058 1.5634174050158443 1.5633097564733829 1.5632021079309215 1.56309445938846 1.5629868108459986 1.562879162303537 1.5627715137610756 1.562663865218614 1.5625562166761526 1.7266807554419872 2.0663732192166377 2.4060656829918674 2.745758146766518 3.0854506105411685 3.425143074315819 3.7648355380904697 4.10452800186512 4.444220465639771 4.783912929414422 5.123605393189072 5.463297856963722 5.6670564355681154 5.725498614294775 5.783940793021434 5.842382971748192
2.288252950769943 2.3051354079837894 2.322017865197635 2.3389003224114813 2.355782779625327 2.3726652368391727 2.389547694053019 2.3656305165658087 2.2980976064049186 2.2305646962440284 2.1630317860831383 2.095498875922248 2.027965965761358 1.9604330556004679 1.8929001454395777 1.8253672352786876 1.7578343251177975 1.6903014149569073 1.6227685047960172 1.586939096935685 1.585001450458833 1.5830638039819844 1.5811261575051359 1.5791885110282873 1.5772508645514387 1.5753132180745901 1.5733755715977416 1.5714379251208928 1.5695002786440442 1.5675626321671956 1.565624985690347 1.7232111707889721 2.0513319420621494 2.379452713335886 2.707573484609063 3.03569425588224 3.3638150271554172 3.6919357984285943 4.020056569701771 4.348177340974949 4.676298112248126 5.0044188835213035 5.3325396547944806 5.534392408694772 5.6012617941630864 5.668131179631401 5.7350005650998295
2.284907016349591 2.3027023205752366 2.320497624800882 2.3382929290265277 2.3560882332521733 2.373883537477819 2.3916788417034645 2.3690984738576777 2.3033555989823276 2.237612724106978 2.171869849231628 2.1061269743562785 2.040384099480929 1.974641224605579 1.908898349730229 1.8431554748548793 1.7774125999795296 1.7116697251041797 1.64592685022883 1.6101378432281606 1.6063701988169168 1.6026025544056794 1.598834909994442 1.595067265583205 1.5912996211719677 1.5875319767607303 1.583764332349493 1.5799966879382559 1.5762290435270185 1.5724613991157812 1.5686937547045439 1.719741586135954 2.0362906649076478 2.3528397436798816 2.6693888224515754 2.985937901223269 3.302486979994963 3.619036058766657 3.93558513753835 4.252134216310044 4.568683295081738 4.885232373853432 5.201781452625126 5.401728381821314 5.477024974031291 5.552321566241268 5.627618158451374
2.2815610819292416 2.300269233166686 2.3189773844041306 2.3376855356415747 2.356393686879019 2.3751018381164637 2.393809989353908 2.372566431149543 2.308613591559732 2.2446607519699215 2.1807079123801105 2.1167550727902995 2.0528022332004885 1.9888493936106777 1.924896554020867 1.8609437144310559 1.7969908748412449 1.733038035251434 1.6690851956616233 1.6333365895206164 1.6277389471749824 1.622141304829358 1.6165436624837335 1.6109460201381092 1.6053483777924846 1.5997507354468603 1.5941530931012358 1.5885554507556114 1.582957808409987 1.5773601660643626 1.5717625237187383 1.716272001482939 2.0212493877531594 2.3262267740238993 2.6312041602941196 2.9361815465643404 3.2411589328345607 3.546136319104781 3.8511137053750013 4.156091091645221 4.4610684779154415 4.766045864185662 5.071023250455882 5.26906435494797 5.352788153899602 5.436511952851235 5.52023575180301
2.278215147508892 2.2978361457581356 2.3174571440073786 2.337078142256622 2.356699140505865 2.3763201387551085 2.3959411370043515 2.376034388441409 2.313871584137137 2.2517087798328648 2.189545975528593 2.127383171224321 2.0652203669200486 2.0030575626157767 1.9408947583115046 1.8787319540072325 1.8165691497029606 1.7544063453986884 1.6922435410944163 1.6565353358130723 1.6491076955330481 1.6416800552530366 1.634252414973025 1.6268247746930136 1.619397134413002 1.6119694941329903 1.6045418538529788 1.5971142135729672 1.5896865732929557 1.5822589330129442 1.5748312927329327 1.7128024168299238 2.0062081105986707 2.299613804367918 2.5930194981366648 2.8864251919054116 3.179830885674159 3.473236579442905 3.7666422732116525 4.060047966980399 4.353453660749146 4.646859354517893 4.94026504828664 5.136400328074625 5.228551333767913 5.320702339461201 5.412853345154646
2.2748692130885426 2.2954030583495846 2.315936903610627 2.336470748871669 2.357004594132711 2.377538439393753 2.398072284654795 2.3795023457332745 2.3191295767145412 2.258756807695808 2.1983840386770748 2.1380112696583415 2.0776385006396083 2.017265731620875 1.956892962602142 1.8965201935834088 1.8361474245646756 1.7757746555459426 1.7154018865272094 1.6797340821055282 1.6704764438911137 1.661218805676715 1.6519611674623162 1.6427035292479175 1.633445891033519 1.6241882528191203 1.6149306146047215 1.6056729763903228 1.5964153381759243 1.5871576999615256 1.5779000617471268 1.7093328321769088 1.991166833444182 2.273000834711936 2.55483483597921 2.836668837246483 3.1185028385137565 3.40033683978103 3.682170841048303 3.9640048423155765 4.245838843582851 4.527672844850124 4.809506846117397 5.003736301201281 5.104314513636225 5.204892726071168 5.305470938506283
2.271523278668193 2.292969970941034 2.314416663213875 2.335863355486716 2.3573100477595568 2.3787567400323977 2.4002034323052386 2.38297030302514 2.324387569291946 2.2658048355587512 2.207222101825557 2.148639368092363 2.0900566343591684 2.031473900625974 1.9728911668927798 1.9143084331595854 1.855725699426391 1.797142965693197 1.7385602319600024 1.702932828397984 1.6918451922491793 1.6807575561003936 1.6696699199516076 1.658582283802822 1.6474946476540362 1.6364070115052503 1.6253193753564645 1.6142317392076786 1.6031441030588929 1.5920564669101072 1.5809688307613212 1.7058632475238937 1.9761255562896938 2.2463878650559543 2.5166501738217546 2.7869124825875544 3.0571747913533542 3.3274371001191545 3.5976994088849548 3.867961717650754 4.138224026416554 4.408486335182355 4.678748643948154 4.871072274327936 4.980077693504535 5.089083112681134 5.198088531857919
