Figures/CREST_Example_wjb_NSE/Rolling_result/20100722/BJP_forecast/ens_21/wjb.rain.20100726.asc
ncols            288
nrows            254
xllcorner        113.274861
yllcorner        31.4918055
cellsize         0.008333333333
NODATA_value     -9999
[rows 120 to 143 of 254, columns 216 to 269 of 288]
0.0 0.0 0.0 0.0 0.0 0.0 0.0 0.0 0.0 0.0 0.0 0.0 0.0 0.0 0.0 0.8980138917869571 0.8980138917869571 0.8980138917869571 0.8980138917869571 0.8980138917869571 0.8980138917869571 0.8980138917869571 0.8980138917869571 0.8980138917869571 0.8980138917869571 0.8980138917869571 0.8980138917869571 0.8980138917869571 0.8980138917869571 0.8980138917869571 0.8980138917869571 0.8980138917869571 0.8980138917869571 0.8980138917869571 0.8980138917869571 0.8980138917869571 0.8980138917869571 0.8980138917869571 0.8980138917869571 0.8980138917869571 0.8980138917869571 0.8980138917869571 0.8980138917869571 0.8980138917869571 0.8980138917869571 0.8980138917869571 0.8980138917869571 -9999.0 -9999.0 -9999.0 -9999.0 -9999.0 -9999.0 -9999.0
0.2208919443907926 0.22575372567121488 0.23061550695163713 0.22561243255633948 0.21006360418988898 0.19451477582341195 0.17896594745696146 0.16341711909051093 0.14786829072406044 0.13231946235760994 0.11677063399115942 0.10122180562470892 0.0856729772582584 0.0701241488918079 0.05457532052535741 0.047183061093083026 0.04851035846141416 0.0498376558297453 0.0511649531980787 0.05249225056640984 0.053819547934740974 0.05514684530307211 0.05647414267140325 0.057801440039734385 0.059128737408065526 0.06045603477639666 0.061783332144727796 0.07721951836438934 0.10773842612560561 0.13825733388682188 0.16877624164803812 0.19929514940930643 0.2298140571705227 0.26033296493173896 0.2908518726929552 0.32137078045417145 0.35188968821538774 0.382408595976604 0.4129275037378202 0.8980138917869571 0.8980138917869571 0.8980138917869571 0.8980138917869571 0.8980138917869571 0.8980138917869571 0.8980138917869571 0.8980138917869571 -9999.0 -9999.0 -9999.0 -9999.0 -9999.0 -9999.0 -9999.0
0.6779034517351226 0.692823951985456 0.7077444522357894 0.6923903323233873 0.6446719583051579 0.596953584286847 0.5492352102686175 0.5015168362503881 0.4537984622321587 0.40608008821392927 0.35836171419569984 0.31064334017747036 0.26292496615924094 0.21520659214101145 0.16748821812278203 0.14480183995231036 0.1488752318994552 0.15294862384660005 0.15702201579375186 0.1610954077408967 0.16516879968804155 0.1692421916351864 0.17331558358233123 0.17738897552947608 0.18146236747662092 0.18553575942376577 0.1896091513709106 0.20124086411227954 0.22095259286782767 0.24066432162337584 0.260376050378924 0.2800877791345058 0.29979950789005394 0.3195112366456021 0.33922296540115027 0.3589346941566984 0.37864642291224654 0.3983581516677947 0.4180698804233428 0.8980138917869571 0.8980138917869571 0.8980138917869571 0.8980138917869571 0.8980138917869571 0.8980138917869571 0.8980138917869571 0.8980138917869571 0.8980138917869571 0.8980138917869571 0.8980138917869571 -9999.0 -9999.0 -9999.0 -9999.0
1.1349149590794525 1.1598941782996972 1.1848733975199415 1.159168232090435 1.0792803124204267 0.9993923927502821 0.9195044730802737 0.8396165534102653 0.7597286337402569 0.6798407140702486 0.5999527944002402 0.5200648747302319 0.4401769550602235 0.36028903539021506 0.28040111572020676 0.2424206188115378 0.24924010533749638 0.25605959186345495 0.26287907838942515 0.2696985649153837 0.2765180514413422 0.2833375379673008 0.29015702449325936 0.29697651101921796 0.3037959975451765 0.31061548407113504 0.31743497059709364 0.3252622098601699 0.33416675961004993 0.34307130935992997 0.35197585910981 0.36088040885970524 0.36978495860958527 0.3786895083594653 0.38759405810934533 0.3964986078592254 0.4054031576091054 0.4143077073589855 0.4232122571088655 0.8980138917869571 0.8980138917869571 0.8980138917869571 0.8980138917869571 0.8980138917869571 0.8980138917869571 0.8980138917869571 0.8980138917869571 0.8980138917869571 0.8980138917869571 0.8980138917869571 0.8980138917869571 0.8980138917869571 0.8980138917869571 -9999.0
1.591926466424173 1.6269644046143372 1.6620023428045014 1.6259461318578816 1.513888666536067 1.401831201214061 1.289773735892246 1.1777162705704312 1.0656588052486164 0.9536013399268016 0.8415438746049868 0.729486409283172 0.6174289439613572 0.5053714786395425 0.39331401331772753 0.34003939767084834 0.34960497877562297 0.3591705598803976 0.36873614098518853 0.37830172208996315 0.3878673031947378 0.3974328842995124 0.4069984654042871 0.41656404650906165 0.4261296276138363 0.43569520871861095 0.44526078982338557 0.449283555608166 0.4473809263523687 0.4454782970965714 0.4435756678407741 0.4416730385849736 0.43977040932917627 0.437867780073379 0.4359651508175817 0.4340625215617844 0.4321598923059871 0.4302572630501898 0.42835463379439254 0.8980138917869571 0.8980138917869571 0.8980138917869571 0.8980138917869571 0.8980138917869571 0.8980138917869571 0.8980138917869571 0.8980138917869571 0.8980138917869571 0.8980138917869571 0.8980138917869571 0.8980138917869571 0.8980138917869571 0.8980138917869571 -9999.0
2.0489379737685027 2.0940346309285784 2.1391312880886537 2.0927240316249294 1.9484970206513357 1.804270009677496 1.6600429987039023 1.5158159877303086 1.3715889767567147 1.2273619657831212 1.0831349548095273 0.9389079438359336 0.7946809328623399 0.650453921888746 0.5062269109151523 0.43765817653007577 0.4499698522136641 0.4622815278972524 0.47459320358086177 0.4869048792644501 0.4992165549480384 0.5115282306316267 0.523839906315215 0.5361515819988034 0.5484632576823917 0.56077493336598 0.5730866090495683 0.5733049013560562 0.5605950930945908 0.5478852848331254 0.53517547657166 0.5224656683101729 0.5097558600487075 0.49704605178724215 0.48433624352577676 0.47162643526431136 0.45891662700284597 0.4462068187413806 0.4334970104799152 0.8980138917869571 0.8980138917869571 0.8980138917869571 0.8980138917869571 0.8980138917869571 0.8980138917869571 0.8980138917869571 0.8980138917869571 0.8980138917869571 0.8980138917869571 0.8980138917869571 0.8980138917869571 0.8980138917869571 0.8980138917869571 0.8980138917869571
2.5059494811128333 2.5611048572428197 2.616260233372806 2.5595019313919773 2.3831053747666044 2.206708818140931 2.0303122615155584 1.8539157048901858 1.677519148264813 1.5011225916394404 1.3247260350140677 1.148329478388695 0.9719329217633224 0.7955363651379495 0.619139808512577 0.5352769553893031 0.5503347256517052 0.5653924959141072 0.580450266176535 0.595508036438937 0.610565806701339 0.625623576963741 0.6406813472261431 0.6557391174885452 0.6707968877509471 0.6858546580133492 0.7009124282757513 0.6973262471039464 0.673809259836813 0.6502922725696795 0.6267752853025459 0.6032582980353723 0.5797413107682388 0.5562243235011053 0.5327073362339718 0.5091903489668383 0.48567336169970476 0.4621563744325713 0.43863938716543777 0.8980138917869571 0.8980138917869571 0.8980138917869571 0.8980138917869571 0.8980138917869571 0.8980138917869571 0.8980138917869571 0.8980138917869571 0.8980138917869571 0.8980138917869571 0.8980138917869571 0.8980138917869571 0.8980138917869571 0.8980138917869571 0.8980138917869571
2.9629609884571635 3.028175083557061 3.0933891786569587 3.0262798311590253 2.817713728881874 2.6091476266043667 2.400581524327215 2.192015422050063 1.9834493197729115 1.7748832174957598 1.5663171152186082 1.3577510129414565 1.1491849106643048 0.9406188083871534 0.7320527061100015 0.6328957342485305 0.6506995990897462 0.6685034639309619 0.6863073287722081 0.7041111936134239 0.7219150584546397 0.7397189232958554 0.7575227881370712 0.775326652978287 0.7931305178195027 0.8109343826607184 0.8287382475019341 0.8213475928518368 0.7870234265790351 0.7526992603062335 0.7183750940334319 0.6840509277605717 0.6497267614877701 0.6154025952149685 0.5810784289421669 0.5467542626693653 0.5124300963965637 0.478105930123762 0.4437817638509604 0.8980138917869571 0.8980138917869571 0.8980138917869571 0.8980138917869571 0.8980138917869571 0.8980138917869571 0.8980138917869571 0.8980138917869571 0.8980138917869571 0.8980138917869571 0.8980138917869571 0.8980138917869571 0.8980138917869571 0.8980138917869571 0.8980138917869571
3.4199724958014937 3.495245309871302 3.570518123941111 3.4930577309260733 3.252322082997143 3.0115864350678017 2.770850787138871 2.5301151392099404 2.28937949128101 2.048643843352079 1.8079081954231486 1.5671725474942177 1.3264368995652873 1.085701251636357 0.844965603707426 0.7305145131077578 0.7510644725277873 0.7716144319478168 0.7921643913678813 0.8127143507879108 0.8332643102079402 0.8538142696279697 0.8743642290479992 0.8949141884680287 0.9154641478880581 0.9360141073080877 0.9565640667281171 0.945368938599727 0.9002375933212573 0.8551062480427876 0.8099749027643178 0.7648435574857712 0.7197122122073014 0.6745808669288317 0.6294495216503619 0.5843181763718923 0.5391868310934225 0.4940554858149528 0.448924140536483 0.8980138917869571 0.8980138917869571 0.8980138917869571 0.8980138917869571 0.8980138917869571 0.8980138917869571 0.8980138917869571 0.8980138917869571 0.8980138917869571 0.8980138917869571 0.8980138917869571 0.8980138917869571 0.8980138917869571 0.8980138917869571 0.8980138917869571
3.876984003145824 3.9623155361855438 4.047647069225263 3.9598356306931217 3.686930437112412 3.414025243531237 3.141120049950527 2.8682148563698178 2.5953096627891084 2.322404469208399 2.049499275627689 1.7765940820469797 1.5036888884662698 1.2307836948855604 0.957878501304851 0.8281332919669852 0.8514293459658283 0.8747253999646716 0.8980214539635545 0.9213175079623976 0.9446135619612408 0.967909615960084 0.9912056699589272 1.0145017239577705 1.0377977779566137 1.0610938319554568 1.0843898859543 1.0693902843476173 1.0134517600634796 0.9575132357793417 0.9015747114952037 0.8456361872109706 0.7896976629268327 0.7337591386426949 0.677820614358557 0.6218820900744192 0.5659435657902814 0.5100050415061436 0.45406651722200564 0.8980138917869571 0.8980138917869571 0.8980138917869571 0.8980138917869571 0.8980138917869571 0.8980138917869571 0.8980138917869571 0.8980138917869571 0.8980138917869571 0.8980138917869571 0.8980138917869571 0.8980138917869571 0.8980138917869571 0.8980138917869571 0.8980138917869571
4.333995510490154 4.429385762499785 4.524776014509416 4.42661353046017 4.121538791227681 3.816464051994672 3.5113893127621836 3.2063145735296947 2.9012398342972068 2.596165095064718 2.2910903558322295 1.9860156165997411 1.6809408773672523 1.3758661381347639 1.0707913989022755 0.9257520708262125 0.9517942194038694 0.9778363679815263 1.0038785165592277 1.0299206651368844 1.0559628137145414 1.0820049622921983 1.1080471108698553 1.134089259447512 1.160131408025169 1.186173556602826 1.212215705180483 1.1934116300955075 1.1266659268057015 1.0599202235158955 0.9931745202260898 0.92642881693617 0.8596831136463641 0.7929374103565581 0.7261917070667521 0.6594460037769462 0.5927003004871403 0.5259545971973343 0.4592088939075284 0.8980138917869571 0.8980138917869571 0.8980138917869571 0.8980138917869571 0.8980138917869571 0.8980138917869571 0.8980138917869571 0.8980138917869571 0.8980138917869571 0.8980138917869571 0.8980138917869571 0.8980138917869571 0.8980138917869571 0.8980138917869571 0.8980138917869571
4.791007017834874 4.896455988814424 5.001904959793975 4.893391430227616 4.556147145343321 4.21890286045845 3.8816585755741553 3.544414290689861 3.207170005805566 2.869925720921271 2.5326814360369765 2.1954371511526816 1.8581928662683866 1.5209485813840917 1.1837042964997968 1.023370849685523 1.052159092841996 1.080947335998469 1.109735579154991 1.138523822311464 1.167312065467937 1.19610030862441 1.2248885517808827 1.2536767949373557 1.2824650380938287 1.3112532812503017 1.3400415244067747 1.3174329758435035 1.2398800935480203 1.1623272112525371 1.0847743289570537 1.0072214466614382 0.929668564365955 0.8521156820704717 0.7745627997749884 0.6970099174795051 0.6194570351840218 0.5419041528885387 0.46435127059305537 0.8980138917869571 0.8980138917869571 0.8980138917869571 0.8980138917869571 0.8980138917869571 0.8980138917869571 0.8980138917869571 0.8980138917869571 0.8980138917869571 0.8980138917869571 0.8980138917869571 0.8980138917869571 0.8980138917869571 0.8980138917869571 0.8980138917869571
5.248018525179204 5.363526215128666 5.479033905078128 5.360169329994664 4.99075549945859 4.621341668921886 4.251927838385813 3.882514007849738 3.5131001773136643 3.1436863467775904 2.7742725162415165 2.4048586857054426 2.0354448551693687 1.6660310246332952 1.2966171940972213 1.1209896285447503 1.152523966280037 1.1840583040153236 1.2155926417506642 1.247126979485951 1.2786613172212375 1.3101956549565243 1.341729992691811 1.3732643304270977 1.4047986681623843 1.436333005897671 1.4678673436329577 1.441454321591394 1.3530942602902427 1.2647341989890912 1.1763741376879397 1.0880140763866377 0.9996540150854865 0.911293953784335 0.8229338924831836 0.7345738311820322 0.6462137698808809 0.5578537085797295 0.469493647278578 0.8980138917869571 0.8980138917869571 0.8980138917869571 0.8980138917869571 0.8980138917869571 0.8980138917869571 0.8980138917869571 0.8980138917869571 0.8980138917869571 0.8980138917869571 0.8980138917869571 0.8980138917869571 0.8980138917869571 0.8980138917869571 0.8980138917869571
5.3726998731538185 5.4875804644024 5.602461055650981 5.481068815078486 5.107095570144686 4.733122325210248 4.359149080276448 3.985175835342648 3.6112025904088476 3.237229345475048 2.8632561005412476 2.4892828556074473 2.1153096106736475 1.7413363657398473 1.367363120806047 1.1899825033137983 1.2227638540940613 1.255545204874324 1.2883265556546428 1.3211079064349058 1.3538892572151686 1.3866706079954314 1.4194519587756944 1.4522333095559572 1.48501466033622 1.517796011116483 1.5505773618967458 1.524910056967942 1.4367598160810078 1.3486095751940737 1.2604593343071395 1.172309093420055 1.084158852533121 0.9960086116461867 0.9078583707592525 0.8197081298723183 0.7315578889853842 0.64340764809845 0.555257407211516 0.5801790236930039 0.7259770153539364 0.8717750070148689 1.0175729986758015 1.163370990336734 1.309168981997915 1.4549669736588475 1.60076496531978 1.7465629569807124 1.892360948641645 2.0381589403025773 2.18395693196351 0.8980138917869571 0.8980138917869571 0.8980138917869571
5.142141231033211 5.244972258130496 5.347803285227782 5.232246079226204 4.883226909647818 4.534207740068837 4.185188570490451 3.836169400912065 3.4871502313336786 3.1381310617552924 2.7891118921769062 2.44009272259852 2.0910735530201343 1.7420543834417481 1.393035213863362 1.22837609120275 1.2608020313712183 1.2932279715396868 1.3256539117082105 1.358079851876679 1.3905057920451473 1.422931732213616 1.4553576723820842 1.4877836125505528 1.5202095527190211 1.5526354928874897 1.585061433055958 1.5650037121353004 1.4888397695249047 1.412675826914509 1.3365118843041133 1.2603479416935877 1.184183999083192 1.1080200564727962 1.0318561138624005 0.9556921712520048 0.8795282286416091 0.8033642860312133 0.7272003434208176 0.7648478046516932 0.9241622329828965 1.0834766613140996 1.242791089645303 1.402105517976506 1.561419946307981 1.7207343746391843 1.8800488029703875 2.0393632313015906 2.1986776596327937 2.3579920879639973 2.5173065162952004 0.8980138917869571 0.8980138917869571 0.8980138917869571
4.911582588912602 5.002364051858593 5.093145514804583 4.983423343373923 4.659358249150951 4.335293154927426 4.011228060704454 3.6871629664814813 3.363097872258509 3.039032778035537 2.714967683812565 2.3909025895895923 2.06683749536662 1.742772401143648 1.418707306920676 1.2667696790917011 1.2988402086483752 1.3309107382050491 1.3629812677617779 1.395051797318452 1.427122326875126 1.4591928564318002 1.491263385988474 1.5233339155451482 1.5554044451018223 1.5874749746584964 1.6195455042151705 1.6050973673026592 1.5409197229688019 1.4767420786349446 1.4125644343010872 1.3483867899671205 1.2842091456332632 1.2200315012994059 1.1558538569655488 1.0916762126316915 1.0274985682978341 0.9633209239639768 0.8991432796301195 0.9495165856103825 1.1223474506118565 1.2951783156133305 1.4680091806148043 1.6408400456162786 1.8136709106180473 1.9865017756195211 2.1593326406209954 2.332163505622469 2.504994370623943 2.6778252356254173 2.850656100626891 0.8980138917869571 0.8980138917869571 0.8980138917869571
4.681023946791995 4.759755845586689 4.838487744381383 4.734600607521641 4.435489588654083 4.1363785697860145 3.8372675509184564 3.5381565320508983 3.2390455131833398 2.9399344943157812 2.640823475448223 2.341712456580665 2.0426014377131065 1.7434904188455485 1.44437939997799 1.3051632669806523 1.336878385925532 1.3685935048704116 1.4003086238153455 1.4320237427602251 1.4637388617051048 1.4954539806499842 1.5271690995948641 1.5588842185397436 1.5905993374846235 1.622314456429503 1.6540295753743828 1.6451910224700177 1.5929996764126988 1.54080833035538 1.488616984298061 1.4364256382406533 1.3842342921833344 1.3320429461260155 1.2798516000686968 1.227660254011378 1.175468907954059 1.12327756189674 1.0710862158394212 1.1341853665690718 1.3205326682408165 1.5068799699125612 1.693227271584306 1.8795745732560505 2.065921874928113 2.2522691765998575 2.4386164782716024 2.624963779943347 2.8113110816150915 2.9976583832868364 3.1840056849585814 0.8980138917869571 0.8980138917869571 0.8980138917869571
4.450465304671189 4.517147639314578 4.583829973957966 4.485777871669147 4.211620928157024 3.9374639846444337 3.6633070411323105 3.3891500976201874 3.1149931541080647 2.8408362105959415 2.5666792670838188 2.2925223235716956 2.0183653800595724 1.7442084365474497 1.4700514930353266 1.3435568548696366 1.3749165632027216 1.4062762715358064 1.4376359798689449 1.4689956882020299 1.5003553965351148 1.5317151048681996 1.5630748132012846 1.5944345215343696 1.6257942298674546 1.6571539382005396 1.6885136465336243 1.6852846776374104 1.6450796298566401 1.60487458207587 1.5646695342950998 1.5244644865142611 1.4842594387334909 1.4440543909527208 1.4038493431719505 1.3636442953911803 1.3234392476104102 1.28323419982964 1.2430291520488699 1.3188541475279185 1.5187178858699455 1.7185816242119725 1.9184453625539994 2.1183091008960266 2.318172839238394 2.518036577580421 2.7179003159224484 2.9177640542644747 3.117627792606502 3.317491530948529 3.517355269290556 0.8980138917869571 0.8980138917869571 0.8980138917869571
4.2199066625505814 4.2745394330426745 4.329172203534767 4.236955135816865 3.9877522676601567 3.7385493995030226 3.4893465313463135 3.2401436631896043 2.9909407950328952 2.741737926876186 2.492535058719477 2.243332190562768 1.9941293224060588 1.7449264542493497 1.4957235860926406 1.381950442758588 1.4129547404798786 1.443959038201169 1.4749633359225125 1.505967633643803 1.5369719313650936 1.5679762290863841 1.5989805268076744 1.629984824528965 1.6609891222502555 1.691993419971546 1.7229977176928366 1.725378332804769 1.6971595833005373 1.6689408337963054 1.6407220842920738 1.6125033347877937 1.584284585283562 1.5560658357793304 1.5278470862750986 1.4996283367708667 1.471409587266635 1.4431908377624032 1.4149720882581716 1.5035229284866078 1.7169031034989057 1.9302832785112032 2.143663453523501 2.3570436285357985 2.5704238035484606 2.783803978560758 2.9971841535730555 3.2105643285853533 3.4239445035976512 3.637324678609949 3.850704853622247 0.8980138917869571 0.8980138917869571 0.8980138917869571
3.989348020429973 4.03193122677077 4.074514433111568 3.988132399964584 3.763883607163289 3.5396348143616114 3.3153860215603164 3.0911372287590213 2.866888435957726 2.6426396431564307 2.4183908503551352 2.19414205755384 1.9698932647525451 1.74564447195125 1.521395679149955 1.4203440306475392 1.4509929177570353 1.4816418048665316 1.51229069197608 1.542939579085576 1.573588466195072 1.6042373533045684 1.6348862404140645 1.6655351275235606 1.6961840146330567 1.7268329017425528 1.7574817888520489 1.7654719879721277 1.7492395367444342 1.733007085516741 1.7167746342890475 1.7005421830613265 1.6843097318336333 1.66807728060594 1.6518448293782466 1.6356123781505534 1.61937992692286 1.6031474756951667 1.5869150244674732 1.6881917094452972 1.9150883211278658 2.141984932810434 2.3688815444930027 2.5957781561755713 2.8226747678585262 3.049571379541095 3.2764679912236634 3.503364602906232 3.7302612145888006 3.9571578262713687 4.184054437953938 0.8980138917869571 0.8980138917869571 0.8980138917869571
3.7587893783093653 3.789323020498867 3.8198566626883688 3.739309664112303 3.540014946666422 3.3407202292202007 3.1414255117743193 2.9421307943284383 2.742836076882557 2.5435413594366754 2.3442466419907944 2.1449519245449133 1.945657207099032 1.7463624896531504 1.5470677722072694 1.4587376185364906 1.4890310950341925 1.5193245715318942 1.5496180480296475 1.5799115245273492 1.610205001025051 1.6404984775227527 1.6707919540204543 1.7010854305181562 1.7313789070158578 1.7616723835135595 1.7919658600112611 1.8055656431394862 1.8013194901883312 1.7970733372371763 1.7928271842860215 1.7885810313348594 1.7843348783837045 1.7800887254325495 1.7758425724813947 1.7715964195302398 1.767350266579085 1.76310411362793 1.7588579606767751 1.8728604904039865 2.1132735387568258 2.353686587109665 2.5940996354625043 2.8345126838153436 3.0749257321685928 3.315338780521432 3.5557518288742713 3.7961648772271106 4.03657792557995 4.276990973932789 4.517404022285628 0.8980138917869571 0.8980138917869571 0.8980138917869571
3.5282307361887573 3.5467148142269633 3.5651988922651694 3.4904869282600215 3.316146286169554 3.1418056440787896 2.967465001988322 2.793124359897855 2.6187837178073874 2.44444307571692 2.2701024336264526 2.0957617915359856 1.921421149445518 1.7470805073550508 1.5727398652645834 1.497131206425442 1.5270692723113493 1.5570073381972567 1.586945404083215 1.6168834699691224 1.6468215358550296 1.676759601740937 1.7066976676268442 1.7366357335127516 1.766573799398659 1.7965118652845662 1.8264499311704734 1.8456592983068447 1.8533994436322283 1.861139588957612 1.8688797342829953 1.8766198796083922 1.8843600249337757 1.892100170259159 1.8998403155845427 1.9075804609099263 1.9153206062353099 1.9230607515606934 1.930800896886077 2.057529271362676 2.311458756385786 2.5653882414088955 2.8193177264320055 3.0732472114551155 3.3271766964786584 3.5811061815017684 3.8350356665248784 4.088965151547988 4.342894636571098 4.596824121594208 4.850753606617318 0.8980138917869571 0.8980138917869571 0.8980138917869571
3.2976720940681488 3.3041066079550596 3.31054112184197 3.2416641924077396 3.0922776256726863 2.942891058937378 2.7935044922023247 2.6441179254672713 2.494731358732218 2.3453447919971646 2.1959582252621113 2.046571658527058 1.8971850917920043 1.7477985250569508 1.5984119583218974 1.5355247943143935 1.5651074495885064 1.5946901048626192 1.6242727601367826 1.6538554154108955 1.6834380706850083 1.7130207259591212 1.7426033812332342 1.772186036507347 1.80176869178146 1.831351347055573 1.8609340023296856 1.8857529534742032 1.9054793970761252 1.9252058406780472 1.9449322842799692 1.964658727881925 1.984385171483847 2.004111615085769 2.023838058687691 2.043564502289613 2.063290945891535 2.083017389493457 2.102743833095379 2.242198052321365 2.509643974014746 2.7770898957081265 3.044535817401507 3.311981739094888 3.579427660788725 3.8468735824821056 4.114319504175485 4.381765425868867 4.649211347562247 4.916657269255628 5.184103190949008 0.8980138917869571 0.8980138917869571 0.8980138917869571
3.0671134519475407 3.061498401683156 3.0558833514187707 2.992841456555458 2.868408965175819 2.743976473795967 2.6195439824163276 2.4951114910366883 2.3706789996570485 2.2462465082774092 2.1218140168977695 1.9973815255181302 1.8729490341384907 1.7485165427588512 1.6240840513792116 1.5739183822033447 1.6031456268656632 1.6323728715279817 1.66160011619035 1.6908273608526685 1.720054605514987 1.7492818501773055 1.778509094839624 1.8077363395019426 1.836963584164261 1.8661908288265796 1.895418073488898 1.9258466086415618 1.9575593505200222 1.9892720923984826 2.020984834276943 2.052697576155458 2.084410318033918 2.1161230599123786 2.1478358017908388 2.1795485436692994 2.2112612855477596 2.24297402742622 2.2746867693046804 2.4268668332800543 2.707829191643706 2.9887915500073574 3.2697539083710088 3.5507162667346606 3.8316786250987906 4.112640983462443 4.393603341826093 4.674565700189746 4.955528058553397 5.236490416917048 5.5174527752807 0.8980138917869571 0.8980138917869571 0.8980138917869571
