Figures/CREST_Example_wjb_NSE/Rolling_result/20100722/BJP_forecast/ens_21/wjb.rain.20100722.asc
ncols            288
nrows            254
xllcorner        113.274861
yllcorner        31.4918055
cellsize         0.008333333333
NODATA_value     -9999
[rows 200 to 219 of 254, columns 132 to 175 of 288]
14.451183298745745 14.111066183842865 13.770949068939984 13.48600918279606 13.26005500213044 13.034100821464818 12.808146640799198 12.582192460133577 12.356238279467956 12.130284098802335 11.904329918136714 11.678375737470708 11.452421556805087 11.226467376139466 11.000513195473845 10.875210765396192 10.857507333328865 10.839803901261536 10.82210046919421 10.804397037126883 10.786693605059556 10.768990172992227 10.7512867409249 10.733583308857574 10.715879876790215 10.698176444722888 10.680473012655561 10.807612521309217 11.089592410078586 11.371572298847955 11.653552187617326 11.935532076386695 12.217511965156064 12.499491853925432 12.781471742694801 13.063451631464172 13.345431520233541 13.627411409003392 13.90939129777276 14.02632315120252 13.966814920971034 13.907306690739548 13.847798460508061 13.788290230276576
14.601954340064438 14.436721487434387 14.271488634804335 14.058993425024157 13.79597368652496 13.532953948025764 13.269934209526566 13.006914471027368 12.743894732528172 12.480874994028975 12.217855255529779 11.954835517030133 11.691815778530936 11.428796040031738 11.165776301532542 11.022759143831788 11.008027459330835 10.993295774829884 10.97856409032893 10.963832405827977 10.949100721327026 10.934369036826073 10.91963735232512 10.904905667824169 10.89017398332319 10.875442298822238 10.860710614321286 11.001131596975855 11.30741429052047 11.613696984065083 11.919979677609696 12.226262371154311 12.532545064698924 12.83882775824354 13.145110451788153 13.451393145332766 13.75767583887738 14.063958532422518 14.370241225967131 14.498786110703655 14.437325256860271 14.375864403016887 14.314403549173504 14.25294269533012
14.75272538138313 14.762376791025906 14.772028200668682 14.631977667252254 14.331892370919482 14.031807074586709 13.731721778253934 13.431636481921162 13.131551185588389 12.831465889255616 12.531380592922844 12.231295296589558 11.931210000256787 11.631124703924012 11.33103940759124 11.170307522267386 11.158547585332808 11.14678764839823 11.135027711463653 11.123267774529076 11.111507837594498 11.099747900659919 11.087987963725341 11.076228026790764 11.064468089856167 11.05270815292159 11.040948215987012 11.194650672642492 11.525236170962351 11.855821669282209 12.186407167602068 12.516992665921927 12.847578164241785 13.178163662561644 13.508749160881504 13.839334659201361 14.16992015752122 14.500505655841643 14.8310911541615 14.971249070204792 14.90783559274951 14.844422115294227 14.781008637838946 14.717595160383665
14.90349642270182 15.088032094617427 15.272567766533033 15.204961909480351 14.867811055314002 14.530660201147654 14.193509346981305 13.856358492814955 13.519207638648606 13.182056784482256 12.844905930315907 12.507755076148984 12.170604221982634 11.833453367816286 11.496302513649937 11.317855900702982 11.30906771133478 11.300279521966576 11.291491332598374 11.28270314323017 11.273914953861969 11.265126764493765 11.256338575125563 11.247550385757359 11.23876219638914 11.229974007020939 11.221185817652735 11.38816974830913 11.743058051404233 12.097946354499337 12.45283465759444 12.807722960689544 13.162611263784648 13.517499566879751 13.872387869974855 14.227276173069956 14.582164476165062 14.93705277926077 15.291941082355873 15.44371202970593 15.37834592863875 15.312979827571569 15.24761372650439 15.18224762543721
15.054267464020578 15.413687398209087 15.773107332397593 15.777946151708694 15.403729739708753 15.02951332770881 14.65529691570887 14.28108050370893 13.90686409170899 13.532647679709047 13.158431267709107 12.784214855708527 12.409998443708586 12.035782031708646 11.661565619708703 11.465404279138644 11.459587837336818 11.45377139553499 11.447954953733163 11.442138511931336 11.43632207012951 11.430505628327683 11.424689186525855 11.418872744724029 11.413056302922191 11.407239861120365 11.401423419318538 11.58168882397585 11.96087993184621 12.340071039716568 12.719262147586926 13.098453255457285 13.477644363327643 13.856835471198002 14.23602657906836 14.615217686938719 14.994408794809077 15.373599902680082 15.752791010550439 15.916174989207269 15.84885626452819 15.78153753984911 15.714218815170032 15.646900090490952
15.109732682162733 15.556348112273419 16.002963542384105 16.043753466460345 15.650706746092082 15.257660025723817 14.864613305355553 14.471566584987288 14.078519864619025 13.68547314425076 13.292426423882496 12.899379703513562 12.506332983145297 12.113286262777033 11.720239542408768 11.51734112348264 11.5177155397434 11.518089956004157 11.518464372264916 11.518838788525674 11.519213204786432 11.51958762104719 11.519962037307948 11.520336453568707 11.520710869829465 11.521085286090223 11.521459702350981 11.709242237475731 12.097368291015853 12.485494344555976 12.873620398096097 13.26174645163622 13.649872505176342 14.037998558716465 14.426124612256586 14.81425066579671 15.202376719336831 15.590502772877617 15.978628826417737 16.14305323191768 16.068335514858255 15.993617797798828 15.918900080739403 15.844182363679977
15.063321982284217 15.50339914395386 15.943476305623506 15.981208006550323 15.588823310157032 15.19643861376374 14.80405391737045 14.411669220977158 14.019284524583867 13.626899828190576 13.234515131797284 12.842130435403323 12.449745739010032 12.05736104261674 11.66497634622345 11.467075264106175 11.477081564655208 11.487087865204241 11.497094165753275 11.507100466302308 11.517106766851342 11.527113067400375 11.537119367949408 11.547125668498442 11.557131969047491 11.567138269596525 11.577144570145558 11.766282515816687 12.146916242251404 12.52754996868612 12.908183695120837 13.288817421555553 13.669451147990268 14.050084874424984 14.4307186008597 14.811352327294417 15.191986053729131 15.572619780164498 15.953253506599214 16.107416891142915 16.019478356764523 15.931539822386132 15.84360128800774 15.755662753629348
15.016911282405683 15.450450175634282 15.883989068862881 15.918662546640274 15.526939874221956 15.135217201803638 14.74349452938532 14.351771856967002 13.960049184548684 13.568326512130366 13.176603839712048 12.784881167293062 12.393158494874744 12.001435822456425 11.609713150038107 11.416809404729689 11.436447589567 11.456085774404315 11.475723959241627 11.495362144078939 11.515000328916251 11.534638513753563 11.554276698590876 11.573914883428188 11.593553068265534 11.613191253102846 11.632829437940158 11.823322794157669 12.196464193486975 12.569605592816282 12.942746992145588 13.315888391474894 13.6890297908042 14.062171190133508 14.435312589462814 14.80845398879212 15.181595388121426 15.55473678745137 15.927878186780676 16.071780550368135 15.97062119867077 15.869461846973406 15.768302495276043 15.66714314357868
14.970500582527169 15.397501207314725 15.824501832102282 15.85611708673025 15.465056438286906 15.073995789843561 14.682935141400216 14.291874492956872 13.900813844513527 13.509753196070182 13.118692547626836 12.727631899182825 12.33657125073948 11.945510602296135 11.55444995385279 11.366543545353224 11.395813614478811 11.425083683604399 11.454353752729986 11.483623821855574 11.512893890981161 11.542163960106748 11.571434029232336 11.600704098357923 11.62997416748356 11.659244236609148 11.688514305734735 11.880363072498627 12.246012144722526 12.611661216946425 12.977310289170326 13.342959361394225 13.708608433618124 14.074257505842025 14.439906578065925 14.805555650289826 15.171204722513725 15.536853794738247 15.902502866962148 16.036144209593367 15.921764040577036 15.807383871560708 15.693003702544377 15.578623533528049
14.924089882648655 15.344552238995169 15.765014595341682 15.79357162682023 15.403173002351858 15.012774377883485 14.622375753415113 14.231977128946742 13.84157850447837 13.451179880009997 13.060781255541626 12.670382631072588 12.279984006604217 11.889585382135845 11.499186757667472 11.31627768597676 11.355179639390622 11.394081592804485 11.432983546218347 11.471885499632208 11.51078745304607 11.549689406459933 11.588591359873796 11.627493313287658 11.666395266701587 11.705297220115447 11.74419917352931 11.937403350839583 12.295560095958077 12.65371684107657 13.011873586195064 13.370030331313558 13.72818707643205 14.086343821550544 14.444500566669038 14.80265731178753 15.160814056906025 15.51897080202513 15.877127547143623 16.0005078688186 15.872906882483306 15.745305896148011 15.617704909812716 15.490103923477418
14.877679182770121 15.29160327067559 15.705527358581058 15.731026166910182 15.341289566416782 14.951552965923383 14.561816365429985 14.172079764936587 13.782343164443187 13.392606563949789 13.00286996345639 12.613133362962326 12.223396762468928 11.83366016197553 11.44392356148213 11.266011826600273 11.314545664302415 11.363079502004556 11.411613339706697 11.460147177408839 11.50868101511098 11.557214852813122 11.605748690515263 11.654282528217404 11.702816365919627 11.751350203621769 11.79988404132391 11.994443629180564 12.345108047193648 12.695772465206732 13.046436883219815 13.3971013012329 13.747765719245983 14.098430137259069 14.449094555272152 14.799758973285236 15.15042339129832 15.501087809312002 15.851752227325086 15.96487152804382 15.824049724389553 15.683227920735286 15.542406117081018 15.401584313426751
14.831268482891605 15.238654302356032 15.646040121820457 15.668480707000157 15.279406130481732 14.890331553963307 14.50125697744488 14.112182400926455 13.723107824408029 13.334033247889604 12.944958671371179 12.55588409485209 12.166809518333665 11.777734941815238 11.388660365296811 11.215745967223809 11.273911689214225 11.332077411204642 11.390243133195058 11.448408855185473 11.50657457717589 11.564740299166306 11.622906021156723 11.681071743147138 11.739237465137654 11.79740318712807 11.855568909118487 12.05148390752152 12.394655998429199 12.737828089336876 13.081000180244553 13.42417227115223 13.767344362059909 14.110516452967586 14.453688543875263 14.796860634782941 15.140032725690618 15.483204816598882 15.826376907506559 15.929235187269054 15.77519256629582 15.621149945322587 15.467107324349353 15.313064703376119
14.784857783013091 15.185705334036474 15.58655288505986 15.605935247090136 15.217522694546684 14.82911014200323 14.440697589459777 14.052285036916325 13.663872484372872 13.27545993182942 12.887047379285967 12.498634826741853 12.1102222741984 11.721809721654946 11.333397169111494 11.165480107847344 11.233277714126036 11.301075320404726 11.368872926683418 11.43667053296211 11.5044681392408 11.572265745519491 11.640063351798183 11.707860958076873 11.77565856435568 11.843456170634372 11.911253776913062 12.108524185862478 12.444203949664749 12.77988371346702 13.11556347726929 13.451243241071563 13.786923004873833 14.122602768676105 14.458282532478375 14.793962296280647 15.129642060082917 15.46532182388576 15.801001587688031 15.893598846494287 15.726335408202088 15.559071969909889 15.39180853161769 15.224545093325489
14.738447083134558 15.132756365716897 15.527065648299235 15.543389787180088 15.155639258611608 14.76788873004313 14.380138201474649 13.992387672906169 13.60463714433769 13.21688661576921 12.82913608720073 12.44138555863159 12.053635030063111 11.66588450149463 11.278133972926152 11.115214248470856 11.192643739037827 11.270073229604797 11.347502720171768 11.424932210738739 11.502361701305707 11.579791191872678 11.657220682439648 11.734650173006619 11.812079663573721 11.889509154140692 11.966938644707662 12.16556446420346 12.493751900900321 12.821939337597183 13.150126774294042 13.478314210990904 13.806501647687766 14.134689084384627 14.462876521081489 14.79106395777835 15.119251394475212 15.447438831172633 15.775626267869495 15.857962505719506 15.677478250108335 15.496993994497164 15.316509738885992 15.136025483274821
14.692036383256044 15.079807397397339 15.467578411538634 15.480844327270065 15.093755822676558 14.706667318083051 14.319578813489544 13.932490308896039 13.545401804302532 13.158313299709025 12.771224795115518 12.384136290521353 11.997047785927846 11.609959281334339 11.222870776740834 11.064948389094392 11.152009763949637 11.239071138804883 11.326132513660127 11.413193888515373 11.500255263370619 11.587316638225863 11.674378013081109 11.761439387936354 11.848500762791748 11.935562137646993 12.02262351250224 12.222604742544416 12.54329985213587 12.863994961727325 13.184690071318782 13.505385180910237 13.826080290501691 14.146775400093146 14.4674705096846 14.788165619276056 15.10886072886751 15.429555838459512 15.750250948050969 15.82232616494474 15.628621092014603 15.434916019084465 15.241210946154329 15.04750587322419
14.64562568337753 15.026858429077782 15.408091174778036 15.418298867360042 15.031872386741508 14.645445906122976 14.259019425504443 13.872592944885909 13.486166464267376 13.099739983648842 12.713313503030308 12.326887022411116 11.940460541792582 11.554034061174049 11.167607580555515 11.014682529717927 11.111375788861448 11.208069048004967 11.304762307148488 11.401455566292007 11.498148825435528 11.59484208457905 11.691535343722569 11.78822860286609 11.884921862009774 11.981615121153295 12.078308380296814 12.279645020885374 12.592847803371422 12.90605058585747 13.21925336834352 13.532456150829567 13.845658933315615 14.158861715801665 14.472064498287713 14.78526728077376 15.09847006325981 15.411672845746393 15.724875628232441 15.786689824169976 15.579763933920871 15.372838043671768 15.165912153422664 14.95898626317356
14.599214983499015 14.973909460758225 15.348603938017437 15.35575340745002 14.96998895080646 14.5842244941629 14.19846003751934 13.81269558087578 13.426931124232219 13.041166667588659 12.655402210945098 12.269637754300879 11.883873297657319 11.498108841013758 11.112344384370198 10.964416670341464 11.070741813773258 11.177066957205053 11.28339210063685 11.389717244068644 11.496042387500438 11.602367530932234 11.708692674364029 11.815017817795823 11.9213429612278 12.027668104659595 12.13399324809139 12.336685299226328 12.642395754606971 12.948106209987614 13.253816665368255 13.559527120748898 13.865237576129541 14.170948031510182 14.476658486890825 14.782368942271466 15.088079397652109 15.393789853033272 15.699500308413915 15.751053483395209 15.53090677582714 15.31076006825907 15.090613360691 14.87046665312293
15.663774040729896 15.663774040729896 15.663774040729896 15.54267223550122 15.177614515525711 14.812556795550204 14.447499075574695 14.082441355599187 13.717383635623678 13.35232591564817 12.987268195672662 12.62221047569653 12.257152755721023 11.892095035745514 11.527037315770006 11.391775507566765 11.502170726778619 11.612565945990474 11.722961165202326 11.83335638441418 11.943751603626035 12.054146822837888 12.164542042049742 12.274937261261597 12.385332480473638 12.495727699685492 12.606122918897347 12.830293582574729 13.176092770094453 13.521891957614178 13.867691145133902 14.213490332653626 14.559289520173351 14.905088707693075 15.250887895212799 15.596687082732522 15.942486270252248 16.28828545777256 16.634084645292287 16.692511102733 16.443729610483373 16.19494811823375 15.946166625984125 15.6973851337345
15.663774040729896 15.663774040729896 15.663774040729896 15.996252664608656 15.673328215828974 15.35040376704929 15.027479318269606 14.704554869489922 14.381630420710238 14.058705971930554 13.73578152315087 13.412857074370637 13.089932625590952 12.767008176811268 12.444083728031584 12.329685042612219 12.438205114848234 12.546725187084249 12.655245259320264 12.763765331556279 12.872285403792294 12.980805476028308 13.089325548264323 13.197845620500338 13.306365692736538 13.414885764972553 13.523405837208568 13.79056554807418 14.227314621214234 14.664063694354287 15.100812767494341 15.537561840634394 15.974310913774447 16.411059986914502 16.847809060054555 17.284558133194608 17.72130720633466 18.15805627947546 18.594805352615513 18.678420582957774 18.384527746399062 18.090634909840347 17.796742073281635 17.502849236722923
15.663774040729896 15.663774040729896 15.663774040729896 16.44983309371609 16.16904191613223 15.888250738548372 15.607459560964514 15.326668383380655 15.045877205796797 14.765086028212938 14.48429485062908 14.203503673044741 13.922712495460884 13.641921317877024 13.361130140293167 13.267594577657675 13.374239502917852 13.480884428178028 13.587529353438203 13.694174278698378 13.800819203958554 13.90746412921873 14.014109054478906 14.120753979739082 14.22739890499944 14.334043830259615 14.44068875551979 14.75083751357363 15.278536472334014 15.806235431094397 16.33393438985478 16.86163334861516 17.389332307375547 17.91703126613593 18.44473022489631 18.972429183656693 19.500128142417076 20.02782710117836 20.555526059938742 20.664330063182547 20.325325882314747 19.986321701446947 19.647317520579147 19.308313339711347
