Figures/CREST_Example_wjb_NSE/Rolling_result/20100722/BJP_forecast/ens_21/wjb.rain.20100401.asc
ncols            288
nrows            254
xllcorner        113.274861
yllcorner        31.4918055
cellsize         0.008333333333
NODATA_value     -9999
[rows 150 to 174 of 254, columns 228 to 284 of 288]
0.5786211352600369 0.5332324059950109 0.48784367672998497 0.46439222767387733 0.46439222767387733 0.46439222767387733 0.46439222767387733 0.46439222767387733 0.46439222767387733 0.46439222767387733 0.46439222767387733 0.46439222767387733 0.46439222767387733 0.46439222767387733 0.46439222767387733 0.469545394902903 0.4802074145434444 0.4908694341839859 0.5015314538245272 0.5121934734650869 0.5228554931056283 0.5335175127461698 0.5441795323867111 0.5548415520272526 0.565503571667794 0.5761655913083354 0.5868276109488768 0.6044434269350888 0.6294930086306757 0.6545425903262627 0.6795921720218496 0.7046417537174365 0.7296913354130663 0.7547409171086532 0.7797904988042401 0.804840080499827 0.829889662195414 0.8549392438910011 0.879988825586588 0.8929314437246095 0.8929314437246095 0.8929314437246095 0.8929314437246095 0.8929314437246095 0.8929314437246095 0.8929314437246095 0.8929314437246095 0.8929314437246095 0.8929314437246095 0.8929314437246095 0.8929314437246095 0.9203274419914862 0.9770103826921588 1.0336933233928312 1.0903762640935037 1.1470592047941763 -9999.0
0.6061258981493558 0.5564919143631024 0.506857930576849 0.4812130433754815 0.4812130433754815 0.4812130433754815 0.4812130433754815 0.4812130433754815 0.4812130433754815 0.4812130433754815 0.4812130433754815 0.4812130433754815 0.4812130433754815 0.4812130433754815 0.4812130433754815 0.48599209775282964 0.4958800694350791 0.5057680411173286 0.5156560127995781 0.5255439844818444 0.5354319561640939 0.5453199278463434 0.5552078995285928 0.5650958712108423 0.5749838428930918 0.5848718145753412 0.5947597862575907 0.6125074643885976 0.6386573466366268 0.6648072288846558 0.690957111132685 0.717106993380714 0.7432568756287877 0.7694067578768169 0.795556640124846 0.821706522372875 0.8478564046209042 0.8740062868689333 0.9001561691169624 0.9136672905561717 0.9136672905561717 0.9136672905561717 0.9136672905561717 0.9136672905561717 0.9136672905561717 0.9136672905561717 0.9136672905561717 0.9136672905561717 0.9136672905561717 0.9136672905561717 0.9136672905561717 0.9411591486550873 0.9980404255186587 1.0549217023822302 1.1118029792458015 1.1686842561093729 -9999.0
0.6336306610386746 0.5797514227311937 0.5258721844237129 0.49803385907708564 0.49803385907708564 0.49803385907708564 0.49803385907708564 0.49803385907708564 0.49803385907708564 0.49803385907708564 0.49803385907708564 0.49803385907708564 0.49803385907708564 0.49803385907708564 0.49803385907708564 0.5024388006027564 0.5115527243267138 0.5206666480506714 0.5297805717746289 0.5388944954986019 0.5480084192225595 0.557122342946517 0.5662362666704746 0.575350190394432 0.5844641141183895 0.5935780378423471 0.6026919615663046 0.6205715018421064 0.6478216846425777 0.6750718674430489 0.7023220502435202 0.7295722330439914 0.7568224158445092 0.7840725986449805 0.8113227814454517 0.838572964245923 0.8658231470463942 0.8930733298468654 0.9203235126473367 0.9344031373877337 0.9344031373877337 0.9344031373877337 0.9344031373877337 0.9344031373877337 0.9344031373877337 0.9344031373877337 0.9344031373877337 0.9344031373877337 0.9344031373877337 0.9344031373877337 0.9344031373877337 0.9619908553186882 1.0190704683451586 1.076150081371629 1.133229694398099 1.1903093074245694 -9999.0
0.6611354239279934 0.603010931099285 0.5448864382705768 0.5148546747786897 0.5148546747786897 0.5148546747786897 0.5148546747786897 0.5148546747786897 0.5148546747786897 0.5148546747786897 0.5148546747786897 0.5148546747786897 0.5148546747786897 0.5148546747786897 0.5148546747786897 0.5188855034526829 0.5272253792183486 0.5355652549840141 0.5439051307496796 0.5522450065153595 0.560584882281025 0.5689247580466906 0.5772646338123562 0.5856045095780218 0.5939443853436873 0.6022842611093528 0.6106241368750185 0.6286355392956153 0.6569860226485287 0.6853365060014421 0.7136869893543555 0.7420374727072689 0.7703879560602307 0.798738439413144 0.8270889227660575 0.8554394061189708 0.8837898894718843 0.9121403728247977 0.9404908561777111 0.9551389842192959 0.9551389842192959 0.9551389842192959 0.9551389842192959 0.9551389842192959 0.9551389842192959 0.9551389842192959 0.9551389842192959 0.9551389842192959 0.9551389842192959 0.9551389842192959 0.9551389842192959 0.9828225619822892 1.0401005111716584 1.0973784603610277 1.1546564095503968 1.2119343587397662 -9999.0
0.6886401868173121 0.6262704394673764 0.5639006921174406 0.5316754904802938 0.5316754904802938 0.5316754904802938 0.5316754904802938 0.5316754904802938 0.5316754904802938 0.5316754904802938 0.5316754904802938 0.5316754904802938 0.5316754904802938 0.5316754904802938 0.5316754904802938 0.5353322063026096 0.5428980341099832 0.5504638619173569 0.5580296897247304 0.5655955175321169 0.5731613453394906 0.5807271731468642 0.5882930009542378 0.5958588287616114 0.603424656568985 0.6109904843763587 0.6185563121837323 0.6366995767491241 0.6661503606544796 0.6956011445598352 0.7250519284651908 0.7545027123705463 0.7839534962759521 0.8134042801813077 0.8428550640866632 0.8723058479920188 0.9017566318973744 0.9312074158027299 0.9606581997080855 0.975874831050858 0.975874831050858 0.975874831050858 0.975874831050858 0.975874831050858 0.975874831050858 0.975874831050858 0.975874831050858 0.975874831050858 0.975874831050858 0.975874831050858 0.975874831050858 1.0036542686458902 1.0611305539981584 1.1186068393504265 1.1760831247026946 -9999.0 -9999.0
0.716144949706631 0.6495299478354677 0.5829149459643045 0.5484963061818979 0.5484963061818979 0.5484963061818979 0.5484963061818979 0.5484963061818979 0.5484963061818979 0.5484963061818979 0.5484963061818979 0.5484963061818979 0.5484963061818979 0.5484963061818979 0.5484963061818979 0.5517789091525361 0.5585706890016179 0.5653624688506995 0.5721542486997812 0.5789460285488744 0.5857378083979561 0.5925295882470378 0.5993213680961195 0.6061131479452011 0.6129049277942828 0.6196967076433645 0.6264884874924461 0.644763614202633 0.6753146986604307 0.7058657831182285 0.7364168675760261 0.7669679520338238 0.7975190364916737 0.8280701209494714 0.858621205407269 0.8891722898650668 0.9197233743228646 0.9502744587806622 0.9808255432384599 0.9966106778824202 0.9966106778824202 0.9966106778824202 0.9966106778824202 0.9966106778824202 0.9966106778824202 0.9966106778824202 0.9966106778824202 0.9966106778824202 0.9966106778824202 0.9966106778824202 0.9966106778824202 1.0244859753094913 1.0821605968246584 1.1398352183398253 1.1975098398549924 1.2551844613701593 -9999.0
0.7436497125959499 0.6727894562035592 0.6019291998111685 0.5653171218835021 0.5653171218835021 0.5653171218835021 0.5653171218835021 0.5653171218835021 0.5653171218835021 0.5653171218835021 0.5653171218835021 0.5653171218835021 0.5653171218835021 0.5653171218835021 0.5653171218835021 0.5682256120024629 0.5742433438932526 0.5802610757840423 0.586278807674832 0.592296539565632 0.5983142714564217 0.6043320033472115 0.6103497352380012 0.6163674671287909 0.6223851990195806 0.6284029309103702 0.63442066280116 0.6528276516561418 0.6844790366663817 0.7161304216766216 0.7477818066868614 0.7794331916971013 0.8110845767073951 0.842735961717635 0.8743873467278749 0.9060387317381147 0.9376901167483547 0.9693415017585945 1.0009928867688345 1.0173465247139823 1.0173465247139823 1.0173465247139823 1.0173465247139823 1.0173465247139823 1.0173465247139823 1.0173465247139823 1.0173465247139823 1.0173465247139823 1.0173465247139823 1.0173465247139823 1.0173465247139823 1.0453176819730925 1.1031906396511584 1.1610635973292243 1.2189365550072901 -9999.0 -9999.0
0.7578603232836729 0.6848067137068093 0.6117531041299458 0.5740077644586563 0.5740077644586563 0.5740077644586563 0.5740077644586563 0.5740077644586563 0.5740077644586563 0.5740077644586563 0.5740077644586563 0.5740077644586563 0.5740077644586563 0.5740077644586563 0.5740077644586563 0.5767229654331203 0.5823407777087809 0.5879585899844415 0.5935764022601021 0.5991942145357723 0.6048120268114329 0.6104298390870935 0.6160476513627541 0.6216654636384147 0.6272832759140753 0.6329010881897359 0.6385189004653965 0.6569940172155967 0.689213883504994 0.7214337497943913 0.7536536160837887 0.785873482373186 0.8180933486626383 0.8503132149520356 0.8825330812414328 0.9147529475308303 0.9469728138202275 0.9791926801096248 1.011412546399022 1.028059907257557 1.028059907257557 1.028059907257557 1.028059907257557 1.028059907257557 1.028059907257557 1.028059907257557 1.028059907257557 1.028059907257557 1.028059907257557 1.028059907257557 1.028059907257557 1.0560805914571165 -9999.0 -9999.0 -9999.0 -9999.0 -9999.0
0.7578603232836729 0.6848067137068093 0.6117531041299458 0.5740077644586563 0.5740077644586563 0.5740077644586563 0.5740077644586563 0.5740077644586563 0.5740077644586563 0.5740077644586563 0.5740077644586563 0.5740077644586563 0.5740077644586563 0.5740077644586563 0.5740077644586563 0.5767229654331203 0.5823407777087809 0.5879585899844415 0.5935764022601021 0.5991942145357723 0.6048120268114329 0.6104298390870935 0.6160476513627541 0.6216654636384147 0.6272832759140753 0.6329010881897359 0.6385189004653965 0.6569940172155967 0.689213883504994 0.7214337497943913 0.7536536160837887 0.785873482373186 0.8180933486626383 0.8503132149520356 0.8825330812414328 0.9147529475308303 0.9469728138202275 0.9791926801096248 1.011412546399022 1.028059907257557 1.028059907257557 1.028059907257557 1.028059907257557 1.028059907257557 1.028059907257557 1.028059907257557 1.028059907257557 1.028059907257557 1.028059907257557 -9999.0 -9999.0 -9999.0 -9999.0 -9999.0 -9999.0 -9999.0 -9999.0
0.7578603232836729 0.6848067137068093 0.6117531041299458 0.5740077644586563 0.5740077644586563 0.5740077644586563 0.5740077644586563 0.5740077644586563 0.5740077644586563 0.5740077644586563 0.5740077644586563 0.5740077644586563 0.5740077644586563 0.5740077644586563 0.5740077644586563 0.5767229654331203 0.5823407777087809 0.5879585899844415 0.5935764022601021 0.5991942145357723 0.6048120268114329 0.6104298390870935 0.6160476513627541 0.6216654636384147 0.6272832759140753 0.6329010881897359 0.6385189004653965 0.6569940172155967 0.689213883504994 0.7214337497943913 0.7536536160837887 0.785873482373186 0.8180933486626383 0.8503132149520356 0.8825330812414328 0.9147529475308303 0.9469728138202275 0.9791926801096248 1.011412546399022 1.028059907257557 1.028059907257557 1.028059907257557 1.028059907257557 1.028059907257557 1.028059907257557 1.028059907257557 1.028059907257557 1.028059907257557 -9999.0 -9999.0 -9999.0 -9999.0 -9999.0 -9999.0 -9999.0 -9999.0 -9999.0
0.7578603232836729 0.6848067137068093 0.6117531041299458 0.5740077644586563 0.5740077644586563 0.5740077644586563 0.5740077644586563 0.5740077644586563 0.5740077644586563 0.5740077644586563 0.5740077644586563 0.5740077644586563 0.5740077644586563 0.5740077644586563 0.5740077644586563 0.5767229654331203 0.5823407777087809 0.5879585899844415 0.5935764022601021 0.5991942145357723 0.6048120268114329 0.6104298390870935 0.6160476513627541 0.6216654636384147 0.6272832759140753 0.6329010881897359 0.6385189004653965 0.6569940172155967 0.689213883504994 0.7214337497943913 0.7536536160837887 0.785873482373186 0.8180933486626383 0.8503132149520356 0.8825330812414328 0.9147529475308303 0.9469728138202275 0.9791926801096248 1.011412546399022 1.028059907257557 1.028059907257557 1.028059907257557 1.028059907257557 1.028059907257557 1.028059907257557 1.028059907257557 1.028059907257557 1.028059907257557 -9999.0 -9999.0 -9999.0 -9999.0 -9999.0 -9999.0 -9999.0 -9999.0 -9999.0
0.7578603232836729 0.6848067137068093 0.6117531041299458 0.5740077644586563 0.5740077644586563 0.5740077644586563 0.5740077644586563 0.5740077644586563 0.5740077644586563 0.5740077644586563 0.5740077644586563 0.5740077644586563 0.5740077644586563 0.5740077644586563 0.5740077644586563 0.5767229654331203 0.5823407777087809 0.5879585899844415 0.5935764022601021 0.5991942145357723 0.6048120268114329 0.6104298390870935 0.6160476513627541 0.6216654636384147 0.6272832759140753 0.6329010881897359 0.6385189004653965 0.6569940172155967 0.689213883504994 0.7214337497943913 0.7536536160837887 0.785873482373186 0.8180933486626383 0.8503132149520356 0.8825330812414328 0.9147529475308303 0.9469728138202275 0.9791926801096248 1.011412546399022 1.028059907257557 1.028059907257557 1.028059907257557 1.028059907257557 1.028059907257557 1.028059907257557 -9999.0 -9999.0 -9999.0 -9999.0 -9999.0 -9999.0 -9999.0 -9999.0 -9999.0 -9999.0 -9999.0 -9999.0
0.7578603232836729 0.6848067137068093 0.6117531041299458 0.5740077644586563 0.5740077644586563 0.5740077644586563 0.5740077644586563 0.5740077644586563 0.5740077644586563 0.5740077644586563 0.5740077644586563 0.5740077644586563 0.5740077644586563 0.5740077644586563 0.5740077644586563 0.5767229654331203 0.5823407777087809 0.5879585899844415 0.5935764022601021 0.5991942145357723 0.6048120268114329 0.6104298390870935 0.6160476513627541 0.6216654636384147 0.6272832759140753 0.6329010881897359 0.6385189004653965 0.6569940172155967 0.689213883504994 0.7214337497943913 0.7536536160837887 0.785873482373186 0.8180933486626383 0.8503132149520356 0.8825330812414328 0.9147529475308303 0.9469728138202275 0.9791926801096248 1.011412546399022 1.028059907257557 1.028059907257557 1.028059907257557 1.028059907257557 1.028059907257557 -9999.0 -9999.0 -9999.0 -9999.0 -9999.0 -9999.0 -9999.0 -9999.0 -9999.0 -9999.0 -9999.0 -9999.0 -9999.0
0.7578603232836729 0.6848067137068093 0.6117531041299458 0.5740077644586563 0.5740077644586563 0.5740077644586563 0.5740077644586563 0.5740077644586563 0.5740077644586563 0.5740077644586563 0.5740077644586563 0.5740077644586563 0.5740077644586563 0.5740077644586563 0.5740077644586563 0.5767229654331203 0.5823407777087809 0.5879585899844415 0.5935764022601021 0.5991942145357723 0.6048120268114329 0.6104298390870935 0.6160476513627541 0.6216654636384147 0.6272832759140753 0.6329010881897359 0.6385189004653965 0.6569940172155967 0.689213883504994 0.7214337497943913 0.7536536160837887 0.785873482373186 0.8180933486626383 0.8503132149520356 0.8825330812414328 0.9147529475308303 0.9469728138202275 0.9791926801096248 1.011412546399022 1.028059907257557 1.028059907257557 1.028059907257557 1.028059907257557 -9999.0 -9999.0 -9999.0 -9999.0 -9999.0 -9999.0 -9999.0 -9999.0 -9999.0 -9999.0 -9999.0 -9999.0 -9999.0 -9999.0
0.7578603232836729 0.6848067137068093 0.6117531041299458 0.5740077644586563 0.5740077644586563 0.5740077644586563 0.5740077644586563 0.5740077644586563 0.5740077644586563 0.5740077644586563 0.5740077644586563 0.5740077644586563 0.5740077644586563 0.5740077644586563 0.5740077644586563 0.5767229654331203 0.5823407777087809 0.5879585899844415 0.5935764022601021 0.5991942145357723 0.6048120268114329 0.6104298390870935 0.6160476513627541 0.6216654636384147 0.6272832759140753 0.6329010881897359 0.6385189004653965 0.6569940172155967 0.689213883504994 0.7214337497943913 0.7536536160837887 0.785873482373186 0.8180933486626383 0.8503132149520356 0.8825330812414328 0.9147529475308303 0.9469728138202275 0.9791926801096248 1.011412546399022 1.028059907257557 1.028059907257557 1.028059907257557 1.028059907257557 -9999.0 -9999.0 -9999.0 -9999.0 -9999.0 -9999.0 -9999.0 -9999.0 -9999.0 -9999.0 -9999.0 -9999.0 -9999.0 -9999.0
0.7578603232836729 0.6848067137068093 0.6117531041299458 0.5740077644586563 0.5740077644586563 0.5740077644586563 0.5740077644586563 0.5740077644586563 0.5740077644586563 0.5740077644586563 0.5740077644586563 0.5740077644586563 0.5740077644586563 0.5740077644586563 0.5740077644586563 0.5767229654331203 0.5823407777087809 0.5879585899844415 0.5935764022601021 0.5991942145357723 0.6048120268114329 0.6104298390870935 0.6160476513627541 0.6216654636384147 0.6272832759140753 0.6329010881897359 0.6385189004653965 0.6569940172155967 0.689213883504994 0.7214337497943913 0.7536536160837887 0.785873482373186 0.8180933486626383 0.8503132149520356 0.8825330812414328 0.9147529475308303 0.9469728138202275 0.9791926801096248 1.011412546399022 1.028059907257557 1.028059907257557 1.028059907257557 -9999.0 -9999.0 -9999.0 -9999.0 -9999.0 -9999.0 -9999.0 -9999.0 -9999.0 -9999.0 -9999.0 -9999.0 -9999.0 -9999.0 -9999.0
0.7578603232836729 0.6848067137068093 0.6117531041299458 0.5740077644586563 0.5740077644586563 0.5740077644586563 0.5740077644586563 0.5740077644586563 0.5740077644586563 0.5740077644586563 0.5740077644586563 0.5740077644586563 0.5740077644586563 0.5740077644586563 0.5740077644586563 0.5767229654331203 0.5823407777087809 0.5879585899844415 0.5935764022601021 0.5991942145357723 0.6048120268114329 0.6104298390870935 0.6160476513627541 0.6216654636384147 0.6272832759140753 0.6329010881897359 0.6385189004653965 0.6569940172155967 0.689213883504994 0.7214337497943913 0.7536536160837887 0.785873482373186 0.8180933486626383 0.8503132149520356 0.8825330812414328 0.9147529475308303 0.9469728138202275 0.9791926801096248 1.011412546399022 1.028059907257557 1.028059907257557 -9999.0 -9999.0 -9999.0 -9999.0 -9999.0 -9999.0 -9999.0 -9999.0 -9999.0 -9999.0 -9999.0 -9999.0 -9999.0 -9999.0 -9999.0 -9999.0
0.7578603232836729 0.6848067137068093 0.6117531041299458 0.5740077644586563 0.5740077644586563 0.5740077644586563 0.5740077644586563 0.5740077644586563 0.5740077644586563 0.5740077644586563 0.5740077644586563 0.5740077644586563 0.5740077644586563 0.5740077644586563 0.5740077644586563 0.5767229654331203 0.5823407777087809 0.5879585899844415 0.5935764022601021 0.5991942145357723 0.6048120268114329 0.6104298390870935 0.6160476513627541 0.6216654636384147 0.6272832759140753 0.6329010881897359 0.6385189004653965 0.6569940172155967 0.689213883504994 0.7214337497943913 0.7536536160837887 0.785873482373186 0.8180933486626383 0.8503132149520356 0.8825330812414328 0.9147529475308303 0.9469728138202275 0.9791926801096248 -9999.0 -9999.0 -9999.0 -9999.0 -9999.0 -9999.0 -9999.0 -9999.0 -9999.0 -9999.0 -9999.0 -9999.0 -9999.0 -9999.0 -9999.0 -9999.0 -9999.0 -9999.0 -9999.0
0.7578603232836729 0.6848067137068093 0.6117531041299458 0.5740077644586563 0.5740077644586563 0.5740077644586563 0.5740077644586563 0.5740077644586563 0.5740077644586563 0.5740077644586563 0.5740077644586563 0.5740077644586563 0.5740077644586563 0.5740077644586563 0.5740077644586563 0.5767229654331203 0.5823407777087809 0.5879585899844415 0.5935764022601021 0.5991942145357723 0.6048120268114329 0.6104298390870935 0.6160476513627541 0.6216654636384147 0.6272832759140753 0.6329010881897359 0.6385189004653965 0.6569940172155967 0.689213883504994 0.7214337497943913 0.7536536160837887 0.785873482373186 0.8180933486626383 0.8503132149520356 0.8825330812414328 0.9147529475308303 0.9469728138202275 -9999.0 -9999.0 -9999.0 -9999.0 -9999.0 -9999.0 -9999.0 -9999.0 -9999.0 -9999.0 -9999.0 -9999.0 -9999.0 -9999.0 -9999.0 -9999.0 -9999.0 -9999.0 -9999.0 -9999.0
0.7562397612954986 0.6861102071428893 0.6159806529902799 0.5797461143026166 0.5797461143026166 0.5797461143026166 0.5797461143026166 0.5797461143026166 0.5797461143026166 0.5797461143026166 0.5797461143026166 0.5797461143026166 0.5797461143026166 0.5797461143026166 0.5797461143026166 0.5825853496017384 0.5884597917026749 0.5943342338036115 0.6002086759045481 0.6060831180054946 0.6119575601064312 0.6178320022073678 0.6237064443083042 0.6295808864092408 0.6354553285101774 0.641329770611114 0.6472042127120505 0.6658756848998897 0.6982274719420869 0.7305792589842841 0.7629310460264813 0.7952828330686785 0.8276346201109309 0.8599864071531281 0.8923381941953253 0.9246899812375226 0.9570417682797198 -9999.0 -9999.0 -9999.0 -9999.0 -9999.0 -9999.0 -9999.0 -9999.0 -9999.0 -9999.0 -9999.0 -9999.0 -9999.0 -9999.0 -9999.0 -9999.0 -9999.0 -9999.0 -9999.0 -9999.0
0.7528869206930681 0.6888070528972532 0.6247271851014383 0.5916183984165109 0.5916183984165109 0.5916183984165109 0.5916183984165109 0.5916183984165109 0.5916183984165109 0.5916183984165109 0.5916183984165109 0.5916183984165109 0.5916183984165109 0.5916183984165109 0.5916183984165109 0.5947142529149243 0.6011196459478578 0.6075250389807912 0.6139304320137248 0.6203358250466692 0.6267412180796027 0.6331466111125362 0.6395520041454698 0.6459573971784033 0.6523627902113367 0.6587681832442702 0.6651735762772037 0.684251295488377 0.7168760182525759 0.7495007410167746 0.7821254637809734 0.8147501865451722 0.8473749093094265 0.8799996320736253 0.9126243548378241 0.9452490776020228 0.9778738003662217 -9999.0 -9999.0 -9999.0 -9999.0 -9999.0 -9999.0 -9999.0 -9999.0 -9999.0 -9999.0 -9999.0 -9999.0 -9999.0 -9999.0 -9999.0 -9999.0 -9999.0 -9999.0 -9999.0 -9999.0
0.7495340800906404 0.6915038986516148 0.6334737172125892 0.6034906825303951 0.6034906825303951 0.6034906825303951 0.6034906825303951 0.6034906825303951 0.6034906825303951 0.6034906825303951 0.6034906825303951 0.6034906825303951 0.6034906825303951 0.6034906825303951 0.6034906825303951 0.6068431562280999 0.6137795001930298 0.6207158441579599 0.6276521881228898 0.6345885320878316 0.6415248760527617 0.6484612200176916 0.6553975639826216 0.6623339079475515 0.6692702519124816 0.6762065958774115 0.6831429398423415 0.7026269060768486 0.7355245645630487 0.7684222230492489 0.801319881535449 0.8342175400216492 0.8671151985079053 0.9000128569941055 -9999.0 -9999.0 -9999.0 -9999.0 -9999.0 -9999.0 -9999.0 -9999.0 -9999.0 -9999.0 -9999.0 -9999.0 -9999.0 -9999.0 -9999.0 -9999.0 -9999.0 -9999.0 -9999.0 -9999.0 -9999.0 -9999.0 -9999.0
0.7461812394882126 0.6942007444059763 0.6422202493237401 0.6153629666442793 0.6153629666442793 0.6153629666442793 0.6153629666442793 0.6153629666442793 0.6153629666442793 0.6153629666442793 0.6153629666442793 0.6153629666442793 0.6153629666442793 0.6153629666442793 0.6153629666442793 0.6189720595412754 0.626439354438202 0.6339066493351284 0.6413739442320548 0.6488412391289942 0.6563085340259206 0.663775828922847 0.6712431238197736 0.6787104187167 0.6861777136136264 0.693645008510553 0.7011123034074794 0.7210025166653202 0.7541731108735218 0.7873437050817232 0.8205142992899247 0.8536848934981263 0.8868554877063842 -9999.0 -9999.0 -9999.0 -9999.0 -9999.0 -9999.0 -9999.0 -9999.0 -9999.0 -9999.0 -9999.0 -9999.0 -9999.0 -9999.0 -9999.0 -9999.0 -9999.0 -9999.0 -9999.0 -9999.0 -9999.0 -9999.0 -9999.0 -9999.0
0.7428283988857849 0.6968975901603379 0.650966781434891 0.6272352507581634 0.6272352507581634 0.6272352507581634 0.6272352507581634 0.6272352507581634 0.6272352507581634 0.6272352507581634 0.6272352507581634 0.6272352507581634 0.6272352507581634 0.6272352507581634 0.6272352507581634 0.631100962854451 0.639099208683374 0.6470974545122969 0.6550957003412199 0.6630939461701565 0.6710921919990795 0.6790904378280025 0.6870886836569254 0.6950869294858484 0.7030851753147713 0.7110834211436943 0.7190816669726172 0.7393781272537918 0.7728216571839946 0.8062651871141975 0.8397087170444003 -9999.0 -9999.0 -9999.0 -9999.0 -9999.0 -9999.0 -9999.0 -9999.0 -9999.0 -9999.0 -9999.0 -9999.0 -9999.0 -9999.0 -9999.0 -9999.0 -9999.0 -9999.0 -9999.0 -9999.0 -9999.0 -9999.0 -9999.0 -9999.0 -9999.0 -9999.0
0.7394755582833571 0.6995944359146995 0.6597133135460418 0.6391075348720476 0.6391075348720476 0.6391075348720476 0.6391075348720476 0.6391075348720476 0.6391075348720476 0.6391075348720476 0.6391075348720476 0.6391075348720476 0.6391075348720476 0.6391075348720476 0.6391075348720476 0.6432298661676267 0.6517590629285461 0.6602882596894655 0.6688174564503849 0.6773466532113189 0.6858758499722384 0.6944050467331578 0.7029342434940773 0.7114634402549967 0.7199926370159162 0.7285218337768355 0.7370510305377551 0.7577537378422634 0.7914702034944676 0.8251866691466718 -9999.0 -9999.0 -9999.0 -9999.0 -9999.0 -9999.0 -9999.0 -9999.0 -9999.0 -9999.0 -9999.0 -9999.0 -9999.0 -9999.0 -9999.0 -9999.0 -9999.0 -9999.0 -9999.0 -9999.0 -9999.0 -9999.0 -9999.0 -9999.0 -9999.0 -9999.0 -9999.0
