Figures/CREST_Example_wjb_NSE/Rolling_result/20100722/BJP_forecast/ens_21/wjb.rain.20100725.asc
ncols            288
nrows            254
xllcorner        113.274861
yllcorner        31.4918055
cellsize         0.008333333333
NODATA_value     -9999
[rows 20 to 39 of 254, columns 90 to 134 of 288]
33.51645031944583 33.23332500158269 32.95019968372003 32.66707436585737 32.38394904799471 32.10082373013205 31.81769841226939 31.53457309440673 31.25144777654407 34.00990350141027 34.00990350141027 34.00990350141027 34.00990350141027 34.00990350141027 34.00990350141027 34.00990350141027 34.00990350141027 34.00990350141027 34.00990350141027 34.00990350141027 34.00990350141027 34.00990350141027 34.00990350141027 34.00990350141027 34.00990350141027 34.00990350141027 34.00990350141027 34.00990350141027 34.00990350141027 34.00990350141027 34.00990350141027 -9999.0 -9999.0 -9999.0 -9999.0 -9999.0 -9999.0 -9999.0 -9999.0 -9999.0 -9999.0 -9999.0 -9999.0 -9999.0 -9999.0
32.012434918946816 31.69043675404872 31.36843858915117 31.046440424253625 30.724442259356078 30.40244409445853 30.080445929560984 29.758447764663437 29.436449599765886 34.00990350141027 34.00990350141027 34.00990350141027 34.00990350141027 34.00990350141027 34.00990350141027 34.00990350141027 34.00990350141027 34.00990350141027 34.00990350141027 34.00990350141027 34.00990350141027 34.00990350141027 34.00990350141027 34.00990350141027 34.00990350141027 34.00990350141027 34.00990350141027 34.00990350141027 34.00990350141027 34.00990350141027 34.00990350141027 -9999.0 -9999.0 -9999.0 -9999.0 -9999.0 -9999.0 -9999.0 -9999.0 -9999.0 -9999.0 -9999.0 -9999.0 -9999.0 -9999.0
30.508419518447806 30.147548506514752 29.786677494582317 29.425806482649882 29.06493547071745 28.704064458785016 28.34319344685258 27.982322434920146 27.62145142298771 34.00990350141027 34.00990350141027 34.00990350141027 34.00990350141027 34.00990350141027 34.00990350141027 34.00990350141027 34.00990350141027 34.00990350141027 34.00990350141027 34.00990350141027 34.00990350141027 34.00990350141027 34.00990350141027 34.00990350141027 34.00990350141027 34.00990350141027 34.00990350141027 34.00990350141027 34.00990350141027 34.00990350141027 34.00990350141027 34.00990350141027 34.00990350141027 34.00990350141027 -9999.0 34.00990350141027 -9999.0 -9999.0 -9999.0 -9999.0 -9999.0 -9999.0 -9999.0 -9999.0 -9999.0
29.004404117948788 28.604660258980786 28.204916400013463 27.80517254104614 27.405428682078817 27.005684823111494 26.605940964144175 26.20619710517685 25.80645324620953 34.00990350141027 34.00990350141027 34.00990350141027 34.00990350141027 34.00990350141027 34.00990350141027 34.00990350141027 34.00990350141027 34.00990350141027 34.00990350141027 34.00990350141027 34.00990350141027 34.00990350141027 34.00990350141027 34.00990350141027 34.00990350141027 34.00990350141027 34.00990350141027 34.00990350141027 34.00990350141027 34.00990350141027 34.00990350141027 34.00990350141027 34.00990350141027 34.00990350141027 34.00990350141027 34.00990350141027 34.00990350141027 -9999.0 -9999.0 -9999.0 -9999.0 -9999.0 -9999.0 -9999.0 -9999.0
27.500388717449773 27.061772011446816 26.623155305444605 26.184538599442398 25.745921893440187 25.307305187437976 24.86868848143577 24.430071775433557 23.991455069431346 34.00990350141027 34.00990350141027 34.00990350141027 34.00990350141027 34.00990350141027 34.00990350141027 34.00990350141027 34.00990350141027 34.00990350141027 34.00990350141027 34.00990350141027 34.00990350141027 34.00990350141027 34.00990350141027 34.00990350141027 34.00990350141027 34.00990350141027 34.00990350141027 34.00990350141027 34.00990350141027 34.00990350141027 34.00990350141027 34.00990350141027 34.00990350141027 34.00990350141027 34.00990350141027 34.00990350141027 34.00990350141027 -9999.0 -9999.0 -9999.0 -9999.0 -9999.0 -9999.0 -9999.0 -9999.0
26.821513632018625 26.371280326360484 25.92104702070311 25.470813715045736 25.02058040938836 24.570347103730988 24.12011379807361 23.669880492416237 23.219647186758863 22.848993558182567 22.563412403756487 22.277831249330408 21.99225009490433 21.70666894047825 21.421087786051682 21.135506631625603 20.849925477199523 20.564344322773444 20.278763168347364 19.993182013921285 19.707600859495205 19.313315009302492 18.80282138122446 18.292327753146434 17.781834125068407 17.27134049699038 16.760846868912353 16.250353240833455 15.739859612755426 15.229365984677399 14.718872356599372 14.208378728521343 13.697885100443315 34.00990350141027 34.00990350141027 34.00990350141027 34.00990350141027 -9999.0 -9999.0 -9999.0 -9999.0 -9999.0 -9999.0 -9999.0 -9999.0
27.024661510851573 26.59194681523484 26.159232119618853 25.72651742400286 25.293802728386872 24.86108803277088 24.428373337154888 23.9956586415389 23.56294394592291 23.16566896649775 22.806279844996652 22.44689072349555 22.08750160199445 21.728112480493348 21.368723358991634 21.009334237490535 20.649945115989432 20.290555994488333 19.93116687298723 19.57177775148613 19.21238862998503 18.80041210742145 18.332218463976975 17.8640248205325 17.39583117708802 16.927637533643544 16.45944389019907 15.991250246753795 15.52305660330932 15.054862959864844 14.586669316420366 14.11847567297589 13.650282029531414 34.00990350141027 34.00990350141027 34.00990350141027 34.00990350141027 -9999.0 -9999.0 -9999.0 -9999.0 -9999.0 -9999.0 -9999.0 -9999.0
27.22780938968469 26.81261330410939 26.397417218534798 25.982221132960206 25.567025047385613 25.151828961811024 24.73663287623643 24.32143679066184 23.906240705087246 23.48234437481321 23.049147286237023 22.61595019766084 22.182753109084654 21.749556020508468 21.316358931931543 20.88316184335536 20.449964754779174 20.016767666202988 19.5835705776268 19.150373489050615 18.717176400474433 18.287509205539976 17.861615546729087 17.4357218879182 17.00982822910731 16.58393457029642 16.158040911485532 15.732147252673917 15.30625359386303 14.880359935052141 14.454466276241252 14.028572617430363 13.602678958619475 34.00990350141027 34.00990350141027 34.00990350141027 34.00990350141027 34.00990350141027 34.00990350141027 34.00990350141027 -9999.0 -9999.0 -9999.0 -9999.0 -9999.0
27.430957268517634 27.03327979298375 26.63560231745054 26.237924841917334 25.840247366384126 25.442569890850915 25.044892415317708 24.6472149397845 24.249537464251294 23.799019783128397 23.292014727477188 22.785009671825982 22.278004616174776 21.770999560523567 21.263994504871494 20.75698944922029 20.249984393569083 19.742979337917873 19.235974282266668 18.72896922661546 18.221964170964252 17.774606303658935 17.391012629481597 17.00741895530426 16.623825281126923 16.240231606949585 15.856637932772248 15.473044258594257 15.089450584416921 14.705856910239584 14.322263236062247 13.938669561884911 13.555075887707574 34.00990350141027 34.00990350141027 34.00990350141027 34.00990350141027 34.00990350141027 34.00990350141027 34.00990350141027 34.00990350141027 34.00990350141027 34.00990350141027 -9999.0 -9999.0
27.63410514735058 27.253946281858106 26.873787416366284 26.49362855087446 26.113469685382633 25.73331081989081 25.353151954398985 24.972993088907163 24.592834223415338 24.11569519144358 23.534882168717353 22.954069145991124 22.373256123264895 21.79244310053867 21.21163007781145 20.63081705508522 20.05000403235899 19.469191009632763 18.888377986906534 18.307564964180308 17.726751941454076 17.261703401777897 16.92040971223411 16.579116022690325 16.23782233314654 15.896528643602753 15.555234954058967 15.2139412645146 14.872647574970815 14.531353885427029 14.190060195883243 13.848766506339459 13.507472816795673 34.00990350141027 34.00990350141027 34.00990350141027 34.00990350141027 34.00990350141027 34.00990350141027 34.00990350141027 34.00990350141027 34.00990350141027 34.00990350141027 34.00990350141027 34.00990350141027
27.837253026183525 27.474612770732467 27.111972515282027 26.749332259831586 26.386692004381146 26.024051748930702 25.661411493480266 25.298771238029822 24.93613098257938 24.432370599758766 23.777749609957517 23.123128620156265 22.468507630355017 21.81388664055377 21.1592656507514 20.50464466095015 19.8500236711489 19.19540268134765 18.5407816915464 17.88616070174515 17.2315397119439 16.748800499896856 16.44980679498662 16.150813090076387 15.851819385166152 15.55282568025592 15.253831975345685 14.95483827043494 14.655844565524708 14.356850860614474 14.057857155704239 13.758863450794006 13.459869745883772 34.00990350141027 34.00990350141027 34.00990350141027 34.00990350141027 34.00990350141027 34.00990350141027 34.00990350141027 34.00990350141027 34.00990350141027 34.00990350141027 34.00990350141027 34.00990350141027
28.04040090501647 27.695279259606824 27.35015761419777 27.00503596878871 26.659914323379656 26.314792677970598 25.969671032561543 25.624549387152484 25.27942774174343 24.749046008073954 24.020617051197682 23.29218809432141 22.56375913744514 21.835330180568867 21.106901223691352 20.37847226681508 19.65004330993881 18.921614353062537 18.193185396186266 17.464756439309994 16.736327482433722 16.235897598015814 15.979203877739131 15.72251015746245 15.465816437185767 15.209122716909084 14.952428996632403 14.695735276355283 14.4390415560786 14.182347835801918 13.925654115525235 13.668960395248554 13.412266674971871 34.00990350141027 34.00990350141027 34.00990350141027 34.00990350141027 34.00990350141027 34.00990350141027 34.00990350141027 34.00990350141027 34.00990350141027 34.00990350141027 34.00990350141027 34.00990350141027
28.243548783849416 27.915945748481185 27.588342713113512 27.26073967774584 26.933136642378166 26.605533607010493 26.27793057164282 25.950327536275147 25.622724500907474 25.065721416389138 24.263484492437847 23.461247568486552 22.659010644535257 21.856773720583966 21.054536796631304 20.252299872680013 19.45006294872872 18.647826024777427 17.845589100826132 17.04335217687484 16.24111525292355 15.722994696134776 15.508600960491645 15.294207224848515 15.079813489205383 14.865419753562252 14.651026017919122 14.436632282275625 14.222238546632495 14.007844810989363 13.793451075346233 13.579057339703102 13.36466360405997 34.00990350141027 34.00990350141027 34.00990350141027 34.00990350141027 34.00990350141027 34.00990350141027 34.00990350141027 34.00990350141027 34.00990350141027 34.00990350141027 34.00990350141027 34.00990350141027
28.446696662682534 28.13661223735573 27.826527812029457 27.516443386703184 27.206358961376907 26.896274536050633 26.58619011072436 26.276105685398086 25.966021260071813 25.382396824704596 24.506351933678218 23.63030704265184 22.75426215162546 21.878217260599083 21.002172369571213 20.126127478544834 19.250082587518456 18.37403769649208 17.497992805465703 16.621947914439325 15.745903023412946 15.210091794253298 15.037998043243755 14.86590429223421 14.693810541224668 14.521716790215125 14.349623039205582 14.177529288195746 14.005435537186202 13.833341786176659 13.661248035167116 13.489154284157573 13.31706053314803 34.00990350141027 34.00990350141027 34.00990350141027 34.00990350141027 34.00990350141027 34.00990350141027 34.00990350141027 34.00990350141027 34.00990350141027 34.00990350141027 34.00990350141027 34.00990350141027
28.649844541515478 28.35727872623009 28.0647129109452 27.77214709566031 27.47958128037542 27.18701546509053 26.894449649805637 26.60188383452075 26.309318019235857 25.69907223301978 24.749219374918383 23.79936651681698 22.849513658715583 21.899660800614186 20.949807942511164 19.999955084409766 19.05010222630837 18.100249368206967 17.15039651010557 16.20054365200417 15.25069079390277 14.697188892372258 14.567395125996267 14.437601359620274 14.307807593244283 14.178013826868291 14.0482200604923 13.918426294116086 13.788632527740095 13.658838761364104 13.529044994988112 13.399251228612119 13.269457462236128 34.00990350141027 34.00990350141027 34.00990350141027 34.00990350141027 34.00990350141027 34.00990350141027 34.00990350141027 34.00990350141027 34.00990350141027 34.00990350141027 34.00990350141027 34.00990350141027
28.852992420348425 28.57794521510445 28.302898009860943 28.027850804617437 27.75280359937393 27.477756394130424 27.202709188886917 26.92766198364341 26.6526147783999 26.015747641334965 24.992086816158547 23.968425990982126 22.944765165805705 21.921104340629284 20.89744351545112 19.873782690274698 18.850121865098277 17.826461039921856 16.802800214745435 15.779139389569014 14.755478564392595 14.184285990491219 14.096792208748779 14.009298427006339 13.921804645263897 13.834310863521457 13.746817081779017 13.659323300036428 13.571829518293988 13.484335736551548 13.396841954809108 13.309348173066667 13.221854391324227 34.00990350141027 34.00990350141027 34.00990350141027 34.00990350141027 34.00990350141027 34.00990350141027 34.00990350141027 34.00990350141027 34.00990350141027 34.00990350141027 34.00990350141027 34.00990350141027
29.05614029918137 28.798611703978807 28.541083108776686 28.28355451357456 28.02602591837244 27.768497323170315 27.510968727968194 27.25344013276607 26.99591153756395 26.332423049650153 25.23495425739871 24.137485465147268 23.040016672895824 21.942547880644383 20.84507908839107 19.747610296139626 18.650141503888186 17.552672711636745 16.4552039193853 15.357735127133859 14.260266334882417 13.67138308861018 13.62618929150129 13.580995494392402 13.535801697283514 13.490607900174625 13.445414103065737 13.40022030595677 13.355026508847882 13.309832711738993 13.264638914630105 13.219445117521216 13.174251320412328 34.00990350141027 34.00990350141027 34.00990350141027 34.00990350141027 34.00990350141027 34.00990350141027 34.00990350141027 34.00990350141027 34.00990350141027 34.00990350141027 34.00990350141027 34.00990350141027
29.296371661556485 29.034617081519112 28.772862501482187 28.511107921445262 28.249353341408337 27.987598761371412 27.725844181334487 27.464089601297566 27.20233502126064 26.51974626539927 25.38727626023506 24.254806255070847 23.122336249906635 21.989866244742423 20.857396239576282 19.72492623441207 18.59245622924786 17.459986224083647 16.327516218919435 15.195046213755223 14.062576208591011 13.46794361621958 13.448271380100001 13.428599143980422 13.408926907860845 13.389254671741266 13.369582435621687 13.349910199502077 13.330237963382498 13.310565727262919 13.29089349114334 13.271221255023763 13.251549018904184 13.89756728110514 15.255223740460972 16.612880199816804 17.970536659172637 19.328193118528468 20.6858495778843 22.043506037240135 23.401162496598282 24.758818955954112 26.116475415309942 27.47413187466578 28.83178833402161
29.57624292946608 29.28701876381948 28.99779459817337 28.708570432527267 28.41934626688116 28.130122101235052 27.840897935588945 27.551673769942838 27.262449604296734 26.568800143852567 25.442810898938706 24.316821654024846 23.19083240911099 22.06484316419713 20.93885391928135 19.81286467436749 18.68687542945363 17.560886184539772 16.43489693962591 15.308907694712053 14.182918449798192 13.59530103612813 13.583215284118722 13.571129532109314 13.559043780099904 13.546958028090495 13.534872276081087 13.522786524071659 13.510700772062249 13.49861502005284 13.486529268043432 13.474443516034023 13.462357764024615 14.140585050317185 15.556772585838342 16.972960121359502 18.38914765688066 19.80533519240182 21.221522727922977 22.637710263444134 24.05389779896771 25.47008533448887 26.88627287001003 28.302460405531185 29.718647941052346
29.85611419737567 29.539420446119845 29.222726694864555 28.90603294360927 28.58933919235398 28.27264544109869 27.955951689843403 27.639257938588113 27.322564187332823 26.617854022305863 25.498345537642354 24.37883705297885 23.25932856831534 22.139820083651834 21.020311598986417 19.900803114322912 18.781294629659403 17.661786144995894 16.542277660332388 15.422769175668883 14.303260691005375 13.72265845603668 13.71815918813744 13.713659920238202 13.709160652338962 13.704661384439724 13.700162116540485 13.695662848641238 13.691163580741998 13.68666431284276 13.68216504494352 13.677665777044282 13.673166509145043 14.383602819529226 15.858321431215712 17.333040042902198 18.80775865458868 20.28247726627517 21.757195877961657 23.23191448964814 24.70663310133714 26.181351713023627 27.656070324710115 29.1307889363966 30.605507548083082
