Figures/CREST_Example_wjb_NSE/Rolling_result/20100722/BJP_forecast/ens_21/wjb.rain.20100309.asc
ncols            288
nrows            254
xllcorner        113.274861
yllcorner        31.4918055
cellsize         0.008333333333
NODATA_value     -9999
[rows 152 to 170 of 254, columns 88 to 131 of 288]
0.04609318269913437 0.04609318269913437 0.04609318269913437 0.04609318269913437 0.04609318269913437 0.04609318269913437 0.04609318269913437 0.04609318269913437 0.04609318269913437 0.04609318269913437 0.04609318269913437 0.05090300373338152 0.06085463220655887 0.07080626067973622 0.08075788915291358 0.09070951762609095 0.10066114609928527 0.11061277457246262 0.12056440304563998 0.13051603151881733 0.14046765999199468 0.15041928846517205 0.1603709169383494 0.1655127243820653 0.1655127243820653 0.1655127243820653 0.1655127243820653 0.1655127243820653 0.1655127243820653 0.1655127243820653 0.1655127243820653 0.1655127243820653 0.1655127243820653 0.1655127243820653 0.1655127243820653 0.1644706471801802 0.1623145658831238 0.16015848458606738 0.15800240328901097 0.15584632199195456 0.15369024069489814 0.15153415939784173 0.14937807810078163 0.14722199680372522
0.04234243857875665 0.04234243857875665 0.04234243857875665 0.04234243857875665 0.04234243857875665 0.04234243857875665 0.04234243857875665 0.04234243857875665 0.04234243857875665 0.04234243857875665 0.04234243857875665 0.04724703853567452 0.0573947667428734 0.06754249495007228 0.07769022315727117 0.08783795136447005 0.09798567957168625 0.10813340777888512 0.118281135986084 0.1284288641932829 0.13857659240048176 0.14872432060768065 0.15887204881487954 0.16411517707004056 0.16411517707004056 0.16411517707004056 0.16411517707004056 0.16411517707004056 0.16411517707004056 0.16411517707004056 0.16411517707004056 0.16411517707004056 0.16411517707004056 0.16411517707004056 0.16411517707004056 0.16323361851889753 0.16140965394032192 0.15958568936174627 0.15776172478317066 0.15593776020459502 0.1541137956260194 0.15228983104744376 0.15046586646886503 0.1486419018902894
0.03859169445837892 0.03859169445837892 0.03859169445837892 0.03859169445837892 0.03859169445837892 0.03859169445837892 0.03859169445837892 0.03859169445837892 0.03859169445837892 0.03859169445837892 0.03859169445837892 0.0435910733379675 0.053934901279187916 0.06427872922040832 0.07462255716162874 0.08496638510284915 0.0953102130440872 0.10565404098530762 0.11599786892652802 0.12634169686774843 0.13668552480896884 0.14702935275018925 0.15737318069140965 0.1627176297580158 0.1627176297580158 0.1627176297580158 0.1627176297580158 0.1627176297580158 0.1627176297580158 0.1627176297580158 0.1627176297580158 0.1627176297580158 0.1627176297580158 0.1627176297580158 0.1627176297580158 0.16199658985761484 0.16050474199752002 0.15901289413742517 0.15752104627733032 0.15602919841723548 0.15453735055714063 0.1530455026970458 0.1515536548369484 0.15006180697685356
0.0348409503380012 0.0348409503380012 0.0348409503380012 0.0348409503380012 0.0348409503380012 0.0348409503380012 0.0348409503380012 0.0348409503380012 0.0348409503380012 0.0348409503380012 0.0348409503380012 0.0399351081402605 0.050475035815502445 0.06101496349074438 0.07155489116598632 0.08209481884122827 0.09263474651648818 0.1031746741917301 0.11371460186697205 0.124254529542214 0.13479445721745592 0.14533438489269787 0.1558743125679398 0.16132008244599103 0.16132008244599103 0.16132008244599103 0.16132008244599103 0.16132008244599103 0.16132008244599103 0.16132008244599103 0.16132008244599103 0.16132008244599103 0.16132008244599103 0.16132008244599103 0.16132008244599103 0.16075956119633214 0.1595998300547181 0.15844009891310404 0.15728036777149 0.15612063662987594 0.15496090548826189 0.15380117434664783 0.1526414432050318 0.15148171206341776
0.031090206217623474 0.031090206217623474 0.031090206217623474 0.031090206217623474 0.031090206217623474 0.031090206217623474 0.031090206217623474 0.031090206217623474 0.031090206217623474 0.031090206217623474 0.031090206217623474 0.0362791429425535 0.047015170351816966 0.05775119776108043 0.0684872251703439 0.07922325257960737 0.08995927998888914 0.1006953073981526 0.11143133480741607 0.12216736221667954 0.132903389625943 0.14363941703520647 0.15437544444446993 0.1599225351339663 0.1599225351339663 0.1599225351339663 0.1599225351339663 0.1599225351339663 0.1599225351339663 0.1599225351339663 0.1599225351339663 0.1599225351339663 0.1599225351339663 0.1599225351339663 0.1599225351339663 0.1595225325350495 0.15869491811191622 0.15786730368878293 0.15703968926564968 0.1562120748425164 0.15538446041938314 0.15455684599624986 0.1537292315731152 0.1529016171499819
0.029152346774935722 0.029152346774935722 0.029152346774935722 0.029152346774935722 0.029152346774935722 0.029152346774935722 0.029152346774935722 0.029152346774935722 0.029152346774935722 0.029152346774935722 0.029152346774935722 0.03439025197768522 0.04522759627476771 0.0560649405718502 0.06690228486893268 0.07773962916601518 0.08857697346311616 0.09941431776019864 0.11025166205728114 0.12108900635436363 0.13192635065144612 0.1427636949485286 0.15360103924561108 0.15920047834515572 0.15920047834515572 0.15920047834515572 0.15920047834515572 0.15920047834515572 0.15920047834515572 0.15920047834515572 0.15920047834515572 0.15920047834515572 0.15920047834515572 0.15920047834515572 0.15920047834515572 0.15888340931170877 0.15822738631105773 0.1575713633104067 0.15691534030975565 0.1562593173091046 0.15560329430845354 0.1549472713078025 0.15429124830715035 0.1536352253064993
0.029152346774935722 0.029152346774935722 0.029152346774935722 0.029152346774935722 0.029152346774935722 0.029152346774935722 0.029152346774935722 0.029152346774935722 0.029152346774935722 0.029152346774935722 0.029152346774935722 0.03439025197768522 0.04522759627476771 0.0560649405718502 0.06690228486893268 0.07773962916601518 0.08857697346311616 0.09941431776019864 0.11025166205728114 0.12108900635436363 0.13192635065144612 0.1427636949485286 0.15360103924561108 0.15920047834515572 0.15920047834515572 0.15920047834515572 0.15920047834515572 0.15920047834515572 0.15920047834515572 0.15920047834515572 0.15920047834515572 0.15920047834515572 0.15920047834515572 0.15920047834515572 0.15920047834515572 0.15888340931170877 0.15822738631105773 0.1575713633104067 0.15691534030975565 0.1562593173091046 0.15560329430845354 0.1549472713078025 0.15429124830715035 0.1536352253064993
0.029152346774935722 0.029152346774935722 0.029152346774935722 0.029152346774935722 0.029152346774935722 0.029152346774935722 0.029152346774935722 0.029152346774935722 0.029152346774935722 0.029152346774935722 0.029152346774935722 0.03439025197768522 0.04522759627476771 0.0560649405718502 0.06690228486893268 0.07773962916601518 0.08857697346311616 0.09941431776019864 0.11025166205728114 0.12108900635436363 0.13192635065144612 0.1427636949485286 0.15360103924561108 0.15920047834515572 0.15920047834515572 0.15920047834515572 0.15920047834515572 0.15920047834515572 0.15920047834515572 0.15920047834515572 0.15920047834515572 0.15920047834515572 0.15920047834515572 0.15920047834515572 0.15920047834515572 0.15888340931170877 0.15822738631105773 0.1575713633104067 0.15691534030975565 0.1562593173091046 0.15560329430845354 0.1549472713078025 0.15429124830715035 0.1536352253064993
0.029152346774935722 0.029152346774935722 0.029152346774935722 0.029152346774935722 0.029152346774935722 0.029152346774935722 0.029152346774935722 0.029152346774935722 0.029152346774935722 0.029152346774935722 0.029152346774935722 0.03439025197768522 0.04522759627476771 0.0560649405718502 0.06690228486893268 0.07773962916601518 0.08857697346311616 0.09941431776019864 0.11025166205728114 0.12108900635436363 0.13192635065144612 0.1427636949485286 0.15360103924561108 0.15920047834515572 0.15920047834515572 0.15920047834515572 0.15920047834515572 0.15920047834515572 0.15920047834515572 0.15920047834515572 0.15920047834515572 0.15920047834515572 0.15920047834515572 0.15920047834515572 0.15920047834515572 0.15888340931170877 0.15822738631105773 0.1575713633104067 0.15691534030975565 0.1562593173091046 0.15560329430845354 0.1549472713078025 0.15429124830715035 0.1536352253064993
0.029152346774935722 0.029152346774935722 0.029152346774935722 0.029152346774935722 0.029152346774935722 0.029152346774935722 0.029152346774935722 0.029152346774935722 0.029152346774935722 0.029152346774935722 0.029152346774935722 0.03439025197768522 0.04522759627476771 0.0560649405718502 0.06690228486893268 0.07773962916601518 0.08857697346311616 0.09941431776019864 0.11025166205728114 0.12108900635436363 0.13192635065144612 0.1427636949485286 0.15360103924561108 0.15920047834515572 0.15920047834515572 0.15920047834515572 0.15920047834515572 0.15920047834515572 0.15920047834515572 0.15920047834515572 0.15920047834515572 0.15920047834515572 0.15920047834515572 0.15920047834515572 0.15920047834515572 0.15888340931170877 0.15822738631105773 0.1575713633104067 0.15691534030975565 0.1562593173091046 0.15560329430845354 0.1549472713078025 0.15429124830715035 0.1536352253064993
0.029152346774935722 0.029152346774935722 0.029152346774935722 0.029152346774935722 0.029152346774935722 0.029152346774935722 0.029152346774935722 0.029152346774935722 0.029152346774935722 0.029152346774935722 0.029152346774935722 0.03439025197768522 0.04522759627476771 0.0560649405718502 0.06690228486893268 0.07773962916601518 0.08857697346311616 0.09941431776019864 0.11025166205728114 0.12108900635436363 0.13192635065144612 0.1427636949485286 0.15360103924561108 0.15920047834515572 0.15920047834515572 0.15920047834515572 0.15920047834515572 0.15920047834515572 0.15920047834515572 0.15920047834515572 0.15920047834515572 0.15920047834515572 0.15920047834515572 0.15920047834515572 0.15920047834515572 0.15888340931170877 0.15822738631105773 0.1575713633104067 0.15691534030975565 0.1562593173091046 0.15560329430845354 0.1549472713078025 0.15429124830715035 0.1536352253064993
0.029152346774935722 0.029152346774935722 0.029152346774935722 0.029152346774935722 0.029152346774935722 0.029152346774935722 0.029152346774935722 0.029152346774935722 0.029152346774935722 0.029152346774935722 0.029152346774935722 0.03439025197768522 0.04522759627476771 0.0560649405718502 0.06690228486893268 0.07773962916601518 0.08857697346311616 0.09941431776019864 0.11025166205728114 0.12108900635436363 0.13192635065144612 0.1427636949485286 0.15360103924561108 0.15920047834515572 0.15920047834515572 0.15920047834515572 0.15920047834515572 0.15920047834515572 0.15920047834515572 0.15920047834515572 0.15920047834515572 0.15920047834515572 0.15920047834515572 0.15920047834515572 0.15920047834515572 0.15888340931170877 0.15822738631105773 0.1575713633104067 0.15691534030975565 0.1562593173091046 0.15560329430845354 0.1549472713078025 0.15429124830715035 0.1536352253064993
0.029152346774935722 0.029152346774935722 0.029152346774935722 0.029152346774935722 0.029152346774935722 0.029152346774935722 0.029152346774935722 0.029152346774935722 0.029152346774935722 0.029152346774935722 0.029152346774935722 0.03439025197768522 0.04522759627476771 0.0560649405718502 0.06690228486893268 0.07773962916601518 0.08857697346311616 0.09941431776019864 0.11025166205728114 0.12108900635436363 0.13192635065144612 0.1427636949485286 0.15360103924561108 0.15920047834515572 0.15920047834515572 0.15920047834515572 0.15920047834515572 0.15920047834515572 0.15920047834515572 0.15920047834515572 0.15920047834515572 0.15920047834515572 0.15920047834515572 0.15920047834515572 0.15920047834515572 0.15888340931170877 0.15822738631105773 0.1575713633104067 0.15691534030975565 0.1562593173091046 0.15560329430845354 0.1549472713078025 0.15429124830715035 0.1536352253064993
0.029152346774935722 0.029152346774935722 0.029152346774935722 0.029152346774935722 0.029152346774935722 0.029152346774935722 0.029152346774935722 0.029152346774935722 0.029152346774935722 0.029152346774935722 0.029152346774935722 0.03439025197768522 0.04522759627476771 0.0560649405718502 0.06690228486893268 0.07773962916601518 0.08857697346311616 0.09941431776019864 0.11025166205728114 0.12108900635436363 0.13192635065144612 0.1427636949485286 0.15360103924561108 0.15920047834515572 0.15920047834515572 0.15920047834515572 0.15920047834515572 0.15920047834515572 0.15920047834515572 0.15920047834515572 0.15920047834515572 0.15920047834515572 0.15920047834515572 0.15920047834515572 0.15920047834515572 0.15888340931170877 0.15822738631105773 0.1575713633104067 0.15691534030975565 0.1562593173091046 0.15560329430845354 0.1549472713078025 0.15429124830715035 0.1536352253064993
0.029152346774935722 0.029152346774935722 0.029152346774935722 0.029152346774935722 0.029152346774935722 0.029152346774935722 0.029152346774935722 0.029152346774935722 0.029152346774935722 0.029152346774935722 0.029152346774935722 0.03439025197768522 0.04522759627476771 0.0560649405718502 0.06690228486893268 0.07773962916601518 0.08857697346311616 0.09941431776019864 0.11025166205728114 0.12108900635436363 0.13192635065144612 0.1427636949485286 0.15360103924561108 0.15920047834515572 0.15920047834515572 0.15920047834515572 0.15920047834515572 0.15920047834515572 0.15920047834515572 0.15920047834515572 0.15920047834515572 0.15920047834515572 0.15920047834515572 0.15920047834515572 0.15920047834515572 0.15888340931170877 0.15822738631105773 0.1575713633104067 0.15691534030975565 0.1562593173091046 0.15560329430845354 0.1549472713078025 0.15429124830715035 0.1536352253064993
0.029152346774935722 0.029152346774935722 0.029152346774935722 0.029152346774935722 0.029152346774935722 0.029152346774935722 0.029152346774935722 0.029152346774935722 0.029152346774935722 0.029152346774935722 0.029152346774935722 0.03439025197768522 0.04522759627476771 0.0560649405718502 0.06690228486893268 0.07773962916601518 0.08857697346311616 0.09941431776019864 0.11025166205728114 0.12108900635436363 0.13192635065144612 0.1427636949485286 0.15360103924561108 0.15920047834515572 0.15920047834515572 0.15920047834515572 0.15920047834515572 0.15920047834515572 0.15920047834515572 0.15920047834515572 0.15920047834515572 0.15920047834515572 0.15920047834515572 0.15920047834515572 0.15920047834515572 0.15888340931170877 0.15822738631105773 0.1575713633104067 0.15691534030975565 0.1562593173091046 0.15560329430845354 0.1549472713078025 0.15429124830715035 0.1536352253064993
0.029152346774935722 0.029152346774935722 0.029152346774935722 0.029152346774935722 0.029152346774935722 0.029152346774935722 0.029152346774935722 0.029152346774935722 0.029152346774935722 0.029152346774935722 0.029152346774935722 0.03439025197768522 0.04522759627476771 0.0560649405718502 0.06690228486893268 0.07773962916601518 0.08857697346311616 0.09941431776019864 0.11025166205728114 0.12108900635436363 0.13192635065144612 0.1427636949485286 0.15360103924561108 0.15920047834515572 0.15920047834515572 0.15920047834515572 0.15920047834515572 0.15920047834515572 0.15920047834515572 0.15920047834515572 0.15920047834515572 0.15920047834515572 0.15920047834515572 0.15920047834515572 0.15920047834515572 0.15888340931170877 0.15822738631105773 0.1575713633104067 0.15691534030975565 0.1562593173091046 0.15560329430845354 0.1549472713078025 0.15429124830715035 0.1536352253064993
0.027978138825875343 0.027978138825875343 0.027978138825875343 0.027978138825875343 0.027978138825875343 0.027978138825875343 0.027978138825875343 0.027978138825875343 0.027978138825875343 0.027978138825875343 0.027978138825875343 0.033249514836713324 0.04415611099252859 0.05506270714834386 0.06596930330415914 0.0768758994599744 0.08778249561580827 0.09868909177162354 0.1095956879274388 0.12050228408325407 0.13140888023906935 0.14231547639488462 0.1532220725506999 0.1588572927009221 0.1588572927009221 0.1588572927009221 0.1588572927009221 0.1588572927009221 0.1588572927009221 0.1588572927009221 0.1588572927009221 0.1588572927009221 0.1588572927009221 0.1588572927009221 0.1588572927009221 0.1587189922850493 0.15843284559697368 0.15814669890889807 0.1578605522208225 0.15757440553274688 0.15728825884467126 0.15700211215659568 0.15671596546851957 0.15642981878044399
0.02554877659472616 0.02554877659472616 0.02554877659472616 0.02554877659472616 0.02554877659472616 0.02554877659472616 0.02554877659472616 0.02554877659472616 0.02554877659472616 0.02554877659472616 0.02554877659472616 0.030889401597687965 0.041939275483974164 0.05298914937026036 0.06403902325654656 0.07508889714283276 0.0861387710291378 0.097188644915424 0.1082385188017102 0.1192883926879964 0.1303382665742826 0.1413881404605688 0.15243801434685497 0.15814726323549322 0.15814726323549322 0.15814726323549322 0.15814726323549322 0.15814726323549322 0.15814726323549322 0.15814726323549322 0.15814726323549322 0.15814726323549322 0.15814726323549322 0.15814726323549322 0.15814726323549322 0.1583788238208143 0.15885792790853745 0.1593370319962606 0.1598161360839837 0.16029524017170685 0.16077434425943 0.16125344834715313 0.16173255243487708 0.16221165652260022
