Figures/CREST_Example_wjb_NSE/Rolling_result/20100722/BJP_forecast/ens_21/wjb.rain.20100522.asc
ncols            288
nrows            254
xllcorner        113.274861
yllcorner        31.4918055
cellsize         0.008333333333
NODATA_value     -9999
[rows 228 to 246 of 254, columns 176 to 219 of 288]
1.5585777795391236 1.5585777795391236 1.5585777795391236 1.5585777795391236 1.5585777795391236 1.5585777795391236 1.5585777795391236 1.56648704390691 1.5828514908314448 1.5992159377559794 1.615580384680514 1.6319448316050484 1.6483092785295832 1.6646737254541177 1.6810381723786523 1.6974026193031868 1.7137670662277213 1.730131513152256 1.7464959600767906 1.7564469435619847 1.7595417895122656 1.7626366354625462 1.7657314814128269 1.7688263273631077 1.7719211733133884 1.775016019263669 1.7781108652139497 1.7812057111642305 1.7843005571145112 1.7873954030647918 1.7904902490150725 1.792089294046293 1.792089294046293 1.792089294046293 1.792089294046293 1.792089294046293 1.792089294046293 1.792089294046293 1.792089294046293 1.792089294046293 1.792089294046293 1.792089294046293 1.792089294046293 1.8234664967621925
1.5621209777891636 1.5621209777891636 1.5621209777891636 1.5621209777891636 1.5621209777891636 1.5621209777891636 1.5621209777891636 1.5692131819656439 1.5838871128683296 1.5985610437710152 1.613234974673701 1.6279089055763865 1.6425828364790722 1.657256767381758 1.6719306982844435 1.6866046291871293 1.7012785600898148 1.7159524909925006 1.7306264218951863 1.7380412413037254 1.7376959062721902 1.7373505712406547 1.7370052362091195 1.7366599011775843 1.7363145661460488 1.7359692311145136 1.7356238960829784 1.735278561051443 1.7349332260199077 1.7345878909883725 1.734242555956837 1.7340641282498837 1.7340641282498837 1.7340641282498837 1.7340641282498837 1.7340641282498837 1.7340641282498837 1.7340641282498837 1.7340641282498837 1.7340641282498837 1.7340641282498837 1.7340641282498837 1.7340641282498837 1.7644945027438825
1.5621209777891636 1.5621209777891636 1.5621209777891636 1.5621209777891636 1.5621209777891636 1.5621209777891636 1.5621209777891636 1.5692131819656439 1.5838871128683296 1.5985610437710152 1.613234974673701 1.6279089055763865 1.6425828364790722 1.657256767381758 1.6719306982844435 1.6866046291871293 1.7012785600898148 1.7159524909925006 1.7306264218951863 1.7380412413037254 1.7376959062721902 1.7373505712406547 1.7370052362091195 1.7366599011775843 1.7363145661460488 1.7359692311145136 1.7356238960829784 1.735278561051443 1.7349332260199077 1.7345878909883725 1.734242555956837 1.7340641282498837 1.7340641282498837 1.7340641282498837 1.7340641282498837 1.7340641282498837 1.7340641282498837 1.7340641282498837 1.7340641282498837 1.7340641282498837 1.7340641282498837 1.7340641282498837 1.7340641282498837 1.7644945027438825
1.5621209777891636 1.5621209777891636 1.5621209777891636 1.5621209777891636 1.5621209777891636 1.5621209777891636 1.5621209777891636 1.5692131819656439 1.5838871128683296 1.5985610437710152 1.613234974673701 1.6279089055763865 1.6425828364790722 1.657256767381758 1.6719306982844435 1.6866046291871293 1.7012785600898148 1.7159524909925006 1.7306264218951863 1.7380412413037254 1.7376959062721902 1.7373505712406547 1.7370052362091195 1.7366599011775843 1.7363145661460488 1.7359692311145136 1.7356238960829784 1.735278561051443 1.7349332260199077 1.7345878909883725 1.734242555956837 1.7340641282498837 1.7340641282498837 1.7340641282498837 1.7340641282498837 1.7340641282498837 1.7340641282498837 1.7340641282498837 1.7340641282498837 1.7340641282498837 1.7340641282498837 1.7340641282498837 1.7340641282498837 1.7644945027438825
1.5621209777891636 1.5621209777891636 1.5621209777891636 1.5621209777891636 1.5621209777891636 1.5621209777891636 1.5621209777891636 1.5692131819656439 1.5838871128683296 1.5985610437710152 1.613234974673701 1.6279089055763865 1.6425828364790722 1.657256767381758 1.6719306982844435 1.6866046291871293 1.7012785600898148 1.7159524909925006 1.7306264218951863 1.7380412413037254 1.7376959062721902 1.7373505712406547 1.7370052362091195 1.7366599011775843 1.7363145661460488 1.7359692311145136 1.7356238960829784 1.735278561051443 1.7349332260199077 1.7345878909883725 1.734242555956837 1.7340641282498837 1.7340641282498837 1.7340641282498837 1.7340641282498837 1.7340641282498837 1.7340641282498837 1.7340641282498837 1.7340641282498837 1.7340641282498837 1.7340641282498837 1.7340641282498837 1.7340641282498837 1.7644945027438825
1.5621209777891636 1.5621209777891636 1.5621209777891636 1.5621209777891636 1.5621209777891636 1.5621209777891636 1.5621209777891636 1.5692131819656439 1.5838871128683296 1.5985610437710152 1.613234974673701 1.6279089055763865 1.6425828364790722 1.657256767381758 1.6719306982844435 1.6866046291871293 1.7012785600898148 1.7159524909925006 1.7306264218951863 1.7380412413037254 1.7376959062721902 1.7373505712406547 1.7370052362091195 1.7366599011775843 1.7363145661460488 1.7359692311145136 1.7356238960829784 1.735278561051443 1.7349332260199077 1.7345878909883725 1.734242555956837 1.7340641282498837 1.7340641282498837 1.7340641282498837 1.7340641282498837 1.7340641282498837 1.7340641282498837 1.7340641282498837 1.7340641282498837 1.7340641282498837 1.7340641282498837 1.7340641282498837 1.7340641282498837 1.7644945027438825
1.5621209777891636 1.5621209777891636 1.5621209777891636 1.5621209777891636 1.5621209777891636 1.5621209777891636 1.5621209777891636 1.5692131819656439 1.5838871128683296 1.5985610437710152 1.613234974673701 1.6279089055763865 1.6425828364790722 1.657256767381758 1.6719306982844435 1.6866046291871293 1.7012785600898148 1.7159524909925006 1.7306264218951863 1.7380412413037254 1.7376959062721902 1.7373505712406547 1.7370052362091195 1.7366599011775843 1.7363145661460488 1.7359692311145136 1.7356238960829784 1.735278561051443 1.7349332260199077 1.7345878909883725 1.734242555956837 1.7340641282498837 1.7340641282498837 1.7340641282498837 1.7340641282498837 1.7340641282498837 1.7340641282498837 1.7340641282498837 1.7340641282498837 1.7340641282498837 1.7340641282498837 1.7340641282498837 1.7340641282498837 1.7644945027438825
1.5621209777891636 1.5621209777891636 1.5621209777891636 1.5621209777891636 1.5621209777891636 1.5621209777891636 1.5621209777891636 1.5692131819656439 1.5838871128683296 1.5985610437710152 1.613234974673701 1.6279089055763865 1.6425828364790722 1.657256767381758 1.6719306982844435 1.6866046291871293 1.7012785600898148 1.7159524909925006 1.7306264218951863 1.7380412413037254 1.7376959062721902 1.7373505712406547 1.7370052362091195 1.7366599011775843 1.7363145661460488 1.7359692311145136 1.7356238960829784 1.735278561051443 1.7349332260199077 1.7345878909883725 1.734242555956837 1.7340641282498837 1.7340641282498837 1.7340641282498837 1.7340641282498837 1.7340641282498837 1.7340641282498837 1.7340641282498837 1.7340641282498837 1.7340641282498837 1.7340641282498837 1.7340641282498837 1.7340641282498837 1.7644945027438825
1.5621209777891636 1.5621209777891636 1.5621209777891636 1.5621209777891636 1.5621209777891636 1.5621209777891636 1.5621209777891636 1.5692131819656439 1.5838871128683296 1.5985610437710152 1.613234974673701 1.6279089055763865 1.6425828364790722 1.657256767381758 1.6719306982844435 1.6866046291871293 1.7012785600898148 1.7159524909925006 1.7306264218951863 1.7380412413037254 1.7376959062721902 1.7373505712406547 1.7370052362091195 1.7366599011775843 1.7363145661460488 1.7359692311145136 1.7356238960829784 1.735278561051443 1.7349332260199077 1.7345878909883725 1.734242555956837 1.7340641282498837 1.7340641282498837 1.7340641282498837 1.7340641282498837 1.7340641282498837 1.7340641282498837 1.7340641282498837 1.7340641282498837 1.7340641282498837 1.7340641282498837 1.7340641282498837 1.7340641282498837 1.7644945027438825
1.5621209777891636 1.5621209777891636 1.5621209777891636 1.5621209777891636 1.5621209777891636 1.5621209777891636 1.5621209777891636 1.5692131819656439 1.5838871128683296 1.5985610437710152 1.613234974673701 1.6279089055763865 1.6425828364790722 1.657256767381758 1.6719306982844435 1.6866046291871293 1.7012785600898148 1.7159524909925006 1.7306264218951863 1.7380412413037254 1.7376959062721902 1.7373505712406547 1.7370052362091195 1.7366599011775843 1.7363145661460488 1.7359692311145136 1.7356238960829784 1.735278561051443 1.7349332260199077 1.7345878909883725 1.734242555956837 1.7340641282498837 1.7340641282498837 1.7340641282498837 1.7340641282498837 1.7340641282498837 1.7340641282498837 1.7340641282498837 1.7340641282498837 1.7340641282498837 1.7340641282498837 1.7340641282498837 1.7340641282498837 1.7644945027438825
-9999.0 1.5621209777891636 1.5621209777891636 1.5621209777891636 1.5621209777891636 1.5621209777891636 1.5621209777891636 1.5692131819656439 1.5838871128683296 1.5985610437710152 1.613234974673701 1.6279089055763865 1.6425828364790722 1.657256767381758 1.6719306982844435 1.6866046291871293 1.7012785600898148 1.7159524909925006 1.7306264218951863 1.7380412413037254 1.7376959062721902 1.7373505712406547 1.7370052362091195 1.7366599011775843 1.7363145661460488 1.7359692311145136 1.7356238960829784 1.735278561051443 1.7349332260199077 1.7345878909883725 1.734242555956837 1.7340641282498837 1.7340641282498837 1.7340641282498837 1.7340641282498837 1.7340641282498837 1.7340641282498837 1.7340641282498837 1.7340641282498837 1.7340641282498837 1.7340641282498837 1.7340641282498837 1.7340641282498837 1.7644945027438825
-9999.0 -9999.0 -9999.0 -9999.0 -9999.0 -9999.0 -9999.0 1.5692131819656439 1.5838871128683296 1.5985610437710152 1.613234974673701 1.6279089055763865 1.6425828364790722 1.657256767381758 1.6719306982844435 1.6866046291871293 1.7012785600898148 1.7159524909925006 1.7306264218951863 1.7380412413037254 1.7376959062721902 1.7373505712406547 1.7370052362091195 1.7366599011775843 1.7363145661460488 1.7359692311145136 1.7356238960829784 1.735278561051443 1.7349332260199077 1.7345878909883725 1.734242555956837 1.7340641282498837 1.7340641282498837 1.7340641282498837 1.7340641282498837 1.7340641282498837 1.7340641282498837 1.7340641282498837 1.7340641282498837 1.7340641282498837 1.7340641282498837 1.7340641282498837 1.7340641282498837 1.7644945027438825
-9999.0 -9999.0 -9999.0 -9999.0 -9999.0 -9999.0 -9999.0 -9999.0 1.5838871128683296 1.5985610437710152 1.613234974673701 1.6279089055763865 1.6425828364790722 1.657256767381758 1.6719306982844435 1.6866046291871293 1.7012785600898148 1.7159524909925006 1.7306264218951863 1.7380412413037254 1.7376959062721902 1.7373505712406547 1.7370052362091195 1.7366599011775843 1.7363145661460488 1.7359692311145136 1.7356238960829784 1.735278561051443 1.7349332260199077 1.7345878909883725 1.734242555956837 1.7340641282498837 1.7340641282498837 1.7340641282498837 1.7340641282498837 1.7340641282498837 1.7340641282498837 1.7340641282498837 1.7340641282498837 1.7340641282498837 1.7340641282498837 1.7340641282498837 1.7340641282498837 1.7644945027438825
-9999.0 -9999.0 -9999.0 -9999.0 -9999.0 -9999.0 -9999.0 -9999.0 -9999.0 1.5542119815162492 1.5702507463571516 1.586289511198054 1.6023282760389561 1.6183670408798585 1.6344058057207609 1.6504445705616633 1.6664833354025657 1.6825221002434678 1.6985608650843702 1.7062187847632393 1.7049173913294566 1.7036159978956742 1.7023146044618918 1.701013211028109 1.6997118175943267 1.698410424160544 1.6971090307267616 1.695807637292979 1.6945062438591965 1.6932048504254138 1.6919034569916314 1.6912310530214874 1.6912310530214874 1.6912310530214874 1.6912310530214874 1.6912310530214874 1.6912310530214874 1.6912310530214874 1.6912310530214874 1.6912310530214874 1.6912310530214874 1.6912310530214874 1.6912310530214874 1.7212505121542339
-9999.0 -9999.0 -9999.0 -9999.0 -9999.0 -9999.0 -9999.0 -9999.0 -9999.0 1.4624565666796603 1.4813190869241093 1.5001816071685585 1.5190441274130075 1.5379066476574565 1.5567691679019056 1.5756316881463548 1.5944942083908038 1.6133567286352528 1.6322192488797018 1.6403801276972076 1.6371007096819294 1.6338212916666515 1.6305418736513733 1.6272624556360953 1.6239830376208173 1.620703619605539 1.6174242015902611 1.614144783574983 1.610865365559705 1.6075859475444267 1.6043065295291488 1.602612119801857 1.602612119801857 1.602612119801857 1.602612119801857 1.602612119801857 1.602612119801857 1.602612119801857 1.602612119801857 1.602612119801857 1.602612119801857 1.602612119801857 1.602612119801857 1.631781420948898
-9999.0 -9999.0 -9999.0 -9999.0 -9999.0 -9999.0 -9999.0 -9999.0 -9999.0 1.3707011518430319 1.392387427491029 1.414073703139026 1.435759978787023 1.45744625443502 1.479132530083017 1.500818805731014 1.522505081379011 1.544191357027008 1.565877632675005 1.5745414706311476 1.5692840280343732 1.5640265854375988 1.5587691428408244 1.5535117002440497 1.5482542576472753 1.542996815050501 1.5377393724537265 1.532481929856952 1.5272244872601777 1.5219670446634033 1.5167096020666289 1.513993186582189 1.513993186582189 1.513993186582189 1.513993186582189 1.513993186582189 1.513993186582189 1.513993186582189 1.513993186582189 -9999.0 -9999.0 -9999.0 -9999.0 1.5423123297435242
-9999.0 -9999.0 -9999.0 -9999.0 -9999.0 -9999.0 -9999.0 -9999.0 -9999.0 -9999.0 -9999.0 1.3279657991095306 1.3524758301610744 1.376985861212618 1.4014958922641618 1.4260059233157056 1.4505159543672492 1.475025985418793 1.4995360164703366 1.508702813565116 1.501467346386846 1.494231879208576 1.486996412030306 1.479760944852036 1.472525477673766 1.465290010495496 1.458054543317226 1.450819076138956 1.4435836089606862 1.4363481417824162 1.429112674604146 1.4253742533625586 1.4253742533625586 1.4253742533625586 1.4253742533625586 1.4253742533625586 1.4253742533625586 1.4253742533625586 1.4253742533625586 -9999.0 -9999.0 -9999.0 -9999.0 -9999.0
-9999.0 -9999.0 -9999.0 -9999.0 -9999.0 -9999.0 -9999.0 -9999.0 -9999.0 -9999.0 -9999.0 -9999.0 1.2691916815351254 1.2965254679902158 1.3238592544453063 1.3511930409003967 1.3785268273554871 1.4058606138105776 1.433194400265668 1.442864156499084 1.4336506647393186 1.424437172979553 1.4152236812197876 1.406010189460022 1.3967966977002566 1.3875832059404911 1.3783697141807256 1.3691562224209601 1.3599427306611946 1.3507292389014292 1.3415157471416637 1.3367553201429285 1.3367553201429285 1.3367553201429285 1.3367553201429285 1.3367553201429285 1.3367553201429285 1.3367553201429285 -9999.0 -9999.0 -9999.0 -9999.0 -9999.0 -9999.0
-9999.0 -9999.0 -9999.0 -9999.0 -9999.0 -9999.0 -9999.0 -9999.0 -9999.0 -9999.0 -9999.0 -9999.0 1.185907532909141 1.2160650747677795 1.2462226166264179 1.2763801584850563 1.3065377003436947 1.336695242202333 1.3668527840609714 1.3770254994330242 1.3658339830917623 1.3546424667505006 1.3434509504092387 1.3322594340679768 1.3210679177267148 1.3098764013854531 1.2986848850441912 1.2874933687029293 1.2763018523616676 1.2651103360204057 1.2539188196791438 1.2481363869232605 1.2481363869232605 1.2481363869232605 1.2481363869232605 1.2481363869232605 -9999.0 -9999.0 -9999.0 -9999.0 -9999.0 -9999.0 -9999.0 -9999.0
