Figures/CREST_Example_wjb_NSE/Rolling_result/20100722/BJP_forecast/ens_17/wjb.rain.20100727.asc
ncols            288
nrows            254
xllcorner        113.274861
yllcorner        31.4918055
cellsize         0.008333333333
NODATA_value     -9999
[rows 200 to 219 of 254, columns 180 to 224 of 288]
0.23080035065735766 0.22808105767380457 0.22536176469024685 0.21493652872333424 0.19627346535978474 0.17761040199623523 0.15894733863268573 0.14028427526913623 0.12162121190558674 0.10295814854203725 0.08429508517848774 0.06563202181493824 0.04696895845138874 0.02830589508783926 0.009642831724289758 0.01939197396848946 0.059514406893797944 0.09963683981910643 0.1397592727444149 0.1798817056697234 0.22000413859503187 0.26012657152034036 0.30024900444564884 0.3403714373709573 0.3804938702962658 0.4206163032215743 0.46073873614688277 0.4878180302972939 0.5009539139418572 0.514089797586398 0.5272256812309387 0.5403615648754796 0.5534974485200204 0.5666333321645612 0.579769215809102 0.5929050994536428 0.6060409830981837 0.6191768667427244 0.6323127503872652 0.6299484346656677 0.6110140550331064 0.5920796754005125 0.5731452957679511 0.5542109161353896 0.5352765365028282
0.2616422408537263 0.2585595682852998 0.2554768957168681 0.24365853369080104 0.2225015219890144 0.20134451028722777 0.18018749858544114 0.15903048688365454 0.1378734751818679 0.11671646348008127 0.09555945177829464 0.07440244007650801 0.053245428374721404 0.03208841667293477 0.01093140497114814 0.015098541658574943 0.04633776598666624 0.07757699031475754 0.10881621464284884 0.14005543897094014 0.17129466329903142 0.2025338876271227 0.23377311195521402 0.26501233628330534 0.2962515606113966 0.3274907849394879 0.3587300092675792 0.37981387888699764 0.39004144451553585 0.4002690101440567 0.4104965757725775 0.42072414140109826 0.43095170702961905 0.44117927265813983 0.4514068382866606 0.46163440391518146 0.47186196954370224 0.482089535172223 0.4923171008007438 0.49047625058742517 0.475733990716097 0.46099173084474376 0.4462494709734156 0.43150721110208745 0.4167649512307593
0.2924841310500949 0.28903807889679506 0.2855920267434894 0.27238053865826783 0.2487295786182441 0.22507861857822034 0.20142765853819658 0.17777669849817282 0.15412573845814906 0.1304747784181253 0.10682381837810154 0.0831728583380778 0.05952189829805404 0.03587093825803028 0.012219978218006522 0.01080510934866043 0.03316112507953455 0.05551714081040867 0.0778731565412828 0.10022917227215691 0.12258518800303103 0.14494120373390515 0.16729721946477927 0.18965323519565339 0.2120092509265275 0.23436526665740162 0.25672128238827574 0.2718097274767014 0.2791289750892147 0.28644822270171544 0.29376747031421624 0.301086717926717 0.3084059655392178 0.31572521315171853 0.32304446076421933 0.3303637083767201 0.3376829559892208 0.3450022036017216 0.3523214512142224 0.3510040665091826 0.3404539263990878 0.32990378628897493 0.3193536461788801 0.30880350606878526 0.29825336595869045
0.32332602124646354 0.3195165895082903 0.31570715777011066 0.3011025436257347 0.2749576352474738 0.2488127268692129 0.22266781849095202 0.19652291011269113 0.17037800173443024 0.14423309335616935 0.11808818497790846 0.09194327659964757 0.06579836822138668 0.03965345984312579 0.013508551464864904 0.006511677038745916 0.01998448417240285 0.03345729130605978 0.04693009843971672 0.060402905573373654 0.07387571270703058 0.08734851984068752 0.10082132697434446 0.11429413410800139 0.12776694124165833 0.14123974837531525 0.1547125555089722 0.1638055760664051 0.1682165056628934 0.17262743525937416 0.1770383648558549 0.18144929445233565 0.1858602240488164 0.19027115364529718 0.1946820832417779 0.19909301283825867 0.2035039424347394 0.20791487203122017 0.21232580162770093 0.21153188243093998 0.20517386208207847 0.1988158417332061 0.19245782138434459 0.18609980103548307 0.17974178068662156
0.3541679114428453 0.3499951001197986 0.34582228879674476 0.32982454859321375 0.3011856918767146 0.27254683516021555 0.24390797844371648 0.2152691217272174 0.18663026501071833 0.15799140829421926 0.1293525515777202 0.10071369486122109 0.07207483814472204 0.043435981428222914 0.014797124711723841 0.0022182447288295708 0.006807843265265536 0.011397441801701502 0.015987040338137467 0.020576638874573432 0.025166237411009398 0.02975583594744536 0.034345434483881325 0.03893503302031729 0.043524631556753256 0.04811423009318922 0.052703828629625186 0.05580142465606282 0.05730403623652487 0.058806647816984366 0.06030925939744385 0.061811870977903347 0.06331448255836283 0.06481709413882232 0.06631970571928182 0.06782231729974131 0.0693249288802008 0.07082754046066028 0.07233015204111978 0.0720596983526379 0.06989379776501149 0.06772789717738138 0.06556199658975496 0.06339609600212855 0.061230195414502135
0.3697660810602445 0.3648397920051047 0.35991350294995644 0.3429745887227369 0.31319390640019384 0.2834132240776508 0.2536325417551077 0.22385185943256466 0.1940711771100216 0.16429049478747854 0.13450981246493549 0.10472913014239243 0.07494844781984938 0.045167765497306334 0.015387083174763283 0.0 0.0 0.0 0.0 0.0 0.0 0.0 0.0 0.0 0.0 0.0 0.0 0.0 0.0 0.0 0.0 0.0 0.0 0.0 0.0 0.0 0.0 0.0 0.0 0.0 0.0 0.0 0.0 0.0 0.0
0.36906967416308534 0.36297291704366086 0.35687615992422594 0.33947917991350496 0.31000200596376243 0.28052483201401984 0.25104765806427726 0.2215704841145347 0.19209331016479214 0.16261613621504956 0.133138962265307 0.10366178831556444 0.07418461436582185 0.04470744041607927 0.01523026646633674 0.0 0.0 0.0 0.0 0.0 0.0 0.0 0.0 0.0 0.0 0.0 0.0 0.0 0.0 0.0 0.0 0.0 0.0 0.0 0.0 0.0 0.0 0.0 0.0 0.0 0.0 0.0 0.0 0.0 0.0
0.3683732672659259 0.36110604208221625 0.3538388168984943 0.33598377110427163 0.3068101055273297 0.2776364399503877 0.24846277437344577 0.21928910879650382 0.19011544321956186 0.1609417776426199 0.13176811206567796 0.10259444648873597 0.07342078091179405 0.044247115334852094 0.01507344975791014 0.0 0.0 0.0 0.0 0.0 0.0 0.0 0.0 0.0 0.0 0.0 0.0 0.0 0.0 0.0 0.0 0.0 0.0 0.0 0.0 0.0 0.0 0.0 0.0 0.0 0.0 0.0 0.0 0.0 0.0
0.3676768603687667 0.3592391671207724 0.3508014738727638 0.33248836229503975 0.30361820509089826 0.2747480478867568 0.24587789068261534 0.21700773347847385 0.1881375762743324 0.1592674190701909 0.13039726186604944 0.10152710466190795 0.07265694745776646 0.043786790253624974 0.01491663304948354 0.0 0.0 0.0 0.0 0.0 0.0 0.0 0.0 0.0 0.0 0.0 0.0 0.0 0.0 0.0 0.0 0.0 0.0 0.0 0.0 0.0 0.0 0.0 0.0 0.0 0.0 0.0 0.0 0.0 0.0
0.36698045347160746 0.3573722921593286 0.3477641308470333 0.32899295348580787 0.30042630465446685 0.2718596558231259 0.2432930069917849 0.21472635816044391 0.18615970932910292 0.15759306049776192 0.12902641166642093 0.10045976283507996 0.07189311400373893 0.043326465172397965 0.014759816341056997 0.0 0.0 0.0 0.0 0.0 0.0 0.0 0.0 0.0 0.0 0.0 0.0 0.0 0.0 0.0 0.0 0.0 0.0 0.0 0.0 0.0 0.0 0.0 0.0 0.0 0.0 0.0 0.0 0.0 0.0
0.366284046574448 0.355505417197884 0.3447267878213016 0.32549754467657455 0.29723440421803415 0.26897126375949376 0.2407081233009534 0.21244498284241303 0.18418184238387264 0.15591870192533228 0.12765556146679188 0.09939242100825152 0.07112928054971113 0.042866140091170735 0.014602999632630398 0.0 0.0 0.0 0.0 0.0 0.0 0.0 0.0 0.0 0.0 0.0 0.0 0.0 0.0 0.0 0.0 0.0 0.0 0.0 0.0 0.0 0.0 0.0 0.0 0.0 0.0 0.0 0.0 0.0 0.0
0.3655876396772888 0.35363854223644015 0.34168944479557106 0.3220021358673426 0.29404250378160274 0.26608287169586287 0.23812323961012294 0.21016360752438307 0.18220397543864317 0.15424434335290327 0.12628471126716337 0.09832507918142347 0.0703654470956836 0.04240581500994367 0.014446182924203799 0.0 0.0 0.0 0.0 0.0 0.0 0.0 0.0 0.0 0.0 0.0 0.0 0.0 0.0 0.0 0.0 0.0 0.0 0.0 0.0 0.0 0.0 0.0 0.0 0.0 0.0 0.0 0.0 0.0 0.0
0.3648912327801297 0.35177166727499637 0.3386521017698407 0.3185067270581108 0.2908506033451714 0.26319447963223197 0.23553835591929256 0.20788223220635316 0.18022610849341372 0.15256998478047432 0.12491386106753491 0.0972577373545955 0.06960161364165607 0.04194548992871666 0.014289366215777255 0.0 0.0 0.0 0.0 0.0 0.0 0.0 0.0 0.0 0.0 0.0 0.0 0.0 0.0 0.0 0.0 0.0 0.0 0.0 0.0 0.0 0.0 0.0 0.0 0.0 0.0 0.0 0.0 0.0 0.0
0.3641948258829702 0.34990479231355176 0.33561475874410895 0.3150113182488774 0.28765870290873863 0.2603060875685998 0.23295347222846102 0.20560085688832222 0.17824824154818342 0.15089562620804464 0.12354301086790584 0.09619039552776704 0.06883778018762826 0.04148516484748943 0.014132549507350656 0.0 0.0 0.0 0.0 0.0 0.0 0.0 0.0 0.0 0.0 0.0 0.0 0.0 0.0 0.0 0.0 0.0 0.0 0.0 0.0 0.0 0.0 0.0 0.0 0.0 0.0 0.0 0.0 0.0 0.0
0.36349841898581103 0.34803791735210793 0.3325774157183785 0.3115159094396456 0.28446680247230727 0.25741769550496896 0.23036858853763062 0.20331948157029228 0.17627037460295397 0.14922126763561566 0.12217216066827735 0.09512305370093901 0.06807394673360073 0.041024839766262367 0.013975732798924057 0.0 0.0 0.0 0.0 0.0 0.0 0.0 0.0 0.0 0.0 0.0 0.0 0.0 0.0 0.0 0.0 0.0 0.0 0.0 0.0 0.0 0.0 0.0 0.0 0.0 0.0 0.0 0.0 0.0 0.0
0.3628020120886518 0.3461710423906641 0.32954007269264807 0.3080205006304137 0.28127490203587585 0.254529303441338 0.22778370484680016 0.20103810625226234 0.17429250765772453 0.14754690906318668 0.12080131046864886 0.09405571187411102 0.0673101132795732 0.04056451468503536 0.013818916090497513 0.0 0.0 0.0 0.0 0.0 0.0 0.0 0.0 0.0 0.0 0.0 0.0 0.0 0.0 0.0 0.0 0.0 0.0 0.0 0.0 0.0 0.0 0.0 0.0 0.0 0.0 0.0 0.0 0.0 0.0
0.3621056051914926 0.34430416742922026 0.3265027296669175 0.30452509182118176 0.27808300159944443 0.2516409113777071 0.22519882115596973 0.1987567309342324 0.17231464071249505 0.1458725504907577 0.11943046026902035 0.09298837004728303 0.06654627982554567 0.04010418960380835 0.013662099382070969 0.0 0.0 0.0 0.0 0.0 0.0 0.0 0.0 0.0 0.0 0.0 0.0 0.0 0.0 0.0 0.0 0.0 0.0 0.0 0.0 0.0 0.0 0.0 0.0 0.0 0.0 0.0 0.0 0.0 0.0
0.3471752816625995 0.3295104797969781 0.31184567793132656 0.29052613088653234 0.2652995785563719 0.2400730262262114 0.21484647389605097 0.1896199215658905 0.16439336923573003 0.13916681690556956 0.11394026457540912 0.08871371224524865 0.06348715991508819 0.03826060758492772 0.013034055254767252 0.0 0.0 0.0 0.0 0.0 0.0 0.0 0.0 0.0 0.0 0.0 0.0 0.0 0.0 0.0 0.0 0.0 0.0 0.0 0.0 0.0 0.0 0.0 0.0 0.0 0.0 0.0 0.0 0.0 0.0
0.31702979836339 0.3008988441469266 0.2847678899304356 0.26529953472829726 0.24226342236357346 0.21922730999884965 0.19619119763412585 0.17315508526940204 0.15011897290467827 0.12708286053995446 0.10404674817523066 0.08101063581050685 0.05797452344578305 0.034938411081059245 0.011902298716335413 0.0 0.0 0.0 0.0 0.0 0.0 0.0 0.0 0.0 0.0 0.0 0.0 0.0 0.0 0.0 0.0 0.0 0.0 0.0 0.0 0.0 0.0 0.0 0.0 0.0 0.0 0.0 0.0 0.0 0.0
0.28688431506418055 0.27228720849687504 0.25769010192954467 0.2400729385700622 0.21922726617077504 0.1983815937714879 0.17753592137220076 0.15669024897291361 0.13584457657362647 0.11499890417433933 0.09415323177505217 0.07330755937576502 0.052461886976477884 0.03161621457719074 0.010770542177903603 0.0 0.0 0.0 0.0 0.0 0.0 0.0 0.0 0.0 0.0 0.0 0.0 0.0 0.0 0.0 0.0 0.0 0.0 0.0 0.0 0.0 0.0 0.0 0.0 0.0 0.0 0.0 0.0 0.0 0.0
