Figures/CREST_Example_wjb_NSE/Rolling_result/20100722/BJP_forecast/ens_17/wjb.rain.20100208.asc
ncols            288
nrows            254
xllcorner        113.274861
yllcorner        31.4918055
cellsize         0.008333333333
NODATA_value     -9999
[rows 38 to 56 of 254, columns 132 to 175 of 288]
1.9908954865851545 2.0846803523493884 2.178465218113622 2.2230234112537524 2.214957178006557 2.206890944759362 2.1988247115121666 2.1907584782649714 2.182692245017776 2.174626011770581 2.1665597785233857 -9999.0 -9999.0 -9999.0 -9999.0 -9999.0 -9999.0 -9999.0 -9999.0 -9999.0 -9999.0 -9999.0 -9999.0 -9999.0 -9999.0 -9999.0 -9999.0 -9999.0 -9999.0 -9999.0 -9999.0 -9999.0 -9999.0 -9999.0 -9999.0 -9999.0 -9999.0 -9999.0 -9999.0 -9999.0 -9999.0 -9999.0 -9999.0 -9999.0
1.9908954865851545 2.0846803523493884 2.178465218113622 2.2230234112537524 2.214957178006557 2.206890944759362 2.1988247115121666 2.1907584782649714 2.182692245017776 2.174626011770581 2.1665597785233857 -9999.0 -9999.0 -9999.0 -9999.0 -9999.0 -9999.0 -9999.0 -9999.0 -9999.0 -9999.0 -9999.0 -9999.0 -9999.0 -9999.0 -9999.0 -9999.0 -9999.0 -9999.0 -9999.0 -9999.0 -9999.0 -9999.0 -9999.0 -9999.0 -9999.0 -9999.0 -9999.0 -9999.0 -9999.0 -9999.0 -9999.0 -9999.0 -9999.0
1.9908954865851545 2.0846803523493884 2.178465218113622 2.2230234112537524 2.214957178006557 2.206890944759362 2.1988247115121666 2.1907584782649714 2.182692245017776 2.174626011770581 2.1665597785233857 -9999.0 -9999.0 -9999.0 -9999.0 -9999.0 -9999.0 -9999.0 -9999.0 -9999.0 -9999.0 -9999.0 -9999.0 -9999.0 -9999.0 -9999.0 -9999.0 -9999.0 -9999.0 -9999.0 -9999.0 -9999.0 -9999.0 -9999.0 -9999.0 -9999.0 -9999.0 -9999.0 -9999.0 -9999.0 -9999.0 -9999.0 -9999.0 -9999.0
1.9908954865851545 2.0846803523493884 2.178465218113622 2.2230234112537524 2.214957178006557 2.206890944759362 2.1988247115121666 2.1907584782649714 2.182692245017776 2.174626011770581 2.1665597785233857 2.1584935452761767 -9999.0 -9999.0 -9999.0 2.1301271840929985 2.1301271840929985 -9999.0 -9999.0 -9999.0 -9999.0 -9999.0 -9999.0 -9999.0 -9999.0 -9999.0 -9999.0 -9999.0 -9999.0 -9999.0 -9999.0 -9999.0 -9999.0 -9999.0 -9999.0 -9999.0 -9999.0 -9999.0 -9999.0 -9999.0 -9999.0 -9999.0 -9999.0 -9999.0
1.9908954865851545 2.0846803523493884 2.178465218113622 2.2230234112537524 2.214957178006557 2.206890944759362 2.1988247115121666 2.1907584782649714 2.182692245017776 2.174626011770581 2.1665597785233857 2.1584935452761767 2.150427312028981 2.1423610787817857 2.1342948455345905 2.1301271840929985 2.1301271840929985 -9999.0 -9999.0 2.1301271840929985 2.1301271840929985 2.1301271840929985 2.1301271840929985 -9999.0 -9999.0 -9999.0 -9999.0 -9999.0 -9999.0 -9999.0 -9999.0 -9999.0 -9999.0 -9999.0 -9999.0 -9999.0 -9999.0 -9999.0 -9999.0 -9999.0 -9999.0 -9999.0 -9999.0 -9999.0
1.9908954865851545 2.0846803523493884 2.178465218113622 2.2230234112537524 2.214957178006557 2.206890944759362 2.1988247115121666 2.1907584782649714 2.182692245017776 2.174626011770581 2.1665597785233857 2.1584935452761767 2.150427312028981 2.1423610787817857 2.1342948455345905 2.1301271840929985 2.1301271840929985 2.1301271840929985 2.1301271840929985 2.1301271840929985 2.1301271840929985 2.1301271840929985 2.1301271840929985 2.1301271840929985 -9999.0 -9999.0 -9999.0 -9999.0 -9999.0 -9999.0 -9999.0 -9999.0 -9999.0 -9999.0 -9999.0 -9999.0 -9999.0 -9999.0 -9999.0 -9999.0 -9999.0 -9999.0 -9999.0 -9999.0
1.9908954865851545 2.0846803523493884 2.178465218113622 2.2230234112537524 2.214957178006557 2.206890944759362 2.1988247115121666 2.1907584782649714 2.182692245017776 2.174626011770581 2.1665597785233857 2.1584935452761767 2.150427312028981 2.1423610787817857 2.1342948455345905 2.1301271840929985 2.1301271840929985 2.1301271840929985 2.1301271840929985 2.1301271840929985 2.1301271840929985 2.1301271840929985 2.1301271840929985 2.1301271840929985 2.1301271840929985 -9999.0 -9999.0 -9999.0 -9999.0 -9999.0 -9999.0 -9999.0 -9999.0 -9999.0 -9999.0 -9999.0 -9999.0 -9999.0 -9999.0 -9999.0 -9999.0 -9999.0 -9999.0 -9999.0
1.9908954865851545 2.0846803523493884 2.178465218113622 2.2230234112537524 2.214957178006557 2.206890944759362 2.1988247115121666 2.1907584782649714 2.182692245017776 2.174626011770581 2.1665597785233857 2.1584935452761767 2.150427312028981 2.1423610787817857 2.1342948455345905 2.1301271840929985 2.1301271840929985 2.1301271840929985 2.1301271840929985 2.1301271840929985 2.1301271840929985 2.1301271840929985 2.1301271840929985 2.1301271840929985 2.1301271840929985 -9999.0 2.1301271840929985 2.0986267876999256 2.033451754993753 -9999.0 -9999.0 -9999.0 -9999.0 -9999.0 -9999.0 -9999.0 -9999.0 -9999.0 -9999.0 -9999.0 -9999.0 -9999.0 -9999.0 -9999.0
1.9908954865851545 2.0846803523493884 2.178465218113622 2.2230234112537524 2.214957178006557 2.206890944759362 2.1988247115121666 2.1907584782649714 2.182692245017776 2.174626011770581 2.1665597785233857 2.1584935452761767 2.150427312028981 2.1423610787817857 2.1342948455345905 2.1301271840929985 2.1301271840929985 2.1301271840929985 2.1301271840929985 2.1301271840929985 2.1301271840929985 2.1301271840929985 2.1301271840929985 2.1301271840929985 2.1301271840929985 2.1301271840929985 2.1301271840929985 2.0986267876999256 2.033451754993753 -9999.0 -9999.0 -9999.0 -9999.0 -9999.0 -9999.0 -9999.0 -9999.0 -9999.0 -9999.0 -9999.0 -9999.0 -9999.0 -9999.0 -9999.0
1.9908954865851545 2.0846803523493884 2.178465218113622 2.2230234112537524 2.214957178006557 2.206890944759362 2.1988247115121666 2.1907584782649714 2.182692245017776 2.174626011770581 2.1665597785233857 2.1584935452761767 2.150427312028981 2.1423610787817857 2.1342948455345905 2.1301271840929985 2.1301271840929985 2.1301271840929985 2.1301271840929985 2.1301271840929985 2.1301271840929985 2.1301271840929985 2.1301271840929985 2.1301271840929985 2.1301271840929985 2.1301271840929985 2.1301271840929985 2.0986267876999256 -9999.0 -9999.0 -9999.0 -9999.0 -9999.0 -9999.0 -9999.0 -9999.0 -9999.0 -9999.0 -9999.0 -9999.0 -9999.0 -9999.0 -9999.0 -9999.0
1.9908954865851545 2.0846803523493884 2.178465218113622 2.2230234112537524 2.214957178006557 2.206890944759362 2.1988247115121666 2.1907584782649714 2.182692245017776 2.174626011770581 2.1665597785233857 2.1584935452761767 2.150427312028981 2.1423610787817857 2.1342948455345905 2.1301271840929985 2.1301271840929985 2.1301271840929985 2.1301271840929985 2.1301271840929985 2.1301271840929985 2.1301271840929985 2.1301271840929985 2.1301271840929985 2.1301271840929985 2.1301271840929985 2.1301271840929985 2.0986267876999256 2.033451754993753 1.9682767222875803 1.9031016895814075 -9999.0 -9999.0 -9999.0 -9999.0 -9999.0 -9999.0 -9999.0 -9999.0 -9999.0 -9999.0 -9999.0 -9999.0 -9999.0
1.947430350219487 2.0393522851991617 2.131274220178837 2.175825703143108 2.1697371015326117 2.1636484999221155 2.1575598983116193 2.151471296701123 2.1453826950906265 2.1392940934801303 2.133205491869634 2.1271168902591278 2.121028288648631 2.114939687038135 2.1088510854276388 2.1057052267117253 2.1057052267117253 2.1057052267117253 2.1057052267117253 2.1057052267117253 2.1057052267117253 2.1057052267117253 2.1057052267117253 2.1057052267117253 2.1057052267117253 2.1057052267117253 2.1057052267117253 2.0748183426415423 2.01091268080966 1.9470070189777775 1.8831013571458952 1.819195695314013 1.7552900334821304 1.6913843716502481 -9999.0 -9999.0 -9999.0 -9999.0 -9999.0 -9999.0 -9999.0 -9999.0 -9999.0 -9999.0
1.857503723769558 1.94557137242293 2.0336390210763016 2.078176621109829 2.076179614656261 2.0741826082026935 2.0721856017491254 2.0701885952955577 2.0681915888419895 2.066194582388422 2.0641975759348536 2.0622005694812824 2.0602035630277147 2.0582065565741465 2.056209550120579 2.0551777368144064 2.0551777368144064 2.0551777368144064 2.0551777368144064 2.0551777368144064 2.0551777368144064 2.0551777368144064 2.0551777368144064 2.0551777368144064 2.0551777368144064 2.0551777368144064 2.0551777368144064 2.025560171055312 1.9642807575222596 1.903001343989207 1.8417219304561543 1.7804425169231015 1.719163103390049 1.6578836898569964 1.5966042763239436 1.5353248627908909 1.4740454492578383 -9999.0 -9999.0 -9999.0 -9999.0 -9999.0 -9999.0 -9999.0
1.7675770973196294 1.851790459646698 1.9360038219737667 1.9805275390765507 1.9826221277799112 1.9847167164832715 1.9868113051866318 1.9889058938899924 1.9910004825933527 1.993095071296713 1.9951896600000734 1.9972842487034375 1.9993788374067978 2.001473426110158 2.0035680148135184 2.0046502469170875 2.0046502469170875 2.0046502469170875 2.0046502469170875 2.0046502469170875 2.0046502469170875 2.0046502469170875 2.0046502469170875 2.0046502469170875 2.0046502469170875 2.0046502469170875 2.0046502469170875 1.9763019994690822 1.9176488342348594 1.8589956690006364 1.8003425037664136 1.7416893385321905 1.6830361732979675 1.6243830080637447 1.5657298428295217 1.5070766775952986 1.4484235123610758 1.3897703471267526 -9999.0 -9999.0 -9999.0 -9999.0 -9999.0 -9999.0
1.6776504708697009 1.7580095468704666 1.838368622871232 1.8828784570432724 1.8890646409035612 1.8952508247638498 1.9014370086241386 1.9076231924844274 1.913809376344716 1.9199955602050047 1.9261817440652935 1.9323679279255928 1.9385541117858816 1.9447402956461701 1.950926479506459 1.954122757019769 1.954122757019769 1.954122757019769 1.954122757019769 1.954122757019769 1.954122757019769 1.954122757019769 1.954122757019769 1.954122757019769 1.954122757019769 1.954122757019769 1.954122757019769 1.9270438278828528 1.8710169109474595 1.8149899940120662 1.7589630770766729 1.7029361601412796 1.6469092432058863 1.590882326270493 1.5348554093350995 1.4788284923997064 1.4228015754643129 1.366774658528824 1.3107477415934308 1.2817997537680106 1.2817997537680106 -9999.0 -9999.0 -9999.0
1.5877238444196955 1.6642286340941546 1.7407334237686138 1.7852293750099104 1.795507154027131 1.8057849330443516 1.816062712061572 1.8263404910787926 1.8366182700960132 1.8468960491132336 1.8571738281304542 1.8674516071476923 1.877729386164913 1.8880071651821333 1.898284944199354 1.903595267122407 1.903595267122407 1.903595267122407 1.903595267122407 1.903595267122407 1.903595267122407 1.903595267122407 1.903595267122407 1.903595267122407 1.903595267122407 1.903595267122407 1.903595267122407 1.877785656296581 1.8243849876600196 1.7709843190234582 1.7175836503868966 1.6641829817503353 1.610782313113774 1.5573816444772126 1.5039809758406513 1.45058030720409 1.3971796385675286 1.343778969930876 1.2903783012943149 1.2627872434578993 1.2627872434578993 -9999.0 -9999.0 -9999.0
1.497797217969767 1.5704477213179229 1.643098224666079 1.6875802929766321 1.701949667150781 1.7163190413249299 1.7306884154990787 1.7450577896732276 1.7594271638473764 1.7737965380215253 1.7881659121956741 1.8025352863698474 1.8169046605439962 1.831274034718145 1.845643408892294 1.8530677772250883 1.8530677772250883 1.8530677772250883 1.8530677772250883 1.8530677772250883 1.8530677772250883 1.8530677772250883 1.8530677772250883 1.8530677772250883 1.8530677772250883 1.8530677772250883 1.8530677772250883 1.8285274847103512 1.7777530643726194 1.7269786440348878 1.676204223697156 1.6254298033594243 1.5746553830216925 1.523880962683961 1.473106542346229 1.4223321220084975 1.3715577016707656 1.3207832813329474 1.2700088609952158 1.243774733147804 1.243774733147804 1.243774733147804 -9999.0 -9999.0
1.4078705915198382 1.4766668085416912 1.545463025563544 1.5899312109433532 1.6083921802744305 1.6268531496055076 1.645314118936585 1.663775088267662 1.6822360575987394 1.7006970269298165 1.7191579962608938 1.7376189655920025 1.7560799349230796 1.774540904254157 1.7930018735852342 1.8025402873277696 1.8025402873277696 1.8025402873277696 1.8025402873277696 1.8025402873277696 1.8025402873277696 1.8025402873277696 1.8025402873277696 1.8025402873277696 1.8025402873277696 1.8025402873277696 1.8025402873277696 1.7792693131241215 1.7311211410852194 1.6829729690463173 1.6348247970074152 1.5866766249685134 1.5385284529296113 1.4903802808907092 1.4422321088518073 1.3940839368129052 1.3459357647740031 1.2977875927350189 1.249639420696117 1.2247622228377089 1.2247622228377089 1.2247622228377089 1.2247622228377089 -9999.0
1.3179439650699096 1.3828858957654595 1.4478278264610092 1.492282128910075 1.5148346933980803 1.5373872578860859 1.5599398223740915 1.5824923868620968 1.6050449513501024 1.627597515838108 1.6501500803261133 1.6727026448141573 1.695255209302163 1.7178077737901685 1.7403603382781738 1.7520127974304507 1.7520127974304507 1.7520127974304507 1.7520127974304507 1.7520127974304507 1.7520127974304507 1.7520127974304507 1.7520127974304507 1.7520127974304507 1.7520127974304507 1.7520127974304507 1.7520127974304507 1.7300111415378914 1.684489217797819 1.6389672940577467 1.5934453703176743 1.547923446577602 1.5024015228375296 1.4568795990974572 1.4113576753573849 1.3658357516173125 1.3203138278772402 1.2747919041370903 1.229269980397018 1.2057497125276135 1.2057497125276135 1.2057497125276135 1.2057497125276135 1.2057497125276135
