Figures/CREST_Example_wjb_NSE/Rolling_result/20100722/BJP_forecast/ens_17/wjb.rain.20100724.asc
ncols            288
nrows            254
xllcorner        113.274861
yllcorner        31.4918055
cellsize         0.008333333333
NODATA_value     -9999
[rows 40 to 59 of 254, columns 0 to 44 of 288]
-9999.0 -9999.0 -9999.0 -9999.0 -9999.0 -9999.0 -9999.0 -9999.0 -9999.0 -9999.0 -9999.0 -9999.0 -9999.0 -9999.0 1.5015901507967924 1.5015901507967924 1.5015901507967924 1.5015901507967924 1.5015901507967924 1.5015901507967924 1.5015901507967924 1.5015901507967924 1.5015901507967924 1.5015901507967924 1.5015901507967924 1.5015901507967924 1.5015901507967924 1.534079567479176 1.5165309578112403 1.4989823481433044 1.4814337384753689 1.463885128807433 1.4463365191394972 1.4287879094715614 1.4112392998036256 1.3936906901356898 1.3761420804677542 1.3585934707998184 1.3410448611318826 1.5724952944115318 2.0701313320803068 2.567767369749082 3.0654034074178567 3.5630394450866314 4.060675482755407
-9999.0 -9999.0 -9999.0 -9999.0 -9999.0 -9999.0 -9999.0 -9999.0 -9999.0 -9999.0 -9999.0 -9999.0 -9999.0 -9999.0 -9999.0 1.5015901507967924 1.5015901507967924 1.5015901507967924 1.5015901507967924 1.5015901507967924 1.5015901507967924 1.5015901507967924 1.5015901507967924 1.5015901507967924 1.5015901507967924 1.5015901507967924 1.5015901507967924 1.5126819403537914 1.4937609515641128 1.4748399627744342 1.4559189739847558 1.4369979851950772 1.4180769964053985 1.3991560076157201 1.3802350188260415 1.3613140300363629 1.3423930412466845 1.3234720524570058 1.3045510636673274 1.5267687700784185 2.006769191490287 2.486769612902156 2.966770034314025 3.4467704557258934 3.926770877137762
-9999.0 -9999.0 -9999.0 -9999.0 -9999.0 -9999.0 -9999.0 -9999.0 -9999.0 -9999.0 -9999.0 -9999.0 -9999.0 -9999.0 -9999.0 1.5015901507967924 1.5015901507967924 1.5015901507967924 1.5015901507967924 1.5015901507967924 1.5015901507967924 1.5015901507967924 1.5015901507967924 1.5015901507967924 1.5015901507967924 1.5015901507967924 1.5015901507967924 1.4912843132284066 1.4709909453169854 1.450697577405564 1.4304042094941427 1.4101108415827213 1.3898174736713 1.3695241057598786 1.3492307378484574 1.328937369937036 1.3086440020256147 1.2883506341141933 1.268057266202772 1.481042245745305 1.9434070509002674 2.40577185605523 2.8681366612101926 3.330501466365155 3.7928662715201176
-9999.0 -9999.0 -9999.0 -9999.0 -9999.0 -9999.0 -9999.0 -9999.0 -9999.0 -9999.0 -9999.0 -9999.0 -9999.0 -9999.0 -9999.0 -9999.0 1.5015901507967924 1.5015901507967924 1.5015901507967924 1.5015901507967924 1.5015901507967924 1.5015901507967924 1.5015901507967924 1.5015901507967924 1.5015901507967924 1.5015901507967924 1.5015901507967924 1.469886686103022 1.4482209390698577 1.4265551920366937 1.4048894450035296 1.3832236979703656 1.3615579509372016 1.3398922039040373 1.3182264568708733 1.2965607098377092 1.2748949628045452 1.2532292157713811 1.231563468738217 1.4353157214121917 1.880044910310248 2.3247740992083044 2.7695032881063604 3.2142324770044173 3.6589616659024733
-9999.0 -9999.0 -9999.0 -9999.0 -9999.0 -9999.0 -9999.0 -9999.0 -9999.0 -9999.0 -9999.0 -9999.0 -9999.0 -9999.0 -9999.0 -9999.0 -9999.0 1.5015901507967924 1.5015901507967924 1.5015901507967924 1.5015901507967924 1.5015901507967924 1.5015901507967924 1.5015901507967924 1.5015901507967924 1.5015901507967924 1.5015901507967924 1.4484890589776371 1.4254509328227303 1.4024128066678234 1.3793746805129166 1.3563365543580097 1.3332984282031028 1.3102603020481962 1.2872221758932894 1.2641840497383825 1.2411459235834756 1.2181077974285688 1.195069671273662 1.3895891970790784 1.8166827697202286 2.243776342361379 2.6708699150025286 3.097963487643679 3.5250570602848286
-9999.0 -9999.0 -9999.0 -9999.0 -9999.0 -9999.0 -9999.0 -9999.0 -9999.0 -9999.0 -9999.0 -9999.0 -9999.0 -9999.0 -9999.0 -9999.0 -9999.0 1.5015901507967924 1.5015901507967924 1.5015901507967924 1.5015901507967924 1.5015901507967924 1.5015901507967924 1.5015901507967924 1.5015901507967924 1.5015901507967924 1.5015901507967924 1.4270914318522523 1.4026809265756028 1.3782704212989532 1.3538599160223035 1.329449410745654 1.3050389054690044 1.2806284001923547 1.256217894915705 1.2318073896390556 1.2073968843624059 1.1829863790857562 1.1585758738091068 1.3438626727459648 1.7533206291302088 2.162778585514453 2.5722365418986968 2.9816944982829403 3.3911524546671847
-9999.0 -9999.0 -9999.0 -9999.0 -9999.0 -9999.0 -9999.0 -9999.0 -9999.0 -9999.0 -9999.0 -9999.0 -9999.0 -9999.0 -9999.0 -9999.0 -9999.0 -9999.0 1.5015901507967924 1.5015901507967924 1.5015901507967924 1.5015901507967924 1.5015901507967924 1.5015901507967924 1.5015901507967924 1.5015901507967924 1.5015901507967924 1.4056938047268492 1.3799109203284559 1.3541280359300623 1.3283451515316687 1.3025622671332753 1.2767793827348817 1.250996498336488 1.2252136139380947 1.199430729539701 1.1736478451413075 1.1478649607429139 1.1220820763445205 1.2981361484128127 1.6899584885401353 2.081780828667458 2.4736031687947806 2.865425508922103 3.2572478490494254
-9999.0 -9999.0 -9999.0 -9999.0 -9999.0 -9999.0 -9999.0 -9999.0 -9999.0 -9999.0 -9999.0 -9999.0 -9999.0 -9999.0 -9999.0 -9999.0 -9999.0 -9999.0 1.5015901507967924 1.5015901507967924 1.5015901507967924 1.5015901507967924 1.5015901507967924 1.5015901507967924 1.5015901507967924 1.5015901507967924 1.5015901507967924 1.3842961776014646 1.3571409140813282 1.329985650561192 1.3028303870410556 1.2756751235209194 1.248519860000783 1.2213645964806468 1.1942093329605104 1.1670540694403742 1.1398988059202377 1.1127435424001015 1.0855882788799651 1.2524096240796991 1.6265963479501155 2.000783071820532 2.374969795690949 2.7491565195613648 3.1233432434317816
-9999.0 -9999.0 -9999.0 -9999.0 -9999.0 -9999.0 -9999.0 -9999.0 -9999.0 -9999.0 -9999.0 -9999.0 -9999.0 -9999.0 -9999.0 -9999.0 -9999.0 -9999.0 -9999.0 1.5015901507967924 1.5015901507967924 1.5015901507967924 1.5015901507967924 1.5015901507967924 1.5015901507967924 1.5015901507967924 1.5015901507967924 1.3628985504760798 1.3343709078342008 1.3058432651923217 1.2773156225504427 1.2487879799085635 1.2202603372666845 1.1917326946248055 1.1632050519829265 1.1346774093410472 1.1061497666991682 1.0776221240572892 1.0490944814154102 1.206683099746586 1.5632342073600962 1.9197853149736064 2.276336422587117 2.6328875302006267 2.9894386378141373
-9999.0 -9999.0 -9999.0 -9999.0 -9999.0 -9999.0 -9999.0 -9999.0 -9999.0 -9999.0 -9999.0 -9999.0 -9999.0 -9999.0 -9999.0 -9999.0 -9999.0 -9999.0 -9999.0 1.5015901507967924 1.5015901507967924 1.5015901507967924 1.5015901507967924 1.5015901507967924 1.5015901507967924 1.5015901507967924 1.5015901507967924 1.410575288772205 1.381370016268376 1.352164743764547 1.322959471260718 1.293754198756889 1.26454892625306 1.235343653749231 1.206138381245402 1.176933108741573 1.147727836237744 1.1185225637339151 1.0893172912300861 1.2396850650760047 1.5820204838926735 1.9243559027093424 2.2666913215260114 2.60902674034268 2.9513621591593493
-9999.0 -9999.0 -9999.0 -9999.0 -9999.0 -9999.0 -9999.0 -9999.0 -9999.0 -9999.0 -9999.0 -9999.0 -9999.0 -9999.0 -9999.0 -9999.0 -9999.0 -9999.0 -9999.0 -9999.0 -9999.0 -9999.0 -9999.0 1.5015901507967924 1.5015901507967924 1.5015901507967924 1.5015901507967924 1.5320881682254324 1.502947909011014 1.4738076497965955 1.4446673905821772 1.4155271313677589 1.3863868721533406 1.357246612938922 1.3281063537245037 1.2989660945100854 1.2698258352956668 1.2406855760812485 1.2115453168668302 1.3568428216361603 1.6886182384675494 2.020393655298938 2.3521690721303274 2.6839444889617163 3.0157199057931052
-9999.0 -9999.0 -9999.0 -9999.0 -9999.0 -9999.0 -9999.0 -9999.0 -9999.0 -9999.0 -9999.0 -9999.0 -9999.0 -9999.0 -9999.0 -9999.0 -9999.0 -9999.0 -9999.0 -9999.0 -9999.0 -9999.0 -9999.0 1.5015901507967924 1.5015901507967924 1.5015901507967924 1.5015901507967924 1.65360104767866 1.6245258017536521 1.5954505558286443 1.5663753099036366 1.5373000639786287 1.5082248180536209 1.4791495721286132 1.4500743262036053 1.4209990802785974 1.3919238343535896 1.362848588428582 1.333773342503574 1.474000578196316 1.795215993042425 2.116431407888534 2.437646822734643 2.7588622375807526 3.0800776524268616
-9999.0 -9999.0 -9999.0 -9999.0 -9999.0 -9999.0 -9999.0 -9999.0 -9999.0 -9999.0 -9999.0 -9999.0 -9999.0 -9999.0 -9999.0 -9999.0 -9999.0 -9999.0 -9999.0 -9999.0 -9999.0 -9999.0 -9999.0 -9999.0 -9999.0 1.5015901507967924 1.5015901507967924 1.7751139271318872 1.74610369449629 1.7170934618606928 1.6880832292250956 1.6590729965894984 1.6300627639539012 1.601052531318304 1.5720422986827067 1.5430320660471095 1.5140218334115123 1.485011600775915 1.4560013681403179 1.5911583347564713 1.9018137476173005 2.21246916047813 2.523124573338959 2.8337799861997883 3.144435399060618
-9999.0 -9999.0 -9999.0 -9999.0 -9999.0 -9999.0 -9999.0 -9999.0 -9999.0 -9999.0 -9999.0 -9999.0 -9999.0 -9999.0 -9999.0 -9999.0 -9999.0 -9999.0 -9999.0 -9999.0 -9999.0 -9999.0 -9999.0 -9999.0 -9999.0 1.5015901507967924 1.5015901507967924 1.8966268065852183 1.8676815872390318 1.8387363678928452 1.8097911485466587 1.7808459292004721 1.7519007098542856 1.722955490508099 1.6940102711619125 1.6650650518157257 1.6361198324695394 1.6071746131233526 1.578229393777166 1.7083160913167266 2.008411502192267 2.3085069130678075 2.608602323943348 2.9086977348188885 3.208793145694429
-9999.0 -9999.0 -9999.0 -9999.0 -9999.0 -9999.0 -9999.0 -9999.0 -9999.0 -9999.0 -9999.0 -9999.0 -9999.0 -9999.0 -9999.0 -9999.0 -9999.0 -9999.0 -9999.0 -9999.0 -9999.0 -9999.0 -9999.0 -9999.0 -9999.0 1.5015901507967924 1.5015901507967924 2.0181396860384457 1.9892594799816699 1.960379273924894 1.9314990678681179 1.902618861811342 1.873738655754566 1.84485844969779 1.8159782436410141 1.7870980375842382 1.7582178315274621 1.7293376254706863 1.7004574194139104 1.8254738478768824 2.115009256767143 2.4045446656574034 2.6940800745476645 2.9836154834379247 3.273150892328186
-9999.0 -9999.0 -9999.0 -9999.0 -9999.0 -9999.0 -9999.0 -9999.0 -9999.0 -9999.0 -9999.0 -9999.0 -9999.0 -9999.0 -9999.0 -9999.0 -9999.0 -9999.0 -9999.0 -9999.0 1.5015901507967924 1.5015901507967924 1.5015901507967924 1.5015901507967924 1.5015901507967924 1.5015901507967924 1.5015901507967924 2.1396525654916734 2.110837372724308 2.0820221799569425 2.053206987189577 2.0243917944222116 1.9955766016548462 1.9667614088874807 1.9379462161201155 1.90913102335275 1.8803158305853847 1.8515006378180194 1.822685445050654 1.9426316044370375 2.2216070113420185 2.5005824182469993 2.77955782515198 3.058533232056961 3.3375086389619417
-9999.0 -9999.0 -9999.0 -9999.0 -9999.0 -9999.0 -9999.0 -9999.0 -9999.0 -9999.0 -9999.0 -9999.0 -9999.0 -9999.0 -9999.0 -9999.0 -9999.0 -9999.0 -9999.0 1.5015901507967924 1.5015901507967924 1.5015901507967924 1.5015901507967924 1.5015901507967924 1.5015901507967924 1.5015901507967924 1.5015901507967924 2.2611654449449006 2.232415265466946 2.203665085988991 2.1749149065110362 2.1461647270330815 2.1174145475551267 2.088664368077172 2.059914188599217 2.0311640091212624 2.0024138296433076 1.9736636501653528 1.944913470687398 2.0597893609971933 2.328204765916894 2.5966201708365952 2.8650355757562957 3.133450980675997 3.4018663855956977
-9999.0 -9999.0 -9999.0 -9999.0 -9999.0 -9999.0 -9999.0 -9999.0 -9999.0 -9999.0 -9999.0 -9999.0 -9999.0 -9999.0 -9999.0 -9999.0 -9999.0 1.5015901507967924 1.5015901507967924 1.5015901507967924 1.5015901507967924 1.5015901507967924 1.5015901507967924 1.5015901507967924 1.5015901507967924 1.5015901507967924 1.5015901507967924 2.3826783243981278 2.3539931582095837 2.3253079920210395 2.2966228258324954 2.2679376596439513 2.2392524934554072 2.2105673272668627 2.1818821610783186 2.1531969948897745 2.1245118287012303 2.0958266625126862 2.067141496324142 2.176947117557349 2.43480252049177 2.692657923426191 2.9505133263606123 3.2083687292950334 3.4662241322294545
-9999.0 -9999.0 -9999.0 -9999.0 -9999.0 -9999.0 -9999.0 -9999.0 -9999.0 -9999.0 -9999.0 -9999.0 -9999.0 -9999.0 -9999.0 1.5015901507967924 1.5015901507967924 1.5015901507967924 1.5015901507967924 1.5015901507967924 1.5015901507967924 1.5015901507967924 1.5015901507967924 1.5015901507967924 1.5015901507967924 1.5015901507967924 1.5015901507967924 2.5041912038513554 2.4755710509522215 2.446950898053088 2.4183307451539546 2.3897105922548207 2.3610904393556873 2.332470286456554 2.30385013355742 2.2752299806582865 2.246609827759153 2.217989674860019 2.1893695219608857 2.294104874117504 2.5414002750666453 2.7886956760157866 3.035991076964928 3.283286477914069 3.5305818788632104
-9999.0 -9999.0 -9999.0 -9999.0 -9999.0 -9999.0 -9999.0 -9999.0 -9999.0 -9999.0 -9999.0 -9999.0 -9999.0 -9999.0 1.5015901507967924 1.5015901507967924 1.5015901507967924 1.5015901507967924 1.5015901507967924 1.5015901507967924 1.5015901507967924 1.5015901507967924 1.5015901507967924 1.5015901507967924 1.5015901507967924 1.5015901507967924 1.5015901507967924 2.6257040833046865 2.5971489436949637 2.5685938040852405 2.5400386644755177 2.5114835248657945 2.4829283852560717 2.454373245646349 2.4258181060366257 2.397262966426903 2.36870782681718 2.340152687207457 2.311597547597734 2.4112626306777596 2.647998029641612 2.8847334286054647 3.121468827569317 3.3582042265331697 3.594939625497022
