Figures/CREST_Example_wjb_NSE/Rolling_result/20100722/BJP_forecast/ens_17/wjb.rain.20100728.asc
ncols            288
nrows            254
xllcorner        113.274861
yllcorner        31.4918055
cellsize         0.008333333333
NODATA_value     -9999
[rows 120 to 143 of 254, columns 216 to 269 of 288]
1.6771163127073025 1.7375332424524137 1.7979501721975248 1.9388580206000805 2.1658124826558613 2.392766944712029 2.61972140676781 2.8466758688235902 3.073630330879371 3.300584792935152 3.5275392549909323 3.7544937170467128 3.981448179102494 4.2084026411582744 4.435357103214055 2.1305196386245444 2.1305196386245444 2.1305196386245444 2.1305196386245444 2.1305196386245444 2.1305196386245444 2.1305196386245444 2.1305196386245444 2.1305196386245444 2.1305196386245444 2.1305196386245444 2.1305196386245444 2.1305196386245444 2.1305196386245444 2.1305196386245444 2.1305196386245444 2.1305196386245444 2.1305196386245444 2.1305196386245444 2.1305196386245444 2.1305196386245444 2.1305196386245444 2.1305196386245444 2.1305196386245444 2.1305196386245444 2.1305196386245444 2.1305196386245444 2.1305196386245444 2.1305196386245444 2.1305196386245444 2.1305196386245444 2.1305196386245444 -9999.0 -9999.0 -9999.0 -9999.0 -9999.0 -9999.0 -9999.0
1.7373164363813216 1.7999681177614728 1.8626197991416236 1.9974849726675363 2.20954800357735 2.4216110344875243 2.633674065397338 2.845737096307151 3.0578001272169644 3.2698631581267774 3.4819261890365905 3.693989219946404 3.9060522508562174 4.1181152817660305 4.3301783126758435 4.41269133549403 4.356712467519663 4.300733599545296 4.2447547315708345 4.188775863596468 4.132796995622101 4.076818127647735 4.020839259673369 3.964860391699002 3.9088815237246353 3.8529026557502686 3.796923787775902 3.7400849543217567 3.6823267983041172 3.6245686422864782 3.566810486268839 3.5090523302511007 3.4512941742334617 3.3935360182158223 3.335777862198183 3.278019706180544 3.2202615501629044 3.162503394145265 3.104745238127626 2.1305196386245444 2.1305196386245444 2.1305196386245444 2.1305196386245444 2.1305196386245444 2.1305196386245444 2.1305196386245444 2.1305196386245444 -9999.0 -9999.0 -9999.0 -9999.0 -9999.0 -9999.0 -9999.0
1.7561084341442244 1.815147903962854 1.8741873737814836 1.9912685414647697 2.1703975977203323 2.3495266539762003 2.528655710231763 2.7077847664873254 2.886913822742888 3.0660428789984504 3.245171935254013 3.4243009915095755 3.603430047765138 3.7825591040207005 3.961688160276263 4.029534123477041 3.9784159414999927 3.9272977595229452 3.87617957754581 3.8250613955687625 3.7739432135917146 3.7228250316146667 3.671706849637619 3.620588667660571 3.569470485683523 3.5183523037064752 3.467234121729428 3.4201430996501205 3.3773572026576284 3.334571305665136 3.2917854086726432 3.248999511680078 3.2062136146875853 3.163427717695093 3.1206418207026005 3.077855923710108 3.035070026717616 2.9922841297251233 2.9494982327326307 2.1305196386245444 2.1305196386245444 2.1305196386245444 2.1305196386245444 2.1305196386245444 2.1305196386245444 2.1305196386245444 2.1305196386245444 2.1305196386245444 2.1305196386245444 2.1305196386245444 -9999.0 -9999.0 -9999.0 -9999.0
1.774900431907127 1.8303276901642351 1.8857549484213432 1.9850521102620027 2.1312471918633147 2.277442273464876 2.423637355066188 2.5698324366675 2.7160275182688114 2.8622225998701234 3.0084176814714354 3.1546127630727474 3.3008078446740594 3.4470029262753714 3.5931980078766834 3.646376911460052 3.600119415480323 3.553861919500594 3.5076044235207857 3.4613469275410567 3.4150894315613276 3.3688319355815985 3.322574439601869 3.27631694362214 3.230059447642411 3.183801951662682 3.137544455682953 3.1002012449784844 3.0723876070111387 3.0445739690437934 3.0167603310764477 2.988946693109055 2.961133055141709 2.933319417174364 2.9055057792070182 2.877692141239673 2.8498785032723273 2.822064865304982 2.7942512273376363 2.1305196386245444 2.1305196386245444 2.1305196386245444 2.1305196386245444 2.1305196386245444 2.1305196386245444 2.1305196386245444 2.1305196386245444 2.1305196386245444 2.1305196386245444 2.1305196386245444 2.1305196386245444 2.1305196386245444 2.1305196386245444 -9999.0
1.7936924296700454 1.8455074763656292 1.8973225230612127 1.9788356790592303 2.0920967860062634 2.20535789295349 2.318618999900523 2.431880106847556 2.5451412137945897 2.6584023207416227 2.7716634276886563 2.8849245346356893 2.9981856415827224 3.1114467485297554 3.224707855476789 3.2632196994427365 3.2218228894603302 3.180426079477924 3.139029269495447 3.097632459513041 3.0562356495306346 3.0148388395482284 2.973442029565822 2.932045219583416 2.8906484096010097 2.849251599618603 2.8078547896361967 2.780259390306575 2.767418011364389 2.7545766324222036 2.7417352534800177 2.72889387453781 2.716052495595624 2.7032111166534385 2.6903697377112525 2.6775283587690666 2.664686979826881 2.651845600884695 2.639004221942509 2.1305196386245444 2.1305196386245444 2.1305196386245444 2.1305196386245444 2.1305196386245444 2.1305196386245444 2.1305196386245444 2.1305196386245444 2.1305196386245444 2.1305196386245444 2.1305196386245444 2.1305196386245444 2.1305196386245444 2.1305196386245444 -9999.0
1.812484427432948 1.8606872625670103 1.9088900977010725 1.9726192478564633 2.052946380149246 2.1332735124421656 2.213600644734948 2.2939277770277307 2.374254909320513 2.4545820416132957 2.5349091739060783 2.615236306198861 2.6955634384916434 2.775890570784426 2.8562177030772085 2.8800624874257474 2.84352636344066 2.8069902394555726 2.7704541154704225 2.733917991485335 2.697381867500247 2.66084574351516 2.6243096195300724 2.5877734955449845 2.551237371559897 2.5147012475748096 2.4781651235897217 2.4603175356349385 2.4624484157179 2.4645792958008608 2.466710175883822 2.4688410559667866 2.4709719360497475 2.473102816132709 2.47523369621567 2.4773645762986307 2.479495456381592 2.481626336464553 2.4837572165475144 2.1305196386245444 2.1305196386245444 2.1305196386245444 2.1305196386245444 2.1305196386245444 2.1305196386245444 2.1305196386245444 2.1305196386245444 2.1305196386245444 2.1305196386245444 2.1305196386245444 2.1305196386245444 2.1305196386245444 2.1305196386245444 2.1305196386245444
1.8312764251958507 1.8758670487683915 1.9204576723409326 1.9664028166536967 2.0137959742922287 2.061189131930841 2.108582289569373 2.155975447207905 2.203368604846437 2.2507617624849687 2.2981549201235008 2.345548077762033 2.3929412354005644 2.4403343930390964 2.4877275506776284 2.496905275408759 2.46522983742099 2.433554399433221 2.4018789614453984 2.3702035234576293 2.3385280854698602 2.3068526474820916 2.2751772094943226 2.243501771506554 2.211826333518785 2.180150895531016 2.148475457543247 2.1403756809633023 2.15747882007141 2.1745819591795184 2.1916850982876266 2.2087882373957637 2.2258913765038715 2.2429945156119797 2.2600976547200875 2.2772007938281957 2.294303932936304 2.3114070720444118 2.32851021115252 2.1305196386245444 2.1305196386245444 2.1305196386245444 2.1305196386245444 2.1305196386245444 2.1305196386245444 2.1305196386245444 2.1305196386245444 2.1305196386245444 2.1305196386245444 2.1305196386245444 2.1305196386245444 2.1305196386245444 2.1305196386245444 2.1305196386245444
1.8500684229587532 1.8910468349697727 1.9320252469807921 1.9601863854509296 1.9746455684352109 1.9891047514195168 2.003563934403798 2.0180231173880796 2.0324823003723607 2.046941483356642 2.0614006663409232 2.0758598493252043 2.090319032309486 2.1047782152937673 2.1192373982780484 2.1137480633917702 2.08693331140132 2.0601185594108697 2.0333038074203738 2.0064890554299235 1.9796743034394735 1.9528595514490232 1.926044799458573 1.8992300474681227 1.8724152954776727 1.8456005434872225 1.8187857914967722 1.820433826291666 1.8525092244249208 1.8845846225581757 1.9166600206914308 1.9487354188247403 1.9808108169579954 2.0128862150912505 2.044961613224505 2.0770370113577603 2.109112409491015 2.14118780762427 2.173263205757525 2.1305196386245444 2.1305196386245444 2.1305196386245444 2.1305196386245444 2.1305196386245444 2.1305196386245444 2.1305196386245444 2.1305196386245444 2.1305196386245444 2.1305196386245444 2.1305196386245444 2.1305196386245444 2.1305196386245444 2.1305196386245444 2.1305196386245444
1.8688604207216555 1.9062266211711538 1.943592821620652 1.9539699542481626 1.9354951625781933 1.9170203709081923 1.8985455792382229 1.8800707875682536 1.8615959958982842 1.8431212042283147 1.8246464125583455 1.806171620888376 1.7876968292184066 1.7692220375484373 1.7507472458784679 1.730590851374781 1.7086367853816495 1.686682719388518 1.6647286533953491 1.6427745874022177 1.6208205214090863 1.5988664554159546 1.5769123894228232 1.5549583234296918 1.5330042574365603 1.5110501914434287 1.4890961254502972 1.5004919716200293 1.5475396287784313 1.5945872859368333 1.641634943095235 1.6886826002537172 1.735730257412119 1.782777914570521 1.829825571728923 1.8768732288873247 1.9239208860457266 1.9709685432041284 2.0180162003625304 2.1305196386245444 2.1305196386245444 2.1305196386245444 2.1305196386245444 2.1305196386245444 2.1305196386245444 2.1305196386245444 2.1305196386245444 2.1305196386245444 2.1305196386245444 2.1305196386245444 2.1305196386245444 2.1305196386245444 2.1305196386245444 2.1305196386245444
1.8876524184845582 1.921406407372535 1.9551603962605117 1.9477535230453957 1.8963447567211755 1.844935990396868 1.7935272240726479 1.7421184577484279 1.690709691424208 1.639300925099988 1.5878921587757677 1.5364833924515477 1.4850746261273278 1.4336658598031078 1.3822570934788878 1.3474336393577924 1.3303402593619795 1.3132468793661667 1.2961534993703248 1.279060119374512 1.261966739378699 1.2448733593828865 1.2277799793870736 1.2106865993912608 1.193593219395448 1.176499839399635 1.1594064594038223 1.180550116948393 1.2425700331319418 1.3045899493154907 1.3666098654990395 1.428629781682694 1.490649697866243 1.5526696140497918 1.6146895302333404 1.6767094464168892 1.738729362600438 1.8007492787839867 1.8627691949675356 2.1305196386245444 2.1305196386245444 2.1305196386245444 2.1305196386245444 2.1305196386245444 2.1305196386245444 2.1305196386245444 2.1305196386245444 2.1305196386245444 2.1305196386245444 2.1305196386245444 2.1305196386245444 2.1305196386245444 2.1305196386245444 2.1305196386245444
1.9064444162474605 1.936586193573916 1.9667279709003713 1.9415370918426287 1.857194350864158 1.7728516098855436 1.6885088689070729 1.6041661279286021 1.5198233869501316 1.4354806459716607 1.3511379049931902 1.2667951640147195 1.1824524230362488 1.0981096820577783 1.0137669410793075 0.9642764273408034 0.9520437333423093 0.9398110393438153 0.9275783453453003 0.9153456513468062 0.9031129573483121 0.8908802633498181 0.8786475693513239 0.8664148753528299 0.8541821813543358 0.8419494873558417 0.8297167933573476 0.8606082622767567 0.9376004374854524 1.014592612694148 1.0915847879028437 1.1685769631116707 1.2455691383203664 1.3225613135290621 1.3995534887377579 1.4765456639464536 1.5535378391551493 1.630530014363845 1.7075221895725408 2.1305196386245444 2.1305196386245444 2.1305196386245444 2.1305196386245444 2.1305196386245444 2.1305196386245444 2.1305196386245444 2.1305196386245444 2.1305196386245444 2.1305196386245444 2.1305196386245444 2.1305196386245444 2.1305196386245444 2.1305196386245444 2.1305196386245444
1.9252364140103793 1.9517659797753102 1.9782955455402411 1.9353206606398565 1.818043945007107 1.7007672293741578 1.5834905137414084 1.466213798108659 1.3489370824759095 1.23166036684316 1.1143836512104108 0.9971069355776614 0.879830219944912 0.7625535043121625 0.6452767886794133 0.5811192153234879 0.5737472073223167 0.5663751993211454 0.5590031913199616 0.5516311833187904 0.5442591753176191 0.5368871673164479 0.5295151593152766 0.5221431513141054 0.5147711433129342 0.507399135311763 0.5000271273105916 0.5406664076048475 0.632630841838703 0.7245952760725584 0.8165597103064137 0.908524144540426 1.0004885787742814 1.092453013008137 1.1844174472419922 1.2763818814758476 1.368346315709703 1.4603107499435586 1.552275184177414 2.1305196386245444 2.1305196386245444 2.1305196386245444 2.1305196386245444 2.1305196386245444 2.1305196386245444 2.1305196386245444 2.1305196386245444 2.1305196386245444 2.1305196386245444 2.1305196386245444 2.1305196386245444 2.1305196386245444 2.1305196386245444 2.1305196386245444
1.9440284117732818 1.9669457659766914 1.9898631201801007 1.9291042294370895 1.7788935391500895 1.6286828488628333 1.4784721585758334 1.3282614682888332 1.178050778001833 1.027840087714833 0.8776293974278331 0.7274187071408329 0.5772080168538329 0.42699732656683276 0.2767866362798328 0.19796200330649907 0.1954506813026465 0.19293935929879397 0.19042803729493715 0.1879167152910846 0.18540539328723207 0.1828940712833795 0.18038274927952697 0.17787142727567443 0.1753601052718219 0.17284878326796935 0.1703374612641168 0.22072455293321117 0.3276612461922135 0.43459793945121583 0.5415346327102182 0.6484713259694028 0.7554080192284051 0.8623447124874074 0.9692814057464098 1.0762180990054122 1.1831547922644146 1.290091485523417 1.3970281787824192 2.1305196386245444 2.1305196386245444 2.1305196386245444 2.1305196386245444 2.1305196386245444 2.1305196386245444 2.1305196386245444 2.1305196386245444 2.1305196386245444 2.1305196386245444 2.1305196386245444 2.1305196386245444 2.1305196386245444 2.1305196386245444 2.1305196386245444
1.9065601117673967 1.9274967782675703 1.9484334447677438 1.8803389037162033 1.7170679869062306 1.5537970700959793 1.3905261532860065 1.2272552364760336 1.0639843196660608 0.9007134028560879 0.7374424860461151 0.5741715692361422 0.41090065242616935 0.2476297356161965 0.08435881880622365 0.0 0.0 0.0 0.0 0.0 0.0 0.0 0.0 0.0 0.0 0.0 0.0 0.05643890353496133 0.1732122724625124 0.28998564139006344 0.4067590103176145 0.5235323792453648 0.6403057481729159 0.7570791171004668 0.8738524860280179 0.990625854955569 1.10739922388312 1.2241725928106713 1.3409459617382222 1.3721178057787844 1.3117796819193952 1.2514415580600058 1.1911034342006166 1.1307653103412272 1.0704271864817352 1.0100890626223458 0.9497509387629566 0.8894128149035674 0.8290746910441781 0.7687365671847888 0.7083984433253996 2.1305196386245444 2.1305196386245444 2.1305196386245444
1.8089531001259418 1.8296530750752495 1.8503530500245573 1.7860914920605167 1.6310041326281948 1.4759167731956084 1.3208294137632866 1.165742054330965 1.010654694898643 0.8555673354663211 0.7004799760339993 0.5453926166016774 0.3903052571693557 0.23521789773703383 0.08013053830471195 0.0 0.0 0.0 0.0 0.0 0.0 0.0 0.0 0.0 0.0 0.0 0.0 0.05853992492352371 0.17966035466134178 0.3007807843991599 0.42190121413697795 0.5430216438750026 0.6641420736128206 0.7852625033506387 0.9063829330884569 1.0275033628262749 1.148623792564093 1.269744222301911 1.3908646520397292 1.4238208226015738 1.3625274042949074 1.301233985988241 1.2399405676815745 1.1786471493749082 1.1173537310681372 1.0560603127614707 0.9947668944548043 0.9334734761481379 0.8721800578414715 0.810886639534805 0.7495932212281385 2.1305196386245444 2.1305196386245444 2.1305196386245444
1.7113460884844867 1.7318093718829288 1.752272655281371 1.6918440804048298 1.544940278350159 1.3980364762952375 1.2511326742405666 1.104228872185896 0.957325070131225 0.8104212680765541 0.6635174660218832 0.5166136639672125 0.3697098619125416 0.22280605985787072 0.07590225780319981 0.0 0.0 0.0 0.0 0.0 0.0 0.0 0.0 0.0 0.0 0.0 0.0 0.060640946312086094 0.18610843686017117 0.3115759274082563 0.4370434179563414 0.5625109085046404 0.6879783990527255 0.8134458896008105 0.9389133801488957 1.0643808706969808 1.1898483612450659 1.315315851793151 1.440783342341236 1.4755238394243633 1.4132751266704198 1.351026413916476 1.2887777011625325 1.2265289884085888 1.1642802756545392 1.1020315629005955 1.039782850146652 0.9775341373927083 0.9152854246387647 0.8530367118848211 0.7907879991308775 2.1305196386245444 2.1305196386245444 2.1305196386245444
1.613739076843032 1.6339656686906083 1.654192260538185 1.5975966687491432 1.4588764240721235 1.3201561793948668 1.1814359347178471 1.0427156900408272 0.9039954453638073 0.7652752006867873 0.6265549560097674 0.4878347113327477 0.34911446665572776 0.21039422197870783 0.0716739773016879 0.0 0.0 0.0 0.0 0.0 0.0 0.0 0.0 0.0 0.0 0.0 0.0 0.06274196770064848 0.19255651905900056 0.3223710704173527 0.45218562177570476 0.5820001731342782 0.7118147244926304 0.8416292758509825 0.9714438272093345 1.1012583785676866 1.2310729299260388 1.360887481284391 1.490702032642743 1.5272268562471527 1.464022849045932 1.4008188418447112 1.3376148346434904 1.2744108274422696 1.2112068202409412 1.1480028130397204 1.0847988058384996 1.0215947986372789 0.9583907914360581 0.8951867842348373 0.8319827770336166 2.1305196386245444 2.1305196386245444 2.1305196386245444
1.5161320652014938 1.5361219654982043 1.556111865794915 1.5033492570933762 1.3728125697940141 1.2422758824944298 1.1117391951950677 0.9812025078957057 0.8506658205963439 0.7201291332969819 0.58959244599762 0.459055758698258 0.32851907139889613 0.19798238409953406 0.0674456968001722 0.0 0.0 0.0 0.0 0.0 0.0 0.0 0.0 0.0 0.0 0.0 0.0 0.06484298908921265 0.1990046012578355 0.33316621342645836 0.4673278255950812 0.6014894377639328 0.7356510499325557 0.8698126621011785 1.0039742742698012 1.1381358864384241 1.272297498607047 1.4064591107756699 1.5406207229442928 1.5789298730699863 1.5147705714214876 1.450611269772989 1.3864519681244902 1.3222926664759913 1.2581333648273831 1.1939740631788844 1.1298147615303857 1.0656554598818868 1.0014961582333881 0.9373368565848894 0.8731775549363906 2.1305196386245444 2.1305196386245444 2.1305196386245444
1.4185250535600384 1.4382782623058834 1.4580314710517281 1.4091018454376891 1.2867487155159782 1.1643955855940586 1.0420424556723478 0.9196893257506368 0.7973361958289258 0.6749830659072149 0.5526299359855039 0.4302768060637929 0.30792367614208205 0.18557054622037117 0.06321741629866029 0.0 0.0 0.0 0.0 0.0 0.0 0.0 0.0 0.0 0.0 0.0 0.0 0.06694401047777504 0.2054526834566649 0.34396135643555475 0.4824700294144446 0.6209787023935707 0.7594873753724605 0.8979960483513504 1.0365047213302403 1.17501339430913 1.31352206728802 1.4520307402669097 1.5905394132457997 1.6306328898927758 1.565518293797 1.500403697701224 1.435289101605448 1.3701745055096721 1.3050599094137851 1.2399453133180094 1.1748307172222334 1.1097161211264575 1.0446015250306815 0.9794869289349056 0.9143723328391297 2.1305196386245444 2.1305196386245444 2.1305196386245444
1.3209180419185838 1.340434559113563 1.359951076308542 1.3148544337820025 1.2006848612379426 1.086515288693688 0.9723457161496281 0.858176143605568 0.7440065710615081 0.6298369985174481 0.5156674259733882 0.4014978534293282 0.2873282808852682 0.17315870834120828 0.05898913579714837 0.0 0.0 0.0 0.0 0.0 0.0 0.0 0.0 0.0 0.0 0.0 0.0 0.06904503186633743 0.2119007656554943 0.35475649944465115 0.497612233233808 0.6404679670232085 0.7833237008123654 0.9261794346015222 1.0690351683906791 1.2118909021798359 1.3547466359689928 1.4976023697581498 1.6404581035473065 1.6823359067155654 1.6162660161725122 1.5501961256294592 1.4841262350864062 1.418056344543353 1.3519864540001871 1.2859165634571341 1.219846672914081 1.153776782371028 1.0877068918279749 1.0216370012849216 0.9555671107418686 2.1305196386245444 2.1305196386245444 2.1305196386245444
1.2233110302771286 1.2425908559212422 1.2618706815653558 1.2206070221263159 1.1146210069599067 1.008634991793317 0.9026489766269081 0.7966629614604992 0.6906769462940902 0.5846909311276811 0.4787049159612722 0.37271890079486314 0.2667328856284541 0.16074687046204517 0.054760855295636235 0.0 0.0 0.0 0.0 0.0 0.0 0.0 0.0 0.0 0.0 0.0 0.0 0.07114605325489981 0.21834884785432368 0.36555164245374755 0.5127544370531715 0.6599572316528464 0.8071600262522702 0.9543628208516941 1.101565615451118 1.2487684100505418 1.3959712046499657 1.5431739992493896 1.6903767938488135 1.7340389235383549 1.6670137385480246 1.5999885535576943 1.532963368567364 1.4659381835770338 1.3989129985865891 1.3318878135962589 1.2648626286059286 1.1978374436155983 1.130812258625268 1.0637870736349377 0.9967618886446076 2.1305196386245444 2.1305196386245444 2.1305196386245444
1.1257040186356737 1.1447471527289215 1.1637902868221692 1.126359610470629 1.028557152681871 0.9307546948929463 0.8329522371041882 0.7351497793154302 0.6373473215266723 0.5395448637379143 0.44174240594915626 0.3439399481603983 0.24613749037164034 0.14833503258288228 0.05053257479412432 0.0 0.0 0.0 0.0 0.0 0.0 0.0 0.0 0.0 0.0 0.0 0.0 0.07324707464346218 0.22479693005315307 0.37634678546284395 0.5278966408725349 0.6794464962824842 0.830996351692175 0.9825462071018659 1.1340960625115568 1.2856459179212476 1.4371957733309386 1.5887456287406294 1.7402954841503204 1.7857419403611443 1.7177614609235368 1.6497809814859294 1.581800502048322 1.5138200226107146 1.4458395431729911 1.3778590637353838 1.3098785842977763 1.241898104860169 1.1739176254225616 1.105937145984954 1.0379566665473465 2.1305196386245444 2.1305196386245444 2.1305196386245444
1.0280970069942188 1.046903449536601 1.0657098920789831 1.0321121988149424 0.9424932984038354 0.8528743979925756 0.7632554975814685 0.6736365971703615 0.5840176967592545 0.49439879634814743 0.40477989593704045 0.31516099552593335 0.22554209511482637 0.13592319470371927 0.04630429429261218 0.0 0.0 0.0 0.0 0.0 0.0 0.0 0.0 0.0 0.0 0.0 0.0 0.07534809603202458 0.23124501225198252 0.38714192847194046 0.5430388446918983 0.6989357609121222 0.8548326771320801 1.010729593352038 1.1666265095719959 1.3225234257919538 1.4784203420119117 1.6343172582318697 1.7902141744518276 1.837444957183934 1.7685091832990494 1.6995734094141646 1.63063763552928 1.5617018616443954 1.4927660877593931 1.4238303138745088 1.354894539989624 1.2859587661047394 1.2170229922198548 1.1480872183349702 1.0791514444500856 2.1305196386245444 2.1305196386245444 2.1305196386245444
0.9304899953527639 0.9490597463442804 0.9676294973357967 0.9378647871592557 0.8564294441257997 0.7749941010922048 0.6935587580587487 0.6121234150252927 0.5306880719918365 0.44925272895838053 0.3678173859249245 0.2863820428914684 0.2049466998580124 0.12351135682455638 0.042076013791100264 0.0 0.0 0.0 0.0 0.0 0.0 0.0 0.0 0.0 0.0 0.0 0.0 0.07744911742058697 0.2376930944508119 0.39793707148103685 0.5581810485112618 0.71842502554176 0.8786690025719849 1.0389129796022099 1.1991569566324347 1.3594009336626598 1.5196449106928847 1.6798888877231095 1.8401328647533346 1.8891479740067234 1.8192569056745616 1.7493658373423997 1.679474769010238 1.6095837006780762 1.5396926323457953 1.4698015640136335 1.3999104956814716 1.3300194273493098 1.2601283590171481 1.1902372906849863 1.1203462223528247 2.1305196386245444 2.1305196386245444 2.1305196386245444
