Figures/CREST_Example_wjb_NSE/Rolling_result/20100722/BJP_forecast/ens_17/wjb.rain.20091008.asc
ncols            288
nrows            254
xllcorner        113.274861
yllcorner        31.4918055
cellsize         0.008333333333
NODATA_value     -9999
[rows 114 to 132 of 254, columns 129 to 171 of 288]
0.20765304540041926 0.20352481233129424 0.19939657926217627 0.1952683461930583 0.1911401131239403 0.18701188005482233 0.18480440706903536 0.1846502700538676 0.18449613303869983 0.18434199602353207 0.1841878590083643 0.18403372199319654 0.18387958497802875 0.18372544796286097 0.18357131094769294 0.18341717393252518 0.1832630369173574 0.18310889990218965 0.1830292603882864 0.1830292603882864 0.1830292603882864 0.1830292603882864 0.1830292603882864 0.1830292603882864 0.1830292603882864 0.1830292603882864 0.1830292603882864 0.1830292603882864 0.1830292603882864 0.1830292603882864 0.1831650004956368 0.18344584984831502 0.18372669920099324 0.18400754855367146 0.18428839790634965 0.18456924725902787 0.1848500966117061 0.1851309459643843 0.18541179531706253 0.18569264466974075 0.18597349402241944 0.18625434337509766 0.18639945262056054
0.2076869075382946 0.20414990356031454 0.2006128995823405 0.19707589560436647 0.19353889162639243 0.1900018876484184 0.1878502573229744 0.18717962276486988 0.1865089882067654 0.1858383536486609 0.1851677190905564 0.1844970845324519 0.1838264499743474 0.1831558154162429 0.18248518085813728 0.18181454630003277 0.1811439117419283 0.18047327718382378 0.18012677371639887 0.18012677371639887 0.18012677371639887 0.18012677371639887 0.18012677371639887 0.18012677371639887 0.18012677371639887 0.18012677371639887 0.18012677371639887 0.18012677371639887 0.18012677371639887 0.18012677371639887 0.18028074896140098 0.18059932722637667 0.1809179054913524 0.18123648375632812 0.18155506202130384 0.18187364028627956 0.18219221855125528 0.18251079681623097 0.1828293750812067 0.18314795334618242 0.18346653161115867 0.1837851098761344 0.18394971289626122
0.20772076967616993 0.20477499478933484 0.20182921990250474 0.19888344501567465 0.19593767012884455 0.1929918952420145 0.1908961075769134 0.18970897547587215 0.18852184337483094 0.1873347112737897 0.1861475791727485 0.18496044707170725 0.18377331497066604 0.1825861828696248 0.18139905076858157 0.18021191866754036 0.17902478656649912 0.1778376544654579 0.17722428704451132 0.17722428704451132 0.17722428704451132 0.17722428704451132 0.17722428704451132 0.17722428704451132 0.17722428704451132 0.17722428704451132 0.17722428704451132 0.17722428704451132 0.17722428704451132 0.17722428704451132 0.17739649742716512 0.17775280460443832 0.17810911178171154 0.17846541895898477 0.178821726136258 0.17917803331353122 0.17953434049080444 0.17989064766807766 0.1802469548453509 0.1806032620226241 0.18095956919989792 0.18131587637717114 0.18149997317196193
0.20775463181404527 0.2054000860183551 0.20304554022266896 0.20069099442698282 0.19833644863129668 0.19598190283561054 0.19394195783085239 0.19223832818687445 0.19053469854289648 0.18883106889891854 0.18712743925494058 0.18542380961096264 0.1837201799669847 0.18201655032300673 0.18031292067902588 0.17860929103504794 0.17690566139106997 0.17520203174709204 0.1743218003726238 0.1743218003726238 0.1743218003726238 0.1743218003726238 0.1743218003726238 0.1743218003726238 0.1743218003726238 0.1743218003726238 0.1743218003726238 0.1743218003726238 0.1743218003726238 0.1743218003726238 0.17451224589292927 0.1749062819825 0.17530031807207072 0.17569435416164145 0.17608839025121215 0.17648242634078287 0.1768764624303536 0.17727049851992432 0.17766453460949505 0.17805857069906578 0.17845260678863717 0.17884664287820787 0.1790502334476626
0.20778849395192064 0.20602517724737593 0.20426186054283424 0.20249854383829255 0.20073522713375086 0.19897191042920917 0.19698780808479402 0.19476768089787888 0.19254755371096377 0.19032742652404866 0.18810729933713352 0.1858871721502184 0.1836670449633033 0.18144691777638816 0.17922679058946928 0.17700666340255414 0.17478653621563903 0.17256640902872392 0.17141931370073377 0.17141931370073377 0.17141931370073377 0.17141931370073377 0.17141931370073377 0.17141931370073377 0.17141931370073377 0.17141931370073377 0.17141931370073377 0.17141931370073377 0.17141931370073377 0.17141931370073377 0.17162799435869097 0.17205975936055923 0.17249152436242748 0.17292328936429574 0.173355054366164 0.17378681936803222 0.17421858436990048 0.17465034937176874 0.175082114373637 0.17551387937550525 0.17594564437737426 0.1763774093792425 0.1766004937233612
0.207822356089796 0.20665026847639623 0.2054781808629985 0.20430609324960075 0.20313400563620299 0.20196191802280525 0.20003365833873302 0.19729703360888118 0.1945604088790293 0.19182378414917747 0.18908715941932563 0.1863505346894738 0.18361390995962193 0.1808772852297701 0.1781406604999136 0.17540403577006175 0.17266741104020988 0.16993078631035805 0.16851682702884624 0.16851682702884624 0.16851682702884624 0.16851682702884624 0.16851682702884624 0.16851682702884624 0.16851682702884624 0.16851682702884624 0.16851682702884624 0.16851682702884624 0.16851682702884624 0.16851682702884624 0.16874374282445512 0.16921323673862088 0.16968273065278663 0.1701522245669524 0.17062171848111815 0.1710912123952839 0.17156070630944967 0.17203020022361543 0.17249969413778116 0.17296918805194691 0.17343868196611348 0.17390817588027924 0.17415075399906188
0.2078562182276713 0.20727535970541652 0.2066945011831627 0.20611364266090892 0.2055327841386551 0.2049519256164013 0.20307950859267201 0.19982638631988345 0.19657326404709488 0.1933201417743063 0.19006701950151772 0.18681389722872915 0.1835607749559406 0.180307652683152 0.17705453041035787 0.1738014081375693 0.1705482858647807 0.16729516359199215 0.16561434035695868 0.16561434035695868 0.16561434035695868 0.16561434035695868 0.16561434035695868 0.16561434035695868 0.16561434035695868 0.16561434035695868 0.16561434035695868 0.16561434035695868 0.16561434035695868 0.16561434035695868 0.16585949129021926 0.16636671411668252 0.16687393694314578 0.16738115976960904 0.1678883825960723 0.16839560542253557 0.16890282824899883 0.1694100510754621 0.16991727390192535 0.1704244967283886 0.17093171955485273 0.171438942381316 0.1717010142747626
0.2050132695424584 0.20473782975577764 0.20446238996909738 0.2041869501824171 0.20391151039573682 0.20363607060905653 0.2017975388718939 0.19828802648745292 0.19477851410301195 0.19126900171857097 0.18775948933413 0.18424997694968903 0.18074046456524806 0.1772309521808071 0.17372143979636012 0.17021192741191915 0.16670241502747818 0.1631929026430372 0.16137960776360755 0.16137960776360755 0.16137960776360755 0.16137960776360755 0.16137960776360755 0.16137960776360755 0.16137960776360755 0.16137960776360755 0.16137960776360755 0.16137960776360755 0.16137960776360755 0.16137960776360755 0.1616617665242501 0.16224555938271884 0.1628293522411876 0.16341314509965635 0.16399693795812512 0.16458073081659386 0.16516452367506262 0.16574831653353136 0.16633210939200013 0.16691590225046887 0.16749969510893864 0.16808348796740738 0.16838512206551434
0.19909519144896853 0.19881965714598152 0.19854412284299494 0.1982685885400084 0.19799305423702182 0.19771751993403527 0.1958894024351221 0.1924015383852256 0.1889136743353291 0.18542581028543262 0.18193794623553614 0.17845008218563965 0.17496221813574317 0.1714743540858467 0.16798649003594426 0.16449862598604775 0.16101076193615127 0.1575228978862548 0.15572078826844488 0.15572078826844488 0.15572078826844488 0.15572078826844488 0.15572078826844488 0.15572078826844488 0.15572078826844488 0.15572078826844488 0.15572078826844488 0.15572078826844488 0.15572078826844488 0.15572078826844488 0.15606002167831204 0.15676190327710937 0.15746378487590668 0.15816566647470398 0.1588675480735013 0.15956942967229862 0.16027131127109595 0.16097319286989326 0.16167507446869056 0.1623769560674879 0.1630788376662864 0.16378071926508372 0.1641433674543514
0.19317711335547866 0.19290148453618536 0.1926258557168925 0.19235022689759967 0.19207459807830682 0.191798969259014 0.1899812659983503 0.18651505028299828 0.18304883456764628 0.1795826188522943 0.1761164031369423 0.1726501874215903 0.16918397170623828 0.16571775599088628 0.16225154027552838 0.15878532456017638 0.1553191088448244 0.1518528931294724 0.1500619687732822 0.1500619687732822 0.1500619687732822 0.1500619687732822 0.1500619687732822 0.1500619687732822 0.1500619687732822 0.1500619687732822 0.1500619687732822 0.1500619687732822 0.1500619687732822 0.1500619687732822 0.150458276832374 0.15127824717149987 0.15209821751062577 0.15291818784975164 0.1537381581888775 0.1545581285280034 0.15537809886712928 0.15619806920625517 0.15701803954538104 0.1578380098845069 0.1586579802236342 0.1594779505627601 0.1599016128431885
0.18725903526198373 0.18698331192638415 0.18670758859078504 0.1864318652551859 0.1861561419195868 0.18588041858398766 0.18407312956157346 0.18062856218076595 0.17718399479995847 0.17373942741915097 0.1702948600383435 0.16685029265753598 0.16340572527672848 0.159961157895921 0.15651659051510763 0.15307202313430013 0.14962745575349262 0.14618288837268514 0.1444031492781147 0.1444031492781147 0.1444031492781147 0.1444031492781147 0.1444031492781147 0.1444031492781147 0.1444031492781147 0.1444031492781147 0.1444031492781147 0.1444031492781147 0.1444031492781147 0.1444031492781147 0.14485653198643117 0.14579459106588571 0.14673265014534026 0.1476707092247948 0.14860876830424935 0.1495468273837039 0.15048488646315844 0.15142294554261299 0.15236100462206753 0.15329906370152208 0.1542371227809782 0.15517518186043275 0.15565985823202194
0.18134095716849385 0.181065139316588 0.1807893214646826 0.18051350361277718 0.1802376857608718 0.1799618679089664 0.17816499312480166 0.17474207407853865 0.17131915503227563 0.1678962359860126 0.16447331693974962 0.1610503978934866 0.15762747884722358 0.15420455980096057 0.15078164075469172 0.14735872170842873 0.1439358026621657 0.1405128836159027 0.138744329782952 0.138744329782952 0.138744329782952 0.138744329782952 0.138744329782952 0.138744329782952 0.138744329782952 0.138744329782952 0.138744329782952 0.138744329782952 0.138744329782952 0.138744329782952 0.1392547871404931 0.14031093496027622 0.14136708278005933 0.14242323059984244 0.14347937841962555 0.14453552623940866 0.14559167405919177 0.14664782187897488 0.147703969698758 0.1487601175185411 0.149816265338326 0.15087241315810912 0.15141810362085903
0.175422879075004 0.17514696670679183 0.17487105433858016 0.1745951419703685 0.1743192296021568 0.17404331723394512 0.17225685668802987 0.16885558597631134 0.1654543152645928 0.16205304455287428 0.15865177384115575 0.15525050312943722 0.1518492324177187 0.14844796170600016 0.14504669099427583 0.1416454202825573 0.13824414957083878 0.13484287885912027 0.1330855102877893 0.1330855102877893 0.1330855102877893 0.1330855102877893 0.1330855102877893 0.1330855102877893 0.1330855102877893 0.1330855102877893 0.1330855102877893 0.1330855102877893 0.1330855102877893 0.1330855102877893 0.13365304229455505 0.13482727885466672 0.1360015154147784 0.13717575197489007 0.13834998853500174 0.13952422509511342 0.1406984616552251 0.14187269821533677 0.14304693477544844 0.1442211713355601 0.1453954078956738 0.14656964445578546 0.1471763490096961
0.16950480098151413 0.16922879409699568 0.16895278721247772 0.16867678032795977 0.16840077344344181 0.16812476655892383 0.16634872025125808 0.16296909787408403 0.15958947549691 0.15620985311973595 0.1528302307425619 0.14945060836538787 0.14607098598821383 0.1426913636110398 0.13931174123385998 0.13593211885668594 0.1325524964795119 0.12917287410233785 0.12742669079262664 0.12742669079262664 0.12742669079262664 0.12742669079262664 0.12742669079262664 0.12742669079262664 0.12742669079262664 0.12742669079262664 0.12742669079262664 0.12742669079262664 0.12742669079262664 0.12742669079262664 0.12805129744861699 0.12934362274905722 0.13063594804949746 0.1319282733499377 0.13322059865037794 0.13451292395081818 0.13580524925125842 0.13709757455169866 0.1383898998521389 0.13968222515257914 0.14097455045302157 0.1422668757534618 0.14293459439853318
0.16358672288802426 0.16331062148719955 0.16303452008637528 0.16275841868555105 0.1624823172847268 0.16220621588390258 0.16044058381448628 0.15708260977185673 0.15372463572922715 0.1503666616865976 0.14700868764396804 0.1436507136013385 0.14029273955870894 0.1369347655160794 0.1335767914734441 0.13021881743081454 0.12686084338818499 0.12350286934555543 0.12176787129746397 0.12176787129746397 0.12176787129746397 0.12176787129746397 0.12176787129746397 0.12176787129746397 0.12176787129746397 0.12176787129746397 0.12176787129746397 0.12176787129746397 0.12176787129746397 0.12176787129746397 0.12244955260267895 0.12385996664344774 0.12527038068421656 0.12668079472498533 0.12809120876575414 0.12950162280652294 0.13091203684729175 0.13232245088806055 0.13373286492882935 0.13514327896959816 0.13655369301036935 0.13796410705113815 0.13869283978737024
0.15766864479453438 0.1573924488774034 0.15711625296027287 0.15684005704314236 0.1565638611260118 0.1562876652088813 0.1545324473777145 0.1511961216696294 0.14785979596154433 0.14452347025345927 0.1411871445453742 0.1378508188372891 0.13451449312920405 0.13117816742111899 0.12784184171302823 0.12450551600494315 0.12116919029685808 0.11783286458877301 0.11610905180230129 0.11610905180230129 0.11610905180230129 0.11610905180230129 0.11610905180230129 0.11610905180230129 0.11610905180230129 0.11610905180230129 0.11610905180230129 0.11610905180230129 0.11610905180230129 0.11610905180230129 0.11684780775674089 0.11837631053783826 0.11990481331893561 0.12143331610003298 0.12296181888113035 0.12449032166222772 0.12601882444332507 0.12754732722442244 0.1290758300055198 0.13060433278661718 0.13213283556771716 0.13366133834881452 0.13445108517620732
0.1517505667010445 0.15147427626760723 0.15119798583417043 0.15092169540073364 0.15064540496729684 0.15036911453386004 0.1486243109409427 0.1453096335674021 0.14199495619386152 0.1386802788203209 0.13536560144678034 0.13205092407323976 0.12873624669969916 0.12542156932615858 0.12210689195261235 0.11879221457907176 0.11547753720553117 0.11216285983199059 0.1104502323071386 0.1104502323071386 0.1104502323071386 0.1104502323071386 0.1104502323071386 0.1104502323071386 0.1104502323071386 0.1104502323071386 0.1104502323071386 0.1104502323071386 0.1104502323071386 0.1104502323071386 0.11124606291080283 0.11289265443222876 0.1145392459536547 0.11618583747508063 0.11783242899650656 0.11947902051793248 0.12112561203935841 0.12277220356078435 0.12441879508221028 0.1260653866036362 0.12771197812506493 0.12935856964649087 0.1302093305650444
0.14583248860754958 0.14555610365780602 0.14527971870806294 0.14500333375831986 0.14472694880857678 0.1444505638588337 0.14271617450416585 0.13942314546516976 0.13613011642617368 0.1328370873871776 0.1295440583481815 0.12625102930918544 0.12295800027018935 0.11966497123119327 0.11637194219219157 0.11307891315319549 0.1097858841141994 0.10649285507520331 0.10479141281197109 0.10479141281197109 0.10479141281197109 0.10479141281197109 0.10479141281197109 0.10479141281197109 0.10479141281197109 0.10479141281197109 0.10479141281197109 0.10479141281197109 0.10479141281197109 0.10479141281197109 0.10564431806486 0.10740899832661459 0.10917367858836918 0.11093835885012378 0.11270303911187837 0.11446771937363297 0.11623239963538756 0.11799707989714216 0.11976176015889675 0.12152644042065135 0.12329112068240895 0.12505580094416355 0.12596757595387786
0.1399144105140597 0.13963793104800987 0.1393614515819605 0.13908497211591114 0.13880849264986178 0.13853201318381242 0.13680803806739406 0.13353665736294246 0.13026527665849086 0.12699389595403926 0.12372251524958766 0.12045113454513606 0.11717975384068446 0.11390837313623287 0.1106369924317757 0.1073656117273241 0.1040942310228725 0.1008228503184209 0.09913259331680842 0.09913259331680842 0.09913259331680842 0.09913259331680842 0.09913259331680842 0.09913259331680842 0.09913259331680842 0.09913259331680842 0.09913259331680842 0.09913259331680842 0.09913259331680842 0.09913259331680842 0.10004257321892195 0.1019253422210051 0.10380811122308826 0.10569088022517142 0.10757364922725458 0.10945641822933774 0.1113391872314209 0.11322195623350406 0.11510472523558721 0.11698749423767037 0.11887026323975675 0.12075303224183989 0.12172582134271494
