Figures/CREST_Example_wjb_NSE/Rolling_result/20100722/BJP_forecast/ens_17/wjb.rain.20100726.asc
ncols            288
nrows            254
xllcorner        113.274861
yllcorner        31.4918055
cellsize         0.008333333333
NODATA_value     -9999
[rows 209 to 227 of 254, columns 176 to 219 of 288]
5.5542186267649605 5.60642610468326 5.658633582601561 5.710841060519861 5.763048538438162 5.815256016356463 5.867463494274852 5.736613387399317 5.410070580690258 5.083527773981198 4.756984967272139 4.430442160563079 4.10389935385402 3.7773565471449597 3.4508137404359003 3.124270933726841 2.7977281270177814 2.4711853203087215 2.144642513599662 2.27047119483238 2.879895232539528 3.4893192702466758 4.098743307953823 4.708167345660971 5.31759138336812 5.927015421075267 6.536439458782414 7.145863496489563 7.755287534196711 8.36471157190386 8.974135609611006 9.236522859597622 9.127919930353666 9.019317001109897 8.910714071866128 8.802111142622358 8.693508213378587 8.584905284134818 8.476302354891049 8.36769942564728 8.259096496403508 8.150493567159739 8.04189063791597 8.020130794730141
5.437519880985615 5.485301052398362 5.533082223811108 5.580863395223854 5.6286445666366 5.676425738049346 5.724206909462174 5.596496432461132 5.2811814127966015 4.965866393132071 4.6505513734675406 4.33523635380301 4.01992133413848 3.7046063144739496 3.389291294809419 3.0739762751448887 2.7586612554803587 2.443346235815828 2.1280312161512978 2.2486264477348437 2.835219601296849 3.421812754858855 4.008405908420861 4.5949990619828665 5.181592215544873 5.768185369106878 6.354778522668884 6.94137167623089 7.527964829792896 8.114557983354903 8.701151136916907 8.958371985108426 8.863486385434308 8.76860078576035 8.673715186086394 8.578829586412436 8.48394398673848 8.389058387064521 8.294172787390565 8.199287187716607 8.104401588042649 8.009515988368692 7.914630388694735 7.908972651215209
5.32082113520632 5.364176000113514 5.407530865020708 5.450885729927902 5.494240594835095 5.537595459742289 5.580950324649557 5.456379477523005 5.152292244902999 4.848205012282993 4.5441177796629875 4.2400305470429815 3.9359433144229756 3.6318560818029697 3.327768849182964 3.023681616562958 2.7195943839429524 2.4155071513229465 2.1114199187029405 2.226781700637316 2.7905439700541894 3.3543062394710628 3.918068508887936 4.48183077830481 5.045593047721684 5.609355317138557 6.17311758655543 6.736879855972304 7.300642125389177 7.8644043948060505 8.428166664222925 8.680221110619351 8.599052840515062 8.517884570410912 8.43671630030676 8.355548030202609 8.274379760098459 8.193211489994308 8.112043219890158 8.030874949786007 7.9497066796818565 7.868538409577706 7.787370139473555 7.797814507700325
5.204122389427025 5.243050947828666 5.281979506230308 5.320908064631949 5.3598366230335905 5.398765181435231 5.437693739836939 5.3162625225848785 5.023403077009397 4.730543631433916 4.437684185858434 4.144824740282953 3.8519652947074716 3.5591058491319902 3.266246403556509 2.973386957981028 2.6805275124055465 2.387668066830065 2.094808621254584 2.2049369535397885 2.7458683388115297 3.286799724083271 3.8277311093550117 4.3686624946267525 4.909593879898494 5.450525265170235 5.991456650441976 6.532388035713717 7.073319420985459 7.6142508062572 8.15518219152894 8.402070236130273 8.334619295595814 8.26716835506147 8.199717414527125 8.132266473992782 8.064815533458438 7.997364592924094 7.92991365238975 7.8624627118554065 7.795011771321063 7.727560830786718 7.660109890252374 7.686656364185441
5.087423643647681 5.121925895543768 5.156428147439855 5.190930399335942 5.225432651232029 5.259934903128116 5.294437155024261 5.176145567646692 4.89451390911574 4.612882250584788 4.331250592053836 4.0496189335228845 3.767987274991932 3.4863556164609797 3.2047239579300277 2.9230922993990758 2.641460640868124 2.359828982337172 2.0781973238062195 2.183092206442252 2.701192707568851 3.21929320869545 3.737393709822049 4.255494210948648 4.773594712075248 5.291695213201846 5.809795714328446 6.327896215455045 6.845996716581644 7.3640972177082435 7.882197718834843 8.123919361641079 8.070185750676455 8.016452139711923 7.962718528747391 7.908984917782861 7.855251306818329 7.801517695853797 7.747784084889266 7.694050473924734 7.640316862960202 7.586583251995671 7.53284964103114 7.575498220670508
4.970724897868386 5.00080084325892 5.030876788649454 5.060952734039989 5.091028679430524 5.121104624821058 5.151180570211644 5.036028612708566 4.765624741222138 4.495220869735711 4.224816998249283 3.954413126762855 3.6840092552764276 3.4136053837900002 3.143201512303573 2.872797640817145 2.6023937693307175 2.33198989784429 2.0615860263578623 2.1612474593447244 2.6565170763261916 3.151786693307658 3.647056310289125 4.142325927270592 4.637595544252059 5.132865161233526 5.628134778214992 6.123404395196459 6.618674012177927 7.113943629159394 7.609213246140859 7.845768487152002 7.805752205757209 7.765735924362484 7.725719642967759 7.685703361573034 7.645687080178309 7.605670798783584 7.565654517388859 7.525638235994134 7.485621954599409 7.4456056732046845 7.40558939180996 7.464340077155624
4.854026152089091 4.879675790974073 4.9053254298590545 4.930975068744036 4.956624707629019 4.982274346514001 5.007923985399026 4.895911657770439 4.636735573328536 4.377559488886632 4.11838340444473 3.8592073200028265 3.6000312355609236 3.3408551511190208 3.0816790666771174 2.8225029822352146 2.5633268977933112 2.3041508133514084 2.0449747289095055 2.139402712247197 2.6118414450835314 3.084280177919866 3.5567189107562007 4.029157643592535 4.50159637642887 4.974035109265205 5.446473842101539 5.918912574937874 6.391351307774209 6.863790040610543 7.336228773446878 7.567617612662925 7.541318660837962 7.5150197090130435 7.488720757188125 7.462421805363207 7.436122853538289 7.409823901713371 7.383524949888453 7.357225998063534 7.330927046238616 7.304628094413697 7.278329142588779 7.353181933640739
4.737327406309796 4.758550738689226 4.779774071068656 4.800997403448085 4.822220735827514 4.843444068206944 4.86466740058641 4.755794702832313 4.507846405434934 4.2598981080375555 4.011949810640177 3.7640015132427984 3.51605321584542 3.2681049184480413 3.0201566210506625 2.772208323653284 2.5242600262559054 2.276311728858527 2.0283634314611483 2.1175579651496697 2.567165813840872 3.0167736625320742 3.4663815112232763 3.9159893599144784 4.365597208605681 4.815205057296883 5.2648129059880855 5.714420754679288 6.16402860337049 6.613636452061693 7.063244300752895 7.289466738173847 7.276885115918715 7.264303493663603 7.251721871408492 7.23914024915338 7.226558626898268 7.213977004643157 7.201395382388045 7.188813760132933 7.176232137877822 7.16365051562271 7.151068893367599 7.242023790125854
5.0449577845044855 5.056752621385035 5.068547458265585 5.080342295146134 5.092137132026684 5.103931968907234 5.115726805787803 5.021529055702509 4.814022832062045 4.60651660842158 4.399010384781115 4.191504161140651 3.9839979375001864 3.7764917138597216 3.568985490219257 3.3614792665787925 3.153973042938328 2.9464668192978634 2.7389605956573986 2.8356639520320197 3.257574232829886 3.6794845136277523 4.101394794425619 4.523305075223485 4.945215356021351 5.3671256368192175 5.789035917617084 6.21094619841495 6.632856479212816 7.054766760010683 7.476677040808549 7.682458668455407 7.657193875070096 7.631929081684828 7.6066642882995605 7.581399494914293 7.556134701529025 7.530869908143758 7.50560511475849 7.480340321373222 7.455075527987955 7.429810734602687 7.404545941217419 7.480521518210136
5.806169252395201 5.803188569011736 5.800207885628271 5.797227202244805 5.79424651886134 5.7912658354778745 5.788285152094404 5.721092877373327 5.585256958721209 5.449421040069091 5.313585121416973 5.177749202764855 5.041913284112737 4.906077365460619 4.770241446808502 4.634405528156384 4.4985696095042655 4.3627336908521475 4.226897772200029 4.344730637290754 4.733741171996828 5.122751706702902 5.511762241408975 5.900772776115049 6.289783310821122 6.678793845527196 7.0678043802332695 7.4568149149393435 7.845825449645417 8.234835984351491 8.623846519057565 8.792859957487954 8.72669152164614 8.66052308580444 8.594354649962739 8.528186214121039 8.462017778279337 8.395849342437636 8.329680906595936 8.263512470754234 8.197344034912534 8.131175599070833 8.065007163229133 8.092779335569581
6.567380720285917 6.549624516638437 6.531868312990957 6.514112109343476 6.496355905695996 6.478599702048516 6.4608434984010055 6.4206566990441445 6.356491085380373 6.292325471716602 6.22815985805283 6.163994244389059 6.099828630725288 6.035663017061516 5.971497403397745 5.907331789733973 5.843166176070202 5.779000562406431 5.714834948742658 5.853797322549486 6.2099081111637675 6.566018899778049 6.92212968839233 7.278240477006611 7.634351265620893 7.990462054235174 8.346572842849454 8.702683631463737 9.058794420078017 9.414905208692298 9.77101599730658 9.903261246520502 9.796189168222185 9.689117089924052 9.582045011625917 9.474972933327782 9.36790085502965 9.260828776731515 9.15375669843338 9.046684620135245 8.939612541837112 8.832540463538978 8.725468385240843 8.705037152929023
7.328592188176957 7.296060464265456 7.263528740353954 7.230997016442453 7.198465292530951 7.16593356861945 7.133401844707893 7.120220520715261 7.127725212039866 7.135229903364472 7.1427345946890775 7.150239286013683 7.1577439773382885 7.165248668662894 7.1727533599874995 7.180258051312105 7.187762742636711 7.195267433961317 7.2027721252859225 7.362864007808862 7.686075050331337 8.009286092853811 8.332497135376286 8.655708177898761 8.978919220421236 9.302130262943711 9.625341305466186 9.948552347988661 10.271763390511136 10.594974433033611 10.918185475556086 11.013662535553525 10.865686814798687 10.717711094044104 10.569735373289518 10.421759652534933 10.273783931780349 10.125808211025763 9.97783249027118 9.829856769516594 9.681881048762008 9.533905328007425 9.385929607252839 9.317294970288732
8.089803656067671 8.042496411892156 7.99518916771664 7.947881923541123 7.900574679365607 7.853267435190091 7.805960191014494 7.819784342386078 7.89895933869903 7.978134335011982 8.057309331324934 8.136484327637886 8.215659323950838 8.29483432026379 8.374009316576743 8.453184312889695 8.532359309202647 8.6115343055156 8.690709301828552 8.871930693067595 9.162241989498277 9.452553285928959 9.742864582359642 10.033175878790324 10.323487175221008 10.61379847165169 10.904109768082371 11.194421064513055 11.484732360943738 11.77504365737442 12.065354953805102 12.124063824586072 11.935184461374732 11.746305098163715 11.557425734952696 11.368546371741678 11.17966700853066 10.990787645319642 10.801908282108624 10.613028918897607 10.424149555686588 10.235270192475571 10.046390829264553 9.929552787648175
8.851015123958389 8.788932359518856 8.726849595079326 8.664766830639794 8.602684066200263 8.54060130176073 8.478518537321094 8.519348164056895 8.670193465358194 8.821038766659493 8.971884067960792 9.12272936926209 9.27357467056339 9.424419971864689 9.575265273165988 9.726110574467286 9.876955875768585 10.027801177069884 10.178646478371183 10.38099737832633 10.638408928665218 10.895820479004108 11.153232029342998 11.410643579681889 11.668055130020779 11.925466680359667 12.182878230698558 12.440289781037448 12.697701331376338 12.955112881715227 13.212524432054117 13.23446511361862 13.004682107950778 12.774899102283326 12.545116096615875 12.315333090948423 12.085550085280971 11.855767079613521 11.62598407394607 11.396201068278618 11.166418062611168 10.936635056943716 10.706852051276265 10.541810605007619
9.612226591849428 9.535368307145875 9.458510022442322 9.381651737738771 9.304793453035218 9.227935168331665 9.151076883627983 9.218911985728012 9.441427592017687 9.663943198307363 9.886458804597039 10.108974410886715 10.33149001717639 10.554005623466066 10.776521229755742 10.999036836045418 11.221552442335094 11.44406804862477 11.666583654914445 11.890064063585704 12.114575867832787 12.339087672079872 12.563599476326955 12.788111280574038 13.012623084821122 13.237134889068205 13.461646693315288 13.686158497562372 13.910670301809455 14.13518210605654 14.359693910303623 14.344866402651641 14.074179754527277 13.803493106403376 13.532806458279474 13.262119810155571 12.99143316203167 12.720746513907768 12.450059865783865 12.179373217659965 11.908686569536062 11.63799992141216 11.367313273288259 11.154068422367324
10.373438059740144 10.281804254772577 10.19017044980501 10.098536644837441 10.006902839869875 9.915269034902307 9.823635229934585 9.91847580739883 10.212661718676852 10.506847629954875 10.801033541232897 11.09521945251092 11.389405363788942 11.683591275066963 11.977777186344985 12.271963097623008 12.56614900890103 12.860334920179053 13.154520831457075 13.399130748844437 13.590742806999728 13.78235486515502 13.97396692331031 14.1655789814656 14.357191039620892 14.548803097776183 14.740415155931474 14.932027214086766 15.123639272242055 15.315251330397347 15.506863388552638 15.455267691684188 15.143677401103322 14.832087110522988 14.520496819942652 14.208906529362316 13.897316238781983 13.585725948201647 13.274135657621311 12.962545367040978 12.650955076460642 12.339364785880306 12.027774495299973 11.76632623972677
11.13464952763086 11.028240202399276 10.921830877167695 10.815421551936112 10.70901222670453 10.602602901472949 10.496193576241184 10.618039629069647 10.983895845336017 11.349752061602386 11.715608277868753 12.081464494135123 12.447320710401492 12.813176926667861 13.17903314293423 13.544889359200598 13.910745575466967 14.276601791733336 14.642458007999704 14.908197434103169 15.066909746166667 15.225622058230167 15.384334370293665 15.543046682357163 15.701758994420663 15.860471306484161 16.01918361854766 16.177895930611157 16.336608242674657 16.495320554738157 16.654032866801654 16.565668980716737 16.213175047679368 15.860681114642599 15.50818718160583 15.155693248569063 14.803199315532295 14.450705382495526 14.09821144945876 13.74571751642199 13.393223583385222 13.040729650348453 12.688235717311684 12.378584057086213
11.895860995521899 11.774676150026295 11.653491304530693 11.53230645903509 11.411121613539486 11.289936768043882 11.168751922548072 11.317603450740762 11.755129971995508 12.192656493250254 12.630183014505 13.067709535759745 13.505236057014491 13.942762578269237 14.380289099523983 14.817815620778727 15.255342142033474 15.69286866328822 16.130395184542966 16.417264119362542 16.543076685334235 16.668889251305927 16.79470181727762 16.920514383249312 17.046326949221005 17.172139515192697 17.29795208116439 17.423764647136082 17.549577213107774 17.675389779079467 17.80120234505116 17.676070269749758 17.28267269425587 16.88927511876265 16.49587754326943 16.102479967776212 15.709082392282994 15.315684816789775 14.922287241296555 14.528889665803337 14.135492090310118 13.742094514816898 13.34869693932368 12.99084187444592
12.657072463412614 12.521112097652997 12.385151731893378 12.24919136613376 12.113231000374142 11.977270634614523 11.841310268854674 12.01716727241158 12.526364098654673 13.035560924897766 13.544757751140857 14.05395457738395 14.563151403627042 15.072348229870135 15.581545056113228 16.09074188235632 16.59993870859941 17.109135534842505 17.6183323610856 17.926330804621276 18.019243624501176 18.11215644438108 18.205069264260977 18.297982084140877 18.390894904020776 18.483807723900675 18.576720543780578 18.669633363660477 18.762546183540376 18.855459003420275 18.948371823300175 18.786471558782306 18.352170340831915 17.917869122882262 17.48356790493261 17.049266686982957 16.614965469033304 16.180664251083655 15.746363033134001 15.31206181518435 14.877760597234698 14.443459379285045 14.009158161335392 13.603099691805363
