Figures/CREST_Example_wjb_NSE/Rolling_result/20100722/BJP_forecast/ens_17/wjb.rain.20090805.asc
ncols            288
nrows            254
xllcorner        113.274861
yllcorner        31.4918055
cellsize         0.008333333333
NODATA_value     -9999
[rows 133 to 151 of 254, columns 176 to 219 of 288]
0.4064802534148145 0.4064802534148145 0.4064802534148145 0.4064802534148145 0.4064802534148145 0.4064802534148145 0.4064802534148145 0.400250050271759 0.38735961901005456 0.37446918774835014 0.3615787564866457 0.34868832522494136 0.33579789396323695 0.32290746270153253 0.3100170314398282 0.29712660017812376 0.28423616891641934 0.2713457376547149 0.2584553063930105 0.25041387001795845 0.24755611889556786 0.24469836777317722 0.2418406166507866 0.23898286552839598 0.23612511440600537 0.23326736328361475 0.23040961216122413 0.2275518610388335 0.22469410991644287 0.22183635879405225 0.21897860767166163 0.217502064798079 0.217502064798079 0.217502064798079 0.217502064798079 0.217502064798079 0.217502064798079 0.217502064798079 0.217502064798079 0.217502064798079 0.217502064798079 0.217502064798079 0.217502064798079 0.21284725615447478
0.37118527608904356 0.37118527608904356 0.37118527608904356 0.37118527608904356 0.37118527608904356 0.37118527608904356 0.37118527608904356 0.3659636158079977 0.35515988254613445 0.3443561492842712 0.333552416022408 0.3227486827605448 0.31194494949868157 0.30114121623681833 0.2903374829749551 0.27953374971309186 0.2687300164512286 0.2579262831893654 0.24712254992750216 0.24144026360087834 0.24123291993165313 0.24102557626242796 0.24081823259320276 0.24061088892397756 0.24040354525475235 0.24019620158552715 0.23998885791630195 0.23978151424707675 0.23957417057785155 0.23936682690862637 0.23915948323940117 0.2390523529106688 0.2390523529106688 0.2390523529106688 0.2390523529106688 0.2390523529106688 0.2390523529106688 0.2390523529106688 0.2390523529106688 0.2390523529106688 0.2390523529106688 0.2390523529106688 0.2390523529106688 0.235701464451819
0.33589029876327264 0.33589029876327264 0.33589029876327264 0.33589029876327264 0.33589029876327264 0.33589029876327264 0.33589029876327264 0.33167718134423646 0.32296014608221435 0.3142431108201923 0.30552607555817024 0.2968090402961482 0.28809200503412613 0.2793749697721041 0.270657934510082 0.26194089924805997 0.25322386398603786 0.2445068287240158 0.23578979346199375 0.2324666571837982 0.2349097209677384 0.23735278475167865 0.23979584853561886 0.2422389123195591 0.24468197610349932 0.24712503988743956 0.24956810367137977 0.25201116745532 0.25445423123926025 0.25689729502320047 0.2593403588071407 0.26060264102325864 0.26060264102325864 0.26060264102325864 0.26060264102325864 0.26060264102325864 0.26060264102325864 0.26060264102325864 0.26060264102325864 0.26060264102325864 0.26060264102325864 0.26060264102325864 0.26060264102325864 0.25855567274916325
0.30059532143750173 0.30059532143750173 0.30059532143750173 0.30059532143750173 0.30059532143750173 0.30059532143750173 0.30059532143750173 0.2973907468804752 0.2907604096182943 0.2841300723561134 0.2774997350939325 0.2708693978317516 0.2642390605695707 0.2576087233073898 0.2509783860452089 0.24434804878302802 0.23771771152084714 0.2310873742586662 0.22445703699648534 0.22349305076671802 0.22858652200382368 0.23367999324092933 0.238773464478035 0.24386693571514062 0.24896040695224628 0.25405387818935193 0.25914734942645756 0.26424082066356325 0.2693342919006689 0.27442776313777456 0.2795212343748802 0.28215292913584844 0.28215292913584844 0.28215292913584844 0.28215292913584844 0.28215292913584844 0.28215292913584844 0.28215292913584844 0.28215292913584844 0.28215292913584844 0.28215292913584844 0.28215292913584844 0.28215292913584844 0.28140988104650744
0.2653003441117007 0.2653003441117007 0.2653003441117007 0.2653003441117007 0.2653003441117007 0.2653003441117007 0.2653003441117007 0.2631043124166847 0.2585606731543467 0.2540170338920088 0.24947339462967086 0.2449297553673329 0.24038611610499497 0.23584247684265702 0.23129883758031908 0.22675519831798113 0.2222115590556432 0.21766791979330524 0.21312428053096727 0.21451944434963024 0.2222633230399036 0.2300072017301769 0.23775108042045026 0.2454949591107236 0.25323883780099693 0.26098271649127025 0.2687265951815436 0.27647047387181695 0.28421435256209027 0.29195823125236364 0.29970210994263696 0.30370321724845667 0.30370321724845667 0.30370321724845667 0.30370321724845667 0.30370321724845667 0.30370321724845667 0.30370321724845667 0.30370321724845667 0.30370321724845667 0.30370321724845667 0.30370321724845667 0.30370321724845667 0.30426408934387117
0.2300053667859298 0.2300053667859298 0.2300053667859298 0.2300053667859298 0.2300053667859298 0.2300053667859298 0.2300053667859298 0.22881787795292344 0.22636093669042667 0.22390399542792988 0.22144705416543312 0.21899011290293632 0.21653317164043956 0.2140762303779428 0.211619289115446 0.20916234785294924 0.20670540659045245 0.20424846532795568 0.20179152406545892 0.2055458379325501 0.21594012407598887 0.22633441021942763 0.2367286963628664 0.24712298250630516 0.2575172686497439 0.2679115547931827 0.2783058409366214 0.2887001270800602 0.29909441322349894 0.30948869936693774 0.31988298551037647 0.32525350536104647 0.32525350536104647 0.32525350536104647 0.32525350536104647 0.32525350536104647 0.32525350536104647 0.32525350536104647 0.32525350536104647 0.32525350536104647 0.32525350536104647 0.32525350536104647 0.32525350536104647 0.3271182976412154
0.1947103894601589 0.1947103894601589 0.1947103894601589 0.1947103894601589 0.1947103894601589 0.1947103894601589 0.1947103894601589 0.19453144348916218 0.19416120022650657 0.19379095696385096 0.19342071370119535 0.19305047043853973 0.19268022717588415 0.19230998391322854 0.19193974065057293 0.19156949738791731 0.1911992541252617 0.1908290108626061 0.19045876759995048 0.19657223151546996 0.20961692511207414 0.22266161870867834 0.23570631230528252 0.2487510059018867 0.2617956994984909 0.2748403930950951 0.28788508669169927 0.3009297802883035 0.3139744738849076 0.32701916748151183 0.34006386107811604 0.3468037934736363 0.3468037934736363 0.3468037934736363 0.3468037934736363 0.3468037934736363 0.3468037934736363 0.3468037934736363 0.3468037934736363 0.3468037934736363 0.3468037934736363 0.3468037934736363 0.3468037934736363 0.34997250593855966
0.15941541213438798 0.15941541213438798 0.15941541213438798 0.15941541213438798 0.15941541213438798 0.15941541213438798 0.15941541213438798 0.16024500902540093 0.1619614637625865 0.16367791849977203 0.1653943732369576 0.16711082797414317 0.16882728271132874 0.1705437374485143 0.17226019218569985 0.17397664692288542 0.175693101660071 0.17740955639725653 0.1791260111344421 0.18759862509838982 0.20329372614815944 0.21898882719792906 0.23468392824769868 0.2503790292974683 0.2660741303472379 0.2817692313970075 0.2974643324467771 0.31315943349654674 0.32885453454631636 0.344549635596086 0.3602447366458556 0.3683540815862262 0.3683540815862262 0.3683540815862262 0.3683540815862262 0.3683540815862262 0.3683540815862262 0.3683540815862262 0.3683540815862262 0.3683540815862262 0.3683540815862262 0.3683540815862262 0.3683540815862262 0.3728267142359039
0.12412043480861706 0.12412043480861706 0.12412043480861706 0.12412043480861706 0.12412043480861706 0.12412043480861706 0.12412043480861706 0.12595857456163967 0.1297617272986664 0.13356488003569314 0.13736803277271986 0.1411711855097466 0.14497433824677333 0.14877749098380005 0.1525806437208268 0.15638379645785352 0.16018694919488025 0.163990101931907 0.16779325466893372 0.1786250186813097 0.19697052718424474 0.21531603568717977 0.2336615441901148 0.25200705269304985 0.2703525611959849 0.2886980696989199 0.30704357820185496 0.32538908670479 0.34373459520772504 0.3620801037106601 0.3804256122135951 0.389904369698816 0.389904369698816 0.389904369698816 0.389904369698816 0.389904369698816 0.389904369698816 0.389904369698816 0.389904369698816 0.389904369698816 0.389904369698816 0.389904369698816 0.389904369698816 0.3956809225332481
0.08882545748284615 0.08882545748284615 0.08882545748284615 0.08882545748284615 0.08882545748284615 0.08882545748284615 0.08882545748284615 0.09167214009787841 0.09756199083474631 0.10345184157161422 0.1093416923084821 0.11523154304535001 0.12112139378221791 0.1270112445190858 0.13290109525595373 0.1387909459928216 0.1446807967296895 0.1505706474665574 0.1564604982034253 0.16965141226422953 0.19064732822032998 0.21164324417643043 0.23263916013253091 0.25363507608863134 0.27463099204473185 0.2956269080008323 0.31662282395693275 0.3376187399130332 0.35861465586913366 0.37961057182523417 0.40060648778133456 0.4114546578114058 0.4114546578114058 0.4114546578114058 0.4114546578114058 0.4114546578114058 0.4114546578114058 0.4114546578114058 0.4114546578114058 0.4114546578114058 0.4114546578114058 0.4114546578114058 0.4114546578114058 0.41853513083059235
0.05353048015707524 0.05353048015707524 0.05353048015707524 0.05353048015707524 0.05353048015707524 0.05353048015707524 0.05353048015707524 0.05738570563411716 0.06536225437082623 0.0733388031075353 0.08131535184424438 0.08929190058095343 0.09726844931766251 0.10524499805437157 0.11322154679108065 0.1211980955277897 0.1291746442644988 0.13715119300120784 0.14512774173791693 0.1606778058471494 0.18432412925641528 0.20797045266568118 0.23161677607494707 0.255263099484213 0.27890942289347886 0.30255574630274473 0.32620206971201066 0.3498483931212765 0.37349471653054245 0.3971410399398083 0.4207873633490742 0.43300494592399563 0.43300494592399563 0.43300494592399563 0.43300494592399563 0.43300494592399563 0.43300494592399563 0.43300494592399563 0.43300494592399563 0.43300494592399563 0.43300494592399563 0.43300494592399563 0.43300494592399563 0.4413893391279366
0.01823550283127423 0.01823550283127423 0.01823550283127423 0.01823550283127423 0.01823550283127423 0.01823550283127423 0.01823550283127423 0.023099271170326667 0.033162517906878686 0.043225764643430704 0.05328901137998272 0.06335225811653473 0.07341550485308676 0.08347875158963877 0.09354199832619078 0.10360524506274281 0.11366849179929482 0.12373173853584685 0.13379498527239886 0.15170419943006158 0.17800093029249517 0.20429766115492876 0.23059439201736232 0.2568911228797959 0.2831878537422295 0.30948458460466305 0.33578131546709666 0.3620780463295302 0.3883747771919638 0.41467150805439734 0.4409682389168309 0.45455523403660386 0.45455523403660386 0.45455523403660386 0.45455523403660386 0.45455523403660386 0.45455523403660386 0.45455523403660386 0.45455523403660386 0.45455523403660386 0.45455523403660386 0.45455523403660386 0.45455523403660386 0.46424354742530033
0.0193017120374549 0.0193017120374549 0.0193017120374549 0.0193017120374549 0.0193017120374549 0.0193017120374549 0.0193017120374549 0.02712469596913252 0.04331062671925762 0.05949655746938271 0.0756824882195078 0.0918684189696329 0.108054349719758 0.12424028046988309 0.1404262112200082 0.1566121419701333 0.17279807272025838 0.18898400347038347 0.20516993422050855 0.22718962310582294 0.25544573143873744 0.283701839771652 0.31195794810456645 0.34021405643748104 0.3684701647703955 0.39672627310331 0.4249823814362246 0.45323848976913905 0.4814945981020536 0.509750706434968 0.5380068147678826 0.5526061810553298 0.5526061810553298 0.5526061810553298 0.5526061810553298 0.5526061810553298 0.5526061810553298 0.5526061810553298 0.5526061810553298 0.5526061810553298 0.5526061810553298 0.5526061810553298 0.5526061810553298 0.5604793240104833
0.05923573749235972 0.05923573749235972 0.05923573749235972 0.05923573749235972 0.05923573749235972 0.05923573749235972 0.05923573749235972 0.0721030831982465 0.09872591258820025 0.125348741978154 0.15197157136810777 0.17859440075806152 0.20521723014801527 0.23184005953796902 0.2584628889279228 0.28508571831787655 0.3117085477078303 0.33833137709778405 0.3649542064877378 0.3929564257819478 0.42243324409533334 0.4519100624087189 0.48138688072210445 0.51086369903549 0.5403405173488756 0.5698173356622611 0.5992941539756467 0.6287709722890322 0.6582477906024178 0.6877246089158033 0.7172014272291889 0.7324315099594549 0.7324315099594549 0.7324315099594549 0.7324315099594549 0.7324315099594549 0.7324315099594549 0.7324315099594549 0.7324315099594549 0.7324315099594549 0.7324315099594549 0.7324315099594549 0.7324315099594549 0.7351553712328374
0.09916976294726454 0.09916976294726454 0.09916976294726454 0.09916976294726454 0.09916976294726454 0.09916976294726454 0.09916976294726454 0.11708147042736049 0.15414119845714291 0.19120092648692535 0.22826065451670777 0.2653203825464902 0.3023801105762727 0.3394398386060551 0.3764995666358375 0.4135592946656199 0.4506190226954023 0.4876787507251848 0.5247384787549672 0.5587232284580728 0.5894207567519294 0.6201182850457859 0.6508158133396426 0.6815133416334991 0.7122108699273557 0.7429083982212122 0.7736059265150688 0.8043034548089254 0.8350009831027819 0.8656985113966384 0.8963960396904951 0.9122568388635799 0.9122568388635799 0.9122568388635799 0.9122568388635799 0.9122568388635799 0.9122568388635799 0.9122568388635799 0.9122568388635799 0.9122568388635799 0.9122568388635799 0.9122568388635799 0.9122568388635799 0.9098314184551912
0.13910378840216936 0.13910378840216936 0.13910378840216936 0.13910378840216936 0.13910378840216936 0.13910378840216936 0.13910378840216936 0.16205985765647446 0.20955648432608556 0.25705311099569667 0.30454973766530774 0.35204636433491887 0.39954299100452995 0.447039617674141 0.49453624434375215 0.5420328710133633 0.5895294976829744 0.6370261243525854 0.6845227510221965 0.7244900311341976 0.7564082694085252 0.7883265076828528 0.8202447459571804 0.8521629842315079 0.8840812225058357 0.9159994607801631 0.9479176990544909 0.9798359373288184 1.011754175603146 1.0436724138774736 1.0755906521518013 1.0920821677677048 1.0920821677677048 1.0920821677677048 1.0920821677677048 1.0920821677677048 1.0920821677677048 1.0920821677677048 1.0920821677677048 1.0920821677677048 1.0920821677677048 1.0920821677677048 1.0920821677677048 1.084507465677545
0.17903781385707418 0.17903781385707418 0.17903781385707418 0.17903781385707418 0.17903781385707418 0.17903781385707418 0.17903781385707418 0.20703824488558847 0.2649717701950282 0.322905295504468 0.38083882081390774 0.43877234612334753 0.49670587143278727 0.5546393967422271 0.6125729220516668 0.6705064473611067 0.7284399726705464 0.7863734979799861 0.8443070232894259 0.8902568338103226 0.9233957820651213 0.9565347303199199 0.9896736785747186 1.0228126268295172 1.0559515750843158 1.0890905233391144 1.122229471593913 1.1553684198487117 1.1885073681035103 1.221646316358309 1.2547852646131075 1.27190749667183 1.27190749667183 1.27190749667183 1.27190749667183 1.27190749667183 1.27190749667183 1.27190749667183 1.27190749667183 1.27190749667183 1.27190749667183 1.27190749667183 1.27190749667183 1.2591835128998992
0.21897183931201308 0.21897183931201308 0.21897183931201308 0.21897183931201308 0.21897183931201308 0.21897183931201308 0.21897183931201308 0.2520166321147408 0.3203870560640181 0.38875748001329546 0.45712790396257275 0.5254983279118501 0.5938687518611274 0.6622391758104047 0.730609599759682 0.7989800237089593 0.8673504476582365 0.9357208716075138 1.0040912955567913 1.0560236364865887 1.0903832947218595 1.12474295295713 1.1591026111924008 1.1934622694276715 1.227821927662942 1.2621815858982128 1.2965412441334836 1.3309009023687541 1.365260560604025 1.3996202188392957 1.4339798770745662 1.4517328255761082 1.4517328255761082 1.4517328255761082 1.4517328255761082 1.4517328255761082 1.4517328255761082 1.4517328255761082 1.4517328255761082 1.4517328255761082 1.4517328255761082 1.4517328255761082 1.4517328255761082 1.4338595601224018
0.2589058647669179 0.2589058647669179 0.2589058647669179 0.2589058647669179 0.2589058647669179 0.2589058647669179 0.2589058647669179 0.2969950193438548 0.3758023419329608 0.4546096645220668 0.5334169871111728 0.6122243097002789 0.6910316322893848 0.7698389548784907 0.8486462774675968 0.9274536000567027 1.0062609226458088 1.0850682452349147 1.1638755678240207 1.2217904391627137 1.2573708073784555 1.2929511755941971 1.328531543809939 1.3641119120256806 1.3996922802414224 1.435272648457164 1.4708530166729057 1.5064333848886475 1.5420137531043894 1.577594121320131 1.6131744895358726 1.6315581544802333 1.6315581544802333 1.6315581544802333 1.6315581544802333 1.6315581544802333 1.6315581544802333 1.6315581544802333 1.6315581544802333 1.6315581544802333 1.6315581544802333 1.6315581544802333 1.6315581544802333 1.6085356073447559
