Figures/CREST_Example_wjb_NSE/Rolling_result/20100722/BJP_forecast/ens_17/wjb.rain.20100725.asc
ncols            288
nrows            254
xllcorner        113.274861
yllcorner        31.4918055
cellsize         0.008333333333
NODATA_value     -9999
[rows 180 to 199 of 254, columns 90 to 134 of 288]
13.489398715055904 13.346924357610217 13.20445000016477 13.061975642719327 12.919501285273881 12.777026927828437 12.634552570382992 12.492078212937548 12.349603855492102 11.781554242547326 10.758555058928218 9.73555587530911 8.712556691690004 7.689557508070897 6.666558324450046 5.643559140830939 4.620559957211831 3.5975607735927237 2.5745615899736176 1.5515624063545097 0.5285632227354036 0.0 0.0 0.0 0.0 0.0 0.0 0.0 0.0 0.0 0.0 0.0 0.0 0.0 0.0 0.0 0.0 0.0 0.0 0.0 0.0 0.0 0.0 0.0 0.0
13.212316964407169 13.06848300103178 12.924649037656636 12.780815074281492 12.636981110906348 12.493147147531205 12.349313184156061 12.205479220780918 12.061645257405774 11.505602944295635 10.50890058500806 9.512198225720486 8.51549586643291 7.518793507145335 6.52209114785606 5.525388788568486 4.528686429280911 3.531984069993335 2.5352817107057604 1.5385793514181856 0.5418769921306108 0.027868778826973126 0.02987152261630561 0.03187426640563809 0.03387701019497057 0.03587975398430305 0.03788249777363553 0.03988524156297143 0.04188798535230391 0.043890729141636387 0.04589347293096887 0.04789621672030135 0.04989896050963383 0.04888229700674013 0.0446378188251975 0.04039334064365487 0.03614886246211225 0.03190438428056962 0.027659906099026993 0.023415427917484365 0.0191709497359345 0.014926471554391876 0.010681993372849245 0.006437515191306621 0.002193037009763997
12.507960114357639 12.366640438534114 12.225320762710831 12.084001086887547 11.942681411064264 11.801361735240981 11.660042059417698 11.518722383594415 11.37740270777113 10.852407804530905 9.917255408024515 8.982103011518124 8.046950615011733 7.111798218505341 6.176645821997356 5.241493425490965 4.3063410289845745 3.3711886324781837 2.436036235971793 1.500883839465402 0.5657314429590112 0.0855275255863185 0.09167382003820135 0.09782011449008418 0.10396640894196701 0.11011270339384985 0.11625899784573268 0.122405292297626 0.12855158674950884 0.13469788120139167 0.1408441756532745 0.14699047010515734 0.15313676455704017 0.15001668834931414 0.13699065234944804 0.12396461634958195 0.11093858034971585 0.09791254434984975 0.08488650834998364 0.07186047235011754 0.058834436350229224 0.045808400350363127 0.03278236435049703 0.01975632835063093 0.006730292350764805
11.803603264307508 11.664797876035852 11.52599248776443 11.38718709949301 11.248381711221588 11.109576322950169 10.970770934678747 10.831965546407327 10.693160158135905 10.19921266476562 9.325610231040464 8.45200779731531 7.578405363590156 6.704802929865002 5.831200496138358 4.957598062413203 4.08399562868805 3.2103931949628954 2.336790761237742 1.4631883275125865 0.589585893787433 0.143186272345713 0.1534761174601497 0.16376596257458637 0.17405580768902307 0.18434565280345977 0.19463549791789647 0.20492534303235072 0.21521518814678742 0.22550503326122412 0.2357948783756608 0.2460847234900975 0.25637456860453417 0.25115107969197403 0.229343485873777 0.20753589205557998 0.18572829823738296 0.16392070441918594 0.14211311060098888 0.12030551678279186 0.09849792296455762 0.07669032914636059 0.05488273532816354 0.033075141509966516 0.011267547691769464
11.09924641425798 10.962955313538187 10.826664212818626 10.690373112099065 10.554082011379505 10.417790910659944 10.281499809940383 10.145208709220823 10.008917608501262 9.546017525000888 8.733965054056918 7.921912583112949 7.1098601121689775 6.297807641225008 5.485755170279653 4.673702699335683 3.8616502283917127 3.049597757447742 2.2375452865037726 1.425492815559803 0.6134403446158316 0.20084501910505825 0.2152784148820453 0.22971181065903234 0.2441452064360194 0.25857860221300644 0.2730119979899935 0.2874453937670052 0.3018787895439922 0.31631218532097927 0.3307455810979663 0.34517897687495336 0.3596123726519404 0.352285471034548 0.32169631939802745 0.29110716776150697 0.2605180161249865 0.22992886448846597 0.1993397128519455 0.16875056121542498 0.1381614095788523 0.10757225794233183 0.07698310630581129 0.046393954669290804 0.01580480303277032
10.394889564208452 10.261112751040523 10.127335937872823 9.993559124705122 9.859782311537423 9.726005498369721 9.592228685202022 9.45845187203432 9.324675058866621 8.89282238523616 8.142319877073374 7.391817368910588 6.641314860747802 5.890812352585016 5.14030984442095 4.389807336258165 3.639304828095378 2.8888023199325925 2.138299811769807 1.3877973036070204 0.6372947954442356 0.2585037658644036 0.277080712303941 0.2956576587434784 0.31423460518301577 0.33281155162255316 0.3513884980620906 0.36996544450165963 0.388542390941197 0.40711933738073447 0.42569628382027186 0.44427323025980925 0.46285017669934664 0.4534198623771219 0.41404915292227795 0.37467844346743395 0.33530773401259 0.29593702455774606 0.25656631510290206 0.21719560564805812 0.177824896193147 0.13845418673830306 0.09908347728345912 0.05971276782861512 0.020342058373771177
9.690532714158921 9.55927018854286 9.428007662927019 9.296745137311179 9.165482611695339 9.034220086079499 8.902957560463658 8.77169503484782 8.64043250923198 8.239627245471432 7.5506747000898295 6.861722154708227 6.172769609326625 5.483817063945024 4.794864518562246 4.105911973180644 3.4169594277990427 2.728006882417441 2.0390543370358385 1.3501017916542368 0.6611492462726343 0.3161625126237489 0.3388830097258366 0.36160350682792436 0.3843240039300121 0.4070445010320999 0.42976499813418756 0.4524854952363141 0.4752059923384018 0.49792648944048956 0.5206469865425774 0.543367483644665 0.5660879807467527 0.5545542537196957 0.5064019864465283 0.4582497191733609 0.4100974519001934 0.3619451846270261 0.3137929173538586 0.2656406500806912 0.21748838280744165 0.16933611553427425 0.12118384826110684 0.07303158098793938 0.024879313714772033
8.986175864109393 8.857427626045194 8.728679387981213 8.599931149917234 8.471182911853255 8.342434673789276 8.213686435725295 8.084938197661316 7.956189959597337 7.5864321057067015 6.959029523106283 6.331626940505865 5.7042243579054475 5.07682177530503 4.449419192703542 3.822016610103124 3.1946140275027055 2.567211444902288 1.93980886230187 1.3124062797014524 0.6850036971010338 0.3738212593830942 0.40068530714773226 0.42754935491237034 0.45441340267700847 0.48127745044164655 0.5081414982062846 0.5350055459709686 0.5618695937356066 0.5887336415002448 0.6155976892648829 0.6424617370295209 0.669325784794159 0.6556886450622696 0.5987548199707787 0.5418209948792878 0.484887169787797 0.4279533446963061 0.3710195196048152 0.31408569451332435 0.25715186942173635 0.20021804433024548 0.14328421923875456 0.08635039414726375 0.029416569055772834
8.281819014059865 8.15558506354753 8.02935111303541 7.903117162523291 7.776883212011172 7.650649261499052 7.524415310986933 7.398181360474814 7.271947409962694 6.933236965941972 6.367384346122738 5.801531726303504 5.2356791064842705 4.669826486665037 4.1039738668448384 3.5381212470256047 2.972268627206371 2.4064160073871372 1.8405633875679035 1.2747107677486698 0.708858147929436 0.4314800061424395 0.4624876045696279 0.4934952029968164 0.5245028014240047 0.5555103998511932 0.5865179982783817 0.617525596705623 0.6485331951328114 0.6795407935599999 0.7105483919871882 0.7415559904143767 0.7725635888415652 0.7568230364048435 0.6911076534950291 0.6253922705852147 0.5596768876754004 0.4939615047655861 0.4282461218557717 0.3625307389459574 0.296815356036031 0.23109997312621666 0.16538459021640228 0.09966920730658801 0.033953824396773635
7.577462164009734 7.453742501049266 7.330022838089009 7.2063031751287525 7.082583512168496 6.958863849208239 6.835144186247982 6.711424523287725 6.587704860327468 6.280041826176685 5.775739169138688 5.27143651210069 4.767133855062694 4.2628311980246965 3.7585285409858393 3.254225883947842 2.749923226909845 2.245620569871847 1.7413179128338507 1.2370152557958534 0.732712598757856 0.48913875290183395 0.5242899019915763 0.5594410510813186 0.5945922001710608 0.6297433492608032 0.6648944983505455 0.7000456474403477 0.7351967965300901 0.7703479456198323 0.8054990947095746 0.840650243799317 0.8758013928890592 0.8579574277475035 0.7834604870193582 0.7089635462912129 0.6344666055630677 0.5599696648349223 0.485472724106777 0.4109757833786317 0.33647884265035943 0.26198190192221404 0.18748496119406877 0.11298802046592349 0.03849107973777821
6.873105313960205 6.7518999385516025 6.630694563143206 6.509489187734809 6.388283812326413 6.267078436918016 6.1458730615096195 6.024667686101223 5.903462310692827 5.626846686411956 5.184093992155144 4.74134129789833 4.298588603641518 3.8558359093847043 3.413083215127136 2.970330520870323 2.5275778266135096 2.0848251323566966 1.6420724380998832 1.1993197438430707 0.7565670495862573 0.5467974996611793 0.5860921994134719 0.6253868991657646 0.6646815989180572 0.7039762986703499 0.7432709984226425 0.7825656981750022 0.8218603979272949 0.8611550976795875 0.9004497974318801 0.9397444971841729 0.9790391969364656 0.9590918190900773 0.8758133205436086 0.7925348219971399 0.7092563234506711 0.6259778249042024 0.5426993263577337 0.4594208278112649 0.3761423292646542 0.29286383071818534 0.2095853321717166 0.12630683362524786 0.04302833507877912
6.168748463910676 6.050057376053937 5.931366288197401 5.812675200340864 5.693984112484328 5.575293024627792 5.456601936771256 5.33791084891472 5.219219761058183 4.973651546647226 4.592448815171597 4.211246083695968 3.8300433522203394 3.4488406207447104 3.0676378892684313 2.6864351577928023 2.3052324263171733 1.9240296948415443 1.5428269633659157 1.1616242318902867 0.7804215004146577 0.6044562464205245 0.6478944968353676 0.6913327472502105 0.7347709976650536 0.7782092480798966 0.8216474984947396 0.8650857489096567 0.9085239993244998 0.9519622497393427 0.9954005001541857 1.0388387505690289 1.0822770009838718 1.0602262104326512 0.9681661540678591 0.8761060977030668 0.7840460413382746 0.6919859849734824 0.5999259286086902 0.507865872243898 0.4158058158789487 0.3237457595141565 0.23168570314936432 0.13962564678457212 0.04756559041977981
5.464391613861147 5.348214813556273 5.2320380132515965 5.115861212946921 4.999684412642245 4.883507612337569 4.767330812032894 4.6511540117282175 4.534977211423542 4.3204564068824975 4.000803638188053 3.681150869493608 3.361498100799163 3.041845332104718 2.722192563409728 2.402539794715283 2.082887026020838 1.7632342573263928 1.4435814886319482 1.1239287199375032 0.8042759512430582 0.6621149931798699 0.7096967942572633 0.7572785953346566 0.80486039641205 0.8524421974894433 0.9000239985668366 0.9476057996443111 0.9951876007217044 1.0427694017990978 1.0903512028764912 1.1379330039538844 1.1855148050312778 1.1613606017752252 1.0605189875921095 0.9596773734089937 0.8588357592258781 0.7579941450427624 0.6571525308596468 0.556310916676531 0.45546930249324336 0.3546276883101277 0.25378607412701204 0.15294445994389627 0.052102845760780614
5.092515366227733 4.98378082356221 4.875046280896873 4.766311738231535 4.657577195566198 4.548842652900861 4.440108110235523 4.331373567570186 4.222639024904849 5.777064375837468 5.777064375837468 5.777064375837468 5.777064375837468 5.777064375837468 5.777064375837468 5.777064375837468 5.777064375837468 5.777064375837468 5.777064375837468 5.777064375837468 5.777064375837468 5.777064375837468 5.777064375837468 5.777064375837468 5.777064375837468 5.777064375837468 5.777064375837468 5.777064375837468 5.777064375837468 5.777064375837468 5.777064375837468 5.777064375837468 5.777064375837468 1.2340982569177197 1.1305515730130908 1.0270048891084618 0.9234582052038329 0.8199115212992041 0.7163648373945752 0.6128181534899464 0.5092714695851409 0.40572478568051207 0.3021781017758832 0.19863141787125427 0.09508473396662542
5.07603992623807 4.980015330624187 4.883990735010468 4.787966139396749 4.691941543783031 4.595916948169312 4.499892352555593 4.403867756941874 4.3078431613281545 5.777064375837468 5.777064375837468 5.777064375837468 5.777064375837468 5.777064375837468 5.777064375837468 5.777064375837468 5.777064375837468 5.777064375837468 5.777064375837468 5.777064375837468 5.777064375837468 5.777064375837468 5.777064375837468 5.777064375837468 5.777064375837468 5.777064375837468 5.777064375837468 5.777064375837468 5.777064375837468 5.777064375837468 5.777064375837468 5.777064375837468 5.777064375837468 1.276481590916035 1.1767252200627554 1.076968849209476 0.9772124783561964 0.8774561075029168 0.7776997366496373 0.6779433657963577 0.578186994942908 0.47843062408962855 0.37867425323634896 0.27891788238306936 0.17916151152978999
5.059564486248415 4.976249837686167 4.89293518912406 4.809620540561954 4.726305891999848 4.642991243437742 4.559676594875636 4.47636194631353 4.393047297751424 5.777064375837468 5.777064375837468 5.777064375837468 5.777064375837468 5.777064375837468 5.777064375837468 5.777064375837468 5.777064375837468 5.777064375837468 5.777064375837468 5.777064375837468 5.777064375837468 5.777064375837468 5.777064375837468 5.777064375837468 5.777064375837468 5.777064375837468 5.777064375837468 5.777064375837468 5.777064375837468 5.777064375837468 5.777064375837468 5.777064375837468 5.777064375837468 1.3188649249143323 1.2228988671124004 1.1269328093104685 1.0309667515085366 0.9350006937066049 0.839034635904673 0.7430685781027411 0.6471025203006455 0.5511364624987137 0.4551704046967818 0.35920434689485004 0.26323828909291813
5.043089046258759 4.972484344748145 4.901879643237652 4.831274941727159 4.760670240216665 4.690065538706173 4.61946083719568 4.548856135685186 4.478251434174693 5.777064375837468 5.777064375837468 5.777064375837468 5.777064375837468 5.777064375837468 5.777064375837468 5.777064375837468 5.777064375837468 5.777064375837468 5.777064375837468 5.777064375837468 5.777064375837468 5.777064375837468 5.777064375837468 5.777064375837468 5.777064375837468 5.777064375837468 5.777064375837468 5.777064375837468 5.777064375837468 5.777064375837468 5.777064375837468 5.777064375837468 5.777064375837468 1.3612482589126298 1.2690725141620456 1.1768967694114614 1.0847210246608772 0.992545279910293 0.9003695351597086 0.8081937904091244 0.7160180456583831 0.6238423009077989 0.5316665561572147 0.4394908114066305 0.3473150666560463
5.026613606269096 4.968718851810122 4.910824097351248 4.852929342892373 4.795034588433498 4.737139833974624 4.6792450795157485 4.6213503250568735 4.5634555705979984 5.777064375837468 5.777064375837468 5.777064375837468 5.777064375837468 5.777064375837468 5.777064375837468 5.777064375837468 5.777064375837468 5.777064375837468 5.777064375837468 5.777064375837468 5.777064375837468 5.777064375837468 5.777064375837468 5.777064375837468 5.777064375837468 5.777064375837468 5.777064375837468 5.777064375837468 5.777064375837468 5.777064375837468 5.777064375837468 5.777064375837468 5.777064375837468 1.403631592910945 1.3152461612117101 1.2268607295124754 1.1384752978132404 1.0500898661140057 0.9617044344147707 0.8733190027155358 0.7849335710161502 0.6965481393169153 0.6081627076176804 0.5197772759184456 0.4313918442192106
5.0101381662794395 4.9649533588721 4.919768551464839 4.874583744057577 4.829398936650316 4.784214129243054 4.739029321835792 4.69384451442853 4.6486597070212685 5.777064375837468 5.777064375837468 5.777064375837468 5.777064375837468 5.777064375837468 5.777064375837468 5.777064375837468 5.777064375837468 5.777064375837468 5.777064375837468 5.777064375837468 5.777064375837468 5.777064375837468 5.777064375837468 5.777064375837468 5.777064375837468 5.777064375837468 5.777064375837468 5.777064375837468 5.777064375837468 5.777064375837468 5.777064375837468 5.777064375837468 5.777064375837468 1.4460149269092424 1.3614198082613551 1.276824689613468 1.1922295709655808 1.1076344523176935 1.0230393336698065 0.9384442150219192 0.8538490963738878 0.7692539777260006 0.6846588590781134 0.6000637404302263 0.5154686217823391
4.9936627262897835 4.96118786593408 4.92871300557843 4.896238145222782 4.863763284867133 4.831288424511484 4.798813564155835 4.766338703800186 4.733863843444538 5.777064375837468 5.777064375837468 5.777064375837468 5.777064375837468 5.777064375837468 5.777064375837468 5.777064375837468 5.777064375837468 5.777064375837468 5.777064375837468 5.777064375837468 5.777064375837468 5.777064375837468 5.777064375837468 5.777064375837468 5.777064375837468 5.777064375837468 5.777064375837468 5.777064375837468 5.777064375837468 5.777064375837468 5.777064375837468 5.777064375837468 5.777064375837468 1.4883982609075397 1.407593455311 1.3267886497144605 1.2459838441179212 1.1651790385213816 1.084374232924842 1.0035694273283027 0.9227646217316253 0.8419598161350859 0.7611550105385463 0.6803502049420068 0.5995453993454674
