Figures/CREST_Example_wjb_NSE/Rolling_result/20100722/BJP_forecast/ens_17/wjb.rain.20090809.asc
ncols            288
nrows            254
xllcorner        113.274861
yllcorner        31.4918055
cellsize         0.008333333333
NODATA_value     -9999
[rows 120 to 139 of 254, columns 45 to 89 of 288]
1.8776623301054394 1.7721605778700855 1.6666588256347319 1.561157073399378 1.4556553211640244 1.3501535689286706 1.2956429233683173 1.2956429233683173 1.2956429233683173 1.2956429233683173 1.2956429233683173 1.2956429233683173 1.2956429233683173 1.2956429233683173 1.2956429233683173 1.2956429233683173 1.2956429233683173 1.2956429233683173 1.2582015862133111 1.1807346132962317 1.10326764037902 1.0258006674619407 0.948333694544861 0.8708667216277816 0.7933997487107021 0.7159327757936226 0.6384658028765431 0.5609988299594636 0.4835318570423841 0.4060648841253046 0.37611788590146433 0.3969708148886367 0.4178237438758091 0.43867667286301715 0.45952960185018954 0.48038253083736193 0.5012354598245343 0.5220883888117068 0.5429413177988792 0.5637942467860516 0.584647175773224 0.6055001047603965 0.6162743961820748 0.6162743961820748 0.6162743961820748
1.966440477434035 1.8513497740988698 1.7362590707637047 1.6211683674285395 1.5060776640933742 1.390986960758209 1.3315218959240287 1.3315218959240287 1.3315218959240287 1.3315218959240287 1.3315218959240287 1.3315218959240287 1.3315218959240287 1.3315218959240287 1.3315218959240287 1.3315218959240287 1.3315218959240287 1.3315218959240287 1.292931510327537 1.213087130211338 1.1332427500950029 1.0533983699788037 0.9735539898626047 0.8937096097464057 0.8138652296302067 0.7340208495140076 0.6541764693978086 0.5743320892816096 0.4944877091654105 0.41464332904921153 0.3836029205405832 0.40473506097116246 0.4258672014017417 0.446999341832357 0.4681314822629362 0.4892636226935155 0.5103957631240947 0.531527903554674 0.5526600439852533 0.5737921844158325 0.5949243248464118 0.616056465276991 0.6269750196682207 0.6269750196682207 0.6269750196682207
2.10502763322233 1.9916239828700952 1.878220332517861 1.7648166821656264 1.651413031813392 1.5380093814611573 1.479415983165642 1.479415983165642 1.479415983165642 1.479415983165642 1.479415983165642 1.479415983165642 1.479415983165642 1.479415983165642 1.479415983165642 1.479415983165642 1.479415983165642 1.479415983165642 1.4350322752233227 1.3432013802183482 1.2513704852132173 1.1595395902082428 1.0677086952032684 0.975877800198294 0.8840469051933196 0.7922160101883452 0.7003851151833708 0.6085542201783964 0.516723325173422 0.4248924301684476 0.3875829813158733 0.4085581909434543 0.4295334005710353 0.450508610198652 0.471483819826233 0.492459029453814 0.513434239081395 0.5344094487089759 0.5553846583365569 0.5763598679641379 0.5973350775917189 0.6183102872192998 0.6291477586026901 0.6291477586026901 0.6291477586026901
2.243614789010625 2.131898191641321 2.0201815942720174 1.9084649969027134 1.7967483995334095 1.6850318021641058 1.627310070407255 1.627310070407255 1.627310070407255 1.627310070407255 1.627310070407255 1.627310070407255 1.627310070407255 1.627310070407255 1.627310070407255 1.627310070407255 1.627310070407255 1.627310070407255 1.577133040119108 1.4733156302253583 1.3694982203314314 1.2656808104376815 1.161863400543932 1.0580459906501822 0.9542285807564324 0.8504111708626827 0.7465937609689329 0.6427763510751832 0.5389589411814333 0.4351415312876836 0.3915630420911634 0.4123813209157461 0.4331995997403288 0.45401787856494696 0.47483615738952967 0.49565443621411237 0.5164727150386951 0.5372909938632777 0.5581092726878605 0.5789275515124432 0.5997458303370259 0.6205641091616085 0.6313204975371595 0.6313204975371595 0.6313204975371595
2.3822019447990375 2.272172400412666 2.1621428560262945 2.0521133116399226 1.942083767253551 1.8320542228671792 1.7752041576489943 1.7752041576489943 1.7752041576489943 1.7752041576489943 1.7752041576489943 1.7752041576489943 1.7752041576489943 1.7752041576489943 1.7752041576489943 1.7752041576489943 1.7752041576489943 1.7752041576489943 1.7192338050150149 1.6034298802324796 1.4876259554497466 1.3718220306672113 1.256018105884676 1.1402141811021407 1.0244102563196054 0.90860633153707 0.7928024067545347 0.6769984819719994 0.5611945571894641 0.4453906324069288 0.3955431028664569 0.41620445088804114 0.43686579890962546 0.45752714693124497 0.4781884949528293 0.4988498429744136 0.5195111909959979 0.5401725390175822 0.5608338870391665 0.5814952350607507 0.6021565830823351 0.6228179311039194 0.6334932364716308 0.6334932364716308 0.6334932364716308
2.5207891005873324 2.4124466091838914 2.3041041177804504 2.19576162637701 2.087419134973569 1.9790766435701277 1.9230982448906075 1.9230982448906075 1.9230982448906075 1.9230982448906075 1.9230982448906075 1.9230982448906075 1.9230982448906075 1.9230982448906075 1.9230982448906075 1.9230982448906075 1.9230982448906075 1.9230982448906075 1.8613345699108004 1.7335441302394896 1.605753690567961 1.4779632508966505 1.3501728112253397 1.222382371554029 1.0945919318827184 0.9668014922114075 0.8390110525400969 0.7112206128687861 0.5834301731974754 0.4556397335261648 0.3995231636417469 0.4200275808603329 0.44053199807891896 0.46103641529753997 0.481540832516126 0.502045249734712 0.5225496669532981 0.543054084171884 0.56355850139047 0.5840629186090561 0.6045673358276421 0.6250717530462282 0.6356659754061001 0.6356659754061001 0.6356659754061001
2.6593762563756274 2.552720817955117 2.446065379534607 2.3394099411140967 2.232754502693586 2.1260990642730757 2.070992332132221 2.070992332132221 2.070992332132221 2.070992332132221 2.070992332132221 2.070992332132221 2.070992332132221 2.070992332132221 2.070992332132221 2.070992332132221 2.070992332132221 2.070992332132221 2.003435334806586 1.8636583802464999 1.7238814256861756 1.5841044711260894 1.4443275165660034 1.3045505620059172 1.1647736074458312 1.0249966528857453 0.8852196983256593 0.7454427437655731 0.6056657892054871 0.4658888346454011 0.403503224417037 0.42385071083262477 0.4441981972482125 0.464545683663835 0.48489317007942273 0.5052406564950105 0.5255881429105982 0.545935629326186 0.5662831157417737 0.5866306021573615 0.6069780885729492 0.627325574988537 0.6378387143405696 0.6378387143405696 0.6378387143405696
2.797963412163922 2.6929950267263423 2.5880266412887627 2.483058255851183 2.3780898704136035 2.2731214849760244 2.218886419373834 2.218886419373834 2.218886419373834 2.218886419373834 2.218886419373834 2.218886419373834 2.218886419373834 2.218886419373834 2.218886419373834 2.218886419373834 2.218886419373834 2.218886419373834 2.1455360997023716 1.99377263025351 1.8420091608043898 1.6902456913555284 1.538482221906667 1.3867187524578055 1.234955283008944 1.0831918135600827 0.9314283441112212 0.7796648746623598 0.6279014052134984 0.4761379357646369 0.40748328519232707 0.42767384080491655 0.447864396417506 0.46805495203013 0.48824550764271946 0.5084360632553089 0.5286266188678984 0.548817174480488 0.5690077300930774 0.5891982857056669 0.6093888413182563 0.6295793969308459 0.640011453275039 0.640011453275039 0.640011453275039
2.936550567952217 2.8332692354975677 2.729987903042919 2.62670657058827 2.523425238133621 2.420143905678972 2.366780506615447 2.366780506615447 2.366780506615447 2.366780506615447 2.366780506615447 2.366780506615447 2.366780506615447 2.366780506615447 2.366780506615447 2.366780506615447 2.366780506615447 2.366780506615447 2.2876368645981566 2.12388688026052 1.960136895922604 1.7963869115849673 1.6326369272473307 1.4688869429096938 1.3051369585720571 1.1413869742344203 0.9776369898967836 0.813887005559147 0.6501370212215101 0.4863870368838734 0.4114633459676172 0.4314969707772084 0.4515305955867996 0.471564220396425 0.4915978452060162 0.5116314700156074 0.5316650948251986 0.5516987196347898 0.5717323444443809 0.5917659692539722 0.6117995940635634 0.6318332188731546 0.6421841922095084 0.6421841922095084 0.6421841922095084
3.0751377237405118 2.9735434442687936 2.8719491647970754 2.7703548853253572 2.668760605853639 2.567166326381921 2.5146745938570603 2.5146745938570603 2.5146745938570603 2.5146745938570603 2.5146745938570603 2.5146745938570603 2.5146745938570603 2.5146745938570603 2.5146745938570603 2.5146745938570603 2.5146745938570603 2.5146745938570603 2.4297376294939426 2.2540011302675307 2.0782646310408186 1.9025281318144065 1.7267916325879944 1.551055133361582 1.37531863413517 1.1995821349087579 1.0238456356823455 0.8481091364559334 0.6723726372295213 0.496636138003109 0.41544340674290725 0.43532010074950017 0.4551967947560931 0.47507348876271993 0.4949501827693129 0.5148268767759058 0.5347035707824987 0.5545802647890917 0.5744569587956846 0.5943336528022776 0.6142103468088704 0.6340870408154634 0.6443569311439779 0.6443569311439779 0.6443569311439779
3.2137248795288063 3.113817653040019 3.0139104265512313 2.914003200062444 2.8140959735736564 2.7141887470848687 2.6625686810986733 2.6625686810986733 2.6625686810986733 2.6625686810986733 2.6625686810986733 2.6625686810986733 2.6625686810986733 2.6625686810986733 2.6625686810986733 2.6625686810986733 2.6625686810986733 2.6625686810986733 2.571838394389728 2.3841153802745407 2.1963923661590328 2.0086693520438454 1.8209463379286581 1.6332233238134706 1.445500309698283 1.2577772955830955 1.070054281467908 0.8823312673527206 0.6946082532375331 0.5068852391223455 0.41942346751819737 0.439143230721792 0.45886299392538665 0.478582757129015 0.49830252033260963 0.5180222835362043 0.537742046739799 0.5574618099433937 0.5771815731469883 0.596901336350583 0.6166210995541777 0.6363408627577722 0.6465296700784473 0.6465296700784473 0.6465296700784473
3.3523120353172198 3.2540918618113643 3.155871688305509 3.0576515147996535 2.959431341293798 2.8612111677879426 2.810462768340413 2.810462768340413 2.810462768340413 2.810462768340413 2.810462768340413 2.810462768340413 2.810462768340413 2.810462768340413 2.810462768340413 2.810462768340413 2.810462768340413 2.810462768340413 2.7139391592856352 2.514229630281662 2.314520101277348 2.114810572273375 1.9151010432694022 1.715391514265429 1.515681985261456 1.3159724562574828 1.1162629272535098 0.9165533982495366 0.7168438692455634 0.5171343402415904 0.42340352829349076 0.44296636069408707 0.4625291930946833 0.48209202549531294 0.5016548578959091 0.5212176902965054 0.5407805226971016 0.560343355097698 0.5799061874982943 0.5994690198988905 0.6190318522994868 0.638594684700083 0.6487024090129185 0.6487024090129185 0.6487024090129185
3.4908991911055143 3.3943660705825893 3.297832950059665 3.2012998295367403 3.1047667090138154 3.0082335884908913 2.958356855582026 2.958356855582026 2.958356855582026 2.958356855582026 2.958356855582026 2.958356855582026 2.958356855582026 2.958356855582026 2.958356855582026 2.958356855582026 2.958356855582026 2.958356855582026 2.8560399241814203 2.644343880288672 2.432647836395563 2.220951792502814 2.0092557486100655 1.7975597047173173 1.5858636608245686 1.3741676169318202 1.1624715730390718 0.9507755291463234 0.7390794852535749 0.5273834413608265 0.4273835890687809 0.4467894906663789 0.4661953922639769 0.48560129386160794 0.5050071954592059 0.524413097056804 0.543818998654402 0.5632249002519999 0.5826308018495979 0.6020367034471958 0.6214426050447939 0.6408485066423919 0.650875147947388 0.650875147947388 0.650875147947388
3.7125010482071463 3.6055982931437263 3.498695538080306 3.3917927830168857 3.2848900279534656 3.1779872728900456 3.122752757185627 3.122752757185627 3.122752757185627 3.122752757185627 3.122752757185627 3.122752757185627 3.122752757185627 3.122752757185627 3.122752757185627 3.122752757185627 3.122752757185627 3.122752757185627 3.0156792512221635 2.7941417470387875 2.572604242855034 2.351066738671658 2.1295292344882824 1.9079917303049063 1.6864542261215305 1.4649167219381547 1.2433792177547787 1.021841713571403 0.800304209388027 0.578766705204651 0.47080471521248723 0.48425751744427137 0.4977103196760555 0.5111631219078626 0.5246159241396467 0.5380687263714309 0.551521528603215 0.5649743308349991 0.5784271330667832 0.5918799352985673 0.6053327375303514 0.6187855397621356 0.6257363336660812 0.6257363336660812 0.6257363336660812
4.022840387721562 3.8926801592151343 3.7625199307087067 3.632359702202279 3.5021994736958515 3.372039245189424 3.30478805805899 3.30478805805899 3.30478805805899 3.30478805805899 3.30478805805899 3.30478805805899 3.30478805805899 3.30478805805899 3.30478805805899 3.30478805805899 3.30478805805899 3.30478805805899 3.1940661955555285 2.9649801592215557 2.735894122887193 2.50680808655322 2.2777220502192477 2.0486360138852753 1.8195499775513027 1.5904639412173303 1.3613779048833576 1.1322918685493852 0.9032058322154128 0.67411979588144 0.5563858538491734 0.5576898179150602 0.5589937819809472 0.5602977460468362 0.5616017101127232 0.56290567417861 0.5642096382444969 0.5655136023103838 0.5668175663762707 0.5681215304421576 0.5694254945080445 0.5707294585739313 0.5714031907320327 0.5714031907320327 0.5714031907320327
4.3331797272359776 4.179762025286542 4.026344323337107 3.8729266213876716 3.719508919438237 3.5660912174888013 3.4868233589323525 3.4868233589323525 3.4868233589323525 3.4868233589323525 3.4868233589323525 3.4868233589323525 3.4868233589323525 3.4868233589323525 3.4868233589323525 3.4868233589323525 3.4868233589323525 3.4868233589323525 3.3724531398888926 3.135818571404324 2.899184002919351 2.662549434434782 2.425914865950213 2.1892802974656442 1.952645728981075 1.716011160496506 1.479376592011937 1.2427420235273678 1.006107455042799 0.7694728865582299 0.6419669924858596 0.6311221183858493 0.6202772442858389 0.6094323701858101 0.5985874960857996 0.5877426219857893 0.576897747885779 0.5660528737857686 0.5552079996857582 0.5443631255857478 0.5335182514857375 0.5226733773857271 0.5170700477979843 0.5170700477979843 0.5170700477979843
4.643519066750393 4.46684389135795 4.290168715965508 4.1134935405730655 3.9368183651806223 3.7601431897881796 3.668858659805715 3.668858659805715 3.668858659805715 3.668858659805715 3.668858659805715 3.668858659805715 3.668858659805715 3.668858659805715 3.668858659805715 3.668858659805715 3.668858659805715 3.668858659805715 3.550840084222257 3.3066569835870916 3.0624738829515095 2.818290782316344 2.5741076816811783 2.3299245810460123 2.0857414804108467 1.8415583797756814 1.5973752791405156 1.35319217850535 1.1090090778701844 0.8648259772350189 0.7275481311225458 0.7045544188566382 0.6815607065907305 0.6585669943247837 0.6355732820588761 0.6125795697929685 0.5895858575270609 0.5665921452611533 0.5435984329952457 0.520604720729338 0.4976110084634304 0.4746172961975228 0.46273690486393576 0.46273690486393576 0.46273690486393576
4.953858406265073 4.753925757429602 4.553993108594133 4.354060459758663 4.1541278109231925 3.9541951620877227 3.8508939606792327 3.8508939606792327 3.8508939606792327 3.8508939606792327 3.8508939606792327 3.8508939606792327 3.8508939606792327 3.8508939606792327 3.8508939606792327 3.8508939606792327 3.8508939606792327 3.8508939606792327 3.7292270285557736 3.477495395770005 3.225763762983807 2.9740321301980384 2.7223004974122698 2.470568864626501 2.2188372318407326 1.967105599054964 1.7153739662691954 1.4636423334834268 1.2119107006976582 0.9601790679118896 0.8131292697593049 0.7779867193274896 0.7428441688956744 0.7077016184637993 0.6725590680319841 0.6374165176001688 0.6022739671683537 0.5671314167365384 0.5319888663047232 0.49684631587290795 0.46170376544109276 0.4265612150092775 0.40840376192984096 0.40840376192984096 0.40840376192984096
5.264197745779489 5.041007623501011 4.8178175012225335 4.594627378944056 4.371437256665578 4.148247134387101 4.032929261552596 4.032929261552596 4.032929261552596 4.032929261552596 4.032929261552596 4.032929261552596 4.032929261552596 4.032929261552596 4.032929261552596 4.032929261552596 4.032929261552596 4.032929261552596 3.907613972889138 3.648333807952773 3.389053643015966 3.1297734780796005 2.8704933131432355 2.61121314820687 2.3519329832705047 2.0926528183341397 1.8333726533977743 1.5740924884614094 1.314812323525044 1.055532158588679 0.8987104083959911 0.8514190197982786 0.8041276312005662 0.756836242602773 0.7095448540050606 0.6622534654073481 0.6149620768096357 0.5676706882119231 0.5203792996142107 0.4730879110164982 0.42579652241878574 0.3785051338210733 0.3540706189957925 0.3540706189957925 0.3540706189957925
5.574537085293905 5.328089489572419 5.081641893850934 4.835194298129449 4.588746702407963 4.342299106686479 4.214964562425958 4.214964562425958 4.214964562425958 4.214964562425958 4.214964562425958 4.214964562425958 4.214964562425958 4.214964562425958 4.214964562425958 4.214964562425958 4.214964562425958 4.214964562425958 4.086000917222503 3.819172220135541 3.5523435230481244 3.2855148259611626 3.018686128874201 2.751857431787239 2.4850287347002773 2.2182000376133155 1.9513713405263533 1.6845426434393915 1.4177139463524298 1.150885249265468 0.9842915470326773 0.9248513202690676 0.8654110935054578 0.8059708667417467 0.746530639978137 0.6870904132145272 0.6276501864509174 0.5682099596873078 0.508769732923698 0.44932950616008827 0.38988927939647855 0.33044905263286883 0.299737476061744 0.299737476061744 0.299737476061744
