Figures/CREST_Example_wjb_NSE/Rolling_result/20100722/BJP_forecast/ens_17/wjb.rain.20100723.asc
ncols            288
nrows            254
xllcorner        113.274861
yllcorner        31.4918055
cellsize         0.008333333333
NODATA_value     -9999
[rows 114 to 132 of 254, columns 132 to 175 of 288]
0.5494853834616715 0.607427684654361 0.6653699858470506 0.693627288654644 0.690150656807481 0.6866740249603179 0.6831973931131549 0.6797207612659918 0.6762441294188287 0.6727674975716657 0.6692908657245026 0.6658142338773336 0.6623376020301706 0.6588609701830075 0.6553843383358444 0.6566351160314698 0.6629396014571356 0.6692440868828015 0.6755485723084672 0.681853057734133 0.6881575431597987 0.6944620285854645 0.7007665140111302 0.7070709994367961 0.7133754848624726 0.7196799702881383 0.7259844557138041 0.737531936505427 0.7546842979447964 0.7718366593841659 0.7889890208235353 0.8061413822629048 0.8232937437022742 0.8404461051416435 0.857598466581013 0.8747508280203824 0.8919031894597518 0.9090555508991505 0.92620791233852 0.9321425923867388 0.9260853172501098 0.9200280421134808 0.9139707669768518 0.9079134918402229
0.5124690969713527 0.5665080935713979 0.6205470901714429 0.6452958592427626 0.6387327126332581 0.6321695660237537 0.6256064194142493 0.6190432728047449 0.6124801261952405 0.6059169795857361 0.5993538329762317 0.5927906863667161 0.5862275397572116 0.5796643931477072 0.5731012465382028 0.5716284736651613 0.5755974254550488 0.5795663772449361 0.5835353290348235 0.5875042808247108 0.5914732326145983 0.5954421844044856 0.599411136194373 0.6033800879842603 0.6073490397741546 0.6113179915640419 0.6152869433539293 0.6254703881918829 0.6422972666759584 0.659124145160034 0.6759510236441096 0.6927779021281852 0.7096047806122608 0.7264316590963363 0.7432585375804119 0.7600854160644875 0.7769122945485631 0.7937391730326674 0.810566051516743 0.817253402691256 0.8131013697852284 0.8089493368792007 0.8047973039731731 0.8006452710671454
0.47545281048103416 0.5255885024884348 0.5757241944958355 0.5969644298308812 0.5873147684590354 0.5776651070871897 0.5680154457153438 0.558365784343498 0.5487161229716523 0.5390664615998064 0.5294168002279607 0.5197671388560984 0.5101174774842526 0.5004678161124069 0.49081815474056106 0.4866218312988527 0.4882552494529617 0.4898886676070707 0.49152208576117973 0.49315550391528873 0.49478892206939773 0.49642234022350673 0.49805575837761573 0.49968917653172473 0.5013225946858365 0.5029560128399455 0.5045894309940545 0.5134088398783387 0.5299102354071205 0.5464116309359022 0.562913026464684 0.5794144219934657 0.5959158175222474 0.6124172130510291 0.6289186085798109 0.6454200041085926 0.6619213996373743 0.6784227951661842 0.6949241906949659 0.7023642129957731 0.7001174223203469 0.6978706316449206 0.6956238409694943 0.693377050294068
0.4384365239907154 0.4846689114054717 0.530901298820228 0.5486330004189998 0.5358968242848126 0.5231606481506255 0.5104244720164383 0.49768829588225116 0.48495211974806396 0.4722159436138768 0.45947976747968966 0.4467435913454808 0.43400741521129366 0.4212712390771065 0.4085350629429193 0.40161518893254416 0.4009130734508748 0.4002109579692054 0.399508842487536 0.3988067270058666 0.39810461152419724 0.39740249604252786 0.3967003805608585 0.3959982650791891 0.3952961495975185 0.39459403411584915 0.39389191863417977 0.4013472915647947 0.4175232041382826 0.43369911671177047 0.44987502928525835 0.46605094185874624 0.4822268544322341 0.49840276700572195 0.5145786795792099 0.5307545921526977 0.5469305047261857 0.5631064172997011 0.579282329873189 0.5874750233002903 0.5871334748554654 0.5867919264106405 0.5864503779658156 0.5861088295209906
0.40142023750036515 0.4437493203224736 0.48607840314458206 0.5003015710070771 0.4844788801105459 0.46865618921401475 0.45283349831748365 0.4370108074209525 0.42118811652442134 0.4053654256278902 0.38954273473135903 0.37372004383480095 0.3578973529382698 0.34207466204173864 0.32625197114520754 0.3166085465661631 0.31357089744871336 0.3105332483312636 0.30749559921381386 0.3044579500963641 0.30142030097891437 0.29838265186146457 0.2953450027440148 0.29230735362656507 0.28926970450911016 0.2862320553916604 0.2831944062742106 0.2892857432511551 0.3051361728693488 0.32098660248754257 0.33683703210573634 0.35268746172393006 0.36853789134212384 0.38438832096031755 0.4002387505785113 0.41608918019670504 0.4319396098148988 0.44779003943311957 0.46364046905131334 0.47258583360470957 0.4741495273904876 0.47571322117626563 0.4772769149620437 0.47884060874782175
0.3644039510100464 0.40282972923951044 0.44125550746897446 0.45197014159519566 0.43306093593632317 0.41415173027745067 0.3952425246185781 0.3763333189597056 0.3574241133008331 0.33851490764196057 0.31960570198308813 0.3006964963241833 0.28178729066531083 0.2628780850064383 0.2439688793475658 0.23160190419985455 0.2262287214466264 0.22085553869339827 0.21548235594017012 0.210109173186942 0.20473599043371385 0.1993628076804857 0.19398962492725758 0.18861644217402943 0.18324325942079212 0.177870076667564 0.17249689391433584 0.17722419493761093 0.19274914160051085 0.20827408826341076 0.22379903492631065 0.2393239815892106 0.2548489282521105 0.2703738749150104 0.2858988215779103 0.3014237682408102 0.3169487149037101 0.3324736615666365 0.34799860822953643 0.3576966439092268 0.3611655799256062 0.3646345159419856 0.36810345195836497 0.37157238797474434
0.3273876645197278 0.3619101381565474 0.396432611793367 0.40363871218331426 0.38164299176210037 0.35964727134088653 0.33765155091967264 0.31565583049845874 0.2936601100772449 0.271664389656031 0.24966866923481715 0.22767294881356576 0.2056772283923519 0.183681507971138 0.16168578754992413 0.14659526183354596 0.13888654544453943 0.1311778290555329 0.12346911266652638 0.11576039627751986 0.10805167988851333 0.10034296349950682 0.09263424711050029 0.08492553072149378 0.07721681433247411 0.06950809794346759 0.06179938155446106 0.06516264662406683 0.0803621103316729 0.09556157403927895 0.110761037746885 0.1259605014544911 0.14115996516209714 0.1563594288697032 0.17155889257730925 0.18675835628491533 0.20195781999252138 0.21715728370015336 0.23235674740775944 0.242807454213744 0.24818163246072475 0.2535558107077055 0.2589299889546862 0.264304167201667
0.31980410163220674 0.3529983972900918 0.3861926929479768 0.391635191386359 0.3674103909389203 0.3431855904914817 0.318960790044043 0.2947359895966043 0.2705111891491656 0.2462863887017269 0.2220615882542882 0.19783678780680822 0.17361198735936953 0.14938718691193087 0.12516238646449218 0.10898208829128303 0.10140154500701047 0.09382100172273791 0.08624045843846535 0.0786599151541928 0.07107937186992022 0.06349882858564768 0.05591828530137511 0.048337742017102545 0.04075719873281705 0.03317665544854449 0.025596112164271934 0.027778531663484336 0.04039777922573934 0.05301702678799434 0.06563627435024935 0.07825552191250434 0.09087476947475935 0.10349401703701436 0.11611326459926936 0.12873251216152437 0.14135175972377936 0.1539710072860559 0.1665902548483109 0.17605979383502116 0.18216222309858845 0.18826465236215573 0.194367081625723 0.20046951088929027
0.34368226476095853 0.3783010304473143 0.41291979613367 0.4184639146933223 0.39292657789766117 0.367389241102 0.3418519043063388 0.31631456751067766 0.2907772307150165 0.2652398939193554 0.2397025571236942 0.21416522032798951 0.18862788353232834 0.16309054673666717 0.13755320994100606 0.1220295451149153 0.11721072212253122 0.11239189913014713 0.10757307613776304 0.10275425314537896 0.09793543015299487 0.09311660716061079 0.0882977841682267 0.08347896117584261 0.0786601381834503 0.07384131519106622 0.06902249219868213 0.07021988509842698 0.07784874887937916 0.08547761266033133 0.09310647644128349 0.10073534022223565 0.10836420400318783 0.11599306778414 0.12362193156509216 0.13125079534604434 0.1388796591269965 0.14650852290796168 0.15413738668891386 0.16077239332923438 0.16634494420218052 0.1719174950751267 0.17749004594807283 0.183062596821019
0.36756042788971033 0.4036036636045368 0.43964689931936324 0.4452926380002855 0.41844276485640186 0.39159289171251827 0.36474301856863467 0.337893145424751 0.31104327228086737 0.28419339913698377 0.2573435259931002 0.23049365284917073 0.20364377970528713 0.17679390656140348 0.14994403341751988 0.13507700193854758 0.13301989923805196 0.13096279653755635 0.12890569383706074 0.12684859113656513 0.12479148843606952 0.12273438573557391 0.1206772830350783 0.11862018033458269 0.11656307763408356 0.11450597493358795 0.11244887223309233 0.11266123853336965 0.11529971853301897 0.1179381985326683 0.12057667853231764 0.12321515853196696 0.1258536385316163 0.12849211853126563 0.13113059853091497 0.1337690785305643 0.13640755853021364 0.13904603852986747 0.1416845185295168 0.14548499282344754 0.15052766530577258 0.15557033778809762 0.16061301027042266 0.16565568275274772
0.3914385910184825 0.4289062967617809 0.46637400250507927 0.4721213613072716 0.4439589518151644 0.4157965423230572 0.38763413283095 0.35947172333884275 0.33130931384673556 0.3031469043546283 0.2749844948625211 0.24682208537036587 0.21865967587825869 0.19049726638615144 0.16233485689404425 0.14812445876219096 0.14882907635358616 0.1495336939449814 0.15023831153637662 0.15094292912777182 0.15164754671916705 0.15235216431056225 0.15305678190195748 0.1537613994933527 0.15446601708474914 0.15517063467614434 0.15587525226753957 0.1551025919683485 0.15275068818669074 0.15039878440503296 0.1480468806233752 0.14569497684171745 0.1433430730600597 0.14099116927840194 0.13863926549674419 0.1362873617150864 0.13393545793342865 0.13158355415176687 0.1292316503701091 0.1301975923176477 0.13471038640935115 0.13922318050105464 0.1437359745927581 0.14824876868446157
0.41531675414723435 0.4542089299190035 0.4931011056907726 0.4989500846142349 0.46947513877390523 0.4400001929335755 0.41052524709324584 0.38105030125291617 0.35157535541258644 0.32210040957225683 0.2926254637319271 0.26315051789154714 0.23367557205121747 0.2042006262108878 0.17472568037055813 0.16117191558582325 0.16463825346910693 0.16810459135239061 0.1715709292356743 0.175037267118958 0.1785036050022417 0.18196994288552537 0.18543628076880905 0.18890261865209274 0.19236895653538233 0.19583529441866604 0.19930163230194972 0.1975439454032911 0.1902016578403305 0.1828593702773699 0.1755170827144093 0.16817479515144873 0.16083250758848813 0.15349022002552754 0.14614793246256694 0.13880564489960634 0.13146335733664577 0.12412106977367265 0.11677878221071206 0.11491019181186085 0.11889310751294321 0.12287602321402556 0.1268589389151079 0.13084185461619027
0.4391949172759862 0.479511563076226 0.5198282088764657 0.5257788079211981 0.49499132573264604 0.46420384354409383 0.4334163613555417 0.40262887916698953 0.3718413969784374 0.3410539147898852 0.310266432601333 0.2794789504127284 0.2486914682241762 0.21790398603562405 0.1871165038470719 0.17421937240945548 0.18044743058462764 0.18667548875979983 0.19290354693497197 0.19913160511014416 0.2053596632853163 0.2115877214604885 0.21781577963566065 0.2240438378108328 0.23027189598601558 0.23649995416118774 0.24272801233635993 0.23998529883823375 0.2276526274939703 0.2153199561497069 0.20298728480544345 0.19065461346118004 0.1783219421169166 0.16598927077265319 0.15365659942838975 0.1413239280841263 0.1289912567398629 0.11665858539557841 0.104325914051315 0.09962279130607403 0.10307582861653528 0.10652886592699651 0.10998190323745775 0.11343494054791899
0.463073080404738 0.5048141962334486 0.546555312062159 0.5526075312281614 0.5205075126913868 0.48840749415461215 0.4563074756178376 0.4242074570810629 0.3921074385442883 0.3600074200075136 0.32790740147073905 0.2958073829339096 0.263707364397135 0.23160734586036036 0.19950732732358573 0.18726682923308777 0.1962566077001484 0.20524638616720903 0.21423616463426967 0.22322594310133032 0.23221572156839096 0.2412055000354516 0.2501952785025122 0.25918505696957284 0.26817483543664883 0.2771646139037095 0.2861543923707701 0.2824266522731764 0.2651035971476101 0.24778054202204386 0.2304574868964776 0.21313443177091135 0.19581137664534506 0.17848832151977878 0.16116526639421253 0.14384221126864627 0.12651915614308 0.1091961010174842 0.09187304589191791 0.08433539080028722 0.08725854972012734 0.09018170863996747 0.09310486755980758 0.09602802647964771
0.48695124353348973 0.530116829390671 0.5732824152478522 0.5794362545351246 0.5460236996501275 0.5126111447651305 0.47919858988013336 0.44578603499513625 0.4123734801101392 0.3789609252251421 0.34554837034014496 0.3121358154550909 0.27872326057009383 0.24531070568509672 0.21189815080009966 0.20031428605672003 0.21206578481566915 0.22381728357461825 0.23556878233356737 0.24732028109251647 0.25907177985146557 0.27082327861041466 0.28257477736936376 0.2943262761283129 0.30607777488728205 0.31782927364623115 0.32958077240518024 0.324868005708119 0.3025545668012499 0.2802411278943808 0.2579276889875117 0.2356142500806426 0.2133008111737735 0.1909873722669044 0.1686739333600353 0.1463604944531662 0.12404705554629711 0.10173361663938996 0.07942017773252086 0.06904799029450039 0.0714412708237194 0.0738345513529384 0.0762278318821574 0.07862111241137641
0.5108294066622416 0.5554194625478935 0.6000095184335456 0.6062649778420879 0.5715398866088683 0.5368147953756488 0.5020897041424291 0.4673646129092096 0.43263952167599007 0.3979144304427705 0.36318933920955093 0.3284642479762721 0.29373915674305257 0.25901406550983297 0.22428897427661343 0.21336174288035228 0.22787496193118986 0.24238818098202744 0.25690140003286505 0.2714146190837026 0.2859278381345402 0.3004410571853778 0.31495427623621536 0.329467495287053 0.3439807143379153 0.3584939333887529 0.3730071524395905 0.3673093591430617 0.34000553645488973 0.3127017137667178 0.28539789107854585 0.2580940683903739 0.230790245702202 0.20348642301403005 0.1761826003258581 0.1488787776376862 0.12157495494951426 0.09427113226129574 0.0669673095731238 0.05376058978871357 0.05562399192731146 0.057487394065909345 0.059350796204507235 0.061214198343105125
0.5347075697909934 0.5807220957051161 0.6267366216192387 0.6330937011490512 0.5970560735676091 0.5610184459861671 0.5249808184047251 0.48894319082328297 0.45290556324184095 0.4168679356603989 0.38083030807895685 0.3447926804974534 0.3087550529160113 0.2727174253345693 0.2366797977531272 0.22640919970398454 0.2436841390467106 0.26095907838943666 0.2782340177321627 0.2955089570748888 0.31278389641761484 0.3300588357603409 0.34733377510306696 0.364608714445793 0.3818836537885485 0.39915859313127455 0.4164335324740006 0.40975071257800433 0.37745650610852954 0.34516229963905476 0.31286809316958 0.2805738867001052 0.24827968023063046 0.21598547376115568 0.18369126729168092 0.15139706082220616 0.11910285435273138 0.08680864788320153 0.054514441413726744 0.03847318928292675 0.03980671303090352 0.0411402367788803 0.042473760526857064 0.04380728427483384
0.5585857329197657 0.6060247288623603 0.6534637248049548 0.6599224244560373 0.6225722605263717 0.5852220965967061 0.5478719326670405 0.5105217687373749 0.47317160480770915 0.43582144087804353 0.3984712769483779 0.3611211130186486 0.32377094908898296 0.28642078515931735 0.24907062122965168 0.23945665652762796 0.25949331616224486 0.27952997579686173 0.2995666354314786 0.31960329506609547 0.3396399547007124 0.35967661433532927 0.37971327396994614 0.399749933604563 0.4197865932392141 0.43982325287383095 0.4598599125084478 0.4521920660129831 0.41490747576220127 0.3776228855114194 0.3403382952606375 0.3030537050098557 0.26576911475907383 0.22848452450829196 0.19119993425751008 0.15391534400672824 0.11663075375594639 0.07934616350510093 0.042061573254319085 0.023185788777126893 0.023989434134482096 0.0247930794918373 0.025596724849192502 0.026400370206547705
0.5824638960485174 0.6313273620195827 0.6801908279906481 0.6867511477630006 0.6480884474851125 0.6094257472072244 0.5707630469293363 0.5321003466514482 0.49343764637356013 0.454774946095672 0.4161122458177839 0.37744954553982984 0.33878684526194175 0.30012414498405365 0.26146144470616556 0.2525041133512602 0.27530249327776557 0.2981008732042709 0.3208992531307763 0.3436976330572816 0.366496012983787 0.38929439291029233 0.4120927728367977 0.43489115276330303 0.4576895326898473 0.48048791261635265 0.503286292542858 0.49463341944792577 0.4523584454158411 0.4100834713837564 0.36780849735167165 0.32553352331958696 0.28325854928750227 0.24098357525541758 0.1987086012233329 0.1564336271912482 0.11415865315916351 0.07188367912700672 0.029608705094922028 0.007898388271340073 0.008172155238074158 0.008445922204808245 0.00871968917154233 0.008993456138276415
