Figures/CREST_Example_wjb_NSE/Rolling_result/20100722/BJP_forecast/ens_17/wjb.rain.20100722.asc
ncols            288
nrows            254
xllcorner        113.274861
yllcorner        31.4918055
cellsize         0.008333333333
NODATA_value     -9999
[rows 220 to 239 of 254, columns 135 to 179 of 288]
4.050710432550479 3.946343216019181 3.8419759994878833 3.737608782956586 3.6332415664252884 3.528874349893991 3.4245071333626935 3.320139916831396 3.2157727002999206 3.111405483768623 3.0070382672373253 2.902671050706028 2.825759611505312 2.7781990192904438 2.7306384270755757 2.683077834860708 2.63551724264584 2.587956650430972 2.5403960582161043 2.492835466001236 2.445274873786368 2.397714281571419 2.350153689356551 2.302593097141683 2.3225470996213877 2.41467573107389 2.5068043625263927 2.598932993978895 2.691061625431398 2.7831902568839006 2.875318888336403 2.9674475197889056 3.059576151241408 3.151704782693911 3.2438334141465703 3.3359620455990733 3.351686372094928 3.285732768096843 3.2197791640987576 3.1538255601006724 3.087871956102587 3.021918352104502 2.9559647481064166 2.890011144108331 2.824057540110246
3.9347178819944113 3.8529211506773637 3.771124419360316 3.6893276880432686 3.607530956726221 3.5257342254091735 3.443937494092126 3.3621407627750783 3.280344031457891 3.1985473001408433 3.1167505688237958 3.034953837506748 2.9698704009280794 2.9226538544610645 2.8754373079940496 2.8282207615270347 2.78100421506002 2.733787668593005 2.68657112212599 2.639354575658975 2.5921380291919602 2.5449214827248645 2.4977049362578496 2.4504883897908347 2.478292568854818 2.586295600551552 2.6942986322482856 2.8023016639450193 2.910304695641753 3.018307727338487 3.1263107590352206 3.2343137907319544 3.342316822428688 3.4503198541254223 3.55832288582234 3.6663259175190737 3.6846592345856775 3.6071335981139043 3.5296079616421316 3.4520823251703585 3.3745566886985854 3.2970310522268123 3.219505415755039 3.1419797792832664 3.0644541428114933
3.8187253314383436 3.759499085335546 3.7002728392327486 3.6410465931299507 3.5818203470271532 3.5225941009243558 3.463367854821558 3.4041416087187604 3.3449153626158616 3.285689116513064 3.2264628704102662 3.1672366243074688 3.1139811903508474 3.0671086896316857 3.0202361889125235 2.973363688193362 2.9264911874742 2.879618686755038 2.8327461860358762 2.7858736853167145 2.7390011845975524 2.6921286838783107 2.645256183159149 2.5983836824399873 2.634038038088249 2.757915470029214 2.881792901970179 3.005670333911144 3.1295477658521085 3.2534251977930735 3.3773026297340385 3.5011800616750035 3.6250574936159685 3.7489349255569335 3.8728123574981095 3.9966897894390745 4.017632097076427 3.928534428130966 3.839436759185505 3.7503390902400446 3.661241421294584 3.572143752349123 3.4830460834036625 3.393948414458202 3.3048507455127414
3.7027327808822275 3.6660770199936894 3.6294212591051513 3.5927654982166133 3.5561097373280752 3.519453976439537 3.482798215550999 3.446142454662461 3.4094866937738604 3.3728309328853223 3.3361751719967843 3.299519411108246 3.258091979773677 3.211563524802368 3.1650350698310596 3.118506614859751 3.071978159888442 3.0254497049171336 2.9789212499458246 2.932392794974516 2.8858643400032076 2.8393358850318196 2.7928074300605106 2.746278975089202 2.789783507321746 2.9295353395069488 3.0692871716921517 3.2090390038773546 3.3487908360625576 3.4885426682477605 3.6282945004329634 3.7680463326181663 3.9077981648033693 4.047549996988572 4.187301829174014 4.3270536613592165 4.350604959567319 4.249935258148165 4.149265556729011 4.048595855309858 3.9479261538907044 3.847256452471551 3.746586751052398 3.6459170496332445 3.545247348214091
3.58674023032616 3.5726549546518718 3.558569678977584 3.544484403303296 3.5303991276290074 3.5163138519547195 3.502228576280431 3.488143300606143 3.474058024931831 3.4599727492575427 3.4458874735832548 3.431802197908967 3.4022027691964447 3.356018359972989 3.3098339507495336 3.263649541526078 3.217465132302622 3.1712807230791666 3.125096313855711 3.078911904632255 3.0327274954087997 2.9865430861852653 2.9403586769618095 2.8941742677383537 2.9455289765551766 3.101155208984611 3.2567814414140446 3.4124076738434788 3.568033906272913 3.723660138702347 3.879286371131781 4.0349126035612155 4.190538835990649 4.346165068420083 4.501791300849783 4.657417533279217 4.6835778220580675 4.571336088165227 4.459094354272385 4.346852620379544 4.234610886486704 4.122369152593862 4.010127418701021 3.89788568480818 3.785643950915339
3.4707476797700925 3.4792328893100546 3.4877180988500163 3.496203308389978 3.50468851792994 3.5131737274699018 3.5216589370098634 3.5301441465498256 3.5386293560898014 3.5471145656297636 3.5555997751697253 3.564084984709687 3.5463135586192127 3.50047319514361 3.4546328316680075 3.408792468192405 3.3629521047168023 3.3171117412411997 3.271271377765597 3.2254310142899945 3.179590650814392 3.133750287338711 3.0879099238631085 3.042069560387506 3.101274445788607 3.2727750784622724 3.444275711135938 3.615776343809603 3.7872769764832683 3.9587776091569333 4.130278241830599 4.301778874504264 4.47327950717793 4.644780139851594 4.816280772525552 4.987781405199217 5.016550684548817 4.892736918182288 4.768923151815759 4.6451093854492305 4.521295619082702 4.397481852716172 4.273668086349644 4.149854319983115 4.026040553616586
3.354755129213976 3.385810823968197 3.4168665187224185 3.44792221347664 3.478977908230861 3.5100336029850827 3.541089297739304 3.5721449924935254 3.6032006872477997 3.6342563820020213 3.6653120767562424 3.696367771510464 3.6904243480420416 3.6449280303142926 3.599431712586543 3.5539353948587937 3.5084390771310443 3.462942759403295 3.4174464416755455 3.371950123947796 3.3264538062200466 3.28095748849222 3.2354611707644705 3.189964853036721 3.257019915022104 3.4443949479400073 3.6317699808579107 3.819145013775814 4.006520046693717 4.193895079611621 4.381270112529524 4.568645145447427 4.756020178365331 4.943395211283233 5.130770244201456 5.31814527711936 5.349523547039708 5.214137748199487 5.078751949359265 4.9433661505190445 4.807980351678823 4.672594552838601 4.53720875399838 4.401822955158158 4.266437156317936
3.2387625786579086 3.29238875862638 3.346014938594851 3.399641118563322 3.453267298531794 3.506893478500265 3.560519658468736 3.6141458384372074 3.6677720184057705 3.7213981983742417 3.775024378342713 3.8286505583111845 3.8345351374648096 3.7893828654849133 3.744230593505017 3.699078321525121 3.653926049545224 3.608773777565328 3.5636215055854317 3.5184692336055354 3.473316961625639 3.4281646896456657 3.3830124176657694 3.337860145685873 3.412765384255535 3.6160148174176694 3.819264250579804 4.022513683741939 4.225763116904073 4.429012550066207 4.632261983228341 4.835511416390476 5.03876084955261 5.242010282714745 5.445259715877226 5.64850914903936 5.682496409530458 5.535538578216548 5.388580746902639 5.24162291558873 5.094665084274821 4.947707252960912 4.800749421647002 4.6537915903330935 4.506833759019184
3.122770028101841 3.198966693284562 3.2751633584672835 3.3513600236500047 3.427556688832726 3.5037533540154473 3.5799500191981686 3.65614668438089 3.732343349563741 3.8085400147464625 3.8847366799291834 3.9609333451119046 3.9786459268875776 3.933837700655534 3.889029474423491 3.8442212481914475 3.7994130219594044 3.754604795727361 3.709796569495318 3.664988343263275 3.6201801170312313 3.575371890799112 3.5305636645670684 3.4857554383350253 3.5685108534889656 3.7876346868953314 4.006758520301697 4.225882353708062 4.445006187114428 4.664130020520794 4.88325385392716 5.102377687333525 5.321501520739891 5.540625354146256 5.759749187552996 5.978873020959361 6.015469272021207 5.85693940823361 5.698409544446013 5.539879680658416 5.381349816870819 5.222819953083222 5.064290089295625 4.905760225508028 4.7472303617204314
3.0549968623214228 3.1421297479868944 3.229262633652366 3.3163955193178376 3.403528404983309 3.490661290648781 3.5777941763142525 3.664927061979724 3.7520599476453445 3.8391928333108156 3.9263257189762877 4.013458604641759 4.0368556342066935 3.9921175919652563 3.947379549723819 3.902641507482382 3.8579034652409447 3.813165422999507 3.76842738075807 3.7236893385166328 3.6789512962751956 3.634213254033682 3.589475211792245 3.5447371695508076 7.190258809484469 7.190258809484469 7.190258809484469 7.190258809484469 7.190258809484469 7.190258809484469 7.190258809484469 7.190258809484469 7.190258809484469 7.190258809484469 7.190258809484469 7.190258809484469 7.190258809484469 7.190258809484469 7.190258809484469 7.190258809484469 7.190258809484469 7.190258809484469 7.190258809484469 7.190258809484469 7.190258809484469
3.038767179883016 3.1243999902722854 3.2100328006615544 3.295665611050824 3.3812984214400927 3.466931231829362 3.552564042218631 3.6381968526079005 3.7238296629973155 3.809462473386585 3.895095283775854 3.980728094165123 4.003242498595062 3.958281899385624 3.9133213001761855 3.868360700966747 3.8234001017573083 3.7784395025478696 3.733478903338431 3.6885183041289924 3.643557704919554 3.5985971057100388 3.5536365065006 3.5086759072911615 7.190258809484469 7.190258809484469 7.190258809484469 7.190258809484469 7.190258809484469 7.190258809484469 7.190258809484469 7.190258809484469 7.190258809484469 7.190258809484469 7.190258809484469 7.190258809484469 7.190258809484469 7.190258809484469 7.190258809484469 7.190258809484469 7.190258809484469 7.190258809484469 7.190258809484469 7.190258809484469 7.190258809484469
3.0225374974446164 3.1066702325576836 3.1908029676707512 3.2749357027838184 3.359068437896886 3.443201173009953 3.527333908123021 3.611466643236088 3.695599378349299 3.7797321134623667 3.863864848575434 3.947997583688501 3.9696293629834467 3.9244462068060066 3.879263050628567 3.834079894451127 3.788896738273687 3.7437135820962473 3.698530425918807 3.6533472697413676 3.6081641135639275 3.5629809573864106 3.5177978012089706 3.472614645031531 7.190258809484469 7.190258809484469 7.190258809484469 7.190258809484469 7.190258809484469 7.190258809484469 7.190258809484469 7.190258809484469 7.190258809484469 7.190258809484469 7.190258809484469 7.190258809484469 7.190258809484469 7.190258809484469 7.190258809484469 7.190258809484469 7.190258809484469 7.190258809484469 7.190258809484469 7.190258809484469 7.190258809484469
3.0063078150062164 3.088940474843082 3.1715731346799476 3.2542057945168135 3.336838454353679 3.4194711141905447 3.50210377402741 3.584736433864276 3.667369093701282 3.750001753538148 3.832634413375014 3.9152670732118793 3.93601622737183 3.8906105142263887 3.8452048010809476 3.7997990879355066 3.7543933747900655 3.708987661644624 3.663581948499183 3.618176235353742 3.572770522208301 3.527364809062782 3.481959095917341 3.4365533827718995 7.190258809484469 7.190258809484469 7.190258809484469 7.190258809484469 7.190258809484469 7.190258809484469 7.190258809484469 7.190258809484469 7.190258809484469 7.190258809484469 7.190258809484469 7.190258809484469 7.190258809484469 7.190258809484469 7.190258809484469 7.190258809484469 7.190258809484469 7.190258809484469 7.190258809484469 7.190258809484469 7.190258809484469
2.99007813256781 3.0712107171284733 3.1523433016891365 3.2334758862497996 3.314608470810463 3.395741055371126 3.476873639931789 3.5580062244924524 3.6391388090532537 3.720271393613917 3.80140397817458 3.8825365627352433 3.902403091760199 3.8567748216467566 3.811146551533314 3.7655182814198715 3.719890011306429 3.6742617411929865 3.628633471079544 3.5830052009661015 3.537376930852659 3.4917486607391384 3.446120390625696 3.4004921205122534 7.190258809484469 7.190258809484469 7.190258809484469 7.190258809484469 7.190258809484469 7.190258809484469 7.190258809484469 7.190258809484469 7.190258809484469 7.190258809484469 7.190258809484469 7.190258809484469 7.190258809484469 7.190258809484469 7.190258809484469 7.190258809484469 7.190258809484469 7.190258809484469 7.190258809484469 7.190258809484469 7.190258809484469
2.9738484501294105 3.0534809594138714 3.133113468698333 3.2127459779827943 3.2923784872672557 3.372010996551717 3.4516435058361785 3.53127601512064 3.610908524405237 3.690541033689698 3.7701735429741596 3.849806052258621 3.8687899561485826 3.822939129067139 3.777088301985695 3.731237474904251 3.6853866478228072 3.6395358207413637 3.59368499365992 3.547834166578476 3.501983339497032 3.4561325124155102 3.4102816853340663 3.3644308582526223 7.190258809484469 7.190258809484469 7.190258809484469 7.190258809484469 7.190258809484469 7.190258809484469 7.190258809484469 7.190258809484469 7.190258809484469 7.190258809484469 7.190258809484469 7.190258809484469 7.190258809484469 7.190258809484469 7.190258809484469 7.190258809484469 7.190258809484469 7.190258809484469 7.190258809484469 7.190258809484469 7.190258809484469
2.9576187676910104 3.03575120169927 3.1138836357075297 3.1920160697157893 3.270148503724049 3.348280937732308 3.426413371740568 3.5045458057488275 3.5826782397572203 3.66081067376548 3.738943107773739 3.817075541781999 3.835176820536966 3.789103436487521 3.7430300524380757 3.696956668388631 3.650883284339186 3.6048099002897405 3.5587365162402955 3.51266313219085 3.466589748141405 3.420516364091881 3.3744429800424363 3.3283695959929913 7.190258809484469 7.190258809484469 7.190258809484469 7.190258809484469 7.190258809484469 7.190258809484469 7.190258809484469 7.190258809484469 7.190258809484469 7.190258809484469 7.190258809484469 7.190258809484469 7.190258809484469 7.190258809484469 7.190258809484469 7.190258809484469 7.190258809484469 7.190258809484469 7.190258809484469 7.190258809484469 7.190258809484469
2.9413890852526037 3.0180214439846607 3.094653802716718 3.171286161448775 3.247918520180832 3.3245508789128895 3.4011832376449465 3.4778155963770034 3.5544479551091914 3.6310803138412484 3.7077126725733054 3.784345031305363 3.801563684925335 3.7552677439078885 3.708971802890442 3.6626758618729958 3.616379920855549 3.5700839798381026 3.523788038820656 3.47749209780321 3.4311961567857634 3.384900215768238 3.3386042747507916 3.292308333733345 7.190258809484469 7.190258809484469 7.190258809484469 7.190258809484469 7.190258809484469 7.190258809484469 7.190258809484469 -9999.0 -9999.0 -9999.0 -9999.0 -9999.0 7.190258809484469 7.190258809484469 7.190258809484469 7.190258809484469 7.190258809484469 7.190258809484469 7.190258809484469 7.190258809484469 7.190258809484469
2.9251594028142045 3.0002916862700597 3.075423969725915 3.15055625318177 3.2256885366376253 3.3008208200934805 3.3759531035493358 3.4510853870051914 3.5262176704611745 3.6013499539170297 3.676482237372885 3.7516145208287406 3.7679505493137184 3.7214320513282706 3.674913553342823 3.6283950553573754 3.5818765573719276 3.5353580593864797 3.4888395614010324 3.4423210634155845 3.3958025654301367 3.34928406744461 3.302765569459162 3.256247071473714 7.190258809484469 7.190258809484469 7.190258809484469 7.190258809484469 7.190258809484469 7.190258809484469 -9999.0 -9999.0 -9999.0 -9999.0 -9999.0 -9999.0 7.190258809484469 7.190258809484469 7.190258809484469 7.190258809484469 7.190258809484469 7.190258809484469 7.190258809484469 7.190258809484469 7.190258809484469
2.9089297203758044 2.982561928555458 3.0561941367351113 3.1298263449147647 3.2034585530944186 3.277090761274072 3.3507229694537255 3.424355177633379 3.497987385813158 3.5716195939928115 3.645251802172465 3.7188840103521184 3.734337413702102 3.687596358748653 3.640855303795204 3.594114248841755 3.5473731938883057 3.500632138934857 3.453891083981408 3.407150029027959 3.36040897407451 3.3136679191209812 3.266926864167532 3.220185809214083 7.190258809484469 7.190258809484469 7.190258809484469 7.190258809484469 7.190258809484469 -9999.0 -9999.0 -9999.0 -9999.0 -9999.0 -9999.0 -9999.0 -9999.0 7.190258809484469 7.190258809484469 7.190258809484469 -9999.0 -9999.0 7.190258809484469 7.190258809484469 7.190258809484469
2.8927000379373977 2.964832170840849 3.0369643037442997 3.109096436647751 3.1812285695512017 3.253360702454653 3.325492835358104 3.397624968261555 3.469757101165129 3.5418892340685804 3.614021366972031 3.6861534998754824 3.700724278090471 3.653760666169021 3.6067970542475702 3.55983344232612 3.5128698304046697 3.4659062184832194 3.4189426065617687 3.3719789946403185 3.325015382718868 3.2780517707973376 3.2310881588758873 3.184124546954437 7.190258809484469 7.190258809484469 7.190258809484469 7.190258809484469 -9999.0 -9999.0 -9999.0 -9999.0 -9999.0 -9999.0 -9999.0 -9999.0 -9999.0 -9999.0 -9999.0 -9999.0 -9999.0 -9999.0 -9999.0 -9999.0 -9999.0
