Figures/CREST_Example_wjb_NSE/Rolling_result/20100722/BJP_forecast/ens_17/wjb.rain.20100413.asc
ncols            288
nrows            254
xllcorner        113.274861
yllcorner        31.4918055
cellsize         0.008333333333
NODATA_value     -9999
[rows 80 to 99 of 254, columns 176 to 219 of 288]
0.08388691835717471 0.08388691835717471 0.08388691835717471 0.08388691835717471 0.08388691835717471 0.08388691835717471 0.08388691835717471 0.08380693932903231 0.08364146091027534 0.08347598249151837 0.0833105040727614 0.08314502565400443 0.08297954723524748 0.0828140688164905 0.08264859039773353 0.08248311197897656 0.0823176335602196 0.08215215514146262 0.08198667672270565 0.08144359445639388 0.08049684513295936 0.07955009580952485 0.07860334648609035 0.07765659716265584 0.07670984783922133 0.07576309851578682 0.0748163491923523 0.07386959986891779 0.07292285054548328 0.07197610122204878 -9999.0 -9999.0 -9999.0 -9999.0 -9999.0 -9999.0 -9999.0 -9999.0 -9999.0 -9999.0 -9999.0 -9999.0 -9999.0 -9999.0
0.0950967415478906 0.0950967415478906 0.0950967415478906 0.0950967415478906 0.0950967415478906 0.0950967415478906 0.0950967415478906 0.09500607490859263 0.09481848358054691 0.0946308922525012 0.09444330092445548 0.09425570959640976 0.09406811826836405 0.09388052694031832 0.0936929356122726 0.09350534428422688 0.09331775295618117 0.09313016162813545 0.09294257030008973 0.09232691585801335 0.09125365226120377 0.0901803886643942 0.08910712506758464 0.08803386147077508 0.0869605978739655 0.08588733427715593 0.08481407068034637 0.08374080708353679 0.08266754348672722 0.08159427988991766 -9999.0 -9999.0 -9999.0 -9999.0 -9999.0 -9999.0 -9999.0 -9999.0 -9999.0 -9999.0 -9999.0 -9999.0 -9999.0 -9999.0
0.10630656473860652 0.10630656473860652 0.10630656473860652 0.10630656473860652 0.10630656473860652 0.10630656473860652 0.10630656473860652 0.10620521048815296 0.10599550625081848 0.10578580201348402 0.10557609777614956 0.10536639353881508 0.10515668930148062 0.10494698506414615 0.10473728082681168 0.10452757658947721 0.10431787235214275 0.10410816811480829 0.10389846387747381 0.10321023725963281 0.1020104593894482 0.10081068151926356 0.09961090364907893 0.09841112577889431 0.09721134790870968 0.09601157003852506 0.09481179216834043 0.0936120142981558 0.09241223642797118 -9999.0 -9999.0 -9999.0 -9999.0 -9999.0 -9999.0 -9999.0 -9999.0 -9999.0 -9999.0 -9999.0 -9999.0 -9999.0 -9999.0 -9999.0
0.11751638792932241 0.11751638792932241 0.11751638792932241 0.11751638792932241 0.11751638792932241 0.11751638792932241 0.11751638792932241 0.11740434606771326 0.11717252892109005 0.11694071177446683 0.11670889462784362 0.1164770774812204 0.11624526033459719 0.11601344318797398 0.11578162604135075 0.11554980889472755 0.11531799174810432 0.11508617460148111 0.11485435745485789 0.11409355866125229 0.1127672665176926 0.11144097437413292 0.11011468223057323 0.10878839008701355 0.10746209794345386 0.10613580579989418 0.1048095136563345 0.10348322151277481 0.10215692936921512 -9999.0 -9999.0 -9999.0 -9999.0 -9999.0 -9999.0 -9999.0 -9999.0 -9999.0 -9999.0 -9999.0 -9999.0 -9999.0 -9999.0 -9999.0
0.12872621112003832 0.12872621112003832 0.12872621112003832 0.12872621112003832 0.12872621112003832 0.12872621112003832 0.12872621112003832 0.1286034816472736 0.12834955159136163 0.12809562153544965 0.1278416914795377 0.12758776142362574 0.12733383136771376 0.1270799013118018 0.12682597125588985 0.1265720411999779 0.1263181111440659 0.12606418108815395 0.125810251032242 0.12497688006287176 0.12352407364593702 0.12207126722900227 0.12061846081206754 0.1191656543951328 0.11771284797819806 0.11626004156126331 0.11480723514432857 0.11335442872739382 0.11190162231045908 -9999.0 -9999.0 -9999.0 -9999.0 -9999.0 -9999.0 -9999.0 -9999.0 -9999.0 -9999.0 -9999.0 -9999.0 -9999.0 -9999.0 -9999.0
0.12909972227721841 0.12909972227721841 0.12909972227721841 0.12909972227721841 0.12909972227721841 0.12909972227721841 0.12909972227721841 0.12897663669339446 0.1287219698356439 0.12846730297789338 0.12821263612014283 0.12795796926239228 0.12770330240464176 0.1274486355468912 0.12719396868914065 0.12693930183139013 0.12668463497363958 0.12642996811588902 0.1261753012581385 0.12560668610083686 0.1247024531075705 0.12379822011430414 0.12289398712103776 0.1219897541277714 0.12108552113450502 0.12018128814123866 0.11927705514797228 0.1183728221547059 0.11746858916143954 0.11656435616817316 -9999.0 -9999.0 0.11519292406445772 0.11519292406445772 -9999.0 -9999.0 -9999.0 -9999.0 -9999.0 -9999.0 -9999.0 -9999.0 -9999.0 -9999.0
0.11788989908650252 0.11788989908650252 0.11788989908650252 0.11788989908650252 0.11788989908650252 0.11788989908650252 0.11788989908650252 0.11777750111383414 0.11754494716537235 0.11731239321691056 0.11707983926844877 0.11684728531998698 0.11661473137152518 0.1163821774230634 0.11614962347460159 0.1159170695261398 0.115684515577678 0.11545196162921621 0.11521940768075442 0.11527613068640587 0.11564209730150926 0.11600806391661264 0.11637403053171604 0.11673999714681943 0.11710596376192281 0.1174719303770262 0.1178378969921296 0.11820386360723298 0.11856983022233637 0.11893579683743977 0.11930176345254316 0.11949085108626545 0.11949085108626545 0.11949085108626545 0.11949085108626545 -9999.0 -9999.0 -9999.0 -9999.0 -9999.0 -9999.0 -9999.0 -9999.0 -9999.0
0.10668007589578662 0.10668007589578662 0.10668007589578662 0.10668007589578662 0.10668007589578662 0.10668007589578662 0.10668007589578662 0.10657836553427383 0.10636792449510078 0.10615748345592774 0.10594704241675469 0.10573660137758165 0.1055261603384086 0.10531571929923556 0.10510527826006251 0.10489483722088946 0.10468439618171642 0.10447395514254337 0.10426351410337033 0.10494557527197483 0.10658174149544798 0.10821790771892115 0.1098540739423943 0.11149024016586745 0.1131264063893406 0.11476257261281377 0.11639873883628692 0.11803490505976007 0.11967107128323323 0.12130723750670638 0.12294340373017953 0.1237887781080732 0.1237887781080732 0.1237887781080732 0.1237887781080732 -9999.0 -9999.0 -9999.0 -9999.0 -9999.0 -9999.0 -9999.0 -9999.0 -9999.0
0.09547025270507072 0.09547025270507072 0.09547025270507072 0.09547025270507072 0.09547025270507072 0.09547025270507072 0.09547025270507072 0.0953792299547135 0.09519090182482921 0.09500257369494491 0.09481424556506061 0.09462591743517632 0.09443758930529203 0.09424926117540773 0.09406093304552343 0.09387260491563915 0.09368427678575485 0.09349594865587055 0.09330762052598625 0.09461501985754381 0.09752138568938673 0.10042775152122964 0.10333411735307256 0.10624048318491548 0.10914684901675839 0.11205321484860131 0.11495958068044423 0.11786594651228714 0.12077231234413006 0.12367867817597297 0.1265850440078159 0.12808670512988093 0.12808670512988093 0.12808670512988093 0.12808670512988093 -9999.0 -9999.0 -9999.0 -9999.0 -9999.0 -9999.0 -9999.0 -9999.0 -9999.0
0.08426042951435482 0.08426042951435482 0.08426042951435482 0.08426042951435482 0.08426042951435482 0.08426042951435482 0.08426042951435482 0.0841800943751532 0.08401387915455764 0.08384766393396209 0.08368144871336655 0.083515233492771 0.08334901827217546 0.0831828030515799 0.08301658783098437 0.08285037261038881 0.08268415738979326 0.08251794216919772 0.08235172694860217 0.08428446444311279 0.08846102988332548 0.09263759532353816 0.09681416076375084 0.10099072620396352 0.1051672916441762 0.10934385708438887 0.11352042252460155 0.11769698796481423 0.12187355340502692 0.1260501188452396 0.13022668428545228 0.1323846321516887 0.1323846321516887 0.1323846321516887 0.1323846321516887 0.1323846321516887 -9999.0 -9999.0 -9999.0 -9999.0 -9999.0 -9999.0 -9999.0 -9999.0
0.07305060632363893 0.07305060632363893 0.07305060632363893 0.07305060632363893 0.07305060632363893 0.07305060632363893 0.07305060632363893 0.07298095879559288 0.07283685648428607 0.07269275417297928 0.07254865186167249 0.07240454955036568 0.07226044723905889 0.07211634492775208 0.07197224261644529 0.0718281403051385 0.07168403799383169 0.0715399356825249 0.07139583337121809 0.07395390902868178 0.07940067407726421 0.08484743912584665 0.0902942041744291 0.09574096922301154 0.10118773427159397 0.10663449932017642 0.11208126436875886 0.1175280294173413 0.12297479446592374 0.12842155951450618 0.13386832456308861 0.13668255917349642 0.13668255917349642 0.13668255917349642 0.13668255917349642 0.13668255917349642 -9999.0 -9999.0 -9999.0 -9999.0 -9999.0 -9999.0 -9999.0 -9999.0
0.06184078313292302 0.06184078313292302 0.06184078313292302 0.06184078313292302 0.06184078313292302 0.06184078313292302 0.06184078313292302 0.06178182321603256 0.06165983381401451 0.06153784441199646 0.06141585500997841 0.06129386560796036 0.06117187620594231 0.06104988680392426 0.06092789740190621 0.06080590799988816 0.06068391859787011 0.06056192919585206 0.06043993979383401 0.06362335361425074 0.07034031827120295 0.07705728292815515 0.08377424758510736 0.09049121224205957 0.09720817689901178 0.10392514155596397 0.11064210621291617 0.11735907086986838 0.12407603552682059 0.1307930001837728 0.137509964840725 0.14098048619530418 0.14098048619530418 0.14098048619530418 -9999.0 -9999.0 -9999.0 -9999.0 -9999.0 -9999.0 0.14098048619530418 -9999.0 0.14098048619530418 -9999.0
0.050630959942197566 0.050630959942197566 0.050630959942197566 0.050630959942197566 0.050630959942197566 0.050630959942197566 0.050630959942197566 0.050582687636462696 0.05048281114373341 0.05038293465100413 0.05028305815827485 0.05018318166554556 0.050083305172816284 0.049983428680087004 0.04988355218735772 0.04978367569462844 0.04968379920189915 0.04958392270916987 0.04948404621644059 0.05329279819981091 0.061279962465133966 0.06926712673045701 0.07725429099578007 0.08524145526110312 0.09322861952642617 0.10121578379174923 0.10920294805707227 0.11719011232239532 0.12517727658771838 0.1331644408530414 0.14115160511836447 0.14527841321711557 0.14527841321711557 0.14527841321711557 -9999.0 -9999.0 -9999.0 -9999.0 -9999.0 0.14527841321711557 0.14527841321711557 0.14527841321711557 0.14527841321711557 -9999.0
0.03942113675148167 0.03942113675148167 0.03942113675148167 0.03942113675148167 0.03942113675148167 0.03942113675148167 0.03942113675148167 0.03938355205690238 0.03930578847346185 0.039228024890021314 0.03915026130658078 0.03907249772314025 0.03899473413969971 0.03891697055625918 0.038839206972818646 0.03876144338937811 0.03868367980593758 0.038605916222497046 0.03852815263905651 0.0429622427853799 0.052219606659072715 0.061476970532765525 0.07073433440645835 0.07999169828015115 0.08924906215384397 0.09850642602753679 0.1077637899012296 0.11702115377492242 0.12627851764861522 0.13553588152230805 0.14479324539600086 0.14957634023892333 0.14957634023892333 0.14957634023892333 0.14957634023892333 -9999.0 -9999.0 -9999.0 -9999.0 0.14957634023892333 0.14957634023892333 0.14957634023892333 0.14957634023892333 -9999.0
0.028211313560765772 0.028211313560765772 0.028211313560765772 0.028211313560765772 0.028211313560765772 0.028211313560765772 0.028211313560765772 0.028184416477342066 0.02812876580319028 0.028073115129038494 0.02801746445488671 0.027961813780734927 0.02790616310658314 0.027850512432431355 0.027794861758279568 0.027739211084127784 0.027683560409976 0.027627909735824213 0.02757225906167243 0.032631687370948875 0.04315925085301145 0.05368681433507402 0.0642143778171366 0.07474194129919917 0.08526950478126175 0.09579706826332433 0.10632463174538691 0.11685219522744948 0.12737975870951204 0.13790732219157462 0.1484348856736372 0.15387426726073106 0.15387426726073106 0.15387426726073106 0.15387426726073106 0.15387426726073106 -9999.0 -9999.0 -9999.0 0.15387426726073106 0.15387426726073106 0.15387426726073106 0.15387426726073106 0.15458063409536313
0.017001490370049874 0.017001490370049874 0.017001490370049874 0.017001490370049874 0.017001490370049874 0.017001490370049874 0.017001490370049874 0.01698528089778175 0.016951743132918713 0.01691820536805568 0.01688466760319264 0.016851129838329603 0.016817592073466565 0.01678405430860353 0.016750516543740494 0.016716978778877456 0.01668344101401442 0.016649903249151384 0.016616365484288347 0.02230113195651785 0.03409889504695019 0.04589665813738253 0.05769442122781487 0.06949218431824722 0.08128994740867954 0.09308771049911188 0.10488547358954423 0.11668323667997657 0.12848099977040892 0.14027876286084126 0.15207652595127358 0.1581721942825388 0.1581721942825388 0.1581721942825388 0.1581721942825388 0.1581721942825388 0.1581721942825388 0.1581721942825388 0.1581721942825388 0.1581721942825388 0.1581721942825388 0.1581721942825388 0.1581721942825388 0.15943345892888103
0.005791667179333975 0.005791667179333975 0.005791667179333975 0.005791667179333975 0.005791667179333975 0.005791667179333975 0.005791667179333975 0.005786145318221434 0.005774720462647146 0.005763295607072858 0.00575187075149857 0.005740445895924282 0.005729021040349994 0.005717596184775705 0.005706171329201417 0.005694746473627129 0.005683321618052841 0.0056718967624785534 0.005660471906904265 0.011970576542086827 0.025038539240888925 0.03810650193969103 0.05117446463849313 0.06424242733729522 0.07731039003609733 0.09037835273489943 0.10344631543370153 0.11651427813250363 0.12958224083130573 0.14265020353010785 0.15571816622890994 0.16247012130434654 0.16247012130434654 0.16247012130434654 0.16247012130434654 0.16247012130434654 0.16247012130434654 0.16247012130434654 0.16247012130434654 0.16247012130434654 0.16247012130434654 0.16247012130434654 0.16247012130434654 0.16428628376239887
0.0 0.0 0.0 0.0 0.0 0.0 0.0 0.0 0.0 0.0 0.0 0.0 0.0 0.0 0.0 0.0 0.0 0.0 0.0 0.00663319184652768 0.020357415867015106 0.034081639887502534 0.047805863907989965 0.06153008792847739 0.07525431194896481 0.08897853596945224 0.10270275998993968 0.1164269840104271 0.13015120803091454 0.14387543205140196 0.1575996560718894 0.16469068825244904 0.16469068825244904 0.16469068825244904 0.16469068825244904 0.16469068825244904 0.16469068825244904 0.16469068825244904 0.16469068825244904 0.16469068825244904 0.16469068825244904 0.16469068825244904 0.16469068825244904 0.16679354421041556
0.0 0.0 0.0 0.0 0.0 0.0 0.0 0.0 0.0 0.0 0.0 0.0 0.0 0.0 0.0 0.0 0.0 0.0 0.0 0.00663319184652768 0.020357415867015106 0.034081639887502534 0.047805863907989965 0.06153008792847739 0.07525431194896481 0.08897853596945224 0.10270275998993968 0.1164269840104271 0.13015120803091454 0.14387543205140196 0.1575996560718894 0.16469068825244904 0.16469068825244904 0.16469068825244904 0.16469068825244904 0.16469068825244904 0.16469068825244904 0.16469068825244904 0.16469068825244904 0.16469068825244904 0.16469068825244904 0.16469068825244904 0.16469068825244904 0.16679354421041556
0.0 0.0 0.0 0.0 0.0 0.0 0.0 0.0 0.0 0.0 0.0 0.0 0.0 0.0 0.0 0.0 0.0 0.0 0.0 0.00663319184652768 0.020357415867015106 0.034081639887502534 0.047805863907989965 0.06153008792847739 0.07525431194896481 0.08897853596945224 0.10270275998993968 0.1164269840104271 0.13015120803091454 0.14387543205140196 0.1575996560718894 0.16469068825244904 0.16469068825244904 0.16469068825244904 0.16469068825244904 0.16469068825244904 0.16469068825244904 0.16469068825244904 0.16469068825244904 0.16469068825244904 0.16469068825244904 0.16469068825244904 0.16469068825244904 0.16679354421041556
