Figures/CREST_Example_wjb_NSE/Rolling_result/20100722/BJP_forecast/ens_36/wjb.rain.20100725.asc
ncols            288
nrows            254
xllcorner        113.274861
yllcorner        31.4918055
cellsize         0.008333333333
NODATA_value     -9999
[rows 132 to 153 of 254, columns 153 to 203 of 288]
0.0 0.0 0.0 0.0 0.0 0.0 0.3560970995484534 1.0928700537690412 1.8296430079896289 2.5664159622102165 3.303188916430804 4.039961870651392 4.77673482487198 5.513507779092567 6.250280733313155 6.987053687533743 7.723826641755587 8.460599595976175 8.813407670324485 8.755748601648369 8.698089532972253 8.640430464296138 8.582771395620021 8.525112326943905 8.467453258267788 8.409794189591674 8.352135120915557 8.29447605223944 8.236816983563326 8.17915791488711 7.821137308670913 7.142023423126433 6.462909537581953 5.7837956520374725 5.104681766492993 4.425567880948513 3.746453995404033 3.067340109859553 2.3882262243150736 1.709112338770593 1.0299984532261135 0.350884567681633 0.0 0.0 0.0 0.0 0.0 0.0 0.0 0.0 0.0
0.0 0.0 0.0 0.0 0.0 0.0 0.35713034875164357 1.0960411189467107 1.8349518891417778 2.5738626593368448 3.312773429531912 4.051684199726979 4.790594969922046 5.529505740117113 6.26841651031218 7.007327280507248 7.746238050703575 8.485148820898642 8.838980601034395 8.781154229151255 8.723327857268115 8.665501485384977 8.607675113501838 8.549848741618698 8.492022369735558 8.434195997852418 8.376369625969279 8.31854325408614 8.260716882203 8.202890510319762 7.8481876565931366 7.176117126927486 6.504046597261835 5.831976067596184 5.159905537930534 4.487835008264883 3.815764478599232 3.1436939489335813 2.4716234192679307 1.79955288960228 1.1274823599366295 0.45541183027097887 0.10380984083596216 0.09479597218967559 0.085782103543389 0.07676823489710241 0.06775436625081584 0.058740497604529256 0.049726628958242675 0.0407127603119561 0.03169889166566951
0.0 0.0 0.0 0.0 0.0 0.0 0.3261204596964167 1.0008710679630561 1.6756216762296956 2.350372284496335 3.0251228927629747 3.699873501029614 4.374624109296254 5.049374717562893 5.724125325829532 6.398875934096172 7.073626542363962 7.748377150630602 8.071485458833552 8.018680193061474 7.965874927289397 7.913069661517318 7.860264395745241 7.807459129973163 7.754653864201084 7.701848598429007 7.6490433326569285 7.596238066884851 7.543432801112773 7.490627535340605 7.176115570217991 6.581833222359771 5.987550874501551 5.393268526643331 4.7989861787851105 4.20470383092689 3.6104214830686696 3.016139135210449 2.4218567873522288 1.8275744394940086 1.2332920916357883 0.6390097437775681 0.3185858572976756 0.2909228626613229 0.26325986802497015 0.23559687338861746 0.20793387875226477 0.18027088411591208 0.15260788947955936 0.12494489484320667 0.09728190020685398
0.0 0.0 0.0 0.0 0.0 0.0 0.29511057064118973 0.9057010169794015 1.5162914633176132 2.126881909655825 2.737472355994037 3.3480628023322483 3.95865324867046 4.569243695008672 5.179834141346884 5.790424587685095 6.401015034024349 7.01160548036256 7.303990316632709 7.256206156971692 7.208421997310676 7.160637837649659 7.112853677988643 7.065069518327627 7.01728535866661 6.969501199005594 6.9217170393445775 6.8739328796835615 6.8261487200225455 6.778364560361448 6.504043483842846 5.987549317792056 5.4710551517412656 4.954560985690476 4.438066819639685 3.9215726535888957 3.4050784875381055 2.8885843214873153 2.372090155436525 1.8555959893857352 1.3391018233349454 0.8226076572841547 0.5333618737593886 0.4870497531329698 0.44073763250655096 0.3944255118801322 0.34811339125371343 0.3018012706272946 0.25548915000087585 0.2091770293744571 0.16286490874803827
0.0 0.0 0.0 0.0 0.0 0.0 0.26410068158596284 0.810530965995747 1.356961250405531 1.9033915348153152 2.4498218192250993 2.9962521036348835 3.5426823880446676 4.089112672454452 4.635542956864236 5.1819732412740205 5.728403525684736 6.2748338100945205 6.536495174431865 6.49373212088191 6.450969067331956 6.408206013782001 6.365442960232047 6.322679906682092 6.279916853132137 6.237153799582183 6.194390746032227 6.151627692482273 6.108864638932318 6.066101585382291 5.831971397467702 5.393265413224342 4.954559428980982 4.515853444737623 4.077147460494262 3.6384414762509025 3.1997354920075423 2.7610295077641824 2.3223235235208226 1.8836175392774628 1.4449115550341025 1.0062055707907431 0.748137890221102 0.683176643604617 0.6182153969881321 0.5532541503716473 0.4882929037551624 0.42333165713867743 0.35837041052219254 0.29340916390570765 0.22844791728922276
0.0 0.0 0.0 0.0 0.0 0.0 0.2330907925307095 0.7153609150120113 1.197631037493313 1.6799011599746148 2.1621712824559167 2.6444414049372185 3.12671152741852 3.608981649899822 4.091251772381123 4.573521894862425 5.055792017344549 5.538062139825851 5.769000032230367 5.731258084791478 5.6935161373525895 5.655774189913701 5.618032242474812 5.580290295035923 5.542548347597035 5.504806400158146 5.467064452719257 5.429322505280369 5.391580557841479 5.353838610402526 5.1598993110919835 4.79898150865612 4.438063706220257 4.077145903784394 3.7162281013485305 3.3553102989126673 2.994392496476804 2.633474694040941 2.272556891605077 1.9116390891692139 1.5507212867333506 1.189803484297487 0.9629139066829985 0.8793035340764315 0.7956931614698646 0.7120827888632977 0.6284724162567308 0.5448620436501639 0.461251671043597 0.3776412984370301 0.2940309258304632
0.0 0.0 0.0 0.0 0.0 0.0 0.20208090347548258 0.6201908640283565 1.0383008245812306 1.4564107851341046 1.8745207456869786 2.2926307062398528 2.7107406667927267 3.1288506273456007 3.5469605878984747 3.9650705484513487 4.383180509004935 4.801290469557809 5.001504890029524 4.968784048701696 4.936063207373869 4.903342366046043 4.870621524718215 4.837900683390388 4.805179842062561 4.772459000734734 4.739738159406907 4.70701731807908 4.674296476751253 4.6415756354233695 4.48782722471684 4.204697604088406 3.9215679834599735 3.63843836283154 3.355308742203107 3.072179121574674 2.789049500946241 2.5059198803178075 2.2227902596893747 1.9396606390609414 1.6565310184325082 1.3734013978040753 1.1776899231447115 1.0754304245480786 0.9731709259514456 0.8709114273548126 0.7686519287581796 0.6663924301615465 0.5641329315649135 0.46187343296828054 0.35961393437164746
0.0 0.0 0.0 0.0 0.0 0.0 0.17107101442025566 0.525020813044702 0.8789706116691484 1.2329204102935947 1.586870208918041 1.9408200075424873 2.2947698061669337 2.64871960479138 3.0026694034158266 3.3566192020402728 3.710569000665323 4.064518799289769 4.23400974782868 4.206310012611914 4.1786102773951495 4.150910542178384 4.123210806961618 4.095511071744853 4.067811336528087 4.040111601311321 4.012411866094556 3.9847121308777904 3.957012395661025 3.9293126604442126 3.8157551383416943 3.6104136995206915 3.405072260699689 3.1997308218786857 2.9943893830576833 2.78904794423668 2.5837065054156776 2.3783650665946743 2.173023627773672 1.9676821889526688 1.7623407501316661 1.5569993113106633 1.3924659396064247 1.2715573150197257 1.1506486904330266 1.0297400658463274 0.9088314412596283 0.7879228166729293 0.6670141920862301 0.546105567499531 0.42519694291283194
0.0 0.0 0.0 0.0 0.0 0.0 0.1400611253650287 0.42985076206104733 0.719640398757066 1.0094300354530845 1.2992196721491032 1.5890093088451218 1.8787989455411405 2.168588582237159 2.4583782189331775 2.7481678556291964 3.037957492325709 3.3277471290217275 3.4665146056278364 3.4438359765221325 3.4211573474164285 3.398478718310725 3.375800089205021 3.353121460099317 3.330442830993613 3.3077642018879096 3.2850855727822057 3.2624069436765017 3.2397283145707982 3.2170496854650557 3.14368305196655 3.016129794952977 2.8885765379394046 2.7610232809258317 2.6334700239122593 2.505916766898687 2.378363509885114 2.2508102528715415 2.1232569958579686 1.9957037388443961 1.8681504818308234 1.7405972248172508 1.6072419560681381 1.4676842054913728 1.3281264549146075 1.1885687043378423 1.0490109537610772 0.9094532031843119 0.7698954526075467 0.6303377020307814 0.4907799514540163
0.0 0.0 0.0 0.0 0.0 0.0 0.1090512363098018 0.3346807110773927 0.5603101858449837 0.7859396606125746 1.0115691353801655 1.2371986101477566 1.4628280849153474 1.6884575596829383 1.9140870344505294 2.13971650921812 2.365345983986096 2.590975458753687 2.6990194634269926 2.6813619404323505 2.6637044174377085 2.646046894443066 2.628389371448424 2.610731848453782 2.5930743254591397 2.5754168024644972 2.557759279469855 2.540101756475213 2.522444233480571 2.5047867104858987 2.471610965591405 2.4218458903852627 2.37208081517912 2.3223157399729777 2.2725506647668356 2.222785589560693 2.1730205143545507 2.123255439148408 2.0734903639422657 2.0237252887361232 1.9739602135299807 1.9241951383238385 1.8220179725298515 1.6638110959630201 1.5056042193961887 1.3473973428293573 1.1891904662625261 1.0309835896956947 0.8727767131288635 0.7145698365620321 0.5563629599952007
0.0 0.0 0.0 0.0 0.0 0.0 0.07804134725457489 0.23951066009373817 0.40097997293290144 0.5624492857720647 0.723918598611228 0.8853879114503912 1.0468572242895544 1.2083265371287177 1.369795849967881 1.5312651628070444 1.692734475646483 1.8542037884856462 1.9315243212261493 1.9188879043425686 1.9062514874589882 1.8936150705754076 1.8809786536918272 1.8683422368082465 1.8557058199246659 1.8430694030410855 1.8304329861575048 1.8177965692739242 1.8051601523903438 1.7925237355067416 1.7995388792162605 1.8275619858175483 1.855585092418836 1.8836081990201237 1.9116313056214116 1.9396544122226993 1.967677518823987 1.995700625425275 2.0237237320265624 2.0517468386278503 2.0797699452291383 2.1077930518304258 2.0367939889915645 1.859937986434667 1.6830819838777695 1.5062259813208723 1.3293699787639748 1.1525139762070773 0.97565797365018 0.7988019710932825 0.6219459685363851
0.0 0.0 0.0 0.0 0.0 0.0 0.047031458199347974 0.14434060911008356 0.24164976002081914 0.3389589109315547 0.4362680618422903 0.5335772127530258 0.6308863636637615 0.728195514574497 0.8255046654852326 0.9228138163959683 1.0201229673068697 1.1174321182176052 1.1640291790253057 1.1564138682527867 1.1487985574802677 1.1411832467077487 1.13356793593523 1.125952625162711 1.118337314390192 1.110722003617673 1.1031066928451543 1.0954913820726353 1.0878760713001163 1.0802607605275845 1.1274667928411155 1.2332780812498336 1.3390893696585515 1.4449006580672696 1.5507119464759875 1.6565232348847057 1.7623345232934238 1.8681458117021417 1.9739571001108596 2.079768388519578 2.185579676928296 2.2913909653370137 2.251570005453278 2.0560648769063143 1.8605597483593508 1.6650546198123872 1.4695494912654237 1.27404436271846 1.0785392341714968 0.8830341056245332 0.6875289770775697
0.0 0.0 0.0 0.0 0.0 0.0 0.01602156914409461 0.049170558126347796 0.08231954710860098 0.11546853609085417 0.14861752507310735 0.18176651405536054 0.21491550303761373 0.24806449201986694 0.2812134810021201 0.3143624699843733 0.347511458966683 0.3806604479489362 0.39653403682380767 0.3939398321623547 0.3913456275009017 0.3887514228394487 0.3861572181779957 0.3835630135165427 0.38096880885508966 0.37837460419363667 0.3757803995321837 0.3731861948707307 0.3705919902092777 0.36799778554782026 0.4553947064653979 0.6389941766816125 0.822593646897827 1.0061931171140417 1.1897925873302562 1.3733920575464706 1.5569915277626853 1.7405909979788998 1.9241904681951145 2.107789938411329 2.2913894086275435 2.474988878843758 2.4663460219151747 2.252191767378129 2.0380375128410835 1.8238832583040379 1.6097290037669922 1.3955747492299466 1.1814204946929012 0.9672662401558556 0.75311198561881
0.0 0.0 0.0 0.0 0.0 0.0 0.0 0.0 0.0 0.0 0.0 0.0 0.0 0.0 0.0 0.0 0.0 0.0 0.0 0.0 0.0 0.0 0.0 0.0 0.0 0.0 0.0 0.0 0.0 0.0 0.1038053623247069 0.31858100557711966 0.5333566488295324 0.7481322920819452 0.9629079353343579 1.1776835785867708 1.3924592218391836 1.6072348650915962 1.822010508344009 2.036786151596422 2.2515617948488345 2.4663374381012475 2.4735023569111667 2.2587267136587235 2.04395107040628 1.829175427153837 1.6143997839013937 1.3996241406489505 1.1848484973965072 0.970072854144064 0.7552972108916205
0.0 0.0 0.0 0.0 0.0 0.0 0.0 0.0 0.0 0.0 0.0 0.0 0.0 0.0 0.0 0.0 0.0 0.0 0.0 0.0 0.0 0.0 0.0 0.0 0.0 0.0 0.0 0.0 0.0 0.0 0.0947918668876916 0.2909183841500409 0.4870449014123902 0.6831714186747395 0.8792979359370887 1.0754244531994381 1.2715509704617873 1.4676774877241365 1.663804004986486 1.8599305222488351 2.0560570395111846 2.252183556773534 2.2587263404494533 2.0625998231870764 1.8664733059246992 1.670346788662322 1.474220271399945 1.2780937541375677 1.0819672368751905 0.8858407196128135 0.6897142023504363
0.0 0.0 0.0 0.0 0.0 0.0 0.0 0.0 0.0 0.0 0.0 0.0 0.0 0.0 0.0 0.0 0.0 0.0 0.0 0.0 0.0 0.0 0.0 0.0 0.0 0.0 0.0 0.0 0.0 0.0 0.08577837145067631 0.26325576272296214 0.44073315399524793 0.6182105452675337 0.7956879365398196 0.9731653278121054 1.150642719084391 1.328120110356677 1.5055975016289629 1.6830748929012487 1.8605522841735345 2.0380296754458205 2.04395032398774 1.866472932715429 1.688995541443118 1.511518150170807 1.334040758898496 1.1565633676261848 0.9790859763538737 0.8016085850815629 0.6241311938092517
0.0 0.0 0.0 0.0 0.0 0.0 0.0 0.0 0.0 0.0 0.0 0.0 0.0 0.0 0.0 0.0 0.0 0.0 0.0 0.0 0.0 0.0 0.0 0.0 0.0 0.0 0.0 0.0 0.0 0.0 0.07676487601366103 0.2355931412958834 0.39442140657810576 0.5532496718603281 0.7120779371425505 0.8709062024247729 1.0297344677069953 1.1885627329892177 1.34739099827144 1.5062192635536624 1.6650475288358848 1.8238757941181072 1.829174307526027 1.670346042243782 1.5115177769615369 1.352689511679292 1.1938612463970473 1.0350329811148022 0.8762047158325572 0.7173764505503124 0.5585481852680674
0.0 0.0 0.0 0.0 0.0 0.0 0.0 0.0 0.0 0.0 0.0 0.0 0.0 0.0 0.0 0.0 0.0 0.0 0.0 0.0 0.0 0.0 0.0 0.0 0.0 0.0 0.0 0.0 0.0 0.0 0.06775138057664574 0.20793051986880468 0.3481096591609636 0.4882887984531225 0.6284679377452814 0.7686470770374404 0.9088262163295993 1.0490053556217582 1.1891844949139172 1.329363634206076 1.469542773498235 1.609721912790394 1.6143982910643138 1.4742191517721348 1.334040012479956 1.1938608731877771 1.0536817338955982 0.9135025946034194 0.7733234553112406 0.6331443160190617 0.4929651767268828
0.0 0.0 0.0 0.0 0.0 0.0 0.0 0.0 0.0 0.0 0.0 0.0 0.0 0.0 0.0 0.0 0.0 0.0 0.0 0.0 0.0 0.0 0.0 0.0 0.0 0.0 0.0 0.0 0.0 0.0 0.05873788513962277 0.18026789844170232 0.30179791174378184 0.4233279250458614 0.5448579383479409 0.6663879516500205 0.7879179649521001 0.9094479782541797 1.0309779915562591 1.1525080048583387 1.2740380181604183 1.3955680314624979 1.3996222746024172 1.2780922613003205 1.1565622479982236 1.0350322346961267 0.9135022213940299 0.791972208091933 0.6704421947898362 0.5489121814877395 0.4273821681856427
0.0 0.0 0.0 0.0 0.0 0.0 0.0 0.0 0.0 0.0 0.0 0.0 0.0 0.0 0.0 0.0 0.0 0.0 0.0 0.0 0.0 0.0 0.0 0.0 0.0 0.0 0.0 0.0 0.0 0.0 0.04972438970260749 0.1526052770146236 0.2554861643266397 0.3583670516386558 0.4612479389506719 0.564128826262688 0.6670097135747041 0.7698906008867202 0.8727714881987363 0.9756523755107525 1.0785332628227686 1.1814141501347846 1.184846258140704 1.0819653708286734 0.9790844835166426 0.8762035962046117 0.7733227088925811 0.6704418215805503 0.5675609342685196 0.4646800469564889 0.3617991596444582
0.0 0.0 0.0 0.0 0.0 0.0 0.0 0.0 0.0 0.0 0.0 0.0 0.0 0.0 0.0 0.0 0.0 0.0 0.0 0.0 0.0 0.0 0.0 0.0 0.0 0.0 0.0 0.0 0.0 0.0 0.040710894265592205 0.12494265558754486 0.20917441690949753 0.2934061782314502 0.37763793955340286 0.4618697008753555 0.5461014621973082 0.6303332235192608 0.7145649848412134 0.7987967461631661 0.8830285074851189 0.9672602688070715 0.9700702416789908 0.8858384803570262 0.8016067190350615 0.717374957713097 0.6331431963911323 0.5489114350691677 0.4646796737472031 0.38044791242523845 0.2962161511032738
0.0 0.0 0.0 0.0 0.0 0.0 0.0 0.0 0.0 0.0 0.0 0.0 0.0 0.0 0.0 0.0 0.0 0.0 0.0 0.0 0.0 0.0 0.0 0.0 0.0 0.0 0.0 0.0 0.0 0.0 0.03169739882857691 0.0972800341604661 0.16286266949235528 0.22844530482424447 0.29402794015613365 0.35961057548802283 0.425193210819912 0.4907758461518012 0.5563584814836904 0.6219411168155796 0.6875237521474687 0.753106387479358 0.7552942252172774 0.689711589885379 0.6241289545534804 0.5585463192215819 0.49296368388968337 0.42738104855778486 0.3617984132258864 0.2962157778939879 0.23063314256208933
