Figures/CREST_Example_wjb_NSE/Rolling_result/20100722/BJP_forecast/ens_36/wjb.rain.20100310.asc
ncols            288
nrows            254
xllcorner        113.274861
yllcorner        31.4918055
cellsize         0.008333333333
NODATA_value     -9999
[rows 147 to 167 of 254, columns 188 to 234 of 288]
0.10190831767755137 0.11653539155621498 0.13116246543487858 0.14578953931354216 0.16041661319220576 0.17504368707086937 0.18967076094953297 0.20037278940549003 0.20687885549205207 0.21338492157861408 0.21989098766517612 0.22639705375173813 0.23290311983830017 0.2394091859248622 0.24591525201142422 0.2524213180979863 0.2589273841845483 0.2654334502711103 0.27193951635767233 0.2753010706371558 0.2753010706371558 0.2753010706371558 0.2753010706371558 0.2753010706371558 0.2753010706371558 0.2753010706371558 0.2753010706371558 0.2753010706371558 0.2753010706371558 0.2753010706371558 0.2753010706371558 0.26819543183495825 0.25349370434387225 0.2387919768527612 0.2240902493616752 0.20938852187058923 0.19468679437950326 0.17998506688841726 0.16528333939733125 0.15058161190624528 0.13587988441515927 0.1211781569240733 0.1064764294329873 0.0988803407370289 0.0988803407370289 0.0988803407370289 0.0988803407370289
0.09224230101415003 0.10552248129728681 0.11880266158042357 0.13208284186356037 0.14536302214669714 0.1586432024298339 0.1719233827129707 0.18150719581407807 0.1871395087594088 0.19277182170473955 0.1984041346500703 0.20403644759540104 0.2096687605407318 0.21530107348606256 0.22093338643139332 0.22656569937672405 0.2321980123220548 0.23783032526738557 0.2434626382127163 0.2463727417119526 0.2463727417119526 0.2463727417119526 0.2463727417119526 0.2463727417119526 0.2463727417119526 0.2463727417119526 0.2463727417119526 0.2463727417119526 0.2463727417119526 0.2463727417119526 0.2463727417119526 0.24001375549638654 0.22685686910470687 0.21369998271300475 0.20054309632132508 0.1873862099296454 0.17422932353796572 0.16107243714628605 0.14791555075460638 0.1347586643629267 0.12160177797124702 0.10844489157956733 0.09528800518788766 0.08849010500544693 0.08849010500544693 0.08849010500544693 0.08849010500544693
0.08257628435074868 0.09450957103835864 0.10644285772596859 0.11837614441357854 0.1303094311011885 0.14224271778879846 0.1541760044764084 0.1626416022226661 0.16740016202676555 0.17215872183086503 0.1769172816349645 0.18167584143906396 0.18643440124316343 0.1911929610472629 0.19595152085136236 0.20071008065546184 0.2054686404595613 0.2102272002636608 0.21498576006776027 0.21744441278674936 0.21744441278674936 0.21744441278674936 0.21744441278674936 0.21744441278674936 0.21744441278674936 0.21744441278674936 0.21744441278674936 0.21744441278674936 0.21744441278674936 0.21744441278674936 0.21744441278674936 0.21183207915781485 0.20022003386554146 0.18860798857324831 0.17699594328097493 0.16538389798870157 0.15377185269642818 0.14215980740415485 0.13054776211188146 0.1189357168196081 0.10732367152733473 0.09571162623506137 0.084099580942788 0.07809986927386497 0.07809986927386497 0.07809986927386497 0.07809986927386497
0.07291026768733912 0.0834966607794211 0.09408305387150308 0.10466944696358506 0.11525584005566704 0.12584223314774903 0.136428626239831 0.14377600863123804 0.1476608152941055 0.15154562195697294 0.15543042861984038 0.15931523528270783 0.16320004194557527 0.1670848486084427 0.17096965527131014 0.17485446193417759 0.17873926859704503 0.18262407525991248 0.18650888192277992 0.18851608386152147 0.18851608386152147 0.18851608386152147 0.18851608386152147 0.18851608386152147 0.18851608386152147 0.18851608386152147 0.18851608386152147 0.18851608386152147 0.18851608386152147 0.18851608386152147 0.18851608386152147 0.1836504028192191 0.17358319862635335 0.16351599443347045 0.1534487902406047 0.14338158604773898 0.13331438185487324 0.12324717766200749 0.11317997346914176 0.10311276927627602 0.09304556508341028 0.08297836089054454 0.07291115669767881 0.06770963354227416 0.06770963354227416 0.06770963354227416 0.06770963354227416
0.06324425102393776 0.07248375052049291 0.08172325001704808 0.09096274951360324 0.1002022490101584 0.10944174850671355 0.11868124800326871 0.12491041503982608 0.12792146856146225 0.1309325220830984 0.13394357560473458 0.13695462912637074 0.13996568264800688 0.14297673616964304 0.1459877896912792 0.14899884321291537 0.15200989673455154 0.15502095025618767 0.15803200377782384 0.15958775493631822 0.15958775493631822 0.15958775493631822 0.15958775493631822 0.15958775493631822 0.15958775493631822 0.15958775493631822 0.15958775493631822 0.15958775493631822 0.15958775493631822 0.15958775493631822 0.15958775493631822 0.15546872648064736 0.14694636338718794 0.13842400029371396 0.12990163720025455 0.12137927410679511 0.1128569110133357 0.10433454791987626 0.09581218482641683 0.0872898217329574 0.07876745863949798 0.07024509554603856 0.06172273245257913 0.05731939781069221 0.05731939781069221 0.05731939781069221 0.05731939781069221
0.05357823436053642 0.061470840261564755 0.06936344616259309 0.07725605206362142 0.08514865796464975 0.09304126386567808 0.10093386976670642 0.10604482144841412 0.108182121828819 0.11031942220922387 0.11245672258962876 0.11459402297003364 0.11673132335043852 0.1188686237308434 0.12100592411124828 0.12314322449165316 0.12528052487205804 0.12741782525246292 0.1295551256328678 0.130659426011115 0.130659426011115 0.130659426011115 0.130659426011115 0.130659426011115 0.130659426011115 0.130659426011115 0.130659426011115 0.130659426011115 0.130659426011115 0.130659426011115 0.130659426011115 0.12728705014207564 0.12030952814802254 0.11333200615395753 0.10635448415990441 0.09937696216585129 0.09239944017179817 0.08542191817774505 0.07844439618369195 0.07146687418963882 0.06448935219558571 0.057511830201532596 0.05053430820747948 0.04692916207911025 0.04692916207911025 0.04692916207911025 0.04692916207911025
0.04391221769713507 0.050457930002636577 0.05700364230813809 0.0635493546136396 0.07009506691914111 0.07664077922464263 0.08318649153014414 0.08717922785700215 0.08844277509617575 0.08970632233534935 0.09096986957452295 0.09223341681369655 0.09349696405287015 0.09476051129204374 0.09602405853121734 0.09728760577039094 0.09855115300956455 0.09981470024873815 0.10107824748791175 0.10173109708591176 0.10173109708591176 0.10173109708591176 0.10173109708591176 0.10173109708591176 0.10173109708591176 0.10173109708591176 0.10173109708591176 0.10173109708591176 0.10173109708591176 0.10173109708591176 0.10173109708591176 0.09910537380350393 0.09367269290885713 0.08824001201420106 0.08280733111955425 0.07737465022490746 0.07194196933026065 0.06650928843561385 0.06107660754096705 0.055643926646320244 0.05021124575167344 0.04477856485702664 0.039345883962379834 0.0365389263475283 0.0365389263475283 0.0365389263475283 0.0365389263475283
0.03424620103373373 0.03944501974370841 0.044643838453683096 0.04984265716365779 0.05504147587363247 0.060240294583607155 0.06543911329358185 0.06831363426559019 0.0687034283635325 0.06909322246147483 0.06948301655941713 0.06987281065735945 0.07026260475530177 0.07065239885324409 0.07104219295118641 0.07143198704912873 0.07182178114707105 0.07221157524501337 0.07260136934295569 0.07280276816070852 0.07280276816070852 0.07280276816070852 0.07280276816070852 0.07280276816070852 0.07280276816070852 0.07280276816070852 0.07280276816070852 0.07280276816070852 0.07280276816070852 0.07280276816070852 0.07280276816070852 0.07092369746493221 0.06703585766969172 0.0631480178744446 0.059260178079204105 0.05537233828396361 0.05148449848872312 0.047596658693482626 0.04370881889824213 0.03982097910300164 0.03593313930776115 0.03204529951252066 0.02815745971728016 0.026148690615946338 0.026148690615946338 0.026148690615946338 0.026148690615946338
0.024580184370332384 0.028432109484780248 0.03228403459922811 0.036135959713675975 0.03998788482812384 0.0438398099425717 0.04769173505701957 0.049448040674178226 0.04896408163088926 0.048480122587600295 0.047996163544311334 0.04751220450102237 0.04702824545773341 0.04654428641444444 0.04606032737115548 0.04557636832786652 0.045092409284577556 0.044608450241288594 0.044124491197999625 0.04387443923550528 0.04387443923550528 0.04387443923550528 0.04387443923550528 0.04387443923550528 0.04387443923550528 0.04387443923550528 0.04387443923550528 0.04387443923550528 0.04387443923550528 0.04387443923550528 0.04387443923550528 0.04274202112636049 0.04039902243052631 0.03805602373468813 0.03571302503885395 0.03337002634301977 0.03102702764718559 0.028684028951351408 0.026341030255517227 0.023998031559683046 0.021655032863848865 0.019312034168014684 0.016969035472180503 0.015758454884364382 0.015758454884364382 0.015758454884364382 0.015758454884364382
0.014914167706931039 0.017419199225852076 0.019924230744773116 0.02242926226369416 0.024934293782615198 0.027439325301536237 0.029944356820457277 0.030582447082766258 0.02922473489824601 0.027867022713725768 0.026509310529205524 0.02515159834468528 0.023793886160165038 0.022436173975644794 0.021078461791124548 0.019720749606604304 0.01836303742208406 0.017005325237563818 0.015647613053043574 0.014946110310302052 0.014946110310302052 0.014946110310302052 0.014946110310302052 0.014946110310302052 0.014946110310302052 0.014946110310302052 0.014946110310302052 0.014946110310302052 0.014946110310302052 0.014946110310302052 0.014946110310302052 0.014560344787788775 0.013762187191360905 0.012964029594931674 0.012165871998503804 0.011367714402075934 0.010569556805648066 0.009771399209220197 0.008973241612792327 0.008175084016364458 0.007376926419936588 0.006578768823508718 0.005780611227080849 0.005368219152782426 0.005368219152782426 0.005368219152782426 0.005368219152782426
0.009920123575106049 0.01172926905418589 0.013538414533265732 0.015347560012345574 0.017156705491425416 0.01896585097050526 0.020774996449585102 0.020835349570994248 0.019026204091914148 0.017217058612834048 0.01540791313375395 0.01359876765467385 0.011789622175593751 0.00998047669651365 0.008171331217433552 0.006362185738353452 0.004553040259273354 0.002743894780193254 0.0009347493011131539 0.0 0.0 0.0 0.0 0.0 0.0 0.0 0.0 0.0 0.0 0.0 0.0 0.0 0.0 0.0 0.0 0.0 0.0 0.0 0.0 0.0 0.0 0.0 0.0 0.0 0.0 0.0 0.0
0.009920123575106049 0.01172926905418589 0.013538414533265732 0.015347560012345574 0.017156705491425416 0.01896585097050526 0.020774996449585102 0.020835349570994248 0.019026204091914148 0.017217058612834048 0.01540791313375395 0.01359876765467385 0.011789622175593751 0.00998047669651365 0.008171331217433552 0.006362185738353452 0.004553040259273354 0.002743894780193254 0.0009347493011131539 0.0 0.0 0.0 0.0 0.0 0.0 0.0 0.0 0.0 0.0 0.0 0.0 0.0 0.0 0.0 0.0 0.0 0.0 0.0 0.0 0.0 0.0 0.0 0.0 0.0 0.0 0.0 0.0
0.009920123575106049 0.01172926905418589 0.013538414533265732 0.015347560012345574 0.017156705491425416 0.01896585097050526 0.020774996449585102 0.020835349570994248 0.019026204091914148 0.017217058612834048 0.01540791313375395 0.01359876765467385 0.011789622175593751 0.00998047669651365 0.008171331217433552 0.006362185738353452 0.004553040259273354 0.002743894780193254 0.0009347493011131539 0.0 0.0 0.0 0.0 0.0 0.0 0.0 0.0 0.0 0.0 0.0 0.0 0.0 0.0 0.0 0.0 0.0 0.0 0.0 0.0 0.0 0.0 0.0 0.0 0.0 0.0 0.0 0.0
0.009920123575106049 0.01172926905418589 0.013538414533265732 0.015347560012345574 0.017156705491425416 0.01896585097050526 0.020774996449585102 0.020835349570994248 0.019026204091914148 0.017217058612834048 0.01540791313375395 0.01359876765467385 0.011789622175593751 0.00998047669651365 0.008171331217433552 0.006362185738353452 0.004553040259273354 0.002743894780193254 0.0009347493011131539 0.0 0.0 0.0 0.0 0.0 0.0 0.0 0.0 0.0 0.0 0.0 0.0 0.0 0.0 0.0 0.0 0.0 0.0 0.0 0.0 0.0 0.0 0.0 0.0 0.0 0.0 0.0 0.0
0.009920123575106049 0.01172926905418589 0.013538414533265732 0.015347560012345574 0.017156705491425416 0.01896585097050526 0.020774996449585102 0.020835349570994248 0.019026204091914148 0.017217058612834048 0.01540791313375395 0.01359876765467385 0.011789622175593751 0.00998047669651365 0.008171331217433552 0.006362185738353452 0.004553040259273354 0.002743894780193254 0.0009347493011131539 0.0 0.0 0.0 0.0 0.0 0.0 0.0 0.0 0.0 0.0 0.0 0.0 0.0 0.0 0.0 0.0 0.0 0.0 0.0 0.0 0.0 0.0 0.0 0.0 0.0 0.0 0.0 0.0
0.009920123575106049 0.01172926905418589 0.013538414533265732 0.015347560012345574 0.017156705491425416 0.01896585097050526 0.020774996449585102 0.020835349570994248 0.019026204091914148 0.017217058612834048 0.01540791313375395 0.01359876765467385 0.011789622175593751 0.00998047669651365 0.008171331217433552 0.006362185738353452 0.004553040259273354 0.002743894780193254 0.0009347493011131539 0.0 0.0 0.0 0.0 0.0 0.0 0.0 0.0 0.0 0.0 0.0 0.0 0.0 0.0 0.0 0.0 0.0 0.0 0.0 0.0 0.0 0.0 0.0 0.0 0.0 0.0 0.0 0.0
0.009920123575106049 0.01172926905418589 0.013538414533265732 0.015347560012345574 0.017156705491425416 0.01896585097050526 0.020774996449585102 0.020835349570994248 0.019026204091914148 0.017217058612834048 0.01540791313375395 0.01359876765467385 0.011789622175593751 0.00998047669651365 0.008171331217433552 0.006362185738353452 0.004553040259273354 0.002743894780193254 0.0009347493011131539 0.0 0.0 0.0 0.0 0.0 0.0 0.0 0.0 0.0 0.0 0.0 0.0 0.0 0.0 0.0 0.0 0.0 0.0 0.0 0.0 0.0 0.0 0.0 0.0 0.0 0.0 0.0 0.0
0.009920123575106049 0.01172926905418589 0.013538414533265732 0.015347560012345574 0.017156705491425416 0.01896585097050526 0.020774996449585102 0.020835349570994248 0.019026204091914148 0.017217058612834048 0.01540791313375395 0.01359876765467385 0.011789622175593751 0.00998047669651365 0.008171331217433552 0.006362185738353452 0.004553040259273354 0.002743894780193254 0.0009347493011131539 0.0 0.0 0.0 0.0 0.0 0.0 0.0 0.0 0.0 0.0 0.0 0.0 0.0 0.0 0.0 0.0 0.0 0.0 0.0 0.0 0.0 0.0 0.0 0.0 0.0 0.0 0.0 0.0
0.009920123575106049 0.01172926905418589 0.013538414533265732 0.015347560012345574 0.017156705491425416 0.01896585097050526 0.020774996449585102 0.020835349570994248 0.019026204091914148 0.017217058612834048 0.01540791313375395 0.01359876765467385 0.011789622175593751 0.00998047669651365 0.008171331217433552 0.006362185738353452 0.004553040259273354 0.002743894780193254 0.0009347493011131539 0.0 0.0 0.0 0.0 0.0 0.0 0.0 0.0 0.0 0.0 0.0 0.0 0.0 0.0 0.0 0.0 0.0 0.0 0.0 0.0 0.0 0.0 0.0 0.0 0.0 0.0 0.0 0.0
0.009920123575106049 0.01172926905418589 0.013538414533265732 0.015347560012345574 0.017156705491425416 0.01896585097050526 0.020774996449585102 0.020835349570994248 0.019026204091914148 0.017217058612834048 0.01540791313375395 0.01359876765467385 0.011789622175593751 0.00998047669651365 0.008171331217433552 0.006362185738353452 0.004553040259273354 0.002743894780193254 0.0009347493011131539 0.0 0.0 0.0 0.0 0.0 0.0 0.0 0.0 0.0 0.0 0.0 0.0 0.0 0.0 0.0 0.0 0.0 0.0 0.0 0.0 0.0 0.0 0.0 0.0 0.0 0.0 0.0 0.0
0.009920123575106049 0.01172926905418589 0.013538414533265732 0.015347560012345574 0.017156705491425416 0.01896585097050526 0.020774996449585102 0.020835349570994248 0.019026204091914148 0.017217058612834048 0.01540791313375395 0.01359876765467385 0.011789622175593751 0.00998047669651365 0.008171331217433552 0.006362185738353452 0.004553040259273354 0.002743894780193254 0.0009347493011131539 0.0 0.0 0.0 0.0 0.0 0.0 0.0 0.0 0.0 0.0 0.0 0.0 0.0 0.0 0.0 0.0 0.0 0.0 0.0 0.0 0.0 0.0 0.0 0.0 0.0 0.0 0.0 0.0
