Figures/CREST_Example_wjb_NSE/Rolling_result/20100722/BJP_forecast/ens_36/wjb.rain.20100727.asc
ncols            288
nrows            254
xllcorner        113.274861
yllcorner        31.4918055
cellsize         0.008333333333
NODATA_value     -9999
[rows 189 to 215 of 254, columns 180 to 239 of 288]
0.0 0.0 0.0 0.0 0.0 0.0 0.0 0.0 0.0 0.0 0.0 0.0 0.0 0.0 0.0 0.0 0.0 0.0 0.0 0.0 0.0 0.0 0.0 0.0 0.0 0.0 0.0 0.0 0.0 0.0 0.0 0.0 0.0 0.0 0.0 0.0 0.0 0.0 0.0 0.0 0.0 0.0 0.0 0.0 0.0 0.0 0.0 0.0 0.0 0.0 0.0 0.0 0.0 0.0 0.0 0.0 0.0 0.0 0.0 0.0
0.0 0.0 0.0 0.0 0.0 0.0 0.0 0.0 0.0 0.0 0.0 0.0 0.0 0.0 0.0 0.0 0.0 0.0 0.0 0.0 0.0 0.0 0.0 0.0 0.0 0.0 0.0 0.0 0.0 0.0 0.0 0.0 0.0 0.0 0.0 0.0 0.0 0.0 0.0 0.0 0.0 0.0 0.0 0.0 0.0 0.0 0.0 0.0 0.0 0.0 0.0 0.0 0.0 0.0 0.0 0.0 0.0 0.0 0.0 0.0
0.0 0.0 0.0 0.0 0.0 0.0 0.0 0.0 0.0 0.0 0.0 0.0 0.0 0.0 0.0 0.0 0.0 0.0 0.0 0.0 0.0 0.0 0.0 0.0 0.0 0.0 0.0 0.0 0.0 0.0 0.0 0.0 0.0 0.0 0.0 0.0 0.0 0.0 0.0 0.0 0.0 0.0 0.0 0.0 0.0 0.0 0.0 0.0 0.0 0.0 0.0 0.0 0.0 0.0 0.0 0.0 0.0 0.0 0.0 0.0
0.0 0.0 0.0 0.0 0.0 0.0 0.0 0.0 0.0 0.0 0.0 0.0 0.0 0.0 0.0 0.0 0.0 0.0 0.0 0.0 0.0 0.0 0.0 0.0 0.0 0.0 0.0 0.0 0.0 0.0 0.0 0.0 0.0 0.0 0.0 0.0 0.0 0.0 0.0 0.0 0.0 0.0 0.0 0.0 0.0 0.0 0.0 0.0 0.0 0.0 0.0 0.0 0.0 0.0 0.0 0.0 0.0 0.0 0.0 0.0
0.0 0.0 0.0 0.0 0.0 0.0 0.0 0.0 0.0 0.0 0.0 0.0 0.0 0.0 0.0 0.0005923116965038307 0.0018178179988775339 0.003043324301251237 0.00426883060362494 0.005494336905998643 0.006719843208372346 0.007945349510746049 0.009170855813119752 0.010396362115493456 0.011621868417867158 0.012847374720240862 0.014072881022614565 0.014603662898604222 0.014391768641746473 0.014179874384889084 0.013967980128031696 0.013756085871174308 0.013544191614316919 0.01333229735745953 0.013120403100602142 0.012908508843744754 0.012696614586887365 0.012484720330029977 0.012272826073172588 0.011673445581724068 0.010659833536207896 0.009646221490689997 0.008632609445173826 0.007618997399657656 0.0066053853541414844 0.005591773308625314 0.004578161263109143 0.0035645492175929716 0.0025509371720768004 0.0015373251265606309 0.0005237130810444596 0.0 0.0 0.0 0.0 0.0 0.0 0.0 0.0 0.0
0.0 0.0 0.0 0.0 0.0 0.0 0.0 0.0 0.0 0.0 0.0 0.0 0.0 0.0 0.0 0.0018177672630100886 0.005578768861014246 0.009339770459018402 0.013100772057022559 0.016861773655026717 0.020622775253030873 0.02438377685103503 0.028144778449039187 0.03190578004704334 0.035666781645047496 0.039427783243051656 0.04318878484105581 0.04481772096314848 0.04416743084460214 0.043517140726056905 0.04286685060751167 0.04221656048896644 0.0415662703704212 0.04091598025187597 0.040265690133330735 0.0396154000147855 0.03896510989624027 0.03831481977769503 0.0376645296591498 0.03582506871000244 0.03271435723054396 0.02960364575108017 0.026492934271621693 0.02338222279216321 0.02027151131270473 0.017160799833246247 0.014050088353787769 0.010939376874329287 0.007828665394870805 0.004717953915412326 0.0016072424359538443 0.0 0.0 0.0 0.0 0.0 0.0 0.0 0.0 0.0
0.0 0.0 0.0 0.0 0.0 0.0 0.0 0.0 0.0 0.0 0.0 0.0 0.0 0.0 0.0 0.0030432228295158258 0.009339719723149358 0.01563621661678289 0.021932713510416424 0.028229210404049958 0.03452570729768349 0.04082220419131702 0.04711870108495055 0.053415197978584086 0.05971169487221762 0.06600819176585115 0.07230468865948468 0.07503177902767989 0.07394309304744515 0.07285440706721225 0.07176572108697933 0.07067703510674643 0.06958834912651353 0.06849966314628063 0.06741097716604773 0.06632229118581483 0.06523360520558193 0.06414491922534903 0.06305623324511613 0.05997669183827045 0.054768880924870554 0.04956107001146179 0.0443532590980619 0.03914544818466201 0.03393763727126211 0.02872982635786222 0.02352201544446233 0.018314204531062438 0.013106393617662547 0.007898582704262656 0.0026907717908627657 0.0 0.0 0.0 0.0 0.0 0.0 0.0 0.0 0.0
0.0 0.0 0.0 0.0 0.0 0.0 0.0 0.0 0.0 0.0 0.0 0.0 0.0 0.0 0.0 0.0042686783960215625 0.013100670585284472 0.02193266277454738 0.030764654963810287 0.0395966471530732 0.048428639342336106 0.057260631531599014 0.06609262372086193 0.07492461591012484 0.08375660809938774 0.09258860028865065 0.10142059247791356 0.10524583709221132 0.10371875525028815 0.10219167340836759 0.10066459156644703 0.09913750972452645 0.09761042788260589 0.09608334604068533 0.09455626419876476 0.0930291823568442 0.09150210051492363 0.08997501867300306 0.0884479368310825 0.08412831496653851 0.0768234046191972 0.06951849427184345 0.06221358392450214 0.05490867357716083 0.047603763229819525 0.04029885288247822 0.03299394253513691 0.025689032187795606 0.018384121840454307 0.011079211493113 0.003774301145771694 0.0 0.0 0.0 0.0 0.0 0.0 0.0 0.0 0.0
0.0 0.0 0.0 0.0 0.0 0.0 0.0 0.0 0.0 0.0 0.0 0.0 0.0 0.0 0.0 0.005494133962527823 0.01686162144742119 0.028229108932314558 0.039596596417207926 0.05096408390210129 0.06233157138699466 0.07369905887188802 0.08506654635678139 0.09643403384167476 0.10780152132656813 0.11916900881146149 0.13053649629635486 0.13545989515675563 0.13349441745314386 0.13152893974953545 0.12956346204592703 0.1275979843423186 0.12563250663871017 0.12366702893510176 0.12170155123149334 0.11973607352788493 0.1177705958242765 0.11580511812066809 0.11383964041705966 0.10827993809481683 0.09887792831353322 0.08947591853223358 0.08007390875094997 0.07067189896966636 0.06126988918838275 0.05186787940709913 0.04246586962581553 0.03306385984453192 0.023661850063248308 0.014259840281964697 0.004857830500681087 0.0 0.0 0.0 0.0 0.0 0.0 0.0 0.0 0.0
0.0 0.0 0.0 0.0 0.0 0.0 0.0 0.0 0.0 0.0 0.0 0.0 0.0 0.0 0.0 0.00671958952903356 0.020622572309556303 0.03452555509007905 0.048428537870601786 0.06233152065112453 0.07623450343164727 0.09013748621217002 0.10404046899269276 0.1179434517732155 0.13184643455373823 0.145749417334261 0.15965240011478374 0.16567395322128706 0.16327007965598686 0.16086620609069077 0.1584623325253947 0.15605845896009862 0.15365458539480253 0.15125071182950645 0.14884683826421036 0.1464429646989143 0.1440390911336182 0.14163521756832212 0.13923134400302606 0.1324315612230849 0.12093245200785988 0.10943334279261523 0.0979342335773902 0.08643512436216519 0.07493601514694015 0.06343690593171512 0.0519377967164901 0.04043868750126507 0.028939578286040046 0.01744046907081502 0.005941359855589995 0.0 0.0 0.0 0.0 0.0 0.0 0.0 0.0 0.0
0.0 0.0 0.0 0.0 0.0 0.0 0.0 0.0 0.0 0.0 0.0 0.0 0.0 0.0 0.0 0.007945045095539296 0.024383523171691412 0.04082200124784353 0.057260479323995646 0.07369895740014776 0.09013743547629988 0.106575913552452 0.12301439162860411 0.13945286970475623 0.15589134778090835 0.17232982585706047 0.1887683039332126 0.19588801128581845 0.19304574185882986 0.19020347243184613 0.18736120300486236 0.18451893357787863 0.18167666415089487 0.17883439472391113 0.17599212529692737 0.17314985586994364 0.1703075864429599 0.16746531701597614 0.16462304758899238 0.15658318435135293 0.1429869757021865 0.12939076705299687 0.11579455840383043 0.10219834975466399 0.08860214110549755 0.07500593245633112 0.06140972380716468 0.04781351515799824 0.03421730650883181 0.02062109785966537 0.00702488921049893 0.0 0.0 0.0 0.0 0.0 0.0 0.0 0.0 0.0
0.0 0.0 0.0 0.0 0.0 0.0 0.0 0.0 0.0 0.0 0.0 0.0 0.0 0.0 0.0 0.009170500662045557 0.02814447403382813 0.047118447405610706 0.06609242077739329 0.08506639414917586 0.10404036752095844 0.123014340892741 0.14198831426452357 0.16096228763630616 0.17993626100808874 0.19891023437987132 0.21788420775165387 0.22610206935036278 0.22282140406168557 0.21954073877301397 0.21626007348434237 0.2129794081956708 0.2096987429069992 0.2064180776183276 0.203137412329656 0.19985674704098438 0.19657608175231278 0.19329541646364118 0.19001475117496958 0.18073480747963128 0.16504149939652252 0.14934819131338703 0.13365488323027827 0.11796157514716953 0.10226826706406078 0.08657495898095204 0.07088165089784329 0.05518834281473456 0.0394950347316258 0.02380172664851707 0.00810841856540831 0.0 0.0 0.0 0.0 0.0 0.0 0.0 0.0 0.0
0.0 0.0 0.0 0.0 0.0 0.0 0.0 0.0 0.0 0.0 0.0 0.0 0.0 0.0 0.0 0.010395956228551294 0.03190542489596325 0.0534148935633752 0.07492436223078715 0.09643383089819911 0.11794329956561106 0.13945276823302302 0.16096223690043496 0.18247170556784692 0.20398117423525888 0.22549064290267082 0.24700011157008278 0.2563161274148942 0.2525970662645286 0.24887800511416933 0.24515894396381005 0.2414398828134508 0.23772082166309152 0.23400176051273225 0.230282699362373 0.22656363821201372 0.22284457706165445 0.2191255159112952 0.21540645476093592 0.20488643060789932 0.18709602309084916 0.16930561557376866 0.1515152080567185 0.13372480053966834 0.11593439302261818 0.09814398550556802 0.08035357798851786 0.0625631704714677 0.04477276295441754 0.026982355437367378 0.009191947920317217 0.0 0.0 0.0 0.0 0.0 0.0 0.0 0.0 0.0
0.0 0.0 0.0 0.0 0.0 0.0 0.0 0.0 0.0 0.0 0.0 0.0 0.0 0.0 0.0 0.01162141179505703 0.035666375758098355 0.059711339721139685 0.08375630368418101 0.10780126764722234 0.13184623161026365 0.155891195573305 0.1799361595363463 0.20398112349938766 0.22802608746242897 0.2520710514254703 0.2761160153885116 0.2865301854794256 0.2823727284673716 0.27821527145532465 0.2740578144432777 0.2699003574312308 0.26574290041918386 0.2615854434071369 0.25742798639509 0.25327052938304306 0.24911307237099614 0.24495561535894922 0.24079815834690227 0.22903805373616734 0.20915054678517578 0.18926303983415027 0.1693755328831587 0.14948802593216715 0.12960051898117558 0.10971301203018399 0.08982550507919243 0.06993799812820084 0.05005049117720928 0.030162984226217715 0.010275477275226125 0.0 0.0 0.0 0.0 0.0 0.0 0.0 0.0 0.0
0.0 0.0 0.0 0.0 0.0 0.0 0.0 0.0 0.0 0.0 0.0 0.0 0.0 0.0 0.0 0.012846867361562769 0.039427326620233474 0.06600778587890418 0.09258824513757488 0.11916870439624559 0.1457491636549163 0.172329622913587 0.1989100821722577 0.22549054143092842 0.2520710006895991 0.27865145994826984 0.30523191920694054 0.316744243543957 0.3121483906702146 0.30755253779648 0.3029566849227454 0.2983608320490108 0.2937649791752762 0.2891691263015416 0.284573273427807 0.27997742055407243 0.27538156768033784 0.27078571480660324 0.26618986193286864 0.2531896768644354 0.2312050704795024 0.20922046409453193 0.18723585770959894 0.16525125132466595 0.14326664493973298 0.12128203855479999 0.09929743216986703 0.07731282578493404 0.055328219400001044 0.03334361301506808 0.01135900663013506 0.0 0.0 0.0 0.0 0.0 0.0 0.0 0.0 0.0
0.0 0.0 0.0 0.0 0.0 0.0 0.0 0.0 0.0 0.0 0.0 0.0 0.0 0.0 0.0 0.014072322928069028 0.04318827748237019 0.07230423203667134 0.1014201865909725 0.13053614114527368 0.15965209569957484 0.188768050253876 0.21788400480817716 0.24699995936247832 0.2761159139167795 0.30523186847108064 0.3343478230253818 0.34695830160850133 0.3419240528730703 0.33688980413764785 0.3318555554022254 0.3268213066668029 0.3217870579313805 0.31675280919595805 0.3117185604605356 0.3066843117251131 0.3016500629896907 0.29661581425426825 0.2915815655188458 0.27734129999271373 0.2532595941738384 0.22917788835492206 0.20509618253604678 0.18101447671717147 0.1569327708982962 0.1328510650794209 0.10876935926054562 0.08468765344167034 0.06060594762279503 0.03652424180391978 0.012442535985044467 0.0 0.0 0.0 0.0 0.0 0.0 0.0 0.0 0.0
0.0 0.0 0.0 0.0 0.0 0.0 0.0 0.0 0.0 0.0 0.0 0.0 0.0 0.0 0.0 0.015107639400087625 0.04636568716122434 0.07762373492236106 0.10888178268349777 0.1401398304446345 0.1713978782057712 0.20265592596690793 0.23391397372804462 0.26517202148918134 0.29643006925031806 0.3276881170114548 0.3589461647725915 0.37203296604811703 0.3656942936301475 0.35935562121218884 0.3530169487942301 0.3466782763762714 0.34033960395831275 0.33400093154035404 0.3276622591223953 0.32132358670443667 0.31498491428647796 0.3086462418685193 0.3023075694505606 0.2869884718575624 0.2620690965143879 0.23714972117117092 0.21223034582799644 0.18731097048482195 0.16239159514164747 0.137472219798473 0.1125528444552985 0.08763346911212402 0.06271409376894954 0.03779471842577509 0.012875343082600577 0.014157195473185022 0.014157195473185022 0.014157195473185022 0.014157195473185022 0.014157195473185022 0.014157195473185022 0.014157195473185022 0.014157195473185022 0.014157195473185022
0.0 0.0 0.0 0.0 0.0 0.0 0.0 0.0 0.0 0.0 0.0 0.0 0.0 0.0 0.0 0.01593970916422548 0.048919328094705034 0.08189894702518459 0.11487856595566415 0.1478581848861437 0.18083780381662326 0.2138174227471028 0.24679704167758237 0.27977666060806194 0.31275627953854146 0.34573589846902103 0.3787155173995006 0.39161394262945765 0.3830451173726408 0.37447629211583855 0.3659074668590363 0.3573386416022341 0.34876981634543186 0.3402009910886296 0.3316321658318274 0.32306334057502517 0.3144945153182229 0.30592569006142073 0.2973568648046185 0.281131299511357 0.2567205058376832 0.2323097121639677 0.20789891849029385 0.18348812481661997 0.15907733114294612 0.13466653746927226 0.11025574379559841 0.08584495012192456 0.061434156448250704 0.03702336277457685 0.01261256910090297 0.014157195473185022 0.014157195473185022 0.014157195473185022 0.014157195473185022 0.014157195473185022 0.014157195473185022 0.014157195473185022 0.014157195473185022 0.014157195473185022
0.0 0.0 0.0 0.0 0.0 0.0 0.0 0.0 0.0 0.0 0.0 0.0 0.0 0.0 0.0 0.016771778928363682 0.0514729690281868 0.08617415912800992 0.12087534922783304 0.15557653932765617 0.19027772942747928 0.2249789195273024 0.2596801096271255 0.29438129972694865 0.32908248982677174 0.3637836799265949 0.398484870026418 0.4111949192108065 0.4003959411151414 0.38959696301949465 0.3787979849238479 0.36799900682820125 0.3572000287325545 0.3464010506369078 0.3356020725412611 0.3248030944456144 0.31400411634996767 0.303205138254321 0.29240616015867427 0.2752741271651492 0.2513719151609762 0.2274697031567624 0.2035674911525894 0.1796652791484164 0.15576306714424337 0.13186085514007037 0.10795864313589737 0.08405643113172437 0.06015421912755134 0.03625200712337834 0.012349795119205309 0.014157195473185022 0.014157195473185022 0.014157195473185022 0.014157195473185022 0.014157195473185022 0.014157195473185022 0.014157195473185022 0.014157195473185022 0.014157195473185022
0.0 0.0 0.0 0.0 0.0 0.0 0.0 0.0 0.0 0.0 0.0 0.0 0.0 0.0 0.0 0.017603848692501537 0.05402660996166749 0.09044937123083345 0.1268721324999994 0.16329489376916537 0.1997176550383313 0.23614041630749727 0.2725631775766632 0.3089859388458292 0.34540870011499514 0.3818314613841611 0.41825422265332707 0.4307758957921471 0.4177467648576346 0.4047176339231444 0.39168850298865415 0.3786593720541639 0.3656302411196737 0.3526011101851834 0.33957197925069316 0.32654284831620295 0.31351371738171274 0.3004845864472225 0.2874554555127322 0.2694169548189439 0.2460233244842715 0.22262969414955924 0.19923606381488684 0.17584243348021444 0.15244880314554207 0.12905517281086967 0.1056615424761973 0.0822679121415249 0.05887428180685253 0.03548065147218013 0.012087021137507759 0.014157195473185022 0.014157195473185022 0.014157195473185022 0.014157195473185022 0.014157195473185022 0.014157195473185022 0.014157195473185022 0.014157195473185022 0.014157195473185022
0.0 0.0 0.0 0.0 0.0 0.0 0.0 0.0 0.0 0.0 0.0 0.0 0.0 0.0 0.0 0.01843591845663939 0.056580250895148176 0.09472458333365696 0.13286891577216575 0.17101324821067454 0.20915758064918333 0.24730191308769214 0.2854462455262009 0.3235905779647097 0.3617349104032185 0.39987924284172727 0.4380235752802361 0.4503568723734877 0.4350975886001279 0.41983830482679413 0.40457902105346033 0.3893197372801266 0.3740604535067928 0.358801169733459 0.34354188596012525 0.3282826021867915 0.3130233184134577 0.2977640346401239 0.28250475086679017 0.26355978247273854 0.2406747338075668 0.21778968514235603 0.19490463647718426 0.1720195878120125 0.14913453914684074 0.12624949048166897 0.10336444181649723 0.08047939315132546 0.05759434448615369 0.03470929582098195 0.011824247155810208 0.014157195473185022 0.014157195473185022 0.014157195473185022 0.014157195473185022 0.014157195473185022 0.014157195473185022 0.014157195473185022 0.014157195473185022 0.014157195473185022
0.0 0.0 0.0 0.0 0.0 0.0 0.0 0.0 0.0 0.0 0.0 0.0 0.0 0.0 0.0 0.01926798822077759 0.05913389182862994 0.0989997954364823 0.13886569904433466 0.178731602652187 0.21859750626003935 0.2584634098678917 0.29832931347574404 0.3381952170835964 0.37806112069144876 0.4179270242993011 0.4577929279071535 0.4699378489548366 0.4524484123426285 0.4349589757304502 0.417469539118272 0.3999801025060937 0.38249066589391545 0.3650012292817372 0.34751179266955895 0.33002235605738073 0.31253291944520245 0.2950434828330242 0.27755404622084595 0.25770261012653073 0.2353261431308598 0.21294967613515073 0.1905732091394798 0.1681967421438089 0.14582027514813797 0.12344380815246705 0.10106734115679614 0.07869087416112525 0.05631440716545433 0.03393794016978341 0.011561473174112491 0.014157195473185022 0.014157195473185022 0.014157195473185022 0.014157195473185022 0.014157195473185022 0.014157195473185022 0.014157195473185022 0.014157195473185022 0.014157195473185022
0.0 0.0 0.0 0.0 0.0 0.0 0.0 0.0 0.0 0.0 0.0 0.0 0.0 0.0 0.0 0.020100057984915442 0.06168753276211063 0.10327500753930582 0.144862482316501 0.1864499570936962 0.22803743187089137 0.2696249066480866 0.31121238142528174 0.35279985620247695 0.3943873309796721 0.4359748057568673 0.4775622805340625 0.48951882553617715 0.46979923608512175 0.45007964663409994 0.4303600571830782 0.41064046773205637 0.39092087828103456 0.3712012888300128 0.351481699378991 0.3317621099279692 0.3120425204769474 0.2923229310259256 0.27260334157490385 0.25184543778032537 0.22997755245415508 0.20810966712794748 0.1862417818017772 0.1643738964756069 0.14250601114943662 0.12063812582326633 0.09877024049709604 0.07690235517092575 0.05503446984475546 0.033166584518585174 0.011298699192414885 0.014157195473185022 0.014157195473185022 0.014157195473185022 0.014157195473185022 0.014157195473185022 0.014157195473185022 0.014157195473185022 0.014157195473185022 0.014157195473185022
0.0 0.0 0.0 0.0 0.0 0.0 0.0 0.0 0.0 0.0 0.0 0.0 0.0 0.0 0.0 0.020932127749053297 0.06424117369559132 0.10755021964212934 0.15085926558866736 0.1941683115352054 0.23747735748174342 0.28078640342828143 0.32409544937481943 0.3674044953213575 0.4107135412678955 0.4540225872144335 0.49733163316097156 0.5090998021175178 0.487150059827615 0.4652003175377497 0.44325057524788436 0.42130083295801907 0.3993510906681537 0.3774013483782884 0.3554516060884231 0.33350186379855773 0.31155212150869244 0.28960237921882714 0.2676526369289618 0.24598826543412008 0.2246289617774504 0.20326965812074432 0.18191035446407466 0.160551050807405 0.13919174715073535 0.11783244349406566 0.096473139837396 0.07511383618072634 0.05375453252405668 0.03239522886738702 0.011035925210717334 0.014157195473185022 0.014157195473185022 0.014157195473185022 0.014157195473185022 0.014157195473185022 0.014157195473185022 0.014157195473185022 0.014157195473185022 0.014157195473185022
0.0 0.0 0.0 0.0 0.0 0.0 0.0 0.0 0.0 0.0 0.0 0.0 0.0 0.0 0.0 0.0217641975131915 0.06679481462907308 0.11182543174495467 0.15685604886083626 0.20188666597671784 0.24691728309259942 0.291947900208481 0.33697851732436257 0.38200913444024415 0.4270397515561258 0.47207036867200736 0.5171009857878889 0.5286807786988666 0.5045008835701156 0.4803209884414058 0.45614109331269603 0.4319611981839862 0.4077813030552764 0.3836014079265666 0.3594215127978568 0.33524161766914695 0.3110617225404372 0.2868818274117274 0.2627019322830176 0.24013109308791222 0.21928037110074342 0.19842964911353903 0.1775789271263702 0.15672820513920138 0.13587748315203257 0.11502676116486374 0.09417603917769493 0.0733253171905261 0.05247459520335729 0.03162387321618848 0.010773151229019645 0.014157195473185022 0.014157195473185022 0.014157195473185022 0.014157195473185022 0.014157195473185022 0.014157195473185022 0.014157195473185022 0.014157195473185022 0.014157195473185022
0.0 0.0 0.0 0.0 0.0 0.0 0.0 0.0 0.0 0.0 0.0 0.0 0.0 0.0 0.0 0.022596267277329354 0.06934845556255378 0.11610064384777821 0.16285283213300264 0.20960502041822707 0.25635720870345147 0.3031093969886759 0.3498615852739003 0.39661377355912475 0.4433659618443492 0.4901181501295736 0.536870338414798 0.5482617552802073 0.5218517073126089 0.4954416593450556 0.46903161137750227 0.4426215634099489 0.41621151544239554 0.38980146747484223 0.36339141950728887 0.3369813715397355 0.3105713235721822 0.28416127560462884 0.25775122763707553 0.2342739207417069 0.21393178042403868 0.1935896401063358 0.1732474997886676 0.15290535947099942 0.13256321915333122 0.11222107883566301 0.09187893851799483 0.07153679820032663 0.05119465788265845 0.030852517564990245 0.01051037724732204 0.014157195473185022 0.014157195473185022 0.014157195473185022 0.014157195473185022 0.014157195473185022 0.014157195473185022 0.014157195473185022 0.014157195473185022 0.014157195473185022
0.0 0.0 0.0 0.0 0.0 0.0 0.0 0.0 0.0 0.0 0.0 0.0 0.0 0.0 0.0 0.023428337041467205 0.07190209649603446 0.12037585595060173 0.168849615405169 0.21732337485973627 0.2657971343143035 0.3142708937688708 0.362744653223438 0.4112184126780053 0.4596921721325726 0.5081659315871399 0.5566396910417071 0.5678427318615479 0.5392025310551022 0.5105623302487052 0.4819221294423084 0.45328192863591155 0.42464172782951465 0.39600152702311775 0.3673613262167209 0.33872112541032406 0.31008092460392717 0.28144072379753027 0.2528005229911334 0.22841674839550155 0.20858318974733397 0.1887496310991326 0.16891607245096502 0.14908251380279747 0.1292489551546299 0.10941539650646231 0.08958183785829477 0.06974827921012719 0.049914720561959613 0.030081161913792065 0.010247603265624489 0.014157195473185022 0.014157195473185022 0.014157195473185022 0.014157195473185022 0.014157195473185022 0.014157195473185022 0.014157195473185022 0.014157195473185022 -9999.0
