Figures/CREST_Example_wjb_NSE/Rolling_result/20100722/BJP_forecast/ens_36/wjb.rain.20091107.asc
ncols            288
nrows            254
xllcorner        113.274861
yllcorner        31.4918055
cellsize         0.008333333333
NODATA_value     -9999
[rows 125 to 149 of 254, columns 0 to 56 of 288]
-9999.0 -9999.0 -9999.0 -9999.0 -9999.0 -9999.0 -9999.0 -9999.0 -9999.0 -9999.0 -9999.0 0.0 0.0 0.0 0.0 0.0005870115700365145 0.0018015517727303215 0.0030160919754241284 0.004230632178117935 0.005445172380811742 0.006659712583505549 0.007874252786199357 0.009088792988893164 0.01030333319158697 0.011517873394280778 0.012732413596974584 0.013946953799670463 0.014574482432909751 0.014574482432909751 0.014574482432909751 0.014574482432909751 0.014574482432909751 0.014574482432909751 0.014574482432909751 0.014574482432909751 0.014574482432909751 0.014574482432909751 0.014574482432909751 0.014574482432909751 0.020955894119807035 0.03415917912245741 0.047362464125107785 0.06056574912775816 0.07376903413040854 0.08697231913305892 0.10017560413570929 0.11337888913835967 0.12658217414101006 0.13978545914366042 0.1529887441463108 0.1661920291489612 0.1730139024710862 0.1730139024710862 0.1730139024710862 0.1730139024710862 0.1730139024710862 0.1730139024710862
-9999.0 -9999.0 -9999.0 -9999.0 -9999.0 -9999.0 -9999.0 -9999.0 -9999.0 -9999.0 -9999.0 0.0 0.0 0.0 0.0 0.0005089168350858359 0.0015618772665147997 0.0026148376979437636 0.0036677981293727277 0.004720758560801692 0.005773718992230656 0.00682667942365962 0.007879639855088584 0.008932600286517548 0.009985560717946512 0.011038521149375475 0.012091481580806236 0.012635525177653931 0.012635525177653931 0.012635525177653931 0.012635525177653931 0.012635525177653931 0.012635525177653931 0.012635525177653931 0.012635525177653931 0.012635525177653931 0.012635525177653931 0.012635525177653931 0.012635525177653931 0.01913897883167911 0.032594771422514435 0.046050564013349754 0.05950635660418509 0.0729621491950204 0.08641794178585573 0.09987373437669105 0.11332952696752638 0.1267853195583617 0.14024111214919702 0.15369690474003234 0.16715269733086766 0.1741050362741716 0.1741050362741716 0.1741050362741716 0.1741050362741716 0.1741050362741716 0.1741050362741716
-9999.0 -9999.0 -9999.0 -9999.0 -9999.0 -9999.0 -9999.0 -9999.0 -9999.0 -9999.0 -9999.0 0.0 0.0 0.0 0.0 0.0004308221001351571 0.001322202760299278 0.0022135834204633988 0.0031049640806275194 0.0039963447407916405 0.004887725400955761 0.005779106061119882 0.006670486721284003 0.007561867381448124 0.008453248041612245 0.009344628701776365 0.010236009361942007 0.01069656792239811 0.01069656792239811 0.01069656792239811 0.01069656792239811 0.01069656792239811 0.01069656792239811 0.01069656792239811 0.01069656792239811 0.01069656792239811 0.01069656792239811 0.01069656792239811 0.01069656792239811 0.017322063543551182 0.031030363722571452 0.044738663901591716 0.05844696408061199 0.07215526425963226 0.08586356443865253 0.0995718646176728 0.11328016479669306 0.12698846497571334 0.14069676515473362 0.1544050653337539 0.16811336551277417 0.175196170077257 0.175196170077257 0.175196170077257 0.175196170077257 0.175196170077257 0.175196170077257
-9999.0 -9999.0 -9999.0 -9999.0 -9999.0 -9999.0 -9999.0 -9999.0 -9999.0 -9999.0 -9999.0 0.0 0.0 0.0 0.0 0.0003527273651844783 0.001082528254083756 0.0018123291429830333 0.0025421300318823107 0.0032719309207815883 0.004001731809680866 0.0047315326985801435 0.005461333587479421 0.006191134476378699 0.006920935365277976 0.007650736254177254 0.008380537143077776 0.008757610667142288 0.008757610667142288 0.008757610667142288 0.008757610667142288 0.008757610667142288 0.008757610667142288 0.008757610667142288 0.008757610667142288 0.008757610667142288 0.008757610667142288 0.008757610667142288 0.008757610667142288 0.015505148255423254 0.02946595602262847 0.04342676378983369 0.05738757155703891 0.07134837932424412 0.08530918709144934 0.09926999485865456 0.11323080262585977 0.127191610393065 0.14115241816027022 0.15511322592747542 0.16907403369468066 0.1762873038803424 0.1762873038803424 0.1762873038803424 0.1762873038803424 0.1762873038803424 0.1762873038803424
-9999.0 -9999.0 -9999.0 -9999.0 -9999.0 -9999.0 -9999.0 -9999.0 -9999.0 -9999.0 0.0 0.0 0.0 0.0 0.0 0.0002746326302337996 0.0008428537478682339 0.0014110748655026682 0.001979295983137103 0.002547517100771537 0.0031157382184059715 0.0036839593360404057 0.00425218045367484 0.004820401571309274 0.0053886226889437085 0.005956843806578143 0.0065250649242135465 0.006818653411886467 0.006818653411886467 0.006818653411886467 0.006818653411886467 0.006818653411886467 0.006818653411886467 0.006818653411886467 0.006818653411886467 0.006818653411886467 0.006818653411886467 0.006818653411886467 0.006818653411886467 0.013688232967295324 0.027901548322685484 0.04211486367807564 0.056328179033465806 0.07054149438885596 0.08475480974424612 0.09896812509963629 0.11318144045502644 0.12739475581041662 0.1416080711658068 0.15582138652119693 0.1700347018765871 0.17737843768342776 0.17737843768342776 0.17737843768342776 0.17737843768342776 0.17737843768342776 0.17737843768342776
-9999.0 -9999.0 -9999.0 -9999.0 -9999.0 -9999.0 -9999.0 -9999.0 -9999.0 0.0 0.0 0.0 0.0 0.0 0.0 0.00019653789528312082 0.000603179241652712 0.0010098205880223032 0.0014164619343918943 0.0018231032807614854 0.0022297446271310763 0.0026363859735006674 0.0030430273198702586 0.0034496686662398497 0.0038563100126094408 0.004262951358979032 0.0046695927053493165 0.004879696156630645 0.004879696156630645 0.004879696156630645 0.004879696156630645 0.004879696156630645 0.004879696156630645 0.004879696156630645 0.004879696156630645 0.004879696156630645 0.004879696156630645 0.004879696156630645 0.004879696156630645 0.011871317679167395 0.026337140622742505 0.040802963566317615 0.055268786509892726 0.06973460945346782 0.08420043239704293 0.09866625534061804 0.11313207828419315 0.12759790122776826 0.14206372417134336 0.15652954711491848 0.17099537005849358 0.17846957148651316 0.17846957148651316 0.17846957148651316 0.17846957148651316 0.17846957148651316 0.17846957148651316
-9999.0 -9999.0 -9999.0 -9999.0 -9999.0 -9999.0 -9999.0 0.0 0.0 0.0 0.0 0.0 0.0 0.0 0.0 0.00011844316033237549 0.0003635047354369856 0.0006085663105415957 0.0008536278856462059 0.001098689460750816 0.0013437510358554263 0.0015888126109600362 0.0018338741860646464 0.0020789357611692566 0.0023239973362738668 0.002569058911378477 0.0028141204864835048 0.0029407389013731706 0.0029407389013731706 0.0029407389013731706 0.0029407389013731706 0.0029407389013731706 0.0029407389013731706 0.0029407389013731706 0.0029407389013731706 0.0029407389013731706 0.0029407389013731706 0.0029407389013731706 0.0029407389013731706 0.010054402391037918 0.02477273292279819 0.03949106345455845 0.05420939398631872 0.06892772451807899 0.08364605504983927 0.09836438558159953 0.11308271611335981 0.12780104664512007 0.14251937717688035 0.15723770770864062 0.17195603824040087 0.17956070528959947 0.17956070528959947 0.17956070528959947 0.17956070528959947 0.17956070528959947 0.17956070528959947
-9999.0 -9999.0 -9999.0 -9999.0 -9999.0 -9999.0 0.0 0.0 0.0 0.0 0.0 0.0 0.0 0.0 0.0 4.034842538169675e-05 0.0001238302292214637 0.00020731203306123064 0.0002907938369009976 0.0003742756407407645 0.0004577574445805315 0.0005412392484202984 0.0006247210522600654 0.0007082028560998323 0.0007916846599395992 0.0008751664637793662 0.0009586482676192755 0.0010017816461173493 0.0010017816461173493 0.0010017816461173493 0.0010017816461173493 0.0010017816461173493 0.0010017816461173493 0.0010017816461173493 0.0010017816461173493 0.0010017816461173493 0.0010017816461173493 0.0010017816461173493 0.0010017816461173493 0.00823748710290999 0.023208325222855205 0.038179163342800415 0.05315000146274563 0.06812083958269084 0.08309167770263605 0.09806251582258127 0.11303335394252648 0.1280041920624717 0.14297503018241692 0.15794586830236212 0.17291670642230736 0.18065183909268487 0.18065183909268487 0.18065183909268487 0.18065183909268487 0.18065183909268487 0.18065183909268487
-9999.0 -9999.0 -9999.0 0.0025089861543992685 0.0022911294322998394 -9999.0 0.0018554159881009815 0.0016375592660015524 0.0014197025439021235 0.0012018458218026945 0.0009839890997032656 0.0007661323776038365 0.0005482756555044077 0.00033041893340460694 0.0001125622113051783 0.0 0.0 0.0 0.0 0.0 0.0 0.0 0.0 0.0 0.0 0.0 0.0 0.0 0.0 0.0 0.0 0.0 0.0 0.0 0.0 0.0 0.0 0.0 0.0 0.0070822976949148474 0.02173573168845805 0.03638916568200125 0.051042599675544455 0.06569603366908765 0.08034946766263086 0.09500290165617406 0.10965633564971726 0.12430976964326046 0.13896320363680367 0.15361663763034686 0.16827007162389007 0.17584120792959018 0.17584120792959018 0.17584120792959018 0.17584120792959018 0.17584120792959018 0.17584120792959018
-9999.0 -9999.0 -9999.0 0.007699920340022176 0.007031331793703317 0.006362743247384457 0.005694154701065598 0.005025566154746738 0.00435697760842788 0.0036883890621090204 0.003019800515790161 0.0023512119694713025 0.001682623423152443 0.001014034876832444 0.0003454463305135845 0.0 0.0 0.0 0.0 0.0 0.0 0.0 0.0 0.0 0.0 0.0 0.0 0.0 0.0 0.0 0.0 0.0 0.0 0.0 0.0 0.0 0.0 0.0 0.0 0.006634451537228223 0.020361281709015272 0.03408811188080232 0.04781494205258937 0.061541772224376415 0.07526860239616347 0.08899543256795052 0.10272226273973756 0.11644909291152461 0.13017592308331166 0.14390275325509871 0.15762958342688577 0.16472196206806916 0.16472196206806916 0.16472196206806916 0.16472196206806916 0.16472196206806916 0.16472196206806916
-9999.0 -9999.0 -9999.0 0.012890854525645076 0.011771534155106787 0.010652213784568498 0.00953289341403021 0.00841357304349192 0.007294252672953631 0.006174932302415343 0.0050556119318770545 0.003936291561338765 0.002816971190800476 0.0016976508202602783 0.000578330449721989 0.0 0.0 0.0 0.0 0.0 0.0 0.0 0.0 0.0 0.0 0.0 0.0 0.0 0.0 0.0 0.0 0.0 0.0 0.0 0.0 0.0 0.0 0.0 0.0 0.006186605379541598 0.018986831729572495 0.03178705807960339 0.044587284429634284 0.05738751077966518 0.07018773712969607 0.08298796347972698 0.09578818982975787 0.10858841617978876 0.12138864252981967 0.13418886887985057 0.14698909522988146 0.15360271620654814 0.15360271620654814 0.15360271620654814 0.15360271620654814 0.15360271620654814 0.15360271620654814
-9999.0 -9999.0 -9999.0 0.018081788711267983 0.016511736516510264 0.014941684321752545 0.013371632126994826 0.011801579932237106 0.010231527737479387 0.008661475542721668 0.007091423347963949 0.0055213711532062296 0.00395131895844851 0.002381266763688116 0.0008112145689303969 0.0 0.0 0.0 0.0 0.0 0.0 0.0 0.0 0.0 0.0 0.0 0.0 0.0 0.0 0.0 0.0 0.0 0.0 0.0 0.0 0.0 0.0 0.0 0.0 0.005738759221854973 0.017612381750129715 0.029486004278404455 0.0413596268066792 0.053233249334953936 0.06510687186322868 0.07698049439150342 0.08885411691977817 0.1007277394480529 0.11260136197632764 0.12447498450460238 0.13634860703287713 0.14248347034502712 0.14248347034502712 0.14248347034502712 0.14248347034502712 0.14248347034502712 0.14248347034502712
-9999.0 -9999.0 -9999.0 0.023272722896895314 0.021251938877917778 0.019231154858940246 0.017210370839962713 0.015189586820985179 0.013168802802007646 0.011148018783030112 0.00912723476405258 0.007106450745075047 0.005085666726097511 0.0030648827071165334 0.0010440986881390009 0.0 0.0 0.0 0.0 0.0 0.0 0.0 0.0 0.0 0.0 0.0 0.0 0.0 0.0 0.0 0.0 0.0 0.0 0.0 0.0 0.0 0.0 0.0 0.0 0.005290913064167968 0.01623793177068577 0.027184950477203568 0.038131969183721366 0.049078987890239165 0.06002600659675697 0.07097302530327476 0.08192004400979257 0.09286706271631037 0.10381408142282816 0.11476110012934597 0.12570811883586377 0.13136422448349663 0.13136422448349663 0.13136422448349663 0.13136422448349663 0.13136422448349663 0.13136422448349663
-9999.0 -9999.0 -9999.0 0.02846365708251822 0.025992141239321257 0.023520625396124293 0.02104910955292733 0.018577593709730365 0.016106077866533404 0.013634562023336436 0.011163046180139476 0.008691530336942511 0.006220014493745547 0.003748498650544368 0.0012769828073474036 0.0 0.0 0.0 0.0 0.0 0.0 0.0 0.0 0.0 0.0 0.0 0.0 0.0 0.0 0.0 0.0 0.0 0.0 0.0 0.0 0.0 0.0 0.0 0.0 0.004843066906481344 0.01486348179124299 0.024883896676004637 0.03490431156076629 0.04492472644552793 0.054945141330289576 0.06496555621505122 0.07498597109981288 0.08500638598457452 0.09502680086933617 0.10504721575409781 0.11506763063885946 0.12024497862197561 0.12024497862197561 0.12024497862197561 0.12024497862197561 0.12024497862197561 0.12024497862197561
-9999.0 0.035066972010406997 0.035066972010406997 0.03365459126814112 0.03073234360072473 0.027810095933308333 0.02488784826589194 0.02196560059847555 0.019043352931059153 0.01612110526364276 0.013198857596226368 0.010276609928809976 0.00735436226139358 0.004432114593972206 0.0015098669265558098 0.0 0.0 0.0 0.0 0.0 0.0 0.0 0.0 0.0 0.0 0.0 0.0 0.0 0.0 0.0 0.0 0.0 0.0 0.0 0.0 0.0 0.0 0.0 0.0 0.00439522074879472 0.013489031811800214 0.02258284287480571 0.0316766539378112 0.04077046500081669 0.04986427606382219 0.05895808712682769 0.06805189818983318 0.07714570925283867 0.08623952031584417 0.09533333137884967 0.10442714244185515 0.1091257327604546 0.1091257327604546 0.1091257327604546 0.1091257327604546 0.1091257327604546 0.1091257327604546
-9999.0 0.04047575390125768 0.04047575390125768 0.038845525453764025 0.035472545962128205 0.03209956647049238 0.028726586978856557 0.025353607487220736 0.021980627995584912 0.018607648503949088 0.015234669012313264 0.01186168952067744 0.00848871002904162 0.00511573053740004 0.0017427510457642195 0.0 0.0 0.0 0.0 0.0 0.0 0.0 0.0 0.0 0.0 0.0 0.0 0.0 0.0 0.0 0.0 0.0 0.0 0.0 0.0 0.0 0.0 0.0 0.0 0.003947374591108095 0.012114581832357436 0.020281789073606775 0.028448996314856114 0.03661620355610545 0.044783410797354796 0.05295061803860414 0.061117825279853474 0.06928503252110282 0.07745223976235216 0.0856194470036015 0.09378665424485085 0.09800648689893358 0.09800648689893358 0.09800648689893358 0.09800648689893358 0.09800648689893358 0.09800648689893358
-9999.0 -9999.0 0.04588453579210837 0.04403645963938693 0.04021274832353168 0.03638903700767643 0.032565325691821176 0.02874161437596592 0.024917903060110665 0.021094191744255412 0.017270480428400157 0.013446769112544908 0.009623057796689649 0.005799346480827874 0.0019756351649726223 0.0 0.0 0.0 0.0 0.0 0.0 0.0 0.0 0.0 0.0 0.0 0.0 0.0 0.0 0.0 0.0 0.0 0.0 0.0 0.0 0.0 0.0 0.0 0.0 0.003499528433421471 0.010740131852914659 0.017980735272407847 0.025221338691901036 0.03246194211139423 0.039702545530887416 0.046943148950380605 0.054183752369873786 0.061424355789366974 0.06866495920886016 0.07590556262835335 0.08314616604784654 0.08688724103741258 0.08688724103741258 0.08688724103741258 0.08688724103741258 0.08688724103741258 0.08688724103741258
-9999.0 -9999.0 0.05129331768295905 0.04922739382500983 0.044952950684935156 0.040678507544860465 0.03640406440478579 0.0321296212647111 0.02785517812463642 0.023580734984561737 0.019306291844487053 0.01503184870441237 0.010757405564337685 0.006482962424255716 0.002208519284181032 0.0 0.0 0.0 0.0 0.0 0.0 0.0 0.0 0.0 0.0 0.0 0.0 0.0 0.0 0.0 0.0 0.0 0.0 0.0 0.0 0.0 0.0 0.0 0.0 0.003051682275734846 0.00936568187347188 0.015679681471208917 0.02199368106894595 0.028307680666682985 0.034621680264420016 0.04093567986215706 0.04724967945989409 0.053563679057631125 0.05987767865536816 0.0661916782531052 0.07250567785084222 0.07576799517589156 0.07576799517589156 0.07576799517589156 0.07576799517589156 0.07576799517589156 0.07576799517589156
-9999.0 -9999.0 0.056702099573809735 0.05441832801063274 0.04969315304633863 0.044967978082044516 0.0402428031177504 0.035517628153456285 0.030792453189162176 0.02606727822486806 0.021342103260573952 0.016616928296279837 0.011891753331985722 0.00716657836768355 0.0024414034033894347 0.0 0.0 0.0 0.0 0.0 0.0 0.0 0.0 0.0 0.0 0.0 0.0 0.0 0.0 0.0 0.0 0.0 0.0 0.0 0.0 0.0 0.0 0.0 0.0 0.0026038361180482214 0.007991231894029102 0.013378627670009982 0.018766023445990862 0.024153419221971745 0.029540814997952625 0.03492821077393351 0.04031560654991439 0.04570300232589527 0.05109039810187615 0.05647779387785703 0.06186518965383791 0.06464874931437053 0.06464874931437053 0.06464874931437053 0.06464874931437053 0.06464874931437053 0.06464874931437053
-9999.0 -9999.0 0.06211088146466503 0.059609262196260074 0.054433355407746145 0.049257448619232216 0.04408154183071829 0.03890563504220436 0.03372972825369043 0.02855382146517651 0.02337791467666258 0.01820200788814865 0.013026101099634722 0.007850194311111974 0.0026742875225980456 0.0 0.0 0.0 0.0 0.0 0.0 0.0 0.0 0.0 0.0 0.0 0.0 0.0 0.0 0.0 0.0 0.0 0.0 0.0 0.0 0.0 0.0 0.0 0.0 0.0021559899603612155 0.0066167819145851545 0.011077573868809093 0.01553836582303303 0.01999915777725697 0.02445994973148091 0.028920741685704847 0.03338153363992879 0.03784232559415272 0.042303117548376665 0.0467639095026006 0.05122470145682454 0.05352950345284004 0.05352950345284004 0.05352950345284004 0.05352950345284004 0.05352950345284004 0.05352950345284004
-9999.0 -9999.0 0.06843973966335981 0.06577687224845784 0.06026733940156241 0.05475780655466697 0.049248273707771545 0.043738740860876105 0.03822920801398068 0.03271967516708524 0.027210142320189805 0.02170060947329437 0.01619107662639894 0.01068154377949411 0.00517201093259867 0.0022316883325698388 0.002037909541081296 0.0018441307495927538 0.0016503519581042114 0.0014565731666156688 0.0012627943751271264 0.0010690155836385838 0.0008752367921500415 0.0006814580006614989 0.0004876792091729565 0.0002939004176844141 0.00010012162619554106 0.0 0.0 0.0 0.0 0.0 0.0 0.0 0.0 0.0 0.0 0.0 0.0 0.0018944112076116652 0.005813990810612209 0.009733570413612752 0.013653150016613297 0.017572729619613838 0.021492309222614383 0.025411888825614928 0.029331468428615472 0.033251048031616014 0.03717062763461656 0.0410902072376171 0.04500978684061765 0.047034955237898114 0.047034955237898114 0.047034955237898114 0.047034955237898114 0.047034955237898114 0.047034955237898114
0.07575210143492797 0.07575210143492797 0.07575210143492797 0.07298848723386202 0.06727050701009633 0.06155252678633065 0.05583454656256496 0.05011656633879927 0.044398586115033584 0.03868060589126789 0.03296262566750221 0.027244645443736518 0.021526665219970834 0.015808684996195393 0.01009070477242971 0.0068489108104163735 0.006254215914858521 0.0056595210193006685 0.005064826123742816 0.004470131228184963 0.0038754363326271098 0.0032807414370692573 0.0026860465415114044 0.002091351645953552 0.0014966567503956986 0.0009019618548378461 0.0003072669592789788 0.0 0.0 0.0 0.0 0.0 0.0 0.0 0.0 0.0 0.0 0.0 0.0 0.001831940568725755 0.0056222670080098925 0.009412593447294029 0.013202919886578166 0.016993246325862302 0.02078357276514644 0.024573899204430576 0.028364225643714713 0.032154552082998854 0.03594487852228299 0.03973520496156713 0.04352553140085126 0.04548391727323886 0.04548391727323886 0.04548391727323886 0.04548391727323886 0.04548391727323886 0.04548391727323886
0.08306446320649612 0.08306446320649612 0.08306446320649612 0.0802001022192662 0.07427367461863026 0.06834724701799431 0.06242081941735837 0.05649439181672243 0.050567964216086496 0.044641536615450554 0.03871510901481462 0.03278868141417868 0.026862253813542736 0.02093582621289669 0.01500939861226075 0.011466133288262915 0.010470522288635752 0.009474911289008589 0.008479300289381424 0.0074836892897542605 0.006488078290127097 0.005492467290499933 0.00449685629087277 0.003501245291245606 0.0025056342916184426 0.0015100232919912793 0.0005144122923624178 0.0 0.0 0.0 0.0 0.0 0.0 0.0 0.0 0.0 0.0 0.0 0.0 0.0017694699298398452 0.005430543205407576 0.009091616480975307 0.012752689756543038 0.01641376303211077 0.0200748363076785 0.023735909583246232 0.02739698285881396 0.031058056134381694 0.03471912940994942 0.03838020268551715 0.04204127596108489 0.04393287930857961 0.04393287930857961 0.04393287930857961 0.04393287930857961 0.04393287930857961 0.04393287930857961
-9999.0 0.09037682497806426 0.09037682497806426 0.08741171720467036 0.08127684222716416 0.07514196724965798 0.0690070922721518 0.0628722172946456 0.05673734231713941 0.050602467339633216 0.04446759236212702 0.03833271738462084 0.032197842407114645 0.02606296742959799 0.019928092452091803 0.016083355766109458 0.014686828662412983 0.013290301558716508 0.011893774455020033 0.010497247351323558 0.009100720247627085 0.00770419314393061 0.0063076660402341354 0.004911138936537661 0.0035146118328411857 0.002118084729144711 0.000721557625445856 0.0 0.0 0.0 0.0 0.0 0.0 0.0 0.0 0.0 0.0 0.0 0.0 0.0017069992909539353 0.00523881940280526 0.008770639514656585 0.01230245962650791 0.015834279738359235 0.01936609985021056 0.022897919962061884 0.02642974007391321 0.029961560185764534 0.03349338029761586 0.037025200409467184 0.04055702052131851 0.042381841343920354 0.042381841343920354 0.042381841343920354 0.042381841343920354 0.042381841343920354 0.042381841343920354
-9999.0 0.09768918674963242 0.09768918674963242 0.09462333219007454 0.0882800098356981 0.08193668748132166 0.07559336512694521 0.06925004277256877 0.06290672041819231 0.05656339806381588 0.050220075709439434 0.04387675335506299 0.03753343100068655 0.031190108646299286 0.024846786291922843 0.020700578243956 0.018903135036190212 0.01710569182842443 0.015308248620658643 0.013510805412892856 0.011713362205127071 0.009915918997361287 0.0081184757895955 0.006321032581829715 0.004523589374063931 0.002726146166298144 0.0009287029585292941 0.0 0.0 0.0 0.0 0.0 0.0 0.0 0.0 0.0 0.0 0.0 0.0 0.001644528652068025 0.0050470956002029435 0.008449662548337861 0.01185222949647278 0.015254796444607699 0.018657363392742616 0.022059930340877533 0.025462497289012453 0.02886506423714737 0.03226763118528229 0.03567019813341721 0.03907276508155213 0.0408308033792611 0.0408308033792611 0.0408308033792611 0.0408308033792611 0.0408308033792611 0.0408308033792611
