Figures/CREST_Example_wjb_NSE/Rolling_result/20100722/BJP_forecast/ens_36/wjb.rain.20100724.asc
ncols            288
nrows            254
xllcorner        113.274861
yllcorner        31.4918055
cellsize         0.008333333333
NODATA_value     -9999
[rows 110 to 131 of 254, columns 0 to 49 of 288]
-9999.0 -9999.0 -9999.0 -9999.0 -9999.0 -9999.0 -9999.0 -9999.0 -9999.0 -9999.0 -9999.0 -9999.0 -9999.0 -9999.0 -9999.0 -9999.0 -9999.0 -9999.0 -9999.0 -9999.0 -9999.0 -9999.0 -9999.0 -9999.0 -9999.0 -9999.0 -9999.0 -9999.0 -9999.0 -9999.0 -9999.0 -9999.0 -9999.0 -9999.0 -9999.0 -9999.0 -9999.0 -9999.0 -9999.0 0.002204634323695344 0.0067660725650396875 0.011327510806384031 0.015888949047728376 0.020450387289072718 0.025011825530417062 0.029573263771761407 0.03413470201310575 0.0386961402544501 0.04325757849579444 0.04781901673713878
-9999.0 -9999.0 -9999.0 -9999.0 -9999.0 -9999.0 -9999.0 -9999.0 -9999.0 -9999.0 -9999.0 -9999.0 -9999.0 -9999.0 -9999.0 -9999.0 -9999.0 -9999.0 -9999.0 -9999.0 -9999.0 -9999.0 -9999.0 -9999.0 -9999.0 -9999.0 -9999.0 -9999.0 -9999.0 -9999.0 -9999.0 -9999.0 -9999.0 -9999.0 -9999.0 -9999.0 -9999.0 -9999.0 -9999.0 0.00369089796863033 0.011327449281498786 0.018964000594367245 0.0266005519072357 0.034237103220104155 0.041873654532972614 0.04951020584584107 0.05714675715870953 0.06478330847157798 0.07241985978444644 0.0800564110973149
-9999.0 -9999.0 -9999.0 -9999.0 -9999.0 -9999.0 -9999.0 -9999.0 -9999.0 -9999.0 -9999.0 -9999.0 -9999.0 -9999.0 -9999.0 -9999.0 -9999.0 -9999.0 -9999.0 -9999.0 -9999.0 -9999.0 -9999.0 -9999.0 -9999.0 -9999.0 -9999.0 -9999.0 -9999.0 -9999.0 -9999.0 -9999.0 -9999.0 -9999.0 -9999.0 -9999.0 -9999.0 -9999.0 -9999.0 -9999.0 0.015888825997954003 0.026600490382343953 0.037312154766733906 0.04802381915112386 0.058735483535513805 0.06944714791990377 0.08015881230429371 0.09087047668868366 0.10158214107307362 0.11229380545746356
-9999.0 -9999.0 -9999.0 -9999.0 -9999.0 -9999.0 -9999.0 -9999.0 -9999.0 -9999.0 -9999.0 -9999.0 -9999.0 -9999.0 -9999.0 -9999.0 -9999.0 -9999.0 -9999.0 -9999.0 -9999.0 -9999.0 -9999.0 -9999.0 -9999.0 -9999.0 -9999.0 -9999.0 -9999.0 -9999.0 -9999.0 -9999.0 -9999.0 -9999.0 -9999.0 -9999.0 -9999.0 -9999.0 -9999.0 -9999.0 -9999.0 0.034236980170320654 0.0480237576262321 0.06181053508214354 0.07559731253805499 0.08938408999396644 0.10317086744987787 0.11695764490578932 0.13074442236170075 0.1445311998176122
-9999.0 -9999.0 -9999.0 -9999.0 -9999.0 -9999.0 -9999.0 -9999.0 -9999.0 -9999.0 -9999.0 -9999.0 -9999.0 -9999.0 -9999.0 -9999.0 -9999.0 -9999.0 -9999.0 -9999.0 -9999.0 -9999.0 -9999.0 -9999.0 -9999.0 -9999.0 -9999.0 -9999.0 -9999.0 -9999.0 -9999.0 -9999.0 -9999.0 0.1343078947452096 0.1343078947452096 0.1343078947452096 0.1343078947452096 0.1343078947452096 0.1343078947452096 0.008149688903431488 0.025011579430864423 0.04187346995829736 0.0587353604857303 0.07559725101316322 0.09245914154059616 0.10932103206802911 0.12618292259546204 0.14304481312289496 0.1599067036503279 0.17676859417776083
-9999.0 -9999.0 -9999.0 -9999.0 -9999.0 -9999.0 -9999.0 -9999.0 -9999.0 -9999.0 -9999.0 -9999.0 -9999.0 -9999.0 -9999.0 -9999.0 -9999.0 -9999.0 -9999.0 -9999.0 -9999.0 -9999.0 -9999.0 -9999.0 -9999.0 -9999.0 -9999.0 -9999.0 -9999.0 -9999.0 -9999.0 -9999.0 0.1343078947452096 0.1343078947452096 0.1343078947452096 0.1343078947452096 0.1343078947452096 0.1343078947452096 0.1343078947452096 0.009635952548365207 0.029572956147319633 0.04950995974627406 0.06944696334522849 0.08938396694418292 0.10932097054313734 0.12925797414209178 0.1491949777410462 0.16913198134000063 0.18906898493895505 0.2090059885379095
-9999.0 -9999.0 -9999.0 -9999.0 -9999.0 -9999.0 -9999.0 -9999.0 -9999.0 -9999.0 -9999.0 -9999.0 -9999.0 -9999.0 -9999.0 -9999.0 -9999.0 -9999.0 -9999.0 -9999.0 -9999.0 -9999.0 -9999.0 -9999.0 -9999.0 -9999.0 -9999.0 -9999.0 -9999.0 -9999.0 -9999.0 -9999.0 0.1343078947452096 0.1343078947452096 0.1343078947452096 0.1343078947452096 0.1343078947452096 0.1343078947452096 0.1343078947452096 0.011122216193298926 0.034134332863774854 0.05714644953425078 0.0801585662047267 0.10317068287520262 0.12618279954567854 0.14919491621615447 0.1722070328866304 0.19521914955710631 0.21823126622758224 0.24124338289805816
-9999.0 -9999.0 -9999.0 -9999.0 -9999.0 -9999.0 -9999.0 -9999.0 -9999.0 -9999.0 -9999.0 -9999.0 -9999.0 -9999.0 -9999.0 -9999.0 -9999.0 -9999.0 -9999.0 -9999.0 -9999.0 -9999.0 -9999.0 -9999.0 -9999.0 -9999.0 -9999.0 -9999.0 -9999.0 -9999.0 -9999.0 -9999.0 0.1343078947452096 0.1343078947452096 0.1343078947452096 0.1343078947452096 0.1343078947452096 0.1343078947452096 0.1343078947452096 0.012608479838232645 0.03869570958023006 0.06478293932222748 0.09087016906422489 0.11695739880622232 0.14304462854821973 0.16913185829021715 0.19521908803221455 0.22130631777421197 0.2473935475162094 0.2734807772582068
-9999.0 -9999.0 -9999.0 -9999.0 -9999.0 -9999.0 -9999.0 -9999.0 -9999.0 -9999.0 -9999.0 -9999.0 -9999.0 -9999.0 -9999.0 0.1343078947452096 0.1343078947452096 0.1343078947452096 -9999.0 -9999.0 -9999.0 -9999.0 -9999.0 -9999.0 -9999.0 -9999.0 -9999.0 -9999.0 -9999.0 -9999.0 0.1343078947452096 0.1343078947452096 0.1343078947452096 0.1343078947452096 0.1343078947452096 0.1343078947452096 0.1343078947452096 0.1343078947452096 0.1343078947452096 0.01409474348316763 0.04325708629668916 0.07241942911021068 0.10158177192373222 0.13074411473725375 0.15990645755077526 0.1890688003642968 0.21823114317781833 0.24739348599133987 0.2765558288048614 0.3057181716183829
-9999.0 -9999.0 -9999.0 -9999.0 -9999.0 -9999.0 -9999.0 -9999.0 -9999.0 -9999.0 -9999.0 -9999.0 -9999.0 0.1343078947452096 0.1343078947452096 0.1343078947452096 0.1343078947452096 0.1343078947452096 -9999.0 -9999.0 -9999.0 -9999.0 -9999.0 -9999.0 -9999.0 -9999.0 -9999.0 -9999.0 -9999.0 0.1343078947452096 0.1343078947452096 0.1343078947452096 0.1343078947452096 0.1343078947452096 0.1343078947452096 0.1343078947452096 0.1343078947452096 0.1343078947452096 0.1343078947452096 0.01558100712810135 0.04781846301314437 0.08005591889818739 0.11229337478323041 0.14453083066827344 0.17676828655331644 0.20900574243835948 0.2412431983234025 0.27348065420844553 0.30571811009348854 0.33795556597853155
-9999.0 -9999.0 -9999.0 -9999.0 -9999.0 -9999.0 -9999.0 -9999.0 -9999.0 -9999.0 -9999.0 -9999.0 -9999.0 0.1343078947452096 0.1343078947452096 0.1343078947452096 0.1343078947452096 0.1343078947452096 -9999.0 -9999.0 -9999.0 -9999.0 -9999.0 -9999.0 -9999.0 -9999.0 -9999.0 -9999.0 -9999.0 0.1343078947452096 0.1343078947452096 0.1343078947452096 0.1343078947452096 0.1343078947452096 0.1343078947452096 0.1343078947452096 0.1343078947452096 0.1343078947452096 0.1343078947452096 0.01706727077303507 0.05237983972959958 0.0876924086861641 0.12300497764272861 0.15831754659929312 0.19363011555585763 0.22894268451242214 0.26425525346898665 0.2995678224255512 0.33488039138211567 0.3701929603386802
-9999.0 -9999.0 -9999.0 -9999.0 -9999.0 -9999.0 -9999.0 -9999.0 -9999.0 -9999.0 -9999.0 -9999.0 0.1343078947452096 0.1343078947452096 0.1343078947452096 0.1343078947452096 0.1343078947452096 0.1343078947452096 0.1343078947452096 -9999.0 -9999.0 -9999.0 -9999.0 -9999.0 -9999.0 -9999.0 -9999.0 -9999.0 -9999.0 -9999.0 0.1343078947452096 0.1343078947452096 0.1343078947452096 0.1343078947452096 0.1343078947452096 0.1343078947452096 0.1343078947452096 0.1343078947452096 0.1343078947452096 0.017927654166731165 0.05502037580986218 0.09211309745299319 0.12920581909612422 0.16629854073925524 0.20339126238238625 0.24048398402551727 0.2775767056686483 0.31466942731177927 0.3517621489549103 0.3888548705980413
-9999.0 -9999.0 -9999.0 -9999.0 -9999.0 -9999.0 -9999.0 -9999.0 -9999.0 -9999.0 -9999.0 -9999.0 0.1343078947452096 0.1343078947452096 0.1343078947452096 0.1343078947452096 0.1343078947452096 0.1343078947452096 0.1343078947452096 0.1343078947452096 0.1343078947452096 -9999.0 -9999.0 -9999.0 -9999.0 -9999.0 -9999.0 -9999.0 -9999.0 0.1343078947452096 0.1343078947452096 0.1343078947452096 0.1343078947452096 0.1343078947452096 0.1343078947452096 0.1343078947452096 0.1343078947452096 0.1343078947452096 0.1343078947452096 0.018119011028966125 0.055607654344803 0.09309629766063987 0.13058494097647674 0.16807358429231362 0.2055622276081505 0.24305087092398736 0.28053951423982426 0.3180281575556611 0.355516800871498 0.39300544418733485
-9999.0 -9999.0 -9999.0 -9999.0 -9999.0 -9999.0 -9999.0 -9999.0 -9999.0 -9999.0 -9999.0 -9999.0 0.1343078947452096 0.1343078947452096 0.1343078947452096 0.1343078947452096 0.1343078947452096 0.1343078947452096 0.1343078947452096 0.1343078947452096 0.1343078947452096 -9999.0 -9999.0 0.1343078947452096 -9999.0 -9999.0 -9999.0 -9999.0 -9999.0 0.1343078947452096 0.1343078947452096 0.1343078947452096 0.1343078947452096 0.1343078947452096 0.1343078947452096 0.1343078947452096 0.1343078947452096 0.1343078947452096 0.1343078947452096 0.018310367891201083 0.05619493287974381 0.09407949786828654 0.13196406285682927 0.169848627845372 0.20773319283391473 0.24561775782245743 0.2835023228110002 0.3213868877995429 0.35927145278808564 0.39715601777662835
-9999.0 -9999.0 -9999.0 -9999.0 -9999.0 -9999.0 -9999.0 -9999.0 -9999.0 -9999.0 -9999.0 -9999.0 0.1343078947452096 0.1343078947452096 0.1343078947452096 0.1343078947452096 0.1343078947452096 0.1343078947452096 0.1343078947452096 0.1343078947452096 0.1343078947452096 0.1343078947452096 0.1343078947452096 0.1343078947452096 0.1343078947452096 0.1343078947452096 -9999.0 -9999.0 0.1343078947452096 0.1343078947452096 0.1343078947452096 0.1343078947452096 0.1343078947452096 0.1343078947452096 0.1343078947452096 0.1343078947452096 0.1343078947452096 0.1343078947452096 0.1343078947452096 0.0185017247534362 0.05678221141468511 0.09506269807593402 0.13334318473718293 0.17162367139843185 0.20990415805968077 0.24818464472092966 0.28646513138217855 0.3247456180434275 0.3630261047046764 0.40130659136592534
-9999.0 -9999.0 -9999.0 -9999.0 -9999.0 -9999.0 -9999.0 -9999.0 -9999.0 -9999.0 -9999.0 0.1343078947452096 0.1343078947452096 0.1343078947452096 0.1343078947452096 0.1343078947452096 0.1343078947452096 0.1343078947452096 0.1343078947452096 0.1343078947452096 0.1343078947452096 0.1343078947452096 0.1343078947452096 0.1343078947452096 0.1343078947452096 0.1343078947452096 0.1343078947452096 0.1343078947452096 0.1343078947452096 0.1343078947452096 0.1343078947452096 0.1343078947452096 0.1343078947452096 0.1343078947452096 0.1343078947452096 0.1343078947452096 0.1343078947452096 0.1343078947452096 0.1343078947452096 0.01869308161567116 0.05736948994962593 0.0960458982835807 0.13472230661753548 0.17339871495149023 0.212075123285445 0.2507515316193998 0.28942793995335453 0.32810434828730933 0.3667807566212641 0.4054571649552189
-9999.0 -9999.0 -9999.0 -9999.0 -9999.0 -9999.0 -9999.0 -9999.0 -9999.0 -9999.0 -9999.0 0.1343078947452096 0.1343078947452096 0.1343078947452096 0.1343078947452096 0.1343078947452096 0.1343078947452096 0.1343078947452096 0.1343078947452096 0.1343078947452096 0.1343078947452096 0.1343078947452096 0.1343078947452096 0.1343078947452096 0.1343078947452096 0.1343078947452096 0.1343078947452096 0.1343078947452096 0.1343078947452096 0.1343078947452096 0.1343078947452096 0.1343078947452096 0.1343078947452096 0.1343078947452096 0.1343078947452096 0.1343078947452096 0.1343078947452096 0.1343078947452096 0.1343078947452096 0.018884438477906117 0.05795676848456674 0.09702909849122736 0.13610142849788798 0.1751737585045486 0.21424608851120922 0.25331841851786985 0.29239074852453045 0.3314630785311911 0.3705354085378517 0.4096077385445123
-9999.0 -9999.0 -9999.0 -9999.0 -9999.0 -9999.0 -9999.0 -9999.0 -9999.0 -9999.0 -9999.0 0.1343078947452096 0.1343078947452096 0.1343078947452096 0.1343078947452096 0.1343078947452096 0.1343078947452096 0.1343078947452096 0.1343078947452096 0.1343078947452096 0.1343078947452096 0.1343078947452096 0.1343078947452096 0.1343078947452096 0.1343078947452096 0.1343078947452096 0.1343078947452096 0.1343078947452096 0.1343078947452096 0.1343078947452096 0.1343078947452096 0.1343078947452096 0.1343078947452096 0.1343078947452096 0.1343078947452096 0.1343078947452096 0.1343078947452096 0.1343078947452096 0.1343078947452096 0.019075795340141075 0.05854404701950755 0.09801229869887403 0.1374805503782405 0.17694880205760696 0.21641705373697342 0.2558853054163399 0.2953535570957064 0.33482180877507284 0.37429006045443936 0.4137583121338058
-9999.0 -9999.0 -9999.0 -9999.0 -9999.0 -9999.0 -9999.0 -9999.0 -9999.0 -9999.0 -9999.0 0.1343078947452096 0.1343078947452096 0.1343078947452096 0.1343078947452096 0.1343078947452096 0.1343078947452096 0.1343078947452096 0.1343078947452096 0.1343078947452096 0.1343078947452096 0.1343078947452096 0.1343078947452096 0.1343078947452096 0.1343078947452096 0.1343078947452096 0.1343078947452096 0.1343078947452096 0.1343078947452096 0.1343078947452096 0.1343078947452096 0.1343078947452096 0.1343078947452096 0.1343078947452096 0.1343078947452096 0.1343078947452096 0.1343078947452096 0.1343078947452096 0.1343078947452096 0.019267152202376032 0.059131325554448354 0.09899549890652068 0.138859672258593 0.17872384561066532 0.21858801896273766 0.25845219231481 0.2983163656668823 0.3381805390189546 0.37804471237102694 0.41790888572309925
-9999.0 -9999.0 -9999.0 -9999.0 -9999.0 -9999.0 -9999.0 -9999.0 -9999.0 -9999.0 0.1343078947452096 0.1343078947452096 0.1343078947452096 0.1343078947452096 0.1343078947452096 0.1343078947452096 0.1343078947452096 0.1343078947452096 0.1343078947452096 0.1343078947452096 0.1343078947452096 0.1343078947452096 0.1343078947452096 0.1343078947452096 0.1343078947452096 0.1343078947452096 0.1343078947452096 0.1343078947452096 0.1343078947452096 0.1343078947452096 0.1343078947452096 0.1343078947452096 0.1343078947452096 0.1343078947452096 0.1343078947452096 0.1343078947452096 0.1343078947452096 0.1343078947452096 0.1343078947452096 0.01945850906461099 0.059718604089389164 0.09997869911416733 0.14023879413894552 0.1804988891637237 0.22075898418850187 0.26101907921328005 0.3012791742380582 0.3415392692628364 0.3817993642876146 0.42205945931239275
-9999.0 -9999.0 -9999.0 -9999.0 -9999.0 -9999.0 -9999.0 -9999.0 -9999.0 0.1343078947452096 0.1343078947452096 0.1343078947452096 0.1343078947452096 0.1343078947452096 0.1343078947452096 0.1343078947452096 0.1343078947452096 0.1343078947452096 0.1343078947452096 0.1343078947452096 0.1343078947452096 0.1343078947452096 0.1343078947452096 0.1343078947452096 0.1343078947452096 0.1343078947452096 0.1343078947452096 0.1343078947452096 0.1343078947452096 0.1343078947452096 0.1343078947452096 0.1343078947452096 0.1343078947452096 0.1343078947452096 0.1343078947452096 0.1343078947452096 0.1343078947452096 0.1343078947452096 0.1343078947452096 0.01964986592684595 0.06030588262432998 0.10096189932181401 0.14161791601929805 0.18227393271678208 0.2229299494142661 0.26358596611175017 0.3042419828092342 0.34489799950671823 0.38555401620420227 0.4262100329016863
-9999.0 -9999.0 -9999.0 -9999.0 -9999.0 -9999.0 -9999.0 0.1343078947452096 0.1343078947452096 0.1343078947452096 0.1343078947452096 0.1343078947452096 0.1343078947452096 0.1343078947452096 0.1343078947452096 0.1343078947452096 0.1343078947452096 0.1343078947452096 0.1343078947452096 0.1343078947452096 0.1343078947452096 0.1343078947452096 0.1343078947452096 0.1343078947452096 0.1343078947452096 0.1343078947452096 0.1343078947452096 0.1343078947452096 0.1343078947452096 0.1343078947452096 0.1343078947452096 0.1343078947452096 0.1343078947452096 0.1343078947452096 0.1343078947452096 0.1343078947452096 0.1343078947452096 0.1343078947452096 0.1343078947452096 0.01984122278908107 0.0608931611592713 0.10194509952946153 0.14299703789965174 0.18404897626984199 0.2251009146400322 0.2661528530102224 0.3072047913804127 0.3482567297506029 0.3893086681207931 0.43036060649098334
