Figures/CREST_Example_wjb_NSE/Rolling_result/20100722/BJP_forecast/ens_36/wjb.rain.20100723.asc
ncols            288
nrows            254
xllcorner        113.274861
yllcorner        31.4918055
cellsize         0.008333333333
NODATA_value     -9999
[rows 44 to 65 of 254, columns 102 to 152 of 288]
2.6315652257721096 2.322575663595372 2.0135861014181073 1.7045965392413698 1.3956069770646322 1.0866174148878947 0.7776278527111571 0.4686382905344195 0.15964872835768196 0.0 0.0 0.0 0.0 0.0 0.0 0.0 0.0 0.0 0.0 0.0 0.0 0.0 0.0 0.0 0.0 0.0 0.0 0.0 0.0 0.0 0.0 0.0 0.0 0.7379321140752656 0.7379321140752656 0.7379321140752656 0.7379321140752656 0.7379321140752656 0.7379321140752656 0.7379321140752656 0.7379321140752656 0.7379321140752656 0.7379321140752656 0.7379321140752656 0.7379321140752656 0.7379321140752656 0.7379321140752656 0.7379321140752656 0.7379321140752656 0.7379321140752656 0.7379321140752656
2.5904248768519578 2.286265876455009 1.9821068760575413 1.6779478756605923 1.3737888752636436 1.069629874866695 0.765470874469746 0.4613118740727975 0.15715287367584851 0.0 0.0 0.0 0.0 0.0 0.0 0.0 0.0 0.0 0.0 0.0 0.0 0.0 0.0 0.0 0.0 0.0 0.0 0.0 0.0 0.0 0.0 0.0 0.0 0.7379321140752656 0.7379321140752656 0.7379321140752656 0.7379321140752656 0.7379321140752656 0.7379321140752656 0.7379321140752656 0.7379321140752656 0.7379321140752656 0.7379321140752656 0.7379321140752656 0.7379321140752656 0.7379321140752656 0.7379321140752656 0.7379321140752656 0.7379321140752656 0.7379321140752656 0.7379321140752656
2.5492845279317704 2.2499560893146144 1.950627650696948 1.6512992120797922 1.3519707734626363 1.0526423348454803 0.7533138962283248 0.4539854576111688 0.15465701899401285 0.0 0.0 0.0 0.0 0.0 0.0 0.0 0.0 0.0 0.0 0.0 0.0 0.0 0.0 0.0 0.0 0.0 0.0 0.0 0.0 0.0 0.0 0.0 0.0 0.7379321140752656 0.7379321140752656 0.7379321140752656 0.7379321140752656 0.7379321140752656 0.7379321140752656 0.7379321140752656 0.7379321140752656 0.7379321140752656 0.7379321140752656 0.7379321140752656 0.7379321140752656 0.7379321140752656 0.7379321140752656 0.7379321140752656 0.7379321140752656 0.7379321140752656 0.7379321140752656
2.5081441790116177 2.2136463021742507 1.9191484253363817 1.6246505484990148 1.3301526716616476 1.0356547948242807 0.7411569179869137 0.4466590411495468 0.15216116431217985 0.0 0.0 0.0 0.0 0.0 0.0 0.0 0.0 0.0 0.0 0.0 0.0 0.0 0.0 0.0 0.0 0.0 0.0 0.0 0.0 0.0 0.0 0.0 0.0 0.7379321140752656 0.7379321140752656 0.7379321140752656 0.7379321140752656 0.7379321140752656 0.7379321140752656 0.7379321140752656 0.7379321140752656 0.7379321140752656 0.7379321140752656 0.7379321140752656 0.7379321140752656 0.7379321140752656 0.7379321140752656 0.7379321140752656 0.7379321140752656 0.7379321140752656 0.7379321140752656
2.467003830091466 2.177336515033888 1.8876691999758155 1.5980018849182374 1.308334569860659 1.018667254803081 0.7289999397455027 0.43933262468792433 0.14966530963034597 0.0 0.0 0.0 0.0 0.0 0.0 0.0 0.0 0.0 0.0 0.0 0.0 0.0 0.0 0.0 0.0 0.0 0.0 0.0 0.0 0.0 0.0 0.0 0.0 0.7379321140752656 0.7379321140752656 0.7379321140752656 0.7379321140752656 0.7379321140752656 0.7379321140752656 0.7379321140752656 0.7379321140752656 0.7379321140752656 0.7379321140752656 0.7379321140752656 0.7379321140752656 0.7379321140752656 0.7379321140752656 0.7379321140752656 0.7379321140752656 0.7379321140752656 0.7379321140752656
2.347237592513192 2.0716328273595432 1.7960280622054245 1.520423297051776 1.2448185318981273 0.9692137667444785 0.69360900159083 0.4180042364371812 0.14239947128353236 0.0 0.0 0.0 0.0 0.0 0.0 0.0 0.0 0.0 0.0 0.0 0.0 0.0024946157004028043 0.007656031999744162 0.01281744829908552 0.017978864598426878 0.023140280897768237 0.028301697197109597 0.03346311349645095 0.03862452979580112 0.043785946095142476 0.04894736239448383 0.05410877869382519 0.05927019499316655 0.060978264153874716 0.058994627119557545 0.05701099008524038 0.05502735305092321 0.05304371601660604 0.05106007898228887 0.0490764419479717 0.047092804913654536 0.045109167879333986 0.043125530845016816 0.041141893810699645 0.039158256776382475 0.037837186257928854 0.037224414331458525 0.036611642404988196 0.03599887047851787 0.035386098552047544 0.034773326625577215
2.1434252377083984 1.8917514356411256 1.6400776335734237 1.388403831506151 1.1367300294388785 0.8850562273716056 0.6333824253043332 0.38170862323706034 0.13003482116978748 0.0 0.0 0.0 0.0 0.0 0.0 0.0 0.0 0.0 0.0 0.0 0.0 0.007655818286746196 0.02349587945674004 0.03933594062673388 0.05517600179672772 0.07101606296672157 0.08685612413671541 0.10269618530670925 0.1185362464767301 0.13437630764672395 0.1502163688167178 0.16605642998671163 0.18189649115670548 0.18713844770875687 0.18105079072850924 0.1749631337482616 0.168875476768014 0.16278781978776638 0.15670016280751875 0.15061250582727115 0.14452484884702352 0.1384371918667655 0.13234953488651788 0.12626187790627025 0.12017422092602263 0.11611993880488253 0.11423938040082908 0.11235882199677563 0.11047826359272218 0.10859770518866874 0.10671714678461529
1.9396128829036043 1.7118700439227075 1.4841272049414225 1.2563843659605258 1.0286415269796294 0.8008986879987328 0.5731558490178359 0.34541301003693947 0.1176701710560426 0.0 0.0 0.0 0.0 0.0 0.0 0.0 0.0 0.0 0.0 0.0 0.0 0.012817020873089589 0.039335726913735915 0.06585443295438224 0.09237313899502857 0.11889184503567489 0.14541055107632123 0.17192925711696755 0.19844796315765909 0.2249666691983054 0.25148537523895176 0.2780040812795981 0.3045227873202444 0.313298631263639 0.30310695433746093 0.29291527741128287 0.2827236004851048 0.2725319235589267 0.26234024663274863 0.25214856970657057 0.2419568927803925 0.23176521585419702 0.22157353892801895 0.2113818620018409 0.2011901850756628 0.1944026913518362 0.19125434647019962 0.18810600158856305 0.1849576567069265 0.18180931182528992 0.17866096694365335
1.7358005280988105 1.5319886522042898 1.3281767763094217 1.124364900414901 0.9205530245203803 0.7167411486258599 0.5129292727313393 0.3091173968368186 0.10530552094229817 0.0 0.0 0.0 0.0 0.0 0.0 0.0 0.0 0.0 0.0 0.0 0.0 0.01797822345943297 0.055175574370731756 0.09237292528203055 0.12957027619332934 0.1667676271046281 0.20396497801592692 0.2411623289272257 0.2783596798385879 0.3155570307498867 0.3527543816611855 0.3899517325724843 0.42714908348378305 0.43945881481852095 0.4251631179464124 0.41086742107430396 0.39657172420219544 0.3822760273300869 0.3679803304579784 0.3536846335858699 0.33938893671376136 0.3250932398416285 0.31079754296952 0.2965018460974115 0.28220614922530296 0.27268544389878985 0.2682693125395702 0.2638531811803505 0.2594370498211308 0.2550209184619111 0.25060478710269146
1.5319881732938427 1.3521072604857185 1.1722263476772876 0.9923454348691634 0.8124645220610394 0.6325836092529151 0.4527026964447909 0.27282178363666687 0.09294087082854263 0.0 0.0 0.0 0.0 0.0 0.0 0.0 0.0 0.0 0.0 0.0 0.0 0.02313942604578076 0.07101542182774112 0.1188914176097015 0.16676741339166187 0.21464340917362223 0.2625194049555826 0.31039540073754296 0.35827139651958495 0.40614739230154534 0.45402338808350573 0.5018993838654661 0.5497753796474264 0.5656189983735106 0.5472192815554681 0.5288195647374256 0.5104198479193832 0.49202013110134074 0.47362041428329826 0.45522069746525584 0.4368209806472134 0.4184212638291396 0.4000215470110971 0.3816218301930546 0.3632221133750122 0.3509681964458103 0.3452842786090064 0.3396003607722025 0.3339164429353986 0.32823252509859474 0.32254860726179085
1.3281758184890489 1.1722258687673008 1.0162759190452868 0.8603259693235386 0.7043760196017905 0.5484260698800423 0.39247612015829425 0.23652617043654622 0.08057622071479797 0.0 0.0 0.0 0.0 0.0 0.0 0.0 0.0 0.0 0.0 0.0 0.0 0.02830062863212415 0.086855269284737 0.14540990993734984 0.2039645505899627 0.26251919124257556 0.3210738318951884 0.37962847254780124 0.43818311320051395 0.4967377538531268 0.5552923945057396 0.6138470351583525 0.6724016758109653 0.6917791819283927 0.6692754451644198 0.6467717084004468 0.624267971636474 0.6017642348725011 0.5792604981085282 0.5567567613445552 0.5342530245805823 0.511749287816571 0.48924555105259815 0.46674181428862527 0.44423807752465233 0.42925094899276395 0.42229924467837693 0.41534754036398996 0.40839583604960294 0.4014441317352159 0.3944924274208289
1.1243634636842548 0.9923444770488827 0.8603254904132855 0.7283065037779134 0.5962875171425414 0.4642685305071692 0.33224954387179717 0.20023055723642513 0.0682115706010531 0.0 0.0 0.0 0.0 0.0 0.0 0.0 0.0 0.0 0.0 0.0 0.0 0.03346183121846753 0.10269511674173286 0.17192840226499817 0.2411616877882635 0.3103949733115288 0.3796282588347941 0.44886154435805947 0.5180948298814428 0.5873281154047082 0.6565614009279734 0.7257946864512388 0.7950279719745041 0.8179393654832747 0.7913316087733714 0.764723852063468 0.7381160953535647 0.7115083386436614 0.684900581933758 0.6582928252238547 0.6316850685139513 0.6050773118040027 0.5784695550940993 0.551861798384196 0.5252540416742926 0.5075337015397178 0.4993142107477476 0.49109471995577747 0.4828752291638073 0.47465573837183717 0.46643624757986707
0.9205511088794609 0.8124630853304649 0.7043750617812845 0.5962870382322885 0.4881990146832924 0.38011099113429636 0.2720229675853003 0.16393494403630426 0.055846920487308216 0.0 0.0 0.0 0.0 0.0 0.0 0.0 0.0 0.0 0.0 0.0 0.0 0.03862303380481093 0.11853496419872873 0.19844689459264653 0.27835882498656433 0.35827075538048214 0.43818268577439995 0.5180946161683178 0.5980065465623718 0.6779184769562896 0.7578304073502075 0.8377423377441252 0.9176542681380431 0.9440995490381568 0.913387772382323 0.8826759957264892 0.8519642190706554 0.8212524424148216 0.7905406657589878 0.7598288891031542 0.7291171124473204 0.6984053357914342 0.6676935591356004 0.6369817824797666 0.6062700058239328 0.5858164540866714 0.5763291768171181 0.5668418995475649 0.5573546222780117 0.5478673450084584 0.5383800677389051
0.716738754074667 0.6325816936120471 0.5484246331492835 0.4642675726866634 0.38011051222404346 0.2959534517614234 0.21179639129880334 0.12763933083618328 0.043482270373563225 0.0 0.0 0.0 0.0 0.0 0.0 0.0 0.0 0.0 0.0 0.0 0.0 0.043784236391154314 0.1343748116557246 0.22496538692029486 0.31555596218486515 0.4061465374494354 0.49673711271400567 0.5873276879785759 0.6779182632433007 0.768508838507871 0.8590994137724413 0.9496899890370115 1.0402805643015818 1.0702597325930387 1.0354439359912746 1.0006281393895105 0.9658123427877462 0.9309965461859819 0.8961807495842177 0.8613649529824534 0.8265491563806893 0.7917333597788656 0.7569175631771015 0.7221017665753372 0.6872859699735729 0.6640992066336251 0.6533441428864887 0.6425890791393524 0.631834015392216 0.6210789516450795 0.6103238878979432
0.5129263992698732 0.45270030189362914 0.39247420451728243 0.3322481071410384 0.27202200976479446 0.21179591238855044 0.15156981501230649 0.09134371763606242 0.031117620259818457 0.0 0.0 0.0 0.0 0.0 0.0 0.0 0.0 0.0 0.0 0.0 0.0 0.0489454389774977 0.15021465911272047 0.25148387924794324 0.35275309938316596 0.45402231951838873 0.5552915396536114 0.6565607597888342 0.7578299799242297 0.8590992000594525 0.9603684201946752 1.061637640329898 1.1629068604651207 1.196419916147921 1.1575000996002263 1.1185802830525315 1.079660466504837 1.0407406499571423 1.0018208334094476 0.9629010168617529 0.9239812003140582 0.8850613837662972 0.8461415672186026 0.8072217506709078 0.7683019341232131 0.7423819591805787 0.7303591089558592 0.7183362587311397 0.7063134085064202 0.6942905582817007 0.6822677080569812
0.3091140444649054 0.2728189101750579 0.23652377588514842 0.20022864159530088 0.1639335073054533 0.12763837301560577 0.09134323872575822 0.05504810443591063 0.018752970146063086 0.0 0.0 0.0 0.0 0.0 0.0 0.0 0.0 0.0 0.0 0.0 0.0 0.05410664156384549 0.1660545065697298 0.27800237157561414 0.38995023658149847 0.5018981015873828 0.6138459665932672 0.7257938315991515 0.8377416966052267 0.9496895616111111 1.0616374266169954 1.1735852916228797 1.285533156628764 1.3225800997029105 1.2795562632092818 1.2365324267156532 1.1935085902220246 1.150484753728396 1.1074609172347674 1.0644370807411387 1.0214132442475101 0.9783894077538082 0.9353655712601796 0.892341734766551 0.8493178982729224 0.8206647117275991 0.8073740750252955 0.7940834383229918 0.7807928016206881 0.7675021649183844 0.7542115282160807
0.10530168966011154 0.09293751845664001 0.08057334725314741 0.06820917604967588 0.05584500484620436 0.043480833642732836 0.03111666243926131 0.018752491235789787 0.006388320032318262 0.0 0.0 0.0 0.0 0.0 0.0 0.0 0.0 0.0 0.0 0.0 0.0 0.05926784415018888 0.18189435402672569 0.3045208639032625 0.42714737377979933 0.5497738836563362 0.672400393532873 0.7950269034094097 0.9176534132861557 1.0402799231626925 1.1629064330392294 1.285532942915766 1.408159452792303 1.4487402832577927 1.4016124268182335 1.3544845703786745 1.3073567139391153 1.2602288574995564 1.2131010010599974 1.1659731446204382 1.1188452881808792 1.0717174317412397 1.0245895753016807 0.9774617188621216 0.9303338624225626 0.8989474642745529 0.884389041094666 0.8698306179147792 0.8552721947348924 0.8407137715550056 0.8261553483751187
0.024670040409054954 0.03175237577792756 0.03883471114681225 0.045917046515684866 0.05299938188455748 0.06008171725343009 0.0671640526223027 0.07424638799117532 0.08132872336004793 0.08649557750848719 0.08961473891800867 0.09273390032753015 0.09585306173705165 0.09897222314657313 0.10209138455609461 0.1052105459656214 0.1083297073751429 0.11144886878466438 0.11456803019418586 0.11768719160370734 0.12080635301322884 0.1792270382513989 0.29676630309469276 0.4143055679379867 0.5318448327812806 0.6493840976245744 0.7669233624678683 0.8844626273111622 1.0020018921546565 1.1195411569979505 1.2370804218412443 1.3546196866845381 1.472158951527832 1.5077453632479665 1.4557223214642419 1.4036992796805172 1.3516762378967926 1.299653196113068 1.2476301543293433 1.1956071125456187 1.1435840707618943 1.0915610289780808 1.0395379871943562 0.9875149454106316 0.935491903626907 0.901555844380807 0.8869551785750606 0.8723545127693141 0.8577538469635676 0.8431531811578211 0.8285525153520746
0.07571079849869114 0.0974460391842336 0.11918127986981313 0.14091652055535558 0.16265176124089803 0.1843870019264405 0.20612224261198295 0.22785748329752542 0.24959272398306787 0.265449473579677 0.27502198327343896 0.2845944929672009 0.29416700266096285 0.3037395123547248 0.31331202204848674 0.322884531742265 0.33245704143602695 0.3420295511297889 0.35160206082355083 0.36117457051731283 0.3707470802110747 0.42189804693987626 0.517497324527172 0.6130966021144679 0.7086958797017637 0.8042951572890595 0.8998944348763553 0.9954937124636511 1.09109299005111 1.1866922676384057 1.2822915452257015 1.3778908228129974 1.4734901004002932 1.4949658718490668 1.4372019387957076 1.379438005742348 1.3216740726889888 1.2639101396356294 1.2061462065822701 1.1483822735289106 1.0906183404755514 1.0328544074220933 0.9750904743687341 0.9173265413153747 0.8595626082620154 0.8232730918338533 0.80994021250569 0.7966073331775266 0.7832744538493632 0.7699415745211999 0.7566086951930365
0.12675155658832735 0.16313970259053964 0.199527848592814 0.23591599459502632 0.2723041405972386 0.3086922865994509 0.3450804326016632 0.38146857860387556 0.41785672460608786 0.4444033696508668 0.46042922762886923 0.4764550856068716 0.49248094358487404 0.5085068015628764 0.5245326595408788 0.5405585175189086 0.556584375496911 0.5726102334749135 0.5886360914529158 0.6046619494309182 0.6206878074089206 0.6645690556283536 0.7382283459596513 0.8118876362909491 0.8855469266222468 0.9592062169535445 1.0328655072848423 1.10652479761614 1.1801840879475634 1.2538433782788612 1.3275026686101588 1.4011619589414566 1.4748212492727544 1.4821863804501674 1.4186815561271733 1.355176731804179 1.2916719074811849 1.2281670831581908 1.1646622588351967 1.1011574345122026 1.0376526101892085 0.974147785866106 0.9106429615431119 0.8471381372201178 0.7836333128971236 0.7449903392868997 0.7329252464363194 0.7208601535857392 0.708795060735159 0.6967299678845787 0.6846648750339984
0.17779231467796358 0.22883336599684576 0.27987441731581497 0.3309154686346971 0.3819565199535793 0.43299757127246147 0.48403862259134367 0.5350796739102258 0.586120725229108 0.6233572657220569 0.6458364719842996 0.6683156782465425 0.6907948845087852 0.7132740907710281 0.7357532970332709 0.758232503295552 0.7807117095577949 0.8031909158200377 0.8256701220822805 0.8481493283445234 0.8706285346067661 0.9072400643168305 0.9589593673921302 1.01067867046743 1.0623979735427296 1.1141172766180294 1.165836579693329 1.2175558827686288 1.2692751858440168 1.3209944889193164 1.3727137919946162 1.424433095069916 1.4761523981452156 1.4694068890512677 1.4001611734586388 1.33091545786601 1.2616697422733811 1.1924240266807522 1.1231783110881233 1.0539325954954943 0.9846868799028655 0.9154411643101186 0.8461954487174896 0.7769497331248608 0.7077040175322319 0.666707586739946 0.6559102803669489 0.6451129739939517 0.6343156676209546 0.6235183612479576 0.6127210548749604
0.2288330727675998 0.2945270294031518 0.36022098603881586 0.42591494267436786 0.4916088993099199 0.5573028559454719 0.6229968125810239 0.6886907692165759 0.754384725852128 0.8023111617932466 0.8312437163397299 0.8601762708862132 0.8891088254326965 0.9180413799791798 0.9469739345256631 0.9759064890721958 1.0048390436186792 1.0337715981651623 1.0627041527116456 1.091636707258129 1.1205692618046124 1.149911073005308 1.1796903888246095 1.2094697046439113 1.239249020463213 1.2690283362825145 1.2988076521018161 1.3285869679211177 1.3583662837404702 1.3881455995597718 1.4179249153790736 1.4477042311983752 1.4774835470176768 1.4566273976523683 1.3816407907901045 1.306654183927841 1.2316675770655772 1.1566809702033136 1.0816943633410498 1.0067077564787863 0.9317211496165226 0.8567345427541311 0.7817479358918674 0.7067613290296038 0.6317747221673401 0.5884248341929922 0.5788953142975782 0.5693657944021643 0.5598362745067502 0.5503067546113363 0.5407772347159223
