Figures/CREST_Example_wjb_NSE/Rolling_result/20100722/BJP_forecast/ens_36/wjb.rain.20100722.asc
ncols            288
nrows            254
xllcorner        113.274861
yllcorner        31.4918055
cellsize         0.008333333333
NODATA_value     -9999
[rows 40 to 59 of 254, columns 132 to 175 of 288]
16.715707956478138 18.40682941288271 20.09795086928728 8.915527623476766 8.915527623476766 8.915527623476766 8.915527623476766 8.915527623476766 8.915527623476766 8.915527623476766 8.915527623476766 -9999.0 -9999.0 -9999.0 -9999.0 -9999.0 -9999.0 -9999.0 -9999.0 -9999.0 -9999.0 -9999.0 -9999.0 -9999.0 -9999.0 -9999.0 -9999.0 -9999.0 -9999.0 -9999.0 -9999.0 -9999.0 -9999.0 -9999.0 -9999.0 -9999.0 -9999.0 -9999.0 -9999.0 -9999.0 -9999.0 -9999.0 -9999.0 -9999.0
16.809994419802845 18.508454394379946 20.206914368957047 8.915527623476766 8.915527623476766 8.915527623476766 8.915527623476766 8.915527623476766 8.915527623476766 8.915527623476766 8.915527623476766 8.915527623476766 -9999.0 -9999.0 -9999.0 8.915527623476766 8.915527623476766 -9999.0 -9999.0 -9999.0 -9999.0 -9999.0 -9999.0 -9999.0 -9999.0 -9999.0 -9999.0 -9999.0 -9999.0 -9999.0 -9999.0 -9999.0 -9999.0 -9999.0 -9999.0 -9999.0 -9999.0 -9999.0 -9999.0 -9999.0 -9999.0 -9999.0 -9999.0 -9999.0
16.90428088312755 18.61007937587718 20.31587786862681 8.915527623476766 8.915527623476766 8.915527623476766 8.915527623476766 8.915527623476766 8.915527623476766 8.915527623476766 8.915527623476766 8.915527623476766 8.915527623476766 8.915527623476766 8.915527623476766 8.915527623476766 8.915527623476766 -9999.0 -9999.0 8.915527623476766 8.915527623476766 8.915527623476766 8.915527623476766 -9999.0 -9999.0 -9999.0 -9999.0 -9999.0 -9999.0 -9999.0 -9999.0 -9999.0 -9999.0 -9999.0 -9999.0 -9999.0 -9999.0 -9999.0 -9999.0 -9999.0 -9999.0 -9999.0 -9999.0 -9999.0
16.99856734645226 18.711704357374416 20.424841368296576 8.915527623476766 8.915527623476766 8.915527623476766 8.915527623476766 8.915527623476766 8.915527623476766 8.915527623476766 8.915527623476766 8.915527623476766 8.915527623476766 8.915527623476766 8.915527623476766 8.915527623476766 8.915527623476766 8.915527623476766 8.915527623476766 8.915527623476766 8.915527623476766 8.915527623476766 8.915527623476766 8.915527623476766 -9999.0 -9999.0 -9999.0 -9999.0 -9999.0 -9999.0 -9999.0 -9999.0 -9999.0 -9999.0 -9999.0 -9999.0 -9999.0 -9999.0 -9999.0 -9999.0 -9999.0 -9999.0 -9999.0 -9999.0
17.092853809776962 18.81332933887165 20.53380486796634 8.915527623476766 8.915527623476766 8.915527623476766 8.915527623476766 8.915527623476766 8.915527623476766 8.915527623476766 8.915527623476766 8.915527623476766 8.915527623476766 8.915527623476766 8.915527623476766 8.915527623476766 8.915527623476766 8.915527623476766 8.915527623476766 8.915527623476766 8.915527623476766 8.915527623476766 8.915527623476766 8.915527623476766 8.915527623476766 -9999.0 -9999.0 -9999.0 -9999.0 -9999.0 -9999.0 -9999.0 -9999.0 -9999.0 -9999.0 -9999.0 -9999.0 -9999.0 -9999.0 -9999.0 -9999.0 -9999.0 -9999.0 -9999.0
17.18714027310167 18.914954320368885 20.642768367636105 8.915527623476766 8.915527623476766 8.915527623476766 8.915527623476766 8.915527623476766 8.915527623476766 8.915527623476766 8.915527623476766 8.915527623476766 8.915527623476766 8.915527623476766 8.915527623476766 8.915527623476766 8.915527623476766 8.915527623476766 8.915527623476766 8.915527623476766 8.915527623476766 8.915527623476766 8.915527623476766 8.915527623476766 8.915527623476766 -9999.0 8.915527623476766 8.915527623476766 8.915527623476766 -9999.0 -9999.0 -9999.0 -9999.0 -9999.0 -9999.0 -9999.0 -9999.0 -9999.0 -9999.0 -9999.0 -9999.0 -9999.0 -9999.0 -9999.0
17.281426736426454 19.016579301866205 20.751731867305956 8.915527623476766 8.915527623476766 8.915527623476766 8.915527623476766 8.915527623476766 8.915527623476766 8.915527623476766 8.915527623476766 8.915527623476766 8.915527623476766 8.915527623476766 8.915527623476766 8.915527623476766 8.915527623476766 8.915527623476766 8.915527623476766 8.915527623476766 8.915527623476766 8.915527623476766 8.915527623476766 8.915527623476766 8.915527623476766 8.915527623476766 8.915527623476766 8.915527623476766 8.915527623476766 -9999.0 -9999.0 -9999.0 -9999.0 -9999.0 -9999.0 -9999.0 -9999.0 -9999.0 -9999.0 -9999.0 -9999.0 -9999.0 -9999.0 -9999.0
17.375713199751164 19.118204283363447 20.860695366975726 8.915527623476766 8.915527623476766 8.915527623476766 8.915527623476766 8.915527623476766 8.915527623476766 8.915527623476766 8.915527623476766 8.915527623476766 8.915527623476766 8.915527623476766 8.915527623476766 8.915527623476766 8.915527623476766 8.915527623476766 8.915527623476766 8.915527623476766 8.915527623476766 8.915527623476766 8.915527623476766 8.915527623476766 8.915527623476766 8.915527623476766 8.915527623476766 8.915527623476766 -9999.0 -9999.0 -9999.0 -9999.0 -9999.0 -9999.0 -9999.0 -9999.0 -9999.0 -9999.0 -9999.0 -9999.0 -9999.0 -9999.0 -9999.0 -9999.0
17.46999966307587 19.219829264860678 20.96965886664549 8.915527623476766 8.915527623476766 8.915527623476766 8.915527623476766 8.915527623476766 8.915527623476766 8.915527623476766 8.915527623476766 8.915527623476766 8.915527623476766 8.915527623476766 8.915527623476766 8.915527623476766 8.915527623476766 8.915527623476766 8.915527623476766 8.915527623476766 8.915527623476766 8.915527623476766 8.915527623476766 8.915527623476766 8.915527623476766 8.915527623476766 8.915527623476766 8.915527623476766 8.915527623476766 8.915527623476766 8.915527623476766 -9999.0 -9999.0 -9999.0 -9999.0 -9999.0 -9999.0 -9999.0 -9999.0 -9999.0 -9999.0 -9999.0 -9999.0 -9999.0
17.56380728408229 19.235709337704645 20.907611391327 21.864718745028195 22.057694398110772 22.25067005119335 22.443645704275927 22.636621357358504 22.82959701044108 23.022572663523658 23.215548316606235 23.40852396968914 23.601499622771716 23.794475275854293 23.98745092893687 24.0428150492401 23.951069328380836 23.859323607521574 23.76757788666231 23.675832165803048 23.584086444943782 23.492340724084517 23.400595003225256 23.30884928236599 23.21710356150657 23.125357840647307 23.033612119788042 8.915527623476766 8.915527623476766 8.915527623476766 8.915527623476766 8.915527623476766 8.915527623476766 8.915527623476766 -9999.0 -9999.0 -9999.0 -9999.0 -9999.0 -9999.0 -9999.0 -9999.0 -9999.0 -9999.0
17.657103052843826 19.159933509836506 20.662763966829186 21.547468563882518 21.771382636602226 21.995296709321934 22.219210782041642 22.443124854761347 22.667038927481055 22.890953000200764 23.114867072920468 23.33878114564056 23.56269521836027 23.786609291079973 24.01052336379968 24.080255686101292 23.98516422978451 23.890072773467722 23.794981317150935 23.69988986083415 23.604798404517364 23.50970694820058 23.414615491883794 23.319524035567007 23.22443257925006 23.129341122933273 23.03424966661649 8.915527623476766 8.915527623476766 8.915527623476766 8.915527623476766 8.915527623476766 8.915527623476766 8.915527623476766 8.915527623476766 8.915527623476766 8.915527623476766 -9999.0 -9999.0 -9999.0 -9999.0 -9999.0 -9999.0 -9999.0
17.750398821605366 19.08415768196837 20.417916542331376 21.230218382736844 21.48507087509368 21.73992336745052 21.99477585980736 22.249628352164194 22.504480844521034 22.75933333687787 23.01418582923471 23.26903832159198 23.523890813948817 23.778743306305657 24.033595798662496 24.117696322962487 24.019259131188182 23.920821939413873 23.822384747639568 23.72394755586526 23.62551036409095 23.527073172316644 23.428635980542335 23.330198788768026 23.23176159699355 23.133324405219245 23.034887213444936 8.915527623476766 8.915527623476766 8.915527623476766 8.915527623476766 8.915527623476766 8.915527623476766 8.915527623476766 8.915527623476766 8.915527623476766 8.915527623476766 8.915527623476766 -9999.0 -9999.0 -9999.0 -9999.0 -9999.0 -9999.0
17.8436945903669 19.00838185410023 20.17306911783356 20.912968201591166 21.198759113585137 21.484550025579104 21.770340937573074 22.05613184956704 22.341922761561012 22.62771367355498 22.91350458554895 23.199295497543403 23.485086409537374 23.77087732153134 24.056668233525308 24.155136959823686 24.053354032591855 23.951571105360024 23.849788178128197 23.748005250896366 23.646222323664535 23.544439396432708 23.442656469200877 23.340873541969046 23.239090614737044 23.137307687505213 23.035524760273386 8.915527623476766 8.915527623476766 8.915527623476766 8.915527623476766 8.915527623476766 8.915527623476766 8.915527623476766 8.915527623476766 8.915527623476766 8.915527623476766 8.915527623476766 8.915527623476766 8.915527623476766 8.915527623476766 -9999.0 -9999.0 -9999.0
17.936990359128515 18.93260602623203 19.928221693335537 20.595718020445222 20.912447352076345 21.229176683707472 21.5459060153386 21.862635346969725 22.179364678600848 22.496094010231975 22.8128233418631 23.129552673494764 23.44628200512589 23.763011336757017 24.07974066838814 24.19257759668491 24.087448933995557 23.9823202713062 23.877191608616847 23.77206294592749 23.666934283238138 23.561805620548785 23.45667695785943 23.351548295170076 23.246419632480542 23.141290969791186 23.036162307101833 8.915527623476766 8.915527623476766 8.915527623476766 8.915527623476766 8.915527623476766 8.915527623476766 8.915527623476766 8.915527623476766 8.915527623476766 8.915527623476766 8.915527623476766 8.915527623476766 8.915527623476766 8.915527623476766 -9999.0 -9999.0 -9999.0
18.030286127890054 18.856830198363888 19.683374268837724 20.278467839299545 20.626135590567802 20.973803341836057 21.321471093104314 21.66913884437257 22.016806595640826 22.364474346909084 22.71214209817734 23.05980984944619 23.407477600714444 23.7551453519827 24.102813103250956 24.230018233546108 24.12154383539923 24.013069437252355 23.904595039105477 23.796120640958602 23.687646242811724 23.57917184466485 23.47069744651797 23.362223048371096 23.253748650224033 23.145274252077158 23.03679985393028 8.915527623476766 8.915527623476766 8.915527623476766 8.915527623476766 8.915527623476766 8.915527623476766 8.915527623476766 8.915527623476766 8.915527623476766 8.915527623476766 8.915527623476766 8.915527623476766 8.915527623476766 8.915527623476766 8.915527623476766 -9999.0 -9999.0
18.123581896651594 18.781054370495752 19.43852684433991 19.96121765815387 20.339823829059256 20.71842999996464 21.09703617087003 21.475642341775416 21.8542485126808 22.23285468358619 22.611460854491575 22.990067025397607 23.368673196302993 23.74727936720838 24.125885538113767 24.2674588704073 24.1556387368029 24.043818603198503 23.931998469594102 23.820178335989706 23.708358202385305 23.59653806878091 23.48471793517651 23.372897801572112 23.261077667967523 23.149257534363123 23.037437400758726 8.915527623476766 8.915527623476766 8.915527623476766 8.915527623476766 8.915527623476766 8.915527623476766 8.915527623476766 8.915527623476766 8.915527623476766 8.915527623476766 8.915527623476766 8.915527623476766 8.915527623476766 8.915527623476766 8.915527623476766 8.915527623476766 -9999.0
18.21687766541313 18.705278542627614 19.1936794198421 19.643967477008193 20.053512067550713 20.46305665809323 20.872601248635746 21.282145839178263 21.69169042972078 22.101235020263296 22.510779610805812 22.92032420134903 23.32986879189155 23.739413382434066 24.148957972976582 24.304899507268495 24.189733638206576 24.074567769144654 23.95940190008273 23.844236031020813 23.72907016195889 23.613904292896972 23.49873842383505 23.38357255477313 23.268406685711014 23.153240816649095 23.038074947587173 8.915527623476766 8.915527623476766 8.915527623476766 8.915527623476766 8.915527623476766 8.915527623476766 8.915527623476766 8.915527623476766 8.915527623476766 8.915527623476766 8.915527623476766 8.915527623476766 8.915527623476766 8.915527623476766 8.915527623476766 8.915527623476766 8.915527623476766
18.310173434174665 18.629502714759475 18.948831995344282 19.326717295862515 19.767200306042163 20.20768331622181 20.64816632640146 21.088649336581106 21.529132346760754 21.969615356940405 22.410098367120053 22.85058137730045 23.291064387480098 23.731547397659746 24.172030407839394 24.34234014412969 24.22382853961025 24.105316935090805 23.986805330571364 23.86829372605192 23.74978212153248 23.631270517013036 23.512758912493595 23.39424730797415 23.275735703454508 23.157224098935064 23.038712494415623 8.915527623476766 8.915527623476766 8.915527623476766 8.915527623476766 8.915527623476766 8.915527623476766 8.915527623476766 8.915527623476766 8.915527623476766 8.915527623476766 8.915527623476766 8.915527623476766 8.915527623476766 8.915527623476766 8.915527623476766 8.915527623476766 8.915527623476766
18.4034692029362 18.553726886891337 18.70398457084647 19.00946711471684 19.48088854453362 19.9523099743504 20.423731404167178 20.895152833983953 21.366574263800732 21.83799569361751 22.30941712343429 22.780838553251876 23.252259983068654 23.723681412885433 24.195102842702212 24.379780780990885 24.257923441013922 24.136066101036956 24.014208761059994 23.892351421083028 23.77049408110606 23.6486367411291 23.526779401152133 23.40492206117517 23.283064721197995 23.161207381221033 23.039350041244067 8.915527623476766 8.915527623476766 8.915527623476766 8.915527623476766 8.915527623476766 8.915527623476766 8.915527623476766 8.915527623476766 8.915527623476766 8.915527623476766 8.915527623476766 8.915527623476766 8.915527623476766 8.915527623476766 8.915527623476766 8.915527623476766 8.915527623476766
18.496764971697818 18.477951059023134 18.459137146348446 18.692216933570894 19.19457678302483 19.696936632478764 20.1992964819327 20.701656331386637 21.204016180840572 21.706376030294507 22.208735879748442 22.711095729203237 23.21345557865717 23.715815428111107 24.21817527756504 24.41722141785211 24.292018342417624 24.166815266983136 24.041612191548644 23.916409116114156 23.791206040679665 23.666002965245177 23.54079988981069 23.415596814376197 23.290393738941496 23.165190663507005 23.039987588072517 8.915527623476766 8.915527623476766 8.915527623476766 8.915527623476766 8.915527623476766 8.915527623476766 8.915527623476766 8.915527623476766 8.915527623476766 8.915527623476766 8.915527623476766 8.915527623476766 8.915527623476766 8.915527623476766 8.915527623476766 8.915527623476766 8.915527623476766
