Figures/CREST_Example_wjb_NSE/Rolling_result/20100722/BJP_forecast/ens_36/wjb.rain.20091114.asc
ncols            288
nrows            254
xllcorner        113.274861
yllcorner        31.4918055
cellsize         0.008333333333
NODATA_value     -9999
[rows 48 to 71 of 254, columns 55 to 109 of 288]
0.0 0.0 0.0 0.0 0.0 0.0 0.0 0.0 0.008055333411030301 0.024722000325379377 0.04138866723975687 0.05805533415410595 0.07472200106845502 0.0913886679828041 0.10805533489715317 0.12472200181150224 0.14138866872585132 0.15805533564020038 0.17472200255454948 0.19138866946889854 0.1919446695772157 0.17527800266286428 0.15861133574851283 0.14194466883413298 0.1252780019197815 0.10861133500543008 0.09194466809107864 0.07527800117672719 0.05861133426237575 0.041944667348024295 0.02527800043367287 0.008611333519321418 0.0 0.0 0.0 0.0 0.0 0.0 0.0 0.0 0.0 0.0 0.0 0.0 0.0 0.0 0.0 0.0 0.0 0.0 0.0 0.0 0.0 0.0 0.0
0.01611133384608282 0.01611133384608282 0.01611133384608282 0.01611133384608282 0.01611133384608282 0.01611133384608282 0.01611133384608282 0.01611133384608282 0.023842211847381348 0.0398375731848373 0.055832934522320535 0.07182829585977649 0.08782365719723245 0.1038190185346884 0.11981437987214436 0.13580974120960032 0.15180510254705626 0.16780046388451222 0.1837958252219682 0.19979118655942413 0.19967588109084813 0.18233790859960347 0.1649999361083588 0.14766196361708459 0.13032399112583992 0.11298601863459527 0.09564804614335061 0.07831007365210596 0.0609721011608613 0.043634128669616634 0.02629615617837197 0.008958183687127336 0.0 0.0 0.0 0.0 0.0 0.0 0.0 0.0 0.0 0.0 0.0 0.0 0.0 0.0 0.0 0.0 0.0 0.0 0.0 0.0 0.0 0.0 0.0
0.04944466767478334 0.04944466767478334 0.04944466767478334 0.04944466767478334 0.04944466767478334 0.04944466767478334 0.04944466767478334 0.04944466767478334 0.056504267891856294 0.07111074031983891 0.08571721274784644 0.10032368517582907 0.1149301576038117 0.12953663003179433 0.14414310245977696 0.15874957488775956 0.17335604731574217 0.1879625197437248 0.20256899217170743 0.21717546459969006 0.21567127022164062 0.19694440882092246 0.17821754742020426 0.15949068601945415 0.14076382461873593 0.12203696321801777 0.10331010181729958 0.08458324041658138 0.06585637901586319 0.04712951761514503 0.028402656214426836 0.009675794813708644 0.0 0.0 0.0 0.0 0.0 0.0 0.0 0.0 0.0 0.0 0.0 0.0 0.0 0.0 0.0 0.0 0.0 0.0 0.0 0.0 0.0 0.0 0.0
0.08277800150348386 0.08277800150348386 0.08277800150348386 0.08277800150348386 0.08277800150348386 0.08277800150348386 0.08277800150348386 0.08277800150348386 0.08916632393633123 0.10238390745484052 0.11560149097337236 0.12881907449188165 0.14203665801039095 0.15525424152890022 0.16847182504740954 0.1816894085659188 0.1949069920844281 0.2081245756029374 0.2213421591214467 0.234559742639956 0.23166665935243314 0.21155090904224141 0.1914351587320497 0.17131940842182367 0.15120365811163194 0.13108790780144025 0.11097215749124853 0.09085640718105681 0.07074065687086509 0.050624906560673366 0.030509156250481645 0.010393405940289924 0.0 0.0 0.0 0.0 0.0 0.0 0.0 0.0 0.0 0.0 0.0 0.0 0.0 0.0 0.0 0.0 0.0 0.0 0.0 0.0 0.0 0.0 0.0
0.11611133533218437 0.11611133533218437 0.11611133533218437 0.11611133533218437 0.11611133533218437 0.11611133533218437 0.11611133533218437 0.11611133533218437 0.12182837998080617 0.13365707458984213 0.14548576919889825 0.1573144638079342 0.16914315841697017 0.18097185302600613 0.19280054763504206 0.20462924224407802 0.21645793685311399 0.22828663146214995 0.2401153260711859 0.25194402068022187 0.2476620484832256 0.22615740926356037 0.20465277004389512 0.1831481308241932 0.16164349160452796 0.14013885238486273 0.11863421316519748 0.09712957394553223 0.07562493472586698 0.05412029550620176 0.03261565628653651 0.01111101706687126 0.0 0.0 0.0 0.0 0.0 0.0 0.0 0.0 0.0 0.0 0.0 0.0 0.0 0.0 0.0 0.0 0.0 0.0 0.0 0.0 0.0 0.0 0.0
0.1494446691609133 0.1494446691609133 0.1494446691609133 0.1494446691609133 0.1494446691609133 0.1494446691609133 0.1494446691609133 0.1494446691609133 0.15449043602530896 0.1649302417248704 0.17537004742444964 0.1858098531240111 0.19624965882357254 0.20668946452313397 0.2171292702226954 0.22756907592225684 0.2380088816218183 0.24844868732137973 0.2588884930209412 0.2693282987205026 0.2636574376140317 0.2407639094848918 0.21787038135575182 0.19497685322657282 0.17208332509743285 0.1491897969682929 0.12629626883915296 0.10340274071001299 0.08050921258087304 0.05761568445173307 0.03472215632259312 0.01182862819345315 0.0 0.0 0.0 0.0 0.0 0.0 0.0 0.0 0.0 0.0 0.0 0.0 0.0 0.0 0.0 0.0 0.0 0.0 0.0 0.0 0.0 0.0 0.0
0.18277800298961383 0.18277800298961383 0.18277800298961383 0.18277800298961383 0.18277800298961383 0.18277800298961383 0.18277800298961383 0.18277800298961383 0.1871524920697839 0.196203408859872 0.20525432564997556 0.21430524244006366 0.22335615923015179 0.23240707602023988 0.24145799281032798 0.2505089096004161 0.25955982639050423 0.2686107431805923 0.27766165997068043 0.28671257676076856 0.2796528267448242 0.2553704097062107 0.23108799266759728 0.20680557562894236 0.18252315859032886 0.15824074155171539 0.1339583245131019 0.10967590747448844 0.08539349043587494 0.06111107339726146 0.03682865635864796 0.012546239320034458 0.0 0.0 0.0 0.0 0.0 0.0 0.0 0.0 0.0 0.0 0.0 0.0 0.0 0.0 0.0 0.0 0.0 0.0 0.0 0.0 0.0 0.0 0.0
0.21611133681831435 0.21611133681831435 0.21611133681831435 0.21611133681831435 0.21611133681831435 0.21611133681831435 0.21611133681831435 0.21611133681831435 0.21981454811425885 0.22747657599487361 0.23513860387550148 0.24280063175611624 0.25046265963673103 0.2581246875173458 0.26578671539796056 0.2734487432785754 0.28111077115919014 0.2887727990398049 0.29643482692041967 0.3040968548010345 0.29564821587561674 0.2699769099275297 0.2443056039794427 0.2186342980313119 0.1929629920832249 0.1672916861351379 0.14162038018705086 0.11594907423896386 0.09027776829087686 0.06460646234278983 0.0389351563947028 0.013263850446615821 0.0 0.0 0.0 0.0 0.0 0.0 0.0 0.0 0.0 0.0 0.0 0.0 0.0 0.0 0.0 0.0 0.0 0.0 0.0 0.0 0.0 0.0 0.0
0.24944467064701487 0.24944467064701487 0.24944467064701487 0.24944467064701487 0.24944467064701487 0.24944467064701487 0.24944467064701487 0.24944467064701487 0.2524766041587338 0.25874974312987525 0.26502288210102737 0.2712960210721688 0.2775691600433103 0.28384229901445174 0.29011543798559314 0.2963885769567346 0.30266171592787605 0.3089348548990175 0.31520799387015896 0.3214811328413004 0.31164360500640925 0.2845834101488487 0.25752321529128813 0.23046302043368144 0.20340282557612088 0.17634263071856035 0.14928243586099982 0.12222224100343926 0.09516204614587873 0.0681018512883182 0.041041656430757634 0.013981461573197074 0.0 0.0 0.0 0.0 0.0 0.0 0.0 0.0 0.0 0.0 0.0 0.0 0.0 0.0 0.0 0.0 0.0 0.0 0.0 0.0 0.0 0.0 0.0
0.2827780044757154 0.2827780044757154 0.2827780044757154 0.2827780044757154 0.2827780044757154 0.2827780044757154 0.2827780044757154 0.2827780044757154 0.2851386602032087 0.29002291026487687 0.2949071603265533 0.2997914103882214 0.30467566044988953 0.3095599105115576 0.3144441605732258 0.31932841063489387 0.32421266069656196 0.3290969107582301 0.3339811608198982 0.3388654108815663 0.3276389941372017 0.2991899103701676 0.2707408266031336 0.24229174283605098 0.21384265906901692 0.18539357530198283 0.15694449153494877 0.1284954077679147 0.10004632400088062 0.07159724023384656 0.04314815646681247 0.014699072699778437 0.0 0.0 0.0 0.0 0.0 0.0 0.0 0.0 0.0 0.0 0.0 0.0 0.0 0.0 0.0 0.0 0.0 0.0 0.0 0.0 0.0 0.0 0.0
0.3161113383044159 0.3161113383044159 0.3161113383044159 0.3161113383044159 0.3161113383044159 0.3161113383044159 0.3161113383044159 0.3161113383044159 0.3178007162476837 0.3212960773998785 0.3247914385520792 0.328286799704274 0.3317821608564688 0.33527752200866356 0.33877288316085835 0.34226824431305314 0.34576360546524787 0.34925896661744266 0.35275432776963744 0.35624968892183223 0.3436343832679942 0.3137964105914866 0.283958437914979 0.2541204652384205 0.22428249256191293 0.19444451988540534 0.16460654720889772 0.13476857453239013 0.10493060185588254 0.07509262917937493 0.04525465650286731 0.015416683826359745 0.0 0.0 0.0 0.0 0.0 0.0 0.0 0.0 0.0 0.0 0.0 0.0 0.0 0.0 0.0 0.0 0.0 0.0 0.0 0.0 0.0 0.0 0.0
0.34944467213314484 0.34944467213314484 0.34944467213314484 0.34944467213314484 0.34944467213314484 0.34944467213314484 0.34944467213314484 0.34944467213314484 0.3504627722921865 0.35256924453490673 0.3546757167776306 0.35678218902035086 0.3588886612630711 0.3609951335057914 0.36310160574851164 0.3652080779912319 0.3673145502339522 0.36942102247667247 0.3715274947193927 0.373633966962113 0.35962977239880034 0.328402910812818 0.2971760492268357 0.26594918764080017 0.23472232605481785 0.2034954644688355 0.1722686028828532 0.1410417412968709 0.1098148797108886 0.07858801812490623 0.04736115653892392 0.016134294952941608 0.0 0.0 0.0 0.0 0.0 0.0 0.0 0.0 0.0 0.0 0.0 0.0 0.0 0.0 0.0 0.0 0.0 0.0 0.0 0.0 0.0 0.0 0.0
0.38277800596184536 0.38277800596184536 0.38277800596184536 0.38277800596184536 0.38277800596184536 0.38277800596184536 0.38277800596184536 0.38277800596184536 0.3831248283366614 0.38384241166990835 0.3845599950031565 0.38527757833640347 0.38599516166965037 0.3867127450028973 0.38743032833614427 0.3881479116693912 0.3888654950026382 0.38958307833588507 0.390300661669132 0.391018245002379 0.3756251615295929 0.34300941103413707 0.3103936605386812 0.27777791004316976 0.2451621595477139 0.21254640905225805 0.1799306585568022 0.14731490806134637 0.1146991575658905 0.08208340707043466 0.04946765657497881 0.01685190607952297 0.0 0.0 0.0 0.0 0.0 0.0 0.0 0.0 0.0 0.0 0.0 0.0 0.0 0.0 0.0 0.0 0.0 0.0 0.0 0.0 0.0 0.0 0.0
0.38910806012784827 0.38910806012784827 0.38910806012784827 0.38910806012784827 0.38910806012784827 0.38910806012784827 0.38910806012784827 0.38910806012784827 0.3892633071731165 0.3895845168190611 0.38990572646500615 0.3902269361109507 0.39054814575689534 0.3908693554028399 0.39119056504878447 0.39151177469472903 0.3918329843406736 0.39215419398661816 0.3924754036325627 0.3927966132785073 0.3776220364228179 0.3458821134901998 0.3141421905575818 0.2824022676249096 0.25066234469229154 0.21892242175967355 0.1871824988270555 0.15544257589443747 0.12370265296181943 0.09196273002920136 0.06022280709658334 0.028482884163965272 0.01208350067265801 0.01208350067265801 0.01208350067265801 0.01208350067265801 0.01208350067265801 0.01208350067265801 0.01208350067265801 0.01208350067265801 0.01208350067265801 0.01208350067265801 0.01208350067265801 0.01208350067265801 0.01208350067265801 0.01208350067265801 0.01208350067265801 0.01208350067265801 0.01208350067265801 0.01208350067265801 0.01208350067265801 0.01208350067265801 0.01208350067265801 0.01208350067265801 0.01208350067265801
0.3665733109685426 0.3665733109685426 0.3665733109685426 0.3665733109685426 0.3665733109685426 0.3665733109685426 0.3665733109685426 0.3665733109685426 0.3670497543617 0.36803552651191584 0.3690212986621333 0.3700070708123491 0.3709928429625649 0.37197861511278074 0.3729643872629965 0.37395015941321236 0.37493593156342814 0.375921703713644 0.37690747586385975 0.3778932480140756 0.364655382242495 0.33621212598475625 0.30776886972701756 0.27932561346923035 0.2508823572114916 0.22243910095375288 0.19399584469601416 0.16555258843827542 0.1371093321805367 0.10866607592279798 0.08022281966505923 0.05177956340732054 0.03708350166506513 0.03708350166506513 0.03708350166506513 0.03708350166506513 0.03708350166506513 0.03708350166506513 0.03708350166506513 0.03708350166506513 0.03708350166506513 0.03708350166506513 0.03708350166506513 0.03708350166506513 0.03708350166506513 0.03708350166506513 0.03708350166506513 0.03708350166506513 0.03708350166506513 0.03708350166506513 0.03708350166506513 0.03708350166506513 0.03708350166506513 0.03708350166506513 0.03708350166506513
0.34403856180923703 0.34403856180923703 0.34403856180923703 0.34403856180923703 0.34403856180923703 0.34403856180923703 0.34403856180923703 0.34403856180923703 0.3448362015502836 0.34648653620477066 0.3481368708592605 0.34978720551374753 0.3514375401682346 0.35308787482272164 0.3547382094772087 0.35638854413169574 0.3580388787861828 0.35968921344066984 0.3613395480951569 0.36298988274964394 0.35168872806217216 0.3265421384793128 0.30139554889645337 0.2762489593135511 0.25110236973069167 0.22595578014783224 0.20080919056497282 0.1756626009821134 0.150516011399254 0.12536942181639457 0.10022283223353518 0.07507624265067575 0.06208350265747223 0.06208350265747223 0.06208350265747223 0.06208350265747223 0.06208350265747223 0.06208350265747223 0.06208350265747223 0.06208350265747223 0.06208350265747223 0.06208350265747223 0.06208350265747223 0.06208350265747223 0.06208350265747223 0.06208350265747223 0.06208350265747223 0.06208350265747223 0.06208350265747223 0.06208350265747223 0.06208350265747223 0.06208350265747223 0.06208350265747223 0.06208350265747223 0.06208350265747223
0.32150381264993144 0.32150381264993144 0.32150381264993144 0.32150381264993144 0.32150381264993144 0.32150381264993144 0.32150381264993144 0.32150381264993144 0.32262264873886715 0.32493754589762547 0.3272524430563877 0.329567340215146 0.33188223737390427 0.33419713453266253 0.33651203169142085 0.3388269288501791 0.34114182600893744 0.3434567231676957 0.34577162032645403 0.3480865174852123 0.3387220738818494 0.3168721509738693 0.2950222280658892 0.27317230515787183 0.25132238224989173 0.22947245934191163 0.20762253643393153 0.18577261352595142 0.16392269061797132 0.14207276770999122 0.12022284480201115 0.09837292189403102 0.08708350364987935 0.08708350364987935 0.08708350364987935 0.08708350364987935 0.08708350364987935 0.08708350364987935 0.08708350364987935 0.08708350364987935 0.08708350364987935 0.08708350364987935 0.08708350364987935 0.08708350364987935 0.08708350364987935 0.08708350364987935 0.08708350364987935 0.08708350364987935 0.08708350364987935 0.08708350364987935 0.08708350364987935 0.08708350364987935 0.08708350364987935 0.08708350364987935 0.08708350364987935
0.2989690634906258 0.2989690634906258 0.2989690634906258 0.2989690634906258 0.2989690634906258 0.2989690634906258 0.2989690634906258 0.2989690634906258 0.3004090959274507 0.3033885555904802 0.3063680152535148 0.30934747491654435 0.3123269345795739 0.3153063942426034 0.31828585390563296 0.3212653135686625 0.32424477323169204 0.3272242328947216 0.3302036925577511 0.33318315222078065 0.32575541970152655 0.30720216346842577 0.288648907235325 0.27009565100219257 0.2515423947690918 0.23298913853599099 0.21443588230289018 0.1958826260697894 0.17732936983668862 0.15877611360358782 0.14022285737048704 0.12166960113738626 0.11208350464228645 0.11208350464228645 0.11208350464228645 0.11208350464228645 0.11208350464228645 0.11208350464228645 0.11208350464228645 0.11208350464228645 0.11208350464228645 0.11208350464228645 0.11208350464228645 0.11208350464228645 0.11208350464228645 0.11208350464228645 0.11208350464228645 0.11208350464228645 0.11208350464228645 0.11208350464228645 0.11208350464228645 0.11208350464228645 0.11208350464228645 0.11208350464228645 0.11208350464228645
0.27643431433130095 0.27643431433130095 0.27643431433130095 0.27643431433130095 0.27643431433130095 0.27643431433130095 0.27643431433130095 0.27643431433130095 0.2781955431160153 0.2818395652833166 0.2854835874506242 0.2891276096179255 0.29277163178522686 0.2964156539525282 0.30005967611982953 0.3037036982871309 0.30734772045443226 0.31099174262173357 0.31463576478903493 0.3182797869563363 0.31278876552119267 0.297532175962974 0.28227558640475536 0.26701899684651065 0.25176240728829197 0.23650581773007331 0.22124922817185466 0.20599263861363598 0.19073604905541733 0.17547945949719865 0.16022286993898 0.14496628038076131 0.13708350563471486 0.13708350563471486 0.13708350563471486 0.13708350563471486 0.13708350563471486 0.13708350563471486 0.13708350563471486 0.13708350563471486 0.13708350563471486 0.13708350563471486 0.13708350563471486 0.13708350563471486 0.13708350563471486 0.13708350563471486 0.13708350563471486 0.13708350563471486 0.13708350563471486 0.13708350563471486 0.13708350563471486 0.13708350563471486 0.13708350563471486 0.13708350563471486 0.13708350563471486
0.25389956517199536 0.25389956517199536 0.25389956517199536 0.25389956517199536 0.25389956517199536 0.25389956517199536 0.25389956517199536 0.25389956517199536 0.25598199030459884 0.2602905749761714 0.2645991596477514 0.26890774431932396 0.27321632899089654 0.2775249136624691 0.2818334983340417 0.2861420830056143 0.29045066767718686 0.29475925234875944 0.2990678370203321 0.30337642169190465 0.29982211134086983 0.2878621884575305 0.2759022655741911 0.2639423426908314 0.25198241980749203 0.24002249692415267 0.22806257404081332 0.21610265115747396 0.2041427282741346 0.19218280539079527 0.1802228825074559 0.16826295962411655 0.16208350662712198 0.16208350662712198 0.16208350662712198 0.16208350662712198 0.16208350662712198 0.16208350662712198 0.16208350662712198 0.16208350662712198 0.16208350662712198 0.16208350662712198 0.16208350662712198 0.16208350662712198 0.16208350662712198 0.16208350662712198 0.16208350662712198 0.16208350662712198 0.16208350662712198 0.16208350662712198 0.16208350662712198 0.16208350662712198 0.16208350662712198 0.16208350662712198 0.16208350662712198
0.2313648160126897 0.2313648160126897 0.2313648160126897 0.2313648160126897 0.2313648160126897 0.2313648160126897 0.2313648160126897 0.2313648160126897 0.23376843749318238 0.2387415846690262 0.24371473184487852 0.24868787902072234 0.25366102619656616 0.25863417337241 0.26360732054825387 0.26858046772409766 0.2735536148999415 0.2785267620757853 0.28349990925162916 0.288473056427473 0.28685545716054706 0.278192200952087 0.26952894474362693 0.26086568853515213 0.2522024323266921 0.24353917611823206 0.234875919909772 0.22621266370131196 0.2175494074928519 0.20888615128439186 0.20022289507593183 0.1915596388674718 0.18708350761952908 0.18708350761952908 0.18708350761952908 0.18708350761952908 0.18708350761952908 0.18708350761952908 0.18708350761952908 0.18708350761952908 0.18708350761952908 0.18708350761952908 0.18708350761952908 0.18708350761952908 0.18708350761952908 0.18708350761952908 0.18708350761952908 0.18708350761952908 0.18708350761952908 0.18708350761952908 0.18708350761952908 0.18708350761952908 0.18708350761952908 0.18708350761952908 0.18708350761952908
0.20883006685338412 0.20883006685338412 0.20883006685338412 0.20883006685338412 0.20883006685338412 0.20883006685338412 0.20883006685338412 0.20883006685338412 0.21155488468176595 0.21719259436188101 0.2228303040420057 0.22846801372212078 0.23410572340223584 0.2397434330823509 0.24538114276246598 0.25101885244258104 0.2566565621226961 0.2622942718028112 0.2679319814829263 0.27356969116304136 0.2738888029802242 0.2685222134466435 0.26315562391306274 0.25778903437947287 0.25242244484589216 0.24705585531231142 0.24168926577873068 0.23632267624514994 0.2309560867115692 0.22558949717798848 0.22022290764440774 0.214856318110827 0.21208350861193617 0.21208350861193617 0.21208350861193617 0.21208350861193617 0.21208350861193617 0.21208350861193617 0.21208350861193617 0.21208350861193617 0.21208350861193617 0.21208350861193617 0.21208350861193617 0.21208350861193617 0.21208350861193617 0.21208350861193617 0.21208350861193617 0.21208350861193617 0.21208350861193617 0.21208350861193617 0.21208350861193617 0.21208350861193617 0.21208350861193617 0.21208350861193617 0.21208350861193617
0.18629531769407848 0.18629531769407848 0.18629531769407848 0.18629531769407848 0.18629531769407848 0.18629531769407848 0.18629531769407848 0.18629531769407848 0.18934133187034946 0.19564360405473577 0.20194587623913285 0.20824814842351916 0.21455042060790547 0.22085269279229178 0.2271549649766781 0.2334572371610644 0.2397595093454507 0.24606178152983701 0.2523640537142233 0.25866632589860966 0.26092214879990133 0.25885222594119994 0.2567823030824985 0.25471238022379356 0.25264245736509217 0.2505725345063907 0.2485026116476893 0.24643268878898789 0.24436276593028647 0.24229284307158505 0.24022292021288363 0.23815299735418222 0.23708350960434327 0.23708350960434327 0.23708350960434327 0.23708350960434327 0.23708350960434327 0.23708350960434327 0.23708350960434327 0.23708350960434327 0.23708350960434327 0.23708350960434327 0.23708350960434327 0.23708350960434327 0.23708350960434327 0.23708350960434327 0.23708350960434327 0.23708350960434327 0.23708350960434327 0.23708350960434327 0.23708350960434327 0.23708350960434327 0.23708350960434327 0.23708350960434327 0.23708350960434327
0.1637605685347729 0.1637605685347729 0.1637605685347729 0.1637605685347729 0.1637605685347729 0.1637605685347729 0.1637605685347729 0.1637605685347729 0.16712777905893306 0.1740946137475906 0.18106144843626004 0.1880282831249176 0.19499511781357515 0.2019619525022327 0.20892878719089025 0.2158956218795478 0.22286245656820536 0.2298292912568629 0.23679612594552046 0.24376296063417802 0.24795549461957855 0.24918223843575643 0.2504089822519343 0.2516357260681143 0.25286246988429223 0.2540892137004701 0.255315957516648 0.2565427013328259 0.2577694451490038 0.2589961889651817 0.26022293278135955 0.2614496765975375 0.2620835105967504 0.2620835105967504 0.2620835105967504 0.2620835105967504 0.2620835105967504 0.2620835105967504 0.2620835105967504 0.2620835105967504 0.2620835105967504 0.2620835105967504 0.2620835105967504 0.2620835105967504 0.2620835105967504 0.2620835105967504 0.2620835105967504 0.2620835105967504 0.2620835105967504 0.2620835105967504 0.2620835105967504 0.2620835105967504 0.2620835105967504 0.2620835105967504 0.2620835105967504
