Figures/CREST_Example_wjb_NSE/Rolling_result/20100722/BJP_forecast/ens_36/wjb.rain.20100726.asc
ncols            288
nrows            254
xllcorner        113.274861
yllcorner        31.4918055
cellsize         0.008333333333
NODATA_value     -9999
[rows 115 to 137 of 254, columns 159 to 211 of 288]
0.0 0.0 0.0 0.0 0.0 0.0 0.0 0.0 0.0 0.0 0.0 0.0 0.0 0.0 0.0 0.0 0.0 0.0 0.0 0.0 0.0 0.0 0.0 0.0 0.0 0.0 0.0 0.0 0.0 0.0 0.0 0.0 0.0 0.0 0.0 0.0 0.0 0.0 0.0 0.0 0.0 0.0 0.0 0.0 0.0 0.0 0.0 0.0 0.0 0.0 0.0 0.0 0.0
0.0 0.0 0.0 0.0 0.0 0.0 0.0 0.0 0.0 0.0 0.0 0.0 0.0 0.0 0.0 0.0 0.0 0.0 0.0 0.0 0.0 0.0 0.0 0.0 0.0 0.0 0.0 0.0 0.0 0.0 0.0 0.0 0.0 0.0 0.0 0.0 0.0 0.0 0.0 0.0 0.0 0.0 0.0 0.0 0.0 0.0 0.0 0.0 0.0 0.0 0.0 0.0 0.0
0.0 0.0 0.0 0.0 0.0 0.0 0.0 0.0 0.0 0.0 0.0 0.0 0.0 0.0 0.0 0.0 0.0 0.0 0.0 0.0 0.0 0.0 0.0 0.0 0.0 0.0 0.0 0.0 0.0 0.0 0.0 0.0 0.0 0.0 0.0 0.0 0.0 0.0 0.0 0.0 0.0 0.0 0.0 0.0 0.0 0.0 0.0 0.0 0.0 0.0 0.0 0.0 0.0
0.0 0.0 0.0 0.0 0.0 0.0 0.0 0.0 0.0 0.0 0.0 0.0 0.0 0.0 0.0 0.0 0.0 0.0 0.0 0.0 0.0 0.0 0.0 0.0 0.0 0.0 0.0 0.0 0.0 0.0 0.0 0.0 0.0 0.0 0.0 0.0 0.0 0.0 0.0 0.0 0.0 0.0 0.0 0.0 0.0 0.0 0.0 0.0 0.0 0.0 0.0 0.0 0.0
0.0 0.0 0.0 0.0 0.0 0.0 0.0 0.0 0.0 0.0 0.0 0.0 0.0 0.0 0.0 0.0 0.0 0.0 0.0 0.0 0.0 0.0 0.0 0.0 0.0 0.0 0.0 0.0 0.0 0.0 0.0 0.0 0.0 0.0 0.0 0.0 0.0 0.0 0.0 0.0 0.0 0.0 0.0 0.0 0.0 0.0 0.0 0.0 0.0 0.0 0.0 0.0 0.0
0.0 0.0 0.0 0.0 0.0 0.0 0.0 0.0 0.0 0.0 0.0 0.0 0.0 0.0 0.0 0.0 0.0 0.0 0.0 0.0 0.0 0.0 0.0 0.0 0.0 0.0 0.0 0.0 0.0 0.0 0.0 0.0 0.0 0.0 0.0 0.0 0.0 0.0 0.0 0.0 0.0 0.0 0.0 0.0 0.0 0.0 0.0 0.0 0.0 0.0 0.0 0.0 0.0
0.0009384098547871226 0.002880001072064488 0.004821592289341854 0.0067631835066192195 0.008704774723896585 0.010646365941173951 0.012587957158451317 0.014529548375728682 0.01647113959300605 0.018412730810283415 0.02035432202756409 0.022295913244841457 0.023320085268861538 0.023363515420506846 0.023406945572152154 0.023450375723797462 0.02349380587544277 0.023537236027088078 0.023580666178733386 0.023624096330378694 0.023667526482024002 0.02371095663366931 0.023754386785314618 0.02379781693696 0.022860855914531634 0.020875834545608967 0.0188908131766863 0.01690579180776363 0.014920770438840963 0.012935749069918297 0.010950727700995628 0.008965706332072962 0.006980684963150293 0.004995663594227626 0.0030106422253049596 0.0010256208563822894 0.0 0.0 0.0 0.0 0.0 0.0 0.0 0.0 0.0 0.0 0.0 0.0 0.0 0.0 0.0 0.0 0.0
0.002879920684554226 0.00883854172743997 0.014797162770325714 0.02075578381321146 0.0267144048560972 0.032673025898982945 0.03863164694186869 0.044590267984754434 0.05054888902764018 0.05650751007052592 0.06246613111342183 0.06842475215630757 0.07156787153156849 0.0717011559290187 0.0718344403264689 0.07196772472391913 0.07210100912136934 0.07223429351881955 0.07236757791626976 0.07250086231371997 0.07263414671117017 0.07276743110862038 0.07290071550607059 0.07303399990352104 0.0701585255941377 0.06406662015380175 0.05797471471346582 0.05188280927312988 0.04579090383279395 0.03969899839245801 0.033607092952122074 0.027515187511786138 0.021423282071450202 0.015331376631114266 0.009239471190778337 0.0031475657504423937 0.0 0.0 0.0 0.0 0.0 0.0 0.0 0.0 0.0 0.0 0.0 0.0 0.0 0.0 0.0 0.0 0.0
0.004821431514321329 0.01479708238281545 0.024772733251309572 0.034748384119803695 0.044724034988297814 0.054699685856791934 0.06467533672528605 0.07465098759378018 0.0846266384622743 0.09460228933076842 0.10457794019927956 0.11455359106777367 0.11981565779427546 0.12003879643753057 0.1202619350807857 0.12048507372404083 0.12070821236729594 0.12093135101055107 0.12115448965380618 0.12137762829706131 0.12160076694031643 0.12182390558357155 0.12204704422682668 0.12227018287008218 0.11745619527374386 0.10725740576199465 0.09705861625024544 0.08685982673849621 0.076661037226747 0.06646224771499779 0.05626345820324857 0.04606466869149936 0.03586587917975015 0.025667089668000936 0.015468300156251724 0.005269510644502512 0.0 0.0 0.0 0.0 0.0 0.0 0.0 0.0 0.0 0.0 0.0 0.0 0.0 0.0 0.0 0.0 0.0
0.006762942344090089 0.020755623038196017 0.03474830373230195 0.048740984426407875 0.0627336651205138 0.07672634581461973 0.09071902650872567 0.10471170720283159 0.11870438789693752 0.13269706859104344 0.14668974928517323 0.16068242997927917 0.1680634440570236 0.1683764369460837 0.1686894298351438 0.1690024227242039 0.16931541561326402 0.16962840850232414 0.16994140139138422 0.17025439428044434 0.17056738716950445 0.17088038005856457 0.17119337294762466 0.1715063658366853 0.16475386495339034 0.15044819137022436 0.13614251778705838 0.12183684420389237 0.10753117062072638 0.09322549703756039 0.0789198234543944 0.0646141498712284 0.05030847628806241 0.03600280270489642 0.02169712912173044 0.007391455538564434 0.0 0.0 0.0 0.0 0.0 0.0 0.0 0.0 0.0 0.0 0.0 0.0 0.0 0.0 0.0 0.0 0.0
0.008704453173857195 0.02671416369357151 0.04472387421328582 0.06273358473300013 0.08074329525271444 0.09875300577242876 0.11676271629214308 0.1347724268118574 0.1527821373315717 0.170791847851286 0.18880155837103105 0.20681126889074536 0.2163112303197306 0.2167140774545956 0.2171169245894606 0.21751977172432563 0.21792261885919062 0.21832546599405564 0.21872831312892066 0.21913116026378568 0.21953400739865067 0.2199368545335157 0.2203397016683807 0.2207425488032464 0.21205153463299647 0.1936389769784172 0.17522641932383792 0.15681386166925865 0.1384013040146794 0.11998874636010014 0.10157618870552086 0.0831636310509416 0.06475107339636232 0.046338515741783076 0.0279259580872038 0.009513400432624552 0.0 0.0 0.0 0.0 0.0 0.0 0.0 0.0 0.0 0.0 0.0 0.0 0.0 0.0 0.0 0.0 0.0
0.010645964003624298 0.032672704348946986 0.05469944469426968 0.07672618503959237 0.09875292538491506 0.12077966573023775 0.14280640607556044 0.16483314642088315 0.18685988676620582 0.20888662711152853 0.23091336745688876 0.2529401078022115 0.2645590165824375 0.26505171796310745 0.26554441934377737 0.2660371207244473 0.2665298221051172 0.26702252348578714 0.26751522486645707 0.268007926247127 0.2685006276277969 0.26899332900846684 0.26948603038913677 0.2699787317698075 0.2593492043126026 0.2368297625866101 0.21431032086061755 0.191790879134625 0.16927143740863246 0.1467519956826399 0.12423255395664737 0.10171311223065482 0.0791936705046623 0.05667422877866976 0.034154787052677216 0.011635345326684643 0.0 0.0 0.0 0.0 0.0 0.0 0.0 0.0 0.0 0.0 0.0 0.0 0.0 0.0 0.0 0.0 0.0
0.012587474833391404 0.038631245004322474 0.06467501517525355 0.09071878534618462 0.1167625555171157 0.14280632568804677 0.16885009585897784 0.1948938660299089 0.22093763620083998 0.24698140637177107 0.27302517654274655 0.2990689467136776 0.31280680284514456 0.31338935847161936 0.3139719140980942 0.314554469724569 0.3151370253510439 0.3157195809775187 0.31630213660399353 0.31688469223046833 0.31746724785694314 0.318049803483418 0.3186323591098928 0.31921491473636865 0.30664687399220875 0.28002054819480293 0.2533942223973971 0.2267678965999913 0.2001415708025855 0.17351524500517967 0.14688891920777386 0.12026259341036805 0.09363626761296223 0.06700994181555642 0.0403836160181506 0.013757290220744789 0.0 0.0 0.0 0.0 0.0 0.0 0.0 0.0 0.0 0.0 0.0 0.0 0.0 0.0 0.0 0.0 0.0
0.014528985663158507 0.044589785659697956 0.0746505856562374 0.10471138565277686 0.1347721856493163 0.16483298564585577 0.1948937856423952 0.22495458563893467 0.2550153856354741 0.2850761856320136 0.31513698562860426 0.34519778562514375 0.36105458910785154 0.3617269989801313 0.36239940885241095 0.3630718187246907 0.3637442285969704 0.36441663846925015 0.3650890483415299 0.3657614582138096 0.36643386808608935 0.3671062779583691 0.3677786878306488 0.3684510977029297 0.3539445436718148 0.32321133380299577 0.29247812393417666 0.2617449140653576 0.23101170419653852 0.2002784943277194 0.16954528445890032 0.13881207459008124 0.10807886472126216 0.0773456548524431 0.04661244498362399 0.01587923511480488 0.0 0.0 0.0 0.0 0.0 0.0 0.0 0.0 0.0 0.0 0.0 0.0 0.0 0.0 0.0 0.0 0.0
0.01647049649292561 0.05054832631507344 0.08462615613722127 0.1187039859593691 0.15278181578151692 0.18685964560366475 0.2209374754258126 0.2550153052479604 0.28909313507010825 0.32317096489225605 0.357248794714462 0.3913266245366099 0.4093023753705585 0.4100646394886432 0.4108269036067278 0.41158916772481247 0.4123514318428971 0.41311369596098174 0.41387596007906635 0.414638224197151 0.4154004883152356 0.4161627524333203 0.4169250165514049 0.41768728066949085 0.401242213351421 0.36640211941118866 0.3315620254709563 0.2967219315307239 0.26188183759049155 0.2270417436502592 0.19220164971002685 0.1573615557697945 0.12252146182956214 0.08768136788932973 0.05284127394909738 0.018001180008865025 0.0 0.0 0.0 0.0 0.0 0.0 0.0 0.0 0.0 0.0 0.0 0.0 0.0 0.0 0.0 0.0 0.0
0.018412007322692714 0.056506866970448925 0.09460172661820514 0.13269658626596134 0.17079144591371756 0.20888630556147378 0.24698116520923 0.2850760248569862 0.3231708845047424 0.3612657441524986 0.3993606038003198 0.437455463448076 0.4575501616332655 0.45840227999715505 0.4592543983610446 0.46010651672493413 0.4609586350888237 0.4618107534527132 0.46266287181660276 0.4635149901804923 0.46436710854438185 0.4652192269082714 0.466071345272161 0.46692346363605197 0.4485398830310271 0.4095929050193815 0.37064592700773585 0.3316989489960902 0.2927519709844446 0.25380499297279896 0.2148580149611533 0.17591103694950772 0.13696405893786207 0.09801708092621642 0.059070102914570766 0.02012312490292517 0.0 0.0 0.0 0.0 0.0 0.0 0.0 0.0 0.0 0.0 0.0 0.0 0.0 0.0 0.0 0.0 0.0
0.02035351815246147 0.062465407625829486 0.1045772970991975 0.14668918657256552 0.18880107604593352 0.23091296551930154 0.27302485499266954 0.31513674446603757 0.3572486339394056 0.3993605234127736 0.4414724128862134 0.48358430235958144 0.5057979478960135 0.5067399205057082 0.5076818931154027 0.5086238657250972 0.5095658383347917 0.5105078109444863 0.5114497835541808 0.5123917561638753 0.5133337287735699 0.5142757013832644 0.5152176739929589 0.5161596466026551 0.49583755271067365 0.4527836906276112 0.40972982854454876 0.36667596646148637 0.323622104378424 0.28056824229536154 0.23751438021229915 0.1944605181292367 0.15140665604617431 0.10835279396311187 0.06529893188004948 0.022245069796987038 0.0 0.0 0.0 0.0 0.0 0.0 0.0 0.0 0.0 0.0 0.0 0.0 0.0 0.0 0.0 0.0 0.0
0.02229502898222858 0.06842394828120499 0.11455286758018139 0.1606817868791578 0.20681070617813418 0.2529396254771106 0.299068544776087 0.3451974640750634 0.3913263833740398 0.4374553026730162 0.4835842219720713 0.5297131412710476 0.5540457341587206 0.55507756101422 0.5561093878697195 0.5571412147252189 0.5581730415807183 0.5592048684362179 0.5602366952917173 0.5612685221472167 0.5623003490027162 0.5633321758582156 0.564364002713715 0.5653958295692162 0.5431352223902798 0.4959744762358041 0.4488137300813284 0.40165298392685267 0.35449223777237704 0.3073314916179013 0.2601707454634256 0.21300999930894993 0.16584925315447424 0.11868850699999856 0.07152776084552281 0.024367014691047184 0.0 0.0 0.0 0.0 0.0 0.0 0.0 0.0 0.0 0.0 0.0 0.0 0.0 0.0 0.0 0.0 0.0
0.022359720104285455 0.06862248679817219 0.11488525349205894 0.16114802018594568 0.20741078687983242 0.2536735535737192 0.2999363202676059 0.34619908696149265 0.3924618536553794 0.4387246203492661 0.48498738704323174 0.5312501537371185 0.5556533499300265 0.5566881707281265 0.5577229915262265 0.5587578123243265 0.5597926331224266 0.5608274539205265 0.5618622747186265 0.5628970955167265 0.5639319163148265 0.5649667371129266 0.5660015579110266 0.5670363787091283 0.5447111802862324 0.49741359279424585 0.45011600530225926 0.40281841781027267 0.3555208303182861 0.3082232428262995 0.2609256553343129 0.2136280678423263 0.1663304803503397 0.11903289285835311 0.07173530536636652 0.024437717874379872 0.0 0.0 0.0 0.0 0.0 0.0 0.0 0.0 0.0 0.0 0.0 0.0 0.0 0.0 0.0 0.0 0.0
0.020418209274518352 0.0626639461427967 0.10490968301107507 0.14715541987935343 0.18940115674763178 0.23164689361591015 0.2738926304841885 0.31613836735246686 0.35838410422074524 0.40062984108902355 0.442875577957374 0.48512131482565235 0.5074055636673196 0.5083505302196146 0.5092954967719098 0.5102404633242048 0.5111854298765 0.5121303964287951 0.5130753629810901 0.5140203295333853 0.5149652960856803 0.5159102626379755 0.5168552291902705 0.5178001957425673 0.4974135106066264 0.45422280718605307 0.4110321037654798 0.3678414003449064 0.3246506969243331 0.28145999350375983 0.23826929008318648 0.19507858666261313 0.15188788324203983 0.10869717982146648 0.06550647640089319 0.022315772980319837 0.0 0.0 0.0 0.0 0.0 0.0 0.0 0.0 0.0 0.0 0.0 0.0 0.0 0.0 0.0 0.0 0.0
0.018476698444751246 0.05670540548742122 0.0949341125300912 0.1331628195727612 0.17139152661543114 0.20962023365810112 0.2478489407007711 0.2860776477434411 0.3243063547861111 0.36253506182878104 0.4007637688715162 0.43899247591418616 0.45915777740461255 0.4600128897111027 0.4608680020175929 0.46172311432408314 0.4625782266305733 0.4634333389370635 0.46428845124355367 0.4651435635500439 0.4659986758565341 0.46685378816302425 0.46770890046951447 0.4685640127760061 0.4501158409270202 0.4110320215778602 0.3719482022287001 0.3328643828795401 0.29378056353038007 0.25469674418122 0.21561292483205996 0.1765291054828999 0.13744528613373985 0.0983614667845798 0.059277647435419745 0.02019382808625969 0.0 0.0 0.0 0.0 0.0 0.0 0.0 0.0 0.0 0.0 0.0 0.0 0.0 0.0 0.0 0.0 0.0
0.016535187614984143 0.05074686483204575 0.08495854204910736 0.11917021926616896 0.15338189648323056 0.18759357370029214 0.22180525091735376 0.25601692813441534 0.290228605351477 0.3244402825685386 0.3586519597856585 0.3928636370027201 0.4109099911419056 0.41167524920259085 0.41244050726327613 0.4132057653239614 0.4139710233846467 0.414736281445332 0.41550153950601726 0.41626679756670254 0.4170320556273878 0.4177973136880731 0.4185625717487584 0.41932782980944494 0.4028181712474141 0.3678412359696673 0.3328643006919205 0.29788736541417377 0.262910430136427 0.22793349485868022 0.19295655958093344 0.15797962430318668 0.12300268902543993 0.08802575374769311 0.05304881846994636 0.0180718831921996 0.0 0.0 0.0 0.0 0.0 0.0 0.0 0.0 0.0 0.0 0.0 0.0 0.0 0.0 0.0 0.0 0.0
0.014593676785215382 0.04478832417666517 0.07498297156811497 0.10517761895956476 0.13537226635101454 0.16556691374246435 0.19576156113391413 0.22595620852536394 0.25615085591681375 0.2863455033082635 0.3165401506997648 0.3467347980912146 0.36266220487915746 0.36333760869403775 0.36401301250891804 0.36468841632379834 0.36536382013867863 0.366039223953559 0.36671462776843927 0.36739003158331957 0.36806543539819986 0.36874083921308015 0.36941624302796044 0.3700916468428419 0.3555205015677676 0.32465045036143764 0.2937803991551076 0.26291034794877766 0.23204029674244764 0.20117024553611765 0.17030019432978766 0.13943014312345764 0.10856009191712768 0.07769004071079766 0.04681998950446764 0.015949938298137678 0.0 0.0 0.0 0.0 0.0 0.0 0.0 0.0 0.0 0.0 0.0 0.0 0.0 0.0 0.0 0.0 0.0
