Figures/CREST_Example_wjb_NSE/Rolling_result/20100722/BJP_forecast/ens_36/wjb.rain.20090923.asc
ncols            288
nrows            254
xllcorner        113.274861
yllcorner        31.4918055
cellsize         0.008333333333
NODATA_value     -9999
[rows 171 to 189 of 254, columns 172 to 214 of 288]
1.7678244887167913 1.7678244887167913 1.7678244887167913 1.7678244887167913 1.7678244887167913 1.7678244887167913 1.7678244887167913 1.7678244887167913 1.7678244887167913 1.7678244887167913 1.7678244887167913 1.7087909548691222 1.5866492377010248 1.4645075205329274 1.34236580336483 1.2202240861967328 1.0980823690286354 0.975940651860538 0.8537989346924406 0.7316572175243432 0.609515500356246 0.4873737831881486 0.3652320660200512 0.28995533992439765 0.2647783497053502 0.23960135948630268 0.21442436926725522 0.1892473790482077 0.16407038882916022 0.13889339861011274 0.11371640839106525 0.08853941817201777 0.06336242795297026 0.0381854377339228 0.013008447514875288 0.0 0.0 0.0 0.0 0.0 0.0 0.0 0.0
1.785319100158178 1.785319100158178 1.785319100158178 1.785319100158178 1.785319100158178 1.785319100158178 1.785319100158178 1.785319100158178 1.785319100158178 1.785319100158178 1.785319100158178 1.7304810128466137 1.6170197694839483 1.503558526121283 1.3900972827586175 1.2766360393959522 1.163174796033287 1.0497135526706214 0.9362523093079561 0.8227910659452908 0.7093298225826254 0.5958685792199601 0.4824073358572947 0.4067155658811394 0.37140021756993485 0.3360848692587303 0.3007695209475258 0.2654541726363213 0.23013882432511676 0.19482347601391226 0.15950812770270772 0.1241927793915032 0.08887743108029872 0.05356208276909419 0.018246734457889657 0.0 0.0 0.0 0.0 0.0 0.0 0.0 0.0
1.8028137115995648 1.8028137115995648 1.8028137115995648 1.8028137115995648 1.8028137115995648 1.8028137115995648 1.8028137115995648 1.8028137115995648 1.8028137115995648 1.8028137115995648 1.8028137115995648 1.7521710708241052 1.6473903012668718 1.5426095317096382 1.4378287621524048 1.3330479925951715 1.2282672230379381 1.1234864534807047 1.0187056839234714 0.913924914366238 0.8091441448090047 0.7043633752517713 0.5995826056945379 0.5234757918378807 0.4780220854345192 0.4325683790311577 0.3871146726277962 0.34166096622443465 0.2962072598210731 0.2507535534177116 0.20529984701435006 0.15984614061098856 0.11439243420762701 0.06893872780426552 0.023485021400904027 0.0 0.0 0.0 0.0 0.0 0.0 0.0 0.0
1.8203083230409516 1.8203083230409516 1.8203083230409516 1.8203083230409516 1.8203083230409516 1.8203083230409516 1.8203083230409516 1.8203083230409516 1.8203083230409516 1.8203083230409516 1.8203083230409516 1.7738611288015966 1.677760833049795 1.5816605372979937 1.4855602415461924 1.3894599457943908 1.2933596500425895 1.1972593542907881 1.1011590585389865 1.0050587627871854 0.9089584670353839 0.8128581712835825 0.7167578755317812 0.6402360177946224 0.5846439532991038 0.5290518888035852 0.47345982430806666 0.4178677598125481 0.3622756953170296 0.306683630821511 0.2510915663259925 0.19549950183047393 0.13990743733495536 0.0843153728394368 0.02872330834391823 0.0 0.0 0.0 0.0 0.0 0.0 0.0 0.0
1.8378029344823383 1.8378029344823383 1.8378029344823383 1.8378029344823383 1.8378029344823383 1.8378029344823383 1.8378029344823383 1.8378029344823383 1.8378029344823383 1.8378029344823383 1.8378029344823383 1.795551186779088 1.7081313648327185 1.6207115428863492 1.5332917209399797 1.4458718989936103 1.3584520770472408 1.2710322551008715 1.183612433154502 1.0961926112081324 1.008772789261763 0.9213529673153936 0.8339331453690242 0.7569962437513638 0.6912658211636882 0.6255353985760127 0.5598049759883371 0.49407455340066153 0.428344130812986 0.3626137082253104 0.2968832856376349 0.2311528630499593 0.16542244046228372 0.09969201787460824 0.033961595286932655 0.0 0.0 0.0 0.0 0.0 0.0 0.0 0.0
1.85529754592374 1.85529754592374 1.85529754592374 1.85529754592374 1.85529754592374 1.85529754592374 1.85529754592374 1.85529754592374 1.85529754592374 1.85529754592374 1.85529754592374 1.817241244756598 1.7385018966156678 1.6597625484747378 1.5810232003338078 1.5022838521928776 1.4235445040519477 1.3448051559110175 1.2660658077700875 1.1873264596291575 1.1085871114882275 1.0298477633472973 0.9511084152063672 0.8737564697082049 0.7978876890283637 0.7220189083485224 0.6461501276686812 0.5702813469888399 0.4944125663089987 0.4185437856291575 0.34267500494931624 0.2668062242694751 0.19093744358963383 0.11506866290979256 0.03919988222995141 0.0 0.0 0.0 0.0 0.0 0.0 0.0 0.0
1.8727921573651267 1.8727921573651267 1.8727921573651267 1.8727921573651267 1.8727921573651267 1.8727921573651267 1.8727921573651267 1.8727921573651267 1.8727921573651267 1.8727921573651267 1.8727921573651267 1.8389313027340894 1.7688724283985913 1.698813554063093 1.6287546797275951 1.558695805392097 1.488636931056599 1.4185780567211008 1.3485191823856026 1.2784603080501047 1.2084014337146067 1.1383425593791086 1.0682836850436104 0.9905166956649463 0.904509556892948 0.8185024181209498 0.7324952793489516 0.6464881405769534 0.5604810018049551 0.4744738630329569 0.38846672426095863 0.30245958548896046 0.21645244671696218 0.130445307944964 0.044438169172965725 0.0 0.0 0.0 0.0 0.0 0.0 0.0 0.0
1.8902867688065135 1.8902867688065135 1.8902867688065135 1.8902867688065135 1.8902867688065135 1.8902867688065135 1.8902867688065135 1.8902867688065135 1.8902867688065135 1.8902867688065135 1.8902867688065135 1.860621360711581 1.7992429601815147 1.7378645596514486 1.6764861591213824 1.6151077585913165 1.5537293580612503 1.4923509575311842 1.4309725570011183 1.369594156471052 1.308215755940986 1.24683735541092 1.1854589548808538 1.107276921621688 1.0111314247575327 0.9149859278933774 0.8188404310292221 0.7226949341650668 0.6265494373009116 0.5304039404367563 0.4342584435726011 0.3381129467084458 0.24196744984429053 0.14582195298013523 0.04967645611597993 0.0 0.0 0.0 0.0 0.0 0.0 0.0 0.0
1.9077813802479002 1.9077813802479002 1.9077813802479002 1.9077813802479002 1.9077813802479002 1.9077813802479002 1.9077813802479002 1.9077813802479002 1.9077813802479002 1.9077813802479002 1.9077813802479002 1.8823114186890724 1.8296134919644382 1.776915565239804 1.72421763851517 1.6715197117905358 1.6188217850659017 1.5661238583412675 1.5134259316166334 1.4607280048919993 1.4080300781673651 1.355332151442731 1.3026342247180969 1.2240371475784295 1.1177532926221172 1.0114694376658049 0.9051855827094926 0.7989017277531802 0.692617872796868 0.5863340178405557 0.4800501628842435 0.3737663079279312 0.2674824529716189 0.16119859801530656 0.054914743058994464 0.0 0.0 0.0 0.0 0.0 0.0 0.0 0.0
1.925275991689287 1.925275991689287 1.925275991689287 1.925275991689287 1.925275991689287 1.925275991689287 1.925275991689287 1.925275991689287 1.925275991689287 1.925275991689287 1.925275991689287 1.9040014766665638 1.8599840237473615 1.8159665708281594 1.7719491179089573 1.7279316649897551 1.683914212070553 1.639896759151351 1.5958793062321488 1.5518618533129467 1.5078444003937443 1.4638269474745422 1.4198094945553401 1.3407973735351708 1.2243751604867015 1.1079529474382324 0.991530734389763 0.8751085213412937 0.7586863082928245 0.6422640952443551 0.5258418821958859 0.40941966914741657 0.29299745609894723 0.17657524305047811 0.06015303000200878 0.0 0.0 0.0 0.0 0.0 0.0 0.0 0.0
1.8834282133696902 1.8834282133696902 1.8834282133696902 1.8834282133696902 1.8834282133696902 1.8834282133696902 1.8834282133696902 1.8834282133696902 1.8834282133696902 1.8834282133696902 1.8834282133696902 1.86455095009041 1.8254934652663575 1.7864359804423047 1.747378495618252 1.7083210107941995 1.6692635259701467 1.630206041146094 1.5911485563220413 1.5520910714979888 1.513033586673936 1.4739761018498831 1.4349186170258306 1.3579766049796718 1.2405351761155112 1.1230937472513507 1.0056523183871902 0.8882108895230296 0.7707694606588692 0.6533280317947087 0.5358866029305481 0.4184451740663876 0.30100374520222717 0.18356231633806663 0.0661208874739061 0.0054412490358055066 0.0054412490358055066 0.0054412490358055066 0.0054412490358055066 0.0054412490358055066 0.0054412490358055066 0.0054412490358055066 0.0054412490358055066
1.7781471608838415 1.7781471608838415 1.7781471608838415 1.7781471608838415 1.7781471608838415 1.7781471608838415 1.7781471608838415 1.7781471608838415 1.7781471608838415 1.7781471608838415 1.7781471608838415 1.7597449924590312 1.721670489637926 1.6835959868168207 1.6455214839957155 1.6074469811746104 1.5693724783535052 1.5312979755324 1.493223472711295 1.4551489698901898 1.4170744670690847 1.3789999642479795 1.3409254614268744 1.2687100301112602 1.1599971737242964 1.0512843173373327 0.942571460950369 0.8338586045634053 0.7251457481764416 0.6164328917894779 0.5077200354025142 0.3990071790155505 0.2902943226285868 0.18158146624162308 0.07286860985465937 0.01669885031636069 0.01669885031636069 0.01669885031636069 0.01669885031636069 0.01669885031636069 0.01669885031636069 0.01669885031636069 0.01669885031636069
1.6728661083979028 1.6728661083979028 1.6728661083979028 1.6728661083979028 1.6728661083979028 1.6728661083979028 1.6728661083979028 1.6728661083979028 1.6728661083979028 1.6728661083979028 1.6728661083979028 1.6549390348275625 1.6178475140094057 1.580755993191249 1.5436644723730921 1.5065729515549355 1.4694814307367787 1.432389909918622 1.395298389100465 1.3582068682823083 1.3211153474641515 1.2840238266459947 1.246932305827838 1.1794434552427728 1.0794591713330133 0.9794748874232537 0.8794906035134943 0.7795063196037348 0.6795220356939754 0.5795377517842158 0.4795534678744564 0.37956918396469697 0.2795849000549374 0.17960061614517797 0.07961633223541842 0.02795645159692549 0.02795645159692549 0.02795645159692549 0.02795645159692549 0.02795645159692549 0.02795645159692549 0.02795645159692549 0.02795645159692549
1.5675850559120539 1.5675850559120539 1.5675850559120539 1.5675850559120539 1.5675850559120539 1.5675850559120539 1.5675850559120539 1.5675850559120539 1.5675850559120539 1.5675850559120539 1.5675850559120539 1.5501330771961832 1.514024538380974 1.4779159995657647 1.4418074607505555 1.4056989219353464 1.369590383120137 1.3334818443049279 1.2973733054897187 1.2612647666745094 1.2251562278593002 1.189047689044091 1.1529391502288817 1.0901768803743612 0.9989211689417985 0.9076654575092358 0.8164097460766732 0.7251540346441105 0.6338983232115478 0.5426426117789852 0.4513869003464225 0.36013118891385987 0.26887547748129714 0.17761976604873453 0.08636405461617191 0.03921405287748067 0.03921405287748067 0.03921405287748067 0.03921405287748067 0.03921405287748067 0.03921405287748067 0.03921405287748067 0.03921405287748067
1.4623040034262051 1.4623040034262051 1.4623040034262051 1.4623040034262051 1.4623040034262051 1.4623040034262051 1.4623040034262051 1.4623040034262051 1.4623040034262051 1.4623040034262051 1.4623040034262051 1.445327119564804 1.4102015627525426 1.375076005940281 1.3399504491280192 1.3048248923157575 1.2696993355034958 1.234573778691234 1.1994482218789724 1.1643226650667107 1.129197108254449 1.0940715514421875 1.0589459946299258 1.0009103055059498 0.9183831665505839 0.835856027595218 0.7533288886398521 0.6708017496844862 0.5882746107291205 0.5057474717737546 0.42322033281838867 0.34069319386302277 0.2581660549076569 0.17563891595229109 0.09311177699692519 0.05047165415803585 0.05047165415803585 0.05047165415803585 0.05047165415803585 0.05047165415803585 0.05047165415803585 0.05047165415803585 0.05047165415803585
1.3570229509403562 1.3570229509403562 1.3570229509403562 1.3570229509403562 1.3570229509403562 1.3570229509403562 1.3570229509403562 1.3570229509403562 1.3570229509403562 1.3570229509403562 1.3570229509403562 1.340521161933425 1.3063785871241107 1.2722360123147967 1.2380934375054826 1.2039508626961684 1.1698082878868543 1.13566571307754 1.101523138268226 1.067380563458912 1.0332379886495977 0.9990954138402837 0.9649528390309695 0.9116437306375383 0.8378451641593693 0.7640465976812002 0.6902480312030311 0.616449464724862 0.5426508982466929 0.46885233176852387 0.39505376529035474 0.32125519881218567 0.2474566323340166 0.17365806585584753 0.09985949937767846 0.06172925543859105 0.06172925543859105 0.06172925543859105 0.06172925543859105 0.06172925543859105 0.06172925543859105 0.06172925543859105 0.06172925543859105
1.2517418984545072 1.2517418984545072 1.2517418984545072 1.2517418984545072 1.2517418984545072 1.2517418984545072 1.2517418984545072 1.2517418984545072 1.2517418984545072 1.2517418984545072 1.2517418984545072 1.2357152043020456 1.202555611495679 1.1693960186893124 1.1362364258829458 1.1030768330765792 1.0699172402702128 1.0367576474638462 1.0035980546574796 0.970438461851113 0.9372788690447464 0.9041192762383798 0.8709596834320132 0.822377155769127 0.7573071617681546 0.6922371677671824 0.6271671737662101 0.5620971797652379 0.4970271857642655 0.4319571917632932 0.3668871977623209 0.3018172037613487 0.23674720976037644 0.1716772157594041 0.10660722175843185 0.07298685671914623 0.07298685671914623 0.07298685671914623 0.07298685671914623 0.07298685671914623 0.07298685671914623 0.07298685671914623 0.07298685671914623
1.1464608459686585 1.1464608459686585 1.1464608459686585 1.1464608459686585 1.1464608459686585 1.1464608459686585 1.1464608459686585 1.1464608459686585 1.1464608459686585 1.1464608459686585 1.1464608459686585 1.1309092466706665 1.0987326358672476 1.0665560250638284 1.0343794142604095 1.0022028034569903 0.9700261926535713 0.9378495818501522 0.9056729710467332 0.8734963602433141 0.8413197494398951 0.809143138636476 0.776966527833057 0.7331105809007153 0.6767691593769399 0.6204277378531644 0.564086316329389 0.5077448948056135 0.45140347328183805 0.3950620517580626 0.3387206302342871 0.28237920871051164 0.22603778718673617 0.16969636566296065 0.11335494413918523 0.08424445799970143 0.08424445799970143 0.08424445799970143 0.08424445799970143 0.08424445799970143 0.08424445799970143 0.08424445799970143 0.08424445799970143
1.04117979348272 1.04117979348272 1.04117979348272 1.04117979348272 1.04117979348272 1.04117979348272 1.04117979348272 1.04117979348272 1.04117979348272 1.04117979348272 1.04117979348272 1.0261032890391981 0.9949096602387275 0.9637160314382568 0.9325224026377862 0.9013287738373155 0.8701351450368449 0.8389415162363741 0.8077478874359034 0.7765542586354328 0.7453606298349622 0.7141670010344914 0.6829733722340208 0.6438440060322279 0.5962311569856567 0.5486183079390854 0.5010054588925141 0.453392609845943 0.4057797607993717 0.35816691175280047 0.3105540627062292 0.262941213659658 0.21532836461308674 0.16771551556651554 0.12010266651994428 0.0955020592802662 0.0955020592802662 0.0955020592802662 0.0955020592802662 0.0955020592802662 0.0955020592802662 0.0955020592802662 0.0955020592802662
