Figures/CREST_Example_wjb_NSE/Rolling_result/20100722/BJP_forecast/ens_47/wjb.rain.20100727.asc
ncols            288
nrows            254
xllcorner        113.274861
yllcorner        31.4918055
cellsize         0.008333333333
NODATA_value     -9999
[rows 63 to 83 of 254, columns 0 to 46 of 288]
-9999.0 -9999.0 -9999.0 -9999.0 -9999.0 -9999.0 -9999.0 -9999.0 -9999.0 8.981662531265615 8.981662531265615 8.981662531265615 8.981662531265615 8.981662531265615 8.981662531265615 11.038277788767035 10.563106022879328 10.087934256991621 9.612762491103915 9.137590725216208 8.662418959328502 8.187247193440793 7.712075427553088 7.236903661665381 6.7617318957776735 6.286560129889967 5.811388364001449 5.6506072499470115 5.82591684741206 6.001226444877108 6.176536042342157 6.351845639807205 6.527155237272254 6.702464834737302 6.877774432202351 7.053084029667399 7.228393627132448 7.403703224597496 7.579012822062545 7.681618253626252 7.706501288697538 7.7313843237688245 7.75626735884011 7.781150393911396 7.8060334289826825 7.830916464053969 7.855799499125255
-9999.0 -9999.0 -9999.0 -9999.0 -9999.0 -9999.0 -9999.0 -9999.0 8.981662531265615 8.981662531265615 8.981662531265615 8.981662531265615 8.981662531265615 8.981662531265615 8.981662531265615 10.915779571812187 10.40774912489612 9.899718677980049 9.39168823106398 8.88365778414791 8.375627337231842 7.867596890315772 7.359566443399704 6.8515359964836335 6.343505549567564 5.835475102651495 5.32744465573456 5.144661107235628 5.309573843187588 5.474486579139548 5.639399315091508 5.804312051043468 5.969224786995428 6.1341375229473885 6.299050258899348 6.463962994851308 6.628875730803268 6.793788466755228 6.958701202707189 7.110914978083617 7.249553277602625 7.388191577121633 7.526829876640641 7.665468176159649 7.804106475678657 7.942744775197665 8.081383074716673
-9999.0 -9999.0 -9999.0 -9999.0 -9999.0 -9999.0 -9999.0 -9999.0 8.981662531265615 8.981662531265615 8.981662531265615 8.981662531265615 8.981662531265615 8.981662531265615 8.981662531265615 10.793281354857342 10.25239222691291 9.711503098968478 9.170613971024048 8.629724843079616 8.088835715135184 7.5479465871907525 7.007057459246321 6.466168331301889 5.925279203357458 5.384390075413026 4.843500947467671 4.638714964524244 4.793230838963116 4.947746713401988 5.102262587840859 5.256778462279731 5.411294336718602 5.5658102111574745 5.720326085596346 5.8748419600352175 6.029357834474089 6.1838737089129605 6.338389583351832 6.540211702540982 6.792605266507712 7.044998830474442 7.297392394441172 7.549785958407902 7.802179522374632 8.054573086341362 8.306966650308091
-9999.0 -9999.0 -9999.0 -9999.0 -9999.0 -9999.0 -9999.0 -9999.0 8.981662531265615 8.981662531265615 8.981662531265615 8.981662531265615 8.981662531265615 8.981662531265615 8.981662531265615 10.670783137902392 10.09703532892957 9.523287519956748 8.949539710983926 8.375791902011104 7.8020440930382815 7.228296284065459 6.6545484750926365 6.080800666119814 5.507052857146992 4.93330504817417 4.35955723920037 4.132768821812429 4.276887834738203 4.421006847663978 4.5651258605897524 4.709244873515527 4.853363886441301 4.997482899367075 5.141601912292849 5.285720925218623 5.429839938144397 5.573958951070171 5.718077963995945 5.9695084269978596 6.335657255412409 6.701806083826957 7.067954912241507 7.434103740656056 7.800252569070604 8.166401397485153 8.532550225899703
-9999.0 -9999.0 -9999.0 -9999.0 -9999.0 -9999.0 -9999.0 -9999.0 8.981662531265615 8.981662531265615 8.981662531265615 8.981662531265615 8.981662531265615 8.981662531265615 8.981662531265615 10.548284920947546 9.94167843094636 9.335071940945177 8.728465450943993 8.121858960942808 7.515252470941623 6.908645980940438 6.302039490939253 5.695433000938069 5.088826510936884 4.482220020935699 3.87561353093348 3.626822679101046 3.7605448305137315 3.8942669819264175 4.027989133339103 4.161711284751789 4.295433436164474 4.42915558757716 4.5628777389898465 4.696599890402532 4.830322041815218 4.964044193227903 5.097766344640589 5.398805151455225 5.878709244317496 6.358613337179766 6.838517430042037 7.318421522904307 7.798325615766578 8.27822970862885 8.75813380149112
-9999.0 -9999.0 -9999.0 -9999.0 -9999.0 -9999.0 -9999.0 8.981662531265615 8.981662531265615 8.981662531265615 8.981662531265615 8.981662531265615 8.981662531265615 8.981662531265615 8.981662531265615 10.4257867039927 9.786321532963152 9.146856361933605 8.507391190904059 7.867926019874512 7.228460848844964 6.588995677815417 5.94953050678587 5.310065335756323 4.670600164726776 4.031134993697229 3.391669822666591 3.120876536389662 3.2442018262892596 3.3675271161888567 3.4908524060884543 3.6141776959880514 3.737502985887649 3.860828275787246 3.9841535656868436 4.107478855586441 4.230804145486038 4.3541294353856355 4.477454725285233 4.82810187591259 5.421761233222583 6.0154205905325755 6.609079947842568 7.20273930515256 7.796398662462553 8.390058019772546 8.983717377082538
-9999.0 -9999.0 -9999.0 -9999.0 -9999.0 -9999.0 -9999.0 8.981662531265615 8.981662531265615 8.981662531265615 8.981662531265615 8.981662531265615 8.981662531265615 8.981662531265615 8.981662531265615 10.303288487037854 9.630964634979945 8.958640782922036 8.286316930864125 7.613993078806216 6.941669226748306 6.269345374690397 5.597021522632487 4.924697670574578 4.252373818516669 3.580049966458759 2.9077261143997033 2.614930393678279 2.7278588220647877 2.8407872504512968 2.9537156788378054 3.066644107224314 3.1795725356108226 3.2925009639973317 3.4054293923838403 3.5183578207703494 3.631286249156858 3.7442146775433667 3.8571431059298753 4.257398600369954 4.964813222127669 5.672227843885383 6.379642465643098 7.0870570874008125 7.794471709158527 8.501886330916243 9.209300952673956
-9999.0 -9999.0 -9999.0 -9999.0 -9999.0 -9999.0 -9999.0 8.981662531265615 8.981662531265615 8.981662531265615 8.981662531265615 8.981662531265615 8.981662531265615 8.981662531265615 8.981662531265615 10.180790270083007 9.475607736996736 8.770425203910463 8.06524267082419 7.36006013773792 6.654877604651647 5.949695071565375 5.244512538479103 4.539330005392832 3.83414747230656 3.128964939220287 2.4237824061328137 2.108984250966895 2.2115158178403154 2.3140473847137355 2.416578951587156 2.519110518460576 2.621642085333997 2.7241736522074174 2.8267052190808375 2.929236785954258 3.031768352827678 3.134299919701099 3.236831486574519 3.6866953248273195 4.507865211032756 5.329035097238192 6.150204983443629 6.971374869649065 7.792544755854502 8.61371464205994 9.434884528265375
-9999.0 -9999.0 -9999.0 -9999.0 -9999.0 -9999.0 8.981662531265615 8.981662531265615 8.981662531265615 8.981662531265615 8.981662531265615 8.981662531265615 8.981662531265615 8.981662531265615 8.981662531265615 10.058292053128161 9.320250839013527 8.582209624898892 7.844168410784258 7.106127196669624 6.368085982554989 5.630044768440355 4.89200355432572 4.153962340211086 3.4159211260964506 2.677879911981816 1.9398386978659232 1.6030381082555116 1.6951728136158435 1.7873075189761753 1.8794422243365072 1.971576929696839 2.063711635057171 2.1558463404175026 2.2479810457778346 2.3401157511381667 2.4322504564984984 2.5243851618588304 2.616519867219162 3.115992049284684 4.050917199937842 4.9858423505910014 5.9207675012441605 6.855692651897318 7.790617802550477 8.725542953203636 9.660468103856793
-9999.0 -9999.0 -9999.0 -9999.0 -9999.0 -9999.0 -9999.0 8.981662531265615 8.981662531265615 8.981662531265615 8.981662531265615 8.981662531265615 8.981662531265615 8.981662531265615 8.981662531265615 9.935793836173211 9.164893941030185 8.39399404588716 7.623094150744135 6.852194255601111 6.081294360458085 5.310394465315061 4.539494570172036 3.7685946750290116 2.997694779885986 2.2267948847429615 1.4558949895986224 1.0970919655436968 1.1788298093909313 1.2605676532381658 1.3423054970854005 1.424043340932635 1.5057811847798694 1.587519028627104 1.6692568724743384 1.750994716321573 1.8327325601688076 1.914470404016042 1.9962082478632766 2.5452887737415626 3.59396918884254 4.642649603943518 5.691330019044495 6.740010434145471 7.78869084924645 8.837371264347427 9.886051679448403
-9999.0 -9999.0 -9999.0 -9999.0 -9999.0 -9999.0 -9999.0 -9999.0 8.981662531265615 8.981662531265615 8.981662531265615 8.981662531265615 8.981662531265615 8.981662531265615 8.981662531265615 9.705273443745394 8.934653670569656 8.164033897393917 7.39341412421818 6.622794351042441 5.852174577866703 5.081554804690964 4.310935031515227 3.540315258339488 2.7696954851637496 1.9990757119880112 1.2284559388109582 0.8657447667769731 0.9390971074245151 1.0124494480720572 1.0858017887195992 1.1591541293671412 1.2325064700146833 1.3058588106622253 1.3792111513097673 1.4525634919573094 1.5259158326048514 1.5992681732523935 1.6726205138999355 2.237976962082329 3.3292969207090994 4.420616879335869 5.511936837962639 6.60325679658941 7.69457675521618 8.78589671384295 9.87721667246972
-9999.0 -9999.0 -9999.0 -9999.0 -9999.0 -9999.0 -9999.0 -9999.0 -9999.0 8.981662531265615 8.981662531265615 8.981662531265615 8.981662531265615 8.981662531265615 8.981662531265615 9.359284156622525 8.624367796388084 7.889451436153644 7.154535075919203 6.419618715684763 5.684702355450321 4.949785995215881 4.21486963498144 3.4799532747469994 2.745036914512559 2.010120554278118 1.2752041940424235 0.9279265254015264 0.9950433780686274 1.0621602307357285 1.1292770834028294 1.1963939360699305 1.2635107887370314 1.3306276414041325 1.3977444940712336 1.4648613467383345 1.5319781994054353 1.5990950520725367 1.6662119047396375 2.212214018269572 3.270155298660329 4.328096579051086 5.386037859441842 6.443979139832599 7.501920420223357 8.559861700614112 9.61780298100487
-9999.0 -9999.0 -9999.0 -9999.0 -9999.0 -9999.0 -9999.0 -9999.0 -9999.0 -9999.0 8.981662531265615 8.981662531265615 8.981662531265615 8.981662531265615 8.981662531265615 9.013294869499658 8.314081922206515 7.614868974913371 6.915656027620228 6.2164430803270845 5.517230133033941 4.818017185740798 4.118804238447654 3.4195912911545117 2.720378343861368 2.0211653965682244 1.3219524492738888 0.9901082840260798 1.0509896487127397 1.1118710133993996 1.1727523780860596 1.2336337427727195 1.2945151074593797 1.3553964721460394 1.4162778368326996 1.4771592015193593 1.5380405662060195 1.5989219308926794 1.6598032955793394 2.186451074456815 3.2110136766115582 4.235576278766302 5.260138880921045 6.2847014830757875 7.309264085230531 8.333826687385274 9.358389289540018
-9999.0 -9999.0 -9999.0 -9999.0 -9999.0 -9999.0 -9999.0 -9999.0 -9999.0 -9999.0 -9999.0 8.981662531265615 8.981662531265615 8.981662531265615 8.981662531265615 8.66730558237679 8.003796048024943 7.340286513673098 6.676776979321252 6.013267444969406 5.34975791061756 4.686248376265714 4.022738841913868 3.359229307562022 2.695719773210177 2.0322102388583314 1.368700704505354 1.052290042650633 1.106935919356852 1.161581796063071 1.2162276727692898 1.2708735494755088 1.3255194261817276 1.3801653028879466 1.4348111795941656 1.4894570563003844 1.5441029330066032 1.5987488097128222 1.6533946864190412 2.1606881306440573 3.151872054562787 4.1430559784815175 5.134239902400248 6.125423826318977 7.116607750237708 8.107791674156438 9.09897559807517
-9999.0 -9999.0 -9999.0 -9999.0 -9999.0 -9999.0 -9999.0 -9999.0 -9999.0 -9999.0 -9999.0 8.981662531265615 8.981662531265615 8.981662531265615 8.981662531265615 8.32131629525392 7.6935101738433715 7.065704052432824 6.437897931022276 5.810091809611727 5.182285688201179 4.554479566790631 3.926673445380083 3.298867323969535 2.6710612025589864 2.0432550811484385 1.4154489597368203 1.1144718012751864 1.1628821900009643 1.2112925787267421 1.2597029674525202 1.308113356178298 1.356523744904076 1.4049341336298538 1.4533445223556316 1.5017549110814095 1.5501652998071873 1.5985756885329652 1.646986077258743 2.1349251868313 3.0927304325140166 4.0505356781967325 5.00834092387945 5.966146169562166 6.923951415244883 7.881756660927599 8.839561906610317
-9999.0 -9999.0 -9999.0 -9999.0 -9999.0 -9999.0 -9999.0 -9999.0 -9999.0 -9999.0 -9999.0 8.981662531265615 8.981662531265615 8.981662531265615 8.981662531265615 7.975327008131052 7.383224299661801 6.791121591192551 6.1990188827233 5.606916174254049 5.014813465784799 4.4227107573155475 3.8306080488462975 3.2385053403770465 2.6464026319077965 2.0542999234385455 1.4621972149682847 1.1766535598997396 1.2188284606450766 1.2610033613904132 1.3031782621357502 1.345353162881087 1.3875280636264238 1.4297029643717607 1.4718778651170976 1.5140527658624343 1.5562276666077712 1.598402567353108 1.6405774680984448 2.1091622430185426 3.033588810465246 3.9580153779119494 4.882441945358653 5.806868512805356 6.7312950802520595 7.655721647698763 8.580148215145465
-9999.0 -9999.0 -9999.0 -9999.0 -9999.0 -9999.0 -9999.0 -9999.0 -9999.0 -9999.0 -9999.0 -9999.0 8.981662531265615 8.981662531265615 8.981662531265615 7.6293377210078885 7.0729384254799665 6.516539129952044 5.960139834424121 5.403740538896198 4.847341243368275 4.290941947840352 3.73454265231243 3.178143356784507 2.6217440612565843 2.0653447657286614 1.50894547019979 1.238835318524346 1.2747747312892366 1.310714144054127 1.3466535568190174 1.3825929695839079 1.4185323823487983 1.4544717951136887 1.4904112078785792 1.5263506206434698 1.5622900334083603 1.5982294461732507 1.6341688589381411 2.0833992992057633 2.974447188416425 3.865495077627086 4.756542966837748 5.647590856048409 6.53863874525907 7.429686634469732 8.320734523680393
-9999.0 -9999.0 -9999.0 -9999.0 -9999.0 -9999.0 -9999.0 -9999.0 -9999.0 -9999.0 -9999.0 -9999.0 -9999.0 8.981662531265615 8.981662531265615 7.28334843388502 6.762652551298395 6.241956668711769 5.721260786125144 5.200564903538519 4.679869020951894 4.159173138365269 3.638477255778643 3.1177813731920176 2.5970854906053926 2.0763896080187676 1.5556937254312544 1.3010170771488991 1.3307210019333486 1.3604249267177981 1.3901288515022476 1.4198327762866971 1.4495367010711464 1.479240625855596 1.5089445506400454 1.538648475424495 1.5683524002089442 1.5980563249933937 1.6277602497778432 2.057636355393006 2.9153055663676546 3.772974777342303 4.630643988316951 5.488313199291599 6.345982410266247 7.203651621240895 8.061320832215543
-9999.0 -9999.0 -9999.0 -9999.0 -9999.0 -9999.0 -9999.0 -9999.0 -9999.0 -9999.0 -9999.0 -9999.0 8.981662531265615 8.981662531265615 8.981662531265615 6.937359146762152 6.4523666771168235 5.9673742074714955 5.482381737826168 4.99738926818084 4.512396798535512 4.027404328890185 3.5424118592448575 3.05741938959953 2.572426919954202 2.0874344503088738 1.6024419806627197 1.3631988357734526 1.386667272577461 1.4101357093814695 1.4336041461854778 1.4570725829894862 1.4805410197934945 1.504009456597503 1.5274778934015114 1.5509463302055198 1.574414767009528 1.5978832038135367 1.621351640617545 2.031873411580249 2.856163944318884 3.6804544770575185 4.504745009796153 5.329035542534788 6.153326075273423 6.977616608012058 7.801907140750693
-9999.0 -9999.0 -9999.0 -9999.0 -9999.0 -9999.0 -9999.0 -9999.0 -9999.0 -9999.0 -9999.0 8.981662531265615 8.981662531265615 8.981662531265615 8.981662531265615 6.591369859639283 6.1420808029352525 5.692791746231222 5.243502689527192 4.794213632823162 4.344924576119132 3.895635519415102 3.446346462711072 2.9970574060070416 2.547768349303012 2.0984792925989817 1.649190235894185 1.4253805943980058 1.4426135432215732 1.4598464920451406 1.477079440868708 1.4943123896922752 1.5115453385158426 1.52877828733941 1.5460112361629774 1.5632441849865448 1.580477133810112 1.5977100826336794 1.6149430314572468 2.006110467767492 2.7970223222701134 3.587934176772735 4.378846031275356 5.169757885777978 5.9606697402806 6.751581594783221 7.542493449285843
-9999.0 -9999.0 -9999.0 -9999.0 -9999.0 -9999.0 -9999.0 -9999.0 -9999.0 -9999.0 -9999.0 8.981662531265615 8.981662531265615 8.981662531265615 8.981662531265615 6.245380572516414 5.831794928753681 5.418209284990949 5.004623641228216 4.591037997465484 4.177452353702751 3.763866709940018 3.3502810661772857 2.936695422414553 2.52310977865182 2.109524134889088 1.6959384911256494 1.4875623530225592 1.4985598138656855 1.509557274708812 1.5205547355519382 1.5315521963950645 1.5425496572381907 1.5535471180813172 1.5645445789244434 1.5755420397675697 1.586539500610696 1.5975369614538224 1.6085344222969487 1.9803475239547346 2.7378807002213428 3.4954138764879508 4.252947052754559 5.010480229021168 5.768013405287775 6.525546581554384 7.2830797578209925
