Figures/CREST_Example_wjb_NSE/Rolling_result/20100722/BJP_forecast/ens_47/wjb.rain.20100723.asc
ncols            288
nrows            254
xllcorner        113.274861
yllcorner        31.4918055
cellsize         0.008333333333
NODATA_value     -9999
[rows 24 to 47 of 254, columns 108 to 161 of 288]
0.3792223934518289 0.3792223934518289 0.3792223934518289 0.3792223934518289 0.3792223934518289 0.3792223934518289 0.3792223934518289 0.3792223934518289 0.3792223934518289 0.3792223934518289 0.3792223934518289 0.3792223934518289 0.3792223934518289 0.3792223934518289 0.3792223934518289 0.3792223934518289 0.3792223934518289 0.3792223934518289 0.3792223934518289 -9999.0 -9999.0 -9999.0 -9999.0 -9999.0 -9999.0 -9999.0 -9999.0 -9999.0 -9999.0 -9999.0 -9999.0 -9999.0 -9999.0 -9999.0 -9999.0 -9999.0 -9999.0 -9999.0 -9999.0 -9999.0 -9999.0 -9999.0 -9999.0 -9999.0 -9999.0 -9999.0 -9999.0 -9999.0 -9999.0 -9999.0 -9999.0 -9999.0 -9999.0 -9999.0
0.32117939319510613 0.30124467587029846 0.2813099585454909 0.2692374350988556 0.265569774693715 0.26190211428857446 0.25823445388343386 0.25456679347829325 0.2508991330731527 0.24723147266800588 0.24356381226286528 0.2398961518577247 0.23622849145258412 0.23256083104744354 0.22889317064230297 0.3792223934518289 0.3792223934518289 0.3792223934518289 0.3792223934518289 -9999.0 -9999.0 -9999.0 -9999.0 -9999.0 -9999.0 -9999.0 -9999.0 -9999.0 -9999.0 -9999.0 -9999.0 -9999.0 -9999.0 -9999.0 -9999.0 -9999.0 -9999.0 -9999.0 -9999.0 -9999.0 -9999.0 -9999.0 -9999.0 -9999.0 -9999.0 -9999.0 -9999.0 -9999.0 -9999.0 -9999.0 -9999.0 -9999.0 -9999.0 -9999.0
0.3188170421846825 0.29939597241843635 0.27997490265219027 0.26741698328386015 0.2621959268855224 0.2569748704871847 0.251753814088847 0.24653275769050928 0.24131170129217158 0.23609064489382497 0.23086958849548725 0.22564853209714952 0.22042747569881183 0.21520641930047413 0.2099853629021364 0.3792223934518289 0.3792223934518289 0.3792223934518289 0.3792223934518289 -9999.0 -9999.0 -9999.0 -9999.0 -9999.0 -9999.0 -9999.0 -9999.0 -9999.0 -9999.0 -9999.0 -9999.0 -9999.0 -9999.0 -9999.0 -9999.0 -9999.0 -9999.0 -9999.0 -9999.0 -9999.0 -9999.0 -9999.0 -9999.0 -9999.0 -9999.0 -9999.0 -9999.0 -9999.0 -9999.0 -9999.0 -9999.0 -9999.0 -9999.0 -9999.0
0.3164546911742568 0.29754726896657263 0.2786398467588884 0.2655965314688631 0.2588220790773269 0.2520476266857908 0.2452731742942546 0.23849872190271842 0.23172426951118227 0.22494981711963455 0.2181753647280984 0.21140091233656222 0.20462645994502607 0.19785200755348992 0.19107755516195374 0.3792223934518289 0.3792223934518289 0.3792223934518289 0.3792223934518289 0.3792223934518289 0.3792223934518289 0.3792223934518289 -9999.0 -9999.0 -9999.0 -9999.0 -9999.0 -9999.0 -9999.0 -9999.0 -9999.0 -9999.0 -9999.0 -9999.0 -9999.0 -9999.0 -9999.0 -9999.0 -9999.0 -9999.0 -9999.0 -9999.0 -9999.0 -9999.0 -9999.0 -9999.0 -9999.0 -9999.0 -9999.0 -9999.0 -9999.0 -9999.0 -9999.0 -9999.0
0.31409234016383314 0.2956985655147104 0.2773047908655878 0.26377607965386757 0.2554482312691343 0.247120382884401 0.2387925344996677 0.23046468611493443 0.22213683773020113 0.21380898934545364 0.20548114096072034 0.19715329257598707 0.18882544419125377 0.18049759580652047 0.1721697474217872 0.3792223934518289 0.3792223934518289 0.3792223934518289 0.3792223934518289 0.3792223934518289 0.3792223934518289 0.3792223934518289 0.3792223934518289 0.3792223934518289 0.3792223934518289 -9999.0 -9999.0 -9999.0 -9999.0 -9999.0 -9999.0 -9999.0 -9999.0 -9999.0 -9999.0 -9999.0 -9999.0 -9999.0 -9999.0 -9999.0 -9999.0 -9999.0 -9999.0 -9999.0 -9999.0 -9999.0 -9999.0 -9999.0 -9999.0 -9999.0 -9999.0 -9999.0 -9999.0 -9999.0
0.31172998915340944 0.2938498620628483 0.27596973497228716 0.2619556278388721 0.2520743834609417 0.24219313908301127 0.23231189470508085 0.22243065032715043 0.21254940594922 0.20266816157127276 0.19278691719334234 0.18290567281541192 0.1730244284374815 0.16314318405955108 0.15326193968162066 0.3792223934518289 0.3792223934518289 0.3792223934518289 0.3792223934518289 0.3792223934518289 0.3792223934518289 0.3792223934518289 0.3792223934518289 0.3792223934518289 0.3792223934518289 0.3792223934518289 0.3792223934518289 -9999.0 -9999.0 -9999.0 -9999.0 -9999.0 -9999.0 -9999.0 -9999.0 -9999.0 -9999.0 -9999.0 -9999.0 -9999.0 -9999.0 -9999.0 -9999.0 -9999.0 -9999.0 -9999.0 -9999.0 -9999.0 -9999.0 -9999.0 -9999.0 -9999.0 -9999.0 -9999.0
0.30936763814298573 0.2920011586109861 0.2746346790789865 0.2601351760238766 0.24870053565274902 0.23726589528162148 0.22583125491049394 0.2143966145393664 0.20296197416823886 0.1915273337970918 0.1800926934259643 0.16865805305483672 0.15722341268370918 0.14578877231258164 0.1343541319414541 0.3792223934518289 0.3792223934518289 0.3792223934518289 0.3792223934518289 0.3792223934518289 0.3792223934518289 0.3792223934518289 0.3792223934518289 0.3792223934518289 0.3792223934518289 0.3792223934518289 0.3792223934518289 0.3792223934518289 0.3792223934518289 0.3792223934518289 -9999.0 -9999.0 -9999.0 -9999.0 -9999.0 -9999.0 -9999.0 -9999.0 -9999.0 -9999.0 -9999.0 -9999.0 -9999.0 -9999.0 -9999.0 -9999.0 -9999.0 -9999.0 -9999.0 -9999.0 -9999.0 -9999.0 -9999.0 -9999.0
0.30700528713256214 0.290152455159124 0.2732996231856859 0.25831472420888113 0.24532668784455644 0.23233865148023178 0.2193506151159071 0.20636257875158243 0.19337454238725776 0.18038650602291093 0.16739846965858624 0.15441043329426157 0.1414223969299369 0.12843436056561222 0.11544632420128756 0.3792223934518289 0.3792223934518289 0.3792223934518289 0.3792223934518289 0.3792223934518289 0.3792223934518289 0.3792223934518289 0.3792223934518289 0.3792223934518289 0.3792223934518289 0.3792223934518289 0.3792223934518289 0.3792223934518289 0.3792223934518289 0.3792223934518289 -9999.0 -9999.0 -9999.0 -9999.0 -9999.0 -9999.0 -9999.0 -9999.0 -9999.0 -9999.0 -9999.0 -9999.0 -9999.0 -9999.0 -9999.0 -9999.0 -9999.0 -9999.0 -9999.0 -9999.0 -9999.0 -9999.0 -9999.0 -9999.0
0.30464293612213844 0.28830375170726186 0.2719645672923853 0.25649427239388567 0.24195284003636386 0.22741140767884205 0.21286997532132024 0.19832854296379843 0.18378711060627662 0.16924567824873002 0.1547042458912082 0.1401628135336864 0.1256213811761646 0.11107994881864278 0.096538516461121 0.3792223934518289 0.3792223934518289 0.3792223934518289 0.3792223934518289 0.3792223934518289 0.3792223934518289 0.3792223934518289 0.3792223934518289 0.3792223934518289 0.3792223934518289 0.3792223934518289 0.3792223934518289 0.3792223934518289 0.3792223934518289 0.3792223934518289 -9999.0 -9999.0 -9999.0 -9999.0 -9999.0 -9999.0 -9999.0 -9999.0 -9999.0 -9999.0 -9999.0 -9999.0 -9999.0 -9999.0 -9999.0 -9999.0 -9999.0 -9999.0 -9999.0 -9999.0 -9999.0 -9999.0 -9999.0 -9999.0
0.30228058511171274 0.28645504825539814 0.2706295113990834 0.2546738205788886 0.23857899222816834 0.22248416387744807 0.20638933552672784 0.19029450717600757 0.1741996788252873 0.1581048504745396 0.14201002212381936 0.1259151937730991 0.10982036542237883 0.09372553707165857 0.0776307087209383 0.3792223934518289 0.3792223934518289 0.3792223934518289 0.3792223934518289 0.3792223934518289 0.3792223934518289 0.3792223934518289 0.3792223934518289 0.3792223934518289 0.3792223934518289 0.3792223934518289 0.3792223934518289 0.3792223934518289 0.3792223934518289 0.3792223934518289 0.3792223934518289 -9999.0 -9999.0 -9999.0 -9999.0 -9999.0 -9999.0 -9999.0 -9999.0 -9999.0 -9999.0 -9999.0 -9999.0 -9999.0 -9999.0 -9999.0 -9999.0 -9999.0 -9999.0 -9999.0 -9999.0 -9999.0 -9999.0 -9999.0
0.2999182341012891 0.28460634480353597 0.2692944555057828 0.2528533687638931 0.2352051444199757 0.2175569200760583 0.19990869573214093 0.18226047138822354 0.16461224704430616 0.1469640227003587 0.1293157983564413 0.11166757401252392 0.09401934966860653 0.07637112532468915 0.058722900980771764 0.3792223934518289 0.3792223934518289 0.3792223934518289 0.3792223934518289 0.3792223934518289 0.3792223934518289 0.3792223934518289 0.3792223934518289 0.3792223934518289 0.3792223934518289 0.3792223934518289 0.3792223934518289 0.3792223934518289 0.3792223934518289 0.3792223934518289 0.3792223934518289 0.3792223934518289 -9999.0 -9999.0 -9999.0 -9999.0 -9999.0 -9999.0 -9999.0 -9999.0 -9999.0 -9999.0 -9999.0 -9999.0 -9999.0 -9999.0 -9999.0 -9999.0 -9999.0 -9999.0 -9999.0 -9999.0 -9999.0 -9999.0
0.29755588309086545 0.2827576413516738 0.26795939961248216 0.2510329169488976 0.23183129661178312 0.2126296762746686 0.19342805593755408 0.17422643560043957 0.15502481526332507 0.13582319492617778 0.11662157458906328 0.09741995425194877 0.07821833391483426 0.05901671357771973 0.039815093240605226 0.3792223934518289 0.3792223934518289 0.3792223934518289 0.3792223934518289 0.3792223934518289 0.3792223934518289 0.3792223934518289 0.3792223934518289 0.3792223934518289 0.3792223934518289 0.3792223934518289 0.3792223934518289 0.3792223934518289 0.3792223934518289 0.3792223934518289 0.3792223934518289 0.3792223934518289 -9999.0 -9999.0 -9999.0 -9999.0 -9999.0 -9999.0 -9999.0 -9999.0 -9999.0 -9999.0 -9999.0 -9999.0 -9999.0 -9999.0 -9999.0 -9999.0 -9999.0 -9999.0 -9999.0 -9999.0 -9999.0 -9999.0
0.2951935320804418 0.2809089378998117 0.26662434371918153 0.24921246513390216 0.2284574488035905 0.20770243247327885 0.18694741614296723 0.16619239981265557 0.14543738348234392 0.12468236715199688 0.10392735082168525 0.0831723344913736 0.06241731816106194 0.041662301830750315 0.02090728550043866 0.3792223934518289 0.3792223934518289 0.3792223934518289 0.3792223934518289 0.3792223934518289 0.3792223934518289 0.3792223934518289 0.3792223934518289 0.3792223934518289 0.3792223934518289 0.3792223934518289 0.3792223934518289 0.3792223934518289 0.3792223934518289 0.3792223934518289 0.3792223934518289 0.3792223934518289 0.3792223934518289 -9999.0 -9999.0 -9999.0 -9999.0 -9999.0 -9999.0 -9999.0 -9999.0 -9999.0 -9999.0 -9999.0 -9999.0 -9999.0 -9999.0 -9999.0 -9999.0 -9999.0 -9999.0 -9999.0 -9999.0 -9999.0
0.283919889708924 0.2697550334038873 0.2555901770988507 0.23827193156678378 0.21758264164425797 0.19689335172173217 0.1762040617992064 0.15551477187668059 0.13482548195415478 0.11413619203159373 0.09344690210906792 0.07275761218654211 0.05206832226401634 0.03137903234149053 0.010689742418964726 0.0 0.0 0.0 0.0 0.0 0.0 0.0 0.0 0.0 0.0 0.0 0.0 0.3792223934518289 0.3792223934518289 0.3792223934518289 0.3792223934518289 0.3792223934518289 0.3792223934518289 0.3792223934518289 0.3792223934518289 -9999.0 -9999.0 -9999.0 -9999.0 -9999.0 -9999.0 -9999.0 -9999.0 -9999.0 -9999.0 -9999.0 -9999.0 -9999.0 -9999.0 -9999.0 -9999.0 -9999.0 -9999.0 -9999.0
0.263120638791427 0.24865445574964182 0.23418827270785667 0.21758260569136573 0.1986897819263242 0.1797969581612827 0.16090413439624118 0.14201131063119965 0.12311848686615816 0.10422566310108443 0.08533283933604291 0.0664400155710014 0.0475471918059599 0.028654368040918393 0.00976154427587686 0.0 0.0 0.0 0.0 0.0 0.0 0.0 0.0 0.0 0.0 0.0 0.0 0.3792223934518289 0.3792223934518289 0.3792223934518289 0.3792223934518289 0.3792223934518289 0.3792223934518289 0.3792223934518289 0.3792223934518289 -9999.0 -9999.0 -9999.0 -9999.0 -9999.0 -9999.0 -9999.0 -9999.0 -9999.0 -9999.0 -9999.0 -9999.0 -9999.0 -9999.0 -9999.0 -9999.0 -9999.0 -9999.0 -9999.0
0.24232138787392996 0.22755387809539634 0.2127863683168627 0.19689327981594767 0.17979692220839047 0.16270056460083324 0.145604206993276 0.1285078493857188 0.11141149177816155 0.09431513417057517 0.07721877656301795 0.06012241895546072 0.04302606134790349 0.025929703740346255 0.00883334613278905 0.0 0.0 0.0 0.0 0.0 0.0 0.0 0.0 0.0 0.0 0.0 0.0 0.3792223934518289 0.3792223934518289 0.3792223934518289 0.3792223934518289 0.3792223934518289 0.3792223934518289 0.3792223934518289 0.3792223934518289 -9999.0 -9999.0 -9999.0 -9999.0 -9999.0 -9999.0 -9999.0 -9999.0 -9999.0 -9999.0 -9999.0 -9999.0 -9999.0 -9999.0 -9999.0 -9999.0 -9999.0 -9999.0 -9999.0
0.22152213695641518 0.20645330044113283 0.19138446392585048 0.176203953940512 0.1609040624904406 0.14560417104036918 0.13030427959029778 0.11500438814022637 0.09970449669015496 0.08440460524005745 0.06910471378998605 0.053804822339914654 0.03850493088984322 0.023205039439771813 0.007905147989700406 0.0 0.0 0.0 0.0 0.0 0.0 0.0 0.0 0.0 0.0 0.0 0.0 0.3792223934518289 0.3792223934518289 0.3792223934518289 0.3792223934518289 0.3792223934518289 0.3792223934518289 0.3792223934518289 0.3792223934518289 -9999.0 -9999.0 -9999.0 -9999.0 -9999.0 -9999.0 -9999.0 -9999.0 -9999.0 -9999.0 -9999.0 -9999.0 -9999.0 -9999.0 -9999.0 -9999.0 -9999.0 -9999.0 -9999.0
0.20072288603891816 0.18535272278688736 0.16998255953485655 0.15551462806509397 0.14201120277250684 0.12850777747991973 0.1150043521873326 0.10150092689474548 0.08799750160215836 0.0744940763095482 0.06099065101696108 0.04748722572437396 0.03398380043178684 0.020480375139199702 0.006976949846612596 0.0 0.0 0.0 0.0 0.0 0.0 0.0 0.0 0.0 0.0 0.0 0.0 0.3792223934518289 0.3792223934518289 0.3792223934518289 0.3792223934518289 0.3792223934518289 0.3792223934518289 0.3792223934518289 0.3792223934518289 0.3792223934518289 -9999.0 -9999.0 -9999.0 0.3792223934518289 0.3792223934518289 -9999.0 -9999.0 -9999.0 -9999.0 -9999.0 -9999.0 -9999.0 -9999.0 -9999.0 -9999.0 -9999.0 -9999.0 -9999.0
0.17992363512142115 0.16425214513264189 0.1485806551438626 0.13482530218967595 0.12311834305457312 0.11141138391947027 0.09970442478436743 0.08799746564926458 0.07629050651416175 0.06458354737903894 0.05287658824393611 0.04116962910883326 0.029462669973730427 0.017755710838627592 0.006048751703524757 0.0 0.0 0.0 0.0 0.0 0.0 0.0 0.0 0.0 0.0 0.0 0.0 0.3792223934518289 0.3792223934518289 0.3792223934518289 0.3792223934518289 0.3792223934518289 0.3792223934518289 0.3792223934518289 0.3792223934518289 0.3792223934518289 0.3792223934518289 0.3792223934518289 0.3792223934518289 0.3792223934518289 0.3792223934518289 -9999.0 -9999.0 0.3792223934518289 0.3792223934518289 0.3792223934518289 0.3792223934518289 -9999.0 -9999.0 -9999.0 -9999.0 -9999.0 -9999.0 -9999.0
0.1591243842039241 0.14315156747839636 0.12717875075286864 0.11413597631425791 0.10422548333663935 0.0943149903590208 0.08440449738140224 0.07449400440378369 0.06458351142616514 0.054673018448529676 0.04476252547091113 0.034852032493292565 0.024941539515674016 0.015031046538055454 0.005120553560436905 0.0 0.0 0.0 0.0 0.0 0.0 0.0 0.0 0.0 0.0 0.0 0.0 0.3792223934518289 0.3792223934518289 0.3792223934518289 0.3792223934518289 0.3792223934518289 0.3792223934518289 0.3792223934518289 0.3792223934518289 0.3792223934518289 0.3792223934518289 0.3792223934518289 0.3792223934518289 0.3792223934518289 0.3792223934518289 0.3792223934518289 0.3792223934518289 0.3792223934518289 0.3792223934518289 0.3792223934518289 0.3792223934518289 0.3792223934518289 -9999.0 -9999.0 -9999.0 -9999.0 -9999.0 -9999.0
0.1383251332864271 0.12205098982415089 0.10577684636187468 0.09344665043883987 0.0853326236187056 0.07721859679857133 0.06910456997843706 0.060990543158302796 0.052876516338168526 0.04476248951802042 0.03664846269788615 0.028534435877751882 0.02042040905761762 0.012306382237483343 0.004192355417349081 0.0 0.0 0.0 0.0 0.0 0.0 0.0 0.0 0.0 0.0 0.0 0.0 0.3792223934518289 0.3792223934518289 0.3792223934518289 0.3792223934518289 0.3792223934518289 0.3792223934518289 0.3792223934518289 0.3792223934518289 0.3792223934518289 0.3792223934518289 0.3792223934518289 0.3792223934518289 0.3792223934518289 0.3792223934518289 0.3792223934518289 0.3792223934518289 0.3792223934518289 0.3792223934518289 0.3792223934518289 0.3792223934518289 0.3792223934518289 0.3792223934518289 -9999.0 -9999.0 -9999.0 -9999.0 -9999.0
0.11752588236893008 0.10095041216990538 0.08437494197088072 0.07275732456342182 0.06643976390077184 0.06012220323812186 0.05380464257547188 0.047487081912821895 0.04116952125017191 0.03485196058751115 0.02853439992486117 0.022216839262211185 0.015899278599561202 0.009581717936911219 0.0032641572742612424 0.0 0.0 0.0 0.0 0.0 0.0 0.0 0.0 0.0 0.0 0.0 0.0 0.3792223934518289 0.3792223934518289 0.3792223934518289 0.3792223934518289 0.3792223934518289 0.3792223934518289 0.3792223934518289 0.3792223934518289 0.3792223934518289 0.3792223934518289 0.3792223934518289 0.3792223934518289 0.3792223934518289 0.3792223934518289 0.3792223934518289 0.3792223934518289 0.3792223934518289 0.3792223934518289 0.3792223934518289 0.3792223934518289 0.3792223934518289 0.3792223934518289 -9999.0 0.3792223934518289 0.3792223934518289 0.3792223934518289 -9999.0
0.0967266314514153 0.0798498345156419 0.0629730375798685 0.05206799868798615 0.04754690418282199 0.04302580967765782 0.03850471517249365 0.03398362066732949 0.029462526162165322 0.024941431656993446 0.020420337151829275 0.01589924264666511 0.011378148141500947 0.006857053636336777 0.002335959131172613 0.0 0.0 0.0 0.0 0.0 0.0 0.0 0.0 0.0 0.0 0.0 0.0 0.3792223934518289 0.3792223934518289 0.3792223934518289 0.3792223934518289 0.3792223934518289 0.3792223934518289 0.3792223934518289 0.3792223934518289 0.3792223934518289 0.3792223934518289 0.3792223934518289 0.3792223934518289 0.3792223934518289 0.3792223934518289 0.3792223934518289 0.3792223934518289 0.3792223934518289 0.3792223934518289 0.3792223934518289 0.3792223934518289 0.3792223934518289 0.3792223934518289 0.3792223934518289 0.3792223934518289 0.3792223934518289 0.3792223934518289 -9999.0
0.07592738053391829 0.058749256861396426 0.041571133188874565 0.03137867281256812 0.02865404446488824 0.025929416117208358 0.023204787769528473 0.020480159421848596 0.01775553107416871 0.015030902726484184 0.012306274378804303 0.009581646031124422 0.0068570176834445405 0.004132389335764659 0.0014077609880847747 0.0 0.0 0.0 0.0 0.0 0.0 0.0 0.0 0.0 0.0 0.0 0.0 0.3792223934518289 0.3792223934518289 0.3792223934518289 0.3792223934518289 0.3792223934518289 0.3792223934518289 0.3792223934518289 0.3792223934518289 0.3792223934518289 0.3792223934518289 0.3792223934518289 0.3792223934518289 0.3792223934518289 0.3792223934518289 0.3792223934518289 0.3792223934518289 0.3792223934518289 0.3792223934518289 0.3792223934518289 0.3792223934518289 0.3792223934518289 0.3792223934518289 0.3792223934518289 0.3792223934518289 0.3792223934518289 -9999.0 -9999.0
