Figures/CREST_Example_wjb_NSE/Rolling_result/20100722/BJP_forecast/ens_47/wjb.rain.20100722.asc
ncols            288
nrows            254
xllcorner        113.274861
yllcorner        31.4918055
cellsize         0.008333333333
NODATA_value     -9999
[rows 120 to 139 of 254, columns 132 to 175 of 288]
13.808883197886159 13.956754750703135 14.104626303520114 13.861584495263514 13.200647462791295 12.539710430319076 11.878773397846858 11.21783636537464 10.55689933290242 9.8959623004302 9.235025267957983 8.574088235484636 7.913151203012417 7.2522141705401975 6.591277138067979 6.25610986981799 6.269197848074989 6.2822858263319885 6.295373804588987 6.308461782845986 6.321549761102984 6.334637739359984 6.347725717616982 6.360813695873981 6.373901674131003 6.386989652388001 6.400077630645 6.391568179772048 6.359970588604804 6.32837299743756 6.296775406270316 6.265177815103073 6.233580223935829 6.201982632768585 6.170385041601341 6.138787450434097 6.107189859266853 6.075592268099555 6.043994676932312 6.005794885816085 5.960537193592768 5.915279501369451 5.870021809146134 5.824764116922816
13.022408322282724 13.135299238997469 13.248190155712214 12.997147767639408 12.357052445724566 11.716957123809722 11.076861801894879 10.436766479980037 9.796671158065195 9.15657583615035 8.516480514235507 7.876385192319574 7.236289870404731 6.596194548489888 5.956099226575045 5.629217707692311 5.637168828802306 5.645119949912301 5.653071071022296 5.661022192132291 5.6689733132422875 5.676924434352283 5.684875555462278 5.692826676572273 5.7007777976822815 5.708728918792277 5.716680039902272 5.724005930399175 5.730663435227371 5.737320940055567 5.743978444883763 5.75063594971196 5.7572934545401555 5.763950959368352 5.770608464196548 5.777265969024744 5.783923473852941 5.790580978681148 5.797238483509344 5.7831907458219955 5.74700863547064 5.710826525119285 5.674644414767929 5.638462304416573
12.27909746606986 12.390538383602532 12.501979301135204 12.271903772169882 11.676739437872735 11.081575103575586 10.486410769278438 9.891246434981289 9.29608210068414 8.700917766386993 8.105753432089845 7.510589097791681 6.915424763494532 6.320260429197384 5.725096094900236 5.4237017172045885 5.436354067868948 5.449006418533309 5.46165876919767 5.47431111986203 5.4869634705263906 5.499615821190751 5.512268171855112 5.524920522519472 5.537572873183854 5.550225223848215 5.562877574512576 5.571885596418453 5.5769977484433335 5.582109900468214 5.587222052493094 5.592334204517974 5.5974463565428545 5.602558508567735 5.607670660592615 5.612782812617495 5.6178949646423755 5.623007116667264 5.628119268692144 5.6140732970387734 5.579546857758945 5.545020418479117 5.51049397919929 5.475967539919462
11.535786609856999 11.645777528207596 11.755768446558193 11.546659776700357 10.996426430020904 10.44619308334145 9.895959736661997 9.345726389982541 8.79549304330309 8.245259696623634 7.695026349944181 7.144793003263789 6.594559656584335 6.044326309904881 5.494092963225428 5.218185726716865 5.235539306935591 5.252892887154317 5.270246467373043 5.287600047591768 5.3049536278104945 5.32230720802922 5.339660788247945 5.357014368466672 5.3743679486854266 5.391721528904153 5.409075109122878 5.419765262437732 5.423332061659297 5.42689886088086 5.430465660102424 5.434032459323989 5.437599258545553 5.441166057767117 5.444732856988681 5.448299656210246 5.4518664554318095 5.45543325465338 5.459000053874944 5.4449558482555505 5.41208508004725 5.37921431183895 5.34634354363065 5.313472775422349
10.792475753643501 10.901016672812023 11.009557591980546 10.821415781230213 10.316113422168492 9.81081106310677 9.30550870404505 8.80020634498333 8.294903985921607 7.789601626859888 7.284299267798167 6.778996908735584 6.273694549673863 5.768392190612142 5.263089831550421 5.012669736228967 5.034724546002062 5.0567793557751575 5.078834165548253 5.1008889753213476 5.122943785094443 5.1449985948675385 5.167053404640633 5.189108214413729 5.211163024186861 5.233217833959957 5.2552726437330515 5.267644928456882 5.269666374875128 5.2716878212933755 5.273709267711622 5.275730714129869 5.277752160548116 5.279773606966362 5.281795053384609 5.283816499802856 5.285837946221103 5.287859392639353 5.2898808390575995 5.275838399472184 5.244623302335412 5.213408205198641 5.1821931080618695 5.150978010925098
10.049164897430638 10.156255817417087 10.263346737403536 10.096171785760689 9.63580041431666 9.175429042872635 8.715057671428609 8.254686299984582 7.7943149285405555 7.333943557096529 6.8735721856525025 6.413200814207691 5.952829442763665 5.492458071319638 5.032086699875612 4.807153745741244 4.833909785068705 4.860665824396166 4.887421863723626 4.914177903051086 4.940933942378547 4.967689981706007 4.994446021033467 5.0212020603609275 5.047958099688434 5.074714139015894 5.101470178343355 5.1155245944761605 5.116000688091091 5.116476781706022 5.116952875320953 5.117428968935884 5.117905062550815 5.1183811561657455 5.1188572497806755 5.119333343395606 5.119809437010537 5.120285530625469 5.1207616242404 5.106720950688961 5.077161524623717 5.047602098558474 5.018042672493229 4.988483246427986
9.305854041217774 9.41149496202215 9.517135882826524 9.370927790291162 8.95548740646483 8.540047022638499 8.124606638812166 7.709166254985835 7.293725871159502 6.878285487333171 6.462845103506838 6.047404719679799 5.631964335853466 5.216523952027135 4.801083568200803 4.601637755253521 4.633095024135347 4.664552293017173 4.6960095618989985 4.727466830780824 4.75892409966265 4.790381368544476 4.821838637426302 4.853295906308127 4.884753175190007 4.916210444071833 4.947667712953659 4.96340426049544 4.962335001307054 4.961265742118669 4.960196482930284 4.959127223741898 4.958057964553514 4.956988705365128 4.955919446176743 4.954850186988358 4.953780927799972 4.9527116686115855 4.9516424094232 4.9376035019057385 4.909699746912023 4.881795991918306 4.85389223692459 4.825988481930874
8.56254318500491 8.666734106627214 8.770925028249515 8.645683794821638 8.275174398613 7.9046650024043625 7.534155606195725 7.163646209987087 6.79313681377845 6.422627417569813 6.052118021361175 5.681608625151906 5.311099228943268 4.940589832734631 4.570080436525994 4.396121764765798 4.4322802632019895 4.468438761638181 4.504597260074372 4.540755758510564 4.576914256946754 4.613072755382945 4.649231253819137 4.685389752255328 4.721548250691581 4.757706749127772 4.7938652475639625 4.811283926514719 4.8086693145230175 4.806054702531316 4.803440090539615 4.800825478547914 4.798210866556213 4.795596254564511 4.79298164257281 4.790367030581109 4.787752418589407 4.785137806597701 4.782523194606 4.768486053122516 4.742237969200327 4.715989885278139 4.68974180135595 4.663493717433761
7.819232328792048 7.921973251232276 8.024714173672503 7.920439799352112 7.594861390761169 7.269282982170226 6.943704573579283 6.61812616498834 6.292547756397397 5.9669693478064545 5.641390939215512 5.315812530624013 4.990234122033071 4.664655713442127 4.339077304851184 4.190605774278075 4.231465502268631 4.272325230259188 4.313184958249744 4.354044686240301 4.394904414230857 4.435764142221414 4.47662387021197 4.517483598202527 4.558343326193153 4.599203054183709 4.640062782174266 4.659163592533997 4.655003627738981 4.650843662943963 4.646683698148946 4.642523733353928 4.638363768558912 4.634203803763894 4.630043838968876 4.6258838741738595 4.621723909378842 4.617563944583818 4.6134039797888 4.599368604339293 4.574776191488633 4.5501837786379715 4.525591365787311 4.50099895293665
7.075921472579185 7.177212395837339 7.278503319095493 7.195195803882585 6.914548382909337 6.633900961936089 6.35325354096284 6.072606119989592 5.7919586990163445 5.511311278043095 5.230663857069848 4.950016436096121 4.6693690151228715 4.388721594149624 4.108074173176376 3.9850897837903525 4.030650741335275 4.076211698880196 4.121772656425118 4.167333613970039 4.212894571514962 4.258455529059884 4.304016486604805 4.349577444149727 4.395138401694727 4.440699359239648 4.48626031678457 4.507043258553277 4.501337940954944 4.49563262335661 4.489927305758277 4.484221988159943 4.47851667056161 4.4728113529632765 4.467106035364943 4.46140071776661 4.455695400168277 4.449990082569933 4.4442847649715995 4.43025115555607 4.407314413776937 4.384377671997804 4.36144093021867 4.338504188439537
6.332610616366321 6.432451540442401 6.5322924645184814 6.469951808413059 6.234235375057506 5.998518941701952 5.7628025083463985 5.527086074990844 5.291369641635291 5.055653208279737 4.819936774924184 4.584220341568228 4.348503908212674 4.11278747485712 3.8770710415015666 3.7795737933026294 3.8298359804019166 3.8800981675012034 3.9303603546004906 3.980622541699778 4.030884728799065 4.081146915898352 4.131409102997639 4.181671290096926 4.231933477196299 4.282195664295586 4.3324578513948735 4.354922924572556 4.347672254170906 4.340421583769257 4.333170913367607 4.325920242965958 4.318669572564309 4.311418902162659 4.30416823176101 4.29691756135936 4.289666890957711 4.282416220556049 4.2751655501544 4.261133706772848 4.239852636065242 4.218571565357636 4.19729049465003 4.176009423942425
5.589299760152825 5.68769068504683 5.786081609940835 5.744707812942916 5.553922367205095 5.363136921467274 5.172351475729453 4.981566029991632 4.790780584253811 4.5999951385159905 4.40920969277817 4.218424247040023 4.027638801302202 3.8368533555643816 3.6460679098265607 3.574057802814731 3.6290212194683877 3.683984636122044 3.738948052775701 3.793911469429357 3.8488748860830135 3.90383830273667 3.9588017193903267 4.013765136043983 4.068728552697733 4.123691969351389 4.178655386005047 4.2028025905917055 4.194006567386738 4.185210544181772 4.176414520976805 4.167618497771838 4.158822474566872 4.150026451361905 4.1412304281569385 4.1324344049519715 4.123638381747004 4.114842358542023 4.106046335337056 4.092016257989481 4.072390858353405 4.052765458717328 4.0331400590812505 4.013514659445174
4.845988903939961 4.942929829651893 5.0398707553638245 5.01946381747339 4.873609359353264 4.727754901233138 4.581900443113011 4.436045984992885 4.290191526872759 4.144337068752632 3.9984826106325055 3.8526281525121306 3.7067736943920044 3.560919236271878 3.415064778151751 3.368541812327008 3.42820645853503 3.4878711047430517 3.5475357509510737 3.607200397159095 3.666865043367117 3.726529689575139 3.7861943357831604 3.8458589819911824 3.905523628199306 3.9651882744073275 4.024852920615349 4.050682256610984 4.0403408806027015 4.029999504594418 4.019658128586135 4.009316752577853 3.99897537656957 3.9886340005612873 3.978292624553004 3.9679512485447215 3.957609872536439 3.9472684965281384 3.9369271205198553 3.922898809206258 3.904929080641709 3.88695935207716 3.8689896235126104 3.8510198949480614
4.49514483061572 4.584364926135856 4.673585021655992 4.65950509283947 4.534995101686137 4.410485110532806 4.285975119379473 4.161465128226141 4.036955137072809 3.9124451459194765 3.787935154766144 3.6634251636125996 3.5389151724592676 3.414405181305935 3.2898951901526026 3.2556823987648777 3.3179993563498362 3.3803163139347947 3.442633271519753 3.504950229104712 3.5672671866896706 3.629584144274629 3.6919011018595875 3.754218059444546 3.8165350170296106 3.8788519746145695 3.941168932199528 3.966197080761689 3.95136264897018 3.936528217178671 3.921693785387162 3.9068593535956526 3.8920249218041434 3.877190490012634 3.862356058221125 3.8475216264296157 3.8326871946381065 3.817852762846572 3.8030183310550627 3.7881501921548586 3.773246019592903 3.7583418470309478 3.7434376744689923 3.728533501907037
4.5638230068834975 4.638619149178987 4.713415291474476 4.690013294949952 4.561635267094479 4.433257239239007 4.304879211383534 4.176501183528061 4.048123155672589 3.919745127817116 3.7913670999616436 3.662989072105952 3.5346110442504792 3.4062330163950065 3.277854988539534 3.2418670248160364 3.304646129411158 3.36742523400628 3.430204338601402 3.4929834431965237 3.555762547791646 3.6185416523867677 3.6813207569818895 3.7440998615770114 3.80687896617224 3.869658070767362 3.932437175362484 3.954009625198343 3.931531228962856 3.909052832727369 3.8865744364918817 3.8640960402563946 3.841617644020907 3.81913924778542 3.796660851549933 3.774182455314446 3.7517040590789588 3.729225662843433 3.706747266607946 3.690139689595242 3.67980815114729 3.6694766126993383 3.6591450742513865 3.6488135358034346
4.632501183151276 4.6928733722221185 4.75324556129296 4.720521497060434 4.588275432502821 4.456029367945208 4.323783303387595 4.191537238829982 4.059291174272369 3.9270451097147556 3.7947990451571423 3.662552980599304 3.530306916041691 3.398060851484078 3.2658147869264647 3.228051650867195 3.2912929024724806 3.354534154077766 3.417775405683051 3.481016657288336 3.5442579088936212 3.6074991604989064 3.6707404121041916 3.7339816637094767 3.7972229153148698 3.8604641669201554 3.92370541852544 3.9418221696349973 3.9116998089555324 3.881577448276067 3.851455087596602 3.8213327269171367 3.7912103662376717 3.7610880055582063 3.730965644878741 3.700843284199276 3.6707209235198106 3.640598562840294 3.610476202160829 3.5921291870356256 3.5863702827016772 3.5806113783677285 3.57485247403378 3.569093569699832
4.701179359419054 4.747127595265249 4.7930758311114445 4.751029699170917 4.614915597911163 4.47880149665141 4.342687395391656 4.2065732941319025 4.070459192872149 3.9343450916123954 3.798230990352642 3.662116889092656 3.5260027878329026 3.3898886865731495 3.253774585313396 3.214236276918354 3.2779396755338026 3.341643074149251 3.4053464727646996 3.469049871380148 3.5327532699955966 3.5964566686110455 3.660160067226494 3.7238634658419425 3.7875668644574993 3.8512702630729483 3.9149736616883968 3.9296347140716517 3.8918683889482084 3.854102063824765 3.816335738701322 3.7785694135778787 3.740803088454436 3.7030367633309926 3.6652704382075494 3.627504113084106 3.589737787960663 3.5519714628371553 3.514205137713712 3.494118684476009 3.4929324142560643 3.491746144036119 3.4905598738161743 3.489373603596229
4.76985753568689 4.8013818183084265 4.8329061009299625 4.781537901281425 4.641555763319527 4.50157362535763 4.361591487395733 4.221609349433836 4.081627211471939 3.941645073510041 3.801662935548144 3.661680797586008 3.5216986596241107 3.3817165216622134 3.241734383700316 3.2004209029695008 3.264586448595113 3.3287519942207253 3.3929175398463376 3.45708308547195 3.521248631097562 3.5854141767231744 3.6495797223487867 3.7137452679743994 3.777910813600121 3.842076359225733 3.9062419048513455 3.9174472585082953 3.8720369689408676 3.82662667937344 3.781216389806012 3.7358061002385847 3.690395810671157 3.644985521103729 3.5995752315363014 3.5541649419688737 3.5087546524014464 3.463344362833941 3.4179340732665136 3.396108181916309 3.3994945458103714 3.402880909704434 3.4062672735984965 3.409653637492559
4.838535711954669 4.855636041351557 4.872736370748447 4.812046103391907 4.66819592872787 4.524345754063832 4.380495579399794 4.236645404735756 4.092795230071719 3.948945055407681 3.805094880743643 3.6612447060793603 3.5173945314153223 3.3735443567512844 3.229694182087247 3.1866055290206594 3.251233221656435 3.3158609142922106 3.3804886069279867 3.4451162995637623 3.509743992199538 3.5743716848353135 3.638999377471089 3.7036270701068648 3.7682547627427505 3.832882455378526 3.8975101480143017 3.9052598029449497 3.852205548933544 3.799151294922138 3.7460970409107324 3.6930427868993267 3.639988532887921 3.5869342788765155 3.53388002486511 3.480825770853704 3.427771516842298 3.374717262830802 3.3216630088193964 3.2980976793566925 3.3060566773647584 3.3140156753728243 3.32197467338089 3.3299336713889565
4.907213888222446 4.909890264394688 4.912566640566931 4.842554305502389 4.694836094136211 4.547117882770033 4.399399671403855 4.251681460037677 4.103963248671499 3.95624503730532 3.8085268259391425 3.660808614572712 3.513090403206534 3.365372191840356 3.2176539804741777 3.172790155071818 3.237879994717757 3.302969834363696 3.368059674009635 3.433149513655574 3.4982393533015133 3.563329192947452 3.628419032593391 3.69350887223933 3.75859871188538 3.823688551531319 3.8887783911772584 3.893072347381604 3.83237412892622 3.7716759104708366 3.7109776920154527 3.650279473560069 3.5895812551046853 3.528883036649302 3.468184818193918 3.407486599738534 3.3467883812831505 3.286090162827663 3.2253919443722796 3.200087176797076 3.2126188089191454 3.225150441041215 3.2376820731632843 3.2502137052853537
