Figures/CREST_Example_wjb_NSE/Rolling_result/20100722/BJP_forecast/ens_47/wjb.rain.20100724.asc
ncols            288
nrows            254
xllcorner        113.274861
yllcorner        31.4918055
cellsize         0.008333333333
NODATA_value     -9999
[rows 42 to 62 of 254, columns 0 to 45 of 288]
-9999.0 -9999.0 -9999.0 -9999.0 -9999.0 -9999.0 -9999.0 -9999.0 -9999.0 -9999.0 -9999.0 -9999.0 -9999.0 -9999.0 -9999.0 0.3113109298871797 0.3113109298871797 0.3113109298871797 0.3113109298871797 0.3113109298871797 0.3113109298871797 0.3113109298871797 0.3113109298871797 0.3113109298871797 0.3113109298871797 0.3113109298871797 0.3113109298871797 0.4804788473804939 0.46540766563209884 0.4503364838837038 0.43526530213530873 0.4201941203869136 0.40512293863851856 0.3900517568901235 0.37498057514172844 0.3599093933933334 0.34483821164493833 0.3297670298965433 0.3146958481481482 0.3076278541933883 0.309115448865327 0.3106030435372657 0.31209063820920446 0.31357823288114317 0.3150658275530819 0.3165534222250206
-9999.0 -9999.0 -9999.0 -9999.0 -9999.0 -9999.0 -9999.0 -9999.0 -9999.0 -9999.0 -9999.0 -9999.0 -9999.0 -9999.0 -9999.0 -9999.0 0.3113109298871797 0.3113109298871797 0.3113109298871797 0.3113109298871797 0.3113109298871797 0.3113109298871797 0.3113109298871797 0.3113109298871797 0.3113109298871797 0.3113109298871797 0.3113109298871797 0.468238878405823 0.4543726931788182 0.4405065079518133 0.42664032272480845 0.4127741374978036 0.3989079522707988 0.3850417670437939 0.37117558181678906 0.3573093965897842 0.34344321136277933 0.3295770261357745 0.31571084090876966 0.30943019614384554 0.3112586655691871 0.31308713499452867 0.3149156044198702 0.31674407384521175 0.31857254327055334 0.3204010126958949
-9999.0 -9999.0 -9999.0 -9999.0 -9999.0 -9999.0 -9999.0 -9999.0 -9999.0 -9999.0 -9999.0 -9999.0 -9999.0 -9999.0 -9999.0 -9999.0 -9999.0 0.3113109298871797 0.3113109298871797 0.3113109298871797 0.3113109298871797 0.3113109298871797 0.3113109298871797 0.3113109298871797 0.3113109298871797 0.3113109298871797 0.3113109298871797 0.45599890943115207 0.4433377207255374 0.4306765320199228 0.4180153433143082 0.4053541546086935 0.3926929659030789 0.3800317771974643 0.3673705884918496 0.354709399786235 0.34204821108062033 0.3293870223750057 0.3167258336693911 0.31123253809430274 0.31340188227304716 0.31557122645179153 0.31774057063053596 0.3199099148092804 0.3220792589880248 0.32424860316676923
-9999.0 -9999.0 -9999.0 -9999.0 -9999.0 -9999.0 -9999.0 -9999.0 -9999.0 -9999.0 -9999.0 -9999.0 -9999.0 -9999.0 -9999.0 -9999.0 -9999.0 0.3113109298871797 0.3113109298871797 0.3113109298871797 0.3113109298871797 0.3113109298871797 0.3113109298871797 0.3113109298871797 0.3113109298871797 0.3113109298871797 0.3113109298871797 0.4437589404564812 0.43230274827225673 0.4208465560880323 0.4093903639038079 0.39793417171958345 0.386477979535359 0.3750217873511346 0.36356559516691017 0.3521094029826858 0.34065321079846134 0.3291970186142369 0.3177408264300125 0.3130348800447599 0.31554509897690713 0.31805531790905445 0.3205655368412017 0.32307575577334896 0.3255859747054962 0.3280961936376435
-9999.0 -9999.0 -9999.0 -9999.0 -9999.0 -9999.0 -9999.0 -9999.0 -9999.0 -9999.0 -9999.0 -9999.0 -9999.0 -9999.0 -9999.0 -9999.0 -9999.0 -9999.0 0.3113109298871797 0.3113109298871797 0.3113109298871797 0.3113109298871797 0.3113109298871797 0.3113109298871797 0.3113109298871797 0.3113109298871797 0.3113109298871797 0.4315189714817998 0.4212677758189666 0.41101658015613346 0.40076538449330024 0.39051418883046707 0.3802629931676339 0.37001179750480073 0.3597606018419675 0.34950940617913434 0.3392582105163012 0.32900701485346795 0.3187558191906348 0.31483722199521863 0.31768831568076905 0.3205394093663194 0.32339050305186984 0.32624159673742026 0.3290926904229706 0.33194378410852104
-9999.0 -9999.0 -9999.0 -9999.0 -9999.0 -9999.0 -9999.0 -9999.0 -9999.0 -9999.0 -9999.0 -9999.0 -9999.0 -9999.0 -9999.0 -9999.0 -9999.0 -9999.0 0.3113109298871797 0.3113109298871797 0.3113109298871797 0.3113109298871797 0.3113109298871797 0.3113109298871797 0.3113109298871797 0.3113109298871797 0.3113109298871797 0.4192790025071289 0.41023280336568596 0.40118660422424296 0.3921404050828 0.383094205941357 0.37404800679991407 0.3650018076584711 0.3559556085170281 0.3469094093755852 0.3378632102341422 0.32881701109269923 0.31977081195125623 0.31663956394567583 0.3198315323846291 0.32302350082358233 0.3262154692625356 0.32940743770148884 0.3325994061404421 0.33579137457939534
-9999.0 -9999.0 -9999.0 -9999.0 -9999.0 -9999.0 -9999.0 -9999.0 -9999.0 -9999.0 -9999.0 -9999.0 -9999.0 -9999.0 -9999.0 -9999.0 -9999.0 -9999.0 -9999.0 0.3113109298871797 0.3113109298871797 0.3113109298871797 0.3113109298871797 0.3113109298871797 0.3113109298871797 0.3113109298871797 0.3113109298871797 0.40703903353245796 0.3991978309124052 0.39135662829235246 0.3835154256722997 0.37567422305224696 0.3678330204321942 0.35999181781214146 0.3521506151920887 0.34430941257203596 0.3364682099519832 0.32862700733193045 0.3207858047118777 0.3184419058961331 0.32197474908848916 0.32550759228084525 0.3290404354732014 0.33257327866555747 0.33610612185791355 0.33963896505026964
-9999.0 -9999.0 -9999.0 -9999.0 -9999.0 -9999.0 -9999.0 -9999.0 -9999.0 -9999.0 -9999.0 -9999.0 -9999.0 -9999.0 -9999.0 -9999.0 -9999.0 -9999.0 -9999.0 0.3113109298871797 0.3113109298871797 0.3113109298871797 0.3113109298871797 0.3113109298871797 0.3113109298871797 0.3113109298871797 0.3113109298871797 0.4206304212143261 0.41178267791013 0.40293493460593394 0.39408719130173786 0.3852394479975418 0.3763917046933457 0.36754396138914963 0.35869621808495356 0.34984847478075753 0.34100073147656146 0.3321529881723654 0.3233052448681693 0.3205156509317615 0.3242023555861526 0.3278890602405437 0.33157576489493484 0.335262469549326 0.33894917420371706 0.3426358788581082
-9999.0 -9999.0 -9999.0 -9999.0 -9999.0 -9999.0 -9999.0 -9999.0 -9999.0 -9999.0 -9999.0 -9999.0 -9999.0 -9999.0 -9999.0 -9999.0 -9999.0 -9999.0 -9999.0 -9999.0 -9999.0 -9999.0 -9999.0 0.3113109298871797 0.3113109298871797 0.3113109298871797 0.3113109298871797 0.461833900367942 0.4496156225551858 0.43739734474242964 0.4251790669296735 0.4129607891169173 0.40074251130416116 0.388524233491405 0.3763059556786489 0.3640876778658927 0.35186940005313655 0.3396511222403804 0.3274328444276242 0.3228795087521386 0.32652016945220036 0.33016083015226216 0.3338014908523239 0.33744215155238566 0.34108281225244746 0.34472347295250927
-9999.0 -9999.0 -9999.0 -9999.0 -9999.0 -9999.0 -9999.0 -9999.0 -9999.0 -9999.0 -9999.0 -9999.0 -9999.0 -9999.0 -9999.0 -9999.0 -9999.0 -9999.0 -9999.0 -9999.0 -9999.0 -9999.0 -9999.0 0.3113109298871797 0.3113109298871797 0.3113109298871797 0.3113109298871797 0.5030373795215578 0.4874485672002416 0.47185975487892534 0.4562709425576091 0.4406821302362928 0.4250933179149766 0.40950450559366036 0.3939156932723441 0.37832688095102784 0.3627380686297116 0.3471492563083953 0.33156044398707907 0.3252433665725156 0.32883798331824804 0.3324326000639805 0.3360272168097129 0.3396218335554454 0.3432164503011778 0.3468110670469103
-9999.0 -9999.0 -9999.0 -9999.0 -9999.0 -9999.0 -9999.0 -9999.0 -9999.0 -9999.0 -9999.0 -9999.0 -9999.0 -9999.0 -9999.0 -9999.0 -9999.0 -9999.0 -9999.0 -9999.0 -9999.0 -9999.0 -9999.0 -9999.0 -9999.0 0.3113109298871797 0.3113109298871797 0.5442408586751737 0.5252815118452974 0.5063221650154209 0.48736281818554467 0.4684034713556683 0.44944412452579197 0.43048477769591564 0.4115254308660393 0.392566084036163 0.3736067372062867 0.35464739037641035 0.335688043546534 0.32760722439289264 0.3311557971842957 0.33470436997569886 0.338252942767102 0.3418015155585051 0.3453500883499082 0.3488986611413113
-9999.0 -9999.0 -9999.0 -9999.0 -9999.0 -9999.0 -9999.0 -9999.0 -9999.0 -9999.0 -9999.0 -9999.0 -9999.0 -9999.0 -9999.0 -9999.0 -9999.0 -9999.0 -9999.0 -9999.0 -9999.0 -9999.0 -9999.0 -9999.0 -9999.0 0.3113109298871797 0.3113109298871797 0.5854443378288248 0.5631144564903854 0.5407845751519461 0.5184546938135068 0.4961248124750675 0.4737949311366282 0.4514650497981889 0.4291351684597496 0.40680528712131026 0.384475405782871 0.3621455244444317 0.3398156431059924 0.3299710822132717 0.33347361105034545 0.33697613988741915 0.3404786687244929 0.34398119756156664 0.3474837263986404 0.35098625523571414
-9999.0 -9999.0 -9999.0 -9999.0 -9999.0 -9999.0 -9999.0 -9999.0 -9999.0 -9999.0 -9999.0 -9999.0 -9999.0 -9999.0 -9999.0 -9999.0 -9999.0 -9999.0 -9999.0 -9999.0 -9999.0 -9999.0 -9999.0 -9999.0 -9999.0 0.3113109298871797 0.3113109298871797 0.6266478169824405 0.6009474011354412 0.5752469852884418 0.5495465694414424 0.523846153594443 0.49814573774744364 0.47244532190044425 0.44674490605344486 0.4210444902064455 0.3953440743594461 0.36964365851244674 0.34394324266544735 0.3323349400336488 0.3357914249163932 0.33924790979913755 0.34270439468188196 0.3461608795646264 0.3496173644473708 0.3530738493301152
-9999.0 -9999.0 -9999.0 -9999.0 -9999.0 -9999.0 -9999.0 -9999.0 -9999.0 -9999.0 -9999.0 -9999.0 -9999.0 -9999.0 -9999.0 -9999.0 -9999.0 -9999.0 -9999.0 -9999.0 0.3113109298871797 0.3113109298871797 0.3113109298871797 0.3113109298871797 0.3113109298871797 0.3113109298871797 0.3113109298871797 0.6678512961360564 0.638780345780497 0.6097093954249375 0.580638445069378 0.5515674947138185 0.5224965443582591 0.4934255940026996 0.4643546436471401 0.4352836932915806 0.40621274293602117 0.37714179258046165 0.3480708422249022 0.3346987978540258 0.33810923878244087 0.34151967971085595 0.344930120639271 0.34834056156768606 0.35175100249610114 0.3551614434245162
-9999.0 -9999.0 -9999.0 -9999.0 -9999.0 -9999.0 -9999.0 -9999.0 -9999.0 -9999.0 -9999.0 -9999.0 -9999.0 -9999.0 -9999.0 -9999.0 -9999.0 -9999.0 -9999.0 0.3113109298871797 0.3113109298871797 0.3113109298871797 0.3113109298871797 0.3113109298871797 0.3113109298871797 0.3113109298871797 0.3113109298871797 0.7090547752896724 0.6766132904255528 0.6441718055614333 0.6117303206973137 0.5792888358331941 0.5468473509690746 0.514405866104955 0.4819643812408354 0.4495228963767158 0.4170814115125962 0.3846399266484766 0.35219844178435705 0.3370626556744028 0.34042705264848855 0.3437914496225743 0.34715584659666004 0.3505202435707458 0.3538846405448315 0.35724903751891723
-9999.0 -9999.0 -9999.0 -9999.0 -9999.0 -9999.0 -9999.0 -9999.0 -9999.0 -9999.0 -9999.0 -9999.0 -9999.0 -9999.0 -9999.0 -9999.0 -9999.0 0.3113109298871797 0.3113109298871797 0.3113109298871797 0.3113109298871797 0.3113109298871797 0.3113109298871797 0.3113109298871797 0.3113109298871797 0.3113109298871797 0.3113109298871797 0.7502582544432883 0.7144462350706087 0.678634215697929 0.6428221963252494 0.6070101769525696 0.57119815757989 0.5353861382072104 0.4995741188345307 0.46376209946185104 0.42795008008917135 0.3921380607164917 0.35632604134381207 0.33942651349477987 0.3427448665145363 0.3460632195342927 0.3493815725540491 0.3526999255738055 0.3560182785935619 0.3593366316133183
-9999.0 -9999.0 -9999.0 -9999.0 -9999.0 -9999.0 -9999.0 -9999.0 -9999.0 -9999.0 -9999.0 -9999.0 -9999.0 -9999.0 -9999.0 0.3113109298871797 0.3113109298871797 0.3113109298871797 0.3113109298871797 0.3113109298871797 0.3113109298871797 0.3113109298871797 0.3113109298871797 0.3113109298871797 0.3113109298871797 0.3113109298871797 0.3113109298871797 0.7914617335969042 0.7522791797156644 0.7130966258344247 0.6739140719531849 0.6347315180719452 0.5955489641907054 0.5563664103094657 0.5171838564282258 0.47800130254698614 0.4388187486657464 0.3996361947845066 0.36045364090326687 0.34179037131515694 0.34506268038058396 0.34833498944601105 0.3516072985114381 0.3548796075768652 0.3581519166422923 0.3614242257077193
-9999.0 -9999.0 -9999.0 -9999.0 -9999.0 -9999.0 -9999.0 -9999.0 -9999.0 -9999.0 -9999.0 -9999.0 -9999.0 -9999.0 0.3113109298871797 0.3113109298871797 0.3113109298871797 0.3113109298871797 0.3113109298871797 0.3113109298871797 0.3113109298871797 0.3113109298871797 0.3113109298871797 0.3113109298871797 0.3113109298871797 0.3113109298871797 0.3113109298871797 0.8326652127505553 0.7901121243607525 0.7475590359709497 0.705005947581147 0.6624528591913443 0.6198997708015416 0.5773466824117388 0.5347935940219362 0.49224050563213345 0.4496874172423307 0.407134328852528 0.3645812404627253 0.34415422913553595 0.3473804942466337 0.3506067593577314 0.3538330244688291 0.3570592895799268 0.36028555469102447 0.36351181980212216
-9999.0 -9999.0 -9999.0 -9999.0 -9999.0 -9999.0 -9999.0 -9999.0 -9999.0 -9999.0 -9999.0 0.3113109298871797 0.3113109298871797 0.3113109298871797 0.3113109298871797 0.3113109298871797 0.3113109298871797 0.3113109298871797 0.3113109298871797 0.3113109298871797 0.3113109298871797 0.3113109298871797 0.3113109298871797 0.3113109298871797 0.3113109298871797 0.3113109298871797 0.3113109298871797 0.873868691904171 0.8279450690058082 0.7820214461074455 0.7360978232090827 0.6901742003107199 0.644250577412357 0.5983269545139942 0.5524033316156314 0.5064797087172687 0.46055608581890584 0.41463246292054307 0.3687088400221803 0.3465180869559131 0.34969830811268143 0.3528785292694498 0.35605875042621815 0.3592389715829865 0.36241919273975487 0.36559941389652323
-9999.0 -9999.0 -9999.0 -9999.0 -9999.0 -9999.0 -9999.0 -9999.0 -9999.0 0.3113109298871797 0.3113109298871797 0.3113109298871797 0.3113109298871797 0.3113109298871797 0.3113109298871797 0.06528893561532385 0.13680681194440902 0.20832468827349424 0.2798425646025794 0.35136044093166463 0.4228783172607498 0.494396193589835 0.5659140699189202 0.6374319462480054 0.7089498225770906 0.7804676989061757 0.8519855752353829 0.8670991916000413 0.8219153794195672 0.7767315672390929 0.7315477550586187 0.6863639428781444 0.6411801306976701 0.5959963185171959 0.5508125063367216 0.5056286941562473 0.4604448819757731 0.41526106979529886 0.3700772576148246 0.34784047404104207 0.35013458266000896 0.3524286912789759 0.35472279989794286 0.3570169085169098 0.35931101713587676 0.3616051257548437
-9999.0 -9999.0 -9999.0 -9999.0 -9999.0 -9999.0 -9999.0 -9999.0 -9999.0 0.3113109298871797 0.3113109298871797 0.3113109298871797 0.3113109298871797 0.3113109298871797 0.3113109298871797 0.12385459839888852 0.185031266878248 0.24620793535760752 0.307384603836967 0.3685612723163265 0.429737940795686 0.4909146092750455 0.552091277754405 0.6132679462337645 0.674444614713124 0.7356212831924835 0.7967979516719473 0.8090496010893222 0.7689992995047724 0.7289489979202225 0.6888986963356727 0.6488483947511228 0.608798093166573 0.568747791582023 0.5286974899974732 0.4886471884129233 0.44859688682837345 0.4085465852438236 0.3684962836592737 0.3480495945779034 0.3485596103120672 0.3490696260462311 0.34957964178039497 0.3500896575145588 0.35059967324872265 0.35110968898288647
