Figures/CREST_Example_wjb_NSE/Rolling_result/20100722/BJP_forecast/ens_47/wjb.rain.20100728.asc
ncols            288
nrows            254
xllcorner        113.274861
yllcorner        31.4918055
cellsize         0.008333333333
NODATA_value     -9999
[rows 168 to 191 of 254, columns 162 to 215 of 288]
0.0 0.0 0.0 0.0 0.0 0.0 0.0 0.0 0.0 0.0 0.0 0.0 0.0 0.0 0.0 0.0 0.0 0.0 0.0 0.0 0.0 0.0 0.0 0.0 0.0 0.0 0.0 0.0 0.0 0.0 0.0 0.0 0.0 0.0 0.0 0.0 0.0 0.0 0.0 0.0 0.0 0.0 0.0 0.0 0.0 0.0 0.0 0.0 0.0 0.0 0.0 0.0 0.0 0.0
0.04639671639972939 0.05261531192828979 0.05883390745685019 0.0650525029854106 0.07127109851397098 0.07748969404253139 0.08370828957109178 0.08992688509966278 0.09614548062822317 0.10072856564945659 0.10356325293818842 0.10639794022692026 0.10923262751565209 0.11206731480438392 0.11490200209311575 0.11773668938184759 0.12057137667057943 0.12340606395931125 0.1262407512480431 0.12907543853677492 0.1319101258255116 0.128002861725113 0.11688829905267649 0.10577373638023999 0.09465917370780347 0.08354461103536695 0.07243004836293045 0.06131548569049393 0.050200923018057425 0.03908636034562091 0.027971797673184404 0.016857235000747886 0.005742672328311382 0.0 0.0 0.0 0.0 0.0 0.0 0.0 0.0 0.0 0.0 0.0 0.0 0.0 0.0 0.0 0.0 0.0 0.0 0.0 0.0 0.0
0.14238859804304393 0.16147307573495273 0.18055755342686153 0.19964203111877032 0.21872650881067915 0.23781098650258795 0.25689546419449677 0.27597994188643815 0.29506441957834695 0.30912961861664146 0.3178290952230358 0.32652857182943024 0.3352280484358246 0.343927525042219 0.3526270016486134 0.36132647825500774 0.3700259548614021 0.3787254314677965 0.3874249080741909 0.3961243846805853 0.4048238612869945 0.39283271405479697 0.35872282181253023 0.3246129295702635 0.29050303732799676 0.2563931450857301 0.22228325284346334 0.18817336060119663 0.15406346835892992 0.11995357611666319 0.08584368387439645 0.05173379163212971 0.01762389938986303 0.0 0.0 0.0 0.0 0.0 0.0 0.0 0.0 0.0 0.0 0.0 0.0 0.0 0.0 0.0 0.0 0.0 0.0 0.0 0.0 0.0
0.23838047968627657 0.2703308395415228 0.3022811993967691 0.33423155925201536 0.3661819191072616 0.39813227896250786 0.43008263881775416 0.46203299867305486 0.4939833585283011 0.5175306715836487 0.5320949375077006 0.5466592034317527 0.5612234693558046 0.5757877352798565 0.5903520012039085 0.6049162671279604 0.6194805330520123 0.6340447989760644 0.6486090649001163 0.6631733308241683 0.6777375967482451 0.6576625663842555 0.6005573445721781 0.5434521227601008 0.48634690094802335 0.429241679135946 0.3721364573238687 0.3150312355117913 0.25792601369971396 0.20082079188763663 0.14371557007555924 0.0866103482634819 0.029505126451404573 0.0 0.0 0.0 0.0 0.0 0.0 0.0 0.0 0.0 0.0 0.0 0.0 0.0 0.0 0.0 0.0 0.0 0.0 0.0 0.0 0.0
0.33437236132950926 0.37918860334809296 0.4240048453666767 0.46882108738526035 0.5136373294038441 0.5584535714224278 0.6032698134410115 0.6480860554596717 0.6929022974782554 0.725931724550656 0.7463607797923655 0.766789835034075 0.7872188902757846 0.8076479455174941 0.8280770007592037 0.8485060560009132 0.8689351112426227 0.8893641664843321 0.9097932217260417 0.9302222769677513 0.9506513322094956 0.9224924187137139 0.8423918673318259 0.7622913159499379 0.6821907645680501 0.602090213186162 0.521989661804274 0.441889110422386 0.361788559040498 0.28168800765861 0.20158745627672203 0.12148690489483405 0.04138635351294606 0.0 0.0 0.0 0.0 0.0 0.0 0.0 0.0 0.0 0.0 0.0 0.0 0.0 0.0 0.0 0.0 0.0 0.0 0.0 0.0 0.0
0.4303642429727419 0.48804636715466304 0.5457284913365842 0.6034106155185054 0.6610927397004265 0.7187748638823477 0.7764569880642689 0.8341391122462884 0.8918212364282094 0.9343327775176633 0.9606266220770303 0.9869204666363974 1.0132143111957645 1.0395081557551316 1.0658020003144988 1.0920958448738658 1.118389689433233 1.1446835339926 1.1709773785519673 1.1972712231113343 1.2235650676707461 1.1873222710431723 1.084226390091474 0.9811305091397752 0.8780346281880766 0.774938747236378 0.6718428662846794 0.5687469853329807 0.4656511043812821 0.36255522342958346 0.2594593424778848 0.1563634615261862 0.05326758057448755 0.0 0.0 0.0 0.0 0.0 0.0 0.0 0.0 0.0 0.0 0.0 0.0 0.0 0.0 0.0 0.0 0.0 0.0 0.0 0.0 0.0
0.5263561246159746 0.5969041309612332 0.6674521373064918 0.7380001436517504 0.808548149997009 0.8790961563422676 0.9496441626875262 1.0201921690329052 1.0907401753781638 1.1427338304846706 1.1748924643616951 1.20705109823872 1.2392097321157445 1.271368365992769 1.3035269998697938 1.3356856337468184 1.3678442676238431 1.4000029015008677 1.4321615353778925 1.464320169254917 1.4964788031319964 1.4521521233726307 1.3260609128511214 1.1999697023296123 1.073878491808103 0.9477872812865937 0.8216960707650846 0.6956048602435753 0.569513649722066 0.4434224392005568 0.3173312286790475 0.19124001815753822 0.06514880763602915 0.0 0.0 0.0 0.0 0.0 0.0 0.0 0.0 0.0 0.0 0.0 0.0 0.0 0.0 0.0 0.0 0.0 0.0 0.0 0.0 0.0
0.6223480062592073 0.7057618947678033 0.7891757832763994 0.8725896717849955 0.9560035602935915 1.0394174488021874 1.1228313373107837 1.206245225819522 1.289659114328118 1.3511348834516779 1.38915830664636 1.4271817298410423 1.4652051530357244 1.5032285762304065 1.5412519994250888 1.579275422619771 1.6172988458144533 1.6553222690091354 1.6933456922038177 1.7313691153984998 1.769392538593247 1.716981975702089 1.5678954356107693 1.4188088955194493 1.2697223554281294 1.1206358153368097 0.9715492752454897 0.8224627351541699 0.6733761950628501 0.5242896549715304 0.3752031148802104 0.22611657478889047 0.07703003469757075 0.0 0.0 0.0 0.0 0.0 0.0 0.0 0.0 0.0 0.0 0.0 0.0 0.0 0.0 0.0 0.0 0.0 0.0 0.0 0.0 0.0
0.7183398879025218 0.8146196585744663 0.9108994292464108 1.007179199918355 1.1034589705902995 1.199738741262244 1.2960185119341885 1.3922982826062973 1.4885780532782418 1.5595359364188628 1.6034241489312075 1.6473123614435523 1.6912005739558973 1.735088786468242 1.7789769989805868 1.8228652114929316 1.8667534240052763 1.910641636517621 1.9545298490299658 1.9984180615423106 2.04230627405473 1.9818118280317734 1.8097299583706232 1.637648088709473 1.465566219048323 1.293484349387173 1.121402479726023 0.9493206100648728 0.7772387404037226 0.6051568707425727 0.4330750010814226 0.2609931314202725 0.08891126175912234 0.0 0.0 0.0 0.0 0.0 0.0 0.0 0.0 0.0 0.0 0.0 0.0 0.0 0.0 0.0 0.0 0.0 0.0 0.0 0.0 0.0
0.8143317695457544 0.9234774223810364 1.0326230752163181 1.1417687280516002 1.2509143808868821 1.360060033722164 1.469205686557446 1.5783513393929138 1.687496992228196 1.76793698938587 1.8176899912158724 1.8674429930458747 1.917195994875877 1.9669489967058793 2.016701998535882 2.066455000365884 2.1162080021958865 2.1659610040258888 2.215714005855891 2.2654670076858934 2.3152200095159805 2.2466416803612312 2.0515644811302707 1.8564872818993101 1.6614100826683493 1.4663328834373885 1.271255684206428 1.0761784849754672 0.8811012857445064 0.6860240865135458 0.49094688728258506 0.2958696880516243 0.10079248882066372 0.0 0.0 0.0 0.0 0.0 0.0 0.0 0.0 0.0 0.0 0.0 0.0 0.0 0.0 0.0 0.0 0.0 0.0 0.0 0.0 0.0
0.9103236511889872 1.0323351861876064 1.1543467211862257 1.2763582561848454 1.3983697911834647 1.520381326182084 1.6423928611807035 1.7644043961795308 1.8864159311781503 1.9763380423528774 2.0319558335005374 2.087573624648197 2.143191415795857 2.198809206943517 2.254426998091177 2.3100447892388365 2.3656625803864966 2.4212803715341567 2.4768981626818163 2.532515953829476 2.588133744977231 2.51147153269069 2.2933990038899186 2.075326475089147 1.857253946288376 1.6391814174876047 1.4211088886868333 1.203036359886062 0.9849638310852906 0.7668913022845194 0.548818773483748 0.33074624468297653 0.11267371588220554 0.0 0.0 0.0 0.0 0.0 0.0 0.0 0.0 0.0 0.0 0.0 0.0 0.0 0.0 0.0 0.0 0.0 0.0 0.0 0.0 0.0
1.00631553283222 1.1411929499941769 1.2760703671561338 1.4109477843180904 1.5458252014800473 1.6807026186420042 1.815580035803961 1.9504574529661478 2.0853348701281047 2.184739095319885 2.2462216757852023 2.3077042562505197 2.369186836715837 2.4306694171811545 2.492151997646472 2.5536345781117893 2.6151171585771067 2.676599739042424 2.7380823195077415 2.799564899973059 2.8610474804384816 2.7763013850201483 2.5352335266495665 2.2941656682789846 2.0530978099084027 1.8120299515378204 1.5709620931672386 1.3298942347966565 1.0888263764260746 0.8477585180554925 0.6066906596849106 0.3656228013143288 0.12455494294374647 0.0 0.0 0.0 0.0 0.0 0.0 0.0 0.0 0.0 0.0 0.0 0.0 0.0 0.0 0.0 0.0 0.0 0.0 0.0 0.0 0.0
1.1023074144754523 1.2500507138007468 1.397794013126041 1.5455373124513354 1.6932806117766295 1.841023911101924 1.988767210427218 2.1365105097527644 2.284253809078059 2.393140148286892 2.460487518069867 2.527834887852842 2.595182257635817 2.6625296274187917 2.729876997201767 2.797224366984742 2.864571736767717 2.931919106550692 2.9992664763336667 3.066613846116642 3.1339612158997316 3.0411312373496067 2.777068049409214 2.513004861468821 2.248941673528429 1.9848784855880361 1.7208152976476436 1.456752109707251 1.1926889217668586 0.9286257338264661 0.6645625458860733 0.40049935794568103 0.1364361700052883 0.0 0.0 0.0 0.0 0.0 0.0 0.0 0.0 0.0 0.0 0.0 0.0 0.0 0.0 0.0 0.0 0.0 0.0 0.0 0.0 0.0
1.1055058634113868 1.2536778538552502 1.4018498442991134 1.5500218347429768 1.69819382518684 1.8463658156307035 1.9945378060745669 2.142709796518683 2.290881786962546 2.4000840701550694 2.4676268546838687 2.5351696392126684 2.602712423741468 2.6702552082702677 2.737797992799067 2.8053407773278667 2.872883561856666 2.9404263463854656 3.0079691309142653 3.075511915443065 3.1430546999719797 3.0499553664830983 2.7851259742956906 2.520296582108283 2.2554671899208754 1.9906377977334677 1.72580840554606 1.4609790133586524 1.1961496211712448 0.9313202289838372 0.6664908367964295 0.40166144460902187 0.13683205242161423 0.00018207868652175631 0.0005588036088513883 0.0009355285311810203 0.0013122534535106522 0.0016889783758402843 0.002065703298169916 0.0024424282204995483 0.0028191531428291804 0.003195878065158812 0.003572602987488444 0.003949327909818076 0.004326052832147708 0.0043386203817961586 0.003961895459465884 0.0035851705371362516 0.0032084456148066196 0.002831720692476988 0.002454995770147356 0.0020782708478177237 0.001701545925488092 0.00132482100315846
1.009513981768154 1.14482009004868 1.280126198329206 1.4154323066097318 1.5507384148902577 1.6860445231707835 1.8213506314513093 1.956656739732066 2.091962848012592 2.191683017188062 2.253361012399204 2.3150390076103458 2.376717002821488 2.43839499803263 2.500072993243772 2.561750988454914 2.6234289836660563 2.685106978877198 2.74678497408834 2.808462969299482 2.870140964510729 2.7851255141536404 2.543291451536043 2.301457388918446 2.059623326300849 1.817789263683252 1.575955201065655 1.3341211384480578 1.0922870758304608 0.8504530132128636 0.6086189505952668 0.3667848879776696 0.1249508253600724 0.0005587880120940395 0.0017149330528794858 0.0028710780936649326 0.004027223134450379 0.005183368175235826 0.006339513216021272 0.007495658256806718 0.008651803297592164 0.009807948338377611 0.010964093379163058 0.012120238419948503 0.01327638346073395 0.013314952478443288 0.01215880743765587 0.011002662396870424 0.009846517356084977 0.008690372315299531 0.007534227274514084 0.006378082233728637 0.00522193719294319 0.004065792152157745
0.9135221001248396 1.035962326242017 1.1584025523591945 1.280842778476372 1.4032830045935494 1.5257232307107267 1.6481634568279042 1.7706036829452905 1.893043909062468 1.983281964220877 2.0390951701143565 2.0949083760078357 2.1507215819013155 2.2065347877947947 2.262347993688274 2.3181611995817537 2.373974405475233 2.4297876113687127 2.485600817262192 2.5414140231556717 2.597227229049246 2.520295661823956 2.3014569287761892 2.082618195728422 1.8637794626806554 1.6449407296328886 1.4261019965851218 1.207263263537355 0.9884245304895882 0.7695857974418214 0.5507470643940544 0.3319083313462876 0.11306959829852081 0.000935497337666644 0.00287106249690857 0.004806627656150496 0.006742192815392422 0.008677757974634348 0.010613323133876274 0.012548888293118201 0.014484453452360126 0.016420018611602052 0.018355583770843977 0.020291148930085906 0.02222671408932783 0.022291284575098075 0.02035571941585285 0.01842015425661092 0.016484589097368996 0.014549023938127072 0.012613458778885145 0.01067789361964322 0.008742328460401292 0.006806763301159369
0.8175302184816069 0.9271045624354468 1.0366789063892867 1.1462532503431269 1.2558275942969668 1.3654019382508067 1.4749762822046468 1.5845506261586737 1.6941249701125136 1.7748809112538695 1.8248293278296914 1.8747777444055134 1.924726160981335 1.974674577557157 2.024622994132979 2.074571410708801 2.124519827284623 2.174468243860445 2.2244166604362667 2.2743650770120887 2.3243134935879954 2.2554658094944973 2.0596224060165413 1.863779002538585 1.667935599060629 1.4720921955826727 1.2762487921047165 1.0804053886267604 0.8845619851488042 0.6887185816708481 0.49287517819289195 0.2970317747149358 0.10118837123697944 0.0013122066632389271 0.004027191940936668 0.0067421772186344086 0.009457162496332149 0.01217214777402989 0.014887133051727631 0.017602118329425372 0.020317103607123112 0.02303208888482085 0.025747074162518594 0.028462059440216333 0.031177044717914073 0.031267616671745206 0.028552631394042835 0.025837646116345096 0.023122660838647356 0.020407675560949613 0.01769269028325187 0.014977705005554131 0.012262719727856392 0.009547734450158652
0.7215383368383743 0.8182467986288768 0.9149552604193794 1.0116637222098819 1.1083721840003844 1.205080645790887 1.3017891075813894 1.398497569372057 1.4952060311625595 1.5664798582868622 1.6105634855450266 1.654647112803191 1.6987307400613554 1.7428143673195198 1.786897994577684 1.8309816218358483 1.8750652490940127 1.9191488763521771 1.9632325036103415 2.0073161308685057 2.0513997581267454 1.9906359571650394 1.8177878832568937 1.6449398093487482 1.4720917354406025 1.299243661532457 1.1263955876243115 0.9535475137161658 0.7806994398080203 0.6078513658998748 0.43500329199172905 0.26215521808358355 0.08930714417543784 0.0016889159888112102 0.005183321384964765 0.00867772678111832 0.012172132177271875 0.01566653757342543 0.019160942969578983 0.02265534836573254 0.026149753761886094 0.029644159158039647 0.0331385645541932 0.03663296995034676 0.040127375346500314 0.04024394876839234 0.036749543372232824 0.03325513797607926 0.029760732579925713 0.026266327183772156 0.022771921787618603 0.01927751639146505 0.015783110995311492 0.012288705599157939
0.6255464551951415 0.7093890348223066 0.7932316144494718 0.8770741940766369 0.960916773703802 1.044759353330967 1.128601932958132 1.2124445125854402 1.2962870922126053 1.358078805319855 1.3962976432603618 1.4345164812008686 1.4727353191413752 1.510954157081882 1.549172995022389 1.5873918329628958 1.6256106709034026 1.6638295088439095 1.702048346784416 1.740267184724923 1.7784860226654948 1.7258061048355808 1.575953360497246 1.426100616158911 1.2762478718205759 1.126395127482241 0.9765423831439061 0.826689638805571 0.676836894467236 0.5269841501289012 0.37713140579056614 0.2272786614522313 0.07742591711389624 0.0020656253143834934 0.006339450828992863 0.010613276343602231 0.014887101858211602 0.01916092737282097 0.02343475288743034 0.027708578402039708 0.031982403916649076 0.03625622943125845 0.04053005494586782 0.04480388046047719 0.04907770597508656 0.04922028086503946 0.044946455350422805 0.04067262983581344 0.03639880432120407 0.0321249788065947 0.027851153291985332 0.02357732777737596 0.019303502262766593 0.015029676748157222
0.5295545735519089 0.6005312710157366 0.6715079684795642 0.7424846659433919 0.8134613634072194 0.8844380608710471 0.9554147583348749 1.0263914557988234 1.0973681532626511 1.1496777523528476 1.182031800975697 1.2143858495985462 1.2467398982213953 1.2790939468442446 1.311447995467094 1.3438020440899432 1.3761560927127925 1.4085101413356416 1.4408641899584909 1.4732182385813402 1.5055722872042445 1.4609762525061225 1.334118837737598 1.207261422969074 1.0804040082005495 0.9535465934320252 0.8266891786635008 0.6998317638949765 0.5729743491264522 0.4461169343579279 0.31925951958940346 0.19240210482087905 0.06554469005235486 0.0024423346399557767 0.007495580273020961 0.012548825906086145 0.01760207153915133 0.022655317172216513 0.027708562805281698 0.03276180843834688 0.037815054071412064 0.04286829970447725 0.047921545337542434 0.05297479097060762 0.058028036603672804 0.0581966129616866 0.0531433673286128 0.04809012169554762 0.04303687606248243 0.03798363042941724 0.03293038479635206 0.02787713916328688 0.02282389353022169 0.01777064789715651
0.43356269190867625 0.49167350720916647 0.5497843225096566 0.6078951378101468 0.666005953110637 0.7241167684111272 0.7822275837116174 0.8403383990122066 0.8984492143126969 0.9412766993858405 0.9677659586910321 0.9942552179962237 1.0207444773014154 1.0472337366066071 1.0737229959117989 1.1002122552169904 1.1267015145221821 1.1531907738273737 1.1796800331325654 1.2061692924377572 1.232658551742994 1.196146400176664 1.0922843149779504 0.9884222297792367 0.8845601445805229 0.7806980593818091 0.6768359741830955 0.5729738889843818 0.4691118037856681 0.3652497185869543 0.26138763338824067 0.15752554818952702 0.05366346299081326 0.0028190439655280597 0.008651709717049058 0.014484375468570057 0.020317041220091054 0.026149706971612053 0.031982372723133055 0.037815038474654054 0.043647704226175046 0.049480369977696045 0.055313035729217044 0.06114570148073804 0.06697836723225904 0.06717294505833372 0.06134027930680278 0.05550761355528178 0.049674947803760784 0.043842282052239785 0.038009616300718786 0.03217695054919779 0.02634428479767679 0.02051161904615579
0.3375708102653617 0.38281574340250346 0.4280606765396452 0.473305609676787 0.5185505428139288 0.5637954759510705 0.6090404090882122 0.6542853422254311 0.699530275362573 0.7328756464186554 0.7535001164061845 0.7741245863937137 0.7947490563812428 0.8153735263687719 0.835997996356301 0.8566224663438302 0.8772469363313593 0.8978714063188884 0.9184958763064175 0.9391203462939466 0.959744816281511 0.93131654784698 0.8504497922180966 0.769583036589213 0.6887162809603296 0.6078495253314461 0.5269827697025626 0.4461160140736792 0.3652492584447956 0.28438250281591215 0.2035157471870287 0.12264899155814524 0.04178223592926178 0.003195753291100665 0.009807839161078143 0.016419925031055622 0.0230320109010331 0.02964409677101058 0.03625618264098806 0.042868268510965535 0.04948035438094302 0.05609244025092049 0.06270452612089797 0.06931661199087545 0.07592869786085293 0.07614927715498852 0.06953719128499977 0.06292510541502229 0.056313019545044814 0.04970093367506734 0.043088847805089855 0.03647676193511238 0.029864676065134897 0.02325259019515742
0.24157892862212899 0.27395797959593327 0.3063370305697376 0.33871608154354194 0.3710951325173462 0.4034741834911505 0.43585323446495483 0.46823228543881434 0.5006113364126187 0.524474593451648 0.5392342741215197 0.5539939547913912 0.5687536354612628 0.5835133161311343 0.5982729968010059 0.6130326774708774 0.6277923581407491 0.6425520388106206 0.6573117194804922 0.6720714001503637 0.6868310808202605 0.6664866955175216 0.6086152694584488 0.5507438433993759 0.49287241734030307 0.43500099128123015 0.3771295652221573 0.31925813916308443 0.26138671310401157 0.2035152870449387 0.1456438609858659 0.08777243492679299 0.02990100886772018 0.003572462616672948 0.010963968605106242 0.018355474593539537 0.02574698058197283 0.03313848657040613 0.04052999255883942 0.04792149854727271 0.055313004535706006 0.06270451052413929 0.07009601651257259 0.07748752250100589 0.08487902848943918 0.08512560925163566 0.07773410326318976 0.07034259727475646 0.06295109128632317 0.055559585297889874 0.04816807930945658 0.04077657332102329 0.033385067332589995 0.0259935613441567
0.14558704697889635 0.16510021578936318 0.18461338459983007 0.20412655341029692 0.22363972222076378 0.24315289103123064 0.2626660598416975 0.28217922865219763 0.3016923974626645 0.3160735404846408 0.3249684318368548 0.3338633231890688 0.3427582145412828 0.35165310589349685 0.36054799724571085 0.36944288859792485 0.37833777995013884 0.38723267130235284 0.39612756265456683 0.40502245400678083 0.41391734535901 0.4016568431880632 0.366780746698801 0.33190465020953874 0.29702855372027653 0.2621524572310143 0.22727636074175206 0.19240026425248982 0.15752416776322758 0.12264807127396538 0.08777197478470311 0.0528958782954409 0.018019781806178636 0.003949171942245231 0.012120098049134338 0.020291024156023445 0.028461950262912556 0.03663287636980166 0.044803802476690774 0.05297472858357988 0.06114565469046899 0.0693165807973581 0.0774875069042472 0.0856584330111363 0.09382935911802542 0.09410194134828279 0.08593101524137975 0.07776008913449063 0.06958916302760153 0.06141823692071242 0.05324731081382331 0.0450763847069342 0.0369054586000451 0.02873453249315598
