Figures/CREST_Example_wjb_NSE/Rolling_result/20100722/BJP_forecast/ens_47/wjb.rain.20091219.asc
ncols            288
nrows            254
xllcorner        113.274861
yllcorner        31.4918055
cellsize         0.008333333333
NODATA_value     -9999
[rows 116 to 144 of 254, columns 198 to 263 of 288]
0.3591169228579637 0.3591169228579637 0.3591169228579637 0.3591169228579637 0.3591169228579637 0.3591169228579637 0.3591169228579637 0.3591169228579637 0.3591169228579637 0.3591169228579637 0.3591169228579637 0.3591169228579637 0.3591169228579637 0.3591169228579637 0.3591169228579637 0.3591169228579637 0.3591169228579637 0.3591169228579637 0.3591169228579637 0.3591169228579637 0.3591169228579637 0.34465289052440573 0.31472648028744565 0.2848000700504345 0.25487365981347443 0.2249472495765143 0.1950208393395542 0.16509442910259411 0.135168018865634 0.10524160862867388 0.0753151983917138 0.04538878815475372 0.01546237791779359 0.0 0.0 0.0 0.0 0.0 0.0 0.0 0.0 0.0 0.0 0.0 0.0 0.0 0.0 0.0 0.0 0.0 0.0 0.0 0.0 0.0 0.0 0.0 0.0 0.0 0.0 0.0 -9999.0 -9999.0 -9999.0 -9999.0 -9999.0 -9999.0
0.40710577844646006 0.40710577844646006 0.40710577844646006 0.40710577844646006 0.40710577844646006 0.40710577844646006 0.40710577844646006 0.40710577844646006 0.40710577844646006 0.40710577844646006 0.40710577844646006 0.40710577844646006 0.40710577844646006 0.40710577844646006 0.40710577844646006 0.40710577844646006 0.40710577844646006 0.40710577844646006 0.40710577844646006 0.40710577844646006 0.40710577844646006 0.39070891500776095 0.3567834334719203 0.3228579519360218 0.28893247040018116 0.25500698886434053 0.2210815073284999 0.18715602579265928 0.15323054425681865 0.11930506272097802 0.08537958118513739 0.05145409964929676 0.01752861811345613 0.0 0.0 0.0 0.0 0.0 0.0 0.0 0.0 0.0 0.0 0.0 0.0 0.0 0.0 0.0 0.0 0.0 0.0 0.0 0.0 0.0 0.0 0.0 0.0 0.0 0.0 0.0 0.0 0.0 -9999.0 -9999.0 -9999.0 -9999.0
0.4550946340349974 0.4550946340349974 0.4550946340349974 0.4550946340349974 0.4550946340349974 0.4550946340349974 0.4550946340349974 0.4550946340349974 0.4550946340349974 0.4550946340349974 0.4550946340349974 0.4550946340349974 0.4550946340349974 0.4550946340349974 0.4550946340349974 0.4550946340349974 0.4550946340349974 0.4550946340349974 0.4550946340349974 0.4550946340349974 0.4550946340349974 0.4367649394911554 0.39884038665643085 0.3609158338216416 0.322991280986917 0.2850667281521925 0.24714217531746785 0.20921762248274328 0.17129306964801871 0.13336851681329415 0.09544396397856952 0.057519411143844956 0.01959485830912039 0.0 0.0 0.0 0.0 0.0 0.0 0.0 0.0 0.0 0.0 0.0 0.0 0.0 0.0 0.0 0.0 0.0 0.0 0.0 0.0 0.0 0.0 0.0 0.0 0.0 0.0 0.0 0.0 0.0 -9999.0 -9999.0 -9999.0 -9999.0
0.5030834896234938 0.5030834896234938 0.5030834896234938 0.5030834896234938 0.5030834896234938 0.5030834896234938 0.5030834896234938 0.5030834896234938 0.5030834896234938 0.5030834896234938 0.5030834896234938 0.5030834896234938 0.5030834896234938 0.5030834896234938 0.5030834896234938 0.5030834896234938 0.5030834896234938 0.5030834896234938 0.5030834896234938 0.5030834896234938 0.5030834896234938 0.4828209639745107 0.44089733984090557 0.39897371570722895 0.3570500915736238 0.3151264674400187 0.27320284330641353 0.23127921917280847 0.18935559503920335 0.14743197090559818 0.10550834677199306 0.06358472263838794 0.021661098504782816 0.0 0.0 0.0 0.0 0.0 0.0 0.0 0.0 0.0 0.0 0.0 0.0 0.0 0.0 0.0 0.0 0.0 0.0 0.0 0.0 0.0 0.0 0.0 0.0 0.0 0.0 0.0 0.0 0.0 0.0 -9999.0 -9999.0 -9999.0
0.5510723452119902 0.5510723452119902 0.5510723452119902 0.5510723452119902 0.5510723452119902 0.5510723452119902 0.5510723452119902 0.5510723452119902 0.5510723452119902 0.5510723452119902 0.5510723452119902 0.5510723452119902 0.5510723452119902 0.5510723452119902 0.5510723452119902 0.5510723452119902 0.5510723452119902 0.5510723452119902 0.5510723452119902 0.5510723452119902 0.5510723452119902 0.5288769884578659 0.48295429302538023 0.4370315975928163 0.3911089021603306 0.34518620672784495 0.29926351129535933 0.25334081586287366 0.207418120430388 0.16149542499790237 0.1155727295654167 0.06965003413293103 0.02372733870044541 0.0 0.0 0.0 0.0 0.0 0.0 0.0 0.0 0.0 0.0 0.0 0.0 0.0 0.0 0.0 0.0 0.0 0.0 0.0 0.0 0.0 0.0 0.0 0.0 0.0 0.0 0.0 0.0 0.0 0.0 0.0 0.0 -9999.0
0.5975026492719135 0.600244095406424 0.6029855415409343 0.6057269876754448 0.6084684338099551 0.6112098799444655 0.6139513260789758 0.6166927722134863 0.6194342183479966 0.6208506687594781 0.6208506687594781 0.6208506687594781 0.6208506687594781 0.6208506687594781 0.6208506687594781 0.6208506687594781 0.6208506687594781 0.6208506687594781 0.6208506687594781 0.6208506687594781 0.6208506687594781 0.5958448737783268 0.544107318050451 0.49236976232248697 0.4406322065946112 0.3888946508667354 0.3371570951388596 0.2854195394109838 0.23368198368310805 0.18194442795523225 0.13020687222735644 0.07846931649948063 0.026731760771604884 0.0 0.0 0.0 0.0 0.0 0.0 0.0 0.0 0.0 0.0 0.0 0.0 0.0 0.0 0.0 0.0 0.0 0.0 0.0 0.0 0.0 0.0 0.0 0.0 0.0 0.0 0.0 0.0 0.0 0.0 0.0 0.0 -9999.0
0.642266960002917 0.6506802853618655 0.659093610720814 0.6675069360797625 0.675920261438711 0.6843335867976594 0.692746912156608 0.7011602375155565 0.709573562874505 0.7139205598906396 0.7139205598906396 0.7139205598906396 0.7139205598906396 0.7139205598906396 0.7139205598906396 0.7139205598906396 0.7139205598906396 0.7139205598906396 0.7139205598906396 0.7139205598906396 0.7139205598906396 0.685166219995791 0.6256728400072971 0.5661794600187016 0.5066860800302075 0.4471927000417135 0.3876993200532195 0.32820594006472553 0.2687125600762315 0.20921918008773754 0.14972580009924352 0.0902324201107495 0.03073904012225548 0.0 0.0 0.0 0.0 0.0 0.0 0.0 0.0 0.0 0.0 0.0 0.0 0.0 0.0 0.0 0.0 0.0 0.0 0.0 0.0 0.0 0.0 0.0 0.0 0.0 0.0 0.0 0.0 0.0 0.0 0.0 0.0 0.0
0.6870312707339205 0.701116475317307 0.7152016799006936 0.7292868844840803 0.7433720890674669 0.7574572936508535 0.77154249823424 0.7856277028176267 0.7997129074010133 0.8069904510218011 0.8069904510218011 0.8069904510218011 0.8069904510218011 0.8069904510218011 0.8069904510218011 0.8069904510218011 0.8069904510218011 0.8069904510218011 0.8069904510218011 0.8069904510218011 0.8069904510218011 0.7744875662132552 0.707238361964143 0.639989157714916 0.5727399534658039 0.5054907492166916 0.43824154496757944 0.3709923407184672 0.303743136469355 0.23649393222024273 0.16924472797113055 0.10199552372201826 0.03474631947290607 0.0 0.0 0.0 0.0 0.0 0.0 0.0 0.0 0.0 0.0 0.0 0.0 0.0 0.0 0.0 0.0 0.0 0.0 0.0 0.0 0.0 0.0 0.0 0.0 0.0 0.0 0.0 0.0 0.0 0.0 0.0 0.0 0.0
0.7317955814649619 0.7515526652727915 0.7713097490806211 0.7910668328884507 0.8108239166962803 0.8305810005041099 0.8503380843119394 0.870095168119769 0.8898522519275985 0.900060342153042 0.900060342153042 0.900060342153042 0.900060342153042 0.900060342153042 0.900060342153042 0.900060342153042 0.900060342153042 0.900060342153042 0.900060342153042 0.900060342153042 0.900060342153042 0.8638089124307956 0.7888038839210586 0.7137988554111936 0.6387938269014566 0.5637887983917196 0.4887837698819825 0.41377874137224546 0.33877371286250846 0.26376868435277134 0.18876365584303434 0.11375862733329734 0.03875359882356022 0.0 0.0 0.0 0.0 0.0 0.0 0.0 0.0 0.0 0.0 0.0 0.0 0.0 0.0 0.0 0.0 0.0 0.0 0.0 0.0 0.0 0.0 0.0 0.0 0.0 0.0 0.0 0.0 0.0 0.0 0.0 0.0 0.0
0.7765598921959654 0.8019888552282332 0.8274178182605009 0.8528467812927685 0.8782757443250362 0.9037047073573039 0.9291336703895716 0.9545626334218393 0.979991596454107 0.9931302332842036 0.9931302332842036 0.9931302332842036 0.9931302332842036 0.9931302332842036 0.9931302332842036 0.9931302332842036 0.9931302332842036 0.9931302332842036 0.9931302332842036 0.9931302332842036 0.9931302332842036 0.95313025864826 0.8703694058779047 0.7876085531074082 0.704847700337053 0.6220868475666976 0.5393259947963425 0.4565651420259872 0.3738042892556319 0.29104343648527664 0.20828258371492137 0.1255217309445661 0.042760878174210815 0.0 0.0 0.0 0.0 0.0 0.0 0.0 0.0 0.0 0.0 0.0 0.0 0.0 0.0 0.0 0.0 0.0 0.0 0.0 0.0 0.0 0.0 0.0 0.0 0.0 0.0 0.0 0.0 0.0 0.0 0.0 0.0 0.0
0.8213242029269688 0.8524250451836746 0.8835258874403804 0.9146267296970862 0.9457275719537921 0.9768284142104978 1.0079292564672038 1.0390300987239094 1.0701309409806152 1.086200124415365 1.086200124415365 1.086200124415365 1.086200124415365 1.086200124415365 1.086200124415365 1.086200124415365 1.086200124415365 1.086200124415365 1.086200124415365 1.086200124415365 1.086200124415365 1.042451604865724 0.9519349278347505 0.8614182508036228 0.7709015737726492 0.6803848967416758 0.5898682197107024 0.4993515426797288 0.4088348656487554 0.31831818861778194 0.2278015115868084 0.13728483455583496 0.04676815752486152 0.0 0.0 0.0 0.0 0.0 0.0 0.0 0.0 0.0 0.0 0.0 0.0 0.0 0.0 0.0 0.0 0.0 0.0 0.0 0.0 0.0 0.0 0.0 0.0 0.0 0.0 0.0 0.0 0.0 0.0 0.0 0.0 0.0
0.8660885136579722 0.9028612351391162 0.9396339566202601 0.976406678101404 1.013179399582548 1.049952121063692 1.086724842544836 1.1234975640259797 1.1602702855071236 1.1792700155465266 1.1792700155465266 1.1792700155465266 1.1792700155465266 1.1792700155465266 1.1792700155465266 1.1792700155465266 1.1792700155465266 1.1792700155465266 1.1792700155465266 1.1792700155465266 1.1792700155465266 1.1317729510831882 1.0335004497915967 0.9352279484998374 0.8369554472082457 0.738682945916654 0.6404104446250624 0.5421379433334707 0.44386544204187894 0.34559294075028724 0.24732043945869564 0.14904793816710393 0.050775436875512225 0.0 0.0 0.0 0.0 0.0 0.0 0.0 0.0 0.0 0.0 0.0 0.0 0.0 0.0 0.0 0.0 0.0 0.0 0.0 0.0 0.0 0.0 0.0 0.0 0.0 0.0 0.0 0.0 0.0 0.0 0.0 0.0 0.0
0.9108528243889756 0.9532974250945577 0.9957420258001398 1.0381866265057218 1.080631227211304 1.123075827916886 1.165520428622468 1.20796502932805 1.250409630033632 1.2723399066776881 1.2723399066776881 1.2723399066776881 1.2723399066776881 1.2723399066776881 1.2723399066776881 1.2723399066776881 1.2723399066776881 1.2723399066776881 1.2723399066776881 1.2723399066776881 1.2723399066776881 1.2210942973006527 1.1150659717484428 1.009037646196052 0.9030093206438421 0.7969809950916322 0.6909526695394224 0.5849243439872124 0.4788960184350025 0.37286769288279265 0.26683936733058267 0.1608110417783728 0.05478271622616293 0.0 0.0 0.0 0.0 0.0 0.0 0.0 0.0 0.0 0.0 0.0 0.0 0.0 0.0 0.0 0.0 0.0 0.0 0.0 0.0 0.0 0.0 0.0 0.0 0.0 0.0 0.0 0.0 0.0 0.0 0.0 0.0 0.0
0.9556171351199791 1.0037336150499994 1.0518500949800194 1.0999665749100398 1.1480830548400598 1.19619953477008 1.2443160147001002 1.2924324946301204 1.3405489745601407 1.3654097978088497 1.3654097978088497 1.3654097978088497 1.3654097978088497 1.3654097978088497 1.3654097978088497 1.3654097978088497 1.3654097978088497 1.3654097978088497 1.3654097978088497 1.3654097978088497 1.3654097978088497 1.310415643518117 1.1966314937052889 1.0828473438922666 0.9690631940794385 0.8552790442666104 0.7414948944537822 0.6277107446409541 0.513926594828126 0.40014244501529783 0.2863582952024697 0.17257414538964166 0.058789995576813414 0.0 0.0 0.0 0.0 0.0 0.0 0.0 0.0 0.0 0.0 0.0 0.0 0.0 0.0 0.0 0.0 0.0 0.0 0.0 0.0 0.0 0.0 0.0 0.0 0.0 0.0 0.0 0.0 0.0 0.0 0.0 0.0 0.0
1.0003814458509825 1.0541698050054409 1.107958164159899 1.1617465233143573 1.2155348824688157 1.269323241623274 1.3231116007777324 1.3768999599321905 1.4306883190866488 1.4584796889400111 1.4584796889400111 1.4584796889400111 1.4584796889400111 1.4584796889400111 1.4584796889400111 1.4584796889400111 1.4584796889400111 1.4584796889400111 1.4584796889400111 1.4584796889400111 1.4584796889400111 1.399736989735581 1.2781970156621347 1.1566570415884811 1.0351170675150347 0.9135770934415884 0.7920371193681421 0.6704971452946958 0.5489571712212494 0.42741719714780313 0.3058772230743567 0.18433724900091053 0.06279727492746412 0.0 0.0 0.0 0.0 0.0 0.0 0.0 0.0 0.0 0.0 0.0 0.0 0.0 0.0 0.0 0.0 0.0 0.0 0.0 0.0 0.0 0.0 0.0 0.0 0.0 0.0 0.0 0.0 0.0 0.0 0.0 0.0 0.0
1.0451457565820241 1.1046059949609253 1.1640662333398266 1.2235264717187277 1.282986710097629 1.3424469484765305 1.4019071868554316 1.4613674252343327 1.520827663613234 1.551549580071252 1.551549580071252 1.551549580071252 1.551549580071252 1.551549580071252 1.551549580071252 1.551549580071252 1.551549580071252 1.551549580071252 1.551549580071252 1.551549580071252 1.551549580071252 1.4890583359531213 1.3597625376190503 1.2304667392847586 1.1011709409506876 0.9718751426166163 0.8425793442825452 0.7132835459484741 0.583987747614403 0.45469194928033185 0.3253961509462606 0.1961003526121896 0.06680455427811838 0.0 0.0 0.0 0.0 0.0 0.0 0.0 0.0 0.0 0.0 0.0 0.0 0.0 0.0 0.0 0.0 0.0 0.0 0.0 0.0 0.0 0.0 0.0 0.0 0.0 0.0 0.0 0.0 0.0 0.0 0.0 0.0 0.0
1.0899100673130275 1.155042184916367 1.2201743025197063 1.2853064201230455 1.350438537726385 1.4155706553297245 1.4807027729330637 1.5458348905364032 1.6109670081397427 1.6446194712024136 1.6446194712024136 1.6446194712024136 1.6446194712024136 1.6446194712024136 1.6446194712024136 1.6446194712024136 1.6446194712024136 1.6446194712024136 1.6446194712024136 1.6446194712024136 1.6446194712024136 1.5783796821705858 1.4413280595758964 1.3042764369809734 1.1672248143862838 1.0301731917915946 0.8931215691969051 0.7560699466022158 0.6190183240075264 0.48196670141283704 0.34491507881814765 0.20786345622345825 0.07081183362876886 0.0 0.0 0.0 0.0 0.0 0.0 0.0 0.0 0.0 0.0 0.0 0.0 0.0 0.0 0.0 0.0 0.0 0.0 0.0 0.0 0.0 0.0 0.0 0.0 0.0 0.0 0.0 0.0 0.0 0.0 0.0 0.0 0.0
1.0693819472954336 1.1345650559183378 1.1997481645412422 1.2649312731641464 1.3301143817870509 1.395297490409955 1.4604805990328593 1.5256637076557635 1.5908468162786678 1.62452562538175 1.62452562538175 1.62452562538175 1.62452562538175 1.62452562538175 1.62452562538175 1.62452562538175 1.62452562538175 1.62452562538175 1.62452562538175 1.62452562538175 1.62452562538175 1.5590951494653904 1.4237180140223558 1.2883408785790902 1.1529637431360555 1.017586607693021 0.882209472249986 0.7468323368069513 0.6114552013639165 0.47607806592088187 0.3407009304778472 0.20532379503481235 0.0699466595917777 0.0 0.0 0.0 0.0 0.0 0.0 0.0 0.0 0.0 0.0 0.0 0.0 0.0 0.0 0.0 0.0 0.0 0.0 0.0 0.0 0.0 0.0 0.0 0.0 0.0 0.0 0.0 0.0 0.0 0.0 0.0 0.0 0.0
0.9790603348773474 1.038286059372606 1.0975117838678647 1.1567375083631233 1.215963232858382 1.2751889573536406 1.3344146818488993 1.3936404063441579 1.4528661308394164 1.483466878662092 1.483466878662092 1.483466878662092 1.483466878662092 1.483466878662092 1.483466878662092 1.483466878662092 1.483466878662092 1.483466878662092 1.483466878662092 1.483466878662092 1.483466878662092 1.423717778764571 1.300095538881035 1.1764732989972881 1.052851059113752 0.9292288192302163 0.8056065793466802 0.6819843394631443 0.5583620995796084 0.4347398596960723 0.3111176198125363 0.18749537992900045 0.0638731400454644 0.0 0.0 0.0 0.0 0.0 0.0 0.0 0.0 0.0 0.0 0.0 0.0 0.0 0.0 0.0 0.0 0.0 0.0 0.0 0.0 0.0 0.0 0.0 0.0 0.0 0.0 0.0 0.0 0.0 0.0 0.0 0.0 0.0
0.8887387224592611 0.9420070628268742 0.9952754031944873 1.0485437435621003 1.1018120839297132 1.1550804242973263 1.2083487646649393 1.2616171050325524 1.3148854454001655 1.3424081319424341 1.3424081319424341 1.3424081319424341 1.3424081319424341 1.3424081319424341 1.3424081319424341 1.3424081319424341 1.3424081319424341 1.3424081319424341 1.3424081319424341 1.3424081319424341 1.3424081319424341 1.2883404080637515 1.1764730637397143 1.0646057194154863 0.9527383750914491 0.8408710307674119 0.7290036864433747 0.6171363421193374 0.5052689977953002 0.3934016534712629 0.28153430914722577 0.16966696482318855 0.057799620499151105 0.0 0.0 0.0 0.0 0.0 0.0 0.0 0.0 0.0 0.0 0.0 0.0 0.0 0.0 0.0 0.0 0.0 0.0 0.0 0.0 0.0 0.0 0.0 0.0 0.0 0.0 0.0 0.0 0.0 0.0 0.0 0.0 0.0
0.798417110041175 0.8457280662811424 0.8930390225211098 0.9403499787610772 0.9876609350010446 1.034971891241012 1.0822828474809794 1.1295938037209468 1.1769047599609141 1.2013493852227761 1.2013493852227761 1.2013493852227761 1.2013493852227761 1.2013493852227761 1.2013493852227761 1.2013493852227761 1.2013493852227761 1.2013493852227761 1.2013493852227761 1.2013493852227761 1.2013493852227761 1.152963037362932 1.0528505885983936 0.9527381398336844 0.8526256910691459 0.7525132423046074 0.6524007935400689 0.5522883447755303 0.45217589601099195 0.35206344724645344 0.25195099848191493 0.15183854971737643 0.05172610095283803 0.0 0.0 0.0 0.0 0.0 0.0 0.0 0.0 0.0 0.0 0.0 0.0 0.0 0.0 0.0 0.0 0.0 0.0 0.0 0.0 0.0 0.0 0.0 0.0 0.0 0.0 0.0 0.0 0.0 0.0 0.0 0.0 0.0
0.7080954976230117 0.7494490697353284 0.7908026418476451 0.8321562139599619 0.8735097860722786 0.9148633581845953 0.956216930296912 0.9975705024092287 1.0389240745215456 1.060290638502998 1.060290638502998 1.060290638502998 1.060290638502998 1.060290638502998 1.060290638502998 1.060290638502998 1.060290638502998 1.060290638502998 1.060290638502998 1.060290638502998 1.060290638502998 1.0175856666619971 0.9292281134569675 0.8408705602517871 0.7525130070467574 0.6641554538417277 0.575797900636698 0.4874403474316682 0.3990827942266385 0.3107252410216088 0.22236768781657912 0.13401013461154931 0.04565258140651962 0.0 0.0 0.0 0.0 0.0 0.0 0.0 0.0 0.0 0.0 0.0 0.0 0.0 0.0 0.0 0.0 0.0 0.0 0.0 0.0 0.0 0.0 0.0 0.0 0.0 0.0 0.0 0.0 0.0 0.0 0.0 0.0 0.0
0.6177738852049255 0.6531700731895966 0.6885662611742677 0.7239624491589388 0.7593586371436098 0.794754825128281 0.8301510131129521 0.8655472010976232 0.9009433890822942 0.9192318917833401 0.9192318917833401 0.9192318917833401 0.9192318917833401 0.9192318917833401 0.9192318917833401 0.9192318917833401 0.9192318917833401 0.9192318917833401 0.9192318917833401 0.9192318917833401 0.9192318917833401 0.8822082959611778 0.8056056383156468 0.7290029806699851 0.6524003230244542 0.5757976653789233 0.4991950077333923 0.42259235008786133 0.34598969244233035 0.2693870347967994 0.1927843771512684 0.11618171950573741 0.039579061860206544 0.0 0.0 0.0 0.0 0.0 0.0 0.0 0.0 0.0 0.0 0.0 0.0 0.0 0.0 0.0 0.0 0.0 0.0 0.0 0.0 0.0 0.0 0.0 0.0 0.0 0.0 0.0 0.0 0.0 0.0 0.0 0.0 0.0
0.5274522727868393 0.5568910766438647 0.5863298805008902 0.6157686843579158 0.6452074882149412 0.6746462920719667 0.7040850959289922 0.7335238997860176 0.7629627036430431 0.7781731450636822 0.7781731450636822 0.7781731450636822 0.7781731450636822 0.7781731450636822 0.7781731450636822 0.7781731450636822 0.7781731450636822 0.7781731450636822 0.7781731450636822 0.7781731450636822 0.7781731450636822 0.7468309252603583 0.6819831631743261 0.6171354010881833 0.552287639002151 0.4874398769161189 0.42259211483008663 0.3577443527440544 0.2928965906580222 0.22804882857199005 0.16320106648595778 0.09835330439992551 0.033505542313893355 0.0 0.0 0.0 0.0 0.0 0.0 0.0 0.0 0.0 0.0 0.0 0.0 0.0 0.0 0.0 0.0 0.0 0.0 0.0 0.0 0.0 0.0 0.0 0.0 0.0 0.0 0.0 0.0 0.0 0.0 0.0 0.0 0.0
0.43713066036875303 0.4606120800981329 0.48409349982751276 0.5075749195568926 0.5310563392862725 0.5545377590156524 0.5780191787450322 0.6015005984744121 0.624982018203792 0.6371143983440243 0.6371143983440243 0.6371143983440243 0.6371143983440243 0.6371143983440243 0.6371143983440243 0.6371143983440243 0.6371143983440243 0.6371143983440243 0.6371143983440243 0.6371143983440243 0.6371143983440243 0.6114535545595389 0.5583606880330054 0.5052678215063814 0.45217495497984794 0.3990820884533145 0.345989221926781 0.29289635540024755 0.23980348887371405 0.1867106223471806 0.13361775582064717 0.08052488929411361 0.027432022767580166 0.0 0.0 0.0 0.0 0.0 0.0 0.0 0.0 0.0 0.0 0.0 0.0 0.0 0.0 0.0 0.0 0.0 0.0 0.0 0.0 0.0 0.0 0.0 0.0 0.0 0.0 0.0 0.0 0.0 0.0 0.0 0.0 0.0
0.3468090479506668 0.36433308355240107 0.38185711915413534 0.39938115475586955 0.41690519035760376 0.4344292259593381 0.4519532615610723 0.4694772971628065 0.48700133276454083 0.4960556516243664 0.4960556516243664 0.4960556516243664 0.4960556516243664 0.4960556516243664 0.4960556516243664 0.4960556516243664 0.4960556516243664 0.4960556516243664 0.4960556516243664 0.4960556516243664 0.4960556516243664 0.47607618385871947 0.43473821289168474 0.3934002419245795 0.35206227095754483 0.3107242999905101 0.26938632902347537 0.22804835805644064 0.1867103870894059 0.14537241612237123 0.1040344451553365 0.06269647418830177 0.021358503221267033 0.0 0.0 0.0 0.0 0.0 0.0 0.0 0.0 0.0 0.0 0.0 0.0 0.0 0.0 0.0 0.0 0.0 0.0 0.0 0.0 0.0 0.0 0.0 0.0 0.0 0.0 0.0 0.0 0.0 0.0 0.0 0.0 0.0
0.2564874355325806 0.2680540870066692 0.27962073848075786 0.29118738995484644 0.3027540414289351 0.3143206929030237 0.3258873443771123 0.33745399585120095 0.3490206473252896 0.3549969049047084 0.3549969049047084 0.3549969049047084 0.3549969049047084 0.3549969049047084 0.3549969049047084 0.3549969049047084 0.3549969049047084 0.3549969049047084 0.3549969049047084 0.3549969049047084 0.3549969049047084 0.34069881315789996 0.311115737750364 0.2815326623427776 0.2519495869352416 0.22236651152770562 0.19278343612016965 0.1632003607126337 0.13361728530509773 0.10403420989756174 0.07445113449002577 0.04486805908248981 0.015284983674953845 0.0 0.0 0.0 0.0 0.0 0.0 0.0 0.0 0.0 0.0 0.0 0.0 0.0 0.0 0.0 0.0 0.0 0.0 0.0 0.0 0.0 0.0 0.0 0.0 0.0 0.0 0.0 0.0 0.0 0.0 0.0 0.0 0.0
0.16616582311449438 0.17177509046093736 0.17738435780738038 0.1829936251538234 0.1886028925002664 0.19421215984670942 0.1998214271931524 0.20543069453959542 0.21103996188603844 0.21393815818505055 0.21393815818505055 0.21393815818505055 0.21393815818505055 0.21393815818505055 0.21393815818505055 0.21393815818505055 0.21393815818505055 0.21393815818505055 0.21393815818505055 0.21393815818505055 0.21393815818505055 0.20532144245708053 0.1874932626090433 0.1696650827609757 0.15183690291293847 0.13400872306490125 0.11618054321686401 0.09835236336882679 0.08052418352078958 0.06269600367275235 0.04486782382471513 0.027039643976677907 0.009211464128640684 0.0 0.0 0.0 0.0 0.0 0.0 0.0 0.0 0.0 0.0 0.0 0.0 0.0 0.0 0.0 0.0 0.0 0.0 0.0 0.0 0.0 0.0 0.0 0.0 0.0 0.0 0.0 0.0 0.0 0.0 0.0 0.0 0.0
0.07584421069633111 0.07549609391512342 0.07514797713391574 0.07479986035270805 0.07445174357150036 0.07410362679029267 0.07375551000908498 0.07340739322787729 0.0730592764466696 0.07287941146527235 0.07287941146527235 0.07287941146527235 0.07287941146527235 0.07287941146527235 0.07287941146527235 0.07287941146527235 0.07287941146527235 0.07287941146527235 0.07287941146527235 0.07287941146527235 0.07287941146527235 0.06994407175614564 0.0638707874676172 0.05779750317907839 0.05172421889054994 0.04565093460202149 0.03957765031349304 0.033504366024964594 0.027431081736436144 0.021357797447907695 0.015284513159379245 0.009211228870850796 0.0031379445823223467 0.0 0.0 0.0 0.0 0.0 0.0 0.0 0.0 0.0 0.0 0.0 0.0 0.0 0.0 0.0 0.0 0.0 0.0 0.0 0.0 0.0 0.0 0.0 0.0 0.0 0.0 0.0 0.0 0.0 0.0 0.0 0.0 0.0
