Figures/CREST_Example_wjb_NSE/Rolling_result/20100722/BJP_forecast/ens_47/wjb.rain.20100713.asc
ncols            288
nrows            254
xllcorner        113.274861
yllcorner        31.4918055
cellsize         0.008333333333
NODATA_value     -9999
[rows 231 to 251 of 254, columns 188 to 234 of 288]
4.797912871556724 4.703309184035733 4.608705496514742 4.514101808993751 4.419498121472761 4.324894433951769 4.230290746430779 4.200056900526095 4.2386358718136465 4.277214843101199 4.315793814388751 4.354372785676303 4.392951756963856 4.431530728251408 4.47010969953896 4.508688670826513 4.547267642114065 4.585846613401617 4.624425584689169 4.644358567893505 4.644358567893505 4.644358567893505 4.644358567893505 4.644358567893505 4.644358567893505 4.644358567893505 4.644358567893505 4.644358567893505 4.644358567893505 4.644358567893505 4.644358567893505 4.542496659451928 4.3317420656261225 4.120987471799958 3.9102328779741526 3.6994782841483476 3.4887236903225425 3.2779690964967374 3.0672145026709323 2.8564599088451272 2.645705315019322 2.434950721193517 2.224196127367712 2.1153034418821335 2.1153034418821335 2.1153034418821335 2.1153034418821335
4.797912871556724 4.703309184035733 4.608705496514742 4.514101808993751 4.419498121472761 4.324894433951769 4.230290746430779 4.200056900526095 4.2386358718136465 4.277214843101199 4.315793814388751 4.354372785676303 4.392951756963856 4.431530728251408 4.47010969953896 4.508688670826513 4.547267642114065 4.585846613401617 4.624425584689169 4.644358567893505 4.644358567893505 4.644358567893505 4.644358567893505 4.644358567893505 4.644358567893505 4.644358567893505 4.644358567893505 4.644358567893505 4.644358567893505 4.644358567893505 4.644358567893505 4.542496659451928 4.3317420656261225 4.120987471799958 3.9102328779741526 3.6994782841483476 3.4887236903225425 3.2779690964967374 3.0672145026709323 2.8564599088451272 2.645705315019322 2.434950721193517 2.224196127367712 2.1153034418821335 2.1153034418821335 2.1153034418821335 -9999.0
4.797912871556724 4.703309184035733 4.608705496514742 4.514101808993751 4.419498121472761 4.324894433951769 4.230290746430779 4.200056900526095 4.2386358718136465 4.277214843101199 4.315793814388751 4.354372785676303 4.392951756963856 4.431530728251408 4.47010969953896 4.508688670826513 4.547267642114065 4.585846613401617 4.624425584689169 4.644358567893505 4.644358567893505 4.644358567893505 4.644358567893505 4.644358567893505 4.644358567893505 4.644358567893505 4.644358567893505 4.644358567893505 4.644358567893505 4.644358567893505 4.644358567893505 4.542496659451928 4.3317420656261225 4.120987471799958 3.9102328779741526 3.6994782841483476 3.4887236903225425 3.2779690964967374 3.0672145026709323 2.8564599088451272 2.645705315019322 2.434950721193517 2.224196127367712 -9999.0 -9999.0 -9999.0 -9999.0
4.797912871556724 4.703309184035733 4.608705496514742 4.514101808993751 4.419498121472761 4.324894433951769 4.230290746430779 4.200056900526095 4.2386358718136465 4.277214843101199 4.315793814388751 4.354372785676303 4.392951756963856 4.431530728251408 4.47010969953896 4.508688670826513 4.547267642114065 4.585846613401617 4.624425584689169 4.644358567893505 4.644358567893505 4.644358567893505 4.644358567893505 4.644358567893505 4.644358567893505 4.644358567893505 4.644358567893505 4.644358567893505 4.644358567893505 4.644358567893505 4.644358567893505 4.542496659451928 4.3317420656261225 4.120987471799958 3.9102328779741526 3.6994782841483476 3.4887236903225425 3.2779690964967374 3.0672145026709323 2.8564599088451272 2.645705315019322 2.434950721193517 -9999.0 -9999.0 -9999.0 -9999.0 -9999.0
4.797912871556724 4.703309184035733 4.608705496514742 4.514101808993751 4.419498121472761 4.324894433951769 4.230290746430779 4.200056900526095 4.2386358718136465 4.277214843101199 4.315793814388751 4.354372785676303 4.392951756963856 4.431530728251408 4.47010969953896 4.508688670826513 4.547267642114065 4.585846613401617 4.624425584689169 4.644358567893505 4.644358567893505 4.644358567893505 4.644358567893505 4.644358567893505 4.644358567893505 4.644358567893505 4.644358567893505 4.644358567893505 4.644358567893505 4.644358567893505 4.644358567893505 4.542496659451928 4.3317420656261225 4.120987471799958 3.9102328779741526 3.6994782841483476 3.4887236903225425 3.2779690964967374 3.0672145026709323 2.8564599088451272 2.645705315019322 2.434950721193517 -9999.0 -9999.0 -9999.0 -9999.0 -9999.0
4.797912871556724 4.703309184035733 4.608705496514742 4.514101808993751 4.419498121472761 4.324894433951769 4.230290746430779 4.200056900526095 4.2386358718136465 4.277214843101199 4.315793814388751 4.354372785676303 4.392951756963856 4.431530728251408 4.47010969953896 4.508688670826513 4.547267642114065 4.585846613401617 4.624425584689169 4.644358567893505 4.644358567893505 4.644358567893505 4.644358567893505 4.644358567893505 4.644358567893505 4.644358567893505 4.644358567893505 4.644358567893505 4.644358567893505 4.644358567893505 4.644358567893505 4.542496659451928 4.3317420656261225 4.120987471799958 3.9102328779741526 3.6994782841483476 3.4887236903225425 3.2779690964967374 3.0672145026709323 2.8564599088451272 -9999.0 -9999.0 -9999.0 -9999.0 -9999.0 -9999.0 -9999.0
4.797912871556724 4.703309184035733 4.608705496514742 4.514101808993751 4.419498121472761 4.324894433951769 4.230290746430779 4.200056900526095 4.2386358718136465 4.277214843101199 4.315793814388751 4.354372785676303 4.392951756963856 4.431530728251408 4.47010969953896 4.508688670826513 4.547267642114065 4.585846613401617 4.624425584689169 4.644358567893505 4.644358567893505 4.644358567893505 4.644358567893505 4.644358567893505 4.644358567893505 4.644358567893505 4.644358567893505 4.644358567893505 4.644358567893505 4.644358567893505 4.644358567893505 4.542496659451928 4.3317420656261225 4.120987471799958 3.9102328779741526 3.6994782841483476 3.4887236903225425 3.2779690964967374 3.0672145026709323 2.8564599088451272 -9999.0 -9999.0 -9999.0 -9999.0 -9999.0 -9999.0 -9999.0
4.797912871556724 4.703309184035733 4.608705496514742 4.514101808993751 4.419498121472761 4.324894433951769 4.230290746430779 4.200056900526095 4.2386358718136465 4.277214843101199 4.315793814388751 4.354372785676303 4.392951756963856 4.431530728251408 4.47010969953896 4.508688670826513 4.547267642114065 4.585846613401617 4.624425584689169 4.644358567893505 4.644358567893505 4.644358567893505 4.644358567893505 4.644358567893505 4.644358567893505 4.644358567893505 4.644358567893505 4.644358567893505 4.644358567893505 4.644358567893505 4.644358567893505 4.542496659451928 4.3317420656261225 4.120987471799958 3.9102328779741526 3.6994782841483476 3.4887236903225425 3.2779690964967374 3.0672145026709323 2.8564599088451272 -9999.0 -9999.0 -9999.0 -9999.0 -9999.0 -9999.0 -9999.0
4.797912871556724 4.703309184035733 4.608705496514742 4.514101808993751 4.419498121472761 4.324894433951769 4.230290746430779 4.200056900526095 4.2386358718136465 4.277214843101199 4.315793814388751 4.354372785676303 4.392951756963856 4.431530728251408 4.47010969953896 4.508688670826513 4.547267642114065 4.585846613401617 4.624425584689169 4.644358567893505 4.644358567893505 4.644358567893505 4.644358567893505 4.644358567893505 4.644358567893505 4.644358567893505 4.644358567893505 4.644358567893505 4.644358567893505 4.644358567893505 4.644358567893505 4.542496659451928 4.3317420656261225 4.120987471799958 3.9102328779741526 3.6994782841483476 3.4887236903225425 3.2779690964967374 3.0672145026709323 -9999.0 -9999.0 -9999.0 -9999.0 -9999.0 -9999.0 -9999.0 -9999.0
4.797912871556724 4.703309184035733 4.608705496514742 4.514101808993751 4.419498121472761 4.324894433951769 4.230290746430779 4.200056900526095 4.2386358718136465 4.277214843101199 4.315793814388751 4.354372785676303 4.392951756963856 4.431530728251408 4.47010969953896 4.508688670826513 4.547267642114065 4.585846613401617 4.624425584689169 4.644358567893505 4.644358567893505 4.644358567893505 4.644358567893505 4.644358567893505 4.644358567893505 4.644358567893505 4.644358567893505 4.644358567893505 4.644358567893505 4.644358567893505 4.644358567893505 4.542496659451928 4.3317420656261225 4.120987471799958 3.9102328779741526 3.6994782841483476 3.4887236903225425 3.2779690964967374 3.0672145026709323 -9999.0 -9999.0 -9999.0 -9999.0 -9999.0 -9999.0 -9999.0 -9999.0
4.859827744244077 4.768315955708278 4.676804167172479 4.585292378636681 4.493780590100882 4.402268801565084 4.310757013029285 4.284958512917205 4.3294090050328045 4.373859497148405 4.418309989264005 4.462760481379604 4.507210973495204 4.551661465610803 4.596111957726404 4.640562449842003 4.685012941957603 4.729463434073202 4.773913926188802 4.796880606823198 4.796880606823198 4.796880606823198 4.796880606823198 4.796880606823198 4.796880606823198 4.796880606823198 4.796880606823198 4.796880606823198 4.796880606823198 4.796880606823198 4.796880606823198 4.694443918227406 4.4825000912545505 4.270556264281334 4.058612437308479 3.8466686103356236 -9999.0 -9999.0 -9999.0 -9999.0 -9999.0 -9999.0 -9999.0 -9999.0 -9999.0 -9999.0 -9999.0
4.987925713832423 4.902810869439195 4.817696025045968 4.73258118065274 4.647466336259512 4.562351491866284 4.477236647473057 4.46061459828132 4.517212896954911 4.573811195628501 4.630409494302091 4.687007792975682 4.743606091649272 4.800204390322862 4.856802688996452 4.913400987670043 4.969999286343633 5.026597585017223 5.083195883690814 5.112439093118191 5.112439093118191 5.112439093118191 5.112439093118191 5.112439093118191 5.112439093118191 5.112439093118191 5.112439093118191 5.112439093118191 5.112439093118191 5.112439093118191 5.112439093118191 5.00881322060715 4.794408945200951 4.580004669794386 4.365600394388187 4.1511961189819875 -9999.0 -9999.0 -9999.0 -9999.0 -9999.0 -9999.0 -9999.0 -9999.0 -9999.0 -9999.0 -9999.0
5.116023683420824 5.0373057831701695 4.958587882919516 4.879869982668861 4.8011520824182075 4.722434182167554 4.643716281916899 4.6362706836455105 4.705016788877097 4.773762894108682 4.842508999340268 4.911255104571854 4.98000120980344 5.048747315035025 5.117493420266611 5.1862395254981974 5.2549856307297835 5.323731735961369 5.392477841192955 5.427997579413317 5.427997579413317 5.427997579413317 5.427997579413317 5.427997579413317 5.427997579413317 5.427997579413317 5.427997579413317 -9999.0 -9999.0 -9999.0 -9999.0 5.323182522987026 5.106317799147482 -9999.0 -9999.0 -9999.0 -9999.0 -9999.0 -9999.0 -9999.0 -9999.0 -9999.0 -9999.0 -9999.0 -9999.0 -9999.0 -9999.0
5.244121653009169 5.171800696901086 5.099479740793003 5.02715878468492 4.954837828576837 4.882516872468754 4.81019591636067 4.811926769009625 4.892820680799201 4.973714592588778 5.054608504378354 5.135502416167931 5.216396327957507 5.297290239747084 5.37818415153666 5.459078063326237 5.539971975115813 5.620865886905389 5.701759798694966 5.74355606570831 5.74355606570831 5.74355606570831 5.74355606570831 5.74355606570831 5.74355606570831 5.74355606570831 5.74355606570831 -9999.0 -9999.0 -9999.0 -9999.0 -9999.0 -9999.0 -9999.0 -9999.0 -9999.0 -9999.0 -9999.0 -9999.0 -9999.0 -9999.0 -9999.0 -9999.0 -9999.0 -9999.0 -9999.0 -9999.0
5.372219622597515 5.306295610632003 5.240371598666491 5.174447586700979 5.108523574735466 5.042599562769954 4.976675550804442 4.98758285437374 5.080624572721307 5.173666291068875 5.266708009416441 5.359749727764008 5.452791446111575 5.545833164459142 5.638874882806709 5.731916601154276 5.824958319501842 5.91800003784941 6.011041756196977 6.059114552003303 6.059114552003303 6.059114552003303 6.059114552003303 6.059114552003303 6.059114552003303 6.059114552003303 -9999.0 -9999.0 -9999.0 -9999.0 -9999.0 -9999.0 -9999.0 -9999.0 -9999.0 -9999.0 -9999.0 -9999.0 -9999.0 -9999.0 -9999.0 -9999.0 -9999.0 -9999.0 -9999.0 -9999.0 -9999.0
5.500317592185917 5.440790524362979 5.38126345654004 5.321736388717101 5.262209320894163 5.202682253071224 5.143155185248285 5.163238939737931 5.268428464643494 5.373617989549056 5.478807514454618 5.583997039360181 5.689186564265744 5.794376089171306 5.899565614076868 6.004755138982431 6.109944663887993 6.215134188793556 6.320323713699119 6.374673038298429 6.374673038298429 6.374673038298429 6.374673038298429 6.374673038298429 -9999.0 -9999.0 -9999.0 -9999.0 -9999.0 -9999.0 -9999.0 -9999.0 -9999.0 -9999.0 -9999.0 -9999.0 -9999.0 -9999.0 -9999.0 -9999.0 -9999.0 -9999.0 -9999.0 -9999.0 -9999.0 -9999.0 -9999.0
-9999.0 5.5752854380938945 5.522155314413527 5.469025190733159 5.415895067052792 5.362764943372424 5.309634819692056 5.338895025102046 5.456232356565598 5.573569688029152 5.6909070194927045 5.808244350956258 5.925581682419811 6.042919013883364 6.160256345346917 6.27759367681047 6.394931008274023 6.5122683397375765 6.629605671201129 6.690231524593422 6.690231524593422 6.690231524593422 6.690231524593422 6.690231524593422 -9999.0 -9999.0 -9999.0 -9999.0 -9999.0 -9999.0 -9999.0 -9999.0 -9999.0 -9999.0 -9999.0 -9999.0 -9999.0 -9999.0 -9999.0 -9999.0 -9999.0 -9999.0 -9999.0 -9999.0 -9999.0 -9999.0 -9999.0
-9999.0 -9999.0 5.6630471722870155 5.616313992749219 5.569580813211422 5.522847633673625 5.476114454135828 5.514551110466161 5.644036248487705 5.773521386509248 5.903006524530792 6.032491662552335 6.161976800573878 6.291461938595422 6.420947076616965 6.5504322146385086 6.679917352660052 6.809402490681596 6.93888762870314 7.005790010888414 7.005790010888414 7.005790010888414 7.005790010888414 -9999.0 -9999.0 -9999.0 -9999.0 -9999.0 -9999.0 -9999.0 -9999.0 -9999.0 -9999.0 -9999.0 -9999.0 -9999.0 -9999.0 -9999.0 -9999.0 -9999.0 -9999.0 -9999.0 -9999.0 -9999.0 -9999.0 -9999.0 -9999.0
-9999.0 -9999.0 5.803939030160564 5.76360279476534 5.723266559370117 5.682930323974894 5.6425940885796715 5.690207195830351 5.83184014040989 5.973473084989429 6.1151060295689685 6.256738974148508 6.398371918728047 6.540004863307586 6.681637807887125 6.823270752466664 6.9649036970462035 7.106536641625743 7.2481695862052815 7.321348497183541 7.321348497183541 -9999.0 -9999.0 -9999.0 -9999.0 -9999.0 -9999.0 -9999.0 -9999.0 -9999.0 -9999.0 -9999.0 -9999.0 -9999.0 -9999.0 -9999.0 -9999.0 -9999.0 -9999.0 -9999.0 -9999.0 -9999.0 -9999.0 -9999.0 -9999.0 -9999.0 -9999.0
-9999.0 5.978770179286703 5.944830888034051 5.910891596781399 5.876952305528747 5.843013014276095 5.8090737230234435 5.865863281194466 6.019644032331996 6.1734247834695255 6.327205534607055 6.480986285744585 6.634767036882114 6.788547788019644 6.942328539157174 7.096109290294703 7.2498900414322325 7.403670792569763 7.557451543707292 7.636906983478533 -9999.0 -9999.0 -9999.0 -9999.0 -9999.0 -9999.0 -9999.0 -9999.0 -9999.0 -9999.0 -9999.0 -9999.0 -9999.0 -9999.0 -9999.0 -9999.0 -9999.0 -9999.0 -9999.0 -9999.0 -9999.0 -9999.0 -9999.0 -9999.0 -9999.0 -9999.0 -9999.0
-9999.0 6.11326509301762 6.085722745907539 6.058180398797458 6.030638051687378 6.003095704577296 5.9755533574672155 6.041519366558582 6.207447924254102 6.373376481949622 6.539305039645142 6.705233597340662 6.871162155036182 7.037090712731702 7.203019270427222 7.368947828122742 7.534876385818262 -9999.0 -9999.0 -9999.0 -9999.0 -9999.0 -9999.0 -9999.0 -9999.0 -9999.0 -9999.0 -9999.0 -9999.0 -9999.0 -9999.0 -9999.0 -9999.0 -9999.0 -9999.0 -9999.0 -9999.0 -9999.0 -9999.0 -9999.0 -9999.0 -9999.0 -9999.0 -9999.0 -9999.0 -9999.0 -9999.0
