Figures/CREST_Example_wjb_NSE/Rolling_result/20100722/BJP_forecast/ens_47/wjb.rain.20100504.asc
ncols            288
nrows            254
xllcorner        113.274861
yllcorner        31.4918055
cellsize         0.008333333333
NODATA_value     -9999
[rows 120 to 139 of 254, columns 132 to 175 of 288]
32.836414460469996 32.83959619532493 32.84277793017986 32.98540327559127 33.27709699446247 33.56879071333367 33.86048443220486 34.152178151076065 34.443871869947266 34.73556558881846 35.02725930768966 35.31895302656136 35.610646745432554 35.902340464303755 36.194034183174956 36.34474649555655 36.34474649555655 36.34474649555655 36.34474649555655 36.34474649555655 36.34474649555655 36.34474649555655 36.34474649555655 36.34474649555655 36.34474649555655 36.34474649555655 36.34474649555655 36.57314683587089 37.04571230661402 37.518277777357156 37.99084324810029 38.463408718843425 38.93597418958656 39.408539660329694 39.88110513107283 40.35367060181596 40.8262360725591 41.298801543303036 41.77136701404617 42.01553214470223 42.01553214470223 42.01553214470223 42.01553214470223 42.01553214470223
32.405708122488434 32.42547634469289 32.445244566897344 32.5985655849586 32.894657562334025 33.19074953970945 33.486841517084876 33.7829334944603 34.07902547183573 34.37511744921115 34.67120942658658 34.967301403962516 35.26339338133794 35.55948535871337 35.85557733608879 36.008562140700214 36.008562140700214 36.008562140700214 36.008562140700214 36.008562140700214 36.008562140700214 36.008562140700214 36.008562140700214 36.008562140700214 36.008562140700214 36.008562140700214 36.008562140700214 36.234043196585645 36.70056860180838 37.16709400703112 37.63361941225386 38.1001448174766 38.56667022269934 39.033195627922076 39.499721033144816 39.966246438367556 40.432771843590295 40.89929724881383 41.36582265403657 41.60686700359823 41.60686700359823 41.60686700359823 41.60686700359823 41.60686700359823
32.20124477545556 32.23291958874787 32.26459440204019 32.42013777579526 32.708099442201394 32.996061108607535 33.28402277501367 33.5719844414198 33.859946107825934 34.14790777423207 34.4358694406382 34.72383110704483 35.01179277345096 35.2997544398571 35.58771610626323 35.73650014175523 35.73650014175523 35.73650014175523 35.73650014175523 35.73650014175523 35.73650014175523 35.73650014175523 35.73650014175523 35.73650014175523 35.73650014175523 35.73650014175523 35.73650014175523 35.95280728882882 36.40035166919734 36.847896049565854 37.295440429934374 37.74298481030289 38.190529190671406 38.638073571039925 39.085617951408445 39.53316233177696 39.980706712145476 40.428251092514756 40.875795472883276 41.10703270639342 41.10703270639342 41.10703270639342 41.10703270639342 41.10703270639342
31.996781428422672 32.040362832802856 32.08394423718304 32.24170996663193 32.52154132206877 32.80137267750561 33.08120403294246 33.3610353883793 33.64086674381614 33.92069809925298 34.20052945468982 34.480360810127145 34.760192165563986 35.040023521000826 35.31985487643767 35.464438142810245 35.464438142810245 35.464438142810245 35.464438142810245 35.464438142810245 35.464438142810245 35.464438142810245 35.464438142810245 35.464438142810245 35.464438142810245 35.464438142810245 35.464438142810245 35.671571381072006 36.1001347365863 36.52869809210059 36.95726144761489 37.38582480312918 37.814388158643474 38.242951514157774 38.671514869672066 39.10007822518636 39.52864158070066 39.95720493621568 40.385768291729974 40.607198409188605 40.607198409188605 40.607198409188605 40.607198409188605 40.607198409188605
31.79231808138962 31.847806076857676 31.903294072325735 32.06328215746845 32.33498320193599 32.60668424640353 32.87838529087108 33.15008633533862 33.42178737980616 33.6934884242737 33.96518946874125 34.236890513209254 34.508591557676795 34.78029260214434 35.05199364661188 35.19237614386503 35.19237614386503 35.19237614386503 35.19237614386503 35.19237614386503 35.19237614386503 35.19237614386503 35.19237614386503 35.19237614386503 35.19237614386503 35.19237614386503 35.19237614386503 35.39033547331495 35.799917803975006 36.209500134635064 36.619082465295115 37.02866479595517 37.438247126615224 37.84782945727528 38.25741178793534 38.6669941185954 39.07657644925545 39.4861587799162 39.89574111057626 40.107364111983365 40.107364111983365 40.107364111983365 40.107364111983365 40.107364111983365
31.587854734356743 31.655249320912663 31.722643907468587 31.88485434830512 32.14842508180337 32.41199581530162 32.67556654879987 32.93913728229812 33.20270801579637 33.46627874929462 33.72984948279287 33.99342021629157 34.25699094978982 34.52056168328807 34.78413241678632 34.92031414492005 34.92031414492005 34.92031414492005 34.92031414492005 34.92031414492005 34.92031414492005 34.92031414492005 34.92031414492005 34.92031414492005 34.92031414492005 34.92031414492005 34.92031414492005 35.10909956555813 35.49970087136396 35.890302177169794 36.28090348297563 36.67150478878146 37.0621060945873 37.45270740039313 37.84330870619896 38.2339100120048 38.62451131781063 39.01511262361713 39.40571392942296 39.60752981477855 39.60752981477855 39.60752981477855 39.60752981477855 39.60752981477855
31.38339138732386 31.462692564967647 31.541993742611435 31.706426539141788 31.961866961670744 32.2173073841997 32.47274780672866 32.72818822925762 32.983628651786574 33.23906907431553 33.49450949684449 33.74994991937388 34.00539034190284 34.2608307644318 34.51627118696076 34.648252145975064 34.648252145975064 34.648252145975064 34.648252145975064 34.648252145975064 34.648252145975064 34.648252145975064 34.648252145975064 34.648252145975064 34.648252145975064 34.648252145975064 34.648252145975064 34.82786365780131 35.19948393875292 35.57110421970453 35.94272450065614 36.31434478160775 36.68596506255936 37.05758534351098 37.42920562446259 37.8008259054142 38.17244618636581 38.54406646731805 38.915686748269664 39.10769551757374 39.10769551757374 39.10769551757374 39.10769551757374 39.10769551757374
31.178928040290984 31.270135809022634 31.361343577754283 31.52799872997846 31.775308841538124 32.02261895309779 32.269929064657454 32.51723917621712 32.76454928777678 33.01185939933645 33.259169510896115 33.5064796224562 33.75378973401587 34.00109984557553 34.248409957135195 34.37619014703008 34.37619014703008 34.37619014703008 34.37619014703008 34.37619014703008 34.37619014703008 34.37619014703008 34.37619014703008 34.37619014703008 34.37619014703008 34.37619014703008 34.37619014703008 34.54662775004449 34.89926700614188 35.25190626223927 35.60454551833666 35.95718477443405 36.30982403053143 36.66246328662882 37.01510254272621 37.3677417988236 37.720381054920985 38.07302031101898 38.42565956711637 38.607861220368925 38.607861220368925 38.607861220368925 38.607861220368925 38.607861220368925
30.974464693258103 31.077579053077617 31.18069341289713 31.349570920815125 31.5887507214055 31.82793052199587 32.067110322586245 32.306290123176616 32.54546992376699 32.78464972435736 33.023829524947736 33.26300932553851 33.50218912612889 33.74136892671926 33.98054872730963 34.104128148085096 34.104128148085096 34.104128148085096 34.104128148085096 34.104128148085096 34.104128148085096 34.104128148085096 34.104128148085096 34.104128148085096 34.104128148085096 34.104128148085096 34.104128148085096 34.26539184228767 34.59905007353084 34.932708304774 35.26636653601717 35.60002476726034 35.93368299850351 36.26734122974667 36.60099946098983 36.934657692233 37.268315923476166 37.601974154719905 37.93563238596307 38.10802692316411 38.10802692316411 38.10802692316411 38.10802692316411 38.10802692316411
30.77000134622522 30.885022297132604 31.000043248039983 31.171143111651798 31.402192601272876 31.633242090893958 31.864291580515037 32.095341070136115 32.32639055975719 32.55744004937828 32.78848953899936 33.01953902862083 33.25058851824191 33.48163800786299 33.71268749748407 33.83206614914011 33.83206614914011 33.83206614914011 33.83206614914011 33.83206614914011 33.83206614914011 33.83206614914011 33.83206614914011 33.83206614914011 33.83206614914011 33.83206614914011 33.83206614914011 33.984155934530854 34.2988331409198 34.61351034730874 34.92818755369769 35.24286476008663 35.557541966475576 35.87221917286452 36.18689637925346 36.501573585642404 36.816250792031354 37.13092799842083 37.44560520480978 37.608192625959305 37.608192625959305 37.608192625959305 37.608192625959305 37.608192625959305
30.565537999192344 30.692465541187588 30.81939308318283 30.992715302488463 31.215634481140253 31.43855365979204 31.661472838443828 31.884392017095614 32.1073111957474 32.33023037439919 32.55314955305098 32.77606873170315 32.998987910354934 33.22190708900672 33.444826267658506 33.56000415019513 33.56000415019513 33.56000415019513 33.56000415019513 33.56000415019513 33.56000415019513 33.56000415019513 33.56000415019513 33.56000415019513 33.56000415019513 33.56000415019513 33.56000415019513 33.70292002677404 33.99861620830876 34.294312389843476 34.5900085713782 34.88570475291292 35.181400934447645 35.47709711598237 35.77279329751709 36.068489479051806 36.36418566058653 36.659881842121756 36.95557802365648 37.10835832875449 37.10835832875449 37.10835832875449 37.10835832875449 37.10835832875449
30.36107465215929 30.49990878524241 30.63874291832553 30.814287493324983 31.02907636100747 31.24386522868996 31.45865409637245 31.673442964054935 31.888231831737425 32.103020699419915 32.3178095671024 32.53259843478526 32.74738730246774 32.96217617015023 33.17696503783272 33.287942151249915 33.287942151249915 33.287942151249915 33.287942151249915 33.287942151249915 33.287942151249915 33.287942151249915 33.287942151249915 33.287942151249915 33.287942151249915 33.287942151249915 33.287942151249915 33.42168411901698 33.69839927569746 33.97511443237795 34.25182958905843 34.52854474573891 34.805259902419394 35.081975059099875 35.35869021578036 35.635405372460845 35.912120529141326 36.18883568582228 36.465550842502765 36.60852403154925 36.60852403154925 36.60852403154925 36.60852403154925 36.60852403154925
30.156611305126408 30.307352029297395 30.458092753468378 30.635859684161648 30.842518240874846 31.049176797588043 31.255835354301237 31.462493911014434 31.66915246772763 31.875811024440825 32.08246958115402 32.28912813786757 32.495786694580765 32.702445251293966 32.90910380800716 33.01588015230493 33.01588015230493 33.01588015230493 33.01588015230493 33.01588015230493 33.01588015230493 33.01588015230493 33.01588015230493 33.01588015230493 33.01588015230493 33.01588015230493 33.01588015230493 33.140448211260164 33.398182343086425 33.65591647491268 33.91365060673894 34.1713847385652 34.42911887039146 34.686853002217724 34.944587134043985 35.202321265870246 35.46005539769651 35.7177895295232 35.97552366134946 36.10868973434444 36.10868973434444 36.10868973434444 36.10868973434444 36.10868973434444
30.017659537438234 30.18182501034173 30.345990483245224 30.53114912526026 30.73874993985485 30.946350754449437 31.153951569044025 31.361552383638614 31.569153198233202 31.77675401282779 31.98435482742238 32.19195564201733 32.39955645661191 32.6071572712065 32.81475808580109 32.92202127590656 32.92202127590656 32.92202127590656 32.92202127590656 32.92202127590656 32.92202127590656 32.92202127590656 32.92202127590656 32.92202127590656 32.92202127590656 32.92202127590656 32.92202127590656 33.04087873959422 33.286797520632774 33.532716301671336 33.7786350827099 34.02455386374845 34.27047264478701 34.516391425825574 34.76231020686413 35.00822898790269 35.25414776894125 35.50006654998023 35.74598533101879 35.87304664848795 35.87304664848795 35.87304664848795 35.87304664848795 35.87304664848795
29.948735518184556 30.127948554637214 30.307161591089873 30.505237659714005 30.723478736351776 30.941719812989547 31.159960889627314 31.378201966265085 31.596443042902855 31.814684119540626 32.0329251961784 32.25116627281653 32.46940734945431 32.687648426092075 32.90588950272985 33.018650303490354 33.018650303490354 33.018650303490354 33.018650303490354 33.018650303490354 33.018650303490354 33.018650303490354 33.018650303490354 33.018650303490354 33.018650303490354 33.018650303490354 33.018650303490354 33.135499235760115 33.37726231986016 33.6190254039602 33.86078848806025 34.102551572160294 34.34431465626034 34.58607774036038 34.827840824460424 35.06960390856047 35.31136699266051 35.553130076760965 35.794893160861015 35.919807312807556 35.919807312807556 35.919807312807556 35.919807312807556 35.919807312807556
29.879811498930874 30.074072098932696 30.268332698934515 30.479326194167747 30.708207532848697 30.93708887152965 31.1659702102106 31.39485154889155 31.6237328875725 31.85261422625345 32.0814955649344 32.31037690361574 32.5392582422967 32.768139580977646 32.997020919658596 33.11527933107414 33.11527933107414 33.11527933107414 33.11527933107414 33.11527933107414 33.11527933107414 33.11527933107414 33.11527933107414 33.11527933107414 33.11527933107414 33.11527933107414 33.11527933107414 33.23011973192601 33.46772711908754 33.705334506249066 33.9429418934106 34.18054928057212 34.418156667733655 34.65576405489519 34.89337144205671 35.13097882921824 35.368586216379775 35.606193603541705 35.84380099070324 35.96656797712716 35.96656797712716 35.96656797712716 35.96656797712716 35.96656797712716
29.81088747967719 30.020195643228178 30.22950380677916 30.45341472862149 30.69293632934562 30.932457930069752 31.171979530793884 31.411501131518015 31.65102273224215 31.890544332966282 32.13006593369042 32.369587534414954 32.609109135139086 32.84863073586322 33.08815233658735 33.211908358657936 33.211908358657936 33.211908358657936 33.211908358657936 33.211908358657936 33.211908358657936 33.211908358657936 33.211908358657936 33.211908358657936 33.211908358657936 33.211908358657936 33.211908358657936 33.32474022809191 33.558191918314925 33.79164360853794 34.02509529876095 34.258546988983966 34.49199867920698 34.72545036942999 34.958902059653006 35.19235374987602 35.42580544009903 35.659257130322445 35.892708820545465 36.01332864144677 36.01332864144677 36.01332864144677 36.01332864144677 36.01332864144677
29.741963460423452 29.966319187523613 30.190674914623774 30.42750326307521 30.67766512584253 30.927826988609855 31.177988851377176 31.428150714144497 31.67831257691182 31.928474439679142 32.17863630244646 32.42879816521422 32.67896002798154 32.92912189074886 33.17928375351618 33.30853738624181 33.30853738624181 33.30853738624181 33.30853738624181 33.30853738624181 33.30853738624181 33.30853738624181 33.30853738624181 33.30853738624181 33.30853738624181 33.30853738624181 33.30853738624181 33.419360724257885 33.64865671754238 33.877952710826875 34.10724870411137 34.336544697395865 34.56584069068036 34.795136683964856 35.02443267724935 35.253728670533846 35.48302466381834 35.71232065710323 35.94161665038772 36.06008930576641 36.06008930576641 36.06008930576641 36.06008930576641 36.06008930576641
29.67303944116977 29.912442731819095 30.15184602246842 30.40159179752895 30.662393922339454 30.923196047149958 31.18399817196046 31.444800296770968 31.70560242158147 31.966404546391974 32.22720667120248 32.488008796013425 32.74881092082393 33.00961304563444 33.27041517044494 33.405166413825604 33.405166413825604 33.405166413825604 33.405166413825604 33.405166413825604 33.405166413825604 33.405166413825604 33.405166413825604 33.405166413825604 33.405166413825604 33.405166413825604 33.405166413825604 33.51398122042379 33.739121516769764 33.96426181311574 34.189402109461724 34.4145424058077 34.639682702153685 34.86482299849966 35.089963294845646 35.31510359119162 35.540243887537606 35.76538418388397 35.99052448022995 36.10684997008602 36.10684997008602 36.10684997008602 36.10684997008602 36.10684997008602
29.604115421916088 29.858566276114576 30.113017130313064 30.37568033198269 30.64712271883638 30.918565105690064 31.19000749254375 31.461449879397435 31.73289226625112 32.004334653104806 32.27577703995849 32.54721942681264 32.818661813666324 33.09010420052001 33.361546587373695 33.5017954414094 33.5017954414094 33.5017954414094 33.5017954414094 33.5017954414094 33.5017954414094 33.5017954414094 33.5017954414094 33.5017954414094 33.5017954414094 33.5017954414094 33.5017954414094 33.60860171658968 33.82958631599715 34.05057091540461 34.27155551481208 34.492540114219544 34.71352471362701 34.934509313034475 35.15549391244194 35.3764785118494 35.597463111256864 35.81844771066471 36.03943231007217 36.153610634405624 36.153610634405624 36.153610634405624 36.153610634405624 36.153610634405624
