Figures/CREST_Example_wjb_NSE/Rolling_result/20100722/BJP_forecast/ens_47/wjb.rain.20100725.asc
ncols            288
nrows            254
xllcorner        113.274861
yllcorner        31.4918055
cellsize         0.008333333333
NODATA_value     -9999
[rows 19 to 37 of 254, columns 44 to 87 of 288]
1.3164381573711357 1.3164381573711357 1.3164381573711357 1.3164381573711357 1.3164381573711357 1.3164381573711357 1.3164381573711357 1.3164381573711357 1.3164381573711357 1.3164381573711357 -9999.0 -9999.0 -9999.0 -9999.0 -9999.0 -9999.0 -9999.0 -9999.0 -9999.0 -9999.0 -9999.0 -9999.0 -9999.0 -9999.0 -9999.0 -9999.0 -9999.0 1.3164381573711357 1.3164381573711357 1.3164381573711357 1.3164381573711357 1.3164381573711357 1.3164381573711357 1.3164381573711357 1.3164381573711357 1.3164381573711357 1.3164381573711357 1.3164381573711357 1.3164381573711357 1.3164381573711357 1.3164381573711357 1.3164381573711357 1.3164381573711357 0.3936539685869759
1.3164381573711357 1.3164381573711357 1.3164381573711357 1.3164381573711357 1.3164381573711357 1.3164381573711357 1.3164381573711357 1.3164381573711357 1.3164381573711357 1.3164381573711357 1.3164381573711357 1.3164381573711357 -9999.0 -9999.0 -9999.0 -9999.0 -9999.0 -9999.0 -9999.0 -9999.0 -9999.0 -9999.0 -9999.0 -9999.0 -9999.0 -9999.0 1.3164381573711357 1.3164381573711357 1.3164381573711357 1.3164381573711357 1.3164381573711357 1.3164381573711357 1.3164381573711357 1.3164381573711357 1.3164381573711357 1.3164381573711357 1.3164381573711357 1.3164381573711357 1.3164381573711357 1.3164381573711357 1.3164381573711357 1.3164381573711357 1.3164381573711357 0.4543717418337917
1.3164381573711357 1.3164381573711357 1.3164381573711357 1.3164381573711357 1.3164381573711357 1.3164381573711357 1.3164381573711357 1.3164381573711357 1.3164381573711357 1.3164381573711357 1.3164381573711357 1.3164381573711357 1.3164381573711357 1.3164381573711357 -9999.0 -9999.0 -9999.0 -9999.0 -9999.0 -9999.0 -9999.0 -9999.0 -9999.0 -9999.0 -9999.0 -9999.0 1.3164381573711357 1.3164381573711357 1.3164381573711357 1.3164381573711357 1.3164381573711357 1.3164381573711357 1.3164381573711357 1.3164381573711357 1.3164381573711357 1.3164381573711357 1.3164381573711357 1.3164381573711357 1.3164381573711357 1.3164381573711357 1.3164381573711357 1.3164381573711357 1.3164381573711357 0.5150895150805558
1.3164381573711357 1.3164381573711357 1.3164381573711357 1.3164381573711357 1.3164381573711357 1.3164381573711357 1.3164381573711357 1.3164381573711357 1.3164381573711357 1.3164381573711357 1.3164381573711357 1.3164381573711357 1.3164381573711357 1.3164381573711357 -9999.0 -9999.0 -9999.0 -9999.0 -9999.0 -9999.0 -9999.0 -9999.0 -9999.0 -9999.0 -9999.0 -9999.0 1.3164381573711357 1.3164381573711357 1.3164381573711357 1.3164381573711357 1.3164381573711357 1.3164381573711357 1.3164381573711357 1.3164381573711357 1.3164381573711357 1.3164381573711357 1.3164381573711357 1.3164381573711357 1.3164381573711357 1.3164381573711357 1.3164381573711357 1.3164381573711357 1.3164381573711357 0.5758072883273199
1.3164381573711357 1.3164381573711357 1.3164381573711357 1.3164381573711357 1.3164381573711357 1.3164381573711357 1.3164381573711357 1.3164381573711357 1.3164381573711357 1.3164381573711357 1.3164381573711357 1.3164381573711357 1.3164381573711357 1.3164381573711357 -9999.0 -9999.0 -9999.0 -9999.0 -9999.0 -9999.0 -9999.0 -9999.0 -9999.0 -9999.0 -9999.0 -9999.0 1.3164381573711357 1.3164381573711357 1.3164381573711357 1.3164381573711357 1.3164381573711357 1.3164381573711357 1.3164381573711357 1.3164381573711357 1.3164381573711357 1.3164381573711357 1.3164381573711357 1.3164381573711357 1.3164381573711357 1.3164381573711357 1.3164381573711357 1.3164381573711357 1.3164381573711357 0.636525061574084
1.3164381573711357 1.3164381573711357 1.3164381573711357 1.3164381573711357 1.3164381573711357 1.3164381573711357 1.3164381573711357 1.3164381573711357 1.3164381573711357 1.3164381573711357 1.3164381573711357 1.3164381573711357 1.3164381573711357 1.3164381573711357 1.3164381573711357 1.3164381573711357 -9999.0 1.3164381573711357 1.3164381573711357 -9999.0 -9999.0 -9999.0 -9999.0 -9999.0 -9999.0 1.3164381573711357 1.3164381573711357 1.3164381573711357 1.3164381573711357 1.3164381573711357 1.3164381573711357 1.3164381573711357 1.3164381573711357 1.3164381573711357 1.3164381573711357 1.3164381573711357 1.3164381573711357 1.3164381573711357 1.3164381573711357 1.3164381573711357 1.3164381573711357 1.3164381573711357 1.3164381573711357 0.697242834820848
0.33105086579623344 0.33179000886324034 0.3325291519302472 0.3332682949972541 0.3340074380642609 0.3347465811312678 0.33548572419827466 0.33535139264741787 0.33428329698738224 0.33321520132734844 0.33214710566731465 0.3310790100072808 0.330010914347247 0.3289428186872132 0.3278747230271794 0.32680662736714555 0.32573853170711176 0.32467043604707796 0.32360234038704416 0.4832560695949516 0.8147250626260374 -9999.0 -9999.0 -9999.0 -9999.0 2.4720700277820313 2.8035390208131172 3.135008013844203 3.466477006875289 3.797945999906375 4.129414992937461 4.157298715071315 3.8606429195924 3.563987124113485 3.2673313286340635 2.9706755331551484 2.6740197376762334 2.377363942197318 2.0807081467184028 1.7840523512394872 1.4873965557605722 1.1907407602816567 0.8940849648027416 0.7373762375955054
0.5046008438662347 0.49458875486469633 0.48457666586315795 0.4745645768616195 0.46455248786008113 0.45454039885854275 0.44452830985700437 0.4416348515012532 0.44635137020446686 0.4510678889076725 0.4557844076108782 0.4605009263140838 0.46521744501728945 0.4699339637204951 0.4746504824237008 0.4793670011269064 0.48408351983011205 0.4888000385333177 0.4935165572365233 0.6580167628322275 0.9933293415492053 -9999.0 -9999.0 -9999.0 -9999.0 2.6698922351346654 3.005204813851643 3.3405173925686213 3.675829971285599 4.011142550002576 4.346455128719554 4.36824844692493 4.054882588046279 3.741516729167628 3.4281508702884427 3.1147850114097917 2.8014191525311407 2.4880532936524897 2.1746874347738387 1.8613215758951878 1.5479557170165368 1.2345898581378858 0.9212239992592348 0.7555062463658054
0.6781508219363838 0.6573875008662909 0.6366241797961981 0.6158608587261053 0.5950975376560125 0.5743342165859197 0.5535708955158268 0.5479183103551789 0.558419443421647 0.568920576488097 0.5794217095545471 0.5899228426209971 0.6004239756874472 0.6109251087538973 0.6214262418203473 0.6319273748867974 0.6424285079532475 0.6529296410196976 0.6634307740861477 0.8327774560696526 1.1719336204725255 1.5110897848759768 -9999.0 -9999.0 -9999.0 2.867714442487468 3.2068706068903405 3.5460267712932136 3.8851829356960863 4.224339100098959 4.563495264501832 4.579198178778724 4.249122256500323 3.919046334221922 3.588970411942958 3.2588944896645575 2.9288185673861564 2.5987426451077553 2.268666722829354 1.9385908005509531 1.608514878272552 1.278438955994151 0.9483630337157503 0.7736362551361209
0.851700800006385 0.820186246867747 0.7886716937291088 0.7571571405904707 0.7256425874518326 0.6941280343131946 0.6626134811745564 0.6542017692090142 0.6704875166387314 0.686773264068421 0.7030590114981106 0.7193447589278 0.7356305063574896 0.7519162537871792 0.7682020012168687 0.7844877486465582 0.8007734960762478 0.8170592435059373 0.8333449909356269 1.0075381493069286 1.3505378993956934 1.693537649485043 2.036537399573808 2.379537149662572 2.7225368997513373 3.065536649840102 3.4085363999288667 3.7515361500176314 4.094535900106396 4.43753565019516 4.7805354002839255 4.7901479106323395 4.443361924954203 4.096575939276066 3.749789953597338 3.4030039679192012 3.0562179822410647 2.7094319965629277 2.3626460108847906 2.015860025206654 1.669074039528517 1.3222880538503805 0.9755020681722435 0.791766263906421
1.0252507780763862 0.9829849928692028 0.9407192076620194 0.8984534224548362 0.8561876372476527 0.8139218520404694 0.7716560668332859 0.7604852280628493 0.782555589855816 0.8046259516487451 0.826696313441674 0.8487666752346031 0.8708370370275321 0.8929073988204612 0.9149777606133902 0.9370481224063192 0.9591184841992483 0.9811888459921773 1.0032592077851064 1.1822988425442047 1.5291421783188612 1.8759855140941093 2.222828849868766 2.569672185643422 2.916515521418079 3.2633588571927357 3.6102021929673924 3.9570455287420483 4.303888864516705 4.650732200291362 4.997575536066019 5.001097642485954 4.637601593408082 4.274105544330209 3.910609495251717 3.5471134461738445 3.183617397095972 2.8201213480180995 2.456625298940227 2.0931292498623546 1.7296332007844821 1.3661371517066097 1.0026411026287372 0.809896272676721
1.1988007561463874 1.1457837388706587 1.0927667215949302 1.0397497043192014 0.9867326870434728 0.9337156697677442 0.8806986524920156 0.8667686869166845 0.8946236630729005 0.922478639229069 0.9503336153852375 0.978188591541406 1.0060435676975745 1.0338985438537431 1.0617535200099115 1.08960849616608 1.1174634723222485 1.1453184484784171 1.1731734246345855 1.3570595357814808 1.7077464572420291 2.0584333787031754 2.409120300163724 2.759807221624272 3.110494143084821 3.46118106454537 3.811867986005918 4.1625549074664665 4.513241828927015 4.863928750387563 5.214615671848112 5.212047374339569 4.83184126186196 4.4516351493843525 4.071429036906095 3.6912229244284873 3.311016811950879 2.9308106994732706 2.550604586995662 2.170398474518054 1.7901923620404454 1.4099862495628375 1.029780137085229 0.8280262814470211
1.3723507342163885 1.3085824848721148 1.2448142355278407 1.181045986183567 1.117277736839293 1.053509487495019 0.9897412381507451 0.9730521457705198 1.0066917362899852 1.040331326809393 1.073970917328801 1.107610507848209 1.141250098367617 1.174889688887025 1.208529279406433 1.242168869925841 1.2758084604452489 1.3094480509646569 1.343087641484065 1.5318202290187568 1.886350736165197 2.240881243312242 2.595411750458682 2.9499422576051226 3.304472764751563 3.659003271898003 4.013533779044444 4.368064286190884 4.722594793337324 5.077125300483765 5.431655807630205 5.422997106193184 5.02608093031584 4.629164754438495 4.232248578560474 3.8353324026831306 3.4384162268057863 3.0415000509284424 2.6445838750510986 2.2476676991737543 1.8507515232964105 1.4538353474190666 1.0569191715417219 0.8461562902173211
1.54590071228639 1.4713812308735708 1.3968617494607516 1.3223422680479322 1.2478227866351133 1.1733033052222939 1.098783823809475 1.079335604624355 1.1187598095070697 1.158184014389717 1.1976082192723645 1.237032424155012 1.2764566290376593 1.315880833920307 1.3553050388029544 1.3947292436856018 1.4341534485682492 1.4735776534508966 1.513001858333544 1.7065809222560326 2.0649550150883647 2.423329107921308 2.78170320075364 3.140077293585972 3.4984513864183047 3.8568254792506367 4.215199572082969 4.573573664915301 4.931947757747633 5.290321850579965 5.648695943412298 5.633946838046798 5.220320598769718 4.806694359492639 4.393068120214853 3.979441880937773 3.565815641660693 3.1521894023836134 2.7385631631065337 2.324936923829454 1.9113106845523742 1.4976844452752944 1.0840582059982147 0.8642862989876211
1.719450690356539 1.6341799768751653 1.5489092633937918 1.463638549912418 1.3783678364310443 1.2930971229496708 1.2078264094682973 1.1856190634782806 1.2308278827242496 1.2760367019701415 1.3212455212160332 1.3664543404619252 1.411663159707817 1.4568719789537088 1.5020807981996007 1.5472896174454926 1.5924984366913844 1.6377072559372763 1.6829160751831682 1.8813416154934577 2.243559294011685 2.60577697253053 2.967994651048757 3.3302123295669848 3.6924300080852124 4.05464768660344 4.416865365121667 4.7790830436398934 5.141300722158121 5.503518400676349 5.865736079194576 5.844896569900593 5.414560267223763 4.984223964546933 4.5538876618693696 4.12355135919254 3.6932150565157102 3.2628787538388804 2.8325424511620505 2.4022061484852206 1.9718698458083912 1.5415335431315613 1.1111972404547314 0.8824163077579366
1.8930006684265401 1.7969787228766212 1.7009567773267023 1.6049348317767835 1.5089128862268646 1.4128909406769457 1.3168689951270267 1.2919025223321159 1.3428959559413343 1.3938893895504656 1.444882823159597 1.4958762567687283 1.5468696903778596 1.597863123986991 1.6488565575961223 1.6998499912052536 1.750843424814385 1.8018368584235163 1.8528302920326478 2.056102308730734 2.422163572934853 2.7882248371395963 3.1542861013437156 3.520347365547835 3.886408629751954 4.252469893956073 4.618531158160192 4.984592422364312 5.350653686568431 5.71671495077255 6.082776214976669 6.055846301754208 5.608799935677642 5.161753569601077 4.714707203523749 4.267660837447183 3.820614471370617 3.3735681052940514 2.9265217392174856 2.4794753731409203 2.032429007064354 1.5853826409877891 1.1383362749112234 0.9005463165282366
2.0665506464965415 1.9597774688780771 1.8530042912596132 1.7462311136411488 1.6394579360226849 1.5326847584042207 1.4259115807857565 1.3981859811859512 1.454964029158419 1.5117420771307897 1.5685201251031604 1.6252981730755314 1.682076221047902 1.738854269020273 1.7956323169926438 1.8524103649650145 1.9091884129373855 1.9659664609097562 2.022744508882127 2.23086300196801 2.600767851858021 2.9706727017486627 3.340577551638674 3.710482401528685 4.080387251418696 4.4502921013087064 4.820196951198717 5.190101801088729 5.56000665097874 5.9299115008687515 6.299816350758762 6.266796033607823 5.803039604131521 5.33928317465522 4.875526745178128 4.411770315701826 3.9480138862255245 3.4842574567492233 3.020501027272922 2.5567445977966208 2.0929881683203195 1.6292317388440178 1.1654753093677162 0.9186763252985367
2.2401006245665425 2.1225762148795333 2.0050518051925237 1.887527395505514 1.7700029858185047 1.6524785761314953 1.534954166444486 1.5044694400397862 1.5670321023755034 1.6295947647111135 1.692157427046724 1.7547200893823343 1.8172827517179444 1.8798454140535548 1.9424080763891651 2.0049707387247753 2.067533401060386 2.130096063395996 2.192658725731606 2.405623695205286 2.779372130781189 3.153120566357729 3.5268690019336315 3.900617437509535 4.274365873085438 4.648114308661341 5.021862744237243 5.395611179813146 5.769359615389049 6.143108050964951 6.5168564865408545 6.477745765461437 5.9972792725854 5.516812779709363 5.036346286832506 4.5558797939564695 4.075413301080433 3.594946808204395 3.114480315328358 2.634013822452321 2.153547329576284 1.6730808367002465 1.1926143438242098 0.9368063340688367
2.329188092285273 2.207125918323869 2.085063744362464 1.9630015704010597 1.8409393964396552 1.7188772224782507 1.5968150485168462 1.5652931993974768 1.6305610039690084 1.695828808540429 1.7610966131118493 1.8263644176832696 1.89163222225469 1.9569000268261103 2.022167831397531 2.087435635968951 2.1527034405403715 2.2179712451117917 2.2832390496832122 2.501708496720661 2.8839539626035466 3.2661994284870843 3.64844489436997 4.030690360252856 4.412935826135742 4.795181292018627 5.177426757901513 5.559672223784398 5.941917689667284 6.32416315555017 6.706408621433056 6.664816054879893 6.170131050125718 5.675446045371545 5.180761040616527 4.686076035862353 4.191391031108179 3.696706026354005 3.202021021599831 2.707336016845657 2.2126510120914835 1.717966007337309 1.2232810025831355 0.9592931610112937
