Figures/CREST_Example_wjb_NSE/Rolling_result/20100722/BJP_forecast/ens_47/wjb.rain.20100726.asc
ncols            288
nrows            254
xllcorner        113.274861
yllcorner        31.4918055
cellsize         0.008333333333
NODATA_value     -9999
[rows 26 to 51 of 254, columns 116 to 173 of 288]
1.5139782330705818 1.4740797078344299 1.4341811825983461 1.3942826573622624 1.3543841321261787 1.314485606890095 1.2745870816540112 0.3359004572827941 0.3359004572827941 0.3359004572827941 0.3359004572827941 -9999.0 -9999.0 -9999.0 -9999.0 -9999.0 -9999.0 -9999.0 -9999.0 -9999.0 -9999.0 -9999.0 -9999.0 -9999.0 -9999.0 -9999.0 -9999.0 -9999.0 -9999.0 -9999.0 -9999.0 -9999.0 -9999.0 -9999.0 -9999.0 -9999.0 -9999.0 -9999.0 -9999.0 -9999.0 -9999.0 -9999.0 -9999.0 -9999.0 -9999.0 -9999.0 -9999.0 -9999.0 -9999.0 -9999.0 -9999.0 -9999.0 -9999.0 -9999.0 -9999.0 -9999.0 -9999.0 -9999.0
1.3874843123749951 1.3486994178738732 1.309914523372817 1.2711296288717613 1.2323447343707055 1.1935598398696494 1.1547749453685936 0.3359004572827941 0.3359004572827941 0.3359004572827941 0.3359004572827941 0.3359004572827941 0.3359004572827941 0.3359004572827941 -9999.0 -9999.0 -9999.0 -9999.0 -9999.0 -9999.0 -9999.0 -9999.0 -9999.0 -9999.0 -9999.0 -9999.0 -9999.0 -9999.0 -9999.0 -9999.0 -9999.0 -9999.0 -9999.0 -9999.0 -9999.0 -9999.0 -9999.0 -9999.0 -9999.0 -9999.0 -9999.0 -9999.0 -9999.0 -9999.0 -9999.0 -9999.0 -9999.0 -9999.0 -9999.0 -9999.0 -9999.0 -9999.0 -9999.0 -9999.0 -9999.0 -9999.0 -9999.0 -9999.0
1.2609903916795164 1.223319127913423 1.185647864147394 1.147976600381365 1.110305336615336 1.072634072849307 1.0349628090832779 0.3359004572827941 0.3359004572827941 0.3359004572827941 0.3359004572827941 0.3359004572827941 0.3359004572827941 0.3359004572827941 0.3359004572827941 0.3359004572827941 0.3359004572827941 -9999.0 -9999.0 -9999.0 -9999.0 -9999.0 -9999.0 -9999.0 -9999.0 -9999.0 -9999.0 -9999.0 -9999.0 -9999.0 -9999.0 -9999.0 -9999.0 -9999.0 -9999.0 -9999.0 -9999.0 -9999.0 -9999.0 -9999.0 -9999.0 -9999.0 -9999.0 -9999.0 -9999.0 -9999.0 -9999.0 -9999.0 -9999.0 -9999.0 -9999.0 -9999.0 -9999.0 -9999.0 -9999.0 -9999.0 -9999.0 -9999.0
1.1344964709840377 1.097938837952973 1.061381204921971 1.0248235718909688 0.9882659388599668 0.9517083058289646 0.9151506727979625 0.3359004572827941 0.3359004572827941 0.3359004572827941 0.3359004572827941 0.3359004572827941 0.3359004572827941 0.3359004572827941 0.3359004572827941 0.3359004572827941 0.3359004572827941 0.3359004572827941 0.3359004572827941 -9999.0 -9999.0 -9999.0 -9999.0 -9999.0 -9999.0 -9999.0 -9999.0 -9999.0 -9999.0 -9999.0 -9999.0 -9999.0 -9999.0 -9999.0 -9999.0 -9999.0 -9999.0 -9999.0 -9999.0 -9999.0 -9999.0 -9999.0 -9999.0 -9999.0 -9999.0 -9999.0 -9999.0 -9999.0 -9999.0 -9999.0 -9999.0 -9999.0 -9999.0 -9999.0 -9999.0 -9999.0 -9999.0 -9999.0
1.0080025502885588 0.9725585479925232 0.937114545696548 0.9016705434005727 0.8662265411045975 0.8307825388086223 0.795338536512647 0.3359004572827941 0.3359004572827941 0.3359004572827941 0.3359004572827941 0.3359004572827941 0.3359004572827941 0.3359004572827941 0.3359004572827941 0.3359004572827941 0.3359004572827941 0.3359004572827941 0.3359004572827941 0.3359004572827941 0.3359004572827941 0.3359004572827941 -9999.0 -9999.0 -9999.0 -9999.0 -9999.0 -9999.0 -9999.0 -9999.0 -9999.0 -9999.0 -9999.0 -9999.0 -9999.0 -9999.0 -9999.0 -9999.0 -9999.0 -9999.0 -9999.0 -9999.0 -9999.0 -9999.0 -9999.0 -9999.0 -9999.0 -9999.0 -9999.0 -9999.0 -9999.0 -9999.0 -9999.0 -9999.0 -9999.0 -9999.0 -9999.0 -9999.0
0.8815086295930802 0.8471782580320733 0.8128478864711249 0.7785175149101766 0.7441871433492282 0.7098567717882799 0.6755264002273316 0.3359004572827941 0.3359004572827941 0.3359004572827941 0.3359004572827941 0.3359004572827941 0.3359004572827941 0.3359004572827941 0.3359004572827941 0.3359004572827941 0.3359004572827941 0.3359004572827941 0.3359004572827941 0.3359004572827941 0.3359004572827941 0.3359004572827941 -9999.0 -9999.0 -9999.0 -9999.0 -9999.0 -9999.0 -9999.0 -9999.0 -9999.0 -9999.0 -9999.0 -9999.0 -9999.0 -9999.0 -9999.0 -9999.0 -9999.0 -9999.0 -9999.0 -9999.0 -9999.0 -9999.0 -9999.0 -9999.0 -9999.0 -9999.0 -9999.0 -9999.0 -9999.0 -9999.0 -9999.0 -9999.0 -9999.0 -9999.0 -9999.0 -9999.0
0.7550147088976014 0.7217979680716233 0.6885812272457018 0.6553644864197803 0.6221477455938589 0.5889310047679375 0.555714263942016 0.3359004572827941 0.3359004572827941 0.3359004572827941 0.3359004572827941 0.3359004572827941 0.3359004572827941 0.3359004572827941 0.3359004572827941 0.3359004572827941 0.3359004572827941 0.3359004572827941 0.3359004572827941 0.3359004572827941 0.3359004572827941 0.3359004572827941 -9999.0 -9999.0 -9999.0 -9999.0 -9999.0 -9999.0 -9999.0 -9999.0 -9999.0 -9999.0 -9999.0 -9999.0 -9999.0 -9999.0 -9999.0 -9999.0 -9999.0 -9999.0 -9999.0 -9999.0 -9999.0 -9999.0 -9999.0 -9999.0 -9999.0 -9999.0 -9999.0 -9999.0 -9999.0 -9999.0 -9999.0 -9999.0 -9999.0 -9999.0 -9999.0 -9999.0
0.6285207882020148 0.5964176781110664 0.5643145680201729 0.5322114579292792 0.5001083478383855 0.4680052377474919 0.4359021276565983 0.3359004572827941 0.3359004572827941 0.3359004572827941 0.3359004572827941 0.3359004572827941 0.3359004572827941 0.3359004572827941 0.3359004572827941 0.3359004572827941 0.3359004572827941 0.3359004572827941 0.3359004572827941 0.3359004572827941 0.3359004572827941 0.3359004572827941 0.3359004572827941 -9999.0 -9999.0 -9999.0 -9999.0 -9999.0 -9999.0 -9999.0 -9999.0 -9999.0 -9999.0 -9999.0 -9999.0 -9999.0 -9999.0 -9999.0 -9999.0 -9999.0 -9999.0 -9999.0 -9999.0 -9999.0 -9999.0 -9999.0 -9999.0 -9999.0 -9999.0 -9999.0 -9999.0 -9999.0 -9999.0 -9999.0 -9999.0 -9999.0 -9999.0 -9999.0
0.502026867506536 0.47103738815061647 0.44004790879474975 0.409058429438883 0.3780689500830162 0.3470794707271495 0.31608999137128274 0.3359004572827941 0.3359004572827941 0.3359004572827941 0.3359004572827941 0.3359004572827941 0.3359004572827941 0.3359004572827941 0.3359004572827941 0.3359004572827941 0.3359004572827941 0.3359004572827941 0.3359004572827941 0.3359004572827941 0.3359004572827941 0.3359004572827941 0.3359004572827941 0.3359004572827941 -9999.0 -9999.0 -9999.0 -9999.0 -9999.0 -9999.0 -9999.0 -9999.0 -9999.0 -9999.0 -9999.0 -9999.0 -9999.0 -9999.0 -9999.0 -9999.0 -9999.0 -9999.0 -9999.0 -9999.0 -9999.0 -9999.0 -9999.0 -9999.0 -9999.0 -9999.0 -9999.0 -9999.0 -9999.0 -9999.0 -9999.0 -9999.0 -9999.0 -9999.0
0.3755329468110573 0.3456570981901665 0.3157812495693266 0.2859054009484868 0.25602955232764696 0.2261537037068071 0.19627785508596723 0.3359004572827941 0.3359004572827941 0.3359004572827941 0.3359004572827941 0.3359004572827941 0.3359004572827941 0.3359004572827941 0.3359004572827941 0.3359004572827941 0.3359004572827941 0.3359004572827941 0.3359004572827941 0.3359004572827941 0.3359004572827941 0.3359004572827941 0.3359004572827941 0.3359004572827941 -9999.0 -9999.0 -9999.0 -9999.0 -9999.0 -9999.0 -9999.0 -9999.0 -9999.0 -9999.0 -9999.0 -9999.0 -9999.0 -9999.0 -9999.0 -9999.0 -9999.0 -9999.0 -9999.0 -9999.0 -9999.0 -9999.0 -9999.0 -9999.0 -9999.0 -9999.0 -9999.0 -9999.0 -9999.0 -9999.0 -9999.0 -9999.0 -9999.0 -9999.0
0.24903902611557857 0.22027680822971657 0.19151459034390358 0.16275237245809063 0.13399015457227764 0.10522793668646468 0.07646571880065173 0.3359004572827941 0.3359004572827941 0.3359004572827941 0.3359004572827941 0.3359004572827941 0.3359004572827941 0.3359004572827941 0.3359004572827941 0.3359004572827941 0.3359004572827941 0.3359004572827941 0.3359004572827941 0.3359004572827941 0.3359004572827941 0.3359004572827941 0.3359004572827941 0.3359004572827941 0.3359004572827941 -9999.0 -9999.0 -9999.0 -9999.0 -9999.0 -9999.0 -9999.0 -9999.0 -9999.0 -9999.0 -9999.0 -9999.0 -9999.0 -9999.0 -9999.0 -9999.0 -9999.0 -9999.0 -9999.0 -9999.0 -9999.0 -9999.0 -9999.0 -9999.0 -9999.0 -9999.0 -9999.0 -9999.0 -9999.0 -9999.0 -9999.0 -9999.0 -9999.0
0.1854916617957724 0.15702752642991236 0.12856339106410083 0.10009925569828934 0.07163512033247788 0.043170984966666326 0.014706849600854832 0.007580674441772151 0.02326526129715249 0.03894984815253282 0.05463443500791316 0.0703190218632935 0.08600360871867384 0.10168819557405417 0.11737278242946125 0.1330573692848416 0.14874195614022193 0.16442654299560228 0.1801111298509826 0.3359004572827941 0.3359004572827941 0.3359004572827941 0.3359004572827941 0.3359004572827941 0.3359004572827941 0.3359004572827941 0.3359004572827941 -9999.0 -9999.0 -9999.0 -9999.0 -9999.0 -9999.0 -9999.0 -9999.0 -9999.0 -9999.0 -9999.0 -9999.0 -9999.0 -9999.0 -9999.0 -9999.0 -9999.0 -9999.0 -9999.0 -9999.0 -9999.0 -9999.0 -9999.0 -9999.0 -9999.0 -9999.0 -9999.0 -9999.0 -9999.0 -9999.0 -9999.0
0.189230197022455 0.16019237456073243 0.13115455209905938 0.10211672963738636 0.0730789071757133 0.04404108471404028 0.0150032622523672 0.008463751059869278 0.02597544340868405 0.043487135757498824 0.060998828106313595 0.07851052045512837 0.09602221280394314 0.11353390515275791 0.13104559750160255 0.14855728985041733 0.16606898219923208 0.18358067454804686 0.20109236689686164 0.3359004572827941 0.3359004572827941 0.3359004572827941 0.3359004572827941 0.3359004572827941 0.3359004572827941 0.3359004572827941 0.3359004572827941 -9999.0 -9999.0 -9999.0 -9999.0 -9999.0 -9999.0 -9999.0 -9999.0 -9999.0 -9999.0 -9999.0 -9999.0 -9999.0 -9999.0 -9999.0 -9999.0 -9999.0 -9999.0 -9999.0 -9999.0 -9999.0 -9999.0 -9999.0 -9999.0 -9999.0 -9999.0 -9999.0 -9999.0 -9999.0 -9999.0 -9999.0
0.1929687322491376 0.1633572226915525 0.13374571313401792 0.10413420357648334 0.07452269401894873 0.04491118446141418 0.015299674903879568 0.009346827677966407 0.02868562552021562 0.04802442336246483 0.06736322120471404 0.08670201904696326 0.10604081688921246 0.12537961473146167 0.14471841257374388 0.16405721041599308 0.1833960082582423 0.2027348061004915 0.2220736039427407 0.3359004572827941 0.3359004572827941 0.3359004572827941 0.3359004572827941 0.3359004572827941 0.3359004572827941 0.3359004572827941 0.3359004572827941 -9999.0 -9999.0 -9999.0 -9999.0 -9999.0 -9999.0 -9999.0 -9999.0 -9999.0 -9999.0 -9999.0 -9999.0 -9999.0 -9999.0 -9999.0 -9999.0 -9999.0 -9999.0 -9999.0 -9999.0 -9999.0 -9999.0 -9999.0 -9999.0 -9999.0 -9999.0 -9999.0 -9999.0 -9999.0 -9999.0 -9999.0
0.1967072674758234 0.1665220708223753 0.13633687416897866 0.10615167751558202 0.07596648086218544 0.0457812842087888 0.015596087555392157 0.01022990429606429 0.0313958076317495 0.052561710967434706 0.07372761430311991 0.09489351763880512 0.11605942097449033 0.13722532431017553 0.15839122764589683 0.17955713098158205 0.20072303431726726 0.22188893765295248 0.24305484098863767 0.3359004572827941 0.3359004572827941 0.3359004572827941 0.3359004572827941 0.3359004572827941 0.3359004572827941 0.3359004572827941 0.3359004572827941 -9999.0 -9999.0 -9999.0 -9999.0 -9999.0 -9999.0 -9999.0 -9999.0 -9999.0 -9999.0 -9999.0 -9999.0 -9999.0 -9999.0 -9999.0 -9999.0 -9999.0 -9999.0 -9999.0 -9999.0 -9999.0 -9999.0 -9999.0 -9999.0 -9999.0 -9999.0 -9999.0 -9999.0 -9999.0 -9999.0 -9999.0
0.200445802702506 0.16968691895319538 0.1389280352039372 0.10816915145467904 0.07741026770542087 0.046651383956162695 0.015892500206904525 0.011112980914161416 0.03410598974328106 0.0570989985724007 0.08009200740152035 0.10308501623064 0.12607802505975962 0.14907103388887927 0.17206404271803813 0.19505705154715777 0.21805006037627742 0.24104306920539706 0.26403607803451673 0.3359004572827941 0.3359004572827941 0.3359004572827941 0.3359004572827941 0.3359004572827941 0.3359004572827941 0.3359004572827941 0.3359004572827941 0.3359004572827941 -9999.0 -9999.0 -9999.0 0.3359004572827941 0.3359004572827941 -9999.0 -9999.0 -9999.0 -9999.0 -9999.0 -9999.0 -9999.0 -9999.0 -9999.0 -9999.0 -9999.0 -9999.0 -9999.0 -9999.0 -9999.0 -9999.0 -9999.0 -9999.0 -9999.0 -9999.0 -9999.0 -9999.0 -9999.0 -9999.0 -9999.0
0.2041843379291886 0.17285176708401548 0.14151919623889575 0.11018662539377605 0.07885405454865635 0.04752148370353659 0.016188912858416893 0.011996057532258545 0.036816171854812625 0.06163628617736671 0.08645640049992079 0.11127651482247487 0.13609662914502896 0.16091674346758303 0.18573685779017945 0.21055697211273353 0.23537708643528762 0.2601972007578417 0.2850173150803958 0.3359004572827941 0.3359004572827941 0.3359004572827941 0.3359004572827941 0.3359004572827941 0.3359004572827941 0.3359004572827941 0.3359004572827941 0.3359004572827941 0.3359004572827941 0.3359004572827941 0.3359004572827941 0.3359004572827941 0.3359004572827941 -9999.0 -9999.0 0.3359004572827941 0.3359004572827941 0.3359004572827941 0.3359004572827941 -9999.0 -9999.0 -9999.0 -9999.0 -9999.0 -9999.0 -9999.0 -9999.0 -9999.0 -9999.0 -9999.0 -9999.0 -9999.0 -9999.0 -9999.0 -9999.0 -9999.0 -9999.0 -9999.0
0.20792287315587119 0.17601661521483553 0.14411035727385427 0.11220409933287301 0.08029784139189178 0.04839158345091049 0.01648532550992926 0.012879134150355675 0.0395263539663442 0.06617357378233273 0.09282079359832125 0.11946801341430978 0.1461152332302983 0.17276245304628682 0.1994096728623208 0.22605689267830933 0.25270411249429786 0.27935133231028636 0.3059985521262749 0.3359004572827941 0.3359004572827941 0.3359004572827941 0.3359004572827941 0.3359004572827941 0.3359004572827941 0.3359004572827941 0.3359004572827941 0.3359004572827941 0.3359004572827941 0.3359004572827941 0.3359004572827941 0.3359004572827941 0.3359004572827941 0.3359004572827941 0.3359004572827941 0.3359004572827941 0.3359004572827941 0.3359004572827941 0.3359004572827941 0.3359004572827941 -9999.0 -9999.0 -9999.0 -9999.0 -9999.0 -9999.0 -9999.0 -9999.0 -9999.0 -9999.0 -9999.0 -9999.0 -9999.0 -9999.0 -9999.0 -9999.0 -9999.0 -9999.0
0.2116614083825538 0.1791814633456556 0.1467015183088128 0.11422157327197002 0.0817416282351272 0.04926168319828439 0.01678173816144163 0.0137622107684528 0.04223653607787576 0.07071086138729872 0.09918518669672167 0.12765951200614464 0.1561338373155676 0.18460816262499055 0.21308248793446205 0.241556813243885 0.27003113855330796 0.2985054638627309 0.32697978917215387 0.3359004572827941 0.3359004572827941 0.3359004572827941 0.3359004572827941 0.3359004572827941 0.3359004572827941 0.3359004572827941 0.3359004572827941 0.3359004572827941 0.3359004572827941 0.3359004572827941 0.3359004572827941 0.3359004572827941 0.3359004572827941 0.3359004572827941 0.3359004572827941 0.3359004572827941 0.3359004572827941 0.3359004572827941 0.3359004572827941 0.3359004572827941 0.3359004572827941 -9999.0 -9999.0 -9999.0 -9999.0 -9999.0 -9999.0 -9999.0 -9999.0 -9999.0 -9999.0 -9999.0 -9999.0 -9999.0 -9999.0 -9999.0 -9999.0 -9999.0
0.2153999436092364 0.1823463114764757 0.14929267934377136 0.11623904721106698 0.08318541507836269 0.05013178294565834 0.017078150812953996 0.01464528738654993 0.044946718189407334 0.07524814899226473 0.10554957979512213 0.13585101059797952 0.16615244140083693 0.19645387220369434 0.2267553030066034 0.2570567338094608 0.2873581646123182 0.31765959541517563 0.347961026218033 0.3359004572827941 0.3359004572827941 0.3359004572827941 0.3359004572827941 0.3359004572827941 0.3359004572827941 0.3359004572827941 0.3359004572827941 0.3359004572827941 0.3359004572827941 0.3359004572827941 0.3359004572827941 0.3359004572827941 0.3359004572827941 0.3359004572827941 0.3359004572827941 0.3359004572827941 0.3359004572827941 0.3359004572827941 0.3359004572827941 0.3359004572827941 0.3359004572827941 -9999.0 0.3359004572827941 0.3359004572827941 0.3359004572827941 -9999.0 -9999.0 -9999.0 -9999.0 -9999.0 -9999.0 -9999.0 -9999.0 -9999.0 -9999.0 -9999.0 -9999.0 -9999.0
0.2191384788359222 0.18551115960729847 0.1518838403787321 0.11825652115016572 0.08462920192159934 0.05100188269303296 0.017374563464466586 0.015528364004647811 0.047656900300941205 0.0797854365972346 0.11191397289352799 0.1440425091898214 0.17617104548611479 0.20829958178240818 0.24042811807875636 0.2725566543750497 0.30468519067134314 0.33681372696763656 0.3689422632639299 0.3359004572827941 0.3359004572827941 0.3359004572827941 0.3359004572827941 0.3359004572827941 0.3359004572827941 0.3359004572827941 0.3359004572827941 0.3359004572827941 0.3359004572827941 0.3359004572827941 0.3359004572827941 0.3359004572827941 0.3359004572827941 0.3359004572827941 0.3359004572827941 0.3359004572827941 0.3359004572827941 0.3359004572827941 0.3359004572827941 0.3359004572827941 0.3359004572827941 0.3359004572827941 0.3359004572827941 0.3359004572827941 0.3359004572827941 -9999.0 -9999.0 -9999.0 -9999.0 -9999.0 -9999.0 -9999.0 -9999.0 -9999.0 -9999.0 -9999.0 -9999.0 -9999.0
0.2228770140626048 0.18867600773811855 0.15447500141369064 0.12027399508926273 0.08607298876483477 0.05187198244040686 0.017670976115978954 0.01641144062274494 0.050367082412472765 0.08432272420220059 0.11827836599192842 0.15223400778165624 0.1861896495713841 0.2201452913611119 0.25410093315089766 0.2880565749406255 0.3220122167303533 0.3559678585200811 0.389923500309809 0.3359004572827941 0.3359004572827941 0.3359004572827941 0.3359004572827941 0.3359004572827941 0.3359004572827941 0.3359004572827941 0.3359004572827941 0.3359004572827941 0.3359004572827941 0.3359004572827941 0.3359004572827941 0.3359004572827941 0.3359004572827941 0.3359004572827941 0.3359004572827941 0.3359004572827941 0.3359004572827941 0.3359004572827941 0.3359004572827941 0.3359004572827941 0.3359004572827941 0.3359004572827941 0.3359004572827941 0.3359004572827941 -9999.0 -9999.0 -9999.0 -9999.0 -9999.0 -9999.0 -9999.0 -9999.0 -9999.0 -9999.0 -9999.0 -9999.0 -9999.0 -9999.0
0.2266155492892874 0.19184085586893865 0.15706616244864918 0.12229146902835969 0.08751677560807025 0.052742082187780814 0.01796738876749132 0.017294517240842067 0.05307726452400434 0.08886001180716661 0.12464275909032889 0.16042550637349115 0.19620825365665343 0.2319910009398157 0.267773748223039 0.3035564955062013 0.33933924278936356 0.37512199007252583 0.41090473735568805 0.3359004572827941 0.3359004572827941 0.3359004572827941 0.3359004572827941 0.3359004572827941 0.3359004572827941 0.3359004572827941 0.3359004572827941 0.3359004572827941 0.3359004572827941 0.3359004572827941 0.3359004572827941 0.3359004572827941 0.3359004572827941 0.3359004572827941 0.3359004572827941 0.3359004572827941 0.3359004572827941 0.3359004572827941 0.3359004572827941 0.3359004572827941 0.3359004572827941 0.3359004572827941 0.3359004572827941 0.3359004572827941 0.3359004572827941 0.3359004572827941 0.3359004572827941 -9999.0 -9999.0 -9999.0 -9999.0 -9999.0 -9999.0 -9999.0 -9999.0 -9999.0 -9999.0 -9999.0
0.21934160440189243 0.18568311507349133 0.15202462574514763 0.11836613641680399 0.08470764708846029 0.05104915776011659 0.01739066843177295 0.017205553926460313 0.05280423410028014 0.08840291427409996 0.12400159444791979 0.15960027462173962 0.19519895479555946 0.23079763496937927 0.2663963151432598 0.30199499531707963 0.33759367549089947 0.3731923556647193 0.4087910358385391 0.4099786081936744 0.3743799280198495 0.3387812478460246 0.3031825676721997 0.2675838874983748 0.23198520732454994 0.19638652715072505 0.16078784697690018 0.12518916680301456 0.08959048662918967 0.05399180645536478 0.018393126281539884 0.0 0.0 0.0 0.0 0.0 0.0 0.0 0.0 0.0 0.0 0.0 0.0 0.3359004572827941 0.3359004572827941 0.3359004572827941 0.3359004572827941 0.3359004572827941 0.3359004572827941 0.3359004572827941 -9999.0 -9999.0 -9999.0 -9999.0 -9999.0 -9999.0 -9999.0 -9999.0
0.2002960126635861 0.16956011455095044 0.1388242164383672 0.10808831832578397 0.07735242021320071 0.04661652210061745 0.015880623988034248 0.016077541216157495 0.049342337582591246 0.082607133949025 0.11587193031545875 0.1491367266818925 0.18240152304832624 0.21566631941476 0.2489311157812505 0.28219591214768425 0.315460708514118 0.3487255048805517 0.38199030124698546 0.3831000152130957 0.34983521884665725 0.31657042248021877 0.2833056261137803 0.2500408297473418 0.21677603338090334 0.18351123701446487 0.15024644064802636 0.11698164428153118 0.08371684791509271 0.05045205154865423 0.017187255182215755 0.0 0.0 0.0 0.0 0.0 0.0 0.0 0.0 0.0 0.0 0.0 0.0 0.3359004572827941 0.3359004572827941 0.3359004572827941 0.3359004572827941 0.3359004572827941 0.3359004572827941 0.3359004572827941 0.3359004572827941 0.3359004572827941 0.3359004572827941 -9999.0 -9999.0 -9999.0 -9999.0 -9999.0
0.1812504209252798 0.15343711402840957 0.12562380713158677 0.09781050023476398 0.06999719333794119 0.04218388644111837 0.014370579544295603 0.01494952850585468 0.045880441064902355 0.07681135362395003 0.1077422661829977 0.13867317874204538 0.16960409130109305 0.20053500386014073 0.23146591641924116 0.2623968289782888 0.2933277415373365 0.32425865409638416 0.35518956665543183 0.35622142223251707 0.325290509673465 0.29435959711441295 0.2634286845553609 0.2324977719963088 0.20156685943725675 0.17063594687820466 0.1397050343191526 0.1087741217600478 0.07784320920099569 0.04691229664194363 0.01598138408289157 0.0 0.0 0.0 0.0 0.0 0.0 0.0 0.0 0.0 0.0 0.0 0.0 0.3359004572827941 0.3359004572827941 0.3359004572827941 0.3359004572827941 0.3359004572827941 0.3359004572827941 0.3359004572827941 0.3359004572827941 0.3359004572827941 0.3359004572827941 0.3359004572827941 -9999.0 -9999.0 -9999.0 -9999.0
