Figures/CREST_Example_wjb_NSE/Rolling_result/20100722/BJP_forecast/ens_47/wjb.rain.20090729.asc
ncols            288
nrows            254
xllcorner        113.274861
yllcorner        31.4918055
cellsize         0.008333333333
NODATA_value     -9999
[rows 115 to 137 of 254, columns 53 to 105 of 288]
0.3771878907683802 0.3771878907683802 0.3771878907683802 0.3771878907683802 0.3771878907683802 0.3771878907683802 0.3771878907683802 0.3771878907683802 0.3771878907683802 0.3771878907683802 0.36949787228495484 0.3535870502135881 0.3376762281421942 0.3217654060708275 0.30585458399946075 0.289943761928094 0.2740329398567273 0.25812211778536054 0.2422112957139938 0.22630047364262706 0.21038965157126033 0.1944788294998936 0.17875617352785295 0.16323467136978323 0.1477131692117135 0.13219166705361735 0.11667016489554763 0.10114866273747791 0.0856271605794082 0.07010565842133848 0.05458415626326876 0.039062654105199046 0.02354115194712933 0.008019649789059613 0.0 0.0 0.0 0.0 0.0 0.0 0.0 0.0 0.0 0.0 0.0 0.0 0.0 0.0 0.0 0.0 0.0 0.0 0.0
0.3629600894559485 0.3629600894559485 0.3629600894559485 0.3629600894559485 0.3629600894559485 0.3629600894559485 0.3629600894559485 0.3629600894559485 0.3629600894559485 0.3629600894559485 0.3560255955184884 0.3416779708109919 0.3273303461034709 0.3129827213959744 0.2986350966884779 0.28428747198098137 0.2699398472734848 0.2555922225659883 0.24124459785849178 0.22689697315099527 0.21254934844349874 0.19820172373600223 0.18310426444468308 0.16720521503206473 0.15130616561944638 0.1354071162068009 0.11950806679418254 0.10360901738156417 0.08770996796894581 0.07181091855632744 0.055911869143709075 0.04001281973109072 0.024113770318472366 0.008214720905854012 0.0 0.0 0.0 0.0 0.0 0.0 0.0 0.0 0.0 0.0 0.0 0.0 0.0 0.0 0.0 0.0 0.0 0.0 0.0
0.3487322881435168 0.3487322881435168 0.3487322881435168 0.3487322881435168 0.3487322881435168 0.3487322881435168 0.3487322881435168 0.3487322881435168 0.3487322881435168 0.3487322881435168 0.342553318752022 0.3297688914083957 0.3169844640647476 0.3042000367211213 0.291415609377495 0.2786311820338687 0.26584675469024244 0.2530623273466161 0.24027790000298982 0.2274934726593635 0.2147090453157372 0.20192461797211092 0.18745235536151325 0.17117575869434623 0.15489916202717924 0.13862256535998446 0.12234596869281746 0.10606937202565045 0.08979277535848344 0.07351617869131644 0.057239582024149416 0.04096298535698242 0.024686388689815403 0.008409792022648382 0.0 0.0 0.0 0.0 0.0 0.0 0.0 0.0 0.0 0.0 0.0 0.0 0.0 0.0 0.0 0.0 0.0 0.0 0.0
0.3345044868310729 0.3345044868310729 0.3345044868310729 0.3345044868310729 0.3345044868310729 0.3345044868310729 0.3345044868310729 0.3345044868310729 0.3345044868310729 0.3345044868310729 0.32908104198554405 0.3178598120057893 0.3066385820260154 0.2954173520462607 0.28419612206650596 0.2729748920867512 0.26175366210699647 0.25053243212724174 0.23931120214748697 0.22808997216773225 0.2168687421879775 0.20564751220822278 0.1918004462783471 0.17514630235663114 0.15849215843491515 0.14183801451317077 0.1251838705914548 0.10852972666973881 0.09187558274802284 0.07522143882630686 0.058567294904590866 0.0419131509828749 0.02525900706115891 0.008604863139442948 0.0 0.0 0.0 0.0 0.0 0.0 0.0 0.0 0.0 0.0 0.0 0.0 0.0 0.0 0.0 0.0 0.0 0.0 0.0
0.32027668551864125 0.32027668551864125 0.32027668551864125 0.32027668551864125 0.32027668551864125 0.32027668551864125 0.32027668551864125 0.32027668551864125 0.32027668551864125 0.32027668551864125 0.31560876521907766 0.3059507326031931 0.29629269998729213 0.2866346673714076 0.2769766347555231 0.26731860213963854 0.25766056952375405 0.2480025369078695 0.23834450429198498 0.22868647167610046 0.2190284390602159 0.20937040644433141 0.19614853719517725 0.17911684601891262 0.16208515484264802 0.14505346366635433 0.12802177249008972 0.11099008131382508 0.09395839013756047 0.07692669896129584 0.05989500778503121 0.04286331660876658 0.025831625432501976 0.008799934256237346 0.0 0.0 0.0 0.0 0.0 0.0 0.0 0.0 0.0 0.0 0.0 0.0 0.0 0.0 0.0 0.0 0.0 0.0 0.0
0.3060488842062095 0.3060488842062095 0.3060488842062095 0.3060488842062095 0.3060488842062095 0.3060488842062095 0.3060488842062095 0.3060488842062095 0.3060488842062095 0.3060488842062095 0.3021364884526112 0.2940416532005969 0.2859468179485688 0.2778519826965545 0.2697571474445402 0.2616623121925259 0.2535674769405116 0.2454726416884973 0.23737780643648299 0.2292829711844687 0.2211881359324544 0.21309330068044008 0.2004966281120074 0.18308738968119415 0.16567815125038088 0.1482689128195379 0.13085967438872462 0.11345043595791135 0.09604119752709807 0.07863195909628479 0.06122272066547152 0.04381348223465825 0.026404243803844957 0.00899500537303169 0.0 0.0 0.0 0.0 0.0 0.0 0.0 0.0 0.0 0.0 0.0 0.0 0.0 0.0 0.0 0.0 0.0 0.0 0.0
0.3629252571539858 0.3629252571539858 0.3629252571539858 0.3629252571539858 0.3629252571539858 0.3629252571539858 0.3629252571539858 0.3629252571539858 0.3629252571539858 0.3629252571539858 0.35817842375122155 0.3483571181410222 0.33853581253080606 0.3287145069206067 0.3188932013104073 0.309071895700208 0.29925059009000865 0.28942928447980926 0.27960797886960986 0.2697866732594105 0.2599653676492112 0.2501440620390118 0.2351990037089578 0.21477653789087175 0.1943540720727857 0.17393160625466483 0.15350914043657876 0.13308667461849272 0.11266420880040667 0.09224174298232063 0.07181927716423459 0.05139681134614854 0.03097434552806247 0.010551879709976425 0.0 0.0 0.0 0.0 0.0 0.0 0.0 0.0 0.0 0.0 0.0 0.0 0.0 0.0 0.0 0.0 0.0 0.0 0.0
0.4958075097946404 0.4958075097946404 0.4958075097946404 0.4958075097946404 0.4958075097946404 0.4958075097946404 0.4958075097946404 0.4958075097946404 0.4958075097946404 0.4958075097946404 0.4885266693914492 0.4734624460173601 0.4583982226432453 0.4433339992691563 0.4282697758950672 0.4132055525209781 0.39814132914688904 0.38307710577279996 0.3680128823987109 0.35294865902462186 0.3378844356505328 0.32282021227644375 0.3023481960162418 0.2760951269091021 0.2498420578019624 0.2235889886947779 0.1973359195876382 0.17108285048049846 0.14482978137335875 0.11857671226621905 0.09232364315907932 0.06607057405193961 0.03981750494479991 0.01356443583766015 0.0 0.0 0.0 0.0 0.0 0.0 0.0 0.0 0.0 0.0 0.0 0.0 0.0 0.0 0.0 0.0 0.0 0.0 0.0
0.6286897624352952 0.6286897624352952 0.6286897624352952 0.6286897624352952 0.6286897624352952 0.6286897624352952 0.6286897624352952 0.6286897624352952 0.6286897624352952 0.6286897624352952 0.618874915031677 0.5985677738936982 0.5782606327556847 0.557953491617706 0.5376463504797272 0.5173392093417485 0.49703206820376966 0.4767249270657909 0.4564177859278121 0.4361106447898333 0.4158035036518546 0.39549636251387577 0.36949738832352597 0.33741371592733255 0.30533004353113913 0.27324637113489103 0.24116269873869767 0.20907902634250428 0.17699535394631088 0.1449116815501175 0.1128280091539241 0.08074433675773074 0.04866066436153732 0.016576991965343957 0.0 0.0 0.0 0.0 0.0 0.0 0.0 0.0 0.0 0.0 0.0 0.0 0.0 0.0 0.0 0.0 0.0 0.0 0.0
0.761572015076063 0.761572015076063 0.761572015076063 0.761572015076063 0.761572015076063 0.761572015076063 0.761572015076063 0.761572015076063 0.761572015076063 0.761572015076063 0.7492231606720157 0.7236731017701428 0.6981230428682262 0.6725729839663532 0.6470229250644803 0.6214728661626074 0.5959228072607344 0.5703727483588615 0.5448226894569885 0.5192726305551156 0.4937225716532427 0.46817251275136973 0.4366465806308673 0.39873230494561523 0.3608180292603632 0.3229037535750465 0.28498947788979445 0.24707520220454246 0.2091609265192904 0.1712466508340384 0.13333237514878632 0.0954180994635343 0.05750382377828228 0.019589548093030262 0.0 0.0 0.0 0.0 0.0 0.0 0.0 0.0 0.0 0.0 0.0 0.0 0.0 0.0 0.0 0.0 0.0 0.0 0.0
0.8944542677167177 0.8944542677167177 0.8944542677167177 0.8944542677167177 0.8944542677167177 0.8944542677167177 0.8944542677167177 0.8944542677167177 0.8944542677167177 0.8944542677167177 0.8795714063122434 0.8487784296464808 0.8179854529806656 0.7871924763149029 0.7563994996491402 0.7256065229833776 0.6948135463176149 0.6640205696518523 0.6332275929860895 0.6024346163203269 0.5716416396545643 0.5408486629888016 0.5037957729381513 0.4600508939638456 0.4163060149895399 0.3725611360151596 0.32881625704085393 0.2850713780665482 0.24132649909224252 0.19758162011793684 0.1538367411436311 0.11009186216932543 0.0663469831950197 0.02260210422071407 0.0 0.0 0.0 0.0 0.0 0.0 0.0 0.0 0.0 0.0 0.0 0.0 0.0 0.0 0.0 0.0 0.0 0.0 0.0
1.0273365203573723 1.0273365203573723 1.0273365203573723 1.0273365203573723 1.0273365203573723 1.0273365203573723 1.0273365203573723 1.0273365203573723 1.0273365203573723 1.0273365203573723 1.0099196519524711 0.9738837575228187 0.9378478630931049 0.9018119686634525 0.8657760742338002 0.8297401798041478 0.7937042853744954 0.7576683909448431 0.7216324965151908 0.6855966020855384 0.649560707655886 0.6135248132262336 0.5709449652454354 0.521369482982076 0.4717940007187166 0.4222185184552727 0.3726430361919133 0.32306755392855396 0.2734920716651946 0.22391658940183523 0.1743411071384759 0.1247656248751165 0.07519014261175716 0.025614660348397766 0.0 0.0 0.0 0.0 0.0 0.0 0.0 0.0 0.0 0.0 0.0 0.0 0.0 0.0 0.0 0.0 0.0 0.0 0.0
1.160218772998027 1.160218772998027 1.160218772998027 1.160218772998027 1.160218772998027 1.160218772998027 1.160218772998027 1.160218772998027 1.160218772998027 1.160218772998027 1.1402678975926988 1.0989890853991566 1.0577102732055441 1.0164314610120022 0.9751526488184601 0.933873836624918 0.892595024431376 0.8513162122378339 0.8100374000442918 0.7687585878507497 0.7274797756572078 0.6862009634636657 0.6380941575527195 0.5826880720003064 0.5272819864478934 0.47187590089538584 0.4164698153429728 0.3610637297905598 0.30565764423814673 0.2502515586857337 0.19484547313332062 0.13943938758090757 0.08403330202849457 0.028627216476081463 0.0 0.0 0.0 0.0 0.0 0.0 0.0 0.0 0.0 0.0 0.0 0.0 0.0 0.0 0.0 0.0 0.0 0.0 0.0
1.2931010256386815 1.2931010256386815 1.2931010256386815 1.2931010256386815 1.2931010256386815 1.2931010256386815 1.2931010256386815 1.2931010256386815 1.2931010256386815 1.2931010256386815 1.2706161432329264 1.2240944132754945 1.1775726833179834 1.1310509533605517 1.0845292234031199 1.0380074934456882 0.9914857634882565 0.9449640335308247 0.8984423035733929 0.8519205736159612 0.8053988436585294 0.7588771137010977 0.7052433498600036 0.6440066610185369 0.5827699721770702 0.521533283335499 0.4602965944940323 0.3990599056525656 0.3378232168110989 0.2765865279696322 0.2153498391281654 0.1541131502866987 0.09287646144523198 0.03163977260376527 0.0 0.0 0.0 0.0 0.0 0.0 0.0 0.0 0.0 0.0 0.0 0.0 0.0 0.0 0.0 0.0 0.0 0.0 0.0
1.425983278279336 1.425983278279336 1.425983278279336 1.425983278279336 1.425983278279336 1.425983278279336 1.425983278279336 1.425983278279336 1.425983278279336 1.425983278279336 1.4009643888731538 1.3491997411518324 1.2974350934304226 1.2456704457091012 1.1939057979877798 1.1421411502664585 1.0903765025451368 1.0386118548238155 0.986847207102494 0.9350825593811725 0.8833179116598511 0.8315532639385296 0.7723925421672876 0.7053252500367672 0.6382579579062468 0.5711906657756121 0.5041233736450916 0.4370560815145713 0.36998878938405094 0.30292149725353057 0.23585420512301014 0.16878691299248982 0.1017196208619694 0.03465232873144897 0.0 0.0 0.0 0.0 0.0 0.0 0.0 0.0 0.0 0.0 0.0 0.0 0.0 0.0 0.0 0.0 0.0 0.0 0.0
1.5588655309199906 1.5588655309199906 1.5588655309199906 1.5588655309199906 1.5588655309199906 1.5588655309199906 1.5588655309199906 1.5588655309199906 1.5588655309199906 1.5588655309199906 1.5313126345133814 1.4743050690281703 1.417297503542862 1.3602899380576507 1.3032823725724396 1.2462748070872285 1.1892672416020174 1.1322596761168062 1.075252110631595 1.018244545146384 0.9612369796611728 0.9042294141759616 0.8395417344745717 0.7666438390549977 0.6937459436354236 0.6208480482157253 0.5479501527961512 0.4750522573765771 0.40215436195700305 0.329256466537429 0.25635857111785487 0.18346067569828084 0.11056278027870681 0.037664884859132775 0.0 0.0 0.0 0.0 0.0 0.0 0.0 0.0 0.0 0.0 0.0 0.0 0.0 0.0 0.0 0.0 0.0 0.0 0.0
1.6917477835607586 1.6917477835607586 1.6917477835607586 1.6917477835607586 1.6917477835607586 1.6917477835607586 1.6917477835607586 1.6917477835607586 1.6917477835607586 1.6917477835607586 1.6616608801537205 1.5994103969046152 1.5371599136554035 1.4749094304062982 1.4126589471571929 1.3504084639080876 1.2881579806589822 1.225907497409877 1.1636570141607716 1.1014065309116663 1.039156047662561 0.9769055644134557 0.9066909267819131 0.8279624280732804 0.7492339293646477 0.6705054306558806 0.591776931947248 0.5130484332386154 0.43431993452998263 0.3555914358213499 0.27686293711271726 0.1981344384040845 0.11940593969545188 0.040677440986819136 0.0 0.0 0.0 0.0 0.0 0.0 0.0 0.0 0.0 0.0 0.0 0.0 0.0 0.0 0.0 0.0 0.0 0.0 0.0
1.8246300362014132 1.8246300362014132 1.8246300362014132 1.8246300362014132 1.8246300362014132 1.8246300362014132 1.8246300362014132 1.8246300362014132 1.8246300362014132 1.8246300362014132 1.7920091257939479 1.724515724780953 1.6570223237678428 1.589528922754848 1.5220355217418529 1.4545421207288578 1.3870487197158627 1.3195553187028677 1.2520619176898728 1.1845685166768778 1.1170751156638827 1.0495817146508877 0.9738401190891972 0.8892810170915109 0.8047219150938244 0.7201628130959938 0.6356037110983075 0.5510446091006211 0.4664855071029347 0.38192640510524833 0.297367303107562 0.21280820110987564 0.12824909911218918 0.04368999711450283 0.0 0.0 0.0 0.0 0.0 0.0 0.0 0.0 0.0 0.0 0.0 0.0 0.0 0.0 0.0 0.0 0.0 0.0 0.0
1.9027506222368886 1.9027506222368886 1.9027506222368886 1.9027506222368886 1.9027506222368886 1.9027506222368886 1.9027506222368886 1.9027506222368886 1.9027506222368886 1.9027506222368886 1.8683265000783562 1.797102213191671 1.7258779263048643 1.654653639418179 1.583429352531494 1.5122050656448087 1.4409807787581235 1.3697564918714382 1.298532204984753 1.2273079180980677 1.1560836312113825 1.0848593443246974 1.0059162759981948 0.9187216558173046 0.8315270356364146 0.7443324154553759 0.6571377952744858 0.5699431750935957 0.48274855491270563 0.39555393473181566 0.3083593145509256 0.2211646943700355 0.13397007418914542 0.046775454008255446 0.0017237373496809053 0.0017237373496809053 0.0017237373496809053 0.0017237373496809053 0.0017237373496809053 0.0017237373496809053 0.0017237373496809053 0.0017237373496809053 0.0017237373496809053 0.0017237373496809053 0.0017237373496809053 0.0017237373496809053 0.001703898836540161 0.0016628525042897062 0.0016218061720392515 0.0015807598397887968 0.001539713507538342 0.0014986671752878172 0.0014576208430373625
1.9223344388761814 1.9223344388761814 1.9223344388761814 1.9223344388761814 1.9223344388761814 1.9223344388761814 1.9223344388761814 1.9223344388761814 1.9223344388761814 1.9223344388761814 1.8868882790184238 1.8135493730293726 1.7402104670401963 1.666871561051145 1.5935326550620939 1.5201937490730426 1.4468548430839911 1.3735159370949401 1.3001770311058887 1.2268381251168377 1.1534992191277862 1.080160313138735 1.0005015690893353 0.9140867752835211 0.8276719814777069 0.7412571876717453 0.6548423938659311 0.5684276000601169 0.4820128062543029 0.3955980124484887 0.3091832186426745 0.22276842483686032 0.13635363103104614 0.04993883722523196 0.005290041260846187 0.005290041260846187 0.005290041260846187 0.005290041260846187 0.005290041260846187 0.005290041260846187 0.005290041260846187 0.005290041260846187 0.005290041260846187 0.005290041260846187 0.005290041260846187 0.005290041260846187 0.005229158114647722 0.005103189508553816 0.00497722090245991 0.004851252296366003 0.0047252836902720976 0.004599315084177977 0.00447334647808407
1.9419182555154744 1.9419182555154744 1.9419182555154744 1.9419182555154744 1.9419182555154744 1.9419182555154744 1.9419182555154744 1.9419182555154744 1.9419182555154744 1.9419182555154744 1.9054500579584919 1.8299965328670744 1.7545430077755286 1.6790894826841112 1.603635957592694 1.5281824325012767 1.4527289074098593 1.3772753823184418 1.3018218572270248 1.2263683321356074 1.15091480704419 1.0754612819527727 0.9950868621804762 0.9094518947497379 0.8238169273189995 0.7381819598881152 0.6525469924573768 0.5669120250266384 0.4812770575959001 0.39564209016516183 0.31000712273442355 0.22437215530368515 0.13873718787294687 0.05310222044220847 0.008856345172011462 0.008856345172011462 0.008856345172011462 0.008856345172011462 0.008856345172011462 0.008856345172011462 0.008856345172011462 0.008856345172011462 0.008856345172011462 0.008856345172011462 0.008856345172011462 0.008856345172011462 0.008754417392755277 0.008543526512817921 0.008332635632880564 0.008121744752943206 0.00791085387300585 0.007699962993068133 0.007489072113130777
1.9615020721547671 1.9615020721547671 1.9615020721547671 1.9615020721547671 1.9615020721547671 1.9615020721547671 1.9615020721547671 1.9615020721547671 1.9615020721547671 1.9615020721547671 1.9240118368985595 1.846443692704776 1.7688755485108605 1.6913074043170773 1.6137392601232938 1.5361711159295104 1.4586029717357272 1.381034827541944 1.3034666833481605 1.225898539154377 1.1483303949605936 1.0707622507668104 0.9896721552716168 0.9048170142159543 0.8199618731602918 0.7351067321044846 0.6502515910488222 0.5653964499931599 0.48054130893749736 0.39568616788183486 0.3108310268261725 0.22597588577050998 0.14112074471484748 0.05626560365918509 0.012422649083176734 0.012422649083176734 0.012422649083176734 0.012422649083176734 0.012422649083176734 0.012422649083176734 0.012422649083176734 0.012422649083176734 0.012422649083176734 0.012422649083176734 0.012422649083176734 0.012422649083176734 0.012279676670862829 0.01198386351708202 0.011688050363301214 0.011392237209520406 0.0110964240557396 0.010800610901958286 0.01050479774817748
1.9810858887940765 1.9810858887940765 1.9810858887940765 1.9810858887940765 1.9810858887940765 1.9810858887940765 1.9810858887940765 1.9810858887940765 1.9810858887940765 1.9810858887940765 1.9425736158386429 1.8628908525424919 1.7832080892462048 1.7035253259500536 1.6238425626539024 1.5441597993577512 1.4644770360616 1.3847942727654488 1.3051115094692975 1.2254287461731463 1.1457459828769951 1.066063219580844 0.9842574483627528 0.9001821336821669 0.816106819001581 0.7320315043208517 0.6479561896402658 0.56388087495968 0.47980556027909405 0.3957302455985081 0.3116549309179223 0.22757961623733636 0.14350430155675042 0.0594289868761646 0.01598895299434505 0.01598895299434505 0.01598895299434505 0.01598895299434505 0.01598895299434505 0.01598895299434505 0.01598895299434505 0.01598895299434505 0.01598895299434505 0.01598895299434505 0.01598895299434505 0.01598895299434505 0.015804935948973392 0.01542420052134906 0.01504346509372473 0.0146627296661004 0.014281994238476068 0.013901258810851087 0.013520523383226757
