Figures/CREST_Example_wjb_NSE/Rolling_result/20100722/BJP_forecast/ens_7/wjb.rain.20100213.asc
ncols            288
nrows            254
xllcorner        113.274861
yllcorner        31.4918055
cellsize         0.008333333333
NODATA_value     -9999
[rows 57 to 75 of 254, columns 88 to 131 of 288]
0.7980290796323029 0.7980290796323029 0.7980290796323029 0.7980290796323029 0.7980290796323029 0.7980290796323029 0.7980290796323029 0.7980290796323029 0.7980290796323029 0.7980290796323029 0.7980290796323029 0.7849388985985527 0.7578550180618406 0.7307711375251287 0.7036872569884167 0.6766033764517047 0.6495194959149465 0.6224356153782344 0.5953517348415225 0.5682678543048105 0.5411839737680985 0.5141000932313864 0.48701621269467443 0.4730225131786881 0.4730225131786881 0.4730225131786881 0.4730225131786881 0.4730225131786881 0.4730225131786881 0.4730225131786881 0.4730225131786881 0.4730225131786881 0.4730225131786881 0.4730225131786881 0.4730225131786881 0.5002595961213169 0.5566137366905024 0.6129678772596878 0.6693220178288732 0.7256761583980587 0.7820302989672442 0.8383844395364297 0.8947385801057113 0.9510927206748967
0.7460623975579349 0.7460623975579349 0.7460623975579349 0.7460623975579349 0.7460623975579349 0.7460623975579349 0.7460623975579349 0.7460623975579349 0.7460623975579349 0.7460623975579349 0.7460623975579349 0.7334328921380909 0.7073021598627394 0.6811714275873877 0.6550406953120361 0.6289099630366844 0.6027792307612883 0.5766484984859367 0.5505177662105851 0.5243870339352334 0.4982563016598819 0.47212556938453026 0.44599483710917864 0.43249361024110483 0.43249361024110483 0.43249361024110483 0.43249361024110483 0.43249361024110483 0.43249361024110483 0.43249361024110483 0.43249361024110483 0.43249361024110483 0.43249361024110483 0.43249361024110483 0.43249361024110483 0.45758695118335374 0.50950564107348 0.5614243309636062 0.6133430208537325 0.6652617107438588 0.717180400633985 0.7690990905241113 0.8210177804143262 0.8729364703044524
0.6940957154835227 0.6940957154835227 0.6940957154835227 0.6940957154835227 0.6940957154835227 0.6940957154835227 0.6940957154835227 0.6940957154835227 0.6940957154835227 0.6940957154835227 0.6940957154835227 0.6819268856775853 0.6567493016635949 0.6315717176496045 0.606394133635614 0.5812165496216236 0.5560389656075903 0.5308613815935999 0.5056837975796095 0.48050621356561907 0.4553286295516286 0.4301510455376382 0.40497346152364777 0.391964707303487 0.391964707303487 0.391964707303487 0.391964707303487 0.391964707303487 0.391964707303487 0.391964707303487 0.391964707303487 0.391964707303487 0.391964707303487 0.391964707303487 0.391964707303487 0.4149143062453542 0.4623975454564175 0.5098807846674808 0.5573640238785441 0.6048472630896073 0.6523305023006707 0.699813741511734 0.7472969807228782 0.7947802199339415
0.6421290334091547 0.6421290334091547 0.6421290334091547 0.6421290334091547 0.6421290334091547 0.6421290334091547 0.6421290334091547 0.6421290334091547 0.6421290334091547 0.6421290334091547 0.6421290334091547 0.6304208792171235 0.6061964434644935 0.5819720077118635 0.5577475719592335 0.5335231362066034 0.5092987004539321 0.4850742647013021 0.4608498289486721 0.43662539319604204 0.412400957443412 0.388176521690782 0.363952085938152 0.3514358043659037 0.3514358043659037 0.3514358043659037 0.3514358043659037 0.3514358043659037 0.3514358043659037 0.3514358043659037 0.3514358043659037 0.3514358043659037 0.3514358043659037 0.3514358043659037 0.3514358043659037 0.37224166130739106 0.41528944983939514 0.4583372383713993 0.5013850269034034 0.5444328154354074 0.5874806039674116 0.6305283924994157 0.6735761810314933 0.7166239695634974
0.594585757092876 0.594585757092876 0.594585757092876 0.594585757092876 0.594585757092876 0.594585757092876 0.594585757092876 0.594585757092876 0.594585757092876 0.594585757092876 0.594585757092876 0.5835751791796361 0.5607940445204987 0.5380129098613614 0.515231775202224 0.4924506405430866 0.46966950588391043 0.4468883712247731 0.4241072365656357 0.4013261019064983 0.378544967247361 0.35576383258822364 0.33298269792908625 0.3212121411722334 0.3212121411722334 0.3212121411722334 0.3212121411722334 0.3212121411722334 0.3212121411722334 0.3212121411722334 0.3212121411722334 0.3212121411722334 0.3212121411722334 0.3212121411722334 0.3212121411722334 0.34036029617748476 0.3799782619148369 0.41959622765218907 0.4592141933895412 0.4988321591268934 0.5384501248642455 0.5780680906015977 0.6176860563390174 0.6573040220763695
0.5517708226235936 0.5517708226235936 0.5517708226235936 0.5517708226235936 0.5517708226235936 0.5517708226235936 0.5517708226235936 0.5517708226235936 0.5517708226235936 0.5517708226235936 0.5517708226235936 0.5417110528626419 0.5208971617690068 0.5000832706753717 0.47926937958173665 0.4584554884881016 0.43764159739443104 0.416827706300796 0.39601381520716095 0.3751999241135259 0.3543860330198908 0.3335721419262557 0.31275825083262065 0.30200412948992794 0.30200412948992794 0.30200412948992794 0.30200412948992794 0.30200412948992794 0.30200412948992794 0.30200412948992794 0.30200412948992794 0.30200412948992794 0.30200412948992794 0.30200412948992794 0.30200412948992794 0.3200141287412951 0.3572772244847086 0.3945403202281221 0.4318034159715356 0.46906651171494906 0.5063296074583625 0.543592703201776 0.580855798945253 0.6181188946886665
0.5089558881543113 0.5089558881543113 0.5089558881543113 0.5089558881543113 0.5089558881543113 0.5089558881543113 0.5089558881543113 0.5089558881543113 0.5089558881543113 0.5089558881543113 0.5089558881543113 0.4998469265456478 0.48100027901751496 0.46215363148938216 0.4433069839612494 0.4244603364331166 0.40561368890495164 0.3867670413768189 0.3679203938486861 0.3490737463205533 0.3302270987924205 0.3113804512642877 0.2925338037361549 0.28279611780762237 0.28279611780762237 0.28279611780762237 0.28279611780762237 0.28279611780762237 0.28279611780762237 0.28279611780762237 0.28279611780762237 0.28279611780762237 0.28279611780762237 0.28279611780762237 0.28279611780762237 0.29966796130510537 0.3345761870545802 0.36948441280405503 0.4043926385535298 0.43930086430300463 0.47420909005247946 0.5091173158019543 0.5440255415514886 0.5789337673009634
0.4661409536850288 0.4661409536850288 0.4661409536850288 0.4661409536850288 0.4661409536850288 0.4661409536850288 0.4661409536850288 0.4661409536850288 0.4661409536850288 0.4661409536850288 0.4661409536850288 0.45798280022865345 0.441103396266023 0.4242239923033925 0.40734458834076204 0.39046518437813155 0.37358578041547225 0.35670637645284176 0.3398269724902113 0.3229475685275808 0.30606816456495034 0.2891887606023198 0.27230935663968936 0.2635881061253169 0.2635881061253169 0.2635881061253169 0.2635881061253169 0.2635881061253169 0.2635881061253169 0.2635881061253169 0.2635881061253169 0.2635881061253169 0.2635881061253169 0.2635881061253169 0.2635881061253169 0.27932179386891576 0.3118751496244519 0.34442850537998804 0.3769818611355242 0.4095352168910603 0.4420885726465965 0.4746419284021326 0.5071952841577243 0.5397486399132605
0.42332601921574636 0.42332601921574636 0.42332601921574636 0.42332601921574636 0.42332601921574636 0.42332601921574636 0.42332601921574636 0.42332601921574636 0.42332601921574636 0.42332601921574636 0.42332601921574636 0.41611867391165924 0.40120651351453107 0.38629435311740284 0.3713821927202747 0.35647003232314645 0.34155787192599285 0.3266457115288646 0.31173355113173645 0.2968213907346082 0.28190923033748005 0.2669970699403519 0.25208490954322366 0.2443800944430114 0.2443800944430114 0.2443800944430114 0.2443800944430114 0.2443800944430114 0.2443800944430114 0.2443800944430114 0.2443800944430114 0.2443800944430114 0.2443800944430114 0.2443800944430114 0.2443800944430114 0.2589756264327261 0.28917411219432354 0.319372597955921 0.3495710837175185 0.379769569479116 0.40996805524071345 0.4401665410023109 0.47036502676395986 0.5005635125255574
0.3805110847464275 0.3805110847464275 0.3805110847464275 0.3805110847464275 0.3805110847464275 0.3805110847464275 0.3805110847464275 0.3805110847464275 0.3805110847464275 0.3805110847464275 0.3805110847464275 0.37425454759462934 0.36130963076300515 0.3483647139313809 0.33541979709975667 0.3224748802681324 0.30952996343648614 0.2965850466048619 0.2836401297732377 0.2706952129416135 0.25775029610998923 0.24480537927836502 0.2318604624467408 0.22517208276068953 0.22517208276068953 0.22517208276068953 0.22517208276068953 0.22517208276068953 0.22517208276068953 0.22517208276068953 0.22517208276068953 0.22517208276068953 0.22517208276068953 0.22517208276068953 0.22517208276068953 0.23862945899651908 0.26647307476417587 0.2943166905318326 0.32216030629948944 0.35000392206714626 0.377847537834803 0.4056911536024598 0.4335347693701641 0.46137838513782087
0.33769615027714506 0.33769615027714506 0.33769615027714506 0.33769615027714506 0.33769615027714506 0.33769615027714506 0.33769615027714506 0.33769615027714506 0.33769615027714506 0.33769615027714506 0.33769615027714506 0.33239042127763513 0.3214127480115132 0.3104350747453913 0.2994574014792693 0.2884797282131474 0.27750205494700675 0.26652438168088477 0.2555467084147629 0.24456903514864092 0.233591361882519 0.22261368861639708 0.21163601535027513 0.20596407107838402 0.20596407107838402 0.20596407107838402 0.20596407107838402 0.20596407107838402 0.20596407107838402 0.20596407107838402 0.20596407107838402 0.20596407107838402 0.20596407107838402 0.20596407107838402 0.20596407107838402 0.2182832915603294 0.2437720373340475 0.26926078310776563 0.29474952888148376 0.3202382746552018 0.34572702042891995 0.3712157662026381 0.39670451197639967 0.42219325775011773
0.2948812158078627 0.2948812158078627 0.2948812158078627 0.2948812158078627 0.2948812158078627 0.2948812158078627 0.2948812158078627 0.2948812158078627 0.2948812158078627 0.2948812158078627 0.2948812158078627 0.290526294960641 0.2815158652600213 0.27250543555940165 0.26349500585878205 0.2544845761581624 0.24547414645752738 0.23646371675690772 0.2274532870562881 0.21844285735566843 0.2094324276550488 0.20042199795442917 0.1914115682538095 0.18675605939607853 0.18675605939607853 0.18675605939607853 0.18675605939607853 0.18675605939607853 0.18675605939607853 0.18675605939607853 0.18675605939607853 0.18675605939607853 0.18675605939607853 0.18675605939607853 0.18675605939607853 0.19793712412413975 0.2210709999039192 0.24420487568369864 0.2673387514634781 0.2904726272432575 0.31360650302303694 0.3367403788028164 0.3598742545826353 0.3830081303624147
0.25206628133858033 0.25206628133858033 0.25206628133858033 0.25206628133858033 0.25206628133858033 0.25206628133858033 0.25206628133858033 0.25206628133858033 0.25206628133858033 0.25206628133858033 0.25206628133858033 0.24866216864364676 0.24161898250852942 0.23457579637341205 0.2275326102382947 0.22048942410317734 0.21344623796804799 0.20640305183293062 0.19935986569781328 0.1923166795626959 0.18527349342757857 0.1782303072924612 0.17118712115734386 0.16754804771377302 0.16754804771377302 0.16754804771377302 0.16754804771377302 0.16754804771377302 0.16754804771377302 0.16754804771377302 0.16754804771377302 0.16754804771377302 0.16754804771377302 0.16754804771377302 0.16754804771377302 0.17759095668795008 0.19836996247379085 0.21914896825963162 0.2399279740454724 0.2607069798313132 0.28148598561715393 0.3022649914029947 0.3230439971888709 0.3438230029747117
0.20925134686929792 0.20925134686929792 0.20925134686929792 0.20925134686929792 0.20925134686929792 0.20925134686929792 0.20925134686929792 0.20925134686929792 0.20925134686929792 0.20925134686929792 0.20925134686929792 0.20679804232665255 0.20172209975703748 0.19664615718742243 0.19157021461780735 0.1864942720481923 0.18141832947856856 0.1763423869089535 0.17126644433933846 0.1661905017697234 0.1611145592001083 0.15603861663049326 0.1509626740608782 0.1483400360314675 0.1483400360314675 0.1483400360314675 0.1483400360314675 0.1483400360314675 0.1483400360314675 0.1483400360314675 0.1483400360314675 0.1483400360314675 0.1483400360314675 0.1483400360314675 0.1483400360314675 0.15724478925176041 0.1756689250436625 0.1940930608355646 0.2125171966274667 0.2309413324193688 0.24936546821127087 0.267789604003173 0.2862137397951065 0.3046378755870086
0.1664364124000155 0.1664364124000155 0.1664364124000155 0.1664364124000155 0.1664364124000155 0.1664364124000155 0.1664364124000155 0.1664364124000155 0.1664364124000155 0.1664364124000155 0.1664364124000155 0.16493391600965832 0.16182521700554556 0.15871651800143277 0.15560781899732 0.15249911999320725 0.14939042098908917 0.1462817219849764 0.14317302298086362 0.14006432397675087 0.1369556249726381 0.13384692596852532 0.13073822696441256 0.12913202434916202 0.12913202434916202 0.12913202434916202 0.12913202434916202 0.12913202434916202 0.12913202434916202 0.12913202434916202 0.12913202434916202 0.12913202434916202 0.12913202434916202 0.12913202434916202 0.12913202434916202 0.13689862181557075 0.15296788761353416 0.1690371534114976 0.18510641920946103 0.20117568500742444 0.21724495080538786 0.23331421660335128 0.24938348240134212 0.26545274819930553
0.12362147793069661 0.12362147793069661 0.12362147793069661 0.12362147793069661 0.12362147793069661 0.12362147793069661 0.12362147793069661 0.12362147793069661 0.12362147793069661 0.12362147793069661 0.12362147793069661 0.12306978969262843 0.12192833425401962 0.12078687881541082 0.11964542337680202 0.11850396793819322 0.11736251249958247 0.11622105706097367 0.11507960162236487 0.11393814618375608 0.11279669074514728 0.11165523530653848 0.11051377986792968 0.10992401266684014 0.10992401266684014 0.10992401266684014 0.10992401266684014 0.10992401266684014 0.10992401266684014 0.10992401266684014 0.10992401266684014 0.10992401266684014 0.10992401266684014 0.10992401266684014 0.10992401266684014 0.11655245437936373 0.1302668501833865 0.14398124598740922 0.15769564179143197 0.1714100375954547 0.18512443339947743 0.19883882920350016 0.2125532250075463 0.22626762081156904
0.12001119134566501 0.12001119134566501 0.12001119134566501 0.12001119134566501 0.12001119134566501 0.12001119134566501 0.12001119134566501 0.12001119134566501 0.12001119134566501 0.12001119134566501 0.12001119134566501 0.11904297962482532 0.11703972768248348 0.11503647574014164 0.1130332237977998 0.11102997185545796 0.10902671991311269 0.10702346797077085 0.10502021602842901 0.10301696408608717 0.10101371214374533 0.09901046020140349 0.09700720825906164 0.09597216803659613 0.09597216803659613 0.09597216803659613 0.09597216803659613 0.09597216803659613 0.09597216803659613 0.09597216803659613 0.09597216803659613 0.09597216803659613 0.09597216803659613 0.09597216803659613 0.09597216803659613 0.10176927286989443 0.11376361387029181 0.1257579548706892 0.1377522958710866 0.14974663687148398 0.16174097787188135 0.17373531887227872 0.18572965987269657 0.19772400087309397
0.15830820146413194 0.15830820146413194 0.15830820146413194 0.15830820146413194 0.15830820146413194 0.15830820146413194 0.15830820146413194 0.15830820146413194 0.15830820146413194 0.15830820146413194 0.15830820146413194 0.1554618749540077 0.1495727610471853 0.1436836471403629 0.1377945332335405 0.1319054193267181 0.12601630541988565 0.12012719151306324 0.11423807760624083 0.10834896369941843 0.10245984979259604 0.09657073588577361 0.09068162197895122 0.087638834579421 0.087638834579421 0.087638834579421 0.087638834579421 0.087638834579421 0.087638834579421 0.087638834579421 0.087638834579421 0.087638834579421 0.087638834579421 0.087638834579421 0.087638834579421 0.09293257256532605 0.10388543617493172 0.11483829978453738 0.12579116339414304 0.1367440270037487 0.1476968906133544 0.15864975422296007 0.1696026178325844 0.18055548144219008
0.19660521158259892 0.19660521158259892 0.19660521158259892 0.19660521158259892 0.19660521158259892 0.19660521158259892 0.19660521158259892 0.19660521158259892 0.19660521158259892 0.19660521158259892 0.19660521158259892 0.19188077028319014 0.18210579441188718 0.1723308185405842 0.16255584266928125 0.15278086679797825 0.14300589092665864 0.13323091505535567 0.12345593918405269 0.11368096331274972 0.10390598744144675 0.09413101157014378 0.08435603569884081 0.07930550112224587 0.07930550112224587 0.07930550112224587 0.07930550112224587 0.07930550112224587 0.07930550112224587 0.07930550112224587 0.07930550112224587 0.07930550112224587 0.07930550112224587 0.07930550112224587 0.07930550112224587 0.08409587226075767 0.09400725847957161 0.10391864469838555 0.11383003091719948 0.12374141713601343 0.13365280335482738 0.1435641895736413 0.15347557579247215 0.1633869620112861
