Figures/CREST_Example_wjb_NSE/Rolling_result/20100722/BJP_forecast/ens_7/wjb.rain.20100727.asc
ncols            288
nrows            254
xllcorner        113.274861
yllcorner        31.4918055
cellsize         0.008333333333
NODATA_value     -9999
[rows 20 to 39 of 254, columns 0 to 44 of 288]
-9999.0 -9999.0 -9999.0 -9999.0 -9999.0 -9999.0 -9999.0 -9999.0 -9999.0 -9999.0 -9999.0 -9999.0 -9999.0 -9999.0 -9999.0 -9999.0 -9999.0 -9999.0 -9999.0 -9999.0 -9999.0 -9999.0 -9999.0 7.361206839513092 7.361206839513092 7.361206839513092 7.361206839513092 7.361206839513092 7.361206839513092 7.361206839513092 7.361206839513092 7.361206839513092 7.361206839513092 7.361206839513092 7.361206839513092 7.361206839513092 7.361206839513092 7.361206839513092 7.361206839513092 7.361206839513092 7.361206839513092 7.361206839513092 7.361206839513092 7.361206839513092 7.361206839513092
-9999.0 -9999.0 -9999.0 -9999.0 -9999.0 -9999.0 -9999.0 -9999.0 -9999.0 -9999.0 -9999.0 -9999.0 -9999.0 -9999.0 -9999.0 -9999.0 -9999.0 -9999.0 -9999.0 -9999.0 -9999.0 -9999.0 7.361206839513092 7.361206839513092 7.361206839513092 7.361206839513092 7.361206839513092 7.361206839513092 7.361206839513092 7.361206839513092 7.361206839513092 7.361206839513092 7.361206839513092 7.361206839513092 7.361206839513092 7.361206839513092 7.361206839513092 7.361206839513092 7.361206839513092 7.361206839513092 7.361206839513092 7.361206839513092 7.361206839513092 7.361206839513092 7.361206839513092
-9999.0 -9999.0 -9999.0 -9999.0 -9999.0 -9999.0 -9999.0 -9999.0 -9999.0 -9999.0 -9999.0 -9999.0 -9999.0 -9999.0 -9999.0 -9999.0 -9999.0 -9999.0 -9999.0 -9999.0 -9999.0 -9999.0 -9999.0 7.361206839513092 7.361206839513092 7.361206839513092 7.361206839513092 7.361206839513092 7.361206839513092 7.361206839513092 7.361206839513092 7.361206839513092 7.361206839513092 7.361206839513092 7.361206839513092 7.361206839513092 7.361206839513092 7.361206839513092 7.361206839513092 7.361206839513092 7.361206839513092 7.361206839513092 7.361206839513092 7.361206839513092 7.361206839513092
-9999.0 -9999.0 -9999.0 -9999.0 -9999.0 -9999.0 -9999.0 -9999.0 -9999.0 -9999.0 -9999.0 -9999.0 -9999.0 -9999.0 -9999.0 -9999.0 -9999.0 -9999.0 -9999.0 -9999.0 -9999.0 -9999.0 7.361206839513092 7.361206839513092 7.361206839513092 7.361206839513092 7.361206839513092 7.361206839513092 7.361206839513092 7.361206839513092 7.361206839513092 7.361206839513092 7.361206839513092 7.361206839513092 7.361206839513092 7.361206839513092 7.361206839513092 7.361206839513092 7.361206839513092 7.361206839513092 7.361206839513092 7.361206839513092 7.361206839513092 7.361206839513092 7.361206839513092
-9999.0 -9999.0 -9999.0 -9999.0 -9999.0 -9999.0 -9999.0 -9999.0 -9999.0 -9999.0 -9999.0 -9999.0 -9999.0 -9999.0 -9999.0 -9999.0 -9999.0 -9999.0 -9999.0 -9999.0 -9999.0 -9999.0 7.361206839513092 7.361206839513092 7.361206839513092 7.361206839513092 7.361206839513092 7.361206839513092 7.361206839513092 7.361206839513092 7.361206839513092 7.361206839513092 7.361206839513092 7.361206839513092 7.361206839513092 7.361206839513092 7.361206839513092 7.361206839513092 7.361206839513092 7.361206839513092 7.361206839513092 7.361206839513092 7.361206839513092 7.361206839513092 7.361206839513092
-9999.0 -9999.0 -9999.0 -9999.0 -9999.0 -9999.0 -9999.0 -9999.0 -9999.0 -9999.0 -9999.0 -9999.0 -9999.0 -9999.0 -9999.0 -9999.0 -9999.0 -9999.0 -9999.0 -9999.0 -9999.0 -9999.0 7.361206839513092 7.361206839513092 7.361206839513092 7.361206839513092 7.361206839513092 4.446196151126433 4.448619645178731 4.45104313923103 4.453466633283329 4.4558901273356275 4.4583136213879255 4.460737115440224 4.463160609492523 4.465584103544822 4.46800759759712 4.470431091649419 4.472854585701718 4.391825967331841 4.2215851547314855 4.05134434213113 3.881103529530775 3.7108627169304196 3.540621904330065
-9999.0 -9999.0 -9999.0 -9999.0 -9999.0 -9999.0 -9999.0 -9999.0 -9999.0 -9999.0 -9999.0 -9999.0 -9999.0 -9999.0 -9999.0 -9999.0 7.361206839513092 7.361206839513092 7.361206839513092 7.361206839513092 7.361206839513092 7.361206839513092 7.361206839513092 7.361206839513092 7.361206839513092 7.361206839513092 7.361206839513092 4.497287717895311 4.503951248770054 4.510614779644797 4.51727831051954 4.523941841394283 4.530605372269026 4.537268903143769 4.543932434018512 4.550595964893255 4.5572594957679975 4.56392302664274 4.570586557517483 4.504555071917053 4.36081097076815 4.217066869619249 4.073322768470346 3.9295786673214437 3.7858345661725417
-9999.0 -9999.0 -9999.0 -9999.0 -9999.0 -9999.0 -9999.0 -9999.0 -9999.0 -9999.0 -9999.0 -9999.0 -9999.0 -9999.0 -9999.0 -9999.0 7.361206839513092 7.361206839513092 7.361206839513092 7.361206839513092 7.361206839513092 7.361206839513092 7.361206839513092 7.361206839513092 7.361206839513092 7.361206839513092 7.361206839513092 4.548379284664233 4.559282852361425 4.570186420058615 4.5810899877558064 4.591993555452997 4.602897123150188 4.613800690847379 4.62470425854457 4.635607826241761 4.646511393938951 4.657414961636142 4.668318529333333 4.617284176502361 4.500036786804935 4.3827893971075085 4.265542007410081 4.148294617712655 4.031047228015228
-9999.0 -9999.0 -9999.0 -9999.0 -9999.0 -9999.0 -9999.0 -9999.0 -9999.0 -9999.0 -9999.0 -9999.0 -9999.0 -9999.0 -9999.0 7.361206839513092 7.361206839513092 7.361206839513092 7.361206839513092 7.361206839513092 7.361206839513092 7.361206839513092 7.361206839513092 7.361206839513092 7.361206839513092 7.361206839513092 7.361206839513092 4.599470851433113 4.614614455952748 4.6297580604723825 4.644901664992018 4.660045269511653 4.675188874031288 4.690332478550923 4.705476083070558 4.720619687590194 4.735763292109828 4.750906896629464 4.766050501149099 4.730013281087573 4.639262602841599 4.548511924595626 4.457761246349652 4.367010568103679 4.276259889857705
-9999.0 -9999.0 -9999.0 -9999.0 -9999.0 -9999.0 -9999.0 -9999.0 -9999.0 -9999.0 -9999.0 -9999.0 -9999.0 -9999.0 -9999.0 7.361206839513092 7.361206839513092 7.361206839513092 7.361206839513092 7.361206839513092 7.361206839513092 7.361206839513092 7.361206839513092 7.361206839513092 7.361206839513092 7.361206839513092 7.361206839513092 4.650562418201991 4.6699460595440705 4.68932970088615 4.708713342228229 4.7280969835703095 4.747480624912389 4.766864266254468 4.786247907596548 4.805631548938627 4.825015190280706 4.844398831622786 4.863782472964865 4.842742385672786 4.778488418878265 4.714234452083745 4.649980485289224 4.585726518494703 4.521472551700183
-9999.0 -9999.0 -9999.0 -9999.0 -9999.0 -9999.0 -9999.0 -9999.0 -9999.0 -9999.0 -9999.0 -9999.0 -9999.0 -9999.0 -9999.0 7.361206839513092 7.361206839513092 7.361206839513092 7.361206839513092 7.361206839513092 7.361206839513092 7.361206839513092 7.361206839513092 7.361206839513092 7.361206839513092 7.361206839513092 7.361206839513092 4.7016539849708705 4.725277663135394 4.748901341299917 4.7725250194644415 4.796148697628965 4.819772375793489 4.8433960539580125 4.867019732122537 4.89064341028706 4.914267088451584 4.937890766616108 4.961514444780631 4.955471490257998 4.91771423491493 4.879956979571863 4.842199724228795 4.8044424688857275 4.76668521354266
-9999.0 -9999.0 -9999.0 -9999.0 -9999.0 -9999.0 -9999.0 -9999.0 -9999.0 -9999.0 -9999.0 -9999.0 -9999.0 -9999.0 -9999.0 7.361206839513092 7.361206839513092 7.361206839513092 7.361206839513092 7.361206839513092 7.361206839513092 7.361206839513092 7.361206839513092 7.361206839513092 7.361206839513092 7.361206839513092 7.361206839513092 4.752745551739748 4.780609266726716 4.808472981713685 4.836336696700652 4.86420041168762 4.892064126674589 4.919927841661557 4.947791556648525 4.9756552716354925 5.003518986622461 5.031382701609429 5.059246416596397 5.06820059484321 5.056940050951596 5.045679507059981 5.034418963168366 5.0231584192767516 5.011897875385137
-9999.0 -9999.0 -9999.0 -9999.0 -9999.0 -9999.0 -9999.0 -9999.0 -9999.0 -9999.0 -9999.0 -9999.0 -9999.0 -9999.0 7.361206839513092 7.361206839513092 7.361206839513092 7.361206839513092 7.361206839513092 7.361206839513092 7.361206839513092 7.361206839513092 7.361206839513092 7.361206839513092 7.361206839513092 7.361206839513092 7.361206839513092 4.803837118508627 4.83594087031804 4.868044622127452 4.900148373936864 4.932252125746277 4.964355877555689 4.996459629365101 5.028563381174513 5.060667132983927 5.092770884793339 5.124874636602751 5.156978388412163 5.180929699428423 5.196165866988261 5.211402034548099 5.226638202107938 5.2418743696677765 5.257110537227615
-9999.0 -9999.0 -9999.0 -9999.0 -9999.0 -9999.0 -9999.0 -9999.0 -9999.0 -9999.0 -9999.0 -9999.0 -9999.0 -9999.0 7.361206839513092 7.361206839513092 7.361206839513092 7.361206839513092 7.361206839513092 7.361206839513092 7.361206839513092 7.361206839513092 7.361206839513092 7.361206839513092 7.361206839513092 7.361206839513092 7.361206839513092 4.8549286852775495 4.891272473909409 4.92761626254127 4.96396005117313 5.000303839804991 5.03664762843685 5.072991417068711 5.109335205700571 5.145678994332432 5.1820227829642915 5.218366571596152 5.254710360228012 5.293658804013731 5.335391683025045 5.377124562036359 5.418857441047673 5.460590320058987 5.502323199070301
-9999.0 -9999.0 -9999.0 -9999.0 -9999.0 -9999.0 -9999.0 -9999.0 -9999.0 -9999.0 -9999.0 -9999.0 -9999.0 -9999.0 7.361206839513092 7.361206839513092 7.361206839513092 7.361206839513092 7.361206839513092 7.361206839513092 7.361206839513092 7.361206839513092 7.361206839513092 7.361206839513092 7.361206839513092 7.361206839513092 7.361206839513092 4.906020252046428 4.946604077500733 4.987187902955037 5.027771728409342 5.068355553863647 5.108939379317951 5.1495232047722554 5.19010703022656 5.230690855680865 5.27127468113517 5.311858506589474 5.352442332043779 5.406387908598943 5.4746174990617105 5.542847089524478 5.611076679987244 5.679306270450011 5.7475358609127785
-9999.0 -9999.0 -9999.0 -9999.0 -9999.0 -9999.0 -9999.0 -9999.0 -9999.0 -9999.0 -9999.0 -9999.0 -9999.0 -9999.0 7.361206839513092 7.361206839513092 7.361206839513092 7.361206839513092 7.361206839513092 7.361206839513092 7.361206839513092 7.361206839513092 7.361206839513092 7.361206839513092 7.361206839513092 7.361206839513092 7.361206839513092 4.9571118188153065 5.001935681092056 5.046759543368805 5.091583405645554 5.136407267922302 5.181231130199051 5.2260549924758 5.2708788547525485 5.315702717029298 5.360526579306047 5.4053504415827955 5.450174303859544 5.519117013184155 5.613843315098375 5.7085696170125955 5.803295918926816 5.898022220841035 5.992748522755256
-9999.0 -9999.0 -9999.0 -9999.0 -9999.0 -9999.0 -9999.0 -9999.0 -9999.0 -9999.0 -9999.0 -9999.0 -9999.0 7.361206839513092 7.361206839513092 7.361206839513092 7.361206839513092 7.361206839513092 7.361206839513092 7.361206839513092 7.361206839513092 7.361206839513092 7.361206839513092 7.361206839513092 7.361206839513092 7.361206839513092 7.361206839513092 5.008203385584185 5.057267284683379 5.106331183782571 5.155395082881765 5.204458981980958 5.253522881080151 5.302586780179344 5.351650679278538 5.40071457837773 5.449778477476924 5.498842376576118 5.54790627567531 5.631846117769368 5.753069131135041 5.874292144500714 5.995515157866387 6.11673817123206 6.237961184597733
-9999.0 -9999.0 -9999.0 -9999.0 -9999.0 -9999.0 -9999.0 -9999.0 -9999.0 -9999.0 -9999.0 -9999.0 7.361206839513092 7.361206839513092 7.361206839513092 7.361206839513092 7.361206839513092 7.361206839513092 7.361206839513092 7.361206839513092 7.361206839513092 7.361206839513092 7.361206839513092 7.361206839513092 7.361206839513092 7.361206839513092 7.361206839513092 5.01087501047763 5.059722484065835 5.10856995765404 5.157417431242244 5.20626490483045 5.255112378418654 5.30395985200686 5.352807325595064 5.4016547991832695 5.450502272771474 5.4993497463596785 5.548197219947884 5.637944794078729 5.771415500048138 5.904886206017546 6.038356911986956 6.171827617956364 6.305298323925773
-9999.0 -9999.0 -9999.0 -9999.0 -9999.0 -9999.0 -9999.0 -9999.0 -9999.0 -9999.0 -9999.0 -9999.0 -9999.0 7.361206839513092 7.361206839513092 7.361206839513092 7.361206839513092 7.361206839513092 7.361206839513092 7.361206839513092 7.361206839513092 7.361206839513092 7.361206839513092 7.361206839513092 7.361206839513092 7.361206839513092 7.361206839513092 4.96178877072105 5.005656141574838 5.0495235124286255 5.093390883282414 5.137258254136202 5.181125624989989 5.2249929958437775 5.268860366697565 5.312727737551353 5.35659510840514 5.400462479258929 5.444329850112716 5.530062266352903 5.660549362277789 5.791036458202675 5.92152355412756 6.052010650052446 6.182497745977332
-9999.0 -9999.0 -9999.0 -9999.0 -9999.0 -9999.0 -9999.0 -9999.0 -9999.0 -9999.0 -9999.0 -9999.0 -9999.0 7.361206839513092 7.361206839513092 7.361206839513092 7.361206839513092 7.361206839513092 7.361206839513092 7.361206839513092 7.361206839513092 7.361206839513092 7.361206839513092 7.361206839513092 7.361206839513092 7.361206839513092 7.361206839513092 4.91270253096447 4.95158979908384 4.990477067203211 5.029364335322582 5.068251603441953 5.1071388715613235 5.1460261396806946 5.184913407800066 5.223800675919437 5.262687944038807 5.301575212158178 5.340462480277549 5.422179738627078 5.54968322450744 5.677186710387803 5.804690196268166 5.932193682148529 6.059697168028891
