Figures/CREST_Example_wjb_NSE/Rolling_result/20100722/BJP_forecast/ens_7/wjb.rain.20100722.asc
ncols            288
nrows            254
xllcorner        113.274861
yllcorner        31.4918055
cellsize         0.008333333333
NODATA_value     -9999
[rows 220 to 239 of 254, columns 135 to 179 of 288]
4.53129913629163 4.540861814833152 4.550424493374673 4.559987171916194 4.569549850457715 4.579112528999237 4.588675207540758 4.59823788608228 4.607800564623817 4.617363243165339 4.62692592170686 4.636488600248382 4.634360414590844 4.619734430670036 4.605108446749228 4.59048246282842 4.575856478907612 4.561230494986804 4.546604511065995 4.531978527145188 4.517352543224379 4.502726559303547 4.488100575382738 4.47347459146193 4.427787580955907 4.348895630400345 4.270003679844784 4.191111729289222 4.112219778733661 4.033327828178099 3.9544358776225383 3.875543927066977 3.7966519765114155 3.717760025955854 3.6388680754001586 3.5599761248445967 3.4828787890829522 3.407699937135591 3.33252108518823 3.257342233240869 3.1821633812935075 3.106984529346146 3.0318056773987854 2.956626825451424 2.881447973504063
4.403906236775942 4.45147254994419 4.499038863112438 4.5466051762806865 4.594171489448935 4.641737802617183 4.689304115785432 4.73687042895368 4.78443674212201 4.832003055290259 4.879569368458507 4.927135681626755 4.944218871532205 4.928714913175032 4.91321095481786 4.897706996460688 4.8822030381035155 4.866699079746343 4.85119512138917 4.835691163031998 4.820187204674826 4.804683246317627 4.789179287960455 4.773675329603282 4.723071948236448 4.634946489689975 4.546821031143503 4.458695572597031 4.370570114050558 4.2824446555040865 4.194319196957614 4.106193738411141 4.018068279864669 3.9299428213181966 3.841817362771574 3.753691904225102 3.668036743970967 3.5850223884769217 3.502008032982876 3.4189936774888308 3.3359793219947855 3.2529649665007403 3.169950611006695 3.08693625551265 3.0039219000186046
4.276513337260254 4.362083285055229 4.447653232850205 4.53322318064518 4.6187931284401555 4.704363076235131 4.789933024030106 4.875502971825082 4.961072919620204 5.046642867415178 5.1322128152101545 5.21778276300513 5.2540773284735645 5.237695395680028 5.221313462886492 5.2049315300929555 5.188549597299419 5.172167664505882 5.155785731712346 5.139403798918809 5.123021866125273 5.106639933331708 5.090258000538172 5.073876067744636 5.018356315516989 4.920997348979606 4.823638382442223 4.726279415904839 4.628920449367456 4.531561482830072 4.434202516292689 4.336843549755305 4.239484583217922 4.142125616680539 4.044766650142989 3.947407683605606 3.853194698858981 3.762344839818252 3.6714949807775223 3.580645121736793 3.489795262696064 3.3989454036553344 3.308095544614605 3.2172456855738756 3.1263958265331464
4.149120437744512 4.27269402016623 4.396267602587948 4.519841185009668 4.643414767431386 4.766988349853104 4.890561932274823 5.014135514696542 5.137709097118471 5.261282679540189 5.384856261961908 5.508429844383627 5.563935785415056 5.546675878185155 5.529415970955254 5.512156063725354 5.494896156495453 5.477636249265552 5.460376342035651 5.44311643480575 5.425856527575849 5.408596620345919 5.391336713116018 5.3740768058861175 5.313640682797657 5.2070482082693585 5.10045573374106 4.9938632592127625 4.887270784684464 4.780678310156166 4.674085835627867 4.567493361099569 4.46090088657127 4.354308412042972 4.247715937514492 4.141123462986194 4.038352653747075 3.939667291159658 3.840981928572241 3.7422965659848244 3.6436112033974077 3.5449258408099906 3.446240478222574 3.3475551156351573 3.2488697530477406
4.021727538228823 4.183304755277269 4.344881972325714 4.50645918937416 4.668036406422606 4.829613623471051 4.991190840519497 5.152768057567942 5.314345274616664 5.475922491665109 5.637499708713555 5.799076925762001 5.873794242356417 5.855656360690151 5.8375184790238865 5.819380597357621 5.801242715691356 5.7831048340250915 5.764966952358826 5.746829070692561 5.728691189026296 5.71055330736 5.692415425693735 5.67427754402747 5.608925050078199 5.4930990675589895 5.377273085039779 5.26144710252057 5.145621120001361 5.029795137482152 4.913969154962942 4.798143172443733 4.6823171899245235 4.566491207405314 4.450665224885907 4.334839242366698 4.223510608635089 4.116989742500988 4.010468876366888 3.9039480102327864 3.7974271440986858 3.6909062779645847 3.5843854118304836 3.477864545696383 3.371343679562282
3.894334638713135 4.093915490388308 4.29349634206348 4.493077193738653 4.692658045413825 4.8922388970889985 5.091819748764171 5.291400600439344 5.490981452114856 5.6905623037900295 5.890143155465202 6.089724007140374 6.1836526992977765 6.164636843195147 6.145620987092518 6.126605130989889 6.10758927488726 6.08857341878463 6.069557562682001 6.050541706579372 6.031525850476743 6.012509994374081 5.993494138271452 5.974478282168823 5.904209417358739 5.7791499268486195 5.654090436338499 5.529030945828379 5.403971455318258 5.278911964808138 5.153852474298017 5.028792983787897 4.903733493277777 4.778674002767656 4.653614512257323 4.528555021747202 4.408668563523103 4.294312193842319 4.179955824161533 4.065599454480749 3.951243084799964 3.836886715119179 3.722530345438394 3.608173975757609 3.493817606076824
3.7669417391973927 4.004526225499308 4.2421107118012245 4.4796951981031405 4.717279684405057 4.954864170706973 5.192448657008888 5.430033143310804 5.667617629613125 5.905202115915041 6.142786602216956 6.3803710885188725 6.493511156239269 6.473617325700276 6.453723495161282 6.433829664622288 6.413935834083294 6.3940420035443 6.374148173005306 6.354254342466312 6.3343605119273185 6.314466681388291 6.294572850849297 6.274679020310304 6.199493784639407 6.065200786138372 5.930907787637336 5.796614789136301 5.662321790635266 5.52802879213423 5.393735793633195 5.25944279513216 5.125149796631124 4.990856798130089 4.856563799628825 4.72227080112779 4.5938265184111975 4.471634645183725 4.3494427719562525 4.22725089872878 4.1050590255013075 3.982867152273835 3.8606752790463625 3.73848340581889 3.6162915325914176
3.6395488396817046 3.915136960610347 4.19072508153899 4.466313202467633 4.741901323396276 5.017489444324919 5.293077565253562 5.5686656861822055 5.844253807111318 6.1198419280399605 6.3954300489686045 6.671018169897247 6.80336961318063 6.782597808205272 6.761826003229913 6.741054198254556 6.720282393279198 6.6995105883038395 6.678738783328482 6.657966978353124 6.6371951733777665 6.616423368402373 6.595651563427015 6.574879758451657 6.494778151919949 6.351251645428003 6.207725138936056 6.06419863244411 5.920672125952164 5.777145619460217 5.633619112968271 5.490092606476324 5.346566099984378 5.203039593492432 5.059513087000241 4.915986580508294 4.778984473299212 4.648957096525055 4.518929719750899 4.388902342976742 4.258874966202585 4.128847589428429 3.9988202126542722 3.868792835880116 3.7387654591059594
3.5121559401660165 3.8257476957213865 4.139339451276756 4.452931206832126 4.766522962387496 5.080114717942866 5.393706473498236 5.707298229053606 6.020889984609511 6.334481740164881 6.648073495720251 6.961665251275621 7.113228070121989 7.091578290710268 7.069928511298546 7.048278731886823 7.026628952475101 7.004979173063379 6.983329393651657 6.9616796142399355 6.940029834828213 6.918380055416454 6.896730276004732 6.87508049659301 6.79006251920049 6.637302504717633 6.484542490234776 6.331782475751918 6.179022461269061 6.026262446786204 5.873502432303346 5.720742417820489 5.5679824033376315 5.415222388854774 5.2624623743716565 5.109702359888798 4.964142428187226 4.826279547866386 4.688416667545545 4.550553787224704 4.412690906903864 4.274828026583023 4.136965146262183 3.9991022659413415 3.861239385620501
3.4420080535714415 3.7762207916269857 4.11043352968253 4.444646267738074 4.778859005793619 5.113071743849163 5.447284481904708 5.781497219960252 6.115709958016366 6.44992269607191 6.784135434127455 7.1183481721829995 7.278099438092628 7.2513474441518415 7.224595450211055 7.1978434562702684 7.171091462329481 7.1443394683886945 7.117587474447908 7.0908354805071205 7.064083486566334 7.037331492625501 7.010579498684715 6.983827504743928 12.881114690835878 12.881114690835878 12.881114690835878 12.881114690835878 12.881114690835878 12.881114690835878 12.881114690835878 12.881114690835878 12.881114690835878 12.881114690835878 12.881114690835878 12.881114690835878 12.881114690835878 12.881114690835878 12.881114690835878 12.881114690835878 12.881114690835878 12.881114690835878 12.881114690835878 12.881114690835878 12.881114690835878
3.433051477974325 3.769304238932701 4.1055569998910775 4.441809760849454 4.77806252180783 5.114315282766206 5.450568043724584 5.786820804682959 6.123073565641909 6.459326326600285 6.795579087558662 7.131831848517038 7.287988745633827 7.251619090733789 7.215249435833751 7.1788797809337135 7.142510126033676 7.106140471133637 7.069770816233599 7.033401161333561 6.997031506433523 6.960661851533423 6.9242921966333855 6.887922541733348 12.881114690835878 12.881114690835878 12.881114690835878 12.881114690835878 12.881114690835878 12.881114690835878 12.881114690835878 12.881114690835878 12.881114690835878 12.881114690835878 12.881114690835878 12.881114690835878 12.881114690835878 12.881114690835878 12.881114690835878 12.881114690835878 12.881114690835878 12.881114690835878 12.881114690835878 12.881114690835878 12.881114690835878
3.4240949023772127 3.7623876862384202 4.100680470099627 4.438973253960835 4.777266037822043 5.11555882168325 5.4538516055444575 5.7921443894056654 6.13043717326745 6.468729957128657 6.807022740989865 7.145315524851073 7.2978780531750225 7.251890737315738 7.205903421456452 7.159916105597167 7.113928789737882 7.067941473878597 7.021954158019311 6.975966842160027 6.929979526300741 6.883992210441378 6.838004894582093 6.792017578722808 12.881114690835878 12.881114690835878 12.881114690835878 12.881114690835878 12.881114690835878 12.881114690835878 12.881114690835878 12.881114690835878 12.881114690835878 12.881114690835878 12.881114690835878 12.881114690835878 12.881114690835878 12.881114690835878 12.881114690835878 12.881114690835878 12.881114690835878 12.881114690835878 12.881114690835878 12.881114690835878 12.881114690835878
3.4151383267801 3.755471133544139 4.095803940308178 4.436136747072217 4.776469553836256 5.116802360600294 5.457135167364333 5.797467974128372 6.13780078089299 6.4781335876570285 6.818466394421067 7.158799201185106 7.307767360716218 7.252162383897685 7.196557407079153 7.140952430260621 7.085347453442089 7.029742476623556 6.974137499805024 6.918532522986491 6.862927546167959 6.807322569349332 6.7517175925308 6.696112615712267 12.881114690835878 12.881114690835878 12.881114690835878 12.881114690835878 12.881114690835878 12.881114690835878 12.881114690835878 12.881114690835878 12.881114690835878 12.881114690835878 12.881114690835878 12.881114690835878 12.881114690835878 12.881114690835878 12.881114690835878 12.881114690835878 12.881114690835878 12.881114690835878 12.881114690835878 12.881114690835878 12.881114690835878
3.406181751182984 3.748554580849855 4.090927410516725 4.433300240183597 4.775673069850467 5.1180458995173375 5.460418729184209 5.802791558851079 6.145164388518534 6.4875372181854045 6.829910047852275 7.172282877519146 7.317656668257418 7.252434030479634 7.18721139270185 7.121988754924066 7.056766117146283 6.9915434793685 6.926320841590716 6.861098203812932 6.795875566035148 6.730652928257253 6.6654302904794696 6.600207652701687 12.881114690835878 12.881114690835878 12.881114690835878 12.881114690835878 12.881114690835878 12.881114690835878 12.881114690835878 12.881114690835878 12.881114690835878 12.881114690835878 12.881114690835878 12.881114690835878 12.881114690835878 12.881114690835878 12.881114690835878 12.881114690835878 12.881114690835878 12.881114690835878 12.881114690835878 12.881114690835878 12.881114690835878
3.397225175585872 3.7416380281555734 4.086050880725275 4.430463733294977 4.774876585864679 5.1192894384343814 5.463702291004083 5.808115143573785 6.152527996144075 6.496940848713776 6.841353701283478 7.185766553853179 7.327545975798612 7.252705677061582 7.177865378324551 7.103025079587519 7.028184780850489 6.953344482113458 6.878504183376427 6.803663884639397 6.728823585902366 6.653983287165207 6.579142988428177 6.504302689691146 12.881114690835878 12.881114690835878 12.881114690835878 12.881114690835878 12.881114690835878 12.881114690835878 12.881114690835878 12.881114690835878 12.881114690835878 12.881114690835878 12.881114690835878 12.881114690835878 12.881114690835878 12.881114690835878 12.881114690835878 12.881114690835878 12.881114690835878 12.881114690835878 12.881114690835878 12.881114690835878 12.881114690835878
3.388268599988759 3.734721475461292 4.081174350933825 4.427627226406359 4.774080101878892 5.1205329773514245 5.466985852823958 5.813438728296491 6.159891603769615 6.506344479242148 6.852797354714681 7.199250230187214 7.337435283339808 7.252977323643529 7.168519363947252 7.084061404250974 6.999603444554696 6.915145484858418 6.83068752516214 6.746229565465862 6.661771605769584 6.577313646073162 6.492855686376885 6.408397726680606 12.881114690835878 12.881114690835878 12.881114690835878 12.881114690835878 12.881114690835878 12.881114690835878 12.881114690835878 12.881114690835878 12.881114690835878 12.881114690835878 12.881114690835878 12.881114690835878 12.881114690835878 12.881114690835878 12.881114690835878 12.881114690835878 12.881114690835878 12.881114690835878 12.881114690835878 12.881114690835878 12.881114690835878
3.379312024391643 3.727804922767008 4.076297821142373 4.4247907195177385 4.773283617893103 5.1217765162684685 5.470269414643834 5.818762313019199 6.167255211395158 6.515748109770524 6.864241008145889 7.212733906521255 7.347324590881008 7.253248970225478 7.159173349569949 7.065097728914419 6.97102210825889 6.876946487603361 6.782870866947832 6.688795246292302 6.594719625636773 6.500644004981083 6.406568384325554 6.312492763670025 12.881114690835878 12.881114690835878 12.881114690835878 12.881114690835878 12.881114690835878 12.881114690835878 12.881114690835878 -9999.0 -9999.0 -9999.0 -9999.0 -9999.0 12.881114690835878 12.881114690835878 12.881114690835878 12.881114690835878 12.881114690835878 12.881114690835878 12.881114690835878 12.881114690835878 12.881114690835878
3.3703554487945304 3.7208883700727267 4.071421291350923 4.421954212629119 4.772487133907315 5.1230200551855125 5.473552976463709 5.824085897741905 6.174618819020699 6.525151740298895 6.8756846615770915 7.226217582855288 7.357213898422203 7.253520616807426 7.14982733519265 7.046134053577873 6.9424407719630965 6.838747490348321 6.735054208733544 6.6313609271187675 6.527667645503991 6.423974363889037 6.320281082274262 6.216587800659485 12.881114690835878 12.881114690835878 12.881114690835878 12.881114690835878 12.881114690835878 12.881114690835878 -9999.0 -9999.0 -9999.0 -9999.0 -9999.0 -9999.0 12.881114690835878 12.881114690835878 12.881114690835878 12.881114690835878 12.881114690835878 12.881114690835878 12.881114690835878 12.881114690835878 12.881114690835878
3.3613988731974183 3.7139718173784457 4.066544761559473 4.419117705740501 4.771690649921528 5.124263594102556 5.476836538283583 5.8294094824646105 6.181982426646239 6.534555370827267 6.887128315008294 7.239701259189322 7.367103205963398 7.253792263389373 7.14048132081535 7.027170378241326 6.913859435667303 6.800548493093279 6.687237550519256 6.573926607945232 6.460615665371209 6.347304722796991 6.233993780222968 6.120682837648944 12.881114690835878 12.881114690835878 12.881114690835878 12.881114690835878 12.881114690835878 -9999.0 -9999.0 -9999.0 -9999.0 -9999.0 -9999.0 -9999.0 -9999.0 12.881114690835878 12.881114690835878 12.881114690835878 -9999.0 -9999.0 12.881114690835878 12.881114690835878 12.881114690835878
3.3524422976003017 3.7070552646841612 4.061668231768021 4.41628119885188 4.77089416593574 5.1255071330196 5.480120100103459 5.834733067187319 6.189346034271782 6.543959001355642 6.8985719684395015 7.253184935523362 7.376992513504597 7.254063909971322 7.131135306438047 7.008206702904772 6.885278099371497 6.762349495838222 6.639420892304948 6.516492288771673 6.393563685238398 6.2706350817049135 6.147706478171639 6.024777874638364 12.881114690835878 12.881114690835878 12.881114690835878 12.881114690835878 -9999.0 -9999.0 -9999.0 -9999.0 -9999.0 -9999.0 -9999.0 -9999.0 -9999.0 -9999.0 -9999.0 -9999.0 -9999.0 -9999.0 -9999.0 -9999.0 -9999.0
