Figures/CREST_Example_wjb_NSE/Rolling_result/20100722/BJP_forecast/ens_7/wjb.rain.20100726.asc
ncols            288
nrows            254
xllcorner        113.274861
yllcorner        31.4918055
cellsize         0.008333333333
NODATA_value     -9999
[rows 40 to 59 of 254, columns 135 to 179 of 288]
5.23338238365901 5.23338238365901 5.23338238365901 5.23338238365901 5.23338238365901 5.23338238365901 5.23338238365901 5.23338238365901 -9999.0 -9999.0 -9999.0 -9999.0 -9999.0 -9999.0 -9999.0 -9999.0 -9999.0 -9999.0 -9999.0 -9999.0 -9999.0 -9999.0 -9999.0 -9999.0 -9999.0 -9999.0 -9999.0 -9999.0 -9999.0 -9999.0 -9999.0 -9999.0 -9999.0 -9999.0 -9999.0 -9999.0 -9999.0 -9999.0 -9999.0 -9999.0 -9999.0 -9999.0 -9999.0 -9999.0 -9999.0
5.23338238365901 5.23338238365901 5.23338238365901 5.23338238365901 5.23338238365901 5.23338238365901 5.23338238365901 5.23338238365901 5.23338238365901 -9999.0 -9999.0 -9999.0 5.23338238365901 5.23338238365901 -9999.0 -9999.0 -9999.0 -9999.0 -9999.0 -9999.0 -9999.0 -9999.0 -9999.0 -9999.0 -9999.0 -9999.0 -9999.0 -9999.0 -9999.0 -9999.0 -9999.0 -9999.0 -9999.0 -9999.0 -9999.0 -9999.0 -9999.0 -9999.0 -9999.0 -9999.0 -9999.0 -9999.0 -9999.0 -9999.0 -9999.0
5.23338238365901 5.23338238365901 5.23338238365901 5.23338238365901 5.23338238365901 5.23338238365901 5.23338238365901 5.23338238365901 5.23338238365901 5.23338238365901 5.23338238365901 5.23338238365901 5.23338238365901 5.23338238365901 -9999.0 -9999.0 5.23338238365901 5.23338238365901 5.23338238365901 5.23338238365901 -9999.0 -9999.0 -9999.0 -9999.0 -9999.0 -9999.0 -9999.0 -9999.0 -9999.0 -9999.0 -9999.0 -9999.0 -9999.0 -9999.0 -9999.0 -9999.0 -9999.0 -9999.0 -9999.0 -9999.0 -9999.0 -9999.0 -9999.0 -9999.0 -9999.0
5.23338238365901 5.23338238365901 5.23338238365901 5.23338238365901 5.23338238365901 5.23338238365901 5.23338238365901 5.23338238365901 5.23338238365901 5.23338238365901 5.23338238365901 5.23338238365901 5.23338238365901 5.23338238365901 5.23338238365901 5.23338238365901 5.23338238365901 5.23338238365901 5.23338238365901 5.23338238365901 5.23338238365901 -9999.0 -9999.0 -9999.0 -9999.0 -9999.0 -9999.0 -9999.0 -9999.0 -9999.0 -9999.0 -9999.0 -9999.0 -9999.0 -9999.0 -9999.0 -9999.0 -9999.0 -9999.0 -9999.0 -9999.0 -9999.0 -9999.0 -9999.0 -9999.0
5.23338238365901 5.23338238365901 5.23338238365901 5.23338238365901 5.23338238365901 5.23338238365901 5.23338238365901 5.23338238365901 5.23338238365901 5.23338238365901 5.23338238365901 5.23338238365901 5.23338238365901 5.23338238365901 5.23338238365901 5.23338238365901 5.23338238365901 5.23338238365901 5.23338238365901 5.23338238365901 5.23338238365901 5.23338238365901 -9999.0 -9999.0 -9999.0 -9999.0 -9999.0 -9999.0 -9999.0 -9999.0 -9999.0 -9999.0 -9999.0 -9999.0 -9999.0 -9999.0 -9999.0 -9999.0 -9999.0 -9999.0 -9999.0 -9999.0 -9999.0 -9999.0 -9999.0
5.23338238365901 5.23338238365901 5.23338238365901 5.23338238365901 5.23338238365901 5.23338238365901 5.23338238365901 5.23338238365901 5.23338238365901 5.23338238365901 5.23338238365901 5.23338238365901 5.23338238365901 5.23338238365901 5.23338238365901 5.23338238365901 5.23338238365901 5.23338238365901 5.23338238365901 5.23338238365901 5.23338238365901 5.23338238365901 -9999.0 5.23338238365901 5.23338238365901 5.23338238365901 -9999.0 -9999.0 -9999.0 -9999.0 -9999.0 -9999.0 -9999.0 -9999.0 -9999.0 -9999.0 -9999.0 -9999.0 -9999.0 -9999.0 -9999.0 -9999.0 -9999.0 -9999.0 -9999.0
5.23338238365901 5.23338238365901 5.23338238365901 5.23338238365901 5.23338238365901 5.23338238365901 5.23338238365901 5.23338238365901 5.23338238365901 5.23338238365901 5.23338238365901 5.23338238365901 5.23338238365901 5.23338238365901 5.23338238365901 5.23338238365901 5.23338238365901 5.23338238365901 5.23338238365901 5.23338238365901 5.23338238365901 5.23338238365901 5.23338238365901 5.23338238365901 5.23338238365901 5.23338238365901 -9999.0 -9999.0 -9999.0 -9999.0 -9999.0 -9999.0 -9999.0 -9999.0 -9999.0 -9999.0 -9999.0 -9999.0 -9999.0 -9999.0 -9999.0 -9999.0 -9999.0 -9999.0 -9999.0
5.23338238365901 5.23338238365901 5.23338238365901 5.23338238365901 5.23338238365901 5.23338238365901 5.23338238365901 5.23338238365901 5.23338238365901 5.23338238365901 5.23338238365901 5.23338238365901 5.23338238365901 5.23338238365901 5.23338238365901 5.23338238365901 5.23338238365901 5.23338238365901 5.23338238365901 5.23338238365901 5.23338238365901 5.23338238365901 5.23338238365901 5.23338238365901 5.23338238365901 -9999.0 -9999.0 -9999.0 -9999.0 -9999.0 -9999.0 -9999.0 -9999.0 -9999.0 -9999.0 -9999.0 -9999.0 -9999.0 -9999.0 -9999.0 -9999.0 -9999.0 -9999.0 -9999.0 -9999.0
5.23338238365901 5.23338238365901 5.23338238365901 5.23338238365901 5.23338238365901 5.23338238365901 5.23338238365901 5.23338238365901 5.23338238365901 5.23338238365901 5.23338238365901 5.23338238365901 5.23338238365901 5.23338238365901 5.23338238365901 5.23338238365901 5.23338238365901 5.23338238365901 5.23338238365901 5.23338238365901 5.23338238365901 5.23338238365901 5.23338238365901 5.23338238365901 5.23338238365901 5.23338238365901 5.23338238365901 5.23338238365901 -9999.0 -9999.0 -9999.0 -9999.0 -9999.0 -9999.0 -9999.0 -9999.0 -9999.0 -9999.0 -9999.0 -9999.0 -9999.0 -9999.0 -9999.0 -9999.0 -9999.0
7.393847601799872 7.234109167612969 7.074370733426066 6.9146322992391624 6.754893865052258 6.595155430865355 6.435416996678452 6.2756785624915485 6.115940128304373 5.956201694117469 5.796463259930565 5.636724825743663 5.607322465311946 5.717252315783025 5.8271821662541035 5.937112016725182 6.047041867196261 6.156971717667339 6.266901568138418 6.3768314186094965 6.486761269080575 6.596691119551841 6.70662097002292 6.816550820493998 5.23338238365901 5.23338238365901 5.23338238365901 5.23338238365901 5.23338238365901 5.23338238365901 5.23338238365901 -9999.0 -9999.0 -9999.0 -9999.0 -9999.0 -9999.0 -9999.0 -9999.0 -9999.0 -9999.0 -9999.0 -9999.0 -9999.0 -9999.0
7.602756038445383 7.4305041001162 7.258252161787017 7.086000223457834 6.9137482851286505 6.741496346799468 6.569244408470285 6.396992470141101 6.224740531811625 6.052488593482441 5.880236655153258 5.707984716824075 5.677284568607782 5.797906485767826 5.91852840292787 6.039150320087913 6.159772237247957 6.280394154408 6.401016071568044 6.521637988728087 6.642259905888131 6.76288182304838 6.883503740208424 7.004125657368467 5.23338238365901 5.23338238365901 5.23338238365901 5.23338238365901 5.23338238365901 5.23338238365901 5.23338238365901 5.23338238365901 5.23338238365901 5.23338238365901 -9999.0 -9999.0 -9999.0 -9999.0 -9999.0 -9999.0 -9999.0 -9999.0 -9999.0 -9999.0 -9999.0
7.811664475090895 7.626899032619432 7.442133590147969 7.257368147676506 7.0726027052050435 6.887837262733581 6.703071820262117 6.518306377790655 6.333540935318877 6.148775492847414 5.964010050375951 5.779244607904488 5.7472466719036195 5.8785606557526275 6.0098746396016365 6.1411886234506445 6.2725026072996535 6.4038165911486615 6.5351305749976705 6.6664445588466785 6.7977585426956875 6.929072526544919 7.060386510393927 7.191700494242936 5.23338238365901 5.23338238365901 5.23338238365901 5.23338238365901 5.23338238365901 5.23338238365901 5.23338238365901 5.23338238365901 5.23338238365901 5.23338238365901 5.23338238365901 -9999.0 -9999.0 -9999.0 -9999.0 -9999.0 -9999.0 -9999.0 -9999.0 -9999.0 -9999.0
8.020572911736407 7.823293965122664 7.626015018508921 7.4287360718951785 7.231457125281436 7.034178178667694 6.836899232053951 6.639620285440208 6.44234133882613 6.245062392212387 6.047783445598644 5.850504498984902 5.817208775199456 5.95921482573743 6.101220876275403 6.243226926813376 6.385232977351349 6.527239027889323 6.669245078427296 6.811251128965269 6.953257179503242 7.095263230041458 7.237269280579431 7.379275331117404 5.23338238365901 5.23338238365901 5.23338238365901 5.23338238365901 5.23338238365901 5.23338238365901 5.23338238365901 5.23338238365901 5.23338238365901 5.23338238365901 5.23338238365901 5.23338238365901 5.23338238365901 5.23338238365901 -9999.0 -9999.0 -9999.0 -9999.0 -9999.0 -9999.0 -9999.0
8.229481348382095 8.019688897626063 7.809896446870029 7.6001039961139965 7.390311545357963 7.18051909460193 6.9707266438458975 6.760934193089864 6.551141742333473 6.3413492915774405 6.131556840821407 5.921764390065374 5.887170878495351 6.039868995722299 6.192567112949246 6.345265230176193 6.49796334740314 6.650661464630089 6.803359581857036 6.956057699083983 7.10875581631093 7.261453933538138 7.414152050765085 7.566850167992032 5.23338238365901 5.23338238365901 5.23338238365901 5.23338238365901 5.23338238365901 5.23338238365901 5.23338238365901 5.23338238365901 5.23338238365901 5.23338238365901 5.23338238365901 5.23338238365901 5.23338238365901 5.23338238365901 -9999.0 -9999.0 -9999.0 -9999.0 -9999.0 -9999.0 -9999.0
8.438389785027608 8.216083830129294 7.9937778752309825 7.77147192033267 7.549165965434357 7.326860010536044 7.104554055637731 6.882248100739418 6.659942145840726 6.437636190942413 6.2153302360441005 5.993024281145788 5.957132981791188 6.1205231657071 6.283913349623012 6.447303533538925 6.610693717454837 6.77408390137075 6.937474085286662 7.1008642692025745 7.264254453118486 7.427644637034677 7.59103482095059 7.754425004866502 5.23338238365901 5.23338238365901 5.23338238365901 5.23338238365901 5.23338238365901 5.23338238365901 5.23338238365901 5.23338238365901 5.23338238365901 5.23338238365901 5.23338238365901 5.23338238365901 5.23338238365901 5.23338238365901 5.23338238365901 -9999.0 -9999.0 -9999.0 -9999.0 -9999.0 -9999.0
8.647298221673118 8.412478762632526 8.177659303591934 7.942839844551341 7.708020385510748 7.473200926470156 7.238381467429564 7.003562008388971 6.768742549347978 6.533923090307386 6.299103631266793 6.0642841722262 6.027095085087025 6.201177335691902 6.375259586296779 6.5493418369016565 6.723424087506533 6.897506338111411 7.071588588716288 7.245670839321165 7.419753089926043 7.593835340531216 7.767917591136094 7.941999841740971 5.23338238365901 5.23338238365901 5.23338238365901 5.23338238365901 5.23338238365901 5.23338238365901 5.23338238365901 5.23338238365901 5.23338238365901 5.23338238365901 5.23338238365901 5.23338238365901 5.23338238365901 5.23338238365901 5.23338238365901 5.23338238365901 -9999.0 -9999.0 -9999.0 -9999.0 5.23338238365901
8.85620665831863 8.608873695135758 8.361540731952886 8.114207768770013 7.866874805587141 7.619541842404269 7.372208879221397 7.124875916038524 6.87754295285523 6.630209989672358 6.382877026489487 6.1355440633066145 6.097057188382862 6.281831505676704 6.466605822970545 6.651380140264388 6.83615445755823 7.020928774852072 7.205703092145914 7.390477409439756 7.5752517267335975 7.7600260440277555 7.944800361321597 8.12957467861544 5.23338238365901 5.23338238365901 5.23338238365901 5.23338238365901 5.23338238365901 5.23338238365901 5.23338238365901 5.23338238365901 5.23338238365901 5.23338238365901 5.23338238365901 5.23338238365901 5.23338238365901 5.23338238365901 5.23338238365901 5.23338238365901 5.23338238365901 -9999.0 -9999.0 5.23338238365901 5.23338238365901
9.065115094964142 8.80526862763899 8.545422160313837 8.285575692988687 8.025729225663534 7.765882758338382 7.50603629101323 7.246189823688078 6.986343356362482 6.726496889037331 6.466650421712179 6.206803954387027 6.167019291678698 6.362485675661505 6.557952059644312 6.753418443627119 6.948884827609926 7.144351211592733 7.339817595575539 7.535283979558347 7.730750363541153 7.926216747524293 8.121683131507101 8.317149515489907 5.23338238365901 5.23338238365901 5.23338238365901 5.23338238365901 5.23338238365901 5.23338238365901 5.23338238365901 5.23338238365901 5.23338238365901 5.23338238365901 5.23338238365901 5.23338238365901 5.23338238365901 5.23338238365901 5.23338238365901 5.23338238365901 5.23338238365901 5.23338238365901 5.23338238365901 5.23338238365901 5.23338238365901
9.274023531609652 9.001663560142221 8.729303588674789 8.456943617207358 8.184583645739925 7.912223674272495 7.639863702805062 7.3675037313376315 7.095143759869735 6.822783788402303 6.550423816934871 6.27806384546744 6.236981394974534 6.443139845646306 6.649298296318078 6.85545674698985 7.061615197661622 7.267773648333393 7.473932099005165 7.680090549676937 7.886249000348709 8.092407451020833 8.298565901692605 8.504724352364377 5.23338238365901 5.23338238365901 5.23338238365901 5.23338238365901 5.23338238365901 5.23338238365901 5.23338238365901 5.23338238365901 5.23338238365901 5.23338238365901 5.23338238365901 5.23338238365901 5.23338238365901 5.23338238365901 5.23338238365901 5.23338238365901 5.23338238365901 5.23338238365901 5.23338238365901 5.23338238365901 5.23338238365901
9.482931968255343 9.198058492645622 8.913185017035898 8.628311541426177 8.343438065816455 8.058564590206732 7.7736911145970105 7.488817638987288 7.203944163377081 6.919070687767358 6.634197212157636 6.349323736547914 6.306943498270431 6.523794015631177 6.740644532991922 6.957495050352668 7.174345567713414 7.391196085074159 7.608046602434905 7.824897119795651 8.041747637156396 8.258598154517511 8.475448671878258 8.692299189239003 5.23338238365901 5.23338238365901 5.23338238365901 5.23338238365901 5.23338238365901 5.23338238365901 5.23338238365901 5.23338238365901 5.23338238365901 5.23338238365901 5.23338238365901 5.23338238365901 5.23338238365901 5.23338238365901 5.23338238365901 5.23338238365901 5.23338238365901 5.23338238365901 5.23338238365901 5.23338238365901 5.23338238365901
