Figures/CREST_Example_wjb_NSE/Rolling_result/20100722/BJP_forecast/ens_7/wjb.rain.20100728.asc
ncols            288
nrows            254
xllcorner        113.274861
yllcorner        31.4918055
cellsize         0.008333333333
NODATA_value     -9999
[rows 38 to 56 of 254, columns 88 to 131 of 288]
6.735991933966952 6.734694127015625 6.733396320064299 6.73209851311297 6.730800706161642 6.729502899210316 6.728205092258989 6.726907285307663 6.725609478356336 6.724311671405009 6.723013864453683 6.468716662733359 5.943957387516847 5.419198112300335 4.894438837083823 4.369679561867311 3.844920286649904 3.3201610114333917 2.7954017362168795 2.2706424610003673 1.745883185783855 1.2211239105673437 0.6963646353508315 0.4208753968749313 0.411861464352719 0.40284753183050664 0.39383359930829437 0.38481966678608204 0.3758057342638697 0.366791801741642 0.35777786921942967 0.3487639366972174 0.33975000417500506 0.33073607165279273 0.3217221391305804 0.3042945064769557 0.27787243810879714 0.2514503697406386 0.22502830137248003 0.19860623300432148 0.17218416463616293 0.14576209626800438 0.11934002789980075 0.0929179595316422
6.545635218969703 6.541045614229385 6.536456009489068 6.531866404748743 6.527276800008425 6.522687195268108 6.51809759052779 6.513507985787474 6.508918381047156 6.5043287763068385 6.499739171566521 6.253554788517841 5.749100124835513 5.244645461153184 4.740190797470856 4.235736133788528 3.7312814701053387 3.2268268064230106 2.722372142740682 2.217917479058354 1.7134628153760252 1.2090081516936975 0.7045534880113689 0.43863055575457105 0.4277034382471555 0.41677632073974 0.4058492032323245 0.394922085724909 0.38399496821749346 0.3730678507100593 0.3621407332026438 0.3512136156952283 0.34028649818781276 0.3293593806803973 0.31843226317298173 0.30018844499067454 0.27412290832126557 0.24805737165185654 0.22199183498244754 0.19592629831303854 0.1698607616436295 0.1437952249742205 0.11772968830476704 0.09166415163535804
6.355278503972292 6.347397101442981 6.33951569891367 6.331634296384346 6.323752893855034 6.315871491325724 6.307990088796413 6.300108686267102 6.292227283737791 6.28434588120848 6.276464478679169 6.038392914302139 5.554242862154012 5.070092810005884 4.585942757857757 4.10179270570963 3.617642653560677 3.13349260141255 2.6493425492644227 2.165192497116295 1.6810424449681678 1.1968923928200406 0.7127423406719133 0.4563857146342259 0.44354541214160553 0.4307051096489852 0.41786480715636487 0.4050245046637445 0.39218420217112415 0.3793438996784819 0.36650359718586156 0.35366329469324126 0.3408229922006209 0.3279826897080006 0.31514238721538024 0.2960823835043899 0.2703733785337307 0.24466437356307158 0.2189553685924124 0.19324636362175324 0.1675373586510941 0.14182835368043492 0.11611934870973192 0.09041034373907275
6.164921788975044 6.153748588656742 6.14257538833844 6.131402188020119 6.120228987701818 6.109055787383516 6.0978825870652145 6.086709386746913 6.075536186428611 6.064362986110309 6.053189785792007 5.823231040086621 5.359385599472677 4.895540158858734 4.43169471824479 3.967849277630847 3.5040038370161124 3.0401583964021692 2.5763129557882256 2.1124675151742824 1.6486220745603388 1.184776633946396 0.7209311933324525 0.4741408735138655 0.459387386036042 0.44463389855821844 0.42988041108039493 0.4151269236025714 0.40037343612474785 0.3856199486468992 0.3708664611690756 0.35611297369125205 0.3413594862134286 0.32660599873560503 0.31185251125778146 0.2919763220181087 0.2666238487461991 0.24127137547428948 0.21591890220237986 0.19056642893047027 0.16521395565856065 0.13986148238665103 0.11450900911469819 0.08915653584278857
5.974565073977795 5.9601000758705025 5.94563507776321 5.931170079655893 5.916705081548601 5.902240083441309 5.887775085334016 5.873310087226724 5.8588450891194315 5.844380091012139 5.829915092904847 5.608069165871103 5.164528336791343 4.720987507711584 4.277446678631824 3.833905849552064 3.390365020471548 2.9468241913917885 2.5032833623120285 2.059742533232269 1.616201704152509 1.1726608750727499 0.7291200459929899 0.49189603239350527 0.47522935993047855 0.4585626874674518 0.4418960150044251 0.4252293425413983 0.4085626700783716 0.39189599761531646 0.37522932515228974 0.358562652689263 0.34189598022623624 0.3252293077632095 0.3085626353001828 0.28787026053182757 0.2628743189586675 0.23787837738550743 0.21288243581234734 0.1878864942391873 0.1628905526660272 0.13789461109286713 0.11289866951966443 0.08790272794650436
5.784208358980546 5.766451563084263 5.74869476718798 5.730937971291667 5.713181175395384 5.695424379499101 5.677667583602817 5.659910787706535 5.642153991810251 5.624397195913969 5.606640400017685 5.392907291655584 4.969671074110009 4.546434856564433 4.123198639018857 3.699962421473281 3.2767262039269833 2.8534899863814074 2.4302537688358314 2.0070175512902555 1.58378133374468 1.1605451161991036 0.7373088986535281 0.509651191273145 0.4910713338249151 0.47249147637668515 0.4539116189284552 0.4353317614802253 0.41675190403199536 0.39817204658373373 0.37959218913550385 0.36101233168727387 0.342432474239044 0.323852616790814 0.30527275934258413 0.2837641990455464 0.2591247891711359 0.23448537929672536 0.20984596942231482 0.1852065595479043 0.16056714967349378 0.13592773979908324 0.1112883299246307 0.08664892005022018
5.593851643983298 5.572803050298024 5.55175445661275 5.530705862927441 5.509657269242167 5.488608675556893 5.4675600818716195 5.446511488186346 5.425462894501072 5.404414300815798 5.383365707130524 5.177745417440067 4.7748138114286744 4.371882205417283 3.9689505994058902 3.566018993394498 3.163087387382419 2.7601557813710267 2.3572241753596344 1.9542925693482425 1.5513609633368501 1.1484293573254583 0.7454977513140655 0.5274063501527847 0.5069133077193515 0.4864202652859184 0.46592722285248533 0.4454341804190522 0.42494113798561906 0.404448095552151 0.3839550531187179 0.3634620106852847 0.34296896825185164 0.32247592581841855 0.30198288338498536 0.2796581375592652 0.2553752593836042 0.23109238120794326 0.2068095030322823 0.1825266248566213 0.15824374668096033 0.13396086850529934 0.10967799032959696 0.085395112153936
5.403494928986049 5.379154537511785 5.35481414603752 5.330473754563214 5.30613336308895 5.281792971614686 5.257452580140421 5.233112188666157 5.2087717971918925 5.1844314057176275 5.160091014243363 4.962583543224548 4.57995654874734 4.197329554270132 3.8147025597929236 3.4320755653157153 3.0494485708378543 2.666821576360646 2.2841945818834377 1.9015675874062294 1.5189405929290212 1.136313598451813 0.7536866039746046 0.5451615090324243 0.522755281613788 0.5003490541951517 0.47794282677651545 0.4555365993578791 0.4331303719392428 0.41072414452056827 0.388317917101932 0.3659116896832957 0.34350546226465933 0.321099234846023 0.2986930074273867 0.27555207607298404 0.25162572959607266 0.2276993831191612 0.20377303664224977 0.17984669016533833 0.1559203436884269 0.13199399721151547 0.10806765073456323 0.08414130425765179
5.213138213988638 5.18550602472538 5.157873835462122 5.130241646198817 5.102609456935559 5.074977267672301 5.047345078409044 5.019712889145786 4.992080699882528 4.9644485106192695 4.9368163213560114 4.747421669008847 4.38509928606584 4.022776903122832 3.660454520179825 3.2981321372368178 2.9358097542931927 2.5734873713501853 2.211164988407178 1.8488426054641711 1.4865202225211638 1.1241978395781564 0.7618754566351491 0.5629166679120793 0.5385972555082381 0.514277843104397 0.4899584307005558 0.46563901829671467 0.44131960589287356 0.4170001934889909 0.3926807810851498 0.36836136868130864 0.3440419562774675 0.31972254387362636 0.29540313146978525 0.2714460145866994 0.2478761998085378 0.22430638503037625 0.20073657025221464 0.17716675547405308 0.1535969406958915 0.1300271259177299 0.10645731113952814 0.08288749636136655
5.02278149899139 4.99185751193914 4.960933524886892 4.93000953783459 4.899085550782342 4.8681615637300935 4.837237576677844 4.806313589625596 4.775389602573347 4.744465615521099 4.71354162846885 4.532259794793328 4.190242023384505 3.8482242519756813 3.506206480566858 3.1641887091580343 2.8221709377486275 2.480153166339804 2.1381353949309805 1.7961176235221572 1.4540998521133335 1.1120820807045102 0.7700643092956869 0.5806718267917189 0.5544392294026745 0.5282066320136303 0.5019740346245859 0.4757414372355416 0.44950883984649725 0.4232762424574082 0.39704364506836387 0.3708110476793195 0.34457845029027523 0.31834585290123085 0.29211325551218653 0.26733995310041825 0.24412667002100621 0.22091338694159418 0.19770010386218212 0.1744868207827701 0.15127353770335805 0.12806025462394602 0.10484697154449438 0.08163368846508234
4.832424783994141 4.7982089991529016 4.763993214311663 4.7297774294703645 4.695561644629126 4.661345859787886 4.627130074946646 4.592914290105408 4.558698505264168 4.524482720422928 4.4902669355816895 4.317097920577811 3.9953847607031707 3.673671600828531 3.3519584409538914 3.0302452810792517 2.7085321212040636 2.3868189613294235 2.065105801454784 1.7433926415801442 1.4216794817055045 1.0999663218308648 0.7782531619562252 0.5984269856713585 0.5702812032971111 0.5421354209228635 0.513989638548616 0.48584385617436854 0.45769807380012095 0.42955229142582546 0.40140650905157793 0.37326072667733046 0.3451149443030829 0.3169691619288354 0.28882337955458787 0.2632338916141371 0.24037714023347462 0.21752038885281214 0.19466363747214965 0.17180688609148714 0.14895013471082466 0.12609338333016215 0.10323663194946067 0.08037988056879819
4.648323012348311 4.617448277389055 4.586573542429798 4.555698807470489 4.524824072511233 4.493949337551976 4.4630746025927195 4.4321998676334635 4.401325132674207 4.370450397714951 4.339575662755694 4.173512891298653 3.8629310521321667 3.55234921296568 3.241767373799194 2.931185534632708 2.620603695465692 2.3100218562992056 1.9994400171327196 1.6888581779662335 1.378276338799747 1.067694499633261 0.7571126604667748 0.5834422465666018 0.5561332422182744 0.528824237869947 0.5015152335216198 0.47420622917329236 0.446897224824965 0.4195882204765911 0.3922792161282638 0.3649702117799364 0.33766120743160905 0.3103522030832817 0.28304319873495437 0.2581014502081573 0.2356903516895672 0.2132792531709771 0.19086815465238702 0.16845705613379694 0.14604595761520686 0.12363485909661678 0.10122376057798846 0.07881266205939838
4.470907380740202 4.45046379158953 4.430020202438857 4.4095766132881495 4.389133024137476 4.368689434986804 4.34824584583613 4.327802256685458 4.307358667534785 4.286915078384112 4.266471489233439 4.106438995984331 3.797182808054079 3.4879266201238264 3.1786704321935737 2.869414244263321 2.560158056332541 2.2509018684022886 1.941645680472036 1.6323894925417832 1.3231333046115306 1.013877116681278 0.7046209287510252 0.5334606209281287 0.5099279316659184 0.48639524240370824 0.46286255314149805 0.4393298638792878 0.41579717461707755 0.3922644853548273 0.36873179609261697 0.3451991068304068 0.3216664175681966 0.29813372830598633 0.27460103904377614 0.2518718733863219 0.23000169263386863 0.2081315118814154 0.18626133112896218 0.16439115037650895 0.1425209696240557 0.1206507888716025 0.09878060811911196 0.0769104273666587
4.2934917491320945 4.283479305790006 4.273466862447916 4.26345441910581 4.25344197576372 4.243429532421631 4.233417089079541 4.223404645737452 4.2133922023953625 4.2033797590532735 4.193367315711184 4.03936510067001 3.731434563975991 3.423504027281972 3.115573490587953 2.807642953893934 2.4997124171993903 2.191781880505371 1.8838513438113518 1.575920807117333 1.2679902704233141 0.9600597337292949 0.652129197035276 0.4834789952896556 0.4637226211135625 0.44396624693746944 0.42420987276137634 0.40445349858528323 0.3846971244091901 0.3649407502330634 0.3451843760569703 0.32542800188087717 0.30567162770478407 0.28591525352869096 0.26615887935259785 0.24564229656448647 0.2243130335781701 0.2029837705918537 0.18165450760553734 0.16032524461922096 0.13899598163290455 0.11766671864658818 0.09633745566023544 0.07500819267391906
4.116076117523986 4.11649481999048 4.116913522456974 4.117332224923469 4.117750927389963 4.118169629856458 4.118588332322951 4.119007034789446 4.1194257372559395 4.119844439722434 4.120263142188928 3.972291205355688 3.665686319897903 3.3590814344401174 3.052476548982332 2.7458716635245466 2.439266778066239 2.1326618926084535 1.826057007150668 1.5194521216928827 1.2128472362350977 0.9062423507773123 0.5996374653195273 0.43349736965118246 0.4175173105612065 0.40153725147123054 0.3855571923812546 0.3695771332912786 0.35359707420130265 0.3376170151112995 0.32163695602132353 0.30565689693134757 0.2896768378413716 0.27369677875139564 0.2577167196614197 0.23941271974265113 0.2186243745224716 0.19783602930229205 0.17704768408211252 0.156259338861933 0.13547099364175347 0.11468264842157394 0.09389430320135894 0.07310595798117941
3.938660485915727 3.9495103341908133 3.9603601824659 3.971210030741005 3.9820598790160915 3.992909727291178 4.0037595755662645 4.014609423841351 4.0254592721164375 4.0363091203915245 4.0471589686666105 3.9052173100413095 3.5999380758197588 3.294658841598208 2.989379607376658 2.684100373155107 2.378821138933036 2.073541904711486 1.7682626704899351 1.4629834362683845 1.1577042020468338 0.8524249678252835 0.5471457336037329 0.38351574401266675 0.37131200000881115 0.3591082560049555 0.3469045120010999 0.3347007679972443 0.3224970239933887 0.3102932799895123 0.2980895359856567 0.2858857919818011 0.27368204797794543 0.26147830397408983 0.24927455997023423 0.23318314292081044 0.2129357154667682 0.192688288012726 0.1724408605586838 0.15219343310464156 0.13194600565059933 0.11169857819655712 0.09145115074248036 0.07120372328843813
3.7612448543076185 3.7825258483912885 3.8038068424749585 3.825087836558665 3.846368830642335 3.867649824726005 3.888930818809675 3.9102118128933454 3.9314928069770154 3.9527738010606854 3.9740547951443554 3.8381434147269875 3.5341898317416707 3.230236248756354 2.926282665771037 2.62232908278572 2.3183754997998847 2.014421916814568 1.710468333829251 1.4065147508439342 1.1025611678586174 0.7986075848733005 0.4946540018879837 0.33353411837419367 0.32510668945645516 0.3166792605387167 0.3082518316209782 0.29982440270323973 0.2913969737855012 0.2829695448677484 0.27454211595000994 0.2661146870322715 0.25768725811453297 0.24925982919679449 0.240832400279056 0.22695356609897507 0.2072470564110697 0.18754054672316434 0.16783403703525895 0.14812752734735357 0.12842101765944822 0.10871450797154286 0.08900799828360387 0.06930148859569851
3.58382922269951 3.6155413625917636 3.6472535024840176 3.6789656423763253 3.710677782268579 3.7423899221608323 3.774102062053086 3.8058142019453394 3.8375263418375933 3.869238481729847 3.9009506216221004 3.771069519412666 3.468441587663583 3.1658136559144996 2.863185724165416 2.560557792416333 2.257929860666734 1.9553019289176505 1.6526739971685673 1.3500460654194844 1.047418133670401 0.7447902019213175 0.44216227017223453 0.28355249273572053 0.2789013789040992 0.27425026507247785 0.2695991512408565 0.26494803740923517 0.2602969235776138 0.2556458097459845 0.2509946959143632 0.24634358208274182 0.24169246825112045 0.2370413544194991 0.23239024058787777 0.22072398927713965 0.20155839735537115 0.18239280543360264 0.1632272135118341 0.14406162159006558 0.12489602966829708 0.10573043774652856 0.08656484582472734 0.06739925390295884
3.406413591091402 3.448556876792239 3.4907001624930762 3.532843448193985 3.5749867338948222 3.6171300195956597 3.6592733052964967 3.7014165909973338 3.743559876698171 3.785703162399008 3.8278464480998453 3.7039956240983445 3.402693343585495 3.1013910630726453 2.8000887825597953 2.498786502046946 2.197484221533583 1.8961819410207332 1.5948796605078837 1.293577379995034 0.9922750994821845 0.6909728189693349 0.38967053845648536 0.23357086709724745 0.23269606835174322 0.23182126960623903 0.2309464708607348 0.23007167211523058 0.22919687336972636 0.22832207462422063 0.22744727587871644 0.2265724771332122 0.225697678387708 0.22482287964220377 0.22394808089669954 0.2144944124553043 0.19586973829967264 0.17724506414404095 0.1586203899884093 0.13999571583277765 0.12137104167714596 0.1027463675215143 0.08412169336585087 0.06549701921021919
