Figures/CREST_Example_wjb_NSE/Rolling_result/20100722/BJP_forecast/ens_7/wjb.rain.20100723.asc
ncols            288
nrows            254
xllcorner        113.274861
yllcorner        31.4918055
cellsize         0.008333333333
NODATA_value     -9999
[rows 200 to 219 of 254, columns 90 to 134 of 288]
14.271553242594646 14.34460278434522 14.417652326095672 14.490701867846122 14.563751409596573 14.636800951347023 14.709850493097475 14.782900034847925 14.855949576598375 7.436061528244635 7.436061528244635 7.436061528244635 7.436061528244635 7.436061528244635 7.436061528244635 7.436061528244635 7.436061528244635 7.436061528244635 7.436061528244635 7.436061528244635 7.436061528244635 7.436061528244635 7.436061528244635 7.436061528244635 7.436061528244635 7.436061528244635 7.436061528244635 7.436061528244635 7.436061528244635 7.436061528244635 7.436061528244635 7.436061528244635 7.436061528244635 9.000831215383846 8.854220436262953 8.707609657142058 8.560998878021165 8.41438809890027 8.267777319779377 8.121166540658482 7.974555761537338 7.827944982416444 7.68133420329555 7.534723424174656 7.388112645053762
14.469195179003476 14.532503798107646 14.595812417211707 14.659121036315769 14.72242965541983 14.785738274523892 14.849046893627953 14.912355512732017 14.975664131836078 7.436061528244635 7.436061528244635 7.436061528244635 7.436061528244635 7.436061528244635 7.436061528244635 7.436061528244635 7.436061528244635 7.436061528244635 7.436061528244635 7.436061528244635 7.436061528244635 7.436061528244635 7.436061528244635 7.436061528244635 7.436061528244635 7.436061528244635 7.436061528244635 7.436061528244635 7.436061528244635 7.436061528244635 7.436061528244635 7.436061528244635 7.436061528244635 9.180885321569503 9.002666848415393 8.82444837526128 8.64622990210717 8.468011428953059 8.289792955798948 8.111574482644837 7.933356009490422 7.75513753633631 7.576919063182199 7.398700590028088 7.220482116873978
14.666837115412307 14.720404811870072 14.773972508327743 14.827540204785416 14.88110790124309 14.934675597700762 14.988243294158433 15.041810990616106 15.09537868707378 7.436061528244635 7.436061528244635 7.436061528244635 7.436061528244635 -9999.0 -9999.0 -9999.0 7.436061528244635 7.436061528244635 7.436061528244635 7.436061528244635 7.436061528244635 7.436061528244635 7.436061528244635 7.436061528244635 7.436061528244635 7.436061528244635 7.436061528244635 7.436061528244635 7.436061528244635 7.436061528244635 7.436061528244635 7.436061528244635 7.436061528244635 9.36093942775516 9.151113260567831 8.941287093380504 8.731460926193176 8.521634759005847 8.311808591818519 8.10198242463119 7.892156257443505 7.682330090256177 7.472503923068849 7.262677755881521 7.0528515886941925
14.864479051821137 14.908305825632496 14.952132599443779 14.995959373255063 15.039786147066346 15.08361292087763 15.127439694688913 15.171266468500198 15.21509324231148 7.436061528244635 7.436061528244635 7.436061528244635 7.436061528244635 -9999.0 -9999.0 -9999.0 -9999.0 7.436061528244635 7.436061528244635 -9999.0 7.436061528244635 7.436061528244635 7.436061528244635 7.436061528244635 7.436061528244635 7.436061528244635 7.436061528244635 7.436061528244635 7.436061528244635 7.436061528244635 7.436061528244635 7.436061528244635 7.436061528244635 9.540993533940817 9.299559672720271 9.058125811499727 8.81669195027918 8.575258089058636 8.333824227838091 8.092390366617545 7.850956505396589 7.609522644176044 7.368088782955499 7.1266549217349535 6.885221060514409
15.062120988230053 15.096206839395 15.130292690559891 15.164378541724782 15.198464392889672 15.232550244054561 15.266636095219452 15.300721946384343 15.334807797549233 7.436061528244635 7.436061528244635 7.436061528244635 -9999.0 -9999.0 -9999.0 -9999.0 -9999.0 -9999.0 -9999.0 -9999.0 -9999.0 7.436061528244635 7.436061528244635 7.436061528244635 7.436061528244635 7.436061528244635 7.436061528244635 7.436061528244635 7.436061528244635 7.436061528244635 7.436061528244635 7.436061528244635 7.436061528244635 9.72104764012655 9.448006084872775 9.174964529618999 8.901922974365224 8.628881419111448 8.355839863857671 8.082798308603897 7.809756753349655 7.53671519809588 7.263673642842104 6.990632087588329 6.717590532334553
7.436061528244635 7.436061528244635 7.436061528244635 7.436061528244635 7.436061528244635 7.436061528244635 7.436061528244635 7.436061528244635 7.436061528244635 7.436061528244635 7.436061528244635 7.436061528244635 -9999.0 -9999.0 -9999.0 -9999.0 -9999.0 -9999.0 -9999.0 -9999.0 -9999.0 -9999.0 7.436061528244635 7.436061528244635 7.436061528244635 7.436061528244635 7.436061528244635 7.436061528244635 7.436061528244635 7.436061528244635 7.436061528244635 7.436061528244635 7.436061528244635 9.774386020599355 9.488973732177408 9.203561443755461 8.918149155333513 8.632736866911566 8.34732457848962 8.061912290067673 7.776500001645239 7.491087713223291 7.205675424801344 6.920263136379397 6.63485084795745
7.436061528244635 7.436061528244635 7.436061528244635 7.436061528244635 7.436061528244635 7.436061528244635 7.436061528244635 7.436061528244635 7.436061528244635 7.436061528244635 7.436061528244635 7.436061528244635 7.436061528244635 -9999.0 -9999.0 -9999.0 -9999.0 -9999.0 -9999.0 -9999.0 -9999.0 -9999.0 7.436061528244635 7.436061528244635 7.436061528244635 7.436061528244635 7.436061528244635 7.436061528244635 7.436061528244635 7.436061528244635 7.436061528244635 7.436061528244635 7.436061528244635 9.69227327694998 9.415053354053462 9.137833431156947 8.86061350826043 8.583393585363915 8.306173662467398 8.028953739570882 7.751733816673894 7.474513893777377 7.197293970880861 6.920074047984345 6.64285412508783
7.436061528244635 7.436061528244635 7.436061528244635 7.436061528244635 7.436061528244635 7.436061528244635 7.436061528244635 7.436061528244635 7.436061528244635 7.436061528244635 7.436061528244635 7.436061528244635 7.436061528244635 -9999.0 -9999.0 -9999.0 -9999.0 -9999.0 -9999.0 -9999.0 -9999.0 -9999.0 -9999.0 7.436061528244635 7.436061528244635 7.436061528244635 7.436061528244635 7.436061528244635 7.436061528244635 7.436061528244635 7.436061528244635 7.436061528244635 7.436061528244635 9.610160533300567 9.341132975929487 9.072105418558404 8.803077861187322 8.53405030381624 8.265022746445158 7.995995189074078 7.7269676317025375 7.4579400743314554 7.188912516960373 6.919884959589292 6.650857402218211
7.436061528244635 7.436061528244635 7.436061528244635 7.436061528244635 7.436061528244635 7.436061528244635 7.436061528244635 7.436061528244635 7.436061528244635 7.436061528244635 7.436061528244635 7.436061528244635 7.436061528244635 -9999.0 -9999.0 -9999.0 -9999.0 -9999.0 -9999.0 -9999.0 -9999.0 -9999.0 -9999.0 -9999.0 -9999.0 -9999.0 -9999.0 7.436061528244635 7.436061528244635 7.436061528244635 7.436061528244635 7.436061528244635 7.436061528244635 9.528047789651191 9.26721259780554 9.00637740595989 8.74554221411424 8.484707022268589 8.223871830422938 7.963036638577288 7.702201446731192 7.441366254885541 7.18053106303989 6.919695871194239 6.658860679348589
7.436061528244635 7.436061528244635 7.436061528244635 7.436061528244635 7.436061528244635 7.436061528244635 7.436061528244635 7.436061528244635 7.436061528244635 7.436061528244635 7.436061528244635 7.436061528244635 7.436061528244635 -9999.0 -9999.0 -9999.0 -9999.0 -9999.0 -9999.0 -9999.0 -9999.0 -9999.0 -9999.0 -9999.0 -9999.0 -9999.0 -9999.0 -9999.0 -9999.0 7.436061528244635 7.436061528244635 7.436061528244635 7.436061528244635 9.445935046001816 9.193292219681595 8.940649393361376 8.688006567041157 8.435363740720938 8.182720914400717 7.9300780880804975 7.677435261759847 7.4247924354396275 7.1721496091194075 6.919506782799187 6.666863956478968
7.436061528244635 7.436061528244635 7.436061528244635 7.436061528244635 7.436061528244635 7.436061528244635 7.436061528244635 7.436061528244635 7.436061528244635 7.436061528244635 7.436061528244635 7.436061528244635 7.436061528244635 -9999.0 -9999.0 -9999.0 -9999.0 -9999.0 -9999.0 -9999.0 -9999.0 -9999.0 -9999.0 -9999.0 -9999.0 -9999.0 -9999.0 -9999.0 -9999.0 7.436061528244635 7.436061528244635 7.436061528244635 7.436061528244635 9.363822302352403 9.11937184155762 8.874921380762833 8.630470919968047 8.386020459173263 8.141569998378477 7.897119537583693 7.652669076788491 7.408218615993706 7.16376815519892 6.9193176944041355 6.6748672336093495
7.436061528244635 7.436061528244635 7.436061528244635 7.436061528244635 7.436061528244635 7.436061528244635 7.436061528244635 7.436061528244635 7.436061528244635 7.436061528244635 7.436061528244635 7.436061528244635 -9999.0 -9999.0 -9999.0 -9999.0 -9999.0 -9999.0 -9999.0 -9999.0 -9999.0 -9999.0 -9999.0 -9999.0 -9999.0 -9999.0 -9999.0 -9999.0 7.436061528244635 7.436061528244635 7.436061528244635 7.436061528244635 7.436061528244635 9.281709558703028 9.045451463433674 8.809193368164319 8.572935272894965 8.33667717762561 8.100419082356257 7.864160987086903 7.627902891817145 7.391644796547791 7.155386701278436 6.919128606009083 6.682870510739728
7.436061528244635 7.436061528244635 7.436061528244635 7.436061528244635 7.436061528244635 7.436061528244635 7.436061528244635 7.436061528244635 7.436061528244635 7.436061528244635 7.436061528244635 7.436061528244635 -9999.0 -9999.0 -9999.0 -9999.0 -9999.0 -9999.0 -9999.0 -9999.0 -9999.0 -9999.0 -9999.0 -9999.0 -9999.0 -9999.0 -9999.0 -9999.0 7.436061528244635 7.436061528244635 7.436061528244635 7.436061528244635 7.436061528244635 9.199596815053653 8.971531085309728 8.743465355565805 8.515399625821882 8.287333896077959 8.059268166334036 7.831202436590113 7.6031367068458 7.375070977101877 7.147005247357954 6.91893951761403 6.690873787870107
7.436061528244635 7.436061528244635 7.436061528244635 7.436061528244635 7.436061528244635 7.436061528244635 7.436061528244635 7.436061528244635 7.436061528244635 7.436061528244635 7.436061528244635 7.436061528244635 -9999.0 -9999.0 -9999.0 -9999.0 -9999.0 -9999.0 -9999.0 -9999.0 -9999.0 -9999.0 -9999.0 -9999.0 -9999.0 -9999.0 7.436061528244635 7.436061528244635 7.436061528244635 7.436061528244635 7.436061528244635 7.436061528244635 7.436061528244635 9.11748407140424 8.897610707185752 8.677737342967262 8.457863978748774 8.237990614530284 8.018117250311796 7.798243886093307 7.578370521874444 7.358497157655955 7.138623793437466 6.918750429218978 6.698877065000488
7.436061528244635 7.436061528244635 7.436061528244635 7.436061528244635 7.436061528244635 7.436061528244635 7.436061528244635 7.436061528244635 7.436061528244635 7.436061528244635 7.436061528244635 -9999.0 -9999.0 -9999.0 -9999.0 -9999.0 -9999.0 -9999.0 -9999.0 -9999.0 -9999.0 -9999.0 -9999.0 -9999.0 -9999.0 -9999.0 7.436061528244635 7.436061528244635 7.436061528244635 7.436061528244635 7.436061528244635 7.436061528244635 7.436061528244635 9.035371327754865 8.823690329061806 8.61200933036875 8.400328331675691 8.188647332982633 7.976966334289576 7.765285335596517 7.553604336903099 7.341923338210041 7.1302423395169825 6.918561340823926 6.706880342130868
7.436061528244635 7.436061528244635 7.436061528244635 7.436061528244635 7.436061528244635 7.436061528244635 7.436061528244635 7.436061528244635 7.436061528244635 7.436061528244635 -9999.0 -9999.0 -9999.0 -9999.0 -9999.0 -9999.0 -9999.0 -9999.0 -9999.0 -9999.0 -9999.0 -9999.0 -9999.0 -9999.0 -9999.0 -9999.0 7.436061528244635 7.436061528244635 7.436061528244635 7.436061528244635 7.436061528244635 7.436061528244635 7.436061528244635 8.95325858410549 8.749769950937862 8.546281317770235 8.342792684602609 8.139304051434982 7.935815418267355 7.732326785099728 7.528838151931754 7.325349518764127 7.1218608855965 6.918372252428873 6.714883619261246
7.436061528244635 7.436061528244635 7.436061528244635 7.436061528244635 7.436061528244635 7.436061528244635 -9999.0 -9999.0 -9999.0 -9999.0 -9999.0 -9999.0 -9999.0 -9999.0 -9999.0 -9999.0 -9999.0 -9999.0 -9999.0 -9999.0 -9999.0 -9999.0 -9999.0 -9999.0 -9999.0 -9999.0 -9999.0 7.436061528244635 7.436061528244635 7.436061528244635 7.436061528244635 7.436061528244635 7.436061528244635 8.871145840456112 8.675849572813917 8.480553305171721 8.285257037529524 8.089960769887329 7.894664502245133 7.699368234602937 7.504071966960408 7.308775699318212 7.113479431676016 6.91818316403382 6.722886896391624
7.436061528244635 7.436061528244635 7.436061528244635 7.436061528244635 7.436061528244635 7.436061528244635 -9999.0 -9999.0 -9999.0 -9999.0 -9999.0 -9999.0 -9999.0 -9999.0 -9999.0 -9999.0 -9999.0 -9999.0 -9999.0 -9999.0 -9999.0 -9999.0 -9999.0 -9999.0 -9999.0 -9999.0 -9999.0 7.436061528244635 7.436061528244635 7.436061528244635 7.436061528244635 7.436061528244635 7.436061528244635 7.436061528244635 7.436061528244635 7.436061528244635 7.436061528244635 7.436061528244635 7.436061528244635 7.436061528244635 7.436061528244635 7.436061528244635 7.436061528244635 7.436061528244635 7.436061528244635
7.436061528244635 7.436061528244635 -9999.0 7.436061528244635 -9999.0 -9999.0 -9999.0 -9999.0 -9999.0 -9999.0 -9999.0 -9999.0 -9999.0 -9999.0 -9999.0 -9999.0 -9999.0 -9999.0 -9999.0 -9999.0 -9999.0 -9999.0 -9999.0 -9999.0 -9999.0 -9999.0 -9999.0 -9999.0 -9999.0 7.436061528244635 7.436061528244635 7.436061528244635 7.436061528244635 7.436061528244635 7.436061528244635 7.436061528244635 7.436061528244635 7.436061528244635 7.436061528244635 7.436061528244635 7.436061528244635 7.436061528244635 7.436061528244635 7.436061528244635 7.436061528244635
7.436061528244635 7.436061528244635 -9999.0 -9999.0 -9999.0 -9999.0 -9999.0 -9999.0 -9999.0 -9999.0 -9999.0 -9999.0 -9999.0 -9999.0 -9999.0 -9999.0 -9999.0 -9999.0 -9999.0 -9999.0 -9999.0 -9999.0 -9999.0 -9999.0 -9999.0 -9999.0 -9999.0 -9999.0 -9999.0 7.436061528244635 7.436061528244635 7.436061528244635 7.436061528244635 7.436061528244635 7.436061528244635 7.436061528244635 7.436061528244635 7.436061528244635 7.436061528244635 7.436061528244635 7.436061528244635 7.436061528244635 7.436061528244635 7.436061528244635 7.436061528244635
