Figures/CREST_Example_wjb_NSE/Rolling_result/20100722/BJP_forecast/ens_7/wjb.rain.20100724.asc
ncols            288
nrows            254
xllcorner        113.274861
yllcorner        31.4918055
cellsize         0.008333333333
NODATA_value     -9999
[rows 160 to 179 of 254, columns 88 to 131 of 288]
2.912372654869723 2.8927490200741866 2.87312538527865 2.8535017504830797 2.833878115687543 2.8142544808920062 2.79463084609647 2.775007211300933 2.7553835765053964 2.7357599417098597 2.7161363069143234 2.657528671564168 2.5572462581663977 2.456963844768628 2.3566814313708577 2.256399017973088 2.1561166045751468 2.055834191177377 1.955551777779607 1.855269364381837 1.754986950984067 1.654704537586297 1.554422124188527 1.5176500238192825 1.5487718842195852 1.5798937446198877 1.6110156050201905 1.6421374654204932 1.673259325820796 1.7043811862211515 1.7355030466214543 1.766624907021757 1.7977467674220597 1.8288686278223623 1.859990488222665 1.934923872194545 2.056692765652807 2.1784616591110693 2.300230552569331 2.421999446027593 2.5437683394858555 2.6655372329441174 2.787306126402587 2.909075019860849
2.955893795356412 2.9301478351133214 2.9044018748702305 2.878655914627096 2.852909954384005 2.827163994140914 2.801418033897823 2.7756720736547327 2.7499261134116417 2.724180153168551 2.6984341929254603 2.6375157498296855 2.5389971272906684 2.4404785047516513 2.341959882212634 2.2434412596736175 2.144922637134432 2.0464040145954154 1.947885392056398 1.849366769517381 1.750848146978364 1.652329524439347 1.5538109019003299 1.516827738605722 1.5456273727285905 1.574427006851459 1.6032266409743274 1.6320262750971959 1.6608259092200643 1.6896255433429819 1.7184251774658503 1.747224811588719 1.7760244457115872 1.804824079834456 1.8336237139573244 1.90436395850117 2.0199396640630995 2.1355153696250295 2.251091075186959 2.366666780748889 2.4822424863108186 2.597818191872748 2.7133938974348752 2.8289696029968048
2.999414935843101 2.967546650152456 2.935678364461811 2.903810078771112 2.8719417930804667 2.840073507389822 2.808205221699177 2.7763369360085317 2.744468650317887 2.712600364627242 2.680732078936597 2.617502828095203 2.520747996414939 2.423993164734675 2.327238333054411 2.2304835013741466 2.1337286696937174 2.0369738380134534 1.9402190063331892 1.843464174652925 1.746709342972661 1.6499545112923968 1.5531996796121328 1.5160054533921616 1.5424828612375958 1.56896026908303 1.5954376769284644 1.6219150847738986 1.648392492619333 1.6748699004648122 1.7013473083102466 1.7278247161556808 1.7543021240011152 1.7807795318465494 1.8072569396919838 1.873804044807795 1.9831865624733924 2.09256908013899 2.2019515978045874 2.3113341154701845 2.420716633135782 2.5300991508013797 2.6394816684671634 2.748864186132761
3.0429360763298265 3.0049454651916223 2.966954854053418 2.928964242915149 2.8909736317769448 2.8529830206387405 2.814992409500536 2.7770017983623316 2.7390111872241274 2.701020576085923 2.663029964947719 2.5974899063607038 2.502498865539194 2.407507824717684 2.3125167838961747 2.217525743074665 2.1225347022529935 2.0275436614314835 1.932552620609974 1.837561579788464 1.7425705389669544 1.6475794981454446 1.5525884573239348 1.5151831681786003 1.5393383497465984 1.5634935313145966 1.5876487128825947 1.6118038944505928 1.635959076018591 1.6601142575866301 1.6842694391546282 1.7084246207226264 1.7325798022906245 1.7567349838586226 1.7808901654266207 1.8432441311143941 1.9464334608836538 2.0496227906529136 2.1528121204221735 2.2560014501914334 2.3591907799606933 2.462380109729953 2.565569439499389 2.6687587692686487
3.0864572168165156 3.042344280230757 2.9982313436449988 2.9541184070591653 2.910005470473407 2.8658925338876484 2.82177959730189 2.7776666607161316 2.733553724130373 2.6894407875446147 2.6453278509588563 2.577476984626222 2.4842497346634653 2.3910224847007084 2.2977952347379516 2.2045679847751947 2.111340734812279 2.018113484849522 1.924886234886765 1.8316589849240081 1.7384317349612513 1.6452044849984944 1.5519772350357375 1.51436088296504 1.5361938382556037 1.5580267935461678 1.5798597488367316 1.6016927041272955 1.6235256594178595 1.6453586147084607 1.6671915699990245 1.6890245252895886 1.7108574805801524 1.7326904358707165 1.7545233911612803 1.8126842174210194 1.9096803592939469 2.0066765011668743 2.103672643039802 2.2006687849127293 2.297664926785657 2.3946610686585843 2.491657210531677 2.5886533524046045
3.1299783573032047 3.079743095269892 3.02950783323658 2.9792725712031816 2.929037309169869 2.8788020471365563 2.8285667851032437 2.778331523069931 2.7280962610366184 2.6778609990033058 2.627625736969993 2.5574640628917398 2.4660006037877356 2.374537144683732 2.283073685579728 2.191610226475724 2.100146767371564 2.0086833082675604 1.9172198491635561 1.8257563900595524 1.7342929309555482 1.6428294718515444 1.5513660127475404 1.5135385977514795 1.533049326764609 1.5525600557777388 1.5720707847908686 1.5915815138039984 1.6110922428171282 1.630602971830291 1.6501137008434208 1.6696244298565506 1.6891351588696804 1.70864588788281 1.7281566168959397 1.7821243037276442 1.8729272577042395 1.9637302116808346 2.0545331656574297 2.145336119634025 2.23613907361062 2.326942027587215 2.417744981563965 2.50854793554056
3.1734994977898934 3.117141910309027 3.06078432282816 3.0044267353471974 2.9480691478663306 2.8917115603854637 2.835353972904597 2.7789963854237305 2.7226387979428637 2.666281210461997 2.60992362298113 2.5374511411572573 2.4477514729120062 2.3580518046667556 2.2683521364215045 2.1786524681762534 2.0889527999308495 1.9992531316855984 1.9095534634403473 1.8198537951950964 1.7301541269498453 1.6404544587045944 1.5507547904593433 1.5127163125379188 1.5299048152736145 1.54709331800931 1.5642818207450055 1.581470323480701 1.5986588262163968 1.6158473289521216 1.633035831687817 1.6502243344235126 1.6674128371592083 1.6846013398949038 1.7017898426305993 1.7515643900342694 1.8361741561145322 1.920783922194795 2.005393688275058 2.0900034543553208 2.1746132204355835 2.2592229865158466 2.3438327525962537 2.4284425186765164
3.2170206382765825 3.1545407253481614 3.0920608124197404 3.0295808994912132 2.967100986562792 2.904621073634371 2.8421411607059506 2.7796612477775295 2.7171813348491085 2.654701421920688 2.592221508992267 2.517438219422775 2.429502342036277 2.341566464649779 2.253630587263281 2.1656947098767825 2.077758832490135 1.9898229551036364 1.9018870777171384 1.8139512003306404 1.7260153229441422 1.638079445557644 1.550143568171146 1.5118940273243584 1.5267603037826198 1.541626580240881 1.5564928566991425 1.571359133157404 1.5862254096156652 1.601091686073952 1.6159579625322134 1.6308242389904746 1.645690515448736 1.6605567919069972 1.6754230683652587 1.7210044763408945 1.799421054524825 1.8778376327087556 1.9562542108926861 2.0346707890766167 2.113087367260547 2.191503945444478 2.2699205236285422 2.3483371018124726
3.2605417787632716 3.1919395403872963 3.123337302011321 3.054735063635229 2.9861328252592543 2.917530586883279 2.8489283485073043 2.780326110131329 2.7117238717553542 2.643121633379379 2.5745193950034038 2.497425297688293 2.4112532111605476 2.3250811246328023 2.2389090381050574 2.152736951577312 2.06656486504942 1.9803927785216748 1.8942206919939295 1.8080486054661844 1.7218765189384393 1.635704432410694 1.5495323458829489 1.511071742110798 1.5236157922916251 1.5361598424724523 1.5487038926532795 1.5612479428341066 1.5737919930149338 1.5863360431957825 1.5988800933766096 1.6114241435574368 1.623968193738264 1.6365122439190911 1.6490562940999183 1.6904445626475195 1.7626679529351177 1.8348913432227159 1.9071147335103142 1.9793381237979122 2.0515615140855106 2.1237849043731085 2.19600829466083 2.2682316849484283
3.198652927143395 3.1281774918842773 3.0577020566251596 2.9872266213659215 2.916751186106804 2.846275750847686 2.775800315588568 2.7053248803294503 2.6348494450703326 2.564374009811215 2.493898574552097 2.4200315908829397 2.342538965278237 2.2650463396735345 2.1875537140688324 2.1100610884641298 2.0325684628592953 1.9550758372545927 1.8775832116498905 1.800090586045188 1.7225979604404855 1.6451053348357831 1.5676127092310805 1.53216556630075 1.5416659951127967 1.5511664239248433 1.5606668527368899 1.5701672815489367 1.5796677103609833 1.5891681391730461 1.5986685679850927 1.6081689967971393 1.6176694256091861 1.6271698544212327 1.6366702832332793 1.6740160080898694 1.741128984133574 1.8082419601772783 1.875354936220983 1.9424679122646875 2.009580888308392 2.0766938643520967 2.1438068403959156 2.21091981643962
3.024087438413939 2.956280856865893 2.8884742753178463 2.8206676937696846 2.752861112221638 2.685054530673592 2.6172479491255456 2.549441367577499 2.4816347860294528 2.4138282044814066 2.3460216229333604 2.2813014417983677 2.219880692490539 2.1584599431827103 2.0970391938748816 2.035618444567053 1.9741976952591198 1.912776945951291 1.8513561966434624 1.7899354473356337 1.728514698027805 1.6670939487199765 1.6056731994121478 1.5766863299749367 1.5823720115382358 1.5880576931015349 1.593743374664834 1.599429056228133 1.605114737791432 1.6108004193547407 1.6164861009180398 1.6221717824813389 1.627857464044638 1.633543145607937 1.639228827171236 1.6726929856869817 1.7358529642692906 1.7990129428515995 1.8621729214339084 1.9253329000162176 1.9884928785985265 2.0516528571808355 2.114812835763252 2.1779728143455612
2.8495219496846325 2.784384221847655 2.719246494010678 2.65410876617359 2.588971038336613 2.5238333104996356 2.458695582662658 2.3935578548256813 2.328420126988704 2.263282399151727 2.1981446713147497 2.142571292713914 2.0972224197029457 2.051873546691977 2.0065246736810085 1.96117580067004 1.915826927658994 1.8704780546480255 1.825129181637057 1.7797803086260884 1.7344314356151198 1.6890825626041512 1.6437336895931827 1.6212070936490854 1.62307802796364 1.624948962278195 1.6268198965927496 1.6286908309073043 1.630561765221859 1.632432699536417 1.6343036338509715 1.6361745681655262 1.638045502480081 1.6399164367946357 1.6417873711091904 1.671369963284095 1.7305769444050116 1.7897839255259285 1.8489909066468453 1.9081978877677621 1.967404868888679 2.0266118500095955 2.0858188311306134 2.14502581225153
2.6749564609553254 2.6124875868294173 2.550018712703509 2.487549838577495 2.425080964451587 2.362612090325679 2.300143216199771 2.2376743420738627 2.175205467947955 2.112736593822047 2.050267719696139 2.0038411436294603 1.9745641469153519 1.9452871502012434 1.916010153487135 1.8867331567730266 1.8574561600588682 1.8281791633447597 1.7989021666306513 1.7696251699165428 1.7403481732024344 1.711071176488326 1.6817941797742173 1.6657278573232341 1.6637840443890446 1.661840231454855 1.6598964185206653 1.6579526055864757 1.656008792652286 1.654064979718093 1.6521211667839035 1.6501773538497138 1.6482335409155242 1.6462897279813347 1.644345915047145 1.6700469408812084 1.7253009245407331 1.7805549082002576 1.8358088918597821 1.8910628755193066 1.9463168591788313 2.0015708428383556 2.0568248264979747 2.112078810157499
2.5003909722260182 2.4405909518111795 2.3807909313963407 2.3209909109813998 2.261190890566561 2.201390870151722 2.1415908497368834 2.0817908293220446 2.021990808907206 1.9621907884923673 1.9023907680775285 1.865110994545007 1.8519058741277588 1.8387007537105102 1.825495633293262 1.8122905128760136 1.7990853924587427 1.7858802720414944 1.7726751516242458 1.7594700312069975 1.7462649107897492 1.7330597903725007 1.7198546699552524 1.710248620997383 1.704490060814449 1.6987315006315151 1.6929729404485812 1.6872143802656472 1.6814558200827132 1.6756972598997693 1.6699386997168353 1.6641801395339013 1.6584215793509673 1.6526630191680334 1.6469044589850994 1.6687239184783218 1.7200249046764542 1.7713258908745864 1.8226268770727188 1.8739278632708511 1.9252288494689835 1.9765298356671157 2.0278308218653356 2.079131808063468
2.3258254834967116 2.268694316792942 2.211563150089172 2.1544319833853054 2.0973008166815355 2.040169649977766 1.9830384832739965 1.925907316570227 1.8687761498664572 1.8116449831626875 1.754513816458918 1.7263808454605536 1.7292476013401654 1.732114357219777 1.7349811130993886 1.7378478689790005 1.740714624858617 1.7435813807382288 1.7464481366178404 1.7493148924974522 1.7521816483770638 1.7550484042566756 1.7579151601362872 1.7547693846715318 1.7451960772398536 1.7356227698081752 1.7260494623764968 1.7164761549448186 1.7069028475131403 1.6973295400814457 1.6877562326497673 1.6781829252180889 1.6686096177864107 1.6590363103547323 1.649463002923054 1.6674008960754352 1.7147488848121755 1.7620968735489155 1.8094448622856556 1.8567928510223959 1.904140839759136 1.951488828495876 1.998836817232697 2.046184805969437
2.1512599947674045 2.096797681774704 2.0423353687820036 1.9878730557892104 1.93341074279651 1.8789484298038095 1.824486116811109 1.7700238038184086 1.7155614908257082 1.661099177833008 1.6066368648403073 1.5876506963761 1.6065893285525719 1.6255279607290436 1.6444665929055153 1.6634052250819873 1.6823438572584912 1.7012824894349632 1.720221121611435 1.7391597537879067 1.7580983859643784 1.7770370181408501 1.795975650317322 1.7992901483456807 1.7859020936652579 1.7725140389848353 1.7591259843044125 1.7457379296239899 1.7323498749435673 1.7189618202631216 1.705573765582699 1.6921857109022764 1.6787976562218536 1.665409601541431 1.6520215468610084 1.6660778736725486 1.7094728649478965 1.7528678562232445 1.7962628474985924 1.8396578387739404 1.8830528300492881 1.9264478213246363 1.9698428126000582 2.013237803875406
1.9766945060379488 1.92490104675632 1.8731075874746907 1.8213141281929737 1.7695206689113445 1.7177272096297156 1.6659337503480867 1.6141402910664577 1.5623468317848288 1.5105533725031997 1.458759913221571 1.4489205472915283 1.4839310557648737 1.5189415642382194 1.553952072711565 1.5889625811849106 1.6239730896583158 1.6589835981316614 1.693994106605007 1.7290046150783525 1.764015123551698 1.7990256320250437 1.8340361404983894 1.8438109120198674 1.826608110090697 1.8094053081615267 1.7922025062323566 1.7749997043031862 1.7577969023740159 1.7405941004448164 1.723391298515646 1.7061884965864758 1.6889856946573056 1.6717828927281353 1.654580090798965 1.6647548512696608 1.7041968450836131 1.7436388388975657 1.783080832711518 1.8225228265254703 1.8619648203394228 1.901406814153375 1.9408488079673947 1.9802908017813472
1.8021290173086417 1.7530044117380819 1.7038798061675222 1.6547552005968786 1.6056305950263188 1.5565059894557591 1.5073813838851993 1.4582567783146394 1.4091321727440798 1.3600075671735201 1.3108829616029603 1.3101903982070746 1.3612727829772804 1.412355167747486 1.4634375525176917 1.5145199372878972 1.56560232205819 1.6166847068283956 1.6677670915986014 1.7188494763688071 1.7699318611390127 1.8210142459092182 1.872096630679424 1.888331675694016 1.8673141265161015 1.8462965773381868 1.8252790281602722 1.8042614789823577 1.7832439298044431 1.7622263806264926 1.741208831448578 1.7201912822706633 1.6991737330927488 1.6781561839148342 1.6571386347369197 1.6634318288667742 1.6989208252193344 1.7344098215718946 1.7698988179244548 1.805387814277015 1.8408768106295752 1.8763658069821354 1.911854803334756 1.9473437996873162
1.6275635285793346 1.581107776719844 1.5346520248603535 1.4881962730007836 1.441740521141293 1.3952847692818025 1.3488290174223119 1.3023732655628213 1.2559175137033307 1.2094617618438401 1.1630060099843496 1.171460249122621 1.2386145101896868 1.3057687712567525 1.3729230323238182 1.440077293390884 1.5072315544580643 1.57438581552513 1.6415400765921957 1.7086943376592616 1.7758485987263273 1.8430028597933932 1.9101571208604589 1.9328524393681648 1.9080201429415058 1.8831878465148468 1.8583555500881879 1.833523253661529 1.80869095723487 1.7838586608081688 1.7590263643815098 1.7341940679548509 1.709361771528192 1.684529475101533 1.659697178674874 1.6621088064638876 1.6936448053550555 1.7251808042462236 1.7567168031373916 1.7882528020285595 1.8197888009197274 1.8513247998108955 1.8828607987021173 1.9143967975932852
1.4529980398500277 1.4092111417016062 1.365424243553185 1.3216373454046888 1.2778504472562675 1.234063549107846 1.1902766509594247 1.1464897528110032 1.1027028546625819 1.0589159565141604 1.015129058365739 1.0327301000381675 1.1159562374020933 1.199182374766019 1.2824085121299449 1.3656346494938707 1.4488607868579386 1.5320869242218644 1.6153130615857902 1.698539198949716 1.7817653363136419 1.8649914736775677 1.9482176110414935 1.9773732030423135 1.9487261593669103 1.920079115691507 1.8914320720161037 1.8627850283407004 1.834137984665297 1.805490940989845 1.7768438973144418 1.7481968536390384 1.719549809963635 1.6909027662882319 1.6622557226128285 1.660785784061001 1.6883687854907767 1.7159517869205525 1.7435347883503283 1.771117789780104 1.7987007912098798 1.8262837926396556 1.8538667940694784 1.8814497954992542
