Figures/CREST_Example_wjb_NSE/Rolling_result/20100722/BJP_forecast/ens_7/wjb.rain.20100725.asc
ncols            288
nrows            254
xllcorner        113.274861
yllcorner        31.4918055
cellsize         0.008333333333
NODATA_value     -9999
[rows 57 to 75 of 254, columns 88 to 131 of 288]
1.7334198226270527 1.709508670856067 1.6855975190850812 1.6616863673140547 1.6377752155430692 1.6138640637720834 1.5899529120010976 1.566041760230112 1.5421306084591262 1.5182194566881406 1.4943083049171548 1.4645175973316849 1.4284415116397815 1.3923654259478782 1.3562893402559748 1.3202132545640715 1.2841371688721068 1.2480610831802035 1.2119849974883001 1.1759089117963968 1.1398328261044934 1.10375674041259 1.0676806547206867 1.05419046071017 1.0648450956359012 1.0754997305616325 1.086154365487364 1.0968090004130953 1.1074636353388265 1.118118270264576 1.1287729051903073 1.1394275401160385 1.15008217504177 1.1607368099675013 1.1713914448932325 1.1557901163702207 1.112120569147426 1.0684510219246315 1.024781474701837 0.9811119274790422 0.9374423802562476 0.8937728330334529 0.8501032858105839 0.8064337385877893
1.5963401171567573 1.5755918733000056 1.5548436294432542 1.5340953855864672 1.5133471417297155 1.492598897872964 1.4718506540162124 1.451102410159461 1.4303541663027093 1.4096059224459578 1.3888576785892062 1.3640684586144742 1.3349593438004068 1.3058502289863396 1.2767411141722722 1.2476319993582048 1.2185228845440879 1.1894137697300204 1.160304654915953 1.1311955401018858 1.1020864252878184 1.072977310473751 1.0438681956596836 1.0349585199751283 1.0476425014846413 1.060326482994154 1.073010464503667 1.08569444601318 1.0983784275226929 1.1110624090322276 1.1237463905417404 1.1364303720512534 1.1491143535607664 1.1617983350702792 1.1744823165797922 1.1559573027151224 1.1040691670106026 1.052181031306083 1.0002928956015635 0.9484047598970439 0.8965166241925242 0.8446284884880045 0.7927403527833965 0.7408522170788767
1.459260411686345 1.4416750757438304 1.4240897398013157 1.4065044038587708 1.3889190679162562 1.3713337319737415 1.3537483960312267 1.336163060088712 1.3185777241461973 1.3009923882036825 1.2834070522611678 1.2636193198971781 1.2414771759609526 1.2193350320247272 1.1971928880885017 1.1750507441522764 1.1529086002160132 1.1307664562797877 1.1086243123435622 1.0864821684073367 1.0643400244711114 1.042197880534886 1.0200557365986604 1.0157265792400703 1.0304399073333665 1.0451532354266628 1.0598665635199591 1.0745798916132554 1.0892932197065517 1.104006547799873 1.1187198758931693 1.1334332039864656 1.148146532079762 1.1628598601730582 1.1775731882663545 1.1561244890600244 1.0960177648737726 1.035911040687521 0.9758043165012692 0.9156975923150175 0.8555908681287658 0.7954841439425142 0.73537741975616 0.6752706955699083
1.3221807062160498 1.3077582781877692 1.2933358501594887 1.2789134221311835 1.2644909941029028 1.2500685660746222 1.2356461380463417 1.221223710018061 1.2068012819897804 1.1923788539615 1.1779564259332194 1.1631701811799673 1.147995008121578 1.1328198350631884 1.117644662004799 1.1024694889464095 1.0872943158879942 1.0721191428296049 1.0569439697712153 1.041768796712826 1.0265936236544364 1.011418450596047 0.9962432775376575 0.9964946385050287 1.0132373131821066 1.0299799878591847 1.0467226625362624 1.0634653372133402 1.0802080118904183 1.0969506865675247 1.1136933612446025 1.1304360359216805 1.1471787105987583 1.1639213852758363 1.1806640599529141 1.1562916754049262 1.0879663627369494 1.0196410500689725 0.951315737400996 0.8829904247330193 0.8146651120650426 0.7463397993970657 0.6780144867289726 0.6096891740609959
1.2996887671810557 1.287291881352225 1.274894995523394 1.2624981096945418 1.250101223865711 1.23770433803688 1.2253074522080492 1.2129105663792181 1.2005136805503873 1.1881167947215563 1.1757199088927255 1.1620195679057375 1.1469258038826735 1.1318320398596096 1.1167382758365454 1.1016445118134814 1.0865507477903917 1.0714569837673276 1.0563632197442636 1.0412694557211997 1.0261756916981355 1.0110819276750715 0.9959881636520075 0.996255184071193 1.0129432304085333 1.0296312767458737 1.0463193230832142 1.0630073694205546 1.079695415757895 1.0963834620952642 1.1130715084326046 1.129759554769945 1.1464476011072855 1.163135647444626 1.1798236937819664 1.1562978448401366 1.0897824324161134 1.0232670199920904 0.9567516075680671 0.8902361951440438 0.8237207827200207 0.7572053702959975 0.6906899578718608 0.6241745454478377
1.3996839253785667 1.3880968095142463 1.376509693649926 1.3649225777855858 1.3533354619212654 1.341748346056945 1.3301612301926247 1.3185741143283043 1.306986998463984 1.2953998825996635 1.2838127667353432 1.2670128172736517 1.2446402308306623 1.2222676443876732 1.199895057944684 1.177522471501695 1.1551498850586674 1.1327772986156783 1.1104047121726892 1.0880321257297 1.0656595392867108 1.0432869528437216 1.0209143664007323 1.0163174999626936 1.0307232801676418 1.0451290603725902 1.0595348405775384 1.0739406207824866 1.0883464009874348 1.1027521811924075 1.1171579613973557 1.1315637416023039 1.145969521807252 1.1603753020122003 1.1747810822171487 1.156131897351465 1.1021462072942116 1.0481605172369584 0.9941748271797053 0.940189137122452 0.8862034470651989 0.8322177570079456 0.7782320669506004 0.7242463768933471
1.4996790835760776 1.4889017376762679 1.4781243917764582 1.4673470458766298 1.45656969997682 1.4457923540770103 1.4350150081772004 1.4242376622773907 1.4134603163775807 1.402682970477771 1.3919056245779613 1.3720060666415659 1.3423546577786516 1.3127032489157373 1.2830518400528228 1.2534004311899085 1.2237490223269436 1.194097613464029 1.1644462046011148 1.1347947957382005 1.105143386875286 1.0754919780123717 1.0458405691494574 1.0363798158541944 1.0485033299267503 1.0606268439993063 1.0727503580718623 1.0848738721444184 1.0969973862169744 1.109120900289551 1.121244414362107 1.133367928434663 1.145491442507219 1.1576149565797749 1.1697384706523308 1.155965949862793 1.11450998217231 1.0730540144818266 1.0315980467913435 0.9901420791008603 0.9486861114103771 0.9072301437198939 0.8657741760293399 0.8243182083388567
1.5996742417735887 1.5897066658382895 1.5797390899029902 1.5697715139676738 1.5598039380323745 1.5498363620970754 1.5398687861617761 1.5299012102264768 1.5199336342911776 1.5099660583558783 1.499998482420579 1.47699931600948 1.4400690847266406 1.403138853443801 1.3662086221609615 1.329278390878122 1.2923481595952195 1.2554179283123799 1.2184876970295404 1.181557465746701 1.1446272344638615 1.1076970031810218 1.0707667718981824 1.0564421317456953 1.066283379685859 1.0761246276260228 1.0859658755661865 1.0958071235063502 1.105648371446514 1.1154896193866946 1.1253308673268583 1.135172115267022 1.1450133632071857 1.1548546111473494 1.1646958590875132 1.1558000023741213 1.126873757050408 1.0979475117266948 1.0690212664029817 1.0400950210792683 1.0111687757555552 0.982242530431842 0.9533162851080794 0.9243900397843662
1.6996693999710997 1.690511594000311 1.6813537880295222 1.672195982058718 1.6630381760879291 1.6538803701171405 1.6447225641463519 1.6355647581755632 1.6264069522047744 1.6172491462339857 1.608091340263197 1.5819925653773943 1.5377835116746297 1.493574457971865 1.4493654042691002 1.4051563505663356 1.3609472968634955 1.3167382431607308 1.2725291894579662 1.2283201357552014 1.1841110820524368 1.1399020283496721 1.0956929746469075 1.076504447637196 1.0840634294449676 1.091622411252739 1.0991813930605108 1.1067403748682823 1.1142993566760537 1.121858338483838 1.1294173202916096 1.136976302099381 1.1445352839071525 1.152094265714924 1.1596532475226955 1.1556340548854493 1.1392375319285062 1.122841008971563 1.1064444860146199 1.0900479630576765 1.0736514401007333 1.0572549171437902 1.040858394186819 1.0244618712298759
1.7996645581686956 1.791316522162418 1.7829684861561408 1.774620450149849 1.7662724141435717 1.7579243781372942 1.7495763421310169 1.7412283061247393 1.732880270118462 1.7245322341121845 1.7161841981059072 1.686985814745398 1.635497938622702 1.584010062500006 1.5325221863773097 1.4810343102546137 1.4295464341318298 1.3780585580091338 1.3265706818864378 1.2750828057637418 1.2235949296410458 1.1721070535183498 1.1206191773956535 1.096566763528714 1.1018434792040912 1.1071201948794684 1.112396910554846 1.1176736262302231 1.1229503419056006 1.128227057580987 1.1335037732563642 1.1387804889317414 1.144057204607119 1.1493339202824961 1.1546106359578736 1.1554681073967774 1.1516013068066149 1.1477345062164523 1.1438677056262898 1.1400009050361273 1.1361341044459647 1.1322673038558022 1.128400503265633 1.1245337026754705
1.8996597163662066 1.8921214503244397 1.8845831842826728 1.877044918240893 1.8695066521991262 1.8619683861573595 1.8544301201155926 1.8468918540738257 1.8393535880320588 1.831815321990292 1.824277055948525 1.7919790641133124 1.733212365570691 1.6744456670280699 1.6156789684854487 1.5569122699428275 1.498145571400106 1.4393788728574848 1.3806121743148636 1.3218454757722422 1.263078777229621 1.2043120786869999 1.1455453801443785 1.1166290794202147 1.1196235289632 1.122617978506185 1.12561242804917 1.1286068775921552 1.1316013271351402 1.1345957766781305 1.1375902262211155 1.1405846757641005 1.1435791253070857 1.1465735748500707 1.149568024393056 1.1553021599081057 1.1639650816847131 1.1726280034613206 1.181290925237928 1.1899538470145354 1.1986167687911429 1.2072796905677503 1.2159426123443726 1.22460553412098
1.9996548745637175 1.9929263784864613 1.986197882409205 1.9794693863319373 1.9727408902546808 1.9660123941774246 1.9592838981001683 1.952555402022912 1.9458269059456557 1.9390984098683994 1.9323699137911432 1.8969723134812266 1.8309267925186803 1.764881271556134 1.6988357505935874 1.632790229631041 1.566744708668382 1.5006991877058355 1.4346536667432892 1.3686081457807426 1.3025626248181963 1.23651710385565 1.1704715828931036 1.1366913953117155 1.1374035787223082 1.1381157621329012 1.138827945543494 1.139540128954087 1.1402523123646797 1.1409644957752738 1.1416766791858668 1.1423888625964596 1.1431010460070525 1.1438132294176453 1.144525412828238 1.1551362124194338 1.1763288565628114 1.1975215007061888 1.2187141448495662 1.2399067889929436 1.261099433136321 1.2822920772796986 1.303484721423112 1.3246773655664896
2.0996500327612284 2.0937313066484826 2.087812580535737 2.0818938544229812 2.0759751283102355 2.0700564021974897 2.064137676084744 2.058218949971998 2.0523002238592523 2.0463814977465065 2.0404627716337607 2.001965562849141 1.928641219466669 1.8553168760841976 1.781992532701726 1.7086681893192546 1.6353438459366578 1.5620195025541863 1.4886951591717148 1.415370815789243 1.3420464724067718 1.2687221290243 1.1953977856418285 1.1567537112032165 1.155183628481417 1.1536135457596175 1.1520434630378182 1.1504733803160188 1.1489032975942195 1.1473332148724174 1.145763132150618 1.1441930494288186 1.1426229667070193 1.1410528839852199 1.1394828012634204 1.154970264930762 1.1886926314409094 1.222414997951057 1.2561373644612044 1.2898597309713518 1.3235820974814991 1.3573044639916467 1.3910268305018516 1.424749197011999
2.1996451909587393 2.194536234810504 2.189427278662269 2.184318322514025 2.17920936636579 2.1741004102175547 2.1689914540693196 2.1638824979210844 2.1587735417728493 2.1536645856246137 2.1485556294763786 2.106958812217055 2.0263556464146584 1.9457524806122615 1.8651493148098646 1.7845461490074679 1.7039429832049338 1.623339817402537 1.5427366516001402 1.4621334857977435 1.3815303199953468 1.3009271541929501 1.2203239883905534 1.176816027094717 1.1729636782405255 1.1691113293863338 1.1652589805321423 1.1614066316779506 1.157554282823759 1.1537019339695609 1.1498495851153692 1.1459972362611777 1.142144887406986 1.1382925385527944 1.1344401896986027 1.1548043174420903 1.2010564063190077 1.247308495195925 1.2935605840728426 1.33981267294976 1.3860647618266775 1.4323168507035948 1.4785689395805912 1.5248210284575086
2.2996403491562503 2.2953411629725258 2.2910419767888013 2.2867427906050692 2.2824436044213448 2.27814441823762 2.2738452320538953 2.269546045870171 2.2652468596864463 2.2609476735027214 2.256648487318997 2.2119520615849693 2.1240700733626476 2.0361880851403256 1.9483060969180037 1.8604241086956819 1.77254212047321 1.684660132250888 1.596778144028566 1.5088961558062444 1.4210141675839223 1.3331321793616004 1.2452501911392786 1.196878342986218 1.190743727999634 1.1846091130130503 1.1784744980264663 1.1723398830398823 1.1662052680532986 1.1600706530667042 1.1539360380801205 1.1478014230935365 1.1416668081069525 1.1355321931203688 1.1293975781337848 1.1546383699534182 1.2134201811971057 1.272201992440793 1.3309838036844805 1.389765614928168 1.4485474261718554 1.507329237415543 1.5661110486593306 1.6248928599030181
2.3996355073538465 2.396146091134633 2.3926566749154197 2.3891672586962005 2.385677842476987 2.3821884262577737 2.3786990100385603 2.375209593819347 2.3717201776001335 2.36823076138092 2.3647413451617068 2.3169453109529727 2.2217845003107195 2.1266236896684663 2.031462879026213 1.9363020683839598 1.8411412577415442 1.745980447099291 1.6508196364570378 1.5556588258147843 1.460498015172531 1.3653372045302778 1.2701763938880246 1.2169406588777358 1.2085237777587579 1.2001068966397797 1.1916900155208017 1.1832731344018237 1.1748562532828455 1.166439372163853 1.158022491044875 1.149605609925897 1.141188728806919 1.132771847687941 1.124354966568963 1.1544724224647462 1.2257839560752144 1.2970954896856823 1.3684070232961505 1.4397185569066187 1.5110300905170868 1.582341624127555 1.6536531577381446 1.7249646913486127
2.4401534517044934 2.4412893967659812 2.442425341827469 2.4435612868889587 2.4446972319504465 2.445833177011934 2.4469691220734218 2.4481050671349096 2.4492410121963974 2.450376957257885 2.4515129023193727 2.4042283221929575 2.3051811058197154 2.2061338894464737 2.1070866730732316 2.00803945669999 1.908992240326579 1.8099450239533375 1.7108978075800956 1.6118505912068537 1.512803374833612 1.4137561584603702 1.3147089420871283 1.2587281285641256 1.2487862735373023 1.2388444185104792 1.228902563483656 1.2189607084568326 1.2090188534300093 1.199076998403169 1.189135143376346 1.1791932883495226 1.1692514333226993 1.1593095782958762 1.149367723269053 1.1799454274525414 1.253839456773139 1.3277334860937369 1.4016275154143347 1.4755215447349324 1.5494155740555302 1.623309603376128 1.6972036326968518 1.7710976620174494
2.417094004539293 2.4269339374223704 2.4367738703054473 2.4466138031885416 2.4564537360716185 2.466293668954696 2.476133601837773 2.48597353472085 2.495813467603927 2.505653400487004 2.5154933333700815 2.472580205519025 2.3732728629606514 2.2739655204022777 2.174658177843904 2.0753508352855303 1.976043492726987 1.8767361501686133 1.7774288076102396 1.6781214650518659 1.5788141224934922 1.4795067799351185 1.3801994373767448 1.3237384178687295 1.3130810865742142 1.3024237552796991 1.291766423985184 1.281109092690669 1.270451761396154 1.2597944301016204 1.2491370988071053 1.2384797675125903 1.2278224362180752 1.2171651049235601 1.2065077736290448 1.2328248560809836 1.2986684229964505 1.3645119899119174 1.4303555568273842 1.4961991237428511 1.562042690658318 1.6278862575737851 1.6937298244893642 1.759573391404831
2.3940345573740927 2.4125784780787596 2.431122398783426 2.449666319488124 2.4682102401927906 2.4867541608974575 2.505298081602124 2.5238420023067905 2.542385923011457 2.5609298437161234 2.57947376442079 2.540932088845093 2.4413646201015875 2.3417971513580818 2.242229682614576 2.1426622138710703 2.043094745127395 1.9435272763838893 1.8439598076403838 1.744392338896878 1.6448248701533723 1.5452574014098668 1.4456899326663613 1.388748707173333 1.3773758996111263 1.3660030920489192 1.3546302844867122 1.3432574769245051 1.3318846693622983 1.320511861800072 1.309139054237865 1.2977662466756579 1.2863934391134508 1.2750206315512438 1.263647823989037 1.2857042847094258 1.343497389219762 1.4012904937300978 1.459083598240434 1.51687670275077 1.574669807261106 1.632462911771442 1.6902560162818765 1.7480491207922126
