Figures/CREST_Example_wjb_NSE/Rolling_result/20100722/BJP_forecast/ens_11/wjb.rain.20100725.asc
ncols            288
nrows            254
xllcorner        113.274861
yllcorner        31.4918055
cellsize         0.008333333333
NODATA_value     -9999
[rows 133 to 151 of 254, columns 220 to 263 of 288]
0.41742072348211773 0.6289495674268155 0.8404784113711525 1.0520072553154896 1.2635360992598266 1.4750649432041638 1.6865937871485008 1.8981226310928379 2.109651475037175 2.321180318981512 2.532709162925849 2.6192126309506722 2.572061142382233 2.524909653813794 2.4777581652452745 2.430606676676835 2.383455188108396 2.336303699539957 2.289152210971518 2.2420007224030787 2.1948492338346397 2.1476977452662007 2.1005462566977613 2.0561572452634693 2.014721384415186 1.9732855235669033 1.9318496627186204 1.8904138018702668 1.848977941021984 1.807542080173701 1.766106219325418 1.7246703584771352 1.6832344976288522 1.6417986367805693 1.6003627759322865 1.5606419195680348 1.5227544418204508 1.4848669640728671 1.4469794863252832 1.4090920085776992 1.371204530830051 1.333317053082467 1.2954295753348832 1.2575420975872993
0.3937193041942786 0.5856882172132362 0.7776571302318663 0.9696260432504965 1.1615949562691266 1.3535638692877567 1.545532782306387 1.737501695325017 1.9294706083436473 2.1214395213622774 2.3134084343809076 2.391784484948125 2.3487271945748467 2.3056699042015683 2.2626126138282165 2.219555323454938 2.1764980330816597 2.1334407427083812 2.090383452335103 2.0473261619618244 2.004268871588546 1.9612115812152675 1.9181542908419893 1.8827859896642327 1.8556373919793665 1.8284887942945003 1.801340196609634 1.7741915989247214 1.7470430012398552 1.719894403554989 1.6927458058701228 1.6655972081852566 1.6384486105003901 1.611300012815524 1.5841514151306577 1.5536731932874668 1.5196355278450007 1.4855978624025346 1.4515601969600684 1.4175225315176025 1.3834848660750783 1.3494472006326124 1.3154095351901463 1.2813718697476801
0.3700178849064395 0.5424268669996568 0.7148358490925801 0.8872448311855035 1.0596538132784266 1.2320627953713499 1.4044717774642732 1.5768807595571965 1.7492897416501199 1.9216987237430432 2.0941077058359667 2.164356338945578 2.1253932467674606 2.0864301545893427 2.0474670624111586 2.0085039702330407 1.9695408780549233 1.9305777858768054 1.891614693698688 1.85265160152057 1.8136885093424524 1.7747254171643347 1.735762324986217 1.7094147340649966 1.696553399543547 1.6836920650220972 1.6708307305006476 1.6579693959791761 1.6451080614577265 1.6322467269362768 1.6193853924148272 1.6065240578933775 1.593662723371928 1.5808013888504784 1.5679400543290287 1.5467044670068986 1.5165166138695503 1.486328760732202 1.4561409075948537 1.4259530544575054 1.3957652013201058 1.3655773481827573 1.335389495045409 1.3052016419080608
0.3463164656186003 0.49916551678607735 0.6520145679532937 0.8048636191205102 0.9577126702877266 1.110561721454943 1.2634107726221595 1.4162598237893755 1.569108874956592 1.7219579261238085 1.874806977291025 1.9369281929430309 1.902059298960074 1.867190404977117 1.8323215109941007 1.7974526170111436 1.7625837230281867 1.7277148290452298 1.6928459350622729 1.6579770410793158 1.6231081470963589 1.588239253113402 1.553370359130445 1.5360434784657604 1.5374694071077273 1.5388953357496944 1.5403212643916613 1.5417471930336308 1.5431731216755977 1.5445990503175648 1.5460249789595317 1.5474509076014988 1.5488768362434657 1.5503027648854328 1.5517286935273997 1.5397357407263306 1.5133976998941001 1.4870596590618694 1.460721618229639 1.4343835773974085 1.4080455365651332 1.3817074957329027 1.355369454900672 1.3290314140684416
0.322615046330741 0.4559041665724612 0.589193286813954 0.7224824070554469 0.8557715272969397 0.9890606475384326 1.1223497677799255 1.2556388880214182 1.3889280082629112 1.522217128504404 1.655506248745897 1.70950004694029 1.678725351152497 1.6479506553647045 1.6171759595768591 1.5864012637890665 1.5556265680012737 1.524851872213481 1.4940771764256882 1.4633024806378954 1.4325277848501026 1.40175308906231 1.3709783932745172 1.3626722228663761 1.3783854146717718 1.3940986064771677 1.4098117982825635 1.425524990087986 1.441238181893382 1.4569513736987778 1.4726645655041737 1.4883777573095696 1.5040909491149652 1.519804140920361 1.535517332725757 1.5327670144457564 1.510278785918647 1.4877905573915375 1.4653023288644282 1.4428141003373187 1.420325871810171 1.3978376432830615 1.3753494147559522 1.3528611862288427
0.2989136270429019 0.4126428163588818 0.5263720056746678 0.6401011949904537 0.7538303843062397 0.8675595736220257 0.9812887629378116 1.0950179522535977 1.2087471415693836 1.3224763308851697 1.4362055202009556 1.482071900937743 1.4553914033451107 1.4287109057524787 1.4020304081598014 1.3753499105671692 1.3486694129745371 1.321988915381905 1.295308417789273 1.268627920196641 1.241947422604009 1.215266925011377 1.188586427418745 1.1893009672671397 1.2193014222359522 1.2493018772047646 1.279302332173577 1.3093027871424407 1.3393032421112532 1.3693036970800656 1.399304152048878 1.4293046070176905 1.4593050619865031 1.4893055169553155 1.519305971924128 1.5257982881651884 1.5071598719431967 1.488521455721205 1.4698830394992135 1.4512446232772218 1.4326062070551984 1.4139677908332067 1.3953293746112152 1.3766909583892235
0.2752122077550628 0.36938146614530243 0.4635507245353815 0.5577199829254607 0.6518892413155397 0.7460584997056188 0.8402277580956978 0.934397016485777 1.0285662748758562 1.1227355332659352 1.2169047916560143 1.2546437549351959 1.2320574555377246 1.2094711561402534 1.1868848567427435 1.1642985573452722 1.1417122579478007 1.1191259585503295 1.0965396591528582 1.073953359755387 1.0513670603579155 1.0287807609604442 1.006194461562973 1.0159297116679036 1.0602174298001326 1.1045051479323618 1.1487928660645907 1.1930805841968954 1.2373683023291246 1.2816560204613536 1.3259437385935828 1.3702314567258118 1.414519174858041 1.4588068929902702 1.5030946111224992 1.5188295618846204 1.5040409579677465 1.4892523540508726 1.4744637501339988 1.459675146217125 1.444886542300226 1.430097938383352 1.4153093344664782 1.4005207305496044
0.25151078846722363 0.3261201159317231 0.4007294433960953 0.4753387708604675 0.5499480983248397 0.6245574257892119 0.6991667532535841 0.7737760807179563 0.8483854081823285 0.9229947356467008 0.997604063111073 1.027215608932649 1.0087235077303383 0.9902314065280277 0.9717393053256855 0.9532472041233749 0.9347551029210643 0.9162630017187537 0.8977709005164431 0.8792787993141326 0.860786698111822 0.8422945969095114 0.8238024957072008 0.8425584560686672 0.901133437364313 0.9597084186599586 1.0182833999556045 1.07685838125135 1.1354333625469957 1.1940083438426414 1.2525833251382872 1.311158306433933 1.3697332877295787 1.4283082690252245 1.4868832503208702 1.5118608356040522 1.5009220439922961 1.48998325238054 1.479044460768784 1.468105669157028 1.4571668775452533 1.4462280859334973 1.4352892943217412 1.4243505027099852
0.2278093691793845 0.28285876571814367 0.337908162256809 0.39295755879547434 0.44800695533413964 0.503056351872805 0.5581057484114702 0.6131551449501356 0.6682045414888009 0.7232539380274663 0.7783033345661314 0.7997874629301017 0.7853895599229519 0.770991656915802 0.7565937539086276 0.7421958509014777 0.7277979478943278 0.713400044887178 0.6990021418800281 0.6846042388728782 0.6702063358657283 0.6558084328585785 0.6414105298514285 0.6691872004694308 0.7420494449284932 0.8149116893875555 0.887773933846618 0.9606361783058046 1.033498422764867 1.1063606672239295 1.1792229116829915 1.252085156142054 1.3249474006011166 1.3978096450601787 1.4706718895192412 1.5048921093234842 1.4978031300168457 1.4907141507102075 1.4836251714035693 1.476536192096931 1.4694472127902807 1.4623582334836425 1.4552692541770043 1.4481802748703658
0.20410794989154535 0.2395974155045643 0.2750868811175227 0.3105763467304812 0.3460658123434396 0.38155527795639804 0.41704474356935645 0.4525342091823149 0.48802367479527337 0.5235131404082318 0.5590026060211902 0.5723593169275546 0.5620556121155654 0.5517519073035764 0.5414482024915697 0.5311444976795805 0.5208407928675913 0.5105370880556022 0.500233383243613 0.4899296784316239 0.4796259736196347 0.4693222688076456 0.45901856399565644 0.49581594487019454 0.5829654524926735 0.6701149601151526 0.7572644677376316 0.8444139753602592 0.9315634829827382 1.0187129906052173 1.1058624982276963 1.1930120058501752 1.2801615134726543 1.3673110210951334 1.4544605287176124 1.497923383042916 1.4946842160413956 1.491445049039875 1.4882058820383546 1.484966715036834 1.481727548035308 1.4784883810337877 1.475249214032267 1.4720100470307467
0.1804065306037062 0.19633606529098493 0.2122655999782365 0.22819513466548802 0.24412466935273958 0.26005420403999113 0.2759837387272427 0.29191327341449425 0.3078428081017458 0.32377234278899736 0.3397018774762489 0.3449311709250076 0.3387216643081792 0.33251215769135073 0.32630265107451173 0.3200931444576833 0.3138836378408548 0.3076741312240264 0.301464624607198 0.2952551179903695 0.2890456113735411 0.28283610475671267 0.2766265981398842 0.3224446892709582 0.42388146005685384 0.5253182308427495 0.6267550016286452 0.7281917724147138 0.8296285432006094 0.931065313986505 1.0325020847724007 1.1339388555582963 1.235375626344192 1.3368123971300876 1.4382491679159832 1.4909546567623477 1.4915653020659452 1.4921759473695424 1.4927865926731398 1.493397237976737 1.4940078832803354 1.4946185285839328 1.49522917388753 1.4958398191911275
0.15670511131584688 0.1530747150773687 0.14944431883889667 0.14581392260042467 0.14218352636195267 0.13855313012348064 0.13492273388500864 0.13129233764653664 0.1276619414080646 0.12403154516959261 0.12040114893112061 0.11750302492226664 0.11538771650060242 0.1132724080789382 0.11115709965727036 0.10904179123560613 0.1069264828139419 0.10481117439227768 0.10269586597061345 0.10058055754894923 0.098465249127285 0.09634994070562078 0.09423463228395655 0.14907343367157408 0.26479746762089856 0.380521501570223 0.4962455355195475 0.6119695694690692 0.7276936034183937 0.8434176373677182 0.9591416713170426 1.0748657052663673 1.1905897392156917 1.3063137731650163 1.4220378071143407 1.483985930481774 1.4884463880904923 1.4929068456992107 1.497367303307929 1.5018277609166475 1.5062882185253734 1.5107486761340918 1.5152091337428102 1.5196695913515286
0.1558546794301508 0.14294498245979845 0.13003528548946813 0.11712558851913779 0.10421589154880748 0.09130619457847715 0.07839649760814682 0.0654868006378165 0.05257710366748618 0.03966740669715585 0.026757709726825535 0.02038396468999621 0.0209973002001599 0.021610635710323588 0.022223971220488324 0.022837306730652013 0.0234506422408157 0.02406397775097939 0.02467731326114308 0.02529064877130677 0.02590398428147046 0.026517319791634148 0.027130655301797837 0.08418777158138245 0.20158456712759196 0.31898136267380145 0.43637815822001097 0.5537749537664207 0.6711717493126301 0.7885685448588396 0.9059653404050492 1.0233621359512588 1.1407589314974682 1.2581557270436776 1.3755525225898872 1.4402017876398057 1.4484627485223645 1.4567237094049235 1.4649846702874825 1.4732456311700415 1.4815065920526145 1.4897675529351735 1.4980285138177325 1.5062894747002913
0.17943051258583192 0.16823086048554683 0.15703120838528084 0.14583155628501485 0.13463190418474885 0.12343225208448287 0.11223259998421688 0.10103294788395088 0.08983329578368489 0.0786336436834189 0.06743399158315291 0.06255710265944663 0.06443939067640068 0.06632167869335473 0.06820396671031198 0.07008625472726604 0.07196854274422008 0.07385083076117413 0.07573311877812818 0.07761540679508222 0.07949769481203628 0.08137998282899032 0.08326227084594437 0.1352663701854366 0.24085182035291433 0.346437270520392 0.45202272068786975 0.5576081708555275 0.6631936210230053 0.7687790711904829 0.8743645213579606 0.9799499715254384 1.0855354216929163 1.1911208718603938 1.2967063220278714 1.3570642852816033 1.3690730411919338 1.3810817971022644 1.393090553012595 1.4050993089229256 1.4171080648332766 1.4291168207436071 1.4411255766539377 1.4531343325642683
0.20300634574151308 0.19351673851129525 0.1840271312810936 0.17453752405089193 0.16504791682069025 0.1555583095904886 0.14606870236028696 0.13657909513008532 0.12708948789988364 0.11759988066968198 0.10811027343948032 0.1047302406288971 0.1078814811526415 0.11103272167638589 0.11418396220013566 0.11733520272388005 0.12048644324762445 0.12363768377136883 0.12678892429511324 0.12994016481885762 0.133091405342602 0.1362426458663464 0.13939388639009082 0.18634496878949064 0.28011907357823657 0.3738931783669825 0.4676672831557284 0.5614413879446343 0.6552154927333802 0.7489895975221261 0.842763702310872 0.936537807099618 1.030311911888364 1.1240860166771098 1.2178601214658555 1.2739267829234011 1.2896833338615032 1.3054398847996054 1.3211964357377075 1.3369529866758096 1.3527095376139386 1.368466088552041 1.3842226394901431 1.3999791904282453
0.22658217889719423 0.21880261653704364 0.2110230541769063 0.20324349181676898 0.19546392945663166 0.18768436709649433 0.179904804736357 0.17212524237621968 0.16434568001608235 0.15656611765594503 0.1487865552958077 0.1469033785983475 0.15132357162888227 0.15574376465941703 0.1601639576899593 0.16458415072049407 0.16900434375102882 0.17342453678156358 0.1778447298120983 0.18226492284263307 0.18668511587316783 0.1911053089037026 0.19552550193423734 0.2374235673935448 0.31938632680355894 0.401349086213573 0.48331184562358714 0.565274605033741 0.6472373644437551 0.7292001238537693 0.8111628832637834 0.8931256426737975 0.9750884020838116 1.0570511614938258 1.1390139209038397 1.1907892805651987 1.2102936265310726 1.2297979724969463 1.2493023184628202 1.268806664428694 1.288311010394601 1.3078153563604749 1.3273197023263485 1.3468240482922225
0.25015801205287536 0.24408849456279202 0.23801897707271902 0.23194945958264604 0.22587994209257303 0.21981042460250005 0.21374090711242705 0.20767138962235404 0.20160187213228103 0.19553235464220803 0.18946283715213505 0.18907651656779795 0.19476566210512306 0.20045480764244816 0.20614395317978296 0.21183309871710806 0.21752224425443317 0.22321138979175828 0.2289005353290834 0.2345896808664085 0.2402788264037336 0.2459679719410587 0.2516571174783838 0.2885021659975989 0.35865358002888126 0.4288049940601636 0.4989564080914459 0.5691078221228478 0.6392592361541303 0.7094106501854125 0.7795620642166949 0.8497134782479772 0.9198648922792596 0.9900163063105418 1.0601677203418243 1.1076517782069968 1.130903919200642 1.1541560601942875 1.1774082011879328 1.2006603421815782 1.2239124831752632 1.2471646241689085 1.270416765162554 1.2936689061561992
0.27373384520857663 0.269374372588562 0.26501489996855476 0.2606554273485476 0.2562959547285404 0.25193648210853314 0.24757700948852596 0.24321753686851877 0.23885806424851155 0.23449859162850434 0.23013911900849715 0.23124965453728435 0.2382077525814009 0.24516585062551743 0.2521239486696458 0.2590820467137624 0.2660401447578789 0.27299824280199547 0.279956340846112 0.28691443889022855 0.29387253693434506 0.30083063497846163 0.30778873302257814 0.33958076460169656 0.397920833254237 0.4562609019067775 0.514600970559318 0.5729410392119579 0.6312811078644984 0.6896211765170388 0.7479612451695794 0.8063013138221198 0.8646413824746603 0.9229814511272008 0.9813215197797412 1.0245142758487236 1.0515142118701437 1.0785141478915639 1.105514083912984 1.1325140199344044 1.1595139559558705 1.1865138919772906 1.2135138279987108 1.2405137640201311
0.29730967836425776 0.2946602506143104 0.2920108228643675 0.28936139511442466 0.2867119673644818 0.2840625396145389 0.28141311186459605 0.2787636841146532 0.2761142563647103 0.27346482861476745 0.2708154008648246 0.27342279250673485 0.28164984305764174 0.2898768936085486 0.2981039441594695 0.3063309947103764 0.3145580452612833 0.32278509581219017 0.33101214636309706 0.33923919691400395 0.34746624746491084 0.3556932980158177 0.3639203485667246 0.3906593632057507 0.4371880864795593 0.48371680975336795 0.5302455330271767 0.5767742563010647 0.6233029795748732 0.669831702848682 0.7163604261224906 0.7628891493962993 0.809417872670108 0.8559465959439166 0.9024753192177253 0.9413767734905213 0.9721245045397131 1.0028722355889048 1.0336199666380967 1.0643676976872884 1.0951154287365326 1.1258631597857245 1.1566108908349162 1.187358621884108
