Figures/CREST_Example_wjb_NSE/Rolling_result/20100722/BJP_forecast/ens_11/wjb.rain.20091029.asc
ncols            288
nrows            254
xllcorner        113.274861
yllcorner        31.4918055
cellsize         0.008333333333
NODATA_value     -9999
[rows 140 to 159 of 254, columns 46 to 91 of 288]
0.2818264976546059 0.31948712124324274 0.35714774483187967 0.39480836842051653 0.4324689920091534 0.4519274830818176 0.4519274830818176 0.4519274830818176 0.4519274830818176 0.4519274830818176 0.4519274830818176 0.4519274830818176 0.4519274830818176 0.4519274830818176 0.4519274830818176 0.4519274830818176 0.4519274830818176 0.4415376078327019 0.4200407210841617 0.3985438343355847 0.3770469475870445 0.3555500608385042 0.33405317408996393 0.31255628734142366 0.2910594005928834 0.26956251384434315 0.24806562709580285 0.2265687403472626 0.20507185359872232 0.20027448691509683 0.21332928469984197 0.2263840824845871 0.2394388802693545 0.25249367805409967 0.2655484758388448 0.27860327362358994 0.2916580714083351 0.30471286919308027 0.3177676669778254 0.33082246476257055 0.34387726254731565 0.3506224155121797 0.3506224155121797 0.3506224155121797 0.3506224155121797 0.3506224155121797
0.2818264976546059 0.31948712124324274 0.35714774483187967 0.39480836842051653 0.4324689920091534 0.4519274830818176 0.4519274830818176 0.4519274830818176 0.4519274830818176 0.4519274830818176 0.4519274830818176 0.4519274830818176 0.4519274830818176 0.4519274830818176 0.4519274830818176 0.4519274830818176 0.4519274830818176 0.44174857256005123 0.4206881766011526 0.39962778064221804 0.3785673846833194 0.35750698872442077 0.3364465927655221 0.31538619680662344 0.2943258008477248 0.27326540488882617 0.25220500892992753 0.23114461297102887 0.21008421701213023 0.20263313633565103 0.20973072135610427 0.2168283063765575 0.22392589139702285 0.23102347641747611 0.23812106143792933 0.2452186464583826 0.2523162314788358 0.2594138164992891 0.2665114015197423 0.27360898654019555 0.2807065715606488 0.28437375181372226 0.28437375181372226 0.28437375181372226 0.28437375181372226 0.28437375181372226
0.2818264976546059 0.31948712124324274 0.35714774483187967 0.39480836842051653 0.4324689920091534 0.4519274830818176 0.4519274830818176 0.4519274830818176 0.4519274830818176 0.4519274830818176 0.4519274830818176 0.4519274830818176 0.4519274830818176 0.4519274830818176 0.4519274830818176 0.4519274830818176 0.4519274830818176 0.4419595372874005 0.4213356321181435 0.4007117269488513 0.3800878217795943 0.3594639166103373 0.3388400114410803 0.3182161062718233 0.29759220110256623 0.27696829593330924 0.25634439076405224 0.23572048559479522 0.2150965804255382 0.20499178575620525 0.2061321580123666 0.20727253026852793 0.20841290252469122 0.20955327478085256 0.2106936470370139 0.21183401929317522 0.21297439154933656 0.2141147638054979 0.21525513606165925 0.2163955083178206 0.21753588057398193 0.21812508811526485 0.21812508811526485 0.21812508811526485 0.21812508811526485 0.21812508811526485
0.2818264976546059 0.31948712124324274 0.35714774483187967 0.39480836842051653 0.4324689920091534 0.4519274830818176 0.4519274830818176 0.4519274830818176 0.4519274830818176 0.4519274830818176 0.4519274830818176 0.4519274830818176 0.4519274830818176 0.4519274830818176 0.4519274830818176 0.4519274830818176 0.4519274830818176 0.44217050201474983 0.4219830876351344 0.4017956732554846 0.38160825887586924 0.36142084449625383 0.3412334301166385 0.32104601573702307 0.3008586013574077 0.2806711869777923 0.2604837725981769 0.24029635821856155 0.22010894383894616 0.20735043517675947 0.20253359466862889 0.19771675416049833 0.19289991365235956 0.188083073144229 0.18326623263609843 0.17844939212796787 0.17363255161983732 0.16881571111170673 0.16399887060357618 0.15918203009544563 0.15436518958731504 0.1518764244168074 0.1518764244168074 0.1518764244168074 0.1518764244168074 0.1518764244168074
0.2818264976546059 0.31948712124324274 0.35714774483187967 0.39480836842051653 0.4324689920091534 0.4519274830818176 0.4519274830818176 0.4519274830818176 0.4519274830818176 0.4519274830818176 0.4519274830818176 0.4519274830818176 0.4519274830818176 0.4519274830818176 0.4519274830818176 0.4519274830818176 0.4519274830818176 0.44238146674209927 0.4226305431521259 0.4028796195621189 0.3831286959721455 0.36337777238217206 0.34362684879219874 0.3238759252022253 0.304125001612252 0.28437407802227854 0.26462315443230516 0.24487223084233178 0.2251213072523584 0.2097090845973157 0.19893503132488813 0.1881609780524606 0.17738692478001467 0.16661287150758713 0.15583881823515958 0.14506476496273202 0.1342907116903045 0.12351665841787694 0.11274260514544938 0.10196855187302184 0.0911944986005943 0.08562776071829348 0.08562776071829348 0.08562776071829348 0.08562776071829348 0.08562776071829348
0.27047499593798485 0.3066187123625574 0.34276242878713 0.3789061452117025 0.41504986163627505 0.43372459711231365 0.43372459711231365 0.43372459711231365 0.43372459711231365 0.43372459711231365 0.43372459711231365 0.43372459711231365 0.43372459711231365 0.43372459711231365 0.43372459711231365 0.43372459711231365 0.43372459711231365 0.42466768522034487 0.40592872978873556 0.38718977435709423 0.3684508189254849 0.34971186349387556 0.3309729080622662 0.3122339526306569 0.29349499719904754 0.2747560417674382 0.25601708633582887 0.2372781309042195 0.21853917547261018 0.20243188793345168 0.18913791286432455 0.1758439377951974 0.1625499627260476 0.14925598765692047 0.13596201258779333 0.12266803751866619 0.10937406244953905 0.09608008738041192 0.08278611231128477 0.06949213724215764 0.0561981621730305 0.04932943108803945 0.04932943108803945 0.04932943108803945 0.04932943108803945 0.04932943108803945
0.24698945446771056 0.27999478559335605 0.3130001167190015 0.346005447844647 0.37901077897029245 0.3960639735236741 0.3960639735236741 0.3960639735236741 0.3960639735236741 0.3960639735236741 0.3960639735236741 0.3960639735236741 0.3960639735236741 0.3960639735236741 0.3960639735236741 0.3960639735236741 0.3960639735236741 0.3877934799070576 0.3706816416637579 0.35356980342042904 0.3364579651771294 0.3193461269338297 0.30223428869053004 0.28512245044723034 0.26801061220393063 0.250898773960631 0.2337869357173313 0.21667509747403163 0.19956325923073195 0.18485457923443588 0.17271492973136723 0.16057528022829856 0.1484356307252092 0.13629598122214054 0.12415633171907188 0.11201668221600322 0.09987703271293456 0.08773738320986589 0.07559773370679723 0.06345808420372856 0.051318434700659915 0.045046120553157994 0.045046120553157994 0.045046120553157994 0.045046120553157994 0.045046120553157994
0.22350391299743624 0.2533708588241546 0.283237804650873 0.3131047504775914 0.3429716963043098 0.35840334993503453 0.35840334993503453 0.35840334993503453 0.35840334993503453 0.35840334993503453 0.35840334993503453 0.35840334993503453 0.35840334993503453 0.35840334993503453 0.35840334993503453 0.35840334993503453 0.35840334993503453 0.35091927459377026 0.3354345535387802 0.31994983248376385 0.3044651114287738 0.2889803903737838 0.2734956693187938 0.25801094826380383 0.2425262272088138 0.2270415061538238 0.2115567850988338 0.1960720640438438 0.1805873429888538 0.1672772705354201 0.15629194659840992 0.1453066226613997 0.13432129872437082 0.12333597478736061 0.11235065085035043 0.10136532691334024 0.09038000297633006 0.07939467903931988 0.0684093551023097 0.0574240311652995 0.04643870722828933 0.04076281001827654 0.04076281001827654 0.04076281001827654 0.04076281001827654 0.04076281001827654
0.20001837152716195 0.22674693205495325 0.2534754925827446 0.28020405311053587 0.3069326136383272 0.320742726346395 0.320742726346395 0.320742726346395 0.320742726346395 0.320742726346395 0.320742726346395 0.320742726346395 0.320742726346395 0.320742726346395 0.320742726346395 0.320742726346395 0.320742726346395 0.3140450692804829 0.3001874654138026 0.28632986154709866 0.2724722576804183 0.25861465381373794 0.24475704994705763 0.2308994460803773 0.21704184221369696 0.20318423834701663 0.1893266344803363 0.17546903061365596 0.16161142674697562 0.1496999618364043 0.13986896346545258 0.13003796509450088 0.1202069667235324 0.11037596835258069 0.10054496998162898 0.09071397161067728 0.08088297323972556 0.07105197486877385 0.06122097649782214 0.051389978126870434 0.041558979755918726 0.03647949948339508 0.03647949948339508 0.03647949948339508 0.03647949948339508 0.03647949948339508
0.1765328300568876 0.20012300528575183 0.22371318051461606 0.24730335574348028 0.27089353097234453 0.2830821027577554 0.2830821027577554 0.2830821027577554 0.2830821027577554 0.2830821027577554 0.2830821027577554 0.2830821027577554 0.2830821027577554 0.2830821027577554 0.2830821027577554 0.2830821027577554 0.2830821027577554 0.2771708639671956 0.2649403772888249 0.2527098906104334 0.24047940393206274 0.2282489172536921 0.21601843057532144 0.20378794389695076 0.1915574572185801 0.17932697054020946 0.16709648386183878 0.15486599718346813 0.14263551050509746 0.13212265313738852 0.12344598033249529 0.11476930752760206 0.10609263472269402 0.09741596191780079 0.08873928911290754 0.08006261630801431 0.07138594350312108 0.06270927069822785 0.0540325978933346 0.04535592508844137 0.03667925228354814 0.03219618894851362 0.03219618894851362 0.03219618894851362 0.03219618894851362 0.03219618894851362
0.15304728858659325 0.17349907851652774 0.1939508684464622 0.2144026583763967 0.23485444830633115 0.24542147916908374 0.24542147916908374 0.24542147916908374 0.24542147916908374 0.24542147916908374 0.24542147916908374 0.24542147916908374 0.24542147916908374 0.24542147916908374 0.24542147916908374 0.24542147916908374 0.24542147916908374 0.24029665865387684 0.22969328916381723 0.21908991967373953 0.20848655018367993 0.19788318069362032 0.18727981120356071 0.1766764417135011 0.16607307222344153 0.1554697027333819 0.14486633324332232 0.1342629637532627 0.1236595942632031 0.11454534443835773 0.10702299719952396 0.09950064996069019 0.09197830272184358 0.08445595548300981 0.07693360824417604 0.06941126100534226 0.061888913766508485 0.054366566527674715 0.046844219288840944 0.03932187205000716 0.03179952481117339 0.02791287841362852 0.02791287841362852 0.02791287841362852 0.02791287841362852 0.02791287841362852
0.12956174711631893 0.14687515174732632 0.1641885563783337 0.1815019610093411 0.19881536564034852 0.2077608555804442 0.2077608555804442 0.2077608555804442 0.2077608555804442 0.2077608555804442 0.2077608555804442 0.2077608555804442 0.2077608555804442 0.2077608555804442 0.2077608555804442 0.2077608555804442 0.2077608555804442 0.2034224533405895 0.19444620103883958 0.18546994873707434 0.1764936964353244 0.16751744413357444 0.15854119183182452 0.14956493953007458 0.14058868722832465 0.1316124349265747 0.12263618262482477 0.11365993032307484 0.1046836780213249 0.09696803573934196 0.09060001406656665 0.08423199239379135 0.07786397072100519 0.0714959490482299 0.06512792737545459 0.05875990570267929 0.05239188402990399 0.04602386235712869 0.03965584068435339 0.033287819011578096 0.026919797338802787 0.023629567878747062 0.023629567878747062 0.023629567878747062 0.023629567878747062 0.023629567878747062
0.10607620564604463 0.12025122497812495 0.13442624431020525 0.14860126364228557 0.1627762829743659 0.17010023199180463 0.17010023199180463 0.17010023199180463 0.17010023199180463 0.17010023199180463 0.17010023199180463 0.17010023199180463 0.17010023199180463 0.17010023199180463 0.17010023199180463 0.17010023199180463 0.17010023199180463 0.1665482480273022 0.1591991129138619 0.15184997780040912 0.14450084268696886 0.1371517075735286 0.12980257246008833 0.12245343734664806 0.11510430223320779 0.10775516711976753 0.10040603200632726 0.093056896892887 0.08570776177944672 0.07939072704032615 0.07417703093360933 0.06896333482689251 0.06374963872016678 0.058535942613449965 0.053322246506733145 0.04810855040001632 0.04289485429329949 0.03768115818658267 0.032467462079865846 0.02725376597314902 0.0220400698664322 0.019346257343865605 0.019346257343865605 0.019346257343865605 0.019346257343865605 0.019346257343865605
0.08259066417577032 0.09362729820892356 0.10466393224207679 0.11570056627523002 0.12673720030838326 0.13243960840316507 0.13243960840316507 0.13243960840316507 0.13243960840316507 0.13243960840316507 0.13243960840316507 0.13243960840316507 0.13243960840316507 0.13243960840316507 0.13243960840316507 0.13243960840316507 0.13243960840316507 0.12967404271401486 0.12395202478888427 0.11823000686374391 0.11250798893861332 0.10678597101348272 0.10106395308835212 0.09534193516322154 0.08961991723809093 0.08389789931296034 0.07817588138782974 0.07245386346269914 0.06673184553756856 0.061813418341310364 0.05775404780065201 0.05369467725999366 0.04963530671932839 0.04557593617867005 0.04151656563801169 0.037457195097353346 0.033397824556695 0.02933845401603665 0.0252790834753783 0.02121971293471995 0.017160342394061605 0.015062946808984151 0.015062946808984151 0.015062946808984151 0.015062946808984151 0.015062946808984151
0.059105122705496005 0.06700337143972215 0.0749016201739483 0.08279986890817446 0.09069811764240061 0.09477898481452551 0.09477898481452551 0.09477898481452551 0.09477898481452551 0.09477898481452551 0.09477898481452551 0.09477898481452551 0.09477898481452551 0.09477898481452551 0.09477898481452551 0.09477898481452551 0.09477898481452551 0.09279983740072754 0.08870493666390661 0.0846100359270787 0.08051513519025778 0.07642023445343685 0.07232533371661592 0.068230432979795 0.06413553224297408 0.06004063150615315 0.05594573076933222 0.0518508300325113 0.04775592929569037 0.044236109642294574 0.0413310646676947 0.03842601969309482 0.03552097471849 0.032615929743890125 0.02971088476929025 0.026805839794690377 0.023900794820090505 0.02099574984549063 0.018090704870890758 0.015185659896290882 0.01228061492169101 0.010779636274102696 0.010779636274102696 0.010779636274102696 0.010779636274102696 0.010779636274102696
0.03561958123522169 0.04037944467052076 0.04513930810581983 0.04989917154111889 0.05465903497641796 0.05711836122588595 0.05711836122588595 0.05711836122588595 0.05711836122588595 0.05711836122588595 0.05711836122588595 0.05711836122588595 0.05711836122588595 0.05711836122588595 0.05711836122588595 0.05711836122588595 0.05711836122588595 0.05592563208744021 0.05345784853892896 0.050990064990413496 0.04852228144190224 0.046054497893390986 0.04358671434487973 0.04111893079636847 0.03865114724785722 0.036183363699345966 0.03371558015083471 0.031247796602323453 0.028780013053812198 0.026658800943278785 0.024908081534737385 0.023157362126195985 0.0214066427176516 0.019655923309110205 0.01790520390056881 0.01615448449202741 0.01440376508348601 0.012653045674944612 0.010902326266403212 0.009151606857861816 0.007400887449320416 0.00649632573922124 0.00649632573922124 0.00649632573922124 0.00649632573922124 0.00649632573922124
0.012134039764947374 0.013755517901319363 0.015376996037691352 0.01699847417406334 0.01861995231043533 0.01945773763724639 0.01945773763724639 0.01945773763724639 0.01945773763724639 0.01945773763724639 0.01945773763724639 0.01945773763724639 0.01945773763724639 0.01945773763724639 0.01945773763724639 0.01945773763724639 0.01945773763724639 0.01905142677415289 0.018210760413951303 0.017370094053748286 0.0165294276935467 0.015688761333345114 0.01484809497314353 0.014007428612941943 0.013166762252740358 0.012326095892538773 0.011485429532337187 0.010644763172135602 0.009804096811934017 0.00908149224426299 0.008485098401780067 0.007888704559297145 0.007292310716813205 0.006695916874330282 0.006099523031847359 0.005503129189364436 0.004906735346881514 0.004310341504398591 0.0037139476619156685 0.003117553819432746 0.0025211599769498234 0.002213015204339784 0.002213015204339784 0.002213015204339784 0.002213015204339784 0.002213015204339784
0.0 0.0 0.0 0.0 0.0 0.0 0.0 0.0 0.0 0.0 0.0 0.0 0.0 0.0 0.0 0.0 0.0 0.0 0.0 0.0 0.0 0.0 0.0 0.0 0.0 0.0 0.0 0.0 0.0 0.0 0.0 0.0 0.0 0.0 0.0 0.0 0.0 0.0 0.0 0.0 0.0 0.0 0.0 0.0 0.0 0.0
0.0 0.0 0.0 0.0 0.0 0.0 0.0 0.0 0.0 0.0 0.0 0.0 0.0 0.0 0.0 0.0 0.0 0.0 0.0 0.0 0.0 0.0 0.0 0.0 0.0 0.0 0.0 0.0 0.0 0.0 0.0 0.0 0.0 0.0 0.0 0.0 0.0 0.0 0.0 0.0 0.0 0.0 0.0 0.0 0.0 0.0
0.0 0.0 0.0 0.0 0.0 0.0 0.0 0.0 0.0 0.0 0.0 0.0 0.0 0.0 0.0 0.0 0.0 0.0 0.0 0.0 0.0 0.0 0.0 0.0 0.0 0.0 0.0 0.0 0.0 0.0 0.0 0.0 0.0 0.0 0.0 0.0 0.0 0.0 0.0 0.0 0.0 0.0 0.0 0.0 0.0 0.0
