Figures/CREST_Example_wjb_NSE/Rolling_result/20100722/BJP_forecast/ens_11/wjb.rain.20100726.asc
ncols            288
nrows            254
xllcorner        113.274861
yllcorner        31.4918055
cellsize         0.008333333333
NODATA_value     -9999
[rows 147 to 167 of 254, columns 0 to 48 of 288]
0.1731323389362811 0.1731323389362811 0.1731323389362811 0.1731323389362811 0.1731323389362811 0.1731323389362811 0.1731323389362811 0.1731323389362811 0.1731323389362811 0.1731323389362811 0.1731323389362811 0.1731323389362811 0.1731323389362811 0.1731323389362811 0.1731323389362811 0.42277729609835535 0.4185280956422848 0.4142788951862143 0.4100296947301438 0.40578049427407326 0.40153129381800273 0.3972820933619322 0.3930328929058617 0.38878369244979116 0.3845344919937206 0.3802852915376501 0.3760360910815723 0.3676996052084186 0.3549937188585 0.34228783250858136 0.32958194615866276 0.31687605980874417 0.3041701734588255 0.2914642871089069 0.27875840075898833 0.2660525144090697 0.2533466280591511 0.24064074170923247 0.22793485535931388 0.21579095818095725 0.2042478401282256 0.192704722075494 0.18116160402276232 0.1696184859700307 0.15807536791729906 0.14653224986456742 0.13498913181183578 0.12344601375910413 0.1119028957063725
-9999.0 0.1731323389362811 0.1731323389362811 0.1731323389362811 0.1731323389362811 0.1731323389362811 0.1731323389362811 0.1731323389362811 0.1731323389362811 0.1731323389362811 0.1731323389362811 0.1731323389362811 0.1731323389362811 0.1731323389362811 0.1731323389362811 0.4388033632795586 0.43509914750460693 0.43139493172965526 0.4276907159547036 0.423986500179752 0.4202822844048003 0.41657806862984864 0.41287385285489697 0.40916963707994536 0.4054654213049937 0.401761205530042 0.398056989755084 0.38917246003096206 0.3747500576286336 0.3603276552263052 0.34590525282397677 0.3314828504216483 0.3170604480193199 0.3026380456169915 0.28821564321466303 0.2737932408123346 0.2593708384100062 0.24494843600767774 0.2305260336053493 0.2187703686819738 0.20986550639298493 0.20096064410399606 0.1920557818150072 0.18315091952601834 0.1742460572370295 0.16534119494804062 0.15643633265905177 0.14753147037006287 0.13862660808107402
-9999.0 0.1731323389362811 0.1731323389362811 0.1731323389362811 0.1731323389362811 0.1731323389362811 0.1731323389362811 0.1731323389362811 0.1731323389362811 0.1731323389362811 0.1731323389362811 0.1731323389362811 0.1731323389362811 0.1731323389362811 0.1731323389362811 0.4548294304607618 0.45167019936692904 0.4485109682730962 0.44535173717926346 0.44219250608543065 0.4390332749915979 0.4358740438977651 0.4327148128039323 0.4295555817100995 0.42639635061626674 0.4232371195224339 0.4200778884285958 0.4106453148535055 0.3945063963987673 0.37836747794402903 0.3622285594892908 0.34608964103455253 0.3299507225798143 0.313811804125076 0.29767288567033773 0.2815339672155995 0.26539504876086123 0.24925613030612298 0.2331172118513847 0.22174977918299033 0.21548317265774425 0.20921656613249817 0.20294995960725207 0.196683353082006 0.19041674655675989 0.1841501400315138 0.17788353350626773 0.17161692698102166 0.16535032045577555
-9999.0 -9999.0 0.1731323389362811 0.1731323389362811 0.1731323389362811 0.1731323389362811 0.1731323389362811 0.1731323389362811 0.1731323389362811 0.1731323389362811 0.1731323389362811 0.1731323389362811 0.1731323389362811 0.1731323389362811 0.1731323389362811 0.47085549764197865 0.46824125122926524 0.4656270048165518 0.4630127584038384 0.4603985119911249 0.45778426557841145 0.45517001916569805 0.4525557727529846 0.4499415263402711 0.4473272799275577 0.44471303351484426 0.44209878710212636 0.43211816967606737 0.4142627351689178 0.3964073006617683 0.3785518661546188 0.36069643164746923 0.3428409971403197 0.32498556263317013 0.3071301281260206 0.28927469361887104 0.2714192591117215 0.25356382460457194 0.23570839009742237 0.2247291896840094 0.22110083892250834 0.21747248816100728 0.21384413739950622 0.21021578663800516 0.2065874358765041 0.20295908511500305 0.199330734353502 0.19570238359200093 0.19207403283049987
-9999.0 -9999.0 -9999.0 -9999.0 -9999.0 -9999.0 0.1731323389362811 0.1731323389362811 0.1731323389362811 0.1731323389362811 0.1731323389362811 0.1731323389362811 0.1731323389362811 0.1731323389362811 0.1731323389362811 0.4868815648231819 0.48481230309158735 0.48274304135999274 0.4806737796283982 0.47860451789680364 0.47653525616520903 0.4744659944336145 0.47239673270201993 0.4703274709704253 0.46825820923883077 0.4661889475072362 0.4641196857756381 0.4535910244986109 0.4340190739390515 0.41444712337949213 0.39487517281993273 0.3753032222603734 0.355731271700814 0.33615932114125463 0.3165873705816953 0.2970154200221359 0.2774434694625765 0.2578715189030171 0.23829956834345775 0.22770860018502595 0.22671850518726766 0.22572841018950937 0.22473831519175108 0.2237482201939928 0.22275812519623453 0.22176803019847624 0.22077793520071795 0.21978784020295966 0.21879774520520137
-9999.0 -9999.0 -9999.0 -9999.0 -9999.0 0.1731323389362811 0.1731323389362811 0.1731323389362811 0.1731323389362811 0.1731323389362811 0.1731323389362811 0.1731323389362811 0.1731323389362811 0.1731323389362811 0.1731323389362811 0.5029076320043852 0.5013833549539095 0.49985907790343376 0.49833480085295806 0.49681052380248236 0.49528624675200666 0.49376196970153097 0.4922376926510552 0.4907134156005795 0.4891891385501038 0.4876648614996281 0.4861405844491498 0.47506387932115435 0.45377541270918514 0.43248694609721594 0.41119847948524674 0.38991001287327753 0.3686215462613084 0.3473330796493392 0.32604461303737 0.30475614642540083 0.28346767981343163 0.2621792132014624 0.24089074658949322 0.23068801068604247 0.23233617145202698 0.23398433221801146 0.23563249298399597 0.23728065374998045 0.23892881451596493 0.24057697528194943 0.24222513604793391 0.24387329681391842 0.2455214575799029
-9999.0 -9999.0 -9999.0 -9999.0 0.1731323389362811 0.1731323389362811 0.1731323389362811 0.1731323389362811 0.1731323389362811 0.1731323389362811 0.1731323389362811 0.1731323389362811 0.1731323389362811 0.1731323389362811 0.1731323389362811 0.5189336991855883 0.5179544068162315 0.5169751144468747 0.5159958220775178 0.515016529708161 0.5140372373388042 0.5130579449694473 0.5120786526000906 0.5110993602307337 0.5101200678613769 0.5091407754920201 0.5081614831226615 0.4965367341436978 0.4735317514793188 0.45052676881493975 0.42752178615056075 0.40451680348618174 0.3815118208218027 0.3585068381574237 0.3355018554930447 0.3124968728286657 0.28949189016428667 0.26648690749990767 0.2434819248355286 0.23366742118705902 0.2379538377167863 0.24224025424651355 0.24652667077624082 0.2508130873059681 0.25509950383569535 0.25938592036542263 0.2636723368951499 0.2679587534248772 0.27224516995460446
-9999.0 -9999.0 -9999.0 -9999.0 0.1731323389362811 0.1731323389362811 0.1731323389362811 0.1731323389362811 0.1731323389362811 0.1731323389362811 0.1731323389362811 0.1731323389362811 0.1731323389362811 0.1731323389362811 0.1731323389362811 0.5349597663667915 0.5345254586785536 0.5340911509903157 0.5336568433020777 0.5332225356138398 0.5327882279256018 0.5323539202373638 0.5319196125491259 0.531485304860888 0.5310509971726499 0.530616689484412 0.5301823817961733 0.5180095889662413 0.4932880902494524 0.4685665915326636 0.44384509281587475 0.41912359409908595 0.3944020953822971 0.36968059666550823 0.34495909794871943 0.3202375992319306 0.29551610051514177 0.2707946017983529 0.2460731030815641 0.23664683168807554 0.2435715039815456 0.25049617627501564 0.2574208485684857 0.26434552086195573 0.2712701931554258 0.2781948654488958 0.28511953774236587 0.2920442100358359 0.29896888232930596
-9999.0 -9999.0 -9999.0 -9999.0 -9999.0 -9999.0 0.1731323389362811 0.1731323389362811 0.1731323389362811 0.1731323389362811 0.1731323389362811 0.1731323389362811 0.1731323389362811 0.1731323389362811 0.1731323389362811 0.5509858335479948 0.5510965105408757 0.5512071875337566 0.5513178645266376 0.5514285415195185 0.5515392185123993 0.5516498955052802 0.5517605724981611 0.551871249491042 0.551981926483923 0.5520926034768039 0.552203280469685 0.5394824437887847 0.513044429019586 0.4866064142503874 0.46016839948118876 0.4337303847119901 0.4072923699427914 0.3808543551735928 0.35441634040439407 0.32797832563519547 0.30154031086599675 0.2751022960967981 0.24866428132759943 0.2396262421890921 0.2491891702463049 0.25875209830351775 0.26831502636073057 0.2778779544179434 0.2874408824751562 0.297003810532369 0.30656673858958183 0.31612966664679465 0.3256925947040075
-9999.0 -9999.0 -9999.0 -9999.0 -9999.0 -9999.0 -9999.0 -9999.0 0.1731323389362811 0.1731323389362811 0.1731323389362811 0.1731323389362811 0.1731323389362811 0.1731323389362811 0.1731323389362811 0.567011900729198 0.5676675624031978 0.5683232240771976 0.5689788857511974 0.5696345474251971 0.5702902090991969 0.5709458707731967 0.5716015324471965 0.5722571941211962 0.5729128557951961 0.5735685174691959 0.5742241791431968 0.5609552986113282 0.5328007677897197 0.5046462369681113 0.47649170614650277 0.44833717532489425 0.4201826445032858 0.39202811368167734 0.3638735828600688 0.3357190520384603 0.30756452121685185 0.27940999039524334 0.2512554595736349 0.24260565269010861 0.2548068365110642 0.2670080203320198 0.2792092041529754 0.29141038797393104 0.3036115717948866 0.3158127556158422 0.3280139394367978 0.34021512325775344 0.352416307078709
-9999.0 -9999.0 -9999.0 -9999.0 -9999.0 -9999.0 -9999.0 -9999.0 -9999.0 0.1731323389362811 -9999.0 -9999.0 -9999.0 0.1731323389362811 0.1731323389362811 0.1731323389362811 0.1731323389362811 0.1731323389362811 0.1731323389362811 0.1731323389362811 0.1731323389362811 0.1731323389362811 0.1731323389362811 0.1731323389362811 0.1731323389362811 0.1731323389362811 0.1731323389362811 0.1731323389362811 0.1731323389362811 0.1731323389362811 0.1731323389362811 0.1731323389362811 0.1731323389362811 0.1731323389362811 0.1731323389362811 0.1731323389362811 0.1731323389362811 0.1731323389362811 0.1731323389362811 0.2516891272301154 0.26550819362909367 0.2793272600280719 0.29314632642705013 0.3069653928260284 0.32078445922500665 0.3346035256239849 0.34842259202296316 0.3622416584219414 0.3760607248209197
-9999.0 -9999.0 -9999.0 -9999.0 -9999.0 -9999.0 -9999.0 -9999.0 -9999.0 -9999.0 -9999.0 -9999.0 -9999.0 -9999.0 0.1731323389362811 0.1731323389362811 0.1731323389362811 0.1731323389362811 0.1731323389362811 0.1731323389362811 0.1731323389362811 0.1731323389362811 0.1731323389362811 0.1731323389362811 0.1731323389362811 0.1731323389362811 0.1731323389362811 0.1731323389362811 0.1731323389362811 0.1731323389362811 0.1731323389362811 0.1731323389362811 0.1731323389362811 0.1731323389362811 0.1731323389362811 0.1731323389362811 0.1731323389362811 0.1731323389362811 0.1731323389362811 0.2672974614494211 0.28164369581156057 0.2959899301737 0.31033616453583945 0.3246823988979789 0.33902863326011834 0.35337486762225784 0.3677211019843973 0.3820673363465367 0.39641357070867617
-9999.0 -9999.0 -9999.0 -9999.0 -9999.0 -9999.0 -9999.0 -9999.0 -9999.0 -9999.0 -9999.0 -9999.0 -9999.0 -9999.0 -9999.0 -9999.0 0.1731323389362811 0.1731323389362811 0.1731323389362811 0.1731323389362811 0.1731323389362811 0.1731323389362811 0.1731323389362811 0.1731323389362811 0.1731323389362811 0.1731323389362811 0.1731323389362811 0.1731323389362811 0.1731323389362811 0.1731323389362811 0.1731323389362811 0.1731323389362811 0.1731323389362811 0.1731323389362811 0.1731323389362811 0.1731323389362811 0.1731323389362811 0.1731323389362811 0.1731323389362811 0.28290579566872676 0.2977791979940274 0.31265260031932807 0.3275260026446287 0.3423994049699294 0.35727280729523003 0.3721462096205307 0.38701961194583134 0.401893014271132 0.4167664165964327
-9999.0 -9999.0 -9999.0 -9999.0 -9999.0 -9999.0 -9999.0 -9999.0 -9999.0 -9999.0 -9999.0 -9999.0 -9999.0 -9999.0 -9999.0 -9999.0 -9999.0 0.1731323389362811 0.1731323389362811 0.1731323389362811 0.1731323389362811 0.1731323389362811 0.1731323389362811 0.1731323389362811 0.1731323389362811 0.1731323389362811 0.1731323389362811 0.1731323389362811 0.1731323389362811 0.1731323389362811 0.1731323389362811 0.1731323389362811 0.1731323389362811 0.1731323389362811 0.1731323389362811 0.1731323389362811 0.1731323389362811 0.1731323389362811 0.1731323389362811 0.2985141298880324 0.31391470017649425 0.3293152704649561 0.344715840753418 0.36011641104187986 0.3755169813303418 0.39091755161880365 0.4063181219072655 0.4217186921957274 0.43711926248418925
-9999.0 -9999.0 -9999.0 -9999.0 -9999.0 -9999.0 -9999.0 -9999.0 -9999.0 -9999.0 -9999.0 -9999.0 -9999.0 -9999.0 -9999.0 -9999.0 -9999.0 -9999.0 0.1731323389362811 0.1731323389362811 0.1731323389362811 0.1731323389362811 0.1731323389362811 0.1731323389362811 0.1731323389362811 0.1731323389362811 0.1731323389362811 0.1731323389362811 0.1731323389362811 0.1731323389362811 0.1731323389362811 0.1731323389362811 0.1731323389362811 0.1731323389362811 0.1731323389362811 0.1731323389362811 0.1731323389362811 0.1731323389362811 0.1731323389362811 0.31412246410733813 0.3300502023589612 0.3459779406105843 0.36190567886220737 0.37783341711383045 0.39376115536545353 0.4096888936170766 0.4256166318686997 0.44154437012032277 0.45747210837194585
-9999.0 -9999.0 -9999.0 -9999.0 -9999.0 -9999.0 -9999.0 -9999.0 -9999.0 -9999.0 -9999.0 -9999.0 -9999.0 -9999.0 -9999.0 -9999.0 -9999.0 -9999.0 -9999.0 0.1731323389362811 0.1731323389362811 0.1731323389362811 0.1731323389362811 0.1731323389362811 0.1731323389362811 0.1731323389362811 0.1731323389362811 0.1731323389362811 0.1731323389362811 0.1731323389362811 0.1731323389362811 0.1731323389362811 0.1731323389362811 0.1731323389362811 0.1731323389362811 0.1731323389362811 0.1731323389362811 0.1731323389362811 0.1731323389362811 0.32973079832664376 0.34618570454142805 0.36264061075621234 0.37909551697099664 0.39555042318578093 0.4120053294005652 0.4284602356153495 0.4449151418301338 0.4613700480449181 0.4778249542597024
-9999.0 -9999.0 -9999.0 -9999.0 -9999.0 -9999.0 -9999.0 -9999.0 -9999.0 -9999.0 -9999.0 -9999.0 -9999.0 -9999.0 -9999.0 -9999.0 -9999.0 -9999.0 -9999.0 0.1731323389362811 0.1731323389362811 0.1731323389362811 0.1731323389362811 0.1731323389362811 0.1731323389362811 0.1731323389362811 0.1731323389362811 0.1731323389362811 0.1731323389362811 0.1731323389362811 0.1731323389362811 0.1731323389362811 0.1731323389362811 0.1731323389362811 0.1731323389362811 0.1731323389362811 0.1731323389362811 0.1731323389362811 0.1731323389362811 0.3453391325459627 0.36232120672390866 0.3793032809018546 0.39628535507980056 0.4132674292577465 0.43024950343569246 0.4472315776136384 0.46421365179158436 0.4811957259695303 0.49817780014747626
-9999.0 -9999.0 -9999.0 -9999.0 -9999.0 -9999.0 -9999.0 -9999.0 -9999.0 -9999.0 -9999.0 -9999.0 -9999.0 -9999.0 -9999.0 -9999.0 -9999.0 -9999.0 -9999.0 -9999.0 0.1731323389362811 0.1731323389362811 0.1731323389362811 0.1731323389362811 0.1731323389362811 0.1731323389362811 -9999.0 -9999.0 0.1731323389362811 0.1731323389362811 0.1731323389362811 0.1731323389362811 0.1731323389362811 0.1731323389362811 0.1731323389362811 0.1731323389362811 0.1731323389362811 0.1731323389362811 0.1731323389362811 0.36094746676526845 0.37845670890637556 0.3959659510474827 0.4134751931885899 0.430984435329697 0.44849367747080415 0.4660029196119113 0.4835121617530185 0.5010214038941256 0.5185306460352328
-9999.0 -9999.0 -9999.0 -9999.0 -9999.0 -9999.0 -9999.0 -9999.0 -9999.0 -9999.0 -9999.0 -9999.0 -9999.0 -9999.0 -9999.0 -9999.0 -9999.0 -9999.0 -9999.0 -9999.0 -9999.0 -9999.0 -9999.0 -9999.0 -9999.0 -9999.0 -9999.0 0.1731323389362811 0.1731323389362811 0.1731323389362811 0.1731323389362811 0.1731323389362811 0.1731323389362811 0.1731323389362811 0.1731323389362811 0.1731323389362811 0.1731323389362811 0.1731323389362811 0.1731323389362811 0.3765558009845741 0.39459221108884246 0.4126286211931108 0.43066503129737915 0.4487014414016475 0.4667378515059159 0.4847742616101842 0.5028106717144526 0.520847081818721 0.5388834919229893
-9999.0 -9999.0 -9999.0 -9999.0 -9999.0 -9999.0 -9999.0 -9999.0 -9999.0 -9999.0 -9999.0 -9999.0 -9999.0 -9999.0 -9999.0 -9999.0 -9999.0 -9999.0 -9999.0 -9999.0 -9999.0 -9999.0 -9999.0 -9999.0 -9999.0 -9999.0 -9999.0 0.1731323389362811 0.1731323389362811 0.1731323389362811 0.1731323389362811 0.1731323389362811 0.1731323389362811 0.1731323389362811 0.1731323389362811 0.1731323389362811 0.1731323389362811 0.1731323389362811 0.1731323389362811 0.39216413520387977 0.41072771327130936 0.4292912913387389 0.4478548694061685 0.46641844747359806 0.48498202554102765 0.5035456036084571 0.5221091816758867 0.5406727597433163 0.5592363378107459
-9999.0 -9999.0 -9999.0 -9999.0 -9999.0 -9999.0 -9999.0 -9999.0 -9999.0 -9999.0 -9999.0 -9999.0 -9999.0 -9999.0 -9999.0 -9999.0 -9999.0 -9999.0 -9999.0 -9999.0 -9999.0 -9999.0 -9999.0 -9999.0 -9999.0 -9999.0 -9999.0 0.1731323389362811 0.1731323389362811 0.1731323389362811 0.1731323389362811 0.1731323389362811 0.1731323389362811 0.1731323389362811 0.1731323389362811 0.1731323389362811 0.1731323389362811 0.1731323389362811 0.1731323389362811 0.40777246942318546 0.4268632154537762 0.44595396148436695 0.46504470751495774 0.4841354535455485 0.5032261995761392 0.52231694560673 0.5414076916373208 0.5604984376679116 0.5795891836985023
