Figures/CREST_Example_wjb_NSE/Rolling_result/20100722/BJP_forecast/ens_11/wjb.rain.20100723.asc
ncols            288
nrows            254
xllcorner        113.274861
yllcorner        31.4918055
cellsize         0.008333333333
NODATA_value     -9999
[rows 140 to 159 of 254, columns 45 to 89 of 288]
7.728850646777863 7.824528738937763 7.920206831097664 8.015884923257564 8.111563015417467 8.207241107577367 8.294752397030129 8.37353318979921 8.452313982568157 8.531094775337102 8.60987556810605 8.688656360874996 8.767437153643943 8.846217946412889 8.924998739181836 9.003779531950784 9.08256032471973 9.161341117488677 9.087292935685472 8.849867125439365 8.612441315192852 8.375015504946745 8.137589694700639 7.900163884454531 7.6627380742084235 7.425312263962316 7.187886453716208 6.950460643470102 6.713034833223995 6.475609022977887 6.377811210209061 6.429278883254446 6.48074655629983 6.532214229345302 6.583681902390686 6.6351495754360705 6.686617248481455 6.7380849215268395 6.789552594572224 6.841020267617608 6.892487940662993 6.943955613708377 6.931848077574179 6.851777205478767 6.771706333383355
7.416379677514644 7.591758292132279 7.767136906749913 7.9425155213675485 8.117894135985182 8.293272750602817 8.41792102021836 8.488337404395864 8.558753788573249 8.629170172750634 8.69958655692802 8.770002941105405 8.84041932528279 8.910835709460175 8.98125209363756 9.051668477814944 9.12208486199233 9.192501246169714 9.105845962500982 8.851277515375443 8.596709068249469 8.342140621123928 8.087572173998389 7.833003726872849 7.578435279747309 7.3238668326217695 7.0692983854962295 6.814729938370689 6.56016149124515 6.305593044119609 6.215975522755637 6.3026942700064925 6.389413017257347 6.476131764508349 6.562850511759204 6.649569259010058 6.736288006260913 6.823006753511767 6.9097255007626215 6.996444248013477 7.083162995264331 7.1698817425151855 7.171956090004341 7.083543660454513 6.995131230904685
7.103908708251426 7.358987845326794 7.6140669824021625 7.869146119477531 8.124225256552899 8.379304393628267 8.54108964340659 8.60314161899252 8.665193594578342 8.727245570164166 8.789297545749989 8.851349521335813 8.913401496921637 8.975453472507459 9.037505448093283 9.099557423679105 9.161609399264929 9.223661374850753 9.124398989316493 8.852687905311521 8.580976821306084 8.309265737301113 8.037554653296139 7.765843569291167 7.494132485286195 7.222421401281222 6.95071031727625 6.678999233271277 6.4072881492663045 6.135577065261332 6.054139835302214 6.176109656758539 6.298079478214864 6.420049299671397 6.542019121127721 6.663988942584046 6.7859587640403705 6.907928585496696 7.02989840695302 7.151868228409345 7.273838049865669 7.395807871321994 7.4120641024345035 7.31531011543026 7.218556128426016
6.791437738988208 7.126217398521311 7.460997058054412 7.795776717587515 8.130556377120616 8.465336036653719 8.664258266594821 8.717945833589175 8.771633400583436 8.825320967577698 8.879008534571959 8.93269610156622 8.986383668560482 9.040071235554743 9.093758802549004 9.147446369543266 9.201133936537527 9.254821503531788 9.142952016132002 8.854098295247598 8.5652445743627 8.276390853478295 7.987537132593889 7.698683411709485 7.409829690825079 7.120975969940675 6.83212224905627 6.543268528171865 6.25441480728746 5.965561086403055 5.892304147848791 6.049525043510585 6.2067459391723805 6.363966834834444 6.521187730496238 6.678408626158033 6.835629521819828 6.992850417481623 7.1500713131434175 7.307292208805213 7.464513104467008 7.621734000128802 7.6521721148646655 7.5470765704060065 7.441981025947347
6.478966769724723 6.893446951715626 7.307927133706531 7.722407315697435 8.136887497688338 8.551367679679242 8.787426889783157 8.832750048185927 8.878073206588619 8.923396364991312 8.968719523394006 9.014042681796697 9.05936584019939 9.104688998602082 9.150012157004776 9.195335315407469 9.24065847381016 9.285981632212854 9.161505042947528 8.855508685183677 8.549512327419302 8.243515969655451 7.937519611891599 7.631523254127746 7.325526896363893 7.0195305386000415 6.71353418083619 6.407537823072337 6.101541465308484 5.7955451075446325 5.73046846039523 5.922940430262525 6.11541240012982 6.307884369997443 6.500356339864738 6.6928283097320325 6.885300279599328 7.077772249466623 7.270244219333918 7.462716189201213 7.6551881590685085 7.847660128935804 7.892280127295033 7.778843025381951 7.665405923468868
6.519885515040406 6.944398292748666 7.3689110704569245 7.793423848165184 8.217936625873442 8.642449403581702 8.877479034102507 8.9099468974935 8.942414760884438 8.974882624275375 9.007350487666313 9.039818351057251 9.07228621444819 9.104754077839129 9.137221941230067 9.169689804621004 9.202157668011942 9.23462553140288 9.11119938823756 8.821119028154758 8.531038668071462 8.24095830798866 7.950877947905857 7.660797587823055 7.370717227740252 7.08063686765745 6.790556507574648 6.500476147491845 6.210395787409043 5.920315427326241 5.868112749094364 6.070206690361124 6.272300631627883 6.474394572894987 6.676488514161746 6.878582455428505 7.080676396695265 7.282770337962024 7.484864279228783 7.6869582204955424 7.889052161762302 8.091146103029061 8.141654822834566 8.03011551376414 7.9185762046937125
6.938555588090461 7.298630339590822 7.658705091091182 8.018779842591542 8.378854594091903 8.738929345592263 8.932131750123515 8.946943844018191 8.961755937912843 8.976568031807494 8.991380125702145 9.006192219596796 9.021004313491447 9.035816407386099 9.05062850128075 9.065440595175401 9.080252689070052 9.095064782964704 8.98728814372348 8.748461377700808 8.509634611677729 8.270807845655057 8.031981079632384 7.793154313609712 7.5543275475870395 7.315500781564367 7.076674015541695 6.837847249519023 6.599020483496351 6.3601937174736785 6.325882253538079 6.510202270924369 6.694522288310658 6.878842305697262 7.063162323083551 7.2474823404698405 7.43180235785613 7.616122375242419 7.8004423926287085 7.984762410014998 8.169082427401287 8.353402444787577 8.400935018460395 8.302238722227115 8.203542425993833
7.357225661140515 7.652862386432977 7.948499111725439 8.2441358370179 8.539772562310361 8.835409287602824 8.986784466144522 8.983940790542883 8.981097114941248 8.978253439339612 8.975409763737977 8.972566088136341 8.969722412534706 8.966878736933069 8.964035061331433 8.961191385729798 8.958347710128162 8.955504034526527 8.8633768992094 8.675803727246858 8.488230555283996 8.300657383321454 8.113084211358911 7.925511039396369 7.7379378674338275 7.550364695471285 7.362791523508743 7.175218351546201 6.987645179583659 6.800072007621116 6.7836517579817945 6.950197851487614 7.116743944993433 7.283290038499537 7.449836132005356 7.616382225511176 7.782928319016995 7.9494744125228145 8.116020506028635 8.282566599534453 8.449112693040274 8.615658786546092 8.660215214086225 8.57436193069009 8.488508647293955
7.775895734190571 8.007094433275133 8.238293132359697 8.469491831444259 8.700690530528822 8.931889229613386 9.041437182165533 9.020937737067575 9.000438291969653 8.97993884687173 8.959439401773807 8.938939956675885 8.918440511577963 8.89794106648004 8.877441621382118 8.856942176284196 8.836442731186274 8.815943286088352 8.73946565469532 8.603146076792907 8.466826498890264 8.330506920987851 8.194187343085439 8.057867765183026 7.921548187280615 7.785228609378202 7.648909031475791 7.512589453573378 7.376269875670966 7.239950297768554 7.241421262425509 7.390193432050858 7.538965601676208 7.687737771301811 7.836509940927161 7.985282110552511 8.13405428017786 8.28282644980321 8.43159861942856 8.580370789053909 8.729142958679258 8.877915128304608 8.919495409712056 8.846485139153065 8.773474868594075
8.194565807240625 8.361326480117288 8.528087152993953 8.694847825870617 8.86160849874728 9.028369171623945 9.09608989818654 9.057934683592265 9.019779468998056 8.981624254403847 8.943469039809639 8.90531382521543 8.867158610621221 8.82900339602701 8.790848181432802 8.752692966838593 8.714537752244384 8.676382537650175 8.61555441018124 8.530488426338957 8.44542244249653 8.360356458654248 8.275290474811966 8.190224490969683 8.105158507127403 8.02009252328512 7.9350265394428385 7.849960555600557 7.7648945717582745 7.679828587915993 7.699190766869225 7.830189012614104 7.961187258358984 8.092185504104087 8.223183749848966 8.354181995593846 8.485180241338727 8.616178487083605 8.747176732828486 8.878174978573364 9.009173224318245 9.140171470063125 9.178775605337886 9.118608347616043 9.058441089894197
8.613235880291036 8.715558526959747 8.817881173628457 8.920203820297168 9.022526466965878 9.124849113634589 9.150742614207594 9.094931630116989 9.039120646026477 8.983309661935968 8.927498677845456 8.871687693754945 8.815876709664435 8.760065725573924 8.704254741483412 8.648443757392902 8.592632773302391 8.53682178921188 8.491643165667053 8.457830775884945 8.424018386102778 8.39020599632067 8.356393606538562 8.322581216756454 8.288768826974346 8.254956437192238 8.22114404741013 8.187331657628022 8.153519267845914 8.119706878063806 8.156960271313329 8.270184593177724 8.383408915042118 8.496633236906707 8.6098575587711 8.723081880635496 8.83630620249989 8.949530524364285 9.062754846228678 9.175979168093074 9.289203489957469 9.402427811821862 9.438055800963937 9.390731556079249 9.34340731119456
9.03190595334109 9.069790573801901 9.107675194262713 9.145559814723525 9.183444435184336 9.221329055645148 9.205395330228603 9.131928576641679 9.058461823054882 8.984995069468084 8.911528315881286 8.83806156229449 8.764594808707692 8.691128055120894 8.617661301534097 8.5441945479473 8.470727794360501 8.397261040773705 8.367731921152972 8.385173125430994 8.402614329709046 8.420055533987068 8.43749673826509 8.454937942543111 8.472379146821133 8.489820351099155 8.507261555377177 8.524702759655199 8.54214396393322 8.559585168211242 8.614729775757043 8.710180173740968 8.805630571724892 8.90108096970898 8.996531367692905 9.09198176567683 9.187432163660755 9.28288256164468 9.378332959628604 9.473783357612529 9.569233755596454 9.664684153580378 9.697335996589768 9.662854764542224 9.628373532494681
9.450576026391145 9.424022620644058 9.39746921489697 9.370915809149883 9.344362403402796 9.317808997655709 9.260048046249612 9.168925523166372 9.077803000083287 8.986680477000203 8.895557953917118 8.804435430834033 8.71331290775095 8.622190384667865 8.53106786158478 8.439945338501696 8.348822815418613 8.257700292335528 8.243820676638892 8.312515474977044 8.381210273315313 8.449905071653465 8.518599869991617 8.587294668329768 8.65598946666792 8.724684265006074 8.793379063344226 8.862073861682378 8.93076866002053 8.999463458358681 9.07249928020076 9.150175754304215 9.227852228407668 9.305528702511255 9.38320517661471 9.460881650718166 9.53855812482162 9.616234598925075 9.69391107302853 9.771587547131984 9.84926402123544 9.926940495338894 9.956616192215598 9.934977973005202 9.913339753794803
9.869246099441199 9.778254667486213 9.687263235531228 9.596271803576242 9.505280371621255 9.41428893966627 9.314700762270618 9.205922469691062 9.09714417711169 8.988365884532321 8.87958759195295 8.770809299373578 8.662031006794209 8.553252714214837 8.444474421635466 8.335696129056094 8.226917836476725 8.118139543897353 8.119909432124814 8.239857824523096 8.359806216921582 8.479754609319864 8.599703001718146 8.719651394116427 8.83959978651471 8.959548178912991 9.079496571311273 9.199444963709555 9.319393356107836 9.439341748506118 9.530268784644473 9.590171334867458 9.650073885090443 9.70997643531353 9.769878985536515 9.8297815357595 9.889684085982486 9.94958663620547 10.009489186428455 10.06939173665144 10.129294286874424 10.189196837097409 10.215896387841429 10.207101181468177 10.198305975094925
10.287916172491252 10.132486714328369 9.977057256165484 9.821627798002599 9.666198339839713 9.510768881676828 9.369353478291627 9.242919416215752 9.116485354140096 8.990051292064438 8.86361722998878 8.737183167913123 8.610749105837465 8.484315043761807 8.357880981686149 8.231446919610491 8.105012857534835 7.9785787954591765 7.995998187610732 8.167200174069144 8.338402160527849 8.50960414698626 8.680806133444673 8.852008119903084 9.023210106361496 9.194412092819908 9.36561407927832 9.536816065736732 9.708018052195143 9.879220038653555 9.988038289088188 10.030166915430703 10.072295541773217 10.114424168115805 10.15655279445832 10.198681420800835 10.24081004714335 10.282938673485866 10.32506729982838 10.367195926170895 10.40932455251341 10.451453178855926 10.47517658346726 10.479224389931153 10.483272196395045
10.706586245541308 10.486718761170524 10.266851276799741 10.046983792428957 9.827116308058173 9.60724882368739 9.424006194312636 9.279916362740446 9.135826531168501 8.991736699596556 8.847646868024611 8.703557036452667 8.559467204880722 8.415377373308779 8.271287541736834 8.12719771016489 7.983107878592945 7.839018047021 7.872086943096652 8.094542523615194 8.316998104134115 8.539453684652658 8.7619092651712 8.984364845689742 9.206820426208283 9.429276006726825 9.651731587245369 9.87418716776391 10.096642748282452 10.319098328800994 10.445807793531904 10.470162495993948 10.494517198455993 10.51887190091808 10.543226603380125 10.56758130584217 10.591936008304216 10.616290710766261 10.640645413228306 10.66500011569035 10.689354818152397 10.713709520614442 10.73445677909309 10.751347598394128 10.768238417695168
11.125256318591362 10.84095080801268 10.556645297433997 10.272339786855316 9.988034276276633 9.70372876569795 9.478658910333642 9.316913309265136 9.155167708196904 8.993422107128673 8.831676506060441 8.669930904992212 8.50818530392398 8.346439702855749 8.184694101787517 8.022948500719286 7.861202899651055 7.699457298582824 7.748175698582571 8.021884873161243 8.295594047740382 8.569303222319055 8.843012396897727 9.116721571476399 9.39043074605507 9.664139920633744 9.937849095212416 10.211558269791087 10.485267444369759 10.75897661894843 10.903577297975618 10.910158076557193 10.916738855138767 10.923319633720356 10.92990041230193 10.936481190883505 10.94306196946508 10.949642748046656 10.956223526628232 10.962804305209806 10.969385083791382 10.975965862372957 10.99373697471892 11.023470806857103 11.053204638995288
11.377694024126162 11.054688842941388 10.731683661756612 10.408678480571837 10.085673299387063 9.762668118202289 9.5160690481087 9.35114983773787 9.186230627367323 9.021311416996774 8.856392206626227 8.691472996255678 8.526553785885131 8.361634575514582 8.196715365144035 8.031796154773488 7.866876944402939 7.7019577340323915 7.756611079559604 8.045992450673268 8.335373821787424 8.624755192901087 8.91413656401475 9.203517935128414 9.492899306242078 9.782280677355741 10.071662048469404 10.361043419583067 10.650424790696732 10.939806161810395 11.090802443816147 11.093861937152445 11.096921430488745 11.099980923825049 11.103040417161349 11.106099910497647 11.109159403833948 11.112218897170246 11.115278390506546 11.118337883842846 11.121397377179145 11.124456870515445 11.143571255298435 11.179848682017003 11.21612610873557
11.452439807480625 11.118247635374273 10.784055463267922 10.44986329116157 10.115671119055218 9.781478946948866 9.535047956649231 9.382435653319883 9.229823349990795 9.077211046661708 8.92459874333262 8.771986440003532 8.619374136674445 8.466761833345357 8.31414953001627 8.161537226687182 8.008924923358094 7.856312620029006 7.906516660528691 8.173535957146987 8.440555253765737 8.707574550384033 8.974593847002328 9.241613143620624 9.50863244023892 9.775651736857215 10.04267103347551 10.309690330093806 10.576709626712102 10.843728923330398 10.988832724458293 11.00360610481498 11.018379485171668 11.03315286552838 11.047926245885067 11.062699626241756 11.077473006598444 11.09224638695513 11.107019767311819 11.121793147668507 11.136566528025194 11.151339908381882 11.176414751772223 11.212502092047481 11.248589432322738
11.527185590835087 11.181806427807157 10.836427264779228 10.4910481017513 10.145668938723372 9.800289775695443 9.554026865189762 9.413721468901896 9.273416072614268 9.133110676326641 8.992805280039013 8.852499883751387 8.712194487463758 8.57188909117613 8.431583694888504 8.291278298600876 8.15097290231325 8.010667506025621 8.05642224149778 8.301079463620708 8.545736685744052 8.79039390786698 9.035051129989908 9.279708352112836 9.524365574235762 9.76902279635869 10.013680018481619 10.258337240604547 10.502994462727475 10.747651684850403 10.88686300510044 10.913350272477514 10.93983753985459 10.966324807231711 10.992812074608787 11.019299341985862 11.045786609362938 11.072273876740015 11.09876114411709 11.125248411494166 11.15173567887124 11.178222946248317 11.209258248246007 11.245155502077957 11.281052755909906
