Figures/CREST_Example_wjb_NSE/Rolling_result/20100722/BJP_forecast/ens_11/wjb.rain.20100722.asc
ncols            288
nrows            254
xllcorner        113.274861
yllcorner        31.4918055
cellsize         0.008333333333
NODATA_value     -9999
[rows 180 to 199 of 254, columns 45 to 89 of 288]
30.966035537334445 30.966035537334445 30.966035537334445 30.966035537334445 30.966035537334445 30.966035537334445 30.966035537334445 30.966035537334445 30.966035537334445 30.966035537334445 30.966035537334445 30.966035537334445 30.966035537334445 30.966035537334445 30.966035537334445 30.966035537334445 30.966035537334445 30.966035537334445 10.306761456910603 10.518347085967305 10.729932715024367 10.941518344081068 11.153103973137771 11.364689602194472 11.576275231251174 11.787860860307877 11.999446489364578 12.21103211842128 12.422617747477982 12.634203376534684 12.767173239243055 12.816101070491735 12.865028901740413 12.913956732989174 12.962884564237852 13.01181239548653 13.06074022673521 13.109668057983887 13.158595889232565 13.207523720481243 13.25645155172992 13.305379382978598 13.296009123674466 13.224316887529547 13.152624651384627
30.966035537334445 30.966035537334445 30.966035537334445 30.966035537334445 30.966035537334445 30.966035537334445 30.966035537334445 30.966035537334445 30.966035537334445 30.966035537334445 30.966035537334445 30.966035537334445 30.966035537334445 30.966035537334445 30.966035537334445 30.966035537334445 30.966035537334445 30.966035537334445 10.042993864679827 10.244987630384523 10.446981396089562 10.648975161794258 10.850968927498952 11.052962693203648 11.254956458908342 11.456950224613038 11.658943990317734 11.860937756022429 12.062931521727123 12.264925287431819 12.387037961989103 12.42375594427181 12.460473926554519 12.497191908837289 12.533909891119997 12.570627873402705 12.607345855685413 12.64406383796812 12.680781820250829 12.717499802533537 12.754217784816245 12.790935767098953 12.775621126780932 12.704682436516539 12.633743746252145
30.966035537334445 30.966035537334445 30.966035537334445 30.966035537334445 30.966035537334445 30.966035537334445 30.966035537334445 -9999.0 30.966035537334445 30.966035537334445 30.966035537334445 30.966035537334445 30.966035537334445 30.966035537334445 30.966035537334445 30.966035537334445 30.966035537334445 30.966035537334445 9.90857432756674 10.104108008937386 10.299641690308368 10.495175371679014 10.690709053049662 10.886242734420309 11.081776415790957 11.277310097161603 11.472843778532251 11.6683774599029 11.863911141273546 12.059444822644192 12.163769561773377 12.170589879724512 12.177410197675645 12.184230515626792 12.191050833577926 12.19787115152906 12.204691469480196 12.211511787431329 12.218332105382464 12.225152423333599 12.231972741284734 12.238793059235867 12.206431840575585 12.132184673436917 12.05793750629825
-9999.0 -9999.0 -9999.0 30.966035537334445 30.966035537334445 30.966035537334445 30.966035537334445 -9999.0 -9999.0 30.966035537334445 30.966035537334445 30.966035537334445 30.966035537334445 30.966035537334445 30.966035537334445 30.966035537334445 30.966035537334445 30.966035537334445 9.774154790453538 9.963228387490132 10.152301984527048 10.341375581563643 10.530449178600236 10.719522775636829 10.908596372673424 11.097669969710017 11.28674356674661 11.475817163783205 11.664890760819798 11.853964357856391 11.94050116155746 11.917423815176996 11.894346468796531 11.871269122416027 11.848191776035563 11.825114429655098 11.802037083274634 11.77895973689417 11.755882390513703 11.732805044133238 11.709727697752774 11.68665035137231 11.637242554369747 11.559686910356804 11.482131266343861
-9999.0 -9999.0 -9999.0 -9999.0 30.966035537334445 -9999.0 -9999.0 -9999.0 -9999.0 -9999.0 -9999.0 30.966035537334445 30.966035537334445 30.966035537334445 30.966035537334445 30.966035537334445 30.966035537334445 30.966035537334445 9.639735253340449 9.822348766042996 10.004962278745852 10.187575791448399 10.370189304150944 10.55280281685349 10.735416329556037 10.918029842258582 11.100643354961129 11.283256867663674 11.46587038036622 11.648483893068766 11.717232761341734 11.664257750629696 11.611282739917657 11.558307729205529 11.505332718493491 11.452357707781452 11.399382697069415 11.346407686357376 11.293432675645338 11.2404576649333 11.187482654221261 11.134507643509224 11.068053268164396 10.987189147277181 10.906325026389965
-9999.0 -9999.0 -9999.0 -9999.0 -9999.0 -9999.0 -9999.0 -9999.0 -9999.0 -9999.0 -9999.0 -9999.0 30.966035537334445 30.966035537334445 30.966035537334445 30.966035537334445 30.966035537334445 30.966035537334445 9.505315716227363 9.68146914459586 9.857622572964658 10.033776001333157 10.209929429701655 10.386082858070152 10.562236286438651 10.738389714807148 10.914543143175646 11.090696571544145 11.266849999912642 11.44300342828114 11.493964361126007 11.411091686082395 11.328219011038785 11.24534633599503 11.16247366095142 11.079600985907808 10.996728310864196 10.913855635820584 10.830982960776973 10.748110285733361 10.665237610689749 10.582364935646138 10.498863981959046 10.414691384197557 10.330518786436068
-9999.0 -9999.0 -9999.0 -9999.0 -9999.0 -9999.0 -9999.0 -9999.0 -9999.0 -9999.0 -9999.0 -9999.0 -9999.0 -9999.0 -9999.0 -9999.0 -9999.0 -9999.0 9.370896179114274 9.540589523148725 9.710282867183464 9.879976211217913 10.049669555252363 10.219362899286814 10.389056243321264 10.558749587355713 10.728442931390164 10.898136275424614 11.067829619459063 11.237522963493515 11.270695960910281 11.157925621535096 11.04515528215991 10.932384942784534 10.819614603409349 10.706844264034164 10.594073924658979 10.481303585283792 10.368533245908607 10.255762906533421 10.142992567158236 10.030222227783051 9.929674695753697 9.842193621117934 9.754712546482171
-9999.0 -9999.0 -9999.0 -9999.0 -9999.0 -9999.0 -9999.0 -9999.0 -9999.0 -9999.0 -9999.0 -9999.0 -9999.0 -9999.0 -9999.0 -9999.0 -9999.0 -9999.0 9.236476642001188 9.39970990170159 9.56294316140227 9.726176421102672 9.889409680803073 10.052642940503477 10.215876200203878 10.37910945990428 10.542342719604681 10.705575979305085 10.868809239005486 11.032042498705888 11.047427560694555 10.904759556987797 10.762091553281037 10.619423549574035 10.476755545867277 10.334087542160518 10.19141953845376 10.048751534747 9.906083531040242 9.763415527333484 9.620747523626724 9.478079519919966 9.360485409548346 9.26969585803831 9.178906306528274
-9999.0 -9999.0 -9999.0 -9999.0 -9999.0 -9999.0 -9999.0 -9999.0 -9999.0 -9999.0 -9999.0 -9999.0 -9999.0 -9999.0 -9999.0 -9999.0 30.966035537334445 30.966035537334445 9.102057104888098 9.258830280254454 9.415603455621074 9.57237663098743 9.729149806353783 9.885922981720137 10.042696157086493 10.199469332452846 10.3562425078192 10.513015683185554 10.66978885855191 10.826562033918263 10.82415916047883 10.651593492440497 10.479027824402166 10.306462156363539 10.133896488325206 9.961330820286875 9.788765152248542 9.61619948421021 9.443633816171877 9.271068148133544 9.098502480095211 8.925936812056879 8.791296123342995 8.697198094958686 8.603100066574378
-9999.0 -9999.0 -9999.0 -9999.0 -9999.0 -9999.0 -9999.0 -9999.0 -9999.0 -9999.0 -9999.0 -9999.0 -9999.0 -9999.0 -9999.0 30.966035537334445 30.966035537334445 30.966035537334445 8.967637567774897 9.117950658807198 9.268263749839756 9.418576840872056 9.568889931904357 9.719203022936657 9.869516113968958 10.019829205001258 10.170142296033559 10.32045538706586 10.47076847809816 10.62108156913046 10.600890760262912 10.398427427892981 10.195964095523049 9.993500763152774 9.791037430782842 9.58857409841291 9.386110766042979 9.183647433673048 8.981184101303116 8.778720768933184 8.576257436563253 8.373794104193323 8.222106837137158 8.124700331878573 8.027293826619989
-9999.0 -9999.0 -9999.0 -9999.0 -9999.0 -9999.0 -9999.0 -9999.0 -9999.0 -9999.0 -9999.0 -9999.0 -9999.0 -9999.0 30.966035537334445 30.966035537334445 30.966035537334445 30.966035537334445 8.83321803066181 8.977071037360062 9.12092404405856 9.264777050756813 9.408630057455065 9.55248306415332 9.696336070851572 9.840189077549825 9.984042084248077 10.12789509094633 10.271748097644583 10.415601104342837 10.377622360047187 10.145261363345684 9.912900366644179 9.680539369942277 9.448178373240772 9.215817376539267 8.983456379837762 8.751095383136256 8.518734386434751 8.286373389733246 8.05401239303174 7.821651396330236 7.652917550931809 7.552202568798951 7.451487586666094
-9999.0 -9999.0 -9999.0 -9999.0 -9999.0 -9999.0 -9999.0 -9999.0 -9999.0 -9999.0 -9999.0 -9999.0 -9999.0 -9999.0 30.966035537334445 30.966035537334445 30.966035537334445 30.966035537334445 8.698798493548722 8.836191415912927 8.973584338277366 9.11097726064157 9.248370183005775 9.38576310536998 9.523156027734185 9.660548950098391 9.797941872462596 9.935334794826801 10.072727717191006 10.21012063955521 10.154353959831463 9.892095298798383 9.629836637765305 9.367577976731779 9.1053193156987 8.843060654665623 8.580801993632543 8.318543332599464 8.056284671566386 7.794026010533308 7.531767349500229 7.26950868846715 7.083728264726458 6.979704805719328 6.875681346712197
-9999.0 -9999.0 -9999.0 -9999.0 -9999.0 -9999.0 -9999.0 -9999.0 -9999.0 -9999.0 -9999.0 -9999.0 -9999.0 -9999.0 30.966035537334445 30.966035537334445 30.966035537334445 30.966035537334445 8.564378956435634 8.695311794465791 8.82624463249617 8.957177470526329 9.088110308556486 9.219043146586642 9.3499759846168 9.480908822646956 9.611841660677113 9.74277449870727 9.873707336737427 10.004640174767584 9.931085559615736 9.638929234251083 9.346772908886432 9.05461658352128 8.76246025815663 8.470303932791976 8.178147607427325 7.8859912820626725 7.5938349566980206 7.301678631333369 7.009522305968717 6.717365980604065 6.5145389785211085 6.407207042639704 6.2998751067583
-9999.0 -9999.0 -9999.0 -9999.0 -9999.0 -9999.0 -9999.0 -9999.0 -9999.0 -9999.0 -9999.0 -9999.0 30.966035537334445 30.966035537334445 30.966035537334445 30.966035537334445 30.966035537334445 30.966035537334445 8.313810734283427 8.453212618740999 8.592614503198808 8.732016387656378 8.87141827211395 9.010820156571521 9.15022204102909 9.289623925486662 9.429025809944234 9.568427694401805 9.707829578859375 9.847231463316946 9.779356125291098 9.489896750602103 9.200437375913108 8.910978001223619 8.621518626534622 8.332059251845626 8.042599877156631 7.753140502467636 7.46368112777864 7.174221753089645 6.884762378400649 6.595303003711654 6.391960015843646 6.280677392460609 6.169394769077572
-9999.0 -9999.0 -9999.0 -9999.0 -9999.0 -9999.0 -9999.0 -9999.0 -9999.0 -9999.0 -9999.0 -9999.0 30.966035537334445 30.966035537334445 30.966035537334445 30.966035537334445 30.966035537334445 30.966035537334445 7.939086888706147 8.10291611938814 8.266745350070414 8.430574580752408 8.5944038114344 8.758233042116395 8.922062272798387 9.085891503480381 9.249720734162374 9.413549964844368 9.577379195526362 9.741208426208354 9.704097336384327 9.45217650136665 9.200255666348973 8.948334831330865 8.696413996313188 8.44449316129551 8.192572326277833 7.940651491260155 7.688730656242477 7.4368098212248 7.184888986207122 6.932968151189445 6.746779339052494 6.630859545485877 6.514939751919259
-9999.0 -9999.0 -9999.0 -9999.0 -9999.0 -9999.0 -9999.0 -9999.0 -9999.0 -9999.0 -9999.0 -9999.0 -9999.0 30.966035537334445 30.966035537334445 30.966035537334445 30.966035537334445 30.966035537334445 7.5643630431290285 7.752619620035434 7.940876196942161 8.129132773848566 8.31738935075497 8.505645927661377 8.693902504567781 8.882159081474187 9.070415658380591 9.258672235286998 9.446928812193402 9.635185389099808 9.628838547477589 9.414456252131213 9.200073956784838 8.985691661438096 8.771309366091721 8.556927070745346 8.34254477539897 8.128162480052595 7.913780184706219 7.699397889359844 7.485015594013468 7.270633298667093 7.101598662261192 6.981041698510996 6.860484734760801
-9999.0 -9999.0 -9999.0 -9999.0 -9999.0 -9999.0 -9999.0 -9999.0 -9999.0 -9999.0 -9999.0 -9999.0 -9999.0 30.966035537334445 30.966035537334445 30.966035537334445 30.966035537334445 30.966035537334445 7.18963919755191 7.402323120682727 7.6150070438139075 7.827690966944725 8.040374890075542 8.253058813206358 8.465742736337177 8.678426659467993 8.891110582598811 9.103794505729628 9.316478428860446 9.529162351991262 9.55357975857085 9.376736002895777 9.199892247220703 9.023048491545328 8.846204735870256 8.669360980195181 8.492517224520107 8.315673468845034 8.138829713169962 7.961985957494887 7.785142201819814 7.60829844614474 7.456417985469887 7.331223851536114 7.206029717602342
-9999.0 -9999.0 -9999.0 -9999.0 -9999.0 -9999.0 -9999.0 -9999.0 -9999.0 -9999.0 -9999.0 -9999.0 -9999.0 30.966035537334445 30.966035537334445 30.966035537334445 30.966035537334445 30.966035537334445 6.814915351974631 7.052026621329871 7.289137890685515 7.526249160040754 7.763360429395994 8.000471698751234 8.237582968106473 8.474694237461712 8.711805506816953 8.948916776172192 9.186028045527433 9.423139314882672 9.478320969664079 9.339015753660323 9.19971053765657 9.060405321652576 8.92110010564882 8.781794889645065 8.64248967364131 8.503184457637554 8.363879241633798 8.224574025630044 8.085268809626289 7.945963593622533 7.811237308678736 7.681406004561383 7.55157470044403
-9999.0 -9999.0 -9999.0 -9999.0 -9999.0 -9999.0 -9999.0 -9999.0 -9999.0 -9999.0 -9999.0 -9999.0 -9999.0 30.966035537334445 30.966035537334445 30.966035537334445 30.966035537334445 30.966035537334445 6.440191506397512 6.701730121977163 6.963268737557261 7.224807353136913 7.486345968716564 7.747884584296216 8.009423199875867 8.270961815455518 8.53250043103517 8.794039046614822 9.055577662194473 9.317116277774126 9.40306218075734 9.301295504424887 9.199528828092433 9.097762151759806 8.995995475427353 8.8942287990949 8.792462122762448 8.690695446429993 8.58892877009754 8.487162093765088 8.385395417432633 8.28362874110018 8.166056631887432 8.031588157586503 7.897119683285572
-9999.0 -9999.0 -9999.0 -9999.0 -9999.0 -9999.0 -9999.0 -9999.0 -9999.0 30.966035537334445 30.966035537334445 30.966035537334445 30.966035537334445 30.966035537334445 30.966035537334445 30.966035537334445 30.966035537334445 30.966035537334445 6.065467660820392 6.351433622624455 6.637399584429007 6.92336554623307 7.209331508037134 7.495297469841197 7.781263431645261 8.067229393449324 8.353195355253387 8.63916131705745 8.925127278861515 9.211093240665578 9.327803391850601 9.26357525518945 9.199347118528298 9.135118981867038 9.070890845205886 9.006662708544736 8.942434571883584 8.878206435222433 8.813978298561283 8.749750161900131 8.68552202523898 8.62129388857783 8.52087595509613 8.381770310611621 8.242664666127114
