Figures/CREST_Example_wjb_NSE/Rolling_result/20100722/BJP_forecast/ens_11/wjb.rain.20100728.asc
ncols            288
nrows            254
xllcorner        113.274861
yllcorner        31.4918055
cellsize         0.008333333333
NODATA_value     -9999
[rows 140 to 159 of 254, columns 220 to 263 of 288]
12.372515275558326 12.076415121164281 11.780314966770742 11.484214812377203 11.188114657983663 10.892014503590124 10.595914349196585 10.299814194803044 10.003714040409506 9.707613886015967 9.411513731622428 9.273728750761855 9.305186273600894 9.336643796439931 9.368101319279022 9.399558842118061 9.431016364957099 9.462473887796136 9.493931410635176 9.525388933474213 9.55684645631325 9.58830397915229 9.619761501991327 9.86955880810599 10.352766284737317 10.835973761368644 11.31918123799997 11.802388714632121 12.285596191263448 12.768803667894774 13.2520111445261 13.735218621157427 14.218426097788754 14.701633574420082 15.184841051051407 15.794297477974686 16.538716890707754 17.283136303440823 18.02755571617389 18.77197512890696 19.516394541641297 20.260813954374363 21.00523336710743 21.7496527798405
12.703093028934305 12.378626480031109 12.054159931128467 11.729693382225825 11.405226833323182 11.080760284420538 10.756293735517897 10.431827186615255 10.107360637712612 9.78289408880997 9.458427539907326 9.30636112219545 9.338594346708266 9.370827571221083 9.403060795733955 9.435294020246772 9.467527244759589 9.499760469272406 9.531993693785223 9.56422691829804 9.596460142810857 9.628693367323674 9.660926591836493 9.912230667669244 10.397726442305999 10.883222216942752 11.368717991579505 11.854213766217088 12.339709540853843 12.825205315490596 13.310701090127349 13.796196864764102 14.281692639400857 14.767188414037612 15.252684188674365 15.85626974804647 16.586095960546086 17.3159221730457 18.045748385545313 18.775574598044926 19.505400810545787 20.2352270230454 20.965053235545014 21.694879448044627
13.033670782310287 12.680837838897938 12.328004895486194 11.975171952074447 11.622339008662701 11.269506065250955 10.91667312183921 10.563840178427464 10.211007235015717 9.858174291603971 9.505341348192225 9.338993493629042 9.372002419815638 9.405011346002235 9.438020272188886 9.471029198375483 9.50403812456208 9.537047050748676 9.570055976935272 9.603064903121869 9.636073829308463 9.66908275549506 9.702091681681656 9.954902527232496 10.442686599874678 10.93047067251686 11.418254745159041 11.906038817802054 12.393822890444236 12.881606963086417 13.369391035728597 13.857175108370779 14.34495918101296 14.832743253655142 15.320527326297324 15.918242018118256 16.633475030384417 17.348708042650575 18.063941054916736 18.779174067182897 19.494407079450276 20.209640091716437 20.9248731039826 21.640106116248756
13.364248535686265 12.983049197764766 12.601849859843917 12.220650521923067 11.839451184002218 11.45825184608137 11.07705250816052 10.69585317023967 10.314653832318822 9.933454494397973 9.552255156477123 9.371625865062635 9.405410492923009 9.439195120783385 9.472979748643818 9.506764376504194 9.540549004364568 9.574333632224944 9.608118260085318 9.641902887945694 9.675687515806068 9.709472143666444 9.74325677152682 9.997574386795748 10.487646757443356 10.977719128090966 11.467791498738574 11.957863869387019 12.447936240034627 12.938008610682237 13.428080981329845 13.918153351977455 14.408225722625064 14.898298093272672 15.388370463920282 15.98021428819004 16.680854100222746 17.381493912255454 18.08213372428816 18.782773536320867 19.483413348354766 20.18405316038747 20.88469297242018 21.585332784452884
13.694826289062528 13.285260556631853 12.875694824201876 12.466129091771899 12.056563359341922 11.646997626911945 11.237431894481968 10.827866162051992 10.418300429622015 10.008734697192038 9.599168964762061 9.404258236496256 9.43881856603041 9.473378895564565 9.507939225098779 9.542499554632935 9.577059884167088 9.611620213701244 9.646180543235399 9.680740872769555 9.715301202303708 9.749861531837864 9.784421861372019 10.040246246359036 10.532606915012074 11.024967583665113 11.517328252318151 12.009688920972028 12.502049589625067 12.994410258278105 13.486770926931143 13.979131595584182 14.47149226423722 14.963852932890259 15.456213601543297 16.04218655826188 16.72823317006112 17.41427978186036 18.1003263936596 18.786373005458838 19.47241961725925 20.158466229058487 20.84451284085773 21.530559452656966
14.147057707717396 13.6939448964571 13.240832085197578 12.787719273938057 12.334606462678535 11.881493651419012 11.428380840159491 10.975268028899968 10.522155217640446 10.069042406380923 9.615929595121402 9.400651939971272 9.439625449693592 9.478598959415914 9.517572469138301 9.55654597886062 9.595519488582942 9.634492998305262 9.673466508027584 9.712440017749904 9.751413527472225 9.790387037194545 9.829360546916867 10.098828085041198 10.614698956837755 11.13056982863431 11.646440700430869 12.162311572228305 12.678182444024863 13.19405331582142 13.709924187617977 14.225795059414533 14.741665931211092 15.25753680300765 15.773407674804204 16.36433057035912 17.03548577829422 17.706640986229324 18.37779619416443 19.04895140209953 19.720106610035778 20.391261817970882 21.062417025905983 21.733572233841087
14.729329225693242 14.216442141032013 13.703555056371659 13.190667971711306 12.677780887050952 12.164893802390598 11.652006717730243 11.139119633069889 10.626232548409536 10.11334546374918 9.600458379088828 9.358308791829119 9.405583716970368 9.452858642111616 9.500133567252947 9.547408492394196 9.594683417535444 9.641958342676693 9.689233267817944 9.736508192959192 9.783783118100441 9.83105804324169 9.878332968382939 10.174416688460571 10.736482642196624 11.298548595932676 11.860614549668728 12.422680503405738 12.98474645714179 13.546812410877843 14.108878364613895 14.670944318349948 15.233010272085998 15.79507622582205 16.357142179558103 16.9645817738504 17.62052681703847 18.27647186022654 18.93241690341461 19.58836194660268 20.244306989791866 20.900252032979935 21.556197076168008 22.212142119356077
15.31160074366909 14.738939385606926 14.16627802754574 13.593616669484554 13.020955311423368 12.448293953362182 11.875632595300996 11.30297123723981 10.730309879178623 10.157648521117437 9.584987163056251 9.315965643686965 9.371541984247143 9.42711832480732 9.482694665367593 9.53827100592777 9.593847346487948 9.649423687048124 9.705000027608301 9.76057636816848 9.816152708728657 9.871729049288835 9.92730538984901 10.250005291879944 10.85826632755549 11.466527363231037 12.074788398906584 12.683049434583168 13.291310470258717 13.899571505934263 14.507832541609812 15.116093577285358 15.724354612960905 16.33261564863645 16.940876684312 17.56483297734168 18.205567855782718 18.84630273422375 19.48703761266479 20.127772491105826 20.768507369547955 21.40924224798899 22.049977126430026 22.69071200487106
15.893872261644935 15.261436630181839 14.629000998719821 13.996565367257803 13.364129735795785 12.731694104333767 12.09925847287175 11.46682284140973 10.834387209947714 10.201951578485694 9.569515947023678 9.273622495544814 9.337500251523918 9.401378007503023 9.465255763482238 9.529133519461345 9.59301127544045 9.656889031419555 9.720766787398661 9.784644543377766 9.848522299356873 9.912400055335977 9.976277811315082 10.325593895299317 10.98005001291436 11.6345061305294 12.288962248144443 12.943418365760602 13.597874483375644 14.252330600990685 14.906786718605728 15.56124283622077 16.215698953835812 16.870155071450856 17.524611189065897 18.165084180832963 18.79060889452697 19.41613360822097 20.041658321914973 20.667183035608975 21.292707749304046 21.91823246299805 22.54375717669205 23.169281890386053
16.476143779620784 15.783933874756752 15.091723969893902 14.399514065031052 13.707304160168203 13.015094255305353 12.322884350442504 11.630674445579652 10.938464540716803 10.246254635853951 9.554044730991102 9.23127934740266 9.303458518800694 9.375637690198728 9.447816861596884 9.51999603299492 9.592175204392953 9.664354375790987 9.73653354718902 9.808712718587055 9.880891889985088 9.953071061383122 10.025250232781158 10.401182498718692 11.101833698273229 11.802484897827766 12.503136097382303 13.203787296938033 13.90443849649257 14.605089696047107 15.305740895601645 16.00639209515618 16.70704329471072 17.407694494265257 18.108345693819793 18.765335384324246 19.375649933271212 19.985964482218183 20.596279031165153 21.20659358011212 21.81690812906013 22.4272226780071 23.03753722695407 23.64785177590104
17.058415297597126 16.30643111933211 15.554446941068377 14.802462762804645 14.050478584540912 13.298494406277179 12.546510228013446 11.794526049749713 11.04254187148598 10.290557693222247 9.538573514958514 9.188936199260471 9.269416786077441 9.349897372894409 9.430377959711517 9.510858546528485 9.591339133345455 9.671819720162425 9.752300306979395 9.832780893796363 9.913261480613333 9.993742067430302 10.074222654247272 10.47677110213813 11.2236173836322 11.970463665126271 12.717309946620343 13.464156228115687 14.21100250960976 14.95784879110383 15.7046950725979 16.451541354091972 17.198387635586045 17.945233917080113 18.692080198574185 19.365586587816036 19.96069097201596 20.55579535621588 21.150899740415806 21.74600412461573 22.341108508816667 22.936212893016588 23.531317277216512 24.126421661416437
17.640686815572973 16.828928363907025 16.01716991224246 15.205411460577894 14.39365300891333 13.581894557248763 12.770136105584198 11.958377653919634 11.146619202255069 10.334860750590504 9.52310229892594 9.146593051118318 9.235375053354216 9.324157055590113 9.412939057826163 9.50172106006206 9.590503062297957 9.679285064533856 9.768067066769753 9.856849069005651 9.945631071241548 10.034413073477445 10.123195075713344 10.552359705557503 11.34540106899107 12.138442432424636 12.9314837958582 13.724525159293119 14.517566522726685 15.310607886160252 16.10364924959382 16.896690613027385 17.68973197646095 18.482773339894518 19.275814703328084 19.96583779130732 20.545732010760208 21.1256262302131 21.70552044966599 22.28541466911888 22.865308888572756 23.445203108025645 24.025097327478534 24.604991546931423
18.222958333548817 17.351425608481936 16.47989288341654 15.608360158351141 14.736827433285745 13.865294708220347 12.99376198315495 12.122229258089554 11.250696533024158 10.37916380795876 9.507631082893363 9.104249902976163 9.20133332063099 9.298416738285816 9.395500155940807 9.492583573595633 9.589666991250459 9.686750408905285 9.783833826560112 9.880917244214938 9.978000661869764 10.07508407952459 10.172167497179416 10.627948308976876 11.467184754349937 12.306421199722998 13.145657645096058 13.98489409047055 14.824130535843612 15.663366981216672 16.502603426589733 17.341839871962794 18.181076317335858 19.02031276270892 19.85954920808198 20.5660889947986 21.130773049504455 21.695457104210313 22.26014115891617 22.824825213622024 23.389509268328844 23.9541933230347 24.518877377740555 25.083561432446412
18.80522985152467 17.87392285305685 16.94261585459062 16.011308856124394 15.080001857658164 14.148694859191934 13.217387860725704 12.286080862259475 11.354773863793246 10.423466865327017 9.492159866860788 9.06190675483401 9.167291587907764 9.272676420981519 9.378061254055453 9.483446087129208 9.588830920202962 9.694215753276715 9.79960058635047 9.904985419424225 10.01037025249798 10.115755085571735 10.221139918645488 10.703536912396249 11.588968439708804 12.47439996702136 13.359831494333918 14.245263021647983 15.13069454896054 16.016126076273096 16.90155760358565 17.786989130898206 18.672420658210765 19.55785218552332 20.44328371283588 21.166340198289884 21.715814088248706 22.265287978207528 22.81476186816635 23.364235758125172 23.913709648084932 24.463183538043754 25.012657428002576 25.562131317961402
19.387501369500516 18.396420097631765 17.4053388257647 16.41425755389764 15.42317628203058 14.432095010163518 13.441013738296459 12.449932466429397 11.458851194562335 10.467769922695274 9.476688650828214 9.019563606691857 9.13324985518454 9.246936103677223 9.360622352170099 9.474308600662782 9.587994849155464 9.701681097648148 9.81536734614083 9.929053594633514 10.042739843126196 10.15642609161888 10.270112340111561 10.779125515815624 11.710752125067675 12.642378734319724 13.574005343571777 14.505631952825416 15.437258562077467 16.368885171329516 17.30051178058157 18.23213838983362 19.16376499908567 20.09539160833772 21.02701821758977 21.766591401781163 22.300855126992953 22.835118852204744 23.36938257741653 23.90364630262832 24.43791002784102 24.972173753052807 25.506437478264598 26.040701203476388
19.969772887476363 18.918917342206676 17.868061796938782 16.81720625167089 15.766350706402998 14.715495161135104 13.66463961586721 12.613784070599317 11.562928525331424 10.512072980063532 9.461217434795639 8.977220458549704 9.099208122461315 9.221195786372926 9.343183450284744 9.465171114196357 9.587158778107968 9.709146442019579 9.83113410593119 9.9531217698428 10.075109433754411 10.197097097666022 10.319084761577635 10.854714119234997 11.832535810426542 12.810357501618087 13.788179192809633 14.766000884002846 15.743822575194393 16.721644266385937 17.699465957577484 18.67728764876903 19.655109339960575 20.63293103115212 21.61075272234367 22.366842605272442 22.8858961657372 23.404949726201956 23.92400328666671 24.443056847131466 24.96211040759711 25.481163968061864 26.00021752852662 26.519271088991374
20.552044405452207 19.44141458678159 18.330784768112864 17.22015494944414 16.109525130775413 14.998895312106688 13.888265493437963 12.777635674769238 11.667005856100513 10.556376037431788 9.445746218763063 8.93487731040755 9.06516638973809 9.19545546906863 9.325744548399392 9.45603362772993 9.58632270706047 9.71661178639101 9.84690086572155 9.977189945052087 10.107479024382627 10.237768103713167 10.368057183043707 10.93030272265437 11.95431949578541 12.97833626891645 14.002353042047492 15.026369815180278 16.05038658831132 17.07440336144236 18.098420134573402 19.12243690770444 20.146453680835485 21.170470453966523 22.194487227097568 22.967093808763728 23.470937204481448 23.97478060019917 24.478623995916895 24.982467391634618 25.486310787353197 25.99015418307092 26.493997578788644 26.997840974506367
21.106556498368644 19.945196982717828 18.78383746706899 17.62247795142016 16.461118435771322 15.299758920122487 14.138399404473653 12.977039888824818 11.815680373175983 10.654320857527148 9.492961341878313 8.955991169875631 9.086507338214336 9.217023506553039 9.347539674891966 9.47805584323067 9.608572011569374 9.739088179908077 9.869604348246781 10.000120516585486 10.13063668492419 10.261152853262892 10.391669021601597 10.961898613894343 12.00219180945639 13.042485005018436 14.082778200580481 15.123071396144303 16.163364591706348 17.203657787268394 18.24395098283044 19.284244178392488 20.324537373954534 21.364830569516577 22.405123765078628 11.948507760193367 11.948507760193367 11.948507760193367 11.948507760193367 11.948507760193367 11.948507760193367 11.948507760193367 11.948507760193367 11.948507760193367
21.631395515750466 20.42897438517556 19.226553254602706 18.024132124029855 16.821710993457 15.619289862884148 14.416868732311293 13.21444760173844 12.012026471165587 10.809605340592734 9.60718421001988 9.04493657037621 9.16704888176663 9.289161193157051 9.411273504547681 9.533385815938102 9.655498127328523 9.777610438718943 9.899722750109362 10.021835061499782 10.143947372890203 10.266059684280624 10.388171995671044 10.94646906895772 11.971057525901458 12.995645982845195 14.020234439788933 15.044822896734416 16.069411353678156 17.09399981062189 18.118588267565627 19.143176724509367 20.167765181453102 21.19235363839684 22.216942095340578 11.948507760193367 11.948507760193367 11.948507760193367 11.948507760193367 11.948507760193367 11.948507760193367 11.948507760193367 11.948507760193367 11.948507760193367
22.156234533132288 20.912751787633294 19.669269042136424 18.42578629663955 17.18230355114268 15.938820805645808 14.695338060148934 13.451855314652063 12.208372569155191 10.96488982365832 9.721407078161446 9.13388197087679 9.247590425318927 9.361298879761064 9.475007334203395 9.588715788645532 9.70242424308767 9.816132697529806 9.929841151971942 10.04354960641408 10.157258060856217 10.270966515298355 10.384674969740491 10.931039524021095 11.939923242346524 12.948806960671952 13.95769067899738 14.966574397324532 15.97545811564996 16.98434183397539 17.993225552300817 19.002109270626246 20.010992988951674 21.019876707277106 22.028760425602535 11.948507760193367 11.948507760193367 11.948507760193367 11.948507760193367 11.948507760193367 11.948507760193367 11.948507760193367 11.948507760193367 11.948507760193367
