Figures/CREST_Example_wjb_NSE/Rolling_result/20100722/BJP_forecast/ens_11/wjb.rain.20100727.asc
ncols            288
nrows            254
xllcorner        113.274861
yllcorner        31.4918055
cellsize         0.008333333333
NODATA_value     -9999
[rows 40 to 59 of 254, columns 0 to 44 of 288]
-9999.0 -9999.0 -9999.0 -9999.0 -9999.0 -9999.0 -9999.0 -9999.0 -9999.0 -9999.0 -9999.0 -9999.0 -9999.0 -9999.0 6.049121314984213 6.049121314984213 6.049121314984213 6.049121314984213 6.049121314984213 6.049121314984213 6.049121314984213 6.049121314984213 6.049121314984213 6.049121314984213 6.049121314984213 6.049121314984213 6.049121314984213 1.3869213844226442 1.3926689120395794 1.3984164396565146 1.40416396727345 1.4099114948903853 1.4156590225073207 1.4214065501242559 1.427154077741191 1.4329016053581265 1.4386491329750617 1.444396660591997 1.4501441882089323 1.4998129532318611 1.596434513679333 1.6930560741268048 1.7896776345742766 1.8862991950217485 1.9829207554692203
-9999.0 -9999.0 -9999.0 -9999.0 -9999.0 -9999.0 -9999.0 -9999.0 -9999.0 -9999.0 -9999.0 -9999.0 -9999.0 -9999.0 -9999.0 6.049121314984213 6.049121314984213 6.049121314984213 6.049121314984213 6.049121314984213 6.049121314984213 6.049121314984213 6.049121314984213 6.049121314984213 6.049121314984213 6.049121314984213 6.049121314984213 1.3426172070057014 1.3509446290569906 1.35927205110828 1.3675994731595695 1.375926895210859 1.3842543172621484 1.3925817393134379 1.400909161364727 1.4092365834160165 1.417564005467306 1.4258914275185954 1.4342188495698849 1.483866197296224 1.577685479416031 1.6715047615358383 1.7653240436556452 1.8591433257754524 1.9529626078952593
-9999.0 -9999.0 -9999.0 -9999.0 -9999.0 -9999.0 -9999.0 -9999.0 -9999.0 -9999.0 -9999.0 -9999.0 -9999.0 -9999.0 -9999.0 6.049121314984213 6.049121314984213 6.049121314984213 6.049121314984213 6.049121314984213 6.049121314984213 6.049121314984213 6.049121314984213 6.049121314984213 6.049121314984213 6.049121314984213 6.049121314984213 1.2983130295887584 1.3092203460744019 1.3201276625600455 1.331034979045689 1.3419422955313325 1.3528496120169762 1.3637569285026196 1.3746642449882633 1.3855715614739068 1.3964788779595505 1.407386194445194 1.4182935109308377 1.4679194413605872 1.5589364451527294 1.6499534489448717 1.740970452737014 1.8319874565291563 1.9230044603212986
-9999.0 -9999.0 -9999.0 -9999.0 -9999.0 -9999.0 -9999.0 -9999.0 -9999.0 -9999.0 -9999.0 -9999.0 -9999.0 -9999.0 -9999.0 -9999.0 6.049121314984213 6.049121314984213 6.049121314984213 6.049121314984213 6.049121314984213 6.049121314984213 6.049121314984213 6.049121314984213 6.049121314984213 6.049121314984213 6.049121314984213 1.2540088521718156 1.2674960630918133 1.2809832740118108 1.2944704849318085 1.3079576958518062 1.321444906771804 1.3349321176918016 1.3484193286117994 1.361906539531797 1.3753937504517948 1.3888809613717925 1.4023681722917902 1.45197268542495 1.5401874108894276 1.6284021363539052 1.7166168618183826 1.8048315872828602 1.8930463127473378
-9999.0 -9999.0 -9999.0 -9999.0 -9999.0 -9999.0 -9999.0 -9999.0 -9999.0 -9999.0 -9999.0 -9999.0 -9999.0 -9999.0 -9999.0 -9999.0 -9999.0 6.049121314984213 6.049121314984213 6.049121314984213 6.049121314984213 6.049121314984213 6.049121314984213 6.049121314984213 6.049121314984213 6.049121314984213 6.049121314984213 1.2097046747548725 1.2257717801092243 1.2418388854635762 1.257905990817928 1.27397309617228 1.2900402015266317 1.3061073068809836 1.3221744122353356 1.3382415175896873 1.354308622944039 1.370375728298391 1.386442833652743 1.436025929489313 1.521438376626126 1.6068508237629386 1.6922632708997514 1.7776757180365643 1.863088165173377
-9999.0 -9999.0 -9999.0 -9999.0 -9999.0 -9999.0 -9999.0 -9999.0 -9999.0 -9999.0 -9999.0 -9999.0 -9999.0 -9999.0 -9999.0 -9999.0 -9999.0 6.049121314984213 6.049121314984213 6.049121314984213 6.049121314984213 6.049121314984213 6.049121314984213 6.049121314984213 6.049121314984213 6.049121314984213 6.049121314984213 1.1654004973379295 1.1840474971266355 1.2026944969153415 1.2213414967040475 1.2399884964927534 1.2586354962814594 1.2772824960701654 1.2959294958588714 1.3145764956475774 1.3332234954362834 1.3518704952249894 1.3705174950136954 1.420079173553676 1.502689342362824 1.5852995111719719 1.6679096799811202 1.750519848790268 1.833130017599416
-9999.0 -9999.0 -9999.0 -9999.0 -9999.0 -9999.0 -9999.0 -9999.0 -9999.0 -9999.0 -9999.0 -9999.0 -9999.0 -9999.0 -9999.0 -9999.0 -9999.0 -9999.0 6.049121314984213 6.049121314984213 6.049121314984213 6.049121314984213 6.049121314984213 6.049121314984213 6.049121314984213 6.049121314984213 6.049121314984213 1.1210963199209487 1.1423232141440112 1.1635501083670734 1.1847770025901359 1.2060038968131983 1.2272307910362605 1.248457685259323 1.2696845794823852 1.2909114737054477 1.31213836792851 1.3333652621515724 1.3545921563746348 1.4041324176180254 1.4839403080995062 1.5637481985809871 1.643556089062468 1.723363979543949 1.8031718700254298
-9999.0 -9999.0 -9999.0 -9999.0 -9999.0 -9999.0 -9999.0 -9999.0 -9999.0 -9999.0 -9999.0 -9999.0 -9999.0 -9999.0 -9999.0 -9999.0 -9999.0 -9999.0 6.049121314984213 6.049121314984213 6.049121314984213 6.049121314984213 6.049121314984213 6.049121314984213 6.049121314984213 6.049121314984213 6.049121314984213 1.0767921425040057 1.1005989311614224 1.1244057198188389 1.1482125084762553 1.1720192971336718 1.1958260857910883 1.2196328744485048 1.2434396631059212 1.2672464517633377 1.2910532404207542 1.314860029078171 1.3386668177355872 1.3881856616823882 1.4651912738362043 1.5421968859900206 1.6192024981438367 1.6962081102976527 1.773213722451469
-9999.0 -9999.0 -9999.0 -9999.0 -9999.0 -9999.0 -9999.0 -9999.0 -9999.0 -9999.0 -9999.0 -9999.0 -9999.0 -9999.0 -9999.0 -9999.0 -9999.0 -9999.0 -9999.0 6.049121314984213 6.049121314984213 6.049121314984213 6.049121314984213 6.049121314984213 6.049121314984213 6.049121314984213 6.049121314984213 1.0324879650870629 1.0588746481788336 1.0852613312706043 1.1116480143623748 1.1380346974541455 1.1644213805459163 1.1908080636376868 1.2171947467294575 1.2435814298212282 1.2699681129129987 1.2963547960047694 1.32274147909654 1.3722389057467512 1.4464422395729026 1.520645573399054 1.5948489072252054 1.6690522410513569 1.7432555748775083
-9999.0 -9999.0 -9999.0 -9999.0 -9999.0 -9999.0 -9999.0 -9999.0 -9999.0 -9999.0 -9999.0 -9999.0 -9999.0 -9999.0 -9999.0 -9999.0 -9999.0 -9999.0 -9999.0 6.049121314984213 6.049121314984213 6.049121314984213 6.049121314984213 6.049121314984213 6.049121314984213 6.049121314984213 6.049121314984213 1.0606469381895285 1.0896109815739317 1.118575024958335 1.1475390683427382 1.1765031117271414 1.2054671551115446 1.234431198495948 1.2633952418803511 1.2923592852647543 1.3213233286491575 1.3502873720335606 1.379251415417964 1.4264065701218487 1.4930084339525582 1.5596102977832678 1.626212161613977 1.6928140254446866 1.7594158892753962
-9999.0 -9999.0 -9999.0 -9999.0 -9999.0 -9999.0 -9999.0 -9999.0 -9999.0 -9999.0 -9999.0 -9999.0 -9999.0 -9999.0 -9999.0 -9999.0 -9999.0 -9999.0 -9999.0 -9999.0 -9999.0 -9999.0 -9999.0 6.049121314984213 6.049121314984213 6.049121314984213 6.049121314984213 1.1662644500391817 1.1978031448785071 1.2293418397178326 1.2608805345571583 1.2924192293964838 1.3239579242358093 1.3554966190751347 1.3870353139144602 1.418574008753786 1.4501127035931114 1.4816513984324369 1.5131900932717623 1.555522128750053 1.609392489305107 1.6632628498601612 1.7171332104152153 1.7710035709702694 1.8248739315253235
-9999.0 -9999.0 -9999.0 -9999.0 -9999.0 -9999.0 -9999.0 -9999.0 -9999.0 -9999.0 -9999.0 -9999.0 -9999.0 -9999.0 -9999.0 -9999.0 -9999.0 -9999.0 -9999.0 -9999.0 -9999.0 -9999.0 -9999.0 6.049121314984213 6.049121314984213 6.049121314984213 6.049121314984213 1.2718819618888348 1.3059953081830826 1.3401086544773304 1.3742220007715782 1.408335347065826 1.4424486933600738 1.4765620396543215 1.5106753859485695 1.544788732242817 1.578902078537065 1.6130154248313129 1.6471287711255607 1.6846376873782571 1.7257765446576558 1.7669154019370545 1.808054259216453 1.8491931164958517 1.8903319737752504
-9999.0 -9999.0 -9999.0 -9999.0 -9999.0 -9999.0 -9999.0 -9999.0 -9999.0 -9999.0 -9999.0 -9999.0 -9999.0 -9999.0 -9999.0 -9999.0 -9999.0 -9999.0 -9999.0 -9999.0 -9999.0 -9999.0 -9999.0 -9999.0 -9999.0 6.049121314984213 6.049121314984213 1.377499473738488 1.414187471487658 1.4508754692368282 1.4875634669859983 1.5242514647351684 1.5609394624843387 1.5976274602335088 1.6343154579826789 1.671003455731849 1.707691453481019 1.7443794512301891 1.7810674489793592 1.8137532460064614 1.8421606000102047 1.870567954013948 1.898975308017691 1.9273826620214343 1.9557900160251775
-9999.0 -9999.0 -9999.0 -9999.0 -9999.0 -9999.0 -9999.0 -9999.0 -9999.0 -9999.0 -9999.0 -9999.0 -9999.0 -9999.0 -9999.0 -9999.0 -9999.0 -9999.0 -9999.0 -9999.0 -9999.0 -9999.0 -9999.0 -9999.0 -9999.0 6.049121314984213 6.049121314984213 1.4831169855882314 1.522379634792326 1.5616422839964204 1.600904933200515 1.6401675824046096 1.6794302316087042 1.7186928808127988 1.7579555300168934 1.797218179220988 1.8364808284250826 1.875743477629177 1.9150061268332719 1.9428688046347757 1.9585446553628527 1.9742205060909297 1.9898963568190067 2.0055722075470834 2.0212480582751606
-9999.0 -9999.0 -9999.0 -9999.0 -9999.0 -9999.0 -9999.0 -9999.0 -9999.0 -9999.0 -9999.0 -9999.0 -9999.0 -9999.0 -9999.0 -9999.0 -9999.0 -9999.0 -9999.0 -9999.0 -9999.0 -9999.0 -9999.0 -9999.0 -9999.0 6.049121314984213 6.049121314984213 1.5887344974378843 1.6305717980969012 1.6724090987559181 1.714246399414935 1.756083700073952 1.7979210007329687 1.8397583013919856 1.8815956020510025 1.9234329027100194 1.9652702033690361 2.007107504028053 2.04894480468707 2.0719843632629797 2.0749287107154015 2.077873058167823 2.0808174056202446 2.083761753072666 2.0867061005250873
-9999.0 -9999.0 -9999.0 -9999.0 -9999.0 -9999.0 -9999.0 -9999.0 -9999.0 -9999.0 -9999.0 -9999.0 -9999.0 -9999.0 -9999.0 -9999.0 -9999.0 -9999.0 -9999.0 -9999.0 6.049121314984213 6.049121314984213 6.049121314984213 6.049121314984213 6.049121314984213 6.049121314984213 6.049121314984213 1.6943520092875375 1.7387639614014767 1.783175913515416 1.8275878656293552 1.8719998177432942 1.9164117698572334 1.9608237219711726 2.005235674085112 2.049647626199051 2.09405957831299 2.1384715304269295 2.1828834825408685 2.2010999218911844 2.1913127660679503 2.1815256102447167 2.1717384544214826 2.1619512985982485 2.1521641427750144
-9999.0 -9999.0 -9999.0 -9999.0 -9999.0 -9999.0 -9999.0 -9999.0 -9999.0 -9999.0 -9999.0 -9999.0 -9999.0 -9999.0 -9999.0 -9999.0 -9999.0 -9999.0 -9999.0 6.049121314984213 6.049121314984213 6.049121314984213 6.049121314984213 6.049121314984213 6.049121314984213 6.049121314984213 6.049121314984213 1.7999695211371909 1.8469561247060522 1.8939427282749137 1.9409293318437753 1.9879159354126366 2.0349025389814983 2.0818891425503594 2.128875746119221 2.1758623496880825 2.222848953256944 2.2698355568258055 2.316822160394667 2.3302154805193886 2.307696821420499 2.2851781623216096 2.2626595032227206 2.240140844123831 2.2176221850249416
-9999.0 -9999.0 -9999.0 -9999.0 -9999.0 -9999.0 -9999.0 -9999.0 -9999.0 -9999.0 -9999.0 -9999.0 -9999.0 -9999.0 -9999.0 -9999.0 -9999.0 6.049121314984213 6.049121314984213 6.049121314984213 6.049121314984213 6.049121314984213 6.049121314984213 6.049121314984213 6.049121314984213 6.049121314984213 6.049121314984213 1.9055870329868438 1.9551482880106277 2.0047095430344113 2.0542707980581953 2.103832053081979 2.1533933081057626 2.202954563129546 2.2525158181533302 2.302077073177114 2.3516383282008975 2.4011995832246815 2.450760838248465 2.459331039147593 2.424080876773048 2.388830714398503 2.353580552023958 2.318330389649413 2.2830802272748687
-9999.0 -9999.0 -9999.0 -9999.0 -9999.0 -9999.0 -9999.0 -9999.0 -9999.0 -9999.0 -9999.0 -9999.0 -9999.0 -9999.0 -9999.0 6.049121314984213 6.049121314984213 6.049121314984213 6.049121314984213 6.049121314984213 6.049121314984213 6.049121314984213 6.049121314984213 6.049121314984213 6.049121314984213 6.049121314984213 6.049121314984213 2.011204544836497 2.063340451315203 2.115476357793909 2.167612264272615 2.219748170751321 2.2718840772300273 2.324019983708733 2.376155890187439 2.4282917966661453 2.4804277031448514 2.5325636096235575 2.5846995161022632 2.588446597775797 2.5404649321255968 2.4924832664753964 2.444501600825196 2.3965199351749957 2.348538269524796
-9999.0 -9999.0 -9999.0 -9999.0 -9999.0 -9999.0 -9999.0 -9999.0 -9999.0 -9999.0 -9999.0 -9999.0 -9999.0 -9999.0 6.049121314984213 6.049121314984213 6.049121314984213 6.049121314984213 6.049121314984213 6.049121314984213 6.049121314984213 6.049121314984213 6.049121314984213 6.049121314984213 6.049121314984213 6.049121314984213 6.049121314984213 2.11682205668624 2.1715326146198706 2.2262431725535015 2.280953730487132 2.3356642884207623 2.390374846354393 2.4450854042880232 2.4997959622216537 2.554506520155284 2.609217078088915 2.6639276360225455 2.718638193956176 2.717562156404111 2.6568489874782446 2.596135818552378 2.5354226496265113 2.474709480700645 2.4139963117747785
