Figures/CREST_Example_wjb_NSE/Rolling_result/20100722/BJP_forecast/ens_11/wjb.rain.20100329.asc
ncols            288
nrows            254
xllcorner        113.274861
yllcorner        31.4918055
cellsize         0.008333333333
NODATA_value     -9999
[rows 133 to 151 of 254, columns 44 to 87 of 288]
0.3921391994938148 0.3982141221696875 0.40428904484556016 0.4103639675214328 0.41643889019730546 0.42251381287317813 0.42858873554905075 0.4317275266096231 0.4317275266096231 0.4317275266096231 0.4317275266096231 0.4317275266096231 0.4317275266096231 0.4317275266096231 0.4317275266096231 0.4317275266096231 0.4317275266096231 0.4317275266096231 0.4317275266096231 0.44452163435225955 0.4709929324764105 0.49746423060060657 0.5239355287247575 0.5504068268489084 0.5768781249730593 0.6033494230972103 0.6298207212213611 0.6562920193455121 0.682763317469663 0.709234615593814 0.7357059137179649 0.7621631795715595 0.7886054446107081 0.8150477096498567 0.8414899746890504 0.867932239728199 0.8943745047673476 0.9208167698064962 0.9472590348456448 0.9737012998847934 1.0001435649239419 1.0265858299630906 1.053028095002239 1.0666902845947082
0.4148856324007082 0.42799039309527354 0.4410951537898389 0.4541999144844042 0.46730467517896956 0.4804094358735349 0.49351419656810025 0.5002851643505227 0.5002851643505227 0.5002851643505227 0.5002851643505227 0.5002851643505227 0.5002851643505227 0.5002851643505227 0.5002851643505227 0.5002851643505227 0.5002851643505227 0.5002851643505227 0.5002851643505227 0.5109577374891305 0.5330395325612796 0.5551213276334662 0.5772031227056151 0.5992849177777642 0.6213667128499132 0.6434485079220622 0.6655303029942111 0.6876120980663601 0.7096938931385092 0.7317756882106581 0.7538574832828071 0.7752214368413026 0.7958180015937635 0.8164145663462243 0.8370111310987204 0.8576076958511812 0.8782042606036422 0.8988008253561031 0.9193973901085639 0.9399939548610248 0.9605905196134857 0.9811870843659466 1.0017836491184076 1.0124254822664027
0.43763206530760146 0.4577666640208595 0.4779012627341175 0.49803586144737555 0.5181704601606336 0.5383050588738916 0.5584396575871496 0.5688428020914222 0.5688428020914222 0.5688428020914222 0.5688428020914222 0.5688428020914222 0.5688428020914222 0.5688428020914222 0.5688428020914222 0.5688428020914222 0.5688428020914222 0.5688428020914222 0.5688428020914222 0.5773938406260014 0.5950861326461485 0.6127784246663257 0.6304707166864728 0.6481630087066198 0.6658553007267669 0.6835475927469139 0.701239884767061 0.7189321767872081 0.7366244688073551 0.7543167608275022 0.7720090528476492 0.7882796941110455 0.8030305585768187 0.8177814230425918 0.8325322875083903 0.8472831519741634 0.8620340164399366 0.8767848809057097 0.891535745371483 0.9062866098372562 0.9210374743030293 0.9357883387688025 0.9505392032345756 0.9581606799380971
0.46037849821449484 0.4875429349464455 0.5147073716783963 0.541871808410347 0.5690362451422977 0.5962006818742485 0.623365118606199 0.6374004398323219 0.6374004398323219 0.6374004398323219 0.6374004398323219 0.6374004398323219 0.6374004398323219 0.6374004398323219 0.6374004398323219 0.6374004398323219 0.6374004398323219 0.6374004398323219 0.6374004398323219 0.6438299437628724 0.6571327327310176 0.6704355216991853 0.6837383106673305 0.6970410996354756 0.7103438886036207 0.7236466775717658 0.7369494665399109 0.7502522555080561 0.7635550444762012 0.7768578334443463 0.7901606224124914 0.8013379513807884 0.8102431155598739 0.8191482797389594 0.8280534439180601 0.8369586080971456 0.8458637722762311 0.8547689364553166 0.8636741006344021 0.8725792648134876 0.8814844289925731 0.8903895931716586 0.8992947573507442 0.9038958776097916
0.48312493112140753 0.5173192058720569 0.5515134806227063 0.5857077553733557 0.619902030124005 0.6540963048746544 0.6882905796253038 0.7059580775732799 0.7059580775732799 0.7059580775732799 0.7059580775732799 0.7059580775732799 0.7059580775732799 0.7059580775732799 0.7059580775732799 0.7059580775732799 0.7059580775732799 0.7059580775732799 0.7059580775732799 0.7102660468998 0.7191793328159395 0.7280926187320941 0.7370059046482336 0.745919190564373 0.7548324764805124 0.7637457623966518 0.7726590483127913 0.7815723342289307 0.7904856201450702 0.7993989060612096 0.808312191977349 0.8143962086505425 0.8174556725429353 0.8205151364353281 0.8235746003277261 0.826634064220119 0.8296935281125117 0.8327529920049046 0.8358124558972975 0.8388719197896902 0.8419313836820831 0.8449908475744758 0.8480503114668687 0.8496310752814398
0.5058713640283009 0.547095476797643 0.588319589566985 0.6295437023363272 0.6707678151056693 0.7119919278750113 0.7532160406443533 0.7745157153141795 0.7745157153141795 0.7745157153141795 0.7745157153141795 0.7745157153141795 0.7745157153141795 0.7745157153141795 0.7745157153141795 0.7745157153141795 0.7745157153141795 0.7745157153141795 0.7745157153141795 0.776702150036671 0.7812259329008086 0.7857497157649537 0.7902734986290912 0.7947972814932287 0.7993210643573662 0.8038448472215037 0.8083686300856412 0.8128924129497787 0.8174161958139161 0.8219399786780537 0.8264637615421911 0.8274544659202854 0.8246682295259905 0.8218819931316956 0.819095756737396 0.8163095203431011 0.8135232839488064 0.8107370475545115 0.8079508111602166 0.8051645747659217 0.8023783383716269 0.799592101977332 0.7968058655830371 0.7953662729531343
0.5286177969351942 0.576871747723229 0.6251256985112636 0.6733796492992985 0.7216336000873332 0.769887550875368 0.8181415016634027 0.843073353055079 0.843073353055079 0.843073353055079 0.843073353055079 0.843073353055079 0.843073353055079 0.843073353055079 0.843073353055079 0.843073353055079 0.843073353055079 0.843073353055079 0.843073353055079 0.8431382531735419 0.8432725329856775 0.8434068127978133 0.8435410926099488 0.8436753724220843 0.8438096522342199 0.8439439320463555 0.8440782118584911 0.8442124916706266 0.8443467714827622 0.8444810512948977 0.8446153311070334 0.8405127231900283 0.8318807865090457 0.8232488498280631 0.8146169131470659 0.8059849764660834 0.7973530397851007 0.7887211031041182 0.7800891664231356 0.7714572297421531 0.7628252930611705 0.7541933563801879 0.7455614196992054 0.7411014706248288
0.5513642298420875 0.606648018648815 0.6619318074555424 0.7172155962622698 0.7724993850689972 0.8277831738757246 0.8830669626824521 0.9116309907959785 0.9116309907959785 0.9116309907959785 0.9116309907959785 0.9116309907959785 0.9116309907959785 0.9116309907959785 0.9116309907959785 0.9116309907959785 0.9116309907959785 0.9116309907959785 0.9116309907959785 0.9095743563104128 0.9053191330705465 0.9010639098306727 0.8968086865908065 0.8925534633509401 0.8882982401110737 0.8840430168712073 0.879787793631341 0.8755325703914746 0.8712773471516083 0.8670221239117419 0.8627669006718756 0.8535709804597713 0.8390933434921011 0.8246157065244308 0.8101380695567358 0.7956604325890656 0.7811827956213954 0.7667051586537251 0.7522275216860548 0.7377498847183845 0.7232722477507143 0.7087946107830441 0.6943169738153738 0.6868366682965233
0.5741106627489809 0.636424289574401 0.6987379163998212 0.7610515432252413 0.8233651700506613 0.8856787968760815 0.9479924237015016 0.9801886285368782 0.9801886285368782 0.9801886285368782 0.9801886285368782 0.9801886285368782 0.9801886285368782 0.9801886285368782 0.9801886285368782 0.9801886285368782 0.9801886285368782 0.9801886285368782 0.9801886285368782 0.9760104594472838 0.9673657331554155 0.9587210068635325 0.9500762805716642 0.9414315542797959 0.9327868279879276 0.9241421016960591 0.9154973754041908 0.9068526491123226 0.8982079228204543 0.889563196528586 0.8809184702367177 0.8666292377295142 0.8463059004751563 0.8259825632207983 0.8056592259664057 0.7853358887120477 0.7650125514576899 0.7446892142033319 0.7243658769489739 0.7040425396946159 0.6837192024402581 0.6633958651859001 0.6430725279315421 0.6325718659682178
0.5968570956558743 0.666200560499987 0.7355440253440999 0.8048874901882126 0.8742309550323255 0.9435744198764384 1.012917884720551 1.0487462662777778 1.0487462662777778 1.0487462662777778 1.0487462662777778 1.0487462662777778 1.0487462662777778 1.0487462662777778 1.0487462662777778 1.0487462662777778 1.0487462662777778 1.0487462662777778 1.0487462662777778 1.0424465625841548 1.0294123332402845 1.016378103896392 1.0033438745525218 0.9903096452086515 0.9772754158647813 0.9642411865209111 0.9512069571770408 0.9381727278331706 0.9251384984893003 0.9121042691454301 0.8990700398015599 0.8796874949992571 0.8535184574582115 0.8273494199171658 0.8011803823760756 0.77501134483503 0.7488423072939844 0.7226732697529388 0.6965042322118931 0.6703351946708475 0.6441661571298019 0.6179971195887561 0.5918280820477105 0.5783070636399124
0.6196035285627676 0.6959768314255731 0.7723501342883785 0.848723437151184 0.9250967400139896 1.001470042876795 1.0778433457396006 1.1173039040186774 1.1173039040186774 1.1173039040186774 1.1173039040186774 1.1173039040186774 1.1173039040186774 1.1173039040186774 1.1173039040186774 1.1173039040186774 1.1173039040186774 1.1173039040186774 1.1173039040186774 1.1088826657210258 1.0914589333251536 1.0740352009292518 1.0566114685333794 1.0391877361375073 1.0217640037416351 1.004340271345763 0.9869165389498907 0.9694928065540185 0.9520690741581463 0.9346453417622742 0.917221609366402 0.8927457522690001 0.8607310144412668 0.8287162766135334 0.7967015387857455 0.7646868009580121 0.7326720631302788 0.7006573253025454 0.6686425874748122 0.6366278496470789 0.6046131118193455 0.5725983739916122 0.5405836361638788 0.5240422613116068
0.6423499614696804 0.7257531023511845 0.8091562432326886 0.8925593841141928 0.975962524995697 1.0593656658772013 1.1427688067587054 1.1858615417596354 1.1858615417596354 1.1858615417596354 1.1858615417596354 1.1858615417596354 1.1858615417596354 1.1858615417596354 1.1858615417596354 1.1858615417596354 1.1858615417596354 1.1858615417596354 1.1858615417596354 1.1753187688579534 1.1535055334100754 1.1316922979621604 1.1098790625142825 1.0880658270664048 1.0662525916185268 1.0444393561706489 1.0226261207227711 1.0008128852748932 0.9789996498270154 0.9571864143791375 0.9353731789312596 0.9058040095387541 0.8679435714243281 0.8300831333099021 0.7922226951954116 0.7543622570809856 0.7165018189665595 0.6786413808521335 0.6407809427377076 0.6029205046232815 0.5650600665088555 0.5271996283944296 0.48933919028000356 0.46977745898325507
0.6616163977009514 0.7431012728471094 0.8245861479932673 0.9060710231394253 0.9875558982855833 1.0690407734317413 1.1505256485778994 1.1926272540347744 1.1926272540347744 1.1926272540347744 1.1926272540347744 1.1926272540347744 1.1926272540347744 1.1926272540347744 1.1926272540347744 1.1926272540347744 1.1926272540347744 1.1926272540347744 1.1926272540347744 1.1811909184618936 1.1575288816487521 1.1338668448355704 1.110204808022429 1.0865427712092874 1.062880734396146 1.0392186975830047 1.0155566607698632 0.9918946239567218 0.9682325871435803 0.9445705503304389 0.9209085135172974 0.8896011689545792 0.8501208175733295 0.8106404661920796 0.7711601148107625 0.7316797634295128 0.692199412048263 0.6527190606670132 0.6132387092857634 0.5737583579045136 0.5342780065232638 0.49479765514201407 0.4553173037607643 0.43491859567167457
0.6771629368596835 0.7471645874322879 0.8171662380048922 0.8871678885774965 0.9571695391501008 1.0271711897227052 1.0971728402953094 1.133341293256077 1.133341293256077 1.133341293256077 1.133341293256077 1.133341293256077 1.133341293256077 1.133341293256077 1.133341293256077 1.133341293256077 1.133341293256077 1.133341293256077 1.133341293256077 1.122324019598708 1.0995290313614539 1.0767340431241608 1.0539390548869063 1.031144066649652 1.0083490784123976 0.9855540901751434 0.962759101937889 0.9399641137006347 0.9171691254633805 0.8943741372261261 0.8715791489888718 0.8421200593396998 0.8055368946286701 0.7689537299176401 0.732370565206548 0.695787400495518 0.6592042357844883 0.6226210710734583 0.5860379063624286 0.5494547416513986 0.5128715769403689 0.476288412229339 0.43970524751830914 0.42080345784807344
0.6927094760184157 0.7512279020174664 0.809746328016517 0.8682647540155677 0.9267831800146183 0.985301606013669 1.0438200320127198 1.0740553324773794 1.0740553324773794 1.0740553324773794 1.0740553324773794 1.0740553324773794 1.0740553324773794 1.0740553324773794 1.0740553324773794 1.0740553324773794 1.0740553324773794 1.0740553324773794 1.0740553324773794 1.0634571207355228 1.0415291810741556 1.0196012414127509 0.9976733017513838 0.9757453620900166 0.9538174224286494 0.9318894827672821 0.9099615431059149 0.8880336034445477 0.8661056637831805 0.8441777241218134 0.8222497844604462 0.7946389497248205 0.7609529716840105 0.7272669936432007 0.6935810156023333 0.6598950375615233 0.6262090595207135 0.5925230814799036 0.5588371034390938 0.5251511253982838 0.4914651473574739 0.45777916931666396 0.4240931912758541 0.4066883200244723
0.708256015177148 0.755291216602645 0.802326418028142 0.849361619453639 0.896396820879136 0.9434320223046331 0.9904672237301301 1.014769371698682 1.014769371698682 1.014769371698682 1.014769371698682 1.014769371698682 1.014769371698682 1.014769371698682 1.014769371698682 1.014769371698682 1.014769371698682 1.014769371698682 1.014769371698682 1.0045902218723375 0.9835293307868574 0.9624684397013414 0.9414075486158614 0.9203466575303813 0.8992857664449012 0.8782248753594211 0.8571639842739409 0.8361030931884609 0.8150422021029807 0.7939813110175007 0.7729204199320205 0.7471578401099411 0.7163690487393511 0.6855802573687612 0.6547914659981187 0.6240026746275287 0.5932138832569388 0.5624250918863488 0.5316363005157588 0.5008475091451688 0.4700587177745789 0.43926992640398893 0.408481135033399 0.3925731822008711
0.7238025543358801 0.7593545311878235 0.7949065080397668 0.8304584848917101 0.8660104617436535 0.9015624385955968 0.9371144154475401 0.9554834109199846 0.9554834109199846 0.9554834109199846 0.9554834109199846 0.9554834109199846 0.9554834109199846 0.9554834109199846 0.9554834109199846 0.9554834109199846 0.9554834109199846 0.9554834109199846 0.9554834109199846 0.9457233230091522 0.9255294804995592 0.9053356379899318 0.8851417954803388 0.8649479529707458 0.8447541104611528 0.8245602679515598 0.8043664254419668 0.7841725829323738 0.7639787404227808 0.7437848979131878 0.7235910554035948 0.6996767304950616 0.6717851257946916 0.6438935210943215 0.616001916393904 0.588110311693534 0.560218706993164 0.532327102292794 0.5044354975924239 0.4765438928920539 0.4486522881916839 0.4207606834913139 0.3928690787909439 0.37845804437727
0.7393490934946255 0.7634178457730054 0.7874865980513853 0.8115553503297652 0.8356241026081451 0.859692854886525 0.8837616071649049 0.8961974501412366 0.8961974501412366 0.8961974501412366 0.8961974501412366 0.8961974501412366 0.8961974501412366 0.8961974501412366 0.8961974501412366 0.8961974501412366 0.8961974501412366 0.8961974501412366 0.8961974501412366 0.8868564241459167 0.8675296302122116 0.8482028362784735 0.8288760423447683 0.8095492484110631 0.7902224544773581 0.7708956605436529 0.7515688666099477 0.7322420726762426 0.7129152787425375 0.6935884848088323 0.6742616908751271 0.6521956208801418 0.6272012028499941 0.6022067848198466 0.5772123667896564 0.5522179487595087 0.5272235307293611 0.5022291126992136 0.47723469466906593 0.4522402766389183 0.42724585860877073 0.4022514405786231 0.3772570225484755 0.3643429065536568
0.7548956326533577 0.7674811603581839 0.7800666880630102 0.7926522157678364 0.8052377434726626 0.8178232711774889 0.8304087988823151 0.8369114893625391 0.8369114893625391 0.8369114893625391 0.8369114893625391 0.8369114893625391 0.8369114893625391 0.8369114893625391 0.8369114893625391 0.8369114893625391 0.8369114893625391 0.8369114893625391 0.8369114893625391 0.8279895252827314 0.8095297799249133 0.7910700345670638 0.7726102892092458 0.7541505438514278 0.7356907984936097 0.7172310531357917 0.6987713077779736 0.6803115624201557 0.6618518170623375 0.6433920717045196 0.6249323263467015 0.6047145112652624 0.5826172799053347 0.560520048545407 0.5384228171854417 0.516325585825514 0.49422835446558644 0.47213112310565875 0.45003389174573105 0.4279366603858034 0.4058394290258758 0.3837421976659481 0.36164496630602044 0.3502277687300557
