Figures/CREST_Example_wjb_NSE/Rolling_result/20100722/BJP_forecast/ens_11/wjb.rain.20100724.asc
ncols            288
nrows            254
xllcorner        113.274861
yllcorner        31.4918055
cellsize         0.008333333333
NODATA_value     -9999
[rows 140 to 159 of 254, columns 0 to 44 of 288]
-9999.0 6.089110127308866 6.089110127308866 6.089110127308866 6.089110127308866 6.089110127308866 6.089110127308866 6.089110127308866 6.089110127308866 6.089110127308866 6.089110127308866 6.089110127308866 6.089110127308866 6.089110127308866 6.089110127308866 5.550987091245691 5.378308313564404 5.2056295358831175 5.03295075820183 4.860271980520543 4.687593202839256 4.5149144251579685 4.342235647476682 4.169556869795395 3.9968780921141076 3.8241993144328204 3.6515205367512387 3.5384309970195646 3.489043699274432 3.4396564015292985 3.3902691037841657 3.340881806039033 3.2914945082938996 3.2421072105487667 3.192719912803634 3.143332615058501 3.0939453173133677 3.044558019568235 2.995170721823102 2.974078856840081 2.9832354489680455 2.9923920410960103 3.0015486332239747 3.010705225351939 3.0198618174799035
-9999.0 -9999.0 6.089110127308866 6.089110127308866 6.089110127308866 6.089110127308866 6.089110127308866 6.089110127308866 6.089110127308866 6.089110127308866 6.089110127308866 6.089110127308866 6.089110127308866 6.089110127308866 6.089110127308866 5.939566725910813 5.754026833714774 5.568486941518735 5.382947049322696 5.197407157126657 5.011867264930618 4.826327372734579 4.64078748053854 4.455247588342502 4.269707696146463 4.0841678039504234 3.898627911754068 3.7765517446857246 3.7223197339543073 3.6680877232228895 3.613855712491472 3.5596237017600547 3.5053916910286373 3.45115968029722 3.3969276695658026 3.3426956588343852 3.288463648102968 3.2342316373715505 3.179999626640133 3.149067373508524 3.143043087835155 3.1370188021617866 3.130994516488418 3.124970230815049 3.1189459451416806
-9999.0 -9999.0 6.089110127308866 6.089110127308866 6.089110127308866 6.089110127308866 6.089110127308866 6.089110127308866 6.089110127308866 6.089110127308866 6.089110127308866 6.089110127308866 6.089110127308866 6.089110127308866 6.089110127308866 6.328146360575935 6.129745353865143 5.9313443471543525 5.732943340443562 5.534542333732771 5.336141327021981 5.13774032031119 4.9393393136003985 4.740938306889608 4.542537300178817 4.344136293468026 4.1457352867568975 4.014672492351885 3.9555957686341827 3.896519044916481 3.837442321198779 3.778365597481077 3.719288873763375 3.6602121500456732 3.6011354263279713 3.5420587026102694 3.4829819788925676 3.4239052551748657 3.3648285314571638 3.324055890176967 3.302850726702265 3.281645563227563 3.260440399752861 3.239235236278159 3.218030072803457
-9999.0 -9999.0 6.089110127308866 6.089110127308866 6.089110127308866 6.089110127308866 6.089110127308866 6.089110127308866 6.089110127308866 6.089110127308866 6.089110127308866 6.089110127308866 6.089110127308866 6.089110127308866 6.089110127308866 6.716725995241056 6.505463874015513 6.29420175278997 6.082939631564428 5.871677510338885 5.660415389113343 5.4491532678878 5.237891146662257 5.026629025436714 4.815366904211171 4.604104782985629 4.392842661759726 4.252793240018044 4.188871803314058 4.124950366610071 4.061028929906086 3.997107493202099 3.933186056498113 3.8692646197941265 3.80534318309014 3.7414217463861537 3.6775003096821677 3.6135788729781813 3.549657436274195 3.49904440684541 3.4626583655693746 3.4262723242933393 3.3898862830173044 3.353500241741269 3.317114200465234
-9999.0 -9999.0 6.089110127308866 6.089110127308866 6.089110127308866 6.089110127308866 6.089110127308866 6.089110127308866 6.089110127308866 6.089110127308866 6.089110127308866 6.089110127308866 6.089110127308866 6.089110127308866 6.089110127308866 7.105305629906508 6.881182394166203 6.657059158425897 6.432935922685592 6.208812686945286 5.98468945120498 5.760566215464675 5.53644297972437 5.312319743984064 5.088196508243758 4.864073272503454 4.639950036762766 4.490913987684407 4.422147837994133 4.353381688303857 4.284615538613583 4.215849388923308 4.147083239233033 4.078317089542758 4.009550939852483 3.9407847901622084 3.8720186404719334 3.8032524907816585 3.734486341091384 3.674032923514002 3.622466004436621 3.5708990853592395 3.519332166281858 3.467765247204477 3.4161983281270953
-9999.0 -9999.0 6.089110127308866 6.089110127308866 6.089110127308866 6.089110127308866 6.089110127308866 6.089110127308866 6.089110127308866 6.089110127308866 6.089110127308866 6.089110127308866 6.089110127308866 6.089110127308866 6.089110127308866 7.361285015416356 7.134797458339343 6.908309901262331 6.681822344185318 6.455334787108306 6.228847230031294 6.002359672954281 5.775872115877268 5.549384558800256 5.322897001723243 5.0964094446462305 4.869921887568832 4.720164616838345 4.6524337561900975 4.584702895541849 4.5169720348936 4.449241174245352 4.381510313597103 4.313779452948856 4.246048592300607 4.178317731652359 4.11058687100411 4.042856010355862 3.9751251497076137 3.9110616620574628 3.8509186790266146 3.790775695995767 3.7306327129649186 3.670489729934071 3.6103467469032227
6.089110127308866 6.089110127308866 6.089110127308866 6.089110127308866 6.089110127308866 6.089110127308866 6.089110127308866 6.089110127308866 6.089110127308866 6.089110127308866 6.089110127308866 6.089110127308866 6.089110127308866 6.089110127308866 6.089110127308866 7.475523093497377 7.2578916252891 7.040260157080823 6.8226286888725465 6.604997220664269 6.387365752455993 6.169734284247715 5.952102816039439 5.734471347831161 5.516839879622884 5.299208411414607 5.08157694320596 4.939933648461507 4.8795234283571585 4.819113208252811 4.758702988148463 4.698292768044115 4.637882547939767 4.577472327835419 4.517062107731071 4.456651887626723 4.396241667522375 4.335831447418027 4.275421227313679 4.214407486864027 4.152748569525655 4.091089652187284 4.029430734848913 3.9677718175105414 3.90611290017217
6.089110127308866 6.089110127308866 6.089110127308866 6.089110127308866 6.089110127308866 6.089110127308866 6.089110127308866 6.089110127308866 6.089110127308866 6.089110127308866 6.089110127308866 6.089110127308866 6.089110127308866 6.089110127308866 6.089110127308866 7.589761171578399 7.3809857922388575 7.172210412899316 6.963435033559774 6.754659654220233 6.545884274880692 6.337108895541149 6.128333516201608 5.919558136862066 5.710782757522525 5.502007378182983 5.293231998843085 5.159702680084667 5.1066131005242195 5.053523520963772 5.000433941403324 4.947344361842877 4.89425478228243 4.8411652027219825 4.788075623161535 4.734986043601087 4.68189646404064 4.628806884480192 4.575717304919745 4.517753311670591 4.454578460024696 4.391403608378802 4.328228756732907 4.265053905087012 4.201879053441118
-9999.0 6.089110127308866 6.089110127308866 6.089110127308866 6.089110127308866 6.089110127308866 6.089110127308866 6.089110127308866 6.089110127308866 6.089110127308866 6.089110127308866 6.089110127308866 6.089110127308866 6.089110127308866 6.089110127308866 7.703999249659421 7.504079959188615 7.304160668717809 7.104241378247003 6.904322087776197 6.70440279730539 6.504483506834584 6.304564216363778 6.104644925892972 5.9047256354221656 5.7048063449513595 5.504887054480212 5.379471711707828 5.333702772691281 5.287933833674734 5.242164894658187 5.19639595564164 5.1506270166250925 5.1048580776085455 5.0590891385919985 5.0133201995754515 4.9675512605589045 4.9217823215423575 4.8760133825258105 4.821099136477155 4.756408350523738 4.691717564570319 4.6270267786169015 4.562335992663483 4.497645206710065
-9999.0 6.089110127308866 6.089110127308866 6.089110127308866 6.089110127308866 6.089110127308866 6.089110127308866 6.089110127308866 6.089110127308866 6.089110127308866 6.089110127308866 6.089110127308866 6.089110127308866 6.089110127308866 6.089110127308866 7.818237327740442 7.627174126138371 7.436110924536301 7.24504772293423 7.0539845213321595 6.862921319730089 6.671858118128018 6.480794916525948 6.289731714923877 6.098668513321806 5.9076053117197365 5.71654211011734 5.59924074333099 5.560792444858343 5.522344146385697 5.4838958479130495 5.445447549440403 5.406999250967756 5.368550952495109 5.330102654022463 5.291654355549816 5.253206057077169 5.214757758604523 5.1763094601318755 5.12444496128372 5.058238241022778 4.992031520761837 4.925824800500896 4.8596180802399545 4.793411359979014
-9999.0 -9999.0 6.089110127308866 6.089110127308866 6.089110127308866 6.089110127308866 6.089110127308866 6.089110127308866 6.089110127308866 6.089110127308866 6.089110127308866 6.089110127308866 6.089110127308866 6.089110127308866 6.089110127308866 7.9324754058215605 7.750268293088233 7.568061180354905 7.385854067621578 7.20364695488825 7.021439842154923 6.839232729421596 6.6570256166882675 6.474818503954941 6.292611391221612 6.110404278488286 5.928197165754646 5.819009774954338 5.787882117025598 5.756754459096858 5.725626801168118 5.694499143239378 5.663371485310638 5.632243827381898 5.6011161694531575 5.569988511524418 5.538860853595677 5.507733195666938 5.476605537738197 5.427790786090543 5.360068131522077 5.292345476953611 5.224622822385145 5.156900167816679 5.089177513248213
-9999.0 -9999.0 -9999.0 -9999.0 -9999.0 -9999.0 6.089110127308866 6.089110127308866 6.089110127308866 6.089110127308866 6.089110127308866 6.089110127308866 6.089110127308866 6.089110127308866 6.089110127308866 8.046713483902582 7.87336246003799 7.700011436173398 7.5266604123088054 7.353309388444214 7.179958364579622 7.006607340715029 6.833256316850438 6.6599052929858455 6.486554269121253 6.313203245256661 6.139852221391774 6.038778806577499 6.014971789192659 5.99116477180782 5.96735775442298 5.94355073703814 5.919743719653301 5.895936702268461 5.872129684883621 5.848322667498782 5.824515650113942 5.800708632729102 5.776901615344263 5.731136610897107 5.661898022021118 5.592659433145129 5.52342084426914 5.4541822553931505 5.384943666517161
-9999.0 -9999.0 -9999.0 -9999.0 -9999.0 6.089110127308866 6.089110127308866 6.089110127308866 6.089110127308866 6.089110127308866 6.089110127308866 6.089110127308866 6.089110127308866 6.089110127308866 6.089110127308866 8.160951561983603 7.996456626987746 7.83196169199189 7.667466756996034 7.502971822000177 7.338476887004321 7.1739819520084644 7.009487017012607 6.844992082016751 6.680497147020894 6.516002212025038 6.351507277028901 6.25854783820066 6.242061461359721 6.225575084518781 6.209088707677843 6.192602330836904 6.176115953995964 6.159629577155025 6.143143200314086 6.126656823473147 6.110170446632208 6.093684069791268 6.077197692950329 6.034482435703673 5.963727912520159 5.892973389336647 5.822218866153134 5.751464342969622 5.680709819786109
-9999.0 -9999.0 -9999.0 -9999.0 6.089110127308866 6.089110127308866 6.089110127308866 6.089110127308866 6.089110127308866 6.089110127308866 6.089110127308866 6.089110127308866 6.089110127308866 6.089110127308866 6.089110127308866 8.275189640064625 8.119550793937503 7.963911947810383 7.808273101683262 7.652634255556141 7.49699540942902 7.341356563301899 7.185717717174777 7.030078871047657 6.874440024920535 6.718801178793414 6.563162332666027 6.478316869823821 6.469151133526783 6.459985397229744 6.450819660932705 6.441653924635666 6.432488188338628 6.423322452041589 6.41415671574455 6.404990979447511 6.3958252431504725 6.386659506853434 6.377493770556395 6.3378282605102365 6.265557803019201 6.193287345528165 6.121016888037129 6.0487464305460925 5.976475973055057
-9999.0 -9999.0 -9999.0 -9999.0 6.089110127308866 6.089110127308866 6.089110127308866 6.089110127308866 6.089110127308866 6.089110127308866 6.089110127308866 6.089110127308866 6.089110127308866 6.089110127308866 6.089110127308866 8.389427718145647 8.242644960887262 8.095862203628876 7.949079446370491 7.802296689112105 7.6555139318537195 7.508731174595334 7.361948417336948 7.215165660078562 7.068382902820177 6.921600145561791 6.7748173883031555 6.698085901446983 6.6962408056938445 6.694395709940706 6.692550614187567 6.690705518434429 6.688860422681291 6.687015326928153 6.685170231175014 6.6833251354218755 6.681480039668737 6.679634943915599 6.67778984816246 6.641174085316801 6.567387693518242 6.493601301719682 6.419814909921123 6.346028518122564 6.272242126324004
-9999.0 -9999.0 -9999.0 -9999.0 -9999.0 -9999.0 6.089110127308866 6.089110127308866 6.089110127308866 6.089110127308866 6.089110127308866 6.089110127308866 6.089110127308866 6.089110127308866 6.089110127308866 8.503665796226668 8.365739127837019 8.22781245944737 8.089885791057718 7.951959122668068 7.814032454278418 7.676105785888767 7.5381791174991175 7.400252449109467 7.2623257807198165 7.124399112330167 6.986472443940281 6.917854933070143 6.9233304778609055 6.928806022651667 6.934281567442429 6.939757112233192 6.945232657023953 6.950708201814716 6.956183746605477 6.96165929139624 6.967134836187002 6.9726103809777635 6.978085925768526 6.944519910123366 6.869217584017282 6.7939152579112 6.718612931805118 6.6433106056990345 6.568008279592952
-9999.0 -9999.0 -9999.0 -9999.0 -9999.0 -9999.0 -9999.0 -9999.0 6.089110127308866 6.089110127308866 6.089110127308866 6.089110127308866 6.089110127308866 6.089110127308866 6.089110127308866 8.61790387430769 8.488833294786776 8.35976271526586 8.230692135744945 8.101621556224032 7.972550976703117 7.843480397182202 7.714409817661287 7.585339238140373 7.456268658619458 7.327198079098543 7.198127499577408 7.137623964693304 7.150420150027967 7.1632163353626295 7.176012520697292 7.1888087060319545 7.201604891366617 7.21440107670128 7.227197262035942 7.239993447370604 7.252789632705267 7.265585818039929 7.278382003374591 7.24786573492993 7.171047474516324 7.094229214102718 7.017410953689112 6.940592693275506 6.8637744328618995
-9999.0 -9999.0 -9999.0 -9999.0 -9999.0 -9999.0 -9999.0 -9999.0 -9999.0 6.089110127308866 -9999.0 -9999.0 -9999.0 6.089110127308866 6.089110127308866 6.089110127308866 6.089110127308866 6.089110127308866 6.089110127308866 6.089110127308866 6.089110127308866 6.089110127308866 6.089110127308866 6.089110127308866 6.089110127308866 6.089110127308866 6.089110127308866 6.089110127308866 6.089110127308866 6.089110127308866 6.089110127308866 6.089110127308866 6.089110127308866 6.089110127308866 6.089110127308866 6.089110127308866 6.089110127308866 6.089110127308866 6.089110127308866 7.424638084436311 7.343253897737334 7.261869711038356 7.180485524339378 7.099101337640401 7.017717150941423
-9999.0 -9999.0 -9999.0 -9999.0 -9999.0 -9999.0 -9999.0 -9999.0 -9999.0 -9999.0 -9999.0 -9999.0 -9999.0 -9999.0 6.089110127308866 6.089110127308866 6.089110127308866 6.089110127308866 6.089110127308866 6.089110127308866 6.089110127308866 6.089110127308866 6.089110127308866 6.089110127308866 6.089110127308866 6.089110127308866 6.089110127308866 6.089110127308866 6.089110127308866 6.089110127308866 6.089110127308866 6.089110127308866 6.089110127308866 6.089110127308866 6.089110127308866 6.089110127308866 6.089110127308866 6.089110127308866 6.089110127308866 7.466111367585675 7.376901005437601 7.287690643289525 7.1984802811414506 7.109269918993375 7.0200595568453
-9999.0 -9999.0 -9999.0 -9999.0 -9999.0 -9999.0 -9999.0 -9999.0 -9999.0 -9999.0 -9999.0 -9999.0 -9999.0 -9999.0 -9999.0 -9999.0 6.089110127308866 6.089110127308866 6.089110127308866 6.089110127308866 6.089110127308866 6.089110127308866 6.089110127308866 6.089110127308866 6.089110127308866 6.089110127308866 6.089110127308866 6.089110127308866 6.089110127308866 6.089110127308866 6.089110127308866 6.089110127308866 6.089110127308866 6.089110127308866 6.089110127308866 6.089110127308866 6.089110127308866 6.089110127308866 6.089110127308866 7.50758465073504 7.410548113137867 7.313511575540695 7.216475037943522 7.11943850034635 7.022401962749177
