Figures/CREST_Example_wjb_NSE/Rolling_result/20100722/BJP_forecast/ens_38/wjb.rain.20100723.asc
ncols            288
nrows            254
xllcorner        113.274861
yllcorner        31.4918055
cellsize         0.008333333333
NODATA_value     -9999
[rows 230 to 252 of 254, columns 159 to 211 of 288]
0.06460851242755149 0.06460851242755149 0.06460851242755149 0.06460851242755149 0.06460851242755149 0.06460851242755149 0.06460851242755149 0.06460851242755149 0.06460851242755149 0.06460851242755149 0.06460851242755149 0.06460851242755149 0.06460851242755149 0.06460851242755149 0.06460851242755149 0.06460851242755149 0.06460851242755149 0.06460851242755149 0.06460851242755149 0.06460851242755149 0.06460851242755149 0.06460851242755149 0.06460851242755149 0.06460851242755149 0.06460851242755149 0.06460851242755149 0.06460851242755149 0.06460851242755149 0.06460851242755149 0.06460851242755149 0.06460851242755149 0.06460851242755149 0.06460851242755149 0.06460851242755149 0.06460851242755149 0.06460851242755149 0.00757331160723247 0.023242664684819864 0.03891201776240726 0.054581370839994654 0.07025072391758205 0.08592007699516944 0.10158943007275684 0.11725878315034423 0.13292813622793162 0.14859748930551903 0.1642668423831064 0.1799361954606938 0.1921124998043679 0.20055465600668249 0.20899681220898267 0.21743896841128288 0.22588112461358306
0.06460851242755149 0.06460851242755149 0.06460851242755149 0.06460851242755149 0.06460851242755149 0.06460851242755149 0.06460851242755149 0.06460851242755149 0.06460851242755149 0.06460851242755149 0.06460851242755149 0.06460851242755149 0.06460851242755149 0.06460851242755149 0.06460851242755149 0.06460851242755149 0.06460851242755149 0.06460851242755149 0.06460851242755149 0.06460851242755149 0.06460851242755149 0.06460851242755149 0.06460851242755149 0.06460851242755149 0.06460851242755149 0.06460851242755149 0.06460851242755149 0.06460851242755149 0.06460851242755149 0.06460851242755149 0.06460851242755149 0.06460851242755149 0.06460851242755149 0.06460851242755149 0.06460851242755149 0.06460851242755149 0.007812489664500599 0.023976707554486134 0.04014092544447167 0.0563051433344572 0.07246936122444274 0.08863357911442826 0.1047977970044138 0.12096201489439933 0.13712623278438488 0.1532904506743704 0.16945466856435593 0.18561888645434146 0.19749196714546882 0.20477772506612302 0.2120634829867648 0.21934924090740657 0.22663499882804833
0.06460851242755149 0.06460851242755149 0.06460851242755149 0.06460851242755149 0.06460851242755149 0.06460851242755149 0.06460851242755149 0.06460851242755149 0.06460851242755149 0.06460851242755149 0.06460851242755149 0.06460851242755149 0.06460851242755149 0.06460851242755149 0.06460851242755149 0.06460851242755149 0.06460851242755149 0.06460851242755149 0.06460851242755149 0.06460851242755149 0.06460851242755149 0.06460851242755149 0.06460851242755149 0.06460851242755149 0.06460851242755149 0.06460851242755149 0.06460851242755149 0.06460851242755149 0.06460851242755149 0.06460851242755149 0.06460851242755149 0.06460851242755149 0.06460851242755149 0.06460851242755149 0.06460851242755149 0.06460851242755149 0.008051667721768728 0.024710750424152397 0.04136983312653607 0.05802891582891974 0.07468799853130341 0.09134708123368708 0.10800616393607075 0.12466524663845442 0.14132432934083808 0.15798341204322175 0.17464249474560542 0.1913015774479891 0.20287143448656977 0.20900079412556355 0.21513015376454692 0.22125951340353026 0.22738887304251362
0.06460851242755149 0.06460851242755149 0.06460851242755149 0.06460851242755149 0.06460851242755149 0.06460851242755149 0.06460851242755149 0.06460851242755149 0.06460851242755149 0.06460851242755149 0.06460851242755149 0.06460851242755149 0.06460851242755149 0.06460851242755149 0.06460851242755149 0.06460851242755149 0.06460851242755149 0.06460851242755149 0.06460851242755149 0.06460851242755149 0.06460851242755149 0.06460851242755149 0.06460851242755149 0.06460851242755149 0.06460851242755149 0.06460851242755149 0.06460851242755149 0.06460851242755149 0.06460851242755149 0.06460851242755149 0.06460851242755149 0.06460851242755149 0.06460851242755149 0.06460851242755149 0.06460851242755149 0.06460851242755149 0.008290845779036958 0.025444793293818973 0.04259874080860099 0.059752688323383006 0.07690663583816502 0.09406058335294704 0.11121453086772905 0.12836847838251106 0.14552242589729308 0.1626763734120751 0.1798303209268571 0.19698426844163913 0.20825090182767297 0.21322386318500589 0.21819682454233033 0.22316978589965475 0.2281427472569792
0.06460851242755149 0.06460851242755149 0.06460851242755149 0.06460851242755149 0.06460851242755149 0.06460851242755149 0.06460851242755149 0.06460851242755149 0.06460851242755149 0.06460851242755149 0.06460851242755149 0.06460851242755149 0.06460851242755149 0.06460851242755149 0.06460851242755149 0.06460851242755149 0.06460851242755149 0.06460851242755149 0.06460851242755149 0.06460851242755149 0.06460851242755149 0.06460851242755149 0.06460851242755149 0.06460851242755149 0.06460851242755149 0.06460851242755149 0.06460851242755149 0.06460851242755149 0.06460851242755149 0.06460851242755149 0.06460851242755149 0.06460851242755149 0.06460851242755149 0.06460851242755149 0.06460851242755149 0.06460851242755149 0.008530023836305087 0.026178836163485243 0.043827648490665394 0.06147646081784555 0.07912527314502571 0.09677408547220585 0.11442289779938601 0.13207171012656616 0.1497205224537463 0.16736933478092647 0.18501814710810663 0.2026669594352868 0.21363036916877393 0.21744693224444644 0.22126349532011244 0.22508005839577847 0.22889662147144446
0.06460851242755149 0.06460851242755149 0.06460851242755149 0.06460851242755149 0.06460851242755149 0.06460851242755149 0.06460851242755149 0.06460851242755149 0.06460851242755149 0.06460851242755149 0.06460851242755149 0.06460851242755149 0.06460851242755149 0.06460851242755149 0.06460851242755149 0.06460851242755149 0.06460851242755149 0.06460851242755149 0.06460851242755149 0.06460851242755149 0.06460851242755149 0.06460851242755149 0.06460851242755149 0.06460851242755149 0.06460851242755149 0.06460851242755149 0.06460851242755149 0.06460851242755149 0.06460851242755149 0.06460851242755149 0.06460851242755149 0.06460851242755149 0.06460851242755149 0.06460851242755149 0.06460851242755149 0.06460851242755149 0.008769201893573218 0.02691287903315151 0.0450565561727298 0.06320023331230809 0.08134391045188638 0.09948758759146469 0.11763126473104298 0.13577494187062125 0.15391861901019957 0.17206229614977786 0.19020597328935615 0.20834965042893444 0.21900983650987485 0.22167000130388698 0.22433016609789455 0.22699033089190213 0.22965049568590973
0.06460851242755149 0.06460851242755149 0.06460851242755149 0.06460851242755149 0.06460851242755149 0.06460851242755149 0.06460851242755149 -9999.0 -9999.0 -9999.0 -9999.0 -9999.0 0.06460851242755149 0.06460851242755149 0.06460851242755149 0.06460851242755149 0.06460851242755149 0.06460851242755149 0.06460851242755149 0.06460851242755149 0.06460851242755149 0.06460851242755149 0.06460851242755149 0.06460851242755149 0.06460851242755149 0.06460851242755149 0.06460851242755149 0.06460851242755149 0.06460851242755149 0.06460851242755149 0.06460851242755149 0.06460851242755149 0.06460851242755149 0.06460851242755149 0.06460851242755149 0.06460851242755149 0.009008379950841448 0.027646921902818086 0.04628546385479472 0.06492400580677136 0.083562547758748 0.10220108971072464 0.12083963166270127 0.1394781736146779 0.15811671556665455 0.1767552575186312 0.19539379947060784 0.21403234142258445 0.22438930385097808 0.2258930703633293 0.22739683687567797 0.22890060338802665 0.2304043699003753
0.06460851242755149 0.06460851242755149 0.06460851242755149 0.06460851242755149 0.06460851242755149 0.06460851242755149 -9999.0 -9999.0 -9999.0 -9999.0 -9999.0 -9999.0 0.06460851242755149 0.06460851242755149 0.06460851242755149 0.06460851242755149 0.06460851242755149 0.06460851242755149 0.06460851242755149 0.06460851242755149 0.06460851242755149 0.06460851242755149 0.06460851242755149 0.06460851242755149 0.06460851242755149 0.06460851242755149 0.06460851242755149 0.06460851242755149 0.06460851242755149 0.06460851242755149 0.06460851242755149 0.06460851242755149 0.06460851242755149 0.06460851242755149 0.06460851242755149 0.06460851242755149 0.009247558008109577 0.028380964772484352 0.04751437153685913 0.0666477783012339 0.08578118506560868 0.10491459182998346 0.12404799859435824 0.143181405358733 0.16231481212310778 0.18144821888748255 0.20058162565185733 0.2197150324162321 0.22976877119207903 0.23011613942276984 0.2304635076534601 0.23081087588415033 0.23115824411484057
0.06460851242755149 0.06460851242755149 0.06460851242755149 0.06460851242755149 0.06460851242755149 -9999.0 -9999.0 -9999.0 -9999.0 -9999.0 -9999.0 -9999.0 -9999.0 0.06460851242755149 0.06460851242755149 0.06460851242755149 -9999.0 -9999.0 0.06460851242755149 0.06460851242755149 0.06460851242755149 0.06460851242755149 0.06460851242755149 0.06460851242755149 0.06460851242755149 0.06460851242755149 0.06460851242755149 0.06460851242755149 0.06460851242755149 0.06460851242755149 0.06460851242755149 0.06460851242755149 0.06460851242755149 0.06460851242755149 0.06460851242755149 0.06460851242755149 0.009486736065377706 0.029115007642150623 0.04874327921892354 0.06837155079569646 0.08799982237246937 0.10762809394924228 0.12725636552601519 0.14688463710278812 0.16651290867956103 0.18614118025633394 0.20576945183310685 0.22539772340987976 0.23514823853317998 0.2343392084822104 0.23353017843124224 0.23272114838027405 0.23191211832930586
0.06460851242755149 0.06460851242755149 0.06460851242755149 0.06460851242755149 -9999.0 -9999.0 -9999.0 -9999.0 -9999.0 -9999.0 -9999.0 -9999.0 -9999.0 -9999.0 -9999.0 -9999.0 -9999.0 -9999.0 -9999.0 -9999.0 -9999.0 -9999.0 -9999.0 -9999.0 0.06460851242755149 0.06460851242755149 0.06460851242755149 0.06460851242755149 0.06460851242755149 0.06460851242755149 0.06460851242755149 0.06460851242755149 0.06460851242755149 0.06460851242755149 0.06460851242755149 0.06460851242755149 0.009725914122645936 0.029849050511817198 0.04997218690098846 0.07009532329015972 0.09021845967933098 0.11034159606850225 0.1304647324576735 0.15058786884684477 0.170711005236016 0.19083414162518728 0.21095727801435854 0.2310804144035298 0.2405277058742832 0.23856227754165274 0.23659684920902566 0.23463142087639854 0.23266599254377143
0.06460851242755149 0.06460851242755149 0.06460851242755149 -9999.0 -9999.0 -9999.0 -9999.0 -9999.0 -9999.0 -9999.0 -9999.0 -9999.0 -9999.0 -9999.0 -9999.0 -9999.0 -9999.0 -9999.0 -9999.0 -9999.0 -9999.0 -9999.0 -9999.0 -9999.0 -9999.0 0.06460851242755149 0.06460851242755149 0.06460851242755149 0.06460851242755149 0.06460851242755149 0.06460851242755149 0.06460851242755149 0.06460851242755149 0.06460851242755149 0.06460851242755149 0.06460851242755149 0.009965092179914066 0.030583093381483465 0.051201094583052865 0.07181909578462227 0.09243709698619167 0.11305509818776106 0.13367309938933047 0.15429110059089987 0.17490910179246927 0.19552710299403867 0.21614510419560806 0.23676310539717746 0.24590717321538413 0.2427853466010933 0.23966351998680777 0.23654169337252223 0.2334198667582367
0.06460851242755149 0.06460851242755149 -9999.0 -9999.0 -9999.0 -9999.0 -9999.0 -9999.0 -9999.0 -9999.0 -9999.0 -9999.0 -9999.0 -9999.0 -9999.0 -9999.0 -9999.0 -9999.0 -9999.0 -9999.0 -9999.0 -9999.0 -9999.0 -9999.0 -9999.0 -9999.0 0.06460851242755149 0.06460851242755149 0.06460851242755149 0.06460851242755149 0.06460851242755149 0.06460851242755149 0.06460851242755149 0.06460851242755149 0.06460851242755149 0.06460851242755149 0.06460851242755149 0.06460851242755149 0.06460851242755149 0.06460851242755149 0.06460851242755149 0.06460851242755149 0.06460851242755149 0.06460851242755149 0.06460851242755149 0.06460851242755149 0.06460851242755149 0.06460851242755149 0.06460851242755149 0.06460851242755149 0.06460851242755149 0.06460851242755149 0.06460851242755149
0.06460851242755149 0.06460851242755149 -9999.0 -9999.0 -9999.0 -9999.0 -9999.0 -9999.0 -9999.0 -9999.0 -9999.0 -9999.0 -9999.0 -9999.0 -9999.0 -9999.0 -9999.0 -9999.0 -9999.0 -9999.0 -9999.0 -9999.0 -9999.0 -9999.0 -9999.0 -9999.0 0.06460851242755149 0.06460851242755149 0.06460851242755149 0.06460851242755149 0.06460851242755149 0.06460851242755149 0.06460851242755149 0.06460851242755149 0.06460851242755149 0.06460851242755149 0.06460851242755149 0.06460851242755149 0.06460851242755149 0.06460851242755149 0.06460851242755149 0.06460851242755149 0.06460851242755149 0.06460851242755149 0.06460851242755149 0.06460851242755149 0.06460851242755149 0.06460851242755149 0.06460851242755149 0.06460851242755149 0.06460851242755149 0.06460851242755149 0.06460851242755149
0.06460851242755149 0.06460851242755149 -9999.0 -9999.0 -9999.0 -9999.0 -9999.0 -9999.0 -9999.0 -9999.0 -9999.0 -9999.0 -9999.0 -9999.0 -9999.0 -9999.0 -9999.0 -9999.0 -9999.0 -9999.0 -9999.0 -9999.0 -9999.0 -9999.0 -9999.0 -9999.0 0.06460851242755149 0.06460851242755149 0.06460851242755149 0.06460851242755149 0.06460851242755149 0.06460851242755149 0.06460851242755149 0.06460851242755149 0.06460851242755149 0.06460851242755149 0.06460851242755149 0.06460851242755149 0.06460851242755149 0.06460851242755149 0.06460851242755149 0.06460851242755149 0.06460851242755149 0.06460851242755149 0.06460851242755149 0.06460851242755149 0.06460851242755149 0.06460851242755149 0.06460851242755149 0.06460851242755149 0.06460851242755149 0.06460851242755149 0.06460851242755149
0.06460851242755149 -9999.0 -9999.0 -9999.0 -9999.0 -9999.0 -9999.0 -9999.0 -9999.0 -9999.0 -9999.0 -9999.0 -9999.0 -9999.0 -9999.0 -9999.0 -9999.0 -9999.0 -9999.0 -9999.0 -9999.0 -9999.0 -9999.0 -9999.0 -9999.0 -9999.0 -9999.0 -9999.0 0.06460851242755149 0.06460851242755149 0.06460851242755149 0.06460851242755149 0.06460851242755149 0.06460851242755149 0.06460851242755149 0.06460851242755149 0.06460851242755149 0.06460851242755149 0.06460851242755149 0.06460851242755149 0.06460851242755149 0.06460851242755149 0.06460851242755149 0.06460851242755149 0.06460851242755149 0.06460851242755149 0.06460851242755149 0.06460851242755149 0.06460851242755149 0.06460851242755149 0.06460851242755149 0.06460851242755149 0.06460851242755149
0.06460851242755149 -9999.0 -9999.0 -9999.0 -9999.0 -9999.0 -9999.0 -9999.0 -9999.0 -9999.0 -9999.0 -9999.0 -9999.0 -9999.0 -9999.0 -9999.0 -9999.0 -9999.0 -9999.0 -9999.0 -9999.0 -9999.0 -9999.0 -9999.0 -9999.0 -9999.0 -9999.0 -9999.0 -9999.0 0.06460851242755149 0.06460851242755149 0.06460851242755149 0.06460851242755149 0.06460851242755149 0.06460851242755149 0.06460851242755149 0.06460851242755149 0.06460851242755149 0.06460851242755149 0.06460851242755149 0.06460851242755149 0.06460851242755149 0.06460851242755149 0.06460851242755149 0.06460851242755149 0.06460851242755149 0.06460851242755149 0.06460851242755149 0.06460851242755149 0.06460851242755149 0.06460851242755149 0.06460851242755149 0.06460851242755149
-9999.0 -9999.0 -9999.0 -9999.0 -9999.0 -9999.0 -9999.0 -9999.0 -9999.0 -9999.0 -9999.0 -9999.0 -9999.0 -9999.0 -9999.0 -9999.0 -9999.0 -9999.0 -9999.0 -9999.0 -9999.0 -9999.0 -9999.0 -9999.0 -9999.0 -9999.0 -9999.0 -9999.0 -9999.0 0.06460851242755149 0.06460851242755149 0.06460851242755149 0.06460851242755149 0.06460851242755149 0.06460851242755149 0.06460851242755149 0.06460851242755149 0.06460851242755149 0.06460851242755149 0.06460851242755149 0.06460851242755149 0.06460851242755149 0.06460851242755149 0.06460851242755149 0.06460851242755149 0.06460851242755149 0.06460851242755149 0.06460851242755149 0.06460851242755149 0.06460851242755149 0.06460851242755149 0.06460851242755149 0.06460851242755149
-9999.0 -9999.0 -9999.0 -9999.0 -9999.0 -9999.0 -9999.0 -9999.0 -9999.0 -9999.0 -9999.0 -9999.0 -9999.0 -9999.0 -9999.0 -9999.0 -9999.0 -9999.0 -9999.0 -9999.0 -9999.0 -9999.0 -9999.0 -9999.0 -9999.0 -9999.0 -9999.0 -9999.0 -9999.0 -9999.0 0.06460851242755149 0.06460851242755149 0.06460851242755149 0.06460851242755149 0.06460851242755149 0.06460851242755149 0.06460851242755149 0.06460851242755149 0.06460851242755149 0.06460851242755149 0.06460851242755149 0.06460851242755149 0.06460851242755149 0.06460851242755149 0.06460851242755149 0.06460851242755149 0.06460851242755149 0.06460851242755149 0.06460851242755149 0.06460851242755149 0.06460851242755149 0.06460851242755149 0.06460851242755149
-9999.0 -9999.0 -9999.0 -9999.0 -9999.0 -9999.0 -9999.0 -9999.0 -9999.0 -9999.0 -9999.0 -9999.0 -9999.0 -9999.0 -9999.0 -9999.0 -9999.0 -9999.0 -9999.0 -9999.0 -9999.0 -9999.0 -9999.0 -9999.0 -9999.0 -9999.0 -9999.0 -9999.0 -9999.0 -9999.0 -9999.0 0.06460851242755149 0.06460851242755149 0.06460851242755149 0.06460851242755149 0.06460851242755149 0.06460851242755149 0.06460851242755149 0.06460851242755149 0.06460851242755149 0.06460851242755149 0.06460851242755149 0.06460851242755149 0.06460851242755149 0.06460851242755149 0.06460851242755149 0.06460851242755149 0.06460851242755149 0.06460851242755149 0.06460851242755149 0.06460851242755149 0.06460851242755149 -9999.0
-9999.0 -9999.0 -9999.0 -9999.0 -9999.0 -9999.0 -9999.0 -9999.0 -9999.0 -9999.0 -9999.0 -9999.0 -9999.0 -9999.0 -9999.0 -9999.0 -9999.0 -9999.0 -9999.0 -9999.0 -9999.0 -9999.0 -9999.0 -9999.0 -9999.0 -9999.0 -9999.0 -9999.0 -9999.0 -9999.0 -9999.0 0.06460851242755149 0.06460851242755149 0.06460851242755149 0.06460851242755149 0.06460851242755149 0.06460851242755149 0.06460851242755149 0.06460851242755149 0.06460851242755149 0.06460851242755149 0.06460851242755149 0.06460851242755149 0.06460851242755149 0.06460851242755149 0.06460851242755149 0.06460851242755149 0.06460851242755149 0.06460851242755149 0.06460851242755149 -9999.0 -9999.0 -9999.0
-9999.0 -9999.0 -9999.0 -9999.0 -9999.0 -9999.0 -9999.0 -9999.0 -9999.0 -9999.0 -9999.0 -9999.0 -9999.0 -9999.0 -9999.0 -9999.0 -9999.0 -9999.0 -9999.0 -9999.0 -9999.0 -9999.0 -9999.0 -9999.0 -9999.0 -9999.0 -9999.0 -9999.0 -9999.0 -9999.0 0.06460851242755149 0.06460851242755149 0.06460851242755149 0.06460851242755149 0.06460851242755149 0.06460851242755149 0.06460851242755149 0.06460851242755149 0.06460851242755149 0.06460851242755149 0.06460851242755149 0.06460851242755149 0.06460851242755149 0.06460851242755149 0.06460851242755149 0.06460851242755149 0.06460851242755149 0.06460851242755149 0.06460851242755149 -9999.0 -9999.0 -9999.0 -9999.0
-9999.0 -9999.0 -9999.0 -9999.0 -9999.0 -9999.0 -9999.0 -9999.0 -9999.0 -9999.0 -9999.0 -9999.0 -9999.0 -9999.0 -9999.0 -9999.0 -9999.0 -9999.0 -9999.0 -9999.0 -9999.0 -9999.0 -9999.0 -9999.0 -9999.0 -9999.0 -9999.0 -9999.0 -9999.0 -9999.0 0.06460851242755149 0.06460851242755149 0.06460851242755149 0.06460851242755149 0.06460851242755149 0.06460851242755149 0.06460851242755149 0.06460851242755149 0.06460851242755149 0.06460851242755149 0.06460851242755149 0.06460851242755149 0.06460851242755149 0.06460851242755149 0.06460851242755149 0.06460851242755149 -9999.0 -9999.0 -9999.0 -9999.0 -9999.0 -9999.0 -9999.0
-9999.0 -9999.0 -9999.0 -9999.0 -9999.0 -9999.0 -9999.0 -9999.0 -9999.0 -9999.0 -9999.0 -9999.0 -9999.0 -9999.0 -9999.0 -9999.0 -9999.0 -9999.0 -9999.0 -9999.0 -9999.0 -9999.0 -9999.0 -9999.0 -9999.0 -9999.0 -9999.0 -9999.0 -9999.0 -9999.0 -9999.0 0.06460851242755149 0.06460851242755149 0.06460851242755149 0.06460851242755149 0.06460851242755149 0.06460851242755149 0.06460851242755149 0.06460851242755149 0.06460851242755149 0.06460851242755149 0.06460851242755149 0.06460851242755149 0.06460851242755149 -9999.0 -9999.0 -9999.0 -9999.0 -9999.0 -9999.0 -9999.0 -9999.0 -9999.0
