Figures/CREST_Example_wjb_NSE/Rolling_result/20100722/BJP_forecast/ens_38/wjb.rain.20100724.asc
ncols            288
nrows            254
xllcorner        113.274861
yllcorner        31.4918055
cellsize         0.008333333333
NODATA_value     -9999
[rows 115 to 137 of 254, columns 0 to 51 of 288]
-9999.0 -9999.0 -9999.0 -9999.0 -9999.0 -9999.0 -9999.0 -9999.0 -9999.0 -9999.0 -9999.0 -9999.0 -9999.0 -9999.0 -9999.0 -9999.0 -9999.0 -9999.0 -9999.0 -9999.0 -9999.0 -9999.0 -9999.0 -9999.0 -9999.0 -9999.0 -9999.0 -9999.0 -9999.0 -9999.0 -9999.0 -9999.0 0.20911292038776547 0.20911292038776547 0.20911292038776547 0.20911292038776547 0.20911292038776547 0.20911292038776547 0.20911292038776547 0.03448126775692658 0.10582379003646881 0.17716631231601104 0.24850883459555329 0.3198513568750955 0.3911938791546377 0.46253640143417996 0.5338789237137223 0.6052214459932644 0.6765639682728066 0.7479064905523489 0.8192490128318911 0.8633376331756832
-9999.0 -9999.0 -9999.0 -9999.0 -9999.0 -9999.0 -9999.0 -9999.0 -9999.0 -9999.0 -9999.0 -9999.0 -9999.0 -9999.0 -9999.0 -9999.0 -9999.0 -9999.0 -9999.0 -9999.0 -9999.0 -9999.0 -9999.0 -9999.0 -9999.0 -9999.0 -9999.0 -9999.0 -9999.0 -9999.0 -9999.0 -9999.0 0.20911292038776547 0.20911292038776547 0.20911292038776547 0.20911292038776547 0.20911292038776547 0.20911292038776547 0.20911292038776547 0.03979970975226827 0.1221462087190916 0.20449270768591493 0.28683920665273827 0.3691857056195616 0.45153220458638493 0.5338787035532082 0.6162252025200315 0.6985717014868549 0.7809182004536782 0.8632646994205015 0.9456111983873249 0.9965001130708167
-9999.0 -9999.0 -9999.0 -9999.0 -9999.0 -9999.0 -9999.0 -9999.0 -9999.0 -9999.0 -9999.0 -9999.0 -9999.0 -9999.0 -9999.0 -9999.0 -9999.0 -9999.0 -9999.0 -9999.0 -9999.0 -9999.0 -9999.0 -9999.0 -9999.0 -9999.0 -9999.0 -9999.0 -9999.0 -9999.0 -9999.0 -9999.0 0.20911292038776547 0.20911292038776547 0.20911292038776547 0.20911292038776547 0.20911292038776547 0.20911292038776547 0.20911292038776547 0.04511815174760995 0.13846862740171437 0.2318191030558188 0.3251695787099232 0.4185200543640276 0.511870530018132 0.6052210056722365 0.6985714813263408 0.7919219569804453 0.8852724326345497 0.9786229082886542 1.0719733839427585 1.12966259296595
-9999.0 -9999.0 -9999.0 -9999.0 -9999.0 -9999.0 -9999.0 -9999.0 -9999.0 -9999.0 -9999.0 -9999.0 -9999.0 -9999.0 -9999.0 0.20911292038776547 0.20911292038776547 0.20911292038776547 -9999.0 -9999.0 -9999.0 -9999.0 -9999.0 -9999.0 -9999.0 -9999.0 -9999.0 -9999.0 -9999.0 -9999.0 0.20911292038776547 0.20911292038776547 0.20911292038776547 0.20911292038776547 0.20911292038776547 0.20911292038776547 0.20911292038776547 0.20911292038776547 0.20911292038776547 0.050436593742956164 0.15479104608435104 0.2591454984257459 0.36349995076714076 0.46785440310853565 0.5722088554499305 0.6765633077913253 0.7809177601327203 0.8852722124741151 0.98962666481551 1.093981117156905 1.1983355694982998 1.262825072861197
-9999.0 -9999.0 -9999.0 -9999.0 -9999.0 -9999.0 -9999.0 -9999.0 -9999.0 -9999.0 -9999.0 -9999.0 -9999.0 0.20911292038776547 0.20911292038776547 0.20911292038776547 0.20911292038776547 0.20911292038776547 -9999.0 -9999.0 -9999.0 -9999.0 -9999.0 -9999.0 -9999.0 -9999.0 -9999.0 -9999.0 -9999.0 0.20911292038776547 0.20911292038776547 0.20911292038776547 0.20911292038776547 0.20911292038776547 0.20911292038776547 0.20911292038776547 0.20911292038776547 0.20911292038776547 0.20911292038776547 0.05575503573829786 0.17111346476697384 0.28647189379564986 0.4018303228243258 0.5171887518530018 0.6325471808816778 0.7479056099103538 0.8632640389390298 0.9786224679677058 1.0939808969963818 1.2093393260250578 1.3246977550537338 1.3959875527563304
-9999.0 -9999.0 -9999.0 -9999.0 -9999.0 -9999.0 -9999.0 -9999.0 -9999.0 -9999.0 -9999.0 -9999.0 -9999.0 0.20911292038776547 0.20911292038776547 0.20911292038776547 0.20911292038776547 0.20911292038776547 -9999.0 -9999.0 -9999.0 -9999.0 -9999.0 -9999.0 -9999.0 -9999.0 -9999.0 -9999.0 -9999.0 0.20911292038776547 0.20911292038776547 0.20911292038776547 0.20911292038776547 0.20911292038776547 0.20911292038776547 0.20911292038776547 0.20911292038776547 0.20911292038776547 0.20911292038776547 0.06107347773363953 0.18743588344959658 0.31379828916555363 0.4401606948815107 0.5665231005974678 0.6928855063134248 0.8192479120293819 0.9456103177453389 1.071972723461296 1.198335129177253 1.3246975348932102 1.451059940609167 1.5291500326514638
-9999.0 -9999.0 -9999.0 -9999.0 -9999.0 -9999.0 -9999.0 -9999.0 -9999.0 -9999.0 -9999.0 -9999.0 0.20911292038776547 0.20911292038776547 0.20911292038776547 0.20911292038776547 0.20911292038776547 0.20911292038776547 0.20911292038776547 -9999.0 -9999.0 -9999.0 -9999.0 -9999.0 -9999.0 -9999.0 -9999.0 -9999.0 -9999.0 -9999.0 0.20911292038776547 0.20911292038776547 0.20911292038776547 0.20911292038776547 0.20911292038776547 0.20911292038776547 0.20911292038776547 0.20911292038776547 0.20911292038776547 0.06306680736164541 0.19355345712799457 0.3240401068943437 0.45452675666069287 0.585013406427042 0.7155000561933912 0.8459867059597402 0.9764733557260894 1.1069600054924387 1.2374466552587877 1.3679333050251368 1.498419954791486 1.5786573604862313
-9999.0 -9999.0 -9999.0 -9999.0 -9999.0 -9999.0 -9999.0 -9999.0 -9999.0 -9999.0 -9999.0 -9999.0 0.20911292038776547 0.20911292038776547 0.20911292038776547 0.20911292038776547 0.20911292038776547 0.20911292038776547 0.20911292038776547 0.20911292038776547 0.20911292038776547 -9999.0 -9999.0 -9999.0 -9999.0 -9999.0 -9999.0 -9999.0 -9999.0 0.20911292038776547 0.20911292038776547 0.20911292038776547 0.20911292038776547 0.20911292038776547 0.20911292038776547 0.20911292038776547 0.20911292038776547 0.20911292038776547 0.20911292038776547 0.061505801492664 0.18876269483673278 0.31601958818080156 0.4432764815248703 0.5705333748689391 0.6977902682130079 0.8250471615570767 0.9523040549011454 1.0795609482452142 1.206817841589283 1.3340747349333517 1.4613316282774205 1.5387426046058956
-9999.0 -9999.0 -9999.0 -9999.0 -9999.0 -9999.0 -9999.0 -9999.0 -9999.0 -9999.0 -9999.0 -9999.0 0.20911292038776547 0.20911292038776547 0.20911292038776547 0.20911292038776547 0.20911292038776547 0.20911292038776547 0.20911292038776547 0.20911292038776547 0.20911292038776547 -9999.0 -9999.0 0.20911292038776547 -9999.0 -9999.0 -9999.0 -9999.0 -9999.0 0.20911292038776547 0.20911292038776547 0.20911292038776547 0.20911292038776547 0.20911292038776547 0.20911292038776547 0.20911292038776547 0.20911292038776547 0.20911292038776547 0.20911292038776547 0.05994479562368258 0.18397193254547098 0.30799906946725936 0.43202620638904776 0.5560533433108361 0.6800804802326246 0.8041076171544129 0.9281347540762014 1.0521618909979897 1.1761890279197782 1.3002161648415664 1.424243301763355 1.49882784872556
-9999.0 -9999.0 -9999.0 -9999.0 -9999.0 -9999.0 -9999.0 -9999.0 -9999.0 -9999.0 -9999.0 -9999.0 0.20911292038776547 0.20911292038776547 0.20911292038776547 0.20911292038776547 0.20911292038776547 0.20911292038776547 0.20911292038776547 0.20911292038776547 0.20911292038776547 0.20911292038776547 0.20911292038776547 0.20911292038776547 0.20911292038776547 0.20911292038776547 -9999.0 -9999.0 0.20911292038776547 0.20911292038776547 0.20911292038776547 0.20911292038776547 0.20911292038776547 0.20911292038776547 0.20911292038776547 0.20911292038776547 0.20911292038776547 0.20911292038776547 0.20911292038776547 0.05838378975469982 0.17918117025420507 0.2999785507537103 0.42077593125321555 0.5415733117527208 0.662370692252226 0.7831680727517313 0.9039654532512366 1.0247628337507417 1.145560214250247 1.2663575947497523 1.3871549752492576 1.45891309284519
-9999.0 -9999.0 -9999.0 -9999.0 -9999.0 -9999.0 -9999.0 -9999.0 -9999.0 -9999.0 -9999.0 0.20911292038776547 0.20911292038776547 0.20911292038776547 0.20911292038776547 0.20911292038776547 0.20911292038776547 0.20911292038776547 0.20911292038776547 0.20911292038776547 0.20911292038776547 0.20911292038776547 0.20911292038776547 0.20911292038776547 0.20911292038776547 0.20911292038776547 0.20911292038776547 0.20911292038776547 0.20911292038776547 0.20911292038776547 0.20911292038776547 0.20911292038776547 0.20911292038776547 0.20911292038776547 0.20911292038776547 0.20911292038776547 0.20911292038776547 0.20911292038776547 0.20911292038776547 0.05682278388571841 0.17439040796294328 0.2919580320401682 0.40952565611739306 0.5270932801946179 0.6446609042718427 0.7622285283490676 0.8797961524262925 0.9973637765035174 1.1149314005807422 1.2324990246579672 1.350066648735192 1.4189983369648544
-9999.0 -9999.0 -9999.0 -9999.0 -9999.0 -9999.0 -9999.0 -9999.0 -9999.0 -9999.0 -9999.0 0.20911292038776547 0.20911292038776547 0.20911292038776547 0.20911292038776547 0.20911292038776547 0.20911292038776547 0.20911292038776547 0.20911292038776547 0.20911292038776547 0.20911292038776547 0.20911292038776547 0.20911292038776547 0.20911292038776547 0.20911292038776547 0.20911292038776547 0.20911292038776547 0.20911292038776547 0.20911292038776547 0.20911292038776547 0.20911292038776547 0.20911292038776547 0.20911292038776547 0.20911292038776547 0.20911292038776547 0.20911292038776547 0.20911292038776547 0.20911292038776547 0.20911292038776547 0.05526177801673699 0.16959964567168148 0.283937513326626 0.39827538098157045 0.5126132486365149 0.6269511162914595 0.741288983946404 0.8556268516013484 0.9699647192562929 1.0843025869112375 1.198640454566182 1.3129783222211264 1.3790835810845188
-9999.0 -9999.0 -9999.0 -9999.0 -9999.0 -9999.0 -9999.0 -9999.0 -9999.0 -9999.0 -9999.0 0.20911292038776547 0.20911292038776547 0.20911292038776547 0.20911292038776547 0.20911292038776547 0.20911292038776547 0.20911292038776547 0.20911292038776547 0.20911292038776547 0.20911292038776547 0.20911292038776547 0.20911292038776547 0.20911292038776547 0.20911292038776547 0.20911292038776547 0.20911292038776547 0.20911292038776547 0.20911292038776547 0.20911292038776547 0.20911292038776547 0.20911292038776547 0.20911292038776547 0.20911292038776547 0.20911292038776547 0.20911292038776547 0.20911292038776547 0.20911292038776547 0.20911292038776547 0.05370077214775558 0.1648088833804197 0.27591699461308383 0.38702510584574795 0.49813321707841207 0.6092413283110762 0.7203494395437403 0.8314575507764045 0.9425656620090686 1.0536737732417327 1.164781884474397 1.2758899957070609 1.3391688252041831
-9999.0 -9999.0 -9999.0 -9999.0 -9999.0 -9999.0 -9999.0 -9999.0 -9999.0 -9999.0 -9999.0 0.20911292038776547 0.20911292038776547 0.20911292038776547 0.20911292038776547 0.20911292038776547 0.20911292038776547 0.20911292038776547 0.20911292038776547 0.20911292038776547 0.20911292038776547 0.20911292038776547 0.20911292038776547 0.20911292038776547 0.20911292038776547 0.20911292038776547 0.20911292038776547 0.20911292038776547 0.20911292038776547 0.20911292038776547 0.20911292038776547 0.20911292038776547 0.20911292038776547 0.20911292038776547 0.20911292038776547 0.20911292038776547 0.20911292038776547 0.20911292038776547 0.20911292038776547 0.05213976627877417 0.16001812108915792 0.2678964758995417 0.37577483070992546 0.48365318552030917 0.5915315403306929 0.6994098951410767 0.8072882499514604 0.9151666047618442 1.023044959572228 1.1309233143826116 1.2388016691929955 1.2992540693238475
-9999.0 -9999.0 -9999.0 -9999.0 -9999.0 -9999.0 -9999.0 -9999.0 -9999.0 -9999.0 0.20911292038776547 0.20911292038776547 0.20911292038776547 0.20911292038776547 0.20911292038776547 0.20911292038776547 0.20911292038776547 0.20911292038776547 0.20911292038776547 0.20911292038776547 0.20911292038776547 0.20911292038776547 0.20911292038776547 0.20911292038776547 0.20911292038776547 0.20911292038776547 0.20911292038776547 0.20911292038776547 0.20911292038776547 0.20911292038776547 0.20911292038776547 0.20911292038776547 0.20911292038776547 0.20911292038776547 0.20911292038776547 0.20911292038776547 0.20911292038776547 0.20911292038776547 0.20911292038776547 0.05057876040979275 0.15522735879789612 0.2598759571859995 0.36452455557410285 0.4691731539622062 0.5738217523503096 0.678470350738413 0.7831189491265164 0.8877675475146197 0.9924161459027231 1.0970647442908266 1.20171334267893 1.2593393134435118
-9999.0 -9999.0 -9999.0 -9999.0 -9999.0 -9999.0 -9999.0 -9999.0 -9999.0 0.20911292038776547 0.20911292038776547 0.20911292038776547 0.20911292038776547 0.20911292038776547 0.20911292038776547 0.20911292038776547 0.20911292038776547 0.20911292038776547 0.20911292038776547 0.20911292038776547 0.20911292038776547 0.20911292038776547 0.20911292038776547 0.20911292038776547 0.20911292038776547 0.20911292038776547 0.20911292038776547 0.20911292038776547 0.20911292038776547 0.20911292038776547 0.20911292038776547 0.20911292038776547 0.20911292038776547 0.20911292038776547 0.20911292038776547 0.20911292038776547 0.20911292038776547 0.20911292038776547 0.20911292038776547 0.04901775454081134 0.15043659650663432 0.25185543847245734 0.35327428043828035 0.45469312240410337 0.5561119643699264 0.6575308063357493 0.7589496483015723 0.8603684902673954 0.9617873322332183 1.0632061741990413 1.1646250161648644 1.2194245575631761
-9999.0 -9999.0 -9999.0 -9999.0 -9999.0 -9999.0 -9999.0 0.20911292038776547 0.20911292038776547 0.20911292038776547 0.20911292038776547 0.20911292038776547 0.20911292038776547 0.20911292038776547 0.20911292038776547 0.20911292038776547 0.20911292038776547 0.20911292038776547 0.20911292038776547 0.20911292038776547 0.20911292038776547 0.20911292038776547 0.20911292038776547 0.20911292038776547 0.20911292038776547 0.20911292038776547 0.20911292038776547 0.20911292038776547 0.20911292038776547 0.20911292038776547 0.20911292038776547 0.20911292038776547 0.20911292038776547 0.20911292038776547 0.20911292038776547 0.20911292038776547 0.20911292038776547 0.20911292038776547 0.20911292038776547 0.047456748671828586 0.14564583421536845 0.2438349197589083 0.3420240053024482 0.44021309084598803 0.5384021763895279 0.6365912619330678 0.7347803474766077 0.8329694330201475 0.9311585185636874 1.0293476041072271 1.127536689650767 1.1795098016828065
-9999.0 -9999.0 -9999.0 -9999.0 -9999.0 -9999.0 0.20911292038776547 0.20911292038776547 0.20911292038776547 0.20911292038776547 0.20911292038776547 0.20911292038776547 0.20911292038776547 0.20911292038776547 0.20911292038776547 0.20911292038776547 0.20911292038776547 0.20911292038776547 0.20911292038776547 0.20911292038776547 0.20911292038776547 0.20911292038776547 0.20911292038776547 0.20911292038776547 0.20911292038776547 0.20911292038776547 0.20911292038776547 0.20911292038776547 0.20911292038776547 0.20911292038776547 0.20911292038776547 0.20911292038776547 0.20911292038776547 0.20911292038776547 0.20911292038776547 0.20911292038776547 0.20911292038776547 0.20911292038776547 0.20911292038776547 0.04589574280284717 0.14085507192410668 0.23581440104536616 0.33077373016662565 0.4257330592878852 0.5206923884091447 0.6156517175304042 0.7106110466516636 0.8055703757729231 0.9005297048941826 0.9954890340154422 1.0904483631367017 1.1395950458024708
-9999.0 -9999.0 -9999.0 0.20911292038776547 0.20911292038776547 -9999.0 0.20911292038776547 0.20911292038776547 0.20911292038776547 0.20911292038776547 0.20911292038776547 0.20911292038776547 0.20911292038776547 0.20911292038776547 0.20911292038776547 0.19901657770036535 0.19330406351246915 0.18759154932457292 0.18187903513667672 0.1761665209487805 0.1704540067608843 0.1647414925729881 0.15902897838509186 0.15331646419719566 0.14760395000929943 0.14189143582140323 0.13617892163349726 0.12844909571742563 0.11856271797601971 0.10867634023461377 0.09878996249320782 0.08890358475180188 0.07901720701039594 0.06913082926899002 0.05924445152758408 0.04935807378617814 0.0394716960447722 0.029585318303366262 0.019698940561960324 0.057448392034816616 0.14612162152657263 0.23479485101832862 0.32346808051008463 0.4121413100018406 0.5008145394935967 0.5894877689853526 0.6781609984771086 0.7668342279688647 0.8555074574606206 0.9441806869523767 1.0328539164441328 1.0780032138709608
-9999.0 -9999.0 -9999.0 0.20911292038776547 0.20911292038776547 0.20911292038776547 0.20911292038776547 0.20911292038776547 0.20911292038776547 0.20911292038776547 0.20911292038776547 0.20911292038776547 0.20911292038776547 0.20911292038776547 0.20911292038776547 0.1843851961242691 0.18465031681846966 0.18491543751267023 0.18518055820687077 0.18544567890107133 0.1857107995952719 0.18597592028947246 0.18624104098367303 0.18650616167787357 0.18677128237207413 0.1870364030662747 0.1873015237604757 0.18169263235447725 0.1698042892703896 0.15791594618630195 0.1460276031022143 0.13413926001812668 0.12225091693403903 0.11036257384995138 0.09847423076586374 0.0865858876817761 0.07469754459768845 0.06280920151360081 0.05092085842951316 0.08301871187787069 0.16213880352511228 0.24125889517235385 0.3203789868195954 0.399499078466837 0.4786191701140786 0.5577392617613202 0.6368593534085618 0.7159794450558034 0.7950995367030449 0.8742196283502865 0.9533397199975281 0.9932399541752145
-9999.0 -9999.0 -9999.0 0.20911292038776547 0.20911292038776547 0.20911292038776547 0.20911292038776547 0.20911292038776547 0.20911292038776547 0.20911292038776547 0.20911292038776547 0.20911292038776547 0.20911292038776547 0.20911292038776547 0.20911292038776547 0.16975381454817282 0.17599657012447015 0.18223932570076748 0.18848208127706484 0.19472483685336217 0.2009675924296595 0.20721034800595683 0.21345310358225417 0.2196958591585515 0.22593861473484883 0.23218137031114616 0.23842412588745415 0.23493616899152883 0.2210458605647595 0.20715555213799014 0.19326524371122078 0.17937493528445145 0.1654846268576821 0.15159431843091276 0.1377040100041434 0.12381370157737404 0.10992339315060468 0.09603308472383534 0.08214277629706598 0.10858903172092477 0.17815598552365192 0.2477229393263791 0.31728989312910627 0.3868568469318334 0.45642380073456057 0.5259907545372877 0.5955577083400149 0.665124662142742 0.7346916159454692 0.8042585697481963 0.8738255235509236 0.9084766944794682
-9999.0 -9999.0 -9999.0 0.20911292038776547 0.20911292038776547 0.20911292038776547 0.20911292038776547 0.20911292038776547 0.20911292038776547 0.20911292038776547 0.20911292038776547 0.20911292038776547 0.20911292038776547 0.20911292038776547 0.20911292038776547 0.15512243297207656 0.1673428234304707 0.1795632138888648 0.1917836043472589 0.204003994805653 0.21622438526404714 0.22844477572244126 0.24066516618083536 0.25288555663922946 0.2651059470976236 0.2773263375560177 0.28954672801443265 0.2881797056285805 0.2722874318591294 0.2563951580896784 0.24050288432022732 0.22461061055077625 0.20871833678132518 0.19282606301187413 0.17693378924242306 0.16104151547297202 0.14514924170352095 0.12925696793406988 0.11336469416461883 0.13415935156397885 0.19417316752219158 0.2541869834804043 0.314200799438617 0.37421461539682976 0.43422843135504247 0.4942422473132552 0.5542560632714679 0.6142698792296807 0.6742836951878934 0.7342975111461061 0.7943113271043188 0.8237134347837218
-9999.0 -9999.0 -9999.0 0.20911292038776547 0.20911292038776547 0.20911292038776547 0.20911292038776547 0.20911292038776547 0.20911292038776547 0.20911292038776547 0.20911292038776547 0.20911292038776547 0.20911292038776547 0.20911292038776547 0.20911292038776547 0.14049105139596782 0.1586890767364638 0.1768871020769598 0.19508512741745576 0.21328315275795176 0.23148117809844776 0.24967920343894373 0.2678772287794397 0.28607525411993573 0.3042732794604317 0.32247130480092767 0.3406693301414547 0.3414232422656775 0.32352900315354305 0.30563476404140855 0.2877405249292741 0.2698462858171396 0.25195204670500515 0.23405780759287065 0.2161635684807362 0.19826932936860173 0.18037509025646725 0.16248085114433278 0.1445866120321983 0.1597296714070547 0.2101903495207449 0.26065102763443504 0.31111170574812524 0.3615723838618154 0.4120330619755056 0.46249374008919575 0.5129544182028859 0.563415096316576 0.6138757744302663 0.6643364525439565 0.7147971306576466 0.7389501750879034
