Figures/CREST_Example_wjb_NSE/Rolling_result/20100722/BJP_forecast/ens_38/wjb.rain.20100722.asc
ncols            288
nrows            254
xllcorner        113.274861
yllcorner        31.4918055
cellsize         0.008333333333
NODATA_value     -9999
[rows 140 to 159 of 254, columns 180 to 224 of 288]
9.218196592263586 9.18939553378138 9.160594475299122 9.108544006967504 9.031639393487566 8.954734780007628 8.87783016652769 8.800925553047753 8.724020939567815 8.647116326087875 8.570211712607938 8.493307099128 8.416402485648062 8.339497872168124 8.262593258688186 8.043240859890602 7.671608555405728 7.299976250920853 6.928343946435978 6.556711641951104 6.18507933746623 5.8134470329813555 5.441814728496482 5.070182424011607 4.6985501195267325 4.326917815041858 3.9552855105569833 3.740045614151169 3.6919927410133813 3.643939867875676 3.59588699473797 3.5478341216002645 3.4997812484625586 3.451728375324853 3.4036755021871477 3.3556226290494418 3.3075697559117363 3.2595168827740304 3.211464009636325 3.0697646054853682 2.8279549403451534 2.586145275204526 2.344335610064311 2.1025259449240963 1.8607162797838812
7.944193230575427 7.9306112002811195 7.91702916998679 7.916516795369682 7.9299761783732485 7.943435561376816 7.956894944380383 7.97035432738395 7.983813710387516 7.997273093391083 8.01073247639465 8.024191859398217 8.037651242401784 8.051110625405352 8.064570008408918 7.8794395421912276 7.482012033639803 7.084584525088378 6.687157016536952 6.289729507985528 5.892301999434102 5.494874490882678 5.0974469823312525 4.700019473779827 4.302591965228403 3.905164456676977 3.5077369481255527 3.276881084453011 3.224094078535259 3.1713070726175974 3.1185200666999355 3.0657330607822737 3.012946054864612 2.9601590489469496 2.9073720430292878 2.854585037111626 2.801798031193964 2.7490110252763023 2.6962240193586404 2.5703885166725033 2.3664625177636043 2.1625365188543575 1.9586105199454584 1.7546845210365594 1.5507585221276603
6.670189868887266 6.671826866780861 6.673463864674457 6.724489583771859 6.828312963258931 6.932136342746003 7.035959722233075 7.139783101720147 7.24360648120722 7.347429860694292 7.451253240181364 7.555076619668435 7.6588999991555085 7.76272337864258 7.866546758129653 7.715638224491855 7.292415511873879 6.869192799255903 6.445970086637928 6.022747374019952 5.599524661401976 5.176301948783999 4.753079236166024 4.329856523548048 3.9066338109300727 3.4834110983120965 3.0601883856941203 2.813716554754853 2.756195416057137 2.698674277359519 2.6411531386619007 2.5836319999642825 2.5261108612666643 2.4685897225690465 2.4110685838714283 2.35354744517381 2.296026306476192 2.238505167778574 2.180984029080956 2.071012427859638 1.9049700951820552 1.7389277625041888 1.5728854298266057 1.4068430971490224 1.2408007644714394
5.396186507199105 5.413042533280601 5.429898559362124 5.532462372174035 5.726649748144612 5.92083712411519 6.1150245000857675 6.309211876056344 6.503399252026922 6.6975866279975 6.891774003968077 7.085961379938654 7.280148755909232 7.474336131879809 7.668523507850386 7.551836906792483 7.102818990107956 6.653801073423429 6.204783156738903 5.755765240054376 5.30674732336985 4.857729406685323 4.408711490000796 3.9596935733162693 3.5106756566317427 3.061657739947216 2.6126398232626897 2.350552025056695 2.2882967535790146 2.22604148210144 2.163786210623866 2.1015309391462913 2.039275667668717 1.9770203961911428 1.9147651247135684 1.8525098532359943 1.7902545817584197 1.7279993102808455 1.6657440388032712 1.5716363390467731 1.443477672600506 1.31531900615402 1.187160339707753 1.0590016732614858 0.9308430068152185
4.122183145509859 4.154258199779268 4.186333254048732 4.340435160575195 4.624986533029355 4.909537905483514 5.194089277937675 5.478640650391833 5.763192022845994 6.047743395300153 6.332294767754313 6.616846140208472 6.901397512662632 7.185948885116791 7.470500257570951 7.388035589092969 6.9132224683418695 6.43840934759077 5.963596226839671 5.4887831060885715 5.013969985337472 4.5391568645863725 4.064343743835273 3.5895306230841735 3.1147175023330744 2.6399043815819754 2.1650912608308754 1.8873874953581418 1.8203980911004929 1.7534086868429584 1.6864192825854238 1.6194298783278893 1.5524404740703546 1.48545106981282 1.4184616655552853 1.3514722612977508 1.2844828570402163 1.2174934527826817 1.1505040485251472 1.0722602502334824 0.9819852500185634 0.8917102498034903 0.8014352495885714 0.7111602493736524 0.6208852491587333
3.3266384676038316 3.364092071045487 3.4015456744872066 3.575678625196983 3.895924890514871 4.216171155832759 4.536417421150647 4.856663686468535 5.176909951786423 5.497156217104311 5.8174024824221995 6.137648747740087 6.457895013057975 6.7781412783758626 7.09838754369375 7.036291721452786 6.565463556310339 6.094635391167893 5.6238072260254475 5.152979060883002 4.6821508957405555 4.211322730598109 3.740494565455663 3.2696664003132168 2.798838235170771 2.3280100700283244 1.8571819048858789 1.5817066363284036 1.5150680348955605 1.4484294334628312 1.381790832030102 1.3151522305973726 1.2485136291646433 1.1818750277319139 1.1152364262991847 1.0485978248664551 0.981959223433726 0.9153206220009966 0.8486820205682672 0.7814558643342784 0.7136015987206556 0.6457473331069172 0.5778930674932945 0.5100388018796719 0.44218453626604914
3.0425359613527103 3.0748492622277173 3.1071625631027793 3.2676475082035337 3.565150840872807 3.8626541735420803 4.160157506211354 4.457660838880627 4.7551641715499 5.0526675042191735 5.350170836888447 5.647674169557719 5.9451775022269935 6.242680834896266 6.54018416756554 6.4836491155385625 6.048639019401561 5.613628923264559 5.178618827127558 4.743608730990556 4.3085986348535545 3.8735885387165534 3.438578442579552 3.00356834644255 2.568558250305549 2.1335481541685475 1.698538058031546 1.4443658937119732 1.3835135707188237 1.3226612477257778 1.261808924732732 1.2009566017396862 1.1401042787466404 1.0792519557535944 1.0183996327605487 0.9575473097675028 0.896694986774457 0.8358426637814111 0.7749903407883654 0.7136014808066425 0.6516390506415325 0.5896766204763169 0.5277141903112068 0.4657517601460968 0.4037893299809868
2.7584334551015885 2.785606453409947 2.8127794517183515 2.9596163912100844 3.234376791230743 3.5091371912514013 3.7838975912720603 4.058657991292719 4.333418391313377 4.608178791334036 4.882939191354694 5.157699591375353 5.432459991396012 5.707220391416671 5.981980791437329 5.931006509624339 5.531814482492782 5.132622455361226 4.733430428229668 4.334238401098111 3.9350463739665544 3.5358543468349977 3.1366623197034404 2.7374702925718837 2.338278265440327 1.9390862383087697 1.539894211177213 1.3070251510955428 1.2519591065420865 1.1968930619887244 1.141827017435362 1.0867609728819998 1.0316949283286374 0.976628883775275 0.9215628392219127 0.8664967946685505 0.8114307501151881 0.7563647055618258 0.7012986610084635 0.6457470972790068 0.5896765025624094 0.5336059078457165 0.47753531312911923 0.42146471841252187 0.36539412369592456
2.474330948850467 2.4963636445921766 2.5183963403339242 2.6515852742166346 2.9036027415886787 3.1556202089607224 3.4076376763327665 3.65965514370481 3.9116726110768543 4.163690078448898 4.415707545820942 4.667725013192985 4.91974248056503 5.171759947937074 5.423777415309118 5.378363903710116 5.014989945584003 4.651615987457891 4.288242029331778 3.9248680712056663 3.5614941130795534 3.1981201549534415 2.8347461968273286 2.4713722387012163 2.107998280575104 1.7446243224489915 1.381250364322879 1.1696844084791127 1.1204046423653498 1.071124876251671 1.0218451101379922 0.9725653440243134 0.9232855779106346 0.8740058117969558 0.8247260456832769 0.7754462795695981 0.7261665134559193 0.6768867473422405 0.6276069812285617 0.5778927137513711 0.5277139544832864 0.4775351952151162 0.4273564359470316 0.37717767667894697 0.3269989174108623
2.1902284425993455 2.2071208357744068 2.224013228949497 2.3435541572231853 2.5728286919466146 2.8021032266700434 3.0313777613934727 3.260652296116902 3.4899268308403313 3.7192013655637606 3.94847590028719 4.177750435010619 4.407024969734048 4.636299504457478 4.865574039180906 4.8257212977958925 4.4981654086752245 4.1706095195545565 3.843053630433889 3.5154977413132213 3.1879418521925533 2.8603859630718853 2.5328300739512177 2.2052741848305497 1.8777182957098821 1.5501624065892141 1.2226065174685465 1.0323436658626823 0.9888501781886129 0.9453566905146176 0.9018632028406223 0.858369715166627 0.8148762274926316 0.7713827398186364 0.727889252144641 0.6843957644706457 0.6409022767966503 0.597408789122655 0.5539153014486597 0.5100383302237352 0.4657514064041633 0.42146448258451585 0.37717755876494385 0.33289063494537197 0.28860371112579997
1.9061259363479814 1.91787802695639 1.9296301175648185 2.035523040229473 2.2420546423042684 2.4485862443790634 2.6551178464538587 2.8616494485286537 3.068181050603449 3.274712652678244 3.4812442547530393 3.6877758568278347 3.894307458902629 4.100839060977425 4.30737066305222 4.273078691881198 3.9813408717660055 3.6896030516508125 3.3978652315356195 3.106127411420427 2.8143895913052344 2.5226517711900414 2.230913951074849 1.9391761309596558 1.6474383108444632 1.3557004907292707 1.0639626706140777 0.8950029232461348 0.8572957140117636 0.8195885047774568 0.78188129554315 0.7441740863088431 0.7064668770745361 0.6687596678402293 0.6310524586059225 0.5933452493716156 0.5556380401373088 0.517930830903002 0.48022362166869503 0.4421839466960416 0.40378885832498734 0.36539376995386763 0.3269986815828134 0.2886035932117592 0.25020850484070495
1.6220234300968601 1.6286352181386199 1.6352470061803912 1.727491923236024 1.9112805926622043 2.095069262088385 2.2788579315145654 2.4626466009407455 2.6464352703669265 2.8302239397931066 3.014012609219287 3.1978012786454677 3.381589948071648 3.5653786174978284 3.749167286924009 3.7204360859669747 3.4645163348572265 3.2085965837474784 2.95267683263773 2.696757081527982 2.440837330418234 2.1849175793084856 1.9289978281987374 1.6730780770889893 1.417158325979241 1.161238574869493 0.9053188237597447 0.7576621806297045 0.7257412498350267 0.6938203190404033 0.66189938824578 0.6299784574511567 0.5980575266565333 0.5661365958619099 0.5342156650672866 0.5022947342726632 0.47037380347803986 0.43845287268341654 0.40653194188879316 0.3743295631684058 0.3418263102458643 0.3093230573232673 0.27681980440072573 0.2443165514781842 0.21181329855564265
1.3379209238457384 1.3393924093208498 1.3408638947959637 1.4194608062425744 1.5805065430201402 1.7415522797977059 1.9025980165752716 2.0636437533528373 2.224689490130403 2.385735226907969 2.5467809636855345 2.7078267004631003 2.868872437240666 3.0299181740182317 3.1909639107957974 3.1677934800527514 2.9476917979484476 2.7275901158441442 2.507488433739841 2.287386751635537 2.0672850695312333 1.84718338742693 1.6270817053226263 1.4069800232183227 1.186878341114019 0.9667766590097155 0.7466749769054117 0.6203214380132742 0.5941867856582899 0.5680521333033499 0.5419174809484101 0.5157828285934702 0.4896481762385304 0.4635135238835906 0.43737887152865074 0.41124421917371085 0.385109566818771 0.3589749144638312 0.3328402621088913 0.30647517964077003 0.2798637621667412 0.25325234469266694 0.2266409272186381 0.20002950974460923 0.17341809227058036
1.0538184175946168 1.0501496005030797 1.0464807834115364 1.111429689249125 1.249732493378076 1.3880352975070271 1.5263381016359783 1.6646409057649292 1.80294370989388 1.9412465140228314 2.0795493181517823 2.2178521222807337 2.356154926409684 2.4944577305386355 2.632760534667587 2.615150874138528 2.430867261039669 2.24658364794081 2.062300034841951 1.8780164217430921 1.6937328086442331 1.509449195545374 1.325165582446515 1.140881969347656 0.956598356248797 0.772314743149938 0.5880311300510788 0.4829806953968439 0.46263232148155287 0.4422839475662965 0.4219355736510402 0.40158719973578383 0.3812388258205275 0.36089045190527114 0.3405420779900148 0.3201937040747585 0.29984533015950215 0.2794969562442458 0.2591485823289895 0.2386207961131343 0.21790121408761812 0.19718163206206663 0.17646205003655044 0.15574246801103425 0.1350228859855181
0.7697159113434953 0.7609067916853095 0.7520976720271089 0.8033985722556755 0.9189584437360118 1.0345183152163482 1.1500781866966845 1.265638058177021 1.381197929657357 1.4967578011376936 1.61231767261803 1.7278775440983662 1.8434374155787028 1.958997287059039 2.0745571585393754 2.0625082682243048 1.9140427241308904 1.7655771800374758 1.6171116359440614 1.4686460918506468 1.3201805477572321 1.171715003663818 1.0232494595704034 0.8747839154769887 0.7263183713835744 0.5778528272901597 0.42938728319674535 0.34563995278041354 0.33107785730481587 0.31651576182924307 0.3019536663536702 0.2873915708780974 0.27282947540252456 0.2582673799269517 0.2437052844513789 0.22914318897580607 0.21458109350023324 0.20001899802466042 0.1854569025490876 0.17076641258549852 0.15593866600849504 0.14111091943146625 0.12628317285446278 0.11145542627745929 0.0966276797004558
0.48561340509237366 0.4716639828675394 0.45771456064268146 0.49536745526222603 0.5881843940939477 0.6810013329256693 0.773818271757391 0.8666352105891126 0.9594521494208343 1.052269088252556 1.1450860270842778 1.2379029659159992 1.330719904747721 1.4235368435794427 1.5163537824111644 1.5098656623100815 1.3972181872221117 1.2845707121341416 1.1719232370461716 1.0592757619582018 0.9466282868702319 0.833980811782262 0.7213333366942921 0.6086858616063222 0.4960383865183522 0.3833909114303824 0.2707434363424124 0.20829921016398323 0.19952339312807893 0.19074757609218962 0.1819717590563003 0.17319594202041097 0.16442012498452163 0.15564430794863232 0.146868490912743 0.13809267387685367 0.12931685684096433 0.12054103980507502 0.1117652227691857 0.10291202905786274 0.09397611792937194 0.08504020680086591 0.0761042956723751 0.0671683845438843 0.058232473415393504
0.20151089884125212 0.18242117404976937 0.1633314492582541 0.18733633826877655 0.25741034445188354 0.3274843506349905 0.3975583568180975 0.4676323630012044 0.5377063691843114 0.6077803753674184 0.6778543815505254 0.7479283877336323 0.8180023939167392 0.8880764000998462 0.9581504062829532 0.9572230563958581 0.8803936503133328 0.8035642442308075 0.7267348381482821 0.6499054320657568 0.5730760259832315 0.49624661990070607 0.41941721381818076 0.34258780773565534 0.26575840165313 0.1889289955706046 0.1120995894880793 0.0709584675475529 0.06796892895134199 0.06497939035513617 0.06198985175893036 0.05900031316272454 0.05601077456651873 0.05302123597031291 0.0500316973741071 0.047042158777901286 0.04405262018169547 0.04106308158548966 0.038073542989283844 0.03505764553022697 0.032013569850248856 0.028969494170265554 0.025925418490287438 0.022881342810309326 0.01983726713033121
0.05252220687434503 0.03165256642678943 0.010782925979198277 0.027978938183912148 0.0858679943115932 0.14375705043927425 0.2016461065669553 0.25953516269463633 0.3174242188223174 0.37531327494999844 0.43320233107767947 0.49109138720536055 0.5489804433330416 0.6068694994607227 0.6647585555884037 0.6666897354040323 0.6088006792763431 0.5509116231486537 0.4930225670209645 0.43513351089327523 0.37724445476558593 0.3193553986378967 0.2614663425102074 0.20357728638251815 0.1456882302548289 0.08779917412713956 0.029910117999450314 0.0 0.0 0.0 0.0 0.0 0.0 0.0 0.0 0.0 0.0 0.0 0.0 0.0 0.0 0.0 0.0 0.0 0.0
0.047961665285912 0.02890415096291976 0.009846636639895018 0.02754436961522812 0.0845342935421618 0.14152421746909546 0.19851414139602913 0.2555040653229628 0.31249398924989646 0.36948391317683016 0.42647383710376385 0.4834637610306975 0.5404536849576311 0.5974436088845648 0.6544335328114985 0.6563347175628816 0.5993447936359398 0.542354869708998 0.48536494578205625 0.4283750218551145 0.37138509792817276 0.31439517400123096 0.2574052500742892 0.20041532614734742 0.14342540222040567 0.08643547829346387 0.029445554366522075 0.0 0.0 0.0 0.0 0.0 0.0 0.0 0.0 0.0 0.0 0.0 0.0 0.0 0.0 0.0 0.0 0.0 0.0
0.04340112369747898 0.026155735499050092 0.008910347300591787 0.027109801046544094 0.0832005927727304 0.13929138449891668 0.19538217622510298 0.25147296795128926 0.30756375967747557 0.3636545514036619 0.4197453431298482 0.4758361348560345 0.5319269265822207 0.5880177183084071 0.6441085100345934 0.6459796997217309 0.5898889079955366 0.5337981162693424 0.47770732454314807 0.4216165328169538 0.3655257410907595 0.3094349493645653 0.253344157638371 0.19725336591217674 0.14116257418598244 0.08507178245978819 0.028980990733593948 0.0 0.0 0.0 0.0 0.0 0.0 0.0 0.0 0.0 0.0 0.0 0.0 0.0 0.0 0.0 0.0 0.0 0.0
