Figures/CREST_Example_wjb_NSE/Rolling_result/20100722/BJP_forecast/ens_38/wjb.rain.20090808.asc
ncols            288
nrows            254
xllcorner        113.274861
yllcorner        31.4918055
cellsize         0.008333333333
NODATA_value     -9999
[rows 220 to 239 of 254, columns 176 to 219 of 288]
1.4304230089704453 1.4304230089704453 1.4304230089704453 1.4304230089704453 1.4304230089704453 1.4304230089704453 1.4304230089704453 1.4227216207969307 1.4067872744215562 1.3908529280461819 1.3749185816708074 1.3589842352954329 1.3430498889200584 1.3271155425446841 1.3111811961693096 1.2952468497939351 1.2793125034185608 1.2633781570431863 1.2474438106678118 1.237202244502173 1.2330463891920134 1.2288905338818539 1.2247346785716942 1.2205788232615347 1.216422967951375 1.2122671126412154 1.2081112573310557 1.2039554020208962 1.1997995467107365 1.195643691400577 1.1914878360904173 1.1893405887343482 1.1893405887343482 1.1893405887343482 1.1893405887343482 1.1893405887343482 1.1893405887343482 1.1893405887343482 1.1893405887343482 1.1893405887343482 1.1893405887343482 1.1893405887343482 1.1893405887343482 1.1979068979935348
1.5371686287586512 1.5371686287586512 1.5371686287586512 1.5371686287586512 1.5371686287586512 1.5371686287586512 1.5371686287586512 1.5265792951778274 1.5046697244147906 1.4827601536517538 1.4608505828887173 1.4389410121256805 1.417031441362644 1.3951218705996071 1.3732122998365706 1.3513027290735338 1.3293931583104972 1.3074835875474604 1.2855740167844236 1.2715480475016607 1.265949826584577 1.2603516056674933 1.2547533847504095 1.249155163833326 1.2435569429162423 1.2379587219991586 1.2323605010820748 1.2267622801649911 1.2211640592479074 1.2155658383308237 1.20996761741374 1.2070751285839407 1.2070751285839407 1.2070751285839407 1.2070751285839407 1.2070751285839407 1.2070751285839407 1.2070751285839407 1.2070751285839407 1.2070751285839407 1.2070751285839407 1.2070751285839407 1.2070751285839407 1.217245325515614
1.643914248546857 1.643914248546857 1.643914248546857 1.643914248546857 1.643914248546857 1.643914248546857 1.643914248546857 1.6304369695587237 1.6025521744080249 1.574667379257326 1.546782584106627 1.518897788955928 1.4910129938052292 1.4631281986545304 1.4352434035038313 1.4073586083531324 1.3794738132024336 1.3515890180517345 1.3237042229010356 1.3058938505011486 1.2988532639771408 1.291812677453133 1.2847720909291251 1.2777315044051174 1.2706909178811097 1.263650331357102 1.2566097448330942 1.2495691583090862 1.2425285717850785 1.2354879852610707 1.228447398737063 1.2248096684335334 1.2248096684335334 1.2248096684335334 1.2248096684335334 1.2248096684335334 1.2248096684335334 1.2248096684335334 1.2248096684335334 1.2248096684335334 1.2248096684335334 1.2248096684335334 1.2248096684335334 1.2365837530376933
1.7506598683351082 1.7506598683351082 1.7506598683351082 1.7506598683351082 1.7506598683351082 1.7506598683351082 1.7506598683351082 1.7342946439396645 1.7004346244013009 1.666574604862937 1.6327145853245735 1.5988545657862097 1.564994546247846 1.5311345267094822 1.4972745071711184 1.4634144876327548 1.4295544680943912 1.3956944485560274 1.3618344290176636 1.3402396535006509 1.3317567013697185 1.3232737492387858 1.3147907971078534 1.306307844976921 1.2978248928459883 1.289341940715056 1.2808589885841235 1.2723760364531909 1.2638930843222584 1.255410132191326 1.2469271800603934 1.2425442082831335 1.2425442082831335 1.2425442082831335 1.2425442082831335 1.2425442082831335 1.2425442082831335 1.2425442082831335 1.2425442082831335 1.2425442082831335 1.2425442082831335 1.2425442082831335 1.2425442082831335 1.2559221805597807
1.8574054881233142 1.8574054881233142 1.8574054881233142 1.8574054881233142 1.8574054881233142 1.8574054881233142 1.8574054881233142 1.8381523183205613 1.7983170743945351 1.7584818304685093 1.7186465865424834 1.6788113426164573 1.6389760986904314 1.5991408547644053 1.5593056108383794 1.5194703669123535 1.4796351229863274 1.4397998790603015 1.3999646351342756 1.3745854565001385 1.3646601387622819 1.3547348210244254 1.3448095032865688 1.3348841855487121 1.3249588678108557 1.315033550072999 1.3051082323351424 1.295182914597286 1.2852575968594293 1.2753322791215727 1.2654069613837162 1.260278748132726 1.260278748132726 1.260278748132726 1.260278748132726 1.260278748132726 1.260278748132726 1.260278748132726 1.260278748132726 1.260278748132726 1.260278748132726 1.260278748132726 1.260278748132726 1.2752606080818598
1.96415110791152 1.96415110791152 1.96415110791152 1.96415110791152 1.96415110791152 1.96415110791152 1.96415110791152 1.9420099927014576 1.8961995243877694 1.8503890560740812 1.804578587760393 1.7587681194467049 1.7129576511330167 1.6671471828193285 1.6213367145056403 1.5755262461919521 1.529715777878264 1.4839053095645758 1.4380948412508876 1.4089312594996264 1.3975635761548457 1.386195892810065 1.3748282094652844 1.3634605261205037 1.352092842775723 1.3407251594309422 1.3293574760861615 1.3179897927413808 1.3066221093966002 1.2952544260518195 1.2838867427070388 1.2780132879823185 1.2780132879823185 1.2780132879823185 1.2780132879823185 1.2780132879823185 1.2780132879823185 1.2780132879823185 1.2780132879823185 1.2780132879823185 1.2780132879823185 1.2780132879823185 1.2780132879823185 1.294599035603939
2.0708967276997714 2.0708967276997714 2.0708967276997714 2.0708967276997714 2.0708967276997714 2.0708967276997714 2.0708967276997714 2.0458676670823985 1.9940819743810456 1.9422962816796927 1.8905105889783396 1.8387248962769867 1.7869392035756335 1.7351535108742806 1.6833678181729277 1.6315821254715746 1.5797964327702216 1.5280107400688685 1.4762250473675156 1.4432770624991287 1.4304670135474233 1.417656964595718 1.4048469156440127 1.392036866692307 1.3792268177406017 1.3664167687888964 1.353606719837191 1.3407966708854857 1.3279866219337804 1.315176572982075 1.3023665240303695 1.2957478278319188 1.2957478278319188 1.2957478278319188 1.2957478278319188 1.2957478278319188 1.2957478278319188 1.2957478278319188 1.2957478278319188 1.2957478278319188 1.2957478278319188 1.2957478278319188 1.2957478278319188 1.3139374631260266
2.177642347487977 2.177642347487977 2.177642347487977 2.177642347487977 2.177642347487977 2.177642347487977 2.177642347487977 2.149725341463295 2.0919644243742797 2.0342035072852647 1.9764425901962492 1.9186816731072343 1.8609207560182188 1.8031598389292036 1.7453989218401884 1.6876380047511732 1.629877087662158 1.5721161705731428 1.5143552534841276 1.4776228654986165 1.463370450939987 1.4491180363813576 1.434865621822728 1.4206132072640987 1.406360792705469 1.3921083781468397 1.3778559635882102 1.3636035490295808 1.3493511344709512 1.3350987199123217 1.3208463053536923 1.3134823676815113 1.3134823676815113 1.3134823676815113 1.3134823676815113 1.3134823676815113 1.3134823676815113 1.3134823676815113 1.3134823676815113 1.3134823676815113 1.3134823676815113 1.3134823676815113 1.3134823676815113 1.3332758906481057
2.284387967276183 2.284387967276183 2.284387967276183 2.284387967276183 2.284387967276183 2.284387967276183 2.284387967276183 2.2535830158441916 2.189846874367514 2.1261107328908366 2.062374591414159 1.9986384499374816 1.9349023084608041 1.8711661669841266 1.8074300255074491 1.7436938840307716 1.6799577425540941 1.6162216010774169 1.5524854596007394 1.5119686684981042 1.4962738883325506 1.480579108166997 1.4648843280014434 1.44918954783589 1.4334947676703365 1.4177999875047829 1.4021052073392293 1.3864104271736757 1.370715647008122 1.3550208668425685 1.339326086677015 1.3312169075311038 1.3312169075311038 1.3312169075311038 1.3312169075311038 1.3312169075311038 1.3312169075311038 1.3312169075311038 1.3312169075311038 1.3312169075311038 1.3312169075311038 1.3312169075311038 1.3312169075311038 1.3526143181701848
2.339539159089327 2.339539159089327 2.339539159089327 2.339539159089327 2.339539159089327 2.339539159089327 2.339539159089327 2.30724212178608 2.2404188208832414 2.1735955199804033 2.1067722190775653 2.039948918174727 1.9731256172718885 1.9063023163690502 1.839479015466212 1.7726557145633737 1.7058324136605356 1.6390091127576971 1.572185811854859 1.5297137710415107 1.5132737782629246 1.4968337854843385 1.4803937927057522 1.4639537999271661 1.44751380714858 1.431073814369994 1.4146338215914076 1.3981938288128215 1.3817538360342354 1.3653138432556493 1.348873850477063 1.340379634872079 1.340379634872079 1.340379634872079 1.340379634872079 1.340379634872079 1.340379634872079 1.340379634872079 1.340379634872079 1.340379634872079 1.340379634872079 1.340379634872079 1.340379634872079 1.3626057101144249
2.339539159089327 2.339539159089327 2.339539159089327 2.339539159089327 2.339539159089327 2.339539159089327 2.339539159089327 2.30724212178608 2.2404188208832414 2.1735955199804033 2.1067722190775653 2.039948918174727 1.9731256172718885 1.9063023163690502 1.839479015466212 1.7726557145633737 1.7058324136605356 1.6390091127576971 1.572185811854859 1.5297137710415107 1.5132737782629246 1.4968337854843385 1.4803937927057522 1.4639537999271661 1.44751380714858 1.431073814369994 1.4146338215914076 1.3981938288128215 1.3817538360342354 1.3653138432556493 1.348873850477063 1.340379634872079 1.340379634872079 1.340379634872079 1.340379634872079 1.340379634872079 1.340379634872079 1.340379634872079 1.340379634872079 1.340379634872079 1.340379634872079 1.340379634872079 1.340379634872079 1.3626057101144249
2.339539159089327 2.339539159089327 2.339539159089327 2.339539159089327 2.339539159089327 2.339539159089327 2.339539159089327 2.30724212178608 2.2404188208832414 2.1735955199804033 2.1067722190775653 2.039948918174727 1.9731256172718885 1.9063023163690502 1.839479015466212 1.7726557145633737 1.7058324136605356 1.6390091127576971 1.572185811854859 1.5297137710415107 1.5132737782629246 1.4968337854843385 1.4803937927057522 1.4639537999271661 1.44751380714858 1.431073814369994 1.4146338215914076 1.3981938288128215 1.3817538360342354 1.3653138432556493 1.348873850477063 1.340379634872079 1.340379634872079 1.340379634872079 1.340379634872079 1.340379634872079 1.340379634872079 1.340379634872079 1.340379634872079 1.340379634872079 1.340379634872079 1.340379634872079 1.340379634872079 1.3626057101144249
2.339539159089327 2.339539159089327 2.339539159089327 2.339539159089327 2.339539159089327 2.339539159089327 2.339539159089327 2.30724212178608 2.2404188208832414 2.1735955199804033 2.1067722190775653 2.039948918174727 1.9731256172718885 1.9063023163690502 1.839479015466212 1.7726557145633737 1.7058324136605356 1.6390091127576971 1.572185811854859 1.5297137710415107 1.5132737782629246 1.4968337854843385 1.4803937927057522 1.4639537999271661 1.44751380714858 1.431073814369994 1.4146338215914076 1.3981938288128215 1.3817538360342354 1.3653138432556493 1.348873850477063 1.340379634872079 1.340379634872079 1.340379634872079 1.340379634872079 1.340379634872079 1.340379634872079 1.340379634872079 1.340379634872079 1.340379634872079 1.340379634872079 1.340379634872079 1.340379634872079 1.3626057101144249
2.339539159089327 2.339539159089327 2.339539159089327 2.339539159089327 2.339539159089327 2.339539159089327 2.339539159089327 2.30724212178608 2.2404188208832414 2.1735955199804033 2.1067722190775653 2.039948918174727 1.9731256172718885 1.9063023163690502 1.839479015466212 1.7726557145633737 1.7058324136605356 1.6390091127576971 1.572185811854859 1.5297137710415107 1.5132737782629246 1.4968337854843385 1.4803937927057522 1.4639537999271661 1.44751380714858 1.431073814369994 1.4146338215914076 1.3981938288128215 1.3817538360342354 1.3653138432556493 1.348873850477063 1.340379634872079 1.340379634872079 1.340379634872079 1.340379634872079 1.340379634872079 1.340379634872079 1.340379634872079 1.340379634872079 1.340379634872079 1.340379634872079 1.340379634872079 1.340379634872079 1.3626057101144249
2.339539159089327 2.339539159089327 2.339539159089327 2.339539159089327 2.339539159089327 2.339539159089327 2.339539159089327 2.30724212178608 2.2404188208832414 2.1735955199804033 2.1067722190775653 2.039948918174727 1.9731256172718885 1.9063023163690502 1.839479015466212 1.7726557145633737 1.7058324136605356 1.6390091127576971 1.572185811854859 1.5297137710415107 1.5132737782629246 1.4968337854843385 1.4803937927057522 1.4639537999271661 1.44751380714858 1.431073814369994 1.4146338215914076 1.3981938288128215 1.3817538360342354 1.3653138432556493 1.348873850477063 1.340379634872079 1.340379634872079 1.340379634872079 1.340379634872079 1.340379634872079 1.340379634872079 1.340379634872079 1.340379634872079 1.340379634872079 1.340379634872079 1.340379634872079 1.340379634872079 1.3626057101144249
2.339539159089327 2.339539159089327 2.339539159089327 2.339539159089327 2.339539159089327 2.339539159089327 2.339539159089327 2.30724212178608 2.2404188208832414 2.1735955199804033 2.1067722190775653 2.039948918174727 1.9731256172718885 1.9063023163690502 1.839479015466212 1.7726557145633737 1.7058324136605356 1.6390091127576971 1.572185811854859 1.5297137710415107 1.5132737782629246 1.4968337854843385 1.4803937927057522 1.4639537999271661 1.44751380714858 1.431073814369994 1.4146338215914076 1.3981938288128215 1.3817538360342354 1.3653138432556493 1.348873850477063 1.340379634872079 1.340379634872079 1.340379634872079 1.340379634872079 1.340379634872079 1.340379634872079 1.340379634872079 1.340379634872079 1.340379634872079 1.340379634872079 1.340379634872079 1.340379634872079 1.3626057101144249
2.339539159089327 2.339539159089327 2.339539159089327 2.339539159089327 2.339539159089327 2.339539159089327 2.339539159089327 2.30724212178608 2.2404188208832414 2.1735955199804033 2.1067722190775653 2.039948918174727 1.9731256172718885 1.9063023163690502 1.839479015466212 1.7726557145633737 1.7058324136605356 1.6390091127576971 1.572185811854859 1.5297137710415107 1.5132737782629246 1.4968337854843385 1.4803937927057522 1.4639537999271661 1.44751380714858 1.431073814369994 1.4146338215914076 1.3981938288128215 1.3817538360342354 1.3653138432556493 1.348873850477063 1.340379634872079 1.340379634872079 1.340379634872079 1.340379634872079 1.340379634872079 1.340379634872079 1.340379634872079 1.340379634872079 1.340379634872079 1.340379634872079 1.340379634872079 1.340379634872079 1.3626057101144249
2.339539159089327 2.339539159089327 2.339539159089327 2.339539159089327 2.339539159089327 2.339539159089327 2.339539159089327 2.30724212178608 2.2404188208832414 2.1735955199804033 2.1067722190775653 2.039948918174727 1.9731256172718885 1.9063023163690502 1.839479015466212 1.7726557145633737 1.7058324136605356 1.6390091127576971 1.572185811854859 1.5297137710415107 1.5132737782629246 1.4968337854843385 1.4803937927057522 1.4639537999271661 1.44751380714858 1.431073814369994 1.4146338215914076 1.3981938288128215 1.3817538360342354 1.3653138432556493 1.348873850477063 1.340379634872079 1.340379634872079 1.340379634872079 1.340379634872079 1.340379634872079 1.340379634872079 1.340379634872079 1.340379634872079 1.340379634872079 1.340379634872079 1.340379634872079 1.340379634872079 1.3626057101144249
-9999.0 2.339539159089327 2.339539159089327 2.339539159089327 2.339539159089327 2.339539159089327 2.339539159089327 2.30724212178608 2.2404188208832414 2.1735955199804033 2.1067722190775653 2.039948918174727 1.9731256172718885 1.9063023163690502 1.839479015466212 1.7726557145633737 1.7058324136605356 1.6390091127576971 1.572185811854859 1.5297137710415107 1.5132737782629246 1.4968337854843385 1.4803937927057522 1.4639537999271661 1.44751380714858 1.431073814369994 1.4146338215914076 1.3981938288128215 1.3817538360342354 1.3653138432556493 1.348873850477063 1.340379634872079 1.340379634872079 1.340379634872079 1.340379634872079 1.340379634872079 1.340379634872079 1.340379634872079 1.340379634872079 1.340379634872079 1.340379634872079 1.340379634872079 1.340379634872079 1.3626057101144249
-9999.0 -9999.0 -9999.0 -9999.0 -9999.0 -9999.0 -9999.0 2.30724212178608 2.2404188208832414 2.1735955199804033 2.1067722190775653 2.039948918174727 1.9731256172718885 1.9063023163690502 1.839479015466212 1.7726557145633737 1.7058324136605356 1.6390091127576971 1.572185811854859 1.5297137710415107 1.5132737782629246 1.4968337854843385 1.4803937927057522 1.4639537999271661 1.44751380714858 1.431073814369994 1.4146338215914076 1.3981938288128215 1.3817538360342354 1.3653138432556493 1.348873850477063 1.340379634872079 1.340379634872079 1.340379634872079 1.340379634872079 1.340379634872079 1.340379634872079 1.340379634872079 1.340379634872079 1.340379634872079 1.340379634872079 1.340379634872079 1.340379634872079 1.3626057101144249
