Figures/CREST_Example_wjb_NSE/Rolling_result/20100722/BJP_forecast/ens_38/wjb.rain.20100111.asc
ncols            288
nrows            254
xllcorner        113.274861
yllcorner        31.4918055
cellsize         0.008333333333
NODATA_value     -9999
[rows 114 to 132 of 254, columns 86 to 128 of 288]
0.06358659819159998 0.05831668804753727 0.05831668804753727 0.05831668804753727 0.05831668804753727 0.05831668804753727 0.05831668804753727 0.05831668804753727 0.05831668804753727 0.05831668804753727 0.05831668804753727 0.05831668804753727 0.05831668804753727 0.061120142827913324 0.06692055415652784 0.07272096548514236 0.07852137681375687 0.08432178814237139 0.0901221994709958 0.09592261079961031 0.10172302212822483 0.10752343345683935 0.11332384478545385 0.11912425611406838 0.1249246674426829 0.12792162399371074 0.12792162399371074 0.12792162399371074 0.12792162399371074 0.12792162399371074 0.12792162399371074 0.12792162399371074 0.12792162399371074 0.12792162399371074 0.12792162399371074 0.12792162399371074 0.12792162399371074 0.12276936743731388 0.11210923210493337 0.10144909677255286 0.09078896144017234 0.08012882610779183 0.06946869077541132
0.07435222312575246 0.06895193736380266 0.06895193736380266 0.06895193736380266 0.06895193736380266 0.06895193736380266 0.06895193736380266 0.06895193736380266 0.06895193736380266 0.06895193736380266 0.06895193736380266 0.06895193736380266 0.06895193736380266 0.07157501739867171 0.07700222930043672 0.08242944120220175 0.08785665310396677 0.0932838650057318 0.09871107690750608 0.10413828880927109 0.10956550071103612 0.11499271261280114 0.12041992451456615 0.1258471364163312 0.1312743483180962 0.1340784801876021 0.1340784801876021 0.1340784801876021 0.1340784801876021 0.1340784801876021 0.1340784801876021 0.1340784801876021 0.1340784801876021 0.1340784801876021 0.1340784801876021 0.1340784801876021 0.1340784801876021 0.12867824598910363 0.11750503930725281 0.10633183262540198 0.09515862594355115 0.08398541926170033 0.0728122125798495
0.08511784805990495 0.07958718668006805 0.07958718668006805 0.07958718668006805 0.07958718668006805 0.07958718668006805 0.07958718668006805 0.07958718668006805 0.07958718668006805 0.07958718668006805 0.07958718668006805 0.07958718668006805 0.07958718668006805 0.08202989196943009 0.0870839044443456 0.09213791691926114 0.09719192939417666 0.1022459418690922 0.10729995434401633 0.11235396681893187 0.11740797929384739 0.1224619917687629 0.12751600424367843 0.13257001671859397 0.1376240291935095 0.14023533638149344 0.14023533638149344 0.14023533638149344 0.14023533638149344 0.14023533638149344 0.14023533638149344 0.14023533638149344 0.14023533638149344 0.14023533638149344 0.14023533638149344 0.14023533638149344 0.14023533638149344 0.13458712454089336 0.12290084650957223 0.11121456847825109 0.09952829044692996 0.08784201241560882 0.07615573438428769
0.09588347299405744 0.09022243599633345 0.09022243599633345 0.09022243599633345 0.09022243599633345 0.09022243599633345 0.09022243599633345 0.09022243599633345 0.09022243599633345 0.09022243599633345 0.09022243599633345 0.09022243599633345 0.09022243599633345 0.09248476654018847 0.0971655795882545 0.10184639263632055 0.10652720568438658 0.1112080187324526 0.11588883178052661 0.12056964482859264 0.12525045787665867 0.12993127092472473 0.13461208397279073 0.1392928970208568 0.14397371006892282 0.1463921925753848 0.1463921925753848 0.1463921925753848 0.1463921925753848 0.1463921925753848 0.1463921925753848 0.1463921925753848 0.1463921925753848 0.1463921925753848 0.1463921925753848 0.1463921925753848 0.1463921925753848 0.14049600309268312 0.12829665371189167 0.11609730433110022 0.10389795495030876 0.09169860556951731 0.07949925618872586
0.10664909792821911 0.1008576853126079 0.1008576853126079 0.1008576853126079 0.1008576853126079 0.1008576853126079 0.1008576853126079 0.1008576853126079 0.1008576853126079 0.1008576853126079 0.1008576853126079 0.1008576853126079 0.1008576853126079 0.10293964111095577 0.10724725473217199 0.11155486835338821 0.11586248197460443 0.12017009559582065 0.12447770921704421 0.12878532283826044 0.13309293645947667 0.13740055008069288 0.14170816370190908 0.14601577732312532 0.15032339094434155 0.1525490487692814 0.1525490487692814 0.1525490487692814 0.1525490487692814 0.1525490487692814 0.1525490487692814 0.1525490487692814 0.1525490487692814 0.1525490487692814 0.1525490487692814 0.1525490487692814 0.1525490487692814 0.1464048816444779 0.13369246091421572 0.1209800401839535 0.1082676194536913 0.0955551987234291 0.0828427779931669
0.11741472286237156 0.1114929346288733 0.1114929346288733 0.1114929346288733 0.1114929346288733 0.1114929346288733 0.1114929346288733 0.1114929346288733 0.1114929346288733 0.1114929346288733 0.1114929346288733 0.1114929346288733 0.1114929346288733 0.11339451568171416 0.11732892987608089 0.12126334407044762 0.12519775826481433 0.12913217245918107 0.1330665866535545 0.13700100084792122 0.14093541504228796 0.14486982923665467 0.14880424343102142 0.15273865762538813 0.15667307181975487 0.15870590496317277 0.15870590496317277 0.15870590496317277 0.15870590496317277 0.15870590496317277 0.15870590496317277 0.15870590496317277 0.15870590496317277 0.15870590496317277 0.15870590496317277 0.15870590496317277 0.15870590496317277 0.15231376019626766 0.13908826811653513 0.12586277603680263 0.11263728395707012 0.0994117918773376 0.08618629979760509
0.12818034779652404 0.12212818394513869 0.12212818394513869 0.12212818394513869 0.12212818394513869 0.12212818394513869 0.12212818394513869 0.12212818394513869 0.12212818394513869 0.12212818394513869 0.12212818394513869 0.12212818394513869 0.12212818394513869 0.12384939025247253 0.12741060501998977 0.130971819787507 0.13453303455502422 0.13809424932254147 0.14165546409006477 0.145216678857582 0.14877789362509922 0.15233910839261647 0.1559003231601337 0.15946153792765091 0.16302275269516814 0.1648627611570641 0.1648627611570641 0.1648627611570641 0.1648627611570641 0.1648627611570641 0.1648627611570641 0.1648627611570641 0.1648627611570641 0.1648627611570641 0.1648627611570641 0.1648627611570641 0.1648627611570641 0.15822263874805736 0.14448407531885454 0.13074551188965172 0.1170069484604489 0.10326838503124608 0.08952982160204326
0.1286403033438702 0.12248255033921236 0.12248255033921236 0.12248255033921236 0.12248255033921236 0.12248255033921236 0.12248255033921236 0.12248255033921236 0.12248255033921236 0.12248255033921236 0.12248255033921236 0.12248255033921236 0.12248255033921236 0.12404499054454846 0.12727771465722296 0.13051043876989749 0.133743162882572 0.1369758869952465 0.1402086111079265 0.143441335220601 0.1466740593332755 0.14990678344595001 0.15313950755862454 0.15637223167129904 0.15960495578397355 0.16127523969286656 0.16127523969286656 0.16127523969286656 0.16127523969286656 0.16127523969286656 0.16127523969286656 0.16127523969286656 0.16127523969286656 0.16127523969286656 0.16127523969286656 0.16127523969286656 0.16127523969286656 0.15477961068855609 0.1413400073813577 0.1279004040741593 0.11446080076696094 0.10102119745976255 0.08758159415256417
0.11808414801280726 0.11184730102294697 0.11184730102294697 0.11184730102294697 0.11184730102294697 0.11184730102294697 0.11184730102294697 0.11184730102294697 0.11184730102294697 0.11184730102294697 0.11184730102294697 0.11184730102294697 0.11184730102294697 0.11327407340393188 0.11622609772048212 0.11917812203703237 0.12213014635358262 0.12508217067013286 0.12803419498668814 0.1309862193032384 0.13393824361978865 0.13689026793633888 0.13984229225288913 0.1427943165694394 0.14574634088598962 0.14727159282297458 0.14727159282297458 0.14727159282297458 0.14727159282297458 0.14727159282297458 0.14727159282297458 0.14727159282297458 0.14727159282297458 0.14727159282297458 0.14727159282297458 0.14727159282297458 0.14727159282297458 0.14133998402999612 0.1290673512952418 0.1167947185604875 0.10452208582573318 0.09224945309097886 0.07997682035622454
0.10752799268174426 0.10121205170668159 0.10121205170668159 0.10121205170668159 0.10121205170668159 0.10121205170668159 0.10121205170668159 0.10121205170668159 0.10121205170668159 0.10121205170668159 0.10121205170668159 0.10121205170668159 0.10121205170668159 0.1025031562633153 0.10517448078374128 0.10784580530416728 0.11051712982459326 0.11318845434501926 0.1158597788654498 0.11853110338587579 0.12120242790630179 0.12387375242672777 0.12654507694715375 0.12921640146757973 0.13188772598800574 0.13326794595308264 0.13326794595308264 0.13326794595308264 0.13326794595308264 0.13326794595308264 0.13326794595308264 0.13326794595308264 0.13326794595308264 0.13326794595308264 0.13326794595308264 0.13326794595308264 0.13326794595308264 0.1279003573714362 0.11679469520912594 0.10568903304681569 0.09458337088450544 0.08347770872219518 0.07237204655988494
0.0969718373506723 0.09057680239040712 0.09057680239040712 0.09057680239040712 0.09057680239040712 0.09057680239040712 0.09057680239040712 0.09057680239040712 0.09057680239040712 0.09057680239040712 0.09057680239040712 0.09057680239040712 0.09057680239040712 0.09173223912268953 0.09412286384699102 0.09651348857129251 0.098904113295594 0.1012947380198955 0.10368536274420107 0.10607598746850255 0.10846661219280404 0.11085723691710553 0.11324786164140703 0.11563848636570852 0.11802911109001 0.11926429908317873 0.11926429908317873 0.11926429908317873 0.11926429908317873 0.11926429908317873 0.11926429908317873 0.11926429908317873 0.11926429908317873 0.11926429908317873 0.11926429908317873 0.11926429908317873 0.11926429908317873 0.11446073071286478 0.1045220391229996 0.0945833475331344 0.0846446559432692 0.07470596435340401 0.06476727276353883
0.08641568201960934 0.07994155307414173 0.07994155307414173 0.07994155307414173 0.07994155307414173 0.07994155307414173 0.07994155307414173 0.07994155307414173 0.07994155307414173 0.07994155307414173 0.07994155307414173 0.07994155307414173 0.07994155307414173 0.08096132198207295 0.08307124691025018 0.08518117183842741 0.08729109676660464 0.08940102169478187 0.0915109466229627 0.09362087155113993 0.09573079647931716 0.09784072140749439 0.09995064633567163 0.10206057126384886 0.10417049619202609 0.10526065221328676 0.10526065221328676 0.10526065221328676 0.10526065221328676 0.10526065221328676 0.10526065221328676 0.10526065221328676 0.10526065221328676 0.10526065221328676 0.10526065221328676 0.10526065221328676 0.10526065221328676 0.10102110405430482 0.0922493830368837 0.08347766201946258 0.07470594100204145 0.06593421998462032 0.057162498967199195
0.07585952668854631 0.06930630375787633 0.06930630375787633 0.06930630375787633 0.06930630375787633 0.06930630375787633 0.06930630375787633 0.06930630375787633 0.06930630375787633 0.06930630375787633 0.06930630375787633 0.06930630375787633 0.06930630375787633 0.07019040484145635 0.07201962997350933 0.0738488551055623 0.07567808023761527 0.07750730536966824 0.07933653050172433 0.08116575563377731 0.08299498076583028 0.08482420589788325 0.08665343102993622 0.08848265616198919 0.09031188129404218 0.09125700534339479 0.09125700534339479 0.09125700534339479 0.09125700534339479 0.09125700534339479 0.09125700534339479 0.09125700534339479 0.09125700534339479 0.09125700534339479 0.09125700534339479 0.09125700534339479 0.09125700534339479 0.08758147739574487 0.07997672695076781 0.07237197650579075 0.06476722606081368 0.05716247561583662 0.04955772517085956
0.06530337135748335 0.05867105444161094 0.05867105444161094 0.05867105444161094 0.05867105444161094 0.05867105444161094 0.05867105444161094 0.05867105444161094 0.05867105444161094 0.05867105444161094 0.05867105444161094 0.05867105444161094 0.05867105444161094 0.059419487700839775 0.060968013036768486 0.0625165383726972 0.06406506370862591 0.06561358904455462 0.06716211438048598 0.0687106397164147 0.0702591650523434 0.07180769038827212 0.07335621572420084 0.07490474106012955 0.07645326639605826 0.07725335847350283 0.07725335847350283 0.07725335847350283 0.07725335847350283 0.07725335847350283 0.07725335847350283 0.07725335847350283 0.07725335847350283 0.07725335847350283 0.07725335847350283 0.07725335847350283 0.07725335847350283 0.07414185073718492 0.06770407086465192 0.06126629099211893 0.054828511119585935 0.04839073124705294 0.041952951374519945
0.05474721602642038 0.048035805125345554 0.048035805125345554 0.048035805125345554 0.048035805125345554 0.048035805125345554 0.048035805125345554 0.048035805125345554 0.048035805125345554 0.048035805125345554 0.048035805125345554 0.048035805125345554 0.048035805125345554 0.04864857056022319 0.04991639610002765 0.0511842216398321 0.05245204717963656 0.05371987271944101 0.054987698259247625 0.056255523799052076 0.057523349338856535 0.058791174878660986 0.060059000418465444 0.061326825958269895 0.06259465149807435 0.06324971160361086 0.06324971160361086 0.06324971160361086 0.06324971160361086 0.06324971160361086 0.06324971160361086 0.06324971160361086 0.06324971160361086 0.06324971160361086 0.06324971160361086 0.06324971160361086 0.06324971160361086 0.06070222407862497 0.05543141477853603 0.050160605478447105 0.04488979617835817 0.039618986878269244 0.03434817757818032
0.044191060695357415 0.03740055580908016 0.03740055580908016 0.03740055580908016 0.03740055580908016 0.03740055580908016 0.03740055580908016 0.03740055580908016 0.03740055580908016 0.03740055580908016 0.03740055580908016 0.03740055580908016 0.03740055580908016 0.037877653419606604 0.0388647791632868 0.039851904906966995 0.040839030650647194 0.041826156394327386 0.042813282138009265 0.043800407881689464 0.04478753362536966 0.045774659369049855 0.04676178511273005 0.04774891085641025 0.048736036600090446 0.0492460647337189 0.0492460647337189 0.0492460647337189 0.0492460647337189 0.0492460647337189 0.0492460647337189 0.0492460647337189 0.0492460647337189 0.0492460647337189 0.0492460647337189 0.0492460647337189 0.0492460647337189 0.04726259742006502 0.043158758692420154 0.03905491996477529 0.03495108123713042 0.03084724250948556 0.026743403781840692
0.03363490536429442 0.026765306492814767 0.026765306492814767 0.026765306492814767 0.026765306492814767 0.026765306492814767 0.026765306492814767 0.026765306492814767 0.026765306492814767 0.026765306492814767 0.026765306492814767 0.026765306492814767 0.026765306492814767 0.02710673627899002 0.027813162226545958 0.028519588174101895 0.02922601412165783 0.029932440069213768 0.030638866016770912 0.031345291964326845 0.032051717911882785 0.03275814385943872 0.03346456980699466 0.0341709957545506 0.03487742170210653 0.03524241786382693 0.03524241786382693 0.03524241786382693 0.03524241786382693 0.03524241786382693 0.03524241786382693 0.03524241786382693 0.03524241786382693 0.03524241786382693 0.03524241786382693 0.03524241786382693 0.03524241786382693 0.03382297076150507 0.030886102606304266 0.027949234451103467 0.025012366295902668 0.022075498140701866 0.019138629985501067
0.023078750033222434 0.016130057176540306 0.016130057176540306 0.016130057176540306 0.016130057176540306 0.016130057176540306 0.016130057176540306 0.016130057176540306 0.016130057176540306 0.016130057176540306 0.016130057176540306 0.016130057176540306 0.016130057176540306 0.016335819138364252 0.01676154528979569 0.017187271441227128 0.01761299759265857 0.018038723744090008 0.01846444989552217 0.01889017604695361 0.019315902198385047 0.019741628349816485 0.020167354501247924 0.020593080652679365 0.021018806804110803 0.021238770993923024 0.021238770993923024 0.021238770993923024 0.021238770993923024 0.021238770993923024 0.021238770993923024 0.021238770993923024 0.021238770993923024 0.021238770993923024 0.021238770993923024 0.021238770993923024 0.021238770993923024 0.020383344102933656 0.018613446520177913 0.016843548937422174 0.015073651354666436 0.013303753771910697 0.011533856189154958
0.012522594702159467 0.005494807860274913 0.005494807860274913 0.005494807860274913 0.005494807860274913 0.005494807860274913 0.005494807860274913 0.005494807860274913 0.005494807860274913 0.005494807860274913 0.005494807860274913 0.005494807860274913 0.005494807860274913 0.005564901997747667 0.005709928353054847 0.005854954708362027 0.005999981063669207 0.006145007418976386 0.006290033774283813 0.006435060129590993 0.006580086484898173 0.006725112840205352 0.0068701391955125314 0.007015165550819711 0.00716019190612689 0.007235124124031058 0.007235124124031058 0.007235124124031058 0.007235124124031058 0.007235124124031058 0.007235124124031058 0.007235124124031058 0.007235124124031058 0.007235124124031058 0.007235124124031058 0.007235124124031058 0.007235124124031058 0.006943717444373701 0.0063407904340620274 0.0057378634237503535 0.0051349364134386805 0.004532009403127007 0.003929082392815333
