Figures/CREST_Example_wjb_NSE/Rolling_result/20100722/BJP_forecast/ens_38/wjb.rain.20091026.asc
ncols            288
nrows            254
xllcorner        113.274861
yllcorner        31.4918055
cellsize         0.008333333333
NODATA_value     -9999
[rows 46 to 68 of 254, columns 52 to 103 of 288]
0.2533324062824249 0.2533324062824249 0.2533324062824249 0.2533324062824249 0.2533324062824249 0.2533324062824249 0.2533324062824249 0.2533324062824249 0.2533324062824249 0.2533324062824249 0.2533324062824249 0.2488280810771442 0.23950853040931913 0.2301889797414782 0.22086942907365315 0.2115498784058281 0.20223032773800304 0.19291077707017795 0.18359122640235293 0.17427167573452784 0.16495212506670281 0.15563257439887773 0.1463130237310527 0.13579873864490172 0.12400725545670536 0.11221577226850901 0.10042428908029256 0.08863280589209621 0.07684132270389987 0.06504983951570352 0.05325835632750717 0.04146687313931083 0.029675389951114475 0.017883906762918136 0.006092423574721784 0.0 0.0 0.0 0.0 0.0 0.0 0.0 0.0 0.0 0.0 0.0 0.0 0.0 0.0 0.0 0.0 0.0
0.2533324062824249 0.2533324062824249 0.2533324062824249 0.2533324062824249 0.2533324062824249 0.2533324062824249 0.2533324062824249 0.2533324062824249 0.2533324062824249 0.2533324062824249 0.2533324062824249 0.2488280810771442 0.23950853040931913 0.2301889797414782 0.22086942907365315 0.2115498784058281 0.20223032773800304 0.19291077707017795 0.18359122640235293 0.17427167573452784 0.16495212506670281 0.15563257439887773 0.1463130237310527 0.13579873864490172 0.12400725545670536 0.11221577226850901 0.10042428908029256 0.08863280589209621 0.07684132270389987 0.06504983951570352 0.05325835632750717 0.04146687313931083 0.029675389951114475 0.017883906762918136 0.006092423574721784 0.0 0.0 0.0 0.0 0.0 0.0 0.0 0.0 0.0 0.0 0.0 0.0 0.0 0.0 0.0 0.0 0.0
0.2533324062824249 0.2533324062824249 0.2533324062824249 0.2533324062824249 0.2533324062824249 0.2533324062824249 0.2533324062824249 0.2533324062824249 0.2533324062824249 0.2533324062824249 0.2533324062824249 0.2488280810771442 0.23950853040931913 0.2301889797414782 0.22086942907365315 0.2115498784058281 0.20223032773800304 0.19291077707017795 0.18359122640235293 0.17427167573452784 0.16495212506670281 0.15563257439887773 0.1463130237310527 0.13579873864490172 0.12400725545670536 0.11221577226850901 0.10042428908029256 0.08863280589209621 0.07684132270389987 0.06504983951570352 0.05325835632750717 0.04146687313931083 0.029675389951114475 0.017883906762918136 0.006092423574721784 0.0 0.0 0.0 0.0 0.0 0.0 0.0 0.0 0.0 0.0 0.0 0.0 0.0 0.0 0.0 0.0 0.0
0.2431285990053544 0.2431285990053544 0.2431285990053544 0.2431285990053544 0.2431285990053544 0.2431285990053544 0.2431285990053544 0.2431285990053544 0.2431285990053544 0.2431285990053544 0.2431285990053544 0.23880570051520422 0.22986152582204766 0.22091735112887584 0.21197317643571928 0.20302900174256272 0.19408482704940616 0.1851406523562496 0.17619647766309304 0.16725230296993648 0.15830812827677992 0.14936395358362337 0.1404197788904668 0.13032899169094486 0.11901244980113511 0.10769590791132534 0.09637936602149628 0.08506282413168653 0.07374628224187676 0.062429740352067 0.05111319846225723 0.03979665657244748 0.02848011468263771 0.017163572792827958 0.005847030903018191 0.0 0.0 0.0 0.0 0.0 0.0 0.0 0.0 0.0 0.0 0.0 0.0 0.0 0.0 0.0 0.0 0.0
0.22201756514933318 0.22201756514933318 0.22201756514933318 0.22201756514933318 0.22201756514933318 0.22201756514933318 0.22201756514933318 0.22201756514933318 0.22201756514933318 0.22201756514933318 0.22201756514933318 0.21807002709294132 0.20990248162207234 0.20173493615118943 0.19356739068032044 0.18539984520945146 0.17723229973858246 0.1690647542677135 0.1608972087968445 0.15272966332597554 0.14456211785510653 0.13639457238423755 0.12822702691336857 0.11901243013765739 0.10867851184682453 0.09834459355599169 0.08801067526514122 0.07767675697430837 0.06734283868347551 0.05700892039264267 0.04667500210180982 0.036341083810976976 0.02600716552014412 0.01567324722931128 0.005339328938478424 0.0 0.0 0.0 0.0 0.0 0.0 0.0 0.0 0.0 0.0 0.0 0.0 0.0 0.0 0.0 0.0 0.0
0.20090653129331196 0.20090653129331196 0.20090653129331196 0.20090653129331196 0.20090653129331196 0.20090653129331196 0.20090653129331196 0.20090653129331196 0.20090653129331196 0.20090653129331196 0.20090653129331196 0.19733435367067842 0.18994343742209702 0.182552521173503 0.17516160492492158 0.16777068867634018 0.16037977242775878 0.15298885617917737 0.14559793993059597 0.13820702368201454 0.13081610743343314 0.12342519118485173 0.11603427493627033 0.10769586858436989 0.09834457389251396 0.08899327920065803 0.07964198450878615 0.07029068981693021 0.06093939512507427 0.05158810043321834 0.042236805741362404 0.032885511049506475 0.02353421635765053 0.014182921665794601 0.004831626973938671 0.0 0.0 0.0 0.0 0.0 0.0 0.0 0.0 0.0 0.0 0.0 0.0 0.0 0.0 0.0 0.0 0.0
0.17979549743729073 0.17979549743729073 0.17979549743729073 0.17979549743729073 0.17979549743729073 0.17979549743729073 0.17979549743729073 0.17979549743729073 0.17979549743729073 0.17979549743729073 0.17979549743729073 0.17659868024841552 0.1699843932221217 0.16337010619581657 0.15675581916952275 0.1501415321432289 0.14352724511693507 0.13691295809064125 0.13029867106434742 0.12368438403805358 0.11707009701175976 0.11045580998546592 0.1038415229591721 0.09637930703108238 0.08801063593820337 0.07964196484532435 0.07127329375243105 0.06290462265955203 0.05453595156667301 0.046167280473793995 0.03779860938091498 0.02942993828803596 0.021061267195156927 0.012692596102277909 0.004323925009398891 0.0 0.0 0.0 0.0 0.0 0.0 0.0 0.0 0.0 0.0 0.0 0.0 0.0 0.0 0.0 0.0 0.0
0.1586844635812515 0.1586844635812515 0.1586844635812515 0.1586844635812515 0.1586844635812515 0.1586844635812515 0.1586844635812515 0.1586844635812515 0.1586844635812515 0.1586844635812515 0.1586844635812515 0.1558630068261349 0.15002534902212933 0.14418769121811378 0.13835003341410818 0.1325123756101026 0.12667471780609701 0.1208370600020914 0.11499940219808583 0.10916174439408023 0.10332408659007464 0.09748642878606906 0.09164877098206346 0.08506274547778525 0.07767669798388398 0.0702906504899827 0.06290460299606884 0.055518555502167576 0.04813250800826631 0.04074646051436504 0.033360413020463775 0.0259743655265625 0.01858831803266124 0.011202270538759967 0.0038162230448586937 0.0 0.0 0.0 0.0 0.0 0.0 0.0 0.0 0.0 0.0 0.0 0.0 0.0 0.0 0.0 0.0 0.0
0.13757342972523026 0.13757342972523026 0.13757342972523026 0.13757342972523026 0.13757342972523026 0.13757342972523026 0.13757342972523026 0.13757342972523026 0.13757342972523026 0.13757342972523026 0.13757342972523026 0.135127333403872 0.130066304822154 0.12500527624042734 0.11994424765870934 0.11488321907699132 0.10982219049527331 0.10476116191355529 0.09970013333183728 0.09463910475011926 0.08957807616840124 0.08451704758668323 0.07945601900496521 0.07374618392449774 0.06734276002957339 0.06093933613464903 0.054535912239713755 0.048132488344789406 0.04172906444986505 0.035325640554940696 0.02892221666001634 0.022518792765091986 0.016115368870167637 0.009711944975243275 0.003308521080318927 0.0 0.0 0.0 0.0 0.0 0.0 0.0 0.0 0.0 0.0 0.0 0.0 0.0 0.0 0.0 0.0 0.0
0.11646239586920905 0.11646239586920905 0.11646239586920905 0.11646239586920905 0.11646239586920905 0.11646239586920905 0.11646239586920905 0.11646239586920905 0.11646239586920905 0.11646239586920905 0.11646239586920905 0.11439165998160913 0.11010726062217868 0.10582286126274094 0.1015384619033105 0.09725406254388005 0.09296966318444963 0.08868526382501918 0.08440086446558874 0.0801164651061583 0.07583206574672786 0.07154766638729743 0.06726326702786697 0.06242962237121025 0.057008822075262804 0.05158802177931537 0.04616722148335868 0.040746421187411244 0.03532562089146381 0.029904820595516364 0.024484020299568927 0.019063220003621484 0.013642419707674047 0.008221619411726604 0.002800819115779167 0.0 0.0 0.0 0.0 0.0 0.0 0.0 0.0 0.0 0.0 0.0 0.0 0.0 0.0 0.0 0.0 0.0
0.09535136201318782 0.09535136201318782 0.09535136201318782 0.09535136201318782 0.09535136201318782 0.09535136201318782 0.09535136201318782 0.09535136201318782 0.09535136201318782 0.09535136201318782 0.09535136201318782 0.09365598655934623 0.09014821642220336 0.08664044628505452 0.08313267614791166 0.0796249060107688 0.07611713587362592 0.07260936573648306 0.0691015955993402 0.06559382546219733 0.06208605532505448 0.05857828518791161 0.05507051505076875 0.051113060817922745 0.04667488412095222 0.042236707423981695 0.03779853072700361 0.03336035403003308 0.02892217733306255 0.024484000636092025 0.0200458239391215 0.015607647242150975 0.01116947054518045 0.006731293848209925 0.0022931171512394002 0.0 0.0 0.0 0.0 0.0 0.0 0.0 0.0 0.0 0.0 0.0 0.0 0.0 0.0 0.0 0.0 0.0
0.0742403281571666 0.0742403281571666 0.0742403281571666 0.0742403281571666 0.0742403281571666 0.0742403281571666 0.0742403281571666 0.0742403281571666 0.0742403281571666 0.0742403281571666 0.0742403281571666 0.07292031313708332 0.07018917222222804 0.06745803130736809 0.06472689039251281 0.06199574947765752 0.05926460856280223 0.05653346764794694 0.053802326733091654 0.05107118581823637 0.048340044903381084 0.045608903988525795 0.042877763073670506 0.03979649926463526 0.036340946166641644 0.03288539306864803 0.029429839970648526 0.025974286872654913 0.022518733774661303 0.01906318067666769 0.01560762757867408 0.012152074480680466 0.008696521382686853 0.005240968284693247 0.0017854151866996334 0.0 0.0 0.0 0.0 0.0 0.0 0.0 0.0 0.0 0.0 0.0 0.0 0.0 0.0 0.0 0.0 0.0
0.053129294301145366 0.053129294301145366 0.053129294301145366 0.053129294301145366 0.053129294301145366 0.053129294301145366 0.053129294301145366 0.053129294301145366 0.053129294301145366 0.053129294301145366 0.053129294301145366 0.05218463971482042 0.05023012802225271 0.048275616329681664 0.046321104637113954 0.04436659294454624 0.04241208125197854 0.04045756955941082 0.03850305786684311 0.0365485461742754 0.0345940344817077 0.03263952278913998 0.030685011096572273 0.028479937711347755 0.026007008212331057 0.02353407871331436 0.021061149214293445 0.018588219715276747 0.01611529021626005 0.013642360717243354 0.011169431218226656 0.008696501719209958 0.00622357222019326 0.0037506427211765614 0.0012777132221598632 0.0 0.0 0.0 0.0 0.0 0.0 0.0 0.0 0.0 0.0 0.0 0.0 0.0 0.0 0.0 0.0 0.0
0.03201826044510613 0.03201826044510613 0.03201826044510613 0.03201826044510613 0.03201826044510613 0.03201826044510613 0.03201826044510613 0.03201826044510613 0.03201826044510613 0.03201826044510613 0.03201826044510613 0.031448966292539834 0.03027108382226036 0.029093201351978883 0.02791531888169941 0.026737436411419936 0.025559553941140466 0.024381671470860997 0.023203789000581523 0.02202590653030205 0.02084802406002258 0.01967014158974311 0.018492259119463637 0.01716337615805061 0.01567307025801166 0.014182764357972718 0.012692458457931231 0.011202152557892284 0.00971184665785334 0.008221540757814394 0.006731234857775449 0.0052409289577365036 0.0037506230576975583 0.002260317157658613 0.0007700112576196662 0.0 0.0 0.0 0.0 0.0 0.0 0.0 0.0 0.0 0.0 0.0 0.0 0.0 0.0 0.0 0.0 0.0
0.010907226589084908 0.010907226589084908 0.010907226589084908 0.010907226589084908 0.010907226589084908 0.010907226589084908 0.010907226589084908 0.010907226589084908 0.010907226589084908 0.010907226589084908 0.010907226589084908 0.010713292870276935 0.010312039622285038 0.00991078637429246 0.009509533126300563 0.009108279878308667 0.008707026630316772 0.008305773382324877 0.00790452013433298 0.007503266886341085 0.00710201363834919 0.006700760390357295 0.006299507142365399 0.005846814604763111 0.005339132303701079 0.004831450002639048 0.0043237677015761505 0.0038160854005141196 0.0033084030994520886 0.0028007207983900572 0.002293038497328026 0.0017853561962659949 0.001277673895203964 0.0007699915941419321 0.0002623092930799011 0.0 0.0 0.0 0.0 0.0 0.0 0.0 0.0 0.0 0.0 0.0 0.0 0.0 0.0 0.0 0.0 0.0
0.0043730602143874225 0.0043730602143874225 0.0043730602143874225 0.0043730602143874225 0.0043730602143874225 0.0043730602143874225 0.0043730602143874225 0.0043730602143874225 0.0043730602143874225 0.0043730602143874225 0.0043730602143874225 0.004792759207923111 0.005661125912641815 0.006529492617362 0.007397859322080704 0.008266226026799408 0.009134592731518114 0.010002959436236816 0.010871326140955522 0.011739692845674225 0.012608059550392929 0.013476426255111633 0.014344792959830337 0.01419762939084558 0.012964841001609072 0.011732052612372562 0.010499264223133952 0.009266475833897444 0.008033687444660934 0.006800899055424425 0.005568110666187917 0.004335322276951407 0.003102533887714899 0.0018697454984783896 0.0006369571092418817 0.0 0.0 0.0 0.0 0.0 0.0 0.0 0.0 0.0 0.0 0.0 0.0 0.0 0.0 0.0 0.0 0.0
0.01342064606398484 0.01342064606398484 0.01342064606398484 0.01342064606398484 0.01342064606398484 0.01342064606398484 0.01342064606398484 0.01342064606398484 0.01342064606398484 0.01342064606398484 0.01342064606398484 0.014708675811922383 0.017373638475696507 0.020038601139475174 0.0227035638032493 0.025368526467023422 0.028033489130797548 0.030698451794571674 0.0333634144583458 0.036028377122119926 0.038693339785894044 0.04135830244966817 0.04402326511344229 0.04357162939931255 0.03978827956358413 0.03600492972785571 0.032221579892120836 0.028438230056392413 0.02465488022066399 0.020871530384935572 0.01708818054920715 0.013304830713478731 0.009521480877750309 0.0057381310420218865 0.001954781206293464 0.0 0.0 0.0 0.0 0.0 0.0 0.0 0.0 0.0 0.0 0.0 0.0 0.0 0.0 0.0 0.0 0.0
0.02246823191358227 0.02246823191358227 0.02246823191358227 0.02246823191358227 0.02246823191358227 0.02246823191358227 0.02246823191358227 0.02246823191358227 0.02246823191358227 0.02246823191358227 0.02246823191358227 0.02462459241592167 0.02908615103875122 0.033547709661588376 0.03800926828441792 0.042470826907247475 0.04693238553007702 0.051393944152906566 0.055855502775736116 0.060317061398565665 0.06477862002139521 0.06924017864422477 0.07370173726705431 0.07294562940777957 0.06661171812555923 0.060277806843338895 0.053943895561107756 0.04760998427888742 0.04127607299666708 0.034942161714446744 0.02860825043222641 0.022274339150006067 0.015940427867785732 0.009606516585565397 0.0032726053033450553 0.0 0.0 0.0 0.0 0.0 0.0 0.0 0.0 0.0 0.0 0.0 0.0 0.0 0.0 0.0 0.0 0.0
0.03151581776317969 0.03151581776317969 0.03151581776317969 0.03151581776317969 0.03151581776317969 0.03151581776317969 0.03151581776317969 0.03151581776317969 0.03151581776317969 0.03151581776317969 0.03151581776317969 0.03454050901992094 0.04079866360180591 0.04705681818370155 0.05331497276558651 0.059573127347471486 0.06583128192935644 0.07208943651124142 0.07834759109312639 0.08460574567501136 0.09086390025689633 0.0971220548387813 0.10338020942066627 0.10231962941624653 0.09343515668753428 0.08455068395882204 0.07566621123009463 0.06678173850138239 0.05789726577267014 0.04901279304395789 0.040128320315245644 0.031243847586533383 0.022359374857821135 0.013474902129108887 0.0045904294003966395 0.0 0.0 0.0 0.0 0.0 0.0 0.0 0.0 0.0 0.0 0.0 0.0 0.0 0.0 0.0 0.0 0.0
0.04056340361277712 0.04056340361277712 0.04056340361277712 0.04056340361277712 0.04056340361277712 0.04056340361277712 0.04056340361277712 0.04056340361277712 0.04056340361277712 0.04056340361277712 0.04056340361277712 0.04445642562392022 0.05251117616486061 0.06056592670581473 0.06862067724675512 0.07667542778769551 0.0847301783286359 0.09278492886957629 0.10083967941051666 0.10889442995145705 0.11694918049239744 0.12500393103333785 0.13305868157427822 0.13169362942471352 0.12025859524950935 0.10882356107430519 0.09738852689908152 0.08595349272387737 0.0745184585486732 0.06308342437346903 0.051648390198264865 0.04021335602306071 0.028778321847856544 0.01734328767265239 0.005908253497448224 0.0 0.0 0.0 0.0 0.0 0.0 0.0 0.0 0.0 0.0 0.0 0.0 0.0 0.0 0.0 0.0 0.0
0.04961098946238225 0.04961098946238225 0.04961098946238225 0.04961098946238225 0.04961098946238225 0.04961098946238225 0.04961098946238225 0.04961098946238225 0.04961098946238225 0.04961098946238225 0.04961098946238225 0.05437234222792795 0.06422368872792529 0.07407503522793943 0.08392638172793676 0.0937777282279341 0.10362907472793145 0.11348042122792878 0.12333176772792613 0.13318311422792345 0.1430344607279208 0.15288580722791814 0.16273715372791547 0.16106762943320552 0.14708203381150728 0.133096438189809 0.11911084256808692 0.10512524694638867 0.09113965132469042 0.07715405570299218 0.06316846008129393 0.049182864459595674 0.03519726883789742 0.021211673216199184 0.007226077594500918 0.0 0.0 0.0 0.0 0.0 0.0 0.0 0.0 0.0 0.0 0.0 0.0 0.0 0.0 0.0 0.0 0.0
0.058658575311979676 0.058658575311979676 0.058658575311979676 0.058658575311979676 0.058658575311979676 0.058658575311979676 0.058658575311979676 0.058658575311979676 0.058658575311979676 0.058658575311979676 0.058658575311979676 0.06428825883192724 0.07593620129098 0.0875841437500526 0.09923208620910537 0.11088002866815813 0.1225279711272109 0.13417591358626366 0.14582385604531642 0.15747179850436918 0.16911974096342194 0.1807676834224747 0.19241562588152747 0.1904416294416725 0.17390547237348236 0.1573693153052922 0.14083315823707382 0.12429700116888366 0.10776084410069349 0.09122468703250333 0.07468852996431317 0.05815237289612302 0.041616215827932845 0.025080058759742674 0.00854390169155253 0.0 0.0 0.0 0.0 0.0 0.0 0.0 0.0 0.0 0.0 0.0 0.0 0.0 0.0 0.0 0.0 0.0
0.0677061611615771 0.0677061611615771 0.0677061611615771 0.0677061611615771 0.0677061611615771 0.0677061611615771 0.0677061611615771 0.0677061611615771 0.0677061611615771 0.0677061611615771 0.0677061611615771 0.07420417543592651 0.0876487138540347 0.1010932522721658 0.11453779069027398 0.12798232910838214 0.14142686752649034 0.15487140594459853 0.1683159443627067 0.18176048278081489 0.19520502119892305 0.20864955961703124 0.22209409803513944 0.2198156294501395 0.20072891093545742 0.18164219242077534 0.1625554739060607 0.14346875539137863 0.12438203687669655 0.10529531836201447 0.0862085998473324 0.06712188133265032 0.04803516281796824 0.028948444303286164 0.009861725788604087 0.0 0.0 0.0 0.0 0.0 0.0 0.0 0.0 0.0 0.0 0.0 0.0 0.0 0.0 0.0 0.0 0.0
