Figures/CREST_Example_wjb_NSE/Rolling_result/20100722/BJP_forecast/ens_38/wjb.rain.20100725.asc
ncols            288
nrows            254
xllcorner        113.274861
yllcorner        31.4918055
cellsize         0.008333333333
NODATA_value     -9999
[rows 220 to 241 of 254, columns 150 to 199 of 288]
0.5668259425438976 0.563231089475121 0.5596362364063444 0.5560413833375677 0.5524465302687911 0.5488516772000145 0.5452568241312317 0.5416619710624551 0.5380671179936785 0.5146129890423493 0.4699288449368762 0.4252447008314031 0.38056055672593003 0.33587641262045687 0.2911922685149838 0.2465081244095107 0.20182398030403764 0.15713983619856453 0.11245569209309142 0.06777154798754215 0.02308740388206909 0.0 0.0 0.0 0.0 0.0 0.0 0.0 0.0 0.0 0.0 0.0 0.0 0.0 0.0 0.0 0.0 0.0 0.0 0.0 0.0 0.0 0.0 0.0 0.0 0.0 0.0 0.0 0.0 0.0
0.5002709852472198 0.49709822875963794 0.493925472272056 0.4907527157844741 0.4875799592968922 0.48440720280931027 0.48123444632172296 0.47806168983414105 0.4748889333465592 0.45418871601716604 0.4147512465600539 0.3753137771029417 0.33587630764582954 0.2964388381887174 0.25700136873160523 0.21756389927449304 0.17812642981738092 0.13868896036026873 0.09925149090315655 0.05981402144597714 0.02037655198886501 0.0 0.0 0.0 0.0 0.0 0.0 0.0 0.0 0.0 0.0 0.0 0.0 0.0 0.0 0.0 0.0 0.0 0.0 0.0 0.0 0.0 0.0 0.0 0.0 0.0 0.0 0.0 0.0 0.0
0.43371602795054204 0.43096536804415486 0.4282147081377677 0.4254640482313805 0.42271338832499333 0.41996272841860616 0.41721206851221426 0.4144614086058271 0.4117107486994399 0.3937644429919828 0.3595736481832316 0.32538285337448036 0.29119205856572916 0.25700126375697796 0.2228104689482267 0.18861967413947547 0.15442887933072424 0.12023808452197299 0.08604728971322179 0.05185649490441224 0.01766570009566104 0.0 0.0 0.0 0.0 0.0 0.0 0.0 0.0 0.0 0.0 0.0 0.0 0.0 0.0 0.0 0.0 0.0 0.0 0.0 0.0 0.0 0.0 0.0 0.0 0.0 0.0 0.0 0.0 0.0
0.36716107065383585 0.3648325073286436 0.3625039440034513 0.36017538067825905 0.3578468173530668 0.3555182540278745 0.3531896907026783 0.35086112737748604 0.34853256405229377 0.3333401699667739 0.30439604980638585 0.2754519296459978 0.24650780948560974 0.21756368932522166 0.1886195691648336 0.15967544900444555 0.1307313288440575 0.10178720868366942 0.07284308852328136 0.04389896836284396 0.014954848202455906 0.0 0.0 0.0 0.0 0.0 0.0 0.0 0.0 0.0 0.0 0.0 0.0 0.0 0.0 0.0 0.0 0.0 0.0 0.0 0.0 0.0 0.0 0.0 0.0 0.0 0.0 0.0 0.0 0.0
0.30060611335715803 0.2986996466131605 0.296793179869163 0.2948867131251654 0.2929802463811679 0.29107377963717035 0.2891673128931696 0.287260846149172 0.2853543794051745 0.2729158969415907 0.24921845142956356 0.22552100591753643 0.2018235604055093 0.17812611489348218 0.15442866938145508 0.13073122386942795 0.10703377835740083 0.0833363328453737 0.059638887333346574 0.035941441821279035 0.012243996309251937 0.0 0.0 0.0 0.0 0.0 0.0 0.0 0.0 0.0 0.0 0.0 0.0 0.0 0.0 0.0 0.0 0.0 0.0 0.0 0.0 0.0 0.0 0.0 0.0 0.0 0.0 0.0 0.0 0.0
0.23405115606048021 0.2325667858976774 0.23108241573487462 0.2295980455720718 0.22811367540926902 0.2266293052464662 0.22514493508366087 0.22366056492085806 0.22217619475805528 0.21249162391640747 0.19404085305274127 0.1755900821890751 0.15713931132540893 0.13868854046174273 0.12023776959807653 0.10178699873441034 0.08333622787074416 0.06488545700707796 0.046434686143411785 0.02798391527971414 0.00953314441604794 0.0 0.0 0.0 0.0 0.0 0.0 0.0 0.0 0.0 0.0 0.0 0.0 0.0 0.0 0.0 0.0 0.0 0.0 0.0 0.0 0.0 0.0 0.0 0.0 0.0 0.0 0.0 0.0 0.0
0.16749619876377403 0.16643392518216615 0.16537165160055825 0.16430937801895037 0.16324710443734247 0.16218483085573457 0.1611225572741249 0.16006028369251699 0.15899801011090908 0.1520673508911985 0.1388632546758955 0.12565915846059247 0.11245506224528945 0.09925096602998644 0.08604686981468342 0.0728427735993804 0.059638677384077396 0.04643458116877437 0.03323048495347136 0.02002638873814583 0.006822292522842804 0.0 0.0 0.0 0.0 0.0 0.0 0.0 0.0 0.0 0.0 0.0 0.0 0.0 0.0 0.0 0.0 0.0 0.0 0.0 0.0 0.0 0.0 0.0 0.0 0.0 0.0 0.0 0.0 0.0
0.10094124146709621 0.10030106446668305 0.0996608874662699 0.09902071046585674 0.09838053346544358 0.09774035646503042 0.09710017946461616 0.096460002464203 0.09581982546378985 0.09164307786601529 0.08368565629907321 0.07572823473213112 0.06777081316518904 0.05981339159824696 0.051855970031304884 0.0438985484643628 0.03594112689742072 0.027983705330478642 0.02002628376353656 0.012068862196580904 0.004111440629638821 0.0 0.0 0.0 0.0 0.0 0.0 0.0 0.0 0.0 0.0 0.0 0.0 0.0 0.0 0.0 0.0 0.0 0.0 0.0 0.0 0.0 0.0 0.0 0.0 0.0 0.0 0.0 0.0 0.0
0.0343862841704184 0.03416820375119997 0.03395012333198154 0.03373204291276311 0.033513962493544686 0.03329588207432625 0.03307780165510746 0.032859721235889025 0.0326416408166706 0.03121880484083207 0.028508057922250925 0.02579731100366978 0.023086564085088634 0.020375817166507486 0.01766507024792634 0.014954323329345195 0.01224357641076405 0.009532829492182905 0.0068220825736017565 0.00411133565501599 0.0014005887364348449 0.0 0.0 0.0 0.0 0.0 0.0 0.0 0.0 0.0 0.0 0.0 0.0 0.0 0.0 0.0 0.0 0.0 0.0 0.0 0.0 0.0 0.0 0.0 0.0 0.0 0.0 0.0 0.0 0.0
0.0 0.0 0.0 0.0 0.0 0.0 0.0 0.0 0.0 0.206332157834986 0.206332157834986 0.206332157834986 0.206332157834986 0.206332157834986 0.206332157834986 0.206332157834986 0.206332157834986 0.206332157834986 0.206332157834986 0.206332157834986 0.206332157834986 0.206332157834986 0.206332157834986 0.206332157834986 0.206332157834986 0.206332157834986 0.206332157834986 0.206332157834986 0.206332157834986 0.206332157834986 0.206332157834986 0.206332157834986 0.206332157834986 0.206332157834986 0.206332157834986 0.206332157834986 0.206332157834986 0.206332157834986 0.206332157834986 0.206332157834986 0.206332157834986 0.206332157834986 0.206332157834986 0.206332157834986 0.206332157834986 0.0 0.0 0.0 0.0 0.0
0.0 0.0 0.0 0.0 0.0 0.0 0.0 0.0 0.0 0.206332157834986 0.206332157834986 0.206332157834986 0.206332157834986 0.206332157834986 0.206332157834986 0.206332157834986 0.206332157834986 0.206332157834986 0.206332157834986 0.206332157834986 0.206332157834986 0.206332157834986 0.206332157834986 0.206332157834986 0.206332157834986 0.206332157834986 0.206332157834986 0.206332157834986 0.206332157834986 0.206332157834986 0.206332157834986 0.206332157834986 0.206332157834986 0.206332157834986 0.206332157834986 0.206332157834986 0.206332157834986 0.206332157834986 0.206332157834986 0.206332157834986 0.206332157834986 0.206332157834986 0.206332157834986 0.206332157834986 0.206332157834986 0.0 0.0 0.0 0.0 0.0
0.0 0.0 0.0 0.0 0.0 0.0 0.0 0.0 0.0 0.206332157834986 0.206332157834986 0.206332157834986 0.206332157834986 0.206332157834986 0.206332157834986 0.206332157834986 0.206332157834986 0.206332157834986 0.206332157834986 0.206332157834986 0.206332157834986 0.206332157834986 0.206332157834986 0.206332157834986 0.206332157834986 0.206332157834986 0.206332157834986 0.206332157834986 0.206332157834986 0.206332157834986 0.206332157834986 0.206332157834986 0.206332157834986 0.206332157834986 0.206332157834986 0.206332157834986 0.206332157834986 0.206332157834986 0.206332157834986 0.206332157834986 0.206332157834986 0.206332157834986 0.206332157834986 0.206332157834986 0.206332157834986 0.0 0.0 0.0 0.0 0.0
0.0 0.0 0.0 0.0 0.0 0.0 0.0 0.0 0.0 0.206332157834986 0.206332157834986 0.206332157834986 0.206332157834986 0.206332157834986 0.206332157834986 0.206332157834986 0.206332157834986 0.206332157834986 0.206332157834986 0.206332157834986 0.206332157834986 0.206332157834986 0.206332157834986 0.206332157834986 0.206332157834986 0.206332157834986 0.206332157834986 0.206332157834986 0.206332157834986 0.206332157834986 0.206332157834986 0.206332157834986 0.206332157834986 0.206332157834986 0.206332157834986 0.206332157834986 0.206332157834986 0.206332157834986 0.206332157834986 0.206332157834986 0.206332157834986 0.206332157834986 0.206332157834986 0.206332157834986 0.206332157834986 0.0 0.0 0.0 0.0 0.0
0.0 0.0 0.0 0.0 0.0 0.0 0.0 0.0 0.0 0.206332157834986 0.206332157834986 0.206332157834986 0.206332157834986 0.206332157834986 0.206332157834986 0.206332157834986 0.206332157834986 0.206332157834986 0.206332157834986 0.206332157834986 0.206332157834986 0.206332157834986 0.206332157834986 0.206332157834986 0.206332157834986 0.206332157834986 0.206332157834986 0.206332157834986 0.206332157834986 0.206332157834986 0.206332157834986 0.206332157834986 0.206332157834986 0.206332157834986 0.206332157834986 0.206332157834986 0.206332157834986 0.206332157834986 0.206332157834986 0.206332157834986 0.206332157834986 0.206332157834986 0.206332157834986 0.206332157834986 0.206332157834986 0.0 0.0 0.0 0.0 0.0
0.0 0.0 0.0 0.0 0.0 0.0 0.0 0.0 0.0 0.206332157834986 0.206332157834986 0.206332157834986 0.206332157834986 0.206332157834986 0.206332157834986 0.206332157834986 0.206332157834986 0.206332157834986 0.206332157834986 0.206332157834986 0.206332157834986 0.206332157834986 0.206332157834986 0.206332157834986 0.206332157834986 0.206332157834986 0.206332157834986 0.206332157834986 0.206332157834986 0.206332157834986 0.206332157834986 0.206332157834986 0.206332157834986 0.206332157834986 0.206332157834986 0.206332157834986 0.206332157834986 0.206332157834986 0.206332157834986 0.206332157834986 0.206332157834986 0.206332157834986 0.206332157834986 0.206332157834986 0.206332157834986 0.0 0.0 0.0 0.0 0.0
0.0 0.0 0.0 0.0 0.0 0.0 0.0 0.0 0.0 0.206332157834986 0.206332157834986 0.206332157834986 0.206332157834986 0.206332157834986 0.206332157834986 0.206332157834986 0.206332157834986 0.206332157834986 0.206332157834986 0.206332157834986 0.206332157834986 0.206332157834986 0.206332157834986 0.206332157834986 0.206332157834986 0.206332157834986 0.206332157834986 0.206332157834986 0.206332157834986 0.206332157834986 0.206332157834986 0.206332157834986 0.206332157834986 0.206332157834986 0.206332157834986 0.206332157834986 0.206332157834986 0.206332157834986 0.206332157834986 0.206332157834986 0.206332157834986 0.206332157834986 0.206332157834986 0.206332157834986 0.206332157834986 0.0 0.0 0.0 0.0 0.0
0.0 0.0 0.0 0.0 0.0 0.0 0.0 0.0 0.0 0.206332157834986 0.206332157834986 0.206332157834986 0.206332157834986 0.206332157834986 0.206332157834986 0.206332157834986 -9999.0 -9999.0 -9999.0 -9999.0 -9999.0 0.206332157834986 0.206332157834986 0.206332157834986 0.206332157834986 0.206332157834986 0.206332157834986 0.206332157834986 0.206332157834986 0.206332157834986 0.206332157834986 0.206332157834986 0.206332157834986 0.206332157834986 0.206332157834986 0.206332157834986 0.206332157834986 0.206332157834986 0.206332157834986 0.206332157834986 0.206332157834986 0.206332157834986 0.206332157834986 0.206332157834986 0.206332157834986 0.0 0.0 0.0 0.0 0.0
0.0 0.0 0.0 0.0 0.0 0.0 0.0 0.0 0.0 0.206332157834986 0.206332157834986 0.206332157834986 0.206332157834986 0.206332157834986 0.206332157834986 -9999.0 -9999.0 -9999.0 -9999.0 -9999.0 -9999.0 0.206332157834986 0.206332157834986 0.206332157834986 0.206332157834986 0.206332157834986 0.206332157834986 0.206332157834986 0.206332157834986 0.206332157834986 0.206332157834986 0.206332157834986 0.206332157834986 0.206332157834986 0.206332157834986 0.206332157834986 0.206332157834986 0.206332157834986 0.206332157834986 0.206332157834986 0.206332157834986 0.206332157834986 0.206332157834986 0.206332157834986 0.206332157834986 0.0 0.0 0.0 0.0 0.0
0.0 0.0 0.0 0.0 0.0 0.0 0.0 0.0 0.0 0.206332157834986 0.206332157834986 0.206332157834986 0.206332157834986 0.206332157834986 -9999.0 -9999.0 -9999.0 -9999.0 -9999.0 -9999.0 -9999.0 -9999.0 0.206332157834986 0.206332157834986 0.206332157834986 -9999.0 -9999.0 0.206332157834986 0.206332157834986 0.206332157834986 0.206332157834986 0.206332157834986 0.206332157834986 0.206332157834986 0.206332157834986 0.206332157834986 0.206332157834986 0.206332157834986 0.206332157834986 0.206332157834986 0.206332157834986 0.206332157834986 0.206332157834986 0.206332157834986 0.206332157834986 0.0 0.0 0.0 0.0 0.0
0.0 0.0 0.0 0.0 0.0 0.0 0.0 0.0 0.0 0.206332157834986 0.206332157834986 0.206332157834986 0.206332157834986 -9999.0 -9999.0 -9999.0 -9999.0 -9999.0 -9999.0 -9999.0 -9999.0 -9999.0 -9999.0 -9999.0 -9999.0 -9999.0 -9999.0 -9999.0 -9999.0 -9999.0 -9999.0 -9999.0 -9999.0 0.206332157834986 0.206332157834986 0.206332157834986 0.206332157834986 0.206332157834986 0.206332157834986 0.206332157834986 0.206332157834986 0.206332157834986 0.206332157834986 0.206332157834986 0.206332157834986 0.0 0.0 0.0 0.0 0.0
0.0 0.0 0.0 0.0 0.0 0.0 0.0 0.0 0.0 0.206332157834986 0.206332157834986 0.206332157834986 -9999.0 -9999.0 -9999.0 -9999.0 -9999.0 -9999.0 -9999.0 -9999.0 -9999.0 -9999.0 -9999.0 -9999.0 -9999.0 -9999.0 -9999.0 -9999.0 -9999.0 -9999.0 -9999.0 -9999.0 -9999.0 -9999.0 0.206332157834986 0.206332157834986 0.206332157834986 0.206332157834986 0.206332157834986 0.206332157834986 0.206332157834986 0.206332157834986 0.206332157834986 0.206332157834986 0.206332157834986 0.0 0.0 0.0 0.0 0.0
0.206332157834986 0.206332157834986 0.206332157834986 0.206332157834986 0.206332157834986 0.206332157834986 0.206332157834986 0.206332157834986 0.206332157834986 0.206332157834986 0.206332157834986 -9999.0 -9999.0 -9999.0 -9999.0 -9999.0 -9999.0 -9999.0 -9999.0 -9999.0 -9999.0 -9999.0 -9999.0 -9999.0 -9999.0 -9999.0 -9999.0 -9999.0 -9999.0 -9999.0 -9999.0 -9999.0 -9999.0 -9999.0 -9999.0 0.206332157834986 0.206332157834986 0.206332157834986 0.206332157834986 0.206332157834986 0.206332157834986 0.206332157834986 0.206332157834986 0.206332157834986 0.206332157834986 0.206332157834986 0.206332157834986 0.206332157834986 0.206332157834986 0.206332157834986
