Figures/CREST_Example_wjb_NSE/Rolling_result/20100722/BJP_forecast/ens_38/wjb.rain.20100616.asc
ncols            288
nrows            254
xllcorner        113.274861
yllcorner        31.4918055
cellsize         0.008333333333
NODATA_value     -9999
[rows 207 to 229 of 254, columns 104 to 155 of 288]
-9999.0 -9999.0 -9999.0 -9999.0 -9999.0 -9999.0 -9999.0 -9999.0 -9999.0 0.0 0.0 0.0 0.0 0.0 0.0 0.0 0.0 0.0 0.0 0.0036116309684455306 0.011084177118432001 0.018556723268418472 0.026029269418404943 0.033501815568391415 0.040974361718377886 0.04844690786836436 0.05591945401836357 0.06339200016835005 0.07086454631833651 0.07833709246832299 0.08580963861830945 0.09180570277447067 0.09622337428586425 0.10064104579725783 0.1050587173086514 0.10947638882004498 0.11389406033143856 0.11831173184283213 0.1227294033542257 0.12714707486562682 0.1315647463770204 0.13598241788841398 0.14040008939980755 0.14268261194229126 0.14268261194229126 0.14268261194229126 0.14268261194229126 0.14268261194229126 0.14268261194229126 0.14268261194229126 0.14268261194229126 0.14268261194229126
-9999.0 -9999.0 -9999.0 -9999.0 -9999.0 -9999.0 -9999.0 -9999.0 -9999.0 -9999.0 -9999.0 -9999.0 -9999.0 0.0 0.0 0.0 0.0 0.0 0.0 0.0036116309684455306 0.011084177118432001 0.018556723268418472 0.026029269418404943 0.033501815568391415 0.040974361718377886 0.04844690786836436 0.05591945401836357 0.06339200016835005 0.07086454631833651 0.07833709246832299 0.08580963861830945 0.09180570277447067 0.09622337428586425 0.10064104579725783 0.1050587173086514 0.10947638882004498 0.11389406033143856 0.11831173184283213 0.1227294033542257 0.12714707486562682 0.1315647463770204 0.13598241788841398 0.14040008939980755 0.14268261194229126 0.14268261194229126 0.14268261194229126 0.14268261194229126 0.14268261194229126 0.14268261194229126 0.14268261194229126 0.14268261194229126 0.14268261194229126
-9999.0 -9999.0 -9999.0 -9999.0 -9999.0 -9999.0 -9999.0 -9999.0 -9999.0 -9999.0 -9999.0 -9999.0 -9999.0 -9999.0 -9999.0 0.0 0.0 0.0 0.0 0.0036116309684455306 0.011084177118432001 0.018556723268418472 0.026029269418404943 0.033501815568391415 0.040974361718377886 0.04844690786836436 0.05591945401836357 0.06339200016835005 0.07086454631833651 0.07833709246832299 0.08580963861830945 0.09180570277447067 0.09622337428586425 0.10064104579725783 0.1050587173086514 0.10947638882004498 0.11389406033143856 0.11831173184283213 0.1227294033542257 0.12714707486562682 0.1315647463770204 0.13598241788841398 0.14040008939980755 0.14268261194229126 0.14268261194229126 0.14268261194229126 0.14268261194229126 0.14268261194229126 0.14268261194229126 0.14268261194229126 0.14268261194229126 0.14268261194229126
-9999.0 -9999.0 -9999.0 -9999.0 -9999.0 -9999.0 -9999.0 -9999.0 -9999.0 -9999.0 -9999.0 -9999.0 -9999.0 -9999.0 -9999.0 0.0 0.0 0.0 0.0 0.0036116309684455306 0.011084177118432001 0.018556723268418472 0.026029269418404943 0.033501815568391415 0.040974361718377886 0.04844690786836436 0.05591945401836357 0.06339200016835005 0.07086454631833651 0.07833709246832299 0.08580963861830945 0.09180570277447067 0.09622337428586425 0.10064104579725783 0.1050587173086514 0.10947638882004498 0.11389406033143856 0.11831173184283213 0.1227294033542257 0.12714707486562682 0.1315647463770204 0.13598241788841398 0.14040008939980755 0.14268261194229126 0.14268261194229126 0.14268261194229126 0.14268261194229126 0.14268261194229126 0.14268261194229126 0.14268261194229126 0.14268261194229126 0.14268261194229126
-9999.0 -9999.0 -9999.0 -9999.0 -9999.0 -9999.0 -9999.0 -9999.0 -9999.0 -9999.0 -9999.0 -9999.0 -9999.0 -9999.0 0.0 0.0 0.0 0.0 0.0 0.0036116309684455306 0.011084177118432001 0.018556723268418472 0.026029269418404943 0.033501815568391415 0.040974361718377886 0.04844690786836436 0.05591945401836357 0.06339200016835005 0.07086454631833651 0.07833709246832299 0.08580963861830945 0.09180570277447067 0.09622337428586425 0.10064104579725783 0.1050587173086514 0.10947638882004498 0.11389406033143856 0.11831173184283213 0.1227294033542257 0.12714707486562682 0.1315647463770204 0.13598241788841398 0.14040008939980755 0.14268261194229126 0.14268261194229126 0.14268261194229126 0.14268261194229126 0.14268261194229126 0.14268261194229126 0.14268261194229126 0.14268261194229126 0.14268261194229126
-9999.0 -9999.0 -9999.0 -9999.0 -9999.0 -9999.0 -9999.0 -9999.0 -9999.0 -9999.0 -9999.0 -9999.0 -9999.0 -9999.0 0.0 0.0 0.0 0.0 0.0 0.0036116309684455306 0.011084177118432001 0.018556723268418472 0.026029269418404943 0.033501815568391415 0.040974361718377886 0.04844690786836436 0.05591945401836357 0.06339200016835005 0.07086454631833651 0.07833709246832299 0.08580963861830945 0.09180570277447067 0.09622337428586425 0.10064104579725783 0.1050587173086514 0.10947638882004498 0.11389406033143856 0.11831173184283213 0.1227294033542257 0.12714707486562682 0.1315647463770204 0.13598241788841398 0.14040008939980755 0.14268261194229126 0.14268261194229126 0.14268261194229126 0.14268261194229126 0.14268261194229126 0.14268261194229126 0.14268261194229126 0.14268261194229126 0.14268261194229126
-9999.0 -9999.0 -9999.0 -9999.0 -9999.0 -9999.0 -9999.0 -9999.0 -9999.0 -9999.0 -9999.0 -9999.0 0.0 0.0 0.0 0.0 0.0 0.0 0.0 0.0036116309684455306 0.011084177118432001 0.018556723268418472 0.026029269418404943 0.033501815568391415 0.040974361718377886 0.04844690786836436 0.05591945401836357 0.06339200016835005 0.07086454631833651 0.07833709246832299 0.08580963861830945 0.09180570277447067 0.09622337428586425 0.10064104579725783 0.1050587173086514 0.10947638882004498 0.11389406033143856 0.11831173184283213 0.1227294033542257 0.12714707486562682 0.1315647463770204 0.13598241788841398 0.14040008939980755 0.14268261194229126 0.14268261194229126 0.14268261194229126 0.14268261194229126 0.14268261194229126 0.14268261194229126 0.14268261194229126 0.14268261194229126 0.14268261194229126
-9999.0 -9999.0 -9999.0 -9999.0 -9999.0 -9999.0 -9999.0 -9999.0 -9999.0 -9999.0 -9999.0 -9999.0 0.0 0.0 0.0 0.0 0.0 0.0 0.0 0.0036116309684455306 0.011084177118432001 0.018556723268418472 0.026029269418404943 0.033501815568391415 0.040974361718377886 0.04844690786836436 0.05591945401836357 0.06339200016835005 0.07086454631833651 0.07833709246832299 0.08580963861830945 0.09180570277447067 0.09622337428586425 0.10064104579725783 0.1050587173086514 0.10947638882004498 0.11389406033143856 0.11831173184283213 0.1227294033542257 0.12714707486562682 0.1315647463770204 0.13598241788841398 0.14040008939980755 0.14268261194229126 0.14268261194229126 0.14268261194229126 0.14268261194229126 0.14268261194229126 0.14268261194229126 0.14268261194229126 0.14268261194229126 0.14268261194229126
-9999.0 -9999.0 -9999.0 -9999.0 -9999.0 -9999.0 -9999.0 -9999.0 -9999.0 -9999.0 -9999.0 -9999.0 0.0 0.0 0.0 0.0 0.0 0.0 0.0 0.0036116309684455306 0.011084177118432001 0.018556723268418472 0.026029269418404943 0.033501815568391415 0.040974361718377886 0.04844690786836436 0.05591945401836357 0.06339200016835005 0.07086454631833651 0.07833709246832299 0.08580963861830945 0.09180570277447067 0.09622337428586425 0.10064104579725783 0.1050587173086514 0.10947638882004498 0.11389406033143856 0.11831173184283213 0.1227294033542257 0.12714707486562682 0.1315647463770204 0.13598241788841398 0.14040008939980755 0.14268261194229126 0.14268261194229126 0.14268261194229126 0.14268261194229126 0.14268261194229126 0.14268261194229126 0.14268261194229126 0.14268261194229126 0.14268261194229126
-9999.0 -9999.0 -9999.0 -9999.0 -9999.0 -9999.0 -9999.0 -9999.0 -9999.0 -9999.0 -9999.0 -9999.0 -9999.0 0.0 0.0 0.0 0.0 0.0 0.0 0.0036116309684455306 0.011084177118432001 0.018556723268418472 0.026029269418404943 0.033501815568391415 0.040974361718377886 0.04844690786836436 0.05591945401836357 0.06339200016835005 0.07086454631833651 0.07833709246832299 0.08580963861830945 0.09180570277447067 0.09622337428586425 0.10064104579725783 0.1050587173086514 0.10947638882004498 0.11389406033143856 0.11831173184283213 0.1227294033542257 0.12714707486562682 0.1315647463770204 0.13598241788841398 0.14040008939980755 0.14268261194229126 0.14268261194229126 0.14268261194229126 0.14268261194229126 0.14268261194229126 0.14268261194229126 0.14268261194229126 0.14268261194229126 0.14268261194229126
-9999.0 -9999.0 -9999.0 -9999.0 -9999.0 -9999.0 -9999.0 -9999.0 -9999.0 -9999.0 -9999.0 -9999.0 -9999.0 0.0 0.0 0.0 0.0 0.0 0.0 0.003466160491982081 0.010637724936381529 0.01780928938078098 0.024980853825180425 0.032152418269579874 0.03932398271397932 0.04649554715837877 0.053667111602790446 0.0608386760471899 0.06801024049158934 0.07518180493598879 0.08235336938038824 0.08810792206505003 0.09234765713021305 0.09658739219537607 0.10082712726053909 0.10506686232570212 0.10930659739086512 0.11354633245602815 0.11778606752119117 0.12202580258636142 0.12626553765152443 0.13050527271668744 0.13474500778185047 0.13693559412024947 0.13693559412024947 0.13693559412024947 0.13693559412024947 0.13693559412024947 0.13693559412024947 0.13693559412024947 0.13693559412024947 0.13693559412024947
-9999.0 -9999.0 -9999.0 -9999.0 -9999.0 -9999.0 -9999.0 -9999.0 -9999.0 -9999.0 -9999.0 -9999.0 -9999.0 -9999.0 -9999.0 0.0 0.0 0.0 0.0 0.0031651912446237027 0.00971404350988261 0.016262895775141516 0.022811748040400426 0.029360600305659332 0.03590945257091824 0.04245830483617715 0.04900715710144722 0.055556009366706134 0.06210486163196504 0.06865371389722395 0.07520256616248286 0.08045744683415128 0.08432904260671294 0.08820063837927461 0.09207223415183627 0.09594382992439794 0.09981542569695961 0.10368702146952127 0.10755861724208295 0.11143021301465121 0.11530180878721288 0.11917340455977454 0.12304500033233622 0.1250453764588692 0.1250453764588692 0.1250453764588692 0.1250453764588692 0.1250453764588692 0.1250453764588692 0.1250453764588692 0.1250453764588692 0.1250453764588692
-9999.0 -9999.0 -9999.0 -9999.0 -9999.0 -9999.0 -9999.0 -9999.0 -9999.0 -9999.0 -9999.0 -9999.0 -9999.0 -9999.0 -9999.0 0.0 0.0 0.0 0.0 0.0028642219972653247 0.008790362083383694 0.014716502169502061 0.02064264225562043 0.026568782341738796 0.03249492242785716 0.038421062513975535 0.04434720260010401 0.050273342686222376 0.05619948277234074 0.062125622858459115 0.06805176294457747 0.07280697160325253 0.07631042808321284 0.07981388456317315 0.08331734104313346 0.08682079752309378 0.09032425400305409 0.0938277104830144 0.09733116696297471 0.100834623442941 0.10433807992290131 0.10784153640286162 0.11134499288282193 0.11315515879748893 0.11315515879748893 0.11315515879748893 0.11315515879748893 0.11315515879748893 0.11315515879748893 0.11315515879748893 0.11315515879748893 0.11315515879748893
-9999.0 -9999.0 -9999.0 -9999.0 -9999.0 -9999.0 -9999.0 -9999.0 -9999.0 -9999.0 -9999.0 -9999.0 -9999.0 -9999.0 -9999.0 -9999.0 0.0 0.0 0.0 0.002563252749906818 0.00786668065688438 0.013170108563861941 0.018473536470839505 0.023776964377817067 0.02908039228479463 0.03438382019177219 0.039687248098758794 0.044990676005736356 0.05029410391271392 0.05559753181969148 0.06090095972666904 0.06515649637235049 0.0682918135597093 0.07142713074706811 0.07456244793442691 0.07769776512178572 0.08083308230914452 0.08396839949650332 0.08710371668386213 0.09023903387122628 0.09337435105858509 0.0965096682459439 0.09964498543330269 0.1012649411361036 0.1012649411361036 0.1012649411361036 0.1012649411361036 0.1012649411361036 0.1012649411361036 0.1012649411361036 0.1012649411361036 0.1012649411361036
-9999.0 -9999.0 -9999.0 -9999.0 -9999.0 -9999.0 -9999.0 -9999.0 -9999.0 -9999.0 -9999.0 -9999.0 -9999.0 -9999.0 -9999.0 -9999.0 -9999.0 0.0 0.0 0.00226228350254844 0.0069429992303854625 0.011623714958222484 0.016304430686059506 0.02098514641389653 0.025665862141733553 0.030346577869570575 0.035027293597415576 0.039708009325252605 0.04438872505308963 0.04906944078092665 0.05375015650876367 0.057506021141451744 0.0602731990362092 0.06304037693096665 0.0658075548257241 0.06857473272048156 0.07134191061523901 0.07410908850999645 0.07687626640475391 0.07964344429951609 0.08241062219427353 0.08517780008903099 0.08794497798378845 0.08937472347472333 0.08937472347472333 0.08937472347472333 0.08937472347472333 0.08937472347472333 0.08937472347472333 0.08937472347472333 0.08937472347472333 0.08937472347472333
-9999.0 -9999.0 -9999.0 -9999.0 -9999.0 -9999.0 -9999.0 -9999.0 -9999.0 -9999.0 -9999.0 -9999.0 -9999.0 -9999.0 -9999.0 -9999.0 -9999.0 -9999.0 0.0 0.001961314255190062 0.006019317803886544 0.010077321352583027 0.014135324901279509 0.018193328449975992 0.022251331998672474 0.026309335547368955 0.03036733909607236 0.03442534264476884 0.03848334619346532 0.0425413497421618 0.04659935329085829 0.049855545910552995 0.05225458451270909 0.05465362311486519 0.057052661717021294 0.05945170031917739 0.06185073892133349 0.06424977752348959 0.06664881612564569 0.06904785472780589 0.07144689332996199 0.07384593193211808 0.07624497053427418 0.07748450581334307 0.07748450581334307 0.07748450581334307 0.07748450581334307 0.07748450581334307 0.07748450581334307 0.07748450581334307 0.07748450581334307 0.07748450581334307
-9999.0 -9999.0 -9999.0 -9999.0 -9999.0 -9999.0 -9999.0 -9999.0 -9999.0 -9999.0 -9999.0 -9999.0 -9999.0 -9999.0 -9999.0 -9999.0 -9999.0 -9999.0 -9999.0 0.001660345007831555 0.005095636377387232 0.00853092774694291 0.011966219116498585 0.015401510486054263 0.01883680185560994 0.022272093225165615 0.025707384594727153 0.029142675964282827 0.032577967333838505 0.03601325870339418 0.03944855007294986 0.04220507067965097 0.044235969989205565 0.04626686929876015 0.048297768608314744 0.05032866791786933 0.05235956722742392 0.054390466536978516 0.0564213658465331 0.05845226515609116 0.06048316446564575 0.06251406377520033 0.06454496308475492 0.06559428815195772 0.06559428815195772 0.06559428815195772 0.06559428815195772 0.06559428815195772 0.06559428815195772 0.06559428815195772 0.06559428815195772 0.06559428815195772
-9999.0 -9999.0 -9999.0 -9999.0 -9999.0 -9999.0 -9999.0 -9999.0 -9999.0 -9999.0 -9999.0 -9999.0 -9999.0 -9999.0 -9999.0 -9999.0 -9999.0 -9999.0 -9999.0 -9999.0 0.004171954950888313 0.0069845341413034496 0.009797113331718586 0.012609692522133722 0.015422271712548858 0.018234850902963996 0.021047430093383928 0.023860009283799066 0.0266725884742142 0.029485167664629337 0.032297746855044475 0.03455459544875221 0.03621735546570545 0.03788011548265869 0.039542875499611926 0.04120563551656517 0.04286839553351841 0.04453115555047164 0.04619391556742489 0.04785667558438096 0.0495194356013342 0.051182195618287435 0.05284495563524068 0.05370407049057747 0.05370407049057747 0.05370407049057747 0.05370407049057747 0.05370407049057747 0.05370407049057747 0.05370407049057747 0.05370407049057747 0.05370407049057747
-9999.0 -9999.0 -9999.0 -9999.0 -9999.0 -9999.0 -9999.0 -9999.0 -9999.0 -9999.0 -9999.0 -9999.0 -9999.0 -9999.0 -9999.0 -9999.0 -9999.0 -9999.0 -9999.0 -9999.0 -9999.0 0.005438140535663991 0.007628007546938587 0.009817874558213185 0.01200774156948778 0.014197608580762376 0.016387475592040707 0.018577342603315304 0.0207672096145899 0.022957076625864496 0.025146943637139093 0.02690412021785346 0.028198740942205345 0.029493361666557232 0.03078798239090912 0.032082603115261 0.03337722383961289 0.03467184456396478 0.035966465288316665 0.03726108601267076 0.038555706737022646 0.03985032746137453 0.04114494818572642 0.0418138528291972 0.0418138528291972 0.0418138528291972 0.0418138528291972 0.0418138528291972 0.0418138528291972 0.0418138528291972 0.0418138528291972 0.0418138528291972
-9999.0 -9999.0 -9999.0 -9999.0 -9999.0 -9999.0 -9999.0 -9999.0 -9999.0 -9999.0 -9999.0 -9999.0 -9999.0 -9999.0 -9999.0 -9999.0 -9999.0 -9999.0 -9999.0 -9999.0 -9999.0 0.003891746930023874 0.0054589017621576655 0.0070260565942914565 0.008593211426425247 0.01016036625855904 0.011727521090695503 0.013294675922829293 0.014861830754963085 0.016428985587096875 0.01799614041923067 0.01925364498695144 0.02018012641870182 0.021106607850452194 0.022033089282202573 0.02295957071395295 0.023886052145703326 0.024812533577453704 0.02573901500920408 0.026665496440956036 0.02759197787270641 0.02851845930445679 0.029444940736207167 0.029923635167811866 0.029923635167811866 0.029923635167811866 0.029923635167811866 0.029923635167811866 0.029923635167811866 0.029923635167811866 0.029923635167811866 0.029923635167811866
-9999.0 -9999.0 -9999.0 -9999.0 -9999.0 -9999.0 -9999.0 -9999.0 -9999.0 -9999.0 -9999.0 -9999.0 -9999.0 -9999.0 -9999.0 -9999.0 -9999.0 -9999.0 -9999.0 -9999.0 -9999.0 0.0023453533243844157 0.003289795977377667 0.004234238630370918 0.005178681283364169 0.00612312393635742 0.007067566589352282 0.008012009242345533 0.008956451895338785 0.009900894548332035 0.010845337201325286 0.011603169756052686 0.01216151189520171 0.012719854034350735 0.013278196173499759 0.013836538312648784 0.014394880451797808 0.014953222590946834 0.015511564730095857 0.016069906869245833 0.01662824900839486 0.017186591147543884 0.01774493328669291 0.0180334175064316 0.0180334175064316 0.0180334175064316 0.0180334175064316 0.0180334175064316 0.0180334175064316 0.0180334175064316 0.0180334175064316 0.0180334175064316
-9999.0 -9999.0 -9999.0 -9999.0 -9999.0 -9999.0 -9999.0 -9999.0 -9999.0 -9999.0 -9999.0 -9999.0 -9999.0 -9999.0 -9999.0 -9999.0 -9999.0 -9999.0 -9999.0 -9999.0 -9999.0 -9999.0 0.001120690192597668 0.001442420666450379 0.00176415114030309 0.002085881614155801 0.0024076120880090605 0.0027293425618617716 0.0030510730357144827 0.0033728035095671933 0.0036945339834199044 0.003952694525153929 0.004142897371701601 0.004333100218249274 0.004523303064796947 0.0047135059113446185 0.004903708757892291 0.005093911604439964 0.0052841144509876365 0.005474317297535633 0.005664520144083305 0.005854722990630978 0.006044925837178651 0.006143199845051336 0.006143199845051336 0.006143199845051336 0.006143199845051336 0.006143199845051336 0.006143199845051336 0.006143199845051336 0.006143199845051336 0.006143199845051336
-9999.0 -9999.0 -9999.0 -9999.0 -9999.0 -9999.0 -9999.0 -9999.0 -9999.0 -9999.0 -9999.0 -9999.0 -9999.0 -9999.0 -9999.0 -9999.0 -9999.0 -9999.0 -9999.0 -9999.0 -9999.0 0.0 0.0 0.0 0.0 0.0 0.0 0.0 0.0 0.0 0.0 0.0 0.0 0.0 0.0 0.0 0.0 0.0 0.0 0.0 0.0 0.0 0.0 0.0 0.0 0.0 0.0 0.0 0.0 0.0 0.0 0.0
