Figures/CREST_Example_wjb_NSE/Rolling_result/20100722/BJP_forecast/ens_38/wjb.rain.20091212.asc
ncols            288
nrows            254
xllcorner        113.274861
yllcorner        31.4918055
cellsize         0.008333333333
NODATA_value     -9999
[rows 198 to 219 of 254, columns 153 to 203 of 288]
1.1892766216077904 1.1892766216077904 1.1892766216077904 1.1892766216077904 1.1892766216077904 1.1892766216077904 1.1706147863246557 1.1320030269753991 1.0933912676261426 1.0547795082768858 1.0161677489276293 0.9775559895783728 0.9389442302291161 0.9003324708798595 0.8617207115306029 0.8231089521813464 0.7844971928320239 0.7458854334827674 0.7259355093980773 0.7259355093980773 0.7259355093980773 0.7259355093980773 0.7259355093980773 0.7259355093980773 0.7259355093980773 0.7259355093980773 0.7259355093980773 0.7259355093980773 0.7259355093980773 0.7259355093980773 0.697637021252855 0.6390868090253861 0.580536596797917 0.5219863845704481 0.4634361723429792 0.40488596011551026 0.3463357478880413 0.28778553566057236 0.22923532343310338 0.17068511120563445 0.11213489897816553 0.05358468675069661 0.022393188696793603 0.020448775143522058 0.01850436159025051 0.016559948036978963 0.014615534483707416 0.012671120930435868 0.01072670737716432 0.008782293823892775 0.006837880270621228
1.3911078340221876 1.3911078340221876 1.3911078340221876 1.3911078340221876 1.3911078340221876 1.3911078340221876 1.3692713646655228 1.3240912156048927 1.2789110665442625 1.2337309174836322 1.188550768423002 1.1433706193623716 1.0981904703017413 1.053010321241111 1.0078301721804808 0.9626500231198505 0.9174698740591432 0.872289724998513 0.8489460452728205 0.8489460452728205 0.8489460452728205 0.8489460452728205 0.8489460452728205 0.8489460452728205 0.8489460452728205 0.8489460452728205 0.8489460452728205 0.8489460452728205 0.8489460452728205 0.8489460452728205 0.8157156682292919 0.7469612662869429 0.678206864344594 0.609452462402245 0.5406980604598961 0.47194365851754727 0.40318925657519833 0.3344348546328494 0.26568045269050045 0.1969260507481515 0.12817164880580256 0.05941724686345373 0.022930882611696568 0.020939780784155326 0.018948678956614083 0.01695757712907284 0.014966475301531596 0.012975373473990352 0.01098427164644911 0.008993169818907866 0.0070020679913666214
1.5929390464366713 1.5929390464366713 1.5929390464366713 1.5929390464366713 1.5929390464366713 1.5929390464366713 1.5679279430064752 1.5161794042344683 1.4644308654624616 1.412682326690455 1.360933787918448 1.3091852491464413 1.2574367103744346 1.2056881716024277 1.153939632830421 1.102191094058414 1.050442555286319 0.9986940165143123 0.9719565811476161 0.9719565811476161 0.9719565811476161 0.9719565811476161 0.9719565811476161 0.9719565811476161 0.9719565811476161 0.9719565811476161 0.9719565811476161 0.9719565811476161 0.9719565811476161 0.9719565811476161 0.9337943152057792 0.8548357235485459 0.7758771318913126 0.6969185402340794 0.6179599485768461 0.5390013569196128 0.4600427652623795 0.38108417360514624 0.30212558194791306 0.22316699029067977 0.14420839863344648 0.06524980697621319 0.02346857652659977 0.02143078642478881 0.01939299632297785 0.01735520622116689 0.015317416119355928 0.013279626017544968 0.011241835915734008 0.009204045813923048 0.007166255712112088
1.7947702588510686 1.7947702588510686 1.7947702588510686 1.7947702588510686 1.7947702588510686 1.7947702588510686 1.7665845213473423 1.708267592863962 1.6499506643805815 1.591633735897201 1.5333168074138204 1.47499987893044 1.4166829504470595 1.358366021963679 1.3000490934802986 1.2417321649969182 1.1834152365134383 1.1250983080300578 1.0949671170223592 1.0949671170223592 1.0949671170223592 1.0949671170223592 1.0949671170223592 1.0949671170223592 1.0949671170223592 1.0949671170223592 1.0949671170223592 1.0949671170223592 1.0949671170223592 1.0949671170223592 1.0518729621822158 0.9627101808101027 0.8735473994379894 0.7843846180658762 0.695221836693763 0.6060590553216498 0.5168962739495365 0.4277334925774233 0.3385707112053101 0.24940792983319682 0.16024514846108362 0.07108236708897042 0.024006270441502733 0.02192179206542208 0.019837313689341423 0.017752835313260766 0.01566835693718011 0.013583878561099452 0.011499400185018795 0.009414921808938138 0.0073304434328574815
1.9966014712654658 1.9966014712654658 1.9966014712654658 1.9966014712654658 1.9966014712654658 1.9966014712654658 1.9652410996882095 1.9003557814934555 1.8354704632987013 1.7705851451039472 1.705699826909193 1.6408145087144388 1.5759291905196848 1.5110438723249306 1.4461585541301765 1.3812732359354223 1.3163879177405575 1.2515025995458033 1.2179776528971025 1.2179776528971025 1.2179776528971025 1.2179776528971025 1.2179776528971025 1.2179776528971025 1.2179776528971025 1.2179776528971025 1.2179776528971025 1.2179776528971025 1.2179776528971025 1.2179776528971025 1.169951609158653 1.0705846380716597 0.9712176669846665 0.8718506958976733 0.7724837248106801 0.6731167537236868 0.5737497826366936 0.4743828115497004 0.3750158404627071 0.27564886937571387 0.17628189828872065 0.07691492720172755 0.024543964356405705 0.02241279770605535 0.020281631055704998 0.018150464405354644 0.016019297755004294 0.01388813110465394 0.011756964454303588 0.009625797803953232 0.007494631153602882
2.1984326836798633 2.1984326836798633 2.1984326836798633 2.1984326836798633 2.1984326836798633 2.1984326836798633 2.163897678029077 2.0924439701229494 2.0209902622168214 1.9495365543106935 1.8780828464045656 1.8066291384984379 1.73517543059231 1.6637217226861822 1.5922680147800543 1.5208143068739264 1.4493605989676768 1.3779068910615488 1.3409881887718456 1.3409881887718456 1.3409881887718456 1.3409881887718456 1.3409881887718456 1.3409881887718456 1.3409881887718456 1.3409881887718456 1.3409881887718456 1.3409881887718456 1.3409881887718456 1.3409881887718456 1.2880302561350898 1.1784590953332166 1.0688879345313433 0.9593167737294701 0.8497456129275969 0.7401744521257237 0.6306032913238505 0.5210321305219773 0.41146096972010404 0.3018898089182309 0.19231864811635768 0.08274748731448445 0.02508165827130867 0.022903803346688623 0.020725948422068572 0.01854809349744852 0.016370238572828474 0.014192383648208424 0.012014528723588375 0.009836673798968326 0.007658818874348276
2.400263896094347 2.400263896094347 2.400263896094347 2.400263896094347 2.400263896094347 2.400263896094347 2.3625542563700295 2.284532158752525 2.2065100611350204 2.1284879635175162 2.0504658659000117 1.9724437682825073 1.894421670665003 1.8163995730474987 1.7383774754299943 1.66035537781249 1.5823332801948524 1.5043111825773483 1.463998724646641 1.463998724646641 1.463998724646641 1.463998724646641 1.463998724646641 1.463998724646641 1.463998724646641 1.463998724646641 1.463998724646641 1.463998724646641 1.463998724646641 1.463998724646641 1.4061089031115768 1.2863335525948194 1.1665582020780618 1.0467828515613042 0.9270075010445467 0.8072321505277892 0.6874568000110316 0.567681449494274 0.44790609897751654 0.32813074846075896 0.20835539794400137 0.08858004742724379 0.025619352186211867 0.023394808987322102 0.021170265788432334 0.01894572258954257 0.016721179390652804 0.014496636191763038 0.012272092992873273 0.010047549793983507 0.007823006595093742
2.5045420099049807 2.5045420099049807 2.5045420099049807 2.5045420099049807 2.5045420099049807 2.5045420099049807 2.465192163746452 2.383776441913537 2.3023607200806215 2.2209449982477065 2.1395292764147915 2.058113554581876 1.976697832748961 1.895282110916046 1.8138663890831308 1.7324506672502156 1.6510349454171616 1.5696192235842465 1.5275533478707075 1.5275533478707075 1.5275533478707075 1.5275533478707075 1.5275533478707075 1.5275533478707075 1.5275533478707075 1.5275533478707075 1.5275533478707075 1.5275533478707075 1.5275533478707075 1.5275533478707075 1.467115416627106 1.3420679694722486 1.2170205223173913 1.0919730751625338 0.9669256280076766 0.8418781808528192 0.7168307336979618 0.5917832865431044 0.46673583938824703 0.34168839223338976 0.21664094507853227 0.091593497923675 0.02589715712323229 0.023648491960649803 0.02139982679806732 0.019151161635484835 0.016902496472902352 0.014653831310319866 0.012405166147737382 0.010156500985154897 0.007907835822572411
2.5045420099049807 2.5045420099049807 2.5045420099049807 2.5045420099049807 2.5045420099049807 2.5045420099049807 2.465192163746452 2.383776441913537 2.3023607200806215 2.2209449982477065 2.1395292764147915 2.058113554581876 1.976697832748961 1.895282110916046 1.8138663890831308 1.7324506672502156 1.6510349454171616 1.5696192235842465 1.5275533478707075 1.5275533478707075 1.5275533478707075 1.5275533478707075 1.5275533478707075 1.5275533478707075 1.5275533478707075 1.5275533478707075 1.5275533478707075 1.5275533478707075 1.5275533478707075 1.5275533478707075 1.467115416627106 1.3420679694722486 1.2170205223173913 1.0919730751625338 0.9669256280076766 0.8418781808528192 0.7168307336979618 0.5917832865431044 0.46673583938824703 0.34168839223338976 0.21664094507853227 0.091593497923675 0.02589715712323229 0.023648491960649803 0.02139982679806732 0.019151161635484835 0.016902496472902352 0.014653831310319866 0.012405166147737382 0.010156500985154897 0.007907835822572411
2.5045420099049807 2.5045420099049807 2.5045420099049807 2.5045420099049807 2.5045420099049807 2.5045420099049807 2.465192163746452 2.383776441913537 2.3023607200806215 2.2209449982477065 2.1395292764147915 2.058113554581876 1.976697832748961 1.895282110916046 1.8138663890831308 1.7324506672502156 1.6510349454171616 1.5696192235842465 1.5275533478707075 1.5275533478707075 1.5275533478707075 1.5275533478707075 1.5275533478707075 1.5275533478707075 1.5275533478707075 1.5275533478707075 1.5275533478707075 1.5275533478707075 1.5275533478707075 1.5275533478707075 1.467115416627106 1.3420679694722486 1.2170205223173913 1.0919730751625338 0.9669256280076766 0.8418781808528192 0.7168307336979618 0.5917832865431044 0.46673583938824703 0.34168839223338976 0.21664094507853227 0.091593497923675 0.02589715712323229 0.023648491960649803 0.02139982679806732 0.019151161635484835 0.016902496472902352 0.014653831310319866 0.012405166147737382 0.010156500985154897 0.007907835822572411
2.5045420099049807 2.5045420099049807 2.5045420099049807 2.5045420099049807 2.5045420099049807 2.5045420099049807 2.465192163746452 2.383776441913537 2.3023607200806215 2.2209449982477065 2.1395292764147915 2.058113554581876 1.976697832748961 1.895282110916046 1.8138663890831308 1.7324506672502156 1.6510349454171616 1.5696192235842465 1.5275533478707075 1.5275533478707075 1.5275533478707075 1.5275533478707075 1.5275533478707075 1.5275533478707075 1.5275533478707075 1.5275533478707075 1.5275533478707075 1.5275533478707075 1.5275533478707075 1.5275533478707075 1.467115416627106 1.3420679694722486 1.2170205223173913 1.0919730751625338 0.9669256280076766 0.8418781808528192 0.7168307336979618 0.5917832865431044 0.46673583938824703 0.34168839223338976 0.21664094507853227 0.091593497923675 0.02589715712323229 0.023648491960649803 0.02139982679806732 0.019151161635484835 0.016902496472902352 0.014653831310319866 0.012405166147737382 0.010156500985154897 0.007907835822572411
2.5045420099049807 2.5045420099049807 2.5045420099049807 2.5045420099049807 2.5045420099049807 2.5045420099049807 2.465192163746452 2.383776441913537 2.3023607200806215 2.2209449982477065 2.1395292764147915 2.058113554581876 1.976697832748961 1.895282110916046 1.8138663890831308 1.7324506672502156 1.6510349454171616 1.5696192235842465 1.5275533478707075 1.5275533478707075 1.5275533478707075 1.5275533478707075 1.5275533478707075 1.5275533478707075 1.5275533478707075 1.5275533478707075 1.5275533478707075 1.5275533478707075 1.5275533478707075 1.5275533478707075 1.467115416627106 1.3420679694722486 1.2170205223173913 1.0919730751625338 0.9669256280076766 0.8418781808528192 0.7168307336979618 0.5917832865431044 0.46673583938824703 0.34168839223338976 0.21664094507853227 0.091593497923675 0.02589715712323229 0.023648491960649803 0.02139982679806732 0.019151161635484835 0.016902496472902352 0.014653831310319866 0.012405166147737382 0.010156500985154897 0.007907835822572411
2.5045420099049807 2.5045420099049807 2.5045420099049807 2.5045420099049807 2.5045420099049807 2.5045420099049807 2.465192163746452 2.383776441913537 2.3023607200806215 2.2209449982477065 2.1395292764147915 2.058113554581876 1.976697832748961 1.895282110916046 1.8138663890831308 1.7324506672502156 1.6510349454171616 1.5696192235842465 1.5275533478707075 1.5275533478707075 1.5275533478707075 1.5275533478707075 1.5275533478707075 1.5275533478707075 1.5275533478707075 1.5275533478707075 1.5275533478707075 1.5275533478707075 1.5275533478707075 1.5275533478707075 1.467115416627106 1.3420679694722486 1.2170205223173913 1.0919730751625338 0.9669256280076766 0.8418781808528192 0.7168307336979618 0.5917832865431044 0.46673583938824703 0.34168839223338976 0.21664094507853227 0.091593497923675 0.02589715712323229 0.023648491960649803 0.02139982679806732 0.019151161635484835 0.016902496472902352 0.014653831310319866 0.012405166147737382 0.010156500985154897 0.007907835822572411
2.5045420099049807 2.5045420099049807 2.5045420099049807 2.5045420099049807 2.5045420099049807 2.5045420099049807 2.465192163746452 2.383776441913537 2.3023607200806215 2.2209449982477065 2.1395292764147915 2.058113554581876 1.976697832748961 1.895282110916046 1.8138663890831308 1.7324506672502156 1.6510349454171616 1.5696192235842465 1.5275533478707075 1.5275533478707075 1.5275533478707075 1.5275533478707075 1.5275533478707075 1.5275533478707075 1.5275533478707075 1.5275533478707075 1.5275533478707075 1.5275533478707075 1.5275533478707075 1.5275533478707075 1.467115416627106 1.3420679694722486 1.2170205223173913 1.0919730751625338 0.9669256280076766 0.8418781808528192 0.7168307336979618 0.5917832865431044 0.46673583938824703 0.34168839223338976 0.21664094507853227 0.091593497923675 0.02589715712323229 0.023648491960649803 0.02139982679806732 0.019151161635484835 0.016902496472902352 0.014653831310319866 0.012405166147737382 0.010156500985154897 0.007907835822572411
2.5045420099049807 2.5045420099049807 2.5045420099049807 2.5045420099049807 2.5045420099049807 2.5045420099049807 2.465192163746452 2.383776441913537 2.3023607200806215 2.2209449982477065 2.1395292764147915 2.058113554581876 1.976697832748961 1.895282110916046 1.8138663890831308 1.7324506672502156 1.6510349454171616 1.5696192235842465 1.5275533478707075 1.5275533478707075 1.5275533478707075 1.5275533478707075 1.5275533478707075 1.5275533478707075 1.5275533478707075 1.5275533478707075 1.5275533478707075 1.5275533478707075 1.5275533478707075 1.5275533478707075 1.467115416627106 1.3420679694722486 1.2170205223173913 1.0919730751625338 0.9669256280076766 0.8418781808528192 0.7168307336979618 0.5917832865431044 0.46673583938824703 0.34168839223338976 0.21664094507853227 0.091593497923675 0.02589715712323229 0.023648491960649803 0.02139982679806732 0.019151161635484835 0.016902496472902352 0.014653831310319866 0.012405166147737382 0.010156500985154897 0.007907835822572411
2.5045420099049807 2.5045420099049807 2.5045420099049807 2.5045420099049807 2.5045420099049807 2.5045420099049807 2.465192163746452 2.383776441913537 2.3023607200806215 2.2209449982477065 2.1395292764147915 2.058113554581876 1.976697832748961 1.895282110916046 1.8138663890831308 1.7324506672502156 1.6510349454171616 1.5696192235842465 1.5275533478707075 1.5275533478707075 1.5275533478707075 1.5275533478707075 1.5275533478707075 1.5275533478707075 1.5275533478707075 1.5275533478707075 1.5275533478707075 1.5275533478707075 1.5275533478707075 1.5275533478707075 1.467115416627106 1.3420679694722486 1.2170205223173913 1.0919730751625338 0.9669256280076766 0.8418781808528192 0.7168307336979618 0.5917832865431044 0.46673583938824703 0.34168839223338976 0.21664094507853227 0.091593497923675 0.02589715712323229 0.023648491960649803 0.02139982679806732 0.019151161635484835 0.016902496472902352 0.014653831310319866 0.012405166147737382 0.010156500985154897 0.007907835822572411
2.5045420099049807 2.5045420099049807 2.5045420099049807 2.5045420099049807 2.5045420099049807 2.5045420099049807 2.465192163746452 2.383776441913537 2.3023607200806215 2.2209449982477065 2.1395292764147915 2.058113554581876 1.976697832748961 1.895282110916046 1.8138663890831308 1.7324506672502156 1.6510349454171616 1.5696192235842465 1.5275533478707075 1.5275533478707075 1.5275533478707075 1.5275533478707075 1.5275533478707075 1.5275533478707075 1.5275533478707075 1.5275533478707075 1.5275533478707075 1.5275533478707075 1.5275533478707075 1.5275533478707075 1.467115416627106 1.3420679694722486 1.2170205223173913 1.0919730751625338 0.9669256280076766 0.8418781808528192 0.7168307336979618 0.5917832865431044 0.46673583938824703 0.34168839223338976 0.21664094507853227 0.091593497923675 0.02589715712323229 0.023648491960649803 0.02139982679806732 0.019151161635484835 0.016902496472902352 0.014653831310319866 0.012405166147737382 0.010156500985154897 0.007907835822572411
2.5045420099049807 2.5045420099049807 2.5045420099049807 2.5045420099049807 2.5045420099049807 2.5045420099049807 2.465192163746452 2.383776441913537 2.3023607200806215 2.2209449982477065 2.1395292764147915 2.058113554581876 1.976697832748961 1.895282110916046 1.8138663890831308 1.7324506672502156 1.6510349454171616 1.5696192235842465 1.5275533478707075 1.5275533478707075 1.5275533478707075 1.5275533478707075 1.5275533478707075 1.5275533478707075 1.5275533478707075 1.5275533478707075 1.5275533478707075 1.5275533478707075 1.5275533478707075 1.5275533478707075 1.467115416627106 1.3420679694722486 1.2170205223173913 1.0919730751625338 0.9669256280076766 0.8418781808528192 0.7168307336979618 0.5917832865431044 0.46673583938824703 0.34168839223338976 0.21664094507853227 0.091593497923675 0.02589715712323229 0.023648491960649803 0.02139982679806732 0.019151161635484835 0.016902496472902352 0.014653831310319866 0.012405166147737382 0.010156500985154897 0.007907835822572411
2.5045420099049807 2.5045420099049807 2.5045420099049807 2.5045420099049807 2.5045420099049807 2.5045420099049807 2.465192163746452 2.383776441913537 2.3023607200806215 2.2209449982477065 2.1395292764147915 2.058113554581876 1.976697832748961 1.895282110916046 1.8138663890831308 1.7324506672502156 1.6510349454171616 1.5696192235842465 1.5275533478707075 1.5275533478707075 1.5275533478707075 1.5275533478707075 1.5275533478707075 1.5275533478707075 1.5275533478707075 1.5275533478707075 1.5275533478707075 1.5275533478707075 1.5275533478707075 1.5275533478707075 1.467115416627106 1.3420679694722486 1.2170205223173913 1.0919730751625338 0.9669256280076766 0.8418781808528192 0.7168307336979618 0.5917832865431044 0.46673583938824703 0.34168839223338976 0.21664094507853227 0.091593497923675 0.02589715712323229 0.023648491960649803 0.02139982679806732 0.019151161635484835 0.016902496472902352 0.014653831310319866 0.012405166147737382 0.010156500985154897 0.007907835822572411
2.6466829053250005 2.6466829053250005 2.6466829053250005 2.6466829053250005 2.6466829053250005 2.6466829053250005 2.605938921360614 2.521638696870658 2.4373384723807012 2.3530382478907446 2.268738023400788 2.1844377989108312 2.1001375744208746 2.015837349930918 1.9315371254409612 1.8472369009510046 1.7629366764609042 1.6786364519709476 1.6350802114048375 1.6350802114048375 1.6350802114048375 1.6350802114048375 1.6350802114048375 1.6350802114048375 1.6350802114048375 1.6350802114048375 1.6350802114048375 1.6350802114048375 1.6350802114048375 1.6350802114048375 1.5766273036569718 1.455686915026068 1.3347465263951643 1.2138061377642606 1.0928657491333569 0.9719253605024532 0.8509849718715494 0.7300445832406457 0.609104194609742 0.48816380597883824 0.3672234173479345 0.24628302871703078 0.18172138941904808 0.17742990884705817 0.17313842827506826 0.16884694770307834 0.16455546713108843 0.16026398655909851 0.15597250598710863 0.15168102541511871 0.1473895448431288
2.940763459355206 2.940763459355206 2.940763459355206 2.940763459355206 2.940763459355206 2.940763459355206 2.897135092137643 2.806867013449373 2.7165989347611035 2.626330856072834 2.5360627773845636 2.445794698696294 2.3555266200080243 2.2652585413197546 2.1749904626314844 2.0847223839432147 1.994454305254791 1.9041862265665213 1.8575465150524049 1.8575465150524049 1.8575465150524049 1.8575465150524049 1.8575465150524049 1.8575465150524049 1.8575465150524049 1.8575465150524049 1.8575465150524049 1.8575465150524049 1.8575465150524049 1.8575465150524049 1.8032004958088217 1.6907573524118793 1.5783142090149371 1.4658710656179947 1.3534279222210523 1.24098477882411 1.1285416354271676 1.0160984920302254 0.9036553486332829 0.7912122052363406 0.6787690618393982 0.5663259184424558 0.5041119050371925 0.49559396813393514 0.4870760312306778 0.4785580943274204 0.4700401574241631 0.46152222052090575 0.4530042836176484 0.444486346714391 0.4359684098111337
3.2348440133854113 3.2348440133854113 3.2348440133854113 3.2348440133854113 3.2348440133854113 3.2348440133854113 3.1883312629146716 3.092095330028089 2.9958593971415057 2.899623464254923 2.80338753136834 2.707151598481757 2.610915665595174 2.514679732708591 2.418443799822008 2.322207866935425 2.225971934048678 2.1297360011620947 2.0800128186999722 2.0800128186999722 2.0800128186999722 2.0800128186999722 2.0800128186999722 2.0800128186999722 2.0800128186999722 2.0800128186999722 2.0800128186999722 2.0800128186999722 2.0800128186999722 2.0800128186999722 2.0297736879606716 1.9258277897976908 1.82188189163471 1.7179359934717289 1.613990095308748 1.510044197145767 1.4060982989827862 1.3021524008198053 1.1982065026568243 1.0942606044938432 0.9903147063308624 0.8863688081678813 0.8265024206553373 0.8137580274208124 0.8010136341862876 0.7882692409517627 0.7755248477172378 0.762780454482713 0.7500360612481881 0.7372916680136633 0.7245472747791384
