Figures/CREST_Example_wjb_NSE/Rolling_result/20100722/BJP_forecast/ens_38/wjb.rain.20100308.asc
ncols            288
nrows            254
xllcorner        113.274861
yllcorner        31.4918055
cellsize         0.008333333333
NODATA_value     -9999
[rows 92 to 114 of 254, columns 156 to 207 of 288]
0.0 0.0 0.0 0.0033942314933215543 0.010416973233746211 0.01743971497417087 0.024462456714595526 0.03148519845502019 0.038507940195444845 0.0455306819358695 0.05255342367629416 0.05957616541671881 0.06659890715714348 0.0736216488975801 0.08064439063800477 0.08427290088848507 0.08427290088848507 0.08427290088848507 0.08427290088848507 0.08427290088848507 0.08427290088848507 0.08427290088848507 0.08427290088848507 0.08427290088848507 0.08427290088848507 0.08427290088848507 0.08427290088848507 0.0866806627229012 0.09166237643406516 0.09664409014522912 0.10162580385639308 0.10660751756755704 0.11158923127872099 0.11657094498988495 0.1215526587010489 0.12653437241221285 0.1315160861233768 0.13649779983454077 0.14147951354570473 0.14038630456488135 0.1327988657683069 0.1252114269717325 0.11762398817515804 0.11003654937858359 0.10244911058200915 0.09486167178543471 0.08727423298886028 0.07968679419228583 0.0720993553957114 0.06451191659913696 0.05692447780256252 0.0530041998623147
0.0 0.0 0.0 0.0037227551593427936 0.01142521979628296 0.019127684433223126 0.026830149070163293 0.03453261370710346 0.04223507834404363 0.049937542980983796 0.05764000761792396 0.06534247225486413 0.0730449368918043 0.0807474015287576 0.08844986616569776 0.09242957564699922 0.09242957564699922 0.09242957564699922 0.09242957564699922 0.09242957564699922 0.09242957564699922 0.09242957564699922 0.09242957564699922 0.09242957564699922 0.09242957564699922 0.09242957564699922 0.09242957564699922 0.0948643003967678 0.09990180098983356 0.10493930158289932 0.10997680217596509 0.11501430276903087 0.12005180336209663 0.12508930395516238 0.13012680454822817 0.1351643051412939 0.1402018057343597 0.14523930632742543 0.15027680692049122 0.14914221335057143 0.14140951146369285 0.13367680957681427 0.1259441076899357 0.11821140580305711 0.11047870391617853 0.10274600202929995 0.09501330014242138 0.0872805982555428 0.07954789636866422 0.07181519448178564 0.06408249259490706 0.060087160119957926
0.0 0.0 0.0 0.0040512788253640325 0.012433466358819707 0.020815653892275382 0.029197841425731057 0.03758002895918673 0.045962216492642406 0.05434440402609808 0.06272659155955376 0.07110877909300943 0.07949096662646511 0.08787315415993507 0.09625534169339076 0.10058625040551336 0.10058625040551336 0.10058625040551336 0.10058625040551336 0.10058625040551336 0.10058625040551336 0.10058625040551336 0.10058625040551336 0.10058625040551336 0.10058625040551336 0.10058625040551336 0.10058625040551336 0.10304793807063439 0.10814122554560196 0.11323451302056954 0.11832780049553711 0.12342108797050468 0.12851437544547226 0.13360766292043982 0.1387009503954074 0.14379423787037496 0.14888752534534253 0.1539808128203101 0.15907410029527766 0.15789812213626148 0.15002015715907877 0.14214219218189605 0.13426422720471334 0.12638626222753063 0.1185082972503479 0.11063033227316518 0.10275236729598247 0.09487440231879975 0.08699643734161704 0.07911847236443433 0.0712405073872516 0.06717012037760116
0.0 0.0 0.0 0.004379802491385272 0.013441712921356456 0.02250362335132764 0.031565533781298824 0.04062744421127001 0.04968935464124119 0.05875126507121238 0.06781317550118356 0.07687508593115475 0.08593699636112594 0.09499890679111257 0.10406081722108375 0.1087429251640275 0.1087429251640275 0.1087429251640275 0.1087429251640275 0.1087429251640275 0.1087429251640275 0.1087429251640275 0.1087429251640275 0.1087429251640275 0.1087429251640275 0.1087429251640275 0.1087429251640275 0.11123157574450099 0.11638065010137037 0.12152972445823974 0.12667879881510913 0.1318278731719785 0.13697694752884787 0.14212602188571727 0.14727509624258664 0.152424170599456 0.1575732449563254 0.16272231931319478 0.16787139367006415 0.16665403092195155 0.1586308028544647 0.15060757478697784 0.142584346719491 0.13456111865200412 0.12653789058451728 0.11851466251703041 0.11049143444954357 0.10246820638205671 0.09444497831456986 0.086421750247083 0.07839852217959614 0.07425308063524438
0.0 0.0 0.0 0.004708326157406512 0.014449959483893205 0.0241915928103799 0.03393322613686659 0.04367485946335328 0.05341649278983998 0.06315812611632667 0.07289975944281336 0.08264139276930006 0.09238302609578675 0.10212465942229006 0.11186629274877675 0.11689959992254163 0.11689959992254163 0.11689959992254163 0.11689959992254163 0.11689959992254163 0.11689959992254163 0.11689959992254163 0.11689959992254163 0.11689959992254163 0.11689959992254163 0.11689959992254163 0.11689959992254163 0.11941521341836757 0.12462007465713876 0.12982493589590993 0.13502979713468113 0.1402346583734523 0.1454395196122235 0.15064438085099469 0.15584924208976586 0.16105410332853706 0.16625896456730824 0.17146382580607944 0.17666868704485061 0.1754099397076416 0.16724144854985062 0.15907295739205962 0.15090446623426862 0.14273597507647762 0.13456748391868664 0.12639899276089564 0.11823050160310464 0.11006201044531365 0.10189351928752266 0.09372502812973166 0.08555653697194067 0.08133604089288761
0.0 0.0 0.0 0.004878061192630397 0.014970880146563127 0.025063699100495856 0.035156518054428584 0.04524933700836132 0.05534215596229405 0.06543497491622678 0.07552779387015951 0.08562061282409224 0.09571343177802497 0.10580625073197492 0.11589906968590764 0.12111382745206356 0.12111382745206356 0.12111382745206356 0.12111382745206356 0.12111382745206356 0.12111382745206356 0.12111382745206356 0.12111382745206356 0.12111382745206356 0.12111382745206356 0.12111382745206356 0.12111382745206356 0.12364337160756621 0.12887705569639052 0.13411073978521484 0.13934442387403914 0.14457810796286347 0.14981179205168776 0.1550454761405121 0.16027916022933641 0.1655128443181607 0.17074652840698504 0.17598021249580936 0.18121389658463366 0.17993376748588194 0.17169022470076645 0.16344668191565095 0.15520313913053546 0.14695959634541997 0.13871605356030448 0.13047251077518898 0.12222896799007349 0.11398542520495801 0.10574188241984252 0.09749833963472702 0.08925479684961153 0.08499552309513092
0.0 0.0 0.0 0.004878061192630397 0.014970880146563127 0.025063699100495856 0.035156518054428584 0.04524933700836132 0.05534215596229405 0.06543497491622678 0.07552779387015951 0.08562061282409224 0.09571343177802497 0.10580625073197492 0.11589906968590764 0.12111382745206356 0.12111382745206356 0.12111382745206356 0.12111382745206356 0.12111382745206356 0.12111382745206356 0.12111382745206356 0.12111382745206356 0.12111382745206356 0.12111382745206356 0.12111382745206356 0.12111382745206356 0.12364337160756621 0.12887705569639052 0.13411073978521484 0.13934442387403914 0.14457810796286347 0.14981179205168776 0.1550454761405121 0.16027916022933641 0.1655128443181607 0.17074652840698504 0.17598021249580936 0.18121389658463366 0.17993376748588194 0.17169022470076645 0.16344668191565095 0.15520313913053546 0.14695959634541997 0.13871605356030448 0.13047251077518898 0.12222896799007349 0.11398542520495801 0.10574188241984252 0.09749833963472702 0.08925479684961153 0.08499552309513092
0.0 0.0 0.0 0.004878061192630397 0.014970880146563127 0.025063699100495856 0.035156518054428584 0.04524933700836132 0.05534215596229405 0.06543497491622678 0.07552779387015951 0.08562061282409224 0.09571343177802497 0.10580625073197492 0.11589906968590764 0.12111382745206356 0.12111382745206356 0.12111382745206356 0.12111382745206356 0.12111382745206356 0.12111382745206356 0.12111382745206356 0.12111382745206356 0.12111382745206356 0.12111382745206356 0.12111382745206356 0.12111382745206356 0.12364337160756621 0.12887705569639052 0.13411073978521484 0.13934442387403914 0.14457810796286347 0.14981179205168776 0.1550454761405121 0.16027916022933641 0.1655128443181607 0.17074652840698504 0.17598021249580936 0.18121389658463366 0.17993376748588194 0.17169022470076645 0.16344668191565095 0.15520313913053546 0.14695959634541997 0.13871605356030448 0.13047251077518898 0.12222896799007349 0.11398542520495801 0.10574188241984252 0.09749833963472702 0.08925479684961153 0.08499552309513092
0.0 0.0 0.0 0.004878061192630397 0.014970880146563127 0.025063699100495856 0.035156518054428584 0.04524933700836132 0.05534215596229405 0.06543497491622678 0.07552779387015951 0.08562061282409224 0.09571343177802497 0.10580625073197492 0.11589906968590764 0.12111382745206356 0.12111382745206356 0.12111382745206356 0.12111382745206356 0.12111382745206356 0.12111382745206356 0.12111382745206356 0.12111382745206356 0.12111382745206356 0.12111382745206356 0.12111382745206356 0.12111382745206356 0.12364337160756621 0.12887705569639052 0.13411073978521484 0.13934442387403914 0.14457810796286347 0.14981179205168776 0.1550454761405121 0.16027916022933641 0.1655128443181607 0.17074652840698504 0.17598021249580936 0.18121389658463366 0.17993376748588194 0.17169022470076645 0.16344668191565095 0.15520313913053546 0.14695959634541997 0.13871605356030448 0.13047251077518898 0.12222896799007349 0.11398542520495801 0.10574188241984252 0.09749833963472702 0.08925479684961153 0.08499552309513092
0.0 0.0 0.0 0.004878061192630397 0.014970880146563127 0.025063699100495856 0.035156518054428584 0.04524933700836132 0.05534215596229405 0.06543497491622678 0.07552779387015951 0.08562061282409224 0.09571343177802497 0.10580625073197492 0.11589906968590764 0.12111382745206356 0.12111382745206356 0.12111382745206356 0.12111382745206356 0.12111382745206356 0.12111382745206356 0.12111382745206356 0.12111382745206356 0.12111382745206356 0.12111382745206356 0.12111382745206356 0.12111382745206356 0.12364337160756621 0.12887705569639052 0.13411073978521484 0.13934442387403914 0.14457810796286347 0.14981179205168776 0.1550454761405121 0.16027916022933641 0.1655128443181607 0.17074652840698504 0.17598021249580936 0.18121389658463366 0.17993376748588194 0.17169022470076645 0.16344668191565095 0.15520313913053546 0.14695959634541997 0.13871605356030448 0.13047251077518898 0.12222896799007349 0.11398542520495801 0.10574188241984252 0.09749833963472702 0.08925479684961153 0.08499552309513092
0.0 0.0 0.0 0.004878061192630397 0.014970880146563127 0.025063699100495856 0.035156518054428584 0.04524933700836132 0.05534215596229405 0.06543497491622678 0.07552779387015951 0.08562061282409224 0.09571343177802497 0.10580625073197492 0.11589906968590764 0.12111382745206356 0.12111382745206356 0.12111382745206356 0.12111382745206356 0.12111382745206356 0.12111382745206356 0.12111382745206356 0.12111382745206356 0.12111382745206356 0.12111382745206356 0.12111382745206356 0.12111382745206356 0.12364337160756621 0.12887705569639052 0.13411073978521484 0.13934442387403914 0.14457810796286347 0.14981179205168776 0.1550454761405121 0.16027916022933641 0.1655128443181607 0.17074652840698504 0.17598021249580936 0.18121389658463366 0.17993376748588194 0.17169022470076645 0.16344668191565095 0.15520313913053546 0.14695959634541997 0.13871605356030448 0.13047251077518898 0.12222896799007349 0.11398542520495801 0.10574188241984252 0.09749833963472702 0.08925479684961153 0.08499552309513092
0.0 0.0 0.0 0.004878061192630397 0.014970880146563127 0.025063699100495856 0.035156518054428584 0.04524933700836132 0.05534215596229405 0.06543497491622678 0.07552779387015951 0.08562061282409224 0.09571343177802497 0.10580625073197492 0.11589906968590764 0.12111382745206356 0.12111382745206356 0.12111382745206356 0.12111382745206356 0.12111382745206356 0.12111382745206356 0.12111382745206356 0.12111382745206356 0.12111382745206356 0.12111382745206356 0.12111382745206356 0.12111382745206356 0.12364337160756621 0.12887705569639052 0.13411073978521484 0.13934442387403914 0.14457810796286347 0.14981179205168776 0.1550454761405121 0.16027916022933641 0.1655128443181607 0.17074652840698504 0.17598021249580936 0.18121389658463366 0.17993376748588194 0.17169022470076645 0.16344668191565095 0.15520313913053546 0.14695959634541997 0.13871605356030448 0.13047251077518898 0.12222896799007349 0.11398542520495801 0.10574188241984252 0.09749833963472702 0.08925479684961153 0.08499552309513092
0.0 0.0 0.0 0.004878061192630397 0.014970880146563127 0.025063699100495856 0.035156518054428584 0.04524933700836132 0.05534215596229405 0.06543497491622678 0.07552779387015951 0.08562061282409224 0.09571343177802497 0.10580625073197492 0.11589906968590764 0.12111382745206356 0.12111382745206356 0.12111382745206356 0.12111382745206356 0.12111382745206356 0.12111382745206356 0.12111382745206356 0.12111382745206356 0.12111382745206356 0.12111382745206356 0.12111382745206356 0.12111382745206356 0.12364337160756621 0.12887705569639052 0.13411073978521484 0.13934442387403914 0.14457810796286347 0.14981179205168776 0.1550454761405121 0.16027916022933641 0.1655128443181607 0.17074652840698504 0.17598021249580936 0.18121389658463366 0.17993376748588194 0.17169022470076645 0.16344668191565095 0.15520313913053546 0.14695959634541997 0.13871605356030448 0.13047251077518898 0.12222896799007349 0.11398542520495801 0.10574188241984252 0.09749833963472702 0.08925479684961153 0.08499552309513092
0.0 0.0 0.0 0.004878061192630397 0.014970880146563127 0.025063699100495856 0.035156518054428584 0.04524933700836132 0.05534215596229405 0.06543497491622678 0.07552779387015951 0.08562061282409224 0.09571343177802497 0.10580625073197492 0.11589906968590764 0.12111382745206356 0.12111382745206356 0.12111382745206356 0.12111382745206356 0.12111382745206356 0.12111382745206356 0.12111382745206356 0.12111382745206356 0.12111382745206356 0.12111382745206356 0.12111382745206356 0.12111382745206356 0.12364337160756621 0.12887705569639052 0.13411073978521484 0.13934442387403914 0.14457810796286347 0.14981179205168776 0.1550454761405121 0.16027916022933641 0.1655128443181607 0.17074652840698504 0.17598021249580936 0.18121389658463366 0.17993376748588194 0.17169022470076645 0.16344668191565095 0.15520313913053546 0.14695959634541997 0.13871605356030448 0.13047251077518898 0.12222896799007349 0.11398542520495801 0.10574188241984252 0.09749833963472702 0.08925479684961153 0.08499552309513092
0.0 0.0 0.0 0.004878061192630397 0.014970880146563127 0.025063699100495856 0.035156518054428584 0.04524933700836132 0.05534215596229405 0.06543497491622678 0.07552779387015951 0.08562061282409224 0.09571343177802497 0.10580625073197492 0.11589906968590764 0.12111382745206356 0.12111382745206356 0.12111382745206356 0.12111382745206356 0.12111382745206356 0.12111382745206356 0.12111382745206356 0.12111382745206356 0.12111382745206356 0.12111382745206356 0.12111382745206356 0.12111382745206356 0.12364337160756621 0.12887705569639052 0.13411073978521484 0.13934442387403914 0.14457810796286347 0.14981179205168776 0.1550454761405121 0.16027916022933641 0.1655128443181607 0.17074652840698504 0.17598021249580936 0.18121389658463366 0.17993376748588194 0.17169022470076645 0.16344668191565095 0.15520313913053546 0.14695959634541997 0.13871605356030448 0.13047251077518898 0.12222896799007349 0.11398542520495801 0.10574188241984252 0.09749833963472702 0.08925479684961153 0.08499552309513092
0.0 0.0 0.0 0.004878061192630397 0.014970880146563127 0.025063699100495856 0.035156518054428584 0.04524933700836132 0.05534215596229405 0.06543497491622678 0.07552779387015951 0.08562061282409224 0.09571343177802497 0.10580625073197492 0.11589906968590764 0.12111382745206356 0.12111382745206356 0.12111382745206356 0.12111382745206356 0.12111382745206356 0.12111382745206356 0.12111382745206356 0.12111382745206356 0.12111382745206356 0.12111382745206356 0.12111382745206356 0.12111382745206356 0.12364337160756621 0.12887705569639052 0.13411073978521484 0.13934442387403914 0.14457810796286347 0.14981179205168776 0.1550454761405121 0.16027916022933641 0.1655128443181607 0.17074652840698504 0.17598021249580936 0.18121389658463366 0.17993376748588194 0.17169022470076645 0.16344668191565095 0.15520313913053546 0.14695959634541997 0.13871605356030448 0.13047251077518898 0.12222896799007349 0.11398542520495801 0.10574188241984252 0.09749833963472702 0.08925479684961153 0.08499552309513092
0.0 0.0 0.0 0.004878061192630397 0.014970880146563127 0.025063699100495856 0.035156518054428584 0.04524933700836132 0.05534215596229405 0.06543497491622678 0.07552779387015951 0.08562061282409224 0.09571343177802497 0.10580625073197492 0.11589906968590764 0.12111382745206356 0.12111382745206356 0.12111382745206356 0.12111382745206356 0.12111382745206356 0.12111382745206356 0.12111382745206356 0.12111382745206356 0.12111382745206356 0.12111382745206356 0.12111382745206356 0.12111382745206356 0.12364337160756621 0.12887705569639052 0.13411073978521484 0.13934442387403914 0.14457810796286347 0.14981179205168776 0.1550454761405121 0.16027916022933641 0.1655128443181607 0.17074652840698504 0.17598021249580936 0.18121389658463366 0.17993376748588194 0.17169022470076645 0.16344668191565095 0.15520313913053546 0.14695959634541997 0.13871605356030448 0.13047251077518898 0.12222896799007349 0.11398542520495801 0.10574188241984252 0.09749833963472702 0.08925479684961153 0.08499552309513092
0.007928004580640163 0.007928004580640163 0.007928004580640163 0.012389274746150012 0.02161974363676116 0.03085021252737231 0.04008068141798346 0.04931115030859461 0.05854161919920576 0.06777208808981691 0.07700255698042806 0.0862330258710392 0.09546349476165036 0.10469396365227725 0.1139244325428884 0.1186936312724286 0.1186936312724286 0.1186936312724286 0.1186936312724286 0.1186936312724286 0.1186936312724286 0.1186936312724286 0.1186936312724286 0.1186936312724286 0.1186936312724286 0.1186936312724286 0.1186936312724286 0.12102228686065465 0.12584032795866773 0.1306583690566808 0.13547641015469386 0.14029445125270695 0.14511249235072002 0.14993053344873308 0.15474857454674615 0.1595666156447592 0.1643846567427723 0.16920269784078537 0.17402073893879844 0.17268633513449583 0.16477482851749742 0.156863321900499 0.1489518152835006 0.1410403086665022 0.13312880204950375 0.12521729543250534 0.11730578881550693 0.10939428219850852 0.1014827755815101 0.09357126896451169 0.08565976234751328 0.0815720450431251
0.02433054623975406 0.02433054623975406 0.02433054623975406 0.02792950204659364 0.035375823022745646 0.04282214399889765 0.05026846497504966 0.057714785951201664 0.06516110692735366 0.07260742790350568 0.08005374887965769 0.08750006985580969 0.0949463908319617 0.1023927118081264 0.10983903278427841 0.11368639795717173 0.11368639795717173 0.11368639795717173 0.11368639795717173 0.11368639795717173 0.11368639795717173 0.11368639795717173 0.11368639795717173 0.11368639795717173 0.11368639795717173 0.11368639795717173 0.11368639795717173 0.11559942776465082 0.11955752971874004 0.12351563167282925 0.12747373362691847 0.13143183558100768 0.13538993753509693 0.13934803948918614 0.14330614144327536 0.14726424339736457 0.1512223453514538 0.155180447305543 0.15913854925963222 0.1576918545112743 0.15046730979300793 0.14324276507474157 0.1360182203564752 0.12879367563820882 0.12156913091994245 0.11434458620167609 0.10712004148340973 0.09989549676514335 0.09267095204687698 0.08544640732861061 0.07822186261034424 0.07448908478548186
0.04073308789888197 0.04073308789888197 0.04073308789888197 0.04346972934705055 0.049131902408741886 0.05479407547043322 0.06045624853212456 0.0661184215938159 0.07178059465550723 0.07744276771719857 0.0831049407788899 0.08876711384058124 0.09442928690227258 0.10009145996397356 0.1057536330256649 0.10867916464191058 0.10867916464191058 0.10867916464191058 0.10867916464191058 0.10867916464191058 0.10867916464191058 0.10867916464191058 0.10867916464191058 0.10867916464191058 0.10867916464191058 0.10867916464191058 0.10867916464191058 0.11017656866864235 0.11327473147880698 0.11637289428897162 0.11947105709913625 0.12256921990930088 0.1256673827194655 0.12876554552963015 0.13186370833979477 0.1349618711499594 0.13806003396012403 0.14115819677028868 0.1442563595804533 0.14269737388803996 0.13615979106850623 0.1296222082489725 0.12308462542943877 0.11654704260990503 0.11000945979037129 0.10347187697083755 0.09693429415130381 0.09039671133177007 0.08385912851223634 0.07732154569270261 0.07078396287316888 0.0674061245278326
0.057135629557995865 0.057135629557995865 0.057135629557995865 0.05900995664749418 0.06288798179472636 0.06676600694195856 0.07064403208919075 0.07452205723642294 0.07840008238365513 0.08227810753088732 0.08615613267811952 0.09003415782535171 0.0939121829725839 0.0977902081198227 0.1016682332670549 0.1036719313266537 0.1036719313266537 0.1036719313266537 0.1036719313266537 0.1036719313266537 0.1036719313266537 0.1036719313266537 0.1036719313266537 0.1036719313266537 0.1036719313266537 0.1036719313266537 0.1036719313266537 0.10475370957263852 0.1069919332388793 0.10923015690512008 0.11146838057136085 0.11370660423760164 0.1159448279038424 0.11818305157008319 0.12042127523632397 0.12265949890256474 0.12489772256880552 0.1271359462350463 0.12937416990128708 0.12770289326481846 0.12185227234401676 0.11600165142321507 0.11015103050241337 0.10430040958161169 0.09844978866081 0.0925991677400083 0.0867485468192066 0.08089792589840492 0.07504730497760323 0.06919668405680154 0.06334606313599984 0.06032316427018937
0.07353817121710977 0.07353817121710977 0.07353817121710977 0.07455018394793782 0.07664406118071086 0.07873793841348391 0.08083181564625695 0.08292569287903 0.08501957011180304 0.08711344734457609 0.08920732457734915 0.09130120181012219 0.09339507904289523 0.09548895627567185 0.09758283350844489 0.09866469801139682 0.09866469801139682 0.09866469801139682 0.09866469801139682 0.09866469801139682 0.09866469801139682 0.09866469801139682 0.09866469801139682 0.09866469801139682 0.09866469801139682 0.09866469801139682 0.09866469801139682 0.09933085047663469 0.10070913499895162 0.10208741952126854 0.10346570404358546 0.10484398856590238 0.10622227308821931 0.10760055761053623 0.10897884213285315 0.11035712665517007 0.111735411177487 0.11311369569980392 0.11449198022212084 0.11270841264159691 0.10754475361952727 0.10238109459745762 0.09721743557538798 0.09205377655331834 0.08689011753124869 0.08172645850917903 0.0765627994871094 0.07139914046503976 0.06623548144297012 0.061071822420900465 0.05590816339883082 0.053240204012546144
0.08994071287622367 0.08994071287622367 0.08994071287622367 0.09009041124838145 0.09040014056669535 0.09070986988500924 0.09101959920332314 0.09132932852163704 0.09163905783995094 0.09194878715826484 0.09225851647657873 0.09256824579489265 0.09287797511320654 0.09318770443152097 0.09349743374983487 0.09365746469613993 0.09365746469613993 0.09365746469613993 0.09365746469613993 0.09365746469613993 0.09365746469613993 0.09365746469613993 0.09365746469613993 0.09365746469613993 0.09365746469613993 0.09365746469613993 0.09365746469613993 0.09390799138063084 0.09442633675902391 0.09494468213741698 0.09546302751581005 0.09598137289420312 0.0964997182725962 0.09701806365098928 0.09753640902938235 0.09805475440777542 0.09857309978616849 0.09909144516456156 0.09960979054295463 0.09771393201837539 0.0932372348950378 0.08876053777170019 0.0842838406483626 0.07980714352502499 0.0753304464016874 0.0708537492783498 0.06637705215501219 0.06190035503167459 0.05742365790833699 0.05294696078499939 0.048470263661661794 0.04615724375490292
