Figures/CREST_Example_wjb_NSE/Rolling_result/20100722/BJP_forecast/ens_38/wjb.rain.20100728.asc
ncols            288
nrows            254
xllcorner        113.274861
yllcorner        31.4918055
cellsize         0.008333333333
NODATA_value     -9999
[rows 115 to 137 of 254, columns 204 to 254 of 288]
5.966982999416405 6.432854003550517 6.898725007684629 7.189526913034935 7.293175990115782 7.396825067196453 7.500474144277123 7.604123221357795 7.707772298438465 7.811421375519136 7.915070452599807 8.018719529680478 8.122368606761148 8.22601768384182 8.329666760922489 8.30403495983734 8.140198974207761 7.976362988577905 7.812527002948327 7.648691017318749 7.484855031689171 7.321019046059593 7.1571830604300155 6.993347074800438 6.829511089170859 6.6656751035412825 6.501839117911704 0.7307204106790962 0.7307204106790962 0.7307204106790962 0.7307204106790962 0.7307204106790962 0.7307204106790962 0.7307204106790962 0.7307204106790962 0.7307204106790962 0.7307204106790962 0.7307204106790962 0.7307204106790962 0.7307204106790962 0.7307204106790962 0.7307204106790962 0.7307204106790962 0.7307204106790962 0.7307204106790962 0.7307204106790962 0.7307204106790962 0.7307204106790962 0.7307204106790962 0.7307204106790962 0.7307204106790962
6.0781108111939055 6.549451639926369 7.020792468658833 7.3214769282805205 7.43972586750969 7.557974806738658 7.676223745967626 7.7944726851965935 7.912721624425561 8.03097056365453 8.149219502883497 8.267468442112465 8.385717381341433 8.5039663205704 8.622215259799368 8.590669071350698 8.398988501366786 8.207307931382548 8.015627361398638 7.823946791414725 7.632266221430815 7.440585651446903 7.248905081462992 7.057224511479081 6.8655439414951696 6.673863371511258 6.4821828015273475 0.7307204106790962 0.7307204106790962 0.7307204106790962 0.7307204106790962 0.7307204106790962 0.7307204106790962 0.7307204106790962 0.7307204106790962 0.7307204106790962 0.7307204106790962 0.7307204106790962 0.7307204106790962 0.7307204106790962 0.7307204106790962 0.7307204106790962 0.7307204106790962 0.7307204106790962 0.7307204106790962 0.7307204106790962 0.7307204106790962 0.7307204106790962 0.7307204106790962 0.7307204106790962 0.7307204106790962
6.189238622971406 6.666049276302221 7.142859929633037 7.453426943526107 7.586275744903599 7.719124546280863 7.851973347658128 7.984822149035392 8.117670950412657 8.250519751789922 8.383368553167186 8.516217354544452 8.649066155921716 8.78191495729898 8.914763758676244 8.877303182864054 8.657778028525808 8.43825287418719 8.218727719848946 7.999202565510701 7.7796774111724565 7.560152256834212 7.340627102495968 7.121101948157723 6.901576793819479 6.682051639481235 6.46252648514299 0.7307204106790962 0.7307204106790962 0.7307204106790962 0.7307204106790962 0.7307204106790962 0.7307204106790962 0.7307204106790962 0.7307204106790962 0.7307204106790962 0.7307204106790962 0.7307204106790962 0.7307204106790962 0.7307204106790962 0.7307204106790962 0.7307204106790962 0.7307204106790962 0.7307204106790962 0.7307204106790962 0.7307204106790962 0.7307204106790962 0.7307204106790962 0.7307204106790962 0.7307204106790962 0.7307204106790962
6.300366434749 6.782646912678171 7.264927390607343 7.585376958771805 7.732825622297631 7.880274285823205 8.02772294934878 8.175171612874355 8.322620276399928 8.470068939925502 8.617517603451077 8.76496626697665 8.912414930502225 9.0598635940278 9.207312257553372 9.163937294377655 8.916567555685054 8.66919781699203 8.421828078299429 8.174458339606828 7.927088600914225 7.679718862221624 7.432349123529022 7.184979384836421 6.9376096461438195 6.690239907451218 6.442870168758616 0.7307204106790962 0.7307204106790962 0.7307204106790962 0.7307204106790962 0.7307204106790962 0.7307204106790962 0.7307204106790962 0.7307204106790962 0.7307204106790962 0.7307204106790962 0.7307204106790962 0.7307204106790962 0.7307204106790962 0.7307204106790962 0.7307204106790962 0.7307204106790962 0.7307204106790962 0.7307204106790962 0.7307204106790962 0.7307204106790962 0.7307204106790962 0.7307204106790962 0.7307204106790962 0.7307204106790962
6.4114942465265 6.899244549054023 7.386994851581546 7.717326974017392 7.879375499691539 8.04142402536541 8.203472551039281 8.365521076713152 8.527569602387024 8.689618128060895 8.851666653734766 9.013715179408637 9.175763705082508 9.337812230756379 9.49986075643025 9.450571405891012 9.175357082844076 8.900142759796672 8.624928436749737 8.349714113702802 8.074499790655867 7.799285467608933 7.524071144561998 7.248856821515064 6.973642498468129 6.698428175421194 6.423213852374259 0.7307204106790962 0.7307204106790962 0.7307204106790962 0.7307204106790962 0.7307204106790962 0.7307204106790962 0.7307204106790962 0.7307204106790962 0.7307204106790962 0.7307204106790962 0.7307204106790962 0.7307204106790962 0.7307204106790962 0.7307204106790962 0.7307204106790962 0.7307204106790962 0.7307204106790962 0.7307204106790962 0.7307204106790962 0.7307204106790962 0.7307204106790962 0.7307204106790962 0.7307204106790962 0.7307204106790962
6.522622058304 7.015842185429875 7.50906231255575 7.849276989262978 8.025925377085448 8.202573764907616 8.379222152729783 8.555870540551952 8.73251892837412 8.909167316196289 9.085815704018456 9.262464091840624 9.439112479662793 9.61576086748496 9.792409255307128 9.73720551740437 9.4341466100031 9.131087702601317 8.828028795200048 8.524969887798779 8.221910980397512 7.918852072996243 7.615793165594975 7.312734258193707 7.009675350792439 6.706616443391171 6.403557535989902 0.7307204106790962 0.7307204106790962 0.7307204106790962 0.7307204106790962 0.7307204106790962 0.7307204106790962 0.7307204106790962 0.7307204106790962 0.7307204106790962 0.7307204106790962 0.7307204106790962 0.7307204106790962 0.7307204106790962 0.7307204106790962 0.7307204106790962 0.7307204106790962 0.7307204106790962 0.7307204106790962 0.7307204106790962 0.7307204106790962 0.7307204106790962 0.7307204106790962 0.7307204106790962 0.7307204106790962
6.451047298806115 6.941459043939708 7.431870789073301 7.770840161340951 7.947914209998842 8.124988258656431 8.30206230731402 8.47913635597161 8.6562104046292 8.83328445328679 9.01035850194438 9.187432550601969 9.364506599259558 9.541580647917147 9.718654696574736 9.661846325343049 9.355012354203108 9.048178383062645 8.741344411922706 8.434510440782766 8.127676469642825 7.820842498502885 7.514008527362945 7.207174556223006 6.900340585083065 6.593506613943125 6.286672642803185 6.123015705727971 6.112418258634952 6.1018208115419315 6.0912233644488945 6.080625917355874 6.070028470262855 6.059431023169836 6.048833576076816 6.0382361289837965 6.027638681890777 6.017041234797757 6.006443787704738 6.0875115091682 6.266571370690711 6.445631232213221 6.624691093735731 6.803750955258547 6.982810816781057 7.161870678303567 7.340930539826077 7.519990401348587 7.699050262871097 7.878110124393608 8.057169985916119
6.18417500865808 6.662929490833585 7.141683973009091 7.4675130614041745 7.629861443272357 7.792209825140262 7.954558207008166 8.116906588876072 8.279254970743976 8.441603352611882 8.603951734479786 8.76630011634769 8.928648498215596 9.0909968800835 9.253345261951406 9.199539112755712 8.914658878010329 8.62977864326446 8.344898408519077 8.060018173773695 7.775137939028313 7.49025770428293 7.205377469537547 6.920497234792165 6.635617000046782 6.3507367653013995 6.065856530556017 5.913086256404289 5.9015445202099235 5.890002784015557 5.878461047821172 5.8669193116268055 5.855377575432439 5.843835839238073 5.832294103043707 5.820752366849341 5.809210630654975 5.7976688944606085 5.786127158266242 5.873338589485925 6.06611939198265 6.258900194479375 6.4516809969761 6.644461799473155 6.83724260196988 7.030023404466605 7.22280420696333 7.415585009460056 7.608365811956781 7.801146614453506 7.993927416950232
5.917302718510044 6.384399937727461 6.851497156944879 7.164185961467399 7.311808676545871 7.459431391624091 7.607054106702311 7.7546768217805315 7.902299536858751 8.049922251936971 8.197544967015192 8.345167682093413 8.492790397171632 8.640413112249853 8.788035827328073 8.737231900168373 8.47430540181755 8.211378903466276 7.94845240511545 7.685525906764624 7.4225994084138 7.159672910062975 6.896746411712149 6.633819913361324 6.370893415010499 6.107966916659674 5.845040418308849 5.703156807080608 5.6906707817848945 5.678184756489182 5.665698731193448 5.653212705897736 5.640726680602023 5.6282406553063105 5.615754630010598 5.603268604714885 5.590782579419173 5.57829655412346 5.565810528827748 5.65916566980365 5.86566741327459 6.07216915674553 6.27867090021647 6.485172643687763 6.691674387158703 6.898176130629643 7.104677874100584 7.311179617571524 7.517681361042464 7.724183104513404 7.930684847984345
5.650430428361783 6.105870384621102 6.561310340880421 6.860858861530365 6.993755909819114 7.126652958107638 7.259550006396161 7.392447054684684 7.525344102973206 7.65824115126173 7.791138199550253 7.924035247838775 8.056932296127298 8.189829344415822 8.322726392704345 8.274924687580642 8.033951925624393 7.7929791636677335 7.552006401711484 7.311033639755236 7.070060877798987 6.829088115842738 6.588115353886489 6.34714259193024 6.106169829973991 5.865197068017743 5.624224306061493 5.493227357756748 5.479797043359688 5.466366728962628 5.452936414565545 5.439506100168485 5.426075785771425 5.412645471374365 5.399215156977305 5.385784842580245 5.372354528183185 5.358924213786125 5.345493899389065 5.444992750121191 5.665215434566358 5.885438119011526 6.105660803456693 6.325883487902235 6.546106172347402 6.766328856792569 6.986551541237736 7.206774225682903 7.42699691012807 7.647219594573237 7.8674422790184035
5.383558138213749 5.827340831514979 6.27112352481621 6.55753176159359 6.67570314309263 6.793874524591468 6.912045906090306 7.030217287589145 7.148388669087983 7.266560050586821 7.38473143208566 7.502902813584498 7.621074195083336 7.739245576582174 7.857416958081013 7.812617474993305 7.593598449431613 7.374579423869548 7.155560398307857 6.936541372746166 6.717522347184474 6.498503321622783 6.279484296061091 6.0604652704993995 5.841446244937709 5.622427219376017 5.403408193814325 5.283297908433066 5.268923304934659 5.254548701436253 5.240174097937822 5.225799494439415 5.211424890941009 5.197050287442602 5.182675683944195 5.168301080445789 5.153926476947382 5.139551873448976 5.125177269950569 5.230819830438916 5.464763455858298 5.698707081277679 5.9326507066970615 6.166594332116842 6.4005379575362245 6.6344815829556065 6.868425208374989 7.102368833794371 7.336312459213753 7.570256084633135 7.804199710052516
5.116685848065714 5.5488112784088575 5.980936708751999 6.254204661656813 6.357650376366144 6.461096091075298 6.564541805784452 6.667987520493606 6.7714332352027595 6.874878949911913 6.978324664621066 7.081770379330221 7.185216094039374 7.288661808748528 7.392107523457682 7.3503102624059675 7.1532449732388335 6.956179684071364 6.75911439490423 6.5620491057370955 6.3649838165699615 6.167918527402827 5.970853238235693 5.773787949068559 5.576722659901425 5.379657370734291 5.182592081567158 5.073368459109384 5.058049566509631 5.042730673909878 5.027411781310098 5.012092888710345 4.996773996110592 4.981455103510839 4.966136210911086 4.950817318311333 4.93549842571158 4.920179533111827 4.904860640512073 5.01664691075664 5.264311477150237 5.511976043543834 5.75964060993743 6.0073051763314504 6.254969742725047 6.502634309118644 6.750298875512241 6.9979634419058385 7.245628008299436 7.493292574693033 7.74095714108663
4.849813557917678 5.270281725302734 5.690749892687789 5.950877561720039 6.039597609639659 6.128317657559128 6.217037705478598 6.305757753398066 6.394477801317536 6.483197849237005 6.5719178971564745 6.660637945075944 6.749357992995413 6.838078040914882 6.926798088834351 6.888003049818631 6.712891497046055 6.537779944273179 6.362668391500603 6.187556838728026 6.01244528595545 5.837333733182874 5.662222180410296 5.48711062763772 5.3119990748651436 5.136887522092567 4.961775969319991 4.863439009785703 4.847175828084604 4.830912646383504 4.814649464682376 4.7983862829812765 4.782123101280177 4.765859919579077 4.749596737877977 4.733333556176877 4.717070374475778 4.700807192774678 4.684544011073578 4.802473991074364 5.063859498442176 5.325245005809988 5.5866305131778 5.8480160205460585 6.10940152791387 6.370787035281682 6.632172542649494 6.893558050017306 7.154943557385119 7.41632906475293 7.677714572120743
4.5829412677696455 4.9917521721966125 5.4005630766235795 5.647550461783263 5.721544842913174 5.795539224042958 5.869533605172743 5.943527986302527 6.017522367432312 6.091516748562097 6.165511129691882 6.239505510821666 6.313499891951451 6.387494273081235 6.46148865421102 6.425695837231293 6.272538020853275 6.119380204474995 5.966222388096975 5.813064571718956 5.659906755340937 5.506748938962918 5.353591122584898 5.20043330620688 5.047275489828861 4.894117673450841 4.740959857072823 4.653509560462021 4.6363020896595755 4.619094618857129 4.6018871480546535 4.584679677252207 4.567472206449761 4.550264735647314 4.533057264844868 4.515849794042422 4.4986423232399755 4.48143485243753 4.464227381635083 4.588301071392088 4.863407519734116 5.1385139680761425 5.41362041641817 5.688726864760666 5.963833313102693 6.23893976144472 6.514046209786747 6.789152658128774 7.064259106470802 7.3393655548128285 7.614472003154855
4.31606897762161 4.713222619090489 5.110376260559368 5.344223361846487 5.403492076186688 5.462760790526788 5.522029504866888 5.581298219206988 5.640566933547088 5.699835647887188 5.759104362227288 5.818373076567388 5.877641790907488 5.936910505247588 5.996179219587688 5.963388624643956 5.832184544660494 5.700980464676809 5.5697763846933475 5.438572304709886 5.307368224726424 5.176164144742963 5.044960064759501 4.91375598477604 4.782551904792578 4.6513478248091165 4.520143744825655 4.44358011113834 4.425428351234547 4.407276591330755 4.389124831426931 4.370973071523138 4.352821311619345 4.334669551715552 4.316517791811759 4.298366031907967 4.280214272004174 4.262062512100381 4.243910752196588 4.3741281517098125 4.662955541026055 4.951782930342297 5.240610319658539 5.529437708975274 5.818265098291516 6.107092487607758 6.395919876924 6.684747266240242 6.973574655556485 7.262402044872727 7.5512294341889685
4.049196687473576 4.434693065984367 4.820189444495158 5.040896261909712 5.085439309460203 5.129982357010618 5.174525404561034 5.219068452111449 5.263611499661864 5.30815454721228 5.352697594762695 5.39724064231311 5.4417836898635255 5.486326737413941 5.530869784964356 5.501081412056618 5.391831068467715 5.282580724878624 5.17333038128972 5.0640800377008155 4.954829694111912 4.845579350523008 4.7363290069341035 4.627078663345199 4.517828319756295 4.4085779761673916 4.299327632578487 4.233650661814659 4.214554612809519 4.19545856380438 4.176362514799208 4.157266465794069 4.138170416788929 4.1190743677837895 4.099978318778651 4.080882269773511 4.061786220768371 4.042690171763232 4.023594122758093 4.159955232027538 4.462503562317995 4.765051892608452 5.067600222898909 5.370148553189882 5.672696883480339 5.975245213770796 6.277793544061254 6.58034187435171 6.882890204642168 7.185438534932624 7.487986865223082
3.782324397325313 4.156163512878006 4.530002628430699 4.737569161972678 4.767386542733447 4.797203923494164 4.827021304254883 4.856838685015601 4.886656065776319 4.916473446537037 4.946290827297756 4.9761082080584735 5.005925588819192 5.0357429695799105 5.065560350340628 5.038774199468888 4.95147759227456 4.8641809850800835 4.7768843778857555 4.6895877706914275 4.6022911634970995 4.514994556302772 4.427697949108444 4.340401341914116 4.253104734719788 4.16580812752546 4.078511520331132 4.023721212490799 4.003680874384312 3.983640536277825 3.9636001981713043 3.943559860064817 3.9235195219583305 3.903479183851844 3.883438845745357 3.86339850763887 3.843358169532383 3.8233178314258964 3.8032774933194093 3.9457823123450786 4.262051583609763 4.5783208548744465 4.89459012613913 5.210859397404354 5.527128668669038 5.8433979399337215 6.159667211198405 6.475936482463089 6.792205753727774 7.108475024992457 7.424744296257142
3.515452107177279 3.8776339597718836 4.239815812366489 4.434242062035902 4.449333776006961 4.464425489977995 4.479517203949029 4.494608917920062 4.5097006318910955 4.524792345862129 4.539884059833162 4.5549757738041965 4.57006748777523 4.585159201746263 4.600250915717297 4.576466986881551 4.511124116081779 4.445781245281898 4.380438374482128 4.315095503682357 4.249752632882586 4.184409762082816 4.119066891283046 4.053724020483275 3.9883811496835047 3.923038278883734 3.8576954080839636 3.813791763167117 3.7928071359592836 3.7718225087514505 3.7508378815435814 3.729853254335748 3.7088686271279148 3.687883999920081 3.6668993727122476 3.6459147455044145 3.624930118296581 3.603945491088748 3.5829608638809143 3.7316093926628033 4.061599604901702 4.391589817140601 4.7215800293795 5.051570241618961 5.38156045385786 5.711550666096759 6.041540878335658 6.371531090574557 6.701521302813456 7.031511515052355 7.3615017272912535
3.3033668364987605 3.6400853207373216 3.9768038049758827 4.155016048706168 4.163781534467238 4.172547020228293 4.1813125059893474 4.190077991750402 4.198843477511456 4.207608963272511 4.216374449033566 4.225139934794621 4.233905420555676 4.2426709063167305 4.2514363920777845 4.228177659805129 4.170684313707025 4.113190967608823 4.055697621510719 3.9982042754126144 3.94071092931451 3.883217583216406 3.8257242371183016 3.768230891020197 3.710737544922093 3.6532441988239888 3.5957508527258844 3.5560851120685535 3.535477485124732 3.514869858180911 3.494262231237054 3.4736546042932326 3.4530469773494112 3.43243935040559 3.4118317234617686 3.391224096517947 3.370616469574126 3.350008842630304 3.3294012156864827 3.4799379920944995 3.8134320095972245 4.1469260270999495 4.480420044602674 4.813914062105967 5.147408079608692 5.480902097111416 5.814396114614142 6.147890132116866 6.481384149619592 6.814878167122316 7.148372184625041
3.1498454358301444 3.446342695386515 3.742839954942886 3.90155257761397 3.9129703055016702 3.9243880333893513 3.935805761277032 3.9472234891647124 3.9586412170523935 3.970058944940074 3.9814766728277546 3.9928944007154357 4.004312128603116 4.015729856490797 4.027147584378477 4.001766264591391 3.9370459300323013 3.872325595473101 3.8076052609140114 3.7428849263549218 3.678164591795832 3.6134442572367425 3.5487239226776524 3.4840035881185627 3.419283253559473 3.3545629190003834 3.2898425844412937 3.247307644172996 3.2284893925299665 3.209671140886937 3.1908528892438754 3.172034637600846 3.1532163859578164 3.134398134314787 3.1155798826717573 3.096761631028728 3.0779433793856983 3.0591251277426688 3.0403068760996392 3.1881830793833243 3.514259428169169 3.8403357769550137 4.166412125740859 4.492488474527259 4.818564823313103 5.1446411720989484 5.470717520884794 5.796793869670638 6.122870218456482 6.448946567242327 6.775022916028172
2.9963240351615266 3.252600070035707 3.5088761049098873 3.6480891065217715 3.6621590765361023 3.676229046550409 3.690299016564716 3.7043689865790226 3.7184389565933293 3.7325089266076366 3.7465788966219433 3.76064886663625 3.774718836650557 3.7887888066648636 3.8028587766791704 3.775354869377652 3.7034075463575773 3.6314602233373794 3.559512900317304 3.4875655772972287 3.4156182542771534 3.3436709312570785 3.271723608237003 3.199776285216928 3.127828962196853 3.0558816391767776 2.9839343161567022 2.938530176277438 2.9215012999352004 2.9044724235929626 2.8874435472506965 2.870414670908459 2.853385794566221 2.836356918223984 2.819328041881746 2.802299165539509 2.785270289197271 2.768241412855034 2.751212536512796 2.8964281666721496 3.215086846741114 3.533745526810079 3.8524042068790436 4.171062886948551 4.489721567017516 4.808380247086481 5.1270389271554455 5.44569760722441 5.764356287293374 6.083014967362339 6.401673647431304
2.8428026344929096 3.0588574446848993 3.27491225487689 3.3946256354295734 3.4113478475705348 3.4280700597114677 3.4447922718524007 3.4615144839933336 3.478236696134266 3.494958908275199 3.511681120416132 3.528403332557065 3.545125544697998 3.5618477568389304 3.5785699689798633 3.5489434741639134 3.469769162682853 3.3905948512016573 3.3114205397205967 3.2322462282395357 3.153071916758475 3.0738976052774145 2.994723293796354 2.9155489823152934 2.836374670834233 2.7572003593531718 2.678026047872111 2.62975270838188 2.6145132073404342 2.599273706298989 2.584034205257517 2.5687947042160717 2.5535552031746263 2.5383157021331804 2.523076201091735 2.5078367000502895 2.4925971990088436 2.477357697967398 2.4621181969259527 2.6046732539609745 2.915914265313059 3.2271552766651435 3.5383962880172284 3.8496372993698436 4.1608783107219285 4.472119322074013 4.7833603334260975 5.094601344778182 5.405842356130266 5.717083367482351 6.028324378834435
2.689281233824163 2.8651148193339284 3.040948404843694 3.14116216433716 3.160536618604754 3.179911072872315 3.1992855271398764 3.2186599814074373 3.2380344356749986 3.2574088899425595 3.276783344210121 3.2961577984776818 3.315532252745243 3.334906707012804 3.3542811612803654 3.322532078949982 3.2361307790079294 3.14972947906573 3.0633281791236775 2.9769268791816255 2.890525579239573 2.804124279297521 2.7177229793554685 2.631321679413416 2.544920379471364 2.4585190795293115 2.3721177795872594 2.320975240486059 2.307525114745407 2.2940749890047547 2.2806248632640798 2.2671747375234275 2.2537246117827756 2.2402744860421233 2.2268243603014715 2.213374234560819 2.1999241088201673 2.186473983079515 2.173023857338863 2.312918341249551 2.616741683884749 2.9205650265199474 3.224388369155146 3.5282117117908616 3.8320350544260604 4.135858397061258 4.439681739696457 4.743505082331655 5.047328424966853 5.351151767602051 5.654975110237249
