Figures/CREST_Example_wjb_NSE/Rolling_result/20100722/raw_forecast/ens_1/wjb.rain.20091012.asc
ncols            288
nrows            254
xllcorner        113.274861
yllcorner        31.4918055
cellsize         0.008333333333
NODATA_value     -9999
[rows 210 to 230 of 254, columns 188 to 234 of 288]
1.829714576018015 1.8568179907759648 1.8839214055339146 1.9110248202918645 1.9381282350498144 1.9652316498077642 1.992335064565714 2.0211979418626207 2.0519417244251446 2.0826855069876684 2.1134292895501923 2.144173072112716 2.17491685467524 2.205660637237764 2.2364044198002877 2.2671482023628116 2.2978919849253354 2.3286357674878593 2.359379550050383 2.375264247879386 2.375264247879386 2.375264247879386 2.375264247879386 2.375264247879386 2.375264247879386 2.375264247879386 2.375264247879386 2.375264247879386 2.375264247879386 2.375264247879386 2.375264247879386 2.392194570598106 2.4272237914571484 2.462253012316251 2.4972822331752935 2.5323114540343363 2.567340674893379 2.602369895752422 2.6373991166114643 2.672428337470507 2.70745755832955 2.7424867791885923 2.777516000047635 2.7956148982048035 2.7956148982048035 2.7956148982048035 2.7956148982048035
1.829714576018015 1.8568179907759648 1.8839214055339146 1.9110248202918645 1.9381282350498144 1.9652316498077642 1.992335064565714 2.0211979418626207 2.0519417244251446 2.0826855069876684 2.1134292895501923 2.144173072112716 2.17491685467524 2.205660637237764 2.2364044198002877 2.2671482023628116 2.2978919849253354 2.3286357674878593 2.359379550050383 2.375264247879386 2.375264247879386 2.375264247879386 2.375264247879386 2.375264247879386 2.375264247879386 2.375264247879386 2.375264247879386 2.375264247879386 2.375264247879386 2.375264247879386 2.375264247879386 2.392194570598106 2.4272237914571484 2.462253012316251 2.4972822331752935 2.5323114540343363 2.567340674893379 2.602369895752422 2.6373991166114643 2.672428337470507 2.70745755832955 2.7424867791885923 2.777516000047635 2.7956148982048035 2.7956148982048035 2.7956148982048035 2.7956148982048035
1.829714576018015 1.8568179907759648 1.8839214055339146 1.9110248202918645 1.9381282350498144 1.9652316498077642 1.992335064565714 2.0211979418626207 2.0519417244251446 2.0826855069876684 2.1134292895501923 2.144173072112716 2.17491685467524 2.205660637237764 2.2364044198002877 2.2671482023628116 2.2978919849253354 2.3286357674878593 2.359379550050383 2.375264247879386 2.375264247879386 2.375264247879386 2.375264247879386 2.375264247879386 2.375264247879386 2.375264247879386 2.375264247879386 2.375264247879386 2.375264247879386 2.375264247879386 2.375264247879386 2.392194570598106 2.4272237914571484 2.462253012316251 2.4972822331752935 2.5323114540343363 2.567340674893379 2.602369895752422 2.6373991166114643 2.672428337470507 2.70745755832955 2.7424867791885923 2.777516000047635 2.7956148982048035 2.7956148982048035 2.7956148982048035 2.7956148982048035
1.829714576018015 1.8568179907759648 1.8839214055339146 1.9110248202918645 1.9381282350498144 1.9652316498077642 1.992335064565714 2.0211979418626207 2.0519417244251446 2.0826855069876684 2.1134292895501923 2.144173072112716 2.17491685467524 2.205660637237764 2.2364044198002877 2.2671482023628116 2.2978919849253354 2.3286357674878593 2.359379550050383 2.375264247879386 2.375264247879386 2.375264247879386 2.375264247879386 2.375264247879386 2.375264247879386 2.375264247879386 2.375264247879386 2.375264247879386 2.375264247879386 2.375264247879386 2.375264247879386 2.392194570598106 2.4272237914571484 2.462253012316251 2.4972822331752935 2.5323114540343363 2.567340674893379 2.602369895752422 2.6373991166114643 2.672428337470507 2.70745755832955 2.7424867791885923 2.777516000047635 2.7956148982048035 2.7956148982048035 2.7956148982048035 2.7956148982048035
1.829714576018015 1.8568179907759648 1.8839214055339146 1.9110248202918645 1.9381282350498144 1.9652316498077642 1.992335064565714 2.0211979418626207 2.0519417244251446 2.0826855069876684 2.1134292895501923 2.144173072112716 2.17491685467524 2.205660637237764 2.2364044198002877 2.2671482023628116 2.2978919849253354 2.3286357674878593 2.359379550050383 2.375264247879386 2.375264247879386 2.375264247879386 2.375264247879386 2.375264247879386 2.375264247879386 2.375264247879386 2.375264247879386 2.375264247879386 2.375264247879386 2.375264247879386 2.375264247879386 2.392194570598106 2.4272237914571484 2.462253012316251 2.4972822331752935 2.5323114540343363 2.567340674893379 2.602369895752422 2.6373991166114643 2.672428337470507 2.70745755832955 2.7424867791885923 2.777516000047635 2.7956148982048035 2.7956148982048035 2.7956148982048035 2.7956148982048035
1.829714576018015 1.8568179907759648 1.8839214055339146 1.9110248202918645 1.9381282350498144 1.9652316498077642 1.992335064565714 2.0211979418626207 2.0519417244251446 2.0826855069876684 2.1134292895501923 2.144173072112716 2.17491685467524 2.205660637237764 2.2364044198002877 2.2671482023628116 2.2978919849253354 2.3286357674878593 2.359379550050383 2.375264247879386 2.375264247879386 2.375264247879386 2.375264247879386 2.375264247879386 2.375264247879386 2.375264247879386 2.375264247879386 2.375264247879386 2.375264247879386 2.375264247879386 2.375264247879386 2.392194570598106 2.4272237914571484 2.462253012316251 2.4972822331752935 2.5323114540343363 2.567340674893379 2.602369895752422 2.6373991166114643 2.672428337470507 2.70745755832955 2.7424867791885923 2.777516000047635 2.7956148982048035 2.7956148982048035 2.7956148982048035 2.7956148982048035
1.829714576018015 1.8568179907759648 1.8839214055339146 1.9110248202918645 1.9381282350498144 1.9652316498077642 1.992335064565714 2.0211979418626207 2.0519417244251446 2.0826855069876684 2.1134292895501923 2.144173072112716 2.17491685467524 2.205660637237764 2.2364044198002877 2.2671482023628116 2.2978919849253354 2.3286357674878593 2.359379550050383 2.375264247879386 2.375264247879386 2.375264247879386 2.375264247879386 2.375264247879386 2.375264247879386 2.375264247879386 2.375264247879386 2.375264247879386 2.375264247879386 2.375264247879386 2.375264247879386 2.392194570598106 2.4272237914571484 2.462253012316251 2.4972822331752935 2.5323114540343363 2.567340674893379 2.602369895752422 2.6373991166114643 2.672428337470507 2.70745755832955 2.7424867791885923 2.777516000047635 2.7956148982048035 2.7956148982048035 2.7956148982048035 2.7956148982048035
1.8561907405777054 1.8871054215308543 1.9180201024840031 1.9489347834371522 1.979849464390301 2.01076414534345 2.0416788262965992 2.0723171778594995 2.1026601270515775 2.133003076243655 2.163346025435733 2.1936889746278108 2.2240319238198882 2.254374873011966 2.284717822204044 2.3150607713961215 2.3454037205881995 2.3757466697802774 2.406089618972355 2.4217672142121964 2.4217672142121964 2.4217672142121964 2.4217672142121964 2.4217672142121964 2.4217672142121964 2.4217672142121964 2.4217672142121964 2.4217672142121964 2.4217672142121964 2.4217672142121964 2.4217672142121964 2.4387553115198277 2.4739040693108385 2.5090528271019092 2.54420158489292 2.579350342683931 2.6144991004749416 2.6496478582659524 2.684796616056963 2.719945373847974 2.7550941316389848 2.7902428894299955 2.8253916472210063 2.8435523077212883 2.8435523077212883 2.8435523077212883 2.8435523077212883
1.9109682563609074 1.949768206862477 1.9885681573640468 2.0273681078656165 2.066168058367186 2.104968008868756 2.1437679593703254 2.178079655288255 2.207593305499865 2.2371069557114756 2.2666206059230856 2.296134256134696 2.325647906346306 2.3551615565579165 2.3846752067695265 2.414188856981137 2.443702507192747 2.4732161574043574 2.5027298076159674 2.5179789206517134 2.5179789206517134 2.5179789206517134 2.5179789206517134 2.5179789206517134 2.5179789206517134 2.5179789206517134 2.5179789206517134 2.5179789206517134 2.5179789206517134 2.5179789206517134 2.5179789206517134 2.5350865499424926 2.5704826221117925 2.6058786942811523 2.641274766450452 2.6766708386197515 2.7120669107890514 2.747462982958351 2.78285905512765 2.81825512729695 2.8536511994662495 2.8890472716355493 2.9244433438048487 2.942731786700391 2.942731786700391 2.942731786700391 2.942731786700391
1.9657457721441096 2.0124309921941 2.0591162122440902 2.105801432294081 2.1524866523440713 2.1991718723940616 2.245857092444052 2.28384213271701 2.312526483948153 2.3412108351792957 2.3698951864104387 2.3985795376415813 2.427263888872724 2.455948240103867 2.4846325913350094 2.513316942566152 2.542001293797295 2.5706856450284374 2.59936999625958 2.6141906270912303 2.6141906270912303 2.6141906270912303 2.6141906270912303 2.6141906270912303 2.6141906270912303 2.6141906270912303 2.6141906270912303 2.6141906270912303 2.6141906270912303 2.6141906270912303 2.6141906270912303 2.631417788365158 2.667061174912746 2.7027045614603953 2.7383479480079838 2.7739913345555722 2.8096347211031607 2.845278107650749 2.8809214941983377 2.916564880745926 2.9522082672935146 2.987851653841103 3.0234950403886915 3.0419112656794933 3.0419112656794933 3.0419112656794933 3.0419112656794933
2.020523287927335 2.07509377752575 2.129664267124164 2.184234756722579 2.238805246320993 2.293375735919408 2.347946225517822 2.389604610145811 2.4174596623964857 2.4453147146471608 2.4731697668978354 2.50102481914851 2.528879871399185 2.5567349236498598 2.5845899759005344 2.6124450281512095 2.640300080401884 2.6681551326525588 2.696010184903234 2.710402333530788 2.710402333530788 2.710402333530788 2.710402333530788 2.710402333530788 2.710402333530788 2.710402333530788 2.710402333530788 2.710402333530788 2.710402333530788 2.710402333530788 2.710402333530788 2.7277490267878637 2.7636397277137412 2.7995304286396796 2.835421129565557 2.8713118304914347 2.907202531417312 2.9430932323431893 2.978983933269067 3.0148746341949444 3.050765335120822 3.0866560360466995 3.122546736972577 3.1410907446586385 3.1410907446586385 3.1410907446586385 3.1410907446586385
2.0753008037105376 2.1377565628573727 2.200212322004208 2.262668081151043 2.3251238402978784 2.3875795994447135 2.4500353585915486 2.4953670875745666 2.5223928408447738 2.549418594114981 2.576444347385188 2.6034701006553953 2.630495853925603 2.65752160719581 2.6845473604660173 2.7115731137362244 2.7385988670064316 2.7656246202766392 2.7926503735468464 2.806614039970305 2.806614039970305 2.806614039970305 2.806614039970305 2.806614039970305 2.806614039970305 2.806614039970305 2.806614039970305 2.806614039970305 2.806614039970305 2.806614039970305 2.806614039970305 2.8240802652105286 2.8602182805146947 2.8963562958189226 2.9324943111230892 2.9686323264272554 3.004770341731422 3.040908357035588 3.0770463723397548 3.113184387643921 3.149322402948087 3.1854604182522537 3.22159843355642 3.2402702236377414 3.2402702236377414 3.2402702236377414 3.2402702236377414
2.1300783194937396 2.2004193481889955 2.2707603768842515 2.3411014055795074 2.4114424342747633 2.4817834629700193 2.552124491665275 2.6011295650033217 2.6273260192930614 2.653522473582801 2.6797189278725413 2.705915382162281 2.7321118364520207 2.7583082907417604 2.7845047450315 2.81070119932124 2.8368976536109796 2.8630941079007193 2.889290562190459 2.902825746409822 2.902825746409822 2.902825746409822 2.902825746409822 2.902825746409822 2.902825746409822 2.902825746409822 2.902825746409822 2.902825746409822 2.902825746409822 2.902825746409822 2.902825746409822 2.9204115036331935 2.9567968333156487 2.9931821629981656 3.029567492680621 3.065952822363076 3.1023381520455313 3.1387234817279865 3.1751088114104418 3.211494141092897 3.247879470775352 3.2842648004578074 3.3206501301402627 3.339449702616844 3.339449702616844 3.339449702616844 3.339449702616844
2.1848558352769656 2.2630821335206455 2.3413084317643253 2.4195347300080052 2.497761028251685 2.5759873264953654 2.6542136247390453 2.7068920424321226 2.7322591977413944 2.757626353050666 2.782993508359938 2.80836066366921 2.8337278189784816 2.8590949742877534 2.884462129597025 2.909829284906297 2.935196440215569 2.9605635955248406 2.9859307508341124 2.9990374528493797 2.9990374528493797 2.9990374528493797 2.9990374528493797 2.9990374528493797 2.9990374528493797 2.9990374528493797 2.9990374528493797 2.9990374528493797 2.9990374528493797 2.9990374528493797 2.9990374528493797 3.016742742055899 3.0533753861166435 3.09000803017745 3.1266406742381943 3.1632733182989385 3.199905962359683 3.236538606420427 3.273171250481171 3.3098038945419153 3.3464365386026595 3.383069182663404 3.4197018267241477 3.438629181595989 3.438629181595989 3.438629181595989 3.438629181595989
2.2396333510601676 2.3257449188522683 2.411856486644369 2.4979680544364697 2.5840796222285705 2.670191190020671 2.756302757812772 2.812654519860878 2.837192376189682 2.8617302325184863 2.8862680888472907 2.910805945176095 2.9353438015048994 2.9598816578337037 2.984419514162508 3.0089573704913124 3.0334952268201163 3.0580330831489206 3.082570939477725 3.0952491592888967 3.0952491592888967 3.0952491592888967 3.0952491592888967 3.0952491592888967 3.0952491592888967 3.0952491592888967 3.0952491592888967 3.0952491592888967 3.0952491592888967 3.0952491592888967 3.0952491592888967 3.113073980478564 3.1499539389175975 3.1868338973566934 3.2237138557957263 3.2605938142347592 3.2974737726737926 3.3343537311128255 3.3712336895518584 3.408113647990892 3.4449936064299247 3.481873564868958 3.518753523307991 3.537808660575092 3.537808660575092 3.537808660575092 3.537808660575092
2.29441086684337 2.3884077041838916 2.4824045415244127 2.5764013788649343 2.670398216205456 2.7643950535459774 2.858391890886499 2.9184169972896337 2.9421255546379705 2.9658341119863074 2.989542669334644 3.0132512266829807 3.036959784031317 3.060668341379654 3.084376898727991 3.1080854560763274 3.1317940134246642 3.155502570773001 3.1792111281213375 3.1914608657284136 3.1914608657284136 3.1914608657284136 3.1914608657284136 3.1914608657284136 3.1914608657284136 3.1914608657284136 3.1914608657284136 3.1914608657284136 3.1914608657284136 3.1914608657284136 3.1914608657284136 3.209405218901229 3.246532491718551 3.2836597645359364 3.3207870373532584 3.35791431017058 3.395041582987902 3.432168855805224 3.469296128622546 3.506423401439868 3.54355067425719 3.580677947074512 3.617805219891834 3.6369881395541945 3.6369881395541945 3.6369881395541945 3.6369881395541945
2.3491883826265956 2.451070489515541 2.5529525964044866 2.654834703293432 2.756716810182378 2.8585989170713235 2.960481023960269 3.0241794747184345 3.047058733086303 3.069937991454172 3.092817249822041 3.1156965081899095 3.1385757665577785 3.161455024925647 3.184334283293516 3.207213541661385 3.2300928000292535 3.2529720583971224 3.2758513167649914 3.2876725721679714 3.2876725721679714 3.2876725721679714 3.2876725721679714 3.2876725721679714 3.2876725721679714 3.2876725721679714 3.2876725721679714 3.2876725721679714 3.2876725721679714 3.2876725721679714 3.2876725721679714 3.3057364573239347 3.3431110445195458 3.3804856317152203 3.4178602189108314 3.4552348061064424 3.4926093933020534 3.529983980497664 3.567358567693275 3.604733154888886 3.642107742084497 3.679482329280108 3.716856916475719 3.7361676185333397 3.7361676185333397 3.7361676185333397 3.7361676185333397
2.4039658984097976 2.513733274847164 2.6235006512845302 2.7332680277218966 2.843035404159263 2.9528027805966293 3.0625701570339956 3.12994195214719 3.151991911534591 3.174041870921992 3.1960918303093937 3.2181417896967948 3.2401917490841963 3.2622417084715973 3.284291667858999 3.3063416272464 3.3283915866338014 3.3504415460212025 3.372491505408604 3.3838842786074883 3.3838842786074883 3.3838842786074883 3.3838842786074883 3.3838842786074883 3.3838842786074883 3.3838842786074883 3.3838842786074883 3.3838842786074883 3.3838842786074883 3.3838842786074883 3.3838842786074883 3.4020676957465996 3.4396895973204997 3.477311498894464 3.5149334004683634 3.552555302042263 3.5901772036161628 3.627799105190063 3.6654210067639625 3.703042908337862 3.7406648099117623 3.778286711485662 3.8159086130595616 3.835347097512442 3.835347097512442 3.835347097512442 3.835347097512442
2.458743414193 2.576396060178787 2.694048706164574 2.811701352150361 2.929353998136148 3.047006644121935 3.164659290107722 3.235704429575945 3.2569250899828788 3.278145750389813 3.2993664107967464 3.32058707120368 3.3418077316106136 3.3630283920175477 3.3842490524244813 3.405469712831415 3.4266903732383485 3.447911033645282 3.469131694052216 3.480095985047005 3.480095985047005 3.480095985047005 3.480095985047005 3.480095985047005 3.480095985047005 3.480095985047005 3.480095985047005 3.480095985047005 3.480095985047005 3.480095985047005 3.480095985047005 3.4983989341692645 3.5362681501214532 3.5741373660737064 3.612006582025895 3.649875797978084 3.6877450139302725 3.7256142298824613 3.76348344583465 3.8013526617868387 3.8392218777390275 3.877091093691216 3.914960309643405 3.934526576491545 3.934526576491545 3.934526576491545 3.934526576491545
2.487044765442831 2.608771414785628 2.7304980641284256 2.8522247134712226 2.97395136281402 3.0956780121568173 3.2174046614996143 3.2903476710586377 3.3111398658551514 3.331932060651665 3.352724255448179 3.3735164502446926 3.3943086450412063 3.41510083983772 3.435893034634234 3.4566852294307475 3.4774774242272617 3.4982696190237754 3.519061813820289 3.529804725199938 3.529804725199938 3.529804725199938 3.529804725199938 3.529804725199938 3.529804725199938 3.529804725199938 3.529804725199938 3.529804725199938 3.529804725199938 3.529804725199938 3.529804725199938 3.548169431716491 3.5861664251151195 3.6241634185138127 3.662160411912441 3.7001574053110695 3.738154398709698 3.7761513921083263 3.8141483855069547 3.852145378905583 3.8901423723042114 3.92813936570284 3.9661363591014682 3.985768646001816 3.985768646001816 3.985768646001816 3.985768646001816
2.487044765442831 2.608771414785628 2.7304980641284256 2.8522247134712226 2.97395136281402 3.0956780121568173 3.2174046614996143 3.2903476710586377 3.3111398658551514 3.331932060651665 3.352724255448179 3.3735164502446926 3.3943086450412063 3.41510083983772 3.435893034634234 3.4566852294307475 3.4774774242272617 3.4982696190237754 3.519061813820289 3.529804725199938 3.529804725199938 3.529804725199938 3.529804725199938 3.529804725199938 3.529804725199938 3.529804725199938 3.529804725199938 3.529804725199938 3.529804725199938 3.529804725199938 3.529804725199938 3.548169431716491 3.5861664251151195 3.6241634185138127 3.662160411912441 3.7001574053110695 3.738154398709698 3.7761513921083263 3.8141483855069547 3.852145378905583 3.8901423723042114 3.92813936570284 3.9661363591014682 3.985768646001816 3.985768646001816 3.985768646001816 3.985768646001816
