Figures/CREST_Example_wjb_NSE/Rolling_result/20100722/raw_forecast/ens_1/wjb.rain.20100726.asc
ncols            288
nrows            254
xllcorner        113.274861
yllcorner        31.4918055
cellsize         0.008333333333
NODATA_value     -9999
[rows 133 to 151 of 254, columns 0 to 42 of 288]
-9999.0 -9999.0 -9999.0 0.3555149218120991 0.3489019594881357 -9999.0 0.3356760348402089 0.32906307251624545 0.3224501101922821 0.3158371478683187 0.30922418554435527 0.30261122322039186 0.29599826089642844 0.28938529857245376 0.2827723362484904 0.276159373924527 0.2695464116005636 0.2629334492766002 0.25632048695263676 0.24970752462867338 0.24309456230470997 0.23648159998074655 0.22986863765678317 0.22325567533281976 0.21664271300885637 0.21002975068489296 0.20341678836091828 0.19682978247156427 0.19027052459738023 0.1837112667231962 0.1771520088490122 0.17059275097482818 0.16403349310064413 0.15747423522646012 0.1509149773522761 0.1443557194780921 0.13779646160390807 0.13123720372972403 0.12467794585554001 0.11811868798134481 0.1115594301071608 0.10500017223297677 0.09844091435879275
-9999.0 -9999.0 -9999.0 0.35290195752348885 0.3464001063040049 0.33989825508452093 0.333396403865037 0.32689455264555306 0.3203927014260691 0.31389085020658514 0.3073889989871012 0.30088714776761727 0.2943852965481333 0.2878834453286383 0.2813815941091543 0.2748797428896704 0.26837789167018644 0.26187604045070245 0.2553741892312186 0.24887233801173458 0.24237048679225062 0.2358686355727667 0.22936678435328273 0.2228649331337988 0.21636308191431483 0.2098612306948309 0.20335937947533586 0.1969371869173606 0.1906001512686923 0.18426311562002404 0.1779260799713558 0.1715890443226875 0.16525200867401924 0.158914973025351 0.1525779373766827 0.14624090172801446 0.13990386607934618 0.1335668304306779 0.12722979478200963 0.12089275913333057 0.11455572348466231 0.10821868783599405 0.10188165218732578
-9999.0 -9999.0 -9999.0 0.35028899323487855 0.3438982531198741 0.3375075130048696 0.3311167728898651 0.32472603277486056 0.3183352926598561 0.3119445525448516 0.30555381242984714 0.2991630723148426 0.2927723321998381 0.2863815920848227 0.2799908519698182 0.27360011185481375 0.26720937173980924 0.2608186316248048 0.2544278915098003 0.2480371513947958 0.24164641127979128 0.2352556711647868 0.2288649310497823 0.2224741909347778 0.21608345081977332 0.20969271070476883 0.20330197058975344 0.1970445913631569 0.19092977794000437 0.18481496451685187 0.17870015109369936 0.17258533767054685 0.16647052424739434 0.16035571082424183 0.15424089740108932 0.1481260839779368 0.1420112705547843 0.1358964571316318 0.12978164370847928 0.12366683028531633 0.11755201686216382 0.11143720343901131 0.1053223900158588
-9999.0 -9999.0 -9999.0 0.3476760289462683 0.3413963999357433 0.33511677092521824 0.3288371419146932 0.3225575129041682 0.31627788389364314 0.3099982548831181 0.303718625872593 0.297438996862068 0.29115936785154295 0.28487973884100726 0.27860010983048217 0.27232048081995713 0.2660408518094321 0.25976122279890707 0.25348159378838203 0.247201964777857 0.24092233576733196 0.23464270675680693 0.22836307774628187 0.22208344873575683 0.2158038197252318 0.20952419071470677 0.20324456170417102 0.1971519958089532 0.19125940461131646 0.18536681341367972 0.17947422221604295 0.1735816310184062 0.16768903982076944 0.1617964486231327 0.15590385742549592 0.15001126622785918 0.1441186750302224 0.13822608383258567 0.13233349263494892 0.1264409014373021 0.12054831023966535 0.11465571904202859 0.10876312784439184
-9999.0 -9999.0 -9999.0 0.3450630646576558 0.33889454675161035 0.33272602884556485 0.32655751093951935 0.32038899303347385 0.31422047512742834 0.3080519572213829 0.3018834393153374 0.2957149214092919 0.28954640350324645 0.2833778855971904 0.2772093676911449 0.27104084978509946 0.26487233187905396 0.25870381397300846 0.25253529606696296 0.24636677816091748 0.24019826025487198 0.2340297423488265 0.227861224442781 0.22169270653673553 0.21552418863069003 0.20935567072464456 0.20318715281858854 0.19725940025474964 0.19158903128262883 0.18591866231050802 0.1802482933383872 0.1745779243662664 0.1689075553941456 0.16323718642202478 0.15756681744990397 0.15189644847778314 0.14622607950566233 0.14055571053354152 0.1348853415614207 0.12921497258929024 0.12354460361716942 0.1178742346450486 0.1122038656729278
-9999.0 -9999.0 -9999.0 0.34245010036904555 0.33639269356747953 0.3303352867659135 0.3242778799643475 0.31822047316278146 0.3121630663612154 0.30610565955964936 0.30004825275808333 0.2939908459565173 0.2879334391549513 0.2818760323533749 0.27581862555180886 0.26976121875024284 0.2637038119486768 0.2576464051471108 0.2515889983455447 0.2455315915439787 0.23947418474241267 0.23341677794084661 0.2273593711392806 0.22130196433771457 0.21524455753614852 0.2091871507345825 0.20312974393300612 0.19736680470054596 0.1919186579539409 0.18647051120733585 0.18102236446073078 0.17557421771412574 0.17012607096752067 0.16467792422091562 0.15922977747431055 0.1537816307277055 0.14833348398110044 0.1428853372344954 0.13743719048789033 0.13198904374127599 0.12654089699467092 0.12109275024806587 0.11564460350146082
-9999.0 0.3517297274746085 0.3457834317775219 0.3398371360804353 0.33389084038334876 0.32794454468626216 0.3219982489891756 0.316051953292089 0.3101056575950024 0.3041593618979158 0.29821306620082927 0.29226677050374267 0.2863204748066561 0.2803741791095594 0.2744278834124728 0.2684815877153862 0.2625352920182996 0.25658899632121307 0.2506427006241265 0.2446964049270399 0.23875010922995332 0.23280381353286675 0.22685751783578018 0.22091122213869357 0.214964926441607 0.20901863074452043 0.2030723350474237 0.19747420914634228 0.19224828462525298 0.18702236010416368 0.18179643558307437 0.17657051106198507 0.17134458654089577 0.16611866201980646 0.1608927374987172 0.15566681297762786 0.15044088845653858 0.14521496393544928 0.13998903941435997 0.13476311489326176 0.12953719037217246 0.12431126585108315 0.11908534132999385
-9999.0 0.3488945409770393 0.3430593563844322 0.33722417179182507 0.33138898719921794 0.3255538026066108 0.3197186180140037 0.3138834334213966 0.30804824882878945 0.3022130642361823 0.2963778796435752 0.2905426950509681 0.28470751045836096 0.27887232586574384 0.2730371412731367 0.2672019566805296 0.26136677208792247 0.25553158749531535 0.24969640290270823 0.2438612183101011 0.23802603371749398 0.23219084912488686 0.22635566453227973 0.2205204799396726 0.21468529534706549 0.20885011075445836 0.20301492616184127 0.1975816135921386 0.19257791129656504 0.1875742090009915 0.18257050670541797 0.1775668044098444 0.17256310211427087 0.16755939981869733 0.16255569752312377 0.15755199522755023 0.1525482929319767 0.14754459063640313 0.1425408883408296 0.1375371860452475 0.13253348374967397 0.12752978145410043 0.12252607915852687
-9999.0 -9999.0 0.34033528099134247 0.3346112075032148 0.3288871340150871 0.3231630605269595 0.3174389870388318 0.31171491355070413 0.30599084006257643 0.3002667665744488 0.2945426930863211 0.28881861959819344 0.2830945461100658 0.2773704726219283 0.2716463991338007 0.265922325645673 0.26019825215754533 0.2544741786694177 0.24875010518128998 0.2430260316931623 0.23730195820503464 0.23157788471690696 0.2258538112287793 0.22012973774065164 0.21440566425252397 0.2086815907643963 0.20295751727625885 0.19768901803793493 0.19290753796787713 0.18812605789781933 0.18334457782776153 0.17856309775770376 0.17378161768764597 0.16900013761758817 0.16421865754753037 0.1594371774774726 0.1546556974074148 0.149874217337357 0.1450927372672992 0.14031125719723328 0.13552977712717548 0.1307482970571177 0.12596681698705992
-9999.0 -9999.0 0.33761120559825275 0.3319982432146046 0.32638528083095636 0.32077231844730814 0.3151593560636599 0.3095463936800117 0.30393343129636347 0.29832046891271524 0.2927075065290671 0.2870945441454188 0.2814815817617706 0.2758686193781128 0.27025565699446463 0.2646426946108164 0.2590297322271682 0.25341676984351996 0.24780380745987174 0.24219084507622352 0.23657788269257532 0.2309649203089271 0.22535195792527887 0.21973899554163065 0.21412603315798245 0.20851307077433423 0.20290010839067643 0.19779642248373125 0.1932371646391892 0.18867790679464716 0.18411864895010513 0.1795593911055631 0.17500013326102107 0.17044087541647904 0.16588161757193698 0.16132235972739495 0.15676310188285292 0.1522038440383109 0.14764458619376886 0.14308532834921905 0.13852607050467702 0.13396681266013497 0.12940755481559293
-9999.0 -9999.0 0.33488713020516303 0.3293852789259943 0.32388342764682554 0.31838157636765674 0.312879725088488 0.30737787380931925 0.30187602253015045 0.2963741712509817 0.29087231997181295 0.2853704686926442 0.27986861741347546 0.2743667661342973 0.26886491485512853 0.26336306357595973 0.257861212296791 0.25235936101762224 0.2468575097384535 0.24135565845928472 0.23585380718011595 0.2303519559009472 0.22485010462177843 0.21934825334260968 0.2138464020634409 0.20834455078427216 0.202842699505094 0.19790382692952757 0.19356679131050128 0.189229755691475 0.18489272007244872 0.18055568445342243 0.17621864883439614 0.17188161321536988 0.16754457759634359 0.16320754197731732 0.15887050635829103 0.15453347073926477 0.15019643512023848 0.1458593995012048 0.1415223638821785 0.13718532826315222 0.13284829264412595
-9999.0 -9999.0 0.33216305481207103 0.3267723146373818 0.3213815744626926 0.3159908342880034 0.3106000941133142 0.30520935393862497 0.29981861376393576 0.29442787358924655 0.28903713341455733 0.2836463932398681 0.2782556530651789 0.2728649128904805 0.26747417271579127 0.26208343254110206 0.25669269236641284 0.25130195219172363 0.24591121201703442 0.2405204718423452 0.23512973166765602 0.2297389914929668 0.2243482513182776 0.21895751114358838 0.21356677096889917 0.20817603079420996 0.20278529061951153 0.19801123137532398 0.19389641798181365 0.1897816045883033 0.18566679119479296 0.18155197780128263 0.1774371644077723 0.17332235101426197 0.1692075376207516 0.16509272422724128 0.16097791083373095 0.15686309744022062 0.1527482840467103 0.14863347065319293 0.1445186572596826 0.14040384386617225 0.13628903047266192
-9999.0 -9999.0 0.32943897941898126 0.3241593503487715 0.3188797212785618 0.313600092208352 0.30832046313814226 0.3030408340679325 0.29776120499772274 0.292481575927513 0.2872019468573032 0.2819223177870935 0.2766426887168837 0.27136305964666496 0.2660834305764552 0.26080380150624544 0.2555241724360357 0.2502445433658259 0.24496491429561618 0.2396852852254064 0.23440565615519665 0.22912602708498692 0.22384639801477715 0.2185667689445674 0.21328713987435763 0.2080075108041479 0.2027278817339291 0.1981186358211203 0.1942260446531257 0.19033345348513114 0.18644086231713655 0.18254827114914196 0.1786556799811474 0.1747630888131528 0.17087049764515821 0.16697790647716365 0.16308531530916906 0.15919272414117447 0.1553001329731799 0.15140754180517868 0.14751495063718412 0.14362235946918953 0.13972976830119493
0.33705193995735216 0.3318834219916219 0.3267149040258916 0.3215463860601613 0.31637786809443097 0.31120935012870066 0.3060408321629704 0.3008723141972401 0.2957037962315098 0.29053527826577946 0.28536676030004915 0.2801982423343189 0.2750297243685886 0.26986120640284944 0.26469268843711913 0.25952417047138887 0.25435565250565856 0.24918713453992825 0.24401861657419793 0.23885009860846762 0.23368158064273734 0.22851306267700702 0.22334454471127674 0.21817602674554643 0.2130075087798161 0.20783899081408583 0.2026704728483467 0.19822604026691662 0.1945556713244378 0.19088530238195897 0.18721493343948015 0.18354456449700132 0.1798741955545225 0.17620382661204365 0.17253345766956485 0.168863088727086 0.1651927197846072 0.16152235084212835 0.15785198189964955 0.15418161295716445 0.15051124401468563 0.1468408750722068 0.14317050612972798
0.3341056423553036 0.32904823549405277 0.3239908286328019 0.31893342177155104 0.3138760149103002 0.30881860804904937 0.3037612011877985 0.29870379432654764 0.2936463874652968 0.2885889806040459 0.2835315737427951 0.27847416688154425 0.2734167600202934 0.2683593531590339 0.2633019462977831 0.25824453943653225 0.25318713257528136 0.24812972571403052 0.2430723188527797 0.23801491199152885 0.232957505130278 0.22790009826902713 0.2228426914077763 0.21778528454652546 0.2127278776852746 0.20767047082402376 0.20261306396276427 0.19833344471271294 0.19488529799574986 0.1914371512787868 0.1879890045618237 0.18454085784486066 0.18109271112789757 0.1776445644109345 0.17419641769397143 0.17074827097700837 0.1673001242600453 0.16385197754308223 0.16040383082611917 0.15695568410915023 0.15350753739218714 0.15005939067522406 0.146611243958261
-9999.0 0.32621304899648357 0.32126675323971216 0.31632045748294074 0.3113741617261694 0.306427865969398 0.30148157021262656 0.2965352744558552 0.2915889786990838 0.28664268294231243 0.281696387185541 0.2767500914287696 0.2718037956719982 0.2668574999152184 0.261911204158447 0.25696490840167563 0.2520186126449042 0.24707231688813283 0.24212602113136145 0.23717972537459003 0.23223342961781865 0.22728713386104726 0.22234083810427585 0.21739454234750447 0.21244824659073308 0.2075019508339617 0.20255565507718185 0.19844084915850926 0.19521492466706195 0.19198900017561463 0.1887630756841673 0.18553715119272 0.18231122670127267 0.17908530220982535 0.17585937771837806 0.17263345322693074 0.16940752873548343 0.1661816042440361 0.1629556797525888 0.15972975526113597 0.15650383076968866 0.15327790627824134 0.15005198178679402
-9999.0 0.32337786249891437 0.31854267784662244 0.3137074931943305 0.30887230854203857 0.30403712388974663 0.2992019392374547 0.29436675458516276 0.2895315699328708 0.2846963852805789 0.27986120062828695 0.275026015975995 0.2701908313237031 0.2653556466714029 0.26052046201911094 0.255685277366819 0.2508500927145271 0.24601490806223514 0.2411797234099432 0.23634453875765127 0.23150935410535933 0.22667416945306737 0.22183898480077544 0.2170038001484835 0.21216861549619156 0.20733343084389963 0.20249824619159942 0.19854825360430559 0.195544551338374 0.19254084907244245 0.1895371468065109 0.18653344454057932 0.18352974227464777 0.18052604000871622 0.17752233774278464 0.1745186354768531 0.17151493321092154 0.16851123094499 0.1655075286790584 0.16250382641312172 0.15950012414719017 0.15649642188125862 0.15349271961532707
-9999.0 -9999.0 0.3158186024535304 0.31109452890571804 0.30637045535790564 0.30164638181009323 0.29692230826228083 0.2921982347144685 0.2874741611666561 0.2827500876188437 0.2780260140710313 0.2733019405232189 0.26857786697540653 0.2638537934275861 0.2591297198797737 0.2544056463319613 0.2496815727841489 0.24495749923633653 0.24023342568852413 0.23550935214071173 0.23078527859289935 0.22606120504508698 0.22133713149727458 0.21661305794946217 0.2118889844016498 0.2071649108538374 0.20244083730601697 0.198655658050102 0.19587417800968637 0.19309269796927075 0.19031121792885514 0.18752973788843952 0.1847482578480239 0.18196677780760828 0.1791852977671927 0.17640381772677707 0.17362233768636146 0.17084085764594584 0.16805937760553022 0.16527789756510985 0.16249641752469424 0.15971493748427862 0.156933457443863
-9999.0 -9999.0 -9999.0 -9999.0 -9999.0 -9999.0 0.29464267728710897 0.29002971484377604 0.2854167524004431 0.28080378995711014 0.2761908275137772 0.2715778650704443 0.26696490262711137 0.26235194018377056 0.25773897774043764 0.25312601529710466 0.24851305285377176 0.2439000904104388 0.23928712796710588 0.23467416552377296 0.23006120308044004 0.22544824063710708 0.22083527819377413 0.2162223157504412 0.21160935330710828 0.20699639086377533 0.20238342842043455 0.1987630624958983 0.19620380468099843 0.19364454686609858 0.19108528905119873 0.18852603123629885 0.185966773421399 0.18340751560649915 0.1808482577915993 0.17828899997669942 0.17572974216179957 0.17317048434689972 0.17061122653199984 0.16805196871709563 0.16549271090219575 0.1629334530872959 0.16037419527239605
