Figures/CREST_Example_wjb_NSE/Rolling_result/20100722/raw_forecast/ens_1/wjb.rain.20100728.asc
ncols            288
nrows            254
xllcorner        113.274861
yllcorner        31.4918055
cellsize         0.008333333333
NODATA_value     -9999
[rows 40 to 59 of 254, columns 90 to 134 of 288]
7.152896575817367 7.13734843953093 7.12180030324452 7.106252166958109 7.090704030671699 7.075155894385289 7.0596077580988785 7.044059621812468 7.0285114855260575 7.012963349239647 6.9974152129532365 6.981867076666826 6.966318940380416 6.950770804094006 6.935222667807569 6.919674531521158 6.904126395234748 6.888578258948337 6.873030122661927 6.857481986375517 6.841933850089107 6.826385713802696 6.810837577516286 6.795289441229875 6.779741304943465 6.764193168657054 6.748645032370644 6.709606633407751 6.645456612440596 6.581306591473441 6.517156570506287 6.453006549539132 6.388856528571976 6.324706507604821 6.260556486637666 6.196406465670512 6.132256444703357 6.068106423736202 6.003956402769046 5.939806381801891 5.875656360834627 5.8115063398674724 5.747356318900317 5.683206297933162 5.619056276966007
7.228015092200087 7.212022511893095 7.196029931586131 7.180037351279167 7.164044770972204 7.14805219066524 7.132059610358276 7.116067030051312 7.100074449744348 7.084081869437384 7.068089289130421 7.0520967088234565 7.0361041285164925 7.020111548209528 7.004118967902538 6.988126387595574 6.97213380728861 6.956141226981646 6.940148646674682 6.924156066367718 6.908163486060754 6.89217090575379 6.876178325446826 6.860185745139862 6.844193164832898 6.828200584525934 6.812208004218971 6.77245664961489 6.707306628012032 6.642156606409174 6.577006584806317 6.511856563203459 6.4467065416006015 6.381556519997744 6.316406498394886 6.251256476792029 6.186106455189171 6.120956433586313 6.055806411983456 5.9906563903805985 5.925506368777629 5.860356347174772 5.795206325571915 5.730056303969056 5.664906282366199
7.303133608582805 7.28669658425526 7.270259559927743 7.253822535600225 7.2373855112727075 7.220948486945191 7.204511462617673 7.188074438290156 7.171637413962638 7.15520038963512 7.138763365307604 7.122326340980086 7.1058893166525685 7.089452292325051 7.073015267997506 7.056578243669988 7.040141219342471 7.023704195014953 7.007267170687435 6.990830146359919 6.974393122032401 6.9579560977048835 6.941519073377366 6.925082049049848 6.908645024722332 6.892208000394814 6.8757709760672965 6.835306665822027 6.769156643583467 6.703006621344906 6.636856599106347 6.570706576867786 6.504556554629226 6.438406532390665 6.372256510152106 6.306106487913546 6.239956465674985 6.173806443436425 6.107656421197865 6.041506398959305 5.975356376720631 5.909206354482071 5.843056332243512 5.776906310004951 5.71075628776639
7.351840307158881 7.334314384544348 7.316788461929845 7.299262539315342 7.28173661670084 7.264210694086337 7.246684771471835 7.229158848857332 7.21163292624283 7.194107003628327 7.176581081013824 7.159055158399322 7.141529235784819 7.124003313170316 7.106477390555783 7.088951467941281 7.071425545326778 7.053899622712276 7.036373700097773 7.018847777483271 7.001321854868768 6.983795932254265 6.9662700096397625 6.9487440870252595 6.931218164410757 6.913692241796254 6.896166319181752 6.8547599026633454 6.787824698133976 6.720889493604607 6.653954289075237 6.587019084545868 6.520083880016498 6.453148675487128 6.386213470957759 6.319278266428389 6.25234306189902 6.1854078573696505 6.118472652840281 6.051537448310912 5.984602243781428 5.917667039252058 5.850731834722689 5.7837966301933195 5.71686142566395
7.372314437921764 7.353010736046101 7.3337070341704695 7.314403332294838 7.295099630419207 7.275795928543576 7.256492226667945 7.237188524792313 7.217884822916682 7.198581121041051 7.1792774191654205 7.159973717289789 7.140670015414158 7.121366313538527 7.102062611662863 7.082758909787231 7.0634552079116 7.044151506035969 7.024847804160338 7.005544102284707 6.986240400409076 6.966936698533445 6.947632996657814 6.928329294782182 6.909025592906551 6.88972189103092 6.870418189155289 6.827824718787503 6.760333959232442 6.69284319967738 6.6253524401223185 6.557861680567258 6.490370921012196 6.422880161457135 6.355389401902073 6.287898642347011 6.2204078827919504 6.152917123236889 6.085426363681828 6.017935604126766 5.95044484457159 5.882954085016528 5.815463325461467 5.747972565906405 5.680481806351343
7.392788568684647 7.371707087547852 7.350625606411092 7.3295441252743325 7.308462644137573 7.287381163000814 7.266299681864054 7.245218200727295 7.224136719590534 7.203055238453775 7.1819737573170155 7.160892276180256 7.139810795043497 7.118729313906737 7.097647832769941 7.076566351633182 7.055484870496422 7.034403389359663 7.013321908222903 6.992240427086143 6.971158945949384 6.950077464812624 6.928995983675865 6.907914502539105 6.886833021402346 6.8657515402655855 6.844670059128826 6.8008895349116605 6.732843220330907 6.664796905750154 6.596750591169401 6.528704276588647 6.460657962007894 6.392611647427141 6.324565332846387 6.256519018265633 6.18847270368488 6.120426389104127 6.052380074523374 5.98433375994262 5.9162874453617516 5.848241130780997 5.780194816200244 5.712148501619491 5.644102187038738
7.413262699447548 7.39040343904962 7.36754417865173 7.344684918253841 7.321825657855951 7.298966397458061 7.276107137060172 7.253247876662282 7.230388616264393 7.2075293558665035 7.184670095468613 7.161810835070724 7.138951574672834 7.116092314274945 7.093233053877016 7.070373793479127 7.047514533081237 7.024655272683347 7.001796012285458 6.978936751887568 6.956077491489679 6.933218231091789 6.9103589706939 6.8874997102960105 6.86464044989812 6.841781189500231 6.818921929102341 6.773954351035794 6.705352481429348 6.636750611822903 6.568148742216457 6.499546872610011 6.430945003003566 6.36234313339712 6.2937412637906744 6.225139394184229 6.156537524577783 6.0879356549713375 6.019333785364892 5.950731915758446 5.882130046151883 5.813528176545438 5.744926306938992 5.676324437332546 5.607722567726101
7.4337368302104325 7.409099790551372 7.384462750892354 7.359825711233336 7.3351886715743175 7.3105516319153 7.285914592256281 7.261277552597264 7.236640512938246 7.2120034732792275 7.18736643362021 7.162729393961191 7.138092354302174 7.113455314643155 7.088818274984095 7.064181235325077 7.039544195666059 7.014907156007041 6.990270116348023 6.965633076689005 6.940996037029987 6.916358997370969 6.891721957711951 6.8670849180529325 6.842447878393915 6.817810838734896 6.793173799075879 6.7470191671599515 6.677861742527814 6.608704317895676 6.539546893263539 6.470389468631401 6.401232043999264 6.332074619367126 6.262917194734989 6.193759770102851 6.124602345470713 6.055444920838576 5.9862874962064385 5.9171300715743005 5.847972646942045 5.778815222309907 5.70965779767777 5.640500373045632 5.571342948413495
7.454210960973315 7.427796142053124 7.401381323132977 7.37496650421283 7.3485516852926835 7.322136866372538 7.295722047452391 7.269307228532244 7.2428924096120975 7.216477590691952 7.190062771771805 7.163647952851658 7.137233133931511 7.110818315011365 7.0844034960911735 7.057988677171027 7.03157385825088 7.005159039330734 6.978744220410587 6.952329401490441 6.925914582570294 6.899499763650148 6.873084944730001 6.846670125809855 6.820255306889708 6.793840487969561 6.767425669049415 6.720083983284108 6.650371003626279 6.580658023968449 6.51094504431062 6.44123206465279 6.371519084994961 6.301806105337131 6.2320931256793015 6.162380146021473 6.092667166363643 6.022954186705814 5.953241207047984 5.883528227390155 5.813815247732206 5.744102268074377 5.674389288416547 5.604676308758718 5.534963329100888
7.474685091736198 7.446492493554875 7.4182998953736 7.390107297192325 7.3619146990110504 7.3337221008297755 7.3055295026485005 7.277336904467225 7.24914430628595 7.220951708104675 7.1927591099234 7.164566511742125 7.13637391356085 7.108181315379575 7.079988717198252 7.051796119016977 7.023603520835702 6.995410922654427 6.967218324473152 6.939025726291877 6.910833128110602 6.882640529929327 6.8544479317480524 6.8262553335667775 6.7980627353855025 6.769870137204228 6.741677539022952 6.693148799408266 6.622880264724744 6.552611730041223 6.482343195357702 6.41207466067418 6.341806125990659 6.271537591307137 6.201269056623616 6.131000521940095 6.060731987256573 5.990463452573052 5.92019491788953 5.849926383206009 5.779657848522367 5.709389313838846 5.639120779155325 5.568852244471803 5.498583709788282
7.495159222499082 7.465188845056628 7.435218467614224 7.4052480901718205 7.375277712729417 7.345307335287013 7.31533695784461 7.285366580402207 7.255396202959803 7.2254258255174 7.195455448074997 7.1654850706325925 7.135514693190189 7.105544315747785 7.0755739383053315 7.0456035608629275 7.015633183420524 6.985662805978121 6.955692428535717 6.925722051093314 6.89575167365091 6.865781296208507 6.835810918766104 6.8058405413236995 6.775870163881296 6.745899786438893 6.715929408996489 6.666213615532423 6.59538952582321 6.524565436113996 6.453741346404783 6.38291725669557 6.312093166986356 6.241269077277143 6.1704449875679295 6.099620897858717 6.028796808149504 5.95797271844029 5.887148628731077 5.816324539021863 5.745500449312529 5.674676359603316 5.603852269894103 5.533028180184889 5.462204090475677
7.515633353261965 7.483885196558379 7.452137039854847 7.420388883151315 7.388640726447783 7.356892569744251 7.32514441304072 7.2933962563371875 7.261648099633655 7.229899942930124 7.198151786226592 7.16640362952306 7.134655472819528 7.102907316115996 7.07115915941241 7.039411002708878 7.007662846005346 6.975914689301814 6.944166532598282 6.912418375894751 6.880670219191218 6.848922062487686 6.817173905784155 6.7854257490806225 6.75367759237709 6.721929435673559 6.690181278970027 6.639278431656581 6.567898786921675 6.49651914218677 6.425139497451864 6.353759852716959 6.2823802079820545 6.211000563247149 6.139620918512244 6.068241273777339 5.996861629042433 5.925481984307528 5.8541023395726235 5.782722694837718 5.711343050102691 5.639963405367785 5.5685837606328805 5.497204115897976 5.42582447116307
7.536107484024848 7.502581548060131 7.46905561209547 7.43552967613081 7.402003740166149 7.368477804201489 7.334951868236828 7.301425932272168 7.267899996307508 7.234374060342848 7.200848124378187 7.167322188413527 7.1337962524488665 7.100270316484206 7.066744380519489 7.033218444554828 6.999692508590168 6.966166572625507 6.932640636660847 6.899114700696186 6.865588764731526 6.832062828766865 6.798536892802206 6.765010956837545 6.731485020872885 6.6979590849082244 6.664433148943564 6.612343247780737 6.54040804802014 6.468472848259544 6.3965376484989465 6.324602448738349 6.252667248977752 6.180732049217155 6.108796849456558 6.036861649695961 5.964926449935364 5.8929912501747665 5.821056050414169 5.749120850653572 5.677185650892853 5.605250451132256 5.533315251371659 5.461380051611061 5.389444851850464
7.556581614787749 7.521277899561898 7.485974184336108 7.450670469110317 7.415366753884527 7.3800630386587365 7.344759323432947 7.3094556082071565 7.274151892981366 7.2388481777555755 7.203544462529785 7.168240747303995 7.132937032078204 7.097633316852414 7.062329601626564 7.027025886400773 6.991722171174983 6.956418455949192 6.921114740723402 6.8858110254976115 6.850507310271821 6.815203595046031 6.77989987982024 6.74459616459445 6.709292449368659 6.67398873414287 6.638685018917079 6.585408063904872 6.512917309118582 6.4404265543322925 6.367935799546003 6.295445044759714 6.2229542899734245 6.150463535187135 6.077972780400845 6.005482025614556 5.932991270828267 5.860500516041977 5.788009761255688 5.715519006469398 5.643028251682985 5.570537496896695 5.498046742110406 5.425555987324117 5.353065232537827
7.577055745550632 7.539974251063651 7.502892756576732 7.465811262089813 7.428729767602894 7.391648273115975 7.3545667786290565 7.317485284142138 7.280403789655219 7.2433222951683 7.206240800681381 7.169159306194462 7.132077811707544 7.094996317220625 7.057914822733642 7.020833328246724 6.983751833759805 6.946670339272886 6.909588844785967 6.872507350299048 6.8354258558121295 6.798344361325211 6.761262866838291 6.724181372351373 6.687099877864454 6.650018383377535 6.612936888890616 6.558472880029029 6.485426570217047 6.412380260405066 6.339333950593085 6.266287640781104 6.193241330969122 6.120195021157141 6.04714871134516 5.9741024015331785 5.9010560917211965 5.828009781909215 5.754963472097234 5.681917162285252 5.608870852473147 5.535824542661166 5.462778232849184 5.3897319230372025 5.316685613225221
7.597529876313516 7.558670602565402 7.5198113288173545 7.480952055069308 7.44209278132126 7.403233507573213 7.364374233825165 7.325514960077118 7.286655686329071 7.247796412581024 7.208937138832976 7.170077865084929 7.131218591336881 7.092359317588834 7.053500043840721 7.014640770092673 6.975781496344626 6.9369222225965785 6.898062948848532 6.859203675100484 6.820344401352436 6.781485127604389 6.742625853856342 6.703766580108295 6.664907306360247 6.6260480326122 6.587188758864153 6.531537696153185 6.457935831315512 6.384333966477839 6.310732101640165 6.237130236802493 6.163528371964819 6.089926507127146 6.016324642289472 5.9427227774518 5.869120912614126 5.795519047776453 5.72191718293878 5.6483153181011065 5.574713453263308 5.501111588425634 5.427509723587962 5.353907858750288 5.280305993912615
7.618004007076399 7.577366954067154 7.536729901057978 7.496092848048802 7.455455795039627 7.414818742030451 7.374181689021275 7.333544636012099 7.292907583002924 7.252270529993748 7.211633476984572 7.170996423975396 7.13035937096622 7.089722317957044 7.0490852649477995 7.0084482119386236 6.967811158929448 6.927174105920272 6.8865370529110965 6.8458999999019206 6.805262946892745 6.764625893883569 6.723988840874393 6.6833517878652176 6.642714734856042 6.602077681846866 6.56144062883769 6.5046025122773425 6.4304450924139775 6.3562876725506126 6.282130252687248 6.207972832823882 6.133815412960517 6.059657993097152 5.985500573233787 5.911343153370422 5.837185733507056 5.763028313643691 5.688870893780326 5.614713473916961 5.540556054053469 5.466398634190104 5.392241214326739 5.318083794463374 5.243926374600008
7.638478137839282 7.596063305568906 7.553648473298602 7.511233641028298 7.468818808757994 7.4264039764876895 7.383989144217384 7.34157431194708 7.299159479676776 7.256744647406472 7.214329815136168 7.1719149828658635 7.129500150595559 7.087085318325255 7.044670486054878 7.002255653784574 6.95984082151427 6.917425989243966 6.875011156973661 6.832596324703357 6.790181492433053 6.747766660162748 6.705351827892445 6.66293699562214 6.620522163351835 6.578107331081531 6.535692498811227 6.4776673284015 6.402954353512443 6.328241378623386 6.253528403734329 6.1788154288452715 6.104102453956215 6.029389479067158 5.9546765041781 5.879963529289044 5.805250554399986 5.730537579510929 5.6558246046218725 5.581111629732815 5.506398654843631 5.431685679954573 5.356972705065516 5.2822597301764596 5.207546755287402
7.658952268602166 7.614759657070658 7.570567045539225 7.526374434007792 7.48218182247636 7.437989210944927 7.393796599413494 7.349603987882062 7.305411376350628 7.261218764819196 7.2170261532877635 7.17283354175633 7.128640930224898 7.0844483186934655 7.040255707161957 6.996063095630524 6.951870484099092 6.907677872567659 6.863485261036226 6.819292649504794 6.775100037973361 6.730907426441928 6.686714814910495 6.6425222033790625 6.59832959184763 6.554136980316197 6.5099443687847645 6.450732144525658 6.375463614610909 6.30019508469616 6.22492655478141 6.149658024866661 6.074389494951912 5.9991209650371635 5.923852435122415 5.848583905207666 5.773315375292917 5.698046845378167 5.622778315463418 5.5475097855486695 5.472241255633793 5.396972725719044 5.321704195804294 5.246435665889545 5.171167135974796
7.679426399365067 7.633456008572425 7.587485617779863 7.5415152269873005 7.495544836194737 7.449574445402175 7.403604054609612 7.357633663817049 7.311663273024487 7.2656928822319236 7.219722491439361 7.173752100646798 7.1277817098542355 7.081811319061673 7.035840928269032 6.989870537476469 6.943900146683906 6.897929755891344 6.851959365098781 6.805988974306218 6.760018583513656 6.714048192721092 6.66807780192853 6.622107411135968 6.576137020343404 6.530166629550842 6.48419623875828 6.423796960649791 6.34797287570935 6.272148790768909 6.196324705828467 6.120500620888026 6.044676535947585 5.968852451007144 5.8930283660667016 5.81720428112626 5.741380196185819 5.665556111245378 5.589732026304937 5.513907941364495 5.4380838564239244 5.362259771483483 5.286435686543042 5.210611601602601 5.1347875166621595
