Figures/CREST_Example_wjb_NSE/Rolling_result/20100722/raw_forecast/ens_1/wjb.rain.20100725.asc
ncols            288
nrows            254
xllcorner        113.274861
yllcorner        31.4918055
cellsize         0.008333333333
NODATA_value     -9999
[rows 76 to 94 of 254, columns 88 to 131 of 288]
0.17081502151561498 0.17158909702657868 0.17236317253754238 0.17313724804850741 0.17391132355947111 0.17468539907043482 0.17545947458139852 0.17623355009236222 0.17700762560332592 0.17778170111428962 0.17855577662525332 0.17932985213621702 0.18010392764718072 0.18087800315814442 0.18165207866910812 0.18242615418007183 0.18320022969103683 0.18397430520200053 0.18474838071296423 0.18552245622392793 0.18629653173489163 0.18707060724585534 0.18784468275681904 0.18861875826778274 0.18939283377874644 0.19016690928971014 0.19094098480067384 0.19171506031163754 0.19248913582260124 0.19146508126803585 0.1885187850109358 0.18557248875383572 0.18262619249673567 0.1796798962396356 0.17673359998253554 0.17378730372543547 0.17084100746833542 0.16789471121123534 0.1649484149541353 0.16200211869703524 0.15905582243993516 0.15610952618283508 0.15316322992573 0.15021693366862995
0.19114464696893885 0.19214094468886145 0.19313724240878408 0.19413354012870837 0.19512983784863097 0.1961261355685536 0.1971224332884762 0.1981187310083988 0.1991150287283214 0.20011132644824403 0.20110762416816663 0.20210392188808923 0.20310021960801183 0.20409651732793446 0.20509281504785706 0.20608911276777966 0.20708541048770399 0.2080817082076266 0.2090780059275492 0.21007430364747182 0.21107060136739442 0.21206689908731702 0.21306319680723962 0.21405949452716225 0.21505579224708485 0.21605208996700745 0.21704838768693008 0.21804468540685268 0.21904098312677528 0.21818544857867664 0.21535026345916974 0.21251507833966282 0.2096798932201559 0.20684470810064898 0.20400952298114208 0.20117433786163516 0.19833915274212824 0.19550396762262134 0.19266878250311442 0.1898335973836075 0.18699841226410058 0.18416322714459368 0.18132804202508193 0.178492856905575
0.21147427242226272 0.21269279235114424 0.21391131228002574 0.21512983220890936 0.21634835213779088 0.21756687206667238 0.2187853919955539 0.22000391192443544 0.22122243185331694 0.22244095178219847 0.22365947171108 0.22487799163996153 0.22609651156884303 0.22731503149772456 0.22853355142660609 0.22975207135548759 0.2309705912843712 0.2321891112132527 0.23340763114213423 0.23462615107101575 0.23584467099989728 0.23706319092877878 0.2382817108576603 0.23950023078654184 0.24071875071542334 0.24193727064430487 0.2431557905731864 0.24437431050206793 0.24559283043094943 0.24490581588931756 0.24218174190740377 0.23945766792549 0.23673359394357624 0.23400951996166247 0.23128544597974868 0.2285613719978349 0.22583729801592115 0.22311322403400738 0.22038915005209359 0.21766507607017982 0.21494100208826605 0.2122169281063523 0.20949285412443386 0.2067687801425201
0.23180389787560396 0.23324464001344458 0.23468538215128518 0.23612612428912827 0.2375668664269689 0.2390076085648095 0.2404483507026501 0.24188909284049073 0.24332983497833136 0.24477057711617195 0.24621131925401257 0.2476520613918532 0.24909280352969382 0.25053354566753444 0.25197428780537506 0.2534150299432157 0.25485577208105875 0.2562965142188994 0.25773725635673994 0.25917799849458056 0.2606187406324212 0.2620594827702618 0.26350022490810243 0.26494096704594305 0.2663817091837837 0.2678224513216243 0.2692631934594649 0.27070393559730555 0.2721446777351461 0.27162618319998116 0.2690132203556606 0.2664002575113401 0.26378729466701956 0.26117433182269906 0.2585613689783785 0.255948406134058 0.25333544328973745 0.25072248044541695 0.2481095176010964 0.24549655475677587 0.24288359191245534 0.24027062906813484 0.23765766622380985 0.23504470337948932
0.2521335233289278 0.2537964876757274 0.2554594520225269 0.25712241636932925 0.2587853807161288 0.2604483450629283 0.2621113094097278 0.26377427375652734 0.26543723810332687 0.2671002024501264 0.2687631667969259 0.2704261311437255 0.272089095490525 0.27375205983732454 0.27541502418412406 0.2770779885309236 0.27874095287772593 0.28040391722452546 0.282066881571325 0.28372984591812456 0.2853928102649241 0.2870557746117236 0.2887187389585231 0.29038170330532265 0.29204466765212217 0.2937076319989217 0.2953705963457212 0.29703356069252074 0.2986965250393203 0.29834655051062203 0.2958446988038947 0.2933428470971673 0.2908409953904399 0.2883391436837125 0.28583729197698515 0.28333544027025775 0.28083358856353036 0.27833173685680296 0.27582988515007556 0.2733280334433482 0.2708261817366208 0.2683243300298934 0.26582247832316175 0.2633206266164344
0.2724631487822517 0.2743483353380101 0.27623352189376854 0.2781187084495302 0.28000389500528866 0.2818890815610471 0.2837742681168055 0.28565945467256393 0.2875446412283224 0.28942982778408083 0.29131501433983925 0.2932002008955977 0.29508538745135615 0.2969705740071146 0.298855760562873 0.3007409471186314 0.3026261336743931 0.30451132023015154 0.30639650678590996 0.3082816933416684 0.31016687989742686 0.3120520664531853 0.3139372530089437 0.31582243956470213 0.31770762612046055 0.31959281267621903 0.32147799923197745 0.3233631857877359 0.32524837234349435 0.32506691782126285 0.3226761772521286 0.32028543668299436 0.3178946961138601 0.3155039555447259 0.3131132149755917 0.31072247440645745 0.3083317338373232 0.30594099326818897 0.3035502526990547 0.3011595121299205 0.29876877156078624 0.296378030991652 0.2939872904225137 0.29159654985337946
0.29279277423557554 0.2949001830002929 0.29700759176501024 0.29911500052973117 0.30122240929444855 0.30332981805916587 0.30543722682388325 0.30754463558860057 0.30965204435331795 0.31175945311803527 0.31386686188275265 0.31597427064746997 0.31808167941218735 0.32018908817690467 0.322296496941622 0.32440390570633937 0.3265113144710603 0.3286187232357777 0.330726132000495 0.3328335407652123 0.3349409495299297 0.337048358294647 0.3391557670593644 0.3412631758240817 0.3433705845887991 0.3454779933535164 0.3475854021182338 0.3496928108829511 0.3518002196476685 0.35178728513190377 0.3495076557003627 0.3472280262688216 0.34494839683728046 0.34266876740573937 0.3403891379741983 0.3381095085426572 0.3358298791111161 0.33355024967957503 0.33127062024803394 0.32899099081649286 0.32671136138495177 0.3244317319534107 0.32215210252186566 0.3198724730903246
0.3131223996888995 0.3154520306625757 0.317781661636252 0.3201112926099322 0.32244092358360843 0.3247705545572847 0.327100185530961 0.3294298165046372 0.3317594474783135 0.3340890784519897 0.336418709425666 0.3387483403993422 0.3410779713730185 0.34340760234669476 0.345737233320371 0.34806686429404726 0.3503964952677275 0.3527261262414037 0.35505575721508 0.35738538818875626 0.3597150191624325 0.36204465013610876 0.364374281109785 0.36670391208346126 0.3690335430571375 0.37136317403081376 0.37369280500449 0.37602243597816626 0.37835206695184254 0.37850765244254453 0.3763391341485966 0.37417061585464867 0.37200209756070074 0.3698335792667528 0.3676650609728048 0.3654965426788569 0.36332802438490897 0.36115950609096104 0.35899098779701305 0.3568224695030651 0.3546539512091172 0.35248543291516926 0.3503169146212176 0.3481483963272697
0.33345202514222333 0.3360038783248585 0.33855573150749363 0.3411075846901332 0.3436594378727683 0.3462112910554035 0.34876314423803867 0.35131499742067385 0.35386685060330897 0.35641870378594415 0.3589705569685793 0.3615224101512145 0.3640742633338496 0.3666261165164848 0.36917796969912 0.37172982288175516 0.37428167606439466 0.37683352924702984 0.37938538242966496 0.38193723561230014 0.3844890887949353 0.38704094197757044 0.3895927951602056 0.3921446483428408 0.394696501525476 0.39724835470811115 0.3998002078907463 0.40235206107338145 0.40490391425601663 0.4052280197531854 0.4031706125968306 0.4011132054404758 0.399055798284121 0.3969983911277662 0.3949409839714114 0.3928835768150566 0.3908261696587018 0.38876876250234704 0.3867113553459922 0.38465394818963744 0.3825965410332826 0.38053913387692784 0.3784817267205695 0.37642431956421474
0.35378165059556455 0.35655572598715884 0.3593298013787531 0.3621038767703521 0.36487795216194635 0.3676520275535406 0.3704261029451349 0.37320017833672914 0.3759742537283234 0.3787483291199177 0.3815224045115119 0.38429647990310617 0.38707055529470047 0.3898446306862947 0.39261870607788896 0.39539278146948326 0.3981668568610822 0.40094093225267646 0.40371500764427076 0.406489083035865 0.4092631584274593 0.41203723381905355 0.4148113092106478 0.41758538460224204 0.42035945999383634 0.4231335353854306 0.4259076107770249 0.4286816861686191 0.43145576156021337 0.4319483870638491 0.4300020910450875 0.42805579502632596 0.4261094990075644 0.42416320298880283 0.4222169069700413 0.4202706109512797 0.41832431493251815 0.41637801891375664 0.4144317228949951 0.4124854268762335 0.41053913085747196 0.4085928348387104 0.4066465388199455 0.404700242801184
0.37411127604888844 0.3771075736494416 0.3801038712499948 0.38310016885055304 0.38609646645110623 0.3890927640516594 0.3920890616522126 0.3950853592527657 0.3980816568533189 0.40107795445387207 0.40407425205442526 0.40707054965497846 0.4100668472555316 0.41306314485608475 0.41605944245663795 0.41905574005719115 0.4220520376577494 0.4250483352583026 0.42804463285885574 0.43104093045940894 0.4340372280599621 0.4370335256605153 0.44002982326106843 0.44302612086162163 0.4460224184621748 0.449018716062728 0.4520150136632811 0.4550113112638343 0.45800760886438746 0.4586687543744899 0.4568335694933215 0.4549983846121531 0.4531631997309847 0.4513280148498163 0.44949282996864787 0.44765764508747946 0.44582246020631106 0.44398727532514265 0.44215209044397424 0.4403169055628058 0.4384817206816374 0.43664653580046897 0.43481135091929746 0.43297616603812905
0.3944409015022123 0.3976594213117244 0.4008779411212365 0.404096460930754 0.4073149807402661 0.4105335005497782 0.41375202035929026 0.41697054016880236 0.42018905997831446 0.4234075797878265 0.4266260995973386 0.4298446194068507 0.43306313921636275 0.43628165902587485 0.43950017883538695 0.442718698644899 0.4459372184544166 0.4491557382639287 0.4523742580734408 0.4555927778829528 0.4588112976924649 0.462029817501977 0.46524833731148907 0.46846685712100117 0.47168537693051327 0.4749038967400253 0.4781224165495374 0.4813409363590495 0.48455945616856155 0.48538912168513076 0.4836650479415555 0.4819409741979802 0.48021690045440496 0.4784928267108297 0.4767687529672544 0.47504467922367916 0.4733206054801039 0.47159653173652866 0.4698724579929534 0.4681483842493781 0.46642431050580285 0.4647002367622276 0.4629761630186494 0.4612520892750741
0.41477052695553623 0.4182112689740072 0.4216520109924782 0.42509275301095506 0.42853349502942606 0.43197423704789706 0.43541497906636806 0.438855721084839 0.44229646310331 0.445737205121781 0.449177947140252 0.452618689158723 0.456059431177194 0.459500173195665 0.46294091521413594 0.46638165723260694 0.4698223992510838 0.4732631412695548 0.4767038832880258 0.4801446253064968 0.4835853673249678 0.48702610934343876 0.49046685136190976 0.49390759338038076 0.49734833539885176 0.5007890774173227 0.5042298194357937 0.5076705614542647 0.5111113034727357 0.5121094889957717 0.5104965263897895 0.5088835637838074 0.5072706011778253 0.5056576385718432 0.5040446759658611 0.5024317133598789 0.5008187507538968 0.4992057881479147 0.49759282554193257 0.4959798629359505 0.49436690032996833 0.49275393772398624 0.49114097511800137 0.4895280125120193
0.4351001524088601 0.43876311663629 0.4424260808637199 0.44608904509115604 0.44975200931858594 0.45341497354601584 0.45707793777344574 0.46074090200087564 0.46440386622830554 0.46806683045573544 0.47172979468316534 0.4753927589105953 0.4790557231380252 0.4827186873654551 0.486381651592885 0.4900446158203149 0.49370758004775106 0.4973705442751809 0.5010335085026109 0.5046964727300407 0.5083594369574707 0.5120224011849005 0.5156853654123305 0.5193483296397603 0.5230112938671903 0.5266742580946202 0.53033722232205 0.53400018654948 0.5376631507769098 0.5388298563064126 0.5373280048380236 0.5358261533696346 0.5343243019012457 0.5328224504328567 0.5313205989644677 0.5298187474960787 0.5283168960276897 0.5268150445593007 0.5253131930909117 0.5238113416225229 0.5223094901541339 0.5208076386857449 0.5193057872173533 0.5178039357489643
0.4554297778621839 0.45931496429857277 0.46320015073496157 0.46708533717135703 0.47097052360774583 0.4748557100441346 0.4787408964805234 0.4826260829169122 0.4865112693533011 0.4903964557896899 0.4942816422260787 0.4981668286624675 0.5020520150988563 0.5059372015352451 0.5098223879716339 0.5137075744080227 0.5175927608444182 0.521477947280807 0.5253631337171958 0.5292483201535846 0.5331335065899734 0.5370186930263623 0.5409038794627511 0.5447890658991399 0.5486742523355287 0.5525594387719175 0.5564446252083063 0.5603298116446951 0.5642149980810839 0.5655502236170533 0.5641594832862575 0.5627687429554618 0.5613780026246659 0.5599872622938701 0.5585965219630742 0.5572057816322784 0.5558150413014826 0.5544243009706867 0.553033560639891 0.5516428203090952 0.5502520799782993 0.5488613396475035 0.5474705993167053 0.5460798589859095
0.4757594033155078 0.4798668119608555 0.48397422060620326 0.48808162925155796 0.4921890378969057 0.4962964465422534 0.5004038551876011 0.5045112638329489 0.5086186724782966 0.5127260811236443 0.516833489768992 0.5209408984143398 0.5250483070596874 0.5291557157050352 0.5332631243503829 0.5373705329957306 0.5414779416410853 0.5455853502864331 0.5496927589317808 0.5538001675771285 0.5579075762224762 0.562014984867824 0.5661223935131716 0.5702298021585194 0.5743372108038671 0.5784446194492148 0.5825520280945625 0.5866594367399103 0.5907668453852579 0.5922705909276942 0.5909909617344915 0.5897113325412888 0.5884317033480861 0.5871520741548835 0.5858724449616808 0.5845928157684781 0.5833131865752754 0.5820335573820727 0.5807539281888701 0.5794742989956674 0.5781946698024647 0.576915040609262 0.5756354114160571 0.5743557822228544
0.496089028768849 0.5004186596231559 0.5047482904774627 0.5090779213317769 0.5134075521860837 0.5177371830403905 0.5220668138946973 0.5263964447490042 0.530726075603311 0.5350557064576178 0.5393853373119246 0.5437149681662314 0.5480445990205383 0.5523742298748451 0.5567038607291519 0.5610334915834587 0.5653631224377729 0.5696927532920797 0.5740223841463865 0.5783520150006933 0.5826816458550002 0.587011276709307 0.5913409075636138 0.5956705384179206 0.6000001692722274 0.6043298001265343 0.6086594309808411 0.6129890618351479 0.6173186926894547 0.6189909582383577 0.6178224401827483 0.6166539221271389 0.6154854040715294 0.61431688601592 0.6131483679603106 0.6119798499047011 0.6108113318490918 0.6096428137934823 0.6084742957378728 0.6073057776822635 0.606137259626654 0.6049687415710445 0.6038002235154332 0.6026317054598237
0.5164186542221729 0.5209705072854386 0.5255223603487044 0.5300742134119778 0.5346260664752436 0.5391779195385094 0.543729772601775 0.5482816256650408 0.5528334787283065 0.5573853317915722 0.5619371848548379 0.5664890379181037 0.5710408909813695 0.5755927440446351 0.5801445971079009 0.5846964501711666 0.5892483032344401 0.5938001562977058 0.5983520093609715 0.6029038624242372 0.607455715487503 0.6120075685507687 0.6165594216140344 0.6211112746773002 0.6256631277405659 0.6302149808038316 0.6347668338670973 0.6393186869303631 0.6438705399936289 0.6457113255489987 0.6446539186309823 0.6435965117129661 0.6425391047949498 0.6414816978769335 0.6404242909589172 0.6393668840409009 0.6383094771228847 0.6372520702048683 0.636194663286852 0.6351372563688358 0.6340798494508194 0.6330224425328032 0.631965035614785 0.6309076286967688
0.5367482796754968 0.5415223549477214 0.546296430219946 0.5510705054921788 0.5558445807644035 0.5606186560366281 0.5653927313088527 0.5701668065810774 0.574940881853302 0.5797149571255267 0.5844890323977513 0.5892631076699759 0.5940371829422006 0.5988112582144253 0.6035853334866499 0.6083594087588745 0.6131334840311073 0.617907559303332 0.6226816345755566 0.6274557098477812 0.6322297851200058 0.6370038603922304 0.6417779356644551 0.6465520109366798 0.6513260862089044 0.656100161481129 0.6608742367533537 0.6656483120255783 0.670422387297803 0.6724316928596396 0.6714853970792164 0.6705391012987932 0.6695928055183701 0.6686465097379469 0.6677002139575239 0.6667539181771007 0.6658076223966776 0.6648613266162544 0.6639150308358313 0.6629687350554081 0.6620224392749849 0.6610761434945618 0.6601298477141371 0.6591835519337139
