Figures/CREST_Example_wjb_NSE/Rolling_result/20100722/raw_forecast/ens_1/wjb.rain.20100729.asc
ncols            288
nrows            254
xllcorner        113.274861
yllcorner        31.4918055
cellsize         0.008333333333
NODATA_value     -9999
[rows 160 to 179 of 254, columns 180 to 224 of 288]
10.788948357526136 10.76111874073449 10.733289123942797 10.705459507151149 10.677629890359501 10.649800273567855 10.621970656776208 10.594141039984562 10.566311423192914 10.538481806401268 10.51065218960962 10.482822572817973 10.454992956026327 10.42716333923468 10.399333722443034 10.371504105651338 10.343674488859692 10.315844872068045 10.288015255276399 10.260185638484751 10.232356021693104 10.204526404901458 10.17669678810981 10.148867171318164 10.121037554526517 10.09320793773487 10.065378320943223 9.96588308596871 9.7897756834224 9.613668280876393 9.437560878330384 9.261453475784377 9.08534607323837 8.90923867069236 8.733131268146353 8.557023865600344 8.380916463054337 8.204809060508328 8.028701657962321 7.852594255416313 7.676486852870305 7.5003794503239964 7.324272047777988 7.148164645231981 6.972057242685972
10.646452032161195 10.621733524573061 10.597015016984884 10.57229650939675 10.547578001808617 10.522859494220482 10.498140986632349 10.473422479044213 10.44870397145608 10.423985463867945 10.399266956279812 10.374548448691677 10.349829941103543 10.325111433515408 10.300392925927275 10.275674418339099 10.250955910750964 10.22623740316283 10.201518895574695 10.176800387986562 10.152081880398427 10.127363372810294 10.10264486522216 10.077926357634025 10.053207850045892 10.028489342457757 10.003770834869623 9.90577564399612 9.729446020499175 9.553116397002528 9.37678677350588 9.200457150009234 9.024127526512588 8.847797903015941 8.671468279519294 8.495138656022649 8.318809032526001 8.142479409029354 7.966149785532708 7.789820162036062 7.6134905385394145 7.437160915042467 7.260831291545821 7.084501668049175 6.908172044552527
10.503955706796253 10.482348308411632 10.460740910026972 10.439133511642352 10.41752611325773 10.39591871487311 10.374311316488487 10.352703918103867 10.331096519719246 10.309489121334623 10.287881722950003 10.266274324565382 10.24466692618076 10.223059527796138 10.201452129411518 10.17984473102686 10.158237332642237 10.136629934257616 10.115022535872995 10.093415137488373 10.071807739103752 10.050200340719131 10.028592942334509 10.006985543949888 9.985378145565267 9.963770747180646 9.942163348796024 9.845668202023536 9.669116357575948 9.492564513128665 9.31601266868138 9.139460824234094 8.962908979786809 8.786357135339523 8.609805290892238 8.433253446444953 8.256701601997667 8.080149757550382 7.903597913103097 7.727046068655811 7.550494224208526 7.373942379760939 7.197390535313654 7.020838690866369 6.844286846419084
10.39316292019637 10.373592543142705 10.354022166089004 10.33445178903534 10.314881411981673 10.295311034928009 10.275740657874342 10.256170280820678 10.236599903767011 10.217029526713347 10.19745914965968 10.177888772606014 10.15831839555235 10.138748018498683 10.119177641445019 10.09960726439132 10.080036887337654 10.060466510283987 10.040896133230323 10.021325756176656 10.001755379122992 9.982185002069325 9.96261462501566 9.943044247961994 9.92347387090833 9.903903493854664 9.884333116800999 9.789613659796617 9.614558135762739 9.439502611729157 9.264447087695578 9.089391563661998 8.914336039628417 8.739280515594837 8.564224991561256 8.389169467527676 8.214113943494095 8.039058419460515 7.8640028954269345 7.688947371393354 7.513891847359774 7.338836323325895 7.163780799292314 6.988725275258734 6.813669751225154
10.31625921809135 10.29757773013843 10.278896242185478 10.260214754232559 10.241533266279637 10.222851778326717 10.204170290373797 10.185488802420876 10.166807314467956 10.148125826515036 10.129444338562115 10.110762850609195 10.092081362656275 10.073399874703354 10.054718386750434 10.036036898797482 10.017355410844562 9.99867392289164 9.97999243493872 9.961310946985801 9.94262945903288 9.92394797107996 9.90526648312704 9.886584995174118 9.867903507221198 9.849222019268279 9.830540531315357 9.737891411921773 9.566169220691146 9.394447029460812 9.222724838230478 9.051002647000145 8.87928045576981 8.707558264539477 8.535836073309143 8.36411388207881 8.192391690848476 8.020669499618142 7.8489473083878085 7.677225117157475 7.505502925927141 7.333780734696514 7.1620585434661805 6.990336352235847 6.818614161005513
10.239355515986334 10.22156291713416 10.203770318281952 10.185977719429777 10.168185120577602 10.150392521725427 10.132599922873252 10.114807324021077 10.097014725168902 10.079222126316726 10.06142952746455 10.043636928612376 10.0258443297602 10.008051730908026 9.99025913205585 9.972466533203646 9.954673934351469 9.936881335499294 9.919088736647119 9.901296137794944 9.883503538942769 9.865710940090594 9.847918341238419 9.830125742386244 9.812333143534067 9.794540544681892 9.776747945829717 9.686169164046927 9.517780305619553 9.349391447192465 9.181002588765379 9.012613730338291 8.844224871911205 8.675836013484117 8.507447155057031 8.339058296629943 8.170669438202857 8.00228057977577 7.8338917213486825 7.6655028629215956 7.497114004494509 7.328725146067134 7.160336287640048 6.99194742921296 6.823558570785874
10.162451813881315 10.145548104129885 10.128644394378426 10.111740684626996 10.094836974875566 10.077933265124136 10.061029555372706 10.044125845621275 10.027222135869845 10.010318426118415 9.993414716366985 9.976511006615555 9.959607296864124 9.942703587112694 9.925799877361264 9.908896167609806 9.891992457858375 9.875088748106945 9.858185038355515 9.841281328604085 9.824377618852656 9.807473909101226 9.790570199349796 9.773666489598366 9.756762779846936 9.739859070095505 9.722955360344075 9.63444691617208 9.469391390547958 9.304335864924118 9.139280339300278 8.974224813676438 8.809169288052598 8.644113762428757 8.479058236804917 8.314002711181077 8.148947185557237 7.983891659933396 7.818836134309556 7.653780608685715 7.488725083061875 7.3236695574377535 7.158614031813913 6.993558506190073 6.828502980566233
10.085548111776296 10.06953329112561 10.053518470474899 10.037503649824215 10.02148882917353 10.005474008522844 9.989459187872159 9.973444367221475 9.95742954657079 9.941414725920104 9.92539990526942 9.909385084618735 9.89337026396805 9.877355443317365 9.861340622666681 9.845325802015969 9.829310981365284 9.813296160714598 9.797281340063913 9.78126651941323 9.765251698762544 9.749236878111859 9.733222057461173 9.71720723681049 9.701192416159804 9.685177595509119 9.669162774858435 9.582724668297233 9.421002475476364 9.259280282655771 9.097558089835177 8.935835897014584 8.77411370419399 8.612391511373398 8.450669318552803 8.28894712573221 8.127224932911616 7.965502740091023 7.80378054727043 7.642058354449836 7.480336161629243 7.318613968808373 7.15689177598778 6.995169583167186 6.833447390346593
10.008644409671279 9.99351847812134 9.978392546571374 9.963266615021434 9.948140683471495 9.933014751921554 9.917888820371616 9.902762888821675 9.887636957271736 9.872511025721796 9.857385094171855 9.842259162621916 9.827133231071976 9.812007299522037 9.796881367972096 9.78175543642213 9.766629504872192 9.751503573322251 9.736377641772313 9.721251710222372 9.706125778672433 9.690999847122493 9.675873915572552 9.660747984022613 9.645622052472673 9.630496120922734 9.615370189372793 9.531002420422388 9.372613560404771 9.214224700387424 9.055835840370078 8.897446980352731 8.739058120335384 8.580669260318038 8.422280400300691 8.263891540283344 8.105502680265998 7.947113820248651 7.788724960231304 7.630336100213957 7.47194724019661 7.313558380178994 7.155169520161646 6.9967806601442994 6.838391800126953
9.931740707566261 9.917503665117065 9.903266622667847 9.889029580218653 9.874792537769459 9.860555495320263 9.846318452871069 9.832081410421875 9.817844367972679 9.803607325523485 9.789370283074291 9.775133240625097 9.760896198175901 9.746659155726707 9.732422113277513 9.718185070828294 9.703948028379099 9.689710985929905 9.67547394348071 9.661236901031515 9.646999858582321 9.632762816133127 9.618525773683931 9.604288731234737 9.590051688785543 9.575814646336347 9.561577603887153 9.479280172547544 9.324224645333178 9.169169118119079 9.014113590904978 8.859058063690878 8.704002536476779 8.548947009262678 8.393891482048577 8.238835954834478 8.083780427620377 7.928724900406278 7.7736693731921775 7.618613845978078 7.463558318763978 7.308502791549613 7.153447264335513 6.998391737121413 6.843336209907314
9.854837005461176 9.841488852112729 9.828140698764257 9.81479254541581 9.80144439206736 9.78809623871891 9.774748085370462 9.761399932022014 9.748051778673565 9.734703625325116 9.721355471976668 9.70800731862822 9.69465916527977 9.68131101193132 9.667962858582873 9.654614705234401 9.641266551885954 9.627918398537505 9.614570245189055 9.601222091840606 9.587873938492159 9.57452578514371 9.56117763179526 9.547829478446813 9.534481325098364 9.521133171749915 9.507785018401467 9.427557924672653 9.275835730261543 9.124113535850693 8.972391341439842 8.820669147028992 8.66894695261814 8.517224758207291 8.36550256379644 8.21378036938559 8.062058174974739 7.9103359805638895 7.758613786153039 7.606891591742189 7.455169397331337 7.303447202920228 7.151725008509379 7.0000028140985275 6.848280619687677
9.777933303356159 9.765474039108454 9.75301477486073 9.740555510613026 9.728096246365324 9.71563698211762 9.703177717869917 9.690718453622212 9.67825918937451 9.665799925126805 9.653340660879103 9.640881396631398 9.628422132383696 9.615962868135991 9.603503603888289 9.591044339640565 9.57858507539286 9.566125811145158 9.553666546897453 9.54120728264975 9.528748018402046 9.516288754154344 9.50382948990664 9.491370225658937 9.478910961411232 9.46645169716353 9.453992432915825 9.375835676797807 9.22744681518995 9.079057953582346 8.930669091974742 8.782280230367139 8.633891368759535 8.485502507151931 8.337113645544328 8.188724783936724 8.04033592232912 7.891947060721517 7.743558199113913 7.595169337506309 7.446780475898706 7.298391614290848 7.150002752683244 7.001613891075641 6.853225029468037
9.70102960125114 9.689459226104182 9.677888850957203 9.666318475810245 9.654748100663287 9.64317772551633 9.63160735036937 9.620036975222412 9.608466600075454 9.596896224928496 9.585325849781537 9.573755474634579 9.562185099487621 9.550614724340663 9.539044349193704 9.527473974046726 9.515903598899769 9.504333223752809 9.492762848605851 9.481192473458893 9.469622098311936 9.458051723164976 9.446481348018018 9.43491097287106 9.423340597724101 9.411770222577143 9.400199847430185 9.324113428922962 9.179057900118357 9.034002371314001 8.888946842509643 8.743891313705285 8.59883578490093 8.453780256096572 8.308724727292216 8.163669198487858 8.018613669683502 7.873558140879144 7.728502612074787 7.58344708327043 7.438391554466072 7.2933360256614685 7.148280496857112 7.003224968052754 6.858169439248398
9.62412589914612 9.613444413099907 9.602762927053677 9.592081441007464 9.58139995496125 9.570718468915038 9.560036982868825 9.549355496822612 9.538674010776399 9.527992524730186 9.517311038683973 9.50662955263776 9.495948066591547 9.485266580545334 9.474585094499119 9.463903608452888 9.453222122406675 9.442540636360462 9.43185915031425 9.421177664268036 9.410496178221823 9.39981469217561 9.389133206129397 9.378451720083184 9.367770234036971 9.357088747990758 9.346407261944545 9.272391181048116 9.130668985046764 8.988946789045654 8.847224593044544 8.705502397043434 8.563780201042324 8.422058005041213 8.280335809040103 8.138613613038991 7.996891417037881 7.855169221036771 7.713447025035661 7.571724829034551 7.430002633033441 7.288280437032089 7.146558241030979 7.004836045029868 6.863113849028758
9.547222197041103 9.537429600095635 9.52763700315015 9.517844406204683 9.508051809259214 9.498259212313746 9.488466615368278 9.478674018422812 9.468881421477343 9.459088824531875 9.449296227586407 9.439503630640939 9.42971103369547 9.419918436750004 9.410125839804536 9.400333242859052 9.390540645913584 9.380748048968115 9.370955452022647 9.361162855077179 9.35137025813171 9.341577661186243 9.331785064240776 9.321992467295308 9.31219987034984 9.302407273404372 9.292614676458903 9.22066893317327 9.082280069975171 8.943891206777307 8.805502343579445 8.66711348038158 8.528724617183716 8.390335753985854 8.25194689078799 8.113558027590125 7.975169164392263 7.836780301194398 7.698391437996535 7.560002574798672 7.421613711600807 7.283224848402709 7.144835985204844 7.006447122006981 6.868058258809118
9.470318494936086 9.461414787091362 9.452511079246625 9.443607371401901 9.43470366355718 9.425799955712456 9.416896247867733 9.407992540023011 9.399088832178288 9.390185124333565 9.381281416488843 9.37237770864412 9.363474000799396 9.354570292954673 9.345666585109951 9.336762877265214 9.32785916942049 9.318955461575767 9.310051753731045 9.301148045886322 9.292244338041598 9.283340630196875 9.274436922352153 9.26553321450743 9.256629506662707 9.247725798817985 9.238822090973262 9.168946685298424 9.033891154903577 8.89883562450896 8.763780094114344 8.628724563719725 8.493669033325109 8.358613502930492 8.223557972535875 8.088502442141259 7.953446911746642 7.818391381352025 7.683335850957408 7.5482803205627915 7.413224790168174 7.278169259773327 7.143113729378711 7.008058198984093 6.873002668589477
9.393414792831 9.385399974087024 9.377385155343033 9.369370336599056 9.36135551785508 9.353340699111103 9.345325880367126 9.337311061623149 9.329296242879172 9.321281424135195 9.313266605391219 9.305251786647242 9.297236967903265 9.289222149159288 9.281207330415311 9.273192511671322 9.265177692927345 9.257162874183368 9.249148055439392 9.241133236695415 9.233118417951438 9.225103599207461 9.217088780463484 9.209073961719508 9.20105914297553 9.193044324231554 9.185029505487577 9.117224437423536 8.985502239831943 8.853780042240576 8.722057844649209 8.590335647057842 8.458613449466474 8.326891251875107 8.195169054283738 8.063446856692371 7.931724659101005 7.800002461509637 7.66828026391827 7.5365580663269025 7.404835868735535 7.2731136711439435 7.141391473552576 7.009669275961208 6.877947078369841
9.316511090725983 9.309385161082751 9.302259231439509 9.295133301796277 9.288007372153045 9.280881442509813 9.27375551286658 9.26662958322335 9.259503653580119 9.252377723936887 9.245251794293655 9.238125864650423 9.23099993500719 9.22387400536396 9.216748075720728 9.209622146077484 9.202496216434252 9.195370286791022 9.18824435714779 9.181118427504558 9.173992497861326 9.166866568218094 9.159740638574863 9.152614708931631 9.1454887792884 9.138362849645167 9.131236920001935 9.06550218954869 8.93711332476035 8.808724459972229 8.68033559518411 8.551946730395988 8.423557865607867 8.295169000819747 8.166780136031626 8.038391271243507 7.910002406455385 7.781613541667265 7.6532246768791445 7.524835812091023 7.396446947302903 7.268058082514564 7.139669217726443 7.011280352938322 6.882891488150202
9.239607388620964 9.233370348078479 9.227133307535981 9.220896266993494 9.214659226451008 9.208422185908521 9.202185145366036 9.195948104823549 9.189711064281061 9.183474023738576 9.177236983196089 9.170999942653602 9.164762902111116 9.158525861568629 9.152288821026143 9.146051780483646 9.139814739941158 9.133577699398673 9.127340658856186 9.121103618313699 9.114866577771213 9.108629537228726 9.10239249668624 9.096155456143753 9.089918415601266 9.08368137505878 9.077444334516294 9.013779941673842 8.888724409688756 8.763668877703882 8.638613345719008 8.513557813734133 8.38850228174926 8.263446749764386 8.138391217779512 8.013335685794639 7.888280153809765 7.763224621824891 7.638169089840017 7.513113557855143 7.3880580258702695 7.263002493885182 7.137946961900308 7.012891429915435 6.887835897930561
9.162703686515947 9.157355535074204 9.152007383632455 9.146659232190713 9.141311080748972 9.13596292930723 9.130614777865489 9.125266626423748 9.119918474982006 9.114570323540265 9.109222172098523 9.103874020656782 9.098525869215042 9.0931777177733 9.087829566331559 9.082481414889807 9.077133263448067 9.071785112006324 9.066436960564584 9.061088809122843 9.0557406576811 9.05039250623936 9.045044354797618 9.039696203355877 9.034348051914137 9.028999900472394 9.023651749030654 8.962057693798997 8.840335494617163 8.718613295435535 8.596891096253907 8.475168897072281 8.353446697890654 8.231724498709028 8.1100022995274 7.988280100345772 7.866557901164145 7.7448357019825185 7.623113502800891 7.501391303619264 7.379669104437637 7.257946905255802 7.1362247060741755 7.014502506892548 6.892780307710922
