Figures/CREST_Example_wjb_NSE/Rolling_result/20100722/raw_forecast/ens_1/wjb.rain.20100711.asc
ncols            288
nrows            254
xllcorner        113.274861
yllcorner        31.4918055
cellsize         0.008333333333
NODATA_value     -9999
[rows 180 to 199 of 254, columns 135 to 179 of 288]
0.3170817676765901 0.3392814303850443 0.36148109309349863 0.38368075580195293 0.40588041851040724 0.42808008121886154 0.45027974392731585 0.4724794066357701 0.4946790693442622 0.5168787320527165 0.5390783947611708 0.5612780574696251 0.5727481793283682 0.5727481793283682 0.5727481793283682 0.5727481793283682 0.5727481793283682 0.5727481793283682 0.5727481793283682 0.5727481793283682 0.5727481793283682 0.5727481793283682 0.5727481793283682 0.5727481793283682 0.5797481354755621 0.5942312030897674 0.6087142707039725 0.6231973383181778 0.6376804059323831 0.6521634735465883 0.6666465411607936 0.6811296087749987 0.695612676389204 0.7100957440034092 0.7245788116176393 0.7390618792318444 0.7465449907058206 0.7465449907058206 0.7465449907058206 0.7465449907058206 0.7465449907058206 0.7465449907058206 0.7465449907058206 0.7465449907058206 0.7465449907058206
0.34598779291806836 0.3681758863891433 0.3903639798602182 0.4125520733312932 0.4347401668023681 0.456928260273443 0.479116353744518 0.501304447215593 0.5234925406867057 0.5456806341577807 0.5678687276288557 0.5900568210999305 0.6015209653650364 0.6015209653650364 0.6015209653650364 0.6015209653650364 0.6015209653650364 0.6015209653650364 0.6015209653650364 0.6015209653650364 0.6015209653650364 0.6015209653650364 0.6015209653650364 0.6015209653650364 0.6057617062907064 0.6145358951955079 0.6233100841003094 0.6320842730051109 0.6408584619099124 0.6496326508147139 0.6584068397195154 0.6671810286243169 0.6759552175291184 0.6847294064339199 0.6935035953387363 0.7022777842435378 0.7068112322268888 0.7068112322268888 0.7068112322268888 0.7068112322268888 0.7068112322268888 0.7068112322268888 0.7068112322268888 0.7068112322268888 0.7068112322268888
0.3762766973865504 0.3963743793901084 0.4164720613936664 0.4365697433972244 0.45666742540078237 0.47676510740434036 0.49686278940789835 0.5169604714114564 0.5370581534150486 0.5571558354186066 0.5772535174221646 0.5973511994257226 0.6077352698814997 0.6077352698814997 0.6077352698814997 0.6077352698814997 0.6077352698814997 0.6077352698814997 0.6077352698814997 0.6077352698814997 0.6077352698814997 0.6077352698814997 0.6077352698814997 0.6077352698814997 0.611614820618782 0.6196416988533439 0.6276685770879058 0.6356954553224676 0.6437223335570296 0.6517492117915915 0.6597760900261533 0.6678029682607153 0.6758298464952771 0.683856724729839 0.6918836029644146 0.6999104811989765 0.7040578087001162 0.7040578087001162 0.7040578087001162 0.7040578087001162 0.7040578087001162 0.7040578087001162 0.7040578087001162 0.7040578087001162 0.7040578087001162
0.40656560185505825 0.42457287239109753 0.4425801429271368 0.46058741346317605 0.47859468399921534 0.4966019545352546 0.5146092250712939 0.5326164956073332 0.5506237661434031 0.5686310366794424 0.5866383072154817 0.604645577751521 0.6139495743979684 0.6139495743979684 0.6139495743979684 0.6139495743979684 0.6139495743979684 0.6139495743979684 0.6139495743979684 0.6139495743979684 0.6139495743979684 0.6139495743979684 0.6139495743979684 0.6139495743979684 0.6174679349468626 0.6247475025111842 0.6320270700755058 0.6393066376398275 0.6465862052041491 0.6538657727684708 0.6611453403327925 0.6684249078971141 0.6757044754614357 0.6829840430257574 0.6902636105900914 0.6975431781544131 0.7013043851733413 0.7013043851733413 0.7013043851733413 0.7013043851733413 0.7013043851733413 0.7013043851733413 0.7013043851733413 0.7013043851733413 0.7013043851733413
0.43685450632354034 0.45277136539206264 0.46868822446058495 0.4846050835291073 0.5005219425976296 0.5164388016661519 0.5323556607346742 0.5482725198031966 0.564189378871746 0.5801062379402684 0.5960230970087906 0.6119399560773129 0.6201638789144317 0.6201638789144317 0.6201638789144317 0.6201638789144317 0.6201638789144317 0.6201638789144317 0.6201638789144317 0.6201638789144317 0.6201638789144317 0.6201638789144317 0.6201638789144317 0.6201638789144317 0.6233210492749381 0.6298533061690201 0.6363855630631022 0.6429178199571842 0.6494500768512663 0.6559823337453483 0.6625145906394304 0.6690468475335124 0.6755791044275945 0.6821113613216765 0.6886436182157697 0.6951758751098518 0.6985509616465687 0.6985509616465687 0.6985509616465687 0.6985509616465687 0.6985509616465687 0.6985509616465687 0.6985509616465687 0.6985509616465687 0.6985509616465687
0.4671434107920224 0.48096985839302775 0.4947963059940331 0.5086227535950385 0.5224492011960439 0.5362756487970493 0.5501020963980546 0.56392854399906 0.577754991600089 0.5915814392010944 0.6054078868020998 0.6192343344031052 0.6263781834308951 0.6263781834308951 0.6263781834308951 0.6263781834308951 0.6263781834308951 0.6263781834308951 0.6263781834308951 0.6263781834308951 0.6263781834308951 0.6263781834308951 0.6263781834308951 0.6263781834308951 0.6291741636030138 0.6349591098268562 0.6407440560506986 0.6465290022745411 0.6523139484983835 0.6580988947222259 0.6638838409460683 0.6696687871699107 0.6754537333937533 0.6812386796175957 0.6870236258414479 0.6928085720652903 0.695797538119796 0.695797538119796 0.695797538119796 0.695797538119796 0.695797538119796 0.695797538119796 0.695797538119796 0.695797538119796 0.695797538119796
0.4974323152605044 0.5091683513939929 0.5209043875274812 0.5326404236609698 0.5443764597944581 0.5561124959279466 0.567848532061435 0.5795845681949234 0.5913206043284319 0.6030566404619203 0.6147926765954088 0.6265287127288972 0.6325924879473585 0.6325924879473585 0.6325924879473585 0.6325924879473585 0.6325924879473585 0.6325924879473585 0.6325924879473585 0.6325924879473585 0.6325924879473585 0.6325924879473585 0.6325924879473585 0.6325924879473585 0.6350272779310894 0.6400649134846922 0.645102549038295 0.6501401845918978 0.6551778201455006 0.6602154556991036 0.6652530912527064 0.6702907268063092 0.675328362359912 0.6803659979135148 0.6854036334671262 0.690441269020729 0.6930441145930235 0.6930441145930235 0.6930441145930235 0.6930441145930235 0.6930441145930235 0.6930441145930235 0.6930441145930235 0.6930441145930235 0.6930441145930235
0.5277212197289864 0.537366844394958 0.5470124690609295 0.5566580937269009 0.5663037183928724 0.5759493430588439 0.5855949677248153 0.5952405923907869 0.6048862170567748 0.6145318417227463 0.6241774663887177 0.6338230910546893 0.6388067924638218 0.6388067924638218 0.6388067924638218 0.6388067924638218 0.6388067924638218 0.6388067924638218 0.6388067924638218 0.6388067924638218 0.6388067924638218 0.6388067924638218 0.6388067924638218 0.6388067924638218 0.6408803922591649 0.6451707171425282 0.6494610420258914 0.6537513669092546 0.6580416917926178 0.6623320166759811 0.6666223415593443 0.6709126664427075 0.6752029913260708 0.679493316209434 0.6837836410928045 0.6880739659761678 0.690290691066251 0.690290691066251 0.690290691066251 0.690290691066251 0.690290691066251 0.690290691066251 0.690290691066251 0.690290691066251 0.690290691066251
0.5580101241974685 0.5655653373959231 0.5731205505943776 0.5806757637928321 0.5882309769912867 0.5957861901897412 0.6033414033881958 0.6108966165866503 0.6184518297851177 0.6260070429835722 0.6335622561820268 0.6411174693804813 0.6450210969802851 0.6450210969802851 0.6450210969802851 0.6450210969802851 0.6450210969802851 0.6450210969802851 0.6450210969802851 0.6450210969802851 0.6450210969802851 0.6450210969802851 0.6450210969802851 0.6450210969802851 0.6467335065872405 0.6502765208003641 0.6538195350134878 0.6573625492266113 0.6609055634397349 0.6644485776528586 0.6679915918659822 0.6715346060791058 0.6750776202922294 0.678620634505353 0.6821636487184827 0.6857066629316063 0.6875372675394783 0.6875372675394783 0.6875372675394783 0.6875372675394783 0.6875372675394783 0.6875372675394783 0.6875372675394783 0.6875372675394783 0.6875372675394783
0.5882990286659764 0.5937638303969123 0.599228632127848 0.6046934338587838 0.6101582355897196 0.6156230373206555 0.6210878390515913 0.626552640782527 0.6320174425134721 0.637482244244408 0.6429470459753438 0.6484118477062796 0.6512354014967537 0.6512354014967537 0.6512354014967537 0.6512354014967537 0.6512354014967537 0.6512354014967537 0.6512354014967537 0.6512354014967537 0.6512354014967537 0.6512354014967537 0.6512354014967537 0.6512354014967537 0.6525866209153212 0.6553823244582044 0.6581780280010878 0.6609737315439712 0.6637694350868546 0.666565138629738 0.6693608421726214 0.6721565457155048 0.6749522492583881 0.6777479528012714 0.6805436563441596 0.683339359887043 0.6847838440127034 0.6847838440127034 0.6847838440127034 0.6847838440127034 0.6847838440127034 0.6847838440127034 0.6847838440127034 0.6847838440127034 0.6847838440127034
0.6185879331344585 0.6219623233978774 0.6253367136612963 0.6287111039247151 0.632085494188134 0.6354598844515528 0.6388342747149717 0.6422086649783906 0.6455830552418151 0.648957445505234 0.652331835768653 0.6557062260320717 0.6574497060132172 0.6574497060132172 0.6574497060132172 0.6574497060132172 0.6574497060132172 0.6574497060132172 0.6574497060132172 0.6574497060132172 0.6574497060132172 0.6574497060132172 0.6574497060132172 0.6574497060132172 0.6584397352433968 0.6604881281160405 0.6625365209886843 0.6645849138613281 0.6666333067339718 0.6686816996066156 0.6707300924792594 0.6727784853519031 0.6748268782245469 0.6768752710971907 0.6789236639698379 0.6809720568424816 0.6820304204859309 0.6820304204859309 0.6820304204859309 0.6820304204859309 0.6820304204859309 0.6820304204859309 0.6820304204859309 0.6820304204859309 0.6820304204859309
0.6488768376029406 0.6501608163988425 0.6514447951947444 0.6527287739906463 0.6540127527865482 0.6552967315824502 0.6565807103783521 0.657864689174254 0.659148667970158 0.66043264676606 0.6617166255619619 0.6630006043578638 0.6636640105296805 0.6636640105296805 0.6636640105296805 0.6636640105296805 0.6636640105296805 0.6636640105296805 0.6636640105296805 0.6636640105296805 0.6636640105296805 0.6636640105296805 0.6636640105296805 0.6636640105296805 0.6642928495714724 0.6655939317738765 0.6668950139762807 0.6681960961786848 0.6694971783810889 0.6707982605834931 0.6720993427858972 0.6734004249883014 0.6747015071907055 0.6760025893931098 0.6773036715955161 0.6786047537979203 0.6792769969591582 0.6792769969591582 0.6792769969591582 0.6792769969591582 0.6792769969591582 0.6792769969591582 0.6792769969591582 0.6792769969591582 0.6792769969591582
0.6791657420714227 0.6783593093998076 0.6775528767281925 0.6767464440565776 0.6759400113849625 0.6751335787133474 0.6743271460417324 0.6735207133701174 0.672714280698501 0.671907848026886 0.6711014153552709 0.6702949826836558 0.6698783150461438 0.6698783150461438 0.6698783150461438 0.6698783150461438 0.6698783150461438 0.6698783150461438 0.6698783150461438 0.6698783150461438 0.6698783150461438 0.6698783150461438 0.6698783150461438 0.6698783150461438 0.670145963899548 0.6706997354317125 0.671253506963877 0.6718072784960416 0.6723610500282061 0.6729148215603706 0.6734685930925353 0.6740223646246998 0.6745761361568643 0.6751299076890289 0.6756836792211943 0.676237450753359 0.6765235734323857 0.6765235734323857 0.6765235734323857 0.6765235734323857 0.6765235734323857 0.6765235734323857 0.6765235734323857 0.6765235734323857 0.6765235734323857
0.7085632870603 0.7069345009186052 0.7053057147769105 0.7036769286352157 0.7020481424935209 0.7004193563518262 0.6987905702101314 0.6971617840684365 0.6955329979267391 0.6939042117850442 0.6922754256433494 0.6906466395016547 0.6898050782683862 0.6898050782683862 0.6898050782683862 0.6898050782683862 0.6898050782683862 0.6898050782683862 0.6898050782683862 0.6898050782683862 0.6898050782683862 0.6898050782683862 0.6898050782683862 0.6898050782683862 0.6916271080356308 0.6953969288401048 0.6991667496445789 0.7029365704490531 0.7067063912535272 0.7104762120580013 0.7142460328624753 0.7180158536669494 0.7217856744714235 0.7255554952758976 0.7293253160803781 0.7330951368848522 0.7350429279238946 0.7350429279238946 0.7350429279238946 0.7350429279238946 0.7350429279238946 0.7350429279238946 0.7350429279238946 0.7350429279238946 0.7350429279238946
0.7370080249481127 0.7359123594095724 0.7348166938710323 0.7337210283324922 0.732625362793952 0.7315296972554118 0.7304340317168716 0.7293383661783315 0.7282427006397895 0.7271470351012492 0.7260513695627091 0.7249557040241689 0.7243895955472732 0.7243895955472732 0.7243895955472732 0.7243895955472732 0.7243895955472732 0.7243895955472732 0.7243895955472732 0.7243895955472732 0.7243895955472732 0.7243895955472732 0.7243895955472732 0.7243895955472732 0.7298136309976957 0.7410360830414569 0.7522585350852179 0.763480987128979 0.7747034391727402 0.7859258912165014 0.7971483432602625 0.8083707953040236 0.8195932473477847 0.8308156993915459 0.8420381514353261 0.8532606034790873 0.8590590200778228 0.8590590200778228 0.8590590200778228 0.8590590200778228 0.8590590200778228 0.8590590200778228 0.8590590200778228 0.8590590200778228 0.8590590200778228
0.7654527628359131 0.7648902179005274 0.7643276729651416 0.7637651280297558 0.76320258309437 0.7626400381589842 0.7620774932235984 0.7615149482882126 0.7609524033528259 0.7603898584174401 0.7598273134820543 0.7592647685466686 0.7589741128261456 0.7589741128261456 0.7589741128261456 0.7589741128261456 0.7589741128261456 0.7589741128261456 0.7589741128261456 0.7589741128261456 0.7589741128261456 0.7589741128261456 0.7589741128261456 0.7589741128261456 0.7680001539597444 0.7866752372427893 0.8053503205258343 0.8240254038088793 0.8427004870919244 0.8613755703749694 0.8800506536580144 0.8987257369410593 0.9174008202241043 0.9360759035071493 0.9547509867902262 0.9734260700732711 0.9830751122316981 0.9830751122316981 0.9830751122316981 0.9830751122316981 0.9830751122316981 0.9830751122316981 0.9830751122316981 0.9830751122316981 0.9830751122316981
0.7938975007237137 0.7938680763914823 0.7938386520592509 0.7938092277270195 0.793779803394788 0.7937503790625567 0.7937209547303253 0.7936915303980939 0.7936621060658624 0.7936326817336311 0.7936032574013997 0.7935738330691683 0.7935586301050179 0.7935586301050179 0.7935586301050179 0.7935586301050179 0.7935586301050179 0.7935586301050179 0.7935586301050179 0.7935586301050179 0.7935586301050179 0.7935586301050179 0.7935586301050179 0.7935586301050179 0.806186676921793 0.8323143914441219 0.8584421059664508 0.8845698204887795 0.9106975350111084 0.9368252495334373 0.962952964055766 0.9890806785780949 1.0152083931004237 1.0413361076227525 1.067463822145126 1.093591536667455 1.1070912043855732 1.1070912043855732 1.1070912043855732 1.1070912043855732 1.1070912043855732 1.1070912043855732 1.1070912043855732 1.1070912043855732 1.1070912043855732
0.8223422386115263 0.8228459348824495 0.8233496311533728 0.823853327424296 0.8243570236952191 0.8248607199661424 0.8253644162370656 0.8258681125079887 0.8263718087789128 0.8268755050498361 0.8273792013207593 0.8278828975916824 0.8281431473839049 0.8281431473839049 0.8281431473839049 0.8281431473839049 0.8281431473839049 0.8281431473839049 0.8281431473839049 0.8281431473839049 0.8281431473839049 0.8281431473839049 0.8281431473839049 0.8281431473839049 0.844373199883858 0.8779535456454739 0.9115338914070897 0.9451142371687056 0.9786945829303215 1.0122749286919375 1.0458552744535532 1.0794356202151691 1.113015965976785 1.146596311738401 1.1801766575000743 1.21375700326169 1.2311072965395016 1.2311072965395016 1.2311072965395016 1.2311072965395016 1.2311072965395016 1.2311072965395016 1.2311072965395016 1.2311072965395016 1.2311072965395016
0.8507869764993268 0.8518237933734044 0.8528606102474819 0.8538974271215596 0.8549342439956372 0.8559710608697148 0.8570078777437924 0.85804469461787 0.8590815114919493 0.860118328366027 0.8611551452401045 0.8621919621141821 0.8627276646627773 0.8627276646627773 0.8627276646627773 0.8627276646627773 0.8627276646627773 0.8627276646627773 0.8627276646627773 0.8627276646627773 0.8627276646627773 0.8627276646627773 0.8627276646627773 0.8627276646627773 0.8825597228459067 0.9235926998468064 0.9646256768477062 1.0056586538486059 1.0466916308495056 1.0877246078504055 1.1287575848513052 1.1697905618522049 1.2108235388531048 1.2518565158540045 1.2928894928549741 1.333922469855874 1.355123388693377 1.355123388693377 1.355123388693377 1.355123388693377 1.355123388693377 1.355123388693377 1.355123388693377 1.355123388693377 1.355123388693377
0.8792317143871273 0.8808016518643593 0.8823715893415912 0.8839415268188232 0.8855114642960552 0.8870814017732872 0.8886513392505192 0.8902212767277511 0.8917912142049857 0.8933611516822177 0.8949310891594497 0.8965010266366817 0.8973121819416495 0.8973121819416495 0.8973121819416495 0.8973121819416495 0.8973121819416495 0.8973121819416495 0.8973121819416495 0.8973121819416495 0.8973121819416495 0.8973121819416495 0.8973121819416495 0.8973121819416495 0.9207462458079552 0.9692318540481388 1.0177174622883225 1.066203070528506 1.1146886787686896 1.1631742870088733 1.211659895249057 1.2601455034892406 1.308631111729424 1.3571167199696077 1.405602328209874 1.4540879364500574 1.479139480847252 1.479139480847252 1.479139480847252 1.479139480847252 1.479139480847252 1.479139480847252 1.479139480847252 1.479139480847252 1.479139480847252
