Figures/CREST_Example_wjb_NSE/Rolling_result/20100722/raw_forecast/ens_1/wjb.rain.20100722.asc
ncols            288
nrows            254
xllcorner        113.274861
yllcorner        31.4918055
cellsize         0.008333333333
NODATA_value     -9999
[rows 40 to 59 of 254, columns 0 to 43 of 288]
-9999.0 -9999.0 -9999.0 -9999.0 -9999.0 -9999.0 -9999.0 -9999.0 -9999.0 -9999.0 -9999.0 -9999.0 -9999.0 -9999.0 20.502857277730804 20.455278094464337 20.407698911197873 20.360119727931405 20.31254054466494 20.264961361398477 20.21738217813201 20.169802994865545 20.122223811599078 20.074644628332614 20.02706544506615 19.979486261799682 19.931907078533136 19.834959917773958 19.685237273440276 19.535514629106597 19.385791984772915 19.236069340439233 19.08634669610555 18.936624051771872 18.78690140743819 18.637178763104508 18.48745611877083 18.337733474437147 18.188010830103465 18.03828818576953 17.88856554143585 17.738842897102167 17.58912025276849 17.439397608434806
-9999.0 -9999.0 -9999.0 -9999.0 -9999.0 -9999.0 -9999.0 -9999.0 -9999.0 -9999.0 -9999.0 -9999.0 -9999.0 -9999.0 -9999.0 20.49956550311833 20.453408544956186 20.407251586794047 20.361094628631903 20.31493767046976 20.26878071230762 20.222623754145477 20.176466795983337 20.130309837821194 20.08415287965905 20.03799592149691 19.99183896333469 19.89563737750991 19.7459369537878 19.59623653006569 19.44653610634358 19.296835682621467 19.147135258899358 18.99743483517725 18.847734411455136 18.698033987733027 18.548333564010914 18.398633140288805 18.248932716566696 18.099232292844327 17.949531869122218 17.79983144540011 17.650131021677996 17.500430597955887
-9999.0 -9999.0 -9999.0 -9999.0 -9999.0 -9999.0 -9999.0 -9999.0 -9999.0 -9999.0 -9999.0 -9999.0 -9999.0 -9999.0 -9999.0 20.54385291177232 20.4991181787145 20.454383445656685 20.409648712598866 20.364913979541047 20.320179246483228 20.275444513425413 20.230709780367594 20.185975047309775 20.14124031425196 20.09650558119414 20.051770848136243 19.956314837245863 19.806636634135323 19.656958431024783 19.507280227914244 19.357602024803704 19.207923821693164 19.058245618582625 18.90856741547208 18.75888921236154 18.609211009251002 18.459532806140462 18.309854603029923 18.160176399919127 18.010498196808587 17.860819993698048 17.711141790587508 17.56146358747697
-9999.0 -9999.0 -9999.0 -9999.0 -9999.0 -9999.0 -9999.0 -9999.0 -9999.0 -9999.0 -9999.0 -9999.0 -9999.0 -9999.0 -9999.0 -9999.0 20.5656453531669 20.52174746462818 20.477849576089458 20.43395168755074 20.39005379901202 20.346155910473296 20.302258021934577 20.258360133395854 20.214462244857135 20.170564356318412 20.126666467779618 20.03199101130154 19.88303318720708 19.73407536311262 19.585117539018164 19.436159714923704 19.287201890829245 19.138244066734785 18.989286242640325 18.840328418545866 18.691370594451406 18.542412770356947 18.393454946262487 18.244497122167775 18.095539298073316 17.946581473978856 17.797623649884397 17.648665825789937
-9999.0 -9999.0 -9999.0 -9999.0 -9999.0 -9999.0 -9999.0 -9999.0 -9999.0 -9999.0 -9999.0 -9999.0 -9999.0 -9999.0 -9999.0 -9999.0 -9999.0 20.610738386998083 20.56705160804458 20.523364829091072 20.479678050137565 20.43599127118406 20.392304492230554 20.34861771327705 20.304930934323544 20.261244155370036 20.21755737641646 20.123699865206905 19.97620870743991 19.828717549672916 19.68122639190592 19.533735234138927 19.38624407637193 19.238752918604938 19.09126176083794 18.94377060307095 18.796279445303952 18.64878828753696 18.501297129769963 18.353805972002718 18.206314814235725 18.05882365646873 17.911332498701736 17.76384134093474
-9999.0 -9999.0 -9999.0 -9999.0 -9999.0 -9999.0 -9999.0 -9999.0 -9999.0 -9999.0 -9999.0 -9999.0 -9999.0 -9999.0 -9999.0 -9999.0 -9999.0 20.69972930936799 20.656253639999697 20.61277797063141 20.569302301263118 20.525826631894827 20.48235096252654 20.438875293158247 20.395399623789956 20.351923954421665 20.308448285053302 20.215408719112272 20.069384227672742 19.923359736233213 19.777335244793683 19.631310753354153 19.485286261914624 19.339261770475094 19.193237279035564 19.047212787596035 18.901188296156505 18.75516380471697 18.609139313277442 18.463114821837664 18.317090330398134 18.171065838958604 18.025041347519075 17.879016856079545
-9999.0 -9999.0 -9999.0 -9999.0 -9999.0 -9999.0 -9999.0 -9999.0 -9999.0 -9999.0 -9999.0 -9999.0 -9999.0 -9999.0 -9999.0 -9999.0 -9999.0 -9999.0 20.745455671954893 20.702191112171818 20.658926552388746 20.61566199260567 20.572397432822594 20.52913287303952 20.485868313256443 20.44260375347337 20.39933919369022 20.307117573017713 20.16255974790565 20.018001922793587 19.873444097681524 19.728886272569458 19.584328447457395 19.439770622345332 19.29521279723327 19.150654972121202 19.00609714700914 18.861539321897077 18.716981496785014 18.572423671672702 18.42786584656064 18.283308021448576 18.13875019633651 17.994192371224447
-9999.0 -9999.0 -9999.0 -9999.0 -9999.0 -9999.0 -9999.0 -9999.0 -9999.0 -9999.0 -9999.0 -9999.0 -9999.0 -9999.0 -9999.0 -9999.0 -9999.0 -9999.0 20.834657703910015 20.791604253712155 20.748550803514295 20.705497353316435 20.662443903118575 20.619390452920715 20.576337002722855 20.533283552525 20.490230102327065 20.398826426923083 20.255735268138483 20.112644109353884 19.969552950569284 19.826461791784684 19.683370633000088 19.540279474215488 19.39718831543089 19.25409715664629 19.11100599786169 18.96791483907709 18.824823680292493 18.681732521507648 18.538641362723048 18.39555020393845 18.252459045153852 18.109367886369252
-9999.0 -9999.0 -9999.0 -9999.0 -9999.0 -9999.0 -9999.0 -9999.0 -9999.0 -9999.0 -9999.0 -9999.0 -9999.0 -9999.0 -9999.0 -9999.0 -9999.0 -9999.0 -9999.0 20.88101739525249 20.838175054639844 20.7953327140272 20.752490373414556 20.709648032801912 20.666805692189268 20.623963351576624 20.581121010963905 20.490535280828446 20.34891078837131 20.207286295914177 20.065661803457044 19.924037310999907 19.782412818542774 19.64078832608564 19.499163833628504 19.35753934117137 19.215914848714235 19.0742903562571 18.93266586379997 18.79104137134259 18.649416878885457 18.50779238642832 18.366167893971188 18.224543401514055
-9999.0 -9999.0 -9999.0 -9999.0 -9999.0 -9999.0 -9999.0 -9999.0 -9999.0 -9999.0 -9999.0 -9999.0 -9999.0 -9999.0 -9999.0 -9999.0 -9999.0 -9999.0 -9999.0 20.970430536792826 20.927799305765397 20.885168074737965 20.842536843710537 20.79990561268311 20.75727438165568 20.714643150628252 20.67201191960075 20.582244134733813 20.442086308604143 20.301928482474473 20.161770656344803 20.021612830215133 19.881455004085463 19.741297177955794 19.601139351826124 19.460981525696454 19.320823699566787 19.180665873437118 19.040508047307448 18.900350221177536 18.760192395047866 18.6200345689182 18.47987674278853 18.33971891665886
-9999.0 -9999.0 -9999.0 -9999.0 -9999.0 -9999.0 -9999.0 -9999.0 -9999.0 -9999.0 -9999.0 -9999.0 -9999.0 -9999.0 -9999.0 -9999.0 -9999.0 -9999.0 -9999.0 -9999.0 -9999.0 -9999.0 -9999.0 20.8901631925643 20.84774307112209 20.805322949679876 20.76290282823759 20.673952988639176 20.535261828836973 20.396570669034766 20.257879509232563 20.119188349430356 19.980497189628153 19.841806029825946 19.703114870023743 19.56442371022154 19.425732550419333 19.287041390617127 19.148350230814923 19.009659071012482 18.87096791121028 18.732276751408072 18.59358559160587 18.454894431803663
-9999.0 -9999.0 -9999.0 -9999.0 -9999.0 -9999.0 -9999.0 -9999.0 -9999.0 -9999.0 -9999.0 -9999.0 -9999.0 -9999.0 -9999.0 -9999.0 -9999.0 -9999.0 -9999.0 -9999.0 -9999.0 -9999.0 -9999.0 20.9804207724455 20.938211760588498 20.8960027487315 20.85379373687443 20.765661842544542 20.628437349069802 20.491212855595062 20.353988362120322 20.216763868645582 20.07953937517084 19.9423148816961 19.80509038822136 19.66786589474662 19.53064140127188 19.39341690779714 19.2561924143224 19.118967920847428 18.981743427372688 18.844518933897948 18.707294440423205 18.570069946948465
-9999.0 -9999.0 -9999.0 -9999.0 -9999.0 -9999.0 -9999.0 -9999.0 -9999.0 -9999.0 -9999.0 -9999.0 -9999.0 -9999.0 -9999.0 -9999.0 -9999.0 -9999.0 -9999.0 -9999.0 -9999.0 -9999.0 -9999.0 -9999.0 -9999.0 20.98668254778313 20.944684645511273 20.85737069644991 20.721612869302632 20.58585504215536 20.450097215008082 20.314339387860805 20.178581560713532 20.042823733566255 19.907065906418982 19.771308079271705 19.635550252124432 19.499792424977155 19.36403459782988 19.228276770682374 19.092518943535097 18.956761116387824 18.821003289240547 18.68524546209327
-9999.0 -9999.0 -9999.0 -9999.0 -9999.0 -9999.0 -9999.0 -9999.0 -9999.0 -9999.0 -9999.0 -9999.0 -9999.0 -9999.0 -9999.0 -9999.0 -9999.0 -9999.0 -9999.0 -9999.0 -9999.0 -9999.0 -9999.0 -9999.0 -9999.0 21.077362346834832 21.035575554148192 20.94907955035535 20.81478838953554 20.680497228715733 20.546206067895923 20.411914907076113 20.277623746256303 20.143332585436497 20.009041424616687 19.874750263796876 19.740459102977066 19.606167942157256 19.47187678133745 19.33758562051741 19.203294459697602 19.069003298877792 18.934712138057982 18.800420977238172
-9999.0 -9999.0 -9999.0 -9999.0 -9999.0 -9999.0 -9999.0 -9999.0 -9999.0 -9999.0 -9999.0 -9999.0 -9999.0 -9999.0 -9999.0 -9999.0 -9999.0 -9999.0 -9999.0 -9999.0 -9999.0 -9999.0 -9999.0 -9999.0 -9999.0 21.16804214588646 21.126466462785036 21.04078840426072 20.907963909768373 20.77513941527603 20.642314920783683 20.50949042629134 20.376665931798996 20.24384143730665 20.111016942814306 19.978192448321963 19.845367953829616 19.712543459337272 19.57971896484493 19.44689447035236 19.31406997586001 19.181245481367668 19.04842098687532 18.915596492382978
-9999.0 -9999.0 -9999.0 -9999.0 -9999.0 -9999.0 -9999.0 -9999.0 -9999.0 -9999.0 -9999.0 -9999.0 -9999.0 -9999.0 -9999.0 -9999.0 -9999.0 -9999.0 -9999.0 -9999.0 21.465544812518772 21.424180239002634 21.382815665486497 21.34145109197036 21.300086518454222 21.258721944938085 21.217357371421876 21.132497258166083 21.001139430001203 20.869781601836323 20.738423773671443 20.607065945506562 20.475708117341682 20.344350289176802 20.212992461011922 20.08163463284704 19.95027680468216 19.818918976517285 19.687561148352405 19.5562033201873 19.42484549202242 19.29348766385754 19.16212983569266 19.03077200752778
-9999.0 -9999.0 -9999.0 -9999.0 -9999.0 -9999.0 -9999.0 -9999.0 -9999.0 -9999.0 -9999.0 -9999.0 -9999.0 -9999.0 -9999.0 -9999.0 -9999.0 -9999.0 -9999.0 21.596322527575246 21.55516906364432 21.5140155997134 21.472862135782478 21.431708671851556 21.390555207920634 21.349401743989713 21.30824828005872 21.22420611207145 21.094314950234036 20.96442378839662 20.834532626559206 20.70464146472179 20.574750302884375 20.44485914104696 20.314967979209545 20.185076817372128 20.055185655534714 19.925294493697297 19.795403331859884 19.665512170022247 19.53562100818483 19.405729846347416 19.27583868451 19.145947522672586
-9999.0 -9999.0 -9999.0 -9999.0 -9999.0 -9999.0 -9999.0 -9999.0 -9999.0 -9999.0 -9999.0 -9999.0 -9999.0 -9999.0 -9999.0 -9999.0 -9999.0 21.767620377806992 21.726678023461286 21.68573566911558 21.64479331476987 21.603850960424165 21.56290860607846 21.52196625173275 21.481023897387043 21.440081543041337 21.39913918869556 21.315914965976813 21.187490470466862 21.059065974956912 20.93064147944696 20.80221698393701 20.67379248842706 20.54536799291711 20.41694349740716 20.28851900189721 20.16009450638726 20.03167001087731 19.90324551536736 19.77482101985719 19.64639652434724 19.51797202883729 19.389547533327338 19.261123037817388
-9999.0 -9999.0 -9999.0 -9999.0 -9999.0 -9999.0 -9999.0 -9999.0 -9999.0 -9999.0 -9999.0 -9999.0 -9999.0 -9999.0 -9999.0 21.93807378969788 21.897342544937388 21.856611300176898 21.815880055416407 21.775148810655914 21.734417565895424 21.69368632113493 21.65295507637444 21.61222383161395 21.571492586853456 21.530761342092966 21.490030097332404 21.407623819882183 21.280665990699696 21.15370816151721 21.026750332334725 20.899792503152238 20.772834673969754 20.645876844787267 20.51891901560478 20.391961186422296 20.26500335723981 20.138045528057326 20.01108769887484 19.88412986969214 19.75717204050965 19.630214211327164 19.50325638214468 19.376298552962194
-9999.0 -9999.0 -9999.0 -9999.0 -9999.0 -9999.0 -9999.0 -9999.0 -9999.0 -9999.0 -9999.0 -9999.0 -9999.0 -9999.0 22.067162628072705 22.02664249289743 21.986122357722152 21.945602222546878 21.9050820873716 21.864561952196325 21.824041817021048 21.783521681845773 21.743001546670495 21.70248141149522 21.661961276319943 21.62144114114467 21.580921005969323 21.499332673787624 21.373841510932603 21.248350348077583 21.122859185222566 20.997368022367546 20.871876859512525 20.746385696657505 20.620894533802485 20.495403370947468 20.369912208092448 20.244421045237427 20.118929882382407 19.993438719527173 19.867947556672156 19.742456393817136 19.616965230962116 19.491474068107095
