Figures/CREST_Example_wjb_NSE/Rolling_result/20100722/raw_forecast/ens_1/wjb.rain.20090912.asc
ncols            288
nrows            254
xllcorner        113.274861
yllcorner        31.4918055
cellsize         0.008333333333
NODATA_value     -9999
[rows 104 to 129 of 254, columns 116 to 173 of 288]
0.0 0.0 0.0 0.0 0.0 0.0 0.0 0.0 0.0 0.0 0.0 0.0 0.0 0.0 0.0 0.0 0.0 0.0 0.0 0.0 0.0 0.0 0.0 0.0 0.0 0.0 0.0 0.0 0.0 0.0 0.0 0.0 0.0 0.0 0.0 0.0 0.0 0.0 0.0 0.0 0.0 0.0 0.0 0.0 0.0 0.0 0.0 0.0 0.0 0.0 0.0 0.0 0.0 0.0 0.0 0.0 0.0 0.0
0.0 0.0 0.0 0.0 0.0 0.0 0.0 0.0 0.0 0.0 0.0 0.0 0.0 0.0 0.0 0.0 0.0 0.0 0.0 0.0 0.0 0.0 0.0 0.0 0.0 0.0 0.0 0.0 0.0 0.0 0.0 0.0 0.0 0.0 0.0 0.0 0.0 0.0 0.0 0.0 0.0 0.0 0.0 0.0 0.0 0.0 0.0 0.0 0.0 0.0 0.0 0.0 0.0 0.0 0.0 0.0 0.0 0.0
0.0 0.0 0.0 0.0 0.0 0.0 0.0 0.0 0.0 0.0 0.0 0.0 0.0 0.0 0.0 0.0 0.0 0.0 0.0 0.0 0.0 0.0 0.0 0.0 0.0 0.0 0.0 0.0 0.0 0.0 0.0 0.0 0.0 0.0 0.0 0.0 0.0 0.0 0.0 0.0 0.0 0.0 0.0 0.0 0.0 0.0 0.0 0.0 0.0 0.0 0.0 0.0 0.0 0.0 0.0 0.0 0.0 0.0
0.0 0.0 0.0 0.0 0.0 0.0 0.0 0.0 0.0 0.0 0.0 0.0 0.0 0.0 0.0 0.0 0.0 0.0 0.0 0.0 0.0 0.0 0.0 0.0 0.0 0.0 0.0 0.0 0.0 0.0 0.0 0.0 0.0 0.0 0.0 0.0 0.0 0.0 0.0 0.0 0.0 0.0 0.0 0.0 0.0 0.0 0.0 0.0 0.0 0.0 0.0 0.0 0.0 0.0 0.0 0.0 0.0 0.0
0.0 0.0 0.0 0.0 0.0 0.0 0.0 0.0 0.0 0.0 0.0 0.0 0.0 0.0 0.0 0.0 0.0 0.0 0.0 0.0 0.0 0.0 0.0 0.0 0.0 0.0 0.0 0.0 0.0 0.0 0.0 0.0 0.0 0.0 0.0 0.0 0.0 0.0 0.0 0.0 0.0 0.0 0.0 0.0 0.0 0.0 0.0 0.0 0.0 0.0 0.0 0.0 0.0 0.0 0.0 0.0 0.0 0.0
0.004027833441518927 0.004027833441518927 0.004027833441518927 0.004027833441518927 0.004027833441518927 0.004027833441518927 0.004027833441518927 0.004271174990357869 0.0047746541580234465 0.005278133325689024 0.005781612493354602 0.006285091661020179 0.006788570828685757 0.007292049996351335 0.0077955291640177705 0.008299008331683348 0.008802487499348925 0.009305966667014503 0.009809445834680082 0.009664014202058443 0.008824882247613 0.00798575029316756 0.007146618338722117 0.006307486384276676 0.005468354429831234 0.004629222475385792 0.00379009052094035 0.002950958566493477 0.0021118266120480345 0.0012726946576025935 0.0004335627031571525 0.0 0.0 0.0 0.0 0.0 0.0 0.0 0.0 0.0 0.0 0.0 0.0 0.0 0.0 0.0 0.0 0.0 0.0 0.0 0.0 0.0 0.0 0.0 0.0 0.0 0.0 0.0
0.012361166898694056 0.012361166898694056 0.012361166898694056 0.012361166898694056 0.012361166898694056 0.012361166898694056 0.012361166898694056 0.013107966770699322 0.014653112594599827 0.01619825841850033 0.017743404242400833 0.01928855006630134 0.020833695890201842 0.022378841714102347 0.023923987538005488 0.02546913336190599 0.027014279185806494 0.028559425009707 0.030104570833607503 0.029658250321777276 0.027083007256359995 0.024507764190942714 0.021932521125525434 0.019357278060108153 0.016782034994690873 0.014206791929273592 0.011631548863856311 0.009056305798434638 0.006481062733017358 0.0039058196676000773 0.0013305766021827967 0.0 0.0 0.0 0.0 0.0 0.0 0.0 0.0 0.0 0.0 0.0 0.0 0.0 0.0 0.0 0.0 0.0 0.0 0.0 0.0 0.0 0.0 0.0 0.0 0.0 0.0 0.0
0.02069450035587629 0.02069450035587629 0.02069450035587629 0.02069450035587629 0.02069450035587629 0.02069450035587629 0.02069450035587629 0.021944758551048313 0.024531571031184633 0.027118383511320954 0.029705195991457278 0.032292008471593595 0.03487882095172992 0.037465633431866235 0.040052445912006976 0.04263925839214329 0.04522607087227962 0.04781288335241594 0.05039969583255226 0.04965248644151318 0.04534113226512258 0.04102977808873198 0.036718423912341376 0.032407069735950776 0.028095715559560173 0.02378436138316957 0.01947300720677897 0.015161653030381014 0.010850298853990407 0.0065389446775998075 0.0022275905012092076 0.0 0.0 0.0 0.0 0.0 0.0 0.0 0.0 0.0 0.0 0.0 0.0 0.0 0.0 0.0 0.0 0.0 0.0 0.0 0.0 0.0 0.0 0.0 0.0 0.0 0.0 0.0
0.02902783381305142 0.02902783381305142 0.02902783381305142 0.02902783381305142 0.02902783381305142 0.02902783381305142 0.02902783381305142 0.030781550331389768 0.03441002946776102 0.038038508604132264 0.04166698774050351 0.04529546687687476 0.048923946013246004 0.05255242514961725 0.05618090428599469 0.059809383422365935 0.06343786255873718 0.06706634169510843 0.07069482083147968 0.06964672256123203 0.06359925727386959 0.05755179198650714 0.0515043266991447 0.045456861411782255 0.039409396124419814 0.03336193083705737 0.02731446554969493 0.021267000262322172 0.01521953497495973 0.00917206968759729 0.0031246044002348483 0.0 0.0 0.0 0.0 0.0 0.0 0.0 0.0 0.0 0.0 0.0 0.0 0.0 0.0 0.0 0.0 0.0 0.0 0.0 0.0 0.0 0.0 0.0 0.0 0.0 0.0 0.0
0.03736116727022655 0.03736116727022655 0.03736116727022655 0.03736116727022655 0.03736116727022655 0.03736116727022655 0.03736116727022655 0.03961834211173122 0.0442884879043374 0.04895863369694357 0.05362877948954974 0.05829892528215591 0.06296907107476209 0.06763921686736826 0.0723093626599824 0.07697950845258858 0.08164965424519474 0.08631980003780093 0.09098994583040709 0.08964095868095086 0.08185738228261658 0.07407380588428229 0.06629022948594801 0.058506653087613734 0.05072307668927945 0.04293950029094517 0.035155923892610894 0.027372347494263344 0.01958877109592906 0.011805194697594779 0.004021618299260496 0.0 0.0 0.0 0.0 0.0 0.0 0.0 0.0 0.0 0.0 0.0 0.0 0.0 0.0 0.0 0.0 0.0 0.0 0.0 0.0 0.0 0.0 0.0 0.0 0.0 0.0 0.0
0.04569450072740168 0.04569450072740168 0.04569450072740168 0.04569450072740168 0.04569450072740168 0.04569450072740168 0.04569450072740168 0.04845513389207268 0.05416694634091378 0.059878758789754884 0.06559057123859599 0.07130238368743709 0.07701419613627819 0.08272600858511929 0.08843782103397013 0.09414963348281125 0.09986144593165233 0.10557325838049345 0.11128507082933455 0.10963519480066972 0.10011550729136359 0.09059581978205747 0.08107613227275134 0.07155644476344522 0.062036757254139104 0.052517069744832987 0.04299738223552686 0.0334776947262045 0.023958007216898378 0.014438319707592268 0.004918632198286144 0.0 0.0 0.0 0.0 0.0 0.0 0.0 0.0 0.0 0.0 0.0 0.0 0.0 0.0 0.0 0.0 0.0 0.0 0.0 0.0 0.0 0.0 0.0 0.0 0.0 0.0 0.0
0.05402783418457681 0.05402783418457681 0.05402783418457681 0.05402783418457681 0.05402783418457681 0.05402783418457681 0.05402783418457681 0.05729192567241413 0.06404540477749016 0.0707988838825662 0.07755236298764222 0.08430584209271824 0.09105932119779428 0.09781280030287032 0.10456627940795785 0.11131975851303388 0.11807323761810991 0.12482671672318595 0.13158019582826197 0.12962943092038856 0.11837363230011058 0.10711783367983263 0.09586203505955466 0.0846062364392767 0.07335043781899875 0.06209463919872078 0.05083884057844282 0.03958304195814566 0.028327243337867694 0.017071444717589743 0.005815646097311777 0.0 0.0 0.0 0.0 0.0 0.0 0.0 0.0 0.0 0.0 0.0 0.0 0.0 0.0 0.0 0.0 0.0 0.0 0.0 0.0 0.0 0.0 0.0 0.0 0.0 0.0 0.0
0.06236116764175194 0.06236116764175194 0.06236116764175194 0.06236116764175194 0.06236116764175194 0.06236116764175194 0.06236116764175194 0.06612871745275559 0.07392386321406655 0.0817190089753775 0.08951415473668844 0.09730930049799941 0.10510444625931037 0.11289959202062132 0.12069473778194556 0.12848988354325652 0.13628502930456748 0.14408017506587845 0.15187532082718938 0.14962366704010738 0.13663175730885757 0.12363984757760779 0.11064793784635799 0.09765602811510818 0.08466411838385839 0.07167220865260858 0.05868029892135879 0.04568838919008683 0.032696479458837024 0.019704569727587218 0.006712659996337439 0.0 0.0 0.0 0.0 0.0 0.0 0.0 0.0 0.0 0.0 0.0 0.0 0.0 0.0 0.0 0.0 0.0 0.0 0.0 0.0 0.0 0.0 0.0 0.0 0.0 0.0 0.0
0.07069450109892707 0.07069450109892707 0.07069450109892707 0.07069450109892707 0.07069450109892707 0.07069450109892707 0.07069450109892707 0.07496550923309704 0.08380232165064293 0.09263913406818881 0.1014759464857347 0.11031275890328057 0.11914957132082646 0.12798638373837234 0.1368231961559333 0.1456600085734792 0.15449682099102507 0.16333363340857096 0.17217044582611685 0.16961790315982625 0.1548898823176046 0.14016186147538295 0.12543384063316132 0.11070581979093969 0.09597779894871804 0.08124977810649639 0.06652175726427476 0.051793736422028 0.03706571557980637 0.022337694737584707 0.007609673895363073 0.0 0.0 0.0 0.0 0.0 0.0 0.0 0.0 0.0 0.0 0.0 0.0 0.0 0.0 0.0 0.0 0.0 0.0 0.0 0.0 0.0 0.0 0.0 0.0 0.0 0.0 0.0
0.0790278345561093 0.0790278345561093 0.0790278345561093 0.0790278345561093 0.0790278345561093 0.0790278345561093 0.0790278345561093 0.08380230101344603 0.09368078008722773 0.10355925916100943 0.11343773823479113 0.12331621730857283 0.13319469638235454 0.14307317545613624 0.15295165452993476 0.16283013360371645 0.17270861267749815 0.18258709175127985 0.19246557082506155 0.18961213927956214 0.17314800732636718 0.1566838753731722 0.14021974341997723 0.12375561146678228 0.10729147951358732 0.09082734756039236 0.0743632156071974 0.057899083653974365 0.041434951700779404 0.024970819747584444 0.008506687794389484 0.0 0.0 0.0 0.0 0.0 0.0 0.0 0.0 0.0 0.0 0.0 0.0 0.0 0.0 0.0 0.0 0.0 0.0 0.0 0.0 0.0 0.0 0.0 0.0 0.0 0.0 0.0
0.08736116801328443 0.08736116801328443 0.08736116801328443 0.08736116801328443 0.08736116801328443 0.08736116801328443 0.08736116801328443 0.09263909279378749 0.10355923852380411 0.11447938425382073 0.12539952998383735 0.136319675713854 0.14723982144387063 0.15815996717388725 0.1690801129039225 0.18000025863393912 0.19092040436395574 0.2018405500939724 0.212760695823989 0.20960637539928095 0.19140613233511417 0.17320588927094735 0.15500564620678056 0.13680540314261375 0.11860516007844696 0.10040491701428016 0.08220467395011335 0.06400443088591551 0.04580418782174872 0.027603944757581905 0.009403701693415117 0.0 0.0 0.0 0.0 0.0 0.0 0.0 0.0 0.0 0.0 0.0 0.0 0.0 0.0 0.0 0.0 0.0 0.0 0.0 0.0 0.0 0.0 0.0 0.0 0.0 0.0 0.0
0.09569450147045956 0.09569450147045956 0.09569450147045956 0.09569450147045956 0.09569450147045956 0.09569450147045956 0.09569450147045956 0.10147588457412894 0.1134376969603805 0.12539950934663205 0.1373613217328836 0.14932313411913517 0.16128494650538672 0.17324675889163826 0.18520857127791024 0.19717038366416179 0.20913219605041333 0.22109400843666488 0.23305582082291643 0.22960061151899983 0.20966425734386118 0.18972790316872254 0.1697915489935839 0.14985519481844525 0.1299188406433066 0.10998248646816797 0.09004613229302932 0.07010977811785671 0.050173423942718065 0.030237069767579422 0.010300715592440779 0.0 0.0 0.0 0.0 0.0 0.0 0.0 0.0 0.0 0.0 0.0 0.0 0.0 0.0 0.0 0.0 0.0 0.0 0.0 0.0 0.0 0.0 0.0 0.0 0.0 0.0 0.0
0.09597216805259755 0.09597216805259755 0.09597216805259755 0.09597216805259755 0.09597216805259755 0.09597216805259755 0.09597216805259755 0.10562693422014768 0.12560286376130964 0.1455787933024716 0.1655547228436335 0.18553065238479546 0.2055065819259574 0.22548251146711934 0.24545844100831538 0.26543437054947727 0.2854103000906392 0.3053862296318012 0.32536215917296313 0.32524840372559083 0.3036583206601287 0.2820682375946666 0.26047815452920453 0.2388880714637424 0.2172979883982803 0.1957079053328182 0.1741178222673561 0.15252773920185717 0.13093765613639508 0.10934757307093299 0.08775749000547087 0.0766023257602535 0.0766023257602535 0.0766023257602535 0.0766023257602535 0.0766023257602535 0.0766023257602535 0.0766023257602535 0.0766023257602535 0.0766023257602535 0.0766023257602535 0.0766023257602535 0.0766023257602535 0.0735170394604359 0.06713351231400483 0.06074998516757377 0.0543664580211427 0.04798293087471163 0.04159940372828056 0.03521587658184949 0.02883234943541843 0.022448822288987362 0.016065295142556293 0.009681767996114338 0.003298240849683276 0.0 0.0 0.0
0.08763883459542242 0.08763883459542242 0.08763883459542242 0.08763883459542242 0.08763883459542242 0.08763883459542242 0.08763883459542242 0.10476922092589426 0.14021237764371458 0.17565553436153494 0.21109869107935528 0.24654184779717564 0.281985004514996 0.3174281612328163 0.3528713179506971 0.38831447466851743 0.42375763138633776 0.4592007881041581 0.4946439448219785 0.5017650779929517 0.4786093274374507 0.45545357688194976 0.43229782632644886 0.40914207577094797 0.385986325215447 0.36283057465994606 0.33967482410444516 0.31651907354890474 0.29336332299340384 0.27020757243790294 0.247051821882402 0.2350877085492249 0.2350877085492249 0.2350877085492249 0.2350877085492249 0.2350877085492249 0.2350877085492249 0.2350877085492249 0.2350877085492249 0.2350877085492249 0.2350877085492249 0.2350877085492249 0.2350877085492249 0.22561915939952298 0.20602851702120878 0.18643787464289457 0.16684723226458037 0.14725658988626616 0.12766594750795196 0.10807530512963776 0.08848466275132355 0.06889402037300935 0.04930337799469514 0.029712735616347546 0.010122093238033342 0.0 0.0 0.0
0.07930550113824729 0.07930550113824729 0.07930550113824729 0.07930550113824729 0.07930550113824729 0.07930550113824729 0.07930550113824729 0.10391150763164084 0.1548218915261196 0.20573227542059835 0.2566426593150771 0.3075530432095559 0.35846342710403467 0.40937381099851344 0.46028419489307904 0.5111945787875578 0.5621049626820365 0.6130153465765154 0.6639257304709941 0.6782817522603126 0.6535603342147729 0.6288389161692332 0.6041174981236934 0.5793960800781536 0.5546746620326138 0.5299532439870741 0.5052318259415343 0.4805104078959524 0.4557889898504126 0.4310675718048729 0.40634615375933314 0.3935730913381963 0.3935730913381963 0.3935730913381963 0.3935730913381963 0.3935730913381963 0.3935730913381963 0.3935730913381963 0.3935730913381963 0.3935730913381963 0.3935730913381963 0.3935730913381963 0.3935730913381963 0.3777212793386101 0.34492352172841273 0.3121257641182154 0.2793280065080181 0.24653024889782074 0.2137324912876234 0.18093473367742605 0.14813697606722873 0.11533921845703138 0.08254146084683406 0.04974370323658078 0.016945945626383463 0.0 0.0 0.0
0.07097216768106505 0.07097216768106505 0.07097216768106505 0.07097216768106505 0.07097216768106505 0.07097216768106505 0.07097216768106505 0.10305379433738669 0.16943140540853707 0.23580901647968744 0.3021866275508378 0.36856423862198817 0.43494184969313854 0.5013194607642889 0.5676970718355524 0.6340746829067029 0.7004522939778532 0.7668299050490036 0.833207516120154 0.8547984265278242 0.8285113409922442 0.8022242554566643 0.7759371699210844 0.7496500843855044 0.7233629988499245 0.6970759133143445 0.6707888277787646 0.6445017422431398 0.6182146567075599 0.5919275711719799 0.5656404856363999 0.5520584741273027 0.5520584741273027 0.5520584741273027 0.5520584741273027 0.5520584741273027 0.5520584741273027 0.5520584741273027 0.5520584741273027 0.5520584741273027 0.5520584741273027 0.5520584741273027 0.5520584741273027 0.5298233992778267 0.48381852643573503 0.43781365359364327 0.39180878075155157 0.3458039079094598 0.2997990350673681 0.25379416222527634 0.20778928938318464 0.16178441654109293 0.11577954369900118 0.06977467085683098 0.02376979801473922 0.0 0.0 0.0
0.06263883422388992 0.06263883422388992 0.06263883422388992 0.06263883422388992 0.06263883422388992 0.06263883422388992 0.06263883422388992 0.10219608104313327 0.18404091929094207 0.2658857575387508 0.3477305957865596 0.42957543403436843 0.5114202722821771 0.593265110529986 0.6751099487779344 0.7569547870257431 0.8387996252735519 0.9206444635213606 1.0024893017691694 1.0313151007951853 1.0034623477695666 0.9756095947439477 0.9477568417183289 0.9199040886927101 0.8920513356670913 0.8641985826414725 0.8363458296158537 0.8084930765901874 0.7806403235645687 0.75278757053895 0.7249348175133311 0.7105438569162741 0.7105438569162741 0.7105438569162741 0.7105438569162741 0.7105438569162741 0.7105438569162741 0.7105438569162741 0.7105438569162741 0.7105438569162741 0.7105438569162741 0.7105438569162741 0.7105438569162741 0.6819255192169138 0.622713531142939 0.5635015430689642 0.5042895549949893 0.4450775669210144 0.38586557884703954 0.32665359077306466 0.26744160269908984 0.20822961462511502 0.14901762655114015 0.08980563847706424 0.030593650403089367 0.0 0.0 0.0
0.054305500766714795 0.054305500766714795 0.054305500766714795 0.054305500766714795 0.054305500766714795 0.054305500766714795 0.054305500766714795 0.10133836774887986 0.19865043317334707 0.29596249859781426 0.39327456402228145 0.4905866294467487 0.5878986948712158 0.6852107602956831 0.7825228257203162 0.8798348911447834 0.9771469565692507 1.0744590219937178 1.171771087418185 1.2078317750625462 1.1784133545468887 1.148994934031231 1.1195765135155733 1.0901580929999157 1.0607396724842582 1.0313212519686006 1.0019028314529428 0.9724844109372351 0.9430659904215775 0.9136475699059199 0.8842291493902622 0.8690292397052455 0.8690292397052455 0.8690292397052455 0.8690292397052455 0.8690292397052455 0.8690292397052455 0.8690292397052455 0.8690292397052455 0.8690292397052455 0.8690292397052455 0.8690292397052455 0.8690292397052455 0.834027639156001 0.761608535850143 0.6891894325442849 0.616770329238427 0.5443512259325689 0.47193212262671097 0.399513019320853 0.32709391601499493 0.25467481270913694 0.18225570940327895 0.1098366060972975 0.037417502791439516 0.0 0.0 0.0
0.045972167309539666 0.045972167309539666 0.045972167309539666 0.045972167309539666 0.045972167309539666 0.045972167309539666 0.045972167309539666 0.10048065445462645 0.21325994705575207 0.3260392396568777 0.4388185322580033 0.551597824859129 0.6643771174602546 0.7771564100613803 0.8899357026626982 1.0027149952638237 1.1154942878649494 1.2282735804660752 1.3410528730672007 1.3843484493299072 1.3533643613242108 1.3223802733185144 1.291396185312818 1.2604120973071216 1.229428009301425 1.1984439212957285 1.1674598332900321 1.1364757452842826 1.1054916572785862 1.0745075692728898 1.0435234812671934 1.0275146224942169 1.0275146224942169 1.0275146224942169 1.0275146224942169 1.0275146224942169 1.0275146224942169 1.0275146224942169 1.0275146224942169 1.0275146224942169 1.0275146224942169 1.0275146224942169 1.0275146224942169 0.986129759095088 0.9005035405573469 0.8148773220196057 0.7292511034818646 0.6436248849441235 0.5579986664063823 0.4723724478686412 0.3867462293309001 0.30112001079315887 0.21549379225541776 0.12986757371753055 0.04424135517978944 0.0 0.0 0.0
0.03763883385236454 0.03763883385236454 0.03763883385236454 0.03763883385236454 0.03763883385236454 0.03763883385236454 0.03763883385236454 0.09962294116037301 0.22786946093815708 0.3561159807159411 0.48436250049372515 0.6126090202715092 0.7408555400492932 0.8691020598270772 0.9973485796050799 1.125595099382864 1.253841619160648 1.382088138938432 1.510334658716216 1.5608651235972681 1.528315368101533 1.4957656126057974 1.4632158571100622 1.430666101614327 1.3981163461185915 1.3655665906228562 1.333016835127121 1.3004670796313302 1.267917324135595 1.2353675686398595 1.2028178131441243 1.186000005283188 1.186000005283188 1.186000005283188 1.186000005283188 1.186000005283188 1.186000005283188 1.186000005283188 1.186000005283188 1.186000005283188 1.186000005283188 1.186000005283188 1.186000005283188 1.138231879034175 1.0393985452645507 0.9405652114949263 0.8417318777253022 0.7428985439556779 0.6440652101860537 0.5452318764164293 0.4463985426468051 0.3475652088771809 0.24873187510755657 0.1498985413377638 0.05106520756813948 0.0 0.0 0.0
0.029305500395189407 0.029305500395189407 0.029305500395189407 0.029305500395189407 0.029305500395189407 0.029305500395189407 0.029305500395189407 0.0987652278661196 0.24247897482056208 0.3861927217750045 0.529906468729447 0.6736202156838894 0.8173339626383319 0.9610477095927744 1.104761456547462 1.2484752035019044 1.392188950456347 1.5359026974107892 1.6796164443652317 1.7373817978646293 1.7032663748788552 1.669150951893081 1.6350355289073069 1.6009201059215328 1.5668046829357585 1.5326892599499844 1.4985738369642103 1.4644584139783778 1.4303429909926038 1.3962275680068297 1.3621121450210554 1.3444853880721594 1.3444853880721594 1.3444853880721594 1.3444853880721594 1.3444853880721594 1.3444853880721594 1.3444853880721594 1.3444853880721594 1.3444853880721594 1.3444853880721594 1.3444853880721594 1.3444853880721594 1.290333998973262 1.1782935499717546 1.0662531009702472 0.9542126519687398 0.8421722029672325 0.730131753965725 0.6180913049642177 0.5060508559627103 0.39401040696120293 0.2819699579596955 0.16992950895799708 0.05788905995648963 0.0 0.0 0.0
