Figures/CREST_Example_wjb_NSE/Rolling_result/20100722/BJP_forecast/ens_5/wjb.rain.20100727.asc
ncols            288
nrows            254
xllcorner        113.274861
yllcorner        31.4918055
cellsize         0.008333333333
NODATA_value     -9999
[rows 182 to 207 of 254, columns 180 to 239 of 288]
0.2216898021104592 0.21681417155670818 0.2119385410029489 0.20809201013840495 0.20534561012506597 0.202599210111727 0.199852810098388 0.19710641008504903 0.19436001007171005 0.19161361005837108 0.18886721004503207 0.1861208100316931 0.1833744100183541 0.18062801000501513 0.17788160999167615 0.16935527480655702 0.15465005813953328 0.13994484147250955 0.1252396248054858 0.11053440813846208 0.09582919147143833 0.08112397480441459 0.06641875813739086 0.05171354147036712 0.0370083248033434 0.022303108136319666 0.007597891469295931 0.0 0.0 0.0 0.0 0.0 0.0 0.0 0.0 0.0 0.0 0.0 0.0 0.006567050111677468 0.020154425413153383 0.033741800714652465 0.04732917601612838 0.060916551317604296 0.0745039266190802 0.08809130192055611 0.10167867722203204 0.11526605252350795 0.12885342782498385 0.14244080312645976 0.15602817842793568 0.15648145351912393 0.1428940782176461 0.12930670291616825 0.11571932761466724 0.10213195231318939 0.08854457701171155 0.0749572017102337 0.061369826408755865 0.04778245110727802
0.20846718986583104 0.20488370374552214 0.20130021762520717 0.1978470826158836 0.19453329589340512 0.19121950917092662 0.18790572244844814 0.18459193572596966 0.18127814900349118 0.1779643622810127 0.1746505755585342 0.17133678883605571 0.16802300211357724 0.16470921539109876 0.16139542866862028 0.15325175193466123 0.13994481349194487 0.12663787504922852 0.11333093660651215 0.10002399816379579 0.08671705972107943 0.07341012127836306 0.060103182835646696 0.04679624439293034 0.03348930595021399 0.020182367507497606 0.006875429064781252 0.0 0.0 0.0 0.0 0.0 0.0 0.0 0.0 0.0 0.0 0.0 0.0 0.005942607549760942 0.01823799705872892 0.030533386567717865 0.042828776076685844 0.05512416558565382 0.0674195550946218 0.07971494460358977 0.09201033411255775 0.10430572362152572 0.1166011131304937 0.12889650263946167 0.14119189214842967 0.1416020665697005 0.12930667706073076 0.11701128755176105 0.10471589804277036 0.09242050853380063 0.08012511902483091 0.06782972951586119 0.05553434000689146 0.043238950497921744
0.19524457762121414 0.19295323593434624 0.19066189424747446 0.18760215509337094 0.18372098166175344 0.17983980823013596 0.17595863479851845 0.17207746136690094 0.16819628793528343 0.16431511450366595 0.16043394107204845 0.15655276764043094 0.15267159420881343 0.14879042077719595 0.14490924734557845 0.1371482290627792 0.12523956884436904 0.11333090862595885 0.10142224840754867 0.08951358818913849 0.0776049279707283 0.06569626775231811 0.05378760753390793 0.04187894731549775 0.02997028709708756 0.018061626878677378 0.006152966660267184 0.0 0.0 0.0 0.0 0.0 0.0 0.0 0.0 0.0 0.0 0.0 0.0 0.005318164987844949 0.01632156870430609 0.027324972420785996 0.03832837613724714 0.049331779853708284 0.060335183570169426 0.07133858728663056 0.08234199100309171 0.09334539471955285 0.104348798436014 0.11535220215247513 0.12635560586893627 0.12672267962028974 0.11571927590382704 0.10471587218736433 0.09371246847088285 0.08270906475442015 0.07170566103795745 0.06070225732149474 0.04969885360503204 0.038695449888569336
0.18202196537659723 0.18102276812317034 0.18002357086974174 0.1773572275708583 0.17290866743010178 0.16846010728934527 0.16401154714858876 0.15956298700783222 0.15511442686707572 0.1506658667263192 0.14621730658556267 0.14176874644480617 0.13732018630404966 0.13287162616329312 0.1284230660225366 0.12104470619089719 0.11053432419679318 0.10002394220268918 0.08951356020858517 0.07900317821448116 0.06849279622037716 0.05798241422627315 0.04747203223216914 0.036961650238065136 0.02645126824396113 0.015940886249857136 0.00543050425575313 0.0 0.0 0.0 0.0 0.0 0.0 0.0 0.0 0.0 0.0 0.0 0.0 0.004693722425928955 0.014405140349883262 0.02411655827385413 0.03382797619780844 0.04353939412176274 0.05325081204571705 0.06296222996967135 0.07267364789362567 0.08238506581757997 0.09209648374153427 0.10180790166548859 0.11151931958944289 0.11184329267087899 0.1021318747469233 0.09242045682296761 0.08270903889899536 0.07299762097503967 0.06328620305108398 0.053574785127128294 0.043863367203172604 0.03415194927921693
0.16879935313198036 0.16909230031199446 0.16938524749200906 0.16711230004834568 0.16209635319845014 0.1570804063485546 0.15206445949865907 0.14704851264876354 0.14203256579886803 0.1370166189489725 0.13200067209907695 0.12698472524918142 0.12196877839928588 0.11695283154939035 0.11193688469949481 0.10494118331901517 0.09582907954921735 0.08671697577941952 0.07760487200962168 0.06849276823982386 0.05938066447002603 0.050268560700228206 0.04115645693043038 0.03204435316063255 0.022932249390834727 0.013820145621036894 0.0047080418512390615 0.0 0.0 0.0 0.0 0.0 0.0 0.0 0.0 0.0 0.0 0.0 0.0 0.004069279864012963 0.012488711995460436 0.020908144126922268 0.02932757625836974 0.03774700838981721 0.04616644052126469 0.05458587265271216 0.06300530478415964 0.0714247369156071 0.07984416904705458 0.08826360117850206 0.09668303330994953 0.09696390572146822 0.08854447359001956 0.08012504145857088 0.07170560932710786 0.06328617719565918 0.05486674506421052 0.04644731293276185 0.03802788080131318 0.02960844866986452
0.15557674088736345 0.15716183250081855 0.15874692411427638 0.15686737252583302 0.15128403896679848 0.14570070540776392 0.14011737184872938 0.13453403828969485 0.12895070473066028 0.12336737117162574 0.11778403761259118 0.11220070405355664 0.10661737049452209 0.10103403693548754 0.09545070337645299 0.08883766044713315 0.0811238349016415 0.07341000935614986 0.0656961838106582 0.05798235826516655 0.05026853271967491 0.042554707174183255 0.03484088162869161 0.027127056083199957 0.019413230537708312 0.011699404992216667 0.003985579446725007 0.0 0.0 0.0 0.0 0.0 0.0 0.0 0.0 0.0 0.0 0.0 0.0 0.003444837302096969 0.010572283641037607 0.0176997299799904 0.024827176318931037 0.031954622657871676 0.03908206899681232 0.04620951533575295 0.05333696167469359 0.06046440801363423 0.06759185435257486 0.0747193006915155 0.08184674703045615 0.08208451877205747 0.07495707243311582 0.06782962609417416 0.060702179755220353 0.053574733416278705 0.04644728707733706 0.0393198407383954 0.032192394399453754 0.0250649480605121
0.14235412864274655 0.14523136468964268 0.1481086007365437 0.14662244500332042 0.14047172473514685 0.13432100446697326 0.12817028419879972 0.12201956393062614 0.11586884366245258 0.109718123394279 0.10356740312610543 0.09741668285793187 0.0912659625897583 0.08511524232158474 0.07896452205341117 0.07273413757525111 0.06641859025406566 0.060103042932880185 0.05378749561169471 0.04747194829050924 0.04115640096932378 0.034840853648138305 0.02852530632695284 0.02220975900576737 0.015894211684581896 0.009578664363396425 0.0032631170422109668 0.0 0.0 0.0 0.0 0.0 0.0 0.0 0.0 0.0 0.0 0.0 0.0 0.0028203947401809763 0.008655855286614781 0.014491315833058536 0.02032677637949234 0.026162236925926147 0.03199769747235995 0.03783315801879376 0.04366861856522756 0.04950407911166137 0.05533953965809517 0.06117500020452898 0.06701046075096279 0.06720513182264672 0.06136967127621209 0.055534210729777454 0.04969875018333287 0.043863289636898235 0.0380278290904636 0.03219236854402897 0.026356907997594332 0.020521447451159698
0.12913151639811837 0.1333008968784566 0.13747027735880193 0.13637751748079904 0.12965941050348595 0.1229413035261729 0.11622319654885983 0.10950508957154675 0.10278698259423369 0.09606887561692062 0.08935076863960756 0.0826326616622945 0.07591455468498143 0.06919644770766836 0.0624783407303553 0.05663061470335536 0.051713345606477265 0.04679607650959917 0.04187880741272107 0.036961538315842965 0.032044269218964874 0.027127000122086777 0.02220973102520868 0.01729246192833058 0.012375192831452483 0.007457923734574386 0.002540654637696288 0.0 0.0 0.0 0.0 0.0 0.0 0.0 0.0 0.0 0.0 0.0 0.0 0.0021959521782644502 0.006739426932190318 0.011282901686123933 0.015826376440049802 0.02036985119397567 0.024913325947901535 0.029456800701827403 0.03400027545575327 0.03854375020967914 0.04308722496360501 0.047630699717530874 0.05217417447145674 0.05232574487322327 0.047782270119296755 0.043238795365370244 0.038695320611435984 0.034151845857509466 0.029608371103582956 0.025064896349656442 0.02052142159572993 0.01597794684180342
0.1159089041535015 0.1213704290672807 0.12683195398106922 0.12613258995828638 0.1188470962718343 0.11156160258538221 0.10427610889893013 0.09699061521247805 0.08970512152602597 0.08241962783957388 0.0751341341531218 0.06784864046666972 0.06056314678021764 0.053277653093765545 0.045992159407313465 0.040527091831473336 0.03700810095890141 0.033489110086329495 0.029970119213757578 0.02645112834118566 0.02293213746861374 0.019413146596041823 0.015894155723469902 0.012375164850897985 0.008856173978326068 0.005337183105754151 0.0018181922331822267 0.0 0.0 0.0 0.0 0.0 0.0 0.0 0.0 0.0 0.0 0.0 0.0 0.0015715096163484575 0.004822998577767491 0.00807448753919207 0.011325976500611103 0.014577465462030138 0.01782895442344917 0.021080443384868204 0.02433193234628724 0.02758342130770627 0.030834910269125305 0.03408639923054434 0.037337888191963375 0.03744635792381252 0.03419486896239302 0.030943380000973526 0.027691891039548486 0.02444040207812899 0.021188913116709496 0.01793742415529 0.014685935193870504 0.011434446232451007
0.1026862919088846 0.10943996125610482 0.11619363060333654 0.11588766243577375 0.10803478204018266 0.10018190164459156 0.09232902124900046 0.08447614085340935 0.07662326045781825 0.06877038006222716 0.06091749966663605 0.05306461927104496 0.04521173887545385 0.037358858479862755 0.029505978084271647 0.02442356895959131 0.02230285631132557 0.02018214366305983 0.01806143101479409 0.01594071836652835 0.01382000571826261 0.01169929306999687 0.009578580421731129 0.007457867773465389 0.005337155125199649 0.0032164424769339124 0.0010957298286681724 0.0 0.0 0.0 0.0 0.0 0.0 0.0 0.0 0.0 0.0 0.0 0.0 0.0009470670544324642 0.002906570223344663 0.004866073392260204 0.006825576561172402 0.008785079730084602 0.0107445828989968 0.012704086067909 0.014663589236821198 0.016623092405733397 0.018582595574645595 0.020542098743557793 0.02250160191246999 0.02256697097440176 0.020607467805489284 0.018647964636576808 0.016688461467660988 0.01472895829874851 0.012769455129836033 0.010809951960923556 0.008850448792011079 0.0068909456230985995
0.0894636796642677 0.09750949344492892 0.10555530722560384 0.10564273491326111 0.097222467808531 0.08880220070380088 0.08038193359907077 0.07196166649434065 0.06354139938961054 0.055121132284880414 0.04670086518015029 0.03828059807542018 0.02986033097069006 0.021440063865959952 0.01301979676122983 0.008320046087709282 0.007597611663749721 0.00687517723979016 0.0061527428158305985 0.005430308391871038 0.004707873967911477 0.003985439543951916 0.003263005119992355 0.0025405706960327946 0.0018181362720732334 0.0010957018481136723 0.0003732674241541112 0.0 0.0 0.0 0.0 0.0 0.0 0.0 0.0 0.0 0.0 0.0 0.0 0.0003226244925164709 0.000990141868921835 0.0016576592453283374 0.0023251766217337014 0.0029926939981390656 0.0036602113745444298 0.004327728750949794 0.004995246127355158 0.005662763503760522 0.006330280880165886 0.006997798256571251 0.0076653156329766145 0.007687584024991003 0.007020066648585544 0.006352549272180085 0.005685031895773488 0.0050175145193680284 0.00434999714296257 0.003682479766557111 0.003014962390151652 0.0023474450137461926
0.08298162533992028 0.09173189691145586 0.10048216848300637 0.10077407767072853 0.0920238060991942 0.08327353452765986 0.07452326295612552 0.06577299138459118 0.057022719813056844 0.048272448241522506 0.03952217666998817 0.03077190509845383 0.022021633526919493 0.013271361955385155 0.004521090383850818 0.0 0.0 0.0 0.0 0.0 0.0 0.0 0.0 0.0 0.0 0.0 0.0 0.0 0.0 0.0 0.0 0.0 0.0 0.0 0.0 0.0 0.0 0.0 0.0 0.000920525410569647 0.0028251133176596557 0.004729701224752913 0.006634289131842921 0.00853887703893293 0.010443464946022938 0.012348052853112947 0.014252640760202957 0.016157228667292963 0.018061816574382973 0.019966404481472983 0.02187099238856299 0.02250587137986194 0.02178340280249308 0.021060934225124218 0.020338465647754125 0.019615997070385263 0.018893528493016405 0.01817105991564754 0.017448591338278682 0.016726122760909817
0.0837048025732178 0.09253133195676638 0.10135786134033002 0.10165231448977728 0.09282578510622995 0.08399925572268262 0.0751727263391353 0.06634619695558797 0.057519667572040634 0.0486931381884933 0.03986660880494597 0.03104007942139865 0.022213550037851318 0.013387020654303985 0.004560491270756653 0.0 0.0 0.0 0.0 0.0 0.0 0.0 0.0 0.0 0.0 0.0 0.0 0.0 0.0 0.0 0.0 0.0 0.0 0.0 0.0 0.0 0.0 0.0 0.0 0.0028250344640823955 0.008670094704270891 0.014515154944469354 0.02036021518465785 0.026205275424846342 0.03205033566503484 0.03789539590522333 0.043740456145411825 0.049585516385600326 0.05543057662578882 0.06127563686597731 0.0671206971061658 0.06906910071387448 0.06685189018731162 0.06463467966074876 0.06241746913418211 0.06020025860761925 0.05798304808105639 0.05576583755449353 0.05354862702793067 0.05133141650136781
0.08442797980651502 0.09333076700207657 0.1022335541976533 0.10253055130882566 0.09362776411326537 0.08472497691770509 0.07582218972214479 0.0669194025265845 0.058016615331024216 0.04911382813546392 0.04021104093990363 0.031308253744343345 0.02240546654878306 0.013502679353222774 0.0045998921576624885 0.0 0.0 0.0 0.0 0.0 0.0 0.0 0.0 0.0 0.0 0.0 0.0 0.0 0.0 0.0 0.0 0.0 0.0 0.0 0.0 0.0 0.0 0.0 0.0 0.00472954351759433 0.014515076090879628 0.024300608664181614 0.034086141237466915 0.04387167381075221 0.05365720638403751 0.0634427389573228 0.0732282715306081 0.0830138041038934 0.0927993366771787 0.10258486925046399 0.1123704018237493 0.11563233004786712 0.11192037757211089 0.10820842509635467 0.10449647262059211 0.1007845201448359 0.09707256766907968 0.09336061519332345 0.08964866271756723 0.08593671024181102
0.08515115703981223 0.09413020204738676 0.1031092470549766 0.10340878812787403 0.09442974312030078 0.08545069811272754 0.07647165310515429 0.06749260809758104 0.0585135630900078 0.04953451808243455 0.040555473074861306 0.031576428067288054 0.0225973830597148 0.013618338052141563 0.00463929304456831 0.0 0.0 0.0 0.0 0.0 0.0 0.0 0.0 0.0 0.0 0.0 0.0 0.0 0.0 0.0 0.0 0.0 0.0 0.0 0.0 0.0 0.0 0.0 0.0 0.006634052571106266 0.02036005747748837 0.034086062383893875 0.04781206729027598 0.06153807219665808 0.07526407710304019 0.08899008200942228 0.10271608691580439 0.11644209182218648 0.13016809672856858 0.1438941016349507 0.1576201065413328 0.16219555938185976 0.15698886495691017 0.15178217053196058 0.14657547610700214 0.14136878168205255 0.13616208725710297 0.1309553928321534 0.12574869840720382 0.12054200398225423
0.08587433427310975 0.09492963709269728 0.10398493991230025 0.1042870249469228 0.09523172212733655 0.08617641930775032 0.07712111648816408 0.06806581366857783 0.059010510848991594 0.04995520802940536 0.04089990520981912 0.03184460239023287 0.02278929957064664 0.013733996751060407 0.004678693931474159 0.0 0.0 0.0 0.0 0.0 0.0 0.0 0.0 0.0 0.0 0.0 0.0 0.0 0.0 0.0 0.0 0.0 0.0 0.0 0.0 0.0 0.0 0.0 0.0 0.008538561624619011 0.026205038864099594 0.0438715161036103 0.06153799334309088 0.07920447058257146 0.09687094782205205 0.11453742506153262 0.13220390230101323 0.1498703795404938 0.16753685677997437 0.18520333401945496 0.20286981125893555 0.20875878871587222 0.20205735234172864 0.1953559159675851 0.18865447959343007 0.1819530432192865 0.1752516068451429 0.16855017047099932 0.16184873409685574 0.15514729772271219
0.08659751150640696 0.09572907213800746 0.10486063276962353 0.10516526176597117 0.09603370113437197 0.08690214050277277 0.07777057987117358 0.06863901923957438 0.059507458607975176 0.05037589797637598 0.04124433734477678 0.03211277671317758 0.02298121608157838 0.013849655449979195 0.004718094818379995 0.0 0.0 0.0 0.0 0.0 0.0 0.0 0.0 0.0 0.0 0.0 0.0 0.0 0.0 0.0 0.0 0.0 0.0 0.0 0.0 0.0 0.0 0.0 0.0 0.010443070678130948 0.032050020250708335 0.05365696982332256 0.07526391939589995 0.09687086896847734 0.11847781854105473 0.1400847681136321 0.1616917176862095 0.18329866725878688 0.20490561683136427 0.22651256640394166 0.24811951597651904 0.2553220180498649 0.24712583972652793 0.238929661403191 0.2307334830798401 0.22253730475650313 0.21434112643316622 0.20614494810982928 0.19794876978649234 0.1897525914631554
0.08732068873970418 0.09652850718331765 0.10573632562694682 0.10604349858501955 0.0968356801414074 0.08762786169779524 0.07842004325418307 0.06921222481057092 0.06000440636695876 0.050796587923346605 0.041588769479734444 0.03238095103612229 0.023173132592510137 0.01396531414889797 0.004757495705285816 0.0 0.0 0.0 0.0 0.0 0.0 0.0 0.0 0.0 0.0 0.0 0.0 0.0 0.0 0.0 0.0 0.0 0.0 0.0 0.0 0.0 0.0 0.0 0.0 0.012347579731642883 0.03789500163731707 0.06344242354303482 0.08898984544870901 0.1145372673543832 0.1400846892600574 0.1656321111657316 0.19117953307140578 0.21672695497707997 0.24227437688275416 0.2678217987884283 0.29336922069410254 0.3018852473838575 0.2921943271113272 0.28250340683879693 0.27281248656625007 0.2631215662937198 0.2534306460211895 0.2437397257486592 0.23404880547612888 0.22435788520359862
0.0880438659730017 0.09732794222862817 0.10661201848427047 0.10692173540406831 0.09763765914844316 0.088353582892818 0.07906950663719285 0.0697854303815677 0.060501354125942555 0.0512172778703174 0.041933201614692245 0.0326491253590671 0.02336504910344195 0.0140809728478168 0.004796896592191652 0.0 0.0 0.0 0.0 0.0 0.0 0.0 0.0 0.0 0.0 0.0 0.0 0.0 0.0 0.0 0.0 0.0 0.0 0.0 0.0 0.0 0.0 0.0 0.0 0.014252088785155628 0.0437399830239283 0.07322787726275125 0.10271577150152392 0.1322036657402966 0.16169155997906925 0.19117945421784194 0.2206673484566146 0.25015524269538725 0.27964313693415993 0.3091310311729326 0.3386189254117053 0.34844847671787 0.3372628144961457 0.3260771522744214 0.314891490052678 0.30370582783095373 0.29252016560922944 0.28133450338750515 0.27014884116578086 0.25896317894405657
0.08876704320629891 0.09812737727393836 0.10748771134159377 0.10779997222311669 0.09843963815547857 0.08907930408784047 0.07971897002020235 0.07035863595256425 0.06099830188492614 0.05163796781728802 0.04227763374964992 0.032917299682011805 0.02355696561437369 0.014196631546735589 0.004836297479097473 0.0 0.0 0.0 0.0 0.0 0.0 0.0 0.0 0.0 0.0 0.0 0.0 0.0 0.0 0.0 0.0 0.0 0.0 0.0 0.0 0.0 0.0 0.0 0.0 0.01615659783866756 0.04958496441053703 0.08301333098246351 0.11644169755433298 0.14987006412620243 0.18329843069807192 0.2167267972699414 0.25015516384181086 0.28358353041368034 0.3170118969855498 0.35044026355741925 0.38386863012928873 0.39501170605186264 0.382331301880945 0.36965089771002735 0.35697049353908805 0.3442900893681704 0.33160968519725276 0.3189292810263351 0.30624887685541746 0.29356847268449976
0.08949022043959613 0.09892681231924853 0.10836340419891705 0.10867820904216506 0.09924161716251399 0.08980502528286292 0.08036843340321186 0.07093184152356079 0.06149524964390972 0.05205865776425865 0.04262206588460758 0.033185474004956514 0.023748882125305446 0.014312290245654377 0.004875698366003309 0.0 0.0 0.0 0.0 0.0 0.0 0.0 0.0 0.0 0.0 0.0 0.0 0.0 0.0 0.0 0.0 0.0 0.0 0.0 0.0 0.0 0.0 0.0 0.0 0.0180611068921795 0.05542994579714578 0.09279878470217579 0.13016762360714207 0.16753646251210835 0.20490530141707464 0.24227414032204092 0.2796429792270072 0.3170118181319735 0.3543806570369398 0.39174949594190606 0.42911833484687234 0.4415749353858553 0.4273997892657443 0.4132246431456333 0.3990494970254981 0.3848743509053871 0.37069920478527607 0.356524058665165 0.342348912545054 0.328173766424943
0.09021339767289334 0.09972624736455872 0.10923909705624033 0.10955644586121344 0.10004359616954941 0.09053074647788538 0.08101789678622134 0.07150504709455732 0.0619921974028933 0.05247934771122927 0.042966498019565244 0.03345364832790121 0.023940798636237187 0.014427948944573166 0.00491509925290913 0.0 0.0 0.0 0.0 0.0 0.0 0.0 0.0 0.0 0.0 0.0 0.0 0.0 0.0 0.0 0.0 0.0 0.0 0.0 0.0 0.0 0.0 0.0 0.0 0.019965615945691437 0.06127492718375452 0.10258423842188805 0.14389354965995113 0.18520286089801422 0.2265121721360773 0.2678214833741404 0.3091307946122035 0.3504401058502666 0.39174941708832967 0.43305872832639275 0.47436803956445583 0.48813816471984794 0.4724682766505436 0.4567983885812392 0.4411285005119081 0.42545861244260375 0.40978872437329933 0.39411883630399497 0.37844894823469055 0.3627790601653862
0.09093657490619086 0.10052568240986925 0.11011478991356399 0.1104346826802622 0.10084557517658518 0.09125646767290815 0.08166736016923114 0.07207825266555412 0.0624891451618771 0.05290003765820008 0.04331093015452306 0.03372182265084604 0.024132715147169026 0.014543607643491996 0.00495450013981498 0.0 0.0 0.0 0.0 0.0 0.0 0.0 0.0 0.0 0.0 0.0 0.0 0.0 0.0 0.0 0.0 0.0 0.0 0.0 0.0 0.0 0.0 0.0 0.0 0.02187012499920418 0.06711990857036575 0.11236969214160447 0.15761947571276602 0.2028692592839276 0.24811904285508915 0.29336882642625073 0.3386186099974123 0.38386839356857383 0.4291181771397354 0.474367960710897 0.5196177442820585 0.5347013940538604 0.5175367640353621 0.5003721340168636 0.483207503998336 0.4660428739798377 0.4488782439613393 0.4317136139428409 0.41454898392434253 0.39738435390584415
0.08856927022700832 0.09743768796865986 0.10630610571032652 0.10642203124795938 0.0971813445938314 0.08794065793970342 0.07869997128557543 0.06945928463144746 0.06021859797731947 0.05097791132319148 0.0417372246690635 0.032496538014935517 0.02325585136080753 0.014015164706679545 0.004774478052551573 0.0 0.0 0.0 0.0 0.0 0.0 0.0 0.0 0.0 0.0 0.0 0.0 0.0 0.0 0.0 0.0 0.0 0.0 0.0 0.0 0.0 0.0 0.0 0.0 0.023039739158565192 0.07070948089525063 0.11837922263201735 0.16604896436870278 0.2137187061053882 0.26138844784207366 0.3090581895787591 0.3567279313154445 0.4043976730521299 0.4520674147888154 0.4997371565255008 0.5474068982621862 0.09134192238275611 0.09134192238275611 0.09134192238275611 0.09134192238275611 0.09134192238275611 0.09134192238275611 0.09134192238275611 0.09134192238275611 0.09134192238275611
0.08289843517091533 0.09019427642406727 0.09749011767723166 0.09718132853887408 0.08874301745677077 0.08030470637466747 0.07186639529256415 0.06342808421046084 0.054989773128357525 0.04655146204625421 0.038113150964150896 0.029674839882047596 0.021236528799944282 0.012798217717840968 0.004359906635737654 0.0 0.0 0.0 0.0 0.0 0.0 0.0 0.0 0.0 0.0 0.0 0.0 0.0 0.0 0.0 0.0 0.0 0.0 0.0 0.0 0.0 0.0 0.0 0.0 0.023423796995185604 0.07188816308753954 0.12035252917997612 0.16881689527233004 0.21728126136468398 0.26574562745703795 0.31420999354939183 0.36267435964174577 0.4111387257340997 0.45960309182645365 0.5080674579188076 0.5565318240111615 0.09134192238275611 0.09134192238275611 0.09134192238275611 0.09134192238275611 0.09134192238275611 0.09134192238275611 0.09134192238275611 0.09134192238275611 0.09134192238275611
0.07722760011481994 0.08295086487947162 0.08867412964413307 0.08794062582978486 0.08030469031970655 0.07266875480962826 0.06503281929954996 0.05739688378947166 0.049760948279393355 0.04212501276931506 0.03448907725923676 0.026853141749158455 0.01921720623908016 0.011581270729001863 0.003945335218923554 0.0 0.0 0.0 0.0 0.0 0.0 0.0 0.0 0.0 0.0 0.0 0.0 0.0 0.0 0.0 0.0 0.0 0.0 0.0 0.0 0.0 0.0 0.0 0.0 0.023807854831806176 0.07306684527982893 0.12232583572793569 0.17158482617595847 0.22084381662398123 0.27010280707200396 0.31936179752002675 0.3686207879680495 0.41787977841607227 0.467138768864095 0.5163977593121177 0.5656567497601406 0.09134192238275611 0.09134192238275611 0.09134192238275611 0.09134192238275611 0.09134192238275611 0.09134192238275611 0.09134192238275611 0.09134192238275611 0.09134192238275611
