Figures/CREST_Example_wjb_NSE/Rolling_result/20100722/BJP_forecast/ens_5/wjb.rain.20100725.asc
ncols            288
nrows            254
xllcorner        113.274861
yllcorner        31.4918055
cellsize         0.008333333333
NODATA_value     -9999
[rows 180 to 199 of 254, columns 88 to 131 of 288]
18.832997280428632 18.749957258126752 18.666917235824872 18.58387721352285 18.50083719122097 18.417797168919087 18.334757146617207 18.251717124315327 18.168677102013447 18.085637079711564 18.002597057409684 17.508764816615816 16.575786405962976 15.642807995310138 14.709829584657298 13.77685117400446 12.843872763350028 11.910894352697188 10.977915942044348 10.04493753139151 9.11195912073867 8.178980710085831 7.246002299432991 6.75353841617246 6.731994523933795 6.710450631695132 6.688906739456467 6.667362847217803 6.6458189549791395 6.6242750627404385 6.602731170501775 6.58118727826311 6.5596433860244465 6.538099493785783 6.516555601547118 6.669732744616344 7.0096906257090685 7.349648506801794 7.689606387894518 8.029564268987242 8.369522150079968 8.709480031172692 9.049437912265997 9.389395793358721
18.54405550614397 18.462422733499217 18.38078996085446 18.29915718820957 18.217524415564814 18.13589164292006 18.05425887027531 17.972626097630553 17.8909933249858 17.809360552341047 17.72772777969629 17.237631747446752 16.310879255047997 15.384126762649242 14.457374270250487 13.530621777851731 12.603869285451395 11.67711679305264 10.750364300653885 9.82361180825513 8.896859315856377 7.970106823457622 7.043354331058866 6.55970277149245 6.549736128849001 6.539769486205552 6.529802843562103 6.519836200918654 6.509869558275205 6.499902915631739 6.48993627298829 6.479969630344841 6.470002987701392 6.460036345057942 6.450069702414493 6.595474475190886 6.906974804742882 7.218475134294877 7.529975463846873 7.841475793398869 8.152976122950864 8.464476452502861 8.775976782055388 9.087477111607384
17.962142363580476 17.88223829349733 17.802334223414185 17.722430153330905 17.64252608324776 17.562622013164617 17.48271794308147 17.402813872998326 17.32290980291518 17.24300573283204 17.163101662748893 16.690863846414338 15.799212384404587 14.907560922394834 14.015909460385082 13.12425799837533 12.232606536364056 11.340955074354302 10.44930361234455 9.557652150334796 8.666000688325045 7.774349226315293 6.88269776430554 6.4195675158116305 6.414536134603987 6.409504753396342 6.404473372188698 6.399441990981054 6.394410609773409 6.389379228565757 6.384347847358113 6.379316466150469 6.374285084942825 6.36925370373518 6.364222322527536 6.5119353098707045 6.822935481476373 7.133935653082042 7.44493582468771 7.7559359962933785 8.066936167899048 8.377936339504716 8.688936511110914 8.999936682716584
17.380229221016485 17.302053853494954 17.22387848597342 17.145703118451753 17.067527750930218 16.989352383408686 16.91117701588715 16.833001648365617 16.75482628084408 16.67665091332255 16.598475545801016 16.144095945381466 15.287545513760746 14.430995082140024 13.574444650519304 12.717894218898582 11.8613437872764 11.00479335565568 10.14824292403496 9.291692492414239 8.435142060793517 7.578591629172797 6.722041197552075 6.279432260130691 6.279336140358856 6.279240020587021 6.279143900815186 6.279047781043351 6.278951661271516 6.278855541499681 6.2787594217278455 6.27866330195601 6.278567182184175 6.27847106241234 6.278374942640505 6.428396144550451 6.738896158209792 7.049396171869133 7.359896185528474 7.670396199187815 7.980896212847156 8.291396226506498 8.601896240166369 8.912396253825708
16.798316078452995 16.72186941349307 16.645422748533147 16.56897608357309 16.492529418613167 16.416082753653242 16.339636088693318 16.263189423733394 16.186742758773466 16.11029609381354 16.033849428853618 15.597328044349057 14.775878643117338 13.954429241885618 13.1329798406539 12.311530439422182 11.49008103818906 10.668631636957343 9.847182235725622 9.025732834493905 8.204283433262185 7.382834032030466 6.561384630798747 6.139297004449872 6.1441361461138415 6.148975287777811 6.1538144294417805 6.15865357110575 6.16349271276972 6.168331854433698 6.173170996097668 6.178010137761637 6.182849279425607 6.187688421089577 6.192527562753547 6.3448569792302685 6.654856834943282 6.964856690656296 7.2748565463693105 7.584856402082323 7.894856257795338 8.204856113508352 8.514855969221895 8.824855824934907
16.2164029358895 16.141684973491188 16.06696701109287 15.992249048694427 15.917531086296112 15.842813123897797 15.768095161499481 15.693377199101166 15.61865923670285 15.543941274304535 15.46922331190622 15.050560143316648 14.264211772473931 13.477863401631215 12.691515030788498 11.905166659945781 11.118818289101721 10.332469918259005 9.546121547416288 8.759773176573571 7.973424805730855 7.187076434888137 6.4007280640454205 5.999161748769053 6.008936151868828 6.018710554968602 6.028484958068376 6.038259361168151 6.048033764267926 6.057808167367717 6.067582570467492 6.077356973567266 6.08713137666704 6.096905779766815 6.106680182866589 6.261317813910087 6.570817511676774 6.880317209443461 7.1898169072101465 7.499316604976833 7.808816302743519 8.118316000510205 8.42781569827742 8.737315396044107
15.634489793326008 15.561500533489301 15.488511273652597 15.415522013815766 15.342532753979059 15.269543494142352 15.196554234305648 15.123564974468941 15.050575714632235 14.97758645479553 14.904597194958823 14.50379224228424 13.752544901830525 13.00129756137681 12.250050220923095 11.49880288046938 10.747555540014384 9.99630819956067 9.245060859106953 8.493813518653239 7.742566178199524 6.991318837745809 6.240071497292094 5.8590264930882325 5.873736157623812 5.888445822159391 5.9031554866949705 5.917865151230551 5.93257481576613 5.947284480301734 5.9619941448373135 5.976703809372893 5.991413473908473 6.006123138444052 6.020832802979632 6.177778648589905 6.486778188410264 6.7957777282306235 7.1047772680509835 7.413776807871343 7.722776347691703 8.031775887512062 8.340775427332948 8.649774967153308
15.052576650762516 14.981316093487418 14.910055536212322 14.838794978937104 14.767534421662006 14.69627386438691 14.625013307111812 14.553752749836715 14.482492192561619 14.411231635286521 14.339971078011425 13.957024341251831 13.240878031187117 12.524731721122404 11.808585411057692 11.092439100992978 10.376292790927044 9.66014648086233 8.944000170797619 8.227853860732907 7.511707550668193 6.79556124060348 6.079414930538768 5.718891237407414 5.738536163378798 5.758181089350182 5.777826015321566 5.797470941292951 5.817115867264334 5.836760793235753 5.856405719207137 5.876050645178521 5.895695571149905 5.9153404971212895 5.934985423092673 6.094239483269723 6.402738865143755 6.711238247017787 7.01973762889182 7.328237010765852 7.636736392639883 7.9452357745139155 8.253735156388474 8.562234538262507
14.47066350819902 14.401131653485534 14.331599798772046 14.26206794405844 14.192536089344953 14.123004234631464 14.053472379917977 13.98394052520449 13.914408670491001 13.844876815777514 13.775344961064027 13.41025644021942 12.72921116054371 12.048165880867998 11.367120601192287 10.686075321516578 10.005030041839705 9.323984762163995 8.642939482488284 7.961894202812572 7.280848923136862 6.599803643461151 5.9187583637854395 5.578755981726594 5.603336169133783 5.627916356540973 5.652496543948161 5.67707673135535 5.70165691876254 5.72623710616977 5.75081729357696 5.775397480984148 5.799977668391337 5.824557855798527 5.849138043205715 6.01070031794954 6.318699541877246 6.62669876580495 6.934697989732656 7.242697213660361 7.550696437588066 7.858695661515771 8.166694885444002 8.474694109371706
13.888750365635032 13.820947213483155 13.753144061331279 13.685340909179287 13.61753775702741 13.549734604875532 13.481931452723655 13.414128300571779 13.346325148419902 13.278521996268026 13.210718844116148 12.863488539186546 12.217544289899868 11.571600040613188 10.925655791326509 10.27971154203983 9.63376729275205 8.987823043465372 8.341878794178692 7.695934544892014 7.049990295605334 6.404046046318656 5.758101797031976 5.438620726045655 5.468136174888653 5.4976516237316515 5.52716707257465 5.556682521417647 5.5861979702606455 5.615713419103694 5.645228867946693 5.67474431678969 5.704259765632688 5.733775214475687 5.763290663318685 5.927161152629288 6.234660218610665 6.542159284592042 6.84965835057342 7.1571574165547975 7.464656482536174 7.772155548517552 8.079654614499454 8.38715368048083
13.30683722307154 13.240762773481272 13.174688323891004 13.108613874300625 13.042539424710355 12.976464975120088 12.91039052552982 12.844316075939552 12.778241626349285 12.712167176759017 12.64609272716875 12.316720638154136 11.70587741925646 11.095034200358782 10.484190981461106 9.87334776256343 9.262504543664711 8.651661324767034 8.040818105869358 7.429974886971681 6.819131668074004 6.208288449176327 5.59744523027865 5.298485470364835 5.332936180643638 5.367386890922441 5.401837601201244 5.436288311480047 5.470739021758851 5.505189732037712 5.539640442316515 5.574091152595318 5.608541862874121 5.642992573152924 5.677443283431727 5.843621987309105 6.150620895344156 6.457619803379206 6.764618711414256 7.071617619449307 7.378616527484357 7.6856154355194075 7.9926143435549815 8.299613251590031
12.724924080508046 12.660578333479387 12.596232586450729 12.531886839421961 12.467541092393303 12.403195345364644 12.338849598335985 12.274503851307328 12.210158104278669 12.14581235725001 12.081466610221351 11.769952737121727 11.194210548613052 10.618468360104378 10.042726171595703 9.466983983087028 8.891241794577372 8.315499606068698 7.739757417560022 7.164015229051348 6.588273040542673 6.012530852033999 5.4367886635253235 5.158350214684016 5.197736186398624 5.237122158113231 5.276508129827839 5.3158941015424475 5.355280073257055 5.394666044971729 5.434052016686338 5.473437988400946 5.512823960115553 5.552209931830161 5.591595903544769 5.760082821988923 6.066581572077646 6.373080322166369 6.679579072255092 6.986077822343815 7.292576572432538 7.599075322521261 7.905574072610507 8.21207282269923
12.143010937944554 12.080393893477504 12.017776849010454 11.9551598045433 11.89254276007625 11.829925715609201 11.767308671142152 11.704691626675103 11.642074582208053 11.579457537741005 11.516840493273955 11.223184836089318 10.682543677969646 10.141902519849975 9.601261361730302 9.060620203610629 8.519979045490032 7.97933788737036 7.438696729250688 6.898055571131015 6.357414413011342 5.816773254891669 5.276132096771996 5.018214959003196 5.062536192153609 5.106857425304022 5.151178658454434 5.195499891604847 5.2398211247552595 5.284142357905748 5.328463591056161 5.372784824206573 5.417106057356986 5.461427290507399 5.505748523657812 5.676543656668742 5.9825422488111375 6.288540840953533 6.594539433095929 6.900538025238324 7.206536617380721 7.512535209523116 7.8185338016660335 8.12453239380843
11.878097871352631 11.823684294365654 11.769270717378676 11.714857140391606 11.660443563404629 11.606029986417651 11.551616409430673 11.497202832443696 11.442789255456717 11.388375678469739 11.333962101482761 12.878887157400378 12.878887157400378 12.878887157400378 12.878887157400378 12.878887157400378 12.878887157400378 12.878887157400378 12.878887157400378 12.878887157400378 12.878887157400378 12.878887157400378 12.878887157400378 12.878887157400378 12.878887157400378 12.878887157400378 12.878887157400378 12.878887157400378 12.878887157400378 12.878887157400378 12.878887157400378 12.878887157400378 12.878887157400378 12.878887157400378 12.878887157400378 5.704860491283204 5.999418704192083 6.293976917100961 6.5885351300098405 6.883093342918719 7.177651555827597 7.472209768736477 7.766767981645857 8.061326194554736
11.952037905376903 11.912748911461717 11.873459917546532 11.83417092363128 11.794881929716095 11.755592935800909 11.716303941885723 11.677014947970537 11.637725954055352 11.598436960140168 11.559147966224982 12.878887157400378 12.878887157400378 12.878887157400378 12.878887157400378 12.878887157400378 12.878887157400378 12.878887157400378 12.878887157400378 12.878887157400378 12.878887157400378 12.878887157400378 12.878887157400378 12.878887157400378 12.878887157400378 12.878887157400378 12.878887157400378 12.878887157400378 12.878887157400378 12.878887157400378 12.878887157400378 12.878887157400378 12.878887157400378 12.878887157400378 12.878887157400378 5.852744339515022 6.124167766199369 6.395591192883715 6.667014619568061 6.938438046252407 7.209861472936753 7.481284899621099 7.752708326305909 8.024131752990254
12.025977939401141 12.001813528557742 11.977649117714343 11.953484706870901 11.929320296027502 11.905155885184103 11.880991474340703 11.856827063497304 11.832662652653905 11.808498241810506 11.784333830967107 12.878887157400378 12.878887157400378 12.878887157400378 12.878887157400378 12.878887157400378 12.878887157400378 12.878887157400378 12.878887157400378 12.878887157400378 12.878887157400378 12.878887157400378 12.878887157400378 12.878887157400378 12.878887157400378 12.878887157400378 12.878887157400378 12.878887157400378 12.878887157400378 12.878887157400378 12.878887157400378 12.878887157400378 12.878887157400378 12.878887157400378 12.878887157400378 6.000628187746776 6.2489168282066 6.497205468666423 6.745494109126247 6.99378274958607 7.2420713900458935 7.490360030505717 7.738648670965964 7.9869373114257876
12.09991797342538 12.090878145653766 12.081838317882154 12.072798490110525 12.063758662338913 12.054718834567298 12.045679006795686 12.036639179024073 12.027599351252459 12.018559523480846 12.009519695709233 12.878887157400378 12.878887157400378 12.878887157400378 12.878887157400378 12.878887157400378 12.878887157400378 12.878887157400378 12.878887157400378 12.878887157400378 12.878887157400378 12.878887157400378 12.878887157400378 12.878887157400378 12.878887157400378 12.878887157400378 12.878887157400378 12.878887157400378 12.878887157400378 12.878887157400378 12.878887157400378 12.878887157400378 12.878887157400378 12.878887157400378 12.878887157400378 6.148512035978531 6.3736658902138315 6.598819744449132 6.823973598684433 7.049127452919734 7.274281307155035 7.499435161390336 7.72458901562602 7.949742869861321
12.17385800744965 12.17994276274983 12.18602751805001 12.1921122733502 12.198197028650378 12.204281783950558 12.210366539250737 12.216451294550916 12.222536049851094 12.228620805151273 12.234705560451452 12.878887157400378 12.878887157400378 12.878887157400378 12.878887157400378 12.878887157400378 12.878887157400378 12.878887157400378 12.878887157400378 12.878887157400378 12.878887157400378 12.878887157400378 12.878887157400378 12.878887157400378 12.878887157400378 12.878887157400378 12.878887157400378 12.878887157400378 12.878887157400378 12.878887157400378 12.878887157400378 12.878887157400378 12.878887157400378 12.878887157400378 12.878887157400378 6.296395884210348 6.498414952221116 6.700434020231884 6.902453088242653 7.104472156253421 7.306491224264189 7.508510292274957 7.7105293602860705 7.912548428296839
12.247798041473889 12.269007379845855 12.290216718217819 12.311426056589822 12.332635394961786 12.353844733333752 12.375054071705717 12.396263410077683 12.417472748449647 12.438682086821613 12.459891425193579 12.878887157400378 12.878887157400378 12.878887157400378 12.878887157400378 12.878887157400378 12.878887157400378 12.878887157400378 12.878887157400378 12.878887157400378 12.878887157400378 12.878887157400378 12.878887157400378 12.878887157400378 12.878887157400378 12.878887157400378 12.878887157400378 12.878887157400378 12.878887157400378 12.878887157400378 12.878887157400378 12.878887157400378 12.878887157400378 12.878887157400378 12.878887157400378 6.444279732442101 6.6231640142283466 6.8020482960145925 6.980932577800838 7.1598168595870835 7.338701141373329 7.517585423159575 7.696469704946126 7.875353986732372
12.321738075498128 12.358071996941879 12.394405918385631 12.430739839829444 12.467073761273197 12.503407682716947 12.539741604160698 12.57607552560445 12.6124094470482 12.648743368491953 12.685077289935704 12.878887157400378 12.878887157400378 12.878887157400378 12.878887157400378 12.878887157400378 12.878887157400378 12.878887157400378 12.878887157400378 12.878887157400378 12.878887157400378 12.878887157400378 12.878887157400378 12.878887157400378 12.878887157400378 12.878887157400378 12.878887157400378 12.878887157400378 12.878887157400378 12.878887157400378 12.878887157400378 12.878887157400378 12.878887157400378 12.878887157400378 12.878887157400378 6.592163580673856 6.747913076235578 6.903662571797302 7.059412067359025 7.2151615629207475 7.370911058482471 7.526660554044194 7.682410049606183 7.838159545167906
