Figures/CREST_Example_wjb_NSE/Rolling_result/20100722/BJP_forecast/ens_5/wjb.rain.20100629.asc
ncols            288
nrows            254
xllcorner        113.274861
yllcorner        31.4918055
cellsize         0.008333333333
NODATA_value     -9999
[rows 140 to 167 of 254, columns 195 to 259 of 288]
0.0774687426811034 0.07849743399126598 0.07952612530142855 0.08055481661159113 0.0815835079217537 0.08261219923191626 0.08364089054207884 0.08466958185224141 0.08569827316240398 0.08672696447256656 0.08775565578272912 0.0887843470928917 0.08931585132754538 0.08931585132754538 0.08931585132754538 0.08931585132754538 0.08931585132754538 0.08931585132754538 0.08931585132754538 0.08931585132754538 0.08931585132754538 0.08931585132754538 0.08931585132754538 0.08931585132754538 0.08680533560946808 0.08161102177270993 0.07641670793594292 0.07122239409918477 0.06602808026242661 0.060833766425668456 0.055639452588910294 0.05044513875215214 0.045250824915393985 0.04005651107863583 0.034862197241877675 0.029667883405119513 0.02698408528394073 0.02698408528394073 0.02698408528394073 0.02698408528394073 0.02698408528394073 0.02698408528394073 0.02698408528394073 0.02698408528394073 0.02698408528394073 0.02698408528394073 0.02698408528394073 0.02698408528394073 0.025897256297556622 0.02364858252398533 0.021399908750414035 0.01915123497684274 0.016902561203267615 0.014653887429696321 0.012405213656125028 0.010156539882553734 0.00790786610898244 0.005659192335411147 0.0034105185618398537 0.0011618447882685602 0.0 0.0 0.0 0.0 0.0
0.087820903966171 0.08898705947139851 0.09015321497662601 0.09131937048185353 0.09248552598708103 0.09365168149230853 0.09481783699753604 0.09598399250276354 0.09715014800799106 0.09831630351321856 0.09948245901844607 0.10064861452367357 0.10125114375977179 0.10125114375977179 0.10125114375977179 0.10125114375977179 0.10125114375977179 0.10125114375977179 0.10125114375977179 0.10125114375977179 0.10125114375977179 0.10125114375977179 0.10125114375977179 0.10125114375977179 0.09840514739849861 0.09251671651862887 0.08662828563874911 0.08073985475887938 0.07485142387900966 0.06896299299913992 0.0630745621192702 0.05718613123940047 0.05129770035953075 0.045409269479661014 0.03952083859979129 0.033632407719921556 0.030589973198493298 0.030589973198493298 0.030589973198493298 0.030589973198493298 0.030589973198493298 0.030589973198493298 0.030589973198493298 0.030589973198493298 0.030589973198493298 0.030589973198493298 0.030589973198493298 0.030589973198493298 0.029357911069464174 0.02680874663635892 0.024259582203253662 0.021710417770148406 0.019161253337038803 0.01661208890393355 0.014062924470828294 0.011513760037723038 0.008964595604617782 0.006415431171512526 0.0038662667384072695 0.0013171023053020134 0.0 0.0 0.0 0.0 0.0
0.09817306525123859 0.09947668495153103 0.10078030465182347 0.10208392435211591 0.10338754405240837 0.10469116375270081 0.10599478345299325 0.10729840315328569 0.10860202285357813 0.10990564255387057 0.11120926225416303 0.11251288195445547 0.11318643619199821 0.11318643619199821 0.11318643619199821 0.11318643619199821 0.11318643619199821 0.11318643619199821 0.11318643619199821 0.11318643619199821 0.11318643619199821 0.11318643619199821 0.11318643619199821 0.11318643619199821 0.11000495918752914 0.10342241126454783 0.09683986334155531 0.09025731541857401 0.08367476749559272 0.07709221957261142 0.07050967164963011 0.06392712372664881 0.05734457580366751 0.050762027880686206 0.04417947995770491 0.03759693203472361 0.034195861113045865 0.034195861113045865 0.034195861113045865 0.034195861113045865 0.034195861113045865 0.034195861113045865 0.034195861113045865 0.034195861113045865 0.034195861113045865 0.034195861113045865 0.034195861113045865 0.034195861113045865 0.03281856584137172 0.029968910748732504 0.027119255656093286 0.02426960056345407 0.02141994547080999 0.018570290378170772 0.015720635285531553 0.012870980192892335 0.010021325100253116 0.007171670007613897 0.004322014914974678 0.001472359822335463 0.0 0.0 0.0 0.0 0.0
0.1085252265363062 0.10996631043166356 0.11140739432702094 0.11284847822237833 0.1142895621177357 0.11573064601309307 0.11717172990845046 0.11861281380380782 0.1200538976991652 0.12149498159452257 0.12293606548987995 0.12437714938523733 0.1251217286242246 0.1251217286242246 0.1251217286242246 0.1251217286242246 0.1251217286242246 0.1251217286242246 0.1251217286242246 0.1251217286242246 0.1251217286242246 0.1251217286242246 0.1251217286242246 0.1251217286242246 0.12160477097655964 0.11432810601046678 0.1070514410443615 0.09977477607826862 0.09249811111217576 0.08522144614608287 0.07794478117999001 0.07066811621389714 0.06339145124780426 0.056114786281711404 0.04883812131561853 0.041561456349525655 0.03780174902759843 0.03780174902759843 0.03780174902759843 0.03780174902759843 0.03780174902759843 0.03780174902759843 0.03780174902759843 0.03780174902759843 0.03780174902759843 0.03780174902759843 0.03780174902759843 0.03780174902759843 0.036279220613279275 0.0331290748611061 0.029978929108932913 0.026828783356759735 0.02367863760458118 0.020528491852407998 0.017378346100234816 0.014228200348061635 0.011078054595888457 0.007927908843715276 0.004777763091542091 0.0016276173393689128 0.0 0.0 0.0 0.0 0.0
0.11887738782138262 0.12045593591180503 0.12203448400222747 0.1236130320926499 0.12519158018307233 0.12677012827349476 0.1283486763639172 0.1299272244543396 0.13150577254476203 0.13308432063518447 0.1346628687256069 0.13624141681602933 0.1370570210564612 0.1370570210564612 0.1370570210564612 0.1370570210564612 0.1370570210564612 0.1370570210564612 0.1370570210564612 0.1370570210564612 0.1370570210564612 0.1370570210564612 0.1370570210564612 0.1370570210564612 0.13320458276560007 0.12523380075639504 0.1172630187471764 0.10929223673797137 0.10132145472876633 0.0933506727195613 0.08537989071035626 0.07740910870115122 0.06943832669194619 0.061467544682741154 0.05349676267353612 0.045525980664331084 0.04140763694215408 0.04140763694215408 0.04140763694215408 0.04140763694215408 0.04140763694215408 0.04140763694215408 0.04140763694215408 0.04140763694215408 0.04140763694215408 0.04140763694215408 0.04140763694215408 0.04140763694215408 0.039739875385189784 0.03628923897348238 0.03283860256177498 0.029387966150067585 0.025937329738354296 0.0224866933266469 0.0190360569149395 0.015585420503232097 0.012134784091524697 0.008684147679817296 0.005233511268109899 0.0017828748564024943 0.0 0.0 0.0 0.0 0.0
0.11922232174514637 0.12080545014134988 0.1223885785375534 0.12397170693375692 0.12555483532996045 0.12713796372616396 0.1287210921223675 0.130304220518571 0.13188734891477452 0.13347047731097803 0.13505360570718156 0.13663673410338506 0.13745470489624584 0.13745470489624584 0.13745470489624584 0.13745470489624584 0.13745470489624584 0.13745470489624584 0.13745470489624584 0.13745470489624584 0.13745470489624584 0.13745470489624584 0.13745470489624584 0.13745470489624584 0.1335910883932783 0.1255971784102484 0.11760326842720487 0.10960935844417496 0.10161544846114508 0.09362153847811519 0.08562762849508529 0.07763371851205539 0.0696398085290255 0.061645898545995614 0.05365198856296571 0.045658078579935826 0.04152778509602925 0.04152778509602925 0.04152778509602925 0.04152778509602925 0.04152778509602925 0.04152778509602925 0.04152778509602925 0.04152778509602925 0.04152778509602925 0.04152778509602925 0.04152778509602925 0.04152778509602925 0.03985518437201823 0.03639453561415497 0.0329338868562917 0.029473238098428445 0.026012589340559278 0.022551940582696016 0.019091291824832757 0.015630643066969496 0.012169994309106234 0.008709345551242968 0.005248696793379706 0.0017880480355164513 0.0 0.0 0.0 0.0 0.0
0.10887016046007877 0.11031582466121737 0.11176148886235594 0.11320715306349453 0.11465281726463311 0.11609848146577169 0.11754414566691028 0.11898980986804886 0.12043547406918745 0.12188113827032603 0.1233268024714646 0.1247724666726032 0.12551941246401943 0.12551941246401943 0.12551941246401943 0.12551941246401943 0.12551941246401943 0.12551941246401943 0.12551941246401943 0.12551941246401943 0.12551941246401943 0.12551941246401943 0.12551941246401943 0.12551941246401943 0.12199127660424776 0.11469148366432944 0.10739169072439866 0.10009189778448035 0.09279210484456202 0.08549231190464371 0.07819251896472537 0.07089272602480706 0.06359293308488873 0.056293140144970416 0.04899334720505209 0.04169355426513377 0.037921897181476684 0.037921897181476684 0.037921897181476684 0.037921897181476684 0.037921897181476684 0.037921897181476684 0.037921897181476684 0.037921897181476684 0.037921897181476684 0.037921897181476684 0.037921897181476684 0.037921897181476684 0.03639452960011068 0.03323437150178138 0.03007421340345208 0.02691405530512278 0.02375389720678809 0.02059373910845879 0.01743358101012949 0.014273422911800192 0.011113264813470893 0.007953106715141593 0.004792948616812294 0.0016327905184829947 0.0 0.0 0.0 0.0 0.0
0.09851799917501118 0.09982619918108483 0.10113439918715847 0.10244259919323212 0.10375079919930577 0.10505899920537942 0.10636719921145307 0.10767539921752672 0.10898359922360037 0.11029179922967401 0.11159999923574766 0.11290819924182131 0.11358412003179302 0.11358412003179302 0.11358412003179302 0.11358412003179302 0.11358412003179302 0.11358412003179302 0.11358412003179302 0.11358412003179302 0.11358412003179302 0.11358412003179302 0.11358412003179302 0.11358412003179302 0.11039146481521725 0.1037857889184105 0.09718011302159249 0.09057443712478573 0.08396876122797899 0.07736308533117223 0.07075740943436548 0.06415173353755874 0.057546057640751984 0.05094038174394523 0.044334705847138486 0.03772902995033174 0.034316009266924116 0.034316009266924116 0.034316009266924116 0.034316009266924116 0.034316009266924116 0.034316009266924116 0.034316009266924116 0.034316009266924116 0.034316009266924116 0.034316009266924116 0.034316009266924116 0.034316009266924116 0.032933874828203126 0.03007420738940779 0.027214539950612453 0.024354872511817116 0.0214952050730169 0.018635537634221568 0.01577587019542623 0.012916202756630895 0.010056535317835558 0.007196867879040222 0.004337200440244885 0.001477533001449552 0.0 0.0 0.0 0.0 0.0
0.08816583788994359 0.0893365737009523 0.09050730951196101 0.09167804532296973 0.09284878113397844 0.09401951694498716 0.09519025275599587 0.09636098856700458 0.0975317243780133 0.09870246018902201 0.09987319600003072 0.10104393181103943 0.10164882759956662 0.10164882759956662 0.10164882759956662 0.10164882759956662 0.10164882759956662 0.10164882759956662 0.10164882759956662 0.10164882759956662 0.10164882759956662 0.10164882759956662 0.10164882759956662 0.10164882759956662 0.09879165302618673 0.09288009417249155 0.08696853531878629 0.08105697646509111 0.07514541761139594 0.06923385875770076 0.06332229990400558 0.0574107410503104 0.05149918219661522 0.04558762334292005 0.039676064489224866 0.033764505635529685 0.03071012135237155 0.03071012135237155 0.03071012135237155 0.03071012135237155 0.03071012135237155 0.03071012135237155 0.03071012135237155 0.03071012135237155 0.03071012135237155 0.03071012135237155 0.03071012135237155 0.03071012135237155 0.029473220056295574 0.0269140432770342 0.024354866497772826 0.021795689718511452 0.019236512939245713 0.01667733615998434 0.014118159380722969 0.011558982601461595 0.00899980582220022 0.006440629042938847 0.0038814522636774727 0.0013222754844160987 0.0 0.0 0.0 0.0 0.0
0.07781367660487598 0.07884694822081977 0.07988021983676354 0.08091349145270732 0.0819467630686511 0.08298003468459487 0.08401330630053866 0.08504657791648244 0.08607984953242621 0.08711312114837 0.08814639276431378 0.08917966438025755 0.08971353516734021 0.08971353516734021 0.08971353516734021 0.08971353516734021 0.08971353516734021 0.08971353516734021 0.08971353516734021 0.08971353516734021 0.08971353516734021 0.08971353516734021 0.08971353516734021 0.08971353516734021 0.08719184123715622 0.0819743994265726 0.0767569576159801 0.0715395158053965 0.06632207399481288 0.06110463218422928 0.05588719037364567 0.05066974856306206 0.04545230675247846 0.04023486494189485 0.035017423131311246 0.029799981320727635 0.027104233437818977 0.027104233437818977 0.027104233437818977 0.027104233437818977 0.027104233437818977 0.027104233437818977 0.027104233437818977 0.027104233437818977 0.027104233437818977 0.027104233437818977 0.027104233437818977 0.027104233437818977 0.02601256528438802 0.02375387916466061 0.0214951930449332 0.019236506925205787 0.016977820805474525 0.014719134685747114 0.012460448566019702 0.010201762446292291 0.00794307632656488 0.005684390206837468 0.003425704087110057 0.0011670179673826456 0.0 0.0 0.0 0.0 0.0
0.06746151531979956 0.0683573227406783 0.06925313016155701 0.07014893758243575 0.07104474500331447 0.0719405524241932 0.07283635984507192 0.07373216726595065 0.07462797468682937 0.0755237821077081 0.07641958952858682 0.07731539694946556 0.07777824273510361 0.07777824273510361 0.07777824273510361 0.07777824273510361 0.07777824273510361 0.07777824273510361 0.07777824273510361 0.07777824273510361 0.07777824273510361 0.07777824273510361 0.07777824273510361 0.07777824273510361 0.0755920294481158 0.07106870468064436 0.0665453799131652 0.06202205514569375 0.057498730378222306 0.05297540561075086 0.04845208084327942 0.04392875607580798 0.039405431308336535 0.03488210654086509 0.03035878177339365 0.025835457005922206 0.023498345523263336 0.023498345523263336 0.023498345523263336 0.023498345523263336 0.023498345523263336 0.023498345523263336 0.023498345523263336 0.023498345523263336 0.023498345523263336 0.023498345523263336 0.023498345523263336 0.023498345523263336 0.02255191051247752 0.020593715052284328 0.018635519592091136 0.016677324131897944 0.014719128671701411 0.01276093321150822 0.010802737751315026 0.008844542291121834 0.00688634683092864 0.004928151370735448 0.002969955910542256 0.001011760450349064 0.0 0.0 0.0 0.0 0.0
0.05710935403473197 0.05786769726054576 0.058626040486359554 0.05938438371217335 0.06014272693798713 0.060901070163800926 0.06165941338961472 0.06241775661542851 0.0631760998412423 0.06393444306705609 0.06469278629286988 0.06545112951868368 0.0658429503028772 0.0658429503028772 0.0658429503028772 0.0658429503028772 0.0658429503028772 0.0658429503028772 0.0658429503028772 0.0658429503028772 0.0658429503028772 0.0658429503028772 0.0658429503028772 0.0658429503028772 0.06399221765908528 0.060163009934725405 0.056333802210358996 0.05250459448599913 0.04867538676163925 0.04484617903727939 0.04101697131291951 0.037187763588559644 0.033358555864199765 0.029529348139839894 0.02570014041548002 0.02187093269112015 0.019892457608710768 0.019892457608710768 0.019892457608710768 0.019892457608710768 0.019892457608710768 0.019892457608710768 0.019892457608710768 0.019892457608710768 0.019892457608710768 0.019892457608710768 0.019892457608710768 0.019892457608710768 0.01909125574056997 0.01743355093991074 0.01577584613925151 0.01411814133859228 0.012460436537930223 0.010802731737270994 0.009145026936611764 0.007487322135952533 0.005829617335293304 0.004171912534634073 0.0025142077339748437 0.0008565029333156143 0.0 0.0 0.0 0.0 0.0
0.04675719274966437 0.04737807178041323 0.04799895081116209 0.04861982984191094 0.0492407088726598 0.04986158790340866 0.05048246693415752 0.05110334596490637 0.05172422499565523 0.05234510402640409 0.05296598305715294 0.0535868620879018 0.0539076578706508 0.0539076578706508 0.0539076578706508 0.0539076578706508 0.0539076578706508 0.0539076578706508 0.0539076578706508 0.0539076578706508 0.0539076578706508 0.0539076578706508 0.0539076578706508 0.0539076578706508 0.052392405870054753 0.04925731518880646 0.04612222450755281 0.04298713382630451 0.03985204314505621 0.036716952463807906 0.03358186178255961 0.03044677110131131 0.02731168042006301 0.024176589738814713 0.021041499057566415 0.017906408376318114 0.0162865696941582 0.0162865696941582 0.0162865696941582 0.0162865696941582 0.0162865696941582 0.0162865696941582 0.0162865696941582 0.0162865696941582 0.0162865696941582 0.0162865696941582 0.0162865696941582 0.0162865696941582 0.01563060096866242 0.014273386827537152 0.012916172686411884 0.011558958545286617 0.010201744404159035 0.008844530263033768 0.0074873161219085015 0.006130101980783235 0.004772887839657966 0.0034156736985326997 0.002058459557407433 0.0007012454162821646 0.0 0.0 0.0 0.0 0.0
0.036405031464596775 0.036888446300280694 0.03737186113596462 0.03785527597164854 0.038338690807332466 0.038822105643016386 0.03930552047870031 0.03978893531438423 0.04027235015006816 0.04075576498575208 0.041239179821436 0.04172259465711993 0.04197236543842439 0.04197236543842439 0.04197236543842439 0.04197236543842439 0.04197236543842439 0.04197236543842439 0.04197236543842439 0.04197236543842439 0.04197236543842439 0.04197236543842439 0.04197236543842439 0.04197236543842439 0.04079259408102424 0.03835162044288751 0.03591064680474662 0.03346967316660989 0.03102869952847316 0.02858772589033643 0.0261467522521997 0.023705778614062974 0.021264804975926244 0.018823831337789514 0.016382857699652788 0.013941884061516058 0.012680681779605631 0.012680681779605631 0.012680681779605631 0.012680681779605631 0.012680681779605631 0.012680681779605631 0.012680681779605631 0.012680681779605631 0.012680681779605631 0.012680681779605631 0.012680681779605631 0.012680681779605631 0.012169946196754867 0.011113222715163563 0.010056499233572257 0.008999775751980953 0.007943052270387847 0.006886328788796542 0.005829605307205237 0.004772881825613933 0.003716158344022627 0.002659434862431323 0.001602711380840019 0.0005459878992487132 0.0 0.0 0.0 0.0 0.0
0.026052870179529175 0.026398820820148165 0.02674477146076715 0.02709072210138614 0.02743667274200513 0.027782623382624116 0.028128574023243105 0.02847452466386209 0.02882047530448108 0.02916642594510007 0.029512376585719056 0.029858327226338046 0.03003707300619798 0.03003707300619798 0.03003707300619798 0.03003707300619798 0.03003707300619798 0.03003707300619798 0.03003707300619798 0.03003707300619798 0.03003707300619798 0.03003707300619798 0.03003707300619798 0.03003707300619798 0.029192782291993718 0.02744592569696856 0.025699069101940423 0.023952212506915267 0.022205355911890108 0.020458499316864956 0.018711642721839797 0.016964786126814638 0.015217929531789484 0.013471072936764326 0.01172421634173917 0.009977359746714012 0.009074793865053063 0.009074793865053063 0.009074793865053063 0.009074793865053063 0.009074793865053063 0.009074793865053063 0.009074793865053063 0.009074793865053063 0.009074793865053063 0.009074793865053063 0.009074793865053063 0.009074793865053063 0.008709291424847316 0.007953058602789973 0.007196825780732632 0.0064405929586752895 0.005684360136616658 0.004928127314559316 0.004171894492501974 0.0034156616704446316 0.0026594288483872894 0.0019031960263299471 0.0011469632042726049 0.0003907303822152635 0.0 0.0 0.0 0.0 0.0
0.01570070889446158 0.01590919534001563 0.016117681785569684 0.01632616823112374 0.016534654676677793 0.016743141122231846 0.0169516275677859 0.01716011401333995 0.017368600458894004 0.01757708690444806 0.017785573350002113 0.017994059795556166 0.01810178057397157 0.01810178057397157 0.01810178057397157 0.01810178057397157 0.01810178057397157 0.01810178057397157 0.01810178057397157 0.01810178057397157 0.01810178057397157 0.01810178057397157 0.01810178057397157 0.01810178057397157 0.017592970502963195 0.01654023095104961 0.015487491399134228 0.014434751847220643 0.013382012295307059 0.012329272743393474 0.01127653319147989 0.010223793639566303 0.009171054087652718 0.008118314535739133 0.007065574983825549 0.006012835431911962 0.005468905950500495 0.005468905950500495 0.005468905950500495 0.005468905950500495 0.005468905950500495 0.005468905950500495 0.005468905950500495 0.005468905950500495 0.005468905950500495 0.005468905950500495 0.005468905950500495 0.005468905950500495 0.005248636652939765 0.004792894490416385 0.004337152327893006 0.003881410165369626 0.0034256680028454697 0.00296992584032209 0.002514183677798711 0.0020584415152753313 0.0016026993527519517 0.0011469571902285721 0.0006912150277051934 0.0002354728651818138 0.0 0.0 0.0 0.0 0.0
0.005348547609393983 0.0054195698598831004 0.005490592110372219 0.005561614360861338 0.005632636611350456 0.005703658861839575 0.005774681112328693 0.005845703362817811 0.00591672561330693 0.0059877478637960484 0.006058770114285167 0.006129792364774286 0.0061664881417451585 0.0061664881417451585 0.0061664881417451585 0.0061664881417451585 0.0061664881417451585 0.0061664881417451585 0.0061664881417451585 0.0061664881417451585 0.0061664881417451585 0.0061664881417451585 0.0061664881417451585 0.0061664881417451585 0.0059931587139326736 0.00563453620513066 0.005275913696328034 0.0049172911875260215 0.004558668678724008 0.004200046169921995 0.0038414236611199813 0.003482801152317968 0.0031241786435159545 0.002765556134713941 0.0024069336259119277 0.0020483111171099144 0.001863018035947926 0.001863018035947926 0.001863018035947926 0.001863018035947926 0.001863018035947926 0.001863018035947926 0.001863018035947926 0.001863018035947926 0.001863018035947926 0.001863018035947926 0.001863018035947926 0.001863018035947926 0.0017879818810322128 0.001632730378042796 0.001477478875053379 0.0013222273720639624 0.0011669758690742806 0.0010117243660848641 0.0008564728630954472 0.0007012213601060304 0.0005459698571166135 0.0003907183541271967 0.00023546685113777998 8.021534814836324e-05 0.0 0.0 0.0 0.0 0.0
0.0 0.0 0.0 0.0 0.0 0.0 0.0 0.0 0.0 0.0 0.0 0.0 0.0 0.0 0.0 0.0 0.0 0.0 0.0 0.0 0.0 0.0 0.0 0.0 0.0 0.0 0.0 0.0 0.0 0.0 0.0 0.0 0.0 0.0 0.0 0.0 0.0 0.0 0.0 0.0 0.0 0.0 0.0 0.0 0.0 0.0 0.0 0.0 0.0 0.0 0.0 0.0 0.0 0.0 0.0 0.0 0.0 0.0 0.0 0.0 0.0 0.0 0.0 0.0 0.0
0.0 0.0 0.0 0.0 0.0 0.0 0.0 0.0 0.0 0.0 0.0 0.0 0.0 0.0 0.0 0.0 0.0 0.0 0.0 0.0 0.0 0.0 0.0 0.0 0.0 0.0 0.0 0.0 0.0 0.0 0.0 0.0 0.0 0.0 0.0 0.0 0.0 0.0 0.0 0.0 0.0 0.0 0.0 0.0 0.0 0.0 0.0 0.0 0.0 0.0 0.0 0.0 0.0 0.0 0.0 0.0 0.0 0.0 0.0 0.0 0.0 0.0 0.0 0.0 0.0
0.0 0.0 0.0 0.0 0.0 0.0 0.0 0.0 0.0 0.0 0.0 0.0 0.0 0.0 0.0 0.0 0.0 0.0 0.0 0.0 0.0 0.0 0.0 0.0 0.0 0.0 0.0 0.0 0.0 0.0 0.0 0.0 0.0 0.0 0.0 0.0 0.0 0.0 0.0 0.0 0.0 0.0 0.0 0.0 0.0 0.0 0.0 0.0 0.0 0.0 0.0 0.0 0.0 0.0 0.0 0.0 0.0 0.0 0.0 0.0 0.0 0.0 0.0 0.0 0.0
0.0 0.0 0.0 0.0 0.0 0.0 0.0 0.0 0.0 0.0 0.0 0.0 0.0 0.0 0.0 0.0 0.0 0.0 0.0 0.0 0.0 0.0 0.0 0.0 0.0 0.0 0.0 0.0 0.0 0.0 0.0 0.0 0.0 0.0 0.0 0.0 0.0 0.0 0.0 0.0 0.0 0.0 0.0 0.0 0.0 0.0 0.0 0.0 0.0 0.0 0.0 0.0 0.0 0.0 0.0 0.0 0.0 0.0 0.0 0.0 0.0 0.0 0.0 0.0 0.0
0.0 0.0 0.0 0.0 0.0 0.0 0.0 0.0 0.0 0.0 0.0 0.0 0.0 0.0 0.0 0.0 0.0 0.0 0.0 0.0 0.0 0.0 0.0 0.0 0.0 0.0 0.0 0.0 0.0 0.0 0.0 0.0 0.0 0.0 0.0 0.0 0.0 0.0 0.0 0.0 0.0 0.0 0.0 0.0 0.0 0.0 0.0 0.0 0.0 0.0 0.0 0.0 0.0 0.0 0.0 0.0 0.0 0.0 0.0 0.0 0.0 0.0 0.0 0.0 0.0
0.0 0.0 0.0 0.0 0.0 0.0 0.0 0.0 0.0 0.0 0.0 0.0 0.0 0.0 0.0 0.0 0.0 0.0 0.0 0.0 0.0 0.0 0.0 0.0 0.0 0.0 0.0 0.0 0.0 0.0 0.0 0.0 0.0 0.0 0.0 0.0 0.0 0.0 0.0 0.0 0.0 0.0 0.0 0.0 0.0 0.0 0.0 0.0 0.0 0.0 0.0 0.0 0.0 0.0 0.0 0.0 0.0 0.0 0.0 0.0 0.0 0.0 0.0 0.0 0.0
0.0 0.0 0.0 0.0 0.0 0.0 0.0 0.0 0.0 0.0 0.0 0.0 0.0 0.0 0.0 0.0 0.0 0.0 0.0 0.0 0.0 0.0 0.0 0.0 0.0 0.0 0.0 0.0 0.0 0.0 0.0 0.0 0.0 0.0 0.0 0.0 0.0 0.0 0.0 0.0 0.0 0.0 0.0 0.0 0.0 0.0 0.0 0.0 0.0 0.0 0.0 0.0 0.0 0.0 0.0 0.0 0.0 0.0 0.0 0.0 0.0 0.0 0.0 0.0 0.0
0.0 0.0 0.0 0.0 0.0 0.0 0.0 0.0 0.0 0.0 0.0 0.0 0.0 0.0 0.0 0.0 0.0 0.0 0.0 0.0 0.0 0.0 0.0 0.0 0.0 0.0 0.0 0.0 0.0 0.0 0.0 0.0 0.0 0.0 0.0 0.0 0.0 0.0 0.0 0.0 0.0 0.0 0.0 0.0 0.0 0.0 0.0 0.0 0.0 0.0 0.0 0.0 0.0 0.0 0.0 0.0 0.0 0.0 0.0 0.0 0.0 0.0 0.0 0.0 0.0
0.0 0.0 0.0 0.0 0.0 0.0 0.0 0.0 0.0 0.0 0.0 0.0 0.0 0.0 0.0 0.0 0.0 0.0 0.0 0.0 0.0 0.0 0.0 0.0 0.0 0.0 0.0 0.0 0.0 0.0 0.0 0.0 0.0 0.0 0.0 0.0 0.0 0.0 0.0 0.0 0.0 0.0 0.0 0.0 0.0 0.0 0.0 0.0 0.0 0.0 0.0 0.0 0.0 0.0 0.0 0.0 0.0 0.0 0.0 0.0 0.0 0.0 0.0 0.0 0.0
0.0 0.0 0.0 0.0 0.0 0.0 0.0 0.0 0.0 0.0 0.0 0.0 0.0 0.0 0.0 0.0 0.0 0.0 0.0 0.0 0.0 0.0 0.0 0.0 0.0 0.0 0.0 0.0 0.0 0.0 0.0 0.0 0.0 0.0 0.0 0.0 0.0 0.0 0.0 0.0 0.0 0.0 0.0 0.0 0.0 0.0 0.0 0.0 0.0 0.0 0.0 0.0 0.0 0.0 0.0 0.0 0.0 0.0 0.0 0.0 0.0 0.0 0.0 0.0 0.0
0.0 0.0 0.0 0.0 0.0 0.0 0.0 0.0 0.0 0.0 0.0 0.0 0.0 0.0 0.0 0.0 0.0 0.0 0.0 0.0 0.0 0.0 0.0 0.0 0.0 0.0 0.0 0.0 0.0 0.0 0.0 0.0 0.0 0.0 0.0 0.0 0.0 0.0 0.0 0.0 0.0 0.0 0.0 0.0 0.0 0.0 0.0 0.0 0.0 0.0 0.0 0.0 0.0 0.0 0.0 0.0 0.0 0.0 0.0 0.0 0.0 0.0 0.0 0.0 0.0
