Figures/CREST_Example_wjb_NSE/Rolling_result/20100722/BJP_forecast/ens_5/wjb.rain.20100722.asc
ncols            288
nrows            254
xllcorner        113.274861
yllcorner        31.4918055
cellsize         0.008333333333
NODATA_value     -9999
[rows 120 to 139 of 254, columns 45 to 89 of 288]
39.04219345578204 39.8548562249939 40.66751899420576 41.48018176341762 42.29284453262947 43.105507301841335 43.459631179459265 43.32356661785314 43.18750205624725 43.051437494641355 42.91537293303547 42.77930837142958 42.64324380982369 42.507179248217795 42.371114686611904 42.23505012500601 42.09898556340012 41.962921001794236 42.24709954886473 42.98052747850312 43.71395540814275 44.44738333778114 45.18081126741952 45.91423919705791 46.64766712669629 47.38109505633468 48.11452298597306 48.84795091561145 49.58137884524983 50.31480677488822 50.7963675517681 51.00867664849509 51.22098574522209 51.43329484194944 51.64560393867643 51.85791303540343 52.07022213213042 52.282531228857415 52.494840325584406 52.7071494223114 52.91945851903839 53.13176761576539 53.32297862304057 53.4916352956929 53.660291968345234
39.819821585774115 40.5766126042841 41.333403622794094 42.09019464130408 42.846985659814074 43.60377667832406 43.94912934659417 43.85464511893618 43.76016089127836 43.66567666362054 43.57119243596271 43.476708208304885 43.38222398064706 43.28773975298923 43.19325552533141 43.09877129767358 43.00428707001576 42.909802842357934 43.20650267985358 43.921387125525456 44.63627157119855 45.35115601687042 46.0660404625423 46.78092490821417 47.495809353886045 48.210693799557916 48.92557824522979 49.640462690901664 50.355347136573535 51.07023158224541 51.52678240193929 51.70716873542384 51.8875550689084 52.06794140239325 52.24832773587781 52.42871406936236 52.609100402846906 52.78948673633146 52.96987306981601 53.150259403300566 53.330645736785115 53.511032070269664 53.68376451789141 53.84831478848196 54.01286505907251
40.239074730066356 40.92935208811889 41.619629446171416 42.30990680422395 43.000184162276476 43.69046152032901 44.0469281894716 44.04654368722457 44.04615918497754 44.04577468273051 44.04539018048348 44.04500567823646 44.04462117598943 44.0442366737424 44.04385217149537 44.043467669248344 44.04308316700131 44.04269866475428 44.366266688961844 45.03614728674001 45.706027884519315 46.37590848229748 47.04578908007564 47.71566967785381 48.38555027563197 49.05543087341014 49.725311471188306 50.395192068966466 51.06507266674463 51.734953264522794 52.1572934164114 52.31500723560205 52.4727210547927 52.630434873983624 52.78814869317427 52.945862512364926 53.10357633155557 53.26129015074623 53.419003969936874 53.57671778912753 53.73443160831818 53.89214542750883 54.03326502627556 54.15664502823657 54.28002503019757
40.658327874358605 41.28209157195368 41.905855269548745 42.52961896714381 43.153382664738885 43.77714636233395 44.144727032349024 44.23844225551295 44.33215747867672 44.42587270184049 44.51958792500426 44.61330314816803 44.70701837133179 44.80073359449556 44.89444881765933 44.9881640408231 45.08187926398687 45.17559448715064 45.52603069807011 46.150907447954566 46.77578419784009 47.40066094772454 48.025537697608996 48.65041444749345 49.27529119737791 49.90016794726236 50.52504469714682 51.149921447031275 51.774798196915725 52.39967494680018 52.787804430883504 52.92284573578026 53.057887040677 53.19292834557398 53.327969650470735 53.46301095536749 53.59805226026424 53.733093565160985 53.86813487005774 54.00317617495449 54.138217479851235 54.27325878474799 54.382765534659704 54.464975267991164 54.547185001322624
41.07758101865121 41.634831055788766 42.192081092926315 42.749331130063865 43.306581167201415 43.86383120433897 44.242525875226534 44.430340823801494 44.61815577237614 44.80597072095079 44.99378566952544 45.181600618100084 45.369415566674725 45.55723051524937 45.74504546382402 45.93286041239867 46.120675360973316 46.30849030954796 46.68579470717937 47.26566760917007 47.84554051116177 48.42541341315248 49.00528631514319 49.58515921713389 50.1650321191246 50.74490502111531 51.32477792310601 51.904650825096724 52.48452372708743 53.06439662907813 53.41831544535615 53.53068423595898 53.64305302656181 53.75542181716483 53.86779060776766 53.98015939837049 54.09252818897332 54.204896979576155 54.317265770178984 54.429634560781814 54.54200335138464 54.65437214198747 54.73226604304415 54.77330550774603 54.81434497244791
41.49683416294345 41.98757053962354 42.47830691630364 42.96904329298373 43.45977966966382 43.95051604634391 44.34032471810395 44.622239392089874 44.904154066075314 45.18606874006076 45.4679834140462 45.74989808803164 46.03181276201709 46.31372743600253 46.59564210998798 46.87755678397342 47.159471457958865 47.441386131944306 47.84555871628763 48.38042777038462 48.91529682448253 49.45016587857953 49.985034932676534 50.51990398677353 51.05477304087053 51.58964209496753 52.124511149064524 52.659380203161525 53.19424925725852 53.72911831135552 54.048826459828256 54.13852273613718 54.22821901244611 54.317915288755195 54.40761156506413 54.49730784137306 54.587004117681985 54.67670039399092 54.76639667029985 54.856092946608776 54.94578922291771 55.03548549922664 55.081766551428295 55.081635747500634 55.081504943572966
41.9160873072357 42.34031002345833 42.76453273968096 43.18875545590359 43.61297817212622 44.037200888348856 44.438123560981374 44.814137960378254 45.190152359774494 45.566166759170734 45.942181158566974 46.318195557963215 46.694209957359455 47.070224356755695 47.446238756151935 47.82225315554818 48.19826755494442 48.57428195434066 49.00532272539589 49.49518793159918 49.985053137803305 50.474918344006596 50.96478355020988 51.45464875641317 51.94451396261646 52.43437916881975 52.924244375023044 53.41410958122633 53.90397478742962 54.39383999363291 54.67933747430036 54.74636123631539 54.81338499833042 54.88040876034556 54.94743252236059 55.014456284375626 55.08148004639065 55.148503808405685 55.21552757042071 55.282551332435744 55.34957509445077 55.416598856465804 55.43126705981244 55.38996598725524 55.34866491469803
42.33534045152795 42.69304950729312 43.05075856305829 43.40846761882346 43.76617667458863 44.1238857303538 44.5359224038588 45.00603652866664 45.476150653473674 45.946264778280714 46.416378903087754 46.88649302789479 47.35660715270183 47.82672127750887 48.2968354023159 48.76694952712294 49.23706365192997 49.70717777673701 50.16508673450416 50.60994809281374 51.05480945112407 51.49967080943365 51.94453216774323 52.389393526052814 52.834254884362394 53.279116242671975 53.723977600981556 54.168838959291136 54.61370031760072 55.0585616759103 55.30984848877247 55.35419973649359 55.39855098421472 55.442902231935925 55.487253479657056 55.53160472737819 55.57595597509931 55.62030722282044 55.664658470541575 55.7090097182627 55.75336096598383 55.79771221370496 55.78076756819659 55.698296227009834 55.61582488582308
42.7545935958202 43.04578899112791 43.33698438643562 43.62817978174333 43.91937517705104 44.21057057235875 44.63372124673622 45.19793509695502 45.762148947172854 46.32636279739069 46.890576647608526 47.45479049782636 48.01900434804419 48.58321819826203 49.147432048479864 49.7116458986977 50.27585974891553 50.84007359913337 51.32485074361242 51.72470825402829 52.124565764444846 52.524423274860716 52.924280785276586 53.32413829569246 53.72399580610833 54.1238533165242 54.52371082694007 54.92356833735594 55.32342584777181 55.72328335818768 55.94035950324457 55.962038236671795 55.983716970099024 56.00539570352629 56.02707443695352 56.04875317038075 56.07043190380798 56.09211063723521 56.11378937066244 56.13546810408967 56.1571468375169 56.17882557094413 56.130268076580734 56.00662646676444 55.88298485694814
43.17384674011244 43.39852847496269 43.62321020981294 43.84789194466319 44.07257367951344 44.29725541436369 44.73152008961365 45.38983366524341 46.048147240872034 46.706460816500666 47.3647743921293 48.02308796775793 48.68140154338656 49.339715119015196 49.99802869464382 50.656342270272454 51.314655845901086 51.97296942152972 52.48461475272069 52.83946841524285 53.19432207776561 53.54917574028778 53.90402940280994 54.2588830653321 54.61373672785427 54.96859039037643 55.32344405289859 55.67829771542075 56.033151377942914 56.388005040465075 56.57087051771668 56.56987673685001 56.56888295598334 56.56788917511666 56.56689539424999 56.56590161338332 56.564907832516646 56.563914051649974 56.5629202707833 56.56192648991663 56.56093270904996 56.559938928183286 56.47976858496488 56.31495670651904 56.1501448280732
43.593099884404694 43.75126795879748 43.90943603319027 44.06760410758306 44.22577218197585 44.38394025636863 44.82931893249108 45.58173223353179 46.33414553457121 47.086558835610646 47.83897213665007 48.5913854376895 49.34379873872893 50.09621203976836 50.848625340807786 51.60103864184722 52.35345194288664 53.105865243926075 53.64437876182895 53.9542285764574 54.264078391086386 54.573928205714836 54.88377802034329 55.19362783497174 55.5034776496002 55.81332746422865 56.1231772788571 56.433027093485556 56.742876908114006 57.05272672274246 57.20138153218878 57.17771523702822 57.15404894186764 57.13038264670703 57.10671635154646 57.083050056385886 57.05938376122531 57.03571746606474 57.01205117090417 56.9883848757436 56.964718580583025 56.94105228542245 56.82926909334903 56.623286946273645 56.41730479919826
44.01235302869729 44.104007442632565 44.19566185656784 44.287316270503105 44.37897068443838 44.47062509837365 44.927117775368586 45.77363080182033 46.62014382827064 47.466656854720945 48.31316988117125 49.15968290762156 50.00619593407186 50.85270896052217 51.699221986972475 52.545735013422785 53.39224803987309 54.23876106632339 54.804142770938206 55.06898873767291 55.33383470440807 55.59868067114277 55.86352663787748 56.12837260461218 56.393218571346885 56.6580645380816 56.9229105048163 57.187756471551005 57.45260243828571 57.71744840502041 57.83189254666143 57.78555373720694 57.73921492775245 57.692876118297875 57.646537308843385 57.60019849938889 57.5538596899344 57.50752088047991 57.46118207102542 57.41484326157092 57.36850445211643 57.32216564266194 57.17876960173347 56.93161718602851 56.68446477032355
44.43160617298954 44.456746926467346 44.48188767994516 44.50702843342297 44.53216918690078 44.55730994037859 45.024916618246 45.96552937010871 46.906142121969815 47.84675487383092 48.78736762569202 49.72798037755312 50.668593129414226 51.60920588127533 52.54981863313644 53.490431384997535 54.431044136858645 55.37165688871975 55.96390678004647 56.183748898887465 56.403591017728836 56.62343313656984 56.84327525541083 57.063117374251824 57.28295949309282 57.50280161193382 57.72264373077481 57.94248584961581 58.16232796845681 58.3821700872978 58.462403561133534 58.39339223738514 58.32438091363675 58.25536958988824 58.18635826613985 58.11734694239146 58.04833561864306 57.97932429489467 57.910312971146276 57.841301647397884 57.77229032364949 57.703278999901094 57.52827011011762 57.23994742578311 56.951624741448605
45.09765295705433 45.135133190099005 45.17261342314368 45.21009365618836 45.24757388923304 45.285054122277714 45.760900001433 46.70536866442695 47.649837327419284 48.59430599041162 49.538774653403955 50.48324331639629 51.427711979388626 52.37218064238096 53.316649305373296 54.26111796836563 55.20558663135797 56.1500552943503 56.72310773897176 56.899107850470244 57.075107961969024 57.2511080734675 57.42710818496598 57.60310829646446 57.77910840796294 57.95510851946142 58.1311086309599 58.307108742458375 58.48310885395686 58.65910896545534 58.71277851807648 58.63567393778263 58.55856935748878 58.481464777194795 58.40436019690094 58.32725561660709 58.25015103631324 58.173046456019385 58.095941875725536 58.01883729543168 57.94173271513783 57.864628134843976 57.67368212808084 57.361037062623616 57.048391997166384
46.02750658403292 46.16161533238635 46.295724080739774 46.4298328290932 46.56394157744663 46.698050325800054 47.17906242671617 48.03092205239466 48.882781678071694 49.73464130374873 50.58650092942576 51.4383605551028 52.290220180779826 53.14207980645686 53.9939394321339 54.84579905781093 55.697658683487965 56.549518309164995 57.0541320489604 57.18753208742254 57.3209321258849 57.45433216434704 57.58773220280918 57.72113224127131 57.854532279733455 57.98793231819559 58.12133235665773 58.254732395119866 58.388132433582 58.52153247204414 58.55681199350115 58.48719846411072 58.41758493472028 58.34797140532973 58.27835787593929 58.20874434654886 58.139130817158424 58.069517287767994 57.999903758377556 57.930290228987126 57.86067669959669 57.79106317020626 57.600936415631715 57.281978298696714 56.96302018176171
46.95736021101151 47.18809747467368 47.41883473833585 47.64957200199803 47.8803092656602 48.11104652932237 48.597224851999336 49.35647544036236 50.11572602872409 50.87497661708583 51.63422720544756 52.39347779380929 53.15272838217102 53.91197897053276 54.67122955889449 55.43048014725622 56.18973073561795 56.94898132397968 57.38515635894903 57.47595632437483 57.56675628980078 57.657556255226574 57.74835622065237 57.83915618607817 57.929956151503966 58.02075611692976 58.111556082355555 58.20235604778135 58.293156013207145 58.38395597863295 58.40084546892582 58.338722990438804 58.27660051195179 58.214478033464665 58.152355554977646 58.090233076490634 58.028110598003614 57.9659881195166 57.90386564102958 57.84174316254256 57.77962068405555 57.71749820556853 57.52819070318258 57.20291953476981 56.87764836635704
47.8872138379901 48.21457961696102 48.54194539593194 48.86931117490286 49.196676953873784 49.524042732844705 50.0153872772825 50.68202882833007 51.3486703793765 52.01531193042293 52.68195348146936 53.34859503251579 54.01523658356222 54.68187813460865 55.348519685655084 56.01516123670151 56.68180278774794 57.34844433879437 57.71618066893767 57.76438056132712 57.812580453716656 57.86078034610611 57.908980238495566 57.95718013088502 58.005380023274476 58.05357991566393 58.10177980805339 58.14997970044284 58.1981795928323 58.24637948522175 58.24487894435049 58.190247516766895 58.135616089183294 58.0809846615996 58.026353234016 57.9717218064324 57.917090378848805 57.862458951265204 57.8078275236816 57.753196096098 57.6985646685144 57.64393324093081 57.45544499073345 57.12386077084291 56.792276550952366
48.81706746496948 49.241061759249234 49.665056053528986 50.08905034780874 50.51304464208849 50.93703893636823 51.43354970256687 52.0075822162989 52.581614730029955 53.155647243761 53.72967975749205 54.303712271223105 54.87774478495415 55.45177729868521 56.025809812416256 56.599842326147304 57.17387483987836 57.747907353609406 58.04720497892659 58.05280479827966 58.058404617632746 58.06400443698582 58.0696042563389 58.07520407569197 58.08080389504505 58.086403714398124 58.0920035337512 58.097603353104276 58.103203172457356 58.10880299181043 58.08891241977502 58.041772043094845 57.99463166641467 57.947491289734415 57.90035091305424 57.853210536374064 57.80607015969389 57.75892978301371 57.71178940633354 57.66464902965336 57.617508652973186 57.57036827629302 57.38269927828425 57.04480200691594 56.70690473554762
49.74692109194807 50.26754390153657 50.78816671112507 51.30878952071357 51.82941233030206 52.350035139890565 52.85171212785004 53.33313560426661 53.81455908068236 54.29598255709811 54.777406033513856 55.258829509929605 55.740252986345354 56.2216764627611 56.70309993917685 57.184523415592594 57.66594689200835 58.14737036842409 58.378229288915215 58.341229035231954 58.30422878154862 58.267228527865356 58.23022827418209 58.19322802049883 58.15622776681556 58.119227513132294 58.08222725944903 58.04522700576577 58.0082267520825 57.97122649839923 57.932945895199694 57.89329656942294 57.85364724364618 57.81399791786935 57.77434859209259 57.734699266315836 57.69504994053908 57.65540061476232 57.615751288985564 57.57610196320881 57.53645263743205 57.49680331165529 57.30995356583512 56.965743242989035 56.62153292014295
50.676774718926666 51.29402604382391 51.91127736872116 52.528528693618405 53.14578001851565 53.7630313434129 54.26987455313321 54.65868899223432 55.04750343133476 55.43631787043521 55.82513230953566 56.213946748636104 56.602761187736554 56.991575626837 57.38039006593745 57.7692045050379 58.15801894413834 58.54683338323879 58.70925359890386 58.62965327218425 58.55005294546451 58.4704526187449 58.39085229202529 58.31125196530568 58.23165163858607 58.152051311866465 58.07245098514686 57.99285065842725 57.913250331707644 57.83365000498804 57.77697937062436 57.74482109575102 57.71266282087768 57.680504546004286 57.64834627113095 57.61618799625761 57.58402972138427 57.55187144651093 57.51971317163759 57.48755489676425 57.45539662189091 57.423238347017566 57.23720785338599 56.88668447906213 56.53616110473828
