Figures/CREST_Example_wjb_NSE/Rolling_result/20100722/BJP_forecast/ens_5/wjb.rain.20100724.asc
ncols            288
nrows            254
xllcorner        113.274861
yllcorner        31.4918055
cellsize         0.008333333333
NODATA_value     -9999
[rows 40 to 59 of 254, columns 132 to 175 of 288]
6.513595125755032 6.635543886940546 6.757492648126061 3.8421367388717433 3.8421367388717433 3.8421367388717433 3.8421367388717433 3.8421367388717433 3.8421367388717433 3.8421367388717433 3.8421367388717433 -9999.0 -9999.0 -9999.0 -9999.0 -9999.0 -9999.0 -9999.0 -9999.0 -9999.0 -9999.0 -9999.0 -9999.0 -9999.0 -9999.0 -9999.0 -9999.0 -9999.0 -9999.0 -9999.0 -9999.0 -9999.0 -9999.0 -9999.0 -9999.0 -9999.0 -9999.0 -9999.0 -9999.0 -9999.0 -9999.0 -9999.0 -9999.0 -9999.0
6.596116244319825 6.730610127627256 6.865104010934686 3.8421367388717433 3.8421367388717433 3.8421367388717433 3.8421367388717433 3.8421367388717433 3.8421367388717433 3.8421367388717433 3.8421367388717433 3.8421367388717433 -9999.0 -9999.0 -9999.0 3.8421367388717433 3.8421367388717433 -9999.0 -9999.0 -9999.0 -9999.0 -9999.0 -9999.0 -9999.0 -9999.0 -9999.0 -9999.0 -9999.0 -9999.0 -9999.0 -9999.0 -9999.0 -9999.0 -9999.0 -9999.0 -9999.0 -9999.0 -9999.0 -9999.0 -9999.0 -9999.0 -9999.0 -9999.0 -9999.0
6.6786373628846185 6.825676368313964 6.972715373743309 3.8421367388717433 3.8421367388717433 3.8421367388717433 3.8421367388717433 3.8421367388717433 3.8421367388717433 3.8421367388717433 3.8421367388717433 3.8421367388717433 3.8421367388717433 3.8421367388717433 3.8421367388717433 3.8421367388717433 3.8421367388717433 -9999.0 -9999.0 3.8421367388717433 3.8421367388717433 3.8421367388717433 3.8421367388717433 -9999.0 -9999.0 -9999.0 -9999.0 -9999.0 -9999.0 -9999.0 -9999.0 -9999.0 -9999.0 -9999.0 -9999.0 -9999.0 -9999.0 -9999.0 -9999.0 -9999.0 -9999.0 -9999.0 -9999.0 -9999.0
6.761158481449412 6.920742609000673 7.0803267365519345 3.8421367388717433 3.8421367388717433 3.8421367388717433 3.8421367388717433 3.8421367388717433 3.8421367388717433 3.8421367388717433 3.8421367388717433 3.8421367388717433 3.8421367388717433 3.8421367388717433 3.8421367388717433 3.8421367388717433 3.8421367388717433 3.8421367388717433 3.8421367388717433 3.8421367388717433 3.8421367388717433 3.8421367388717433 3.8421367388717433 3.8421367388717433 -9999.0 -9999.0 -9999.0 -9999.0 -9999.0 -9999.0 -9999.0 -9999.0 -9999.0 -9999.0 -9999.0 -9999.0 -9999.0 -9999.0 -9999.0 -9999.0 -9999.0 -9999.0 -9999.0 -9999.0
6.843679600014206 7.0158088496873825 7.187938099360559 3.8421367388717433 3.8421367388717433 3.8421367388717433 3.8421367388717433 3.8421367388717433 3.8421367388717433 3.8421367388717433 3.8421367388717433 3.8421367388717433 3.8421367388717433 3.8421367388717433 3.8421367388717433 3.8421367388717433 3.8421367388717433 3.8421367388717433 3.8421367388717433 3.8421367388717433 3.8421367388717433 3.8421367388717433 3.8421367388717433 3.8421367388717433 3.8421367388717433 -9999.0 -9999.0 -9999.0 -9999.0 -9999.0 -9999.0 -9999.0 -9999.0 -9999.0 -9999.0 -9999.0 -9999.0 -9999.0 -9999.0 -9999.0 -9999.0 -9999.0 -9999.0 -9999.0
6.926200718578999 7.1108750903740905 7.295549462169182 3.8421367388717433 3.8421367388717433 3.8421367388717433 3.8421367388717433 3.8421367388717433 3.8421367388717433 3.8421367388717433 3.8421367388717433 3.8421367388717433 3.8421367388717433 3.8421367388717433 3.8421367388717433 3.8421367388717433 3.8421367388717433 3.8421367388717433 3.8421367388717433 3.8421367388717433 3.8421367388717433 3.8421367388717433 3.8421367388717433 3.8421367388717433 3.8421367388717433 -9999.0 3.8421367388717433 3.8421367388717433 3.8421367388717433 -9999.0 -9999.0 -9999.0 -9999.0 -9999.0 -9999.0 -9999.0 -9999.0 -9999.0 -9999.0 -9999.0 -9999.0 -9999.0 -9999.0 -9999.0
7.008721837143862 7.205941331060881 7.403160824977899 3.8421367388717433 3.8421367388717433 3.8421367388717433 3.8421367388717433 3.8421367388717433 3.8421367388717433 3.8421367388717433 3.8421367388717433 3.8421367388717433 3.8421367388717433 3.8421367388717433 3.8421367388717433 3.8421367388717433 3.8421367388717433 3.8421367388717433 3.8421367388717433 3.8421367388717433 3.8421367388717433 3.8421367388717433 3.8421367388717433 3.8421367388717433 3.8421367388717433 3.8421367388717433 3.8421367388717433 3.8421367388717433 3.8421367388717433 -9999.0 -9999.0 -9999.0 -9999.0 -9999.0 -9999.0 -9999.0 -9999.0 -9999.0 -9999.0 -9999.0 -9999.0 -9999.0 -9999.0 -9999.0
7.0912429557086565 7.30100757174759 7.5107721877865234 3.8421367388717433 3.8421367388717433 3.8421367388717433 3.8421367388717433 3.8421367388717433 3.8421367388717433 3.8421367388717433 3.8421367388717433 3.8421367388717433 3.8421367388717433 3.8421367388717433 3.8421367388717433 3.8421367388717433 3.8421367388717433 3.8421367388717433 3.8421367388717433 3.8421367388717433 3.8421367388717433 3.8421367388717433 3.8421367388717433 3.8421367388717433 3.8421367388717433 3.8421367388717433 3.8421367388717433 3.8421367388717433 -9999.0 -9999.0 -9999.0 -9999.0 -9999.0 -9999.0 -9999.0 -9999.0 -9999.0 -9999.0 -9999.0 -9999.0 -9999.0 -9999.0 -9999.0 -9999.0
7.173764074273449 7.396073812434298 7.618383550595147 3.8421367388717433 3.8421367388717433 3.8421367388717433 3.8421367388717433 3.8421367388717433 3.8421367388717433 3.8421367388717433 3.8421367388717433 3.8421367388717433 3.8421367388717433 3.8421367388717433 3.8421367388717433 3.8421367388717433 3.8421367388717433 3.8421367388717433 3.8421367388717433 3.8421367388717433 3.8421367388717433 3.8421367388717433 3.8421367388717433 3.8421367388717433 3.8421367388717433 3.8421367388717433 3.8421367388717433 3.8421367388717433 3.8421367388717433 3.8421367388717433 3.8421367388717433 -9999.0 -9999.0 -9999.0 -9999.0 -9999.0 -9999.0 -9999.0 -9999.0 -9999.0 -9999.0 -9999.0 -9999.0 -9999.0
7.088140040278777 7.312010092072004 7.535880143865231 7.807253681775372 8.129409520723605 8.45156535967184 8.773721198620073 9.095877037568307 9.418032876516541 9.740188715464775 10.06234455441301 10.384500393361792 10.706656232310026 11.02881207125826 11.350967910206494 11.671897471066835 11.991516112914159 12.311134754761483 12.630753396608807 12.95037203845613 13.269990680303454 13.589609322150778 13.909227963998102 14.228846605845426 14.548465247693295 14.86808388954062 15.187702531387943 3.8421367388717433 3.8421367388717433 3.8421367388717433 3.8421367388717433 3.8421367388717433 3.8421367388717433 3.8421367388717433 -9999.0 -9999.0 -9999.0 -9999.0 -9999.0 -9999.0 -9999.0 -9999.0 -9999.0 -9999.0
6.822779440576948 7.036467738373445 7.250156036169942 7.525120876277774 7.8655917259986525 8.20606257571953 8.546533425440408 8.887004275161287 9.227475124882165 9.567945974603044 9.908416824323922 10.248887674045381 10.58935852376626 10.929829373487138 11.270300223208016 11.593684366217845 11.898802433271067 12.203920500324289 12.50903856737751 12.81415663443073 13.119274701483953 13.424392768537174 13.729510835590396 14.034628902643618 14.33974696969736 14.64486503675058 14.949983103803802 3.8421367388717433 3.8421367388717433 3.8421367388717433 3.8421367388717433 3.8421367388717433 3.8421367388717433 3.8421367388717433 3.8421367388717433 3.8421367388717433 3.8421367388717433 -9999.0 -9999.0 -9999.0 -9999.0 -9999.0 -9999.0 -9999.0
6.557418840875119 6.760925384674885 6.964431928474651 7.242988070780176 7.601773931273698 7.960559791767221 8.319345652260743 8.678131512754266 9.036917373247789 9.395703233741312 9.754489094234835 10.113274954728968 10.472060815222491 10.830846675716014 11.189632536209537 11.515471261368853 11.806088753627973 12.096706245887091 12.387323738146211 12.677941230405331 12.96855872266445 13.259176214923569 13.549793707182689 13.840411199441808 14.131028691701424 14.421646183960542 14.712263676219662 3.8421367388717433 3.8421367388717433 3.8421367388717433 3.8421367388717433 3.8421367388717433 3.8421367388717433 3.8421367388717433 3.8421367388717433 3.8421367388717433 3.8421367388717433 3.8421367388717433 -9999.0 -9999.0 -9999.0 -9999.0 -9999.0 -9999.0
6.292058241173291 6.485383030976326 6.678707820779361 6.960855265282577 7.337956136548744 7.715057007814911 8.092157879081078 8.469258750347246 8.846359621613413 9.223460492879582 9.600561364145747 9.97766223541256 10.354763106678725 10.731863977944894 11.108964849211059 11.437258156519864 11.71337507398488 11.989491991449897 12.265608908914915 12.541725826379931 12.817842743844949 13.093959661309967 13.370076578774983 13.64619349624 13.922310413705489 14.198427331170505 14.474544248635523 3.8421367388717433 3.8421367388717433 3.8421367388717433 3.8421367388717433 3.8421367388717433 3.8421367388717433 3.8421367388717433 3.8421367388717433 3.8421367388717433 3.8421367388717433 3.8421367388717433 3.8421367388717433 3.8421367388717433 3.8421367388717433 -9999.0 -9999.0 -9999.0
6.0266976414712365 6.209840677277532 6.392983713083828 6.678722459784739 7.0741383418235655 7.469554223862393 7.864970105901221 8.260385987940047 8.655801869978875 9.051217752017703 9.44663363405653 9.842049516096031 10.237465398134859 10.632881280173686 11.028297162212514 11.359045051670806 11.62066139434171 11.882277737012611 12.143894079683514 12.405510422354416 12.66712676502532 12.92874310769622 13.190359450367124 13.451975793038025 13.713592135709375 13.975208478380278 14.23682482105118 3.8421367388717433 3.8421367388717433 3.8421367388717433 3.8421367388717433 3.8421367388717433 3.8421367388717433 3.8421367388717433 3.8421367388717433 3.8421367388717433 3.8421367388717433 3.8421367388717433 3.8421367388717433 3.8421367388717433 3.8421367388717433 -9999.0 -9999.0 -9999.0
5.7613370417694085 5.9342983235789735 6.107259605388538 6.3965896542871405 6.810320547098613 7.224051439910085 7.637782332721556 8.051513225533029 8.465244118344499 8.87897501115597 9.292705903967443 9.70643679677962 10.120167689591092 10.533898582402564 10.947629475214036 11.280831946821815 11.527947714698614 11.775063482575415 12.022179250452215 12.269295018329014 12.516410786205816 12.763526554082615 13.010642321959416 13.257758089836216 13.504873857713438 13.751989625590237 13.999105393467037 3.8421367388717433 3.8421367388717433 3.8421367388717433 3.8421367388717433 3.8421367388717433 3.8421367388717433 3.8421367388717433 3.8421367388717433 3.8421367388717433 3.8421367388717433 3.8421367388717433 3.8421367388717433 3.8421367388717433 3.8421367388717433 3.8421367388717433 -9999.0 -9999.0
5.49597644206758 5.6587559698804135 5.821535497693247 6.114456848789542 6.546502752373659 6.978548655957775 7.410594559541892 7.842640463126007 8.274686366710124 8.70673227029424 9.138778173878356 9.57082407746321 10.002869981047326 10.43491588463144 10.866961788215558 11.202618841972825 11.435234035055522 11.66784922813822 11.900464421220919 12.133079614303616 12.365694807386314 12.598310000469013 12.83092519355171 13.063540386634408 13.296155579717503 13.5287707728002 13.761385965882898 3.8421367388717433 3.8421367388717433 3.8421367388717433 3.8421367388717433 3.8421367388717433 3.8421367388717433 3.8421367388717433 3.8421367388717433 3.8421367388717433 3.8421367388717433 3.8421367388717433 3.8421367388717433 3.8421367388717433 3.8421367388717433 3.8421367388717433 3.8421367388717433 -9999.0
5.230615842365751 5.3832136161818545 5.535811389997957 5.832324043291944 6.282684957648705 6.733045872005465 7.183406786362226 7.633767700718986 8.084128615075747 8.534489529432507 8.984850443789268 9.435211358146796 9.885572272503557 10.335933186860316 10.786294101217077 11.124405737123833 11.342520355412429 11.560634973701024 11.77874959198962 11.996864210278217 12.214978828566812 12.433093446855407 12.651208065144004 12.8693226834326 13.087437301721568 13.305551920010164 13.523666538298759 3.8421367388717433 3.8421367388717433 3.8421367388717433 3.8421367388717433 3.8421367388717433 3.8421367388717433 3.8421367388717433 3.8421367388717433 3.8421367388717433 3.8421367388717433 3.8421367388717433 3.8421367388717433 3.8421367388717433 3.8421367388717433 3.8421367388717433 3.8421367388717433 3.8421367388717433
4.965255242663923 5.107671262483295 5.250087282302667 5.550191237794346 6.018867162923751 6.4875430880531555 6.956219013182561 7.424894938311966 7.89357086344137 8.362246788570776 8.830922713700181 9.299598638830386 9.76827456395979 10.236950489089196 10.7056264142186 11.046192632274844 11.249806675769337 11.45342071926383 11.657034762758324 11.860648806252817 12.06426284974731 12.267876893241803 12.471490936736297 12.67510498023079 12.87871902372563 13.082333067220123 13.285947110714616 3.8421367388717433 3.8421367388717433 3.8421367388717433 3.8421367388717433 3.8421367388717433 3.8421367388717433 3.8421367388717433 3.8421367388717433 3.8421367388717433 3.8421367388717433 3.8421367388717433 3.8421367388717433 3.8421367388717433 3.8421367388717433 3.8421367388717433 3.8421367388717433 3.8421367388717433
4.699894642962094 4.832128908784735 4.964363174607377 5.268058432296747 5.755049368198797 6.242040304100847 6.729031240002897 7.216022175904946 7.703013111806996 8.190004047709046 8.676994983611095 9.163985919513976 9.650976855416026 10.137967791318076 10.624958727220125 10.967979527425852 11.157092996126243 11.346206464826635 11.535319933527026 11.724433402227417 11.913546870927808 12.1026603396282 12.29177380832859 12.480887277028982 12.670000745729695 12.859114214430086 13.048227683130477 3.8421367388717433 3.8421367388717433 3.8421367388717433 3.8421367388717433 3.8421367388717433 3.8421367388717433 3.8421367388717433 3.8421367388717433 3.8421367388717433 3.8421367388717433 3.8421367388717433 3.8421367388717433 3.8421367388717433 3.8421367388717433 3.8421367388717433 3.8421367388717433 3.8421367388717433
4.434534043260039 4.556586555085941 4.678639066911844 4.985925626798909 5.491231573473618 5.996537520148328 6.501843466823037 7.007149413497747 7.512455360172456 8.017761306847166 8.523067253521877 9.028373200197446 9.533679146872156 10.038985093546867 10.544291040221577 10.889766422576795 11.064379316483071 11.238992210389348 11.413605104295625 11.5882179982019 11.762830892108177 11.937443786014454 12.11205667992073 12.286669573827007 12.461282467733582 12.635895361639857 12.810508255546134 3.8421367388717433 3.8421367388717433 3.8421367388717433 3.8421367388717433 3.8421367388717433 3.8421367388717433 3.8421367388717433 3.8421367388717433 3.8421367388717433 3.8421367388717433 3.8421367388717433 3.8421367388717433 3.8421367388717433 3.8421367388717433 3.8421367388717433 3.8421367388717433 3.8421367388717433
