Figures/CREST_Example_wjb_NSE/Rolling_result/20100722/BJP_forecast/ens_5/wjb.rain.20100726.asc
ncols            288
nrows            254
xllcorner        113.274861
yllcorner        31.4918055
cellsize         0.008333333333
NODATA_value     -9999
[rows 190 to 208 of 254, columns 88 to 131 of 288]
0.7863524900859179 0.7924506976685862 0.7985489052512545 0.8046471128339333 0.8107453204166015 0.8168435279992698 0.8229417355819382 0.8290399431646065 0.8351381507472748 0.8412363583299431 0.8473345659126115 0.8829888969991647 0.9502393923953955 1.0174898877916263 1.084740383187857 1.1519908785840878 1.219241373980433 1.2864918693766638 1.3537423647728946 1.4209928601691253 1.488243355565356 1.5554938509615868 1.6227443463578177 1.6596353516803928 1.6640713756030425 1.6685073995256923 1.6729434234483418 1.6773794473709915 1.6818154712936413 1.6862514952162986 1.6906875191389483 1.695123543061598 1.6995595669842478 1.7039955909068976 1.7084316148295473 1.7061279494323667 1.696619403735635 1.6871108580389036 1.677602312342172 1.6680937666454403 1.6585852209487089 1.6490766752519772 1.6395681295552293 1.6300595838584977
0.8692718507588166 0.8760131026255441 0.8827543544922717 0.8894956063590107 0.8962368582257382 0.9029781100924658 0.9097193619591932 0.9164606138259208 0.9232018656926484 0.9299431175593759 0.9366843694261033 0.9697008971729688 1.0308062889375333 1.0919116807020979 1.1530170724666622 1.2141224642312267 1.2752278559958954 1.33633324776046 1.3974386395250245 1.458544031289589 1.5196494230541533 1.5807548148187178 1.6418602065832824 1.6750083813399095 1.678269658925835 1.6815309365117606 1.684792214097686 1.6880534916836116 1.6913147692695372 1.6945760468554683 1.697837324441394 1.7010986020273196 1.704359879613245 1.7076211571991706 1.7108824347850962 1.7057097306776474 1.6915209094072643 1.6773320881368812 1.6631432668664983 1.6489544455961151 1.634765624325732 1.620576803055349 1.6063879817849418 1.5921991605145587
0.9521912114317153 0.959575507582502 0.9669598037332887 0.9743440998840881 0.9817283960348748 0.9891126921856616 0.9964969883364483 1.0038812844872351 1.0112655806380217 1.0186498767888086 1.0260341729395952 1.0564128973467728 1.1113731854796711 1.1663334736125694 1.2212937617454676 1.2762540498783659 1.3312143380113577 1.386174626144256 1.4411349142771543 1.4960952024100524 1.5510554905429506 1.6060157786758489 1.6609760668087472 1.6903814109994264 1.6924679422486277 1.6945544734978293 1.6966410047470306 1.698727535996232 1.7008140672454333 1.7029005984946382 1.7049871297438395 1.707073660993041 1.7091601922422424 1.7112467234914437 1.713333254740645 1.7052915119229282 1.6864224150788936 1.667553318234859 1.6486842213908246 1.62981512454679 1.6109460277027554 1.5920769308587208 1.5732078340146542 1.5543387371706197
1.0623372373185231 1.0697013993902316 1.0770655614619402 1.0844297235336613 1.0917938856053697 1.0991580476770781 1.1065222097487868 1.1138863718204952 1.1212505338922036 1.1286146959639123 1.1359788580356207 1.2049345775450093 1.2049345775450093 1.2049345775450093 1.2049345775450093 1.2049345775450093 1.2049345775450093 1.2049345775450093 1.2049345775450093 1.2049345775450093 1.2049345775450093 1.2049345775450093 1.2049345775450093 1.2049345775450093 1.2049345775450093 1.2049345775450093 1.2049345775450093 1.2049345775450093 1.2049345775450093 1.2049345775450093 1.2049345775450093 1.2049345775450093 1.2049345775450093 1.2049345775450093 1.2049345775450093 1.74913777391356 1.7227874036104287 1.6964370333072973 1.6700866630041662 1.6437362927010348 1.6173859223979035 1.5910355520947723 1.564685181791596 1.5383348114884647
1.2015868522152506 1.2082219843379918 1.214857116460733 1.2214922485834856 1.2281273807062267 1.2347625128289679 1.2413976449517092 1.2480327770744504 1.2546679091971915 1.2613030413199329 1.267938173442674 1.2049345775450093 1.2049345775450093 1.2049345775450093 1.2049345775450093 1.2049345775450093 1.2049345775450093 1.2049345775450093 1.2049345775450093 1.2049345775450093 1.2049345775450093 1.2049345775450093 1.2049345775450093 1.2049345775450093 1.2049345775450093 1.2049345775450093 1.2049345775450093 1.2049345775450093 1.2049345775450093 1.2049345775450093 1.2049345775450093 1.2049345775450093 1.2049345775450093 1.2049345775450093 1.2049345775450093 1.8402999758192469 1.8034742418651004 1.766648507910954 1.7298227739568077 1.6929970400026613 1.656171306048515 1.6193455720943686 1.5825198381401595 1.545694104186013
1.3408364671119186 1.3467425692856927 1.352648671459467 1.3585547736332513 1.3644608758070256 1.3703669779807999 1.3762730801545742 1.3821791823283485 1.3880852845021228 1.3939913866758968 1.3998974888496711 1.2049345775450093 1.2049345775450093 1.2049345775450093 1.2049345775450093 1.2049345775450093 1.2049345775450093 1.2049345775450093 1.2049345775450093 1.2049345775450093 1.2049345775450093 1.2049345775450093 1.2049345775450093 1.2049345775450093 1.2049345775450093 1.2049345775450093 1.2049345775450093 1.2049345775450093 1.2049345775450093 1.2049345775450093 1.2049345775450093 1.2049345775450093 1.2049345775450093 1.2049345775450093 1.2049345775450093 1.9314621777248946 1.8841610801197377 1.8368599825145808 1.789558884909424 1.7422577873042668 1.69495668969911 1.6476555920939528 1.6003544944887154 1.5530533968835583
1.4800860820085866 1.4852631542333938 1.4904402264582013 1.4956172986830172 1.5007943709078246 1.5059714431326319 1.511148515357439 1.5163255875822463 1.5215026598070536 1.5266797320318608 1.531856804256668 1.2049345775450093 1.2049345775450093 1.2049345775450093 1.2049345775450093 1.2049345775450093 1.2049345775450093 1.2049345775450093 1.2049345775450093 1.2049345775450093 1.2049345775450093 1.2049345775450093 1.2049345775450093 1.2049345775450093 1.2049345775450093 1.2049345775450093 1.2049345775450093 1.2049345775450093 1.2049345775450093 1.2049345775450093 1.2049345775450093 1.2049345775450093 1.2049345775450093 1.2049345775450093 1.2049345775450093 2.0226243796305425 1.964847918374375 1.9070714571182075 1.84929499586204 1.7915185346058722 1.7337420733497046 1.6759656120935371 1.618189150837271 1.5604126895811035
1.619335696905314 1.623783739181154 1.628231781456994 1.6326798237328415 1.6371278660086817 1.6415759082845216 1.6460239505603615 1.6504719928362015 1.6549200351120414 1.6593680773878814 1.6638161196637213 1.2049345775450093 1.2049345775450093 1.2049345775450093 1.2049345775450093 1.2049345775450093 1.2049345775450093 1.2049345775450093 1.2049345775450093 1.2049345775450093 1.2049345775450093 1.2049345775450093 1.2049345775450093 1.2049345775450093 1.2049345775450093 1.2049345775450093 1.2049345775450093 1.2049345775450093 1.2049345775450093 1.2049345775450093 1.2049345775450093 1.2049345775450093 1.2049345775450093 1.2049345775450093 1.2049345775450093 2.1137865815362296 2.045534756629047 1.9772829317218643 1.9090311068146817 1.8407792819074988 1.7725274570003162 1.7042756320931336 1.6360238071858344 1.5677719822786518
1.7585853118019823 1.7623043241288552 1.7660233364557283 1.7697423487826076 1.7734613611094805 1.7771803734363536 1.7808993857632265 1.7846183980900996 1.7883374104169727 1.7920564227438456 1.7957754350707187 1.2049345775450093 1.2049345775450093 1.2049345775450093 1.2049345775450093 1.2049345775450093 1.2049345775450093 1.2049345775450093 1.2049345775450093 1.2049345775450093 1.2049345775450093 1.2049345775450093 1.2049345775450093 1.2049345775450093 1.2049345775450093 1.2049345775450093 1.2049345775450093 1.2049345775450093 1.2049345775450093 1.2049345775450093 1.2049345775450093 1.2049345775450093 1.2049345775450093 1.2049345775450093 1.2049345775450093 2.2049487834418775 2.1262215948836842 2.047494406325491 1.9687672177672977 1.8900400292091044 1.8113128406509111 1.7325856520927179 1.6538584635343905 1.5751312749761972
1.8978349266986503 1.9008249090765563 1.9038148914544624 1.9068048738323735 1.9097948562102796 1.9127848385881856 1.9157748209660916 1.9187648033439977 1.9217547857219037 1.9247447680998098 1.9277347504777158 1.2049345775450093 1.2049345775450093 1.2049345775450093 1.2049345775450093 1.2049345775450093 1.2049345775450093 1.2049345775450093 1.2049345775450093 1.2049345775450093 1.2049345775450093 1.2049345775450093 1.2049345775450093 1.2049345775450093 1.2049345775450093 1.2049345775450093 1.2049345775450093 1.2049345775450093 1.2049345775450093 1.2049345775450093 1.2049345775450093 1.2049345775450093 1.2049345775450093 1.2049345775450093 1.2049345775450093 2.296110985347526 2.206908433138322 2.117705880929118 2.028503328719914 1.9393007765107102 1.8500982243015063 1.7608956720923024 1.6716931198829463 1.5824905676737424
2.0370845415953776 2.0393454940243165 2.041606446453255 2.0438673988821976 2.0461283513111366 2.048389303740075 2.050650256169014 2.0529112085979526 2.0551721610268916 2.05743311345583 2.0596940658847687 1.2049345775450093 1.2049345775450093 1.2049345775450093 1.2049345775450093 1.2049345775450093 1.2049345775450093 1.2049345775450093 1.2049345775450093 1.2049345775450093 1.2049345775450093 1.2049345775450093 1.2049345775450093 1.2049345775450093 1.2049345775450093 1.2049345775450093 1.2049345775450093 1.2049345775450093 1.2049345775450093 1.2049345775450093 1.2049345775450093 1.2049345775450093 1.2049345775450093 1.2049345775450093 1.2049345775450093 2.3872731872532125 2.2875952713929935 2.1879173555327744 2.0882394396725554 1.9885615238123364 1.8888836079521174 1.7892056920918986 1.6895277762315097 1.5898498603712907
2.1763341564920458 2.1778660789720172 2.179398001451989 2.1809299239319637 2.182461846411935 2.183993768891907 2.185525691371879 2.187057613851851 2.188589536331823 2.1901214588117943 2.1916533812917662 1.2049345775450093 1.2049345775450093 1.2049345775450093 1.2049345775450093 1.2049345775450093 1.2049345775450093 1.2049345775450093 1.2049345775450093 1.2049345775450093 1.2049345775450093 1.2049345775450093 1.2049345775450093 1.2049345775450093 1.2049345775450093 1.2049345775450093 1.2049345775450093 1.2049345775450093 1.2049345775450093 1.2049345775450093 1.2049345775450093 1.2049345775450093 1.2049345775450093 1.2049345775450093 1.2049345775450093 2.47843538915886 2.3682821096476308 2.258128830136401 2.1479755506251714 2.0378222711139418 1.9276689916027125 1.8175157120914829 1.7073624325800654 1.5972091530688357
2.315583771388714 2.316386663919719 2.3171895564507237 2.31799244898173 2.3187953415127343 2.319598234043739 2.320401126574744 2.321204019105749 2.3220069116367537 2.3228098041677585 2.3236126966987634 1.2049345775450093 1.2049345775450093 1.2049345775450093 1.2049345775450093 -9999.0 -9999.0 -9999.0 1.2049345775450093 1.2049345775450093 1.2049345775450093 1.2049345775450093 1.2049345775450093 1.2049345775450093 1.2049345775450093 1.2049345775450093 1.2049345775450093 1.2049345775450093 1.2049345775450093 1.2049345775450093 1.2049345775450093 1.2049345775450093 1.2049345775450093 1.2049345775450093 1.2049345775450093 2.569597591064508 2.448968947902268 2.3283403047400277 2.2077116615777874 2.0870830184155476 1.9664543752533072 1.845825732091067 1.7251970889286212 1.6045684457663811
2.4548333862853817 2.4549072488674195 2.4549811114494573 2.4550549740314955 2.4551288366135333 2.455202699195571 2.455276561777609 2.4553504243596467 2.4554242869416845 2.4554981495237223 2.45557201210576 1.2049345775450093 1.2049345775450093 1.2049345775450093 1.2049345775450093 -9999.0 -9999.0 -9999.0 -9999.0 1.2049345775450093 1.2049345775450093 -9999.0 1.2049345775450093 1.2049345775450093 1.2049345775450093 1.2049345775450093 1.2049345775450093 1.2049345775450093 1.2049345775450093 1.2049345775450093 1.2049345775450093 1.2049345775450093 1.2049345775450093 1.2049345775450093 1.2049345775450093 2.6607597929701563 2.529655786156906 2.398551779343655 2.267447772530404 2.136343765717153 2.0052397589039024 1.8741357520906514 1.743031745277177 1.6119277384639263
2.5940830011821094 2.5934278338151797 2.5927726664482504 2.59211749908132 2.5914623317143906 2.590807164347461 2.5901519969805316 2.589496829613602 2.5888416622466726 2.5881864948797433 2.5875313275128136 1.2049345775450093 1.2049345775450093 1.2049345775450093 -9999.0 -9999.0 -9999.0 -9999.0 -9999.0 -9999.0 -9999.0 -9999.0 -9999.0 1.2049345775450093 1.2049345775450093 1.2049345775450093 1.2049345775450093 1.2049345775450093 1.2049345775450093 1.2049345775450093 1.2049345775450093 1.2049345775450093 1.2049345775450093 1.2049345775450093 1.2049345775450093 2.751921994875843 2.6103426244115773 2.468763253947311 2.327183883483045 2.1856045130187796 2.0440251425545135 1.902445772090248 1.7608664016257405 1.6192870311614747
1.2049345775450093 1.2049345775450093 1.2049345775450093 1.2049345775450093 1.2049345775450093 1.2049345775450093 1.2049345775450093 1.2049345775450093 1.2049345775450093 1.2049345775450093 1.2049345775450093 1.2049345775450093 1.2049345775450093 1.2049345775450093 -9999.0 -9999.0 -9999.0 -9999.0 -9999.0 -9999.0 -9999.0 -9999.0 -9999.0 -9999.0 1.2049345775450093 1.2049345775450093 1.2049345775450093 1.2049345775450093 1.2049345775450093 1.2049345775450093 1.2049345775450093 1.2049345775450093 1.2049345775450093 1.2049345775450093 1.2049345775450093 2.7900665553655304 2.6432925660990043 2.4965185768324787 2.3497445875659526 2.202970598299427 2.0561966090329014 1.9094226197663753 1.7626486304995992 1.6158746412330733
1.2049345775450093 1.2049345775450093 1.2049345775450093 1.2049345775450093 1.2049345775450093 1.2049345775450093 1.2049345775450093 1.2049345775450093 1.2049345775450093 1.2049345775450093 1.2049345775450093 1.2049345775450093 1.2049345775450093 1.2049345775450093 1.2049345775450093 -9999.0 -9999.0 -9999.0 -9999.0 -9999.0 -9999.0 -9999.0 -9999.0 -9999.0 1.2049345775450093 1.2049345775450093 1.2049345775450093 1.2049345775450093 1.2049345775450093 1.2049345775450093 1.2049345775450093 1.2049345775450093 1.2049345775450093 1.2049345775450093 1.2049345775450093 2.7715385987883776 2.6252147741270324 2.478890949465687 2.332567124804342 2.186243300142997 2.0399194754816516 1.8935956508203062 1.7472718261587115 1.6009480014973663
1.2049345775450093 1.2049345775450093 1.2049345775450093 1.2049345775450093 1.2049345775450093 1.2049345775450093 1.2049345775450093 1.2049345775450093 1.2049345775450093 1.2049345775450093 1.2049345775450093 1.2049345775450093 1.2049345775450093 1.2049345775450093 1.2049345775450093 -9999.0 -9999.0 -9999.0 -9999.0 -9999.0 -9999.0 -9999.0 -9999.0 -9999.0 -9999.0 1.2049345775450093 1.2049345775450093 1.2049345775450093 1.2049345775450093 1.2049345775450093 1.2049345775450093 1.2049345775450093 1.2049345775450093 1.2049345775450093 1.2049345775450093 2.753010642211217 2.607136982155052 2.4612633220988878 2.3153896620427235 2.169516001986559 2.023642341930395 1.8777686818742305 1.7318950218178173 1.5860213617616528
1.2049345775450093 1.2049345775450093 1.2049345775450093 1.2049345775450093 1.2049345775450093 1.2049345775450093 1.2049345775450093 1.2049345775450093 1.2049345775450093 1.2049345775450093 1.2049345775450093 1.2049345775450093 1.2049345775450093 1.2049345775450093 1.2049345775450093 -9999.0 -9999.0 -9999.0 -9999.0 -9999.0 -9999.0 -9999.0 -9999.0 -9999.0 -9999.0 -9999.0 -9999.0 -9999.0 -9999.0 1.2049345775450093 1.2049345775450093 1.2049345775450093 1.2049345775450093 1.2049345775450093 1.2049345775450093 2.734482685634063 2.5890591901830797 2.443635694732096 2.298212199281112 2.1527887038301285 2.0073652083791447 1.8619417129281608 1.7165182174769291 1.5710947220259455
