Figures/CREST_Example_wjb_NSE/Rolling_result/20100722/BJP_forecast/ens_5/wjb.rain.20100723.asc
ncols            288
nrows            254
xllcorner        113.274861
yllcorner        31.4918055
cellsize         0.008333333333
NODATA_value     -9999
[rows 40 to 59 of 254, columns 132 to 175 of 288]
8.85398180775965 8.288126247429158 7.722270687098665 11.902383814299242 11.902383814299242 11.902383814299242 11.902383814299242 11.902383814299242 11.902383814299242 11.902383814299242 11.902383814299242 -9999.0 -9999.0 -9999.0 -9999.0 -9999.0 -9999.0 -9999.0 -9999.0 -9999.0 -9999.0 -9999.0 -9999.0 -9999.0 -9999.0 -9999.0 -9999.0 -9999.0 -9999.0 -9999.0 -9999.0 -9999.0 -9999.0 -9999.0 -9999.0 -9999.0 -9999.0 -9999.0 -9999.0 -9999.0 -9999.0 -9999.0 -9999.0 -9999.0
8.803239169882946 8.210233082389818 7.617226994896691 11.902383814299242 11.902383814299242 11.902383814299242 11.902383814299242 11.902383814299242 11.902383814299242 11.902383814299242 11.902383814299242 11.902383814299242 -9999.0 -9999.0 -9999.0 11.902383814299242 11.902383814299242 -9999.0 -9999.0 -9999.0 -9999.0 -9999.0 -9999.0 -9999.0 -9999.0 -9999.0 -9999.0 -9999.0 -9999.0 -9999.0 -9999.0 -9999.0 -9999.0 -9999.0 -9999.0 -9999.0 -9999.0 -9999.0 -9999.0 -9999.0 -9999.0 -9999.0 -9999.0 -9999.0
8.75249653200624 8.132339917350478 7.512183302694714 11.902383814299242 11.902383814299242 11.902383814299242 11.902383814299242 11.902383814299242 11.902383814299242 11.902383814299242 11.902383814299242 11.902383814299242 11.902383814299242 11.902383814299242 11.902383814299242 11.902383814299242 11.902383814299242 -9999.0 -9999.0 11.902383814299242 11.902383814299242 11.902383814299242 11.902383814299242 -9999.0 -9999.0 -9999.0 -9999.0 -9999.0 -9999.0 -9999.0 -9999.0 -9999.0 -9999.0 -9999.0 -9999.0 -9999.0 -9999.0 -9999.0 -9999.0 -9999.0 -9999.0 -9999.0 -9999.0 -9999.0
8.701753894129535 8.054446752311136 7.407139610492738 11.902383814299242 11.902383814299242 11.902383814299242 11.902383814299242 11.902383814299242 11.902383814299242 11.902383814299242 11.902383814299242 11.902383814299242 11.902383814299242 11.902383814299242 11.902383814299242 11.902383814299242 11.902383814299242 11.902383814299242 11.902383814299242 11.902383814299242 11.902383814299242 11.902383814299242 11.902383814299242 11.902383814299242 -9999.0 -9999.0 -9999.0 -9999.0 -9999.0 -9999.0 -9999.0 -9999.0 -9999.0 -9999.0 -9999.0 -9999.0 -9999.0 -9999.0 -9999.0 -9999.0 -9999.0 -9999.0 -9999.0 -9999.0
8.65101125625283 7.9765535872717965 7.302095918290762 11.902383814299242 11.902383814299242 11.902383814299242 11.902383814299242 11.902383814299242 11.902383814299242 11.902383814299242 11.902383814299242 11.902383814299242 11.902383814299242 11.902383814299242 11.902383814299242 11.902383814299242 11.902383814299242 11.902383814299242 11.902383814299242 11.902383814299242 11.902383814299242 11.902383814299242 11.902383814299242 11.902383814299242 11.902383814299242 -9999.0 -9999.0 -9999.0 -9999.0 -9999.0 -9999.0 -9999.0 -9999.0 -9999.0 -9999.0 -9999.0 -9999.0 -9999.0 -9999.0 -9999.0 -9999.0 -9999.0 -9999.0 -9999.0
8.600268618376125 7.898660422232456 7.197052226088786 11.902383814299242 11.902383814299242 11.902383814299242 11.902383814299242 11.902383814299242 11.902383814299242 11.902383814299242 11.902383814299242 11.902383814299242 11.902383814299242 11.902383814299242 11.902383814299242 11.902383814299242 11.902383814299242 11.902383814299242 11.902383814299242 11.902383814299242 11.902383814299242 11.902383814299242 11.902383814299242 11.902383814299242 11.902383814299242 -9999.0 11.902383814299242 11.902383814299242 11.902383814299242 -9999.0 -9999.0 -9999.0 -9999.0 -9999.0 -9999.0 -9999.0 -9999.0 -9999.0 -9999.0 -9999.0 -9999.0 -9999.0 -9999.0 -9999.0
8.549525980499377 7.820767257193049 7.092008533886721 11.902383814299242 11.902383814299242 11.902383814299242 11.902383814299242 11.902383814299242 11.902383814299242 11.902383814299242 11.902383814299242 11.902383814299242 11.902383814299242 11.902383814299242 11.902383814299242 11.902383814299242 11.902383814299242 11.902383814299242 11.902383814299242 11.902383814299242 11.902383814299242 11.902383814299242 11.902383814299242 11.902383814299242 11.902383814299242 11.902383814299242 11.902383814299242 11.902383814299242 11.902383814299242 -9999.0 -9999.0 -9999.0 -9999.0 -9999.0 -9999.0 -9999.0 -9999.0 -9999.0 -9999.0 -9999.0 -9999.0 -9999.0 -9999.0 -9999.0
8.498783342622673 7.74287409215371 6.986964841684747 11.902383814299242 11.902383814299242 11.902383814299242 11.902383814299242 11.902383814299242 11.902383814299242 11.902383814299242 11.902383814299242 11.902383814299242 11.902383814299242 11.902383814299242 11.902383814299242 11.902383814299242 11.902383814299242 11.902383814299242 11.902383814299242 11.902383814299242 11.902383814299242 11.902383814299242 11.902383814299242 11.902383814299242 11.902383814299242 11.902383814299242 11.902383814299242 11.902383814299242 -9999.0 -9999.0 -9999.0 -9999.0 -9999.0 -9999.0 -9999.0 -9999.0 -9999.0 -9999.0 -9999.0 -9999.0 -9999.0 -9999.0 -9999.0 -9999.0
8.448040704745967 7.664980927114369 6.881921149482771 11.902383814299242 11.902383814299242 11.902383814299242 11.902383814299242 11.902383814299242 11.902383814299242 11.902383814299242 11.902383814299242 11.902383814299242 11.902383814299242 11.902383814299242 11.902383814299242 11.902383814299242 11.902383814299242 11.902383814299242 11.902383814299242 11.902383814299242 11.902383814299242 11.902383814299242 11.902383814299242 11.902383814299242 11.902383814299242 11.902383814299242 11.902383814299242 11.902383814299242 11.902383814299242 11.902383814299242 11.902383814299242 -9999.0 -9999.0 -9999.0 -9999.0 -9999.0 -9999.0 -9999.0 -9999.0 -9999.0 -9999.0 -9999.0 -9999.0 -9999.0
8.397362881227874 7.611699893890368 6.82603690655286 6.359906741024732 6.235364388836015 6.1108220366472965 5.986279684458578 5.861737332269861 5.737194980081143 5.612652627892425 5.488110275703708 5.363567923514777 5.23902557132606 5.114483219137342 4.989940866948624 4.8479515840450205 4.687311137576838 4.526670691108657 4.366030244640474 4.205389798172293 4.044749351704111 3.884108905235929 3.723468458767747 3.562828012299565 3.4021875658311096 3.2415471193629273 3.0809066728947454 11.902383814299242 11.902383814299242 11.902383814299242 11.902383814299242 11.902383814299242 11.902383814299242 11.902383814299242 -9999.0 -9999.0 -9999.0 -9999.0 -9999.0 -9999.0 -9999.0 -9999.0 -9999.0 -9999.0
8.346754340172271 7.584727677660991 6.822701015149711 6.365548908089039 6.234314596106471 6.103080284123903 5.9718459721413355 5.840611660158768 5.7093773481762 5.578143036193632 5.446908724211064 5.315674412228272 5.184440100245705 5.053205788263137 4.921971476280569 4.779323746022328 4.624474813468438 4.469625880914546 4.314776948360655 4.159928015806764 4.005079083252872 3.850230150698981 3.6953812181450902 3.5405322855911994 3.385683353037044 3.230834420483153 3.0759854879292616 11.902383814299242 11.902383814299242 11.902383814299242 11.902383814299242 11.902383814299242 11.902383814299242 11.902383814299242 11.902383814299242 11.902383814299242 11.902383814299242 -9999.0 -9999.0 -9999.0 -9999.0 -9999.0 -9999.0 -9999.0
8.29614579911667 7.557755461431617 6.819365123746563 6.371191075153345 6.233264803376928 6.09533853160051 5.957412259824092 5.819485988047674 5.6815597162712566 5.543633444494839 5.4057071727184205 5.2677809009417675 5.12985462916535 4.991928357388932 4.854002085612514 4.710695907999637 4.561638489360036 4.412581070720436 4.263523652080835 4.1144662334412345 3.965408814801634 3.816351396162034 3.667293977522433 3.518236558882833 3.369179140242978 3.2201217216033777 3.0710643029637774 11.902383814299242 11.902383814299242 11.902383814299242 11.902383814299242 11.902383814299242 11.902383814299242 11.902383814299242 11.902383814299242 11.902383814299242 11.902383814299242 11.902383814299242 -9999.0 -9999.0 -9999.0 -9999.0 -9999.0 -9999.0
8.245537258061066 7.530783245202239 6.816029232343412 6.376833242217652 6.2322150106473835 6.087596779077116 5.942978547506848 5.798360315936581 5.653742084366312 5.509123852796045 5.364505621225777 5.219887389655263 5.0752691580849945 4.930650926514727 4.78603269494446 4.642068069976945 4.498802165251635 4.355536260526325 4.2122703558010155 4.069004451075706 3.925738546350396 3.7824726416250862 3.6392067368997765 3.4959408321744667 3.3526749274489127 3.2094090227236025 3.066143117998293 11.902383814299242 11.902383814299242 11.902383814299242 11.902383814299242 11.902383814299242 11.902383814299242 11.902383814299242 11.902383814299242 11.902383814299242 11.902383814299242 11.902383814299242 11.902383814299242 11.902383814299242 11.902383814299242 -9999.0 -9999.0 -9999.0
8.194928717005421 7.503811028972843 6.812693340940262 6.382475409281963 6.23116521791784 6.079855026553716 5.928544835189593 5.777234643825469 5.625924452461346 5.474614261097223 5.323304069733099 5.171993878368717 5.020683687004594 4.86937349564047 4.718063304276347 4.573440231954195 4.43596584114318 4.2984914503321665 4.161017059521153 4.023542668710138 3.886068277899124 3.7485938870881097 3.6111194962770954 3.4736451054660815 3.3361707146548327 3.1986963238438184 3.0612219330328045 11.902383814299242 11.902383814299242 11.902383814299242 11.902383814299242 11.902383814299242 11.902383814299242 11.902383814299242 11.902383814299242 11.902383814299242 11.902383814299242 11.902383814299242 11.902383814299242 11.902383814299242 11.902383814299242 -9999.0 -9999.0 -9999.0
8.144320175949819 7.476838812743465 6.809357449537113 6.388117576346269 6.230115425188296 6.072113274030322 5.914111122872349 5.756108971714376 5.598106820556402 5.440104669398429 5.282102518240455 5.124100367082212 4.966098215924239 4.808096064766266 4.650093913608292 4.504812393931503 4.37312951703478 4.241446640138056 4.109763763241332 3.978080886344609 3.846398009447886 3.714715132551162 3.5830322556544387 3.4513493787577154 3.3196665018607674 3.187983624964044 3.0563007480673203 11.902383814299242 11.902383814299242 11.902383814299242 11.902383814299242 11.902383814299242 11.902383814299242 11.902383814299242 11.902383814299242 11.902383814299242 11.902383814299242 11.902383814299242 11.902383814299242 11.902383814299242 11.902383814299242 11.902383814299242 -9999.0 -9999.0
8.093711634894216 7.44986659651409 6.806021558133963 6.393759743410576 6.229065632458752 6.064371521506929 5.899677410555105 5.734983299603282 5.570289188651459 5.405595077699635 5.240900966747812 5.076206855795707 4.9115127448438844 4.746818633892061 4.582124522940237 4.436184555908811 4.310293192926379 4.184401829943946 4.058510466961513 3.9326191039790803 3.8067277409966476 3.680836378014215 3.554945015031782 3.4290536520493493 3.3031622890667016 3.177270926084269 3.051379563101836 11.902383814299242 11.902383814299242 11.902383814299242 11.902383814299242 11.902383814299242 11.902383814299242 11.902383814299242 11.902383814299242 11.902383814299242 11.902383814299242 11.902383814299242 11.902383814299242 11.902383814299242 11.902383814299242 11.902383814299242 11.902383814299242 -9999.0
8.043103093838614 7.422894380284713 6.802685666730814 6.399401910474882 6.228015839729209 6.0566297689835356 5.885243698237862 5.713857627492189 5.5424715567465155 5.371085486000842 5.199699415255169 5.028313344509203 4.85692727376353 4.6855412030178565 4.514155132272183 4.36755671788612 4.247456868817978 4.127357019749836 4.007257170681694 3.887157321613552 3.7670574725454093 3.6469576234772676 3.5268577744091254 3.406757925340983 3.2866580762726363 3.166558227204494 3.046458378136352 11.902383814299242 11.902383814299242 11.902383814299242 11.902383814299242 11.902383814299242 11.902383814299242 11.902383814299242 11.902383814299242 11.902383814299242 11.902383814299242 11.902383814299242 11.902383814299242 11.902383814299242 11.902383814299242 11.902383814299242 11.902383814299242 11.902383814299242
7.992494552783011 7.395922164055338 6.7993497753276655 6.405044077539189 6.226966046999665 6.0488880164601415 5.870809985920618 5.692731955381095 5.514653924841572 5.336575894302049 5.158497863762525 4.980419833222698 4.802341802683175 4.624263772143652 4.446185741604129 4.298928879863428 4.184620544709577 4.070312209555725 3.956003874401874 3.8416955392480228 3.727387204094171 3.61307886894032 3.4987705337864683 3.384462198632617 3.2701538634785705 3.1558455283247193 3.0415371931708677 11.902383814299242 11.902383814299242 11.902383814299242 11.902383814299242 11.902383814299242 11.902383814299242 11.902383814299242 11.902383814299242 11.902383814299242 11.902383814299242 11.902383814299242 11.902383814299242 11.902383814299242 11.902383814299242 11.902383814299242 11.902383814299242 11.902383814299242
7.941886011727409 7.368949947825962 6.796013883924516 6.410686244603495 6.225916254270121 6.041146263936748 5.8563762736033755 5.671606283270002 5.486836292936628 5.302066302603255 5.1172963122698825 4.9325263219361934 4.747756331602821 4.562986341269447 4.378216350936073 4.230301041840737 4.121784220601176 4.013267399361615 3.9047505781220546 3.7962337568824935 3.687716935642933 3.5792001144033723 3.4706832931638116 3.362166471924251 3.253649650684505 3.145132829444944 3.0366160082053835 11.902383814299242 11.902383814299242 11.902383814299242 11.902383814299242 11.902383814299242 11.902383814299242 11.902383814299242 11.902383814299242 11.902383814299242 11.902383814299242 11.902383814299242 11.902383814299242 11.902383814299242 11.902383814299242 11.902383814299242 11.902383814299242 11.902383814299242
7.891277470671763 7.341977731596564 6.792677992521365 6.416328411667806 6.224866461540577 6.033404511413348 5.841942561286119 5.65048061115889 5.459018661031661 5.267556710904432 5.0760947607772025 4.884632810649648 4.693170860522418 4.501708910395189 4.3102469602679605 4.161673203817986 4.058947896492721 3.9562225891674556 3.8534972818421904 3.7507719745169257 3.6480466671916605 3.5453213598663957 3.4425960525411305 3.3398707452158654 3.237145437890425 3.13442013056516 3.031694823239895 11.902383814299242 11.902383814299242 11.902383814299242 11.902383814299242 11.902383814299242 11.902383814299242 11.902383814299242 11.902383814299242 11.902383814299242 11.902383814299242 11.902383814299242 11.902383814299242 11.902383814299242 11.902383814299242 11.902383814299242 11.902383814299242 11.902383814299242
