Figures/CREST_Example_wjb_NSE/Rolling_result/20100722/BJP_forecast/ens_5/wjb.rain.20100621.asc
ncols            288
nrows            254
xllcorner        113.274861
yllcorner        31.4918055
cellsize         0.008333333333
NODATA_value     -9999
[rows 162 to 188 of 254, columns 61 to 121 of 288]
0.24914555251598358 0.24914555251598358 0.24149451881744333 0.2256643571472362 0.20983419547700208 0.19400403380679496 0.17817387213658784 0.16234371046638071 0.1465135487961736 0.13068338712596647 0.11485322545575935 0.09902306378555223 0.08319290211534508 0.06736274044513796 0.05679989384934156 0.051867926144051 0.046935958438760444 0.04200399073346148 0.03707202302817092 0.03214005532288036 0.027208087617589798 0.02227611991229924 0.017344152207008683 0.012412184501718125 0.007480216796427568 0.00254824909113701 0.0 0.0 0.0 0.0 0.0 0.0 0.0 0.0 0.0 0.0 0.0 0.0 0.0 0.0 0.0 0.0 0.0 0.0 0.0 0.0 0.0 0.0 0.0 0.0 0.0 0.0 0.0 0.0 0.0 0.0 0.0 0.0 0.0 0.0 0.0
0.24914555251598358 0.24914555251598358 0.24149451881744333 0.2256643571472362 0.20983419547700208 0.19400403380679496 0.17817387213658784 0.16234371046638071 0.1465135487961736 0.13068338712596647 0.11485322545575935 0.09902306378555223 0.08319290211534508 0.06736274044513796 0.05679989384934156 0.051867926144051 0.046935958438760444 0.04200399073346148 0.03707202302817092 0.03214005532288036 0.027208087617589798 0.02227611991229924 0.017344152207008683 0.012412184501718125 0.007480216796427568 0.00254824909113701 0.0 0.0 0.0 0.0 0.0 0.0 0.0 0.0 0.0 0.0 0.0 0.0 0.0 0.0 0.0 0.0 0.0 0.0 0.0 0.0 0.0 0.0 0.0 0.0 0.0 0.0 0.0 0.0 0.0 0.0 0.0 0.0 0.0 0.0 0.0
0.24914555251598358 0.24914555251598358 0.24149451881744333 0.2256643571472362 0.20983419547700208 0.19400403380679496 0.17817387213658784 0.16234371046638071 0.1465135487961736 0.13068338712596647 0.11485322545575935 0.09902306378555223 0.08319290211534508 0.06736274044513796 0.05679989384934156 0.051867926144051 0.046935958438760444 0.04200399073346148 0.03707202302817092 0.03214005532288036 0.027208087617589798 0.02227611991229924 0.017344152207008683 0.012412184501718125 0.007480216796427568 0.00254824909113701 0.0 0.0 0.0 0.0 0.0 0.0 0.0 0.0 0.0 0.0 0.0 0.0 0.0 0.0 0.0 0.0 0.0 0.0 0.0 0.0 0.0 0.0 0.0 0.0 0.0 0.0 0.0 0.0 0.0 0.0 0.0 0.0 0.0 0.0 0.0
0.24914555251598358 0.24914555251598358 0.24149451881744333 0.2256643571472362 0.20983419547700208 0.19400403380679496 0.17817387213658784 0.16234371046638071 0.1465135487961736 0.13068338712596647 0.11485322545575935 0.09902306378555223 0.08319290211534508 0.06736274044513796 0.05679989384934156 0.051867926144051 0.046935958438760444 0.04200399073346148 0.03707202302817092 0.03214005532288036 0.027208087617589798 0.02227611991229924 0.017344152207008683 0.012412184501718125 0.007480216796427568 0.00254824909113701 0.0 0.0 0.0 0.0 0.0 0.0 0.0 0.0 0.0 0.0 0.0 0.0 0.0 0.0 0.0 0.0 0.0 0.0 0.0 0.0 0.0 0.0 0.0 0.0 0.0 0.0 0.0 0.0 0.0 0.0 0.0 0.0 0.0 0.0 0.0
0.24914555251598358 0.24914555251598358 0.24149451881744333 0.2256643571472362 0.20983419547700208 0.19400403380679496 0.17817387213658784 0.16234371046638071 0.1465135487961736 0.13068338712596647 0.11485322545575935 0.09902306378555223 0.08319290211534508 0.06736274044513796 0.05679989384934156 0.051867926144051 0.046935958438760444 0.04200399073346148 0.03707202302817092 0.03214005532288036 0.027208087617589798 0.02227611991229924 0.017344152207008683 0.012412184501718125 0.007480216796427568 0.00254824909113701 0.0 0.0 0.0 0.0 0.0 0.0 0.0 0.0 0.0 0.0 0.0 0.0 0.0 0.0 0.0 0.0 0.0 0.0 0.0 0.0 0.0 0.0 0.0 0.0 0.0 0.0 0.0 0.0 0.0 0.0 0.0 0.0 0.0 0.0 0.0
0.24914555251598358 0.24914555251598358 0.24149451881744333 0.2256643571472362 0.20983419547700208 0.19400403380679496 0.17817387213658784 0.16234371046638071 0.1465135487961736 0.13068338712596647 0.11485322545575935 0.09902306378555223 0.08319290211534508 0.06736274044513796 0.05679989384934156 0.051867926144051 0.046935958438760444 0.04200399073346148 0.03707202302817092 0.03214005532288036 0.027208087617589798 0.02227611991229924 0.017344152207008683 0.012412184501718125 0.007480216796427568 0.00254824909113701 0.0 0.0 0.0 0.0 0.0 0.0 0.0 0.0 0.0 0.0 0.0 0.0 0.0 0.0 0.0 0.0 0.0 0.0 0.0 0.0 0.0 0.0 0.0 0.0 0.0 0.0 0.0 0.0 0.0 0.0 0.0 0.0 0.0 0.0 0.0
0.24914555251598358 0.24914555251598358 0.24149451881744333 0.2256643571472362 0.20983419547700208 0.19400403380679496 0.17817387213658784 0.16234371046638071 0.1465135487961736 0.13068338712596647 0.11485322545575935 0.09902306378555223 0.08319290211534508 0.06736274044513796 0.05679989384934156 0.051867926144051 0.046935958438760444 0.04200399073346148 0.03707202302817092 0.03214005532288036 0.027208087617589798 0.02227611991229924 0.017344152207008683 0.012412184501718125 0.007480216796427568 0.00254824909113701 0.0 0.0 0.0 0.0 0.0 0.0 0.0 0.0 0.0 0.0 0.0 0.0 0.0 0.0 0.0 0.0 0.0 0.0 0.0 0.0 0.0 0.0 0.0 0.0 0.0 0.0 0.0 0.0 0.0 0.0 0.0 0.0 0.0 0.0 0.0
0.26202334074032263 0.26202334074032263 0.25411991369394726 0.23776754448183934 0.22141517526970353 0.2050628060575956 0.1887104368454877 0.17235806763337977 0.15600569842127185 0.13965332920916393 0.12330095999705601 0.10694859078494809 0.09059622157284017 0.07424385236073225 0.06314491053772946 0.05766200135568786 0.05217909217364626 0.04669618299159531 0.041213273809553704 0.0357303646275121 0.0302474554454705 0.024764546263428902 0.019281637081387297 0.013798727899345699 0.008315818717304094 0.0028329095352624956 0.0 0.0 0.0 0.0 0.0 0.0 0.0 0.0 0.0 0.0 0.0 0.0 0.0 0.0 0.0 0.0 0.0 0.0 0.0 0.0 0.0 0.0 0.0 0.0 0.0 0.0 0.0 0.0 0.0 0.0 0.0 0.0 0.0 0.0 0.0
0.28866667283322983 0.28866667283322983 0.28024105985963893 0.26280827616036095 0.24537549246105325 0.2279427087617753 0.21050992506249733 0.19307714136321935 0.1756443576639414 0.15821157396466345 0.14077879026538548 0.12334600656610753 0.10591322286682955 0.0884804391675516 0.07627235011188303 0.06964957774269168 0.0630268053735003 0.05640403300429765 0.04978126063510628 0.04315848826591492 0.03653571589672355 0.02991294352753219 0.023290171158340825 0.016667398789149454 0.010044626419958097 0.003421854050766726 0.0 0.0 0.0 0.0 0.0 0.0 0.0 0.0 0.0 0.0 0.0 0.0 0.0 0.0 0.0 0.0 0.0 0.0 0.0 0.0 0.0 0.0 0.0 0.0 0.0 0.0 0.0 0.0 0.0 0.0 0.0 0.0 0.0 0.0 0.0
0.3153100049261143 0.3153100049261143 0.3063622060253082 0.2878490078388612 0.2693358096523825 0.25082261146593543 0.23230941327948837 0.2137962150930413 0.19528301690659422 0.17676981872014713 0.15825662053370007 0.13974342234725298 0.12123022416080592 0.10271702597435883 0.0893997896860254 0.08163715412968524 0.0738745185733451 0.0661118830169917 0.058349247460651545 0.05058661190431139 0.042823976347971235 0.03506134079163108 0.027298705235290932 0.019536069678950774 0.01177343412261063 0.004010798566270471 0.0 0.0 0.0 0.0 0.0 0.0 0.0 0.0 0.0 0.0 0.0 0.0 0.0 0.0 0.0 0.0 0.0 0.0 0.0 0.0 0.0 0.0 0.0 0.0 0.0 0.0 0.0 0.0 0.0 0.0 0.0 0.0 0.0 0.0 0.0
0.34195333701899877 0.34195333701899877 0.33248335219097763 0.31288973951736143 0.2932961268437118 0.2737025141700956 0.25410890149647947 0.23451528882286324 0.21492167614924704 0.19532806347563084 0.17573445080201464 0.15614083812839843 0.13654722545478223 0.11695361278116603 0.10252722926016777 0.09362473051667883 0.08472223177318988 0.07581973302968575 0.06691723428619681 0.05801473554270787 0.04911223679921893 0.040209738055729985 0.03130723931224104 0.022404740568752093 0.013502241825263162 0.004599743081774216 0.0 0.0 0.0 0.0 0.0 0.0 0.0 0.0 0.0 0.0 0.0 0.0 0.0 0.0 0.0 0.0 0.0 0.0 0.0 0.0 0.0 0.0 0.0 0.0 0.0 0.0 0.0 0.0 0.0 0.0 0.0 0.0 0.0 0.0 0.0
0.36859666911188327 0.36859666911188327 0.35860449835664704 0.3379304711958617 0.31725644403504116 0.2965824168742558 0.2759083897134705 0.25523436255268517 0.23456033539189985 0.21388630823111454 0.1932122810703292 0.1725382539095439 0.15186422674875857 0.13119019958797323 0.11565466883431014 0.1056123069036724 0.09556994497303467 0.08552758304237981 0.07548522111174208 0.06544285918110435 0.05540049725046661 0.04535813531982888 0.035315773389191146 0.025273411458553413 0.01523104952791568 0.005188687597277947 0.0 0.0 0.0 0.0 0.0 0.0 0.0 0.0 0.0 0.0 0.0 0.0 0.0 0.0 0.0 0.0 0.0 0.0 0.0 0.0 0.0 0.0 0.0 0.0 0.0 0.0 0.0 0.0 0.0 0.0 0.0 0.0 0.0 0.0 0.0
0.3952400012047677 0.3952400012047677 0.3847256445223164 0.36297120287436196 0.34121676122637046 0.319462319578416 0.29770787793046155 0.2759534362825071 0.2541989946345527 0.23244455298659825 0.21069011133864382 0.1889356696906894 0.16718122804273494 0.14542678639478052 0.1287821084084525 0.11759988329066598 0.10641765817287946 0.09523543305507387 0.08405320793728735 0.07287098281950083 0.061688757701714295 0.050506532583927774 0.03932430746614125 0.028142082348354733 0.016959857230568212 0.005777632112781678 0.0 0.0 0.0 0.0 0.0 0.0 0.0 0.0 0.0 0.0 0.0 0.0 0.0 0.0 0.0 0.0 0.0 0.0 0.0 0.0 0.0 0.0 0.0 0.0 0.0 0.0 0.0 0.0 0.0 0.0 0.0 0.0 0.0 0.0 0.0
0.42188333329765215 0.42188333329765215 0.41084679068798574 0.3880119345528622 0.3651770784176997 0.34234222228257616 0.31950736614745257 0.296672510012329 0.2738376538772055 0.2510027977420819 0.22816794160695836 0.20533308547183482 0.18249822933671125 0.1596633732015877 0.14190954798259486 0.12958745967765956 0.11726537137272425 0.10494328306776793 0.09262119476283262 0.0802991064578973 0.06797701815296199 0.05565492984802668 0.04333284154309136 0.031010753238156052 0.018688664933220744 0.006366576628285436 0.0 0.0 0.0 0.0 0.0 0.0 0.0 0.0 0.0 0.0 0.0 0.0 0.0 0.0 0.0 0.0 0.0 0.0 0.0 0.0 0.0 0.0 0.0 0.0 0.0 0.0 0.0 0.0 0.0 0.0 0.0 0.0 0.0 0.0 0.0
0.44852666539055935 0.44852666539055935 0.4369679368536774 0.4130526662313838 0.3891373956090494 0.3652221249867558 0.34130685436446223 0.31739158374216864 0.29347631311987504 0.26956104249758145 0.24564577187528785 0.22173050125299426 0.19781523063070067 0.17389996000840707 0.15503698755674844 0.14157503606466337 0.1281130845725783 0.11465113308047026 0.10118918158838519 0.08772723009630011 0.07426527860421504 0.06080332711212996 0.047341375620044895 0.03387942412795983 0.020417472635874734 0.006955521143789667 0.0 0.0 0.0 0.0 0.0 0.0 0.0 0.0 0.0 0.0 0.0 0.0 0.0 0.0 0.0 0.0 0.0 0.0 0.0 0.0 0.0 0.0 0.0 0.0 0.0 0.0 0.0 0.0 0.0 0.0 0.0 0.0 0.0 0.0 0.0
0.47516999748344385 0.47516999748344385 0.4630890830193468 0.43809339790988405 0.4130977128003787 0.388102027690916 0.3631063425814533 0.3381106574719906 0.31311497236252783 0.2881192872530651 0.2631236021436024 0.2381279170341397 0.213132231924677 0.1881365468152143 0.1681644271308908 0.15356261245165695 0.13896079777242307 0.12435898309316432 0.10975716841393045 0.09515535373469658 0.08055353905546273 0.06595172437622886 0.05134990969699499 0.036748095017761134 0.022146280338527252 0.007544465659293398 0.0 0.0 0.0 0.0 0.0 0.0 0.0 0.0 0.0 0.0 0.0 0.0 0.0 0.0 0.0 0.0 0.0 0.0 0.0 0.0 0.0 0.0 0.0 0.0 0.0 0.0 0.0 0.0 0.0 0.0 0.0 0.0 0.0 0.0 0.0
0.5018133295763283 0.5018133295763283 0.4892102291850161 0.4631341295883843 0.437058029991708 0.41098193039507613 0.3849058307984443 0.3588297312018125 0.3327536316051807 0.30667753200854886 0.280601432411917 0.2545253328152851 0.2284492332186533 0.20237313362202147 0.18129186670503317 0.16555018883865052 0.14980851097226786 0.13406683310585837 0.11832515523947572 0.10258347737309306 0.08684179950671041 0.07110012164032775 0.05535844377394511 0.03961676590756244 0.0238750880411798 0.008133410174797157 0.0 0.0 0.0 0.0 0.0 0.0 0.0 0.0 0.0 0.0 0.0 0.0 0.0 0.0 0.0 0.0 0.0 0.0 0.0 0.0 0.0 0.0 0.0 0.0 0.0 0.0 0.0 0.0 0.0 0.0 0.0 0.0 0.0 0.0 0.0
0.5284566616692128 0.5284566616692128 0.5153313753506855 0.4881748612668846 0.4610183471830373 0.4338618330992363 0.4067053190154354 0.37954880493163445 0.35239229084783347 0.3252357767640325 0.29807926268023155 0.2709227485964306 0.24376623451262963 0.2166097204288287 0.19441930627917553 0.17753776522564407 0.16065622417211264 0.1437746831185524 0.12689314206502098 0.11001160101148953 0.09313005995795809 0.07624851890442663 0.0593669778508952 0.042485436797363774 0.025603895743832317 0.008722354690300888 0.0 0.0 0.0 0.0 0.0 0.0 0.0 0.0 0.0 0.0 0.0 0.0 0.0 0.0 0.0 0.0 0.0 0.0 0.0 0.0 0.0 0.0 0.0 0.0 0.0 0.0 0.0 0.0 0.0 0.0 0.0 0.0 0.0 0.0 0.0
0.5550999937620973 0.5550999937620973 0.5414525215163549 0.5132155929453849 0.48497866437436665 0.45674173580339655 0.42850480723242645 0.4002678786614564 0.37203095009048637 0.34379402151951627 0.31555709294854617 0.2873201643775761 0.259083235806606 0.23084630723563598 0.20754674585331792 0.18952534161263768 0.17150393737195746 0.1534825331312465 0.13546112889056627 0.11743972464988603 0.0994183204092058 0.08139691616852557 0.06337551192784532 0.04535410768716511 0.027332703446484863 0.009311299205804646 0.0 0.0 0.0 0.0 0.0 0.0 0.0 0.0 0.0 0.0 0.0 0.0 0.0 0.0 0.0 0.0 0.0 0.0 0.0 0.0 0.0 0.0 0.0 0.0 0.0 0.0 0.0 0.0 0.0 0.0 0.0 0.0 0.0 0.0 0.0
0.6036171221548985 0.6036171221548985 0.588681700967094 0.5577799769215329 0.526878252875919 0.4959765288303578 0.4650748047847966 0.43417308073923544 0.4032713566936742 0.37236963264811307 0.34146790860255183 0.31056618455699064 0.27966446051142946 0.24876273646586827 0.22367773238089952 0.20481093342992848 0.1859441344789574 0.1670773355279542 0.14821053657698313 0.1293437376260121 0.11047693867504105 0.09161013972407 0.07274334077309894 0.053876541822127894 0.03500974287115685 0.01614294392018578 0.0063948461725253924 0.0063948461725253924 0.0063948461725253924 0.0063948461725253924 0.0063948461725253924 0.0063948461725253924 0.0063948461725253924 0.0063948461725253924 0.0063948461725253924 0.0063948461725253924 0.0063948461725253924 0.0063948461725253924 0.006137283086970662 0.0056043792392816445 0.005071475391592626 0.004538571543903609 0.00400566769621459 0.0034727638485246644 0.0029398600008356465 0.002406956153146629 0.0018740523054576116 0.0013411484577685933 0.0008082446100795759 0.00027534076239055846 0.0 0.0 0.0 0.0 0.0 0.0 0.0 0.0 0.0 0.0 0.0
0.6755159600362792 0.6755159600362792 0.6584740375113575 0.6232139145828535 0.5879537916542893 0.5526936687257853 0.5174335457972813 0.4821734228687773 0.44691329994027323 0.41165317701176923 0.37639305408326523 0.3411329311547612 0.3058728082262572 0.2706126852977532 0.24301932128118825 0.2236218958606576 0.20422447044012693 0.18482704501956315 0.1654296195990325 0.14603219417850183 0.12663476875797114 0.10723734333744048 0.08783991791690982 0.06844249249637913 0.049045067075848464 0.029647641655317802 0.019625379821518296 0.019625379821518296 0.019625379821518296 0.019625379821518296 0.019625379821518296 0.019625379821518296 0.019625379821518296 0.019625379821518296 0.019625379821518296 0.019625379821518296 0.019625379821518296 0.019625379821518296 0.01883493494674852 0.017199486628354438 0.015564038309960351 0.013928589991566265 0.01229314167317218 0.010657693354775306 0.00902224503638122 0.007386796717987134 0.005751348399593048 0.004115900081198963 0.0024804517628048764 0.0008450034444107898 0.0 0.0 0.0 0.0 0.0 0.0 0.0 0.0 0.0 0.0 0.0
0.7474147979177213 0.7474147979177213 0.7282663740556803 0.6886478522442298 0.6490293304327116 0.6094108086212611 0.5697922868098105 0.53017376499836 0.4905552431869094 0.45093672137545887 0.41131819956400834 0.37169967775255774 0.3320811559411072 0.2924626341296567 0.2623609101814935 0.24243285829140274 0.22250480640131198 0.20257675451118726 0.1826487026210965 0.16272065073100578 0.14279259884091502 0.12286454695082427 0.10293649506073352 0.08300844317064277 0.06308039128055201 0.043152339390461286 0.03285591347052247 0.03285591347052247 0.03285591347052247 0.03285591347052247 0.03285591347052247 0.03285591347052247 0.03285591347052247 0.03285591347052247 0.03285591347052247 0.03285591347052247 0.03285591347052247 0.03285591347052247 0.0315325868065372 0.028794594017437104 0.02605660122833701 0.023318608439236922 0.02058061565013683 0.017842622861032068 0.015104630071931972 0.01236663728283188 0.009628644493731787 0.006890651704631694 0.004152658915531602 0.001414666126431513 0.0 0.0 0.0 0.0 0.0 0.0 0.0 0.0 0.0 0.0 0.0
0.819313635799102 0.819313635799102 0.7980587105999436 0.7540817899055503 0.710104869211082 0.6661279485166886 0.6221510278222953 0.5781741071279018 0.5341971864335084 0.4902202657391151 0.44624334504472174 0.40226642435032833 0.358289503655935 0.31431258296154163 0.28170249908178224 0.26124382072213187 0.2407851423624815 0.22032646400279624 0.1998677856431459 0.17940910728349552 0.15895042892384514 0.13849175056419477 0.11803307220454443 0.09757439384489405 0.07711571548524368 0.05665703712559331 0.04608644711951537 0.04608644711951537 0.04608644711951537 0.04608644711951537 0.04608644711951537 0.04608644711951537 0.04608644711951537 0.04608644711951537 0.04608644711951537 0.04608644711951537 0.04608644711951537 0.04608644711951537 0.04423023866631506 0.040389701406509895 0.03654916414670474 0.03270862688689957 0.028868089627094414 0.025027552367282706 0.021187015107477544 0.017346477847672386 0.013505940587867221 0.009665403328062067 0.005824866068256905 0.0019843288084517435 0.0 0.0 0.0 0.0 0.0 0.0 0.0 0.0 0.0 0.0 0.0
0.8912124736804827 0.8912124736804827 0.867851047144207 0.8195157275668709 0.7711804079894522 0.722845088412116 0.6745097688347799 0.6261744492574437 0.5778391296801074 0.5295038101027713 0.48116849052543503 0.43283317094809887 0.38449785137076264 0.3361625317934265 0.30104408798207094 0.280054783152861 0.259065478323651 0.23807617349440519 0.21708686866519522 0.19609756383598523 0.17510825900677524 0.15411895417756527 0.13312964934835528 0.11214034451914529 0.09115103968993529 0.07016173486072533 0.059316980768508276 0.059316980768508276 0.059316980768508276 0.059316980768508276 0.059316980768508276 0.059316980768508276 0.059316980768508276 0.059316980768508276 0.059316980768508276 0.059316980768508276 0.059316980768508276 0.059316980768508276 0.05692789052609292 0.05198480879558269 0.04704172706507246 0.04209864533456223 0.037155563604052005 0.032212481873533344 0.02726940014302312 0.02232631841251289 0.017383236682002666 0.012440154951492435 0.007497073220982205 0.002553991490471981 0.0 0.0 0.0 0.0 0.0 0.0 0.0 0.0 0.0 0.0 0.0
-9999.0 -9999.0 0.9376433836884703 0.8849496652281914 0.8322559467678226 0.7795622283075435 0.7268685098472645 0.6741747913869856 0.6214810729267064 0.5687873544664275 0.5160936360061484 0.46339991754586946 0.4107061990855905 0.35801248062531144 0.3203856768823597 0.2988657455835901 0.27734581428482047 0.25582588298601416 0.23430595168724455 0.21278602038847494 0.19126608908970535 0.16974615779093574 0.14822622649216613 0.12670629519339652 0.10518636389462693 0.08366643259585732 0.07254751441750118 0.07254751441750118 0.07254751441750118 0.07254751441750118 0.07254751441750118 0.07254751441750118 0.07254751441750118 0.07254751441750118 0.07254751441750118 0.07254751441750118 0.07254751441750118 0.07254751441750118 0.06962554238587078 0.06357991618465549 0.057534289983440186 0.051488663782224886 0.04544303758100959 0.03939741137978399 0.03335178517856869 0.02730615897735339 0.021260532776138097 0.015214906574922797 0.009169280373707497 0.0031236541724922046 0.0 0.0 0.0 0.0 0.0 0.0 0.0 0.0 0.0 0.0 0.0
-9999.0 -9999.0 1.0074357202327338 0.9503836028895118 0.8933314855461928 0.836279368202971 0.7792272508597491 0.7221751335165273 0.6651230161733055 0.6080708988300836 0.5510187814868618 0.49396666414364 0.4369145468004182 0.3798624294571963 0.33972726578264845 0.3176767080143192 0.29562615024599 0.27357559247762314 0.2515250347092939 0.22947447694096468 0.20742391917263545 0.18537336140430621 0.163322803635977 0.14127224586764778 0.11922168809931855 0.09717113033098934 0.08577804806649408 0.08577804806649408 0.08577804806649408 0.08577804806649408 0.08577804806649408 0.08577804806649408 0.08577804806649408 0.08577804806649408 0.08577804806649408 0.08577804806649408 0.08577804806649408 0.08577804806649408 0.08232319424564864 0.07517502357372827 0.0680268529018079 0.06087868222988754 0.05373051155796718 0.04658234088603463 0.039434170214114266 0.0322859995421939 0.025137828870273535 0.017989658198353173 0.010841487526432811 0.003693316854512449 0.0 0.0 0.0 0.0 0.0 0.0 0.0 0.0 0.0 0.0 0.0
1.106908987324625 1.106908987324625 1.077228056776997 1.0158175405508325 0.954407024324563 0.8929965080983984 0.8315859918722337 0.770175475646069 0.7087649594199044 0.6473544431937398 0.5859439269675751 0.5245334107414105 0.4631228945152458 0.40171237828908124 0.35906885468293714 0.3364876704450483 0.31390648620715944 0.2913253019692321 0.26874411773134327 0.24616293349345442 0.22358174925556557 0.2010005650176767 0.17841938077978786 0.155838196541899 0.13325701230401016 0.1106758280661213 0.09900858171548699 0.09900858171548699 0.09900858171548699 0.09900858171548699 0.09900858171548699 0.09900858171548699 0.09900858171548699 0.09900858171548699 0.09900858171548699 0.09900858171548699 0.09900858171548699 0.09900858171548699 0.09502084610542649 0.08677013096280106 0.07851941582017563 0.0702687006775502 0.06201798553492477 0.053767270392285266 0.045516555249659835 0.037265840107034404 0.029015124964408973 0.02076440982178354 0.012513694679158097 0.004262979536532666 0.0 0.0 0.0 0.0 0.0 0.0 0.0 0.0 0.0 0.0 0.0
