Figures/CREST_Example_wjb_NSE/Rolling_result/20100722/BJP_forecast/ens_5/wjb.rain.20100728.asc
ncols            288
nrows            254
xllcorner        113.274861
yllcorner        31.4918055
cellsize         0.008333333333
NODATA_value     -9999
[rows 20 to 39 of 254, columns 45 to 89 of 288]
5.524922589033695 5.524922589033695 5.524922589033695 5.524922589033695 5.524922589033695 5.524922589033695 5.524922589033695 5.524922589033695 5.524922589033695 5.524922589033695 5.524922589033695 -9999.0 -9999.0 -9999.0 -9999.0 -9999.0 -9999.0 -9999.0 -9999.0 -9999.0 -9999.0 -9999.0 -9999.0 -9999.0 -9999.0 5.524922589033695 5.524922589033695 5.524922589033695 5.524922589033695 5.524922589033695 5.524922589033695 5.524922589033695 5.524922589033695 5.524922589033695 5.524922589033695 5.524922589033695 5.524922589033695 5.524922589033695 5.524922589033695 5.524922589033695 5.524922589033695 5.524922589033695 2.595169757592195 2.5944255326301664 2.5936813076681373
5.524922589033695 5.524922589033695 5.524922589033695 5.524922589033695 5.524922589033695 5.524922589033695 5.524922589033695 5.524922589033695 5.524922589033695 5.524922589033695 5.524922589033695 5.524922589033695 5.524922589033695 -9999.0 -9999.0 -9999.0 -9999.0 -9999.0 -9999.0 -9999.0 -9999.0 -9999.0 -9999.0 -9999.0 -9999.0 5.524922589033695 5.524922589033695 5.524922589033695 5.524922589033695 5.524922589033695 5.524922589033695 5.524922589033695 5.524922589033695 5.524922589033695 5.524922589033695 5.524922589033695 5.524922589033695 5.524922589033695 5.524922589033695 5.524922589033695 5.524922589033695 5.524922589033695 2.1299164460901037 2.1350174358848903 2.1401184256796775
5.524922589033695 5.524922589033695 5.524922589033695 5.524922589033695 5.524922589033695 5.524922589033695 5.524922589033695 5.524922589033695 5.524922589033695 5.524922589033695 5.524922589033695 5.524922589033695 5.524922589033695 -9999.0 -9999.0 -9999.0 -9999.0 -9999.0 -9999.0 -9999.0 -9999.0 -9999.0 -9999.0 -9999.0 -9999.0 5.524922589033695 5.524922589033695 5.524922589033695 5.524922589033695 5.524922589033695 5.524922589033695 5.524922589033695 5.524922589033695 5.524922589033695 5.524922589033695 5.524922589033695 5.524922589033695 5.524922589033695 5.524922589033695 5.524922589033695 5.524922589033695 5.524922589033695 1.6646631345880123 1.6756093391396152 1.6865555436912179
5.524922589033695 5.524922589033695 5.524922589033695 5.524922589033695 5.524922589033695 5.524922589033695 5.524922589033695 5.524922589033695 5.524922589033695 5.524922589033695 5.524922589033695 5.524922589033695 5.524922589033695 -9999.0 -9999.0 -9999.0 -9999.0 -9999.0 -9999.0 -9999.0 -9999.0 -9999.0 -9999.0 -9999.0 -9999.0 5.524922589033695 5.524922589033695 5.524922589033695 5.524922589033695 5.524922589033695 5.524922589033695 5.524922589033695 5.524922589033695 5.524922589033695 5.524922589033695 5.524922589033695 5.524922589033695 5.524922589033695 5.524922589033695 5.524922589033695 5.524922589033695 5.524922589033695 1.199409823085921 1.2162012423943396 1.2329926617027582
5.524922589033695 5.524922589033695 5.524922589033695 5.524922589033695 5.524922589033695 5.524922589033695 5.524922589033695 5.524922589033695 5.524922589033695 5.524922589033695 5.524922589033695 5.524922589033695 5.524922589033695 5.524922589033695 5.524922589033695 -9999.0 5.524922589033695 5.524922589033695 -9999.0 -9999.0 -9999.0 -9999.0 -9999.0 -9999.0 5.524922589033695 5.524922589033695 5.524922589033695 5.524922589033695 5.524922589033695 5.524922589033695 5.524922589033695 5.524922589033695 5.524922589033695 5.524922589033695 5.524922589033695 5.524922589033695 5.524922589033695 5.524922589033695 5.524922589033695 5.524922589033695 5.524922589033695 5.524922589033695 0.7341565115838294 0.756793145649064 0.7794297797142984
2.2482852279026497 2.2386712406649445 2.2290572534272397 2.219443266189535 2.2098292789518297 2.200215291714125 2.1819354434034453 2.1543915937358746 2.126847744068351 2.0993038944008275 2.071760044733304 2.04421619506578 2.0166723453982565 1.989128495730733 1.9615846460632094 1.9340407963956858 1.906496946728162 1.8789530970606385 1.8702735135821087 1.881760257077254 -9999.0 -9999.0 -9999.0 -9999.0 1.9391939745530005 1.950680718048146 1.9621674615432914 1.9736542050384367 1.985140948533582 1.9966276920287274 1.9442426586115287 1.8235772517528273 1.702911844894126 1.5822464380352188 1.4615810311765176 1.3409156243178162 1.2202502174591148 1.0995848106004136 0.9789194037417122 0.858253996883011 0.7375885900243095 0.6169231831656081 0.5662895631998588 0.5905215067452773 0.6147534502906958
2.2507028239976177 2.250195395565045 2.2496879671324725 2.2491805386998998 2.248673110267327 2.248165681834754 2.24137953238538 2.2278812882544408 2.214383044123524 2.200884799992608 2.187386555861692 2.1738883117307752 2.160390067599859 2.1468918234689425 2.1333935793380263 2.1198953352071097 2.1063970910761936 2.0928988469452774 2.080314735824105 2.0687078535538856 -9999.0 -9999.0 -9999.0 -9999.0 2.0106734422027674 1.999066559932548 1.9874596776623281 1.9758527953921086 1.9642459131218888 1.9526390308516692 1.8966739785799278 1.7932890397901993 1.689904101000471 1.586519162210566 1.4831342234208376 1.3797492846311092 1.2763643458413807 1.1729794070516522 1.0695944682619238 0.9662095294721952 0.8628245906824668 0.7594396518927382 0.7163098840951609 0.7375942563749257 0.7588786286546905
2.2531204200925874 2.261719550465155 2.2703186808377223 2.27891781121029 2.287516941582857 2.2961160719554248 2.3008236213673654 2.301370982773069 2.3019183441787723 2.302465705584475 2.3030130669901783 2.303560428395881 2.304107789801584 2.304655151207287 2.30520251261299 2.3057498740186926 2.306297235424396 2.3068445968300986 2.290355958066281 2.2556554500306762 2.220954941995013 -9999.0 -9999.0 -9999.0 2.0821529098525953 2.0474524018169906 2.0127518937813864 1.978051385745782 1.9433508777101776 1.9086503696745731 1.8491052985482863 1.7630008278275455 1.6768963571068045 1.590791886385917 1.504687415665176 1.4185829449444352 1.3324784742236941 1.2463740035029534 1.1602695327822126 1.0741650620614718 0.9880605913407308 0.9019561206199899 0.8663302049905911 0.8846670060046995 0.903003807018808
2.255538016187556 2.2732437053652554 2.290949394542955 2.3086550837206548 2.3263607728983544 2.344066462076054 2.3602677103493 2.374860677291635 2.3894536442339454 2.404046611176256 2.418639578118566 2.4332325450608763 2.4478255120031864 2.4624184789454966 2.477011445887807 2.4916044128301174 2.5061973797724275 2.5207903467147377 2.5003971803082776 2.4426030465073083 2.38480891270624 2.3270147789052706 2.2692206451043013 2.2114265113033316 2.1536323775023622 2.095838243701393 2.038044109900423 1.9802499760994539 1.9224558422984845 1.864661708497515 1.8015366185166855 1.7327126158649175 1.6638886132131494 1.595064610561264 1.5262406079094961 1.457416605257728 1.38859260260596 1.319768599954192 1.250944597302424 1.182120594650656 1.113296591998888 1.0444725893471198 1.0163505258858931 1.031739755634348 1.0471289853828025
2.2579556122825237 2.2847678602653554 2.3115801082481875 2.3383923562310196 2.3652046042138513 2.3920168521966834 2.419711799331235 2.4483503718102013 2.476988944289119 2.5056275167680364 2.534266089246954 2.5629046617258715 2.591543234204789 2.6201818066837066 2.648820379162624 2.6774589516415417 2.7060975241204597 2.734736096599377 2.7104384025502744 2.62955064298394 2.5486628834174674 2.467775123851133 2.3868873642847985 2.3059996047184637 2.2251118451521292 2.144224085585795 2.06333632601946 1.9824485664531255 1.901560806886791 1.8206730473204564 1.7539679384850846 1.7024244039022893 1.6508808693194943 1.5993373347366113 1.547793800153816 1.496250265571021 1.4447067309882258 1.3931631964054305 1.3416196618226355 1.2900761272398404 1.2385325926570452 1.18698905807425 1.1663708467811953 1.1788125052639962 1.1912541637467973
2.260373208377492 2.2962920151654562 2.3322108219534203 2.368129628741385 2.404048435529349 2.439967242317313 2.47915588831317 2.5218400663287674 2.5645242443442924 2.6072084223598173 2.6498926003753422 2.692576778390867 2.735260956406392 2.777945134421917 2.8206293124374415 2.8633134904529665 2.9059976684684914 2.9486818464840163 2.920479624792271 2.8164982394605715 2.712516854128695 2.608535468796995 2.5045540834652953 2.4005726981335958 2.296591312801896 2.1926099274701967 2.0886285421384967 1.9846471568067972 1.8806657714750976 1.776684386143398 1.7063992584534835 1.6721361919396613 1.637873125425839 1.6036100589119584 1.569346992398136 1.5350839258843139 1.5008208593704915 1.466557792856669 1.432294726342847 1.3980316598290248 1.3637685933152024 1.32950552680138 1.3163911676764974 1.3258852548936446 1.3353793421107918
2.26279080447246 2.3078161700655566 2.352841535658653 2.3978669012517493 2.4428922668448463 2.4879176324379424 2.5385999772951044 2.5953297608473336 2.652059544399466 2.7087893279515978 2.76551911150373 2.8222488950558624 2.8789786786079943 2.9357084621601266 2.9924382457122585 3.049168029264391 3.105897812816523 3.162627596368655 3.130520847034268 3.003445835937203 2.876370824839922 2.749295813742857 2.622220802645792 2.495145791548728 2.3680707804516627 2.240995769354598 2.1139207582575334 1.9868457471604688 1.8597707360634042 1.7326957249663395 1.6588305784218826 1.6418479799770331 1.6248653815321839 1.6078827830873055 1.590900184642456 1.5739175861976067 1.5569349877527572 1.539952389307908 1.5229697908630584 1.505987192418209 1.4890045939733596 1.47202199552851 1.4664114885717996 1.472958004523293 1.4795045204747865
2.265208400567428 2.319340324965657 2.3734722493638856 2.4276041737621146 2.481736098160343 2.535868022558572 2.598044066277039 2.6688194553658997 2.739594844454639 2.8103702335433782 2.881145622632118 2.951921011720857 3.022696400809597 3.093471789898336 3.1642471789870754 3.235022568075815 3.3057979571645544 3.376573346253294 3.340562069276264 3.1903934324138343 3.0402247955511488 2.8900561586887186 2.7398875218262893 2.5897188849638595 2.4395502481014297 2.289381611239 2.13921297437657 1.9890443375141407 1.838875700651711 1.6887070637892811 1.6112618983902818 1.6115597680144051 1.6118576376385285 1.6121555072626526 1.612453376886776 1.6127512465108995 1.6130491161350229 1.6133469857591465 1.6136448553832698 1.6139427250073932 1.6142405946315168 1.6145384642556402 1.6164318094671017 1.6200307541529413 1.623629698838781
2.267625996662398 2.330864479865767 2.3941029630691357 2.4573414462725047 2.5205799294758733 2.5838184126792423 2.6574881552590246 2.742309149884528 2.827130144509887 2.9119511391352457 2.9967721337606044 3.081593128385963 3.1664141230113216 3.2512351176366807 3.3360561122620394 3.420877106887398 3.505698101512757 3.5905190961381157 3.5506032915184402 3.3773410288906254 3.2040787662625156 3.0308165036347012 2.857554241006887 2.684291978379072 2.5110297157512576 2.337767453123443 2.1645051904956283 1.991242927867814 1.8179806652399995 1.644718402612185 1.5636932183586403 1.5812715560517514 1.5988498937448625 1.6164282314380034 1.6340065691311145 1.6515849068242257 1.6691632445173366 1.6867415822104477 1.7043199199035588 1.7218982575966697 1.7394765952897808 1.757054932982892 1.766452130362532 1.7671035037827152 1.7677548772028986
2.270043592757366 2.342388634765867 2.4147336767743686 2.4870787187828696 2.5594237607913706 2.6317688027998716 2.7169322442409594 2.815798844403094 2.91466544456506 3.013532044727026 3.112398644888992 3.2112652450509582 3.3101318452129243 3.4089984453748903 3.5078650455368563 3.6067316456988223 3.7055982458607883 3.8044648460227544 3.7606445137604365 3.564288625367257 3.3679327369737426 3.171576848580563 2.9752209601873836 2.778865071794204 2.5825091834010245 2.386153295007845 2.1897974066146655 1.993441518221486 1.7970856298283064 1.600729741435127 1.5161245383270394 1.5509833440891232 1.5858421498512072 1.6207009556133505 1.6555597613754345 1.6904185671375185 1.7252773728996025 1.7601361786616863 1.7949949844237703 1.829853790185854 1.864712595947938 1.899571401710022 1.9164724512578342 1.9141762534123636 1.911880055566893
2.2724611888523345 2.353912789665968 2.4353643904796014 2.516815991293235 2.5982675921068683 2.6797191929205013 2.7763763332228946 2.8892885389216603 3.0022007446202337 3.115112950318807 3.2280251560173805 3.340937361715954 3.453849567414527 3.5667617731131003 3.6796739788116737 3.792586184510247 3.9054983902088205 4.018410595907394 3.9706857360024332 3.7512362218438886 3.53178670768497 3.3123371935264254 3.092887679367881 2.873438165209336 2.6539886510507915 2.434539136892247 2.2150896227337022 1.9956401085751576 1.776190594416613 1.5567410802580683 1.4685558582954386 1.5206951321264954 1.572834405957552 1.6249736797886978 1.6771129536197547 1.7292522274508113 1.7813915012818682 1.833530775112925 1.8856700489439817 1.9378093227750384 1.9899485966060952 2.042087870437152 2.0664927721531363 2.061249003042012 2.056005233930888
2.2748787849473024 2.3654369445660683 2.455995104184834 2.5465532638035997 2.637111423422365 2.7276695830411306 2.8358204222048293 2.9627782334402264 3.089736044675407 3.216693855910588 3.3436516671457683 3.470609478380949 3.59756728961613 3.7245251008513103 3.851482912086491 3.978440723321672 4.105398534556852 4.232356345792033 4.18072695824443 3.9381838183205207 3.695640678396197 3.4530975384722877 3.210554398548378 2.9680112586244682 2.725468118700559 2.4829249787766488 2.2403818388527394 1.9978386989288297 1.75529555900492 1.5127524190810102 1.4209871782638377 1.4904069201638672 1.559826662063897 1.629246403964045 1.6986661458640746 1.7680858877641041 1.8375056296641339 1.9069253715641636 1.9763451134641932 2.045764855364223 2.1151845972642525 2.184604339164282 2.2165130930484382 2.2083217526716603 2.2001304122948824
2.2712030146263626 2.3708562373789857 2.4705094601316087 2.5701626828842317 2.669815905636855 2.7694691283894777 2.8829205634704 3.0111225994041244 3.13932463533763 3.2675266712711353 3.3957287072046407 3.5239307431381466 3.652132779071652 3.7803348150051574 3.9085368509386633 4.036738886872168 4.164940922805674 4.29314295873918 4.2391984427397595 3.9905351453890687 3.741871848037954 3.493208550687263 3.2445452533365717 2.995881955985881 2.74721865863519 2.498555361284499 2.2498920639338085 2.001228766583117 1.7525654692324264 1.5039021718817356 1.4118071048825798 1.4870870156008806 1.5623669263191817 1.6376468370376112 1.7129267477559122 1.7882066584742131 1.8634865691925142 1.9387664799108153 2.014046390629116 2.0893263013474175 2.1646062120657183 2.2398861227840197 2.2734927831795537 2.2625497968050454 2.2516068104305376
2.261013819836039 2.369749817574809 2.4784858153135785 2.5872218130523486 2.695957810791118 2.804693808529888 2.9168258029991168 3.032588194731306 3.1483505864632977 3.264112978195289 3.379875369927281 3.495637761659273 3.6114001533912643 3.727162545123256 3.8429249368552476 3.9586873285872395 4.074449720319231 4.190212112051222 4.135651435112281 3.8990115476932736 3.6623716602738634 3.4257317728548564 3.1890918854358494 2.952451998016843 2.7158121105978363 2.4791722231788293 2.242532335759823 2.005892448340816 1.7692525609218093 1.5326126735028023 1.4436620313413275 1.512594531108365 1.5815270308754026 1.6504595306425578 1.7193920304095953 1.7883245301766328 1.8572570299436704 1.9261895297107081 1.9951220294777456 2.064054529244783 2.132987029011821 2.201919528778858 2.231017905883998 2.2175327052687166 2.204047504653435
2.250824625045716 2.3686433977706325 2.4864621704955487 2.6042809432204654 2.722099715945382 2.8399184886702984 2.9507310425278335 3.0540537900584876 3.1573765375889655 3.2606992851194434 3.3640220326499213 3.467344780180399 3.570667527710877 3.6739902752413545 3.7773130227718323 3.88063577030231 3.983958517832788 4.087281265363266 4.032104427484801 3.8074879499974785 3.5828714725097726 3.3582549950224503 3.1336385175351276 2.9090220400478053 2.6844055625604826 2.45978908507316 2.235172607585837 2.0105561300985144 1.7859396526111921 1.5613231751238694 1.4755169578000755 1.5381020466158495 1.6006871354316237 1.6632722242475044 1.7258573130632786 1.7884424018790528 1.8510274906948267 1.913612579510601 1.9761976683263751 2.0387827571421493 2.101367845957923 2.163952934773697 2.188543028588442 2.1725156137323873 2.1564881988763327
