Figures/CREST_Example_wjb_NSE/Rolling_result/20100722/BJP_forecast/ens_12/wjb.rain.20100726.asc
ncols            288
nrows            254
xllcorner        113.274861
yllcorner        31.4918055
cellsize         0.008333333333
NODATA_value     -9999
[rows 20 to 39 of 254, columns 0 to 44 of 288]
-9999.0 -9999.0 -9999.0 -9999.0 -9999.0 -9999.0 -9999.0 -9999.0 -9999.0 -9999.0 -9999.0 -9999.0 -9999.0 -9999.0 -9999.0 -9999.0 -9999.0 -9999.0 -9999.0 -9999.0 -9999.0 -9999.0 -9999.0 5.7881307981877645 5.7881307981877645 5.7881307981877645 5.7881307981877645 5.7881307981877645 5.7881307981877645 5.7881307981877645 5.7881307981877645 5.7881307981877645 5.7881307981877645 5.7881307981877645 5.7881307981877645 5.7881307981877645 5.7881307981877645 5.7881307981877645 5.7881307981877645 5.7881307981877645 5.7881307981877645 5.7881307981877645 5.7881307981877645 5.7881307981877645 5.7881307981877645
-9999.0 -9999.0 -9999.0 -9999.0 -9999.0 -9999.0 -9999.0 -9999.0 -9999.0 -9999.0 -9999.0 -9999.0 -9999.0 -9999.0 -9999.0 -9999.0 -9999.0 -9999.0 -9999.0 -9999.0 -9999.0 -9999.0 5.7881307981877645 5.7881307981877645 5.7881307981877645 5.7881307981877645 5.7881307981877645 5.7881307981877645 5.7881307981877645 5.7881307981877645 5.7881307981877645 5.7881307981877645 5.7881307981877645 5.7881307981877645 5.7881307981877645 5.7881307981877645 5.7881307981877645 5.7881307981877645 5.7881307981877645 5.7881307981877645 5.7881307981877645 5.7881307981877645 5.7881307981877645 5.7881307981877645 5.7881307981877645
-9999.0 -9999.0 -9999.0 -9999.0 -9999.0 -9999.0 -9999.0 -9999.0 -9999.0 -9999.0 -9999.0 -9999.0 -9999.0 -9999.0 -9999.0 -9999.0 -9999.0 -9999.0 -9999.0 -9999.0 -9999.0 -9999.0 -9999.0 5.7881307981877645 5.7881307981877645 5.7881307981877645 5.7881307981877645 5.7881307981877645 5.7881307981877645 5.7881307981877645 5.7881307981877645 5.7881307981877645 5.7881307981877645 5.7881307981877645 5.7881307981877645 5.7881307981877645 5.7881307981877645 5.7881307981877645 5.7881307981877645 5.7881307981877645 5.7881307981877645 5.7881307981877645 5.7881307981877645 5.7881307981877645 5.7881307981877645
-9999.0 -9999.0 -9999.0 -9999.0 -9999.0 -9999.0 -9999.0 -9999.0 -9999.0 -9999.0 -9999.0 -9999.0 -9999.0 -9999.0 -9999.0 -9999.0 -9999.0 -9999.0 -9999.0 -9999.0 -9999.0 -9999.0 5.7881307981877645 5.7881307981877645 5.7881307981877645 5.7881307981877645 5.7881307981877645 5.7881307981877645 5.7881307981877645 5.7881307981877645 5.7881307981877645 5.7881307981877645 5.7881307981877645 5.7881307981877645 5.7881307981877645 5.7881307981877645 5.7881307981877645 5.7881307981877645 5.7881307981877645 5.7881307981877645 5.7881307981877645 5.7881307981877645 5.7881307981877645 5.7881307981877645 5.7881307981877645
-9999.0 -9999.0 -9999.0 -9999.0 -9999.0 -9999.0 -9999.0 -9999.0 -9999.0 -9999.0 -9999.0 -9999.0 -9999.0 -9999.0 -9999.0 -9999.0 -9999.0 -9999.0 -9999.0 -9999.0 -9999.0 -9999.0 5.7881307981877645 5.7881307981877645 5.7881307981877645 5.7881307981877645 5.7881307981877645 5.7881307981877645 5.7881307981877645 5.7881307981877645 5.7881307981877645 5.7881307981877645 5.7881307981877645 5.7881307981877645 5.7881307981877645 5.7881307981877645 5.7881307981877645 5.7881307981877645 5.7881307981877645 5.7881307981877645 5.7881307981877645 5.7881307981877645 5.7881307981877645 5.7881307981877645 5.7881307981877645
-9999.0 -9999.0 -9999.0 -9999.0 -9999.0 -9999.0 -9999.0 -9999.0 -9999.0 -9999.0 -9999.0 -9999.0 -9999.0 -9999.0 -9999.0 -9999.0 -9999.0 -9999.0 -9999.0 -9999.0 -9999.0 -9999.0 5.7881307981877645 5.7881307981877645 5.7881307981877645 5.7881307981877645 5.7881307981877645 0.0020361440487091254 0.0033634057466493373 0.004690667444589548 0.0060179291425297606 0.007345190840469972 0.008672452538410185 0.009999714236350396 0.011326975934290608 0.012654237632230819 0.01398149933017103 0.015308761028111243 0.016636022726051455 0.04269546696641986 0.09519417330187009 0.14769287963732033 0.20019158597277056 0.2526902923082208 0.30518899864367105
-9999.0 -9999.0 -9999.0 -9999.0 -9999.0 -9999.0 -9999.0 -9999.0 -9999.0 -9999.0 -9999.0 -9999.0 -9999.0 -9999.0 -9999.0 -9999.0 5.7881307981877645 5.7881307981877645 5.7881307981877645 5.7881307981877645 5.7881307981877645 5.7881307981877645 5.7881307981877645 5.7881307981877645 5.7881307981877645 5.7881307981877645 5.7881307981877645 0.006248797688230568 0.010322080143380968 0.014395362598531367 0.018468645053681766 0.022541927508832167 0.026615209963982568 0.030688492419132966 0.03476177487428336 0.038835057329433764 0.042908339784584165 0.046981622239734566 0.05105490469488497 0.08150903854202321 0.14016489874498914 0.19882075894795506 0.257476619150921 0.3161324793538869 0.3747883395568528
-9999.0 -9999.0 -9999.0 -9999.0 -9999.0 -9999.0 -9999.0 -9999.0 -9999.0 -9999.0 -9999.0 -9999.0 -9999.0 -9999.0 -9999.0 -9999.0 5.7881307981877645 5.7881307981877645 5.7881307981877645 5.7881307981877645 5.7881307981877645 5.7881307981877645 5.7881307981877645 5.7881307981877645 5.7881307981877645 5.7881307981877645 5.7881307981877645 0.010461451327755604 0.017280754540118536 0.024100057752481467 0.0309193609648444 0.03773866417720733 0.04455796738957027 0.0513772706019332 0.05819657381429613 0.06501587702665906 0.071835180239022 0.07865448345138493 0.08547378666374786 0.12032261011765966 0.18513562418814652 0.24994863825863337 0.31476165232912023 0.3795746663996071 0.44438768047009397
-9999.0 -9999.0 -9999.0 -9999.0 -9999.0 -9999.0 -9999.0 -9999.0 -9999.0 -9999.0 -9999.0 -9999.0 -9999.0 -9999.0 -9999.0 5.7881307981877645 5.7881307981877645 5.7881307981877645 5.7881307981877645 5.7881307981877645 5.7881307981877645 5.7881307981877645 5.7881307981877645 5.7881307981877645 5.7881307981877645 5.7881307981877645 5.7881307981877645 0.014674104967277052 0.024239428936850178 0.033804752906423305 0.04337007687599643 0.05293540084556955 0.06250072481514268 0.07206604878471581 0.08163137275428892 0.09119669672386205 0.10076202069343518 0.11032734466300831 0.11989266863258144 0.15913618169326305 0.23010634963126558 0.3010765175692681 0.37204668550727066 0.4430168534452732 0.5139870213832758
-9999.0 -9999.0 -9999.0 -9999.0 -9999.0 -9999.0 -9999.0 -9999.0 -9999.0 -9999.0 -9999.0 -9999.0 -9999.0 -9999.0 -9999.0 5.7881307981877645 5.7881307981877645 5.7881307981877645 5.7881307981877645 5.7881307981877645 5.7881307981877645 5.7881307981877645 5.7881307981877645 5.7881307981877645 5.7881307981877645 5.7881307981877645 5.7881307981877645 0.018886758606798497 0.031198103333581813 0.043509448060365136 0.05582079278714845 0.06813213751393177 0.0804434822407151 0.0927548269674984 0.10506617169428173 0.11737751642106503 0.12968886114784836 0.14200020587463166 0.154311550601415 0.19794975326886644 0.27507707507438467 0.3522043968799029 0.4293317186854211 0.5064590404909393 0.5835863622964576
-9999.0 -9999.0 -9999.0 -9999.0 -9999.0 -9999.0 -9999.0 -9999.0 -9999.0 -9999.0 -9999.0 -9999.0 -9999.0 -9999.0 -9999.0 5.7881307981877645 5.7881307981877645 5.7881307981877645 5.7881307981877645 5.7881307981877645 5.7881307981877645 5.7881307981877645 5.7881307981877645 5.7881307981877645 5.7881307981877645 5.7881307981877645 5.7881307981877645 0.02309941224631994 0.03815677773031345 0.05321414321430696 0.06827150869830047 0.08332887418229398 0.09838623966628748 0.11344360515028099 0.12850097063427451 0.14355833611826802 0.15861570160226152 0.17367306708625502 0.18873043257024852 0.2367633248444698 0.3200478005175037 0.4033322761905376 0.48661675186357145 0.5699012275366053 0.6531857032096392
-9999.0 -9999.0 -9999.0 -9999.0 -9999.0 -9999.0 -9999.0 -9999.0 -9999.0 -9999.0 -9999.0 -9999.0 -9999.0 -9999.0 -9999.0 5.7881307981877645 5.7881307981877645 5.7881307981877645 5.7881307981877645 5.7881307981877645 5.7881307981877645 5.7881307981877645 5.7881307981877645 5.7881307981877645 5.7881307981877645 5.7881307981877645 5.7881307981877645 0.027312065885841386 0.04511545212704508 0.06291883836824878 0.08072222460945248 0.09852561085065618 0.11632899709185987 0.13413238333306357 0.15193576957426727 0.16973915581547094 0.18754254205667464 0.20534592829787834 0.22314931453908204 0.27557689642007316 0.36501852596062273 0.45446015550117225 0.5439017850417218 0.6333434145822714 0.722785044122821
-9999.0 -9999.0 -9999.0 -9999.0 -9999.0 -9999.0 -9999.0 -9999.0 -9999.0 -9999.0 -9999.0 -9999.0 -9999.0 -9999.0 5.7881307981877645 5.7881307981877645 5.7881307981877645 5.7881307981877645 5.7881307981877645 5.7881307981877645 5.7881307981877645 5.7881307981877645 5.7881307981877645 5.7881307981877645 5.7881307981877645 5.7881307981877645 5.7881307981877645 0.03152471952536283 0.05207412652377673 0.07262353352219061 0.09317294052060451 0.1137223475190184 0.13427175451743228 0.15482116151584618 0.17537056851426006 0.19591997551267396 0.21646938251108785 0.23701878950950173 0.2575681965079156 0.31439046799567655 0.4099892514037418 0.5055880348118071 0.6011868182198723 0.6967856016279377 0.7923843850360028
-9999.0 -9999.0 -9999.0 -9999.0 -9999.0 -9999.0 -9999.0 -9999.0 -9999.0 -9999.0 -9999.0 -9999.0 -9999.0 -9999.0 5.7881307981877645 5.7881307981877645 5.7881307981877645 5.7881307981877645 5.7881307981877645 5.7881307981877645 5.7881307981877645 5.7881307981877645 5.7881307981877645 5.7881307981877645 5.7881307981877645 5.7881307981877645 5.7881307981877645 0.03573737316488787 0.05903280092051429 0.08232822867614072 0.10562365643176715 0.12891908418739356 0.15221451194302 0.17550993969864642 0.19880536745427285 0.22210079520989925 0.24539622296552568 0.2686916507211521 0.2919870784767785 0.353204039571313 0.45495997684689915 0.5567159141224853 0.6584718513980715 0.7602277886736577 0.8619837259492439
-9999.0 -9999.0 -9999.0 -9999.0 -9999.0 -9999.0 -9999.0 -9999.0 -9999.0 -9999.0 -9999.0 -9999.0 -9999.0 -9999.0 5.7881307981877645 5.7881307981877645 5.7881307981877645 5.7881307981877645 5.7881307981877645 5.7881307981877645 5.7881307981877645 5.7881307981877645 5.7881307981877645 5.7881307981877645 5.7881307981877645 5.7881307981877645 5.7881307981877645 0.03995002680440931 0.06599147531724592 0.09203292383008252 0.11807437234291913 0.14411582085575575 0.17015726936859235 0.19619871788142895 0.22224016639426555 0.24828161490710218 0.2743230634199388 0.3003645119327754 0.326405960445612 0.39201761114691636 0.49993070229001824 0.60784379343312 0.7157568845762219 0.8236699757193238 0.9315830668624256
-9999.0 -9999.0 -9999.0 -9999.0 -9999.0 -9999.0 -9999.0 -9999.0 -9999.0 -9999.0 -9999.0 -9999.0 -9999.0 -9999.0 5.7881307981877645 5.7881307981877645 5.7881307981877645 5.7881307981877645 5.7881307981877645 5.7881307981877645 5.7881307981877645 5.7881307981877645 5.7881307981877645 5.7881307981877645 5.7881307981877645 5.7881307981877645 5.7881307981877645 0.044162680443930756 0.07295014971397756 0.10173761898402436 0.13052508825407116 0.15931255752411794 0.18810002679416474 0.21688749606421154 0.24567496533425834 0.27446243460430514 0.30324990387435197 0.3320373731443988 0.36082484241444557 0.43083118272251975 0.5449014277331372 0.6589716727437549 0.7730419177543724 0.8871121627649898 1.0011824077756075
-9999.0 -9999.0 -9999.0 -9999.0 -9999.0 -9999.0 -9999.0 -9999.0 -9999.0 -9999.0 -9999.0 -9999.0 -9999.0 5.7881307981877645 5.7881307981877645 5.7881307981877645 5.7881307981877645 5.7881307981877645 5.7881307981877645 5.7881307981877645 5.7881307981877645 5.7881307981877645 5.7881307981877645 5.7881307981877645 5.7881307981877645 5.7881307981877645 5.7881307981877645 0.0483753340834522 0.0799088241107092 0.11144231413796618 0.14297580416522318 0.17450929419248015 0.20604278421973715 0.23757627424699412 0.26910976427425115 0.3006432543015081 0.3321767443287651 0.36371023435602207 0.3952437243832791 0.4696447542981231 0.5898721531762563 0.7100995520543895 0.8303269509325226 0.9505543498106559 1.0707817486887892
-9999.0 -9999.0 -9999.0 -9999.0 -9999.0 -9999.0 -9999.0 -9999.0 -9999.0 -9999.0 -9999.0 -9999.0 5.7881307981877645 5.7881307981877645 5.7881307981877645 5.7881307981877645 5.7881307981877645 5.7881307981877645 5.7881307981877645 5.7881307981877645 5.7881307981877645 5.7881307981877645 5.7881307981877645 5.7881307981877645 5.7881307981877645 5.7881307981877645 5.7881307981877645 0.05736263185838664 0.08920455162239871 0.12104647138641078 0.15288839115042285 0.18473031091443493 0.216572230678447 0.24841415044245907 0.28025607020647114 0.3120979899704832 0.3439399097344953 0.37578182949850736 0.40762374926251943 0.4829748180209442 0.6048381503784765 0.726701482736009 0.8485648150935413 0.9704281474510736 1.092291479808606
-9999.0 -9999.0 -9999.0 -9999.0 -9999.0 -9999.0 -9999.0 -9999.0 -9999.0 -9999.0 -9999.0 -9999.0 -9999.0 5.7881307981877645 5.7881307981877645 5.7881307981877645 5.7881307981877645 5.7881307981877645 5.7881307981877645 5.7881307981877645 5.7881307981877645 5.7881307981877645 5.7881307981877645 5.7881307981877645 5.7881307981877645 5.7881307981877645 5.7881307981877645 0.07145372313948646 0.10099844154649049 0.13054315995349453 0.16008787836049856 0.1896325967675026 0.21917731517450664 0.24872203358151068 0.2782667519885147 0.30781147039551876 0.33735618880252277 0.3669009072095268 0.39644562561653085 0.46906461876192646 0.5877309850984189 0.7063973514349113 0.8250637177714037 0.9437300841078962 1.0623964504443886
-9999.0 -9999.0 -9999.0 -9999.0 -9999.0 -9999.0 -9999.0 -9999.0 -9999.0 -9999.0 -9999.0 -9999.0 -9999.0 5.7881307981877645 5.7881307981877645 5.7881307981877645 5.7881307981877645 5.7881307981877645 5.7881307981877645 5.7881307981877645 5.7881307981877645 5.7881307981877645 5.7881307981877645 5.7881307981877645 5.7881307981877645 5.7881307981877645 5.7881307981877645 0.08554481442058626 0.11279233147058226 0.14003984852057827 0.16728736557057425 0.19453488262057023 0.22178239967056623 0.24902991672056224 0.27627743377055825 0.3035249508205542 0.33077246787055026 0.3580199849205462 0.3852675019705422 0.4551544195029087 0.5706238198183612 0.6860932201338137 0.8015626204492661 0.9170320207647187 1.032501421080171
