Figures/CREST_Example_wjb_NSE/Rolling_result/20100722/BJP_forecast/ens_12/wjb.rain.20090820.asc
ncols            288
nrows            254
xllcorner        113.274861
yllcorner        31.4918055
cellsize         0.008333333333
NODATA_value     -9999
[rows 57 to 75 of 254, columns 88 to 131 of 288]
0.17282370262570054 0.17282370262570054 0.17282370262570054 0.17282370262570054 0.17282370262570054 0.17282370262570054 0.17282370262570054 0.17282370262570054 0.17282370262570054 0.17282370262570054 0.17282370262570054 0.16911913504958628 0.16145430097181718 0.15378946689404804 0.14612463281627894 0.1384597987385098 0.1307949646607276 0.12313013058295849 0.11546529650518937 0.10780046242742025 0.10013562834965113 0.09247079427188201 0.08480596019411289 0.08084569368877204 0.08084569368877204 0.08084569368877204 0.08084569368877204 0.08084569368877204 0.08084569368877204 0.08084569368877204 0.08084569368877204 0.08084569368877204 0.08084569368877204 0.08084569368877204 0.08084569368877204 0.08416374151607102 0.09102885750770447 0.09789397349933791 0.10475908949097137 0.11162420548260482 0.11848932147423827 0.12535443746587172 0.13221955345751688 0.13908466944915032
0.17738126328918788 0.17738126328918788 0.17738126328918788 0.17738126328918788 0.17738126328918788 0.17738126328918788 0.17738126328918788 0.17738126328918788 0.17738126328918788 0.17738126328918788 0.17738126328918788 0.1738769664455164 0.16662649704142865 0.1593760276373409 0.15212555823325316 0.1448750888291654 0.1376246194250653 0.13037415002097752 0.12312368061688977 0.11587321121280203 0.10862274180871428 0.10137227240462653 0.09412180300053878 0.0903756304366358 0.0903756304366358 0.0903756304366358 0.0903756304366358 0.0903756304366358 0.0903756304366358 0.0903756304366358 0.0903756304366358 0.0903756304366358 0.0903756304366358 0.0903756304366358 0.0903756304366358 0.09367169763344524 0.1004913352035085 0.10731097277357178 0.11413061034363504 0.12095024791369831 0.12776988548376159 0.13458952305382485 0.14140916062389974 0.148228798193963
0.18193882395267907 0.18193882395267907 0.18193882395267907 0.18193882395267907 0.18193882395267907 0.18193882395267907 0.18193882395267907 0.18193882395267907 0.18193882395267907 0.18193882395267907 0.18193882395267907 0.17863479784145053 0.1717986931110445 0.1649625883806385 0.15812648365023246 0.15129037891982644 0.14445427418940876 0.13761816945900274 0.13078206472859671 0.1239459599981907 0.11710985526778468 0.11027375053737866 0.10343764580697264 0.09990556718450769 0.09990556718450769 0.09990556718450769 0.09990556718450769 0.09990556718450769 0.09990556718450769 0.09990556718450769 0.09990556718450769 0.09990556718450769 0.09990556718450769 0.09990556718450769 0.09990556718450769 0.10317965375082758 0.10995381289932062 0.11672797204781366 0.12350213119630671 0.13027629034479976 0.1370504494932928 0.14382460864178584 0.15059876779029044 0.15737292693878346
0.1864963846161664 0.1864963846161664 0.1864963846161664 0.1864963846161664 0.1864963846161664 0.1864963846161664 0.1864963846161664 0.1864963846161664 0.1864963846161664 0.1864963846161664 0.1864963846161664 0.18339262923738064 0.176970889180656 0.17054914912393135 0.1641274090672067 0.15770566901048205 0.15128392895374645 0.1448621888970218 0.13844044884029713 0.1320187087835725 0.12559696872684784 0.11917522867012319 0.11275348861339853 0.10943550393237145 0.10943550393237145 0.10943550393237145 0.10943550393237145 0.10943550393237145 0.10943550393237145 0.10943550393237145 0.10943550393237145 0.10943550393237145 0.10943550393237145 0.10943550393237145 0.10943550393237145 0.1126876098682018 0.11941629059512465 0.12614497132204752 0.1328736520489704 0.13960233277589323 0.1463310135028161 0.15305969422973897 0.1597883749566733 0.16651705568359618
0.20556310548198992 0.20556310548198992 0.20556310548198992 0.20556310548198992 0.20556310548198992 0.20556310548198992 0.20556310548198992 0.20556310548198992 0.20556310548198992 0.20556310548198992 0.20556310548198992 0.20198213893673825 0.19457303818652708 0.18716393743631587 0.1797548366861047 0.17234573593589353 0.1649366351856697 0.15752753443545853 0.15011843368524735 0.14270933293503615 0.13530023218482498 0.12789113143461378 0.12048203068440261 0.11665389647588009 0.11665389647588009 0.11665389647588009 0.11665389647588009 0.11665389647588009 0.11665389647588009 0.11665389647588009 0.11665389647588009 0.11665389647588009 0.11665389647588009 0.11665389647588009 0.11665389647588009 0.11997536815366841 0.12684756816939396 0.1337197681851195 0.14059196820084502 0.14746416821657057 0.15433636823229613 0.16120856824802166 0.16808076826375892 0.17495296827948445
0.24013920376000847 0.24013920376000847 0.24013920376000847 0.24013920376000847 0.24013920376000847 0.24013920376000847 0.24013920376000847 0.24013920376000847 0.24013920376000847 0.24013920376000847 0.24013920376000847 0.23535684061553142 0.2254620231371299 0.2155672056587284 0.20567238818032685 0.19577757070192536 0.18588275322350695 0.17598793574510546 0.16609311826670392 0.15619830078830244 0.1463034833099009 0.13640866583149938 0.12651384835309787 0.12140139401441505 0.12140139401441505 0.12140139401441505 0.12140139401441505 0.12140139401441505 0.12140139401441505 0.12140139401441505 0.12140139401441505 0.12140139401441505 0.12140139401441505 0.12140139401441505 0.12140139401441505 0.12488987494665736 0.13210762088672728 0.1393253668267972 0.1465431127668671 0.153760858706937 0.16097860464700692 0.16819635058707683 0.17541409652715906 0.18263184246722897
0.274715302038027 0.274715302038027 0.274715302038027 0.274715302038027 0.274715302038027 0.274715302038027 0.274715302038027 0.274715302038027 0.274715302038027 0.274715302038027 0.274715302038027 0.26873154229432455 0.2563510080877327 0.24397047388114088 0.23158993967454902 0.21920940546795717 0.2068288712613442 0.19444833705475234 0.18206780284816051 0.16968726864156866 0.1573067344349768 0.14492620022838495 0.1325456660217931 0.12614889155294998 0.12614889155294998 0.12614889155294998 0.12614889155294998 0.12614889155294998 0.12614889155294998 0.12614889155294998 0.12614889155294998 0.12614889155294998 0.12614889155294998 0.12614889155294998 0.12614889155294998 0.12980438173964629 0.13736767360406058 0.14493096546847486 0.15249425733288915 0.16005754919730344 0.16762084106171773 0.17518413292613202 0.18274742479055922 0.1903107166549735
0.3092914003160456 0.3092914003160456 0.3092914003160456 0.3092914003160456 0.3092914003160456 0.3092914003160456 0.3092914003160456 0.3092914003160456 0.3092914003160456 0.3092914003160456 0.3092914003160456 0.30210624397311775 0.28723999303833553 0.27237374210355336 0.2575074911687712 0.242641240233989 0.22777498929918147 0.21290873836439927 0.1980424874296171 0.18317623649483494 0.16830998556005275 0.15344373462527058 0.1385774836904884 0.13089638909148493 0.13089638909148493 0.13089638909148493 0.13089638909148493 0.13089638909148493 0.13089638909148493 0.13089638909148493 0.13089638909148493 0.13089638909148493 0.13089638909148493 0.13089638909148493 0.13089638909148493 0.13471888853263522 0.1426277263213939 0.15053656411015257 0.1584454018989112 0.16635423968766988 0.17426307747642855 0.18217191526518722 0.19008075305395936 0.19798959084271803
0.3438674985940641 0.3438674985940641 0.3438674985940641 0.3438674985940641 0.3438674985940641 0.3438674985940641 0.3438674985940641 0.3438674985940641 0.3438674985940641 0.3438674985940641 0.3438674985940641 0.3354809456519109 0.31812897798893836 0.3007770103259659 0.28342504266299334 0.2660730750000208 0.24872110733701872 0.2313691396740462 0.21401717201107368 0.19666520434810117 0.17931323668512864 0.16196126902215613 0.1446093013591836 0.13564388663001986 0.13564388663001986 0.13564388663001986 0.13564388663001986 0.13564388663001986 0.13564388663001986 0.13564388663001986 0.13564388663001986 0.13564388663001986 0.13564388663001986 0.13564388663001986 0.13564388663001986 0.13963339532562413 0.14788777903872719 0.15614216275183024 0.16439654646493326 0.17265093017803632 0.18090531389113934 0.1891596976042424 0.1974140813173595 0.20566846503046254
0.37844359687211215 0.37844359687211215 0.37844359687211215 0.37844359687211215 0.37844359687211215 0.37844359687211215 0.37844359687211215 0.37844359687211215 0.37844359687211215 0.37844359687211215 0.37844359687211215 0.3688556473307325 0.34901796293956755 0.3291802785484026 0.3093425941572376 0.2895049097660726 0.26966722537487386 0.24982954098370888 0.2299918565925439 0.21015417220137894 0.19031648781021396 0.170478803419049 0.15064111902788405 0.14039138416855887 0.14039138416855887 0.14039138416855887 0.14039138416855887 0.14039138416855887 0.14039138416855887 0.14039138416855887 0.14039138416855887 0.14039138416855887 0.14039138416855887 0.14039138416855887 0.14039138416855887 0.1445479021186173 0.153147831756065 0.1617477613935127 0.1703476910309604 0.1789476206684081 0.18754755030585582 0.19614747994330353 0.2047474095807659 0.21334733921821358
0.4130196951501307 0.4130196951501307 0.4130196951501307 0.4130196951501307 0.4130196951501307 0.4130196951501307 0.4130196951501307 0.4130196951501307 0.4130196951501307 0.4130196951501307 0.4130196951501307 0.40223034900952565 0.3799069478901704 0.35758354677081505 0.3352601456514598 0.31293674453210446 0.29061334341271106 0.2682899422933558 0.24596654117400046 0.22364314005464517 0.20131973893528987 0.17899633781593455 0.15667293669657928 0.1451388817070938 0.1451388817070938 0.1451388817070938 0.1451388817070938 0.1451388817070938 0.1451388817070938 0.1451388817070938 0.1451388817070938 0.1451388817070938 0.1451388817070938 0.1451388817070938 0.1451388817070938 0.1494624089116062 0.1584078844733983 0.16735336003519038 0.17629883559698245 0.18524431115877454 0.19418978672056664 0.2031352622823587 0.21208073784416603 0.22102621340595813
0.44759579342814926 0.44759579342814926 0.44759579342814926 0.44759579342814926 0.44759579342814926 0.44759579342814926 0.44759579342814926 0.44759579342814926 0.44759579342814926 0.44759579342814926 0.44759579342814926 0.43560505068831884 0.4107959328407732 0.38598681499322757 0.36117769714568193 0.3363685792981363 0.31155946145054836 0.2867503436030027 0.2619412257554571 0.23713210790791145 0.2123229900603658 0.18751387221282018 0.16270475436527454 0.14988637924562875 0.14988637924562875 0.14988637924562875 0.14988637924562875 0.14988637924562875 0.14988637924562875 0.14988637924562875 0.14988637924562875 0.14988637924562875 0.14988637924562875 0.14988637924562875 0.14988637924562875 0.15437691570459516 0.1636679371907316 0.17295895867686806 0.18224998016300453 0.19154100164914098 0.20083202313527743 0.2101230446214139 0.2194140661075662 0.22870508759370267
0.4821718917061678 0.4821718917061678 0.4821718917061678 0.4821718917061678 0.4821718917061678 0.4821718917061678 0.4821718917061678 0.4821718917061678 0.4821718917061678 0.4821718917061678 0.4821718917061678 0.468979752367112 0.44168491779137603 0.41439008321564 0.3870952486399041 0.3598004140641681 0.33250557948838555 0.30521074491264966 0.27791591033691365 0.25062107576117765 0.2233262411854417 0.19603140660970575 0.1687365720339698 0.15463387678416368 0.15463387678416368 0.15463387678416368 0.15463387678416368 0.15463387678416368 0.15463387678416368 0.15463387678416368 0.15463387678416368 0.15463387678416368 0.15463387678416368 0.15463387678416368 0.15463387678416368 0.15929142249758407 0.1689279899080649 0.17856455731854573 0.18820112472902656 0.19783769213950742 0.20747425954998824 0.21711082696046907 0.22674739437096633 0.23638396178144716
0.5167479899841864 0.5167479899841864 0.5167479899841864 0.5167479899841864 0.5167479899841864 0.5167479899841864 0.5167479899841864 0.5167479899841864 0.5167479899841864 0.5167479899841864 0.5167479899841864 0.5023544540459052 0.47257390274197886 0.44279335143805254 0.4130128001341262 0.3832322488301999 0.35345169752622285 0.32367114622229654 0.2938905949183702 0.26411004361444396 0.23432949231051764 0.20454894100659132 0.17476838970266506 0.15938137432269864 0.15938137432269864 0.15938137432269864 0.15938137432269864 0.15938137432269864 0.15938137432269864 0.15938137432269864 0.15938137432269864 0.15938137432269864 0.15938137432269864 0.15938137432269864 0.15938137432269864 0.164205929290573 0.17418804262539822 0.18417015596022343 0.1941522692950486 0.20413438262987382 0.21411649596469903 0.22409860929952424 0.23408072263436647 0.24406283596919165
0.5513240882622049 0.5513240882622049 0.5513240882622049 0.5513240882622049 0.5513240882622049 0.5513240882622049 0.5513240882622049 0.5513240882622049 0.5513240882622049 0.5513240882622049 0.5513240882622049 0.5357291557246983 0.5034628876925816 0.471196619660465 0.43893035162834837 0.40666408359623174 0.3743978155640601 0.34213154753194347 0.30986527949982684 0.2775990114677102 0.24533274343559358 0.21306647540347695 0.18080020737136032 0.1641288718612336 0.1641288718612336 0.1641288718612336 0.1641288718612336 0.1641288718612336 0.1641288718612336 0.1641288718612336 0.1641288718612336 0.1641288718612336 0.1641288718612336 0.1641288718612336 0.1641288718612336 0.16912043608356198 0.17944809534273154 0.18977575460190113 0.2001034138610707 0.2104310731202403 0.22075873237940985 0.2310863916385794 0.24141405089776663 0.2517417101569362
0.5859001865402529 0.5859001865402529 0.5859001865402529 0.5859001865402529 0.5859001865402529 0.5859001865402529 0.5859001865402529 0.5859001865402529 0.5859001865402529 0.5859001865402529 0.5859001865402529 0.5691038574035199 0.5343518726432108 0.4995998878829017 0.4648479031225926 0.43009591836228356 0.3953439336019152 0.3605919488416061 0.325839964081297 0.29108797932098796 0.25633599456067885 0.2215840098003698 0.1868320250400607 0.16887636939977257 0.16887636939977257 0.16887636939977257 0.16887636939977257 0.16887636939977257 0.16887636939977257 0.16887636939977257 0.16887636939977257 0.16887636939977257 0.16887636939977257 0.16887636939977257 0.16887636939977257 0.17403494287655508 0.18470814806006933 0.19538135324358358 0.20605455842709783 0.21672776361061208 0.22740096879412633 0.23807417397764058 0.248747379161173 0.2594205843446873
0.5794456542112275 0.5794456542112275 0.5794456542112275 0.5794456542112275 0.5794456542112275 0.5794456542112275 0.5794456542112275 0.5794456542112275 0.5794456542112275 0.5794456542112275 0.5794456542112275 0.5627882190432448 0.5283236090447672 0.4938589990462896 0.45939438904781194 0.4249297790493343 0.39046516905079787 0.3560005590523203 0.32153594905384264 0.287071339055365 0.25260672905688736 0.21814211905840974 0.18367750905993213 0.1658703342128633 0.1658703342128633 0.1658703342128633 0.1658703342128633 0.1658703342128633 0.1658703342128633 0.1658703342128633 0.1658703342128633 0.1658703342128633 0.1658703342128633 0.1658703342128633 0.1658703342128633 0.17131780376023314 0.18258874144711632 0.1938596791339995 0.20513061682088268 0.21640155450776585 0.22767249219464905 0.23894342988153222 0.2502143675684346 0.26148530525531777
0.5291319647777257 0.5291319647777257 0.5291319647777257 0.5291319647777257 0.5291319647777257 0.5291319647777257 0.5291319647777257 0.5291319647777257 0.5291319647777257 0.5291319647777257 0.5291319647777257 0.5140461096892549 0.48283313440978015 0.45162015913030534 0.4204071838508306 0.3891942085713558 0.35798123329182785 0.32676825801235304 0.2955552827328783 0.2643423074534035 0.23312933217392873 0.20191635689445397 0.17070338161497922 0.15457626140896505 0.15457626140896505 0.15457626140896505 0.15457626140896505 0.15457626140896505 0.15457626140896505 0.15457626140896505 0.15457626140896505 0.15457626140896505 0.15457626140896505 0.15457626140896505 0.15457626140896505 0.16044291634830643 0.17258115809096797 0.1847193998336295 0.19685764157629104 0.20899588331895258 0.22113412506161412 0.23327236680427565 0.2454106085469579 0.25754885028961944
0.4788182753442238 0.4788182753442238 0.4788182753442238 0.4788182753442238 0.4788182753442238 0.4788182753442238 0.4788182753442238 0.4788182753442238 0.4788182753442238 0.4788182753442238 0.4788182753442238 0.46530400033526476 0.43734265977479286 0.40938131921432097 0.3814199786538491 0.3534586380933772 0.3254972975328576 0.29753595697238566 0.26957461641191377 0.24161327585144188 0.21365193529096999 0.18569059473049804 0.15772925417002615 0.1432821886050668 0.1432821886050668 0.1432821886050668 0.1432821886050668 0.1432821886050668 0.1432821886050668 0.1432821886050668 0.1432821886050668 0.1432821886050668 0.1432821886050668 0.1432821886050668 0.1432821886050668 0.14956802893637974 0.16257357473481965 0.17557912053325953 0.18858466633169943 0.20159021213013933 0.2145957579285792 0.22760130372701912 0.24060684952548117 0.2536123953239211
