Figures/CREST_Example_wjb_NSE/Rolling_result/20100722/BJP_forecast/ens_12/wjb.rain.20100724.asc
ncols            288
nrows            254
xllcorner        113.274861
yllcorner        31.4918055
cellsize         0.008333333333
NODATA_value     -9999
[rows 100 to 119 of 254, columns 45 to 89 of 288]
1.295349780699017 1.295349780699017 1.295349780699017 1.295349780699017 1.295349780699017 1.295349780699017 1.5208908229903635 1.5146588320937893 1.5084268411972257 1.5021948503006624 1.4959628594040988 1.4897308685075352 1.4834988776109717 1.4772668867144083 1.4710348958178447 1.4648029049212812 1.4585709140247176 1.4523389231281543 1.433972629652629 1.4026344924301348 1.3712963552075874 1.3399582179850935 1.3086200807625996 1.2772819435401055 1.2459438063176116 1.2146056690951177 1.1832675318726238 1.15192939465013 1.1205912574276358 1.0892531202051419 1.0451452536162054 0.987386257654679 0.9296272616931526 0.8718682657315278 0.8141092697700013 0.7563502738084749 0.6985912778469485 0.6408322818854222 0.5830732859238957 0.5253142899623694 0.46755529400084295 0.4097962980393166 0.3762842055663149 0.368692601111762 0.3611009966572091
1.295349780699017 1.295349780699017 1.295349780699017 1.295349780699017 1.295349780699017 1.295349780699017 1.485634832417234 1.4813749735806607 1.4771151147440946 1.4728552559075283 1.4685953970709622 1.464335538234396 1.46007567939783 1.455815820561264 1.4515559617246978 1.4472961028881317 1.4430362440515656 1.4387763852149995 1.420707418033388 1.3878762018826878 1.3550449857319316 1.3222137695812313 1.289382553430531 1.2565513372798307 1.2237201211291304 1.1908889049784301 1.1580576888277299 1.1252264726770296 1.0923952565263293 1.059564040375629 1.0160557040804956 0.9611332849778311 0.9062108658751665 0.8512884467724082 0.7963660276697437 0.741443608567079 0.6865211894644145 0.6315987703617498 0.5766763512590853 0.5217539321564207 0.46683151305375614 0.41190909395109154 0.3801275779326984 0.37308421049545576 0.3660408430582131
1.295349780699017 1.295349780699017 1.295349780699017 1.295349780699017 1.295349780699017 1.295349780699017 1.4503788418441048 1.4480911150675322 1.4458033882909636 1.4435156615143947 1.441227934737826 1.4389402079612574 1.4366524811846888 1.43436475440812 1.4320770276315513 1.4297893008549827 1.4275015740784138 1.4252138473018452 1.4074422064141474 1.3731179113352407 1.3387936162562757 1.304469321177369 1.2701450260984624 1.2358207310195557 1.201496435940649 1.1671721408617424 1.1328478457828357 1.098523550703929 1.0641992556250224 1.029874960546116 0.9869661545447859 0.934880312300983 0.8827944700571803 0.8307086278132887 0.7786227855694858 0.7265369433256832 0.6744511010818803 0.6223652588380775 0.5702794165942748 0.518193574350472 0.4661077321066692 0.4140218898628665 0.38397095029908196 0.3774758198791495 0.37098068945921714
1.295349780699017 1.295349780699017 1.295349780699017 1.295349780699017 1.295349780699017 1.295349780699017 1.4151228512709753 1.4148072565544034 1.4144916618378323 1.4141760671212609 1.4138604724046897 1.4135448776881183 1.4132292829715472 1.4129136882549758 1.4125980935384046 1.4122824988218332 1.4119669041052618 1.4116513093886907 1.3941769947949068 1.3583596207877937 1.3225422467806196 1.2867248727735068 1.2509074987663937 1.2150901247592807 1.1792727507521676 1.1434553767450548 1.1076380027379418 1.071820628730829 1.036003254723716 1.0001858807166029 0.9578766050090762 0.9086273396241352 0.8593780742391942 0.8101288088541693 0.7608795434692284 0.7116302780842874 0.6623810126993463 0.6131317473144053 0.5638824819294644 0.5146332165445235 0.46538395115958253 0.4161346857746415 0.38781432266546545 0.38186742926284334 0.3759205358602212
1.295349780699017 1.295349780699017 1.295349780699017 1.295349780699017 1.295349780699017 1.295349780699017 1.3798668606978461 1.381523398041275 1.3831799353847012 1.3848364727281273 1.3864930100715533 1.3881495474149794 1.3898060847584055 1.3914626221018316 1.3931191594452577 1.3947756967886837 1.39643223413211 1.3980887714755361 1.3809117831756659 1.3436013302403467 1.3062908773049637 1.2689804243696443 1.231669971434325 1.1943595184990057 1.1570490655636865 1.119738612628367 1.0824281596930478 1.0451177067577286 1.0078072538224092 0.97049680088709 0.9287870554733665 0.8823743669472873 0.8359616784212082 0.7895489898950498 0.7431363013689707 0.6967236128428915 0.6503109243168124 0.6038982357907332 0.557485547264654 0.5110728587385749 0.4646601702124957 0.41824748168641657 0.39165769503184894 0.3862590386465371 0.38086038226122526
1.295349780699017 1.295349780699017 1.295349780699017 1.295349780699017 1.295349780699017 1.295349780699017 1.3446108701246866 1.348239539528118 1.3518682089315432 1.3554968783349683 1.3591255477383937 1.3627542171418188 1.3663828865452439 1.3700115559486692 1.3736402253520943 1.3772688947555196 1.3808975641589447 1.38452623356237 1.367646571556414 1.328843039692887 1.2900395078292939 1.251235975965767 1.21243244410224 1.1736289122387131 1.1348253803751862 1.0960218485116593 1.0572183166481324 1.0184147847846057 0.9796112529210786 0.9408077210575518 0.8996975059376321 0.8561213942704171 0.8125452826032021 0.7689691709359129 0.7253930592686979 0.681816947601483 0.638240835934268 0.5946647242670531 0.5510886125998381 0.5075125009326231 0.4639363892654082 0.4203602775981933 0.39550106739823576 0.39065064803023464 0.3858002286622335
1.295349780699017 1.295349780699017 1.295349780699017 1.295349780699017 1.295349780699017 1.295349780699017 1.3093548795515573 1.3149556810149896 1.3205564824784122 1.3261572839418347 1.3317580854052573 1.3373588868686799 1.3429596883321024 1.3485604897955252 1.3541612912589478 1.3597620927223704 1.365362894185793 1.3709636956492155 1.3543813599371732 1.31408474914544 1.273788138353638 1.2334915275619047 1.1931949167701716 1.1528983059784383 1.112601695186705 1.072305084394972 1.0320084736032387 0.9917118628115054 0.9514152520197721 0.9111186412280389 0.8706079564019225 0.8298684215935692 0.7891288867852161 0.7483893519767935 0.7076498171684403 0.6669102823600872 0.6261707475517341 0.585431212743381 0.5446916779350277 0.5039521431266747 0.4632126083183215 0.4224730735099684 0.39934443976461925 0.3950422574139284 0.39074007506323755
1.295349780699017 1.295349780699017 1.295349780699017 1.295349780699017 1.295349780699017 1.295349780699017 1.2740988889784282 1.281671822501861 1.289244756025281 1.2968176895487011 1.304390623072121 1.311963556595541 1.319536490118961 1.327109423642381 1.334682357165801 1.342255290689221 1.349828224212641 1.357401157736061 1.3411161483179324 1.299326458597993 1.257536768877982 1.2157470791580425 1.1739573894381028 1.1321676997181633 1.0903780099982239 1.0485883202782842 1.0067986305583447 0.965008940838405 0.9232192511184656 0.8814295613985259 0.8415184068662127 0.8036154489167214 0.76571249096723 0.727809533017674 0.6899065750681828 0.6520036171186914 0.6141006591692 0.5761977012197087 0.5382947432702174 0.500391785320726 0.46248882737123465 0.4245858694217433 0.40318781213100274 0.39943386679762216 0.39567992146424164
1.295349780699017 1.295349780699017 1.295349780699017 1.295349780699017 1.295349780699017 1.295349780699017 1.2388428984052986 1.2483879639887323 1.2579330295721498 1.267478095155567 1.2770231607389846 1.286568226322402 1.2961132919058194 1.3056583574892369 1.3152034230726541 1.3247484886560716 1.334293554239489 1.3438386198229064 1.3278509366986917 1.2845681680505456 1.241285399402326 1.1980026307541802 1.1547198621060342 1.1114370934578883 1.0681543248097425 1.0248715561615966 0.9815887875134507 0.9383060188653047 0.8950232502171589 0.851740481569013 0.8124288573305031 0.7773624762398735 0.742296095149244 0.7072297140585546 0.6721633329679251 0.6370969518772955 0.602030570786666 0.5669641896960365 0.5318978086054069 0.49683142751477744 0.4617650464241479 0.42669866533351836 0.40703118449738623 0.403825476181316 0.40061976786524567
1.2024776346319628 1.1959673651721714 1.18945709571238 1.1829468262525886 1.1764365567927972 1.1699262873330059 1.171462695059953 1.1816011825742918 1.1917396700886136 1.2018781576029354 1.2120166451172572 1.2221551326315787 1.2322936201459005 1.2424321076602223 1.2525705951745438 1.2627090826888656 1.2728475702031874 1.2829860577175092 1.2687043774568094 1.228316985838495 1.1879295942201118 1.1475422026017976 1.1071548109834832 1.0667674193651688 1.0263800277468547 0.9859926361285403 0.9456052445102259 0.9052178528919115 0.8648304612735972 0.8244430696552829 0.7875739979743294 0.7544660898435833 0.7213581817128373 0.6882502735820347 0.6551423654512887 0.6220344573205425 0.5889265491897965 0.5558186410590504 0.5227107329283043 0.48960282479755823 0.4564949166668122 0.4233870085360661 0.4049636586114087 0.40223843340677057 0.3995132082021325
1.0980656232339372 1.0921206452269454 1.0861756672199534 1.0802306892129614 1.0742857112059694 1.0683407331989776 1.0697437335206825 1.0790018887582138 1.0882600439957293 1.0975181992332448 1.1067763544707603 1.1160345097082758 1.1252926649457913 1.1345508201833068 1.1438089754208223 1.153067130658338 1.1623252858958535 1.171583441133369 1.1605135501795747 1.1277125183415886 1.0949114865035465 1.0621104546655602 1.029309422827574 0.996508390989588 0.9637073591516018 0.9309063273136157 0.8981052954756295 0.8653042636376433 0.8325032317996572 0.799702199961671 0.7672457554455429 0.7351576825664206 0.7030696096872983 0.6709815368081212 0.6388934639289989 0.6068053910498766 0.5747173181707543 0.542629245291632 0.5105411724125097 0.47845309953338744 0.4463650266542651 0.4142769537751428 0.39657775514413635 0.3942605883970676 0.39194342164999896
0.9936536118358228 0.9882739252816308 0.9828942387274388 0.9775145521732468 0.9721348656190548 0.9667551790648627 0.9680247719813254 0.9764025949420483 0.9847804179027568 0.9931582408634654 1.001536063824174 1.0099138867848825 1.018291709745591 1.0266695327062996 1.0350473556670081 1.0434251786277167 1.0518030015884252 1.0601808245491338 1.0523227229022476 1.027108050844596 1.0018933787869015 0.9766787067292501 0.9514640346715986 0.926249362613947 0.9010346905562955 0.875820018498644 0.8506053464409924 0.8253906743833409 0.8001760023256894 0.7749613302680379 0.7469175129167388 0.7158492752892411 0.6847810376617436 0.653712800034193 0.6226445624066952 0.5915763247791976 0.5605080871517 0.5294398495242023 0.49837161189670465 0.467303374269207 0.4362351366417094 0.4051668990142117 0.3881918516768568 0.3862827433873579 0.384373635097859
0.8892416004377973 0.8844272053364048 0.8796128102350123 0.8747984151336197 0.8699840200322272 0.8651696249308346 0.866305810442055 0.8738033011259702 0.8813007918098725 0.8887982824937749 0.8962957731776773 0.9037932638615795 0.9112907545454819 0.9187882452293843 0.9262857359132866 0.9337832265971889 0.9412807172810913 0.9487782079649936 0.9441318956250129 0.9265035833476895 0.908875271070336 0.8912469587930127 0.8736186465156893 0.855990334238366 0.8383620219610427 0.8207337096837193 0.803105397406396 0.7854770851290727 0.7678487728517494 0.7502204605744259 0.7265892703879522 0.6965408680120783 0.6664924656362045 0.6364440632602794 0.6063956608844054 0.5763472585085316 0.5462988561326577 0.5162504537567839 0.48620205138091005 0.4561536490050362 0.42610524662916227 0.3960568442532884 0.37980594820958447 0.37830489837765496 0.37680384854572546
0.7848295890397718 0.7805804853911787 0.7763313817425856 0.7720822780939925 0.7678331744453994 0.7635840707968063 0.7645868489027846 0.771204007309892 0.7778211657169882 0.7844383241240843 0.7910554825311805 0.7976726409382766 0.8042897993453728 0.8109069577524689 0.8175241161595651 0.8241412745666612 0.8307584329737574 0.8373755913808535 0.835941068347778 0.8258991158507829 0.8158571633537706 0.8058152108567754 0.7957732583597802 0.7857313058627851 0.7756893533657899 0.7656474008687947 0.7556054483717995 0.7455634958748043 0.7355215433778092 0.725479590880814 0.7062610278591654 0.6772324607349154 0.6482038936106653 0.6191753264863658 0.5901467593621157 0.5611181922378656 0.5320896251136156 0.5030610579893654 0.47403249086511534 0.4450039237408653 0.4159753566166152 0.3869467894923651 0.3714200447423121 0.370327053367952 0.36923406199359193
0.6804175776417464 0.6767337654459528 0.6730499532501591 0.6693661410543655 0.6656823288585718 0.6619985166627782 0.6628678873635143 0.668604713493814 0.6743415396241039 0.6800783657543938 0.6858151918846838 0.6915520180149737 0.6972888441452636 0.7030256702755535 0.7087624964058434 0.7144993225361334 0.7202361486664234 0.7259729747967133 0.7277502410705432 0.7252946483538762 0.722839055637205 0.720383462920538 0.717927870203871 0.715472277487204 0.713016684770537 0.71056109205387 0.708105499337203 0.7056499066205361 0.703194313903869 0.700738721187202 0.6859327853303788 0.6579240534577525 0.6299153215851262 0.6019065897124521 0.5738978578398258 0.5458891259671996 0.5178803940945733 0.48987166222194695 0.4618629303493207 0.4338541984766944 0.40584546660406806 0.37783673473144175 0.3630341412750397 0.362349208358249 0.3616642754414584
0.5760055662437209 0.5728870455007267 0.5697685247577325 0.5666500040147383 0.5635314832717442 0.56041296252875 0.5611489258242438 0.5660054196777359 0.5708619135312196 0.5757184073847034 0.580574901238187 0.5854313950916707 0.5902878889451545 0.5951443827986382 0.600000876652122 0.6048573705056057 0.6097138643590894 0.6145703582125731 0.6195594137933085 0.6246901808569696 0.6298209479206396 0.6349517149843007 0.6400824820479619 0.6452132491116231 0.6503440161752843 0.6554747832389455 0.6606055503026066 0.6657363173662678 0.6708670844299289 0.6759978514935902 0.6656045428015923 0.6386156461805897 0.6116267495595872 0.5846378529385386 0.5576489563175362 0.5306600596965336 0.5036711630755311 0.4766822664545286 0.44969336983352604 0.4227044732125235 0.39571557659152096 0.36872667997051845 0.35464823780776733 0.3543713633485461 0.3540944888893249
0.47159355484569543 0.46904032555550074 0.466487096265306 0.4639338669751113 0.46138063768491655 0.45882740839472186 0.4594299642849735 0.4634061258616578 0.4673822874383353 0.4713584490150129 0.4753346105916904 0.4793107721683679 0.48328693374504544 0.48726309532172296 0.4912392568984005 0.495215418475078 0.4991915800517555 0.503167741628433 0.5113685865160736 0.524085713360063 0.5368028402040741 0.5495199670480634 0.5622370938920528 0.5749542207360421 0.5876713475800315 0.6003884744240208 0.6131056012680102 0.6258227281119995 0.6385398549559889 0.6512569817999783 0.6452763002728056 0.6193072389034269 0.5933381775340482 0.567369116164625 0.5414000547952463 0.5154309934258676 0.4894619320564889 0.46349287068711015 0.4375238093177314 0.4115547479483527 0.3855856865789739 0.3596166252095952 0.3462623343404949 0.34639351833884313 0.34652470233719135
0.36718154344766996 0.3651936056102747 0.36320566777287944 0.3612177299354842 0.3592297920980889 0.35724185426069366 0.35771100274570317 0.36080683204557973 0.363902661345451 0.36699849064532236 0.37009431994519365 0.373190149245065 0.3762859785449363 0.3793818078448076 0.3824776371446789 0.3855734664445502 0.38866929574442155 0.39176512504429284 0.40317775923883886 0.4234812458631564 0.44378473248750855 0.4640882191118261 0.4843917057361436 0.5046951923604611 0.5249986789847786 0.5453021656090962 0.5656056522334136 0.5859091388577312 0.6062126254820487 0.6265161121063663 0.624948057744019 0.599998831626264 0.575049605508509 0.5501003793907115 0.5251511532729566 0.5002019271552016 0.47525270103744666 0.4503034749196917 0.42535424880193673 0.40040502268418177 0.3754557965664268 0.35050657044867184 0.3378764308732225 0.3384156733291402 0.3389549157850578
0.26276953204955544 0.2613468856649601 0.2599242392803648 0.25850159289576946 0.25707894651117413 0.25565630012657886 0.255992041206346 0.25820753822941417 0.2604230352524785 0.26263853227554285 0.2648540292986072 0.2670695263216716 0.2692850233447359 0.27150052036780026 0.2737160173908646 0.275931514413929 0.27814701143699333 0.28036250846005767 0.2949869319615118 0.322876778366164 0.35076662477086373 0.37865647117551593 0.40654631758016807 0.4344361639848202 0.4623260103894724 0.4902158567941246 0.5181057031987768 0.545995549603429 0.5738853960080811 0.6017752424127333 0.604619815215215 0.5806904243490847 0.5567610334829544 0.5328316426167833 0.508902251750653 0.4849728608845226 0.4610434700183923 0.437114079152262 0.4131846882861317 0.38925529742000137 0.36532590655387104 0.34139651568774076 0.329490527405943 0.3304378283194304 0.33138512923291785
0.15835752065152997 0.1575001657197341 0.15664281078793824 0.15578545585614237 0.1549281009243465 0.1540707459925506 0.1542730796670756 0.15560824441333604 0.15694340915959418 0.15827857390585232 0.15961373865211048 0.16094890339836862 0.16228406814462676 0.16361923289088492 0.16495439763714306 0.1662895623834012 0.16762472712965937 0.1689598918759175 0.18679610468427704 0.22227231086925736 0.25774851705429824 0.29322472323927856 0.3287009294242589 0.36417713560923926 0.39965334179421963 0.43512954797919995 0.47060575416418027 0.5060819603491606 0.5415581665341409 0.5770343727191214 0.5842915726864284 0.5613820170719218 0.5384724614574153 0.5155629058428697 0.49265335022836315 0.4697437946138566 0.4468342389993501 0.42392468338484357 0.401015127770337 0.3781055721558305 0.35519601654132393 0.3322864609268174 0.3211046239386706 0.32245998330972747 0.3238153426807843
