Figures/CREST_Example_wjb_NSE/Rolling_result/20100722/BJP_forecast/ens_12/wjb.rain.20100723.asc
ncols            288
nrows            254
xllcorner        113.274861
yllcorner        31.4918055
cellsize         0.008333333333
NODATA_value     -9999
[rows 40 to 59 of 254, columns 88 to 131 of 288]
8.018399107942725 7.865159717556222 7.711920327169717 7.558680936782951 7.405441546396446 7.2522021560099414 7.098962765623437 6.945723375236932 6.792483984850428 6.639244594463922 6.486005204077418 6.285007743575693 6.032955826278399 5.780903908981105 5.528851991683811 5.276800074386518 5.024748157088794 4.7726962397915 4.520644322494206 4.268592405196912 4.0165404878996185 3.764488570602325 3.512436653305031 3.3310495216236324 3.2252046436898913 3.1193597657561503 3.013514887822409 2.907670009888668 2.801825131954927 2.6959802540210056 2.5901353760872645 2.4842904981535234 2.3784456202197823 2.2726007422860413 2.1667558643523 2.0853097527227558 2.0299464740453534 1.9745831953679507 1.9192199166905481 1.8638566380131454 1.8084933593357428 1.75313008065834 1.6977668019808432 1.6424035233034404
7.863149756807223 7.711822819946088 7.560495883084953 7.40916894622356 7.257842009362426 7.10651507250129 6.955188135640156 6.803861198779021 6.652534261917886 6.501207325056751 6.349880388195617 6.152449247717682 5.905731671126033 5.659014094534386 5.412296517942738 5.1655789413510895 4.918861364759021 4.672143788167373 4.425426211575726 4.178708634984078 3.93199105839243 3.685273481800782 3.4385559052091343 3.261140849018306 3.1578117542556745 3.0544826594930434 2.951153564730412 2.8478244699677804 2.744495375205149 2.641166280442341 2.5378371856797095 2.434508090917078 2.3311789961544465 2.2278499013918154 2.1245208066291834 2.04623331515593 1.9947158639095997 1.943198412663269 1.8916809614169383 1.8401635101706078 1.788646058924277 1.7371286076779464 1.6856111564315277 1.6340937051851971
7.70790040567172 7.558485922335954 7.40907143900019 7.25965695566417 7.110242472328405 6.96082798899264 6.8114135056568745 6.66199902232111 6.512584538985345 6.363170055649579 6.213755572313815 6.01989075185967 5.7785075159736685 5.537124280087666 5.295741044201664 5.054357808315663 4.8129745724292485 4.571591336543246 4.330208100657245 4.088824864771243 3.847441628885241 3.606058392999239 3.364675157113237 3.19123217641298 3.090418864821458 2.989605553229936 2.8887922416384146 2.7879789300468927 2.6871656184553707 2.586352306863677 2.4855389952721554 2.3847256836806334 2.2839123720891115 2.1830990604975895 2.0822857489060675 2.0071568775891055 1.9594852537738465 1.9118136299585877 1.864142006143329 1.8164703823280703 1.7687987585128115 1.7211271346975527 1.6734555108822127 1.6257838870669539
7.552651054536216 7.405149024725821 7.257646994915426 7.11014496510478 6.962642935294385 6.8151409054839895 6.667638875673594 6.5201368458632 6.372634816052805 6.225132786242409 6.077630756432015 5.88733225600166 5.651283360821304 5.415234465640948 5.179185570460591 4.943136675280235 4.707087780099476 4.47103888491912 4.234989989738764 3.998941094558408 3.7628921993780517 3.526843304197696 3.2907944090173396 3.1213235038076537 3.0230259753872413 2.9247284469668293 2.826430918546417 2.728133390126005 2.629835861705593 2.531538333285013 2.433240804864601 2.334943276444189 2.2366457480237765 2.1383482196033645 2.0400506911829526 1.9680804400222802 1.9242546436380934 1.8804288472539066 1.8366030508697198 1.7927772544855327 1.748951458101346 1.705125661717159 1.6612998653328974 1.6174740689487106
7.397401703400713 7.251812127115688 7.106222550830663 6.960632974545389 6.815043398260364 6.669453821975339 6.523864245690314 6.378274669405289 6.2326850931202635 6.087095516835238 5.941505940550213 5.754773760143649 5.524059205668938 5.293344651194228 5.062630096719518 4.831915542244808 4.601200987769704 4.370486433294993 4.139771878820284 3.9090573243455733 3.678342769870863 3.4476282153961524 3.2169136609214424 3.0514148312023273 2.955633085953025 2.859851340703722 2.7640695954544197 2.6682878502051173 2.572506104955815 2.476724359706349 2.3809426144570462 2.285160869207744 2.1893791239584415 2.093597378709139 1.9978156334598365 1.9290040024554551 1.8890240335023403 1.8490440645492252 1.8090640955961104 1.7690841266429955 1.7291041576898805 1.6891241887367656 1.6491442197835824 1.6091642508304675
7.24215235226521 7.098475229505555 6.9547981067458995 6.811120983985999 6.667443861226344 6.523766738466689 6.380089615707034 6.2364124929473785 6.092735370187723 5.949058247428068 5.805381124668413 5.622215264285638 5.396835050516573 5.171454836747509 4.946074622978445 4.72069440920938 4.495314195439931 4.269933981670867 4.044553767901803 3.8191735541327385 3.593793340363674 3.36841312659461 3.143032912825545 2.981506158597001 2.888240196518808 2.794974234440615 2.7017082723624224 2.6084423102842296 2.5151763482060367 2.421910386127685 2.328644424049492 2.2353784619712993 2.1421124998931065 2.0488465378149137 1.9555805757367208 1.88992756488863 1.853793423366587 1.817659281844544 1.781525140322501 1.745390998800458 1.7092568572784148 1.673122715756372 1.6369885742342674 1.6008544327122243
7.086903001129573 6.94513833189529 6.803373662661006 6.661608993426481 6.5198443241921975 6.378079654957913 6.23631498572363 6.094550316489346 5.952785647255062 5.811020978020778 5.669256308786495 5.489656768427514 5.269610895364099 5.049565022300685 4.829519149237272 4.6094732761738575 4.389427403110068 4.169381530046655 3.9493356569832407 3.7292897839198265 3.5092439108564126 3.289198037792999 3.069152164729585 2.911597485991615 2.820847307084534 2.730097128177453 2.639346949270372 2.548596770363291 2.4578465914562098 2.3670964125489737 2.2763462336418927 2.1855960547348117 2.0948458758277306 2.00409569692065 1.9133455180135688 1.8508511273217714 1.8185628132308036 1.7862744991398358 1.753986185048868 1.7216978709579003 1.6894095568669323 1.6571212427759645 1.6248329286849417 1.592544614593974
6.93165364999407 6.791801434285157 6.6519492185762426 6.51209700286709 6.372244787158177 6.232392571449263 6.092540355740349 5.9526881400314355 5.812835924322522 5.672983708613608 5.533131492904694 5.357098272569503 5.142386740211735 4.927675207853967 4.712963675496199 4.498252143138431 4.283540610780296 4.068829078422528 3.85411754606476 3.639406013706992 3.424694481349224 3.2099829489914558 2.995271416633688 2.8416888133862885 2.753454417650317 2.6652200219143456 2.5769856261783746 2.488751230442403 2.4005168347064316 2.3122824389703096 2.2240480432343386 2.135813647498367 2.0475792517623956 1.9593448560264246 1.8711104602904531 1.8117746897549463 1.7833322030950505 1.7548897164351545 1.7264472297752587 1.6980047431153626 1.6695622564554669 1.6411197697955708 1.6126772831356266 1.5842347964757306
6.776404298858567 6.6384645366750235 6.500524774491479 6.3625850123077 6.224645250124157 6.086705487940613 5.9487657257570685 5.810825963573524 5.67288620138998 5.534946439206437 5.397006677022893 5.224539776711492 5.015162585059369 4.805785393407247 4.596408201755125 4.387031010103003 4.177653818450524 3.9682766267984015 3.7588994351462794 3.549522243494157 3.340145051842035 3.1307678601899127 2.9213906685377906 2.771780140780962 2.6860615282161002 2.6003429156512388 2.514624303086377 2.4289056905215154 2.3431870779566535 2.2574684653916455 2.171749852826784 2.0860312402619225 2.0003126276970606 1.914594015132199 1.8288754025673373 1.7726982521881212 1.7481015929592971 1.723504933730473 1.698908274501649 1.6743116152728252 1.6497149560440012 1.6251182968151772 1.6005216375863114 1.5759249783574873
6.686329402155904 6.550610165405466 6.414890928655027 6.279171691904358 6.14345245515392 6.007733218403481 5.872013981653043 5.7362947449026045 5.600575508152167 5.464856271401729 5.32913703465129 5.157374452879982 4.947080720316856 4.736786987753729 4.526493255190602 4.3161995226274765 4.105905790063991 3.8956120575008644 3.6853183249377377 3.4750245923746115 3.2647308598114853 3.0544371272483586 2.844143394685232 2.696826321497938 2.6168327212580924 2.5368391210182466 2.4568455207784012 2.3768519205385554 2.2968583202987096 2.2168647200587275 2.136871119818882 2.0568775195790363 1.9768839193391905 1.8968903190993451 1.8168967188594993 1.763591486792616 1.7388167238544472 1.7140419609162783 1.6892671979781095 1.6644924350399406 1.6397176721017717 1.614942909163603 1.5901681462253918 1.5653933832872229
6.665921887672025 6.532752485798612 6.3995830839252 6.266413682051561 6.133244280178149 6.000074878304736 5.866905476431324 5.733736074557912 5.6005666726845 5.467397270811087 5.334227868937675 5.160110306583659 4.942218234810161 4.724326163036664 4.5064340912631655 4.288542019489668 4.070649947715799 3.8527578759423005 3.6348658041688022 3.4169737323953044 3.1990816606218067 2.9811895888483084 2.7632975170748106 2.616479558537768 2.5456414342307814 2.4748033099237943 2.4039651856168076 2.3331270613098205 2.262288937002834 2.191450812695726 2.1206126883887393 2.049774564081752 1.9789364397747653 1.9080983154677784 1.8372601911607915 1.7865204112130117 1.7572662159050432 1.7280120205970744 1.6987578252891058 1.6695036299811372 1.6402494346731686 1.6109952393651998 1.5817410440571815 1.5524868487492127
6.6455143731881465 6.51489480619176 6.384275239195373 6.253655672198764 6.123036105202378 5.992416538205992 5.861796971209606 5.73117740421322 5.600557837216833 5.469938270220447 5.339318703224061 5.162846160287337 4.937355749303468 4.7118653383195985 4.486374927335729 4.26088451635186 4.0353941053676055 3.809903694383736 3.5844132833998668 3.358922872415997 3.1334324614321276 2.9079420504482583 2.682451639464389 2.5361327955775983 2.4744501472034703 2.4127674988293424 2.351084850455214 2.289402202081086 2.2277195537069576 2.1660369053327244 2.1043542569585965 2.0426716085844685 1.98098896021034 1.9193063118362121 1.8576236634620837 1.8094493356334074 1.775715707955639 1.7419820802778705 1.708248452600102 1.6745148249223336 1.6407811972445652 1.607047569566797 1.573313941888971 1.5395803142112023
6.625106858704268 6.497037126584908 6.368967394465548 6.240897662345969 6.112827930226609 5.984758198107248 5.856688465987888 5.728618733868528 5.600549001749167 5.472479269629807 5.344409537510447 5.165582013991015 4.932493263796775 4.699404513602533 4.466315763408293 4.2332270132140515 4.000138263019413 3.767049512825172 3.5339607626309313 3.30087201243669 3.067783262242449 2.834694512048208 2.601605761853967 2.4557860326174286 2.4032588601761593 2.35073168773489 2.2982045152936204 2.245677342852351 2.193150170411082 2.140622997969723 2.0880958255284536 2.0355686530871844 1.983041480645915 1.9305143082046454 1.8779871357633762 1.832378260053803 1.794165200006235 1.7559521399586666 1.7177390799110985 1.6795260198635302 1.6413129598159621 1.6030998997683938 1.5648868397207605 1.5266737796731924
6.604699344220372 6.479179446978041 6.353659549735708 6.228139652493162 6.10261975525083 5.977099858008498 5.851579960766165 5.726060063523834 5.600540166281501 5.4750202690391685 5.349500371796837 5.168317867694696 4.927630778290077 4.686943688885458 4.446256599480839 4.20556951007622 3.9648824206711906 3.724195331266572 3.483508241861953 3.242821152457334 3.002134063052715 2.761446973648096 2.520759884243477 2.375439269657191 2.332067573148788 2.288695876640385 2.2453241801319823 2.2019524836235793 2.1585807871151768 2.1152090906066996 2.071837394098297 2.028465697589894 1.9850940010814913 1.9417223045730885 1.8983506080646857 1.8553071844742182 1.8126146920568464 1.7699221996394747 1.7272297072221028 1.684537214804731 1.6418447223873593 1.5991522299699876 1.5564597375525429 1.5137672451351711
6.584291829736493 6.461321767371188 6.3383517050058815 6.215381642640366 6.092411580275059 5.969441517909753 5.846471455544447 5.723501393179141 5.600531330813835 5.477561268448529 5.354591206083223 5.171053721398374 4.922768292783384 4.674482864168393 4.426197435553402 4.177912006938412 3.929626578322998 3.681341149708008 3.4330557210930177 3.184770292478027 2.9364848638630368 2.688199435248046 2.439914006633056 2.2950925066970207 2.260876286121477 2.226660065545933 2.1924438449703887 2.158227624394845 2.1240114038193005 2.089795183243698 2.055578962668154 2.0213627420926104 1.987146521517066 1.952930300941522 1.918714080365978 1.8782361088946138 1.8310641841074422 1.7838922593202706 1.736720334533099 1.6895484097459277 1.6423764849587559 1.5952045601715845 1.5480326353843323 1.5008607105971608
6.563884315252615 6.443464087764335 6.323043860276055 6.202623632787569 6.082203405299289 5.961783177811009 5.841362950322729 5.720942722834449 5.600522495346168 5.480102267857888 5.359682040369608 5.1737895751020515 4.91790580727669 4.662022039451328 4.4061382716259665 4.150254503800604 3.894370735974806 3.6384869681494436 3.382603200324082 3.1267194324987195 2.8708356646733577 2.614951896847996 2.3590681290226336 2.214745743736851 2.189684999094166 2.1646242544514807 2.139563509808795 2.11450276516611 2.0894420205234248 2.0643812758806965 2.0393205312380114 2.0142597865953262 1.9891990419526409 1.9641382973099555 1.93907755266727 1.9011650333150096 1.8495136761580382 1.7978623190010667 1.7462109618440955 1.694559604687124 1.6429082475301529 1.5912568903731814 1.539605533216122 1.4879541760591506
6.543476800768737 6.425606408157483 6.3077360155462285 6.189865622934773 6.071995230323519 5.954124837712265 5.8362544451010105 5.718384052489757 5.600513659878502 5.482643267267248 5.364772874655994 5.17652542880573 4.9130433217699965 4.6495612147342635 4.38607910769853 4.122597000662797 3.8591148936266135 3.59563278659088 3.3321506795551468 3.0686685725194134 2.80518646548368 2.541704358447946 2.278222251412213 2.1343989807766817 2.118493712066855 2.1025884433570288 2.086683174647202 2.0707779059373754 2.054872637227549 2.038967368517695 2.0230620998078686 2.007156831098042 1.9912515623882154 1.9753462936783888 1.9594410249685623 1.924093957735405 1.867963168208634 1.8118323786818629 1.7557015891550918 1.6995707996283205 1.6434400101015494 1.5873092205747783 1.5311784310479115 1.4750476415211404
6.5230692862848585 6.40774872855063 6.292428170816402 6.1771076130819775 6.061787055347749 5.946466497613521 5.831145939879293 5.715825382145065 5.600504824410836 5.485184266676608 5.36986370894238 5.179261282509408 4.908180836263303 4.637100390017198 4.366019943771093 4.094939497524988 3.823859051278421 3.5527786050323162 3.2816981587862113 3.0106177125401063 2.7395372662940014 2.4684568200478965 2.1973763738017915 2.054052217816512 2.047302425039544 2.0405526322625764 2.0338028394856087 2.0270530467086405 2.0203032539316728 2.0135534611546935 2.0068036683777257 2.000053875600758 1.9933040828237902 1.9865542900468223 1.9798044972698545 1.9470228821558007 1.8864126602592297 1.825802438362659 1.765192216466088 1.704581994569517 1.6439717726729461 1.5833615507763752 1.522751328879701 1.4621411069831303
6.502661771800979 6.3898910489437775 6.2771203260865756 6.164349603229181 6.051578880371979 5.938808157514776 5.826037434657574 5.713266711800372 5.60049598894317 5.487725266085968 5.374954543228766 5.181997136213086 4.90331835075661 4.624639565300133 4.345960779843657 4.06728199438718 3.788603208930229 3.509924423473752 3.231245638017276 2.9525668525607993 2.673888067104323 2.3952092816478463 2.11653049619137 1.9737054548563422 1.9761111380122331 1.978516821168124 1.980922504324015 1.983328187479906 1.985733870635797 1.988139553791692 1.990545236947583 1.9929509201034739 1.9953566032593648 1.9977622864152558 2.0001679695711467 1.9699518065761963 1.9048621523098257 1.839772498043455 1.7746828437770843 1.7095931895107137 1.644503535244343 1.5794138809779723 1.5143242267114907 1.4492345724451199
6.482254257317084 6.37203336933691 6.261812481356736 6.151591593376374 6.0413707053962 5.931149817416026 5.820928929435851 5.7107080414556775 5.600487153475504 5.49026626549533 5.380045377515156 5.184732989916767 4.898455865249912 4.612178740583057 4.325901615916203 4.039624491249349 3.7533473665820063 3.4670702419151516 3.1807931172482973 2.894515992581443 2.6082388679145883 2.321961743247734 2.0356846185808797 1.8933586918961043 1.9049198509848617 1.9164810100736192 1.9280421691623766 1.9396033282511342 1.9511644873398917 1.9627256464286689 1.9742868055174263 1.985847964606184 1.9974091236949414 2.008970282783699 2.0205314418724565 1.9928807309966114 1.9233116443604372 1.853742557724263 1.7841734710880888 1.7146043844519145 1.64503529781574 1.5754662111795659 1.505897124543273 1.4363280379070988
