Figures/CREST_Example_wjb_NSE/Rolling_result/20100722/BJP_forecast/ens_12/wjb.rain.20100727.asc
ncols            288
nrows            254
xllcorner        113.274861
yllcorner        31.4918055
cellsize         0.008333333333
NODATA_value     -9999
[rows 140 to 159 of 254, columns 45 to 89 of 288]
4.6302023206285705 4.706293469086036 4.782384617543503 4.85847576600097 4.934566914458435 5.010658062915902 5.036839226222359 5.009665487313576 4.982491748404839 4.955318009496102 4.9281442705873655 4.900970531678628 4.873796792769892 4.846623053861155 4.8194493149524185 4.792275576043681 4.765101837134944 4.737928098226208 5.338886070454335 6.611331040502209 7.883776010552253 9.156220980600127 10.428665950648 11.701110920695875 12.973555890743748 14.246000860791622 15.518445830839497 16.790890800887368 18.063335770935243 19.335780740983118 19.903863378827488 19.71896676032541 19.534070141823335 19.349173523320943 19.164276904818866 18.97938028631679 18.794483667814713 18.609587049312637 18.42469043081056 18.239793812308484 18.054897193806408 17.87000057530433 17.574021465098415 17.159292659838393 16.74456385457837
4.824018539189781 4.896653001667565 4.969287464145349 5.041921926623133 5.114556389100917 5.1871908515787 5.214689440361711 5.193936759982902 5.173184079604129 5.152431399225356 5.131678718846582 5.110926038467809 5.090173358089036 5.069420677710262 5.0486679973314885 5.027915316952716 5.007162636573942 4.9864099561951685 5.619833067752612 6.9525848882181975 8.285336708686055 9.61808852915164 10.950840349617225 12.283592170082809 13.616343990548394 14.94909581101398 16.281847631479565 17.61459945194515 18.947351272410735 20.280103092876317 20.885966151861282 20.714768692357122 20.543571232852962 20.37237377334851 20.20117631384435 20.02997885434019 19.85878139483603 19.68758393533187 19.51638647582771 19.34518901632355 19.173991556819388 19.002794097315224 18.690912465552522 18.228636272969347 17.766360080386175
5.017834757750992 5.0870125342490935 5.156190310747195 5.225368087245297 5.294545863743398 5.363723640241499 5.392539654501062 5.378208032652228 5.363876410803418 5.349544788954608 5.335213167105799 5.320881545256989 5.306549923408179 5.292218301559369 5.2778866797105595 5.263555057861749 5.249223436012939 5.234891814164129 5.900780065050888 7.293838735934184 8.686897406819856 10.079956077703152 11.473014748586447 12.866073419469743 14.259132090353038 15.652190761236334 17.04524943211963 18.438308103002925 19.83136677388622 21.22442544476952 21.86806892489508 21.710570624388836 21.553072323882592 21.395574023376078 21.238075722869834 21.08057742236359 20.923079121857345 20.7655808213511 20.608082520844857 20.450584220338612 20.293085919832365 20.13558761932612 19.807803466006625 19.297979886100304 18.788156306193983
5.211650976312203 5.277372066830622 5.343093157349041 5.4088142478674595 5.474535338385879 5.540256428904297 5.570389868640414 5.562479305321554 5.554568742002708 5.546658178683861 5.538747615365015 5.530837052046168 5.522926488727323 5.515015925408476 5.5071053620896295 5.499194798770783 5.4912842354519364 5.48337367213309 6.1817270623491645 7.635092583650172 9.088458104953657 10.541823626254665 11.99518914755567 13.448554668856676 14.901920190157684 16.35528571145869 17.808651232759697 19.262016754060703 20.715382275361712 22.168747796662718 22.850171697928875 22.706372556420547 22.56257341491222 22.418774273403645 22.274975131895317 22.13117599038699 21.98737684887866 21.843577707370333 21.699778565862005 21.555979424353673 21.412180282845345 21.268381141337017 20.924694466460732 20.36732349923126 19.80995253200179
5.405467194873579 5.467731599412312 5.529996003951046 5.592260408489779 5.654524813028513 5.716789217567246 5.748240082779918 5.746750577991038 5.74526107320216 5.743771568413283 5.742282063624406 5.740792558835528 5.73930305404665 5.737813549257773 5.736324044468895 5.734834539680017 5.73334503489114 5.731855530102263 6.46267405964768 7.97634643136645 9.4900188030878 11.003691174806569 12.517363546525338 14.031035918244108 15.544708289962877 17.058380661681646 18.572053033400415 20.085725405119184 21.599397776837954 23.113070148556723 23.83227447096351 23.70217448845311 23.57207450594271 23.441974523432087 23.311874540921686 23.181774558411284 23.051674575900883 22.92157459339048 22.79147461088008 22.66137462836968 22.531274645859277 22.401174663348876 22.041585466915787 21.436667112363125 20.831748757810466
5.771985567172201 5.849024404036638 5.926063240901075 6.003102077765512 6.0801409146299505 6.157179751494388 6.189937575389394 6.1753579955599465 6.1607784157305225 6.146198835901099 6.131619256071676 6.117039676242252 6.102460096412828 6.087880516583405 6.073300936753981 6.058721356924557 6.044141777095134 6.02956219726571 6.77873959309613 8.344390460265068 9.910041327436673 11.47569219460561 13.041343061774548 14.606993928943483 16.172644796112422 17.738295663281356 19.303946530450293 20.86959739761923 22.435248264788164 24.000899131957105 24.738664556261185 24.59140172648719 24.4441388967132 24.296876066938953 24.14961323716496 24.002350407390963 23.85508757761697 23.707824747842977 23.560561918068984 23.41329908829499 23.266036258520995 23.118773428747 22.75194420874018 22.150393553479677 21.548842898219178
6.323111654934841 6.434412840331452 6.545714025728064 6.657015211124676 6.768316396521287 6.879617581917899 6.913671176152034 6.865145349447312 6.816619522742672 6.768093696038032 6.7195678693333925 6.671042042628753 6.622516215924112 6.573990389219473 6.525464562514833 6.476938735810194 6.428412909105553 6.379887082400914 7.132344627869978 8.741071504035617 10.349798380204 11.958525256369638 13.567252132535277 15.175979008700915 16.784705884866554 18.393432761032194 20.00215963719783 21.61088651336347 23.21961338952911 24.82834026569475 25.5641225511817 25.36670733494453 25.169292118707354 24.971876902469845 24.77446168623267 24.577046469995498 24.379631253758323 24.18221603752115 23.984800821283976 23.7873856050468 23.58997038880963 23.392555172572454 23.027745593265085 22.483987655278835 21.94022971729258
6.874237742697481 7.019801276626267 7.165364810555053 7.310928344483838 7.456491878412624 7.60205541234141 7.637404776914673 7.554932703334677 7.472460629754821 7.3899885561749645 7.307516482595108 7.225044409015252 7.142572335435396 7.06010026185554 6.977628188275684 6.895156114695828 6.812684041115972 6.730211967536116 7.485949662643824 9.137752547806166 10.789555432971323 12.441358318133666 14.093161203296006 15.744964088458348 17.39676697362069 19.048569858783033 20.700372743945373 22.352175629107712 24.003978514270056 25.655781399432396 26.38958054610222 26.142012943401866 25.894445340701512 25.646877738000736 25.399310135300382 25.15174253260003 24.904174929899675 24.65660732719932 24.409039724498967 24.161472121798614 23.91390451909826 23.666336916397906 23.303546977789992 22.81758175707799 22.331616536365985
7.425363830460121 7.6051897129210815 7.785015595382042 7.964841477843002 8.144667360303963 8.324493242764921 8.361138377677312 8.244720057222041 8.12830173676697 8.011883416311898 7.895465095856824 7.779046775401753 7.66262845494668 7.5462101344916075 7.429791814036536 7.313373493581463 7.1969551731263905 7.080536852671319 7.83955469741767 9.534433591576715 11.229312485738646 12.92419137989769 14.619070274056734 16.31394916821578 18.00882806237482 19.703706956533864 21.398585850692907 23.09346474485195 24.788343639010996 26.483222533170036 27.215038541022736 26.917318551859204 26.61959856269567 26.32187857353163 26.024158584368095 25.726438595204563 25.42871860604103 25.130998616877495 24.833278627713963 24.53555863855043 24.237838649386894 23.940118660223362 23.5793483623149 23.151175858877146 22.723003355439392
7.976489918222762 8.190578149215897 8.404666380209031 8.618754611202165 8.8328428421953 9.046931073188436 9.084871978439953 8.934507411109408 8.784142843779119 8.633778276448831 8.483413709118542 8.333049141788253 8.182684574457966 8.032320007127677 7.881955439797387 7.731590872467098 7.58122630513681 7.430861737806522 8.193159732191518 9.931114635347264 11.669069538505973 13.407024441661719 15.144979344817465 16.88293424797321 18.620889151128956 20.358844054284702 22.09679895744045 23.834753860596194 25.57270876375194 27.310663666907686 28.04049653594326 27.692624160316544 27.34475178468983 26.996879409062522 26.649007033435808 26.301134657809097 25.953262282182383 25.60538990655567 25.257517530928958 24.909645155302243 24.56177277967553 24.213900404048815 23.855149746839807 23.4847699606763 23.114390174512796
8.527616005985871 8.77596658551121 9.024317165036548 9.272667744561886 9.521018324087223 9.76936890361256 9.808605579203208 9.62429476499736 9.439983950791827 9.255673136586292 9.07136232238076 8.887051508175226 8.702740693969693 8.518429879764158 8.334119065558625 8.149808251353091 7.965497437147557 7.781186622942023 8.546764766965666 10.32779567911815 12.108826591273672 13.889857503426157 15.670888415578641 17.451919327731126 19.232950239883614 21.013981152036095 22.795012064188583 24.576042976341068 26.357073888493552 28.138104800646037 28.865954530864478 28.467929768774543 28.069905006684607 27.67188024459399 27.273855482504054 26.87583072041412 26.477805958324183 26.079781196234247 25.68175643414431 25.283731672054376 24.88570690996444 24.4876821478745 24.13095113136495 23.81836406247574 23.505776993586537
9.078742093748513 9.361355021806025 9.643967949863537 9.92658087792105 10.209193805978561 10.491806734036073 10.532339179965849 10.314082118884727 10.095825057803976 9.877567996723226 9.659310935642477 9.441053874561726 9.222796813480976 9.004539752400227 8.786282691319476 8.568025630238726 8.349768569157977 8.131511508077226 8.900369801739512 10.7244767228887 12.548583644040995 14.372690565190183 16.19679748633937 18.02090440748856 19.845011328637742 21.66911824978693 23.493225170936114 25.3173320920853 27.14143901323449 28.965545934383677 29.691412525784994 29.24323537723188 28.795058228678762 28.346881080124884 27.898703931571767 27.450526783018653 27.00234963446554 26.55417248591242 26.105995337359307 25.65781818880619 25.209641040253075 24.76146389169996 24.406752515889856 24.151958164274898 23.897163812659944
9.629868181511153 9.946743458100839 10.263618734690525 10.580494011280212 10.897369287869898 11.214244564459584 11.256072780728488 11.003869472772092 10.751666164816125 10.49946285686016 10.247259548904193 9.995056240948227 9.74285293299226 9.490649625036294 9.238446317080328 8.986243009124362 8.734039701168395 8.48183639321243 9.253974836513358 11.121157766659248 12.988340696808322 14.85552362695421 16.7227065571001 18.58988948724599 20.457072417391878 22.32425534753777 24.19143827768366 26.058621207829546 27.925804137975437 29.792987068121324 30.516870520705513 30.018540985689217 29.52021145067292 29.021881915655776 28.52355238063948 28.025222845623187 27.52689331060689 27.028563775590595 26.5302342405743 26.031904705558002 25.53357517054171 25.035245635525413 24.68255390041476 24.485552266074055 24.288550631733347
10.180994269273793 10.532131894395652 10.883269519517514 11.234407144639373 11.585544769761235 11.936682394883096 11.979806381491127 11.693656826659456 11.407507271828274 11.12135771699709 10.835208162165909 10.549058607334727 10.262909052503543 9.976759497672361 9.69060994284118 9.404460388009998 9.118310833178814 8.832161278347632 9.607579871287205 11.517838810429797 13.428097749575645 15.338356688718239 17.24861562786083 19.158874567003423 21.069133506146013 22.979392445288603 24.889651384431197 26.799910323573787 28.710169262716377 30.62042820185897 31.34232851562603 30.793846594146554 30.24536467266708 29.696882751186667 29.148400829707192 28.599918908227718 28.051436986748243 27.502955065268765 26.95447314378929 26.405991222309815 25.857509300830337 25.309027379350866 24.958355284939667 24.81914636787321 24.67993745080675
10.732120357036433 11.117520330690468 11.502920304344503 11.888320277998538 12.273720251652572 12.659120225306607 12.703539982253766 12.383444180546821 12.063348378840422 11.743252577134024 11.423156775427625 11.103060973721226 10.782965172014828 10.462869370308429 10.142773568602031 9.822677766895632 9.502581965189233 9.182486163482835 9.961184906061051 11.914519854200346 13.867854802342972 15.821189750482265 17.774524698621562 19.727859646760855 21.68119459490015 23.63452954303944 25.587864491178735 27.541199439318028 29.49453438745732 31.44786933559662 32.16778651054655 31.569152202603895 30.97051789466124 30.371883586717562 29.773249278774905 29.174614970832252 28.575980662889595 27.977346354946942 27.378712047004285 26.780077739061632 26.181443431118975 25.582809123176318 25.234156669464575 25.152740469672366 25.071324269880158
11.283246444799072 11.702908766985281 12.122571089171492 12.542233411357701 12.96189573354391 13.38155805573012 13.427273583016406 13.073231534434187 12.719189485852572 12.365147437270958 12.011105388689343 11.657063340107728 11.303021291526111 10.948979242944496 10.594937194362881 10.240895145781266 9.886853097199651 9.532811048618036 10.314789940834897 12.311200897970894 14.307611855110295 16.30402281224629 18.300433769382288 20.29684472651828 22.29325568365428 24.289666640790273 26.28607759792627 28.282488555062265 30.27889951219826 32.27531046933426 32.99324450546707 32.34445781106123 31.695671116655394 31.046884422248453 30.398097727842618 29.749311033436783 29.100524339030947 28.451737644625112 27.802950950219277 27.15416425581344 26.505377561407606 25.85659086700177 25.50995805398948 25.48633457147152 25.46271108895356
11.834372532561712 12.288297203280097 12.74222187399848 13.196146544716864 13.650071215435247 14.10399588615363 14.151007183779045 13.763018888321552 13.375030592864722 12.98704229740789 12.599054001951059 12.211065706494228 11.823077411037396 11.435089115580565 11.047100820123735 10.659112524666902 10.271124229210072 9.883135933753241 10.668394975608745 12.707881941741444 14.74736890787762 16.786855874010318 18.826342840143017 20.865829806275713 22.905316772408412 24.94480373854111 26.98429070467381 29.023777670806506 31.063264636939206 33.10275160307191 33.81870250038758 33.11976341951857 32.42082433864955 31.721885257779345 31.02294617691033 30.324007096041317 29.625068015172303 28.926128934303286 28.227189853434272 27.528250772565258 26.829311691696244 26.13037261082723 25.78575943851439 25.81992867327068 25.85409790802697
12.071562605058675 12.53722796621344 13.002893327368202 13.468558688522965 13.934224049677727 14.39988941083249 14.450976485858659 14.05887000252089 13.666763519183792 13.274657035846692 12.882550552509592 12.490444069172494 12.098337585835393 11.706231102498293 11.314124619161195 10.922018135824095 10.529911652486994 10.137805169149896 10.927582562806746 12.98082053688525 15.034058510967256 17.087296485045762 19.140534459124268 21.19377243320277 23.247010407281273 25.30024838135978 27.353486355438285 29.40672432951679 31.459962303595294 33.5132002776738 34.229311447354995 33.51600383527616 32.80269622319733 32.089388611117286 31.37608099903845 30.66277338695962 29.94946577488079 29.236158162801956 28.522850550723128 27.809542938644295 27.096235326565463 26.382927714486634 26.044384271433273 26.10647219797175 26.16856012451023
11.973174866639814 12.426506685411308 12.879838504182803 13.333170322954297 13.78650214172579 14.239833960497286 14.297968465231378 13.933628108824838 13.569287752418917 13.204947396012999 12.840607039607079 12.476266683201159 12.111926326795238 11.74758597038932 11.3832456139834 11.018905257577481 10.654564901171561 10.290224544765643 11.085843850283922 13.121486254727987 15.15712865917552 17.192771063619585 19.22841346806365 21.26405587250771 23.299698276951773 25.335340681395838 27.370983085839903 29.406625490283965 31.442267894728026 33.47791029917209 34.19647291266007 33.50704745495104 32.81762199724201 32.1281965395318 31.43877108182277 30.74934562411374 30.05992016640471 29.370494708695677 28.681069250986646 27.991643793277618 27.302218335568586 26.612792877859555 26.284648453433245 26.34272162165457 26.40079478987589
11.874787128220952 12.315785404609176 12.756783680997403 13.197781957385628 13.638780233773854 14.079778510162079 14.144960444604095 13.808386215128783 13.471811985654043 13.135237756179302 12.798663526704564 12.462089297229824 12.125515067755083 11.788940838280345 11.452366608805605 11.115792379330864 10.779218149856126 10.442643920381386 11.244105137761098 13.26215197257072 15.280198807383783 17.298245642193404 19.316292477003024 21.33433931181265 23.352386146622273 25.370432981431893 27.388479816241514 29.406526651051138 31.424573485860762 33.44262032067038 34.16363437796515 33.49809107462592 32.83254777128669 32.16700446794632 31.501461164607093 30.835917861267863 30.170374557928632 29.5048312545894 28.83928795125017 28.17374464791094 27.50820134457171 26.842658041232482 26.524912635433218 26.578971045337386 26.633029455241555
