Figures/CREST_Example_wjb_NSE/Rolling_result/20100722/BJP_forecast/ens_12/wjb.rain.20100728.asc
ncols            288
nrows            254
xllcorner        113.274861
yllcorner        31.4918055
cellsize         0.008333333333
NODATA_value     -9999
[rows 220 to 241 of 254, columns 192 to 239 of 288]
0.05945652340006535 0.03583154000299421 0.012206556605923069 0.013001249428352278 0.039901128676431884 0.06680100792451149 0.0937008871725911 0.1206007664206707 0.14750064566875032 0.17440052491682992 0.20130040416490952 0.22820028341298915 0.2551001626610687 0.28200004190914835 0.308899921157228 0.3206383751433496 0.3161689224338441 0.3116994697243462 0.3072300170148483 0.3027605643053504 0.29829111159585253 0.29382165888635464 0.28935220617685675 0.2848827534673589 0.28041330075786103 0.27594384804836314 0.27147439533886525 0.28271175360969686 0.31074004828293755 0.3387683429562261 0.3667966376294668 0.39482493230270754 0.42285322697594824 0.45088152164918893 0.4789098163224297 0.5069381109956703 0.5349664056689111 0.5629947003421518 0.5910229950153925 0.14307058687025065 0.14307058687025065 0.14307058687025065 0.14307058687025065 0.14307058687025065 -9999.0 -9999.0 -9999.0 -9999.0
0.07652534911756825 0.04611808681948992 0.015710824521411537 0.01673365838723341 0.05135597622489997 0.08597829406256653 0.12060061190023309 0.15522292973789967 0.18984524757556623 0.2244675654132328 0.2590898832508993 0.2937122010885659 0.32833451892623244 0.362956836763899 0.39757915460156557 0.41268749323320986 0.40693494650830336 0.40118239978340675 0.3954298530585101 0.38967730633361347 0.3839247596087168 0.37817221288382014 0.3724196661589235 0.36666711943402686 0.36091457270913024 0.3551620259842336 0.3494094792593369 0.3571013269468101 0.37916553652427604 0.4012297461017796 0.4232939556792455 0.4453581652567114 0.46742237483417726 0.48948658441164317 0.5115507939891091 0.533615003566575 0.5556792131440409 0.5777434227215068 0.5998076322989727 0.14307058687025065 0.14307058687025065 0.14307058687025065 0.14307058687025065 -9999.0 -9999.0 -9999.0 -9999.0 -9999.0
0.09359417483507115 0.056404633635985524 0.019215092436899894 0.020466067346114537 0.06281082377336805 0.10515558020062156 0.14750033662787507 0.18984509305512856 0.23218984948238208 0.2745346059096356 0.31687936233688907 0.3592241187641426 0.4015688751913961 0.4439136316186496 0.4862583880459031 0.5047366113230701 0.4977009705827627 0.49066532984246725 0.48362968910217186 0.4765940483618764 0.469558407621581 0.4625227668812856 0.4554871261409902 0.44845148540069474 0.44141584466039935 0.4343802039201039 0.4273445631798085 0.4314909002839233 0.4475910247656144 0.46369114924733296 0.4797912737290241 0.49589139821071515 0.5119915226924063 0.5280916471740974 0.5441917716557885 0.5602918961374797 0.5763920206191707 0.5924921451008618 0.6085922695825529 0.14307058687025065 0.14307058687025065 0.14307058687025065 0.14307058687025065 -9999.0 -9999.0 -9999.0 -9999.0 -9999.0
0.11066300055258144 0.06669118045248562 0.02271936035238986 0.02419847630499726 0.07426567132184102 0.12433286633868477 0.17440006135552852 0.22446725637237228 0.27453445138921606 0.3246016464060598 0.3746688414229035 0.4247360364397473 0.47480323145659104 0.5248704264734348 0.5749376214902786 0.5967857294129696 0.5884669946572607 0.5801482599015659 0.5718295251458713 0.5635107903901765 0.5551920556344818 0.546873320878787 0.5385545861230924 0.5302358513673976 0.5219171166117029 0.5135983818560081 0.5052796471003135 0.5058804736210684 0.516016513006982 0.5261525523929131 0.5362885917788268 0.5464246311647406 0.5565606705506544 0.5666967099365681 0.5768327493224819 0.5869687887083956 0.5971048280943093 0.6072408674802231 0.6173769068661368 0.14307058687025065 0.14307058687025065 0.14307058687025065 0.14307058687025065 0.14307058687025065 0.14307058687025065 -9999.0 -9999.0 -9999.0
0.12773182627008428 0.07697772726898122 0.026223628267878274 0.02793088526387839 0.08572051887030908 0.1435101524767398 0.2012997860831705 0.2590894196896012 0.3168790532960319 0.3746686869024626 0.4324583205088933 0.490247954115324 0.5480375877217547 0.6058272213281855 0.6636168549346161 0.6888348475028298 0.6792330187317199 0.6696311899606264 0.6600293611895329 0.6504275324184394 0.640825703647346 0.6312238748762525 0.621622046105159 0.6120202173340655 0.602418388562972 0.5928165597918786 0.5832147310207851 0.5802700469581816 0.5844420012483206 0.5886139555384666 0.5927859098286056 0.5969578641187445 0.6011298184088834 0.6053017726990223 0.6094737269891612 0.6136456812793002 0.6178176355694391 0.6219895898595781 0.626161544149717 0.14307058687025065 0.14307058687025065 0.14307058687025065 0.14307058687025065 0.14307058687025065 0.14307058687025065 0.14307058687025065 -9999.0 -9999.0
0.1448006519875873 0.08726427408547699 0.029727896183366687 0.03166329422275952 0.09717536641877718 0.16268743861479484 0.2281995108108125 0.29371158300683015 0.3592236552028478 0.42473572739886545 0.4902477995948831 0.5557598717909008 0.6212719439869184 0.686784016182936 0.7522960883789537 0.78088396559269 0.7699990428061791 0.7591141200196869 0.7482291972331947 0.7373442744467025 0.7264593516602103 0.7155744288737179 0.7046895060872257 0.6938045833007335 0.6829196605142412 0.6720347377277489 0.6611498149412567 0.6546596202952948 0.6528674894896589 0.65107535868402 0.6492832278783841 0.6474910970727482 0.6456989662671124 0.6439068354614765 0.6421147046558406 0.6403225738502047 0.638530443044569 0.6367383122389331 0.6349461814332972 0.14307058687025065 0.14307058687025065 0.14307058687025065 0.14307058687025065 0.14307058687025065 0.14307058687025065 0.14307058687025065 0.14307058687025065 -9999.0
0.1618694777050974 0.09755082090197698 0.03323216409885654 0.035395703181642243 0.10863021396725013 0.18186472475285803 0.2550992355384659 0.3283337463240738 0.4015682571096817 0.47480276789528963 0.5480372786808975 0.6212717894665054 0.6945063002521134 0.7677408110377212 0.8409753218233291 0.8729330836825895 0.8607650668806772 0.8485970500787856 0.8364290332768941 0.8242610164750025 0.8120929996731109 0.7999249828712194 0.7877569660693278 0.7755889492674363 0.7634209324655447 0.7512529156636532 0.7390848988617615 0.7290491936324397 0.7212929777310265 0.7135367618296 0.7057805459281868 0.6980243300267737 0.6902681141253604 0.6825118982239472 0.674755682322534 0.6669994664211207 0.6592432505197076 0.6514870346182944 0.6437308187168811 0.14307058687025065 0.14307058687025065 0.14307058687025065 0.14307058687025065 0.14307058687025065 0.14307058687025065 0.14307058687025065 0.14307058687025065 -9999.0
0.1789383034226003 0.10783736771847263 0.036736432014344955 0.03912811214052337 0.12008506151571822 0.20104201089091306 0.28199896026610793 0.36295590964130275 0.44391285901649763 0.5248698083916925 0.6058267577668873 0.6867837071420821 0.767740656517277 0.8486976058924719 0.9296545552676667 0.9649822017724498 0.9515310909551364 0.9380799801378462 0.9246288693205559 0.9111777585032655 0.8977266476859752 0.8842755368686849 0.8708244260513945 0.8573733152341042 0.8439222044168139 0.8304710935995235 0.8170199827822332 0.803438766969553 0.789718465972365 0.7759981649751535 0.7622778639779655 0.7485575629807775 0.7348372619835895 0.7211169609864014 0.7073966599892135 0.6936763589920255 0.6799560579948375 0.6662357569976495 0.6525154560004615 0.14307058687025065 0.14307058687025065 0.14307058687025065 0.14307058687025065 0.14307058687025065 0.14307058687025065 0.14307058687025065 0.14307058687025065 0.14307058687025065
0.1960071291401032 0.11812391453496829 0.04024069992983337 0.042860521099404504 0.1315399090641863 0.22021929702896811 0.3088986849937499 0.3975780729585317 0.4862574609233135 0.5749368488880954 0.6636162368528771 0.7522956248176589 0.8409750127824407 0.9296544007472225 1.0183337887120043 1.05703131986231 1.0422971150295959 1.0275629101969066 1.0128287053642175 0.9980945005315285 0.9833602956988394 0.9686260908661503 0.9538918860334612 0.939157681200772 0.924423476368083 0.9096892715353939 0.8949550667027047 0.8778283403066661 0.8581439542137034 0.838459568120707 0.8187751820277441 0.7990907959347813 0.7794064098418185 0.7597220237488557 0.7400376376558928 0.7203532515629301 0.7006688654699672 0.6809844793770045 0.6613000932840416 0.14307058687025065 0.14307058687025065 0.14307058687025065 0.14307058687025065 0.14307058687025065 0.14307058687025065 0.14307058687025065 0.14307058687025065 0.14307058687025065
0.14307058687025065 0.14307058687025065 0.14307058687025065 0.04354732113308351 0.13364771390785332 0.22374810668262313 0.3138484994573929 0.40394889223216274 0.4940492850069325 0.5841496777817023 0.6742500705564721 0.7643504633312419 0.8544508561060118 0.9445512488807816 1.0346516416555513 1.07422916199708 1.0597965884163913 1.0453640148357273 1.0309314412550632 1.0164988676743991 1.0020662940937348 0.9876337205130707 0.9732011469324067 0.9587685733517426 0.9443359997710784 0.9299034261904143 0.9154708526097501 0.14307058687025065 0.14307058687025065 0.14307058687025065 0.14307058687025065 0.14307058687025065 0.14307058687025065 0.14307058687025065 0.14307058687025065 0.14307058687025065 0.14307058687025065 0.14307058687025065 0.14307058687025065 0.14307058687025065 0.14307058687025065 0.14307058687025065 0.14307058687025065 0.14307058687025065 0.14307058687025065 0.14307058687025065 0.14307058687025065 0.14307058687025065
0.14307058687025065 0.14307058687025065 0.14307058687025065 0.04097855717247056 0.12576411918900418 0.21054968120553783 0.29533524322207144 0.3801208052386051 0.4649063672551387 0.5496919292716723 0.634477491288206 0.7192630533047396 0.8040486153212733 0.8888341773378069 0.9736197393543404 1.0114157075698564 0.998978736676195 0.9865417657825547 0.9741047948889144 0.9616678239952742 0.949230853101634 0.9367938822079938 0.9243569113143535 0.9119199404207132 0.899482969527073 0.8870459986334328 0.8746090277397925 0.14307058687025065 0.14307058687025065 0.14307058687025065 0.14307058687025065 0.14307058687025065 0.14307058687025065 0.14307058687025065 0.14307058687025065 0.14307058687025065 0.14307058687025065 0.14307058687025065 0.14307058687025065 0.14307058687025065 0.14307058687025065 0.14307058687025065 0.14307058687025065 0.14307058687025065 0.14307058687025065 0.14307058687025065 -9999.0 -9999.0
0.14307058687025065 0.14307058687025065 0.14307058687025065 0.038409793211858695 0.1178805244701584 0.1973512557284581 0.2768219869867578 0.35629271824505754 0.4357634495033572 0.515234180761657 0.5947049120199567 0.6741756432782563 0.753646374536556 0.8331171057948558 0.9125878370531555 0.9486022531426592 0.9381608849360243 0.9277195167294071 0.9172781485227899 0.9068367803161728 0.8963954121095555 0.8859540439029384 0.8755126756963212 0.865071307489704 0.8546299392830868 0.8441885710764696 0.8337472028698525 0.14307058687025065 0.14307058687025065 0.14307058687025065 0.14307058687025065 0.14307058687025065 0.14307058687025065 0.14307058687025065 0.14307058687025065 0.14307058687025065 0.14307058687025065 0.14307058687025065 0.14307058687025065 0.14307058687025065 0.14307058687025065 0.14307058687025065 0.14307058687025065 -9999.0 -9999.0 -9999.0 -9999.0 -9999.0
0.14307058687025065 0.14307058687025065 0.14307058687025065 0.035841029251246825 0.1099969297513126 0.18415283025137838 0.25830873075144417 0.33246463125150993 0.40662053175157575 0.4807764322516415 0.5549323327517073 0.6290882332517731 0.7032441337518388 0.7774000342519046 0.8515559347519704 0.8857887987154622 0.8773430331958536 0.8688972676762595 0.8604515021566653 0.8520057366370712 0.843559971117477 0.8351142055978829 0.8266684400782888 0.8182226745586946 0.8097769090391005 0.8013311435195063 0.7928853779999121 0.14307058687025065 0.14307058687025065 0.14307058687025065 0.14307058687025065 0.14307058687025065 0.14307058687025065 0.14307058687025065 0.14307058687025065 0.14307058687025065 0.14307058687025065 0.14307058687025065 0.14307058687025065 0.14307058687025065 0.14307058687025065 0.14307058687025065 -9999.0 -9999.0 -9999.0 -9999.0 -9999.0 -9999.0
0.14307058687025065 0.14307058687025065 0.14307058687025065 0.033272265290633866 0.10211333503246346 0.17095440477429305 0.23979547451612265 0.30863654425795223 0.3774776139997818 0.44631868374161143 0.515159753483441 0.5840008232252706 0.6528418929671002 0.7216829627089297 0.7905240324507594 0.8229753442882383 0.816525181455657 0.8100750186230867 0.8036248557905165 0.7971746929579463 0.790724530125376 0.7842743672928058 0.7778242044602356 0.7713740416276653 0.764923878795095 0.7584737159625249 0.7520235531299546 0.14307058687025065 0.14307058687025065 0.14307058687025065 0.14307058687025065 0.14307058687025065 0.14307058687025065 0.14307058687025065 0.14307058687025065 0.14307058687025065 0.14307058687025065 0.14307058687025065 0.14307058687025065 -9999.0 -9999.0 -9999.0 -9999.0 -9999.0 -9999.0 -9999.0 -9999.0 -9999.0
0.14307058687025065 0.14307058687025065 0.14307058687025065 0.030703501330022 0.09422974031361767 0.15775597929721333 0.221282218280809 0.2848084572644047 0.34833469624800034 0.411860935231596 0.47538717421519167 0.5389134131987874 0.602439652182383 0.6659658911659787 0.7294921301495744 0.7601618898610412 0.7557073297154864 0.7512527695699391 0.7467982094243919 0.7423436492788448 0.7378890891332975 0.7334345289877504 0.7289799688422032 0.724525408696656 0.7200708485511088 0.7156162884055616 0.7111617282600144 0.14307058687025065 0.14307058687025065 0.14307058687025065 0.14307058687025065 0.14307058687025065 0.14307058687025065 0.14307058687025065 0.14307058687025065 0.14307058687025065 0.14307058687025065 0.14307058687025065 -9999.0 -9999.0 -9999.0 -9999.0 -9999.0 -9999.0 -9999.0 -9999.0 -9999.0 -9999.0
0.14307058687025065 0.14307058687025065 0.14307058687025065 0.028134737369410138 0.08634614559477188 0.14455755382013363 0.20276896204549538 0.26098037027085713 0.3191917784962189 0.37740318672158063 0.4356145949469424 0.49382600317230413 0.5520374113976659 0.6102488196230277 0.6684602278483894 0.6973484354338441 0.6948894779753158 0.6924305205167915 0.6899715630582675 0.6875126055997433 0.6850536481412192 0.6825946906826951 0.6801357332241709 0.6776767757656468 0.6752178183071226 0.6727588608485985 0.6702999033900743 0.14307058687025065 0.14307058687025065 0.14307058687025065 0.14307058687025065 0.14307058687025065 0.14307058687025065 0.14307058687025065 0.14307058687025065 0.14307058687025065 0.14307058687025065 0.14307058687025065 -9999.0 -9999.0 -9999.0 -9999.0 -9999.0 -9999.0 -9999.0 -9999.0 -9999.0 -9999.0
0.14307058687025065 0.14307058687025065 0.14307058687025065 0.025565973408797182 0.07846255087592276 0.13135912834304833 0.18425570581017392 0.23715228327729948 0.29004886074442504 0.34294543821155066 0.3958420156786762 0.4487385931458018 0.5016351706129274 0.5545317480800529 0.6074283255471785 0.6345349810066203 0.6340716262351193 0.633608271463619 0.6331449166921187 0.6326815619206185 0.6322182071491182 0.631754852377618 0.6312914976061177 0.6308281428346175 0.6303647880631172 0.629901433291617 0.6294380785201167 0.14307058687025065 0.14307058687025065 0.14307058687025065 0.14307058687025065 0.14307058687025065 0.14307058687025065 0.14307058687025065 0.14307058687025065 0.14307058687025065 -9999.0 -9999.0 -9999.0 -9999.0 -9999.0 -9999.0 -9999.0 -9999.0 -9999.0 -9999.0 -9999.0 -9999.0
0.14307058687025065 0.14307058687025065 0.14307058687025065 0.022997209448185313 0.07057895615707696 0.11816070286596861 0.16574244957486026 0.21332419628375188 0.2609059429926435 0.3084876897015352 0.3560694364104268 0.40365118311931847 0.4512329298282101 0.49881467653710176 0.5463964232459934 0.5717215265794231 0.5732537744949485 0.5747860224104713 0.5763182703259941 0.5778505182415169 0.5793827661570398 0.5809150140725625 0.5824472619880854 0.5839795099036081 0.585511757819131 0.5870440057346538 0.5885762536501766 0.14307058687025065 0.14307058687025065 0.14307058687025065 0.14307058687025065 0.14307058687025065 0.14307058687025065 0.14307058687025065 0.14307058687025065 0.14307058687025065 -9999.0 -9999.0 -9999.0 -9999.0 -9999.0 -9999.0 -9999.0 -9999.0 -9999.0 -9999.0 -9999.0 -9999.0
0.14307058687025065 0.14307058687025065 0.14307058687025065 0.02042844548757345 0.06269536143823118 0.1049622773888889 0.14722919333954662 0.18949610929020436 0.2317630252408621 0.2740299411915198 0.31629685714217753 0.35856377309283527 0.400830689043493 0.44309760499415074 0.4853645209448085 0.508908072152226 0.5124359227547779 0.5159637733573237 0.5194916239598696 0.5230194745624155 0.5265473251649613 0.5300751757675072 0.533603026370053 0.5371308769725989 0.5406587275751447 0.5441865781776906 0.5477144287802365 0.14307058687025065 0.14307058687025065 0.14307058687025065 0.14307058687025065 0.14307058687025065 0.14307058687025065 0.14307058687025065 0.14307058687025065 0.14307058687025065 -9999.0 -9999.0 -9999.0 -9999.0 -9999.0 -9999.0 -9999.0 -9999.0 -9999.0 -9999.0 -9999.0 -9999.0
0.14307058687025065 0.14307058687025065 0.14307058687025065 0.01785968152696049 0.05481176671938203 0.09176385191180357 0.1287159371042251 0.16566802229664665 0.20262010748906817 0.23957219268148972 0.27652427787391126 0.3134763630663328 0.35042844825875435 0.38738053345117585 0.4243326186435974 0.44609461772500214 0.4516180710145813 0.45714152430415106 0.46266497759372077 0.46818843088329054 0.4737118841728603 0.47923533746243 0.4847587907519998 0.49028224404156956 0.4958056973311393 0.501329150620709 0.5068526039102788 0.14307058687025065 0.14307058687025065 0.14307058687025065 0.14307058687025065 0.14307058687025065 0.14307058687025065 0.14307058687025065 0.14307058687025065 -9999.0 -9999.0 -9999.0 -9999.0 -9999.0 -9999.0 -9999.0 -9999.0 -9999.0 -9999.0 -9999.0 -9999.0 -9999.0
0.14307058687025065 0.14307058687025065 0.14307058687025065 0.015290917566348629 0.04692817200053625 0.07856542643472388 0.1102026808689115 0.1418399353030991 0.17347718973728674 0.20511444417147434 0.23675169860566198 0.2683889530398496 0.30002620747403724 0.3316634619082248 0.36330071634241246 0.38328116329780504 0.39080021927441067 0.39831927525100347 0.40583833122759627 0.4133573872041891 0.4208764431807819 0.4283954991573747 0.4359145551339675 0.44343361111056023 0.45095266708715304 0.45847172306374584 0.46599077904033864 0.14307058687025065 0.14307058687025065 0.14307058687025065 0.14307058687025065 0.14307058687025065 0.14307058687025065 0.14307058687025065 0.14307058687025065 -9999.0 -9999.0 -9999.0 -9999.0 -9999.0 -9999.0 -9999.0 -9999.0 -9999.0 -9999.0 -9999.0 -9999.0 -9999.0
0.14307058687025065 0.14307058687025065 0.14307058687025065 0.14307058687025065 0.14307058687025065 0.14307058687025065 0.14307058687025065 0.14307058687025065 0.14307058687025065 0.14307058687025065 0.14307058687025065 0.14307058687025065 0.14307058687025065 0.14307058687025065 0.14307058687025065 0.14307058687025065 0.14307058687025065 0.14307058687025065 0.14307058687025065 0.14307058687025065 0.14307058687025065 0.14307058687025065 0.14307058687025065 0.14307058687025065 0.14307058687025065 0.14307058687025065 0.14307058687025065 0.14307058687025065 0.14307058687025065 0.14307058687025065 0.14307058687025065 0.14307058687025065 -9999.0 -9999.0 -9999.0 -9999.0 -9999.0 -9999.0 -9999.0 -9999.0 -9999.0 -9999.0 -9999.0 -9999.0 -9999.0 -9999.0 -9999.0 -9999.0
