Figures/CREST_Example_wjb_NSE/Rolling_result/20100722/BJP_forecast/ens_12/wjb.rain.20090828.asc
ncols            288
nrows            254
xllcorner        113.274861
yllcorner        31.4918055
cellsize         0.008333333333
NODATA_value     -9999
[rows 180 to 199 of 254, columns 180 to 224 of 288]
20.09843159410699 20.09843159410699 20.09843159410699 19.876265699306344 19.41659943644701 18.956933173587682 18.49726691072835 18.03760064786902 17.577934385009687 17.118268122150358 16.658601859291025 16.198935596431696 15.739269333572365 15.279603070713033 14.819936807853702 14.547852341334474 14.47629705954008 14.404741777745686 14.333186495951292 14.261631214156896 14.190075932362502 14.118520650568108 14.046965368773712 13.975410086979318 13.903854805184924 13.832299523390528 13.760744241596134 13.723773058006037 13.723773058006037 13.723773058006037 13.723773058006037 13.723773058006037 13.723773058006037 13.723773058006037 13.723773058006037 13.723773058006037 13.723773058006037 13.723773058006037 13.723773058006037 13.8667437311252 14.1625532894108 14.458362847696904 14.754172405982503 15.049981964268103 15.345791522553702
19.720968121659357 19.720968121659357 19.720968121659357 19.50176369874622 19.048224788225625 18.59468587770503 18.141146967184437 17.68760805666384 17.23406914614325 16.780530235622653 16.326991325102057 15.873452414581463 15.419913504060869 14.966374593540273 14.51283568301968 14.240223543462143 14.161026215917305 14.081828888372467 14.002631560827629 13.92343423328279 13.844236905737953 13.765039578193115 13.685842250648276 13.606644923103438 13.5274475955586 13.448250268013762 13.369052940468924 13.328133264617202 13.328133264617202 13.328133264617202 13.328133264617202 13.328133264617202 13.328133264617202 13.328133264617202 13.328133264617202 13.328133264617202 13.328133264617202 13.328133264617202 13.328133264617202 13.46744870658336 13.75569550889102 14.04394231119917 14.332189113506828 14.620435915814488 14.908682718122147
19.512605743798137 19.512605743798137 19.512605743798137 19.290433806659763 18.830755042066965 18.371076277474167 17.91139751288137 17.45171874828857 16.992039983695772 16.532361219102974 16.072682454510176 15.61300368991738 15.153324925324581 14.693646160731785 14.233967396138986 13.956313152103492 13.873247239235878 13.790181326368263 13.707115413500649 13.624049500633033 13.54098358776542 13.457917674897804 13.37485176203019 13.291785849162574 13.20871993629496 13.125654023427344 13.04258811055973 12.999669614011399 12.999669614011399 12.999669614011399 12.999669614011399 12.999669614011399 12.999669614011399 12.999669614011399 12.999669614011399 12.999669614011399 12.999669614011399 12.999669614011399 12.999669614011399 13.131997200471657 13.405785971593852 13.679574742716513 13.953363513838706 14.2271522849609 14.500941056083093
19.30424336593674 19.30424336593674 19.30424336593674 19.079103914573125 18.613285295908117 18.147466677243113 17.681648058578105 17.2158294399131 16.750010821248093 16.284192202583085 15.818373583918081 15.352554965253074 14.886736346588068 14.420917727923062 13.955099109258056 13.6724027607446 13.585468262554205 13.49853376436381 13.411599266173415 13.324664767983021 13.237730269792626 13.150795771602231 13.063861273411836 12.976926775221441 12.889992277031046 12.803057778840653 12.716123280650258 12.671205963405315 12.671205963405315 12.671205963405315 12.671205963405315 12.671205963405315 12.671205963405315 12.671205963405315 12.671205963405315 12.671205963405315 12.671205963405315 12.671205963405315 12.671205963405315 12.796545694359668 13.055876434296385 13.315207174233542 13.574537914170259 13.833868654106976 14.093199394043692
19.095880988075518 19.095880988075518 19.095880988075518 18.867774022486667 18.395815549749457 17.923857077012247 17.451898604275037 16.97994013153783 16.50798165880062 16.03602318606341 15.5640647133262 15.09210624058899 14.62014776785178 14.148189295114571 13.676230822377363 13.388492369385949 13.297689285872776 13.206886202359605 13.116083118846435 13.025280035333262 12.934476951820091 12.843673868306919 12.752870784793748 12.662067701280577 12.571264617767405 12.480461534254234 12.389658450741061 12.34274231279951 12.34274231279951 12.34274231279951 12.34274231279951 12.34274231279951 12.34274231279951 12.34274231279951 12.34274231279951 12.34274231279951 12.34274231279951 12.34274231279951 12.34274231279951 12.461094188247964 12.705966896999215 12.950839605750883 13.195712314502135 13.440585023253385 13.685457732004636
18.887518610214297 18.887518610214297 18.887518610214297 18.65644413040021 18.178345803590798 17.700247476781385 17.222149149971973 16.74405082316256 16.265952496353144 15.787854169543731 15.309755842734319 14.831657515924906 14.353559189115494 13.875460862306081 13.397362535496669 13.104581978027298 13.00991030919135 12.915238640355401 12.820566971519453 12.725895302683504 12.631223633847556 12.536551965011608 12.441880296175661 12.347208627339713 12.252536958503764 12.157865289667816 12.063193620831868 12.014278662193707 12.014278662193707 12.014278662193707 12.014278662193707 12.014278662193707 12.014278662193707 12.014278662193707 12.014278662193707 12.014278662193707 12.014278662193707 12.014278662193707 12.014278662193707 12.125642682136261 12.356057359702046 12.586472037268226 12.816886714834013 13.047301392399797 13.277716069965583
18.679156232353073 18.679156232353073 18.679156232353073 18.44511423831375 17.960876057432134 17.476637876550516 16.9923996956689 16.508161514787286 16.02392333390567 15.539685153024053 15.055446972142438 14.571208791260823 14.086970610379206 13.602732429497589 13.118494248615974 12.820671586668645 12.722131332509921 12.623591078351197 12.525050824192471 12.426510570033747 12.327970315875021 12.229430061716297 12.13088980755757 12.032349553398847 11.933809299240123 11.835269045081397 11.736728790922673 11.685815011587902 11.685815011587902 11.685815011587902 11.685815011587902 11.685815011587902 11.685815011587902 11.685815011587902 11.685815011587902 11.685815011587902 11.685815011587902 11.685815011587902 11.685815011587902 11.790191176024555 12.006147822404877 12.222104468785567 12.438061115165887 12.654017761546207 12.869974407926529
18.470793854491852 18.470793854491852 18.470793854491852 18.233784346227292 17.74340631127347 17.253028276319654 16.762650241365833 16.272272206412016 15.781894171458196 15.291516136504377 14.801138101550556 14.310760066596739 13.820382031642918 13.3300039966891 12.83962596173528 12.536761195309994 12.434352355828493 12.331943516346993 12.229534676865491 12.12712583738399 12.024716997902487 11.922308158420986 11.819899318939484 11.717490479457982 11.61508163997648 11.512672800494979 11.410263961013477 11.357351360982099 11.357351360982099 11.357351360982099 11.357351360982099 11.357351360982099 11.357351360982099 11.357351360982099 11.357351360982099 11.357351360982099 11.357351360982099 11.357351360982099 11.357351360982099 11.454739669912852 11.656238285107708 11.857736900302909 12.059235515497765 12.26073413069262 12.462232745887476
18.26243147663063 18.26243147663063 18.26243147663063 18.022454454140835 17.52593656511481 17.02941867608879 16.53290078706277 16.036382898036745 15.539865009010722 15.0433471199847 14.546829230958677 14.050311341932655 13.553793452906632 13.057275563880609 12.560757674854587 12.252850803951343 12.146573379147066 12.040295954342787 11.934018529538509 11.827741104734232 11.721463679929952 11.615186255125675 11.508908830321396 11.402631405517118 11.29635398071284 11.190076555908561 11.083799131104284 11.028887710376296 11.028887710376296 11.028887710376296 11.028887710376296 11.028887710376296 11.028887710376296 11.028887710376296 11.028887710376296 11.028887710376296 11.028887710376296 11.028887710376296 11.028887710376296 11.11928816380115 11.306328747810541 11.493369331820249 11.68040991582964 11.86745049983903 12.054491083848422
18.054069098769233 18.054069098769233 18.054069098769233 17.811124562054196 17.308466818955967 16.805809075857734 16.303151332759505 15.800493589661272 15.297835846563043 14.795178103464812 14.29252036036658 13.78986261726835 13.287204874170119 12.784547131071887 12.281889387973656 11.96894041259245 11.858794402465392 11.748648392338335 11.638502382211277 11.528356372084218 11.41821036195716 11.308064351830101 11.197918341703044 11.087772331575986 10.977626321448927 10.867480311321868 10.757334301194811 10.700424059770212 10.700424059770212 10.700424059770212 10.700424059770212 10.700424059770212 10.700424059770212 10.700424059770212 10.700424059770212 10.700424059770212 10.700424059770212 10.700424059770212 10.700424059770212 10.78383665768916 10.956419210513074 11.12900176333728 11.301584316161193 11.474166868985106 11.64674942180902
17.845706720908012 17.845706720908012 17.845706720908012 17.59979466996774 17.090997072797304 16.582199475626872 16.073401878456437 15.564604281286002 15.055806684115568 14.547009086945135 14.0382114897747 13.529413892604266 13.020616295433832 12.511818698263397 12.003021101092962 11.6850300212338 11.571015425783965 11.45700083033413 11.342986234884295 11.22897163943446 11.114957043984624 11.00094244853479 10.886927853084956 10.77291325763512 10.658898662185285 10.54488406673545 10.430869471285614 10.371960409164407 10.371960409164407 10.371960409164407 10.371960409164407 10.371960409164407 10.371960409164407 10.371960409164407 10.371960409164407 10.371960409164407 10.371960409164407 10.371960409164407 10.371960409164407 10.448385151577456 10.606509673215903 10.76463419485462 10.92275871649307 11.080883238131518 11.239007759769965
17.63734434304679 17.63734434304679 17.63734434304679 17.388464777881282 16.873527326638644 16.358589875396007 15.84365242415337 15.328714972910733 14.813777521668095 14.298840070425458 13.783902619182822 13.268965167940184 12.754027716697546 12.239090265454909 11.724152814212271 11.40111962987515 11.283236449102539 11.165353268329927 11.047470087557315 10.929586906784703 10.811703726012091 10.693820545239479 10.575937364466867 10.458054183694257 10.340171002921645 10.222287822149033 10.104404641376421 10.043496758558604 10.043496758558604 10.043496758558604 10.043496758558604 10.043496758558604 10.043496758558604 10.043496758558604 10.043496758558604 10.043496758558604 10.043496758558604 10.043496758558604 10.043496758558604 10.112933645465752 10.256600135918735 10.400266626371963 10.543933116824945 10.687599607277928 10.831266097730913
17.428981965185567 17.428981965185567 17.428981965185567 17.17713488579482 16.65605758047998 16.13498027516514 15.613902969850301 15.09282566453546 14.571748359220619 14.050671053905779 13.529593748590939 13.008516443276099 12.487439137961257 11.966361832646417 11.445284527331577 11.1172092385165 10.99545747242111 10.873705706325723 10.751953940230335 10.630202174134945 10.508450408039558 10.386698641944168 10.26494687584878 10.143195109753393 10.021443343658003 9.899691577562615 9.777939811467228 9.7150331079528 9.7150331079528 9.7150331079528 9.7150331079528 9.7150331079528 9.7150331079528 9.7150331079528 9.7150331079528 9.7150331079528 9.7150331079528 9.7150331079528 9.7150331079528 9.77748213935405 9.906690598621568 10.035899057889305 10.165107517156823 10.29431597642434 10.423524435691858
17.189580571039286 17.189580571039286 17.189580571039286 16.940574907713895 16.42537655652548 15.91017820533707 15.394979854148657 14.879781502960245 14.364583151771832 13.849384800583419 13.334186449395007 12.818988098206594 12.303789747018183 11.78859139582977 11.273393044641356 10.954971031665313 10.846907376721743 10.738843721778172 10.630780066834603 10.522716411891032 10.414652756947461 10.306589102003892 10.198525447060321 10.090461792116752 9.982398137173181 9.87433448222961 9.766270827286041 9.710436497154891 9.710436497154891 9.710436497154891 9.710436497154891 9.710436497154891 9.710436497154891 9.710436497154891 9.710436497154891 9.710436497154891 9.710436497154891 9.710436497154891 9.710436497154891 9.764807701552646 9.877302953938782 9.989798206325109 10.102293458711245 10.21478871109738 10.327283963483517
16.917000424881444 16.917000424881444 16.917000424881444 16.67704555796366 16.180573509317405 15.684101460671151 15.187629412024897 14.691157363378643 14.19468531473239 13.698213266086134 13.20174121743988 12.705269168793624 12.20879712014737 11.712325071501116 11.215853022854862 10.922792721023075 10.847184179159523 10.77157563729597 10.695967095432417 10.620358553568863 10.544750011705311 10.469141469841757 10.393532927978205 10.317924386114651 10.242315844251099 10.166707302387545 10.091098760523993 10.052033338487796 10.052033338487796 10.052033338487796 10.052033338487796 10.052033338487796 10.052033338487796 10.052033338487796 10.052033338487796 10.052033338487796 10.052033338487796 10.052033338487796 10.052033338487796 10.097161605052312 10.190533009882435 10.283904414712715 10.377275819542838 10.470647224372959 10.564018629203082
16.644420278723715 16.644420278723715 16.644420278723715 16.413516208213537 15.935770462109433 15.458024716005328 14.980278969901224 14.50253322379712 14.024787477693016 13.547041731588912 13.069295985484807 12.591550239380705 12.1138044932766 11.636058747172495 11.158313001068393 10.890614410380854 10.847460981597303 10.804307552813754 10.761154124030204 10.718000695246655 10.674847266463104 10.631693837679554 10.588540408896005 10.545386980112454 10.502233551328905 10.459080122545355 10.415926693761806 10.393630179820555 10.393630179820555 10.393630179820555 10.393630179820555 10.393630179820555 10.393630179820555 10.393630179820555 10.393630179820555 10.393630179820555 10.393630179820555 10.393630179820555 10.393630179820555 10.429515508551837 10.503763065825954 10.578010623100196 10.652258180374313 10.726505737648429 10.800753294922547
16.37184013256599 16.37184013256599 16.37184013256599 16.149986858463414 15.690967414901461 15.231947971339508 14.772928527777555 14.3139090842156 13.854889640653646 13.395870197091693 12.93685075352974 12.477831309967785 12.018811866405832 11.559792422843877 11.100772979281924 10.858436099738633 10.847737784035086 10.83703946833154 10.826341152627993 10.815642836924445 10.804944521220898 10.794246205517352 10.783547889813805 10.772849574110259 10.762151258406712 10.751452942703166 10.740754626999617 10.735227021153314 10.735227021153314 10.735227021153314 10.735227021153314 10.735227021153314 10.735227021153314 10.735227021153314 10.735227021153314 10.735227021153314 10.735227021153314 10.735227021153314 10.735227021153314 10.761869412051361 10.816993121769473 10.872116831487679 10.927240541205789 10.9823642509239 11.037487960642013
16.09925998640815 16.09925998640815 16.09925998640815 15.886457508713185 15.44616436769339 15.005871226673593 14.565578085653797 14.125284944634002 13.684991803614205 13.24469866259441 12.804405521574614 12.364112380554817 11.923819239535021 11.483526098515224 11.04323295749543 10.826257789096395 10.848014586472866 10.869771383849336 10.891528181225807 10.913284978602277 10.935041775978748 10.956798573355218 10.978555370731687 11.000312168108158 11.022068965484628 11.043825762861099 11.06558256023757 11.076823862486219 11.076823862486219 11.076823862486219 11.076823862486219 11.076823862486219 11.076823862486219 11.076823862486219 11.076823862486219 11.076823862486219 11.076823862486219 11.076823862486219 11.076823862486219 11.094223315551028 11.130223177713125 11.166223039875284 11.202222902037382 11.23822276419948 11.274222626361578
15.82667984025042 15.82667984025042 15.82667984025042 15.622928158963061 15.201361320485416 14.77979448200777 14.358227643530125 13.93666080505248 13.515093966574833 13.093527128097188 12.671960289619541 12.250393451141896 11.828826612664251 11.407259774186604 10.985692935708958 10.794079478454172 10.848291388910647 10.90250329936712 10.956715209823594 11.010927120280067 11.06513903073654 11.119350941193014 11.173562851649487 11.227774762105962 11.281986672562436 11.33619858301891 11.390410493475382 11.418420703818978 11.418420703818978 11.418420703818978 11.418420703818978 11.418420703818978 11.418420703818978 11.418420703818978 11.418420703818978 11.418420703818978 11.418420703818978 11.418420703818978 11.418420703818978 11.426577219050552 11.443453233656644 11.460329248262765 11.477205262868857 11.49408127747495 11.510957292081041
15.554099694092695 15.554099694092695 15.554099694092695 15.35939880921294 14.956558273277444 14.55371773734195 14.150877201406454 13.74803666547096 13.345196129535463 12.942355593599967 12.539515057664472 12.136674521728976 11.733833985793481 11.330993449857985 10.928152913922489 10.761901167811951 10.848568191348427 10.935235214884903 11.021902238421381 11.108569261957857 11.195236285494335 11.281903309030811 11.368570332567288 11.455237356103765 11.541904379640242 11.628571403176718 11.715238426713196 11.760017545151737 11.760017545151737 11.760017545151737 11.760017545151737 11.760017545151737 11.760017545151737 11.760017545151737 11.760017545151737 11.760017545151737 11.760017545151737 11.760017545151737 11.760017545151737 11.758931122550077 11.756683289600163 11.754435456650246 11.752187623700333 11.74993979075042 11.747691957800507
