Figures/CREST_Example_wjb_NSE/Rolling_result/20100722/BJP_forecast/ens_12/wjb.rain.20100725.asc
ncols            288
nrows            254
xllcorner        113.274861
yllcorner        31.4918055
cellsize         0.008333333333
NODATA_value     -9999
[rows 140 to 159 of 254, columns 88 to 131 of 288]
1.7360666182335902 1.7394442763419085 1.742821934450227 1.746199592558551 1.7495772506668694 1.7529549087751877 1.7563325668835061 1.7597102249918244 1.7630878831001429 1.766465541208461 1.7698431993167796 1.8212933146862402 1.9241339738187677 2.0269746329512954 2.1298152920838227 2.2326559512163504 2.335496610349053 2.438337269481581 2.5411779286141085 2.644018587746636 2.7468592468791635 2.8496999060116908 2.9525405651442185 3.0283044089236477 3.07512252480969 3.121940640695732 3.168758756581774 3.2155768724678166 3.2623949883538588 3.309213104239981 3.356031220126023 3.402849336012065 3.449667451898107 3.4964855677841493 3.5433036836701914 3.5356894346431833 3.4698857565476713 3.4040820784521593 3.3382784003566472 3.2724747222611352 3.206671044165623 3.140867366070111 3.075063687974487 3.009260009878975
1.9680574962520587 1.971886511388941 1.9757155265258233 1.9795445416627122 1.9833735567995945 1.9872025719364768 1.991031587073359 1.9948606022102413 1.9986896173471238 2.002518632484006 2.0063476476208884 2.0436915521911523 2.1168636313601117 2.1900357105290715 2.263207789698031 2.336379868866991 2.409551948036075 2.482724027205035 2.5558961063739942 2.6290681855429536 2.7022402647119135 2.7754123438808733 2.8485844230498327 2.9070509705263587 2.9497969720913413 2.9925429736563243 3.035288975221307 3.0780349767862893 3.1207809783512723 3.1635269799163277 3.2062729814813107 3.249018983046293 3.2917649846112758 3.3345109861762587 3.3772569877412413 3.372938820742285 3.3183079932022315 3.263677165662178 3.209046338122125 3.1544155105820715 3.099784683042018 3.0451538555019644 2.9905230279618182 2.9358922004217645
2.2000483742705277 2.2043287464359738 2.2086091186014203 2.212889490766874 2.21716986293232 2.221450235097766 2.2257306072632126 2.2300109794286587 2.234291351594105 2.2385717237595513 2.2428520959249973 2.2660897896960646 2.309593288901456 2.353096788106848 2.3966002873122396 2.440103786517631 2.483607285723097 2.527110784928489 2.5706142841338804 2.614117783339272 2.657621282544664 2.7011247817500554 2.744628280955447 2.7857975321290698 2.8244714193729927 2.863145306616916 2.901819193860839 2.9404930811047625 2.979166968348686 3.017840855592675 3.056514742836598 3.0951886300805214 3.1338625173244443 3.1725364045683677 3.211210291812291 3.2101882068413867 3.166730229856792 3.123272252872197 3.0798142758876024 3.0363562989030077 2.992898321918413 2.9494403449338185 2.9059823679491497 2.8625243909645546
2.432039252288996 2.436770981483006 2.4415027106770166 2.4462344398710347 2.450966169065045 2.4556978982590554 2.4604296274530655 2.4651613566470756 2.4698930858410857 2.4746248150350962 2.4793565442291063 2.488488027200977 2.5023229464428005 2.516157865684624 2.529992784926448 2.5438277041682715 2.5576626234101187 2.5714975426519424 2.585332461893766 2.59916738113559 2.613002300377414 2.6268372196192376 2.6406721388610612 2.664544093731781 2.6991458666546446 2.7337476395775084 2.768349412500372 2.8029511854232356 2.8375529583460994 2.8721547312690223 2.906756504191886 2.94135827711475 2.9759600500376138 3.010561822960477 3.045163595883341 3.0474375929404887 3.0151524665113527 2.9828673400822168 2.9505822136530804 2.9182970872239444 2.8860119607948085 2.853726834365672 2.821441707936481 2.7891565815073447
2.664030130307663 2.669213216530237 2.6743963027528115 2.679579388975395 2.6847624751979695 2.689945561420544 2.6951286476431187 2.7003117338656932 2.705494820088268 2.7106779063108424 2.715860992533417 2.7108862647060783 2.695052603984309 2.6792189432625393 2.66338528254077 2.6475516218190003 2.6317179610972037 2.615884300375434 2.6000506396536647 2.584216978931895 2.5683833182101257 2.552549657488356 2.5367159967665867 2.5432906553343884 2.573820313936189 2.6043499725379897 2.634879631139791 2.6654092897415915 2.695938948343392 2.7264686069452453 2.756998265547046 2.7875279241488466 2.8180575827506473 2.8485872413524485 2.879116899954249 2.8846869790394516 2.8635747031657837 2.8424624272921157 2.821350151418448 2.80023787554478 2.7791255996711124 2.7580133237974445 2.7369010479237406 2.7157887720500726
2.752678012846322 2.7587643814238336 2.7648507500013446 2.7709371185788663 2.7770234871563773 2.7831098557338887 2.7891962243113997 2.7952825928889107 2.801368961466422 2.807455330043933 2.813541698621444 2.8009403501031276 2.7683614094673965 2.7357824688316654 2.7032035281959343 2.6706245875602033 2.6380456469244167 2.6054667062886856 2.5728877656529545 2.5403088250172234 2.5077298843814924 2.4751509437457613 2.44257200311003 2.4380597169884672 2.4635513192064478 2.4890429214244283 2.514534523642409 2.5400261258603893 2.56551772807837 2.591009330296394 2.6165009325143744 2.641992534732355 2.6674841369503355 2.692975739168316 2.7184673413862965 2.723043766119446 2.7052613931289837 2.6874790201385212 2.6696966471480583 2.651914274157596 2.6341319011671334 2.616349528176671 2.5985671551861778 2.5807847821957153
2.6881012693416286 2.695573999959283 2.7030467305769372 2.7105194611946044 2.7179921918122587 2.7254649224299135 2.7329376530475677 2.740410383665222 2.7478831142828763 2.7553558449005306 2.762828575518185 2.7495268796710643 2.7140168522092085 2.6785068247473527 2.642996797285497 2.607486769823641 2.571976742361725 2.536466714899869 2.500956687438013 2.4654466599761573 2.4299366325143015 2.3944266050524456 2.35891657759059 2.3499558211634084 2.3693768358239966 2.3887978504845853 2.408218865145174 2.4276398798057626 2.447060894466351 2.4664819091269727 2.4859029237875614 2.50532393844815 2.5247449531087383 2.544165967769327 2.5635869824299156 2.5625842950391413 2.5397482082777456 2.51691212151635 2.494076034754954 2.4712399479935585 2.448403861232163 2.425567774470767 2.4027316877093323 2.3798956009479366
2.6235245258369346 2.6323836184947322 2.64124271115253 2.6501018038103425 2.6589608964681406 2.667819989125938 2.676679081783736 2.6855381744415334 2.694397267099331 2.7032563597571286 2.7121154524149262 2.6981134092390016 2.659672294951021 2.6212311806630404 2.58279006637506 2.5443489520870792 2.5059078377990334 2.467466723511053 2.429025609223072 2.3905844949350916 2.3521433806471106 2.31370226635913 2.2752611520711494 2.2618519253383496 2.275202352441546 2.2885527795447427 2.301903206647939 2.315253633751136 2.328604060854332 2.3419544879575516 2.355304915060748 2.3686553421639447 2.382005769267141 2.395356196370338 2.408706623473534 2.4021248239588364 2.3742350234265075 2.3463452228941786 2.31845542236185 2.290565621829521 2.2626758212971927 2.2347860207648638 2.2068962202324873 2.179006419700159
2.558947782332241 2.569193237030182 2.5794386917281225 2.589684146426081 2.599929601124022 2.610175055821963 2.620420510519904 2.630665965217845 2.6409114199157857 2.651156874613726 2.661402329311667 2.6466999388069383 2.605327737692833 2.5639555365787277 2.5225833354646223 2.481211134350517 2.439838933236341 2.3984667321222357 2.3570945310081304 2.315722329894025 2.2743501287799197 2.2329779276658144 2.191605726551709 2.1737480295132907 2.181027869059095 2.1883077086048996 2.195587548150704 2.202867387696509 2.2101472272423135 2.2174270667881304 2.224706906333935 2.2319867458797393 2.2392665854255442 2.2465464249713487 2.253826264517153 2.241665352878531 2.2087218385752694 2.1757783242720077 2.1428348099687455 2.109891295665484 2.076947781362222 2.04400426705896 2.011060752755642 1.9781172384523802
2.4943710388275466 2.506002855565631 2.517634672303715 2.5292664890418193 2.5408983057799035 2.5525301225179877 2.564161939256072 2.575793755994156 2.58742557273224 2.599057389470324 2.6106892062084084 2.5952864683748755 2.5509831804346454 2.5066798924944154 2.4623766045541853 2.418073316613955 2.373770028673649 2.329466740733419 2.285163452793189 2.240860164852959 2.196556876912729 2.1522535889724983 2.107950301032268 2.0856441336882314 2.086853385676644 2.0880626376650566 2.089271889653469 2.090481141641882 2.0916903936302944 2.092899645618709 2.094108897607122 2.0953181495955344 2.096527401583947 2.0977366535723596 2.098945905560772 2.081205881798226 2.0432086537240313 2.0052114256498363 1.9672141975756414 1.9292169695014465 1.8912197414272514 1.8532225133530564 1.8152252852787967 1.7772280572046018
2.429794295322798 2.442812474101027 2.4558306528792553 2.4688488316575063 2.4818670104357348 2.4948851892139636 2.507903367992192 2.520921546770421 2.5339397255486493 2.546957904326878 2.5599760831051066 2.5438729979427688 2.4966386231764117 2.449404248410054 2.4021698736436967 2.354935498877339 2.3077011241109013 2.260466749344544 2.213232374578187 2.1659979998118293 2.1187636250454718 2.0715292502791143 2.0242948755127568 1.9975402378630975 1.992678902294113 1.9878175667251283 1.9829562311561437 1.9780948955871593 1.9732335600181747 1.968372224449182 1.9635108888801973 1.9586495533112127 1.953788217742228 1.9489268821732435 1.9440655466042591 1.9207464107177847 1.8776954688726524 1.8346445270275198 1.7915935851823874 1.748542643337255 1.7054917014921227 1.6624407596469903 1.6193898178017845 1.576338875956652
2.3652175518181044 2.379622092636476 2.394026633454848 2.4084311742732445 2.422835715091616 2.4372402559099884 2.45164479672836 2.466049337546732 2.4804538783651036 2.4948584191834757 2.5092629600018475 2.4924595275107055 2.4422940659182237 2.3921286043257415 2.3419631427332592 2.291797681140777 2.2416322195482095 2.191466757955727 2.141301296363245 2.0911358347707627 2.040970373178281 1.9908049115857986 1.9406394499933164 1.9094363420380385 1.8985044189116618 1.8875724957852853 1.8766405726589088 1.8657086495325323 1.8547767264061557 1.8438448032797605 1.832912880153384 1.8219809570270076 1.8110490339006309 1.8001171107742544 1.789185187647878 1.7602869396374798 1.7121822840214143 1.6640776284053487 1.6159729727892833 1.5678683171732177 1.5197636615571524 1.4716590059410868 1.4235543503249393 1.3754496947088737
2.3006408083134104 2.3164317111719255 2.3322226140304405 2.3480135168889826 2.3638044197474977 2.379595322606013 2.395386225464528 2.411177128323043 2.4269680311815582 2.4427589340400737 2.4585498368985887 2.4410460570786428 2.387949508660036 2.334852960241429 2.281756411822822 2.228659863404215 2.1755633149855176 2.1224667665669106 2.0693702181483036 2.0162736697296966 1.96317712131109 1.910080572892483 1.856984024473876 1.8213324462129796 1.804329935529211 1.7873274248454425 1.770324914161674 1.7533224034779054 1.736319892794137 1.7193173821103394 1.7023148714265708 1.6853123607428024 1.6683098500590339 1.6513073393752653 1.6343048286914967 1.5998274685571747 1.5466690991701761 1.4935107297831776 1.440352360396179 1.3871939910091804 1.3340356216221818 1.280877252235183 1.2277188828480938 1.1745605134610952
2.2360640648087164 2.253241329707375 2.270418594606033 2.2875958595047208 2.304773124403379 2.321950389302038 2.3391276542006962 2.3563049190993546 2.373482183998013 2.3906594488966713 2.4078367137953296 2.3896325866465795 2.333604951401848 2.2775773161571164 2.2215496809123847 2.165522045667653 2.1094944104228257 2.053466775178094 1.9974391399333622 1.9414115046886304 1.8853838694438987 1.829356234199167 1.7733285989544354 1.7332285503879206 1.71015545214676 1.6870823539055995 1.664009255664439 1.6409361574232784 1.617863059182118 1.5947899609409182 1.5717168626997577 1.548643764458597 1.5255706662174366 1.5024975679762762 1.4794244697351155 1.4393679974768698 1.381155914318938 1.3229438311610064 1.2647317480030746 1.206519664845143 1.1483075816872113 1.0900954985292794 1.0318834153712486 0.9736713322133168
2.1714873213040224 2.190050948242824 2.2086145751816257 2.2271782021204594 2.245741829059261 2.2643054559980627 2.2828690829368643 2.301432709875666 2.3199963368144676 2.3385599637532692 2.357123590692071 2.3382191162145167 2.27926039414366 2.2203016720728037 2.1613429500019476 2.1023842279310907 2.043425505860134 1.9844667837892773 1.9255080617184208 1.8665493396475643 1.807590617576708 1.7486318955058515 1.689673173434995 1.6451246545628615 1.6159809687643092 1.5868372829657567 1.5576935971672041 1.5285499113686516 1.499406225570099 1.470262539771497 1.4411188539729445 1.411975168174392 1.3828314823758394 1.353687796577287 1.3245441107787346 1.2789085263965647 1.2156427294677 1.152376932538835 1.0891111356099703 1.0258453386811055 0.9625795417522407 0.8993137448233759 0.8360479478944032 0.7727821509655384
2.106910577799329 2.126860566778274 2.1468105557572184 2.1667605447361975 2.1867105337151425 2.2066605226940874 2.226610511673032 2.246560500651977 2.266510489630922 2.286460478609867 2.3064104675888117 2.2868056457824535 2.2249158368854722 2.163026027988491 2.10113621909151 2.039246410194529 1.977356601297442 1.9154667924004607 1.8535769835034794 1.7916871746064982 1.7297973657095171 1.6679075568125359 1.6060177479155546 1.5570207587378027 1.5218064853818583 1.4865922120259139 1.4513779386699692 1.4161636653140248 1.3809493919580804 1.3457351186020758 1.3105208452461312 1.2753065718901868 1.2400922985342424 1.204878025178298 1.1696637518223534 1.1184490553162598 1.050129544616462 0.981810033916664 0.9134905232168662 0.8451710125170682 0.7768515018172704 0.7085319911174723 0.640212480417558 0.57189296971776
2.0423338342946344 2.0636701853137227 2.085006536332811 2.1063428873519356 2.127679238371024 2.149015589390112 2.1703519404092004 2.1916882914282882 2.2130246424473765 2.2343609934664648 2.255697344485553 2.2353921753503907 2.1705712796272847 2.1057503839041787 2.0409294881810727 1.9761085924579667 1.91128769673475 1.846466801011644 1.781645905288538 1.716825009565432 1.652004113842326 1.58718321811922 1.522362322396114 1.4689168629127436 1.427632001999407 1.3863471410860708 1.3450622801727343 1.3037774192593978 1.2624925583460613 1.2212076974326544 1.179922836519318 1.1386379756059815 1.0973531146926452 1.0560682537793087 1.0147833928659722 0.9579895842359549 0.8846163597652239 0.8112431352944929 0.7378699108237619 0.6644966863530308 0.5911234618822998 0.5177502374115688 0.44437701294071263 0.3710037884699816
2.027457004266232 2.0447805829494934 2.0621041616327553 2.079427740316046 2.096751318999308 2.1140748976825696 2.1313984763658316 2.148722055049093 2.1660456337323546 2.1833692124156165 2.200692791098878 2.178146341298434 2.1129779295604876 2.0478095178225413 1.9826411060845952 1.9174726943466491 1.8523042826085916 1.7871358708706455 1.7219674591326992 1.656799047394753 1.5916306356568066 1.5264622239188606 1.4612938121809143 1.406358606284632 1.3623629288338888 1.3183672513831455 1.2743715739324022 1.230375896481659 1.1863802190309156 1.1423845415800973 1.098388864129354 1.0543931866786107 1.0103975092278674 0.9664018317771241 0.9224061543263807 0.8634385792196092 0.7884657069322355 0.7134928346448619 0.6385199623574882 0.5635470900701145 0.4885742177827408 0.4136013454953671 0.3386284732078656 0.2636556009204919
2.065706248839217 2.0732457208808683 2.08078519292252 2.0883246649641842 2.0958641370058357 2.1034036090474872 2.1109430810891388 2.1184825531307903 2.1260220251724418 2.1335614972140937 2.1411009692557452 2.1146660781882543 2.051911824773668 1.9891575713590814 1.926403317944495 1.8636490645299086 1.8008948111152152 1.7381405577006288 1.6753863042860426 1.612632050871456 1.5498777974568698 1.4871235440422832 1.424369290627697 1.3711070276524366 1.3279919170967067 1.2848768065409768 1.2417616959852467 1.1986465854295167 1.1555314748737868 1.1124163643179834 1.0693012537622533 1.0261861432065233 0.9830710326507933 0.9399559220950633 0.8968408115393334 0.8393395697918256 0.7664592284609844 0.6935788871301432 0.620698545799302 0.5478182044684607 0.4749378631376195 0.4020575218067783 0.3291771804758128 0.2562968391449716
2.103955493412202 2.1017108588122433 2.099466224212285 2.0972215896123223 2.094976955012364 2.092732320412405 2.0904876858124464 2.088243051212488 2.0859984166125294 2.0837537820125704 2.081509147412612 2.0511858150780746 1.9908457199868481 1.9305056248956216 1.870165529804395 1.8098254347131686 1.749485339621839 1.6891452445306125 1.628805149439386 1.5684650543481595 1.508124959256933 1.4477848641657065 1.38744476907448 1.3358554490202414 1.293620905359525 1.2513863616988081 1.2091518180380916 1.1669172743773748 1.124682730716658 1.0824481870558693 1.0402136433951528 0.997979099734436 0.9557445560737193 0.9135100124130027 0.8712754687522859 0.8152405603640418 0.7444527499897331 0.6736649396154243 0.6028771292411156 0.5320893188668068 0.46130150849249807 0.3905136981181893 0.3197258877437599 0.24893807736945106
