Figures/CREST_Example_wjb_NSE/Rolling_result/20100722/BJP_forecast/ens_12/wjb.rain.20100722.asc
ncols            288
nrows            254
xllcorner        113.274861
yllcorner        31.4918055
cellsize         0.008333333333
NODATA_value     -9999
[rows 120 to 139 of 254, columns 135 to 179 of 288]
46.120488317157935 46.60138795849008 47.08228759982222 47.56318724115436 48.0440868824865 48.52498652381865 49.00588616515079 49.486785806482935 49.967685447815896 50.44858508914804 50.92948473048018 51.41038437181232 51.529079877417004 51.26057096927024 50.99206206112348 50.72355315297671 50.45504424482995 50.18653533668319 49.91802642853643 49.649517520389665 49.3810086122429 49.112499704095676 48.84399079594891 48.57548188780215 49.23003238474793 50.87135426621868 52.51267614768943 54.15399802916019 55.79531991063094 57.436641792101696 59.07796367357245 60.7192855550432 62.36060743651395 64.0019293179847 65.64325119945826 67.28457308092901 68.19050320239818 68.31028289565118 68.4300625889042 68.54984228215721 68.66962197541022 68.78940166866325 68.90918136191625 69.02896105516926 69.14874074842227
45.6783464737471 46.170528753277985 46.662711032808865 47.15489331233975 47.64707559187064 48.13925787140152 48.631440150932406 49.12362243046329 49.61580470999502 50.1079869895259 50.600169269056785 51.09235154858767 51.22026002449794 50.95875156486536 50.69724310523278 50.4357346456002 50.174226185967626 49.912717726335046 49.651209266702466 49.389700807069886 49.128192347437306 48.866683887804285 48.605175428171705 48.343666968539125 49.03169175989273 50.734789075895165 52.43788639189759 54.14098370790003 55.84408102390246 57.54717833990489 59.25027565590732 60.95337297190976 62.656470287912185 64.35956760391461 66.06266491991995 67.76576223592238 68.68906350443602 68.77874515685107 68.86842680926614 68.95810846168119 69.04779011409624 69.1374717665113 69.22715341892636 69.31683507134142 69.40651672375647
44.61856595568949 45.09623764828871 45.57390934088792 46.05158103348713 46.52925272608635 47.006924418685564 47.48459611128478 47.96226780388399 48.43993949648402 48.91761118908324 49.39528288168245 49.872954574281664 50.01665500735831 49.80333260994311 49.59001021252791 49.37668781511271 49.16336541769751 48.95004302028231 48.73672062286711 48.523398225451906 48.31007582803671 48.09675343062115 47.883431033205945 47.67010863579075 48.4155451974842 50.18591677450369 51.956288351523185 53.726659928542674 55.49703150556217 57.267403082581666 59.037774659601155 60.80814623662065 62.57851781364014 64.34888939065964 66.11926096768215 67.88963254470164 68.81348933424121 68.83240266525304 68.85131599626486 68.87022932727669 68.8891426582885 68.90805598930034 68.92696932031215 68.94588265132398 68.9647959823358
43.558785437631876 44.02194654329942 44.48510764896697 44.94826875463451 45.41142986030206 45.8745909659696 46.33775207163715 46.80091317730469 47.26407428297303 47.72723538864057 48.19039649430812 48.65355759997566 48.81304999021868 48.64791365502086 48.482777319823036 48.317640984625214 48.15250464942739 47.98736831422957 47.82223197903175 47.65709564383393 47.491959308636105 47.326822973438 47.16168663824018 46.996550303042355 47.79939863507566 49.63704447311221 51.47469031114877 53.31233614918532 55.14998198722188 56.98762782525843 58.825273663294986 60.662919501331544 62.500565339368094 64.33821117740465 66.17585701544434 68.01350285348089 68.9379151640464 68.886060173655 68.83420518326359 68.78235019287217 68.73049520248077 68.67864021208936 68.62678522169796 68.57493023130654 68.52307524091513
42.49900491957336 42.94765543830922 43.39630595704509 43.84495647578095 44.29360699451681 44.742257513252675 45.190908031988535 45.639558550724395 46.08820906946102 46.53685958819688 46.98551010693275 47.43416062566861 47.60944497307803 47.49249470009762 47.37554442711722 47.258594154136816 47.14164388115641 47.024693608176015 46.90774333519561 46.79079306221521 46.673842789234804 46.5568925162542 46.4399422432738 46.3229919702934 47.183252072666605 49.088172171720274 50.99309227077395 52.898012369827626 54.802932468881295 56.70785256793497 58.61277266698864 60.517692766042316 62.422612865095985 64.32753296414967 66.23245306320658 68.13737316226026 69.0623409938517 68.93971768205701 68.81709437026231 68.6944710584676 68.5718477466729 68.4492244348782 68.32660112308349 68.2039778112888 68.0813544994941
41.43922440151575 41.87336433331995 42.30750426512414 42.74164419692833 43.17578412873252 43.60992406053671 44.0440639923409 44.4782039241451 44.91234385595003 45.346483787754224 45.78062371955841 46.2147636513626 46.4058399559384 46.337075745175376 46.26831153441235 46.19954732364933 46.1307831128863 46.06201890212328 45.99325469136026 45.92449048059723 45.85572626983421 45.786962059071065 45.71819784830804 45.649433637545016 46.567105510258074 48.539299870328804 50.51149423039954 52.48368859047027 54.45588295054101 56.42807731061174 58.40027167068247 60.37246603075321 62.34466039082395 64.31685475089468 66.28904911096878 68.2612434710395 69.1867668236569 68.99337519045896 68.79998355726103 68.6065919240631 68.41320029086516 68.21980865766723 68.0264170244693 67.83302539127136 67.63963375807343
40.379443883458144 40.79907322833067 41.21870257320319 41.638331918075714 42.05796126294823 42.47759060782075 42.89721995269328 43.316849297565795 43.73647864243904 44.15610798731156 44.575737332184076 44.9953666770566 45.20223493879877 45.18165679025312 45.161078641707476 45.14050049316183 45.119922344616185 45.09934419607054 45.078766047524894 45.05818789897925 45.0376097504336 45.01703160188792 44.99645345334227 44.975875304796624 45.950958947849536 47.99042756893733 50.02989619002513 52.06936481111292 54.10883343220071 56.14830205328851 58.1877706743763 60.2272392954641 62.266707916551894 64.30617653763969 66.34564515873096 68.38511377981877 69.31119265346209 69.04703269886092 68.78287274425975 68.5187127896586 68.25455283505742 67.99039288045626 67.72623292585509 67.46207297125392 67.19791301665276
39.31966336540053 39.724782123341384 40.12990088128223 40.53501963922309 40.94013839716394 41.34525715510479 41.750375913045644 42.1554946709865 42.560613428928036 42.96573218686889 43.370850944809746 43.775969702750594 43.998629921659145 44.026237835330875 44.053845749002605 44.08145366267434 44.10906157634607 44.1366694900178 44.16427740368954 44.19188531736127 44.219493231033 44.24710114470478 44.27470905837651 44.302316972048246 45.334812385441005 47.44155526754586 49.54829814965072 51.65504103175557 53.761783913860434 55.86852679596529 57.97526967807015 60.082012560175 62.18875544227986 64.29549832438472 66.40224120649317 68.50898408859803 69.43561848326729 69.10069020726289 68.7657619312585 68.43083365525409 68.09590537924969 67.7609771032453 67.42604882724089 67.09112055123649 66.7561922752321
38.25988284734292 38.650491018352106 39.04109918936129 39.43170736037047 39.82231553137965 40.212923702388835 40.60353187339801 40.994140044407196 41.38474821541705 41.775356386426225 42.16596455743541 42.55657272844459 42.795024904519515 42.87081888040863 42.94661285629774 43.022406832186846 43.09820080807596 43.17399478396507 43.24978875985418 43.32558273574329 43.4013767116324 43.47717068752164 43.55296466341075 43.62875863929986 44.718665823032474 46.89268296615439 49.06670010927631 51.24071725239823 53.41473439552014 55.588751538642065 57.76276868176398 59.9367858248859 62.11080296800782 64.28482011112973 66.45883725425536 68.63285439737729 69.56004431307248 69.15434771566485 68.74865111825721 68.34295452084959 67.93725792344195 67.53156132603432 67.12586472862668 66.72016813121905 66.31447153381143
37.20010232928531 37.57619991336282 37.952297497440334 38.32839508151785 38.70449266559536 39.08059024967287 39.45668783375038 39.83278541782789 40.20888300190605 40.58498058598356 40.96107817006107 41.337175754138585 41.59141988737989 41.71539992548638 41.83937996359287 41.96336000169936 42.087340039805845 42.21132007791233 42.33530011601882 42.45928015412531 42.5832601922318 42.7072402303385 42.83122026844499 42.955200306551475 44.10251926062394 46.34381066476292 48.5851020689019 50.82639347304088 53.06768487717986 55.308976281318834 57.55026768545781 59.791559089596795 62.03285049373577 64.27414189787476 66.51543330201756 68.75672470615653 69.68447014287767 69.20800522406681 68.73154030525595 68.25507538644507 67.77861046763421 67.30214554882335 66.82568063001249 66.34921571120162 65.87275079239075
36.1403218112277 36.50190880837354 36.863495805519385 37.22508280266523 37.58666979981107 37.94825679695691 38.30984379410276 38.6714307912486 39.03301778839506 39.394604785540906 39.75619178268675 40.11777877983259 40.38781487024027 40.55998097056413 40.732147070888004 40.90431317121187 41.07647927153573 41.2486453718596 41.420811472183466 41.59297757250733 41.7651436728312 41.937309773155356 42.10947587347923 42.28164197380309 43.486372698215405 45.79493836337144 48.10350402852748 50.41206969368352 52.720635358839566 55.029201023995604 57.33776668915164 59.64633235430769 61.95489801946373 64.26346368461977 66.57202934977974 68.88059501493578 69.80889597268286 69.26166273246876 68.71442949225467 68.16719625204057 67.61996301182647 67.07272977161237 66.52549653139829 65.97826329118419 65.4310300509701
35.08054129316918 35.42761770338335 35.774694113597505 36.12177052381167 36.46884693402583 36.815923344239984 37.16299975445415 37.510076164668305 37.85715257488306 38.20422898509722 38.55130539531138 38.89838180552554 39.18420985309961 39.4045620156409 39.62491417818218 39.84526634072347 40.06561850326475 40.28597066580604 40.50632282834733 40.72667499088861 40.9470271534299 41.16737931597156 41.38773147851285 41.60808364105413 42.87022613580634 45.246066061979505 47.62190598815266 49.99774591432582 52.37358584049898 54.74942576667214 57.125265692845296 59.50110561901846 61.87694554519162 64.25278547136477 66.62862539754198 69.00446532371515 69.93332180248817 69.31532024087078 68.69731867925339 68.079317117636 67.4613155560186 66.84331399440121 66.22531243278382 65.60731087116643 64.98930930954904
34.02076077511157 34.35332659839406 34.68589242167655 35.01845824495904 35.351024068241536 35.68358989152402 36.016155714806516 36.348721538089 36.681287361372064 37.01385318465455 37.346419007937044 37.67898483121954 37.98060483595999 38.24914306071865 38.517681285477316 38.78621951023598 39.05475773499464 39.3232959597533 39.59183418451197 39.86037240927063 40.128910634029296 40.39744885878842 40.66598708354709 40.93452530830575 42.25407957339781 44.697193760588036 47.140307947778254 49.58342213496847 52.02653632215869 54.46965050934891 56.912764696539135 59.35587888372935 61.79899307091957 64.2421072581098 66.68522144530418 69.1283356324944 70.05774763229336 69.36897774927273 68.68020786625212 67.99143798323149 67.30266810021087 66.61389821719024 65.92512833416963 65.236358451149 64.54758856812838
33.48828734603703 33.78183933758102 34.075391329125004 34.36894332066899 34.662495312212975 34.95604730375696 35.249599295300946 35.54315128684493 35.83670327838942 36.13025526993341 36.42380726147739 36.71735925302138 37.00130053091483 37.274967738532105 37.54863494614938 37.82230215376664 38.095969361383915 38.36963656900119 38.64330377661845 38.916970984235725 39.190638191853 39.46430539947073 39.737972607088004 40.01163981470527 41.32777708811015 43.758338443505664 46.18889979890118 48.619461154296694 51.05002250969221 53.48058386508772 55.91114522048324 58.34170657587875 60.77226793127427 63.20282928666978 65.63339064206944 68.06395199746495 69.00106001504585 68.34163262809452 67.68220524114317 67.02277785419182 66.36335046724048 65.70392308028913 65.04449569333778 64.38506830638644 63.725640919435094
33.51947195336445 33.74781768916909 33.97616342497373 34.20450916077836 34.432854896582995 34.661200632387626 34.88954636819226 35.1178921039969 35.34623783980192 35.57458357560656 35.80292931141119 36.03127504721583 36.26175954706181 36.49453043404447 36.72730132102713 36.96007220800979 37.192843094992455 37.42561398197512 37.65838486895778 37.89115575594044 38.1239266429231 38.356697529906164 38.58946841688882 38.822239303871484 40.06993747365997 42.40261586738763 44.73529426111529 47.067972654842954 49.400651048570616 51.733329442298285 54.066007836025946 56.39868622975361 58.73136462348127 61.06404301720893 63.39672141094057 65.72939980466823 66.68183658092249 66.15876384287907 65.63569110483563 65.11261836679219 64.58954562874875 64.06647289070531 63.54340015266188 63.02032741461844 62.49725467657501
33.550656560691884 33.71379604075717 33.87693552082245 34.04007500088773 34.203214480953015 34.366353961018305 34.52949344108359 34.69263292114887 34.85577240121443 35.01891188127971 35.182051361345 35.345190841410286 35.52221856320879 35.71409312955684 35.90596769590489 36.09784226225295 36.289716828601 36.48159139494905 36.673465961297104 36.86534052764516 37.057215093993214 37.24908966034159 37.440964226689644 37.6328387930377 38.812097859209786 41.0468932912696 43.2816887233294 45.516484155389215 47.75127958744902 49.98607501950883 52.22087045156864 54.45566588362845 56.69046131568825 58.925256747748065 61.160052179811686 63.3948476118715 64.36261314679913 63.9758950576636 63.58917696852807 63.20245887939255 62.815740790257024 62.4290227011215 62.04230461198597 61.65558652285044 61.268868433714914
33.58184116801931 33.67977439234524 33.77770761667117 33.8756408409971 33.973574065323035 34.07150728964897 34.1694405139749 34.26737373830083 34.36530696262693 34.463240186952866 34.5611734112788 34.65910663560473 34.78267757935576 34.9336558250692 35.08463407078265 35.235612316496095 35.38659056220954 35.53756880792299 35.68854705363643 35.83952529934987 35.99050354506332 36.14148179077702 36.29246003649047 36.443438282203914 37.55425824475961 39.69117071515156 41.82808318554352 43.96499565593547 46.10190812632743 48.23882059671938 50.37573306711134 52.51264553750329 54.64955800789525 56.7864704782872 58.9233829486828 61.060295419074755 62.043389712675754 61.79302627244814 61.54266283222052 61.292299391992906 61.04193595176529 60.79157251153767 60.54120907131006 60.29084563108244 60.040482190854824
33.61302577534675 33.64575274393328 33.6784797125198 33.71120668110633 33.743933649692856 33.77666061827938 33.80938758686591 33.84211455545243 33.87484152403902 33.90756849262554 33.94029546121207 33.9730224297986 34.043136595502105 34.15321852058091 34.26330044565971 34.37338237073851 34.48346429581731 34.593546220896116 34.70362814597492 34.81371007105372 34.92379199613252 35.03387392121151 35.14395584629031 35.25403777136911 36.29641863030835 38.33544813903237 40.37447764775639 42.41350715648041 44.45253666520443 46.49156617392845 48.53059568265247 50.56962519137649 52.6086547001005 54.64768420882452 56.68671371755202 58.72574322627604 59.72416627855041 59.61015748723082 59.49614869591123 59.38213990459164 59.26813111327205 59.15412232195246 59.040113530632865 58.926104739313274 58.81209594799368
33.64421038267418 33.61173109552136 33.57925180836853 33.54677252121571 33.514293234062876 33.48181394691005 33.44933465975723 33.4168553726044 33.38437608545152 33.3518967982987 33.31941751114587 33.28693822399305 33.30359561164908 33.37278121609327 33.441966820537466 33.51115242498166 33.58033802942585 33.64952363387005 33.71870923831424 33.78789484275843 33.85708044720263 33.92626605164694 33.995451656091134 34.06463726053533 35.038579015858176 36.97972556291434 38.9208721099705 40.86201865702667 42.80316520408283 44.744311751139 46.685458298195165 48.626604845251336 50.5677513923075 52.50889793936366 54.45004448642314 56.3911910334793 57.404942844427055 57.42728870201537 57.44963455960369 57.47198041719201 57.49432627478032 57.51667213236864 57.53901798995696 57.56136384754527 57.58370970513359
33.67539499000161 33.57770944710943 33.48002390421725 33.382338361325075 33.284652818432896 33.18696727554072 33.089281732648544 32.991596189756365 32.89391064686402 32.79622510397184 32.69853956107967 32.60085401818749 32.564054627796054 32.59234391160564 32.62063319541522 32.64892247922481 32.67721176303439 32.70550104684398 32.73379033065356 32.76207961446315 32.79036889827273 32.818658182082366 32.84694746589196 32.87523674970154 33.78073940140799 35.624002986796306 37.46726657218461 39.31053015757293 41.15379374296124 42.997057328349555 44.84032091373786 46.68358449912618 48.526848084514484 50.3701116699028 52.21337525529425 54.05663884068257 55.08571941030368 55.244419916799906 55.40312042329614 55.56182092979236 55.72052143628859 55.87922194278482 56.03792244928105 56.19662295577727 56.355323462273496
