Figures/CREST_Example_wjb_NSE/Rolling_result/20100722/BJP_forecast/ens_12/wjb.rain.20100214.asc
ncols            288
nrows            254
xllcorner        113.274861
yllcorner        31.4918055
cellsize         0.008333333333
NODATA_value     -9999
[rows 140 to 159 of 254, columns 138 to 183 of 288]
0.18147168991642432 0.21269070584033703 0.24390972176424974 0.2751287376881625 0.30634775361207517 0.33756676953604114 0.3687857854599539 0.4000048013838665 0.43122381730777926 0.44735405863892114 0.44735405863892114 0.44735405863892114 0.44735405863892114 0.44735405863892114 0.44735405863892114 0.44735405863892114 0.44735405863892114 0.44735405863892114 0.44735405863892114 0.44735405863892114 0.44735405863892114 0.44515856223011707 0.44061603049608594 0.43607349876205487 0.43153096702802374 0.42698843529399266 0.42244590355996153 0.41790337182593046 0.41336084009189933 0.40881830835786825 0.4042757766238372 0.39973324488979833 0.3951907131557672 0.3928436778283557 0.3928436778283557 0.3928436778283557 0.3928436778283557 0.3928436778283557 0.3928436778283557 0.3928436778283557 0.3928436778283557 0.3928436778283557 0.3928436778283557 0.3928436778283557 0.3928436778283557 0.3901582740975232
0.16265321034205205 0.19309228422579916 0.22353135810954627 0.2539704319932934 0.28440950587704045 0.31484857976083946 0.3452876536445866 0.3757267275283337 0.40616580141208075 0.42189306228532364 0.42189306228532364 0.42189306228532364 0.42189306228532364 0.42189306228532364 0.42189306228532364 0.42189306228532364 0.42189306228532364 0.42189306228532364 0.42189306228532364 0.42189306228532364 0.42189306228532364 0.41954981780554734 0.4147015919704729 0.4098533661353985 0.4050051403003241 0.4001569144652497 0.39530868863017526 0.3904604627951008 0.38561223696002644 0.380764011124952 0.3759157852898776 0.3710675594547949 0.36621933361972053 0.3637143522620909 0.3637143522620909 0.3637143522620909 0.3637143522620909 0.3637143522620909 0.3637143522620909 0.3637143522620909 0.3637143522620909 0.3637143522620909 0.3637143522620909 0.3637143522620909 0.3637143522620909 0.3630544501951567
0.14383473076767977 0.17349386261126123 0.20315299445484272 0.2328121262984242 0.26247125814200567 0.2921303899856378 0.3217895218292192 0.3514486536728007 0.3811077855163822 0.3964320659317261 0.3964320659317261 0.3964320659317261 0.3964320659317261 0.3964320659317261 0.3964320659317261 0.3964320659317261 0.3964320659317261 0.3964320659317261 0.3964320659317261 0.3964320659317261 0.3964320659317261 0.39394107338097756 0.3887871534448598 0.3836332335087421 0.3784793135726244 0.37332539363650663 0.36817147370038894 0.3630175537642712 0.35786363382815345 0.35270971389203576 0.347555793955918 0.3424018740197915 0.33724795408367375 0.33458502669582607 0.33458502669582607 0.33458502669582607 0.33458502669582607 0.33458502669582607 0.33458502669582607 0.33458502669582607 0.33458502669582607 0.33458502669582607 0.33458502669582607 0.33458502669582607 0.33458502669582607 0.3359506262927901
0.1250162511933075 0.15389544099672336 0.18277463080013923 0.21165382060355512 0.24053301040697098 0.26941220021043605 0.29829139001385196 0.3271705798172678 0.3560497696206837 0.3709710695781286 0.3709710695781286 0.3709710695781286 0.3709710695781286 0.3709710695781286 0.3709710695781286 0.3709710695781286 0.3709710695781286 0.3709710695781286 0.3709710695781286 0.3709710695781286 0.3709710695781286 0.36833232895640783 0.3628727149192468 0.3574131008820858 0.3519534868449247 0.34649387280776367 0.3410342587706026 0.33557464473344156 0.33011503069628056 0.3246554166591195 0.31919580262195846 0.31373618858478813 0.3082765745476271 0.3054557011295613 0.3054557011295613 0.3054557011295613 0.3054557011295613 0.3054557011295613 0.3054557011295613 0.3054557011295613 0.3054557011295613 0.3054557011295613 0.3054557011295613 0.3054557011295613 0.3054557011295613 0.3088468023904236
0.10619777161891919 0.1342970193821688 0.16239626714541835 0.19049551490866795 0.21859476267191755 0.24669401043521505 0.2747932581984647 0.30289250596171424 0.3309917537249638 0.3455100732245094 0.3455100732245094 0.3455100732245094 0.3455100732245094 0.3455100732245094 0.3455100732245094 0.3455100732245094 0.3455100732245094 0.3455100732245094 0.3455100732245094 0.3455100732245094 0.3455100732245094 0.3427235845318163 0.33695827639361164 0.33119296825540706 0.3254276601172024 0.3196623519789978 0.3138970438407932 0.30813173570258856 0.3023664275643839 0.29660111942617934 0.2908358112879747 0.28507050314976023 0.27930519501155565 0.2763263755632716 0.2763263755632716 0.2763263755632716 0.2763263755632716 0.2763263755632716 0.2763263755632716 0.2763263755632716 0.2763263755632716 0.2763263755632716 0.2763263755632716 0.2763263755632716 0.2763263755632716 0.2817429784880339
0.09845029605719587 0.12507689808801314 0.1517035001188304 0.17833010214964767 0.20495670418046494 0.2315833062113276 0.25820990824214485 0.2848365102729621 0.31146311230377943 0.3252205451976323 0.3252205451976323 0.3252205451976323 0.3252205451976323 0.3252205451976323 0.3252205451976323 0.3252205451976323 0.3252205451976323 0.3252205451976323 0.3252205451976323 0.3252205451976323 0.3252205451976323 0.3229484644730679 0.31824747805731873 0.3135464916415695 0.3088455052258203 0.3041445188100711 0.29944353239432187 0.2947425459785727 0.29004155956282346 0.2853405731470743 0.28063958673132505 0.27593860031556783 0.2712376138998186 0.26880870820637315 0.26880870820637315 0.26880870820637315 0.26880870820637315 0.26880870820637315 0.26880870820637315 0.26880870820637315 0.26880870820637315 0.26880870820637315 0.26880870820637315 0.26880870820637315 0.26880870820637315 0.27613718841961865
0.10253702588572856 0.12695052560406828 0.151364025322408 0.17577752504074773 0.20019102475908745 0.22460452447746876 0.24901802419580849 0.2734315239141482 0.2978450236324879 0.3104589908105164 0.3104589908105164 0.3104589908105164 0.3104589908105164 0.3104589908105164 0.3104589908105164 0.3104589908105164 0.3104589908105164 0.3104589908105164 0.3104589908105164 0.3104589908105164 0.3104589908105164 0.30940912111856933 0.3072369169768805 0.30506471283519165 0.3028925086935028 0.30072030455181403 0.2985481004101252 0.29637589626843636 0.2942036921267475 0.2920314879850587 0.2898592838433699 0.28768707970167734 0.2855148755599885 0.2843925411092022 0.2843925411092022 0.2843925411092022 0.2843925411092022 0.2843925411092022 0.2843925411092022 0.2843925411092022 0.2843925411092022 0.2843925411092022 0.2843925411092022 0.2843925411092022 0.2843925411092022 0.29351144131632
0.10662375571426126 0.1288241531201234 0.1510245505259856 0.17322494793184776 0.19542534533770992 0.21762574274360993 0.23982614014947212 0.2620265375553343 0.28422693496119644 0.2956974364234005 0.2956974364234005 0.2956974364234005 0.2956974364234005 0.2956974364234005 0.2956974364234005 0.2956974364234005 0.2956974364234005 0.2956974364234005 0.2956974364234005 0.2956974364234005 0.2956974364234005 0.2958697777640707 0.29622635589644225 0.2965829340288138 0.2969395121611854 0.29729609029355697 0.2976526684259285 0.2980092465583001 0.29836582469067163 0.2987224028230432 0.29907898095541474 0.2994355590877869 0.29979213722015846 0.2999763740120313 0.2999763740120313 0.2999763740120313 0.2999763740120313 0.2999763740120313 0.2999763740120313 0.2999763740120313 0.2999763740120313 0.2999763740120313 0.2999763740120313 0.2999763740120313 0.2999763740120313 0.3108856942130215
0.11071048554279395 0.13069778063617857 0.1506850757295632 0.17067237082294778 0.1906596659163324 0.2106469610097511 0.23063425610313573 0.2506215511965203 0.27060884628990495 0.2809358820362846 0.2809358820362846 0.2809358820362846 0.2809358820362846 0.2809358820362846 0.2809358820362846 0.2809358820362846 0.2809358820362846 0.2809358820362846 0.2809358820362846 0.2809358820362846 0.2809358820362846 0.2823304344095721 0.28521579481600406 0.288101155222436 0.29098651562886796 0.2938718760352999 0.29675723644173185 0.2996425968481638 0.3025279572545957 0.30541331766102764 0.3082986780674596 0.3111840384738965 0.3140693988803284 0.3155602069148604 0.3155602069148604 0.3155602069148604 0.3155602069148604 0.3155602069148604 0.3155602069148604 0.3155602069148604 0.3155602069148604 0.3155602069148604 0.3155602069148604 0.3155602069148604 0.3155602069148604 0.32825994710972295
0.11479721537132667 0.13257140815223373 0.1503456009331408 0.1681197937140479 0.18589398649495498 0.2036681792758923 0.2214423720567994 0.23921656483770648 0.25699075761861356 0.26617432764916876 0.26617432764916876 0.26617432764916876 0.26617432764916876 0.26617432764916876 0.26617432764916876 0.26617432764916876 0.26617432764916876 0.26617432764916876 0.26617432764916876 0.26617432764916876 0.26617432764916876 0.26879109105507354 0.2742052337355659 0.2796193764160582 0.2850335190965505 0.29044766177704284 0.2958618044575352 0.30127594713802747 0.3066900898185198 0.3121042324990121 0.31751837517950443 0.322932517860006 0.3283466605404983 0.3311440398176895 0.3311440398176895 0.3311440398176895 0.3311440398176895 0.3311440398176895 0.3311440398176895 0.3311440398176895 0.3311440398176895 0.3311440398176895 0.3311440398176895 0.3311440398176895 0.3311440398176895 0.3456342000064243
0.11888394519986287 0.1344450356682905 0.15000612613671813 0.16556721660514576 0.18112830707357339 0.19668939754202758 0.2122504880104552 0.22781157847888284 0.24337266894731047 0.25141277326204026 0.25141277326204026 0.25141277326204026 0.25141277326204026 0.25141277326204026 0.25141277326204026 0.25141277326204026 0.25141277326204026 0.25141277326204026 0.25141277326204026 0.25141277326204026 0.25141277326204026 0.2552517477005634 0.26319467265511826 0.2711375976096731 0.279080522564228 0.28702344751878284 0.2949663724733377 0.3029092974278926 0.3108522223824474 0.3187951473370023 0.32673807229155716 0.33468099724612554 0.3426239222006804 0.34672787272053185 0.34672787272053185 0.34672787272053185 0.34672787272053185 0.34672787272053185 0.34672787272053185 0.34672787272053185 0.34672787272053185 0.34672787272053185 0.34672787272053185 0.34672787272053185 0.34672787272053185 0.36300845290314054
0.12297067502839554 0.1363186631843456 0.1496666513402957 0.16301463949624578 0.17636262765219585 0.1897106158081687 0.2030586039641188 0.21640659212006885 0.22975458027601897 0.23665121887492435 0.23665121887492435 0.23665121887492435 0.23665121887492435 0.23665121887492435 0.23665121887492435 0.23665121887492435 0.23665121887492435 0.23665121887492435 0.23665121887492435 0.23665121887492435 0.23665121887492435 0.2417124043460648 0.25218411157468 0.26265581880329525 0.27312752603191054 0.2835992332605258 0.294070940489141 0.30454264771775624 0.3150143549463715 0.3254860621749867 0.33595776940360195 0.34642947663223506 0.3569011838608503 0.3623117056233609 0.3623117056233609 0.3623117056233609 0.3623117056233609 0.3623117056233609 0.3623117056233609 0.3623117056233609 0.3623117056233609 0.3623117056233609 0.3623117056233609 0.3623117056233609 0.3623117056233609 0.38038270579984196
0.12705740485692824 0.1381922907004008 0.1493271765438733 0.16046206238734584 0.1715969482308184 0.1827318340743099 0.19386671991778243 0.20500160576125498 0.2161364916047275 0.22188966448780847 0.22188966448780847 0.22188966448780847 0.22188966448780847 0.22188966448780847 0.22188966448780847 0.22188966448780847 0.22188966448780847 0.22188966448780847 0.22188966448780847 0.22188966448780847 0.22188966448780847 0.22817306099156623 0.24117355049424183 0.25417403999691746 0.2671745294995931 0.2801750190022687 0.29317550850494434 0.30617599800761996 0.3191764875102956 0.33217697701297116 0.3451774665156468 0.35817795601834457 0.3711784455210202 0.37789553852618996 0.37789553852618996 0.37789553852618996 0.37789553852618996 0.37789553852618996 0.37789553852618996 0.37789553852618996 0.37789553852618996 0.37789553852618996 0.37789553852618996 0.37789553852618996 0.37789553852618996 0.3977569586965434
0.13114413468546096 0.14006591821645592 0.1489877017474509 0.1579094852784459 0.16683126880944088 0.17575305234045108 0.18467483587144606 0.19359661940244105 0.20251840293343604 0.2071281101006926 0.2071281101006926 0.2071281101006926 0.2071281101006926 0.2071281101006926 0.2071281101006926 0.2071281101006926 0.2071281101006926 0.2071281101006926 0.2071281101006926 0.2071281101006926 0.2071281101006926 0.21463371763706765 0.23016298941380364 0.24569226119053963 0.2612215329672756 0.27675080474401165 0.29228007652074767 0.30780934829748363 0.32333862007421965 0.33886789185095567 0.3543971636276917 0.36992643540445413 0.38545570718119015 0.39347937142901906 0.39347937142901906 0.39347937142901906 0.39347937142901906 0.39347937142901906 0.39347937142901906 0.39347937142901906 0.39347937142901906 0.39347937142901906 0.39347937142901906 0.39347937142901906 0.39347937142901906 0.4151312115932448
0.13523086451399366 0.14193954573251108 0.14864822695102853 0.15535690816954595 0.1620655893880634 0.16877427060659228 0.1754829518251097 0.18219163304362715 0.1889003142621446 0.1923665557135767 0.1923665557135767 0.1923665557135767 0.1923665557135767 0.1923665557135767 0.1923665557135767 0.1923665557135767 0.1923665557135767 0.1923665557135767 0.1923665557135767 0.1923665557135767 0.1923665557135767 0.20109437428256904 0.21915242833336543 0.2372104823841618 0.25526853643495817 0.2733265904857546 0.29138464453655094 0.3094426985873473 0.3275007526381437 0.3455588066889401 0.3636168607397365 0.38167491479056365 0.39973296884136 0.4090632043318481 0.4090632043318481 0.4090632043318481 0.4090632043318481 0.4090632043318481 0.4090632043318481 0.4090632043318481 0.4090632043318481 0.4090632043318481 0.4090632043318481 0.4090632043318481 0.4090632043318481 0.4325054644899462
0.13931759434252633 0.14381317324856624 0.14830875215460612 0.152804331060646 0.15729990996668589 0.16179548887273346 0.16629106777877334 0.17078664668481322 0.1752822255908531 0.1776050013264608 0.1776050013264608 0.1776050013264608 0.1776050013264608 0.1776050013264608 0.1776050013264608 0.1776050013264608 0.1776050013264608 0.1776050013264608 0.1776050013264608 0.1776050013264608 0.1776050013264608 0.18755503092807044 0.20814186725292722 0.22872870357778396 0.24931553990264074 0.2699023762274975 0.29048921255235427 0.3110760488772111 0.3316628852020678 0.3522497215269246 0.3728365578517814 0.39342339417667327 0.41401023050152996 0.4246470372346772 0.4246470372346772 0.4246470372346772 0.4246470372346772 0.4246470372346772 0.4246470372346772 0.4246470372346772 0.4246470372346772 0.4246470372346772 0.4246470372346772 0.4246470372346772 0.4246470372346772 0.44987971738664767
0.14340432417105906 0.1456868007646214 0.14796927735818374 0.15025175395174606 0.1525342305453084 0.15481670713887463 0.15709918373243698 0.15938166032599932 0.16166413691956166 0.1628434469393449 0.1628434469393449 0.1628434469393449 0.1628434469393449 0.1628434469393449 0.1628434469393449 0.1628434469393449 0.1628434469393449 0.1628434469393449 0.1628434469393449 0.1628434469393449 0.1628434469393449 0.17401568757357186 0.197131306172489 0.22024692477140614 0.2433625433703233 0.26647816196924046 0.28959378056815754 0.31270939916707474 0.33582501776599183 0.358940636364909 0.38205625496382617 0.4051718735627827 0.4282874921616998 0.4402308701375063 0.4402308701375063 0.4402308701375063 0.4402308701375063 0.4402308701375063 0.4402308701375063 0.4402308701375063 0.4402308701375063 0.4402308701375063 0.4402308701375063 0.4402308701375063 0.4402308701375063 0.46725397028334903
0.14551577398841908 0.1466548291497999 0.14779388431118073 0.14893293947256153 0.15007199463394236 0.15121104979532513 0.15235010495670595 0.15348916011808675 0.15462821527946757 0.1552167423069477 0.1552167423069477 0.1552167423069477 0.1552167423069477 0.1552167423069477 0.1552167423069477 0.1552167423069477 0.1552167423069477 0.1552167423069477 0.1552167423069477 0.1552167423069477 0.1552167423069477 0.16702045048854658 0.19144258972737233 0.21586472896619807 0.24028686820502382 0.26470900744384956 0.2891311466826753 0.31355328592150106 0.33797542516032675 0.3623975643991525 0.38681970363797824 0.4112418428768457 0.4356639821156714 0.4482824131846428 0.4482824131846428 0.4482824131846428 0.4482824131846428 0.4482824131846428 0.4482824131846428 0.4482824131846428 0.4482824131846428 0.4482824131846428 0.4482824131846428 0.4482824131846428 0.4482824131846428 0.47623055171757583
0.14551577398841908 0.1466548291497999 0.14779388431118073 0.14893293947256153 0.15007199463394236 0.15121104979532513 0.15235010495670595 0.15348916011808675 0.15462821527946757 0.1552167423069477 0.1552167423069477 0.1552167423069477 0.1552167423069477 0.1552167423069477 0.1552167423069477 0.1552167423069477 0.1552167423069477 0.1552167423069477 0.1552167423069477 0.1552167423069477 0.1552167423069477 0.16702045048854658 0.19144258972737233 0.21586472896619807 0.24028686820502382 0.26470900744384956 0.2891311466826753 0.31355328592150106 0.33797542516032675 0.3623975643991525 0.38681970363797824 0.4112418428768457 0.4356639821156714 0.4482824131846428 0.4482824131846428 0.4482824131846428 0.4482824131846428 0.4482824131846428 0.4482824131846428 0.4482824131846428 0.4482824131846428 0.4482824131846428 0.4482824131846428 0.4482824131846428 0.4482824131846428 0.47623055171757583
0.14551577398841908 0.1466548291497999 0.14779388431118073 0.14893293947256153 0.15007199463394236 0.15121104979532513 0.15235010495670595 0.15348916011808675 0.15462821527946757 0.1552167423069477 0.1552167423069477 0.1552167423069477 0.1552167423069477 0.1552167423069477 0.1552167423069477 0.1552167423069477 0.1552167423069477 0.1552167423069477 0.1552167423069477 0.1552167423069477 0.1552167423069477 0.16702045048854658 0.19144258972737233 0.21586472896619807 0.24028686820502382 0.26470900744384956 0.2891311466826753 0.31355328592150106 0.33797542516032675 0.3623975643991525 0.38681970363797824 0.4112418428768457 0.4356639821156714 0.4482824131846428 0.4482824131846428 0.4482824131846428 0.4482824131846428 0.4482824131846428 0.4482824131846428 0.4482824131846428 0.4482824131846428 0.4482824131846428 0.4482824131846428 0.4482824131846428 0.4482824131846428 0.47623055171757583
