Figures/CREST_Example_wjb_NSE/Rolling_result/20100722/BJP_forecast/ens_31/wjb.rain.20100723.asc
ncols            288
nrows            254
xllcorner        113.274861
yllcorner        31.4918055
cellsize         0.008333333333
NODATA_value     -9999
[rows 28 to 55 of 254, columns 0 to 62 of 288]
-9999.0 -9999.0 -9999.0 -9999.0 -9999.0 -9999.0 -9999.0 -9999.0 -9999.0 -9999.0 -9999.0 -9999.0 -9999.0 -9999.0 -9999.0 0.889277427133546 0.889277427133546 0.889277427133546 0.889277427133546 0.889277427133546 0.889277427133546 0.889277427133546 0.889277427133546 0.889277427133546 0.889277427133546 0.889277427133546 0.889277427133546 0.0 0.0 0.0 0.0 0.0 0.0 0.0 0.0 0.0 0.0 0.0 0.0 0.0073679439529299 0.02261238651002608 0.037856829067122254 0.05310127162421843 0.06834571418131462 0.08359015673841079 0.09883459929550698 0.11407904185260315 0.12932348440969932 0.14456792696679552 0.1598123695238917 0.17505681208098786 0.17943416099175782 0.17219434117147323 0.16495452135120098 0.15771470153092873 0.15047488171065648 0.14323506189038424 0.135995242070112 0.12875542224983974 0.12151560242956749 0.11427578260929523 0.10703596278902298 0.09979614296875074
-9999.0 -9999.0 -9999.0 -9999.0 -9999.0 -9999.0 -9999.0 -9999.0 -9999.0 -9999.0 -9999.0 -9999.0 -9999.0 -9999.0 -9999.0 0.889277427133546 0.889277427133546 0.889277427133546 0.889277427133546 0.889277427133546 0.889277427133546 0.889277427133546 0.889277427133546 0.889277427133546 0.889277427133546 0.889277427133546 0.889277427133546 0.0 0.0 0.0 0.0 0.0 0.0 0.0 0.0 0.0 0.0 0.0 0.0 0.00948313912008426 0.029103968282280727 0.0487247974444772 0.06834562660667366 0.08796645576887013 0.1075872849310666 0.12720811409326307 0.14682894325545953 0.16644977241765602 0.18607060157985247 0.20569143074204893 0.22531225990424542 0.23094626159632856 0.2216280285860461 0.21230979557577956 0.202991562565513 0.19367332955524647 0.18435509654497992 0.17503686353471337 0.16571863052444682 0.15640039751418028 0.1470821645039137 0.13776393149364718 0.1284456984833806
-9999.0 -9999.0 -9999.0 -9999.0 -9999.0 -9999.0 -9999.0 -9999.0 -9999.0 -9999.0 -9999.0 -9999.0 -9999.0 -9999.0 -9999.0 0.889277427133546 0.889277427133546 0.889277427133546 0.889277427133546 0.889277427133546 0.889277427133546 0.889277427133546 0.889277427133546 0.889277427133546 0.889277427133546 0.889277427133546 0.889277427133546 0.0 0.0 0.0 0.0 0.0 0.0 0.0 0.0 0.0 0.0 0.0 0.0 0.011598334287238617 0.035595550054535366 0.05959276582183212 0.08358998158912886 0.10758719735642562 0.13158441312372238 0.15558162889101912 0.17957884465831586 0.20357606042561263 0.22757327619290937 0.25157049196020614 0.2755677077275029 0.2824583622008992 0.27106171600061896 0.2596650698003581 0.24826842360009727 0.23687177739983642 0.22547513119957557 0.21407848499931473 0.20268183879905388 0.19128519259879304 0.1798885463985322 0.16849190019827134 0.1570952539980105
-9999.0 -9999.0 -9999.0 -9999.0 -9999.0 -9999.0 -9999.0 -9999.0 -9999.0 -9999.0 -9999.0 -9999.0 -9999.0 -9999.0 -9999.0 0.889277427133546 0.889277427133546 0.889277427133546 0.889277427133546 0.889277427133546 0.889277427133546 0.889277427133546 0.889277427133546 0.889277427133546 0.889277427133546 0.889277427133546 0.889277427133546 0.0 0.0 0.0 0.0 0.0 0.0 0.0 0.0 0.0 0.0 0.0 0.0 0.013713529454392975 0.04208713182679001 0.07046073419918705 0.09883433657158408 0.12720793894398114 0.15558154131637816 0.1839551436887752 0.21232874606117225 0.24070234843356927 0.2690759508059663 0.29744955317836336 0.3258231555507604 0.3339704628054699 0.3204954034151918 0.30702034402493666 0.2935452846346815 0.2800702252444264 0.26659516585417126 0.2531201064639161 0.23964504707366097 0.22616998768340585 0.2126949282931507 0.19921986890289556 0.1857448095126404
-9999.0 -9999.0 -9999.0 -9999.0 -9999.0 -9999.0 -9999.0 -9999.0 -9999.0 -9999.0 -9999.0 -9999.0 -9999.0 -9999.0 0.889277427133546 0.889277427133546 0.889277427133546 0.889277427133546 0.889277427133546 0.889277427133546 0.889277427133546 0.889277427133546 0.889277427133546 0.889277427133546 0.889277427133546 0.889277427133546 0.889277427133546 0.0 0.0 0.0 0.0 0.0 0.0 0.0 0.0 0.0 0.0 0.0 0.0 0.015828724621547333 0.04857871359904465 0.08132870257654197 0.1140786915540393 0.1468286805315366 0.17957866950903392 0.21232865848653126 0.24507864746402858 0.2778286364415259 0.3105786254190232 0.3433286143965205 0.37607860337401783 0.38548256341004056 0.3699290908297646 0.3543756182495152 0.3388221456692658 0.3232686730890163 0.3077152005087669 0.29216172792851747 0.27660825534826805 0.26105478276801863 0.2455013101877692 0.22994783760751974 0.21439436502727033
-9999.0 -9999.0 -9999.0 -9999.0 -9999.0 -9999.0 -9999.0 -9999.0 -9999.0 -9999.0 -9999.0 -9999.0 -9999.0 -9999.0 0.889277427133546 0.889277427133546 0.889277427133546 0.889277427133546 0.889277427133546 0.889277427133546 0.889277427133546 0.889277427133546 0.889277427133546 0.889277427133546 0.889277427133546 0.889277427133546 0.889277427133546 0.0 0.0 0.0 0.0 0.0 0.0 0.0 0.0 0.0 0.0 0.0 0.0 0.017943919788703494 0.05507029537130483 0.09219667095390617 0.1293230465365075 0.16644942211910885 0.20357579770171016 0.2407021732843115 0.27782854886691283 0.3149549244495142 0.3520813000321155 0.38920767561471686 0.4263340511973182 0.43699466401465514 0.4193627782443796 0.4017308924741341 0.38409900670388863 0.3664671209336431 0.34883523516339765 0.3312033493931521 0.31357146362290667 0.2959395778526611 0.2783076920824156 0.26067580631217013 0.24304392054192464
-9999.0 -9999.0 -9999.0 -9999.0 -9999.0 -9999.0 -9999.0 -9999.0 -9999.0 -9999.0 -9999.0 -9999.0 -9999.0 -9999.0 0.889277427133546 0.889277427133546 0.889277427133546 0.889277427133546 0.889277427133546 0.889277427133546 0.889277427133546 0.889277427133546 0.889277427133546 0.889277427133546 0.889277427133546 0.889277427133546 0.889277427133546 0.0 0.0 0.0 0.0 0.0 0.0 0.0 0.0 0.0 0.0 0.0 0.0 0.02005911495585785 0.06156187714355947 0.10306463933126109 0.14456740151896272 0.18607016370666432 0.22757292589436595 0.26907568808206755 0.31057845026976916 0.3520812124574708 0.3935839746451724 0.435086736832874 0.4765894990205757 0.4885067646192258 0.46879646565895244 0.44908616669871265 0.42937586773847286 0.40966556877823307 0.3899552698179933 0.37024497085775343 0.35053467189751364 0.33082437293727385 0.31111407397703406 0.29140377501679426 0.2716934760565545
-9999.0 -9999.0 -9999.0 -9999.0 -9999.0 -9999.0 -9999.0 -9999.0 -9999.0 -9999.0 -9999.0 -9999.0 -9999.0 -9999.0 0.889277427133546 0.889277427133546 0.889277427133546 0.889277427133546 0.889277427133546 0.889277427133546 0.889277427133546 0.889277427133546 0.889277427133546 0.889277427133546 0.889277427133546 0.889277427133546 0.889277427133546 0.0 0.0 0.0 0.0 0.0 0.0 0.0 0.0 0.0 0.0 0.0 0.0 0.022174310123012207 0.0680534589158141 0.113932607708616 0.1598117565014179 0.20569090529421982 0.2515700540870217 0.2974492028798236 0.34332835167262554 0.3892075004654274 0.4350866492582293 0.48096579805103123 0.5268449468438331 0.5400188652237965 0.5182301530735253 0.4964414409232912 0.4746527287730571 0.45286401662282305 0.43107530447258896 0.40928659232235487 0.3874978801721208 0.3657091680218867 0.3439204558716526 0.3221317437214185 0.30034303157118447
-9999.0 -9999.0 -9999.0 -9999.0 -9999.0 -9999.0 -9999.0 -9999.0 -9999.0 -9999.0 -9999.0 -9999.0 -9999.0 0.889277427133546 0.889277427133546 0.889277427133546 0.889277427133546 0.889277427133546 0.889277427133546 0.889277427133546 0.889277427133546 0.889277427133546 0.889277427133546 0.889277427133546 0.889277427133546 0.889277427133546 0.889277427133546 0.0 0.0 0.0 0.0 0.0 0.0 0.0 0.0 0.0 0.0 0.0 0.0 0.024289505290166567 0.07454504068806876 0.12480057608597095 0.17505611148387315 0.22531164688177532 0.2755671822796775 0.3258227176775797 0.3760782530754819 0.4263337884733841 0.4765893238712863 0.5268448592691884 0.5771003946670906 0.5915309658283673 0.5676638404880981 0.5437967151478698 0.5199295898076414 0.496062464467413 0.4721953391271846 0.4483282137869562 0.4244610884467278 0.4005939631064995 0.3767268377662711 0.3528597124260427 0.3289925870858143
-9999.0 -9999.0 -9999.0 -9999.0 -9999.0 -9999.0 -9999.0 -9999.0 -9999.0 -9999.0 -9999.0 -9999.0 0.889277427133546 0.889277427133546 0.889277427133546 0.889277427133546 0.889277427133546 0.889277427133546 0.889277427133546 0.889277427133546 0.889277427133546 0.889277427133546 0.889277427133546 0.889277427133546 0.889277427133546 0.889277427133546 0.889277427133546 0.0 0.0 0.0 0.0 0.0 0.0 0.0 0.0 0.0 0.0 0.0 0.0 0.024843441057626953 0.07624508207757487 0.1276467230975228 0.17904836411747072 0.23045000513741865 0.2818516461573666 0.3332532871773145 0.38465492819726244 0.43605656921721037 0.4874582102371583 0.5388598512571062 0.5902614922770542 0.6052436765672363 0.5812926384437096 0.5573416003202236 0.5333905621967377 0.5094395240732518 0.48548848594976585 0.4615374478262799 0.43758640970279394 0.4136353715793081 0.3896843334558221 0.3657332953323362 0.34178225720885025
-9999.0 -9999.0 -9999.0 -9999.0 -9999.0 -9999.0 -9999.0 -9999.0 -9999.0 -9999.0 -9999.0 -9999.0 -9999.0 0.889277427133546 0.889277427133546 0.889277427133546 0.889277427133546 0.889277427133546 0.889277427133546 0.889277427133546 0.889277427133546 0.889277427133546 0.889277427133546 0.889277427133546 0.889277427133546 0.889277427133546 0.889277427133546 0.0 0.0 0.0 0.0 0.0 0.0 0.0 0.0 0.0 0.0 0.0 0.0 0.023728488975101304 0.07282326893794006 0.12191804890077881 0.17101282886361757 0.22010760882645633 0.2692023887892951 0.3182971687521338 0.3673919487149726 0.41648672867781134 0.46558150864065007 0.5146762886034888 0.5637710685663276 0.5785512230546561 0.556648267315525 0.5347453115764311 0.5128423558373373 0.49093940009824344 0.4690364443591496 0.44713348862005575 0.4252305328809619 0.40332757714186807 0.3814246214027742 0.3595216656636804 0.33761870992458654
-9999.0 -9999.0 -9999.0 -9999.0 -9999.0 -9999.0 -9999.0 -9999.0 -9999.0 -9999.0 -9999.0 -9999.0 -9999.0 0.889277427133546 0.889277427133546 0.889277427133546 0.889277427133546 0.889277427133546 0.889277427133546 0.889277427133546 0.889277427133546 0.889277427133546 0.889277427133546 0.889277427133546 0.889277427133546 0.889277427133546 0.889277427133546 0.0 0.0 0.0 0.0 0.0 0.0 0.0 0.0 0.0 0.0 0.0 0.0 0.02261353689257566 0.06940145579830526 0.11618937470403484 0.16297729360976443 0.20976521251549402 0.2565531314212236 0.3033410503269532 0.3501289692326828 0.3969168881384124 0.443704807044142 0.4904927259498716 0.5372806448556011 0.5518587695420759 0.5320038961873403 0.5121490228326385 0.4922941494779368 0.472439276123235 0.4525844027685333 0.4327295294138315 0.41287465605912976 0.393019782704428 0.37316490934972624 0.35331003599502453 0.3334551626403227
-9999.0 -9999.0 -9999.0 -9999.0 -9999.0 -9999.0 -9999.0 -9999.0 -9999.0 -9999.0 -9999.0 -9999.0 -9999.0 -9999.0 0.889277427133546 0.889277427133546 0.889277427133546 0.889277427133546 0.889277427133546 0.889277427133546 0.889277427133546 0.889277427133546 0.889277427133546 0.889277427133546 0.889277427133546 0.889277427133546 0.889277427133546 0.0 0.0 0.0 0.0 0.0 0.0 0.0 0.0 0.0 0.0 0.0 0.0 0.02149858481004907 0.06597964265866754 0.110460700507286 0.15494175835590446 0.19942281620452293 0.2439038740531414 0.28838493190175984 0.33286598975037834 0.3773470475989968 0.4218281054476153 0.46630916329623373 0.5107902211448522 0.525166316029473 0.5073595250591347 0.48955273408882677 0.4717459431185188 0.4539391521482109 0.436132361177903 0.4183255702075951 0.4005187792372871 0.38271198826697916 0.36490519729667126 0.34709840632636335 0.32929161535605544
-9999.0 -9999.0 -9999.0 -9999.0 -9999.0 -9999.0 -9999.0 -9999.0 -9999.0 -9999.0 -9999.0 -9999.0 -9999.0 -9999.0 -9999.0 0.889277427133546 0.889277427133546 0.889277427133546 0.889277427133546 0.889277427133546 0.889277427133546 0.889277427133546 0.889277427133546 0.889277427133546 0.889277427133546 0.889277427133546 0.889277427133546 0.0 0.0 0.0 0.0 0.0 0.0 0.0 0.0 0.0 0.0 0.0 0.0 0.020383632727523422 0.06255782951903271 0.10473202631054201 0.14690622310205131 0.18908041989356061 0.2312546166850699 0.2734288134765792 0.3156030102680885 0.3577772070595978 0.3999514038511071 0.4421256006426164 0.4842997974341257 0.49847386251689274 0.48271515393095005 0.4669564453450342 0.4511977367591184 0.43543902817320257 0.4196803195872867 0.40392161100137086 0.38816290241545504 0.3724041938295392 0.3566454852436234 0.3408867766577075 0.32512806807179173
-9999.0 -9999.0 -9999.0 -9999.0 -9999.0 -9999.0 -9999.0 -9999.0 -9999.0 -9999.0 -9999.0 -9999.0 -9999.0 -9999.0 -9999.0 0.889277427133546 0.889277427133546 0.889277427133546 0.889277427133546 0.889277427133546 0.889277427133546 0.889277427133546 0.889277427133546 0.889277427133546 0.889277427133546 0.889277427133546 0.889277427133546 0.0 0.0 0.0 0.0 0.0 0.0 0.0 0.0 0.0 0.0 0.0 0.0 0.01926868064499778 0.05913601637939792 0.09900335211379807 0.1388706878481982 0.17873802358259835 0.21860535931699848 0.25847269505139864 0.2983400307857988 0.3382073665201989 0.37807470225459905 0.4179420379889992 0.45780937372339936 0.47178140900431265 0.4580707828027655 0.44436015660124173 0.430649530399718 0.41693890419819424 0.4032282779966705 0.38951765179514675 0.375807025593623 0.36209639939209926 0.3483857731905755 0.33467514698905176 0.32096452078752796
-9999.0 -9999.0 -9999.0 -9999.0 -9999.0 -9999.0 -9999.0 -9999.0 -9999.0 -9999.0 -9999.0 -9999.0 -9999.0 -9999.0 -9999.0 -9999.0 0.889277427133546 0.889277427133546 0.889277427133546 0.889277427133546 0.889277427133546 0.889277427133546 0.889277427133546 0.889277427133546 0.889277427133546 0.889277427133546 0.889277427133546 0.0 0.0 0.0 0.0 0.0 0.0 0.0 0.0 0.0 0.0 0.0 0.0 0.01815372856247214 0.055714203239763116 0.0932746779170541 0.13083515259434508 0.16839562727163607 0.20595610194892702 0.243516576626218 0.281077051303509 0.3186375259808 0.35619800065809093 0.39375847533538194 0.4313189500126729 0.4450889554917324 0.43342641167458085 0.4217638678574492 0.4101013240403175 0.39843878022318585 0.3867762364060542 0.3751136925889226 0.3634511487717909 0.35178860495465925 0.3401260611375276 0.3284635173203959 0.31680097350326425
-9999.0 -9999.0 -9999.0 -9999.0 -9999.0 -9999.0 -9999.0 -9999.0 -9999.0 -9999.0 -9999.0 -9999.0 -9999.0 -9999.0 -9999.0 -9999.0 -9999.0 0.889277427133546 0.889277427133546 0.889277427133546 0.889277427133546 0.889277427133546 0.889277427133546 0.889277427133546 0.889277427133546 0.889277427133546 0.889277427133546 0.0 0.0 0.0 0.0 0.0 0.0 0.0 0.0 0.0 0.0 0.0 0.0 0.017038776479946494 0.05229239010012831 0.08754600372031013 0.12279961734049194 0.15805323096067375 0.19330684458085556 0.2285604582010374 0.2638140718212192 0.299067685441401 0.33432129906158287 0.3695749126817647 0.4048285263019465 0.4183965019791523 0.4087820405463963 0.3991675791136567 0.38955311768091716 0.3799386562481776 0.370324194815438 0.3607097333826984 0.3510952719499588 0.34148081051721924 0.33186634908447965 0.32225188765174007 0.3126374262190005
-9999.0 -9999.0 -9999.0 -9999.0 -9999.0 -9999.0 -9999.0 -9999.0 -9999.0 -9999.0 -9999.0 -9999.0 -9999.0 -9999.0 -9999.0 -9999.0 -9999.0 0.889277427133546 0.889277427133546 0.889277427133546 0.889277427133546 0.889277427133546 0.889277427133546 0.889277427133546 0.889277427133546 0.889277427133546 0.889277427133546 0.0 0.0 0.0 0.0 0.0 0.0 0.0 0.0 0.0 0.0 0.0 0.0 0.01592382439742085 0.0488705769604935 0.08181732952356616 0.11476408208663881 0.14771083464971146 0.1806575872127841 0.21360433977585677 0.2465510923389294 0.2794978449020021 0.31244459746507475 0.34539135002814736 0.37833810259122 0.39170404846657203 0.38413766941821165 0.37657129036986414 0.3690049113215167 0.3614385322731692 0.3538721532248217 0.3463057741764742 0.3387393951281267 0.3311730160797792 0.3236066370314317 0.3160402579830842 0.30847387893473677
-9999.0 -9999.0 -9999.0 -9999.0 -9999.0 -9999.0 -9999.0 -9999.0 -9999.0 -9999.0 -9999.0 -9999.0 -9999.0 -9999.0 -9999.0 -9999.0 -9999.0 -9999.0 0.889277427133546 0.889277427133546 0.889277427133546 0.889277427133546 0.889277427133546 0.889277427133546 0.889277427133546 0.889277427133546 0.889277427133546 0.0 0.0 0.0 0.0 0.0 0.0 0.0 0.0 0.0 0.0 0.0 0.0 0.014808872314894257 0.04544876382085578 0.07608865532681731 0.10672854683277884 0.13736843833874035 0.16800832984470188 0.1986482213506634 0.22928811285662493 0.25992800436258645 0.290567895868548 0.3212077873745095 0.351847678880471 0.3650115949539691 0.35949329829000604 0.3539750016260524 0.34845670496209874 0.3429384082981451 0.3374201116341914 0.33190181497023774 0.3263835183062841 0.32086522164233044 0.31534692497837674 0.3098286283144231 0.30431033165046945
-9999.0 -9999.0 -9999.0 -9999.0 -9999.0 -9999.0 -9999.0 -9999.0 -9999.0 -9999.0 -9999.0 -9999.0 -9999.0 -9999.0 -9999.0 -9999.0 -9999.0 -9999.0 0.889277427133546 0.889277427133546 0.889277427133546 0.889277427133546 0.889277427133546 0.889277427133546 0.889277427133546 0.889277427133546 0.889277427133546 0.0 0.0 0.0 0.0 0.0 0.0 0.0 0.0 0.0 0.0 0.0 0.0 0.013693920232368614 0.042026950681220976 0.07035998113007334 0.0986930115789257 0.12702604202777806 0.15535907247663042 0.1836921029254828 0.21202513337433515 0.2403581638231875 0.26869119427203986 0.29702422472089224 0.3253572551697446 0.33831914144138897 0.33484892716182146 0.3313787128822599 0.32790849860269833 0.3244382843231367 0.32096807004357514 0.31749785576401357 0.314027641484452 0.31055742720489043 0.30708721292532887 0.3036169986457673 0.30014678436620573
-9999.0 -9999.0 -9999.0 -9999.0 -9999.0 -9999.0 -9999.0 -9999.0 -9999.0 -9999.0 -9999.0 -9999.0 -9999.0 -9999.0 -9999.0 -9999.0 -9999.0 -9999.0 -9999.0 0.889277427133546 0.889277427133546 0.889277427133546 0.889277427133546 0.889277427133546 0.889277427133546 0.889277427133546 0.889277427133546 0.0 0.0 0.0 0.0 0.0 0.0 0.0 0.0 0.0 0.0 0.0 0.0 0.012578968149842972 0.038605137541586176 0.06463130693332939 0.09065747632507258 0.11668364571681579 0.14270981510855898 0.1687359845003022 0.1947621538920454 0.2207883232837886 0.2468144926755318 0.27284066206727503 0.2988668314590182 0.31162668792880877 0.31020455603363684 0.30878242413846735 0.30736029224329786 0.3059381603481284 0.3045160284529589 0.3030938965577894 0.3016717646626199 0.3002496327674504 0.29882750087228094 0.2974053689771114 0.2959832370819419
-9999.0 -9999.0 -9999.0 -9999.0 -9999.0 -9999.0 -9999.0 -9999.0 -9999.0 -9999.0 -9999.0 -9999.0 -9999.0 -9999.0 -9999.0 -9999.0 -9999.0 -9999.0 -9999.0 0.889277427133546 0.889277427133546 0.889277427133546 0.889277427133546 0.889277427133546 0.889277427133546 0.889277427133546 0.889277427133546 0.0 0.0 0.0 0.0 0.0 0.0 0.0 0.0 0.0 0.0 0.0 0.0 0.011519459515301353 0.03535348159685847 0.05918750367841558 0.0830215257599727 0.10685554784152981 0.13068956992308695 0.15452359200464405 0.17835761408620115 0.2021916361677583 0.2260256582493154 0.24985968033087252 0.27369370241242963 0.28583943668691164 0.28549012711149674 0.2851408175360824 0.2847915079606681 0.2844421983852538 0.2840928888098395 0.2837435792344252 0.2833942696590109 0.2830449600835966 0.2826956505081823 0.282346340932768 0.28199703135735366
-9999.0 -9999.0 -9999.0 -9999.0 -9999.0 -9999.0 -9999.0 -9999.0 -9999.0 -9999.0 -9999.0 -9999.0 -9999.0 -9999.0 -9999.0 -9999.0 -9999.0 -9999.0 -9999.0 -9999.0 -9999.0 -9999.0 -9999.0 0.889277427133546 0.889277427133546 0.889277427133546 0.889277427133546 0.0 0.0 0.0 0.0 0.0 0.0 0.0 0.0 0.0 0.0 0.0 0.0 0.010519216430672561 0.0322837129642384 0.05404820949780423 0.07581270603137007 0.09757720256493589 0.11934169909850173 0.14110619563206755 0.1628706921656334 0.18463518869919923 0.20639968523276506 0.22816418176633088 0.24992867829989673 0.2610197895949193 0.26070081082510677 0.2603818320552948 0.26006285328548284 0.2597438745156709 0.2594248957458589 0.25910591697604696 0.25878693820623505 0.2584679594364231 0.2581489806666111 0.25783000189679917 0.2575110231269872
-9999.0 -9999.0 -9999.0 -9999.0 -9999.0 -9999.0 -9999.0 -9999.0 -9999.0 -9999.0 -9999.0 -9999.0 -9999.0 -9999.0 -9999.0 -9999.0 -9999.0 -9999.0 -9999.0 -9999.0 -9999.0 -9999.0 -9999.0 0.889277427133546 0.889277427133546 0.889277427133546 0.889277427133546 0.0 0.0 0.0 0.0 0.0 0.0 0.0 0.0 0.0 0.0 0.0 0.0 0.009518973346043767 0.029213944331618315 0.04890891531719286 0.06860388630276741 0.08829885728834196 0.1079938282739165 0.12768879925949106 0.1473837702450656 0.16707874123064015 0.1867737122162147 0.20646868320178924 0.22616365418736378 0.23620014250292687 0.23591149453871677 0.23562284657450716 0.23533419861029756 0.23504555064608795 0.23475690268187838 0.23446825471766877 0.23417960675345917 0.23389095878924956 0.23360231082503996 0.23331366286083036 0.23302501489662075
-9999.0 -9999.0 -9999.0 -9999.0 -9999.0 -9999.0 -9999.0 -9999.0 -9999.0 -9999.0 -9999.0 -9999.0 -9999.0 -9999.0 -9999.0 -9999.0 -9999.0 -9999.0 -9999.0 -9999.0 -9999.0 -9999.0 -9999.0 -9999.0 -9999.0 0.889277427133546 0.889277427133546 0.0 0.0 0.0 0.0 0.0 0.0 0.0 0.0 0.0 0.0 0.0 0.0 0.008518730261414972 0.02614417569899823 0.043769621136581484 0.06139506657416474 0.07902051201174799 0.09664595744933126 0.11427140288691451 0.13189684832449777 0.14952229376208104 0.16714773919966427 0.18477318463724754 0.2023986300748308 0.21138049541093448 0.2111221782523268 0.21086386109371955 0.2106055439351123 0.21034722677650505 0.2100889096178978 0.20983059245929056 0.20957227530068331 0.20931395814207604 0.2090556409834688 0.20879732382486155 0.2085390066662543
-9999.0 -9999.0 -9999.0 -9999.0 -9999.0 -9999.0 -9999.0 -9999.0 -9999.0 -9999.0 -9999.0 -9999.0 -9999.0 -9999.0 -9999.0 -9999.0 -9999.0 -9999.0 -9999.0 -9999.0 -9999.0 -9999.0 -9999.0 -9999.0 -9999.0 0.889277427133546 0.889277427133546 0.0 0.0 0.0 0.0 0.0 0.0 0.0 0.0 0.0 0.0 0.0 0.0 0.007518487176785327 0.023074407066375535 0.038630326955965744 0.05418624684555595 0.06974216673514616 0.08529808662473637 0.10085400651432658 0.11640992640391679 0.131965846293507 0.1475217661830972 0.1630776860726874 0.17863360596227762 0.18656084831892095 0.18633286196591567 0.1861048756129108 0.18587688925990595 0.18564890290690106 0.1854209165538962 0.18519293020089134 0.18496494384788648 0.1847369574948816 0.18450897114187673 0.18428098478887187 0.18405299843586698
-9999.0 -9999.0 -9999.0 -9999.0 -9999.0 -9999.0 -9999.0 -9999.0 -9999.0 -9999.0 -9999.0 -9999.0 -9999.0 -9999.0 -9999.0 -9999.0 -9999.0 -9999.0 -9999.0 -9999.0 -9999.0 -9999.0 -9999.0 -9999.0 -9999.0 0.889277427133546 0.889277427133546 0.0 0.0 0.0 0.0 0.0 0.0 0.0 0.0 0.0 0.0 0.0 0.0 0.006518244092156533 0.020004638433755457 0.033491032775354375 0.0469774271169533 0.060463821458552225 0.07395021580015114 0.08743661014175007 0.100923004483349 0.11440939882494791 0.12789579316654684 0.14138218750814577 0.15486858184974467 0.16174120122692856 0.1615435456795257 0.1613458901321232 0.16114823458472066 0.16095057903731816 0.16075292348991563 0.16055526794251312 0.1603576123951106 0.1601599568477081 0.15996230130030556 0.15976464575290306 0.15956699020550053
-9999.0 -9999.0 -9999.0 -9999.0 -9999.0 -9999.0 -9999.0 -9999.0 -9999.0 -9999.0 -9999.0 -9999.0 -9999.0 -9999.0 -9999.0 -9999.0 -9999.0 -9999.0 -9999.0 -9999.0 0.889277427133546 0.889277427133546 0.889277427133546 0.889277427133546 0.889277427133546 0.889277427133546 0.889277427133546 0.0 0.0 0.0 0.0 0.0 0.0 0.0 0.0 0.0 0.0 0.0 0.0 0.005518001007527739 0.01693486980113537 0.028351738594743006 0.03976860738835064 0.051185476181958275 0.06260234497556591 0.07401921376917354 0.08543608256278118 0.09685295135638881 0.10826982014999645 0.11968668894360408 0.13110355773721172 0.13692155413493615 0.1367542293931357 0.13658690465133555 0.13641957990953538 0.1362522551677352 0.13608493042593506 0.13591760568413488 0.1357502809423347 0.13558295620053457 0.1354156314587344 0.13524830671693422 0.13508098197513407
