Figures/CREST_Example_wjb_NSE/Rolling_result/20100722/BJP_forecast/ens_31/wjb.rain.20090914.asc
ncols            288
nrows            254
xllcorner        113.274861
yllcorner        31.4918055
cellsize         0.008333333333
NODATA_value     -9999
[rows 40 to 59 of 254, columns 44 to 87 of 288]
0.402953796269201 0.41237620887664095 0.42179862148408087 0.4312210340915208 0.44064344669896066 0.4500658593064006 0.45948827191384045 0.46435664407908916 0.46435664407908916 0.46435664407908916 0.46435664407908916 0.46435664407908916 0.46435664407908916 0.46435664407908916 0.46435664407908916 0.46435664407908916 0.46435664407908916 0.46435664407908916 0.46435664407908916 0.46343343313701757 0.46152328882913335 0.45961314452124585 0.4577030002133616 0.45579285590547736 0.4538827115975931 0.45197256728970886 0.4500624229818246 0.44815227867394036 0.4462421343660561 0.44433199005817187 0.44242184575028765 0.4408311398696889 0.4395819208892677 0.43833270190884643 0.4370834829284231 0.43583426394800184 0.43458504496758066 0.4333358259871594 0.4320866070067382 0.43083738802631694 0.4295881690458957 0.42833895006547446 0.42708973108505327 0.42644428461790085
0.402953796269201 0.41237620887664095 0.42179862148408087 0.4312210340915208 0.44064344669896066 0.4500658593064006 0.45948827191384045 0.46435664407908916 0.46435664407908916 0.46435664407908916 0.46435664407908916 0.46435664407908916 0.46435664407908916 0.46435664407908916 0.46435664407908916 0.46435664407908916 0.46435664407908916 0.46435664407908916 0.46435664407908916 0.46343343313701757 0.46152328882913335 0.45961314452124585 0.4577030002133616 0.45579285590547736 0.4538827115975931 0.45197256728970886 0.4500624229818246 0.44815227867394036 0.4462421343660561 0.44433199005817187 0.44242184575028765 0.4408311398696889 0.4395819208892677 0.43833270190884643 0.4370834829284231 0.43583426394800184 0.43458504496758066 0.4333358259871594 0.4320866070067382 0.43083738802631694 0.4295881690458957 0.42833895006547446 0.42708973108505327 0.42644428461790085
0.402953796269201 0.41237620887664095 0.42179862148408087 0.4312210340915208 0.44064344669896066 0.4500658593064006 0.45948827191384045 0.46435664407908916 0.46435664407908916 0.46435664407908916 0.46435664407908916 0.46435664407908916 0.46435664407908916 0.46435664407908916 0.46435664407908916 0.46435664407908916 0.46435664407908916 0.46435664407908916 0.46435664407908916 0.46343343313701757 0.46152328882913335 0.45961314452124585 0.4577030002133616 0.45579285590547736 0.4538827115975931 0.45197256728970886 0.4500624229818246 0.44815227867394036 0.4462421343660561 0.44433199005817187 0.44242184575028765 0.4408311398696889 0.4395819208892677 0.43833270190884643 0.4370834829284231 0.43583426394800184 0.43458504496758066 0.4333358259871594 0.4320866070067382 0.43083738802631694 0.4295881690458957 0.42833895006547446 0.42708973108505327 0.42644428461790085
0.402953796269201 0.41237620887664095 0.42179862148408087 0.4312210340915208 0.44064344669896066 0.4500658593064006 0.45948827191384045 0.46435664407908916 0.46435664407908916 0.46435664407908916 0.46435664407908916 0.46435664407908916 0.46435664407908916 0.46435664407908916 0.46435664407908916 0.46435664407908916 0.46435664407908916 0.46435664407908916 0.46435664407908916 0.46343343313701757 0.46152328882913335 0.45961314452124585 0.4577030002133616 0.45579285590547736 0.4538827115975931 0.45197256728970886 0.4500624229818246 0.44815227867394036 0.4462421343660561 0.44433199005817187 0.44242184575028765 0.4408311398696889 0.4395819208892677 0.43833270190884643 0.4370834829284231 0.43583426394800184 0.43458504496758066 0.4333358259871594 0.4320866070067382 0.43083738802631694 0.4295881690458957 0.42833895006547446 0.42708973108505327 0.42644428461790085
0.402953796269201 0.41237620887664095 0.42179862148408087 0.4312210340915208 0.44064344669896066 0.4500658593064006 0.45948827191384045 0.46435664407908916 0.46435664407908916 0.46435664407908916 0.46435664407908916 0.46435664407908916 0.46435664407908916 0.46435664407908916 0.46435664407908916 0.46435664407908916 0.46435664407908916 0.46435664407908916 0.46435664407908916 0.46343343313701757 0.46152328882913335 0.45961314452124585 0.4577030002133616 0.45579285590547736 0.4538827115975931 0.45197256728970886 0.4500624229818246 0.44815227867394036 0.4462421343660561 0.44433199005817187 0.44242184575028765 0.4408311398696889 0.4395819208892677 0.43833270190884643 0.4370834829284231 0.43583426394800184 0.43458504496758066 0.4333358259871594 0.4320866070067382 0.43083738802631694 0.4295881690458957 0.42833895006547446 0.42708973108505327 0.42644428461790085
0.402953796269201 0.41237620887664095 0.42179862148408087 0.4312210340915208 0.44064344669896066 0.4500658593064006 0.45948827191384045 0.46435664407908916 0.46435664407908916 0.46435664407908916 0.46435664407908916 0.46435664407908916 0.46435664407908916 0.46435664407908916 0.46435664407908916 0.46435664407908916 0.46435664407908916 0.46435664407908916 0.46435664407908916 0.46343343313701757 0.46152328882913335 0.45961314452124585 0.4577030002133616 0.45579285590547736 0.4538827115975931 0.45197256728970886 0.4500624229818246 0.44815227867394036 0.4462421343660561 0.44433199005817187 0.44242184575028765 0.4408311398696889 0.4395819208892677 0.43833270190884643 0.4370834829284231 0.43583426394800184 0.43458504496758066 0.4333358259871594 0.4320866070067382 0.43083738802631694 0.4295881690458957 0.42833895006547446 0.42708973108505327 0.42644428461790085
0.402953796269201 0.41237620887664095 0.42179862148408087 0.4312210340915208 0.44064344669896066 0.4500658593064006 0.45948827191384045 0.46435664407908916 0.46435664407908916 0.46435664407908916 0.46435664407908916 0.46435664407908916 0.46435664407908916 0.46435664407908916 0.46435664407908916 0.46435664407908916 0.46435664407908916 0.46435664407908916 0.46435664407908916 0.46343343313701757 0.46152328882913335 0.45961314452124585 0.4577030002133616 0.45579285590547736 0.4538827115975931 0.45197256728970886 0.4500624229818246 0.44815227867394036 0.4462421343660561 0.44433199005817187 0.44242184575028765 0.4408311398696889 0.4395819208892677 0.43833270190884643 0.4370834829284231 0.43583426394800184 0.43458504496758066 0.4333358259871594 0.4320866070067382 0.43083738802631694 0.4295881690458957 0.42833895006547446 0.42708973108505327 0.42644428461790085
0.402953796269201 0.41237620887664095 0.42179862148408087 0.4312210340915208 0.44064344669896066 0.4500658593064006 0.45948827191384045 0.46435664407908916 0.46435664407908916 0.46435664407908916 0.46435664407908916 0.46435664407908916 0.46435664407908916 0.46435664407908916 0.46435664407908916 0.46435664407908916 0.46435664407908916 0.46435664407908916 0.46435664407908916 0.46343343313701757 0.46152328882913335 0.45961314452124585 0.4577030002133616 0.45579285590547736 0.4538827115975931 0.45197256728970886 0.4500624229818246 0.44815227867394036 0.4462421343660561 0.44433199005817187 0.44242184575028765 0.4408311398696889 0.4395819208892677 0.43833270190884643 0.4370834829284231 0.43583426394800184 0.43458504496758066 0.4333358259871594 0.4320866070067382 0.43083738802631694 0.4295881690458957 0.42833895006547446 0.42708973108505327 0.42644428461790085
0.402953796269201 0.41237620887664095 0.42179862148408087 0.4312210340915208 0.44064344669896066 0.4500658593064006 0.45948827191384045 0.46435664407908916 0.46435664407908916 0.46435664407908916 0.46435664407908916 0.46435664407908916 0.46435664407908916 0.46435664407908916 0.46435664407908916 0.46435664407908916 0.46435664407908916 0.46435664407908916 0.46435664407908916 0.46343343313701757 0.46152328882913335 0.45961314452124585 0.4577030002133616 0.45579285590547736 0.4538827115975931 0.45197256728970886 0.4500624229818246 0.44815227867394036 0.4462421343660561 0.44433199005817187 0.44242184575028765 0.4408311398696889 0.4395819208892677 0.43833270190884643 0.4370834829284231 0.43583426394800184 0.43458504496758066 0.4333358259871594 0.4320866070067382 0.43083738802631694 0.4295881690458957 0.42833895006547446 0.42708973108505327 0.42644428461790085
0.4036009519981328 0.4135155357591457 0.4234301195201585 0.43334470328117136 0.4432592870421842 0.45317387080319704 0.46308845456420994 0.4682111217220915 0.4682111217220915 0.4682111217220915 0.4682111217220915 0.4682111217220915 0.4682111217220915 0.4682111217220915 0.4682111217220915 0.4682111217220915 0.4682111217220915 0.4682111217220915 0.4682111217220915 0.4675018910132872 0.466034476644953 0.46456706227661626 0.463099647908282 0.46163223353994776 0.46016481917161356 0.4586974048032793 0.45722999043494506 0.4557625760666108 0.4542951616982766 0.45282774732994235 0.4513603329616081 0.44969274552806965 0.44781116856260017 0.44592959159713075 0.44404801463165805 0.44216643766618857 0.4402848607007191 0.4384032837352496 0.4365217067697802 0.4346401298043107 0.43275855283884124 0.43087697587337176 0.4289953989079023 0.42802322571483403
0.4049398763949407 0.41587273123888396 0.4268055860828272 0.4377384409267705 0.44867129577071374 0.459604150614657 0.4705370054586002 0.47618579292168917 0.47618579292168917 0.47618579292168917 0.47618579292168917 0.47618579292168917 0.47618579292168917 0.47618579292168917 0.47618579292168917 0.47618579292168917 0.47618579292168917 0.47618579292168917 0.47618579292168917 0.4759192738230087 0.4753678397833031 0.47481640574359657 0.47426497170389104 0.47371353766418545 0.47316210362447986 0.47261066958477427 0.4720592355450687 0.4715078015053631 0.4709563674656575 0.4704049334259519 0.4698534993862463 0.46802684886743556 0.4648369631041826 0.46164707734092963 0.45845719157767123 0.45526730581441827 0.4520774200511653 0.4488875342879123 0.4456976485246593 0.44250776276140635 0.4393178769981534 0.4361279912349004 0.43293810547164746 0.43128995528438635
0.4062788007917486 0.41822992671862225 0.4301810526454959 0.4421321785723695 0.45408330449924317 0.4660344304261168 0.47798555635299045 0.48416046412128677 0.48416046412128677 0.48416046412128677 0.48416046412128677 0.48416046412128677 0.48416046412128677 0.48416046412128677 0.48416046412128677 0.48416046412128677 0.48416046412128677 0.48416046412128677 0.48416046412128677 0.4843366566327301 0.4847012029216532 0.48506574921057694 0.4854302954995 0.4857948417884231 0.48615938807734616 0.48652393436626923 0.4868884806551923 0.4872530269441154 0.48761757323303845 0.4879821195219615 0.4883466658108846 0.48636095220680153 0.4818627576457651 0.4773645630847286 0.47286636852368447 0.46836817396264796 0.46386997940161145 0.459371784840575 0.4548735902795385 0.45037539571850205 0.44587720115746554 0.44137900659642904 0.4368808120353926 0.43455668485393867
0.4076177251885566 0.42058712219836064 0.4335565192081646 0.44652591621796867 0.4594953132277727 0.47246471023757675 0.4854341072473808 0.49213513532088443 0.49213513532088443 0.49213513532088443 0.49213513532088443 0.49213513532088443 0.49213513532088443 0.49213513532088443 0.49213513532088443 0.49213513532088443 0.49213513532088443 0.49213513532088443 0.49213513532088443 0.4927540394424516 0.49403456606000334 0.49531509267755724 0.496595619295109 0.4978761459126607 0.49915667253021245 0.5004371991477642 0.5017177257653159 0.5029982523828677 0.5042787790004194 0.5055593056179711 0.5068398322355229 0.5046950555461674 0.4988885521873475 0.4930820488285275 0.4872755454696976 0.48146904211087765 0.47566253875205766 0.46985603539323767 0.4640495320344177 0.4582430286755977 0.4524365253167777 0.4466300219579577 0.4408235185991377 0.437823414423491
0.40895664958536565 0.4229443176781009 0.43693198577083625 0.4509196538635715 0.4649073219563068 0.4788949900490421 0.4928826581417774 0.5001098065204889 0.5001098065204889 0.5001098065204889 0.5001098065204889 0.5001098065204889 0.5001098065204889 0.5001098065204889 0.5001098065204889 0.5001098065204889 0.5001098065204889 0.5001098065204889 0.5001098065204889 0.5011714222521803 0.5033679291983614 0.5055644361445464 0.5077609430907275 0.5099574500369086 0.5121539569830899 0.514350463929271 0.5165469708754522 0.5187434778216333 0.5209399847678144 0.5231364917139957 0.5253329986601768 0.5230291588855491 0.5159143467289444 0.5087995345723398 0.5016847224157231 0.4945699102591185 0.4874550981025139 0.4803402859459093 0.4732254737893047 0.4661106616327001 0.4589958494760955 0.45188103731949086 0.4447662251628863 0.44109014399304614
0.41029557398217353 0.42530151315783926 0.44030745233350493 0.4553133915091706 0.4703193306848363 0.48532526986050195 0.5003312090361677 0.5080844777200865 0.5080844777200865 0.5080844777200865 0.5080844777200865 0.5080844777200865 0.5080844777200865 0.5080844777200865 0.5080844777200865 0.5080844777200865 0.5080844777200865 0.5080844777200865 0.5080844777200865 0.5095888050619016 0.5127012923367115 0.5158137796115266 0.5189262668863365 0.5220387541611462 0.525151241435956 0.5282637287107659 0.5313762159855757 0.5344887032603854 0.5376011905351953 0.5407136778100051 0.543826165084815 0.5413632622249149 0.5329401412705268 0.5245170203161387 0.5160938993617362 0.5076707784073481 0.49924765745296 0.4908245364985719 0.4824014155441838 0.4739782945897957 0.4655551736354076 0.4571320526810195 0.4487089317266314 0.44435687356259845
0.41163449837898153 0.4276587086375776 0.4436829188961737 0.45970712915476974 0.4757313394133659 0.4917555496719619 0.507779759930558 0.5160591489196842 0.5160591489196842 0.5160591489196842 0.5160591489196842 0.5160591489196842 0.5160591489196842 0.5160591489196842 0.5160591489196842 0.5160591489196842 0.5160591489196842 0.5160591489196842 0.5160591489196842 0.5180061878716232 0.5220346554750617 0.526063123078507 0.5300915906819454 0.534120058285384 0.5381485258888224 0.5421769934922609 0.5462054610956993 0.5502339286991379 0.5542623963025763 0.5582908639060148 0.5623193315094532 0.559697365564281 0.5499659358121093 0.5402345060599377 0.5305030763077495 0.5207716465555778 0.5110402168034063 0.5013087870512346 0.491577357299063 0.4818459275468914 0.47211449779471976 0.46238306804254814 0.4526516382903765 0.44762360313215077
0.4129734227757894 0.4300159041173159 0.44705838545884236 0.4641008668003688 0.4811433481418953 0.49818582948342177 0.5152283108249482 0.5240338201192818 0.5240338201192818 0.5240338201192818 0.5240338201192818 0.5240338201192818 0.5240338201192818 0.5240338201192818 0.5240338201192818 0.5240338201192818 0.5240338201192818 0.5240338201192818 0.5240338201192818 0.5264235706813446 0.5313680186134118 0.5363124665454874 0.5412569144775544 0.5462013624096216 0.5511458103416887 0.5560902582737558 0.561034706205823 0.5659791541378901 0.5709236020699572 0.5758680500020243 0.5808124979340915 0.5780314689036469 0.5669917303536918 0.5559519918037366 0.5449122532537627 0.5338725147038075 0.5228327761538524 0.5117930376038973 0.5007532990539422 0.48971356050398707 0.4786738219540319 0.4676340834040768 0.45659434485412165 0.4508903327017031
0.4143123471725974 0.4323730995970543 0.45043385202151115 0.468494604445968 0.48655535687042484 0.5046161092948818 0.5226768617193386 0.5320084913188795 0.5320084913188795 0.5320084913188795 0.5320084913188795 0.5320084913188795 0.5320084913188795 0.5320084913188795 0.5320084913188795 0.5320084913188795 0.5320084913188795 0.5320084913188795 0.5320084913188795 0.5348409534910662 0.540701381751762 0.5465618100124677 0.5524222382731635 0.5582826665338593 0.564143094794555 0.5700035230552508 0.5758639513159466 0.5817243795766424 0.5875848078373381 0.5934452360980339 0.5993056643587297 0.5963655722430128 0.5840175248952741 0.5716694775475355 0.5593214301997759 0.5469733828520372 0.5346253355042986 0.5222772881565599 0.5099292408088213 0.4975811934610827 0.48523314611334406 0.47288509876560547 0.4605370514178668 0.4541570622712554
0.4156512715694053 0.43473029507679256 0.45380931858417983 0.47288834209156705 0.4919673655989544 0.5110463891063416 0.5301254126137289 0.5399831625184771 0.5399831625184771 0.5399831625184771 0.5399831625184771 0.5399831625184771 0.5399831625184771 0.5399831625184771 0.5399831625184771 0.5399831625184771 0.5399831625184771 0.5399831625184771 0.5399831625184771 0.5432583363007876 0.5500347448901121 0.556811153479448 0.5635875620687725 0.5703639706580969 0.5771403792474213 0.5839167878367457 0.5906931964260702 0.5974696050153946 0.6042460136047191 0.6110224221940435 0.617798830783368 0.6146996755823787 0.6010433194368565 0.5873869632913344 0.573730607145789 0.5600742510002669 0.5464178948547447 0.5327615387092226 0.5191051825637005 0.5054488264181783 0.4917924702726562 0.4781361141271341 0.46447975798161195 0.4574237918408077
0.41699019596621434 0.43708749055653284 0.45718478514685135 0.47728207973716985 0.4973793743274884 0.517476668917807 0.5375739635081254 0.5479578337180815 0.5479578337180815 0.5479578337180815 0.5479578337180815 0.5479578337180815 0.5479578337180815 0.5479578337180815 0.5479578337180815 0.5479578337180815 0.5479578337180815 0.5479578337180815 0.5479578337180815 0.5516757191105162 0.55936810802847 0.567060496946437 0.5747528858643909 0.5824452747823448 0.5901376637002986 0.5978300526182525 0.6055224415362064 0.6132148304541603 0.6209072193721141 0.628599608290068 0.6362919972080219 0.6330337789217603 0.6180691139784535 0.6031044490351468 0.5881397840918146 0.5731751191485077 0.558210454205201 0.5432457892618943 0.5282811243185875 0.5133164593752808 0.49835179443197397 0.48338712948866724 0.4684224645453605 0.4606905214103629
