Figures/CREST_Example_wjb_NSE/Rolling_result/20100722/BJP_forecast/ens_31/wjb.rain.20100727.asc
ncols            288
nrows            254
xllcorner        113.274861
yllcorner        31.4918055
cellsize         0.008333333333
NODATA_value     -9999
[rows 120 to 143 of 254, columns 106 to 158 of 288]
0.09548158094292918 0.10824083498972054 0.1210000890365119 0.13375934308330326 0.1465185971300946 0.14694424595842095 0.13418499191162778 0.12142573786483463 0.10866648381804145 0.09590722977124827 0.0831479757244551 0.07038872167764018 0.05762946763084702 0.04487021358405384 0.032110959537260675 0.019351705490467497 0.0065924514436743464 0.0 0.0 0.0 0.0 0.0 0.0 0.0 0.0 0.0 0.0 0.0 0.0 0.0006636189572851801 0.002036661588877136 0.0034097042204690913 0.004782746852061047 0.006155789483653002 0.007528832115244959 0.008901874746836914 0.01027491737842887 0.011647960010023167 0.013021002641615122 0.014394045273207078 0.015767087904799033 0.01636082812944583 0.01612147645410575 0.015882124778765667 0.01564277310342559 0.015403421428085508 0.015164069752745427 0.014924718077405348 0.014685366402065267 0.014446014726725187 0.014206663051384698 0.013967311376044617 0.013727959700704537
0.1204828504202559 0.13496380682115172 0.14944476322204753 0.16392571962294333 0.17840667602383914 0.1799047359686709 0.1675237860231373 0.1551428360776037 0.14276188613207008 0.13038093618653648 0.11799998624100289 0.10561903629544817 0.09323808634991457 0.08085713640438096 0.06847618645884736 0.056095236513313745 0.04371428656778015 0.03645477415057764 0.03467019427139072 0.032885614392203784 0.03110103451301685 0.029316454633829918 0.027531874754642985 0.025747294875456052 0.02396271499626608 0.022178135117079147 0.020393555237892214 0.018608975358705284 0.01682439547951835 0.015261845548517684 0.013936650653745667 0.01261145575897365 0.011286260864201633 0.009961065969429618 0.008635871074657601 0.007310676179885584 0.005985481285113567 0.004660286390339292 0.003335091495567275 0.002009896600795258 0.000684701706023241 0.0 0.0 0.0 0.0 0.0 0.0 0.0 0.0 0.0 0.0 0.0 0.0
0.16332091261068554 0.18017625608652485 0.19703159956236413 0.21388694303820344 0.23074228651404272 0.23441947555012227 0.22400891949594817 0.21359836344177405 0.20318780738759992 0.1927772513334258 0.18236669527925167 0.1719561392250598 0.1615455831708857 0.15113502711671156 0.14072447106253744 0.1303139150083633 0.1199033589541892 0.11187740366475321 0.10640064052006565 0.10092387737537808 0.09544711423069052 0.08997035108600294 0.08449358794131538 0.07901682479662782 0.07354006165193092 0.06806329850724335 0.06258653536255579 0.05710977221786823 0.05163300907318066 0.046837641842133806 0.042770702253796505 0.03870376266545921 0.03463682307712192 0.03056988348878462 0.026502943900447325 0.022436004312110028 0.01836906472377273 0.0143021251354285 0.010235185547091206 0.006168245958753905 0.0021013063704166113 0.0 0.0 0.0 0.0 0.0 0.0 0.0 0.0 0.0 0.0 0.0 0.0
0.2061589748011152 0.22538870535189798 0.24461843590268076 0.26384816645346354 0.28307789700424635 0.2889342151315737 0.280494052968759 0.2720538908059444 0.26361372864312976 0.25517356648031514 0.2467334043175005 0.23829324215467146 0.22985307999185683 0.22141291782904218 0.21297275566622756 0.2045325935034129 0.19609243134059828 0.18730003317892877 0.17813108676874057 0.16896214035855237 0.15979319394836417 0.15062424753817596 0.14145530112798776 0.13228635471779956 0.12311740830759571 0.11394846189740751 0.10477951548721931 0.09561056907703111 0.08644162266684291 0.07841343813574987 0.0716047538538473 0.06479606957194473 0.05798738529004216 0.05117870100813959 0.04437001672623702 0.03756133244433445 0.030752648162431874 0.023943963880517692 0.01713527959861512 0.010326595316712553 0.003517911034809987 0.0 0.0 0.0 0.0 0.0 0.0 0.0 0.0 0.0 0.0 0.0 0.0
0.24899703699158138 0.27060115461730966 0.29220527224303794 0.3138093898687663 0.3354135074944945 0.34344895471307146 0.336979186441618 0.33050941817016455 0.3240396498987111 0.31756988162725763 0.3111001133558041 0.30463034508433967 0.29816057681288616 0.2916908085414327 0.28522104026997924 0.2787512719985258 0.2722815037270723 0.26272266269316863 0.24986153301747666 0.23700040334178468 0.22413927366609268 0.2112781439904007 0.1984170143147087 0.18555588463901673 0.17269475496330283 0.15983362528761083 0.14697249561191886 0.13411136593622686 0.12125023626053488 0.1099892344293929 0.10043880545392271 0.09088837647845252 0.08133794750298234 0.07178751852751215 0.06223708955204197 0.05268666057657178 0.043136231601101596 0.03358580262561513 0.024035373650144937 0.014484944674674746 0.00493451569920457 0.0 0.0 0.0 0.0 0.0 0.0 0.0 0.0 0.0 0.0 0.0 0.0
0.291835099182011 0.31581360388268276 0.33979210858335457 0.3637706132840264 0.38774911798469813 0.39796369429452283 0.3934643199144288 0.38896494553433486 0.3844655711542409 0.3799661967741469 0.37546682239405293 0.37096744801395126 0.3664680736338573 0.3619686992537633 0.35746932487366934 0.3529699504935754 0.34847057611348137 0.3381452922073442 0.3215919792661516 0.30503866632495896 0.28848535338376635 0.27193204044257374 0.25537872750138113 0.2388254145601885 0.22227210161896765 0.20571878867777502 0.1891654757365824 0.1726121627953898 0.15605884985419716 0.141565030723009 0.12927285705397354 0.11698068338493807 0.1046885097159026 0.09239633604686714 0.08010416237783168 0.0678119887087962 0.05551981503976075 0.043227641370704326 0.030935467701668856 0.0186432940326334 0.006351120363597945 0.0 0.0 0.0 0.0 0.0 0.0 0.0 0.0 0.0 0.0 0.0 0.0
0.33467316137244063 0.3610260531480559 0.38737894492367114 0.41373183669928637 0.44008472847490165 0.45247843387597414 0.44994945338723963 0.4474204728985052 0.44489149240977066 0.4423625119210362 0.4398335314323017 0.4373045509435629 0.4347755704548284 0.4322465899660939 0.42971760947735943 0.4271886289886249 0.42465964849989046 0.41356792172151974 0.3933224255148265 0.37307692930813324 0.35283143310144 0.33258593689474675 0.3123404406880535 0.29209494448136025 0.2718494482746324 0.2516039520679392 0.23135845586124595 0.2111129596545527 0.19086746344785946 0.1731408270166251 0.15810690865402435 0.14307299029142362 0.12803907192882286 0.11300515356622212 0.09797123520362139 0.08293731684102064 0.0679033984784199 0.05286948011579351 0.037835561753192776 0.02280164339059204 0.007767725027991307 0.0 0.0 0.0 0.0 0.0 0.0 0.0 0.0 0.0 0.0 0.0 0.0
0.37751122356287026 0.40623850241342896 0.4349657812639877 0.4636930601145465 0.49242033896510523 0.5069931734574256 0.5064345868600505 0.5058760002626755 0.5053174136653005 0.5047588270679255 0.5042002404705505 0.5036416538731745 0.5030830672757995 0.5025244806784245 0.5019658940810495 0.5014073074836746 0.5008487208862995 0.48899055123569535 0.4650528717635014 0.4411151922913075 0.41717751281911364 0.39323983334691975 0.36930215387472587 0.34536447440253193 0.32142679493029724 0.29748911545810336 0.2735514359859095 0.2496137565137156 0.2256760770415217 0.20471662331024118 0.18694096025407517 0.16916529719790913 0.1513896341417431 0.1336139710855771 0.11583830802941109 0.09806264497324506 0.08028698191707903 0.06251131886088271 0.044735655804716695 0.026959992748550654 0.00918432969238464 0.0 0.0 0.0 0.0 0.0 0.0 0.0 0.0 0.0 0.0 0.0 0.0
0.42034928575329983 0.45145095167880206 0.4825526176043043 0.5136542835298065 0.5447559494553087 0.5615079130388768 0.5629197203328613 0.5643315276268458 0.5657433349208303 0.5671551422148148 0.5685669495087993 0.5699787568027861 0.5713905640967706 0.5728023713907551 0.5742141786847396 0.575625985978724 0.5770377932727085 0.5644131807498709 0.5367833180121764 0.5091534552744819 0.48152359253678734 0.4538937297990928 0.4262638670613983 0.39863400432370377 0.37100414158596207 0.34337427884826754 0.3157444161105731 0.28811455337287856 0.26048469063518404 0.23629241960385727 0.21577501185412598 0.1952576041043947 0.17474019635466337 0.1542227886049321 0.13370538085520078 0.11318797310546949 0.0926705653557382 0.07215315760597191 0.051635749856240615 0.031118342106509322 0.010600934356778002 0.0 0.0 0.0 0.0 0.0 0.0 0.0 0.0 0.0 0.0 0.0 0.0
0.4631873479437295 0.49666340094417527 0.5301394539446209 0.5636155069450667 0.5970915599455123 0.6160226526203282 0.6194048538056721 0.6227870549910162 0.6261692561763601 0.629551457361704 0.6329336585470481 0.6363158597323978 0.6396980609177417 0.6430802621030858 0.6464624632884297 0.6498446644737736 0.6532268656591177 0.6398358102640465 0.6085137642608512 0.5771917182576561 0.5458696722544609 0.5145476262512658 0.4832255802480706 0.4519035342448755 0.4205814882416269 0.38925944223843173 0.35793739623523657 0.3266153502320414 0.29529330422884625 0.26786821589747334 0.24460906345417677 0.2213499110108802 0.19809075856758362 0.17483160612428705 0.15157245368099048 0.1283133012376939 0.10505414879439734 0.0817949963510611 0.058535843907764534 0.03527669146446796 0.01201753902117142 0.0 0.0 0.0 0.0 0.0 0.0 0.0 0.0 0.0 0.0 0.0 0.0
0.5060254101341591 0.5418758502095483 0.5777262902849375 0.6135767303603268 0.649427170435716 0.6705373922017795 0.675889987278483 0.6812425823551864 0.6865951774318899 0.6919477725085934 0.6973003675852969 0.7026529626620094 0.7080055577387129 0.7133581528154164 0.7187107478921198 0.7240633429688232 0.7294159380455267 0.715258439778222 0.6802442105095262 0.6452299812408304 0.6102157519721346 0.5752015227034388 0.540187293434743 0.5051730641660472 0.4701588348972917 0.4351446056285959 0.4001303763599001 0.3651161470912043 0.33010191782250853 0.29944401219108946 0.27344311505422764 0.24744221791736576 0.2214413207805039 0.19544042364364206 0.1694395265067802 0.14343862936991836 0.11743773223305651 0.0914368350961503 0.06543593795928845 0.039435040822426604 0.013434143685564726 0.0 0.0 0.0 0.0 0.0 0.0 0.0 0.0 0.0 0.0 0.0 0.0
0.5488634723246253 0.58708829947496 0.6253131266252947 0.6635379537756294 0.7017627809259641 0.7250521317832774 0.732375120751342 0.7396981097194066 0.7470210986874712 0.7543440876555358 0.7616670766236006 0.7689900655916776 0.7763130545597422 0.7836360435278069 0.7909590324958715 0.7982820214639361 0.8056050104320007 0.7906810692924618 0.7519746567582622 0.7132682442240628 0.6745618316898632 0.6358554191556636 0.597149006621464 0.5584425940872644 0.5197361815529988 0.48102976901879924 0.44232335648459964 0.40361694395040004 0.3649105314162005 0.3310198084847325 0.30227716665430304 0.2735345248238736 0.2447918829934441 0.21604924116301463 0.18730659933258517 0.1585639575021557 0.12982131567172625 0.10107867384124775 0.07233603201081829 0.043593390180388825 0.014850748349959364 0.0 0.0 0.0 0.0 0.0 0.0 0.0 0.0 0.0 0.0 0.0 0.0
0.5917015345150549 0.6323007487403332 0.6728999629656114 0.7134991771908895 0.7540983914161677 0.7795668713647288 0.7888602542241528 0.798153637083577 0.807447019943001 0.8167404028024252 0.8260337856618493 0.8353271685212893 0.8446205513807133 0.8539139342401375 0.8632073170995616 0.8725006999589857 0.8817940828184098 0.8661036988066374 0.8237051030069372 0.7813065072072369 0.7389079114075368 0.6965093156078366 0.6541107198081364 0.6117121240084361 0.5693135282086637 0.5269149324089634 0.4845163366092632 0.44211774080956295 0.3997191450098627 0.36259560477834857 0.3311112182543538 0.2996268317303591 0.2681424452063643 0.23665805868236958 0.20517367215837484 0.1736892856343801 0.14220489911038536 0.11072051258633692 0.0792361260623422 0.04775173953834744 0.016267353014352726 0.0 0.0 0.0 0.0 0.0 0.0 0.0 0.0 0.0 0.0 0.0 0.0
0.8154240952411572 0.8189683725437699 0.8225126498463826 0.8260569271489954 0.829601204451608 0.8374068005601878 0.8497678428324309 0.8621288851046741 0.8744899273769172 0.8868509696491604 0.8992120119214035 0.9115730541936677 0.923934096465911 0.9362951387381541 0.9486561810103973 0.9610172232826404 0.9733782655548835 0.9567877711473932 0.9092474292963716 0.86170708744535 0.8141667455943284 0.7666264037433068 0.7190860618922852 0.6715457200412636 0.6240053781901609 0.5764650363391393 0.5289246944881176 0.48138435263709606 0.4338440107860745 0.3941031752455426 0.3627001883511709 0.3312972014567992 0.29989421456242754 0.26849122766805583 0.23708824077368415 0.20568525387931247 0.17428226698494076 0.14287928009051554 0.11147629319614383 0.08007330630177212 0.048670319407400464 0.03400406871184239 0.0372297675793632 0.04045546644688401 0.04368116531440482 0.046906864181925634 0.050132563049446445 0.053358261916967256 0.05658396078448807 0.05980965965200888 0.06303535851953519 0.06626105738705601 0.06948675625457681
1.2325007818463547 1.1568426605185327 1.0811845391907107 1.0055264178628887 0.9298682965350665 0.8988011478312893 0.9154027571865864 0.9320043665418833 0.9486059758971804 0.9652075852524775 0.9818091946077745 0.9984108039630999 1.0150124133183969 1.031614022673694 1.048215632028991 1.064817241384288 1.0814188507395852 1.0637853637802441 1.0095537846410723 0.9553222055019002 0.9010906263627282 0.8468590472235562 0.7926274680843841 0.7383958889452121 0.6841643098059476 0.6299327306667757 0.5757011515276036 0.5214695723884316 0.46723799324925963 0.425537816605284 0.39723399264949555 0.3689301686937071 0.34062634473791864 0.3123225207821302 0.28401869682634173 0.2557148728705533 0.2274110489147648 0.19910722495892805 0.17080340100313962 0.14249957704735117 0.11419575309156271 0.10435634324196487 0.11425580971660426 0.12415527619124365 0.13405474266588305 0.14395420914052243 0.15385367561516183 0.1637531420898012 0.1736526085644406 0.18355207503908 0.19345154151373628 0.20335100798837566 0.21325047446301504
1.6495774684515527 1.4947169484932958 1.3398564285350387 1.1849959085767818 1.0301353886185247 0.9601954951023907 0.9810376715407416 1.0018798479790927 1.0227220244174435 1.0435642008557946 1.0644063772941454 1.085248553732532 1.1060907301708829 1.126932906609234 1.1477750830475848 1.1686172594859356 1.1894594359242867 1.1707829564130952 1.1098601399857728 1.0489373235584503 0.9880145071311279 0.9270916907038056 0.8661688742764831 0.8052460578491607 0.7443232414217344 0.683400424994412 0.6224776085670897 0.5615547921397672 0.5006319757124448 0.45697245796502534 0.43176779694782014 0.4065631359306149 0.3813584749134097 0.3561538138962045 0.33094915287899923 0.305744491861794 0.2805398308445888 0.25533516982734056 0.23013050881013533 0.2049258477929301 0.1797211867757249 0.17470861777208735 0.19128185185384533 0.20785508593560328 0.22442832001736127 0.24100155409911922 0.2575747881808772 0.2741480222626352 0.29072125634439316 0.3072944904261511 0.3238677245079373 0.3404409585896953 0.3570141926714533
2.0666541550567503 1.8325912364680588 1.5985283178793668 1.3644653992906752 1.1304024807019837 1.0215898423734922 1.0466725858948969 1.0717553294163018 1.0968380729377065 1.1219208164591115 1.1470035599805164 1.172086303501964 1.1971690470233687 1.2222517905447736 1.2473345340661783 1.2724172775875833 1.2975000211089882 1.277780549045946 1.2101664953304732 1.1425524416150004 1.0749383878995276 1.0073243341840548 0.939710280468582 0.8720962267531092 0.8044821730375211 0.7368681193220483 0.6692540656065755 0.6016400118911027 0.5340259581756299 0.4884070993247667 0.4663016012461447 0.4441961031675227 0.4220906050889007 0.3999851070102788 0.37787960893165673 0.3557741108530348 0.33366861277441273 0.31156311469575304 0.2894576166171311 0.26735211853850904 0.2452466204598871 0.24506089230220984 0.2683078939910864 0.29155489567996296 0.31480189736883946 0.338048899057716 0.36129590074659257 0.3845429024354691 0.4077899041243457 0.43103690581322224 0.45428390750213843 0.47753090919101493 0.5007779108798915
2.483730841662303 2.170465524443109 1.857200207223915 1.5439348900047212 1.2306695727855272 1.082984189644646 1.1123075002491083 1.1416308108535707 1.170954121458033 1.2002774320624954 1.2296007426669577 1.25892405327147 1.2882473638759324 1.3175706744803948 1.3468939850848574 1.3762172956893197 1.405540606293782 1.3847781416788882 1.3104728506752594 1.2361675596716304 1.1618622686680016 1.0875569776643725 1.0132516866607437 0.9389463956571147 0.8646411046533591 0.7903358136497302 0.7160305226461012 0.6417252316424723 0.5674199406388434 0.5198417406845349 0.5008354055444988 0.48182907040446266 0.4628227352644265 0.4438164001243904 0.42481006498435425 0.4058037298443181 0.38679739470428204 0.3677910595642135 0.3487847244241774 0.32977838928414127 0.31077205414410514 0.31541316683239223 0.3453339361283931 0.3752547054243939 0.4051754747203947 0.4350962440163955 0.4650170133123963 0.49493778260839716 0.524858551904398 0.5547793212003989 0.5847000904964506 0.6146208597924514 0.6445416290884523
2.9008075282675008 2.508339812417872 2.115872096568243 1.7234043807186143 1.330936664868986 1.1443785369157475 1.1779424146032638 1.21150629229078 1.2450701699782962 1.2786340476658125 1.3121979253533287 1.3457618030409022 1.3793256807284187 1.4128895584159347 1.4464534361034511 1.4800173137909673 1.5135811914784836 1.4917757343117393 1.41077920601996 1.3297826777281807 1.2487861494364014 1.167789621144622 1.0867930928528426 1.0057965645610634 0.9248000362691459 0.8438035079773666 0.7628069796855872 0.6818104513938079 0.6008139231020285 0.5512763820442763 0.5353692098428234 0.5194620376413706 0.5035548654399176 0.4876476932384647 0.4717405210370118 0.4558333488355589 0.439926176634106 0.42401900443262597 0.4081118322311731 0.3922046600297202 0.3762974878282673 0.38576544136251467 0.4223599782656341 0.45895451516875346 0.49554905207187283 0.5321435889749923 0.5687381258781117 0.6053326627812311 0.6419271996843505 0.6785217365874698 0.7151162734906517 0.7517108103937711 0.7883053472968904
3.317884214872698 2.8462141003926344 2.374543985912571 1.902873871432507 1.4312037569524438 1.205772884186849 1.243577328957419 1.2813817737279891 1.3191862184985594 1.3569906632691295 1.3947951080396996 1.4325995528103344 1.4704039975809045 1.5082084423514748 1.5460128871220449 1.583817331892615 1.621621776663185 1.5987733269445903 1.5110855613646605 1.4233977957847308 1.335710030204801 1.2480222646248713 1.1603344990449416 1.072646733465012 0.9849589678849326 0.8972712023050029 0.8095834367250732 0.7218956711451434 0.6342079055652137 0.5827110234040177 0.5699030141411481 0.5570950048782783 0.5442869956154087 0.5314789863525391 0.5186709770896694 0.5058629678267997 0.49305495856393 0.4802469493010385 0.4674389400381688 0.45463093077529915 0.4418229215124295 0.45611771589263717 0.4993860204028751 0.542654324913113 0.585922629423351 0.629190933933589 0.672459238443827 0.715727542954065 0.7589958474643029 0.8022641519745408 0.8455324564848526 0.8888007609950905 0.9320690655053285
3.734960901477896 3.184088388367398 2.6332158752568997 2.0823433621464016 1.5314708490359035 1.2671672314579503 1.3092122433115743 1.3512572551651985 1.3933022670188224 1.4353472788724464 1.4773922907260706 1.5194373025797663 1.5614823144333903 1.6035273262870144 1.6455723381406384 1.6876173499942626 1.7296623618478866 1.705770919577441 1.6113919167093609 1.517012913841281 1.4226339109732007 1.3282549081051207 1.2338759052370405 1.1394969023689603 1.0451178995007193 0.9507388966326392 0.856359893764559 0.7619808908964789 0.6676018880283989 0.6141456647637591 0.6044368184394726 0.5947279721151861 0.5850191257908998 0.5753102794666133 0.5656014331423268 0.5558925868180404 0.546183740493754 0.5364748941694509 0.5267660478451646 0.5170572015208781 0.5073483551965916 0.5264699904227595 0.5764120625401161 0.6263541346574727 0.6762962067748293 0.7262382788921858 0.7761803510095424 0.826122423126899 0.8760644952442556 0.9260065673616121 0.9759486394790539 1.0258907115964104 1.075832783713767
4.152037588083092 3.5219626763421594 2.8918877646012264 2.2618128528602934 1.6317379411193604 1.328561578729052 1.3748471576657297 1.4211327366024078 1.4674183155390856 1.5137038944757637 1.5599894734124415 1.6062750523491984 1.6525606312858765 1.6988462102225543 1.7451317891592324 1.7914173680959102 1.837702947032588 1.8127685122102921 1.7116982720540614 1.610628031897831 1.5095577917416005 1.4084875515853699 1.3074173114291394 1.206347071272909 1.105276831116506 1.0042065909602755 0.903136350804045 0.8020661106478144 0.700995870491584 0.6455803061235005 0.6389706227377973 0.632360939352094 0.6257512559663908 0.6191415725806876 0.6125318891949845 0.6059222058092812 0.599312522423578 0.5927028390378635 0.5860931556521602 0.579483472266457 0.5728737888807538 0.596822264952882 0.6534381046773572 0.7100539444018323 0.7666697841263075 0.8232856238507826 0.8799014635752577 0.9365173032997328 0.9931331430242079 1.049748982748683 1.1063648224732547 1.1629806621977297 1.2195965019222048
4.569114274688291 3.859836964316923 3.150559653945555 2.441282343574187 1.7320050332028192 1.3899559260001533 1.4404820720198852 1.491008218039617 1.5415343640593488 1.5920605100790808 1.6425866560988125 1.6931128021186306 1.7436389481383623 1.7941650941580942 1.8446912401778262 1.895217386197558 1.9457435322172898 1.919766104843143 1.812004627398762 1.704243149954381 1.5964816725100002 1.4887201950656193 1.3809587176212383 1.2731972401768574 1.1654357627322927 1.0576742852879117 0.9499128078435308 0.8421513303991499 0.734389852954769 0.6770149474832419 0.6735044270361218 0.6699939065890018 0.6664833861418819 0.6629728656947619 0.6594623452476419 0.6559518248005219 0.652441304353402 0.648930783906276 0.645420263459156 0.6419097430120361 0.6383992225649161 0.6671745394830045 0.7304641468145983 0.793753754146192 0.8570433614777857 0.9203329688093793 0.9836225761409731 1.0469121834725668 1.1102017908041604 1.1734913981357542 1.236781005467456 1.3000706127990496 1.3633602201306432
4.986190961293489 4.197711252291686 3.4092315432898834 2.6207518342880807 1.8322721252862788 1.4513502732712547 1.5061169863740405 1.5608836994768263 1.6156504125796118 1.6704171256823976 1.7251838387851834 1.7799505518880625 1.8347172649908483 1.8894839780936339 1.9442506911964197 1.9990174042992055 2.053784117401991 2.0267636974759937 1.9123109827434623 1.7978582680109312 1.6834055532783998 1.5689528385458686 1.4545001238133373 1.3400474090808059 1.2255946943480795 1.1111419796155482 0.9966892648830168 0.8822365501504854 0.7677838354179543 0.7084495888429833 0.7080382313344464 0.7076268738259097 0.707215516317373 0.7068041588088362 0.7063928013002995 0.7059814437917626 0.7055700862832259 0.7051587287746884 0.7047473712661517 0.7043360137576149 0.7039246562490782 0.7375268140131269 0.8074901889518392 0.8774535638905515 0.9474169388292638 1.0173803137679762 1.0873436887066883 1.1573070636454006 1.2272704385841129 1.2972338135228254 1.367197188461657 1.437160563400369 1.5071239383390815
