Figures/CREST_Example_wjb_NSE/Rolling_result/20100722/BJP_forecast/ens_31/wjb.rain.20100724.asc
ncols            288
nrows            254
xllcorner        113.274861
yllcorner        31.4918055
cellsize         0.008333333333
NODATA_value     -9999
[rows 116 to 144 of 254, columns 192 to 255 of 288]
0.0 0.0 0.0 0.0 0.0 0.0 0.0 0.0 0.0 0.0 0.0 0.0 0.0 0.0 0.0 0.0 0.0 0.0 0.0 0.0 0.0 0.0 0.0 0.0 0.0 0.0 0.0 0.0 0.0 0.0 0.0 0.0 0.0 0.0 0.0 0.0 0.0 0.0 0.0 1.0887541590001613 1.0887541590001613 1.0887541590001613 1.0887541590001613 1.0887541590001613 1.0887541590001613 1.0887541590001613 1.0887541590001613 1.0887541590001613 1.0887541590001613 1.0887541590001613 1.0887541590001613 1.0887541590001613 1.0887541590001613 1.0887541590001613 1.0887541590001613 1.0887541590001613 1.0887541590001613 1.0887541590001613 1.0887541590001613 1.0887541590001613 1.0887541590001613 1.0887541590001613 1.0887541590001613 1.0887541590001613
0.0 0.0 0.0 0.0 0.0 0.0 0.0 0.0 0.0 0.0 0.0 0.0 0.0 0.0 0.0 0.0 0.0 0.0 0.0 0.0 0.0 0.0 0.0 0.0 0.0 0.0 0.0 0.0 0.0 0.0 0.0 0.0 0.0 0.0 0.0 0.0 0.0 0.0 0.0 1.0887541590001613 1.0887541590001613 1.0887541590001613 1.0887541590001613 1.0887541590001613 1.0887541590001613 1.0887541590001613 1.0887541590001613 1.0887541590001613 1.0887541590001613 1.0887541590001613 1.0887541590001613 1.0887541590001613 1.0887541590001613 1.0887541590001613 1.0887541590001613 1.0887541590001613 1.0887541590001613 1.0887541590001613 1.0887541590001613 1.0887541590001613 1.0887541590001613 1.0887541590001613 1.0887541590001613 1.0887541590001613
0.0 0.0 0.0 0.0 0.0 0.0 0.0 0.0 0.0 0.0 0.0 0.0 0.0 0.0 0.0 0.0 0.0 0.0 0.0 0.0 0.0 0.0 0.0 0.0 0.0 0.0 0.0 0.0 0.0 0.0 0.0 0.0 0.0 0.0 0.0 0.0 0.0 0.0 0.0 1.0887541590001613 1.0887541590001613 1.0887541590001613 1.0887541590001613 1.0887541590001613 1.0887541590001613 1.0887541590001613 1.0887541590001613 1.0887541590001613 1.0887541590001613 1.0887541590001613 1.0887541590001613 1.0887541590001613 1.0887541590001613 1.0887541590001613 1.0887541590001613 1.0887541590001613 1.0887541590001613 1.0887541590001613 1.0887541590001613 1.0887541590001613 1.0887541590001613 1.0887541590001613 1.0887541590001613 1.0887541590001613
0.0 0.0 0.0 0.0 0.0 0.0 0.0 0.0 0.0 0.0 0.0 0.0 0.0 0.0 0.0 0.0 0.0 0.0 0.0 0.0 0.0 0.0 0.0 0.0 0.0 0.0 0.0 0.0 0.0 0.0 0.0 0.0 0.0 0.0 0.0 0.0 0.0 0.0 0.0 1.0887541590001613 1.0887541590001613 1.0887541590001613 1.0887541590001613 1.0887541590001613 1.0887541590001613 1.0887541590001613 1.0887541590001613 1.0887541590001613 1.0887541590001613 1.0887541590001613 1.0887541590001613 1.0887541590001613 1.0887541590001613 1.0887541590001613 1.0887541590001613 1.0887541590001613 1.0887541590001613 1.0887541590001613 1.0887541590001613 1.0887541590001613 1.0887541590001613 1.0887541590001613 1.0887541590001613 1.0887541590001613
0.0 0.0 0.0 0.0 0.0 0.0 0.0 0.0 0.0 0.0 0.0 0.0 0.0 0.0 0.0 0.0 0.0 0.0 0.0 0.0 0.0 0.0 0.0 0.0 0.0 0.0 0.0 0.0 0.0 0.0 0.0 0.0 0.0 0.0 0.0 0.0 0.0 0.0 0.0 1.0887541590001613 1.0887541590001613 1.0887541590001613 1.0887541590001613 1.0887541590001613 1.0887541590001613 1.0887541590001613 1.0887541590001613 1.0887541590001613 1.0887541590001613 1.0887541590001613 1.0887541590001613 1.0887541590001613 1.0887541590001613 1.0887541590001613 1.0887541590001613 1.0887541590001613 1.0887541590001613 1.0887541590001613 1.0887541590001613 1.0887541590001613 1.0887541590001613 1.0887541590001613 1.0887541590001613 1.0887541590001613
0.0 0.0 0.0 0.007822603102626113 0.024007745924931302 0.04019288874723649 0.05637803156954168 0.07256317439184687 0.08874831721415205 0.10493346003645725 0.12111860285876243 0.13730374568106762 0.1534888885033728 0.169674031325678 0.18585917414798317 0.1931297243554149 0.19087037332764256 0.18861102229987411 0.18635167127210564 0.18409232024433717 0.1818329692165687 0.17957361818880022 0.17731426716103174 0.17505491613326327 0.17279556510549482 0.17053621407772634 0.16827686304995787 0.16037888797299948 0.14645309617846475 0.13252730438390625 0.11860151258937153 0.1046757207948368 0.09074992900030206 0.07682413720576732 0.06289834541123257 0.048972553616697834 0.0350467618221631 0.02112097002762836 0.007195178233093624 0.0 0.0 0.0 0.0 0.0 0.0 0.0 0.0 0.0 0.0 0.0 0.0 0.0 0.0 0.0 0.0 0.0 0.0 0.0 0.0 0.0 0.0 0.0 0.0 1.0887541590001613
0.0 0.0 0.0 0.024007075764801714 0.07367825873313806 0.12334944170147442 0.17302062466981077 0.22269180763814714 0.2723629906064835 0.32203417357481984 0.3717053565431562 0.42137653951149256 0.4710477224798289 0.5207189054481652 0.5703900884165016 0.5927029486487959 0.5857691427799027 0.5788353369110211 0.5719015310421396 0.5649677251732581 0.5580339193043766 0.5511001134354951 0.5441663075666137 0.5372325016977321 0.5302986958288506 0.5233648899599691 0.5164310840910876 0.4921926964887046 0.44945531938925587 0.4067179422897342 0.36398056519028543 0.32124318809083663 0.2785058109913878 0.23576843389193902 0.19303105679249027 0.15029367969304147 0.10755630259359267 0.06481892549414392 0.022081548394695116 0.0 0.0 0.0 0.0 0.0 0.0 0.0 0.0 0.0 0.0 0.0 0.0 0.0 0.0 0.0 0.0 0.0 0.0 0.0 0.0 0.0 0.0 0.0 0.0 1.0887541590001613
0.0 0.0 0.0 0.040191548426977336 0.1233487715413449 0.20650599465571245 0.28966321777008003 0.3728204408844476 0.4559776639988152 0.5391348871131827 0.6222921102275503 0.7054493333419178 0.7886065564562854 0.871763779570653 0.9549210026850206 0.9922761729421774 0.980667912232163 0.9690596515221684 0.9574513908121738 0.9458431301021791 0.9342348693921846 0.9226266086821899 0.9110183479721954 0.8994100872622007 0.8878018265522062 0.8761935658422115 0.864585305132217 0.8240065050044094 0.7524575426000466 0.6809085801955618 0.6093596177911991 0.5378106553868363 0.46626169298247344 0.3947127305781106 0.3231637681737479 0.2516148057693851 0.1800658433650223 0.10851688096065948 0.036967918556296775 0.0 0.0 0.0 0.0 0.0 0.0 0.0 0.0 0.0 0.0 0.0 0.0 0.0 0.0 0.0 0.0 0.0 0.0 0.0 0.0 0.0 0.0 0.0 0.0 1.0887541590001613
0.0 0.0 0.0 0.05637602108916676 0.1730192843495941 0.2896625476100214 0.40630581087044876 0.5229490741308761 0.6395923373913035 0.7562356006517308 0.8728788639121582 0.9895221271725855 1.1061653904330129 1.2228086536934402 1.3394519169538674 1.3918493972358998 1.3755666816847603 1.3592839661336487 1.3430012505825368 1.3267185350314252 1.3104358194803134 1.2941531039292018 1.27787038837809 1.2615876728269784 1.2453049572758665 1.229022241724755 1.2127395261736433 1.155820313520397 1.0554597658110958 0.9550992181016232 0.8547386703923219 0.7543781226830205 0.6540175749737192 0.5536570272644178 0.4532964795551164 0.35293593184581507 0.2525753841365137 0.15221483642721223 0.05185428871791098 0.0 0.0 0.0 0.0 0.0 0.0 0.0 0.0 0.0 0.0 0.0 0.0 0.0 0.0 0.0 0.0 0.0 0.0 0.0 0.0 0.0 0.0 0.0 0.0 1.0887541590001613
0.0 0.0 0.0 0.07256049375134237 0.22268979715780085 0.3728191005642594 0.5229484039707178 0.6730777073771763 0.8232070107836349 0.9733363141900934 1.1234656175965518 1.2735949210030104 1.4237242244094688 1.5738535278159274 1.723982831222386 1.7914226215292808 1.7704654511370204 1.7495082807447957 1.7285511103525708 1.7075939399603461 1.6866367695681215 1.6656795991758966 1.644722428783672 1.6237652583914473 1.6028080879992224 1.5818509176069977 1.560893747214773 1.4876341220361022 1.3584619890218868 1.2292898560074512 1.1001177229932357 0.9709455899790203 0.8417734569648049 0.7126013239505895 0.583429190936374 0.45425705792215876 0.3250849249079433 0.1959127918937278 0.0667406588795123 0.0 0.0 0.0 0.0 0.0 0.0 0.0 0.0 0.0 0.0 0.0 0.0 0.0 0.0 0.0 0.0 0.0 0.0 0.0 0.0 0.0 0.0 0.0 0.0 1.0887541590001613
0.0 0.0 0.0 0.08874496641351798 0.2723603099660077 0.4559756535184974 0.6395909970709871 0.8232063406234768 1.0068216841759665 1.1904370277284562 1.3740523712809458 1.5576677148334357 1.7412830583859253 1.924898401938415 2.108513745490905 2.190995845822662 2.165364220589281 2.1397325953559427 2.114100970122605 2.0884693448892673 2.0628377196559295 2.0372060944225914 2.0115744691892536 1.985942843955916 1.960311218722578 1.93467959348924 1.9090479682559023 1.819447930551807 1.6614642122326775 1.5034804939132786 1.3454967755941492 1.1875130572750199 1.0295293389558906 0.8715456206367611 0.7135619023176316 0.5555781839985021 0.39759446567937284 0.23961074736024335 0.08162702904111385 0.0 0.0 0.0 0.0 0.0 0.0 0.0 0.0 0.0 0.0 0.0 0.0 0.0 0.0 0.0 0.0 0.0 0.0 0.0 0.0 0.0 0.0 0.0 0.0 1.0887541590001613
0.0 0.0 0.0 0.1049294390756936 0.3220308227742145 0.5391322064727354 0.7562335901712564 0.9733349738697772 1.1904363575682981 1.407537741266819 1.62463912496534 1.841740508663861 2.058841892362382 2.275943276060903 2.4930446597594234 2.5905690701160435 2.560262990041541 2.52995690996709 2.499650829892639 2.4693447498181884 2.4390386697437374 2.4087325896692864 2.3784265095948354 2.3481204295203844 2.3178143494459333 2.2875082693714823 2.2572021892970318 2.1512617390675115 1.9644664354434682 1.7776711318191063 1.5908758281950628 1.4040805245710195 1.217285220946976 1.0304899173229325 0.843694613698889 0.6568993100748457 0.4701040064508022 0.2833087028267587 0.09651339920271518 0.0 0.0 0.0 0.0 0.0 0.0 0.0 0.0 0.0 0.0 0.0 0.0 0.0 0.0 0.0 0.0 0.0 0.0 0.0 0.0 0.0 0.0 0.0 0.0 1.0887541590001613
0.0 0.0 0.0 0.1211139117378692 0.3717013355824213 0.6222887594269734 0.8728761832715255 1.1234636071160775 1.3740510309606295 1.6246384548051818 1.8752258786497338 2.125813302494286 2.376400726338838 2.62698815018339 2.8775755740279423 2.990142294409425 2.955161759493801 2.9201812245782373 2.885200689662673 2.850220154747109 2.8152396198315452 2.7802590849159814 2.745278550000417 2.7102980150848532 2.6753174801692894 2.6403369452537255 2.6053564103381612 2.483075547583217 2.267468658654259 2.051861769724934 1.8362548807959769 1.6206479918670194 1.4050411029380618 1.1894342140091043 0.973827325080147 0.7582204361511895 0.5426135472222322 0.32700665829327447 0.11139976936431717 0.0 0.0 0.0 0.0 0.0 0.0 0.0 0.0 0.0 0.0 0.0 0.0 0.0 0.0 0.0 0.0 0.0 0.0 0.0 0.0 0.0 0.0 0.0 0.0 1.0887541590001613
0.0 0.0 0.0 0.13729838440004483 0.42137184839062813 0.7054453123812114 0.9895187763717946 1.273592240362378 1.5576657043529611 1.8417391683435445 2.125812632334128 2.409886096324711 2.6939595603152946 2.9780330243058777 3.2621064882964608 3.3897155187028063 3.3500605289460617 3.3104055391893845 3.2707505494327074 3.2310955596760302 3.191440569919353 3.151785580162676 3.112130590405999 3.072475600649322 3.032820610892645 2.993165621135968 2.9535106313792907 2.8148893560989214 2.57047088186505 2.326052407630762 2.0816339333968905 1.8372154591630188 1.5927969849291472 1.348378510695276 1.1039600364614044 0.8595415622275331 0.6151230879936613 0.37070461375979 0.12628613952591827 0.0 0.0 0.0 0.0 0.0 0.0 0.0 0.0 0.0 0.0 0.0 0.0 0.0 0.0 0.0 0.0 0.0 0.0 0.0 0.0 0.0 0.0 0.0 0.0 1.0887541590001613
0.0 0.0 0.0 0.15348285706222045 0.4710423611988349 0.7886018653354494 1.106161369472064 1.4237208736086784 1.741280377745293 2.0588398818819074 2.3763993860185217 2.6939588901551366 3.011518394291751 3.3290778984283653 3.6466374025649797 3.7892887429961877 3.7449592983983218 3.7006298538005318 3.656300409202742 3.6119709646049514 3.5676415200071614 3.5233120754093714 3.478982630811581 3.434653186213791 3.390323741616001 3.3459942970182106 3.3016648524204206 3.146703164614627 2.873473105075841 2.6002430455365895 2.327012985997804 2.053782926459019 1.780552866920233 1.5073228073814475 1.234092747842662 0.9608626883038767 0.6876326287650909 0.4144025692263056 0.14117250968751982 0.0 0.0 0.0 0.0 0.0 0.0 0.0 0.0 0.0 0.0 0.0 0.0 0.0 0.0 0.0 0.0 0.0 0.0 0.0 0.0 0.0 0.0 0.0 0.0 1.0887541590001613
0.0 0.0 0.0 0.16966732972440984 0.5207128740070841 0.8717584182897583 1.2228039625724325 1.5738495068551068 1.924895051137781 2.2759405954204555 2.6269861397031296 2.9780316839858036 3.3290772282684777 3.6801227725511523 4.031168316833827 4.18886196728991 4.139858067850919 4.090854168412012 4.041850268973104 3.992846369534197 3.94384247009529 3.8948385706563826 3.8458346712174754 3.7968307717785685 3.7478268723396613 3.698822972900754 3.6498190734618468 3.4785169731306143 3.1764753282868905 2.874433683442651 2.572392038598927 2.270350393755203 1.9683087489114788 1.6662671040677548 1.3642254592240306 1.0621838143803064 0.7601421695365826 0.45810052469285845 0.15605887984913425 0.0 0.0 0.0 0.0 0.0 0.0 0.0 0.0 0.0 0.0 0.0 0.0 0.0 0.0 0.0 0.0 0.0 0.0 0.0 0.0 0.0 0.0 0.0 0.0 1.0887541590001613
0.0 0.0 0.0 0.18585180238658544 0.5703833868152908 0.9549149712439962 1.3394465556727015 1.723978140101407 2.1085097245301125 2.493041308958818 2.8775728933875233 3.2621044778162287 3.6466360622449336 4.031167646673639 4.415699231102344 4.588435191583291 4.534756837303179 4.4810784830231585 4.427400128743138 4.373721774463118 4.320043420183097 4.266365065903077 4.212686711623057 4.159008357343037 4.105330003063017 4.051651648782997 3.9979732945029762 3.810330781646319 3.479477551497681 3.148624321348479 2.8177710911998406 2.486917861051203 2.1560646309025646 1.8252114007539264 1.4943581706052882 1.1635049404566504 0.8326517103080122 0.501798480159374 0.1709452500107358 0.0 0.0 0.0 0.0 0.0 0.0 0.0 0.0 0.0 0.0 0.0 0.0 0.0 0.0 0.0 0.0 0.0 0.0 0.0 0.0 0.0 0.0 0.0 0.0 1.0887541590001613
0.0 0.0 0.0 0.19225481603023042 0.5900343805693893 0.9878139451085481 1.385593509647707 1.7833730741868659 2.181152638726025 2.578932203265184 2.9767117678043427 3.3744913323435015 3.7722708968826604 4.17005046142182 4.567830025960978 4.746273170195132 4.69024071772031 4.634208265245582 4.578175812770855 4.522143360296128 4.466110907821401 4.410078455346674 4.3540460028719465 4.2980135503972186 4.2419810979224915 4.185948645447764 4.129916192973037 3.935792133728434 3.594045021664051 3.252297909599085 2.910550797534702 2.5688036854703187 2.2270565734059358 1.8853094613415524 1.5435623492771695 1.2018152372127866 0.8600681251484033 0.5183210130840203 0.176573901019637 0.0 0.0 0.0 0.0 0.0 0.0 0.0 0.0 0.0 0.0 0.0 0.0 0.0 0.0 0.0 0.0 0.0 0.0 0.0 0.0 0.0 0.0 0.0 0.0 0.0
0.0 0.0 0.0 0.18820206661147448 0.5775964009011837 0.966990735190893 1.3563850694806021 1.7457794037703114 2.1351737380600206 2.5245680723497297 2.913962406639439 3.303356740929148 3.6927510752188577 4.082145409508566 4.471539743798276 4.645711410292594 4.5898051746015485 4.533898938910599 4.477992703219649 4.422086467528699 4.366180231837749 4.310273996146799 4.254367760455849 4.198461524764899 4.142555289073949 4.086649053382999 4.030742817692049 3.840675718452269 3.507187619853557 3.1736995212542762 2.840211422655565 2.5067233240568525 2.173235225458141 1.8397471268594292 1.5062590282607173 1.1727709296620055 0.8392828310632936 0.5057947324645817 0.17230663386586986 0.0 0.0 0.0 0.0 0.0 0.0 0.0 0.0 0.0 0.0 0.0 0.0 0.0 0.0 0.0 0.0 0.0 0.0 0.0 0.0 0.0 0.0 0.0 0.0 0.0
0.0 0.0 0.0 0.18414931719271854 0.5651584212329781 0.9461675252732377 1.3271766293134972 1.708185733353757 2.0891948373940163 2.470203941434276 2.8512130454745357 3.232222149514795 3.6132312535550546 3.9942403575953143 4.3752494616355735 4.545149650390056 4.489369631482788 4.433589612575615 4.3778095936684425 4.322029574761269 4.266249555854097 4.210469536946924 4.154689518039751 4.098909499132579 4.043129480225406 3.987349461318233 3.9315694424110603 3.745559303176103 3.4203302180430626 3.095101132909467 2.7698720477764267 2.4446429626433863 2.1194138775103455 1.794184792377305 1.4689557072442647 1.143726622111224 0.8184975369781835 0.4932684518451427 0.1680393667121023 0.0 0.0 0.0 0.0 0.0 0.0 0.0 0.0 0.0 0.0 0.0 0.0 0.0 0.0 0.0 0.0 0.0 0.0 0.0 0.0 0.0 0.0 0.0 0.0 0.0
0.0 0.0 0.0 0.18009656777396263 0.5527204415647726 0.9253443153555826 1.2979681891463926 1.6705920629372024 2.0432159367280125 2.4158398105188224 2.788463684309632 3.1610875581004425 3.5337114318912524 3.906335305682062 4.2789591794728725 4.444587890487518 4.388934088364028 4.333280286240632 4.277626484117237 4.221972681993841 4.166318879870445 4.11066507774705 4.055011275623654 3.9993574735002584 3.9437036713768627 3.888049869253467 3.8323960671300714 3.6504428878999375 3.333472816232568 3.0165027445646584 2.699532672897289 2.3825626012299197 2.0655925295625504 1.748622457895181 1.4316523862278117 1.1146823145604423 0.797712242893073 0.4807421712257036 0.16377209955833472 0.0 0.0 0.0 0.0 0.0 0.0 0.0 0.0 0.0 0.0 0.0 0.0 0.0 0.0 0.0 0.0 0.0 0.0 0.0 0.0 0.0 0.0 0.0 0.0 0.0
0.0 0.0 0.0 0.17604381835520325 0.5402824618965565 0.9045211054379096 1.2687597489792628 1.6329983925206162 1.9972370360619693 2.3614756796033225 2.725714323144676 3.089952966686029 3.454191610227382 3.818430253768735 4.182668897310089 4.344026130584894 4.288498545245182 4.232970959905563 4.177443374565945 4.1219157892263265 4.066388203886708 4.01086061854709 3.955333033207472 3.8998054478678537 3.8442778625282354 3.7887502771886172 3.7332226918489986 3.555326472623691 3.246615414422 2.9379043562197826 2.6291932980180914 2.3204822398164007 2.0117711816147095 1.7030601234130183 1.3943490652113275 1.0856380070096363 0.7769269488079451 0.46821589060625435 0.15950483240456315 0.0 0.0 0.0 0.0 0.0 0.0 0.0 0.0 0.0 0.0 0.0 0.0 0.0 0.0 0.0 0.0 0.0 0.0 0.0 0.0 0.0 0.0 0.0 0.0 0.0
0.0 0.0 0.0 0.1719910689364473 0.5278444822283509 0.8836978955202545 1.239551308812158 1.5954047221040615 1.951258135395965 2.307111548687869 2.6629649619797724 3.0188183752716755 3.374671788563579 3.7305252018554826 4.086378615147386 4.243464370682356 4.1880630021264205 4.13266163357058 4.077260265014739 4.021858896458897 3.9664575279030565 3.9110561593472153 3.8556547907913745 3.8002534222355333 3.744852053679692 3.689450685123851 3.63404931656801 3.4602100573475254 3.1597580126115057 2.8593059678749735 2.5588539231389538 2.258401878402934 1.957949833666914 1.6574977889308944 1.3570457441948744 1.0565936994588547 0.756141654722835 0.4556896099868153 0.15523756525079557 0.0 0.0 0.0 0.0 0.0 0.0 0.0 0.0 0.0 0.0 0.0 0.0 0.0 0.0 0.0 0.0 0.0 0.0 0.0 0.0 0.0 0.0 0.0 0.0 0.0
0.0 0.0 0.0 0.1679383195176914 0.5154065025601453 0.8628746856025993 1.2103428686450532 1.5578110516875072 1.9052792347299612 2.252747417772415 2.600215600814869 2.947683783857323 3.295151966899777 3.642620149942231 3.990088332984685 4.142902610779819 4.087627459007661 4.0323523072355965 3.9770771554635327 3.921802003691469 3.8665268519194047 3.811251700147341 3.755976548375277 3.700701396603213 3.645426244831149 3.5901510930590854 3.534875941287021 3.36509364207136 3.0729006108010113 2.780707579530165 2.488514548259816 2.1963215169894674 1.904128485719119 1.6119354544487705 1.3197424231784218 1.0275493919080732 0.7353563606377249 0.44316332936737624 0.15097029809702756 0.0 0.0 0.0 0.0 0.0 0.0 0.0 0.0 0.0 0.0 0.0 0.0 0.0 0.0 0.0 0.0 0.0 0.0 0.0 0.0 0.0 0.0 0.0 0.0 0.0
0.0 0.0 0.0 0.16388557009893545 0.5029685228919397 0.8420514756849441 1.1811344284779484 1.5202173812709527 1.859300334063957 2.198383286856961 2.5374662396499654 2.87654919244297 3.215632145235974 3.5547150980289786 3.893798050821983 4.04234085087728 3.9871919158888995 3.9320429809006128 3.8768940459123264 3.8217451109240397 3.766596175935753 3.711447240947466 3.6562983059591794 3.601149370970893 3.5460004359826063 3.4908515009943195 3.4357025660060327 3.2699772267951945 2.9860432089905173 2.7021091911853556 2.4181751733806784 2.1342411555760012 1.8503071377713238 1.5663731199666464 1.2824391021619692 0.998505084357292 0.7145710665526144 0.4306370487479372 0.14670303094325998 0.0 0.0 0.0 0.0 0.0 0.0 0.0 0.0 0.0 0.0 0.0 0.0 0.0 0.0 0.0 0.0 0.0 0.0 0.0 0.0 0.0 0.0 0.0 0.0 0.0
0.0 0.0 0.0 0.15983282068017957 0.49053054322373424 0.8212282657672889 1.1519259883108437 1.4826237108543983 1.813321433397953 2.144019155941508 2.4747168784850624 2.805414601028617 3.136112323572172 3.4668100461157265 3.797507768659281 3.9417790909747423 3.8867563727701393 3.8317336545656295 3.77671093636112 3.721688218156611 3.666665499952101 3.611642781747592 3.5566200635430825 3.5015973453385727 3.4465746271340634 3.3915519089295536 3.3365291907250443 3.174860811519029 2.899185807180023 2.623510802840547 2.347835798501541 2.072160794162535 1.796485789823529 1.5208107854845228 1.245135781145517 0.9694607768065109 0.6937857724675047 0.418110768128499 0.14243576378949285 0.0 0.0 0.0 0.0 0.0 0.0 0.0 0.0 0.0 0.0 0.0 0.0 0.0 0.0 0.0 0.0 0.0 0.0 0.0 0.0 0.0 0.0 0.0 0.0 0.0
0.0 0.0 0.0 0.15578007126142362 0.47809256355552865 0.8004050558496337 1.1227175481437388 1.4450300404378438 1.7673425327319487 2.0896550250260537 2.411967517320159 2.734280009614264 3.056592501908369 3.378904994202474 3.7012174864965792 3.8412173310722046 3.7863208296513786 3.7314243282306463 3.676527826809914 3.6216313253891816 3.5667348239684493 3.511838322547717 3.4569418211269847 3.4020453197062523 3.34714881828552 3.2922523168647877 3.2373558154440554 3.0797443962428632 2.8123284053695286 2.544912414495738 2.277496423622403 2.010080432749068 1.7426644418757335 1.4752484510023989 1.207832460129064 0.9404164692557293 0.6730004783823946 0.40558448750905995 0.13816849663572528 0.0 0.0 0.0 0.0 0.0 0.0 0.0 0.0 0.0 0.0 0.0 0.0 0.0 0.0 0.0 0.0 0.0 0.0 0.0 0.0 0.0 0.0 0.0 0.0 0.0
0.0 0.0 0.0 0.1517273218426677 0.46565458388732317 0.7795818459319785 1.0935091079766341 1.4074363700212895 1.721363632065945 2.0352908941106005 2.349218156155256 2.6631454181999112 2.9770726802445666 3.290999942289222 3.6049272043338774 3.7406555711696665 3.685885286532618 3.631115001895663 3.5763447172587077 3.521574432621753 3.4668041479847975 3.4120338633478426 3.3572635787108878 3.3024932940739324 3.2477230094369776 3.1929527248000222 3.1381824401630674 2.9846279809666982 2.7254710035590346 2.466314026150929 2.2071570487432655 1.948000071335602 1.6888430939279384 1.429686116520275 1.1705291391126114 0.9113721617049477 0.6522151842972841 0.3930582068896209 0.13390122948195726 0.0 0.0 0.0 0.0 0.0 0.0 0.0 0.0 0.0 0.0 0.0 0.0 0.0 0.0 0.0 0.0 0.0 0.0 0.0 0.0 0.0 0.0 0.0 0.0 0.0
0.0 0.0 0.0 0.1476745724239083 0.4532166042191069 0.7587586360143056 1.0643006678095042 1.3698426996047028 1.6753847313999015 1.9809267631951 2.2864687949902986 2.592010826785497 2.897552858580696 3.2030948903758945 3.5086369221710934 3.6400938112670427 3.5854497434137715 3.5308056755605937 3.4761616077074162 3.4215175398542383 3.3668734720010605 3.3122294041478826 3.2575853362947047 3.2029412684415273 3.1482972005883494 3.0936531327351715 3.039009064881994 2.889511565690451 2.638613601748466 2.387715637806053 2.136817673864068 1.8859197099220826 1.6350217459800973 1.3841237820381123 1.133225818096127 0.8823278541541417 0.6314298902121567 0.3805319262701712 0.12963396232818614 0.0 0.0 0.0 0.0 0.0 0.0 0.0 0.0 0.0 0.0 0.0 0.0 0.0 0.0 0.0 0.0 0.0 0.0 0.0 0.0 0.0 0.0 0.0 0.0 0.0
