Figures/CREST_Example_wjb_NSE/Rolling_result/20100722/BJP_forecast/ens_31/wjb.rain.20090920.asc
ncols            288
nrows            254
xllcorner        113.274861
yllcorner        31.4918055
cellsize         0.008333333333
NODATA_value     -9999
[rows 60 to 79 of 254, columns 0 to 43 of 288]
-9999.0 -9999.0 -9999.0 -9999.0 -9999.0 -9999.0 -9999.0 -9999.0 -9999.0 -9999.0 -9999.0 0.08254694809665386 0.07502547538201568 0.06750400266736467 0.05998252995272649 0.0666266041270356 0.0884139680145456 0.1102013319020556 0.1319886957895656 0.1537760596770756 0.1755634235645856 0.19735078745209558 0.2191381513396056 0.24092551522711558 0.2627128791146256 0.2845002430021356 0.30628760688968276 0.3175447020866073 0.3175447020866073 0.3175447020866073 0.3175447020866073 0.3175447020866073 0.3175447020866073 0.3175447020866073 0.3175447020866073 0.3175447020866073 0.3175447020866073 0.3175447020866073 0.3175447020866073 0.31608945676114397 0.3130785212936332 0.3100675858261224 0.3070566503586116 0.3040457148911009
-9999.0 -9999.0 -9999.0 -9999.0 -9999.0 -9999.0 -9999.0 -9999.0 -9999.0 0.101348443017096 0.09409920980619667 0.08684997659529733 0.07960074338439799 0.07235151017348629 0.06510227696258696 0.07169951154614837 0.09309893308089834 0.1144983546156483 0.13589777615039828 0.15729719768514824 0.1786966192198982 0.20009604075464818 0.22149546228939815 0.24289488382414812 0.2642943053588981 0.285693726893648 0.3070931484284345 0.3181498015701161 0.3181498015701161 0.3181498015701161 0.3181498015701161 0.3181498015701161 0.3181498015701161 0.3181498015701161 0.3181498015701161 0.3181498015701161 0.3181498015701161 0.3181498015701161 0.3181498015701161 0.3164260636589691 0.31285961096363873 0.30929315826830844 0.3057267055729781 0.3021602528776478
-9999.0 -9999.0 -9999.0 -9999.0 -9999.0 -9999.0 -9999.0 -9999.0 -9999.0 0.10296808270090657 0.09645154284547885 0.08993500299005114 0.08341846313462342 0.07690192327918459 0.07038538342375687 0.0766887051160374 0.09669674848422755 0.11670479185241771 0.13671283522060787 0.15672087858879802 0.1767289219569882 0.19673696532517834 0.2167450086933685 0.23675305206155864 0.2567610954297488 0.27676913879793896 0.2967771821661632 0.30711493803524426 0.30711493803524426 0.30711493803524426 0.30711493803524426 0.30711493803524426 0.30711493803524426 0.30711493803524426 0.30711493803524426 0.30711493803524426 0.30711493803524426 0.30711493803524426 0.30711493803524426 0.3056495531287283 0.30261763863886115 0.299585724148994 0.29655380965912675 0.2935218951692596
-9999.0 -9999.0 -9999.0 -9999.0 -9999.0 -9999.0 -9999.0 -9999.0 -9999.0 0.10458772238471715 0.09880387588476106 0.09302002938480496 0.08723618288484886 0.08145233638488289 0.07566848988492679 0.08167789868592643 0.10029456388755677 0.11891122908918711 0.13752789429081747 0.1561445594924478 0.17476122469407812 0.19337788989570848 0.21199455509733883 0.23061122029896913 0.2492278855005995 0.26784455070222984 0.2864612159038919 0.29608007450037244 0.29608007450037244 0.29608007450037244 0.29608007450037244 0.29608007450037244 0.29608007450037244 0.29608007450037244 0.29608007450037244 0.29608007450037244 0.29608007450037244 0.29608007450037244 0.29608007450037244 0.2948730425984876 0.2923756663140835 0.28987829002967946 0.28738091374527536 0.2848835374608713
-9999.0 -9999.0 -9999.0 -9999.0 -9999.0 -9999.0 -9999.0 -9999.0 0.11125851521301221 0.10620736206852774 0.10115620892404326 0.09610505577955877 0.09105390263507429 0.0860027494905812 0.08095159634609672 0.08666709225581547 0.10389237929088599 0.12111766632595651 0.13834295336102703 0.15556824039609757 0.1727935274311681 0.1900188144662386 0.20724410150130915 0.22446938853637965 0.2416946755714502 0.2589199626065207 0.2761452496416206 0.2850452109655006 0.2850452109655006 0.2850452109655006 0.2850452109655006 0.2850452109655006 0.2850452109655006 0.2850452109655006 0.2850452109655006 0.2850452109655006 0.2850452109655006 0.2850452109655006 0.2850452109655006 0.2840965320682469 0.28213369398930593 0.280170855910365 0.278208017831424 0.2762451797524831
-9999.0 -9999.0 -9999.0 -9999.0 -9999.0 -9999.0 -9999.0 -9999.0 0.11214546154135116 0.1078270017523383 0.10350854196332543 0.09919008217431258 0.09487162238529971 0.09055316259627949 0.08623470280726661 0.09165628582570448 0.1074901946942152 0.12332410356272593 0.13915801243123666 0.15499192129974737 0.17082583016825809 0.1866597390367688 0.20249364790527952 0.21832755677379023 0.23416146564230095 0.2499953745108117 0.2658292833793494 0.27401034743062885 0.27401034743062885 0.27401034743062885 0.27401034743062885 0.27401034743062885 0.27401034743062885 0.27401034743062885 0.27401034743062885 0.27401034743062885 0.27401034743062885 0.27401034743062885 0.27401034743062885 0.2733200215380062 0.2718917216645284 0.27046342179105054 0.2690351219175727 0.26760682204409486
-9999.0 -9999.0 -9999.0 -9999.0 -9999.0 -9999.0 -9999.0 -9999.0 0.11303240786969086 0.10944664143615024 0.10586087500260963 0.102275108569069 0.09868934213552838 0.09510357570198166 0.09151780926844104 0.09664547939559776 0.11108801009754748 0.12553054079949721 0.13997307150144694 0.15441560220339665 0.16885813290534638 0.18330066360729608 0.1977431943092458 0.21218572501119554 0.22662825571314527 0.24107078641509497 0.25551331711706937 0.26297548389574765 0.26297548389574765 0.26297548389574765 0.26297548389574765 0.26297548389574765 0.26297548389574765 0.26297548389574765 0.26297548389574765 0.26297548389574765 0.26297548389574765 0.26297548389574765 0.26297548389574765 0.26254351100775636 0.26164974933974205 0.2607559876717278 0.2598622260037135 0.25896846433569926
-9999.0 -9999.0 -9999.0 -9999.0 -9999.0 -9999.0 -9999.0 -9999.0 0.1139193541980298 0.11106628111996081 0.10821320804189181 0.10536013496382282 0.10250706188575381 0.09965398880767995 0.09680091572961096 0.1016346729654868 0.1146858255008767 0.1277369780362666 0.1407881305716565 0.15383928310704642 0.16689043564243633 0.17994158817782624 0.19299274071321615 0.20604389324860606 0.21909504578399597 0.23214619831938588 0.24519735085479805 0.25194062036087583 0.25194062036087583 0.25194062036087583 0.25194062036087583 0.25194062036087583 0.25194062036087583 0.25194062036087583 0.25194062036087583 0.25194062036087583 0.25194062036087583 0.25194062036087583 0.25194062036087583 0.25176700047751566 0.2514077770149645 0.2510485535524133 0.25068933008986216 0.250330106627311
-9999.0 -9999.0 -9999.0 -9999.0 -9999.0 -9999.0 -9999.0 0.11692668024896614 0.11480630052636877 0.11268592080377139 0.11056554108117402 0.10844516135857662 0.10632478163597925 0.10420440191337826 0.10208402219078089 0.10662386653537584 0.11828364090420593 0.12994341527303602 0.14160318964186613 0.15326296401069622 0.1649227383795263 0.17658251274835643 0.18824228711718652 0.19990206148601664 0.21156183585484672 0.22322161022367681 0.2348813845925268 0.24090575682600407 0.24090575682600407 0.24090575682600407 0.24090575682600407 0.24090575682600407 0.24090575682600407 0.24090575682600407 0.24090575682600407 0.24090575682600407 0.24090575682600407 0.24090575682600407 0.24090575682600407 0.24099048994727496 0.24116580469018692 0.24134111943309888 0.24151643417601082 0.24169174891892278
-9999.0 -9999.0 -9999.0 -9999.0 -9999.0 -9999.0 -9999.0 0.11708093322183348 0.11569324685470772 0.11430556048758196 0.1129178741204562 0.11153018775333044 0.11014250138620468 0.10875481501907655 0.10736712865195079 0.11161306010526485 0.12188145630753514 0.13214985250980543 0.1424182487120757 0.152686644914346 0.16295504111661627 0.17322343731888656 0.18349183352115683 0.19376022972342713 0.20402862592569743 0.2142970221279677 0.2245654183302555 0.22987089329113225 0.22987089329113225 0.22987089329113225 0.22987089329113225 0.22987089329113225 0.22987089329113225 0.22987089329113225 0.22987089329113225 0.22987089329113225 0.22987089329113225 0.22987089329113225 0.22987089329113225 0.23021397941703425 0.2309238323654093 0.2316336853137844 0.23234353826215945 0.23305339121053453
-9999.0 -9999.0 -9999.0 -9999.0 -9999.0 -9999.0 -9999.0 0.1172351861947008 0.11658019318304667 0.11592520017139253 0.11527020715973839 0.11461521414808425 0.1139602211364301 0.11330522812477485 0.11265023511312071 0.11660225367515388 0.12547927171086437 0.13435628974657482 0.1432333077822853 0.15211032581799577 0.16098734385370625 0.16986436188941673 0.1787413799251272 0.18761839796083768 0.19649541599654813 0.20537243403225863 0.21424945206798424 0.21883602975626046 0.21883602975626046 0.21883602975626046 0.21883602975626046 0.21883602975626046 0.21883602975626046 0.21883602975626046 0.21883602975626046 0.21883602975626046 0.21883602975626046 0.21883602975626046 0.21883602975626046 0.21943746888679355 0.22068186004063173 0.22192625119446993 0.2231706423483081 0.2244150335021463
-9999.0 -9999.0 -9999.0 -9999.0 -9999.0 -9999.0 0.11731173882375066 0.11738943916756814 0.11746713951138561 0.1175448398552031 0.11762254019902058 0.11770024054283805 0.11777794088665554 0.11785564123047314 0.11793334157429063 0.12159144724504291 0.12907708711419358 0.13656272698334423 0.1440483668524949 0.15153400672164558 0.15901964659079623 0.1665052864599469 0.17399092632909754 0.1814765661982482 0.18896220606739889 0.19644784593654954 0.20393348580571297 0.20780116622138867 0.20780116622138867 0.20780116622138867 0.20780116622138867 0.20780116622138867 0.20780116622138867 0.20780116622138867 0.20780116622138867 0.20780116622138867 0.20780116622138867 0.20780116622138867 0.20780116622138867 0.20866095835655285 0.21043988771585417 0.21221881707515547 0.21399774643445676 0.2157766757937581
-9999.0 -9999.0 -9999.0 -9999.0 -9999.0 -9999.0 -9999.0 0.1175436921404356 0.11835408583972531 0.11916447953901504 0.11997487323830477 0.12078526693759449 0.12159566063688422 0.12240605433617532 0.12321644803546505 0.1265806408149362 0.13267490251752587 0.13876916422011554 0.14486342592270518 0.15095768762529485 0.15705194932788452 0.1631462110304742 0.16924047273306386 0.1753347344356535 0.18142899613824318 0.18752325784083285 0.1936175195434329 0.19676630268650747 0.19676630268650747 0.19676630268650747 0.19676630268650747 0.19676630268650747 0.19676630268650747 0.19676630268650747 0.19676630268650747 0.19676630268650747 0.19676630268650747 0.19676630268650747 0.19676630268650747 0.19788444782630296 0.20019791539106785 0.20251138295583274 0.2048248505205976 0.20713831808536248
-9999.0 -9999.0 -9999.0 -9999.0 -9999.0 -9999.0 -9999.0 -9999.0 0.1302546967561718 0.13112104649891315 0.1319873962416545 0.13285374598439587 0.13372009572713722 0.13458644546988008 0.13545279521262144 0.1388837183214793 0.14505622830857925 0.1512287382956792 0.15740124828277918 0.16357375826987913 0.16974626825697908 0.17591877824407903 0.182091288231179 0.18826379821827896 0.19443630820537894 0.2006088181924789 0.20678132817958939 0.2099705406463892 0.2099705406463892 0.2099705406463892 0.2099705406463892 0.2099705406463892 0.2099705406463892 0.2099705406463892 0.2099705406463892 0.2099705406463892 0.2099705406463892 0.2099705406463892 0.2099705406463892 0.2119284375910072 0.21597937061867692 0.22003030364634665 0.2240812366740164 0.2281321697016861
-9999.0 -9999.0 -9999.0 -9999.0 -9999.0 -9999.0 -9999.0 -9999.0 -9999.0 0.15412713696532157 0.1543260532338002 0.15452496950227884 0.15472388577075746 0.15492280203923642 0.15512171830771507 0.15900487661000648 0.16682657289667402 0.17464826918334156 0.1824699654700091 0.19029166175667664 0.19811335804334418 0.20593505433001172 0.21375675061667926 0.22157844690334677 0.22940014319001434 0.23722183947668185 0.24504353576336274 0.24908484980920392 0.24908484980920392 0.24908484980920392 0.24908484980920392 0.24908484980920392 0.24908484980920392 0.24908484980920392 0.24908484980920392 0.24908484980920392 0.24908484980920392 0.24908484980920392 0.24908484980920392 0.2525039772183843 0.25957822910162737 0.26665248098487043 0.2737267328681135 0.28080098475135656
-9999.0 -9999.0 -9999.0 -9999.0 -9999.0 -9999.0 -9999.0 -9999.0 -9999.0 -9999.0 0.1766647102259459 0.1761961930201618 0.1757276758143777 0.1752591586085928 0.1747906414028087 0.1791260348985337 0.1885969174847688 0.1980678000710039 0.20753868265723904 0.21700956524347415 0.22648044782970927 0.23595133041594438 0.24542221300217948 0.2548930955884146 0.26436397817464974 0.2738348607608848 0.2833057433471361 0.28819915897201864 0.28819915897201864 0.28819915897201864 0.28819915897201864 0.28819915897201864 0.28819915897201864 0.28819915897201864 0.28819915897201864 0.28819915897201864 0.28819915897201864 0.28819915897201864 0.28819915897201864 0.29307951684576145 0.30317708758457784 0.31327465832339424 0.32337222906221064 0.333469799801027
-9999.0 -9999.0 -9999.0 -9999.0 -9999.0 -9999.0 -9999.0 -9999.0 -9999.0 -9999.0 -9999.0 0.19786741653804477 0.19673146585799794 0.19559551517794918 0.19445956449790236 0.1992471931870609 0.2103672620728636 0.2214873309586663 0.232607399844469 0.24372746873027168 0.25484753761607437 0.2659676065018771 0.27708767538767975 0.2882077442734825 0.29932781315928514 0.3104478820450879 0.3215679509309095 0.3273134681348334 0.3273134681348334 0.3273134681348334 0.3273134681348334 0.3273134681348334 0.3273134681348334 0.3273134681348334 0.3273134681348334 0.3273134681348334 0.3273134681348334 0.3273134681348334 0.3273134681348334 0.3336550564731386 0.3467759460675283 0.35989683566191805 0.3730177252563078 0.3861386148506975
-9999.0 -9999.0 -9999.0 -9999.0 -9999.0 -9999.0 -9999.0 -9999.0 -9999.0 -9999.0 -9999.0 0.21953864005592771 0.21773525590161816 0.21593187174730555 0.21412848759299596 0.2193683514755881 0.23213760666095837 0.24490686184632865 0.2576761170316989 0.2704453722170692 0.28321462740243947 0.2959838825878097 0.30875313777318003 0.3215223929585503 0.33429164814392054 0.34706090332929085 0.3598301585146829 0.36642777729764814 0.36642777729764814 0.36642777729764814 0.36642777729764814 0.36642777729764814 0.36642777729764814 0.36642777729764814 0.36642777729764814 0.36642777729764814 0.36642777729764814 0.36642777729764814 0.36642777729764814 0.37423059610051573 0.3903748045504788 0.4065190130004418 0.42266322145040486 0.4388074299003679
-9999.0 -9999.0 -9999.0 -9999.0 -9999.0 -9999.0 -9999.0 -9999.0 -9999.0 -9999.0 -9999.0 0.2412098635738107 0.2387390459452384 0.2362682283166619 0.23379741068808962 0.23948950976411532 0.2539079512490532 0.268326392733991 0.2827448342189289 0.2971632757038667 0.31158171718880456 0.32600015867374244 0.34041860015868025 0.3548370416436181 0.36925548312855594 0.3836739246134938 0.3980923660984562 0.40554208646046286 0.40554208646046286 0.40554208646046286 0.40554208646046286 0.40554208646046286 0.40554208646046286 0.40554208646046286 0.40554208646046286 0.40554208646046286 0.40554208646046286 0.40554208646046286 0.40554208646046286 0.4148061357278929 0.4339736630334292 0.4531411903389656 0.472308717644502 0.4914762449500384
-9999.0 -9999.0 -9999.0 -9999.0 -9999.0 -9999.0 -9999.0 -9999.0 -9999.0 -9999.0 -9999.0 -9999.0 0.25974283598887654 0.2566045848860356 0.25346633378320005 0.2596106680526597 0.2756782958371665 0.29174592362167334 0.30781355140618016 0.32388117919068704 0.3399488069751938 0.3560164347597007 0.3720840625442075 0.3881516903287143 0.4042193181132212 0.42028694589772797 0.43635457368226227 0.44465639562331094 0.44465639562331094 0.44465639562331094 0.44465639562331094 0.44465639562331094 0.44465639562331094 0.44465639562331094 0.44465639562331094 0.44465639562331094 0.44465639562331094 0.44465639562331094 0.44465639562331094 0.4553816753553046 0.4775725215164169 0.49976336767752916 0.5219542138386415 0.5441450599997537
