Figures/CREST_Example_wjb_NSE/Rolling_result/20100722/BJP_forecast/ens_31/wjb.rain.20100725.asc
ncols            288
nrows            254
xllcorner        113.274861
yllcorner        31.4918055
cellsize         0.008333333333
NODATA_value     -9999
[rows 66 to 87 of 254, columns 147 to 195 of 288]
0.0 0.0 0.0 0.0 0.0 0.0 0.0 0.0 0.0 0.0 0.0 0.0 0.0 0.0 0.0 0.0 0.0 0.0 0.0 0.0 0.0 0.0 0.0 0.0 0.0 0.0 0.0 0.0 0.0 0.0 0.0 0.0 0.0 0.0 0.0 0.0 2.73861854569068 2.73861854569068 2.73861854569068 2.73861854569068 2.73861854569068 2.73861854569068 2.73861854569068 2.73861854569068 2.73861854569068 2.73861854569068 2.73861854569068 2.73861854569068 -9999.0
0.0 0.0 0.0 0.0 0.0 0.0 0.0 0.0 0.0 0.0 0.0 0.0 0.0 0.0 0.0 0.0 0.0 0.0 0.0 0.0 0.0 0.0 0.0 0.0 0.0 0.0 0.0 0.0 0.0 0.0 0.0 0.0 0.0 0.0 0.0 0.0 2.73861854569068 2.73861854569068 2.73861854569068 2.73861854569068 2.73861854569068 2.73861854569068 2.73861854569068 2.73861854569068 2.73861854569068 2.73861854569068 2.73861854569068 2.73861854569068 2.73861854569068
0.0 0.0 0.0 0.0 0.0 0.0 0.0 0.0 0.0 0.0 0.0 0.0 0.0 0.0 0.0 0.0 0.0 0.0 0.0 0.0 0.0 0.0 0.0 0.0 0.0 0.0 0.0 0.0 0.0 0.0 0.0 0.0 0.0 0.0 0.0 0.0 2.73861854569068 2.73861854569068 2.73861854569068 2.73861854569068 2.73861854569068 2.73861854569068 2.73861854569068 2.73861854569068 2.73861854569068 2.73861854569068 2.73861854569068 2.73861854569068 -9999.0
0.0 0.0 0.0 0.0 0.0 0.0 0.0 0.0 0.0 0.0 0.0 0.0 0.0 0.0 0.0 0.0 0.0 0.0 0.0 0.0 0.0 0.0 0.0 0.0 0.0 0.0 0.0 0.0 0.0 0.0 0.0 0.0 0.0 0.0 0.0 0.0 2.73861854569068 2.73861854569068 2.73861854569068 2.73861854569068 2.73861854569068 2.73861854569068 2.73861854569068 2.73861854569068 2.73861854569068 2.73861854569068 2.73861854569068 -9999.0 -9999.0
0.0 0.0 0.0 0.0 0.0 0.0 0.0 0.0 0.0 0.0 0.0 0.0 0.0 0.0 0.0 0.0 0.0 0.0 0.0 0.0 0.0 0.0 0.0 0.0 0.0 0.0 0.0 0.0 0.0 0.0 0.0 0.0 0.0 0.0 0.0 0.0 2.73861854569068 2.73861854569068 2.73861854569068 2.73861854569068 2.73861854569068 2.73861854569068 2.73861854569068 2.73861854569068 2.73861854569068 2.73861854569068 2.73861854569068 -9999.0 -9999.0
0.0 0.0 0.0 0.0 0.0 0.0 0.0 0.0 0.0 0.0 0.0 0.0 0.0 0.0 0.0 0.0 0.0 0.0 0.0 0.0 0.0 0.0 0.0 0.0 0.0 0.0 0.0 0.0 0.0 0.0 0.0 0.0 0.0 0.0 0.0 0.0 2.73861854569068 2.73861854569068 2.73861854569068 2.73861854569068 2.73861854569068 2.73861854569068 2.73861854569068 2.73861854569068 2.73861854569068 2.73861854569068 2.73861854569068 -9999.0 -9999.0
0.0 0.0 0.0 0.0 0.0 0.0 0.0 0.0 0.0 0.0 0.0 0.0 0.0 0.0 0.0 0.0 0.0 0.0 0.0 0.0 0.0 0.0 0.0 0.0 0.0 0.0 0.0 0.0 0.0 0.0 0.0 0.0 0.0 0.0 0.0 0.0 2.73861854569068 2.73861854569068 2.73861854569068 2.73861854569068 2.73861854569068 2.73861854569068 2.73861854569068 2.73861854569068 2.73861854569068 2.73861854569068 2.73861854569068 2.73861854569068 -9999.0
0.5849089740354564 0.5674691818921433 0.5500293897488302 0.5325895976055172 0.515149805462204 0.4977100133188909 0.4802702211755778 0.4628304290322647 0.44539063688895164 0.42795084474560874 0.41051105260229565 0.39307126045898255 0.38919823725195263 0.399828396931017 0.41045855661008146 0.42108871628914585 0.43171887596821024 0.4423490356472747 0.45297919532633907 0.46360935500540346 0.4742395146844679 0.4848696743635323 0.49549983404261483 0.5061299937216792 0.5123123994777052 0.513740055668426 0.5151677118591467 0.5165953680498674 0.5180230242405881 0.5194506804313088 0.5208783366220296 0.5223059928127504 0.5237336490034711 0.5251613051941918 0.5265889613849125 0.5280166175756356 2.73861854569068 2.73861854569068 2.73861854569068 2.73861854569068 2.73861854569068 2.73861854569068 2.73861854569068 2.73861854569068 2.73861854569068 2.73861854569068 2.73861854569068 2.73861854569068 2.73861854569068
1.7950487623308153 1.7415271398359908 1.6880055173411663 1.6344838948463418 1.5809622723515175 1.527440649856693 1.4739190273618685 1.420397404867044 1.3668757823722197 1.313354159877304 1.2598325373824795 1.2063109148876552 1.1944248508625266 1.2270481406774076 1.2596714304922887 1.2922947203071697 1.3249180101220508 1.3575412999369318 1.390164589751813 1.422787879566694 1.455411169381575 1.488034459196456 1.5206577490113926 1.5532810388262737 1.5722544522858333 1.5766358391202773 1.5810172259547215 1.5853986127891655 1.5897799996236097 1.594161386458054 1.598542773292498 1.6029241601269422 1.6073055469613862 1.6116869337958304 1.6160683206302744 1.6204497074647262 2.73861854569068 2.73861854569068 2.73861854569068 2.73861854569068 2.73861854569068 2.73861854569068 2.73861854569068 2.73861854569068 2.73861854569068 2.73861854569068 2.73861854569068 2.73861854569068 2.73861854569068
3.0051885506261757 2.91558509777984 2.825981644933504 2.7363781920871677 2.646774739240832 2.557171286394496 2.46756783354816 2.3779643807018243 2.2883609278554884 2.1987574750089993 2.1091540221626635 2.0195505693163276 1.9996514644731007 2.0542678844237985 2.108884304374496 2.1635007243251936 2.218117144275891 2.272733564226589 2.3273499841772867 2.381966404127984 2.436582824078682 2.4911992440293798 2.5458156639801706 2.600432083930868 2.6321965050939613 2.639531622572129 2.6468667400502968 2.6542018575284643 2.6615369750066318 2.6688720924847997 2.6762072099629672 2.683542327441135 2.6908774449193027 2.69821256239747 2.705547679875638 2.712882797353818 2.73861854569068 2.73861854569068 2.73861854569068 2.73861854569068 2.73861854569068 2.73861854569068 2.73861854569068 2.73861854569068 2.73861854569068 2.73861854569068 2.73861854569068 2.73861854569068 2.73861854569068
4.215328338921535 4.089643055723688 3.96395777252584 3.8382724893279923 3.712587206130145 3.586901922932298 3.46121663973445 3.335531356536603 3.2098460733387553 3.084160790140694 2.9584755069428468 2.832790223744999 2.8048780780836737 2.881487628170188 2.9580971782567027 3.0347067283432168 3.1113162784297312 3.1879258285162457 3.26453537860276 3.3411449286892747 3.4177544787757888 3.4943640288623032 3.5709735789489483 3.647583129035463 3.692138557902089 3.7024274060239803 3.7127162541458714 3.7230051022677624 3.7332939503896534 3.7435827985115444 3.753871646633436 3.764160494755327 3.774449342877218 3.784738190999109 3.795027039121 3.8053158872429087 2.73861854569068 2.73861854569068 2.73861854569068 2.73861854569068 2.73861854569068 2.73861854569068 2.73861854569068 2.73861854569068 2.73861854569068 2.73861854569068 2.73861854569068 2.73861854569068 2.73861854569068
5.425468127216893 5.263701013667535 5.101933900118176 4.940166786568817 4.778399673019458 4.6166325594701 4.454865445920741 4.2930983323713825 4.131331218822024 3.969564105272389 3.8077969917230305 3.646029878173672 3.610104691694248 3.708707371916579 3.8073100521389094 3.9059127323612404 4.004515412583571 4.103118092805902 4.201720773028233 4.300323453250564 4.398926133472894 4.497528813695226 4.596131493917724 4.694734174140056 4.752080610710215 4.76532318947583 4.778565768241444 4.791808347007059 4.805050925772674 4.818293504538288 4.831536083303903 4.844778662069518 4.858021240835132 4.871263819600747 4.884506398366362 4.897748977131999 2.73861854569068 2.73861854569068 2.73861854569068 2.73861854569068 2.73861854569068 2.73861854569068 2.73861854569068 2.73861854569068 2.73861854569068 2.73861854569068 2.73861854569068 2.73861854569068 2.73861854569068
6.635607915512253 6.437758971611383 6.239910027710513 6.042061083809642 5.844212139908772 5.646363196007902 5.4485142521070316 5.250665308206162 5.052816364305292 4.854967420404083 4.657118476503214 4.4592695326023435 4.415331305304821 4.535927115662968 4.6565229260211165 4.777118736379264 4.8977145467374115 5.018310357095559 5.138906167453706 5.259501977811854 5.380097788170001 5.500693598528149 5.621289408886502 5.74188521924465 5.812022663518343 5.828218972927681 5.844415282337019 5.860611591746357 5.876807901155695 5.893004210565033 5.909200519974371 5.925396829383709 5.941593138793047 5.957789448202385 5.973985757611724 5.99018206702109 2.73861854569068 2.73861854569068 2.73861854569068 2.73861854569068 2.73861854569068 2.73861854569068 2.73861854569068 2.73861854569068 2.73861854569068 2.73861854569068 2.73861854569068 2.73861854569068 2.73861854569068
7.8457477038086445 7.611816929556232 7.37788615530382 7.143955381051407 6.910024606798995 6.676093832546583 6.44216305829417 6.208232284041758 5.9743015097893455 5.740370735536533 5.506439961284121 5.272509187031709 5.220557918916081 5.363146859410064 5.5057357999040475 5.648324740398031 5.790913680892013 5.933502621385996 6.076091561879979 6.218680502373962 6.361269442867944 6.503858383361927 6.646447323856153 6.789036264350136 6.871964716327374 6.891114756380438 6.910264796433502 6.929414836486567 6.94856487653963 6.967714916592695 6.986864956645759 7.0060149966988226 7.025165036751887 7.044315076804951 7.063465116858016 7.082615156911112 2.73861854569068 2.73861854569068 2.73861854569068 2.73861854569068 2.73861854569068 2.73861854569068 2.73861854569068 2.73861854569068 2.73861854569068 2.73861854569068 2.73861854569068 2.73861854569068 2.73861854569068
9.055887492104002 8.785874887500079 8.515862282896155 8.245849678292231 7.975837073688307 7.705824469084384 7.43581186448046 7.165799259876536 6.895786655272612 6.6257740506682286 6.355761446064305 6.085748841460381 6.025784532526655 6.190366603156455 6.354948673786254 6.519530744416054 6.684112815045853 6.848694885675653 7.013276956305452 7.177859026935252 7.342441097565051 7.507023168194851 7.671605238824931 7.836187309454731 7.931906769135502 7.954010539832289 7.976114310529077 7.998218081225865 8.020321851922652 8.04242562261944 8.064529393316228 8.086633164013016 8.108736934709803 8.130840705406591 8.152944476103379 8.175048246800204 2.73861854569068 2.73861854569068 2.73861854569068 2.73861854569068 2.73861854569068 2.73861854569068 2.73861854569068 2.73861854569068 2.73861854569068 2.73861854569068 2.73861854569068 2.73861854569068 2.73861854569068
10.266027280399364 9.959932845443928 9.653838410488493 9.347743975533058 9.041649540577623 8.735555105622186 8.429460670666751 8.123366235711316 7.817271800755881 7.511177365799924 7.205082930844489 6.8989884958890535 6.831011146137229 7.017586346902845 7.204161547668461 7.390736748434077 7.577311949199693 7.76388714996531 7.950462350730925 8.137037551496542 8.323612752262157 8.510187953027774 8.696763153793707 8.883338354559324 8.991848821943629 9.01690632328414 9.04196382462465 9.067021325965163 9.092078827305674 9.117136328646184 9.142193829986695 9.167251331327206 9.192308832667718 9.21736633400823 9.24242383534874 9.267481336689293 2.73861854569068 2.73861854569068 2.73861854569068 2.73861854569068 2.73861854569068 2.73861854569068 2.73861854569068 2.73861854569068 2.73861854569068 2.73861854569068 2.73861854569068 2.73861854569068 2.73861854569068
11.476167068694723 11.133990803387775 10.791814538080828 10.449638272773882 10.107462007466935 9.765285742159989 9.423109476853043 9.080933211546096 8.73875694623915 8.396580680931619 8.054404415624672 7.712228150317726 7.636237759747803 7.844806090649236 8.053374421550668 8.2619427524521 8.470511083353534 8.679079414254966 8.8876477451564 9.096216076057832 9.304784406959264 9.513352737860698 9.721921068762486 9.93048939966392 10.051790874751756 10.079802106735992 10.107813338720225 10.135824570704461 10.163835802688695 10.191847034672929 10.219858266657164 10.247869498641398 10.275880730625634 10.303891962609868 10.331903194594101 10.359914426578385 2.73861854569068 2.73861854569068 2.73861854569068 2.73861854569068 2.73861854569068 2.73861854569068 2.73861854569068 2.73861854569068 2.73861854569068 2.73861854569068 2.73861854569068 2.73861854569068 2.73861854569068
12.68630685699008 12.308048761331623 11.929790665673165 11.551532570014707 11.17327447435625 10.795016378697792 10.416758283039332 10.038500187380876 9.660242091722417 9.281983996063314 8.903725900404856 8.525467804746398 8.441464373358377 8.672025834395626 8.902587295432875 9.133148756470124 9.363710217507375 9.594271678544624 9.824833139581873 10.055394600619122 10.285956061656371 10.516517522693622 10.747078983731264 10.977640444768513 11.111732927559885 11.142697890187842 11.1736628528158 11.204627815443759 11.235592778071716 11.266557740699675 11.297522703327632 11.32848766595559 11.359452628583549 11.390417591211506 11.421382553839464 11.452347516467475 2.73861854569068 2.73861854569068 2.73861854569068 2.73861854569068 2.73861854569068 2.73861854569068 2.73861854569068 2.73861854569068 2.73861854569068 2.73861854569068 2.73861854569068 2.73861854569068 2.73861854569068
13.896446645285442 13.482106719275471 13.067766793265502 12.653426867255533 12.239086941245564 11.824747015235594 11.410407089225624 10.996067163215654 10.581727237205685 10.167387311195009 9.753047385185038 9.338707459175069 9.246690986968948 9.499245578142014 9.75180016931508 10.004354760488146 10.256909351661212 10.509463942834278 10.762018534007344 11.01457312518041 11.267127716353478 11.519682307526544 11.77223689870004 12.024791489873106 12.17167498036801 12.205593673639692 12.239512366911374 12.273431060183055 12.307349753454737 12.341268446726419 12.3751871399981 12.409105833269782 12.443024526541464 12.476943219813146 12.510861913084828 12.544780606356568 2.73861854569068 2.73861854569068 2.73861854569068 2.73861854569068 2.73861854569068 2.73861854569068 2.73861854569068 2.73861854569068 2.73861854569068 2.73861854569068 2.73861854569068 2.73861854569068 2.73861854569068
14.480914711225642 14.061781269785763 13.642647828345886 13.223514386906007 12.804380945466129 12.38524750402625 11.966114062586371 11.546980621146492 11.127847179706613 10.70871373826602 10.289580296826141 9.870446855386263 9.772776820701791 10.01875843964664 10.264740058591489 10.510721677536338 10.756703296481186 11.002684915426036 11.248666534370885 11.494648153315733 11.740629772260583 11.986611391205432 12.2325930101507 12.478574629095549 12.619294571594414 12.647487400636662 12.675680229678909 12.703873058721156 12.732065887763403 12.76025871680565 12.788451545847897 12.816644374890144 12.844837203932391 12.873030032974638 12.901222862016885 12.92941569105918 12.663078342169959 12.081881569308926 11.500684796447892 10.91948802358686 10.338291250725828 9.757094477864793 9.175897705003761 8.594700932142729 8.013504159281695 7.4323073864206615 6.851110613559628 6.269913840698595 2.73861854569068
14.396579153788661 14.006097432880853 13.615615711973048 13.22513399106524 12.834652270157433 12.444170549249625 12.053688828341818 11.66320710743401 11.272725386526202 10.882243665617729 10.491761944709921 10.101280223802114 10.000478760222327 10.209352044568934 10.41822532891554 10.627098613262147 10.835971897608752 11.04484518195536 11.253718466301965 11.462591750648572 11.67146503499518 11.880338319341785 12.08921160368875 12.298084888035355 12.412380057556437 12.425569082687481 12.438758107818527 12.451947132949572 12.465136158080618 12.478325183211663 12.491514208342709 12.504703233473753 12.5178922586048 12.531081283735844 12.544270308866889 12.557459333997958 12.298676563748115 11.749149790857802 11.199623017967486 10.650096245077172 10.100569472186859 9.551042699296545 9.001515926406231 8.451989153515918 7.902462380625604 7.35293560773529 6.8034088348449755 6.253882061954662 2.73861854569068
14.31224359635168 13.950413595975945 13.588583595600209 13.226753595224473 12.864923594848737 12.503093594473 12.141263594097264 11.779433593721528 11.417603593345792 11.05577359296944 10.693943592593703 10.332113592217967 10.228180699742861 10.399945649491226 10.57171059923959 10.743475548987954 10.915240498736319 11.087005448484682 11.258770398233047 11.430535347981412 11.602300297729775 11.77406524747814 11.945830197226798 12.11759514697516 12.205465543518459 12.203650764738303 12.201835985958146 12.20002120717799 12.198206428397834 12.196391649617677 12.19457687083752 12.192762092057364 12.190947313277208 12.189132534497052 12.187317755716895 12.185502976936736 11.934274785326272 11.416418012406677 10.898561239487082 10.380704466567487 9.862847693647893 9.344990920728298 8.827134147808703 8.309277374889108 7.791420601969513 7.273563829049918 6.755707056130324 6.2378502832107285 2.73861854569068
