Figures/CREST_Example_wjb_NSE/Rolling_result/20100722/BJP_forecast/ens_31/wjb.rain.20100722.asc
ncols            288
nrows            254
xllcorner        113.274861
yllcorner        31.4918055
cellsize         0.008333333333
NODATA_value     -9999
[rows 60 to 79 of 254, columns 92 to 137 of 288]
0.2825442886818903 0.29264341333462174 0.3027425379873532 0.31284166264008456 0.322940787292816 0.3330399119455474 0.3431390365982788 1.2014450271222634 2.966503335795887 4.73156164446951 6.496619953143133 8.261678261816757 10.026736570493389 11.791794879167012 13.556853187840636 15.321911496514259 17.08696980518788 18.852028113861504 20.617086422535127 21.76565007577542 22.255167001725503 22.744683927675588 23.234200853625673 23.723717779575757 24.213234705525842 24.702751631476758 25.192268557426843 25.681785483376927 26.171302409327012 26.660819335277097 27.15033626122718 26.792886074253722 25.530008889582362 24.267131704911005 23.004254520239645 21.741377335568284 20.478500150896924 19.215622966225563 17.95274578155205 16.68986859688069 15.42699141220933 14.16411422753797 12.90123704286661 11.847192850725571 11.01639585074344 10.185598850761309
0.2848155751016731 0.2945748491064422 0.30433412311121133 0.3140933971159804 0.32385267112074945 0.33361194512551856 0.3433712191302877 1.1869099158391139 2.921777667737558 4.6566454196360025 6.391513171534447 8.12638092343289 9.861248675334293 11.596116427232737 13.330984179131182 15.065851931029625 16.80071968292807 18.535587434826514 20.27045518672496 21.4082562202758 21.907779430599923 22.407302640924048 22.906825851248172 23.406349061572296 23.90587227189642 24.405395482221397 24.90491869254552 25.404441902869646 25.90396511319377 26.403488323517895 26.90301153384202 26.564515887225177 25.330159130918734 24.09580237461229 22.861445618305844 21.6270888619994 20.392732105692957 19.15837534938651 17.92401859307796 16.689661836771517 15.455305080465072 14.220948324158629 12.986591567852184 11.944824287178056 11.108939511721724 10.273054736265394
0.28034438392511807 0.2889586971013236 0.29757301027752914 0.3061873234537346 0.31480163662994015 0.3234159498061457 0.33203026298235117 1.154823743201206 2.8479931621325427 4.54116258106388 6.2343319999952165 7.927501418926553 9.620670837860777 11.313840256792114 13.00700967572345 14.700179094654787 16.393348513586126 18.08651793251746 19.7796873514488 20.886020426221318 21.3650121791117 21.84400393200209 22.322995684892476 22.801987437782863 23.28097919067325 23.759970943564454 24.238962696454838 24.717954449345225 25.196946202235612 25.675937955126 26.154929708016383 25.8016243224586 24.558574473675467 23.315524624892333 22.0724747761092 20.829424927326066 19.586375078542936 18.3433252297598 17.100275380974548 15.857225532191414 14.614175683408282 13.371125834625149 12.128075985842015 11.116413062145343 10.352107994608952 9.587802927072563
0.27587319274856303 0.28334254509620505 0.29081189744384695 0.29828124979148896 0.30575060213913086 0.31321995448677287 0.32068930683441477 1.1227375705632983 2.7742086565275272 4.425679742491757 6.077150828455986 7.728621914420215 9.38009300038726 11.03156408635149 12.68303517231572 14.33450625827995 15.985977344244178 17.63744843020841 19.288919516172637 20.363784632166837 20.822244927623483 21.280705223080133 21.73916551853678 22.19762581399343 22.65608610945008 23.114546404907507 23.573006700364157 24.031466995820804 24.489927291277453 24.9483875867341 25.40684788219075 25.038732757692024 23.7869898164322 22.53524687517238 21.283503933912556 20.031760992652735 18.78001805139291 17.528275110133087 16.276532168871135 15.02478922761131 13.773046286351487 12.521303345091665 11.269560403831843 10.288001837112626 9.595276477496178 8.90255111787973
0.27140200157200806 0.27772639309108643 0.2840507846101648 0.29037517612924324 0.2966995676483216 0.3030239591674 0.30934835068647837 1.0906513979253907 2.700424150922512 4.310196903919634 5.919969656916754 7.529742409913876 9.139515162913742 10.749287915910864 12.359060668907984 13.968833421905106 15.578606174902228 17.18837892789935 18.79815168089647 19.841548838112352 20.27947767613526 20.717406514158174 21.155335352181083 21.593264190203993 22.031193028226905 22.46912186625056 22.907050704273473 23.344979542296382 23.78290838031929 24.220837218342204 24.658766056365117 24.275841192925444 23.015405159188933 21.754969125452423 20.494533091715912 19.2340970579794 17.97366102424289 16.713224990506376 15.452788956767717 14.192352923031207 12.931916889294694 11.671480855558183 10.411044821821672 9.45959061207991 8.838444960383404 8.217299308686897
0.266930810395453 0.2721102410859679 0.27728967177648267 0.2824691024669975 0.2876485331575123 0.2928279638480272 0.29800739453854197 1.058565225287483 2.626639645317497 4.194714065347511 5.762788485377525 7.33086290540754 8.898937325440228 10.467011745470241 12.035086165500257 13.60316058553027 15.171235005560284 16.739309425590296 18.30738384562031 19.31931304405787 19.736710424647043 20.154107805236215 20.571505185825387 20.98890256641456 21.406299947003735 21.823697327593617 22.24109470818279 22.658492088771965 23.075889469361137 23.49328684995031 23.91068423053948 23.512949628158868 22.243820501945667 20.97469137573247 19.705562249519268 18.436433123306067 17.167303997092866 15.898174870879668 14.629045744664303 13.359916618451104 12.090787492237904 10.821658366024703 9.552529239811504 8.631179387047196 8.081613443270632 7.532047499494067
0.2624596192188942 0.2664940890808445 0.27052855894279476 0.27456302880474504 0.2785974986666953 0.2826319685286456 0.28666643839059586 1.026479052649548 2.552855139712419 4.07923122677529 5.605607313838162 7.1319834009010314 8.658359487966507 10.184735575029377 11.711111662092248 13.23748774915512 14.76386383621799 16.29023992328086 17.816616010343733 18.797077250002943 19.19394317315836 19.590809096313777 19.987675019469194 20.38454094262461 20.781406865780028 21.178272788936123 21.57513871209154 21.972004635246957 22.368870558402374 22.76573648155779 23.16260240471321 22.750058063391638 21.472235844701743 20.194413626011848 18.916591407321953 17.638769188632054 16.36094696994216 15.083124751252262 13.805302532560187 12.52748031387029 11.249658095180394 9.971835876490498 8.694013657800602 7.802768162013775 7.324781926157214 6.846795690300652
0.2579884280423392 0.2608779370757259 0.2637674461091126 0.2666569551424993 0.269546464175886 0.27243597320927276 0.27532548224265946 0.9943928800116401 2.479070634107403 3.9637483882031663 5.44842614229893 6.933103896394694 8.417781650492987 9.90245940458875 11.387137158684514 12.871814912780277 14.35649266687604 15.841170420971803 17.325848175067566 18.274841455948458 18.651175921670138 19.027510387391818 19.403844853113497 19.780179318835177 20.156513784556857 20.532848250279176 20.909182716000856 21.285517181722536 21.661851647444216 22.038186113165896 22.414520578887576 21.98716649862506 20.700651187458476 19.41413587629189 18.127620565125305 16.84110525395872 15.554589942792136 14.26807463162555 12.981559320456771 11.695044009290186 10.4085286981236 9.122013386957015 7.835498075790431 6.974356936981059 6.567950409044439 6.16154388110782
0.25351723686578415 0.2552617850706073 0.25700633327543043 0.2587508814802536 0.2604954296850768 0.2622399778898999 0.26398452609472306 0.9623067073737325 2.4052861285023885 3.8482655496310443 5.2912449707597 6.734224391888357 8.177203813019473 9.62018323414813 11.063162655276784 12.50614207640544 13.949121497534097 15.392100918662752 16.83508033979141 17.752605661893977 18.10840867018192 18.464211678469862 18.8200146867578 19.175817695045744 19.531620703333687 19.887423711622233 20.243226719910176 20.599029728198115 20.954832736486058 21.310635744773997 21.66643875306194 21.224274933858485 19.92906653021521 18.633858126571937 17.33864972292866 16.04344131928539 14.748232915642113 13.45302451199884 12.157816108353357 10.862607704710083 9.56739930106681 8.272190897423537 6.9769824937802625 6.145945711948344 5.811118891931666 5.476292071914988
0.24904604568922914 0.24964563306548873 0.2502452204417483 0.2508448078180079 0.2514443951942675 0.25204398257052707 0.25264356994678666 0.9302205347358248 2.331501622897373 3.7327827110589213 5.13406379922047 6.535344887382018 7.936625975545956 9.337907063707505 10.739188151869055 12.140469240030603 13.541750328192151 14.9430314163537 16.344312504515248 17.230369867839496 17.5656414186937 17.900912969547903 18.23618452040211 18.57145607125631 18.906727622110516 19.24199917296529 19.577270723819495 19.912542274673697 20.247813825527903 20.583085376382105 20.91835692723631 20.46138336909191 19.157481872971946 17.853580376851983 16.54967888073202 15.245777384612058 13.941875888492094 12.637974392372131 11.334072896249944 10.030171400129982 8.726269904010017 7.422368407890055 6.118466911770092 5.31753448691563 5.054287374818894 4.7910402627221576
0.2445748545126741 0.24402948106037015 0.24348410760806616 0.24293873415576217 0.24239336070345818 0.2418479872511542 0.24130261379885024 0.898134362097917 2.2577171172923576 3.617299872486798 4.976882627681238 6.336465382875679 7.696048138072438 9.055630893266878 10.41521364846132 11.77479640365576 13.1343791588502 14.493961914044641 15.853544669239081 16.70813407378501 17.02287416720548 17.337614260625944 17.65235435404641 17.967094447466877 18.281834540887342 18.596574634308343 18.91131472772881 19.226054821149276 19.54079491456974 19.85553500799021 20.170275101410674 19.698491804325332 18.38589721572868 17.073302627132026 15.760708038535375 14.448113449938724 13.13551886134207 11.82292427274542 10.510329684146528 9.197735095549877 7.885140506953224 6.572545918356573 5.25995132975992 4.489123261882914 4.297455857706119 4.105788453529325
0.2401036633361191 0.23841332905525156 0.236722994774384 0.23503266049351645 0.23334232621264892 0.23165199193178138 0.2299616576509138 0.8660481894600093 2.183932611687342 3.501817033914675 4.819701456142009 6.137585878369341 7.455470300598922 8.773354722826255 10.091239145053589 11.409123567280922 12.727007989508254 14.044892411735587 15.36277683396292 16.18589827973053 16.48010691571726 16.77431555170399 17.068524187690716 17.362732823677444 17.65694145966417 17.9511500956514 18.245358731638127 18.539567367624855 18.833776003611582 19.12798463959831 19.422193275585037 18.935600239558752 17.614312558485413 16.293024877412073 14.971737196338731 13.65044951526539 12.32916183419205 11.007874153118708 9.686586472043114 8.365298790969774 7.044011109896433 5.722723428823093 4.401435747749751 3.660712036850198 3.5406243405933457 3.4205366443364933
0.23563247215956026 0.23279717705012817 0.22996188194069608 0.227126586831264 0.2242912917218319 0.2214559966123998 0.21862070150296772 0.8339620168220742 2.1101481060822644 3.386334195342454 4.662520284602644 5.938706373862834 7.214892463125201 8.49107855238539 9.76726464164558 11.043450730905771 12.319636820165961 13.59582290942615 14.87200899868634 15.663662485675603 15.937339664228576 16.21101684278155 16.48469402133452 16.758371199887492 17.032048378440464 17.305725556993906 17.57940273554688 17.85307991409985 18.126757092652824 18.400434271205796 18.67411144975877 18.172708674791526 16.84272790124149 15.512747127691451 14.182766354141414 12.852785580591377 11.52280480704134 10.192824033491304 8.862843259938998 7.532862486388961 6.2028817128389235 4.872900939288886 3.542920165738849 2.832300811816777 2.7837928234799274 2.7352848351430774
0.2518504397685748 0.24996752622447882 0.24808461268038284 0.24620169913628687 0.24431878559219092 0.24243587204809494 0.24055295850399896 0.8255672031963736 2.0379877801868544 3.250408357177336 4.462828934167816 5.675249511158297 6.887670088150846 8.100090665141327 9.312511242131809 10.524931819122289 11.73735239611277 12.94977297310325 14.162193550093733 14.911041031174555 15.164318390071102 15.41759574896765 15.670873107864196 15.924150466760741 16.17742782565729 16.430705184554267 16.683982543450814 16.93725990234736 17.190537261243907 17.443814620140454 17.697091979037 17.20639175001405 15.92036265460891 14.63433355920377 13.348304463798627 12.062275368393486 10.776246272988345 9.490217177583206 8.204188082175872 6.918158986770731 5.63212989136559 4.346100795960449 3.0600717005553086 2.3897324310341106 2.3775795103458943 2.365426589657678
0.29018381365116436 0.2914952084523486 0.29280660325353286 0.2941179980547171 0.29542939285590136 0.29674078765708567 0.2980521824582699 0.8424969585953709 1.96756359999517 3.0926302413949687 4.217696882794768 5.342763524194567 6.467830165596284 7.592896806996084 8.717963448395881 9.84303008979568 10.96809673119548 12.093163372595278 13.218230013995077 13.912151831658402 14.1451700833826 14.3781883351068 14.611206586830999 14.8442248385552 15.077243090279397 15.310261342003994 15.543279593728194 15.776297845452392 16.00931609717659 16.24233434890079 16.47535260062499 16.022625941518445 14.836822464757299 13.651018987996153 12.465215511235005 11.27941203447386 10.093608557712713 8.907805080951569 7.722001604188399 6.536198127427253 5.350394650666107 4.1645911739049595 2.9787876971438134 2.3596057230512724 2.3461549505037262 2.33270417795618
0.32851718753375386 0.33302289068021834 0.3375285938266828 0.3420342969731473 0.3465400001196118 0.35104570326607626 0.35555140641254074 0.8594267139943679 1.897139419803484 2.9348521256126006 3.9725648314217166 5.010277537230833 6.047990243041719 7.085702948850836 8.12341565465995 9.161128360469068 10.198841066278185 11.236553772087301 12.274266477896418 12.913262632142246 13.126021776694097 13.33878092124595 13.551540065797802 13.764299210349654 13.977058354901505 14.18981749945372 14.402576644005572 14.615335788557424 14.828094933109277 15.040854077661129 15.25361322221298 14.838860133022841 13.75328227490569 12.667704416788537 11.582126558671385 10.496548700554232 9.41097084243708 8.32539298431993 7.239815126200925 6.154237268083772 5.068659409966621 3.9830815518494678 2.8975036937323164 2.3294790150684337 2.314730390661558 2.299981766254682
0.36685056141634337 0.3745505729080881 0.3822505843998328 0.38995059589157743 0.39765060738332214 0.40535061887506685 0.41305063036681156 0.8763564693933649 1.8267152396117987 2.7770740098302324 3.727432780048667 4.6777915502671 5.628150320487155 6.578509090705588 7.528867860924023 8.479226631142456 9.42958540136089 10.379944171579325 11.33030294179776 11.914373432626089 12.106873470005594 12.299373507385098 12.491873544764603 12.684373582144108 12.876873619523613 13.069373656903446 13.26187369428295 13.454373731662455 13.64687376904196 13.839373806421465 14.03187384380097 13.655094324527235 12.669742085054079 11.68438984558092 10.699037606107762 9.713685366634603 8.728333127161447 7.742980887688288 6.75762864821345 5.772276408740293 4.7869241692671345 3.801571929793976 2.8162196903208194 2.2993523070855955 2.28330583081939 2.2672593545531843
0.40518393529893293 0.41607825513595786 0.42697257497298274 0.4378668948100077 0.4487612146470326 0.4596555344840575 0.47054985432108243 0.893286224792362 1.7562910594201133 2.619295894047865 3.4823007286756162 4.345305563303368 5.208310397932591 6.071315232560343 6.934320067188094 7.797324901815846 8.660329736443597 9.523334571071349 10.3863394056991 10.915484233109934 11.08772516331709 11.259966093524248 11.432207023731406 11.604447953938562 11.77668888414572 11.948929814353171 12.12117074456033 12.293411674767485 12.465652604974643 12.637893535181801 12.810134465388957 12.471328516031631 11.586201895202468 10.701075274373304 9.81594865354414 8.930822032714977 8.045695411885813 7.160568791056649 6.275442170225976 5.390315549396813 4.505188928567648 3.6200623077384844 2.7349356869093224 2.2692255991027572 2.2518812709772216 2.234536942851686
0.4435173091815225 0.4576059373638276 0.47169456554613276 0.4857831937284379 0.4998718219107431 0.5139604500930481 0.5280490782753533 0.9102159801913591 1.6858668792284282 2.461517778265497 3.237168677302566 4.012819576339635 4.788470475378027 5.5641213744150955 6.339772273452165 7.115423172489233 7.891074071526303 8.666724970563372 9.442375869600442 9.916595033593778 10.068576856628587 10.220558679663398 10.372540502698207 10.524522325733017 10.676504148767828 10.828485971802897 10.980467794837708 11.132449617872517 11.284431440907326 11.436413263942137 11.588395086976947 11.287562707536026 10.502661705350857 9.717760703165688 8.932859700980519 8.147958698795348 7.363057696610179 6.57815669442501 5.7932556922385015 5.0083546900533324 4.223453687868163 3.4385526856829944 2.6536516834978237 2.239098891119919 2.2204567111350535 2.201814531150188
0.4818506830641447 0.4991336195917328 0.5164165561193209 0.533699492646909 0.5509824291744971 0.5682653657020852 0.5855483022296732 0.9271457355903706 1.6154426990366826 2.3037396624829944 2.9920366259293063 3.680333589375618 4.368630552823104 5.056927516269416 5.745224479715728 6.43352144316204 7.121818406608352 7.810115370054664 8.498412333500976 8.91770583407677 9.049428549939215 9.18115126580166 9.312873981664106 9.444596697526551 9.576319413388998 9.708042129251668 9.839764845114113 9.971487560976557 10.103210276839004 10.234932992701449 10.366655708563895 10.103796899039411 9.419121515498322 8.734446131957233 8.049770748416144 7.365095364875053 6.680419981333964 5.995744597792874 5.311069214250617 4.626393830709527 3.9417184471684372 3.2570430636273473 2.5723676800862583 2.2089721831370546 2.1890321512928588 2.1690921194486625
