Figures/CREST_Example_wjb_NSE/Rolling_result/20100722/BJP_forecast/ens_31/wjb.rain.20090826.asc
ncols            288
nrows            254
xllcorner        113.274861
yllcorner        31.4918055
cellsize         0.008333333333
NODATA_value     -9999
[rows 140 to 159 of 254, columns 135 to 179 of 288]
12.412376582949905 13.070681881346854 13.728987179743802 14.38729247814075 15.045597776537699 15.703903074934647 16.362208373331597 17.020513671728544 17.678818970126617 18.337124268523564 18.995429566920514 19.65373486531746 19.993868050764178 19.993868050764178 19.993868050764178 19.993868050764178 19.993868050764178 19.993868050764178 19.993868050764178 19.993868050764178 19.993868050764178 19.993868050764178 19.993868050764178 19.993868050764178 19.731922637918927 19.189951653287906 18.647980668656885 18.106009684025864 17.564038699394843 17.022067714763825 16.480096730132804 15.938125745501782 15.396154760870761 14.85418377623974 14.312212791607795 13.770241806976774 13.49021623493037 13.49021623493037 13.49021623493037 13.49021623493037 13.49021623493037 13.49021623493037 13.49021623493037 13.49021623493037 13.49021623493037
13.925922939903659 14.57610893688352 15.226294933863382 15.876480930843243 16.526666927823104 17.176852924802965 17.827038921782826 18.477224918762687 19.12741091574366 19.777596912723517 20.42778290970338 21.077968906683243 21.413907011426033 21.413907011426033 21.413907011426033 21.413907011426033 21.413907011426033 21.413907011426033 21.413907011426033 21.413907011426033 21.413907011426033 21.413907011426033 21.413907011426033 21.413907011426033 21.07821822736488 20.383670539543 19.689122851721123 18.994575163899245 18.300027476077368 17.60547978825549 16.910932100433612 16.216384412611735 15.521836724789857 14.82728903696798 14.132741349144919 13.43819366132304 13.079334757228315 13.079334757228315 13.079334757228315 13.079334757228315 13.079334757228315 13.079334757228315 13.079334757228315 13.079334757228315 13.079334757228315
15.439469296857414 16.081535992420186 16.72360268798296 17.365669383545733 18.007736079108508 18.64980277467128 19.291869470234055 19.933936165796826 20.576002861360696 21.218069556923467 21.860136252486242 22.502202948049014 22.833945972087882 22.833945972087882 22.833945972087882 22.833945972087882 22.833945972087882 22.833945972087882 22.833945972087882 22.833945972087882 22.833945972087882 22.833945972087882 22.833945972087882 22.833945972087882 22.42451381681082 21.577389425798085 20.73026503478535 19.88314064377262 19.036016252759886 18.188891861747152 17.341767470734418 16.494643079721683 15.64751868870895 14.800394297696217 13.953269906682038 13.106145515669306 12.668453279526258 12.668453279526258 12.668453279526258 12.668453279526258 12.668453279526258 12.668453279526258 12.668453279526258 12.668453279526258 12.668453279526258
16.953015653811168 17.586963047956854 18.22091044210254 18.854857836248225 19.48880523039391 20.122752624539597 20.756700018685283 21.39064741283097 22.024594806977735 22.65854220112342 23.292489595269107 23.92643698941479 24.253984932749734 24.253984932749734 24.253984932749734 24.253984932749734 24.253984932749734 24.253984932749734 24.253984932749734 24.253984932749734 24.253984932749734 24.253984932749734 24.253984932749734 24.253984932749734 23.770809406256763 22.771108312053173 21.771407217849585 20.771706123645995 19.772005029442404 18.772303935238817 17.772602841035226 16.772901746831636 15.773200652628047 14.773499558424456 13.773798464219162 12.774097370015571 12.2575718018242 12.2575718018242 12.2575718018242 12.2575718018242 12.2575718018242 12.2575718018242 12.2575718018242 12.2575718018242 12.2575718018242
18.46656201076621 19.092390103494804 19.718218196223393 20.344046288951986 20.969874381680576 21.59570247440917 22.22153056713776 22.84735865986635 23.473186752596007 24.0990148453246 24.724842938053193 25.350671030781783 25.674023893412798 25.674023893412798 25.674023893412798 25.674023893412798 25.674023893412798 25.674023893412798 25.674023893412798 25.674023893412798 25.674023893412798 25.674023893412798 25.674023893412798 25.674023893412798 25.11710499570386 23.964827198309283 22.812549400914705 21.66027160352013 20.507993806125555 19.355716008730976 18.2034382113364 17.051160413941822 15.898882616547247 14.746604819152672 13.594327021756131 12.442049224361554 11.846690324121793 11.846690324121793 11.846690324121793 11.846690324121793 11.846690324121793 11.846690324121793 11.846690324121793 11.846690324121793 11.846690324121793
19.789702008487595 20.34763792668499 20.905573844882387 21.46350976307978 22.021445681277175 22.57938159947457 23.137317517671967 23.69525343586936 24.253189354067707 24.8111252722651 25.369061190462496 25.92699710865989 26.215271442154908 26.215271442154908 26.215271442154908 26.215271442154908 26.215271442154908 26.215271442154908 26.215271442154908 26.215271442154908 26.215271442154908 26.215271442154908 26.215271442154908 26.215271442154908 25.620901949582862 24.391138024248466 23.161374098914074 21.93161017357968 20.70184624824529 19.472082322910893 18.2423183975765 17.01255447224211 15.782790546907712 14.55302662157332 13.32326269623683 12.093498770902436 11.4581043375487 11.4581043375487 11.4581043375487 11.4581043375487 11.4581043375487 11.4581043375487 11.4581043375487 11.4581043375487 11.4581043375487
20.90930961111705 21.335459921415335 21.76161023171362 22.187760542011908 22.613910852310195 23.04006116260848 23.466211472906767 23.892361783205054 24.31851209350407 24.744662403802355 25.17081271410064 25.596963024398928 25.817146369229704 25.817146369229704 25.817146369229704 25.817146369229704 25.817146369229704 25.817146369229704 25.817146369229704 25.817146369229704 25.817146369229704 25.817146369229704 25.817146369229704 25.817146369229704 25.224120971874235 23.997138009947655 22.770155048021074 21.543172086094494 20.316189124167913 19.089206162241332 17.86222320031475 16.63524023838817 15.40825727646159 14.18127431453501 12.954291352606338 11.727308390679758 11.093350825518595 11.093350825518595 11.093350825518595 11.093350825518595 11.093350825518595 11.093350825518595 11.093350825518595 11.093350825518595 11.093350825518595
22.028917213746507 22.323281916145685 22.617646618544864 22.912011320944043 23.206376023343218 23.500740725742396 23.795105428141575 24.089470130540754 24.383834832940433 24.678199535339612 24.97256423773879 25.266928940137966 25.419021296304503 25.419021296304503 25.419021296304503 25.419021296304503 25.419021296304503 25.419021296304503 25.419021296304503 25.419021296304503 25.419021296304503 25.419021296304503 25.419021296304503 25.419021296304503 24.827339994165616 23.603137995646847 22.378935997128078 21.15473399860931 19.930532000090544 18.706330001571775 17.482128003053006 16.25792600453424 15.033724006015472 13.809522007496705 12.585320008975849 11.361118010457082 10.72859731348849 10.72859731348849 10.72859731348849 10.72859731348849 10.72859731348849 10.72859731348849 10.72859731348849 10.72859731348849 10.72859731348849
23.14852481637596 23.31110391087603 23.4736830053761 23.63626209987617 23.79884119437624 23.96142028887631 24.12399938337638 24.28657847787645 24.449157572376798 24.611736666876865 24.774315761376936 24.936894855877007 25.020896223379303 25.020896223379303 25.020896223379303 25.020896223379303 25.020896223379303 25.020896223379303 25.020896223379303 25.020896223379303 25.020896223379303 25.020896223379303 25.020896223379303 25.020896223379303 24.430559016456993 23.20913798134604 21.987716946235082 20.76629591112413 19.544874876013175 18.323453840902218 17.102032805791264 15.880611770680309 14.659190735569354 13.4377697004584 12.216348665345361 10.994927630234407 10.363843801458387 10.363843801458387 10.363843801458387 10.363843801458387 10.363843801458387 10.363843801458387 10.363843801458387 10.363843801458387 10.363843801458387
24.268132419005415 24.298925905606378 24.329719392207338 24.3605128788083 24.39130636540926 24.422099852010223 24.452893338611183 24.483686825212146 24.51448031181316 24.545273798414122 24.576067285015085 24.606860771616045 24.622771150454103 24.622771150454103 24.622771150454103 24.622771150454103 24.622771150454103 24.622771150454103 24.622771150454103 24.622771150454103 24.622771150454103 24.622771150454103 24.622771150454103 24.622771150454103 24.033778038748373 22.815137967045228 21.596497895342086 20.377857823638948 19.159217751935802 17.94057768023266 16.72193760852952 15.503297536826377 14.284657465123235 13.066017393420093 11.847377321714873 10.628737250011731 9.999090289428283 9.999090289428283 9.999090289428283 9.999090289428283 9.999090289428283 9.999090289428283 9.999090289428283 9.999090289428283 9.999090289428283
25.387740021635828 25.286747900337566 25.185755779039308 25.08476365774105 24.98377153644279 24.88277941514453 24.78178729384627 24.680795172548013 24.57980305124958 24.478810929951322 24.37781880865306 24.276826687354802 24.22464607752856 24.22464607752856 24.22464607752856 24.22464607752856 24.22464607752856 24.22464607752856 24.22464607752856 24.22464607752856 24.22464607752856 24.22464607752856 24.22464607752856 24.22464607752856 23.63699706103941 22.421137952744083 21.205278844448756 19.98941973615343 18.773560627858103 17.557701519562777 16.34184241126745 15.125983302972124 13.910124194676797 12.69426508638147 11.47840597808407 10.262546869788743 9.634336777397866 9.634336777397866 9.634336777397866 9.634336777397866 9.634336777397866 9.634336777397866 9.634336777397866 9.634336777397866 9.634336777397866
26.507347624265282 26.274569895067913 26.041792165870547 25.809014436673177 25.57623670747581 25.343458978278445 25.110681249081075 24.87790351988371 24.645125790685945 24.412348061488576 24.17957033229121 23.94679260309384 23.82652100460336 23.82652100460336 23.82652100460336 23.82652100460336 23.82652100460336 23.82652100460336 23.82652100460336 23.82652100460336 23.82652100460336 23.82652100460336 23.82652100460336 23.82652100460336 23.24021608333079 22.027137938443275 20.81405979355576 19.600981648668245 18.387903503780734 17.17482535889322 15.961747214005705 14.748669069118192 13.535590924230679 12.322512779343164 11.109434634453581 9.896356489566069 9.269583265367762 9.269583265367762 9.269583265367762 9.269583265367762 9.269583265367762 9.269583265367762 9.269583265367762 9.269583265367762 9.269583265367762
27.626955226894736 27.26239188979826 26.897828552701785 26.533265215605308 26.168701878508834 25.804138541412357 25.43957520431588 25.075011867219406 24.710448530122306 24.345885193025833 23.981321855929355 23.61675851883288 23.42839593167816 23.42839593167816 23.42839593167816 23.42839593167816 23.42839593167816 23.42839593167816 23.42839593167816 23.42839593167816 23.42839593167816 23.42839593167816 23.42839593167816 23.42839593167816 22.843435105622167 21.633137924142467 20.422840742662764 19.212543561183065 18.002246379703365 16.791949198223662 15.581652016743963 14.37135483526426 13.16105765378456 11.950760472304859 10.740463290823094 9.530166109343392 8.904829753337658 8.904829753337658 8.904829753337658 8.904829753337658 8.904829753337658 8.904829753337658 8.904829753337658 8.904829753337658 8.904829753337658
28.746562829524194 28.25021388452861 27.753864939533024 27.25751599453744 26.761167049541857 26.264818104546272 25.768469159550687 25.272120214555102 24.775771269558675 24.27942232456309 23.783073379567504 23.28672443457192 23.03027085875296 23.03027085875296 23.03027085875296 23.03027085875296 23.03027085875296 23.03027085875296 23.03027085875296 23.03027085875296 23.03027085875296 23.03027085875296 23.03027085875296 23.03027085875296 22.446654127913547 21.239137909841656 20.031621691769768 18.82410547369788 17.616589255625993 16.409073037554105 15.201556819482217 13.99404060141033 12.786524383338442 11.579008165266552 10.371491947192606 9.163975729120718 8.540076241307554 8.540076241307554 8.540076241307554 8.540076241307554 8.540076241307554 8.540076241307554 8.540076241307554 8.540076241307554 8.540076241307554
29.86617043215365 29.238035879258955 28.609901326364263 27.98176677346957 27.353632220574877 26.725497667680184 26.09736311478549 25.4692285618908 24.841094008995036 24.212959456100343 23.58482490320565 22.956690350310957 22.63214578582776 22.63214578582776 22.63214578582776 22.63214578582776 22.63214578582776 22.63214578582776 22.63214578582776 22.63214578582776 22.63214578582776 22.63214578582776 22.63214578582776 22.63214578582776 22.049873150204924 20.845137895540848 19.640402640876772 18.4356673862127 17.23093213154862 16.026196876884548 14.821461622220472 13.616726367556396 12.41199111289232 11.207255858228246 10.002520603562116 8.79778534889804 8.17532272927745 8.17532272927745 8.17532272927745 8.17532272927745 8.17532272927745 8.17532272927745 8.17532272927745 8.17532272927745 8.17532272927745
30.985778034783102 30.225857873989302 29.465937713195498 28.706017552401697 27.946097391607896 27.186177230814096 26.426257070020295 25.666336909226494 24.906416748431397 24.146496587637596 23.386576426843796 22.62665626604999 22.234020712902556 22.234020712902556 22.234020712902556 22.234020712902556 22.234020712902556 22.234020712902556 22.234020712902556 22.234020712902556 22.234020712902556 22.234020712902556 22.234020712902556 22.234020712902556 21.653092172496297 20.451137881240037 19.249183589983772 18.047229298727512 16.84527500747125 15.643320716214987 14.441366424958726 13.239412133702462 12.037457842446202 10.83550355118994 9.633549259931627 8.431594968675364 7.810569217247345 7.810569217247345 7.810569217247345 7.810569217247345 7.810569217247345 7.810569217247345 7.810569217247345 7.810569217247345 7.810569217247345
32.10538563741256 31.213679868719648 30.32197410002674 29.43026833133383 28.53856256264092 27.64685679394801 26.755151025255103 25.86344525656219 24.97173948786776 24.08003371917485 23.18832795048194 22.296622181789033 21.835895639977355 21.835895639977355 21.835895639977355 21.835895639977355 21.835895639977355 21.835895639977355 21.835895639977355 21.835895639977355 21.835895639977355 21.835895639977355 21.835895639977355 21.835895639977355 21.256311194787678 20.05713786693923 18.85796453909078 17.65879121124233 16.45961788339388 15.26044455554543 14.061271227696981 12.862097899848532 11.662924572000083 10.463751244151632 9.264577916301139 8.065404588452688 7.445815705217241 7.445815705217241 7.445815705217241 7.445815705217241 7.445815705217241 7.445815705217241 7.445815705217241 7.445815705217241 7.445815705217241
32.68384209704489 31.724047976685934 30.76425385632698 29.804459735968024 28.84466561560907 27.884871495250113 26.92507737489116 25.965283254532203 25.00548913417161 24.045695013812654 23.085900893453697 22.126106773094744 21.63020034134388 21.63020034134388 21.63020034134388 21.63020034134388 21.63020034134388 21.63020034134388 21.63020034134388 21.63020034134388 21.63020034134388 21.63020034134388 21.63020034134388 21.63020034134388 21.051310336383587 19.853573821078633 18.655837305773677 17.458100790468723 16.26036427516377 15.062627759858813 13.86489124455386 12.667154729248907 11.469418213943952 10.271681698638996 9.073945183332 7.876208668027045 7.2573621571063995 7.2573621571063995 7.2573621571063995 7.2573621571063995 7.2573621571063995 7.2573621571063995 7.2573621571063995 7.2573621571063995 7.2573621571063995
32.68384209704489 31.724047976685934 30.76425385632698 29.804459735968024 28.84466561560907 27.884871495250113 26.92507737489116 25.965283254532203 25.00548913417161 24.045695013812654 23.085900893453697 22.126106773094744 21.63020034134388 21.63020034134388 21.63020034134388 21.63020034134388 21.63020034134388 21.63020034134388 21.63020034134388 21.63020034134388 21.63020034134388 21.63020034134388 21.63020034134388 21.63020034134388 21.051310336383587 19.853573821078633 18.655837305773677 17.458100790468723 16.26036427516377 15.062627759858813 13.86489124455386 12.667154729248907 11.469418213943952 10.271681698638996 9.073945183332 7.876208668027045 7.2573621571063995 7.2573621571063995 7.2573621571063995 7.2573621571063995 7.2573621571063995 7.2573621571063995 7.2573621571063995 7.2573621571063995 7.2573621571063995
32.68384209704489 31.724047976685934 30.76425385632698 29.804459735968024 28.84466561560907 27.884871495250113 26.92507737489116 25.965283254532203 25.00548913417161 24.045695013812654 23.085900893453697 22.126106773094744 21.63020034134388 21.63020034134388 21.63020034134388 21.63020034134388 21.63020034134388 21.63020034134388 21.63020034134388 21.63020034134388 21.63020034134388 21.63020034134388 21.63020034134388 21.63020034134388 21.051310336383587 19.853573821078633 18.655837305773677 17.458100790468723 16.26036427516377 15.062627759858813 13.86489124455386 12.667154729248907 11.469418213943952 10.271681698638996 9.073945183332 7.876208668027045 7.2573621571063995 7.2573621571063995 7.2573621571063995 7.2573621571063995 7.2573621571063995 7.2573621571063995 7.2573621571063995 7.2573621571063995 7.2573621571063995
