Figures/CREST_Example_wjb_NSE/Rolling_result/20100722/BJP_forecast/ens_31/wjb.rain.20100726.asc
ncols            288
nrows            254
xllcorner        113.274861
yllcorner        31.4918055
cellsize         0.008333333333
NODATA_value     -9999
[rows 78 to 103 of 254, columns 58 to 115 of 288]
0.0 0.0 0.0 0.0 0.0 0.024315993012823642 0.07462633220765236 0.12493667140256688 0.17524701059739559 0.2255573497922243 0.27586768898705305 0.32617802818188174 0.3764883673767105 0.4267987065715392 0.4771090457663679 0.5274193849611967 0.5777297241560253 0.6702581212603897 0.8079185766758006 0.9455790320912114 1.083239487506857 1.220899942922268 1.3585603983376786 1.4962208537530897 1.6338813091685005 1.7715417645839113 1.9092022199993222 2.046862675414733 2.1845231308301436 2.26216959807899 2.2756597551438587 2.2891499122087278 2.3026400692735964 2.316130226338488 2.329620383403357 2.3431105404682255 2.3566006975330946 2.3700908545979633 2.383581011662832 2.3970711687277007 2.4105613257925693 2.3350053798460544 2.164257136387508 1.9935088929289617 1.8227606494704154 1.652012406011869 1.4812641625530316 1.3105159190944853 1.139767675635939 0.9690194321773926 0.7982711887188465 0.6275229452603002 0.45677470180175384 0.36154754550986773 0.34705413913768074 0.3325607327654937 0.3180673263933067 0.3035739200211197
0.0 0.0 0.0 0.0 0.0 0.022717000930687146 0.06971898936313048 0.11672097779565398 0.16372296622809732 0.21072495466054064 0.257726943092984 0.30472893152542735 0.35173091995787065 0.398732908390314 0.44573489682275735 0.4927368852552007 0.5397388736876441 0.6213345751755603 0.7399117379651955 0.8584889007548308 0.9770660635446682 1.0956432263343032 1.2142203891239385 1.3327975519135737 1.451374714703209 1.5699518774928443 1.6885290402824795 1.8071062030721146 1.9256833658617498 1.9949451050973863 2.0114875415997435 2.0280299781021003 2.0445724146044575 2.0611148511068427 2.0776572876092 2.094199724111557 2.1107421606139143 2.127284597116271 2.1438270336186283 2.1603694701209855 2.1769119066233427 2.110002249611702 1.95388041772509 1.7977585858384777 1.6416367539518655 1.4855149220652533 1.329393090178375 1.1732712582917628 1.0171494264051506 0.8610275945185386 0.7049057626319264 0.5487839307453142 0.3926620988587022 0.3060670469285242 0.29379769496261726 0.2815283429967103 0.26925899103080336 0.25698963906489636
0.0 0.0 0.0 0.0 0.0 0.021118008848552 0.06481164651861275 0.10850528418874802 0.1521989218588088 0.19589255952886953 0.2395861971989303 0.28327983486899105 0.3269734725390518 0.3706671102091126 0.4143607478791733 0.45805438554923406 0.5017480232192948 0.5724110290907725 0.6719048992546484 0.7713987694185243 0.8708926395825698 0.9703865097464457 1.0698803799103214 1.1693742500741973 1.2688681202380732 1.368361990401949 1.467855860565825 1.5673497307297009 1.6668436008935767 1.7277206121160107 1.7473153280558535 1.7669100439956962 1.786504759935539 1.8060994758754154 1.8256941918152583 1.845288907755101 1.8648836236949438 1.8844783396347866 1.9040730555746295 1.9236677715144723 1.9432624874543152 1.8849991193775417 1.7435036990628512 1.6020082787481607 1.4605128584334701 1.3190174381187796 1.177522017803848 1.0360265974891574 0.8945311771744668 0.7530357568597763 0.611540336545086 0.47004491623039546 0.3285494959157049 0.250586548347228 0.24054125078759916 0.23049595322797037 0.22045065566834154 0.21040535810871275
0.0 0.0 0.0 0.0 0.0 0.019519016766416857 0.05990430367409505 0.1002895905818421 0.1406748774895203 0.1810601643971985 0.22144545130487667 0.26183073821255487 0.30221602512023304 0.3426013120279112 0.3829865989355894 0.4233718858432676 0.4637571727509458 0.5234874830059847 0.6038980605441012 0.6843086380822178 0.7647192156204714 0.8451297931585878 0.9255403706967044 1.0059509482348208 1.0863615257729373 1.1667721033110539 1.2471826808491704 1.327593258387287 1.4080038359254035 1.4604961191346348 1.4831431145119633 1.5057901098892919 1.5284371052666206 1.5510841006439877 1.5737310960213162 1.596378091398645 1.6190250867759735 1.641672082153302 1.6643190775306307 1.6869660729079592 1.7096130682852877 1.6599959891433815 1.5331269804006127 1.4062579716578438 1.2793889629150748 1.152519954172306 1.0256509454293208 0.8987819366865519 0.771912927943783 0.6450439192010142 0.5181749104582452 0.3913059017154763 0.26443689297270745 0.19510604976593177 0.1872848066125811 0.17946356345923045 0.17164232030587978 0.1638210771525291
0.0 0.0 0.0 0.0 0.0 0.017920024684281714 0.05499696082957733 0.09207389697493616 0.1291508331202318 0.1662277692655274 0.20330470541082302 0.24038164155611863 0.27745857770141424 0.31453551384670986 0.35161244999200547 0.3886893861373011 0.4257663222825967 0.47456393692119697 0.5358912218335541 0.5972185067459113 0.658545791658373 0.7198730765707302 0.7812003614830874 0.8425276463954445 0.9038549313078017 0.9651822162201589 1.026509501132516 1.0878367860448732 1.1491640709572302 1.1932716261532592 1.2189709009680734 1.2446701757828877 1.270369450597702 1.2960687254125602 1.3217680002273744 1.3474672750421888 1.373166549857003 1.3988658246718173 1.4245650994866317 1.4502643743014458 1.4759636491162602 1.4349928589092211 1.322750261738374 1.2105076645675266 1.0982650673966794 0.9860224702258322 0.8737798730547937 0.7615372758839465 0.6492946787130992 0.537052081542252 0.42480948437140476 0.3125668872005576 0.20032429002971042 0.13962555118463554 0.13402836243756303 0.1284311736904905 0.12283398494341799 0.11723679619634547
0.0 0.0 0.0 0.0 0.0 0.016321032602146575 0.05008961798505962 0.08385820336803025 0.1176267887509433 0.15139537413385634 0.1851639595167694 0.21893254489968242 0.2527011302825955 0.2864697156655085 0.32023830104842155 0.3540068864313346 0.38777547181424765 0.42564039083640925 0.467884383123007 0.5101283754096048 0.5523723676962746 0.5946163599828724 0.6368603522694702 0.679104344556068 0.7213483368426659 0.7635923291292637 0.8058363214158614 0.8480803137024592 0.890324305989057 0.9260471331718833 0.9547986874241833 0.9835502416764833 1.0123017959287834 1.0410533501811323 1.0698049044334323 1.0985564586857324 1.1273080129380324 1.1560595671903324 1.1848111214426327 1.2135626756949325 1.2423142299472327 1.2099897286750607 1.1123735430761352 1.0147573574772095 0.917141171878284 0.8195249862793585 0.7219088006802664 0.6242926150813409 0.5266764294824153 0.42906024388348984 0.33144405828456425 0.23382787268563865 0.13621168708671316 0.08414505260333931 0.08077191826254494 0.07739878392175058 0.07402564958095621 0.07065251524016185
0.0 0.0 0.0 0.0 0.0 0.014722040520011435 0.045182275140541905 0.07564250976112433 0.1061027443816548 0.13656297900218528 0.16702321362271574 0.1974834482432462 0.2279436828637767 0.2584039174843072 0.2888641521048376 0.3193243867253681 0.3497846213458986 0.3767168447516215 0.39987754441245993 0.4230382440732984 0.4461989437341763 0.46935964339501474 0.4925203430558531 0.5156810427166916 0.53884174237753 0.5620024420383685 0.5851631416992069 0.6083238413600454 0.6314845410208838 0.6588226401905075 0.6906264738802933 0.7224303075700791 0.7542341412598648 0.7860379749497048 0.8178418086394906 0.8496456423292764 0.8814494760190621 0.9132533097088479 0.9450571433986337 0.9768609770884195 1.0086648107782052 0.9849865984409005 0.9019968244138965 0.8190070503868927 0.7360172763598887 0.6530275023328848 0.5700377283057394 0.4870479542787354 0.40405818025173146 0.32106840622472754 0.23807863219772363 0.1550888581707197 0.0720990841437158 0.02866455402204308 0.027515474087526866 0.026366394153010647 0.025217314218494432 0.024068234283978213
0.0 0.0 0.0 0.0 0.0 0.013336201368954283 0.04092910345972177 0.06852200555053631 0.09611490764130379 0.12370780973207127 0.15130071182283875 0.17889361391360623 0.20648651600437373 0.2340794180951412 0.2616723201859087 0.28926522227667617 0.31685812436744365 0.337284587865961 0.35004996650072107 0.3628153451354812 0.375580723770263 0.38834610240502315 0.4011114810397832 0.41387685967454335 0.4266422383093034 0.43940761694406355 0.4521729955788236 0.46493837421358375 0.4777037528483439 0.49978315331100087 0.5318194536849324 0.5638557540588639 0.5958920544327955 0.6279283548067816 0.6599646551807131 0.6920009555546447 0.7240372559285762 0.7560735563025076 0.7881098566764392 0.8201461570503707 0.8521824574243022 0.833745224578069 0.7613506434786164 0.6889560623791635 0.6165614812797109 0.544166900180258 0.4717723190806819 0.39937773798122916 0.3269831568817765 0.25458857578232374 0.182193994682871 0.10979941358341827 0.03740483248396553 0.0 0.0 0.0 0.0 0.0
0.0 0.0 0.0 0.0 0.0 0.012178209262195571 0.037375199508226105 0.06257218975429961 0.08776918000033014 0.11296617024636067 0.1381631604923912 0.16336015073842175 0.18855714098445228 0.2137541312304828 0.23895112147651335 0.2641481117225439 0.2893451019685744 0.3079979207202943 0.31965487220328315 0.33131182368627193 0.3429687751692806 0.3546257266522694 0.36628267813525817 0.377939629618247 0.3895965811012358 0.4012535325842246 0.41291048406721337 0.42456743555020215 0.436224387033191 0.45638661702500904 0.4856411820354416 0.5148957470458742 0.5441503120563066 0.573404877066789 0.6026594420772216 0.6319140070876541 0.6611685720980865 0.6904231371085191 0.7196777021189517 0.7489322671293841 0.7781868321398167 0.7613505176897403 0.6952420109502943 0.6291335042108482 0.5630249974714022 0.49691649073195615 0.4308079839923974 0.3646994772529514 0.29859097051350536 0.23248246377405934 0.16637395703461333 0.1002654502951672 0.034156943555721186 0.0 0.0 0.0 0.0 0.0
0.0 0.0 0.0 0.0 0.0 0.011020217155436857 0.033821295556730434 0.056622373958062897 0.07942345235935648 0.10222453076065005 0.12502560916194363 0.14782668756323722 0.17062776596453078 0.19342884436582436 0.21622992276711794 0.23903100116841153 0.2618320795697051 0.2787112535746276 0.2892597779058451 0.2998083022370626 0.3103568265682981 0.3209053508995156 0.3314538752307331 0.3420023995619506 0.3525509238931681 0.3630994482243856 0.3736479725556031 0.3841964968868206 0.3947450212180381 0.4129900807390172 0.43946291038595076 0.4659357400328843 0.49240856967981783 0.5188813993267964 0.54535422897373 0.5718270586206635 0.5982998882675971 0.6247727179145306 0.651245547561464 0.6777183772083977 0.7041912068553311 0.6889558108014116 0.6291333784219723 0.569310946042533 0.5094885136630936 0.4496660812836542 0.3898436489041129 0.33002121652467353 0.2701987841452342 0.21037635176579483 0.15055391938635554 0.09073148700691613 0.03090905462747684 0.0 0.0 0.0 0.0 0.0
0.0 0.0 0.0 0.0 0.0 0.009862225048678145 0.030267391605234773 0.0506725581618262 0.07107772471838282 0.09148289127493946 0.11188805783149608 0.13229322438805272 0.15269839094460932 0.17310355750116596 0.1935087240577226 0.2139138906142792 0.23431905717083584 0.24942458642896098 0.2588646836084072 0.26830478078785336 0.2777448779673157 0.2871849751467619 0.29662507232620805 0.30606516950565427 0.3155052666851005 0.32494536386454664 0.33438546104399286 0.3438255582234391 0.35326565540288524 0.3695935444530254 0.3932846387364599 0.41697573301989443 0.44066682730332896 0.4643579215868039 0.4880490158702384 0.5117401101536729 0.5354312044371075 0.559122298720542 0.5828133930039765 0.606504487287411 0.6301955815708455 0.6165611039130828 0.5630247458936501 0.5094883878742176 0.4559520298547849 0.40241567183535226 0.3488793138158283 0.2953429557963957 0.24180659777696306 0.18827023975753038 0.13473388173809775 0.08119752371866507 0.027661165699232493 0.0 0.0 0.0 0.0 0.0
0.0 0.0 0.0 0.0 0.0 0.008704232941919434 0.02671348765373911 0.0447227423655895 0.06273199707740917 0.08074125178922885 0.09875050650104852 0.1167597612128682 0.13476901592468787 0.15277827063650756 0.17078752534832722 0.1887967800601469 0.2068060347719666 0.22013791928329432 0.22846958931096922 0.2368012593386441 0.2451329293663332 0.2534645993940081 0.261796269421683 0.2701279394493579 0.2784596094770328 0.28679127950470773 0.2951229495323826 0.3034546195600575 0.3117862895877324 0.32619700816703356 0.34710636708696907 0.3680157260069046 0.3889250849268401 0.4098344438468113 0.43074380276674684 0.45165316168668235 0.47256252060661785 0.49347187952655336 0.514381238446489 0.5352905973664244 0.55619995628636 0.544166397024754 0.49691611336532804 0.44966582970590213 0.40241554604647617 0.35516526238705026 0.3079149787275437 0.2606646950681178 0.21341441140869183 0.16616412774926587 0.11891384408983996 0.071663560430414 0.024413276770988035 0.0 0.0 0.0 0.0 0.0
0.0 0.0 0.0 0.0 0.0 0.007546240835160721 0.023159583702243445 0.03877292656935279 0.05438626943643552 0.06999961230351824 0.08561295517060097 0.1012262980376837 0.11683964090476641 0.13245298377184914 0.14806632663893188 0.1636796695060146 0.1792930123730973 0.19085125213762766 0.19807449501353125 0.20529773788943484 0.21252098076535078 0.21974422364125437 0.226967466517158 0.23419070939306158 0.2414139522689652 0.2486371951448688 0.2558604380207724 0.263083680896676 0.2703069237725796 0.28280047188104174 0.3009280954374783 0.3190557189939148 0.3371833425503513 0.3553109661068188 0.37343858966325527 0.39156621321969176 0.4096938367761283 0.42782146033256485 0.44594908388900134 0.4640767074454379 0.48220433100187443 0.4717716901364253 0.43080748083700604 0.3898432715375868 0.34887906223816756 0.30791485293874826 0.26695064363925913 0.22598643433983995 0.18502222504042065 0.1440580157410014 0.10309380644158217 0.06212959714216293 0.021165387842743688 0.0 0.0 0.0 0.0 0.0
0.0 0.0 0.0 0.0 0.0 0.006388248728402008 0.01960567975074778 0.03282311077311609 0.04604054179546186 0.05925797281780763 0.0724754038401534 0.08569283486249918 0.09891026588484494 0.11212769690719072 0.1253451279295365 0.13856255895188227 0.15177998997422804 0.16156458499196097 0.16767940071609327 0.17379421644022558 0.17990903216436832 0.1860238478885006 0.1921386636126329 0.1982534793367652 0.20436829506089751 0.21048311078502982 0.21659792650916213 0.2227127422332944 0.2288275579574267 0.2394039355950499 0.25474982378798744 0.27009571198092497 0.2854416001738625 0.3007874883668262 0.3161333765597637 0.33147926475270123 0.34682515294563876 0.3621710411385763 0.3775169293315138 0.3928628175244513 0.4082087057173889 0.3993769832480965 0.364698848308684 0.3300207133692714 0.2953425784298589 0.2606644434904463 0.22598630855097462 0.19130817361156208 0.15663003867214953 0.12195190373273695 0.08727376879332444 0.05259563385391186 0.01791749891449934 0.0 0.0 0.0 0.0 0.0
0.0 0.0 0.0 0.0 0.0 0.005230256621642309 0.016051775799249088 0.02687329497687432 0.037694814154481095 0.04851633333208787 0.05933785250969465 0.07015937168730144 0.08098089086490821 0.09180241004251499 0.10262392922012177 0.11344544839772855 0.12426696757533533 0.13227791784626936 0.1372843064186294 0.14229069499098945 0.14729708356335805 0.1523034721357181 0.15730986070807818 0.16231624928043822 0.16732263785279827 0.17232902642515835 0.1773354149975184 0.18234180356987845 0.18734819214223852 0.19600739930902109 0.20857155213845724 0.2211357049678934 0.23369985779732955 0.24626401062678713 0.2588281634562233 0.2713923162856594 0.2839564691150956 0.29652062194453177 0.3090847747739679 0.321648927603404 0.3342130804328402 0.32698227635970606 0.29859021578030553 0.27019815520090507 0.24180609462150454 0.21341403404210407 0.18502197346265514 0.15662991288325465 0.12823785230385418 0.09984579172445368 0.07145373114505316 0.04306167056565269 0.014669609986252163 0.0 0.0 0.0 0.0 0.0
0.0 0.0 0.0 0.0 0.0 0.004072264514883596 0.012497871847753422 0.020923479180637614 0.02934908651350744 0.037774693846377265 0.04620030117924709 0.05462590851211692 0.06305151584498674 0.07147712317785657 0.0799027305107264 0.08832833784359621 0.09675394517646604 0.10299125070060268 0.10688921212119144 0.11078717354178019 0.1146851349623756 0.11858309638296435 0.12248105780355312 0.12637901922414188 0.13027698064473064 0.13417494206531938 0.13807290348590814 0.1419708649064969 0.14586882632708564 0.15261086302302923 0.1623932804889664 0.17217569795490356 0.1819581154208407 0.19174053288679455 0.20152295035273168 0.21130536781866885 0.221087785284606 0.23087020275054315 0.24065262021648032 0.2504350376824175 0.2602174551483546 0.2545875694713773 0.23248158325198348 0.21037559703258968 0.18826961081319588 0.16616362459380207 0.14405763837437058 0.1219516521549768 0.099845665935583 0.07773967971618923 0.05563369349679542 0.03352770727740165 0.011421721058007872 0.0 0.0 0.0 0.0 0.0
0.0 0.0 0.0 0.0 0.0 0.0029142724081248836 0.008943967896257758 0.014973663384400914 0.021003358872533788 0.02703305436066666 0.03306274984879953 0.03909244533693241 0.045122140825065285 0.051151836313198154 0.05718153180133103 0.0632112272894639 0.06924092277759678 0.07370458355493602 0.07649411782375347 0.07928365209257093 0.08207318636139314 0.0848627206302106 0.08765225489902806 0.09044178916784551 0.09323132343666297 0.09602085770548043 0.09881039197429789 0.10159992624311534 0.10438946051193279 0.1092143267370374 0.11621500883947557 0.12321569094191372 0.13021637304435188 0.13721705514680196 0.14421773724924014 0.1512184193516783 0.15821910145411644 0.1652197835565546 0.17222046565899277 0.17922114776143092 0.1862218298638691 0.1821928625830485 0.16637295072366143 0.15055303886427432 0.13473312700488724 0.11891321514550013 0.10309330328608605 0.08727339142669896 0.07145347956731186 0.05563356770792477 0.03981365584853766 0.02399374398915058 0.00817383212976347 0.0 0.0 0.0 0.0 0.0
0.0 0.0 0.0 0.0 0.0 0.0017562803013661714 0.005390063944762094 0.009023847588164212 0.012657631231560135 0.016291414874956056 0.019925198518351978 0.0235589821617479 0.027192765805143824 0.030826549448539745 0.03446033309193566 0.03809411673533159 0.04172790037872751 0.04441791640926935 0.04609902352631551 0.04778013064336167 0.04946123776041069 0.05114234487745685 0.052823451994503 0.05450455911154916 0.05618566622859532 0.05786677334564148 0.059547880462687636 0.06122898757973379 0.06291009469677994 0.06581779045104556 0.07003673718998472 0.07425568392892389 0.07847463066786305 0.08269357740680941 0.08691252414574857 0.09113147088468773 0.09535041762362689 0.09956936436256605 0.1037883111015052 0.10800725784044436 0.11222620457938352 0.10979815569471978 0.10026431819533937 0.09073048069595897 0.08119664319657857 0.07166280569719817 0.06212896819780151 0.05259513069842111 0.043061293199040715 0.033527455699660313 0.023993618200279912 0.01445978070089951 0.004925943201519109 0.0 0.0 0.0 0.0 0.0
0.0 0.0 0.0 0.0 0.0 0.0005982881946074588 0.0018361599932664287 0.0030740317919275098 0.00431190359058648 0.005549775389245449 0.006787647187904419 0.008025518986563389 0.00926339078522236 0.01050126258388133 0.011739134382540298 0.012977006181199268 0.014214877979858239 0.015131249263602686 0.015703929228877544 0.0162766091941524 0.016849289159428234 0.017421969124703094 0.01799464908997795 0.01856732905525281 0.019140009020527666 0.019712688985802525 0.02028536895107738 0.02085804891635224 0.021430728881627097 0.02242125416505374 0.0238584655404939 0.02529567691593406 0.026732888291374223 0.028170099666816835 0.029607311042256997 0.03104452241769716 0.03248173379313732 0.03391894516857748 0.03535615654401764 0.0367933679194578 0.03823057929489797 0.037403448806391015 0.034155685667017315 0.030907922527643614 0.027660159388269906 0.024412396248896205 0.021164633109516964 0.01791686997014326 0.014669106830769555 0.01142134369139585 0.008173580552022146 0.004925817412648442 0.0016780542732747414 0.0 0.0 0.0 0.0 0.0
0.0 0.0 0.0 0.0 0.0 0.0 0.0 0.0 0.0 0.0 0.0 0.0 0.0 0.0 0.0 0.0 0.0 0.0 0.0 0.0 0.0 0.0 0.0 0.0 0.0 0.0 0.0 0.0 0.0 0.0 0.0 0.0 0.0 0.0 0.0 0.0 0.0 0.0 0.0 0.0 0.0 0.0 0.0 0.0 0.0 0.0 0.0 0.0 0.0 0.0 0.0 0.0 0.0 0.0 0.0 0.0 0.0 0.0
0.0 0.0 0.0 0.0 0.0 0.0 0.0 0.0 0.0 0.0 0.0 0.0 0.0 0.0 0.0 0.0 0.0 0.0 0.0 0.0 0.0 0.0 0.0 0.0 0.0 0.0 0.0 0.0 0.0 0.0 0.0 0.0 0.0 0.0 0.0 0.0 0.0 0.0 0.0 0.0 0.0 0.0 0.0 0.0 0.0 0.0 0.0 0.0 0.0 0.0 0.0 0.0 0.0 0.0 0.0 0.0 0.0 0.0
0.0 0.0 0.0 0.0 0.0 0.0 0.0 0.0 0.0 0.0 0.0 0.0 0.0 0.0 0.0 0.0 0.0 0.0 0.0 0.0 0.0 0.0 0.0 0.0 0.0 0.0 0.0 0.0 0.0 0.0 0.0 0.0 0.0 0.0 0.0 0.0 0.0 0.0 0.0 0.0 0.0 0.0 0.0 0.0 0.0 0.0 0.0 0.0 0.0 0.0 0.0 0.0 0.0 0.0 0.0 0.0 0.0 0.0
0.0 0.0 0.0 0.0 0.0 0.0 0.0 0.0 0.0 0.0 0.0 0.0 0.0 0.0 0.0 0.0 0.0 0.0 0.0 0.0 0.0 0.0 0.0 0.0 0.0 0.0 0.0 0.0 0.0 0.0 0.0 0.0 0.0 0.0 0.0 0.0 0.0 0.0 0.0 0.0 0.0 0.0 0.0 0.0 0.0 0.0 0.0 0.0 0.0 0.0 0.0 0.0 0.0 0.0 0.0 0.0 0.0 0.0
0.0 0.0 0.0 0.0 0.0 0.0 0.0 0.0 0.0 0.0 0.0 0.0 0.0 0.0 0.0 0.0 0.0 0.0 0.0 0.0 0.0 0.0 0.0 0.0 0.0 0.0 0.0 0.0 0.0 0.0 0.0 0.0 0.0 0.0 0.0 0.0 0.0 0.0 0.0 0.0 0.0 0.0 0.0 0.0 0.0 0.0 0.0 0.0 0.0 0.0 0.0 0.0 0.0 0.0 0.0 0.0 0.0 0.0
0.0 0.0 0.0 0.0 0.0 0.0 0.0 0.0 0.0 0.0 0.0 0.0 0.0 0.0 0.0 0.0 0.0 0.0 0.0 0.0 0.0 0.0 0.0 0.0 0.0 0.0 0.0 0.0 0.0 0.0 0.0 0.0 0.0 0.0 0.0 0.0 0.0 0.0 0.0 0.0 0.0 0.0 0.0 0.0 0.0 0.0 0.0 0.0 0.0 0.0 0.0 0.0 0.0 0.0 0.0 0.0 0.0 0.0
0.0 0.0 0.0 0.0 0.0 0.0 0.0 0.0 0.0 0.0 0.0 0.0 0.0 0.0 0.0 0.0 0.0 0.0 0.0 0.0 0.0 0.0 0.0 0.0 0.0 0.0 0.0 0.0 0.0 0.0 0.0 0.0 0.0 0.0 0.0 0.0 0.0 0.0 0.0 0.0 0.0 0.0 0.0 0.0 0.0 0.0 0.0 0.0 0.0 0.0 0.0 0.0 0.0 0.0 0.0 0.0 0.0 0.0
