Figures/CREST_Example_wjb_NSE/Rolling_result/20100722/BJP_forecast/ens_31/wjb.rain.20100302.asc
ncols            288
nrows            254
xllcorner        113.274861
yllcorner        31.4918055
cellsize         0.008333333333
NODATA_value     -9999
[rows 80 to 99 of 254, columns 44 to 87 of 288]
0.49333823050957426 0.5336550808391134 0.5739719311686524 0.6142887814981914 0.6546056318277305 0.6949224821572695 0.7352393324868085 0.7560702427973849 0.7560702427973849 0.7560702427973849 0.7560702427973849 0.7560702427973849 0.7560702427973849 0.7560702427973849 0.7560702427973849 0.7560702427973849 0.7560702427973849 0.7560702427973849 0.7560702427973849 0.7660443661276963 0.7866810527583588 0.8073177393890565 0.827954426019719 0.8485911126503816 0.869227799281044 0.8898644859117065 0.9105011725423691 0.9311378591730315 0.951774545803694 0.9724112324343566 0.9930479190650191 1.001822005452854 0.997914704008327 0.9940074025638002 0.9901001011192666 0.9861927996747397 0.9822854982302128 0.9783781967856859 0.974470895341159 0.9705635938966322 0.9666562924521053 0.9627489910075784 0.9588416895630515 0.9568228650390925
0.5055105516563276 0.5419158143307402 0.5783210770051528 0.6147263396795654 0.6511316023539779 0.6875368650283905 0.7239421277028031 0.742751998895743 0.742751998895743 0.742751998895743 0.742751998895743 0.742751998895743 0.742751998895743 0.742751998895743 0.742751998895743 0.742751998895743 0.742751998895743 0.742751998895743 0.742751998895743 0.7544195161878665 0.7785598732038722 0.8027002302199192 0.8268405872359249 0.8509809442519307 0.8751213012679364 0.8992616582839422 0.923402015299948 0.9475423723159537 0.9716827293319595 0.9958230863479652 1.019963443363971 1.0315165682647442 1.0296136574801091 1.0277107466954738 1.0258078359108354 1.0239049251262002 1.022002014341565 1.0200991035569298 1.0181961927722947 1.0162932819876593 1.0143903712030242 1.0124874604183889 1.0105845496337538 1.0096013536829247
0.517682872803081 0.5501765478223671 0.5826702228416533 0.6151638978609394 0.6476575728802255 0.6801512478995115 0.7126449229187977 0.729433754994101 0.729433754994101 0.729433754994101 0.729433754994101 0.729433754994101 0.729433754994101 0.729433754994101 0.729433754994101 0.729433754994101 0.729433754994101 0.729433754994101 0.729433754994101 0.7427946662480367 0.7704386936493857 0.7980827210507817 0.8257267484521307 0.8533707758534798 0.8810148032548287 0.9086588306561777 0.9363028580575267 0.9639468854588756 0.9915909128602246 1.0192349402615735 1.0468789676629227 1.0612111310766341 1.0613126109518907 1.0614140908271472 1.0615155707024038 1.0616170505776603 1.0617185304529169 1.0618200103281734 1.06192149020343 1.0620229700786865 1.0621244499539428 1.0622259298291994 1.062327409704456 1.0623798423267568
0.5298551939498344 0.5584372813139941 0.5870193686781537 0.6156014560423134 0.6441835434064731 0.6727656307706327 0.7013477181347924 0.7161155110924591 0.7161155110924591 0.7161155110924591 0.7161155110924591 0.7161155110924591 0.7161155110924591 0.7161155110924591 0.7161155110924591 0.7161155110924591 0.7161155110924591 0.7161155110924591 0.7161155110924591 0.7311698163082069 0.7623175140948991 0.7934652118816444 0.8246129096683367 0.8557606074550289 0.8869083052417212 0.9180560030284134 0.9492037008151055 0.9803513986017978 1.01149909638849 1.0426467941751822 1.0737944919618745 1.0909056938885244 1.0930115644236726 1.0951174349588209 1.0972233054939726 1.0993291760291208 1.101435046564269 1.1035409170994173 1.1056467876345655 1.1077526581697137 1.109858528704862 1.11196439924001 1.114070269775158 1.1151583309705888
0.5420275150965876 0.5666980148056209 0.5913685145146541 0.6160390142236873 0.6407095139327205 0.6653800136417536 0.6900505133507868 0.702797267190817 0.702797267190817 0.702797267190817 0.702797267190817 0.702797267190817 0.702797267190817 0.702797267190817 0.702797267190817 0.702797267190817 0.702797267190817 0.702797267190817 0.702797267190817 0.719544966368377 0.7541963345404125 0.788847702712507 0.8234990708845424 0.858150439056578 0.8928018072286135 0.9274531754006489 0.9621045435726844 0.9967559117447198 1.0314072799167553 1.0660586480887908 1.1007100162608263 1.1206002567004145 1.1247105178954544 1.1288207790904943 1.1329310402855413 1.1370413014805811 1.141151562675621 1.145261823870661 1.149372085065701 1.1534823462607409 1.1575926074557807 1.1617028686508206 1.1658131298458607 1.167936819614421
0.5656015714885739 0.5905435111160816 0.6154854507435892 0.6404273903710967 0.6653693299986044 0.690311269626112 0.7152532092536197 0.7281402106712813 0.7281402106712813 0.7281402106712813 0.7281402106712813 0.7281402106712813 0.7281402106712813 0.7281402106712813 0.7281402106712813 0.7281402106712813 0.7281402106712813 0.7281402106712813 0.7281402106712813 0.7448002802605012 0.7792703408334364 0.8137404014064304 0.8482104619793656 0.8826805225523009 0.9171505831252361 0.9516206436981713 0.9860907042711065 1.0205607648440418 1.055030825416977 1.0895008859899122 1.1239709465628476 1.1442116433200598 1.1492408284810638 1.1542700136420678 1.1592991988030803 1.1643283839640841 1.1693575691250881 1.174386754286092 1.179415939447096 1.1844451246081 1.1894743097691038 1.1945034949301079 1.1995326800911117 1.2021311594976052
0.6013633639924902 0.6310481362799812 0.6607329085674724 0.6904176808549634 0.7201024531424545 0.7497872254299456 0.7794719977174367 0.7948095259235415 0.7948095259235415 0.7948095259235415 0.7948095259235415 0.7948095259235415 0.7948095259235415 0.7948095259235415 0.7948095259235415 0.7948095259235415 0.7948095259235415 0.7948095259235415 0.7948095259235415 0.8094781640406215 0.8398279078823513 0.8701776517241328 0.9005273955658626 0.9308771394075923 0.9612268832493222 0.9915766270910519 1.0219263709327817 1.0522761147745114 1.0826258586162412 1.1129756024579711 1.1433253462997008 1.1613204981268233 1.1661083117953017 1.1708961254637802 1.1756839391322669 1.1804717528007453 1.1852595664692238 1.1900473801377023 1.1948351938061808 1.1996230074746594 1.204410821143138 1.2091986348116164 1.2139864484800948 1.21646021606299
0.6371251564964064 0.671552761443881 0.7059803663913555 0.7404079713388301 0.7748355762863046 0.8092631812337792 0.8436907861812537 0.8614788411758016 0.8614788411758016 0.8614788411758016 0.8614788411758016 0.8614788411758016 0.8614788411758016 0.8614788411758016 0.8614788411758016 0.8614788411758016 0.8614788411758016 0.8614788411758016 0.8614788411758016 0.8741560478207419 0.9003854749312662 0.9266149020418353 0.9528443291523596 0.979073756262884 1.0053031833734083 1.0315326104839326 1.057762037594457 1.0839914647049813 1.1102208918155059 1.1364503189260302 1.1626797460365546 1.178429352933587 1.18297579510954 1.187522237285493 1.192068679461454 1.1966151216374068 1.20116156381336 1.205708005989313 1.210254448165266 1.214800890341219 1.219347332517172 1.223893774693125 1.2284402168690782 1.2307892726283751
0.6728869490003226 0.7120573866077806 0.7512278242152386 0.7903982618226966 0.8295686994301547 0.8687391370376126 0.9079095746450707 0.9281481564280618 0.9281481564280618 0.9281481564280618 0.9281481564280618 0.9281481564280618 0.9281481564280618 0.9281481564280618 0.9281481564280618 0.9281481564280618 0.9281481564280618 0.9281481564280618 0.9281481564280618 0.9388339316008621 0.9609430419801811 0.9830521523595377 1.0051612627388566 1.0272703731181754 1.0493794834974943 1.0714885938768133 1.0935977042561322 1.115706814635451 1.13781592501477 1.1599250353940889 1.1820341457734078 1.1955382077403502 1.199843278423778 1.2041483491072056 1.2084534197906405 1.2127584904740683 1.2170635611574958 1.2213686318409234 1.225673702524351 1.2299787732077787 1.2342838438912063 1.2385889145746338 1.2428939852580614 1.2451183291937602
0.7086487415042388 0.7525620117716803 0.7964752820391218 0.8403885523065633 0.8843018225740047 0.9282150928414461 0.9721283631088877 0.9948174716803219 0.9948174716803219 0.9948174716803219 0.9948174716803219 0.9948174716803219 0.9948174716803219 0.9948174716803219 0.9948174716803219 0.9948174716803219 0.9948174716803219 0.9948174716803219 0.9948174716803219 1.0035118153809823 1.021500609029096 1.03948940267724 1.0574781963253534 1.075466989973467 1.0934557836215804 1.111444577269694 1.1294333709178073 1.1474221645659208 1.1654109582140344 1.1833997518621477 1.2013885455102613 1.212647062547114 1.216710761738016 1.2207744609289182 1.2248381601198273 1.2289018593107295 1.2329655585016317 1.2370292576925337 1.241092956883436 1.2451566560743381 1.2492203552652403 1.2532840544561423 1.2573477536470445 1.259447385759145
0.744410534008155 0.7930666369355801 0.8417227398630049 0.89037884279043 0.9390349457178548 0.9876910486452798 1.0363471515727047 1.0614867869325821 1.0614867869325821 1.0614867869325821 1.0614867869325821 1.0614867869325821 1.0614867869325821 1.0614867869325821 1.0614867869325821 1.0614867869325821 1.0614867869325821 1.0614867869325821 1.0614867869325821 1.0681896991611028 1.0820581760780108 1.0959266529949425 1.1097951299118505 1.1236636068287587 1.1375320837456666 1.1514005606625746 1.1652690375794827 1.1791375144963907 1.1930059914132987 1.2068744683302066 1.2207429452471148 1.2297559173538775 1.233578245052254 1.237400572750631 1.241222900449014 1.245045228147391 1.2488675558457676 1.2526898835441442 1.256512211242521 1.2603345389408978 1.2641568666392744 1.267979194337651 1.271801522036028 1.2737764423245301
0.7801723265120712 0.8335712620994796 0.886970197686888 0.9403691332742964 0.9937680688617048 1.047167004449113 1.1005659400365215 1.128156102184842 1.128156102184842 1.128156102184842 1.128156102184842 1.128156102184842 1.128156102184842 1.128156102184842 1.128156102184842 1.128156102184842 1.128156102184842 1.128156102184842 1.128156102184842 1.132867582941223 1.1426157431269255 1.1523639033126447 1.1621120634983475 1.17186022368405 1.1816083838697526 1.1913565440554552 1.2011047042411578 1.2108528644268604 1.2206010246125631 1.2303491847982657 1.2400973449839683 1.246864772160641 1.2504457283664923 1.2540266845723436 1.2576076407782009 1.2611885969840522 1.2647695531899035 1.2683505093957548 1.271931465601606 1.2755124218074574 1.2790933780133087 1.28267433421916 1.286255290425011 1.2881054988899152
0.815934119016018 0.8740758872634138 0.9322176555108097 0.9903594237582056 1.0485011920056015 1.1066429602529975 1.1647847285003934 1.194825417437159 1.194825417437159 1.194825417437159 1.194825417437159 1.194825417437159 1.194825417437159 1.194825417437159 1.194825417437159 1.194825417437159 1.194825417437159 1.194825417437159 1.194825417437159 1.1975454667213985 1.2031733101758921 1.2088011536303953 1.214428997084889 1.2200568405393826 1.2256846839938762 1.23131252744837 1.2369403709028637 1.2425682143573573 1.248196057811851 1.2538239012663446 1.2594517447208382 1.263973626967419 1.2673132116807448 1.2706527963940704 1.2739923811074017 1.2773319658207274 1.280671550534053 1.2840111352473784 1.2873507199607042 1.2906903046740297 1.2940298893873554 1.297369474100681 1.3007090588140067 1.3024345554553123
0.8516959115199343 0.9145805124273136 0.977465113334693 1.0403497142420723 1.1032343151494517 1.166118916056831 1.2290035169642104 1.2614947326894193 1.2614947326894193 1.2614947326894193 1.2614947326894193 1.2614947326894193 1.2614947326894193 1.2614947326894193 1.2614947326894193 1.2614947326894193 1.2614947326894193 1.2614947326894193 1.2614947326894193 1.2622233505015188 1.263730877224807 1.2652384039480977 1.266745930671386 1.2682534573946742 1.2697609841179625 1.2712685108412507 1.272776037564539 1.2742835642878272 1.2757910910111152 1.2772986177344035 1.2788061444576917 1.2810824817741826 1.2841806949949828 1.287278908215783 1.2903771214365884 1.2934753346573886 1.2965735478781888 1.299671761098989 1.3027699743197891 1.3058681875405893 1.3089664007613895 1.3120646139821897 1.3151628272029898 1.3167636120206974
0.8874577040238505 0.9550851375912133 1.022712571158576 1.090340004725939 1.1579674382933018 1.2255948718606646 1.2932223054280274 1.3281640479416794 1.3281640479416794 1.3281640479416794 1.3281640479416794 1.3281640479416794 1.3281640479416794 1.3281640479416794 1.3281640479416794 1.3281640479416794 1.3281640479416794 1.3281640479416794 1.3281640479416794 1.326901234281639 1.324288444273722 1.3216756542658001 1.319062864257883 1.3164500742499659 1.3138372842420485 1.3112244942341313 1.3086117042262142 1.3059989142182968 1.3033861242103797 1.3007733342024626 1.2981605441945452 1.2981913365809463 1.301048178309221 1.3039050200374958 1.3067618617657752 1.30961870349405 1.312475545222325 1.3153323869505995 1.3181892286788743 1.321046070407149 1.3239029121354238 1.3267597538636984 1.3296165955919732 1.3310926685860824
0.9232194965277667 0.9955897627551129 1.0679600289824593 1.1403302952098056 1.2127005614371518 1.285070827664498 1.3574410938918444 1.3948333631939396 1.3948333631939396 1.3948333631939396 1.3948333631939396 1.3948333631939396 1.3948333631939396 1.3948333631939396 1.3948333631939396 1.3948333631939396 1.3948333631939396 1.3948333631939396 1.3948333631939396 1.3915791180617594 1.3848460113226368 1.3781129045835026 1.37137979784438 1.3646466911052573 1.3579135843661347 1.351180477627012 1.3444473708878895 1.3377142641487667 1.330981157409644 1.3242480506705214 1.3175149439313987 1.3153001913877098 1.317915661623459 1.3205311318592083 1.323146602094962 1.3257620723307113 1.3283775425664606 1.3309930128022098 1.333608483037959 1.3362239532737084 1.3388394235094578 1.341454893745207 1.3440703639809564 1.3454217251514673
0.9589812890316829 1.0360943879190125 1.1132074868063424 1.190320585693672 1.267433684581002 1.3445467834683318 1.4216598823556614 1.4615026784461997 1.4615026784461997 1.4615026784461997 1.4615026784461997 1.4615026784461997 1.4615026784461997 1.4615026784461997 1.4615026784461997 1.4615026784461997 1.4615026784461997 1.4615026784461997 1.4615026784461997 1.45625700184188 1.4454035783715518 1.4345501549012052 1.423696731430877 1.412843307960549 1.4019898844902208 1.3911364610198926 1.3802830375495647 1.3694296140792366 1.3585761906089084 1.3477227671385803 1.3368693436682522 1.3324090461944733 1.3347831449376972 1.3371572436809211 1.3395313424241488 1.3419054411673728 1.3442795399105967 1.3466536386538204 1.3490277373970443 1.351401836140268 1.353775934883492 1.3561500336267158 1.3585241323699395 1.3597507817168524
0.9774579765222244 1.0570215073018832 1.1365850380815419 1.2161485688612008 1.2957120996408595 1.3752756304205183 1.454839161200177 1.4959480464458466 1.4959480464458466 1.4959480464458466 1.4959480464458466 1.4959480464458466 1.4959480464458466 1.4959480464458466 1.4959480464458466 1.4959480464458466 1.4959480464458466 1.4959480464458466 1.4959480464458466 1.489673476869634 1.476691250582831 1.4637090242960058 1.4507267980092027 1.4377445717223996 1.4247623454355964 1.4117801191487933 1.3987978928619902 1.385815666575187 1.372833440288384 1.3598512140015808 1.3468689877147777 1.3412485070115172 1.3434978987609283 1.3457472905103396 1.3479966822597544 1.3502460740091655 1.3524954657585766 1.3547448575079877 1.3569942492573988 1.3592436410068098 1.361493032756221 1.363742424505632 1.365991816255043 1.3671540319919586
0.9774579765222244 1.0570215073018832 1.1365850380815419 1.2161485688612008 1.2957120996408595 1.3752756304205183 1.454839161200177 1.4959480464458466 1.4959480464458466 1.4959480464458466 1.4959480464458466 1.4959480464458466 1.4959480464458466 1.4959480464458466 1.4959480464458466 1.4959480464458466 1.4959480464458466 1.4959480464458466 1.4959480464458466 1.489673476869634 1.476691250582831 1.4637090242960058 1.4507267980092027 1.4377445717223996 1.4247623454355964 1.4117801191487933 1.3987978928619902 1.385815666575187 1.372833440288384 1.3598512140015808 1.3468689877147777 1.3412485070115172 1.3434978987609283 1.3457472905103396 1.3479966822597544 1.3502460740091655 1.3524954657585766 1.3547448575079877 1.3569942492573988 1.3592436410068098 1.361493032756221 1.363742424505632 1.365991816255043 1.3671540319919586
0.9774579765222244 1.0570215073018832 1.1365850380815419 1.2161485688612008 1.2957120996408595 1.3752756304205183 1.454839161200177 1.4959480464458466 1.4959480464458466 1.4959480464458466 1.4959480464458466 1.4959480464458466 1.4959480464458466 1.4959480464458466 1.4959480464458466 1.4959480464458466 1.4959480464458466 1.4959480464458466 1.4959480464458466 1.489673476869634 1.476691250582831 1.4637090242960058 1.4507267980092027 1.4377445717223996 1.4247623454355964 1.4117801191487933 1.3987978928619902 1.385815666575187 1.372833440288384 1.3598512140015808 1.3468689877147777 1.3412485070115172 1.3434978987609283 1.3457472905103396 1.3479966822597544 1.3502460740091655 1.3524954657585766 1.3547448575079877 1.3569942492573988 1.3592436410068098 1.361493032756221 1.363742424505632 1.365991816255043 1.3671540319919586
