Figures/CREST_Example_wjb_NSE/Rolling_result/20100722/BJP_forecast/ens_31/wjb.rain.20100728.asc
ncols            288
nrows            254
xllcorner        113.274861
yllcorner        31.4918055
cellsize         0.008333333333
NODATA_value     -9999
[rows 189 to 215 of 254, columns 122 to 182 of 288]
0.0 0.0 0.0 0.0 0.0 0.0 0.0 0.0 0.0 0.0 0.0 0.0 0.0 0.0 0.0 0.0 0.0 0.0 0.0 0.0 0.0 0.0 0.0 0.0 0.0 0.0 0.0 0.0 0.0 0.0 0.0 0.0 0.0 0.0 0.0 0.0 0.0 0.0 0.0 0.0 0.0 0.0 0.0 0.0 0.0 0.0 0.0 0.0 0.0 0.0 0.0 0.0 0.0 0.0 0.0 0.0 0.0 0.0 0.0 0.0 0.0
0.0 0.0 0.0 0.0 0.0 0.0 0.0 0.0 0.0 0.0 0.0 0.0 0.0 0.0 0.0 0.0 0.0 0.0 0.0 0.0 0.0 0.0 0.0 0.0 0.0 0.0 0.0 0.0 0.0 0.0 0.0 0.0 0.0 0.0 0.0 0.0 0.0 0.0 0.0 0.0 0.0 0.0 0.0 0.0 0.0 0.0 0.0 0.0 0.0 0.0 0.0 0.0 0.0 0.0 0.0 0.0 0.0 0.0 0.0 0.0 0.0
0.0 0.0 0.0 0.0 0.0 0.0 0.0 0.0 0.0 0.0 0.0 0.0 0.0 0.0 0.0 0.0 0.0 0.0 0.0 0.0 0.0 0.0 0.0 0.0 0.0 0.0 0.0 0.0 0.0 0.0 0.0 0.0 0.0 0.0 0.0 0.0 0.0 0.0 0.0 0.0 0.0 0.0 0.0 0.0 0.0 0.0 0.0 0.0 0.0 0.0 0.0 0.0 0.0 0.0 0.0 0.0 0.0 0.0 0.0 0.0 0.0
0.0 0.0 0.0 0.0 0.0 0.0 0.0 0.0 0.0 0.0 0.0 0.0 0.0 0.0 0.0 0.0 0.0 0.0 0.0 0.0 0.0 0.0 0.0 0.0 0.0 0.0 0.0 0.0 0.0 0.0 0.0 0.0 0.0 0.0 0.0 0.0 0.0 0.0 0.0 0.0 0.0 0.0 0.0 0.0 0.0 0.0 0.0 0.0 0.0 0.0 0.0 0.0 0.0 0.0 0.0 0.0 0.0 0.0 0.0 0.0 0.0
0.6107241257713353 0.044956589432141744 0.04105298271466313 0.037149375997184514 0.033245769279705906 0.02934216256222729 0.02543855584474868 0.021534949127270067 0.017631342409784798 0.013727735692306182 0.009824128974827574 0.005920522257348959 0.002016915539870351 0.0 0.0 0.0 0.0 0.0 0.0 0.0 0.0 0.0 0.0 0.0 0.0 0.0 0.0 0.0 0.0 0.0 0.0 0.0 0.0 0.0 0.0 0.0 0.0 0.0017972579409806144 0.0055158252765523 0.009234392612123986 0.012952959947695674 0.01667152728326736 0.020390094618839047 0.02410866195441073 0.02782722928998242 0.0315457966255541 0.03526436396112579 0.03898293129670382 0.0427014986322755 0.04540350690778901 0.04701879055047549 0.048634074193161965 0.05024935783584844 0.051864641478534916 0.05347992512122139 0.05509520876390787 0.05671049240659434 0.058325776049280825 0.0599410596919673 0.061556343334653776 0.063171626977343
0.6107241257713353 0.13796893934172738 0.12598901637113144 0.11400909340053547 0.10202917042993953 0.09004924745934356 0.07806932448874761 0.06608940151815165 0.05410947854753527 0.0421295555769393 0.030149632606343346 0.018169709635747405 0.006189786665151437 0.0 0.0 0.0 0.0 0.0 0.0 0.0 0.0 0.0 0.0 0.0 0.0 0.0 0.0 0.0 0.0 0.0 0.0 0.0 0.0 0.0 0.0 0.0 0.0 0.0055156713392343956 0.01692772010983832 0.02833976888044224 0.03975181765104616 0.05116386642165009 0.06257591519225401 0.07398796396285794 0.08540001273346186 0.09681206150406578 0.1082241102746697 0.1196361590452931 0.13104820781589702 0.13934050090516417 0.1442977045928212 0.14925490828047822 0.15421211196813525 0.1591693156557923 0.16412651934344932 0.16908372303110636 0.1740409267187634 0.17899813040642043 0.18395533409407747 0.1889125377817345 0.1938697414694
0.6107241257713353 0.23098128925127362 0.21092505002756373 0.19086881080385387 0.17081257158014398 0.1507563323564341 0.13070009313272424 0.11064385390901435 0.09058761468527027 0.07053137546156038 0.05047513623785052 0.030418897014140633 0.010362657790430746 0.0 0.0 0.0 0.0 0.0 0.0 0.0 0.0 0.0 0.0 0.0 0.0 0.0 0.0 0.0 0.0 0.0 0.0 0.0 0.0 0.0 0.0 0.0 0.0 0.009234084737486598 0.02833961494311949 0.047445145148752386 0.06655067535438527 0.08565620556001817 0.10476173576565107 0.12386726597128396 0.14297279617691686 0.16207832638254976 0.18118385658818265 0.2002893867938481 0.21939491699948102 0.23327749490249944 0.2415766186351256 0.24987574236775179 0.258174866100378 0.26647398983300413 0.27477311356563033 0.2830722372982565 0.2913713610308827 0.2996704847635088 0.307969608496135 0.3162687322287612 0.32456785596140153
0.6107241257713353 0.32399363916081975 0.29586108368399594 0.2677285282071722 0.23959597273034838 0.21146341725352458 0.1833308617767008 0.15519830629987702 0.12706575082300525 0.09893319534618145 0.0708006398693577 0.04266808439253389 0.014535528915710083 0.0 0.0 0.0 0.0 0.0 0.0 0.0 0.0 0.0 0.0 0.0 0.0 0.0 0.0 0.0 0.0 0.0 0.0 0.0 0.0 0.0 0.0 0.0 0.0 0.012952498135738798 0.039751509776400656 0.06655052141706251 0.09334953305772438 0.12014854469838623 0.1469475563390481 0.17374656797970997 0.2005455796203718 0.22734459126103368 0.2541436029016955 0.2809426145424031 0.30774162618306494 0.3272144888998346 0.3388555326774299 0.3504965764550252 0.3621376202326205 0.3737786640102158 0.38541970778781115 0.39706075156540643 0.4087017953430018 0.42034283912059706 0.43198388289819234 0.4436249266757877 0.45526597045340284
0.6107241257713353 0.4170059890704055 0.38079711734046434 0.3445882456105232 0.30837937388058206 0.2721705021506409 0.23596163042069979 0.19975275869075862 0.16354388696075572 0.12733501523081459 0.09112614350087345 0.05491727177093231 0.01870840004099117 0.0 0.0 0.0 0.0 0.0 0.0 0.0 0.0 0.0 0.0 0.0 0.0 0.0 0.0 0.0 0.0 0.0 0.0 0.0 0.0 0.0 0.0 0.0 0.0 0.016670911533992576 0.05116340460968667 0.08565589768538076 0.12014839076107485 0.15464088383676894 0.18913337691246304 0.22362586998815714 0.2581183630638512 0.2926108561395453 0.3271033492152394 0.36159584229099234 0.3960883353666864 0.4211514828972098 0.43613444671977564 0.4511174105423415 0.46610037436490737 0.48108333818747323 0.4960663020100391 0.511049265832605 0.5260322296551708 0.5410151934777367 0.5559981573003026 0.5709811211228685 0.5859640849454599
0.6107241257713353 0.5100183389799516 0.46573315099689655 0.4214479630138415 0.37716277503078643 0.3328775870477314 0.2885923990646764 0.2443072110816213 0.2000220230984907 0.15573683511543568 0.1114516471323806 0.06716645914932556 0.022881271166270478 0.0 0.0 0.0 0.0 0.0 0.0 0.0 0.0 0.0 0.0 0.0 0.0 0.0 0.0 0.0 0.0 0.0 0.0 0.0 0.0 0.0 0.0 0.0 0.0 0.020389324932244775 0.06257529944296783 0.10476127395369089 0.14694724846441395 0.18913322297513702 0.23131919748586008 0.27350517199658314 0.3156911465073062 0.35787712101802927 0.4000630955287523 0.4422490700395473 0.48443504455027037 0.515088476894545 0.5334133607620799 0.551738244629615 0.5700631284971499 0.588388012364685 0.6067128962322199 0.625037780099755 0.6433626639672899 0.661687547834825 0.6800124317023599 0.698337315569895 0.7166621994374612
0.6107241257713353 0.6030306888894977 0.5506691846533288 0.4983076804171598 0.44594617618099086 0.3935846719448219 0.3412231677086529 0.28886166347248393 0.2365001592362257 0.18413865500005672 0.13177715076388774 0.07941564652771882 0.027054142291549788 0.0 0.0 0.0 0.0 0.0 0.0 0.0 0.0 0.0 0.0 0.0 0.0 0.0 0.0 0.0 0.0 0.0 0.0 0.0 0.0 0.0 0.0 0.0 0.0 0.024107738330496977 0.073987194276249 0.12386665022200102 0.17374610616775304 0.22362556211350507 0.2735050180592571 0.32338447400500914 0.37326392995076113 0.4231433858965132 0.4730228418422652 0.5229022977881023 0.5727817537338543 0.6090254708918801 0.6306922748043842 0.6523590787168884 0.6740258826293926 0.6956926865418966 0.7173594904544008 0.7390262943669049 0.7606930982794091 0.7823599021919132 0.8040267061044174 0.8256935100169216 0.8473603139294626
0.6107241257713353 0.6960430387990836 0.6356052183097972 0.575167397820511 0.5147295773312246 0.4542917568419383 0.3938539363526519 0.3334161158633656 0.2729782953739762 0.21254047488468986 0.1521026543954036 0.09166483390611724 0.031227013416830873 0.0 0.0 0.0 0.0 0.0 0.0 0.0 0.0 0.0 0.0 0.0 0.0 0.0 0.0 0.0 0.0 0.0 0.0 0.0 0.0 0.0 0.0 0.0 0.0 0.02782615172875076 0.08539908910953503 0.1429720264903193 0.20054496387110357 0.2581179012518878 0.3156908386326721 0.3732637760134564 0.4308367133942406 0.4884096507750249 0.5459825881558091 0.6035555255366917 0.6611284629174758 0.7029624648892553 0.7279711888467301 0.7529799128042047 0.7779886367616794 0.8029973607191541 0.8280060846766288 0.8530148086341035 0.8780235325915782 0.903032256549053 0.9280409805065276 0.9530497044640023 0.9780584284215197
0.6107241257713353 0.7890553887086297 0.7205412519662295 0.6520271152238293 0.583512978481429 0.5149988417390288 0.44648470499662857 0.3779705682542283 0.3094564315117112 0.24094229476931106 0.1724281580269108 0.10391402128451055 0.035399884542110294 0.0 0.0 0.0 0.0 0.0 0.0 0.0 0.0 0.0 0.0 0.0 0.0 0.0 0.0 0.0 0.0 0.0 0.0 0.0 0.0 0.0 0.0 0.0 0.0 0.03154456512700296 0.09681098394281619 0.16207740275862942 0.22734382157444266 0.2926102403902559 0.35787665920606915 0.4231430780218824 0.4884094968376956 0.5536759156535088 0.6189423344693221 0.6842087532852466 0.7494751721010598 0.7968994588865905 0.8252501028890343 0.8536007468914781 0.881951390893922 0.9103020348963659 0.9386526788988097 0.9670033229012536 0.9953539669036974 1.0237046109061412 1.052055254908585 1.080405898911029 1.108756542913521
0.6107241257713353 0.8820677386181758 0.8054772856226616 0.7288868326271476 0.6522963796316334 0.5757059266361193 0.4991154736406051 0.42252502064509095 0.3459345676494462 0.26934411465393204 0.1927536616584179 0.11616320866290375 0.0395727556673896 0.0 0.0 0.0 0.0 0.0 0.0 0.0 0.0 0.0 0.0 0.0 0.0 0.0 0.0 0.0 0.0 0.0 0.0 0.0 0.0 0.0 0.0 0.0 0.0 0.03526297852525516 0.10822287877609735 0.18118277902693955 0.2541426792777817 0.3271025795286239 0.40006247977946613 0.47302238003030833 0.5459822802811505 0.6189421805319927 0.6919020807828349 0.7648619810338015 0.8378218812846436 0.8908364528839257 0.9225290169313386 0.9542215809787516 0.9859141450261646 1.0176067090735776 1.0492992731209905 1.0809918371684035 1.1126844012158166 1.1443769652632294 1.1760695293106425 1.2077620933580555 1.2394546574055225
0.6107241257713353 0.9750800885277221 0.890413319279094 0.8057465500304659 0.7210797807818379 0.6364130115332098 0.5517462422845818 0.46707947303595365 0.3824127037871812 0.29774593453855314 0.2130791652899251 0.12841239604129695 0.04374562679266891 0.0 0.0 0.0 0.0 0.0 0.0 0.0 0.0 0.0 0.0 0.0 0.0 0.0 0.0 0.0 0.0 0.0 0.0 0.0 0.0 0.0 0.0 0.0 0.0 0.03898139192350735 0.1196347736093785 0.20028815529524965 0.2809415369811208 0.36159491866699195 0.4422483003528631 0.5229016820387342 0.6035550637246054 0.6842084454104765 0.7648618270963476 0.8455152087823564 0.9261685904682275 0.9847734468812608 1.019807930973643 1.054842415066025 1.0898768991584071 1.1249113832507893 1.1599458673431713 1.1949803514355535 1.2300148355279357 1.2650493196203176 1.3000838037126998 1.335118287805082 1.3701527718975237
0.6107241257713353 1.0680924384373076 0.9753493529355622 0.8826062674338169 0.7898631819320714 0.697120096430326 0.6043770109285806 0.5116339254268352 0.4188908399249316 0.3261477544231862 0.23340466892144074 0.14066158341969537 0.04791849791794989 0.0 0.0 0.0 0.0 0.0 0.0 0.0 0.0 0.0 0.0 0.0 0.0 0.0 0.0 0.0 0.0 0.0 0.0 0.0 0.0 0.0 0.0 0.0 0.0 0.042699805321761146 0.13104666844266455 0.21939353156356797 0.3077403946844714 0.3960872578053748 0.4844341209262782 0.5727809840471816 0.661127847168085 0.7494747102889884 0.8378215734098918 0.9261684365309459 1.0145152996518494 1.078710440878636 1.1170868450159888 1.1554632491533414 1.193839653290694 1.2322160574280467 1.2705924615653994 1.308968865702752 1.3473452698401047 1.3857216739774574 1.42409807811481 1.4624744822521627 1.5008508863895809
0.6107241257713353 1.1066082587004107 1.0105208222012394 0.9144333857020681 0.8183459492028968 0.7222585127037255 0.6261710762045544 0.5300836397053831 0.4339962032060479 0.33790876670687675 0.24182133020770546 0.14573389370853418 0.04964645720936289 0.0 0.0 0.0 0.0 0.0 0.0 0.0 0.0 0.0 0.0 0.0 0.0 0.0 0.0 0.0 0.0 0.0 0.0 0.0 0.0 0.0 0.0 0.0 0.0 0.0442922332923891 0.13593386590675594 0.22757549852112277 0.3192171311354896 0.41085876374985647 0.5025003963642233 0.5941420289785901 0.685783661592957 0.7774252942073239 0.8690669268216906 0.9607085594362138 1.0523501920505807 1.117994724483564 1.155847768690015 1.1937008128964663 1.2315538571029174 1.2694069013093687 1.3072599455158198 1.3451129897222711 1.3829660339287222 1.4208190781351733 1.4586721223416246 1.4965251665480759 1.5343782107545916
0.6107241257713353 1.0868707235899597 0.9924971087044125 0.8981234938188652 0.803749878933318 0.7093762640477708 0.6150026491622236 0.5206290342766763 0.4262554193909681 0.33188180450542093 0.23750818961987363 0.14313457473432645 0.04876095984877926 0.0 0.0 0.0 0.0 0.0 0.0 0.0 0.0 0.0 0.0 0.0 0.0 0.0 0.0 0.0 0.0 0.0 0.0 0.0 0.0 0.0 0.0 0.0 0.0 0.0436121168379341 0.13384657312315296 0.2240810294083718 0.31431548569359063 0.4045499419788095 0.49478439826402837 0.5850188545492472 0.675253310834466 0.7654877671196849 0.8557222234049038 0.9459566796902765 1.0361911359754954 1.0988587053412944 1.1320566489443007 1.165254592547307 1.1984525361503133 1.2316504797533196 1.264848423356326 1.2980463669593323 1.3312443105623388 1.3644422541653451 1.3976401977683515 1.4308381413713578 1.4640360849744207
0.6107241257713353 1.0671331884795003 0.9744733952075778 0.8818136019356554 0.7891538086637329 0.6964940153918104 0.6038342221198879 0.5111744288479655 0.418514635575885 0.32585484230396256 0.23319504903204002 0.1405352557601176 0.047875462488195186 0.0 0.0 0.0 0.0 0.0 0.0 0.0 0.0 0.0 0.0 0.0 0.0 0.0 0.0 0.0 0.0 0.0 0.0 0.0 0.0 0.0 0.0 0.0 0.0 0.04293200038347882 0.1317592803395491 0.22058656029561935 0.3094138402516896 0.39824112020775987 0.48706840016383013 0.5758956801199004 0.6647229600759706 0.753550240032041 0.8423775199881112 0.9312047999443329 1.0200320799004032 1.0797226861990166 1.1082655291985761 1.1368083721981357 1.165351215197695 1.1938940581972546 1.2224369011968141 1.2509797441963737 1.2795225871959333 1.3080654301954926 1.3366082731950522 1.3651511161946117 1.39369395919422
0.6107241257713353 1.0473956533690492 0.9564496817107508 0.8655037100524523 0.774557738394154 0.6836117667358556 0.5926657950775571 0.5017198234192587 0.41077385176080516 0.31982788010250673 0.2288819084442083 0.13793593678590987 0.046989965127611555 0.0 0.0 0.0 0.0 0.0 0.0 0.0 0.0 0.0 0.0 0.0 0.0 0.0 0.0 0.0 0.0 0.0 0.0 0.0 0.0 0.0 0.0 0.0 0.0 0.04225188392902383 0.1296719875559461 0.21709209118286837 0.30451219480979064 0.39193229843671296 0.4793524020636352 0.5667725056905575 0.6541926093174798 0.741612712944402 0.8290328165713243 0.9164529201983956 1.003873023825318 1.060586667056747 1.0844744094528616 1.1083621518489764 1.132249894245091 1.1561376366412057 1.1800253790373203 1.2039131214334349 1.2278008638295497 1.2516886062256642 1.275576348621779 1.2994640910178936 1.323351833414049
0.6107241257713353 1.0276581182585982 0.9384259682139239 0.8491938181692495 0.7599616681245751 0.6707295180799007 0.5814973680352263 0.4922652179905519 0.40303306794572535 0.3138009179010509 0.22456876785637658 0.13533661781170214 0.0461044677670277 0.0 0.0 0.0 0.0 0.0 0.0 0.0 0.0 0.0 0.0 0.0 0.0 0.0 0.0 0.0 0.0 0.0 0.0 0.0 0.0 0.0 0.0 0.0 0.0 0.04157176747456883 0.1275846947723431 0.2135976220701174 0.29961054936789167 0.385623476665666 0.47163640396344025 0.5576493312612145 0.6436622585589888 0.7296751858567632 0.8156881131545374 0.9017010404524584 0.9877139677502327 1.0414506479144774 1.0606832897071472 1.079915931499817 1.0991485732924868 1.1183812150851566 1.1376138568778265 1.1568464986704963 1.176079140463166 1.195311782255836 1.2145444240485057 1.2337770658411755 1.2530097076338782
0.6107241257713353 1.0079205831481388 0.9204022547170893 0.8328839262860397 0.74536559785499 0.6578472694239403 0.5703289409928908 0.4828106125618412 0.3952922841306423 0.30777395569959265 0.22025562726854309 0.1327372988374934 0.04521897040644385 0.0 0.0 0.0 0.0 0.0 0.0 0.0 0.0 0.0 0.0 0.0 0.0 0.0 0.0 0.0 0.0 0.0 0.0 0.0 0.0 0.0 0.0 0.0 0.0 0.04089165102011355 0.12549740198873924 0.21010315295736495 0.29470890392599064 0.37931465489461635 0.46392040586324207 0.5485261568318678 0.6331319078004934 0.7177376587691192 0.8023434097377449 0.8869491607065149 0.9715549116751405 1.0223146287721996 1.0368921699614226 1.0514697111506457 1.0660472523398687 1.0806247935290916 1.0952023347183146 1.1097798759075377 1.1243574170967605 1.1389349582859836 1.1535124994752066 1.1680900406644295 1.1826675818536774
0.6107241257713353 0.9881830480376878 0.9023785412202622 0.8165740344028366 0.730769527585411 0.6449650207679855 0.5591605139505599 0.4733560071331343 0.3875515003155624 0.30174699349813683 0.21594248668071125 0.13013797986328568 0.044333473045859995 0.0 0.0 0.0 0.0 0.0 0.0 0.0 0.0 0.0 0.0 0.0 0.0 0.0 0.0 0.0 0.0 0.0 0.0 0.0 0.0 0.0 0.0 0.0 0.0 0.04021153456565856 0.12341010920513629 0.206608683844614 0.2898072584840917 0.37300583312356944 0.4562044077630472 0.5394029824025249 0.6226015570420026 0.7058001316814804 0.7889987063209581 0.8721972809605777 0.9553958556000555 1.0031786096299302 1.0131010502157083 1.0230234908014864 1.0329459313872646 1.0428683719730427 1.0527908125588208 1.062713253144599 1.0726356937303771 1.0825581343161552 1.0924805749019335 1.1024030154877116 1.1123254560735067
0.6107241257713353 0.9684455129272369 0.8843548277234353 0.8002641425196337 0.7161734573158323 0.6320827721120307 0.5479920869082291 0.4639014017044276 0.3798107165004827 0.2957200312966811 0.21162934609287953 0.12753866088907806 0.043447975685276474 0.0 0.0 0.0 0.0 0.0 0.0 0.0 0.0 0.0 0.0 0.0 0.0 0.0 0.0 0.0 0.0 0.0 0.0 0.0 0.0 0.0 0.0 0.0 0.0 0.03953141811120357 0.12132281642153332 0.20311421473186309 0.2849056130421928 0.3666970113525226 0.4484884096628523 0.5302798079731821 0.6120712062835119 0.6938626045938415 0.7756540029041713 0.8574454012146405 0.9392367995249703 0.9840425904876606 0.9893099304699939 0.9945772704523272 0.9998446104346606 1.0051119504169939 1.0103792903993272 1.0156466303816605 1.0209139703639938 1.026181310346327 1.0314486503286602 1.0367159903109935 1.041983330293336
0.6107241257713353 0.9487079778167773 0.8663311142266006 0.7839542506364239 0.7015773870462471 0.6192005234560702 0.5368236598658935 0.4544467962757167 0.37206993268539945 0.28969306909522274 0.20731620550504593 0.12493934191486922 0.0425624783246924 0.0 0.0 0.0 0.0 0.0 0.0 0.0 0.0 0.0 0.0 0.0 0.0 0.0 0.0 0.0 0.0 0.0 0.0 0.0 0.0 0.0 0.0 0.0 0.0 0.038851301656748286 0.11923552363792946 0.1996197456191106 0.2800039676002918 0.36038818958147295 0.4407724115626541 0.5211566335438353 0.6015408555250165 0.6819250775061977 0.7623092994873788 0.842693521468697 0.9230777434498783 0.9649065713453829 0.9655188107242694 0.9661310501031558 0.9667432894820424 0.9673555288609288 0.9679677682398152 0.9685800076187017 0.9691922469975881 0.9698044863764745 0.9704167257553611 0.9710289651342475 0.971641204513135
0.6107241257713353 0.9289704427063263 0.8483074007297736 0.7676443587532209 0.6869813167766682 0.6063182748001155 0.5256552328235626 0.4449921908470099 0.36432914887031964 0.2836661068937669 0.2030030649172142 0.12234002294066149 0.04167698096410877 0.0 0.0 0.0 0.0 0.0 0.0 0.0 0.0 0.0 0.0 0.0 0.0 0.0 0.0 0.0 0.0 0.0 0.0 0.0 0.0 0.0 0.0 0.0 0.0 0.03817118520229329 0.11714823085432646 0.19612527650635964 0.2751023221583928 0.354079367810426 0.43305641346245916 0.5120334591144924 0.5910105047665255 0.6699875504185587 0.7489645960705918 0.8279416417227597 0.906918687374793 0.9457705522031133 0.9417276909785549 0.9376848297539966 0.9336419685294381 0.9295991073048798 0.9255562460803214 0.9215133848557631 0.9174705236312046 0.9134276624066463 0.9093848011820879 0.9053419399575295 0.9012990787329642
0.6107241257713353 0.9092329075958754 0.8302836872329467 0.7513344668700179 0.6723852465070892 0.5934360261441606 0.514486805781232 0.43553758541830323 0.35658836505523983 0.2776391446923112 0.19868992432938248 0.11974070396645375 0.040791483603525136 0.0 0.0 0.0 0.0 0.0 0.0 0.0 0.0 0.0 0.0 0.0 0.0 0.0 0.0 0.0 0.0 0.0 0.0 0.0 0.0 0.0 0.0 0.0 0.0 0.0374910687478383 0.1150609380707235 0.19263080739360872 0.2702006767164939 0.3477705460393791 0.4253404153622643 0.5029102846851495 0.5804801540080348 0.6580500233309199 0.7356198926538051 0.8131897619768226 0.8907596312997078 0.9266345330608438 0.9179365712328406 0.9092386094048374 0.9005406475768342 0.8918426857488309 0.8831447239208277 0.8744467620928245 0.8657488002648212 0.857050838436818 0.8483528766088148 0.8396549147808114 0.8309569529527935
