Figures/CREST_Example_wjb_NSE/PETs/wjb.pet.20090920.asc
ncols            288
nrows            254
xllcorner        113.274861
yllcorner        31.4918055
cellsize         0.008333333333
NODATA_value     -9999
[rows 114 to 132 of 254, columns 88 to 131 of 288]
0.5655778926521519 0.5607926856771197 0.5560074787020876 0.5512222717270473 0.5464370647520151 0.5416518577769831 0.536866650801951 0.5320814438269188 0.5272962368518868 0.5225110298768546 0.5177258229018225 0.5129406159267904 0.5081554089517583 0.5033702019767261 0.5033106997603186 0.508303082784724 0.5132954658091379 0.5182878488335433 0.5232802318579487 0.5282726148823541 0.5332649979067595 0.5382573809311649 0.5432497639555703 0.5482421469799758 0.553234530004381 0.5582269130287865 0.5632192960531919 0.5682116790775973 0.5732040621020027 0.5781964451264167 0.583188828150822 0.5881812111752274 0.5931735941996328 0.5981659772240382 0.6031583602484436 0.608150743272849 0.6131431262972544 0.6181355093216598 0.6231278923460652 0.6281202753704707 0.6331126583948761 0.6381050414192814 0.6430974244436953 0.6480898074681007
0.5706731393308808 0.5656900155545509 0.560706891778221 0.5557237680018825 0.5507406442255527 0.5457575204492228 0.5407743966728928 0.5357912728965629 0.530808149120233 0.5258250253439032 0.5208419015675733 0.5158587777912433 0.5108756540149134 0.5058925302385835 0.5058084789695866 0.5109616469848243 0.5161148150000707 0.5212679830153083 0.526421151030546 0.5315743190457837 0.5367274870610212 0.5418806550762589 0.5470338230914966 0.5521869911067342 0.5573401591219719 0.5624933271372096 0.5676464951524471 0.5727996631676848 0.5779528311829225 0.5831059991981689 0.5882591672134065 0.5934123352286442 0.5985655032438819 0.6037186712591195 0.6088718392743572 0.6140250072895947 0.6191781753048324 0.6243313433200701 0.6294845113353078 0.6346376793505454 0.6397908473657831 0.6449440153810206 0.6500971833962672 0.6552503514115048
0.5757683860096097 0.570587345431982 0.5654063048543543 0.5602252642767178 0.5550442236990901 0.5498631831214624 0.5446821425438347 0.539501101966207 0.5343200613885793 0.5291390208109517 0.523957980233324 0.5187769396556963 0.5135958990780687 0.5084148585004409 0.5083062581788546 0.5136202111849245 0.5189341641910035 0.5242481171970733 0.5295620702031433 0.5348760232092131 0.5401899762152831 0.5455039292213529 0.5508178822274229 0.5561318352334927 0.5614457882395627 0.5667597412456326 0.5720736942517024 0.5773876472577724 0.5827016002638422 0.5880155532699212 0.5933295062759911 0.598643459282061 0.6039574122881309 0.6092713652942008 0.6145853183002707 0.6198992713063406 0.6252132243124106 0.6305271773184804 0.6358411303245504 0.6411550833306202 0.6464690363366901 0.65178298934276 0.657096942348839 0.6624108953549088
0.5808636326883385 0.575484675309413 0.5701057179304876 0.564726760551553 0.5593478031726276 0.553968845793702 0.5485898884147765 0.543210931035851 0.5378319736569256 0.5324530162780001 0.5270740588990747 0.5216951015201492 0.5163161441412237 0.5109371867622983 0.5108040373881225 0.5162787753850246 0.5217535133819361 0.5272282513788382 0.5327029893757405 0.5381777273726426 0.5436524653695447 0.5491272033664468 0.554601941363349 0.5600766793602512 0.5655514173571533 0.5710261553540554 0.5765008933509577 0.5819756313478598 0.5874503693447619 0.5929251073416734 0.5983998453385755 0.6038745833354777 0.6093493213323798 0.614824059329282 0.6202987973261841 0.6257735353230863 0.6312482733199885 0.6367230113168906 0.6421977493137927 0.6476724873106949 0.6531472253075971 0.6586219633044992 0.6640967013014107 0.6695714392983129
0.5828854132622927 0.5775107277066323 0.5721360421509718 0.5667613565953022 0.5613866710396418 0.5560119854839813 0.550637299928321 0.5452626143726605 0.5398879288170001 0.5345132432613398 0.5291385577056793 0.5237638721500188 0.5183891865943584 0.513014501038698 0.5129760909928794 0.518642280126661 0.5243084692604522 0.5299746583942337 0.5356408475280153 0.5413070366617968 0.5469732257955784 0.5526394149293599 0.5583056040631414 0.5639717931969229 0.5696379823307045 0.575304171464486 0.5809703605982676 0.586636549732049 0.5923027388658306 0.5979689279996218 0.6036351171334033 0.6093013062671848 0.6149674954009664 0.620633684534748 0.6262998736685295 0.631966062802311 0.6376322519360925 0.6432984410698741 0.6489646302036556 0.6546308193374372 0.6602970084712186 0.6659631976050002 0.6716293867387914 0.6772955758725729
0.5816218523310777 0.5764675654917418 0.5713132786524059 0.5661589918130612 0.5610047049737253 0.5558504181343894 0.5506961312950536 0.5455418444557176 0.5403875576163817 0.5352332707770459 0.53007898393771 0.5249246970983741 0.5197704102590381 0.5146161234197023 0.5147999644611632 0.520690384908659 0.5265808053561651 0.5324712258036611 0.538361646251157 0.544252066698653 0.550142487146149 0.556032907593645 0.561923328041141 0.5678137484886369 0.5737041689361329 0.5795945893836288 0.5854850098311248 0.5913754302786208 0.5972658507261168 0.6031562711736228 0.6090466916211188 0.6149371120686147 0.6208275325161107 0.6267179529636067 0.6326083734111027 0.6384987938585986 0.6443892143060945 0.6502796347535905 0.6561700552010865 0.6620604756485825 0.6679508960960785 0.6738413165435744 0.6797317369910805 0.6856221574385764
0.5803582913998627 0.5754244032768513 0.57049051515384 0.5655566270308202 0.5606227389078088 0.5556888507847975 0.550754962661786 0.5458210745387747 0.5408871864157634 0.535953298292752 0.5310194101697406 0.5260855220467293 0.5211516339237179 0.5162177458007066 0.5166238379294468 0.5227384896906572 0.528853141451878 0.5349677932130884 0.5410824449742988 0.5471970967355092 0.5533117484967196 0.55942640025793 0.5655410520191404 0.5716557037803508 0.5777703555415612 0.5838850073027716 0.589999659063982 0.5961143108251925 0.6022289625864029 0.6083436143476237 0.6144582661088341 0.6205729178700445 0.6266875696312549 0.6328022213924653 0.6389168731536757 0.6450315249148861 0.6511461766760965 0.6572608284373069 0.6633754801985173 0.6694901319597277 0.6756047837209381 0.6817194354821485 0.6878340872433694 0.6939487390045798
0.5790947304686478 0.574381241061961 0.5696677516552742 0.5649542622485793 0.5602407728418924 0.5555272834352056 0.5508137940285187 0.5461003046218319 0.5413868152151451 0.5366733258084583 0.5319598364017715 0.5272463469950845 0.5225328575883977 0.5178193681817109 0.5184477113977305 0.5247865944726553 0.531125477547591 0.5374643606225158 0.5438032436974407 0.5501421267723655 0.5564810098472903 0.5628198929222152 0.56915877599714 0.5754976590720648 0.5818365421469898 0.5881754252219146 0.5945143082968394 0.6008531913717642 0.6071920744466891 0.6135309575216247 0.6198698405965496 0.6262087236714744 0.6325476067463992 0.6388864898213241 0.6452253728962489 0.6515642559711737 0.6579031390460985 0.6642420221210235 0.6705809051959483 0.6769197882708731 0.683258671345798 0.6895975544207228 0.6959364374956585 0.7022753205705833
0.5778311695374329 0.5733380788470706 0.5688449881567083 0.5643518974663383 0.559858806775976 0.5553657160856136 0.5508726253952513 0.546379534704889 0.5418864440145267 0.5373933533241644 0.5329002626338021 0.5284071719434398 0.5239140812530775 0.5194209905627152 0.5202715848660141 0.5268346992546534 0.5333978136433039 0.5399609280319432 0.5465240424205824 0.5530871568092217 0.559650271197861 0.5662133855865003 0.5727764999751396 0.5793396143637788 0.5859027287524181 0.5924658431410574 0.5990289575296966 0.605592071918336 0.6121551863069752 0.6187183006956257 0.6252814150842649 0.6318445294729043 0.6384076438615436 0.6449707582501828 0.6515338726388221 0.6580969870274613 0.6646601014161007 0.67122321580474 0.6777863301933792 0.6843494445820184 0.6909125589706577 0.697475673359297 0.7040387877479475 0.7106019021365868
0.5765676086062179 0.5722949166321801 0.5680222246581423 0.5637495326840972 0.5594768407100594 0.5552041487360216 0.5509314567619839 0.5466587647879462 0.5423860728139084 0.5381133808398706 0.5338406888658328 0.529567996891795 0.5252953049177572 0.5210226129437194 0.5220954583342978 0.5288828040366514 0.5356701497390167 0.5424574954413705 0.5492448411437242 0.5560321868460779 0.5628195325484316 0.5696068782507854 0.576394223953139 0.5831815696554927 0.5899689153578465 0.5967562610602002 0.6035436067625539 0.6103309524649077 0.6171182981672614 0.6239056438696267 0.6306929895719803 0.637480335274334 0.6442676809766877 0.6510550266790415 0.6578423723813952 0.6646297180837488 0.6714170637861026 0.6782044094884563 0.68499175519081 0.6917791008931637 0.6985664465955175 0.7053537922978712 0.7121411380002365 0.7189284837025902
0.5753040476750018 0.5712517544172887 0.5671994611595756 0.5631471679018557 0.5590948746441426 0.5550425813864296 0.5509902881287165 0.5469379948710034 0.5428857016132904 0.5388334083555772 0.5347811150978642 0.5307288218401511 0.5266765285824381 0.522624235324725 0.523919331802583 0.5309309088186512 0.5379424858347316 0.5449540628508 0.5519656398668683 0.5589772168829367 0.5659887938990049 0.5730003709150733 0.5800119479311416 0.58702352494721 0.5940351019632784 0.6010466789793467 0.6080582559954151 0.6150698330114833 0.6220814100275517 0.629092987043632 0.6361045640597003 0.6431161410757686 0.650127718091837 0.6571392951079054 0.6641508721239737 0.6711624491400421 0.6781740261561104 0.6851856031721788 0.692197180188247 0.6992087572043154 0.7062203342203838 0.7132319112364521 0.7202434882525324 0.7272550652686007
0.5740404867437868 0.5702085922023983 0.5663766976610097 0.5625448031196147 0.5587129085782262 0.5548810140368376 0.5510491194954491 0.5472172249540606 0.543385330412672 0.5395534358712835 0.5357215413298949 0.5318896467885064 0.5280577522471178 0.5242258577057293 0.5257432052708666 0.5329790136006494 0.5402148219304445 0.5474506302602272 0.5546864385900101 0.5619222469197929 0.5691580552495756 0.5763938635793584 0.5836296719091412 0.5908654802389239 0.5981012885687067 0.6053370968984895 0.6125729052282722 0.6198087135580551 0.6270445218878379 0.634280330217633 0.6415161385474157 0.6487519468771985 0.6559877552069813 0.663223563536764 0.6704593718665469 0.6776951801963297 0.6849309885261124 0.6921667968558952 0.699402605185678 0.7066384135154608 0.7138742218452436 0.7211100301750264 0.7283458385048215 0.7355816468346043
0.5727769258125719 0.5691654299875079 0.5655539341624438 0.5619424383373737 0.5583309425123096 0.5547194466872456 0.5511079508621817 0.5474964550371176 0.5438849592120536 0.5402734633869896 0.5366619675619255 0.5330504717368616 0.5294389759117976 0.5258274800867335 0.5275670787391502 0.5350271183826475 0.5424871580261574 0.5499471976696546 0.5574072373131518 0.5648672769566491 0.5723273166001462 0.5797873562436435 0.5872473958871407 0.5947074355306379 0.6021674751741352 0.6096275148176323 0.6170875544611296 0.6245475941046268 0.632007633748124 0.6394676733916339 0.6469277130351312 0.6543877526786284 0.6618477923221255 0.6693078319656228 0.6767678716091201 0.6842279112526173 0.6916879508961145 0.6991479905396116 0.7066080301831089 0.7140680698266062 0.7215281094701034 0.7289881491136005 0.7364481887571105 0.7439082284006078
0.571513364881357 0.5681222677726175 0.564731170663878 0.5613400735551327 0.5579489764463933 0.5545578793376538 0.5511667822289144 0.5477756851201748 0.5443845880114353 0.5409934909026959 0.5376023937939564 0.5342112966852168 0.5308201995764774 0.5274291024677379 0.5293909522074339 0.5370752231646456 0.5447594941218704 0.552443765079082 0.5601280360362937 0.5678123069935053 0.575496577950717 0.5831808489079287 0.5908651198651402 0.5985493908223519 0.6062336617795636 0.6139179327367752 0.6216022036939869 0.6292864746511985 0.6369707456084102 0.644655016565635 0.6523392875228465 0.6600235584800582 0.6677078294372698 0.6753921003944815 0.6830763713516932 0.6907606423089048 0.6984449132661165 0.7061291842233282 0.7138134551805397 0.7214977261377514 0.7291819970949631 0.7368662680521747 0.7445505390093995 0.7522348099666111
0.570249803950142 0.567079105557727 0.5639084071653121 0.5607377087728918 0.5575670103804767 0.5543963119880618 0.5512256135956468 0.5480549152032319 0.544884216810817 0.541713518418402 0.5385428200259871 0.5353721216335721 0.5322014232411572 0.5290307248487421 0.5312148256757177 0.5391233279466436 0.5470318302175833 0.5549403324885094 0.5628488347594355 0.5707573370303616 0.5786658393012876 0.5865743415722137 0.5944828438431398 0.6023913461140659 0.610299848384992 0.6182083506559181 0.6261168529268442 0.6340253551977703 0.6419338574686964 0.6498423597396359 0.657750862010562 0.6656593642814881 0.6735678665524142 0.6814763688233403 0.6893848710942663 0.6972933733651925 0.7052018756361185 0.7131103779070446 0.7210188801779707 0.7289273824488968 0.7368358847198229 0.744744386990749 0.7526528892616885 0.7605613915326146
0.5689862430189271 0.5660359433428366 0.5630856436667462 0.5601353439906508 0.5571850443145603 0.5542347446384699 0.5512844449623795 0.548334145286289 0.5453838456101986 0.5424335459341082 0.5394832462580177 0.5365329465819273 0.5335826469058369 0.5306323472297464 0.5330386991440013 0.5411714327286418 0.5493041663132961 0.5574368998979367 0.5655696334825772 0.5737023670672178 0.5818351006518583 0.5899678342364988 0.5981005678211393 0.6062333014057798 0.6143660349904203 0.6224987685750609 0.6306315021597014 0.6387642357443419 0.6468969693289824 0.6550297029136368 0.6631624364982773 0.671295170082918 0.6794279036675585 0.687560637252199 0.6956933708368395 0.70382610442148 0.7119588380061206 0.7200915715907611 0.7282243051754016 0.7363570387600421 0.7444897723446826 0.7526225059293232 0.7607552395139776 0.7688879730986181
0.567722682087712 0.5649927811279462 0.5622628801681803 0.5595329792084097 0.5568030782486438 0.554073177288878 0.551343276329112 0.5486133753693461 0.5458834744095802 0.5431535734498143 0.5404236724900484 0.5376937715302825 0.5349638705705166 0.5322339696107506 0.5348625726122849 0.5432195375106398 0.551576502409009 0.559933467307364 0.568290432205719 0.576647397104074 0.5850043620024289 0.5933613269007838 0.6017182917991388 0.6100752566974937 0.6184322215958488 0.6267891864942037 0.6351461513925587 0.6435031162909136 0.6518600811892685 0.6602170460876378 0.6685740109859928 0.6769309758843477 0.6852879407827026 0.6936449056810576 0.7020018705794125 0.7103588354777676 0.7187158003761225 0.7270727652744775 0.7354297301728324 0.7437866950711873 0.7521436599695424 0.7605006248678973 0.7688575897662665 0.7772145546646214
0.566459121156496 0.5639496189130548 0.5614401166696137 0.5589306144261682 0.5564211121827269 0.5539116099392858 0.5514021076958446 0.5488926054524035 0.5463831032089622 0.5438736009655211 0.5413640987220799 0.5388545964786386 0.5363450942351975 0.5338355919917563 0.53668644608057 0.5452676422926397 0.5538488385047239 0.5624300347167934 0.5710112309288631 0.5795924271409326 0.5881736233530023 0.5967548195650718 0.6053360157771415 0.613917211989211 0.6224984082012806 0.6310796044133502 0.6396608006254197 0.6482419968374894 0.6568231930495589 0.6654043892616431 0.6739855854737128 0.6825667816857823 0.691147977897852 0.6997291741099215 0.7083103703219911 0.7168915665340607 0.7254727627461304 0.7340539589581999 0.7426351551702695 0.7512163513823391 0.7597975475944087 0.7683787438064782 0.7769599400185625 0.7855411362306322
0.5651955602252811 0.5629064566981644 0.5606173531710477 0.5583282496439271 0.5560391461168105 0.5537500425896938 0.5514609390625772 0.5491718355354606 0.5468827320083438 0.5445936284812272 0.5423045249541105 0.5400154214269939 0.5377263178998772 0.5354372143727606 0.5385103195488536 0.5473157470746377 0.5561211746004368 0.5649266021262208 0.5737320296520048 0.5825374571777888 0.5913428847035729 0.6001483122293569 0.6089537397551409 0.617759167280925 0.626564594806709 0.635370022332493 0.644175449858277 0.6529808773840611 0.6617863049098451 0.6705917324356442 0.6793971599614281 0.6882025874872122 0.6970080150129963 0.7058134425387803 0.7146188700645643 0.7234242975903483 0.7322297251161324 0.7410351526419163 0.7498405801677004 0.7586460076934844 0.7674514352192685 0.7762568627450525 0.7850622902708515 0.7938677177966356
