Figures/CREST_Example_wjb_NSE/PETs/wjb.pet.20091119.asc
ncols            288
nrows            254
xllcorner        113.274861
yllcorner        31.4918055
cellsize         0.008333333333
NODATA_value     -9999
[rows 114 to 132 of 254, columns 220 to 263 of 288]
0.711377405757047 0.7112887390810495 0.7114357380416189 0.7118346689012016 0.7122335997607844 0.7126325306203671 0.7130314614799499 0.7134303923395328 0.7138293231991155 0.7142282540586983 0.714627184918281 0.7150261157778638 0.7154250466374465 0.7158239774970293 0.7162229083566127 0.7166218392161955 0.7170207700757784 0.7174197009353611 0.7178186317949439 0.7182175626545266 0.7186164935141094 0.7190154243736921 0.7194143552332749 0.7198132860928577 0.7202122169524404 0.7206111478120232 0.721010078671606 0.7214090095311895 0.7218079403907722 0.722206871250355 0.7226058021099377 0.7230047329695205 0.7232620090095611 0.723367852840888 0.7234736966722148 -9999.0 -9999.0 -9999.0 -9999.0 -9999.0 -9999.0 -9999.0 -9999.0 -9999.0
0.7122750634106743 0.7121908076855983 0.7123367352587122 0.7127287339870395 0.7131207327153668 0.713512731443694 0.7139047301720213 0.7142967289003485 0.7146887276286757 0.7150807263570029 0.7154727250853302 0.7158647238136575 0.7162567225419847 0.716648721270312 0.7170407199986398 0.7174327187269671 0.7178247174552943 0.7182167161836216 0.7186087149119489 0.7190007136402761 0.7193927123686034 0.7197847110969305 0.7201767098252578 0.720568708553585 0.7209607072819123 0.7213527060102396 0.7217447047385668 0.7221367034668947 0.7225287021952219 0.7229207009235492 0.7233126996518764 0.7237046983802037 0.7239509401476978 0.7240413644245786 0.7241317887014593 0.7242222129783401 0.7243126372552209 -9999.0 -9999.0 -9999.0 -9999.0 -9999.0 -9999.0 -9999.0
0.7131727210643014 0.7130928762901472 0.7132377324758057 0.7136227990728774 0.7140078656699491 0.7143929322670208 0.7147779988640925 0.7151630654611643 0.715548132058236 0.7159331986553077 0.7163182652523794 0.7167033318494511 0.7170883984465228 0.7174734650435945 0.7178585316406669 0.7182435982377386 0.7186286648348104 0.7190137314318821 0.7193987980289538 0.7197838646260255 0.7201689312230972 0.7205539978201689 0.7209390644172406 0.7213241310143124 0.7217091976113842 0.7220942642084559 0.7224793308055276 0.7228643974026 0.7232494639996717 0.7236345305967434 0.7240195971938151 0.7244046637908869 0.7246398712858345 0.7247148760082691 0.7247898807307038 0.7248648854531384 0.7249398901755731 0.7250148948980077 -9999.0 -9999.0 -9999.0 -9999.0 -9999.0 -9999.0
0.7140703787179286 0.7139949448946961 0.714138729692899 0.7145168641587152 0.7148949986245314 0.7152731330903476 0.7156512675561638 0.71602940202198 0.7164075364877962 0.7167856709536123 0.7171638054194286 0.7175419398852447 0.717920074351061 0.7182982088168771 0.718676343282694 0.7190544777485102 0.7194326122143264 0.7198107466801426 0.7201888811459588 0.7205670156117749 0.7209451500775911 0.7213232845434073 0.7217014190092235 0.7220795534750397 0.7224576879408559 0.7228358224066721 0.7232139568724882 0.7235920913383052 0.7239702258041213 0.7243483602699375 0.7247264947357537 0.7251046292015699 0.7253288024239711 0.7253883875919597 0.7254479727599482 0.7255075579279368 0.7255671430959253 0.7256267282639138 0.7256863134319024 0.7257458985998909 -9999.0 -9999.0 -9999.0 -9999.0
0.715046328725874 0.7149745902598945 0.7151154485289707 0.7154835775192552 0.7158517065095398 0.7162198354998244 0.716587964490109 0.7169560934803936 0.7173242224706782 0.7176923514609628 0.7180604804512474 0.718428609441532 0.7187967384318166 0.7191648674221012 0.7195329964123863 0.7199011254026709 0.7202692543929555 0.7206373833832401 0.7210055123735247 0.7213736413638093 0.7217417703540939 0.7221098993443785 0.7224780283346631 0.7228461573249477 0.7232142863152323 0.7235824153055169 0.7239505442958015 0.7243186732860867 0.7246868022763713 0.7250549312666559 0.7254230602569405 0.7257911892472251 0.7260049414638656 0.7260536614148722 0.7261023813658788 0.7261511013168854 0.7261998212678921 0.7262485412188986 0.7262972611699052 0.7263459811209119 -9999.0 -9999.0 -9999.0 -9999.0
0.7161059683247909 0.7160371602915456 0.7161731090020023 0.7165279473054773 0.7168827856089524 0.7172376239124274 0.7175924622159024 0.7179473005193775 0.7183021388228525 0.7186569771263276 0.7190118154298026 0.7193666537332777 0.7197214920367527 0.7200763303402278 0.7204311686437034 0.7207860069471784 0.7211408452506536 0.7214956835541286 0.7218505218576037 0.7222053601610787 0.7225601984645538 0.7229150367680288 0.7232698750715039 0.7236247133749789 0.723979551678454 0.724334389981929 0.724689228285404 0.7250440665888797 0.7253989048923547 0.7257537431958297 0.7261085814993048 0.7264634198027798 0.7266674065571914 0.7267101295908458 0.7267528526245001 0.7267955756581544 0.7268382986918088 0.7268810217254631 0.7269237447591175 0.7269664677927719 0.7270091908264262 -9999.0 -9999.0 -9999.0
0.717165607923708 0.717099730323197 0.717230769475034 0.7175723170916994 0.7179138647083649 0.7182554123250304 0.7185969599416959 0.7189385075583614 0.7192800551750269 0.7196216027916924 0.7199631504083579 0.7203046980250235 0.720646245641689 0.7209877932583545 0.7213293408750205 0.721670888491686 0.7220124361083515 0.722353983725017 0.7226955313416826 0.7230370789583481 0.7233786265750136 0.7237201741916791 0.7240617218083446 0.7244032694250101 0.7247448170416756 0.7250863646583411 0.7254279122750066 0.7257694598916727 0.7261110075083382 0.7264525551250037 0.7267941027416692 0.7271356503583347 0.7273298716505173 0.7273665977668193 0.7274033238831215 0.7274400499994235 0.7274767761157256 0.7275135022320276 0.7275502283483297 0.7275869544646317 0.7276236805809339 0.727660406697236 0.727697132813538 -9999.0
0.7182252475226248 0.7181623003548482 0.7182884299480655 0.7186166868779215 0.7189449438077774 0.7192732007376333 0.7196014576674893 0.7199297145973452 0.7202579715272013 0.7205862284570572 0.7209144853869132 0.7212427423167691 0.721570999246625 0.7218992561764811 0.7222275131063376 0.7225557700361935 0.7228840269660495 0.7232122838959054 0.7235405408257614 0.7238687977556174 0.7241970546854734 0.7245253116153293 0.7248535685451852 0.7251818254750412 0.7255100824048972 0.7258383393347532 0.7261665962646091 0.7264948531944656 0.7268231101243215 0.7271513670541775 0.7274796239840335 0.7278078809138895 0.727992336743843 0.7280230659427929 0.7280537951417426 0.7280845243406924 0.7281152535396422 0.728145982738592 0.7281767119375419 0.7282074411364916 0.7282381703354415 0.7282688995343912 0.728299628733341 -9999.0
0.7192848871215419 0.7192248703864994 0.7193460904210972 0.7196610566641436 0.71997602290719 0.7202909891502364 0.7206059553932829 0.7209209216363293 0.7212358878793756 0.721550854122422 0.7218658203654685 0.7221807866085149 0.7224957528515613 0.7228107190946077 0.7231256853376546 0.7234406515807011 0.7237556178237475 0.7240705840667939 0.7243855503098403 0.7247005165528868 0.7250154827959332 0.7253304490389796 0.725645415282026 0.7259603815250725 0.7262753477681189 0.7265903140111653 0.7269052802542116 0.7272202464972586 0.7275352127403051 0.7278501789833515 0.7281651452263979 0.7284801114694442 0.7286548018371689 0.7286795341187664 0.7287042664003639 0.7287289986819615 0.728753730963559 0.7287784632451565 0.728803195526754 0.7288279278083516 0.7288526600899491 0.7288773923715466 0.7289021246531442 0.7289268569347417
0.7203445267204588 0.7202874404181506 0.7204037508941288 0.7207054264503656 0.7210071020066025 0.7213087775628394 0.7216104531190762 0.7219121286753131 0.72221380423155 0.7225154797877869 0.7228171553440237 0.7231188309002606 0.7234205064564975 0.7237221820127344 0.7240238575689717 0.7243255331252086 0.7246272086814455 0.7249288842376824 0.7252305597939193 0.7255322353501561 0.725833910906393 0.7261355864626299 0.7264372620188667 0.7267389375751037 0.7270406131313405 0.7273422886875773 0.7276439642438143 0.7279456398000517 0.7282473153562885 0.7285489909125253 0.7288506664687623 0.7291523420249991 0.7293172669304948 0.72933600229474 0.7293547376589853 0.7293734730232305 0.7293922083874758 0.729410943751721 0.7294296791159662 0.7294484144802115 0.7294671498444568 0.7294858852087021 0.7295046205729473 0.7295233559371925
0.7214041663193768 0.7213500104498028 0.7214614113671614 0.7217497962365886 0.7220381811060159 0.7223265659754433 0.7226149508448706 0.7229033357142979 0.7231917205837253 0.7234801054531526 0.7237684903225798 0.7240568751920071 0.7243452600614345 0.7246336449308618 0.7249220298002896 0.7252104146697169 0.7254987995391443 0.7257871844085716 0.7260755692779989 0.7263639541474263 0.7266523390168536 0.7269407238862808 0.7272291087557081 0.7275174936251355 0.7278058784945628 0.7280942633639901 0.7283826482334175 0.7286710331028453 0.7289594179722726 0.7292478028416999 0.7295361877111273 0.7298245725805546 0.7299797320238212 0.7299924704707141 0.7300052089176071 0.7300179473645001 0.7300306858113931 0.7300434242582861 0.7300561627051789 0.7300689011520719 0.7300816395989649 0.7300943780458579 0.7301071164927508 0.7301198549396438
0.7224638059182937 0.7224125804814541 0.722519071840193 0.7227941660228108 0.7230692602054285 0.7233443543880463 0.7236194485706641 0.7238945427532819 0.7241696369358996 0.7244447311185174 0.7247198253011352 0.7249949194837529 0.7252700136663708 0.7255451078489885 0.7258202020316068 0.7260952962142245 0.7263703903968423 0.7266454845794601 0.7269205787620778 0.7271956729446957 0.7274707671273134 0.7277458613099311 0.728020955492549 0.7282960496751667 0.7285711438577845 0.7288462380404023 0.72912133222302 0.7293964264056383 0.729671520588256 0.7299466147708739 0.7302217089534916 0.7304968031361094 0.7306421971171471 0.7306489386466877 0.7306556801762284 0.7306624217057691 0.7306691632353098 0.7306759047648506 0.7306826462943912 0.7306893878239319 0.7306961293534726 0.7307028708830133 0.7307096124125539 0.7307163539420947
0.7235234455172107 0.7234751505131053 0.7235767323132246 0.7238385358090328 0.7241003393048411 0.7243621428006493 0.7246239462964574 0.7248857497922657 0.7251475532880739 0.7254093567838822 0.7256711602796904 0.7259329637754987 0.7261947672713068 0.7264565707671151 0.7267183742629237 0.726980177758732 0.7272419812545402 0.7275037847503485 0.7277655882461567 0.728027391741965 0.7282891952377731 0.7285509987335813 0.7288128022293896 0.7290746057251978 0.7293364092210061 0.7295982127168142 0.7298600162126225 0.7301218197084312 0.7303836232042394 0.7306454267000476 0.7309072301958559 0.7311690336916641 0.7313046622104727 0.7313054068226612 0.7313061514348497 0.731306896047038 0.7313076406592265 0.731308385271415 0.7313091298836033 0.7313098744957918 0.7313106191079802 0.7313113637201686 0.731312108332357 0.7313128529445455
0.7245830851161277 0.7245377205447566 0.7246343927862563 0.7248829055952549 0.7251314184042537 0.7253799312132523 0.725628444022251 0.7258769568312496 0.7261254696402484 0.726373982449247 0.7266224952582457 0.7268710080672444 0.7271195208762431 0.7273680336852418 0.7276165464942409 0.7278650593032395 0.7281135721122383 0.7283620849212369 0.7286105977302356 0.7288591105392344 0.729107623348233 0.7293561361572317 0.7296046489662303 0.7298531617752291 0.7301016745842277 0.7303501873932264 0.7305987002022251 0.7308472130112242 0.7310957258202229 0.7313442386292216 0.7315927514382202 0.731841264247219 0.7319671273037986 0.7319618749986347 0.731956622693471 0.731951370388307 0.7319461180831432 0.7319408657779795 0.7319356134728155 0.7319303611676518 0.7319251088624878 0.7319198565573241 0.7319146042521602 0.7319093519469964
0.7256427247150447 0.7256002905764077 0.7256920532592879 0.7259272753814769 0.7261624975036661 0.7263977196258553 0.7266329417480444 0.7268681638702336 0.7271033859924227 0.7273386081146118 0.727573830236801 0.7278090523589901 0.7280442744811793 0.7282794966033684 0.728514718725558 0.7287499408477471 0.7289851629699362 0.7292203850921254 0.7294556072143146 0.7296908293365036 0.7299260514586928 0.7301612735808819 0.7303964957030711 0.7306317178252603 0.7308669399474493 0.7311021620696385 0.7313373841918277 0.7315726063140172 0.7318078284362064 0.7320430505583955 0.7322782726805847 0.7325134948027737 0.7326295923971244 0.7326183431746084 0.7326070939520922 0.7325958447295762 0.73258459550706 0.7325733462845438 0.7325620970620278 0.7325508478395116 0.7325395986169955 0.7325283493944794 0.7325171001719633 0.7325058509494471
0.7267023643139616 0.7266628606080591 0.7267497137323196 0.7269716451676991 0.7271935766030787 0.7274155080384583 0.727637439473838 0.7278593709092175 0.7280813023445971 0.7283032337799767 0.7285251652153563 0.7287470966507359 0.7289690280861155 0.7291909595214952 0.7294128909568751 0.7296348223922546 0.7298567538276343 0.7300786852630139 0.7303006166983934 0.730522548133773 0.7307444795691527 0.7309664110045323 0.7311883424399118 0.7314102738752915 0.7316322053106711 0.7318541367460506 0.7320760681814302 0.7322979996168102 0.7325199310521898 0.7327418624875695 0.732963793922949 0.7331857253583286 0.7332920574904503 0.7332748113505819 0.7332575652107136 0.7332403190708452 0.7332230729309768 0.7332058267911084 0.7331885806512399 0.7331713345113716 0.7331540883715032 0.7331368422316348 0.7331195960917664 0.7331023499518979
0.7277620039128786 0.7277254306397103 0.7278073742053511 0.7280160149539212 0.7282246557024912 0.7284332964510613 0.7286419371996313 0.7288505779482014 0.7290592186967715 0.7292678594453414 0.7294765001939115 0.7296851409424816 0.7298937816910517 0.7301024224396218 0.7303110631881922 0.7305197039367622 0.7307283446853322 0.7309369854339023 0.7311456261824724 0.7313542669310424 0.7315629076796125 0.7317715484281825 0.7319801891767526 0.7321888299253226 0.7323974706738927 0.7326061114224628 0.7328147521710328 0.7330233929196033 0.7332320336681732 0.7334406744167433 0.7336493151653134 0.7338579559138835 0.7339545225837762 0.7339312795265556 0.7339080364693349 0.7338847934121142 0.7338615503548935 0.7338383072976729 0.7338150642404522 0.7337918211832315 0.7337685781260108 0.7337453350687901 0.7337220920115695 0.7336988489543488
0.7288216435117965 0.7287880006713624 0.7288650346783837 0.7290603847401441 0.7292557348019046 0.7294510848636652 0.7296464349254257 0.7298417849871862 0.7300371350489466 0.7302324851107072 0.7304278351724677 0.7306231852342282 0.7308185352959887 0.7310138853577491 0.73120923541951 0.7314045854812705 0.731599935543031 0.7317952856047915 0.731990635666552 0.7321859857283125 0.732381335790073 0.7325766858518336 0.732772035913594 0.7329673859753545 0.733162736037115 0.7333580860988755 0.7335534361606361 0.7337487862223968 0.7339441362841573 0.7341394863459179 0.7343348364076784 0.7345301864694388 0.7346169876771026 0.7345877477025297 0.7345585077279567 0.7345292677533838 0.7345000277788108 0.7344707878042379 0.734441547829665 0.734412307855092 0.734383067880519 0.734353827905946 0.7343245879313731 0.7342953479568002
0.7298812831107134 0.7298505707030136 0.7299226951514153 0.7301047545263663 0.7302868139013171 0.7304688732762681 0.730650932651219 0.73083299202617 0.731015051401121 0.731197110776072 0.7313791701510229 0.7315612295259738 0.7317432889009248 0.7319253482758757 0.732107407650827 0.732289467025778 0.7324715264007289 0.7326535857756798 0.7328356451506308 0.7330177045255818 0.7331997639005328 0.7333818232754837 0.7335638826504347 0.7337459420253856 0.7339280014003365 0.7341100607752875 0.7342921201502385 0.7344741795251898 0.7346562389001408 0.7348382982750916 0.7350203576500426 0.7352024170249936 0.7352794527704284 0.7352442158785032 0.7352089789865779 0.7351737420946527 0.7351385052027275 0.7351032683108023 0.7350680314188771 0.7350327945269518 0.7349975576350266 0.7349623207431014 0.7349270838511761 0.7348918469592509
