Figures/CREST_Example_wjb_NSE/PETs/wjb.pet.20090731.asc
ncols            288
nrows            254
xllcorner        113.274861
yllcorner        31.4918055
cellsize         0.008333333333
NODATA_value     -9999
[rows 133 to 151 of 254, columns 0 to 43 of 288]
-9999.0 -9999.0 -9999.0 0.8012399439969903 0.8014021222075471 -9999.0 0.8017264786286609 0.8018886568392177 0.8020508350497746 0.8022130132603315 0.8023751914708883 0.8025373696814451 0.8020162596296826 0.8007646989860626 0.7995131383424448 0.798261577698827 0.7970100170552091 0.7957584564115913 0.7945068957679734 0.7932553351243556 0.7920037744807378 0.7907522138371199 0.789500653193502 0.7882490925498843 0.7869975319062664 0.7857459712626486 0.7844944106190286 0.7832428499754108 0.781991289331793 0.7807397286881751 0.7794881680445572 0.7782366074009395 0.7769850467573216 0.7757334861137037 0.7744819254700859 0.7732303648264681 0.7719788041828503 0.7707272435392324 0.7694756828956146 0.7682241222519947 0.7669725616083768 0.7657210009647589 0.7635270411597654 0.7603256353521743
-9999.0 -9999.0 -9999.0 0.811769020300023 0.8118444475876186 0.8119198748752142 0.8119953021628099 0.8120707294504055 0.8121461567380012 0.8122215840255967 0.8122970113131924 0.812372438600788 0.8115521009486261 0.8097741703353467 0.8079962397220704 0.806218309108794 0.8044403784955177 0.8026624478822414 0.800884517268965 0.7991065866556887 0.7973286560424123 0.7955507254291361 0.7937727948158597 0.7919948642025834 0.790216933589307 0.7884390029760306 0.7866610723627513 0.7848831417494749 0.7831052111361986 0.7813272805229223 0.779549349909646 0.7777714192963696 0.7759934886830933 0.7742155580698169 0.7724376274565405 0.7706596968432643 0.7688817662299879 0.7671038356167116 0.7653259050034352 0.7635479743901559 0.7617700437768795 0.7599921131636032 0.7575184388161216 0.7543009986923269
-9999.0 -9999.0 -9999.0 0.8222980966030556 0.82228677296769 0.8222754493323244 0.8222641256969588 0.8222528020615932 0.8222414784262276 0.822230154790862 0.8222188311554965 0.8222075075201309 0.8210879422675696 0.8187836416846308 0.816479341101696 0.8141750405187611 0.8118707399358263 0.8095664393528914 0.8072621387699566 0.8049578381870217 0.8026535376040869 0.800349237021152 0.7980449364382173 0.7957406358552824 0.7934363352723476 0.7911320346894127 0.7888277341064739 0.786523433523539 0.7842191329406042 0.7819148323576693 0.7796105317747346 0.7773062311917998 0.7750019306088649 0.7726976300259301 0.7703933294429952 0.7680890288600604 0.7657847282771255 0.7634804276941907 0.7611761271112558 0.758871826528317 0.7565675259453821 0.7542632253624473 0.7515098364724777 0.7482763620324795
-9999.0 -9999.0 -9999.0 0.8328271729060883 0.8327290983477615 0.8326310237894348 0.8325329492311079 0.8324348746727811 0.8323368001144543 0.8322387255561275 0.8321406509978008 0.8320425764394739 0.8306237835865132 0.827793113033915 0.8249624424813217 0.8221317719287283 0.819301101376135 0.8164704308235416 0.8136397602709483 0.810809089718355 0.8079784191657616 0.8051477486131682 0.8023170780605748 0.7994864075079815 0.7966557369553882 0.7938250664027948 0.7909943958501967 0.7881637252976033 0.7853330547450099 0.7825023841924166 0.7796717136398232 0.7768410430872299 0.7740103725346366 0.7711797019820432 0.7683490314294499 0.7655183608768565 0.7626876903242632 0.7598570197716699 0.7570263492190765 0.7541956786664783 0.751365008113885 0.7485343375612916 0.7455012341288338 0.7422517253726321
-9999.0 -9999.0 -9999.0 0.84335624920913 0.8431714237278418 0.8429865982465538 0.8428017727652657 0.8426169472839776 0.8424321218026894 0.8422472963214014 0.8420624708401133 0.8418776453588251 0.8401596249054648 0.8368025843832068 0.8334455438609545 0.8300885033387022 0.8267314628164499 0.8233744222941975 0.8200173817719453 0.816660341249693 0.8133033007274406 0.8099462602051883 0.8065892196829361 0.8032321791606838 0.7998751386384314 0.7965180981161791 0.7931610575939211 0.7898040170716688 0.7864469765494165 0.7830899360271643 0.7797328955049119 0.7763758549826596 0.7730188144604073 0.769661773938155 0.7663047334159027 0.7629476928936504 0.7595906523713981 0.7562336118491457 0.7528765713268935 0.7495195308046354 0.7461624902823831 0.7428054497601309 0.7394926317851848 0.7362270887127794
-9999.0 -9999.0 -9999.0 0.8538853255121627 0.8536137491079133 0.853342172703664 0.8530705962994147 0.8527990198951654 0.852527443490916 0.8522558670866667 0.8519842906824174 0.8517127142781681 0.8496954662244083 0.8458120557324909 0.8419286452405801 0.8380452347486693 0.8341618242567584 0.8302784137648477 0.8263950032729369 0.822511592781026 0.8186281822891153 0.8147447717972045 0.8108613613052936 0.8069779508133829 0.803094540321472 0.7992111298295612 0.7953277193376438 0.791444308845733 0.7875608983538221 0.7836774878619114 0.7797940773700006 0.7759106668780897 0.772027256386179 0.7681438458942682 0.7642604354023573 0.7603770249104466 0.7564936144185357 0.7526102039266249 0.7487267934347142 0.7448433829427967 0.740959972450886 0.7370765619589751 0.733484029441541 0.730202452052932
-9999.0 0.8651310564696164 0.8647727291424059 0.8644144018151954 0.8640560744879848 0.8636977471607743 0.8633394198335638 0.8629810925063532 0.8626227651791427 0.8622644378519322 0.8619061105247217 0.861547783197511 0.859231307543352 0.8548215270817751 0.8504117466202058 0.8460019661586364 0.8415921856970672 0.8371824052354978 0.8327726247739285 0.8283628443123592 0.8239530638507899 0.8195432833892206 0.8151335029276513 0.8107237224660819 0.8063139420045127 0.8019041615429433 0.7974943810813665 0.7930846006197971 0.7886748201582279 0.7842650396966585 0.7798552592350892 0.7754454787735199 0.7710356983119506 0.7666259178503813 0.762216137388812 0.7578063569272426 0.7533965764656734 0.748986796004104 0.7445770155425347 0.7401672350809578 0.7357574546193886 0.7313476741578192 0.727475427097897 0.7241778153930845
-9999.0 0.8758336346185716 0.8753885563683997 0.874943478118228 0.8744983998680562 0.8740533216178845 0.8736082433677127 0.873163165117541 0.8727180868673692 0.8722730086171975 0.8718279303670258 0.871382852116854 0.8687671488622954 0.8638309984310591 0.8588948479998314 0.8539586975686035 0.8490225471373758 0.8440863967061479 0.8391502462749201 0.8342140958436923 0.8292779454124645 0.8243417949812366 0.8194056445500089 0.814469494118781 0.8095333436875533 0.8045971932563254 0.7996610428250892 0.7947248923938613 0.7897887419626335 0.7848525915314057 0.7799164411001779 0.77498029066895 0.7700441402377223 0.7651079898064944 0.7601718393752667 0.7552356889440388 0.750299538512811 0.7453633880815832 0.7404272376503553 0.7354910872191192 0.7305549367878913 0.7256187863566634 0.7214668247542533 0.718153178733237
-9999.0 -9999.0 0.8860043835943937 0.8854725544212607 0.8849407252481277 0.8844088960749948 0.8838770669018619 0.8833452377287289 0.8828134085555959 0.8822815793824629 0.8817497502093299 0.881217921036197 0.878302990181239 0.8728404697803434 0.8673779493794571 0.8619154289785708 0.8564529085776844 0.8509903881767981 0.8455278677759117 0.8400653473750255 0.8346028269741391 0.8291403065732528 0.8236777861723664 0.8182152657714802 0.8127527453705938 0.8072902249697075 0.8018277045688118 0.7963651841679256 0.7909026637670392 0.7854401433661529 0.7799776229652665 0.7745151025643802 0.7690525821634939 0.7635900617626076 0.7581275413617212 0.7526650209608349 0.7472025005599485 0.7417399801590623 0.7362774597581759 0.7308149393572803 0.725352418956394 0.7198898985555077 0.7154582224106093 0.7121285420733895
-9999.0 -9999.0 0.8966202108203876 0.8960016307242934 0.8953830506281992 0.8947644705321051 0.8941458904360108 0.8935273103399166 0.8929087302438224 0.8922901501477283 0.891671570051634 0.8910529899555398 0.8878388315001825 0.8818499411296276 0.8758610507590827 0.8698721603885379 0.863883270017993 0.8578943796474482 0.8519054892769033 0.8459165989063585 0.8399277085358137 0.8339388181652689 0.8279499277947241 0.8219610374241793 0.8159721470536344 0.8099832566830896 0.8039943663125345 0.7980054759419897 0.7920165855714448 0.7860276952009 0.7800388048303553 0.7740499144598104 0.7680610240892656 0.7620721337187207 0.7560832433481759 0.750094352977631 0.7441054626070862 0.7381165722365414 0.7321276818659965 0.7261387914954416 0.7201499011248967 0.7141610107543519 0.7094496200669654 0.7061039054135421
-9999.0 -9999.0 0.9072360380463814 0.9065307070273261 0.9058253760082706 0.9051200449892152 0.9044147139701598 0.9037093829511044 0.903004051932049 0.9022987209129936 0.9015933898939381 0.9008880588748828 0.8973746728191261 0.8908594124789116 0.8843441521387083 0.877828891798505 0.8713136314583017 0.8647983711180982 0.858283110777895 0.8517678504376915 0.8452525900974883 0.8387373297572849 0.8322220694170817 0.8257068090768782 0.8191915487366749 0.8126762883964715 0.8061610280562571 0.7996457677160538 0.7931305073758504 0.7866152470356471 0.7800999866954438 0.7735847263552404 0.7670694660150371 0.7605542056748338 0.7540389453346305 0.7475236849944271 0.7410084246542238 0.7344931643140205 0.7279779039738171 0.7214626436336027 0.7149473832933994 0.708432122953196 0.7034410177233216 0.7000792687536945
-9999.0 -9999.0 0.9178518652723845 0.9170597833303678 0.916267701388351 0.9154756194463344 0.9146835375043176 0.9138914555623009 0.9130993736202843 0.9123072916782675 0.9115152097362508 0.9107231277942341 0.9069105141380778 0.8998688838282035 0.8928272535183411 0.8857856232084789 0.8787439928986166 0.8717023625887543 0.8646607322788921 0.8576191019690298 0.8505774716591674 0.8435358413493051 0.8364942110394429 0.8294525807295806 0.8224109504197183 0.815369320109856 0.8083276897999817 0.8012860594901194 0.7942444291802572 0.7872027988703949 0.7801611685605325 0.7731195382506703 0.766077907940808 0.7590362776309457 0.7519946473210835 0.7449530170112211 0.7379113867013588 0.7308697563914965 0.7238281260816343 0.71678649577176 0.7097448654618976 0.7027032351520354 0.6974324153796726 0.694054632093842
-9999.0 -9999.0 0.9284676924983783 0.9275888596334004 0.9267100267684225 0.9258311939034446 0.9249523610384667 0.9240735281734888 0.9231946953085108 0.9223158624435329 0.9214370295785549 0.920558196713577 0.9164463554570212 0.9088783551774876 0.9013103548979667 0.893742354618446 0.8861743543389252 0.8786063540594043 0.8710383537798836 0.8634703535003628 0.8559023532208421 0.8483343529413212 0.8407663526618004 0.8331983523822797 0.8256303521027588 0.818062351823238 0.8104943515437043 0.8029263512641835 0.7953583509846628 0.787790350705142 0.7802223504256212 0.7726543501461004 0.7650863498665796 0.7575183495870588 0.749950349307538 0.7423823490280173 0.7348143487484964 0.7272463484689756 0.7196783481894549 0.7121103479099211 0.7045423476304004 0.6969743473508796 0.6914238130360287 0.6880299954339945
0.9410146873002505 0.9400491035123113 0.9390835197243722 0.9381179359364331 0.9371523521484939 0.9361867683605548 0.9352211845726156 0.9342556007846765 0.9332900169967373 0.9323244332087982 0.931358849420859 0.9303932656329199 0.9259821967759648 0.9178878265267717 0.9097934562775923 0.9016990860284131 0.8936047157792338 0.8855103455300545 0.8774159752808752 0.8693216050316959 0.8612272347825166 0.8531328645333374 0.845038494284158 0.8369441240349788 0.8288497537857994 0.8207553835366201 0.812661013287427 0.8045666430382478 0.7964722727890684 0.7883779025398892 0.7802835322907098 0.7721891620415305 0.7640947917923513 0.7560004215431719 0.7479060512939927 0.7398116810448134 0.7317173107956341 0.7236229405464547 0.7155285702972755 0.7074342000480824 0.6993398297989031 0.6912454595497237 0.6854152106923849 0.682005358774147
0.9518040163721669 0.9507516816612666 0.9496993469503662 0.9486470122394658 0.9475946775285654 0.946542342817665 0.9454900081067648 0.9444376733958644 0.943385338684964 0.9423330039740636 0.9412806692631632 0.940228334552263 0.9355180380949084 0.9268972978760559 0.918276557657218 0.9096558174383803 0.9010350772195425 0.8924143370007046 0.8837935967818669 0.875172856563029 0.8665521163441913 0.8579313761253534 0.8493106359065157 0.8406898956876778 0.83206915546884 0.8234484152500022 0.8148276750311497 0.8062069348123119 0.7975861945934741 0.7889654543746363 0.7803447141557984 0.7717239739369607 0.7631032337181229 0.7544824934992851 0.7458617532804472 0.7372410130616095 0.7286202728427716 0.7199995326239339 0.711378792405096 0.7027580521862435 0.6941373119674057 0.685516571748568 0.6794066083487409 0.6759807221142995
-9999.0 0.9585198471793769 0.9574235640881894 0.9563272809970019 0.9552309979058144 0.954134714814627 0.9530384317234395 0.951942148632252 0.9508458655410645 0.9497495824498771 0.9486532993586896 0.9475570162675021 0.9427242060358908 0.9338969638613807 0.9250697216868855 0.9162424795123905 0.9074152373378953 0.8985879951634003 0.8897607529889051 0.8809335108144101 0.872106268639915 0.8632790264654199 0.8544517842909248 0.8456245421164297 0.8367972999419346 0.8279700577674395 0.8191428155929293 0.8103155734184343 0.8014883312439391 0.7926610890694441 0.7838338468949491 0.7750066047204539 0.7661793625459589 0.7573521203714637 0.7485248781969687 0.7396976360224736 0.7308703938479785 0.7220431516734833 0.7132159094989883 0.7043886673244781 0.6955614251499831 0.686734182975488 0.6804477978154307 0.6768776462295107
-9999.0 0.9631513105745163 0.9620568323229751 0.9609623540714339 0.9598678758198927 0.9587733975683516 0.9576789193168104 0.9565844410652692 0.955489962813728 0.9543954845621868 0.9533010063106456 0.9522065280591044 0.9474400999937027 0.938748274606674 0.9300564492196601 0.9213646238326462 0.9126727984456323 0.9039809730586185 0.8952891476716045 0.8865973222845906 0.8779054968975768 0.8692136715105628 0.860521846123549 0.851830020736535 0.8431381953495212 0.8344463699625073 0.8257545445754786 0.8170627191884647 0.8083708938014508 0.7996790684144369 0.790987243027423 0.7822954176404091 0.7736035922533953 0.7649117668663814 0.7562199414793674 0.7475281160923536 0.7388362907053396 0.7301444653183258 0.7214526399313119 0.7127608145442832 0.7040689891572693 0.6953771637702554 0.6890247703228348 0.6851732824921508
-9999.0 -9999.0 0.9666901005577647 0.9655974271458698 0.9645047537339749 0.96341208032208 0.9623194069101851 0.9612267334982902 0.9601340600863953 0.9590413866745005 0.9579487132626056 0.9568560398507107 0.9521559939515186 0.9435995853519714 0.9350431767524389 0.9264867681529062 0.9179303595533737 0.9093739509538411 0.9008175423543086 0.8922611337547759 0.8837047251552433 0.8751483165557108 0.8665919079561782 0.8580354993566457 0.849479090757113 0.8409226821575805 0.8323662735580333 0.8238098649585007 0.8152534563589682 0.8066970477594356 0.7981406391599031 0.7895842305603704 0.7810278219608379 0.7724714133613053 0.7639150047617727 0.7553585961622401 0.7468021875627076 0.738245778963175 0.7296893703636425 0.7211329617640952 0.7125765531645627 0.70402014456503 0.697601742830246 0.6934689187547978
-9999.0 -9999.0 -9999.0 -9999.0 -9999.0 -9999.0 0.966959894503556 0.9658690259313074 0.9647781573590589 0.9636872887868103 0.9625964202145617 0.9615055516423131 0.9568718879093305 0.9484508960972647 0.9400299042852134 0.931608912473162 0.9231879206611107 0.9147669288490593 0.9063459370370079 0.8979249452249565 0.8895039534129051 0.8810829616008538 0.8726619697888024 0.864240977976751 0.8558199861646997 0.8473989943526483 0.8389780025405825 0.8305570107285312 0.8221360189164798 0.8137150271044284 0.805294035292377 0.7968730434803256 0.7884520516682743 0.7800310598562229 0.7716100680441715 0.7631890762321202 0.7547680844200688 0.7463470926080173 0.737926100795966 0.7295051089839003 0.721084117171849 0.7126631253597975 0.7061787153376501 0.7017645550174378
