Figures/CREST_Example_wjb_NSE/PETs/wjb.pet.20101229.asc
ncols            288
nrows            254
xllcorner        113.274861
yllcorner        31.4918055
cellsize         0.008333333333
NODATA_value     -9999
[rows 171 to 189 of 254, columns 132 to 175 of 288]
0.48472121100075577 0.48528836299836847 0.4858555149959812 0.4864226669935939 0.4869898189912066 0.4875569709888193 0.488124122986432 0.4886912749840447 0.4892584269816574 0.4898255789792701 0.4903927309768828 0.49095988297449644 0.49152703497210914 0.49209418696972185 0.49266133896733455 0.49322849096494725 0.49379564296255996 0.49436279496017266 0.49492994695778536 0.4954970989553981 0.4960642509530108 0.4966314029506235 0.4971985549482362 0.49776570694584893 0.4983328589434626 0.4989000109410753 0.499467162938688 0.5000343149363007 0.5006014669339134 0.5011686189315261 0.5018776946878126 0.5027384901526453 0.5035992856174779 0.5044600810823106 0.5053208765471432 0.5061816720119758 0.5070424674768085 0.5079032629416426 0.5087640584064752 0.5096248538713078 0.5104856493361405 0.5113464448009731 0.5122072402658058 0.5130680357306384
0.4858294661568573 0.48637476278699754 0.48692005941713784 0.48746535604727814 0.4880106526774184 0.4885559493075587 0.48910124593769894 0.48964654256783924 0.49019183919797954 0.4907371358281198 0.4912824324582601 0.4918277290884013 0.4923730257185416 0.4929183223486818 0.4934636189788221 0.4940089156089624 0.4945542122391027 0.4950995088692429 0.4956448054993832 0.4961901021295235 0.49673539875966377 0.4972806953898041 0.4978259920199443 0.4983712886500846 0.4989165852802258 0.4994618819103661 0.5000071785405064 0.5005524751706467 0.501097771800787 0.5016430684309272 0.5023285668677224 0.5031639442074025 0.5039993215470826 0.5048346988867627 0.5056700762264429 0.506505453566123 0.5073408309058031 0.5081762082454846 0.5090115855851647 0.5098469629248448 0.5106823402645249 0.511517717604205 0.512353094943885 0.5131884722835652
0.4869377213129588 0.48746116257562666 0.4879846038382945 0.48850804510096235 0.48903148636363025 0.4895549276262981 0.49007836888896594 0.4906018101516338 0.49112525141430163 0.4916486926769695 0.4921721339396373 0.4926955752023061 0.49321901646497396 0.4937424577276418 0.49426589899030965 0.4947893402529775 0.49531278151564534 0.4958362227783132 0.4963596640409811 0.49688310530364893 0.4974065465663168 0.4979299878289846 0.49845342909165247 0.4989768703543203 0.4995003116169891 0.500023752879657 0.5005471941423247 0.5010706354049926 0.5015940766676605 0.5021175179303283 0.5027794390476322 0.5035893982621599 0.5043993574766874 0.5052093166912149 0.5060192759057426 0.5068292351202701 0.5076391943347976 0.5084491535493266 0.5092591127638542 0.5100690719783818 0.5108790311929093 0.5116889904074369 0.5124989496219645 0.513308908836492
0.48804597646906034 0.4885475623642558 0.48904914825945117 0.4895507341546466 0.49005232004984206 0.4905539059450375 0.4910554918402329 0.49155707773542834 0.4920586636306238 0.49256024952581917 0.4930618354210146 0.4935634213162109 0.49406500721140634 0.4945665931066018 0.49506817900179717 0.4955697648969926 0.49607135079218806 0.4965729366873835 0.4970745225825789 0.49757610847777434 0.4980776943729698 0.49857928026816517 0.4990808661633606 0.49958245205855606 0.5000840379537523 0.5005856238489478 0.5010872097441432 0.5015887956393387 0.502090381534534 0.5025919674297294 0.5032303112275421 0.5040148523169171 0.5047993934062922 0.5055839344956672 0.5063684755850423 0.5071530166744173 0.5079375577637923 0.5087220988531687 0.5095066399425437 0.5102911810319187 0.5110757221212938 0.5118602632106688 0.5126448043000439 0.5134293453894189
0.48915423162516186 0.48963396215288485 0.4901136926806079 0.4905934232083309 0.49107315373605387 0.49155288426377686 0.4920326147914999 0.4925123453192229 0.4929920758469459 0.4934718063746689 0.4939515369023919 0.49443126743011573 0.4949109979578387 0.4953907284855617 0.49587045901328475 0.49635018954100774 0.4968299200687307 0.49730965059645377 0.49778938112417676 0.49826911165189974 0.49874884217962273 0.4992285727073458 0.49970830323506876 0.5001880337627918 0.5006677642905156 0.5011474948182386 0.5016272253459616 0.5021069558736846 0.5025866864014076 0.5030664169291306 0.5036811834074519 0.5044403063716745 0.5051994293358969 0.5059585523001194 0.506717675264342 0.5074767982285645 0.5082359211927869 0.5089950441570108 0.5097541671212332 0.5105132900854558 0.5112724130496783 0.5120315360139007 0.5127906589781233 0.5135497819423458
0.4902624867812644 0.4907203619415149 0.4911782371017655 0.49163611226201603 0.4920939874222666 0.49255186258251715 0.49300973774276774 0.49346761290301827 0.49392548806326886 0.49438336322351945 0.49484123838377 0.49529911354402134 0.4957569887042719 0.49621486386452246 0.496672739024773 0.4971306141850236 0.4975884893452741 0.4980463645055247 0.49850423966577523 0.4989621148260258 0.49941998998627635 0.49987786514652693 0.5003357403067775 0.500793615467028 0.5012514906272794 0.5017093657875299 0.5021672409477805 0.5026251161080311 0.5030829912682816 0.5035408664285321 0.5041320555873622 0.5048657604264322 0.5055994652655021 0.506333170104572 0.507066874943642 0.507800579782712 0.5085342846217819 0.509267989460853 0.510001694299923 0.5107353991389929 0.5114691039780629 0.5122028088171329 0.5129365136562027 0.5136702184952727
0.4913707419373659 0.49180676173014404 0.49224278152292217 0.4926788013157003 0.49311482110847843 0.49355084090125656 0.4939868606940347 0.4944228804868128 0.494858900279591 0.49529492007236914 0.49573093986514727 0.4961669596579261 0.49660297945070425 0.4970389992434824 0.4974750190362605 0.4979110388290387 0.49834705862181683 0.49878307841459496 0.4992190982073731 0.4996551180001512 0.5000911377929294 0.5005271575857075 0.5009631773784856 0.5013991971712638 0.5018352169640427 0.5022712367568207 0.5027072565495989 0.503143276342377 0.5035792961351552 0.5040153159279334 0.5045829277672721 0.5052912144811895 0.5059995011951068 0.5067077879090243 0.5074160746229417 0.5081243613368591 0.5088326480507765 0.5095409347646951 0.5102492214786125 0.5109575081925299 0.5116657949064474 0.5123740816203648 0.5130823683342822 0.5137906550481995
0.49268960323316074 0.49310792114600704 0.49352623905885334 0.4939445569716997 0.494362874884546 0.4947811927973923 0.4951995107102386 0.49561782862308496 0.49603614653593125 0.49645446444877755 0.49687278236162385 0.4972911002744709 0.49770941818731723 0.49812773610016353 0.49854605401300983 0.49896437192585613 0.4993826898387025 0.4998010077515488 0.5002193256643951 0.5006376435772414 0.5010559614900877 0.501474279402934 0.5018925973157804 0.5023109152286267 0.5027292331414737 0.50314755105432 0.5035658689671663 0.5039841868800127 0.504402504792859 0.5048208227057053 0.5053735796493661 0.506070054958176 0.5067665302669859 0.5074630055757959 0.5081594808846058 0.5088559561934158 0.5095524315022257 0.5102489068110369 0.5109453821198467 0.5116418574286568 0.5123383327374667 0.5130348080462765 0.5137312833550866 0.5144277586638965
0.4942335892171867 0.494638645066476 0.49504370091576533 0.4954487567650546 0.49585381261434397 0.49625886846363326 0.4966639243129226 0.4970689801622119 0.49747403601150125 0.49787909186079055 0.4982841477100799 0.4986892035593699 0.4990942594086592 0.49949931525794855 0.49990437110723784 0.5003094269565272 0.5007144828058165 0.5011195386551058 0.5015245945043951 0.5019296503536845 0.5023347062029738 0.5027397620522631 0.5031448179015524 0.5035498737508418 0.5039549296001318 0.5043599854494211 0.5047650412987105 0.5051700971479998 0.5055751529972891 0.5059802088465783 0.5065274346158188 0.5072266432455794 0.5079258518753399 0.5086250605051005 0.5093242691348611 0.5100234777646216 0.5107226863943822 0.5114218950241439 0.5121211036539045 0.5128203122836651 0.5135195209134257 0.5142187295431861 0.5149179381729467 0.5156171468027073
0.4957775752012126 0.4961693689869449 0.49656116277267726 0.4969529565584096 0.4973447503441419 0.4977365441298742 0.49812833791560657 0.4985201317013389 0.4989119254870712 0.49930371927280354 0.4996955130585359 0.5000873068442688 0.5004791006300012 0.5008708944157335 0.5012626882014658 0.5016544819871982 0.5020462757729305 0.5024380695586629 0.5028298633443952 0.5032216571301275 0.5036134509158599 0.5040052447015921 0.5043970384873244 0.5047888322730568 0.5051806260587898 0.5055724198445222 0.5059642136302545 0.5063560074159867 0.5067478012017191 0.5071395949874514 0.5076812895822714 0.5083832315329826 0.5090851734836939 0.509787115434405 0.5104890573851162 0.5111909993358273 0.5118929412865386 0.512594883237251 0.5132968251879622 0.5139987671386733 0.5147007090893846 0.5154026510400957 0.5161045929908069 0.5168065349415181
0.4973215611852385 0.49770009290741385 0.4980786246295892 0.4984571563517645 0.49883568807393985 0.4992142197961152 0.4995927515182905 0.49997128324046586 0.5003498149626412 0.5007283466848166 0.5011068784069919 0.5014854101291679 0.5018639418513432 0.5022424735735186 0.5026210052956939 0.5029995370178693 0.5033780687400445 0.5037566004622199 0.5041351321843952 0.5045136639065706 0.5048921956287459 0.5052707273509213 0.5056492590730965 0.5060277907952719 0.5064063225174479 0.5067848542396233 0.5071633859617986 0.5075419176839739 0.5079204494061492 0.5082989811283246 0.5088351445487241 0.509539819820386 0.5102444950920478 0.5109491703637096 0.5116538456353714 0.5123585209070333 0.513063196178695 0.5137678714503581 0.5144725467220198 0.5151772219936817 0.5158818972653435 0.5165865725370052 0.5172912478086671 0.5179959230803289
0.49886554716926446 0.4992308168278828 0.4995960864865011 0.4999613561451195 0.5003266258037379 0.5006918954623562 0.5010571651209745 0.5014224347795929 0.5017877044382112 0.5021529740968296 0.502518243755448 0.5028835134140669 0.5032487830726853 0.5036140527313036 0.5039793223899219 0.5043445920485403 0.5047098617071586 0.505075131365777 0.5054404010243954 0.5058056706830136 0.506170940341632 0.5065362100002504 0.5069014796588687 0.507266749317487 0.507632018976106 0.5079972886347244 0.5083625582933426 0.508727827951961 0.5090930976105794 0.5094583672691977 0.5099889995151768 0.5106964081077893 0.5114038167004018 0.5121112252930142 0.5128186338856267 0.5135260424782391 0.5142334510708515 0.5149408596634651 0.5156482682560776 0.51635567684869 0.5170630854413024 0.517770494033915 0.5184779026265274 0.5191853112191398
0.5004095331532917 0.5007615407483531 0.5011135483434145 0.5014655559384757 0.5018175635335371 0.5021695711285985 0.5025215787236598 0.5028735863187211 0.5032255939137825 0.5035776015088438 0.5039296091039052 0.5042816166989671 0.5046336242940285 0.5049856318890897 0.5053376394841511 0.5056896470792125 0.5060416546742738 0.5063936622693351 0.5067456698643964 0.5070976774594578 0.5074496850545192 0.5078016926495804 0.5081537002446418 0.5085057078397032 0.5088577154347651 0.5092097230298265 0.5095617306248877 0.5099137382199491 0.5102657458150104 0.5106177534100718 0.5111428544816304 0.5118529963951935 0.5125631383087567 0.5132732802223197 0.5139834221358828 0.5146935640494458 0.5154037059630089 0.5161138478765732 0.5168239897901362 0.5175341317036993 0.5182442736172623 0.5189544155308254 0.5196645574443886 0.5203746993579516
0.5019535191373177 0.5022922646688219 0.5026310102003263 0.5029697557318307 0.503308501263335 0.5036472467948394 0.5039859923263438 0.504324737857848 0.5046634833893524 0.5050022289208568 0.5053409744523611 0.5056797199838661 0.5060184655153704 0.5063572110468747 0.5066959565783791 0.5070347021098834 0.5073734476413878 0.5077121931728922 0.5080509387043965 0.5083896842359008 0.5087284297674052 0.5090671752989095 0.5094059208304139 0.5097446663619183 0.5100834118934232 0.5104221574249276 0.5107609029564318 0.5110996484879362 0.5114383940194406 0.511777139550945 0.5122967094480833 0.5130095846825969 0.5137224599171106 0.5144353351516243 0.515148210386138 0.5158610856206517 0.5165739608551654 0.5172868360896803 0.517999711324194 0.5187125865587077 0.5194254617932214 0.520138337027735 0.5208512122622487 0.5215640874967624
0.5034975051213436 0.503822988589291 0.5041484720572383 0.5044739555251857 0.5047994389931331 0.5051249224610804 0.5054504059290277 0.505775889396975 0.5061013728649224 0.5064268563328698 0.5067523398008171 0.507077823268765 0.5074033067367124 0.5077287902046598 0.5080542736726071 0.5083797571405545 0.5087052406085019 0.5090307240764492 0.5093562075443965 0.5096816910123438 0.5100071744802912 0.5103326579482386 0.5106581414161859 0.5109836248841333 0.5113091083520812 0.5116345918200286 0.5119600752879759 0.5122855587559233 0.5126110422238707 0.5129365256918179 0.5134505644145358 0.5141661729700001 0.5148817815254645 0.5155973900809288 0.5163129986363931 0.5170286071918574 0.5177442157473218 0.5184598243027873 0.5191754328582516 0.5198910414137159 0.5206066499691803 0.5213222585246445 0.5220378670801089 0.5227534756355732
0.5050414911053696 0.5053537125097599 0.5056659339141503 0.5059781553185406 0.5062903767229311 0.5066025981273214 0.5069148195317118 0.5072270409361022 0.5075392623404925 0.5078514837448829 0.5081637051492732 0.5084759265536641 0.5087881479580545 0.5091003693624448 0.5094125907668352 0.5097248121712256 0.5100370335756159 0.5103492549800063 0.5106614763843966 0.510973697788787 0.5112859191931773 0.5115981405975677 0.511910362001958 0.5122225834063484 0.5125348048107393 0.5128470262151297 0.51315924761952 0.5134714690239104 0.5137836904283007 0.5140959118326911 0.5146044193809886 0.5153227612574035 0.5160411031338185 0.5167594450102334 0.5174777868866482 0.5181961287630632 0.5189144706394782 0.5196328125158943 0.5203511543923093 0.5210694962687242 0.5217878381451392 0.5225061800215541 0.5232245218979691 0.523942863774384
0.5065854770893955 0.5068844364302288 0.5071833957710622 0.5074823551118955 0.507781314452729 0.5080802737935624 0.5083792331343957 0.508678192475229 0.5089771518160624 0.5092761111568959 0.5095750704977292 0.5098740298385631 0.5101729891793965 0.5104719485202298 0.5107709078610632 0.5110698672018965 0.51136882654273 0.5116677858835633 0.5119667452243967 0.51226570456523 0.5125646639060634 0.5128636232468968 0.5131625825877302 0.5134615419285635 0.5137605012693974 0.5140594606102308 0.5143584199510641 0.5146573792918975 0.5149563386327309 0.5152552979735643 0.5157582743474413 0.5164793495448068 0.5172004247421724 0.517921499939538 0.5186425751369035 0.5193636503342691 0.5200847255316347 0.5208058007290015 0.521526875926367 0.5222479511237326 0.5229690263210982 0.5236901015184637 0.5244111767158293 0.5251322519131949
0.5081294630734214 0.5084151603506978 0.5087008576279742 0.5089865549052506 0.5092722521825269 0.5095579494598034 0.5098436467370797 0.5101293440143561 0.5104150412916324 0.5107007385689089 0.5109864358461852 0.5112721331234621 0.5115578304007384 0.5118435276780148 0.5121292249552912 0.5124149222325676 0.5127006195098439 0.5129863167871204 0.5132720140643967 0.513557711341673 0.5138434086189494 0.5141291058962258 0.5144148031735022 0.5147005004507785 0.5149861977280554 0.5152718950053318 0.5155575922826082 0.5158432895598846 0.5161289868371609 0.5164146841144373 0.5169121293138939 0.5176359378322101 0.5183597463505263 0.5190835548688425 0.5198073633871586 0.5205311719054748 0.521254980423791 0.5219787889421085 0.5227025974604247 0.5234264059787408 0.524150214497057 0.5248740230153732 0.5255978315336894 0.5263216400520057
0.5096734490574486 0.509945884271168 0.5102183194848874 0.5104907546986068 0.5107631899123262 0.5110356251260455 0.511308060339765 0.5115804955534843 0.5118529307672036 0.5121253659809231 0.5123978011946424 0.5126702364083623 0.5129426716220816 0.513215106835801 0.5134875420495204 0.5137599772632397 0.5140324124769591 0.5143048476906785 0.5145772829043979 0.5148497181181172 0.5151221533318366 0.515394588545556 0.5156670237592753 0.5159394589729948 0.5162118941867145 0.516484329400434 0.5167567646141533 0.5170291998278727 0.5173016350415921 0.5175740702553114 0.5180659842803476 0.5187925261196144 0.5195190679588813 0.520245609798148 0.5209721516374148 0.5216986934766816 0.5224252353159485 0.5231517771552165 0.5238783189944833 0.5246048608337502 0.525331402673017 0.5260579445122838 0.5267844863515506 0.5275110281908175
