Figures/CREST_Example_wjb_NSE/PETs/wjb.pet.20100308.asc
ncols            288
nrows            254
xllcorner        113.274861
yllcorner        31.4918055
cellsize         0.008333333333
NODATA_value     -9999
[rows 133 to 151 of 254, columns 88 to 131 of 288]
0.8331279946759167 0.832386207903178 0.8316444211304393 0.8309026343576993 0.8301608475849606 0.8294190608122218 0.8286772740394831 0.8279354872667444 0.8271937004940058 0.826451913721267 0.8257101269485283 0.8249683401757896 0.8242265534030508 0.8234847666303121 0.8232737521810338 0.8236301453469326 0.823986538512832 0.8243429316787307 0.8246993248446296 0.8250557180105283 0.8254121111764271 0.8257685043423258 0.8261248975082247 0.8264812906741235 0.8268376838400222 0.827194077005921 0.8275504701718198 0.8279068633377186 0.8282632565036173 0.8286196496695167 0.8289760428354155 0.8293324360013142 0.829688829167213 0.8300452223331118 0.8304016154990106 0.8307580086649093 0.8311144018308081 0.831470794996707 0.8318271881626057 0.8321835813285045 0.8325399744944032 0.8328963676603021 0.8332527608262014 0.8336091539921002
0.8289415716887564 0.8281998400218952 0.827458108355034 0.8267163766881716 0.8259746450213103 0.8252329133544491 0.824491181687588 0.8237494500207267 0.8230077183538655 0.8222659866870043 0.8215242550201431 0.820782523353282 0.8200407916864207 0.8192990600195595 0.81913323427045 0.8195830649693395 0.8200328956682298 0.8204827263671193 0.8209325570660089 0.8213823877648984 0.8218322184637878 0.8222820491626773 0.8227318798615668 0.8231817105604564 0.8236315412593459 0.8240813719582354 0.8245312026571249 0.8249810333560144 0.825430864054904 0.8258806947537942 0.8263305254526837 0.8267803561515732 0.8272301868504627 0.8276800175493523 0.8281298482482418 0.8285796789471312 0.8290295096460207 0.8294793403449102 0.8299291710437998 0.8303790017426893 0.8308288324415788 0.8312786631404683 0.8317284938393585 0.832178324538248
0.8247551487015962 0.8240134721406125 0.8232717955796288 0.8225301190186438 0.8217884424576601 0.8210467658966765 0.8203050893356928 0.8195634127747091 0.8188217362137254 0.8180800596527418 0.8173383830917581 0.8165967065307744 0.8158550299697908 0.8151133534088071 0.8149927163598664 0.8155359845917466 0.8160792528236277 0.8166225210555079 0.8171657892873881 0.8177090575192684 0.8182523257511487 0.8187955939830289 0.8193388622149091 0.8198821304467894 0.8204253986786696 0.8209686669105498 0.82151193514243 0.8220552033743103 0.8225984716061905 0.8231417398380717 0.8236850080699519 0.8242282763018322 0.8247715445337124 0.8253148127655926 0.8258580809974728 0.826401349229353 0.8269446174612333 0.8274878856931135 0.8280311539249938 0.828574422156874 0.8291176903887543 0.8296609586206345 0.8302042268525156 0.8307474950843958
0.8205687257144357 0.8198271042593296 0.8190854828042234 0.8183438613491161 0.8176022398940099 0.8168606184389037 0.8161189969837975 0.8153773755286914 0.8146357540735852 0.8138941326184791 0.813152511163373 0.8124108897082668 0.8116692682531607 0.8109276467980544 0.8108521984492825 0.8114889042141534 0.8121256099790255 0.8127623157438965 0.8133990215087674 0.8140357272736384 0.8146724330385093 0.8153091388033803 0.8159458445682513 0.8165825503331222 0.8172192560979932 0.8178559618628641 0.8184926676277351 0.819129373392606 0.819766079157477 0.8204027849223491 0.82103949068722 0.821676196452091 0.822312902216962 0.8229496079818329 0.8235863137467039 0.8242230195115748 0.8248597252764458 0.8254964310413168 0.8261331368061877 0.8267698425710587 0.8274065483359296 0.8280432541008006 0.8286799598656727 0.8293166656305436
0.816382302727272 0.8156407363780434 0.8148991700288147 0.8141576036795848 0.8134160373303562 0.8126744709811276 0.8119329046318989 0.8111913382826702 0.8104497719334416 0.809708205584213 0.8089666392349844 0.8082250728857557 0.8074835065365271 0.8067419401872984 0.8067116805386952 0.807441823836557 0.8081719671344201 0.8089021104322819 0.8096322537301436 0.8103623970280054 0.8110925403258672 0.8118226836237289 0.8125528269215907 0.8132829702194524 0.8140131135173142 0.814743256815176 0.8154734001130377 0.8162035434108995 0.8169336867087613 0.8176638300066242 0.818393973304486 0.8191241166023479 0.8198542599002095 0.8205844031980714 0.8213145464959332 0.8220446897937949 0.8227748330916567 0.8235049763895185 0.8242351196873802 0.824965262985242 0.8256954062831038 0.8264255495809655 0.8271556928788285 0.8278858361766903
0.8121958797401116 0.8114543684967604 0.8107128572534094 0.809971346010057 0.8092298347667058 0.8084883235233548 0.8077468122800037 0.8070053010366526 0.8062637897933014 0.8055222785499503 0.8047807673065992 0.8040392560632481 0.8032977448198969 0.8025562335765458 0.8025711626281115 0.803394743458964 0.8042183242898179 0.8050419051206704 0.8058654859515229 0.8066890667823754 0.8075126476132278 0.8083362284440804 0.8091598092749328 0.8099833901057854 0.8108069709366378 0.8116305517674903 0.8124541325983429 0.8132777134291953 0.8141012942600478 0.8149248750909017 0.8157484559217543 0.8165720367526067 0.8173956175834592 0.8182191984143117 0.8190427792451642 0.8198663600760167 0.8206899409068692 0.8215135217377216 0.8223371025685742 0.8231606833994267 0.8239842642302792 0.8248078450611317 0.8256314258919856 0.8264550067228381
0.8080094567529513 0.8072680006154778 0.8065265444780042 0.8057850883405293 0.8050436322030557 0.8043021760655821 0.8035607199281085 0.802819263790635 0.8020778076531613 0.8013363515156877 0.8005948953782142 0.7998534392407406 0.7991119831032669 0.7983705269657934 0.7984306447175278 0.799347663081371 0.8002646814452158 0.801181699809059 0.8020987181729022 0.8030157365367454 0.8039327549005887 0.8048497732644319 0.8057667916282751 0.8066838099921183 0.8076008283559616 0.8085178467198048 0.809434865083648 0.8103518834474912 0.8112689018113345 0.8121859201751792 0.8131029385390225 0.8140199569028657 0.8149369752667089 0.8158539936305521 0.8167710119943954 0.8176880303582386 0.8186050487220818 0.819522067085925 0.8204390854497683 0.8213561038136115 0.8222731221774547 0.8231901405412979 0.8241071589051427 0.8250241772689859
0.8038230337657911 0.803081632734195 0.8023402317025989 0.8015988306710016 0.8008574296394055 0.8001160286078095 0.7993746275762134 0.7986332265446173 0.7978918255130213 0.7971504244814251 0.7964090234498291 0.7956676224182331 0.7949262213866369 0.7941848203550409 0.7942901268069441 0.795300582703778 0.7963110386006137 0.7973214944974476 0.7983319503942816 0.7993424062911155 0.8003528621879494 0.8013633180847834 0.8023737739816174 0.8033842298784514 0.8043946857752853 0.8054051416721192 0.8064155975689532 0.8074260534657871 0.808436509362621 0.8094469652594567 0.8104574211562907 0.8114678770531246 0.8124783329499586 0.8134887888467925 0.8144992447436264 0.8155097006404605 0.8165201565372944 0.8175306124341283 0.8185410683309623 0.8195515242277962 0.8205619801246302 0.8215724360214641 0.8225828919182998 0.8235933478151337
0.7996366107786308 0.7988952648529122 0.7981539189271937 0.7974125730014738 0.7966712270757553 0.7959298811500367 0.7951885352243182 0.7944471892985996 0.7937058433728811 0.7929644974471625 0.792223151521444 0.7914818055957255 0.7907404596700068 0.7899991137442883 0.7901496088963602 0.791253502326185 0.7923573957560115 0.7934612891858361 0.7945651826156609 0.7956690760454855 0.7967729694753102 0.7978768629051349 0.7989807563349596 0.8000846497647842 0.801188543194609 0.8022924366244336 0.8033963300542583 0.804500223484083 0.8056041169139077 0.8067080103437342 0.8078119037735589 0.8089157972033836 0.8100196906332082 0.811123584063033 0.8122274774928576 0.8133313709226823 0.814435264352507 0.8155391577823317 0.8166430512121563 0.817746944641981 0.8188508380718057 0.8199547315016303 0.821058624931457 0.8221625183612816
0.7954501877914705 0.7947088969716294 0.7939676061517884 0.7932263153319461 0.7924850245121051 0.791743733692264 0.791002442872423 0.790261152052582 0.789519861232741 0.7887785704128999 0.7880372795930589 0.7872959887732178 0.7865546979533768 0.7858134071335359 0.7860090909857765 0.7872064219485919 0.7884037529114094 0.7896010838742248 0.7907984148370402 0.7919957457998557 0.793193076762671 0.7943904077254864 0.7955877386883018 0.7967850696511173 0.7979824006139327 0.799179731576748 0.8003770625395634 0.8015743935023789 0.8027717244651943 0.8039690554280117 0.8051663863908272 0.8063637173536425 0.8075610483164579 0.8087583792792733 0.8099557102420887 0.8111530412049042 0.8123503721677195 0.8135477031305349 0.8147450340933503 0.8159423650561658 0.8171396960189812 0.8183370269817966 0.819534357944614 0.8207316889074294
0.7912637648043102 0.7905225290903466 0.7897812933763831 0.7890400576624184 0.7882988219484548 0.7875575862344913 0.7868163505205278 0.7860751148065643 0.7853338790926008 0.7845926433786373 0.7838514076646738 0.7831101719507103 0.7823689362367467 0.7816277005227832 0.7818685730751928 0.7831593415709989 0.7844501100668072 0.7857408785626133 0.7870316470584194 0.7883224155542256 0.7896131840500318 0.7909039525458379 0.792194721041644 0.7934854895374501 0.7947762580332562 0.7960670265290624 0.7973577950248686 0.7986485635206747 0.7999393320164808 0.8012301005122892 0.8025208690080953 0.8038116375039014 0.8051024059997075 0.8063931744955136 0.8076839429913198 0.808974711487126 0.8102654799829321 0.8115562484787382 0.8128470169745443 0.8141377854703504 0.8154285539661567 0.8167193224619628 0.8180100909577711 0.8193008594535772
0.7870773418171463 0.7863361612090604 0.7855949806009743 0.7848537999928871 0.7841126193848011 0.7833714387767151 0.7826302581686291 0.7818890775605432 0.7811478969524571 0.7804067163443712 0.7796655357362852 0.7789243551281992 0.7781831745201132 0.7774419939120272 0.7777280551646055 0.7791122611934025 0.7804964672222018 0.7818806732509986 0.7832648792797956 0.7846490853085926 0.7860332913373895 0.7874174973661865 0.7888017033949833 0.7901859094237803 0.7915701154525773 0.7929543214813742 0.7943385275101712 0.795722733538968 0.797106939567765 0.7984911455965643 0.7998753516253613 0.8012595576541582 0.8026437636829551 0.804027969711752 0.805412175740549 0.806796381769346 0.808180587798143 0.8095647938269398 0.8109489998557368 0.8123332058845337 0.8137174119133307 0.8151016179421275 0.816485823970927 0.8178700299997238
0.782890918829986 0.7821497933277776 0.7814086678255691 0.7806675423233593 0.7799264168211509 0.7791852913189424 0.7784441658167339 0.7777030403145255 0.776961914812317 0.7762207893101086 0.7754796638079001 0.7747385383056916 0.7739974128034832 0.7732562873012747 0.7735875372540219 0.7750651808158094 0.7765428243775997 0.7780204679393873 0.779498111501175 0.7809757550629627 0.7824533986247503 0.783931042186538 0.7854086857483257 0.7868863293101133 0.788363972871901 0.7898416164336887 0.7913192599954763 0.792796903557264 0.7942745471190517 0.7957521906808418 0.7972298342426295 0.7987074778044171 0.8001851213662048 0.8016627649279925 0.8031404084897801 0.8046180520515678 0.8060956956133555 0.8075733391751432 0.8090509827369308 0.8105286262987185 0.8120062698605062 0.8134839134222938 0.814961556984084 0.8164392005458716
0.7787044958428256 0.7779634254464948 0.7772223550501638 0.7764812846538316 0.7757402142575006 0.7749991438611697 0.7742580734648388 0.7735170030685078 0.7727759326721768 0.772034862275846 0.771293791879515 0.770552721483184 0.7698116510868531 0.7690705806905221 0.769447019343438 0.7710181004382164 0.7725891815329975 0.7741602626277758 0.7757313437225543 0.7773024248173327 0.778873505912111 0.7804445870068895 0.7820156681016679 0.7835867491964462 0.7851578302912247 0.786728911386003 0.7882999924807814 0.7898710735755599 0.7914421546703382 0.7930132357651193 0.7945843168598977 0.796155397954676 0.7977264790494545 0.7992975601442329 0.8008686412390112 0.8024397223337897 0.804010803428568 0.8055818845233464 0.8071529656181249 0.8087240467129032 0.8102951278076816 0.8118662089024601 0.8134372899972411 0.8150083710920195
0.7745180728556654 0.773777057565212 0.7730360422747585 0.7722950269843039 0.7715540116938505 0.7708129964033971 0.7700719811129436 0.7693309658224902 0.7685899505320368 0.7678489352415834 0.7671079199511299 0.7663669046606765 0.7656258893702231 0.7648848740797697 0.7653065014328543 0.7669710200606235 0.7686355386883954 0.7703000573161645 0.7719645759439336 0.7736290945717027 0.7752936131994719 0.7769581318272409 0.7786226504550101 0.7802871690827792 0.7819516877105483 0.7836162063383174 0.7852807249660866 0.7869452435938556 0.7886097622216248 0.7902742808493968 0.7919387994771659 0.793603318104935 0.7952678367327042 0.7969323553604732 0.7985968739882424 0.8002613926160115 0.8019259112437807 0.8035904298715497 0.8052549484993189 0.806919467127088 0.8085839857548571 0.8102485043826262 0.8119130230103981 0.8135775416381673
0.7695888904329802 0.7688006518888756 0.7680124133447711 0.7672241748006652 0.7664359362565607 0.7656476977124561 0.7648594591683516 0.7640712206242471 0.7632829820801426 0.7624947435360381 0.7617065049919335 0.760918266447829 0.7601300279037244 0.7593417893596199 0.7597459851421715 0.7614249201822865 0.7631038552224043 0.7647827902625193 0.7664617253026343 0.7681406603427493 0.7698195953828643 0.7714985304229792 0.7731774654630942 0.7748564005032091 0.7765353355433241 0.7782142705834391 0.779893205623554 0.7815721406636691 0.783251075703784 0.7849300107439019 0.7866089457840169 0.7882878808241318 0.7899668158642468 0.7916457509043617 0.7933246859444767 0.7950036209845917 0.7966825560247066 0.7983614910648216 0.8000404261049366 0.8017193611450516 0.8033982961851666 0.8050772312252815 0.8067561662653994 0.8084351013055143
0.7638657449957622 0.762979745612002 0.7620937462282419 0.7612077468444802 0.7603217474607201 0.75943574807696 0.7585497486931998 0.7576637493094397 0.7567777499256796 0.7558917505419194 0.7550057511581593 0.7541197517743992 0.7532337523906389 0.7523477530068788 0.7526675800969717 0.7542764629527937 0.7558853458086187 0.7574942286644407 0.7591031115202629 0.7607119943760849 0.7623208772319071 0.7639297600877292 0.7655386429435513 0.7671475257993734 0.7687564086551956 0.7703652915110177 0.7719741743668398 0.773583057222662 0.775191940078484 0.7768008229343089 0.778409705790131 0.7800185886459531 0.7816274715017753 0.7832363543575973 0.7848452372134195 0.7864541200692416 0.7880630029250637 0.7896718857808859 0.7912807686367079 0.7928896514925301 0.7944985343483522 0.7961074172041743 0.7977163000599992 0.7993251829158213
0.7581425995585395 0.7571588393351236 0.7561750791117078 0.7551913188882903 0.7542075586648744 0.7532237984414586 0.7522400382180428 0.7512562779946269 0.7502725177712111 0.7492887575477952 0.7483049973243794 0.7473212371009635 0.7463374768775477 0.7453537166541319 0.7455891750517658 0.7471280057232951 0.7486668363948269 0.750205667066356 0.7517444977378853 0.7532833284094145 0.7548221590809437 0.7563609897524729 0.7578998204240022 0.7594386510955313 0.7609774817670606 0.7625163124385897 0.7640551431101189 0.7655939737816482 0.7671328044531773 0.7686716351247092 0.7702104657962384 0.7717492964677676 0.7732881271392968 0.774826957810826 0.7763657884823553 0.7779046191538844 0.7794434498254137 0.7809822804969428 0.7825211111684721 0.7840599418400013 0.7855987725115305 0.7871376031830597 0.7886764338545915 0.7902152645261207
0.7524194541213215 0.75133793305825 0.7502564119951787 0.7491748909321053 0.7480933698690339 0.7470118488059624 0.7459303277428909 0.7448488066798195 0.743767285616748 0.7426857645536765 0.7416042434906052 0.7405227224275337 0.7394412013644622 0.7383596803013908 0.738510770006566 0.7399795484938023 0.7414483269810411 0.7429171054682775 0.7443858839555139 0.7458546624427502 0.7473234409299866 0.748792219417223 0.7502609979044593 0.7517297763916957 0.7531985548789321 0.7546673333661684 0.7561361118534047 0.757604890340641 0.7590736688278774 0.7605424473151163 0.7620112258023527 0.7634800042895891 0.7649487827768254 0.7664175612640617 0.767886339751298 0.7693551182385344 0.7708238967257708 0.7722926752130072 0.7737614537002435 0.7752302321874799 0.7766990106747163 0.7781677891619526 0.7796365676491914 0.7811053461364278
