Figures/CREST_Example_wjb_NSE/PETs/wjb.pet.20090811.asc
ncols            288
nrows            254
xllcorner        113.274861
yllcorner        31.4918055
cellsize         0.008333333333
NODATA_value     -9999
[rows 140 to 159 of 254, columns 220 to 263 of 288]
3.295366809181649 3.295017353442543 3.2965537859155205 3.3001062755681456 3.303658765220771 3.3072112548733963 3.310763744526022 3.314316234178647 3.3178687238312725 3.321421213483898 3.324973703136523 3.3285261927891487 3.332078682441774 3.3356311720943994 3.3391836617470307 3.342736151399656 3.3462886410522814 3.3498411307049065 3.353393620357532 3.3569461100101576 3.3604985996627827 3.3640510893154083 3.3676035789680334 3.371156068620659 3.374708558273284 3.3782610479259096 3.3818135375785348 3.385366027231166 3.3889185168837916 3.392471006536417 3.3960234961890423 3.399575985841668 3.404715640324098 3.411552009938049 3.4183883795520003 3.425224749165951 3.432061118779902 3.438897488393853 3.4457338580078036 3.452570227621755 3.4594065972357173 3.466242966849668 3.473079336463619 3.4799157060775703
3.296718450039646 3.2962767070169714 3.2977850736784506 3.3013781517266647 3.3049712297748792 3.3085643078230937 3.3121573858713083 3.3157504639195228 3.319343541967737 3.3229366200159514 3.326529698064166 3.3301227761123804 3.333715854160595 3.337308932208809 3.3409020102570297 3.3444950883052442 3.3480881663534587 3.351681244401673 3.3552743224498873 3.358867400498102 3.3624604785463164 3.366053556594531 3.369646634642745 3.3732397126909595 3.376832790739174 3.3804258687873885 3.384018946835603 3.3876120248838233 3.391205102932038 3.3947981809802523 3.398391259028467 3.401984337076681 3.407114670550581 3.4138883648732032 3.4206620591958257 3.4274357535184485 3.434209447841071 3.4409831421636934 3.4477568364863163 3.4545305308089387 3.4613042251315727 3.4680779194541955 3.474851613776818 3.4816253080994404
3.2980700908976432 3.2975360605913995 3.2990163614413803 3.302650027885184 3.3062836943289873 3.3099173607727908 3.3135510272165947 3.317184693660398 3.3208183601042016 3.324452026548005 3.3280856929918086 3.331719359435612 3.3353530258794155 3.338986692323219 3.3426203587670287 3.346254025210832 3.3498876916546356 3.353521358098439 3.3571550245422426 3.360788690986046 3.3644223574298495 3.368056023873653 3.371689690317457 3.3753233567612604 3.378957023205064 3.3825906896488673 3.386224356092671 3.3898580225364805 3.393491688980284 3.3971253554240874 3.400759021867891 3.4043926883116944 3.409513700777063 3.416224719808357 3.4229357388396515 3.4296467578709455 3.43635777690224 3.443068795933534 3.4497798149648284 3.4564908339961224 3.463201853027428 3.4699128720587225 3.4766238910900165 3.483334910121311
3.2994217317556407 3.2987954141658276 3.3002476492043105 3.303921904043703 3.3075961588830958 3.311270413722488 3.3149446685618806 3.3186189234012735 3.322293178240666 3.325967433080059 3.3296416879194513 3.3333159427588437 3.3369901975982366 3.340664452437629 3.3443387072770276 3.3480129621164205 3.351687216955813 3.355361471795206 3.3590357266345983 3.3627099814739907 3.3663842363133836 3.370058491152776 3.3737327459921684 3.3774070008315613 3.3810812556709537 3.384755510510346 3.388429765349739 3.3921040201891377 3.3957782750285306 3.399452529867923 3.4031267847073154 3.4068010395467083 3.4119127310035458 3.418561074743512 3.4252094184834774 3.4318577622234434 3.438506105963409 3.445154449703375 3.4518027934433406 3.4584511371833067 3.465099480923284 3.4717478246632494 3.4783961684032154 3.485044512143181
3.3007733726136386 3.3000547677402565 3.3014789369672415 3.3051937802022233 3.3089086234372047 3.3126234666721865 3.3163383099071684 3.3200531531421498 3.3237679963771316 3.3274828396121134 3.3311976828470953 3.3349125260820767 3.3386273693170585 3.3423422125520403 3.3460570557870284 3.3497718990220102 3.3534867422569916 3.3572015854919735 3.3609164287269553 3.3646312719619367 3.3683461151969185 3.3720609584319003 3.375775801666882 3.3794906449018636 3.3832054881368454 3.3869203313718272 3.390635174606809 3.394350017841797 3.3980648610767785 3.4017797043117604 3.405494547546742 3.409209390781724 3.4143117612300307 3.420897429678668 3.4274830981273054 3.4340687665759426 3.4406544350245802 3.4472401034732174 3.453825771921855 3.460411440370492 3.466997108819141 3.4735827772677785 3.4801684457164157 3.4867541141650533
3.3021250134716364 3.3013141213146855 3.302710224730172 3.3064656563607424 3.310221087991313 3.313976519621884 3.317731951252455 3.3214873828830256 3.3252428145135964 3.328998246144167 3.332753677774738 3.3365091094053088 3.3402645410358796 3.3440199726664503 3.3477754042970274 3.351530835927598 3.355286267558169 3.3590416991887397 3.3627971308193105 3.3665525624498813 3.370307994080452 3.374063425711023 3.3778188573415937 3.3815742889721645 3.3853297206027353 3.389085152233306 3.392840583863877 3.396596015494454 3.4003514471250247 3.4041068787555955 3.4078623103861663 3.411617742016737 3.416710791456513 3.423233784613822 3.429756777771131 3.43627977092844 3.4428027640857493 3.449325757243058 3.455848750400367 3.462371743557676 3.4688947367149963 3.4754177298723055 3.481940723029614 3.4884637161869234
3.3034766543296334 3.3025734748891136 3.3039415124931018 3.307737532519262 3.3115335525454217 3.3153295725715815 3.319125592597741 3.3229216126239014 3.326717632650061 3.330513652676221 3.3343096727023807 3.338105692728541 3.3419017127547006 3.3456977327808604 3.3494937528070268 3.3532897728331865 3.3570857928593463 3.3608818128855065 3.3646778329116662 3.368473852937826 3.372269872963986 3.376065892990146 3.3798619130163057 3.3836579330424654 3.3874539530686256 3.3912499730947854 3.395045993120945 3.3988420131471115 3.4026380331732713 3.406434053199431 3.4102300732255912 3.414026093251751 3.419109821682996 3.4255701395489764 3.432030457414957 3.438490775280938 3.4449510931469183 3.451411411012899 3.45787172887888 3.4643320467448606 3.470792364610852 3.477252682476833 3.483713000342813 3.490173318208794
3.304828295187631 3.3038328284635416 3.305172800256032 3.309009408677781 3.3128460170995297 3.316682625521279 3.3205192339430276 3.3243558423647768 3.3281924507865255 3.3320290592082746 3.3358656676300233 3.3397022760517725 3.343538884473521 3.3473754928952704 3.3512121013170257 3.355048709738775 3.3588853181605236 3.3627219265822728 3.3665585350040215 3.3703951434257706 3.3742317518475193 3.3780683602692685 3.381904968691017 3.3857415771127664 3.389578185534515 3.393414793956264 3.397251402378013 3.4010880107997687 3.4049246192215175 3.4087612276432666 3.4125978360650153 3.4164344444867645 3.4215088519094783 3.4279064944841307 3.434304137058783 3.440701779633435 3.4470994222080873 3.4534970647827397 3.459894707357392 3.4662923499320444 3.4726899925067074 3.4790876350813598 3.485485277656012 3.491882920230664
3.3046079600768086 3.303551513805449 3.3048567730602896 3.308686748972142 3.3125167248839937 3.316346700795846 3.3201766767076983 3.32400665261955 3.3278366285314025 3.331666604443255 3.3354965803551067 3.339326556266959 3.3431565321788113 3.346986508090663 3.350816484002522 3.354646459914374 3.3584764358262262 3.3623064117380785 3.3661363876499304 3.3699663635617827 3.373796339473635 3.377626315385487 3.381456291297339 3.3852862672091915 3.3891162431210433 3.3929462190328956 3.3967761949447475 3.4006061708566064 3.4044361467684587 3.4082661226803106 3.412096098592163 3.415926074504015 3.420966899910825 3.427302150837599 3.4336374017643725 3.4399726526911465 3.4463079036179205 3.452643154544694 3.458978405471468 3.465313656398242 3.4716489073250267 3.4779841582518003 3.4843194091785743 3.4906546601053483
3.302707281749485 3.3016233219273823 3.3028867637133135 3.306659630944014 3.310432498174715 3.3142053654054155 3.3179782326361162 3.321751099866817 3.3255239670975176 3.3292968343282183 3.333069701558919 3.33684256878962 3.340615436020321 3.3443883032510215 3.3481611704817285 3.351934037712429 3.35570690494313 3.359479772173831 3.3632526394045317 3.3670255066352324 3.370798373865933 3.3745712410966338 3.3783441083273344 3.382116975558035 3.385889842788736 3.3896627100194365 3.3934355772501372 3.3972084444808446 3.4009813117115453 3.404754178942246 3.4085270461729467 3.4122999134036474 3.417281223307036 3.423554385782899 3.4298275482587623 3.4361007107346255 3.4423738732104887 3.448647035686352 3.454920198162215 3.4611933606380783 3.467466523113952 3.4737396855898153 3.4800128480656785 3.4862860105415416
3.30080660342216 3.299695130049314 3.300916754366336 3.304632512915885 3.308348271465434 3.3120640300149837 3.315779788564533 3.3194955471140823 3.3232113056636314 3.3269270642131805 3.33064282276273 3.334358581312279 3.3380743398618287 3.3417900984113778 3.3455058569609335 3.3492216155104826 3.352937374060032 3.356653132609581 3.3603688911591303 3.36408464970868 3.367800408258229 3.3715161668077784 3.3752319253573275 3.378947683906877 3.382663442456426 3.3863792010059752 3.3900949595555248 3.39381071810508 3.3975264766546296 3.4012422352041787 3.404957993753728 3.4086737523032773 3.413595546703245 3.419806620728197 3.4260176947531495 3.432228768778102 3.4384398428030543 3.4446509168280066 3.450861990852959 3.4570730648779118 3.463284138902875 3.469495212927827 3.4757062869527795 3.481917360977732
3.2989059250948363 3.297766938171247 3.2989467450193595 3.3026053948877574 3.3062640447561553 3.3099226946245532 3.313581344492951 3.317239994361349 3.320898644229747 3.3245572940981445 3.3282159439665424 3.3318745938349403 3.3355332437033383 3.339191893571736 3.3428505434401403 3.3465091933085382 3.350167843176936 3.353826493045334 3.3574851429137316 3.3611437927821295 3.3648024426505274 3.3684610925189253 3.3721197423873233 3.375778392255721 3.379437042124119 3.383095691992517 3.3867543418609145 3.3904129917293186 3.3940716415977166 3.3977302914661145 3.4013889413345124 3.4050475912029103 3.4099098700994563 3.416058855673498 3.42220784124754 3.4283568268215814 3.4345058123956234 3.440654797969665 3.4468037835437064 3.4529527691177484 3.4591017546918006 3.465250740265842 3.4713997258398837 3.4775487114139256
3.2970052467675126 3.29583874629318 3.2969767356723834 3.30057827685963 3.3041798180468764 3.3077813592341228 3.3113829004213695 3.314984441608616 3.318585982795862 3.322187523983109 3.325789065170355 3.3293906063576015 3.3329921475448483 3.3365936887320946 3.340195229919347 3.3437967711065935 3.34739831229384 3.3509998534810865 3.354601394668333 3.3582029358555796 3.361804477042826 3.3654060182300722 3.369007559417319 3.3726091006045653 3.3762106417918116 3.3798121829790584 3.3834137241663047 3.3870152653535572 3.390616806540804 3.3942183477280503 3.3978198889152966 3.4014214301025434 3.406224193495668 3.412311090618799 3.41839798774193 3.424484884865061 3.430571781988192 3.436658679111323 3.442745576234454 3.448832473357585 3.4549193704807264 3.4610062676038575 3.4670931647269883 3.4731800618501194
3.2951045684401894 3.2939105544151137 3.2950067263254077 3.298551158831503 3.3020955913375976 3.3056400238436927 3.309184456349788 3.312728888855883 3.3162733213619777 3.319817753868073 3.323362186374168 3.326906618880263 3.330451051386358 3.333995483892453 3.337539916398554 3.341084348904649 3.3446287814107443 3.3481732139168394 3.351717646422934 3.3552620789290293 3.3588065114351244 3.3623509439412196 3.3658953764473143 3.3694398089534094 3.3729842414595046 3.3765286739655993 3.3800731064716945 3.3836175389777954 3.3871619714838905 3.3907064039899857 3.394250836496081 3.3977952690021755 3.4025385168918794 3.4085633255640997 3.41458813423632 3.4206129429085403 3.4266377515807607 3.432662560252981 3.4386873689252013 3.444712177597421 3.450736986269652 3.4567617949418725 3.4627866036140924 3.4688114122863127
3.2932038901128657 3.2919823625370466 3.2930367169784316 3.296524040803375 3.3000113646283187 3.303498688453262 3.306986012278206 3.3104733361031498 3.3139606599280933 3.317447983753037 3.3209353075779804 3.3244226314029244 3.327909955227868 3.3313972790528115 3.3348846028777612 3.3383719267027048 3.3418592505276483 3.345346574352592 3.3488338981775354 3.352321222002479 3.355808545827423 3.3592958696523665 3.36278319347731 3.3662705173022536 3.369757841127197 3.373245164952141 3.3767324887770847 3.380219812602034 3.383707136426978 3.3871944602519215 3.390681784076865 3.3941691079018086 3.398852840288091 3.4048155605094004 3.4107782807307103 3.41674100095202 3.4227037211733293 3.428666441394639 3.434629161615949 3.4405918818372583 3.446554602058578 3.4525173222798875 3.458480042501197 3.464442762722507
3.291303211785542 3.29005417065898 3.2910667076314555 3.2944969227752474 3.29792713791904 3.301357353062832 3.304787568206624 3.3082177833504165 3.311647998494209 3.315078213638001 3.318508428781793 3.3219386439255856 3.3253688590693775 3.32879907421317 3.332229289356968 3.33565950450076 3.3390897196445524 3.3425199347883447 3.3459501499321367 3.349380365075929 3.3528105802197214 3.3562407953635134 3.3596710105073058 3.363101225651098 3.36653144079489 3.3699616559386825 3.3733918710824744 3.3768220862262726 3.380252301370065 3.3836825165138573 3.3871127316576493 3.3905429468014416 3.395167163684303 3.4010677954547015 3.4069684272251006 3.4128690589954993 3.4187696907658984 3.424670322536297 3.4305709543066962 3.436471586077095 3.442372217847504 3.448272849617903 3.4541734813883016 3.4600741131587007
3.289402533458219 3.288125978780913 3.2890966982844794 3.2924698047471206 3.2958429112097614 3.299216017672402 3.302589124135043 3.3059622305976837 3.3093353370603245 3.3127084435229652 3.316081549985606 3.3194546564482468 3.3228277629108876 3.3262008693735283 3.329573975836175 3.3329470822988156 3.3363201887614564 3.339693295224097 3.343066401686738 3.3464395081493787 3.3498126146120195 3.3531857210746603 3.356558827537301 3.359931933999942 3.3633050404625826 3.3666781469252234 3.3700512533878646 3.373424359850511 3.376797466313152 3.3801705727757927 3.3835436792384335 3.3869167857010742 3.391481487080514 3.397320030400002 3.40315857371949 3.4089971170389783 3.4148356603584666 3.420674203677955 3.4265127469974432 3.432351290316931 3.4381898336364296 3.4440283769559175 3.4498669202754058 3.455705463594894
3.2875018551308934 3.2861977869028447 3.2871266889375015 3.290442686718991 3.2937586845004803 3.2970746822819694 3.300390680063459 3.303706677844948 3.307022675626438 3.310338673407927 3.3136546711894166 3.3169706689709058 3.320286666752395 3.3236026645338845 3.3269186623153795 3.3302346600968686 3.3335506578783582 3.3368666556598474 3.3401826534413366 3.343498651222826 3.3468146490043154 3.350130646785805 3.353446644567294 3.3567626423487837 3.360078640130273 3.363394637911762 3.3667106356932517 3.3700266334747466 3.373342631256236 3.3766586290377254 3.3799746268192146 3.383290624600704 3.3877958104767223 3.3935722653452998 3.3993487202138772 3.4051251750824547 3.410901629951032 3.4166780848196097 3.422454539688187 3.4282309945567646 3.434007449425352 3.4397839042939293 3.445560359162507 3.4513368140310843
3.2856011768035702 3.2842695950247784 3.285156679590526 3.288415568690864 3.291674457791202 3.29493334689154 3.2981922359918774 3.3014511250922154 3.3047100141925534 3.3079689032928914 3.3112277923932294 3.3144866814935674 3.317745570593905 3.321004459694243 3.3242633487945867 3.3275222378949243 3.3307811269952623 3.3340400160956003 3.3372989051959383 3.3405577942962763 3.3438166833966143 3.347075572496952 3.35033446159729 3.353593350697628 3.356852239797966 3.360111128898304 3.363370017998642 3.366628907098985 3.369887796199323 3.373146685299661 3.3764055743999988 3.379664463500337 3.3841101338729342 3.389824500290601 3.3955388667082675 3.401253233125934 3.406967599543601 3.412681965961268 3.4183963323789346 3.4241106987966012 3.4298250652142777 3.4355394316319443 3.4412537980496114 3.446968164467278
3.2837004984762466 3.2823414031467113 3.2831866702435497 3.286388450662736 3.2895902310819225 3.2927920115011093 3.2959937919202957 3.299195572339482 3.302397352758669 3.3055991331778554 3.3088009135970418 3.3120026940162286 3.315204474435415 3.3184062548546014 3.3216080352737936 3.32480981569298 3.3280115961121663 3.331213376531353 3.3344151569505396 3.337616937369726 3.3408187177889124 3.344020498208099 3.3472222786272856 3.350424059046472 3.353625839465659 3.3568276198848452 3.3600294003040316 3.363231180723224 3.36643296114241 3.3696347415615966 3.3728365219807834 3.37603830239997 3.3804244572691458 3.3860767352359016 3.391729013202658 3.3973812911694137 3.40303356913617 3.4086858471029258 3.414338125069682 3.419990403036438 3.4256426810032035 3.4312949589699597 3.4369472369367156 3.442599514903472
