Figures/CREST_Example_wjb_NSE/PETs/wjb.pet.20090201.asc
ncols            288
nrows            254
xllcorner        113.274861
yllcorner        31.4918055
cellsize         0.008333333333
NODATA_value     -9999
[rows 160 to 179 of 254, columns 176 to 219 of 288]
1.066698050402154 1.066357929760438 1.0660178091187222 1.0656776884770065 1.0653375678352908 1.064997447193575 1.0646573265518586 1.064317205910143 1.0639770852684272 1.0636369646267114 1.0632968439849957 1.06295672334328 1.062616602701564 1.0622764820598483 1.0619363614181325 1.0615962407764168 1.060613760689745 1.0589445838219997 1.0572754069542545 1.0556062300865063 1.053937053218761 1.0522678763510158 1.0505986994832706 1.0489295226155253 1.04726034574778 1.0455911688800348 1.0439219920122897 1.0422528151445445 1.0405836382767992 1.038914461409054 1.0372452845413087 1.0355761076735635 1.0339069308058153 1.03223775393807 1.0305685770703248 1.0288994002025795 1.0272302233348343 1.025561046467089 1.0238918695993438 1.0222226927315985 1.0205535158638532 1.018884338996108 1.0172151621283627 1.0155459852606177
1.0627431014268032 1.0623229093975413 1.0619027173682793 1.0614825253390174 1.0610623333097555 1.0606421412804936 1.060221949251231 1.0598017572219691 1.0593815651927072 1.0589613731634453 1.0585411811341834 1.0581209891049215 1.0577007970756596 1.0572806050463976 1.0568604130171357 1.0564402209878738 1.0554437493776114 1.0538312218560075 1.0522186943344036 1.050606166812797 1.0489936392911932 1.0473811117695893 1.0457685842479854 1.0441560567263812 1.0425435292047773 1.0409310016831734 1.0393184741615695 1.0377059466399656 1.0360934191183617 1.0344808915967578 1.032868364075154 1.03125583655355 1.0296433090319432 1.0280307815103393 1.0264182539887354 1.0248057264671315 1.0231931989455276 1.0215806714239237 1.0199681439023198 1.018355616380716 1.016743088859112 1.015130561337508 1.013518033815904 1.0119055062943
1.0587881524514522 1.058287889034644 1.057787625617836 1.057287362201028 1.0567870987842198 1.056286835367412 1.055786571950603 1.055286308533795 1.054786045116987 1.054285781700179 1.0537855182833709 1.0532852548665628 1.0527849914497547 1.0522847280329468 1.0517844646161387 1.0512842011993306 1.0502737380654779 1.0487178598900153 1.0471619817145528 1.0456061035390873 1.0440502253636248 1.0424943471881623 1.0409384690126997 1.0393825908372372 1.0378267126617744 1.0362708344863119 1.0347149563108493 1.0331590781353868 1.031603199959924 1.0300473217844615 1.028491443608999 1.0269355654335364 1.0253796872580712 1.0238238090826084 1.0222679309071458 1.0207120527316833 1.0191561745562208 1.017600296380758 1.0160444182052955 1.014488540029833 1.0129326618543704 1.0113767836789076 1.009820905503445 1.0082650273279825
1.0548332034760979 1.0542528686717436 1.0536725338673893 1.053092199063035 1.0525118642586808 1.0519315294543266 1.0513511946499714 1.0507708598456171 1.0501905250412629 1.0496101902369086 1.0490298554325546 1.0484495206282003 1.047869185823846 1.0472888510194918 1.0467085162151375 1.0461281814107832 1.04510372675334 1.0436044979240189 1.0421052690946977 1.0406060402653738 1.0391068114360527 1.0376075826067315 1.03610835377741 1.0346091249480889 1.0331098961187677 1.0316106672894465 1.0301114384601253 1.0286122096308041 1.027112980801483 1.0256137519721618 1.0241145231428403 1.0226152943135192 1.0211160654841955 1.0196168366548741 1.018117607825553 1.0166183789962318 1.0151191501669106 1.0136199213375894 1.0121206925082682 1.010621463678947 1.0091222348496258 1.0076230060203044 1.0061237771909832 1.004624548361662
1.050878254500747 1.0502178483088467 1.0495574421169462 1.0488970359250458 1.0482366297331456 1.0475762235412451 1.0469158173493436 1.0462554111574431 1.045595004965543 1.0449345987736425 1.044274192581742 1.0436137863898418 1.0429533801979414 1.042292974006041 1.0416325678141407 1.0409721616222403 1.0399337154412065 1.0384911359580267 1.0370485564748468 1.0356059769916643 1.0341633975084845 1.0327208180253047 1.0312782385421249 1.0298356590589448 1.028393079575765 1.0269505000925852 1.025507920609405 1.0240653411262253 1.0226227616430454 1.0211801821598656 1.0197376026766856 1.0182950231935057 1.0168524437103235 1.0154098642271434 1.0139672847439636 1.0125247052607838 1.0110821257776037 1.0096395462944239 1.008196966811244 1.0067543873280642 1.0053118078448842 1.0038692283617043 1.0024266488785245 1.0009840693953445
1.046923305525396 1.0461828279459495 1.045442350366503 1.0447018727870565 1.0439613952076099 1.0432209176281635 1.0424804400487158 1.0417399624692691 1.0409994848898227 1.0402590073103761 1.0395185297309297 1.0387780521514831 1.0380375745720367 1.03729709699259 1.0365566194131437 1.035816141833697 1.034763704129073 1.0333777739920345 1.0319918438549958 1.0306059137179548 1.0292199835809164 1.0278340534438777 1.0264481233068392 1.0250621931698005 1.023676263032762 1.0222903328957236 1.0209044027586849 1.0195184726216464 1.0181325424846077 1.0167466123475692 1.0153606822105308 1.013974752073492 1.0125888219364512 1.0112028917994127 1.009816961662374 1.0084310315253355 1.0070451013882968 1.0056591712512584 1.00427324111422 1.0028873109771812 1.0015013808401427 1.000115450703104 0.9987295205660656 0.997343590429027
1.0429683565500452 1.0421478075830526 1.04132725861606 1.0405067096490672 1.0396861606820746 1.038865611715082 1.038045062748088 1.0372245137810954 1.0364039648141026 1.03558341584711 1.0347628668801174 1.0339423179131246 1.033121768946132 1.0323012199791395 1.0314806710121467 1.0306601220451541 1.0295936928169396 1.0282644120260422 1.0269351312351451 1.0256058504442456 1.0242765696533482 1.0229472888624511 1.0216180080715538 1.0202887272806567 1.0189594464897593 1.017630165698862 1.0163008849079649 1.0149716041170675 1.0136423233261704 1.012313042535273 1.010983761744376 1.0096544809534787 1.008325200162579 1.006995919371682 1.0056666385807846 1.0043373577898875 1.0030080769989902 1.001678796208093 1.0003495154171957 0.9990202346262985 0.9976909538354013 0.9963616730445041 0.9950323922536068 0.9937031114627096
1.0390134075746944 1.0381127872201557 1.037212166865617 1.036311546511078 1.0354109261565392 1.0345103058020004 1.0336096854474601 1.0327090650929214 1.0318084447383826 1.0309078243838439 1.0300072040293051 1.0291065836747664 1.0282059633202274 1.0273053429656887 1.02640472261115 1.0255041022566111 1.024423681504806 1.02315105006005 1.0218784186152943 1.020605787170536 1.0193331557257803 1.0180605242810243 1.0167878928362684 1.0155152613915124 1.0142426299467566 1.0129699985020006 1.0116973670572447 1.010424735612489 1.009152104167733 1.007879472722977 1.0066068412782212 1.0053342098334652 1.004061578388707 1.0027889469439513 1.0015163154991953 1.0002436840544393 0.9989710526096834 0.9976984211649276 0.9964257897201716 0.9951531582754157 0.9938805268306597 0.9926078953859039 0.991335263941148 0.990062632496392
1.0350584585993434 1.0340777668572585 1.0330970751151736 1.0321163833730889 1.031135691631004 1.030154999888919 1.0291743081468323 1.0281936164047474 1.0272129246626625 1.0262322329205775 1.0252515411784928 1.024270849436408 1.023290157694323 1.022309465952238 1.0213287742101531 1.0203480824680682 1.0192536701926727 1.018037688094058 1.0168217059954434 1.0156057238968268 1.0143897417982122 1.0131737596995976 1.011957777600983 1.0107417955023683 1.009525813403754 1.0083098313051393 1.0070938492065247 1.00587786710791 1.0046618850092954 1.0034459029106808 1.0022299208120662 1.0010139387134518 0.9997979566148351 0.9985819745162204 0.9973659924176058 0.9961500103189912 0.9949340282203767 0.9937180461217621 0.9925020640231474 0.9912860819245329 0.9900700998259183 0.9888541177273037 0.9876381356286891 0.9864221535300746
1.0311035096239924 1.0300427464943616 1.0289819833647305 1.0279212202350994 1.0268604571054682 1.0257996939758374 1.0247389308462045 1.0236781677165734 1.0226174045869423 1.0215566414573112 1.0204958783276803 1.0194351151980492 1.018374352068418 1.017313588938787 1.016252825809156 1.015192062679525 1.0140836588805389 1.0129243261280656 1.0117649933755923 1.0106056606231173 1.009446327870644 1.0082869951181708 1.0071276623656975 1.0059683296132242 1.004808996860751 1.0036496641082777 1.0024903313558045 1.0013309986033312 1.000171665850858 0.9990123330983847 0.9978530003459114 0.9966936675934381 0.9955343348409629 0.9943750020884896 0.9932156693360163 0.9920563365835431 0.9908970038310699 0.9897376710785967 0.9885783383261234 0.9874190055736501 0.9862596728211769 0.9851003400687036 0.9839410073162304 0.9827816745637571
1.0271485606486381 1.026007726131461 1.0248668916142838 1.0237260570971065 1.0225852225799292 1.021444388062752 1.020303553545573 1.0191627190283956 1.0180218845112183 1.016881049994041 1.0157402154768638 1.0145993809596865 1.0134585464425094 1.0123177119253322 1.0111768774081549 1.0100360428909776 1.008913647568401 1.0078109641620692 1.0067082807557373 1.0056055973494036 1.0045029139430717 1.0034002305367398 1.0022975471304079 1.001194863724076 1.000092180317744 0.9989894969114123 0.9978868135050804 0.9967841300987484 0.9956814466924166 0.9945787632860847 0.9934760798797528 0.9923733964734209 0.9912707130670871 0.9901680296607553 0.9890653462544234 0.9879626628480915 0.9868599794417596 0.9857572960354277 0.9846546126290958 0.983551929222764 0.9824492458164321 0.9813465624101002 0.9802438790037683 0.9791411955974364
1.0231936116732874 1.021972705768564 1.0207517998638407 1.0195308939591172 1.0183099880543938 1.0170890821496705 1.015868176244945 1.0146472703402216 1.0134263644354982 1.012205458530775 1.0109845526260515 1.0097636467213282 1.0085427408166048 1.0073218349118813 1.006100929007158 1.0048800231024346 1.0037436362562677 1.0026976021960772 1.0016515681358866 1.0006055340756943 0.9995595000155036 0.9985134659553131 0.9974674318951225 0.996421397834932 0.9953753637747415 0.9943293297145509 0.9932832956543602 0.9922372615941697 0.9911912275339791 0.9901451934737886 0.989099159413598 0.9880531253534075 0.9870070912932152 0.9859610572330246 0.9849150231728341 0.9838689891126435 0.982822955052453 0.9817769209922623 0.9807308869320718 0.9796848528718812 0.9786388188116907 0.9775927847515001 0.9765467506913096 0.975500716631119
1.0192386626979366 1.017937685405667 1.0166367081133976 1.015335730821128 1.0140347535288585 1.012733776236589 1.0114327989443173 1.0101318216520476 1.0088308443597782 1.0075298670675086 1.0062288897752392 1.0049279124829695 1.0036269351907001 1.0023259578984305 1.001024980606161 0.9997240033138916 0.9985736249441342 0.9975842402300849 0.9965948555160357 0.9956054708019847 0.9946160860879355 0.9936267013738863 0.992637316659837 0.9916479319457878 0.9906585472317385 0.9896691625176893 0.9886797778036401 0.9876903930895908 0.9867010083755416 0.9857116236614925 0.9847222389474432 0.983732854233394 0.982743469519343 0.9817540848052938 0.9807647000912446 0.9797753153771953 0.9787859306631461 0.9777965459490969 0.9768071612350476 0.9758177765209984 0.9748283918069491 0.9738390070928999 0.9728496223788508 0.9718602376648015
1.0152837137225856 1.01390266504277 1.0125216163629542 1.0111405676831386 1.009759519003323 1.0083784703235072 1.0069974216436894 1.0056163729638736 1.004235324284058 1.0028542756042425 1.0014732269244266 1.000092178244611 0.9987111295647955 0.9973300808849798 0.9959490322051641 0.9945679835253485 0.9934036136320006 0.9924708782640926 0.9915381428961848 0.9906054075282753 0.9896726721603674 0.9887399367924594 0.9878072014245516 0.9868744660566436 0.9859417306887357 0.9850089953208279 0.9840762599529199 0.983143524585012 0.9822107892171041 0.9812780538491962 0.9803453184812883 0.9794125831133804 0.9784798477454709 0.977547112377563 0.9766143770096551 0.9756816416417472 0.9747489062738393 0.9738161709059314 0.9728834355380235 0.9719507001701155 0.9710179648022077 0.9700852294342998 0.9691524940663918 0.968219758698484
1.0113287647472347 1.0098676446798729 1.0084065246125111 1.0069454045451494 1.0054842844777876 1.0040231644104258 1.0025620443430616 1.0011009242756999 0.999639804208338 0.9981786841409762 0.9967175640736144 0.9952564440062526 0.9937953239388908 0.992334203871529 0.9908730838041673 0.9894119637368055 0.9882336023198671 0.9873575162981005 0.986481430276334 0.9856053442545659 0.9847292582327993 0.9838531722110327 0.9829770861892662 0.9821010001674996 0.981224914145733 0.9803488281239664 0.9794727421021998 0.9785966560804332 0.9777205700586667 0.9768444840369002 0.9759683980151336 0.975092311993367 0.9742162259715988 0.9733401399498323 0.9724640539280658 0.9715879679062992 0.9707118818845326 0.969835795862766 0.9689597098409994 0.9680836238192329 0.9672075377974663 0.9663314517756997 0.9654553657539331 0.9645792797321665
1.007373815771884 1.005832624316976 1.004291432862068 1.00275024140716 1.0012090499522521 0.9996678584973442 0.9981266670424337 0.9965854755875257 0.9950442841326178 0.99350309267771 0.991961901222802 0.9904207097678941 0.9888795183129861 0.9873383268580782 0.9857971354031704 0.9842559439482624 0.9830635910077336 0.9822441543321083 0.9814247176564831 0.9806052809808564 0.9797858443052312 0.978966407629606 0.9781469709539806 0.9773275342783554 0.9765080976027302 0.9756886609271049 0.9748692242514797 0.9740497875758544 0.9732303509002291 0.9724109142246039 0.9715914775489787 0.9707720408733534 0.9699526041977268 0.9691331675221015 0.9683137308464762 0.967494294170851 0.9666748574952257 0.9658554208196005 0.9650359841439753 0.96421654746835 0.9633971107927247 0.9625776741170995 0.9617582374414743 0.960938800765849
1.0034188667965296 1.0017976039540755 1.0001763411116213 0.9985550782691672 0.9969338154267131 0.995312552584259 0.9936912897418021 0.992070026899348 0.9904487640568939 0.9888275012144397 0.9872062383719856 0.9855849755295315 0.9839637126870774 0.9823424498446233 0.9807211870021691 0.979099924159715 0.9778935796955958 0.9771307923661119 0.976368005036628 0.9756052177071428 0.9748424303776589 0.9740796430481751 0.9733168557186912 0.9725540683892073 0.9717912810597235 0.9710284937302396 0.9702657064007556 0.9695029190712717 0.9687401317417879 0.967977344412304 0.9672145570828201 0.9664517697533362 0.9656889824238511 0.9649261950943672 0.9641634077648833 0.9634006204353994 0.9626378331059156 0.9618750457764317 0.9611122584469478 0.9603494711174639 0.9595866837879801 0.9588238964584962 0.9580611091290123 0.9572983217995285
0.9994639178211787 0.9977625835911785 0.9960612493611782 0.9943599151311779 0.9926585809011778 0.9909572466711775 0.9892559124411743 0.987554578211174 0.9858532439811738 0.9841519097511735 0.9824505755211732 0.980749241291173 0.9790479070611727 0.9773465728311724 0.9756452386011722 0.973943904371172 0.9727235683834622 0.9720174304001196 0.971311292416777 0.9706051544334333 0.9698990164500908 0.9691928784667482 0.9684867404834057 0.9677806025000631 0.9670744645167205 0.966368326533378 0.9656621885500355 0.9649560505666929 0.9642499125833504 0.9635437746000078 0.9628376366166653 0.9621314986333227 0.961425360649979 0.9607192226666365 0.9600130846832938 0.9593069466999513 0.9586008087166088 0.9578946707332662 0.9571885327499237 0.9564823947665811 0.9557762567832386 0.955070118799896 0.9543639808165535 0.953657842833211
0.9972823553329089 0.9955394992446215 0.9937966431563341 0.9920537870680467 0.9903109309797593 0.9885680748914719 0.9868252188031816 0.9850823627148942 0.9833395066266069 0.9815966505383195 0.9798537944500321 0.9781109383617447 0.9763680822734573 0.9746252261851699 0.9728823700968825 0.9711395140085951 0.9699121060260047 0.9692357237312467 0.9685593414364887 0.9678829591417295 0.9672065768469714 0.9665301945522135 0.9658538122574554 0.9651774299626974 0.9645010476679393 0.9638246653731813 0.9631482830784233 0.9624719007836653 0.9617955184889072 0.9611191361941492 0.9604427538993912 0.9597663716046331 0.959089989309874 0.9584136070151159 0.9577372247203578 0.9570608424255999 0.9563844601308418 0.9557080778360838 0.9550316955413257 0.9543553132465677 0.9536789309518097 0.9530025486570517 0.9523261663622936 0.9516497840675356
0.9969964312177595 0.9952532602880769 0.9935100893583944 0.9917669184287117 0.9900237474990291 0.9882805765693465 0.986537405639661 0.9847942347099784 0.9830510637802958 0.9813078928506133 0.9795647219209307 0.9778215509912481 0.9760783800615656 0.974335209131883 0.9725920382022004 0.9708488672725178 0.9696217838350801 0.9689464096041618 0.9682710353732433 0.9675956611423239 0.9669202869114054 0.9662449126804871 0.9655695384495686 0.9648941642186503 0.9642187899877319 0.9635434157568135 0.9628680415258951 0.9621926672949767 0.9615172930640583 0.96084191883314 0.9601665446022215 0.9594911703713032 0.9588157961403836 0.9581404219094652 0.9574650476785468 0.9567896734476284 0.95611429921671 0.9554389249857916 0.9547635507548733 0.9540881765239548 0.9534128022930365 0.952737428062118 0.9520620538311997 0.9513866796002813
