Figures/CREST_Example_wjb_NSE/PETs/wjb.pet.20100921.asc
ncols            288
nrows            254
xllcorner        113.274861
yllcorner        31.4918055
cellsize         0.008333333333
NODATA_value     -9999
[rows 60 to 79 of 254, columns 88 to 131 of 288]
2.2055968149184726 2.2067041141915382 2.207811413464604 2.2089187127376717 2.2100260120107373 2.2111333112838025 2.212240610556868 2.213347909829934 2.2144552091029994 2.215562508376065 2.2166698076491307 2.2177771069221963 2.218884406195262 2.2199917054683276 2.220836734203379 2.2214013898030416 2.221966045402705 2.2225307010023676 2.2230953566020304 2.2236600122016927 2.2242246678013555 2.224789323401018 2.2253539790006807 2.2259186346003434 2.226483290200006 2.2270479457996686 2.227612601399331 2.2281772569989937 2.2287419125986565 2.2293065681983197 2.2298712237979825 2.2304358793976453 2.2310005349973077 2.2315651905969704 2.232129846196633 2.2326945017962956 2.2332591573959584 2.2338238129956207 2.2343884685952835 2.234953124194946 2.2355177797946086 2.2360824353942714 2.2366470909939347 2.2372117465935975
2.2110776266501015 2.2122321006929524 2.213386574735803 2.2145410487786554 2.2156955228215063 2.216849996864357 2.2180044709072075 2.2191589449500584 2.220313418992909 2.2214678930357596 2.2226223670786105 2.223776841121461 2.2249313151643118 2.2260857892071626 2.226961429599523 2.2275389905147462 2.2281165514299706 2.228694112345194 2.229271673260417 2.2298492341756404 2.230426795090864 2.2310043560060873 2.2315819169213107 2.232159477836534 2.232737038751757 2.2333145996669805 2.233892160582204 2.2344697214974274 2.235047282412651 2.235624843327875 2.2362024042430986 2.236779965158322 2.237357526073545 2.2379350869887684 2.238512647903992 2.2390902088192153 2.2396677697344387 2.240245330649662 2.240822891564885 2.2414004524801086 2.241978013395332 2.2425555743105554 2.2431331352257797 2.243710696141003
2.2165584383817305 2.217760087194366 2.218961736007002 2.22016338481964 2.2213650336322757 2.2225666824449113 2.2237683312575474 2.224969980070183 2.2261716288828186 2.2273732776954547 2.2285749265080903 2.229776575320726 2.230978224133362 2.2321798729459976 2.2330861249956673 2.2336765912264513 2.2342670574572363 2.2348575236880204 2.2354479899188044 2.2360384561495885 2.2366289223803726 2.2372193886111567 2.2378098548419407 2.238400321072725 2.238990787303509 2.239581253534293 2.2401717197650775 2.2407621859958615 2.2413526522266456 2.2419431184574306 2.2425335846882146 2.2431240509189987 2.2437145171497828 2.244304983380567 2.244895449611351 2.245485915842135 2.246076382072919 2.246666848303703 2.247257314534487 2.2478477807652713 2.2484382469960553 2.2490287132268394 2.249619179457625 2.250209645688409
2.2220392501133595 2.2232880736957803 2.224536897278201 2.2257857208606238 2.2270345444430446 2.2282833680254654 2.2295321916078863 2.230781015190307 2.232029838772728 2.233278662355149 2.2345274859375697 2.2357763095199905 2.2370251331024114 2.238273956684832 2.2392108203918113 2.239814191938156 2.240417563484502 2.2410209350308468 2.2416243065771915 2.242227678123536 2.2428310496698813 2.243434421216226 2.2440377927625708 2.244641164308916 2.2452445358552606 2.2458479074016053 2.24645127894795 2.247054650494295 2.24765802204064 2.2482613935869855 2.2488647651333307 2.2494681366796754 2.25007150822602 2.2506748797723652 2.25127825131871 2.2518816228650547 2.2524849944113994 2.2530883659577445 2.2536917375040892 2.254295109050434 2.2548984805967787 2.255501852143124 2.2561052236894694 2.2567085952358146
2.2275200618449884 2.228816060197194 2.2301120585494 2.2314080569016084 2.232704055253814 2.23400005360602 2.235296051958226 2.236592050310432 2.237888048662638 2.239184047014844 2.24048004536705 2.2417760437192555 2.2430720420714616 2.2443680404236677 2.2453355157879558 2.245951792649861 2.246568069511768 2.247184346373673 2.247800623235579 2.2484169000974843 2.24903317695939 2.2496494538212954 2.2502657306832012 2.2508820075451066 2.2514982844070124 2.2521145612689177 2.2527308381308235 2.253347114992729 2.2539633918546347 2.254579668716541 2.2551959455784467 2.255812222440352 2.256428499302258 2.257044776164163 2.257661053026069 2.2582773298879744 2.25889360674988 2.2595098836117855 2.2601261604736913 2.2607424373355967 2.2613587141975025 2.261974991059408 2.2625912679213145 2.2632075447832203
2.233000873576617 2.2343440466986078 2.235687219820599 2.237030392942592 2.2383735660645834 2.239716739186574 2.2410599123085655 2.2424030854305563 2.243746258552547 2.2450894316745384 2.2464326047965293 2.2477757779185206 2.2491189510405114 2.2504621241625022 2.2514602111841 2.2520893933615658 2.252718575539033 2.2533477577164995 2.253976939893966 2.2546061220714324 2.2552353042488984 2.255864486426365 2.2564936686038313 2.2571228507812973 2.2577520329587637 2.25838121513623 2.259010397313696 2.2596395794911626 2.260268761668629 2.2608979438460963 2.2615271260235628 2.2621563082010288 2.262785490378495 2.2634146725559616 2.264043854733428 2.264673036910894 2.2653022190883605 2.265931401265827 2.266560583443293 2.2671897656207594 2.267818947798226 2.2684481299756922 2.2690773121531596 2.2697064943306255
2.2384816853082503 2.2398720332000264 2.241262381091803 2.242652728983581 2.244043076875357 2.2454334247671333 2.2468237726589098 2.248214120550686 2.249604468442462 2.250994816334238 2.252385164226014 2.25377551211779 2.2551658600095665 2.2565562079013426 2.257584906580249 2.2582269940732758 2.258869081566304 2.2595111690593312 2.2601532565523583 2.2607953440453854 2.2614374315384125 2.2620795190314396 2.2627216065244666 2.2633636940174933 2.2640057815105203 2.2646478690035474 2.2652899564965745 2.2659320439896016 2.2665741314826287 2.267216218975657 2.267858306468684 2.2685003939617108 2.269142481454738 2.269784568947765 2.270426656440792 2.271068743933819 2.271710831426846 2.2723529189198732 2.2729950064129003 2.2736370939059274 2.2742791813989545 2.2749212688919815 2.2755633563850095 2.2762054438780366
2.2439624970398793 2.2454000197014405 2.246837542363002 2.2482750650245653 2.2497125876861266 2.251150110347688 2.252587633009249 2.2540251556708104 2.2554626783323717 2.2569002009939325 2.258337723655494 2.259775246317055 2.2612127689786163 2.2626502916401776 2.263709601976393 2.2643645947849813 2.26501958759357 2.2656745804021576 2.266329573210746 2.2669845660193335 2.2676395588279212 2.268294551636509 2.2689495444450967 2.2696045372536844 2.270259530062272 2.2709145228708603 2.271569515679448 2.2722245084880357 2.2728795012966234 2.2735344941052125 2.2741894869138 2.274844479722388 2.2754994725309756 2.2761544653395633 2.276809458148151 2.2774644509567388 2.278119443765327 2.2787744365739147 2.2794294293825024 2.28008442219109 2.280739414999678 2.2813944078082655 2.2820494006168546 2.2827043934254423
2.2494433087715078 2.2509280062028543 2.2524127036342008 2.2538974010655495 2.2553820984968955 2.256866795928242 2.2583514933595885 2.2598361907909346 2.261320888222281 2.262805585653627 2.2642902830849736 2.2657749805163196 2.267259677947666 2.268744375379012 2.269834297372537 2.270502195496686 2.2711700936208357 2.271837991744984 2.2725058898691324 2.273173787993281 2.2738416861174295 2.2745095842415783 2.2751774823657267 2.275845380489875 2.276513278614024 2.277181176738172 2.2778490748623206 2.2785169729864694 2.2791848711106177 2.2798527692347674 2.2805206673589162 2.2811885654830646 2.281856463607213 2.2825243617313618 2.28319225985551 2.2838601579796585 2.2845280561038073 2.2851959542279556 2.2858638523521044 2.286531750476253 2.287199648600401 2.28786754672455 2.2885354448486996 2.289203342972848
2.254924120503137 2.2564559927042684 2.2579878649053997 2.2595197371065336 2.261051609307665 2.2625834815087966 2.264115353709928 2.265647225911059 2.267179098112191 2.268710970313322 2.2702428425144534 2.2717747147155847 2.2733065869167164 2.2748384591178477 2.2759589927686816 2.276639796208391 2.2773205996481014 2.278001403087811 2.27868220652752 2.2793630099672293 2.2800438134069383 2.2807246168466477 2.281405420286357 2.282086223726066 2.2827670271657756 2.2834478306054846 2.284128634045194 2.284809437484903 2.2854902409246125 2.286171044364323 2.2868518478040323 2.2875326512437413 2.2882134546834507 2.2888942581231597 2.289575061562869 2.2902558650025786 2.2909366684422876 2.291617471881997 2.292298275321706 2.2929790787614155 2.293659882201125 2.294340685640834 2.2950214890805443 2.2957022925202537
2.2604049322347657 2.261983979205682 2.2635630261765987 2.265142073147518 2.2667211201184343 2.268300167089351 2.2698792140602673 2.2714582610311838 2.2730373080021002 2.2746163549730167 2.2761954019439328 2.2777744489148493 2.2793534958857657 2.2809325428566822 2.2820836881648257 2.2827773969200957 2.2834711056753667 2.284164814430637 2.284858523185907 2.285552231941177 2.286245940696447 2.2869396494517167 2.2876333582069868 2.288327066962257 2.289020775717527 2.2897144844727966 2.2904081932280667 2.2911019019833367 2.291795610738607 2.292489319493878 2.293183028249148 2.293876737004418 2.294570445759688 2.2952641545149577 2.2959578632702278 2.296651572025498 2.297345280780768 2.2980389895360376 2.2987326982913077 2.2994264070465777 2.300120115801848 2.300813824557118 2.301507533312389 2.302201242067659
2.2658857439663946 2.2675119657070963 2.2691381874477976 2.270764409188502 2.2723906309292037 2.2740168526699054 2.2756430744106066 2.2772692961513084 2.2788955178920096 2.2805217396327113 2.282147961373413 2.2837741831141143 2.285400404854816 2.2870266265955177 2.28820838356097 2.288914997631801 2.289621611702633 2.2903282257734636 2.2910348398442943 2.291741453915125 2.292448067985956 2.2931546820567865 2.2938612961276172 2.294567910198448 2.2952745242692787 2.2959811383401094 2.29668775241094 2.297394366481771 2.2981009805526016 2.298807594623433 2.299514208694264 2.3002208227650947 2.3009274368359254 2.301634050906756 2.302340664977587 2.3030472790484176 2.3037538931192483 2.304460507190079 2.3051671212609097 2.3058737353317404 2.306580349402571 2.307286963473402 2.307993577544234 2.3087001916150647
2.271366555698028 2.273039952208515 2.2747133487190014 2.276386745229491 2.2780601417399775 2.2797335382504644 2.281406934760951 2.283080331271438 2.2847537277819243 2.286427124292411 2.2881005208028977 2.289773917313384 2.291447313823871 2.2931207103343576 2.2943330789571195 2.295052598343511 2.2957721177299035 2.2964916371162953 2.2972111565026867 2.297930675889078 2.2986501952754694 2.2993697146618612 2.3000892340482526 2.300808753434644 2.3015282728210353 2.302247792207427 2.3029673115938185 2.30368683098021 2.3044063503666012 2.305125869752994 2.3058453891393857 2.306564908525777 2.3072844279121685 2.30800394729856 2.3087234666849517 2.309442986071343 2.3101625054577344 2.3108820248441257 2.311601544230517 2.312321063616909 2.3130405830033003 2.3137601023896917 2.3144796217760844 2.3151991411624757
2.276847367429657 2.2785679387099287 2.280288509990201 2.282009081270475 2.283729652550747 2.285450223831019 2.2871707951112907 2.2888913663915624 2.290611937671834 2.292332508952106 2.2940530802323775 2.2957736515126492 2.297494222792921 2.2992147940731926 2.300457774353264 2.301190199055216 2.3019226237571697 2.3026550484591217 2.303387473161074 2.304119897863026 2.304852322564978 2.3055847472669306 2.3063171719688826 2.307049596670835 2.307782021372787 2.3085144460747395 2.3092468707766916 2.309979295478644 2.310711720180596 2.3114441448825493 2.312176569584502 2.312908994286454 2.3136414189884063 2.3143738436903583 2.3151062683923107 2.3158386930942627 2.3165711177962147 2.317303542498167 2.318035967200119 2.3187683919020716 2.3195008166040236 2.320233241305976 2.3209656660079294 2.3216980907098814
2.282328179161286 2.284095925211343 2.2858636712613993 2.2876314173114594 2.2893991633615163 2.291166909411573 2.2929346554616297 2.2947024015116866 2.2964701475617435 2.2982378936118004 2.3000056396618573 2.301773385711914 2.3035411317619707 2.3053088778120276 2.306582469749408 2.307327799766921 2.308073129784435 2.308818459801948 2.3095637898194608 2.310309119836974 2.311054449854487 2.3117997798719996 2.3125451098895127 2.3132904399070258 2.3140357699245384 2.3147810999420515 2.3155264299595646 2.3162717599770772 2.3170170899945903 2.3177624200121043 2.3185077500296174 2.3192530800471305 2.319998410064643 2.3207437400821562 2.3214890700996693 2.322234400117182 2.322979730134695 2.3237250601522077 2.324470390169721 2.325215720187234 2.3259610502047465 2.3267063802222596 2.327451710239774 2.3281970402572867
2.2878089908929145 2.2896239117127566 2.2914388325325987 2.2932537533524435 2.2950686741722857 2.2968835949921274 2.2986985158119695 2.300513436631811 2.3023283574516533 2.304143278271495 2.305958199091337 2.307773119911179 2.309588040731021 2.3114029615508627 2.3127071651455524 2.313465400478626 2.3142236358117008 2.3149818711447745 2.3157401064778482 2.316498341810922 2.3172565771439957 2.3180148124770694 2.318773047810143 2.3195312831432164 2.32028951847629 2.321047753809364 2.3218059891424376 2.3225642244755114 2.323322459808585 2.3240806951416597 2.3248389304747334 2.325597165807807 2.326355401140881 2.3271136364739546 2.3278718718070284 2.3286301071401017 2.3293883424731754 2.330146577806249 2.330904813139323 2.3316630484723966 2.3324212838054703 2.333179519138544 2.3339377544716187 2.3346959898046924
2.2932898026245434 2.2951518982141703 2.2970139938037972 2.2988760893934277 2.3007381849830546 2.3026002805726815 2.3044623761623084 2.306324471751936 2.3081865673415627 2.3100486629311896 2.3119107585208165 2.3137728541104434 2.3156349497000703 2.3174970452896977 2.3188318605416964 2.319603001190331 2.3203741418389665 2.321145282487601 2.3219164231362353 2.3226875637848696 2.323458704433504 2.3242298450821384 2.3250009857307727 2.325772126379407 2.326543267028042 2.3273144076766763 2.3280855483253107 2.328856688973945 2.3296278296225794 2.330398970271215 2.3311701109198495 2.331941251568484 2.3327123922171182 2.3334835328657526 2.334254673514387 2.3350258141630214 2.3357969548116557 2.3365680954602905 2.337339236108925 2.3381103767575593 2.3388815174061937 2.339652658054828 2.3404237987034637 2.341194939352098
2.2987706143561724 2.3006798847155845 2.3025891550749966 2.304498425434412 2.306407695793824 2.308316966153236 2.3102262365126482 2.3121355068720604 2.3140447772314725 2.3159540475908846 2.3178633179502963 2.3197725883097084 2.3216818586691206 2.3235911290285327 2.324956555937841 2.325740601902036 2.3265246478662323 2.3273086938304277 2.3280927397946227 2.3288767857588177 2.3296608317230127 2.330444877687208 2.331228923651403 2.3320129696155982 2.3327970155797937 2.3335810615439887 2.3343651075081837 2.3351491534723787 2.335933199436574 2.3367172454007705 2.3375012913649655 2.3382853373291606 2.339069383293356 2.339853429257551 2.340637475221746 2.3414215211859415 2.3422055671501365 2.3429896131143315 2.3437736590785265 2.344557705042722 2.345341751006917 2.346125796971112 2.346909842935309 2.347693888899504
2.3042514260878013 2.306207871216998 2.3081643163461956 2.310120761475396 2.312077206604593 2.3140336517337903 2.3159900968629876 2.3179465419921845 2.319902987121382 2.321859432250579 2.323815877379776 2.325772322508973 2.3277287676381704 2.3296852127673677 2.331081251333985 2.3318782026137406 2.332675153893498 2.3334721051732537 2.3342690564530097 2.3350660077327654 2.3358629590125215 2.336659910292277 2.3374568615720333 2.338253812851789 2.339050764131545 2.3398477154113007 2.3406446666910568 2.3414416179708124 2.3422385692505685 2.3430355205303255 2.3438324718100816 2.3446294230898372 2.3454263743695933 2.3462233256493494 2.347020276929105 2.347817228208861 2.348614179488617 2.349411130768373 2.3502080820481286 2.3510050333278847 2.3518019846076403 2.3525989358873964 2.3533958871671534 2.3541928384469095
2.3097322378194347 2.311735857718417 2.313739477617399 2.3157430975163846 2.317746717415367 2.3197503373143493 2.321753957213332 2.323757577112314 2.325761197011296 2.3277648169102787 2.329768436809261 2.331772056708243 2.3337756766072255 2.3357792965062076 2.3372059467301343 2.3380158033254506 2.3388256599207686 2.3396355165160854 2.340445373111402 2.3412552297067184 2.342065086302035 2.342874942897352 2.3436847994926686 2.344494656087985 2.3453045126833016 2.3461143692786184 2.346924225873935 2.3477340824692514 2.348543939064568 2.3493537956598862 2.350163652255203 2.3509735088505193 2.351783365445836 2.3525932220411527 2.3534030786364695 2.3542129352317858 2.3550227918271025 2.3558326484224192 2.356642505017736 2.3574523616130523 2.358262218208369 2.3590720748036857 2.359881931399004 2.3606917879943206
