Figures/CREST_Example_wjb_NSE/PETs/wjb.pet.20100801.asc
ncols            288
nrows            254
xllcorner        113.274861
yllcorner        31.4918055
cellsize         0.008333333333
NODATA_value     -9999
[rows 160 to 179 of 254, columns 132 to 175 of 288]
3.9683654699659976 3.9671984225892887 3.9660313752125798 3.964864327835871 3.9636972804591624 3.9625302330824534 3.9613631857057445 3.9601961383290356 3.959029090952327 3.957862043575618 3.9566949961989093 3.9555279488221986 3.9543609014454897 3.953193854068781 3.9520268066920723 3.9508597593153634 3.9496927119386545 3.948525664561946 3.947358617185237 3.946191569808528 3.9450245224318192 3.9438574750551108 3.942690427678402 3.941523380301693 3.940356332924982 3.9391892855482733 3.9380222381715644 3.936855190794856 3.935688143418147 3.934521096041438 3.93392799136538 3.933948444419745 3.9339688974741094 3.933989350528474 3.9340098035828386 3.9340302566372034 3.9340507096915682 3.9340711627459326 3.9340916158002974 3.934112068854662 3.9341325219090266 3.9341529749633914 3.934173428017756 3.9341938810721206
3.9700758479421916 3.9689007299532273 3.967725611964263 3.9665504939752987 3.9653753759863344 3.96420025799737 3.9630251400084058 3.9618500220194415 3.960674904030477 3.959499786041513 3.9583246680525486 3.9571495500635825 3.955974432074618 3.954799314085654 3.9536241960966896 3.9524490781077253 3.951273960118761 3.9500988421297967 3.9489237241408324 3.947748606151868 3.946573488162904 3.94539837017394 3.9442232521849756 3.9430481341960113 3.9418730162070448 3.9406978982180805 3.939522780229116 3.938347662240152 3.9371725442511876 3.9359974262622237 3.9353646775332547 3.9353117338124104 3.935258790091566 3.935205846370722 3.9351529026498775 3.935099958929033 3.935047015208189 3.934994071487344 3.9349411277665 3.9348881840456555 3.9348352403248112 3.934782296603967 3.9347293528831226 3.9346764091622783
3.9717862259183856 3.970603037317166 3.969419848715946 3.9682366601147265 3.967053471513507 3.9658702829122867 3.964687094311067 3.9635039057098473 3.9623207171086277 3.961137528507408 3.9599543399061883 3.9587711513049664 3.9575879627037467 3.956404774102527 3.9552215855013073 3.954038396900087 3.9528552082988675 3.951672019697648 3.950488831096428 3.9493056424952084 3.9481224538939887 3.946939265292769 3.945756076691549 3.9445728880903292 3.943389699489108 3.9422065108878876 3.941023322286668 3.9398401336854483 3.9386569450842286 3.937473756483009 3.936801363701129 3.936675023205076 3.936548682709023 3.9364223422129694 3.936296001716916 3.936169661220863 3.9360433207248096 3.935916980228756 3.9357906397327027 3.9356642992366493 3.935537958740596 3.935411618244543 3.9352852777484895 3.935158937252436
3.9734966038945814 3.9723053446811063 3.9711140854676312 3.9699228262541557 3.9687315670406806 3.967540307827205 3.96634904861373 3.9651577894002545 3.9639665301867795 3.9627752709733044 3.961584011759829 3.9603927525463516 3.9592014933328765 3.958010234119401 3.956818974905926 3.955627715692451 3.9544364564789753 3.9532451972655003 3.9520539380520248 3.9508626788385497 3.9496714196250746 3.948480160411599 3.947288901198124 3.9460976419846485 3.9449063827711712 3.943715123557696 3.9425238643442206 3.9413326051307456 3.9401413459172705 3.938950086703795 3.9382380498690046 3.9380383125977425 3.93783857532648 3.937638838055218 3.9374391007839553 3.937239363512693 3.9370396262414307 3.936839888970168 3.9366401516989056 3.9364404144276435 3.936240677156381 3.936040939885119 3.9358412026138563 3.935641465342594
3.975206981870776 3.974007652045045 3.972808322219314 3.9716089923935836 3.9704096625678527 3.969210332742122 3.9680110029163913 3.9668116730906604 3.96561234326493 3.964413013439199 3.963213683613468 3.9620143537877355 3.960815023962005 3.959615694136274 3.9584163643105432 3.9572170344848128 3.956017704659082 3.9548183748333514 3.9536190450076205 3.9524197151818896 3.951220385356159 3.9500210555304283 3.9488217257046974 3.947622395878967 3.9464230660532342 3.9452237362275033 3.9440244064017724 3.942825076576042 3.941625746750311 3.9404264169245806 3.939674736036879 3.939401601990408 3.9391284679439367 3.9388553338974654 3.938582199850994 3.9383090658045226 3.9380359317580513 3.9377627977115797 3.9374896636651084 3.937216529618637 3.9369433955721655 3.9366702615256943 3.936397127479223 3.936123993432752
3.97691735984697 3.9757099594089835 3.9745025589709972 3.973295158533011 3.972087758095025 3.970880357657039 3.9696729572190526 3.9684655567810663 3.96725815634308 3.966050755905094 3.964843355467108 3.9636359550291194 3.962428554591133 3.9612211541531472 3.960013753715161 3.9588063532771747 3.9575989528391884 3.956391552401202 3.9551841519632163 3.95397675152523 3.9527693510872437 3.9515619506492574 3.950354550211271 3.949147149773285 3.947939749335297 3.9467323488973105 3.945524948459324 3.944317548021338 3.943110147583352 3.941902747145366 3.9411114222047536 3.9407648913830733 3.940418360561393 3.940071829739713 3.9397252989180327 3.9393787680963523 3.939032237274672 3.938685706452991 3.938339175631311 3.9379926448096305 3.9376461139879506 3.9372995831662703 3.93695305234459 3.9366065215229096
3.978627737823164 3.977412266772922 3.9761967957226805 3.974981324672439 3.973765853622197 3.9725503825719555 3.971334911521714 3.970119440471472 3.9689039694212305 3.967688498370989 3.966473027320747 3.9652575562705032 3.9640420852202616 3.96282661417002 3.9616111431197782 3.9603956720695366 3.959180201019295 3.9579647299690532 3.9567492589188116 3.95553378786857 3.9543183168183282 3.9531028457680866 3.951887374717845 3.9506719036676032 3.9494564326173593 3.9482409615671177 3.947025490516876 3.9458100194666343 3.9445945484163927 3.943379077366151 3.942548108372628 3.942128180775739 3.9417082531788497 3.9412883255819606 3.940868397985071 3.940448470388182 3.9400285427912927 3.9396086151944028 3.9391886875975137 3.9387687600006243 3.9383488324037352 3.9379289048068458 3.9375089772099567 3.9370890496130677
3.980338115799358 3.9791145741368608 3.9778910324743637 3.9766674908118667 3.975443949149369 3.974220407486872 3.972996865824375 3.971773324161878 3.9705497824993805 3.9693262408368835 3.9681026991743864 3.966879157511887 3.96565561584939 3.9644320741868926 3.9632085325243955 3.9619849908618985 3.9607614491994014 3.959537907536904 3.958314365874407 3.95709082421191 3.9558672825494128 3.9546437408869153 3.9534201992244182 3.952196657561921 3.950973115899422 3.9497495742369244 3.9485260325744274 3.9473024909119303 3.9460789492494333 3.9448554075869358 3.943984794540502 3.943491470168404 3.942998145796306 3.9425048214242078 3.9420114970521096 3.9415181726800115 3.9410248483079133 3.9405315239358143 3.940038199563716 3.9395448751916176 3.9390515508195194 3.9385582264474213 3.938064902075323 3.937571577703225
3.9820484937755527 3.9808168815008 3.9795852692260474 3.9783536569512945 3.977122044676542 3.975890432401789 3.9746588201270368 3.973427207852284 3.9721955955775314 3.9709639833027786 3.969732371028026 3.9685007587532715 3.9672691464785186 3.966037534203766 3.9648059219290133 3.963574309654261 3.962342697379508 3.9611110851047555 3.9598794728300026 3.95864786055525 3.9574162482804973 3.9561846360057444 3.954953023730992 3.953721411456239 3.9524897991814845 3.951258186906732 3.950026574631979 3.9487949623572267 3.947563350082474 3.9463317378077214 3.9454214807083767 3.9448547595610695 3.9442880384137626 3.9437213172664554 3.943154596119148 3.942587874971841 3.942021153824534 3.941454432677226 3.9408877115299186 3.9403209903826113 3.939754269235304 3.939187548087997 3.93862082694069 3.9380541057933827
3.9837588717517467 3.9825191888647384 3.9812795059777306 3.9800398230907224 3.978800140203714 3.9775604573167063 3.976320774429698 3.9750810915426897 3.9738414086556815 3.9726017257686737 3.9713620428816654 3.9701223599946553 3.968882677107647 3.967642994220639 3.9664033113336306 3.9651636284466227 3.9639239455596145 3.962684262672606 3.9614445797855984 3.96020489689859 3.958965214011582 3.9577255311245736 3.9564858482375658 3.9552461653505575 3.9540064824635475 3.952766799576539 3.951527116689531 3.9502874338025227 3.949047750915515 3.9478080680285066 3.9468581668762512 3.9462180489537353 3.945577931031219 3.944937813108703 3.944297695186187 3.9436575772636706 3.9430174593411547 3.9423773414186374 3.9417372234961214 3.941097105573605 3.940456987651089 3.9398168697285727 3.9391767518060568 3.938536633883541
3.985469249727942 3.9842214962286784 3.9829737427294147 3.981725989230151 3.980478235730888 3.9792304822316242 3.9779827287323606 3.976734975233097 3.9754872217338333 3.9742394682345696 3.972991714735306 3.97174396123604 3.9704962077367765 3.969248454237513 3.968000700738249 3.9667529472389855 3.965505193739722 3.9642574402404582 3.963009686741195 3.9617619332419314 3.9605141797426677 3.959266426243404 3.9580186727441404 3.956770919244877 3.955523165745611 3.9542754122463473 3.9530276587470836 3.95177990524782 3.9505321517485563 3.9492843982492927 3.9482948530441266 3.9475813383464016 3.9468678236486765 3.9461543089509514 3.945440794253226 3.944727279555501 3.9440137648577758 3.9433002501600494 3.9425867354623243 3.9418732207645992 3.941159706066874 3.940446191369149 3.9397326766714236 3.9390191619736985
3.9871796277041365 3.985923803592617 3.984667979481098 3.983412155369579 3.98215633125806 3.980900507146541 3.979644683035022 3.978388858923503 3.9771330348119833 3.9758772107004643 3.9746213865889453 3.973365562477424 3.972109738365905 3.970853914254386 3.969598090142867 3.968342266031348 3.9670864419198284 3.9658306178083094 3.9645747936967903 3.9633189695852713 3.9620631454737523 3.9608073213622332 3.959551497250714 3.9582956731391947 3.9570398490276735 3.9557840249161544 3.9545282008046354 3.9532723766931164 3.9520165525815973 3.9507607284700783 3.949731539212001 3.948944627739067 3.9481577162661328 3.947370804793199 3.946583893320265 3.9457969818473306 3.9450100703743964 3.944223158901461 3.9434362474285267 3.942649335955593 3.9418624244826588 3.9410755130097246 3.9402886015367904 3.939501690063856
3.988890005680331 3.987626110956556 3.9863622162327816 3.9850983215090072 3.9838344267852324 3.982570532061458 3.9813066373376835 3.9800427426139087 3.9787788478901343 3.9775149531663594 3.976251058442585 3.9749871637188083 3.9737232689950335 3.972459374271259 3.9711954795474846 3.96993158482371 3.9686676900999354 3.9674037953761605 3.966139900652386 3.9648760059286117 3.963612111204837 3.9623482164810624 3.961084321757288 3.959820427033513 3.9585565323097365 3.957292637585962 3.956028742862187 3.954764848138413 3.953500953414638 3.9522370586908635 3.9511682253798757 3.950307917131733 3.9494476088835895 3.9485873006354466 3.9477269923873033 3.9468666841391604 3.946006375891017 3.9451460676428725 3.9442857593947296 3.9434254511465863 3.9425651428984434 3.9417048346503 3.940844526402157 3.939984218154014
3.990600383656525 3.989328418320495 3.988056452984465 3.9867844876484346 3.985512522312405 3.9842405569763746 3.982968591640345 3.9816966263043145 3.9804246609682843 3.9791526956322545 3.9778807302962242 3.976608764960192 3.975336799624162 3.974064834288132 3.972792868952102 3.9715209036160717 3.970248938280042 3.9689769729440116 3.967705007607982 3.9664330422719516 3.9651610769359213 3.9638891115998915 3.9626171462638613 3.9613451809278315 3.960073215591799 3.9588012502557692 3.957529284919739 3.9562573195837087 3.954985354247679 3.9537133889116487 3.95260491154775 3.951671206524398 3.950737501501046 3.949803796477694 3.948870091454342 3.9479363864309898 3.9470026814076378 3.9460689763842844 3.9451352713609324 3.94420156633758 3.943267861314228 3.942334156290876 3.941400451267524 3.940466746244172
3.992310761632719 3.9910307256844337 3.989750689736148 3.9884706537878625 3.987190617839577 3.985910581891291 3.9846305459430056 3.9833505099947204 3.9820704740464348 3.980790438098149 3.9795104021498635 3.9782303662015757 3.9769503302532905 3.975670294305005 3.974390258356719 3.9731102224084336 3.971830186460148 3.9705501505118623 3.969270114563577 3.9679900786152915 3.966710042667006 3.9654300067187203 3.9641499707704346 3.962869934822149 3.9615898988738616 3.960309862925576 3.9590298269772903 3.9577497910290047 3.956469755080719 3.955189719132434 3.9540415977156242 3.953034495917063 3.9520273941185025 3.9510202923199413 3.9500131905213802 3.949006088722819 3.9479989869242584 3.9469918851256955 3.9459847833271344 3.9449776815285733 3.9439705797300126 3.9429634779314515 3.9419563761328904 3.9409492743343293
3.9940211396089134 3.9927330330483723 3.9914449264878313 3.9901568199272903 3.9888687133667493 3.9875806068062083 3.9862925002456673 3.985004393685126 3.983716287124585 3.982428180564044 3.981140074003503 3.9798519674429595 3.9785638608824185 3.9772757543218775 3.9759876477613365 3.9746995412007955 3.9734114346402545 3.9721233280797135 3.9708352215191725 3.9695471149586314 3.9682590083980904 3.9669709018375494 3.9656827952770084 3.9643946887164674 3.963106582155924 3.961818475595383 3.960530369034842 3.959242262474301 3.95795415591376 3.956666049353219 3.9554782838834988 3.954397785309729 3.9533172867359587 3.952236788162189 3.9511562895884187 3.950075791014649 3.948995292440879 3.947914793867107 3.9468342952933373 3.945753796719567 3.9446732981457973 3.943592799572027 3.9425123009982572 3.941431802424487
3.995731517585109 3.9944353404123127 3.993139163239516 3.9918429860667195 3.990546808893923 3.9892506317211267 3.98795445454833 3.9866582773755335 3.985362100202737 3.9840659230299407 3.982769745857144 3.981473568684345 3.980177391511549 3.9788812143387524 3.9775850371659556 3.976288859993159 3.9749926828203628 3.973696505647566 3.9724003284747695 3.971104151301973 3.9698079741291767 3.96851179695638 3.9672156197835835 3.965919442610787 3.9646232654379885 3.9633270882651916 3.9620309110923952 3.960734733919599 3.9594385567468025 3.9581423795740056 3.9569149700513746 3.9557610747023957 3.9546071793534168 3.9534532840044374 3.9522993886554585 3.9511454933064796 3.9499915979575007 3.9488377026085195 3.9476838072595406 3.9465299119105617 3.9453760165615823 3.9442221212126034 3.9430682258636245 3.9419143305146456
3.997441895561303 3.9961376477762514 3.994833399991199 3.9935291522061473 3.992224904421095 3.9909206566360433 3.989616408850991 3.9883121610659393 3.987007913280887 3.9857036654958353 3.984399417710783 3.983095169925729 3.981790922140677 3.980486674355625 3.979182426570573 3.977878178785521 3.976573931000469 3.975269683215417 3.973965435430365 3.972661187645313 3.971356939860261 3.970052692075209 3.968748444290157 3.967444196505105 3.9661399487200506 3.964835700934999 3.9635314531499466 3.962227205364895 3.9609229575798426 3.959618709794791 3.9583516562192487 3.9571243640950606 3.9558970719708726 3.954669779846685 3.953442487722497 3.952215195598309 3.950987903474121 3.949760611349931 3.948533319225743 3.947306027101555 3.946078734977367 3.944851442853179 3.943624150728991 3.9423968586048033
3.9969526959458466 3.9956872227028124 3.9944217494597782 3.9931562762167436 3.9918908029737095 3.990625329730675 3.9893598564876407 3.988094383244606 3.986828910001572 3.9855634367585373 3.984297963515503 3.9830324902724663 3.981767017029432 3.9805015437863975 3.9792360705433634 3.9779705973003288 3.9767051240572946 3.9754396508142604 3.974174177571226 3.9729087043281917 3.971643231085157 3.970377757842123 3.9691122845990883 3.967846811356054 3.9665813381130173 3.965315864869983 3.9640503916269485 3.9627849183839143 3.9615194451408797 3.9602539718978456 3.958980801869047 3.957699403802154 3.9564180057352605 3.955136607668367 3.953855209601474 3.9525738115345805 3.9512924134676877 3.950011015400792 3.948729617333899 3.9474482192670055 3.946166821200112 3.944885423133219 3.943604025066326 3.9423226269994327
3.9941122865305165 3.9929356623466354 3.991759038162754 3.9905824139788724 3.989405789794991 3.9882291656111093 3.987052541427228 3.9858759172433467 3.984699293059465 3.9835226688755836 3.982346044691702 3.9811694205078187 3.979992796323937 3.9788161721400557 3.9776395479561746 3.976462923772293 3.9752862995884115 3.97410967540453 3.9729330512206484 3.9717564270367673 3.970579802852886 3.9694031786690043 3.9682265544851227 3.967049930301241 3.965873306117358 3.9646966819334764 3.963520057749595 3.9623434335657137 3.961166809381832 3.9599901851979507 3.958746737606586 3.957431854280978 3.9561169709553705 3.9548020876297625 3.953487204304155 3.952172320978547 3.9508574376529393 3.949542554327329 3.9482276710017215 3.9469127876761134 3.945597904350506 3.944283021024898 3.94296813769929 3.941653254373682
