Figures/CREST_Example_wjb_NSE/PETs/wjb.pet.20100523.asc
ncols            288
nrows            254
xllcorner        113.274861
yllcorner        31.4918055
cellsize         0.008333333333
NODATA_value     -9999
[rows 120 to 139 of 254, columns 132 to 175 of 288]
3.479535598070712 3.478645104240413 3.4777546104101136 3.4768641165798146 3.4759736227495153 3.4750831289192163 3.474192635088917 3.473302141258618 3.4724116474283186 3.4715211535980197 3.4706306597677203 3.4697401659374196 3.4688496721071207 3.4679591782768213 3.4670686844465224 3.466178190616223 3.465287696785924 3.4643972029556247 3.4635067091253258 3.4626162152950264 3.4617257214647275 3.460835227634428 3.459944733804129 3.4590542399738298 3.458163746143529 3.45727325231323 3.4563827584829308 3.455492264652632 3.4546017708223324 3.4537112769920335 3.452870660483732 3.452083363960944 3.4512960674381565 3.4505087709153686 3.4497214743925806 3.448934177869793 3.448146881347005 3.447359584824216 3.4465722883014283 3.4457849917786403 3.4449976952558528 3.444210398733065 3.443423102210277 3.4426358056874893
3.4712441825436504 3.4702969946254605 3.469349806707271 3.4684026187890815 3.467455430870892 3.4665082429527025 3.4655610550345126 3.464613867116323 3.4636666791981336 3.462719491279944 3.4617723033617547 3.4608251154435634 3.459877927525374 3.4589307396071844 3.4579835516889945 3.457036363770805 3.4560891758526155 3.455141987934426 3.4541948000162366 3.453247612098047 3.452300424179857 3.4513532362616677 3.450406048343478 3.4494588604252887 3.4485116725070974 3.447564484588908 3.4466172966707185 3.445670108752529 3.444722920834339 3.4437757329161496 3.4428689901788414 3.442005484254824 3.441141978330807 3.44027847240679 3.439414966482773 3.438551460558756 3.4376879546347388 3.4368244487107202 3.435960942786703 3.4350974368626863 3.434233930938669 3.433370425014652 3.4325069190906348 3.4316434131666176
3.462952767016588 3.461948885010508 3.460945003004428 3.459941120998348 3.4589372389922683 3.4579333569861883 3.4569294749801083 3.4559255929740282 3.454921710967948 3.4539178289618686 3.4529139469557886 3.4519100649497068 3.4509061829436267 3.4499023009375467 3.448898418931467 3.447894536925387 3.446890654919307 3.445886772913227 3.444882890907147 3.4438790089010674 3.4428751268949873 3.4418712448889073 3.4408673628828272 3.439863480876747 3.438859598870666 3.437855716864586 3.4368518348585058 3.4358479528524257 3.4348440708463457 3.433840188840266 3.4328673198739508 3.4319276045487044 3.430987889223458 3.4300481738982116 3.429108458572965 3.428168743247719 3.4272290279224724 3.4262893125972247 3.4253495972719783 3.424409881946732 3.4234701666214855 3.422530451296239 3.4215907359709927 3.4206510206457468
3.454661351489526 3.453600775395556 3.4525401993015854 3.4514796232076153 3.4504190471136447 3.4493584710196745 3.4482978949257044 3.447237318831734 3.4461767427377636 3.445116166643793 3.444055590549823 3.4429950144558505 3.4419344383618804 3.44087386226791 3.4398132861739397 3.438752710079969 3.437692133985999 3.4366315578920283 3.435570981798058 3.4345104057040876 3.4334498296101175 3.4323892535161473 3.4313286774221767 3.4302681013282066 3.429207525234234 3.428146949140264 3.4270863730462935 3.4260257969523233 3.4249652208583528 3.4239046447643826 3.4228656495690606 3.421849724842585 3.420833800116109 3.4198178753896333 3.4188019506631577 3.417786025936682 3.4167701012102065 3.415754176483729 3.4147382517572535 3.413722327030778 3.4127064023043023 3.4116904775778267 3.410674552851351 3.4096586281248755
3.446369935962457 3.445252665780596 3.4441353955987353 3.4430181254168746 3.441900855235014 3.440783585053153 3.439666314871292 3.4385490446894313 3.4374317745075706 3.43631450432571 3.4351972341438493 3.4340799639619863 3.4329626937801256 3.431845423598265 3.430728153416404 3.429610883234543 3.4284936130526824 3.4273763428708217 3.426259072688961 3.4251418025071 3.424024532325239 3.4229072621433785 3.421789991961518 3.420672721779657 3.419555451597794 3.4184381814159335 3.4173209112340728 3.416203641052212 3.415086370870351 3.4139691006884902 3.412863979264161 3.4117718451364563 3.4106797110087514 3.409587576881046 3.4084954427533414 3.4074033086256366 3.4063111744979313 3.4052190403702247 3.4041269062425195 3.4030347721148146 3.40194263798711 3.4008505038594046 3.3997583697316998 3.398666235603995
3.4380785204353947 3.4369045561656435 3.4357305918958922 3.434556627626141 3.43338266335639 3.432208699086639 3.4310347348168877 3.4298607705471365 3.428686806277385 3.427512842007634 3.4263388777378827 3.4251649134681297 3.4239909491983784 3.422816984928627 3.4216430206588764 3.420469056389125 3.419295092119374 3.4181211278496226 3.4169471635798714 3.41577319931012 3.4145992350403693 3.413425270770618 3.412251306500867 3.4110773422311156 3.4099033779613626 3.4087294136916113 3.40755544942186 3.406381485152109 3.4052075208823576 3.4040335566126063 3.4028623089592704 3.4016939654303364 3.400525621901402 3.399357278372468 3.3981889348435335 3.3970205913145994 3.3958522477856654 3.394683904256729 3.3935155607277947 3.3923472171988607 3.391178873669926 3.390010530140992 3.3888421866120577 3.3876738430831237
3.429787104908333 3.4285564465506915 3.4273257881930497 3.4260951298354083 3.4248644714777665 3.423633813120125 3.4224031547624834 3.421172496404842 3.4199418380472 3.418711179689559 3.417480521331917 3.4162498629742735 3.4150192046166317 3.4137885462589903 3.4125578879013485 3.411327229543707 3.4100965711860654 3.408865912828424 3.407635254470782 3.406404596113141 3.405173937755499 3.4039432793978577 3.402712621040216 3.4014819626825745 3.4002513043249305 3.399020645967289 3.3977899876096473 3.396559329252006 3.395328670894364 3.394098012536723 3.39286063865438 3.3916160857242166 3.390371532794053 3.389126979863889 3.387882426933726 3.3866378740035623 3.385393321073399 3.384148768143233 3.38290421521307 3.3816596622829063 3.3804151093527426 3.3791705564225794 3.3779260034924157 3.3766814505622524
3.421495689381271 3.4202083369357386 3.4189209844902066 3.4176336320446747 3.416346279599143 3.415058927153611 3.413771574708079 3.412484222262547 3.4111968698170148 3.409909517371483 3.408622164925951 3.407334812480417 3.406047460034885 3.404760107589353 3.4034727551438206 3.4021854026982887 3.400898050252757 3.399610697807225 3.398323345361693 3.397035992916161 3.3957486404706287 3.394461288025097 3.393173935579565 3.391886583134033 3.390599230688499 3.389311878242967 3.3880245257974346 3.3867371733519027 3.385449820906371 3.384162468460839 3.382858968349489 3.3815382060180963 3.380217443686704 3.378896681355311 3.377575919023918 3.376255156692525 3.3749343943611327 3.3736136320297376 3.3722928696983447 3.3709721073669523 3.3696513450355594 3.3683305827041665 3.3670098203727736 3.365689058041381
3.413204273854209 3.4118602273207865 3.410516180787364 3.4091721342539416 3.4078280877205196 3.406484041187097 3.4051399946536747 3.403795948120252 3.4024519015868298 3.4011078550534073 3.3997638085199853 3.3984197619865606 3.397075715453138 3.3957316689197157 3.394387622386293 3.3930435758528708 3.3916995293194483 3.3903554827860263 3.389011436252604 3.3876673897191814 3.386323343185759 3.3849792966523364 3.383635250118914 3.382291203585492 3.3809471570520673 3.379603110518645 3.3782590639852224 3.3769150174518 3.3755709709183774 3.374226924384955 3.3728572980445986 3.3714603263119765 3.3700633545793544 3.3686663828467323 3.36726941111411 3.3658724393814885 3.3644754676488664 3.363078495916242 3.36168152418362 3.360284552450998 3.358887580718376 3.3574906089857537 3.3560936372531316 3.3546966655205095
3.4049128583271466 3.403512117705834 3.402111377084521 3.4007106364632085 3.399309895841896 3.397909155220583 3.3965084145992703 3.3951076739779573 3.3937069333566448 3.3923061927353317 3.390905452114019 3.389504711492704 3.3881039708713914 3.3867032302500784 3.385302489628766 3.3839017490074528 3.38250100838614 3.381100267764827 3.3796995271435146 3.3782987865222016 3.376898045900889 3.3754973052795765 3.3740965646582635 3.372695824036951 3.3712950834156357 3.3698943427943227 3.36849360217301 3.367092861551697 3.3656921209303845 3.364291380309072 3.3628556277397084 3.361382446605857 3.3599092654720057 3.3584360843381544 3.356962903204303 3.355489722070452 3.3540165409366005 3.3525433598027465 3.3510701786688952 3.349596997535044 3.3481238164011926 3.3466506352673413 3.34517745413349 3.3437042729996387
3.396621442800085 3.395164008090882 3.3937065733816785 3.3922491386724754 3.3907917039632722 3.389334269254069 3.387876834544866 3.386419399835663 3.3849619651264597 3.3835045304172566 3.382047095708053 3.3805896609988477 3.3791322262896446 3.377674791580441 3.376217356871238 3.374759922162035 3.3733024874528317 3.3718450527436286 3.3703876180344254 3.3689301833252223 3.367472748616019 3.3660153139068156 3.3645578791976125 3.3631004444884094 3.3616430097792036 3.3601855750700005 3.3587281403607974 3.3572707056515942 3.355813270942391 3.354355836233188 3.3528539574348177 3.351304566899737 3.3497551763646563 3.3482057858295757 3.346656395294495 3.3451070047594147 3.343557614224334 3.342008223689251 3.3404588331541705 3.3389094426190895 3.337360052084009 3.3358106615489285 3.334261271013848 3.3327118804787674
3.3883300272730157 3.386815898475922 3.3853017696788283 3.3837876408817347 3.3822735120846414 3.3807593832875478 3.379245254490454 3.3777311256933604 3.3762169968962668 3.374702868099173 3.3731887393020794 3.3716746105049835 3.37016048170789 3.368646352910796 3.3671322241137025 3.365618095316609 3.364103966519515 3.3625898377224215 3.3610757089253283 3.3595615801282346 3.358047451331141 3.3565333225340472 3.3550191937369536 3.35350506493986 3.351990936142764 3.3504768073456703 3.3489626785485767 3.347448549751483 3.3459344209543893 3.3444202921572956 3.3428522871299187 3.3412266871936085 3.3396010872572988 3.3379754873209886 3.336349887384679 3.3347242874483687 3.333098687512059 3.331473087575746 3.3298474876394364 3.328221887703126 3.3265962877668165 3.3249706878305068 3.3233450878941966 3.321719487957887
3.3800386117459533 3.3784677888609695 3.3768969659759853 3.3753261430910015 3.3737553202060173 3.3721844973210335 3.3706136744360493 3.3690428515510655 3.3674720286660813 3.3659012057810975 3.3643303828961133 3.362759560011127 3.3611887371261426 3.359617914241159 3.3580470913561746 3.356476268471191 3.3549054455862066 3.353334622701223 3.3517637998162386 3.350192976931255 3.3486221540462706 3.347051331161287 3.3454805082763026 3.343909685391319 3.342338862506332 3.340768039621348 3.339197216736364 3.3376263938513797 3.336055570966396 3.3344847480814117 3.3328506168250276 3.3311488074874887 3.3294469981499493 3.3277451888124103 3.326043379474871 3.324341570137332 3.3226397607997926 3.3209379514622506 3.3192361421247116 3.3175343327871722 3.315832523449633 3.314130714112094 3.3124289047745545 3.3107270954370156
3.371747196218892 3.3701196792460175 3.3684921622731427 3.3668646453002684 3.365237128327394 3.3636096113545197 3.3619820943816454 3.3603545774087706 3.3587270604358963 3.357099543463022 3.3554720264901476 3.35384450951727 3.352216992544396 3.3505894755715215 3.348961958598647 3.347334441625773 3.345706924652898 3.3440794076800238 3.3424518907071494 3.340824373734275 3.3391968567614008 3.3375693397885264 3.3359418228156517 3.3343143058427773 3.3326867888699003 3.331059271897026 3.329431754924151 3.327804237951277 3.3261767209784026 3.3245492040055282 3.322848946520137 3.321070927781369 3.3192929090426 3.3175148903038316 3.3157368715650635 3.313958852826295 3.3121808340875263 3.310402815348755 3.3086247966099864 3.306846777871218 3.3050687591324497 3.303290740393681 3.3015127216549125 3.2997347029161443
3.3634557806918295 3.3617715696310646 3.3600873585703 3.3584031475095353 3.3567189364487704 3.3550347253880055 3.3533505143272406 3.351666303266476 3.3499820922057113 3.3482978811449464 3.3466136700841815 3.344929459023414 3.343245247962649 3.341561036901884 3.3398768258411193 3.338192614780355 3.33650840371959 3.334824192658825 3.3331399815980602 3.3314557705372954 3.329771559476531 3.328087348415766 3.326403137355001 3.3247189262942363 3.3230347152334687 3.321350504172704 3.319666293111939 3.3179820820511745 3.3162978709904096 3.3146136599296447 3.3128472762152468 3.310993048075249 3.3091388199352516 3.307284591795254 3.305430363655256 3.303576135515258 3.3017219073752604 3.2998676792352595 3.2980134510952617 3.2961592229552643 3.2943049948152665 3.2924507666752687 3.290596538535271 3.288742310395273
3.355164365164768 3.3534234600161126 3.3516825548674576 3.349941649718802 3.348200744570147 3.3464598394214917 3.3447189342728367 3.3429780291241813 3.3412371239755263 3.339496218826871 3.337755313678216 3.3360144085295578 3.3342735033809023 3.3325325982322473 3.330791693083592 3.329050787934937 3.3273098827862815 3.3255689776376265 3.323828072488971 3.322087167340316 3.3203462621916606 3.3186053570430056 3.31686445189435 3.315123546745695 3.313382641597037 3.3116417364483817 3.3099008312997267 3.3081599261510712 3.3064190210024162 3.304678115853761 3.302845605910356 3.300915168369129 3.298984730827902 3.297054293286675 3.295123855745448 3.293193418204221 3.291262980662994 3.289332543121764 3.287402105580537 3.28547166803931 3.283541230498083 3.281610792956856 3.279680355415629 3.277749917874402
3.3468729496377057 3.34507535040116 3.3432777511646146 3.341480151928069 3.339682552691523 3.3378849534549775 3.336087354218432 3.3342897549818864 3.332492155745341 3.3306945565087953 3.3288969572722498 3.327099358035701 3.3253017587991556 3.3235041595626096 3.321706560326064 3.3199089610895185 3.318111361852973 3.3163137626164274 3.314516163379882 3.3127185641433363 3.3109209649067908 3.309123365670245 3.3073257664336992 3.3055281671971537 3.303730567960605 3.3019329687240595 3.300135369487514 3.2983377702509684 3.296540171014423 3.2947425717778773 3.2928439356054655 3.2908372886630093 3.288830641720553 3.286823994778097 3.2848173478356406 3.2828107008931844 3.2808040539507277 3.2787974070082684 3.276790760065812 3.2747841131233555 3.2727774661808993 3.270770819238443 3.268764172295987 3.2667575253535306
3.3385815341106366 3.3367272407862005 3.3348729474617644 3.333018654137329 3.3311643608128927 3.3293100674884566 3.3274557741640205 3.3256014808395844 3.3237471875151483 3.321892894190712 3.320038600866276 3.318184307541837 3.316330014217401 3.3144757208929647 3.312621427568529 3.310767134244093 3.308912840919657 3.3070585475952208 3.3052042542707847 3.3033499609463486 3.3014956676219125 3.2996413742974764 3.2977870809730403 3.295932787648604 3.294078494324165 3.2922242009997293 3.2903699076752932 3.288515614350857 3.286661321026421 3.284807027701985 3.2828422653005664 3.2807594089568806 3.278676552613195 3.2765936962695097 3.274510839925824 3.2724279835821384 3.270345127238453 3.2682622708947635 3.266179414551078 3.264096558207392 3.2620137018637068 3.2599308455200213 3.2578479891763354 3.25576513283265
3.3302901185835747 3.328379131171248 3.3264681437589214 3.324557156346595 3.3226461689342686 3.3207351815219424 3.3188241941096157 3.3169132066972895 3.315002219284963 3.3130912318726367 3.31118024446031 3.3092692570479803 3.307358269635654 3.3054472822233274 3.303536294811001 3.3016253073986745 3.2997143199863483 3.2978033325740217 3.295892345161695 3.293981357749369 3.292070370337042 3.290159382924716 3.2882483955123893 3.286337408100063 3.2844264206877334 3.2825154332754067 3.2806044458630805 3.278693458450754 3.2767824710384277 3.274871483626101 3.272840594995676 3.2706815292507607 3.268522463505846 3.266363397760931 3.2642043320160163 3.2620452662711013 3.2598862005261866 3.257727134781268 3.255568069036353 3.2534090032914382 3.251249937546523 3.2490908718016085 3.2469318060566934 3.2447727403117788
3.3219987030565123 3.3200310215562956 3.318063340056079 3.3160956585558616 3.314127977055645 3.312160295555428 3.3101926140552114 3.3082249325549946 3.3062572510547774 3.3042895695545607 3.302321888054344 3.3003542065541236 3.298386525053907 3.29641884355369 3.2944511620534733 3.2924834805532566 3.2905157990530394 3.2885481175528226 3.286580436052606 3.284612754552389 3.2826450730521723 3.280677391551955 3.2787097100517384 3.2767420285515216 3.2747743470513013 3.2728066655510846 3.270838984050868 3.268871302550651 3.2669036210504343 3.264935939550217 3.262838924690785 3.260603649544641 3.2583683743984966 3.2561330992523527 3.2538978241062084 3.251662548960064 3.2494272738139203 3.247191998667772 3.244956723521628 3.242721448375484 3.2404861732293395 3.2382508980831957 3.2360156229370514 3.233780347790907
