Figures/CREST_Example_wjb_NSE/PETs/wjb.pet.20090401.asc
ncols            288
nrows            254
xllcorner        113.274861
yllcorner        31.4918055
cellsize         0.008333333333
NODATA_value     -9999
[rows 220 to 239 of 254, columns 132 to 175 of 288]
2.0376634529646394 2.0384324828119964 2.039201512659354 2.039970542506711 2.0407395723540684 2.0415086022014255 2.042277632048783 2.04304666189614 2.0438156917434975 2.0445847215908546 2.045353751438212 2.0461227812855705 2.046891811132928 2.047660840980285 2.0484298708276425 2.0491989006749995 2.049967930522357 2.050736960369714 2.0515059902170716 2.0522750200644286 2.053044049911786 2.053813079759143 2.0545821096065007 2.0553511394538577 2.0561201693012165 2.0568891991485736 2.057658228995931 2.058427258843288 2.0591962886906456 2.0599653185380027 2.0612380994755797 2.0630494017241907 2.0648607039728017 2.066672006221413 2.068483308470024 2.070294610718635 2.072105912967246 2.07391721521586 2.075728517464471 2.077539819713082 2.079351121961693 2.081162424210304 2.082973726458915 2.0847850287075262
2.038157779587784 2.0389189911331966 2.0396802026786087 2.0404414142240213 2.041202625769434 2.041963837314846 2.0427250488602584 2.043486260405671 2.0442474719510835 2.0450086834964956 2.045769895041908 2.046531106587322 2.047292318132734 2.0480535296781466 2.048814741223559 2.049575952768971 2.0503371643143837 2.0510983758597963 2.051859587405209 2.052620798950621 2.0533820104960334 2.054143222041446 2.054904433586858 2.0556656451322706 2.0564268566776844 2.0571880682230965 2.057949279768509 2.0587104913139216 2.059471702859334 2.060232914404746 2.061499507858605 2.063306366005073 2.065113224151541 2.066920082298009 2.0687269404444772 2.070533798590945 2.0723406567374134 2.0741475148838844 2.0759543730303527 2.0777612311768205 2.079568089323289 2.081374947469757 2.083181805616225 2.0849886637626933
2.0386521062109293 2.039405499454397 2.0401588926978644 2.0409122859413316 2.041665679184799 2.0424190724282667 2.0431724656717343 2.043925858915202 2.0446792521586694 2.0454326454021365 2.046186038645604 2.046939431889073 2.0476928251325406 2.048446218376008 2.0491996116194757 2.049953004862943 2.0507063981064104 2.051459791349878 2.0522131845933456 2.052966577836813 2.0537199710802807 2.0544733643237483 2.0552267575672154 2.055980150810683 2.056733544054152 2.0574869372976194 2.058240330541087 2.0589937237845546 2.0597471170280217 2.0605005102714893 2.0617609162416293 2.0635633302859544 2.0653657443302795 2.0671681583746047 2.06897057241893 2.0707729864632554 2.0725754005075805 2.0743778145519087 2.076180228596234 2.077982642640559 2.079785056684884 2.0815874707292092 2.0833898847735344 2.0851922988178595
2.0391464328340745 2.039892007775597 2.0406375827171197 2.0413831576586423 2.042128732600165 2.0428743075416875 2.04361988248321 2.0443654574247327 2.0451110323662554 2.045856607307778 2.0466021822493006 2.0473477571908245 2.048093332132347 2.0488389070738697 2.0495844820153923 2.050330056956915 2.0510756318984376 2.05182120683996 2.0525667817814828 2.0533123567230054 2.054057931664528 2.0548035066060506 2.055549081547573 2.056294656489096 2.0570402314306198 2.0577858063721424 2.058531381313665 2.0592769562551876 2.06002253119671 2.060768106138233 2.062022324624654 2.0638202945668365 2.065618264509019 2.067416234451201 2.069214204393383 2.0710121743355656 2.0728101442777476 2.074608114219933 2.0764060841621155 2.0782040541042974 2.08000202404648 2.0817999939886622 2.083597963930844 2.0853959338730266
2.0396407594572192 2.040378516096797 2.0411162727363745 2.041854029375952 2.0425917860155303 2.043329542655108 2.0440672992946856 2.044805055934263 2.0455428125738413 2.046280569213419 2.0470183258529966 2.0477560824925756 2.048493839132153 2.0492315957717313 2.049969352411309 2.0507071090508866 2.0514448656904642 2.052182622330042 2.05292037896962 2.0536581356091976 2.0543958922487753 2.055133648888353 2.055871405527931 2.0566091621675087 2.0573469188070876 2.0580846754466653 2.058822432086243 2.059560188725821 2.0602979453653987 2.0610357020049763 2.0622837330076793 2.0640772588477185 2.0658707846877578 2.067664310527797 2.0694578363678366 2.071251362207876 2.073044888047915 2.0748384138879574 2.0766319397279966 2.078425465568036 2.0802189914080755 2.0820125172481148 2.083806043088154 2.085599568928193
2.0401350860803644 2.040865024417997 2.04159496275563 2.042324901093263 2.0430548394308956 2.0437847777685287 2.0445147161061614 2.045244654443794 2.0459745927814272 2.04670453111906 2.047434469456693 2.048164407794327 2.0488943461319598 2.049624284469593 2.0503542228072256 2.0510841611448583 2.0518140994824914 2.052544037820124 2.053273976157757 2.05400391449539 2.0547338528330226 2.0554637911706557 2.0561937295082884 2.0569236678459215 2.0576536061835555 2.058383544521188 2.0591134828588213 2.059843421196454 2.060573359534087 2.06130329787172 2.062545141390704 2.0643342231286006 2.066123304866497 2.0679123866043936 2.0697014683422896 2.071490550080186 2.0732796318180826 2.0750687135559818 2.0768577952938783 2.0786468770317748 2.080435958769671 2.0822250405075673 2.084014122245464 2.0858032039833603
2.040629412703509 2.041351532739197 2.042073652774885 2.042795772810573 2.043517892846261 2.0442400128819487 2.044962132917637 2.045684252953325 2.0464063729890127 2.047128493024701 2.0478506130603886 2.048572733096078 2.049294853131766 2.050016973167454 2.0507390932031417 2.05146121323883 2.052183333274518 2.052905453310206 2.053627573345894 2.0543496933815817 2.05507181341727 2.0557939334529576 2.0565160534886457 2.057238173524334 2.057960293560023 2.058682413595711 2.059404533631399 2.060126653667087 2.0608487737027747 2.061570893738463 2.062806549773729 2.064591187409482 2.0663758250452355 2.0681604626809893 2.0699451003167426 2.071729737952496 2.0735143755882497 2.075299013224006 2.0770836508597594 2.078868288495513 2.0806529261312665 2.08243756376702 2.0842222014027736 2.086006839038527
2.041123739326654 2.041838041060397 2.0425523427941403 2.0432666445278835 2.0439809462616263 2.0446952479953695 2.0454095497291127 2.046123851462856 2.0468381531965987 2.047552454930342 2.048266756664085 2.048981058397829 2.0496953601315724 2.0504096618653156 2.051123963599059 2.0518382653328016 2.0525525670665448 2.053266868800288 2.053981170534031 2.054695472267774 2.055409774001517 2.0561240757352603 2.0568383774690036 2.0575526792027463 2.058266980936491 2.058981282670234 2.059695584403977 2.06040988613772 2.0611241878714632 2.0618384896052064 2.0630679581567537 2.0648481516903643 2.066628345223975 2.0684085387575855 2.070188732291196 2.0719689258248066 2.0737491193584168 2.0755293128920305 2.077309506425641 2.0790896999592516 2.080869893492862 2.082650087026473 2.084430280560083 2.0862104740936935
2.0416180659497987 2.042324549381597 2.043031032813395 2.0437375162451934 2.0444439996769916 2.04515048310879 2.045856966540588 2.0465634499723864 2.0472699334041846 2.047976416835983 2.048682900267781 2.0493893836995807 2.050095867131379 2.050802350563177 2.0515088339949754 2.052215317426773 2.0529218008585715 2.0536282842903697 2.054334767722168 2.055041251153966 2.0557477345857644 2.0564542180175627 2.057160701449361 2.057867184881159 2.0585736683129587 2.059280151744757 2.0599866351765552 2.0606931186083535 2.0613996020401517 2.06210608547195 2.063329366539779 2.0651051159712464 2.066880865402714 2.0686566148341816 2.070432364265649 2.072208113697117 2.0739838631285843 2.075759612560055 2.0775353619915227 2.07931111142299 2.081086860854458 2.0828626102859253 2.0846383597173928 2.0864141091488606
2.042112392572944 2.042811057702797 2.043509722832651 2.044208387962504 2.0449070530923574 2.0456057182222107 2.046304383352064 2.0470030484819173 2.0477017136117706 2.048400378741624 2.049099043871477 2.0497977090013317 2.050496374131185 2.0511950392610383 2.0518937043908916 2.052592369520745 2.0532910346505986 2.053989699780452 2.054688364910305 2.0553870300401584 2.0560856951700117 2.056784360299865 2.0574830254297183 2.0581816905595716 2.058880355689426 2.0595790208192795 2.0602776859491327 2.060976351078986 2.0616750162088393 2.062373681338693 2.0635907749228033 2.065362080252128 2.0671333855814527 2.0689046909107773 2.070675996240102 2.0724473015694267 2.0742186068987514 2.075989912228079 2.077761217557404 2.0795325228867285 2.081303828216053 2.083075133545378 2.0848464388747026 2.0866177442040272
2.0426067191960886 2.0432975660239974 2.0439884128519057 2.044679259679814 2.0453701065077228 2.046060953335631 2.0467518001635394 2.0474426469914477 2.0481334938193565 2.048824340647265 2.049515187475173 2.050206034303083 2.0508968811309916 2.0515877279589 2.052278574786808 2.0529694216147165 2.0536602684426253 2.0543511152705336 2.055041962098442 2.0557328089263507 2.056423655754259 2.0571145025821673 2.057805349410076 2.0584961962379844 2.059187043065894 2.0598778898938024 2.0605687367217107 2.0612595835496195 2.061950430377528 2.062641277205436 2.0638521833058285 2.06561904453301 2.067385905760192 2.0691527669873735 2.0709196282145554 2.072686489441737 2.074453350668919 2.0762202118961035 2.077987073123285 2.079753934350467 2.0815207955776485 2.0832876568048304 2.085054518032012 2.086821379259194
2.043101045819234 2.0437840743451976 2.044467102871161 2.0451501313971248 2.045833159923088 2.046516188449052 2.0471992169750153 2.047882245500979 2.0485652740269424 2.0492483025529062 2.0499313310788696 2.0506143596048343 2.051297388130798 2.0519804166567615 2.0526634451827253 2.0533464737086886 2.054029502234652 2.0547125307606158 2.055395559286579 2.056078587812543 2.0567616163385063 2.05744464486447 2.0581276733904335 2.0588107019163973 2.059493730442362 2.0601767589683253 2.060859787494289 2.0615428160202525 2.0622258445462163 2.0629088730721796 2.0641135916888533 2.065876008813892 2.067638425938931 2.0694008430639697 2.0711632601890084 2.072925677314047 2.074688094439086 2.076450511564128 2.0782129286891666 2.0799753458142054 2.081737762939244 2.083500180064283 2.0852625971893217 2.0870250143143605
2.0435953724423785 2.0442705826663974 2.044945792890416 2.0456210031144346 2.0462962133384535 2.046971423562472 2.0476466337864907 2.0483218440105095 2.048997054234528 2.0496722644585468 2.0503474746825656 2.0510226849065853 2.051697895130604 2.0523731053546226 2.0530483155786414 2.05372352580266 2.0543987360266787 2.0550739462506975 2.055749156474716 2.0564243666987347 2.0570995769227536 2.057774787146772 2.058449997370791 2.0591252075948097 2.0598004178188294 2.0604756280428482 2.0611508382668666 2.0618260484908855 2.0625012587149043 2.0631764689389227 2.064375000071878 2.0661329730947737 2.0678909461176698 2.0696489191405654 2.0714068921634614 2.0731648651863575 2.074922838209253 2.076680811232152 2.078438784255048 2.080196757277944 2.0819547303008394 2.0837127033237355 2.0854706763466315 2.087228649369527
2.0440896990655237 2.0447570909875976 2.0454244829096715 2.0460918748317454 2.046759266753819 2.0474266586758927 2.0480940505979666 2.0487614425200404 2.0494288344421143 2.050096226364188 2.0507636182862616 2.051431010208337 2.0520984021304107 2.052765794052484 2.053433185974558 2.054100577896632 2.054767969818706 2.0554353617407797 2.056102753662853 2.056770145584927 2.057437537507001 2.0581049294290747 2.0587723213511486 2.0594397132732225 2.0601071051952973 2.060774497117371 2.061441889039445 2.0621092809615185 2.0627766728835923 2.0634440648056662 2.064636408454903 2.066389937375656 2.0681434662964087 2.069896995217162 2.071650524137915 2.0734040530586677 2.0751575819794206 2.0769111109001765 2.0786646398209294 2.0804181687416823 2.0821716976624356 2.0839252265831885 2.0856787555039413 2.087432284424694
2.0445840256886685 2.0452435993087974 2.0459031729289263 2.0465627465490552 2.047222320169184 2.047881893789313 2.048541467409442 2.049201041029571 2.0498606146497 2.0505201882698287 2.0511797618899577 2.051839335510088 2.052498909130217 2.0531584827503457 2.0538180563704747 2.0544776299906036 2.0551372036107325 2.0557967772308614 2.0564563508509903 2.0571159244711192 2.057775498091248 2.058435071711377 2.059094645331506 2.059754218951635 2.060413792571765 2.061073366191894 2.061732939812023 2.062392513432152 2.063052087052281 2.0637116606724097 2.064897816837928 2.066646901656538 2.068395986475148 2.070145071293758 2.071894156112368 2.073643240930978 2.075392325749588 2.077141410568201 2.078890495386811 2.080639580205421 2.082388665024031 2.084137749842641 2.085886834661251 2.087635919479861
2.0450783523118137 2.0457301076299976 2.0463818629481816 2.047033618266366 2.04768537358455 2.048337128902734 2.048988884220918 2.049640639539102 2.050292394857286 2.05094415017547 2.051595905493654 2.0522476608118394 2.0528994161300234 2.0535511714482073 2.0542029267663913 2.0548546820845757 2.0555064374027596 2.0561581927209436 2.0568099480391275 2.0574617033573115 2.058113458675496 2.05876521399368 2.059416969311864 2.0600687246300478 2.060720479948233 2.061372235266417 2.062023990584601 2.062675745902785 2.0633275012209693 2.0639792565391533 2.065159225220953 2.06690386593742 2.068648506653887 2.0703931473703543 2.0721377880868213 2.073882428803288 2.075627069519755 2.0773717102362252 2.0791163509526926 2.0808609916691596 2.0826056323856266 2.0843502731020935 2.086094913818561 2.087839554535028
2.045572678934959 2.046216615951198 2.0468605529674373 2.0475044899836763 2.0481484269999153 2.0487923640161547 2.0494363010323937 2.0500802380486327 2.050724175064872 2.051368112081111 2.05201204909735 2.0526559861135905 2.0532999231298295 2.053943860146069 2.054587797162308 2.0552317341785473 2.0558756711947863 2.0565196082110253 2.0571635452272647 2.0578074822435037 2.0584514192597427 2.059095356275982 2.059739293292221 2.06038323030846 2.0610271673247005 2.0616711043409395 2.062315041357179 2.062958978373418 2.063602915389657 2.0642468524058963 2.0654206336039773 2.0671608302183015 2.068901026832626 2.07064122344695 -9999.0 -9999.0 -9999.0 -9999.0 -9999.0 2.0810824031328976 2.082822599747222 2.084562796361546 2.0863029929758703 2.0880431895901945
2.0460670055581036 2.0467031242723976 2.047339242986692 2.047975361700986 2.0486114804152806 2.049247599129575 2.049883717843869 2.0505198365581636 2.0511559552724576 2.051792073986752 2.052428192701046 2.0530643114153415 2.053700430129636 2.05433654884393 2.0549726675582245 2.055608786272519 2.056244904986813 2.0568810237011075 2.0575171424154015 2.058153261129696 2.05878937984399 2.0594254985582845 2.0600616172725785 2.060697735986873 2.0613338547011684 2.0619699734154624 2.062606092129757 2.0632422108440513 2.0638783295583454 2.06451444827264 2.0656820419870026 2.0674177944991836 2.069153547011365 -9999.0 -9999.0 -9999.0 -9999.0 -9999.0 -9999.0 2.0813038145966365 2.0830395671088175 2.0847753196209986 2.08651107213318 2.088246824645361
2.0469475841676066 2.0475822992462573 2.048217014324908 2.048851729403559 2.049486444482209 2.05012115956086 2.0507558746395107 2.0513905897181615 2.0520253047968118 2.0526600198754625 2.0532947349541133 2.053929450032765 2.0545641651114157 2.0551988801900665 2.0558335952687172 2.0564683103473675 2.0571030254260183 2.057737740504669 2.05837245558332 2.05900717066197 2.059641885740621 2.0602766008192717 2.0609113158979224 2.061546030976573 2.062180746055225 2.0628154611338756 2.063450176212526 2.0640848912911767 2.0647196063698274 2.065354321448478 2.0665146384730537 2.068236835867711 -9999.0 -9999.0 -9999.0 -9999.0 -9999.0 -9999.0 -9999.0 -9999.0 2.08373661241963 2.0854588098142877 2.087181007208945 -9999.0
2.0482410418079398 2.0488812101249545 2.049521378441969 2.050161546758983 2.050801715075998 2.051441883393012 2.0520820517100264 2.052722220027041 2.0533623883440555 2.05400255666107 2.054642724978084 2.0552828932950997 2.0559230616121145 2.0565632299291288 2.057203398246143 2.057843566563158 2.058483734880172 2.0591239031971864 2.0597640715142007 2.0604042398312155 2.0610444081482298 2.061684576465244 2.062324744782259 2.062964913099273 2.0636050814162887 2.064245249733303 2.0648854180503173 2.065525586367332 2.0661657546843464 2.0668059230013607 2.0679577990435063 -9999.0 -9999.0 -9999.0 -9999.0 -9999.0 -9999.0 -9999.0 -9999.0 -9999.0 -9999.0 -9999.0 -9999.0 -9999.0
