Figures/CREST_Example_wjb_NSE/PETs/wjb.pet.20091127.asc
ncols            288
nrows            254
xllcorner        113.274861
yllcorner        31.4918055
cellsize         0.008333333333
NODATA_value     -9999
[rows 19 to 37 of 254, columns 88 to 131 of 288]
0.5089115549955836 0.5066742794301914 0.5044370038647992 0.5021997282994031 0.4999624527340108 0.4977251771686185 0.4954879016032263 0.49325062603783404 0.49101335047244177 0.48877607490704955 0.4865387993416573 0.484301523776265 0.4820642482108728 0.4798269726454805 0.47968472507708626 0.48178210980857455 0.4838794945400664 0.48597687927155464 0.48807426400304293 0.4901716487345312 0.49226903346601947 0.4943664181975077 0.496463802928996 0.4985611876604843 0.5006585723919725 0.5027559571234608 0.5048533418549491 0.5069507265864374 0.5090481113179256 0.5111454960494175 0.5132428807809057 0.515340265512394 0.5174376502438823 -9999.0 -9999.0 -9999.0 -9999.0 -9999.0 -9999.0 -9999.0 -9999.0 -9999.0 -9999.0 -9999.0
0.5128381468263278 0.5103277524629449 0.507817358099562 0.5053069637361748 0.5027965693727918 0.5002861750094089 0.4977757806460259 0.495265386282643 0.49275499191926003 0.4902445975558771 0.48773420319249416 0.48522380882911126 0.4827134144657283 0.4802030201023454 0.47995762475323306 0.4821335645647159 0.4843095043762024 0.48648544418768525 0.4886613839991681 0.4908373238106509 0.49301326362213377 0.4951892034336166 0.49736514324509945 0.4995410830565823 0.5017170228680651 0.503892962679548 0.5060689024910308 0.5082448423025137 0.5104207821139964 0.512596721925483 0.5147726617369659 0.5169486015484487 0.5191245413599316 -9999.0 -9999.0 -9999.0 -9999.0 -9999.0 -9999.0 -9999.0 -9999.0 -9999.0 -9999.0 -9999.0
0.5167647386570686 0.5139812254956952 0.5111977123343219 0.5084141991729437 0.5056306860115704 0.502847172850197 0.5000636596888236 0.49728014652745023 0.49449663336607685 0.4917131202047035 0.4889296070433301 0.4861460938819567 0.4833625807205833 0.4805790675592099 0.48023052442937963 0.48248501932085697 0.48473951421233813 0.48699400910381546 0.4892485039952928 0.4915029988867701 0.49375749377824746 0.4960119886697248 0.4982664835612021 0.5005209784526794 0.5027754733441568 0.5050299682356342 0.5072844631271115 0.5095389580185888 0.5117934529100662 0.5140479478015473 0.5163024426930246 0.5185569375845019 0.5208114324759793 -9999.0 -9999.0 -9999.0 -9999.0 -9999.0 -9999.0 -9999.0 -9999.0 -9999.0 -9999.0 -9999.0
0.5206913304878095 0.5176346985284457 0.5145780665690819 0.5115214346097128 0.508464802650349 0.5054081706909851 0.5023515387316213 0.49929490677225746 0.4962382748128936 0.49318164285352983 0.490125010894166 0.48706837893480215 0.4840117469754383 0.48095511501607446 0.48050342410552616 0.48283647407699803 0.4851695240484738 0.4875025740199456 0.4898356239914175 0.4921686739628893 0.49450172393436115 0.49683477390583297 0.4991678238773048 0.5015008738487766 0.5038339238202485 0.5061669737917203 0.5085000237631921 0.5108330737346639 0.5131661237061358 0.5154991736776116 0.5178322236490834 0.5201652736205552 0.5224983235920271 0.5248313735634988 0.5271644235349707 0.5294974735064426 -9999.0 0.5341635734493863 -9999.0 -9999.0 -9999.0 -9999.0 -9999.0 -9999.0
0.5246179223185504 0.5212881715611961 0.5179584208038418 0.5146286700464818 0.5112989192891276 0.5079691685317733 0.504639417774419 0.5013096670170647 0.49797991625971044 0.4946501655023562 0.4913204147450019 0.4879906639876476 0.48466091323029337 0.48133116247293906 0.48077632378167273 0.4831879288331391 0.4855995338846095 0.48801113893607584 0.49042274398754215 0.4928343490390085 0.49524595409047484 0.49765755914194115 0.5000691641934075 0.5024807692448738 0.5048923742963402 0.5073039793478065 0.5097155843992728 0.5121271894507391 0.5145387945022055 0.5169503995536759 0.5193620046051423 0.5217736096566086 0.5241852147080749 0.5265968197595412 0.5290084248110075 0.5314200298624738 0.5338316349139403 0.5362432399654066 0.5386548450168729 -9999.0 -9999.0 -9999.0 -9999.0 -9999.0
0.5285445141492913 0.5249416445939465 0.5213387750386018 0.5177359054832509 0.5141330359279062 0.5105301663725614 0.5069272968172167 0.503324427261872 0.49972155770652726 0.49611868815118254 0.4925158185958378 0.4889129490404931 0.48531007948514837 0.48170720992980365 0.4810492234578193 0.48353938358928017 0.48602954372074525 0.48851970385220606 0.49100986398366686 0.4935000241151277 0.49599018424658853 0.49848034437804933 0.5009705045095102 0.503460664640971 0.5059508247724318 0.5084409849038927 0.5109311450353534 0.5134213051668143 0.5159114652982751 0.5184016254297402 0.520891785561201 0.5233819456926618 0.5258721058241227 0.5283622659555834 0.5308524260870443 0.5333425862185052 0.5358327463499659 0.5383229064814268 0.5408130666128876 -9999.0 -9999.0 -9999.0 -9999.0 -9999.0
0.5324711059800321 0.5285951176266969 0.5247191292733617 0.5208431409200199 0.5169671525666848 0.5130911642133495 0.5092151758600144 0.5053391875066793 0.501463199153344 0.4975872108000089 0.4937112224466737 0.4898352340933385 0.4859592457400034 0.4820832573866682 0.4813221231339659 0.48389083834542124 0.4864595535568809 0.48902826876833627 0.49159698397979157 0.4941656991912469 0.4967344144027022 0.49930312961415757 0.5018718448256129 0.5044405600370682 0.5070092752485235 0.5095779904599789 0.5121467056714342 0.5147154208828895 0.5172841360943448 0.5198528513058045 0.5224215665172598 0.5249902817287152 0.5275589969401705 0.5301277121516258 0.5326964273630811 0.5352651425745364 0.5378338577859918 0.5404025729974471 0.5429712882089024 -9999.0 -9999.0 -9999.0 -9999.0 -9999.0
0.536397697810773 0.5322485906594473 0.5280994835081216 0.523950376356789 0.5198012692054633 0.5156521620541377 0.5115030549028121 0.5073539477514865 0.5032048406001608 0.49905573344883525 0.4949066262975096 0.490757519146184 0.4866084119948584 0.4824593048435327 0.48159502281011246 0.4842422931015623 0.48688956339301664 0.48953683368446643 0.4921841039759163 0.49483137426736606 0.4974786445588159 0.5001259148502657 0.5027731851417155 0.5054204554331654 0.5080677257246152 0.510714996016065 0.5133622663075148 0.5160095365989646 0.5186568068904145 0.5213040771818688 0.5239513474733186 0.5265986177647685 0.5292458880562182 0.531893158347668 0.5345404286391179 0.5371876989305677 0.5398349692220175 0.5424822395134673 0.5451295098049171 -9999.0 -9999.0 -9999.0 -9999.0 -9999.0
0.5403242896415171 0.5359020636922007 0.5314798377428844 0.5270576117935606 0.5226353858442443 0.518213159894928 0.5137909339456117 0.5093687079962954 0.5049464820469791 0.5005242560976628 0.49610203014834653 0.49167980419903023 0.48725757824971394 0.4828353523003976 0.48186792248625926 0.48459374785770365 0.48731957322915265 0.49004539860059704 0.49277122397204143 0.4954970493434858 0.4982228747149302 0.5009487000863746 0.503674525457819 0.5064003508292634 0.5091261762007078 0.511852001572152 0.5145778269435964 0.5173036523150408 0.5200294776864852 0.5227553030579343 0.5254811284293787 0.528206953800823 0.5309327791722674 0.5336586045437118 0.5363844299151562 0.5391102552866006 0.5418360806580449 0.5445619060294893 0.5472877314009337 0.5500135567723781 0.5527393821438225 0.5554652075152668 -9999.0 -9999.0
0.5419910386177301 0.5374576792183896 0.5329243198190492 0.528390960419701 0.5238576010203605 0.51932424162102 0.5147908822216795 0.510257522822339 0.5057241634229985 0.501190804023658 0.49665744462431755 0.4921240852249771 0.48759072582563656 0.4830573664262961 0.4820598966866487 0.4848423729439124 0.4876248492011809 0.49040732545844457 0.49318980171570825 0.49597227797297194 0.4987547542302357 0.5015372304874993 0.5043197067447631 0.5071021830020268 0.5098846592592905 0.5126671355165542 0.5154496117738179 0.5182320880310816 0.5210145642883452 0.5237970405456137 0.5265795168028774 0.5293619930601412 0.5321444693174049 0.5349269455746686 0.5377094218319323 0.540491898089196 0.5432743743464596 0.5460568506037233 0.548839326860987 0.5516218031182507 0.5544042793755145 0.5571867556327782 0.5599692318900467 0.5627517081473103
0.5412421580847846 0.5367708173578405 0.5322994766308965 0.527828135903945 0.5233567951770008 0.5188854544500568 0.5144141137231129 0.5099427729961689 0.5054714322692249 0.5010000915422809 0.4965287508153368 0.4920574100883928 0.48758606936144877 0.4831147286345048 0.482165366656494 0.48498107959724973 0.48779679253801017 0.4906125054787659 0.49342821841952156 0.4962439313602772 0.49905964430103295 0.5018753572417886 0.5046910701825443 0.5075067831233 0.5103224960640557 0.5131382090048113 0.515953921945567 0.5187696348863227 0.5215853478270784 0.5244010607678389 0.5272167737085945 0.5300324866493502 0.5328481995901059 0.5356639125308615 0.5384796254716173 0.541295338412373 0.5441110513531286 0.5469267642938843 0.54974247723464 0.5525581901753956 0.5553739031161513 0.5581896160569071 0.5610053289976675 0.5638210419384232
0.540493277551839 0.5360839554972915 0.5316746334427439 0.5272653113881889 0.5228559893336413 0.5184466672790938 0.5140373452245462 0.5096280231699987 0.5052187011154512 0.5008093790609036 0.49640005700635614 0.49199073495180856 0.48758141289726104 0.4831720908427135 0.48227083662633935 0.485119786250587 0.4879687358748395 0.4908176854990872 0.49366663512333486 0.4965155847475825 0.4993645343718302 0.5022134839960778 0.5050624336203255 0.5079113832445732 0.5107603328688208 0.5136092824930685 0.5164582321173161 0.5193071817415638 0.5221561313658115 0.525005080990064 0.5278540306143117 0.5307029802385593 0.533551929862807 0.5364008794870546 0.5392498291113023 0.54209877873555 0.5449477283597977 0.5477966779840453 0.5506456276082929 0.5534945772325406 0.5563435268567882 0.559192476481036 0.5620414261052884 0.5648903757295362
0.5397443970188933 0.5353970936367423 0.5310497902545912 0.5267024868724328 0.5223551834902818 0.5180078801081307 0.5136605767259796 0.5093132733438286 0.5049659699616775 0.5006186665795265 0.4962713631973754 0.49192405981522436 0.4875767564330733 0.48322945305092224 0.4823763065961847 0.4852584929039243 0.48814067921166887 0.4910228655194085 0.49390505182714817 0.4967872381348878 0.49966942444262746 0.502551610750367 0.5054337970581068 0.5083159833658464 0.511198169673586 0.5140803559813256 0.5169625422890652 0.519844728596805 0.5227269149045446 0.5256091012122891 0.5284912875200287 0.5313734738277684 0.5342556601355081 0.5371378464432477 0.5400200327509873 0.5429022190587269 0.5457844053664667 0.5486665916742063 0.5515487779819459 0.5544309642896855 0.5573131505974251 0.5601953369051649 0.5630775232129094 0.565959709520649
0.5389955164859478 0.5347102317761931 0.5304249470664386 0.5261396623566768 0.5218543776469221 0.5175690929371676 0.5132838082274129 0.5089985235176584 0.5047132388079039 0.5004279540981492 0.4961426693883947 0.49185738467864004 0.4875720999688855 0.4832868152591309 0.48248177656603 0.4853971995572616 0.4883126225484982 0.4912280455397298 0.49414346853096147 0.49705889152219307 0.49997431451342467 0.5028897375046563 0.505805160495888 0.5087205834871196 0.5116360064783512 0.5145514294695828 0.5174668524608144 0.5203822754520461 0.5232976984432777 0.5262131214345143 0.5291285444257459 0.5320439674169775 0.5349593904082091 0.5378748133994408 0.5407902363906724 0.543705659381904 0.5466210823731356 0.5495365053643673 0.5524519283555989 0.5553673513468305 0.5582827743380621 0.5611981973292937 0.5641136203205303 0.567029043311762
0.5382466359530015 0.5340233699156435 0.5298001038782854 0.5255768378409201 0.5213535718035621 0.517130305766204 0.512907039728846 0.508683773691488 0.5044605076541299 0.5002372416167719 0.4960139755794138 0.4917907095420557 0.4875674435046977 0.48334417746733965 0.48258724653587537 0.485535906210599 0.4884845658853277 0.4914332255600513 0.49438188523477494 0.4973305449094986 0.5002792045842223 0.5032278642589458 0.5061765239336695 0.5091251836083931 0.5120738432831168 0.5150225029578404 0.517971162632564 0.5209198223072876 0.5238684819820113 0.5268171416567399 0.5297658013314636 0.5327144610061871 0.5356631206809108 0.5386117803556344 0.5415604400303581 0.5445090997050817 0.5474577593798053 0.550406419054529 0.5533550787292526 0.5563037384039762 0.5592523980786999 0.5622010577534235 0.5651497174281521 0.5680983771028758
0.537497755420056 0.5333365080550944 0.5291752606901328 0.5250140133251641 0.5208527659602025 0.516691518595241 0.5125302712302794 0.5083690238653178 0.5042077765003562 0.5000465291353946 0.49588528177043306 0.4917240344054715 0.4875627870405099 0.48340153967554833 0.4826927165057207 0.4856746128639363 0.48865650922215703 0.49163840558037264 0.49462030193858825 0.49760219829680385 0.5005840946550195 0.5035659910132351 0.5065478873714507 0.5095297837296663 0.512511680087882 0.5154935764460975 0.5184754728043132 0.5214573691625287 0.5244392655207444 0.527421161878965 0.5304030582371807 0.5333849545953963 0.5363668509536119 0.5393487473118275 0.5423306436700431 0.5453125400282587 0.5482944363864743 0.5512763327446899 0.5542582291029056 0.5572401254611211 0.5602220218193368 0.5632039181775523 0.5661858145357731 0.5691677108939887
0.5367488748871102 0.5326496461945451 0.5285504175019801 0.524451188809408 0.5203519601168429 0.5162527314242777 0.5121535027317127 0.5080542740391476 0.5039550453465825 0.4998558166540174 0.4957565879614523 0.4916573592688872 0.48755813057632214 0.483458901883757 0.482798186475566 0.4858133195172736 0.4888284525589863 0.4918435856006939 0.4948587186424015 0.4978738516841091 0.5008889847258167 0.5039041177675243 0.5069192508092318 0.5099343838509395 0.512949516892647 0.5159646499343546 0.5189797829760623 0.5219949160177698 0.5250100490594775 0.5280251821011901 0.5310403151428977 0.5340554481846054 0.5370705812263129 0.5400857142680205 0.5431008473097281 0.5461159803514357 0.5491311133931434 0.5521462464348509 0.5551613794765585 0.558176512518266 0.5611916455599737 0.5642067786016812 0.567221911643394 0.5702370446851016
0.5359999943541647 0.531962784333996 0.5279255743138275 0.5238883642936519 0.5198511542734833 0.5158139442533147 0.5117767342331461 0.5077395242129774 0.5037023141928089 0.4996651041726402 0.49562789415247155 0.49159068413230295 0.48755347411213434 0.4835162640919657 0.48290365644541133 0.4859520261706109 0.4890003958958157 0.49204876562101524 0.4950971353462148 0.49814550507141436 0.5011938747966139 0.5042422445218135 0.507290614247013 0.5103389839722127 0.5133873536974122 0.5164357234226118 0.5194840931478114 0.5225324628730109 0.5255808325982105 0.5286292023234153 0.5316775720486149 0.5347259417738144 0.537774311499014 0.5408226812242136 0.5438710509494131 0.5469194206746127 0.5499677903998123 0.5530161601250119 0.5560645298502114 0.559112899575411 0.5621612693006106 0.5652096390258101 0.568258008751015 0.5713063784762145
0.535251113821219 0.5312759224734469 0.5273007311256748 0.5233255397778959 0.5193503484301237 0.5153751570823516 0.5113999657345795 0.5074247743868073 0.5034495830390351 0.499474391691263 0.4954992003434908 0.4915240089957187 0.48754881764794655 0.4835736263001744 0.4830091264152566 0.48609073282394816 0.48917233923264497 0.49225394564133657 0.4953355520500281 0.49841715845871964 0.5014987648674112 0.5045803712761028 0.5076619776847943 0.5107435840934859 0.5138251905021773 0.5169067969108689 0.5199884033195605 0.523070009728252 0.5261516161369436 0.5292332225456404 0.5323148289543319 0.5353964353630235 0.5384780417717151 0.5415596481804066 0.5446412545890982 0.5477228609977898 0.5508044674064813 0.5538860738151729 0.5569676802238643 0.5600492866325559 0.5631308930412475 0.566212499449939 0.5692941058586358 0.5723757122673274
