Figures/CREST_Example_wjb_NSE/PETs/wjb.pet.20091124.asc
ncols            288
nrows            254
xllcorner        113.274861
yllcorner        31.4918055
cellsize         0.008333333333
NODATA_value     -9999
[rows 152 to 170 of 254, columns 132 to 175 of 288]
0.9578933224830251 0.9575353209552817 0.9571773194275384 0.9568193178997951 0.9564613163720518 0.9561033148443084 0.9557453133165652 0.9553873117888219 0.9550293102610785 0.9546713087333353 0.9543133072055919 0.953955305677848 0.9535973041501047 0.9532393026223613 0.9528813010946181 0.9525232995668748 0.9521652980391314 0.9518072965113882 0.9514492949836448 0.9510912934559015 0.9507332919281583 0.9503752904004149 0.9500172888726716 0.9496592873449282 0.9493012858171843 0.9489432842894411 0.9485852827616977 0.9482272812339544 0.947869279706211 0.9475112781784678 0.9474758128651872 0.9477851460614103 0.9480944792576332 0.9484038124538563 0.9487131456500792 0.9490224788463023 0.9493318120425254 0.9496411452387489 0.9499504784349719 0.9502598116311949 0.9505691448274179 0.950878478023641 0.951187811219864 0.951497144416087
0.9600050023290313 0.9596293766905981 0.9592537510521648 0.9588781254137316 0.9585024997752983 0.9581268741368651 0.957751248498432 0.9573756228599987 0.9569999972215655 0.9566243715831323 0.956248745944699 0.9558731203062651 0.955497494667832 0.9551218690293987 0.9547462433909655 0.9543706177525322 0.953994992114099 0.9536193664756658 0.9532437408372325 0.9528681151987993 0.9524924895603661 0.9521168639219328 0.9517412382834997 0.9513656126450664 0.9509899870066325 0.9506143613681993 0.950238735729766 0.9498631100913328 0.9494874844528997 0.9491118588144664 0.9490552151000813 0.9493395702783431 0.9496239254566051 0.949908280634867 0.950192635813129 0.9504769909913908 0.9507613461696528 0.9510457013479152 0.9513300565261771 0.9516144117044391 0.9518987668827009 0.9521831220609629 0.9524674772392248 0.9527518324174867
0.9621166821750377 0.9617234324259145 0.9613301826767914 0.9609369329276682 0.9605436831785451 0.960150433429422 0.9597571836802988 0.9593639339311756 0.9589706841820524 0.9585774344329293 0.9581841846838062 0.9577909349346824 0.9573976851855592 0.9570044354364361 0.956611185687313 0.9562179359381897 0.9558246861890666 0.9554314364399434 0.9550381866908203 0.9546449369416972 0.954251687192574 0.9538584374434509 0.9534651876943278 0.9530719379452045 0.9526786881960807 0.9522854384469576 0.9518921886978344 0.9514989389487113 0.9511056891995882 0.950712439450465 0.9506346173349753 0.9508939944952761 0.9511533716555769 0.9514127488158778 0.9516721259761786 0.9519315031364795 0.9521908802967802 0.9524502574570815 0.9527096346173823 0.9529690117776831 0.953228388937984 0.9534877660982848 0.9537471432585856 0.9540065204188865
0.964228362021044 0.963817488161231 0.9634066143014179 0.9629957404416049 0.9625848665817918 0.9621739927219787 0.9617631188621656 0.9613522450023525 0.9609413711425395 0.9605304972827264 0.9601196234229133 0.9597087495630996 0.9592978757032865 0.9588870018434734 0.9584761279836603 0.9580652541238472 0.9576543802640343 0.9572435064042212 0.9568326325444081 0.956421758684595 0.9560108848247819 0.9556000109649688 0.9551891371051557 0.9547782632453428 0.9543673893855289 0.9539565155257159 0.9535456416659028 0.9531347678060897 0.9527238939462767 0.9523130200864636 0.9522140195698693 0.9524484187122091 0.9526828178545488 0.9529172169968885 0.9531516161392282 0.953386015281568 0.9536204144239077 0.9538548135662478 0.9540892127085875 0.9543236118509272 0.954558010993267 0.9547924101356067 0.9550268092779464 0.9552612084202862
0.9663400418670505 0.9659115438965474 0.9654830459260445 0.9650545479555415 0.9646260499850384 0.9641975520145355 0.9637690540440325 0.9633405560735295 0.9629120581030265 0.9624835601325236 0.9620550621620205 0.9616265641915168 0.9611980662210139 0.9607695682505109 0.9603410702800078 0.9599125723095049 0.9594840743390018 0.9590555763684989 0.9586270783979959 0.958198580427493 0.9577700824569899 0.957341584486487 0.956913086515984 0.956484588545481 0.9560560905749772 0.9556275926044743 0.9551990946339712 0.9547705966634683 0.9543420986929653 0.9539136007224623 0.9537934218047635 0.9540028429291421 0.9542122640535207 0.9544216851778994 0.954631106302278 0.9548405274266566 0.9550499485510352 0.9552593696754141 0.9554687907997927 0.9556782119241715 0.9558876330485501 0.9560970541729287 0.9563064752973073 0.9565158964216859
0.9684517217130586 0.9680055996318656 0.9675594775506727 0.9671133554694799 0.9666672333882869 0.966221111307094 0.965774989225901 0.9653288671447081 0.9648827450635151 0.9644366229823222 0.9639905009011294 0.9635443788199356 0.9630982567387427 0.9626521346575498 0.9622060125763569 0.961759890495164 0.961313768413971 0.9608676463327781 0.9604215242515852 0.9599754021703922 0.9595292800891994 0.9590831580080064 0.9586370359268135 0.9581909138456206 0.9577447917644268 0.957298669683234 0.956852547602041 0.9564064255208481 0.9559603034396552 0.9555141813584622 0.9553728240396588 0.9555572671460764 0.9557417102524939 0.9559261533589113 0.9561105964653288 0.9562950395717463 0.9564794826781639 0.9566639257845817 0.9568483688909991 0.9570328119974166 0.9572172551038342 0.9574016982102517 0.9575861413166692 0.9577705844230866
0.970563401559065 0.9700996553671821 0.9696359091752993 0.9691721629834164 0.9687084167915335 0.9682446705996507 0.9677809244077679 0.967317178215885 0.9668534320240022 0.9663896858321194 0.9659259396402365 0.9654621934483528 0.96499844725647 0.9645347010645872 0.9640709548727043 0.9636072086808215 0.9631434624889387 0.9626797162970557 0.9622159701051729 0.9617522239132901 0.9612884777214072 0.9608247315295244 0.9603609853376416 0.9598972391457588 0.959433492953875 0.9589697467619922 0.9585060005701094 0.9580422543782265 0.9575785081863437 0.9571147619944609 0.9569522262745529 0.9571116913630092 0.9572711564514657 0.9574306215399221 0.9575900866283785 0.9577495517168348 0.9579090168052913 0.9580684818937479 0.9582279469822044 0.9583874120706608 0.9585468771591171 0.9587063422475736 0.95886580733603 0.9590252724244864
0.9726750814050713 0.9721937111024985 0.9717123407999257 0.9712309704973531 0.9707496001947803 0.9702682298922075 0.9697868595896347 0.969305489287062 0.9688241189844892 0.9683427486819165 0.9678613783793437 0.9673800080767702 0.9668986377741974 0.9664172674716246 0.9659358971690518 0.965454526866479 0.9649731565639063 0.9644917862613336 0.9640104159587608 0.963529045656188 0.9630476753536152 0.9625663050510425 0.9620849347484697 0.961603564445897 0.9611221941433233 0.9606408238407507 0.9601594535381779 0.9596780832356051 0.9591967129330323 0.9587153426304595 0.958531628509447 0.9586661155799423 0.9588006026504376 0.9589350897209329 0.9590695767914282 0.9592040638619235 0.9593385509324188 0.9594730380029144 0.9596075250734096 0.959742012143905 0.9598764992144002 0.9600109862848956 0.9601454733553909 0.9602799604258861
0.9747867612510777 0.974287766837815 0.9737887724245523 0.9732897780112897 0.972790783598027 0.9722917891847642 0.9717927947715016 0.9712938003582389 0.9707948059449762 0.9702958115317135 0.9697968171184509 0.9692978227051873 0.9687988282919247 0.9682998338786619 0.9678008394653993 0.9673018450521366 0.966802850638874 0.9663038562256112 0.9658048618123486 0.9653058673990859 0.9648068729858231 0.9643078785725605 0.9638088841592978 0.9633098897460352 0.9628108953327715 0.9623119009195089 0.9618129065062462 0.9613139120929836 0.9608149176797208 0.9603159232664582 0.960111030744341 0.9602205397968753 0.9603300488494094 0.9604395579019437 0.9605490669544778 0.9606585760070121 0.9607680850595463 0.9608775941120806 0.9609871031646149 0.961096612217149 0.9612061212696832 0.9613156303222175 0.9614251393747516 0.9615346484272859
0.9768984410970839 0.9763818225731313 0.9758652040491788 0.9753485855252262 0.9748319670012735 0.9743153484773209 0.9737987299533684 0.9732821114294158 0.9727654929054631 0.9722488743815105 0.971732255857558 0.9712156373336045 0.9706990188096518 0.9701824002856992 0.9696657817617467 0.9691491632377941 0.9686325447138414 0.9681159261898888 0.9675993076659363 0.9670826891419837 0.966566070618031 0.9660494520940784 0.9655328335701259 0.9650162150461733 0.9644995965222197 0.9639829779982672 0.9634663594743146 0.962949740950362 0.9624331224264093 0.9619165039024568 0.9616904329792351 0.9617749640138081 0.9618594950483813 0.9619440260829544 0.9620285571175274 0.9621130881521006 0.9621976191866737 0.962282150221247 0.96236668125582 0.9624512122903931 0.9625357433249663 0.9626202743595393 0.9627048053941124 0.9627893364286856
0.9790101209430904 0.9784758783084478 0.9779416356738053 0.9774073930391628 0.9768731504045203 0.9763389077698778 0.9758046651352352 0.9752704225005927 0.9747361798659502 0.9742019372313077 0.9736676945966651 0.9731334519620217 0.9725992093273792 0.9720649666927367 0.9715307240580942 0.9709964814234516 0.9704622387888091 0.9699279961541666 0.9693937535195241 0.9688595108848815 0.968325268250239 0.9677910256155965 0.967256782980954 0.9667225403463114 0.966188297711668 0.9656540550770255 0.965119812442383 0.9645855698077405 0.9640513271730979 0.9635170845384554 0.9632698352141291 0.9633293882307411 0.9633889412473531 0.9634484942639651 0.9635080472805772 0.9635676002971891 0.9636271533138011 0.9636867063304132 0.9637462593470252 0.9638058123636373 0.9638653653802493 0.9639249183968612 0.9639844714134732 0.9640440244300852
0.9811218007890985 0.980569934043766 0.9800180672984335 0.9794662005531011 0.9789143338077686 0.9783624670624362 0.9778106003171038 0.9772587335717713 0.9767068668264388 0.9761550000811063 0.9756031333357739 0.9750512665904405 0.974499399845108 0.9739475330997756 0.9733956663544431 0.9728437996091107 0.9722919328637782 0.9717400661184458 0.9711881993731133 0.9706363326277808 0.9700844658824483 0.9695325991371159 0.9689807323917835 0.968428865646451 0.9678769989011176 0.9673251321557852 0.9667732654104527 0.9662213986651202 0.9656695319197878 0.9651176651744553 0.9648492374490245 0.9648838124476754 0.9649183874463262 0.9649529624449771 0.964987537443628 0.9650221124422789 0.9650566874409298 0.9650912624395808 0.9651258374382317 0.9651604124368826 0.9651949874355333 0.9652295624341842 0.9652641374328351 0.965298712431486
0.9832334806351049 0.9826639897790824 0.9820944989230601 0.9815250080670377 0.9809555172110154 0.980386026354993 0.9798165354989706 0.9792470446429482 0.9786775537869259 0.9781080629309035 0.9775385720748812 0.9769690812188577 0.9763995903628354 0.975830099506813 0.9752606086507907 0.9746911177947682 0.9741216269387458 0.9735521360827235 0.9729826452267011 0.9724131543706788 0.9718436635146563 0.971274172658634 0.9707046818026116 0.9701351909465893 0.9695657000905659 0.9689962092345435 0.9684267183785211 0.9678572275224988 0.9672877366664764 0.9667182458104541 0.9664286396839186 0.9664382366646084 0.9664478336452982 0.966457430625988 0.9664670276066777 0.9664766245873675 0.9664862215680573 0.9664958185487471 0.9665054155294369 0.9665150125101266 0.9665246094908164 0.9665342064715062 0.966543803452196 0.9665534004328857
0.9853451604811112 0.9847580455143989 0.9841709305476867 0.9835838155809743 0.982996700614262 0.9824095856475498 0.9818224706808375 0.9812353557141251 0.9806482407474129 0.9800611257807006 0.9794740108139882 0.978886895847275 0.9782997808805627 0.9777126659138504 0.977125550947138 0.9765384359804258 0.9759513210137135 0.9753642060470011 0.9747770910802889 0.9741899761135766 0.9736028611468643 0.973015746180152 0.9724286312134397 0.9718415162467274 0.9712544012800142 0.9706672863133018 0.9700801713465895 0.9694930563798773 0.9689059414131649 0.9683188264464526 0.9680080419188126 0.9679926608815413 0.96797727984427 0.9679618988069987 0.9679465177697274 0.967931136732456 0.9679157556951847 0.9679003746579135 0.9678849936206421 0.9678696125833708 0.9678542315460995 0.9678388505088281 0.9678234694715568 0.9678080884342855
0.9874568403271176 0.9868521012497153 0.9862473621723131 0.9856426230949109 0.9850378840175087 0.9844331449401065 0.9838284058627043 0.983223666785302 0.9826189277078998 0.9820141886304976 0.9814094495530954 0.9808047104756922 0.98019997139829 0.9795952323208877 0.9789904932434855 0.9783857541660833 0.9777810150886811 0.9771762760112789 0.9765715369338767 0.9759667978564744 0.9753620587790722 0.97475731970167 0.9741525806242678 0.9735478415468656 0.9729431024694624 0.9723383633920601 0.9717336243146579 0.9711288852372557 0.9705241461598535 0.9699194070824513 0.9695874441537067 0.9695470850984743 0.9695067260432418 0.9694663669880095 0.969426007932777 0.9693856488775446 0.9693452898223122 0.9693049307670797 0.9692645717118473 0.9692242126566148 0.9691838536013825 0.96914349454615 0.9691031354909176 0.9690627764356853
0.989568520173124 0.9889461569850319 0.9883237937969397 0.9877014306088475 0.9870790674207555 0.9864567042326633 0.9858343410445711 0.985211977856479 0.9845896146683869 0.9839672514802947 0.9833448882922026 0.9827225251041094 0.9821001619160172 0.9814777987279251 0.980855435539833 0.9802330723517408 0.9796107091636487 0.9789883459755565 0.9783659827874644 0.9777436195993723 0.9771212564112801 0.9764988932231881 0.9758765300350959 0.9752541668470037 0.9746318036589106 0.9740094404708184 0.9733870772827262 0.9727647140946342 0.972142350906542 0.9715199877184498 0.9711668463886007 0.9711015093154072 0.9710361722422137 0.9709708351690202 0.9709054980958266 0.9708401610226332 0.9707748239494396 0.970709486876246 0.9706441498030525 0.970578812729859 0.9705134756566655 0.9704481385834719 0.9703828015102784 0.9703174644370849
0.9916802000191304 0.9910402127203483 0.9904002254215662 0.9897602381227841 0.9891202508240021 0.98848026352522 0.987840276226438 0.9872002889276559 0.9865603016288739 0.9859203143300919 0.9852803270313097 0.9846403397325266 0.9840003524337445 0.9833603651349625 0.9827203778361804 0.9820803905373984 0.9814404032386163 0.9808004159398342 0.9801604286410522 0.9795204413422701 0.9788804540434881 0.978240466744706 0.977600479445924 0.9769604921471419 0.9763205048483588 0.9756805175495766 0.9750405302507946 0.9744005429520126 0.9737605556532305 0.9731205683544485 0.9727462486234948 0.9726559335323401 0.9725656184411855 0.9724753033500309 0.9723849882588763 0.9722946731677217 0.972204358076567 0.9721140429854123 0.9720237278942577 0.9719334128031031 0.9718430977119484 0.9717527826207939 0.9716624675296393 0.9715721524384846
0.9937918798651367 0.9931342684556648 0.9924766570461928 0.9918190456367207 0.9911614342272488 0.9905038228177768 0.9898462114083049 0.9891885999988329 0.988530988589361 0.9878733771798889 0.9872157657704169 0.9865581543609439 0.9859005429514719 0.9852429315419999 0.984585320132528 0.9839277087230559 0.983270097313584 0.982612485904112 0.98195487449464 0.9812972630851681 0.9806396516756961 0.979982040266224 0.9793244288567521 0.9786668174472801 0.978009206037807 0.9773515946283351 0.9766939832188631 0.9760363718093911 0.9753787603999191 0.9747211489904472 0.9743256508583888 0.9742103577492732 0.9740950646401575 0.9739797715310418 0.973864478421926 0.9737491853128103 0.9736338922036946 0.9735185990945787 0.973403305985463 0.9732880128763473 0.9731727197672315 0.9730574266581159 0.9729421335490002 0.9728268404398844
0.9959035597111449 0.995228324190983 0.994553088670821 0.9938778531506591 0.9932026176304972 0.9925273821103353 0.9918521465901734 0.9911769110700115 0.9905016755498496 0.9898264400296877 0.9891512045095258 0.9884759689893626 0.9878007334692007 0.9871254979490388 0.9864502624288769 0.985775026908715 0.9850997913885531 0.9844245558683912 0.9837493203482293 0.9830740848280674 0.9823988493079054 0.9817236137877435 0.9810483782675816 0.9803731427474197 0.9796979072272567 0.9790226717070948 0.9783474361869329 0.977672200666771 0.976996965146609 0.9763217296264471 0.9759050530932842 0.9757647819662074 0.9756245108391306 0.9754842397120538 0.975343968584977 0.9752036974579 0.9750634263308232 0.9749231552037462 0.9747828840766694 0.9746426129495925 0.9745023418225157 0.9743620706954388 0.974221799568362 0.9740815284412851
