Figures/CREST_Example_wjb_NSE/PETs/wjb.pet.20100711.asc
ncols            288
nrows            254
xllcorner        113.274861
yllcorner        31.4918055
cellsize         0.008333333333
NODATA_value     -9999
[rows 60 to 79 of 254, columns 176 to 219 of 288]
2.3984045703237036 2.398019741288058 2.3976349122524128 2.3972500832167674 2.396865254181122 2.396480425145476 2.3960955961098303 2.395710767074185 2.3953259380385394 2.3949411090028936 2.394556279967248 2.3941714509316028 2.3937866218959574 2.393401792860312 2.3930169638246666 2.3926321347890207 2.3914902834298446 2.389539158077967 2.387588032726089 2.385636907374208 2.3836857820223303 2.3817346566704525 2.3797835313185747 2.377832405966697 2.375881280614819 2.3739301552629413 2.3719790299110635 2.3700279045591857 2.368076779207308 2.36612565385543 2.3641745285035523 2.3622234031516745 2.3602722777997935 2.3583211524479157 -9999.0 -9999.0 -9999.0 -9999.0 -9999.0 -9999.0 -9999.0 -9999.0 -9999.0 -9999.0
2.395115118027331 2.3947149278133373 2.3943147375993434 2.3939145473853496 2.3935143571713557 2.3931141669573615 2.392713976743367 2.3923137865293733 2.3919135963153795 2.3915134061013856 2.391113215887392 2.390713025673398 2.3903128354594037 2.38991264524541 2.389512455031416 2.389112264817422 2.3880330477770593 2.3862279356952345 -9999.0 -9999.0 -9999.0 2.3790074873679314 2.3772023752861067 2.3753972632042815 2.3735921511224567 2.371787039040632 2.3699819269588067 2.368176814876982 2.3663717027951567 2.364566590713332 2.3627614786315068 2.360956366549682 -9999.0 -9999.0 -9999.0 -9999.0 -9999.0 -9999.0 -9999.0 -9999.0 -9999.0 -9999.0 -9999.0 -9999.0
2.3918256657309587 2.3914101143386164 2.390994562946274 2.390579011553932 2.3901634601615895 2.3897479087692473 2.389332357376904 2.388916805984562 2.3885012545922195 2.3880857031998772 2.387670151807535 2.3872546004151927 2.3868390490228504 2.386423497630508 2.386007946238166 2.3855923948458235 2.3845758121242744 2.382916713312502 -9999.0 -9999.0 -9999.0 2.376280318065411 2.3746212192536387 2.3729621204418665 2.3713030216300943 2.369643922818322 2.36798482400655 -9999.0 -9999.0 -9999.0 -9999.0 -9999.0 -9999.0 -9999.0 -9999.0 -9999.0 -9999.0 -9999.0 -9999.0 -9999.0 -9999.0 -9999.0 -9999.0 -9999.0
2.3885362134345858 2.388105300863895 2.3876743882932043 2.3872434757225136 2.386812563151823 2.386381650581132 2.385950738010441 2.3855198254397503 2.3850889128690596 2.384658000298369 2.384227087727678 2.3837961751569874 2.3833652625862967 2.382934350015606 2.382503437444915 2.3820725248742245 2.3811185764714886 2.379605490929769 -9999.0 -9999.0 -9999.0 -9999.0 -9999.0 -9999.0 -9999.0 -9999.0 -9999.0 -9999.0 -9999.0 -9999.0 -9999.0 -9999.0 -9999.0 -9999.0 -9999.0 -9999.0 -9999.0 -9999.0 -9999.0 -9999.0 -9999.0 -9999.0 -9999.0 -9999.0
2.3852467611382133 2.384800487389174 2.384354213640135 2.383907939891096 2.3834616661420567 2.3830153923930175 2.382569118643978 2.3821228448949388 2.3816765711458996 2.3812302973968604 2.3807840236478213 2.380337749898782 2.379891476149743 2.3794452024007042 2.378998928651665 2.378552654902626 2.3776613408187033 2.3762942685470367 -9999.0 -9999.0 -9999.0 -9999.0 -9999.0 -9999.0 -9999.0 -9999.0 -9999.0 -9999.0 -9999.0 -9999.0 -9999.0 -9999.0 -9999.0 -9999.0 -9999.0 -9999.0 -9999.0 -9999.0 -9999.0 -9999.0 -9999.0 -9999.0 -9999.0 -9999.0
2.3819573088418404 2.381495673914453 2.3810340389870657 2.380572404059678 2.3801107691322905 2.379649134204903 2.379187499277515 2.3787258643501272 2.3782642294227396 2.377802594495352 2.377340959567965 2.3768793246405773 2.3764176897131897 2.375956054785802 2.3754944198584145 2.3750327849310273 2.374204105165918 2.3729830461643044 2.3717619871626905 -9999.0 -9999.0 -9999.0 -9999.0 -9999.0 -9999.0 -9999.0 -9999.0 -9999.0 -9999.0 -9999.0 -9999.0 -9999.0 -9999.0 -9999.0 -9999.0 -9999.0 -9999.0 -9999.0 -9999.0 -9999.0 -9999.0 -9999.0 -9999.0 -9999.0
2.378667856545465 2.378190860439729 2.377713864333993 2.377236868228257 2.376759872122521 2.376282876016785 2.375805879911048 2.3753288838053126 2.3748518876995766 2.3743748915938405 2.3738978954881045 2.373420899382369 2.372943903276633 2.372466907170897 2.3719899110651608 2.371512914959425 2.370746869513129 2.3696718237815686 2.3685967780500077 -9999.0 -9999.0 -9999.0 -9999.0 -9999.0 -9999.0 -9999.0 -9999.0 -9999.0 -9999.0 -9999.0 -9999.0 -9999.0 -9999.0 -9999.0 -9999.0 -9999.0 -9999.0 -9999.0 -9999.0 -9999.0 -9999.0 -9999.0 -9999.0 -9999.0
2.3753784042490924 2.374886046965008 2.3743936896809235 2.3739013323968394 2.373408975112755 2.3729166178286705 2.3724242605445856 2.371931903260501 2.3714395459764166 2.3709471886923326 2.370454831408248 2.3699624741241636 2.3694701168400796 2.368977759555995 2.3684854022719106 2.367993044987826 2.3672896338603437 2.366360601398836 2.365431568937328 2.3645025364758188 -9999.0 -9999.0 -9999.0 -9999.0 -9999.0 -9999.0 -9999.0 -9999.0 -9999.0 -9999.0 -9999.0 -9999.0 -9999.0 -9999.0 -9999.0 -9999.0 -9999.0 -9999.0 -9999.0 -9999.0 -9999.0 -9999.0 -9999.0 -9999.0
2.3720889519527195 2.371581233490287 2.371073515027854 2.3705657965654217 2.3700580781029887 2.369550359640556 2.3690426411781225 2.3685349227156896 2.368027204253257 2.367519485790824 2.3670117673283912 2.3665040488659588 2.365996330403526 2.365488611941093 2.3649808934786605 2.3644731750162276 2.3638323982075584 2.3630493790161036 2.3622663598246487 -9999.0 -9999.0 -9999.0 -9999.0 -9999.0 -9999.0 -9999.0 -9999.0 -9999.0 -9999.0 -9999.0 -9999.0 -9999.0 -9999.0 -9999.0 -9999.0 -9999.0 -9999.0 -9999.0 -9999.0 -9999.0 -9999.0 -9999.0 -9999.0 -9999.0
2.368799499656347 2.3682764200155657 2.3677533403747844 2.3672302607340034 2.366707181093222 2.366184101452441 2.365661021811659 2.365137942170878 2.3646148625300967 2.3640917828893153 2.3635687032485344 2.363045623607753 2.362522543966972 2.361999464326191 2.36147638468541 2.3609533050446285 2.3603751625547726 2.359738156633371 -9999.0 -9999.0 -9999.0 -9999.0 -9999.0 -9999.0 -9999.0 -9999.0 -9999.0 -9999.0 -9999.0 -9999.0 -9999.0 -9999.0 -9999.0 -9999.0 -9999.0 -9999.0 -9999.0 -9999.0 -9999.0 -9999.0 -9999.0 -9999.0 -9999.0 -9999.0
2.365510047359974 2.364971606540845 2.364433165721715 2.3638947249025857 2.363356284083456 2.3628178432643265 2.362279402445196 2.3617409616260665 2.3612025208069367 2.3606640799878074 2.3601256391686776 2.359587198349548 2.3590487575304184 2.358510316711289 2.3579718758921593 2.35743343507303 2.3569179269019873 2.356426934250638 -9999.0 -9999.0 -9999.0 -9999.0 -9999.0 -9999.0 -9999.0 -9999.0 -9999.0 -9999.0 -9999.0 -9999.0 -9999.0 -9999.0 -9999.0 -9999.0 -9999.0 -9999.0 -9999.0 -9999.0 -9999.0 -9999.0 -9999.0 -9999.0 -9999.0 -9999.0
2.3622205950636013 2.3616667930661235 2.3611129910686453 2.3605591890711675 2.3600053870736897 2.3594515850762114 2.3588977830787328 2.3583439810812545 2.3577901790837767 2.3572363770862985 2.3566825750888207 2.3561287730913425 2.3555749710938647 2.355021169096387 2.3544673670989087 2.353913565101431 2.3534606912492015 2.3531157118679054 -9999.0 -9999.0 -9999.0 -9999.0 -9999.0 -9999.0 -9999.0 -9999.0 -9999.0 -9999.0 -9999.0 -9999.0 -9999.0 -9999.0 -9999.0 -9999.0 -9999.0 -9999.0 -9999.0 -9999.0 -9999.0 -9999.0 -9999.0 -9999.0 -9999.0 -9999.0
2.3589311427672257 2.3583619795913995 2.3577928164155733 2.3572236532397466 2.3566544900639204 2.3560853268880937 2.3555161637122666 2.3549470005364403 2.3543778373606137 2.3538086741847875 2.353239511008961 2.3526703478331346 2.3521011846573083 2.3515320214814817 2.3509628583056554 2.350393695129829 2.3500034555964135 2.34980448948517 2.3496055233739264 -9999.0 -9999.0 -9999.0 -9999.0 -9999.0 -9999.0 -9999.0 -9999.0 -9999.0 -9999.0 -9999.0 -9999.0 -9999.0 -9999.0 -9999.0 -9999.0 -9999.0 -9999.0 -9999.0 -9999.0 -9999.0 -9999.0 -9999.0 -9999.0 -9999.0
2.3556416904708533 2.3550571661166786 2.354472641762504 2.353888117408329 2.353303593054154 2.3527190686999795 2.3521345443458035 2.351550019991629 2.350965495637454 2.350380971283279 2.3497964469291044 2.3492119225749297 2.3486273982207546 2.34804287386658 2.3474583495124053 2.34687382515823 2.346546219943628 2.3464932671024377 2.3464403142612467 2.346387361420056 2.3463344085788655 2.346281455737675 -9999.0 -9999.0 -9999.0 -9999.0 -9999.0 -9999.0 -9999.0 -9999.0 -9999.0 -9999.0 -9999.0 -9999.0 -9999.0 -9999.0 -9999.0 -9999.0 -9999.0 -9999.0 -9999.0 -9999.0 -9999.0 -9999.0
2.352352238174481 2.3517523526419573 2.351152467109434 2.350552581576911 2.3499526960443875 2.3493528105118644 2.3487529249793404 2.348153039446817 2.3475531539142938 2.3469532683817707 2.3463533828492475 2.345753497316724 2.345153611784201 2.344553726251678 2.3439538407191547 2.343353955186631 2.3430889842908424 2.3431820447197045 2.343275105148567 2.343368165577429 2.3434612260062915 2.3435542864351535 2.343647346864016 2.343740407292878 2.3438334677217405 -9999.0 -9999.0 -9999.0 -9999.0 -9999.0 -9999.0 -9999.0 -9999.0 -9999.0 -9999.0 -9999.0 -9999.0 -9999.0 -9999.0 -9999.0 -9999.0 -9999.0 -9999.0 -9999.0
2.349062785878108 2.3484475391672364 2.347832292456365 2.3472170457454933 2.3466017990346213 2.3459865523237498 2.3453713056128773 2.344756058902006 2.344140812191134 2.3435255654802623 2.3429103187693907 2.342295072058519 2.3416798253476476 2.341064578636776 2.340449331925904 2.3398340852150326 2.339631748638057 2.339870822336972 2.3401098960358873 2.3403489697348028 2.340588043433718 2.340827117132633 2.341066190831548 2.341305264530463 2.341544338229378 -9999.0 -9999.0 -9999.0 -9999.0 -9999.0 2.342978780422868 -9999.0 -9999.0 -9999.0 -9999.0 -9999.0 -9999.0 -9999.0 -9999.0 -9999.0 -9999.0 -9999.0 -9999.0 -9999.0
2.3457733335817355 2.3451427256925155 2.3445121178032955 2.343881509914075 2.343250902024855 2.342620294135635 2.3419896862464142 2.3413590783571943 2.3407284704679743 2.3400978625787543 2.339467254689534 2.338836646800314 2.338206038911094 2.337575431021874 2.336944823132654 2.336314215243434 2.336174512985272 2.33655959995424 2.3369446869232076 2.337329773892176 2.337714860861144 2.338099947830112 2.33848503479908 2.3388701217680476 2.3392552087370158 2.3396402957059834 -9999.0 -9999.0 -9999.0 2.341180643581855 2.341565730550823 -9999.0 -9999.0 -9999.0 -9999.0 -9999.0 -9999.0 -9999.0 -9999.0 -9999.0 -9999.0 -9999.0 -9999.0 -9999.0
2.3424838812853626 2.341837912217794 2.3411919431502257 2.3405459740826573 2.339900005015089 2.3392540359475205 2.3386080668799507 2.3379620978123823 2.337316128744814 2.3366701596772455 2.336024190609677 2.3353782215421086 2.33473225247454 2.3340862834069718 2.3334403143394034 2.332794345271835 2.332717277332486 2.3332483775715067 2.3337794778105274 2.334310578049549 2.33484167828857 2.335372778527591 2.3359038787666115 2.3364349790056322 2.336966079244653 2.3374971794836736 -9999.0 -9999.0 -9999.0 2.3396215804397564 2.3401526806787776 -9999.0 -9999.0 -9999.0 -9999.0 -9999.0 -9999.0 -9999.0 -9999.0 -9999.0 -9999.0 -9999.0 -9999.0 -9999.0
2.3391944289889897 2.338533098743073 2.337871768497156 2.3372104382512395 2.3365491080053227 2.335887777759406 2.3352264475134876 2.3345651172675708 2.333903787021654 2.333242456775737 2.33258112652982 2.3319197962839033 2.331258466037987 2.33059713579207 2.329935805546153 2.3292744753002363 2.3292600416797007 2.3299371551887744 2.3306142686978477 2.331291382206923 2.331968495715996 2.33264560922507 2.3333227227341435 2.333999836243217 2.3346769497522906 2.3353540632613643 -9999.0 -9999.0 2.3373854037885846 2.3380625172976583 2.338739630806732 -9999.0 -9999.0 -9999.0 -9999.0 -9999.0 -9999.0 -9999.0 -9999.0 -9999.0 -9999.0 -9999.0 -9999.0 -9999.0
2.3359049766926145 2.3352282852683492 2.334551593844084 2.3338749024198187 2.3331982109955534 2.332521519571288 2.331844828147022 2.3311681367227566 2.3304914452984913 2.329814753874226 2.3291380624499607 2.3284613710256954 2.32778467960143 2.327107988177165 2.3264312967529 2.3257546053286346 2.3258028060269123 2.326625932806039 2.3274490595851653 2.3282721863642935 2.3290953131434198 2.3299184399225465 2.330741566701673 2.3315646934807996 2.332387820259926 2.3332109470390527 2.334034073818179 2.334857200597306 2.335680327376432 2.336503454155559 -9999.0 -9999.0 -9999.0 -9999.0 -9999.0 -9999.0 -9999.0 -9999.0 -9999.0 -9999.0 -9999.0 -9999.0 -9999.0 -9999.0
