Figures/CREST_Example_wjb_NSE/PETs/wjb.pet.20090816.asc
ncols            288
nrows            254
xllcorner        113.274861
yllcorner        31.4918055
cellsize         0.008333333333
NODATA_value     -9999
[rows 200 to 219 of 254, columns 176 to 219 of 288]
3.7103397763906294 3.711175460237211 3.7120111440837924 3.712846827930374 3.7136825117769554 3.7145181956235374 3.71535387947012 3.7161895633167017 3.717025247163283 3.7178609310098647 3.718696614856446 3.7195322987030277 3.7203679825496097 3.721203666396191 3.7220393502427727 3.722875034089354 3.723290796985621 3.723257654884615 3.7232245127836086 3.7231913706826023 3.7231582285815956 3.7231250864805894 3.723091944379583 3.723058802278577 3.7230256601775706 3.7229925180765644 3.722959375975558 3.722926233874552 3.7228930917735457 3.7228599496725394 3.722826807571533 3.722793665470527 3.7227605233695207 3.722727381268514 3.7226942391675077 3.7226610970665015 3.7226279549654953 3.722594812864489 3.7225616707634828 3.7225285286624765 3.7224953865614703 3.722462244460464 3.722429102359458 3.7223959602584515
3.7095208623528833 3.7104174671787757 3.711314072004668 3.71221067683056 3.713107281656452 3.714003886482344 3.7149004913082377 3.71579709613413 3.7166937009600223 3.7175903057859143 3.7184869106118064 3.7193835154376984 3.7202801202635905 3.721176725089483 3.722073329915375 3.722969934741267 3.723420811101081 3.7233951936453344 3.7233695761895875 3.723343958733841 3.723318341278094 3.7232927238223477 3.7232671063666007 3.723241488910854 3.7232158714551074 3.7231902539993604 3.723164636543614 3.723139019087867 3.7231134016321206 3.7230877841763736 3.723062166720627 3.7230365492648803 3.7230109318091333 3.722985314353387 3.72295969689764 3.7229340794418935 3.7229084619861466 3.7228828445304 3.722857227074653 3.7228316096189062 3.7228059921631598 3.722780374707413 3.7227547572516664 3.7227291397959195
3.7087019483151376 3.70965947412034 3.7106169999255427 3.7115745257307458 3.7125320515359483 3.713489577341151 3.7144471031463553 3.7154046289515583 3.716362154756761 3.7173196805619635 3.7182772063671665 3.719234732172369 3.7201922579775717 3.7211497837827743 3.7221073095879773 3.72306483539318 3.7235508252165412 3.723532732406054 3.723514639595567 3.72349654678508 3.723478453974592 3.723460361164105 3.723442268353618 3.7234241755431308 3.7234060827326436 3.7233879899221565 3.7233698971116693 3.723351804301182 3.723333711490695 3.723315618680208 3.7232975258697207 3.7232794330592336 3.7232613402487464 3.7232432474382593 3.7232251546277717 3.7232070618172846 3.7231889690067974 3.7231708761963103 3.723152783385823 3.723134690575336 3.723116597764849 3.7230985049543617 3.7230804121438745 3.7230623193333874
3.7078830342773914 3.708901481061905 3.709919927846418 3.7109383746309312 3.711956821415445 3.712975268199958 3.7139937149844733 3.7150121617689864 3.7160306085534995 3.717049055338013 3.7180675021225262 3.71908594890704 3.720104395691553 3.721122842476066 3.7221412892605796 3.7231597360450928 3.723680839332001 3.7236702711667737 3.723659703001546 3.723649134836318 3.7236385666710907 3.723627998505863 3.7236174303406355 3.7236068621754077 3.7235962940101803 3.7235857258449525 3.7235751576797247 3.7235645895144973 3.7235540213492695 3.723543453184042 3.7235328850188143 3.723522316853587 3.723511748688359 3.7235011805231313 3.723490612357904 3.723480044192676 3.7234694760274487 3.723458907862221 3.723448339696993 3.7234377715317657 3.723427203366538 3.7234166352013105 3.7234060670360827 3.7233954988708553
3.7070641202396453 3.708143488003469 3.709222855767293 3.7103022235311167 3.711381591294941 3.7124609590587645 3.7135403268225904 3.7146196945864145 3.715699062350238 3.7167784301140623 3.717857797877886 3.71893716564171 3.720016533405534 3.721095901169358 3.722175268933182 3.7232546366970056 3.7238108534474614 3.7238078099274934 3.7238047664075253 3.7238017228875573 3.723798679367589 3.7237956358476207 3.7237925923276527 3.7237895488076846 3.7237865052877166 3.7237834617677485 3.7237804182477805 3.7237773747278125 3.7237743312078444 3.7237712876878764 3.7237682441679083 3.7237652006479403 3.723762157127972 3.723759113608004 3.723756070088036 3.723753026568068 3.7237499830481 3.7237469395281315 3.7237438960081635 3.7237408524881954 3.7237378089682274 3.7237347654482593 3.7237317219282913 3.7237286784083232
3.706245206201899 3.7073854949450338 3.708525783688168 3.7096660724313026 3.7108063611744373 3.7119466499175715 3.713086938660708 3.7142272274038426 3.7153675161469772 3.7165078048901115 3.717648093633246 3.7187883823763808 3.719928671119515 3.7210689598626496 3.7222092486057843 3.7233495373489185 3.7239408675629213 3.723945348688213 3.7239498298135043 3.7239543109387956 3.7239587920640873 3.7239632731893786 3.7239677543146703 3.7239722354399616 3.7239767165652533 3.7239811976905446 3.723985678815836 3.7239901599411276 3.723994641066419 3.7239991221917106 3.724003603317002 3.7240080844422936 3.724012565567585 3.724017046692876 3.724021527818168 3.724026008943459 3.724030490068751 3.724034971194042 3.724039452319334 3.724043933444625 3.7240484145699164 3.724052895695208 3.7240573768204994 3.724061857945791
3.705426292164153 3.706627501886598 3.7078287116090434 3.7090299213314886 3.7102311310539333 3.7114323407763785 3.712633550498826 3.7138347602212707 3.715035969943716 3.716237179666161 3.7174383893886063 3.718639599111051 3.719840808833496 3.7210420185559414 3.7222432282783866 3.7234444380008314 3.7240708816783816 3.7240828874489322 3.7240948932194833 3.7241068989900343 3.7241189047605854 3.7241309105311364 3.7241429163016875 3.7241549220722385 3.7241669278427896 3.7241789336133406 3.7241909393838917 3.7242029451544427 3.7242149509249938 3.724226956695545 3.7242389624660954 3.7242509682366465 3.7242629740071975 3.7242749797777486 3.7242869855482996 3.7242989913188507 3.7243109970894017 3.7243230028599528 3.724335008630504 3.724347014401055 3.724359020171606 3.724371025942157 3.7243830317127076 3.7243950374832586
3.704607378126407 3.7058695088281626 3.7071316395299183 3.708393770231674 3.70965590093343 3.7109180316351855 3.7121801623369435 3.713442293038699 3.714704423740455 3.7159665544422107 3.7172286851439664 3.718490815845722 3.719752946547478 3.721015077249233 3.722277207950989 3.7235393386527447 3.724200895793842 3.7242204262096523 3.724239956625463 3.7242594870412735 3.7242790174570843 3.7242985478728947 3.7243180782887055 3.724337608704516 3.7243571391203263 3.724376669536137 3.7243961999519475 3.7244157303677583 3.7244352607835687 3.724454791199379 3.72447432161519 3.7244938520310003 3.724513382446811 3.7245329128626214 3.724552443278432 3.7245719736942426 3.724591504110053 3.724611034525864 3.724630564941674 3.7246500953574846 3.7246696257732954 3.724689156189106 3.7247086866049166 3.724728217020727
3.705819092863087 3.7070603212720785 3.7083015496810705 3.7095427780900625 3.7107840064990545 3.7120252349080465 3.7132664633170407 3.7145076917260327 3.7157489201350247 3.7169901485440167 3.7182313769530086 3.7194726053620006 3.720713833770992 3.721955062179984 3.723196290588976 3.724437518997968 3.725090870289315 3.7251157676402338 3.7251406649911525 3.725165562342071 3.72519045969299 3.7252153570439086 3.7252402543948273 3.725265151745746 3.7252900490966647 3.7253149464475834 3.725339843798502 3.725364741149421 3.7253896385003396 3.7254145358512583 3.7254394332021774 3.725464330553096 3.725489227904015 3.7255141252549335 3.7255390226058522 3.725563919956771 3.7255888173076896 3.7256137146586084 3.725638612009527 3.7256635093604458 3.7256884067113645 3.725713304062283 3.725738201413202 3.7257630987641206
3.7092014217737805 3.7103342839692934 3.7114671461648063 3.7126000083603192 3.713732870555832 3.7148657327513446 3.7159985949468597 3.717131457142372 3.718264319337885 3.719397181533398 3.720530043728911 3.7216629059244237 3.722795768119936 3.723928630315449 3.725061492510962 3.726194354706475 3.726793194532472 3.726821152362343 3.726849110192213 3.726877068022084 3.7269050258519547 3.726932983681825 3.7269609415116958 3.7269888993415665 3.727016857171437 3.7270448150013076 3.727072772831178 3.7271007306610486 3.7271286884909194 3.7271566463207897 3.7271846041506604 3.7272125619805307 3.7272405198104015 3.7272684776402722 3.7272964354701426 3.7273243933000133 3.727352351129884 3.7273803089597544 3.727408266789625 3.7274362246194954 3.727464182449366 3.727492140279237 3.7275200981091072 3.727548055938978
3.7125837506844754 3.7136082466665092 3.714632742648543 3.7156572386305764 3.71668173461261 3.717706230594644 3.718730726576679 3.719755222558713 3.7207797185407463 3.72180421452278 3.722828710504814 3.7238532064868473 3.724877702468881 3.7259021984509144 3.726926694432948 3.727951190414982 3.72849551877563 3.7285265370844525 3.728557555393275 3.728588573702097 3.72861959201092 3.7286506103197423 3.7286816286285647 3.728712646937387 3.7287436652462094 3.728774683555032 3.7288057018638545 3.728836720172677 3.728867738481499 3.7288987567903216 3.7289297750991444 3.7289607934079667 3.728991811716789 3.7290228300256114 3.7290538483344338 3.7290848666432566 3.729115884952079 3.7291469032609013 3.7291779215697236 3.729208939878546 3.7292399581873688 3.729270976496191 3.7293019948050135 3.729333013113836
3.7159660795951694 3.716882209363724 3.7177983391322784 3.718714468900833 3.7196305986693874 3.720546728437942 3.721462858206498 3.722378987975053 3.723295117743607 3.724211247512162 3.725127377280716 3.726043507049271 3.7269596368178255 3.7278757665863798 3.7287918963549345 3.7297080261234887 3.7301978430187877 3.730231921806562 3.7302660005943364 3.7303000793821104 3.730334158169885 3.730368236957659 3.7304023157454336 3.7304363945332075 3.730470473320982 3.7305045521087563 3.7305386308965303 3.7305727096843047 3.730606788472079 3.7306408672598534 3.7306749460476274 3.730709024835402 3.730743103623176 3.7307771824109506 3.7308112611987245 3.730845339986499 3.7308794187742733 3.7309134975620477 3.7309475763498217 3.730981655137596 3.7310157339253704 3.7310498127131444 3.731083891500919 3.731117970288693
3.719348408505863 3.720156172060938 3.720963935616014 3.721771699171089 3.7225794627261646 3.7233872262812397 3.7241949898363167 3.725002753391392 3.7258105169464675 3.7266182805015426 3.7274260440566183 3.7282338076116934 3.729041571166769 3.729849334721844 3.7306570982769194 3.731464861831995 3.7319001672619447 3.7319373065286707 3.7319744457953967 3.732011585062123 3.732048724328849 3.7320858635955756 3.7321230028623016 3.7321601421290276 3.732197281395754 3.73223442066248 3.732271559929206 3.7323086991959324 3.7323458384626584 3.7323829777293844 3.732420116996111 3.732457256262837 3.732494395529563 3.7325315347962893 3.7325686740630153 3.7326058133297413 3.7326429525964677 3.7326800918631937 3.7327172311299197 3.732754370396646 3.732791509663372 3.7328286489300986 3.7328657881968246 3.7329029274635506
3.7227307374165584 3.7234301347581544 3.724129532099751 3.724828929441347 3.725528326782943 3.726227724124539 3.7269271214661366 3.727626518807733 3.728325916149329 3.7290253134909253 3.7297247108325213 3.730424108174118 3.731123505515714 3.73182290285731 3.732522300198906 3.7332216975405026 3.7336024915051027 3.7336426912507807 3.733682890996459 3.733723090742137 3.733763290487815 3.733803490233493 3.7338436899791705 3.7338838897248485 3.7339240894705266 3.7339642892162046 3.7340044889618826 3.7340446887075607 3.7340848884532387 3.7341250881989168 3.7341652879445943 3.7342054876902724 3.7342456874359504 3.7342858871816285 3.7343260869273065 3.7343662866729845 3.7344064864186626 3.7344466861643406 3.734486885910018 3.7345270856556962 3.7345672854013743 3.7346074851470523 3.7346476848927304 3.7346878846384084
3.726113066327252 3.726704097455369 3.7272951285834863 3.7278861597116033 3.7284771908397203 3.7290682219678373 3.7296592530959556 3.7302502842240726 3.7308413153521895 3.7314323464803065 3.7320233776084235 3.732614408736541 3.733205439864658 3.733796470992775 3.734387502120892 3.734978533249009 3.7353048157482602 3.73534807597289 3.73539133619752 3.7354345964221496 3.7354778566467797 3.7355211168714093 3.7355643770960394 3.735607637320669 3.7356508975452987 3.7356941577699287 3.7357374179945584 3.7357806782191885 3.735823938443818 3.735867198668448 3.735910458893078 3.735953719117708 3.7359969793423375 3.7360402395669676 3.7360834997915973 3.7361267600162273 3.736170020240857 3.736213280465487 3.7362565406901167 3.7362998009147463 3.7363430611393764 3.736386321364006 3.736429581588636 3.7364728418132658
3.7294953952379455 3.7299780601525834 3.7304607250672217 3.7309433899818596 3.7314260548964975 3.7319087198111354 3.732391384725774 3.732874049640412 3.73335671455505 3.733839379469688 3.7343220443843257 3.7348047092989636 3.735287374213602 3.73577003912824 3.7362527040428777 3.7367353689575156 3.7370071399914173 3.737053460694999 3.7370997813985807 3.7371461021021624 3.737192422805744 3.7372387435093257 3.7372850642129074 3.737331384916489 3.7373777056200708 3.7374240263236524 3.737470347027234 3.737516667730816 3.7375629884343975 3.737609309137979 3.737655629841561 3.7377019505451425 3.7377482712487247 3.7377945919523063 3.737840912655888 3.7378872333594697 3.7379335540630514 3.737979874766633 3.7380261954702148 3.7380725161737964 3.738118836877378 3.73816515758096 3.7382114782845415 3.738257798988123
3.7328777241486395 3.7332520228497983 3.733626321550957 3.734000620252116 3.7343749189532747 3.7347492176544335 3.735123516355593 3.735497815056752 3.7358721137579107 3.7362464124590695 3.7366207111602283 3.736995009861387 3.737369308562546 3.7377436072637047 3.7381179059648635 3.7384922046660223 3.738709464234575 3.738758845417108 3.738808226599642 3.738857607782175 3.738906988964709 3.7389563701472426 3.739005751329776 3.7390551325123096 3.739104513694843 3.7391538948773766 3.73920327605991 3.7392526572424436 3.7393020384249773 3.7393514196075106 3.7394008007900443 3.7394501819725776 3.7394995631551113 3.739548944337645 3.7395983255201783 3.739647706702712 3.7396970878852454 3.739746469067779 3.7397958502503124 3.739845231432846 3.73989461261538 3.739943993797913 3.739993374980447 3.74004275616298
3.736260053059335 3.7365259855470145 3.736791918034694 3.7370578505223735 3.737323783010053 3.737589715497733 3.737855647985413 3.7381215804730927 3.738387512960772 3.7386534454484517 3.7389193779361314 3.739185310423811 3.739451242911491 3.7397171753991705 3.7399831078868497 3.7402490403745294 3.740411788477733 3.740464230139218 3.7405166718007035 3.7405691134621892 3.7406215551236746 3.74067399678516 3.740726438446645 3.7407788801081305 3.740831321769616 3.740883763431101 3.7409362050925865 3.7409886467540723 3.7410410884155576 3.741093530077043 3.7411459717385283 3.7411984134000136 3.741250855061499 3.7413032967229847 3.74135573838447 3.7414081800459553 3.7414606217074406 3.741513063368926 3.7415655050304113 3.7416179466918966 3.741670388353382 3.7417228300148677 3.741775271676353 3.7418277133378384
3.7396423819700284 3.739799948244229 3.739957514518429 3.7401150807926298 3.7402726470668304 3.740430213341031 3.7405877796152316 3.740745345889432 3.740902912163633 3.741060478437833 3.7412180447120336 3.741375610986234 3.7415331772604348 3.741690743534635 3.7418483098088355 3.742005876083036 3.74211411272089 3.7421696148613273 3.7422251170017646 3.742280619142202 3.742336121282639 3.7423916234230763 3.7424471255635137 3.7425026277039506 3.742558129844388 3.7426136319848253 3.7426691341252627 3.7427246362656996 3.742780138406137 3.7428356405465744 3.7428911426870113 3.7429466448274487 3.743002146967886 3.7430576491083234 3.7431131512487603 3.7431686533891977 3.743224155529635 3.743279657670072 3.7433351598105093 3.7433906619509467 3.7434461640913836 3.743501666231821 3.7435571683722584 3.7436126705126953
3.7430247108807224 3.7430739109414435 3.743123111002165 3.7431723110628865 3.7432215111236076 3.743270711184329 3.7433199112450506 3.7433691113057717 3.743418311366493 3.7434675114272147 3.7435167114879357 3.7435659115486573 3.7436151116093788 3.7436643116701 3.7437135117308213 3.743762711791543 3.7438164369640474 3.7438749995834364 3.7439335622028254 3.7439921248222148 3.7440506874416037 3.7441092500609927 3.744167812680382 3.744226375299771 3.74428493791916 3.744343500538549 3.7444020631579384 3.7444606257773274 3.7445191883967164 3.7445777510161053 3.7446363136354948 3.7446948762548837 3.7447534388742727 3.744812001493662 3.744870564113051 3.74492912673244 3.744987689351829 3.745046251971218 3.7451048145906074 3.7451633772099964 3.7452219398293853 3.7452805024487743 3.7453390650681637 3.7453976276875527
