Figures/CREST_Example_wjb_NSE/PETs/wjb.pet.20090421.asc
ncols            288
nrows            254
xllcorner        113.274861
yllcorner        31.4918055
cellsize         0.008333333333
NODATA_value     -9999
[rows 200 to 219 of 254, columns 88 to 131 of 288]
2.358751067126528 2.357986228920067 2.3572213907136055 2.3564565525071424 2.355691714300681 2.3549268760942197 2.3541620378877584 2.353397199681297 2.3526323614748352 2.351867523268374 2.3511026850619126 2.350337846855451 2.3495730086489894 2.348808170442528 2.3486254908260937 2.349065151905701 2.3495048129853084 2.3499444740649156 2.3503841351445223 2.3508237962241294 2.3512634573037365 2.3517031183833432 2.3521427794629504 2.3525824405425575 2.3530221016221646 2.3534617627017713 2.3539014237813785 2.3543410848609856 2.3547807459405923 2.3552204070202003 2.355660068099807 2.356099729179414 2.3565393902590213 2.3569790513386284 2.357418712418235 2.357858373497842 2.3582980345774494 2.358737695657056 2.359177356736663 2.3596170178162703 2.360056678895877 2.360496339975484 2.360936001055092 2.361375662134699
2.356444100660796 2.3557012097876533 2.3549583189145107 2.354215428041367 2.3534725371682246 2.3527296462950824 2.35198675542194 2.351243864548797 2.350500973675655 2.3497580828025124 2.34901519192937 2.3482723010562276 2.347529410183085 2.3467865193099424 2.3466387772144435 2.3471272626192716 2.3476157480241007 2.348104233428929 2.348592718833757 2.349081204238585 2.3495696896434133 2.350058175048242 2.35054666045307 2.351035145857898 2.3515236312627263 2.3520121166675545 2.3525006020723827 2.352989087477211 2.353477572882039 2.353966058286868 2.354454543691696 2.3549430290965243 2.3554315145013525 2.3559199999061806 2.356408485311009 2.3568969707158374 2.3573854561206655 2.3578739415254937 2.358362426930322 2.35885091233515 2.359339397739978 2.3598278831448063 2.3603163685496353 2.3608048539544635
2.3541371341950637 2.35341619065524 2.3526952471154168 2.351974303575592 2.3512533600357686 2.350532416495945 2.3498114729561212 2.349090529416298 2.3483695858764744 2.347648642336651 2.3469276987968275 2.346206755257004 2.3454858117171806 2.3447648681773567 2.344652063602793 -9999.0 -9999.0 -9999.0 2.3468013025229917 2.3473386122530413 2.3478759219830905 2.34841323171314 2.3489505414431893 2.349487851173239 2.350025160903288 2.3505624706333377 2.351099780363387 2.3516370900934365 2.3521743998234856 2.352711709553536 2.3532490192835853 2.353786329013635 2.354323638743684 2.3548609484737337 2.3553982582037833 2.3559355679338325 2.356472877663882 2.3570101873939313 2.357547497123981 2.35808480685403 2.3586221165840797 2.359159426314129 2.3596967360441794 2.3602340457742286
2.351830167729331 2.3511311715228267 2.350432175316322 2.3497331791098164 2.3490341829033117 2.348335186696807 2.3476361904903027 2.346937194283798 2.3462381980772937 2.345539201870789 2.3448402056642843 2.34414120945778 2.3434422132512753 2.3427432170447706 2.3426653499911425 -9999.0 -9999.0 -9999.0 -9999.0 2.3455960202674966 2.346182154322767 -9999.0 2.3473544224333085 2.347940556488579 2.3485266905438498 2.3491128245991204 2.349698958654391 2.3502850927096617 2.3508712267649323 2.351457360820204 2.3520434948754745 2.352629628930745 2.3532157629860158 2.3538018970412864 2.3543880310965566 2.3549741651518272 2.355560299207098 2.3561464332623685 2.356732567317639 2.3573187013729098 2.3579048354281804 2.358490969483451 2.3590771035387226 2.359663237593993
2.349523201263598 2.3488461523904123 2.3481691035172267 2.34749205464404 2.3468150057708543 2.346137956897669 2.3454609080244833 2.3447838591512977 2.344106810278112 2.3434297614049266 2.342752712531741 2.3420756636585556 2.34139861478537 2.340721565912184 -9999.0 -9999.0 -9999.0 -9999.0 -9999.0 -9999.0 -9999.0 -9999.0 -9999.0 2.346393261803919 2.347028220184411 2.3476631785649027 2.348298136945395 2.3489330953258865 2.349568053706378 2.350203012086871 2.350837970467363 2.351472928847855 2.3521078872283465 2.3527428456088386 2.3533778039893303 2.3540127623698224 2.354647720750314 2.3552826791308057 2.355917637511298 2.3565525958917894 2.357187554272281 2.357822512652773 2.358457471033266 2.359092429413758
2.3472162347978656 2.346561133257999 2.3459060317181324 2.3452509301782647 2.3445958286383983 2.3439407270985315 2.343285625558665 2.3426305240187983 2.3419754224789315 2.341320320939065 2.3406652193991984 2.340010117859332 2.339355016319465 2.338699914779599 -9999.0 -9999.0 -9999.0 -9999.0 -9999.0 -9999.0 -9999.0 -9999.0 -9999.0 -9999.0 2.3455297498249728 2.346213532530686 2.346897315236399 2.347581097942112 2.3482648806478252 2.3489486633535392 2.3496324460592524 2.3503162287649655 2.351000011470678 2.3516837941763913 2.3523675768821044 2.3530513595878175 2.3537351422935306 2.3544189249992438 2.3551027077049564 2.3557864904106696 2.3564702731163827 2.357154055822096 2.35783783852781 2.358521621233523
2.3449092683321333 2.3442761141255857 2.343642959919038 2.3430098057124895 2.342376651505942 2.3417434972993942 2.3411103430928466 2.340477188886299 2.3398440346797513 2.3392108804732037 2.338577726266656 2.3379445720601084 2.337311417853561 2.336678263647013 2.3367052091561913 -9999.0 -9999.0 -9999.0 -9999.0 -9999.0 -9999.0 -9999.0 -9999.0 -9999.0 2.344031279465535 2.344763886496469 2.345496493527403 2.3462291005583373 2.3469617075892715 2.347694314620207 2.3484269216511415 2.3491595286820757 2.34989213571301 2.350624742743944 2.351357349774878 2.3520899568058127 2.352822563836747 2.353555170867681 2.354287777898615 2.3550203849295492 2.355752991960484 2.356485598991418 2.3572182060223534 2.3579508130532876
2.3426023018663997 2.3419910949931713 2.3413798881199424 2.340768681246713 2.340157474373484 2.3395462675002556 2.3389350606270267 2.3383238537537983 2.3377126468805693 2.337101440007341 2.336490233134112 2.3358790262608835 2.3352678193876546 2.334656612514426 2.3347184955445397 -9999.0 -9999.0 -9999.0 -9999.0 -9999.0 -9999.0 -9999.0 -9999.0 -9999.0 -9999.0 2.3433142404622513 2.3440956718184065 2.344877103174562 2.3456585345307177 2.346439965886874 2.34722139724303 2.3480028285991854 2.3487842599553406 2.349565691311496 2.350347122667652 2.351128554023807 2.3519099853799625 2.352691416736118 2.3534728480922733 2.354254279448429 2.3550357108045845 2.3558171421607397 2.3565985735168966 2.357380004873052
2.341811575583636 2.341234146513741 2.340656717443846 2.3400792883739503 2.3395018593040553 2.3389244302341603 2.338347001164265 2.33776957209437 2.337192143024475 2.33661471395458 2.336037284884685 2.33545985581479 2.334882426744895 2.334304997675 2.334398534627328 -9999.0 -9999.0 -9999.0 -9999.0 -9999.0 -9999.0 -9999.0 -9999.0 -9999.0 -9999.0 -9999.0 -9999.0 -9999.0 -9999.0 2.346560756648776 2.3473715714502057 2.348182386251635 2.348993201053065 2.349804015854495 2.3506148306559242 2.351425645457354 2.352236460258784 2.3530472750602134 2.3538580898616432 2.3546689046630727 2.3554797194645025 2.3562905342659324 2.3571013490673636 2.357912163868793
2.342641614491345 2.342110609251582 2.341579604011819 2.3410485987720553 2.340517593532292 2.339986588292529 2.339455583052766 2.3389245778130032 2.33839357257324 2.337862567333477 2.337331562093714 2.336800556853951 2.3362695516141883 2.335738546374425 2.335860227288892 -9999.0 -9999.0 -9999.0 -9999.0 -9999.0 -9999.0 -9999.0 -9999.0 -9999.0 -9999.0 -9999.0 -9999.0 -9999.0 -9999.0 -9999.0 -9999.0 2.3497903192019205 2.3506097363732747 2.3514291535446294 2.3522485707159837 2.353067987887338 2.3538874050586927 2.354706822230047 2.3555262394014016 2.356345656572756 2.35716507374411 2.357984490915465 2.3588039080868204 2.359623325258175
2.343471653399054 2.3429870719894232 2.3425024905797924 2.3420179091701607 2.3415333277605295 2.3410487463508987 2.340564164941268 2.340079583531637 2.3395950021220058 2.339110420712375 2.338625839302744 2.3381412578931133 2.337656676483482 2.3371720950738513 2.3373219199504573 -9999.0 -9999.0 -9999.0 -9999.0 -9999.0 -9999.0 -9999.0 -9999.0 -9999.0 -9999.0 -9999.0 -9999.0 -9999.0 -9999.0 -9999.0 -9999.0 2.3513982521522068 2.352226271693486 2.353054291234765 2.353882310776044 2.354710330317323 2.3555383498586027 2.3563663693998818 2.357194388941161 2.35802240848244 2.3588504280237195 2.3596784475649986 2.360506467106279 2.3613344866475585
2.3443016923067628 2.343863534727264 2.3434253771477653 2.3429872195682657 2.342549061988767 2.342110904409268 2.341672746829769 2.3412345892502704 2.3407964316707712 2.3403582740912725 2.339920116511774 2.3394819589322746 2.339043801352776 2.338605643773277 -9999.0 -9999.0 -9999.0 -9999.0 -9999.0 -9999.0 -9999.0 -9999.0 -9999.0 -9999.0 -9999.0 -9999.0 -9999.0 -9999.0 -9999.0 -9999.0 2.352169563191288 2.3530061851024917 2.3538428070136956 2.3546794289248996 2.3555160508361035 2.3563526727473074 2.3571892946585113 2.3580259165697153 2.358862538480919 2.359699160392123 2.360535782303327 2.361372404214531 2.3622090261257362 2.36304564803694
2.3451317312144715 2.344739997465105 2.3443482637157382 2.3439565299663707 2.3435647962170036 2.343173062467637 2.34278132871827 2.3423895949689033 2.3419978612195367 2.3416061274701696 2.341214393720803 2.340822659971436 2.3404309262220693 2.3400391924727026 -9999.0 -9999.0 -9999.0 -9999.0 -9999.0 -9999.0 -9999.0 -9999.0 -9999.0 -9999.0 -9999.0 -9999.0 -9999.0 -9999.0 -9999.0 -9999.0 2.3537688937716483 2.354614118052777 2.355459342333906 2.3563045666150346 2.357149790896163 2.3579950151772917 2.3588402394584205 2.3596854637395492 2.360530688020678 2.3613759123018068 2.362221136582935 2.363066360864064 2.363911585145194 2.3647568094263227
2.3459617701221807 2.345616460202946 2.345271150283711 2.344925840364476 2.344580530445241 2.3442352205260066 2.3438899106067717 2.343544600687537 2.343199290768302 2.3428539808490676 2.342508670929833 2.342163361010598 2.3418180510913635 2.3414727411721286 -9999.0 -9999.0 -9999.0 -9999.0 -9999.0 -9999.0 -9999.0 -9999.0 -9999.0 -9999.0 -9999.0 -9999.0 -9999.0 -9999.0 2.3536605710499012 2.354514397700956 2.3553682243520098 2.356222051003063 2.3570758776541165 2.3579297043051697 2.3587835309562233 2.359637357607277 2.36049118425833 2.3613450109093836 2.362198837560437 2.3630526642114904 2.363906490862544 2.364760317513597 2.365614144164652 2.3664679708157057
2.34679180902989 2.346492922940787 2.3461940368516845 2.345895150762581 2.3455962646734783 2.345297378584376 2.3449984924952734 2.3446996064061705 2.344400720317068 2.344101834227965 2.3438029481388627 2.34350406204976 2.3432051759606574 -9999.0 -9999.0 -9999.0 -9999.0 -9999.0 -9999.0 -9999.0 -9999.0 -9999.0 -9999.0 -9999.0 -9999.0 -9999.0 -9999.0 -9999.0 2.3552426968904125 2.3561051259113923 2.3569675549323703 2.3578299839533483 2.3586924129743267 2.3595548419953047 2.360417271016283 2.361279700037261 2.362142129058239 2.3630045580792176 2.3638669871001956 2.364729416121174 2.365591845142152 2.36645427416313 2.36731670318411 2.3681791322050882
2.3476218479375985 2.3473693856786277 2.347116923419657 2.346864461160686 2.3466119989017153 2.346359536642745 2.346107074383774 2.345854612124804 2.345602149865833 2.3453496876068627 2.345097225347892 2.3448447630889215 -9999.0 -9999.0 -9999.0 -9999.0 -9999.0 -9999.0 -9999.0 -9999.0 -9999.0 -9999.0 -9999.0 -9999.0 -9999.0 -9999.0 -9999.0 -9999.0 2.356824822730924 2.357695854121828 2.358566885512731 2.359437916903634 2.360308948294537 2.36117997968544 2.3620510110763426 2.3629220424672455 2.3637930738581487 2.3646641052490516 2.3655351366399544 2.3664061680308572 2.36727719942176 2.3681482308126633 2.3690192622035675 2.3698902935944703
2.348451886845307 2.3482458484164686 2.34803980998763 2.347833771558791 2.3476277331299524 2.3474216947011137 2.3472156562722755 2.3470096178434368 -9999.0 -9999.0 -9999.0 -9999.0 -9999.0 -9999.0 -9999.0 -9999.0 -9999.0 -9999.0 -9999.0 -9999.0 -9999.0 -9999.0 -9999.0 -9999.0 -9999.0 -9999.0 -9999.0 -9999.0 -9999.0 2.3592865823322637 2.3601662160930914 2.361045849853919 2.3619254836147467 2.3628051173755744 2.363684751136402 2.3645643848972298 2.365444018658058 2.3663236524188855 2.367203286179713 2.368082919940541 2.3689625537013685 2.369842187462196 2.370721821223025 2.371601454983853
2.349281925753016 2.34912231115431 2.348962696555603 2.3488030819568966 2.34864346735819 2.3484838527594833 2.348324238160777 2.3481646235620706 -9999.0 -9999.0 -9999.0 -9999.0 -9999.0 -9999.0 -9999.0 -9999.0 -9999.0 -9999.0 -9999.0 -9999.0 -9999.0 -9999.0 -9999.0 -9999.0 -9999.0 -9999.0 -9999.0 -9999.0 -9999.0 2.3608773105427003 2.361765546673453 2.3626537828042053 2.3635420189349574 2.36443025506571 2.3653184911964624 2.366206727327215 2.3670949634579674 2.3679831995887195 2.368871435719472 2.3697596718502245 2.370647907980977 2.3715361441117295 2.3724243802424834 2.373312616373236
2.350111964660725 2.3499987738921506 2.349885583123576 2.3497723923550016 -9999.0 2.349546010817853 -9999.0 -9999.0 -9999.0 -9999.0 -9999.0 -9999.0 -9999.0 -9999.0 -9999.0 -9999.0 -9999.0 -9999.0 -9999.0 -9999.0 -9999.0 -9999.0 -9999.0 -9999.0 -9999.0 -9999.0 -9999.0 -9999.0 -9999.0 -9999.0 -9999.0 2.3642617157544907 2.365158554255168 2.366055392755845 2.3669522312565223 2.367849069757199 2.3687459082578766 2.3696427467585535 2.370539585259231 2.371436423759908 2.372333262260585 2.3732301007612624 2.374126939261941 2.375023777762618
2.350942003568434 2.3508752366299914 2.350808469691549 2.3507417027531066 -9999.0 -9999.0 -9999.0 -9999.0 -9999.0 -9999.0 -9999.0 -9999.0 -9999.0 -9999.0 -9999.0 -9999.0 -9999.0 -9999.0 -9999.0 -9999.0 -9999.0 -9999.0 -9999.0 -9999.0 -9999.0 -9999.0 -9999.0 -9999.0 -9999.0 -9999.0 -9999.0 2.365869648704776 2.366775089575378 2.3676805304459796 2.3685859713165818 2.3694914121871835 2.3703968530577852 2.3713022939283874 2.372207734798989 2.373113175669591 2.374018616540193 2.374924057410795 2.3758294982813983 2.376734939152
