Figures/CREST_Example_wjb_NSE/PETs/wjb.pet.20090623.asc
ncols            288
nrows            254
xllcorner        113.274861
yllcorner        31.4918055
cellsize         0.008333333333
NODATA_value     -9999
[rows 120 to 139 of 254, columns 88 to 131 of 288]
3.6207405149155325 3.614085256735474 3.607429998555416 3.6007747403753463 3.5941194821952878 3.5874642240152297 3.580808965835171 3.574153707655113 3.5674984494750546 3.5608431912949965 3.554187933114938 3.54753267493488 3.5408774167548214 3.5342221585747633 3.526775353883148 3.5184823680728643 3.510189382262566 3.501896396452282 3.4936034106419984 3.4853104248317144 3.4770174390214303 3.4687244532111468 3.4604314674008627 3.4521384815905787 3.443845495780295 3.435552509970011 3.427259524159727 3.4189665383494434 3.4106735525391594 3.402380566728861 3.3940875809185775 3.3857945951082935 3.3775016092980095 3.369208623487726 3.360915637677442 3.352622651867158 3.344329666056874 3.33603668024659 3.327743694436306 3.3194507086260225 3.3111577228157385 3.3028647370054545 3.2945717511951567 3.2862787653848726
3.626804341214322 3.620156508759777 3.6135086763052318 3.6068608438506753 3.6002130113961304 3.593565178941585 3.58691734648704 3.5802695140324947 3.57362168157795 3.5669738491234044 3.5603260166688595 3.5536781842143146 3.547030351759769 3.5403825193052243 3.5329473293177065 3.524670436324345 3.51639354333097 3.5081166503376084 3.499839757344247 3.4915628643508856 3.483285971357524 3.4750090783641627 3.4667321853708013 3.45845529237744 3.4501783993840784 3.441901506390717 3.4336246133973556 3.425347720403994 3.417070827410633 3.4087939344172575 3.400517041423896 3.3922401484305347 3.3839632554371732 3.375686362443812 3.3674094694504504 3.359132576457089 3.3508556834637275 3.342578790470366 3.3343018974770047 3.3260250044836432 3.3177481114902823 3.309471218496921 3.301194325503545 3.2929174325101838
3.6328681675131116 3.62622776078408 3.6195873540550476 3.6129469473260043 3.6063065405969725 3.5996661338679403 3.5930257271389086 3.5863853204098763 3.5797449136808446 3.5731045069518124 3.5664641002227806 3.5598236934937484 3.5531832867647166 3.5465428800356844 3.539119304752265 3.530858504575826 3.522597704399373 3.514336904222934 3.506076104046495 3.4978153038700563 3.4895545036936175 3.4812937035171787 3.4730329033407394 3.4647721031643006 3.456511302987862 3.448250502811423 3.439989702634984 3.431728902458545 3.423468102282106 3.415207302105653 3.406946501929214 3.3986857017527754 3.3904249015763366 3.3821641013998978 3.3739033012234585 3.3656425010470197 3.357381700870581 3.349120900694142 3.340860100517703 3.332599300341264 3.324338500164825 3.3160776999883863 3.3078168998119333 3.2995560996354945
3.6389319938119016 3.6322990128083825 3.625666031804864 3.6190330508013338 3.6124000697978147 3.605767088794296 3.599134107790777 3.5925011267872584 3.5858681457837394 3.5792351647802207 3.572602183776702 3.565969202773183 3.5593362217696645 3.5527032407661454 3.5452912801868237 3.537046572827307 3.5288018654677766 3.5205571581082604 3.5123124507487438 3.5040677433892276 3.495823036029711 3.4875783286701947 3.4793336213106785 3.471088913951162 3.4628442065916456 3.454599499232129 3.4463547918726127 3.438110084513096 3.42986537715358 3.4216206697940494 3.413375962434533 3.4051312550750166 3.3968865477155 3.3886418403559837 3.3803971329964675 3.372152425636951 3.3639077182774346 3.355663010917918 3.3474183035584018 3.339173596198885 3.330928888839369 3.3226841814798522 3.314439474120322 3.3061947667608056
3.6449958201106964 3.6383702648326905 3.631744709554685 3.625119154276668 3.618493598998662 3.6118680437206567 3.605242488442651 3.5986169331646454 3.5919913778866395 3.585365822608634 3.578740267330628 3.5721147120526227 3.5654891567746168 3.5588636014966113 3.551463255621387 3.543234641078793 3.5350060265361853 3.5267774119935913 3.5185487974509977 3.5103201829084036 3.5020915683658096 3.493862953823216 3.485634339280622 3.477405724738028 3.4691771101954343 3.4609484956528402 3.452719881110246 3.4444912665676526 3.4362626520250585 3.4280340374824507 3.4198054229398567 3.4115768083972626 3.403348193854669 3.395119579312075 3.386890964769481 3.3786623502268873 3.3704337356842933 3.3622051211416992 3.3539765065991056 3.3457478920565116 3.3375192775139175 3.329290662971324 3.3210620484287157 3.312833433886122
3.651059646409486 3.6444415168569932 3.637823387304501 3.631205257751997 3.624587128199505 3.617968998647012 3.6113508690945197 3.604732739542027 3.5981146099895347 3.5914964804370424 3.5848783508845496 3.5782602213320573 3.5716420917795646 3.5650239622270723 3.557635231055946 3.5494227093302744 3.541210187604589 3.5329976658789177 3.5247851441532463 3.516572622427575 3.5083601007019034 3.500147578976232 3.4919350572505605 3.483722535524889 3.4755100137992176 3.467297492073546 3.4590849703478748 3.4508724486222038 3.4426599268965323 3.4344474051708467 3.4262348834451752 3.418022361719504 3.4098098399938324 3.4015973182681614 3.39338479654249 3.3851722748168185 3.376959753091147 3.3687472313654756 3.360534709639804 3.3523221879141327 3.3441096661884613 3.33589714446279 3.3276846227371046 3.319472101011433
3.6571234727082755 3.6505127688812964 3.643902065054317 3.637291361227326 3.630680657400347 3.624069953573368 3.617459249746388 3.610848545919409 3.60423784209243 3.5976271382654503 3.591016434438471 3.5844057306114916 3.5777950267845124 3.5711843229575333 3.5638072064905044 3.5556107775817556 3.5474143486729925 3.5392179197642437 3.531021490855495 3.522825061946746 3.5146286330379968 3.506432204129248 3.498235775220499 3.4900393463117503 3.4818429174030014 3.473646488494252 3.4654500595855033 3.4572536306767545 3.4490572017680057 3.4408607728592426 3.432664343950494 3.424467915041745 3.416271486132996 3.408075057224247 3.399878628315498 3.391682199406749 3.3834857704980004 3.3752893415892515 3.3670929126805023 3.3588964837717534 3.3507000548630046 3.3425036259542558 3.3343071970454927 3.326110768136744
3.663187299007065 3.6565840209055986 3.6499807428041326 3.643377464702655 3.636774186601189 3.630170908499723 3.6235676303982567 3.6169643522967907 3.6103610741953243 3.6037577960938583 3.5971545179923923 3.590551239890926 3.58394796178946 3.577344683687994 3.5699791819250626 3.5617988458332364 3.553618509741396 3.5454381736495697 3.537257837557743 3.529077501465917 3.52089716537409 3.512716829282264 3.5045364931904377 3.496356157098611 3.488175821006785 3.479995484914958 3.471815148823132 3.4636348127313052 3.455454476639479 3.4472741405476386 3.4390938044558124 3.4309134683639857 3.4227331322721595 3.414552796180333 3.4063724600885066 3.3981921239966804 3.3900117879048537 3.3818314518130275 3.373651115721201 3.3654707796293746 3.357290443537548 3.3491101074457217 3.3409297713538813 3.332749435262055
3.6692511253058546 3.662655272929902 3.656059420553949 3.6494635681779846 3.6428677158020317 3.6362718634260784 3.6296760110501256 3.6230801586741723 3.6164843062982195 3.6098884539222666 3.6032926015463134 3.5966967491703605 3.5901008967944077 3.5835050444184544 3.5761511573596216 3.5679869140847176 3.5598226708097997 3.5516584275348957 3.5434941842599916 3.535329940985088 3.527165697710184 3.51900145443528 3.510837211160376 3.502672967885472 3.494508724610568 3.486344481335664 3.4781802380607605 3.4700159947858564 3.4618517515109524 3.4536875082360345 3.4455232649611305 3.437359021686227 3.429194778411323 3.4210305351364187 3.4128662918615147 3.404702048586611 3.396537805311707 3.388373562036803 3.3802093187618993 3.3720450754869953 3.363880832212091 3.3557165889371876 3.34755234566227 3.3393881023873657
3.675314951604644 3.6687265249542045 3.6621380983037644 3.6555496716533136 3.6489612450028734 3.6423728183524338 3.635784391701994 3.629195965051554 3.6226075384011143 3.6160191117506746 3.6094306851002345 3.6028422584497948 3.596253831799355 3.589665405148915 3.58232313279418 3.5741749823361983 3.566026831878203 3.5578786814202217 3.5497305309622402 3.5415823805042588 3.5334342300462773 3.525286079588296 3.5171379291303144 3.508989778672333 3.5008416282143515 3.49269347775637 3.4845453272983886 3.476397176840407 3.4682490263824257 3.4601008759244305 3.451952725466449 3.4438045750084676 3.435656424550486 3.4275082740925047 3.4193601236345232 3.411211973176542 3.403063822718561 3.3949156722605793 3.386767521802598 3.3786193713446164 3.370471220886635 3.3623230704286535 3.3541749199706583 3.346026769512677
3.6813787779034337 3.674797776978507 3.6682167760535807 3.6616357751286426 3.655054774203716 3.6484737732787895 3.6418927723538626 3.635311771428936 3.6287307705040095 3.6221497695790825 3.615568768654156 3.6089877677292295 3.6024067668043025 3.595825765879376 3.5884951082287384 3.5803630505876796 3.5722309929466065 3.5640989353055477 3.555966877664489 3.5478348200234295 3.5397027623823707 3.531570704741312 3.523438647100253 3.515306589459194 3.507174531818135 3.499042474177076 3.490910416536017 3.4827783588949583 3.474646301253899 3.4665142436128265 3.4583821859717676 3.4502501283307088 3.4421180706896495 3.4339860130485906 3.425853955407532 3.417721897766473 3.409589840125414 3.401457782484355 3.393325724843296 3.385193667202237 3.3770616095611783 3.368929551920119 3.3607974942790464 3.3526654366379876
3.6874426042022286 3.680869029002815 3.674295453803402 3.667721878603977 3.6611483034045635 3.6545747282051497 3.6480011530057364 3.641427577806323 3.634854002606909 3.628280427407496 3.6217068522080824 3.615133277008669 3.6085597018092552 3.601986126609842 3.594667083663302 3.5865511188391657 3.578435154015015 3.570319189190879 3.5622032243667423 3.554087259542606 3.5459712947184694 3.537855329894333 3.529739365070197 3.5216234002460602 3.513507435421924 3.5053914705977873 3.497275505773651 3.4891595409495144 3.481043576125378 3.4729276113012277 3.4648116464770915 3.4566956816529553 3.4485797168288186 3.4404637520046824 3.4323477871805457 3.4242318223564094 3.416115857532273 3.4079998927081365 3.3998839278840003 3.3917679630598636 3.3836519982357274 3.375536033411591 3.3674200685874407 3.3593041037633045
3.6935064305010186 3.686940281027118 3.6803741315532177 3.6738079820793064 3.6672418326054057 3.6606756831315055 3.6541095336576053 3.647543384183705 3.6409772347098044 3.634411085235904 3.627844935762004 3.6212787862881033 3.614712636814203 3.608146487340303 3.6008390590978605 3.5927391870906464 3.584639315083419 3.576539443076205 3.568439571068991 3.5603396990617773 3.552239827054563 3.544139955047349 3.536040083040135 3.5279402110329214 3.5198403390257074 3.5117404670184933 3.5036405950112797 3.4955407230040656 3.4874408509968515 3.479340978989624 3.47124110698241 3.463141234975196 3.455041362967982 3.4469414909607683 3.4388416189535542 3.43074174694634 3.4226418749391265 3.4145420029319125 3.4064421309246984 3.3983422589174843 3.3902423869102707 3.3821425149030566 3.374042642895829 3.365942770888615
3.699570256799808 3.693011533051421 3.686452809303034 3.6798940855546354 3.6733353618062483 3.6667766380578612 3.6602179143094737 3.6536591905610867 3.6471004668126996 3.6405417430643126 3.633983019315925 3.627424295567538 3.620865571819151 3.614306848070764 3.607011034532419 3.5989272553421277 3.5908434761518224 3.582759696961531 3.5746759177712395 3.5665921385809485 3.558508359390657 3.5504245802003656 3.542340801010074 3.5342570218197826 3.526173242629491 3.5180894634391997 3.5100056842489082 3.501921905058617 3.4938381258683253 3.48575434667802 3.4776705674877286 3.469586788297437 3.4615030091071457 3.4534192299168542 3.4453354507265628 3.4372516715362713 3.42916789234598 3.4210841131556884 3.413000333965397 3.4049165547751055 3.396832775584814 3.388748996394523 3.3806652172042178 3.3725814380139263
3.7056340830985977 3.6990827850757233 3.6925314870528494 3.6859801890299644 3.67942889100709 3.672877592984216 3.666326294961342 3.6597749969384683 3.6532236989155944 3.64667240089272 3.640121102869846 3.6335698048469722 3.6270185068240983 3.620467208801224 3.6131830099669773 3.6051153235936084 3.597047637220226 3.588979950846857 3.580912264473488 3.572844578100119 3.56477689172675 3.556709205353381 3.5486415189800122 3.5405738326066434 3.532506146233274 3.5244384598599052 3.5163707734865364 3.5083030871131675 3.5002354007397987 3.4921677143664156 3.4841000279930467 3.476032341619678 3.467964655246309 3.45989696887294 3.451829282499571 3.443761596126202 3.435693909752833 3.4276262233794643 3.4195585370060955 3.411490850632726 3.4034231642593573 3.3953554778859885 3.387287791512606 3.379220105139237
3.711697909397387 3.7051540371000264 3.6986101648026657 3.6920662925052934 3.6855224202079326 3.678978547910572 3.672434675613211 3.6658908033158504 3.659346931018489 3.6528030587211284 3.6462591864237677 3.639715314126407 3.6331714418290457 3.626627569531685 3.6193549854015363 3.6113033918450896 3.6032517982886296 3.595200204732183 3.5871486111757367 3.57909701761929 3.5710454240628438 3.562993830506397 3.554942236949951 3.5468906433935046 3.538839049837058 3.5307874562806116 3.522735862724165 3.5146842691677187 3.506632675611272 3.498581082054812 3.4905294884983653 3.482477894941919 3.4744263013854724 3.466374707829026 3.45832311427258 3.450271520716133 3.442219927159687 3.4341683336032403 3.426116740046794 3.4180651464903473 3.410013552933901 3.4019619593774544 3.3939103658209944 3.385858772264548
3.7177617356961767 3.711225289124329 3.704688842552481 3.6981523959806224 3.691615949408775 3.685079502836927 3.6785430562650796 3.6720066096932316 3.665470163121384 3.6589337165495364 3.6523972699776888 3.645860823405841 3.639324376833993 3.6327879302621455 3.6255269608360945 3.6174914600965704 3.6094559593570326 3.601420458617509 3.593384957877985 3.5853494571384608 3.577313956398937 3.569278455659413 3.561242954919889 3.553207454180365 3.5451719534408412 3.537136452701317 3.529100951961793 3.5210654512222694 3.5130299504827454 3.5049944497432075 3.496958949003684 3.48892344826416 3.4808879475246357 3.4728524467851116 3.464816946045588 3.456781445306064 3.44874594456654 3.440710443827016 3.432674943087492 3.424639442347968 3.416603941608444 3.4085684408689203 3.4005329401293825 3.3924974393898584
3.7238255619949716 3.717296541148637 3.7107675203023027 3.704238499455957 3.6977094786096227 3.691180457763288 3.6846514369169534 3.678122416070619 3.6715933952242845 3.66506437437795 3.658535353531615 3.6520063326852807 3.6454773118389463 3.638948290992612 3.6316989362706584 3.623679528348057 3.6156601204254417 3.6076407125028402 3.5996213045802388 3.5916018966576373 3.5835824887350363 3.575563080812435 3.5675436728898333 3.559524264967232 3.5515048570446304 3.543485449122029 3.5354660411994274 3.527446633276826 3.5194272253542245 3.5114078174316092 3.5033884095090078 3.4953690015864063 3.4873495936638053 3.479330185741204 3.4713107778186023 3.463291369896001 3.4552719619733994 3.447252554050798 3.4392331461281964 3.431213738205595 3.4231943302829935 3.415174922360392 3.4071555144377768 3.3991361065151753
3.729889388293761 3.72336779317294 3.7168461980521186 3.710324602931286 3.7038030078104645 3.697281412689643 3.690759817568822 3.6842382224480006 3.6777166273271793 3.6711950322063576 3.6646734370855363 3.658151841964715 3.6516302468438937 3.6451086517230724 3.6378709117052166 3.6298675965995377 3.621864281493845 3.6138609663881662 3.6058576512824874 3.597854336176808 3.589851021071129 3.5818477059654503 3.5738443908597715 3.5658410757540926 3.5578377606484133 3.5498344455427344 3.5418311304370556 3.5338278153313767 3.525824500225698 3.517821185120005 3.5098178700143263 3.501814554908647 3.493811239802968 3.4858079246972893 3.4778046095916104 3.4698012944859316 3.4617979793802522 3.4537946642745734 3.4457913491688945 3.4377880340632156 3.429784718957537 3.421781403851858 3.4137780887461653 3.405774773640486
3.735953214592551 3.7294390451972426 3.7229248758019344 3.716410706406615 3.709896537011307 3.703382367615999 3.696868198220691 3.690354028825382 3.683839859430074 3.677325690034766 3.670811520639458 3.6642973512441497 3.6577831818488415 3.6512690124535334 3.644042887139775 3.636055664851019 3.628068442562249 3.620081220273492 3.612093997984736 3.6041067756959793 3.596119553407223 3.5881323311184663 3.58014510882971 3.572157886540954 3.564170664252197 3.556183441963441 3.548196219674684 3.540208997385928 3.532221775097171 3.524234552808401 3.516247330519645 3.508260108230888 3.500272885942132 3.4922856636533757 3.484298441364619 3.4763112190758627 3.468323996787106 3.4603367744983498 3.452349552209593 3.444362329920837 3.43637510763208 3.428387885343324 3.420400663054554 3.412413440765797
