Figures/CREST_Example_wjb_NSE/PETs/wjb.pet.20100430.asc
ncols            288
nrows            254
xllcorner        113.274861
yllcorner        31.4918055
cellsize         0.008333333333
NODATA_value     -9999
[rows 20 to 39 of 254, columns 88 to 131 of 288]
3.2592768466205797 3.2600712511793755 3.2608656557381708 3.261660060296968 3.2624544648557636 3.263248869414559 3.2640432739733547 3.2648376785321505 3.265632083090946 3.2664264876497415 3.2672208922085373 3.268015296767333 3.2688097013261284 3.269604105884924 3.269039365462298 3.2670216683226374 3.265003971182973 3.262986274043312 3.260968576903651 3.25895087976399 3.256933182624329 3.2549154854846685 3.2528977883450074 3.2508800912053464 3.2488623940656853 3.2468446969260247 3.2448269997863637 3.2428093026467026 3.2407916055070416 3.2387739083673774 3.2367562112277164 3.234738514088056 3.2327208169483947 -9999.0 -9999.0 -9999.0 -9999.0 -9999.0 -9999.0 -9999.0 -9999.0 -9999.0 -9999.0 -9999.0
3.259570788684161 3.260441079418435 3.261311370152709 3.2621816608869842 3.2630519516212577 3.2639222423555316 3.2647925330898055 3.265662823824079 3.266533114558353 3.267403405292627 3.2682736960269008 3.2691439867611742 3.270014277495448 3.270884568229722 3.2703860086167023 3.2684241170310804 3.2664622254454554 3.264500333859834 3.262538442274212 3.26057655068859 3.2586146591029688 3.256652767517347 3.254690875931725 3.2527289843461036 3.2507670927604817 3.24880520117486 3.2468433095892384 3.2448814180036165 3.242919526417995 3.2409576348323696 3.238995743246748 3.2370338516611263 3.2350719600755045 -9999.0 -9999.0 -9999.0 -9999.0 -9999.0 -9999.0 -9999.0 -9999.0 -9999.0 -9999.0 -9999.0
3.2598647307477426 3.2608109076574947 3.261757084567247 3.262703261477 3.2636494383867523 3.264595615296504 3.265541792206256 3.266487969116008 3.26743414602576 3.2683803229355117 3.269326499845264 3.270272676755016 3.271218853664768 3.2721650305745196 3.2717326517711065 3.269826565739524 3.267920479707938 3.2660143936763557 3.264108307644773 3.2622022216131907 3.260296135581608 3.2583900495500258 3.256483963518443 3.254577877486861 3.252671791455278 3.250765705423696 3.248859619392113 3.246953533360531 3.245047447328948 3.2431413612973623 3.24123527526578 3.2393291892341973 3.237423103202615 3.2355170171710324 3.23361093113945 3.2317048451078674 -9999.0 3.2278926730447024 -9999.0 -9999.0 -9999.0 -9999.0 -9999.0 -9999.0
3.2601586728113245 3.2611807358965543 3.2622027989817846 3.2632248620670166 3.2642469251522463 3.2652689882374766 3.266291051322707 3.267313114407937 3.268335177493167 3.269357240578397 3.2703793036636273 3.2714013667488575 3.2724234298340873 3.2734454929193175 3.2730792949255103 3.271229014447967 3.2693787339704206 3.2675284534928775 3.265678173015334 3.263827892537791 3.2619776120602477 3.260127331582704 3.258277051105161 3.2564267706276175 3.2545764901500744 3.252726209672531 3.250875929194988 3.2490256487174447 3.247175368239901 3.245325087762355 3.2434748072848114 3.2416245268072683 3.2397742463297248 3.2379239658521817 3.236073685374638 3.234223404897095 3.232373124419552 3.2305228439420084 3.2286725634644653 -9999.0 -9999.0 -9999.0 -9999.0 -9999.0
3.260452614874906 3.2615505641356144 3.2626485133963223 3.2637464626570325 3.264844411917741 3.2659423611784493 3.2670403104391577 3.2681382596998656 3.269236208960574 3.2703341582212824 3.2714321074819908 3.2725300567426987 3.273628006003407 3.2747259552641155 3.2744259380799146 3.2726314631564106 3.270836988232903 3.269042513309399 3.2672480383858953 3.265453563462391 3.263659088538887 3.261864613615383 3.260070138691879 3.2582756637683747 3.256481188844871 3.254686713921367 3.2528922389978625 3.2510977640743586 3.2493032891508546 3.247508814227347 3.2457143393038432 3.2439198643803393 3.2421253894568354 3.240330914533331 3.238536439609827 3.236741964686323 3.2349474897628188 3.233153014839315 3.231358539915811 -9999.0 -9999.0 -9999.0 -9999.0 -9999.0
3.2607465569384875 3.2619203923746736 3.26309422781086 3.264268063247049 3.265441898683235 3.2666157341194215 3.267789569555608 3.2689634049917946 3.270137240427981 3.2713110758641673 3.272484911300354 3.2736587467365403 3.274832582172727 3.276006417608913 3.2757725812343184 3.2740339118648536 3.2722952424953857 3.270556573125921 3.268817903756456 3.2670792343869914 3.2653405650175267 3.2636018956480615 3.2618632262785967 3.260124556909132 3.258385887539667 3.2566472181702024 3.2549085488007377 3.2531698794312724 3.2514312100618077 3.24969254069234 3.247953871322875 3.2462152019534103 3.2444765325839455 3.2427378632144808 3.2409991938450156 3.239260524475551 3.237521855106086 3.2357831857366213 3.2340445163671565 -9999.0 -9999.0 -9999.0 -9999.0 -9999.0
3.261040499002069 3.2622902206137336 3.2635399422253983 3.264789663837065 3.2660393854487295 3.267289107060394 3.268538828672059 3.269788550283723 3.271038271895388 3.2722879935070526 3.2735377151187173 3.274787436730382 3.2760371583420462 3.277286879953711 3.2771192243887226 3.275436360573297 3.2737534967578683 3.2720706329424427 3.270387769127017 3.2687049053115915 3.267022041496166 3.2653391776807403 3.2636563138653147 3.261973450049889 3.2602905862344636 3.258607722419038 3.256924858603612 3.2552419947881863 3.2535591309727607 3.2518762671573325 3.250193403341907 3.2485105395264813 3.2468276757110552 3.2451448118956296 3.243461948080204 3.2417790842647785 3.240096220449353 3.2384133566339273 3.2367304928185017 -9999.0 -9999.0 -9999.0 -9999.0 -9999.0
3.2613344410656504 3.2626600488527933 3.263985656639936 3.265311264427081 3.266636872214224 3.267962480001367 3.2692880877885098 3.2706136955756526 3.2719393033627955 3.2732649111499383 3.274590518937081 3.275916126724224 3.277241734511367 3.2785673422985098 3.2784658675431277 3.2768388092817413 3.2752117510203522 3.273584692758966 3.2719576344975794 3.270330576236193 3.2687035179748065 3.26707645971342 3.2654494014520337 3.2638223431906477 3.2621952849292613 3.260568226667875 3.2589411684064884 3.257314110145102 3.2556870518837155 3.2540599936223265 3.25243293536094 3.2508058770995536 3.2491788188381676 3.247551760576781 3.2459247023153948 3.2442976440540083 3.242670585792622 3.2410435275312355 3.239416469269849 3.237789411008463 3.2361623527470766 3.23453529448569 -9999.0 -9999.0
3.262995747105586 3.2643858636654564 3.2657759802253272 3.2671660967852 3.2685562133450703 3.269946329904941 3.2713364464648116 3.272726563024682 3.274116679584553 3.2755067961444233 3.2768969127042937 3.278287029264164 3.279677145824035 3.2810672623839054 3.281009982717075 3.2794054037565394 3.2778008247960013 3.276196245835466 3.2745916668749304 3.272987087914395 3.2713825089538595 3.2697779299933236 3.268173351032788 3.2665687720722527 3.2649641931117173 3.263359614151182 3.2617550351906464 3.260150456230111 3.2585458772695755 3.2569412983090373 3.2553367193485014 3.253732140387966 3.2521275614274305 3.250522982466895 3.2489184035063596 3.247313824545824 3.2457092455852887 3.2441046666247533 3.242500087664218 3.2408955087036824 3.2392909297431465 3.237686350782611 3.236081771822073 3.2344771928615375
3.266118679012303 3.267561142618803 3.2690036062253034 3.270446069831806 3.271888533438306 3.273330997044806 3.274773460651306 3.2762159242578064 3.2776583878643066 3.2791008514708064 3.2805433150773067 3.281985778683807 3.2834282422903067 3.284870705896807 3.284834119969108 3.283216396646269 3.2815986733234275 3.2799809500005885 3.2783632266777496 3.2767455033549107 3.2751277800320717 3.273510056709233 3.271892333386394 3.270274610063555 3.268656886740716 3.267039163417877 3.265421440095038 3.263803716772199 3.26218599344936 3.260568270126518 3.2589505468036792 3.2573328234808403 3.2557151001580014 3.2540973768351624 3.2524796535123235 3.2508619301894845 3.2492442068666456 3.2476264835438067 3.2460087602209677 3.244391036898129 3.24277331357529 3.241155590252451 3.2395378669296093 3.2379201436067704
3.2692416109190203 3.27073642157215 3.2722312322252796 3.273726042878412 3.2752208535315415 3.276715664184671 3.2782104748378007 3.2797052854909308 3.2812000961440604 3.28269490679719 3.2841897174503196 3.2856845281034492 3.287179338756579 3.2886741494097085 3.2886582572211407 3.2870273895359987 3.285396521850853 3.2837656541657108 3.2821347864805683 3.280503918795426 3.2788730511102835 3.2772421834251415 3.275611315739999 3.2739804480548567 3.2723495803697142 3.270718712684572 3.2690878449994294 3.267456977314287 3.2658261096291445 3.2641952419439995 3.262564374258857 3.2609335065737146 3.259302638888572 3.2576717712034298 3.2560409035182873 3.254410035833145 3.2527791681480025 3.25114830046286 3.2495174327777177 3.2478865650925752 3.246255697407433 3.2446248297222904 3.2429939620371453 3.241363094352003
3.2723645428257377 3.2739117005254967 3.275458858225256 3.277006015925018 3.2785531736247773 3.2801003313245363 3.2816474890242957 3.2831946467240547 3.284741804423814 3.286288962123573 3.2878361198233326 3.2893832775230916 3.290930435222851 3.29247759292261 3.292482394473174 3.290838382425728 3.2891943703782793 3.2875503583308334 3.2859063462833875 3.2842623342359416 3.282618322188496 3.2809743101410502 3.2793302980936043 3.2776862860461584 3.2760422739987125 3.2743982619512666 3.2727542499038207 3.271110237856375 3.2694662258089293 3.2678222137614803 3.266178201714035 3.264534189666589 3.262890177619143 3.261246165571697 3.259602153524251 3.2579581414768053 3.2563141294293594 3.2546701173819135 3.253026105334468 3.251382093287022 3.249738081239576 3.2480940691921303 3.2464500571446817 3.244806045097236
3.2754874747324547 3.2770869794788435 3.2786864842252323 3.280285988971624 3.2818854937180126 3.2834849984644014 3.2850845032107903 3.286684007957179 3.288283512703568 3.2898830174499567 3.2914825221963455 3.2930820269427343 3.294681531689123 3.296281036435512 3.296306531725207 3.2946493753154575 3.2929922189057055 3.291335062495956 3.2896779060862067 3.2880207496764573 3.286363593266708 3.284706436856959 3.2830492804472096 3.28139212403746 3.2797349676277108 3.2780778112179614 3.276420654808212 3.274763498398463 3.2731063419887136 3.2714491855789616 3.269792029169212 3.268134872759463 3.2664777163497134 3.264820559939964 3.263163403530215 3.2615062471204657 3.2598490907107163 3.258191934300967 3.2565347778912175 3.2548776214814685 3.253220465071719 3.2515633086619697 3.2499061522522177 3.2482489958424683
3.278610406639175 3.280262258432193 3.2819141102252116 3.283565962018233 3.285217813811251 3.2868696656042697 3.288521517397288 3.2901733691903066 3.2918252209833248 3.2934770727763434 3.2951289245693616 3.29678077636238 3.2984326281553984 3.300084479948417 3.300130668977243 3.2984603682051903 3.2967900674331347 3.295119766661082 3.2934494658890294 3.2917791651169765 3.2901088643449237 3.288438563572871 3.286768262800818 3.2850979620287655 3.2834276612567126 3.2817573604846597 3.280087059712607 3.278416758940554 3.2767464581685015 3.2750761573964455 3.273405856624393 3.27173555585234 3.2700652550802873 3.2683949543082345 3.2667246535361816 3.265054352764129 3.2633840519920763 3.2617137512200234 3.2600434504479705 3.258373149675918 3.256702848903865 3.2550325481318123 3.2533622473597568 3.251691946587704
3.281733338545892 3.2834375373855402 3.2851417362251882 3.286845935064839 3.288550133904487 3.290254332744135 3.291958531583783 3.293662730423431 3.2953669292630785 3.2970711281027265 3.2987753269423745 3.3004795257820225 3.3021837246216705 3.3038879234613185 3.3039548062292763 3.30227136109492 3.300587915960561 3.2989044708262045 3.297221025691848 3.2955375805574922 3.293854135423136 3.2921706902887795 3.2904872451544236 3.2888038000200672 3.287120354885711 3.285436909751355 3.2837534646169986 3.282070019482642 3.280386574348286 3.278703129213927 3.277019684079571 3.2753362389452145 3.273652793810858 3.271969348676502 3.270285903542146 3.2686024584077895 3.266919013273433 3.2652355681390772 3.263552123004721 3.2618686778703645 3.260185232736008 3.258501787601652 3.256818342467293 3.255134897332937
3.284856270452609 3.2866128163388866 3.2883693622251644 3.290125908111445 3.2918824539977223 3.2936389998839997 3.2953955457702775 3.297152091656555 3.2989086375428323 3.30066518342911 3.3024217293153875 3.304178275201665 3.3059348210879427 3.30769136697422 3.307778943481309 3.3060823539846496 3.3043857644879866 3.302689174991327 3.3009925854946673 3.299295995998008 3.297599406501348 3.2959028170046882 3.294206227508029 3.292509638011369 3.290813048514709 3.2891164590180497 3.28741986952139 3.28572328002473 3.2840266905280706 3.282330101031408 3.2806335115347482 3.2789369220380884 3.277240332541429 3.275543743044769 3.2738471535481093 3.27215056405145 3.27045397455479 3.26875738505813 3.2670607955614708 3.265364206064811 3.263667616568151 3.2619710270714917 3.260274437574829 3.2585778480781693
3.2879792023593266 3.289788095292234 3.291596988225141 3.2934058811580513 3.295214774090958 3.2970236670238653 3.2988325599567725 3.3006414528896797 3.3024503458225865 3.3042592387554937 3.306068131688401 3.307877024621308 3.309685917554215 3.311494810487122 3.3116030807333425 3.309893346874379 3.308183613015413 3.30647387915645 3.304764145297487 3.3030544114385236 3.3013446775795607 3.2996349437205974 3.297925209861634 3.296215476002671 3.294505742143708 3.292796008284745 3.2910862744257816 3.2893765405668187 3.2876668067078554 3.2859570728488894 3.284247338989926 3.282537605130963 3.280827871272 3.2791181374130365 3.2774084035540736 3.2756986696951103 3.2739889358361474 3.272279201977184 3.2705694681182207 3.268859734259258 3.2671500004002945 3.2654402665413316 3.263730532682365 3.2620207988234022
3.291102134266044 3.2929633742455806 3.294824614225117 3.296685854204657 3.298547094184194 3.3004083341637305 3.302269574143267 3.3041308141228036 3.30599205410234 3.3078532940818772 3.309714534061414 3.3115757740409504 3.313437014020487 3.3152982540000235 3.315427217985375 3.313704339764109 3.3119814615428393 3.3102585833215725 3.308535705100306 3.3068128268790393 3.305089948657773 3.303367070436506 3.3016441922152393 3.299921313993973 3.298198435772706 3.2964755575514397 3.294752679330173 3.2930298011089065 3.2913069228876397 3.28958404466637 3.287861166445104 3.286138288223837 3.28441541000257 3.282692531781304 3.280969653560037 3.2792467753387706 3.277523897117504 3.2758010188962374 3.2740781406749706 3.2723552624537042 3.2706323842324374 3.268909506011171 3.267186627789901 3.2654637495686347
3.294225066172761 3.2961386531989274 3.298052240225094 3.2999658272512633 3.3018794142774293 3.3037930013035957 3.3057065883297616 3.307620175355928 3.3095337623820944 3.3114473494082604 3.3133609364344268 3.3152745234605927 3.317188110486759 3.3191016975129255 3.3192513552374083 3.317515332653838 3.315779310070265 3.314043287486695 3.312307264903125 3.310571242319555 3.3088352197359847 3.307099197152415 3.3053631745688445 3.3036271519852747 3.3018911294017044 3.3001551068181345 3.298419084234564 3.2966830616509943 3.294947039067424 3.293211016483851 3.291474993900281 3.289738971316711 3.288002948733141 3.2862669261495707 3.284530903566001 3.2827948809824306 3.2810588583988607 3.2793228358152904 3.2775868132317205 3.27585079064815 3.2741147680645803 3.27237874548101 3.270642722897437 3.268906700313867
3.2973479980794784 3.299313932152274 3.30127986622507 3.303245800297869 3.3052117343706646 3.3071776684434604 3.309143602516256 3.3111095365890524 3.313075470661848 3.315041404734644 3.3170073388074397 3.3189732728802355 3.3209392069530312 3.322905141025827 3.3230754924894415 3.3213263255435677 3.319577158597691 3.317827991651818 3.316078824705944 3.3143296577600707 3.312580490814197 3.3108313238683236 3.3090821569224502 3.3073329899765764 3.305583823030703 3.3038346560848293 3.302085489138956 3.3003363221930826 3.298587155247209 3.2968379883013323 3.295088821355459 3.293339654409585 3.291590487463712 3.2898413205178385 3.2880921535719647 3.2863429866260914 3.2845938196802176 3.2828446527343442 3.281095485788471 3.279346318842597 3.2775971518967237 3.27584798495085 3.2740988180049735 3.2723496510591
