Figures/CREST_Example_wjb_NSE/PETs/wjb.pet.20100307.asc
ncols            288
nrows            254
xllcorner        113.274861
yllcorner        31.4918055
cellsize         0.008333333333
NODATA_value     -9999
[rows 140 to 159 of 254, columns 44 to 87 of 288]
1.4033759996647868 1.4026838382129816 1.4019916767611764 1.4012995153093712 1.4006073538575663 1.3999151924057611 1.399223030953956 1.3985308695021508 1.3978387080503445 1.3971465465985393 1.3964543851467344 1.3957622236949292 1.395070062243124 1.3943779007913188 1.3936857393395137 1.3929935778877087 1.3923014164359035 1.3916092549840984 1.3909170935322932 1.390224932080488 1.389532770628683 1.3888406091768766 1.3881484477250716 1.3874562862732664 1.3867641248214613 1.386071963369656 1.385379801917851 1.384687640466046 1.3831671851729825 1.3807612650391552 1.378355344905328 1.375949424771501 1.3735435046376736 1.3711375845038465 1.3687316643700151 1.366325744236188 1.3639198241023607 1.3615139039685336 1.3591079838347062 1.356702063700879 1.354296143567052 1.3518902234332246 1.3494843032993975 1.3470783831655702
1.4026920796856985 1.4019893113442639 1.4012865430028292 1.4005837746613945 1.3998810063199598 1.3991782379785251 1.3984754696370905 1.3977727012956558 1.39706993295422 1.3963671646127853 1.3956643962713506 1.394961627929916 1.3942588595884813 1.3935560912470466 1.392853322905612 1.3921505545641772 1.3914477862227426 1.3907450178813079 1.3900422495398732 1.3893394811984385 1.3886367128570036 1.3879339445155678 1.3872311761741332 1.3865284078326985 1.3858256394912638 1.3851228711498291 1.3844201028083944 1.3837173344669598 1.3821748601666024 1.3797347212137148 1.3772945822608273 1.3748544433079397 1.3724143043550523 1.3699741654021647 1.367534026449273 1.3650938874963856 1.362653748543498 1.3602136095906106 1.357773470637723 1.3553333316848355 1.3528931927319479 1.3504530537790604 1.3480129148261728 1.3455727758732854
1.4020081597066105 1.4012947844755463 1.400581409244482 1.3998680340134178 1.3991546587823536 1.3984412835512894 1.3977279083202252 1.3970145330891608 1.3963011578580955 1.395587782627031 1.394874407395967 1.3941610321649027 1.3934476569338385 1.3927342817027744 1.39202090647171 1.3913075312406458 1.3905941560095816 1.3898807807785174 1.3891674055474532 1.3884540303163888 1.3877406550853246 1.3870272798542593 1.386313904623195 1.3856005293921307 1.3848871541610666 1.3841737789300024 1.3834604036989382 1.3827470284678738 1.3811825351602225 1.3787081773882746 1.3762338196163266 1.373759461844379 1.371285104072431 1.3688107463004833 1.3663363885285311 1.3638620307565832 1.3613876729846355 1.3589133152126875 1.3564389574407396 1.353964599668792 1.351490241896844 1.3490158841248963 1.3465415263529483 1.3440671685810004
1.401324239727522 1.4006002576068284 1.3998762754861347 1.3991522933654408 1.398428311244747 1.3977043291240534 1.3969803470033595 1.3962563648826658 1.3955323827619708 1.394808400641277 1.3940844185205832 1.3933604363998895 1.3926364542791958 1.391912472158502 1.3911884900378082 1.3904645079171143 1.3897405257964206 1.389016543675727 1.388292561555033 1.3875685794343393 1.3868445973136456 1.3861206151929506 1.3853966330722567 1.384672650951563 1.3839486688308693 1.3832246867101754 1.3825007045894817 1.381776722468788 1.3801902101538426 1.3776816335628344 1.3751730569718261 1.372664480380818 1.37015590378981 1.3676473271988017 1.3651387506077892 1.362630174016781 1.3601215974257728 1.3576130208347645 1.3551044442437565 1.3525958676527483 1.35008729106174 1.3475787144707319 1.3450701378797238 1.3425615612887156
1.4006403197484334 1.39990573073811 1.3991711417277868 1.3984365527174634 1.39770196370714 1.3969673746968168 1.3962327856864933 1.3954981966761701 1.3947636076658454 1.3940290186555222 1.3932944296451988 1.3925598406348756 1.3918252516245522 1.391090662614229 1.3903560736039056 1.3896214845935824 1.388886895583259 1.3881523065729355 1.3874177175626123 1.386683128552289 1.3859485395419657 1.385213950531641 1.3844793615213178 1.3837447725109944 1.3830101835006712 1.3822755944903478 1.3815410054800246 1.3808064164697011 1.3791978851474618 1.3766550897373933 1.3741122943273247 1.3715694989172562 1.3690267035071877 1.3664839080971192 1.3639411126870462 1.3613983172769777 1.3588555218669092 1.3563127264568406 1.3537699310467721 1.3512271356367036 1.348684340226635 1.3461415448165666 1.343598749406498 1.3410559539964295
1.3999563997693452 1.3992112038693922 1.3984660079694395 1.3977208120694866 1.3969756161695337 1.3962304202695808 1.395485224369628 1.3947400284696752 1.393994832569721 1.3932496366697682 1.3925044407698153 1.3917592448698624 1.3910140489699094 1.3902688530699567 1.3895236571700038 1.388778461270051 1.388033265370098 1.3872880694701453 1.3865428735701923 1.3857976776702394 1.3850524817702865 1.3843072858703325 1.3835620899703795 1.3828168940704266 1.382071698170474 1.381326502270521 1.380581306370568 1.3798361104706152 1.3782055601410819 1.3756285459119528 1.373051531682824 1.3704745174536952 1.3678975032245664 1.3653204889954376 1.3627434747663043 1.3601664605371755 1.3575894463080465 1.3550124320789176 1.3524354178497888 1.34985840362066 1.3472813893915312 1.3447043751624024 1.3421273609332733 1.3395503467041445
1.3992724797902572 1.3985166770006747 1.3977608742110923 1.3970050714215099 1.3962492686319274 1.395493465842345 1.3947376630527626 1.3939818602631802 1.3932260574735964 1.392470254684014 1.3917144518944315 1.3909586491048493 1.390202846315267 1.3894470435256845 1.388691240736102 1.3879354379465196 1.3871796351569372 1.3864238323673548 1.3856680295777724 1.38491222678819 1.3841564239986075 1.3834006212090237 1.3826448184194413 1.381889015629859 1.3811332128402767 1.3803774100506943 1.3796216072611118 1.3788658044715294 1.377213235134702 1.3746020020865126 1.3719907690383235 1.3693795359901344 1.366768302941945 1.364157069893756 1.3615458368455624 1.3589346037973733 1.356323370749184 1.3537121377009949 1.3511009046528057 1.3484896716046164 1.3458784385564273 1.3432672055082382 1.3406559724600489 1.3380447394118598
1.3985885598111687 1.3978221501319568 1.3970557404527448 1.396289330773533 1.395522921094321 1.394756511415109 1.393990101735897 1.3932236920566852 1.392457282377472 1.39169087269826 1.3909244630190478 1.3901580533398359 1.389391643660624 1.388625233981412 1.3878588243022 1.3870924146229882 1.3863260049437762 1.3855595952645643 1.3847931855853524 1.3840267759061404 1.3832603662269285 1.3824939565477152 1.3817275468685033 1.3809611371892911 1.3801947275100792 1.3794283178308673 1.3786619081516553 1.3778954984724434 1.376220910128322 1.3735754582610724 1.370930006393823 1.3682845545265734 1.365639102659324 1.3629936507920744 1.3603481989248205 1.3577027470575709 1.3550572951903215 1.3524118433230718 1.3497663914558224 1.3471209395885728 1.3444754877213234 1.341830035854074 1.3391845839868244 1.336539132119575
1.397820298628359 1.3970539260034336 1.3962875533785084 1.3955211807535832 1.3947548081286578 1.3939884355037326 1.3932220628788075 1.392455690253882 1.3916893176289555 1.3909229450040304 1.390156572379105 1.3893901997541798 1.3886238271292544 1.3878574545043292 1.387091081879404 1.3863247092544786 1.3855583366295534 1.3847919640046282 1.3840255913797028 1.3832592187547776 1.3824928461298525 1.3817264735049257 1.3809601008800005 1.3801937282550754 1.37942735563015 1.3786609830052248 1.3778946103802996 1.3771282377553742 1.3754443961493743 1.3727797594622484 1.3701151227751225 1.3674504860879966 1.3647858494008707 1.3621212127137448 1.3594565760266142 1.3567919393394883 1.3541273026523624 1.3514626659652365 1.3487980292781105 1.3461333925909846 1.3434687559038587 1.3408041192167328 1.338139482529607 1.335474845842481
1.3969618820154686 1.396206924149904 1.3954519662843392 1.3946970084187746 1.3939420505532099 1.3931870926876453 1.3924321348220805 1.391677176956516 1.39092221909095 1.3901672612253853 1.3894123033598207 1.388657345494256 1.3879023876286913 1.3871474297631265 1.386392471897562 1.3856375140319972 1.3848825561664326 1.3841275983008678 1.3833726404353033 1.3826176825697385 1.381862724704174 1.381107766838608 1.3803528089730432 1.3795978511074787 1.378842893241914 1.3780879353763493 1.3773329775107845 1.37657801964522 1.374898570554464 1.3722308194448767 1.3695630683352893 1.3668953172257017 1.3642275661161143 1.361559815006527 1.3588920638969348 1.3562243127873475 1.3535565616777598 1.3508888105681724 1.348221059458585 1.3455533083489977 1.34288555723941 1.3402178061298227 1.3375500550202353 1.3348823039106479
1.3961034654025775 1.3953599222963735 1.3946163791901693 1.3938728360839652 1.3931292929777612 1.392385749871557 1.391642206765353 1.390898663659149 1.3901551205529437 1.3894115774467395 1.3886680343405355 1.3879244912343314 1.3871809481281272 1.3864374050219233 1.385693861915719 1.3849503188095151 1.384206775703311 1.3834632325971068 1.3827196894909028 1.3819761463846987 1.3812326032784947 1.3804890601722892 1.3797455170660853 1.3790019739598811 1.3782584308536772 1.377514887747473 1.376771344641269 1.3760278015350649 1.3743527449595532 1.3716818794275043 1.3690110138954552 1.3663401483634063 1.3636692828313572 1.3609984172993084 1.3583275517672548 1.3556566862352057 1.3529858207031569 1.3503149551711078 1.3476440896390587 1.3449732241070098 1.3423023585749607 1.3396314930429118 1.3369606275108628 1.3342897619788139
1.3952450487896872 1.3945129204428437 1.3937807920960001 1.3930486637491568 1.3923165354023133 1.3915844070554697 1.3908522787086262 1.3901201503617828 1.389388022014938 1.3886558936680946 1.387923765321251 1.3871916369744075 1.3864595086275642 1.3857273802807206 1.384995251933877 1.3842631235870335 1.3835309952401902 1.3827988668933466 1.382066738546503 1.3813346101996598 1.3806024818528162 1.3798703535059715 1.379138225159128 1.3784060968122844 1.3776739684654409 1.3769418401185975 1.376209711771754 1.3754775834249104 1.3738069193646432 1.3711329394101326 1.368458959455622 1.3657849795011114 1.3631109995466009 1.3604370195920903 1.3577630396375753 1.3550890596830647 1.3524150797285543 1.3497410997740438 1.3470671198195332 1.3443931398650226 1.341719159910512 1.3390451799560015 1.3363712000014911 1.3336972200469805
1.3943866321767966 1.3936659185893139 1.392945205001831 1.392224491414348 1.391503777826865 1.3907830642393821 1.3900623506518992 1.3893416370644165 1.3886209234769322 1.3879002098894493 1.3871794963019664 1.3864587827144836 1.3857380691270007 1.3850173555395178 1.3842966419520348 1.383575928364552 1.382855214777069 1.3821345011895863 1.3814137876021033 1.3806930740146204 1.3799723604271374 1.3792516468396534 1.3785309332521705 1.3778102196646875 1.3770895060772046 1.3763687924897217 1.375648078902239 1.374927365314756 1.3732610937697327 1.3705839993927607 1.3679069050157886 1.3652298106388165 1.3625527162618445 1.3598756218848724 1.3571985275078957 1.3545214331309237 1.3518443387539516 1.3491672443769795 1.3464901500000075 1.3438130556230354 1.3411359612460634 1.3384588668690913 1.335781772492119 1.333104678115147
1.3935282155639064 1.392818916735784 1.3921096179076617 1.3914003190795394 1.390691020251417 1.3899817214232948 1.3892724225951725 1.3885631237670502 1.3878538249389267 1.3871445261108044 1.386435227282682 1.3857259284545598 1.3850166296264375 1.3843073307983151 1.3835980319701928 1.3828887331420705 1.3821794343139482 1.3814701354858259 1.3807608366577035 1.3800515378295812 1.379342239001459 1.3786329401733353 1.377923641345213 1.3772143425170906 1.3765050436889683 1.375795744860846 1.3750864460327237 1.3743771472046014 1.3727152681748223 1.3700350593753887 1.367354850575955 1.3646746417765214 1.3619944329770879 1.3593142241776544 1.3566340153782162 1.3539538065787824 1.3512735977793489 1.3485933889799153 1.3459131801804818 1.343232971381048 1.3405527625816145 1.337872553782181 1.3351923449827472 1.3325121361833137
1.392669798951016 1.3919719148822542 1.3912740308134925 1.3905761467447308 1.389878262675969 1.3891803786072072 1.3884824945384455 1.3877846104696838 1.387086726400921 1.3863888423321593 1.3856909582633974 1.3849930741946357 1.384295190125874 1.3835973060571123 1.3828994219883506 1.3822015379195889 1.3815036538508272 1.3808057697820655 1.3801078857133038 1.379410001644542 1.3787121175757802 1.3780142335070173 1.3773163494382556 1.376618465369494 1.3759205813007322 1.3752226972319705 1.3745248131632086 1.373826929094447 1.372169442579912 1.369486119358017 1.3668027961361218 1.3641194729142265 1.3614361496923315 1.3587528264704363 1.3560695032485366 1.3533861800266413 1.3507028568047463 1.348019533582851 1.345336210360956 1.3426528871390608 1.3399695639171658 1.3372862406952706 1.3346029174733753 1.3319195942514803
1.3918113823381255 1.3911249130287244 1.3904384437193233 1.3897519744099223 1.389065505100521 1.3883790357911199 1.3876925664817188 1.3870060971723177 1.3863196278629153 1.3856331585535142 1.384946689244113 1.3842602199347118 1.3835737506253107 1.3828872813159097 1.3822008120065084 1.3815143426971073 1.3808278733877062 1.380141404078305 1.3794549347689038 1.3787684654595027 1.3780819961501016 1.3773955268406992 1.3767090575312981 1.376022588221897 1.375336118912496 1.3746496496030947 1.3739631802936936 1.3732767109842925 1.3716236169850016 1.368937179340645 1.3662507416962884 1.3635643040519316 1.360877866407575 1.3581914287632182 1.355504991118857 1.3528185534745003 1.3501321158301436 1.3474456781857869 1.3447592405414304 1.3420728028970736 1.339386365252717 1.3366999276083602 1.3340134899640035 1.3313270523196468
1.390952965725235 1.3902779111751946 1.389602856625154 1.3889278020751135 1.388252747525073 1.3875776929750323 1.3869026384249918 1.3862275838749514 1.3855525293249096 1.384877474774869 1.3842024202248284 1.383527365674788 1.3828523111247475 1.3821772565747068 1.3815022020246663 1.3808271474746259 1.3801520929245852 1.3794770383745447 1.3788019838245043 1.3781269292744636 1.377451874724423 1.3767768201743813 1.3761017656243408 1.3754267110743004 1.3747516565242597 1.3740766019742192 1.3734015474241785 1.372726492874138 1.3710777913900916 1.3683882393232734 1.365698687256455 1.3630091351896367 1.3603195831228185 1.3576300310560003 1.3549404789891775 1.3522509269223593 1.349561374855541 1.3468718227887229 1.3441822707219047 1.3414927186550865 1.3388031665882683 1.33611361452145 1.3334240624546319 1.3307345103878134
1.390094549112344 1.389430909321664 1.388767269530984 1.3881036297403042 1.3874399899496241 1.3867763501589443 1.3861127103682642 1.3854490705775844 1.3847854307869032 1.3841217909962233 1.3834581512055433 1.3827945114148634 1.3821308716241834 1.3814672318335035 1.3808035920428234 1.3801399522521436 1.3794763124614637 1.3788126726707837 1.3781490328801038 1.3774853930894237 1.376821753298744 1.3761581135080627 1.3754944737173829 1.3748308339267028 1.374167194136023 1.3735035543453429 1.372839914554663 1.372176274763983 1.3705319657951807 1.367839299305901 1.365146632816621 1.3624539663273414 1.3597612998380615 1.3570686333487818 1.3543759668594975 1.3516833003702178 1.3489906338809379 1.3462979673916582 1.3436053009023783 1.3409126344130986 1.338219967923819 1.335527301434539 1.3328346349452593 1.3301419684559797
1.3892361324994538 1.3885839074681343 1.3879316824368149 1.3872794574054956 1.3866272323741762 1.3859750073428567 1.3853227823115375 1.384670557280218 1.3840183322488977 1.3833661072175782 1.3827138821862588 1.3820616571549396 1.38140943212362 1.3807572070923007 1.3801049820609814 1.379452757029662 1.3788005319983427 1.3781483069670233 1.3774960819357038 1.3768438569043846 1.3761916318730651 1.3755394068417446 1.3748871818104254 1.374234956779106 1.3735827317477867 1.3729305067164672 1.3722782816851478 1.3716260566538285 1.3699861402002702 1.367290359288529 1.3645945783767877 1.3618987974650463 1.359203016553305 1.3565072356415637 1.353811454729818 1.3511156738180765 1.3484198929063353 1.345724111994594 1.3430283310828526 1.3403325501711114 1.33763676925937 1.3349409883476286 1.3322452074358875 1.329549426524146
1.3883777158865631 1.3877369056146045 1.3870960953426457 1.3864552850706868 1.385814474798728 1.3851736645267694 1.3845328542548105 1.3838920439828517 1.383251233710892 1.3826104234389331 1.3819696131669743 1.3813288028950155 1.3806879926230569 1.380047182351098 1.3794063720791392 1.3787655618071806 1.3781247515352217 1.377483941263263 1.376843130991304 1.3762023207193455 1.3755615104473866 1.3749207001754267 1.374279889903468 1.3736390796315092 1.3729982693595504 1.3723574590875918 1.371716648815633 1.371075838543674 1.36944031460536 1.366741419271157 1.3640425239369545 1.3613436286027516 1.3586447332685487 1.3559458379343459 1.3532469426001383 1.3505480472659355 1.3478491519317328 1.34515025659753 1.342451361263327 1.3397524659291242 1.3370535705949214 1.3343546752607185 1.3316557799265156 1.3289568845923128
