Figures/CREST_Example_wjb_NSE/PETs/wjb.pet.20100520.asc
ncols            288
nrows            254
xllcorner        113.274861
yllcorner        31.4918055
cellsize         0.008333333333
NODATA_value     -9999
[rows 200 to 219 of 254, columns 88 to 131 of 288]
3.265237533827907 3.2660739983001132 3.2669104627723193 3.267746927244527 3.2685833917167333 3.26941985618894 3.270256320661146 3.2710927851333524 3.2719292496055585 3.2727657140777646 3.273602178549971 3.2744386430221772 3.2752751074943838 3.27611157196659 3.2734382992954028 3.2670130382585687 3.2605877772217235 3.2541625161848895 3.2477372551480554 3.2413119941112214 3.2348867330743873 3.2284614720375533 3.2220362110007192 3.215610949963885 3.209185688927051 3.202760427890217 3.196335166853383 3.189909905816549 3.183484644779715 3.17705938374287 3.1706341227060357 3.1642088616692017 3.1577836006323676 3.1513583395955336 3.1449330785586995 3.1385078175218655 3.1320825564850314 3.1256572954481974 3.1192320344113633 3.1128067733745293 3.106381512337695 3.099956251300861 3.093530990264016 3.087105729227182
3.26836097612673 3.2694473163597544 3.2705336565927787 3.271619996825805 3.272706337058829 3.2737926772918535 3.274879017524878 3.275965357757902 3.277051697990926 3.2781380382239504 3.279224378456975 3.280310718689999 3.2813970589230235 3.282483399156048 3.279852844236692 3.273248844355992 3.2666448444752807 3.260040844594581 3.253436844713881 3.246832844833181 3.240228844952481 3.2336248450717813 3.227020845191081 3.2204168453103814 3.2138128454296813 3.2072088455489816 3.2006048456682814 3.1940008457875817 3.1873968459068815 3.1807928460261703 3.1741888461454706 3.1675848462647704 3.1609808463840707 3.1543768465033706 3.147772846622671 3.1411688467419707 3.134564846861271 3.127960846980571 3.121356847099871 3.114752847219171 3.1081488473384713 3.101544847457771 3.0949408475770603 3.08833684769636
3.2714844184255534 3.2728206344193955 3.274156850413238 3.2754930664070825 3.276829282400925 3.2781654983947672 3.2795017143886094 3.2808379303824515 3.282174146376294 3.2835103623701363 3.2848465783639784 3.286182794357821 3.287519010351663 3.2888552263455053 3.2862673891779814 -9999.0 -9999.0 -9999.0 3.2591364342797067 3.252353695555141 3.245570956830575 3.2387882181060093 3.2320054793814434 3.2252227406568776 3.218440001932312 3.211657263207746 3.20487452448318 3.1980917857586144 3.1913090470340486 3.1845263083094713 3.1777435695849054 3.1709608308603396 3.164178092135774 3.157395353411208 3.150612614686642 3.1438298759620764 3.1370471372375106 3.130264398512945 3.123481659788379 3.116698921063813 3.1099161823392474 3.1031334436146816 3.096350704890104 3.0895679661655384
3.2746078607243767 3.276193952479037 3.277780044233697 3.27936613598836 3.2809522277430205 3.282538319497681 3.2841244112523413 3.2857105030070013 3.2872965947616617 3.288882686516322 3.2904687782709825 3.292054870025643 3.293640961780303 3.2952270535349633 3.2926819341192703 -9999.0 -9999.0 -9999.0 -9999.0 3.2578745462771 3.2509130687086687 -9999.0 3.2369901135718053 3.2300286360033734 3.223067158434942 3.21610568086651 3.2091442032980786 3.2021827257296467 3.195221248161215 3.1882597705927718 3.18129829302434 3.1743368154559084 3.1673753378874765 3.160413860319045 3.153452382750613 3.1464909051821817 3.1395294276137498 3.1325679500453183 3.1256064724768864 3.118644994908455 3.1116835173400235 3.1047220397715916 3.097760562203148 3.090799084634716
3.277731303023201 3.2795672705386796 3.281403238054158 3.2832392055696396 3.2850751730851178 3.2869111406005964 3.2887471081160746 3.2905830756315533 3.2924190431470315 3.29425501066251 3.2960909781779884 3.297926945693467 3.299762913208945 3.301598880724424 -9999.0 -9999.0 -9999.0 -9999.0 -9999.0 -9999.0 -9999.0 -9999.0 -9999.0 3.2348345313498714 3.227694314937574 3.2205540985252763 3.2134138821129787 3.206273665700681 3.1991334492883836 3.1919932328760736 3.184853016463776 3.1777128000514785 3.170572583639181 3.1634323672268834 3.156292150814586 3.1491519344022882 3.1420117179899902 3.1348715015776927 3.127731285165395 3.1205910687530976 3.1134508523408 3.1063106359285024 3.0991704195161924 3.092030203103895
3.2808547453220243 3.2829405885983207 3.285026431874617 3.287112275150917 3.2891981184272137 3.29128396170351 3.2933698049798066 3.295455648256103 3.297541491532399 3.2996273348086955 3.301713178084992 3.3037990213612884 3.305884864637585 3.3079707079138814 -9999.0 -9999.0 -9999.0 -9999.0 -9999.0 -9999.0 -9999.0 -9999.0 -9999.0 -9999.0 3.232321471440204 3.2250025161840408 3.217683560927877 3.210364605671714 3.2030456504155502 3.195726695159374 3.188407739903211 3.1810887846470473 3.173769829390884 3.1664508741347204 3.1591319188785567 3.1518129636223935 3.14449400836623 3.1371750531100666 3.129856097853903 3.1225371425977393 3.115218187341576 3.1078992320854124 3.1005802768292363 3.093261321573073
3.2839781876208476 3.286313906657962 3.2886496256950766 3.290985344732195 3.293321063769309 3.295656782806424 3.297992501843538 3.3003282208806524 3.302663939917767 3.3049996589548813 3.307335377991996 3.3096710970291103 3.3120068160662246 3.3143425351033393 3.3119255689431406 -9999.0 -9999.0 -9999.0 -9999.0 -9999.0 -9999.0 -9999.0 -9999.0 -9999.0 3.2369486279428346 3.2294509338428052 3.221953239742776 3.214455545642746 3.206957851542717 3.199460157442675 3.1919624633426453 3.184464769242616 3.1769670751425867 3.1694693810425574 3.161971686942528 3.1544739928424987 3.1469762987424694 3.13947860464244 3.131980910542411 3.1244832164423815 3.116985522342352 3.1094878282423224 3.1019901341422806 3.0944924400422513
3.287101629919672 3.2896872247176043 3.2922728195155373 3.2948584143134743 3.297444009111407 3.3000296039093393 3.302615198707272 3.3052007935052043 3.307786388303137 3.3103719831010694 3.312957577899002 3.3155431726969344 3.318128767494867 3.3207143622927995 3.3183401138844326 -9999.0 -9999.0 -9999.0 -9999.0 -9999.0 -9999.0 -9999.0 -9999.0 -9999.0 -9999.0 3.233899351501571 3.226222918557676 3.2185464856137806 3.2108700526698852 3.203193619725977 3.1955171867820815 3.1878407538381865 3.180164320894291 3.1724878879503957 3.1648114550065003 3.1571350220626053 3.14945858911871 3.1417821561748145 3.134105723230919 3.126429290287024 3.1187528573431287 3.1110764243992333 3.103399991455325 3.0957235585114296
3.284082244817542 3.2868489681832456 3.289615691548949 3.292382414914657 3.295149138280361 3.2979158616460644 3.300682585011768 3.3034493083774716 3.3062160317431752 3.308982755108879 3.3117494784745825 3.314516201840286 3.3172829252059897 3.3200496485716933 3.3178507487645437 -9999.0 -9999.0 -9999.0 -9999.0 -9999.0 -9999.0 -9999.0 -9999.0 -9999.0 -9999.0 -9999.0 -9999.0 -9999.0 -9999.0 3.2052417999002762 3.19773453664266 3.190227273385044 3.182720010127428 3.175212746869812 3.167705483612196 3.1601982203545798 3.1526909570969637 3.1451836938393476 3.1376764305817315 3.1301691673241154 3.1226619040664993 3.1151546408088833 3.1076473775512543 3.1001401142936382
3.2744965643920327 3.277370929909117 3.2802452954262016 3.283119660943291 3.2859940264603753 3.2888683919774597 3.291742757494544 3.2946171230116286 3.297491488528713 3.3003658540457974 3.303240219562882 3.306114585079966 3.3089889505970502 3.3118633161141346 3.309981538926779 -9999.0 -9999.0 -9999.0 -9999.0 -9999.0 -9999.0 -9999.0 -9999.0 -9999.0 -9999.0 -9999.0 -9999.0 -9999.0 -9999.0 -9999.0 -9999.0 3.1915561171585294 3.1845899158780453 3.1776237145975617 3.1706575133170776 3.163691312036594 3.15672511075611 3.1497589094756258 3.142792708195142 3.135826506914658 3.1288603056341744 3.1218941043536903 3.1149279030731947 3.1079617017927106
3.2649108839665195 3.2678928916349848 3.27087489930345 3.2738569069719206 3.276838914640386 3.279820922308851 3.2828029299773163 3.2857849376457815 3.2887669453142463 3.2917489529827115 3.2947309606511768 3.297712968319642 3.3006949759881072 3.3036769836565725 3.3021123290890113 -9999.0 -9999.0 -9999.0 -9999.0 -9999.0 -9999.0 -9999.0 -9999.0 -9999.0 -9999.0 -9999.0 -9999.0 -9999.0 -9999.0 -9999.0 -9999.0 3.1928849609320147 3.1864598216286635 3.180034682325312 3.17360954302196 3.167184403718609 3.1607592644152573 3.154334125111906 3.1479089858085545 3.1414838465052033 3.1350587072018516 3.1286335678985004 3.1222084285951377 3.1157832892917865
3.2553252035410107 3.258414853360857 3.261504503180703 3.264594153000554 3.2676838028204003 3.2707734526402463 3.2738631024600924 3.2769527522799384 3.2800424020997845 3.2831320519196305 3.2862217017394766 3.289311351559322 3.2924010013791682 3.2954906511990143 -9999.0 -9999.0 -9999.0 -9999.0 -9999.0 -9999.0 -9999.0 -9999.0 -9999.0 -9999.0 -9999.0 -9999.0 -9999.0 -9999.0 -9999.0 -9999.0 3.200097882031719 3.1942138047055 3.1883297273792808 3.1824456500530616 3.1765615727268424 3.170677495400623 3.164793418074404 3.1589093407481847 3.1530252634219655 3.1471411860957463 3.141257108769527 3.1353730314433075 3.1294889541170785 3.1236048767908593
3.245739523115502 3.248936815086729 3.2521341070579557 3.255331399029188 3.2585286910004148 3.261725982971641 3.264923274942868 3.268120566914095 3.271317858885322 3.2745151508565487 3.2777124428277755 3.2809097347990024 3.2841070267702293 3.2873043187414557 -9999.0 -9999.0 -9999.0 -9999.0 -9999.0 -9999.0 -9999.0 -9999.0 -9999.0 -9999.0 -9999.0 -9999.0 -9999.0 -9999.0 -9999.0 -9999.0 3.200885663828072 3.195542648478985 3.190199633129898 3.184856617780811 3.1795136024317237 3.174170587082637 3.1688275717335497 3.163484556384463 3.1581415410353757 3.1527985256862885 3.1474555103372017 3.1421124949881145 3.1367694796390184 3.131426464289931
3.2361538426899887 3.2394587768125964 3.242763710935204 3.2460686450578176 3.2493735791804252 3.252678513303033 3.2559834474256406 3.2592883815482483 3.262593315670856 3.2658982497934637 3.2692031839160713 3.2725081180386786 3.2758130521612863 3.279117986283894 -9999.0 -9999.0 -9999.0 -9999.0 -9999.0 -9999.0 -9999.0 -9999.0 -9999.0 -9999.0 -9999.0 -9999.0 -9999.0 -9999.0 3.211277352368343 3.20647539899638 3.2016734456244254 3.1968714922524706 3.1920695388805163 3.1872675855085615 3.182465632136607 3.1776636787646524 3.172861725392698 3.1680597720207433 3.1632578186487885 3.158455865276834 3.1536539119048794 3.148851958532925 3.1440500051609623 3.1392480517890076
3.22656816226448 3.2299807385384685 3.233393314812457 3.2368058910864512 3.2402184673604397 3.243631043634428 3.2470436199084163 3.2504561961824048 3.2538687724563933 3.2572813487303818 3.2606939250043703 3.2641065012783588 3.2675190775523473 -9999.0 -9999.0 -9999.0 -9999.0 -9999.0 -9999.0 -9999.0 -9999.0 -9999.0 -9999.0 -9999.0 -9999.0 -9999.0 -9999.0 -9999.0 3.21098301021043 3.2067221188156005 3.202461227420778 3.1982003360259554 3.193939444631133 3.1896785532363108 3.1854176618414884 3.181156770446666 3.176895879051844 3.1726349876570215 3.168374096262199 3.164113204867377 3.159852313472554 3.1555914220777317 3.1513305306829023 3.14706963928808
3.2169824818389707 3.22050270026434 3.2240229186897094 3.2275431371150844 3.2310633555404538 3.234583573965823 3.2381037923911924 3.2416240108165617 3.2451442292419306 3.2486644476673 3.252184666092669 3.2557048845180385 -9999.0 -9999.0 -9999.0 -9999.0 -9999.0 -9999.0 -9999.0 -9999.0 -9999.0 -9999.0 -9999.0 -9999.0 -9999.0 -9999.0 -9999.0 -9999.0 3.2106886680525175 3.206968838634821 3.203249009217131 3.1995291797994407 3.195809350381751 3.1920895209640605 3.18836969154637 3.1846498621286803 3.18093003271099 3.1772102032932996 3.1734903738756097 3.1697705444579194 3.1660507150402295 3.162330885622539 3.1586110562048426 3.1548912267871523
3.207396801413462 3.211024661990212 3.2146525225669618 3.218280383143718 3.2219082437204682 3.225536104297218 3.229163964873968 3.232791825450718 -9999.0 -9999.0 -9999.0 -9999.0 -9999.0 -9999.0 -9999.0 -9999.0 -9999.0 -9999.0 -9999.0 -9999.0 -9999.0 -9999.0 -9999.0 -9999.0 -9999.0 -9999.0 -9999.0 -9999.0 -9999.0 3.2072155584540414 3.2040367910134835 3.2008580235729256 3.1976792561323677 3.19450048869181 3.191321721251252 3.188142953810694 3.1849641863701357 3.181785418929578 3.17860665148902 3.175427884048462 3.172249116607904 3.169070349167346 3.1658915817267825 3.1627128142862246
3.1978111209879487 3.2015466237160797 3.2052821264442106 3.209017629172348 3.2127531319004787 3.2164886346286097 3.2202241373567406 3.2239596400848716 -9999.0 -9999.0 -9999.0 -9999.0 -9999.0 -9999.0 -9999.0 -9999.0 -9999.0 -9999.0 -9999.0 -9999.0 -9999.0 -9999.0 -9999.0 -9999.0 -9999.0 -9999.0 -9999.0 -9999.0 -9999.0 3.2074622782732627 3.2048245728098372 3.2021868673464113 3.199549161882986 3.1969114564195604 3.194273750956135 3.1916360454927095 3.188998340029284 3.1863606345658586 3.183722929102433 3.1810852236390073 3.178447518175582 3.1758098127121563 3.1731721072487264 3.170534401785301
3.18822544056244 3.1920685854419517 3.195911730321463 3.1997548752009815 -9999.0 3.2074411649600045 -9999.0 -9999.0 -9999.0 -9999.0 -9999.0 -9999.0 -9999.0 -9999.0 -9999.0 -9999.0 -9999.0 -9999.0 -9999.0 -9999.0 -9999.0 -9999.0 -9999.0 -9999.0 -9999.0 -9999.0 -9999.0 -9999.0 -9999.0 -9999.0 -9999.0 3.2035157111198966 3.201419067633603 3.1993224241473097 3.1972257806610163 3.1951291371747232 3.19303249368843 3.1909358502021368 3.1888392067158433 3.18674256322955 3.184645919743257 3.1825492762569634 3.1804526327706664 3.178355989284373
3.178639760136931 3.1825905471678237 3.186541334198716 3.190492121229615 -9999.0 -9999.0 -9999.0 -9999.0 -9999.0 -9999.0 -9999.0 -9999.0 -9999.0 -9999.0 -9999.0 -9999.0 -9999.0 -9999.0 -9999.0 -9999.0 -9999.0 -9999.0 -9999.0 -9999.0 -9999.0 -9999.0 -9999.0 -9999.0 -9999.0 -9999.0 -9999.0 3.204844554893382 3.2032889733842205 3.2017333918750595 3.2001778103658984 3.1986222288567374 3.1970666473475764 3.195511065838415 3.193955484329254 3.192399902820093 3.190844321310932 3.189288739801771 3.1877331582926067 3.1861775767834457
