Figures/CREST_Example_wjb_NSE/PETs/wjb.pet.20090926.asc
ncols            288
nrows            254
xllcorner        113.274861
yllcorner        31.4918055
cellsize         0.008333333333
NODATA_value     -9999
[rows 60 to 79 of 254, columns 0 to 43 of 288]
-9999.0 -9999.0 -9999.0 -9999.0 -9999.0 -9999.0 -9999.0 -9999.0 -9999.0 -9999.0 -9999.0 0.7699396424121223 0.7731118933529441 0.7794395297728723 0.7857671661927899 0.7920948026127073 0.7984224390326248 0.8047500754525423 0.8110777118724598 0.8174053482923772 0.8237329847122947 0.8300606211322122 0.8363882575521298 0.8427158939720472 0.8490435303919647 0.8553711668118822 0.8616988032318105 0.868026439651728 0.8743540760716455 0.8806817124915629 0.8870093489114804 0.8933369853313979 0.8996646217513153 0.9059922581712329 0.9123198945911504 0.9186475310110679 0.9249751674309854 0.9313028038509028 0.9376304402708203 0.9439580766907486 0.9502857131106661 0.9566133495305836 0.9599657985826041 0.9601377050963744
-9999.0 -9999.0 -9999.0 -9999.0 -9999.0 -9999.0 -9999.0 -9999.0 -9999.0 0.772527931444234 0.7727745578051372 0.7730211841660403 0.7761915609161365 0.7824874928967317 0.788783424877316 0.7950793568579004 0.8013752888384847 0.8076712208190692 0.8139671527996535 0.8202630847802379 0.8265590167608222 0.8328549487414066 0.839150880721991 0.8454468127025754 0.8517427446831598 0.8580386766637441 0.8643346086443392 0.8706305406249236 0.8769264726055079 0.8832224045860924 0.8895183365666768 0.8958142685472611 0.9021102005278454 0.9084061325084298 0.9147020644890143 0.9209979964695986 0.927293928450183 0.9335898604307673 0.9398857924113517 0.9461817243919468 0.9524776563725312 0.9587735883531155 0.9621404446578962 0.9623760528654409
-9999.0 -9999.0 -9999.0 -9999.0 -9999.0 -9999.0 -9999.0 -9999.0 -9999.0 0.775557413126675 0.7758300695233166 0.776102725919958 0.779271228479329 0.7855354560205909 0.7917996835618422 0.7980639111030934 0.8043281386443447 0.8105923661855959 0.8168565937268472 0.8231208212680985 0.8293850488093497 0.8356492763506009 0.8419135038918523 0.8481777314331035 0.8544419589743547 0.860706186515606 0.8669704140568679 0.8732346415981191 0.8794988691393705 0.8857630966806217 0.892027324221873 0.8982915517631243 0.9045557793043755 0.9108200068456267 0.917084234386878 0.9233484619281292 0.9296126894693806 0.9358769170106318 0.942141144551883 0.948405372093145 0.9546695996343962 0.9609338271756475 0.9643150907331882 0.9646144006345074
-9999.0 -9999.0 -9999.0 -9999.0 -9999.0 -9999.0 -9999.0 -9999.0 -9999.0 0.7785868948091161 0.778885581241496 0.7791842676738759 0.7823508960425215 0.7885834191444503 0.7948159422463684 0.8010484653482866 0.8072809884502047 0.8135135115521228 0.819746034654041 0.8259785577559591 0.8322110808578772 0.8384436039597953 0.8446761270617136 0.8509086501636317 0.8571411732655498 0.863373696367468 0.8696062194693968 0.8758387425713149 0.882071265673233 0.8883037887751511 0.8945363118770693 0.9007688349789874 0.9070013580809055 0.9132338811828237 0.9194664042847418 0.9256989273866599 0.9319314504885781 0.9381639735904963 0.9443964966924143 0.9506290197943432 0.9568615428962612 0.9630940659981795 0.9664897368084803 0.966852748403574
-9999.0 -9999.0 -9999.0 -9999.0 -9999.0 -9999.0 -9999.0 -9999.0 0.7812916600234387 0.7816163764915571 0.7819410929596754 0.7822658094277937 0.785430563605714 0.7916313822683095 0.7978322009308946 0.8040330195934796 0.8102338382560645 0.8164346569186496 0.8226354755812346 0.8288362942438197 0.8350371129064047 0.8412379315689897 0.8474387502315748 0.8536395688941598 0.8598403875567449 0.8660412062193298 0.8722420248819254 0.8784428435445104 0.8846436622070954 0.8908444808696805 0.8970452995322655 0.9032461181948506 0.9094469368574356 0.9156477555200206 0.9218485741826057 0.9280493928451906 0.9342502115077757 0.9404510301703607 0.9466518488329457 0.9528526674955413 0.9590534861581264 0.9652543048207114 0.9686643828837724 0.9690910961726406
-9999.0 -9999.0 -9999.0 -9999.0 -9999.0 -9999.0 -9999.0 -9999.0 0.7842951116701414 0.7846458581739981 0.7849966046778549 0.7853473511817116 0.7885102311689064 0.7946793453921689 0.8008484596154207 0.8070175738386727 0.8131866880619246 0.8193558022851765 0.8255249165084284 0.8316940307316804 0.8378631449549322 0.8440322591781841 0.850201373401436 0.8563704876246879 0.8625396018479399 0.8687087160711917 0.8748778302944542 0.881046944517706 0.887216058740958 0.8933851729642099 0.8995542871874618 0.9057234014107137 0.9118925156339657 0.9180616298572175 0.9242307440804695 0.9303998583037214 0.9365689725269732 0.9427380867502252 0.9489072009734771 0.9550763151967395 0.9612454294199915 0.9674145436432433 0.9708390289590645 0.9713294439417071
-9999.0 -9999.0 -9999.0 -9999.0 -9999.0 -9999.0 -9999.0 -9999.0 0.7872985633168466 0.7876753398564418 0.7880521163960369 0.7884288929356321 0.7915898987321015 0.7977273085160307 0.8038647182999495 0.8100021280838683 0.816139537867787 0.8222769476517058 0.8284143574356245 0.8345517672195433 0.8406891770034621 0.8468265867873809 0.8529639965712996 0.8591014063552184 0.8652388161391371 0.871376225923056 0.8775136357069852 0.8836510454909039 0.8897884552748226 0.8959258650587414 0.9020632748426602 0.908200684626579 0.9143380944104977 0.9204755041944165 0.9266129139783352 0.932750323762254 0.9388877335461727 0.9450251433300916 0.9511625531140103 0.9572999628979395 0.9634373726818584 0.9695747824657771 0.9730136750343583 0.9735677917107753
-9999.0 -9999.0 -9999.0 -9999.0 -9999.0 -9999.0 -9999.0 -9999.0 0.7903020149635492 0.7907048215388828 0.7911076281142164 0.79151043468955 0.7946695662952941 0.80077527163989 0.8068809769844757 0.8129866823290613 0.819092387673647 0.8251980930182327 0.8313037983628183 0.837409503707404 0.8435152090519896 0.8496209143965753 0.8557266197411609 0.8618323250857466 0.8679380304303322 0.8740437357749179 0.8801494411195139 0.8862551464640995 0.8923608518086852 0.8984665571532708 0.9045722624978565 0.9106779678424421 0.9167836731870278 0.9228893785316135 0.9289950838761991 0.9351007892207848 0.9412064945653704 0.9473121999099561 0.9534179052545417 0.9595236105991377 0.9656293159437234 0.971735021288309 0.9751883211096505 0.975806139479842
-9999.0 -9999.0 -9999.0 -9999.0 -9999.0 -9999.0 -9999.0 0.7928766299991798 0.7933054666102518 0.7937343032213238 0.7941631398323958 0.7945919764434678 0.7977492338584864 0.8038232347637494 0.8098972356690018 0.8159712365742544 0.822045237479507 0.8281192383847594 0.834193239290012 0.8402672401952646 0.8463412411005171 0.8524152420057696 0.8584892429110221 0.8645632438162747 0.8706372447215271 0.8767112456267797 0.8827852465320426 0.8888592474372952 0.8949332483425477 0.9010072492478002 0.9070812501530527 0.9131552510583053 0.9192292519635579 0.9253032528688103 0.9313772537740629 0.9374512546793154 0.9435252555845679 0.9495992564898205 0.955673257395073 0.9617472583003359 0.9678212592055884 0.9738952601108409 0.9773629671849425 0.9780444872489085
-9999.0 -9999.0 -9999.0 -9999.0 -9999.0 -9999.0 -9999.0 0.7958540516101441 0.7963089182569545 0.7967637849037649 0.7972186515505753 0.7976735181973856 0.800828901421679 0.8068711978876086 0.8129134943535281 0.8189557908194475 0.8249980872853669 0.8310403837512863 0.8370826802172058 0.8431249766831251 0.8491672731490446 0.855209569614964 0.8612518660808834 0.8672941625468028 0.8733364590127223 0.8793787554786416 0.8854210519445713 0.8914633484104908 0.8975056448764103 0.9035479413423296 0.909590237808249 0.9156325342741685 0.9216748307400878 0.9277171272060073 0.9337594236719267 0.9398017201378461 0.9458440166037655 0.951886313069685 0.9579286095356043 0.963970906001534 0.9700132024674535 0.976055498933373 0.9795376132602346 0.980282835017975
-9999.0 -9999.0 -9999.0 -9999.0 -9999.0 -9999.0 -9999.0 0.7988314732211083 0.7993123699036571 0.7997932665862059 0.8002741632687547 0.8007550599513035 0.8039085689848714 0.809919161011468 0.8159297530380543 0.8219403450646405 0.8279509370912268 0.8339615291178132 0.8399721211443995 0.8459827131709857 0.851993305197572 0.8580038972241584 0.8640144892507446 0.8700250812773309 0.8760356733039172 0.8820462653305036 0.8880568573571 0.8940674493836864 0.9000780414102727 0.906088633436859 0.9120992254634452 0.9181098174900316 0.9241204095166179 0.9301310015432042 0.9361415935697905 0.9421521855963768 0.9481627776229631 0.9541733696495494 0.9601839616761357 0.9661945537027322 0.9722051457293186 0.9782157377559049 0.9817122593355266 0.9825211827870415
-9999.0 -9999.0 -9999.0 -9999.0 -9999.0 -9999.0 0.8013019681137853 0.8018088948320725 0.8023158215503597 0.802822748268647 0.8033296749869341 0.8038366017052213 0.806988236548064 0.8129671241353273 0.8189460117225805 0.8249248993098337 0.8309037868970869 0.8368826744843401 0.8428615620715932 0.8488404496588464 0.8548193372460996 0.8607982248333528 0.866777112420606 0.8727560000078591 0.8787348875951123 0.8847137751823655 0.8906926627696289 0.8966715503568821 0.9026504379441352 0.9086293255313884 0.9146082131186416 0.9205871007058948 0.926565988293148 0.9325448758804011 0.9385237634676543 0.9445026510549075 0.9504815386421607 0.9564604262294139 0.962439313816667 0.9684182014039304 0.9743970889911836 0.9803759765784368 0.9838869054108188 0.984759530556108
-9999.0 -9999.0 -9999.0 -9999.0 -9999.0 -9999.0 -9999.0 0.8047863164430392 0.8053192731970649 0.8058522299510905 0.8063851867051162 0.8069181434591418 0.810067904111259 0.8160150872591891 0.8219622704071092 0.8279094535550292 0.8338566367029493 0.8398038198508693 0.8457510029987894 0.8516981861467094 0.8576453692946294 0.8635925524425495 0.8695397355904695 0.8754869187383896 0.8814341018863096 0.8873812850342296 0.8933284681821598 0.8992756513300798 0.9052228344779999 0.9111700176259199 0.91711720077384 0.92306438392176 0.92901156706968 0.9349587502176001 0.9409059333655201 0.9468531165134402 0.9528002996613603 0.9587474828092802 0.9646946659572002 0.9706418491051305 0.9765890322530505 0.9825362154009705 0.9860615514861126 0.9869978783251764
-9999.0 -9999.0 -9999.0 -9999.0 -9999.0 -9999.0 -9999.0 -9999.0 0.8083227248437675 0.8088817116335316 0.8094406984232957 0.8099996852130597 0.8131475716744515 0.8190630503830485 0.8249785290916355 0.8308940078002224 0.8368094865088093 0.8427249652173963 0.8486404439259831 0.85455592263457 0.8604714013431569 0.8663868800517439 0.8723023587603308 0.8782178374689177 0.8841333161775047 0.8900487948860916 0.8959642735946886 0.9018797523032756 0.9077952310118624 0.9137107097204493 0.9196261884290362 0.9255416671376232 0.9314571458462101 0.9373726245547971 0.943288103263384 0.9492035819719709 0.9551190606805577 0.9610345393891447 0.9669500180977316 0.9728654968063286 0.9787809755149155 0.9846964542235025 0.9882361975614047 0.9892362260942429
-9999.0 -9999.0 -9999.0 -9999.0 -9999.0 -9999.0 -9999.0 -9999.0 -9999.0 0.8119111933159725 0.812496210141475 0.8130812269669775 0.816227239237644 0.8221110135069077 0.8279947877761615 0.8338785620454153 0.8397623363146692 0.845646110583923 0.8515298848531768 0.8574136591224306 0.8632974333916844 0.8691812076609382 0.875064981930192 0.8809487561994458 0.8868325304686997 0.8927163047379535 0.8986000790072173 0.9044838532764711 0.9103676275457249 0.9162514018149787 0.9221351760842325 0.9280189503534864 0.9339027246227402 0.939786498891994 0.9456702731612477 0.9515540474305015 0.9574378216997553 0.9633215959690091 0.969205370238263 0.9750891445075268 0.9809729187767806 0.9868566930460344 0.9904108436366968 0.9914745738633094
-9999.0 -9999.0 -9999.0 -9999.0 -9999.0 -9999.0 -9999.0 -9999.0 -9999.0 -9999.0 0.8155517218596545 0.8161627687208954 0.8193069068008364 0.8251589766307671 0.8310110464606878 0.8368631162906085 0.8427151861205292 0.8485672559504499 0.8544193257803706 0.8602713956102912 0.8661234654402119 0.8719755352701326 0.8778276051000533 0.883679674929974 0.8895317447598947 0.8953838145898154 0.9012358844197461 0.9070879542496667 0.9129400240795874 0.9187920939095081 0.9246441637394288 0.9304962335693495 0.9363483033992702 0.9422003732291908 0.9480524430591115 0.9539045128890322 0.9597565827189529 0.9656086525488736 0.9714607223787943 0.977312792208725 0.9831648620386457 0.9890169318685664 0.9925854897119889 0.9937129216323759
-9999.0 -9999.0 -9999.0 -9999.0 -9999.0 -9999.0 -9999.0 -9999.0 -9999.0 -9999.0 -9999.0 0.8192443104748132 0.8223865743640288 0.8282069397546263 0.834027305145214 0.8398476705358016 0.8456680359263891 0.8514884013169767 0.8573087667075643 0.8631291320981518 0.8689494974887394 0.874769862879327 0.8805902282699145 0.8864105936605021 0.8922309590510897 0.8980513244416772 0.9038716898322747 0.9096920552228623 0.91551242061345 0.9213327860040375 0.9271531513946251 0.9329735167852127 0.9387938821758002 0.9446142475663878 0.9504346129569754 0.9562549783475629 0.9620753437381505 0.9678957091287381 0.9737160745193256 0.9795364399099231 0.9853568053005107 0.9911771706910983 0.994760135787281 0.9959512694014424
-9999.0 -9999.0 -9999.0 -9999.0 -9999.0 -9999.0 -9999.0 -9999.0 -9999.0 -9999.0 -9999.0 0.8223258522287311 0.8254662419272214 0.8312549028784857 0.8370435638297402 0.8428322247809946 0.8486208857322491 0.8544095466835036 0.860198207634758 0.8659868685860125 0.8717755295372669 0.8775641904885214 0.8833528514397758 0.8891415123910302 0.8949301733422848 0.9007188342935392 0.9065074952448036 0.912296156196058 0.9180848171473125 0.9238734780985669 0.9296621390498214 0.9354508000010758 0.9412394609523302 0.9470281219035848 0.9528167828548392 0.9586054438060936 0.9643941047573481 0.9701827657086026 0.975971426659857 0.9817600876111213 0.9875487485623758 0.9933374095136303 0.9969347818625731 0.9981896171705089
-9999.0 -9999.0 -9999.0 -9999.0 -9999.0 -9999.0 -9999.0 -9999.0 -9999.0 -9999.0 -9999.0 0.8254073939826488 0.8285459094904138 0.8343028660023449 0.8400598225142664 0.8458167790261877 0.851573735538109 0.8573306920500303 0.8630876485619516 0.8688446050738731 0.8746015615857944 0.8803585180977157 0.886115474609637 0.8918724311215585 0.8976293876334798 0.9033863441454011 0.9091433006573323 0.9149002571692536 0.9206572136811749 0.9264141701930962 0.9321711267050177 0.937928083216939 0.9436850397288603 0.9494419962407816 0.955198952752703 0.9609559092646243 0.9667128657765457 0.972469822288467 0.9782267788003883 0.9839837353123195 0.9897406918242408 0.9954976483361622 0.9991094279378652 1.0004279649395753
-9999.0 -9999.0 -9999.0 -9999.0 -9999.0 -9999.0 -9999.0 -9999.0 -9999.0 -9999.0 -9999.0 -9999.0 0.8316255770536088 0.8373508291262068 0.8430760811987951 0.8488013332713833 0.8545265853439714 0.8602518374165596 0.8659770894891479 0.8717023415617361 0.8774275936343243 0.8831528457069124 0.8888780977795007 0.8946033498520889 0.9003286019246771 0.9060538539972652 0.9117791060698632 0.9175043581424515 0.9232296102150397 0.9289548622876278 0.934680114360216 0.9404053664328043 0.9461306185053925 0.9518558705779807 0.9575811226505688 0.963306374723157 0.9690316267957453 0.9747568788683335 0.9804821309409217 0.9862073830135196 0.9919326350861079 0.9976578871586961 1.0012840740131592 1.002666312708644
