Figures/CREST_Example_wjb_NSE/PETs/wjb.pet.20090128.asc
ncols            288
nrows            254
xllcorner        113.274861
yllcorner        31.4918055
cellsize         0.008333333333
NODATA_value     -9999
[rows 20 to 39 of 254, columns 88 to 131 of 288]
0.93791453331534 0.9382440244512874 0.9385735155872348 0.9389030067231827 0.9392324978591301 0.9395619889950775 0.939891480131025 0.9402209712669723 0.9405504624029197 0.9408799535388671 0.9412094446748145 0.9415389358107619 0.9418684269467092 0.9421979180826567 0.9423693240355879 0.9423717333533795 0.9423741426711713 0.9423765519889629 0.9423789613067546 0.9423813706245462 0.9423837799423378 0.9423861892601295 0.9423885985779211 0.9423910078957128 0.9423934172135044 0.9423958265312962 0.9423982358490878 0.9424006451668794 0.9424030544846711 0.9424054638024627 0.9424078731202544 0.942410282438046 0.9424126917558378 -9999.0 -9999.0 -9999.0 -9999.0 -9999.0 -9999.0 -9999.0 -9999.0 -9999.0 -9999.0 -9999.0
0.9398810487194738 0.9401887234992611 0.9404963982790485 0.9408040730588365 0.941111747838624 0.9414194226184114 0.9417270973981988 0.9420347721779861 0.9423424469577736 0.942650121737561 0.9429577965173485 0.9432654712971359 0.9435731460769233 0.9438808208567108 0.9440412154038738 0.944044164052179 0.9440471127004841 0.9440500613487893 0.9440530099970944 0.9440559586453996 0.9440589072937048 0.94406185594201 0.944064804590315 0.9440677532386202 0.9440707018869254 0.9440736505352306 0.9440765991835357 0.9440795478318409 0.9440824964801461 0.9440854451284513 0.9440883937767565 0.9440913424250615 0.9440942910733667 -9999.0 -9999.0 -9999.0 -9999.0 -9999.0 -9999.0 -9999.0 -9999.0 -9999.0 -9999.0 -9999.0
0.9418475641236075 0.9421334225472349 0.9424192809708624 0.9427051393944903 0.9429909978181178 0.9432768562417452 0.9435627146653727 0.943848573089 0.9441344315126275 0.944420289936255 0.9447061483598824 0.9449920067835099 0.9452778652071373 0.9455637236307648 0.9457131067721597 0.9457165947509784 0.945720082729797 0.9457235707086157 0.9457270586874343 0.945730546666253 0.9457340346450717 0.9457375226238903 0.9457410106027091 0.9457444985815278 0.9457479865603464 0.9457514745391651 0.9457549625179837 0.9457584504968024 0.9457619384756211 0.9457654264544397 0.9457689144332584 0.9457724024120772 0.9457758903908958 0.9457793783697145 0.9457828663485331 0.9457863543273518 -9999.0 0.9457933302849891 -9999.0 -9999.0 -9999.0 -9999.0 -9999.0 -9999.0
0.9438140795277412 0.9440781215952087 0.9443421636626761 0.9446062057301441 0.9448702477976115 0.945134289865079 0.9453983319325465 0.945662374000014 0.9459264160674814 0.946190458134949 0.9464545002024164 0.9467185422698838 0.9469825843373514 0.9472466264048188 0.9473849981404455 0.9473890254497778 0.9473930527591099 0.9473970800684421 0.9474011073777743 0.9474051346871065 0.9474091619964387 0.9474131893057708 0.947417216615103 0.9474212439244352 0.9474252712337674 0.9474292985430995 0.9474333258524318 0.9474373531617639 0.9474413804710962 0.9474454077804283 0.9474494350897605 0.9474534623990927 0.9474574897084249 0.947461517017757 0.9474655443270893 0.9474695716364214 0.9474735989457537 0.9474776262550858 0.947481653564418 -9999.0 -9999.0 -9999.0 -9999.0 -9999.0
0.9457805949318749 0.9460228206431824 0.9462650463544899 0.9465072720657979 0.9467494977771054 0.9469917234884129 0.9472339491997204 0.947476174911028 0.9477184006223355 0.947960626333643 0.9482028520449505 0.948445077756258 0.9486873034675655 0.948929529178873 0.9490568895087315 0.9490614561485772 0.9490660227884229 0.9490705894282686 0.9490751560681143 0.9490797227079599 0.9490842893478056 0.9490888559876514 0.9490934226274971 0.9490979892673428 0.9491025559071884 0.9491071225470341 0.9491116891868798 0.9491162558267255 0.9491208224665713 0.9491253891064169 0.9491299557462626 0.9491345223861083 0.949139089025954 0.9491436556657996 0.9491482223056453 0.949152788945491 0.9491573555853368 0.9491619222251825 0.9491664888650281 -9999.0 -9999.0 -9999.0 -9999.0 -9999.0
0.9477471103360087 0.9479675196911562 0.9481879290463037 0.9484083384014517 0.9486287477565992 0.9488491571117467 0.9490695664668942 0.9492899758220418 0.9495103851771893 0.9497307945323369 0.9499512038874844 0.950171613242632 0.9503920225977796 0.9506124319529271 0.9507287808770174 0.9507338868473766 0.9507389928177358 0.950744098788095 0.9507492047584541 0.9507543107288134 0.9507594166991726 0.9507645226695318 0.950769628639891 0.9507747346102502 0.9507798405806094 0.9507849465509686 0.9507900525213278 0.950795158491687 0.9508002644620462 0.9508053704324054 0.9508104764027646 0.9508155823731238 0.950820688343483 0.9508257943138422 0.9508309002842014 0.9508360062545607 0.9508411122249198 0.950846218195279 0.9508513241656382 -9999.0 -9999.0 -9999.0 -9999.0 -9999.0
0.9497136257401423 0.9499122187391299 0.9501108117381175 0.9503094047371053 0.950507997736093 0.9507065907350806 0.9509051837340681 0.9511037767330557 0.9513023697320433 0.9515009627310308 0.9516995557300184 0.951898148729006 0.9520967417279935 0.9522953347269811 0.9524006722453032 0.952406317546176 0.9524119628470487 0.9524176081479214 0.9524232534487941 0.9524288987496669 0.9524345440505395 0.9524401893514123 0.9524458346522849 0.9524514799531577 0.9524571252540304 0.952462770554903 0.9524684158557758 0.9524740611566485 0.9524797064575212 0.9524853517583939 0.9524909970592667 0.9524966423601393 0.9525022876610121 0.9525079329618847 0.9525135782627575 0.9525192235636302 0.9525248688645029 0.9525305141653756 0.9525361594662484 -9999.0 -9999.0 -9999.0 -9999.0 -9999.0
0.9516801411442777 0.9518569177871053 0.9520336944299329 0.9522104710727608 0.9523872477155884 0.9525640243584159 0.9527408010012436 0.9529175776440711 0.9530943542868987 0.9532711309297263 0.9534479075725538 0.9536246842153815 0.953801460858209 0.9539782375010366 0.9540725636135906 0.9540787482449768 0.9540849328763631 0.9540911175077492 0.9540973021391355 0.9541034867705217 0.9541096714019079 0.9541158560332942 0.9541220406646804 0.9541282252960666 0.9541344099274528 0.954140594558839 0.9541467791902253 0.9541529638216115 0.9541591484529977 0.9541653330843839 0.9541715177157701 0.9541777023471564 0.9541838869785426 0.9541900716099289 0.9541962562413151 0.9542024408727012 0.9542086255040875 0.9542148101354737 0.95422099476686 0.9542271793982462 0.9542333640296324 0.9542395486610186 -9999.0 -9999.0
0.9538699995304296 0.9540493913362146 0.9542287831419995 0.9544081749477848 0.9545875667535698 0.9547669585593548 0.9549463503651398 0.9551257421709247 0.9553051339767098 0.9554845257824948 0.9556639175882797 0.9558433093940647 0.9560227011998497 0.9562020930056346 0.9562928424100295 0.9562888310830274 0.9562848197560253 0.9562808084290232 0.9562767971020211 0.956272785775019 0.9562687744480168 0.9562647631210148 0.9562607517940127 0.9562567404670106 0.9562527291400085 0.9562487178130064 0.9562447064860042 0.9562406951590021 0.9562366838320001 0.956232672504998 0.9562286611779959 0.9562246498509938 0.9562206385239916 0.9562166271969895 0.9562126158699874 0.9562086045429854 0.9562045932159833 0.9562005818889812 0.956196570561979 0.9561925592349769 0.9561885479079748 0.9561845365809727 0.9561805252539707 0.9561765139269686
0.9562985974806824 0.956506720202746 0.9567148429248096 0.9569229656468735 0.9571310883689371 0.9573392110910006 0.9575473338130642 0.9577554565351278 0.9579635792571914 0.9581717019792549 0.9583798247013186 0.9585879474233822 0.9587960701454457 0.9590041928675093 0.959099312786668 0.959073630154393 0.9590479475221177 0.9590222648898427 0.9589965822575676 0.9589708996252924 0.9589452169930173 0.9589195343607422 0.958893851728467 0.9588681690961919 0.9588424864639168 0.9588168038316416 0.9587911211993665 0.9587654385670914 0.9587397559348162 0.9587140733025411 0.9586883906702659 0.9586627080379908 0.9586370254057157 0.9586113427734405 0.9585856601411654 0.9585599775088903 0.9585342948766151 0.95850861224434 0.9584829296120649 0.9584572469797898 0.9584315643475146 0.9584058817152395 0.9583801990829643 0.9583545164506893
0.9587271954309352 0.9589640490692773 0.9592009027076196 0.9594377563459622 0.9596746099843043 0.9599114636226465 0.9601483172609886 0.9603851708993308 0.960622024537673 0.9608588781760151 0.9610957318143573 0.9613325854526995 0.9615694390910416 0.9618062927293838 0.9619057831633065 0.9618584292257584 0.9618110752882102 0.961763721350662 0.9617163674131138 0.9616690134755658 0.9616216595380176 0.9615743056004694 0.9615269516629212 0.9614795977253732 0.961432243787825 0.9613848898502768 0.9613375359127287 0.9612901819751806 0.9612428280376324 0.9611954741000842 0.961148120162536 0.9611007662249879 0.9610534122874398 0.9610060583498916 0.9609587044123434 0.9609113504747953 0.9608639965372472 0.960816642599699 0.9607692886621508 0.9607219347246028 0.9606745807870546 0.9606272268495064 0.9605798729119582 0.96053251897441
0.9611557933811881 0.9614213779358088 0.9616869624904296 0.9619525470450508 0.9622181315996715 0.9624837161542923 0.9627493007089131 0.9630148852635338 0.9632804698181546 0.9635460543727754 0.9638116389273961 0.9640772234820169 0.9643428080366376 0.9646083925912584 0.9647122535399452 0.9646432282971239 0.9645742030543026 0.9645051778114815 0.9644361525686603 0.9643671273258392 0.9642981020830179 0.9642290768401968 0.9641600515973756 0.9640910263545545 0.9640220011117333 0.9639529758689122 0.9638839506260909 0.9638149253832697 0.9637459001404486 0.9636768748976273 0.9636078496548062 0.9635388244119849 0.9634697991691638 0.9634007739263426 0.9633317486835214 0.9632627234407003 0.963193698197879 0.9631246729550579 0.9630556477122367 0.9629866224694156 0.9629175972265944 0.9628485719837733 0.9627795467409519 0.9627105214981307
0.9635843913314408 0.9638787068023402 0.9641730222732395 0.9644673377441394 0.9647616532150387 0.9650559686859381 0.9653502841568374 0.9656445996277369 0.9659389150986362 0.9662332305695355 0.9665275460404349 0.9668218615113342 0.9671161769822335 0.9674104924531329 0.9675187239165836 0.9674280273684894 0.9673373308203951 0.9672466342723008 0.9671559377242066 0.9670652411761125 0.9669745446280182 0.9668838480799241 0.9667931515318299 0.9667024549837356 0.9666117584356415 0.9665210618875473 0.966430365339453 0.9663396687913589 0.9662489722432647 0.9661582756951703 0.9660675791470762 0.965976882598982 0.9658861860508877 0.9657954895027936 0.9657047929546994 0.9656140964066052 0.965523399858511 0.9654327033104168 0.9653420067623226 0.9652513102142284 0.9651606136661341 0.96506991711804 0.9649792205699457 0.9648885240218514
0.9660129892816958 0.9663360356688737 0.9666590820560517 0.9669821284432302 0.9673051748304081 0.9676282212175861 0.967951267604764 0.9682743139919421 0.96859736037912 0.968920406766298 0.9692434531534759 0.9695664995406539 0.9698895459278318 0.9702125923150099 0.9703251942932245 0.9702128264398573 0.9701004585864899 0.9699880907331225 0.9698757228797553 0.9697633550263881 0.9696509871730209 0.9695386193196537 0.9694262514662864 0.9693138836129191 0.9692015157595519 0.9690891479061847 0.9689767800528175 0.9688644121994502 0.968752044346083 0.9686396764927155 0.9685273086393483 0.9684149407859811 0.9683025729326139 0.9681902050792466 0.9680778372258794 0.9679654693725122 0.9678531015191449 0.9677407336657776 0.9676283658124104 0.9675159979590432 0.967403630105676 0.9672912622523088 0.9671788943989413 0.967066526545574
0.9684415872319486 0.9687933645354052 0.9691451418388617 0.9694969191423188 0.9698486964457754 0.970200473749232 0.9705522510526885 0.9709040283561451 0.9712558056596017 0.9716075829630583 0.9719593602665147 0.9723111375699713 0.9726629148734279 0.9730146921768844 0.9731316646698631 0.9729976255112228 0.9728635863525823 0.972729547193942 0.9725955080353018 0.9724614688766615 0.9723274297180212 0.972193390559381 0.9720593514007407 0.9719253122421004 0.9717912730834602 0.97165723392482 0.9715231947661797 0.9713891556075395 0.9712551164488992 0.9711210772902586 0.9709870381316184 0.9708529989729782 0.9707189598143379 0.9705849206556976 0.9704508814970574 0.9703168423384171 0.9701828031797768 0.9700487640211366 0.9699147248624963 0.969780685703856 0.9696466465452158 0.9695126073865755 0.969378568227935 0.9692445290692948
0.9708701851822015 0.9712506934019366 0.9716312016216717 0.9720117098414075 0.9723922180611427 0.9727727262808779 0.973153234500613 0.9735337427203482 0.9739142509400833 0.9742947591598184 0.9746752673795536 0.9750557755992888 0.9754362838190239 0.975816792038759 0.9759381350465016 0.9757824245825883 0.9756267141186749 0.9754710036547615 0.9753152931908482 0.9751595827269349 0.9750038722630217 0.9748481617991084 0.9746924513351951 0.9745367408712818 0.9743810304073686 0.9742253199434553 0.9740696094795419 0.9739138990156286 0.9737581885517154 0.9736024780878019 0.9734467676238886 0.9732910571599752 0.9731353466960619 0.9729796362321487 0.9728239257682354 0.9726682153043221 0.9725125048404089 0.9723567943764956 0.9722010839125823 0.972045373448669 0.9718896629847557 0.9717339525208424 0.9715782420569289 0.9714225315930156
0.9732987831324542 0.973708022268468 0.9741172614044817 0.9745265005404962 0.9749357396765099 0.9753449788125237 0.9757542179485373 0.9761634570845511 0.9765726962205649 0.9769819353565786 0.9773911744925924 0.9778004136286061 0.9782096527646198 0.9786188919006336 0.9787446054231401 0.9785672236539538 0.9783898418847672 0.9782124601155809 0.9780350783463946 0.9778576965772082 0.977680314808022 0.9775029330388356 0.9773255512696494 0.977148169500463 0.9769707877312768 0.9767934059620904 0.9766160241929042 0.9764386424237178 0.9762612606545314 0.9760838788853449 0.9759064971161586 0.9757291153469723 0.975551733577786 0.9753743518085997 0.9751969700394133 0.9750195882702271 0.9748422065010407 0.9746648247318545 0.9744874429626681 0.9743100611934818 0.9741326794242955 0.9739552976551092 0.9737779158859226 0.9736005341167363
0.9757273810827071 0.9761653511349995 0.9766033211872918 0.9770412912395848 0.9774792612918772 0.9779172313441695 0.9783552013964618 0.9787931714487542 0.9792311415010465 0.9796691115533389 0.9801070816056312 0.9805450516579235 0.9809830217102159 0.9814209917625082 0.9815510757997787 0.9813520227253194 0.9811529696508596 0.9809539165764003 0.980754863501941 0.9805558104274816 0.9803567573530223 0.980157704278563 0.9799586512041036 0.9797595981296443 0.979560545055185 0.9793614919807256 0.9791624389062663 0.978963385831807 0.9787643327573476 0.978565279682888 0.9783662266084286 0.9781671735339693 0.97796812045951 0.9777690673850506 0.9775700143105913 0.977370961236132 0.9771719081616727 0.9769728550872133 0.976773802012754 0.9765747489382947 0.9763756958638353 0.976176642789376 0.9759775897149163 0.975778536640457
0.9781559790329599 0.9786226800015309 0.9790893809701018 0.9795560819386735 0.9800227829072444 0.9804894838758154 0.9809561848443862 0.9814228858129571 0.981889586781528 0.982356287750099 0.9828229887186699 0.9832896896872408 0.9837563906558118 0.9842230916243827 0.9843575461764171 0.9841368217966848 0.9839160974169521 0.9836953730372197 0.9834746486574873 0.983253924277755 0.9830331998980226 0.9828124755182903 0.9825917511385579 0.9823710267588256 0.9821503023790932 0.9819295779993609 0.9817088536196285 0.9814881292398961 0.9812674048601638 0.9810466804804311 0.9808259561006987 0.9806052317209664 0.980384507341234 0.9801637829615016 0.9799430585817692 0.9797223342020369 0.9795016098223046 0.9792808854425722 0.9790601610628399 0.9788394366831075 0.9786187123033752 0.9783979879236427 0.9781772635439101 0.9779565391641777
0.9805845769832128 0.9810800088680622 0.9815754407529118 0.9820708726377622 0.9825663045226116 0.9830617364074612 0.9835571682923107 0.9840526001771602 0.9845480320620097 0.9850434639468593 0.9855388958317087 0.9860343277165583 0.9865297596014078 0.9870251914862573 0.9871640165530557 0.9869216208680504 0.9866792251830445 0.9864368294980392 0.9861944338130338 0.9859520381280285 0.9857096424430231 0.9854672467580177 0.9852248510730123 0.9849824553880069 0.9847400597030015 0.9844976640179961 0.9842552683329908 0.9840128726479854 0.98377047696298 0.9835280812779742 0.9832856855929688 0.9830432899079634 0.9828008942229581 0.9825584985379527 0.9823161028529473 0.982073707167942 0.9818313114829366 0.9815889157979312 0.9813465201129258 0.9811041244279204 0.9808617287429151 0.9806193330579097 0.9803769373729039 0.9801345416878985
