Figures/CREST_Example_wjb_NSE/PETs/wjb.pet.20090915.asc
ncols            288
nrows            254
xllcorner        113.274861
yllcorner        31.4918055
cellsize         0.008333333333
NODATA_value     -9999
[rows 80 to 99 of 254, columns 132 to 175 of 288]
1.518629933710735 1.5163706809383994 1.5141114281660637 1.5118521753937282 1.5095929226213927 1.5073336698490571 1.5050744170767216 1.5028151643043859 1.5005559115320504 1.4982966587597149 1.4960374059873793 1.4937781532150398 1.4915189004427043 1.4892596476703688 1.4870003948980333 1.4847411421256975 1.482481889353362 1.4802226365810265 1.477963383808691 1.4757041310363554 1.4734448782640197 1.4711856254916842 1.4689263727193487 1.4666671199470132 1.4644078671746736 1.4621486144023381 1.4598893616300026 1.457630108857667 1.4553708560853313 1.4531116033129958 1.4515605940911533 1.4507667132462974 1.4499728324014414 1.4491789515565852 1.4483850707117292 1.4475911898668732 1.4467973090220172 1.4460034281771597 1.4452095473323037 1.4444156664874477 1.4436217856425917 1.4428279047977355 1.4420340239528795 1.4412401431080235
1.5027344214061273 1.5005343972997864 1.4983343731934455 1.4961343490871044 1.4939343249807635 1.4917343008744226 1.4895342767680817 1.4873342526617408 1.4851342285554 1.482934204449059 1.480734180342718 1.4785341562363734 1.4763341321300325 1.4741341080236916 1.4719340839173507 1.4697340598110098 1.467534035704669 1.465334011598328 1.4631339874919869 1.460933963385646 1.458733939279305 1.4565339151729642 1.4543338910666233 1.4521338669602823 1.4499338428539377 1.4477338187475968 1.4455337946412559 1.443333770534915 1.441133746428574 1.4389337223222332 1.4374273719237418 1.43666257441086 1.4358977768979782 1.4351329793850964 1.4343681818722145 1.4336033843593328 1.432838586846451 1.4320737893335678 1.431308991820686 1.430544194307804 1.4297793967949224 1.4290145992820404 1.4282498017691587 1.427485004256277
1.48683890910152 1.4846981136611737 1.4825573182208274 1.480416522780481 1.4782757273401348 1.4761349318997885 1.4739941364594422 1.471853341019096 1.4697125455787496 1.4675717501384034 1.465430954698057 1.463290159257707 1.4611493638173607 1.4590085683770144 1.4568677729366681 1.4547269774963218 1.4525861820559756 1.4504453866156293 1.448304591175283 1.4461637957349367 1.4440230002945904 1.4418822048542441 1.4397414094138978 1.4376006139735518 1.4354598185332017 1.4333190230928554 1.4311782276525091 1.4290374322121628 1.4268966367718166 1.4247558413314703 1.4232941497563303 1.4225584355754228 1.4218227213945152 1.4210870072136075 1.4203512930327 1.4196155788517923 1.4188798646708847 1.4181441504899759 1.4174084363090682 1.4166727221281608 1.415937007947253 1.4152012937663456 1.414465579585438 1.4137298654045303
1.4709433967969123 1.4688618300225607 1.4667802632482092 1.4646986964738575 1.4626171296995059 1.4605355629251542 1.4584539961508025 1.4563724293764508 1.4542908626020992 1.4522092958277475 1.4501277290533958 1.4480461622790408 1.4459645955046891 1.4438830287303375 1.4418014619559858 1.4397198951816341 1.4376383284072825 1.4355567616329308 1.433475194858579 1.4313936280842277 1.429312061309876 1.4272304945355243 1.4251489277611726 1.423067360986821 1.4209857942124657 1.418904227438114 1.4168226606637624 1.4147410938894107 1.4126595271150593 1.4105779603407076 1.4091609275889188 1.4084542967399853 1.407747665891052 1.4070410350421187 1.4063344041931853 1.405627773344252 1.4049211424953185 1.404214511646384 1.4035078807974506 1.4028012499485172 1.4020946190995838 1.4013879882506504 1.400681357401717 1.3999747265527838
1.4550478844923047 1.4530255463839477 1.4510032082755908 1.4489808701672338 1.4469585320588767 1.4449361939505196 1.4429138558421628 1.4408915177338057 1.4388691796254487 1.4368468415170916 1.4348245034087348 1.4328021653003742 1.4307798271920174 1.4287574890836603 1.4267351509753032 1.4247128128669462 1.4226904747585891 1.4206681366502323 1.4186457985418752 1.4166234604335182 1.414601122325161 1.4125787842168043 1.4105564461084472 1.4085341080000902 1.4065117698917298 1.4044894317833727 1.4024670936750157 1.4004447555666588 1.3984224174583018 1.3964000793499447 1.3950277054215072 1.394350157904548 1.393672610387589 1.3929950628706298 1.3923175153536707 1.3916399678367115 1.3909624203197524 1.3902848728027921 1.3896073252858328 1.3889297777688736 1.3882522302519145 1.3875746827349553 1.3868971352179962 1.386219587701037
1.4391523721876838 1.4371892627453215 1.435226153302959 1.4332630438605969 1.4312999344182344 1.4293368249758722 1.4273737155335098 1.4254106060911476 1.4234474966487853 1.421484387206423 1.4195212777640607 1.417558168321695 1.4155950588793327 1.4136319494369702 1.411668839994608 1.4097057305522458 1.4077426211098834 1.4057795116675211 1.4038164022251587 1.4018532927827965 1.399890183340434 1.3979270738980718 1.3959639644557096 1.3940008550133471 1.3920377455709816 1.3900746361286191 1.388111526686257 1.3861484172438945 1.3841853078015323 1.3822221983591698 1.3808944832540837 1.3802460190690988 1.379597554884114 1.378949090699129 1.3783006265141442 1.377652162329159 1.3770036981441742 1.3763552339591882 1.3757067697742034 1.3750583055892185 1.3744098414042336 1.3737613772192487 1.3731129130342636 1.3724644488492788
1.4232568598830764 1.4213529791067088 1.419449098330341 1.4175452175539733 1.4156413367776057 1.413737456001238 1.4118335752248703 1.4099296944485027 1.4080258136721349 1.4061219328957673 1.4042180521193997 1.4023141713430287 1.4004102905666609 1.3985064097902933 1.3966025290139257 1.3946986482375578 1.3927947674611902 1.3908908866848226 1.3889870059084548 1.3870831251320872 1.3851792443557196 1.3832753635793518 1.3813714828029842 1.3794676020266166 1.3775637212502456 1.3756598404738778 1.3737559596975102 1.3718520789211426 1.3699481981447748 1.3680443173684071 1.3667612610866722 1.3661418802336616 1.3655224993806507 1.3649031185276401 1.3642837376746295 1.3636643568216187 1.363044975968608 1.3624255951155964 1.3618062142625857 1.361186833409575 1.3605674525565643 1.3599480717035537 1.3593286908505429 1.3587093099975323
1.4073613475784688 1.4055166954680955 1.4036720433577226 1.4018273912473496 1.3999827391369766 1.3981380870266036 1.3962934349162304 1.3944487828058574 1.3926041306954844 1.3907594785851114 1.3889148264747384 1.387070174364362 1.385225522253989 1.383380870143616 1.3815362180332431 1.37969156592287 1.377846913812497 1.376002261702124 1.374157609591751 1.372312957481378 1.3704683053710047 1.3686236532606317 1.3667790011502587 1.3649343490398858 1.3630896969295094 1.3612450448191364 1.3594003927087634 1.3575557405983905 1.3557110884880175 1.3538664363776443 1.3526280389192606 1.352037741398224 1.3514474438771877 1.3508571463561512 1.3502668488351148 1.3496765513140783 1.349086253793042 1.3484959562720045 1.347905658750968 1.3473153612299316 1.346725063708895 1.3461347661878587 1.345544468666822 1.3449541711457857
1.3966236722119933 1.394852253670737 1.3930808351294806 1.391309416588224 1.3895379980469675 1.387766579505711 1.3859951609644547 1.3842237424231982 1.3824523238819417 1.3806809053406852 1.3789094867994287 1.3771380682581693 1.3753666497169128 1.3735952311756563 1.3718238126343998 1.3700523940931435 1.368280975551887 1.3665095570106305 1.364738138469374 1.3629667199281175 1.3611953013868612 1.3594238828456047 1.3576524643043482 1.3558810457630917 1.3541096272218323 1.3523382086805757 1.3505667901393192 1.3487953715980627 1.3470239530568064 1.34525253451555 1.3440530957150192 1.343465116196346 1.3428771366776728 1.3422891571589999 1.3417011776403267 1.3411131981216535 1.3405252186029804 1.3399372390843063 1.339349259565633 1.3387612800469602 1.338173300528287 1.3375853210096138 1.3369973414909408 1.3364093619722677
1.3913993993398426 1.3897161847261554 1.3880329701124685 1.3863497554987814 1.3846665408850944 1.3829833262714073 1.3813001116577204 1.3796168970440332 1.3779336824303463 1.3762504678166594 1.3745672532029722 1.3728840385892824 1.3712008239755953 1.3695176093619084 1.3678343947482212 1.3661511801345343 1.3644679655208471 1.3627847509071602 1.3611015362934733 1.3594183216797862 1.3577351070660992 1.356051892452412 1.3543686778387252 1.352685463225038 1.3510022486113482 1.3493190339976613 1.3476358193839741 1.3459526047702872 1.3442693901566 1.3425861755429132 1.341419602282703 1.3408053303165461 1.3401910583503893 1.3395767863842323 1.3389625144180755 1.3383482424519186 1.3377339704857616 1.3371196985196037 1.3365054265534468 1.3358911545872898 1.335276882621133 1.3346626106549762 1.3340483386888191 1.3334340667226623
1.3861751264676914 1.3845801157815738 1.3829851050954562 1.3813900944093387 1.379795083723221 1.3782000730371033 1.3766050623509858 1.3750100516648682 1.3734150409787507 1.371820030292633 1.3702250196065155 1.3686300089203953 1.3670349982342775 1.36543998754816 1.3638449768620424 1.3622499661759249 1.3606549554898073 1.3590599448036897 1.3574649341175722 1.3558699234314546 1.354274912745337 1.3526799020592195 1.351084891373102 1.3494898806869844 1.347894870000864 1.3462998593147464 1.3447048486286288 1.3431098379425113 1.3415148272563937 1.3399198165702761 1.3387861088503867 1.338145544436746 1.3375049800231054 1.3368644156094647 1.336223851195824 1.3355832867821833 1.3349427223685426 1.3343021579549008 1.3336615935412601 1.3330210291276194 1.3323804647139788 1.331739900300338 1.3310993358866974 1.3304587714730567
1.3809508535955404 1.3794440468369922 1.3779372400784442 1.376430433319896 1.3749236265613478 1.3734168198027996 1.3719100130442516 1.3704032062857034 1.3688963995271552 1.367389592768607 1.365882786010059 1.3643759792515082 1.3628691724929602 1.361362365734412 1.3598555589758639 1.3583487522173157 1.3568419454587677 1.3553351387002195 1.3538283319416713 1.3523215251831233 1.3508147184245751 1.349307911666027 1.3478011049074787 1.3462942981489308 1.34478749139038 1.343280684631832 1.3417738778732837 1.3402670711147355 1.3387602643561873 1.3372534575976394 1.3361526154180707 1.3354857585569462 1.3348189016958216 1.3341520448346973 1.3334851879735727 1.3328183311124482 1.3321514742513239 1.3314846173901982 1.3308177605290736 1.3301509036679493 1.3294840468068247 1.3288171899457002 1.3281503330845756 1.3274834762234513
1.375726580723385 1.3743079778924063 1.3728893750614277 1.371470772230449 1.3700521693994705 1.3686335665684919 1.3672149637375133 1.3657963609065347 1.364377758075556 1.3629591552445774 1.3615405524135988 1.3601219495826178 1.3587033467516392 1.3572847439206606 1.355866141089682 1.3544475382587033 1.3530289354277247 1.3516103325967461 1.3501917297657675 1.348773126934789 1.3473545241038103 1.3459359212728317 1.344517318441853 1.3430987156108745 1.3416801127798934 1.3402615099489148 1.3388429071179362 1.3374243042869576 1.3360057014559787 1.3345870986250001 1.3335191219857523 1.332825972677144 1.3321328233685357 1.3314396740599275 1.3307465247513193 1.3300533754427109 1.3293602261341027 1.3286670768254931 1.327973927516885 1.3272807782082765 1.3265876288996683 1.3258944795910599 1.3252013302824517 1.3245081809738433
1.3705023078512342 1.369171908947825 1.3678415100444157 1.3665111111410064 1.3651807122375974 1.3638503133341882 1.362519914430779 1.3611895155273699 1.3598591166239606 1.3585287177205514 1.3571983188171421 1.355867919913731 1.3545375210103217 1.3532071221069124 1.3518767232035032 1.3505463243000941 1.349215925396685 1.3478855264932756 1.3465551275898666 1.3452247286864574 1.3438943297830481 1.3425639308796389 1.3412335319762299 1.3399031330728206 1.3385727341694091 1.337242335266 1.3359119363625909 1.3345815374591816 1.3332511385557724 1.3319207396523631 1.330885628553436 1.330166186797344 1.329446745041252 1.3287273032851599 1.3280078615290678 1.3272884197729757 1.3265689780168837 1.3258495362607903 1.3251300945046982 1.3244106527486061 1.323691210992514 1.322971769236422 1.32225232748033 1.3215328857242379
1.3652780349790832 1.3640358400032433 1.3627936450274036 1.361551450051564 1.360309255075724 1.3590670600998844 1.3578248651240448 1.3565826701482049 1.3553404751723652 1.3540982801965256 1.3528560852206857 1.3516138902448438 1.3503716952690041 1.3491295002931645 1.3478873053173246 1.346645110341485 1.3454029153656453 1.3441607203898054 1.3429185254139657 1.341676330438126 1.3404341354622862 1.3391919404864465 1.3379497455106066 1.336707550534767 1.335465355558925 1.3342231605830854 1.3329809656072455 1.3317387706314059 1.3304965756555662 1.3292543806797263 1.32825213512112 1.3275064009175441 1.3267606667139682 1.3260149325103923 1.3252691983068166 1.3245234641032406 1.3237777298996647 1.3230319956960876 1.3222862614925117 1.3215405272889358 1.32079479308536 1.3200490588817841 1.3193033246782082 1.3185575904746323
1.360053762106932 1.3588997710586617 1.3577457800103914 1.356591788962121 1.3554377979138508 1.3542838068655805 1.3531298158173102 1.3519758247690399 1.3508218337207696 1.3496678426724993 1.348513851624229 1.347359860575957 1.3462058695276866 1.3450518784794163 1.343897887431146 1.3427438963828757 1.3415899053346054 1.3404359142863351 1.3392819232380648 1.3381279321897945 1.3369739411415242 1.335819950093254 1.3346659590449836 1.3335119679967133 1.332357976948441 1.3312039859001707 1.3300499948519005 1.3288960038036302 1.3277420127553599 1.3265880217070896 1.3256186416888038 1.3248466150377443 1.3240745883866845 1.3233025617356249 1.3225305350845653 1.3217585084335055 1.320986481782446 1.320214455131385 1.3194424284803252 1.3186704018292656 1.317898375178206 1.3171263485271463 1.3163543218760867 1.315582295225027
1.354829489234781 1.3537637021140803 1.3526979149933793 1.3516321278726784 1.3505663407519777 1.3495005536312767 1.3484347665105758 1.347368979389875 1.3463031922691742 1.3452374051484735 1.3441716180277725 1.3431058309070698 1.3420400437863689 1.3409742566656682 1.3399084695449672 1.3388426824242663 1.3377768953035656 1.3367111081828646 1.335645321062164 1.334579533941463 1.333513746820762 1.3324479597000614 1.3313821725793604 1.3303163854586595 1.329250598337957 1.328184811217256 1.3271190240965551 1.3260532369758544 1.3249874498551535 1.3239216627344526 1.3229851482564876 1.3221868291579442 1.3213885100594007 1.3205901909608573 1.3197918718623138 1.3189935527637704 1.318195233665227 1.3173969145666822 1.3165985954681387 1.3158002763695953 1.3150019572710518 1.3142036381725084 1.313405319073965 1.3126069999754215
1.3496052163626302 1.3486276331694986 1.3476500499763673 1.346672466783236 1.3456948835901044 1.344717300396973 1.3437397172038417 1.3427621340107103 1.3417845508175787 1.3408069676244474 1.339829384431316 1.338851801238183 1.3378742180450516 1.33689663485192 1.3359190516587887 1.3349414684656573 1.3339638852725257 1.3329863020793944 1.332008718886263 1.3310311356931317 1.3300535525000001 1.3290759693068688 1.3280983861137374 1.3271208029206059 1.326143219727473 1.3251656365343414 1.32418805334121 1.3232104701480787 1.3222328869549473 1.3212553037618158 1.3203516548241714 1.3195270432781443 1.318702431732117 1.31787782018609 1.3170532086400626 1.3162285970940353 1.3154039855480082 1.3145793740019796 1.3137547624559522 1.312930150909925 1.3121055393638978 1.3112809278178705 1.3104563162718434 1.3096317047258161
1.3443809434904748 1.3434915642249128 1.342602184959351 1.341712805693789 1.340823426428227 1.3399340471626653 1.3390446678971033 1.3381552886315413 1.3372659093659796 1.3363765301004176 1.3354871508348558 1.3345977715692923 1.3337083923037305 1.3328190130381685 1.3319296337726065 1.3310402545070448 1.3301508752414828 1.3292614959759208 1.328372116710359 1.327482737444797 1.3265933581792353 1.3257039789136733 1.3248145996481113 1.3239252203825496 1.323035841116986 1.3221464618514243 1.3212570825858623 1.3203677033203003 1.3194783240547385 1.3185889447891765 1.317718161391853 1.316867257398342 1.3160163534048308 1.3151654494113199 1.314314545417809 1.3134636414242977 1.3126127374307868 1.3117618334372743 1.3109109294437633 1.3100600254502521 1.3092091214567412 1.30835821746323 1.307507313469719 1.306656409476208
1.3391566706183238 1.3383554952803314 1.337554319942339 1.3367531446043464 1.335951969266354 1.3351507939283616 1.334349618590369 1.3335484432523765 1.3327472679143841 1.3319460925763917 1.3311449172383991 1.3303437419004054 1.329542566562413 1.3287413912244204 1.327940215886428 1.3271390405484356 1.3263378652104432 1.3255366898724505 1.3247355145344581 1.3239343391964657 1.3231331638584733 1.3223319885204807 1.3215308131824883 1.320729637844496 1.319928462506502 1.3191272871685096 1.3183261118305172 1.3175249364925248 1.3167237611545322 1.3159225858165398 1.315084667959537 1.3142074715185421 1.3133302750775473 1.3124530786365525 1.3115758821955577 1.3106986857545628 1.309821489313568 1.3089442928725716 1.3080670964315768 1.307189899990582 1.3063127035495872 1.3054355071085924 1.3045583106675975 1.3036811142266027
