Figures/CREST_Example_wjb_NSE/PETs/wjb.pet.20090512.asc
ncols            288
nrows            254
xllcorner        113.274861
yllcorner        31.4918055
cellsize         0.008333333333
NODATA_value     -9999
[rows 20 to 39 of 254, columns 44 to 87 of 288]
2.9955845925069875 2.997850022585874 3.0001154526647613 3.002380882743648 3.0046463128225347 3.0069117429014214 3.0091771729803085 3.011442603059195 3.013708033138086 3.0159734632169726 3.0182388932958593 3.0205043233747464 -9999.0 -9999.0 -9999.0 -9999.0 -9999.0 -9999.0 -9999.0 -9999.0 -9999.0 -9999.0 -9999.0 -9999.0 -9999.0 -9999.0 3.054485774558052 3.0567512046369387 3.0596073631840515 3.0630950238177395 3.066582684451427 3.070070345085115 3.073558005718803 3.077045666352491 3.0805333269861848 3.0840209876198728 3.0875086482535608 3.0909963088872487 3.0944839695209367 3.0979716301546247 3.1014592907883123 3.1049469514220003 3.1084346120556883 3.1119222726893763
2.9903915890475488 2.9924804299694157 2.9945692708912826 2.996658111813149 2.998746952735016 3.000835793656883 3.0029246345787497 3.005013475500616 3.0071023164224866 3.0091911573443535 3.0112799982662204 3.0133688391880873 3.0154576801099537 3.0175465210318206 -9999.0 -9999.0 -9999.0 -9999.0 -9999.0 -9999.0 -9999.0 -9999.0 -9999.0 -9999.0 -9999.0 -9999.0 3.0447014530160925 3.0467902939379594 3.049520030770213 3.0529348998188 3.056349768867387 3.0597646379159738 3.063179506964561 3.066594376013148 3.070009245061741 3.073424114110328 3.076838983158915 3.080253852207502 3.083668721256089 3.087083590304676 3.090498459353263 3.0939133284018503 3.097328197450437 3.100743066499024
2.98519858558811 2.9871108373529567 2.989023089117804 2.9909353408826505 2.992847592647497 2.9947598444123438 2.996672096177191 2.9985843479420375 3.0004965997068878 3.0024088514717344 3.004321103236581 3.006233355001428 3.008145606766275 3.0100578585311215 -9999.0 -9999.0 -9999.0 -9999.0 -9999.0 -9999.0 -9999.0 -9999.0 -9999.0 -9999.0 -9999.0 -9999.0 3.034917131474133 3.03682938323898 3.039432698356374 3.0427747758198604 3.0461168532833467 3.049458930746833 3.0528010082103187 3.056143085673805 3.059485163137297 3.062827240600783 3.066169318064269 3.0695113955277553 3.0728534729912416 3.0761955504547274 3.0795376279182136 3.0828797053817 3.086221782845186 3.089563860308672
2.980005582128671 2.9817412447364977 2.9834769073443246 2.985212569952151 2.986948232559978 2.9886838951678047 2.9904195577756316 2.9921552203834585 2.993890882991288 2.995626545599115 2.9973622082069418 2.9990978708147686 3.0008335334225955 3.0025691960304224 -9999.0 -9999.0 -9999.0 -9999.0 -9999.0 -9999.0 -9999.0 -9999.0 -9999.0 -9999.0 -9999.0 -9999.0 3.0251328099321735 3.0268684725400004 3.029345365942536 3.032614651820921 3.0358839376993063 3.0391532235776917 3.0424225094560766 3.045691795334462 3.0489610812128527 3.052230367091238 3.0554996529696234 3.0587689388480084 3.0620382247263938 3.065307510604779 3.068576796483164 3.0718460823615494 3.075115368239935 3.07838465411832
2.974812578669232 2.9763716521200387 2.977930725570846 2.9794897990216525 2.981048872472459 2.982607945923266 2.984167019374073 2.9857260928248794 2.987285166275689 2.988844239726496 2.990403313177303 2.9919623866281095 2.993521460078916 2.9950805335297233 2.99663960698053 2.9981986804313365 -9999.0 3.0013168273329502 3.0028759007837573 -9999.0 -9999.0 -9999.0 -9999.0 -9999.0 -9999.0 3.0137894149394073 3.0153484883902144 3.016907561841021 3.0192580335286974 3.022454527821982 3.025651022115266 3.0288475164085504 3.0320440107018345 3.035240504995119 3.038436999288409 3.0416334935816933 3.0448299878749774 3.048026482168262 3.0512229764615464 3.0544194707548304 3.057615965048115 3.060812459341399 3.0640089536346835 3.067205447927968
2.9696195752097934 2.97100205950358 2.972384543797367 2.9737670280911535 2.9751495123849403 2.976531996678727 2.977914480972514 2.979296965266301 2.98067944956009 2.9820619338538767 2.9834444181476636 2.9848269024414504 2.9862093867352373 2.987591871029024 2.988974355322811 2.990356839616598 2.991739323910384 2.993121808204171 2.994504292497958 2.9958867767917448 2.9972692610855316 -9999.0 -9999.0 -9999.0 -9999.0 3.004181682554468 3.005564166848255 3.0069466511420417 3.0091707011148587 3.0122944038230424 3.0154181065312256 3.018541809239409 3.021665511947593 3.024789214655776 3.027912917363965 3.031036620072148 3.0341603227803318 3.037284025488515 3.0404077281966986 3.043531430904882 3.0466551336130654 3.049778836321249 3.052902539029432 3.056026241737616
2.964426571750354 2.965632466887121 2.966838362023888 2.9680442571606545 2.9692501522974215 2.970456047434188 2.9716619425709547 2.972867837707722 2.9740737328444906 2.9752796279812572 2.9764855231180243 2.977691418254791 2.978897313391558 2.9801032085283246 2.9813091036650916 2.982514998801858 2.9837208939386253 2.984926789075392 2.986132684212159 2.9873385793489255 2.9885444744856926 -9999.0 -9999.0 -9999.0 -9999.0 2.9945739501695283 2.9957798453062954 2.996985740443062 2.9990833687010205 3.002134279824103 3.0051851909471856 3.008236102070268 3.0112870131933507 3.014337924316433 3.0173888354395206 3.0204397465626034 3.0234906576856857 3.0265415688087685 3.029592479931851 3.0326433910549335 3.0356943021780163 3.0387452133010986 3.0417961244241813 3.0448470355472637
2.959233568290911 2.9602628742706574 2.961292180250404 2.962321486230151 2.9633507922098974 2.964380098189644 2.965409404169391 2.9664387101491374 2.967468016128886 2.968497322108633 2.969526628088379 2.970555934068126 2.971585240047873 2.972614546027619 2.973643852007366 2.9746731579871124 2.9757024639668592 2.976731769946606 2.9777610759263524 2.9787903819060992 2.979819687885846 2.980848993865594 -9999.0 -9999.0 -9999.0 2.984966217784581 2.985995523764328 2.9870248297440742 2.9889960362871735 2.991974155825155 2.9949522753631364 2.9979303949011182 3.0009085144390997 3.003886633977081 3.006864753515068 3.0098428730530498 3.012820992591031 3.0157991121290126 3.0187772316669945 3.021755351204976 3.0247334707429574 3.0277115902809393 3.0306897098189207 3.033667829356902
2.9555404054804746 2.9564785425358466 2.9574166795912187 2.958354816646591 2.959292953701963 2.9602310907573353 2.9611692278127073 2.9621073648680794 2.963045501923453 2.963983638978825 2.9649217760341977 2.9658599130895698 2.966798050144942 2.967736187200314 2.9686743242556863 2.9696124613110584 2.9705505983664304 2.9714887354218025 2.9724268724771745 2.973365009532547 2.974303146587919 2.975241283643293 2.976179420698665 2.977117557754037 2.978055694809409 2.9789938318647815 2.9799319689201536 2.9808701059755256 2.9827807098353207 2.9857309026926853 2.9886810955500502 2.9916312884074148 2.9945814812647793 2.997531674122144 3.0004818669795137 3.003432059836878 3.0063822526942428 3.0093324455516073 3.012282638408972 3.0152328312663363 3.0181830241237013 3.021133216981066 3.0240834098384304 3.027033602695795
2.9534504777461 2.954388754719323 2.9553270316925455 2.956265308665768 2.957203585638991 2.9581418626122136 2.9590801395854363 2.960018416558659 2.9609566935318834 2.961894970505106 2.9628332474783288 2.9637715244515515 2.9647098014247746 2.9656480783979973 2.96658635537122 2.9675246323444426 2.9684629093176653 2.969401186290888 2.9703394632641107 2.9712777402373334 2.972216017210556 2.9731542941837805 2.974092571157003 2.975030848130226 2.9759691251034486 2.9769074020766717 2.9778456790498944 2.978783956023117 2.9807043135938907 2.9836745375244176 2.986644761454944 2.989614985385471 2.9925852093159975 2.9955554332465244 2.998525657177056 3.001495881107583 3.0044661050381096 3.0074363289686366 3.010406552899163 3.01337677682969 3.016347000760217 3.0193172246907434 3.0222874486212703 3.025257672551797
2.9513605500117253 2.9522989669027986 2.953237383793872 2.9541758006849452 2.9551142175760186 2.956052634467092 2.956991051358165 2.9579294682492385 2.9588678851403136 2.959806302031387 2.9607447189224603 2.9616831358135336 2.962621552704607 2.9635599695956802 2.9644983864867536 2.965436803377827 2.9663752202689 2.9673136371599735 2.968252054051047 2.96919047094212 2.9701288878331935 2.9710673047242686 2.972005721615342 2.9729441385064153 2.9738825553974886 2.974820972288562 2.9757593891796352 2.976697806070709 2.978627917352461 2.98161817235615 2.984608427359839 2.9875986823635277 2.9905889373672165 2.9935791923709054 2.996569447374599 2.999559702378288 3.002549957381977 3.005540212385666 3.0085304673893547 3.0115207223930436 3.0145109773967325 3.0175012324004213 3.02049148740411 3.023481742407799
2.9492706222773504 2.9502091790862743 2.9511477358951983 2.9520862927041223 2.9530248495130462 2.95396340632197 2.954901963130894 2.955840519939818 2.956779076748744 2.957717633557668 2.9586561903665918 2.9595947471755153 2.9605333039844393 2.961471860793363 2.962410417602287 2.963348974411211 2.964287531220135 2.965226088029059 2.966164644837983 2.967103201646907 2.968041758455831 2.9689803152647567 2.9699188720736807 2.970857428882604 2.971795985691528 2.972734542500452 2.973673099309376 2.9746116561183 2.976551521111031 2.9795618071878818 2.9825720932647326 2.985582379341584 2.9885926654184347 2.991602951495286 2.994613237572142 2.997623523648993 3.000633809725844 3.003644095802695 3.006654381879546 3.009664667956397 3.012674954033248 3.015685240110099 3.01869552618695 3.021705812263801
2.9471806945429755 2.94811939126975 2.9490580879965247 2.9499967847232993 2.950935481450074 2.9518741781768485 2.952812874903623 2.9537515716303973 2.9546902683571736 2.9556289650839482 2.956567661810723 2.957506358537497 2.9584450552642716 2.959383751991046 2.960322448717821 2.9612611454445954 2.96219984217137 2.9631385388981446 2.964077235624919 2.9650159323516934 2.965954629078468 2.9668933258052443 2.967832022532019 2.9687707192587935 2.9697094159855677 2.9706481127123423 2.971586809439117 2.9725255061658915 2.974475124869601 2.9775054420196136 2.980535759169627 2.98356607631964 2.9865963934696533 2.9896267106196666 2.9926570277696847 2.995687344919698 2.998717662069711 3.0017479792197244 3.004778296369737 3.0078086135197504 3.0108389306697636 3.013869247819777 3.01689956496979 3.019929882119803
2.9450907668085993 2.9460296034532245 2.9469684400978498 2.947907276742475 2.9488461133871 2.949784950031725 2.9507237866763503 2.9516626233209755 2.952601459965602 2.9535402966102273 2.9544791332548526 2.9554179698994774 2.9563568065441026 2.957295643188728 2.958234479833353 2.9591733164779783 2.960112153122603 2.9610509897672284 2.9619898264118536 2.962928663056479 2.963867499701104 2.9648063363457307 2.965745172990356 2.966684009634981 2.967622846279606 2.968561682924231 2.9695005195688564 2.9704393562134817 2.972398728628169 2.9754490768513446 2.97849942507452 2.981549773297695 2.98460012152087 2.987650469744046 2.9907008179672263 2.9937511661904015 2.9968015144135767 2.9998518626367523 3.0029022108599275 3.0059525590831027 3.009002907306278 3.0120532555294535 3.0151036037526286 3.018153951975804
2.943000839074225 2.9439398156367007 2.944878792199176 2.945817768761652 2.946756745324128 2.9476957218866033 2.948634698449079 2.949573675011555 2.9505126515740323 2.951451628136508 2.9523906046989836 2.9533295812614595 2.9542685578239354 2.955207534386411 2.9561465109488867 2.9570854875113626 2.958024464073838 2.958963440636314 2.9599024171987898 2.960841393761265 2.961780370323741 2.9627193468862183 2.963658323448694 2.96459730001117 2.9655362765736455 2.9664752531361214 2.9674142296985973 2.968353206261073 2.970322332386739 2.9733927116830765 2.976463090979414 2.979533470275751 2.982603849572089 2.9856742288684264 2.988744608164769 2.9918149874611064 2.994885366757444 2.997955746053781 3.0010261253501187 3.0040965046464563 3.0071668839427934 3.010237263239131 3.0133076425354686 3.0163780218318057
2.94091091133985 2.941850027820176 2.9427891443005025 2.943728260780829 2.944667377261155 2.9456064937414816 2.9465456102218077 2.9474847267021342 2.948423843182462 2.9493629596627886 2.9503020761431147 2.951241192623441 2.9521803091037677 2.953119425584094 2.9540585420644203 2.9549976585447464 2.955936775025073 2.9568758915053994 2.9578150079857255 2.958754124466052 2.959693240946378 2.9606323574267064 2.9615714739070325 2.962510590387359 2.963449706867685 2.9643888233480116 2.965327939828338 2.966267056308664 2.968245936145309 2.9713363465148084 2.974426756884308 2.9775171672538074 2.980607577623307 2.983697987992807 2.986788398362312 2.9898788087318113 2.992969219101311 2.9960596294708104 2.99915003984031 3.0022404502098095 3.005330860579309 3.0084212709488085 3.0115116813183085 3.014602091687808
2.9388209836054755 2.939760240003652 2.9406994964018294 2.941638752800006 2.9425780091981832 2.94351726559636 2.944456521994537 2.945395778392714 2.9463350347908923 2.9472742911890695 2.9482135475872466 2.9491528039854233 2.9500920603836005 2.951031316781777 2.9519705731799544 2.952909829578131 2.9538490859763082 2.954788342374485 2.955727598772662 2.956666855170839 2.957606111569016 2.9585453679671945 2.959484624365371 2.9604238807635483 2.961363137161725 2.962302393559902 2.963241649958079 2.964180906356256 2.966169539903879 2.9692799813465407 2.9723904227892026 2.975500864231864 2.978611305674526 2.9817217471171875 2.9848321885598548 2.9879426300025163 2.991053071445178 2.9941635128878397 2.9972739543305016 3.000384395773163 3.003494837215825 3.0066052786584865 3.0097157201011484 3.01282616154381
2.9367310558711006 2.937670452187128 2.9386098485031553 2.939549244819183 2.9404886411352105 2.9414280374512383 2.9423674337672656 2.9433068300832934 2.9442462263993225 2.94518562271535 2.9461250190313777 2.947064415347405 2.948003811663433 2.94894320797946 2.9498826042954875 2.9508220006115153 2.9517613969275427 2.9527007932435705 2.953640189559598 2.9545795858756256 2.955518982191653 2.956458378507682 2.95739777482371 2.9583371711397373 2.9592765674557646 2.9602159637717924 2.9611553600878198 2.9620947564038476 2.964093143662449 2.967223616178273 2.9703540886940965 2.9734845612099203 2.976615033725744 2.979745506241568 2.9828759787573973 2.986006451273221 2.989136923789045 2.992267396304869 2.995397868820693 2.9985283413365167 3.0016588138523406 3.0047892863681644 3.0079197588839883 3.011050231399812
2.9346411281367257 2.935580664370604 2.936520200604482 2.93745973683836 2.9383992730722386 2.9393388093061166 2.9402783455399946 2.941217881773873 2.9421574180077528 2.9430969542416308 2.9440364904755087 2.944976026709387 2.945915562943265 2.946855099177143 2.9477946354110216 2.9487341716448996 2.9496737078787776 2.950613244112656 2.951552780346534 2.952492316580412 2.9534318528142904 2.95437138904817 2.955310925282048 2.956250461515926 2.9571899977498046 2.9581295339836826 2.9590690702175606 2.960008606451439 2.9620167474210186 2.965167251010005 2.9683177545989907 2.9714682581879766 2.974618761776963 2.9777692653659487 2.9809197689549403 2.984070272543926 2.987220776132912 2.990371279721898 2.993521783310884 2.99667228689987 2.999822790488856 3.002973294077842 3.0061237976668282 3.009274301255814
2.9325512004023513 2.9334908765540804 2.934430552705809 2.9353702288575376 2.9363099050092663 2.9372495811609953 2.938189257312724 2.9391289334644526 2.940068609616183 2.9410082857679116 2.9419479619196403 2.9428876380713693 2.943827314223098 2.9447669903748266 2.945706666526555 2.9466463426782843 2.947586018830013 2.9485256949817416 2.94946537113347 2.9504050472851993 2.951344723436928 2.9522843995886583 2.953224075740387 2.9541637518921156 2.955103428043844 2.9560431041955733 2.956982780347302 2.9579224564990305 2.959940351179589 2.963110885841737 2.9662814205038854 2.969451955166033 2.9726224898281814 2.9757930244903297 2.9789635591524832 2.9821340938146315 2.9853046284767792 2.9884751631389275 2.9916456978010757 2.994816232463224 2.9979867671253717 3.00115730178752 3.004327836449668 3.0074983711118164
