Figures/CREST_Example_wjb_NSE/PETs/wjb.pet.20101027.asc
ncols            288
nrows            254
xllcorner        113.274861
yllcorner        31.4918055
cellsize         0.008333333333
NODATA_value     -9999
[rows 20 to 39 of 254, columns 88 to 131 of 288]
1.1100867429462131 1.1101284766019126 1.110170210257612 1.1102119439133116 1.1102536775690113 1.1102954112247108 1.1103371448804102 1.1103788785361097 1.1104206121918092 1.110462345847509 1.1105040795032084 1.1105458131589079 1.1105875468146074 1.1106292804703068 1.1104795768013431 1.1101252223036873 1.1097708678060305 1.1094165133083747 1.1090621588107186 1.1087078043130627 1.1083534498154066 1.1079990953177508 1.1076447408200947 1.1072903863224386 1.1069360318247827 1.1065816773271266 1.1062273228294708 1.1058729683318147 1.1055186138341588 1.105164259336502 1.1048099048388462 1.1044555503411901 1.1041011958435343 -9999.0 -9999.0 -9999.0 -9999.0 -9999.0 -9999.0 -9999.0 -9999.0 -9999.0 -9999.0 -9999.0
1.1116383028165437 1.1116770876511206 1.1117158724856975 1.1117546573202743 1.1117934421548512 1.111832226989428 1.1118710118240047 1.1119097966585816 1.1119485814931584 1.1119873663277353 1.1120261511623122 1.112064935996889 1.1121037208314657 1.1121425056660426 1.1119935368989957 1.1116438552864791 1.111294173673962 1.1109444920614457 1.1105948104489292 1.1102451288364128 1.1098954472238962 1.1095457656113799 1.1091960839988633 1.108846402386347 1.1084967207738305 1.108147039161314 1.1077973575487976 1.107447675936281 1.1070979943237647 1.1067483127112474 1.106398631098731 1.1060489494862147 1.105699267873698 -9999.0 -9999.0 -9999.0 -9999.0 -9999.0 -9999.0 -9999.0 -9999.0 -9999.0 -9999.0 -9999.0
1.1131898626868744 1.1132256987003284 1.1132615347137826 1.1132973707272367 1.113333206740691 1.113369042754145 1.1134048787675992 1.1134407147810532 1.1134765507945075 1.1135123868079615 1.1135482228214157 1.1135840588348698 1.113619894848324 1.113655730861778 1.113507496996648 1.113162488269271 1.1128174795418935 1.1124724708145166 1.1121274620871398 1.1117824533597627 1.1114374446323858 1.111092435905009 1.1107474271776319 1.110402418450255 1.1100574097228781 1.1097124009955013 1.1093673922681242 1.1090223835407473 1.1086773748133705 1.108332366085993 1.1079873573586159 1.107642348631239 1.1072973399038621 1.106952331176485 1.1066073224491082 1.1062623137217313 -9999.0 1.1055722962669774 -9999.0 -9999.0 -9999.0 -9999.0 -9999.0 -9999.0
1.114741422557205 1.1147743097495366 1.114807196941868 1.1148400841341994 1.1148729713265308 1.1149058585188623 1.1149387457111937 1.114971632903525 1.1150045200958565 1.1150374072881881 1.1150702944805195 1.115103181672851 1.1151360688651824 1.1151689560575138 1.1150214570943004 1.114681121252063 1.114340785409825 1.1140004495675877 1.1136601137253503 1.113319777883113 1.1129794420408754 1.112639106198638 1.1122987703564007 1.1119584345141633 1.1116180986719257 1.1112777628296884 1.110937426987451 1.1105970911452137 1.1102567553029763 1.1099164194607383 1.109576083618501 1.1092357477762633 1.108895411934026 1.1085550760917886 1.1082147402495512 1.1078744044073137 1.1075340685650763 1.107193732722839 1.1068533968806016 -9999.0 -9999.0 -9999.0 -9999.0 -9999.0
1.1162929824275356 1.1163229207987444 1.1163528591699532 1.1163827975411618 1.1164127359123706 1.1164426742835794 1.1164726126547881 1.1165025510259967 1.1165324893972055 1.1165624277684143 1.116592366139623 1.1166223045108317 1.1166522428820405 1.1166821812532493 1.1165354171919528 1.116199754234855 1.1158640912777564 1.1155284283206586 1.1151927653635607 1.1148571024064629 1.114521439449365 1.1141857764922671 1.1138501135351693 1.1135144505780714 1.1131787876209736 1.1128431246638757 1.1125074617067778 1.11217179874968 1.1118361357925821 1.1115004728354836 1.1111648098783857 1.1108291469212879 1.11049348396419 1.1101578210070921 1.1098221580499943 1.1094864950928964 1.1091508321357983 1.1088151691787005 1.1084795062216026 -9999.0 -9999.0 -9999.0 -9999.0 -9999.0
1.1178445422978665 1.1178715318479524 1.1178985213980384 1.1179255109481245 1.1179525004982105 1.1179794900482967 1.1180064795983826 1.1180334691484686 1.1180604586985547 1.1180874482486407 1.1181144377987267 1.1181414273488128 1.1181684168988988 1.118195406448985 1.1180493772896054 1.117718387217647 1.117387397145688 1.1170564070737297 1.1167254170017713 1.116394426929813 1.1160634368578546 1.1157324467858962 1.1154014567139379 1.1150704666419795 1.1147394765700211 1.114408486498063 1.1140774964261047 1.1137465063541463 1.113415516282188 1.113084526210229 1.1127535361382705 1.1124225460663122 1.1120915559943538 1.1117605659223955 1.1114295758504371 1.1110985857784788 1.1107675957065204 1.110436605634562 1.1101056155626037 -9999.0 -9999.0 -9999.0 -9999.0 -9999.0
1.119396102168197 1.1194201428971604 1.1194441836261237 1.119468224355087 1.1194922650840504 1.1195163058130138 1.119540346541977 1.1195643872709404 1.1195884279999038 1.119612468728867 1.1196365094578304 1.1196605501867938 1.1196845909157571 1.1197086316447205 1.119563337387258 1.1192370202004391 1.1189107030136196 1.1185843858268008 1.1182580686399821 1.1179317514531633 1.1176054342663444 1.1172791170795255 1.1169527998927067 1.1166264827058878 1.116300165519069 1.1159738483322503 1.1156475311454315 1.1153212139586126 1.1149948967717938 1.1146685795849745 1.1143422623981556 1.1140159452113367 1.1136896280245179 1.113363310837699 1.1130369936508802 1.1127106764640615 1.1123843592772427 1.1120580420904238 1.111731724903605 -9999.0 -9999.0 -9999.0 -9999.0 -9999.0
1.120947662038529 1.1209687539463697 1.1209898458542102 1.121010937762051 1.1210320296698917 1.1210531215777322 1.121074213485573 1.1210953053934134 1.1211163973012541 1.1211374892090948 1.1211585811169353 1.121179673024776 1.1212007649326168 1.1212218568404573 1.1210772974849115 1.1207556531832323 1.1204340088815523 1.1201123645798732 1.1197907202781938 1.1194690759765145 1.119147431674835 1.118825787373156 1.1185041430714766 1.1181824987697973 1.117860854468118 1.1175392101664388 1.1172175658647594 1.11689592156308 1.116574277261401 1.1162526329597209 1.1159309886580417 1.1156093443563624 1.115287700054683 1.1149660557530037 1.1146444114513245 1.1143227671496452 1.1140011228479658 1.1136794785462865 1.1133578342446073 1.113036189942928 1.1127145456412486 1.1123929013395695 -9999.0 -9999.0
1.1232292053199315 1.1232794118664204 1.1233296184129096 1.1233798249593985 1.1234300315058876 1.1234802380523765 1.1235304445988656 1.1235806511453545 1.1236308576918435 1.1236810642383326 1.1237312707848215 1.1237814773313106 1.1238316838777995 1.1238818904242884 1.123749591552878 1.1234221902630666 1.1230947889732545 1.1227673876834432 1.1224399863936318 1.1221125851038205 1.121785183814009 1.1214577825241976 1.1211303812343862 1.120802979944575 1.1204755786547635 1.1201481773649522 1.1198207760751406 1.1194933747853293 1.119165973495518 1.118838572205706 1.1185111709158946 1.1181837696260832 1.1178563683362719 1.1175289670464605 1.1172015657566492 1.1168741644668378 1.1165467631770263 1.116219361887215 1.1158919605974036 1.1155645593075922 1.115237158017781 1.1149097567279695 1.1145823554381575 1.1142549541483462
1.126291054836101 1.1264046498378593 1.1265182448396178 1.1266318398413766 1.126745434843135 1.1268590298448935 1.126972624846652 1.1270862198484104 1.127199814850169 1.1273134098519275 1.1274270048536859 1.1275405998554444 1.127654194857203 1.1277677898589613 1.127660071592291 1.1273157644375127 1.1269714572827336 1.126627150127955 1.1262828429731766 1.125938535818398 1.1255942286636196 1.125249921508841 1.1249056143540626 1.124561307199284 1.1242170000445055 1.123872692889727 1.1235283857349485 1.1231840785801699 1.1228397714253915 1.1224954642706124 1.1221511571158338 1.1218068499610554 1.1214625428062768 1.1211182356514984 1.12077392849672 1.1204296213419414 1.120085314187163 1.1197410070323843 1.119396699877606 1.1190523927228273 1.118708085568049 1.1183637784132703 1.1180194712584912 1.1176751641037128
1.12935290435227 1.129529887809298 1.129706871266326 1.1298838547233543 1.1300608381803823 1.1302378216374103 1.1304148050944383 1.1305917885514662 1.1307687720084942 1.1309457554655222 1.1311227389225502 1.1312997223795782 1.1314767058366062 1.1316536892936342 1.1315705516317045 1.1312093386119588 1.1308481255922125 1.1304869125724668 1.1301256995527211 1.1297644865329757 1.12940327351323 1.1290420604934843 1.1286808474737386 1.128319634453993 1.1279584214342475 1.1275972084145018 1.1272359953947562 1.1268747823750105 1.1265135693552648 1.1261523563355187 1.125791143315773 1.1254299302960273 1.1250687172762817 1.124707504256536 1.1243462912367905 1.1239850782170449 1.1236238651972992 1.1232626521775535 1.1229014391578078 1.1225402261380624 1.1221790131183167 1.121817800098571 1.1214565870788247 1.1210953740590792
1.1324147538684395 1.132655125780737 1.1328954976930343 1.1331358696053322 1.1333762415176296 1.1336166134299273 1.1338569853422247 1.134097357254522 1.1343377291668197 1.1345781010791172 1.1348184729914146 1.135058844903712 1.1352992168160096 1.135539588728307 1.1354810316711177 1.135102912786405 1.1347247939016916 1.1343466750169788 1.1339685561322659 1.1335904372475532 1.1332123183628404 1.1328341994781277 1.132456080593415 1.1320779617087022 1.1316998428239895 1.1313217239392768 1.1309436050545638 1.130565486169851 1.1301873672851384 1.129809248400425 1.1294311295157122 1.1290530106309995 1.1286748917462868 1.128296772861574 1.127918653976861 1.1275405350921484 1.1271624162074356 1.126784297322723 1.1264061784380102 1.1260280595532974 1.1256499406685847 1.125271821783872 1.1248937028991586 1.1245155840144456
1.1354766033846087 1.1357803637521757 1.1360841241197426 1.13638788448731 1.1366916448548772 1.136995405222444 1.137299165590011 1.137602925957578 1.137906686325145 1.1382104466927119 1.138514207060279 1.138817967427846 1.1391217277954129 1.13942548816298 1.1393915117105309 1.138996486960851 1.1386014622111704 1.1382064374614906 1.1378114127118106 1.1374163879621308 1.1370213632124508 1.136626338462771 1.136231313713091 1.1358362889634113 1.1354412642137313 1.1350462394640515 1.1346512147143715 1.1342561899646917 1.1338611652150117 1.1334661404653312 1.1330711157156512 1.1326760909659714 1.1322810662162917 1.1318860414666116 1.1314910167169319 1.1310959919672519 1.130700967217572 1.130305942467892 1.1299109177182123 1.1295158929685323 1.1291208682188525 1.1287258434691725 1.128330818719492 1.127935793969812
1.1385384529007805 1.138905601723617 1.1392727505464537 1.1396398993692907 1.1400070481921274 1.140374197014964 1.1407413458378004 1.141108494660637 1.1414756434834734 1.14184279230631 1.1422099411291464 1.142577089951983 1.1429442387748194 1.143311387597656 1.1433019917499474 1.1428900611353006 1.1424781305206528 1.1420661999060058 1.1416542692913587 1.1412423386767117 1.1408304080620646 1.1404184774474175 1.1400065468327705 1.1395946162181236 1.1391826856034766 1.1387707549888295 1.1383588243741825 1.1379468937595354 1.1375349631448883 1.1371230325302406 1.1367111019155935 1.1362991713009467 1.1358872406862996 1.1354753100716526 1.1350633794570055 1.1346514488423585 1.1342395182277114 1.1338275876130646 1.1334156569984175 1.1330037263837704 1.1325917957691234 1.1321798651544763 1.1317679345398286 1.1313560039251815
1.1416003024169499 1.1420308396950558 1.142461376973162 1.1428919142512686 1.1433224515293747 1.1437529888074807 1.1441835260855868 1.1446140633636928 1.1450446006417987 1.1454751379199049 1.1459056751980108 1.1463362124761167 1.1467667497542229 1.1471972870323288 1.1472124717893608 1.1467836353097465 1.1463547988301317 1.1459259623505176 1.1454971258709035 1.1450682893912891 1.144639452911675 1.144210616432061 1.1437817799524468 1.1433529434728327 1.1429241069932183 1.1424952705136042 1.14206643403399 1.141637597554376 1.1412087610747619 1.1407799245951469 1.1403510881155328 1.1399222516359186 1.1394934151563045 1.1390645786766902 1.138635742197076 1.138206905717462 1.1377780692378479 1.1373492327582337 1.1369203962786194 1.1364915597990053 1.1360627233193912 1.135633886839777 1.135205050360162 1.134776213880548
1.144662151933119 1.1451560776664946 1.14565000339987 1.1461439291332465 1.1466378548666218 1.1471317805999974 1.147625706333373 1.1481196320667484 1.148613557800124 1.1491074835334993 1.149601409266875 1.1500953350002505 1.1505892607336259 1.1510831864670015 1.1511229518287738 1.1506772094841926 1.1502314671396106 1.1497857247950292 1.149339982450448 1.1488942401058666 1.1484484977612854 1.148002755416704 1.1475570130721229 1.1471112707275415 1.1466655283829603 1.146219786038379 1.1457740436937978 1.1453283013492164 1.1448825590046352 1.1444368166600531 1.143991074315472 1.1435453319708906 1.1430995896263094 1.142653847281728 1.1422081049371469 1.1417623625925655 1.1413166202479843 1.140870877903403 1.1404251355588217 1.1399793932142404 1.1395336508696592 1.1390879085250778 1.138642166180496 1.1381964238359146
1.1477240014492884 1.1482813156379332 1.1488386298265783 1.1493959440152244 1.1499532582038692 1.1505105723925142 1.1510678865811592 1.1516252007698042 1.1521825149584493 1.1527398291470943 1.1532971433357393 1.1538544575243843 1.1544117717130293 1.1549690859016744 1.155033431868187 1.1545707836586385 1.1541081354490894 1.153645487239541 1.1531828390299925 1.1527201908204443 1.1522575426108959 1.1517948944013474 1.151332246191799 1.1508695979822505 1.1504069497727023 1.1499443015631539 1.1494816533536054 1.149019005144057 1.1485563569345085 1.1480937087249594 1.147631060515411 1.1471684123058625 1.146705764096314 1.1462431158867659 1.1457804676772174 1.145317819467669 1.1448551712581205 1.144392523048572 1.1439298748390239 1.1434672266294754 1.143004578419927 1.1425419302103785 1.1420792820008294 1.141616633791281
1.1507858509654576 1.151406553609372 1.1520272562532867 1.1526479588972023 1.1532686615411167 1.1538893641850312 1.1545100668289456 1.15513076947286 1.1557514721167745 1.1563721747606892 1.1569928774046037 1.157613580048518 1.1582342826924326 1.158854985336347 1.1589439119076004 1.1584643578330847 1.1579848037585685 1.157505249684053 1.1570256956095373 1.1565461415350218 1.1560665874605063 1.1555870333859908 1.1551074793114753 1.1546279252369598 1.1541483711624443 1.1536688170879286 1.153189263013413 1.1527097089388976 1.152230154864382 1.1517506007898657 1.1512710467153502 1.1507914926408347 1.1503119385663192 1.1498323844918037 1.1493528304172882 1.1488732763427727 1.148393722268257 1.1479141681937415 1.147434614119226 1.1469550600447105 1.146475505970195 1.1459959518956795 1.145516397821163 1.1450368437466476
1.153847700481627 1.1545317915808109 1.155215882679995 1.1558999737791802 1.156584064878364 1.1572681559775482 1.157952247076732 1.158636338175916 1.1593204292751 1.160004520374284 1.160688611473468 1.161372702572652 1.162056793671836 1.16274088477102 1.1628543919470136 1.1623579320075308 1.1618614720680474 1.1613650121285648 1.160868552189082 1.1603720922495995 1.1598756323101167 1.1593791723706341 1.1588827124311514 1.1583862524916688 1.157889792552186 1.1573933326127035 1.1568968726732207 1.1564004127337382 1.1559039527942554 1.155407492854772 1.1549110329152894 1.1544145729758066 1.153918113036324 1.1534216530968413 1.1529251931573588 1.152428733217876 1.1519322732783934 1.1514358133389107 1.150939353399428 1.1504428934599453 1.1499464335204628 1.14944997358098 1.1489535136414966 1.148457053702014
1.1569095499977962 1.1576570295522497 1.1584045091067032 1.1591519886611579 1.1598994682156114 1.160646947770065 1.1613944273245185 1.1621419068789718 1.1628893864334253 1.1636368659878789 1.1643843455423324 1.1651318250967857 1.1658793046512392 1.1666267842056928 1.1667648719864268 1.166251506181977 1.1657381403775264 1.1652247745730766 1.1647114087686268 1.164198042964177 1.1636846771597273 1.1631713113552775 1.1626579455508277 1.1621445797463779 1.161631213941928 1.1611178481374784 1.1606044823330286 1.1600911165285788 1.159577750724129 1.1590643849196784 1.1585510191152286 1.1580376533107788 1.157524287506329 1.1570109217018791 1.1564975558974295 1.1559841900929797 1.1554708242885299 1.15495745848408 1.1544440926796302 1.1539307268751806 1.1534173610707308 1.152903995266281 1.1523906294618302 1.1518772636573806
