Figures/CREST_Example_wjb_NSE/PETs/wjb.pet.20090114.asc
ncols            288
nrows            254
xllcorner        113.274861
yllcorner        31.4918055
cellsize         0.008333333333
NODATA_value     -9999
[rows 190 to 208 of 254, columns 176 to 219 of 288]
0.7280675584945194 0.7273807108590671 0.7266938632236147 0.7260070155881624 0.72532016795271 0.7246333203172577 0.7239464726818041 0.7232596250463518 0.7225727774108994 0.7218859297754471 0.7211990821399947 0.7205122345045424 0.71982538686909 0.7191385392336376 0.7184516915981852 0.7177648439627329 0.7173323846463261 0.7171718721989239 0.7170113597515216 0.7168508473041191 0.7166903348567168 0.7165298224093145 0.7163693099619123 0.71620879751451 0.7160482850671077 0.7158877726197055 0.7157272601723031 0.7155667477249009 0.7154062352774987 0.7152457228300964 0.7150852103826941 0.7149246979352919 0.7147641854878893 0.7146036730404871 0.7144431605930848 0.7142826481456825 0.7141221356982803 0.713961623250878 0.7138011108034757 0.7136405983560735 0.7134800859086712 0.713319573461269 0.7131590610138666 0.7129985485664644
0.7280733920358612 0.7274052650426207 0.7267371380493802 0.7260690110561399 0.7254008840628994 0.7247327570696589 0.7240646300764173 0.7233965030831768 0.7227283760899363 0.7220602490966959 0.7213921221034554 0.7207239951102149 0.7200558681169744 0.7193877411237339 0.7187196141304935 0.718051487137253 0.7176316306524952 0.7174771809588248 0.7173227312651544 0.7171682815714839 0.7170138318778135 0.7168593821841431 0.7167049324904728 0.7165504827968024 0.7163960331031322 0.7162415834094618 0.7160871337157915 0.7159326840221211 0.7157782343284508 0.7156237846347804 0.7154693349411101 0.7153148852474397 0.7151604355537691 0.7150059858600988 0.7148515361664284 0.7146970864727581 0.7145426367790877 0.7143881870854173 0.714233737391747 0.7140792876980766 0.7139248380044063 0.7137703883107359 0.7136159386170656 0.7134614889233952
0.728079225577203 0.7274298192261744 0.7267804128751458 0.7261310065241172 0.7254816001730886 0.7248321938220601 0.7241827874710304 0.7235333811200018 0.7228839747689731 0.7222345684179446 0.721585162066916 0.7209357557158874 0.7202863493648588 0.7196369430138303 0.7189875366628017 0.7183381303117731 0.7179308766586643 0.7177824897187258 0.7176341027787874 0.7174857158388487 0.7173373288989103 0.7171889419589719 0.7170405550190334 0.716892168079095 0.7167437811391566 0.7165953941992181 0.7164470072592797 0.7162986203193413 0.7161502333794029 0.7160018464394644 0.7158534594995261 0.7157050725595876 0.7155566856196489 0.7154082986797105 0.7152599117397721 0.7151115247998336 0.7149631378598952 0.7148147509199567 0.7146663639800184 0.7145179770400799 0.7143695901001414 0.7142212031602031 0.7140728162202646 0.7139244292803262
0.7280850591185447 0.7274543734097281 0.7268236877009113 0.7261930019920947 0.7255623162832779 0.7249316305744613 0.7243009448656434 0.7236702591568268 0.7230395734480101 0.7224088877391933 0.7217782020303767 0.7211475163215599 0.7205168306127433 0.7198861449039266 0.7192554591951099 0.7186247734862932 0.7182301226648333 0.7180877984786268 0.7179454742924203 0.7178031501062135 0.717660825920007 0.7175185017338005 0.717376177547594 0.7172338533613876 0.717091529175181 0.7169492049889745 0.716806880802768 0.7166645566165615 0.716522232430355 0.7163799082441484 0.716237584057942 0.7160952598717355 0.7159529356855288 0.7158106114993222 0.7156682873131157 0.7155259631269092 0.7153836389407027 0.7152413147544961 0.7150989905682897 0.7149566663820832 0.7148143421958767 0.7146720180096702 0.7145296938234637 0.7143873696372571
0.7280908926598866 0.7274789275932818 0.7268669625266769 0.7262549974600722 0.7256430323934674 0.7250310673268625 0.7244191022602567 0.7238071371936519 0.7231951721270471 0.7225832070604423 0.7219712419938374 0.7213592769272327 0.7207473118606279 0.720135346794023 0.7195233817274183 0.7189114166608135 0.7185293686710026 0.718393107238528 0.7182568458060534 0.7181205843735786 0.717984322941104 0.7178480615086295 0.7177118000761549 0.7175755386436802 0.7174392772112056 0.717303015778731 0.7171667543462564 0.7170304929137818 0.7168942314813073 0.7167579700488327 0.7166217086163581 0.7164854471838835 0.7163491857514087 0.7162129243189341 0.7160766628864595 0.715940401453985 0.7158041400215104 0.7156678785890358 0.7155316171565612 0.7153953557240866 0.715259094291612 0.7151228328591375 0.7149865714266629 0.7148503099941882
0.7280967262012283 0.7275034817768354 0.7269102373524425 0.7263169929280496 0.7257237485036566 0.7251305040792637 0.7245372596548698 0.7239440152304769 0.723350770806084 0.7227575263816911 0.7221642819572981 0.7215710375329052 0.7209777931085123 0.7203845486841194 0.7197913042597265 0.7191980598353336 0.7188286146771716 0.718698415998429 0.7185682173196863 0.7184380186409434 0.7183078199622007 0.7181776212834581 0.7180474226047154 0.7179172239259728 0.71778702524723 0.7176568265684874 0.7175266278897448 0.7173964292110021 0.7172662305322595 0.7171360318535167 0.7170058331747741 0.7168756344960314 0.7167454358172886 0.7166152371385459 0.7164850384598032 0.7163548397810605 0.7162246411023179 0.7160944424235752 0.7159642437448326 0.7158340450660898 0.7157038463873472 0.7155736477086045 0.7154434490298619 0.7153132503511193
0.7281025597425701 0.7275280359603891 0.726953512178208 0.726378988396027 0.725804464613846 0.7252299408316649 0.7246554170494829 0.7240808932673019 0.7235063694851208 0.7229318457029398 0.7223573219207587 0.7217827981385777 0.7212082743563967 0.7206337505742156 0.7200592267920346 0.7194847030098536 0.7191278606833407 0.71900372475833 0.7188795888333191 0.7187554529083082 0.7186313169832975 0.7185071810582867 0.718383045133276 0.7182589092082652 0.7181347732832545 0.7180106373582438 0.717886501433233 0.7177623655082223 0.7176382295832114 0.7175140936582007 0.71738995773319 0.7172658218081792 0.7171416858831683 0.7170175499581576 0.7168934140331468 0.7167692781081361 0.7166451421831252 0.7165210062581145 0.7163968703331038 0.716272734408093 0.7161485984830823 0.7160244625580715 0.7159003266330608 0.7157761907080501
0.7281083932839119 0.7275525901439427 0.7269967870039736 0.7264409838640045 0.7258851807240353 0.7253293775840661 0.7247735744440961 0.7242177713041269 0.7236619681641578 0.7231061650241887 0.7225503618842195 0.7219945587442503 0.7214387556042813 0.7208829524643121 0.7203271493243429 0.7197713461843738 0.7194271066895098 0.7193090335182311 0.7191909603469522 0.7190728871756732 0.7189548140043943 0.7188367408331156 0.7187186676618367 0.7186005944905579 0.718482521319279 0.7183644481480003 0.7182463749767214 0.7181283018054426 0.7180102286341637 0.717892155462885 0.7177740822916061 0.7176560091203273 0.7175379359490482 0.7174198627777695 0.7173017896064906 0.7171837164352118 0.717065643263933 0.7169475700926542 0.7168294969213753 0.7167114237500966 0.7165933505788177 0.7164752774075389 0.71635720423626 0.7162391310649813
0.7281142268252536 0.7275771443274964 0.7270400618297391 0.7265029793319818 0.7259658968342246 0.7254288143364673 0.7248917318387091 0.724354649340952 0.7238175668431946 0.7232804843454375 0.7227434018476802 0.7222063193499229 0.7216692368521657 0.7211321543544084 0.7205950718566512 0.7200579893588939 0.7197263526956789 0.719614342278132 0.7195023318605851 0.719390321443038 0.7192783110254911 0.7191663006079442 0.7190542901903972 0.7189422797728504 0.7188302693553035 0.7187182589377565 0.7186062485202097 0.7184942381026628 0.7183822276851158 0.7182702172675689 0.7181582068500221 0.7180461964324751 0.7179341860149281 0.7178221755973812 0.7177101651798342 0.7175981547622873 0.7174861443447405 0.7173741339271935 0.7172621235096466 0.7171501130920998 0.7170381026745528 0.7169260922570059 0.7168140818394589 0.7167020714219121
0.7281200603665954 0.72760169851105 0.7270833366555046 0.7265649747999593 0.726046612944414 0.7255282510888685 0.7250098892333223 0.7244915273777769 0.7239731655222316 0.7234548036666862 0.7229364418111408 0.7224180799555955 0.72189971810005 0.7213813562445047 0.7208629943889593 0.720344632533414 0.720025598701848 0.719919651038033 0.719813703374218 0.7197077557104028 0.7196018080465878 0.7194958603827729 0.7193899127189579 0.7192839650551429 0.7191780173913279 0.7190720697275129 0.7189661220636979 0.7188601743998829 0.7187542267360679 0.718648279072253 0.718542331408438 0.718436383744623 0.7183304360808078 0.7182244884169928 0.7181185407531779 0.7180125930893629 0.7179066454255479 0.7178006977617329 0.7176947500979179 0.717588802434103 0.717482854770288 0.7173769071064731 0.7172709594426581 0.7171650117788431
0.7281258939079371 0.7276262526946037 0.7271266114812702 0.7266269702679368 0.7261273290546033 0.7256276878412697 0.7251280466279355 0.7246284054146019 0.7241287642012685 0.723629122987935 0.7231294817746016 0.7226298405612681 0.7221301993479345 0.7216305581346011 0.7211309169212676 0.7206312757079342 0.7203248447080172 0.7202249597979341 0.720125074887851 0.7200251899777678 0.7199253050676847 0.7198254201576016 0.7197255352475186 0.7196256503374355 0.7195257654273525 0.7194258805172694 0.7193259956071864 0.7192261106971033 0.7191262257870202 0.7190263408769372 0.7189264559668541 0.7188265710567711 0.7187266861466879 0.7186268012366048 0.7185269163265218 0.7184270314164387 0.7183271465063557 0.7182272615962726 0.7181273766861895 0.7180274917761065 0.7179276068660234 0.7178277219559404 0.7177278370458573 0.7176279521357742
0.7281317274492789 0.7276508068781573 0.7271698863070357 0.7266889657359141 0.7262080451647925 0.725727124593671 0.7252462040225486 0.724765283451427 0.7242843628803054 0.7238034423091838 0.7233225217380622 0.7228416011669406 0.722360680595819 0.7218797600246974 0.7213988394535759 0.7209179188824543 0.7206240907141862 0.7205302685578351 0.7204364464014839 0.7203426242451326 0.7202488020887815 0.7201549799324303 0.7200611577760792 0.719967335619728 0.7198735134633769 0.7197796913070258 0.7196858691506746 0.7195920469943234 0.7194982248379723 0.7194044026816212 0.7193105805252701 0.719216758368919 0.7191229362125676 0.7190291140562165 0.7189352918998654 0.7188414697435141 0.718747647587163 0.7186538254308119 0.7185600032744608 0.7184661811181097 0.7183723589617584 0.7182785368054073 0.7181847146490562 0.7180908924927051
0.7281375609906208 0.727675361061711 0.7272131611328013 0.7267509612038916 0.7262887612749819 0.7258265613460722 0.7253643614171617 0.7249021614882519 0.7244399615593423 0.7239777616304326 0.7235155617015229 0.7230533617726131 0.7225911618437034 0.7221289619147937 0.721666761985884 0.7212045620569743 0.7209233367203552 0.7208355773177361 0.7207478179151168 0.7206600585124975 0.7205722991098782 0.720484539707259 0.7203967803046397 0.7203090209020205 0.7202212614994014 0.7201335020967821 0.7200457426941629 0.7199579832915437 0.7198702238889244 0.7197824644863052 0.719694705083686 0.7196069456810668 0.7195191862784475 0.7194314268758282 0.719343667473209 0.7192559080705898 0.7191681486679705 0.7190803892653513 0.7189926298627322 0.7189048704601129 0.7188171110574937 0.7187293516548745 0.7186415922522552 0.718553832849636
0.7281433945319625 0.7276999152452647 0.7272564359585668 0.7268129566718691 0.7263694773851712 0.7259259980984734 0.7254825188117748 0.725039039525077 0.7245955602383791 0.7241520809516814 0.7237086016649835 0.7232651223782857 0.7228216430915878 0.7223781638048901 0.7219346845181922 0.7214912052314943 0.7212225827265243 0.721140886077637 0.7210591894287497 0.7209774927798622 0.720895796130975 0.7208140994820876 0.7207324028332004 0.720650706184313 0.7205690095354258 0.7204873128865384 0.7204056162376512 0.7203239195887639 0.7202422229398766 0.7201605262909893 0.720078829642102 0.7199971329932147 0.7199154363443272 0.71983373969544 0.7197520430465526 0.7196703463976654 0.719588649748778 0.7195069530998908 0.7194252564510034 0.7193435598021162 0.7192618631532288 0.7191801665043416 0.7190984698554542 0.719016773206567
0.7281492280733043 0.7277244694288184 0.7272997107843324 0.7268749521398465 0.7264501934953606 0.7260254348508747 0.725600676206388 0.7251759175619021 0.7247511589174161 0.7243264002729303 0.7239016416284443 0.7234768829839584 0.7230521243394724 0.7226273656949865 0.7222026070505007 0.7217778484060147 0.7215218287326935 0.7214461948375381 0.7213705609423828 0.7212949270472273 0.7212192931520719 0.7211436592569166 0.7210680253617612 0.7209923914666058 0.7209167575714504 0.720841123676295 0.7207654897811396 0.7206898558859842 0.7206142219908289 0.7205385880956735 0.7204629542005181 0.7203873203053628 0.7203116864102073 0.7202360525150518 0.7201604186198964 0.7200847847247411 0.7200091508295857 0.7199335169344303 0.719857883039275 0.7197822491441196 0.7197066152489642 0.7196309813538088 0.7195553474586535 0.719479713563498
0.728155061614646 0.727749023612372 0.727342985610098 0.7269369476078239 0.7265309096055499 0.7261248716032759 0.7257188336010011 0.7253127955987271 0.7249067575964531 0.724500719594179 0.7240946815919049 0.7236886435896309 0.7232826055873569 0.7228765675850829 0.7224705295828088 0.7220644915805348 0.7218210747388626 0.7217515035974391 0.7216819324560158 0.7216123613145922 0.7215427901731687 0.7214732190317452 0.7214036478903217 0.7213340767488983 0.7212645056074748 0.7211949344660514 0.721125363324628 0.7210557921832045 0.720986221041781 0.7209166499003575 0.7208470787589341 0.7207775076175106 0.7207079364760871 0.7206383653346636 0.7205687941932402 0.7204992230518167 0.7204296519103932 0.7203600807689697 0.7202905096275463 0.7202209384861229 0.7201513673446994 0.720081796203276 0.7200122250618525 0.719942653920429
0.7281608951559878 0.7277735777959257 0.7273862604358635 0.7269989430758014 0.7266116257157392 0.7262243083556771 0.7258369909956143 0.7254496736355521 0.72506235627549 0.7246750389154277 0.7242877215553656 0.7239004041953034 0.7235130868352413 0.7231257694751791 0.722738452115117 0.7223511347550549 0.7221203207450316 0.7220568123573401 0.7219933039696486 0.7219297955819569 0.7218662871942654 0.7218027788065738 0.7217392704188823 0.7216757620311908 0.7216122536434992 0.7215487452558077 0.7214852368681162 0.7214217284804246 0.7213582200927331 0.7212947117050416 0.72123120331735 0.7211676949296585 0.7211041865419668 0.7210406781542753 0.7209771697665838 0.7209136613788922 0.7208501529912007 0.7207866446035092 0.7207231362158175 0.720659627828126 0.7205961194404344 0.7205326110527429 0.7204691026650514 0.7204055942773598
0.7281667286973296 0.7277981319794793 0.7274295352616291 0.7270609385437788 0.7266923418259286 0.7263237451080783 0.7259551483902273 0.7255865516723772 0.7252179549545269 0.7248493582366766 0.7244807615188263 0.7241121648009761 0.7237435680831258 0.7233749713652755 0.7230063746474253 0.7226377779295751 0.7224195667512009 0.7223621211172412 0.7223046754832816 0.7222472298493219 0.7221897842153623 0.7221323385814027 0.7220748929474431 0.7220174473134834 0.7219600016795238 0.7219025560455642 0.7218451104116046 0.721787664777645 0.7217302191436854 0.7216727735097257 0.7216153278757661 0.7215578822418065 0.7215004366078468 0.7214429909738872 0.7213855453399276 0.721328099705968 0.7212706540720083 0.7212132084380487 0.7211557628040891 0.7210983171701295 0.7210408715361699 0.7209834259022103 0.7209259802682506 0.720868534634291
0.7292979673039844 0.7289321651383021 0.7285663629726197 0.7282005608069373 0.7278347586412549 0.7274689564755725 0.7271031543098896 0.7267373521442072 0.7263715499785248 0.7260057478128423 0.72563994564716 0.7252741434814776 0.7249083413157952 0.7245425391501128 0.7241767369844304 0.723810934818748 0.7235966676114614 0.7235443947034218 0.7234921217953821 0.7234398488873425 0.7233875759793028 0.7233353030712633 0.7232830301632237 0.723230757255184 0.7231784843471445 0.7231262114391048 0.7230739385310653 0.7230216656230256 0.7229693927149861 0.7229171198069465 0.7228648468989068 0.7228125739908673 0.7227603010828275 0.722708028174788 0.7226557552667484 0.7226034823587087 0.7225512094506692 0.7224989365426295 0.72244666363459 0.7223943907265503 0.7223421178185108 0.7222898449104711 0.7222375720024315 0.722185299094392
