Figures/CREST_Example_wjb_NSE/PETs/wjb.pet.20100315.asc
ncols            288
nrows            254
xllcorner        113.274861
yllcorner        31.4918055
cellsize         0.008333333333
NODATA_value     -9999
[rows 180 to 199 of 254, columns 88 to 131 of 288]
1.6391099367038928 1.6368092632503906 1.634508589796888 1.6322079163433818 1.6299072428898795 1.6276065694363773 1.6253058959828748 1.6230052225293725 1.62070454907587 1.6184038756223678 1.6161032021688655 1.613802528715363 1.6115018552618607 1.6092011818083585 1.6072370186944442 1.6056325927424517 1.6040281667904566 1.602423740838464 1.6008193148864718 1.5992148889344793 1.5976104629824868 1.5960060370304943 1.5944016110785018 1.5927971851265093 1.5911927591745167 1.5895883332225242 1.5879839072705317 1.5863794813185392 1.584775055366547 1.5831706294145516 1.5815662034625593 1.5799617775105668 1.5783573515585743 1.5767529256065818 1.5751484996545893 1.5735440737025967 1.5719396477506042 1.5703352217986117 1.5687307958466192 1.567126369894627 1.5655219439426344 1.563917517990642 1.5623130920386468 1.5607086660866543
1.6397794895514368 1.6375276226204833 1.6352757556895299 1.6330238887585726 1.6307720218276192 1.628520154896666 1.6262682879657124 1.624016421034759 1.6217645541038057 1.6195126871728522 1.6172608202418988 1.6150089533109453 1.612757086379992 1.6105052194490386 1.608590184567108 1.607035230761759 1.6054802769564074 1.6039253231510584 1.6023703693457094 1.6008154155403604 1.5992604617350115 1.5977055079296625 1.5961505541243133 1.5945956003189643 1.5930406465136153 1.5914856927082663 1.5899307389029174 1.5883757850975684 1.5868208312922194 1.5852658774868678 1.5837109236815186 1.5821559698761696 1.5806010160708206 1.5790460622654716 1.5774911084601226 1.5759361546547737 1.5743812008494247 1.5728262470440757 1.5712712932387265 1.5697163394333775 1.5681613856280285 1.5666064318226796 1.565051478017328 1.563496524211979
1.6404490423989808 1.6382459819905764 1.6360429215821717 1.6338398611737635 1.631636800765359 1.6294337403569545 1.62723067994855 1.6250276195401456 1.6228245591317412 1.6206214987233367 1.6184184383149323 1.6162153779065278 1.6140123174981234 1.6118092570897187 1.609943350439772 1.6084378687810663 1.6069323871223582 1.6054269054636527 1.6039214238049473 1.6024159421462416 1.6009104604875362 1.5994049788288307 1.597899497170125 1.5963940155114196 1.5948885338527141 1.5933830521940084 1.591877570535303 1.5903720888765975 1.5888666072178919 1.5873611255591837 1.5858556439004783 1.5843501622417728 1.5828446805830672 1.5813391989243617 1.5798337172656562 1.5783282356069506 1.5768227539482451 1.5753172722895397 1.573811790630834 1.5723063089721285 1.570800827313423 1.5692953456547174 1.5677898639960093 1.5662843823373038
1.641118595246525 1.6389643413606696 1.636810087474814 1.634655833588955 1.6325015797030993 1.6303473258172438 1.6281930719313884 1.6260388180455327 1.6238845641596773 1.6217303102738219 1.6195760563879664 1.6174218025021108 1.6152675486162553 1.6131132947303999 1.6112965163124366 1.6098405068003745 1.6083844972883101 1.6069284877762482 1.605472478264186 1.6040164687521241 1.6025604592400622 1.601104449728 1.599648440215938 1.5981924307038762 1.596736421191814 1.595280411679752 1.5938244021676902 1.592368392655628 1.590912383143566 1.5894563736315017 1.5880003641194396 1.5865443546073776 1.5850883450953157 1.5836323355832536 1.5821763260711916 1.5807203165591297 1.5792643070470676 1.5778082975350056 1.5763522880229437 1.5748962785108818 1.5734402689988196 1.5719842594867577 1.570528249974693 1.5690722404626312
1.641788148094069 1.6396827007307624 1.6375772533674557 1.6354718060041458 1.6333663586408391 1.6312609112775325 1.629155463914226 1.6270500165509194 1.6249445691876128 1.6228391218243063 1.6207336744609997 1.618628227097693 1.6165227797343866 1.61441733237108 1.6126496821851004 1.6112431448196818 1.609836607454261 1.6084300700888423 1.607023532723424 1.6056169953580053 1.6042104579925869 1.6028039206271683 1.6013973832617499 1.5999908458963312 1.5985843085309128 1.5971777711654942 1.5957712338000758 1.5943646964346572 1.5929581590692388 1.5915516217038177 1.5901450843383993 1.5887385469729807 1.5873320096075623 1.5859254722421436 1.5845189348767252 1.5831123975113066 1.5817058601458882 1.5802993227804696 1.5788927854150512 1.5774862480496326 1.5760797106842142 1.5746731733187955 1.5732666359533747 1.571860098587956
1.6424577009416128 1.6404010601008552 1.6383444192600976 1.6362877784193364 1.6342311375785787 1.6321744967378211 1.6301178558970635 1.6280612150563059 1.6260045742155482 1.6239479333747906 1.621891292534033 1.6198346516932753 1.6177780108525177 1.61572137001176 1.614002848057764 1.6126457828389889 1.6112887176202115 1.6099316524014364 1.6085745871826616 1.6072175219638865 1.6058604567451114 1.6045033915263365 1.6031463263075614 1.6017892610887863 1.6004321958700114 1.5990751306512363 1.5977180654324612 1.596361000213686 1.5950039349949112 1.593646869776134 1.5922898045573588 1.5909327393385837 1.5895756741198088 1.5882186089010337 1.5868615436822586 1.5855044784634835 1.5841474132447086 1.5827903480259335 1.5814332828071584 1.5800762175883836 1.5787191523696085 1.5773620871508334 1.576005021932056 1.574647956713281
1.6431272537891568 1.641119419470948 1.6391115851527394 1.6371037508345272 1.6350959165163186 1.6330880821981097 1.6310802478799011 1.6290724135616923 1.6270645792434837 1.625056744925275 1.6230489106070662 1.6210410762888576 1.6190332419706488 1.6170254076524402 1.6153560139304277 1.6140484208582961 1.6127408277861623 1.6114332347140308 1.6101256416418992 1.6088180485697676 1.6075104554976363 1.6062028624255047 1.6048952693533731 1.6035876762812415 1.60228008320911 1.6009724901369784 1.5996648970648468 1.5983573039927153 1.5970497109205837 1.5957421178484499 1.5944345247763183 1.593126931704187 1.5918193386320554 1.5905117455599238 1.5892041524877922 1.5878965594156607 1.586588966343529 1.5852813732713975 1.583973780199266 1.5826661871271344 1.5813585940550028 1.5800510009828712 1.5787434079107376 1.577435814838606
1.6437968066367006 1.641837778841041 1.6398787510453812 1.637919723249718 1.6359606954540582 1.6340016676583984 1.6320426398627388 1.630083612067079 1.6281245842714192 1.6261655564757593 1.6242065286800997 1.62224750088444 1.62028847308878 1.6183294452931203 1.6167091798030915 1.6154510588776034 1.6141929379521132 1.6129348170266251 1.611676696101137 1.610418575175649 1.609160454250161 1.607902333324673 1.6066442123991849 1.6053860914736966 1.6041279705482085 1.6028698496227205 1.6016117286972325 1.6003536077717444 1.5990954868462564 1.597837365920766 1.596579244995278 1.59532112406979 1.594063003144302 1.5928048822188139 1.5915467612933258 1.5902886403678376 1.5890305194423495 1.5877723985168615 1.5865142775913734 1.5852561566658854 1.5839980357403973 1.5827399148149093 1.581481793889419 1.580223672963931
1.6444663594842444 1.6425561382111336 1.6406459169380228 1.6387356956649086 1.6368254743917978 1.634915253118687 1.6330050318455762 1.6310948105724654 1.6291845892993546 1.6272743680262436 1.6253641467531328 1.623453925480022 1.6215437042069112 1.6196334829338004 1.618062345675755 1.6168536968969105 1.6156450481180638 1.6144363993392192 1.6132277505603747 1.61201910178153 1.6108104530026854 1.609601804223841 1.6083931554449964 1.6071845066661516 1.6059758578873071 1.6047672091084626 1.6035585603296179 1.6023499115507733 1.6011412627719288 1.599932613993082 1.5987239652142375 1.597515316435393 1.5963066676565483 1.5950980188777037 1.5938893700988592 1.5926807213200147 1.59147207254117 1.5902634237623254 1.589054774983481 1.5878461262046362 1.5866374774257916 1.5854288286469471 1.5842201798681004 1.5830115310892559
1.645135912331789 1.643274497581227 1.6414130828306652 1.6395516680801 1.6376902533295383 1.6358288385789765 1.6339674238284145 1.6321060090778527 1.630244594327291 1.628383179576729 1.6265217648261672 1.6246603500756054 1.6227989353250434 1.6209375205744816 1.61941551154842 1.618256334916219 1.617097158284016 1.615937981651815 1.6147788050196137 1.6136196283874127 1.6124604517552117 1.6113012751230105 1.6101420984908095 1.6089829218586085 1.6078237452264073 1.6066645685942063 1.6055053919620053 1.6043462153298043 1.603187038697603 1.6020278620654 1.600868685433199 1.599709508800998 1.5985503321687968 1.5973911555365958 1.5962319789043948 1.5950728022721936 1.5939136256399926 1.5927544490077916 1.5915952723755904 1.5904360957433894 1.5892769191111884 1.5881177424789874 1.5869585658467842 1.5857993892145832
1.6458054651793328 1.64399285695132 1.642180248723307 1.640367640495291 1.6385550322672782 1.6367424240392652 1.6349298158112522 1.6331172075832394 1.6313045993552264 1.6294919911272134 1.6276793828992007 1.6258667746711877 1.6240541664431747 1.6222415582151617 1.6207686774210837 1.6196589729355262 1.6185492684499667 1.617439563964409 1.6163298594788515 1.6152201549932939 1.6141104505077364 1.6130007460221787 1.6118910415366212 1.6107813370510635 1.609671632565506 1.6085619280799484 1.6074522235943909 1.6063425191088332 1.6052328146232757 1.6041231101377162 1.6030134056521586 1.601903701166601 1.6007939966810434 1.599684292195486 1.5985745877099282 1.5974648832243707 1.596355178738813 1.5952454742532556 1.5941357697676979 1.5930260652821404 1.5919163607965827 1.5908066563110252 1.5896969518254658 1.588587247339908
1.6464750180268768 1.6447112163214126 1.6429474146159486 1.6411836129104818 1.6394198112050178 1.6376560094995538 1.6358922077940896 1.6341284060886256 1.6323646043831617 1.6306008026776977 1.6288370009722337 1.6270731992667697 1.6253093975613058 1.6235455958558418 1.6221218432937474 1.6210616109548333 1.6200013786159173 1.6189411462770031 1.6178809139380892 1.616820681599175 1.6157604492602609 1.614700216921347 1.6136399845824327 1.6125797522435186 1.6115195199046046 1.6104592875656905 1.6093990552267763 1.6083388228878623 1.6072785905489482 1.6062183582100322 1.605158125871118 1.604097893532204 1.60303766119329 1.6019774288543758 1.6009171965154618 1.5998569641765477 1.5987967318376335 1.5977364994987195 1.5966762671598054 1.5956160348208912 1.5945558024819773 1.593495570143063 1.5924353378041471 1.591375105465233
1.6471445708744206 1.6454295756915056 1.6437145805085904 1.6419995853256726 1.6402845901427574 1.6385695949598424 1.6368545997769273 1.6351396045940123 1.6334246094110971 1.6317096142281822 1.6299946190452672 1.628279623862352 1.626564628679437 1.624849633496522 1.6234750091664112 1.6224642489741405 1.6214534887818681 1.6204427285895975 1.6194319683973268 1.6184212082050562 1.6174104480127856 1.616399687820515 1.6153889276282443 1.6143781674359738 1.6133674072437032 1.6123566470514326 1.611345886859162 1.6103351266668913 1.6093243664746206 1.6083136062823482 1.6073028460900776 1.606292085897807 1.6052813257055365 1.6042705655132659 1.6032598053209952 1.6022490451287246 1.601238284936454 1.6002275247441833 1.5992167645519126 1.598206004359642 1.5971952441673714 1.5961844839751007 1.5951737237828285 1.5941629635905579
1.6478141237219646 1.6461479350615984 1.6444817464012322 1.6428155577408634 1.6411493690804972 1.639483180420131 1.637816991759765 1.6361508030993988 1.6344846144390328 1.6328184257786666 1.6311522371183005 1.6294860484579343 1.6278198597975682 1.6261536711372022 1.624828175039075 1.6238668869934478 1.622905598947819 1.6219443109021918 1.6209830228565647 1.6200217348109376 1.6190604467653105 1.6180991587196831 1.617137870674056 1.616176582628429 1.6152152945828018 1.6142540065371747 1.6132927184915475 1.6123314304459204 1.6113701424002933 1.6104088543546644 1.6094475663090373 1.6084862782634102 1.607524990217783 1.6065637021721557 1.6056024141265286 1.6046411260809015 1.6036798380352744 1.6027185499896472 1.6017572619440201 1.600795973898393 1.599834685852766 1.5988733978071386 1.5979121097615099 1.5969508217158828
1.6484836765695086 1.6468662944316914 1.6452489122938743 1.6436315301560545 1.6420141480182373 1.6403967658804202 1.638779383742603 1.6371620016047856 1.6355446194669685 1.6339272373291513 1.6323098551913342 1.630692473053517 1.6290750909157 1.6274577087778828 1.6261813409117392 1.6252695250127556 1.6243577091137702 1.6234458932147866 1.622534077315803 1.6216222614168194 1.6207104455178358 1.619798629618852 1.6188868137198684 1.6179749978208848 1.6170631819219012 1.6161513660229176 1.6152395501239338 1.6143277342249502 1.6134159183259666 1.6125041024269815 1.611592286527998 1.610680470629014 1.6097686547300305 1.608856838831047 1.6079450229320633 1.6070332070330797 1.606121391134096 1.6052095752351123 1.6042977593361287 1.6033859434371451 1.6024741275381615 1.6015623116391777 1.6006504957401926 1.599738679841209
1.6491532294170526 1.6475846538017842 1.646016078186516 1.644447502571245 1.642878926955977 1.6413103513407086 1.6397417757254404 1.638173200110172 1.636604624494904 1.6350360488796356 1.6334674732643675 1.6318988976490991 1.630330322033831 1.6287617464185626 1.6275345067844027 1.6266721630320626 1.625809819279721 1.6249474755273807 1.6240851317750407 1.6232227880227004 1.6223604442703603 1.6214981005180202 1.62063575676568 1.6197734130133399 1.6189110692609998 1.6180487255086595 1.6171863817563195 1.6163240380039792 1.615461694251639 1.6145993504992975 1.6137370067469574 1.6128746629946171 1.612012319242277 1.611149975489937 1.6102876317375967 1.6094252879852566 1.6085629442329163 1.6077006004805763 1.6068382567282362 1.605975912975896 1.6051135692235559 1.6042512254712156 1.603388881718874 1.6025265379665339
1.6498227822645963 1.648303013171877 1.6467832440791579 1.6452634749864359 1.6437437058937165 1.6422239368009972 1.640704167708278 1.6391843986155588 1.6376646295228394 1.63614486043012 1.6346250913374007 1.6331053222446814 1.6315855531519623 1.630065784059243 1.6288876726570665 1.6280748010513697 1.6272619294456718 1.626449057839975 1.6256361862342783 1.6248233146285818 1.624010443022885 1.6231975714171885 1.6223846998114917 1.621571828205795 1.6207589566000984 1.6199460849944016 1.619133213388705 1.6183203417830083 1.6175074701773118 1.6166945985716137 1.615881726965917 1.6150688553602204 1.6142559837545236 1.6134431121488269 1.6126302405431303 1.6118173689374335 1.611004497331737 1.6101916257260402 1.6093787541203435 1.608565882514647 1.6077530109089502 1.6069401393032536 1.6061272676975555 1.6053143960918588
1.6504923351121406 1.6490213725419702 1.6475504099718 1.646079447401627 1.6446084848314566 1.6431375222612863 1.641666559691116 1.6401955971209456 1.6387246345507753 1.637253671980605 1.6357827094104347 1.6343117468402641 1.6328407842700938 1.6313698216999235 1.6302408385297307 1.6294774390706774 1.628714039611623 1.6279506401525699 1.6271872406935166 1.6264238412344636 1.6256604417754104 1.6248970423163571 1.624133642857304 1.6233702433982509 1.6226068439391976 1.6218434444801446 1.6210800450210914 1.6203166455620381 1.6195532461029851 1.6187898466439306 1.6180264471848773 1.6172630477258243 1.616499648266771 1.6157362488077178 1.6149728493486648 1.6142094498896116 1.6134460504305583 1.612682650971505 1.611919251512452 1.6111558520533988 1.6103924525943456 1.6096290531352926 1.608865653676238 1.6081022542171848
1.6511618879596845 1.649739731912063 1.6483175758644417 1.646895419816818 1.6454732637691964 1.6440511077215751 1.6426289516739536 1.6412067956263323 1.6397846395787108 1.6383624835310895 1.636940327483468 1.6355181714358467 1.6340960153882251 1.6326738593406038 1.6315940044023944 1.6308800770899847 1.630166149777574 1.6294522224651642 1.6287382951527545 1.6280243678403448 1.627310440527935 1.6265965132155253 1.6258825859031159 1.6251686585907061 1.6244547312782964 1.6237408039658867 1.623026876653477 1.6223129493410673 1.6215990220286576 1.6208850947162468 1.620171167403837 1.6194572400914273 1.6187433127790176 1.618029385466608 1.6173154581541982 1.6166015308417885 1.6158876035293788 1.6151736762169693 1.6144597489045596 1.6137458215921499 1.6130318942797401 1.6123179669673304 1.6116040396549196 1.61089011234251
1.6518314408072283 1.6504580912821558 1.6490847417570833 1.6477113922320086 1.646338042706936 1.6449646931818636 1.643591343656791 1.6422179941317185 1.640844644606646 1.6394712950815737 1.6380979455565012 1.6367245960314287 1.6353512465063562 1.6339778969812837 1.632947170275058 1.6322827151092918 1.6316182599435245 1.6309538047777583 1.6302893496119921 1.629624894446226 1.6289604392804597 1.6282959841146936 1.6276315289489274 1.6269670737831612 1.6263026186173948 1.6256381634516286 1.6249737082858624 1.6243092531200962 1.62364479795433 1.6229803427885627 1.6223158876227965 1.6216514324570304 1.6209869772912642 1.620322522125498 1.6196580669597318 1.6189936117939654 1.6183291566281992 1.617664701462433 1.6170002462966668 1.6163357911309006 1.6156713359651345 1.6150068807993683 1.614342425633601 1.6136779704678348
