Figures/CREST_Example_wjb_NSE/PETs/wjb.pet.20090812.asc
ncols            288
nrows            254
xllcorner        113.274861
yllcorner        31.4918055
cellsize         0.008333333333
NODATA_value     -9999
[rows 100 to 119 of 254, columns 44 to 87 of 288]
3.929200451500735 3.9237027360106014 3.918205020520468 3.9127073050303345 3.907209589540201 3.9017118740500676 3.896214158559934 3.8907164430698007 3.885218727579658 3.8797210120895245 3.874223296599391 3.8687255811092576 3.863227865619124 3.857730150128991 3.8522324346388577 3.8467347191487242 3.8412370036585908 3.8357392881684573 3.830241572678324 3.8247438571881904 3.819246141698057 3.813748426207914 3.8082507107177808 3.8027529952276473 3.797255279737514 3.791757564247381 3.7862598487572474 3.780762133267114 3.776605998674364 3.7738840443887733 3.7711620901031826 3.768440135817592 3.765718181532001 3.7629962272464104 3.760274272960815 3.7575523186752244 3.7548303643896337 3.752108410104043 3.749386455818452 3.7466645015328615 3.7439425472472707 3.74122059296168 3.7384986386760892 3.7357766843904985
3.9266996598170882 3.921336996934221 3.915974334051354 3.910611671168487 3.9052490082856197 3.8998863454027526 3.8945236825198855 3.8891610196370183 3.883798356754142 3.8784356938712747 3.8730730309884076 3.8677103681055405 3.8623477052226733 3.856985042339806 3.851622379456939 3.846259716574072 3.840897053691205 3.8355343908083377 3.8301717279254706 3.8248090650426034 3.8194464021597363 3.81408373927686 3.8087210763939927 3.8033584135111256 3.7979957506282584 3.7926330877453913 3.787270424862524 3.781907761979657 3.7778368706121808 3.7751469121965187 3.772456953780857 3.769766995365195 3.767077036949533 3.764387078533871 3.7616971201182046 3.759007161702543 3.756317203286881 3.753627244871219 3.750937286455557 3.748247328039895 3.7455573696242332 3.742867411208571 3.7401774527929095 3.7374874943772474
3.924198868133442 3.9189712578578413 3.9137436475822405 3.9085160373066397 3.903288427031039 3.898060816755438 3.892833206479837 3.887605596204236 3.8823779859286263 3.8771503756530254 3.8719227653774246 3.866695155101824 3.861467544826223 3.856239934550622 3.851012324275021 3.84578471399942 3.8405571037238193 3.8353294934482185 3.8301018831726177 3.824874272897017 3.819646662621416 3.814419052345806 3.809191442070205 3.8039638317946043 3.7987362215190035 3.7935086112434027 3.788281000967802 3.783053390692201 3.7790677425499974 3.7764097800042644 3.7737518174585314 3.7710938549127984 3.7684358923670653 3.765777929821332 3.7631199672755944 3.7604620047298614 3.7578040421841283 3.755146079638395 3.752488117092662 3.749830154546929 3.747172192001196 3.7445142294554628 3.7418562669097293 3.7391983043639963
3.9216980764497964 3.9166055187814615 3.911512961113127 3.9064204034447925 3.9013278457764575 3.896235288108123 3.8911427304397885 3.886050172771454 3.8809576151031107 3.875865057434776 3.870772499766441 3.8656799420981067 3.8605873844297722 3.8554948267614377 3.850402269093103 3.8453097114247683 3.840217153756434 3.8351245960880993 3.8300320384197644 3.82493948075143 3.8198469230830954 3.814754365414752 3.8096618077464175 3.8045692500780826 3.799476692409748 3.7943841347414136 3.789291577073079 3.784199019404744 3.780298614487814 3.7776726478120097 3.775046681136206 3.7724207144604014 3.769794747784597 3.7671687811087926 3.7645428144329838 3.7619168477571794 3.7592908810813754 3.756664914405571 3.7540389477297667 3.7514129810539623 3.748787014378158 3.746161047702354 3.7435350810265495 3.740909114350745
3.9191972847661503 3.9142397797050816 3.9092822746440135 3.9043247695829453 3.8993672645218767 3.8944097594608085 3.88945225439974 3.8844947493386717 3.879537244277595 3.8745797392165264 3.8696222341554583 3.8646647290943896 3.8597072240333214 3.8547497189722533 3.8497922139111846 3.8448347088501165 3.839877203789048 3.8349196987279797 3.8299621936669115 3.825004688605843 3.8200471835447747 3.8150896784836976 3.8101321734226294 3.805174668361561 3.8002171633004926 3.7952596582394245 3.790302153178356 3.7853446481172877 3.781529486425631 3.778935515619755 3.7763415448138797 3.7737475740080044 3.7711536032021287 3.7685596323962534 3.765965661590373 3.763371690784498 3.7607777199786225 3.758183749172747 3.7555897783668715 3.752995807560996 3.7504018367551204 3.747807865949245 3.7452138951433693 3.742619924337494
3.9166964930825023 3.9118740406287 3.907051588174898 3.9022291357210963 3.8974066832672944 3.892584230813492 3.8877617783596903 3.8829393259058884 3.878116873452078 3.8732944209982763 3.868471968544474 3.863649516090672 3.8588270636368702 3.8540046111830684 3.849182158729266 3.844359706275464 3.8395372538216623 3.8347148013678605 3.829892348914058 3.8250698964602563 3.8202474440064544 3.815424991552644 3.8106025390988423 3.80578008664504 3.800957634191238 3.7961351817374362 3.7913127292836344 3.786490276829832 3.7827603583634484 3.780198383427502 3.7776364084915555 3.775074433555609 3.772512458619662 3.7699504836837154 3.7673885087477643 3.7648265338118176 3.762264558875871 3.7597025839399243 3.7571406090039776 3.754578634068031 3.7520166591320843 3.7494546841961376 3.746892709260191 3.7443307343242442
3.9141957013988558 3.90950830155232 3.904820901705784 3.9001335018592487 3.895446102012713 3.890758702166177 3.8860713023196416 3.8813839024731056 3.876696502626562 3.8720091027800265 3.8673217029334905 3.862634303086955 3.8579469032404194 3.8532595033938835 3.848572103547348 3.843884703700812 3.8391973038542764 3.834509904007741 3.829822504161205 3.8251351043146693 3.8204477044681338 3.8157603046215898 3.8110729047750542 3.8063855049285182 3.8016981050819827 3.797010705235447 3.792323305388911 3.7876359055423756 3.783991230301265 3.7814612512352475 3.7789312721692294 3.776401293103212 3.773871314037194 3.7713413349711757 3.7688113559051537 3.766281376839136 3.763751397773118 3.7612214187071005 3.7586914396410824 3.7561614605750644 3.753631481509047 3.7511015024430288 3.748571523377011 3.746041544310993
3.9116949097152096 3.9071425624759404 3.9025902152366707 3.8980378679974015 3.893485520758132 3.8889331735188626 3.884380826279593 3.8798284790403237 3.8752761318010465 3.870723784561777 3.8661714373225076 3.861619090083238 3.8570667428439687 3.852514395604699 3.8479620483654298 3.84340970112616 3.838857353886891 3.834305006647621 3.829752659408352 3.8252003121690823 3.820647964929813 3.816095617690536 3.811543270451266 3.806990923211997 3.8024385759727273 3.797886228733458 3.7933338814941884 3.7887815342549187 3.7852221022390817 3.7827241190429928 3.7802261358469034 3.7777281526508144 3.7752301694547254 3.7727321862586365 3.770234203062543 3.767736219866454 3.765238236670365 3.762740253474276 3.7602422702781872 3.757744287082098 3.755246303886009 3.75274832068992 3.750250337493831 3.747752354297742
3.909194118031564 3.9047768233995606 3.900359528767557 3.8959422341355543 3.891524939503551 3.8871076448715476 3.8826903502395447 3.8782730556075413 3.8738557609755304 3.8694384663435275 3.865021171711524 3.860603877079521 3.856186582447518 3.8517692878155145 3.847351993183511 3.8429346985515083 3.838517403919505 3.834100109287502 3.8296828146554986 3.8252655200234953 3.8208482253914924 3.8164309307594815 3.812013636127478 3.807596341495475 3.803179046863472 3.7987617522314685 3.7943444575994656 3.7899271629674622 3.786452974176898 3.783986986850738 3.7815209995245778 3.7790550121984174 3.776589024872257 3.7741230375460972 3.7716570502199325 3.7691910628937726 3.7667250755676123 3.764259088241452 3.7617931009152916 3.7593271135891317 3.7568611262629714 3.754395138936811 3.7519291516106508 3.749463164284491
3.9066933263479178 3.9024110843231807 3.8981288422984437 3.893846600273707 3.88956435824897 3.885282116224233 3.880999874199496 3.8767176321747594 3.872435390150015 3.868153148125278 3.863870906100541 3.859588664075804 3.855306422051067 3.8510241800263305 3.8467419380015935 3.8424596959768564 3.8381774539521194 3.833895211927383 3.8296129699026458 3.8253307278779087 3.8210484858531717 3.8167662438284276 3.8124840018036905 3.808201759778954 3.803919517754217 3.79963727572948 3.795355033704743 3.791072791680006 3.787683846114715 3.785249854658484 3.782815863202252 3.780381871746021 3.7779478802897897 3.775513888833558 3.7730798973773223 3.770645905921091 3.76821191446486 3.765777923008628 3.763343931552397 3.7609099400961656 3.758475948639934 3.7560419571837027 3.753607965727471 3.7511739742712398
3.9041925346642716 3.900045345246801 3.89589815582933 3.8917509664118595 3.887603776994389 3.8834565875769185 3.8793093981594478 3.875162208741977 3.871015019324499 3.8668678299070285 3.8627206404895578 3.858573451072087 3.8544262616546163 3.850279072237146 3.8461318828196753 3.8419846934022046 3.837837503984734 3.833690314567263 3.8295431251497924 3.8253959357323217 3.821248746314851 3.8171015568973736 3.812954367479903 3.808807178062432 3.8046599886449615 3.8005127992274907 3.79636560981002 3.7922184203925493 3.7889147180525318 3.786512722466229 3.7841107268799266 3.781708731293624 3.7793067357073213 3.7769047401210187 3.774502744534712 3.7721007489484095 3.769698753362107 3.7672967577758043 3.7648947621895017 3.762492766603199 3.7600907710168965 3.757688775430594 3.7552867798442913 3.7528847842579887
3.9016917429806237 3.8976796061704193 3.893667469360215 3.889655332550011 3.8856431957398065 3.881631058929602 3.8776189221193977 3.8736067853091933 3.8695946484989823 3.865582511688778 3.861570374878574 3.8575582380683695 3.853546101258165 3.8495339644479607 3.8455218276377563 3.8415096908275523 3.837497554017348 3.8334854172071435 3.829473280396939 3.8254611435867347 3.8214490067765308 3.8174368699663193 3.8134247331561153 3.809412596345911 3.8054004595357065 3.801388322725502 3.7973761859152977 3.7933640491050937 3.790145589990349 3.7877755902739754 3.7854055905576014 3.783035590841228 3.780665591124854 3.7782955914084804 3.7759255916921024 3.773555591975729 3.771185592259355 3.7688155925429814 3.7664455928266074 3.764075593110234 3.76170559339386 3.7593355936774864 3.7569655939611124 3.754595594244739
3.899190951296977 3.8953138670940395 3.8914367828911014 3.8875596986881633 3.8836826144852252 3.879805530282287 3.875928446079349 3.872051361876411 3.8681742776734667 3.8642971934705286 3.8604201092675905 3.8565430250646524 3.8526659408617143 3.8487888566587762 3.844911772455838 3.8410346882529 3.8371576040499624 3.8332805198470243 3.8294034356440863 3.825526351441148 3.82164926723821 3.8177721830352653 3.8138950988323277 3.8100180146293896 3.8061409304264515 3.8022638462235134 3.7983867620205753 3.7945096778176373 3.791376461928166 3.789038458081721 3.7867004542352762 3.7843624503888313 3.782024446542386 3.779686442695941 3.7773484388494922 3.7750104350030473 3.7726724311566024 3.7703344273101576 3.7679964234637127 3.7656584196172673 3.7633204157708224 3.7609824119243775 3.7586444080779327 3.7563064042314878
3.8966901596133314 3.8929481280176597 3.889206096421988 3.885464064826316 3.8817220332306444 3.8779800016349726 3.874237970039301 3.870495938443629 3.8667539068479506 3.863011875252279 3.859269843656607 3.8555278120609353 3.8517857804652635 3.8480437488695918 3.84430171727392 3.8405596856782482 3.8368176540825765 3.8330756224869047 3.829333590891233 3.825591559295561 3.8218495276998894 3.8181074961042114 3.8143654645085396 3.810623432912868 3.806881401317196 3.8031393697215243 3.7993973381258526 3.795655306530181 3.7926073338659827 3.7903013258894664 3.78799531791295 3.7856893099364344 3.783383301959918 3.781077293983402 3.7787712860068816 3.776465278030366 3.7741592700538495 3.7718532620773333 3.769547254100817 3.7672412461243012 3.764935238147785 3.7626292301712687 3.760323222194753 3.7580172142182366
3.8941893679296853 3.89058238894128 3.8869754099528744 3.8833684309644685 3.879761451976063 3.8761544729876576 3.872547493999252 3.8689405150108467 3.865333536022435 3.8617265570340296 3.858119578045624 3.854512599057218 3.8509056200688128 3.8472986410804073 3.843691662092002 3.8400846831035964 3.836477704115191 3.8328707251267855 3.8292637461383796 3.825656767149974 3.8220497881615687 3.818442809173157 3.8148358301847516 3.811228851196346 3.8076218722079407 3.8040148932195352 3.8004079142311293 3.796800935242724 3.793838205803799 3.7915641936972118 3.7892901815906246 3.787016169484037 3.78474215737745 3.7824681452708626 3.7801941331642714 3.777920121057684 3.7756461089510966 3.7733720968445095 3.771098084737922 3.7688240726313347 3.7665500605247475 3.76427604841816 3.7620020363115727 3.7597280242049855
3.891688576246039 3.8882166498649 3.884744723483761 3.8812727971026213 3.877800870721482 3.874328944340343 3.8708570179592034 3.8673850915780643 3.8639131651969194 3.86044123881578 3.8569693124346407 3.8534973860535016 3.850025459672362 3.846553533291223 3.8430816069100837 3.8396096805289446 3.836137754147805 3.832665827766666 3.8291939013855267 3.825721975004387 3.822250048623248 3.818778122242103 3.8153061958609635 3.8118342694798244 3.8083623430986853 3.8048904167175457 3.8014184903364066 3.7979465639552674 3.7950690777416156 3.792827061504957 3.7905850452682985 3.78834302903164 3.7861010127949815 3.783858996558323 3.781616980321661 3.7793749640850023 3.7771329478483437 3.774890931611685 3.7726489153750267 3.770406899138368 3.7681648829017096 3.765922866665051 3.763680850428393 3.7614388341917344
3.889187784562393 3.88585091078852 3.8825140370146474 3.879177163240774 3.8758402894669013 3.8725034156930285 3.869166541919155 3.8658296681452824 3.862492794371404 3.8591559205975305 3.8558190468236577 3.8524821730497845 3.8491452992759116 3.845808425502039 3.8424715517281656 3.8391346779542928 3.8357978041804195 3.8324609304065467 3.829124056632674 3.8257871828588006 3.8224503090849278 3.819113435311049 3.815776561537176 3.812439687763303 3.8091028139894303 3.805765940215557 3.802429066441684 3.799092192667811 3.7962999496794327 3.794089929312703 3.7918799089459734 3.7896698885792435 3.7874598682125136 3.785249847845784 3.7830398274790507 3.7808298071123208 3.7786197867455913 3.7764097663788614 3.7741997460121315 3.771989725645402 3.769779705278672 3.7675696849119427 3.7653596645452128 3.7631496441784833
3.8866869928787473 3.8834851717121404 3.880283350545534 3.877081529378927 3.8738797082123204 3.8706778870457135 3.867476065879107 3.8642742447125 3.8610724235458878 3.8578706023792813 3.8546687812126743 3.851466960046068 3.848265138879461 3.8450633177128544 3.8418614965462474 3.838659675379641 3.835457854213034 3.8322560330464275 3.8290542118798205 3.8258523907132136 3.822650569546607 3.819448748379995 3.8162469272133883 3.8130451060467814 3.809843284880175 3.806641463713568 3.8034396425469614 3.8002378213803545 3.797530821617249 3.795352797120448 3.7931747726236473 3.7909967481268465 3.7888187236300457 3.786640699133245 3.78446267463644 3.782284650139639 3.7801066256428384 3.777928601146037 3.7757505766492363 3.7735725521524355 3.7713945276556347 3.769216503158834 3.767038478662033 3.7648604541652317
3.8825286446385037 3.8794598640537945 3.8763910834690853 3.873322302884376 3.8702535222996675 3.8671847417149583 3.864115961130249 3.86104718054554 3.8579783999608255 3.8549096193761168 3.8518408387914076 3.8487720582066984 3.8457032776219893 3.84263449703728 3.839565716452571 3.8364969358678622 3.833428155283153 3.830359374698444 3.8272905941137347 3.8242218135290256 3.8211530329443164 3.8180842523596024 3.815015471774893 3.811946691190184 3.808877910605475 3.8058091300207657 3.8027403494360565 3.799671568851348 3.797058887613583 3.79493378688831 3.792808686163037 3.790683585437764 3.788558484712491 3.786433383987218 3.7843082832619417 3.7821831825366687 3.780058081811396 3.777932981086123 3.77580788036085 3.773682779635577 3.771557678910304 3.769432578185031 3.767307477459758 3.765182376734485
3.876598472936773 3.8736605822056864 3.8707226914746 3.8677848007435136 3.864846910012427 3.861909019281341 3.858971128550255 3.8560332378191684 3.8530953470880767 3.8501574563569902 3.847219565625904 3.8442816748948174 3.841343784163731 3.8384058934326446 3.835468002701558 3.8325301119704718 3.8295922212393854 3.8266543305082994 3.823716439777213 3.8207785490461266 3.81784065831504 3.8149027675839484 3.811964876852862 3.8090269861217756 3.806089095390689 3.8031512046596028 3.8002133139285164 3.79727542319743 3.794766761408643 3.7927169550623474 3.790667148716052 3.7886173423697564 3.786567536023461 3.7845177296771655 3.7824679233308665 3.780418116984571 3.7783683106382755 3.77631850429198 3.7742686979456845 3.772218891599389 3.7701690852530936 3.768119278906798 3.7660694725605026 3.764019666214207
