Figures/CREST_Example_wjb_NSE/PETs/wjb.pet.20091229.asc
ncols            288
nrows            254
xllcorner        113.274861
yllcorner        31.4918055
cellsize         0.008333333333
NODATA_value     -9999
[rows 57 to 75 of 254, columns 44 to 87 of 288]
0.6829912905618977 0.6829854587380481 0.6829796269141984 0.6829737950903488 0.6829679632664992 0.6829621314426495 0.6829562996187999 0.6829504677949503 0.6829446359711007 0.6829388041472509 0.6829329723234013 0.6829271404995517 0.6829213086757021 0.6829154768518525 0.6829096450280029 0.6829038132041532 0.6828979813803036 0.6828921495564539 0.6828863177326043 0.6828804859087547 0.682874654084905 0.6828688222610554 0.6828629904372058 0.6828571586133562 0.6828513267895066 0.6828454949656568 0.6828396631418072 0.6828338313179576 0.6834513530763862 0.6847352539058374 0.6860191547352887 0.6873030555647399 0.6885869563941912 0.6898708572236425 0.691154758053096 0.6924386588825472 0.6937225597119985 0.6950064605414498 0.6962903613709011 0.6975742622003523 0.6988581630298035 0.7001420638592548 0.7014259646887061 0.7027098655181574
0.6840165501288696 0.6840130454246541 0.6840095407204386 0.6840060360162231 0.6840025313120076 0.6839990266077921 0.6839955219035766 0.6839920171993611 0.6839885124951456 0.6839850077909301 0.6839815030867146 0.6839779983824992 0.6839744936782837 0.6839709889740682 0.6839674842698527 0.6839639795656371 0.6839604748614216 0.6839569701572061 0.6839534654529906 0.6839499607487751 0.6839464560445596 0.6839429513403442 0.6839394466361287 0.6839359419319132 0.6839324372276977 0.6839289325234822 0.6839254278192667 0.6839219231150512 0.6845355728735795 0.6858089747042106 0.6870823765348417 0.6883557783654728 0.6896291801961039 0.6909025820267349 0.6921759838573682 0.6934493856879994 0.6947227875186305 0.6959961893492616 0.6972695911798926 0.6985429930105237 0.6998163948411549 0.701089796671786 0.702363198502417 0.7036366003330481
0.6853850824254497 0.6853677333090885 0.6853503841927273 0.6853330350763661 0.6853156859600049 0.6852983368436437 0.6852809877272825 0.6852636386109213 0.6852462894945601 0.6852289403781989 0.6852115912618377 0.6851942421454765 0.6851768930291153 0.6851595439127541 0.6851421947963929 0.6851248456800317 0.6851074965636705 0.6850901474473093 0.6850727983309481 0.6850554492145869 0.6850381000982257 0.6850207509818645 0.6850034018655033 0.6849860527491421 0.684968703632781 0.6849513545164198 0.6849340054000586 0.6849166562836974 0.6854957153787989 0.6867123483343932 0.6879289812899874 0.6891456142455815 0.6903622472011757 0.6915788801567699 0.6927955131123662 0.6940121460679604 0.6952287790235545 0.6964454119791487 0.6976620449347429 0.6988786778903371 0.7000953108459312 0.7013119438015254 0.7025285767571197 0.7037452097127138
0.6867536147220288 0.6867224211935219 0.686691227665015 0.6866600341365081 0.6866288406080012 0.6865976470794943 0.6865664535509874 0.6865352600224806 0.6865040664939736 0.6864728729654667 0.6864416794369598 0.6864104859084529 0.686379292379946 0.6863480988514391 0.6863169053229322 0.6862857117944253 0.6862545182659184 0.6862233247374115 0.6861921312089047 0.6861609376803978 0.6861297441518909 0.686098550623384 0.6860673570948771 0.6860361635663702 0.6860049700378633 0.6859737765093564 0.6859425829808495 0.6859113894523426 0.6864558578840178 0.687615721964575 0.6887755860451323 0.6899354501256897 0.6910953142062469 0.6922551782868043 0.6934150423673636 0.6945749064479209 0.6957347705284782 0.6968946346090356 0.6980544986895928 0.6992143627701501 0.7003742268507075 0.7015340909312647 0.7026939550118221 0.7038538190923794
0.6881221470186077 0.6880771090779552 0.6880320711373026 0.68798703319665 0.6879419952559974 0.6878969573153448 0.6878519193746923 0.6878068814340397 0.6877618434933871 0.6877168055527345 0.6876717676120819 0.6876267296714293 0.6875816917307768 0.6875366537901242 0.6874916158494716 0.687446577908819 0.6874015399681664 0.6873565020275139 0.6873114640868613 0.6872664261462087 0.6872213882055562 0.6871763502649035 0.687131312324251 0.6870862743835984 0.6870412364429458 0.6869961985022932 0.6869511605616406 0.686906122620988 0.6874160003892366 0.688519095594757 0.6896221908002774 0.6907252860057979 0.6918283812113183 0.6929314764168388 0.6940345716223612 0.6951376668278816 0.696240762033402 0.6973438572389224 0.6984469524444429 0.6995500476499633 0.7006531428554837 0.7017562380610042 0.7028593332665246 0.703962428472045
0.6894906793151866 0.6894317969623884 0.6893729146095902 0.6893140322567919 0.6892551499039936 0.6891962675511953 0.6891373851983971 0.6890785028455988 0.6890196204928005 0.6889607381400022 0.688901855787204 0.6888429734344057 0.6887840910816074 0.6887252087288092 0.6886663263760109 0.6886074440232126 0.6885485616704143 0.6884896793176162 0.6884307969648179 0.6883719146120196 0.6883130322592214 0.688254149906423 0.6881952675536247 0.6881363852008264 0.6880775028480283 0.68801862049523 0.6879597381424317 0.6879008557896334 0.6883761428944553 0.6894224692249389 0.6904687955554224 0.691515121885906 0.6925614482163897 0.6936077745468732 0.6946541008773586 0.6957004272078421 0.6967467535383257 0.6977930798688092 0.6988394061992929 0.6998857325297764 0.70093205886026 0.7019783851907436 0.7030247115212271 0.7040710378517108
0.6908592116117657 0.6907864848468217 0.6907137580818777 0.6906410313169339 0.6905683045519899 0.690495577787046 0.690422851022102 0.690350124257158 0.690277397492214 0.69020467072727 0.690131943962326 0.6900592171973821 0.6899864904324382 0.6899137636674942 0.6898410369025503 0.6897683101376063 0.6896955833726623 0.6896228566077184 0.6895501298427744 0.6894774030778305 0.6894046763128866 0.6893319495479425 0.6892592227829986 0.6891864960180546 0.6891137692531106 0.6890410424881667 0.6889683157232227 0.6888955889582787 0.6893362853996741 0.6903258428551208 0.6913154003105675 0.6923049577660142 0.6932945152214609 0.6942840726769075 0.695273630132356 0.6962631875878027 0.6972527450432494 0.6982423024986961 0.6992318599541428 0.7002214174095895 0.7012109748650361 0.7022005323204829 0.7031900897759296 0.7041796472313763
0.6922277439083446 0.692141172731255 0.6920546015541653 0.6919680303770758 0.6918814591999861 0.6917948880228965 0.6917083168458068 0.6916217456687171 0.6915351744916274 0.6914486033145377 0.6913620321374481 0.6912754609603584 0.6911888897832689 0.6911023186061792 0.6910157474290896 0.6909291762519999 0.6908426050749102 0.6907560338978206 0.690669462720731 0.6905828915436414 0.6904963203665517 0.690409749189462 0.6903231780123723 0.6902366068352827 0.690150035658193 0.6900634644811033 0.6899768933040138 0.6898903221269241 0.6902964279048928 0.6912292164853026 0.6921620050657125 0.6930947936461223 0.6940275822265322 0.694960370806942 0.6958931593873534 0.6968259479677632 0.6977587365481731 0.6986915251285829 0.6996243137089928 0.7005571022894026 0.7014898908698124 0.7024226794502223 0.7033554680306321 0.704288256611042
0.6935962762049236 0.6934958606156882 0.6933954450264529 0.6932950294372175 0.6931946138479823 0.693094198258747 0.6929937826695116 0.6928933670802763 0.6927929514910408 0.6926925359018055 0.6925921203125701 0.6924917047233349 0.6923912891340995 0.6922908735448642 0.6921904579556288 0.6920900423663935 0.6919896267771583 0.6918892111879229 0.6917887955986876 0.6916883800094522 0.6915879644202169 0.6914875488309814 0.691387133241746 0.6912867176525107 0.6911863020632755 0.6910858864740401 0.6909854708848048 0.6908850552955694 0.6912565704101115 0.6921325901154844 0.6930086098208574 0.6938846295262304 0.6947606492316034 0.6956366689369763 0.6965126886423508 0.6973887083477238 0.6982647280530967 0.6991407477584697 0.7000167674638427 0.7008927871692157 0.7017688068745886 0.7026448265799616 0.7035208462853346 0.7043968659907075
0.6949648085015037 0.6948505485001227 0.6947362884987417 0.6946220284973607 0.6945077684959796 0.6943935084945986 0.6942792484932175 0.6941649884918365 0.6940507284904553 0.6939364684890743 0.6938222084876933 0.6937079484863122 0.6935936884849312 0.6934794284835502 0.6933651684821692 0.6932509084807882 0.6931366484794071 0.6930223884780261 0.6929081284766451 0.692793868475264 0.692679608473883 0.6925653484725018 0.6924510884711208 0.6923368284697398 0.6922225684683587 0.6921083084669777 0.6919940484655966 0.6918797884642157 0.692216712915331 0.6930359637456671 0.6938552145760032 0.6946744654063393 0.6954937162366753 0.6963129670670114 0.6971322178973488 0.6979514687276849 0.698770719558021 0.6995899703883569 0.700409221218693 0.701228472049029 0.7020477228793651 0.7028669737097012 0.7036862245400373 0.7045054753703732
0.6963333407980827 0.696205236384556 0.6960771319710294 0.6959490275575027 0.6958209231439759 0.6956928187304492 0.6955647143169225 0.6954366099033957 0.6953085054898688 0.6951804010763422 0.6950522966628154 0.6949241922492887 0.694796087835762 0.6946679834222352 0.6945398790087085 0.6944117745951818 0.694283670181655 0.6941555657681284 0.6940274613546017 0.693899356941075 0.6937712525275482 0.6936431481140213 0.6935150437004945 0.6933869392869678 0.6932588348734412 0.6931307304599145 0.6930026260463877 0.692874521632861 0.6931768554205499 0.693939337375849 0.6947018193311482 0.6954643012864474 0.6962267832417466 0.6969892651970457 0.6977517471523462 0.6985142291076454 0.6992767110629446 0.7000391930182438 0.700801674973543 0.7015641569288422 0.7023266388841414 0.7030891208394405 0.7038516027947397 0.704614084750039
0.6977018730946617 0.6975599242689893 0.6974179754433169 0.6972760266176445 0.6971340777919721 0.6969921289662997 0.6968501801406273 0.6967082313149549 0.6965662824892822 0.6964243336636098 0.6962823848379375 0.696140436012265 0.6959984871865926 0.6958565383609202 0.6957145895352478 0.6955726407095755 0.695430691883903 0.6952887430582306 0.6951467942325582 0.6950048454068858 0.6948628965812134 0.6947209477555407 0.6945789989298684 0.694437050104196 0.6942951012785236 0.6941531524528511 0.6940112036271787 0.6938692548015063 0.6941369979257686 0.6948427110060309 0.6955484240862931 0.6962541371665555 0.6969598502468178 0.6976655633270801 0.6983712764073436 0.699076989487606 0.6997827025678682 0.7004884156481306 0.7011941287283929 0.7018998418086553 0.7026055548889175 0.7033112679691799 0.7040169810494422 0.7047226941297045
0.6990704053912407 0.6989146121534225 0.6987588189156044 0.6986030256777864 0.6984472324399683 0.6982914392021502 0.6981356459643321 0.697979852726514 0.6978240594886956 0.6976682662508775 0.6975124730130595 0.6973566797752414 0.6972008865374233 0.6970450932996052 0.6968893000617871 0.6967335068239691 0.696577713586151 0.6964219203483328 0.6962661271105147 0.6961103338726967 0.6959545406348786 0.6957987473970603 0.6956429541592422 0.695487160921424 0.6953313676836059 0.6951755744457878 0.6950197812079698 0.6948639879701517 0.6950971404309872 0.6957460846362127 0.6963950288414382 0.6970439730466637 0.6976929172518891 0.6983418614571145 0.6989908056623411 0.6996397498675665 0.700288694072792 0.7009376382780175 0.7015865824832429 0.7022355266884683 0.7028844708936938 0.7035334150989192 0.7041823593041446 0.7048313035093702
0.7004389376878197 0.7002693000378559 0.7000996623878921 0.6999300247379283 0.6997603870879646 0.6995907494380008 0.699421111788037 0.6992514741380732 0.6990818364881092 0.6989121988381454 0.6987425611881816 0.6985729235382178 0.6984032858882541 0.6982336482382903 0.6980640105883265 0.6978943729383627 0.697724735288399 0.6975550976384352 0.6973854599884713 0.6972158223385075 0.6970461846885437 0.6968765470385797 0.6967069093886159 0.6965372717386521 0.6963676340886884 0.6961979964387246 0.6960283587887608 0.695858721138797 0.6960572829362061 0.6966494582663946 0.6972416335965832 0.6978338089267717 0.6984259842569603 0.699018159587149 0.6996103349173385 0.7002025102475271 0.7007946855777157 0.7013868609079043 0.7019790362380929 0.7025712115682814 0.70316338689847 0.7037555622286586 0.7043477375588472 0.7049399128890358
0.7018074699843986 0.7016239879222892 0.7014405058601797 0.7012570237980702 0.7010735417359607 0.7008900596738513 0.7007065776117418 0.7005230955496323 0.7003396134875226 0.7001561314254131 0.6999726493633036 0.6997891673011941 0.6996056852390847 0.6994222031769752 0.6992387211148657 0.6990552390527562 0.6988717569906469 0.6986882749285374 0.6985047928664279 0.6983213108043185 0.698137828742209 0.6979543466800991 0.6977708646179897 0.6975873825558803 0.6974039004937708 0.6972204184316613 0.6970369363695519 0.6968534543074424 0.6970174254414248 0.6975528318965765 0.6980882383517282 0.6986236448068799 0.6991590512620316 0.6996944577171833 0.7002298641723359 0.7007652706274876 0.7013006770826393 0.701836083537791 0.7023714899929427 0.7029068964480945 0.7034423029032463 0.703977709358398 0.7045131158135497 0.7050485222687014
0.7031760022809788 0.7029786758067236 0.7027813493324684 0.7025840228582133 0.7023866963839581 0.7021893699097029 0.7019920434354477 0.7017947169611926 0.7015973904869371 0.701400064012682 0.7012027375384268 0.7010054110641716 0.7008080845899164 0.7006107581156613 0.7004134316414061 0.7002161051671509 0.7000187786928957 0.6998214522186406 0.6996241257443855 0.6994267992701303 0.6992294727958751 0.6990321463216196 0.6988348198473644 0.6986374933731092 0.6984401668988541 0.6982428404245989 0.6980455139503438 0.6978481874760886 0.6979775679466443 0.6984562055267591 0.6989348431068739 0.6994134806869887 0.6998921182671035 0.7003707558472183 0.7008493934273339 0.7013280310074487 0.7018066685875635 0.7022853061676784 0.7027639437477932 0.703242581327908 0.7037212189080227 0.7041998564881375 0.7046784940682523 0.7051571316483671
0.7045445345775577 0.7043333636911568 0.704122192804756 0.7039110219183552 0.7036998510319543 0.7034886801455534 0.7032775092591526 0.7030663383727518 0.7028551674863505 0.7026439965999497 0.7024328257135488 0.7022216548271479 0.702010483940747 0.7017993130543463 0.7015881421679454 0.7013769712815445 0.7011658003951436 0.7009546295087429 0.700743458622342 0.7005322877359411 0.7003211168495402 0.700109945963139 0.6998987750767383 0.6996876041903374 0.6994764333039365 0.6992652624175356 0.6990540915311347 0.698842920644734 0.698937710451863 0.699359579156941 0.6997814478620189 0.7002033165670969 0.7006251852721748 0.7010470539772528 0.7014689226823314 0.7018907913874093 0.7023126600924873 0.7027345287975651 0.7031563975026431 0.703578266207721 0.7040001349127989 0.7044220036178769 0.7048438723229548 0.7052657410280327
0.7059130668741368 0.7056880515755902 0.7054630362770437 0.7052380209784971 0.7050130056799506 0.704787990381404 0.7045629750828575 0.7043379597843109 0.704112944485764 0.7038879291872174 0.703662913888671 0.7034378985901244 0.7032128832915778 0.7029878679930313 0.7027628526944847 0.7025378373959382 0.7023128220973917 0.7020878067988451 0.7018627915002985 0.701637776201752 0.7014127609032055 0.7011877456046586 0.700962730306112 0.7007377150075654 0.7005126997090189 0.7002876844104724 0.7000626691119258 0.6998376538133793 0.6998978529570818 0.7002629527871229 0.7006280526171639 0.700993152447205 0.701358252277246 0.7017233521072871 0.7020884519373288 0.7024535517673698 0.7028186515974109 0.7031837514274519 0.703548851257493 0.7039139510875341 0.7042790509175751 0.7046441507476162 0.7050092505776573 0.7053743504076984
0.7072815991707156 0.7070427394600235 0.7068038797493312 0.706565020038639 0.7063261603279468 0.7060873006172546 0.7058484409065623 0.70560958119587 0.7053707214851774 0.7051318617744852 0.704893002063793 0.7046541423531008 0.7044152826424085 0.7041764229317162 0.7039375632210241 0.7036987035103318 0.7034598437996396 0.7032209840889473 0.7029821243782551 0.7027432646675629 0.7025044049568706 0.702265545246178 0.7020266855354858 0.7017878258247935 0.7015489661141013 0.7013101064034091 0.7010712466927168 0.7008323869820247 0.7008579954623005 0.7011663264173047 0.701474657372309 0.7017829883273131 0.7020913192823173 0.7023996502373215 0.7027079811923262 0.7030163121473304 0.7033246431023346 0.7036329740573388 0.703941305012343 0.7042496359673471 0.7045579669223514 0.7048662978773556 0.7051746288323598 0.705482959787364
