Figures/CREST_Example_wjb_NSE/PETs/wjb.pet.20100225.asc
ncols            288
nrows            254
xllcorner        113.274861
yllcorner        31.4918055
cellsize         0.008333333333
NODATA_value     -9999
[rows 40 to 59 of 254, columns 0 to 43 of 288]
-9999.0 -9999.0 -9999.0 -9999.0 -9999.0 -9999.0 -9999.0 -9999.0 -9999.0 -9999.0 -9999.0 -9999.0 -9999.0 -9999.0 0.8601818126779404 0.8563499546677379 0.8525180966575355 0.8486862386473331 0.8448543806371306 0.8410225226269282 0.8371906646167258 0.8333588066065234 0.8295269485963209 0.8256950905861185 0.8218632325759161 0.8180313745657136 0.8141995165555047 0.8103676585453022 0.8065358005350999 0.8027039425248974 0.7988720845146949 0.7950402265044926 0.7912083684942901 0.7873765104840877 0.7835446524738853 0.7797127944636828 0.7758809364534804 0.772049078443278 0.7682172204330756 0.7643853624228666 0.7605535044126642 0.7567216464024618 0.7532848163457676 0.7502702800993685
-9999.0 -9999.0 -9999.0 -9999.0 -9999.0 -9999.0 -9999.0 -9999.0 -9999.0 -9999.0 -9999.0 -9999.0 -9999.0 -9999.0 -9999.0 0.8585658078008351 0.8547120014480689 0.8508581950953027 0.8470043887425365 0.8431505823897703 0.839296776037004 0.8354429696842377 0.8315891633314715 0.8277353569787053 0.823881550625939 0.8200277442731728 0.8161739379204 0.8123201315676338 0.8084663252148676 0.8046125188621014 0.8007587125093352 0.796904906156569 0.7930510998038027 0.7891972934510365 0.7853434870982703 0.781489680745504 0.7776358743927377 0.7737820680399715 0.7699282616872053 0.7660744553344325 0.7622206489816663 0.7583668426289001 0.7549311659675741 0.7519424793965133
-9999.0 -9999.0 -9999.0 -9999.0 -9999.0 -9999.0 -9999.0 -9999.0 -9999.0 -9999.0 -9999.0 -9999.0 -9999.0 -9999.0 -9999.0 0.8607816609339323 0.8569059062386023 0.8530301515432722 0.8491543968479422 0.8452786421526122 0.8414028874572821 0.8375271327619521 0.833651378066622 0.8297756233712921 0.825899868675962 0.822024113980632 0.8181483592852954 0.8142726045899653 0.8103968498946352 0.8065210951993053 0.8026453405039752 0.7987695858086452 0.7948938311133151 0.7910180764179852 0.7871423217226551 0.7832665670273251 0.779390812331995 0.775515057636665 0.771639302941335 0.7677635482459984 0.7638877935506683 0.7600120388553383 0.7565775155893807 0.753614678693658
-9999.0 -9999.0 -9999.0 -9999.0 -9999.0 -9999.0 -9999.0 -9999.0 -9999.0 -9999.0 -9999.0 -9999.0 -9999.0 -9999.0 -9999.0 -9999.0 0.8590998110291357 0.8552021079912419 0.851304404953348 0.8474067019154542 0.8435089988775604 0.8396112958396664 0.8357135928017726 0.8318158897638788 0.8279181867259849 0.8240204836880911 0.8201227806501906 0.8162250776122968 0.812327374574403 0.8084296715365091 0.8045319684986153 0.8006342654607215 0.7967365624228276 0.7928388593849338 0.78894115634704 0.7850434533091462 0.7811457502712523 0.7772480472333585 0.7733503441954647 0.7694526411575642 0.7655549381196703 0.7616572350817765 0.7582238652111871 0.7552868779908026
-9999.0 -9999.0 -9999.0 -9999.0 -9999.0 -9999.0 -9999.0 -9999.0 -9999.0 -9999.0 -9999.0 -9999.0 -9999.0 -9999.0 -9999.0 -9999.0 -9999.0 0.8573740644392114 0.8534544130587538 0.8495347616782961 0.8456151102978385 0.8416954589173808 0.8377758075369233 0.8338561561564656 0.8299365047760079 0.8260168533955503 0.822097202015086 0.8181775506346283 0.8142578992541707 0.810338247873713 0.8064185964932554 0.8024989451127977 0.7985792937323402 0.7946596423518825 0.7907399909714249 0.7868203395909672 0.7829006882105096 0.7789810368300519 0.7750613854495942 0.77114173406913 0.7672220826886723 0.7633024313082146 0.7598702148329937 0.7569590772879473
-9999.0 -9999.0 -9999.0 -9999.0 -9999.0 -9999.0 -9999.0 -9999.0 -9999.0 -9999.0 -9999.0 -9999.0 -9999.0 -9999.0 -9999.0 -9999.0 -9999.0 0.859546020887181 0.8556044211641596 0.8516628214411381 0.8477212217181167 0.8437796219950953 0.8398380222720738 0.8358964225490524 0.8319548228260308 0.8280132231030094 0.8240716233799813 0.8201300236569599 0.8161884239339384 0.812246824210917 0.8083052244878954 0.804363624764874 0.8004220250418526 0.7964804253188311 0.7925388255958097 0.7885972258727882 0.7846556261497668 0.7807140264267454 0.7767724267037239 0.7728308269806958 0.7688892272576744 0.7649476275346528 0.7615165644548001 0.7586312765850919
-9999.0 -9999.0 -9999.0 -9999.0 -9999.0 -9999.0 -9999.0 -9999.0 -9999.0 -9999.0 -9999.0 -9999.0 -9999.0 -9999.0 -9999.0 -9999.0 -9999.0 -9999.0 0.8577544292695672 0.8537908812039819 0.8498273331383966 0.8458637850728115 0.8419002370072262 0.8379366889416409 0.8339731408760556 0.8300095928104704 0.8260460447448783 0.822082496679293 0.8181189486137078 0.8141554005481225 0.8101918524825372 0.806228304416952 0.8022647563513667 0.7983012082857814 0.7943376602201961 0.790374112154611 0.7864105640890257 0.7824470160234404 0.7784834679578551 0.7745199198922631 0.7705563718266778 0.7665928237610925 0.7631629140766081 0.760303475882238
-9999.0 -9999.0 -9999.0 -9999.0 -9999.0 -9999.0 -9999.0 -9999.0 -9999.0 -9999.0 -9999.0 -9999.0 -9999.0 -9999.0 -9999.0 -9999.0 -9999.0 -9999.0 0.859904437374973 0.855918940966824 0.8519334445586748 0.8479479481505258 0.8439624517423767 0.8399769553342277 0.8359914589260785 0.8320059625179295 0.8280204661097736 0.8240349697016246 0.8200494732934754 0.8160639768853264 0.8120784804771773 0.8080929840690283 0.8041074876608791 0.8001219912527301 0.796136494844581 0.792150998436432 0.788165502028283 0.7841800056201338 0.7801945092119847 0.7762090128038289 0.7722235163956799 0.7682380199875307 0.7648092636984145 0.7619756751793827
-9999.0 -9999.0 -9999.0 -9999.0 -9999.0 -9999.0 -9999.0 -9999.0 -9999.0 -9999.0 -9999.0 -9999.0 -9999.0 -9999.0 -9999.0 -9999.0 -9999.0 -9999.0 -9999.0 0.858047000729666 0.8540395559789531 0.8500321112282402 0.8460246664775274 0.8420172217268145 0.8380097769761016 0.8340023322253887 0.829994887474669 0.8259874427239561 0.8219799979732432 0.8179725532225304 0.8139651084718175 0.8099576637211046 0.8059502189703918 0.8019427742196789 0.797935329468966 0.793927884718253 0.7899204399675401 0.7859129952168273 0.7819055504661144 0.7778981057153947 0.7738906609646818 0.7698832162139689 0.766455613320221 0.7636478744765274
-9999.0 -9999.0 -9999.0 -9999.0 -9999.0 -9999.0 -9999.0 -9999.0 -9999.0 -9999.0 -9999.0 -9999.0 -9999.0 -9999.0 -9999.0 -9999.0 -9999.0 -9999.0 -9999.0 0.860175060492508 0.8561456673992313 0.8521162743059546 0.848086881212678 0.8440574881194013 0.8400280950261245 0.8359987019328479 0.8319693088395643 0.8279399157462877 0.823910522653011 0.8198811295597344 0.8158517364664576 0.8118223433731809 0.8077929502799043 0.8037635571866276 0.7997341640933509 0.7957047710000742 0.7916753779067975 0.7876459848135209 0.7836165917202442 0.7795871986269606 0.7755578055336839 0.7715284124404073 0.7681019629420276 0.7653200737736722
-9999.0 -9999.0 -9999.0 -9999.0 -9999.0 -9999.0 -9999.0 -9999.0 -9999.0 -9999.0 -9999.0 -9999.0 -9999.0 -9999.0 -9999.0 -9999.0 -9999.0 -9999.0 -9999.0 -9999.0 -9999.0 -9999.0 -9999.0 0.846097754511988 0.8420464130761476 0.8379950716403071 0.8339437302044597 0.8298923887686191 0.8258410473327786 0.8217897058969382 0.8177383644610977 0.8136870230252572 0.8096356815894168 0.8055843401535763 0.8015329987177358 0.7974816572818952 0.7934303158460548 0.7893789744102143 0.7853276329743738 0.7812762915385264 0.777224950102686 0.7731736086668455 0.7697483125638341 0.7669922730708169
-9999.0 -9999.0 -9999.0 -9999.0 -9999.0 -9999.0 -9999.0 -9999.0 -9999.0 -9999.0 -9999.0 -9999.0 -9999.0 -9999.0 -9999.0 -9999.0 -9999.0 -9999.0 -9999.0 -9999.0 -9999.0 -9999.0 -9999.0 0.8481380209045748 0.8440647311261705 0.8399914413477662 0.835918151569355 0.8318448617909506 0.8277715720125464 0.8236982822341421 0.8196249924557378 0.8155517026773336 0.8114784128989292 0.8074051231205249 0.8033318333421207 0.7992585435637164 0.795185253785312 0.7911119640069078 0.7870386742285035 0.7829653844500922 0.778892094671688 0.7748188048932837 0.7713946621856406 0.7686644723679615
-9999.0 -9999.0 -9999.0 -9999.0 -9999.0 -9999.0 -9999.0 -9999.0 -9999.0 -9999.0 -9999.0 -9999.0 -9999.0 -9999.0 -9999.0 -9999.0 -9999.0 -9999.0 -9999.0 -9999.0 -9999.0 -9999.0 -9999.0 -9999.0 -9999.0 0.8419878110552254 0.8378925729342502 0.8337973348132822 0.8297020966923141 0.825606858571346 0.8215116204503778 0.8174163823294098 0.8133211442084417 0.8092259060874736 0.8051306679665056 0.8010354298455374 0.7969401917245693 0.7928449536036012 0.7887497154826332 0.784654477361658 0.7805592392406899 0.7764640011197219 0.7730410118074471 0.7703366716651062
-9999.0 -9999.0 -9999.0 -9999.0 -9999.0 -9999.0 -9999.0 -9999.0 -9999.0 -9999.0 -9999.0 -9999.0 -9999.0 -9999.0 -9999.0 -9999.0 -9999.0 -9999.0 -9999.0 -9999.0 -9999.0 -9999.0 -9999.0 -9999.0 -9999.0 0.8439841807626862 0.8398669942991474 0.8357498078356154 0.8316326213720835 0.8275154349085516 0.8233982484450196 0.8192810619814878 0.8151638755179558 0.8110466890544239 0.806929502590892 0.80281231612736 0.7986951296638282 0.7945779432002962 0.7904607567367643 0.7863435702732253 0.7822263838096934 0.7781091973461616 0.774687361429255 0.7720088709622523
-9999.0 -9999.0 -9999.0 -9999.0 -9999.0 -9999.0 -9999.0 -9999.0 -9999.0 -9999.0 -9999.0 -9999.0 -9999.0 -9999.0 -9999.0 -9999.0 -9999.0 -9999.0 -9999.0 -9999.0 -9999.0 -9999.0 -9999.0 -9999.0 -9999.0 0.8459805504701454 0.8418414156640426 0.8377022808579468 0.8335631460518511 0.8294240112457555 0.8252848764396598 0.821145741633564 0.8170066068274683 0.8128674720213726 0.8087283372152768 0.8045892024091811 0.8004500676030855 0.7963109327969897 0.792171797990894 0.7880326631847911 0.7838935283786954 0.7797543935725997 0.7763337110510615 0.7736810702593969
-9999.0 -9999.0 -9999.0 -9999.0 -9999.0 -9999.0 -9999.0 -9999.0 -9999.0 -9999.0 -9999.0 -9999.0 -9999.0 -9999.0 -9999.0 -9999.0 -9999.0 -9999.0 -9999.0 -9999.0 0.8687823359209023 0.8646212527722428 0.8604601696235832 0.8562990864749237 0.8521380033262641 0.8479769201776046 0.8438158370289379 0.8396547538802784 0.835493670731619 0.8313325875829594 0.8271715044342999 0.8230104212856403 0.8188493381369808 0.8146882549883213 0.8105271718396617 0.8063660886910022 0.8022050055423426 0.7980439223936832 0.7938828392450237 0.789721756096357 0.7855606729476975 0.7813995897990379 0.777980060672868 0.7753532695565416
-9999.0 -9999.0 -9999.0 -9999.0 -9999.0 -9999.0 -9999.0 -9999.0 -9999.0 -9999.0 -9999.0 -9999.0 -9999.0 -9999.0 -9999.0 -9999.0 -9999.0 -9999.0 -9999.0 0.8750714788324038 0.8708884473411804 0.8667054158499571 0.8625223843587337 0.8583393528675104 0.854156321376287 0.8499732898850637 0.8457902583938333 0.8416072269026099 0.8374241954113866 0.8332411639201633 0.8290581324289399 0.8248751009377167 0.8206920694464933 0.81650903795527 0.8123260064640466 0.8081429749728233 0.8039599434815999 0.7997769119903766 0.7955938804991532 0.7914108490079228 0.7872278175166995 0.7830447860254761 0.7796264102946745 0.7770254688536863
-9999.0 -9999.0 -9999.0 -9999.0 -9999.0 -9999.0 -9999.0 -9999.0 -9999.0 -9999.0 -9999.0 -9999.0 -9999.0 -9999.0 -9999.0 -9999.0 -9999.0 0.88560949826282 0.8814045184290329 0.8771995385952458 0.8729945587614586 0.8687895789276715 0.8645845990938844 0.8603796192600972 0.8561746394263101 0.8519696595925229 0.8477646797587286 0.8435596999249415 0.8393547200911544 0.8351497402573672 0.8309447604235801 0.8267397805897929 0.8225348007560058 0.8183298209222187 0.8141248410884315 0.8099198612546444 0.8057148814208573 0.8015099015870701 0.797304921753283 0.7930999419194887 0.7888949620857015 0.7846899822519144 0.781272759916481 0.7786976681508311
-9999.0 -9999.0 -9999.0 -9999.0 -9999.0 -9999.0 -9999.0 -9999.0 -9999.0 -9999.0 -9999.0 -9999.0 -9999.0 -9999.0 -9999.0 0.89611156460287 0.8919244784402571 0.8877373922776441 0.8835503061150313 0.8793632199524184 0.8751761337898054 0.8709890476271925 0.8668019614645797 0.8626148753019667 0.8584277891393538 0.8542407029767408 0.8500536168141208 0.8458665306515079 0.841679444488895 0.8374923583262821 0.8333052721636691 0.8291181860010562 0.8249310998384434 0.8207440136758304 0.8165569275132175 0.8123698413506046 0.8081827551879917 0.8039956690253788 0.7998085828627659 0.7956214967001458 0.7914344105375328 0.78724732437492 0.7838455481113794 0.7812832858786725
-9999.0 -9999.0 -9999.0 -9999.0 -9999.0 -9999.0 -9999.0 -9999.0 -9999.0 -9999.0 -9999.0 -9999.0 -9999.0 -9999.0 0.902197998002501 0.898071394111575 0.8939447902206489 0.8898181863297228 0.8856915824387966 0.8815649785478705 0.8774383746569444 0.8733117707660183 0.8691851668750922 0.8650585629841661 0.8609319590932399 0.8568053552023138 0.8526787513113807 0.8485521474204546 0.8444255435295285 0.8402989396386024 0.8361723357476762 0.8320457318567501 0.827919127965824 0.8237925240748979 0.8196659201839718 0.8155393162930457 0.8114127124021195 0.8072861085111934 0.8031595046202673 0.7990329007293342 0.7949062968384081 0.790779692947482 0.7874086407258376 0.7848452903148172
