Figures/CREST_Example_wjb_NSE/PETs/wjb.pet.20091003.asc
ncols            288
nrows            254
xllcorner        113.274861
yllcorner        31.4918055
cellsize         0.008333333333
NODATA_value     -9999
[rows 40 to 59 of 254, columns 44 to 87 of 288]
2.349916234436334 2.3467207562730574 2.343525278109781 2.3403297999465043 2.337134321783228 2.3339388436199515 2.330743365456675 2.327547887293399 2.324352409130117 2.3211569309668407 2.317961452803564 2.3147659746402875 2.311570496477011 2.308375018313735 2.3051795401504585 2.301984061987182 2.2987885838239057 2.2955931056606294 2.292397627497353 2.2892021493340766 2.2860066711708 2.282811193007518 2.2796157148442417 2.2764202366809654 2.273224758517689 2.2700292803544126 2.2668338021911363 2.26363832402786 2.262352936958345 2.263109480447692 2.2638660239370387 2.264622567426385 2.265379110915732 2.266135654405079 2.266892197894427 2.267648741383774 2.2684052848731207 2.2691618283624675 2.269918371851814 2.2706749153411607 2.2714314588305076 2.2721880023198544 2.2729445458092012 2.273701089298548
2.3524143871350742 2.349217898187167 2.3460214092392606 2.3428249202913536 2.339628431343447 2.3364319423955404 2.3332354534476334 2.330038964499727 2.3268424755518144 2.323645986603908 2.320449497656001 2.3172530087080943 2.3140565197601872 2.3108600308122806 2.307663541864374 2.304467052916467 2.3012705639685604 2.2980740750206534 2.294877586072747 2.2916810971248402 2.288484608176933 2.285288119229021 2.2820916302811143 2.2788951413332077 2.2756986523853007 2.272502163437394 2.269305674489487 2.2661091855415805 2.2648778488997934 2.265747304497596 2.2666167600953986 2.267486215693201 2.2683556712910034 2.2692251268888057 2.27009458248661 2.2709640380844123 2.2718334936822147 2.272702949280017 2.2735724048778194 2.274441860475622 2.275311316073424 2.2761807716712266 2.2770502272690294 2.2779196828668318
2.354912539833814 2.351715040101277 2.3485175403687397 2.345320040636203 2.3421225409036657 2.3389250411711284 2.3357275414385916 2.3325300417060544 2.329332541973512 2.326135042240975 2.3229375425084378 2.3197400427759005 2.3165425430433637 2.3133450433108265 2.310147543578289 2.3069500438457524 2.303752544113215 2.300555044380678 2.297357544648141 2.294160044915604 2.2909625451830666 2.287765045450524 2.2845675457179873 2.28137004598545 2.278172546252913 2.274975046520376 2.2717775467878387 2.268580047055302 2.2674027608412426 2.2683851285475005 2.269367496253759 2.270349863960017 2.271332231666275 2.272314599372533 2.273296967078793 2.2742793347850507 2.275261702491309 2.276244070197567 2.277226437903825 2.2782088056100833 2.2791911733163412 2.2801735410225996 2.2811559087288575 2.2821382764351155
2.3574106925325546 2.354212182015387 2.3510136714982197 2.3478151609810523 2.344616650463885 2.3414181399467173 2.33821962942955 2.3350211189123824 2.3318226083952096 2.328624097878042 2.3254255873608747 2.322227076843707 2.3190285663265398 2.3158300558093723 2.312631545292205 2.3094330347750374 2.3062345242578703 2.303036013740703 2.2998375032235354 2.296638992706368 2.2934404821892005 2.2902419716720277 2.2870434611548602 2.2838449506376928 2.2806464401205253 2.277447929603358 2.2742494190861904 2.271050908569023 2.269927672782692 2.2710229525974053 2.272118232412119 2.2732135122268327 2.2743087920415466 2.2754040718562605 2.2764993516709757 2.2775946314856896 2.2786899113004035 2.279785191115117 2.280880470929831 2.2819757507445444 2.2830710305592583 2.284166310373972 2.2852615901886857 2.2863568700033996
2.3599088452312946 2.356709323929497 2.3535098026276993 2.3503102813259016 2.347110760024104 2.343911238722306 2.340711717420508 2.3375121961187104 2.334312674816907 2.3311131535151093 2.3279136322133116 2.324714110911514 2.321514589609716 2.318315068307918 2.3151155470061204 2.3119160257043228 2.3087165044025246 2.305516983100727 2.3023174617989293 2.2991179404971316 2.295918419195334 2.2927188978935304 2.2895193765917328 2.286319855289935 2.283120333988137 2.2799208126863393 2.2767212913845416 2.273521770082744 2.27245258472414 2.2736607766473096 2.274868968570479 2.2760771604936485 2.277285352416818 2.2784935443399874 2.2797017362631586 2.280909928186328 2.2821181201094975 2.283326312032667 2.2845345039558365 2.2857426958790055 2.286950887802175 2.2881590797253444 2.289367271648514 2.2905754635716833
2.362406997930035 2.359206465843607 2.356005933757179 2.352805401670751 2.3496048695843226 2.3464043374978947 2.3432038054114663 2.3400032733250384 2.3368027412386048 2.333602209152177 2.3304016770657485 2.3272011449793206 2.3240006128928923 2.3208000808064644 2.317599548720036 2.314399016633608 2.31119848454718 2.307997952460752 2.3047974203743236 2.3015968882878957 2.2983963562014673 2.2951958241150336 2.2919952920286057 2.2887947599421774 2.2855942278557495 2.282393695769321 2.2791931636828933 2.275992631596465 2.2749774966655893 2.2762986006972143 2.2776197047288393 2.2789408087604643 2.2802619127920893 2.2815830168237143 2.282904120855342 2.284225224886967 2.285546328918592 2.286867432950217 2.288188536981842 2.289509641013467 2.290830745045092 2.292151849076717 2.293472953108342 2.294794057139967
2.3649051506287773 2.361703607757719 2.3585020648866606 2.355300522015602 2.3520989791445435 2.3488974362734854 2.345695893402427 2.3424943505313682 2.3392928076603043 2.336091264789246 2.332889721918187 2.329688179047129 2.3264866361760705 2.323285093305012 2.3200835504339534 2.316882007562895 2.3136804646918367 2.310478921820778 2.3072773789497196 2.304075836078661 2.3008742932076025 2.2976727503365386 2.2944712074654805 2.291269664594422 2.2880681217233634 2.284866578852305 2.2816650359812467 2.278463493110188 2.2775024086070403 2.278936424747121 2.280370440887202 2.2818044570272824 2.2832384731673634 2.284672489307444 2.286106505447527 2.287540521587608 2.288974537727689 2.2904085538677696 2.2918425700078506 2.293276586147931 2.294710602288012 2.2961446184280927 2.2975786345681737 2.2990126507082542
2.3674033033275177 2.364200749671829 2.36099819601614 2.3577956423604514 2.3545930887047626 2.351390535049074 2.348187981393385 2.3449854277376962 2.341782874082002 2.3385803204263134 2.3353777667706246 2.3321752131149354 2.3289726594592466 2.325770105803558 2.322567552147869 2.3193649984921803 2.3161624448364915 2.3129598911808027 2.309757337525114 2.306554783869425 2.3033522302137364 2.3001496765580423 2.2969471229023535 2.2937445692466643 2.2905420155909755 2.2873394619352867 2.284136908279598 2.280934354623909 2.280027320548489 2.2815742487970256 2.283121177045562 2.2846681052940987 2.286215033542635 2.2877619617911713 2.2893088900397105 2.290855818288247 2.292402746536783 2.2939496747853196 2.295496603033856 2.2970435312823927 2.298590459530929 2.3001373877794653 2.301684316028002 2.3032312442765384
2.3699014560262577 2.3666978915859387 2.3634943271456197 2.3602907627053007 2.3570871982649813 2.3538836338246623 2.3506800693843433 2.347476504944024 2.3442729405036995 2.34106937606338 2.337865811623061 2.334662247182742 2.331458682742423 2.3282551183021036 2.3250515538617846 2.3218479894214656 2.318644424981146 2.315440860540827 2.312237296100508 2.3090337316601888 2.3058301672198698 2.3026266027795455 2.299423038339226 2.296219473898907 2.293015909458588 2.2898123450182686 2.2866087805779496 2.2834052161376306 2.2825522324899383 2.2842120728469304 2.2858719132039225 2.2875317535609145 2.2891915939179066 2.2908514342748987 2.2925112746318934 2.2941711149888855 2.2958309553458776 2.2974907957028696 2.2991506360598617 2.3008104764168538 2.302470316773846 2.304130157130838 2.30578999748783 2.307449837844822
2.372399608724998 2.369195033500049 2.3659904582750992 2.36278588305015 2.3595813078252004 2.3563767326002507 2.3531721573753015 2.349967582150352 2.346763006925397 2.3435584317004476 2.340353856475498 2.3371492812505483 2.333944706025599 2.3307401308006495 2.3275355555757002 2.3243309803507506 2.321126405125801 2.3179218299008517 2.314717254675902 2.3115126794509524 2.308308104226003 2.305103529001048 2.3018989537760985 2.2986943785511493 2.2954898033261997 2.2922852281012505 2.289080652876301 2.285876077651351 2.285077144431387 2.2868498968968347 2.2886226493622823 2.29039540182773 2.292168154293178 2.2939409067586256 2.2957136592240763 2.297486411689524 2.299259164154972 2.3010319166204196 2.3028046690858672 2.304577421551315 2.306350174016763 2.3081229264822105 2.309895678947658 2.3116684314131057
2.3748977614237385 2.3716921754141587 2.3684865894045792 2.3652810033949994 2.3620754173854195 2.3588698313758396 2.3556642453662597 2.35245865935668 2.3492530733470947 2.346047487337515 2.342841901327935 2.339636315318355 2.336430729308775 2.3332251432991953 2.330019557289616 2.326813971280036 2.323608385270456 2.3204027992608762 2.3171972132512964 2.3139916272417165 2.3107860412321366 2.3075804552225514 2.3043748692129715 2.3011692832033916 2.2979636971938118 2.2947581111842323 2.2915525251746525 2.2883469391650726 2.287602056372836 2.2894877209467395 2.2913733855206426 2.2932590500945462 2.2951447146684494 2.297030379242353 2.2989160438162592 2.300801708390163 2.302687372964066 2.3045730375379696 2.3064587021118728 2.3083443666857764 2.3102300312596795 2.312115695833583 2.3140013604074863 2.31588702498139
2.3773959141224785 2.3741893173282684 2.3709827205340583 2.3677761237398482 2.364569526945638 2.3613629301514276 2.3581563333572175 2.3549497365630074 2.351743139768792 2.348536542974582 2.3453299461803714 2.3421233493861613 2.338916752591951 2.335710155797741 2.332503559003531 2.329296962209321 2.3260903654151104 2.3228837686209003 2.31967717182669 2.31647057503248 2.31326397823827 2.310057381444054 2.306850784649844 2.303644187855634 2.300437591061424 2.2972309942672138 2.2940243974730032 2.290817800678793 2.2901269683142846 2.292125544996644 2.2941241216790025 2.2961226983613616 2.2981212750437208 2.30011985172608 2.302118428408442 2.3041170050908013 2.3061155817731605 2.308114158455519 2.3101127351378783 2.3121113118202374 2.3141098885025966 2.3161084651849553 2.3181070418673144 2.3201056185496736
2.379894066821219 2.3766864592423786 2.373478851663538 2.3702712440846976 2.3670636365058573 2.3638560289270165 2.360648421348176 2.3574408137693355 2.3542332061904894 2.351025598611649 2.3478179910328087 2.344610383453968 2.3414027758751277 2.338195168296287 2.3349875607174466 2.331779953138606 2.3285723455597656 2.3253647379809252 2.3221571304020845 2.318949522823244 2.3157419152444034 2.3125343076655573 2.309326700086717 2.3061190925078767 2.302911484929036 2.2997038773501957 2.296496269771355 2.2932886621925146 2.2926518802557334 2.294763369046548 2.296874857837363 2.2989863466281775 2.301097835418992 2.303209324209807 2.3053208130006255 2.30743230179144 2.309543790582255 2.3116552793730696 2.313766768163884 2.3158782569546985 2.317989745745513 2.320101234536328 2.3222127233271426 2.3243242121179573
2.3823922195199616 2.3791836011564906 2.37597498279302 2.372766364429549 2.369557746066078 2.366349127702607 2.3631405093391367 2.3599318909756657 2.3567232726121894 2.3535146542487184 2.3503060358852474 2.347097417521777 2.343888799158306 2.340680180794835 2.337471562431364 2.3342629440678935 2.3310543257044225 2.3278457073409515 2.3246370889774806 2.32142847061401 2.318219852250539 2.3150112338870628 2.311802615523592 2.308593997160121 2.3053853787966503 2.3021767604331793 2.2989681420697083 2.2957595237062374 2.2951767921971844 2.297401193096455 2.2996255939957253 2.301849994894996 2.304074395794266 2.3062987966935364 2.3085231975928107 2.3107475984920813 2.3129719993913516 2.3151964002906222 2.3174208011898925 2.319645202089163 2.3218696029884334 2.324094003887704 2.3263184047869743 2.328542805686245
2.3848903722187016 2.3816807430706004 2.378471113922499 2.375261484774398 2.372051855626297 2.3688422264781956 2.3656325973300945 2.3624229681819933 2.3592133390338867 2.3560037098857856 2.3527940807376844 2.349584451589583 2.346374822441482 2.343165193293381 2.3399555641452796 2.3367459349971784 2.3335363058490772 2.330326676700976 2.327117047552875 2.3239074184047737 2.3206977892566725 2.317488160108566 2.3142785309604648 2.3110689018123636 2.3078592726642624 2.304649643516161 2.30144001436806 2.298230385219959 2.2977017041386336 2.30003901714636 2.3023763301540856 2.304713643161812 2.307050956169538 2.309388269177264 2.311725582184994 2.3140628951927202 2.316400208200446 2.3187375212081722 2.3210748342158984 2.323412147223624 2.3257494602313504 2.3280867732390766 2.3304240862468024 2.3327613992545286
2.387388524917442 2.3841778849847106 2.380967245051979 2.3777566051192474 2.374545965186516 2.3713353252537845 2.368124685321053 2.3649140453883213 2.3617034054555845 2.3584927655228527 2.3552821255901213 2.35207148565739 2.3488608457246585 2.3456502057919266 2.342439565859195 2.339228925926464 2.3360182859937324 2.3328076460610006 2.329597006128269 2.3263863661955377 2.3231757262628063 2.319965086330069 2.3167544463973377 2.3135438064646063 2.3103331665318745 2.307122526599143 2.3039118866664117 2.30070124673368 2.3002266160800824 2.302676841196264 2.305127066312446 2.3075772914286277 2.3100275165448094 2.312477741660991 2.314927966777177 2.3173781918933587 2.3198284170095405 2.322278642125722 2.324728867241904 2.3271790923580857 2.3296293174742675 2.3320795425904493 2.334529767706631 2.3369799928228128
2.3898866776161825 2.3866750268988204 2.3834633761814588 2.3802517254640967 2.377040074746735 2.373828424029373 2.3706167733120114 2.3674051225946493 2.364193471877282 2.3609818211599203 2.357770170442558 2.354558519725196 2.3513468690078345 2.3481352182904724 2.344923567573111 2.3417119168557488 2.338500266138387 2.335288615421025 2.332076964703663 2.3288653139863014 2.3256536632689393 2.322442012551572 2.3192303618342103 2.316018711116848 2.3128070603994866 2.3095954096821245 2.306383758964763 2.303172108247401 2.302751528021531 2.3053146652461685 2.3078778024708058 2.3104409396954435 2.313004076920081 2.315567214144718 2.31813035136936 2.320693488593997 2.3232566258186345 2.325819763043272 2.3283829002679095 2.330946037492547 2.333509174717184 2.3360723119418214 2.3386354491664587 2.3411985863910965
2.3923848303149224 2.38917216881293 2.385959507310938 2.382746845808946 2.3795341843069537 2.3763215228049615 2.373108861302969 2.369896199800977 2.3666835382989793 2.363470876796987 2.360258215294995 2.357045553793003 2.3538328922910106 2.3506202307890183 2.347407569287026 2.344194907785034 2.340982246283042 2.3377695847810496 2.3345569232790573 2.331344261777065 2.328131600275073 2.324918938773075 2.3217062772710833 2.318493615769091 2.3152809542670987 2.3120682927651064 2.308855631263114 2.305642969761122 2.3052764399629804 2.307952489296073 2.3106285386291665 2.3133045879622594 2.315980637295352 2.3186566866284455 2.3213327359615428 2.324008785294636 2.326684834627729 2.329360883960822 2.332036933293915 2.334712982627008 2.337389031960101 2.340065081293194 2.3427411306262873 2.34541717995938
2.3955388904904202 2.3923250942181395 2.389111297945859 2.385897501673578 2.3826837054012975 2.3794699091290163 2.3762561128567357 2.373042316584455 2.3698285203121685 2.366614724039888 2.363400927767607 2.3601871314953264 2.3569733352230458 2.353759538950765 2.350545742678484 2.3473319464062032 2.3441181501339226 2.340904353861642 2.337690557589361 2.3344767613170805 2.3312629650447994 2.3280491687725133 2.3248353725002326 2.321621576227952 2.318407779955671 2.31519398368339 2.3119801874111094 2.3087663911388288 2.308375650008122 2.3110028186419056 2.3136299872756894 2.3162571559094736 2.3188843245432573 2.3215114931770415 2.3241386618108297 2.3267658304446135 2.3293929990783977 2.3320201677121815 2.3346473363459657 2.3372745049797494 2.339901673613533 2.3425288422473174 2.345156010881101 2.347783179514885
2.3993940744013957 2.3961790108259757 2.3929639472505553 2.389748883675135 2.386533820099715 2.3833187565242944 2.3801036929488744 2.376888629373454 2.373673565798028 2.370458502222608 2.3672434386471877 2.3640283750717677 2.360813311496347 2.357598247920927 2.3543831843455068 2.3511681207700867 2.3479530571946663 2.3447379936192463 2.341522930043826 2.338307866468406 2.3350928028929854 2.3318777393175596 2.3286626757421396 2.325447612166719 2.322232548591299 2.3190174850158787 2.3158024214404587 2.312587357865038 2.3120887485146806 2.3144940901392372 2.3168994317637943 2.319304773388351 2.3217101150129076 2.324115456637464 2.326520798262025 2.3289261398865815 2.331331481511138 2.333736823135695 2.336142164760252 2.3385475063848085 2.340952848009365 2.3433581896339217 2.3457635312584784 2.348168872883035
