Figures/CREST_Example_wjb_NSE/PETs/wjb.pet.20101102.asc
ncols            288
nrows            254
xllcorner        113.274861
yllcorner        31.4918055
cellsize         0.008333333333
NODATA_value     -9999
[rows 160 to 179 of 254, columns 220 to 263 of 288]
1.0686541719770588 1.0678541730080637 1.066671752723998 1.0650805153992606 1.063489278074523 1.0618980407497858 1.0603068034250485 1.058715566100311 1.0571243287755736 1.055533091450836 1.0539418541260988 1.0523506168013614 1.050759379476624 1.0491681421518866 1.0475769048271464 1.045985667502409 1.0443944301776715 1.0428031928529342 1.041211955528197 1.0396207182034594 1.038029480878722 1.0364382435539845 1.0348470062292472 1.0332557689045099 1.0316645315797723 1.030073294255035 1.0284820569302975 1.0268908196055575 1.02529958228082 1.0237083449560826 1.0221171076313453 1.0205258703066078 1.0192494005460473 1.018309424436947 1.0173694483278468 1.0164294722187466 1.0154894961096463 1.014549520000546 1.0136095438914459 1.0126695677823456 1.0117295916732438 1.0107896155641436 1.0098496394550434 1.0089096633459431
1.0700626153919615 1.069243767305304 1.06804641541067 1.0664444343791075 1.064842453347545 1.0632404723159825 1.0616384912844201 1.0600365102528577 1.0584345292212953 1.056832548189733 1.0552305671581705 1.0536285861266081 1.0520266050950455 1.0504246240634831 1.048822643031918 1.0472206620003557 1.0456186809687933 1.0440166999372307 1.0424147189056683 1.0408127378741059 1.0392107568425435 1.037608775810981 1.0360067947794187 1.0344048137478563 1.032802832716294 1.0312008516847313 1.029598870653169 1.0279968896216038 1.0263949085900415 1.024792927558479 1.0231909465269164 1.021588965495354 1.0202993518486225 1.019343666007298 1.0183879801659734 1.0174322943246488 1.0164766084833243 1.0155209226419997 1.0145652368006752 1.0136095509593506 1.0126538651180244 1.0116981792766997 1.0107424934353753 1.0097868075940506
1.0714710588068639 1.070633361602544 1.0694210780973417 1.0678083533589542 1.0661956286205667 1.0645829038821795 1.062970179143792 1.0613574544054045 1.059744729667017 1.0581320049286296 1.056519280190242 1.0549065554518546 1.0532938307134674 1.05168110597508 1.0500683812366896 1.0484556564983023 1.0468429317599148 1.0452302070215274 1.0436174822831399 1.0420047575447524 1.040392032806365 1.0387793080679775 1.0371665833295902 1.0355538585912027 1.0339411338528153 1.0323284091144278 1.0307156843760403 1.0291029596376502 1.0274902348992627 1.0258775101608753 1.0242647854224878 1.0226520606841005 1.021349303151198 1.020377907577649 1.0194065120041 1.0184351164305512 1.0174637208570023 1.0164923252834532 1.0155209297099044 1.0145495341363555 1.0135781385628049 1.012606742989256 1.0116353474157072 1.010663951842158
1.0728795022217674 1.0720229558997856 1.0707957407840147 1.0691722723388022 1.0675488038935896 1.0659253354483773 1.0643018670031648 1.0626783985579524 1.0610549301127399 1.0594314616675273 1.057807993222315 1.0561845247771025 1.0545610563318901 1.0529375878866776 1.0513141194414624 1.0496906509962498 1.0480671825510375 1.046443714105825 1.0448202456606126 1.0431967772154 1.0415733087701877 1.0399498403249752 1.0383263718797626 1.0367029034345503 1.0350794349893377 1.0334559665441254 1.0318324980989129 1.0302090296536976 1.028585561208485 1.0269620927632728 1.0253386243180602 1.023715155872848 1.0223992544537743 1.021412149148001 1.0204250438422278 1.0194379385364545 1.0184508332306812 1.017463727924908 1.0164766226191346 1.0154895173133613 1.0145024120075863 1.013515306701813 1.0125282013960397 1.0115410960902664
1.0742879456366698 1.0734125501970257 1.0721704034706865 1.070536191318649 1.0689019791666114 1.067267767014574 1.0656335548625366 1.063999342710499 1.0623651305584616 1.0607309184064242 1.0590967062543866 1.0574624941023492 1.0558282819503118 1.0541940697982743 1.052559857646234 1.0509256454941964 1.049291433342159 1.0476572211901216 1.046023009038084 1.0443887968860466 1.0427545847340092 1.0411203725819718 1.0394861604299341 1.0378519482778967 1.0362177361258593 1.0345835239738217 1.0329493118217843 1.031315099669744 1.0296808875177066 1.0280466753656692 1.0264124632136316 1.0247782510615941 1.0234492057563496 1.022446390718352 1.0214435756803544 1.0204407606423567 1.0194379456043592 1.0184351305663615 1.0174323155283638 1.0164295004903663 1.0154266854523668 1.0144238704143693 1.0134210553763716 1.012418240338374
1.0756963890515725 1.074802144494266 1.0735450661573582 1.0719001102984957 1.0702551544396333 1.0686101985807708 1.0669652427219083 1.0653202868630458 1.0636753310041833 1.0620303751453208 1.0603854192864584 1.0587404634275959 1.0570955075687334 1.055450551709871 1.0538055958510057 1.0521606399921433 1.0505156841332808 1.0488707282744183 1.0472257724155558 1.0455808165566933 1.0439358606978308 1.0422909048389684 1.0406459489801059 1.0390009931212434 1.037356037262381 1.0357110814035184 1.034066125544656 1.0324211696857906 1.030776213826928 1.0291312579680656 1.027486302109203 1.0258413462503406 1.0244991570589252 1.0234806322887033 1.0224621075184812 1.0214435827482593 1.0204250579780372 1.0194065332078153 1.0183880084375934 1.0173694836673712 1.0163509588971475 1.0153324341269256 1.0143139093567035 1.0132953845864816
1.0771048324664747 1.0761917387915059 1.07491972884403 1.0732640292783424 1.0716083297126549 1.0699526301469675 1.06829693058128 1.0666412310155924 1.064985531449905 1.0633298318842175 1.06167413231853 1.0600184327528426 1.058362733187155 1.0567070336214675 1.0550513340557772 1.0533956344900897 1.051739934924402 1.0500842353587148 1.0484285357930272 1.0467728362273396 1.0451171366616523 1.0434614370959647 1.0418057375302772 1.0401500379645898 1.0384943383989023 1.0368386388332147 1.0351829392675274 1.033527239701837 1.0318715401361493 1.030215840570462 1.0285601410047744 1.0269044414390869 1.0255491083615005 1.0245148738590542 1.0234806393566078 1.0224464048541615 1.0214121703517152 1.0203779358492688 1.0193437013468225 1.0183094668443762 1.017275232341928 1.0162409978394817 1.0152067633370354 1.014172528834589
1.0785132758813771 1.077581333088746 1.0762943915307017 1.0746279482581893 1.0729615049856767 1.0712950617131642 1.0696286184406518 1.0679621751681392 1.0662957318956268 1.0646292886231141 1.0629628453506017 1.061296402078089 1.0596299588055766 1.0579635155330642 1.0562970722605487 1.0546306289880363 1.0529641857155239 1.0512977424430112 1.0496312991704988 1.0479648558979862 1.0462984126254737 1.0446319693529613 1.0429655260804487 1.0412990828079363 1.0396326395354236 1.0379661962629112 1.0362997529903986 1.0346333097178833 1.0329668664453708 1.0313004231728582 1.0296339799003458 1.0279675366278334 1.026599059664076 1.0255491154294052 1.0244991711947344 1.023449226960064 1.0223992827253932 1.0213493384907224 1.0202993942560519 1.0192494500213811 1.0181995057867086 1.0171495615520378 1.0160996173173673 1.0150496730826966
1.0799217192962798 1.0789709273859862 1.0776690542173737 1.0759918672380362 1.0743146802586985 1.072637493279361 1.0709603063000235 1.069283119320686 1.0676059323413485 1.065928745362011 1.0642515583826735 1.062574371403336 1.0608971844239985 1.0592199974446608 1.0575428104653204 1.055865623485983 1.0541884365066454 1.052511249527308 1.0508340625479704 1.049156875568633 1.0474796885892954 1.045802501609958 1.0441253146306204 1.042448127651283 1.0407709406719452 1.0390937536926077 1.0374165667132702 1.0357393797339298 1.0340621927545923 1.0323850057752548 1.0307078187959173 1.0290306318165798 1.0276490109666514 1.0265833569997564 1.0255177030328615 1.0244520490659663 1.0233863950990714 1.0223207411321762 1.0212550871652812 1.020189433198386 1.0191237792314893 1.0180581252645942 1.0169924712976992 1.0159268173308043
1.0813301627111822 1.0803605216832266 1.0790437169040454 1.0773557862178829 1.0756678555317203 1.073979924845558 1.0722919941593954 1.0706040634732328 1.0689161327870702 1.0672282021009076 1.065540271414745 1.0638523407285827 1.0621644100424201 1.0604764793562576 1.058788548670092 1.0571006179839295 1.055412687297767 1.0537247566116046 1.052036825925442 1.0503488952392794 1.0486609645531169 1.0469730338669543 1.0452851031807917 1.0435971724946294 1.0419092418084668 1.0402213111223042 1.0385333804361416 1.0368454497499762 1.0351575190638136 1.0334695883776512 1.0317816576914887 1.030093727005326 1.0286989622692269 1.0276175985701075 1.026536234870988 1.0254548711718687 1.0243735074727491 1.0232921437736298 1.0222107800745104 1.021129416375391 1.0200480526762699 1.0189666889771505 1.017885325278031 1.0168039615789117
1.0827386061260857 1.0817501159804679 1.0804183795907183 1.0787197051977309 1.0770210308047432 1.0753223564117558 1.0736236820187681 1.0719250076257807 1.070226333232793 1.0685276588398056 1.066828984446818 1.0651303100538303 1.0634316356608429 1.0617329612678552 1.060034286874865 1.0583356124818772 1.0566369380888898 1.0549382636959022 1.0532395893029145 1.051540914909927 1.0498422405169394 1.048143566123952 1.0464448917309643 1.044746217337977 1.0430475429449892 1.0413488685520018 1.0396501941590142 1.0379515197660236 1.0362528453730362 1.0345541709800485 1.032855496587061 1.0311568221940735 1.0297489135718032 1.0286518401404594 1.0275547667091158 1.026457693277772 1.0253606198464282 1.0242635464150844 1.0231664729837406 1.0220693995523968 1.0209723261210513 1.0198752526897075 1.0187781792583637 1.0176811058270199
1.0841470495409884 1.083139710277708 1.0817930422773903 1.0800836241775778 1.078374206077765 1.0766647879779525 1.07495536987814 1.0732459517783273 1.0715365336785148 1.0698271155787022 1.0681176974788897 1.066408279379077 1.0646988612792645 1.062989443179452 1.0612800250796364 1.0595706069798239 1.0578611888800113 1.0561517707801988 1.054442352680386 1.0527329345805736 1.051023516480761 1.0493140983809484 1.0476046802811358 1.0458952621813233 1.0441858440815108 1.042476425981698 1.0407670078818856 1.0390575897820702 1.0373481716822575 1.035638753582445 1.0339293354826324 1.0322199173828197 1.0307988648743787 1.0296860817108104 1.0285732985472424 1.0274605153836742 1.0263477322201062 1.025234949056538 1.02412216589297 1.0230093827294018 1.0218965995658318 1.0207838164022638 -9999.0 -9999.0
1.0855554929558906 1.084529304574948 1.0831677049640618 1.0814475431574242 1.0797273813507866 1.078007219544149 1.0762870577375114 1.0745668959308738 1.0728467341242363 1.0711265723175987 1.069406410510961 1.0676862487043237 1.0659660868976861 1.0642459250910485 1.0625257632844078 1.0608056014777703 1.0590854396711327 1.057365277864495 1.0556451160578577 1.0539249542512201 1.0522047924445825 1.050484630637945 1.0487644688313074 1.0470443070246698 1.0453241452180322 1.0436039834113946 1.041883821604757 1.0401636597981165 1.038443497991479 1.0367233361848414 1.0350031743782038 1.0332830125715662 1.031848816176954 1.0307203232811615 1.029591830385369 1.0284633374895766 1.027334844593784 1.0262063516979916 1.0250778588021991 1.0239493659064067 1.0228208730106123 -9999.0 -9999.0 -9999.0
1.086963936370793 1.0859188988721882 1.0845423676507338 1.082811462137271 1.0810805566238084 1.079349651110346 1.0776187455968833 1.0758878400834206 1.0741569345699582 1.0724260290564955 1.0706951235430329 1.0689642180295704 1.0672333125161078 1.065502407002645 1.0637715014891795 1.062040595975717 1.0603096904622544 1.0585787849487918 1.0568478794353293 1.0551169739218667 1.053386068408404 1.0516551628949415 1.0499242573814789 1.0481933518680162 1.0464624463545538 1.044731540841091 1.0430006353276284 1.041269729814163 1.0395388243007004 1.0378079187872378 1.0360770132737753 1.0343461077603127 1.0328987674795296 1.0317545648515127 1.030610362223496 1.029466159595479 1.0283219569674622 1.0271777543394454 1.0260335517114285 -9999.0 -9999.0 -9999.0 -9999.0 -9999.0
1.0883723797856955 1.0873084931694283 1.0859170303374055 1.084175381117118 1.0824337318968302 1.0806920826765427 1.0789504334562552 1.0772087842359674 1.07546713501568 1.0737254857953922 1.0719838365751047 1.0702421873548171 1.0685005381345294 1.0667588889142419 1.0650172396939512 1.0632755904736637 1.061533941253376 1.0597922920330884 1.058050642812801 1.0563089935925132 1.0545673443722257 1.052825695151938 1.0510840459316504 1.0493423967113629 1.0476007474910751 1.0458590982707876 1.0441174490504999 1.0423757998302094 1.0406341506099217 1.0388925013896342 1.0371508521693464 1.035409202949059 1.0339487187821048 1.0327888064218638 1.0316288940616225 1.0304689817013812 1.0293090693411402 1.028149156980899 -9999.0 -9999.0 -9999.0 -9999.0 -9999.0 -9999.0
1.089780823200598 1.0886980874666687 1.0872916930240775 1.0855393000969646 1.083786907169852 1.0820345142427394 1.0802821213156268 1.0785297283885142 1.0767773354614016 1.075024942534289 1.0732725496071764 1.0715201566800638 1.0697677637529512 1.0680153708258386 1.066262977898723 1.0645105849716103 1.0627581920444977 1.0610057991173851 1.0592534061902725 1.05750101326316 1.0557486203360473 1.0539962274089347 1.052243834481822 1.0504914415547093 1.0487390486275967 1.046986655700484 1.0452342627733715 1.043481869846256 1.0417294769191434 1.0399770839920306 1.038224691064918 1.0364722981378054 1.0349986700846805 1.0338230479922148 1.0326474258997493 1.0314718038072839 1.0302961817148184 1.0291205596223527 -9999.0 -9999.0 -9999.0 -9999.0 -9999.0 -9999.0
1.0911892666155016 1.09008768176391 1.0886663557107503 1.0869032190768126 1.085140082442875 1.0833769458089373 1.0816138091749998 1.0798506725410622 1.0780875359071245 1.0763243992731868 1.0745612626392491 1.0727981260053114 1.071034989371374 1.0692718527374363 1.0675087161034955 1.0657455794695578 1.0639824428356204 1.0622193062016827 1.060456169567745 1.0586930329338073 1.0569298962998697 1.055166759665932 1.0534036230319945 1.0516404863980569 1.0498773497641192 1.0481142131301815 1.0463510764962438 1.0445879398623032 1.0428248032283656 1.041061666594428 1.0392985299604902 1.0375353933265528 1.0360486213872566 1.0348572895625667 1.0336659577378768 1.032474625913187 1.031283294088497 -9999.0 -9999.0 -9999.0 -9999.0 -9999.0 -9999.0 -9999.0
1.092597710030404 1.0914772760611502 1.090041018397422 1.0882671380566595 1.0864932577158968 1.0847193773751342 1.0829454970343715 1.081171616693609 1.0793977363528462 1.0776238560120837 1.075849975671321 1.0740760953305584 1.0723022149897956 1.070528334649033 1.0687544543082672 1.0669805739675047 1.065206693626742 1.0634328132859794 1.0616589329452166 1.059885052604454 1.0581111722636913 1.0563372919229288 1.054563411582166 1.0527895312414035 1.0510156509006408 1.0492417705598782 1.0474678902191155 1.0456940098783498 1.043920129537587 1.0421462491968245 1.0403723688560618 1.0385984885152992 1.0370985726898323 1.035891531132918 1.0346844895760037 1.0334774480190894 -9999.0 -9999.0 -9999.0 -9999.0 -9999.0 -9999.0 -9999.0 -9999.0
1.0938334471226279 1.0927093716319038 1.0912680212647878 1.0894874968743247 1.0877069724838615 1.0859264480933983 1.0841459237029352 1.082365399312472 1.0805848749220088 1.0788043505315457 1.0770238261410825 1.0752433017506193 1.073462777360156 1.0716822529696928 1.0699017285792267 1.0681212041887633 1.0663406797983002 1.064560155407837 1.0627796310173738 1.0609991066269107 1.0592185822364475 1.0574380578459843 1.0556575334555212 1.053877009065058 1.0520964846745948 1.0503159602841317 1.0485354358936683 1.0467549115032022 1.044974387112739 1.0431938627222757 1.0414133383318125 1.0396328139413493 1.0381271443452047 1.0369153007460412 1.0357034571468777 -9999.0 -9999.0 -9999.0 -9999.0 -9999.0 -9999.0 -9999.0 -9999.0 -9999.0
1.0948845720420763 1.0937731109916338 1.092337185092732 1.0905543989276212 1.0887716127625107 1.0869888265974 1.0852060404322894 1.0834232542671787 1.081640468102068 1.0798576819369574 1.0780748957718467 1.0762921096067362 1.0745093234416254 1.0727265372765147 1.070943751111401 1.0691609649462903 1.0673781787811798 1.065595392616069 1.0638126064509583 1.0620298202858478 1.060247034120737 1.0584642479556265 1.0566814617905158 1.054898675625405 1.0531158894602946 1.0513331032951838 1.0495503171300733 1.0477675309649594 1.045984744799849 1.0442019586347382 1.0424191724696275 1.040636386304517 1.0391328625053367 1.0379278764969648 1.0367228904885928 -9999.0 -9999.0 -9999.0 -9999.0 -9999.0 -9999.0 -9999.0 -9999.0 -9999.0
