Figures/CREST_Example_wjb_NSE/PETs/wjb.pet.20090626.asc
ncols            288
nrows            254
xllcorner        113.274861
yllcorner        31.4918055
cellsize         0.008333333333
NODATA_value     -9999
[rows 160 to 179 of 254, columns 220 to 263 of 288]
3.2579171193429426 3.2582079959919175 3.257920771680321 3.257015544358443 3.2561103170365655 3.255205089714688 3.25429986239281 3.2533946350709324 3.2524894077490547 3.251584180427177 3.2506789531052993 3.2497737257834216 3.248868498461544 3.247963271139666 3.247058043817787 3.2461528164959095 3.2452475891740318 3.244342361852154 3.2434371345302764 3.2425319072083987 3.241626679886521 3.2407214525646433 3.2398162252427656 3.238910997920888 3.23800577059901 3.2371005432771325 3.236195315955255 3.2352900886333753 3.2343848613114976 3.23347963398962 3.232574406667742 3.2316691793458645 3.229402513147748 3.225680437972205 3.221958362796661 3.2182362876211177 3.2145142124455743 3.210792137270031 3.2070700620944876 3.2033479869189443 3.1996259117433943 3.195903836567851 3.1921817613923076 3.1884596862167642
3.263399532566337 3.263714282831148 3.2633920800287264 3.2623889599820783 3.26138583993543 3.2603827198887814 3.2593795998421333 3.258376479795485 3.2573733597488364 3.2563702397021883 3.25536711965554 3.2543639996088913 3.2533608795622433 3.252357759515595 3.251354639468945 3.2503515194222965 3.249348399375648 3.248345279329 3.2473421592823515 3.246339039235703 3.245335919189055 3.2443327991424065 3.243329679095758 3.24232655904911 3.2413234390024614 3.240320318955813 3.239317198909165 3.2383140788625147 3.2373109588158666 3.236307838769218 3.2353047187225696 3.2343015986759216 3.231957411651331 3.2281795936697497 3.224401775688168 3.220623957706587 3.2168461397250057 3.213068321743424 3.2092905037618427 3.205512685780261 3.2017348677986734 3.197957049817092 3.1941792318355104 3.190401413853929
3.268881945789732 3.2692205696703787 3.2688633883771323 3.2677623756057135 3.2666613628342946 3.265560350062876 3.2644593372914565 3.2633583245200377 3.262257311748619 3.2611562989771996 3.2600552862057808 3.258954273434362 3.2578532606629427 3.256752247891524 3.2556512351201032 3.254550222348684 3.253449209577265 3.2523481968058463 3.251247184034427 3.250146171263008 3.2490451584915894 3.24794414572017 3.2468431329487513 3.2457421201773324 3.2446411074059136 3.2435400946344943 3.2424390818630755 3.2413380690916545 3.2402370563202356 3.239136043548817 3.2380350307773975 3.2369340180059787 3.2345123101549147 3.2306787493672955 3.226845188579676 3.2230116277920566 3.219178067004437 3.2153445062168178 3.211510945429198 3.207677384641579 3.2038438238539526 3.2000102630663334 3.1961767022787138 3.1923431414910945
3.2743643590131315 3.274726856509614 3.2743346967255436 3.2731357912293535 3.271936885733164 3.2707379802369743 3.2695390747407846 3.268340169244595 3.267141263748405 3.2659423582522153 3.2647434527560257 3.263544547259836 3.2623456417636465 3.2611467362674564 3.259947830771265 3.258748925275075 3.2575500197788854 3.2563511142826957 3.255152208786506 3.2539533032903165 3.2527543977941265 3.251555492297937 3.250356586801747 3.2491576813055576 3.247958775809368 3.2467598703131784 3.2455609648169883 3.244362059320797 3.243163153824607 3.2419642483284172 3.2407653428322276 3.239566437336038 3.2370672086585004 3.2331779050648426 3.2292886014711852 3.225399297877528 3.22150999428387 3.2176206906902127 3.2137313870965554 3.2098420835028976 3.2059527799092336 3.202063476315576 3.198174172721919 3.194284869128261
3.279846772236526 3.2802331433488447 3.279806005073949 3.2785092068529886 3.2772124086320282 3.275915610411068 3.2746188121901074 3.2733220139691475 3.272025215748187 3.2707284175272267 3.2694316193062662 3.268134821085306 3.266838022864346 3.2655412246433855 3.264244426422423 3.2629476282014624 3.261650829980502 3.260354031759542 3.2590572335385817 3.2577604353176213 3.256463637096661 3.2551668388757005 3.2538700406547405 3.25257324243378 3.2512764442128197 3.2499796459918593 3.248682847770899 3.2473860495499363 3.2460892513289763 3.244792453108016 3.2434956548870555 3.242198856666095 3.239622107162084 3.2356770607623884 3.231732014362693 3.2277869679629974 3.223841921563302 3.2198968751636063 3.215951828763911 3.2120067823642153 3.208061735964513 3.2041166895648177 3.200171643165122 3.1962265967654266
3.2853291854599207 3.2857394301880753 3.285277313422355 3.2838826224766238 3.282487931530893 3.281093240585162 3.279698549639431 3.2783038586937 3.276909167747969 3.275514476802238 3.274119785856507 3.272725094910776 3.2713304039650453 3.269935713019314 3.268541022073581 3.26714633112785 3.265751640182119 3.264356949236388 3.2629622582906572 3.261567567344926 3.2601728763991953 3.258778185453464 3.2573834945077333 3.255988803562002 3.2545941126162714 3.25319942167054 3.2518047307248095 3.250410039779076 3.249015348833345 3.247620657887614 3.246225966941883 3.244831275996152 3.242177005665667 3.2381762164599337 3.2341754272542 3.2301746380484664 3.226173848842733 3.2221730596369995 3.218172270431266 3.214171481225532 3.210170692019792 3.2061699028140587 3.202169113608325 3.1981683244025914
3.2908115986833155 3.2912457170273064 3.290748621770761 3.2892560381002593 3.287763454429758 3.2862708707592563 3.2847782870887543 3.2832857034182528 3.2817931197477512 3.2803005360772497 3.278807952406748 3.277315368736246 3.2758227850657446 3.274330201395243 3.272837617724739 3.2713450340542374 3.269852450383736 3.2683598667132343 3.2668672830427323 3.265374699372231 3.2638821157017293 3.2623895320312277 3.260896948360726 3.259404364690224 3.2579117810197227 3.256419197349221 3.2549266136787196 3.2534340300082154 3.251941446337714 3.2504488626672123 3.2489562789967104 3.247463695326209 3.2447319041692504 3.2406753721574786 3.236618840145707 3.232562308133936 3.228505776122164 3.2244492441103927 3.2203927120986213 3.2163361800868495 3.212279648075071 3.2082231160632997 3.204166584051528 3.2001100520397565
3.2962940119067103 3.296752003866537 3.296219930119167 3.2946294537238945 3.2930389773286226 3.2914485009333503 3.289858024538078 3.2882675481428056 3.2866770717475333 3.285086595352261 3.283496118956989 3.281905642561717 3.2803151661664445 3.278724689771172 3.277134213375897 3.275543736980625 3.2739532605853525 3.2723627841900806 3.2707723077948083 3.269181831399536 3.2675913550042637 3.2660008786089914 3.264410402213719 3.262819925818447 3.261229449423175 3.2596389730279025 3.25804849663263 3.256458020237355 3.254867543842083 3.2532770674468106 3.2516865910515387 3.2500961146562664 3.247286802672834 3.2431745278550244 3.239062253037215 3.2349499782194053 3.230837703401596 3.2267254285837863 3.222613153765977 3.2185008789481673 3.2143886041303507 3.210276329312541 3.2061640544947316 3.2020517796769217
3.301776425130105 3.302258290705768 3.3016912384675727 3.30000286934753 3.298314500227487 3.2966261311074443 3.294937761987401 3.2932493928673585 3.2915610237473154 3.2898726546272727 3.2881842855072296 3.286495916387187 3.284807547267144 3.283119178147101 3.2814308090270554 3.2797424399070123 3.2780540707869696 3.2763657016669265 3.274677332546884 3.2729889634268408 3.2713005943067976 3.269612225186755 3.267923856066712 3.266235486946669 3.264547117826626 3.2628587487065834 3.2611703795865403 3.2594820104664946 3.257793641346452 3.2561052722264088 3.254416903106366 3.252728533986323 3.249841701176417 3.2456736835525697 3.241505665928722 3.2373376483048744 3.2331696306810267 3.2290016130571795 3.224833595433332 3.220665577809484 3.2164975601856294 3.2123295425617817 3.2081615249379345 3.203993507314087
3.3072588383535 3.307764577544998 3.3071625468159787 3.3053762849711648 3.3035900231263513 3.301803761281538 3.3000174994367244 3.298231237591911 3.2964449757470975 3.294658713902284 3.29287245205747 3.2910861902126567 3.2892999283678432 3.28751366652303 3.2857274046782132 3.2839411428333998 3.2821548809885863 3.280368619143773 3.278582357298959 3.2767960954541455 3.275009833609332 3.2732235717645186 3.271437309919705 3.2696510480748917 3.2678647862300783 3.2660785243852644 3.264292262540451 3.2625060006956343 3.260719738850821 3.2589334770060074 3.257147215161194 3.2553609533163805 3.252396599680001 3.248172839250115 3.2439490788202296 3.239725318390344 3.2355015579604585 3.2312777975305726 3.2270540371006873 3.222830276670802 3.218606516240909 3.214382755811023 3.210158995381138 3.205935234951252
3.3127412515768992 3.3132708643842337 3.3126338551643895 3.3107497005948052 3.308865546025221 3.3069813914556367 3.3050972368860525 3.3032130823164683 3.301328927746884 3.2994447731772993 3.297560618607715 3.295676464038131 3.2937923094685466 3.2919081548989624 3.290024000329375 3.288139845759791 3.2862556911902066 3.2843715366206223 3.282487382051038 3.280603227481454 3.2787190729118696 3.2768349183422854 3.274950763772701 3.273066609203117 3.2711824546335326 3.2692983000639484 3.267414145494364 3.2655299909247764 3.263645836355192 3.261761681785608 3.2598775272160236 3.2579933726464394 3.254951498183586 3.2506719949476626 3.246392491711739 3.242112988475815 3.2378334852398916 3.233553982003968 3.2292744787680445 3.2249949755321206 3.22071547229619 3.216435969060266 3.2121564658243424 3.207876962588419
3.318223664800294 3.3187771512234643 3.318105163512795 3.31612311621844 3.3141410689240853 3.3121590216297303 3.3101769743353753 3.3081949270410207 3.3062128797466657 3.3042308324523106 3.302248785157956 3.300266737863601 3.298284690569246 3.2963026432748914 3.294320595980533 3.2923385486861783 3.2903565013918232 3.288374454097468 3.2863924068031136 3.2844103595087586 3.282428312214404 3.280446264920049 3.278464217625694 3.2764821703313394 3.2745001230369843 3.2725180757426293 3.2705360284482747 3.268553981153916 3.2665719338595616 3.2645898865652065 3.2626078392708515 3.260625791976497 3.2575063966871696 3.2531711506452083 3.2488359046032467 3.244500658561285 3.2401654125193233 3.2358301664773617 3.2314949204354 3.2271596743934383 3.222824428351469 3.2184891823095074 -9999.0 -9999.0
3.323706078023689 3.324283438062695 3.323576471861201 3.3214965318420755 3.3194165918229497 3.3173366518038243 3.315256711784699 3.313176771765573 3.3110968317464478 3.3090168917273224 3.3069369517081966 3.304857011689071 3.302777071669946 3.30069713165082 3.298617191631691 3.2965372516125657 3.29445731159344 3.2923773715743145 3.290297431555189 3.2882174915360634 3.286137551516938 3.2840576114978126 3.281977671478687 3.2798977314595614 3.277817791440436 3.2757378514213102 3.273657911402185 3.271577971383056 3.26949803136393 3.2674180913448048 3.2653381513256794 3.2632582113065536 3.260061295190753 3.2556703063427532 3.251279317494754 3.246888328646754 3.242497339798754 3.238106350950755 3.233715362102755 3.229324373254755 3.2249333844067483 -9999.0 -9999.0 -9999.0
3.3291884912470837 3.329789724901926 3.329047780209607 3.3268699474657106 3.3246921147218145 3.3225142819779183 3.320336449234022 3.318158616490126 3.31598078374623 3.3138029510023337 3.3116251182584375 3.3094472855145414 3.307269452770645 3.305091620026749 3.3029137872828493 3.300735954538953 3.298558121795057 3.296380289051161 3.2942024563072647 3.2920246235633686 3.2898467908194724 3.2876689580755762 3.28549112533168 3.283313292587784 3.2811354598438878 3.2789576270999916 3.2767797943560955 3.2746019616121957 3.2724241288682996 3.2702462961244034 3.2680684633805073 3.265890630636611 3.2626161936943365 3.258169462040299 3.253722730386261 3.2492759987322235 3.244829267078186 3.240382535424148 3.2359358037701105 -9999.0 -9999.0 -9999.0 -9999.0 -9999.0
3.3346709044704785 3.3352960117411565 3.3345190885580127 3.332243363089346 3.3299676376206793 3.3276919121520123 3.325416186683346 3.323140461214679 3.320864735746012 3.3185890102773454 3.3163132848086785 3.3140375593400115 3.311761833871345 3.309486108402678 3.3072103829340076 3.3049346574653407 3.3026589319966737 3.3003832065280068 3.2981074810593403 3.2958317555906733 3.2935560301220064 3.29128030465334 3.289004579184673 3.286728853716006 3.2844531282473395 3.2821774027786725 3.2799016773100056 3.277625951841335 3.275350226372668 3.2730745009040016 3.2707987754353347 3.2685230499666678 3.26517109219792 3.260668617737844 3.256166143277768 3.2516636688176925 3.247161194357617 3.242658719897541 -9999.0 -9999.0 -9999.0 -9999.0 -9999.0 -9999.0
3.3401533176938734 3.340802298580387 3.339990396906419 3.3376167787129813 3.335243160519544 3.3328695423261068 3.330495924132669 3.3281223059392318 3.3257486877457945 3.3233750695523567 3.3210014513589194 3.318627833165482 3.3162542149720444 3.313880596778607 3.3115069785851654 3.309133360391728 3.306759742198291 3.3043861240048535 3.302012505811416 3.2996388876179785 3.297265269424541 3.2948916512311035 3.292518033037666 3.2901444148442285 3.287770796650791 3.285397178457354 3.283023560263916 3.280649942070475 3.2782763238770376 3.2759027056836 3.2735290874901626 3.2711554692967253 3.2677259907015035 3.2631677734353897 3.258609556169276 3.2540513389031624 3.2494931216370486 3.244934904370935 -9999.0 -9999.0 -9999.0 -9999.0 -9999.0 -9999.0
3.3456357309172726 3.3463085854196226 3.3454617052548294 3.3429901943366214 3.340518683418413 3.3380471725002048 3.3355756615819967 3.3331041506637886 3.3306326397455805 3.328161128827372 3.325689617909164 3.323218106990956 3.320746596072748 3.3182750851545397 3.315803574236327 3.313332063318119 3.310860552399911 3.3083890414817025 3.3059175305634945 3.3034460196452864 3.3009745087270783 3.2985029978088702 3.2960314868906617 3.2935599759724536 3.2910884650542456 3.2886169541360375 3.2861454432178294 3.283673932299617 3.281202421381409 3.2787309104632008 3.2762593995449922 3.273787888626784 3.2702808892050887 3.265666929132937 3.2610529690607852 3.2564390089886337 3.2518250489164817 -9999.0 -9999.0 -9999.0 -9999.0 -9999.0 -9999.0 -9999.0
3.3511181441406674 3.351814872258853 3.3509330136032354 3.3483636099602565 3.3457942063172776 3.343224802674299 3.3406553990313204 3.3380859953883415 3.3355165917453626 3.3329471881023838 3.330377784459405 3.327808380816426 3.325238977173447 3.3226695735304688 3.3201001698874855 3.3175307662445066 3.3149613626015277 3.312391958958549 3.3098225553155705 3.3072531516725916 3.3046837480296127 3.302114344386634 3.299544940743655 3.296975537100676 3.2944061334576977 3.291836729814719 3.28926732617174 3.2866979225287567 3.284128518885778 3.281559115242799 3.2789897115998206 3.2764203079568417 3.2728357877086722 3.2681660848304825 3.263496381952293 3.258826679074103 -9999.0 -9999.0 -9999.0 -9999.0 -9999.0 -9999.0 -9999.0 -9999.0
3.354074486233388 3.3547527758770883 3.3538452276292374 3.3512423827850486 3.34863953794086 3.346036693096671 3.3434338482524826 3.3408310034082938 3.338228158564105 3.335625313719916 3.3330224688757273 3.330419624031539 3.32781677918735 3.3252139343431613 3.322611089498968 3.3200082446547796 3.317405399810591 3.314802554966402 3.312199710122213 3.3095968652780243 3.306994020433836 3.304391175589647 3.3017883307454583 3.2991854859012695 3.2965826410570807 3.2939797962128923 3.2913769513687035 3.28877410652451 3.2861712616803214 3.2835684168361325 3.280965571991944 3.2783627271477553 3.274768146743214 3.2701133785748575 3.2654586104065007 -9999.0 -9999.0 -9999.0 -9999.0 -9999.0 -9999.0 -9999.0 -9999.0 -9999.0
3.3543306175128302 3.354945239724542 3.3540219311315473 3.3514545397022735 3.348887148272999 3.346319756843725 3.3437523654144505 3.341184973985176 3.3386175825559024 3.336050191126628 3.3334827996973537 3.3309154082680794 3.3283480168388055 3.3257806254095312 3.3232132339802525 3.320645842550978 3.318078451121704 3.31551105969243 3.3129436682631557 3.3103762768338814 3.307808885404607 3.305241493975333 3.302674102546059 3.3001067111167846 3.2975393196875102 3.294971928258236 3.292404536828962 3.2898371453996833 3.287269753970409 3.2847023625411347 3.282134971111861 3.2795675796825865 3.2760350503257745 3.271470766676713 3.266906483027652 -9999.0 -9999.0 -9999.0 -9999.0 -9999.0 -9999.0 -9999.0 -9999.0 -9999.0
