Figures/CREST_Example_wjb_NSE/PETs/wjb.pet.20100117.asc
ncols            288
nrows            254
xllcorner        113.274861
yllcorner        31.4918055
cellsize         0.008333333333
NODATA_value     -9999
[rows 114 to 132 of 254, columns 88 to 131 of 288]
0.9074119809825052 0.9074376677742315 0.9074633545659578 0.9074890413576842 0.9075147281494105 0.9075404149411368 0.9075661017328632 0.9075917885245895 0.9076174753163159 0.9076431621080422 0.9076688488997685 0.9076945356914948 0.9077202224832212 0.9077459092749475 0.9075991967774982 0.907268185541766 0.9069371743060332 0.9066061630703008 0.9062751518345686 0.9059441405988363 0.9056131293631041 0.9052821181273718 0.9049511068916396 0.9046200956559073 0.904289084420175 0.9039580731844428 0.9036270619487105 0.9032960507129782 0.9029650394772459 0.9026340282415131 0.9023030170057809 0.9019720057700485 0.9016409945343163 0.901309983298584 0.9009789720628517 0.9006479608271195 0.9003169495913872 0.899985938355655 0.8996549271199227 0.8993239158841905 0.8989929046484582 0.8986618934127258 0.8983308821769931 0.8979998709412608
0.9072588148397844 0.9072969719412864 0.9073351290427885 0.9073732861442906 0.9074114432457926 0.9074496003472946 0.9074877574487966 0.9075259145502986 0.9075640716518006 0.9076022287533027 0.9076403858548047 0.9076785429563067 0.9077167000578087 0.9077548571593107 0.9076166379400299 0.9072898684457523 0.9069630989514742 0.9066363294571966 0.9063095599629191 0.9059827904686415 0.905656020974364 0.9053292514800865 0.9050024819858089 0.9046757124915313 0.9043489429972538 0.9040221735029763 0.9036954040086987 0.9033686345144212 0.9030418650201436 0.9027150955258655 0.9023883260315879 0.9020615565373105 0.9017347870430329 0.9014080175487553 0.9010812480544778 0.9007544785602002 0.9004277090659227 0.9001009395716452 0.8997741700773676 0.89944740058309 0.8991206310888125 0.898793861594535 0.8984670921002569 0.8981403226059793
0.9071056486970637 0.9071562761083415 0.9072069035196192 0.9072575309308969 0.9073081583421746 0.9073587857534523 0.90740941316473 0.9074600405760077 0.9075106679872855 0.9075612953985632 0.9076119228098409 0.9076625502211186 0.9077131776323963 0.907763805043674 0.9076340791025616 0.9073115513497387 0.9069890235969154 0.9066664958440925 0.9063439680912697 0.9060214403384469 0.9056989125856241 0.9053763848328013 0.9050538570799784 0.9047313293271555 0.9044088015743327 0.9040862738215099 0.903763746068687 0.9034412183158642 0.9031186905630414 0.902796162810218 0.9024736350573952 0.9021511073045724 0.9018285795517496 0.9015060517989267 0.9011835240461039 0.9008609962932811 0.9005384685404583 0.9002159407876354 0.8998934130348126 0.8995708852819898 0.899248357529167 0.8989258297763442 0.8986033020235208 0.898280774270698
0.906952482554343 0.9070155802753964 0.9070786779964498 0.9071417757175033 0.9072048734385567 0.9072679711596101 0.9073310688806635 0.9073941666017169 0.9074572643227703 0.9075203620438237 0.9075834597648771 0.9076465574859304 0.9077096552069838 0.9077727529280372 0.9076515202650931 0.907333234253725 0.9070149482423564 0.9066966622309882 0.9063783762196201 0.9060600902082521 0.905741804196884 0.9054235181855158 0.9051052321741477 0.9047869461627797 0.9044686601514116 0.9041503741400434 0.9038320881286753 0.9035138021173073 0.9031955161059391 0.9028772300945704 0.9025589440832024 0.9022406580718343 0.9019223720604661 0.901604086049098 0.90128580003773 0.9009675140263619 0.9006492280149937 0.9003309420036256 0.9000126559922575 0.8996943699808894 0.8993760839695213 0.8990577979581532 0.8987395119467846 0.8984212259354164
0.9068783237811444 0.9069613669915912 0.9070444102020381 0.9071274534124851 0.907210496622932 0.9072935398333789 0.9073765830438257 0.9074596262542727 0.9075426694647195 0.9076257126751663 0.9077087558856133 0.9077917990960601 0.907874842306507 0.9079578855169539 0.9078469055115818 0.9075285103014019 0.9072101150912215 0.9068917198810417 0.9065733246708618 0.906254929460682 0.9059365342505021 0.9056181390403223 0.9052997438301424 0.9049813486199626 0.9046629534097828 0.9043445581996029 0.9040261629894231 0.9037077677792432 0.9033893725690634 0.903070977358883 0.9027525821487031 0.9024341869385233 0.9021157917283434 0.9017973965181636 0.9014790013079838 0.9011606060978039 0.9008422108876241 0.9005238156774442 0.9002054204672644 0.8998870252570845 0.8995686300469047 0.8992502348367248 0.8989318396265444 0.8986134444163646
0.9068886189050953 0.9069995981006885 0.9071105772962819 0.9072215564918752 0.9073325356874684 0.9074435148830617 0.907554494078655 0.9076654732742482 0.9077764524698414 0.9078874316654346 0.9079984108610278 0.9081093900566211 0.9082203692522143 0.9083313484478076 0.9082325017656732 0.9079093464758334 0.9075861911859933 0.9072630358961535 0.9069398806063139 0.9066167253164743 0.9062935700266346 0.905970414736795 0.9056472594469552 0.9053241041571156 0.9050009488672759 0.9046777935774363 0.9043546382875967 0.9040314829977569 0.9037083277079173 0.903385172418077 0.9030620171282374 0.9027388618383978 0.9024157065485581 0.9020925512587185 0.9017693959688787 0.9014462406790391 0.9011230853891994 0.9007999300993598 0.9004767748095202 0.9001536195196804 0.8998304642298408 0.8995073089400011 0.8991841536501609 0.8988609983603213
0.9068989140290463 0.9070378292097859 0.9071767443905255 0.9073156595712653 0.9074545747520049 0.9075934899327445 0.9077324051134841 0.9078713202942237 0.9080102354749632 0.9081491506557028 0.9082880658364424 0.908426981017182 0.9085658961979216 0.9087048113786611 0.9086180980197643 0.9082901826502648 0.9079622672807649 0.9076343519112654 0.9073064365417659 0.9069785211722664 0.9066506058027669 0.9063226904332674 0.905994775063768 0.9056668596942685 0.905338944324769 0.9050110289552695 0.90468311358577 0.9043551982162705 0.9040272828467711 0.9036993674772711 0.9033714521077716 0.9030435367382721 0.9027156213687726 0.9023877059992731 0.9020597906297737 0.9017318752602742 0.9014039598907747 0.9010760445212752 0.9007481291517757 0.9004202137822762 0.9000922984127768 0.8997643830432773 0.8994364676737773 0.8991085523042778
0.9069092091529972 0.9070760603188832 0.9072429114847691 0.9074097626506553 0.9075766138165413 0.9077434649824272 0.9079103161483132 0.9080771673141991 0.9082440184800851 0.908410869645971 0.908577720811857 0.9087445719777428 0.9089114231436288 0.9090782743095147 0.9090036942738556 0.9086710188246964 0.9083383433755364 0.9080056679263772 0.9076729924772179 0.9073403170280586 0.9070076415788992 0.90667496612974 0.9063422906805807 0.9060096152314214 0.905676939782262 0.9053442643331028 0.9050115888839435 0.9046789134347842 0.9043462379856249 0.904013562536465 0.9036808870873058 0.9033482116381465 0.9030155361889871 0.9026828607398278 0.9023501852906686 0.9020175098415093 0.9016848343923499 0.9013521589431907 0.9010194834940314 0.9006868080448721 0.9003541325957127 0.9000214571465535 0.8996887816973936 0.8993561062482343
0.9069195042769482 0.9071142914279805 0.9073090785790128 0.9075038657300455 0.9076986528810778 0.90789344003211 0.9080882271831423 0.9082830143341746 0.908477801485207 0.9086725886362392 0.9088673757872715 0.9090621629383038 0.9092569500893362 0.9094517372403684 0.909389290527947 0.9090518549991279 0.9087144194703082 0.908376983941489 0.90803954841267 0.9077021128838508 0.9073646773550317 0.9070272418262126 0.9066898062973935 0.9063523707685743 0.9060149352397553 0.9056774997109361 0.905340064182117 0.905002628653298 0.9046651931244788 0.9043277575956591 0.90399032206684 0.9036528865380209 0.9033154510092017 0.9029780154803827 0.9026405799515635 0.9023031444227444 0.9019657088939254 0.9016282733651062 0.901290837836287 0.900953402307468 0.9006159667786489 0.9002785312498297 0.8999410957210101 0.899603660192191
0.9069297994008992 0.9071525225370778 0.9073752456732564 0.9075979688094356 0.9078206919456142 0.9080434150817928 0.9082661382179714 0.9084888613541501 0.9087115844903287 0.9089343076265074 0.9091570307626861 0.9093797538988647 0.9096024770350434 0.909825200171222 0.9097748867820382 0.9094326911735593 0.9090904955650798 0.9087482999566009 0.908406104348122 0.908063908739643 0.9077217131311641 0.9073795175226851 0.9070373219142062 0.9066951263057272 0.9063529306972483 0.9060107350887694 0.9056685394802905 0.9053263438718115 0.9049841482633326 0.9046419526548531 0.9042997570463742 0.9039575614378953 0.9036153658294163 0.9032731702209373 0.9029309746124584 0.9025887790039795 0.9022465833955006 0.9019043877870216 0.9015621921785427 0.9012199965700638 0.9008778009615849 0.900535605353106 0.9001934097446264 0.8998512141361474
0.9069400945248501 0.9071907536461752 0.9074414127675002 0.9076920718888256 0.9079427310101507 0.9081933901314757 0.9084440492528008 0.9086947083741258 0.9089453674954507 0.9091960266167758 0.9094466857381008 0.9096973448594259 0.9099480039807508 0.9101986631020759 0.9101604830361298 0.909813527347991 0.9094665716598518 0.909119615971713 0.9087726602835742 0.9084257045954355 0.9080787489072967 0.907731793219158 0.9073848375310192 0.9070378818428805 0.9066909261547417 0.906343970466603 0.9059970147784642 0.9056500590903255 0.9053031034021867 0.9049561477140473 0.9046091920259086 0.9042622363377698 0.9039152806496311 0.9035683249614923 0.9032213692733536 0.9028744135852148 0.9025274578970761 0.9021805022089373 0.9018335465207986 0.9014865908326598 0.9011396351445211 0.9007926794563823 0.900445723768243 0.9000987680801043
0.9069503896488011 0.9072289847552725 0.9075075798617439 0.9077861749682158 0.9080647700746871 0.9083433651811585 0.9086219602876299 0.9089005553941013 0.9091791505005726 0.9094577456070441 0.9097363407135154 0.9100149358199868 0.9102935309264581 0.9105721260329296 0.9105460792902212 0.9101943635224227 0.9098426477546234 0.9094909319868248 0.9091392162190263 0.9087875004512277 0.9084357846834292 0.9080840689156306 0.9077323531478321 0.9073806373800335 0.9070289216122349 0.9066772058444363 0.9063254900766378 0.9059737743088392 0.9056220585410406 0.9052703427732415 0.9049186270054429 0.9045669112376443 0.9042151954698457 0.9038634797020472 0.9035117639342486 0.90316004816645 0.9028083323986514 0.9024566166308529 0.9021049008630543 0.9017531850952557 0.9014014693274572 0.9010497535596587 0.9006980377918594 0.9003463220240608
0.906960684772752 0.9072672158643698 0.9075737469559876 0.9078802780476057 0.9081868091392236 0.9084933402308413 0.908799871322459 0.9091064024140767 0.9094129335056945 0.9097194645973122 0.91002599568893 0.9103325267805477 0.9106390578721655 0.9109455889637832 0.9109316755443124 0.9105751996968541 0.9102187238493951 0.9098622480019367 0.9095057721544783 0.9091492963070199 0.9087928204595616 0.9084363446121031 0.9080798687646447 0.9077233929171864 0.9073669170697279 0.9070104412222696 0.9066539653748112 0.9062974895273528 0.9059410136798944 0.9055845378324354 0.9052280619849771 0.9048715861375186 0.9045151102900603 0.9041586344426019 0.9038021585951435 0.9034456827476851 0.9030892069002268 0.9027327310527683 0.90237625520531 0.9020197793578516 0.9016633035103931 0.9013068276629348 0.9009503518154758 0.9005938759680174
0.9069709798967031 0.9073054469734672 0.9076399140502313 0.9079743811269959 0.90830884820376 0.9086433152805241 0.9089777823572882 0.9093122494340523 0.9096467165108164 0.9099811835875805 0.9103156506643446 0.9106501177411087 0.9109845848178728 0.9113190518946369 0.9113172717984038 0.9109560358712856 0.9105947999441668 0.9102335640170486 0.9098723280899303 0.9095110921628121 0.909149856235694 0.9087886203085758 0.9084273843814575 0.9080661484543393 0.9077049125272211 0.907343676600103 0.9069824406729847 0.9066212047458665 0.9062599688187483 0.9058987328916295 0.9055374969645112 0.905176261037393 0.9048150251102749 0.9044537891831567 0.9040925532560384 0.9037313173289202 0.903370081401802 0.9030088454746839 0.9026476095475656 0.9022863736204474 0.9019251376933292 0.9015639017662109 0.9012026658390921 0.9008414299119739
0.906981275020654 0.9073436780825644 0.9077060811444749 0.908068484206386 0.9084308872682965 0.9087932903302068 0.9091556933921173 0.9095180964540277 0.9098804995159382 0.9102429025778487 0.910605305639759 0.9109677087016695 0.91133011176358 0.9116925148254904 0.9117028680524951 0.911336872045717 0.9109708760389384 0.9106048800321603 0.9102388840253823 0.9098728880186043 0.9095068920118263 0.9091408960050483 0.9087748999982703 0.9084089039914922 0.9080429079847142 0.9076769119779362 0.9073109159711582 0.9069449199643802 0.9065789239576022 0.9062129279508235 0.9058469319440455 0.9054809359372674 0.9051149399304894 0.9047489439237114 0.9043829479169334 0.9040169519101554 0.9036509559033774 0.9032849598965993 0.9029189638898213 0.9025529678830433 0.9021869718762653 0.9018209758694873 0.9014549798627086 0.9010889838559306
0.906991570144605 0.9073819091916617 0.9077722482387186 0.908162587285776 0.9085529263328328 0.9089432653798897 0.9093336044269464 0.9097239434740032 0.9101142825210601 0.9105046215681168 0.9108949606151736 0.9112852996622304 0.9116756387092873 0.912065977756344 0.9120884643065863 0.9117177082201485 0.91134695213371 0.9109761960472722 0.9106054399608343 0.9102346838743965 0.9098639277879587 0.9094931717015208 0.909122415615083 0.9087516595286451 0.9083809034422073 0.9080101473557695 0.9076393912693317 0.9072686351828938 0.9068978790964559 0.9065271230100175 0.9061563669235796 0.9057856108371418 0.9054148547507039 0.9050440986642662 0.9046733425778283 0.9043025864913905 0.9039318304049526 0.9035610743185147 0.903190318232077 0.9028195621456391 0.9024488060592013 0.9020780499727634 0.901707293886325 0.9013365377998871
0.907001865268556 0.9074201403007591 0.9078384153329623 0.9082566903651661 0.9086749653973692 0.9090932404295725 0.9095115154617757 0.9099297904939788 0.910348065526182 0.9107663405583851 0.9111846155905883 0.9116028906227914 0.9120211656549946 0.9124394406871977 0.9124740605606777 0.91209854439458 0.9117230282284817 0.9113475120623841 0.9109719958962864 0.9105964797301888 0.9102209635640911 0.9098454473979934 0.9094699312318958 0.9090944150657981 0.9087188988997005 0.9083433827336028 0.9079678665675052 0.9075923504014075 0.9072168342353099 0.9068413180692115 0.9064658019031139 0.9060902857370162 0.9057147695709186 0.9053392534048209 0.9049637372387233 0.9045882210726256 0.9042127049065279 0.9038371887404303 0.9034616725743326 0.903086156408235 0.9027106402421373 0.9023351240760397 0.9019596079099413 0.9015840917438437
0.9070121603925069 0.9074583714098564 0.907904582427206 0.9083507934445563 0.9087970044619058 0.9092432154792554 0.9096894264966049 0.9101356375139544 0.910581848531304 0.9110280595486535 0.911474270566003 0.9119204815833526 0.9123666926007021 0.9128129036180517 0.9128596568147692 0.9124793805690118 0.9120991043232537 0.9117188280774962 0.9113385518317387 0.9109582755859812 0.9105779993402238 0.9101977230944663 0.9098174468487088 0.9094371706029514 0.9090568943571938 0.9086766181114364 0.9082963418656789 0.9079160656199214 0.9075357893741639 0.9071555131284058 0.9067752368826484 0.9063949606368908 0.9060146843911334 0.9056344081453759 0.9052541318996185 0.904873855653861 0.9044935794081035 0.9041133031623461 0.9037330269165885 0.9033527506708311 0.9029724744250736 0.9025921981793161 0.902211921933558 0.9018316456878005
0.9070224555164579 0.9074966025189538 0.9079707495214497 0.9084448965239463 0.9089190435264423 0.9093931905289382 0.9098673375314341 0.9103414845339299 0.9108156315364259 0.9112897785389218 0.9117639255414176 0.9122380725439135 0.9127122195464095 0.9131863665489053 0.9132452530688606 0.9128602167434433 0.9124751804180253 0.9120901440926081 0.9117051077671908 0.9113200714417735 0.9109350351163562 0.9105499987909389 0.9101649624655216 0.9097799261401043 0.909394889814687 0.9090098534892697 0.9086248171638525 0.9082397808384352 0.9078547445130178 0.9074697081875999 0.9070846718621826 0.9066996355367652 0.9063145992113479 0.9059295628859306 0.9055445265605134 0.9051594902350961 0.9047744539096788 0.9043894175842615 0.9040043812588442 0.9036193449334269 0.9032343086080096 0.9028492722825923 0.9024642359571744 0.9020791996317571
