Figures/CREST_Example_wjb_NSE/PETs/wjb.pet.20100627.asc
ncols            288
nrows            254
xllcorner        113.274861
yllcorner        31.4918055
cellsize         0.008333333333
NODATA_value     -9999
[rows 200 to 219 of 254, columns 88 to 131 of 288]
2.3958659535734017 2.3921460666387366 2.388426179704071 2.3847062927693994 2.380986405834734 2.3772665189000683 2.373546631965403 2.3698267450307373 2.366106858096072 2.3623869711614063 2.358667084226741 2.3549471972920757 2.35122731035741 2.3475074234227447 2.344720095655388 2.342929694724165 2.3411392937929385 2.339348892861715 2.3375584919304915 2.3357680909992684 2.333977690068045 2.3321872891368214 2.330396888205598 2.3286064872743744 2.3268160863431513 2.325025685411928 2.3232352844807043 2.3214448835494808 2.3196544826182572 2.317864081687031 2.3160736807558076 2.314283279824584 2.3124928788933605 2.310702477962137 2.308912077030914 2.3071216760996904 2.305331275168467 2.3035408742372434 2.30175047330602 2.299960072374797 2.2981696714435733 2.29637927051235 2.294588869581123 2.2927984686498997
2.4042889023972442 2.400473224220759 2.3966575460442736 2.392841867867782 2.3890261896912963 2.385210511514811 2.3813948333383257 2.37757915516184 2.3737634769853546 2.3699477988088695 2.366132120632384 2.3623164424558984 2.3585007642794134 2.354685086102928 2.3517535345483456 2.349767134343739 2.3477807341391297 2.3457943339345233 2.343807933729917 2.3418215335253105 2.3398351333207046 2.337848733116098 2.335862332911492 2.3338759327068854 2.3318895325022795 2.329903132297673 2.3279167320930667 2.3259303318884603 2.3239439316838544 2.3219575314792444 2.319971131274638 2.317984731070032 2.3159983308654257 2.3140119306608193 2.312025530456213 2.310039130251607 2.3080527300470006 2.3060663298423942 2.304079929637788 2.302093529433182 2.3001071292285755 2.298120729023969 2.2961343288193596 2.2941479286147533
2.4127118512210872 2.4088003818027817 2.4048889123844766 2.4009774429661643 2.397065973547859 2.3931545041295537 2.3892430347112485 2.385331565292943 2.381420095874638 2.3775086264563323 2.3735971570380268 2.3696856876197216 2.365774218201416 2.361862748783111 2.3587869734413025 -9999.0 -9999.0 -9999.0 2.3500573755293424 2.347874976051353 2.3456925765733643 2.343510177095375 2.3413277776173858 2.339145378139397 2.3369629786614077 2.3347805791834184 2.3325981797054296 2.3304157802274403 2.328233380749451 2.3260509812714583 2.3238685817934694 2.32168618231548 2.319503782837491 2.317321383359502 2.315138983881513 2.3129565844035236 2.3107741849255343 2.3085917854475455 2.3064093859695562 2.304226986491567 2.302044587013578 2.299862187535589 2.297679788057596 2.295497388579607
2.4211348000449298 2.4171275393848046 2.413120278724679 2.4091130180645473 2.4051057574044217 2.4010984967442965 2.397091236084171 2.393083975424046 2.3890767147639207 2.385069454103795 2.38106219344367 2.3770549327835444 2.3730476721234193 2.3690404114632937 2.36582041233426 -9999.0 -9999.0 -9999.0 -9999.0 2.3539284185773957 2.351550019826024 -9999.0 2.34679322232328 2.344414823571908 2.342036424820536 2.339658026069164 2.337279627317792 2.3349012285664204 2.332522829815048 2.330144431063672 2.3277660323123004 2.3253876335609283 2.323009234809556 2.3206308360581844 2.3182524373068123 2.3158740385554406 2.3134956398040685 2.3111172410526963 2.3087388423013246 2.3063604435499525 2.303982044798581 2.3016036460472087 2.2992252472958326 2.296846848544461
2.4295577488687763 2.4254546969668307 2.4213516450648855 2.4172485931629333 2.413145541260988 2.4090424893590425 2.4049394374570974 2.4008363855551518 2.3967333336532066 2.3926302817512615 2.388527229849316 2.3844241779473707 2.3803211260454256 2.37621807414348 -9999.0 -9999.0 -9999.0 -9999.0 -9999.0 -9999.0 -9999.0 -9999.0 -9999.0 2.3496842690044213 2.3471098709796667 2.3445354729549117 2.3419610749301567 2.339386676905402 2.336812278880647 2.3342378808558877 2.331663482831133 2.329089084806378 2.326514686781623 2.323940288756868 2.3213658907321135 2.3187914927073585 2.3162170946826035 2.3136426966578485 2.311068298633094 2.308493900608339 2.305919502583584 2.3033451045588293 2.30077070653407 2.298196308509315
2.437980697692619 2.4337818545488537 2.4295830114050885 2.4253841682613158 2.4211853251175506 2.4169864819737854 2.4127876388300202 2.4085887956862546 2.4043899525424894 2.4001911093987243 2.395992266254959 2.391793423111194 2.3875945799674283 2.383395736823663 -9999.0 -9999.0 -9999.0 -9999.0 -9999.0 -9999.0 -9999.0 -9999.0 -9999.0 -9999.0 2.352183317138795 2.349412919840657 2.3466425225425196 2.3438721252443817 2.3411017279462443 2.3383313306481015 2.335560933349964 2.332790536051826 2.3300201387536883 2.327249741455551 2.324479344157413 2.321708946859275 2.3189385495611377 2.3161681522629998 2.313397754964862 2.3106273576667244 2.3078569603685866 2.305086563070449 2.3023161657723064 2.299545768474169
2.4464036465164614 2.442109012130876 2.437814377745291 2.4335197433596987 2.4292251089741135 2.4249304745885283 2.4206358402029426 2.4163412058173575 2.4120465714317723 2.407751937046187 2.403457302660602 2.3991626682750167 2.3948680338894315 2.3905733995038463 2.3869207290131342 -9999.0 -9999.0 -9999.0 -9999.0 -9999.0 -9999.0 -9999.0 -9999.0 -9999.0 2.3572567632979236 2.354290366726403 2.351323970154882 2.3483575735833617 2.345391177011841 2.3424247804403153 2.339458383868795 2.3364919872972743 2.333525590725754 2.330559194154233 2.327592797582713 2.324626401011192 2.3216600044396714 2.318693607868151 2.3157272112966303 2.31276081472511 2.309794418153589 2.306828021582069 2.3038616250105433 2.3008952284390225
2.454826595340308 2.4504361697129027 2.4460457440854975 2.4416553184580847 2.4372648928306795 2.4328744672032743 2.428484041575869 2.424093615948464 2.4197031903210586 2.4153127646936534 2.410922339066248 2.406531913438843 2.4021414878114378 2.3977510621840326 2.3939541679060943 -9999.0 -9999.0 -9999.0 -9999.0 -9999.0 -9999.0 -9999.0 -9999.0 -9999.0 -9999.0 2.3591678136121503 2.356005417767247 2.3528430219223435 2.34968062607744 2.346518230232531 2.3433558343876277 2.340193438542724 2.3370310426978205 2.3338686468529173 2.3307062510080137 2.32754385516311 2.3243814593182064 2.321219063473303 2.3180566676283996 2.314894271783496 2.3117318759385928 2.308569480093689 2.30540708424878 2.302244688403877
2.4620434732993863 2.4576893160688664 2.453335158838346 2.4489810016078186 2.4446268443772987 2.4402726871467784 2.4359185299162585 2.431564372685738 2.427210215455218 2.422856058224698 2.418501900994178 2.4141477437636576 2.4097935865331377 2.4054394293026173 2.401673758296866 -9999.0 -9999.0 -9999.0 -9999.0 -9999.0 -9999.0 -9999.0 -9999.0 -9999.0 -9999.0 -9999.0 -9999.0 -9999.0 -9999.0 2.3546252694204126 2.3514887034953165 2.3483521375702203 2.345215571645124 2.342079005720028 2.338942439794932 2.3358058738698357 2.3326693079447396 2.3295327420196434 2.3263961760945473 2.323259610169451 2.320123044244355 2.316986478319259 2.3138499123941574 2.3107133464690612
2.4679711375198963 2.4637944121166226 2.459617686713349 2.4554409613100683 2.4512642359067947 2.447087510503521 2.4429107851002474 2.4387340596969733 2.4345573342936997 2.430380608890426 2.4262038834871524 2.422027158083879 2.417850432680605 2.4136737072773315 2.4101268013922548 -9999.0 -9999.0 -9999.0 -9999.0 -9999.0 -9999.0 -9999.0 -9999.0 -9999.0 -9999.0 -9999.0 -9999.0 -9999.0 -9999.0 -9999.0 -9999.0 2.361275353546681 2.35840173896753 2.355528124388379 2.3526545098092284 2.3497808952300776 2.346907280650927 2.344033666071776 2.341160051492625 2.3382864369134744 2.335412822334323 2.3325392077551723 2.3296655931760166 2.326791978596866
2.4738988017404084 2.4698995081643815 2.465900214588354 2.46190092101232 2.4579016274362933 2.453902333860266 2.449903040284239 2.4459037467082116 2.4419044531321847 2.4379051595561574 2.4339058659801305 2.429906572404103 2.425907278828076 2.421907985252049 2.418579844487647 -9999.0 -9999.0 -9999.0 -9999.0 -9999.0 -9999.0 -9999.0 -9999.0 -9999.0 -9999.0 -9999.0 -9999.0 -9999.0 -9999.0 -9999.0 -9999.0 2.3741985695231467 2.371587906289941 2.3689772430567357 2.3663665798235303 2.363755916590325 2.3611452533571193 2.3585345901239143 2.355923926890709 2.3533132636575034 2.350702600424298 2.3480919371910924 2.3454812739578825 2.3428706107246775
2.4798264659609184 2.4760046042121377 2.4721827424633567 2.46836088071457 2.4645390189657888 2.460717157217008 2.4568952954682275 2.453073433719447 2.4492515719706662 2.445429710221885 2.4416078484731045 2.437785986724324 2.4339641249755433 2.4301422632267626 -9999.0 -9999.0 -9999.0 -9999.0 -9999.0 -9999.0 -9999.0 -9999.0 -9999.0 -9999.0 -9999.0 -9999.0 -9999.0 -9999.0 -9999.0 -9999.0 2.389469497386867 2.3871217854996067 2.3847740736123466 2.3824263617250865 2.3800786498378264 2.3777309379505667 2.3753832260633065 2.3730355141760464 2.3706878022887863 2.368340090401526 2.365992378514266 2.3636446666270063 2.361296954739742 2.358949242852482
2.485754130181428 2.482109700259894 2.4784652703383596 2.474820840416819 2.4711764104952847 2.4675319805737503 2.4638875506522164 2.460243120730682 2.4565986908091477 2.4529542608876134 2.449309830966079 2.445665401044545 2.4420209711230108 2.4383765412014764 -9999.0 -9999.0 -9999.0 -9999.0 -9999.0 -9999.0 -9999.0 -9999.0 -9999.0 -9999.0 -9999.0 -9999.0 -9999.0 -9999.0 -9999.0 -9999.0 2.4021297620173816 2.4000450014760673 2.3979602409347525 2.3958754803934377 2.393790719852123 2.391705959310808 2.3896211987694933 2.3875364382281785 2.3854516776868637 2.3833669171455494 2.3812821566042346 2.37919739606292 2.3771126355216015 2.3750278749802867
2.4916817944019405 2.488214796307653 2.484747798213365 2.4812808001190714 2.4778138020247837 2.4743468039304957 2.470879805836208 2.4674128077419204 2.4639458096476328 2.4604788115533447 2.457011813459057 2.4535448153647694 2.450077817270482 2.4466108191761937 -9999.0 -9999.0 -9999.0 -9999.0 -9999.0 -9999.0 -9999.0 -9999.0 -9999.0 -9999.0 -9999.0 -9999.0 -9999.0 -9999.0 2.4184336450386437 2.4166118358432715 2.414790026647902 2.4129682174525326 2.4111464082571636 2.409324599061794 2.4075027898664247 2.4056809806710557 2.4038591714756863 2.402037362280317 2.400215553084948 2.3983937438895784 2.396571934694209 2.39475012549884 2.3929283163034674 2.391106507108098
2.4976094586224504 2.494319892355409 2.4910303260883677 2.4877407598213206 2.4844511935542792 2.4811616272872383 2.477872061020197 2.4745824947531556 2.4712929284861143 2.468003362219073 2.4647137959520315 2.46142422968499 2.4581346634179493 -9999.0 -9999.0 -9999.0 -9999.0 -9999.0 -9999.0 -9999.0 -9999.0 -9999.0 -9999.0 -9999.0 -9999.0 -9999.0 -9999.0 -9999.0 2.4305680069772677 2.429009149127841 2.4274502912784173 2.425891433428993 2.424332575579569 2.4227737177301454 2.4212148598807213 2.419656002031297 2.4180971441818735 2.4165382863324494 2.4149794284830253 2.413420570633601 2.4118617127841775 2.4103028549347534 2.4087439970853266 2.407185139235903
2.5035371228429604 2.5004249884031653 2.4973128539633707 2.4942007195235703 2.4910885850837756 2.4879764506439805 2.484864316204186 2.481752181764391 2.478640047324596 2.475527912884801 2.4724157784450065 2.4693036440052114 -9999.0 -9999.0 -9999.0 -9999.0 -9999.0 -9999.0 -9999.0 -9999.0 -9999.0 -9999.0 -9999.0 -9999.0 -9999.0 -9999.0 -9999.0 -9999.0 2.4427023689158918 2.4414064624124108 2.440110555908932 2.4388146494054537 2.437518742901975 2.436222836398496 2.434926929895018 2.433631023391539 2.4323351168880603 2.4310392103845815 2.429743303881103 2.4284473973776244 2.4271514908741456 2.425855584370667 2.4245596778671863 2.4232637713637075
2.50946478706347 2.5065300844509215 2.503595381838373 2.5006606792258195 2.497725976613271 2.4947912740007228 2.4918565713881744 2.488921868775626 -9999.0 -9999.0 -9999.0 -9999.0 -9999.0 -9999.0 -9999.0 -9999.0 -9999.0 -9999.0 -9999.0 -9999.0 -9999.0 -9999.0 -9999.0 -9999.0 -9999.0 -9999.0 -9999.0 -9999.0 -9999.0 2.45380377569698 2.4527708205394467 2.4517378653819133 2.4507049102243803 2.449671955066847 2.4486389999093134 2.44760604475178 2.446573089594247 2.4455401344367136 2.44450717927918 2.4434742241216467 2.4424412689641137 2.4414083138065803 2.440375358649045 2.4393424034915117
2.515392451283982 2.5126351804986804 2.5098779097133783 2.507120638928072 2.5043633681427697 2.501606097357468 2.498848826572166 2.496091555786864 -9999.0 -9999.0 -9999.0 -9999.0 -9999.0 -9999.0 -9999.0 -9999.0 -9999.0 -9999.0 -9999.0 -9999.0 -9999.0 -9999.0 -9999.0 -9999.0 -9999.0 -9999.0 -9999.0 -9999.0 -9999.0 2.4662010889815553 2.4654310851699672 2.4646610813583796 2.4638910775467915 2.463121073735204 2.4623510699236157 2.461581066112028 2.46081106230044 2.4600410584888524 2.4592710546772643 2.4585010508656766 2.4577310470540885 2.456961043242501 2.4561910394309114 2.455421035619324
2.521320115504492 2.5187402765464366 2.5161604375883813 2.5135805986303215 -9999.0 2.5084209207142103 -9999.0 -9999.0 -9999.0 -9999.0 -9999.0 -9999.0 -9999.0 -9999.0 -9999.0 -9999.0 -9999.0 -9999.0 -9999.0 -9999.0 -9999.0 -9999.0 -9999.0 -9999.0 -9999.0 -9999.0 -9999.0 -9999.0 -9999.0 -9999.0 -9999.0 2.4775842973348396 2.4770772448691973 2.4765701924035546 2.4760631399379123 2.4755560874722695 2.475049035006627 2.4745419825409845 2.474034930075342 2.4735278776096994 2.4730208251440566 2.4725137726784143 2.4720067202127707 2.4714996677471284
2.527247779725002 2.524845372594193 2.5224429654633838 2.5200405583325707 -9999.0 -9999.0 -9999.0 -9999.0 -9999.0 -9999.0 -9999.0 -9999.0 -9999.0 -9999.0 -9999.0 -9999.0 -9999.0 -9999.0 -9999.0 -9999.0 -9999.0 -9999.0 -9999.0 -9999.0 -9999.0 -9999.0 -9999.0 -9999.0 -9999.0 -9999.0 -9999.0 2.4905075133112997 2.4902634121916027 2.4900193110719053 2.4897752099522084 2.489531108832511 2.4892870077128135 2.4890429065931166 2.488798805473419 2.488554704353722 2.4883106032340248 2.4880665021143273 2.48782240099463 2.4875782998749325
