Figures/CREST_Example_wjb_NSE/PETs/wjb.pet.20090328.asc
ncols            288
nrows            254
xllcorner        113.274861
yllcorner        31.4918055
cellsize         0.008333333333
NODATA_value     -9999
[rows 120 to 139 of 254, columns 132 to 175 of 288]
1.0483618546266897 1.050848772776321 1.053335690925952 1.0558226090755831 1.058309527225214 1.0607964453748453 1.0632833635244765 1.0657702816741075 1.0682571998237387 1.0707441179733697 1.0732310361230009 1.0757179542726363 1.0782048724222673 1.0806917905718985 1.0831787087215297 1.0856656268711606 1.0881525450207918 1.090639463170423 1.093126381320054 1.0956132994696852 1.0981002176193162 1.1005871357689474 1.1030740539185786 1.1055609720682096 1.108047890217845 1.1105348083674762 1.1130217265171072 1.1155086446667384 1.1179955628163696 1.1204824809660006 1.1221803208261565 1.1230346181447535 1.1238889154633505 1.1247432127819474 1.1255975101005447 1.1264518074191416 1.1273061047377386 1.1281604020563372 1.1290146993749341 1.1298689966935311 1.1307232940121281 1.131577591330725 1.132431888649322 1.133286185967919
1.0455044498012227 1.0480123570126358 1.050520264224049 1.0530281714354621 1.0555360786468753 1.0580439858582884 1.0605518930697015 1.0630598002811147 1.0655677074925278 1.068075614703941 1.070583521915354 1.0730914291267717 1.0755993363381848 1.078107243549598 1.0806151507610111 1.0831230579724243 1.0856309651838374 1.0881388723952505 1.0906467796066637 1.0931546868180768 1.09566259402949 1.098170501240903 1.1006784084523162 1.1031863156637294 1.1056942228751467 1.1082021300865599 1.110710037297973 1.1132179445093862 1.1157258517207993 1.1182337589322124 1.1199628341217163 1.1208593202614743 1.1217558064012325 1.1226522925409907 1.123548778680749 1.1244452648205072 1.1253417509602655 1.126238237100025 1.1271347232397833 1.1280312093795415 1.1289276955192997 1.129824181659058 1.1307206677988162 1.1316171539385742
1.0426470449757559 1.045175941248951 1.0477048375221463 1.0502337337953414 1.0527626300685364 1.0552915263417317 1.0578204226149268 1.060349318888122 1.0628782151613172 1.0654071114345123 1.0679360077077076 1.0704649039809069 1.0729938002541022 1.0755226965272973 1.0780515928004926 1.0805804890736876 1.0831093853468827 1.085638281620078 1.088167177893273 1.0906960741664682 1.0932249704396635 1.0957538667128586 1.0982827629860537 1.100811659259249 1.1033405555324485 1.1058694518056436 1.1083983480788386 1.110927244352034 1.113456140625229 1.115985036898424 1.1177453474172756 1.118684022378195 1.1196226973391143 1.1205613723000338 1.1215000472609533 1.1224387222218726 1.123377397182792 1.124316072143713 1.1252547471046324 1.1261934220655518 1.1271320970264713 1.1280707719873906 1.12900944694831 1.1299481219092293
1.039789640150289 1.0423395254852663 1.0448894108202433 1.0474392961552206 1.0499891814901978 1.052539066825175 1.055088952160152 1.0576388374951293 1.0601887228301066 1.0627386081650838 1.0652884935000608 1.0678383788350425 1.0703882641700195 1.0729381495049968 1.075488034839974 1.0780379201749513 1.0805878055099283 1.0831376908449055 1.0856875761798828 1.08823746151486 1.090787346849837 1.0933372321848143 1.0958871175197915 1.0984370028547688 1.1009868881897502 1.1035367735247275 1.1060866588597045 1.1086365441946817 1.111186429529659 1.1137363148646362 1.1155278607128354 1.116508724494916 1.1174895882769964 1.1184704520590771 1.1194513158411576 1.1204321796232382 1.1214130434053189 1.1223939071874012 1.1233747709694817 1.1243556347515622 1.125336498533643 1.1263173623157234 1.127298226097804 1.1282790898798847
1.0369322353248196 1.0395031097215788 1.042073984118338 1.0446448585150971 1.0472157329118565 1.0497866073086157 1.052357481705375 1.054928356102134 1.0574992304988933 1.0600701048956527 1.0626409792924119 1.0652118536891755 1.0677827280859347 1.0703536024826938 1.072924476879453 1.0754953512762122 1.0780662256729716 1.0806371000697308 1.08320797446649 1.0857788488632492 1.0883497232600083 1.0909205976567677 1.093491472053527 1.096062346450286 1.0986332208470497 1.101204095243809 1.103774969640568 1.1063458440373273 1.1089167184340867 1.1114875928308459 1.1133103740083927 1.1143334266116347 1.1153564792148765 1.1163795318181182 1.11740258442136 1.118425637024602 1.1194486896278437 1.1204717422310873 1.121494794834329 1.1225178474375708 1.1235409000408128 1.1245639526440545 1.1255870052472963 1.126610057850538
1.0340748304993528 1.0366666939578941 1.0392585574164352 1.0418504208749766 1.0444422843335177 1.047034147792059 1.0496260112506002 1.0522178747091415 1.0548097381676826 1.057401601626224 1.0599934650847653 1.062585328543311 1.0651771920018522 1.0677690554603934 1.0703609189189347 1.0729527823774758 1.0755446458360172 1.0781365092945583 1.0807283727530996 1.0833202362116408 1.085912099670182 1.0885039631287234 1.0910958265872646 1.093687690045806 1.0962795535043515 1.0988714169628928 1.101463280421434 1.1040551438799753 1.1066470073385164 1.1092388707970577 1.1110928873039525 1.1121581287283555 1.1132233701527585 1.1142886115771615 1.1153538530015645 1.1164190944259675 1.1174843358503705 1.1185495772747753 1.1196148186991783 1.1206800601235813 1.1217453015479844 1.1228105429723874 1.1238757843967904 1.1249410258211934
1.031217425673886 1.0338302781942093 1.0364431307145325 1.0390559832348558 1.041668835755179 1.0442816882755022 1.0468945407958254 1.0495073933161487 1.052120245836472 1.0547330983567953 1.0573459508771186 1.0599588033974463 1.0625716559177696 1.0651845084380929 1.0677973609584162 1.0704102134787392 1.0730230659990625 1.0756359185193858 1.078248771039709 1.0808616235600323 1.0834744760803556 1.086087328600679 1.0887001811210022 1.0913130336413255 1.0939258861616532 1.0965387386819763 1.0991515912022995 1.1017644437226228 1.1043772962429461 1.1069901487632694 1.108875400599512 1.109982830845076 1.1110902610906404 1.1121976913362046 1.1133051215817689 1.114412551827333 1.1155199820728972 1.1166274123184632 1.1177348425640274 1.1188422728095917 1.1199497030551557 1.12105713330072 1.1221645635462842 1.1232719937918483
1.028360020848419 1.0309938624305242 1.0336277040126296 1.0362615455947348 1.03889538717684 1.0415292287589453 1.0441630703410507 1.046796911923156 1.0494307535052612 1.0520645950873666 1.0546984366694718 1.0573322782515817 1.059966119833687 1.0625999614157922 1.0652338029978974 1.0678676445800028 1.070501486162108 1.0731353277442133 1.0757691693263187 1.078403010908424 1.0810368524905292 1.0836706940726346 1.0863045356547398 1.088938377236845 1.091572218818955 1.0942060604010602 1.0968399019831654 1.0994737435652708 1.102107585147376 1.1047414267294813 1.1066579138950716 1.1078075329617971 1.1089571520285224 1.110106771095248 1.1112563901619732 1.1124060092286985 1.113555628295424 1.1147052473621513 1.1158548664288765 1.117004485495602 1.1181541045623273 1.1193037236290528 1.1204533426957781 1.1216029617625036
1.0255026160229521 1.0281574466668395 1.0308122773107267 1.033467107954614 1.0361219385985014 1.0387767692423886 1.041431599886276 1.0440864305301631 1.0467412611740505 1.049396091817938 1.052050922461825 1.054705753105717 1.0573605837496043 1.0600154143934917 1.0626702450373788 1.0653250756812662 1.0679799063251536 1.0706347369690408 1.0732895676129282 1.0759443982568155 1.0785992289007027 1.08125405954459 1.0839088901884772 1.0865637208323646 1.0892185514762565 1.0918733821201438 1.094528212764031 1.0971830434079184 1.0998378740518058 1.102492704695693 1.1044404271906312 1.1056322350785177 1.1068240429664042 1.1080158508542908 1.1092076587421775 1.110399466630064 1.1115912745179506 1.1127830824058391 1.1139748902937257 1.1151666981816124 1.116358506069499 1.1175503139573855 1.118742121845272 1.1199339297331585
1.0226452111974853 1.0253210309031546 1.027996850608824 1.0306726703144933 1.0333484900201626 1.036024309725832 1.0387001294315013 1.0413759491371706 1.04405176884284 1.0467275885485092 1.0494034082541785 1.0520792279598525 1.0547550476655219 1.0574308673711912 1.0601066870768605 1.0627825067825298 1.0654583264881992 1.0681341461938685 1.0708099658995378 1.0734857856052071 1.0761616053108765 1.0788374250165458 1.081513244722215 1.0841890644278844 1.0868648841335582 1.0895407038392277 1.0922165235448968 1.0948923432505664 1.0975681629562355 1.100243982661905 1.1022229404861907 1.1034569371952385 1.1046909339042863 1.105924930613334 1.1071589273223819 1.1083929240314296 1.1096269207404774 1.1108609174495272 1.112094914158575 1.1133289108676228 1.1145629075766705 1.1157969042857183 1.117030900994766 1.1182648977038139
1.0197878063720183 1.0224846151394695 1.025181423906921 1.0278782326743723 1.0305750414418238 1.033271850209275 1.0359686589767263 1.0386654677441778 1.041362276511629 1.0440590852790803 1.0467558940465318 1.0494527028139877 1.052149511581439 1.0548463203488905 1.0575431291163417 1.0602399378837932 1.0629367466512445 1.0656335554186958 1.0683303641861472 1.0710271729535985 1.0737239817210498 1.0764207904885013 1.0791175992559525 1.081814408023404 1.08451121679086 1.0872080255583112 1.0899048343257625 1.092601643093214 1.0952984518606652 1.0979952606281167 1.1000054537817503 1.1012816393119593 1.1025578248421681 1.1038340103723772 1.1051101959025862 1.106386381432795 1.107662566963004 1.108938752493215 1.110214938023424 1.111491123553633 1.112767309083842 1.114043494614051 1.11531968014426 1.1165958656744688
1.016930401546549 1.0196481993757824 1.0223659972050159 1.025083795034249 1.0278015928634825 1.030519390692716 1.0332371885219493 1.0359549863511828 1.0386727841804162 1.0413905820096494 1.0441083798388828 1.046826177668121 1.0495439754973543 1.0522617733265878 1.0549795711558212 1.0576973689850544 1.0604151668142878 1.0631329646435212 1.0658507624727547 1.068568560301988 1.0712863581312213 1.0740041559604547 1.0767219537896882 1.0794397516189216 1.0821575494481597 1.0848753472773929 1.0875931451066263 1.0903109429358597 1.0930287407650932 1.0957465385943266 1.097787967077308 1.0991063414286781 1.1004247157800484 1.1017430901314185 1.1030614644827887 1.1043798388341588 1.105698213185529 1.1070165875369016 1.1083349618882716 1.109653336239642 1.110971710591012 1.1122900849423822 1.1136084592937523 1.1149268336451226
1.0140729967210822 1.0168117836120976 1.019550570503113 1.0222893573941285 1.0250281442851439 1.0277669311761592 1.0305057180671746 1.03324450495819 1.0359832918492056 1.038722078740221 1.0414608656312363 1.0441996525222563 1.046938439413272 1.0496772263042873 1.0524160131953026 1.055154800086318 1.0578935869773334 1.0606323738683487 1.0633711607593643 1.0661099476503797 1.068848734541395 1.0715875214324104 1.074326308323426 1.0770650952144414 1.0798038821054614 1.0825426689964768 1.0852814558874921 1.0880202427785077 1.090759029669523 1.0934978165605385 1.0955704803728676 1.0969310435453992 1.0982916067179305 1.0996521698904618 1.101012733062993 1.1023732962355246 1.103733859408056 1.1050944225805897 1.106454985753121 1.1078155489256523 1.1091761120981836 1.110536675270715 1.1118972384432464 1.1132578016157777
1.0112155918956152 1.0139753678484127 1.01673514380121 1.0194949197540075 1.0222546957068048 1.0250144716596024 1.0277742476123997 1.0305340235651972 1.0332937995179947 1.036053575470792 1.0388133514235895 1.0415731273763917 1.044332903329189 1.0470926792819866 1.0498524552347839 1.0526122311875814 1.0553720071403787 1.0581317830931762 1.0608915590459738 1.063651334998771 1.0664111109515686 1.069170886904366 1.0719306628571634 1.0746904388099607 1.077450214762763 1.0802099907155605 1.0829697666683578 1.0857295426211553 1.0884893185739528 1.0912490945267501 1.0933529936684272 1.0947557456621198 1.0961584976558123 1.0975612496495049 1.0989640016431974 1.10036675363689 1.1017695056305825 1.1031722576242775 1.10457500961797 1.1059777616116626 1.1073805136053552 1.1087832655990477 1.1101860175927403 1.1115887695864328
1.0083581870701483 1.0111389520847278 1.0139197170993073 1.0167004821138867 1.0194812471284662 1.0222620121430457 1.0250427771576252 1.0278235421722046 1.030604307186784 1.0333850722013636 1.036165837215943 1.0389466022305271 1.0417273672451066 1.044508132259686 1.0472888972742656 1.050069662288845 1.0528504273034245 1.055631192318004 1.0584119573325832 1.0611927223471627 1.0639734873617421 1.0667542523763216 1.069535017390901 1.0723157824054805 1.0750965474200647 1.0778773124346444 1.0806580774492236 1.083438842463803 1.0862196074783825 1.089000372492962 1.091135506963987 1.0925804477788406 1.0940253885936944 1.0954703294085482 1.0969152702234017 1.0983602110382555 1.0998051518531093 1.1012500926679656 1.1026950334828192 1.104139974297673 1.1055849151125268 1.1070298559273803 1.1084747967422341 1.109919737557088
1.0055007822446815 1.008302536321043 1.0111042903974046 1.013906044473766 1.0167077985501274 1.0195095526264888 1.0223113067028504 1.0251130607792118 1.0279148148555732 1.0307165689319349 1.0335183230082963 1.0363200770846626 1.039121831161024 1.0419235852373854 1.044725339313747 1.0475270933901084 1.0503288474664698 1.0531306015428312 1.0559323556191929 1.0587341096955543 1.0615358637719157 1.0643376178482773 1.0671393719246387 1.069941126001 1.0727428800773664 1.0755446341537278 1.0783463882300894 1.0811481423064508 1.0839498963828123 1.0867516504591737 1.0889180202595463 1.0904051498955614 1.0918922795315762 1.093379409167591 1.094866538803606 1.096353668439621 1.097840798075636 1.0993279277116534 1.1008150573476683 1.1023021869836833 1.1037893166196981 1.1052764462557132 1.106763575891728 1.1082507055277429
1.0026433774192145 1.005466120557358 1.0082888636955014 1.011111606833645 1.0139343499717886 1.0167570931099321 1.0195798362480755 1.022402579386219 1.0252253225243626 1.028048065662506 1.0308708088006495 1.0336935519387978 1.0365162950769413 1.0393390382150849 1.0421617813532282 1.0449845244913718 1.0478072676295154 1.050630010767659 1.0534527539058023 1.0562754970439459 1.0590982401820894 1.0619209833202328 1.0647437264583763 1.06756646959652 1.0703892127346681 1.0732119558728117 1.0760346990109553 1.0788574421490986 1.0816801852872422 1.0845029284253858 1.086700533555106 1.0882298520122822 1.0897591704694582 1.0912884889266343 1.0928178073838106 1.0943471258409867 1.0958764442981628 1.0974057627553415 1.0989350812125176 1.1004643996696937 1.1019937181268697 1.103523036584046 1.1050523550412221 1.1065816734983982
0.9997859725937452 1.0026297047936708 1.0054734369935963 1.0083171691935218 1.0111609013934475 1.014004633593373 1.0168483657932985 1.019692097993224 1.0225358301931495 1.025379562393075 1.0282232945930005 1.031067026792931 1.0339107589928567 1.0367544911927822 1.0395982233927077 1.0424419555926332 1.0452856877925587 1.0481294199924842 1.0509731521924097 1.0538168843923352 1.056660616592261 1.0595043487921865 1.062348080992112 1.0651918131920375 1.0680355453919679 1.0708792775918934 1.073723009791819 1.0765667419917444 1.0794104741916701 1.0822542063915956 1.0844830468506637 1.086054554129001 1.0876260614073385 1.0891975686856759 1.0907690759640132 1.0923405832423505 1.0939120905206878 1.0954835977990278 1.0970551050773651 1.0986266123557025 1.1001981196340398 1.1017696269123771 1.1033411341907144 1.1049126414690518
0.9969285677682783 0.9997932890299859 1.0026580102916935 1.005522731553401 1.0083874528151087 1.0112521740768161 1.0141168953385238 1.0169816166002312 1.019846337861939 1.0227110591236463 1.025575780385354 1.0284405016470664 1.0313052229087738 1.0341699441704815 1.037034665432189 1.0398993866938966 1.042764107955604 1.0456288292173117 1.0484935504790192 1.0513582717407268 1.0542229930024343 1.057087714264142 1.0599524355258494 1.062817156787557 1.0656818780492694 1.068546599310977 1.0714113205726845 1.0742760418343922 1.0771407630960996 1.0800054843578073 1.0822655601462232 1.0838792562457218 1.0854929523452204 1.0871066484447187 1.0887203445442173 1.0903340406437159 1.0919477367432144 1.0935614328427157 1.0951751289422142 1.0967888250417128 1.0984025211412112 1.1000162172407097 1.1016299133402083 1.103243609439707
0.9940711629428114 0.996956873266301 0.9998425835897906 1.0027282939132802 1.0056140042367698 1.0084997145602594 1.0113854248837488 1.0142711352072384 1.017156845530728 1.0200425558542177 1.0229282661777073 1.0258139765012018 1.0286996868246914 1.031585397148181 1.0344711074716706 1.03735681779516 1.0402425281186496 1.0431282384421392 1.0460139487656288 1.0488996590891184 1.051785369412608 1.0546710797360976 1.0575567900595872 1.0604425003830769 1.0633282107065714 1.066213921030061 1.0690996313535504 1.07198534167704 1.0748710520005296 1.0777567623240192 1.080048073441783 1.0817039583624426 1.0833598432831024 1.085015728203762 1.0866716131244218 1.0883274980450814 1.0899833829657413 1.0916392678864038 1.0932951528070636 1.0949510377277232 1.096606922648383 1.0982628075690426 1.0999186924897024 1.1015745774103622
