Figures/CREST_Example_wjb_NSE/PETs/wjb.pet.20091211.asc
ncols            288
nrows            254
xllcorner        113.274861
yllcorner        31.4918055
cellsize         0.008333333333
NODATA_value     -9999
[rows 95 to 113 of 254, columns 43 to 85 of 288]
0.376243257582874 0.37417264485544693 0.37210203212801984 0.3700314194005927 0.3679608066731656 0.36589019394573846 0.36381958121831137 0.3617489684908843 0.35967835576345714 0.3576077430360265 0.3555371303085994 0.3534665175811723 0.35139590485374517 0.3493252921263181 0.347254679398891 0.34518406667146384 0.34311345394403675 0.34104284121660966 0.3389722284891825 0.3369016157617554 0.3348310030343283 0.3327603903069012 0.33068977757947055 0.32861916485204345 0.3265485521246163 0.3244779393971892 0.32240732666976213 0.320336713942335 0.3182661012149079 0.3166534480688655 0.3155303640679841 0.31440728006710283 0.31328419606622154 0.31216111206534025 0.3110380280644589 0.30991494406357567 0.3087918600626944 0.3076687760618131 0.3065456920609318 0.30542260806005045 0.30429952405916916 0.30317644005828787 0.3020533560574066
0.3746744939622106 0.3726345730428188 0.37059465212342696 0.3685547312040352 0.3665148102846434 0.3644748893652516 0.36243496844585976 0.360395047526468 0.3583551266070762 0.3563152056876809 0.35427528476828907 0.3522353638488973 0.3501954429295055 0.3481555220101137 0.34611560109072187 0.3440756801713301 0.3420357592519383 0.3399958383325465 0.33795591741315467 0.3359159964937629 0.3338760755743711 0.3318361546549793 0.329796233735584 0.3277563128161922 0.3257163918968004 0.3236764709774086 0.3216365500580168 0.31959662913862497 0.3175567082192332 0.3159678196556497 0.3148610948764889 0.3137543700973281 0.3126476453181673 0.31154092053900656 0.31043419575984577 0.3093274709806831 0.3082207462015223 0.3071140214223615 0.3060072966432007 0.3049005718640399 0.30379384708487916 0.30268712230571837 0.3015803975265576
0.3731057303415471 0.3710965012301906 0.36908727211883413 0.3670780430074776 0.3650688138961211 0.36305958478476463 0.36105035567340815 0.35904112656205167 0.3570318974506952 0.35502266833933527 0.3530134392279788 0.3510042101166223 0.3489949810052658 0.3469857518939093 0.3449765227825528 0.3429672936711963 0.34095806455983985 0.33894883544848337 0.3369396063371269 0.33493037722577035 0.33292114811441387 0.3309119190030574 0.32890268989169746 0.326893460780341 0.3248842316689845 0.322875002557628 0.32086577344627154 0.31885654433491506 0.3168473152235586 0.31528219124243395 0.3141918256849937 0.3131014601275534 0.31201109457011317 0.31092072901267287 0.3098303634552326 0.3087399978977905 0.3076496323403502 0.30655926678290996 0.30546890122546966 0.3043785356680294 0.3032881701105891 0.3021978045531489 0.3011074389957086
0.37153696672088227 0.3695584294175611 0.36757989211423997 0.3656013548109188 0.3636228175075977 0.3616442802042765 0.3596657429009554 0.35768720559763423 0.3557086682943131 0.35373013099098854 0.3517515936876674 0.34977305638434625 0.3477945190810251 0.34581598177770395 0.3438374444743828 0.34185890717106165 0.3398803698677405 0.3379018325644193 0.3359232952610982 0.333944757957777 0.33196622065445586 0.3299876833511347 0.3280091460478102 0.326030608744489 0.3240520714411679 0.32207353413784673 0.3200949968345256 0.31811645953120443 0.3161379222278833 0.31459656282921766 0.3135225564934979 0.31244855015777817 0.3113745438220584 0.3103005374863387 0.309226531150619 0.3081525248148974 0.30707851847917766 0.3060045121434579 0.3049305058077382 0.3038564994720184 0.3027824931362987 0.30170848680057893 0.30063448046485924
0.3699682031002188 0.36802035760493296 0.3660725121096471 0.36412466661436127 0.36217682111907545 0.3602289756237896 0.35828113012850377 0.3563332846332179 0.3543854391379321 0.35243759364264293 0.35048974814735706 0.34854190265207124 0.3465940571567854 0.34464621166149956 0.34269836616621374 0.34075052067092787 0.33880267517564205 0.3368548296803562 0.33490698418507037 0.33295913868978455 0.3310112931944987 0.32906344769921286 0.32711560220392366 0.32516775670863785 0.32321991121335203 0.32127206571806616 0.31932422022278034 0.31737637472749447 0.31542852923220865 0.31391093441600193 0.31285328730200274 0.3117956401880035 0.3107379930740043 0.30968034596000504 0.30862269884600585 0.3075650517320048 0.3065074046180056 0.3054497575040064 0.30439211039000713 0.30333446327600794 0.3022768161620087 0.3012191690480095 0.30016152193401024
0.36839943947955534 0.3664822857923048 0.36456513210505426 0.3626479784178038 0.36073082473055323 0.3588136710433027 0.35689651735605216 0.3549793636688016 0.35306220998155113 0.3511450562942973 0.3492279026070468 0.34731074891979624 0.3453935952325457 0.3434764415452952 0.3415592878580447 0.33964213417079414 0.3377249804835436 0.33580782679629306 0.3338906731090426 0.33197351942179204 0.3300563657345415 0.32813921204729096 0.32622205836003715 0.32430490467278666 0.3223877509855361 0.3204705972982856 0.31855344361103505 0.31663628992378456 0.314719136236534 0.31322530600278625 0.31218401811050756 0.31114273021822886 0.3101014423259501 0.3090601544336714 0.3080188665413927 0.30697757864911224 0.30593629075683354 0.30489500286455484 0.3038537149722761 0.3028124270799974 0.3017711391877187 0.30072985129544 0.2996885634031613
0.36683067585889184 0.36494421397967663 0.36305775210046143 0.36117129022124617 0.35928482834203096 0.35739836646281575 0.35551190458360055 0.35362544270438534 0.35173898082517013 0.3498525189459517 0.34796605706673644 0.34607959518752124 0.34419313330830603 0.3423066714290908 0.3404202095498756 0.33853374767066036 0.33664728579144515 0.33476082391222994 0.33287436203301474 0.33098790015379953 0.3291014382745843 0.3272149763953691 0.32532851451615064 0.32344205263693543 0.3215555907577202 0.319669128878505 0.3177826669992898 0.3158962051200746 0.3140097432408594 0.3125396775895705 0.3115147489190124 0.3104898202484542 0.309464891577896 0.3084399629073378 0.30741503423677957 0.30639010556621965 0.30536517689566145 0.30434024822510325 0.3033153195545451 0.3022903908839869 0.3012654622134287 0.3002405335428705 0.2992156048723123
0.3652619122382284 0.3634061421670485 0.3615503720958686 0.35969460202468867 0.35783883195350874 0.35598306188232887 0.35412729181114894 0.35227152173996906 0.35041575166878913 0.3485599815976061 0.34670421152642616 0.3448484414552463 0.34299267138406636 0.34113690131288643 0.33928113124170656 0.3374253611705266 0.33556959109934675 0.3337138210281668 0.33185805095698695 0.330002280885807 0.32814651081462715 0.3262907407434472 0.3244349706722642 0.32257920060108425 0.3207234305299044 0.31886766045872444 0.3170118903875445 0.31515612031636464 0.3133003502451847 0.31185404917635484 0.31084547972751714 0.3098369102786795 0.30882834082984184 0.30781977138100414 0.3068112019321665 0.30580263248332706 0.3047940630344894 0.3037854935856517 0.30277692413681406 0.3017683546879764 0.3007597852391387 0.29975121579030106 0.29874264634146336
0.36369314861756485 0.3618680703544203 0.3600429920912757 0.3582179138281311 0.3563928355649865 0.3545677573018419 0.3527426790386973 0.35091760077555273 0.34909252251240813 0.3472674442492604 0.34544236598611583 0.34361728772297123 0.34179220945982663 0.33996713119668204 0.33814205293353744 0.33631697467039284 0.33449189640724825 0.3326668181441037 0.3308417398809591 0.3290166616178145 0.3271915833546699 0.3253665050915253 0.3235414268283776 0.321716348565233 0.3198912703020884 0.3180661920389438 0.3162411137757992 0.3144160355126546 0.31259095724951 0.31116842076313905 0.3101762105360219 0.30918400030890475 0.3081917900817876 0.30719957985467045 0.3062073696275533 0.3052151594004345 0.3042229491733173 0.3032307389462002 0.302238528719083 0.30124631849196587 0.3002541082648487 0.29926189803773157 0.29826968781061436
0.36212438499690136 0.3603299985417921 0.35853561208668283 0.3567412256315735 0.35494683917646425 0.353152452721355 0.3513580662662457 0.3495636798111364 0.34776929335602713 0.3459749069009148 0.3441805204458055 0.34238613399069623 0.34059174753558696 0.33879736108047764 0.3370029746253684 0.3352085881702591 0.3334142017151498 0.33161981526004053 0.32982542880493126 0.328031042349822 0.3262366558947127 0.3244422694396034 0.3226478829844911 0.3208534965293818 0.3190591100742725 0.31726472361916325 0.3154703371640539 0.31367595070894466 0.3118815642538354 0.3104827923499234 0.3095069413445267 0.30853109033913007 0.30755523933373347 0.3065793883283368 0.30560353732294016 0.3046276863175419 0.30365183531214524 0.3026759843067486 0.301700133301352 0.3007242822959553 0.29974843129055867 0.29877258028516207 0.2977967292797654
0.3605556213762366 0.35879192672916266 0.35702823208208867 0.35526453743501474 0.3535008427879408 0.3517371481408669 0.34997345349379294 0.34820975884671895 0.346446064199645 0.3446823695525681 0.3429186749054941 0.34115498025842017 0.33939128561134624 0.3376275909642723 0.3358638963171984 0.3341002016701244 0.33233650702305045 0.3305728123759765 0.3288091177289026 0.3270454230818286 0.32528172843475467 0.32351803378768074 0.3217543391406038 0.3199906444935299 0.3182269498464559 0.31646325519938195 0.314699560552308 0.3129358659052341 0.3111721712581601 0.30979716393670703 0.30883767215303093 0.3078781803693548 0.3069186885856787 0.3059591968020026 0.3049997050183265 0.3040402132346488 0.30308072145097265 0.30212122966729654 0.30116173788362044 0.30020224609994434 0.29924275431626823 0.29828326253259213 0.297323770748916
0.3589868577555731 0.35725385491653444 0.35552085207749584 0.3537878492384572 0.35205484639941853 0.35032184356037993 0.3485888407213413 0.3468558378823027 0.345122835043264 0.3433898322042224 0.3416568293651838 0.33992382652614517 0.33819082368710657 0.3364578208480679 0.33472481800902926 0.33299181516999066 0.331258812330952 0.3295258094919134 0.32779280665287475 0.32605980381383615 0.3243268009747975 0.32259379813575884 0.3208607952967173 0.31912779245767864 0.31739478961864 0.3156617867796014 0.31392878394056273 0.31219578110152413 0.3104627782624855 0.30911153552349135 0.30816840296153575 0.30722527039958014 0.3062821378376246 0.305339005275669 0.3043958727137134 0.3034527401517562 0.3025096075898006 0.301566475027845 0.30062334246588945 0.29968020990393385 0.29873707734197824 0.2977939447800227 0.2968508122180671
0.3574180941349096 0.3557157831039063 0.354013472072903 0.3523111610418997 0.35060885001089637 0.34890653897989304 0.3472042279488897 0.3455019169178864 0.3437996058868831 0.34209729485587687 0.34039498382487354 0.3386926727938702 0.3369903617628669 0.3352880507318636 0.33358573970086025 0.33188342866985693 0.3301811176388536 0.3284788066078503 0.32677649557684696 0.32507418454584364 0.3233718735148403 0.321669562483837 0.3199672514528308 0.31826494042182746 0.31656262939082414 0.3148603183598208 0.3131580073288175 0.31145569629781417 0.30975338526681084 0.3084259071102756 0.30749913377004057 0.30657236042980546 0.3056455870895704 0.30471881374933535 0.30379204040910024 0.30286526706886363 0.3019384937286285 0.30101172038839347 0.3000849470481584 0.2991581737079233 0.29823140036768825 0.2973046270274532 0.2963778536872181
0.3558493305142461 0.3541777112912781 0.35250609206831013 0.3508344728453421 0.3491628536223741 0.3474912343994061 0.34581961517643806 0.34414799595347007 0.3424763767305021 0.3408047575075312 0.3391331382845632 0.33746151906159516 0.33578989983862717 0.3341182806156592 0.3324466613926912 0.33077504216972314 0.32910342294675515 0.32743180372378716 0.3257601845008191 0.3240885652778511 0.32241694605488314 0.3207453268319151 0.31907370760894427 0.3174020883859762 0.31573046916300823 0.31405884994004024 0.3123872307170722 0.3107156114941042 0.3090439922711362 0.30774027869705994 0.3068298645785454 0.30591945046003083 0.30500903634151627 0.3040986222230017 0.30318820810448716 0.30227779398597104 0.3013673798674565 0.30045696574894193 0.29954655163042737 0.2986361375119128 0.29772572339339826 0.2968153092748837 0.29590489515636914
0.35428056689358267 0.35263963947864996 0.3509987120637173 0.3493577846487846 0.3477168572338519 0.34607592981891916 0.3444350024039865 0.3427940749890538 0.3411531475741211 0.3395122201591856 0.33787129274425287 0.3362303653293202 0.3345894379143875 0.3329485104994548 0.3313075830845221 0.3296666556695894 0.3280257282546567 0.326384800839724 0.3247438734247913 0.3231029460098586 0.3214620185949259 0.3198210911799932 0.3181801637650577 0.316539236350125 0.31489830893519233 0.3132573815202596 0.3116164541053269 0.3099755266903942 0.30833459927546153 0.30705465028384415 0.3061605953870501 0.3052665404902561 0.304372485593462 0.303478430696668 0.30258437579987396 0.3016903209030784 0.3007962660062844 0.29990221110949034 0.29900815621269633 0.29811410131590227 0.29722004641910826 0.2963259915223142 0.29543193662552014
0.3527118032729192 0.3511015676660218 0.3494913320591244 0.34788109645222703 0.34627086084532965 0.3446606252384322 0.34305038963153484 0.34144015402463745 0.3398299184177401 0.33821968281083997 0.3366094472039426 0.33499921159704515 0.3333889759901478 0.3317787403832504 0.330168504776353 0.32855826916945563 0.32694803356255825 0.32533779795566087 0.3237275623487635 0.3221173267418661 0.3205070911349687 0.31889685552807134 0.3172866199211712 0.3156763843142738 0.3140661487073764 0.31245591310047904 0.31084567749358166 0.3092354418866843 0.30762520627978684 0.3063690218706284 0.3054913261955549 0.3046136305204814 0.3037359348454079 0.3028582391703344 0.3019805434952609 0.3011028478201858 0.3002251521451123 0.2993474564700388 0.2984697607949653 0.2975920651198918 0.29671436944481827 0.2958366737697447 0.2949589780946712
0.35114303965225435 0.3495634958533923 0.34798395205453025 0.3464044082556682 0.34482486445680616 0.3432453206579441 0.34166577685908206 0.34008623306022 0.33850668926135796 0.33692714546249325 0.3353476016636312 0.33376805786476915 0.3321885140659071 0.33060897026704505 0.329029426468183 0.32744988266932096 0.3258703388704589 0.32429079507159686 0.3227112512727348 0.32113170747387276 0.3195521636750107 0.31797261987614867 0.3163930760772839 0.31481353227842185 0.3132339884795598 0.31165444468069775 0.3100749008818357 0.30849535708297365 0.3069158132841116 0.30568339345741213 0.3048220570040591 0.30396072055070616 0.30309938409735315 0.3022380476440002 0.3013767111906472 0.30051537473729273 0.29965403828393977 0.29879270183058676 0.29793136537723375 0.2970700289238808 0.2962086924705278 0.2953473560171748 0.2944860195638218
0.34957427603159086 0.34802542404076414 0.3464765720499374 0.34492772005911065 0.34337886806828394 0.34183001607745717 0.34028116408663045 0.33873231209580373 0.33718346010497696 0.3356346081141476 0.33408575612332087 0.33253690413249415 0.3309880521416674 0.32943920015084066 0.32789034816001394 0.3263414961691872 0.32479264417836046 0.3232437921875337 0.32169494019670697 0.32014608820588025 0.3185972362150535 0.31704838422422676 0.3154995322333974 0.31395068024257067 0.3124018282517439 0.3108529762609172 0.30930412427009046 0.3077552722792637 0.306206420288437 0.3049977650441964 0.30415278781256394 0.3033078105809315 0.302462833349299 0.30161785611766656 0.30077287888603405 0.29992790165440014 0.2990829244227677 0.2982379471911352 0.29739296995950276 0.2965479927278703 0.2957030154962378 0.2948580382646053 0.29401306103297287
0.34800551241092736 0.3464873522281359 0.34496919204534454 0.3434510318625531 0.34193287167976166 0.3404147114969702 0.33889655131417884 0.3373783911313874 0.33586023094859596 0.33434207076580197 0.33282391058301053 0.33130575040021915 0.3297875902174277 0.32826943003463627 0.3267512698518448 0.32523310966905344 0.323714949486262 0.32219678930347057 0.3206786291206791 0.31916046893788774 0.3176423087550963 0.31612414857230486 0.31460598838951087 0.31308782820671943 0.31156966802392805 0.3100515078411366 0.30853334765834517 0.30701518747555373 0.30549702729276235 0.3043121366309807 0.30348351862106876 0.3026549006111568 0.30182628260124483 0.3009976645913329 0.30016904658142096 0.29934042857150756 0.29851181056159565 0.2976831925516837 0.2968545745417717 0.29602595653185976 0.2951973385219478 0.2943687205120359 0.2935401025021239
