Figures/CREST_Example_wjb_NSE/PETs/wjb.pet.20100729.asc
ncols            288
nrows            254
xllcorner        113.274861
yllcorner        31.4918055
cellsize         0.008333333333
NODATA_value     -9999
[rows 160 to 179 of 254, columns 135 to 179 of 288]
4.248075988410538 4.247395466930423 4.246714945450309 4.246034423970194 4.245353902490079 4.244673381009964 4.243992859529849 4.2433123380497335 4.2426318165696175 4.241951295089502 4.241270773609387 4.240590252129272 4.239909730649157 4.239229209169042 4.238548687688928 4.237868166208813 4.237187644728698 4.2365071232485825 4.235826601768467 4.235146080288352 4.234465558808237 4.233785037328121 4.233104515848006 4.232423994367891 4.231743472887776 4.231062951407662 4.2303824299275465 4.229891001351843 4.229601717368516 4.229312433385188 4.229023149401861 4.228733865418534 4.228444581435207 4.22815529745188 4.227866013468552 4.227576729485225 4.227287445501897 4.22699816151857 4.226708877535243 4.226419593551916 4.226130309568588 4.225841025585261 4.225551741601934 4.225262457618607 4.224973173635279
4.25284244847522 4.252135958550883 4.251429468626546 4.25072297870221 4.250016488777872 4.249309998853535 4.2486035089291985 4.247897019004862 4.247190529080523 4.246484039156186 4.24577754923185 4.245071059307513 4.244364569383175 4.2436580794588386 4.242951589534502 4.242245099610165 4.241538609685828 4.240832119761491 4.240125629837154 4.239419139912817 4.23871264998848 4.238006160064142 4.237299670139805 4.236593180215468 4.235886690291131 4.235180200366794 4.234473710442457 4.233900186429786 4.233468805984569 4.233037425539353 4.232606045094136 4.23217466464892 4.231743284203702 4.231311903758486 4.230880523313268 4.230449142868052 4.230017762422835 4.229586381977619 4.229155001532402 4.228723621087185 4.228292240641968 4.227860860196752 4.227429479751535 4.226998099306319 4.226566718861102
4.257608908539901 4.256876450171343 4.256143991802784 4.255411533434225 4.254679075065666 4.253946616697108 4.253214158328548 4.252481699959989 4.25174924159143 4.2510167832228705 4.250284324854311 4.249551866485753 4.2488194081171935 4.248086949748635 4.247354491380076 4.246622033011517 4.245889574642958 4.2451571162744 4.2444246579058404 4.243692199537282 4.242959741168723 4.242227282800163 4.241494824431604 4.240762366063045 4.2400299076944865 4.239297449325927 4.238564990957368 4.237909371507729 4.237335894600623 4.236762417693517 4.23618894078641 4.235615463879304 4.235041986972198 4.234468510065092 4.233895033157985 4.233321556250879 4.232748079343773 4.232174602436666 4.2316011255295605 4.2310276486224545 4.2304541717153485 4.229880694808243 4.229307217901137 4.228733740994031 4.228160264086925
4.262375368604587 4.261616941791806 4.2608585149790255 4.2601000881662445 4.2593416613534645 4.2585832345406835 4.257824807727903 4.257066380915122 4.256307954102339 4.255549527289559 4.254791100476778 4.254032673663997 4.253274246851216 4.252515820038435 4.251757393225654 4.250998966412873 4.250240539600092 4.2494821127873115 4.248723685974531 4.2479652591617505 4.24720683234897 4.246448405536187 4.245689978723406 4.244931551910626 4.244173125097845 4.243414698285064 4.242656271472283 4.2419185565856745 4.241202983216679 4.240487409847684 4.239771836478687 4.239056263109692 4.2383406897406966 4.237625116371701 4.236909543002704 4.2361939696337085 4.235478396264713 4.234762822895717 4.234047249526721 4.233331676157726 4.232616102788731 4.231900529419735 4.231184956050739 4.230469382681743 4.229753809312748
4.267141828669269 4.266357433412266 4.265573038155264 4.26478864289826 4.264004247641258 4.263219852384255 4.2624354571272525 4.26165106187025 4.2608666666132455 4.260082271356243 4.2592978760992395 4.258513480842237 4.257729085585234 4.256944690328232 4.256160295071228 4.255375899814226 4.254591504557223 4.2538071093002205 4.253022714043218 4.2522383187862145 4.251453923529212 4.250669528272208 4.249885133015205 4.249100737758202 4.2483163425012 4.247531947244196 4.246747551987194 4.245927741663618 4.245070071832732 4.244212402001847 4.243354732170962 4.242497062340077 4.241639392509192 4.2407817226783076 4.239924052847421 4.239066383016536 4.23820871318565 4.237351043354765 4.236493373523881 4.235635703692996 4.234778033862111 4.233920364031225 4.23306269420034 4.232205024369455 4.2313473545385705
4.27190828873395 4.271097925032726 4.270287561331501 4.269477197630276 4.268666833929052 4.2678564702278265 4.267046106526602 4.266235742825377 4.265425379124151 4.264615015422927 4.263804651721702 4.262994288020477 4.2621839243192525 4.261373560618027 4.260563196916803 4.259752833215578 4.258942469514354 4.258132105813129 4.2573217421119045 4.256511378410679 4.255701014709455 4.254890651008228 4.254080287307004 4.253269923605779 4.252459559904555 4.25164919620333 4.250838832502105 4.24993692674156 4.2489371604487856 4.247937394156011 4.246937627863237 4.245937861570463 4.244938095277687 4.243938328984913 4.242938562692137 4.241938796399363 4.240939030106588 4.239939263813814 4.23893949752104 4.237939731228265 4.236939964935491 4.235940198642716 4.2349404323499416 4.233940666057167 4.232940899764393
4.276674748798633 4.275838416653186 4.275002084507739 4.2741657523622925 4.273329420216846 4.272493088071399 4.271656755925953 4.270820423780506 4.269984091635058 4.269147759489611 4.268311427344164 4.2674750951987175 4.266638763053271 4.265802430907825 4.264966098762378 4.264129766616931 4.263293434471485 4.262457102326038 4.261620770180591 4.260784438035144 4.2599481058896975 4.25911177374425 4.258275441598803 4.257439109453356 4.25660277730791 4.255766445162463 4.254930113017016 4.253946111819503 4.252804249064838 4.251662386310175 4.250520523555511 4.249378660800847 4.248236798046183 4.2470949352915195 4.245953072536854 4.24481120978219 4.2436693470275255 4.242527484272862 4.241385621518198 4.240243758763534 4.23910189600887 4.237960033254207 4.236818170499543 4.235676307744879 4.234534444990215
4.281441208863314 4.280578908273646 4.2797166076839765 4.278854307094308 4.27799200650464 4.277129705914971 4.276267405325303 4.275405104735634 4.274542804145963 4.273680503556295 4.272818202966627 4.271955902376958 4.271093601787289 4.2702313011976205 4.269369000607952 4.268506700018284 4.267644399428615 4.266782098838946 4.265919798249278 4.265057497659609 4.264195197069941 4.263332896480271 4.262470595890601 4.261608295300933 4.2607459947112645 4.259883694121596 4.259021393531927 4.257955296897445 4.256671337680892 4.255387378464339 4.254103419247786 4.252819460031232 4.251535500814679 4.250251541598126 4.24896758238157 4.247683623165017 4.246399663948464 4.24511570473191 4.243831745515357 4.242547786298804 4.241263827082251 4.2399798678656975 4.238695908649144 4.237411949432591 4.236127990216038
4.286207668927996 4.285319399894105 4.284431130860215 4.283542861826324 4.282654592792434 4.281766323758543 4.280878054724653 4.279989785690762 4.27910151665687 4.278213247622979 4.277324978589089 4.276436709555198 4.275548440521307 4.274660171487417 4.273771902453526 4.272883633419636 4.271995364385745 4.271107095351855 4.270218826317964 4.269330557284074 4.268442288250183 4.267554019216291 4.2666657501824 4.26577748114851 4.264889212114619 4.264000943080728 4.263112674046838 4.2619644819753875 4.260538426296945 4.259112370618502 4.2576863149400594 4.256260259261617 4.254834203583174 4.253408147904731 4.251982092226287 4.250556036547844 4.249129980869402 4.247703925190959 4.246277869512516 4.244851813834074 4.243425758155631 4.241999702477188 4.240573646798746 4.239147591120303 4.23772153544186
4.290974128992677 4.290059891514565 4.289145654036452 4.2882314165583395 4.287317179080227 4.286402941602114 4.285488704124003 4.28457446664589 4.283660229167776 4.282745991689663 4.2818317542115505 4.280917516733438 4.280003279255325 4.279089041777214 4.278174804299101 4.277260566820988 4.276346329342876 4.275432091864763 4.274517854386651 4.273603616908538 4.2726893794304255 4.271775141952312 4.270860904474199 4.269946666996087 4.269032429517974 4.268118192039862 4.267203954561749 4.265973667053331 4.2644055149129985 4.262837362772666 4.261269210632334 4.259701058492002 4.25813290635167 4.256564754211338 4.254996602071003 4.253428449930671 4.251860297790339 4.250292145650007 4.248723993509675 4.247155841369342 4.24558768922901 4.244019537088678 4.242451384948346 4.240883232808014 4.239315080667682
4.295740589057363 4.294800383135029 4.293860177212694 4.29291997129036 4.291979765368025 4.291039559445691 4.290099353523356 4.289159147601022 4.288218941678686 4.2872787357563515 4.286338529834017 4.285398323911682 4.284458117989348 4.283517912067014 4.282577706144679 4.281637500222344 4.28069729430001 4.279757088377676 4.278816882455341 4.2778766765330065 4.276936470610672 4.275996264688336 4.275056058766002 4.274115852843667 4.273175646921333 4.272235440998998 4.271295235076664 4.269982852131276 4.268272603529055 4.266562354926833 4.264852106324612 4.26314185772239 4.2614316091201685 4.259721360517947 4.258011111915723 4.256300863313501 4.2545906147112795 4.252880366109057 4.2511701175068355 4.249459868904614 4.247749620302392 4.246039371700171 4.244329123097949 4.242618874495728 4.240908625893506
4.300507049122046 4.299540874755489 4.298574700388932 4.297608526022376 4.296642351655819 4.2956761772892635 4.294710002922707 4.29374382855615 4.292777654189592 4.291811479823036 4.29084530545648 4.289879131089923 4.288912956723367 4.28794678235681 4.2869806079902535 4.286014433623698 4.285048259257141 4.284082084890584 4.283115910524028 4.282149736157471 4.2811835617909155 4.280217387424357 4.279251213057801 4.278285038691244 4.2773188643246876 4.276352689958132 4.275386515591575 4.2739920372092195 4.2721396921451085 4.270287347080997 4.268435002016886 4.266582656952775 4.264730311888664 4.262877966824553 4.261025621760439 4.259173276696328 4.257320931632217 4.255468586568106 4.253616241503995 4.251763896439884 4.249911551375773 4.248059206311662 4.2462068612475505 4.2443545161834395 4.2425021711193285
4.305273509186727 4.304281366375949 4.30328922356517 4.302297080754392 4.3013049379436135 4.300312795132835 4.299320652322057 4.298328509511278 4.297336366700498 4.29634422388972 4.295352081078941 4.294359938268163 4.293367795457385 4.292375652646607 4.291383509835828 4.29039136702505 4.2893992242142716 4.288407081403493 4.287414938592715 4.286422795781936 4.285430652971158 4.284438510160378 4.283446367349599 4.282454224538821 4.281462081728042 4.280469938917264 4.279477796106486 4.278001222287162 4.276006780761161 4.274012339235161 4.27201789770916 4.27002345618316 4.268029014657159 4.266034573131159 4.264040131605155 4.262045690079155 4.260051248553155 4.258056807027154 4.256062365501154 4.254067923975153 4.252073482449153 4.250079040923152 4.248084599397152 4.246090157871151 4.244095716345151
4.310039969251409 4.309021857996408 4.308003746741408 4.306985635486408 4.3059675242314075 4.3049494129764065 4.3039313017214065 4.302913190466406 4.301895079211405 4.300876967956404 4.2998588567014036 4.2988407454464035 4.297822634191403 4.2968045229364025 4.295786411681402 4.294768300426402 4.293750189171401 4.292732077916401 4.291713966661401 4.290695855406401 4.2896777441514 4.288659632896398 4.287641521641398 4.286623410386398 4.285605299131397 4.284587187876397 4.283569076621397 4.282010407365105 4.279873869377215 4.277737331389325 4.275600793401435 4.273464255413545 4.271327717425655 4.269191179437765 4.267054641449872 4.264918103461982 4.262781565474092 4.260645027486202 4.258508489498312 4.256371951510422 4.254235413522532 4.252098875534643 4.249962337546753 4.247825799558863 4.245689261570973
4.31480642931609 4.3137623496168676 4.312718269917645 4.311674190218423 4.310630110519201 4.309586030819979 4.308541951120756 4.307497871421535 4.30645379172231 4.305409712023088 4.304365632323866 4.303321552624643 4.302277472925422 4.301233393226199 4.300189313526976 4.299145233827755 4.298101154128532 4.29705707442931 4.296012994730088 4.294968915030865 4.2939248353316435 4.292880755632419 4.291836675933197 4.290792596233975 4.289748516534752 4.2887044368355305 4.287660357136308 4.286019592443047 4.283740957993268 4.281462323543488 4.279183689093709 4.27690505464393 4.274626420194151 4.272347785744372 4.270069151294588 4.2677905168448085 4.26551188239503 4.263233247945251 4.260954613495471 4.258675979045692 4.2563973445959125 4.254118710146133 4.251840075696354 4.249561441246574 4.247282806796795
4.3195728893807726 4.318502841237328 4.317432793093884 4.31636274495044 4.315292696806996 4.314222648663551 4.313152600520107 4.312082552376663 4.311012504233217 4.3099424560897726 4.308872407946328 4.307802359802884 4.30673231165944 4.305662263515996 4.304592215372551 4.303522167229107 4.302452119085663 4.301382070942219 4.300312022798774 4.29924197465533 4.298171926511886 4.29710187836844 4.2960318302249965 4.294961782081552 4.293891733938108 4.292821685794664 4.2917516376512195 4.29002877752099 4.287608046609321 4.2851873156976525 4.282766584785984 4.280345853874315 4.277925122962646 4.275504392050977 4.273083661139305 4.270662930227636 4.268242199315967 4.265821468404298 4.26340073749263 4.2609800065809615 4.258559275669293 4.256138544757624 4.253717813845955 4.251297082934286 4.248876352022617
4.324339349445458 4.323243332857791 4.322147316270125 4.321051299682459 4.319955283094792 4.318859266507126 4.3177632499194605 4.316667233331795 4.315571216744126 4.31447520015646 4.313379183568794 4.3122831669811275 4.311187150393462 4.310091133805796 4.30899511721813 4.307899100630463 4.306803084042797 4.305707067455131 4.304611050867464 4.3035150342797985 4.302419017692133 4.301323001104464 4.300226984516798 4.299130967929132 4.298034951341466 4.2969389347538 4.295842918166134 4.294037962598936 4.291475135225378 4.288912307851819 4.286349480478261 4.283786653104703 4.281223825731145 4.278660998357586 4.276098170984024 4.273535343610465 4.270972516236907 4.268409688863349 4.26584686148979 4.263284034116232 4.260721206742674 4.258158379369116 4.255595551995558 4.253032724622 4.250469897248442
4.329105809510139 4.327983824478252 4.326861839446363 4.325739854414475 4.324617869382587 4.323495884350699 4.322373899318811 4.321251914286923 4.320129929255033 4.319007944223145 4.317885959191257 4.316763974159368 4.315641989127481 4.314520004095592 4.313398019063704 4.312276034031816 4.311154048999928 4.310032063968039 4.308910078936152 4.307788093904263 4.306666108872375 4.305544123840486 4.304422138808597 4.303300153776709 4.302178168744821 4.301056183712933 4.299934198681045 4.298047147676878 4.2953422238414305 4.292637300005984 4.289932376170536 4.287227452335088 4.28452252849964 4.281817604664193 4.2791126808287405 4.276407756993293 4.273702833157845 4.270997909322397 4.26829298548695 4.265588061651502 4.262883137816054 4.260178213980606 4.257473290145159 4.254768366309712 4.252063442474264
4.331134716334814 4.330022066426546 4.328909416518276 4.327796766610008 4.326684116701738 4.32557146679347 4.324458816885201 4.323346166976932 4.322233517068661 4.321120867160392 4.3200082172521235 4.318895567343854 4.3177829174355855 4.316670267527316 4.3155576176190475 4.314444967710779 4.31333231780251 4.312219667894241 4.311107017985972 4.309994368077703 4.308881718169434 4.307769068261163 4.306656418352894 4.305543768444625 4.304431118536357 4.303318468628087 4.302205818719819 4.300288087956729 4.297509707547726 4.294731327138723 4.291952946729719 4.289174566320716 4.286396185911712 4.2836178055027085 4.2808394250937 4.278061044684697 4.275282664275693 4.27250428386669 4.269725903457687 4.266947523048683 4.2641691426396795 4.2613907622306755 4.258612381821672 4.255834001412669 4.253055621003665
4.330237351301649 4.329171773805738 4.328106196309827 4.327040618813916 4.325975041318005 4.324909463822093 4.323843886326181 4.32277830883027 4.321712731334357 4.320647153838446 4.319581576342534 4.318515998846623 4.317450421350712 4.3163848438548005 4.315319266358889 4.314253688862977 4.313188111367066 4.312122533871155 4.311056956375244 4.3099913788793325 4.30892580138342 4.3078602238875074 4.306794646391596 4.305729068895685 4.304663491399774 4.303597913903863 4.302532336407951 4.300638886004894 4.297860420736397 4.295081955467899 4.292303490199402 4.289525024930906 4.286746559662408 4.283968094393911 4.281189629125409 4.278411163856912 4.275632698588415 4.272854233319918 4.270075768051421 4.267297302782924 4.2645188375144265 4.26174037224593 4.258961906977432 4.256183441708935 4.2534049764404385
