Figures/CREST_Example_wjb_NSE/PETs/wjb.pet.20091025.asc
ncols            288
nrows            254
xllcorner        113.274861
yllcorner        31.4918055
cellsize         0.008333333333
NODATA_value     -9999
[rows 120 to 139 of 254, columns 132 to 175 of 288]
1.2635329118153251 1.2626858644667682 1.2618388171182113 1.2609917697696544 1.2601447224210975 1.2592976750725404 1.2584506277239835 1.2576035803754266 1.2567565330268697 1.2559094856783128 1.255062438329756 1.2542153909811975 1.2533683436326406 1.2525212962840837 1.2516742489355268 1.25082720158697 1.249980154238413 1.2491331068898561 1.2482860595412992 1.2474390121927423 1.2465919648441854 1.2457449174956285 1.2448978701470717 1.2440508227985148 1.2432037754499563 1.2423567281013994 1.2415096807528425 1.2406626334042856 1.2398155860557287 1.2389685387071718 1.238950730644284 1.2398193981363874 1.2406880656284907 1.241556733120594 1.2424254006126971 1.2432940681048004 1.2441627355969036 1.2450314030890084 1.2459000705811116 1.2467687380732149 1.247637405565318 1.2485060730574216 1.2493747405495248 1.250243408041628
1.265581525255642 1.2647254084395725 1.263869291623503 1.2630131748074334 1.262157057991364 1.2613009411752945 1.260444824359225 1.2595887075431553 1.2587325907270859 1.2578764739110164 1.257020357094947 1.256164240278876 1.2553081234628065 1.254452006646737 1.2535958898306676 1.252739773014598 1.2518836561985285 1.251027539382459 1.2501714225663896 1.24931530575032 1.2484591889342505 1.247603072118181 1.2467469553021115 1.245890838486042 1.245034721669971 1.2441786048539016 1.243322488037832 1.2424663712217625 1.241610254405693 1.2407541375896236 1.2407275382342566 1.241587711809284 1.2424478853843115 1.2433080589593388 1.2441682325343664 1.2450284061093937 1.245888579684421 1.24674875325945 1.2476089268344774 1.2484691004095048 1.249329273984532 1.2501894475595596 1.251049621134587 1.2519097947096143
1.2676301386959588 1.2667649524123767 1.2658997661287945 1.2650345798452125 1.2641693935616305 1.2633042072780483 1.2624390209944663 1.261573834710884 1.260708648427302 1.25984346214372 1.2589782758601378 1.2581130895765542 1.2572479032929722 1.2563827170093902 1.255517530725808 1.254652344442226 1.253787158158644 1.2529219718750617 1.2520567855914797 1.2511915993078975 1.2503264130243155 1.2494612267407335 1.2485960404571512 1.2477308541735692 1.2468656678899857 1.2460004816064036 1.2451352953228214 1.2442701090392394 1.2434049227556574 1.2425397364720752 1.242504345824229 1.2433560254821805 1.2442077051401321 1.2450593847980838 1.2459110644560352 1.2467627441139868 1.2476144237719384 1.2484661034298914 1.2493177830878428 1.2501694627457944 1.251021142403746 1.2518728220616975 1.252724501719649 1.2535761813776007
1.2696787521362756 1.268804496385181 1.2679302406340862 1.2670559848829916 1.2661817291318969 1.2653074733808023 1.2644332176297075 1.263558961878613 1.2626847061275182 1.2618104503764236 1.2609361946253288 1.2600619388742327 1.2591876831231381 1.2583134273720433 1.2574391716209488 1.256564915869854 1.2556906601187594 1.2548164043676646 1.25394214861657 1.2530678928654753 1.2521936371143807 1.251319381363286 1.2504451256121913 1.2495708698610966 1.2486966141100004 1.2478223583589056 1.246948102607811 1.2460738468567163 1.2451995911056217 1.244325335354527 1.2442811534142015 1.2451243391550773 1.245967524895953 1.2468107106368287 1.2476538963777044 1.2484970821185801 1.2493402678594558 1.250183453600333 1.2510266393412086 1.2518698250820843 1.25271301082296 1.2535561965638355 1.2543993823047113 1.255242568045587
1.2717273655765942 1.270844040357987 1.2699607151393797 1.2690773899207723 1.2681940647021652 1.2673107394835579 1.2664274142649505 1.2655440890463434 1.264660763827736 1.2637774386091287 1.2628941133905216 1.2620107881719127 1.2611274629533056 1.2602441377346982 1.2593608125160909 1.2584774872974838 1.2575941620788764 1.256710836860269 1.255827511641662 1.2549441864230546 1.2540608612044473 1.2531775359858401 1.2522942107672328 1.2514108855486255 1.2505275603300168 1.2496442351114094 1.2487609098928023 1.247877584674195 1.2469942594555876 1.2461109342369805 1.2460579610041758 1.2468926528279756 1.2477273446517754 1.2485620364755752 1.249396728299375 1.2502314201231748 1.2510661119469748 1.251900803770776 1.2527354955945758 1.2535701874183756 1.2544048792421754 1.2552395710659752 1.256074262889775 1.2569089547135748
1.273775979016911 1.272883584330791 1.2719911896446714 1.2710987949585515 1.2702064002724316 1.2693140055863117 1.2684216109001918 1.267529216214072 1.2666368215279522 1.2657444268418323 1.2648520321557124 1.2639596374695912 1.2630672427834713 1.2621748480973514 1.2612824534112315 1.2603900587251116 1.2594976640389917 1.258605269352872 1.257712874666752 1.2568204799806322 1.2559280852945123 1.2550356906083924 1.2541432959222727 1.2532509012361528 1.2523585065500313 1.2514661118639114 1.2505737171777915 1.2496813224916719 1.248788927805552 1.247896533119432 1.2478347685941482 1.248660966500872 1.249487164407596 1.25031336231432 1.251139560221044 1.251965758127768 1.252791956034492 1.2536181539412175 1.2544443518479413 1.2552705497546652 1.2560967476613893 1.2569229455681132 1.2577491434748371 1.2585753413815612
1.2758245924572278 1.2749231283035953 1.274021664149963 1.2731201999963306 1.2722187358426982 1.2713172716890657 1.2704158075354333 1.2695143433818008 1.2686128792281683 1.2677114150745359 1.2668099509209034 1.2659084867672694 1.265007022613637 1.2641055584600045 1.263204094306372 1.2623026301527396 1.2614011659991071 1.2604997018454749 1.2595982376918424 1.25869677353821 1.2577953093845775 1.256893845230945 1.2559923810773126 1.2550909169236801 1.2541894527700461 1.2532879886164137 1.2523865244627812 1.2514850603091487 1.2505835961555163 1.2496821320018838 1.2496115761841207 1.2504292801737689 1.251246984163417 1.252064688153065 1.2528823921427132 1.2537000961323612 1.2545178001220094 1.255335504111659 1.256153208101307 1.2569709120909551 1.257788616080603 1.2586063200702513 1.2594240240598995 1.2602417280495475
1.2778732058975446 1.2769626722763996 1.2760521386552546 1.2751416050341096 1.2742310714129645 1.2733205377918195 1.2724100041706745 1.2714994705495295 1.2705889369283845 1.2696784033072395 1.2687678696860942 1.2678573360649477 1.2669468024438026 1.2660362688226576 1.2651257352015126 1.2642152015803676 1.2633046679592226 1.2623941343380776 1.2614836007169326 1.2605730670957875 1.2596625334746423 1.2587519998534973 1.2578414662323523 1.2569309326112073 1.2560203989900607 1.2551098653689157 1.2541993317477707 1.2532887981266256 1.2523782645054806 1.2514677308843356 1.2513883837740931 1.2521975938466654 1.2530068039192377 1.25381601399181 1.254625224064382 1.2554344341369543 1.2562436442095266 1.2570528542821002 1.2578620643546725 1.2586712744272448 1.259480484499817 1.2602896945723894 1.2610989046449614 1.2619081147175337
1.2799218193378616 1.2790022162492038 1.2780826131605463 1.2771630100718887 1.2762434069832311 1.2753238038945733 1.2744042008059158 1.2734845977172582 1.2725649946286006 1.271645391539943 1.2707257884512853 1.2698061853626261 1.2688865822739686 1.267966979185311 1.2670473760966532 1.2661277730079956 1.265208169919338 1.2642885668306805 1.2633689637420227 1.262449360653365 1.2615297575647075 1.26061015447605 1.2596905513873924 1.2587709482987346 1.2578513452100755 1.256931742121418 1.2560121390327603 1.2550925359441025 1.254172932855445 1.2532533297667874 1.2531651913640658 1.2539659075195622 1.2547666236750585 1.255567339830555 1.2563680559860513 1.2571687721415477 1.257969488297044 1.258770204452542 1.2595709206080383 1.2603716367635347 1.261172352919031 1.2619730690745274 1.2627737852300238 1.2635745013855202
1.2819704327781785 1.281041760222008 1.280113087665838 1.2791844151096678 1.2782557425534975 1.2773270699973274 1.2763983974411572 1.2754697248849869 1.2745410523288168 1.2736123797726466 1.2726837072164763 1.2717550346603046 1.2708263621041342 1.2698976895479641 1.268969016991794 1.2680403444356236 1.2671116718794535 1.2661829993232834 1.265254326767113 1.264325654210943 1.2633969816547725 1.2624683090986024 1.2615396365424323 1.260610963986262 1.2596822914300903 1.2587536188739201 1.2578249463177498 1.2568962737615796 1.2559676012054093 1.2550389286492392 1.2549419989540382 1.255734221192459 1.2565264434308794 1.2573186656692998 1.2581108879077205 1.258903110146141 1.2596953323845614 1.2604875546229835 1.261279776861404 1.2620719990998244 1.2628642213382448 1.2636564435766655 1.264448665815086 1.2652408880535064
1.2840190462184955 1.2830813041948126 1.28214356217113 1.281205820147447 1.2802680781237643 1.2793303361000814 1.2783925940763985 1.2774548520527158 1.276517110029033 1.2755793680053502 1.2746416259816673 1.273703883957983 1.2727661419343002 1.2718283999106172 1.2708906578869346 1.2699529158632517 1.269015173839569 1.268077431815886 1.2671396897922034 1.2662019477685205 1.2652642057448378 1.2643264637211549 1.263388721697472 1.2624509796737893 1.2615132376501048 1.2605754956264221 1.2596377536027392 1.2587000115790565 1.2577622695553736 1.2568245275316907 1.2567188065440107 1.2575025348653555 1.2582862631867 1.2590699915080448 1.2598537198293893 1.260637448150734 1.2614211764720786 1.2622049047934247 1.2629886331147695 1.263772361436114 1.2645560897574588 1.2653398180788034 1.2661235464001481 1.2669072747214927
1.286067659658814 1.2851208481676186 1.2841740366764232 1.283227225185228 1.2822804136940325 1.281333602202837 1.2803867907116417 1.2794399792204463 1.2784931677292508 1.2775463562380553 1.27659954474686 1.275652733255663 1.2747059217644676 1.2737591102732722 1.272812298782077 1.2718654872908814 1.270918675799686 1.2699718643084907 1.2690250528172953 1.2680782413260998 1.2671314298349043 1.266184618343709 1.2652378068525136 1.2642909953613182 1.2633441838701212 1.262397372378926 1.2614505608877304 1.260503749396535 1.2595569379053395 1.2586101264141443 1.258495614133985 1.2592708485382538 1.2600460829425224 1.2608213173467913 1.2615965517510601 1.262371786155329 1.2631470205595976 1.2639222549638678 1.2646974893681366 1.2654727237724055 1.2662479581766741 1.267023192580943 1.2677984269852118 1.2685736613894807
1.288116273099131 1.2871603921404229 1.2862045111817149 1.2852486302230068 1.2842927492642988 1.283336868305591 1.282380987346883 1.281425106388175 1.280469225429467 1.279513344470759 1.278557463512051 1.2776015825533413 1.2766457015946333 1.2756898206359253 1.2747339396772173 1.2737780587185095 1.2728221777598014 1.2718662968010934 1.2709104158423854 1.2699545348836774 1.2689986539249694 1.2680427729662613 1.2670868920075533 1.2661310110488455 1.2651751300901357 1.2642192491314277 1.26326336817272 1.2623074872140119 1.2613516062553038 1.2603957252965958 1.2602724217239571 1.26103916221115 1.2618059026983433 1.2625726431855362 1.2633393836727291 1.264106124159922 1.264872864647115 1.2656396051343093 1.2664063456215022 1.2671730861086952 1.267939826595888 1.268706567083081 1.269473307570274 1.270240048057467
1.2901648865394477 1.2891999361132271 1.2882349856870066 1.287270035260786 1.2863050848345654 1.2853401344083448 1.2843751839821242 1.2834102335559037 1.282445283129683 1.2814803327034625 1.280515382277242 1.2795504318510198 1.2785854814247992 1.2776205309985786 1.276655580572358 1.2756906301461375 1.274725679719917 1.2737607292936963 1.2727957788674757 1.2718308284412552 1.2708658780150346 1.269900927588814 1.2689359771625934 1.2679710267363729 1.2670060763101505 1.26604112588393 1.2650761754577093 1.2641112250314888 1.2631462746052682 1.2621813241790476 1.2620492293139298 1.2628074758840468 1.263565722454164 1.2643239690242811 1.2650822155943982 1.2658404621645152 1.2665987087346324 1.2673569553047508 1.2681152018748678 1.2688734484449848 1.269631695015102 1.2703899415852191 1.2711481881553361 1.2719064347254532
1.2922134999797645 1.2912394800860314 1.2902654601922983 1.2892914402985651 1.288317420404832 1.2873434005110989 1.2863693806173655 1.2853953607236324 1.2844213408298992 1.283447320936166 1.282473301042433 1.281499281148698 1.280525261254965 1.2795512413612318 1.2785772214674986 1.2776032015737655 1.2766291816800324 1.2756551617862992 1.2746811418925659 1.2737071219988327 1.2727331021050996 1.2717590822113665 1.2707850623176333 1.2698110424239002 1.2688370225301653 1.2678630026364321 1.266888982742699 1.2659149628489659 1.2649409429552327 1.2639669230614996 1.2638260369039025 1.2645757895569436 1.265325542209985 1.266075294863026 1.2668250475160674 1.2675748001691085 1.2683245528221498 1.2690743054751923 1.2698240581282336 1.2705738107812747 1.2713235634343159 1.2720733160873572 1.2728230687403983 1.2735728213934396
1.2942621134200814 1.2932790240588357 1.29229593469759 1.291312845336344 1.2903297559750984 1.2893466666138527 1.288363577252607 1.287380487891361 1.2863973985301154 1.2854143091688697 1.2844312198076238 1.2834481304463765 1.2824650410851306 1.281481951723885 1.2804988623626392 1.2795157730013933 1.2785326836401476 1.277549594278902 1.2765665049176562 1.2755834155564103 1.2746003261951646 1.273617236833919 1.272634147472673 1.2716510581114273 1.2706679687501798 1.2696848793889342 1.2687017900276885 1.2677187006664425 1.2667356113051969 1.2657525219439512 1.2656028444938747 1.2663441032298401 1.2670853619658056 1.267826620701771 1.2685678794377364 1.2693091381737016 1.270050396909667 1.2707916556456338 1.271532914381599 1.2722741731175644 1.2730154318535298 1.2737566905894953 1.2744979493254605 1.2752392080614259
1.2963107268603982 1.29531856803164 1.2943264092028817 1.2933342503741232 1.292342091545365 1.2913499327166065 1.2903577738878482 1.2893656150590898 1.2883734562303315 1.2873812974015733 1.2863891385728148 1.2853969797440548 1.2844048209152965 1.283412662086538 1.2824205032577798 1.2814283444290215 1.280436185600263 1.2794440267715048 1.2784518679427463 1.277459709113988 1.2764675502852296 1.2754753914564714 1.2744832326277131 1.2734910737989547 1.2724989149701946 1.2715067561414364 1.270514597312678 1.2695224384839197 1.2685302796551614 1.267538120826403 1.2673796520838474 1.268112416902737 1.2688451817216264 1.269577946540516 1.2703107113594054 1.271043476178295 1.2717762409971844 1.2725090058160753 1.2732417706349648 1.2739745354538543 1.2747073002727438 1.2754400650916333 1.2761728299105228 1.2769055947294123
1.2983593403007168 1.297358112004446 1.296356883708175 1.2953556554119041 1.294354427115633 1.293353198819362 1.2923519705230913 1.2913507422268202 1.2903495139305494 1.2893482856342784 1.2883470573380074 1.2873458290417348 1.2863446007454638 1.285343372449193 1.284342144152922 1.283340915856651 1.28233968756038 1.281338459264109 1.2803372309678382 1.2793360026715672 1.2783347743752964 1.2773335460790254 1.2763323177827544 1.2753310894864835 1.2743298611902107 1.27332863289394 1.272327404597669 1.271326176301398 1.270324948005127 1.269323719708856 1.2691564596738214 1.269880730575635 1.2706050014774486 1.2713292723792622 1.272053543281076 1.2727778141828896 1.2735020850847032 1.2742263559865181 1.2749506268883317 1.2756748977901453 1.276399168691959 1.2771234395937727 1.2778477104955863 1.2785719813974
1.3004079537410338 1.2993976559772502 1.2983873582134666 1.297377060449683 1.2963667626858997 1.295356464922116 1.2943461671583325 1.293335869394549 1.2923255716307656 1.291315273866982 1.2903049761031984 1.2892946783394132 1.2882843805756297 1.287274082811846 1.2862637850480625 1.2852534872842791 1.2842431895204955 1.283232891756712 1.2822225939929286 1.281212296229145 1.2802019984653614 1.2791917007015778 1.2781814029377945 1.277171105174011 1.2761608074102255 1.2751505096464422 1.2741402118826586 1.273129914118875 1.2721196163550914 1.271109318591308 1.2709332672637939 1.2716490442485318 1.2723648212332694 1.2730805982180073 1.273796375202745 1.274512152187483 1.2752279291722206 1.2759437061569596 1.2766594831416973 1.2773752601264352 1.278091037111173 1.2788068140959108 1.2795225910806485 1.2802383680653864
1.3024565671813506 1.3014371999500545 1.3004178327187583 1.2993984654874622 1.298379098256166 1.29735973102487 1.2963403637935738 1.2953209965622778 1.2943016293309817 1.2932822620996856 1.2922628948683894 1.2912435276370915 1.2902241604057954 1.2892047931744994 1.2881854259432033 1.2871660587119071 1.286146691480611 1.2851273242493149 1.2841079570180187 1.2830885897867226 1.2820692225554267 1.2810498553241305 1.2800304880928344 1.2790111208615382 1.2779917536302403 1.2769723863989442 1.2759530191676483 1.274933651936352 1.273914284705056 1.2728949174737598 1.2727100748537665 1.2734173579214285 1.2741246409890903 1.2748319240567523 1.2755392071244143 1.276246490192076 1.276953773259738 1.2776610563274011 1.2783683393950631 1.279075622462725 1.2797829055303869 1.2804901885980489 1.2811974716657109 1.2819047547333726
