Figures/CREST_Example_wjb_NSE/PETs/wjb.pet.20100411.asc
ncols            288
nrows            254
xllcorner        113.274861
yllcorner        31.4918055
cellsize         0.008333333333
NODATA_value     -9999
[rows 19 to 37 of 254, columns 0 to 43 of 288]
-9999.0 -9999.0 -9999.0 -9999.0 -9999.0 -9999.0 -9999.0 -9999.0 -9999.0 -9999.0 -9999.0 -9999.0 -9999.0 -9999.0 -9999.0 -9999.0 -9999.0 -9999.0 -9999.0 -9999.0 -9999.0 -9999.0 -9999.0 -9999.0 -9999.0 0.30286162186902016 0.3046144002421605 0.3063671786152979 0.3081199569884352 0.30987273536157256 0.3116255137347099 0.3133782921078473 0.3151310704809846 0.31688384885412196 0.31863662722725933 0.32038940560039664 -9999.0 -9999.0 -9999.0 -9999.0 -9999.0 -9999.0 0.33287316587525817 0.33506935992257014
-9999.0 -9999.0 -9999.0 -9999.0 -9999.0 -9999.0 -9999.0 -9999.0 -9999.0 -9999.0 -9999.0 -9999.0 -9999.0 -9999.0 -9999.0 -9999.0 -9999.0 -9999.0 -9999.0 -9999.0 -9999.0 -9999.0 -9999.0 0.30120801758226756 0.30296098581680464 0.3047139540513417 0.3064669222858818 0.30821989052041887 0.30997285875495595 0.311725826989493 0.3134787952240301 0.3152317634585672 0.31698473169310426 0.31873769992764134 0.3204906681621784 0.3222436363967155 0.32399660463125257 0.32574957286578965 0.3275025411003267 0.3292555093348668 0.3310084775694038 0.3327614458039409 0.3347159012494393 0.3368857510772513
-9999.0 -9999.0 -9999.0 -9999.0 -9999.0 -9999.0 -9999.0 -9999.0 -9999.0 -9999.0 -9999.0 -9999.0 -9999.0 -9999.0 -9999.0 -9999.0 -9999.0 -9999.0 -9999.0 -9999.0 -9999.0 -9999.0 0.30130681194585124 0.30305997004178803 0.3048131281377248 0.30656628623366167 0.30831944432960146 0.31007260242553825 0.31182576052147504 0.31357891861741183 0.3153320767133486 0.31708523480928547 0.31883839290522226 0.32059155100115905 0.32234470909709584 0.32409786719303263 0.3258510252889695 0.32760418338490627 0.32935734148084306 0.33111049957678285 0.33286365767271964 0.33461681576865643 0.33655863662361873 0.3387021422319309
-9999.0 -9999.0 -9999.0 -9999.0 -9999.0 -9999.0 -9999.0 -9999.0 -9999.0 -9999.0 -9999.0 -9999.0 -9999.0 -9999.0 -9999.0 -9999.0 -9999.0 -9999.0 -9999.0 -9999.0 -9999.0 -9999.0 -9999.0 0.30491192250130855 0.30666527045864506 0.3084186184159816 0.3101719663733211 0.3119253143306577 0.3136786622879942 0.3154320102453307 0.31718535820266724 0.31893870616000375 0.3206920541173403 0.3224454020746768 0.32419875003201337 0.3259520979893499 0.3277054459466864 0.32945879390402294 0.33121214186135944 0.332965489818699 0.3347188377760355 0.336472185733372 0.33840137199779824 0.34051853338661053
-9999.0 -9999.0 -9999.0 -9999.0 -9999.0 -9999.0 -9999.0 -9999.0 -9999.0 -9999.0 -9999.0 -9999.0 -9999.0 -9999.0 -9999.0 -9999.0 -9999.0 -9999.0 -9999.0 -9999.0 -9999.0 -9999.0 0.3050103371420928 0.306763874960829 0.3085174127795653 0.31027095059830156 0.3120244884170408 0.31377802623577705 0.3155315640545133 0.31728510187324954 0.3190386396919858 0.3207921775107221 0.3225457153294583 0.3242992531481946 0.32605279096693085 0.32780632878566707 0.32955986660440334 0.3313134044231396 0.33306694224187583 0.3348204800606151 0.3365740178793514 0.3383275556980876 0.34024410737197774 0.3423349245412902
-9999.0 -9999.0 -9999.0 -9999.0 -9999.0 -9999.0 -9999.0 -9999.0 -9999.0 -9999.0 -9999.0 -9999.0 -9999.0 -9999.0 -9999.0 -9999.0 -9999.0 -9999.0 -9999.0 -9999.0 -9999.0 -9999.0 0.30686209974021356 0.30861582742034954 0.3103695551004855 0.31212328278062146 0.31387701046076044 0.3156307381408964 0.3173844658210324 0.3191381935011684 0.3208919211813044 0.32264564886144037 0.32439937654157636 0.32615310422171234 0.32790683190184833 0.3296605595819843 0.3314142872621203 0.3331680149422563 0.33492174262239227 0.3366754703025312 0.33842919798266724 0.34018292566280317 0.3420868427461572 0.34415131569596985
-9999.0 -9999.0 -9999.0 -9999.0 -9999.0 -9999.0 -9999.0 -9999.0 -9999.0 -9999.0 -9999.0 -9999.0 -9999.0 -9999.0 -9999.0 -9999.0 -9999.0 -9999.0 -9999.0 -9999.0 -9999.0 -9999.0 0.3087138623383343 0.31046777987987 0.31222169742140576 0.31397561496294146 0.31572953250448016 0.31748345004601586 0.31923736758755156 0.32099128512908726 0.322745202670623 0.3244991202121587 0.3262530377536944 0.3280069552952301 0.3297608728367658 0.33151479037830156 0.33326870791983726 0.33502262546137296 0.33677654300290866 0.33853046054444735 0.34028437808598305 0.34203829562751875 0.3439295781203367 0.3459677068506495
-9999.0 -9999.0 -9999.0 -9999.0 -9999.0 -9999.0 -9999.0 -9999.0 -9999.0 -9999.0 -9999.0 -9999.0 -9999.0 -9999.0 -9999.0 -9999.0 0.3000409805188425 0.3017950879217779 0.3035491953247133 0.3053033027276488 0.3070574101305842 0.30881151753351965 0.31056562493645506 0.31231973233939053 0.31407383974232594 0.3158279471452614 0.3175820545481998 0.31933616195113523 0.3210902693540707 0.3228443767570061 0.3245984841599416 0.326352591562877 0.32810669896581246 0.32986080636874787 0.3316149137716833 0.33336902117461875 0.33512312857755416 0.33687723598048963 0.33863134338342504 0.3403854507863635 0.3421395581892989 0.34389366559223433 0.3457723134945162 0.3477840980053291
-9999.0 -9999.0 -9999.0 -9999.0 -9999.0 -9999.0 -9999.0 -9999.0 -9999.0 -9999.0 -9999.0 -9999.0 -9999.0 -9999.0 -9999.0 -9999.0 0.30189160394856646 0.3036459012129016 0.30540019847723676 0.30715449574157194 0.3089087930059071 0.31066309027024225 0.31241738753457743 0.31417168479891255 0.31592598206324773 0.3176802793275829 0.31943457659192104 0.3211888738562562 0.3229431711205914 0.3246974683849265 0.3264517656492617 0.3282060629135969 0.32996036017793207 0.3317146574422672 0.33346895470660237 0.3352232519709375 0.3369775492352727 0.33873184649960786 0.34048614376394304 0.34224044102828116 0.34399473829261634 0.34574903555695147 0.34761504886869726 0.3496004891600103
-9999.0 -9999.0 -9999.0 -9999.0 -9999.0 -9999.0 -9999.0 -9999.0 -9999.0 -9999.0 -9999.0 -9999.0 -9999.0 -9999.0 -9999.0 0.30209721086306285 0.30384506538883155 0.3055929199146003 0.30734077444036906 0.30908862896613776 0.3108364834919065 0.3125843380176752 0.31433219254344397 0.3160800470692127 0.3178279015949814 0.3195757561207502 0.3213236106465219 0.32307146517229063 0.32481931969805933 0.3265671742238281 0.32831502874959684 0.33006288327536554 0.3318107378011343 0.333558592326903 0.33530644685267175 0.3370543013784405 0.3388021559042092 0.34055001042997796 0.34229786495574666 0.3440457194815184 0.3457935740072871 0.34754142853305586 0.34939281672278405 0.3513548847392409
-9999.0 -9999.0 -9999.0 -9999.0 -9999.0 -9999.0 -9999.0 -9999.0 -9999.0 -9999.0 -9999.0 -9999.0 -9999.0 -9999.0 -9999.0 0.3041741322214745 0.30590845417755486 0.3076427761336352 0.3093770980897156 0.31111142004579595 0.3128457420018763 0.31458006395795673 0.3163143859140371 0.31804870787011746 0.31978302982619783 0.3215173517822782 0.32325167373836156 0.3249859956944419 0.3267203176505223 0.32845463960660265 0.33018896156268307 0.33192328351876343 0.3336576054748438 0.33539192743092416 0.33712624938700453 0.3388605713430849 0.3405948932991653 0.3423292152552457 0.34406353721132604 0.34579785916740935 0.34753218112348977 0.34926650307957013 0.35110113839464707 0.35304301095766544
-9999.0 -9999.0 -9999.0 -9999.0 -9999.0 -9999.0 -9999.0 -9999.0 -9999.0 -9999.0 -9999.0 -9999.0 -9999.0 -9999.0 -9999.0 0.3062510535798861 0.3079718429662781 0.30969263235267014 0.31141342173906217 0.31313421112545414 0.3148550005118462 0.3165757898982382 0.31829657928463023 0.3200173686710222 0.32173815805741424 0.32345894744380627 0.3251797368302012 0.3269005262165932 0.32862131560298524 0.33034210498937727 0.3320628943757693 0.3337836837621613 0.3355044731485533 0.33722526253494534 0.33894605192133737 0.34066684130772934 0.34238763069412137 0.3441084200805134 0.34582920946690543 0.34754999885330035 0.3492707882396924 0.3509915776260844 0.3528094600665101 0.35473113717608995
-9999.0 -9999.0 -9999.0 -9999.0 -9999.0 -9999.0 -9999.0 -9999.0 -9999.0 -9999.0 -9999.0 -9999.0 -9999.0 -9999.0 -9999.0 0.3083279749382977 0.31003523175500136 0.31174248857170506 0.3134497453884087 0.31515700220511234 0.31686425902181603 0.31857151583851967 0.3202787726552233 0.321986029471927 0.32369328628863064 0.3254005431053343 0.32710779992204086 0.32881505673874456 0.3305223135554482 0.33222957037215184 0.33393682718885553 0.3356440840055592 0.3373513408222628 0.3390585976389665 0.34076585445567015 0.3424731112723738 0.3441803680890775 0.3458876249057811 0.34759488172248476 0.34930213853919134 0.35100939535589504 0.3527166521725987 0.35451778173837306 0.3564192633945145
-9999.0 -9999.0 -9999.0 -9999.0 -9999.0 -9999.0 -9999.0 -9999.0 -9999.0 -9999.0 -9999.0 -9999.0 -9999.0 -9999.0 0.30871117204969406 0.31040489629670937 0.31209862054372467 0.3137923447907399 0.3154860690377552 0.31717979328477053 0.31887351753178583 0.32056724177880114 0.32226096602581644 0.32395469027283175 0.32564841451984705 0.32734213876686236 0.32903586301388055 0.33072958726089585 0.33242331150791116 0.33411703575492646 0.33581076000194177 0.33750448424895707 0.3391982084959724 0.3408919327429876 0.34258565699000293 0.34427938123701823 0.34597310548403354 0.34766682973104884 0.34936055397806415 0.35105427822508234 0.35274800247209764 0.35444172671911295 0.3562261034102361 0.35810738961293903
-9999.0 -9999.0 -9999.0 -9999.0 -9999.0 -9999.0 -9999.0 -9999.0 -9999.0 -9999.0 -9999.0 -9999.0 -9999.0 -9999.0 0.31080162597779576 0.31248181765512273 0.31416200933244964 0.31584220100977656 0.3175223926871035 0.31920258436443044 0.3208827760417574 0.3225629677190843 0.32424315939641124 0.3259233510737382 0.3276035427510651 0.32928373442839204 0.33096392610572184 0.3326441177830488 0.3343243094603757 0.33600450113770264 0.3376846928150296 0.3393648844923565 0.34104507616968344 0.3427252678470104 0.3444054595243373 0.34608565120166424 0.3477658428789912 0.3494460345563181 0.35112622623364503 0.35280641791097483 0.3544866095883018 0.3561668012656287 0.35793442508210055 0.359795515831365
-9999.0 -9999.0 -9999.0 -9999.0 -9999.0 -9999.0 -9999.0 -9999.0 -9999.0 -9999.0 -9999.0 -9999.0 -9999.0 -9999.0 0.3128920799058958 0.3145587390135343 0.3162253981211729 0.3178920572288115 0.31955871633645005 0.32122537544408863 0.3228920345517272 0.3245586936593658 0.3262253527670044 0.32789201187464295 0.32955867098228153 0.3312253300899201 0.3328919891975615 0.3345586483052001 0.3362253074128387 0.33789196652047726 0.33955862562811584 0.3412252847357544 0.34289194384339294 0.3445586029510315 0.3462252620586701 0.3478919211663087 0.34955858027394726 0.35122523938158584 0.3528918984892244 0.35455855759686583 0.3562252167045044 0.357891875812143 0.35964274675396357 0.36148364204978956
-9999.0 -9999.0 -9999.0 -9999.0 -9999.0 -9999.0 -9999.0 -9999.0 -9999.0 -9999.0 -9999.0 -9999.0 -9999.0 -9999.0 0.31498253383399577 0.31663566037194596 0.3182887869098962 0.3199419134478464 0.32159503998579664 0.3232481665237468 0.32490129306169707 0.32655441959964726 0.3282075461375975 0.3298606726755477 0.33151379921349794 0.33316692575144813 0.3348200522894012 0.3364731788273514 0.33812630536530164 0.3397794319032518 0.34143255844120207 0.34308568497915226 0.3447388115171025 0.3463919380550527 0.34804506459300294 0.34969819113095313 0.3513513176689034 0.35300444420685356 0.3546575707448038 0.3563106972827568 0.35796382382070707 0.35961695035865726 0.3613510684258266 0.36317176826821407
-9999.0 -9999.0 -9999.0 -9999.0 -9999.0 -9999.0 -9999.0 -9999.0 -9999.0 -9999.0 -9999.0 -9999.0 -9999.0 0.3154333937938339 0.31707298776209575 0.3187125817303576 0.32035217569861946 0.3219917696668813 0.32363136363514317 0.325270957603405 0.3269105515716669 0.32855014553992873 0.33018973950819064 0.3318293334764525 0.33346892744471435 0.3351085214129762 0.33674811538124083 0.3383877093495027 0.34002730331776454 0.34166689728602645 0.3433064912542883 0.34494608522255016 0.346585679190812 0.34822527315907387 0.3498648671273357 0.3515044610955976 0.35314405506385943 0.3547836490321213 0.3564232430003832 0.3580628369686478 0.3597024309369097 0.36134202490517153 0.36305939009768956 0.3648598944866386
-9999.0 -9999.0 -9999.0 -9999.0 -9999.0 -9999.0 -9999.0 -9999.0 -9999.0 -9999.0 -9999.0 -9999.0 0.31591131889304597 0.3175373802916222 0.3191634416901957 0.32078950308876925 0.3224155644873427 0.32404162588591623 0.32566768728448975 0.3272937486830632 0.32891981008163673 0.33054587148021025 0.3321719328787837 0.33379799427735724 0.33542405567593075 0.3370501170745042 0.3386761784730805 0.34030223987165403 0.3419283012702275 0.343554362668801 0.34518042406737454 0.34680648546594806 0.3484325468645215 0.35005860826309504 0.35168466966166856 0.353310731060242 0.35493679245881554 0.35656285385738906 0.3581889152559625 0.3598149766545388 0.36144103805311234 0.3630670994516858 0.3647677117695526 0.3665480207050631
