Figures/CREST_Example_wjb_NSE/PETs/wjb.pet.20101230.asc
ncols            288
nrows            254
xllcorner        113.274861
yllcorner        31.4918055
cellsize         0.008333333333
NODATA_value     -9999
[rows 76 to 94 of 254, columns 44 to 87 of 288]
0.5290908578031165 0.5293945527201515 0.5296982476371864 0.5300019425542213 0.5303056374712563 0.5306093323882912 0.5309130273053262 0.531216722222361 0.5315204171393966 0.5318241120564315 0.5321278069734664 0.5324315018905014 0.5327351968075363 0.5330388917245713 0.5333425866416063 0.5336462815586411 0.5339499764756761 0.5342536713927111 0.534557366309746 0.534861061226781 0.5351647561438159 0.5354684510608514 0.5357721459778864 0.5360758408949212 0.5363795358119562 0.5366832307289912 0.5369869256460261 0.5372906205630611 0.537637128247031 0.5380294037466825 0.538421679246334 0.5388139547459855 0.5392062302456369 0.5395985057452883 0.5399907812449405 0.540383056744592 0.5407753322442435 0.5411676077438948 0.5415598832435463 0.5419521587431978 0.5423444342428493 0.5427367097425008 0.5431289852421521 0.5435212607418036
0.5301279710086078 0.5304253046856984 0.5307226383627891 0.5310199720398797 0.5313173057169703 0.531614639394061 0.5319119730711516 0.5322093067482423 0.5325066404253334 0.5328039741024241 0.5331013077795147 0.5333986414566053 0.5336959751336959 0.5339933088107867 0.5342906424878773 0.5345879761649679 0.5348853098420585 0.5351826435191491 0.5354799771962399 0.5357773108733305 0.5360746445504211 0.5363719782275123 0.5366693119046029 0.5369666455816935 0.5372639792587842 0.5375613129358748 0.5378586466129655 0.5381559802900561 0.5384871907863183 0.5388546163680965 0.5392220419498746 0.5395894675316527 0.5399568931134308 0.5403243186952089 0.5406917442769876 0.5410591698587658 0.5414265954405438 0.541794021022322 0.5421614466041 0.5425288721858782 0.5428962977676564 0.5432637233494344 0.5436311489312126 0.5439985745129906
0.5311650842140991 0.5314560566512455 0.5317470290883918 0.5320380015255382 0.5323289739626845 0.5326199463998308 0.5329109188369772 0.5332018912741235 0.5334928637112704 0.5337838361484166 0.534074808585563 0.5343657810227094 0.5346567534598556 0.534947725897002 0.5352386983341483 0.5355296707712947 0.535820643208441 0.5361116156455873 0.5364025880827337 0.5366935605198799 0.5369845329570263 0.5372755053941731 0.5375664778313195 0.5378574502684658 0.5381484227056121 0.5384393951427585 0.5387303675799048 0.5390213400170512 0.5393372533256057 0.5396798289895105 0.5400224046534152 0.5403649803173199 0.5407075559812247 0.5410501316451295 0.5413927073090348 0.5417352829729396 0.5420778586368443 0.542420434300749 0.5427630099646538 0.5431055856285586 0.5434481612924633 0.543790736956368 0.5441333126202728 0.5444758882841776
0.5322021974195913 0.5324868086167933 0.5327714198139953 0.5330560310111974 0.5333406422083994 0.5336252534056014 0.5339098646028034 0.5341944758000055 0.534479086997208 0.5347636981944099 0.535048309391612 0.535332920588814 0.535617531786016 0.535902142983218 0.53618675418042 0.5364713653776221 0.5367559765748241 0.5370405877720261 0.5373251989692281 0.5376098101664302 0.5378944213636322 0.5381790325608348 0.5384636437580368 0.5387482549552388 0.5390328661524408 0.5393174773496429 0.5396020885468449 0.5398866997440469 0.5401873158648937 0.540505041610925 0.5408227673569564 0.5411404931029878 0.5414582188490192 0.5417759445950506 0.5420936703410825 0.5424113960871139 0.5427291218331453 0.5430468475791767 0.543364573325208 0.5436822990712394 0.5440000248172707 0.5443177505633021 0.5446354763093335 0.5449532020553649
0.5332393106250827 0.5335175605823405 0.5337958105395981 0.5340740604968558 0.5343523104541136 0.5346305604113712 0.534908810368629 0.5351870603258867 0.5354653102831449 0.5357435602404026 0.5360218101976603 0.536300060154918 0.5365783101121757 0.5368565600694335 0.5371348100266912 0.5374130599839488 0.5376913099412066 0.5379695598984643 0.5382478098557221 0.5385260598129797 0.5388043097702374 0.5390825597274956 0.5393608096847533 0.5396390596420111 0.5399173095992688 0.5401955595565265 0.5404738095137842 0.5407520594710419 0.541037378404181 0.541330254232339 0.5416231300604971 0.5419160058886551 0.5422088817168131 0.5425017575449711 0.5427946333731296 0.5430875092012877 0.5433803850294457 0.5436732608576037 0.5439661366857618 0.5442590125139197 0.5445518883420778 0.5448447641702358 0.5451376399983938 0.5454305158265518
0.534276423830574 0.5345483125478874 0.5348202012652008 0.5350920899825142 0.5353639786998277 0.5356358674171411 0.5359077561344544 0.5361796448517678 0.5364515335690817 0.5367234222863951 0.5369953110037086 0.537267199721022 0.5375390884383354 0.5378109771556487 0.5380828658729622 0.5383547545902756 0.538626643307589 0.5388985320249025 0.5391704207422158 0.5394423094595292 0.5397141981768426 0.5399860868941565 0.5402579756114699 0.5405298643287834 0.5408017530460968 0.5410736417634101 0.5413455304807235 0.541617419198037 0.5418874409434684 0.542155466853753 0.5424234927640377 0.5426915186743224 0.542959544584607 0.5432275704948917 0.5434955964051769 0.5437636223154615 0.5440316482257461 0.5442996741360309 0.5445677000463155 0.5448357259566001 0.5451037518668849 0.5453717777771695 0.5456398036874541 0.5459078295977388
0.5353135370360654 0.5355790645134345 0.5358445919908036 0.5361101194681727 0.5363756469455417 0.5366411744229109 0.53690670190028 0.5371722293776491 0.5374377568550186 0.5377032843323878 0.5379688118097569 0.5382343392871259 0.538499866764495 0.5387653942418642 0.5390309217192333 0.5392964491966024 0.5395619766739714 0.5398275041513405 0.5400930316287097 0.5403585591060788 0.5406240865834478 0.5408896140608174 0.5411551415381866 0.5414206690155556 0.5416861964929247 0.5419517239702938 0.5422172514476629 0.542482778925032 0.5427375034827557 0.542980679475167 0.5432238554675783 0.5434670314599896 0.543710207452401 0.5439533834448123 0.544196559437224 0.5444397354296353 0.5446829114220466 0.5449260874144579 0.5451692634068692 0.5454124393992805 0.5456556153916918 0.5458987913841031 0.5461419673765144 0.5463851433689257
0.5363506502415567 0.5366098164789814 0.5368689827164063 0.5371281489538311 0.5373873151912558 0.5376464814286807 0.5379056476661054 0.5381648139035302 0.5384239801409555 0.5386831463783802 0.538942312615805 0.5392014788532298 0.5394606450906546 0.5397198113280794 0.5399789775655042 0.540238143802929 0.5404973100403538 0.5407564762777786 0.5410156425152034 0.5412748087526281 0.541533974990053 0.5417931412274782 0.542052307464903 0.5423114737023278 0.5425706399397526 0.5428298061771774 0.5430889724146022 0.5433481386520269 0.543587566022043 0.5438058920965809 0.5440242181711188 0.5442425442456568 0.5444608703201947 0.5446791963947327 0.544897522469271 0.545115848543809 0.545334174618347 0.5455525006928849 0.5457708267674228 0.5459891528419608 0.5462074789164988 0.5464258049910368 0.5466441310655747 0.5468624571401126
0.5373877634470481 0.5376405684445286 0.537893373442009 0.5381461784394895 0.53839898343697 0.5386517884344505 0.538904593431931 0.5391573984294115 0.5394102034268924 0.5396630084243729 0.5399158134218534 0.5401686184193338 0.5404214234168143 0.5406742284142948 0.5409270334117753 0.5411798384092558 0.5414326434067362 0.5416854484042167 0.5419382534016972 0.5421910583991777 0.5424438633966582 0.5426966683941391 0.5429494733916196 0.5432022783891001 0.5434550833865806 0.543707888384061 0.5439606933815415 0.544213498379022 0.5444376285613303 0.5446311047179948 0.5448245808746595 0.545018057031324 0.5452115331879887 0.5454050093446533 0.5455984855013182 0.5457919616579828 0.5459854378146474 0.546178913971312 0.5463723901279766 0.5465658662846412 0.5467593424413058 0.5469528185979704 0.5471462947546349 0.5473397709112996
0.5384248766525402 0.5386713204100764 0.5389177641676126 0.5391642079251487 0.539410651682685 0.5396570954402211 0.5399035391977572 0.5401499829552935 0.5403964267128301 0.5406428704703662 0.5408893142279024 0.5411357579854386 0.5413822017429748 0.5416286455005109 0.5418750892580472 0.5421215330155833 0.5423679767731194 0.5426144205306557 0.5428608642881918 0.543107308045728 0.5433537518032642 0.5436001955608007 0.543846639318337 0.5440930830758731 0.5443395268334092 0.5445859705909455 0.5448324143484816 0.5450788581060179 0.5452876911006184 0.5454563173394096 0.5456249435782008 0.545793569816992 0.5459621960557832 0.5461308222945744 0.546299448533366 0.5464680747721572 0.5466367010109484 0.5468053272497396 0.5469739534885308 0.547142579727322 0.5473112059661133 0.5474798322049045 0.5476484584436957 0.5478170846824869
0.5394619898580316 0.5397020723756235 0.5399421548932153 0.5401822374108072 0.5404223199283991 0.540662402445991 0.5409024849635828 0.5411425674811746 0.541382649998767 0.5416227325163588 0.5418628150339506 0.5421028975515425 0.5423429800691344 0.5425830625867263 0.5428231451043182 0.54306322762191 0.5433033101395018 0.5435433926570937 0.5437834751746856 0.5440235576922774 0.5442636402098693 0.5445037227274616 0.5447438052450535 0.5449838877626453 0.5452239702802372 0.5454640527978291 0.545704135315421 0.5459442178330127 0.5461377536399056 0.5462815299608235 0.5464253062817414 0.5465690826026592 0.546712858923577 0.5468566352444949 0.547000411565413 0.5471441878863309 0.5472879642072488 0.5474317405281667 0.5475755168490846 0.5477192931700023 0.5478630694909202 0.5480068458118381 0.548150622132756 0.5482943984536739
0.5404991030635229 0.5407328243411704 0.5409665456188181 0.5412002668964656 0.5414339881741131 0.5416677094517607 0.5419014307294082 0.5421351520070559 0.5423688732847037 0.5426025945623514 0.5428363158399989 0.5430700371176465 0.543303758395294 0.5435374796729415 0.5437712009505892 0.5440049222282367 0.5442386435058842 0.5444723647835318 0.5447060860611794 0.544939807338827 0.5451735286164745 0.5454072498941225 0.54564097117177 0.5458746924494176 0.5461084137270651 0.5463421350047127 0.5465758562823603 0.5468095775600078 0.5469878161791929 0.5471067425822375 0.5472256689852819 0.5473445953883265 0.5474635217913709 0.5475824481944155 0.5477013745974602 0.5478203010005047 0.5479392274035492 0.5480581538065937 0.5481770802096382 0.5482960066126827 0.5484149330157272 0.5485338594187718 0.5486527858218163 0.5487717122248608
0.5410799645615638 0.5413134729787343 0.5415469813959047 0.5417804898130753 0.5420139982302458 0.5422475066474162 0.5424810150645867 0.5427145234817572 0.542948031898928 0.5431815403160986 0.543415048733269 0.5436485571504395 0.54388206556761 0.5441155739847804 0.5443490824019509 0.5445825908191214 0.5448160992362919 0.5450496076534623 0.5452831160706328 0.5455166244878034 0.5457501329049738 0.5459836413221447 0.5462171497393151 0.5464506581564856 0.5466841665736561 0.5469176749908266 0.5471511834079971 0.5473846918251676 0.5475588122262841 0.5476694454957102 0.5477800787651361 0.5478907120345621 0.5480013453039881 0.5481119785734141 0.5482226118428403 0.5483332451122663 0.5484438783816923 0.5485545116511183 0.5486651449205443 0.5487757781899704 0.5488864114593963 0.5489970447288224 0.5491076779982483 0.5492183112676743
0.5411731217502069 0.5414129895369063 0.5416528573236057 0.5418927251103051 0.5421325928970044 0.5423724606837038 0.5426123284704032 0.5428521962571026 0.5430920640438023 0.5433319318305017 0.543571799617201 0.5438116674039004 0.5440515351905998 0.5442914029772992 0.5445312707639985 0.5447711385506979 0.5450110063373973 0.5452508741240967 0.545490741910796 0.5457306096974954 0.5459704774841947 0.5462103452708945 0.5464502130575939 0.5466900808442933 0.5469299486309926 0.547169816417692 0.5474096842043914 0.5476495519910908 0.5478315037878687 0.5479515420821686 0.5480715803764684 0.5481916186707682 0.548311656965068 0.5484316952593679 0.5485517335536679 0.5486717718479677 0.5487918101422675 0.5489118484365674 0.5490318867308672 0.549151925025167 0.5492719633194668 0.5493920016137667 0.5495120399080664 0.5496320782023663
0.5412662789388503 0.5415125060950785 0.5417587332513067 0.542004960407535 0.5422511875637632 0.5424974147199915 0.5427436418762197 0.542989869032448 0.5432360961886766 0.5434823233449049 0.5437285505011332 0.5439747776573615 0.5442210048135897 0.5444672319698179 0.5447134591260462 0.5449596862822744 0.5452059134385027 0.545452140594731 0.5456983677509593 0.5459445949071875 0.5461908220634157 0.5464370492196444 0.5466832763758727 0.5469295035321009 0.5471757306883291 0.5474219578445574 0.5476681850007856 0.547914412157014 0.5481041953494533 0.548233638668627 0.5483630819878007 0.5484925253069743 0.548621968626148 0.5487514119453216 0.5488808552644955 0.5490102985836691 0.5491397419028428 0.5492691852220164 0.54939862854119 0.5495280718603637 0.5496575151795373 0.549786958498711 0.5499164018178846 0.5500458451370583
0.5413594361274935 0.5416120226532506 0.5418646091790077 0.5421171957047649 0.542369782230522 0.5426223687562791 0.5428749552820363 0.5431275418077934 0.543380128333551 0.5436327148593081 0.5438853013850653 0.5441378879108224 0.5443904744365795 0.5446430609623367 0.5448956474880938 0.5451482340138509 0.545400820539608 0.5456534070653652 0.5459059935911224 0.5461585801168795 0.5464111666426367 0.5466637531683942 0.5469163396941513 0.5471689262199084 0.5474215127456656 0.5476740992714227 0.5479266857971798 0.5481792723229371 0.5483768869110379 0.5485157352550853 0.5486545835991328 0.5487934319431803 0.5489322802872277 0.5490711286312753 0.5492099769753229 0.5493488253193705 0.5494876736634179 0.5496265220074653 0.5497653703515128 0.5499042186955603 0.5500430670396078 0.5501819153836552 0.5503207637277027 0.5504596120717502
0.5414525933161367 0.5417115392114228 0.5419704851067088 0.5422294310019948 0.5424883768972808 0.5427473227925669 0.543006268687853 0.5432652145831389 0.5435241604784254 0.5437831063737114 0.5440420522689975 0.5443009981642835 0.5445599440595695 0.5448188899548556 0.5450778358501416 0.5453367817454277 0.5455957276407136 0.5458546735359997 0.5461136194312857 0.5463725653265717 0.5466315112218578 0.5468904571171442 0.5471494030124303 0.5474083489077163 0.5476672948030024 0.5479262406982883 0.5481851865935744 0.5484441324888604 0.5486495784726227 0.548797831841544 0.5489460852104653 0.5490943385793866 0.5492425919483079 0.5493908453172293 0.5495390986861508 0.549687352055072 0.5498356054239933 0.5499838587929147 0.550132112161836 0.5502803655307572 0.5504286188996785 0.5505768722685999 0.5507251256375212 0.5508733790064425
0.5415457505047799 0.5418110557695948 0.5420763610344097 0.5423416662992246 0.5426069715640396 0.5428722768288545 0.5431375820936694 0.5434028873584843 0.5436681926232997 0.5439334978881146 0.5441988031529296 0.5444641084177444 0.5447294136825593 0.5449947189473743 0.5452600242121892 0.5455253294770042 0.545790634741819 0.5460559400066339 0.5463212452714489 0.5465865505362638 0.5468518558010788 0.5471171610658941 0.547382466330709 0.5476477715955239 0.5479130768603389 0.5481783821251538 0.5484436873899687 0.5487089926547836 0.5489222700342073 0.5490799284280025 0.5492375868217976 0.5493952452155927 0.5495529036093878 0.5497105620031829 0.5498682203969784 0.5500258787907735 0.5501835371845686 0.5503411955783637 0.5504988539721588 0.5506565123659539 0.550814170759749 0.5509718291535441 0.5511294875473393 0.5512871459411344
0.5416389076934232 0.541910572327767 0.5421822369621108 0.5424539015964546 0.5427255662307984 0.5429972308651422 0.543268895499486 0.5435405601338298 0.543812224768174 0.5440838894025178 0.5443555540368616 0.5446272186712054 0.5448988833055493 0.5451705479398931 0.5454422125742369 0.5457138772085807 0.5459855418429245 0.5462572064772683 0.5465288711116121 0.5468005357459559 0.5470722003802997 0.5473438650146439 0.5476155296489877 0.5478871942833315 0.5481588589176754 0.5484305235520192 0.548702188186363 0.5489738528207068 0.549194961595792 0.5493620250144609 0.5495290884331299 0.5496961518517988 0.5498632152704677 0.5500302786891367 0.5501973421078059 0.5503644055264748 0.5505314689451437 0.5506985323638127 0.5508655957824816 0.5510326592011506 0.5511997226198195 0.5513667860384884 0.5515338494571574 0.5517009128758263
