Figures/CREST_Example_wjb_NSE/PETs/wjb.pet.20090518.asc
ncols            288
nrows            254
xllcorner        113.274861
yllcorner        31.4918055
cellsize         0.008333333333
NODATA_value     -9999
[rows 180 to 199 of 254, columns 220 to 263 of 288]
2.6248346460957723 2.6225852970961805 2.619448164504936 2.6153619711621228 2.61127577781931 2.607189584476497 2.6031033911336836 2.5990171977908707 2.594931004448058 2.5908448111052444 2.5867586177624315 2.5826724244196186 2.5785862310768053 2.5745000377339924 2.5704138443911724 2.5663276510483595 2.562241457705546 2.558155264362733 2.5540690710199203 2.549982877677107 2.545896684334294 2.541810490991481 2.537724297648668 2.533638104305855 2.529551910963042 2.5254657176202286 2.5213795242774157 2.5172933309345957 2.513207137591783 2.5091209442489695 2.5050347509061566 2.5009485575633437 2.4993050710443474 2.500272893415271 2.501240715786195 -9999.0 -9999.0 -9999.0 -9999.0 -9999.0 -9999.0 -9999.0 -9999.0 -9999.0
2.6278747387198336 2.6256056054514803 2.6225496687859486 2.6186526214820995 2.61475557417825 2.610858526874401 2.6069614795705514 2.6030644322667023 2.5991673849628527 2.5952703376590036 2.591373290355154 2.587476243051305 2.5835791957474554 2.5796821484436063 2.5757851011397506 2.571888053835901 2.5679910065320515 2.5640939592282024 2.5601969119243533 2.5562998646205037 2.552402817316654 2.548505770012805 2.544608722708956 2.5407116754051065 2.536814628101257 2.532917580797408 2.5290205334935587 2.5251234861897025 2.5212264388858534 2.517329391582004 2.5134323442781548 2.509535296974305 2.507920523491532 2.508745552387045 -9999.0 -9999.0 -9999.0 -9999.0 -9999.0 -9999.0 -9999.0 -9999.0 -9999.0 -9999.0
2.630914831343895 2.62862591380678 2.6256511730669616 2.621943271802076 2.6182353705371906 2.614527469272305 2.610819568007419 2.607111666742534 2.603403765477648 2.5996958642127623 2.595987962947877 2.5922800616829913 2.588572160418106 2.5848642591532203 2.5811563578883283 2.5774484566234426 2.5737405553585573 2.5700326540936715 2.566324752828786 2.5626168515639005 2.5589089502990148 2.555201049034129 2.5514931477692437 2.547785246504358 2.5440773452394723 2.540369443974587 2.5366615427097012 2.5329536414448093 2.529245740179924 2.5255378389150382 2.5218299376501525 2.518122036385267 2.5165359759387163 -9999.0 -9999.0 -9999.0 -9999.0 -9999.0 -9999.0 -9999.0 -9999.0 -9999.0 -9999.0 -9999.0
2.633954923967959 2.631646222162083 2.6287526773479777 2.6252339221220558 2.6217151668961343 2.6181964116702123 2.614677656444291 2.611158901218369 2.6076401459924474 2.604121390766526 2.600602635540604 2.5970838803146825 2.5935651250887606 2.590046369862839 2.5865276146369114 2.5830088594109895 2.579490104185068 2.575971348959146 2.5724525937332245 2.5689338385073026 2.565415083281381 2.561896328055459 2.5583775728295377 2.5548588176036158 2.5513400623776943 2.5478213071517724 2.544302551925851 2.540783796699923 2.5372650414740012 2.5337462862480797 2.530227531022158 2.5267087757962363 2.525151428385908 2.5256908703306014 -9999.0 -9999.0 -9999.0 -9999.0 -9999.0 -9999.0 -9999.0 -9999.0 -9999.0 -9999.0
2.6369950165920204 2.6346665305173826 2.6318541816289907 2.6285245724420325 2.6251949632550744 2.6218653540681167 2.6185357448811586 2.6152061356942005 2.611876526507243 2.6085469173202847 2.6052173081333265 2.601887698946369 2.5985580897594107 2.5952284805724526 2.591898871385489 2.588569262198531 2.5852396530115733 2.581910043824615 2.578580434637657 2.5752508254506994 2.5719212162637413 2.5685916070767836 2.5652619978898255 2.5619323887028673 2.5586027795159096 2.5552731703289515 2.5519435611419934 2.54861395195503 2.545284342768072 2.541954733581114 2.538625124394156 2.535295515207198 2.533766880833092 2.5341635293023757 -9999.0 -9999.0 -9999.0 -9999.0 -9999.0 -9999.0 -9999.0 -9999.0 -9999.0 -9999.0
2.640035109216082 2.637686838872683 2.6349556859100036 2.6318152227620093 2.6286747596140154 2.625534296466021 2.622393833318027 2.6192533701700325 2.616112907022038 2.612972443874044 2.60983198072605 2.6066915175780556 2.6035510544300613 2.600410591282067 2.5972701281340673 2.594129664986073 2.5909892018380787 2.587848738690085 2.5847082755420905 2.581567812394096 2.578427349246102 2.5752868860981075 2.572146422950113 2.5690059598021193 2.565865496654125 2.5627250335061307 2.5595845703581364 2.5564441072101367 2.5533036440621424 2.5501631809141485 2.547022717766154 2.54388225461816 2.5423823332802766 2.54263618827415 -9999.0 -9999.0 -9999.0 -9999.0 -9999.0 -9999.0 -9999.0 -9999.0 -9999.0 -9999.0
2.6430752018401433 2.6407071472279826 2.6380571901910166 2.635105873081986 2.6321545559729556 2.629203238863925 2.6262519217548945 2.623300604645864 2.6203492875368335 2.617397970427803 2.6144466533187725 2.611495336209742 2.6085440191007114 2.605592701991681 2.6026413848826455 2.599690067773615 2.5967387506645845 2.593787433555554 2.5908361164465235 2.587884799337493 2.5849334822284624 2.581982165119432 2.5790308480104014 2.576079530901371 2.5731282137923404 2.57017689668331 2.5672255795742793 2.5642742624652435 2.561322945356213 2.5583716282471824 2.555420311138152 2.5524689940291214 -9999.0 -9999.0 -9999.0 -9999.0 -9999.0 -9999.0 -9999.0 -9999.0 -9999.0 -9999.0 -9999.0 -9999.0
2.646115294464204 2.6437274555832824 2.6411586944720296 2.6383965234019624 2.6356343523318957 2.632872181261829 2.6301100101917623 2.6273478391216956 2.624585668051629 2.6218234969815617 2.619061325911495 2.6162991548414283 2.6135369837713616 2.610774812701295 2.6080126416312233 2.6052504705611566 2.60248829949109 2.599726128421023 2.596963957350956 2.5942017862808893 2.5914396152108226 2.588677444140756 2.585915273070689 2.5831531020006224 2.5803909309305557 2.5776287598604886 2.574866588790422 2.5721044177203503 2.5693422466502835 2.566580075580217 2.56381790451015 -9999.0 -9999.0 -9999.0 -9999.0 -9999.0 -9999.0 -9999.0 -9999.0 -9999.0 -9999.0 -9999.0 -9999.0 -9999.0
2.649155387088266 2.6467477639385826 2.6442601987530425 2.6416871737219396 2.6391141486908363 2.6365411236597334 2.6339680986286305 2.631395073597527 2.628822048566424 2.6262490235353213 2.623675998504218 2.621102973473115 2.618529948442012 2.615956923410909 2.6133838983798015 2.6108108733486985 2.608237848317595 2.6056648232864923 2.6030917982553894 2.600518773224286 2.597945748193183 2.5953727231620802 2.592799698130977 2.590226673099874 2.587653648068771 2.5850806230376677 2.582507598006565 2.5799345729754575 2.577361547944354 2.574788522913251 2.5722154978821483 -9999.0 -9999.0 -9999.0 -9999.0 -9999.0 -9999.0 -9999.0 -9999.0 -9999.0 -9999.0 -9999.0 -9999.0 -9999.0
2.6521954797123297 2.6497680722938854 2.647361703034058 2.644977824041919 2.64259394504978 2.640210066057641 2.6378261870655013 2.635442308073362 2.633058429081223 2.630674550089084 2.628290671096945 2.625906792104806 2.6235229131126667 2.621139034120527 2.618755155128384 2.616371276136245 2.613987397144106 2.611603518151967 2.6092196391598277 2.606835760167688 2.604451881175549 2.60206800218341 2.599684123191271 2.5973002441991317 2.5949163652069926 2.5925324862148535 2.590148607222714 2.587764728230571 2.585380849238432 2.5829969702462927 2.5806130912541536 -9999.0 -9999.0 -9999.0 -9999.0 -9999.0 -9999.0 -9999.0 -9999.0 -9999.0 -9999.0 -9999.0 -9999.0 -9999.0
2.655235572336391 2.652788380649185 2.650463207315071 2.6482684743618954 2.64607374140872 2.643879008455545 2.641684275502369 2.6394895425491938 2.6372948095960185 2.635100076642843 2.6329053436896674 2.630710610736492 2.628515877783317 2.626321144830141 2.6241264118769623 2.6219316789237865 2.6197369459706112 2.617542213017436 2.61534748006426 2.613152747111085 2.6109580141579096 2.6087632812047343 2.6065685482515586 2.6043738152983833 2.602179082345208 2.5999843493920323 2.597789616438857 2.5955948834856777 2.5934001505325024 2.591205417579327 2.5890106846261514 2.586815951672976 -9999.0 -9999.0 -9999.0 -9999.0 -9999.0 -9999.0 -9999.0 -9999.0 -9999.0 -9999.0 -9999.0 -9999.0
2.6582756649604526 2.6558086890044854 2.653564711596084 2.6515591246818726 2.6495535377676607 2.647547950853449 2.6455423639392373 2.6435367770250258 2.641531190110814 2.6395256031966023 2.6375200162823904 2.635514429368179 2.633508842453967 2.6315032555397555 2.6294976686255405 2.6274920817113285 2.625486494797117 2.623480907882905 2.6214753209686936 2.6194697340544817 2.61746414714027 2.6154585602260583 2.613452973311847 2.611447386397635 2.6094417994834234 2.6074362125692114 2.605430625655 2.603425038740785 2.601419451826573 2.5994138649123615 2.5974082779981496 2.595402691083938 -9999.0 -9999.0 -9999.0 -9999.0 -9999.0 -9999.0 -9999.0 -9999.0 -9999.0 -9999.0 -9999.0 -9999.0
2.661315757584514 2.658828997359785 2.656666215877097 2.654849775001849 2.6530333341266013 2.651216893251353 2.649400452376105 2.6475840115008573 2.645767570625609 2.6439511297503615 2.6421346888751134 2.6403182479998653 2.6385018071246176 2.6366853662493694 2.6348689253741187 2.6330524844988705 2.6312360436236224 2.6294196027483747 2.6276031618731266 2.6257867209978785 2.623970280122631 2.6221538392473827 2.620337398372135 2.618520957496887 2.6167045166216387 2.614888075746391 2.613071634871143 2.611255193995892 2.609438753120644 2.607622312245396 2.605805871370148 2.6039894304949 -9999.0 -9999.0 -9999.0 -9999.0 -9999.0 -9999.0 -9999.0 -9999.0 -9999.0 -9999.0 -9999.0 -9999.0
2.6643558502085756 2.6618493057150854 2.6597677201581105 2.658140425321826 2.656513130485542 2.6548858356492575 2.653258540812973 2.6516312459766893 2.650003951140405 2.6483766563041207 2.6467493614678363 2.645122066631552 2.643494771795268 2.641867476958984 2.640240182122697 2.6386128872864125 2.636985592450128 2.635358297613844 2.6337310027775596 2.6321037079412757 2.6304764131049914 2.628849118268707 2.6272218234324227 2.6255945285961384 2.6239672337598545 2.62233993892357 2.620712644087286 2.619085349250999 2.6174580544147146 2.6158307595784303 2.614203464742146 2.612576169905862 2.61130595285776 -9999.0 -9999.0 -9999.0 -9999.0 -9999.0 -9999.0 -9999.0 -9999.0 -9999.0 -9999.0 -9999.0
2.667395942832638 2.6648696140703865 2.6628692244391243 2.6614310756418043 2.6599929268444837 2.6585547780471632 2.6571166292498427 2.655678480452522 2.654240331655202 2.6528021828578816 2.651364034060561 2.6499258852632406 2.64848773646592 2.6470495876686 2.645611438871277 2.6441732900739563 2.6427351412766362 2.6412969924793157 2.639858843681995 2.6384206948846747 2.636982546087354 2.635544397290034 2.6341062484927136 2.632668099695393 2.6312299508980725 2.629791802100752 2.628353653303432 2.626915504506109 2.6254773557087883 2.624039206911468 2.6226010581141477 2.621162909316827 2.619921405304948 -9999.0 -9999.0 -9999.0 -9999.0 -9999.0 -9999.0 -9999.0 -9999.0 -9999.0 -9999.0 -9999.0
2.6704360354566994 2.6678899224256862 2.6659707287201373 2.6647217259617806 2.663472723203424 2.662223720445067 2.6609747176867105 2.6597257149283537 2.658476712169997 2.6572277094116403 2.6559787066532836 2.654729703894927 2.65348070113657 2.6522316983782135 2.650982695619855 2.6497336928614983 2.6484846901031416 2.647235687344785 2.645986684586428 2.6447376818280715 2.6434886790697147 2.642239676311358 2.6409906735530013 2.6397416707946446 2.638492668036288 2.637243665277931 2.6359946625195745 2.6347456597612156 2.633496657002859 2.632247654244502 2.6309986514861454 2.6297496487277887 2.6285368577521324 -9999.0 -9999.0 -9999.0 -9999.0 -9999.0 -9999.0 -9999.0 -9999.0 -9999.0 -9999.0 -9999.0
2.673476128080761 2.6709102307809864 2.6690722330011507 2.6680123762817574 2.6669525195623645 2.6658926628429715 2.6648328061235786 2.6637729494041857 2.662713092684793 2.6616532359654 2.6605933792460066 2.6595335225266137 2.6584736658072208 2.657413809087828 2.656353952368433 2.6552940956490403 2.654234238929647 2.653174382210254 2.652114525490861 2.6510546687714682 2.6499948120520753 2.6489349553326824 2.647875098613289 2.646815241893896 2.6457553851745033 2.6446955284551104 2.6436356717357175 2.6425758150163228 2.6415159582969294 2.6404561015775365 2.6393962448581436 2.6383363881387507 2.637152310199317 -9999.0 -9999.0 -9999.0 -9999.0 -9999.0 -9999.0 -9999.0 -9999.0 -9999.0 -9999.0 -9999.0
2.6765162207048236 2.6739305391362875 2.6721737372821646 2.6713030266017355 2.6704323159213064 2.6695616052408773 2.668690894560448 2.667820183880019 2.66694947319959 2.666078762519161 2.6652080518387313 2.6643373411583022 2.663466630477873 2.662595919797444 2.6617252091170136 2.6608544984365845 2.659983787756155 2.659113077075726 2.6582423663952968 2.6573716557148677 2.6565009450344386 2.6556302343540095 2.6547595236735804 2.6538888129931513 2.653018102312722 2.6521473916322926 2.6512766809518635 2.650405970271433 2.649535259591004 2.648664548910575 2.6477938382301454 2.6469231275497163 2.6457677626465053 -9999.0 -9999.0 -9999.0 -9999.0 -9999.0 -9999.0 -9999.0 -9999.0 -9999.0 -9999.0 -9999.0
2.6795563133288853 2.6769508474915877 2.675275241563178 2.6745936769217127 2.673912112280247 2.6732305476387817 2.6725489829973164 2.6718674183558506 2.6711858537143853 2.67050428907292 2.6698227244314547 2.669141159789989 2.6684595951485237 2.6677780305070584 2.667096465865592 2.666414901224126 2.6657333365826608 2.6650517719411955 2.6643702072997297 2.6636886426582644 2.663007078016799 2.662325513375334 2.661643948733868 2.660962384092403 2.6602808194509375 2.659599254809472 2.6589176901680065 2.65823612552654 2.6575545608850746 2.656872996243609 2.6561914316021435 -9999.0 -9999.0 -9999.0 -9999.0 -9999.0 -9999.0 -9999.0 -9999.0 -9999.0 -9999.0 -9999.0 -9999.0 -9999.0
2.6825964059529466 2.6799711558468875 2.678376745844191 2.677884327241689 2.6773919086391875 2.6768994900366856 2.676407071434184 2.675914652831682 2.6754222342291807 2.6749298156266788 2.6744373970241773 2.6739449784216753 2.673452559819174 2.6729601412166724 2.6724677226141695 2.671975304011668 2.671482885409166 2.6709904668066646 2.6704980482041627 2.670005629601661 2.6695132109991593 2.669020792396658 2.668528373794156 2.6680359551916544 2.667543536589153 2.667051117986651 2.6665586993841495 2.6660662807816466 2.665573862179145 2.6650814435766432 2.6645890249741417 -9999.0 -9999.0 -9999.0 -9999.0 -9999.0 -9999.0 -9999.0 -9999.0 -9999.0 -9999.0 -9999.0 -9999.0 -9999.0
