Figures/CREST_Example_wjb_NSE/PETs/wjb.pet.20090505.asc
ncols            288
nrows            254
xllcorner        113.274861
yllcorner        31.4918055
cellsize         0.008333333333
NODATA_value     -9999
[rows 140 to 159 of 254, columns 176 to 219 of 288]
2.4025214750566324 2.4001128321386838 2.3977041892207347 2.395295546302786 2.392886903384837 2.3904782604668884 2.3880696175489353 2.3856609746309863 2.3832523317130376 2.3808436887950886 2.37843504587714 2.376026402959191 2.3736177600412423 2.371209117123293 2.3688004742053446 2.3663918312873955 2.3638640607639805 2.3612089401348677 2.3585538195057554 2.355898698876638 2.353243578247526 2.3505884576184135 2.3479333369893007 2.3452782163601884 2.342623095731076 2.3399679751019633 2.337312854472851 2.3346577338437386 2.332002613214626 2.3293474925855135 2.326692371956401 2.3240372513272884 2.3213821306981717 2.3187270100690593 2.3160718894399466 2.3134167688108342 2.310761648181722 2.308106527552609 2.305451406923497 2.3027962862943845 2.3001411656652717 2.2974860450361594 2.294830924407047 2.2921758037779343
2.401327623095731 2.398858824277848 2.396390025459965 2.3939212266420817 2.391452427824199 2.388983629006316 2.3865148301884287 2.384046031370546 2.381577232552663 2.3791084337347796 2.376639634916897 2.374170836099014 2.371702037281131 2.3692332384632477 2.366764439645365 2.364295640827482 2.3616819262714612 2.35891329351242 2.3561446607533783 2.353376027994332 2.350607395235291 2.347838762476249 2.345070129717208 2.3423014969581666 2.339532864199125 2.3367642314400836 2.333995598681042 2.3312269659220006 2.3284583331629594 2.3256897004039176 2.3229210676448764 2.3201524348858347 2.3173838021267885 2.3146151693677472 2.3118465366087055 2.3090779038496643 2.306309271090623 2.3035406383315813 2.30077200557254 2.2980033728134983 2.295234740054457 2.292466107295416 2.289697474536374 2.286928841777333
2.400133771134829 2.397604816417012 2.395075861699195 2.392546906981378 2.3900179522635607 2.3874889975457436 2.384960042827922 2.382431088110105 2.379902133392288 2.3773731786744707 2.3748442239566536 2.3723152692388365 2.3697863145210194 2.3672573598032023 2.364728405085385 2.362199450367568 2.359499791778942 2.3566176468899718 2.353735502001001 2.350853357112026 2.3479712122230554 2.345089067334085 2.3422069224451145 2.3393247775561443 2.3364426326671737 2.3335604877782035 2.330678342889233 2.3277961980002626 2.324914053111292 2.3220319082223217 2.319149763333351 2.316267618444381 2.3133854735554054 2.310503328666435 2.3076211837774645 2.3047390388884943 2.3018568939995236 2.2989747491105534 2.296092604221583 2.293210459332612 2.290328314443642 2.2874461695546713 2.284564024665701 2.2816818797767304
2.398939919173927 2.3963508085561758 2.393761697938425 2.3911725873206735 2.388583476702922 2.3859943660851712 2.3834052554674154 2.380816144849664 2.378227034231913 2.375637923614162 2.3730488129964105 2.3704597023786595 2.367870591760908 2.365281481143157 2.362692370525406 2.3601032599076546 2.357317657286423 2.3543220002675236 2.3513263432486244 2.34833068622972 2.3453350292108204 2.342339372191921 2.3393437151730216 2.336348058154122 2.333352401135223 2.3303567441163233 2.3273610870974237 2.3243654300785246 2.321369773059625 2.318374116040726 2.3153784590218263 2.312382802002927 2.309387144984022 2.306391487965123 2.3033958309462235 2.3004001739273243 2.2974045169084247 2.2944088598895256 2.291413202870626 2.2884175458517264 2.2854218888328273 2.2824262318139277 2.2794305747950285 2.276434917776129
2.397746067213024 2.3950968006953386 2.3924475341776534 2.389798267659968 2.3871490011422827 2.384499734624597 2.381850468106907 2.379201201589222 2.3765519350715363 2.373902668553851 2.3712534020361655 2.3686041355184804 2.3659548690007948 2.3633056024831096 2.360656335965424 2.358007069447739 2.3551355227939017 2.352026353645073 2.3489171844962446 2.3458080153474112 2.3426988461985827 2.339589677049754 2.3364805079009257 2.333371338752097 2.3302621696032686 2.32715300045444 2.3240438313056115 2.320934662156783 2.3178254930079545 2.3147163238591264 2.311607154710298 2.3084979855614693 2.3053888164126355 2.302279647263807 2.2991704781149784 2.29606130896615 2.2929521398173214 2.289842970668493 2.2867338015196648 2.2836246323708362 2.2805154632220077 2.277406294073179 2.2742971249243507 2.271187955775522
2.3965522152521226 2.3938427928345027 2.3911333704168833 2.388423947999264 2.3857145255816445 2.3830051031640247 2.380295680746401 2.377586258328781 2.3748768359111616 2.372167413493542 2.369457991075923 2.366748568658303 2.3640391462406836 2.361329723823064 2.3586203014054448 2.355910878987825 2.352953388301383 2.3497307070226254 2.346508025743868 2.3432853444651047 2.3400626631863473 2.33683998190759 2.3336173006288323 2.330394619350075 2.3271719380713174 2.3239492567925604 2.320726575513803 2.3175038942350454 2.314281212956288 2.3110585316775305 2.307835850398773 2.3046131691200156 2.3013904878412523 2.298167806562495 2.2949451252837374 2.29172244400498 2.2884997627262225 2.285277081447465 2.2820544001687075 2.2788317188899505 2.275609037611193 2.2723863563324356 2.269163675053678 2.2659409937749206
2.3953583632912205 2.392588784973667 2.3898192066561132 2.3870496283385596 2.384280050021006 2.3815104717034523 2.3787408933858942 2.3759713150683406 2.373201736750787 2.3704321584332333 2.3676625801156796 2.364893001798126 2.3621234234805724 2.3593538451630187 2.356584266845465 2.3538146885279114 2.3507712538088636 2.3474350604001772 2.344098866991491 2.3407626735827987 2.3374264801741123 2.334090286765426 2.3307540933567394 2.327417899948053 2.3240817065393666 2.3207455131306802 2.3174093197219934 2.314073126313307 2.3107369329046206 2.307400739495934 2.3040645460872478 2.3007283526785614 2.297392159269869 2.2940559658611828 2.2907197724524964 2.28738357904381 2.2840473856351236 2.280711192226437 2.2773749988177507 2.2740388054090643 2.2707026120003775 2.267366418591691 2.2640302251830047 2.2606940317743183
2.3941645113303185 2.391334777112831 2.388505042895343 2.3856753086778553 2.382845574460368 2.38001584024288 2.3771861060253876 2.3743563718078997 2.371526637590412 2.3686969033729244 2.3658671691554365 2.3630374349379486 2.360207700720461 2.3573779665029733 2.3545482322854854 2.351718498067998 2.348589119316345 2.345139413777729 2.3416897082391137 2.3382400027004926 2.3347902971618772 2.3313405916232615 2.327890886084646 2.3244411805460308 2.3209914750074154 2.3175417694688 2.3140920639301847 2.3106423583915694 2.3071926528529536 2.3037429473143383 2.300293241775723 2.2968435362371076 2.293393830698486 2.2899441251598707 2.2864944196212553 2.28304471408264 2.2795950085440246 2.2761453030054093 2.272695597466794 2.269245891928178 2.265796186389563 2.2623464808509475 2.258896775312332 2.255447069773717
2.3927323501129796 2.389857786383818 2.3869832226546572 2.384108658925496 2.3812340951963344 2.378359531467173 2.375484967738007 2.372610404008846 2.3697358402796844 2.366861276550523 2.363986712821362 2.3611121490922007 2.3582375853630393 2.3553630216338783 2.352488457904717 2.3496138941755556 2.346420651863588 2.342886734935985 2.3393528180083822 2.3358189010807733 2.3322849841531705 2.328751067225568 2.3252171502979646 2.321683233370362 2.318149316442759 2.3146153995151564 2.311081482587553 2.3075475656599505 2.3040136487323477 2.300479731804745 2.296945814877142 2.293411897949539 2.28987798102193 2.2863440640943273 2.2828101471667246 2.2792762302391214 2.2757423133115187 2.272208396383916 2.2686744794563127 2.26514056252871 2.2616066456011072 2.2580727286735045 2.2545388117459013 2.2510048948182986
2.3910454513230404 2.3881424410251118 2.385239430727183 2.3823364204292545 2.379433410131326 2.3765303998333973 2.373627389535464 2.370724379237535 2.3678213689396066 2.364918358641678 2.3620153483437494 2.3591123380458208 2.356209327747892 2.3533063174499635 2.350403307152035 2.3475002968541063 2.3442667936147954 2.3406799859432126 2.3370931782716298 2.3335063706000407 2.329919562928458 2.3263327552568747 2.322745947585292 2.319159139913709 2.315572332242126 2.311985524570543 2.30839871689896 2.3048119092273773 2.301225101555794 2.2976382938842113 2.2940514862126284 2.2904646785410456 2.2868778708694566 2.2832910631978733 2.2797042555262905 2.2761174478547077 2.272530640183125 2.2689438325115416 2.265357024839959 2.261770217168376 2.2581834094967927 2.25459660182521 2.251009794153627 2.2474229864820443
2.389358552533099 2.386427095666403 2.3834956387997073 2.3805641819330114 2.3776327250663156 2.37470126819962 2.3717698113329186 2.368838354466223 2.365906897599527 2.362975440732831 2.3600439838661353 2.357112526999439 2.3541810701327432 2.3512496132660474 2.3483181563993516 2.3453866995326558 2.3421129353660013 2.3384732369504384 2.334833538534875 2.331193840119306 2.327554141703743 2.3239144432881798 2.320274744872617 2.316635046457054 2.3129953480414907 2.3093556496259278 2.305715951210365 2.3020762527948015 2.2984365543792387 2.2947968559636758 2.2911571575481124 2.2875174591325496 2.28387776071698 2.280238062301417 2.2765983638858542 2.272958665470291 2.269318967054728 2.265679268639165 2.262039570223602 2.258399871808039 2.254760173392476 2.2511204749769127 2.24748077656135 2.243841078145787
2.3876716537431597 2.384711750307696 2.381751846872233 2.37879194343677 2.3758320400013067 2.3728721365658436 2.3699122331303752 2.366952329694912 2.363992426259449 2.3610325228239857 2.3580726193885226 2.3551127159530596 2.352152812517596 2.349192909082133 2.3462330056466696 2.3432731022112065 2.339959077117209 2.3362664879576656 2.3325738987981226 2.328881309638573 2.32518872047903 2.321496131319487 2.3178035421599437 2.3141109530004007 2.3104183638408577 2.3067257746813143 2.3030331855217714 2.299340596362228 2.295648007202685 2.291955418043142 2.2882628288835987 2.2845702397240557 2.280877650564506 2.277185061404963 2.27349247224542 2.2697998830858768 2.266107293926334 2.262414704766791 2.2587221156072474 2.2550295264477045 2.251336937288161 2.247644348128618 2.243951758969075 2.2402591698095318
2.38598475495322 2.38299640494899 2.380008054944759 2.377019704940529 2.374031354936298 2.3710430049320674 2.368054654927832 2.3650663049236016 2.362077954919371 2.3590896049151406 2.35610125491091 2.3531129049066797 2.350124554902449 2.3471362048982187 2.344147854893988 2.3411595048897573 2.337805218868416 2.334059738964893 2.33031425906137 2.3265687791578404 2.3228232992543174 2.319077819350794 2.315332339447271 2.311586859543748 2.3078413796402244 2.3040958997367014 2.300350419833178 2.296604939929655 2.292859460026132 2.2891139801226084 2.2853685002190853 2.2816230203155623 2.2778775404120326 2.2741320605085096 2.270386580604986 2.266641100701463 2.2628956207979396 2.2591501408944166 2.2554046609908935 2.25165918108737 2.247913701183847 2.244168221280324 2.2404227413768005 2.2366772614732775
2.3842978561632804 2.3812810595902825 2.378264263017285 2.375247466444287 2.372230669871289 2.3692138732982913 2.3661970767252885 2.3631802801522905 2.360163483579293 2.357146687006295 2.3541298904332972 2.3511130938602998 2.348096297287302 2.345079500714304 2.342062704141306 2.3390459075683085 2.335651360619624 2.3318529899721208 2.328054619324617 2.324256248677108 2.3204578780296043 2.3166595073821012 2.312861136734598 2.3090627660870946 2.3052643954395915 2.301466024792088 2.297667654144585 2.2938692834970817 2.290070912849578 2.286272542202075 2.282474171554572 2.2786758009070684 2.2748774302595587 2.2710790596120556 2.2672806889645525 2.263482318317049 2.259683947669546 2.2558855770220427 2.252087206374539 2.248288835727036 2.244490465079533 2.2406920944320294 2.2368937237845263 2.2330953531370232
2.3826109573733407 2.3795657142315756 2.376520471089811 2.3734752279480458 2.3704299848062806 2.3673847416645155 2.364339498522745 2.36129425538098 2.358249012239215 2.35520376909745 2.352158525955685 2.34911328281392 2.3460680396721547 2.3430227965303896 2.3399775533886245 2.3369323102468593 2.3334975023708315 2.3296462409793484 2.3257949795878647 2.321943718196375 2.3180924568048917 2.314241195413408 2.310389934021925 2.3065386726304418 2.302687411238958 2.298836149847475 2.294984888455992 2.291133627064508 2.287282365673025 2.283431104281542 2.279579842890058 2.275728581498575 2.271877320107085 2.268026058715602 2.2641747973241184 2.2603235359326352 2.256472274541152 2.2526210131496684 2.2487697517581853 2.244918490366702 2.2410672289752185 2.2372159675837353 2.233364706192252 2.2295134448007685
2.3809240585834015 2.377850368872869 2.374776679162337 2.371702989451804 2.3686292997412717 2.3655556100307393 2.3624819203202017 2.3594082306096693 2.356334540899137 2.3532608511886046 2.3501871614780723 2.34711347176754 2.3440397820570076 2.3409660923464752 2.3378924026359424 2.33481871292541 2.331343644122039 2.3274394919865755 2.3235353398511123 2.3196311877156424 2.3157270355801787 2.3118228834447154 2.307918731309252 2.3040145791737885 2.3001104270383252 2.296206274902862 2.2923021227673983 2.288397970631935 2.284493818496472 2.280589666361008 2.276685514225545 2.2727813620900816 2.2688772099546113 2.264973057819148 2.261068905683685 2.2571647535482215 2.253260601412758 2.2493564492772946 2.2454522971418314 2.2415481450063677 2.2376439928709044 2.233739840735441 2.2298356885999775 2.2259315364645142
2.379237159793462 2.3761350235141623 2.3730328872348627 2.3699307509555627 2.366828614676263 2.3637264783969636 2.3606243421176583 2.3575222058383587 2.354420069559059 2.3513179332797596 2.3482157970004596 2.34511366072116 2.3420115244418604 2.3389093881625604 2.335807251883261 2.3327051156039613 2.3291897858732464 2.325232742993803 2.32127570011436 2.3173186572349094 2.313361614355466 2.3094045714760227 2.305447528596579 2.3014904857171357 2.2975334428376923 2.2935763999582486 2.2896193570788053 2.285662314199362 2.281705271319918 2.277748228440475 2.2737911855610315 2.269834142681588 2.265877099802138 2.2619200569226945 2.2579630140432507 2.2540059711638074 2.250048928284364 2.2460918854049203 2.242134842525477 2.2381777996460337 2.2342207567665904 2.2302637138871466 2.2263066710077033 2.22234962812826
2.377550261003521 2.374419678155454 2.371289095307387 2.3681585124593196 2.365027929611253 2.3618973467631856 2.3587667639151135 2.3556361810670463 2.3525055982189795 2.3493750153709123 2.3462444325228455 2.3431138496747783 2.3399832668267115 2.3368526839786443 2.3337221011305775 2.3305915182825103 2.3270359276244523 2.323025994001029 2.319016060377605 2.3150061267541746 2.310996193130751 2.306986259507328 2.302976325883904 2.2989663922604806 2.2949564586370568 2.2909465250136334 2.28693659139021 2.282926657766786 2.2789167241433628 2.274906790519939 2.2708968568965155 2.266886923273092 2.2628769896496617 2.258867056026238 2.2548571224028144 2.250847188779391 2.246837255155967 2.242827321532544 2.23881738790912 2.2348074542856966 2.230797520662273 2.2267875870388494 2.222777653415426 2.218767719792002
2.375863362213581 2.372704332796747 2.3695453033799128 2.3663862739630783 2.363227244546244 2.36006821512941 2.35690918571257 2.3537501562957357 2.3505911268789013 2.3474320974620673 2.344273068045233 2.3411140386283984 2.3379550092115644 2.33479597979473 2.3316369503778955 2.328477920961061 2.32488206937566 2.320819245008256 2.3167564206408526 2.312693596273442 2.3086307719060386 2.3045679475386347 2.3005051231712312 2.2964422988038273 2.292379474436424 2.2883166500690204 2.2842538257016165 2.280191001334213 2.276128176966809 2.2720653525994057 2.268002528232002 2.2639397038645983 2.2598768794971877 2.2558140551297843 2.251751230762381 2.247688406394977 2.2436255820275735 2.2395627576601695 2.235499933292766 2.2314371089253626 2.2273742845579587 2.2233114601905553 2.219248635823152 2.215185811455748
2.3741764634236415 2.37098898743804 2.3678015114524382 2.3646140354668366 2.361426559481235 2.3582390834956333 2.3550516075100263 2.3518641315244246 2.348676655538823 2.3454891795532213 2.3423017035676197 2.339114227582018 2.335926751596417 2.332739275610815 2.3295517996252135 2.326364323639612 2.322728211126867 2.3186124960154832 2.3144967809040997 2.3103810657927086 2.306265350681325 2.3021496355699416 2.2980339204585576 2.293918205347174 2.2898024902357905 2.2856867751244065 2.281571060013023 2.2774553449016395 2.2733396297902555 2.269223914678872 2.265108199567488 2.2609924844561045 2.256876769344714 2.2527610542333303 2.2486453391219463 2.2445296240105628 2.240413908899179 2.2362981937877953 2.2321824786764117 2.2280667635650278 2.223951048453644 2.2198353333422607 2.2157196182308767 2.211603903119493
