Figures/CREST_Example_wjb_NSE/PETs/wjb.pet.20090105.asc
ncols            288
nrows            254
xllcorner        113.274861
yllcorner        31.4918055
cellsize         0.008333333333
NODATA_value     -9999
[rows 76 to 94 of 254, columns 0 to 43 of 288]
-9999.0 -9999.0 -9999.0 -9999.0 -9999.0 -9999.0 -9999.0 -9999.0 -9999.0 -9999.0 -9999.0 0.5185277284046437 0.5219820296918724 0.5283397701225778 0.5346975105532723 0.5410552509839669 0.5474129914146614 0.553770731845356 0.5601284722760506 0.566486212706745 0.5728439531374396 0.5792016935681342 0.5855594339988287 0.5919171744295233 0.5982749148602178 0.6046326552909124 0.6109903957216177 0.6173481361523123 0.6237058765830068 0.6300636170137014 0.636421357444396 0.6427790978750905 0.6491368383057851 0.6554945787364796 0.6618523191671741 0.6682100595978687 0.6745678000285633 0.6809255404592578 0.6872832808899524 0.6936410213206577 0.6999987617513523 0.7063565021820468 0.709149733967297 0.7081324254493964
-9999.0 -9999.0 -9999.0 -9999.0 -9999.0 -9999.0 -9999.0 -9999.0 -9999.0 -9999.0 -9999.0 0.5155840462582438 0.518967753728474 0.5252073405047907 0.5314469272810967 0.5376865140574026 0.5439261008337086 0.5501656876100146 0.5564052743863206 0.5626448611626266 0.5688844479389326 0.5751240347152385 0.5813636214915445 0.5876032082678505 0.5938427950441565 0.6000823818204625 0.6063219685967791 0.6125615553730851 0.6188011421493911 0.6250407289256971 0.631280315702003 0.637519902478309 0.643759489254615 0.6499990760309209 0.656238662807227 0.6624782495835329 0.668717836359839 0.6749574231361448 0.6811970099124509 0.6874365966887674 0.6936761834650735 0.6999157702413794 0.7026938688117096 0.7017715582570376
-9999.0 -9999.0 -9999.0 -9999.0 -9999.0 -9999.0 -9999.0 -9999.0 -9999.0 -9999.0 -9999.0 0.5126403641118441 0.5159534777650757 0.5220749108870035 0.5281963440089209 0.5343177771308384 0.5404392102527558 0.5465606433746732 0.5526820764965906 0.558803509618508 0.5649249427404255 0.5710463758623429 0.5771678089842603 0.5832892421061777 0.5894106752280952 0.5955321083500126 0.6016535414719404 0.6077749745938579 0.6138964077157752 0.6200178408376927 0.6261392739596101 0.6322607070815275 0.638382140203445 0.6445035733253623 0.6506250064472798 0.6567464395691972 0.6628678726911146 0.6689893058130321 0.6751107389349494 0.6812321720568774 0.6873536051787947 0.6934750383007122 0.6962380036561224 0.695410691064679
-9999.0 -9999.0 -9999.0 -9999.0 -9999.0 -9999.0 -9999.0 -9999.0 -9999.0 -9999.0 -9999.0 -9999.0 0.5129392018016748 0.5189424812692138 0.5249457607367426 0.5309490402042714 0.5369523196718001 0.5429555991393289 0.5489588786068575 0.5549621580743863 0.5609654375419151 0.5669687170094438 0.5729719964769726 0.5789752759445014 0.5849785554120301 0.5909818348795588 0.5969851143470979 0.6029883938146265 0.6089916732821553 0.6149949527496841 0.6209982322172128 0.6270015116847416 0.6330047911522704 0.6390080706197991 0.6450113500873279 0.6510146295548567 0.6570179090223853 0.6630211884899141 0.6690244679574429 0.6750277474249818 0.6810310268925106 0.6870343063600394 0.6897821385005296 0.6890498238723151
-9999.0 -9999.0 -9999.0 -9999.0 -9999.0 -9999.0 -9999.0 -9999.0 -9999.0 -9999.0 -9999.0 -9999.0 -9999.0 0.5158100516514267 0.521695177464567 0.5275803032777071 0.5334654290908473 0.5393505549039874 0.5452356807171277 0.5511208065302678 0.557005932343408 0.5628910581565483 0.5687761839696884 0.5746613097828286 0.5805464355959689 0.586431561409109 0.5923166872222592 0.5982018130353994 0.6040869388485396 0.6099720646616797 0.61585719047482 0.6217423162879602 0.6276274421011003 0.6335125679142406 0.6393976937273808 0.6452828195405209 0.6511679453536611 0.6570530711668013 0.6629381969799415 0.6688233227930918 0.6747084486062319 0.6805935744193721 0.6833262733449424 0.6826889566799564
-9999.0 -9999.0 -9999.0 -9999.0 -9999.0 -9999.0 -9999.0 -9999.0 -9999.0 -9999.0 -9999.0 -9999.0 0.5069106498748781 0.5126776220336395 0.5184445941923912 0.5242115663511429 0.5299785385098945 0.5357455106686461 0.5415124828273977 0.5472794549861494 0.5530464271449009 0.5588133993036526 0.5645803714624043 0.5703473436211559 0.5761143157799075 0.5818812879386591 0.5876482600974205 0.5934152322561722 0.5991822044149239 0.6049491765736754 0.6107161487324271 0.6164831208911787 0.6222500930499303 0.628017065208682 0.6337840373674336 0.6395510095261852 0.6453179816849368 0.6510849538436885 0.6568519260024401 0.6626188981612016 0.6683858703199532 0.6741528424787048 0.6768704081893552 0.6763280894875978
-9999.0 -9999.0 -9999.0 -9999.0 -9999.0 -9999.0 -9999.0 -9999.0 -9999.0 -9999.0 -9999.0 0.5008656355262424 0.5038963739114798 0.5095451924158525 0.5151940109202156 0.5208428294245786 0.5264916479289417 0.5321404664333047 0.5377892849376678 0.5434381034420308 0.549086921946394 0.554735740450757 0.5603845589551201 0.5660333774594831 0.5716821959638462 0.5773310144682092 0.5829798329725819 0.588628651476945 0.594277469981308 0.5999262884856711 0.6055751069900341 0.6112239254943972 0.6168727439987604 0.6225215625031234 0.6281703810074865 0.6338191995118495 0.6394680180162126 0.6451168365205756 0.6507656550249387 0.6564144735293114 0.6620632920336744 0.6677121105380375 0.670414543033768 0.6699672222952392
-9999.0 -9999.0 -9999.0 -9999.0 -9999.0 -9999.0 -9999.0 -9999.0 -9999.0 -9999.0 -9999.0 0.4979219533798427 0.5008820979480815 0.5064127627980654 0.5119434276480399 0.5174740924980143 0.5230047573479889 0.5285354221979633 0.5340660870479379 0.5395967518979123 0.5451274167478869 0.5506580815978613 0.5561887464478359 0.5617194112978103 0.5672500761477849 0.5727807409977593 0.5783114058477432 0.5838420706977178 0.5893727355476923 0.5949034003976668 0.6004340652476412 0.6059647300976158 0.6114953949475902 0.6170260597975648 0.6225567246475392 0.6280873894975137 0.6336180543474882 0.6391487191974627 0.6446793840474372 0.6502100488974212 0.6557407137473956 0.6612713785973701 0.6639586778781806 0.6636063551028805
-9999.0 -9999.0 -9999.0 -9999.0 -9999.0 -9999.0 -9999.0 -9999.0 -9999.0 -9999.0 -9999.0 0.4949782712334429 0.4978678219846831 0.5032803331802783 0.5086928443758643 0.5141053555714501 0.519517866767036 0.524930377962622 0.5303428891582079 0.5357554003537939 0.5411679115493798 0.5465804227449658 0.5519929339405517 0.5574054451361377 0.5628179563317235 0.5682304675273094 0.5736429787229046 0.5790554899184905 0.5844680011140765 0.5898805123096624 0.5952930235052484 0.6007055347008343 0.6061180458964203 0.6115305570920062 0.616943068287592 0.622355579483178 0.6277680906787639 0.6331806018743499 0.6385931130699358 0.644005624265531 0.6494181354611169 0.6548306466567029 0.6575028127225935 0.6572454879105218
-9999.0 -9999.0 -9999.0 -9999.0 -9999.0 -9999.0 -9999.0 -9999.0 -9999.0 -9999.0 -9999.0 0.4920345890870406 0.49485354602128223 0.5001479035624885 0.5054422611036858 0.5107366186448831 0.5160309761860803 0.5213253337272776 0.5266196912684749 0.5319140488096721 0.5372084063508694 0.5425027638920666 0.547797121433264 0.5530914789744612 0.5583858365156584 0.5636801940568558 0.568974551598062 0.5742689091392593 0.5795632666804565 0.5848576242216538 0.5901519817628511 0.5954463393040483 0.6007406968452456 0.6060350543864429 0.6113294119276401 0.6166237694688375 -9999.0 -9999.0 0.6325068420924292 0.6378011996336355 0.6430955571748328 0.64838991471603 0.6510469475670007 0.6508846207181579
-9999.0 -9999.0 -9999.0 -9999.0 -9999.0 -9999.0 -9999.0 -9999.0 -9999.0 -9999.0 0.4886136284376371 0.48909090694064083 0.4918392700578839 0.49701547394470147 0.5021916778315102 0.5073678817183188 0.5125440856051275 0.5177202894919363 0.522896493378745 0.5280726972655536 0.5332489011523623 0.5384251050391711 0.5436013089259798 0.5487775128127885 0.5539537166995971 0.5591299205864059 0.5643061244732234 0.5694823283600321 0.5746585322468408 0.5798347361336496 0.5850109400204582 0.5901871439072669 -9999.0 0.6005395516808844 -9999.0 -9999.0 -9999.0 -9999.0 -9999.0 -9999.0 -9999.0 -9999.0 0.6445910824114135 0.6445237535257993
-9999.0 -9999.0 -9999.0 -9999.0 -9999.0 -9999.0 -9999.0 -9999.0 -9999.0 -9999.0 0.48569605102299346 0.48614722479424105 0.4888249940944856 0.4938830443269143 0.4989410945593345 0.5039991447917547 0.5090571950241748 0.5141152452565949 0.519173295489015 0.5242313457214351 0.5292893959538553 0.5343474461862755 0.5394054964186956 0.5444635466511157 0.5495215968835359 0.554579647115956 0.5596376973483848 0.5646957475808049 0.569753797813225 -9999.0 -9999.0 -9999.0 -9999.0 -9999.0 -9999.0 -9999.0 -9999.0 -9999.0 -9999.0 -9999.0 -9999.0 -9999.0 -9999.0 0.6381628863334406
-9999.0 -9999.0 -9999.0 -9999.0 -9999.0 -9999.0 -9999.0 -9999.0 -9999.0 -9999.0 -9999.0 0.48495875475585876 0.4876525279407624 0.4927177505687802 0.4977829731967893 0.5028481958247984 0.5079134184528077 0.5129786410808168 0.5180438637088259 0.5231090863368351 0.5281743089648442 0.5332395315928534 0.5383047542208625 0.5433699768488717 0.5484351994768808 0.5535004221048899 0.5585656447329077 0.5636308673609169 0.5686960899889261 -9999.0 -9999.0 -9999.0 -9999.0 -9999.0 -9999.0 -9999.0 -9999.0 -9999.0 -9999.0 -9999.0 -9999.0 -9999.0 -9999.0 -9999.0
-9999.0 -9999.0 -9999.0 -9999.0 -9999.0 -9999.0 -9999.0 -9999.0 -9999.0 -9999.0 -9999.0 -9999.0 -9999.0 -9999.0 0.49886156168959955 0.504067922359037 0.5092742830284743 0.5144806436979117 0.5196870043673489 0.5248933650367863 0.5300997257062237 0.535306086375661 0.5405124470450984 0.5457188077145357 0.5509251683839731 0.5561315290534105 0.5613378897228567 0.5665442503922941 0.5717506110617314 -9999.0 -9999.0 -9999.0 -9999.0 -9999.0 -9999.0 -9999.0 -9999.0 -9999.0 -9999.0 -9999.0 -9999.0 -9999.0 -9999.0 -9999.0
-9999.0 -9999.0 -9999.0 -9999.0 -9999.0 -9999.0 -9999.0 -9999.0 -9999.0 -9999.0 -9999.0 -9999.0 -9999.0 -9999.0 0.4999401501824098 0.5052876488932754 0.510635147604141 0.5159826463150065 0.521330145025872 0.5266776437367376 0.5320251424476032 0.5373726411584687 0.5427201398693343 0.5480676385801999 0.5534151372910655 0.5587626360019311 0.5641101347128057 0.5694576334236713 -9999.0 -9999.0 -9999.0 -9999.0 -9999.0 -9999.0 -9999.0 -9999.0 -9999.0 -9999.0 -9999.0 -9999.0 -9999.0 -9999.0 -9999.0 -9999.0
-9999.0 -9999.0 -9999.0 -9999.0 -9999.0 -9999.0 -9999.0 -9999.0 -9999.0 -9999.0 -9999.0 -9999.0 -9999.0 0.4955301019229262 0.50101873867522 0.5065073754275138 0.5119960121798075 0.5174846489321013 0.522973285684395 0.5284619224366889 0.5339505591889826 0.5394391959412764 0.5449278326935701 0.550416469445864 0.5559051061981577 0.5613937429504515 0.5668823797027547 0.5723710164550484 -9999.0 -9999.0 -9999.0 -9999.0 -9999.0 -9999.0 -9999.0 -9999.0 -9999.0 -9999.0 -9999.0 -9999.0 -9999.0 -9999.0 -9999.0 0.6517445737349652
-9999.0 -9999.0 -9999.0 -9999.0 -9999.0 -9999.0 -9999.0 -9999.0 -9999.0 -9999.0 -9999.0 -9999.0 0.4908377775805773 0.49646755237430895 0.5020973271680311 0.5077271019617532 0.5133568767554753 0.5189866515491974 0.5246164263429195 0.5302462011366417 0.5358759759303637 0.5415057507240859 0.547135525517808 0.55276530031153 0.5583950751052522 0.5640248498989743 0.569654624692706 0.5752843994864282 -9999.0 -9999.0 -9999.0 -9999.0 -9999.0 -9999.0 -9999.0 -9999.0 -9999.0 -9999.0 -9999.0 -9999.0 -9999.0 -9999.0 -9999.0 0.6565870791954604
-9999.0 -9999.0 -9999.0 -9999.0 -9999.0 -9999.0 -9999.0 -9999.0 -9999.0 -9999.0 -9999.0 -9999.0 0.4916340899905308 0.497405002825691 0.5031759156608413 0.5089468284959916 0.5147177413311419 0.5204886541662923 0.5262595670014426 0.5320304798365929 0.5378013926717432 0.5435723055068935 0.5493432183420439 0.5551141311771942 0.5608850440123445 0.5666559568474948 0.572426869682655 -9999.0 -9999.0 -9999.0 -9999.0 -9999.0 -9999.0 -9999.0 -9999.0 -9999.0 -9999.0 -9999.0 -9999.0 -9999.0 -9999.0 -9999.0 -9999.0 0.6614295846559515
-9999.0 -9999.0 -9999.0 -9999.0 -9999.0 -9999.0 -9999.0 -9999.0 -9999.0 -9999.0 -9999.0 -9999.0 0.49243040240048436 0.498342453277073 0.5042545041536515 0.51016655503023 0.5160786059068085 -9999.0 -9999.0 0.5338147585365441 0.5397268094131227 0.5456388602897012 0.5515509111662797 0.5574629620428583 -9999.0 -9999.0 -9999.0 -9999.0 -9999.0 -9999.0 -9999.0 -9999.0 -9999.0 -9999.0 -9999.0 -9999.0 -9999.0 -9999.0 -9999.0 -9999.0 -9999.0 -9999.0 0.6667186735660307 0.6662720901164426
