Figures/CREST_Example_wjb_NSE/PETs/wjb.pet.20090730.asc
ncols            288
nrows            254
xllcorner        113.274861
yllcorner        31.4918055
cellsize         0.008333333333
NODATA_value     -9999
[rows 120 to 139 of 254, columns 132 to 175 of 288]
3.0842489847076306 3.079266805615181 3.074284626522731 3.0693024474302812 3.0643202683378314 3.0593380892453816 3.054355910152932 3.0493737310604825 3.0443915519680327 3.039409372875583 3.034427193783133 3.029445014690675 3.024462835598225 3.0194806565057752 3.0144984774133254 3.0095162983208756 3.004534119228426 2.999551940135976 2.9945697610435262 2.9895875819510764 2.9846054028586266 2.979623223766177 2.974641044673727 2.9696588655812772 2.964676686488819 2.959694507396369 2.9547123283039194 2.9497301492114696 2.9447479701190202 2.9397657910265704 2.936008157736221 2.9335595916093418 2.931111025482463 2.9286624593555834 2.9262138932287045 2.923765327101825 2.921316760974946 2.918868194848063 2.9164196287211834 2.9139710625943045 2.911522496467425 2.909073930340546 2.906625364213667 2.9041767980867874
3.0893358370527277 3.0845590031872767 3.0797821693218252 3.075005335456374 3.0702285015909223 3.065451667725471 3.0606748338600194 3.055897999994568 3.0511211661291164 3.046344332263665 3.0415674983982135 3.036790664532754 3.0320138306673026 3.027236996801851 3.0224601629363996 3.017683329070948 3.0129064952054967 3.0081296613400452 3.0033528274745938 2.9985759936091423 2.9937991597436913 2.98902232587824 2.9842454920127883 2.979468658147337 2.9746918242818774 2.969914990416426 2.9651381565509745 2.960361322685523 2.9555844888200715 2.95080765495462 2.9471986118018165 2.9448379633379753 2.9424773148741337 2.940116666410292 2.937756017946451 2.935395369482609 2.9330347210187675 2.930674072554922 2.9283134240910806 2.925952775627239 2.9235921271633973 2.921231478699556 2.9188708302357145 2.916510181771873
3.094422689397825 3.0898512007593717 3.0852797121209186 3.0807082234824654 3.0761367348440123 3.0715652462055596 3.0669937575671065 3.0624222689286533 3.0578507802902 3.053279291651747 3.048707803013294 3.0441363143748332 3.03956482573638 3.034993337097927 3.030421848459474 3.025850359821021 3.021278871182568 3.016707382544115 3.0121358939056617 3.0075644052672086 3.0029929166287554 2.9984214279903023 2.9938499393518496 2.9892784507133965 2.9847069620749354 2.9801354734364827 2.9755639847980295 2.9709924961595764 2.9664210075211233 2.96184951888267 2.958389065867413 2.956116335066609 2.953843604265805 2.951570873465001 2.949298142664197 2.947025411863393 2.9447526810625897 2.9424799502617818 2.940207219460978 2.937934488660174 2.93566175785937 2.9333890270585665 2.9311162962577626 2.9288435654569587
3.0995095417429215 3.0951433983314667 3.0907772549200123 3.0864111115085575 3.0820449680971027 3.077678824685648 3.073312681274193 3.0689465378627387 3.064580394451284 3.060214251039829 3.0558481076283743 3.0514819642169124 3.0471158208054576 3.042749677394003 3.038383533982548 3.034017390571093 3.029651247159639 3.025285103748184 3.0209189603367292 3.0165528169252744 3.0121866735138196 3.0078205301023653 3.0034543866909105 2.9990882432794557 2.9947220998679933 2.990355956456539 2.985989813045084 2.9816236696336293 2.9772575262221745 2.9728913828107197 2.969579519933008 2.967394706795242 2.965209893657476 2.9630250805197096 2.9608402673819434 2.958655454244177 2.956470641106411 2.9542858279686413 2.952101014830875 2.949916201693109 2.9477313885553427 2.9455465754175765 2.9433617622798103 2.941176949142044
3.104596394088023 3.100435595903567 3.0962747977191105 3.0921139995346545 3.087953201350198 3.083792403165742 3.079631604981286 3.0754708067968295 3.0713100086123735 3.0671492104279174 3.062988412243461 3.058827614058998 3.054666815874542 3.0505060176900853 3.0463452195056293 3.042184421321173 3.038023623136717 3.033862824952261 3.0297020267678043 3.0255412285833483 3.0213804303988923 3.017219632214436 3.0130588340299798 3.0088980358455237 3.00473723766106 3.000576439476604 2.996415641292148 2.9922548431076916 2.9880940449232356 2.983933246738779 2.9807699739986138 2.9786730785238853 2.976576183049157 2.9744792875744284 2.9723823920997 2.9702854966249714 2.968188601150243 2.966091705675511 2.9639948102007825 2.961897914726054 2.9598010192513255 2.957704123776597 2.9556072283018686 2.95351033282714
3.10968324643312 3.1057277934756624 3.1017723405182047 3.0978168875607466 3.093861434603289 3.089905981645831 3.085950528688373 3.0819950757309154 3.078039622773457 3.0740841698159995 3.070128716858542 3.066173263901077 3.0622178109436193 3.0582623579861616 3.0543069050287035 3.050351452071246 3.0463959991137877 3.04244054615633 3.0384850931988723 3.034529640241414 3.0305741872839564 3.0266187343264987 3.0226632813690406 3.018707828411583 3.014752375454118 3.0107969224966604 3.0068414695392027 3.0028860165817446 2.998930563624287 2.994975110666829 2.991960428064209 2.9899514502525184 2.9879424724408277 2.985933494629137 2.983924516817446 2.981915539005755 2.9799065611940643 2.97789758338237 2.9758886055706792 2.9738796277589885 2.9718706499472978 2.969861672135607 2.9678526943239163 2.965843716512225
3.114770098778217 3.1110199910477574 3.107269883317298 3.1035197755868387 3.099769667856379 3.0960195601259195 3.09226945239546 3.0885193446650008 3.084769236934541 3.0810191292040816 3.0772690214736222 3.0735189137431562 3.069768806012697 3.066018698282237 3.0622685905517777 3.0585184828213183 3.0547683750908585 3.051018267360399 3.04726815962994 3.04351805189948 3.0397679441690206 3.0360178364385613 3.0322677287081015 3.028517620977642 3.024767513247176 3.0210174055167167 3.0172672977862574 3.013517190055798 3.009767082325338 3.006016974594879 3.003150882129805 3.0012298219811515 2.9993087618324985 2.9973877016838455 2.995466641535192 2.993545581386539 2.991624521237886 2.9897034610892295 2.9877824009405765 2.9858613407919234 2.98394028064327 2.982019220494617 2.980098160345964 2.9781771001973105
3.119856951123314 3.116312188619853 3.112767426116392 3.1092226636129303 3.1056779011094693 3.1021331386060083 3.0985883761025472 3.0950436135990858 3.0914988510956247 3.0879540885921637 3.0844093260887027 3.0808645635852354 3.0773198010817744 3.073775038578313 3.070230276074852 3.066685513571391 3.06314075106793 3.059595988564469 3.0560512260610073 3.0525064635575463 3.0489617010540853 3.0454169385506242 3.0418721760471628 3.0383274135437017 3.0347826510402345 3.0312378885367735 3.0276931260333124 3.0241483635298514 3.02060360102639 3.017058838522929 3.014341336195401 3.0125081937097855 3.01067505122417 3.0088419087385545 3.007008766252939 3.0051756237673235 3.0033424812817078 3.0015093387960894 2.9996761963104737 2.9978430538248584 2.9960099113392427 2.9941767688536274 2.9923436263680117 2.9905104838823964
3.124943803468411 3.1216043861919482 3.1182649689154855 3.114925551639023 3.11158613436256 3.108246717086097 3.1049072998096343 3.1015678825331716 3.098228465256709 3.0948890479802458 3.091549630703783 3.0882102134273146 3.084870796150852 3.081531378874389 3.0781919615979265 3.0748525443214634 3.0715131270450007 3.068173709768538 3.0648342924920753 3.061494875215612 3.0581554579391494 3.0548160406626867 3.051476623386224 3.0481372061097614 3.044797788833293 3.0414583715568297 3.038118954280367 3.0347795370039043 3.0314401197274417 3.0281007024509785 3.0255317902609966 3.0237865654384186 3.0220413406158406 3.020296115793263 3.018550890970685 3.016805666148107 3.0150604413255295 3.0133152165029484 3.011569991680371 3.009824766857793 3.008079542035215 3.0063343172126373 3.0045890923900593 3.0028438675674813
3.130030655813508 3.1268965837640437 3.1237625117145793 3.1206284396651145 3.11749436761565 3.1143602955661858 3.1112262235167214 3.108092151467257 3.1049580794177922 3.101824007368328 3.0986899353188635 3.095555863269394 3.0924217912199294 3.089287719170465 3.0861536471210003 3.083019575071536 3.0798855030220715 3.076751430972607 3.073617358923143 3.070483286873678 3.0673492148242136 3.0642151427747493 3.061081070725285 3.0579469986758205 3.054812926626351 3.051678854576886 3.0485447825274217 3.0454107104779573 3.042276638428493 3.0391425663790286 3.036722244326592 3.0350649371670517 3.0334076300075115 3.0317503228479716 3.0300930156884314 3.028435708528891 3.026778401369351 3.025121094209808 3.0234637870502676 3.0218064798907274 3.0201491727311875 3.0184918655716473 3.016834558412107 3.0151772512525667
3.1351175081586047 3.1321887813361386 3.1292600545136726 3.1263313276912066 3.1234026008687406 3.1204738740462745 3.1175451472238085 3.1146164204013425 3.111687693578876 3.10875896675641 3.105830239933944 3.102901513111473 3.099972786289007 3.097044059466541 3.094115332644075 3.091186605821609 3.0882578789991424 3.0853291521766764 3.0824004253542103 3.0794716985317443 3.0765429717092783 3.0736142448868122 3.070685518064346 3.06775679124188 3.064828064419409 3.0618993375969428 3.0589706107744767 3.0560418839520107 3.0531131571295447 3.0501844303070786 3.047912698392188 3.0463433088956853 3.044773919399183 3.0432045299026806 3.041635140406178 3.0400657509096756 3.038496361413173 3.036926971916668 3.0353575824201653 3.0337881929236628 3.03221880342716 3.0306494139306577 3.029080024434155 3.0275106349376526
3.140204360503706 3.1374809789082385 3.1347575973127713 3.1320342157173036 3.129310834121836 3.1265874525263686 3.123864070930901 3.121140689335433 3.118417307739966 3.1156939261444982 3.1129705445490305 3.1102471629535584 3.107523781358091 3.1048003997626235 3.1020770181671558 3.0993536365716885 3.096630254976221 3.093906873380753 3.091183491785286 3.088460110189818 3.0857367285943504 3.083013346998883 3.0802899654034155 3.077566583807948 3.0748432022124756 3.072119820617008 3.0693964390215407 3.066673057426073 3.0639496758306057 3.061226294235138 3.0591031524577934 3.0576216806243286 3.056140208790864 3.054658736957399 3.053177265123934 3.0516957932904694 3.0502143214570046 3.048732849623537 3.0472513777900723 3.0457699059566075 3.0442884341231427 3.042806962289678 3.041325490456213 3.0398440186227482
3.145291212848803 3.142773176480334 3.1402551401118646 3.137737103743395 3.1352190673749263 3.132701031006457 3.130182994637988 3.1276649582695186 3.1251469219010493 3.1226288855325803 3.120110849164111 3.1175928127956376 3.1150747764271682 3.1125567400586993 3.11003870369023 3.1075206673217606 3.1050026309532917 3.1024845945848223 3.0999665582163534 3.097448521847884 3.0949304854794146 3.0924124491109457 3.0898944127424763 3.087376376374007 3.0848583400055336 3.0823403036370647 3.0798222672685953 3.077304230900126 3.074786194531657 3.0722681581631877 3.070293606523389 3.0689000523529617 3.0675064981825346 3.0661129440121075 3.0647193898416805 3.0633258356712534 3.0619322815008263 3.0605387273303966 3.0591451731599695 3.0577516189895424 3.0563580648191153 3.0549645106486882 3.053570956478261 3.0521774023078336
3.1503780651939004 3.1480653740524294 3.1457526829109588 3.1434399917694877 3.1411273006280167 3.138814609486546 3.136501918345075 3.134189227203604 3.1318765360621335 3.1295638449206624 3.127251153779192 3.124938462637717 3.122625771496246 3.120313080354775 3.118000389213304 3.1156876980718335 3.1133750069303625 3.111062315788892 3.108749624647421 3.10643693350595 3.1041242423644793 3.1018115512230082 3.099498860081537 3.0971861689400666 3.0948734777985916 3.092560786657121 3.09024809551565 3.0879354043741793 3.0856227132327083 3.0833100220912373 3.0814840605889846 3.0801784240815953 3.0788727875742055 3.077567151066816 3.0762615145594268 3.0749558780520374 3.0736502415446476 3.072344605037256 3.0710389685298667 3.069733332022477 3.0684276955150875 3.067122059007698 3.065816422500309 3.064510785992919
3.155464917538997 3.153357571624525 3.151250225710052 3.14914287979558 3.147035533881107 3.1449281879666344 3.142820842052162 3.1407134961376895 3.138606150223217 3.1364988043087445 3.1343914583942722 3.132284112479796 3.1301767665653237 3.128069420650851 3.1259620747363788 3.123854728821906 3.121747382907434 3.119640036992961 3.1175326910784884 3.115425345164016 3.1133179992495434 3.111210653335071 3.1091033074205985 3.1069959615061262 3.10488861559165 3.1027812696771777 3.100673923762705 3.0985665778482328 3.09645923193376 3.094351886019288 3.0926745146545804 3.091456795810229 3.0902390769658767 3.089021358121525 3.0878036392771735 3.0865859204328214 3.08536820158847 3.084150482744116 3.082932763899764 3.0817150450554123 3.08049732621106 3.0792796073667086 3.0780618885223565 3.076844169678005
3.160551769884094 3.1586497691966198 3.156747768509146 3.1548457678216715 3.1529437671341976 3.151041766446723 3.1491397657592493 3.147237765071775 3.145335764384301 3.1434337636968266 3.1415317630093527 3.139629762321875 3.137727761634401 3.135825760946927 3.1339237602594525 3.1320217595719786 3.130119758884504 3.1282177581970303 3.126315757509556 3.124413756822082 3.1225117561346076 3.1206097554471337 3.11870775475966 3.1168057540721854 3.114903753384708 3.113001752697234 3.1110997520097596 3.1091977513222857 3.1072957506348113 3.1053937499473374 3.1038649687201763 3.102735167538862 3.101605366357548 3.1004755651762337 3.0993457639949193 3.0982159628136055 3.097086161632291 3.095956360450975 3.094826559269661 3.0936967580883468 3.092566956907033 3.0914371557257185 3.090307354544404 3.0891775533630903
3.1656386222291912 3.1639419667687156 3.1622453113082396 3.160548655847764 3.158852000387288 3.1571553449268124 3.1554586894663363 3.1537620340058607 3.1520653785453847 3.150368723084909 3.1486720676244335 3.146975412163955 3.145278756703479 3.143582101243003 3.141885445782527 3.1401887903220516 3.1384921348615755 3.1367954794011 3.135098823940624 3.1334021684801483 3.1317055130196727 3.1300088575591967 3.128312202098721 3.126615546638245 3.1249188911777663 3.1232222357172907 3.1215255802568147 3.119828924796339 3.118132269335863 3.1164356138753875 3.115055422785772 3.114013539267496 3.1129716557492193 3.1119297722309427 3.110887888712666 3.1098460051943895 3.1088041216761133 3.107762238157835 3.1067203546395583 3.1056784711212817 3.1046365876030055 3.103594704084729 3.1025528205664523 3.1015109370481757
3.1707254745742928 3.169234164340815 3.167742854107338 3.1662515438738605 3.1647602336403833 3.163268923406906 3.1617776131734288 3.1602863029399515 3.1587949927064742 3.157303682472997 3.1558123722395197 3.15432106200604 3.1528297517725625 3.1513384415390853 3.149847131305608 3.1483558210721307 3.1468645108386535 3.1453732006051762 3.143881890371699 3.1423905801382217 3.1408992699047444 3.139407959671267 3.13791664943779 3.1364253392043127 3.1349340289708327 3.1334427187373555 3.131951408503878 3.130460098270401 3.1289687880369237 3.1274774778034464 3.1262458768513772 3.1252919109961383 3.1243379451408995 3.123383979285661 3.122430013430422 3.1214760475751833 3.1205220817199444 3.119568115864704 3.1186141500094653 3.1176601841542264 3.116706218298988 3.115752252443749 3.11479828658851 3.1138443207332713
3.1758123269193894 3.1745263619129105 3.1732403969064316 3.1719544318999526 3.1706684668934737 3.1693825018869948 3.168096536880516 3.166810571874037 3.165524606867558 3.164238641861079 3.1629526768546 3.161666711848119 3.1603807468416405 3.1590947818351616 3.1578088168286826 3.1565228518222037 3.155236886815725 3.153950921809246 3.152664956802767 3.151378991796288 3.150093026789809 3.14880706178333 3.147521096776851 3.1462351317703723 3.144949166763891 3.143663201757412 3.1423772367509333 3.1410912717444543 3.1398053067379754 3.1385193417314965 3.137436330916973 3.136570282724772 3.1357042345325707 3.13483818634037 3.133972138148169 3.1331060899559677 3.1322400417637666 3.1313739935715637 3.130507945379363 3.129641897187162 3.1287758489949606 3.1279098008027595 3.1270437526105583 3.126177704418357
3.180899179264486 3.1798185594850055 3.1787379397055253 3.1776573199260447 3.176576700146564 3.1754960803670835 3.174415460587603 3.1733348408081223 3.1722542210286417 3.171173601249161 3.1700929814696805 3.169012361690198 3.1679317419107176 3.166851122131237 3.1657705023517564 3.164689882572276 3.1636092627927956 3.162528643013315 3.1614480232338344 3.160367403454354 3.1592867836748733 3.1582061638953927 3.157125544115912 3.1560449243364315 3.154964304556949 3.1538836847774685 3.152803064997988 3.1517224452185073 3.1506418254390267 3.1495612056595466 3.148626784982569 3.1478486544534054 3.147070523924242 3.146292393395078 3.1455142628659147 3.1447361323367513 3.143958001807588 3.143179871278423 3.1424017407492597 3.1416236102200963 3.140845479690933 3.1400673491617694 3.1392892186326056 3.138511088103442
