Figures/CREST_Example_wjb_NSE/PETs/wjb.pet.20091018.asc
ncols            288
nrows            254
xllcorner        113.274861
yllcorner        31.4918055
cellsize         0.008333333333
NODATA_value     -9999
[rows 133 to 151 of 254, columns 88 to 131 of 288]
0.7974671122313903 0.7977110277878549 0.7979549433443193 0.7981988589007841 0.7984427744572486 0.7986866900137132 0.7989306055701776 0.7991745211266421 0.7994184366831065 0.799662352239571 0.7999062677960356 0.8001501833525 0.8003940989089645 0.8006380144654289 0.8006473447247511 0.8004058979971737 0.8001644512695958 0.7999230045420183 0.7996815578144407 0.7994401110868633 0.7991986643592858 0.7989572176317083 0.7987157709041308 0.7984743241765533 0.7982328774489759 0.7979914307213983 0.7977499839938209 0.7975085372662434 0.7972670905386658 0.797025643811088 0.7967841970835106 0.796542750355933 0.7963013036283555 0.7960598569007781 0.7958184101732005 0.7955769634456231 0.7953355167180456 0.795094069990468 0.7948526232628906 0.7946111765353131 0.7943697298077357 0.7941282830801581 0.7938868363525803 0.7936453896250028
0.7987720626710447 0.7990460010955248 0.7993199395200049 0.7995938779444854 0.7998678163689655 0.8001417547934457 0.8004156932179258 0.8006896316424059 0.800963570066886 0.8012375084913661 0.8015114469158462 0.8017853853403263 0.8020593237648064 0.8023332621892865 0.8023742798211483 0.8021662998590832 0.8019583198970177 0.8017503399349525 0.8015423599728874 0.8013343800108221 0.801126400048757 0.8009184200866919 0.8007104401246267 0.8005024601625615 0.8002944802004964 0.8000865002384312 0.7998785202763661 0.799670540314301 0.7994625603522357 0.7992545803901703 0.799046600428105 0.7988386204660399 0.7986306405039748 0.7984226605419096 0.7982146805798445 0.7980067006177793 0.7977987206557141 0.797590740693649 0.7973827607315839 0.7971747807695186 0.7969668008074535 0.7967588208453883 0.7965508408833228 0.7963428609212577
0.8000770131106991 0.8003809744031948 0.8006849356956905 0.8009888969881868 0.8012928582806825 0.8015968195731782 0.801900780865674 0.8022047421581697 0.8025087034506654 0.8028126647431612 0.8031166260356569 0.8034205873281526 0.8037245486206483 0.804028509913144 0.8041012149175455 0.8039267017209927 0.8037521885244396 0.8035776753278867 0.8034031621313339 0.8032286489347811 0.8030541357382283 0.8028796225416754 0.8027051093451226 0.8025305961485698 0.802356082952017 0.8021815697554641 0.8020070565589112 0.8018325433623584 0.8016580301658056 0.8014835169692525 0.8013090037726996 0.8011344905761468 0.800959977379594 0.8007854641830412 0.8006109509864884 0.8004364377899356 0.8002619245933826 0.8000874113968298 0.799912898200277 0.7997383850037242 0.7995638718071714 0.7993893586106186 0.7992148454140654 0.7990403322175126
0.8013819635503535 0.8017159477108649 0.8020499318713762 0.8023839160318881 0.8027179001923994 0.8030518843529109 0.8033858685134222 0.8037198526739335 0.8040538368344449 0.8043878209949562 0.8047218051554675 0.8050557893159789 0.8053897734764902 0.8057237576370015 0.8058281500139428 0.8056871035829023 0.8055460571518616 0.805405010720821 0.8052639642897805 0.80512291785874 0.8049818714276995 0.804840824996659 0.8046997785656185 0.804558732134578 0.8044176857035376 0.804276639272497 0.8041355928414565 0.803994546410416 0.8038534999793755 0.8037124535483348 0.8035714071172942 0.8034303606862537 0.8032893142552132 0.8031482678241727 0.8030072213931323 0.8028661749620918 0.8027251285310513 0.8025840821000108 0.8024430356689702 0.8023019892379297 0.8021609428068892 0.8020198963758487 0.801878849944808 0.8017378035137674
0.802686913990009 0.8030509210185359 0.8034149280470629 0.8037789350755906 0.8041429421041176 0.8045069491326445 0.8048709561611715 0.8052349631896986 0.8055989702182256 0.8059629772467526 0.8063269842752796 0.8066909913038066 0.8070549983323335 0.8074190053608605 0.8075550851103415 0.8074475054448133 0.8073399257792849 0.8072323461137568 0.8071247664482286 0.8070171867827005 0.8069096071171724 0.8068020274516442 0.8066944477861161 0.8065868681205879 0.8064792884550598 0.8063717087895316 0.8062641291240035 0.8061565494584754 0.8060489697929472 0.8059413901274188 0.8058338104618907 0.8057262307963625 0.8056186511308344 0.8055110714653062 0.8054034917997781 0.80529591213425 0.8051883324687218 0.8050807528031937 0.8049731731376655 0.8048655934721374 0.8047580138066093 0.8046504341410811 0.8045428544755527 0.8044352748100246
0.8039918644296633 0.804385894326206 0.8047799242227486 0.8051739541192919 0.8055679840158345 0.8059620139123771 0.8063560438089198 0.8067500737054624 0.807144103602005 0.8075381334985476 0.8079321633950902 0.8083261932916328 0.8087202231881755 0.8091142530847181 0.8092820202067387 0.8092079073067229 0.8091337944067069 0.809059681506691 0.8089855686066753 0.8089114557066595 0.8088373428066435 0.8087632299066277 0.808689117006612 0.8086150041065961 0.8085408912065803 0.8084667783065645 0.8083926654065486 0.8083185525065328 0.808244439606517 0.8081703267065011 0.8080962138064853 0.8080221009064694 0.8079479880064536 0.8078738751064378 0.807799762206422 0.8077256493064062 0.8076515364063904 0.8075774235063745 0.8075033106063587 0.8074291977063429 0.8073550848063271 0.8072809719063113 0.8072068590062953 0.8071327461062795
0.8052968148693178 0.805720867633876 0.8061449203984342 0.8065689731629933 0.8069930259275515 0.8074170786921097 0.8078411314566679 0.8082651842212262 0.8086892369857844 0.8091132897503427 0.809537342514901 0.8099613952794591 0.8103854480440174 0.8108095008085756 0.8110089553031359 0.8109683091686324 0.8109276630341288 0.8108870168996253 0.8108463707651218 0.8108057246306183 0.8107650784961148 0.8107244323616114 0.8106837862271079 0.8106431400926044 0.8106024939581009 0.8105618478235974 0.8105212016890939 0.8104805555545904 0.8104399094200869 0.8103992632855833 0.8103586171510798 0.8103179710165763 0.8102773248820729 0.8102366787475694 0.8101960326130659 0.8101553864785624 0.810114740344059 0.8100740942095555 0.810033448075052 0.8099928019405485 0.809952155806045 0.8099115096715415 0.809870863537038 0.8098302174025345
0.8066017653089721 0.807055840941546 0.8075099165741199 0.8079639922066946 0.8084180678392684 0.8088721434718422 0.8093262191044162 0.80978029473699 0.8102343703695638 0.8106884460021377 0.8111425216347116 0.8115965972672854 0.8120506728998593 0.8125047485324332 0.8127358903995331 0.8127287110305419 0.8127215316615507 0.8127143522925596 0.8127071729235684 0.8126999935545772 0.812692814185586 0.812685634816595 0.8126784554476038 0.8126712760786126 0.8126640967096215 0.8126569173406303 0.8126497379716391 0.8126425586026479 0.8126353792336568 0.8126281998646656 0.8126210204956744 0.8126138411266833 0.8126066617576921 0.8125994823887009 0.8125923030197097 0.8125851236507187 0.8125779442817275 0.8125707649127363 0.8125635855437452 0.812556406174754 0.8125492268057628 0.8125420474367717 0.8125348680677805 0.8125276886987893
0.8079067157486265 0.808390814249216 0.8088749127498055 0.8093590112503958 0.8098431097509853 0.8103272082515748 0.8108113067521643 0.8112954052527538 0.8117795037533433 0.8122636022539328 0.8127477007545222 0.8132317992551117 0.8137158977557012 0.8141999962562907 0.8144628254959303 0.8144891128924514 0.8145154002889726 0.8145416876854938 0.814567975082015 0.8145942624785362 0.8146205498750573 0.8146468372715785 0.8146731246680996 0.8146994120646208 0.814725699461142 0.8147519868576631 0.8147782742541844 0.8148045616507055 0.8148308490472267 0.8148571364437479 0.814883423840269 0.8149097112367902 0.8149359986333113 0.8149622860298326 0.8149885734263537 0.8150148608228749 0.815041148219396 0.8150674356159172 0.8150937230124383 0.8151200104089595 0.8151462978054806 0.8151725852020019 0.8151988725985231 0.8152251599950442
0.809211666188281 0.8097257875568861 0.8102399089254911 0.8107540302940972 0.8112681516627023 0.8117822730313073 0.8122963943999125 0.8128105157685176 0.8133246371371227 0.8138387585057278 0.8143528798743329 0.814867001242938 0.8153811226115432 0.8158952439801482 0.8161897605923275 0.816249514754361 0.8163092689163945 0.8163690230784281 0.8164287772404616 0.816488531402495 0.8165482855645285 0.816608039726562 0.8166677938885956 0.816727548050629 0.8167873022126625 0.816847056374696 0.8169068105367295 0.8169665646987629 0.8170263188607965 0.8170860730228301 0.8171458271848635 0.817205581346897 0.8172653355089305 0.8173250896709641 0.8173848438329975 0.817444597995031 0.8175043521570645 0.817564106319098 0.8176238604811314 0.817683614643165 0.8177433688051985 0.8178031229672319 0.8178628771292655 0.817922631291299
0.8105166166279353 0.811060760864556 0.8116049051011768 0.8121490493377984 0.8126931935744192 0.8132373378110399 0.8137814820476607 0.8143256262842814 0.8148697705209021 0.8154139147575229 0.8159580589941435 0.8165022032307643 0.817046347467385 0.8175904917040058 0.8179166956887247 0.8180099166162705 0.8181031375438165 0.8181963584713623 0.8182895793989081 0.8183828003264539 0.8184760212539998 0.8185692421815456 0.8186624631090914 0.8187556840366372 0.818848904964183 0.8189421258917289 0.8190353468192747 0.8191285677468205 0.8192217886743663 0.8193150096019123 0.8194082305294581 0.8195014514570039 0.8195946723845497 0.8196878933120956 0.8197811142396414 0.8198743351671872 0.819967556094733 0.8200607770222789 0.8201539979498247 0.8202472188773705 0.8203404398049163 0.8204336607324622 0.8205268816600081 0.8206201025875539
0.8118215670675908 0.8123957341722272 0.8129699012768635 0.813544068381501 0.8141182354861373 0.8146924025907737 0.8152665696954101 0.8158407368000464 0.8164149039046829 0.8169890710093192 0.8175632381139556 0.818137405218592 0.8187115723232283 0.8192857394278648 0.8196436307851234 0.8197703184781815 0.81989700617124 0.8200236938642981 0.8201503815573563 0.8202770692504144 0.8204037569434727 0.8205304446365308 0.820657132329589 0.8207838200226472 0.8209105077157054 0.8210371954087635 0.8211638831018218 0.8212905707948799 0.8214172584879381 0.8215439461809965 0.8216706338740546 0.8217973215671128 0.821924009260171 0.8220506969532292 0.8221773846462873 0.8223040723393455 0.8224307600324037 0.8225574477254619 0.82268413541852 0.8228108231115783 0.8229375108046364 0.8230641984976946 0.823190886190753 0.8233175738838112
0.8131265175072452 0.8137307074798972 0.8143348974525492 0.8149390874252023 0.8155432773978543 0.8161474673705063 0.8167516573431582 0.8173558473158102 0.8179600372884622 0.8185642272611142 0.8191684172337663 0.8197726072064183 0.8203767971790703 0.8209809871517223 0.8213705658815206 0.8215307203400911 0.8216908747986619 0.8218510292572324 0.8220111837158028 0.8221713381743734 0.8223314926329439 0.8224916470915143 0.8226518015500849 0.8228119560086554 0.822972110467226 0.8231322649257964 0.8232924193843669 0.8234525738429375 0.8236127283015079 0.8237728827600788 0.8239330372186492 0.8240931916772197 0.8242533461357903 0.8244135005943607 0.8245736550529312 0.8247338095115018 0.8248939639700723 0.8250541184286427 0.8252142728872133 0.8253744273457838 0.8255345818043542 0.8256947362629248 0.8258548907214955 0.8260150451800661
0.8144314679468996 0.8150656807875671 0.8156998936282348 0.8163341064689035 0.8169683193095711 0.8176025321502387 0.8182367449909064 0.8188709578315739 0.8195051706722416 0.8201393835129093 0.8207735963535768 0.8214078091942445 0.8220420220349121 0.8226762348755797 0.8230975009779177 0.8232911222020005 0.8234847434260837 0.8236783646501665 0.8238719858742494 0.8240656070983322 0.824259228322415 0.8244528495464979 0.8246464707705807 0.8248400919946636 0.8250337132187464 0.8252273344428291 0.825420955666912 0.8256145768909948 0.8258081981150777 0.8260018193391608 0.8261954405632437 0.8263890617873265 0.8265826830114094 0.8267763042354922 0.826969925459575 0.8271635466836579 0.8273571679077407 0.8275507891318236 0.8277444103559064 0.8279380315799892 0.8281316528040721 0.8283252740281549 0.828518895252238 0.8287125164763208
0.8157364183865539 0.8164006540952371 0.8170648898039204 0.8177291255126048 0.818393361221288 0.8190575969299713 0.8197218326386545 0.8203860683473377 0.821050304056021 0.8217145397647042 0.8223787754733876 0.8230430111820708 0.823707246890754 0.8243714825994373 0.8248244360743149 0.82505152406391 0.8252786120535056 0.8255057000431008 0.8257327880326959 0.8259598760222912 0.8261869640118863 0.8264140520014814 0.8266411399910766 0.8268682279806717 0.8270953159702669 0.8273224039598621 0.8275494919494573 0.8277765799390524 0.8280036679286475 0.8282307559182431 0.8284578439078383 0.8286849318974334 0.8289120198870286 0.8291391078766238 0.829366195866219 0.8295932838558141 0.8298203718454092 0.8300474598350044 0.8302745478245995 0.8305016358141948 0.8307287238037899 0.8309558117933851 0.8311828997829807 0.8314099877725758
0.8167908719923221 0.8174606012461721 0.818130330500022 0.8188000597538732 0.8194697890077232 0.820139518261573 0.8208092475154231 0.8214789767692731 0.822148706023123 0.822818435276973 0.8234881645308229 0.8241578937846729 0.8248276230385229 0.8254973522923728 0.8259712336504452 0.826235749179576 0.8265002647087072 0.826764780237838 0.8270292957669687 0.8272938112960995 0.8275583268252302 0.827822842354361 0.8280873578834917 0.8283518734126225 0.8286163889417533 0.828880904470884 0.8291454200000148 0.8294099355291455 0.8296744510582763 0.8299389665874075 0.8302034821165383 0.830467997645669 0.8307325131747998 0.8309970287039306 0.8312615442330613 0.8315260597621921 0.8317905752913228 0.8320550908204536 0.8323196063495844 0.8325841218787151 0.8328486374078459 0.8331131529369766 0.8333776684661078 0.8336421839952386
0.8175775602734767 0.8182265627726465 0.8188755652718163 0.8195245677709871 0.820173570270157 0.8208225727693268 0.8214715752684966 0.8221205777676664 0.8227695802668362 0.823418582766006 0.8240675852651759 0.8247165877643456 0.8253655902635154 0.8260145927626853 0.826497900788099 0.8268040776745171 0.8271102545609358 0.8274164314473539 0.827722608333772 0.8280287852201901 0.8283349621066082 0.8286411389930263 0.8289473158794444 0.8292534927658625 0.8295596696522806 0.8298658465386987 0.8301720234251168 0.8304782003115349 0.830784377197953 0.8310905540843716 0.8313967309707897 0.8317029078572078 0.8320090847436259 0.832315261630044 0.8326214385164621 0.8329276154028802 0.8332337922892983 0.8335399691757164 0.8338461460621346 0.8341523229485527 0.8344584998349708 0.8347646767213889 0.8350708536078075 0.8353770304942256
0.8183642485546319 0.8189925242991215 0.8196208000436112 0.8202490757881018 0.8208773515325914 0.8215056272770811 0.8221339030215706 0.8227621787660603 0.8233904545105499 0.8240187302550396 0.8246470059995292 0.8252752817440188 0.8259035574885084 0.8265318332329981 0.8270245679257532 0.8273724061694587 0.8277202444131647 0.8280680826568703 0.8284159209005757 0.8287637591442812 0.8291115973879867 0.8294594356316922 0.8298072738753977 0.8301551121191032 0.8305029503628086 0.8308507886065142 0.8311986268502196 0.831546465093925 0.8318943033376306 0.8322421415813367 0.8325899798250421 0.8329378180687477 0.8332856563124531 0.8336334945561586 0.8339813327998641 0.8343291710435696 0.8346770092872751 0.8350248475309805 0.835372685774686 0.8357205240183915 0.836068362262097 0.8364162005058025 0.8367640387495086 0.8371118769932141
0.8191509368357864 0.819758485825596 0.8203660348154054 0.8209735838052159 0.8215811327950253 0.8221886817848348 0.8227962307746443 0.8234037797644538 0.8240113287542632 0.8246188777440726 0.8252264267338821 0.8258339757236915 0.8264415247135011 0.8270490737033105 0.827551235063407 0.8279407346643999 0.8283302342653933 0.8287197338663862 0.829109233467379 0.8294987330683719 0.8298882326693646 0.8302777322703575 0.8306672318713503 0.8310567314723432 0.8314462310733359 0.8318357306743288 0.8322252302753216 0.8326147298763145 0.8330042294773072 0.8333937290783008 0.8337832286792936 0.8341727282802864 0.8345622278812792 0.8349517274822721 0.8353412270832649 0.8357307266842577 0.8361202262852505 0.8365097258862434 0.8368992254872362 0.837288725088229 0.8376782246892218 0.8380677242902147 0.8384572238912081 0.838846723492201
