Figures/CREST_Example_wjb_NSE/PETs/wjb.pet.20090711.asc
ncols            288
nrows            254
xllcorner        113.274861
yllcorner        31.4918055
cellsize         0.008333333333
NODATA_value     -9999
[rows 100 to 119 of 254, columns 176 to 219 of 288]
1.4280684506098917 1.4367732002072764 1.445477949804661 1.4541826994020455 1.4628874489994301 1.4715921985968148 1.4802969481942143 1.4890016977915987 1.4977064473889834 1.506411196986368 1.5151159465837525 1.5238206961811371 1.5325254457785218 1.5412301953759064 1.549934944973291 1.5586396945706755 1.5700219141284912 1.5842664096560712 1.598510905183651 1.6127554007112552 1.626999896238835 1.6412443917664148 1.6554888872939948 1.6697333828215746 1.6839778783491544 1.6982223738767344 1.7124668694043141 1.726711364931894 1.740955860459474 1.7552003559870537 1.7694448515146335 1.7836893470422135 1.7979338425698175 1.8121783380973975 1.8264228336249773 1.840667329152557 1.854911824680137 1.8691563202077168 1.8834008157352966 1.8976453112628766 1.9118898067904564 1.9261343023180362 1.9403787978456162 1.954623293373196
1.445963818801745 1.4546969478631633 1.4634300769245816 1.4721632059860001 1.4808963350474185 1.4896294641088368 1.4983625931702702 1.5070957222316885 1.515828851293107 1.5245619803545254 1.5332951094159437 1.542028238477362 1.5507613675387806 1.559494496600199 1.5682276256616174 1.5769607547230358 1.5884300127727047 1.6028242546201317 1.6172184964675587 1.63161273831501 1.646006980162437 1.660401222009864 1.674795463857291 1.689189705704718 1.703583947552145 1.717978189399572 1.732372431246999 1.746766673094426 1.761160914941853 1.77555515678928 1.789949398636707 1.804343640484134 1.8187378823315854 1.8331321241790124 1.8475263660264394 1.8619206078738664 1.8763148497212934 1.8907090915687204 1.9051033334161473 1.9194975752635743 1.9338918171110013 1.9482860589584283 1.962680300805855 1.9770745426532823
1.463859186993598 1.4726206955190502 1.4813822040445024 1.4901437125699546 1.4989052210954068 1.507666729620859 1.516428238146326 1.5251897466717783 1.5339512551972305 1.5427127637226827 1.551474272248135 1.5602357807735872 1.5689972892990394 1.5777587978244916 1.5865203063499436 1.5952818148753958 1.6068381114169181 1.621382099584192 1.6359260877514663 1.6504700759187652 1.6650140640860394 1.6795580522533133 1.6941020404205875 1.7086460285878617 1.7231900167551357 1.73773400492241 1.752277993089684 1.766821981256958 1.781365969424232 1.7959099575915063 1.8104539457587805 1.8249979339260545 1.8395419220933533 1.8540859102606275 1.8686298984279017 1.8831738865951757 1.89771787476245 1.9122618629297239 1.926805851096998 1.941349839264272 1.9558938274315463 1.9704378155988205 1.9849818037660945 1.9995257919333687
1.4817545551854514 1.4905444431749373 1.4993343311644232 1.5081242191539093 1.5169141071433954 1.5257039951328812 1.5344938831223822 1.5432837711118683 1.5520736591013542 1.5608635470908403 1.5696534350803262 1.5784433230698123 1.5872332110592982 1.5960230990487843 1.6048129870382701 1.6136028750277562 1.6252462100611316 1.639939944548253 1.6546336790353742 1.6693274135225205 1.6840211480096416 1.6987148824967628 1.713408616983884 1.7281023514710052 1.7427960859581264 1.7574898204452476 1.772183554932369 1.7868772894194902 1.8015710239066114 1.8162647583937326 1.8309584928808538 1.845652227367975 1.8603459618551212 1.8750396963422424 1.8897334308293636 1.9044271653164848 1.9191208998036062 1.9338146342907274 1.9485083687778486 1.9632021032649698 1.977895837752091 1.9925895722392122 2.0072833067263334 2.0219770412134546
1.4996499233773046 1.5084681908308244 1.5172864582843442 1.5261047257378642 1.5349229931913837 1.5437412606449037 1.5525595280984383 1.5613777955519583 1.570196063005478 1.5790143304589979 1.5878325979125176 1.5966508653660374 1.6054691328195572 1.614287400273077 1.6231056677265967 1.6319239351801165 1.6436543087053452 1.6584977895123136 1.673341270319282 1.6881847511262755 1.703028231933244 1.7178717127402123 1.7327151935471807 1.747558674354149 1.7624021551611173 1.7772456359680857 1.792089116775054 1.8069325975820223 1.8217760783889907 1.836619559195959 1.8514630400029273 1.8663065208098957 1.8811500016168894 1.8959934824238576 1.910836963230826 1.9256804440377944 1.9405239248447628 1.955367405651731 1.9702108864586994 1.9850543672656678 1.999897848072636 2.0147413288796043 2.0295848096865727 2.044428290493541
1.5175452915691732 1.5263919384867268 1.5352385854042803 1.544085232321834 1.5529318792393876 1.5617785261569412 1.57062517307451 1.5794718199920634 1.588318466909617 1.5971651138271707 1.6060117607447244 1.614858407662278 1.6237050545798315 1.6325517014973852 1.6413983484149388 1.6502449953324922 1.6620624073495744 1.67705563447639 1.6920488616032057 1.7070420887300468 1.7220353158568624 1.737028542983678 1.7520217701104934 1.767014997237309 1.7820082243641246 1.7970014514909403 1.8119946786177559 1.8269879057445715 1.841981132871387 1.8569743599982025 1.871967587125018 1.8869608142518337 1.9019540413786749 1.9169472685054905 1.931940495632306 1.9469337227591217 1.961926949885937 1.9769201770127527 1.9919134041395683 2.006906631266384 2.0218998583931995 2.036893085520015 2.0518863126468307 2.0668795397736464
1.5354406597610262 1.5443156861426137 1.553190712524201 1.5620657389057886 1.570940765287376 1.5798157916689632 1.588690818050566 1.5975658444321532 1.6064408708137408 1.615315897195328 1.6241909235769154 1.633065949958503 1.6419409763400903 1.6508160027216776 1.6596910291032652 1.6685660554848525 1.6804705059937879 1.6956134794404505 1.7107564528871133 1.725899426333802 1.7410423997804645 1.7561853732271273 1.77132834667379 1.7864713201204527 1.8016142935671153 1.8167572670137782 1.8319002404604408 1.8470432139071036 1.8621861873537662 1.877329160800429 1.8924721342470916 1.9076151076937542 1.9227580811404428 1.9379010545871056 1.9530440280337682 1.968187001480431 1.9833299749270936 1.9984729483737564 2.0136159218204193 2.0287588952670816 2.0439018687137445 2.0590448421604073 2.07418781560707 2.0893307890537325
1.5533360279528796 1.5622394337985008 1.571142839644122 1.580046245489743 1.5889496513353643 1.5978530571809855 1.606756463026622 1.6156598688722432 1.6245632747178644 1.6334666805634857 1.6423700864091069 1.651273492254728 1.6601768981003493 1.6690803039459705 1.6779837097915915 1.6868871156372127 1.6988786046380016 1.7141713244045114 1.7294640441710212 1.744756763937557 1.7600494837040668 1.7753422034705766 1.7906349232370864 1.8059276430035962 1.821220362770106 1.8365130825366158 1.8518058023031256 1.8670985220696354 1.8823912418361453 1.897683961602655 1.9129766813691649 1.9282694011356747 1.9435621209022107 1.9588548406687205 1.9741475604352303 1.9894402802017401 2.00473299996825 2.0200257197347598 2.0353184395012693 2.0506111592677794 2.0659038790342894 2.081196598800799 2.096489318567309 2.1117820383338186
1.5712313961447326 1.5801631814543877 1.5890949667640426 1.5980267520736977 1.6069585373833526 1.6158903226930077 1.624822108002678 1.633753893312333 1.6426856786219879 1.651617463931643 1.6605492492412979 1.669481034550953 1.6784128198606079 1.687344605170263 1.6962763904799179 1.705208175789573 1.7172867032822148 1.7327291693685718 1.7481716354549288 1.763614101541312 1.779056567627669 1.7944990337140259 1.8099414998003829 1.82538396588674 1.8408264319730967 1.8562688980594537 1.8717113641458107 1.8871538302321675 1.9025962963185246 1.9180387624048816 1.9334812284912384 1.9489236945775954 1.9643661606639786 1.9798086267503356 1.9952510928366927 2.0106935589230495 2.0261360250094063 2.0415784910957635 2.0570209571821203 2.072463423268477 2.0879058893548343 2.103348355441191 2.118790821527548 2.134233287613905
1.589126764336586 1.5980869291102748 1.6070470938839636 1.6160072586576524 1.6249674234313414 1.63392758820503 1.642887752978734 1.651847917752423 1.6608080825261118 1.6697682472998006 1.6787284120734893 1.687688576847178 1.6966487416208669 1.7056089063945556 1.7145690711682444 1.7235292359419332 1.7356948019264284 1.7512870143326325 1.7668792267388367 1.7824714391450671 1.7980636515512713 1.8136558639574754 1.8292480763636794 1.8448402887698834 1.8604325011760876 1.8760247135822916 1.8916169259884956 1.9072091383946996 1.9228013508009036 1.9383935632071077 1.9539857756133119 1.969577988019516 1.9851702004257465 2.0007624128319508 2.0163546252381543 2.031946837644359 2.047539050050563 2.063131262456767 2.078723474862971 2.094315687269175 2.109907899675379 2.125500112081583 2.141092324487787 2.156684536893991
1.6070221325284393 1.6160106767661617 1.6249992210038844 1.633987765241607 1.6429763094793295 1.6519648537170522 1.6609533979547901 1.6699419421925126 1.6789304864302352 1.687919030667958 1.6969075749056803 1.705896119143403 1.7148846633811257 1.723873207618848 1.7328617518565708 1.7418502960942934 1.7541029005706419 1.769844859296693 1.7855868180227443 1.8013287767488222 1.8170707354748734 1.8328126942009246 1.8485546529269758 1.864296611653027 1.880038570379078 1.8957805291051293 1.9115224878311805 1.9272644465572317 1.943006405283283 1.9587483640093342 1.9744903227353852 1.9902322814614364 2.0059742401875145 2.0217161989135657 2.037458157639617 2.053200116365668 2.0689420750917193 2.08468403381777 2.100425992543822 2.1161679512698726 2.131909909995924 2.147651868721975 2.163393827448026 2.1791357861740774
1.6249175007203076 1.6339344244220642 1.6429513481238205 1.6519682718255768 1.6609851955273334 1.6700021192290897 1.6790190429308616 1.688035966632618 1.6970528903343745 1.7060698140361308 1.7150867377378871 1.7241036614396437 1.7331205851414 1.7421375088431565 1.7511544325449129 1.7601713562466692 1.772510999214871 1.7884027042607695 1.804294409306668 1.8201861143525935 1.836077819398492 1.8519695244443903 1.8678612294902888 1.8837529345361872 1.8996446395820856 1.915536344627984 1.9314280496738825 1.947319754719781 1.9632114597656791 1.9791031648115776 1.994994869857476 2.0108865749033744 2.0267782799493 2.0426699849951984 2.058561690041097 2.0744533950869952 2.0903451001328937 2.106236805178792 2.1221285102246905 2.138020215270589 2.1539119203164874 2.169803625362386 2.1856953304082842 2.2015870354541827
1.642812868912161 1.6518581720779513 1.6609034752437415 1.6699487784095317 1.6789940815753217 1.688039384741112 1.6970846879069177 1.706129991072708 1.7151752942384981 1.7242205974042883 1.7332659005700786 1.7423112037358688 1.751356506901659 1.7604018100674492 1.7694471132332394 1.7784924163990297 1.7909190978590848 1.8069605492248302 1.8230020005905758 1.8390434519563488 1.8550849033220942 1.8711263546878398 1.8871678060535853 1.903209257419331 1.9192507087850763 1.935292160150822 1.9513336115165676 1.967375062882313 1.9834165142480586 1.999457965613804 2.0154994169795497 2.0315408683452953 2.047582319711068 2.0636237710768137 2.0796652224425594 2.0957066738083046 2.11174812517405 2.127789576539796 2.1438310279055415 2.1598724792712867 2.1759139306370323 2.191955382002778 2.2079968333685236 2.2240382847342692
1.6607082371040143 1.6697819197338382 1.6788556023636623 1.6879292849934862 1.6970029676233103 1.7060766502531342 1.7151503328829736 1.7242240155127977 1.7332976981426218 1.7423713807724457 1.7514450634022698 1.7605187460320937 1.7695924286619178 1.7786661112917417 1.7877397939215658 1.7968134765513897 1.809327196503298 1.8255183941888908 1.8417095918744835 1.8579007895601036 1.8740919872456963 1.8902831849312889 1.9064743826168817 1.9226655803024744 1.938856777988067 1.9550479756736596 1.9712391733592523 1.9874303710448449 2.0036215687304377 2.01981276641603 2.036003964101623 2.0521951617872154 2.068386359472836 2.0845775571584286 2.100768754844021 2.116959952529614 2.1331511502152063 2.149342347900799 2.165533545586392 2.1817247432719844 2.1979159409575773 2.2141071386431697 2.2302983363287625 2.246489534014355
1.6786036052958675 1.6877056673897253 1.696807729483583 1.7059097915774408 1.7150118536712986 1.7241139157651566 1.7332159778590297 1.7423180399528877 1.7514201020467455 1.7605221641406033 1.769624226234461 1.7787262883283188 1.7878283504221766 1.7969304125160344 1.8060324746098924 1.8151345367037501 1.8277352951475117 1.8440762391529515 1.8604171831583913 1.876758127163859 1.8930990711692988 1.9094400151747384 1.9257809591801782 1.942121903185618 1.9584628471910577 1.9748037911964975 1.9911447352019374 2.007485679207377 2.023826623212817 2.0401675672182567 2.0565085112236963 2.0728494552291363 2.089190399234604 2.1055313432400435 2.1218722872454836 2.138213231250923 2.154554175256363 2.170895119261803 2.1872360632672425 2.203577007272682 2.219917951278122 2.236258895283562 2.252599839289002 2.2689407832944415
1.6964989734877207 1.7056294150456122 1.7147598566035038 1.7238902981613955 1.733020739719287 1.7421511812771786 1.7512816228350858 1.7604120643929773 1.769542505950869 1.7786729475087606 1.7878033890666523 1.7969338306245437 1.8060642721824354 1.815194713740327 1.8243251552982187 1.8334555968561101 1.846143393791725 1.862634084117012 1.8791247744422988 1.8956154647676138 1.9121061550929008 1.9285968454181877 1.9450875357434745 1.9615782260687615 1.9780689163940484 1.9945596067193352 2.0110502970446222 2.027540987369909 2.044031677695196 2.0605223680204827 2.0770130583457695 2.093503748671057 2.1099944389963716 2.1264851293216585 2.1429758196469453 2.1594665099722326 2.1759572002975194 2.192447890622806 2.208938580948093 2.22542927127338 2.2419199615986667 2.2584106519239535 2.2749013422492403 2.2913920325745276
1.714394341679574 1.7235531627014993 1.7327119837234246 1.7418708047453502 1.7510296257672755 1.7601884467892008 1.769347267811142 1.7785060888330673 1.7876649098549926 1.7968237308769182 1.8059825518988435 1.8151413729207688 1.8243001939426944 1.8334590149646197 1.842617835986545 1.8517766570084704 1.8645514924359388 1.8811919290810728 1.8978323657262066 1.914472802371369 1.9311132390165031 1.9477536756616372 1.9643941123067712 1.9810345489519052 1.9976749855970393 2.014315422242173 2.030955858887307 2.047596295532441 2.064236732177575 2.0808771688227092 2.0975176054678433 2.1141580421129773 2.1307984787581398 2.147438915403274 2.164079352048408 2.180719788693542 2.197360225338676 2.21400066198381 2.230641098628944 2.2472815352740776 2.2639219719192116 2.2805624085643457 2.2972028452094797 2.3138432818546137
1.732289709871427 1.7414769103573862 1.7506641108433454 1.7598513113293046 1.7690385118152638 1.778225712301223 1.7874129127871978 1.796600113273157 1.8057873137591163 1.8149745142450755 1.8241617147310347 1.833348915216994 1.842536115702953 1.8517233161889122 1.8609105166748714 1.8700977171608306 1.882959591080152 1.8997497740451332 1.9165399570101143 1.9333301399751242 1.9501203229401052 1.9669105059050864 1.9837006888700675 2.0004908718350487 2.01728105480003 2.0340712377650108 2.050861420729992 2.0676516036949733 2.084441786659954 2.1012319696249353 2.1180221525899166 2.134812335554898 2.1516025185199075 2.1683927014848887 2.1851828844498695 2.2019730674148508 2.218763250379832 2.2355534333448133 2.252343616309794 2.2691337992747753 2.2859239822397566 2.302714165204738 2.3195043481697186 2.3362945311347
1.751907541132783 1.7611347157416934 1.7703618903506038 1.7795890649595143 1.7888162395684248 1.7980434141773352 1.8072705887862612 1.8164977633951718 1.825724938004082 1.8349521126129926 1.8441792872219032 1.8534064618308135 1.8626336364397238 1.8718608110486343 1.8810879856575449 1.8903151602664552 1.903157303857314 1.919863931084362 1.9365705583114097 1.953277185538486 1.969983812765534 1.9866904399925818 2.0033970672196295 2.0201036944466777 2.0368103216737254 2.053516948900773 2.0702235761278214 2.086930203354869 2.103636830581917 2.120343457808965 2.137050085036013 2.1537567122630605 2.170463339490137 2.187169966717185 2.2038765939442326 2.2205832211712804 2.2372898483983286 2.2539964756253763 2.270703102852424 2.287409730079472 2.30411635730652 2.3208229845335677 2.3375296117606155 2.3542362389876637
1.773366576825987 1.782646119517268 1.791925662208549 1.8012052048998302 1.8104847475911112 1.8197642902823923 1.829043832973689 1.8383233756649702 1.8476029183562512 1.8568824610475323 1.8661620037388134 1.8754415464300944 1.8847210891213755 1.8940006318126565 1.9032801745039376 1.9125597171952187 1.925268001319735 1.941641687617168 1.9580153739146011 1.9743890602120622 1.9907627465094953 2.007136432806928 2.0235101191043614 2.0398838054017943 2.0562574916992276 2.0726311779966604 2.0890048642940937 2.105378550591527 2.12175223688896 2.1381259231863927 2.154499609483826 2.1708732957812593 2.18724698207872 2.203620668376153 2.2199943546735863 2.236368040971019 2.2527417272684525 2.2691154135658858 2.2854890998633186 2.3018627861607515 2.3182364724581848 2.334610158755618 2.350983845053051 2.3673575313504838
