Figures/CREST_Example_wjb_NSE/PETs/wjb.pet.20100610.asc
ncols            288
nrows            254
xllcorner        113.274861
yllcorner        31.4918055
cellsize         0.008333333333
NODATA_value     -9999
[rows 140 to 159 of 254, columns 220 to 263 of 288]
1.3098184788064349 1.3005339243204372 1.291321722664874 1.2821868678224988 1.2730520129801235 1.263917158137748 1.2547823032953727 1.2456474484529974 1.236512593610622 1.2273777387682467 1.2182428839258712 1.209108029083496 1.1999731742411206 1.1908383193987453 1.1817034645563544 1.172568609713979 1.1634337548716036 1.1542989000292283 1.145164045186853 1.1360291903444777 1.1268943355021024 1.117759480659727 1.1086246258173515 1.0994897709749762 1.090354916132601 1.0812200612902256 1.0720852064478503 1.0629503516054593 1.053815496763084 1.0446806419207086 1.0355457870783333 1.026410932235958 1.0179196459114075 1.0101163489007945 1.0023130518901815 0.9945097548795685 0.9867064578689555 0.9789031608583425 0.9710998638477295 0.9632965668371165 0.9554932698264903 0.9476899728158773 0.9398866758052643 0.9320833787946513
1.2989712200044201 1.2896762594223925 1.2804679240594607 1.2713521930162046 1.2622364619729485 1.2531207309296923 1.2440049998864362 1.23488926884318 1.225773537799924 1.216657806756668 1.2075420757134119 1.1984263446701557 1.1893106136268996 1.1801948825836435 1.1710791515403718 1.1619634204971157 1.1528476894538595 1.1437319584106034 1.1346162273673475 1.1255004963240913 1.1163847652808352 1.107269034237579 1.098153303194323 1.0890375721510668 1.0799218411078106 1.0708061100645545 1.0616903790212984 1.0525746479780267 1.0434589169347706 1.0343431858915146 1.0252274548482585 1.0161117238050024 1.007654387920959 0.9999008913661261 0.9921473948112931 0.9843938982564602 0.9766404017016272 0.9688869051467942 0.9611334085919613 0.9533799120371284 0.9456264154822821 0.9378729189274492 0.9301194223726161 0.9223659258177832
1.2881239612024056 1.2788185945243482 1.2696141254540476 1.2605175182099106 1.2514209109657737 1.242324303721637 1.2332276964775 1.2241310892333632 1.2150344819892263 1.2059378747450893 1.1968412675009525 1.1877446602568156 1.1786480530126788 1.1695514457685419 1.1604548385243896 1.1513582312802526 1.1422616240361156 1.133165016791979 1.124068409547842 1.114971802303705 1.1058751950595682 1.0967785878154312 1.0876819805712943 1.0785853733271575 1.0694887660830206 1.0603921588388838 1.0512955515947469 1.0421989443505946 1.0331023371064576 1.0240057298623206 1.014909122618184 1.005812515374047 0.997389129930511 0.989685433831458 0.981981737732405 0.9742780416333521 0.9665743455342991 0.9588706494352461 0.9511669533361932 0.9434632572371402 0.9357595611380741 0.9280558650390212 0.9203521689399682 0.9126484728409152
1.2772767024003913 1.2679609296263037 1.2587603268486345 1.2496828434036167 1.240605359958599 1.2315278765135815 1.2224503930685637 1.2133729096235462 1.2042954261785284 1.1952179427335108 1.1861404592884932 1.1770629758434754 1.1679854923984578 1.1589080089534403 1.149830525508407 1.1407530420633893 1.1316755586183718 1.122598075173354 1.1135205917283364 1.1044431082833188 1.095365624838301 1.0862881413932834 1.0772106579482656 1.068133174503248 1.0590556910582305 1.0499782076132127 1.0409007241681951 1.031823240723162 1.0227457572781442 1.0136682738331266 1.004590790388109 0.9955133069430914 0.9871238719400627 0.9794699762967897 0.9718160806535168 0.9641621850102438 0.9565082893669709 0.9488543937236978 0.9412004980804249 0.9335466024371519 0.9258927067938659 0.918238811150593 0.91058491550732 0.9029310198640471
1.2664294435983674 1.2571032647282498 1.247906528243212 1.2388481685973136 1.2297898089514152 1.2207314493055166 1.2116730896596182 1.2026147300137198 1.1935563703678214 1.184498010721923 1.1754396510760245 1.1663812914301261 1.1573229317842277 1.1482645721383293 1.1392062124924154 1.130147852846517 1.1210894932006186 1.1120311335547202 1.1029727739088218 1.0939144142629234 1.084856054617025 1.0757976949711265 1.0667393353252281 1.0576809756793297 1.0486226160334313 1.039564256387533 1.0305058967416345 1.0214475370957206 1.0123891774498222 1.0033308178039237 0.9942724581580253 0.9852140985121269 0.9768586139496056 0.9692545187621127 0.9616504235746197 0.9540463283871269 0.9464422331996339 0.9388381380121411 0.9312340428246482 0.9236299476371552 0.9160258524496494 0.9084217572621565 0.9008176620746636 0.8932135668871707
1.2555821847963529 1.2462455998302053 1.2370527296377989 1.2280134937910197 1.2189742579442404 1.2099350220974612 1.200895786250682 1.191856550403903 1.1828173145571237 1.1737780787103445 1.1647388428635652 1.155699607016786 1.146660371170007 1.1376211353232277 1.1285818994764332 1.119542663629654 1.1105034277828747 1.1014641919360955 1.0924249560893164 1.0833857202425372 1.074346484395758 1.0653072485489787 1.0562680127021995 1.0472287768554205 1.0381895410086412 1.029150305161862 1.0201110693150828 1.0110718334682882 1.002032597621509 0.9929933617747299 0.9839541259279507 0.9749148900811715 0.9665933559591574 0.9590390612274444 0.9514847664957315 0.9439304717640187 0.9363761770323058 0.9288218823005929 0.9212675875688799 0.9137132928371671 0.9061589981054413 0.8986047033737284 0.8910504086420155 0.8834961139103026
1.2447349259943385 1.2353879349321608 1.2261989310323855 1.2171788189847257 1.2081587069370656 1.1991385948894058 1.1901184828417457 1.1810983707940859 1.1720782587464258 1.163058146698766 1.1540380346511059 1.145017922603446 1.135997810555786 1.1269776985081261 1.1179575864604507 1.1089374744127907 1.0999173623651308 1.0908972503174708 1.0818771382698107 1.0728570262221508 1.063836914174491 1.054816802126831 1.0457966900791709 1.036776578031511 1.027756465983851 1.018736353936191 1.009716241888531 1.0006961298408557 0.9916760177931958 0.9826559057455357 0.9736357936978759 0.9646156816502158 0.956328097968709 0.9488236036927762 0.9413191094168433 0.9338146151409104 0.9263101208649775 0.9188056265890446 0.9113011323131117 0.9037966380371788 0.8962921437612331 0.8887876494853003 0.8812831552093674 0.8737786609334345
1.2338876671923238 1.2245302700341163 1.2153451324269722 1.2063441441784315 1.1973431559298908 1.1883421676813501 1.1793411794328093 1.1703401911842686 1.161339202935728 1.1523382146871872 1.1433372264386463 1.1343362381901057 1.125335249941565 1.1163342616930243 1.107333273444468 1.0983322851959274 1.0893312969473867 1.080330308698846 1.0713293204503052 1.0623283322017645 1.0533273439532238 1.0443263557046831 1.0353253674561422 1.0263243792076016 1.0173233909590609 1.0083224027105202 0.9993214144619794 0.9903204262134233 0.9813194379648826 0.9723184497163418 0.9633174614678011 0.9543164732192604 0.9460628399782608 0.938608146158108 0.9311534523379551 0.9236987585178021 0.9162440646976493 0.9087893708774964 0.9013346770573436 0.8938799832371906 0.886425289417025 0.8789705955968722 0.8715159017767193 0.8640612079565664
1.2253078445464713 1.2159390037683935 1.2067458344449045 1.1977404618821046 1.1887350893193047 1.1797297167565046 1.1707243441937047 1.1617189716309049 1.152713599068105 1.1437082265053051 1.134702853942505 1.1256974813797052 1.1166921088169053 1.1076867362541054 1.09868136369129 1.0896759911284901 1.0806706185656902 1.0716652460028904 1.0626598734400903 1.0536545008772904 1.0446491283144905 1.0356437557516907 1.0266383831888906 1.0176330106260907 1.0086276380632908 0.9996222655004909 0.990616892937691 0.9816115203748756 0.9726061478120758 0.9636007752492759 0.9545954026864759 0.9455900301236759 0.9373596431029 0.9299577331698018 0.9225558232367035 0.9151539133036053 0.9077520033705071 0.9003500934374088 0.8929481835043106 0.8855462735712124 0.8781443636381014 0.8707424537050032 0.8633405437719051 0.8559386338388069
1.2191517682169934 1.2097703747714637 1.2005564555100603 1.1915215699417034 1.1824866843733464 1.1734517988049893 1.1644169132366324 1.1553820276682754 1.1463471420999183 1.1373122565315614 1.1282773709632044 1.1192424853948473 1.1102075998264904 1.1011727142581333 1.092137828689761 1.0831029431214039 1.074068057553047 1.06503317198469 1.0559982864163329 1.046963400847976 1.037928515279619 1.0288936297112619 1.019858744142905 1.010823858574548 1.001788973006191 0.992754087437834 0.9837192018694769 0.9746843163011045 0.9656494307327476 0.9566145451643906 0.9475796595960335 0.9385447740276766 0.930326191090413 0.9229802541443326 0.9156343171982522 0.9082883802521717 0.9009424433060913 0.8935965063600109 0.8862505694139304 0.8789046324678501 0.8715586955217571 0.8642127585756767 0.8568668216295963 0.8495208846835158
1.2129956918875107 1.2036017457745287 1.194367076575211 1.185302678001297 1.176238279427383 1.1671738808534688 1.1581094822795546 1.1490450837056405 1.1399806851317265 1.1309162865578124 1.1218518879838983 1.112787489409984 1.10372309083607 1.094658692262156 1.0855942936882264 1.0765298951143123 1.0674654965403982 1.0584010979664842 1.04933669939257 1.0402723008186558 1.0312079022447418 1.0221435036708277 1.0130791050969135 1.0040147065229994 0.9949503079490853 0.9858859093751713 0.9768215108012571 0.9677571122273275 0.9586927136534135 0.9496283150794993 0.9405639165055852 0.9314995179316712 0.9232927390779201 0.9160027751188575 0.908712811159795 0.9014228472007324 0.8941328832416698 0.8868429192826073 0.8795529553235447 0.8722629913644822 0.864973027405407 0.8576830634463445 0.8503930994872819 0.8431031355282194
1.206839615558033 1.197433116777599 1.188177697640367 1.1790837860608958 1.1699898744814246 1.1608959629019535 1.1518020513224823 1.142708139743011 1.13361422816354 1.1245203165840687 1.1154264050045974 1.1063324934251264 1.0972385818456551 1.0881446702661839 1.0790507586866973 1.069956847107226 1.060862935527755 1.0517690239482838 1.0426751123688125 1.0335812007893415 1.0244872892098702 1.015393377630399 1.006299466050928 0.9972055544714566 0.9881116428919855 0.9790177313125143 0.9699238197330431 0.9608299081535564 0.9517359965740853 0.942642084994614 0.9335481734151428 0.9244542618356717 0.9162592870654331 0.9090252960933883 0.9017913051213436 0.8945573141492988 0.887323323177254 0.8800893322052094 0.8728553412331646 0.8656213502611197 0.8583873592890626 0.8511533683170179 0.8439193773449731 0.8366853863729283
1.2006835392285553 1.1912644877806693 1.181988318705523 1.1728648941204947 1.1637414695354664 1.1546180449504382 1.14549462036541 1.1363711957803815 1.1272477711953532 1.118124346610325 1.1090009220252968 1.0998774974402685 1.0907540728552403 1.081630648270212 1.0725072236851683 1.06338379910014 1.0542603745151118 1.0451369499300835 1.0360135253450553 1.0268901007600268 1.0177666761749986 1.0086432515899704 0.9995198270049422 0.9903964024199139 0.9812729778348857 0.9721495532498574 0.9630261286648292 0.9539027040797854 0.9447792794947572 0.9356558549097289 0.9265324303247007 0.9174090057396724 0.9092258350529463 0.9020478170679194 0.8948697990828923 0.8876917810978654 0.8805137631128385 0.8733357451278114 0.8661577271427845 0.8589797091577576 0.8518016911727183 0.8446236731876914 0.8374456552026645 0.8302676372176375
1.1945274628990776 1.1850958587837397 1.175798939770679 1.1666460021800935 1.1574930645895083 1.1483401269989228 1.1391871894083376 1.1300342518177522 1.120881314227167 1.1117283766365815 1.1025754390459963 1.0934225014554109 1.0842695638648256 1.0751166262742402 1.0659636886836392 1.056810751093054 1.0476578135024686 1.0385048759118833 1.029351938321298 1.0201990007307127 1.0110460631401272 1.0018931255495418 0.9927401879589566 0.9835872503683712 0.9744343127777859 0.9652813751872006 0.9561284375966153 0.9469755000060143 0.9378225624154289 0.9286696248248436 0.9195166872342582 0.910363749643673 0.9021923830404593 0.8950703380424502 0.887948293044441 0.8808262480464318 0.8737042030484227 0.8665821580504135 0.8594601130524044 0.8523380680543953 0.8452160230563739 0.8380939780583647 0.8309719330603557 0.8238498880623465
1.1883713865696 1.1789272297868099 1.1696095608358348 1.1604271102396924 1.15124465964355 1.1420622090474075 1.132879758451265 1.1236973078551227 1.1145148572589803 1.1053324066628378 1.0961499560666954 1.086967505470553 1.0777850548744106 1.0686026042782681 1.0594201536821102 1.0502377030859678 1.0410552524898253 1.031872801893683 1.0226903512975405 1.013507900701398 1.0043254501052556 0.9951429995091132 0.9859605489129708 0.9767780983168284 0.967595647720686 0.9584131971245436 0.9492307465284012 0.9400482959322431 0.9308658453361007 0.9216833947399583 0.9125009441438159 0.9033184935476735 0.8951589310279724 0.888092859016981 0.8810267870059897 0.8739607149949983 0.866894642984007 0.8598285709730156 0.8527624989620243 0.8456964269510329 0.8386303549400295 0.8315642829290382 0.8244982109180468 0.8174321389070555
1.1822153102401223 1.17275860078988 1.1634201819009906 1.1542082182992912 1.1449962546975918 1.1357842910958922 1.1265723274941928 1.1173603638924932 1.1081484002907938 1.0989364366890944 1.0897244730873947 1.0805125094856953 1.0713005458839957 1.0620885822822963 1.0528766186805811 1.0436646550788815 1.034452691477182 1.0252407278754827 1.016028764273783 1.0068168006720837 0.9976048370703842 0.9883928734686847 0.9791809098669851 0.9699689462652856 0.9607569826635862 0.9515450190618867 0.9423330554601872 0.933121091858472 0.9239091282567725 0.914697164655073 0.9054852010533735 0.896273237451674 0.8881254790154854 0.8811153799915119 0.8741052809675384 0.8670951819435648 0.8600850829195912 0.8530749838956176 0.8460648848716441 0.8390547858476706 0.8320446868236852 0.8250345877997116 0.818024488775738 0.8110143897517645
1.1760592339106444 1.1665899717929502 1.1572308029661464 1.14798932635889 1.1387478497516335 1.1295063731443769 1.1202648965371202 1.1110234199298636 1.101781943322607 1.0925404667153507 1.083298990108094 1.0740575135008374 1.0648160368935808 1.0555745602863242 1.0463330836790519 1.0370916070717955 1.0278501304645389 1.0186086538572823 1.0093671772500257 1.000125700642769 0.9908842240355126 0.981642747428256 0.9724012708209995 0.9631597942137429 0.9539183176064863 0.9446768409992298 0.9354353643919732 0.9261938877847009 0.9169524111774443 0.9077109345701877 0.8984694579629311 0.8892279813556746 0.8810920270029985 0.8741379009660427 0.8671837749290869 0.8602296488921313 0.8532755228551755 0.8463213968182197 0.839367270781264 0.8324131447443083 0.8254590187073407 0.818504892670385 0.8115507666334292 0.8045966405964735
1.1699031575811616 1.1604213427960155 1.1510414240312974 1.1417704344184836 1.13249944480567 1.1232284551928562 1.1139574655800426 1.104686475967229 1.0954154863544152 1.0861444967416016 1.0768735071287878 1.0676025175159742 1.0583315279031607 1.0490605382903468 1.0397895486775175 1.0305185590647037 1.02124756945189 1.0119765798390763 1.0027055902262627 0.993434600613449 0.9841636110006353 0.9748926213878217 0.965621631775008 0.9563506421621943 0.9470796525493806 0.937808662936567 0.9285376733237534 0.9192666837109238 0.9099956940981102 0.9007247044852965 0.8914537148724828 0.8821827252596692 0.8740585749905055 0.8671604219405676 0.8602622688906297 0.8533641158406918 0.8464659627907539 0.8395678097408161 0.8326696566908782 0.8257715036409403 0.8188733505909906 0.8119751975410527 0.805077044491115 0.798178891441177
1.163747081251684 1.1542527137990857 1.1448520450964532 1.1355515424780824 1.1262510398597116 1.1169505372413409 1.1076500346229703 1.0983495320045995 1.0890490293862287 1.079748526767858 1.0704480241494871 1.0611475215311164 1.0518470189127458 1.042546516294375 1.0332460136759885 1.0239455110576177 1.0146450084392469 1.005344505820876 0.9960440032025054 0.9867435005841346 0.977442997965764 0.9681424953473932 0.9588419927290224 0.9495414901106516 0.9402409874922809 0.9309404848739101 0.9216399822555394 0.9123394796371528 0.9030389770187821 0.8937384744004113 0.8844379717820405 0.8751374691636697 0.8670251229780187 0.8601829429150986 0.8533407628521785 0.8464985827892584 0.8396564027263383 0.8328142226634182 0.8259720426004982 0.819129862537578 0.8122876824746463 0.8054455024117262 0.7986033223488062 0.7917611422858861
1.1575910049222062 1.1480840848021558 1.138662666161609 1.1293326505376813 1.1200026349137533 1.1106726192898255 1.1013426036658978 1.09201258804197 1.082682572418042 1.0733525567941142 1.0640225411701865 1.0546925255462587 1.045362509922331 1.036032494298403 1.0267024786744592 1.0173724630505314 1.0080424474266036 0.9987124318026758 0.989382416178748 0.9800524005548201 0.9707223849308924 0.9613923693069645 0.9520623536830367 0.9427323380591088 0.9334023224351811 0.9240723068112532 0.9147422911873254 0.9054122755633817 0.8960822599394538 0.886752244315526 0.8774222286915982 0.8680922130676704 0.8599916709655318 0.8532054638896295 0.8464192568137272 0.8396330497378248 0.8328468426619225 0.8260606355860203 0.819274428510118 0.8124882214342157 0.8057020143583019 0.7989158072823996 0.7921296002064974 0.7853433931305951
