Figures/CREST_Example_wjb_NSE/PETs/wjb.pet.20090830.asc
ncols            288
nrows            254
xllcorner        113.274861
yllcorner        31.4918055
cellsize         0.008333333333
NODATA_value     -9999
[rows 60 to 79 of 254, columns 132 to 175 of 288]
2.530821592708647 2.52913289901658 2.5274442053245125 2.5257555116324455 2.5240668179403785 2.522378124248311 2.520689430556244 2.519000736864177 2.5173120431721094 2.5156233494800424 2.513934655787975 2.5122459620959052 2.5105572684038377 2.5088685747117707 2.5071798810197032 2.505491187327636 2.503802493635569 2.5021137999435017 2.5004251062514347 2.4987364125593676 2.4970477188673 2.495359025175233 2.493670331483166 2.4919816377910986 2.4902929440990285 2.4886042504069614 2.4869155567148944 2.485226863022827 2.48353816933076 2.481849475638693 2.482028867804243 2.484205286010431 2.48638170421662 2.4885581224228086 2.4907345406289974 2.4929109588351857 2.4950873770413744 2.4972637952475667 2.4994402134537554 2.501616631659944 2.5037930498661325 2.5059694680723212 2.50814588627851 2.5103223044846983
2.5290158563607474 2.5273625826337605 2.525709308906774 2.524056035179787 2.5224027614528004 2.5207494877258134 2.519096213998827 2.51744294027184 2.5157896665448534 2.5141363928178664 2.51248311909088 2.51082984536389 2.5091765716369037 2.5075232979099167 2.50587002418293 2.504216750455943 2.5025634767289566 2.5009102030019696 2.499256929274983 2.497603655547996 2.4959503818210096 2.4942971080940226 2.492643834367036 2.490990560640049 2.4893372869130594 2.487684013186073 2.486030739459086 2.4843774657320994 2.4827241920051124 2.481070918278126 2.481268690735307 2.4834452734367476 2.485621856138188 2.4877984388396284 2.4899750215410688 2.492151604242509 2.4943281869439495 2.4965047696453935 2.498681352346834 2.5008579350482742 2.5030345177497146 2.505211100451155 2.5073876831525954 2.509564265854036
2.527210120012848 2.5255922662509414 2.5239744124890353 2.522356558727129 2.5207387049652223 2.5191208512033163 2.51750299744141 2.5158851436795033 2.5142672899175973 2.512649436155691 2.5110315823937848 2.5094137286318756 2.507795874869969 2.5061780211080626 2.5045601673461566 2.50294231358425 2.501324459822344 2.4997066060604376 2.498088752298531 2.496470898536625 2.4948530447747186 2.493235191012812 2.491617337250906 2.4899994834889996 2.4883816297270904 2.4867637759651844 2.485145922203278 2.4835280684413714 2.4819102146794654 2.480292360917559 2.4805085136663716 2.4826852608630636 2.484862008059756 2.487038755256448 2.48921550245314 2.491392249649832 2.4935689968465247 2.4957457440432202 2.4979224912399127 2.5000992384366048 2.502275985633297 2.5044527328299893 2.5066294800266813 2.5088062272233733
2.5254043836649482 2.5238219498681222 2.5222395160712963 2.5206570822744703 2.5190746484776447 2.5174922146808187 2.5159097808839928 2.5143273470871668 2.5127449132903408 2.5111624794935152 2.5095800456966892 2.5079976118998606 2.5064151781030346 2.5048327443062086 2.5032503105093826 2.501667876712557 2.500085442915731 2.498503009118905 2.496920575322079 2.495338141525253 2.4937557077284276 2.4921732739316016 2.4905908401347756 2.4890084063379496 2.487425972541121 2.4858435387442954 2.4842611049474694 2.4826786711506434 2.4810962373538175 2.4795138035569915 2.4797483365974355 2.4819252482893797 2.4841021599813233 2.4862790716732674 2.4884559833652116 2.4906328950571552 2.4928098067490994 2.494986718441047 2.4971636301329907 2.499340541824935 2.501517453516879 2.5036943652088226 2.5058712769007667 2.5080481885927104
2.523598647317048 2.5220516334853027 2.520504619653557 2.5189576058218117 2.5174105919900662 2.5158635781583207 2.5143165643265752 2.5127695504948298 2.5112225366630843 2.509675522831339 2.5081285089995937 2.5065814951678456 2.5050344813361 2.5034874675043546 2.501940453672609 2.5003934398408636 2.498846426009118 2.4972994121773726 2.495752398345627 2.494205384513882 2.4926583706821366 2.491111356850391 2.4895643430186456 2.4880173291869 2.486470315355152 2.4849233015234065 2.483376287691661 2.4818292738599155 2.4802822600281704 2.478735246196425 2.4789881595285 2.4811652357156957 2.4833423119028915 2.485519388090087 2.487696464277283 2.4898735404644787 2.4920506166516745 2.494227692838874 2.4964047690260696 2.4985818452132653 2.500758921400461 2.502935997587657 2.5051130737748526 2.5072901499620484
2.521792910969148 2.520281317102483 2.518769723235818 2.517258129369153 2.515746535502488 2.514234941635823 2.512723347769158 2.511211753902493 2.509700160035828 2.508188566169163 2.506676972302498 2.5051653784358305 2.5036537845691655 2.5021421907025005 2.5006305968358356 2.4991190029691706 2.4976074091025056 2.4960958152358406 2.4945842213691756 2.4930726275025106 2.4915610336358456 2.4900494397691806 2.4885378459025156 2.4870262520358506 2.485514658169183 2.484003064302518 2.482491470435853 2.480979876569188 2.479468282702523 2.477956688835858 2.4782279824595643 2.480405223142012 2.4825824638244596 2.484759704506907 2.4869369451893544 2.489114185871802 2.4912914265542496 2.4934686672367006 2.4956459079191484 2.497823148601596 2.5000003892840432 2.5021776299664906 2.504354870648938 2.506532111331386
2.519987174621247 2.5185110007196627 2.517034826818078 2.5155586529164937 2.514082479014909 2.5126063051133247 2.5111301312117402 2.5096539573101553 2.508177783408571 2.5067016095069863 2.505225435605402 2.5037492617038146 2.50227308780223 2.5007969139006456 2.499320739999061 2.4978445660974766 2.496368392195892 2.494892218294307 2.4934160443927227 2.491939870491138 2.4904636965895537 2.488987522687969 2.4875113487863847 2.4860351748848 2.484559000983213 2.4830828270816285 2.481606653180044 2.480130479278459 2.4786543053768746 2.47717813147529 2.4774678053906283 2.4796452105683273 2.481822615746027 2.484000020923726 2.4861774261014253 2.4883548312791244 2.490532236456824 2.4927096416345265 2.494887046812226 2.497064451989925 2.4992418571676245 2.5014192623453235 2.503596667523023 2.505774072700722
2.5181814382733476 2.5167406843368436 2.5152999304003396 2.513859176463835 2.512418422527331 2.510977668590827 2.509536914654323 2.5080961607178187 2.5066554067813147 2.5052146528448107 2.5037738989083067 2.5023331449718 2.500892391035296 2.4994516370987916 2.4980108831622876 2.4965701292257836 2.495129375289279 2.493688621352775 2.492247867416271 2.490807113479767 2.4893663595432627 2.4879256056067587 2.4864848516702547 2.4850440977337507 2.483603343797244 2.4821625898607396 2.4807218359242356 2.4792810819877316 2.4778403280512276 2.476399574114723 2.4767076283216927 2.478885197994644 2.4810627676675945 2.4832403373405456 2.4854179070134967 2.487595476686448 2.4897730463593986 2.4919506160323537 2.4941281857053044 2.4963057553782555 2.4984833250512066 2.5006608947241578 2.502838464397109 2.5050160340700596
2.516375701925448 2.5149703679540245 2.5135650339826006 2.512159700011177 2.510754366039753 2.5093490320683296 2.507943698096906 2.506538364125482 2.5051330301540586 2.5037276961826347 2.502322362211211 2.500917028239785 2.4995116942683615 2.4981063602969376 2.496701026325514 2.49529569235409 2.4938903583826666 2.4924850244112426 2.491079690439819 2.489674356468395 2.4882690224969717 2.486863688525548 2.4854583545541242 2.4840530205827007 2.4826476866112746 2.4812423526398506 2.479837018668427 2.4784316846970036 2.4770263507255796 2.475621016754156 2.4759474512527566 2.4781251854209594 2.480302919589162 2.482480653757365 2.4846583879255677 2.486836122093771 2.4890138562619737 2.49119159043018 2.493369324598383 2.4955470587665856 2.4977247929347888 2.4999025271029915 2.5020802612711943 2.504257995439397
2.5145699655775484 2.513200051571205 2.511830137564862 2.5104602235585185 2.5090903095521755 2.507720395545832 2.506350481539489 2.5049805675331456 2.503610653526802 2.502240739520459 2.5008708255141157 2.49950091150777 2.498130997501427 2.4967610834950835 2.4953911694887405 2.494021255482397 2.492651341476054 2.4912814274697106 2.4899115134633676 2.488541599457024 2.4871716854506807 2.4858017714443377 2.484431857437994 2.483061943431651 2.4816920294253055 2.480322115418962 2.478952201412619 2.4775822874062756 2.4762123733999326 2.474842459393589 2.475187274183821 2.4773651728472754 2.4795430715107303 2.4817209701741847 2.4838988688376396 2.486076767501094 2.488254666164549 2.490432564828007 2.4926104634914616 2.494788362154916 2.496966260818371 2.4991441594818253 2.5013220581452797 2.5034999568087346
2.512764229229649 2.511429735188386 2.5100952411471233 2.5087607471058604 2.5074262530645974 2.5060917590233345 2.504757264982072 2.503422770940809 2.502088276899546 2.5007537828582835 2.4994192888170206 2.4980847947757554 2.4967503007344924 2.49541580669323 2.494081312651967 2.492746818610704 2.4914123245694415 2.4900778305281785 2.4887433364869156 2.4874088424456526 2.48607434840439 2.484739854363127 2.483405360321864 2.4820708662806017 2.4807363722393365 2.4794018781980736 2.4780673841568106 2.476732890115548 2.475398396074285 2.474063902033022 2.4744270971148854 2.476605160273592 2.4787832234322984 2.4809612865910045 2.483139349749711 2.4853174129084175 2.4874954760671235 2.489673539225834 2.49185160238454 2.4940296655432466 2.496207728701953 2.498385791860659 2.5005638550193656 2.502741918178072
2.5109584928817488 2.5096594188055663 2.508360344729384 2.5070612706532014 2.5057621965770194 2.504463122500837 2.5031640484246545 2.501864974348472 2.5005659002722895 2.4992668261961075 2.497967752119925 2.4966686780437404 2.495369603967558 2.4940705298913755 2.4927714558151934 2.491472381739011 2.4901733076628285 2.488874233586646 2.4875751595104636 2.4862760854342816 2.484977011358099 2.4836779372819167 2.482378863205734 2.4810797891295517 2.4797807150533675 2.478481640977185 2.4771825669010026 2.47588349282482 2.4745844187486377 2.473285344672455 2.47366692004595 2.475845147699908 2.478023375353866 2.480201603007824 2.4823798306617824 2.4845580583157405 2.4867362859696986 2.488914513623661 2.491092741277619 2.493270968931577 2.495449196585535 2.4976274242394934 2.4998056518934515 2.5019838795474096
2.509152756533848 2.507889102422746 2.506625448311644 2.505361794200542 2.50409814008944 2.502834485978338 2.501570831867236 2.500307177756134 2.499043523645032 2.4977798695339306 2.4965162154228286 2.4952525613117245 2.4939889072006225 2.4927252530895205 2.4914615989784186 2.4901979448673166 2.4889342907562146 2.4876706366451127 2.486406982534011 2.485143328422909 2.4838796743118072 2.4826160202007053 2.4813523660896033 2.4800887119785013 2.478825057867397 2.477561403756295 2.4762977496451932 2.4750340955340917 2.4737704414229897 2.4725067873118878 2.4729067429770137 2.4750851351262235 2.4772635272754333 2.479441919424643 2.4816203115738533 2.483798703723063 2.485977095872273 2.4881554880214867 2.4903338801706965 2.4925122723199067 2.4946906644691165 2.4968690566183263 2.4990474487675365 2.5012258409167463
2.5073470201859482 2.5061187860399268 2.5048905518939053 2.5036623177478834 2.502434083601862 2.5012058494558405 2.499977615309819 2.4987493811637975 2.497521147017776 2.4962929128717546 2.495064678725733 2.4938364445797094 2.492608210433688 2.4913799762876665 2.490151742141645 2.4889235079956236 2.487695273849602 2.4864670397035806 2.485238805557559 2.4840105714115377 2.4827823372655162 2.4815541031194948 2.4803258689734733 2.479097634827452 2.477869400681428 2.4766411665354067 2.475412932389385 2.4741846982433637 2.4729564640973423 2.471728229951321 2.472146565908078 2.4743251225525396 2.4765036791970014 2.478682235841463 2.4808607924859247 2.4830393491303866 2.485217905774848 2.4873964624193134 2.4895750190637753 2.4917535757082367 2.4939321323526986 2.4961106889971605 2.498289245641622 2.500467802286084
2.505541283838048 2.5043484696571072 2.5031556554761663 2.5019628412952253 2.5007700271142843 2.499577212933343 2.498384398752402 2.497191584571461 2.49599877039052 2.494805956209579 2.4936131420286376 2.492420327847695 2.4912275136667534 2.4900346994858125 2.4888418853048715 2.4876490711239305 2.4864562569429896 2.485263442762048 2.484070628581107 2.482877814400166 2.4816850002192252 2.4804921860382843 2.479299371857343 2.478106557676402 2.4769137434954587 2.4757209293145177 2.4745281151335767 2.4733353009526358 2.472142486771695 2.4709496725907534 2.471386388839142 2.4735651099788556 2.475743831118569 2.4779225522582826 2.4801012733979957 2.482279994537709 2.4844587156774227 2.4866374368171402 2.4888161579568537 2.490994879096567 2.4931736002362803 2.495352321375994 2.4975310425157073 2.499709763655421
2.5037355474901486 2.502578153274288 2.5014207590584276 2.5002633648425667 2.4991059706267063 2.4979485764108458 2.496791182194985 2.4956337879791244 2.494476393763264 2.493318999547403 2.4921616053315425 2.49100421111568 2.4898468168998193 2.4886894226839584 2.487532028468098 2.4863746342522375 2.4852172400363766 2.484059845820516 2.4829024516046556 2.4817450573887947 2.480587663172934 2.4794302689570737 2.478272874741213 2.4771154805253524 2.4759580863094897 2.474800692093629 2.4736432978777687 2.472485903661908 2.4713285094460473 2.470171115230187 2.4706262117702065 2.4728050974051716 2.474983983040137 2.4771628686751024 2.4793417543100675 2.4815206399450327 2.483699525579998 2.485878411214967 2.488057296849932 2.4902361824848973 2.4924150681198625 2.494593953754828 2.496772839389793 2.4989517250247584
2.501929811142249 2.500807836891469 2.4996858626406886 2.4985638883899086 2.497441914139128 2.496319939888348 2.495197965637568 2.494075991386788 2.4929540171360074 2.4918320428852274 2.490710068634447 2.4895880943836652 2.488466120132885 2.487344145882105 2.4862221716313244 2.4851001973805444 2.483978223129764 2.482856248878984 2.4817342746282036 2.4806123003774236 2.479490326126643 2.4783683518758632 2.477246377625083 2.476124403374303 2.4750024291235206 2.4738804548727407 2.4727584806219602 2.4716365063711803 2.4705145321204 2.46939255786962 2.469866034701271 2.472045084831488 2.474224134961705 2.476403185091922 2.478582235222139 2.480761285352356 2.482940335482573 2.4851193856127938 2.4872984357430106 2.489477485873228 2.4916565360034446 2.493835586133662 2.4960146362638786 2.498193686394096
2.5001240747943494 2.49903752050865 2.49795096622295 2.49686441193725 2.4957778576515506 2.4946913033658507 2.4936047490801507 2.4925181947944512 2.4914316405087513 2.490345086223052 2.489258531937352 2.48817197765165 2.4870854233659507 2.485998869080251 2.484912314794551 2.4838257605088514 2.4827392062231515 2.481652651937452 2.480566097651752 2.479479543366052 2.4783929890803527 2.4773064347946527 2.4762198805089533 2.4751333262232533 2.4740467719375516 2.472960217651852 2.471873663366152 2.4707871090804523 2.469700554794753 2.468614000509053 2.4691058576323353 2.471285072257804 2.473464286883273 2.475643501508742 2.4778227161342103 2.4800019307596792 2.482181145385148 2.4843603600106205 2.4865395746360894 2.4887187892615583 2.4908980038870268 2.4930772185124956 2.4952564331379645 2.4974356477634334
2.4983183384464493 2.49726720412583 2.496216069805211 2.4951649354845915 2.494113801163972 2.4930626668433526 2.4920115325227337 2.4909603982021142 2.489909263881495 2.4888581295608754 2.4878069952402564 2.486755860919635 2.4857047265990158 2.4846535922783963 2.4836024579577773 2.482551323637158 2.4815001893165385 2.480449054995919 2.4793979206753 2.4783467863546806 2.477295652034061 2.476244517713442 2.475193383392823 2.4741422490722034 2.473091114751582 2.4720399804309627 2.4709888461103438 2.4699377117897243 2.468886577469105 2.4678354431484855 2.468345680563399 2.47052505968412 2.4727044388048407 2.4748838179255612 2.4770631970462818 2.4792425761670023 2.481421955287723 2.483601334408447 2.485780713529168 2.4879600926498884 2.490139471770609 2.4923188508913294 2.49449823001205 2.4966776091327705
2.4965126020985484 2.4954968877430095 2.4944811733874706 2.493465459031932 2.492449744676393 2.491434030320854 2.4904183159653153 2.4894026016097763 2.4883868872542374 2.487371172898699 2.48635545854316 2.4853397441876193 2.4843240298320803 2.4833083154765414 2.482292601121003 2.481276886765464 2.480261172409925 2.479245458054386 2.478229743698847 2.4772140293433087 2.4761983149877698 2.475182600632231 2.474166886276692 2.473151171921153 2.4721354575656127 2.4711197432100738 2.470104028854535 2.469088314498996 2.468072600143457 2.4670568857879185 2.4675855034944636 2.4697650471104358 2.471944590726408 2.4741241343423805 2.4763036779583527 2.478483221574325 2.4806627651902975 2.4828423088062737 2.485021852422246 2.487201396038218 2.4893809396541906 2.4915604832701628 2.493740026886135 2.4959195705021076
