Figures/CREST_Example_wjb_NSE/PETs/wjb.pet.20090228.asc
ncols            288
nrows            254
xllcorner        113.274861
yllcorner        31.4918055
cellsize         0.008333333333
NODATA_value     -9999
[rows 40 to 59 of 254, columns 0 to 43 of 288]
-9999.0 -9999.0 -9999.0 -9999.0 -9999.0 -9999.0 -9999.0 -9999.0 -9999.0 -9999.0 -9999.0 -9999.0 -9999.0 -9999.0 1.291741705523838 1.2926980608074075 1.293654416090977 1.2946107713745465 1.295567126658116 1.2965234819416853 1.2974798372252547 1.2984361925088244 1.2993925477923938 1.3003489030759632 1.3013052583595326 1.3022616136431022 1.3032179689266732 1.3041743242102426 1.3051306794938122 1.3060870347773816 1.307043390060951 1.3079997453445205 1.3089561006280899 1.3099124559116595 1.310868811195229 1.3118251664787983 1.3127815217623677 1.3137378770459371 1.3146942323295068 1.3156505876130777 1.3166069428966471 1.3175632981802168 1.3180063691826467 1.3179007276878418
-9999.0 -9999.0 -9999.0 -9999.0 -9999.0 -9999.0 -9999.0 -9999.0 -9999.0 -9999.0 -9999.0 -9999.0 -9999.0 -9999.0 -9999.0 1.2922113766162784 1.2932174692609812 1.294223561905684 1.295229654550387 1.29623574719509 1.297241839839793 1.2982479324844958 1.2992540251291986 1.3002601177739015 1.3012662104186044 1.3022723030633072 1.3032783957080118 1.3042844883527147 1.3052905809974176 1.3062966736421204 1.3073027662868233 1.3083088589315262 1.309314951576229 1.3103210442209319 1.3113271368656347 1.3123332295103376 1.3133393221550405 1.3143454147997433 1.3153515074444462 1.3163576000891508 1.3173636927338537 1.3183697853785565 1.3188248192931173 1.3186907589707229
-9999.0 -9999.0 -9999.0 -9999.0 -9999.0 -9999.0 -9999.0 -9999.0 -9999.0 -9999.0 -9999.0 -9999.0 -9999.0 -9999.0 -9999.0 1.2917246924251495 1.2927805224309858 1.2938363524368222 1.2948921824426585 1.2959480124484948 1.2970038424543309 1.2980596724601672 1.2991155024660035 1.3001713324718398 1.3012271624776761 1.3022829924835124 1.3033388224893505 1.3043946524951868 1.3054504825010231 1.3065063125068592 1.3075621425126955 1.3086179725185318 1.3096738025243682 1.3107296325302045 1.3117854625360408 1.312841292541877 1.3138971225477134 1.3149529525535495 1.3160087825593858 1.317064612565224 1.3181204425710602 1.3191762725768965 1.3196432694035882 1.3194807902536037
-9999.0 -9999.0 -9999.0 -9999.0 -9999.0 -9999.0 -9999.0 -9999.0 -9999.0 -9999.0 -9999.0 -9999.0 -9999.0 -9999.0 -9999.0 -9999.0 1.2923435756009902 1.2934491429679598 1.2945547103349295 1.2956602777018993 1.296765845068869 1.2978714124358386 1.2989769798028084 1.3000825471697781 1.3011881145367479 1.3022936819037174 1.303399249270689 1.3045048166376587 1.3056103840046285 1.3067159513715982 1.3078215187385678 1.3089270861055375 1.3100326534725073 1.3111382208394768 1.3122437882064466 1.3133493555734164 1.3144549229403861 1.3155604903073557 1.3166660576743254 1.317771625041297 1.3188771924082667 1.3199827597752365 1.320461719514059 1.3202708215364847
-9999.0 -9999.0 -9999.0 -9999.0 -9999.0 -9999.0 -9999.0 -9999.0 -9999.0 -9999.0 -9999.0 -9999.0 -9999.0 -9999.0 -9999.0 -9999.0 -9999.0 1.2930619334990978 1.2942172382272008 1.295372542955304 1.2965278476834072 1.2976831524115102 1.2988384571396134 1.2999937618677164 1.3011490665958196 1.3023043713239226 1.3034596760520278 1.3046149807801308 1.305770285508234 1.306925590236337 1.3080808949644402 1.3092361996925432 1.3103915044206464 1.3115468091487494 1.3127021138768526 1.3138574186049556 1.3150127233330589 1.3161680280611618 1.317323332789265 1.31847863751737 1.3196339422454733 1.3207892469735762 1.32128016962453 1.3210608528193655
-9999.0 -9999.0 -9999.0 -9999.0 -9999.0 -9999.0 -9999.0 -9999.0 -9999.0 -9999.0 -9999.0 -9999.0 -9999.0 -9999.0 -9999.0 -9999.0 -9999.0 1.2926747240302356 1.293879766119472 1.2950848082087085 1.2962898502979452 1.2974948923871816 1.298699934476418 1.2999049765656547 1.3011100186548912 1.3023150607441278 1.3035201028333663 1.304725144922603 1.3059301870118394 1.3071352291010758 1.3083402711903125 1.309545313279549 1.3107503553687854 1.311955397458022 1.3131604395472585 1.3143654816364951 1.3155705237257316 1.316775565814968 1.3179806079042047 1.3191856499934431 1.3203906920826798 1.3215957341719162 1.3220986197350009 1.3218508841022465
-9999.0 -9999.0 -9999.0 -9999.0 -9999.0 -9999.0 -9999.0 -9999.0 -9999.0 -9999.0 -9999.0 -9999.0 -9999.0 -9999.0 -9999.0 -9999.0 -9999.0 -9999.0 1.293542294011743 1.294797073462113 1.296051852912483 1.297306632362853 1.298561411813223 1.2998161912635928 1.301070970713963 1.3023257501643328 1.303580529614705 1.304835309065075 1.306090088515445 1.3073448679658148 1.308599647416185 1.3098544268665548 1.311109206316925 1.3123639857672948 1.3136187652176647 1.3148735446680349 1.3161283241184047 1.3173831035687746 1.3186378830191448 1.3198926624695169 1.3211474419198868 1.3224022213702569 1.3229170698454724 1.322640915385128
-9999.0 -9999.0 -9999.0 -9999.0 -9999.0 -9999.0 -9999.0 -9999.0 -9999.0 -9999.0 -9999.0 -9999.0 -9999.0 -9999.0 -9999.0 -9999.0 -9999.0 -9999.0 1.2932048219040142 1.2945093387155175 1.2958138555270209 1.2971183723385245 1.2984228891500278 1.2997274059615311 1.3010319227730345 1.302336439584538 1.3036409563960436 1.304945473207547 1.3062499900190503 1.3075545068305536 1.3088590236420572 1.3101635404535605 1.3114680572650639 1.3127725740765672 1.3140770908880708 1.3153816076995741 1.3166861245110775 1.3179906413225808 1.3192951581340844 1.32059967494559 1.3219041917570933 1.3232087085685966 1.323735519955943 1.3234309466680088
-9999.0 -9999.0 -9999.0 -9999.0 -9999.0 -9999.0 -9999.0 -9999.0 -9999.0 -9999.0 -9999.0 -9999.0 -9999.0 -9999.0 -9999.0 -9999.0 -9999.0 -9999.0 -9999.0 1.2942216039689223 1.295575858141559 1.2969301123141959 1.2982843664868327 1.2996386206594694 1.3009928748321062 1.302347129004743 1.3037013831773823 1.305055637350019 1.3064098915226559 1.3077641456952926 1.3091183998679294 1.3104726540405662 1.311826908213203 1.3131811623858398 1.3145354165584766 1.3158896707311134 1.3172439249037502 1.318598179076387 1.3199524332490238 1.321306687421663 1.3226609415942998 1.3240151957669366 1.324553970066414 1.3242209779508898
-9999.0 -9999.0 -9999.0 -9999.0 -9999.0 -9999.0 -9999.0 -9999.0 -9999.0 -9999.0 -9999.0 -9999.0 -9999.0 -9999.0 -9999.0 -9999.0 -9999.0 -9999.0 -9999.0 1.293933869222327 1.295337860756097 1.2967418522898673 1.2981458438236375 1.2995498353574078 1.300953826891178 1.3023578184249482 1.303761809958721 1.305165801492491 1.3065697930262612 1.3079737845600314 1.3093777760938017 1.310781767627572 1.3121857591613422 1.3135897506951124 1.3149937422288827 1.3163977337626527 1.317801725296423 1.3192057168301932 1.3206097083639634 1.322013699897736 1.3234176914315063 1.3248216829652766 1.3253724201768848 1.3250110092337706
-9999.0 -9999.0 -9999.0 -9999.0 -9999.0 -9999.0 -9999.0 -9999.0 -9999.0 -9999.0 -9999.0 -9999.0 -9999.0 -9999.0 -9999.0 -9999.0 -9999.0 -9999.0 -9999.0 -9999.0 -9999.0 -9999.0 -9999.0 1.299461050055346 1.3009147789502498 1.3023685078451535 1.3038222367400596 1.305275965634963 1.3067296945298668 1.3081834234247705 1.309637152319674 1.3110908812145776 1.3125446101094813 1.313998339004385 1.3154520678992885 1.3169057967941922 1.3183595256890959 1.3198132545839993 1.321266983478903 1.3227207123738092 1.3241744412687129 1.3256281701636163 1.3261908702873557 1.3258010405166516
-9999.0 -9999.0 -9999.0 -9999.0 -9999.0 -9999.0 -9999.0 -9999.0 -9999.0 -9999.0 -9999.0 -9999.0 -9999.0 -9999.0 -9999.0 -9999.0 -9999.0 -9999.0 -9999.0 -9999.0 -9999.0 -9999.0 -9999.0 1.2993722647532844 1.3008757310093215 1.3023791972653584 1.303882663521398 1.3053861297774352 1.306889596033472 1.3083930622895092 1.3098965285455462 1.3113999948015833 1.3129034610576205 1.3144069273136574 1.3159103935696945 1.3174138598257314 1.3189173260817686 1.3204207923378055 1.3219242585938427 1.3234277248498822 1.3249311911059192 1.3264346573619563 1.3270093203978266 1.3265910717995324
-9999.0 -9999.0 -9999.0 -9999.0 -9999.0 -9999.0 -9999.0 -9999.0 -9999.0 -9999.0 -9999.0 -9999.0 -9999.0 -9999.0 -9999.0 -9999.0 -9999.0 -9999.0 -9999.0 -9999.0 -9999.0 -9999.0 -9999.0 -9999.0 -9999.0 1.3023898866855637 1.3039430903027367 1.3054962939199073 1.3070494975370777 1.308602701154248 1.3101559047714186 1.311709108388589 1.3132623120057594 1.31481551562293 1.3163687192401003 1.317921922857271 1.3194751264744413 1.3210283300916117 1.3225815337087823 1.3241347373259553 1.3256879409431257 1.3272411445602963 1.3278277705082975 1.3273811030824132
-9999.0 -9999.0 -9999.0 -9999.0 -9999.0 -9999.0 -9999.0 -9999.0 -9999.0 -9999.0 -9999.0 -9999.0 -9999.0 -9999.0 -9999.0 -9999.0 -9999.0 -9999.0 -9999.0 -9999.0 -9999.0 -9999.0 -9999.0 -9999.0 -9999.0 1.3024005761057689 1.3040035170840754 1.3056064580623794 1.3072093990406832 1.3088123400189873 1.310415280997291 1.312018221975595 1.313621162953899 1.3152241039322028 1.3168270449105066 1.3184299858888107 1.3200329268671145 1.3216358678454183 1.3232388088237224 1.3248417498020288 1.326444690780333 1.3280476317586367 1.328646220618769 1.3281711343652949
-9999.0 -9999.0 -9999.0 -9999.0 -9999.0 -9999.0 -9999.0 -9999.0 -9999.0 -9999.0 -9999.0 -9999.0 -9999.0 -9999.0 -9999.0 -9999.0 -9999.0 -9999.0 -9999.0 -9999.0 -9999.0 -9999.0 -9999.0 -9999.0 -9999.0 1.3024112655259739 1.304063943865414 1.3057166222048513 1.3073693005442886 1.309021978883726 1.3106746572231633 1.3123273355626006 1.313980013902038 1.3156326922414752 1.3172853705809127 1.31893804892035 1.3205907272597872 1.3222434055992245 1.3238960839386618 1.325548762278102 1.3272014406175394 1.3288541189569767 1.3294646707292397 1.3289611656481757
-9999.0 -9999.0 -9999.0 -9999.0 -9999.0 -9999.0 -9999.0 -9999.0 -9999.0 -9999.0 -9999.0 -9999.0 -9999.0 -9999.0 -9999.0 -9999.0 -9999.0 -9999.0 -9999.0 -9999.0 1.2939098764433252 1.295612292143896 1.2973147078444667 1.2990171235450374 1.3007195392456083 1.302421954946179 1.3041243706467527 1.3058267863473234 1.3075292020478941 1.3092316177484649 1.3109340334490356 1.3126364491496063 1.314338864850177 1.3160412805507478 1.3177436962513185 1.3194461119518892 1.32114852765246 1.3228509433530307 1.3245533590536014 1.326255774754175 1.3279581904547457 1.3296606061553164 1.3302831208397106 1.3297511969310567
-9999.0 -9999.0 -9999.0 -9999.0 -9999.0 -9999.0 -9999.0 -9999.0 -9999.0 -9999.0 -9999.0 -9999.0 -9999.0 -9999.0 -9999.0 -9999.0 -9999.0 -9999.0 -9999.0 1.2919197259961592 1.2936718790578634 1.2954240321195676 1.2971761851812718 1.298928338242976 1.30068049130468 1.3024326443663843 1.3041847974280913 1.3059369504897955 1.3076891035514997 1.3094412566132037 1.3111934096749078 1.312945562736612 1.3146977157983162 1.3164498688600204 1.3182020219217245 1.3199541749834287 1.3217063280451327 1.3234584811068368 1.325210634168541 1.326962787230248 1.3287149402919523 1.3304670933536564 1.3311015709501814 1.3305412282139375
-9999.0 -9999.0 -9999.0 -9999.0 -9999.0 -9999.0 -9999.0 -9999.0 -9999.0 -9999.0 -9999.0 -9999.0 -9999.0 -9999.0 -9999.0 -9999.0 -9999.0 1.2880282104038887 1.2898301008267263 1.291631991249564 1.2934338816724014 1.295235772095239 1.2970376625180766 1.298839552940914 1.3006414433637516 1.3024433337865893 1.3042452242094298 1.3060471146322674 1.307849005055105 1.3096508954779427 1.31145278590078 1.3132546763236177 1.3150565667464553 1.3168584571692927 1.3186603475921304 1.320462238014968 1.3222641284378054 1.324066018860643 1.3258679092834806 1.3276697997063212 1.3294716901291588 1.3312735805519964 1.3319200210606523 1.3313312594968183
-9999.0 -9999.0 -9999.0 -9999.0 -9999.0 -9999.0 -9999.0 -9999.0 -9999.0 -9999.0 -9999.0 -9999.0 -9999.0 -9999.0 -9999.0 1.2828544622421445 1.2846843586353511 1.2865142550285578 1.2883441514217642 1.2901740478149708 1.2920039442081774 1.293833840601384 1.2956637369945907 1.2974936333877973 1.299323529781004 1.3011534261742106 1.3029833225674203 1.304813218960627 1.3066431153538336 1.30847301174704 1.3103029081402466 1.3121328045334533 1.31396270092666 1.3157925973198665 1.3176224937130732 1.3194523901062798 1.3212822864994864 1.323112182892693 1.3249420792858997 1.3267719756791094 1.328601872072316 1.3304317684655225 1.3310934913728805 1.3305064104220716
-9999.0 -9999.0 -9999.0 -9999.0 -9999.0 -9999.0 -9999.0 -9999.0 -9999.0 -9999.0 -9999.0 -9999.0 -9999.0 -9999.0 1.2782918606930826 1.2801265335701686 1.2819612064472548 1.283795879324341 1.285630552201427 1.287465225078513 1.2892998979555992 1.2911345708326853 1.2929692437097713 1.2948039165868575 1.2966385894639436 1.2984732623410298 1.300307935218119 1.302142608095205 1.3039772809722912 1.3058119538493773 1.3076466267264633 1.3094812996035494 1.3113159724806356 1.3131506453577217 1.3149853182348077 1.3168199911118939 1.31865466398898 1.3204893368660662 1.3223240097431521 1.3241586826202414 1.3259933554973276 1.3278280283744137 1.3285085820023128 1.3279553560686759
