Figures/CREST_Example_wjb_NSE/PETs/wjb.pet.20100922.asc
ncols            288
nrows            254
xllcorner        113.274861
yllcorner        31.4918055
cellsize         0.008333333333
NODATA_value     -9999
[rows 190 to 208 of 254, columns 220 to 263 of 288]
0.39868937053746156 0.3969189075601274 0.39670481645853867 0.3981545221155224 0.3996042277725061 0.4010539334294898 0.4025036390864735 0.40395334474345723 0.40540305040044095 0.40685275605742466 0.40830246171440837 0.4097521673713921 0.4112018730283758 0.4126515786853595 0.4141012843423457 0.41555098999932943 0.41700069565631315 0.41845040131329686 0.4199001069702806 0.4213498126272643 0.422799518284248 0.4242492239412317 0.4256989295982154 0.42714863525519914 0.42859834091218285 0.43004804656916656 0.4314977522261503 0.4329474578831365 0.4343971635401202 0.4358468691971039 0.4372965748540876 0.43874628051107134 -9999.0 -9999.0 -9999.0 -9999.0 -9999.0 -9999.0 -9999.0 -9999.0 -9999.0 -9999.0 -9999.0 -9999.0
0.40084299615596014 0.399143724707088 0.39894570960930437 0.4003525715268749 0.4017594334444455 0.40316629536201604 0.40457315727958665 0.4059800191971572 0.40738688111472776 0.4087937430322983 0.4102006049498689 0.41160746686743943 0.41301432878501 0.41442119070258054 0.4158280526201535 0.41723491453772404 0.4186417764552946 0.42004863837286516 0.4214555002904357 0.42286236220800627 0.4242692241255768 0.42567608604314744 0.427082947960718 0.42848980987828855 0.4298966717958591 0.43130353371342967 0.4327103956310002 0.43411725754857317 0.4355241194661437 0.4369309813837143 0.43833784330128484 0.4397447052188554 -9999.0 -9999.0 -9999.0 -9999.0 -9999.0 -9999.0 -9999.0 -9999.0 -9999.0 -9999.0 -9999.0 -9999.0
0.4029966217744588 0.4013685418540486 0.4011866027600701 0.4025506209382275 0.4039146391163849 0.4052786572945423 0.4066426754726997 0.4080066936508571 0.4093707118290145 0.4107347300071719 0.4120987481853293 0.4134627663634868 0.4148267845416442 0.4161908027198016 0.4175548208979613 0.4189188390761187 0.4202828572542761 0.4216468754324335 0.4230108936105909 0.4243749117887483 0.4257389299669057 0.4271029481450631 0.4284669663232205 0.4298309845013779 0.4311950026795353 0.4325590208576927 0.4339230390358501 0.43528705721400984 0.43665107539216724 0.43801509357032464 0.43937911174848204 0.44074312992663944 -9999.0 -9999.0 -9999.0 -9999.0 -9999.0 -9999.0 -9999.0 -9999.0 -9999.0 -9999.0 -9999.0 -9999.0
0.4051502473929573 0.4035933590010091 0.4034274959108358 0.40474867034958006 0.4060698447883243 0.40739101922706855 0.4087121936658128 0.41003336810455704 0.4113545425433013 0.4126757169820455 0.41399689142078977 0.41531806585953407 0.4166392402982783 0.41796041473702256 0.4192815891757691 0.4206027636145133 0.42192393805325756 0.4232451124920018 0.42456628693074605 0.4258874613694903 0.42720863580823454 0.4285298102469788 0.429850984685723 0.43117215912446727 0.4324933335632115 0.4338145080019558 0.43513568244070006 0.4364568568794465 0.4377780313181908 0.43909920575693506 0.4404203801956793 0.44174155463442355 0.44234120968130125 -9999.0 -9999.0 -9999.0 -9999.0 -9999.0 -9999.0 -9999.0 -9999.0 -9999.0 -9999.0 -9999.0
0.4073038730114568 0.40581817614797067 0.40566838906160246 0.40694671976093355 0.40822505046026464 0.4095033811595957 0.41078171185892676 0.41206004255825784 0.41333837325758893 0.41461670395692 0.41589503465625105 0.41717336535558214 0.4184516960549132 0.4197300267542443 0.42100835745357756 0.42228668815290865 0.4235650188522397 0.42484334955157077 0.42612168025090186 0.42740001095023294 0.428678341649564 0.42995667234889506 0.43123500304822615 0.43251333374755724 0.4337916644468883 0.43506999514621936 0.43634832584555044 0.4376266565448837 0.4389049872442148 0.44018331794354587 0.4414616486428769 0.442739979342208 0.44336522545569373 -9999.0 -9999.0 -9999.0 -9999.0 -9999.0 -9999.0 -9999.0 -9999.0 -9999.0 -9999.0 -9999.0
0.4094574986299554 0.40804299329493127 0.4079092822123682 0.40914476917228615 0.4103802561322041 0.41161574309212196 0.4128512300520399 0.4140867170119578 0.41532220397187575 0.4165576909317936 0.41779317789171155 0.4190286648516295 0.4202641518115474 0.42149963877146535 0.42273512573138533 0.42397061269130326 0.4252060996512212 0.4264415866111391 0.427677073571057 0.42891256053097493 0.43014804749089286 0.4313835344508108 0.4326190214107287 0.4338545083706466 0.4350899953305645 0.43632548229048246 0.4375609692504004 0.4387964562103204 0.4400319431702383 0.44126743013015624 0.44250291709007417 0.44373840404999204 0.4443892412300858 -9999.0 -9999.0 -9999.0 -9999.0 -9999.0 -9999.0 -9999.0 -9999.0 -9999.0 -9999.0 -9999.0
0.411611124248454 0.41026781044189187 0.410150175363134 0.4113428185836387 0.41253546180414347 0.41372810502464824 0.414920748245153 0.4161133914656578 0.4173060346861625 0.4184986779066673 0.41969132112717206 0.42088396434767683 0.42207660756818155 0.4232692507886863 0.42446189400919315 0.4256545372296979 0.42684718045020265 0.4280398236707074 0.4292324668912122 0.43042511011171697 0.4316177533322217 0.43281039655272646 0.43400303977323124 0.435195682993736 0.4363883262142408 0.4375809694347455 0.4387736126552503 0.4399662558757571 0.4411588990962618 0.4423515423167666 0.4435441855372714 0.44473682875777615 0.4454132570044778 -9999.0 -9999.0 -9999.0 -9999.0 -9999.0 -9999.0 -9999.0 -9999.0 -9999.0 -9999.0 -9999.0
0.4137647498669535 0.4124926275888534 0.4123910685139006 0.41354086799499223 0.4146906674760838 0.4158404669571754 0.416990266438267 0.41814006591935854 0.41928986540045016 0.4204396648815417 0.42158946436263334 0.4227392638437249 0.4238890633248165 0.4250388628059081 0.42618866228700164 0.4273384617680932 0.4284882612491848 0.4296380607302764 0.430787860211368 0.43193765969245956 0.4330874591735512 0.43423725865464274 0.43538705813573436 0.4365368576168259 0.43768665709791754 0.4388364565790091 0.43998625606010067 0.4411360555411942 0.44228585502228585 0.4434356545033774 0.444585453984469 0.4457352534655606 0.44643727277887024 -9999.0 -9999.0 -9999.0 -9999.0 -9999.0 -9999.0 -9999.0 -9999.0 -9999.0 -9999.0 -9999.0
0.4159183754854521 0.41471744473581396 0.41463196166466637 0.4157389174063448 0.41684587314802324 0.41795282888970164 0.4190597846313801 0.4201667403730585 0.421273696114737 0.4223806518564154 0.42348760759809384 0.42459456333977225 0.4257015190814507 0.4268084748231291 0.4279154305648094 0.42902238630648787 0.4301293420481663 0.43123629778984474 0.43234325353152314 0.4334502092732016 0.43455716501488 0.43566412075655847 0.4367710764982369 0.43787803223991534 0.43898498798159374 0.4400919437232722 0.4411988994649506 0.44230585520663096 0.44341281094830937 0.4445197666899878 0.44562672243166623 -9999.0 -9999.0 -9999.0 -9999.0 -9999.0 -9999.0 -9999.0 -9999.0 -9999.0 -9999.0 -9999.0 -9999.0 -9999.0
0.41807200110395065 0.41694226188277456 0.41687285481543207 0.4179369668176973 0.4190010788199626 0.4200651908222279 0.4211293028244932 0.42219341482675843 0.42325752682902373 0.424321638831289 0.4253857508335543 0.42644986283581954 0.42751397483808484 0.4285780868403501 0.4296421988426172 0.4307063108448825 0.43177042284714773 0.43283453484941303 0.4338986468516783 0.4349627588539436 0.43602687085620884 0.43709098285847414 0.4381550948607394 0.4392192068630047 0.44028331886526995 0.44134743086753525 0.4424115428698005 0.44347565487206764 0.4445397668743329 0.4456038788765982 0.44666799087886344 -9999.0 -9999.0 -9999.0 -9999.0 -9999.0 -9999.0 -9999.0 -9999.0 -9999.0 -9999.0 -9999.0 -9999.0 -9999.0
0.4202256267224501 0.41916707902973604 0.4191137479661987 0.4201350162290508 0.42115628449190295 0.42217755275475505 0.42319882101760714 0.42422008928045923 0.4252413575433113 0.4262626258061635 0.42728389406901557 0.42830516233186766 0.42932643059471975 0.43034769885757185 0.4313689671204257 0.4323902353832778 0.4334115036461299 0.43443277190898205 0.43545404017183414 0.43647530843468624 0.43749657669753833 0.4385178449603905 0.4395391132232426 0.44056038148609467 0.44158164974894676 0.44260291801179885 0.443624186274651 0.4446454545375048 0.4456667228003569 0.44668799106320906 0.44770925932606115 -9999.0 -9999.0 -9999.0 -9999.0 -9999.0 -9999.0 -9999.0 -9999.0 -9999.0 -9999.0 -9999.0 -9999.0 -9999.0
0.42237925234094875 0.42139189617669665 0.42135464111696447 0.4223330656404034 0.42331149016384234 0.4242899146872813 0.42526833921072027 0.4262467637341592 0.42722518825759814 0.4282036127810371 0.42918203730447607 0.430160461827915 0.43113888635135394 0.4321173108747929 0.43309573539823354 0.4340741599216725 0.4350525844451114 0.43603100896855035 0.4370094334919893 0.4379878580154283 0.4389662825388672 0.43994470706230615 0.4409231315857451 0.441901556109184 0.442879980632623 0.44385840515606195 0.4448368296795009 0.4458152542029415 0.4467936787263805 0.4477721032498194 -9999.0 -9999.0 -9999.0 -9999.0 -9999.0 -9999.0 -9999.0 -9999.0 -9999.0 -9999.0 -9999.0 -9999.0 -9999.0 -9999.0
0.42453287795944733 0.42361671332365725 0.4235955342677302 0.424531115051756 0.4254666958357818 0.42640227661980756 0.42733785740383334 0.4282734381878591 0.42920901897188496 0.43014459975591074 0.4310801805399365 0.4320157613239623 0.4329513421079881 0.4338869228920139 0.4348225036760413 0.4357580844600671 0.43669366524409287 0.43762924602811865 0.4385648268121444 0.43950040759617026 0.44043598838019604 0.4413715691642218 0.4423071499482476 0.4432427307322734 0.44417831151629916 0.445113892300325 0.4460494730843508 0.44698505386837817 0.44792063465240395 0.44885621543642973 -9999.0 -9999.0 -9999.0 -9999.0 -9999.0 -9999.0 -9999.0 -9999.0 -9999.0 -9999.0 -9999.0 -9999.0 -9999.0 -9999.0
0.4266865035779459 0.4258415304706178 0.42583642741849587 0.4267291644631085 0.42762190150772117 0.4285146385523338 0.4294073755969464 0.43030011264155904 0.4311928496861717 0.43208558673078434 0.43297832377539697 0.4338710608200096 0.43476379786462227 0.4356565349092349 0.436549271953849 0.4374420089984617 0.4383347460430743 0.43922748308768694 0.44012022013229957 0.44101295717691225 0.44190569422152487 0.4427984312661375 0.4436911683107501 0.4445839053553628 0.4454766423999754 0.44636937944458804 0.44726211648920067 0.44815485353381485 0.44904759057842747 0.4499403276230401 0.45083306466765277 -9999.0 -9999.0 -9999.0 -9999.0 -9999.0 -9999.0 -9999.0 -9999.0 -9999.0 -9999.0 -9999.0 -9999.0 -9999.0
0.4288401291964454 0.42806634761757933 0.42807732056926256 0.42892721387446203 0.4297771071796615 0.43062700048486097 0.43147689379006043 0.43232678709525985 0.4331766804004593 0.4340265737056588 0.43487646701085825 0.4357263603160577 0.4365762536212572 0.43742614692645665 0.43827604023165756 0.439125933536857 0.4399758268420565 0.44082572014725596 0.44167561345245543 0.4425255067576549 0.44337540006285436 0.44422529336805383 0.4450751866732533 0.44592507997845277 0.44677497328365223 0.4476248665888517 0.4484747598940511 0.4493246531992521 0.4501745465044515 0.45102443980965096 -9999.0 -9999.0 -9999.0 -9999.0 -9999.0 -9999.0 -9999.0 -9999.0 -9999.0 -9999.0 -9999.0 -9999.0 -9999.0 -9999.0
0.430993754814944 0.43029116476453994 0.43031821372002826 0.4311252632858146 0.4319323128516009 0.4327393624173872 0.4335464119831735 0.4343534615489598 0.43516051111474613 0.43596756068053244 0.43677461024631875 0.43758165981210506 0.4383887093778914 0.4391957589436777 0.4400028085094654 0.4408098580752517 0.441616907641038 0.44242395720682426 0.44323100677261057 0.4440380563383969 0.4448451059041832 0.4456521554699695 0.4464592050357558 0.4472662546015421 0.44807330416732843 0.44888035373311475 0.44968740329890106 0.45049445286468875 0.45130150243047507 -9999.0 -9999.0 -9999.0 -9999.0 -9999.0 -9999.0 -9999.0 -9999.0 -9999.0 -9999.0 -9999.0 -9999.0 -9999.0 -9999.0 -9999.0
0.4331473804334426 0.43251598191150054 0.432559106870794 0.4333233126971672 0.4340875185235403 0.4348517243499135 0.43561593017628664 0.4363801360026598 0.43714434182903295 0.4379085476554061 0.43867275348177925 0.4394369593081524 0.44020116513452556 0.4409653709608987 0.44172957678727315 0.4424937826136463 0.44325798844001946 0.4440221942663926 0.44478640009276577 0.4455506059191389 0.4463148117455121 0.44707901757188523 0.4478432233982584 0.44860742922463154 0.4493716350510047 0.45013584087737785 0.450900046703751 -9999.0 -9999.0 -9999.0 -9999.0 -9999.0 -9999.0 -9999.0 -9999.0 -9999.0 -9999.0 -9999.0 -9999.0 -9999.0 -9999.0 -9999.0 -9999.0 -9999.0
0.4353010060519421 0.4347407990584621 0.4348000000215607 0.43552136210852066 0.43624272419548066 0.43696408628244066 0.4376854483694006 0.4384068104563606 0.43912817254332054 0.43984953463028054 0.44057089671724053 0.4412922588042005 0.4420136208911605 0.4427349829781205 0.44345634506508164 0.44417770715204163 0.44489906923900163 0.4456204313259616 0.4463417934129216 0.44706315549988157 0.4477845175868415 0.4485058796738015 0.44922724176076145 0.44994860384772145 0.45066996593468145 0.4513913280216414 -9999.0 -9999.0 -9999.0 -9999.0 -9999.0 -9999.0 -9999.0 -9999.0 -9999.0 -9999.0 -9999.0 -9999.0 -9999.0 -9999.0 -9999.0 -9999.0 -9999.0 -9999.0
0.4457542599506852 0.4452429654706468 0.4453962190247603 0.44625988946725953 0.4471235599097587 0.44798723035225796 0.44885090079475715 0.4497145712372564 0.4505782416797556 0.4514419121222548 0.452305582564754 0.4531692530072532 0.45403292344975243 0.4548965938922516 0.4557602643347523 0.45662393477725155 0.45748760521975074 0.45835127566225 0.45921494610474917 0.4600786165472484 0.4609422869897476 0.46180595743224684 0.462669627874746 0.46353329831724527 0.46439696875974446 0.4652606392022437 -9999.0 -9999.0 -9999.0 -9999.0 -9999.0 -9999.0 -9999.0 -9999.0 -9999.0 -9999.0 -9999.0 -9999.0 -9999.0 -9999.0 -9999.0 -9999.0 -9999.0 -9999.0
