Figures/CREST_Example_wjb_NSE/PETs/wjb.pet.20090928.asc
ncols            288
nrows            254
xllcorner        113.274861
yllcorner        31.4918055
cellsize         0.008333333333
NODATA_value     -9999
[rows 140 to 159 of 254, columns 88 to 131 of 288]
2.393009016079716 2.389879514394156 2.3867500127085957 2.38362051102303 2.38049100933747 2.37736150765191 2.3742320059663498 2.3711025042807896 2.3679730025952295 2.3648435009096693 2.361713999224109 2.358584497538549 2.355454995852989 2.3523254941674288 2.349244967681886 2.3462167967925494 2.343188625903208 2.3401604550138715 2.337132284124535 2.3341041132351985 2.331075942345862 2.3280477714565255 2.325019600567189 2.321991429677853 2.3189632587885165 2.31593508789918 2.3129069170098435 2.309878746120507 2.3068505752311705 2.303822404341829 2.3007942334524927 2.297766062563156 2.2947378916738197 2.2917097207844837 2.288681549895147 2.2856533790058107 2.282625208116474 2.2795970372271377 2.276568866337801 2.2735406954484647 2.2705125245591287 2.267484353669792 2.2644561827804504 2.261428011891114
2.3981149337159775 2.3950033728844584 2.391891812052939 2.3887802512214145 2.385668690389895 2.382557129558376 2.3794455687268563 2.376334007895337 2.3732224470638177 2.3701108862322986 2.366999325400779 2.36388776456926 2.360776203737741 2.3576646429062214 2.354591510962914 2.3515594603700274 2.348527409777136 2.3454953591842496 2.342463308591363 2.339431257998477 2.3363992074055906 2.333367156812704 2.330335106219818 2.3273030556269316 2.324271005034045 2.321238954441159 2.3182069038482727 2.315174853255386 2.3121428026625 2.3091107520696084 2.3060787014767223 2.303046650883836 2.3000146002909494 2.2969825496980634 2.293950499105177 2.2909184485122904 2.2878863979194044 2.284854347326518 2.2818222967336315 2.2787902461407454 2.275758195547859 2.2727261449549725 2.269694094362081 2.2666620437691947
2.4032208513522395 2.400127231374761 2.3970336113972825 2.3939399914197987 2.3908463714423203 2.387752751464842 2.3846591314873633 2.381565511509885 2.3784718915324063 2.375378271554928 2.3722846515774494 2.369191031599971 2.3660974116224924 2.363003791645014 2.3599380542439414 2.3569021239475054 2.353866193651064 2.3508302633546276 2.3477943330581916 2.344758402761755 2.341722472465319 2.3386865421688827 2.3356506118724467 2.3326146815760103 2.3295787512795743 2.326542820983138 2.323506890686702 2.3204709603902653 2.3174350300938293 2.314399099797388 2.3113631695009516 2.3083272392045155 2.305291308908079 2.302255378611643 2.2992194483152066 2.2961835180187706 2.293147587722334 2.290111657425898 2.2870757271294617 2.2840397968330257 2.2810038665365893 2.2779679362401533 2.274932005943712 2.2718960756472755
2.4083267689885015 2.405251089865064 2.402175410741626 2.3990997316181835 2.396024052494746 2.392948373371308 2.3898726942478707 2.386797015124433 2.3837213360009954 2.3806456568775576 2.37756997775412 2.3744942986306823 2.371418619507245 2.3683429403838074 2.36528459752497 2.3622447875249835 2.359204977524992 2.356165167525006 2.35312535752502 2.3500855475250337 2.3470457375250477 2.3440059275250618 2.3409661175250758 2.3379263075250893 2.3348864975251034 2.3318466875251174 2.328806877525131 2.325767067525145 2.322727257525159 2.319687447525167 2.316647637525181 2.3136078275251952 2.310568017525209 2.307528207525223 2.304488397525237 2.3014485875252504 2.2984087775252644 2.2953689675252784 2.2923291575252924 2.289289347525306 2.28624953752532 2.283209727525334 2.2801699175253427 2.2771301075253563
2.413432686624768 2.410374948355371 2.4073172100859743 2.404259471816572 2.4012017335471754 2.3981439952777786 2.3950862570083817 2.3920285187389854 2.3889707804695886 2.3859130422001917 2.382855303930795 2.379797565661398 2.3767398273920013 2.3736820891226045 2.370631140806002 2.367587451102466 2.3645437613989246 2.3615000716953887 2.3584563819918527 2.3554126922883167 2.3523690025847808 2.349325312881245 2.346281623177709 2.3432379334741724 2.3401942437706365 2.3371505540671005 2.3341068643635645 2.3310631746600285 2.3280194849564926 2.3249757952529513 2.3219321055494153 2.3188884158458793 2.315844726142343 2.312801036438807 2.309757346735271 2.306713657031735 2.303669967328199 2.300626277624663 2.297582587921127 2.2945388982175907 2.2914952085140547 2.288451518810519 2.2854078291069775 2.2823641394034415
2.4185386042610295 2.4154988068456738 2.412459009430318 2.4094192120149565 2.4063794145996007 2.403339617184245 2.4002998197688887 2.397260022353533 2.3942202249381768 2.391180427522821 2.388140630107465 2.385100832692109 2.3820610352767533 2.379021237861397 2.37597768408703 2.372930114679944 2.3698825452728527 2.366834975865767 2.3637874064586812 2.3607398370515953 2.3576922676445093 2.3546446982374234 2.3515971288303374 2.3485495594232515 2.3455019900161655 2.3424544206090796 2.3394068512019937 2.3363592817949077 2.3333117123878218 2.3302641429807305 2.3272165735736445 2.3241690041665586 2.3211214347594726 2.3180738653523867 2.3150262959453007 2.311978726538215 2.308931157131129 2.3058835877240433 2.3028360183169574 2.2997884489098714 2.2967408795027855 2.2936933100956995 2.2906457406886083 2.2875981712815223
2.423644521897292 2.420622665335977 2.4176008087746617 2.4145789522133416 2.4115570956520265 2.4085352390907113 2.405513382529396 2.402491525968081 2.399469669406766 2.3964478128454507 2.3934259562841356 2.3904040997228204 2.3873822431615053 2.38436038660019 2.3813242273680584 2.3782727782574224 2.375221329146781 2.3721698800361457 2.3691184309255098 2.366066981814874 2.363015532704238 2.359964083593602 2.356912634482966 2.3538611853723306 2.3508097362616946 2.3477582871510587 2.344706838040423 2.341655388929787 2.3386039398191514 2.33555249070851 2.332501041597874 2.3294495924872383 2.326398143376603 2.323346694265967 2.320295245155331 2.317243796044695 2.314192346934059 2.3111408978234236 2.3080894487127877 2.3050379996021517 2.301986550491516 2.29893510138088 2.295883652270239 2.292832203159603
2.428750439533554 2.4257465238262794 2.4227426081190053 2.419738692411726 2.4167347767044514 2.4137308609971773 2.410726945289903 2.4077230295826286 2.4047191138753545 2.40171519816808 2.398711282460806 2.3957073667535314 2.3927034510462573 2.389699535338983 2.386670770649086 2.3836154418349005 2.3805601130207092 2.377504784206524 2.374449455392338 2.371394126578152 2.3683387977639665 2.3652834689497806 2.362228140135595 2.359172811321409 2.3561174825072233 2.353062153693038 2.350006824878852 2.346951496064666 2.3438961672504806 2.3408408384362893 2.337785509622104 2.334730180807918 2.3316748519937325 2.3286195231795466 2.3255641943653607 2.322508865551175 2.3194535367369893 2.3163982079228034 2.313342879108618 2.310287550294432 2.3072322214802465 2.3041768926660606 2.30112156385187 2.298066235037684
2.4341993559580883 2.43117795349155 2.428156551025012 2.4251351485584687 2.4221137460919304 2.419092343625392 2.416070941158854 2.4130495386923156 2.4100281362257774 2.407006733759239 2.403985331292701 2.4009639288261626 2.3979425263596243 2.394921123893086 2.3918778093926854 2.3888110704326277 2.385744331472565 2.3826775925125077 2.37961085355245 2.376544114592393 2.3734773756323353 2.3704106366722777 2.3673438977122205 2.364277158752163 2.3612104197921053 2.358143680832048 2.3550769418719906 2.3520102029119334 2.348943463951876 2.3458767249918133 2.3428099860317557 2.339743247071698 2.336676508111641 2.3336097691515834 2.3305430301915258 2.3274762912314686 2.324409552271411 2.3213428133113534 2.3182760743512962 2.3152093353912386 2.3121425964311815 2.309075857471124 2.3060091185110614 2.302942379551004
2.4400149164653406 2.4369381573542004 2.43386139824306 2.4307846391319146 2.427707880020774 2.4246311209096336 2.4215543617984934 2.418477602687353 2.4154008435762124 2.412324084465072 2.409247325353932 2.4061705662427917 2.403093807131651 2.4000170480205107 2.396935726579855 2.393849527905788 2.390763329231715 2.387677130557648 2.3845909318835803 2.3815047332095127 2.3784185345354456 2.375332335861378 2.372246137187311 2.3691599385132434 2.3660737398391762 2.3629875411651087 2.359901342491041 2.356815143816974 2.3537289451429064 2.350642746468834 2.3475565477947664 2.3444703491206993 2.3413841504466317 2.3382979517725646 2.335211753098497 2.3321255544244295 2.3290393557503624 2.325953157076295 2.3228669584022277 2.31978075972816 2.316694561054093 2.3136083623800254 2.310522163705953 2.3074359650318854
2.4458304769725983 2.442698361216856 2.4395662454611133 2.4364341297053653 2.433302013949623 2.4301698981938804 2.4270377824381377 2.423905666682395 2.420773550926653 2.41764143517091 2.4145093194151674 2.411377203659425 2.4082450879036825 2.40511297214794 2.4019936437670295 2.398887985378952 2.3957823269908696 2.392676668602792 2.389571010214715 2.3864653518266374 2.3833596934385604 2.380254035050483 2.3771483766624053 2.3740427182743282 2.3709370598862507 2.3678314014981736 2.364725743110096 2.361620084722019 2.3585144263339415 2.355408767945859 2.3523031095577815 2.3491974511697045 2.346091792781627 2.34298613439355 2.3398804760054723 2.336774817617395 2.3336691592293177 2.33056350084124 2.327457842453163 2.3243521840650856 2.3212465256770085 2.318140867288931 2.3150352089008486 2.311929550512771
2.451646037479851 2.4484585650795063 2.4452710926791617 2.442083620278811 2.4388961478784665 2.435708675478122 2.432521203077777 2.4293337306774325 2.426146258277088 2.422958785876743 2.4197713134763985 2.416583841076054 2.413396368675709 2.4102088962753645 2.407051560954199 2.403926442852112 2.4008013247500197 2.3976762066479322 2.394551088545845 2.3914259704437577 2.3883008523416707 2.385175734239583 2.382050616137496 2.3789254980354086 2.3758003799333216 2.372675261831234 2.369550143729147 2.36642502562706 2.3632999075249725 2.36017478942288 2.3570496713207927 2.3539245532187056 2.350799435116618 2.347674317014531 2.3445491989124436 2.3414240808103566 2.338298962708269 2.335173844606182 2.3320487265040946 2.3289236084020075 2.3257984902999205 2.322673372197833 2.3195482540957406 2.316423135993653
2.4574615979871033 2.4542187689421566 2.45097593989721 2.4477331108522575 2.444490281807311 2.4412474527623638 2.438004623717417 2.4347617946724704 2.4315189656275233 2.4282761365825767 2.42503330753763 2.421790478492683 2.4185476494477363 2.4153048204027896 2.4121094781413692 2.408964900325272 2.4058203225091694 2.4026757446930724 2.399531166876975 2.396386589060878 2.393242011244781 2.3900974334286835 2.3869528556125865 2.383808277796489 2.380663699980392 2.377519122164295 2.3743745443481976 2.3712299665321006 2.368085388716003 2.364940810899901 2.361796233083804 2.3586516552677064 2.3555070774516094 2.352362499635512 2.349217921819415 2.346073344003318 2.3429287661872205 2.3397841883711235 2.336639610555026 2.333495032738929 2.330350454922832 2.3272058771067345 2.324061299290632 2.3209167214745348
2.4632771584943556 2.459978972804807 2.456680787115258 2.4533826014257034 2.4500844157361543 2.4467862300466057 2.4434880443570566 2.4401898586675075 2.436891672977959 2.4335934872884097 2.430295301598861 2.426997115909312 2.423698930219763 2.4204007445302143 2.4171673953285393 2.414003357798432 2.4108393202683196 2.4076752827382126 2.404511245208105 2.4013472076779983 2.3981831701478913 2.395019132617784 2.391855095087677 2.38869105755757 2.3855270200274625 2.3823629824973556 2.379198944967248 2.376034907437141 2.372870869907034 2.3697068323769215 2.3665427948468145 2.3633787573167075 2.3602147197866 2.357050682256493 2.353886644726386 2.350722607196279 2.347558569666172 2.344394532136065 2.3412304946059574 2.3380664570758505 2.3349024195457435 2.331738382015636 2.328574344485524 2.3254103069554164
2.4690927190016083 2.4657391766674572 2.462385634333306 2.4590320919991493 2.455678549664998 2.452325007330847 2.448971464996696 2.445617922662545 2.4422643803283943 2.4389108379942432 2.435557295660092 2.432203753325941 2.42885021099179 2.425496668657639 2.422225312515709 2.419041815271592 2.4158583180274698 2.4126748207833524 2.4094913235392355 2.4063078262951185 2.4031243290510016 2.3999408318068842 2.3967573345627673 2.3935738373186504 2.3903903400745334 2.387206842830416 2.384023345586299 2.380839848342182 2.3776563510980653 2.3744728538539426 2.3712893566098256 2.3681058593657087 2.3649223621215913 2.3617388648774744 2.3585553676333575 2.3553718703892406 2.352188373145123 2.3490048759010063 2.3458213786568893 2.3426378814127724 2.339454384168655 2.336270886924538 2.333087389680416 2.329903892436299
2.4749082795088606 2.4714993805301075 2.4680904815513545 2.4646815825725956 2.461272683593842 2.457863784615089 2.454454885636336 2.451045986657583 2.4476370876788294 2.4442281887000763 2.4408192897213232 2.43741039074257 2.4340014917638166 2.4305925927850636 2.427283229702879 2.424080272744752 2.4208773157866195 2.4176743588284926 2.4144714018703657 2.411268444912239 2.408065487954112 2.4048625309959846 2.4016595740378577 2.398456617079731 2.395253660121604 2.392050703163477 2.3888477462053497 2.385644789247223 2.382441832289096 2.3792388753309637 2.3760359183728363 2.3728329614147095 2.3696300044565826 2.3664270474984557 2.363224090540329 2.3600211335822014 2.3568181766240746 2.3536152196659477 2.3504122627078208 2.347209305749694 2.3440063487915666 2.3408033918334397 2.3376004348753074 2.3343974779171806
2.4807238400161133 2.477259584392758 2.473795328769403 2.4703310731460415 2.466866817522686 2.463402561899331 2.4599383062759754 2.45647405065262 2.453009795029265 2.4495455394059094 2.4460812837825543 2.442617028159199 2.4391527725358437 2.435688516912488 2.432341146890049 2.4291187302179122 2.4258963135457696 2.4226738968736328 2.419451480201496 2.416229063529359 2.413006646857222 2.4097842301850854 2.406561813512948 2.403339396840811 2.4001169801686744 2.3968945634965375 2.3936721468244007 2.390449730152264 2.387227313480127 2.3840048968079843 2.3807824801358475 2.3775600634637106 2.3743376467915738 2.371115230119437 2.3678928134473 2.364670396775163 2.3614479801030264 2.3582255634308895 2.3550031467587527 2.3517807300866154 2.3485583134144785 2.3453358967423417 2.3421134800701995 2.3388910633980626
2.4865394005233705 2.483019788255413 2.4795001759874555 2.4759805637194923 2.4724609514515348 2.4689413391835773 2.46542172691562 2.4619021146476623 2.458382502379705 2.4548628901117473 2.45134327784379 2.4478236655758323 2.444304053307875 2.4407844410399173 2.437399064077223 2.4341571876910764 2.430915311304924 2.427673434918777 2.42443155853263 2.4211896821464833 2.4179478057603365 2.4147059293741897 2.411464052988043 2.408222176601896 2.4049803002157493 2.4017384238296025 2.3984965474434556 2.3952546710573084 2.3920127946711616 2.3887709182850094 2.3855290418988626 2.382287165512716 2.3790452891265685 2.3758034127404217 2.372561536354275 2.369319659968128 2.3660777835819813 2.3628359071958345 2.3595940308096877 2.356352154423541 2.353110278037394 2.349868401651247 2.3466265252650946 2.343384648878948
2.4923549610306233 2.4887799921180638 2.485205023205504 2.481630054292938 2.4780550853803787 2.474480116467819 2.4709051475552597 2.4673301786426998 2.4637552097301403 2.460180240817581 2.456605271905021 2.4530303029924614 2.449455334079902 2.4458803651673424 2.4424569812643933 2.4391956451642365 2.435934309064074 2.432672972963917 2.4294116368637604 2.4261503007636036 2.422888964663447 2.41962762856329 2.4163662924631333 2.4131049563629765 2.4098436202628197 2.406582284162663 2.403320948062506 2.4000596119623494 2.3967982758621926 2.3935369397620305 2.3902756036618737 2.387014267561717 2.38375293146156 2.3804915953614034 2.3772302592612466 2.37396892316109 2.370707587060933 2.3674462509607763 2.3641849148606195 2.3609235787604623 2.3576622426603056 2.3544009065601488 2.3511395704599867 2.34787823435983
2.4981705215378756 2.494540195980714 2.490909870423552 2.487279544866384 2.4836492193092226 2.4800188937520606 2.476388568194899 2.4727582426377372 2.4691279170805758 2.465497591523414 2.461867265966252 2.4582369404090905 2.4546066148519285 2.450976289294767 2.4475148984515633 2.4442341026373966 2.440953306823224 2.4376725110090574 2.4343917151948906 2.431110919380724 2.427830123566557 2.4245493277523904 2.4212685319382237 2.417987736124057 2.41470694030989 2.4114261444957235 2.4081453486815567 2.40486455286739 2.4015837570532237 2.398302961239051 2.3950221654248844 2.3917413696107177 2.388460573796551 2.3851797779823842 2.3818989821682175 2.3786181863540508 2.375337390539884 2.3720565947257173 2.3687757989115505 2.365495003097384 2.362214207283217 2.358933411469051 2.3556526156548783 2.3523718198407115
