Figures/CREST_Example_wjb_NSE/PETs/wjb.pet.20090527.asc
ncols            288
nrows            254
xllcorner        113.274861
yllcorner        31.4918055
cellsize         0.008333333333
NODATA_value     -9999
[rows 180 to 199 of 254, columns 88 to 131 of 288]
0.9890150638569266 0.9857663059217296 0.9825175479865327 0.9792687900513303 0.9760200321161333 0.9727712741809365 0.9695225162457395 0.9662737583105425 0.9630250003753457 0.9597762424401487 0.9565274845049517 0.9532787265697549 0.9500299686345579 0.9467812106993609 0.9462039602590654 0.9484826117368028 0.9507612632145441 0.9530399146922816 0.9553185661700189 0.9575972176477563 0.9598758691254937 0.9621545206032311 0.9644331720809686 0.9667118235587059 0.9689904750364433 0.9712691265141807 0.9735477779919182 0.9758264294696556 0.9781050809473929 0.9803837324251342 0.9826623839028716 0.9849410353806091 0.9872196868583465 0.9894983383360838 0.9917769898138212 0.9940556412915587 0.9963342927692961 0.9986129442470335 1.0008915957247708 1.0031702472025084 1.0054488986802457 1.007727550157983 1.0100062016357243 1.0122848531134618
1.0143259893343568 1.0108358953937462 1.0073458014531353 1.0038557075125187 1.0003656135719081 0.9968755196312973 0.9933854256906867 0.9898953317500759 0.9864052378094652 0.9829151438688545 0.9794250499282438 0.9759349559876331 0.9724448620470224 0.9689547681064117 0.9679008861622265 0.9694513699278905 0.9710018536935572 0.9725523374592212 0.9741028212248852 0.9756533049905493 0.9772037887562133 0.9787542725218774 0.9803047562875414 0.9818552400532055 0.9834057238188695 0.9849562075845335 0.9865066913501975 0.9880571751158616 0.9896076588815257 0.9911581426471923 0.9927086264128564 0.9942591101785204 0.9958095939441844 0.9973600777098485 0.9989105614755125 1.0004610452411766 1.0020115290068405 1.0035620127725047 1.0051124965381686 1.0066629803038327 1.0082134640694969 1.0097639478351608 1.0113144316008276 1.0128649153664915
1.039636914811787 1.0359054848657625 1.032174054919738 1.0284426249737073 1.0247111950276828 1.0209797650816583 1.0172483351356338 1.0135169051896091 1.0097854752435846 1.0060540452975602 1.0023226153515357 0.9985911854055113 0.9948597554594867 0.9911283255134622 0.9895978120653873 0.9904201281189781 0.9912424441725701 0.9920647602261607 0.9928870762797515 0.9937093923333421 0.9945317083869327 0.9953540244405235 0.9961763404941141 0.9969986565477048 0.9978209726012954 0.9986432886548862 0.9994656047084768 1.0002879207620674 1.0011102368156581 1.0019325528692502 1.002754868922841 1.0035771849764317 1.0043995010300222 1.005221817083613 1.0060441331372036 1.0068664491907942 1.0076887652443849 1.0085110812979756 1.0093333973515664 1.0101557134051569 1.0109780294587476 1.0118003455123383 1.0126226615659304 1.0134449776195211
1.064947840289239 1.0609750743378004 1.057002308386362 1.0530295424349165 1.0490567764834782 1.0450840105320396 1.0411112445806012 1.0371384786291626 1.0331657126777243 1.0291929467262857 1.0252201807748473 1.0212474148234088 1.0172746488719704 1.0133018829205318 1.0112947379685668 1.0113888863100835 1.0114830346516004 1.011577182993117 1.0116713313346337 1.0117654796761504 1.011859628017667 1.011953776359184 1.0120479247007006 1.0121420730422173 1.012236221383734 1.0123303697252506 1.0124245180667673 1.012518666408284 1.0126128147498006 1.0127069630913175 1.0128011114328341 1.0128952597743508 1.0129894081158677 1.0130835564573843 1.013177704798901 1.0132718531404177 1.0133660014819343 1.013460149823451 1.0135542981649677 1.0136484465064843 1.013742594848001 1.0138367431895179 1.0139308915310346 1.0140250398725514
1.090258765766669 1.0860446638098167 1.0818305618529644 1.0776164598961049 1.0734023579392526 1.0691882559824004 1.0649741540255482 1.060760052068696 1.0565459501118437 1.0523318481549913 1.048117746198139 1.0439036442412868 1.0396895422844346 1.0354754403275823 1.0329916638717276 1.032357644501171 1.0317236251306132 1.0310896057600565 1.0304555863895 1.0298215670189432 1.0291875476483865 1.02855352827783 1.0279195089072732 1.0272854895367165 1.02665147016616 1.0260174507956032 1.0253834314250465 1.02474941205449 1.0241153926839333 1.0234813733133754 1.022847353942819 1.0222133345722622 1.0215793152017054 1.020945295831149 1.0203112764605922 1.0196772570900354 1.019043237719479 1.0184092183489222 1.0177751989783654 1.017141179607809 1.0165071602372522 1.0158731408666954 1.0152391214961378 1.014605102125581
1.1155696912440993 1.1111142532818332 1.1066588153195671 1.1022033773572935 1.0977479393950276 1.0932925014327615 1.0888370634704954 1.0843816255082293 1.0799261875459631 1.0754707495836973 1.0710153116214312 1.066559873659165 1.062104435696899 1.057648997734633 1.0546885897748886 1.0533264026922586 1.0519642156096263 1.0506020285269961 1.0492398414443662 1.047877654361736 1.0465154672791062 1.045153280196476 1.043791093113846 1.042428906031216 1.041066718948586 1.039704531865956 1.038342344783326 1.0369801577006958 1.035617970618066 1.0342557835354336 1.0328935964528034 1.0315314093701735 1.0301692222875434 1.0288070352049135 1.0274448481222833 1.0260826610396534 1.0247204739570233 1.0233582868743933 1.0219960997917632 1.0206339127091333 1.0192717256265031 1.0179095385438732 1.0165473514612409 1.0151851643786107
1.1408806167215295 1.1361838427538495 1.1314870687861698 1.126790294818482 1.122093520850802 1.1173967468831223 1.1126999729154425 1.1080031989477626 1.1033064249800828 1.098609651012403 1.093912877044723 1.0892161030770433 1.0845193291093636 1.0798225551416836 1.0763855156780497 1.0742951608833462 1.0722048060886393 1.070114451293936 1.0680240964992325 1.0659337417045291 1.0638433869098256 1.0617530321151223 1.059662677320419 1.0575723225257154 1.055481967731012 1.0533916129363088 1.0513012581416052 1.049210903346902 1.0471205485521984 1.0450301937574915 1.0429398389627882 1.0408494841680846 1.0387591293733813 1.036668774578678 1.0345784197839745 1.0324880649892711 1.0303977101945678 1.0283073553998643 1.026217000605161 1.0241266458104574 1.022036291015754 1.0199459362210508 1.0178555814263437 1.0157652266316404
1.1661915421989597 1.161253432225866 1.1563153222527724 1.1513772122796706 1.146439102306577 1.1415009923334833 1.1365628823603897 1.131624772387296 1.1266866624142025 1.1217485524411088 1.1168104424680152 1.1118723324949216 1.106934222521828 1.1019961125487343 1.0980824415812107 1.095263919074434 1.0924453965676524 1.0896268740608757 1.0868083515540987 1.083989829047322 1.0811713065405453 1.0783527840337686 1.0755342615269918 1.072715739020215 1.0698972165134382 1.0670786940066614 1.0642601714998847 1.061441648993108 1.0586231264863313 1.0558046039795497 1.052986081472773 1.050167558965996 1.0473490364592193 1.0445305139524426 1.0417119914456658 1.0388934689388891 1.0360749464321122 1.0332564239253355 1.0304379014185587 1.027619378911782 1.0248008564050053 1.0219823338982283 1.019163811391447 1.01634528888467
1.19150246767639 1.1863230216978826 1.1811435757193751 1.175964129740859 1.1707846837623517 1.1656052377838442 1.160425791805337 1.1552463458268294 1.1500668998483219 1.1448874538698146 1.1397080078913073 1.1345285619127998 1.1293491159342923 1.124169669955785 1.1197793674843717 1.1162326772655216 1.1126859870466654 1.1091392968278153 1.1055926066089652 1.102045916390115 1.098499226171265 1.0949525359524148 1.0914058457335647 1.0878591555147146 1.0843124652958644 1.0807657750770143 1.0772190848581642 1.073672394639314 1.070125704420464 1.0665790142016076 1.0630323239827575 1.0594856337639074 1.0559389435450572 1.0523922533262071 1.048845563107357 1.0452988728885069 1.0417521826696567 1.0382054924508066 1.0346588022319565 1.0311121120131064 1.0275654217942563 1.0240187315754061 1.02047204135655 1.0169253511376999
1.2168133931538416 1.2113926111699203 1.2059718291859989 1.2005510472020684 1.195130265218147 1.1897094832342257 1.184288701250304 1.1788679192663827 1.1734471372824613 1.16802635529854 1.1626055733146186 1.1571847913306972 1.1517640093467758 1.1463432273628544 1.141476293387551 1.1372014354566269 1.1329265775256956 1.1286517195947714 1.1243768616638474 1.1201020037329232 1.1158271458019993 1.111552287871075 1.1072774299401509 1.103002572009227 1.0987277140783027 1.0944528561473785 1.0901779982164546 1.0859031402855304 1.0816282823546064 1.0773534244236749 1.073078566492751 1.0688037085618267 1.0645288506309025 1.0602539926999786 1.0559791347690544 1.0517042768381302 1.0474294189072062 1.043154560976282 1.038879703045358 1.0346048451144338 1.0303299871835097 1.0260551292525857 1.0217802713216542 1.0175054133907302
1.242124318631272 1.2364622006419368 1.2308000826526018 1.225137964663257 1.2194758466739217 1.2138137286845865 1.2081516106952515 1.2024894927059162 1.196827374716581 1.191165256727246 1.1855031387379107 1.1798410207485754 1.1741789027592404 1.1685167847699052 1.163173219290712 1.1581701936477147 1.1531671680047086 1.148164142361711 1.1431611167187137 1.138158091075716 1.1331550654327187 1.1281520397897213 1.1231490141467237 1.1181459885037264 1.1131429628607288 1.1081399372177314 1.1031369115747338 1.0981338859317364 1.0931308602887388 1.0881278346457328 1.0831248090027354 1.0781217833597379 1.0731187577167405 1.0681157320737429 1.0631127064307455 1.058109680787748 1.0531066551447505 1.0481036295017532 1.0431006038587556 1.0380975782157582 1.0330945525727606 1.0280915269297632 1.0230885012867572 1.0180854756437596
1.2674352441087022 1.261531790113953 1.2556283361192042 1.249724882124445 1.2438214281296962 1.2379179741349473 1.2320145201401984 1.2261110661454493 1.2202076121507004 1.2143041581559515 1.2084007041612026 1.2024972501664535 1.1965937961717046 1.1906903421769557 1.1848701451938728 1.179138951838802 1.1734077584837215 1.1676765651286507 1.1619453717735797 1.156214178418509 1.1504829850634382 1.1447517917083674 1.1390205983532964 1.1332894049982256 1.1275582116431548 1.121827018288084 1.116095824933013 1.1103646315779423 1.1046334382228715 1.0989022448677908 1.09317105151272 1.0874398581576492 1.0817086648025784 1.0759774714475074 1.0702462780924367 1.064515084737366 1.0587838913822951 1.0530526980272241 1.0473215046721533 1.0415903113170826 1.0358591179620116 1.0301279246069408 1.0243967312518603 1.0186655378967895
1.2927461695861324 1.2866013795859697 1.2804565895858069 1.2743117995856337 1.268167009585471 1.2620222195853081 1.2558774295851456 1.2497326395849828 1.24358784958482 1.2374430595846573 1.2312982695844945 1.2251534795843317 1.219008689584169 1.2128638995840064 1.206567071097034 1.2001077100298898 1.1936483489627345 1.1871889878955904 1.1807296268284462 1.174270265761302 1.1678109046941578 1.1613515436270134 1.1548921825598693 1.148432821492725 1.141973460425581 1.1355140993584367 1.1290547382912925 1.1225953772241484 1.1161360161570042 1.109676655089849 1.1032172940227047 1.0967579329555606 1.0902985718884164 1.0838392108212722 1.077379849754128 1.0709204886869839 1.0644611276198397 1.0580017665526953 1.0515424054855511 1.045083044418407 1.0386236833512628 1.0321643222841186 1.0257049612169633 1.0192456001498191
1.3180570950635626 1.3116709690579862 1.3052848430524095 1.2988987170468222 1.2925125910412456 1.2861264650356692 1.2797403390300925 1.2733542130245161 1.2669680870189395 1.260581961013363 1.2541958350077866 1.24780970900221 1.2414235829966336 1.235037456991057 1.228263997000195 1.2210764682209774 1.2138889394417476 1.20670141066253 1.1995138818833124 1.1923263531040948 1.1851388243248773 1.1779512955456597 1.1707637667664421 1.1635762379872245 1.1563887092080072 1.1492011804287896 1.142013651649572 1.1348261228703544 1.1276385940911369 1.120451065311907 1.1132635365326895 1.106076007753472 1.0988884789742543 1.0917009501950368 1.0845134214158192 1.0773258926366016 1.070138363857384 1.0629508350781665 1.055763306298949 1.0485757775197313 1.041388248740514 1.0342007199612964 1.0270131911820664 1.019825662402849
1.3433680205410037 1.3367405585300132 1.3301130965190229 1.323485634508021 1.3168581724970307 1.3102307104860405 1.30360324847505 1.2969757864640594 1.2903483244530691 1.2837208624420788 1.2770934004310883 1.2704659384200978 1.2638384764091075 1.257211014398117 1.2499609229033652 1.2420452264120738 1.234129529920769 1.2262138334294779 1.2182981369381867 1.2103824404468955 1.2024667439556043 1.194551047464313 1.1866353509730219 1.1787196544817304 1.1708039579904392 1.162888261499148 1.1549725650078568 1.1470568685165656 1.1391411720252744 1.1312254755339697 1.1233097790426783 1.115394082551387 1.1074783860600959 1.0995626895688047 1.0916469930775135 1.0837312965862222 1.075815600094931 1.0678999036036396 1.0599842071123484 1.0520685106210572 1.044152814129766 1.0362371176384748 1.02832142114717 1.0204057246558789
1.3686789460184339 1.3618101480020297 1.3549413499856255 1.3480725519692096 1.3412037539528054 1.3343349559364013 1.3274661579199971 1.320597359903593 1.3137285618871888 1.3068597638707846 1.2999909658543802 1.293122167837976 1.286253369821572 1.2793845718051677 1.2716578488065262 1.2630139846031616 1.2543701203997821 1.2457262561964175 1.237082391993053 1.2284385277896885 1.219794663586324 1.2111507993829593 1.2025069351795947 1.1938630709762301 1.1852192067728655 1.176575342569501 1.1679314783661363 1.1592876141627717 1.150643749959407 1.1419998857560276 1.133356021552663 1.1247121573492984 1.1160682931459338 1.1074244289425694 1.0987805647392048 1.0901367005358402 1.0814928363324756 1.072848972129111 1.0642051079257464 1.0555612437223818 1.0469173795190172 1.0382735153156526 1.0296296511122731 1.0209857869089085
1.393989871495864 1.386879737474046 1.379769603452228 1.372659469430398 1.36554933540858 1.358439201386762 1.351329067364944 1.344218933343126 1.3371087993213082 1.3299986652994902 1.3228885312776721 1.3157783972558543 1.3086682632340363 1.3015581292122183 1.293354774709687 1.283982742794249 1.274610710878795 1.2652386789633572 1.2558666470479192 1.2464946151324812 1.2371225832170432 1.2277505513016054 1.2183785193861674 1.2090064874707294 1.1996344555552914 1.1902624236398536 1.1808903917244156 1.1715183598089776 1.1621463278935396 1.1527742959780856 1.1434022640626478 1.1340302321472098 1.1246582002317718 1.1152861683163338 1.105914136400896 1.096542104485458 1.08717007257002 1.077798040654582 1.0684260087391442 1.0590539768237062 1.0496819449082682 1.0403099129928302 1.0309378810773762 1.0215658491619384
1.419300796973305 1.4119493269460732 1.4045978569188413 1.397246386891597 1.389894916864365 1.3825434468371331 1.3751919768099012 1.3678405067826696 1.3604890367554376 1.3531375667282057 1.3457860967009738 1.3384346266737421 1.3310831566465102 1.3237316866192783 1.3150517006128573 1.3049515009853456 1.2948513013578167 1.284751101730305 1.2746509021027934 1.2645507024752818 1.2544505028477702 1.2443503032202585 1.234250103592747 1.2241499039652353 1.2140497043377236 1.203949504710212 1.1938493050827004 1.1837491054551887 1.1736489058276771 1.1635487062001482 1.1534485065726368 1.143348306945125 1.1332481073176135 1.1231479076901016 1.1130477080625902 1.1029475084350784 1.092847308807567 1.0827471091800551 1.0726469095525437 1.0625467099250319 1.0524465102975205 1.0423463106700086 1.0322461110424799 1.0221459114149682
1.4446117224507353 1.4370189164180898 1.429426110385444 1.4218333043527855 1.4142404983201398 1.4066476922874942 1.3990548862548486 1.3914620802222029 1.3838692741895573 1.3762764681569115 1.368683662124266 1.3610908560916204 1.3534980500589746 1.345905244026329 1.3367486265160182 1.3259202591764332 1.3150918918368297 1.3042635244972447 1.2934351571576597 1.2826067898180749 1.2717784224784898 1.2609500551389048 1.2501216877993198 1.2392933204597347 1.2284649531201497 1.2176365857805649 1.2068082184409799 1.1959798511013948 1.1851514837618098 1.1743231164222063 1.1634947490826213 1.1526663817430363 1.1418380144034515 1.1310096470638664 1.1201812797242814 1.1093529123846964 1.0985245450451113 1.0876961777055265 1.0768678103659415 1.0660394430263564 1.0552110756867714 1.0443827083471864 1.033554341007583 1.0227259736679981
1.4699226479281655 1.462088505890106 1.4542543638520466 1.446420221813974 1.4385860797759145 1.430751937737855 1.4229177956997956 1.4150836536617362 1.4072495116236767 1.3994153695856175 1.391581227547558 1.3837470855094987 1.3759129434714392 1.3680788014333798 1.3584455524191792 1.3468890173675208 1.3353324823158428 1.3237759472641843 1.3122194122125261 1.3006628771608677 1.2891063421092093 1.2775498070575508 1.2659932720058926 1.2544367369542342 1.2428802019025758 1.2313236668509175 1.219767131799259 1.2082105967476007 1.1966540616959425 1.1850975266442643 1.1735409915926058 1.1619844565409476 1.1504279214892892 1.1388713864376308 1.1273148513859725 1.115758316334314 1.1042017812826557 1.0926452462309975 1.081088711179339 1.0695321761276806 1.0579756410760224 1.046419106024364 1.034862570972686 1.0233060359210275
