Figures/CREST_Example_wjb_NSE/PETs/wjb.pet.20091224.asc
ncols            288
nrows            254
xllcorner        113.274861
yllcorner        31.4918055
cellsize         0.008333333333
NODATA_value     -9999
[rows 76 to 94 of 254, columns 172 to 214 of 288]
0.4116161974421013 0.41132649069983174 0.4110367839575622 0.4107470772152927 0.4104573704730231 0.4101676637307536 0.409877956988484 0.4095882502462145 0.4092985435039449 0.4090088367616754 0.4087191300194053 0.4084294232771358 0.40813971653486625 0.40785000979259667 0.40756030305032714 0.40727059630805756 0.40698088956578804 0.40669118282351846 0.40640147608124894 0.40611176933897936 0.40586535373331983 0.4056652173322279 0.405465080931136 0.40526494453004375 0.40506480812895185 0.4048646717278599 0.404664535326768 0.4044643989256761 0.4042642625245842 0.4040641261234923 -9999.0 -9999.0 -9999.0 0.40326358051912464 0.4030634441180327 -9999.0 -9999.0 -9999.0 -9999.0 -9999.0 -9999.0 -9999.0 -9999.0
0.40977539844933764 0.4094932493255374 0.4092111002017371 0.40892895107793686 0.4086468019541366 0.40836465283033635 0.40808250370653604 0.4078003545827358 0.4075182054589355 0.40723605633513527 0.4069539072113345 0.40667175808753425 0.406389608963734 0.40610745983993374 0.4058253107161335 0.4055431615923332 0.40526101246853297 0.4049788633447327 0.40469671422093245 0.4044145650971322 0.40416748227827093 0.4039578861328211 0.40374828998737117 0.4035386938419209 0.4033290976964711 0.40311950155102116 0.40290990540557126 0.4027003092601214 0.4024907131146715 0.40228111696922164 -9999.0 -9999.0 -9999.0 0.4014427323874221 0.4012331362419722 -9999.0 -9999.0 -9999.0 -9999.0 -9999.0 -9999.0 -9999.0 -9999.0
0.407934599456574 0.407660007951243 0.40738541644591203 0.40711082494058104 0.4068362334352501 0.4065616419299191 0.4062870504245881 0.40601245891925714 0.4057378674139262 0.4054632759085952 0.4051886844032638 0.4049140928979328 0.4046395013926018 0.4043649098872708 0.4040903183819399 0.4038157268766089 0.4035411353712779 0.4032665438659469 0.40299195236061597 0.402717360855285 0.4024696108232221 0.4022505549334142 0.40203149904360636 0.4018124431537981 0.40159338726399024 0.40137433137418244 0.4011552754843746 0.4009362195945667 0.40071716370475885 0.400498107814951 -9999.0 -9999.0 0.39984094014552746 0.3996218842557196 0.39940282836591173 -9999.0 -9999.0 -9999.0 -9999.0 -9999.0 -9999.0 -9999.0 -9999.0
0.4060938004638087 0.40582676657694705 0.4055597326900854 0.40529269880322366 0.405025664916362 0.4047586310295003 0.40449159714263866 0.40422456325577694 0.40395752936891527 0.4036904954820536 0.40342346159519143 0.40315642770832977 0.4028893938214681 0.40262235993460643 0.4023553260477447 0.40208829216088304 0.4018212582740214 0.4015542243871597 0.401287190500298 0.4010201566134363 0.40077173936817173 0.4005432237340059 0.40031470809984004 0.40008619246567384 0.399857676831508 0.39962916119734215 0.39940064556317634 0.3991721299290105 0.39894361429484465 0.39871509866067883 0.398486583026513 0.39825806739234715 0.39802955175818133 0.3978010361240155 -9999.0 -9999.0 -9999.0 -9999.0 -9999.0 -9999.0 -9999.0 -9999.0 -9999.0
0.4042530014710451 0.4039935252026527 0.4037340489342603 0.4034745726658679 0.40321509639747555 0.40295562012908315 0.40269614386069075 0.40243666759229835 0.40217719132390595 0.40191771505551355 0.4016582387871207 0.4013987625187283 0.4011392862503359 0.40087980998194356 0.40062033371355116 0.40036085744515876 0.40010138117676636 0.39984190490837396 0.39958242863998156 0.39932295237158916 0.39907386791312294 0.3988358925345991 0.3985979171560753 0.3983599417775511 0.3981219663990273 0.3978839910205035 0.39764601564197966 0.3974080402634559 0.39717006488493206 0.39693208950640824 0.3966941141278844 0.39645613874936064 0.3962181633708368 0.395980187992313 -9999.0 -9999.0 -9999.0 -9999.0 -9999.0 -9999.0 -9999.0 -9999.0 -9999.0
0.4024122024782814 0.40216028382835833 0.4019083651784352 0.40165644652851207 0.401404527878589 0.40115260922866586 0.4009006905787428 0.40064877192881965 0.40039685327889657 0.40014493462897344 0.3998930159790499 0.39964109732912684 0.3993891786792037 0.3991372600292806 0.3988853413793575 0.3986334227294344 0.3983815040795113 0.3981295854295882 0.3978776667796651 0.397625748129742 0.39737599645807403 0.39712856133519225 0.3968811262123105 0.3966336910894283 0.39638625596654653 0.39613882084366475 0.395891385720783 0.3956439505979012 0.3953965154750194 0.39514908035213764 0.39490164522925586 0.3946542101063741 0.3944067749834923 0.3941593398606105 -9999.0 -9999.0 -9999.0 -9999.0 -9999.0 -9999.0 -9999.0 -9999.0 -9999.0
0.40057140348551773 0.4003270424540639 0.4000826814226101 0.3998383203911563 0.39959395935970243 0.3993495983282486 0.3991052372967948 0.398860876265341 0.3986165152338872 0.3983721542024334 0.3981277931709791 0.3978834321395253 0.3976390711080715 0.3973947100766177 0.3971503490451639 0.39690598801371 0.3966616269822562 0.3964172659508024 0.3961729049193486 0.3959285438878948 0.3956781250030252 0.3954212301357854 0.39516433526854566 0.3949074404013055 0.39465054553406576 0.39439365066682597 0.39413675579958624 0.3938798609323465 0.3936229660651067 0.393366071197867 0.39310917633062725 0.39285228146338746 0.39259538659614773 -9999.0 -9999.0 -9999.0 -9999.0 -9999.0 -9999.0 -9999.0 -9999.0 -9999.0 -9999.0
0.39873060449275405 0.3984938010797695 0.39825699766678496 0.3980201942538005 0.39778339084081593 0.3975465874278314 0.39730978401484685 0.39707298060186236 0.3968361771888778 0.39659937377589327 0.39636257036290834 0.3961257669499238 0.39588896353693925 0.39565216012395477 0.3954153567109702 0.3951785532979857 0.39494174988500114 0.39470494647201665 0.3944681430590321 0.39423133964604756 0.3939802535479763 0.3937138989363786 0.39344754432478085 0.39318118971318267 0.392914835101585 0.39264848048998724 0.3923821258783895 0.3921157712667918 0.39184941665519407 0.39158306204359633 0.39131670743199864 0.3910503528204009 0.39078399820880316 -9999.0 -9999.0 -9999.0 -9999.0 -9999.0 -9999.0 -9999.0 -9999.0 -9999.0 -9999.0
0.39688980549999037 0.39666055970547515 0.3964313139109599 0.39620206811644465 0.39597282232192943 0.3957435765274142 0.39551433073289893 0.3952850849383837 0.39505583914386844 0.3948265933493532 0.3945973475548376 0.39436810176032233 0.3941388559658071 0.3939096101712919 0.3936803643767766 0.3934511185822614 0.3932218727877461 0.3929926269932309 0.3927633811987157 0.3925341354042004 0.3922823820929275 0.3920065677369718 0.3917307533810161 0.3914549390250599 0.3911791246691042 0.39090331031314857 0.39062749595719287 0.3903516816012372 0.3900758672452815 0.3898000528893258 0.3895242385333701 0.3892484241774144 0.3889726098214587 -9999.0 -9999.0 -9999.0 -9999.0 -9999.0 -9999.0 -9999.0 -9999.0 -9999.0 -9999.0
0.39504900650722513 0.39482731833117923 0.3946056301551333 0.3943839419790873 0.3941622538030414 0.3939405656269954 0.39371887745094947 0.3934971892749035 0.39327550109885756 0.3930538129228116 0.3928321247467653 0.39261043657071937 0.3923887483946734 0.39216706021862746 0.3919453720425815 0.39172368386653555 0.3915019956904896 0.39128030751444365 0.3910586193383977 0.3908369311623518 0.39058451063787714 0.3902992365375635 0.3900139624372498 0.38972868833693564 0.389443414236622 0.3891581401363083 0.38887286603599464 0.388587591935681 0.3883023178353673 0.38801704373505363 0.38773176963473993 0.3874464955344263 0.3871612214341126 0.38687594733379893 -9999.0 -9999.0 0.38602012503285743 0.3857348509325437 -9999.0 -9999.0 -9999.0 -9999.0 -9999.0
0.39320820751446145 0.3929940769568848 0.39277994639930813 0.3925658158417315 0.3923516852841548 0.3921375547265782 0.3919234241690015 0.39170929361142487 0.3914951630538482 0.39128103249627155 0.39106690193869453 0.39085277138111785 0.39063864082354116 0.39042451026596453 0.39021037970838784 0.3899962491508112 0.38978211859323453 0.3895679880356579 0.3893538574780812 0.3891397269205046 0.3888866391828283 0.38859190533815663 0.38829717149348497 0.38800243764881287 0.3877077038041412 0.38741296995946956 0.3871182361147979 0.38682350227012624 0.38652876842545464 0.386234034580783 0.3859393007361113 0.38564456689143967 0.38534983304676806 0.3850550992020964 0.38476036535742475 0.3844656315127531 0.384170897668081 0.38387616382340933 0.3835814299787377 -9999.0 -9999.0 -9999.0 -9999.0
0.39136740852169777 0.3911608355825904 0.39095426264348304 0.3907476897043757 0.3905411167652683 0.39033454382616095 0.39012797088705353 0.38992139794794617 0.3897148250088388 0.38950825206973144 0.38930167913062375 0.3890951061915163 0.38888853325240896 0.3886819603133016 0.38847538737419424 0.3882688144350869 0.3880622414959795 0.3878556685568721 0.3876490956177647 0.38744252267865736 0.3871887677277794 0.38688457413874977 0.38658038054972016 0.38627618696069005 0.38597199337166044 0.3856677997826308 0.3853636061936012 0.38505941260457155 0.38475521901554194 0.3844510254265123 0.3841468318374827 0.3838426382484531 0.3835384446594235 0.3832342510703939 0.38293005748136427 0.38262586389233466 0.3823216703033045 0.3820174767142749 0.3817132831252453 -9999.0 -9999.0 -9999.0 -9999.0
0.3903299862838498 0.39013215129606094 0.3899343163082721 0.3897364813204832 0.38953864633269436 0.38934081134490545 0.3891429763571166 0.38894514136932773 0.38874730638153887 0.38854947139375 0.3883516364059608 0.3881538014181719 0.38795596643038305 0.3877581314425942 0.38756029645480533 0.3873624614670165 0.3871646264792276 0.38696679149143876 0.38676895650364984 0.386571121515861 0.38632027222800913 0.3860127494538561 0.3857052266797031 0.38539770390554956 0.38509018113139654 0.38478265835724357 0.38447513558309054 0.3841676128089375 0.3838600900347845 0.3835525672606315 0.3832450444864785 0.3829375217123255 0.38262999893817246 0.38232247616401943 0.38201495338986646 0.38170743061571344 0.3813999078415599 0.3810923850674069 0.38078486229325387 -9999.0 -9999.0 -9999.0 -9999.0
0.39015132314551654 0.38996348781044404 0.3897756524753716 0.38958781714029916 0.3893999818052267 0.38921214647015423 0.3890243111350818 0.38883647580000935 0.3886486404649369 0.3884608051298644 0.38827296979479164 0.3880851344597192 0.38789729912464677 0.3877094637895743 0.38752162845450183 0.3873337931194294 0.38714595778435695 0.3869581224492845 0.386770287114212 0.3865824517791396 0.38633832733373774 0.38603402855576213 0.3857297297777865 0.38542543099981036 0.38512113222183475 0.38481683344385914 0.38451253466588353 0.3842082358879079 0.3839039371099323 0.3835996383319567 0.3832953395539811 0.38299104077600543 0.3826867419980298 0.3823824432200542 0.3820781444420786 0.381773845664103 0.3814695468861269 0.3811652481081512 0.3808609493301756 0.3805566505522 -9999.0 -9999.0 -9999.0
0.3899726600071833 0.3897948243248272 0.3896169886424712 0.3894391529601151 0.3892613172777591 0.38908348159540307 0.388905645913047 0.388727810230691 0.38854997454833495 0.3883721388659789 0.3881943031836225 0.3880164675012665 0.3878386318189105 0.3876607961365544 0.3874829604541984 0.38730512477184237 0.3871272890894863 0.3869494534071303 0.3867716177247742 0.3865937820424182 0.38635638243946635 0.38605530765766816 0.3857542328758699 0.38545315809407116 0.38515208331227296 0.3848510085304747 0.3845499337486765 0.38424885896687827 0.3839477841850801 0.3836467094032818 0.38334563462148363 0.38304455983968544 0.3827434850578872 0.382442410276089 0.38214133549429075 0.38184026071249255 0.3815391859306938 0.38123811114889555 0.38093703636709736 0.3806359615852991 -9999.0 -9999.0 -9999.0
0.38979399686884997 0.38962616083921037 0.3894583248095707 0.3892904887799311 0.3891226527502915 0.38895481672065185 0.38878698069101225 0.3886191446613726 0.388451308631733 0.38828347260209334 0.38811563657245346 0.3879478005428138 0.3877799645131742 0.3876121284835346 0.38744429245389495 0.38727645642425534 0.3871086203946157 0.3869407843649761 0.38677294833533643 0.38660511230569683 0.386374437545195 0.3860765867595742 0.38577873597395335 0.385480885188332 0.3851830344027112 0.3848851836170904 0.38458733283146956 0.38428948204584873 0.3839916312602279 0.38369378047460706 0.3833959296889862 0.38309807890336545 0.3828002281177446 0.3825023773321238 0.38220452654650294 0.3819066757608821 0.3816088249752608 0.38131097418963994 -9999.0 -9999.0 -9999.0 -9999.0 -9999.0
0.38961533373051654 0.38945749735359336 0.3892996609766701 0.38914182459974694 0.3889839882228237 0.3888261518459005 0.38866831546897734 0.3885104790920541 0.3883526427151309 0.3881948063382077 0.38803696996128423 0.38787913358436105 0.3877212972074378 0.38756346083051463 0.38740562445359145 0.3872477880766682 0.387089951699745 0.3869321153228218 0.3867742789458986 0.3866164425689754 0.3863924926509236 0.3860978658614802 0.3858032390720368 0.38550861228259287 0.38521398549314945 0.38491935870370597 0.38462473191426255 0.38433010512481913 0.3840354783353757 0.3837408515459323 0.3834462247564889 0.38315159796704545 0.38285697117760203 0.3825623443881586 0.3822677175987152 0.3819730908092717 0.3816784640198278 0.3813838372303844 -9999.0 -9999.0 -9999.0 -9999.0 -9999.0
0.38943667059218323 0.38928883386797647 0.38914099714376965 0.3889931604195629 0.38884532369535607 0.3886974869711493 0.3885496502469425 0.38840181352273573 0.3882539767985289 0.38810614007432215 0.3879583033501151 0.3878104666259083 0.3876626299017015 0.3875147931774947 0.38736695645328795 0.3872191197290812 0.38707128300487437 0.3869234462806676 0.3867756095564608 0.386627772832254 0.38641054775665223 0.38611914496338623 0.38582774217012017 0.38553633937685367 0.3852449365835876 0.3849535337903216 0.38466213099705554 0.38437072820378954 0.38407932541052353 0.38378792261725747 0.38349651982399147 0.3832051170307254 0.3829137142374594 0.38262231144419334 0.38233090865092734 0.38203950585766133 0.3817481030643948 0.38145670027112877 0.3811652974778627 -9999.0 -9999.0 -9999.0 -9999.0
0.38925800745385 0.38912017038235963 0.38898233331086923 0.3888444962393789 0.3887066591678885 0.3885688220963981 0.38843098502490775 0.38829314795341735 0.38815531088192695 0.3880174738104366 0.387879636738946 0.3877417996674556 0.38760396259596525 0.38746612552447485 0.3873282884529845 0.3871904513814941 0.3870526143100037 0.38691477723851336 0.38677694016702296 0.38663910309553257 0.38642860286238084 0.3861404240652922 0.38585224526820355 0.38556406647111446 0.3852758876740258 0.3849877088769372 0.3846995300798486 0.38441135128275994 0.3841231724856713 0.38383499368858265 0.383546814891494 0.3832586360944054 0.38297045729731677 0.3826822785002281 0.3823940997031395 0.3821059209060509 0.38181774210896174 0.3815295633118731 0.3812413845147845 0.38095320571769586 -9999.0 -9999.0 -9999.0
