Figures/CREST_Example_wjb_NSE/PETs/wjb.pet.20101116.asc
ncols            288
nrows            254
xllcorner        113.274861
yllcorner        31.4918055
cellsize         0.008333333333
NODATA_value     -9999
[rows 100 to 119 of 254, columns 88 to 131 of 288]
0.9867985976084994 0.9863128303779275 0.9858270631473556 0.9853412959167829 0.984855528686211 0.984369761455639 0.9838839942250672 0.9833982269944953 0.9829124597639234 0.9824266925333515 0.9819409253027797 0.9814551580722077 0.9809693908416358 0.9804836236110639 0.9799369518584679 0.9793251717947038 0.9787133917309386 0.9781016116671746 0.9774898316034105 0.9768780515396465 0.9762662714758824 0.9756544914121184 0.9750427113483543 0.9744309312845901 0.9738191512208261 0.973207371157062 0.972595591093298 0.9719838110295339 0.9713720309657699 0.9707602509020047 0.9701484708382406 0.9695366907744766 0.9689249107107125 0.9683131306469485 0.9677013505831844 0.9670895705194203 0.9664777904556562 0.9658660103918921 0.9652542303281281 0.964642450264364 0.9640306702006 0.9634188901368359 0.9628071100730707 0.9621953300093067
0.9873630064997259 0.9868805060193632 0.9863980055390006 0.9859155050586371 0.9854330045782745 0.9849505040979118 0.9844680036175493 0.9839855031371867 0.983503002656824 0.9830205021764614 0.9825380016960988 0.9820555012157361 0.9815730007353736 0.9810905002550109 0.9805410922391721 0.9799201585550494 0.9792992248709258 0.9786782911868033 0.9780573575026807 0.9774364238185582 0.9768154901344356 0.9761945564503131 0.9755736227661905 0.974952689082068 0.9743317553979454 0.9737108217138228 0.9730898880297003 0.9724689543455778 0.9718480206614551 0.9712270869773316 0.970606153293209 0.9699852196090865 0.9693642859249639 0.9687433522408414 0.9681224185567188 0.9675014848725962 0.9668805511884737 0.9662596175043512 0.9656386838202285 0.965017750136106 0.9643968164519835 0.963775882767861 0.9631549490837373 0.9625340153996148
0.9879274153909522 0.9874481816607988 0.9869689479306455 0.9864897142004914 0.986010480470338 0.9855312467401847 0.9850520130100313 0.984572779279878 0.9840935455497246 0.9836143118195713 0.9831350780894179 0.9826558443592647 0.9821766106291113 0.981697376898958 0.9811452326198762 0.9805151453153952 0.9798850580109131 0.979254970706432 0.978624883401951 0.97799479609747 0.9773647087929889 0.9767346214885079 0.9761045341840269 0.9754744468795458 0.9748443595750648 0.9742142722705838 0.9735841849661027 0.9729540976616217 0.9723240103571407 0.9716939230526586 0.9710638357481775 0.9704337484436965 0.9698036611392155 0.9691735738347343 0.9685434865302534 0.9679133992257724 0.9672833119212912 0.9666532246168102 0.9660231373123292 0.9653930500078481 0.9647629627033671 0.964132875398886 0.963502788094404 0.9628727007899229
0.9884918242821785 0.9880158573022344 0.9875398903222904 0.9870639233423455 0.9865879563624014 0.9861119893824574 0.9856360224025132 0.9851600554225692 0.9846840884426251 0.9842081214626811 0.983732154482737 0.983256187502793 0.9827802205228489 0.9823042535429048 0.9817493730005803 0.9811101320757407 0.9804708911509001 0.9798316502260607 0.9791924093012211 0.9785531683763816 0.977913927451542 0.9772746865267026 0.9766354456018631 0.9759962046770235 0.9753569637521841 0.9747177228273445 0.974078481902505 0.9734392409776655 0.972800000052826 0.9721607591279854 0.9715215182031459 0.9708822772783063 0.9702430363534669 0.9696037954286273 0.9689645545037878 0.9683253135789484 0.9676860726541088 0.9670468317292693 0.9664075908044297 0.9657683498795903 0.9651291089547508 0.9644898680299112 0.9638506271050706 0.9632113861802312
0.9890562331734049 0.9885835329436701 0.9881108327139353 0.9876381324841997 0.987165432254465 0.9866927320247301 0.9862200317949953 0.9857473315652605 0.9852746313355257 0.984801931105791 0.9843292308760562 0.9838565306463214 0.9833838304165866 0.9829111301868518 0.9823535133812844 0.9817051188360865 0.9810567242908873 0.9804083297456894 0.9797599352004913 0.9791115406552934 0.9784631461100953 0.9778147515648974 0.9771663570196993 0.9765179624745014 0.9758695679293033 0.9752211733841054 0.9745727788389074 0.9739243842937094 0.9732759897485114 0.9726275952033123 0.9719792006581143 0.9713308061129163 0.9706824115677183 0.9700340170225203 0.9693856224773223 0.9687372279321244 0.9680888333869264 0.9674404388417284 0.9667920442965304 0.9661436497513324 0.9654952552061344 0.9648468606609364 0.9641984661157373 0.9635500715705393
0.9896206420646317 0.9891512085851063 0.9886817751055808 0.9882123416260544 0.987742908146529 0.9872734746670034 0.986804041187478 0.9863346077079524 0.9858651742284269 0.9853957407489015 0.9849263072693759 0.9844568737898505 0.9839874403103249 0.9835180068307994 0.9829576537619892 0.9823001055964327 0.981642557430875 0.9809850092653186 0.9803274610997621 0.9796699129342056 0.9790123647686492 0.9783548166030926 0.9776972684375361 0.9770397202719796 0.9763821721064232 0.9757246239408667 0.9750670757753102 0.9744095276097537 0.9737519794441972 0.9730944312786396 0.9724368831130832 0.9717793349475267 0.9711217867819701 0.9704642386164137 0.9698066904508572 0.9691491422853007 0.9684915941197443 0.9678340459541878 0.9671764977886312 0.9665189496230747 0.9658614014575183 0.9652038532919618 0.9645463051264042 0.9638887569608477
0.9901850509558582 0.9897188842265419 0.9892527174972257 0.9887865507679087 0.9883203840385925 0.9878542173092763 0.98738805057996 0.9869218838506437 0.9864557171213275 0.9859895503920113 0.9855233836626951 0.9850572169333789 0.9845910502040627 0.9841248834747465 0.9835617941426933 0.9828950923567783 0.9822283905708622 0.9815616887849473 0.9808949869990323 0.9802282852131173 0.9795615834272023 0.9788948816412875 0.9782281798553725 0.9775614780694575 0.9768947762835425 0.9762280744976276 0.9755613727117126 0.9748946709257976 0.9742279691398826 0.9735612673539665 0.9728945655680515 0.9722278637821367 0.9715611619962217 0.9708944602103067 0.9702277584243917 0.9695610566384768 0.9688943548525618 0.9682276530666468 0.9675609512807318 0.9668942494948168 0.966227547708902 0.965560845922987 0.9648941441370709 0.9642274423511559
0.9907494598470845 0.9902865598679775 0.9898236598888706 0.9893607599097629 0.9888978599306559 0.988434959951549 0.9879720599724421 0.9875091599933351 0.9870462600142281 0.9865833600351213 0.9861204600560143 0.9856575600769073 0.9851946600978004 0.9847317601186935 0.9841659345233975 0.983490079117124 0.9828142237108495 0.982138368304576 0.9814625128983026 0.9807866574920291 0.9801108020857556 0.9794349466794822 0.9787590912732088 0.9780832358669354 0.9774073804606619 0.9767315250543884 0.976055669648115 0.9753798142418415 0.974703958835568 0.9740281034292935 0.97335224802302 0.9726763926167465 0.9720005372104732 0.9713246818041997 0.9706488263979263 0.9699729709916528 0.9692971155853793 0.9686212601791059 0.9679454047728324 0.967269549366559 0.9665936939602856 0.9659178385540121 0.9652419831477375 0.9645661277414641
0.9913138687383108 0.9908542355094132 0.9903946022805156 0.989934969051617 0.9894753358227194 0.9890157025938218 0.9885560693649241 0.9880964361360265 0.9876368029071287 0.9871771696782311 0.9867175364493335 0.9862579032204358 0.9857982699915381 0.9853386367626404 0.9847700749041016 0.9840850658774697 0.9834000568508366 0.9827150478242047 0.9820300387975728 0.9813450297709408 0.9806600207443089 0.979975011717677 0.979290002691045 0.9786049936644131 0.9779199846377812 0.9772349756111492 0.9765499665845173 0.9758649575578854 0.9751799485312534 0.9744949395046204 0.9738099304779885 0.9731249214513565 0.9724399124247246 0.9717549033980927 0.9710698943714607 0.9703848853448288 0.9696998763181969 0.9690148672915649 0.968329858264933 0.9676448492383011 0.9669598402116693 0.9662748311850373 0.9655898221584042 0.9649048131317722
0.9918782776295372 0.9914219111508489 0.9909655446721605 0.9905091781934713 0.9900528117147829 0.9895964452360945 0.9891400787574061 0.9886837122787178 0.9882273458000294 0.987770979321341 0.9873146128426525 0.9868582463639641 0.9864018798852757 0.9859455134065873 0.9853742152848057 0.9846800526378153 0.9839858899908237 0.9832917273438333 0.9825975646968429 0.9819034020498525 0.9812092394028621 0.9805150767558717 0.9798209141088813 0.9791267514618909 0.9784325888149005 0.9777384261679101 0.9770442635209197 0.9763501008739293 0.9756559382269389 0.9749617755799472 0.9742676129329568 0.9735734502859664 0.972879287638976 0.9721851249919856 0.9714909623449952 0.9707967996980048 0.9701026370510144 0.969408474404024 0.9687143117570336 0.9680201491100432 0.9673259864630528 0.9666318238160624 0.9659376611690709 0.9652434985220805
0.9924426865207636 0.9919895867922844 0.9915364870638054 0.9910833873353255 0.9906302876068463 0.9901771878783673 0.9897240881498881 0.989270988421409 0.98881788869293 0.9883647889644508 0.9879116892359717 0.9874585895074927 0.9870054897790135 0.9865523900505344 0.9859783556655098 0.985275039398161 0.9845717231308109 0.983868406863462 0.9831650905961131 0.9824617743287642 0.9817584580614154 0.9810551417940665 0.9803518255267176 0.9796485092593686 0.9789451929920198 0.9782418767246709 0.977538560457322 0.9768352441899731 0.9761319279226243 0.9754286116552742 0.9747252953879253 0.9740219791205764 0.9733186628532274 0.9726153465858786 0.9719120303185297 0.9712087140511808 0.9705053977838319 0.9698020815164831 0.9690987652491342 0.9683954489817852 0.9676921327144363 0.9669888164470875 0.9662855001797374 0.9655821839123885
0.9930070954119904 0.9925572624337206 0.9921074294554507 0.9916575964771802 0.9912077634989104 0.9907579305206405 0.9903080975423707 0.9898582645641009 0.989408431585831 0.9889585986075612 0.9885087656292915 0.9880589326510216 0.9876090996727518 0.987159266694482 0.9865824960462146 0.9858700261585073 0.9851575562707986 0.9844450863830913 0.9837326164953839 0.9830201466076766 0.9823076767199691 0.9815952068322618 0.9808827369445544 0.980170267056847 0.9794577971691396 0.9787453272814323 0.9780328573937249 0.9773203875060175 0.9766079176183101 0.9758954477306016 0.9751829778428941 0.9744705079551867 0.9737580380674794 0.9730455681797721 0.9723330982920646 0.9716206284043573 0.9709081585166499 0.9701956886289425 0.9694832187412351 0.9687707488535278 0.9680582789658203 0.967345809078113 0.9666333391904044 0.965920869302697
0.9935715043032168 0.9931249380751563 0.9926783718470957 0.9922318056190345 0.991785239390974 0.9913386731629134 0.9908921069348529 0.9904455407067922 0.9899989744787318 0.9895524082506711 0.9891058420226106 0.98865927579455 0.9882127095664895 0.9877661433384289 0.9871866364269188 0.9864650129188529 0.9857433894107859 0.98502176590272 0.9843001423946541 0.9835785188865883 0.9828568953785224 0.9821352718704566 0.9814136483623906 0.9806920248543248 0.979970401346259 0.9792487778381931 0.9785271543301273 0.9778055308220613 0.9770839073139955 0.9763622838059285 0.9756406602978626 0.9749190367897967 0.9741974132817308 0.973475789773665 0.9727541662655992 0.9720325427575333 0.9713109192494674 0.9705892957414015 0.9698676722333357 0.9691460487252699 0.968424425217204 0.9677028017091381 0.966981178201071 0.9662595546930052
0.9941359131944433 0.993692613716592 0.9932493142387407 0.9928060147608887 0.9923627152830374 0.9919194158051862 0.9914761163273349 0.9910328168494836 0.9905895173716324 0.9901462178937811 0.9897029184159298 0.9892596189380786 0.9888163194602273 0.9883730199823759 0.987790776807623 0.9870599996791987 0.986329222550773 0.9855984454223486 0.9848676682939244 0.9841368911655 0.9834061140370757 0.9826753369086513 0.981944559780227 0.9812137826518026 0.9804830055233783 0.9797522283949539 0.9790214512665296 0.9782906741381052 0.9775598970096809 0.9768291198812553 0.9760983427528309 0.9753675656244066 0.9746367884959822 0.9739060113675579 0.9731752342391335 0.9724444571107093 0.9717136799822849 0.9709829028538606 0.9702521257254362 0.9695213485970119 0.9687905714685875 0.9680597943401632 0.9673290172117376 0.9665982400833133
0.9947003220856696 0.9942602893580276 0.9938202566303856 0.9933802239027428 0.9929401911751009 0.9925001584474589 0.9920601257198169 0.9916200929921749 0.991180060264533 0.9907400275368909 0.9902999948092489 0.989859962081607 0.9894199293539649 0.988979896626323 0.9883949171883272 0.9876549864395443 0.9869150556907602 0.9861751249419773 0.9854351941931946 0.9846952634444117 0.983955332695629 0.9832154019468461 0.9824754711980632 0.9817355404492805 0.9809956097004976 0.9802556789517148 0.979515748202932 0.9787758174541491 0.9780358867053663 0.9772959559565823 0.9765560252077994 0.9758160944590166 0.9750761637102338 0.9743362329614509 0.9735963022126681 0.9728563714638853 0.9721164407151025 0.9713765099663196 0.9706365792175368 0.969896648468754 0.9691567177199711 0.9684167869711884 0.9676768562224043 0.9669369254736214
0.9952647309768959 0.9948279649994632 0.9943911990220304 0.9939544330445971 0.9935176670671643 0.9930809010897316 0.9926441351122989 0.9922073691348662 0.9917706031574335 0.9913338371800008 0.990897071202568 0.9904603052251353 0.9900235392477026 0.9895867732702699 0.9889990575690312 0.9882499731998899 0.9875008888307473 0.986751804461606 0.9860027200924647 0.9852536357233234 0.9845045513541821 0.9837554669850408 0.9830063826158995 0.9822572982467582 0.9815082138776169 0.9807591295084755 0.9800100451393343 0.979260960770193 0.9785118764010516 0.9777627920319091 0.9770137076627678 0.9762646232936265 0.9755155389244852 0.9747664545553439 0.9740173701862026 0.9732682858170613 0.97251920144792 0.9717701170787787 0.9710210327096374 0.9702719483404961 0.9695228639713548 0.9687737796022134 0.9680246952330709 0.9672756108639297
0.9958291398681223 0.9953956406408988 0.9949621414136754 0.9945286421864512 0.9940951429592279 0.9936616437320044 0.9932281445047809 0.9927946452775575 0.9923611460503341 0.9919276468231106 0.9914941475958872 0.9910606483686638 0.9906271491414403 0.9901936499142169 0.9896031979497354 0.9888449599602356 0.9880867219707345 0.9873284839812347 0.9865702459917349 0.9858120080022351 0.9850537700127354 0.9842955320232356 0.9835372940337358 0.982779056044236 0.9820208180547363 0.9812625800652365 0.9805043420757367 0.9797461040862369 0.9789878660967372 0.978229628107236 0.9774713901177362 0.9767131521282365 0.9759549141387367 0.9751966761492369 0.9744384381597371 0.9736802001702374 0.9729219621807376 0.9721637241912378 0.9714054862017379 0.9706472482122382 0.9698890102227384 0.9691307722332386 0.9683725342437376 0.9676142962542378
0.9963935487593486 0.9959633162823345 0.9955330838053204 0.9951028513283054 0.9946726188512913 0.9942423863742771 0.993812153897263 0.9933819214202488 0.9929516889432347 0.9925214564662206 0.9920912239892063 0.9916609915121922 0.9912307590351781 0.9908005265581639 0.9902073383304395 0.9894399467205812 0.9886725551107217 0.9879051635008634 0.9871377718910052 0.9863703802811469 0.9856029886712886 0.9848355970614304 0.9840682054515721 0.9833008138417139 0.9825334222318556 0.9817660306219973 0.980998639012139 0.9802312474022808 0.9794638557924226 0.978696464182563 0.9779290725727047 0.9771616809628464 0.9763942893529882 0.9756268977431299 0.9748595061332717 0.9740921145234134 0.9733247229135551 0.9725573313036968 0.9717899396938386 0.9710225480839804 0.9702551564741221 0.9694877648642638 0.9687203732544042 0.967952981644546
0.9971530262016407 0.9967269598679456 0.9963008935342504 0.9958748272005546 0.9954487608668595 0.9950226945331644 0.9945966281994693 0.9941705618657742 0.9937444955320791 0.993318429198384 0.9928923628646888 0.9924662965309937 0.9920402301972987 0.9916141638636036 0.9910215074268455 0.9902507624031113 0.9894800173793757 0.9887092723556415 0.9879385273319073 0.9871677823081731 0.986397037284439 0.9856262922607048 0.9848555472369707 0.9840848022132365 0.9833140571895023 0.9825433121657681 0.9817725671420339 0.9810018221182997 0.9802310770945655 0.9794603320708299 0.9786895870470957 0.9779188420233617 0.9771480969996275 0.9763773519758933 0.9756066069521591 0.9748358619284249 0.9740651169046907 0.9732943718809565 0.9725236268572223 0.9717528818334881 0.970982136809754 0.9702113917860198 0.9694406467622843 0.96866990173855
0.9981210196272939 0.9977000808314517 0.9972791420356094 0.9968582032397664 0.9964372644439241 0.9960163256480818 0.9955953868522396 0.9951744480563973 0.9947535092605551 0.9943325704647128 0.9939116316688705 0.9934906928730283 0.993069754077186 0.9926488152813437 0.9920601839794732 0.99129228559693 0.9905243872143853 0.9897564888318421 0.9889885904492988 0.9882206920667556 0.9874527936842122 0.986684895301669 0.9859169969191257 0.9851490985365825 0.9843812001540392 0.983613301771496 0.9828454033889527 0.9820775050064094 0.9813096066238661 0.9805417082413216 0.9797738098587784 0.9790059114762351 0.9782380130936918 0.9774701147111485 0.9767022163286053 0.975934317946062 0.9751664195635188 0.9743985211809755 0.9736306227984323 0.972862724415889 0.9720948260333457 0.9713269276508024 0.9705590292682579 0.9697911308857146
