Figures/CREST_Example_wjb_NSE/PETs/wjb.pet.20100322.asc
ncols            288
nrows            254
xllcorner        113.274861
yllcorner        31.4918055
cellsize         0.008333333333
NODATA_value     -9999
[rows 160 to 179 of 254, columns 220 to 263 of 288]
0.6507005858116937 0.6493303579710438 0.6488203047198514 0.6492297975720345 0.6496392904242174 0.6500487832764005 0.6504582761285835 0.6508677689807666 0.6512772618329495 0.6516867546851326 0.6520962475373157 0.6525057403894986 0.6529152332416817 0.6533247260938647 0.6537342189460484 0.6541437117982314 0.6545532046504144 0.6549626975025975 0.6553721903547804 0.6557816832069635 0.6561911760591466 0.6566006689113295 0.6570101617635126 0.6574196546156956 0.6578291474678786 0.6582386403200616 0.6586481331722447 0.6590576260244284 0.6594671188766114 0.6598766117287944 0.6602861045809775 0.6606955974331604 0.6619150950685196 0.6640005061530745 0.6660859172376294 0.6681713283221844 0.6702567394067394 0.6723421504912943 0.6744275615758492 0.6765129726604041 0.6785983837449626 0.6806837948295176 0.6827692059140725 0.6848546169986275
0.6423022375701272 0.6409594425383057 0.6405395776999973 0.6411063461260676 0.6416731145521382 0.6422398829782086 0.6428066514042791 0.6433734198303495 0.64394018825642 0.6445069566824904 0.6450737251085609 0.6456404935346313 0.6462072619607018 0.6467740303867722 0.6473407988128437 0.6479075672389141 0.6484743356649846 0.649041104091055 0.6496078725171255 0.6501746409431959 0.6507414093692664 0.6513081777953368 0.6518749462214073 0.6524417146474777 0.6530084830735482 0.6535752514996186 0.6541420199256891 0.6547087883517605 0.655275556777831 0.6558423252039014 0.6564090936299719 0.6569758620560423 0.6582209322814577 0.6601911224850087 0.6621613126885597 0.6641315028921108 0.6661016930956618 0.6680718832992127 0.6700420735027638 0.6720122637063148 0.6739824539098692 0.6759526441134203 0.6779228343169712 0.6798930245205222
0.6339038893285606 0.6325885271055678 0.632258850680143 0.6329828946801008 0.6337069386800588 0.6344309826800166 0.6351550266799745 0.6358790706799324 0.6366031146798903 0.6373271586798481 0.6380512026798061 0.6387752466797639 0.6394992906797218 0.6402233346796797 0.6409473786796388 0.6416714226795968 0.6423954666795546 0.6431195106795125 0.6438435546794704 0.6445675986794283 0.6452916426793861 0.6460156866793441 0.6467397306793019 0.6474637746792598 0.6481878186792177 0.6489118626791756 0.6496359066791334 0.6503599506790926 0.6510839946790504 0.6518080386790083 0.6525320826789662 0.6532561266789241 0.6545267694943957 0.6563817388169427 0.6582367081394899 0.660091677462037 0.6619466467845841 0.6638016161071312 0.6656565854296783 0.6675115547522255 0.6693665240747757 0.6712214933973228 0.67307646271987 0.674931432042417
0.6255055410869869 0.6242176116728226 0.6239781236602817 0.6248594432341271 0.6257407628079726 0.626622082381818 0.6275034019556635 0.628384721529509 0.6292660411033544 0.6301473606771999 0.6310286802510453 0.6319099998248907 0.6327913193987362 0.6336726389725816 0.6345539585464286 0.6354352781202741 0.6363165976941195 0.6371979172679649 0.6380792368418104 0.6389605564156559 0.6398418759895014 0.6407231955633468 0.6416045151371922 0.6424858347110377 0.6433671542848831 0.6442484738587286 0.645129793432574 0.646011113006421 0.6468924325802664 0.6477737521541119 0.6486550717279573 0.6495363913018027 0.6508326067073306 0.6525723551488737 0.6543121035904168 0.6560518520319598 0.6577916004735029 0.6595313489150461 0.6612710973565892 0.6630108457981323 0.6647505942396783 0.6664903426812214 0.6682300911227645 0.6699698395643077
0.6171071928454204 0.6158466962400846 0.6156973966404274 0.6167359917881604 0.6177745869358933 0.6188131820836261 0.619851777231359 0.620890372379092 0.6219289675268248 0.6229675626745577 0.6240061578222905 0.6250447529700234 0.6260833481177563 0.6271219432654892 0.6281605384132238 0.6291991335609567 0.6302377287086897 0.6312763238564225 0.6323149190041554 0.6333535141518882 0.6343921092996212 0.6354307044473541 0.6364692995950869 0.6375078947428198 0.6385464898905527 0.6395850850382856 0.6406236801860185 0.6416622753337531 0.642700870481486 0.6437394656292189 0.6447780607769518 0.6458166559246846 0.6471384439202686 0.6487629714808079 0.6503874990413471 0.6520120266018862 0.6536365541624254 0.6552610817229646 0.6568856092835038 0.6585101368440429 0.6601346644045849 0.6617591919651241 0.6633837195256633 0.6650082470862024
0.6087088446038538 0.6074757808073465 0.6074166696205733 0.6086125403421936 0.6098084110638139 0.6110042817854342 0.6122001525070545 0.6133960232286748 0.6145918939502951 0.6157877646719154 0.6169836353935357 0.618179506115156 0.6193753768367763 0.6205712475583967 0.6217671182800191 0.6229629890016394 0.6241588597232597 0.62535473044488 0.6265506011665003 0.6277464718881206 0.6289423426097409 0.6301382133313612 0.6313340840529815 0.6325299547746018 0.6337258254962221 0.6349216962178424 0.6361175669394628 0.6373134376610852 0.6385093083827055 0.6397051791043258 0.6409010498259461 0.6420969205475664 0.6434442811332066 0.6449535878127419 0.6464628944922772 0.6479722011718124 0.6494815078513477 0.650990814530883 0.6525001212104182 0.6540094278899535 0.6555187345694914 0.6570280412490267 0.658537347928562 0.6600466546080972
0.6003104963622872 0.5991048653746085 0.599135942600719 0.6004890888962268 0.6018422351917345 0.6031953814872423 0.60454852778275 0.6059016740782578 0.6072548203737655 0.6086079666692732 0.609961112964781 0.6113142592602887 0.6126674055557965 0.6140205518513042 0.6153736981468143 0.6167268444423221 0.6180799907378298 0.6194331370333375 0.6207862833288452 0.622139429624353 0.6234925759198607 0.6248457222153685 0.6261988685108762 0.627552014806384 0.6289051611018918 0.6302583073973995 0.6316114536929073 0.6329645999884173 0.634317746283925 0.6356708925794328 0.6370240388749405 0.6383771851704483 0.6397501183461447 0.6411442041446761 0.6425382899432074 0.6439323757417388 0.6453264615402702 0.6467205473388016 0.6481146331373329 0.6495087189358643 0.650902804734398 0.6522968905329294 0.6536909763314607 0.6550850621299921
0.5919121481207207 0.5907339499418705 0.5908552155808647 0.5923656374502599 0.5938760593196551 0.5953864811890504 0.5968969030584456 0.5984073249278407 0.5999177467972359 0.6014281686666311 0.6029385905360263 0.6044490124054214 0.6059594342748166 0.6074698561442118 0.6089802780136095 0.6104906998830048 0.6120011217523998 0.613511543621795 0.6150219654911903 0.6165323873605855 0.6180428092299806 0.6195532310993758 0.621063652968771 0.6225740748381662 0.6240844967075613 0.6255949185769565 0.6271053404463517 0.6286157623157494 0.6301261841851447 0.6316366060545398 0.633147027923935 0.6346574497933302 0.6360559555590828 0.6373348204766103 0.6386136853941377 0.6398925503116651 0.6411714152291926 0.64245028014672 0.6437291450642475 0.645008009981775 0.6462868748993046 0.647565739816832 0.6488446047343595 0.6501234696518869
0.5835137998791541 0.5823630345091325 0.5825744885610106 0.5842421860042931 0.5859098834475758 0.5875775808908584 0.589245278334141 0.5909129757774236 0.5925806732207062 0.5942483706639888 0.5959160681072714 0.597583765550554 0.5992514629938367 0.6009191604371192 0.6025868578804047 0.6042545553236873 0.60592225276697 0.6075899502102525 0.6092576476535352 0.6109253450968177 0.6125930425401004 0.6142607399833829 0.6159284374266656 0.6175961348699482 0.6192638323132308 0.6209315297565134 0.622599227199796 0.6242669246430814 0.6259346220863641 0.6276023195296467 0.6292700169729293 0.6309377144162119 0.6323617927720208 0.6335254368085443 0.6346890808450678 0.6358527248815914 0.637016368918115 0.6381800129546384 0.639343656991162 0.6405073010276855 0.6416709450642111 0.6428345891007345 0.6439982331372581 0.6451618771737817
0.5751154516375876 0.5739921190763946 0.5742937615411564 0.5761187345583265 0.5779437075754965 0.5797686805926665 0.5815936536098366 0.5834186266270066 0.5852435996441767 0.5870685726613467 0.5888935456785167 0.5907185186956868 0.5925434917128568 0.5943684647300269 0.5961934377472 0.59801841076437 0.5998433837815401 0.6016683567987101 0.6034933298158802 0.6053183028330502 0.6071432758502202 0.6089682488673903 0.6107932218845603 0.6126181949017304 0.6144431679189004 0.6162681409360704 0.6180931139532405 0.6199180869704136 0.6217430599875836 0.6235680330047537 0.6253930060219237 0.6272179790390938 0.6286676299849588 0.6297160531404785 0.6307644762959981 0.6318128994515178 0.6328613226070373 0.633909745762557 0.6349581689180765 0.6360065920735962 0.6370550152291177 0.6381034383846372 0.6391518615401569 0.6402002846956765
0.5667171033960138 0.5656212036436493 0.566013034521295 0.5679952831123527 0.5699775317034103 0.5719597802944679 0.5739420288855255 0.5759242774765831 0.5779065260676407 0.5798887746586984 0.5818710232497559 0.5838532718408136 0.5858355204318711 0.5878177690229287 0.5898000176139897 0.5917822662050474 0.5937645147961049 0.5957467633871626 0.5977290119782201 0.5997112605692778 0.6016935091603354 0.603675757751393 0.6056580063424506 0.6076402549335083 0.6096225035245658 0.6116047521156235 0.613587000706681 0.615569249297742 0.6175514978887996 0.6195337464798573 0.6215159950709148 0.6234982436619725 0.6249734671978938 0.6259066694724094 0.626839871746925 0.6277730740214407 0.6287062762959562 0.6296394785704719 0.6305726808449874 0.6315058831195031 0.6324390853940203 0.6333722876685359 0.6343054899430515 0.6352386922175671
0.5583187551544474 0.5572502882109114 0.557732307501441 0.559871831666386 0.562011355831331 0.5641508799962761 0.5662904041612211 0.5684299283261661 0.5705694524911111 0.5727089766560562 0.5748485008210013 0.5769880249859463 0.5791275491508914 0.5812670733158364 0.583406597480785 0.58554612164573 0.5876856458106752 0.5898251699756202 0.5919646941405652 0.5941042183055102 0.5962437424704553 0.5983832666354003 0.6005227908003453 0.6026623149652904 0.6048018391302354 0.6069413632951804 0.6090808874601255 0.6112204116250742 0.6133599357900192 0.6154994599549642 0.6176389841199093 0.6197785082848544 0.6212793044108319 0.6220972858043435 0.6229152671978553 0.6237332485913669 0.6245512299848787 0.6253692113783903 0.626187192771902 0.6270051741654138 0.6278231555589269 0.6286411369524385 -9999.0 -9999.0
0.5499204069128808 0.5488793727781733 0.5494515804815867 0.5517483802204192 0.5540451799592516 0.5563419796980841 0.5586387794369165 0.5609355791757491 0.5632323789145816 0.565529178653414 0.5678259783922465 0.5701227781310789 0.5724195778699114 0.5747163776087438 0.5770131773475803 0.5793099770864127 0.5816067768252452 0.5839035765640777 0.5862003763029101 0.5884971760417426 0.590793975780575 0.5930907755194075 0.5953875752582399 0.5976843749970724 0.599981174735905 0.6022779744747374 0.6045747742135699 0.6068715739524062 0.6091683736912387 0.6114651734300711 0.6137619731689037 0.6160587729077361 0.6175851416237699 0.6182879021362776 0.6189906626487854 0.6196934231612932 0.620396183673801 0.6210989441863087 0.6218017046988166 0.6225044652113243 0.6232072257238334 -9999.0 -9999.0 -9999.0
0.5415220586713142 0.5405084573454354 0.5411708534617324 0.5436249287744523 0.5460790040871722 0.5485330793998922 0.5509871547126121 0.553441230025332 0.5558953053380519 0.5583493806507718 0.5608034559634917 0.5632575312762116 0.5657116065889315 0.5681656819016514 0.5706197572143755 0.5730738325270954 0.5755279078398152 0.5779819831525351 0.580436058465255 0.5828901337779749 0.5853442090906948 0.5877982844034148 0.5902523597161347 0.5927064350288546 0.5951605103415745 0.5976145856542944 0.6000686609670143 0.6025227362797384 0.6049768115924583 0.6074308869051782 0.6098849622178981 0.6123390375306179 0.613890978836708 0.6144785184682118 0.6150660580997157 0.6156535977312195 0.6162411373627235 0.6168286769942273 0.6174162166257312 -9999.0 -9999.0 -9999.0 -9999.0 -9999.0
0.5331237104297477 0.5321375419126974 0.5328901264418783 0.5355014773284856 0.5381128282150929 0.5407241791017002 0.5433355299883076 0.5459468808749149 0.5485582317615223 0.5511695826481295 0.5537809335347369 0.5563922844213443 0.5590036353079516 0.561614986194559 0.5642263370811708 0.566837687967778 0.5694490388543854 0.5720603897409927 0.5746717406276001 0.5772830915142074 0.5798944424008147 0.582505793287422 0.5851171441740294 0.5877284950606367 0.5903398459472441 0.5929511968338513 0.5955625477204587 0.5981738986070705 0.6007852494936778 0.6033966003802852 0.6060079512668926 0.6086193021534998 0.610196816049646 0.610669134800146 0.611141453550646 0.6116137723011459 0.6120860910516458 0.6125584098021458 -9999.0 -9999.0 -9999.0 -9999.0 -9999.0 -9999.0
0.5247253621881811 0.5237666264799593 0.524609399422024 0.5273780258825188 0.5301466523430135 0.5329152788035083 0.5356839052640031 0.5384525317244978 0.5412211581849926 0.5439897846454874 0.5467584111059821 0.5495270375664769 0.5522956640269716 0.5550642904874664 0.5578329169479659 0.5606015434084607 0.5633701698689554 0.5661387963294502 0.568907422789945 0.5716760492504397 0.5744446757109345 0.5772133021714292 0.579981928631924 0.5827505550924188 0.5855191815529135 0.5882878080134083 0.5910564344739031 0.5938250609344026 0.5965936873948973 0.5993623138553921 0.6021309403158869 0.6048995667763816 0.606502653262584 0.60685975113208 0.6072168490015761 0.6075739468710721 0.6079310447405681 0.6082881426100643 -9999.0 -9999.0 -9999.0 -9999.0 -9999.0 -9999.0
0.5163270139466074 0.5153957110472142 0.5163286724021627 0.5192545744365451 0.5221804764709275 0.5251063785053097 0.5280322805396921 0.5309581825740745 0.5338840846084567 0.5368099866428391 0.5397358886772214 0.5426617907116037 0.5455876927459861 0.5485135947803684 0.5514394968147557 0.554365398849138 0.5572913008835203 0.5602172029179027 0.563143104952285 0.5660690069866674 0.5689949090210497 0.571920811055432 0.5748467130898143 0.5777726151241966 0.580698517158579 0.5836244191929614 0.5865503212273436 0.589476223261731 0.5924021252961134 0.5953280273304956 0.598253929364878 0.6011798313992602 0.6028084904755189 0.603050367464011 0.603292244452503 0.603534121440995 0.603775998429487 -9999.0 -9999.0 -9999.0 -9999.0 -9999.0 -9999.0 -9999.0
0.5079286657050408 0.5070247956144761 0.5080479453823086 0.5111311229905783 0.5142143005988481 0.5172974782071178 0.5203806558153876 0.5234638334236573 0.5265470110319271 0.5296301886401968 0.5327133662484667 0.5357965438567364 0.5388797214650062 0.5419628990732759 0.5450460766815509 0.5481292542898207 0.5512124318980904 0.5542956095063603 0.55737878711463 0.5604619647228998 0.5635451423311695 0.5666283199394393 0.569711497547709 0.5727946751559788 0.5758778527642485 0.5789610303725183 0.582044207980788 0.5851273855890631 0.5882105631973329 0.5912937408056026 0.5943769184138724 0.5974600960221421 0.599114327688457 0.5992409837959451 0.5993676399034332 0.5994942960109214 -9999.0 -9999.0 -9999.0 -9999.0 -9999.0 -9999.0 -9999.0 -9999.0
0.5052248273196356 0.5043427994466653 0.5054074219656398 0.5085530578096877 0.5116986936537355 0.5148443294977834 0.5179899653418312 0.521135601185879 0.5242812370299269 0.5274268728739747 0.5305725087180225 0.5337181445620703 0.5368637804061182 0.540009416250166 0.5431550520942192 0.546300687938267 0.5494463237823148 0.5525919596263626 0.5557375954704106 0.5588832313144584 0.5620288671585062 0.565174503002554 0.5683201388466018 0.5714657746906497 0.5746114105346976 0.5777570463787454 0.5809026822227932 0.5840483180668463 0.5871939539108942 0.590339589754942 0.5934852255989899 0.5966308614430377 0.5983159310114048 0.5984396221684067 0.5985633133254087 -9999.0 -9999.0 -9999.0 -9999.0 -9999.0 -9999.0 -9999.0 -9999.0 -9999.0
0.5086080610293937 0.5077418993843792 0.5087959206827803 0.5119026610047726 0.5150094013267648 0.5181161416487569 0.5212228819707491 0.5243296222927413 0.5274363626147334 0.5305431029367256 0.5336498432587178 0.53675658358071 0.5398633239027021 0.5429700642246943 0.5460768045466917 0.5491835448686839 0.5522902851906761 0.5553970255126683 0.5585037658346604 0.5616105061566526 0.5647172464786449 0.567823986800637 0.5709307271226292 0.5740374674446214 0.5771442077666135 0.5802509480886057 0.5833576884105979 0.5864644287325953 0.5895711690545875 0.5926779093765797 0.5957846496985718 0.598891390020564 0.6006129257776198 0.6008536464980498 0.6010943672184799 -9999.0 -9999.0 -9999.0 -9999.0 -9999.0 -9999.0 -9999.0 -9999.0 -9999.0
