Figures/CREST_Example_wjb_NSE/PETs/wjb.pet.20090110.asc
ncols            288
nrows            254
xllcorner        113.274861
yllcorner        31.4918055
cellsize         0.008333333333
NODATA_value     -9999
[rows 114 to 132 of 254, columns 0 to 43 of 288]
-9999.0 -9999.0 -9999.0 -9999.0 -9999.0 -9999.0 -9999.0 -9999.0 -9999.0 -9999.0 -9999.0 -9999.0 -9999.0 -9999.0 -9999.0 -9999.0 -9999.0 -9999.0 -9999.0 -9999.0 -9999.0 -9999.0 -9999.0 -9999.0 -9999.0 -9999.0 -9999.0 -9999.0 -9999.0 -9999.0 -9999.0 -9999.0 -9999.0 0.7174812472509695 0.7178904307939996 0.7182996143370298 0.71870879788006 0.7191179814230901 0.7195271649661203 0.7199363485091512 0.7203455320521814 0.7207547155952115 0.7211663279361811 0.7215805367170408
-9999.0 -9999.0 -9999.0 -9999.0 -9999.0 -9999.0 -9999.0 -9999.0 -9999.0 -9999.0 -9999.0 -9999.0 -9999.0 -9999.0 -9999.0 -9999.0 -9999.0 -9999.0 -9999.0 -9999.0 -9999.0 -9999.0 -9999.0 -9999.0 -9999.0 -9999.0 -9999.0 -9999.0 -9999.0 -9999.0 -9999.0 -9999.0 0.7172293822563547 0.7176007207377804 0.7179720592192061 0.7183433977006319 0.7187147361820576 0.7190860746634834 0.7194574131449092 0.7198287516263355 0.7202000901077613 0.7205714285891871 0.7209668587392214 0.7213880434274921
-9999.0 -9999.0 -9999.0 -9999.0 -9999.0 -9999.0 -9999.0 -9999.0 -9999.0 -9999.0 -9999.0 -9999.0 -9999.0 -9999.0 -9999.0 -9999.0 -9999.0 -9999.0 -9999.0 -9999.0 -9999.0 -9999.0 -9999.0 -9999.0 -9999.0 -9999.0 -9999.0 -9999.0 -9999.0 -9999.0 -9999.0 -9999.0 0.7173867008047701 0.7177201942245913 0.7180536876444127 0.718387181064234 0.7187206744840553 0.7190541679038767 0.719387661323698 0.7197211547435198 0.7200546481633412 0.7203881415831626 0.7207673895422616 0.7211955501379433
-9999.0 -9999.0 -9999.0 -9999.0 -9999.0 -9999.0 -9999.0 -9999.0 -9999.0 -9999.0 -9999.0 -9999.0 -9999.0 -9999.0 -9999.0 -9999.0 -9999.0 -9999.0 -9999.0 -9999.0 -9999.0 -9999.0 -9999.0 -9999.0 -9999.0 -9999.0 -9999.0 -9999.0 -9999.0 -9999.0 -9999.0 -9999.0 0.7175440193531852 0.7178396677114022 0.7181353160696191 0.7184309644278359 0.7187266127860529 0.7190222611442698 0.7193179095024868 0.7196135578607041 0.719909206218921 0.7202048545771379 0.7205679203453018 0.7210030568483945
-9999.0 -9999.0 -9999.0 -9999.0 -9999.0 -9999.0 -9999.0 -9999.0 -9999.0 -9999.0 -9999.0 -9999.0 -9999.0 -9999.0 -9999.0 0.7134023946031817 0.7136536671509758 0.71390493969877 -9999.0 -9999.0 -9999.0 -9999.0 -9999.0 -9999.0 -9999.0 -9999.0 -9999.0 -9999.0 -9999.0 -9999.0 0.7171714828200944 0.7174227553678886 0.7176740279156827 0.7179253004634768 0.718176573011271 0.7184278455590651 0.7186791181068592 0.7189303906546535 0.7191816632024476 0.7194329357502421 0.7196842082980364 0.7199354808458305 0.7202769928362966 0.7207149728304735
-9999.0 -9999.0 -9999.0 -9999.0 -9999.0 -9999.0 -9999.0 -9999.0 -9999.0 -9999.0 -9999.0 -9999.0 -9999.0 0.7139764440314758 0.7141763598100791 0.7143762755886824 0.7145761913672859 0.7147761071458892 -9999.0 -9999.0 -9999.0 -9999.0 -9999.0 -9999.0 -9999.0 -9999.0 -9999.0 -9999.0 -9999.0 0.7171750964891299 0.7173750122677333 0.7175749280463366 0.71777484382494 0.7179747596035434 0.7181746753821467 0.7183745911607501 0.7185745069393534 0.7187744227179568 0.7189743384965601 0.7191742542751639 0.7193741700537672 0.7195740858323706 0.7198883021575314 0.7203247083502594
-9999.0 -9999.0 -9999.0 -9999.0 -9999.0 -9999.0 -9999.0 -9999.0 -9999.0 -9999.0 -9999.0 -9999.0 -9999.0 0.7150530385553581 0.7152015975647706 0.7153501565741832 0.7154987155835958 0.7156472745930084 -9999.0 -9999.0 -9999.0 -9999.0 -9999.0 -9999.0 -9999.0 -9999.0 -9999.0 -9999.0 -9999.0 0.7174299827059596 0.7175785417153722 0.7177271007247847 0.7178756597341973 0.7180242187436099 0.7181727777530225 0.718321336762435 0.7184698957718476 0.7186184547812602 0.7187670137906728 0.7189155728000856 0.7190641318094981 0.7192126908189107 0.7194996114787661 0.7199344438700453
-9999.0 -9999.0 -9999.0 -9999.0 -9999.0 -9999.0 -9999.0 -9999.0 -9999.0 -9999.0 -9999.0 -9999.0 0.7160324308390185 0.7161296330792404 0.7162268353194622 0.716324037559684 0.7164212397999058 0.7165184420401276 0.7166156442803493 -9999.0 -9999.0 -9999.0 -9999.0 -9999.0 -9999.0 -9999.0 -9999.0 -9999.0 -9999.0 -9999.0 0.7177820711630108 0.7178792734032327 0.7179764756434545 0.7180736778836763 0.7181708801238981 0.7182680823641198 0.7183652846043416 0.7184624868445634 0.7185596890847852 0.7186568913250071 0.7187540935652289 0.7188512958054507 0.7191109208000007 0.7195441793898311
-9999.0 -9999.0 -9999.0 -9999.0 -9999.0 -9999.0 -9999.0 -9999.0 -9999.0 -9999.0 -9999.0 -9999.0 0.7171603821320917 0.7172062276031227 0.7172520730741537 0.7172979185451848 0.7173437640162157 0.7173896094872467 0.7174354549582778 0.7174813004293087 0.7175271459003397 -9999.0 -9999.0 -9999.0 -9999.0 -9999.0 -9999.0 -9999.0 -9999.0 0.7179397551396187 0.7179856006106498 0.7180314460816807 0.7180772915527117 0.7181231370237428 0.7181689824947737 0.7182148279658047 0.7182606734368358 0.7183065189078667 0.7183523643788977 0.7183982098499287 0.7184440553209598 0.7184899007919907 0.7187222301212354 0.719153914909617
-9999.0 -9999.0 -9999.0 -9999.0 -9999.0 -9999.0 -9999.0 -9999.0 -9999.0 -9999.0 -9999.0 -9999.0 0.718288333425165 0.7182828221270051 0.7182773108288454 0.7182717995306855 0.7182662882325258 0.718260776934366 0.7182552656362061 0.7182497543380464 0.7182442430398865 -9999.0 -9999.0 0.7182277091454071 -9999.0 -9999.0 -9999.0 -9999.0 -9999.0 0.7181946413564484 0.7181891300582885 0.7181836187601287 0.718178107461969 0.7181725961638091 0.7181670848656494 0.7181615735674896 0.7181560622693297 0.71815055097117 0.7181450396730101 0.7181395283748504 0.7181340170766906 0.7181285057785307 0.71833353944247 0.7187636504294028
-9999.0 -9999.0 -9999.0 -9999.0 -9999.0 -9999.0 -9999.0 -9999.0 -9999.0 -9999.0 -9999.0 -9999.0 0.7194162847182392 0.7193594166508884 0.7193025485835378 0.7192456805161872 0.7191888124488365 0.7191319443814859 0.7190750763141353 0.7190182082467846 0.718961340179434 0.7189044721120834 0.7188476040447327 0.7187907359773821 0.7187338679100315 0.7186769998426809 -9999.0 -9999.0 0.7185063956406288 0.7184495275732782 0.7183926595059276 0.718335791438577 0.7182789233712263 0.7182220553038757 0.718165187236525 0.7181083191691744 0.7180514511018238 0.7179945830344732 0.7179377149671226 0.7178808468997718 0.7178239788324212 0.7177671107650705 0.7179448487637045 0.7183733859491884
-9999.0 -9999.0 -9999.0 -9999.0 -9999.0 -9999.0 -9999.0 -9999.0 -9999.0 -9999.0 -9999.0 0.720800613503883 0.7205442360113123 0.7204360111747707 0.7203277863382294 0.7202195615016879 0.7201113366651465 0.7200031118286051 0.7198948869920636 0.7197866621555222 0.7196784373189807 0.7195702124824394 0.719461987645898 0.7193537628093565 0.7192455379728151 0.7191373131362737 0.7190290882997321 0.7189208634631906 0.7188126386266492 0.7187044137901077 0.7185961889535664 0.718487964117025 0.7183797392804835 0.7182715144439421 0.7181632896074006 0.7180550647708592 0.7179468399343178 0.7178386150977764 0.717730390261235 0.7176221654246934 0.717513940588152 0.7174057157516105 0.717556158084939 0.7179831214689741
-9999.0 -9999.0 -9999.0 -9999.0 -9999.0 -9999.0 -9999.0 -9999.0 -9999.0 -9999.0 -9999.0 0.7219548053389537 0.7216721873043856 0.7215126056986532 0.721353024092921 0.7211934424871888 0.7210338608814565 0.7208742792757243 0.7207146976699921 0.7205551160642599 0.7203955344585277 0.7202359528527955 0.7200763712470633 0.719916789641331 0.7197572080355988 0.7195976264298666 0.7194380448241341 0.7192784632184019 0.7191188816126697 0.7189593000069374 0.7187997184012053 0.718640136795473 0.7184805551897409 0.7183209735840086 0.7181613919782764 0.7180018103725442 0.7178422287668119 0.7176826471610798 0.7175230655553475 0.717363483949615 0.7172039023438829 0.7170443207381506 0.7171674674061738 0.7175928569887601
-9999.0 -9999.0 -9999.0 -9999.0 -9999.0 -9999.0 -9999.0 -9999.0 -9999.0 -9999.0 -9999.0 0.7231089971740242 0.7228001385974588 0.7225892002225355 0.7223782618476124 0.7221673234726895 0.7219563850977665 0.7217454467228435 0.7215345083479204 0.7213235699729975 0.7211126315980745 0.7209016932231515 0.7206907548482284 0.7204798164733054 0.7202688780983825 0.7200579397234594 0.7198470013485361 0.719636062973613 0.71942512459869 0.719214186223767 0.7190032478488441 0.718792309473921 0.718581371098998 0.718370432724075 0.718159494349152 0.717948555974229 0.717737617599306 0.717526679224383 0.7173157408494599 0.7171048024745366 0.7168938640996136 0.7166829257246906 0.7167787767274083 0.7172025925085459
-9999.0 -9999.0 -9999.0 -9999.0 -9999.0 -9999.0 -9999.0 -9999.0 -9999.0 -9999.0 -9999.0 0.7242631890090948 0.723928089890532 0.7236657947464178 0.723403499602304 0.7231412044581902 0.7228789093140765 0.7226166141699627 0.7223543190258489 0.7220920238817351 0.7218297287376213 0.7215674335935075 0.7213051384493937 0.7210428433052799 0.7207805481611661 0.7205182530170523 0.7202559578729381 0.7199936627288243 0.7197313675847105 0.7194690724405967 0.7192067772964829 0.7189444821523691 0.7186821870082553 0.7184198918641415 0.7181575967200277 0.7178953015759139 0.7176330064318001 0.7173707112876863 0.7171084161435726 0.7168461209994583 0.7165838258553445 0.7163215307112307 0.7163900860486431 0.7168123280283317
-9999.0 -9999.0 -9999.0 -9999.0 -9999.0 -9999.0 -9999.0 -9999.0 -9999.0 -9999.0 0.7258233292411951 0.7254173808441654 0.7250560411836052 0.7247423892703001 0.7244287373569955 0.724115085443691 0.7238014335303864 0.7234877816170818 0.7231741297037773 0.7228604777904727 0.722546825877168 0.7222331739638634 0.7219195220505589 0.7216058701372543 0.7212922182239497 0.7209785663106452 0.72066491439734 0.7203512624840354 0.7200376105707308 0.7197239586574262 0.7194103067441217 0.7190966548308171 0.7187830029175125 0.718469351004208 0.7181556990909033 0.7178420471775987 0.7175283952642941 0.7172147433509896 0.716901091437685 0.7165874395243799 0.7162737876110753 0.7159601356977706 0.7160013953698776 0.7164220635481175
-9999.0 -9999.0 -9999.0 -9999.0 -9999.0 -9999.0 -9999.0 -9999.0 -9999.0 0.7273889614154472 0.7269802670473416 0.7265715726792361 0.7261839924766786 0.7258189837941826 0.7254539751116872 0.7250889664291919 0.7247239577466964 0.7243589490642011 0.7239939403817057 0.7236289316992103 0.7232639230167149 0.7228989143342196 0.7225339056517242 0.7221688969692288 0.7218038882867335 0.721438879604238 0.721073870921742 0.7207088622392467 0.7203438535567513 0.7199788448742559 0.7196138361917606 0.7192488275092651 0.7188838188267698 0.7185188101442744 0.718153801461779 0.7177887927792836 0.7174237840967883 0.7170587754142929 0.7166937667317975 0.7163287580493015 0.7159637493668062 0.7155987406843107 0.7156127046911124 0.7160317990679035
-9999.0 -9999.0 -9999.0 -9999.0 -9999.0 -9999.0 -9999.0 0.7293715258710333 0.7289600855318518 0.7285486451926704 0.728137204853489 0.7277257645143076 0.7273119437697527 0.7268955783180658 0.7264792128663796 0.7260628474146934 0.7256464819630072 0.725230116511321 0.7248137510596347 0.7243973856079485 0.7239810201562623 0.7235646547045761 0.7231482892528899 0.7227319238012037 0.7223155583495174 0.7218991928978312 0.7214828274461443 0.7210664619944581 0.7206500965427719 0.7202337310910857 0.7198173656393995 0.7194010001877132 0.718984634736027 0.7185682692843408 0.7181519038326546 0.7177355383809684 0.7173191729292823 0.716902807477596 0.7164864420259098 0.7160700765742228 0.7156537111225366 0.7152373456708504 0.7152240140123467 0.7156415345876889
-9999.0 -9999.0 -9999.0 -9999.0 -9999.0 -9999.0 0.7309508879006644 0.7305367015904072 0.7301225152801499 0.7297083289698927 0.7292941426596354 0.7288799563493782 0.7284398950628259 0.7279721728419482 0.7275044506210712 0.7270367284001942 0.7265690061793172 0.7261012839584402 0.7256335617375632 0.7251658395166861 0.7246981172958091 0.7242303950749321 0.7237626728540552 0.7232949506331782 0.7228272284123012 0.7223595061914242 0.7218917839705463 0.7214240617496693 0.7209563395287923 0.7204886173079154 0.7200208950870384 0.7195531728661614 0.7190854506452843 0.7186177284244073 0.7181500062035303 0.7176822839826533 0.7172145617617763 0.7167468395408993 0.7162791173200224 0.7158113950991445 0.7153436728782675 0.7148759506573905 0.7148353233335814 0.7152512701074748
