Figures/CREST_Example_wjb_NSE/PETs/wjb.pet.20101204.asc
ncols            288
nrows            254
xllcorner        113.274861
yllcorner        31.4918055
cellsize         0.008333333333
NODATA_value     -9999
[rows 171 to 189 of 254, columns 44 to 87 of 288]
0.9839799318518826 0.9851612456065538 0.9863425593612251 0.9875238731158963 0.9887051868705676 0.9898865006252389 0.9910678143799101 0.9922491281345813 0.9934304418892546 0.9946117556439258 0.9957930693985971 0.9969743831532684 0.9981556969079396 0.9993370106626108 1.0005183244172822 1.0016996381719534 1.0028809519266246 1.0040622656812959 1.005243579435967 1.0064248931906383 1.0076062069453096 1.0087875206999828 1.009968834454654 1.0111501482093253 1.0123314619639965 1.013512775718668 1.0146940894733392 1.0158754032280104 1.0158567826078337 1.0145554050151584 1.013254027422483 1.0119526498298077 1.0106512722371324 1.009349894644457 1.0080485170517794 1.0067471394591043 1.005445761866429 1.0041443842737536 1.0028430066810783 1.001541629088403 1.0002402514957276 0.9989388739030524 0.997637496310377 0.9963361187177017
0.9856958240505385 0.9869047303817364 0.9881136367129343 0.9893225430441323 0.9905314493753302 0.9917403557065281 0.992949262037726 0.994158168368924 0.995367074700124 0.996575981031322 0.9977848873625198 0.9989937936937178 1.0002027000249156 1.0014116063561136 1.0026205126873116 1.0038294190185095 1.0050383253497075 1.0062472316809055 1.0074561380121032 1.0086650443433012 1.0098739506744991 1.011082857005699 1.012291763336897 1.013500669668095 1.014709575999293 1.015918482330491 1.0171273886616887 1.0183362949928867 1.0182944346355305 1.0169154764132051 1.0155365181908798 1.0141575599685544 1.012778601746229 1.0113996435239037 1.0100206853015758 1.0086417270792505 1.0072627688569251 1.0058838106345998 1.0045048524122744 1.003125894189949 1.0017469359676237 1.0003679777452983 0.998989019522973 0.9976100613006477
0.9874117162491944 0.988648215156919 0.9898847140646436 0.9911212129723682 0.9923577118800929 0.9935942107878175 0.9948307096955421 0.9960672086032667 0.9973037075109934 0.998540206418718 0.9997767053264427 1.0010132042341673 1.0022497031418918 1.0034862020496165 1.0047227009573412 1.0059591998650657 1.0071956987727904 1.0084321976805148 1.0096686965882395 1.0109051954959642 1.0121416944036887 1.0133781933114154 1.0146146922191401 1.0158511911268646 1.0170876900345893 1.018324188942314 1.0195606878500385 1.0207971867577632 1.020732086663227 1.0192755478112516 1.0178190089592762 1.0163624701073009 1.0149059312553255 1.01344939240335 1.0119928535513723 1.0105363146993969 1.0090797758474215 1.007623236995446 1.0061666981434707 1.004710159291495 1.0032536204395197 1.0017970815875443 1.000340542735569 0.9988840038835936
0.9891276084478504 0.9903916999321016 0.991655791416353 0.9929198829006043 0.9941839743848555 0.9954480658691068 0.9967121573533582 0.9979762488376094 0.9992403403218629 1.0005044318061143 1.0017685232903655 1.0030326147746167 1.0042967062588681 1.0055607977431194 1.0068248892273706 1.008088980711622 1.0093530721958732 1.0106171636801244 1.0118812551643759 1.013145346648627 1.0144094381328783 1.0156735296171318 1.0169376211013832 1.0182017125856344 1.0194658040698856 1.020729895554137 1.0219939870383883 1.0232580785226395 1.0231697386909238 1.0216356192092984 1.020101499727673 1.0185673802460475 1.0170332607644221 1.0154991412827965 1.0139650218011687 1.012430902319543 1.0108967828379176 1.0093626633562922 1.0078285438746668 1.0062944243930414 1.004760304911416 1.0032261854297904 1.001692065948165 1.0001579464665395
0.9908435006465063 0.9921351847072842 0.9934268687680622 0.9947185528288401 0.9960102368896182 0.9973019209503962 0.9985936050111741 0.9998852890719521 1.0011769731327322 1.0024686571935102 1.0037603412542881 1.005052025315066 1.006343709375844 1.0076353934366222 1.0089270774974002 1.0102187615581781 1.011510445618956 1.012802129679734 1.014093813740512 1.01538549780129 1.016677181862068 1.017968865922848 1.019260549983626 1.020552234044404 1.0218439181051822 1.0231356021659601 1.024427286226738 1.025718970287516 1.0256073907186205 1.023995690607345 1.0223839904960697 1.020772290384794 1.0191605902735186 1.0175488901622431 1.0159371900509648 1.0143254899396894 1.012713789828414 1.0111020897171383 1.009490389605863 1.0078786894945875 1.006266989383312 1.0046552892720364 1.003043589160761 1.0014318890494855
0.9925593928451637 0.9938786694824684 0.9951979461197731 0.9965172227570778 0.9978364993943825 0.999155776031687 1.0004750526689918 1.0017943293062965 1.0031136059436034 1.0044328825809081 1.0057521592182126 1.0070714358555173 1.008390712492822 1.0097099891301267 1.0110292657674314 1.012348542404736 1.0136678190420407 1.0149870956793454 1.01630637231665 1.0176256489539548 1.0189449255912595 1.0202642022285664 1.021583478865871 1.0229027555031758 1.0242220321404805 1.025541308777785 1.0268605854150896 1.0281798620523943 1.0280450427463192 1.0263557620053936 1.0246664812644681 1.0229772005235425 1.0212879197826168 1.0195986390416913 1.0179093583007628 1.0162200775598373 1.0145307968189117 1.012841516077986 1.0111522353370606 1.0094629545961349 1.0077736738552092 1.0060843931142838 1.004395112373358 1.0027058316324324
0.9942752850438196 0.995622154257651 0.9969690234714823 0.9983158926853136 0.999662761899145 1.0010096311129764 1.0023565003268078 1.003703369540639 1.0050502387544726 1.006397107968304 1.0077439771821355 1.0090908463959667 1.0104377156097981 1.0117845848236295 1.013131454037461 1.0144783232512922 1.0158251924651236 1.017172061678955 1.0185189308927862 1.0198658001066176 1.021212669320449 1.0225595385342827 1.023906407748114 1.0252532769619453 1.0266001461757768 1.027947015389608 1.0292938846034394 1.0306407538172708 1.030482694774016 1.0287158334034403 1.0269489720328646 1.0251821106622891 1.0234152492917135 1.0216483879211378 1.0198815265505592 1.0181146651799835 1.0163478038094078 1.0145809424388323 1.0128140810682567 1.011047219697681 1.0092803583271053 1.0075134969565298 1.0057466355859541 1.0039797742153784
0.9956361638781595 0.996991977693687 0.9983477915092144 0.9997036053247419 1.0010594191402693 1.002415232955797 1.0037710467713243 1.005126860586852 1.0064826744023816 1.0078384882179092 1.0091943020334366 1.010550115848964 1.0119059296644917 1.013261743480019 1.0146175572955467 1.015973371111074 1.0173291849266015 1.0186849987421291 1.0200408125576566 1.021396626373184 1.0227524401887116 1.0241082540042414 1.0254640678197688 1.0268198816352962 1.0281756954508239 1.0295315092663513 1.0308873230818787 1.0322431368974063 1.0320776405363719 1.0302858292057664 1.028494017875161 1.0267022065445557 1.0249103952139502 1.0231185838833448 1.0213267725527362 1.019534961222131 1.0177431498915255 1.01595133856092 1.0141595272303146 1.012367715899709 1.0105759045691038 1.0087840932384984 1.006992281907893 1.0052004705772875
0.9966175558035425 0.9979623807111069 0.9993072056186713 1.0006520305262356 1.0019968554338001 1.0033416803413646 1.0046865052489289 1.0060313301564934 1.00737615506406 1.0087209799716244 1.0100658048791888 1.0114106297867533 1.0127554546943176 1.014100279601882 1.0154451045094464 1.0167899294170109 1.0181347543245753 1.0194795792321396 1.020824404139704 1.0221692290472684 1.0235140539548329 1.0248588788623996 1.026203703769964 1.0275485286775283 1.0288933535850928 1.030238178492657 1.0315830034002216 1.032927828307786 1.0327717864192394 1.0310112839969683 1.029250781574697 1.0274902791524259 1.0257297767301545 1.0239692743078832 1.022208771885609 1.0204482694633379 1.0186877670410666 1.0169272646187955 1.0151667621965241 1.013406259774253 1.0116457573519817 1.0098852549297106 1.0081247525074393 1.0063642500851682
0.9975989477289255 0.9989327837285269 1.0002666197281282 1.0016004557277296 1.0029342917273307 1.004268127726932 1.0056019637265334 1.0069357997261348 1.0082696357257384 1.0096034717253397 1.010937307724941 1.0122711437245424 1.0136049797241435 1.014938815723745 1.0162726517233462 1.0176064877229476 1.018940323722549 1.0202741597221503 1.0216079957217516 1.0229418317213528 1.0242756677209541 1.0256095037205577 1.026943339720159 1.0282771757197604 1.0296110117193618 1.030944847718963 1.0322786837185645 1.0336125197181656 1.033465932302107 1.03173673878817 1.030007545274233 1.0282783517602958 1.0265491582463588 1.0248199647324219 1.0230907712184818 1.0213615777045448 1.0196323841906079 1.017903190676671 1.0161739971627337 1.0144448036487967 1.0127156101348598 1.0109864166209228 1.0092572231069856 1.0075280295930487
0.9985803396543086 0.9999031867459469 1.0012260338375851 1.0025488809292233 1.0038717280208616 1.0051945751124998 1.006517422204138 1.0078402692957762 1.0091631163874168 1.010485963479055 1.0118088105706933 1.0131316576623315 1.0144545047539697 1.015777351845608 1.0171001989372461 1.0184230460288843 1.0197458931205226 1.0210687402121608 1.022391587303799 1.0237144343954372 1.0250372814870754 1.026360128578716 1.0276829756703543 1.0290058227619925 1.0303286698536307 1.031651516945269 1.0329743640369071 1.0342972111285453 1.0341600781849745 1.0324621935793716 1.0307643089737688 1.029066424368166 1.0273685397625634 1.0256706551569605 1.0239727705513548 1.022274885945752 1.0205770013401492 1.0188791167345463 1.0171812321289435 1.0154833475233407 1.0137854629177379 1.012087578312135 1.0103896937065322 1.0086918091009294
0.9995617315796917 1.000873589763367 1.002185447947042 1.003497306130717 1.0048091643143924 1.0061210224980675 1.0074328806817425 1.0087447388654178 -9999.0 1.0113684552327702 1.0126803134164455 1.0139921716001206 1.0153040297837956 1.0166158879674707 1.017927746151146 1.019239604334821 1.0205514625184962 1.0218633207021715 1.0231751788858465 1.0244870370695216 1.025798895253197 1.0271107534368742 1.0284226116205493 1.0297344698042246 1.0310463279878996 1.0323581861715747 1.03367004435525 1.034981902538925 1.0348542240678422 1.0331876483705735 1.0315210726733048 1.0298544969760361 1.0281879212787677 1.026521345581499 1.0248547698842276 1.023188194186959 1.0215216184896903 1.0198550427924216 1.018188467095153 1.0165218913978844 1.0148553157006157 1.0131887400033472 1.0115221643060786 1.0098555886088099
-9999.0 -9999.0 -9999.0 -9999.0 1.0057466006079239 1.0070474698836358 1.008348339159348 1.00964920843506 -9999.0 -9999.0 1.0135518162621984 1.0148526855379103 1.0161535548136225 1.0174544240893344 1.0187552933650466 1.0200561626407585 1.0213570319164704 1.0226579011921826 1.0239587704678945 1.0252596397436067 1.0265605090193186 1.027861378295033 1.029162247570745 1.030463116846457 1.031763986122169 1.0330648553978812 1.0343657246735931 1.0356665939493053 1.0355483699507102 1.0339131031617759 1.0322778363728413 1.030642569583907 1.0290073027949727 1.027372036006038 1.025736769217101 1.0241015024281666 1.0224662356392322 1.020830968850298 1.0191957020613633 1.017560435272429 1.0159251684834947 1.0142899016945603 1.0126546349056258 1.0110193681166915
-9999.0 -9999.0 -9999.0 -9999.0 -9999.0 1.0079739172692035 -9999.0 -9999.0 -9999.0 -9999.0 -9999.0 -9999.0 1.0170030798434484 1.0182929602111972 1.0195828405789462 1.0208727209466952 1.0221626013144443 1.023452481682193 1.024742362049942 1.026032242417691 1.02732212278544 1.0286120031531911 1.0299018835209401 1.0311917638886892 1.032481644256438 1.033771524624187 1.035061404991936 1.036351285359685 1.0362425158335777 1.0346385579529775 1.0330346000723774 1.0314306421917772 1.029826684311177 1.0282227264305768 1.026618768549974 1.0250148106693737 1.0234108527887735 1.0218068949081733 1.0202029370275731 1.018598979146973 1.0169950212663728 1.0153910633857726 1.0137871055051724 1.0121831476245722
-9999.0 -9999.0 -9999.0 -9999.0 -9999.0 -9999.0 -9999.0 -9999.0 -9999.0 -9999.0 -9999.0 -9999.0 -9999.0 1.0191314963330602 1.020410387792846 1.021689279252632 1.0229681707124179 1.0242470621722037 1.0255259536319896 1.0268048450917755 1.0280837365515614 1.0293626280113495 1.0306415194711354 1.0319204109309212 1.033199302390707 1.0344781938504928 1.0357570853102787 1.0370359767700645 1.0369366617164453 1.0353640127441792 1.0337913637719134 1.0322187147996473 1.0306460658273813 1.0290734168551154 1.0275007678828467 1.0259281189105807 1.0243554699383146 1.0227828209660488 1.0212101719937827 1.0196375230215167 1.0180648740492506 1.0164922250769848 1.0149195761047187 1.0133469271324527
-9999.0 -9999.0 -9999.0 -9999.0 -9999.0 -9999.0 -9999.0 -9999.0 -9999.0 -9999.0 -9999.0 -9999.0 -9999.0 -9999.0 -9999.0 -9999.0 -9999.0 -9999.0 -9999.0 1.02757744776586 1.0288453503176826 1.0301132528695076 1.0313811554213304 1.032649057973153 1.033916960524976 1.0351848630767988 1.0364527656286215 1.0377206681804443 1.0376308075993128 1.0360894675353811 1.0345481274714492 1.0330067874075175 1.0314654473435858 1.0299241072796539 1.0283827672157195 1.0268414271517876 1.025300087087856 1.023758747023924 1.0222174069599923 1.0206760668960606 1.0191347268321287 1.017593386768197 1.016052046704265 1.0145107066403334
-9999.0 -9999.0 -9999.0 -9999.0 -9999.0 -9999.0 -9999.0 -9999.0 -9999.0 -9999.0 -9999.0 -9999.0 -9999.0 -9999.0 -9999.0 -9999.0 -9999.0 -9999.0 -9999.0 1.0283500504399443 1.029606964083804 1.0308638777276657 1.0321207913715256 1.0333777050153852 1.034634618659245 1.0358915323031046 1.0371484459469644 1.038405359590824 1.0383249534821806 1.0368149223265828 1.0353048911709852 1.0337948600153877 1.0322848288597901 1.0307747977041926 1.0292647665485923 1.0277547353929948 1.026244704237397 1.0247346730817994 1.0232246419262019 1.0217146107706043 1.0202045796150068 1.0186945484594092 1.0171845173038114 1.0156744861482139
-9999.0 -9999.0 -9999.0 -9999.0 -9999.0 -9999.0 -9999.0 -9999.0 -9999.0 -9999.0 -9999.0 -9999.0 -9999.0 -9999.0 -9999.0 -9999.0 -9999.0 1.0266308036422354 1.027876728378132 1.0291226531140287 1.0303685778499252 1.031614502585824 1.0328604273217206 1.0341063520576173 1.035352276793514 1.0365982015294104 1.037844126265307 1.0390900510012038 1.039019099365048 1.0375403771177847 1.0360616548705213 1.0345829326232578 1.0331042103759944 1.031625488128731 1.0301467658814651 1.0286680436342017 1.0271893213869383 1.0257105991396749 1.0242318768924115 1.022753154645148 1.0212744323978846 1.0197957101506214 1.018316987903358 1.0168382656560946
-9999.0 -9999.0 -9999.0 -9999.0 -9999.0 -9999.0 -9999.0 -9999.0 -9999.0 -9999.0 -9999.0 -9999.0 -9999.0 -9999.0 -9999.0 -9999.0 1.0261904483043132 1.0274253841322465 1.02866031996018 1.0298952557881136 1.0311301916160471 1.0323651274439827 1.0336000632719162 1.0348349990998498 1.0360699349277833 1.0373048707557169 1.0385398065836504 1.039774742411584 1.039713245247916 1.0382658319089868 1.0368184185700577 1.0353710052311285 1.0339235918921994 1.0324761785532701 1.0310287652143386 1.0295813518754093 1.0281339385364803 1.026686525197551 1.025239111858622 1.0237916985196927 1.0223442851807636 1.0208968718418343 1.0194494585029052 1.018002045163976
