Figures/CREST_Example_wjb_NSE/PETs/wjb.pet.20101005.asc
ncols            288
nrows            254
xllcorner        113.274861
yllcorner        31.4918055
cellsize         0.008333333333
NODATA_value     -9999
[rows 40 to 59 of 254, columns 44 to 87 of 288]
2.1749462143577523 2.1710230711664225 2.1670999279750927 2.163176784783763 2.159253641592433 2.1553304984011032 2.151407355209773 2.147484212018443 2.1435610688271067 2.139637925635777 2.135714782444447 2.1317916392531173 2.1278684960617875 2.1239453528704577 2.120022209679128 2.116099066487798 2.1121759232964683 2.1082527801051385 2.1043296369138087 2.1004064937224785 2.0964833505311486 2.092560207339812 2.0886370641484824 2.0847139209571526 2.0807907777658228 2.076867634574493 2.072944491383163 2.0690213481918334 2.0673971281731243 2.0682305089955375 2.069063889817951 2.0698972706403644 2.070730651462778 2.0715640322851914 2.0723974131076064 2.0732307939300196 2.074064174752433 2.0748975555748466 2.07573093639726 2.0765643172196735 2.0773976980420867 2.0782310788645004 2.0790644596869137 2.079897840509327
2.1788599366384886 2.1748806971749888 2.170901457711489 2.166922218247989 2.162942978784489 2.1589637393209893 2.15498449985749 2.15100526039399 2.1470260209304834 2.1430467814669836 2.1390675420034837 2.135088302539984 2.131109063076484 2.127129823612984 2.123150584149484 2.1191713446859843 2.115192105222485 2.111212865758985 2.107233626295485 2.1032543868319853 2.0992751473684854 2.095295907904979 2.091316668441479 2.087337428977979 2.0833581895144793 2.0793789500509794 2.07539971058748 2.07142047112398 2.0698210012673997 2.070765558917826 2.0717101165682523 2.0726546742186787 2.073599231869105 2.0745437895195313 2.0754883471699594 2.076432904820386 2.077377462470812 2.078322020121239 2.0792665777716652 2.0802111354220916 2.081155693072518 2.0821002507229442 2.0830448083733706 2.083989366023797
2.182773658919225 2.178738323183555 2.174702987447885 2.1706676517122157 2.1666323159765457 2.1625969802408758 2.1585616445052063 2.1545263087695363 2.1504909730338597 2.14645563729819 2.1424203015625203 2.1383849658268503 2.1343496300911804 2.130314294355511 2.126278958619841 2.122243622884171 2.1182082871485015 2.1141729514128316 2.1101376156771616 2.106102279941492 2.102066944205822 2.0980316084701456 2.0939962727344756 2.0899609369988057 2.085925601263136 2.0818902655274663 2.0778549297917963 2.073819594056127 2.072244874361675 2.073300608840114 2.0743563433185535 2.075412077796993 2.0764678122754323 2.0775235467538717 2.078579281232313 2.0796350157107524 2.080690750189192 2.0817464846676312 2.0828022191460707 2.0838579536245097 2.084913688102949 2.0859694225813885 2.087025157059828 2.0880808915382674
2.186687381199962 2.182595949192122 2.1785045171842823 2.1744130851764423 2.1703216531686027 2.1662302211607627 2.162138789152923 2.158047357145083 2.1539559251372364 2.1498644931293964 2.145773061121557 2.141681629113717 2.1375901971058773 2.1334987650980373 2.1294073330901977 2.1253159010823577 2.121224469074518 2.117133037066678 2.1130416050588385 2.1089501730509985 2.104858741043159 2.1007673090353123 2.0966758770274723 2.0925844450196327 2.0884930130117927 2.084401581003953 2.080310148996113 2.0762187169882735 2.07466874745595 2.0758356587624025 2.077002570068855 2.078169481375307 2.0793363926817596 2.0805033039882117 2.0816702152946664 2.0828371266011185 2.084004037907571 2.085170949214023 2.0863378605204757 2.087504771826928 2.0886716831333803 2.0898385944398328 2.091005505746285 2.0921724170527374
2.190601103480698 2.186453575200688 2.1823060469206785 2.178158518640669 2.174010990360659 2.169863462080649 2.1657159338006395 2.1615684055206295 2.1574208772406127 2.153273348960603 2.1491258206805934 2.1449782924005834 2.1408307641205737 2.136683235840564 2.132535707560554 2.1283881792805444 2.1242406510005347 2.120093122720525 2.115945594440515 2.1117980661605054 2.1076505378804957 2.1035030096004785 2.099355481320469 2.0952079530404593 2.0910604247604496 2.0869128964804395 2.08276536820043 2.0786178399204203 2.0770926205502254 2.078370708684691 2.079648796819156 2.0809268849536213 2.082204973088087 2.083483061222552 2.0847611493570195 2.086039237491485 2.0873173256259503 2.0885954137604155 2.089873501894881 2.0911515900293463 2.0924296781638114 2.093707766298277 2.094985854432742 2.096263942567208
2.194514825761434 2.1903112012092545 2.186107576657075 2.181903952104895 2.1777003275527154 2.1734967030005357 2.169293078448356 2.1650894538961762 2.160885829343989 2.1566822047918093 2.1524785802396296 2.14827495568745 2.14407133113527 2.1398677065830904 2.1356640820309107 2.131460457478731 2.1272568329265513 2.1230532083743716 2.118849583822192 2.1146459592700118 2.110442334717832 2.1062387101656452 2.1020350856134655 2.097831461061286 2.093627836509106 2.0894242119569264 2.0852205874047467 2.081016962852567 2.0795164936445008 2.080905758606979 2.0822950235694573 2.0836842885319355 2.085073553494414 2.086462818456892 2.087852083419373 2.0892413483818513 2.0906306133443295 2.092019878306808 2.093409143269286 2.0947984082317643 2.0961876731942426 2.097576938156721 2.0989662031191996 2.100355468081678
2.198428548042174 2.1941688272178244 2.1899091063934746 2.185649385569125 2.181389664744775 2.1771299439204252 2.1728702230960755 2.1686105022717257 2.164350781447369 2.160091060623019 2.1558313397986693 2.1515716189743195 2.1473118981499697 2.14305217732562 2.13879245650127 2.1345327356769204 2.1302730148525706 2.126013294028221 2.121753573203871 2.1174938523795213 2.1132341315551715 2.1089744107308146 2.104714689906465 2.100454969082115 2.0961952482577653 2.0919355274334155 2.0876758066090657 2.083416085784716 2.0819403667387784 2.0834408085292697 2.084941250319761 2.0864416921102524 2.087942133900744 2.089442575691235 2.090943017481729 2.0924434592722205 2.093943901062712 2.0954443428532032 2.0969447846436946 2.098445226434186 2.0999456682246773 2.1014461100151687 2.10294655180566 2.1044469935961514
2.2023422703229105 2.1980264532263907 2.193710636129871 2.1893948190333514 2.1850790019368316 2.1807631848403117 2.176447367743792 2.172131550647272 2.167815733550745 2.1634999164542252 2.1591840993577054 2.154868282261186 2.150552465164666 2.1462366480681463 2.1419208309716264 2.137605013875107 2.133289196778587 2.1289733796820673 2.1246575625855475 2.1203417454890277 2.1160259283925082 2.111710111295981 2.107394294199461 2.1030784771029416 2.0987626600064218 2.094446842909902 2.090131025813382 2.0858152087168627 2.0843642398330537 2.0859758584515578 2.087587477070062 2.0891990956885667 2.090810714307071 2.092422332925575 2.0940339515440822 2.0956455701625867 2.097257188781091 2.0988688073995956 2.1004804260180996 2.102092044636604 2.1037036632551085 2.105315281873613 2.1069269004921174 2.1085385191106214
2.2062559926036474 2.2018840792349574 2.197512165866268 2.193140252497578 2.188768339128888 2.1843964257601987 2.1800245123915087 2.175652599022819 2.171280685654122 2.166908772285432 2.1625368589167424 2.1581649455480525 2.153793032179363 2.149421118810673 2.145049205441983 2.1406772920732937 2.136305378704604 2.131933465335914 2.1275615519672244 2.1231896385985345 2.118817725229845 2.1144458118611476 2.110073898492458 2.105701985123768 2.1013300717550782 2.0969581583863888 2.092586245017699 2.0882143316490094 2.086788112927329 2.0885109083738462 2.0902337038203638 2.091956499266881 2.0936792947133984 2.0954020901599155 2.0971248856064357 2.0988476810529533 2.1005704764994704 2.102293271945988 2.104016067392505 2.1057388628390226 2.1074616582855397 2.109184453732057 2.1109072491785743 2.112630044625092
2.2101697148843837 2.2057417052435238 2.201313695602664 2.1968856859618042 2.1924576763209447 2.188029666680085 2.183601657039225 2.1791736473983656 2.174745637757498 2.1703176281166385 2.165889618475779 2.161461608834919 2.1570335991940595 2.1526055895531995 2.14817757991234 2.14374957027148 2.1393215606306204 2.134893550989761 2.130465541348901 2.1260375317080413 2.1216095220671813 2.1171815124263142 2.1127535027854547 2.1083254931445947 2.103897483503735 2.099469473862875 2.0950414642220156 2.0906134545811557 2.089211986021604 2.0910459582961347 2.092879930570665 2.094713902845195 2.0965478751197253 2.0983818473942555 2.1002158196687892 2.1020497919433194 2.1038837642178496 2.10571773649238 2.1075517087669104 2.1093856810414406 2.111219653315971 2.113053625590501 2.1148875978650317 2.116721570139562
2.21408343716512 2.20959933125209 2.2051152253390605 2.200631119426031 2.1961470135130012 2.1916629075999716 2.1871788016869416 2.182694695773912 2.178210589860875 2.1737264839478447 2.169242378034815 2.1647582721217855 2.160274166208756 2.1557900602957263 2.1513059543826962 2.1468218484696666 2.142337742556637 2.1378536366436074 2.133369530730578 2.1288854248175477 2.124401318904518 2.119917212991481 2.115433107078451 2.1109490011654213 2.1064648952523917 2.101980789339362 2.0974966834263324 2.0930125775133024 2.0916358591158795 2.0935810082184227 2.095526157320966 2.0974713064235093 2.0994164555260526 2.101361604628596 2.1033067537311427 2.105251902833686 2.1071970519362293 2.1091422010387726 2.1110873501413154 2.1130324992438587 2.114977648346402 2.1169227974489453 2.1188679465514886 2.120813095654032
2.217997159445856 2.2134569572606564 2.2089167550754567 2.204376552890257 2.1998363507050573 2.1952961485198577 2.190755946334658 2.1862157441494583 2.181675541964251 2.1771353397790514 2.1725951375938517 2.168054935408652 2.1635147332234523 2.1589745310382527 2.154434328853053 2.1498941266678533 2.1453539244826536 2.140813722297454 2.1362735201122542 2.1317333179270546 2.127193115741855 2.122652913556647 2.1181127113714475 2.113572509186248 2.109032307001048 2.1044921048158485 2.099951902630649 2.095411700445449 2.094059732210155 2.0961160581407112 2.098172384071267 2.1002287100018235 2.10228503593238 2.104341361862936 2.106397687793496 2.108454013724052 2.1105103396546085 2.1125666655851645 2.114622991515721 2.1166793174462772 2.118735643376833 2.1207919693073896 2.122848295237946 2.124904621168502
2.221910881726593 2.217314583269223 2.212718284811854 2.208121986354484 2.2035256878971143 2.1989293894397446 2.194333090982375 2.189736792525005 2.185140494067628 2.180544195610258 2.1759478971528883 2.1713515986955185 2.166755300238149 2.1621590017807795 2.1575627033234097 2.15296640486604 2.14837010640867 2.1437738079513005 2.139177509493931 2.1345812110365614 2.1299849125791916 2.125388614121814 2.1207923156644446 2.116196017207075 2.111599718749705 2.1070034202923353 2.1024071218349656 2.097810823377596 2.0964836053044302 2.0986511080629993 2.1008186108215687 2.1029861135801378 2.1051536163387072 2.1073211190972763 2.1094886218558493 2.1116561246144183 2.113823627372988 2.115991130131557 2.1181586328901263 2.1203261356486953 2.122493638407265 2.124661141165834 2.1268286439244033 2.1289961466829723
2.225824604007333 2.221172209277793 2.216519814548253 2.211867419818714 2.207215025089174 2.202562630359634 2.1979102356300944 2.1932578409005545 2.188605446171007 2.1839530514414673 2.1793006567119275 2.174648261982388 2.1699958672528483 2.1653434725233085 2.1606910777937687 2.156038683064229 2.1513862883346895 2.1467338936051497 2.14208149887561 2.13742910414607 2.1327767094165306 2.128124314686983 2.123471919957443 2.118819525227903 2.114167130498364 2.109514735768824 2.104862341039284 2.1002099463097443 2.0989074783987074 2.1011861579852895 2.103464837571872 2.105743517158454 2.1080221967450363 2.110300876331619 2.112579555918205 2.114858235504787 2.1171369150913697 2.119415594677952 2.1216942742645344 2.1239729538511165 2.1262516334376986 2.128530313024281 2.1308089926108633 2.133087672197446
2.2297383262880692 2.2250298352863593 2.22032134428465 2.21561285328294 2.2109043622812306 2.2061958712795207 2.2014873802778108 2.1967788892761013 2.1920703982743834 2.187361907272674 2.182653416270964 2.177944925269254 2.1732364342675448 2.168527943265835 2.1638194522641254 2.1591109612624155 2.154402470260706 2.149693979258996 2.1449854882572863 2.140276997255577 2.135568506253867 2.1308600152521495 2.1261515242504396 2.12144303324873 2.1167345422470203 2.1120260512453104 2.107317560243601 2.102609069241891 2.101331351492983 2.103721207907578 2.106111064322173 2.1085009207367684 2.1108907771513636 2.113280633565959 2.1156704899805585 2.1180603463951537 2.120450202809749 2.122840059224344 2.1252299156389394 2.127619772053535 2.1300096284681302 2.1323994848827255 2.1347893412973207 2.137179197711916
2.2336520485688056 2.2288874612949257 2.224122874021046 2.2193582867471666 2.2145936994732867 2.209829112199407 2.2050645249255276 2.2002999376516477 2.19553535037776 2.19077076310388 2.1860061758300007 2.1812415885561207 2.176477001282241 2.1717124140083617 2.1669478267344817 2.162183239460602 2.1574186521867227 2.1526540649128427 2.147889477638963 2.1431248903650832 2.1383603030912037 2.1335957158173158 2.1288311285434363 2.1240665412695567 2.119301953995677 2.1145373667217973 2.1097727794479177 2.105008192174038 2.1037552245872577 2.106256257829866 2.1087572910724743 2.1112583243150826 2.113759357557691 2.1162603908002993 2.1187614240429116 2.12126245728552 2.123763490528128 2.1262645237707365 2.128765557013345 2.131266590255953 2.1337676234985614 2.1362686567411693 2.1387696899837776 2.141270723226386
2.2375657708495424 2.2327450873034924 2.227924403757443 2.2231037202113932 2.2182830366653437 2.213462353119294 2.208641669573244 2.2038209860271945 2.1990003024811364 2.194179618935087 2.1893589353890373 2.1845382518429877 2.179717568296938 2.174896884750888 2.1700762012048385 2.165255517658789 2.1604348341127393 2.1556141505666897 2.15079346702064 2.14597278347459 2.1411520999285405 2.1363314163824825 2.131510732836433 2.1266900492903833 2.1218693657443337 2.117048682198284 2.112227998652234 2.1074073151061845 2.106179097681533 2.1087913077521545 2.1114035178227755 2.114015727893397 2.1166279379640183 2.1192401480346392 2.121852358105265 2.1244645681758865 2.1270767782465074 2.129688988317129 2.1323011983877502 2.134913408458371 2.1375256185289926 2.1401378285996135 2.142750038670235 2.1453622487408563
2.2414794931302784 2.2366027133120587 2.231725933493839 2.2268491536756194 2.2219723738573998 2.21709559403918 2.212218814220961 2.207342034402741 2.202465254584513 2.1975884747662935 2.192711694948074 2.187834915129854 2.1829581353116345 2.178081355493415 2.173204575675195 2.1683277958569755 2.163451016038756 2.1585742362205362 2.1536974564023166 2.148820676584097 2.1439438967658773 2.139067116947649 2.1341903371294295 2.12931355731121 2.12443677749299 2.1195599976747705 2.114683217856551 2.1098064380383312 2.1086029707758085 2.1113263576744425 2.114049744573077 2.116773131471711 2.119496518370345 2.1222199052689796 2.1249432921676186 2.1276666790662526 2.1303900659648867 2.133113452863521 2.135836839762155 2.1385602266607893 2.1412836135594238 2.144007000458058 2.146730387356692 2.1494537742553264
2.2454400203032434 2.240541177754677 2.2356423352061103 2.2307434926575436 2.2258446501089773 2.2209458075604105 2.216046965011844 2.2111481224632774 2.2062492799147027 2.201350437366136 2.196451594817569 2.191552752269003 2.186653909720436 2.1817550671718697 2.176856224623303 2.171957382074736 2.16705853952617 2.162159696977603 2.157260854429037 2.15236201188047 2.1474631693319033 2.1425643267833285 2.1376654842347618 2.1327666416861955 2.1278677991376287 2.1229689565890624 2.1180701140404956 2.113171271491929 2.1119417054824936 2.1146346790412687 2.1173276526000433 2.1200206261588184 2.122713599717593 2.125406573276368 2.1280995468351476 2.130792520393922 2.1334854939526973 2.1361784675114723 2.138871441070247 2.141564414629022 2.1442573881877967 2.1469503617465717 2.1496433353053463 2.1523363088641214
2.2494505789547983 2.2445660533861638 2.2396815278175293 2.234797002248895 2.2299124766802607 2.225027951111626 2.220143425542992 2.2152588999743577 2.210374374405715 2.2054898488370807 2.2006053232684466 2.195720797699812 2.1908362721311776 2.1859517465625435 2.181067220993909 2.1761826954252745 2.1712981698566405 2.166413644288006 2.161529118719372 2.1566445931507374 2.151760067582103 2.1468755420134604 2.141991016444826 2.137106490876192 2.1322219653075574 2.127337439738923 2.122452914170289 2.1175683886016543 2.116258369567737 2.118769578824935 2.1212807880821325 2.1237919973393304 2.126303206596528 2.128814415853726 2.131325625110928 2.1338368343681258 2.1363480436253237 2.138859252882521 2.141370462139719 2.1438816713969167 2.1463928806541146 2.1489040899113125 2.15141529916851 2.153926508425708
