Figures/CREST_Example_wjb_NSE/PETs/wjb.pet.20100623.asc
ncols            288
nrows            254
xllcorner        113.274861
yllcorner        31.4918055
cellsize         0.008333333333
NODATA_value     -9999
[rows 200 to 219 of 254, columns 176 to 219 of 288]
3.1051989223879928 3.105317271650259 3.1054356209125253 3.1055539701747916 3.105672319437058 3.105790668699324 3.105909017961591 3.106027367223857 3.1061457164861235 3.1062640657483898 3.106382415010656 3.1065007642729223 3.1066191135351886 3.106737462797455 3.106855812059721 3.1069741613219874 3.1067802567365 3.1062525457225183 3.105724834708537 3.105197123694554 3.1046694126805727 3.104141701666591 3.1036139906526095 3.1030862796386276 3.102558568624646 3.1020308576106648 3.101503146596683 3.1009754355827015 3.1004477245687196 3.0999200135547382 3.0993923025407564 3.098864591526775 3.098336880512792 3.097809169498811 3.097281458484829 3.0967537474708475 3.0962260364568657 3.0956983254428843 3.0951706144289024 3.094642903414921 3.094115192400939 3.0935874813869577 3.093059770372976 3.0925320593589944
3.113170496893804 3.11316477803568 3.1131590591775566 3.1131533403194327 3.1131476214613087 3.1131419026031852 3.1131361837450613 3.1131304648869373 3.1131247460288134 3.11311902717069 3.113113308312566 3.113107589454442 3.1131018705963185 3.1130961517381945 3.1130904328800706 3.1130847140219466 3.11280952529167 3.1122462671708724 3.1116830090500747 3.111119750929276 3.1105564928084783 3.1099932346876806 3.109429976566883 3.108866718446085 3.1083034603252875 3.1077402022044898 3.107176944083692 3.1066136859628948 3.106050427842097 3.1054871697212993 3.1049239116005016 3.104360653479704 3.1037973953589053 3.1032341372381076 3.10267087911731 3.102107620996512 3.1015443628757144 3.1009811047549167 3.1004178466341195 3.0998545885133217 3.099291330392524 3.0987280722717263 3.0981648141509286 3.097601556030131
3.1211420713996154 3.1210122844211017 3.1208824974425875 3.1207527104640738 3.1206229234855596 3.120493136507046 3.1203633495285317 3.1202335625500175 3.1201037755715038 3.1199739885929896 3.119844201614476 3.1197144146359617 3.119584627657448 3.119454840678934 3.11932505370042 3.1191952667219063 3.1188387938468396 3.118239988619226 3.1176411833916124 3.1170423781639975 3.116443572936384 3.11584476770877 3.1152459624811564 3.114647157253543 3.114048352025929 3.113449546798315 3.1128507415707016 3.1122519363430876 3.111653131115474 3.11105432588786 3.1104555206602464 3.109856715432633 3.109257910205018 3.1086591049774044 3.1080602997497904 3.107461494522177 3.106862689294563 3.106263884066949 3.1056650788393356 3.105066273611722 3.104467468384108 3.1038686631564945 3.103269857928881 3.102671052701267
3.1291136459054267 3.1288597908065228 3.128605935707619 3.1283520806087144 3.1280982255098104 3.1278443704109065 3.127590515312002 3.127336660213098 3.1270828051141937 3.1268289500152897 3.1265750949163857 3.126321239817482 3.1260673847185774 3.1258135296196734 3.1255596745207694 3.1253058194218655 3.1248680624020095 3.1242337100675797 3.1235993577331502 3.122965005398719 3.1223306530642896 3.1216963007298597 3.12106194839543 3.120427596061 3.1197932437265705 3.1191588913921406 3.1185245390577108 3.117890186723281 3.117255834388851 3.1166214820544216 3.1159871297199917 3.115352777385562 3.114718425051131 3.114084072716701 3.1134497203822713 3.112815368047842 3.112181015713412 3.111546663378982 3.1109123110445522 3.1102779587101224 3.109643606375693 3.109009254041263 3.108374901706833 3.1077405493724033
3.1370852204112416 3.1367072971919474 3.136329373972653 3.135951450753359 3.135573527534065 3.1351956043147706 3.1348176810954755 3.1344397578761813 3.134061834656887 3.133683911437593 3.1333059882182988 3.132928064999004 3.13255014177971 3.1321722185604157 3.1317942953411215 3.1314163721218273 3.130897330957182 3.1302274315159364 3.1295575320746902 3.1288876326334436 3.1282177331921974 3.1275478337509517 3.126877934309706 3.12620803486846 3.125538135427214 3.1248682359859683 3.1241983365447226 3.1235284371034764 3.1228585376622306 3.122188638220985 3.121518738779739 3.120848839338493 3.1201789398972464 3.119509040456 3.1188391410147545 3.1181692415735087 3.117499342132263 3.116829442691017 3.116159543249771 3.1154896438085253 3.1148197443672796 3.1141498449260334 3.1134799454847877 3.112810046043542
3.1450567949170534 3.144554803577369 3.1440528122376845 3.143550820898 3.1430488295583157 3.1425468382186312 3.142044846878946 3.1415428555392615 3.1410408641995775 3.140538872859893 3.1400368815202087 3.1395348901805242 3.13903289884084 3.1385309075011554 3.138028916161471 3.1375269248217865 3.136926599512352 3.13622115296429 3.135515706416228 3.134810259868165 3.134104813320103 3.1333993667720414 3.1326939202239794 3.1319884736759174 3.131283027127856 3.1305775805797937 3.1298721340317317 3.1291666874836697 3.128461240935608 3.127755794387546 3.127050347839484 3.1263449012914224 3.125639454743359 3.1249340081952974 3.1242285616472354 3.1235231150991734 3.1228176685511118 3.1221122220030497 3.1214067754549877 3.120701328906926 3.119995882358864 3.119290435810802 3.1185849892627404 3.1178795427146784
3.1530283694228647 3.15240230996279 3.1517762505027154 3.151150191042641 3.1505241315825665 3.149898072122492 3.1492720126624163 3.148645953202342 3.1480198937422674 3.1473938342821928 3.1467677748221186 3.146141715362044 3.1455156559019692 3.144889596441895 3.1442635369818204 3.1436374775217457 3.1429558680675216 3.1422148744126437 3.141473880757766 3.1407328871028866 3.1399918934480087 3.1392508997931308 3.138509906138253 3.137768912483375 3.137027918828497 3.1362869251736187 3.135545931518741 3.134804937863863 3.134063944208985 3.133322950554107 3.1325819568992292 3.1318409632443514 3.131099969589472 3.130358975934594 3.129617982279716 3.128876988624838 3.12813599496996 3.127395001315082 3.1266540076602043 3.1259130140053264 3.1251720203504485 3.12443102669557 3.1236900330406923 3.1229490393858144
3.1609999439286796 3.1602498163482147 3.1594996887677502 3.1587495611872853 3.157999433606821 3.157249306026356 3.1564991784458902 3.1557490508654253 3.154998923284961 3.154248795704496 3.153498668124031 3.1527485405435667 3.151998412963102 3.1512482853826373 3.1504981578021725 3.149748030221708 3.148985136622694 3.1482085958610004 3.1474320550993062 3.146655514337611 3.145878973575917 3.1451024328142227 3.144325892052529 3.143549351290835 3.142772810529141 3.141996269767447 3.1412197290057526 3.140443188244059 3.1396666474823647 3.138890106720671 3.1381135659589767 3.1373370251972825 3.1365604844355874 3.1357839436738932 3.1350074029121995 3.1342308621505053 3.133454321388811 3.1326777806271173 3.131901239865423 3.1311246991037294 3.130348158342035 3.129571617580341 3.128795076818647 3.128018536056953
3.174141132879416 3.173289380826858 3.1724376287743 3.1715858767217417 3.170734124669184 3.169882372616626 3.1690306205640666 3.168178868511508 3.1673271164589503 3.1664753644063923 3.1656236123538344 3.1647718603012764 3.1639201082487185 3.1630683561961606 3.162216604143602 3.1613648520910442 3.160501666193811 3.15962625725791 3.1587508483220095 3.1578754393861073 3.1570000304502064 3.156124621514306 3.155249212578405 3.154373803642504 3.1534983947066038 3.152622985770703 3.151747576834802 3.1508721678989016 3.1499967589630007 3.1491213500271003 3.1482459410911994 3.1473705321552985 3.1464951232193963 3.145619714283496 3.144744305347595 3.143868896411694 3.1429934874757937 3.142118078539893 3.1412426696039923 3.1403672606680915 3.1394918517321906 3.13861644279629 3.1377410338603893 3.1368656249244884
3.1928083138429044 3.1918789281637108 3.1909495424845176 3.190020156805324 3.1890907711261307 3.188161385446937 3.187231999767742 3.186302614088549 3.185373228409355 3.184443842730162 3.1835144570509684 3.182585071371775 3.1816556856925815 3.1807263000133883 3.1797969143341946 3.1788675286550014 3.177883731941571 3.176841768601404 3.1757998052612364 3.1747578419210676 3.1737158785809005 3.172673915240733 3.171631951900566 3.170589988560399 3.1695480252202315 3.1685060618800645 3.1674640985398974 3.1664221351997304 3.165380171859563 3.164338208519396 3.163296245179229 3.1622542818390613 3.1612123184988925 3.1601703551587255 3.159128391818558 3.158086428478391 3.157044465138224 3.1560025017980564 3.1549605384578894 3.1539185751177223 3.1528766117775553 3.151834648437388 3.1507926850972208 3.1497507217570537
3.2114754948064004 3.2104684755005715 3.2094614561947425 3.2084544368889136 3.207447417583085 3.2064403982772562 3.2054333789714256 3.2044263596655966 3.2034193403597677 3.202412321053939 3.20140530174811 3.200398282442281 3.1993912631364525 3.1983842438306236 3.1973772245247947 3.1963702052189658 3.195265797689338 3.1940572799449045 3.1928487622004704 3.191640244456035 3.1904317267116014 3.1892232089671673 3.1880146912227336 3.1868061734783 3.1855976557338663 3.1843891379894327 3.183180620244999 3.1819721025005654 3.1807635847561317 3.1795550670116977 3.178346549267264 3.1771380315228304 3.1759295137783945 3.174720996033961 3.173512478289527 3.1723039605450936 3.17109544280066 3.1698869250562263 3.1686784073117926 3.167469889567359 3.166261371822925 3.1650528540784912 3.1638443363340576 3.162635818589624
3.230142675769889 3.2290580228374246 3.2279733699049604 3.226888716972496 3.2258040640400316 3.2247194111075674 3.2236347581751015 3.222550105242637 3.2214654523101727 3.2203807993777085 3.2192961464452443 3.2182114935127797 3.2171268405803155 3.2160421876478513 3.214957534715387 3.213872881782923 3.2126478634370983 3.211272791288398 3.209897719139698 3.2085226469909953 3.207147574842295 3.205772502693595 3.2043974305448946 3.2030223583961948 3.2016472862474945 3.2002722140987943 3.198897141950094 3.1975220698013938 3.196146997652694 3.1947719255039937 3.1933968533552934 3.192021781206593 3.1906467090578907 3.1892716369091905 3.1878965647604907 3.1865214926117904 3.18514642046309 3.18377134831439 3.1823962761656897 3.18102120401699 3.1796461318682896 3.1782710597195893 3.176895987570889 3.175520915422189
3.2488098567333767 3.2476475701742773 3.2464852836151774 3.245322997056078 3.244160710496978 3.2429984239378786 3.241836137378777 3.240673850819677 3.239511564260577 3.2383492777014777 3.237186991142378 3.2360247045832784 3.2348624180241785 3.233700131465079 3.232537844905979 3.2313755583468793 3.2300299291848575 3.228488302631891 3.2269466760789247 3.225405049525955 3.223863422972989 3.222321796420022 3.2207801698670555 3.2192385433140887 3.2176969167611222 3.2161552902081554 3.214613663655189 3.2130720371022226 3.2115304105492557 3.2099887839962893 3.2084471574433224 3.206905530890356 3.2053639043373865 3.20382227778442 3.2022806512314532 3.200739024678487 3.1991973981255204 3.1976557715725535 3.196114145019587 3.1945725184666203 3.193030891913654 3.191489265360687 3.1899476388077206 3.1884060122547537
3.267477037696873 3.266237117511138 3.264997197325403 3.2637572771396677 3.2625173569539325 3.261277436768198 3.2600375165824604 3.2587975963967253 3.25755767621099 3.256317756025255 3.25507783583952 3.2538379156537847 3.2525979954680495 3.2513580752823144 3.250118155096579 3.248878234910844 3.2474119949326252 3.245703813975392 3.243995633018159 3.242287452060923 3.2405792711036896 3.2388710901464566 3.2371629091892236 3.23545472823199 3.233746547274757 3.232038366317524 3.2303301853602906 3.2286220044030576 3.2269138234458246 3.225205642488591 3.223497461531358 3.221789280574125 3.220081099616889 3.2183729186596555 3.2166647377024224 3.2149565567451894 3.213248375787956 3.211540194830723 3.20983201387349 3.2081238329162565 3.2064156519590234 3.2047074710017904 3.202999290044557 3.201291109087324
3.2861442186603615 3.2848266648479907 3.2835091110356203 3.28219155722325 3.280874003410879 3.2795564495985086 3.278238895786136 3.276921341973765 3.2756037881613946 3.274286234349024 3.272968680536654 3.271651126724283 3.2703335729119125 3.269016019099542 3.2676984652871712 3.266380911474801 3.264794060680385 3.2629193253188853 3.2610445899573857 3.259169854595883 3.2572951192343833 3.2554203838728837 3.253545648511384 3.2516709131498844 3.249796177788385 3.247921442426885 3.2460467070653856 3.244171971703886 3.2422972363423863 3.2404225009808867 3.238547765619387 3.2366730302578874 3.2347982948963847 3.232923559534885 3.2310488241733855 3.229174088811886 3.227299353450386 3.2254246180888866 3.223549882727387 3.2216751473658873 3.2198004120043877 3.217925676642888 3.2160509412813885 3.214176205919889
3.3048113996238495 3.303416212184844 3.3020210247458377 3.300625837306832 3.299230649867826 3.2978354624288198 3.2964402749898114 3.2950450875508057 3.2936499001117996 3.292254712672794 3.2908595252337878 3.2894643377947816 3.288069150355776 3.28667396291677 3.2852787754777637 3.283883588038758 3.282176126428145 3.280134836662379 3.278093546896613 3.2760522571308432 3.274010967365077 3.2719696775993112 3.269928387833545 3.2678870980677788 3.265845808302013 3.2638045185362468 3.2617632287704805 3.2597219390047147 3.2576806492389485 3.2556393594731823 3.2535980697074165 3.2515567799416503 3.249515490175881 3.2474742004101147 3.2454329106443485 3.2433916208785827 3.2413503311128165 3.23930904134705 3.2372677515812844 3.235226461815518 3.233185172049752 3.231143882283986 3.22910259251822 3.2270613027524537
3.323478580587338 3.3220057595216965 3.320532938456055 3.319060117390414 3.317587296324773 3.3161144752591314 3.3146416541934873 3.313168833127846 3.3116960120622045 3.310223190996563 3.3087503699309218 3.3072775488652804 3.305804727799639 3.3043319067339976 3.3028590856683566 3.3013862646027152 3.299558192175905 3.2973503480058723 3.29514250383584 3.2929346596658036 3.290726815495771 3.288518971325739 3.286311127155706 3.2841032829856736 3.2818954388156407 3.2796875946456083 3.277479750475576 3.275271906305543 3.2730640621355107 3.2708562179654783 3.2686483737954455 3.266440529625413 3.2642326854553767 3.2620248412853443 3.259816997115312 3.257609152945279 3.2554013087752467 3.253193464605214 3.2509856204351815 3.248777776265149 3.2465699320951162 3.244362087925084 3.2421542437550515 3.2399463995850186
3.3421457615508343 3.340595306858557 3.3390448521662806 3.337494397474004 3.335943942781727 3.33439348808945 3.332843033397171 3.3312925787048937 3.329742124012617 3.3281916693203404 3.3266412146280633 3.3250907599357866 3.32354030524351 3.321989850551233 3.320439395858956 3.318888941166679 3.3169402579236724 3.314565859349373 3.312191460775074 3.309817062200771 3.307442663626472 3.305068265052173 3.3026938664778736 3.3003194679035746 3.2979450693292756 3.2955706707549766 3.2931962721806776 3.2908218736063786 3.288447475032079 3.28607307645778 3.283698677883481 3.281324279309182 3.278949880734879 3.27657548216058 3.2742010835862807 3.2718266850119817 3.2694522864376827 3.2670778878633837 3.2647034892890847 3.2623290907147857 3.2599546921404863 3.2575802935661873 3.2552058949918883 3.2528314964175893
3.3608129425143227 3.3591848541954104 3.357556765876498 3.355928677557586 3.3543005892386737 3.3526725009197613 3.3510444126008463 3.3494163242819344 3.347788235963022 3.3461601476441096 3.3445320593251977 3.3429039710062853 3.341275882687373 3.339647794368461 3.3380197060495487 3.3363916177306363 3.334322323671432 3.331781370692867 3.3292404177143013 3.3266994647357313 3.3241585117571657 3.3216175587786 3.319076605800035 3.3165356528214693 3.3139946998429037 3.311453746864338 3.3089127938857725 3.306371840907207 3.3038308879286413 3.301289934950076 3.2987489819715106 3.296208028992945 3.293667076014375 3.2911261230358093 3.288585170057244 3.2860442170786786 3.283503264100113 3.2809623111215473 3.2784213581429817 3.275880405164416 3.273339452185851 3.2707984992072854 3.26825754622872 3.265716593250154
3.3794801234778107 3.377774401532263 3.3760686795867154 3.374362957641168 3.37265723569562 3.3709515137500725 3.369245791804522 3.3675400698589746 3.3658343479134265 3.364128625967879 3.3624229040223312 3.3607171820767836 3.359011460131236 3.3573057381856883 3.3556000162401407 3.353894294294593 3.351704389419192 3.34899688203636 3.346289374653528 3.343581867270691 3.3408743598878594 3.338166852505027 3.3354593451221954 3.3327518377393632 3.3300443303565315 3.3273368229736993 3.3246293155908675 3.3219218082080353 3.3192143008252035 3.3165067934423713 3.313799286059539 3.3110917786767073 3.3083842712938707 3.3056767639110385 3.3029692565282067 3.3002617491453745 3.2975542417625427 3.2948467343797105 3.2921392269968788 3.2894317196140466 3.286724212231215 3.2840167048483826 3.281309197465551 3.2786016900827186
