Figures/CREST_Example_wjb_NSE/PETs/wjb.pet.20100927.asc
ncols            288
nrows            254
xllcorner        113.274861
yllcorner        31.4918055
cellsize         0.008333333333
NODATA_value     -9999
[rows 160 to 179 of 254, columns 176 to 219 of 288]
0.8972690108344302 0.896955439185072 0.8966418675357137 0.8963282958863554 0.8960147242369971 0.8957011525876389 0.8953875809382801 0.8950740092889218 0.8947604376395636 0.8944468659902053 0.894133294340847 0.8938197226914888 0.8935061510421305 0.8931925793927722 0.8928790077434139 0.8925654360940557 0.89233564737885 0.892195424515977 0.892055201653104 0.8919149787902309 0.8917747559273579 0.891634533064485 0.8914943102016121 0.8913540873387391 0.8912138644758661 0.8910736416129932 0.8909334187501202 0.8907931958872473 0.8906529730243743 0.8905127501615014 0.8903725272986285 0.8902323044357555 0.8900920815728823 0.8899518587100094 0.8898116358471364 0.8896714129842634 0.8895311901213905 0.8893909672585175 0.8892507443956446 0.8891105215327717 0.8889702986698987 0.8888300758070258 0.8886898529441528 0.8885496300812799
0.8920141900383813 0.8916361799741037 0.8912581699098262 0.8908801598455487 0.8905021497812711 0.8901241397169936 0.8897461296527154 0.8893681195884379 0.8889901095241602 0.8886120994598827 0.8882340893956052 0.8878560793313276 0.8874780692670501 0.8871000592027726 0.886722049138495 0.8863440390742174 0.886068083072489 0.8859012251727628 0.8857343672730366 0.8855675093733101 0.8854006514735838 0.8852337935738577 0.8850669356741314 0.8849000777744053 0.884733219874679 0.8845663619749528 0.8843995040752266 0.8842326461755003 0.8840657882757742 0.8838989303760479 0.8837320724763217 0.8835652145765955 0.8833983566768691 0.8832314987771428 0.8830646408774167 0.8828977829776904 0.8827309250779641 0.882564067178238 0.8823972092785117 0.8822303513787856 0.8820634934790593 0.8818966355793331 0.8817297776796069 0.8815629197798807
0.8867593692423323 0.8863169207631355 0.8858744722839388 0.885432023804742 0.8849895753255451 0.8845471268463483 0.8841046783671507 0.8836622298879538 0.883219781408757 0.8827773329295602 0.8823348844503633 0.8818924359711665 0.8814499874919697 0.8810075390127728 0.880565090533576 0.8801226420543793 0.879800518766128 0.8796070258295485 0.8794135328929691 0.8792200399563892 0.8790265470198098 0.8788330540832303 0.8786395611466508 0.8784460682100713 0.8782525752734919 0.8780590823369123 0.8778655894003329 0.8776720964637534 0.8774786035271739 0.8772851105905944 0.877091617654015 0.8768981247174354 0.8767046317808557 0.8765111388442762 0.8763176459076967 0.8761241529711172 0.8759306600345378 0.8757371670979583 0.8755436741613788 0.8753501812247994 0.8751566882882199 0.8749631953516404 0.8747697024150609 0.8745762094784815
0.881504548446279 0.8809976615521629 0.8804907746580467 0.8799838877639306 0.8794770008698144 0.8789701139756982 0.8784632270815812 0.877956340187465 0.8774494532933489 0.8769425663992327 0.8764356795051166 0.8759287926110003 0.8754219057168842 0.874915018822768 0.8744081319286519 0.8739012450345357 0.8735329544597616 0.8733128264863289 0.8730926985128962 0.872872570539463 0.8726524425660303 0.8724323145925975 0.8722121866191647 0.8719920586457319 0.8717719306722992 0.8715518026988665 0.8713316747254337 0.8711115467520009 0.8708914187785681 0.8706712908051354 0.8704511628317027 0.8702310348582698 0.8700109068848367 0.869790778911404 0.8695706509379711 0.8693505229645384 0.8691303949911057 0.8689102670176729 0.8686901390442401 0.8684700110708073 0.8682498830973746 0.8680297551239419 0.8678096271505091 0.8675894991770763
0.87624972765023 0.8756784023411947 0.8751070770321592 0.8745357517231237 0.8739644264140883 0.8733931011050529 0.8728217757960165 0.872250450486981 0.8716791251779455 0.8711077998689102 0.8705364745598747 0.8699651492508392 0.8693938239418039 0.8688224986327684 0.8682511733237329 0.8676798480146976 0.8672653901534007 0.8670186271431146 0.8667718641328286 0.8665251011225422 0.8662783381122562 0.8660315751019702 0.8657848120916841 0.8655380490813981 0.865291286071112 0.865044523060826 0.86479776005054 0.864550997040254 0.8643042340299679 0.8640574710196819 0.8638107080093959 0.8635639449991099 0.8633171819888235 0.8630704189785374 0.8628236559682514 0.8625768929579654 0.8623301299476793 0.8620833669373933 0.8618366039271073 0.8615898409168212 0.8613430779065352 0.8610963148962492 0.8608495518859631 0.8606027888756771
0.8709949068541811 0.8703591431302264 0.8697233794062716 0.869087615682317 0.8684518519583623 0.8678160882344076 0.8671803245104518 0.866544560786497 0.8659087970625423 0.8652730333385876 0.8646372696146329 0.8640015058906781 0.8633657421667235 0.8627299784427688 0.862094214718814 0.8614584509948593 0.8609978258470397 0.8607244277999004 0.8604510297527611 0.8601776317056213 0.859904233658482 0.8596308356113428 0.8593574375642035 0.8590840395170641 0.8588106414699249 0.8585372434227856 0.8582638453756463 0.857990447328507 0.8577170492813677 0.8574436512342284 0.8571702531870892 0.8568968551399498 0.8566234570928101 0.8563500590456709 0.8560766609985315 0.8558032629513922 0.855529864904253 0.8552564668571137 0.8549830688099743 0.854709670762835 0.8544362727156958 0.8541628746685564 0.8538894766214171 0.8536160785742779
0.8657400860581321 0.8650398839192581 0.8643396817803841 0.8636394796415101 0.8629392775026361 0.8622390753637621 0.861538873224887 0.860838671086013 0.860138468947139 0.859438266808265 0.858738064669391 0.858037862530517 0.8573376603916429 0.856637458252769 0.855937256113895 0.855237053975021 0.8547302615406785 0.854430228456686 0.8541301953726935 0.8538301622887005 0.8535301292047078 0.8532300961207153 0.8529300630367228 0.8526300299527302 0.8523299968687377 0.8520299637847452 0.8517299307007525 0.85142989761676 0.8511298645327675 0.8508298314487749 0.8505297983647824 0.8502297652807899 0.8499297321967968 0.8496296991128042 0.8493296660288117 0.8490296329448191 0.8487295998608265 0.848429566776834 0.8481295336928415 0.8478295006088489 0.8475294675248564 0.8472294344408638 0.8469294013568712 0.8466293682728787
0.8604852652620832 0.8597206247082899 0.8589559841544967 0.8581913436007034 0.85742670304691 0.8566620624931168 0.8558974219393223 0.855132781385529 0.8543681408317357 0.8536035002779424 0.8528388597241492 0.8520742191703559 0.8513095786165626 0.8505449380627693 0.8497802975089761 0.8490156569551828 0.8484626972343177 0.8481360291134717 0.8478093609926259 0.8474826928717796 0.8471560247509338 0.846829356630088 0.8465026885092422 0.8461760203883963 0.8458493522675505 0.8455226841467047 0.8451960160258589 0.8448693479050131 0.8445426797841673 0.8442160116633214 0.8438893435424756 0.8435626754216298 0.8432360073007834 0.8429093391799376 0.8425826710590918 0.842256002938246 0.8419293348174002 0.8416026666965544 0.8412759985757086 0.8409493304548628 0.8406226623340168 0.840295994213171 0.8399693260923252 0.8396426579714794
0.8552304444660342 0.8544013654973217 0.8535722865286092 0.8527432075598966 0.8519141285911841 0.8510850496224716 0.8502559706537576 0.849426891685045 0.8485978127163324 0.8477687337476199 0.8469396547789073 0.8461105758101948 0.8452814968414822 0.8444524178727697 0.8436233389040572 0.8427942599353446 0.8421951329279567 0.8418418297702576 0.8414885266125585 0.8411352234548588 0.8407819202971597 0.8404286171394606 0.8400753139817615 0.8397220108240625 0.8393687076663634 0.8390154045086643 0.8386621013509652 0.8383087981932662 0.8379554950355671 0.837602191877868 0.8372488887201689 0.8368955855624698 0.8365422824047701 0.836188979247071 0.835835676089372 0.8354823729316729 0.8351290697739738 0.8347757666162747 0.8344224634585756 0.8340691603008766 0.8337158571431775 0.8333625539854784 0.8330092508277793 0.8326559476700802
0.8499756236699854 0.8490821062863535 0.8481885889027216 0.8472950715190899 0.846401554135458 0.8455080367518262 0.8446145193681929 0.843721001984561 0.8428274846009292 0.8419339672172973 0.8410404498336655 0.8401469324500337 0.8392534150664018 0.8383598976827701 0.8374663802991382 0.8365728629155064 0.8359275686215957 0.8355476304270433 0.835167692232491 0.8347877540379379 0.8344078158433856 0.8340278776488332 0.833647939454281 0.8332680012597286 0.8328880630651763 0.8325081248706239 0.8321281866760716 0.8317482484815192 0.8313683102869668 0.8309883720924145 0.8306084338978621 0.8302284957033098 0.8298485575087569 0.8294686193142045 0.8290886811196521 0.8287087429250998 0.8283288047305474 0.8279488665359951 0.8275689283414427 0.8271889901468904 0.826809051952338 0.8264291137577857 0.8260491755632333 0.825669237368681
0.8447208028739319 0.8437628470753807 0.8428048912768296 0.8418469354782785 0.8408889796797273 0.8399310238811761 0.8389730680826233 0.8380151122840722 0.837057156485521 0.8360992006869699 0.8351412448884187 0.8341832890898675 0.8332253332913163 0.8322673774927652 0.8313094216942141 0.8303514658956629 0.8296600043152293 0.8292534310838237 0.8288468578524181 0.8284402846210117 0.8280337113896061 0.8276271381582004 0.8272205649267949 0.8268139916953892 0.8264074184639836 0.826000845232578 0.8255942720011723 0.8251876987697667 0.824781125538361 0.8243745523069554 0.8239679790755498 0.8235614058441442 0.8231548326127378 0.8227482593813322 0.8223416861499265 0.821935112918521 0.8215285396871153 0.8211219664557097 0.8207153932243041 0.8203088199928984 0.8199022467614928 0.8194956735300871 0.8190891002986815 0.8186825270672758
0.839465982077883 0.8384435878644125 0.8374211936509421 0.8363987994374716 0.8353764052240013 0.8343540110105307 0.8333316167970586 0.8323092225835882 0.8312868283701177 0.8302644341566473 0.8292420399431769 0.8282196457297064 0.827197251516236 0.8261748573027655 0.8251524630892951 0.8241300688758246 0.8233924400088684 0.8229592317406095 0.8225260234723505 0.8220928152040909 0.821659606935832 0.8212263986675731 0.8207931903993142 0.8203599821310553 0.8199267738627964 0.8194935655945376 0.8190603573262786 0.8186271490580197 0.8181939407897608 0.8177607325215019 0.8173275242532431 0.8168943159849841 0.8164611077167245 0.8160278994484655 0.8155946911802067 0.8151614829119478 0.8147282746436889 0.81429506637543 0.8138618581071712 0.8134286498389122 0.8129954415706533 0.8125622333023944 0.8121290250341355 0.8116958167658767
0.834211161281834 0.8331243286534443 0.8320374960250546 0.8309506633966649 0.8298638307682752 0.8287769981398855 0.8276901655114939 0.8266033328831042 0.8255165002547145 0.8244296676263247 0.823342834997935 0.8222560023695453 0.8211691697411556 0.8200823371127659 0.8189955044843762 0.8179086718559865 0.8171248757025074 0.8166650323973952 0.816205189092283 0.8157453457871701 0.8152855024820579 0.8148256591769457 0.8143658158718335 0.8139059725667215 0.8134461292616093 0.8129862859564971 0.812526442651385 0.8120665993462728 0.8116067560411606 0.8111469127360484 0.8106870694309363 0.8102272261258242 0.8097673828207113 0.8093075395155991 0.8088476962104869 0.8083878529053747 0.8079280096002626 0.8074681662951504 0.8070083229900382 0.806548479684926 0.806088636379814 0.8056287930747018 0.8051689497695896 0.8047091064644775
0.8289563404857851 0.8278050694424761 0.8266537983991671 0.8255025273558582 0.8243512563125491 0.8231999852692401 0.8220487142259292 0.8208974431826201 0.8197461721393112 0.8185949010960022 0.8174436300526933 0.8162923590093842 0.8151410879660752 0.8139898169227663 0.8128385458794573 0.8116872748361482 0.8108573113961464 0.8103708330541809 0.8098843547122155 0.8093978763702493 0.8089113980282838 0.8084249196863184 0.807938441344353 0.8074519630023875 0.8069654846604221 0.8064790063184567 0.8059925279764912 0.8055060496345259 0.8050195712925604 0.8045330929505949 0.8040466146086296 0.8035601362666641 0.8030736579246979 0.8025871795827324 0.802100701240767 0.8016142228988016 0.8011277445568362 0.8006412662148708 0.8001547878729053 0.7996683095309399 0.7991818311889745 0.798695352847009 0.7982088745050436 0.7977223961630782
0.8237015196897362 0.8224858102315079 0.8212701007732797 0.8200543913150513 0.8188386818568231 0.8176229723985948 0.8164072629403645 0.8151915534821362 0.813975844023908 0.8127601345656796 0.8115444251074514 0.8103287156492232 0.8091130061909949 0.8078972967327666 0.8066815872745383 0.8054658778163101 0.8045897470897854 0.8040766337109667 0.803563520332148 0.8030504069533284 0.8025372935745098 0.802024180195691 0.8015110668168723 0.8009979534380537 0.8004848400592349 0.7999717266804163 0.7994586133015976 0.798945499922779 0.7984323865439602 0.7979192731651416 0.7974061597863229 0.7968930464075041 0.7963799330286846 0.7958668196498659 0.7953537062710472 0.7948405928922285 0.7943274795134099 0.7938143661345911 0.7933012527557725 0.7927881393769538 0.792275025998135 0.7917619126193164 0.7912487992404977 0.790735685861679
0.8184466988936873 0.8171665510205397 0.8158864031473922 0.8146062552742447 0.8133261074010971 0.8120459595279496 0.8107658116547998 0.8094856637816522 0.8082055159085048 0.8069253680353572 0.8056452201622096 0.8043650722890621 0.8030849244159145 0.8018047765427669 0.8005246286696194 0.7992444807964718 0.7983221827834244 0.7977824343677524 0.7972426859520805 0.7967029375364076 0.7961631891207356 0.7956234407050636 0.7950836922893917 0.7945439438737197 0.7940041954580478 0.7934644470423758 0.7929246986267039 0.792384950211032 0.79184520179536 0.791305453379688 0.7907657049640161 0.7902259565483442 0.7896862081326712 0.7891464597169993 0.7886067113013273 0.7880669628856554 0.7875272144699834 0.7869874660543115 0.7864477176386395 0.7859079692229676 0.7853682208072956 0.7848284723916237 0.7842887239759517 0.7837489755602798
0.8131918780976338 0.8118472918095669 0.8105027055215 0.8091581192334332 0.8078135329453663 0.8064689466572994 0.8051243603692303 0.8037797740811634 0.8024351877930965 0.8010906015050296 0.7997460152169628 0.7984014289288959 0.797056842640829 0.7957122563527621 0.7943676700646952 0.7930230837766283 0.792054618477058 0.7914882350245328 0.7909218515720076 0.7903554681194813 0.7897890846669561 0.7892227012144308 0.7886563177619056 0.7880899343093805 0.7875235508568552 0.78695716740433 0.7863907839518047 0.7858244004992795 0.7852580170467542 0.784691633594229 0.7841252501417038 0.7835588666891785 0.7829924832366523 0.782426099784127 0.7818597163316018 0.7812933328790765 0.7807269494265513 0.780160565974026 0.7795941825215008 0.7790277990689756 0.7784614156164503 0.7778950321639251 0.7773286487113998 0.7767622652588746
0.8079370573015849 0.8065280325985988 0.8051190078956126 0.8037099831926264 0.8023009584896403 0.8008919337866541 0.7994829090836656 0.7980738843806794 0.7966648596776933 0.7952558349747071 0.7938468102717209 0.7924377855687348 0.7910287608657486 0.7896197361627625 0.7882107114597763 0.7868016867567902 0.785787054170697 0.7851940356813185 0.7846010171919401 0.7840079987025605 0.783414980213182 0.7828219617238035 0.782228943234425 0.7816359247450465 0.781042906255668 0.7804498877662895 0.779856869276911 0.7792638507875325 0.7786708322981539 0.7780778138087755 0.777484795319397 0.7768917768300184 0.776298758340639 0.7757057398512605 0.7751127213618819 0.7745197028725034 0.773926684383125 0.7733336658937464 0.7727406474043679 0.7721476289149894 0.7715546104256109 0.7709615919362324 0.7703685734468538 0.7697755549574754
0.8054207467556285 0.8039581696878584 0.8024955926200883 0.8010330155523182 0.7995704384845481 0.7981078614167781 0.7966452843490055 0.7951827072812354 0.7937201302134653 0.7922575531456953 0.7907949760779253 0.7893323990101552 0.7878698219423851 0.786407244874615 0.7849446678068449 0.7834820907390749 0.7824235478900744 0.7817969267628624 0.7811703056356505 0.7805436845084375 0.7799170633812255 0.7792904422540136 0.7786638211268017 0.7780371999995896 0.7774105788723777 0.7767839577451657 0.7761573366179538 0.7755307154907418 0.7749040943635299 0.774277473236318 0.773650852109106 0.7730242309818941 0.7723976098546811 0.7717709887274691 0.7711443676002572 0.7705177464730452 0.7698911253458333 0.7692645042186212 0.7686378830914093 0.7680112619641974 0.7673846408369854 0.7667580197097735 0.7661313985825615 0.7655047774553496
0.8058317310509694 0.8043272381198315 0.8028227451886937 0.8013182522575559 0.7998137593264181 0.7983092663952802 0.7968047734641399 0.7953002805330021 0.7937957876018642 0.7922912946707265 0.7907868017395886 0.7892823088084507 0.787777815877313 0.7862733229461751 0.7847688300150373 0.7832643370838995 0.7821642965879697 0.7814966248966642 0.7808289532053585 0.7801612815140517 0.7794936098227462 0.7788259381314405 0.778158266440135 0.7774905947488293 0.7768229230575237 0.7761552513662181 0.7754875796749124 0.7748199079836069 0.7741522362923012 0.7734845646009957 0.77281689290969 0.7721492212183845 0.7714815495270777 0.770813877835772 0.7701462061444665 0.7694785344531608 0.7688108627618553 0.7681431910705496 0.767475519379244 0.7668078476879384 0.7661401759966328 0.7654725043053272 0.7648048326140215 0.764137160922716
