Figures/CREST_Example_wjb_NSE/PETs/wjb.pet.20090308.asc
ncols            288
nrows            254
xllcorner        113.274861
yllcorner        31.4918055
cellsize         0.008333333333
NODATA_value     -9999
[rows 180 to 199 of 254, columns 132 to 175 of 288]
1.1370180951530013 1.1368431673260255 1.1366682394990495 1.1364933116720735 1.1363183838450974 1.1361434560181214 1.1359685281911454 1.1357936003641695 1.1356186725371935 1.1354437447102175 1.1352688168832414 1.1350938890562652 1.1349189612292891 1.1347440334023131 1.1345691055753373 1.1343941777483613 1.1342192499213852 1.1340443220944092 1.1338693942674332 1.1336944664404573 1.1335195386134813 1.1333446107865053 1.1331696829595292 1.1329947551325532 1.132819827305577 1.132644899478601 1.1324699716516249 1.132295043824649 1.132120115997673 1.131945188170697 1.1320674163020858 1.1325073108750707 1.1329472054480556 1.1333871000210405 1.1338269945940254 1.1342668891670102 1.1347067837399951 1.1351466783129809 1.1355865728859658 1.1360264674589506 1.1364663620319355 1.1369062566049204 1.1373461511779053 1.1377860457508902
1.13423891943473 1.134079004492431 1.1339190895501319 1.1337591746078328 1.1335992596655338 1.1334393447232345 1.1332794297809354 1.1331195148386364 1.1329595998963373 1.132799684954038 1.132639770011739 1.1324798550694397 1.1323199401271404 1.1321600251848414 1.1320001102425423 1.1318401953002433 1.1316802803579442 1.131520365415645 1.1313604504733459 1.1312005355310468 1.1310406205887478 1.1308807056464485 1.1307207907041494 1.1305608757618504 1.1304009608195509 1.1302410458772518 1.1300811309349528 1.1299212159926537 1.1297613010503547 1.1296013861080554 1.129743785077719 1.1302093644580553 1.1306749438383916 1.131140523218728 1.1316061025990645 1.1320716819794008 1.132537261359737 1.1330028407400743 1.1334684201204106 1.133933999500747 1.1343995788810832 1.1348651582614195 1.1353307376417558 1.1357963170220924
1.1314597437164589 1.1313148416588366 1.1311699396012143 1.131025037543592 1.1308801354859699 1.1307352334283476 1.1305903313707253 1.1304454293131032 1.130300527255481 1.1301556251978586 1.1300107231402365 1.129865821082614 1.1297209190249917 1.1295760169673696 1.1294311149097473 1.129286212852125 1.129141310794503 1.1289964087368807 1.1288515066792584 1.1287066046216363 1.128561702564014 1.1284168005063917 1.1282718984487694 1.1281269963911473 1.1279820943335248 1.1278371922759025 1.1276922902182804 1.1275473881606581 1.1274024861030358 1.1272575840454138 1.127420153853352 1.12791141804104 1.1284026822287276 1.1288939464164154 1.1293852106041031 1.129876474791791 1.1303677389794788 1.1308590031671675 1.1313502673548552 1.131841531542543 1.132332795730231 1.1328240599179187 1.1333153241056064 1.1338065882932942
1.128680567998185 1.1285506788252397 1.1284207896522944 1.128290900479349 1.1281610113064038 1.1280311221334582 1.127901232960513 1.1277713437875676 1.1276414546146223 1.127511565441677 1.1273816762687316 1.127251787095786 1.1271218979228408 1.1269920087498955 1.1268621195769501 1.1267322304040048 1.1266023412310595 1.1264724520581142 1.1263425628851689 1.1262126737122236 1.1260827845392782 1.125952895366333 1.1258230061933876 1.1256931170204423 1.1255632278474967 1.1254333386745514 1.125303449501606 1.1251735603286608 1.1250436711557155 1.1249137819827701 1.1250965226289833 1.1256134716240225 1.1261304206190619 1.126647369614101 1.1271643186091405 1.1276812676041796 1.1281982165992188 1.128715165594259 1.1292321145892983 1.1297490635843377 1.1302660125793769 1.130782961574416 1.1312999105694554 1.1318168595644946
1.125901392279914 1.1257865159916454 1.125671639703377 1.1255567634151085 1.1254418871268401 1.1253270108385716 1.1252121345503032 1.1250972582620347 1.1249823819737663 1.1248675056854978 1.1247526293972294 1.1246377531089606 1.1245228768206923 1.1244080005324237 1.1242931242441554 1.1241782479558868 1.1240633716676185 1.12394849537935 1.1238336190910816 1.123718742802813 1.1236038665145447 1.1234889902262761 1.1233741139380078 1.1232592376497392 1.1231443613614707 1.123029485073202 1.1229146087849338 1.1227997324966652 1.1226848562083969 1.1225699799201283 1.1227728914046162 1.123315525207007 1.1238581590093977 1.1244007928117885 1.1249434266141791 1.12548606041657 1.1260286942189606 1.1265713280213523 1.1271139618237431 1.1276565956261337 1.1281992294285246 1.1287418632309152 1.1292844970333058 1.1298271308356966
1.1231222165616426 1.123022353158051 1.1229224897544594 1.1228226263508678 1.1227227629472762 1.1226228995436847 1.122523036140093 1.1224231727365015 1.12232330933291 1.1222234459293183 1.122123582525727 1.1220237191221352 1.1219238557185436 1.121823992314952 1.1217241289113604 1.1216242655077688 1.1215244021041773 1.1214245387005857 1.121324675296994 1.1212248118934027 1.1211249484898111 1.1210250850862196 1.120925221682628 1.1208253582790364 1.1207254948754446 1.120625631471853 1.1205257680682614 1.1204259046646698 1.1203260412610783 1.120226177857487 1.1204492601802496 1.1210175787899916 1.121585897399734 1.122154216009476 1.1227225346192182 1.1232908532289605 1.1238591718387025 1.1244274904484457 1.124995809058188 1.12556412766793 1.1261324462776723 1.1267007648874143 1.1272690834971566 1.1278374021068986
1.1203430408433712 1.1202581903244564 1.1201733398055418 1.1200884892866272 1.1200036387677124 1.1199187882487978 1.1198339377298832 1.1197490872109683 1.1196642366920537 1.1195793861731391 1.1194945356542243 1.1194096851353095 1.1193248346163949 1.1192399840974803 1.1191551335785657 1.1190702830596508 1.1189854325407362 1.1189005820218216 1.1188157315029068 1.1187308809839922 1.1186460304650776 1.1185611799461628 1.1184763294272482 1.1183914789083336 1.1183066283894187 1.118221777870504 1.1181369273515893 1.1180520768326747 1.1179672263137599 1.1178823757948453 1.1181256289558827 1.1187196323729764 1.11931363579007 1.1199076392071636 1.1205016426242573 1.1210956460413508 1.1216896494584445 1.122283652875539 1.1228776562926328 1.1234716597097263 1.12406566312682 1.1246596665439137 1.1252536699610072 1.1258476733781009
1.1175638651250999 1.117494027490862 1.1174241898566242 1.1173543522223865 1.1172845145881487 1.1172146769539109 1.117144839319673 1.1170750016854352 1.1170051640511975 1.1169353264169597 1.1168654887827218 1.116795651148484 1.1167258135142462 1.1166559758800083 1.1165861382457705 1.1165163006115328 1.116446462977295 1.1163766253430571 1.1163067877088193 1.1162369500745817 1.1161671124403438 1.116097274806106 1.1160274371718681 1.1159575995376303 1.1158877619033924 1.1158179242691546 1.115748086634917 1.1156782490006791 1.1156084113664413 1.1155385737322034 1.115801997731516 1.1164216859559608 1.117041374180406 1.117661062404851 1.1182807506292962 1.1189004388537411 1.1195201270781863 1.1201398153026323 1.1207595035270774 1.1213791917515226 1.1219988799759675 1.1226185682004126 1.1232382564248578 1.1238579446493029
1.1147846894068287 1.1147298646572679 1.1146750399077068 1.114620215158146 1.114565390408585 1.1145105656590242 1.1144557409094633 1.1144009161599022 1.1143460914103414 1.1142912666607805 1.1142364419112196 1.1141816171616585 1.1141267924120977 1.1140719676625368 1.1140171429129757 1.1139623181634148 1.113907493413854 1.113852668664293 1.113797843914732 1.1137430191651712 1.1136881944156103 1.1136333696660494 1.1135785449164886 1.1135237201669275 1.1134688954173666 1.1134140706678055 1.1133592459182446 1.1133044211686838 1.113249596419123 1.113194771669562 1.113478366507149 1.1141237395389456 1.1147691125707422 1.1154144856025385 1.116059858634335 1.1167052316661317 1.1173506046979282 1.1179959777297257 1.1186413507615223 1.1192867237933188 1.1199320968251154 1.1205774698569118 1.1212228428887083 1.121868215920505
1.112005513688555 1.1119657018236708 1.111925889958787 1.1118860780939028 1.111846266229019 1.1118064543641348 1.1117666424992507 1.1117268306343668 1.1116870187694827 1.1116472069045988 1.1116073950397147 1.1115675831748306 1.1115277713099465 1.1114879594450626 1.1114481475801785 1.1114083357152946 1.1113685238504105 1.1113287119855264 1.1112889001206425 1.1112490882557584 1.1112092763908745 1.1111694645259904 1.1111296526611063 1.1110898407962224 1.1110500289313383 1.1110102170664542 1.1109704052015703 1.1109305933366862 1.110890781471802 1.1108509696069182 1.1111547352827802 1.1118257931219282 1.1124968509610762 1.1131679088002242 1.113838966639372 1.11451002447852 1.115181082317668 1.115852140156817 1.116523197995965 1.1171942558351131 1.1178653136742611 1.1185363715134091 1.1192074293525571 1.1198784871917051
1.1092263379702836 1.1092015389900765 1.1091767400098693 1.1091519410296622 1.109127142049455 1.109102343069248 1.1090775440890408 1.1090527451088337 1.1090279461286265 1.1090031471484194 1.1089783481682123 1.1089535491880051 1.108928750207798 1.108903951227591 1.1088791522473838 1.1088543532671766 1.1088295542869695 1.1088047553067624 1.1087799563265552 1.108755157346348 1.108730358366141 1.1087055593859336 1.1086807604057265 1.1086559614255194 1.1086311624453122 1.108606363465105 1.108581564484898 1.1085567655046908 1.1085319665244837 1.1085071675442766 1.1088311040584133 1.1095278467049128 1.1102245893514122 1.1109213319979117 1.111618074644411 1.1123148172909105 1.11301155993741 1.1137083025839107 1.1144050452304102 1.1151017878769096 1.115798530523409 1.1164952731699085 1.117192015816408 1.1178887584629074
1.1064471622520125 1.1064373761564823 1.106427590060952 1.1064178039654218 1.1064080178698914 1.1063982317743613 1.1063884456788309 1.1063786595833007 1.1063688734877704 1.1063590873922402 1.1063493012967098 1.1063395152011797 1.1063297291056493 1.1063199430101192 1.1063101569145888 1.1063003708190586 1.1062905847235283 1.106280798627998 1.1062710125324677 1.1062612264369376 1.1062514403414072 1.106241654245877 1.1062318681503467 1.1062220820548165 1.1062122959592862 1.1062025098637558 1.1061927237682256 1.1061829376726953 1.1061731515771651 1.106163365481635 1.1065074728340465 1.1072299002878974 1.1079523277417482 1.108674755195599 1.10939718264945 1.1101196101033008 1.1108420375571517 1.111564465011004 1.1122868924648548 1.1130093199187057 1.1137317473725565 1.1144541748264076 1.1151766022802585 1.1158990297341094
1.103667986533741 1.1036732133228877 1.1036784401120343 1.103683666901181 1.1036888936903277 1.1036941204794743 1.103699347268621 1.1037045740577676 1.1037098008469142 1.1037150276360608 1.1037202544252074 1.103725481214354 1.1037307080035006 1.1037359347926472 1.1037411615817938 1.1037463883709406 1.1037516151600872 1.1037568419492338 1.1037620687383805 1.103767295527527 1.1037725223166737 1.1037777491058203 1.1037829758949669 1.1037882026841135 1.10379342947326 1.1037986562624067 1.1038038830515535 1.1038091098407001 1.1038143366298467 1.1038195634189933 1.1041838416096796 1.104931953870882 1.1056800661320842 1.1064281783932868 1.107176290654489 1.1079244029156914 1.1086725151768937 1.1094206274380973 1.1101687396992996 1.110916851960502 1.1116649642217045 1.1124130764829068 1.113161188744109 1.1139093010053114
1.1008888108154697 1.1009090504892933 1.100929290163117 1.1009495298369403 1.1009697695107639 1.1009900091845874 1.1010102488584108 1.1010304885322344 1.101050728206058 1.1010709678798813 1.101091207553705 1.1011114472275285 1.1011316869013519 1.1011519265751755 1.101172166248999 1.1011924059228226 1.101212645596646 1.1012328852704696 1.1012531249442932 1.1012733646181165 1.1012936042919401 1.1013138439657637 1.101334083639587 1.1013543233134107 1.1013745629872342 1.1013948026610576 1.1014150423348812 1.1014352820087048 1.1014555216825281 1.1014757613563517 1.1018602103853128 1.1026340074538667 1.1034078045224205 1.1041816015909742 1.104955398659528 1.105729195728082 1.1065029927966357 1.1072767898651907 1.1080505869337445 1.1088243840022984 1.1095981810708522 1.110371978139406 1.1111457752079597 1.1119195722765136
1.0981096350971973 1.0981448876556978 1.0981801402141982 1.0982153927726985 1.0982506453311989 1.0982858978896994 1.0983211504481998 1.0983564030067001 1.0983916555652005 1.098426908123701 1.0984621606822014 1.0984974132407017 1.0985326657992023 1.0985679183577026 1.098603170916203 1.0986384234747035 1.0986736760332039 1.0987089285917042 1.0987441811502046 1.0987794337087051 1.0988146862672055 1.0988499388257058 1.0988851913842062 1.0989204439427067 1.098955696501207 1.0989909490597074 1.099026201618208 1.0990614541767083 1.0990967067352087 1.099131959293709 1.099536579160945 1.1003360610368502 1.1011355429127556 1.1019350247886608 1.102734506664566 1.1035339885404714 1.1043334704163765 1.1051329522922833 1.1059324341681884 1.1067319160440936 1.107531397919999 1.1083308797959042 1.1091303616718096 1.1099298435477147
1.095330459378926 1.0953807248221032 1.0954309902652806 1.095481255708458 1.0955315211516352 1.0955817865948123 1.0956320520379896 1.095682317481167 1.0957325829243443 1.0957828483675216 1.095833113810699 1.0958833792538762 1.0959336446970536 1.0959839101402307 1.096034175583408 1.0960844410265853 1.0961347064697626 1.09618497191294 1.096235237356117 1.0962855027992944 1.0963357682424717 1.096386033685649 1.0964362991288263 1.0964865645720034 1.096536830015181 1.0965870954583583 1.0966373609015354 1.0966876263447127 1.09673789178789 1.0967881572310674 1.097212947936578 1.0980381146198348 1.0988632813030914 1.0996884479863482 1.1005136146696048 1.1013387813528617 1.1021639480361183 1.1029891147193764 1.103814281402633 1.1046394480858899 1.1054646147691465 1.1062897814524033 1.10711494813566 1.1079401148189167
1.0925512836606546 1.0926165619885089 1.092681840316363 1.0927471186442173 1.0928123969720713 1.0928776752999254 1.0929429536277797 1.0930082319556338 1.093073510283488 1.0931387886113422 1.0932040669391963 1.0932693452670506 1.0933346235949049 1.093399901922759 1.0934651802506132 1.0935304585784673 1.0935957369063214 1.0936610152341757 1.0937262935620298 1.093791571889884 1.0938568502177382 1.0939221285455922 1.0939874068734465 1.0940526852013006 1.094117963529155 1.094183241857009 1.0942485201848633 1.0943137985127174 1.0943790768405717 1.0944443551684258 1.0948893167122113 1.0957401682028194 1.0965910196934276 1.0974418711840357 1.098292722674644 1.099143574165252 1.0999944256558603 1.1008452771464698 1.1016961286370779 1.1025469801276861 1.1033978316182944 1.1042486831089025 1.1050995345995107 1.1059503860901188
1.0897721079423823 1.0898523991549132 1.0899326903674442 1.0900129815799753 1.0900932727925063 1.0901735640050374 1.0902538552175685 1.0903341464300995 1.0904144376426306 1.0904947288551616 1.0905750200676927 1.090655311280224 1.090735602492755 1.090815893705286 1.0908961849178171 1.0909764761303482 1.0910567673428793 1.0911370585554103 1.0912173497679414 1.0912976409804724 1.0913779321930035 1.0914582234055346 1.0915385146180656 1.0916188058305967 1.0916990970431277 1.0917793882556588 1.0918596794681898 1.091939970680721 1.092020261893252 1.092100553105783 1.0925656854878434 1.093442221785803 1.0943187580837628 1.0951952943817223 1.096071830679682 1.0969483669776414 1.0978249032756011 1.0987014395735624 1.0995779758715218 1.1004545121694815 1.101331048467441 1.1022075847654007 1.1030841210633604 1.1039606573613199
1.086992932224111 1.0870882363213188 1.0871835404185268 1.0872788445157346 1.0873741486129427 1.0874694527101505 1.0875647568073585 1.0876600609045664 1.0877553650017744 1.0878506690989822 1.0879459731961902 1.0880412772933983 1.0881365813906063 1.0882318854878141 1.0883271895850222 1.08842249368223 1.088517797779438 1.0886131018766458 1.0887084059738539 1.088803710071062 1.0888990141682697 1.0889943182654778 1.0890896223626856 1.0891849264598936 1.0892802305571017 1.0893755346543097 1.0894708387515175 1.0895661428487255 1.0896614469459334 1.0897567510431414 1.0902420542634765 1.0911442753687874 1.0920464964740986 1.0929487175794097 1.0938509386847208 1.0947531597900317 1.0956553808953429 1.0965576020006556 1.0974598231059667 1.0983620442112776 1.0992642653165887 1.1001664864218998 1.1010687075272108 1.1019709286325219
1.0842137565058396 1.0843240734877244 1.0844343904696092 1.084544707451494 1.0846550244333788 1.0847653414152636 1.0848756583971484 1.0849859753790334 1.0850962923609182 1.085206609342803 1.0853169263246878 1.0854272433065728 1.0855375602884576 1.0856478772703424 1.0857581942522272 1.085868511234112 1.085978828215997 1.0860891451978818 1.0861994621797666 1.0863097791616514 1.0864200961435362 1.086530413125421 1.0866407301073058 1.0867510470891906 1.0868613640710756 1.0869716810529606 1.0870819980348454 1.0871923150167302 1.087302631998615 1.0874129489804998 1.0879184230391097 1.0888463289517722 1.0897742348644348 1.0907021407770974 1.0916300466897597 1.0925579526024223 1.0934858585150848 1.094413764427749 1.0953416703404115 1.0962695762530739 1.0971974821657364 1.098125388078399 1.0990532939910616 1.0999811999037241
