Figures/CREST_Example_wjb_NSE/PETs/wjb.pet.20101225.asc
ncols            288
nrows            254
xllcorner        113.274861
yllcorner        31.4918055
cellsize         0.008333333333
NODATA_value     -9999
[rows 38 to 56 of 254, columns 129 to 171 of 288]
0.41734667203880293 0.4168953129902885 0.41644395394177486 0.4160390345597198 0.4156837602314038 0.4153284859030878 0.4149732115747718 0.4146179372464558 0.41426266291813973 0.41390738858982373 0.41355211426150773 0.41319683993319173 0.4128415656048757 0.4124862912765597 -9999.0 -9999.0 -9999.0 -9999.0 -9999.0 -9999.0 -9999.0 -9999.0 -9999.0 -9999.0 -9999.0 -9999.0 -9999.0 -9999.0 -9999.0 -9999.0 -9999.0 -9999.0 -9999.0 -9999.0 -9999.0 -9999.0 -9999.0 -9999.0 -9999.0 -9999.0 -9999.0 -9999.0 -9999.0
0.4183014152264719 0.41784540886088284 0.41738940249529455 0.4169718806341508 0.4165954995786364 0.41621911852312204 0.4158427374676077 0.41546635641209334 0.41508997535657893 0.4147135943010646 0.41433721324555023 0.4139608321900359 0.41358445113452147 0.4132080700790071 -9999.0 -9999.0 -9999.0 -9999.0 -9999.0 -9999.0 -9999.0 -9999.0 -9999.0 -9999.0 -9999.0 -9999.0 -9999.0 -9999.0 -9999.0 -9999.0 -9999.0 -9999.0 -9999.0 -9999.0 -9999.0 -9999.0 -9999.0 -9999.0 -9999.0 -9999.0 -9999.0 -9999.0 -9999.0
0.41925615841414177 0.41879550473147803 0.4183348510488151 0.4179047267085826 0.41750723892586983 0.4171097511431571 0.41671226336044437 0.4163147755777316 0.4159172877950189 0.41551980001230615 0.4151223122295934 0.4147248244468807 0.41432733666416793 0.4139298488814552 -9999.0 -9999.0 -9999.0 -9999.0 -9999.0 -9999.0 -9999.0 -9999.0 -9999.0 -9999.0 -9999.0 -9999.0 -9999.0 -9999.0 -9999.0 -9999.0 -9999.0 -9999.0 -9999.0 -9999.0 -9999.0 -9999.0 -9999.0 -9999.0 -9999.0 -9999.0 -9999.0 -9999.0 -9999.0
0.4202109016018108 0.41974560060207244 0.41928029960233487 0.41883757278301365 0.41841897827310254 0.41800038376319143 0.4175817892532803 0.4171631947433692 0.4167446002334581 0.416326005723547 0.41590741121363595 0.41548881670372484 0.41507022219381373 0.4146516276839026 0.4142330331739908 -9999.0 -9999.0 -9999.0 0.41255865513434636 0.41214006062443526 -9999.0 -9999.0 -9999.0 -9999.0 -9999.0 -9999.0 -9999.0 -9999.0 -9999.0 -9999.0 -9999.0 -9999.0 -9999.0 -9999.0 -9999.0 -9999.0 -9999.0 -9999.0 -9999.0 -9999.0 -9999.0 -9999.0 -9999.0
0.4211656447894798 0.4206956964726668 0.4202257481558546 0.41977041885744465 0.4193307176203352 0.41889101638322573 0.4184513151461163 0.4180116139090068 0.4175719126718973 0.41713221143478785 0.4166925101976784 0.41625280896056893 0.4158131077234595 0.41537340648635 0.41493370524923984 0.4144940040121304 0.4140543027750209 0.4136146015379114 0.41317490030080195 0.4127351990636925 -9999.0 -9999.0 0.4114160953523641 0.41097639411525466 0.4105366928781452 0.41009699164103575 -9999.0 -9999.0 -9999.0 -9999.0 -9999.0 -9999.0 -9999.0 -9999.0 -9999.0 -9999.0 -9999.0 -9999.0 -9999.0 -9999.0 -9999.0 -9999.0 -9999.0
0.42212038797714885 0.4216457923432612 0.42117119670937436 0.4207032649318757 0.42024245696756785 0.41978164900326004 0.41932084103895223 0.41886003307464437 0.41839922511033656 0.41793841714602875 0.41747760918172094 0.4170168012174131 0.4165559932531053 0.41609518528879746 0.4156343773244888 0.415173569360181 0.4147127613958732 0.4142519534315654 0.41379114546725754 0.41333033750294973 0.4128695295386419 0.4124087215743341 0.41194791361002625 0.41148710564571844 0.41102629768141064 0.4105654897171028 0.41010468175279496 -9999.0 -9999.0 -9999.0 -9999.0 -9999.0 -9999.0 -9999.0 -9999.0 -9999.0 -9999.0 -9999.0 -9999.0 -9999.0 -9999.0 -9999.0 -9999.0
0.42307513116481793 0.42259588821385563 0.42211664526289416 0.4216361110063067 0.42115419631480056 0.42067228162329434 0.4201903669317882 0.419708452240282 0.4192265375487758 0.41874462285726965 0.41826270816576344 0.4177807934742573 0.41729887878275107 0.4168169640912449 0.4163350493997379 0.4158531347082317 0.41537122001672555 0.41488930532521934 0.4144073906337132 0.413925475942207 0.4134435612507008 0.41296164655919465 0.41247973186768844 0.4119978171761823 0.41151590248467607 0.4110339877931699 0.4105520731016637 0.4100701584101567 -9999.0 -9999.0 -9999.0 -9999.0 -9999.0 -9999.0 -9999.0 -9999.0 -9999.0 -9999.0 -9999.0 -9999.0 -9999.0 -9999.0 -9999.0
0.4240298743524869 0.42354598408445 0.4230620938164139 0.4225689570807377 0.4220659356620332 0.42156291424332865 0.4210598928246241 0.4205568714059196 0.420053849987215 0.4195508285685105 0.41904780714980594 0.4185447857311014 0.41804176431239687 0.4175387428936923 0.4170357214749869 0.4165327000562824 0.41602967863757784 0.41552665721887333 0.41502363580016877 0.4145206143814642 0.4140175929627597 0.41351457154405513 0.4130115501253506 0.41250852870664606 0.41200550728794155 0.411502485869237 0.4109994644505324 0.41049644303182703 -9999.0 0.40949040019441796 0.40898737877571345 0.4084843573570089 -9999.0 -9999.0 -9999.0 -9999.0 -9999.0 -9999.0 -9999.0 -9999.0 -9999.0 -9999.0 -9999.0
0.4249846175401568 0.42449607995504524 0.4240075423699345 0.4235018031551696 0.4229776750092667 0.4224535468633637 0.4219294187174608 0.4214052905715579 0.420881162425655 0.4203570342797521 0.41983290613384916 0.41930877798794625 0.41878464984204333 0.4182605216961404 0.41773639355023656 0.41721226540433365 0.41668813725843074 0.4161640091125278 0.4156398809666249 0.415115752820722 0.4145916246748191 0.4140674965289161 0.4135433683830132 0.4130192402371103 0.41249511209120737 0.41197098394530446 0.41144685579940155 0.41092272765349774 0.41039859950759483 0.40987447136169186 0.40935034321578895 0.40882621506988603 -9999.0 -9999.0 -9999.0 -9999.0 -9999.0 -9999.0 -9999.0 -9999.0 -9999.0 -9999.0 -9999.0
0.4259393607278258 0.4254461758256396 0.42495299092345423 0.4244346492296006 0.4238894143564993 0.42334417948339803 0.42279894461029677 0.42225370973719545 0.4217084748640942 0.4211632399909929 0.42061800511789166 0.42007277024479034 0.4195275353716891 0.4189823004985878 0.4184370656254856 0.41789183075238434 0.417346595879283 0.41680136100618176 0.4162561261330805 0.41571089125997923 0.4151656563868779 0.41462042151377665 0.4140751866406754 0.4135299517675741 0.4129847168944728 0.41243948202137154 0.4118942471482703 0.41134901227516807 0.4108037774020668 0.4102585425289655 0.4097133076558642 -9999.0 -9999.0 -9999.0 -9999.0 -9999.0 -9999.0 -9999.0 -9999.0 -9999.0 -9999.0 -9999.0 -9999.0
0.42689410391549487 0.426396271696234 0.425898439476974 0.4253674953040316 0.424801153703732 0.42423481210343233 0.4236684705031327 0.42310212890283305 0.42253578730253344 0.42196944570223377 0.42140310410193416 0.42083676250163454 0.4202704209013349 0.41970407930103526 0.41913773770073465 0.418571396100435 0.41800505450013536 0.4174387128998357 0.4168723712995361 0.4163060296992364 0.4157396880989368 0.41517334649863713 0.4146070048983375 0.4140406632980379 0.41347432169773823 0.4129079800974386 0.41234163849713895 0.41177529689683834 0.4112089552965387 0.41064261369623906 0.41007627209593944 0.4095099304956398 0.40894358889534016 0.4085417671065271 -9999.0 -9999.0 -9999.0 -9999.0 -9999.0 -9999.0 -9999.0 -9999.0 -9999.0
0.42784884710316384 0.42734636756682837 0.4268438880304937 0.4263003413784626 0.4257128930509646 0.42512544472346664 0.4245379963959686 0.42395054806847066 0.42336309974097264 0.4227756514134746 0.42218820308597665 0.42160075475847864 0.42101330643098067 0.42042585810348265 0.41983840977598363 0.41925096144848567 0.41866351312098765 0.4180760647934897 0.41748861646599167 0.41690116813849365 0.4163137198109957 0.41572627148349767 0.4151388231559997 0.4145513748285017 0.41396392650100367 0.4133764781735057 0.4127890298460077 0.41220158151850866 0.4116141331910107 0.4110266848635127 0.4104392365360147 0.4098517882085167 0.4092643398810187 0.40885238627651566 0.4086280405008426 0.4084036947251696 0.40817934894949653 -9999.0 -9999.0 -9999.0 -9999.0 -9999.0 -9999.0
0.4288035902908329 0.4282964634374228 0.42778933658401347 0.4272331874528937 0.4266246323981973 0.42601607734350094 0.42540752228880463 0.42479896723410826 0.4241904121794119 0.4235818571247155 0.42297330207001915 0.42236474701532284 0.42175619196062647 0.4211476369059301 0.42053908185123273 0.41993052679653636 0.41932197174184 0.4187134166871436 0.41810486163244726 0.41749630657775094 0.4168877515230546 0.4162791964683582 0.41567064141366183 0.4150620863589655 0.41445353130426915 0.4138449762495728 0.4132364211948764 0.41262786614017904 0.4120193110854827 0.4114107560307863 0.41080220097608994 0.4101936459213936 0.40958509086669725 0.4091630054465042 0.40894026028381214 0.40871751512112015 0.4084947699584281 0.4082720247957361 0.40804927963304405 0.40782653447035205 -9999.0 -9999.0 -9999.0
0.42975833347850195 0.4292465593080172 0.42873478513753327 0.42816603352732474 0.42753637174543 0.4269067099635353 0.4262770481816406 0.42564738639974586 0.42501772461785114 0.4243880628359564 0.4237584010540617 0.423128739272167 0.42249907749027227 0.42186941570837755 0.4212397539264817 0.420610092144587 0.4199804303626923 0.41935076858079756 0.41872110679890284 0.4180914450170081 0.4174617832351134 0.4168321214532187 0.41620245967132397 0.41557279788942925 0.4149431361075345 0.41431347432563986 0.41368381254374514 0.4130541507618493 0.4124244889799546 0.4117948271980599 0.41116516541616516 0.41053550363427044 0.4099058418523757 0.40947362461649267 0.40925248006678167 0.40903133551707066 0.40881019096735965 0.4085890464176486 0.4083679018679376 0.4081467573182266 0.4079256127685152 -9999.0 -9999.0
0.430713076666171 0.43019665517861155 0.42968023369105296 0.4290988796017557 0.4284481110926626 0.42779734258356955 0.4271465740744765 0.4264958055653834 0.42584503705629034 0.4251942685471973 0.4245435000381042 0.4238927315290111 0.423241963019918 0.42259119451082494 0.42194042600173076 0.4212896574926377 0.4206388889835446 0.41998812047445155 0.41933735196535843 0.41868658345626536 0.4180358149471723 0.4173850464380792 0.41673427792898615 0.4160835094198931 0.4154327409108 0.41478197240170694 0.4141312038926138 0.41348043538351964 0.41282966687442657 0.4121788983653335 0.41152812985624043 0.41087736134714736 0.4102265928380543 0.40978424378648115 0.4095646998497512 0.4093451559130212 0.40912561197629116 0.4089060680395612 0.4086865241028312 0.40846698016610117 0.4082474362293708 0.4080278922926408 0.40780834835591084
0.4316678198538408 0.43114675104920674 0.43062568224457354 0.4300317256761875 0.42935985043989605 0.42868797520360463 0.42801609996731316 0.42734422473102174 0.42667234949473026 0.4260004742584388 0.42532859902214737 0.4246567237858559 0.4239848485495644 0.423312973313273 0.42264109807698036 0.42196922284068894 0.42129734760439747 0.420625472368106 0.41995359713181457 0.4192817218955231 0.4186098466592317 0.4179379714229402 0.4172660961866487 0.4165942209503573 0.41592234571406583 0.41525047047777436 0.41457859524148294 0.4139067200051903 0.4132348447688989 0.4125629695326074 0.411891094296316 0.4112192190600245 0.41054734382373304 0.4100948629564699 0.40987691963272094 0.40965897630897197 0.409441032985223 0.40922308966147397 0.409005146337725 0.40878720301397603 0.40856925969022667 0.4083513163664777 0.4081333730427287
0.43262256304150987 0.4320968469198011 0.43157113079809334 0.4309645717506186 0.43027158978712876 0.42957860782363894 0.4288856258601491 0.42819264389665934 0.4274996619331695 0.4268066799696797 0.42611369800618987 0.42542071604270004 0.4247277340792103 0.42403475211572045 0.42334177015222946 0.42264878818873963 0.4219558062252498 0.42126282426176 0.42056984229827016 0.4198768603347804 0.41918387837129056 0.41849089640780074 0.4177979144443109 0.4171049324808211 0.41641195051733126 0.4157189685538415 0.41502598659035167 0.4143330046268607 0.41364002266337085 0.41294704069988103 0.4122540587363912 0.41156107677290144 0.4108680948094116 0.41040548212645844 0.41018913941569046 0.4099727967049225 0.40975645399415456 0.4095401112833866 0.4093237685726186 0.4091074258618506 0.4088910831510823 0.4086747404403143 0.40845839772954634
0.4335773062291789 0.4330469427903955 0.4325165793516131 0.43189741782504965 0.43118332913436147 0.4304692404436733 0.4297551517529851 0.42904106306229695 0.42832697437160877 0.4276128856809206 0.4268987969902324 0.42618470829954425 0.42547061960885607 0.4247565309181679 0.4240424422274785 0.4233283535367903 0.42261426484610215 0.421900176155414 0.4211860874647258 0.4204719987740376 0.41975791008334945 0.4190438213926613 0.4183297327019731 0.4176156440112849 0.41690155532059675 0.4161874666299086 0.4154733779392204 0.414759289248531 0.41404520055784283 0.41333111186715465 0.4126170231764665 0.4119029344857783 0.41118884579509013 0.410716101296447 0.41050135919866 0.41028661710087305 0.4100718750030861 0.4098571329052991 0.4096423908075122 0.4094276487097252 0.4092129066119379 0.40899816451415094 0.40878342241636395
0.4345320494168479 0.4339970386609899 0.43346202790513283 0.4328302638994806 0.43209506848159407 0.43135987306370754 0.430624677645821 0.4298894822279345 0.42915428681004797 0.4284190913921614 0.42768389597427486 0.42694870055638834 0.4262135051385018 0.4254783097206153 0.4247431143027275 0.42400791888484096 0.42327272346695444 0.4225375280490679 0.42180233263118133 0.4210671372132948 0.4203319417954083 0.41959674637752176 0.41886155095963523 0.4181263555417487 0.4173911601238621 0.4166559647059756 0.4159207692880891 0.4151855738702013 0.41445037845231475 0.4137151830344282 0.4129799876165417 0.4122447921986552 0.41150959678076865 0.41102672046643546 0.4108135789816295 0.41060043749682357 0.4103872960120176 0.4101741545272117 0.40996101304240573 0.4097478715575998 0.40953473007279345 0.4093215885879875 0.40910844710318156
