Figures/CREST_Example_wjb_NSE/PETs/wjb.pet.20091027.asc
ncols            288
nrows            254
xllcorner        113.274861
yllcorner        31.4918055
cellsize         0.008333333333
NODATA_value     -9999
[rows 20 to 39 of 254, columns 0 to 43 of 288]
-9999.0 -9999.0 -9999.0 -9999.0 -9999.0 -9999.0 -9999.0 -9999.0 -9999.0 -9999.0 -9999.0 -9999.0 -9999.0 -9999.0 -9999.0 -9999.0 -9999.0 -9999.0 -9999.0 -9999.0 -9999.0 -9999.0 -9999.0 1.4360901032869808 1.4348267921413025 1.4335634809956241 1.4323001698499436 1.4310368587042652 1.4297735475585867 1.4285102364129083 1.42724692526723 1.4259836141215516 1.4247203029758733 1.423456991830195 1.4221936806845166 1.420930369538838 1.4196670583931597 1.4184037472474813 1.417140436101803 1.4158771249561224 1.414613813810444 1.4133505026647657 1.4114632946687646 1.408909126839127
-9999.0 -9999.0 -9999.0 -9999.0 -9999.0 -9999.0 -9999.0 -9999.0 -9999.0 -9999.0 -9999.0 -9999.0 -9999.0 -9999.0 -9999.0 -9999.0 -9999.0 -9999.0 -9999.0 -9999.0 -9999.0 -9999.0 1.439861723356257 1.4385323224336333 1.4372029215110096 1.435873520588386 1.4345441196657598 1.433214718743136 1.4318853178205124 1.4305559168978887 1.429226515975265 1.4278971150526414 1.4265677141300177 1.425238313207394 1.4239089122847703 1.4225795113621464 1.4212501104395228 1.419920709516899 1.4185913085942754 1.4172619076716495 1.4159325067490258 1.4146031058264021 1.4126672928259045 1.4100832116086899
-9999.0 -9999.0 -9999.0 -9999.0 -9999.0 -9999.0 -9999.0 -9999.0 -9999.0 -9999.0 -9999.0 -9999.0 -9999.0 -9999.0 -9999.0 -9999.0 -9999.0 -9999.0 -9999.0 -9999.0 -9999.0 -9999.0 -9999.0 1.4409745415802857 1.4395790508807167 1.4381835601811477 1.4367880694815762 1.4353925787820072 1.4339970880824382 1.4326015973828692 1.4312061066833002 1.4298106159837312 1.4284151252841621 1.4270196345845931 1.4256241438850241 1.424228653185455 1.4228331624858859 1.4214376717863169 1.4200421810867478 1.4186466903871766 1.4172511996876074 1.4158557089880384 1.4138712909830444 1.4112572963782528
-9999.0 -9999.0 -9999.0 -9999.0 -9999.0 -9999.0 -9999.0 -9999.0 -9999.0 -9999.0 -9999.0 -9999.0 -9999.0 -9999.0 -9999.0 -9999.0 -9999.0 -9999.0 -9999.0 -9999.0 -9999.0 -9999.0 1.4448783412034527 1.4434167607269384 1.441955180250424 1.4404935997739097 1.4390320192973927 1.4375704388208783 1.436108858344364 1.4346472778678496 1.4331856973913353 1.431724116914821 1.4302625364383066 1.4288009559617922 1.427339375485278 1.4258777950087635 1.4244162145322492 1.4229546340557349 1.4214930535792205 1.4200314731027035 1.4185698926261892 1.4171083121496748 1.4150752891401843 1.412431381147816
-9999.0 -9999.0 -9999.0 -9999.0 -9999.0 -9999.0 -9999.0 -9999.0 -9999.0 -9999.0 -9999.0 -9999.0 -9999.0 -9999.0 -9999.0 -9999.0 -9999.0 -9999.0 -9999.0 -9999.0 -9999.0 -9999.0 1.4473866501270505 1.4458589798735908 1.4443313096201311 1.4428036393666714 1.441275969113209 1.4397482988597494 1.4382206286062897 1.43669295835283 1.4351652880993704 1.4336376178459107 1.432109947592451 1.4305822773389913 1.4290546070855317 1.427526936832072 1.4259992665786123 1.4244715963251526 1.422943926071693 1.4214162558182306 1.419888585564771 1.4183609153113113 1.4162792872973242 1.413605465917379
-9999.0 -9999.0 -9999.0 -9999.0 -9999.0 -9999.0 -9999.0 -9999.0 -9999.0 -9999.0 -9999.0 -9999.0 -9999.0 -9999.0 -9999.0 -9999.0 -9999.0 -9999.0 -9999.0 -9999.0 -9999.0 -9999.0 1.4498949590506485 1.4483011990202435 1.4467074389898384 1.4451136789594334 1.4435199189290255 1.4419261588986205 1.4403323988682155 1.4387386388378105 1.4371448788074055 1.4355511187770005 1.4339573587465955 1.4323635987161905 1.4307698386857854 1.4291760786553804 1.4275823186249754 1.4259885585945704 1.4243947985641654 1.4228010385337577 1.4212072785033527 1.4196135184729475 1.417483285454464 1.414779550686942
-9999.0 -9999.0 -9999.0 -9999.0 -9999.0 -9999.0 -9999.0 -9999.0 -9999.0 -9999.0 -9999.0 -9999.0 -9999.0 -9999.0 -9999.0 -9999.0 1.4623623668183483 1.460702517010998 1.4590426672036476 1.4573828173962973 1.455722967588947 1.4540631177815966 1.4524032679742462 1.450743418166896 1.4490835683595455 1.4474237185521952 1.445763868744842 1.4441040189374916 1.4424441691301413 1.440784319322791 1.4391244695154406 1.4374646197080903 1.43580476990074 1.4341449200933896 1.4324850702860392 1.4308252204786889 1.4291653706713385 1.4275055208639882 1.4258456710566378 1.4241858212492846 1.4225259714419343 1.420866121634584 1.4186872836116038 1.415953635456505
-9999.0 -9999.0 -9999.0 -9999.0 -9999.0 -9999.0 -9999.0 -9999.0 -9999.0 -9999.0 -9999.0 -9999.0 -9999.0 -9999.0 -9999.0 -9999.0 1.4652672144036205 1.4635412748193248 1.4618153352350292 1.4600893956507333 1.4583634560664376 1.456637516482142 1.454911576897846 1.4531856373135503 1.4514596977292546 1.449733758144959 1.4480078185606602 1.4462818789763645 1.4445559393920688 1.442829999807773 1.4411040602234773 1.4393781206391816 1.437652181054886 1.43592624147059 1.4342003018862943 1.4324743623019986 1.430748422717703 1.429022483133407 1.4272965435491114 1.4255706039648128 1.423844664380517 1.4221187247962213 1.4198912817687446 1.4171277202260688
-9999.0 -9999.0 -9999.0 -9999.0 -9999.0 -9999.0 -9999.0 -9999.0 -9999.0 -9999.0 -9999.0 -9999.0 -9999.0 -9999.0 -9999.0 1.4679651905083488 1.4662296396070498 1.4644940887057507 1.4627585378044516 1.4610229869031526 1.4592874360018535 1.4575518851005544 1.4558163341992552 1.454080783297956 1.452345232396657 1.450609681495358 1.448874130594056 1.447138579692757 1.4454030287914579 1.4436674778901586 1.4419319269888595 1.4401963760875605 1.4384608251862614 1.4367252742849623 1.4349897233836633 1.4332541724823642 1.4315186215810651 1.429783070679766 1.428047519778467 1.4263119688771648 1.4245764179758658 1.4228408670745667 1.420602743325109 1.4178273578423617
-9999.0 -9999.0 -9999.0 -9999.0 -9999.0 -9999.0 -9999.0 -9999.0 -9999.0 -9999.0 -9999.0 -9999.0 -9999.0 -9999.0 -9999.0 1.4668005280766316 1.4651157377705595 1.4634309474644873 1.4617461571584152 1.4600613668523428 1.4583765765462706 1.4566917862401985 1.4550069959341263 1.4533222056280541 1.4516374153219818 1.4499526250159096 1.4482678347098346 1.4465830444037624 1.4448982540976902 1.4432134637916179 1.4415286734855457 1.4398438831794735 1.4381590928734014 1.4364743025673292 1.4347895122612568 1.4331047219551847 1.4314199316491125 1.4297351413430404 1.4280503510369682 1.426365560730893 1.4246807704248208 1.4229959801187486 1.42078771431387 1.4180198413697407
-9999.0 -9999.0 -9999.0 -9999.0 -9999.0 -9999.0 -9999.0 -9999.0 -9999.0 -9999.0 -9999.0 -9999.0 -9999.0 -9999.0 -9999.0 1.4656358656449142 1.464001835934069 1.4623678062232237 1.4607337765123785 1.459099746801533 1.4574657170906877 1.4558316873798425 1.4541976576689972 1.4525636279581517 1.4509295982473065 1.4492955685364612 1.447661538825613 1.4460275091147679 1.4443934794039226 1.4427594496930771 1.4411254199822319 1.4394913902713866 1.4378573605605414 1.4362233308496961 1.4345893011388506 1.4329552714280054 1.4313212417171601 1.4296872120063149 1.4280531822954694 1.4264191525846215 1.424785122873776 1.4231510931629308 1.4209726853026314 1.4182123248971197
-9999.0 -9999.0 -9999.0 -9999.0 -9999.0 -9999.0 -9999.0 -9999.0 -9999.0 -9999.0 -9999.0 -9999.0 -9999.0 -9999.0 -9999.0 1.464471203213197 1.4628879340975787 1.4613046649819603 1.4597213958663418 1.4581381267507234 1.456554857635105 1.4549715885194865 1.4533883194038681 1.4518050502882498 1.4502217811726312 1.4486385120570129 1.4470552429413917 1.4454719738257733 1.443888704710155 1.4423054355945364 1.440722166478918 1.4391388973632997 1.4375556282476811 1.4359723591320628 1.4343890900164444 1.4328058209008259 1.4312225517852075 1.4296392826695892 1.4280560135539706 1.4264727444383496 1.424889475322731 1.4233062062071127 1.4211576562913928 1.4184048084244987
-9999.0 -9999.0 -9999.0 -9999.0 -9999.0 -9999.0 -9999.0 -9999.0 -9999.0 -9999.0 -9999.0 -9999.0 -9999.0 -9999.0 1.4648390493018715 1.46330654078148 1.4617740322610884 1.460241523740697 1.4587090152203053 1.4571765066999138 1.4556439981795224 1.4541114896591307 1.4525789811387393 1.4510464726183476 1.4495139640979562 1.4479814555775645 1.4464489470571704 1.444916438536779 1.4433839300163873 1.4418514214959959 1.4403189129756044 1.4387864044552128 1.4372538959348213 1.4357213874144297 1.4341888788940382 1.4326563703736466 1.4311238618532551 1.4295913533328637 1.428058844812472 1.426526336292078 1.4249938277716865 1.4234613192512948 1.4213426272801541 1.4185972919518777
-9999.0 -9999.0 -9999.0 -9999.0 -9999.0 -9999.0 -9999.0 -9999.0 -9999.0 -9999.0 -9999.0 -9999.0 -9999.0 -9999.0 1.4636236262749265 1.4621418783497617 1.4606601304245972 1.4591783824994327 1.457696634574268 1.4562148866491034 1.4547331387239388 1.453251390798774 1.4517696428736095 1.450287894948445 1.4488061470232803 1.4473243990981157 1.4458426511729485 1.444360903247784 1.4428791553226195 1.4413974073974547 1.4399156594722902 1.4384339115471256 1.4369521636219609 1.4354704156967963 1.4339886677716318 1.432506919846467 1.4310251719213025 1.429543423996138 1.4280616760709732 1.4265799281458063 1.4250981802206415 1.423616432295477 1.4215275982689155 1.4187897754792569
-9999.0 -9999.0 -9999.0 -9999.0 -9999.0 -9999.0 -9999.0 -9999.0 -9999.0 -9999.0 -9999.0 -9999.0 -9999.0 -9999.0 1.4624082032479824 1.4609772159180447 1.459546228588107 1.4581152412581693 1.4566842539282314 1.4552532665982938 1.4538222792683562 1.4523912919384183 1.4509603046084807 1.4495293172785428 1.4480983299486052 1.4466673426186674 1.4452363552887273 1.4438053679587897 1.4423743806288518 1.4409433932989142 1.4395124059689763 1.4380814186390387 1.436650431309101 1.4352194439791632 1.4337884566492256 1.4323574693192878 1.4309264819893501 1.4294954946594125 1.4280645073294747 1.4266335199995346 1.4252025326695967 1.423771545339659 1.4217125692576769 1.4189822590066359
-9999.0 -9999.0 -9999.0 -9999.0 -9999.0 -9999.0 -9999.0 -9999.0 -9999.0 -9999.0 -9999.0 -9999.0 -9999.0 -9999.0 1.461192780221038 1.4598125534863273 1.4584323267516164 1.4570521000169057 1.4556718732821947 1.454291646547484 1.4529114198127733 1.4515311930780623 1.4501509663433516 1.4487707396086407 1.44739051287393 1.446010286139219 1.4446300594045058 1.4432498326697951 1.4418696059350842 1.4404893792003735 1.4391091524656627 1.4377289257309518 1.436348698996241 1.4349684722615301 1.4335882455268194 1.4322080187921085 1.4308277920573977 1.4294475653226868 1.428067338587976 1.426687111853263 1.4253068851185522 1.4239266583838412 1.4218975402464382 1.419174742534015
-9999.0 -9999.0 -9999.0 -9999.0 -9999.0 -9999.0 -9999.0 -9999.0 -9999.0 -9999.0 -9999.0 -9999.0 -9999.0 1.461306823333578 1.459977357194094 1.4586478910546101 1.457318424915126 1.4559889587756423 1.4546594926361582 1.4533300264966744 1.4520005603571904 1.4506710942177066 1.4493416280782225 1.4480121619387385 1.4466826957992547 1.4453532296597706 1.4440237635202846 1.4426942973808006 1.4413648312413165 1.4400353651018327 1.4387058989623487 1.4373764328228649 1.4360469666833808 1.434717500543897 1.433388034404413 1.4320585682649292 1.4307291021254451 1.4293996359859613 1.4280701698464773 1.426740703706991 1.4254112375675072 1.4240817714280232 1.4220825112351994 1.4193672260613939
-9999.0 -9999.0 -9999.0 -9999.0 -9999.0 -9999.0 -9999.0 -9999.0 -9999.0 -9999.0 -9999.0 -9999.0 1.4613193452556663 1.460040639711407 1.45876193416715 1.457483228622893 1.4562045230786358 1.4549258175343789 1.4536471119901218 1.4523684064458648 1.4510897009016077 1.4498109953573506 1.4485322898130937 1.4472535842688365 1.4459748787245794 1.4446961731803225 1.4434174676360632 1.4421387620918062 1.4408600565475491 1.439581351003292 1.438302645459035 1.437023939914778 1.435745234370521 1.434466528826264 1.4331878232820068 1.4319091177377499 1.4306304121934927 1.4293517066492356 1.4280730011049787 1.4267942955607194 1.4255155900164624 1.4242368844722053 1.4222674822239607 1.419559709588773
-9999.0 -9999.0 -9999.0 -9999.0 -9999.0 -9999.0 -9999.0 -9999.0 -9999.0 -9999.0 -9999.0 -9999.0 -9999.0 1.4587744560892362 1.457546511140206 1.4563185661911757 1.4550906212421455 1.4538626762931155 1.4526347313440853 1.451406786395055 1.4501788414460248 1.4489508964969948 1.4477229515479646 1.4464950065989344 1.4452670616499042 1.4440391167008741 1.442811171751842 1.4415832268028117 1.4403552818537815 1.4391273369047513 1.4378993919557213 1.436671447006691 1.4354435020576608 1.4342155571086306 1.4329876121596006 1.4317596672105704 1.4305317222615401 1.42930377731251 1.42807583236348 1.4268478874144477 1.4256199424654175 1.4243919975163872 1.4224524532127218 1.4197521931161519
-9999.0 -9999.0 -9999.0 -9999.0 -9999.0 -9999.0 -9999.0 -9999.0 -9999.0 -9999.0 -9999.0 -9999.0 -9999.0 1.4575082724670652 1.4563310881132618 1.4551539037594585 1.4539767194056552 1.452799535051852 1.4516223506980488 1.4504451663442455 1.4492679819904422 1.4480907976366388 1.4469136132828357 1.4457364289290324 1.444559244575229 1.4433820602214258 1.4422048758676205 1.4410276915138174 1.439850507160014 1.4386733228062107 1.4374961384524074 1.436318954098604 1.4351417697448008 1.4339645853909977 1.4327874010371944 1.431610216683391 1.4304330323295877 1.4292558479757844 1.4280786636219813 1.426901479268176 1.4257242949143727 1.4245471105605694 1.4226374242014832 1.419944676643531
