Figures/CREST_Example_wjb_NSE/PETs/wjb.pet.20101216.asc
ncols            288
nrows            254
xllcorner        113.274861
yllcorner        31.4918055
cellsize         0.008333333333
NODATA_value     -9999
[rows 57 to 75 of 254, columns 88 to 131 of 288]
0.528290223115321 0.529448545668082 0.5306068682208428 0.5317651907736056 0.5329235133263666 0.5340818358791275 0.5352401584318883 0.5363984809846493 0.5375568035374101 0.538715126090171 0.5398734486429319 0.5410317711956928 0.5421900937484537 0.5433484163012146 0.5439287511581528 0.5438912040992626 0.5438536570403724 0.5438161099814821 0.543778562922592 0.5437410158637017 0.5437034688048116 0.5436659217459213 0.5436283746870312 0.543590827628141 0.5435532805692508 0.5435157335103606 0.5434781864514704 0.5434406393925802 0.54340309233369 0.5433655452747997 0.5433279982159096 0.5432904511570195 0.5432529040981292 0.5432153570392391 0.5431778099803488 0.5431402629214587 0.5431027158625684 0.5430651688036783 0.5430276217447881 0.5429900746858979 0.5429525276270077 0.5429149805681175 0.5428774335092272 0.5428398864503371
0.5286603592734602 0.5298233869597794 0.5309864146460986 0.5321494423324198 0.533312470018739 0.5344754977050582 0.5356385253913775 0.5368015530776966 0.5379645807640159 0.539127608450335 0.5402906361366543 0.5414536638229734 0.5426166915092927 0.5437797191956119 0.5443644714024632 0.5443310340462623 0.5442975966900614 0.5442641593338605 0.5442307219776596 0.5441972846214588 0.5441638472652579 0.5441304099090569 0.544096972552856 0.5440635351966552 0.5440300978404543 0.5439966604842534 0.5439632231280526 0.5439297857718517 0.5438963484156508 0.5438629110594498 0.543829473703249 0.5437960363470481 0.5437625989908472 0.5437291616346464 0.5436957242784455 0.5436622869222446 0.5436288495660437 0.5435954122098429 0.543561974853642 0.5435285374974411 0.5434951001412401 0.5434616627850393 0.5434282254288384 0.5433947880726375
0.5287245490711204 0.5298592893943003 0.5309940297174801 0.532128770040662 0.5332635103638418 0.5343982506870216 0.5355329910102015 0.5366677313333813 0.5378024716565611 0.538937211979741 0.5400719523029208 0.5412066926261007 0.5423414329492805 0.5434761732724603 0.5440532112560549 0.544034052828315 0.544014894400575 0.5439957359728352 0.5439765775450953 0.5439574191173554 0.5439382606896156 0.5439191022618757 0.5438999438341358 0.543880785406396 0.543861626978656 0.5438424685509162 0.5438233101231763 0.5438041516954364 0.5437849932676966 0.5437658348399567 0.5437466764122167 0.5437275179844769 0.543708359556737 0.5436892011289971 0.5436700427012573 0.5436508842735174 0.5436317258457776 0.5436125674180377 0.5435934089902977 0.5435742505625579 0.543555092134818 0.5435359337070782 0.5435167752793383 0.5434976168515984
0.5287887388687807 0.5298951918288213 0.5310016447888618 0.5321080977489041 0.5332145507089446 0.5343210036689852 0.5354274566290256 0.5365339095890661 0.5376403625491066 0.5387468155091472 0.5398532684691876 0.5409597214292281 0.5420661743892686 0.543172627349309 0.5437419511096468 0.5437370716103679 0.543732192111089 0.5437273126118102 0.5437224331125313 0.5437175536132524 0.5437126741139735 0.5437077946146947 0.5437029151154158 0.5436980356161368 0.543693156116858 0.5436882766175791 0.5436833971183003 0.5436785176190214 0.5436736381197425 0.5436687586204636 0.5436638791211847 0.5436589996219059 0.5436541201226269 0.5436492406233481 0.5436443611240692 0.5436394816247904 0.5436346021255114 0.5436297226262325 0.5436248431269537 0.5436199636276748 0.5436150841283959 0.543610204629117 0.5436053251298382 0.5436004456305593
0.5288529286664411 0.5299310942633422 0.5310092598602434 0.5320874254571464 0.5331655910540475 0.5342437566509486 0.5353219222478498 0.5364000878447509 0.5374782534416521 0.5385564190385532 0.5396345846354544 0.5407127502323555 0.5417909158292566 0.5428690814261579 0.5434306909632388 0.5434400903924209 0.543449489821603 0.5434588892507851 0.5434682886799672 0.5434776881091494 0.5434870875383315 0.5434964869675136 0.5435058863966957 0.5435152858258778 0.5435246852550599 0.543534084684242 0.5435434841134241 0.5435528835426063 0.5435622829717884 0.5435716824009705 0.5435810818301526 0.5435904812593347 0.5435998806885168 0.543609280117699 0.5436186795468811 0.5436280789760632 0.5436374784052453 0.5436468778344274 0.5436562772636095 0.5436656766927916 0.5436750761219739 0.543684475551156 0.543693874980338 0.5437032744095202
0.5289171184641014 0.5299669966978632 0.531016874931625 0.5320667531653887 0.5331166313991504 0.5341665096329122 0.535216387866674 0.5362662661004358 0.5373161443341976 0.5383660225679595 0.5394159008017213 0.5404657790354831 0.5415156572692449 0.5425655355030067 0.5431194308168309 0.543143109174474 0.5431667875321171 0.5431904658897603 0.5432141442474033 0.5432378226050464 0.5432615009626895 0.5432851793203326 0.5433088576779758 0.5433325360356188 0.543356214393262 0.543379892750905 0.5434035711085482 0.5434272494661913 0.5434509278238344 0.5434746061814776 0.5434982845391206 0.5435219628967638 0.5435456412544069 0.5435693196120499 0.5435929979696931 0.5436166763273361 0.5436403546849793 0.5436640330426223 0.5436877114002655 0.5437113897579086 0.5437350681155517 0.5437587464731948 0.5437824248308379 0.5438061031884811
0.5289813082617617 0.5300028991323842 0.5310244900030067 0.5320460808736308 0.5330676717442533 0.5340892626148758 0.5351108534854983 0.5361324443561207 0.5371540352267431 0.5381756260973656 0.5391972169679881 0.5402188078386105 0.541240398709233 0.5422619895798555 0.5428081706704229 0.542846127956527 0.5428840852426311 0.5429220425287352 0.5429599998148393 0.5429979571009433 0.5430359143870475 0.5430738716731516 0.5431118289592557 0.5431497862453598 0.5431877435314638 0.5432257008175679 0.543263658103672 0.5433016153897762 0.5433395726758803 0.5433775299619844 0.5434154872480885 0.5434534445341926 0.5434914018202968 0.5435293591064008 0.5435673163925049 0.543605273678609 0.5436432309647131 0.5436811882508172 0.5437191455369212 0.5437571028230254 0.5437950601091295 0.5438330173952336 0.5438709746813377 0.5439089319674418
0.5290454980594219 0.5300388015669051 0.5310321050743881 0.532025408581873 0.5330187120893561 0.5340120155968392 0.5350053191043224 0.5359986226118055 0.5369919261192886 0.5379852296267718 0.5389785331342548 0.539971836641738 0.5409651401492211 0.5419584436567042 0.5424969105240148 0.5425491467385799 0.5426013829531451 0.5426536191677102 0.5427058553822752 0.5427580915968404 0.5428103278114055 0.5428625640259706 0.5429148002405356 0.5429670364551007 0.5430192726696658 0.543071508884231 0.543123745098796 0.5431759813133611 0.5432282175279262 0.5432804537424913 0.5433326899570564 0.5433849261716216 0.5434371623861867 0.5434893986007517 0.5435416348153168 0.5435938710298819 0.543646107244447 0.5436983434590121 0.5437505796735772 0.5438028158881423 0.5438550521027073 0.5439072883172724 0.5439595245318376 0.5440117607464028
0.5291096878570822 0.5300747040014261 0.5310397201457698 0.5320047362901152 0.532969752434459 0.5339347685788027 0.5348997847231466 0.5358648008674903 0.5368298170118341 0.5377948331561779 0.5387598493005217 0.5397248654448654 0.5406898815892092 0.541654897733553 0.5421856503776068 0.5422521655206328 0.5423186806636591 0.5423851958066852 0.5424517109497112 0.5425182260927374 0.5425847412357634 0.5426512563787895 0.5427177715218156 0.5427842866648417 0.5428508018078677 0.5429173169508938 0.54298383209392 0.543050347236946 0.5431168623799721 0.5431833775229983 0.5432498926660244 0.5433164078090504 0.5433829229520766 0.5434494380951026 0.5435159532381287 0.5435824683811549 0.5436489835241809 0.543715498667207 0.5437820138102331 0.5438485289532592 0.5439150440962852 0.5439815592393114 0.5440480743823376 0.5441145895253636
0.5291738776547426 0.530110606435947 0.5310473352171514 0.5319840639983574 0.5329207927795618 0.5338575215607663 0.5347942503419707 0.535730979123175 0.5366677079043795 0.5376044366855839 0.5385411654667883 0.5394778942479928 0.5404146230291971 0.5413513518104015 0.5418743902311985 0.5419551843026856 0.5420359783741728 0.5421167724456599 0.542197566517147 0.5422783605886341 0.5423591546601212 0.5424399487316083 0.5425207428030954 0.5426015368745825 0.5426823309460695 0.5427631250175566 0.5428439190890437 0.5429247131605308 0.5430055072320179 0.5430863013035051 0.5431670953749922 0.5432478894464793 0.5433286835179664 0.5434094775894535 0.5434902716609405 0.5435710657324276 0.5436518598039147 0.5437326538754018 0.5438134479468889 0.543894242018376 0.5439750360898631 0.5440558301613502 0.5441366242328375 0.5442174183043246
0.5292380674524029 0.5301465088704679 0.531054950288533 0.5319633917065996 0.5328718331246647 0.5337802745427297 0.5346887159607948 0.5355971573788599 0.5365055987969249 0.5374140402149901 0.5383224816330551 0.5392309230511202 0.5401393644691852 0.5410478058872503 0.5415631300847905 0.5416582030847386 0.5417532760846868 0.541848349084635 0.541943422084583 0.5420384950845311 0.5421335680844792 0.5422286410844273 0.5423237140843753 0.5424187870843235 0.5425138600842715 0.5426089330842195 0.5427040060841677 0.5427990790841157 0.5428941520840639 0.542989225084012 0.5430842980839602 0.5431793710839082 0.5432744440838564 0.5433695170838044 0.5434645900837525 0.5435596630837006 0.5436547360836487 0.5437498090835967 0.5438448820835449 0.5439399550834929 0.544035028083441 0.5441301010833891 0.5442251740833374 0.5443202470832854
0.5293022572500632 0.5301824113049889 0.5310625653599146 0.5319427194148418 0.5328228734697675 0.5337030275246932 0.534583181579619 0.5354633356345447 0.5363434896894704 0.5372236437443961 0.5381037977993219 0.5389839518542476 0.5398641059091733 0.540744259964099 0.5412518699383825 0.5413612218667916 0.5414705737952008 0.5415799257236099 0.541689277652019 0.541798629580428 0.5419079815088371 0.5420173334372462 0.5421266853656553 0.5422360372940643 0.5423453892224734 0.5424547411508825 0.5425640930792917 0.5426734450077006 0.5427827969361098 0.542892148864519 0.5430015007929281 0.5431108527213372 0.5432202046497463 0.5433295565781553 0.5434389085065644 0.5435482604349735 0.5436576123633826 0.5437669642917916 0.5438763162202007 0.5439856681486098 0.5440950200770189 0.5442043720054279 0.5443137239338373 0.5444230758622463
0.5293664470477234 0.5302183137395098 0.5310701804312962 0.531922047123084 0.5327739138148704 0.5336257805066568 0.5344776471984432 0.5353295138902295 0.5361813805820159 0.5370332472738023 0.5378851139655887 0.5387369806573751 0.5395888473491615 0.5404407140409478 0.5409406097919744 0.5410642406488445 0.5411878715057148 0.5413115023625849 0.5414351332194549 0.541558764076325 0.541682394933195 0.5418060257900651 0.5419296566469353 0.5420532875038053 0.5421769183606754 0.5423005492175454 0.5424241800744155 0.5425478109312856 0.5426714417881556 0.5427950726450259 0.542918703501896 0.543042334358766 0.5431659652156361 0.5432895960725062 0.5434132269293762 0.5435368577862463 0.5436604886431164 0.5437841194999865 0.5439077503568566 0.5440313812137266 0.5441550120705967 0.5442786429274667 0.544402273784337 0.5445259046412071
0.5294306368453837 0.5302542161740308 0.5310777955026778 0.5319013748313263 0.5327249541599732 0.5335485334886203 0.5343721128172674 0.5351956921459143 0.5360192714745614 0.5368428508032085 0.5376664301318554 0.5384900094605025 0.5393135887891495 0.5401371681177966 0.5406293496455664 0.5407672594308975 0.5409051692162288 0.5410430790015599 0.5411809887868909 0.5413188985722219 0.541456808357553 0.5415947181428841 0.5417326279282152 0.5418705377135462 0.5420084474988773 0.5421463572842083 0.5422842670695395 0.5424221768548705 0.5425600866402016 0.5426979964255328 0.542835906210864 0.542973815996195 0.543111725781526 0.5432496355668571 0.5433875453521881 0.5435254551375193 0.5436633649228503 0.5438012747081814 0.5439391844935124 0.5440770942788435 0.5442150040641746 0.5443529138495056 0.5444908236348369 0.5446287334201679
0.529494826643044 0.5302901186085517 0.5310854105740593 0.5318807025395684 0.5326759945050761 0.5334712864705838 0.5342665784360915 0.5350618704015991 0.5358571623671069 0.5366524543326145 0.5374477462981222 0.53824303826363 0.5390383302291376 0.5398336221946454 0.5403180894991584 0.5404702782129505 0.5406224669267428 0.5407746556405348 0.5409268443543269 0.541079033068119 0.541231221781911 0.541383410495703 0.5415355992094951 0.5416877879232872 0.5418399766370793 0.5419921653508714 0.5421443540646633 0.5422965427784554 0.5424487314922475 0.5426009202060398 0.5427531089198319 0.5429052976336239 0.543057486347416 0.543209675061208 0.5433618637750001 0.5435140524887921 0.5436662412025842 0.5438184299163763 0.5439706186301684 0.5441228073439603 0.5442749960577524 0.5444271847715445 0.5445793734853368 0.5447315621991289
0.5295590164407044 0.5303260210430727 0.531093025645441 0.5318600302478106 0.5326270348501789 0.5333940394525473 0.5341610440549156 0.5349280486572839 0.5356950532596523 0.5364620578620206 0.537229062464389 0.5379960670667572 0.5387630716691255 0.5395300762714939 0.5400068293527501 0.5401732969950032 0.5403397646372565 0.5405062322795097 0.5406726999217627 0.5408391675640157 0.5410056352062688 0.5411721028485219 0.5413385704907749 0.541505038133028 0.541671505775281 0.5418379734175341 0.5420044410597872 0.5421709087020402 0.5423373763442932 0.5425038439865466 0.5426703116287996 0.5428367792710528 0.5430032469133058 0.5431697145555588 0.543336182197812 0.543502649840065 0.543669117482318 0.5438355851245711 0.5440020527668242 0.5441685204090773 0.5443349880513303 0.5445014556935833 0.5446679233358367 0.5448343909780897
0.5296232062383647 0.5303619234775936 0.5311006407168226 0.5318393579560529 0.5325780751952818 0.5333167924345108 0.5340555096737398 0.5347942269129687 0.5355329441521978 0.5362716613914267 0.5370103786306557 0.5377490958698847 0.5384878131091136 0.5392265303483427 0.5396955692063421 0.5398763157770562 0.5400570623477705 0.5402378089184846 0.5404185554891987 0.5405993020599127 0.5407800486306268 0.5409607952013408 0.5411415417720549 0.541322288342769 0.541503034913483 0.541683781484197 0.5418645280549111 0.5420452746256251 0.5422260211963392 0.5424067677670535 0.5425875143377676 0.5427682609084817 0.5429490074791957 0.5431297540499098 0.5433105006206238 0.5434912471913379 0.543671993762052 0.543852740332766 0.5440334869034801 0.5442142334741942 0.5443949800449082 0.5445757266156223 0.5447564731863366 0.5449372197570507
0.5296873960360249 0.5303978259121146 0.5311082557882042 0.531818685664295 0.5325291155403846 0.5332395454164743 0.5339499752925639 0.5346604051686535 0.5353708350447433 0.5360812649208329 0.5367916947969225 0.5375021246730122 0.5382125545491018 0.5389229844251914 0.5393843090599341 0.5395793345591091 0.5397743600582845 0.5399693855574595 0.5401644110566346 0.5403594365558096 0.5405544620549847 0.5407494875541597 0.5409445130533348 0.5411395385525098 0.5413345640516849 0.54152958955086 0.541724615050035 0.54191964054921 0.5421146660483851 0.5423096915475605 0.5425047170467355 0.5426997425459106 0.5428947680450856 0.5430897935442607 0.5432848190434357 0.5434798445426108 0.5436748700417858 0.5438698955409609 0.5440649210401359 0.544259946539311 0.544454972038486 0.5446499975376611 0.5448450230368365 0.5450400485360115
0.5297515858336852 0.5304337283466355 0.5311158708595858 0.5317980133725373 0.5324801558854876 0.5331622983984379 0.5338444409113882 0.5345265834243385 0.5352087259372887 0.535890868450239 0.5365730109631893 0.5372551534761396 0.5379372959890899 0.5386194385020402 0.539073048913526 0.5392823533411621 0.5394916577687985 0.5397009621964346 0.5399102666240706 0.5401195710517066 0.5403288754793427 0.5405381799069787 0.5407474843346147 0.5409567887622508 0.5411660931898868 0.5413753976175228 0.541584702045159 0.541794006472795 0.542003310900431 0.5422126153280674 0.5424219197557034 0.5426312241833395 0.5428405286109755 0.5430498330386115 0.5432591374662477 0.5434684418938837 0.5436777463215197 0.5438870507491558 0.5440963551767918 0.5443056596044278 0.5445149640320639 0.5447242684596999 0.5449335728873363 0.5451428773149724
