Figures/CREST_Example_wjb_NSE/PETs/wjb.pet.20101109.asc
ncols            288
nrows            254
xllcorner        113.274861
yllcorner        31.4918055
cellsize         0.008333333333
NODATA_value     -9999
[rows 160 to 179 of 254, columns 176 to 219 of 288]
1.277404100608929 1.2771018504523646 1.2767996002958004 1.276497350139236 1.2761950999826719 1.2758928498261075 1.275590599669543 1.2752883495129785 1.2749860993564144 1.27468384919985 1.2743815990432859 1.2740793488867215 1.2737770987301573 1.2734748485735932 1.2731725984170288 1.2728703482604646 1.272496609953216 1.2720464491953516 1.2715962884374872 1.2711461276796219 1.2706959669217575 1.270245806163893 1.2697956454060286 1.2693454846481642 1.2688953238902996 1.2684451631324352 1.2679950023745707 1.2675448416167063 1.267094680858842 1.2666445201009775 1.266194359343113 1.2657441985852484 1.2652940378273834 1.264843877069519 1.2643937163116545 1.26394355555379 1.2634933947959255 1.263043234038061 1.2625930732801967 1.2621429125223322 1.2616927517644678 1.2612425910066034 1.2607924302487388 1.2603422694908744
1.2772136239372256 1.2768952449423145 1.2765768659474035 1.2762584869524924 1.2759401079575814 1.2756217289626703 1.2753033499677586 1.2749849709728476 1.2746665919779365 1.2743482129830255 1.2740298339881144 1.2737114549932034 1.2733930759982923 1.2730746970033813 1.2727563180084702 1.2724379390135592 1.2720577949068372 1.2716116224980545 1.2711654500892717 1.2707192776804883 1.2702731052717056 1.2698269328629228 1.26938076045414 1.2689345880453575 1.2684884156365748 1.268042243227792 1.2675960708190093 1.2671498984102265 1.266703726001444 1.2662575535926612 1.2658113811838785 1.2653652087750957 1.2649190363663123 1.2644728639575296 1.2640266915487468 1.2635805191399643 1.2631343467311815 1.2626881743223988 1.262242001913616 1.2617958295048333 1.2613496570960507 1.260903484687268 1.2604573122784852 1.2600111398697025
1.2770231472655222 1.2766886394322645 1.2763541315990066 1.2760196237657488 1.275685115932491 1.275350608099233 1.2750161002659746 1.2746815924327166 1.274347084599459 1.274012576766201 1.273678068932943 1.2733435610996853 1.2730090532664273 1.2726745454331696 1.2723400375999117 1.2720055297666537 1.2716189798604585 1.2711767958007576 1.2707346117410565 1.2702924276813548 1.2698502436216539 1.2694080595619528 1.268965875502252 1.2685236914425508 1.26808150738285 1.2676393233231489 1.267197139263448 1.266754955203747 1.266312771144046 1.265870587084345 1.265428403024644 1.264986218964943 1.2645440349052415 1.2641018508455404 1.2636596667858395 1.2632174827261384 1.2627752986664376 1.2623331146067365 1.2618909305470356 1.2614487464873345 1.2610065624276336 1.2605643783679326 1.2601221943082317 1.2596800102485306
1.2768326705938189 1.2764820339222143 1.2761313972506096 1.2757807605790048 1.2754301239074002 1.2750794872357956 1.2747288505641903 1.2743782138925854 1.2740275772209808 1.2736769405493762 1.2733263038777716 1.2729756672061667 1.272625030534562 1.2722743938629575 1.2719237571913526 1.271573120519748 1.2711801648140795 1.27074196910346 1.2703037733928408 1.269865577682221 1.2694273819716018 1.2689891862609826 1.2685509905503631 1.268112794839744 1.2676745991291247 1.2672364034185055 1.2667982077078863 1.266360011997267 1.265921816286648 1.2654836205760285 1.2650454248654093 1.26460722915479 1.2641690334441702 1.263730837733551 1.2632926420229316 1.2628544463123124 1.2624162506016932 1.261978054891074 1.2615398591804547 1.2611016634698355 1.2606634677592163 1.2602252720485971 1.2597870763379777 1.2593488806273585
1.2766421939221155 1.276275428412164 1.2759086629022127 1.2755418973922612 1.2751751318823097 1.2748083663723582 1.274441600862406 1.2740748353524545 1.273708069842503 1.2733413043325514 1.2729745388226 1.2726077733126486 1.272241007802697 1.2718742422927456 1.271507476782794 1.2711407112728426 1.2707413497677005 1.270307142406163 1.2698729350446256 1.2694387276830874 1.2690045203215499 1.2685703129600123 1.2681361055984748 1.2677018982369375 1.2672676908754 1.2668334835138624 1.2663992761523248 1.2659650687907875 1.26553086142925 1.2650966540677124 1.264662446706175 1.2642282393446374 1.2637940319830991 1.2633598246215618 1.2629256172600243 1.2624914098984867 1.2620572025369492 1.2616229951754119 1.2611887878138743 1.2607545804523368 1.2603203730907993 1.259886165729262 1.2594519583677244 1.2590177510061868
1.2764517172504124 1.2760688229021142 1.2756859285538158 1.2753030342055176 1.2749201398572192 1.274537245508921 1.274154351160622 1.2737714568123237 1.2733885624640253 1.2730056681157271 1.2726227737674287 1.2722398794191305 1.2718569850708321 1.271474090722534 1.2710911963742355 1.2707083020259373 1.270302534721322 1.269872315708866 1.2694420966964104 1.2690118776839538 1.2685816586714982 1.2681514396590423 1.2677212206465867 1.2672910016341308 1.2668607826216751 1.2664305636092192 1.2660003445967636 1.265570125584308 1.265139906571852 1.2647096875593964 1.2642794685469405 1.2638492495344849 1.2634190305220283 1.2629888115095727 1.2625585924971168 1.2621283734846611 1.2616981544722052 1.2612679354597496 1.2608377164472937 1.260407497434838 1.2599772784223822 1.2595470594099265 1.2591168403974708 1.258686621385015
1.276261240578709 1.275862217392064 1.2754631942054189 1.2750641710187738 1.2746651478321287 1.2742661246454836 1.2738671014588376 1.2734680782721925 1.2730690550855475 1.2726700318989024 1.2722710087122573 1.2718719855256122 1.2714729623389671 1.271073939152322 1.270674915965677 1.2702758927790316 1.269863719674943 1.269437489011569 1.269011258348195 1.2685850276848203 1.2681587970214463 1.267732566358072 1.267306335694698 1.266880105031324 1.26645387436795 1.266027643704576 1.265601413041202 1.2651751823778281 1.2647489517144541 1.2643227210510801 1.2638964903877061 1.263470259724332 1.2630440290609573 1.2626177983975833 1.2621915677342093 1.2617653370708353 1.2613391064074613 1.2609128757440873 1.2604866450807133 1.260060414417339 1.259634183753965 1.259207953090591 1.258781722427217 1.258355491763843
1.276070763907006 1.275655611882014 1.2752404598570222 1.2748253078320302 1.2744101558070382 1.2739950037820462 1.2735798517570538 1.2731646997320618 1.2727495477070698 1.2723343956820778 1.271919243657086 1.271504091632094 1.2710889396071021 1.2706737875821104 1.2702586355571184 1.2698434835321264 1.2694249046285644 1.269002662314272 1.2685804199999797 1.2681581776856867 1.2677359353713946 1.2673136930571023 1.26689145074281 1.2664692084285176 1.2660469661142255 1.2656247237999332 1.2652024814856409 1.2647802391713485 1.2643579968570562 1.263935754542764 1.2635135122284717 1.2630912699141794 1.2626690275998864 1.262246785285594 1.261824542971302 1.2614023006570096 1.2609800583427173 1.260557816028425 1.2601355737141329 1.2597133313998405 1.2592910890855482 1.2588688467712559 1.2584466044569638 1.2580243621426714
1.2758802872353026 1.275449006371964 1.275017725508625 1.2745864446452864 1.2741551637819477 1.273723882918609 1.2732926020552695 1.2728613211919309 1.272430040328592 1.2719987594652533 1.2715674786019147 1.2711361977385758 1.2707049168752371 1.2702736360118985 1.2698423551485596 1.269411074285221 1.2689860895821854 1.268567835616975 1.2681495816517643 1.2677313276865532 1.2673130737213425 1.266894819756132 1.2664765657909216 1.266058311825711 1.2656400578605005 1.2652218038952898 1.2648035499300794 1.264385295964869 1.2639670419996583 1.2635487880344478 1.2631305340692371 1.2627122801040267 1.2622940261388154 1.261875772173605 1.2614575182083945 1.2610392642431838 1.2606210102779734 1.2602027563127627 1.2597845023475522 1.2593662483823418 1.2589479944171311 1.2585297404519207 1.25811148648671 1.2576932325214996
1.2756898105635994 1.2752424008619139 1.2747949911602283 1.2743475814585428 1.2739001717568572 1.2734527620551717 1.2730053523534854 1.2725579426518 1.2721105329501143 1.2716631232484288 1.2712157135467432 1.2707683038450577 1.2703208941433721 1.2698734844416868 1.2694260747400012 1.2689786650383157 1.2685472745358068 1.268133008919678 1.2677187433035493 1.2673044776874196 1.2668902120712908 1.266475946455162 1.2660616808390333 1.2656474152229045 1.2652331496067757 1.264818883990647 1.2644046183745181 1.2639903527583893 1.2635760871422606 1.2631618215261315 1.2627475559100028 1.262333290293874 1.2619190246777445 1.2615047590616157 1.261090493445487 1.2606762278293582 1.2602619622132294 1.2598476965971004 1.2594334309809716 1.2590191653648428 1.258604899748714 1.2581906341325853 1.2577763685164565 1.2573621029003277
1.2754993338918958 1.2750357953518636 1.2745722568118312 1.274108718271799 1.2736451797317665 1.2731816411917343 1.2727181026517012 1.2722545641116687 1.2717910255716363 1.271327487031604 1.2708639484915716 1.2704004099515394 1.269936871411507 1.2694733328714747 1.2690097943314422 1.26854625579141 1.2681084594894276 1.2676981822223807 1.2672879049553336 1.2668776276882858 1.2664673504212387 1.2660570731541918 1.2656467958871447 1.2652365186200976 1.2648262413530507 1.2644159640860035 1.2640056868189564 1.2635954095519093 1.2631851322848624 1.2627748550178153 1.2623645777507682 1.2619543004837213 1.2615440232166735 1.2611337459496264 1.2607234686825792 1.260313191415532 1.2599029141484852 1.259492636881438 1.259082359614391 1.258672082347344 1.258261805080297 1.2578515278132498 1.2574412505462027 1.2570309732791558
1.2753088572201927 1.2748291898418134 1.2743495224634342 1.2738698550850551 1.273390187706676 1.2729105203282969 1.2724308529499169 1.2719511855715377 1.2714715181931586 1.2709918508147793 1.2705121834364002 1.270032516058021 1.269552848679642 1.2690731813012628 1.2685935139228837 1.2681138465445043 1.2676696444430489 1.2672633555250836 1.2668570666071182 1.2664507776891523 1.2660444887711868 1.2656381998532216 1.2652319109352563 1.2648256220172909 1.2644193330993256 1.2640130441813602 1.263606755263395 1.2632004663454297 1.2627941774274642 1.262387888509499 1.2619815995915338 1.2615753106735683 1.2611690217556024 1.260762732837637 1.2603564439196717 1.2599501550017065 1.259543866083741 1.2591375771657758 1.2587312882478106 1.258324999329845 1.2579187104118799 1.2575124214939144 1.2571061325759492 1.256699843657984
1.2751183805484894 1.2746225843317636 1.2741267881150375 1.2736309918983115 1.2731351956815855 1.2726393994648597 1.2721436032481328 1.2716478070314068 1.2711520108146808 1.270656214597955 1.270160418381229 1.269664622164503 1.269168825947777 1.2686730297310511 1.268177233514325 1.267681437297599 1.26723082939667 1.2668285288277865 1.266426228258903 1.2660239276900187 1.2656216271211351 1.2652193265522516 1.264817025983368 1.2644147254144844 1.2640124248456008 1.2636101242767173 1.2632078237078337 1.2628055231389501 1.2624032225700665 1.262000922001183 1.2615986214322994 1.2611963208634156 1.2607940202945314 1.2603917197256478 1.2599894191567642 1.2595871185878806 1.259184818018997 1.2587825174501135 1.25838021688123 1.2579779163123463 1.2575756157434628 1.2571733151745792 1.2567710146056956 1.256368714036812
1.2749279038767862 1.2744159788217133 1.2739040537666406 1.2733921287115677 1.272880203656495 1.2723682786014223 1.2718563535463485 1.2713444284912758 1.2708325034362031 1.2703205783811302 1.2698086533260575 1.2692967282709846 1.268784803215912 1.2682728781608392 1.2677609531057663 1.2672490280506936 1.2667920143502913 1.2663937021304894 1.2659953899106877 1.2655970776908851 1.2651987654710832 1.2648004532512813 1.2644021410314796 1.2640038288116777 1.2636055165918758 1.2632072043720741 1.2628088921522722 1.2624105799324703 1.2620122677126684 1.2616139554928667 1.2612156432730648 1.2608173310532629 1.2604190188334603 1.2600207066136586 1.2596223943938567 1.2592240821740548 1.258825769954253 1.2584274577344512 1.2580291455146493 1.2576308332948476 1.2572325210750457 1.2568342088552438 1.2564358966354419 1.2560375844156402
1.2747374272050829 1.2742093733116633 1.2736813194182437 1.273153265524824 1.2726252116314045 1.272097157737985 1.2715691038445645 1.2710410499511449 1.2705129960577253 1.2699849421643057 1.269456888270886 1.2689288343774665 1.268400780484047 1.2678727265906276 1.267344672697208 1.2668166188037884 1.2663531993039125 1.2659588754331925 1.2655645515624725 1.2651702276917516 1.2647759038210316 1.2643815799503115 1.2639872560795913 1.2635929322088713 1.2631986083381512 1.262804284467431 1.262409960596711 1.2620156367259907 1.2616213128552707 1.2612269889845507 1.2608326651138304 1.2604383412431104 1.2600440173723897 1.2596496935016694 1.2592553696309494 1.2588610457602294 1.2584667218895091 1.2580723980187891 1.2576780741480689 1.2572837502773488 1.2568894264066288 1.2564951025359086 1.2561007786651885 1.2557064547944685
1.2745469505333795 1.274002767801613 1.2734585850698468 1.2729144023380803 1.272370219606314 1.2718260368745475 1.2712818541427802 1.270737671411014 1.2701934886792474 1.2696493059474812 1.2691051232157147 1.2685609404839484 1.268016757752182 1.2674725750204157 1.2669283922886492 1.2663842095568827 1.2659143842575338 1.2655240487358954 1.265133713214257 1.264743377692618 1.2643530421709797 1.2639627066493413 1.263572371127703 1.2631820356060646 1.2627917000844262 1.2624013645627878 1.2620110290411495 1.2616206935195111 1.2612303579978728 1.2608400224762344 1.260449686954596 1.2600593514329577 1.2596690159113186 1.2592786803896803 1.258888344868042 1.2584980093464035 1.2581076738247652 1.2577173383031268 1.2573270027814885 1.25693666725985 1.2565463317382117 1.2561559962165734 1.255765660694935 1.2553753251732966
1.2743564738616762 1.273796162291563 1.2732358507214498 1.2726755391513365 1.2721152275812233 1.2715549160111101 1.2709946044409959 1.2704342928708827 1.2698739813007696 1.2693136697306564 1.268753358160543 1.2681930465904299 1.2676327350203167 1.2670724234502035 1.2665121118800904 1.265951800309977 1.2654755692111548 1.265089222038598 1.2647028748660414 1.2643165276934842 1.2639301805209275 1.2635438333483708 1.2631574861758144 1.2627711390032577 1.262384791830701 1.2619984446581445 1.2616120974855878 1.261225750313031 1.2608394031404746 1.260453055967918 1.2600667087953612 1.2596803616228047 1.2592940144502474 1.2589076672776907 1.2585213201051342 1.2581349729325775 1.2577486257600208 1.2573622785874643 1.2569759314149076 1.256589584242351 1.2562032370697942 1.2558168898972377 1.255430542724681 1.2550441955521243
1.2741659971899728 1.2735895567815128 1.273013116373053 1.2724366759645929 1.2718602355561328 1.2712837951476728 1.2707073547392118 1.2701309143307518 1.269554473922292 1.2689780335138319 1.2684015931053718 1.2678251526969118 1.2672487122884517 1.2666722718799919 1.2660958314715318 1.2655193910630718 1.265036754164776 1.2646543953413012 1.2642720365178262 1.2638896776943507 1.2635073188708759 1.263124960047401 1.262742601223926 1.2623602424004512 1.2619778835769764 1.2615955247535013 1.2612131659300265 1.2608308071065517 1.2604484482830767 1.2600660894596019 1.259683730636127 1.259301371812652 1.2589190129891765 1.2585366541657017 1.2581542953422267 1.2577719365187519 1.257389577695277 1.257007218871802 1.2566248600483272 1.2562425012248524 1.2558601424013773 1.2554777835779025 1.2550954247544277 1.2547130659309527
1.2749488779658242 1.2743793745193757 1.2738098710729269 1.273240367626478 1.2726708641800295 1.2721013607335807 1.271531857287131 1.2709623538406822 1.2703928503942337 1.2698233469477849 1.2692538435013363 1.2686843400548875 1.2681148366084387 1.2675453331619901 1.2669758297155413 1.2664063262690926 1.2659278707405601 1.2655467474963855 1.2651656242522107 1.2647845010080354 1.2644033777638608 1.2640222545196862 1.2636411312755116 1.263260008031337 1.2628788847871624 1.2624977615429878 1.262116638298813 1.2617355150546383 1.2613543918104637 1.260973268566289 1.2605921453221145 1.26021102207794 1.2598298988337646 1.2594487755895898 1.2590676523454152 1.2586865291012406 1.258305405857066 1.2579242826128914 1.2575431593687167 1.257162036124542 1.2567809128803673 1.2563997896361927 1.256018666392018 1.2556375431478435
1.276772216499637 1.2762343059018797 1.2756963953041223 1.275158484706365 1.2746205741086079 1.2740826635108504 1.2735447529130923 1.273006842315335 1.2724689317175777 1.2719310211198205 1.271393110522063 1.2708551999243058 1.2703172893265486 1.2697793787287912 1.269241468131034 1.2687035575332768 1.268240600391082 1.267857770188826 1.2674749399865701 1.2670921097843135 1.2667092795820576 1.2663264493798017 1.2659436191775457 1.2655607889752898 1.2651779587730339 1.264795128570778 1.264412298368522 1.264029468166266 1.26364663796401 1.2632638077617542 1.2628809775594982 1.2624981473572423 1.2621153171549857 1.2617324869527298 1.2613496567504738 1.260966826548218 1.260583996345962 1.260201166143706 1.25981833594145 1.2594355057391944 1.2590526755369384 1.2586698453346825 1.2582870151324266 1.2579041849301706
