Figures/CREST_Example_wjb_NSE/PETs/wjb.pet.20090611.asc
ncols            288
nrows            254
xllcorner        113.274861
yllcorner        31.4918055
cellsize         0.008333333333
NODATA_value     -9999
[rows 20 to 39 of 254, columns 44 to 87 of 288]
2.897900617420273 2.89652344674717 2.895146276074067 2.893769105400964 2.8923919347278613 2.8910147640547583 2.8896375933816554 2.8882604227085524 2.8868832520354473 2.8855060813623443 2.8841289106892414 2.8827517400161384 -9999.0 -9999.0 -9999.0 -9999.0 -9999.0 -9999.0 -9999.0 -9999.0 -9999.0 -9999.0 -9999.0 -9999.0 -9999.0 -9999.0 2.8620941799195916 2.8607170092464886 2.859563760802897 2.858649890284653 2.857736019766408 2.856822149248164 2.8559082787299195 2.8549944082116747 2.8540805376934286 2.8531666671751843 2.85225279665694 2.851338926138695 2.850425055620451 2.8495111851022066 2.848597314583962 2.8476834440657175 2.8467695735474727 2.8458557030292284
2.899887117926087 2.898422846167709 2.8969585744093305 2.895494302650952 2.894030030892574 2.892565759134196 2.8911014873758174 2.889637215617439 2.888172943859058 2.88670867210068 2.8852444003423017 2.8837801285839233 2.882315856825545 2.8808515850671665 -9999.0 -9999.0 -9999.0 -9999.0 -9999.0 -9999.0 -9999.0 -9999.0 -9999.0 -9999.0 -9999.0 -9999.0 2.861816052208246 2.8603517804498675 2.859140556279146 2.858199845700038 2.8572591351209304 2.8563184245418225 2.8553777139627146 2.8544370033836066 2.853496292804497 2.852555582225389 2.851614871646281 2.850674161067173 2.849733450488065 2.8487927399089576 2.8478520293298497 2.8469113187507418 2.845970608171634 2.845029897592526
2.9018736184319014 2.9003222455882476 2.8987708727445938 2.8972194999009404 2.8956681270572866 2.894116754213633 2.892565381369979 2.8910140085263256 2.889462635682669 2.8879112628390153 2.8863598899953615 2.884808517151708 2.8832571443080544 2.8817057714644005 -9999.0 -9999.0 -9999.0 -9999.0 -9999.0 -9999.0 -9999.0 -9999.0 -9999.0 -9999.0 -9999.0 -9999.0 2.8615379244968997 2.859986551653246 2.858717351755394 2.857749801115423 2.856782250475452 2.8558146998354803 2.854847149195509 2.8538795985555376 2.8529120479155647 2.851944497275593 2.850976946635622 2.850009395995651 2.8490418453556794 2.8480742947157083 2.8471067440757367 2.8461391934357656 2.845171642795794 2.844204092155823
2.903860118937715 2.9022216450087863 2.900583171079857 2.898944697150928 2.897306223221999 2.89566774929307 2.894029275364141 2.8923908014352118 2.89075232750628 2.8891138535773506 2.887475379648422 2.8858369057194926 2.884198431790564 2.8825599578616345 -9999.0 -9999.0 -9999.0 -9999.0 -9999.0 -9999.0 -9999.0 -9999.0 -9999.0 -9999.0 -9999.0 -9999.0 2.861259796785554 2.8596213228566247 2.858294147231643 2.8572997565308085 2.8563053658299737 2.855310975129139 2.8543165844283043 2.8533221937274695 2.852327803026633 2.8513334123257983 2.8503390216249636 2.849344630924129 2.848350240223294 2.8473558495224593 2.8463614588216246 2.84536706812079 2.844372677419955 2.8433782867191204
2.9058466194435293 2.904121044429325 2.9023954694151204 2.900669894400916 2.8989443193867115 2.8972187443725073 2.8954931693583026 2.8937675943440984 2.892042019329891 2.8903164443156864 2.888590869301482 2.8868652942872775 2.8851397192730732 2.883414144258869 2.8816885692446643 2.87996299423046 -9999.0 2.876511844202051 2.8747862691878465 -9999.0 -9999.0 -9999.0 -9999.0 -9999.0 -9999.0 2.8627072440884125 2.8609816690742083 2.8592560940600036 2.857870942707892 2.8568497119461935 2.855828481184495 2.8548072504227973 2.853786019661099 2.852764788899401 2.851743558137701 2.850722327376003 2.8497010966143046 2.8486798658526067 2.8476586350909083 2.84663740432921 2.845616173567512 2.8445949428058137 2.843573712044116 2.8425524812824174
2.9078331199493435 2.906020443849864 2.9042077677503837 2.902395091650904 2.9005824155514244 2.8987697394519443 2.8969570633524646 2.895144387252985 2.8933317111535017 2.891519035054022 2.8897063589545424 2.8878936828550623 2.8860810067555827 2.884268330656103 2.882455654556623 2.8806429784571432 2.878830302357663 2.8770176262581835 2.875204950158704 2.8733922740592237 2.871579597959744 -9999.0 -9999.0 -9999.0 -9999.0 2.8625162174623417 2.860703541362862 2.8588908652633824 2.85744773818414 2.8563996673615786 2.855351596539017 2.8543035257164555 2.8532554548938935 2.852207384071332 2.8511593132487687 2.850111242426207 2.8490631716036456 2.848015100781084 2.8469670299585226 2.845918959135961 2.8448708883133995 2.843822817490838 2.8427747466682765 2.8417266758457145
2.9098196204551576 2.9079198432704025 2.9060200660856474 2.9041202889008924 2.902220511716137 2.9003207345313817 2.8984209573466266 2.8965211801618715 2.894621402977113 2.892721625792358 2.8908218486076027 2.888922071422847 2.887022294238092 2.885122517053337 2.883222739868582 2.881322962683827 2.8794231854990713 2.877523408314316 2.875623631129561 2.873723853944806 2.8718240767600505 -9999.0 -9999.0 -9999.0 -9999.0 2.8623251908362715 2.8604254136515164 2.8585256364667613 2.8570245336603888 2.8559496227769636 2.854874711893539 2.8537998010101138 2.8527248901266886 2.851649979243264 2.850575068359837 2.849500157476412 2.8484252465929867 2.847350335709562 2.846275424826137 2.8452005139427117 2.844125603059287 2.843050692175862 2.8419757812924367 2.840900870409012
2.9118061209609736 2.909819242690943 2.907832364420912 2.9058454861508816 2.903858607880851 2.9018717296108205 2.8998848513407895 2.897897973070759 2.895911094800725 2.8939242165306944 2.891937338260664 2.889950459990633 2.8879635817206024 2.885976703450572 2.8839898251805414 2.8820029469105104 2.88001606864048 2.8780291903704494 2.876042312100419 2.874055433830388 2.8720685555603573 2.8700816772903233 -9999.0 -9999.0 -9999.0 2.8621341642102007 2.86014728594017 2.8581604076701397 2.856601329136637 2.8554995781923487 2.85439782724806 2.8532960763037716 2.8521943253594833 2.851092574415195 2.8499908234709044 2.848889072526616 2.8477873215823277 2.846685570638039 2.8455838196937506 2.8444820687494623 2.8433803178051735 2.842278566860885 2.841176815916597 2.8400750649723085
2.915277555076712 2.913213564918574 2.9111495747604357 2.909085584602298 2.9070215944441595 2.9049576042860212 2.9028936141278834 2.900829623969745 2.8987656338116037 2.8967016436534654 2.894637653495327 2.8925736633371892 2.890509673179051 2.888445683020913 2.886381692862775 2.8843177027046365 2.8822537125464986 2.8801897223883604 2.878125732230222 2.876061742072084 2.873997751913946 2.8719337617558045 2.869869771597666 2.867805781439528 2.86574179128139 2.8636778011232518 2.861613810965114 2.8595498208069756 2.8579723792773053 2.8569150692304137 2.855857759183522 2.854800449136631 2.8537431390897394 2.852685829042848 2.8516285189959545 2.850571208949063 2.8495138989021713 2.8484565888552797 2.8473992788083886 2.846341968761497 2.8452846587146055 2.844227348667714 2.8431700386208223 2.8421127285739307
2.9203362895837532 2.918205865359376 2.916075441134999 2.913945016910622 2.9118145926862447 2.909684168461868 2.907553744237491 2.9054233200131137 2.903292895788733 2.901162471564356 2.8990320473399787 2.896901623115602 2.894771198891225 2.8926407746668477 2.8905103504424705 2.8883799262180934 2.8862495019937167 2.8841190777693395 2.8819886535449624 2.879858229320585 2.877727805096208 2.8755973808718274 2.8734669566474507 2.8713365324230735 2.8692061081986964 2.8670756839743192 2.864945259749942 2.862814835525565 2.8612613745112063 2.860324700211221 2.859388025911235 2.8584513516112495 2.857514677311264 2.856578003011278 2.855641328711291 2.8547046544113055 2.85376798011132 2.8528313058113346 2.8518946315113487 2.8509579572113632 2.850021282911378 2.849084608611392 2.8481479343114064 2.847211260011421
2.925395024090794 2.923198165800178 2.921001307509562 2.918804449218946 2.91660759092833 2.914410732637714 2.912213874347098 2.910017016056482 2.9078201577658627 2.9056232994752467 2.9034264411846307 2.9012295828940147 2.8990327246033987 2.8968358663127827 2.8946390080221667 2.8924421497315507 2.8902452914409347 2.8880484331503187 2.8858515748597027 2.8836547165690867 2.8814578582784707 2.879260999987851 2.877064141697235 2.874867283406619 2.872670425116003 2.870473566825387 2.868276708534771 2.866079850244155 2.8645503697451073 2.863734331192028 2.8629182926389483 2.8621022540858685 2.861286215532789 2.8604701769797094 2.8596541384266283 2.8588380998735485 2.858022061320469 2.8572060227673894 2.8563899842143097 2.85557394566123 2.8547579071081506 2.853941868555071 2.853125830001991 2.8523097914489113
2.9304537585978356 2.928190466240981 2.925927173884126 2.923663881527271 2.921400589170416 2.919137296813561 2.916874004456706 2.9146107120998512 2.9123474197429924 2.9100841273861375 2.9078208350292822 2.9055575426724274 2.9032942503155725 2.9010309579587177 2.898767665601863 2.8965043732450075 2.8942410808881527 2.891977788531298 2.889714496174443 2.887451203817588 2.885187911460733 2.882924619103874 2.880661326747019 2.8783980343901643 2.8761347420333094 2.8738714496764546 2.8716081573195993 2.8693448649627444 2.8678393649790084 2.8671439621728347 2.866448559366661 2.8657531565604875 2.8650577537543134 2.8643623509481397 2.8636669481419648 2.862971545335791 2.8622761425296175 2.861580739723444 2.86088533691727 2.8601899341110966 2.859494531304923 2.858799128498749 2.858103725692575 2.8574083228864016
2.9355124931048766 2.933182766681783 2.930853040258689 2.928523313835595 2.9261935874125014 2.9238638609894076 2.9215341345663135 2.91920440814322 2.916874681720122 2.914544955297028 2.9122152288739342 2.90988550245084 2.9075557760277464 2.9052260496046527 2.9028963231815585 2.900566596758465 2.898236870335371 2.895907143912277 2.8935774174891833 2.8912476910660896 2.8889179646429954 2.8865882382198977 2.884258511796804 2.88192878537371 2.879599058950616 2.877269332527522 2.8749396061044283 2.8726098796813346 2.87112836021291 2.870553593153642 2.8699788260943744 2.8694040590351064 2.8688292919758385 2.868254524916571 2.867679757857302 2.867104990798034 2.8665302237387666 2.8659554566794987 2.865380689620231 2.8648059225609632 2.8642311555016953 2.8636563884424278 2.86308162138316 2.8625068543238923
2.9405712276119225 2.93817506712259 2.935778906633257 2.933382746143924 2.930986585654591 2.9285904251652584 2.9261942646759254 2.9237981041865924 2.9214019436972554 2.919005783207923 2.91660962271859 2.914213462229257 2.911817301739924 2.9094211412505913 2.9070249807612583 2.9046288202719253 2.9022326597825923 2.8998364992932597 2.8974403388039267 2.8950441783145937 2.8926480178252607 2.890251857335924 2.887855696846591 2.885459536357258 2.883063375867925 2.8806672153785926 2.8782710548892596 2.8758748943999266 2.874417355446813 2.8739632241344517 2.87350909282209 2.873054961509728 2.8726008301973662 2.872146698885005 2.871692567572642 2.8712384362602803 2.870784304947919 2.870330173635557 2.8698760423231953 2.8694219110108334 2.868967779698472 2.8685136483861102 2.8680595170737484 2.8676053857613866
2.945629962118964 2.943167367563392 2.94070477300782 2.9382421784522483 2.9357795838966765 2.9333169893411046 2.930854394785533 2.928391800229961 2.925929205674385 2.9234666111188132 2.9210040165632414 2.9185414220076695 2.9160788274520977 2.9136162328965263 2.9111536383409544 2.9086910437853826 2.9062284492298107 2.903765854674239 2.901303260118667 2.898840665563095 2.8963780710075233 2.8939154764519475 2.8914528818963756 2.8889902873408038 2.886527692785232 2.88406509822966 2.881602503674088 2.879139909118517 2.8777063506807146 2.877372855115259 2.877039359549803 2.876705863984347 2.8763723684188913 2.8760388728534356 2.875705377287979 2.8753718817225233 2.8750383861570676 2.874704890591612 2.8743713950261562 2.8740378994607 2.8737044038952444 2.8733709083297887 2.873037412764333 2.872703917198877
2.950688696626005 2.948159668004194 2.9456306393823835 2.9431016107605728 2.9405725821387616 2.938043553516951 2.93551452489514 2.9329854962733295 2.9304564676515144 2.9279274390297036 2.925398410407893 2.9228693817860822 2.9203403531642715 2.917811324542461 2.91528229592065 2.9127532672988394 2.9102242386770287 2.907695210055218 2.9051661814334073 2.902637152811596 2.9001081241897855 2.8975790955679708 2.8950500669461596 2.892521038324349 2.8899920097025382 2.8874629810807275 2.884933952458917 2.882404923837106 2.8809953459146156 2.8807824860960656 2.8805696262775156 2.880356766458966 2.880143906640416 2.8799310468218664 2.879718187003316 2.8795053271847664 2.8792924673662164 2.8790796075476663 2.8788667477291168 2.8786538879105668 2.8784410280920167 2.878228168273467 2.878015308454917 2.877802448636367
2.9557474311330463 2.9531519684449967 2.950556505756947 2.947961043068897 2.9453655803808476 2.942770117692798 2.940174655004748 2.9375791923166985 2.9349837296286445 2.932388266940595 2.929792804252545 2.9271973415644954 2.924601878876446 2.922006416188396 2.9194109535003463 2.9168154908122967 2.914220028124247 2.911624565436197 2.9090291027481476 2.906433640060098 2.903838177372048 2.901242714683994 2.8986472519959445 2.896051789307895 2.893456326619845 2.8908608639317954 2.888265401243746 2.885669938555696 2.8842843411485166 2.8841921170768727 2.884099893005229 2.884007668933585 2.883915444861941 2.883823220790297 2.8837309967186533 2.8836387726470094 2.8835465485753655 2.883454324503721 2.8833621004320773 2.8832698763604334 2.8831776522887895 2.8830854282171456 2.8829932041455018 2.882900980073858
2.9608061656400873 2.958144268885799 2.95548237213151 2.9528204753772216 2.9501585786229327 2.9474966818686443 2.9448347851143555 2.942172888360067 2.939510991605774 2.9368490948514854 2.9341871980971965 2.931525301342908 2.9288634045886193 2.926201507834331 2.923539611080042 2.9208777143257536 2.9182158175714648 2.9155539208171763 2.9128920240628875 2.910230127308599 2.9075682305543102 2.9049063338000174 2.9022444370457285 2.89958254029144 2.8969206435371513 2.894258746782863 2.891596850028574 2.8889349532742856 2.8875733363824176 2.88760174805768 2.8876301597329417 2.887658571408204 2.8876869830834657 2.887715394758728 2.8877438064339898 2.887772218109252 2.887800629784514 2.887829041459776 2.887857453135038 2.8878858648103 2.887914276485562 2.887942688160824 2.887971099836086 2.887999511511348
2.965864900147129 2.9631365693266014 2.9604082385060737 2.9576799076855464 2.9549515768650187 2.952223246044491 2.9494949152239633 2.946766584403436 2.944038253582904 2.9413099227623762 2.9385815919418485 2.9358532611213213 2.9331249303007936 2.930396599480266 2.9276682686597386 2.924939937839211 2.922211607018683 2.919483276198156 2.9167549453776282 2.9140266145571005 2.911298283736573 2.9085699529160407 2.9058416220955134 2.9031132912749857 2.900384960454458 2.897656629633931 2.894928298813403 2.8921999679928754 2.890862331616319 2.891011379038487 2.891160426460655 2.891309473882823 2.891458521304991 2.8916075687271587 2.891756616149327 2.891905663571495 2.892054710993663 2.892203758415831 2.892352805837999 2.8925018532601667 2.8926509006823347 2.8927999481045026 2.8929489955266705 2.8930980429488384
2.97092363465417 2.9681288697674035 2.965334104880637 2.9625393399938704 2.959744575107104 2.9569498102203373 2.954155045333571 2.9513602804468047 2.948565515560033 2.9457707506732667 2.9429759857865 2.9401812208997335 2.9373864560129674 2.934591691126201 2.9317969262394343 2.9290021613526678 2.9262073964659012 2.9234126315791347 2.920617866692368 2.9178231018056016 2.9150283369188354 2.912233572032064 2.9094388071452975 2.906644042258531 2.9038492773717643 2.901054512484998 2.8982597475982317 2.895464982711465 2.8941513268502197 2.8944210100192937 2.894690693188368 2.8949603763574414 2.8952300595265155 2.895499742695589 2.8957694258646636 2.8960391090337376 2.8963087922028112 2.8965784753718853 2.8968481585409593 2.897117841710033 2.897387524879107 2.897657208048181 2.8979268912172547 2.8981965743863287
