Figures/CREST_Example_wjb_NSE/PETs/wjb.pet.20090209.asc
ncols            288
nrows            254
xllcorner        113.274861
yllcorner        31.4918055
cellsize         0.008333333333
NODATA_value     -9999
[rows 200 to 219 of 254, columns 220 to 263 of 288]
1.2545711818145389 1.2534306456776634 1.2524495888163194 1.25163901890981 1.2508284490033008 1.2500178790967915 1.2492073091902822 1.248396739283773 1.2475861693772636 1.2467755994707543 1.245965029564245 1.2451544596577357 1.2443438897512265 1.2435333198447172 1.2427227499382065 1.2419121800316972 1.241101610125188 1.2402910402186786 1.2394804703121693 1.23866990040566 1.2378593304991508 1.2370487605926417 1.2362381906861324 1.235427620779623 1.2346170508731138 1.2338064809666045 1.2329959110600952 1.2321853411535846 1.2313747712470753 1.230564201340566 1.2297536314340567 -9999.0 -9999.0 -9999.0 -9999.0 -9999.0 -9999.0 -9999.0 -9999.0 -9999.0 -9999.0 -9999.0 -9999.0 -9999.0
1.2555798213522964 1.2544300958886463 1.253446776941813 1.2526413503275238 1.2518359237132346 1.2510304970989454 1.2502250704846563 1.249419643870367 1.248614217256078 1.2478087906417887 1.2470033640274996 1.2461979374132104 1.2453925107989212 1.244587084184632 1.2437816575703415 1.2429762309560524 1.2421708043417632 1.241365377727474 1.2405599511131848 1.2397545244988957 1.2389490978846065 1.2381436712703173 1.2373382446560282 1.2365328180417388 1.2357273914274496 1.2349219648131604 1.2341165381988712 1.2333111115845807 1.2325056849702916 1.2317002583560024 -9999.0 -9999.0 -9999.0 -9999.0 -9999.0 -9999.0 -9999.0 -9999.0 -9999.0 -9999.0 -9999.0 -9999.0 -9999.0 -9999.0
1.2565884608900537 1.2554295460996292 1.2544439650673067 1.2536436817452377 1.2528433984231686 1.2520431151010996 1.2512428317790303 1.2504425484569612 1.2496422651348922 1.2488419818128231 1.248041698490754 1.247241415168685 1.2464411318466158 1.2456408485245467 1.2448405652024763 1.2440402818804073 1.2432399985583382 1.2424397152362692 1.2416394319142 1.2408391485921308 1.2400388652700618 1.2392385819479927 1.2384382986259237 1.2376380153038546 1.2368377319817854 1.2360374486597163 1.2352371653376473 1.2344368820155769 1.2336365986935078 1.2328363153714386 -9999.0 -9999.0 -9999.0 -9999.0 -9999.0 -9999.0 -9999.0 -9999.0 -9999.0 -9999.0 -9999.0 -9999.0 -9999.0 -9999.0
1.2575971004278113 1.2564289963106123 1.2554411531928005 1.2546460131629515 1.2538508731331024 1.2530557331032535 1.2522605930734045 1.2514654530435556 1.2506703130137065 1.2498751729838575 1.2490800329540086 1.2482848929241597 1.2474897528943105 1.2466946128644616 1.2458994728346113 1.2451043328047622 1.2443091927749133 1.2435140527450643 1.2427189127152154 1.2419237726853662 1.2411286326555173 1.2403334926256684 1.2395383525958195 1.2387432125659703 1.2379480725361214 1.2371529325062725 1.2363577924764235 1.235562652446573 1.2347675124167241 1.2339723723868752 1.233177232357026 -9999.0 -9999.0 -9999.0 -9999.0 -9999.0 -9999.0 -9999.0 -9999.0 -9999.0 -9999.0 -9999.0 -9999.0 -9999.0
1.258605739965569 1.2574284465215957 1.2564383413182947 1.2556483445806657 1.2548583478430368 1.2540683511054078 1.253278354367779 1.2524883576301502 1.2516983608925212 1.2509083641548924 1.2501183674172636 1.2493283706796345 1.2485383739420057 1.2477483772043767 1.2469583804667466 1.2461683837291178 1.2453783869914887 1.24458839025386 1.243798393516231 1.243008396778602 1.2422184000409733 1.2414284033033443 1.2406384065657154 1.2398484098280864 1.2390584130904576 1.2382684163528288 1.2374784196151998 1.2366884228775696 1.2358984261399406 1.2351084294023118 -9999.0 -9999.0 -9999.0 -9999.0 -9999.0 -9999.0 -9999.0 -9999.0 -9999.0 -9999.0 -9999.0 -9999.0 -9999.0 -9999.0
1.2596143795033266 1.2584278967325786 1.2574355294437882 1.2566506759983795 1.2558658225529706 1.255080969107562 1.254296115662153 1.2535112622167444 1.2527264087713357 1.2519415553259268 1.251156701880518 1.2503718484351092 1.2495869949897005 1.2488021415442916 1.2480172880988816 1.2472324346534727 1.246447581208064 1.245662727762655 1.2448778743172464 1.2440930208718375 1.2433081674264288 1.24252331398102 1.2417384605356112 1.2409536070902023 1.2401687536447936 1.2393839001993847 1.238599046753976 1.2378141933085658 1.237029339863157 -9999.0 -9999.0 -9999.0 -9999.0 -9999.0 -9999.0 -9999.0 -9999.0 -9999.0 -9999.0 -9999.0 -9999.0 -9999.0 -9999.0 -9999.0
1.2606230190410839 1.2594273469435615 1.258432717569282 1.2576530074160934 1.2568732972629046 1.2560935871097159 1.2553138769565273 1.2545341668033385 1.2537544566501497 1.2529747464969612 1.2521950363437724 1.2514153261905838 1.250635616037395 1.2498559058842063 1.2490761957310164 1.2482964855778276 1.247516775424639 1.2467370652714502 1.2459573551182614 1.2451776449650729 1.244397934811884 1.2436182246586955 1.2428385145055068 1.242058804352318 1.2412790941991294 1.2404993840459406 1.2397196738927518 -9999.0 -9999.0 -9999.0 -9999.0 -9999.0 -9999.0 -9999.0 -9999.0 -9999.0 -9999.0 -9999.0 -9999.0 -9999.0 -9999.0 -9999.0 -9999.0 -9999.0
1.2616316585788419 1.260426797154545 1.2594299056947762 1.2586553388338075 1.257880771972839 1.2571062051118704 1.2563316382509018 1.255557071389933 1.2547825045289647 1.254007937667996 1.2532333708070273 1.252458803946059 1.2516842370850902 1.2509096702241216 1.2501351033631516 1.2493605365021831 1.2485859696412145 1.2478114027802458 1.2470368359192774 1.2462622690583087 1.24548770219734 1.2447131353363716 1.243938568475403 1.2431640016144343 1.2423894347534656 1.2416148678924972 -9999.0 -9999.0 -9999.0 -9999.0 -9999.0 -9999.0 -9999.0 -9999.0 -9999.0 -9999.0 -9999.0 -9999.0 -9999.0 -9999.0 -9999.0 -9999.0 -9999.0 -9999.0
1.2641260982559186 1.2628169469094173 1.2617666640079979 1.260993117333012 1.2602195706580261 1.2594460239830403 1.2586724773080544 1.2578989306330686 1.2571253839580827 1.2563518372830969 1.255578290608111 1.2548047439331251 1.2540311972581393 1.2532576505831534 1.2524841039081664 1.2517105572331806 1.2509370105581947 1.2501634638832089 1.249389917208223 1.2486163705332372 1.2478428238582513 1.2470692771832654 1.2462957305082796 1.2455221838332937 1.2447486371583079 1.243975090483322 -9999.0 -9999.0 -9999.0 -9999.0 -9999.0 -9999.0 -9999.0 -9999.0 -9999.0 -9999.0 -9999.0 -9999.0 -9999.0 -9999.0 -9999.0 -9999.0 -9999.0 -9999.0
1.2682087646353724 1.2666936668241229 1.265535338421882 1.264758404592181 1.26398147076248 1.2632045369327791 1.262427603103078 1.261650669273377 1.260873735443676 1.260096801613975 1.2593198677842743 1.2585429339545733 1.2577660001248723 1.2569890662951713 1.256212132465469 1.2554351986357681 1.2546582648060671 1.2538813309763661 1.253104397146665 1.252327463316964 1.2515505294872633 1.2507735956575623 1.2499966618278613 1.2492197279981603 1.2484427941684593 1.2476658603387583 1.2468889265090575 -9999.0 -9999.0 -9999.0 -9999.0 -9999.0 -9999.0 -9999.0 -9999.0 -9999.0 -9999.0 -9999.0 -9999.0 -9999.0 -9999.0 -9999.0 -9999.0 -9999.0
1.2722914310148281 1.2705703867388303 1.2693040128357678 1.2685236918513516 1.2677433708669357 1.2669630498825195 1.2661827288981033 1.2654024079136874 1.2646220869292712 1.263841765944855 1.2630614449604392 1.262281123976023 1.2615008029916068 1.260720482007191 1.2599401610227734 1.2591598400383572 1.2583795190539413 1.2575991980695251 1.256818877085109 1.256038556100693 1.2552582351162769 1.2544779141318607 1.2536975931474448 1.2529172721630286 1.2521369511786125 1.2513566301941965 1.2505763092097804 -9999.0 -9999.0 -9999.0 -9999.0 -9999.0 -9999.0 -9999.0 -9999.0 -9999.0 -9999.0 -9999.0 -9999.0 -9999.0 -9999.0 -9999.0 -9999.0 -9999.0
1.276374097394282 1.274447106653536 1.273072687249652 1.2722889791105207 1.2715052709713897 1.2707215628322583 1.2699378546931273 1.269154146553996 1.2683704384148649 1.2675867302757335 1.2668030221366022 1.2660193139974711 1.2652356058583398 1.2644518977192087 1.263668189580076 1.262884481440945 1.2621007733018137 1.2613170651626826 1.2605333570235513 1.2597496488844202 1.258965940745289 1.2581822326061578 1.2573985244670265 1.2566148163278954 1.255831108188764 -9999.0 -9999.0 -9999.0 -9999.0 -9999.0 -9999.0 -9999.0 -9999.0 -9999.0 -9999.0 -9999.0 -9999.0 -9999.0 -9999.0 -9999.0 -9999.0 -9999.0 -9999.0 -9999.0
1.280456763773736 1.2783238265682417 1.2768413616635361 1.2760542663696899 1.2752671710758436 1.2744800757819972 1.273692980488151 1.2729058851943047 1.2721187899004582 1.271331694606612 1.2705445993127655 1.2697575040189193 1.268970408725073 1.2681833134312266 1.267396218137379 1.2666091228435326 1.2658220275496863 1.26503493225584 1.2642478369619936 1.2634607416681474 1.2626736463743011 1.2618865510804547 1.2610994557866084 1.260312360492762 -9999.0 -9999.0 -9999.0 -9999.0 -9999.0 -9999.0 -9999.0 -9999.0 -9999.0 -9999.0 -9999.0 -9999.0 -9999.0 -9999.0 -9999.0 -9999.0 -9999.0 -9999.0 -9999.0 -9999.0
1.2845394301531918 1.2822005464829491 1.280610036077422 1.2798195536288606 1.2790290711802992 1.2782385887317376 1.2774481062831762 1.2766576238346148 1.2758671413860534 1.275076658937492 1.2742861764889304 1.273495694040369 1.2727052115918076 1.2719147291432462 1.2711242466946833 1.2703337642461219 1.2695432817975605 1.268752799348999 1.2679623169004375 1.267171834451876 1.2663813520033147 1.2655908695547533 -9999.0 -9999.0 -9999.0 -9999.0 -9999.0 -9999.0 -9999.0 -9999.0 -9999.0 -9999.0 -9999.0 -9999.0 -9999.0 -9999.0 -9999.0 -9999.0 -9999.0 -9999.0 -9999.0 -9999.0 -9999.0 -9999.0
1.2886220965326458 1.286077266397655 1.2843787104913063 1.2835848408880297 1.2827909712847532 1.2819971016814766 1.2812032320782 1.2804093624749233 1.2796154928716468 1.2788216232683702 1.2780277536650937 1.2772338840618171 1.2764400144585406 1.275646144855264 1.2748522752519862 1.2740584056487096 1.273264536045433 1.2724706664421566 1.2716767968388798 1.2708829272356033 1.2700890576323267 -9999.0 -9999.0 -9999.0 -9999.0 -9999.0 -9999.0 -9999.0 -9999.0 -9999.0 -9999.0 -9999.0 -9999.0 -9999.0 -9999.0 -9999.0 -9999.0 -9999.0 -9999.0 -9999.0 -9999.0 -9999.0 -9999.0 -9999.0
1.2927047629120996 1.2899539863123606 1.2881473849051903 1.2873501281471986 1.286552871389207 1.2857556146312152 1.2849583578732235 1.2841611011152319 1.2833638443572402 1.2825665875992485 1.2817693308412568 1.2809720740832653 1.2801748173252736 1.279377560567282 1.2785803038092889 1.2777830470512972 1.2769857902933055 1.2761885335353138 1.2753912767773221 -9999.0 -9999.0 -9999.0 -9999.0 -9999.0 -9999.0 -9999.0 -9999.0 -9999.0 -9999.0 -9999.0 -9999.0 -9999.0 -9999.0 -9999.0 -9999.0 -9999.0 -9999.0 -9999.0 -9999.0 -9999.0 -9999.0 -9999.0 -9999.0 -9999.0
1.2967874292915536 1.2938307062270662 1.2919160593190744 1.2911154154063678 1.290314771493661 1.289514127580954 1.2887134836682472 1.2879128397555406 1.2871121958428338 1.286311551930127 1.28551090801742 1.2847102641047135 1.2839096201920066 1.2831089762792998 1.2823083323665916 1.2815076884538847 1.2807070445411781 1.2799064006284713 -9999.0 -9999.0 -9999.0 -9999.0 -9999.0 -9999.0 -9999.0 -9999.0 -9999.0 -9999.0 -9999.0 -9999.0 -9999.0 -9999.0 -9999.0 -9999.0 -9999.0 -9999.0 -9999.0 -9999.0 -9999.0 -9999.0 -9999.0 -9999.0 -9999.0 -9999.0
1.3008700956710093 1.2977074261417736 1.2956847337329602 1.2948807026655385 1.2940766715981165 1.2932726405306945 1.2924686094632727 1.2916645783958507 1.290860547328429 1.290056516261007 1.289252485193585 1.2884484541261632 1.2876444230587412 1.2868403919913192 1.286036360923896 1.285232329856474 1.284428298789052 1.2836242677216303 -9999.0 -9999.0 -9999.0 -9999.0 -9999.0 -9999.0 -9999.0 -9999.0 -9999.0 -9999.0 -9999.0 -9999.0 -9999.0 -9999.0 -9999.0 -9999.0 -9999.0 -9999.0 -9999.0 -9999.0 -9999.0 -9999.0 -9999.0 -9999.0 -9999.0 -9999.0
1.3049527620504633 1.3015841460564794 1.2994534081468445 1.2986459899247076 1.2978385717025704 1.2970311534804335 1.2962237352582964 1.2954163170361594 1.2946088988140223 1.2938014805918854 1.2929940623697482 1.2921866441476113 1.2913792259254742 1.2905718077033372 1.2897643894811988 1.2889569712590618 1.2881495530369247 1.2873421348147878 -9999.0 -9999.0 -9999.0 -9999.0 -9999.0 -9999.0 -9999.0 -9999.0 -9999.0 -9999.0 -9999.0 -9999.0 -9999.0 -9999.0 -9999.0 -9999.0 -9999.0 -9999.0 -9999.0 -9999.0 -9999.0 -9999.0 -9999.0 -9999.0 -9999.0 -9999.0
1.3090354284299173 1.3054608659711853 1.3032220825607288 1.3024112771838765 1.3016004718070244 1.3007896664301724 1.29997886105332 1.299168055676468 1.298357250299616 1.2975464449227636 1.2967356395459115 1.2959248341690595 1.2951140287922072 1.294303223415355 1.2934924180385017 1.2926816126616494 1.2918708072847973 -9999.0 -9999.0 -9999.0 -9999.0 -9999.0 -9999.0 -9999.0 -9999.0 -9999.0 -9999.0 -9999.0 -9999.0 -9999.0 -9999.0 -9999.0 -9999.0 -9999.0 -9999.0 -9999.0 -9999.0 -9999.0 -9999.0 -9999.0 -9999.0 -9999.0 -9999.0 -9999.0
