Figures/CREST_Example_wjb_NSE/PETs/wjb.pet.20100723.asc
ncols            288
nrows            254
xllcorner        113.274861
yllcorner        31.4918055
cellsize         0.008333333333
NODATA_value     -9999
[rows 60 to 79 of 254, columns 44 to 87 of 288]
1.1983506312351755 1.1949886954873565 1.1916267597395376 1.1882648239917184 1.1849028882438994 1.1815409524960805 1.1781790167482615 1.1748170810004426 1.1714551452526178 1.168093209504799 1.16473127375698 1.161369338009161 1.158007402261342 1.154645466513523 1.1512835307657039 1.147921595017885 1.144559659270066 1.141197723522247 1.137835787774428 1.134473852026609 1.1311119162787902 1.1277499805309654 1.1243880447831465 1.1210261090353275 1.1176641732875083 1.1143022375396894 1.1109403017918704 1.1075783660440515 1.1064057782175512 1.1075736528114668 1.1087415274053825 1.1099094019992979 1.1110772765932135 1.1122451511871292 1.1134130257810468 1.1145809003749623 1.115748774968878 1.1169166495627936 1.1180845241567092 1.1192523987506249 1.1204202733445403 1.121588147938456 1.1227560225323716 1.1239238971262873
1.1998726483801918 1.196544530753129 1.193216413126066 1.1898882954990033 1.1865601778719403 1.1832320602448776 1.1799039426178148 1.1765758249907519 1.1732477073636833 1.1699195897366206 1.1665914721095576 1.1632633544824948 1.159935236855432 1.1566071192283691 1.1532790016013064 1.1499508839742436 1.1466227663471806 1.1432946487201179 1.139966531093055 1.1366384134659921 1.1333102958389294 1.1299821782118609 1.126654060584798 1.1233259429577351 1.1199978253306724 1.1166697077036094 1.1133415900765466 1.1100134724494837 1.10884787929058 1.1099940736742924 1.1111402680580047 1.112286462441717 1.1134326568254296 1.114578851209142 1.115725045592856 1.1168712399765686 1.118017434360281 1.1191636287439932 1.1203098231277056 1.1214560175114179 1.1226022118951302 1.1237484062788425 1.1248946006625549 1.1260407950462672
1.2013946655252081 1.1981003660189016 1.1948060665125948 1.191511767006288 1.1882174674999815 1.1849231679936747 1.181628868487368 1.1783345689810614 1.175040269474749 1.1717459699684423 1.1684516704621357 1.165157370955829 1.1618630714495222 1.1585687719432156 1.1552744724369088 1.151980172930602 1.1486858734242955 1.1453915739179887 1.142097274411682 1.1388029749053754 1.1355086753990686 1.1322143758927563 1.1289200763864498 1.125625776880143 1.1223314773738362 1.1190371778675297 1.1157428783612229 1.112448578854916 1.1112899803636092 1.1124144945371184 1.1135390087106274 1.1146635228841364 1.1157880370576456 1.1169125512311546 1.1180370654046656 1.1191615795781746 1.1202860937516839 1.1214106079251929 1.1225351220987019 1.123659636272211 1.12478415044572 1.1259086646192291 1.1270331787927383 1.1281576929662473
1.2029166826702244 1.1996562012846739 1.1963957198991233 1.193135238513573 1.1898747571280224 1.1866142757424718 1.1833537943569212 1.1800933129713707 1.1768328315858145 1.173572350200264 1.1703118688147134 1.1670513874291628 1.1637909060436122 1.1605304246580617 1.157269943272511 1.1540094618869607 1.1507489805014102 1.1474884991158596 1.144228017730309 1.1409675363447584 1.1377070549592079 1.1344465735736518 1.1311860921881012 1.1279256108025506 1.124665129417 1.1214046480314495 1.1181441666458989 1.1148836852603485 1.1137320814366383 1.114834915399944 1.1159377493632499 1.1170405833265558 1.1181434172898614 1.1192462512531673 1.120349085216475 1.121451919179781 1.1225547531430866 1.1236575871063925 1.1247604210696982 1.125863255033004 1.12696608899631 1.1280689229596157 1.1291717569229216 1.1302745908862273
1.2044386998152408 1.2012120365504462 1.1979853732856518 1.1947587100208574 1.191532046756063 1.1883053834912687 1.1850787202264743 1.1818520569616797 1.1786253936968798 1.1753987304320854 1.172172067167291 1.1689454039024967 1.1657187406377023 1.162492077372908 1.1592654141081136 1.156038750843319 1.1528120875785246 1.1495854243137302 1.1463587610489359 1.1431320977841415 1.1399054345193471 1.1366787712545472 1.1334521079897528 1.1302254447249582 1.1269987814601639 1.1237721181953695 1.1205454549305751 1.1173187916657807 1.1161741825096672 1.1172553362627697 1.1183364900158723 1.119417643768975 1.1204987975220775 1.12157995127518 1.1226611050282844 1.123742258781387 1.1248234125344896 1.1259045662875922 1.1269857200406947 1.1280668737937973 1.1291480275469 1.1302291813000023 1.1313103350531049 1.1323914888062074
1.205960716960257 1.2027678718162187 1.1995750266721805 1.1963821815281421 1.193189336384104 1.1899964912400658 1.1868036460960274 1.1836108009519892 1.1804179558079455 1.1772251106639071 1.174032265519869 1.1708394203758306 1.1676465752317924 1.164453730087754 1.1612608849437158 1.1580680397996777 1.1548751946556393 1.151682349511601 1.1484895043675627 1.1452966592235245 1.1421038140794861 1.1389109689354424 1.1357181237914042 1.132525278647366 1.1293324335033277 1.1261395883592895 1.1229467432152511 1.119753898071213 1.118616283582696 1.1196757571255955 1.1207352306684948 1.121794704211394 1.1228541777542933 1.1239136512971926 1.1249731248400938 1.126032598382993 1.1270920719258923 1.1281515454687916 1.129211019011691 1.1302704925545903 1.1313299660974896 1.1323894396403889 1.133448913183288 1.1345083867261876
1.2074827341052747 1.2043237070819928 1.2011646800587106 1.1980056530354284 1.1948466260121464 1.1916875989888642 1.1885285719655823 1.1853695449423 1.1822105179190125 1.1790514908957306 1.1758924638724484 1.1727334368491662 1.1695744098258842 1.166415382802602 1.16325635577932 1.1600973287560379 1.156938301732756 1.1537792747094737 1.1506202476861915 1.1474612206629096 1.1443021936396274 1.1411431666163399 1.1379841395930579 1.1348251125697757 1.1316660855464937 1.1285070585232115 1.1253480314999296 1.1221890044766474 1.1210583846557274 1.1220961779884233 1.1231339713211193 1.1241717646538154 1.1252095579865113 1.1262473513192075 1.1272851446519052 1.1283229379846011 1.1293607313172973 1.1303985246499932 1.1314363179826894 1.1324741113153853 1.1335119046480813 1.1345496979807774 1.1355874913134734 1.1366252846461693
1.209004751250291 1.205879542347765 1.2027543334452393 1.1996291245427133 1.1965039156401873 1.1933787067376613 1.1902534978351353 1.1871282889326094 1.184003080030078 1.1808778711275523 1.1777526622250263 1.1746274533225003 1.1715022444199743 1.1683770355174483 1.1652518266149223 1.1621266177123963 1.1590014088098706 1.1558761999073446 1.1527509910048186 1.1496257821022926 1.1465005731997666 1.1433753642972353 1.1402501553947093 1.1371249464921833 1.1339997375896576 1.1308745286871316 1.1277493197846056 1.1246241108820796 1.1235004857287563 1.1245165988512489 1.1255327119737417 1.1265488250962346 1.1275649382187274 1.12858105134122 1.1295971644637146 1.1306132775862072 1.1316293907087 1.132645503831193 1.1336616169536855 1.1346777300761783 1.1356938431986712 1.136709956321164 1.1377260694436566 1.1387421825661495
1.2105267683953074 1.2074353776135376 1.2043439868317676 1.2012525960499978 1.198161205268228 1.1950698144864582 1.1919784237046884 1.1888870329229186 1.1857956421411435 1.1827042513593737 1.179612860577604 1.1765214697958342 1.1734300790140644 1.1703386882322946 1.1672472974505248 1.164155906668755 1.1610645158869852 1.1579731251052154 1.1548817343234457 1.1517903435416756 1.1486989527599059 1.145607561978131 1.1425161711963612 1.1394247804145912 1.1363333896328214 1.1332419988510516 1.1301506080692818 1.127059217287512 1.1259425868017854 1.126937019714075 1.1279314526263644 1.128925885538654 1.1299203184509434 1.130914751363233 1.131909184275524 1.1329036171878135 1.133898050100103 1.1348924830123925 1.135886915924682 1.1368813488369716 1.137875781749261 1.1388702146615506 1.13986464757384 1.1408590804861296
1.2120487855403237 1.2089912128793099 1.2059336402182963 1.2028760675572827 1.199818494896269 1.1967609222352553 1.1937033495742417 1.190645776913228 1.187588204252209 1.1845306315911954 1.1814730589301818 1.178415486269168 1.1753579136081544 1.1723003409471409 1.169242768286127 1.1661851956251135 1.1631276229640999 1.160070050303086 1.1570124776420725 1.153954904981059 1.150897332320045 1.1478397596590262 1.1447821869980126 1.141724614336999 1.1386670416759852 1.1356094690149716 1.132551896353958 1.1294943236929442 1.1283846878748143 1.1293574405769007 1.1303301932789869 1.131302945981073 1.1322756986831592 1.1332484513852457 1.1342212040873334 1.1351939567894198 1.136166709491506 1.1371394621935922 1.1381122148956784 1.1390849675977648 1.140057720299851 1.1410304730019372 1.1420032257040234 1.1429759784061098
1.21357080268534 1.2105470481450824 1.207523293604825 1.2044995390645674 1.2014757845243098 1.1984520299840524 1.1954282754437948 1.1924045209035374 1.1893807663632747 1.1863570118230171 1.1833332572827595 1.1803095027425021 1.1772857482022445 1.174261993661987 1.1712382391217295 1.168214484581472 1.1651907300412145 1.162166975500957 1.1591432209606993 1.156119466420442 1.1530957118801843 1.1500719573399216 1.1470482027996642 1.1440244482594066 1.141000693719149 1.1379769391788916 1.134953184638634 1.1319294300983764 1.1308267889478434 1.1317778614397263 1.1327289339316093 1.1336800064234922 1.1346310789153753 1.1355821514072582 1.1365332238991428 1.1374842963910259 1.1384353688829087 1.1393864413747918 1.1403375138666747 1.1412885863585578 1.1422396588504407 1.1431907313423237 1.1441418038342066 1.1450928763260897
1.2150928198303563 1.212102883410855 1.2091129469913535 1.2061230105718521 1.2031330741523507 1.2001431377328495 1.1971532013133481 1.1941632648938467 1.1911733284743402 1.1881833920548388 1.1851934556353374 1.182203519215836 1.1792135827963346 1.1762236463768332 1.1732337099573318 1.1702437735378304 1.1672538371183292 1.1642639006988278 1.1612739642793264 1.158284027859825 1.1552940914403236 1.152304155020817 1.1493142186013157 1.1463242821818143 1.1433343457623129 1.1403444093428114 1.13735447292331 1.1343645365038089 1.1332688900208723 1.134198282302552 1.1351276745842318 1.1360570668659113 1.136986459147591 1.1379158514292709 1.1388452437109522 1.139774635992632 1.1407040282743117 1.1416334205559913 1.142562812837671 1.1434922051193508 1.1444215974010306 1.1453509896827103 1.14628038196439 1.1472097742460696
1.216614836975374 1.2136587186766288 1.2107026003778836 1.2077464820791384 1.2047903637803932 1.201834245481648 1.1988781271829028 1.1959220088841573 1.1929658905854073 1.190009772286662 1.1870536539879168 1.1840975356891716 1.1811414173904264 1.1781852990916812 1.175229180792936 1.1722730624941908 1.1693169441954456 1.1663608258967004 1.1634047075979552 1.16044858929921 1.1574924710004648 1.1545363527017145 1.1515802344029693 1.148624116104224 1.145667997805479 1.1427118795067337 1.1397557612079885 1.1367996429092433 1.1357109910939034 1.1366187031653798 1.1375264152368563 1.1384341273083327 1.1393418393798092 1.1402495514512856 1.1411572635227636 1.14206497559424 1.1429726876657165 1.143880399737193 1.1447881118086694 1.1456958238801458 1.1466035359516222 1.1475112480230987 1.1484189600945751 1.1493266721660516
1.2181368541203903 1.215214553942401 1.212292253764412 1.209369953586423 1.206447653408434 1.2035253532304448 1.2006030530524558 1.1976807528744668 1.1947584526964727 1.1918361525184837 1.1889138523404945 1.1859915521625055 1.1830692519845165 1.1801469518065273 1.1772246516285383 1.1743023514505493 1.1713800512725603 1.168457751094571 1.165535450916582 1.162613150738593 1.1596908505606038 1.15676855038261 1.1538462502046207 1.1509239500266317 1.1480016498486427 1.1450793496706535 1.1421570494926645 1.1392347493146755 1.1381530921669323 1.1390391240282056 1.1399251558894787 1.1408111877507519 1.1416972196120252 1.1425832514732983 1.143469283334573 1.144355315195846 1.1452413470571194 1.1461273789183926 1.1470134107796657 1.1478994426409388 1.1487854745022121 1.1496715063634853 1.1505575382247584 1.1514435700860317
1.2196588712654066 1.2167703892081736 1.2138819071509408 1.2109934250937078 1.208104943036475 1.205216460979242 1.202327978922009 1.1994394968647761 1.1965510148075382 1.1936625327503054 1.1907740506930724 1.1878855686358394 1.1849970865786066 1.1821086045213736 1.1792201224641408 1.1763316404069077 1.1734431583496747 1.170554676292442 1.167666194235209 1.164777712177976 1.161889230120743 1.1590007480635052 1.1561122660062724 1.1532237839490393 1.1503353018918065 1.1474468198345735 1.1445583377773407 1.1416698557201077 1.1405951932399614 1.1414595448910312 1.1423238965421012 1.143188248193171 1.144052599844241 1.144916951495311 1.1457813031463824 1.1466456547974524 1.1475100064485222 1.1483743580995922 1.149238709750662 1.150103061401732 1.150967413052802 1.1518317647038718 1.1526961163549418 1.1535604680060116
1.221180888410423 1.2183262244739461 1.2154715605374695 1.2126168966009927 1.2097622326645159 1.206907568728039 1.2040529047915622 1.2011982408550854 1.198343576918604 1.1954889129821271 1.1926342490456503 1.1897795851091735 1.1869249211726967 1.18407025723622 1.1812155932997432 1.1783609293632664 1.1755062654267896 1.1726516014903128 1.169796937553836 1.1669422736173594 1.1640876096808825 1.1612329457444008 1.158378281807924 1.1555236178714472 1.1526689539349704 1.1498142899984938 1.146959626062017 1.1441049621255401 1.1430372943129905 1.1438799657538572 1.144722637194724 1.1455653086355904 1.146407980076457 1.1472506515173237 1.148093322958192 1.1489359943990585 1.1497786658399252 1.1506213372807919 1.1514640087216585 1.1523066801625252 1.153149351603392 1.1539920230442586 1.154834694485125 1.1556773659259918
1.2227029055554393 1.2198820597397186 1.217061213923998 1.2142403681082774 1.2114195222925568 1.2085986764768362 1.2057778306611155 1.202956984845395 1.2001361390296694 1.1973152932139488 1.1944944473982282 1.1916736015825076 1.1888527557667867 1.186031909951066 1.1832110641353455 1.1803902183196249 1.1775693725039043 1.1747485266881836 1.171927680872463 1.1691068350567424 1.1662859892410218 1.1634651434252963 1.1606442976095757 1.157823451793855 1.1550026059781344 1.1521817601624136 1.149360914346693 1.1465400685309723 1.1454793953860194 1.1463003866166828 1.1471213778473461 1.1479423690780097 1.148763360308673 1.1495843515393365 1.1504053427700012 1.1512263340006648 1.1520473252313281 1.1528683164619915 1.1536893076926549 1.1545102989233182 1.1553312901539816 1.156152281384645 1.1569732726153086 1.157794263845972
1.2242249227004556 1.2214378950054912 1.2186508673105267 1.215863839615562 1.2130768119205977 1.2102897842256333 1.2075027565306686 1.2047157288357042 1.201928701140735 1.1991416734457705 1.1963546457508059 1.1935676180558414 1.1907805903608768 1.1879935626659124 1.185206534970948 1.1824195072759833 1.179632479581019 1.1768454518860545 1.1740584241910899 1.1712713964961254 1.1684843688011608 1.1656973411061917 1.162910313411227 1.1601232857162627 1.157336258021298 1.1545492303263336 1.1517622026313692 1.1489751749364046 1.1479214964590483 1.1487208074795086 1.1495201184999686 1.1503194295204289 1.151118740540889 1.1519180515613492 1.1527173625818106 1.1535166736022708 1.1543159846227309 1.155115295643191 1.1559146066636512 1.1567139176841112 1.1575132287045715 1.1583125397250316 1.1591118507454918 1.1599111617659519
1.2257469398454721 1.2229937302712637 1.2202405206970552 1.217487311122847 1.2147341015486386 1.2119808919744302 1.209227682400222 1.2064744728260135 1.2037212632518004 1.2009680536775922 1.1982148441033837 1.1954616345291753 1.192708424954967 1.1899552153807587 1.1872020058065502 1.184448796232342 1.1816955866581336 1.1789423770839251 1.176189167509717 1.1734359579355085 1.1706827483613 1.167929538787087 1.1651763292128787 1.1624231196386703 1.1596699100644619 1.1569167004902536 1.1541634909160452 1.1514102813418368 1.1503635975320774 1.1511412283423341 1.151918859152591 1.152696489962848 1.153474120773105 1.1542517515833617 1.15502938239362 1.155807013203877 1.1565846440141339 1.1573622748243906 1.1581399056346475 1.1589175364449045 1.1596951672551614 1.1604727980654181 1.161250428875675 1.162028059685932
1.2272689569904895 1.2245495655370373 1.2218301740835853 1.219110782630133 1.2163913911766808 1.2136719997232286 1.2109526082697766 1.2082332168163243 1.2055138253628674 1.2027944339094152 1.2000750424559632 1.197355651002511 1.1946362595490587 1.1919168680956065 1.1891974766421542 1.1864780851887022 1.18375869373525 1.1810393022817978 1.1783199108283455 1.1756005193748935 1.1728811279214413 1.1701617364679844 1.1674423450145321 1.1647229535610801 1.162003562107628 1.1592841706541757 1.1565647792007234 1.1538453877472712 1.1528056986051085 1.1535616492051621 1.1543175998052158 1.1550735504052694 1.155829501005323 1.1565854516053766 1.1573414022054314 1.158097352805485 1.1588533034055386 1.1596092540055922 1.1603652046056459 1.1611211552056995 1.161877105805753 1.1626330564058067 1.1633890070058603 1.164144957605914
