Figures/CREST_Example_wjb_NSE/PETs/wjb.pet.20090703.asc
ncols            288
nrows            254
xllcorner        113.274861
yllcorner        31.4918055
cellsize         0.008333333333
NODATA_value     -9999
[rows 20 to 39 of 254, columns 0 to 44 of 288]
-9999.0 -9999.0 -9999.0 -9999.0 -9999.0 -9999.0 -9999.0 -9999.0 -9999.0 -9999.0 -9999.0 -9999.0 -9999.0 -9999.0 -9999.0 -9999.0 -9999.0 -9999.0 -9999.0 -9999.0 -9999.0 -9999.0 -9999.0 3.1738331167023826 3.168854952381333 3.163876788060283 3.158898623739225 3.153920459418175 3.1489422950971253 3.1439641307760757 3.1389859664550257 3.134007802133976 3.129029637812926 3.1240514734918765 3.1190733091708265 3.114095144849777 3.109116980528727 3.1041388162076773 3.0991606518866277 3.0941824875655692 3.0892043232445197 3.0842261589234696 3.0818426813103157 3.0822329824302055 3.0826232835500957
-9999.0 -9999.0 -9999.0 -9999.0 -9999.0 -9999.0 -9999.0 -9999.0 -9999.0 -9999.0 -9999.0 -9999.0 -9999.0 -9999.0 -9999.0 -9999.0 -9999.0 -9999.0 -9999.0 -9999.0 -9999.0 -9999.0 3.190274808061851 3.1849684180790474 3.179662028096244 3.174355638113441 3.1690492481306287 3.1637428581478253 3.1584364681650223 3.153130078182219 3.1478236881994155 3.1425172982166125 3.137210908233809 3.131904518251006 3.1265981282682027 3.1212917382853993 3.1159853483025963 3.110678958319793 3.10537256833699 3.1000661783541776 3.094759788371374 3.089453398388571 3.086796076993034 3.0869706697886676 3.0871452625843014
-9999.0 -9999.0 -9999.0 -9999.0 -9999.0 -9999.0 -9999.0 -9999.0 -9999.0 -9999.0 -9999.0 -9999.0 -9999.0 -9999.0 -9999.0 -9999.0 -9999.0 -9999.0 -9999.0 -9999.0 -9999.0 -9999.0 -9999.0 3.1961037194557123 3.1904691038111554 3.1848344881665986 3.1791998725220325 3.1735652568774757 3.167930641232919 3.162296025588362 3.1566614099438057 3.151026794299249 3.145392178654692 3.1397575630101353 3.134122947365579 3.128488331721022 3.1228537160764653 3.1172191004319085 3.1115844847873517 3.1059498691427856 3.100315253498229 3.0946806378536724 3.0917494726757515 3.0917083571471298 3.0916672416185076
-9999.0 -9999.0 -9999.0 -9999.0 -9999.0 -9999.0 -9999.0 -9999.0 -9999.0 -9999.0 -9999.0 -9999.0 -9999.0 -9999.0 -9999.0 -9999.0 -9999.0 -9999.0 -9999.0 -9999.0 -9999.0 -9999.0 3.2132018621386873 3.207239020832377 3.201276179526067 3.1953133382197567 3.1893504969134363 3.183387655607126 3.177424814300816 3.1714619729945057 3.1654991316881955 3.1595362903818853 3.153573449075575 3.147610607769265 3.1416477664629547 3.1356849251566445 3.1297220838503343 3.123759242544024 3.117796401237714 3.111833559931394 3.105870718625084 3.0999078773187736 3.0967028683584696 3.0964460445055915 3.0961892206527137
-9999.0 -9999.0 -9999.0 -9999.0 -9999.0 -9999.0 -9999.0 -9999.0 -9999.0 -9999.0 -9999.0 -9999.0 -9999.0 -9999.0 -9999.0 -9999.0 -9999.0 -9999.0 -9999.0 -9999.0 -9999.0 -9999.0 3.2246653891771055 3.218374322209042 3.2120832552409784 3.205792188272915 3.19950112130484 3.1932100543367765 3.186918987368713 3.1806279204006493 3.1743368534325858 3.168045786464522 3.161754719496458 3.1554636525283946 3.149172585560331 3.1428815185922674 3.136590451624204 3.13029938465614 3.124008317688076 3.117717250720002 3.1114261837519384 3.1051351167838748 3.1016562640411878 3.1011837318640536 3.1007111996869194
-9999.0 -9999.0 -9999.0 -9999.0 -9999.0 -9999.0 -9999.0 -9999.0 -9999.0 -9999.0 -9999.0 -9999.0 -9999.0 -9999.0 -9999.0 -9999.0 -9999.0 -9999.0 -9999.0 -9999.0 -9999.0 -9999.0 3.236128916215524 3.229509623585707 3.2228903309558894 3.2162710383260724 3.209651745696244 3.203032453066427 3.19641316043661 3.1897938678067925 3.1831745751769756 3.1765552825471586 3.169935989917341 3.163316697287524 3.156697404657707 3.15007811202789 3.143458819398073 3.136839526768256 3.1302202341384384 3.1236009415086103 3.116981648878793 3.110362356248976 3.1066096597239055 3.1059214192225157 3.1052331787211256
-9999.0 -9999.0 -9999.0 -9999.0 -9999.0 -9999.0 -9999.0 -9999.0 -9999.0 -9999.0 -9999.0 -9999.0 -9999.0 -9999.0 -9999.0 -9999.0 3.2892775530033656 3.2823300347117947 3.2753825164202244 3.2684349981286536 3.261487479837083 3.2545399615455124 3.247592443253942 3.240644924962371 3.233697406670801 3.22674988837923 3.2198023700876477 3.2128548517960773 3.2059073335045065 3.198959815212936 3.1920122969213653 3.185064778629795 3.178117260338224 3.171169742046654 3.164222223755083 3.1572747054635126 3.150327187171942 3.1433796688803715 3.1364321505888006 3.1294846322972183 3.122537114005648 3.115589595714077 3.1115630554066236 3.1106591065809774 3.1097551577553317
-9999.0 -9999.0 -9999.0 -9999.0 -9999.0 -9999.0 -9999.0 -9999.0 -9999.0 -9999.0 -9999.0 -9999.0 -9999.0 -9999.0 -9999.0 -9999.0 3.302710434012316 3.295434690058992 3.2881589461056677 3.280883202152343 3.273607458199019 3.2663317142456947 3.25905597029237 3.251780226339046 3.2445044823857216 3.237228738432397 3.2299529944790604 3.222677250525736 3.215401506572412 3.2081257626190873 3.200850018665763 3.193574274712439 3.1862985307591143 3.17902278680579 3.171747042852466 3.1644712988991412 3.157195554945817 3.149919810992493 3.142644067039168 3.1353683230858316 3.1280925791325074 3.120816835179183 3.116516451089346 3.115396793939444 3.1142771367895414
-9999.0 -9999.0 -9999.0 -9999.0 -9999.0 -9999.0 -9999.0 -9999.0 -9999.0 -9999.0 -9999.0 -9999.0 -9999.0 -9999.0 -9999.0 3.3217292338589477 3.31444800061031 3.3071667673616725 3.299885534113035 3.2926043008643973 3.285323067615759 3.2780418343671216 3.270760601118484 3.2634793678698464 3.2561981346212088 3.248916901372571 3.241635668123921 3.2343544348752835 3.227073201626646 3.2197919683780083 3.2125107351293707 3.205229501880733 3.1979482686320955 3.1906670353834574 3.18338580213482 3.176104568886182 3.1688233356375446 3.161542102388907 3.1542608691402694 3.1469796358916193 3.1396984026429817 3.132417169394344 3.128022049089932 3.1267122487517027 3.125402448413473
-9999.0 -9999.0 -9999.0 -9999.0 -9999.0 -9999.0 -9999.0 -9999.0 -9999.0 -9999.0 -9999.0 -9999.0 -9999.0 -9999.0 -9999.0 3.331315120726512 3.32437338300701 3.317431645287508 3.310489907568006 3.303548169848504 3.296606432129002 3.2896646944095 3.282722956689998 3.2757812189704962 3.268839481250994 3.261897743531492 3.2549560058119784 3.248014268092476 3.2410725303729744 3.234130792653472 3.2271890549339703 3.220247317214468 3.2133055794949663 3.206363841775464 3.1994221040559623 3.19248036633646 3.1855386286169582 3.1785968908974565 3.171655153177954 3.1647134154584404 3.157771677738938 3.1508299400194364 3.14653153819618 3.1450589221878307 3.1435863061794813
-9999.0 -9999.0 -9999.0 -9999.0 -9999.0 -9999.0 -9999.0 -9999.0 -9999.0 -9999.0 -9999.0 -9999.0 -9999.0 -9999.0 -9999.0 3.3409010075940766 3.33429876540371 3.3276965232133437 3.3210942810229773 3.3144920388326113 3.307889796642245 3.3012875544518785 3.294685312261512 3.2880830700711456 3.2814808278807797 3.2748785856904132 3.2682763435000357 3.2616741013096693 3.255071859119303 3.2484696169289364 3.24186737473857 3.235265132548204 3.2286628903578376 3.222060648167471 3.2154584059771047 3.2088561637867383 3.2022539215963723 3.195651679406006 3.1890494372156395 3.182447195025262 3.1758449528348955 3.169242710644529 3.1650410273024288 3.1634055956239595 3.1617701639454907
-9999.0 -9999.0 -9999.0 -9999.0 -9999.0 -9999.0 -9999.0 -9999.0 -9999.0 -9999.0 -9999.0 -9999.0 -9999.0 -9999.0 -9999.0 3.3504868944616413 3.3442241478004107 3.33796140113918 3.3316986544779494 3.3254359078167184 3.3191731611554878 3.312910414494257 3.3066476678330265 3.300384921171796 3.2941221745105653 3.2878594278493343 3.281596681188093 3.2753339345268624 3.2690711878656318 3.262808441204401 3.25654569454317 3.2502829478819395 3.244020201220709 3.2377574545594783 3.2314947078982477 3.225231961237017 3.218969214575786 3.2127064679145554 3.2064437212533248 3.2001809745920835 3.193918227930853 3.187655481269622 3.183550516408677 3.1817522690600883 3.1799540217114997
-9999.0 -9999.0 -9999.0 -9999.0 -9999.0 -9999.0 -9999.0 -9999.0 -9999.0 -9999.0 -9999.0 -9999.0 -9999.0 -9999.0 3.3659960324613007 3.360072781329206 3.3541495301971107 3.3482262790650155 3.3423030279329207 3.3363797768008254 3.3304565256687306 3.3245332745366354 3.3186100234045406 3.3126867722724453 3.3067635211403505 3.3008402700082553 3.2949170188761503 3.288993767744055 3.2830705166119603 3.277147265479865 3.2712240143477698 3.265300763215675 3.2593775120835797 3.253454260951485 3.2475310098193897 3.241607758687295 3.2356845075551997 3.229761256423105 3.2238380052910096 3.2179147541589046 3.2119915030268094 3.206068251894714 3.202060005514925 3.2000989424962167 3.198137879477508
-9999.0 -9999.0 -9999.0 -9999.0 -9999.0 -9999.0 -9999.0 -9999.0 -9999.0 -9999.0 -9999.0 -9999.0 -9999.0 -9999.0 3.3752424237997376 3.369658668196778 3.364074912593819 3.35849115699086 3.352907401387901 3.347323645784942 3.341739890181983 3.336156134579024 3.3305723789760644 3.3249886233731054 3.3194048677701464 3.3138211121671874 3.3082373565642187 3.3026536009612597 3.2970698453583003 3.2914860897553413 3.2859023341523823 3.2803185785494233 3.274734822946464 3.269151067343505 3.263567311740546 3.2579835561375865 3.2523998005346275 3.2468160449316685 3.2412322893287095 3.235648533725741 3.230064778122782 3.2244810225198224 3.2205694946211887 3.2184456159323607 3.2163217372435327
-9999.0 -9999.0 -9999.0 -9999.0 -9999.0 -9999.0 -9999.0 -9999.0 -9999.0 -9999.0 -9999.0 -9999.0 -9999.0 -9999.0 3.384488815138166 3.379244555064343 3.3740002949905192 3.368756034916696 3.3635117748428724 3.358267514769049 3.3530232546952257 3.347778994621402 3.342534734547579 3.3372904744737553 3.3320462143999316 3.3268019543261085 3.321557694252276 3.3163134341784524 3.311069174104629 3.3058249140308056 3.300580653956982 3.295336393883159 3.290092133809335 3.284847873735512 3.2796036136616884 3.274359353587865 3.2691150935140416 3.263870833440218 3.258626573366395 3.2533823132925623 3.2481380532187387 3.2428937931449155 3.239078983727437 3.2367922893684895 3.2345055950095416
-9999.0 -9999.0 -9999.0 -9999.0 -9999.0 -9999.0 -9999.0 -9999.0 -9999.0 -9999.0 -9999.0 -9999.0 -9999.0 -9999.0 3.393735206476595 3.388830441931907 3.3839256773872193 3.3790209128425315 3.374116148297844 3.3692113837531563 3.3643066192084685 3.3594018546637807 3.354497090119093 3.349592325574405 3.3446875610297173 3.3397827964850295 3.3348780319403333 3.3299732673956455 3.3250685028509577 3.32016373830627 3.315258973761582 3.3103542092168943 3.3054494446722065 3.3005446801275187 3.295639915582831 3.290735151038143 3.2858303864934553 3.2809256219487675 3.2760208574040797 3.271116092859384 3.266211328314696 3.2613065637700083 3.2575884728336852 3.255138962804618 3.252689452775551
-9999.0 -9999.0 -9999.0 -9999.0 -9999.0 -9999.0 -9999.0 -9999.0 -9999.0 -9999.0 -9999.0 -9999.0 -9999.0 3.407546866830576 3.4029815978150237 3.3984163287994718 3.3938510597839193 3.3892857907683673 3.3847205217528153 3.380155252737263 3.375589983721711 3.371024714706159 3.3664594456906065 3.3618941766750545 3.3573289076595025 3.35276363864395 3.34819836962839 3.343633100612838 3.339067831597286 3.3345025625817337 3.3299372935661817 3.3253720245506297 3.3208067555350773 3.3162414865195253 3.3116762175039733 3.307110948488421 3.302545679472869 3.297980410457317 3.2934151414417645 3.2888498724262045 3.2842846034106525 3.2797193343951005 3.276097961939933 3.2734856362407463 3.2708733105415595
-9999.0 -9999.0 -9999.0 -9999.0 -9999.0 -9999.0 -9999.0 -9999.0 -9999.0 -9999.0 -9999.0 -9999.0 3.420679536126293 3.416453762639869 3.4122279891534526 3.408002215667036 3.40377644218062 3.399550668694203 3.3953248952077866 3.3910991217213704 3.386873348234954 3.382647574748537 3.378421801262121 3.3741960277757044 3.3699702542892878 3.365744480802871 3.361518707316448 3.3572929338300312 3.3530671603436146 3.348841386857198 3.344615613370782 3.340389839884365 3.3361640663979486 3.3319382929115324 3.327712519425116 3.323486745938699 3.319260972452283 3.3150351989658664 3.31080942547945 3.306583651993026 3.30235787850661 3.2981321050201933 3.2946074510461814 3.291832309676875 3.289057168307569
-9999.0 -9999.0 -9999.0 -9999.0 -9999.0 -9999.0 -9999.0 -9999.0 -9999.0 -9999.0 -9999.0 -9999.0 -9999.0 3.4253606584491623 3.4214743804918815 3.4175881025346007 3.41370182457732 3.409815546620039 3.4059292686627582 3.402042990705477 3.398156712748196 3.3942704347909154 3.3903841568336346 3.386497878876354 3.382611600919073 3.378725322961792 3.3748390450045047 3.370952767047224 3.367066489089943 3.3631802111326623 3.3592939331753815 3.3554076552181007 3.35152137726082 3.347635099303539 3.3437488213462583 3.339862543388977 3.3359762654316962 3.3320899874744154 3.3282037095171346 3.324317431559847 3.3204311536025664 3.3165448756452856 3.313116940152429 3.3101789831130035 3.3072410260735774
-9999.0 -9999.0 -9999.0 -9999.0 -9999.0 -9999.0 -9999.0 -9999.0 -9999.0 -9999.0 -9999.0 -9999.0 -9999.0 3.4342675542584553 3.4307207718303103 3.427173989402165 3.42362720697402 3.4200804245458745 3.4165336421177295 3.4129868596895845 3.409440077261439 3.405893294833294 3.4023465124051486 3.3987997299770036 3.3952529475488586 3.391706165120713 3.388159382692562 3.384612600264417 3.3810658178362716 3.3775190354081266 3.373972252979981 3.370425470551836 3.366878688123691 3.3633319056955457 3.3597851232674008 3.3562383408392553 3.3526915584111103 3.349144775982965 3.34559799355482 3.3420512111266687 3.3385044286985237 3.3349576462703783 3.3316264292586775 3.328525656549132 3.3254248838395863
