Figures/CREST_Example_wjb_NSE/PETs/wjb.pet.20090807.asc
ncols            288
nrows            254
xllcorner        113.274861
yllcorner        31.4918055
cellsize         0.008333333333
NODATA_value     -9999
[rows 160 to 179 of 254, columns 220 to 263 of 288]
1.7109004757455324 1.708340657101539 1.7053575317891414 1.7019218820680484 1.6984862323469556 1.6950505826258626 1.6916149329047698 1.6881792831836768 1.684743633462584 1.681307983741491 1.6778723340203983 1.6744366842993053 1.6710010345782125 1.6675653848571195 1.6641297351360207 1.660694085414928 1.657258435693835 1.6538227859727421 1.6503871362516491 1.6469514865305563 1.6435158368094633 1.6400801870883703 1.6366445373672776 1.6332088876461845 1.6297732379250918 1.6263375882039988 1.622901938482906 1.6194662887618072 1.6160306390407144 1.6125949893196214 1.6091593395985284 1.6057236898774356 1.603538305774192 1.6026894839185417 1.6018406620628913 1.6009918402072407 1.6001430183515903 1.59929419649594 1.5984453746402896 1.597596552784639 1.596747730928987 1.5958989090733366 1.5950500872176863 1.5942012653620359
1.7039471294388753 1.7013990235414576 1.698396433039401 1.6949079882092029 1.691419543379005 1.687931098548807 1.684442653718609 1.6809542088884109 1.677465764058213 1.673977319228015 1.670488874397817 1.6670004295676188 1.663511984737421 1.660023539907223 1.656535095077019 1.6530466502468208 1.649558205416623 1.646069760586425 1.6425813157562268 1.6390928709260288 1.635604426095831 1.632115981265633 1.6286275364354348 1.6251390916052368 1.621650646775039 1.618162201944841 1.6146737571146428 1.6111853122844388 1.607696867454241 1.604208422624043 1.6007199777938448 1.5972315329636468 1.5949725305375066 1.5940278298720434 1.5930831292065804 1.5921384285411173 1.591193727875654 1.590249027210191 1.5893043265447278 1.5883596258792647 1.5874149252138 1.5864702245483369 1.5855255238828738 1.5845808232174106
1.696993783132218 1.6944573899813762 1.6914353342896604 1.6878940943503573 1.6843528544110542 1.680811614471751 1.677270374532448 1.6737291345931449 1.6701878946538418 1.6666466547145387 1.6631054147752355 1.6595641748359324 1.6560229348966293 1.6524816949573262 1.6489404550180171 1.6453992150787138 1.6418579751394107 1.6383167352001076 1.6347754952608045 1.6312342553215013 1.6276930153821982 1.6241517754428951 1.620610535503592 1.617069295564289 1.6135280556249858 1.6099868156856827 1.6064455757463796 1.6029043358070705 1.5993630958677674 1.5958218559284643 1.5922806159891612 1.588739376049858 1.586406755300821 1.5853661758255453 1.5843255963502694 1.5832850168749937 1.5822444373997178 1.581203857924442 1.5801632784491662 1.5791226989738905 1.5780821194986128 1.577041540023337 1.5760009605480612 1.5749603810727855
1.6900404368255546 1.6875157564212888 1.684474235539914 1.6808802004915058 1.6772861654430975 1.6736921303946892 1.670098095346281 1.6665040602978727 1.6629100252494644 1.6593159902010561 1.6557219551526479 1.6521279201042396 1.6485338850558313 1.644939850007423 1.6413458149590086 1.6377517799106003 1.6341577448621922 1.630563709813784 1.6269696747653757 1.6233756397169674 1.6197816046685591 1.6161875696201509 1.6125935345717426 1.6089994995233343 1.605405464474926 1.6018114294265178 1.5982173943781095 1.594623359329695 1.5910293242812867 1.5874352892328785 1.5838412541844702 1.5802472191360621 1.5778409800641282 1.5767045217790396 1.575568063493951 1.5744316052088625 1.573295146923774 1.5721586886386854 1.5710222303535968 1.5698857720685082 1.5687493137834176 1.567612855498329 1.5664763972132405 1.565339938928152
1.6830870905188975 1.6805741228612074 1.6775131367901737 1.6738663066326602 1.6702194764751468 1.6665726463176334 1.6629258161601201 1.6592789860026067 1.6556321558450933 1.65198532568758 1.6483384955300666 1.6446916653725532 1.6410448352150397 1.6373980050575265 1.6337511749000069 1.6301043447424934 1.62645751458498 1.6228106844274668 1.6191638542699534 1.61551702411244 1.6118701939549267 1.6082233637974133 1.6045765336398998 1.6009297034823864 1.5972828733248732 1.5936360431673597 1.5899892130098463 1.5863423828523269 1.5826955526948134 1.5790487225373 1.5754018923797866 1.5717550622222733 1.5692752048274425 1.5680428677325413 1.56681053063764 1.5655781935427389 1.5643458564478376 1.5631135193529364 1.5618811822580352 1.560648845163134 1.5594165080682305 1.5581841709733293 1.556951833878428 1.5557194967835268
1.6761337442122402 1.6736324893011258 1.670552038040433 1.6668524127738145 1.663152787507196 1.6594531622405775 1.655753536973959 1.6520539117073405 1.6483542864407221 1.6446546611741035 1.6409550359074851 1.6372554106408668 1.6335557853742482 1.6298561601076298 1.626156534841005 1.6224569095743864 1.618757284307768 1.6150576590411494 1.611358033774531 1.6076584085079126 1.603958783241294 1.6002591579746757 1.596559532708057 1.5928599074414387 1.58916028217482 1.5854606569082017 1.581761031641583 1.5780614063749585 1.57436178110834 1.5706621558417215 1.566962530575103 1.5632629053084846 1.560709429590757 1.5593812136860432 1.558052997781329 1.5567247818766152 1.5553965659719013 1.5540683500671875 1.5527401341624734 1.5514119182577595 1.5500837023530434 1.5487554864483295 1.5474272705436154 1.5460990546389015
1.669180397905583 1.6666908557410447 1.6635909392906925 1.659838518914969 1.6560860985392454 1.6523336781635218 1.6485812577877983 1.6448288374120745 1.641076417036351 1.6373239966606274 1.633571576284904 1.6298191559091804 1.6260667355334566 1.622314315157733 1.618561894782003 1.6148094744062795 1.611057054030556 1.6073046336548324 1.6035522132791087 1.5997997929033851 1.5960473725276616 1.592294952151938 1.5885425317762145 1.5847901114004908 1.5810376910247672 1.5772852706490437 1.5735328502733201 1.5697804298975901 1.5660280095218666 1.5622755891461428 1.5585231687704193 1.5547707483946958 1.5521436543540714 1.5507195596395449 1.5492954649250184 1.5478713702104916 1.546447275495965 1.5450231807814385 1.543599086066912 1.5421749913523852 1.5407508966378562 1.5393268019233297 1.5379027072088032 1.5364786124942764
1.6622270515989255 1.659749222180963 1.6566298405409519 1.6528246250561234 1.6490194095712947 1.645214194086466 1.6414089786016373 1.6376037631168086 1.6337985476319798 1.6299933321471511 1.6261881166623224 1.6223829011774937 1.618577685692665 1.6147724702078363 1.6109672547230012 1.6071620392381725 1.6033568237533438 1.599551608268515 1.5957463927836864 1.5919411772988576 1.5881359618140292 1.5843307463292005 1.5805255308443718 1.576720315359543 1.5729150998747143 1.5691098843898856 1.565304668905057 1.5614994534202218 1.557694237935393 1.5538890224505644 1.5500838069657357 1.546278591480907 1.543577879117386 1.5420579055930466 1.5405379320687074 1.5390179585443682 1.5374979850200288 1.5359780114956896 1.5344580379713502 1.532938064447011 1.5314180909226691 1.5298981173983297 1.5283781438739905 1.5268581703496513
1.6552737052922684 1.6528075886208817 1.6496687417912115 1.6458107311972778 1.641952720603344 1.63809471000941 1.6342366994154764 1.6303786888215426 1.6265206782276087 1.6226626676336748 1.6188046570397412 1.6149466464458073 1.6110886358518735 1.6072306252579396 1.6033726146639993 1.5995146040700654 1.5956565934761318 1.5917985828821979 1.587940572288264 1.5840825616943304 1.5802245511003965 1.5763665405064626 1.5725085299125288 1.5686505193185951 1.5647925087246612 1.5609344981307274 1.5570764875367937 1.5532184769428532 1.5493604663489193 1.5455024557549857 1.5416444451610518 1.537786434567118 1.5350121038807 1.5333962515465482 1.5317803992123962 1.5301645468782443 1.5285486945440923 1.5269328422099404 1.5253169898757883 1.5237011375416365 1.5220852852074818 1.52046943287333 1.5188535805391778 1.517237728205026
1.648320358985611 1.6458659550608001 1.6427076430414709 1.638796837338432 1.6348860316353933 1.6309752259323542 1.6270644202293154 1.6231536145262764 1.6192428088232376 1.6153320031201985 1.6114211974171597 1.6075103917141207 1.6035995860110819 1.599688780308043 1.5957779746049974 1.5918671689019586 1.5879563631989195 1.5840455574958807 1.5801347517928417 1.5762239460898029 1.5723131403867638 1.568402334683725 1.5644915289806862 1.5605807232776472 1.5566699175746084 1.5527591118715693 1.5488483061685305 1.5449375004654848 1.541026694762446 1.537115889059407 1.5332050833563682 1.5292942776533291 1.5264463286440146 1.52473459750005 1.5230228663560854 1.5213111352121207 1.5195994040681562 1.5178876729241915 1.5161759417802267 1.5144642106362622 1.5127524794922946 1.51104074834833 1.5093290172043654 1.5076172860604007
1.641367012678948 1.6389243215007128 1.6357465442917245 1.6317829434795805 1.6278193426674363 1.6238557418552924 1.6198921410431484 1.6159285402310042 1.6119649394188602 1.608001338606716 1.604037737794572 1.600074136982428 1.5961105361702839 1.59214693535814 1.588183334545989 1.584219733733845 1.5802561329217009 1.5762925321095569 1.5723289312974127 1.5683653304852687 1.5644017296731247 1.5604381288609805 1.5564745280488366 1.5525109272366924 1.5485473264245484 1.5445837256124044 1.5406201248002602 1.5366565239881094 1.5326929231759654 1.5287293223638212 1.5247657215516772 1.5208021207395332 1.5178805534073216 1.5160729434535443 1.5142653334997669 1.5124577235459895 1.5106501135922121 1.5088425036384348 1.5070348936846574 1.50522728373088 1.5034196737770995 1.5016120638233221 1.4998044538695448 1.4979968439157674
1.6344136663722904 1.6319826879406314 1.628785445541984 1.6247690496207348 1.6207526536994856 1.6167362577782365 1.6127198618569873 1.6087034659357382 1.6046870700144888 1.6006706740932397 1.5966542781719906 1.5926378822507414 1.5886214863294923 1.5846050904082432 1.5805886944869871 1.576572298565738 1.5725559026444889 1.5685395067232397 1.5645231108019904 1.5605067148807412 1.556490318959492 1.552473923038243 1.5484575271169938 1.5444411311957447 1.5404247352744955 1.5364083393532462 1.532391943431997 1.528375547510741 1.5243591515894919 1.5203427556682427 1.5163263597469936 1.5123099638257445 1.5093147781706362 1.5074112894070462 1.505507800643456 1.5036043118798659 1.5017008231162758 1.4997973343526858 1.4978938455890958 1.4959903568255057 1.4940868680619124 1.4921833792983223 -9999.0 -9999.0
1.6274603200656332 1.62504105438055 1.6218243467922435 1.6177551557618892 1.613685964731535 1.6096167737011808 1.6055475826708265 1.6014783916404722 1.597409200610118 1.5933400095797636 1.5892708185494093 1.585201627519055 1.5811324364887007 1.5770632454583464 1.5729940544279852 1.568924863397631 1.5648556723672769 1.5607864813369225 1.5567172903065682 1.552648099276214 1.5485789082458596 1.5445097172155053 1.540440526185151 1.5363713351547967 1.5323021441244427 1.5282329530940884 1.524163762063734 1.5200945710333729 1.5160253800030186 1.5119561889726643 1.50788699794231 1.5038178069119557 1.5007490029339505 1.4987496353605478 1.4967502677871451 1.4947509002137422 1.4927515326403396 1.4907521650669369 1.4887527974935342 1.4867534299201313 1.4847540623467252 -9999.0 -9999.0 -9999.0
1.620506973758976 1.6180994208204684 1.614863248042503 1.6107412619030437 1.6066192757635842 1.6024972896241247 1.5983753034846655 1.594253317345206 1.5901313312057468 1.5860093450662873 1.5818873589268279 1.5777653727873686 1.5736433866479091 1.5695214005084497 1.5653994143689833 1.561277428229524 1.5571554420900646 1.5530334559506052 1.548911469811146 1.5447894836716864 1.5406674975322272 1.5365455113927677 1.5324235252533083 1.528301539113849 1.5241795529743896 1.52005756683493 1.5159355806954709 1.5118135945560045 1.507691608416545 1.5035696222770856 1.4994476361376263 1.4953256499981669 1.492183227697265 1.4900879813140495 1.4879927349308342 1.4858974885476188 1.4838022421644033 1.481706995781188 1.4796117493979726 -9999.0 -9999.0 -9999.0 -9999.0 -9999.0
1.6135536274523188 1.611157787260387 1.6079021492927625 1.6037273680441981 1.5995525867956335 1.595377805547069 1.5912030242985047 1.58702824304994 1.5828534618013756 1.5786786805528112 1.5745038993042466 1.5703291180556822 1.5661543368071176 1.5619795555585532 1.5578047743099817 1.553629993061417 1.5494552118128526 1.5452804305642882 1.5411056493157236 1.5369308680671592 1.5327560868185945 1.5285813055700301 1.5244065243214657 1.520231743072901 1.5160569618243367 1.5118821805757723 1.5077073993272077 1.5035326180786361 1.4993578368300715 1.495183055581507 1.4910082743329427 1.486833493084378 1.4836174524605794 1.4814263272675514 1.4792352020745232 1.4770440768814952 1.474852951688467 1.472661826495439 -9999.0 -9999.0 -9999.0 -9999.0 -9999.0 -9999.0
1.6066002811456612 1.6042161537003057 1.600941050543022 1.5967134741853524 1.5924858978276828 1.5882583214700132 1.5840307451123437 1.579803168754674 1.5755755923970045 1.5713480160393347 1.5671204396816651 1.5628928633239956 1.558665286966326 1.5544377106086564 1.5502101342509798 1.54598255789331 1.5417549815356404 1.5375274051779708 1.5332998288203012 1.5290722524626317 1.524844676104962 1.5206170997472925 1.516389523389623 1.5121619470319534 1.5079343706742838 1.503706794316614 1.4994792179589445 1.4952516416012678 1.4910240652435982 1.4867964888859286 1.482568912528259 1.4783413361705895 1.475051677223894 1.472764673221053 1.4704776692182124 1.4681906652153716 1.465903661212531 1.46361665720969 -9999.0 -9999.0 -9999.0 -9999.0 -9999.0 -9999.0
1.5996469348389981 1.5972745201402183 1.5939799517932756 1.5896995803265008 1.585419208859726 1.5811388373929514 1.5768584659261766 1.5725780944594019 1.5682977229926272 1.5640173515258524 1.5597369800590777 1.5554566085923027 1.551176237125528 1.5468958656587533 1.5426154941919714 1.5383351227251965 1.5340547512584217 1.529774379791647 1.5254940083248723 1.5212136368580975 1.5169332653913228 1.512652893924548 1.5083725224577733 1.5040921509909986 1.4998117795242238 1.495531408057449 1.4912510365906744 1.4869706651238923 1.4826902936571176 1.4784099221903428 1.474129550723568 1.4698491792567934 1.466485901987201 1.4641030191745474 1.461720136361894 1.4593372535492404 1.4569543707365868 -9999.0 -9999.0 -9999.0 -9999.0 -9999.0 -9999.0 -9999.0
1.592693588532341 1.590332886580137 1.5870188530435352 1.5826856864676553 1.5783525198917754 1.5740193533158955 1.5696861867400158 1.565353020164136 1.561019853588256 1.5566866870123761 1.5523535204364962 1.5480203538606165 1.5436871872847366 1.5393540207088567 1.5350208541329695 1.5306876875570896 1.5263545209812097 1.52202135440533 1.5176881878294501 1.5133550212535702 1.5090218546776903 1.5046886881018104 1.5003555215259308 1.4960223549500509 1.491689188374171 1.487356021798291 1.4830228552224112 1.478689688646524 1.474356522070644 1.4700233554947644 1.4656901889188845 1.4613570223430046 1.4579201267505155 1.4554413651280493 1.452962603505583 1.4504838418831167 -9999.0 -9999.0 -9999.0 -9999.0 -9999.0 -9999.0 -9999.0 -9999.0
1.5889491815192094 1.5865568829881045 1.583206342653168 1.5788314201432514 1.574456497633335 1.5700815751234187 1.5657066526135024 1.5613317301035858 1.5569568075936695 1.5525818850837532 1.5482069625738368 1.5438320400639203 1.539457117554004 1.5350821950440876 1.5307072725341637 1.5263323500242474 1.5219574275143308 1.5175825050044145 1.5132075824944982 1.5088326599845818 1.5044577374746653 1.500082814964749 1.4957078924548326 1.4913329699449163 1.4869580474349997 1.4825831249250834 1.478208202415167 1.4738332799052432 1.4694583573953268 1.4650834348854103 1.460708512375494 1.4563335898655776 1.4528391036182133 1.450285823665847 1.4477325437134805 -9999.0 -9999.0 -9999.0 -9999.0 -9999.0 -9999.0 -9999.0 -9999.0 -9999.0
1.5886349283423318 1.5861647382933004 1.5827594747545353 1.5783545964929002 1.5739497182312652 1.5695448399696301 1.565139961707995 1.56073508344636 1.556330205184725 1.5519253269230897 1.5475204486614547 1.5431155703998196 1.5387106921381846 1.5343058138765495 1.529900935614907 1.5254960573532719 1.5210911790916368 1.5166863008300016 1.5122814225683665 1.5078765443067315 1.5034716660450964 1.4990667877834614 1.4946619095218263 1.4902570312601913 1.485852152998556 1.481447274736921 1.477042396475286 1.4726375182136433 1.4682326399520083 1.4638277616903732 1.4594228834287382 1.4550180051671031 1.4514830608317095 1.4488780955560578 1.446273130280406 -9999.0 -9999.0 -9999.0 -9999.0 -9999.0 -9999.0 -9999.0 -9999.0 -9999.0
