Figures/CREST_Example_wjb_NSE/PETs/wjb.pet.20100528.asc
ncols            288
nrows            254
xllcorner        113.274861
yllcorner        31.4918055
cellsize         0.008333333333
NODATA_value     -9999
[rows 80 to 99 of 254, columns 176 to 219 of 288]
2.563382498943282 2.5647427602646693 2.5661030215860565 2.5674632829074437 2.5688235442288314 2.5701838055502186 2.571544066871608 2.5729043281929957 2.574264589514383 2.57562485083577 2.5769851121571574 2.578345373478545 2.5797056347999323 2.5810658961213195 2.582426157442707 2.5837864187640944 2.584043754575028 2.583122038059824 2.58220032154462 2.5812786050294143 2.5803568885142103 2.579435171999006 2.578513455483802 2.577591738968598 2.576670022453394 2.5757483059381894 2.5748265894229854 2.5739048729077814 2.572983156392577 2.572061439877373 -9999.0 -9999.0 -9999.0 -9999.0 -9999.0 -9999.0 -9999.0 -9999.0 -9999.0 -9999.0 -9999.0 -9999.0 -9999.0 -9999.0
2.564622866442554 2.566009819314231 2.5673967721859072 2.568783725057584 2.5701706779292603 2.571557630800937 2.5729445836726157 2.5743315365442925 2.575718489415969 2.5771054422876456 2.578492395159322 2.5798793480309987 2.581266300902675 2.582653253774352 2.584040206646028 2.585427159517705 2.5856590652269325 2.584656199384703 2.583653333542473 2.5826504677002418 2.581647601858012 2.5806447360157825 2.579641870173553 2.578639004331323 2.5776361384890936 2.5766332726468635 2.575630406804634 2.574627540962404 2.5736246751201746 2.572621809277945 -9999.0 -9999.0 -9999.0 -9999.0 -9999.0 -9999.0 -9999.0 -9999.0 -9999.0 -9999.0 -9999.0 -9999.0 -9999.0 -9999.0
2.565863233941827 2.5672768783637925 2.5686905227857584 2.5701041672077243 2.5715178116296897 2.5729314560516556 2.5743451004736237 2.5757587448955896 2.5771723893175555 2.578586033739521 2.579999678161487 2.581413322583453 2.5828269670054183 2.584240611427384 2.58565425584935 2.5870679002713155 2.5872743758788372 2.586190360709582 2.5851063455403267 2.5840223303710697 2.5829383152018144 2.581854300032559 2.580770284863304 2.5796862696940486 2.5786022545247933 2.577518239355538 2.5764342241862828 2.5753502090170275 2.574266193847772 -9999.0 -9999.0 -9999.0 -9999.0 -9999.0 -9999.0 -9999.0 -9999.0 -9999.0 -9999.0 -9999.0 -9999.0 -9999.0 -9999.0 -9999.0
2.5671036014410995 2.5685439374133545 2.5699842733856095 2.5714246093578645 2.5728649453301196 2.5743052813023746 2.575745617274632 2.577185953246887 2.578626289219142 2.580066625191397 2.581506961163652 2.582947297135907 2.5843876331081614 2.5858279690804165 2.5872683050526715 2.5887086410249265 2.5888896865307416 2.5877245220344607 2.5865593575381802 2.585394193041897 2.5842290285456166 2.5830638640493357 2.581898699553055 2.580733535056774 2.5795683705604935 2.5784032060642126 2.5772380415679317 2.576072877071651 2.57490771257537 -9999.0 -9999.0 -9999.0 -9999.0 -9999.0 -9999.0 -9999.0 -9999.0 -9999.0 -9999.0 -9999.0 -9999.0 -9999.0 -9999.0 -9999.0
2.568343968940372 2.569810996462916 2.5712780239854602 2.5727450515080044 2.5742120790305485 2.575679106553093 2.5771461340756394 2.5786131615981835 2.5800801891207277 2.581547216643272 2.583014244165816 2.5844812716883605 2.5859482992109046 2.5874153267334488 2.588882354255993 2.590349381778537 2.590504997182646 2.5892586833593394 2.5880123695360333 2.5867660557127246 2.5855197418894185 2.584273428066112 2.5830271142428054 2.5817808004194993 2.580534486596193 2.5792881727728867 2.57804185894958 2.5767955451262736 2.5755492313029675 -9999.0 -9999.0 -9999.0 -9999.0 -9999.0 -9999.0 -9999.0 -9999.0 -9999.0 -9999.0 -9999.0 -9999.0 -9999.0 -9999.0 -9999.0
2.569584336439646 2.571078055512479 2.5725717745853127 2.574065493658146 2.575559212730979 2.577052931803813 2.578546650876649 2.580040369949482 2.5815340890223153 2.583027808095149 2.5845215271679822 2.5860152462408155 2.587508965313649 2.5890026843864824 2.5904964034593156 2.591990122532149 2.5921203078345516 2.59079284468422 2.5894653815338877 2.5881379183835533 2.5868104552332216 2.5854829920828895 2.5841555289325577 2.5828280657822256 2.5815006026318934 2.5801731394815617 2.5788456763312295 2.577518213180898 2.5761907500305656 2.5748632868802335 -9999.0 -9999.0 2.570880897429235 2.5695534342789035 -9999.0 -9999.0 -9999.0 -9999.0 -9999.0 -9999.0 -9999.0 -9999.0 -9999.0 -9999.0
2.5708247039389183 2.572345114562041 2.5738655251851634 2.5753859358082862 2.5769063464314086 2.5784267570545314 2.5799471676776564 2.581467578300779 2.5829879889239016 2.5845083995470244 2.586028810170147 2.5875492207932695 2.5890696314163923 2.5905900420395147 2.5921104526626375 2.59363086328576 2.5937356184864564 2.592327006009099 2.5909183935317412 2.5895097810543812 2.588101168577024 2.586692556099666 2.5852839436223087 2.583875331144951 2.5824667186675936 2.5810581061902362 2.5796494937128784 2.578240881235521 2.5768322687581633 2.575423656280806 2.574015043803448 2.572606431326091 2.5711978188487308 2.5697892063713734 2.5683805938940156 -9999.0 -9999.0 -9999.0 -9999.0 -9999.0 -9999.0 -9999.0 -9999.0 -9999.0
2.5720650714381907 2.5736121736116027 2.5751592757850146 2.576706377958426 2.578253480131838 2.57980058230525 2.581347684478664 2.582894786652076 2.584441888825488 2.5859889909989 2.5875360931723113 2.589083195345723 2.590630297519135 2.592177399692547 2.5937245018659585 2.5952716040393704 2.5953509291383607 2.5938611673339773 2.5923714055295943 2.5908816437252087 2.5893918819208257 2.5879021201164427 2.5864123583120593 2.5849225965076763 2.5834328347032933 2.58194307289891 2.580453311094527 2.578963549290144 2.577473787485761 2.5759840256813775 2.5744942638769945 2.5730045020726116 2.571514740268226 2.570024978463843 2.5685352166594595 -9999.0 -9999.0 -9999.0 -9999.0 -9999.0 -9999.0 -9999.0 -9999.0 -9999.0
2.570337269400405 2.5718831331499423 2.5734289968994792 2.5749748606490166 2.5765207243985535 2.578066588148091 2.579612451897631 2.581158315647168 2.582704179396705 2.584250043146242 2.5857959068957794 2.587341770645317 2.5888876343948537 2.590433498144391 2.591979361893928 2.5935252256434653 2.5935861983851014 2.5920597890412442 2.590533379697387 2.5890069703535277 2.5874805610096705 2.5859541516658133 2.5844277423219566 2.5829013329780994 2.5813749236342423 2.579848514290385 2.5783221049465284 2.576795695602671 2.575269286258814 2.573742876914957 2.5722164675710997 2.570690058227243 2.569163648883383 2.567637239539526 2.566110830195669 -9999.0 -9999.0 -9999.0 -9999.0 -9999.0 -9999.0 -9999.0 -9999.0 -9999.0
2.5654366812653677 2.5669514512095852 2.5684662211538023 2.5699809910980194 2.5714957610422364 2.573010530986454 2.5745253009306737 2.5760400708748907 2.577554840819108 2.579069610763325 2.580584380707542 2.5820991506517594 2.5836139205959765 2.5851286905401936 2.5866434604844106 2.5881582304286277 2.588208416475383 2.586692929197185 2.5851774419189875 2.583661954640787 2.5821464673625893 2.5806309800843916 2.579115492806194 2.577600005527996 2.5760845182497984 2.5745690309716007 2.573053543693403 2.5715380564152053 2.5700225691370076 2.56850708185881 2.566991594580612 2.5654761073024144 2.563960620024214 2.5624451327460163 2.5609296454678185 2.559414158189621 -9999.0 -9999.0 -9999.0 -9999.0 -9999.0 -9999.0 -9999.0 -9999.0
2.5605360931303305 2.5620197692692277 2.563503445408125 2.564987121547022 2.5664707976859193 2.567954473824816 2.569438149963716 2.570921826102613 2.57240550224151 2.573889178380407 2.5753728545193044 2.5768565306582016 2.578340206797099 2.5798238829359956 2.581307559074893 2.58279123521379 2.582830634565664 2.5813260693531257 2.5798215041405874 2.5783169389280465 2.576812373715508 2.5753078085029695 2.573803243290431 2.572298678077893 2.5707941128653546 2.569289547652816 2.5677849824402776 2.5662804172277394 2.564775852015201 2.5632712868026624 2.561766721590124 2.560262156377586 2.558757591165045 2.5572530259525066 2.555748460739968 2.5542438955274296 -9999.0 -9999.0 -9999.0 -9999.0 -9999.0 -9999.0 -9999.0 -9999.0
2.5556355049952932 2.5570880873288706 2.5585406696624475 2.5599932519960245 2.561445834329602 2.5628984166631787 2.5643509989967583 2.5658035813303353 2.5672561636639126 2.5687087459974896 2.570161328331067 2.571613910664644 2.5730664929982208 2.574519075331798 2.575971657665375 2.577424239998952 2.577452852655945 2.575959209509066 2.574465566362187 2.5729719232153054 2.5714782800684266 2.5699846369215473 2.5684909937746685 2.566997350627789 2.5655037074809104 2.564010064334031 2.5625164211871523 2.561022778040273 2.559529134893394 2.558035491746515 2.556541848599636 2.555048205452757 2.5535545623058753 2.5520609191589965 -9999.0 -9999.0 -9999.0 -9999.0 -9999.0 -9999.0 2.541605417130843 -9999.0 2.5386181308370848 -9999.0
2.550734916860252 2.552156405388509 2.553577893916766 2.554999382445023 2.55642087097328 2.557842359501537 2.5592638480297967 2.5606853365580537 2.5621068250863104 2.5635283136145675 2.5649498021428245 2.5663712906710816 2.5677927791993387 2.5692142677275958 2.570635756255853 2.57205724478411 2.5720750707462217 2.5705923496650023 2.5691096285837824 2.5676269075025604 2.5661441864213406 2.5646614653401207 2.5631787442589014 2.5616960231776815 2.5602133020964617 2.558730581015242 2.5572478599340225 2.5557651388528027 2.554282417771583 2.5527996966903634 2.5513169756091436 2.549834254527924 2.5483515334467017 2.546868812365482 -9999.0 -9999.0 -9999.0 -9999.0 -9999.0 2.537972485878164 2.536489764796944 2.535007043715724 2.5335243226345048 -9999.0
2.5458343287252148 2.547224723448152 2.5486151181710888 2.550005512894026 2.5513959076169628 2.5527863023399 2.5541766970628395 2.5555670917857762 2.5569574865087135 2.5583478812316502 2.5597382759545875 2.5611286706775243 2.5625190654004615 2.5639094601233983 2.5652998548463355 2.5666902495692723 2.5666972888365036 2.5652254898209432 2.563753690805383 2.56228189178982 2.5608100927742594 2.559338293758699 2.5578664947431387 2.5563946957275783 2.554922896712018 2.5534510976964575 2.551979298680897 2.5505074996653367 2.5490357006497764 2.547563901634216 2.5460921026186556 2.5446203036030957 2.5431485045875326 2.5416767055719722 2.540204906556412 -9999.0 -9999.0 -9999.0 -9999.0 2.53284591147861 2.5313741124630496 2.529902313447489 2.528430514431929 -9999.0
2.5409337405901775 2.5422930415077944 2.5436523424254114 2.5450116433430283 2.5463709442606453 2.5477302451782626 2.549089546095882 2.5504488470134987 2.5518081479311157 2.5531674488487326 2.5545267497663495 2.5558860506839665 2.5572453516015834 2.5586046525192008 2.5599639534368177 2.5613232543544346 2.5613195069267847 2.5598586299768833 2.5583977530269824 2.5569368760770788 2.555475999127178 2.554015122177277 2.552554245227376 2.551093368277475 2.5496324913275736 2.5481716143776727 2.5467107374277718 2.545249860477871 2.5437889835279694 2.5423281065780685 2.5408672296281676 2.5394063526782666 2.537945475728363 2.536484598778462 2.535023721828561 2.53356284487866 -9999.0 -9999.0 -9999.0 2.5277193370790556 2.5262584601291547 2.5247975831792537 2.523336706229353 2.521875829279452
2.5360331524551403 2.5373613595674374 2.538689566679734 2.540017773792031 2.541345980904328 2.542674188016625 2.544002395128924 2.545330602241221 2.546658809353518 2.547987016465815 2.549315223578112 2.550643430690409 2.5519716378027058 2.553299844915003 2.5546280520273 2.5559562591395966 2.5559417250170657 2.554491770132824 2.5530418152485823 2.551591860364338 2.5501419054800967 2.5486919505958547 2.5472419957116132 2.5457920408273713 2.54434208594313 2.542892131058888 2.5414421761746464 2.5399922212904045 2.538542266406163 2.5370923115219215 2.5356423566376796 2.534192401753438 2.532742446869194 2.531292491984952 2.5298425371007105 2.5283925822164686 2.526942627332227 2.5254926724479856 2.5240427175637437 2.522592762679502 2.5211428077952602 2.5196928529110187 2.518242898026777 2.5167929431425353
2.531132564320103 2.53242967762708 2.5337267909340566 2.535023904241034 2.5363210175480106 2.5376181308549874 2.5389152441619665 2.5402123574689437 2.5415094707759205 2.5428065840828973 2.544103697389874 2.5454008106968513 2.546697924003828 2.547995037310805 2.5492921506177817 2.550589263924759 2.550563943107347 2.5491249102887643 2.5476858774701823 2.546246844651597 2.544807811833015 2.5433687790144326 2.54192974619585 2.540490713377268 2.5390516805586856 2.537612647740103 2.536173614921521 2.5347345821029386 2.533295549284356 2.5318565164657736 2.5304174836471915 2.528978450828609 2.5275394180100244 2.526100385191442 2.5246613523728594 2.5232223195542773 2.521783286735695 2.5203442539171124 2.5189052210985303 2.517466188279948 2.5160271554613653 2.5145881226427833 2.513149089824201 2.5117100570056183
2.526231976185066 2.5274979956867227 2.5287640151883797 2.5300300346900366 2.5312960541916936 2.5325620736933505 2.5338280931950092 2.535094112696666 2.536360132198323 2.53762615169998 2.538892171201637 2.540158190703294 2.541424210204951 2.5426902297066074 2.5439562492082644 2.5452222687099213 2.5451861611976283 2.5437580504447053 2.5423299396917822 2.540901828938857 2.539473718185934 2.538045607433011 2.536617496680088 2.535189385927165 2.5337612751742418 2.5323331644213187 2.5309050536683957 2.5294769429154726 2.5280488321625496 2.5266207214096266 2.5251926106567035 2.5237644999037805 2.5223363891508552 2.520908278397932 2.519480167645009 2.518052056892086 2.516623946139163 2.51519583538624 2.513767724633317 2.512339613880394 2.510911503127471 2.509483392374548 2.5080552816216253 2.5066271708687022
2.5213313880500245 2.522566313746361 2.5238012394426983 2.525036165139035 2.5262710908353716 2.5275060165317087 2.5287409422280476 2.5299758679243842 2.5312107936207213 2.532445719317058 2.533680645013395 2.5349155707097317 2.5361504964060684 2.5373854221024055 2.538620347798742 2.5398552734950792 2.539808379287905 2.5383911906006413 2.5369740019133777 2.5355568132261115 2.534139624538848 2.5327224358515843 2.5313052471643207 2.529888058477057 2.528470869789793 2.5270536811025295 2.525636492415266 2.5242193037280023 2.5228021150407387 2.521384926353475 2.519967737666211 2.5185505489789475 2.5171333602916817 2.515716171604418 2.514298982917154 2.5128817942298904 2.511464605542627 2.5100474168553633 2.5086302281680997 2.507213039480836 2.505795850793572 2.5043786621063084 2.502961473419045 2.5015442847317813
2.5164307999149873 2.517634631806004 2.518838463697021 2.5200422955880377 2.5212461274790545 2.5224499593700713 2.52365379126109 2.5248576231521067 2.5260614550431235 2.5272652869341403 2.528469118825157 2.529672950716174 2.5308767826071907 2.5320806144982075 2.5332844463892243 2.534488278280241 2.534430597378186 2.533024330756582 2.5316180641349773 2.530211797513371 2.5288055308917663 2.527399264270162 2.5259929976485576 2.5245867310269534 2.5231804644053493 2.5217741977837447 2.5203679311621405 2.518961664540536 2.517555397918932 2.516149131297327 2.514742864675723 2.513336598054119 2.511930331432512 2.5105240648109075 2.5091177981893034 2.507711531567699 2.5063052649460946 2.5048989983244905 2.503492731702886 2.5020864650812817 2.500680198459677 2.499273931838073 2.497867665216469 2.4964613985948643
