Figures/CREST_Example_wjb_NSE/PETs/wjb.pet.20090615.asc
ncols            288
nrows            254
xllcorner        113.274861
yllcorner        31.4918055
cellsize         0.008333333333
NODATA_value     -9999
[rows 120 to 139 of 254, columns 88 to 131 of 288]
3.618629699308397 3.6118353904380647 3.605041081567732 3.5982467726973884 3.591452463827056 3.5846581549567236 3.5778638460863914 3.5710695372160592 3.564275228345727 3.5574809194753945 3.5506866106050623 3.54389230173473 3.537097992864398 3.5303036839940654 3.523338068895178 3.516189323564525 3.5090405782338605 3.5018918329032083 3.4947430875725556 3.487594342241903 3.4804455969112507 3.473296851580598 3.4661481062499457 3.458999360919293 3.451850615588641 3.444701870257988 3.437553124927336 3.430404379596683 3.423255634266031 3.4161068889353663 3.4089581436047136 3.401809398274061 3.3946606529434087 3.387511907612756 3.3803631622821038 3.373214416951451 3.366065671620799 3.358916926290146 3.351768180959494 3.3446194356288412 3.337470690298189 3.3303219449675363 3.3231731996368716 3.316024454306219
3.618730524760927 3.6120185108161396 3.6053064968713517 3.598594482926553 3.591882468981765 3.585170455036977 3.57845844109219 3.571746427147402 3.5650344132026146 3.558322399257827 3.5516103853130394 3.5448983713682516 3.5381863574234638 3.5314743434786764 3.5245608907176567 3.5174320953073126 3.510303299896956 3.5031745044866116 3.4960457090762675 3.488916913665923 3.481788118255579 3.4746593228452345 3.46753052743489 3.460401732024546 3.4532729366142014 3.4461441412038574 3.439015345793513 3.431886550383169 3.4247577549728243 3.417628959562468 3.4105001641521238 3.4033713687417793 3.396242573331435 3.3891137779210907 3.381984982510746 3.374856187100402 3.3677273916900576 3.3605985962797136 3.353469800869369 3.346341005459025 3.3392122100486805 3.3320834146383365 3.32495461922798 3.3178258238176355
3.6188313502134575 3.6122016311942144 3.605571912174972 3.5989421931557173 3.5923124741364743 3.5856827551172312 3.5790530360979886 3.5724233170787456 3.5657935980595026 3.5591638790402595 3.5525341600210165 3.5459044410017735 3.5392747219825305 3.5326450029632874 3.5257837125401363 3.5186748670501 3.5115660215600517 3.504457176070016 3.4973483305799795 3.490239485089943 3.4831306395999073 3.476021794109871 3.468912948619835 3.461804103129799 3.4546952576397625 3.4475864121497266 3.4404775666596903 3.433368721169654 3.426259875679618 3.41915103018957 3.4120421846995335 3.4049333392094976 3.3978244937194613 3.390715648229425 3.383606802739389 3.3764979572493528 3.3693891117593164 3.3622802662692806 3.3551714207792442 3.3480625752892084 3.340953729799172 3.3338448843091357 3.326736038819088 3.3196271933290515
3.618932175665988 3.6123847515722898 3.6058373274785915 3.5992899033848818 3.5927424792911835 3.5861950551974853 3.579647631103787 3.5731002070100883 3.56655278291639 3.560005358822692 3.5534579347289936 3.546910510635295 3.5403630865415967 3.5338156624478985 3.527006534362615 3.5199176387928874 3.5128287432231473 3.505739847653419 3.4986509520836915 3.4915620565139633 3.484473160944235 3.4773842653745075 3.4702953698047794 3.4632064742350517 3.4561175786653235 3.4490286830955954 3.4419397875258677 3.4348508919561396 3.4277619963864114 3.4206731008166718 3.4135842052469436 3.4064953096772155 3.399406414107488 3.3923175185377596 3.3852286229680315 3.378139727398304 3.3710508318285757 3.363961936258848 3.35687304068912 3.3497841451193917 3.342695249549664 3.335606353979936 3.3285174584101958 3.321428562840468
3.6190330011185186 3.612567871950365 3.6061027427822117 3.5996376136140467 3.593172484445893 3.5867073552777398 3.580242226109586 3.5737770969414324 3.5673119677732785 3.560846838605125 3.5543817094369716 3.5479165802688177 3.5414514511006643 3.534986321932511 3.5282293561850957 3.5211604105356757 3.5140914648862442 3.5070225192368243 3.4999535735874043 3.492884627937985 3.485815682288565 3.478746736639145 3.4716777909897254 3.4646088453403054 3.457539899690886 3.450470954041466 3.443402008392046 3.4363330627426265 3.4292641170932066 3.4221951714437746 3.415126225794355 3.408057280144935 3.400988334495515 3.3939193888460957 3.3868504431966757 3.379781497547256 3.3727125518978363 3.3656436062484163 3.358574660598997 3.351505714949577 3.344436769300157 3.3373678236507374 3.3302988780013054 3.3232299323518855
3.619133826571049 3.6127509923284404 3.6063681580858313 3.5999853238432116 3.5936024896006025 3.5872196553579934 3.5808368211153847 3.5744539868727756 3.5680711526301665 3.561688318387558 3.5553054841449487 3.5489226499023396 3.542539815659731 3.536156981417122 3.5294521780075754 3.5224031822784636 3.51535418654934 3.508305190820228 3.5012561950911167 3.494207199362005 3.487158203632893 3.480109207903782 3.47306021217467 3.4660112164455583 3.4589622207164465 3.451913224987335 3.4448642292582234 3.4378152335291117 3.4307662378000003 3.4237172420708766 3.416668246341765 3.4096192506126535 3.4025702548835417 3.39552125915443 3.388472263425318 3.381423267696207 3.374374271967095 3.3673252762379833 3.360276280508872 3.35322728477976 3.3461782890506484 3.339129293321537 3.3320802975924133 3.3250313018633015
3.6192346520235796 3.6129341127065153 3.606633573389451 3.600333034072376 3.5940324947553117 3.5877319554382474 3.581431416121183 3.575130876804119 3.5688303374870545 3.56252979816999 3.556229258852926 3.5499287195358615 3.543628180218797 3.537327640901733 3.530674999830054 3.5236459540212506 3.5166169082124354 3.509587862403632 3.5025588165948283 3.495529770786025 3.4885007249772215 3.481471679168418 3.474442633359615 3.467413587550811 3.4603845417420076 3.453355495933204 3.446326450124401 3.4392974043155973 3.4322683585067937 3.4252393126979785 3.418210266889175 3.4111812210803714 3.404152175271568 3.3971231294627646 3.390094083653961 3.3830650378451574 3.3760359920363543 3.3690069462275507 3.361977900418747 3.354948854609944 3.3479198088011404 3.340890762992337 3.3338617171835216 3.326832671374718
3.61933547747611 3.6131172330845907 3.6068989886930707 3.6006807443015405 3.594462499910021 3.5882442555185015 3.5820260111269815 3.575807766735462 3.5695895223439424 3.563371277952423 3.557153033560903 3.5509347891693834 3.544716544777864 3.538498300386344 3.531897821652534 3.5248887257640384 3.517879629875531 3.5108705339870356 3.5038614380985407 3.4968523422100453 3.48984324632155 3.4828341504330544 3.4758250545445595 3.468815958656064 3.4618068627675687 3.4547977668790733 3.447788670990578 3.440779575102083 3.4337704792135875 3.42676138332508 3.419752287436585 3.4127431915480897 3.4057340956595943 3.398724999771099 3.3917159038826035 3.3847068079941085 3.377697712105613 3.3706886162171177 3.3636795203286223 3.3566704244401273 3.349661328551632 3.3426522326631365 3.335643136774629 3.328634040886134
3.6194363029286407 3.6133003534626655 3.6071644039966904 3.601028454530705 3.5948925050647302 3.588756555598755 3.58262060613278 3.576484656666805 3.57034870720083 3.564212757734855 3.55807680826888 3.551940858802905 3.5458049093369297 3.539668959870955 3.5331206434750126 3.5261314975068254 3.5191423515386266 3.5121532055704394 3.505164059602252 3.4981749136340654 3.491185767665878 3.484196621697691 3.4772074757295037 3.4702183297613165 3.4632291837931297 3.4562400378249425 3.4492508918567553 3.442261745888568 3.4352725999203813 3.428283453952182 3.421294307983995 3.4143051620158076 3.407316016047621 3.4003268700794336 3.3933377241112463 3.386348578143059 3.3793594321748723 3.372370286206685 3.365381140238498 3.3583919942703107 3.351402848302124 3.3444137023339366 3.3374245563657374 3.33043541039755
3.6195371283811713 3.613483473840741 3.6074298193003105 3.60137616475987 3.5953225102194395 3.589268855679009 3.5832152011385787 3.5771615465981483 3.571107892057718 3.5650542375172876 3.559000582976857 3.552946928436427 3.5468932738959964 3.540839619355566 3.5343434652974923 3.5273742692496133 3.5204050732017222 3.5134358771538436 3.5064666811059646 3.4994974850580856 3.4925282890102065 3.4855590929623275 3.4785898969144484 3.4716207008665694 3.4646515048186908 3.4576823087708117 3.4507131127229327 3.4437439166750536 3.4367747206271746 3.429805524579284 3.422836328531405 3.415867132483526 3.408897936435647 3.401928740387768 3.394959544339889 3.38799034829201 3.381021152244131 3.374051956196252 3.367082760148373 3.360113564100494 3.353144368052615 3.3461751720047364 3.3392059759568453 3.3322367799089663
3.6196379538337013 3.6136665942188158 3.60769523460393 3.6017238749890343 3.5957525153741483 3.5897811557592627 3.583809796144377 3.5778384365294915 3.5718670769146055 3.56589571729972 3.5599243576848343 3.5539529980699487 3.5479816384550626 3.542010278840177 3.535566287119971 3.5286170409924007 3.521667794864818 3.514718548737247 3.507769302609676 3.5008200564821053 3.493870810354535 3.486921564226964 3.479972318099393 3.4730230719718223 3.4660738258442514 3.4591245797166805 3.45217533358911 3.4452260874615392 3.4382768413339684 3.4313275952063855 3.4243783490788147 3.4174291029512442 3.4104798568236734 3.4035306106961025 3.3965813645685317 3.389632118440961 3.38268287231339 3.3757336261858195 3.3687843800582487 3.361835133930678 3.354885887803107 3.347936641675536 3.3409873955479537 3.334038149420383
3.6197387792862323 3.613849714596891 3.6079606499075503 3.6020715852181993 3.596182520528858 3.590293455839517 3.5844043911501764 3.578515326460835 3.5726262617714943 3.566737197082153 3.5608481323928123 3.554959067703471 3.5490700030141302 3.5431809383247894 3.5367891089424517 3.529859812735189 3.522930516527915 3.516001220320652 3.5090719241133894 3.5021426279061267 3.495213331698864 3.4882840354916014 3.481354739284339 3.4744254430770765 3.4674961468698138 3.460566850662551 3.4536375544552884 3.4467082582480257 3.439778962040763 3.432849665833489 3.425920369626226 3.4189910734189635 3.412061777211701 3.4051324810044385 3.398203184797176 3.391273888589913 3.3843445923826505 3.377415296175388 3.370485999968125 3.363556703760863 3.3566274075536002 3.3496981113463375 3.342768815139063 3.3358395189318006
3.6198396047387624 3.6140328349749664 3.60822606521117 3.6024192954473637 3.5966125256835673 3.590805755919771 3.5849989861559743 3.5791922163921783 3.573385446628382 3.5675786768645854 3.561771907100789 3.555965137336993 3.5501583675731965 3.5443515978094 3.538011930764931 3.5311025844779764 3.52419323819101 3.5172838919040554 3.510374545617101 3.503465199330147 3.4965558530431924 3.489646506756238 3.4827371604692834 3.475827814182329 3.4689184678953744 3.46200912160842 3.4550997753214654 3.4481904290345113 3.441281082747557 3.4343717364605904 3.427462390173636 3.4205530438866814 3.4136436975997273 3.406734351312773 3.3998250050258183 3.392915658738864 3.3860063124519093 3.379096966164955 3.3721876198780003 3.365278273591046 3.3583689273040918 3.3514595810171373 3.3445502347301708 3.3376408884432163
3.619940430191293 3.6142159553530413 3.6084914805147896 3.602767005676528 3.5970425308382765 3.591318056000025 3.585593581161773 3.5798691063235215 3.57414463148527 3.568420156647018 3.5626956818087665 3.556971206970515 3.551246732132263 3.5455222572940115 3.53923475258741 3.532345356220764 3.525455959854106 3.5185665634874597 3.5116771671208133 3.504787770754167 3.4978983743875207 3.4910089780208744 3.484119581654228 3.4772301852875818 3.4703407889209354 3.4634513925542896 3.4565619961876433 3.449672599820997 3.4427832034543506 3.4358938070876923 3.4290044107210464 3.4221150143544 3.415225617987754 3.4083362216211075 3.401446825254461 3.394557428887815 3.3876680325211685 3.3807786361545222 3.373889239787876 3.3669998434212296 3.3601104470545833 3.353221050687937 3.346331654321279 3.339442257954633
3.6200412556438235 3.614399075731116 3.6087568958184093 3.6031147159056927 3.5974725359929858 3.5918303560802785 3.5861881761675716 3.5805459962548642 3.5749038163421574 3.5692616364294505 3.563619456516743 3.5579772766040363 3.5523350966913294 3.546692916778622 3.5404575744098894 3.5335881279635513 3.526718681517201 3.519849235070863 3.512979788624525 3.506110342178187 3.499240895731849 3.492371449285511 3.4855020028391728 3.4786325563928346 3.4717631099464965 3.4648936635001584 3.4580242170538202 3.451154770607482 3.444285324161144 3.4374158777147943 3.430546431268456 3.423676984822118 3.41680753837578 3.4099380919294418 3.4030686454831036 3.3961991990367655 3.3893297525904273 3.382460306144089 3.375590859697751 3.368721413251413 3.361851966805075 3.3549825203587367 3.348113073912387 3.341243627466049
3.620142081096354 3.6145821961091915 3.6090223111220294 3.6034624261348576 3.597902541147695 3.5923426561605325 3.5867827711733704 3.581222886186208 3.5756630011990453 3.5701031162118833 3.5645432312247207 3.558983346237558 3.553423461250396 3.5478635762632336 3.5416803962323686 3.5348308997063387 3.527981403180297 3.5211319066542672 3.5142824101282373 3.5074329136022073 3.5005834170761774 3.4937339205501474 3.4868844240241175 3.4800349274980875 3.4731854309720576 3.4663359344460276 3.4594864379199977 3.4526369413939677 3.4457874448679378 3.4389379483418963 3.4320884518158663 3.4252389552898364 3.4183894587638064 3.4115399622377764 3.4046904657117465 3.3978409691857165 3.3909914726596866 3.3841419761336566 3.3772924796076267 3.3704429830815967 3.363593486555567 3.356743990029537 3.3498944935034953 3.3430449969774654
3.6202429065488846 3.614765316487267 3.609287726425649 3.603810136364022 3.5983325463024043 3.5928549562407865 3.587377366179169 3.581899776117551 3.5764221860559333 3.5709445959943156 3.565467005932698 3.55998941587108 3.5545118258094623 3.5490342357478446 3.542903218054848 3.536073671449126 3.529244124843393 3.522414578237671 3.515585031631949 3.508755485026227 3.5019259384205053 3.4950963918147835 3.4882668452090617 3.48143729860334 3.474607751997618 3.4677782053918964 3.4609486587861746 3.454119112180453 3.447289565574731 3.440460018968998 3.433630472363276 3.4268009257575542 3.4199713791518325 3.4131418325461107 3.406312285940389 3.399482739334667 3.3926531927289454 3.3858236461232236 3.378994099517502 3.37216455291178 3.3653350063060583 3.3585054597003365 3.3516759130946028 3.344846366488881
3.620343732001415 3.6149484368653417 3.6095531417292688 3.6041578465931865 3.5987625514571135 3.5933672563210406 3.5879719611849676 3.5825766660488947 3.5771813709128217 3.571786075776749 3.5663907806406754 3.5609954855046024 3.5556001903685295 3.5502048952324565 3.544126039877328 3.5373164431919144 3.5305068465064893 3.5236972498210757 3.516887653135662 3.5100780564502485 3.503268459764835 3.4964588630794213 3.4896492663940077 3.482839669708594 3.4760300730231806 3.469220476337767 3.4624108796523534 3.45560128296694 3.448791686281526 3.441982089596101 3.4351724929106875 3.428362896225274 3.4215532995398603 3.4147437028544467 3.4079341061690327 3.401124509483619 3.3943149127982055 3.387505316112792 3.3806957194273783 3.3738861227419648 3.367076526056551 3.3602669293711376 3.3534573326857124 3.346647736000299
3.6204445574539457 3.615131557243417 3.609818557032889 3.6045055568223514 3.5991925566118232 3.5938795564012946 3.5885665561907665 3.583253555980238 3.5779405557697097 3.572627555559181 3.567314555348653 3.5620015551381243 3.556688554927596 3.551375554717068 3.5453488616998077 3.5385592149347023 3.5317695681695853 3.52497992140448 3.5181902746393745 3.511400627874269 3.5046109811091637 3.497821334344058 3.4910316875789524 3.484242040813847 3.4774523940487416 3.470662747283636 3.463873100518531 3.4570834537534254 3.45029380698832 3.443504160223203 3.4367145134580976 3.4299248666929922 3.423135219927887 3.4163455731627814 3.409555926397676 3.40276627963257 3.3959766328674648 3.3891869861023594 3.382397339337254 3.3756076925721485 3.368818045807043 3.3620283990419377 3.355238752276821 3.3484491055117154
3.6205453829064758 3.6153146776214924 3.6100839723365086 3.604853267051516 3.599622561766532 3.5943918564815482 3.589161151196565 3.583930445911581 3.5786997406265972 3.5734690353416134 3.56823833005663 3.5630076247716462 3.5577769194866624 3.5525462142016786 3.546571683522287 3.5398019866774892 3.5330322898326805 3.5262625929878832 3.519492896143086 3.512723199298289 3.5059535024534916 3.4991838056086944 3.492414108763897 3.4856444119191 3.4788747150743027 3.472105018229505 3.465335321384708 3.4585656245399106 3.4517959276951133 3.4450262308503046 3.4382565340055073 3.43148683716071 3.424717140315913 3.4179474434711157 3.4111777466263185 3.404408049781521 3.3976383529367236 3.3908686560919263 3.384098959247129 3.377329262402332 3.3705595655575347 3.3637898687127374 3.3570201718679287 3.3502504750231314
