Figures/CREST_Example_wjb_NSE/PETs/wjb.pet.20101202.asc
ncols            288
nrows            254
xllcorner        113.274861
yllcorner        31.4918055
cellsize         0.008333333333
NODATA_value     -9999
[rows 114 to 132 of 254, columns 176 to 219 of 288]
0.8044486545886129 0.8041811716029645 0.8039136886173162 0.8036462056316677 0.8033787226460193 0.8031112396603709 0.802843756674722 0.8025762736890736 0.8023087907034252 0.8020413077177768 0.8017738247321283 0.8015063417464799 0.8012388587608316 0.8009713757751831 0.8007038927895347 0.8004364098038863 0.7999299061856077 0.7991678841028212 0.7984058620200349 0.7976438399372472 0.7968818178544608 0.7961197957716744 0.7953577736888879 0.7945957516061015 0.7938337295233151 0.7930717074405287 0.7923096853577423 0.7915476632749558 0.7907856411921694 0.790023619109383 0.7892615970265966 0.7884995749438102 0.7877375528610225 0.7869755307782361 0.7862135086954497 0.7854514866126633 0.7846894645298769 0.7839274424470905 0.783165420364304 0.7824033982815176 0.7816413761987312 0.7808793541159448 0.7801173320331584 0.7793553099503719
0.8055193846979432 0.8052466370008613 0.8049738893037796 0.8047011416066977 0.804428393909616 0.8041556462125341 0.8038828985154519 0.8036101508183701 0.8033374031212883 0.8030646554242065 0.8027919077271247 0.8025191600300429 0.8022464123329611 0.8019736646358793 0.8017009169387975 0.8014281692417157 0.8009279308455033 0.8001844997445774 0.7994410686436515 0.7986976375427243 0.7979542064417984 0.7972107753408724 0.7964673442399465 0.7957239131390206 0.7949804820380946 0.7942370509371687 0.7934936198362428 0.7927501887353168 0.7920067576343909 0.791263326533465 0.7905198954325391 0.7897764643316131 0.7890330332306859 0.78828960212976 0.7875461710288341 0.7868027399279082 0.7860593088269822 0.7853158777260563 0.7845724466251304 0.7838290155242044 0.7830855844232785 0.7823421533223526 0.7815987222214266 0.7808552911205007
0.8065901148072733 0.8063121023987581 0.806034089990243 0.8057560775817277 0.8054780651732125 0.8052000527646974 0.8049220403561818 0.8046440279476665 0.8043660155391514 0.8040880031306362 0.803809990722121 0.8035319783136059 0.8032539659050907 0.8029759534965755 0.8026979410880604 0.8024199286795451 0.8019259555053989 0.8012011153863334 0.8004762752672681 0.7997514351482014 0.7990265950291359 0.7983017549100705 0.797576914791005 0.7968520746719395 0.7961272345528742 0.7954023944338087 0.7946775543147432 0.7939527141956778 0.7932278740766123 0.7925030339575468 0.7917781938384815 0.791053353719416 0.7903285136003493 0.7896036734812839 0.7888788333622184 0.7881539932431529 0.7874291531240876 0.7867043130050221 0.7859794728859566 0.7852546327668912 0.7845297926478257 0.7838049525287603 0.7830801124096949 0.7823552722906294
0.8076608449166034 0.8073775677966548 0.8070942906767062 0.8068110135567577 0.8065277364368092 0.8062444593168606 0.8059611821969115 0.805677905076963 0.8053946279570144 0.8051113508370659 0.8048280737171173 0.8045447965971687 0.8042615194772201 0.8039782423572716 0.803694965237323 0.8034116881173745 0.8029239801652944 0.8022177310280895 0.8015114818908845 0.8008052327536783 0.8000989836164734 0.7993927344792684 0.7986864853420634 0.7979802362048585 0.7972739870676535 0.7965677379304485 0.7958614887932436 0.7951552396560386 0.7944489905188337 0.7937427413816287 0.7930364922444237 0.7923302431072188 0.7916239939700126 0.7909177448328076 0.7902114956956027 0.7895052465583977 0.7887989974211929 0.7880927482839879 0.7873864991467829 0.786680250009578 0.785974000872373 0.785267751735168 0.7845615025979631 0.7838552534607581
0.8086822673716026 0.8083992406920077 0.808116214012413 0.8078331873328182 0.8075501606532233 0.8072671339736285 0.8069841072940331 0.8067010806144383 0.8064180539348434 0.8061350272552487 0.8058520005756539 0.805568973896059 0.8052859472164642 0.8050029205368694 0.8047198938572745 0.8044368671776797 0.8039542563674563 0.8032582856056792 0.8025623148439022 0.801866344082124 0.8011703733203469 0.8004744025585698 0.7997784317967928 0.7990824610350157 0.7983864902732386 0.7976905195114615 0.7969945487496845 0.7962985779879074 0.7956026072261303 0.7949066364643532 0.7942106657025761 0.7935146949407991 0.7928187241790209 0.7921227534172438 0.7914267826554667 0.7907308118936897 0.7900348411319126 0.7893388703701355 0.7886428996083584 0.7879469288465814 0.7872509580848043 0.7865549873230272 0.7858590165612501 0.785163045799473
0.8096509830526276 0.8093741021629546 0.8090972212732817 0.8088203403836087 0.8085434594939358 0.8082665786042629 0.8079896977145894 0.8077128168249165 0.8074359359352435 0.8071590550455705 0.8068821741558976 0.8066052932662247 0.8063284123765517 0.8060515314868788 0.8057746505972058 0.8054977697075328 0.8050190074350618 0.8043244293964886 0.8036298513579155 0.8029352733193411 0.802240695280768 0.8015461172421948 0.8008515392036217 0.8001569611650485 0.7994623831264754 0.7987678050879022 0.7980732270493291 0.797378649010756 0.7966840709721829 0.7959894929336097 0.7952949148950366 0.7946003368564634 0.793905758817889 0.7932111807793158 0.7925166027407428 0.7918220247021696 0.7911274466635965 0.7904328686250233 0.7897382905864502 0.789043712547877 0.7883491345093039 0.7876545564707307 0.7869599784321576 0.7862654003935844
0.8106196987336526 0.8103489636339015 0.8100782285341503 0.8098074934343993 0.8095367583346482 0.8092660232348972 0.8089952881351457 0.8087245530353946 0.8084538179356435 0.8081830828358925 0.8079123477361414 0.8076416126363903 0.8073708775366393 0.8071001424368882 0.806829407337137 0.806558672237386 0.8060837585026672 0.805390573187298 0.8046973878719288 0.8040042025565584 0.8033110172411891 0.8026178319258199 0.8019246466104507 0.8012314612950815 0.8005382759797123 0.7998450906643431 0.7991519053489738 0.7984587200336046 0.7977655347182354 0.7970723494028662 0.7963791640874969 0.7956859787721277 0.7949927934567573 0.7942996081413881 0.7936064228260189 0.7929132375106496 0.7922200521952804 0.7915268668799111 0.7908336815645419 0.7901404962491727 0.7894473109338035 0.7887541256184343 0.7880609403030651 0.7873677549876958
0.8115884144146776 0.8113238251048484 0.8110592357950192 0.81079464648519 0.8105300571753608 0.8102654678655316 0.8100008785557019 0.8097362892458727 0.8094716999360435 0.8092071106262143 0.8089425213163851 0.8086779320065559 0.8084133426967267 0.8081487533868976 0.8078841640770684 0.8076195747672392 0.8071485095702726 0.8064567169781074 0.805764924385942 0.8050731317937756 0.8043813392016103 0.803689546609445 0.8029977540172797 0.8023059614251145 0.8016141688329491 0.8009223762407838 0.8002305836486185 0.7995387910564532 0.798846998464288 0.7981552058721226 0.7974634132799573 0.7967716206877921 0.7960798280956255 0.7953880355034603 0.7946962429112949 0.7940044503191297 0.7933126577269644 0.792620865134799 0.7919290725426338 0.7912372799504684 0.7905454873583032 0.7898536947661379 0.7891619021739725 0.7884701095818073
0.8125571300957025 0.8122986865757952 0.812040243055888 0.8117817995359806 0.8115233560160733 0.811264912496166 0.8110064689762583 0.8107480254563509 0.8104895819364436 0.8102311384165363 0.809972694896629 0.8097142513767217 0.8094558078568144 0.809197364336907 0.8089389208169998 0.8086804772970925 0.8082132606378782 0.8075228607689168 0.8068324608999554 0.8061420610309928 0.8054516611620315 0.8047612612930701 0.8040708614241088 0.8033804615551474 0.802690061686186 0.8019996618172246 0.8013092619482632 0.8006188620793019 0.7999284622103405 0.7992380623413791 0.7985476624724177 0.7978572626034564 0.7971668627344938 0.7964764628655324 0.7957860629965711 0.7950956631276097 0.7944052632586482 0.7937148633896869 0.7930244635207255 0.7923340636517642 0.7916436637828028 0.7909532639138414 0.79026286404488 0.7895724641759186
0.8135258457767275 0.813273548046742 0.8130212503167566 0.8127689525867712 0.8125166548567858 0.8122643571268003 0.8120120593968145 0.8117597616668291 0.8115074639368436 0.8112551662068582 0.8110028684768728 0.8107505707468874 0.8104982730169019 0.8102459752869164 0.8099936775569311 0.8097413798269456 0.8092780117054836 0.8085890045597262 0.8078999974139688 0.8072109902682101 0.8065219831224526 0.8058329759766952 0.8051439688309378 0.8044549616851803 0.8037659545394228 0.8030769473936654 0.8023879402479079 0.8016989331021505 0.8010099259563931 0.8003209188106356 0.7996319116648781 0.7989429045191206 0.798253897373362 0.7975648902276046 0.7968758830818471 0.7961868759360897 0.7954978687903322 0.7948088616445748 0.7941198544988173 0.7934308473530599 0.7927418402073024 0.792052833061545 0.7913638259157876 0.7906748187700301
0.8144945614577532 0.8142484095176897 0.8140022575776261 0.8137561056375626 0.813509953697499 0.8132638017574355 0.8130176498173716 0.8127714978773081 0.8125253459372445 0.812279193997181 0.8120330420571173 0.8117868901170538 0.8115407381769904 0.8112945862369267 0.8110484342968632 0.8108022823567996 0.8103427627730899 0.8096551483505364 0.8089675339279829 0.8082799195054282 0.8075923050828747 0.8069046906603211 0.8062170762377676 0.8055294618152141 0.8048418473926606 0.804154232970107 0.8034666185475535 0.802779004125 0.8020913897024464 0.8014037752798929 0.8007161608573394 0.8000285464347859 0.7993409320122312 0.7986533175896776 0.7979657031671241 0.7972780887445706 0.7965904743220171 0.7959028598994635 0.79521524547691 0.7945276310543565 0.7938400166318029 0.7931524022092494 0.7924647877866959 0.7917771733641424
0.8154632771387783 0.8152232709886366 0.8149832648384949 0.8147432586883533 0.8145032525382117 0.8142632463880699 0.8140232402379279 0.8137832340877862 0.8135432279376446 0.8133032217875029 0.8130632156373613 0.8128232094872196 0.8125832033370779 0.8123431971869363 0.8121031910367946 0.811863184886653 0.8114075138406955 0.8107212921413459 0.8100350704419963 0.8093488487426456 0.808662627043296 0.8079764053439463 0.8072901836445967 0.8066039619452471 0.8059177402458975 0.8052315185465478 0.8045452968471983 0.8038590751478487 0.8031728534484991 0.8024866317491495 0.8018004100497998 0.8011141883504502 0.8004279666510995 0.7997417449517499 0.7990555232524003 0.7983693015530506 0.7976830798537011 0.7969968581543515 0.7963106364550019 0.7956244147556523 0.7949381930563026 0.794251971356953 0.7935657496576034 0.7928795279582539
0.8164319928198033 0.8161981324595834 0.8159642720993636 0.8157304117391438 0.8154965513789241 0.8152626910187043 0.8150288306584842 0.8147949702982643 0.8145611099380445 0.8143272495778248 0.814093389217605 0.8138595288573852 0.8136256684971654 0.8133918081369457 0.8131579477767259 0.8129240874165061 0.8124722649083009 0.8117874359321553 0.8111026069560096 0.8104177779798627 0.8097329490037171 0.8090481200275714 0.8083632910514257 0.80767846207528 0.8069936330991343 0.8063088041229887 0.805623975146843 0.8049391461706973 0.8042543171945516 0.8035694882184059 0.8028846592422603 0.8021998302661146 0.8015150012899678 0.800830172313822 0.8001453433376764 0.7994605143615308 0.798775685385385 0.7980908564092394 0.7974060274330936 0.796721198456948 0.7960363694808024 0.7953515405046566 0.794666711528511 0.7939818825523652
0.8174007085008282 0.8171729939305303 0.8169452793602324 0.8167175647899345 0.8164898502196366 0.8162621356493387 0.8160344210790405 0.8158067065087425 0.8155789919384446 0.8153512773681467 0.8151235627978488 0.8148958482275509 0.814668133657253 0.8144404190869551 0.8142127045166572 0.8139849899463593 0.8135370159759063 0.8128535797229646 0.8121701434700228 0.8114867072170799 0.8108032709641382 0.8101198347111964 0.8094363984582547 0.8087529622053129 0.8080695259523711 0.8073860896994295 0.8067026534464877 0.806019217193546 0.8053357809406042 0.8046523446876624 0.8039689084347207 0.8032854721817789 0.802602035928836 0.8019185996758943 0.8012351634229525 0.8005517271700108 0.799868290917069 0.7991848546641273 0.7985014184111855 0.7978179821582437 0.797134545905302 0.7964511096523602 0.7957676733994185 0.7950842371464767
0.8183694241818532 0.8181478554014772 0.8179262866211011 0.8177047178407251 0.817483149060349 0.8172615802799731 0.8170400114995966 0.8168184427192207 0.8165968739388446 0.8163753051584686 0.8161537363780925 0.8159321675977166 0.8157105988173405 0.8154890300369645 0.8152674612565884 0.8150458924762125 0.8146017670435118 0.813919723513774 0.8132376799840362 0.8125556364542972 0.8118735929245593 0.8111915493948215 0.8105095058650836 0.8098274623353459 0.809145418805608 0.8084633752758702 0.8077813317461323 0.8070992882163945 0.8064172446866567 0.8057352011569189 0.805053157627181 0.8043711140974432 0.8036890705677042 0.8030070270379663 0.8023249835082286 0.8016429399784907 0.8009608964487529 0.800278852919015 0.7995968093892772 0.7989147658595394 0.7982327223298016 0.7975506788000637 0.7968686352703259 0.796186591740588
0.8193381398628782 0.819122716872424 0.8189072938819699 0.8186918708915157 0.8184764479010617 0.8182610249106075 0.818045601920153 0.8178301789296989 0.8176147559392447 0.8173993329487905 0.8171839099583365 0.8169684869678823 0.8167530639774282 0.816537640986974 0.8163222179965198 0.8161067950060658 0.8156665181111173 0.8149858673045834 0.8143052164980495 0.8136245656915144 0.8129439148849805 0.8122632640784466 0.8115826132719127 0.8109019624653788 0.8102213116588449 0.809540660852311 0.8088600100457771 0.8081793592392432 0.8074987084327093 0.8068180576261754 0.8061374068196415 0.8054567560131076 0.8047761052065725 0.8040954544000386 0.8034148035935047 0.8027341527869708 0.8020535019804369 0.801372851173903 0.8006922003673691 0.8000115495608352 0.7993308987543013 0.7986502479477673 0.7979695971412334 0.7972889463346995
0.8203068555439031 0.8200975783433709 0.8198883011428386 0.8196790239423064 0.8194697467417741 0.8192604695412419 0.8190511923407092 0.818841915140177 0.8186326379396447 0.8184233607391125 0.8182140835385802 0.818004806338048 0.8177955291375156 0.8175862519369834 0.8173769747364511 0.8171676975359189 0.8167312691787227 0.8160520110953928 0.8153727530120628 0.8146934949287317 0.8140142368454016 0.8133349787620717 0.8126557206787417 0.8119764625954118 0.8112972045120818 0.8106179464287517 0.8099386883454218 0.8092594302620918 0.8085801721787619 0.8079009140954319 0.8072216560121018 0.8065423979287719 0.8058631398454408 0.8051838817621108 0.8045046236787808 0.8038253655954508 0.8031461075121208 0.8024668494287909 0.8017875913454608 0.8011083332621309 0.8004290751788009 0.7997498170954709 0.799070559012141 0.7983913009288109
0.821275571224929 0.8210724398143185 0.8208693084037082 0.8206661769930979 0.8204630455824874 0.820259914171877 0.8200567827612664 0.8198536513506559 0.8196505199400456 0.8194473885294352 0.8192442571188249 0.8190411257082144 0.8188379942976041 0.8186348628869937 0.8184317314763834 0.8182286000657729 0.8177960202463291 0.817118154886203 0.816440289526077 0.8157624241659498 0.8150845588058238 0.8144066934456977 0.8137288280855716 0.8130509627254455 0.8123730973653195 0.8116952320051934 0.8110173666450674 0.8103395012849414 0.8096616359248153 0.8089837705646892 0.8083059052045631 0.8076280398444371 0.80695017448431 0.8062723091241838 0.8055944437640578 0.8049165784039317 0.8042387130438057 0.8035608476836796 0.8028829823235536 0.8022051169634276 0.8015272516033014 0.8008493862431754 0.8001715208830493 0.7994936555229233
0.822244286905954 0.8220473012852655 0.821850315664577 0.8216533300438885 0.8214563444232 0.8212593588025116 0.8210623731818226 0.8208653875611341 0.8206684019404457 0.8204714163197572 0.8202744306990687 0.8200774450783802 0.8198804594576917 0.8196834738370032 0.8194864882163148 0.8192895025956263 0.8188607713139346 0.8181842986770125 0.8175078260400904 0.816831353403167 0.816154880766245 0.8154784081293228 0.8148019354924007 0.8141254628554786 0.8134489902185564 0.8127725175816343 0.8120960449447121 0.81141957230779 0.8107430996708679 0.8100666270339457 0.8093901543970237 0.8087136817601015 0.8080372091231782 0.8073607364862561 0.8066842638493339 0.8060077912124118 0.8053313185754897 0.8046548459385675 0.8039783733016455 0.8033019006647233 0.8026254280278011 0.801948955390879 0.8012724827539569 0.8005960101170347
