Figures/CREST_Example_wjb_NSE/PETs/wjb.pet.20090909.asc
ncols            288
nrows            254
xllcorner        113.274861
yllcorner        31.4918055
cellsize         0.008333333333
NODATA_value     -9999
[rows 160 to 179 of 254, columns 88 to 131 of 288]
1.3762807720999863 1.3705840909864746 1.364887409872963 1.3591907287594416 1.35349404764593 1.3477973665324183 1.3421006854189068 1.336404004305395 1.3307073231918833 1.3250106420783718 1.31931396096486 1.3136172798513486 1.3079205987378368 1.3022239176243253 1.2966742894286942 1.29128186412732 1.2858894388259365 1.2804970135245626 1.2751045882231884 1.2697121629218142 1.26431973762044 1.2589273123190658 1.2535348870176917 1.2481424617163175 1.2427500364149433 1.2373576111135691 1.231965185812195 1.2265727605108208 1.2211803352094466 1.2157879099080633 1.210395484606689 1.205003059305315 1.1996106340039407 1.1942182087025666 1.1888257834011924 1.1834333580998182 1.178040932798444 1.1726485074970698 1.1672560821956959 1.1618636568943217 1.1564712315929475 1.1510788062915733 1.14568638099019 1.1402939556888159
1.386177781634695 1.3804066247694862 1.3746354679042776 1.3688643110390588 1.36309315417385 1.3573219973086412 1.3515508404434327 1.3457796835782239 1.340008526713015 1.3342373698478063 1.3284662129825975 1.3226950561173887 1.31692389925218 1.3111527423869713 1.305543779406364 1.300108205355794 1.2946726313052144 1.2892370572546443 1.2838014832040743 1.278365909153504 1.272930335102934 1.2674947610523637 1.2620591870017936 1.2566236129512234 1.2511880389006533 1.2457524648500833 1.240316890799513 1.234881316748943 1.2294457426983727 1.2240101686477933 1.2185745945972233 1.213139020546653 1.207703446496083 1.2022678724455127 1.1968322983949427 1.1913967243443726 1.1859611502938023 1.1805255762432323 1.175090002192662 1.169654428142092 1.164218854091522 1.1587832800409517 1.1533477059903723 1.147912131939802
1.3960747911694038 1.390229158552498 1.384383525935592 1.378537893318676 1.3726922607017702 1.3668466280848643 1.3610009954679585 1.3551553628510524 1.3493097302341466 1.3434640976172407 1.3376184650003347 1.3317728323834288 1.325927199766523 1.320081567149617 1.3144132693840336 1.3089345465842677 1.3034558237844922 1.297977100984726 1.29249837818496 1.2870196553851938 1.2815409325854277 1.2760622097856615 1.2705834869858954 1.2651047641861295 1.2596260413863634 1.2541473185865972 1.248668595786831 1.243189872987065 1.2377111501872988 1.2322324273875234 1.2267537045877575 1.2212749817879913 1.2157962589882252 1.210317536188459 1.204838813388693 1.1993600905889268 1.1938813677891607 1.1884026449893947 1.1829239221896286 1.1774451993898625 1.1719664765900963 1.1664877537903302 1.1610090309905547 1.1555303081907886
1.405971800704121 1.400051692335518 1.3941315839669148 1.3882114755983017 1.3822913672296986 1.3763712588610955 1.3704511504924923 1.3645310421238894 1.3586109337552863 1.3526908253866832 1.34677071701808 1.340850608649477 1.3349305002808738 1.3290103919122709 1.3232827593617114 1.3177608878127491 1.3122390162637776 1.3067171447148156 1.3011952731658534 1.2956734016168914 1.2901515300679292 1.284629658518967 1.279107786970005 1.2735859154210427 1.2680640438720807 1.2625421723231185 1.2570203007741565 1.2514984292251943 1.245976557676232 1.2404546861272605 1.2349328145782985 1.2294109430293363 1.2238890714803743 1.218367199931412 1.21284532838245 1.2073234568334879 1.2018015852845259 1.1962797137355636 1.1907578421866014 1.1852359706376394 1.1797140990886772 1.1741922275397152 1.1686703559907436 1.1631484844417814
1.41586881023883 1.4098742261185297 1.4038796419982296 1.397885057877919 1.3918904737576188 1.3858958896373186 1.3799013055170184 1.3739067213967182 1.3679121372764178 1.3619175531561176 1.3559229690358174 1.3499283849155173 1.343933800795217 1.3379392166749167 1.3321522493393811 1.326587229041223 1.3210222087430554 1.3154571884448973 1.3098921681467393 1.3043271478485812 1.298762127550423 1.293197107252265 1.287632086954107 1.2820670666559488 1.2765020463577907 1.2709370260596327 1.2653720057614746 1.2598069854633165 1.2542419651651582 1.2486769448669908 1.2431119245688327 1.2375469042706744 1.2319818839725163 1.2264168636743582 1.2208518433762001 1.215286823078042 1.209721802779884 1.2041567824817259 1.1985917621835678 1.1930267418854097 1.1874617215872516 1.1818967012890935 1.1763316809909259 1.1707666606927678
1.4257658197735388 1.4196967599015413 1.413627700029544 1.4075586401575364 1.401489580285539 1.3954205204135417 1.3893514605415442 1.383282400669547 1.3772133407975495 1.3711442809255523 1.3650752210535548 1.3590061611815574 1.3529371013095601 1.3468680414375627 1.341021739317051 1.335413570269697 1.3298054012223333 1.3241972321749793 1.3185890631276251 1.3129808940802712 1.307372725032917 1.3017645559855628 1.296156386938209 1.2905482178908547 1.2849400488435008 1.2793318797961466 1.2737237107487926 1.2681155417014385 1.2625073726540843 1.2568992036067208 1.2512910345593666 1.2456828655120127 1.2400746964646585 1.2344665274173046 1.2288583583699504 1.2232501893225962 1.2176420202752423 1.212033851227888 1.2064256821805341 1.20081751313318 1.195209344085826 1.1896011750384718 1.1839930059911081 1.1783848369437542
1.4356628293082474 1.4295192936845529 1.4233757580608586 1.4172322224371534 1.411088686813459 1.4049451511897646 1.39880161556607 1.3926580799423756 1.386514544318681 1.3803710086949865 1.374227473071292 1.3680839374475975 1.361940401823903 1.3557968662002085 1.3498912292947207 1.3442399114981707 1.3385885937016109 1.3329372759050608 1.3272859581085108 1.3216346403119608 1.3159833225154107 1.3103320047188607 1.3046806869223107 1.2990293691257606 1.2933780513292106 1.2877267335326605 1.2820754157361105 1.2764240979395605 1.2707727801430104 1.2651214623464508 1.2594701445499008 1.2538188267533508 1.2481675089568007 1.2425161911602507 1.2368648733637007 1.2312135555671506 1.2255622377706006 1.2199109199740505 1.2142596021775005 1.2086082843809505 1.2029569665844004 1.1973056487878504 1.1916543309912908 1.1860030131947408
1.4455598388429562 1.4393418274675647 1.433123816092173 1.4269058047167709 1.4206877933413793 1.4144697819659875 1.408251770590596 1.4020337592152043 1.3958157478398125 1.389597736464421 1.3833797250890294 1.3771617137136378 1.3709437023382463 1.3647256909628545 1.3587607192723905 1.3530662527266446 1.347371786180889 1.3416773196351428 1.335982853089397 1.3302883865436508 1.3245939199979047 1.3188994534521588 1.3132049869064126 1.3075105203606667 1.3018160538149206 1.2961215872691747 1.2904271207234286 1.2847326541776827 1.2790381876319366 1.2733437210861809 1.267649254540435 1.2619547879946889 1.256260321448943 1.2505658549031968 1.244871388357451 1.2391769218117048 1.233482455265959 1.2277879887202128 1.2220935221744669 1.2163990556287207 1.2107045890829748 1.2050101225372287 1.199315655991473 1.193621189445727
1.455456848377665 1.4491643612505765 1.4428718741234876 1.436579386996388 1.4302868998692992 1.4239944127422106 1.4177019256151218 1.4114094384880331 1.4051169513609443 1.3988244642338556 1.3925319771067668 1.386239489979678 1.3799470028525893 1.3736545157255005 1.3676302092500605 1.3618925939551185 1.3561549786601668 1.3504173633652248 1.3446797480702828 1.3389421327753408 1.3332045174803988 1.3274669021854568 1.3217292868905148 1.3159916715955728 1.3102540563006309 1.3045164410056889 1.2987788257107469 1.2930412104158049 1.2873035951208627 1.281565979825911 1.275828364530969 1.270090749236027 1.264353133941085 1.258615518646143 1.252877903351201 1.247140288056259 1.241402672761317 1.235665057466375 1.229927442171433 1.224189826876491 1.218452211581549 1.212714596286607 1.2069769809916553 1.2012393656967133
1.465353857912374 1.458986895033588 1.4526199321548021 1.4462529692760053 1.4398860063972196 1.4335190435184337 1.4271520806396478 1.420785117760862 1.414418154882076 1.40805119200329 1.4016842291245042 1.3953172662457183 1.3889503033669324 1.3825833404881465 1.3764996992277303 1.3707189351835922 1.3649381711394446 1.3591574070953065 1.3533766430511687 1.3475958790070306 1.3418151149628927 1.3360343509187547 1.3302535868746168 1.3244728228304787 1.3186920587863407 1.3129112947422028 1.307130530698065 1.3013497666539269 1.2955690026097888 1.2897882385656412 1.284007474521503 1.2782267104773652 1.2724459464332272 1.2666651823890893 1.2608844183449512 1.2551036543008132 1.2493228902566753 1.2435421262125375 1.2377613621683994 1.2319805981242613 1.2261998340801235 1.2204190700359856 1.2146383059918378 1.2088575419476997
1.4752508674470912 1.4688094288166083 1.462367990186125 1.455926551555631 1.4494851129251478 1.4430436742946648 1.4366022356641817 1.4301607970336987 1.4237193584032155 1.4172779197727325 1.4108364811422494 1.4043950425117662 1.3979536038812832 1.3915121652508 1.3853691892054076 1.3795452764120737 1.3737213636187298 1.3678974508253958 1.3620735380320619 1.356249625238728 1.350425712445394 1.34460179965206 1.338777886858726 1.332953974065392 1.327130061272058 1.321306148478724 1.3154822356853901 1.3096583228920562 1.3038344100987223 1.2980104973053783 1.2921865845120444 1.2863626717187102 1.2805387589253763 1.2747148461320423 1.2688909333387084 1.2630670205453745 1.2572431077520405 1.2514191949587063 1.2455952821653724 1.2397713693720385 1.2339474565787045 1.2281235437853706 1.2222996309920267 1.2164757181986927
1.4851478769818 1.4786319625996198 1.4721160482174396 1.4656001338352482 1.459084219453068 1.452568305070888 1.4460523906887077 1.4395364763065275 1.4330205619243472 1.426504647542167 1.4199887331599867 1.4134728187778065 1.4069569043956263 1.400440990013446 1.3942386791830776 1.3883716176405476 1.3825045560980076 1.3766374945554778 1.3707704330129478 1.3649033714704177 1.359036309927888 1.353169248385358 1.3473021868428279 1.341435125300298 1.335568063757768 1.3297010022152382 1.3238339406727082 1.3179668791301782 1.3120998175876484 1.3062327560451084 1.3003656945025783 1.2944986329600485 1.2886315714175185 1.2827645098749885 1.2768974483324587 1.2710303867899286 1.2651633252473986 1.2592962637048688 1.2534292021623388 1.2475621406198087 1.241695079077279 1.235828017534749 1.229960955992209 1.224093894449679
1.495044886516509 1.4884544963826316 1.481864106248754 1.4752737161148657 1.4686833259809882 1.4620929358471109 1.4555025457132336 1.4489121555793563 1.4423217654454787 1.4357313753116014 1.4291409851777241 1.4225505950438468 1.4159602049099693 1.409369814776092 1.4031081691607474 1.3971979588690215 1.3912877485772854 1.3853775382855595 1.3794673279938336 1.3735571177021078 1.3676469074103819 1.361736697118656 1.3558264868269299 1.349916276535204 1.344006066243478 1.3380958559517522 1.3321856456600263 1.3262754353683004 1.3203652250765745 1.3144550147848384 1.3085448044931125 1.3026345942013866 1.2967243839096607 1.2908141736179346 1.2849039633262087 1.2789937530344828 1.273083542742757 1.267173332451031 1.2612631221593051 1.2553529118675792 1.2494427015758531 1.2435324912841272 1.2376222809923914 1.2317120707006655
1.5049418960512178 1.4982770301656432 1.4916121642800688 1.484947298394483 1.4782824325089083 1.471617566623334 1.4649527007377594 1.458287834852185 1.4516229689666105 1.444958103081036 1.4382932371954615 1.431628371309887 1.4249635054243126 1.418298639538738 1.4119776591384172 1.4060243000974955 1.4000709410565633 1.3941175820156415 1.3881642229747195 1.3822108639337976 1.3762575048928758 1.3703041458519538 1.3643507868110318 1.35839742777011 1.352444068729188 1.3464907096882663 1.3405373506473444 1.3345839916064224 1.3286306325655006 1.3226772735245684 1.3167239144836467 1.3107705554427247 1.3048171964018027 1.298863837360881 1.292910478319959 1.286957119279037 1.2810037602381152 1.2750504011971933 1.2690970421562713 1.2631436831153495 1.2571903240744275 1.2512369650335056 1.2452836059925736 1.2393302469516518
1.5148389055859266 1.508099563948655 1.5013602223113833 1.4946208806741001 1.4878815390368285 1.4811421973995569 1.4744028557622855 1.4676635141250138 1.4609241724877422 1.4541848308504706 1.447445489213199 1.4407061475759273 1.4339668059386557 1.427227464301384 1.4208471491160872 1.4148506413259694 1.408854133535841 1.4028576257457233 1.3968611179556054 1.3908646101654876 1.3848681023753697 1.3788715945852519 1.3728750867951338 1.366878579005016 1.3608820712148981 1.3548855634247803 1.3488890556346624 1.3428925478445446 1.3368960400544267 1.3308995322642985 1.3249030244741806 1.3189065166840628 1.312910008893945 1.306913501103827 1.3009169933137092 1.2949204855235914 1.2889239777334733 1.2829274699433555 1.2769309621532376 1.2709344543631198 1.264937946573002 1.2589414387828841 1.2529449309927558 1.246948423202638
1.5247359151206354 1.5179220977316668 1.5111082803426978 1.5042944629537176 1.4974806455647487 1.49066682817578 1.4838530107868113 1.4770391933978426 1.4702253760088737 1.463411558619905 1.4565977412309363 1.4497839238419674 1.4429701064529987 1.43615628906403 1.429716639093757 1.4236769825544433 1.4176373260151192 1.4115976694758052 1.4055580129364913 1.3995183563971776 1.3934786998578637 1.3874390433185497 1.381399386779236 1.375359730239922 1.3693200737006084 1.3632804171612944 1.3572407606219805 1.3512011040826668 1.3451614475433529 1.3391217910040287 1.333082134464715 1.327042477925401 1.3210028213860872 1.3149631648467734 1.3089235083074595 1.3028838517681456 1.2968441952288319 1.290804538689518 1.284764882150204 1.2787252256108903 1.2726855690715764 1.2666459125322627 1.2606062559929385 1.2545665994536246
1.5346329246553527 1.5277446315146868 1.5208563383740208 1.513968045233343 1.507079752092677 1.5001914589520111 1.4933031658113451 1.4864148726706792 1.4795265795300134 1.4726382863893475 1.4657499932486815 1.4588617001080155 1.4519734069673496 1.4450851138266836 1.4385861290714343 1.4325033237829246 1.4264205184944043 1.4203377132058945 1.4142549079173847 1.4081721026288747 1.402089297340365 1.3960064920518551 1.389923686763345 1.3838408814748353 1.3777580761863255 1.3716752708978157 1.3655924656093057 1.359509660320796 1.353426855032286 1.3473440497437659 1.3412612444552559 1.335178439166746 1.3290956338782363 1.3230128285897265 1.3169300233012164 1.3108472180127066 1.3047644127241969 1.2986816074356868 1.292598802147177 1.2865159968586672 1.2804331915701574 1.2743503862816474 1.2682675809931272 1.2621847757046174
1.5445299341900616 1.5375671652976983 1.5306043964053353 1.5236416275129603 1.5166788586205973 1.5097160897282342 1.5027533208358712 1.4957905519435082 1.488827783051145 1.481865014158782 1.4749022452664189 1.4679394763740556 1.4609767074816926 1.4540139385893296 1.4474556190491044 1.4413296650113985 1.4352037109736822 1.4290777569359763 1.4229518028982706 1.4168258488605647 1.4106998948228588 1.404573940785153 1.398447986747447 1.3923220327097414 1.3861960786720355 1.3800701246343297 1.3739441705966238 1.367818216558918 1.3616922625212122 1.355566308483496 1.34944035444579 1.3433144004080841 1.3371884463703783 1.3310624923326726 1.3249365382949667 1.3188105842572608 1.312684630219555 1.3065586761818493 1.3004327221441434 1.2943067681064375 1.2881808140687316 1.282054860031026 1.2759289059933097 1.2698029519556038
1.5524270796350743 1.5454506866098519 1.5384742935846296 1.5314979005593952 1.524521507534173 1.5175451145089505 1.5105687214837282 1.5035923284585058 1.4966159354332833 1.489639542408061 1.4826631493828386 1.4756867563576161 1.468710363332394 1.4617339703071714 1.4551464580352766 1.4489746680817481 1.4428028781282092 1.4366310881746807 1.4304592982211521 1.4242875082676236 1.418115718314095 1.4119439283605668 1.4057721384070383 1.3996003484535098 1.3934285584999813 1.3872567685464527 1.3810849785929245 1.374913188639396 1.3687413986858674 1.3625696087323285 1.3563978187788 1.3502260288252714 1.344054238871743 1.3378824489182146 1.331710658964686 1.3255388690111576 1.319367079057629 1.3131952891041005 1.307023499150572 1.3008517091970437 1.2946799192435152 1.2885081292899867 1.2823363393364478 1.2761645493829192
1.5581864964252954 1.5512615258121016 1.5443365551989077 1.5374115845857022 1.5304866139725084 1.5235616433593147 1.5166366727461207 1.509711702132927 1.5027867315197332 1.4958617609065394 1.4889367902933455 1.4820118196801517 1.475086849066958 1.4681618784537642 1.4615773934052452 1.4553568951241498 1.449136396843044 1.4429158985619486 1.4366954002808534 1.430474901999758 1.4242544037186629 1.4180339054375675 1.411813407156472 1.405592908875377 1.3993724105942815 1.3931519123131864 1.386931414032091 1.3807109157509956 1.3744904174699004 1.3682699191887944 1.3620494209076992 1.3558289226266038 1.3496084243455087 1.3433879260644133 1.337167427783318 1.3309469295022227 1.3247264312211273 1.3185059329400322 1.3122854346589368 1.3060649363778416 1.2998444380967462 1.2936239398156508 1.287403441534545 1.2811829432534496
