Figures/CREST_Example_wjb_NSE/PETs/wjb.pet.20090709.asc
ncols            288
nrows            254
xllcorner        113.274861
yllcorner        31.4918055
cellsize         0.008333333333
NODATA_value     -9999
[rows 140 to 159 of 254, columns 132 to 175 of 288]
1.5293386861173006 1.5348962789721492 1.5404538718269978 1.5460114646818464 1.551569057536695 1.5571266503915433 1.5626842432463919 1.5682418361012405 1.573799428956089 1.5793570218109376 1.5849146146657862 1.5904722075206443 1.5960298003754927 1.6015873932303413 1.6071449860851899 1.6127025789400384 1.618260171794887 1.6238177646497356 1.6293753575045842 1.6349329503594328 1.6404905432142813 1.64604813606913 1.6516057289239785 1.6571633217788269 1.662720914633685 1.6682785074885336 1.6738361003433821 1.6793936931982307 1.6849512860530793 1.690508878907928 1.696358188499569 1.7025193498819031 1.708680511264237 1.714841672646571 1.7210028340289047 1.7271639954112388 1.7333251567935726 1.739486318175917 1.745647479558251 1.7518086409405849 1.7579698023229189 1.7641309637052527 1.7702921250875867 1.7764532864699205
1.5367941275505586 1.542505762657857 1.5482173977651554 1.553929032872454 1.5596406679797525 1.565352303087051 1.5710639381943496 1.576775573301648 1.5824872084089465 1.588198843516245 1.5939104786235436 1.599622113730852 1.6053337488381503 1.6110453839454488 1.6167570190527474 1.622468654160046 1.6281802892673443 1.6338919243746428 1.6396035594819414 1.64531519458924 1.6510268296965385 1.656738464803837 1.6624500999111353 1.668161735018434 1.6738733701257422 1.6795850052330408 1.685296640340339 1.6910082754476377 1.6967199105549362 1.7024315456622348 1.7084259036102312 1.7147224986705394 1.7210190937308478 1.7273156887911563 1.7336122838514645 1.739908878911773 1.7462054739720814 1.7525020690324005 1.758798664092709 1.7650952591530171 1.7713918542133256 1.777688449273634 1.7839850443339422 1.7902816393942507
1.5442495689838163 1.5501152463435646 1.555980923703313 1.5618466010630616 1.5677122784228101 1.5735779557825584 1.579443633142307 1.5853093105020555 1.591174987861804 1.5970406652215523 1.6029063425813008 1.6087720199410593 1.6146376973008079 1.6205033746605562 1.6263690520203047 1.6322347293800532 1.6381004067398015 1.64396608409955 1.6498317614592986 1.655697438819047 1.6615631161787954 1.667428793538544 1.6732944708982924 1.679160148258041 1.6850258256177992 1.6908915029775478 1.6967571803372963 1.7026228576970446 1.708488535056793 1.7143542124165416 1.720493618720893 1.7269256474591759 1.7333576761974587 1.7397897049357416 1.7462217336740244 1.7526537624123073 1.75908579115059 1.765517819888884 1.7719498486271668 1.7783818773654494 1.7848139061037323 1.791245934842015 1.797677963580298 1.8041099923185808
1.5517050104170742 1.5577247300292725 1.563744449641471 1.5697641692536692 1.5757838888658677 1.5818036084780662 1.5878233280902645 1.593843047702463 1.5998627673146615 1.6058824869268598 1.6119022065390582 1.617921926151267 1.6239416457634652 1.6299613653756637 1.6359810849878622 1.6420008046000605 1.648020524212259 1.6540402438244572 1.6600599634366557 1.6660796830488542 1.6720994026610525 1.678119122273251 1.6841388418854493 1.6901585614976478 1.6961782811098565 1.702198000722055 1.7082177203342532 1.7142374399464517 1.72025715955865 1.7262768791708485 1.732561333831555 1.7391287962478124 1.7456962586640696 1.752263721080327 1.7588311834965842 1.7653986459128415 1.7719661083290987 1.7785335707453673 1.7851010331616246 1.7916684955778819 1.7982359579941392 1.8048034204103964 1.8113708828266537 1.817938345242911
1.5591604518503381 1.5653342137149866 1.571507975579635 1.5776817374442835 1.5838554993089322 1.5900292611735807 1.5962030230382291 1.6023767849028776 1.608550546767526 1.6147243086321745 1.6208980704968232 1.6270718323614821 1.6332455942261306 1.6394193560907793 1.6455931179554277 1.6517668798200762 1.6579406416847247 1.6641144035493731 1.6702881654140216 1.6764619272786703 1.6826356891433187 1.6888094510079672 1.6949832128726157 1.7011569747372641 1.7073307366019232 1.7135044984665717 1.7196782603312202 1.7258520221958689 1.7320257840605173 1.7381995459251658 1.7446290489422274 1.7513319450364593 1.7580348411306912 1.764737737224923 1.7714406333191548 1.7781435294133867 1.7848464255076186 1.7915493216018619 1.7982522176960938 1.8049551137903257 1.8116580098845576 1.8183609059787893 1.8250638020730212 1.8317666981672531
1.566615893283596 1.5729436974006945 1.579271501517793 1.5855993056348914 1.5919271097519898 1.5982549138690882 1.6045827179861867 1.6109105221032851 1.6172383262203835 1.623566130337482 1.6298939344545804 1.6362217385716897 1.6425495426887882 1.6488773468058866 1.655205150922985 1.6615329550400835 1.667860759157182 1.6741885632742806 1.680516367391379 1.6868441715084774 1.6931719756255759 1.6994997797426743 1.7058275838597727 1.7121553879768712 1.7184831920939805 1.724810996211079 1.7311388003281774 1.7374666044452758 1.7437944085623742 1.7501222126794727 1.7566967640528894 1.7635350938250958 1.770373423597302 1.7772117533695084 1.7840500831417148 1.790888412913921 1.7977267426861272 1.8045650724583453 1.8114034022305516 1.818241732002758 1.8250800617749643 1.8319183915471706 1.838756721319377 1.8455950510915833
1.5740713347168538 1.5805531810864022 1.5870350274559506 1.593516873825499 1.5999987201950474 1.6064805665645958 1.6129624129341442 1.6194442593036926 1.625926105673241 1.6324079520427894 1.6388897984123378 1.6453716447818971 1.6518534911514455 1.658335337520994 1.6648171838905423 1.6712990302600907 1.6777808766296392 1.6842627229991876 1.690744569368736 1.6972264157382844 1.7037082621078328 1.7101901084773812 1.7166719548469296 1.723153801216478 1.7296356475860375 1.736117493955586 1.7425993403251343 1.7490811866946827 1.7555630330642311 1.7620448794337795 1.7687644791635513 1.775738242613732 1.7827120060639128 1.7896857695140937 1.7966595329642745 1.8036332964144552 1.810607059864636 1.8175808233148287 1.8245545867650095 1.8315283502151902 1.838502113665371 1.8454758771155517 1.8524496405657327 1.8594234040159134
1.5815267761501115 1.5881626647721099 1.5947985533941083 1.6014344420161066 1.608070330638105 1.6147062192601034 1.6213421078821018 1.6279779965041001 1.6346138851260985 1.6412497737480967 1.647885662370095 1.6545215509921047 1.6611574396141031 1.6677933282361015 1.6744292168580999 1.6810651054800982 1.6877009941020966 1.694336882724095 1.7009727713460931 1.7076086599680915 1.71424454859009 1.7208804372120883 1.7275163258340867 1.734152214456085 1.7407881030780947 1.747423991700093 1.7540598803220915 1.7606957689440896 1.767331657566088 1.7739675461880864 1.7808321942742134 1.7879413914023685 1.7950505885305237 1.802159785658679 1.8092689827868342 1.8163781799149894 1.8234873770431448 1.8305965741713122 1.8377057712994673 1.8448149684276227 1.8519241655557779 1.859033362683933 1.8661425598120884 1.8732517569402436
1.5900576305754155 1.596729772778464 1.6034019149815124 1.6100740571845609 1.6167461993876093 1.6234183415906578 1.6300904837937062 1.6367626259967547 1.6434347681998032 1.6501069104028516 1.6567790526059003 1.66345119480896 1.6701233370120085 1.676795479215057 1.6834676214181055 1.690139763621154 1.6968119058242024 1.7034840480272508 1.7101561902302993 1.7168283324333478 1.7235004746363962 1.7301726168394447 1.7368447590424931 1.7435169012455416 1.7501890434486014 1.7568611856516498 1.7635333278546985 1.770205470057747 1.7768776122607954 1.783549754463844 1.7904334743527994 1.7975433755741879 1.804653276795576 1.8117631780169645 1.818873079238353 1.8259829804597412 1.8330928816811296 1.84020278290253 1.8473126841239185 1.854422585345307 1.8615324865666951 1.8686423877880836 1.8757522890094718 1.8828621902308602
1.5997380336973697 1.6063205208169 1.6129030079364304 1.6194854950559607 1.626067982175491 1.6326504692950214 1.6392329564145518 1.6458154435340822 1.6523979306536125 1.6589804177731429 1.6655629048926732 1.6721453920122147 1.678727879131745 1.6853103662512754 1.6918928533708057 1.698475340490336 1.7050578276098665 1.7116403147293968 1.7182228018489272 1.7248052889684575 1.7313877760879879 1.7379702632075182 1.7445527503270486 1.751135237446579 1.7577177245661204 1.7643002116856508 1.7708826988051811 1.7774651859247115 1.7840476730442418 1.7906301601637722 1.7973982908611428 1.8043648787427546 1.8113314666243665 1.8182980545059784 1.8252646423875902 1.832231230269202 1.839197818150814 1.8461644060324378 1.8531309939140497 1.8600975817956615 1.8670641696772734 1.8740307575588853 1.8809973454404971 1.887963933322109
1.6094184368193323 1.6159112688553443 1.6224041008913566 1.6288969329273686 1.6353897649633808 1.641882596999393 1.6483754290354051 1.6548682610714174 1.6613610931074294 1.6678539251434417 1.6743467571794537 1.680839589215477 1.687332421251489 1.6938252532875013 1.7003180853235134 1.7068109173595256 1.7133037493955376 1.71979658143155 1.726289413467562 1.7327822455035742 1.7392750775395864 1.7457679095755985 1.7522607416116107 1.7587535736476227 1.765246405683646 1.7717392377196581 1.7782320697556704 1.7847249017916824 1.7912177338276947 1.7977105658637067 1.804363107369492 1.8111863819113272 1.8180096564531625 1.8248329309949978 1.831656205536833 1.8384794800786683 1.8453027546205036 1.8521260291623505 1.8589493037041858 1.865772578246021 1.8725958527878563 1.8794191273296916 1.886242401871527 1.8930656764133622
1.6190988399412864 1.6255020168937804 1.6319051938462745 1.6383083707987685 1.6447115477512626 1.6511147247037565 1.6575179016562507 1.6639210786087446 1.6703242555612388 1.6767274325137327 1.6831306094662268 1.6895337864187316 1.6959369633712258 1.7023401403237197 1.7087433172762139 1.7151464942287078 1.721549671181202 1.7279528481336959 1.73435602508619 1.740759202038684 1.747162378991178 1.753565555943672 1.7599687328961662 1.76637190984866 1.7727750868011651 1.779178263753659 1.7855814407061532 1.7919846176586471 1.7983877946111413 1.8047909715636352 1.8113279238778353 1.818007885079894 1.824687846281953 1.8313678074840116 1.8380477686860703 1.8447277298881293 1.851407691090188 1.8580876522922583 1.864767613494317 1.8714475746963757 1.8781275358984346 1.8848074971004933 1.891487458302552 1.898167419504611
1.6287792430632408 1.6350927649322167 1.6414062868011925 1.6477198086701685 1.6540333305391444 1.6603468524081202 1.6666603742770962 1.672973896146072 1.6792874180150479 1.685600939884024 1.6919144617529998 1.6982279836219865 1.7045415054909623 1.7108550273599383 1.7171685492289142 1.72348207109789 1.729795592966866 1.7361091148358418 1.7424226367048177 1.7487361585737937 1.7550496804427695 1.7613632023117454 1.7676767241807214 1.7739902460496972 1.780303767918684 1.7866172897876598 1.7929308116566358 1.7992443335256116 1.8055578553945875 1.8118713772635635 1.8182927403861782 1.8248293882484605 1.831366036110743 1.8379026839730253 1.8444393318353076 1.8509759796975898 1.8575126275598721 1.8640492754221656 1.870585923284448 1.8771225711467303 1.8836592190090127 1.8901958668712948 1.8967325147335772 1.9032691625958595
1.638459646185195 1.6446835129706527 1.6509073797561105 1.6571312465415682 1.6633551133270261 1.6695789801124838 1.6758028468979416 1.6820267136833995 1.6882505804688572 1.694474447254315 1.700698314039773 1.7069221808252413 1.713146047610699 1.7193699143961567 1.7255937811816144 1.7318176479670724 1.73804151475253 1.7442653815379878 1.7504892483234458 1.7567131151089035 1.7629369818943612 1.7691608486798192 1.7753847154652769 1.7816085822507346 1.787832449036203 1.7940563158216607 1.8002801826071186 1.8065040493925764 1.812727916178034 1.818951782963492 1.8252575568945215 1.8316508914170273 1.8380442259395333 1.844437560462039 1.850830894984545 1.8572242295070507 1.8636175640295565 1.8700108985520734 1.8764042330745792 1.882797567597085 1.8891909021195907 1.8955842366420965 1.9019775711646025 1.9083709056871083
1.6481400493071494 1.654274261009089 1.6604084727110286 1.6665426844129683 1.6726768961149079 1.6788111078168475 1.6849453195187873 1.691079531220727 1.6972137429226666 1.7033479546246062 1.7094821663265458 1.715616378028496 1.7217505897304357 1.7278848014323753 1.734019013134315 1.7401532248362548 1.7462874365381944 1.752421648240134 1.7585558599420736 1.7646900716440133 1.770824283345953 1.7769584950478927 1.7830927067498323 1.789226918451772 1.795361130153722 1.8014953418556618 1.8076295535576015 1.813763765259541 1.8198979769614807 1.8260321886634203 1.8322223734028649 1.8384723945855943 1.8447224157683235 1.850972436951053 1.8572224581337824 1.8634724793165116 1.869722500499241 1.8759725216819811 1.8822225428647104 1.8884725640474398 1.894722585230169 1.9009726064128984 1.9072226275956279 1.9134726487783573
1.6578204524291034 1.663865009047525 1.6699095656659466 1.6759541222843681 1.6819986789027896 1.6880432355212112 1.6940877921396327 1.7001323487580542 1.7061769053764757 1.7122214619948974 1.718266018613319 1.7243105752317507 1.7303551318501722 1.736399688468594 1.7424442450870155 1.748488801705437 1.7545333583238585 1.76057791494228 1.7666224715607015 1.772667028179123 1.7787115847975445 1.7847561414159663 1.7908006980343878 1.7968452546528093 1.8028898112712413 1.8089343678896628 1.8149789245080843 1.8210234811265058 1.8270680377449273 1.8331125943633488 1.8391871899112082 1.845293897754161 1.851400605597114 1.8575073134400668 1.8636140212830197 1.8697207291259725 1.8758274369689254 1.8819341448118887 1.8880408526548416 1.8941475604977944 1.9002542683407473 1.9063609761837002 1.912467684026653 1.9185743918696059
1.6675008555510575 1.673455757085961 1.6794106586208646 1.685365560155768 1.6913204616906714 1.6972753632255748 1.7032302647604782 1.7091851662953816 1.715140067830285 1.7210949693651885 1.7270498709000919 1.7330047724350055 1.738959673969909 1.7449145755048123 1.7508694770397157 1.7568243785746191 1.7627792801095226 1.768734181644426 1.7746890831793294 1.7806439847142328 1.7865988862491364 1.7925537877840396 1.7985086893189433 1.8044635908538467 1.8104184923887603 1.8163733939236635 1.8223282954585671 1.8282831969934705 1.834238098528374 1.8401930000632774 1.8461520064195514 1.8521154009227279 1.8580787954259042 1.8640421899290807 1.870005584432257 1.8759689789354335 1.8819323734386098 1.8878957679417963 1.8938591624449728 1.899822556948149 1.9057859514513256 1.9117493459545019 1.9177127404576784 1.9236761349608547
1.6771812586730201 1.6830465051244055 1.6889117515757905 1.6947769980271759 1.7006422444785612 1.7065074909299462 1.7123727373813316 1.7182379838327169 1.724103230284102 1.7299684767354873 1.7358337231868726 1.7416989696382676 1.747564216089653 1.753429462541038 1.7592947089924234 1.7651599554438087 1.7710252018951937 1.776890448346579 1.7827556947979644 1.7886209412493494 1.7944861877007348 1.80035143415212 1.8062166806035052 1.8120819270548905 1.8179471735062858 1.8238124199576708 1.8296776664090562 1.8355429128604412 1.8414081593118266 1.8472734057632119 1.8531168229279007 1.8589369040913004 1.8647569852547001 1.8705770664181 1.8763971475814998 1.8822172287448995 1.8880373099082994 1.8938573910717091 1.8996774722351089 1.9054975533985088 1.9113176345619085 1.9171377157253082 1.9229577968887082 1.9287778780521079
1.6868616617949743 1.6926372531628415 1.6984128445307085 1.7041884358985757 1.7099640272664427 1.71573961863431 1.721515210002177 1.727290801370044 1.7330663927379113 1.7388419841057783 1.7446175754736455 1.7503931668415225 1.7561687582093894 1.7619443495772567 1.7677199409451236 1.7734955323129908 1.779271123680858 1.785046715048725 1.7908223064165922 1.7965978977844592 1.8023734891523264 1.8081490805201936 1.8139246718880606 1.8197002632559278 1.8254758546238048 1.8312514459916718 1.837027037359539 1.842802628727406 1.8485782200952732 1.8543538114631404 1.8600816394362438 1.8657584072598672 1.8714351750834906 1.877111942907114 1.882788710730737 1.8884654785543604 1.8941422463779838 1.8998190142016167 1.90549578202524 1.9111725498488634 1.9168493176724868 1.92252608549611 1.9282028533197333 1.9338796211433567
1.6965420649169287 1.7022280012012776 1.7079139374856267 1.7135998737699756 1.7192858100543247 1.7249717463386736 1.7306576826230227 1.7363436189073715 1.7420295551917206 1.7477154914760695 1.7534014277604186 1.7590873640447773 1.7647733003291262 1.7704592366134753 1.7761451728978241 1.7818311091821732 1.7875170454665221 1.7932029817508712 1.79888891803522 1.8045748543195692 1.810260790603918 1.8159467268882672 1.821632663172616 1.8273185994569652 1.8330045357413238 1.8386904720256727 1.8443764083100218 1.8500623445943707 1.8557482808787198 1.8614342171630687 1.8670464559445872 1.872579910428434 1.8781133649122808 1.8836468193961275 1.8891802738799746 1.8947137283638213 1.9002471828476681 1.9057806373315245 1.9113140918153713 1.916847546299218 1.9223810007830648 1.9279144552669116 1.9334479097507584 1.9389813642346054
