Figures/CREST_Example_wjb_NSE/PETs/wjb.pet.20100706.asc
ncols            288
nrows            254
xllcorner        113.274861
yllcorner        31.4918055
cellsize         0.008333333333
NODATA_value     -9999
[rows 60 to 79 of 254, columns 45 to 89 of 288]
4.01211721653605 4.008327004490055 4.0045367924440605 4.000746580398065 3.9969563683520706 3.9931661563060756 3.989375944260081 3.9855857322140795 3.9817955201680846 3.97800530812209 3.974215096076095 3.9704248840301 3.9666346719841052 3.9628444599381107 3.959054247892116 3.955264035846121 3.951473823800126 3.9476836117541314 3.9438933997081365 3.9401031876621415 3.9363129756161404 3.9325227635701454 3.9287325515241505 3.924942339478156 3.921152127432161 3.917361915386166 3.913571703340171 3.9135427009186836 3.917534516611918 3.9215263323051524 3.9255181479983863 3.9295099636916206 3.933501779384855 3.937493595078096 3.94148541077133 3.9454772264645643 3.9494690421577987 3.9534608578510326 3.957452673544267 3.9614444892375014 3.9654363049307353 3.9694281206239697 3.973419936317204 3.977411752010438 3.9814035677036723
4.026110052028795 4.022173792285777 4.018237532542758 4.014301272799741 4.010365013056723 4.006428753313704 4.002492493570687 3.998556233827662 3.994619974084644 3.990683714341626 3.986747454598608 3.98281119485559 3.978874935112572 3.974938675369554 3.971002415626536 3.967066155883518 3.9631298961405 3.959193636397482 3.955257376654464 3.951321116911446 3.947384857168421 3.9434485974254034 3.9395123376823853 3.935576077939367 3.9316398181963494 3.9277035584533313 3.923767298710313 3.9234850115909694 3.9271089038082505 3.930732796025532 3.934356688242813 3.9379805804600947 3.941604472677376 3.945228364894663 3.9488522571119447 3.9524761493292258 3.9561000415465073 3.9597239337637884 3.96334782598107 3.966971718198351 3.9705956104156326 3.9742195026329137 3.9778433948501952 3.9814672870674763 3.9850911792847574
4.040102887521539 4.036020580081498 4.031938272641456 4.027855965201415 4.0237736577613745 4.019691350321333 4.015609042881292 4.011526735441244 4.007444428001203 4.003362120561161 3.9992798131211202 3.9951975056810793 3.991115198241038 3.987032890800997 3.9829505833609558 3.978868275920915 3.9747859684808735 3.9707036610408326 3.9666213536007913 3.96253904616075 3.958456738720702 3.954374431280661 3.9502921238406197 3.9462098164005788 3.9421275089605374 3.938045201520496 3.933962894080455 3.9334273222632548 3.936683291004583 3.9399392597459117 3.94319522848724 3.9464511972285683 3.9497071659698966 3.9529631347112306 3.956219103452559 3.959475072193887 3.9627310409352154 3.9659870096765437 3.9692429784178724 3.9724989471592007 3.975754915900529 3.9790108846418573 3.9822668533831855 3.985522822124514 3.9887787908658425
4.054095723014283 4.049867367877218 4.045639012740154 4.04141065760309 4.037182302466026 4.032953947328961 4.028725592191897 4.024497237054826 4.020268881917762 4.016040526780697 4.011812171643633 4.0075838165065685 4.003355461369504 3.99912710623244 3.9948987510953753 3.990670395958311 3.9864420408212466 3.9822136856841825 3.977985330547118 3.973756975410054 3.9695286202729823 3.965300265135918 3.9610719099988536 3.9568435548617895 3.9526151997247254 3.948386844587661 3.9441584894505968 3.94336963293554 3.9462576782009156 3.949145723466291 3.9520337687316665 3.9549218139970415 3.957809859262417 3.9606979045277972 3.9635859497931727 3.966473995058548 3.9693620403239236 3.972250085589299 3.9751381308546745 3.97802617612005 3.9809142213854254 3.983802266650801 3.9866903119161763 3.9895783571815513 3.9924664024469267
4.068088558507027 4.0637141556729395 4.059339752838852 4.054965350004765 4.050590947170678 4.046216544336589 4.041842141502502 4.037467738668408 4.03309333583432 4.028718933000232 4.024344530166145 4.019970127332058 4.01559572449797 4.011221321663883 4.006846918829796 4.0024725159957075 3.9980981131616202 3.993723710327533 3.9893493074934456 3.984974904659358 3.980600501825263 3.9762260989911757 3.9718516961570884 3.9674772933230007 3.9631028904889134 3.958728487654826 3.9543540848207384 3.9533119436078255 3.955832065397248 3.9583521871866703 3.960872308976093 3.9633924307655155 3.9659125525549377 3.9684326743443648 3.970952796133787 3.9734729179232096 3.975993039712632 3.9785131615020544 3.981033283291477 3.983553405080899 3.986073526870322 3.9885936486597444 3.9911137704491666 3.9936338922385892 3.996154014028012
4.082081393999771 4.077560943468661 4.07304049293755 4.06852004240644 4.063999591875329 4.059479141344218 4.054958690813107 4.05043824028199 4.045917789750878 4.041397339219768 4.036876888688657 4.032356438157547 4.027835987626436 4.023315537095326 4.018795086564215 4.014274636033105 4.009754185501994 4.005233734970884 4.000713284439772 3.9961928339086623 3.991672383377544 3.9871519328464333 3.982631482315323 3.9781110317842123 3.9735905812531014 3.969070130721991 3.9645496801908804 3.9632542542801112 3.9654064525935806 3.96755865090705 3.9697108492205198 3.971863047533989 3.9740152458474585 3.976167444160932 3.978319642474401 3.980471840787871 3.9826240391013403 3.9847762374148097 3.9869284357282795 3.989080634041749 3.991232832355218 3.993385030668688 3.9955372289821574 3.9976894272956267 3.9998416256090965
4.096074229492527 4.091407731264393 4.08674123303626 4.082074734808126 4.077408236579991 4.072741738351858 4.068075240123724 4.063408741895582 4.0587422436674485 4.054075745439315 4.04940924721118 4.0447427489830465 4.040076250754913 4.035409752526779 4.030743254298645 4.026076756070511 4.021410257842377 4.0167437596142435 4.01207726138611 4.007410763157976 4.002744264929834 3.9980777667017002 3.993411268473566 3.9887447702454324 3.9840782720172987 3.9794117737891646 3.974745275561031 3.973196564952405 3.974980839789921 3.9767651146274376 3.9785493894649537 3.9803336643024703 3.9821179391399864 3.9839022139775055 3.985686488815022 3.987470763652538 3.9892550384900547 3.991039313327571 3.992823588165087 3.9946078630026034 3.9963921378401195 3.998176412677636 3.999960687515152 4.001744962352668 4.003529237190184
4.110067064985272 4.105254519060115 4.1004419731349575 4.095629427209801 4.090816881284644 4.086004335359487 4.08119178943433 4.076379243509164 4.071566697584007 4.06675415165885 4.0619416057336935 4.0571290598085366 4.05231651388338 4.047503967958223 4.042691422033065 4.037878876107908 4.033066330182751 4.028253784257594 4.023441238332437 4.0186286924072805 4.013816146482115 4.009003600556958 4.004191054631801 3.999378508706644 3.9945659627814867 3.98975341685633 3.984940870931173 3.9831388756246904 3.9845552269862536 3.9859715783478173 3.9873879297093806 3.988804281070944 3.990220632432507 3.991636983794073 3.9930533351556363 3.9944696865171996 3.995886037878763 3.997302389240326 3.9987187406018894 4.000135091963453 4.001551443325016 4.00296779468658 4.004384146048142 4.005800497409706 4.00721684877127
4.124059900478016 4.1191013068558355 4.114142713233655 4.109184119611475 4.104225525989295 4.099266932367115 4.094308338744935 4.089349745122746 4.084391151500566 4.079432557878386 4.074473964256206 4.069515370634026 4.064556777011846 4.0595981833896655 4.0546395897674845 4.049680996145304 4.044722402523124 4.039763808900944 4.034805215278764 4.029846621656584 4.024888028034395 4.019929434412215 4.014970840790035 4.010012247167855 4.005053653545675 4.000095059923495 3.9951364663013145 3.9930811862969757 3.994129614182586 3.9951780420681966 3.9962264699538066 3.997274897839417 3.9983233257250275 3.9993717536106397 4.00042018149625 4.0014686093818606 4.002517037267471 4.003565465153081 4.004613893038692 4.005662320924302 4.006710748809913 4.007759176695523 4.008807604581134 4.009856032466743 4.010904460352354
4.13805273597076 4.132948094651557 4.127843453332353 4.12273881201315 4.117634170693947 4.1125295293747435 4.10742488805554 4.102320246736328 4.097215605417125 4.092110964097921 4.087006322778718 4.081901681459515 4.0767970401403115 4.071692398821108 4.066587757501905 4.061483116182702 4.056378474863498 4.051273833544295 4.046169192225092 4.0410645509058885 4.035959909586676 4.030855268267473 4.02575062694827 4.020645985629066 4.015541344309863 4.01043670299066 4.0053320616714565 4.003023496969262 4.003704001378919 4.004384505788576 4.0050650101982335 4.0057455146078915 4.006426019017549 4.007106523427208 4.007787027836865 4.008467532246522 4.009148036656179 4.009828541065837 4.010509045475494 4.0111895498851515 4.01187005429481 4.012550558704467 4.013231063114124 4.013911567523781 4.014592071933439
4.152045571463504 4.146794882447278 4.141544193431051 4.136293504414825 4.131042815398598 4.125792126382372 4.120541437366145 4.11529074834991 4.110040059333683 4.104789370317457 4.0995386813012304 4.094287992285004 4.0890373032687775 4.083786614252551 4.0785359252363245 4.073285236220098 4.0680345472038715 4.062783858187645 4.0575331691714185 4.052282480155192 4.047031791138957 4.04178110212273 4.036530413106504 4.031279724090277 4.026029035074051 4.020778346057824 4.015527657041598 4.012965807641546 4.013278388575251 4.0135909695089556 4.0139035504426595 4.014216131376364 4.014528712310069 4.014841293243774 4.015153874177479 4.015466455111183 4.015779036044887 4.016091616978592 4.016404197912297 4.016716778846001 4.0170293597797055 4.01734194071341 4.017654521647115 4.017967102580819 4.018279683514524
4.166038406956249 4.160641670242999 4.155244933529749 4.1498481968164995 4.14445146010325 4.13905472339 4.13365798667675 4.128261249963492 4.122864513250242 4.1174677765369925 4.112071039823743 4.106674303110493 4.101277566397243 4.095880829683994 4.090484092970744 4.085087356257494 4.079690619544245 4.074293882830995 4.068897146117746 4.063500409404496 4.058103672691237 4.052706935977987 4.0473101992647385 4.041913462551489 4.036516725838239 4.031119989124989 4.02572325241174 4.022908118313832 4.022852775771583 4.022797433229335 4.022742090687086 4.022686748144838 4.022631405602589 4.022576063060341 4.022520720518092 4.022465377975844 4.022410035433596 4.022354692891348 4.022299350349099 4.022244007806851 4.022188665264602 4.022133322722354 4.022077980180105 4.022022637637857 4.0219672950956085
4.180031242449005 4.1744884580387325 4.16894567362846 4.163402889218187 4.157860104807914 4.152317320397641 4.146774535987368 4.141231751577085 4.1356889671668124 4.1301461827565396 4.124603398346267 4.119060613935994 4.113517829525721 4.107975045115448 4.102432260705175 4.096889476294902 4.091346691884629 4.085803907474356 4.0802611230640835 4.074718338653811 4.069175554243528 4.063632769833255 4.058089985422982 4.052547201012709 4.047004416602436 4.0414616321921635 4.035918847781891 4.0328504289861264 4.032427162967925 4.032003896949723 4.031580630931521 4.031157364913319 4.030734098895118 4.030310832876915 4.029887566858713 4.0294643008405115 4.02904103482231 4.028617768804108 4.028194502785906 4.0277712367677045 4.027347970749504 4.026924704731302 4.0265014387131 4.026078172694898 4.025654906676697
4.194024077941749 4.188335245834453 4.182646413727157 4.1769575816198605 4.171268749512565 4.165579917405269 4.159891085297973 4.154202253190667 4.148513421083371 4.142824588976075 4.137135756868779 4.131446924761483 4.125758092654187 4.120069260546891 4.114380428439595 4.1086915963322985 4.103002764225002 4.097313932117706 4.09162510001041 4.085936267903114 4.080247435795808 4.074558603688512 4.068869771581216 4.063180939473921 4.057492107366625 4.051803275259329 4.046114443152033 4.042792739658411 4.042001550164257 4.041210360670102 4.040419171175948 4.039627981681793 4.038836792187638 4.038045602693482 4.037254413199328 4.036463223705173 4.035672034211019 4.034880844716864 4.034089655222709 4.033298465728555 4.0325072762344 4.0317160867402455 4.0309248972460905 4.0301337077519355 4.029342518257781
4.208016913434493 4.202182033630174 4.1963471538258545 4.190512274021535 4.184677394217216 4.178842514412897 4.173007634608577 4.167172754804248 4.161337874999929 4.15550299519561 4.149668115391291 4.143833235586972 4.137998355782653 4.1321634759783334 4.126328596174014 4.120493716369695 4.114658836565376 4.108823956761056 4.102989076956737 4.097154197152418 4.091319317348089 4.085484437543769 4.07964955773945 4.073814677935131 4.0679797981308115 4.062144918326492 4.056310038522174 4.052735050330696 4.051575937360589 4.0504168243904815 4.049257711420373 4.048098598450266 4.046939485480158 4.045780372510049 4.044621259539941 4.0434621465698335 4.042303033599726 4.041143920629619 4.039984807659511 4.038825694689404 4.037666581719296 4.036507468749188 4.035348355779081 4.034189242808973 4.033030129838866
4.2220097489272375 4.216028821425895 4.2100478939245525 4.20406696642321 4.1980860389218675 4.192105111420525 4.186124183919183 4.18014325641783 4.174162328916488 4.168181401415145 4.162200473913804 4.156219546412461 4.150238618911119 4.144257691409776 4.138276763908434 4.132295836407091 4.126314908905749 4.120333981404407 4.114353053903065 4.108372126401722 4.10239119890037 4.096410271399027 4.090429343897685 4.084448416396342 4.078467488895 4.072486561393657 4.066505633892315 4.062677361002982 4.061150324556921 4.059623288110861 4.0580962516648 4.05656921521874 4.05504217877268 4.053515142326616 4.051988105880556 4.050461069434495 4.048934032988435 4.0474069965423745 4.045879960096314 4.044352923650253 4.0428258872041924 4.041298850758133 4.039771814312072 4.038244777866011 4.036717741419951
4.236002584419981 4.229875609221616 4.22374863402325 4.217621658824885 4.211494683626519 4.205367708428153 4.1992407332297885 4.193113758031412 4.1869867828330465 4.180859807634681 4.174732832436316 4.16860585723795 4.162478882039585 4.156351906841219 4.150224931642854 4.144097956444488 4.137970981246123 4.131844006047757 4.125717030849391 4.1195900556510265 4.11346308045265 4.1073361052542845 4.101209130055919 4.095082154857554 4.088955179659188 4.082828204460823 4.076701229262457 4.072619671675268 4.070724711753254 4.068829751831241 4.066934791909227 4.065039831987214 4.0631448720652 4.061249912143183 4.05935495222117 4.057459992299156 4.055565032377143 4.053670072455129 4.051775112533116 4.049880152611103 4.047985192689089 4.046090232767076 4.044195272845062 4.042300312923049 4.040405353001035
4.249995419912726 4.243722397017337 4.237449374121948 4.23117635122656 4.224903328331171 4.2186303054357825 4.212357282540394 4.206084259644995 4.199811236749606 4.193538213854217 4.187265190958828 4.18099216806344 4.174719145168051 4.1684461222726625 4.162173099377274 4.155900076481886 4.149627053586497 4.143354030691108 4.137081007795719 4.130807984900331 4.124534962004931 4.1182619391095425 4.111988916214154 4.105715893318765 4.099442870423377 4.093169847527988 4.086896824632599 4.082561982347553 4.080299098949586 4.07803621555162 4.075773332153654 4.0735104487556875 4.071247565357721 4.06898468195975 4.066721798561784 4.064458915163818 4.062196031765851 4.059933148367885 4.057670264969919 4.0554073815719525 4.053144498173986 4.05088161477602 4.0486187313780535 4.046355847980087 4.04409296458212
4.26398825540547 4.257569184813058 4.251150114220646 4.244731043628235 4.238311973035823 4.231892902443411 4.225473831851 4.219054761258577 4.212635690666165 4.206216620073753 4.199797549481341 4.1933784788889295 4.186959408296517 4.180540337704105 4.174121267111694 4.167702196519282 4.16128312592687 4.154864055334459 4.148444984742047 4.1420259141496345 4.135606843557212 4.1291877729648 4.1227687023723885 4.116349631779976 4.109930561187564 4.103511490595153 4.097092420002741 4.0925042930198385 4.089873486145919 4.087242679272 4.084611872398081 4.081981065524161 4.0793502586502415 4.076719451776318 4.074088644902399 4.071457838028479 4.06882703115456 4.066196224280641 4.063565417406721 4.060934610532802 4.058303803658882 4.055672996784963 4.053042189911044 4.050411383037124 4.0477805761632055
4.277981090898226 4.271415972608791 4.264850854319356 4.25828573602992 4.251720617740486 4.245155499451051 4.2385903811616155 4.2320252628721695 4.225460144582734 4.218895026293299 4.212329908003864 4.205764789714429 4.199199671424994 4.192634553135559 4.186069434846123 4.179504316556688 4.172939198267254 4.166374079977818 4.159808961688383 4.153243843398948 4.146678725109502 4.140113606820067 4.133548488530631 4.126983370241196 4.120418251951762 4.113853133662326 4.107288015372891 4.102446603692132 4.0994478733422595 4.096449142992387 4.093450412642515 4.090451682292642 4.087452951942769 4.084454221592892 4.081455491243019 4.078456760893146 4.075458030543274 4.072459300193401 4.069460569843528 4.066461839493656 4.063463109143783 4.0604643787939105 4.057465648444039 4.054466918094166 4.051468187744293
