Figures/CREST_Example_wjb_NSE/PETs/wjb.pet.20100506.asc
ncols            288
nrows            254
xllcorner        113.274861
yllcorner        31.4918055
cellsize         0.008333333333
NODATA_value     -9999
[rows 60 to 79 of 254, columns 132 to 175 of 288]
0.7023108629045661 0.7034381837175281 0.70456550453049 0.7056928253434519 0.7068201461564139 0.7079474669693758 0.7090747877823377 0.7102021085952996 0.7113294294082616 0.7124567502212235 0.7135840710341854 0.7147113918471493 0.7158387126601112 0.7169660334730732 0.718093354286035 0.719220675098997 0.720347995911959 0.7214753167249208 0.7226026375378828 0.7237299583508447 0.7248572791638067 0.7259845999767686 0.7271119207897305 0.7282392416026925 0.7293665624156563 0.7304938832286182 0.7316212040415802 0.7327485248545421 0.7338758456675041 0.7350031664804659 0.7365646648595481 0.7385903088785469 0.7406159528975458 0.7426415969165446 0.7446672409355435 0.7466928849545423 0.7487185289735412 0.7507441729925435 0.7527698170115423 0.7547954610305412 0.75682110504954 0.7588467490685389 0.7608723930875376 0.7628980371065365
0.7055459447522345 0.7067566770031082 0.7079674092539818 0.7091781415048555 0.7103888737557292 0.7115996060066029 0.7128103382574765 0.7140210705083503 0.7152318027592239 0.7164425350100976 0.7176532672609712 0.718863999511847 0.7200747317627207 0.7212854640135944 0.722496196264468 0.7237069285153417 0.7249176607662154 0.7261283930170891 0.7273391252679627 0.7285498575188365 0.7297605897697101 0.7309713220205838 0.7321820542714575 0.7333927865223312 0.734603518773207 0.7358142510240806 0.7370249832749542 0.738235715525828 0.7394464477767017 0.7406571800275753 0.74230009547743 0.7444050245436142 0.7465099536097984 0.7486148826759826 0.7507198117421667 0.7528247408083509 0.7549296698745351 0.7570345989407229 0.7591395280069071 0.7612444570730913 0.7633493861392755 0.7654543152054596 0.7675592442716438 0.769664173337828
0.7087810265999028 0.7100751702886883 0.7113693139774737 0.7126634576662592 0.7139576013550445 0.7152517450438299 0.7165458887326154 0.7178400324214008 0.7191341761101863 0.7204283197989717 0.721722463487757 0.7230166071765447 0.7243107508653301 0.7256048945541156 0.726899038242901 0.7281931819316864 0.7294873256204718 0.7307814693092572 0.7320756129980427 0.7333697566868281 0.7346639003756136 0.7359580440643989 0.7372521877531844 0.7385463314419698 0.7398404751307575 0.7411346188195429 0.7424287625083283 0.7437229061971137 0.7450170498858991 0.7463111935746846 0.7480355260953119 0.7502197402086814 0.752403954322051 0.7545881684354204 0.75677238254879 0.7589565966621595 0.7611408107755291 0.7633250248889023 0.7655092390022719 0.7676934531156413 0.7698776672290109 0.7720618813423804 0.77424609545575 0.7764303095691194
0.7120161084475712 0.7133936635742685 0.7147712187009656 0.7161487738276628 0.71752632895436 0.7189038840810571 0.7202814392077543 0.7216589943344515 0.7230365494611487 0.7244141045878458 0.725791659714543 0.7271692148412425 0.7285467699679397 0.7299243250946369 0.731301880221334 0.7326794353480311 0.7340569904747284 0.7354345456014255 0.7368121007281228 0.7381896558548199 0.739567210981517 0.7409447661082142 0.7423223212349114 0.7436998763616085 0.7450774314883081 0.7464549866150052 0.7478325417417024 0.7492100968683996 0.7505876519950968 0.7519652071217939 0.7537709567131938 0.7560344558737487 0.7582979550343035 0.7605614541948584 0.7628249533554133 0.7650884525159681 0.767351951676523 0.7696154508370817 0.7718789499976366 0.7741424491581914 0.7764059483187463 0.7786694474793012 0.780932946639856 0.7831964458004109
0.7152511902952396 0.7167121568598486 0.7181731234244575 0.7196340899890664 0.7210950565536753 0.7225560231182843 0.7240169896828932 0.725477956247502 0.7269389228121109 0.7283998893767198 0.7298608559413288 0.7313218225059402 0.7327827890705492 0.7342437556351581 0.7357047221997669 0.7371656887643758 0.7386266553289847 0.7400876218935937 0.7415485884582026 0.7430095550228115 0.7444705215874204 0.7459314881520294 0.7473924547166383 0.7488534212812472 0.7503143878458586 0.7517753544104675 0.7532363209750764 0.7546972875396853 0.7561582541042943 0.7576192206689032 0.7595063873310757 0.7618491715388159 0.7641919557465561 0.7665347399542963 0.7688775241620365 0.7712203083697767 0.7735630925775169 0.7759058767852611 0.7782486609930013 0.7805914452007415 0.7829342294084817 0.7852770136162219 0.7876197978239621 0.7899625820317023
0.718486272142908 0.7200306501454287 0.7215750281479493 0.72311940615047 0.7246637841529906 0.7262081621555113 0.727752540158032 0.7292969181605526 0.7308412961630734 0.732385674165594 0.7339300521681147 0.735474430170638 0.7370188081731586 0.7385631861756793 0.7401075641781999 0.7416519421807206 0.7431963201832412 0.7447406981857619 0.7462850761882825 0.7478294541908033 0.7493738321933239 0.7509182101958446 0.7524625881983653 0.7540069662008859 0.7555513442034092 0.7570957222059299 0.7586401002084505 0.7601844782109712 0.7617288562134918 0.7632732342160126 0.7652418179489576 0.7676638872038832 0.7700859564588087 0.7725080257137343 0.7749300949686598 0.7773521642235853 0.7797742334785109 0.7821963027334405 0.7846183719883661 0.7870404412432916 0.7894625104982171 0.7918845797531427 0.7943066490080682 0.7967287182629939
0.7217213539905791 0.7233491434310116 0.7249769328714442 0.7266047223118766 0.7282325117523091 0.7298603011927416 0.7314880906331741 0.7331158800736065 0.734743669514039 0.7363714589544715 0.737999248394904 0.7396270378353392 0.7412548272757717 0.7428826167162043 0.7445104061566367 0.7461381955970692 0.7477659850375017 0.7493937744779342 0.7510215639183666 0.7526493533587991 0.7542771427992316 0.7559049322396642 0.7575327216800966 0.7591605111205291 0.7607883005609644 0.7624160900013968 0.7640438794418293 0.7656716688822618 0.7672994583226943 0.7689272477631267 0.7709772485668446 0.7734786028689555 0.7759799571710665 0.7784813114731773 0.7809826657752883 0.7834840200773993 0.7859853743795102 0.7884867286816254 0.7909880829837364 0.7934894372858473 0.7959907915879583 0.7984921458900692 0.8009935001921802 0.803494854494291
0.7249564358382475 0.7266676367165917 0.7283788375949359 0.7300900384732801 0.7318012393516244 0.7335124402299686 0.7352236411083128 0.7369348419866572 0.7386460428650014 0.7403572437433455 0.7420684446216897 0.743779645500037 0.7454908463783811 0.7472020472567255 0.7489132481350697 0.7506244490134139 0.752335649891758 0.7540468507701024 0.7557580516484466 0.7574692525267908 0.7591804534051351 0.7608916542834793 0.7626028551618235 0.7643140560401677 0.7660252569185149 0.7677364577968591 0.7694476586752034 0.7711588595535476 0.7728700604318918 0.774581261310236 0.7767126791847264 0.7792933185340227 0.7818739578833189 0.7844545972326152 0.7870352365819115 0.7896158759312079 0.7921965152805042 0.7947771546298048 0.7973577939791011 0.7999384333283973 0.8025190726776936 0.8050997120269899 0.8076803513762862 0.8102609907255826
0.7281915176859158 0.7299861300021718 0.7317807423184278 0.7335753546346838 0.7353699669509398 0.7371645792671957 0.7389591915834517 0.7407538038997077 0.7425484162159637 0.7443430285322197 0.7461376408484757 0.7479322531647347 0.7497268654809907 0.7515214777972467 0.7533160901135026 0.7551107024297586 0.7569053147460145 0.7586999270622705 0.7604945393785265 0.7622891516947825 0.7640837640110385 0.7658783763272945 0.7676729886435505 0.7694676009598065 0.7712622132760655 0.7730568255923215 0.7748514379085775 0.7766460502248335 0.7784406625410893 0.7802352748573453 0.7824481098026084 0.78510803419909 0.7877679585955716 0.7904278829920532 0.7930878073885349 0.7957477317850165 0.7984076561814981 0.8010675805779842 0.8037275049744659 0.8063874293709475 0.8090473537674291 0.8117072781639108 0.8143672025603924 0.817027126956874
0.7314265995335844 0.733304623287752 0.7351826470419197 0.7370606707960875 0.7389386945502552 0.740816718304423 0.7426947420585907 0.7445727658127583 0.7464507895669261 0.7483288133210938 0.7502068370752616 0.7520848608294325 0.7539628845836002 0.755840908337768 0.7577189320919356 0.7595969558461034 0.7614749796002711 0.7633530033544388 0.7652310271086066 0.7671090508627743 0.768987074616942 0.7708650983711097 0.7727431221252774 0.7746211458794452 0.7764991696336161 0.7783771933877839 0.7802552171419516 0.7821332408961192 0.784011264650287 0.7858892884044547 0.7881835404204903 0.7909227498641573 0.7936619593078242 0.7964011687514913 0.7991403781951582 0.8018795876388252 0.8046187970824921 0.8073580065261637 0.8100972159698306 0.8128364254134977 0.8155756348571646 0.8183148443008316 0.8210540537444985 0.8237932631881655
0.7346616813812527 0.7366231165733321 0.7385845517654116 0.7405459869574911 0.7425074221495706 0.74446885734165 0.7464302925337295 0.748391727725809 0.7503531629178884 0.7523145981099679 0.7542760333020474 0.7562374684941302 0.7581989036862097 0.7601603388782892 0.7621217740703686 0.7640832092624481 0.7660446444545275 0.768006079646607 0.7699675148386864 0.7719289500307659 0.7738903852228454 0.7758518204149248 0.7778132556070043 0.7797746907990838 0.7817361259911666 0.7836975611832461 0.7856589963753255 0.787620431567405 0.7895818667594845 0.791543301951564 0.7939189710383722 0.7967374655292245 0.7995559600200768 0.802374454510929 0.8051929490017814 0.8080114434926337 0.810829937983486 0.813648432474343 0.8164669269651954 0.8192854214560477 0.8221039159469 0.8249224104377523 0.8277409049286046 0.8305593994194569
0.737896763228921 0.7399416098589122 0.7419864564889035 0.7440313031188946 0.7460761497488859 0.7481209963788771 0.7501658430088683 0.7522106896388595 0.7542555362688508 0.7563003828988419 0.7583452295288332 0.7603900761588279 0.7624349227888191 0.7644797694188104 0.7665246160488015 0.7685694626787928 0.770614309308784 0.7726591559387752 0.7747040025687665 0.7767488491987576 0.7787936958287489 0.7808385424587401 0.7828833890887313 0.7849282357187225 0.7869730823487172 0.7890179289787085 0.7910627756086996 0.7931076222386909 0.7951524688686822 0.7971973154986733 0.7996544016562541 0.8025521811942918 0.8054499607323294 0.808347740270367 0.8112455198084046 0.8141432993464424 0.81704107888448 0.8199388584225226 0.8228366379605602 0.8257344174985978 0.8286321970366355 0.8315299765746731 0.8344277561127107 0.8373255356507484
0.7411318450765921 0.7432601031444952 0.7453883612123983 0.7475166192803013 0.7496448773482043 0.7517731354161074 0.7539013934840104 0.7560296515519135 0.7581579096198164 0.7602861676877195 0.7624144257556226 0.7645426838235292 0.7666709418914323 0.7687991999593353 0.7709274580272384 0.7730557160951413 0.7751839741630444 0.7773122322309475 0.7794404902988505 0.7815687483667535 0.7836970064346566 0.7858252645025596 0.7879535225704627 0.7900817806383656 0.7922100387062724 0.7943382967741754 0.7964665548420784 0.7985948129099815 0.8007230709778845 0.8028513290457876 0.8053898322741411 0.808366896859364 0.8113439614445871 0.8143210260298102 0.8172980906150332 0.8202751552002562 0.8232522197854792 0.8262292843707074 0.8292063489559305 0.8321834135411534 0.8351604781263765 0.8381375427115996 0.8411146072968226 0.8440916718820456
0.7443669269242605 0.7465785964300753 0.74879026593589 0.7510019354417049 0.7532136049475197 0.7554252744533344 0.7576369439591493 0.759848613464964 0.7620602829707788 0.7642719524765935 0.7664836219824084 0.7686952914882269 0.7709069609940417 0.7731186304998565 0.7753303000056713 0.777541969511486 0.7797536390173009 0.7819653085231156 0.7841769780289304 0.7863886475347452 0.78860031704056 0.7908119865463747 0.7930236560521895 0.7952353255580044 0.7974469950638229 0.7996586645696376 0.8018703340754525 0.8040820035812672 0.806293673087082 0.8085053425928969 0.8111252628920229 0.8141816125244312 0.8172379621568396 0.820294311789248 0.8233506614216564 0.8264070110540648 0.8294633606864732 0.8325197103188867 0.8355760599512951 0.8386324095837036 0.8416887592161119 0.8447451088485203 0.8478014584809287 0.8508578081133371
0.7476020087719288 0.7498970897156554 0.7521921706593819 0.7544872516031085 0.756782332546835 0.7590774134905616 0.7613724944342881 0.7636675753780146 0.7659626563217411 0.7682577372654676 0.7705528182091942 0.7728478991529246 0.7751429800966512 0.7774380610403777 0.7797331419841043 0.7820282229278308 0.7843233038715574 0.7866183848152839 0.7889134657590104 0.7912085467027369 0.7935036276464634 0.79579870859019 0.7980937895339165 0.8003888704776431 0.8026839514213735 0.8049790323651 0.8072741133088266 0.8095691942525531 0.8118642751962797 0.8141593561400062 0.8168606935099049 0.8199963281894985 0.8231319628690923 0.826267597548686 0.8294032322282797 0.8325388669078735 0.8356745015874671 0.8388101362670662 0.8419457709466599 0.8450814056262537 0.8482170403058473 0.8513526749854411 0.8544883096650349 0.8576239443446285
0.7508370906195974 0.7532155830012356 0.7555940753828738 0.7579725677645122 0.7603510601461504 0.7627295525277887 0.765108044909427 0.7674865372910652 0.7698650296727035 0.7722435220543418 0.7746220144359801 0.7770005068176224 0.7793789991992607 0.7817574915808989 0.7841359839625373 0.7865144763441755 0.7888929687258138 0.7912714611074521 0.7936499534890903 0.7960284458707286 0.7984069382523669 0.8007854306340052 0.8031639230156434 0.8055424153972817 0.807920907778924 0.8102994001605623 0.8126778925422006 0.8150563849238389 0.8174348773054771 0.8198133696871155 0.8225961241277867 0.8258110438545657 0.8290259635813448 0.8322408833081238 0.835455803034903 0.838670722761682 0.8418856424884611 0.8451005622152457 0.8483154819420247 0.8515304016688037 0.8547453213955828 0.8579602411223618 0.8611751608491409 0.8643900805759199
0.7540721724672657 0.7565340762868157 0.7589959801063657 0.7614578839259157 0.7639197877454658 0.7663816915650158 0.7688435953845658 0.7713054992041158 0.7737674030236659 0.7762293068432159 0.7786912106627659 0.7811531144823202 0.7836150183018702 0.7860769221214202 0.7885388259409702 0.7910007297605203 0.7934626335800703 0.7959245373996203 0.7983864412191704 0.8008483450387204 0.8033102488582704 0.8057721526778204 0.8082340564973705 0.8106959603169205 0.8131578641364746 0.8156197679560246 0.8180816717755748 0.8205435755951247 0.8230054794146747 0.8254673832342247 0.8283315547456687 0.831625759519633 0.8349199642935975 0.8382141690675619 0.8415083738415262 0.8448025786154907 0.848096783389455 0.8513909881634251 0.8546851929373894 0.8579793977113539 0.8612736024853183 0.8645678072592826 0.8678620120332471 0.8711562168072114
0.7573072543149341 0.7598525695723958 0.7623978848298576 0.7649432000873193 0.7674885153447811 0.7700338306022428 0.7725791458597047 0.7751244611171665 0.7776697763746282 0.78021509163209 0.7827604068895517 0.7853057221470179 0.7878510374044796 0.7903963526619414 0.7929416679194032 0.795486983176865 0.7980322984343268 0.8005776136917885 0.8031229289492503 0.805668244206712 0.8082135594641738 0.8107588747216357 0.8133041899790974 0.8158495052365592 0.8183948204940252 0.820940135751487 0.8234854510089489 0.8260307662664106 0.8285760815238724 0.8311213967813341 0.8340669853635506 0.8374404751847003 0.84081396500585 0.8441874548269999 0.8475609446481496 0.8509344344692993 0.854307924290449 0.8576814141116045 0.8610549039327543 0.864428393753904 0.8678018835750537 0.8711753733962034 0.8745488632173531 0.877922353038503
0.7605423361626024 0.7631710628579759 0.7657997895533494 0.7684285162487229 0.7710572429440965 0.77368596963947 0.7763146963348435 0.778943423030217 0.7815721497255905 0.784200876420964 0.7868296031163377 0.7894583298117156 0.7920870565070891 0.7947157832024626 0.7973445098978362 0.7999732365932097 0.8026019632885832 0.8052306899839567 0.8078594166793303 0.8104881433747038 0.8131168700700773 0.8157455967654509 0.8183743234608244 0.8210030501561979 0.823631776851576 0.8262605035469495 0.828889230242323 0.8315179569376965 0.83414668363307 0.8367754103284435 0.8398024159814326 0.8432551908497676 0.8467079657181027 0.8501607405864378 0.8536135154547728 0.857066290323108 0.8605190651914431 0.863971840059784 0.8674246149281191 0.8708773897964541 0.8743301646647892 0.8777829395331243 0.8812357144014593 0.8846884892697944
0.7637774180102735 0.7664895561435588 0.7692016942768442 0.7719138324101296 0.7746259705434149 0.7773381086767002 0.7800502468099856 0.7827623849432709 0.7854745230765562 0.7881866612098416 0.7908987993431269 0.7936109374764169 0.7963230756097022 0.7990352137429876 0.8017473518762729 0.8044594900095582 0.8071716281428436 0.8098837662761289 0.8125959044094142 0.8153080425426996 0.8180201806759849 0.8207323188092703 0.8234444569425556 0.8261565950758409 0.8288687332091309 0.8315808713424162 0.8342930094757016 0.8370051476089869 0.8397172857422723 0.8424294238755576 0.8455378465993194 0.8490699065148398 0.8526019664303603 0.8561340263458808 0.8596660862614013 0.8631981461769218 0.8667302060924422 0.8702622660079687 0.8737943259234893 0.8773263858390097 0.8808584457545302 0.8843905056700506 0.8879225655855711 0.8914546255010916
