Figures/CREST_Example_wjb_NSE/PETs/wjb.pet.20101001.asc
ncols            288
nrows            254
xllcorner        113.274861
yllcorner        31.4918055
cellsize         0.008333333333
NODATA_value     -9999
[rows 60 to 79 of 254, columns 0 to 43 of 288]
-9999.0 -9999.0 -9999.0 -9999.0 -9999.0 -9999.0 -9999.0 -9999.0 -9999.0 -9999.0 -9999.0 2.0355788540882065 2.0360880181072 2.0379841885906864 2.03988035907417 2.0417765295576533 2.0436727000411365 2.0455688705246198 2.047465041008103 2.0493612114915862 2.05125738197507 2.053153552458553 2.0550497229420364 2.0569458934255196 2.058842063909003 2.0607382343924865 2.062634404875973 2.064530575359456 2.0664267458429393 2.068322916326423 2.070219086809906 2.0721152572933894 2.0740114277768726 2.075907598260356 2.077803768743839 2.0796999392273228 2.081596109710806 2.0834922801942892 2.0853884506777725 2.0872846211612592 2.0891807916447425 2.0910769621282257 2.0892709937812395 2.083507355352743
-9999.0 -9999.0 -9999.0 -9999.0 -9999.0 -9999.0 -9999.0 -9999.0 -9999.0 2.0351521156475747 2.034333442564165 2.0335147694807554 2.0340009166568906 2.035881946173924 2.0377629756909537 2.0396440052079834 2.0415250347250136 2.0434060642420433 2.045287093759073 2.0471681232761028 2.049049152793133 2.0509301823101627 2.0528112118271924 2.054692241344222 2.0565732708612523 2.058454300378282 2.0603353298953153 2.062216359412345 2.0640973889293748 2.0659784184464045 2.0678594479634347 2.0697404774804644 2.071621506997494 2.0735025365145243 2.075383566031554 2.077264595548584 2.0791456250656135 2.0810266545826437 2.0829076840996734 2.0847887136167063 2.0866697431337364 2.088550772650766 2.0867765770454216 2.081094863172813
-9999.0 -9999.0 -9999.0 -9999.0 -9999.0 -9999.0 -9999.0 -9999.0 -9999.0 2.0331487994497546 2.032299742161529 2.031450684873304 2.031913815206581 2.033779703757161 2.0356455923077372 2.037511480858314 2.03937736940889 2.0412432579594664 2.043109146510043 2.0449750350606193 2.0468409236111955 2.048706812161772 2.0505727007123484 2.0524385892629247 2.0543044778135013 2.0561703663640776 2.0580362549146574 2.0599021434652336 2.06176803201581 2.0636339205663865 2.0654998091169627 2.067365697667539 2.0692315862181156 2.071097474768692 2.072963363319268 2.074829251869845 2.076695140420421 2.0785610289709977 2.080426917521574 2.0822928060721533 2.08415869462273 2.086024583173306 2.0842821603096033 2.078682370992883
-9999.0 -9999.0 -9999.0 -9999.0 -9999.0 -9999.0 -9999.0 -9999.0 -9999.0 2.031145483251935 2.0302660417588934 2.0293866002658523 2.029826713756272 2.031677461340398 2.0335282089245212 2.035378956508644 2.037229704092767 2.03908045167689 2.040931199261013 2.042781946845136 2.0446326944292585 2.0464834420133817 2.0483341895975045 2.0501849371816276 2.0520356847657504 2.0538864323498736 2.0557371799339994 2.0575879275181226 2.0594386751022453 2.0612894226863685 2.0631401702704912 2.0649909178546144 2.066841665438737 2.06869241302286 2.070543160606983 2.072393908191106 2.074244655775229 2.0760954033593517 2.077946150943475 2.0797968985276007 2.081647646111724 2.0834983936958467 2.081787743573786 2.076269878812954
-9999.0 -9999.0 -9999.0 -9999.0 -9999.0 -9999.0 -9999.0 -9999.0 2.030051992751972 2.0291421670541148 2.028232341356258 2.0273225156584007 2.027739612305963 2.0295752189236356 2.031410825541305 2.0332464321589745 2.0350820387766437 2.0369176453943134 2.0387532520119827 2.0405888586296523 2.0424244652473216 2.0442600718649913 2.0460956784826605 2.04793128510033 2.0497668917179994 2.051602498335669 2.0534381049533414 2.055273711571011 2.0571093181886804 2.05894492480635 2.0607805314240193 2.062616138041689 2.064451744659358 2.066287351277028 2.0681229578946976 2.069958564512367 2.0717941711300365 2.0736297777477057 2.0754653843653754 2.0773009909830478 2.0791365976007175 2.0809722042183867 2.0792933268379676 2.0738573866330237
-9999.0 -9999.0 -9999.0 -9999.0 -9999.0 -9999.0 -9999.0 -9999.0 2.0280790607589676 2.027138850856295 2.026198640953622 2.025258431050949 2.0256525108556533 2.0274729765068726 2.0292934421580884 2.0311139078093046 2.0329343734605207 2.0347548391117365 2.0365753047629527 2.038395770414169 2.0402162360653846 2.042036701716601 2.0438571673678165 2.0456776330190327 2.047498098670249 2.0493185643214646 2.051139029972684 2.0529594956239 2.054779961275116 2.056600426926332 2.058420892577548 2.060241358228764 2.06206182387998 2.063882289531196 2.065702755182412 2.0675232208336283 2.069343686484844 2.07116415213606 2.072984617787276 2.0748050834384952 2.0766255490897114 2.078446014740927 2.07679891010215 2.0714448944530943
-9999.0 -9999.0 -9999.0 -9999.0 -9999.0 -9999.0 -9999.0 -9999.0 2.026106128765962 2.025135534658473 2.0241649405509845 2.023194346443496 2.0235654094053426 2.025370734090108 2.0271760587748706 2.0289813834596333 2.0307867081443955 2.0325920328291582 2.034397357513921 2.036202682198683 2.038008006883446 2.0398133315682085 2.041618656252971 2.0434239809377335 2.045229305622496 2.0470346303072584 2.048839954992024 2.050645279676787 2.052450604361549 2.054255929046312 2.0560612537310745 2.0578665784158368 2.0596719031005994 2.061477227785362 2.063282552470125 2.065087877154887 2.0668932018396498 2.0686985265244124 2.0705038512091747 2.0723091758939405 2.074114500578703 2.0759198252634654 2.0743044933663297 2.0690324022731628
-9999.0 -9999.0 -9999.0 -9999.0 -9999.0 -9999.0 -9999.0 -9999.0 2.024133196772957 2.0231322184606526 2.022131240148348 2.0211302618360443 2.0214783079550327 2.0232684916733445 2.0250586753916537 2.026848859109963 2.028639042828272 2.0304292265465813 2.03221941026489 2.0340095939831992 2.0357997777015084 2.0375899614198176 2.039380145138127 2.0411703288564356 2.0429605125747448 2.044750696293054 2.0465408800113662 2.048331063729675 2.050121247447984 2.0519114311662934 2.0537016148846026 2.0554917986029118 2.0572819823212205 2.0590721660395297 2.060862349757839 2.062652533476148 2.0644427171944573 2.066232900912766 2.068023084631075 2.0698132683493875 2.0716034520676967 2.0733936357860054 2.0718100766305114 2.066619910093233
-9999.0 -9999.0 -9999.0 -9999.0 -9999.0 -9999.0 -9999.0 2.023191627297073 2.022160264779953 2.021128902262833 2.020097539745713 2.0190661772285927 2.0193912065047233 2.021166249256582 2.0229412920084378 2.0247163347602934 2.0264913775121487 2.0282664202640044 2.03004146301586 2.0318165057677158 2.0335915485195715 2.035366591271427 2.037141634023283 2.0389166767751385 2.0406917195269942 2.04246676227885 2.0442418050307083 2.046016847782564 2.0477918905344197 2.0495669332862754 2.051341976038131 2.0531170187899868 2.0548920615418425 2.0566671042936977 2.0584421470455534 2.060217189797409 2.061992232549265 2.0637672753011205 2.065542318052976 2.067317360804835 2.0690924035566907 2.070867446308546 2.0693156598946936 2.064207417913303
-9999.0 -9999.0 -9999.0 -9999.0 -9999.0 -9999.0 -9999.0 2.0212490795088844 2.0201873327869486 2.019125586065013 2.018063839343077 2.017002092621141 2.017304105054414 2.019064006839819 2.0208239086252213 2.0225838104106235 2.0243437121960257 2.026103613981428 2.02786351576683 2.0296234175522323 2.0313833193376345 2.0331432211230367 2.034903122908439 2.036663024693841 2.0384229264792433 2.0401828282646455 2.041942730050051 2.043702631835453 2.045462533620855 2.0472224354062574 2.0489823371916596 2.0507422389770618 2.052502140762464 2.054262042547866 2.0560219443332683 2.0577818461186705 2.0595417479040727 2.061301649689475 2.063061551474877 2.064821453260282 2.066581355045684 2.0683412568310864 2.0668212431588757 2.061794925733374
-9999.0 -9999.0 -9999.0 -9999.0 -9999.0 -9999.0 -9999.0 2.019306531720696 2.0182144007939447 2.0171222698671927 2.016030138940441 2.0149380080136896 2.015217003604105 2.016961764423056 2.018706525242005 2.020451286060954 2.0221960468799027 2.0239408076988514 2.0256855685178 2.027430329336749 2.0291750901556975 2.0309198509746462 2.032664611793595 2.0344093726125436 2.0361541334314923 2.037898894250441 2.039643655069393 2.0413884158883415 2.04313317670729 2.044877937526239 2.0466226983451876 2.0483674591641363 2.050112219983085 2.0518569808020337 2.0536017416209824 2.055346502439931 2.0570912632588803 2.058836024077829 2.0605807848967777 2.062325545715729 2.0640703065346777 2.065815067353627 2.0643268264230574 2.059382433553444
-9999.0 -9999.0 -9999.0 -9999.0 -9999.0 -9999.0 2.018486499064075 2.0173639839325075 2.0162414688009402 2.015118953669373 2.0139964385378053 2.012873923406238 2.0131299021537954 2.0148595220062937 2.016589141858789 2.018318761711284 2.0200483815637793 2.0217780014162745 2.02350762126877 2.0252372411212654 2.0269668609737606 2.0286964808262558 2.030426100678751 2.032155720531246 2.033885340383742 2.035614960236237 2.037344580088735 2.0390741999412305 2.0408038197937257 2.042533439646221 2.044263059498716 2.0459926793512113 2.0477222992037065 2.049451919056202 2.0511815389086974 2.0529111587611926 2.0546407786136878 2.056370398466183 2.058100018318678 2.0598296381711765 2.0615592580236717 2.0632888778761673 2.0618324096872396 2.0569699413735143
-9999.0 -9999.0 -9999.0 -9999.0 -9999.0 -9999.0 -9999.0 2.0154214361443175 2.0142685368079345 2.013115637471551 2.011962738135168 2.0108098387987847 2.011042800703484 2.012757279589529 2.0144717584755707 2.0161862373616124 2.0179007162476545 2.0196151951336963 2.021329674019738 2.0230441529057797 2.024758631791822 2.0264731106778635 2.028187589563905 2.029902068449947 2.031616547335989 2.0333310262220308 2.0350455051080756 2.0367599839941173 2.038474462880159 2.0401889417662007 2.041903420652243 2.0436178995382845 2.0453323784243262 2.047046857310368 2.0487613361964097 2.050475815082452 2.0521902939684935 2.053904772854535 2.055619251740577 2.0573337306266217 2.0590482095126634 2.0607626883987056 2.05933799295142 2.0545574491935827
-9999.0 -9999.0 -9999.0 -9999.0 -9999.0 -9999.0 -9999.0 -9999.0 2.01229560481493 2.0111123212737314 2.0099290377325323 2.008745754191333 2.0089556992531747 2.010655037172766 2.0123543750923547 2.014053713011943 2.015753050931531 2.0174523888511193 2.019151726770708 2.020851064690296 2.0225504026098844 2.024249740529473 2.0259490784490612 2.0276484163686495 2.029347754288238 2.0310470922078263 2.0327464301274176 2.034445768047006 2.036145105966594 2.0378444438861827 2.039543781805771 2.041243119725359 2.0429424576449473 2.044641795564536 2.046341133484124 2.0480404714037124 2.049739809323301 2.0514391472428892 2.0531384851624774 2.0548378230820687 2.056537161001657 2.0582364989212456 2.0568435762156017 2.052144957013653
-9999.0 -9999.0 -9999.0 -9999.0 -9999.0 -9999.0 -9999.0 -9999.0 -9999.0 2.0091090050759113 2.0078953373298964 2.006681669583882 2.0068685978028658 2.0085527947560036 2.0102369917091383 2.011921188662273 2.013605385615408 2.015289582568543 2.016973779521678 2.0186579764748127 2.0203421734279474 2.0220263703810826 2.0237105673342173 2.0253947642873524 2.027078961240487 2.028763158193622 2.0304473551467597 2.032131552099895 2.0338157490530295 2.0354999460061642 2.0371841429592994 2.038868339912434 2.0405525368655693 2.042236733818704 2.0439209307718387 2.045605127724974 2.0472893246781085 2.0489735216312437 2.0506577185843784 2.052341915537516 2.054026112490651 2.055710309443786 2.054349159479784 2.0497324648337236
-9999.0 -9999.0 -9999.0 -9999.0 -9999.0 -9999.0 -9999.0 -9999.0 -9999.0 -9999.0 2.0058616369272606 2.00461758497643 2.004781496352556 2.00645055233924 2.0081196083259214 2.009788664312603 2.0114577202992847 2.013126776285966 2.0147958322726476 2.016464888259329 2.0181339442460104 2.0198030002326917 2.0214720562193733 2.0231411122060545 2.024810168192736 2.0264792241794174 2.0281482801661017 2.0298173361527834 2.0314863921394646 2.0331554481261462 2.0348245041128274 2.036493560099509 2.0381626160861908 2.039831672072872 2.0415007280595536 2.043169784046235 2.0448388400329165 2.0465078960195977 2.0481769520062794 2.0498460079929637 2.051515063979645 2.0531841199663265 2.051854742743966 2.047319972653794
-9999.0 -9999.0 -9999.0 -9999.0 -9999.0 -9999.0 -9999.0 -9999.0 -9999.0 -9999.0 -9999.0 2.0025535003689785 2.0026943949022464 2.0043483099224773 2.0060022249427054 2.007656139962933 2.0093100549831613 2.0109639700033894 2.012617885023617 2.0142718000438453 2.015925715064073 2.017579630084301 2.0192335451045293 2.020887460124757 2.022541375144985 2.024195290165213 2.0258492051854438 2.027503120205672 2.0291570352259 2.030810950246128 2.032464865266356 2.0341187802865837 2.035772695306812 2.03742661032704 2.0390805253472677 2.040734440367496 2.0423883553877236 2.0440422704079517 2.04569618542818 2.0473501004484107 2.0490040154686384 2.0506579304888666 2.0493603260081477 2.044907480473864
-9999.0 -9999.0 -9999.0 -9999.0 -9999.0 -9999.0 -9999.0 -9999.0 -9999.0 -9999.0 -9999.0 2.000489415761527 2.0006072934519374 2.0022460675057148 2.003884841559489 2.0055236156132636 2.0071623896670383 2.0088011637208125 2.010439937774587 2.012078711828362 2.013717485882136 2.0153562599359107 2.0169950339896854 2.01863380804346 2.0202725820972343 2.021911356151009 2.0235501302047862 2.025188904258561 2.026827678312335 2.02846645236611 2.0301052264198844 2.031744000473659 2.0333827745274333 2.035021548581208 2.0366603226349826 2.038299096688757 2.0399378707425315 2.041576644796306 2.043215418850081 2.044854192903858 2.0464929669576324 2.048131741011407 2.04686590927233 2.0424949882939347
-9999.0 -9999.0 -9999.0 -9999.0 -9999.0 -9999.0 -9999.0 -9999.0 -9999.0 -9999.0 -9999.0 1.9984253311540754 1.998520192001628 2.000143825088952 2.001767458176273 2.0033910912635937 2.005014724350915 2.006638357438236 2.008261990525557 2.0098856236128784 2.0115092567001995 2.0131328897875203 2.0147565228748414 2.0163801559621626 2.0180037890494837 2.019627422136805 2.0212510552241287 2.0228746883114495 2.0244983213987706 2.026121954486092 2.027745587573413 2.029369220660734 2.030992853748055 2.032616486835376 2.034240119922697 2.0358637530100183 2.0374873860973395 2.03911101918466 2.0407346522719814 2.042358285359305 2.0439819184466264 2.0456055515339475 2.044371492536512 2.040082496114005
-9999.0 -9999.0 -9999.0 -9999.0 -9999.0 -9999.0 -9999.0 -9999.0 -9999.0 -9999.0 -9999.0 -9999.0 1.9964330905513168 1.9980415826721871 1.9996500747930548 2.0012585669139225 2.00286705903479 2.0044755511556573 2.006084043276525 2.0076925353973927 2.0093010275182603 2.010909519639128 2.0125180117599957 2.0141265038808633 2.0157349960017306 2.0173434881225982 2.0189519802434686 2.0205604723643362 2.022168964485204 2.0237774566060716 2.0253859487269392 2.0269944408478064 2.028602932968674 2.0302114250895418 2.0318199172104094 2.033428409331277 2.0350369014521448 2.0366453935730124 2.0382538856938797 2.03986237781475 2.0414708699356177 2.0430793620564853 2.0418770758006914 2.037670003934073
