Figures/CREST_Example_wjb_NSE/PETs/wjb.pet.20090914.asc
ncols            288
nrows            254
xllcorner        113.274861
yllcorner        31.4918055
cellsize         0.008333333333
NODATA_value     -9999
[rows 100 to 119 of 254, columns 44 to 87 of 288]
1.6486844936755924 1.6426284275954095 1.6365723615152268 1.630516295435044 1.6244602293548611 1.6184041632746784 1.6123480971944957 1.6062920311143127 1.6002359650341198 1.5941798989539369 1.5881238328737541 1.5820677667935714 1.5760117007133885 1.5699556346332058 1.563899568553023 1.55784350247284 1.5517874363926574 1.5457313703124747 1.5396753042322917 1.533619238152109 1.5275631720719263 1.521507105991733 1.5154510399115504 1.5093949738313674 1.5033389077511847 1.497282841671002 1.491226775590819 1.4851707095106363 1.479650931954878 1.4747044589550993 1.4697579859553205 1.4648115129555415 1.4598650399557627 1.4549185669559839 1.4499720939561966 1.4450256209564176 1.4400791479566388 1.43513267495686 1.4301862019570812 1.4252397289573022 1.4202932559575234 1.4153467829577446 1.4104003099579656 1.4054538369581868
1.6559224184166945 1.6498018500167886 1.6436812816168827 1.637560713216977 1.631440144817071 1.625319576417165 1.6191990080172591 1.6130784396173534 1.606957871217437 1.6008373028175311 1.5947167344176252 1.5885961660177192 1.5824755976178135 1.5763550292179076 1.5702344608180017 1.5641138924180957 1.55799332401819 1.551872755618284 1.5457521872183781 1.5396316188184722 1.5335110504185665 1.5273904820186501 1.5212699136187442 1.5151493452188383 1.5090287768189325 1.5029082084190266 1.4967876400191207 1.4906670716192147 1.485047688979182 1.4799640852462879 1.4748804815133938 1.4697968777804995 1.4647132740476054 1.4596296703147114 1.4545460665818084 1.4494624628489143 1.4443788591160203 1.4392952553831262 1.434211651650232 1.4291280479173378 1.4240444441844438 1.4189608404515497 1.4138772367186554 1.4087936329857613
1.6631603431577966 1.6569752724381677 1.6507902017185387 1.6446051309989096 1.6384200602792807 1.6322349895596517 1.6260499188400228 1.6198648481203939 1.6136797774007543 1.6074947066811254 1.6013096359614964 1.5951245652418673 1.5889394945222384 1.5827544238026094 1.5765693530829805 1.5703842823633516 1.5641992116437224 1.5580141409240935 1.5518290702044646 1.5456439994848357 1.5394589287652067 1.5332738580455672 1.5270887873259382 1.520903716606309 1.5147186458866801 1.5085335751670512 1.5023485044474223 1.4961634337277934 1.4904444460034858 1.4852237115374765 1.480002977071467 1.4747822426054575 1.4695615081394482 1.4643407736734388 1.4591200392074204 1.453899304741411 1.4486785702754017 1.4434578358093924 1.4382371013433828 1.4330163668773734 1.427795632411364 1.4225748979453545 1.4173541634793452 1.4121334290133358
1.6703982678988987 1.6641486948595468 1.6578991218201946 1.6516495487808425 1.6453999757414906 1.6391504027021384 1.6329008296627863 1.6266512566234343 1.6204016835840716 1.6141521105447194 1.6079025375053675 1.6016529644660153 1.5954033914266634 1.5891538183873113 1.5829042453479591 1.5766546723086072 1.570405099269255 1.564155526229903 1.557905953190551 1.5516563801511989 1.5454068071118467 1.5391572340724842 1.532907661033132 1.52665808799378 1.520408514954428 1.5141589419150758 1.507909368875724 1.5016597958363718 1.4958412030277897 1.490483337828665 1.4851254726295404 1.4797676074304156 1.474409742231291 1.4690518770321663 1.4636940118330324 1.4583361466339078 1.4529782814347831 1.4476204162356583 1.4422625510365337 1.436904685837409 1.4315468206382842 1.4261889554391596 1.420831090240035 1.4154732250409103
1.6776361926400007 1.6713221172809256 1.6650080419218503 1.6586939665627751 1.6523798912037 1.6460658158446249 1.6397517404855497 1.6334376651264746 1.6271235897673888 1.6208095144083137 1.6144954390492385 1.6081813636901634 1.6018672883310883 1.595553212972013 1.5892391376129378 1.5829250622538626 1.5766109868947875 1.5702969115357124 1.5639828361766372 1.5576687608175621 1.551354685458487 1.545040610099401 1.5387265347403258 1.5324124593812507 1.5260983840221756 1.5197843086631004 1.5134702333040253 1.5071561579449502 1.5012379600520935 1.4957429641198536 1.4902479681876137 1.4847529722553736 1.4792579763231337 1.4737629803908938 1.4682679844586444 1.4627729885264045 1.4572779925941646 1.4517829966619245 1.4462880007296846 1.4407930047974447 1.4352980088652045 1.4298030129329646 1.4243080170007247 1.4188130210684846
1.684874117381109 1.6784955397023107 1.6721169620235126 1.6657383843447142 1.6593598066659159 1.6529812289871175 1.6466026513083194 1.640224073629521 1.6338454959507118 1.6274669182719135 1.6210883405931154 1.614709762914317 1.6083311852355187 1.6019526075567203 1.5955740298779222 1.5891954521991238 1.5828168745203255 1.5764382968415271 1.570059719162729 1.5636811414839307 1.5573025638051323 1.550923986126323 1.544545408447525 1.5381668307687266 1.5317882530899283 1.52540967541113 1.5190310977323316 1.5126525200535335 1.506634717076402 1.5010025904110467 1.4953704637456913 1.489738337080336 1.4841062104149807 1.4784740837496253 1.4728419570842604 1.467209830418905 1.4615777037535496 1.4559455770881942 1.450313450422839 1.4446813237574836 1.4390491970921282 1.4334170704267728 1.4277849437614174 1.422152817096062
1.6921120421222113 1.6856689621236898 1.6792258821251684 1.672782802126647 1.6663397221281258 1.6598966421296044 1.6534535621310829 1.6470104821325615 1.6405674021340293 1.634124322135508 1.6276812421369864 1.621238162138465 1.6147950821399437 1.6083520021414224 1.601908922142901 1.5954658421443795 1.5890227621458581 1.5825796821473368 1.5761366021488155 1.5696935221502941 1.5632504421517728 1.5568073621532403 1.550364282154719 1.5439212021561977 1.537478122157676 1.5310350421591548 1.5245919621606334 1.518148882162112 1.5120314741007062 1.5062622167022355 1.5004929593037648 1.4947237019052944 1.4889544445068237 1.483185187108353 1.4774159297098726 1.471646672311402 1.4658774149129312 1.4601081575144605 1.4543389001159899 1.4485696427175192 1.4428003853190485 1.4370311279205779 1.4312618705221074 1.4254926131236367
1.6993499668633132 1.6928423845450686 1.6863348022268243 1.6798272199085797 1.6733196375903354 1.6668120552720909 1.6603044729538463 1.653796890635602 1.6472893083173463 1.640781725999102 1.6342741436808574 1.627766561362613 1.6212589790443686 1.614751396726124 1.6082438144078797 1.6017362320896351 1.5952286497713908 1.5887210674531462 1.5822134851349017 1.5757059028166573 1.5691983204984128 1.5626907381801574 1.5561831558619128 1.5496755735436682 1.543167991225424 1.5366604089071794 1.530152826588935 1.5236452442706905 1.51742823112501 1.511521842993424 1.5056154548618381 1.4997090667302524 1.4938026785986664 1.4878962904670805 1.4819899023354846 1.4760835142038986 1.4701771260723127 1.4642707379407267 1.4583643498091408 1.4524579616775548 1.4465515735459689 1.440645185414383 1.434738797282797 1.428832409151211
1.7065878916044153 1.7000158069664477 1.6934437223284802 1.6868716376905126 1.680299553052545 1.6737274684145775 1.66715538377661 1.6605832991386424 1.6540112145006636 1.647439129862696 1.6408670452247285 1.634294960586761 1.6277228759487934 1.6211507913108258 1.6145787066728583 1.6080066220348908 1.6014345373969232 1.5948624527589557 1.5882903681209881 1.5817182834830206 1.575146198845053 1.5685741142070744 1.5620020295691068 1.5554299449311393 1.5488578602931717 1.5422857756552042 1.5357136910172366 1.529141606379269 1.5228249881493139 1.5167814692846127 1.5107379504199114 1.5046944315552104 1.4986509126905092 1.492607393825808 1.4865638749610963 1.4805203560963953 1.474476837231694 1.4684333183669929 1.4623897995022916 1.4563462806375904 1.4503027617728892 1.444259242908188 1.4382157240434867 1.4321722051787855
1.7138258163455173 1.7071892293878268 1.700552642430136 1.6939160554724455 1.6872794685147547 1.6806428815570642 1.6740062945993737 1.667369707641683 1.660733120683981 1.6540965337262903 1.6474599467685997 1.640823359810909 1.6341867728532185 1.6275501858955277 1.6209135989378372 1.6142770119801464 1.6076404250224559 1.601003838064765 1.5943672511070746 1.587730664149384 1.5810940771916933 1.5744574902339914 1.5678209032763006 1.56118431631861 1.5545477293609193 1.5479111424032288 1.541274555445538 1.5346379684878475 1.5282217451736178 1.5220410955758015 1.515860445977985 1.5096797963801685 1.503499146782352 1.4973184971845355 1.4911378475867085 1.484957197988892 1.4787765483910755 1.472595898793259 1.4664152491954425 1.460234599597626 1.4540539499998095 1.447873300401993 1.4416926508041765 1.43551200120636
1.7210637410866196 1.7143626518092059 1.7076615625317921 1.7009604732543784 1.6942593839769646 1.6875582946995509 1.6808572054221371 1.6741561161447234 1.6674550268672983 1.6607539375898845 1.6540528483124708 1.647351759035057 1.6406506697576433 1.6339495804802295 1.6272484912028158 1.620547401925402 1.6138463126479885 1.6071452233705747 1.600444134093161 1.5937430448157472 1.5870419555383335 1.5803408662609084 1.5736397769834947 1.566938687706081 1.5602375984286672 1.5535365091512534 1.5468354198738397 1.540134330596426 1.5336185021979216 1.52730072186699 1.5209829415360583 1.5146651612051265 1.5083473808741947 1.502029600543263 1.4957118202123203 1.4893940398813887 1.483076259550457 1.4767584792195252 1.4704406988885934 1.4641229185576616 1.4578051382267299 1.451487357895798 1.4451695775648663 1.4388517972339345
1.7283016658277277 1.721536074230591 1.714770482633454 1.708004891036317 1.7012392994391803 1.6944737078420433 1.6877081162449066 1.6809425246477696 1.6741769330506213 1.6674113414534844 1.6606457498563474 1.6538801582592106 1.6471145666620737 1.640348975064937 1.6335833834678 1.6268177918706632 1.6200522002735263 1.6132866086763893 1.6065210170792525 1.5997554254821156 1.5929898338849788 1.5862242422878303 1.5794586506906936 1.5726930590935566 1.5659274674964196 1.559161875899283 1.552396284302146 1.5456306927050092 1.5390152592222301 1.532560348158183 1.5261054370941358 1.5196505260300888 1.5131956149660415 1.5067407039019944 1.5002857928379363 1.493830881773889 1.487375970709842 1.480921059645795 1.4744661485817476 1.4680112375177006 1.4615563264536533 1.4551014153896062 1.448646504325559 1.442191593261512
1.7355395905688298 1.7287094966519698 1.7218794027351099 1.71504930881825 1.70821921490139 1.70138912098453 1.69455902706767 1.68772893315081 1.6808988392339386 1.6740687453170786 1.6672386514002187 1.6604085574833587 1.6535784635664987 1.6467483696496388 1.6399182757327788 1.6330881818159189 1.626258087899059 1.619427993982199 1.612597900065339 1.6057678061484788 1.5989377122316188 1.5921076183147473 1.5852775243978874 1.5784474304810274 1.5716173365641675 1.5647872426473075 1.5579571487304475 1.5511270548135876 1.544412016246534 1.5378199744493717 1.5312279326522091 1.5246358908550468 1.5180438490578843 1.511451807260722 1.5048597654635483 1.4982677236663857 1.4916756818692234 1.4850836400720608 1.4784915982748985 1.471899556477736 1.4653075146805736 1.458715472883411 1.4521234310862488 1.4455313892890862
1.742777515309932 1.735882919073349 1.728988322836766 1.7220937266001828 1.7151991303635998 1.7083045341270167 1.7014099378904337 1.6945153416538505 1.6876207454172558 1.6807261491806729 1.6738315529440897 1.6669369567075067 1.6600423604709236 1.6531477642343406 1.6462531679977574 1.6393585717611745 1.6324639755245913 1.6255693792880084 1.6186747830514252 1.6117801868148423 1.604885590578259 1.5979909943416644 1.5910963981050812 1.5842018018684982 1.5773072056319153 1.5704126093953321 1.5635180131587492 1.556623416922166 1.5498087732708379 1.5430796007405603 1.5363504282102824 1.5296212556800048 1.522892083149727 1.5161629106194494 1.5094337380891603 1.5027045655588824 1.4959753930286048 1.489246220498327 1.4825170479680494 1.4757878754377716 1.469058702907494 1.4623295303772161 1.4556003578469385 1.4488711853166607
1.7500154400510342 1.743056341494728 1.7360972429384218 1.7291381443821157 1.7221790458258095 1.7152199472695036 1.7082608487131974 1.7013017501568912 1.6943426516005733 1.6873835530442671 1.680424454487961 1.6734653559316548 1.6665062573753486 1.6595471588190425 1.6525880602627363 1.6456289617064301 1.6386698631501242 1.631710764593818 1.6247516660375119 1.6177925674812057 1.6108334689248995 1.6038743703685816 1.5969152718122754 1.5899561732559693 1.582997074699663 1.576037976143357 1.5690788775870508 1.5621197790307448 1.555205530295142 1.548339227031749 1.541472923768356 1.534606620504963 1.52774031724157 1.5208740139781771 1.5140077107147725 1.5071414074513794 1.5002751041879865 1.4934088009245934 1.4865424976612005 1.4796761943978074 1.4728098911344145 1.4659435878710214 1.4590772846076285 1.4522109813442354
1.7572533647921362 1.750229763916107 1.743206163040078 1.7361825621640485 1.7291589612880194 1.7221353604119902 1.7151117595359608 1.7080881586599317 1.7010645577838905 1.6940409569078612 1.687017356031832 1.6799937551558028 1.6729701542797737 1.6659465534037443 1.6589229525277152 1.651899351651686 1.6448757507756566 1.6378521498996275 1.6308285490235983 1.623804948147569 1.6167813472715398 1.6097577463954986 1.6027341455194692 1.59571054464344 1.588686943767411 1.5816633428913818 1.5746397420153524 1.5676161411393232 1.5606022873194458 1.5535988533229377 1.5465954193264293 1.5395919853299211 1.5325885513334128 1.5255851173369046 1.5185816833403845 1.511578249343876 1.5045748153473677 1.4975713813508595 1.4905679473543512 1.483564513357843 1.4765610793613346 1.4695576453648265 1.462554211368318 1.45555077737181
1.7644912895332383 1.7574031863374862 1.7503150831417338 1.7432269799459814 1.736138876750229 1.729050773554477 1.7219626703587245 1.7148745671629722 1.7077864639672078 1.7006983607714554 1.693610257575703 1.686522154379951 1.6794340511841985 1.6723459479884462 1.6652578447926938 1.6581697415969416 1.6510816384011893 1.643993535205437 1.6369054320096845 1.6298173288139324 1.62272922561818 1.6156411224224156 1.6085530192266633 1.601464916030911 1.5943768128351585 1.5872887096394064 1.580200606443654 1.5731125032479016 1.56599904434375 1.5588584796141263 1.5517179148845026 1.5445773501548792 1.5374367854252555 1.530296220695632 1.5231556559659962 1.5160150912363728 1.5088745265067491 1.5017339617771257 1.494593397047502 1.4874528323178786 1.480312267588255 1.4731717028586315 1.4660311381290079 1.4588905733993844
1.7717292142743406 1.7645766087588652 1.7574240032433897 1.7502713977279143 1.743118792212439 1.7359661866969636 1.728813581181488 1.7216609756660126 1.714508370150525 1.7073557646350497 1.7002031591195743 1.693050553604099 1.6858979480886234 1.678745342573148 1.6715927370576726 1.6644401315421973 1.657287526026722 1.6501349205112463 1.642982314995771 1.6358297094802956 1.6286771039648202 1.6215244984493327 1.6143718929338573 1.6072192874183817 1.6000666819029064 1.592914076387431 1.5857614708719556 1.5786088653564803 1.5713958013680538 1.5641181059053149 1.5568404104425762 1.5495627149798372 1.5422850195170983 1.5350073240543596 1.5277296285916082 1.5204519331288695 1.5131742376661306 1.5058965422033919 1.498618846740653 1.4913411512779142 1.4840634558151753 1.4767857603524364 1.4695080648896977 1.4622303694269587
1.770652226718244 1.7634858431012645 1.756319459484285 1.7491530758673055 1.741986692250326 1.7348203086333465 1.727653925016367 1.7204875413993874 1.7133211577823957 1.7061547741654162 1.6989883905484366 1.6918220069314571 1.6846556233144776 1.6774892396974983 1.6703228560805186 1.6631564724635393 1.6559900888465595 1.6488237052295802 1.6416573216126007 1.6344909379956212 1.6273245543786417 1.62015817076165 1.6129917871446704 1.6058254035276909 1.5986590199107114 1.5914926362937318 1.5843262526767523 1.5771598690597728 1.5699370980903142 1.5626540477663597 1.5553709974424053 1.5480879471184508 1.5408048967944965 1.533521846470542 1.526238796146575 1.5189557458226206 1.5116726954986661 1.5043896451747119 1.4971065948507574 1.4898235445268029 1.4825404942028484 1.4752574438788941 1.4679743935549396 1.4606913432309852
1.7606871221143132 1.7535611813872936 1.746435240660274 1.7393092999332542 1.7321833592062348 1.7250574184792151 1.7179314777521955 1.7108055370251758 1.7036795962981441 1.6965536555711245 1.6894277148441048 1.6823017741170854 1.6751758333900657 1.668049892663046 1.6609239519360264 1.653798011209007 1.6466720704819873 1.6395461297549676 1.632420189027948 1.6252942483009285 1.6181683075739088 1.611042366846877 1.6039164261198575 1.5967904853928379 1.5896645446658182 1.5825386039387985 1.575412663211779 1.5682867224847594 1.5611503399391795 1.5540027948535104 1.5468552497678414 1.539707704682172 1.532560159596503 1.525412614510834 1.5182650694251527 1.5111175243394837 1.5039699792538144 1.4968224341681453 1.4896748890824763 1.4825273439968072 1.4753797989111381 1.4682322538254688 1.4610847087397998 1.4539371636541307
