Figures/CREST_Example_wjb_NSE/PETs/wjb.pet.20090125.asc
ncols            288
nrows            254
xllcorner        113.274861
yllcorner        31.4918055
cellsize         0.008333333333
NODATA_value     -9999
[rows 209 to 227 of 254, columns 132 to 175 of 288]
0.8881249159943537 0.888533598495431 0.8889422809965084 0.8893509634975857 0.8897596459986631 0.8901683284997405 0.8905770110008178 0.8909856935018952 0.8913943760029724 0.8918030585040498 0.8922117410051271 0.8926204235062052 0.8930291060072826 0.8934377885083599 0.8938464710094373 0.8942551535105147 0.8946638360115919 0.8950725185126693 0.8954812010137466 0.895889883514824 0.8962985660159013 0.8967072485169787 0.8971159310180561 0.8975246135191334 0.8979332960202114 0.8983419785212888 0.8987506610223661 0.8991593435234435 0.8995680260245208 0.8999767085255982 0.9000857946830754 0.8998746055719348 0.8996634164607942 0.8994522273496536 0.899241038238513 0.8990298491273723 0.8988186600162317 0.8986074709050907 0.8983962817939501 0.8981850926828094 0.8979739035716688 0.8977627144605282 0.8975515253493876 0.897340336238247
0.8899915317531076 0.8904038606664109 0.8908161895797141 0.8912285184930174 0.8916408474063207 0.8920531763196239 0.8924655052329272 0.8928778341462305 0.8932901630595338 0.893702491972837 0.8941148208861402 0.8945271497994443 0.8949394787127475 0.8953518076260508 0.895764136539354 0.8961764654526573 0.8965887943659606 0.8970011232792638 0.8974134521925671 0.8978257811058704 0.8982381100191736 0.8986504389324769 0.8990627678457802 0.8994750967590834 0.8998874256723874 0.9002997545856907 0.900712083498994 0.9011244124122972 0.9015367413256005 0.9019490702389038 0.9020539681446107 0.9018302153486564 0.9016064625527019 0.9013827097567476 0.9011589569607932 0.9009352041648389 0.9007114513688845 0.9004876985729298 0.9002639457769753 0.900040192981021 0.8998164401850666 0.8995926873891122 0.8993689345931578 0.8991451817972035
0.8918581475118608 0.8922741228373899 0.8926900981629191 0.8931060734884483 0.8935220488139775 0.8939380241395066 0.8943539994650358 0.8947699747905651 0.8951859501160943 0.8956019254416234 0.8960179007671526 0.8964338760926824 0.8968498514182117 0.8972658267437409 0.8976818020692701 0.8980977773947992 0.8985137527203284 0.8989297280458576 0.8993457033713868 0.899761678696916 0.9001776540224452 0.9005936293479744 0.9010096046735036 0.9014255799990327 0.9018415553245627 0.9022575306500918 0.902673505975621 0.9030894813011502 0.9035054566266794 0.9039214319522085 0.9040221416061454 0.9037858251253772 0.903549508644609 0.9033131921638409 0.9030768756830728 0.9028405592023047 0.9026042427215365 0.902367926240768 0.9021316097599998 0.9018952932792317 0.9016589767984635 0.9014226603176955 0.9011863438369273 0.9009500273561591
0.8937247632706139 0.8941443850083689 0.894564006746124 0.8949836284838791 0.8954032502216343 0.8958228719593894 0.8962424936971445 0.8966621154348996 0.8970817371726547 0.8975013589104098 0.897920980648165 0.8983406023859207 0.8987602241236758 0.899179845861431 0.8995994675991861 0.9000190893369412 0.9004387110746963 0.9008583328124514 0.9012779545502065 0.9016975762879615 0.9021171980257167 0.9025368197634718 0.9029564415012269 0.903376063238982 0.9037956849767378 0.9042153067144929 0.904634928452248 0.9050545501900031 0.9054741719277583 0.9058937936655134 0.9059903150676799 0.905741434902098 0.9054925547365161 0.9052436745709342 0.9049947944053524 0.9047459142397705 0.9044970340741886 0.9042481539086062 0.9039992737430244 0.9037503935774425 0.9035015134118606 0.9032526332462787 0.9030037530806968 0.9027548729151149
0.8955913790293678 0.8960146471793489 0.8964379153293299 0.8968611834793109 0.8972844516292919 0.897707719779273 0.8981309879292539 0.898554256079235 0.8989775242292161 0.899400792379197 0.8998240605291781 0.9002473286791598 0.9006705968291409 0.9010938649791219 0.9015171331291029 0.9019404012790839 0.902363669429065 0.9027869375790459 0.903210205729027 0.903633473879008 0.904056742028989 0.9044800101789701 0.9049032783289511 0.9053265464789321 0.9057498146289138 0.9061730827788949 0.9065963509288759 0.9070196190788569 0.9074428872288379 0.907866155378819 0.9079584885292152 0.9076970446788195 0.9074356008284239 0.9071741569780283 0.9069127131276326 0.9066512692772369 0.9063898254268413 0.9061283815764453 0.9058669377260495 0.9056054938756539 0.9053440500252583 0.9050826061748626 0.904821162324467 0.9045597184740714
0.8974579947881209 0.8978849093503279 0.8983118239125348 0.8987387384747418 0.8991656530369487 0.8995925675991557 0.9000194821613626 0.9004463967235696 0.9008733112857765 0.9013002258479834 0.9017271404101904 0.9021540549723981 0.902580969534605 0.903007884096812 0.9034347986590189 0.9038617132212259 0.9042886277834328 0.9047155423456398 0.9051424569078467 0.9055693714700536 0.9059962860322606 0.9064232005944675 0.9068501151566745 0.9072770297188814 0.907703944281089 0.908130858843296 0.9085577734055029 0.9089846879677099 0.9094116025299168 0.9098385170921237 0.9099266619907498 0.9096526544555403 0.909378646920331 0.9091046393851215 0.9088306318499122 0.9085566243147027 0.9082826167794933 0.9080086092442835 0.907734601709074 0.9074605941738647 0.9071865866386553 0.9069125791034458 0.9066385715682365 0.906364564033027
0.8993246105468741 0.899755171521307 0.9001857324957399 0.9006162934701727 0.9010468544446055 0.9014774154190384 0.9019079763934713 0.9023385373679041 0.902769098342337 0.9031996593167698 0.9036302202912028 0.9040607812656363 0.9044913422400692 0.904921903214502 0.9053524641889349 0.9057830251633677 0.9062135861378007 0.9066441471122335 0.9070747080866663 0.9075052690610992 0.9079358300355321 0.908366391009965 0.9087969519843978 0.9092275129588306 0.9096580739332643 0.9100886349076971 0.91051919588213 0.9109497568565629 0.9113803178309957 0.9118108788054285 0.9118948354522843 0.9116082642322612 0.911321693012238 0.9110351217922148 0.9107485505721917 0.9104619793521685 0.9101754081321454 0.9098888369121217 0.9096022656920986 0.9093156944720754 0.9090291232520522 0.908742552032029 0.908455980812006 0.9081694095919828
0.9011912263056272 0.901625433692286 0.9020596410789448 0.9024938484656035 0.9029280558522623 0.9033622632389211 0.9037964706255799 0.9042306780122387 0.9046648853988974 0.9050990927855562 0.905533300172215 0.9059675075588746 0.9064017149455333 0.9068359223321921 0.9072701297188509 0.9077043371055097 0.9081385444921685 0.9085727518788272 0.9090069592654859 0.9094411666521447 0.9098753740388035 0.9103095814254623 0.910743788812121 0.9111779961987798 0.9116122035854394 0.9120464109720982 0.9124806183587569 0.9129148257454157 0.9133490331320745 0.9137832405187333 0.9138630089138188 0.9135638740089819 0.913264739104145 0.9129656041993081 0.9126664692944711 0.9123673343896342 0.9120681994847972 0.9117690645799599 0.911469929675123 0.9111707947702861 0.9108716598654492 0.9105725249606123 0.9102733900557752 0.9099742551509383
0.9030578420643811 0.9034956958632658 0.9039335496621506 0.9043714034610353 0.9048092572599199 0.9052471110588046 0.9056849648576893 0.9061228186565741 0.9065606724554588 0.9069985262543434 0.9074363800532281 0.9078742338521136 0.9083120876509982 0.908749941449883 0.9091877952487677 0.9096256490476524 0.9100635028465371 0.9105013566454218 0.9109392104443065 0.9113770642431912 0.9118149180420759 0.9122527718409607 0.9126906256398453 0.91312847943873 0.9135663332376155 0.9140041870365001 0.9144420408353848 0.9148798946342696 0.9153177484331543 0.915755602232039 0.9158311823753542 0.9155194837857036 0.9152077851960528 0.9148960866064022 0.9145843880167515 0.9142726894271008 0.9139609908374502 0.9136492922477989 0.9133375936581483 0.9130258950684976 0.9127141964788469 0.9124024978891963 0.9120907992995455 0.9117791007098949
0.9049244578231344 0.905365958034245 0.9058074582453556 0.9062489584564662 0.9066904586675768 0.9071319588786875 0.907573459089798 0.9080149593009087 0.9084564595120193 0.9088979597231299 0.9093394599342405 0.9097809601453519 0.9102224603564625 0.9106639605675731 0.9111054607786837 0.9115469609897944 0.911988461200905 0.9124299614120156 0.9128714616231263 0.9133129618342368 0.9137544620453475 0.914195962256458 0.9146374624675687 0.9150789626786793 0.9155204628897907 0.9159619631009013 0.916403463312012 0.9168449635231225 0.9172864637342332 0.9177279639453437 0.9177993558368888 0.9174750935624243 0.9171508312879599 0.9168265690134955 0.916502306739031 0.9161780444645666 0.9158537821901022 0.9155295199156371 0.9152052576411728 0.9148809953667083 0.914556733092244 0.9142324708177795 0.913908208543315 0.9135839462688506
0.9067910735818875 0.907236220205224 0.9076813668285606 0.9081265134518971 0.9085716600752336 0.9090168066985701 0.9094619533219067 0.9099070999452432 0.9103522465685797 0.9107973931919163 0.9112425398152528 0.9116876864385901 0.9121328330619266 0.9125779796852632 0.9130231263085997 0.9134682729319362 0.9139134195552727 0.9143585661786093 0.9148037128019458 0.9152488594252823 0.915694006048619 0.9161391526719554 0.916584299295292 0.9170294459186286 0.9174745925419658 0.9179197391653023 0.9183648857886388 0.9188100324119755 0.919255179035312 0.9197003256586485 0.9197675292984232 0.919430703339145 0.9190938773798668 0.9187570514205886 0.9184202254613105 0.9180833995020323 0.9177465735427541 0.9174097475834754 0.9170729216241972 0.916736095664919 0.9163992697056408 0.9160624437463626 0.9157256177870844 0.9153887918278063
0.9086576893406414 0.9091064823762038 0.9095552754117663 0.9100040684473287 0.9104528614828912 0.9109016545184536 0.9113504475540162 0.9117992405895786 0.9122480336251411 0.9126968266607035 0.913145619696266 0.9135944127318292 0.9140432057673916 0.9144919988029541 0.9149407918385165 0.915389584874079 0.9158383779096415 0.916287170945204 0.9167359639807664 0.9171847570163288 0.9176335500518913 0.9180823430874537 0.9185311361230162 0.9189799291585786 0.9194287221941418 0.9198775152297043 0.9203263082652667 0.9207751013008293 0.9212238943363917 0.9216726873719542 0.9217357027599586 0.9213863131158667 0.9210369234717748 0.9206875338276829 0.9203381441835908 0.9199887545394989 0.919639364895407 0.9192899752513144 0.9189405856072225 0.9185911959631305 0.9182418063190386 0.9178924166749467 0.9175430270308547 0.9171936373867627
0.9105243050993945 0.9109767445471829 0.9114291839949713 0.9118816234427597 0.912334062890548 0.9127865023383364 0.9132389417861247 0.9136913812339131 0.9141438206817015 0.9145962601294899 0.9150486995772783 0.9155011390250675 0.9159535784728557 0.9164060179206441 0.9168584573684325 0.9173108968162209 0.9177633362640093 0.9182157757117977 0.9186682151595861 0.9191206546073745 0.9195730940551629 0.9200255335029511 0.9204779729507395 0.9209304123985279 0.9213828518463171 0.9218352912941055 0.9222877307418939 0.9227401701896822 0.9231926096374706 0.923645049085259 0.9237038762214932 0.9233419228925875 0.9229799695636818 0.9226180162347761 0.9222560629058704 0.9218941095769647 0.921532156248059 0.9211702029191526 0.920808249590247 0.9204462962613413 0.9200843429324356 0.9197223896035299 0.9193604362746242 0.9189984829457185
0.9123909208581477 0.9128470067181619 0.9133030925781762 0.9137591784381905 0.9142152642982048 0.9146713501582191 0.9151274360182334 0.9155835218782477 0.916039607738262 0.9164956935982762 0.9169517794582905 0.9174078653183056 0.9178639511783199 0.9183200370383342 0.9187761228983485 0.9192322087583628 0.9196882946183771 0.9201443804783914 0.9206004663384056 0.92105655219842 0.9215126380584343 0.9219687239184485 0.9224248097784629 0.9228808956384771 0.9233369814984922 0.9237930673585065 0.9242491532185207 0.9247052390785351 0.9251613249385494 0.9256174107985636 0.9256720496830276 0.9252975326693083 0.9249230156555888 0.9245484986418693 0.9241739816281499 0.9237994646144304 0.9234249476007109 0.9230504305869909 0.9226759135732714 0.9223013965595519 0.9219268795458325 0.921552362532113 0.9211778455183935 0.9208033285046742
0.9142575366169017 0.9147172688891418 0.9151770011613821 0.9156367334336223 0.9160964657058625 0.9165561979781027 0.9170159302503429 0.9174756625225832 0.9179353947948233 0.9183951270670635 0.9188548593393038 0.9193145916115447 0.919774323883785 0.9202340561560252 0.9206937884282654 0.9211535207005056 0.9216132529727458 0.922072985244986 0.9225327175172262 0.9229924497894665 0.9234521820617067 0.9239119143339469 0.9243716466061871 0.9248313788784273 0.9252911111506683 0.9257508434229085 0.9262105756951488 0.9266703079673889 0.9271300402396292 0.9275897725118694 0.9276402231445631 0.9272531424460299 0.9268660617474966 0.9264789810489634 0.9260919003504302 0.925704819651897 0.9253177389533638 0.9249306582548299 0.9245435775562967 0.9241564968577635 0.9237694161592302 0.923382335460697 0.9229952547621638 0.9226081740636306
0.9161241523756548 0.9165875310601209 0.917050909744587 0.9175142884290531 0.9179776671135192 0.9184410457979855 0.9189044244824516 0.9193678031669177 0.9198311818513838 0.9202945605358499 0.9207579392203161 0.921221317904783 0.9216846965892491 0.9221480752737152 0.9226114539581814 0.9230748326426476 0.9235382113271137 0.9240015900115798 0.9244649686960459 0.9249283473805121 0.9253917260649782 0.9258551047494443 0.9263184834339104 0.9267818621183765 0.9272452408028435 0.9277086194873096 0.9281719981717758 0.9286353768562419 0.929098755540708 0.9295621342251742 0.9296083966060976 0.9292087522227507 0.9288091078394037 0.9284094634560568 0.9280098190727097 0.9276101746893628 0.9272105303060159 0.9268108859226681 0.9264112415393212 0.9260115971559743 0.9256119527726273 0.9252123083892803 0.9248126640059333 0.9244130196225864
0.9179907681344079 0.9184577932310999 0.9189248183277919 0.919391843424484 0.919858868521176 0.9203258936178681 0.9207929187145601 0.9212599438112522 0.9217269689079443 0.9221939940046363 0.9226610191013284 0.9231280441980212 0.9235950692947132 0.9240620943914053 0.9245291194880974 0.9249961445847894 0.9254631696814815 0.9259301947781735 0.9263972198748656 0.9268642449715576 0.9273312700682497 0.9277982951649417 0.9282653202616338 0.9287323453583258 0.9291993704550187 0.9296663955517107 0.9301334206484028 0.9306004457450948 0.9310674708417868 0.9315344959384788 0.9315765700676322 0.9311643619994714 0.9307521539313106 0.9303399458631499 0.9299277377949892 0.9295155297268285 0.9291033216586677 0.9286911135905064 0.9282789055223456 0.9278666974541848 0.9274544893860242 0.9270422813178634 0.9266300732497027 0.9262178651815419
0.9198573838931617 0.9203280554020797 0.9207987269109977 0.9212693984199157 0.9217400699288337 0.9222107414377516 0.9226814129466696 0.9231520844555876 0.9236227559645056 0.9240934274734235 0.9245640989823415 0.9250347704912603 0.9255054420001783 0.9259761135090963 0.9264467850180141 0.9269174565269321 0.9273881280358501 0.9278587995447681 0.928329471053686 0.928800142562604 0.929270814071522 0.92974148558044 0.930212157089358 0.9306828285982759 0.9311535001071947 0.9316241716161127 0.9320948431250307 0.9325655146339487 0.9330361861428665 0.9335068576517845 0.9335447435291676 0.9331199717761931 0.9326952000232186 0.9322704282702441 0.9318456565172696 0.9314208847642951 0.9309961130113206 0.9305713412583454 0.9301465695053709 0.9297217977523964 0.929297025999422 0.9288722542464475 0.928447482493473 0.9280227107404985
0.9217239996519149 0.9221983175730588 0.9226726354942026 0.9231469534153466 0.9236212713364905 0.9240955892576344 0.9245699071787783 0.9250442250999221 0.9255185430210661 0.9259928609422099 0.9264671788633538 0.9269414967844986 0.9274158147056424 0.9278901326267863 0.9283644505479302 0.9288387684690741 0.9293130863902179 0.9297874043113619 0.9302617222325058 0.9307360401536496 0.9312103580747936 0.9316846759959374 0.9321589939170813 0.9326333118382252 0.9331076297593699 0.9335819476805138 0.9340562656016577 0.9345305835228016 0.9350049014439454 0.9354792193650894 0.9355129169907022 0.9350755815529139 0.9346382461151256 0.9342009106773373 0.9337635752395491 0.9333262398017609 0.9328889043639726 0.9324515689261836 0.9320142334883954 0.9315768980506072 0.9311395626128189 0.9307022271750307 0.9302648917372425 0.9298275562994541
