Figures/CREST_Example_wjb_NSE/PETs/wjb.pet.20101108.asc
ncols            288
nrows            254
xllcorner        113.274861
yllcorner        31.4918055
cellsize         0.008333333333
NODATA_value     -9999
[rows 60 to 79 of 254, columns 88 to 131 of 288]
1.120572519471436 1.1219164181184893 1.1232603167655424 1.1246042154125981 1.1259481140596515 1.1272920127067048 1.128635911353758 1.1299798100008114 1.1313237086478645 1.1326676072949178 1.134011505941971 1.1353554045890244 1.1366993032360777 1.138043201883131 1.1382023969425203 1.1370951170791301 1.135987837215738 1.1348805573523477 1.1337732774889573 1.132665997625567 1.1315587177621769 1.1304514378987864 1.1293441580353962 1.128236878172006 1.1271295983086156 1.1260223184452254 1.1249150385818352 1.1238077587184447 1.1227004788550545 1.1215931989916623 1.1204859191282721 1.119378639264882 1.1182713594014915 1.1171640795381013 1.116056799674711 1.1149495198113206 1.1138422399479304 1.1127349600845402 1.11162768022115 1.1105204003577596 1.1094131204943694 1.1083058406309791 1.107198560767587 1.1060912809041965
1.1211575288533973 1.1224385597167963 1.123719590580195 1.1250006214435961 1.126281652306995 1.127562683170394 1.1288437140337928 1.1301247448971916 1.1314057757605906 1.1326868066239895 1.1339678374873883 1.1352488683507873 1.1365298992141861 1.1378109300775852 1.1379500380679244 1.1368684046867197 1.1357867713055132 1.1347051379243083 1.1336235045431036 1.1325418711618989 1.1314602377806942 1.1303786043994895 1.1292969710182845 1.1282153376370798 1.1271337042558751 1.1260520708746704 1.1249704374934657 1.123888804112261 1.122807170731056 1.1217255373498496 1.1206439039686449 1.1195622705874402 1.1184806372062353 1.1173990038250305 1.1163173704438258 1.1152357370626211 1.1141541036814164 1.1130724703002117 1.1119908369190068 1.110909203537802 1.1098275701565974 1.1087459367753927 1.107664303394186 1.1065826700129813
1.1217425382353587 1.1229607013151033 1.1241788643948478 1.1253970274745944 1.126615190554339 1.1278333536340832 1.1290515167138278 1.1302696797935723 1.1314878428733166 1.1327060059530611 1.1339241690328057 1.13514233211255 1.1363604951922945 1.137578658272039 1.1376976791933286 1.1366416922943094 1.1355857053952882 1.134529718496269 1.1334737315972498 1.1324177446982306 1.1313617577992114 1.1303057709001922 1.129249784001173 1.1281937971021538 1.1271378102031346 1.1260818233041154 1.1250258364050962 1.123969849506077 1.1229138626070578 1.1218578757080369 1.1208018888090177 1.1197459019099985 1.1186899150109793 1.11763392811196 1.1165779412129408 1.1155219543139216 1.1144659674149024 1.1134099805158832 1.112353993616864 1.1112980067178448 1.1102420198188256 1.1091860329198064 1.1081300460207855 1.1070740591217663
1.1223275476173202 1.1234828429134103 1.1246381382095003 1.1257934335055924 1.1269487288016824 1.1281040240977724 1.1292593193938625 1.1304146146899527 1.1315699099860428 1.1327252052821328 1.1338805005782229 1.135035795874313 1.136191091170403 1.137346386466493 1.1374453203187327 1.136414979901899 1.1353846394850635 1.1343542990682298 1.1333239586513961 1.1322936182345624 1.131263277817729 1.1302329374008953 1.1292025969840616 1.1281722565672279 1.1271419161503942 1.1261115757335605 1.1250812353167268 1.124050894899893 1.1230205544830596 1.1219902140662241 1.1209598736493904 1.1199295332325567 1.118899192815723 1.1178688523988893 1.1168385119820556 1.115808171565222 1.1147778311483885 1.1137474907315548 1.112717150314721 1.1116868098978874 1.1106564694810537 1.10962612906422 1.1085957886473845 1.107565448230551
1.1229125569992817 1.1240049845117175 1.125097412024153 1.1261898395365906 1.1272822670490261 1.1283746945614619 1.1294671220738974 1.1305595495863332 1.1316519770987687 1.1327444046112045 1.13383683212364 1.1349292596360758 1.1360216871485114 1.137114114660947 1.1371929614441367 1.1361882675094885 1.1351835735748388 1.1341788796401906 1.1331741857055424 1.1321694917708944 1.1311647978362462 1.130160103901598 1.1291554099669499 1.1281507160323019 1.1271460220976537 1.1261413281630055 1.1251366342283573 1.1241319402937093 1.1231272463590611 1.1221225524244112 1.1211178584897632 1.120113164555115 1.1191084706204668 1.1181037766858186 1.1170990827511706 1.1160943888165225 1.1150896948818743 1.114085000947226 1.113080307012578 1.11207561307793 1.1110709191432817 1.1100662252086335 1.1090615312739838 1.1080568373393356
1.1234975663812432 1.1245271261100245 1.1255566858388057 1.1265862455675888 1.12761580529637 1.1286453650251513 1.1296749247539326 1.1307044844827137 1.131734044211495 1.1327636039402762 1.1337931636690575 1.1348227233978387 1.13585228312662 1.1368818428554013 1.136940602569541 1.1359615551170785 1.1349825076646143 1.1340034602121516 1.133024412759689 1.1320453653072264 1.1310663178547637 1.1300872704023013 1.1291082229498386 1.128129175497376 1.1271501280449134 1.1261710805924507 1.125192033139988 1.1242129856875256 1.123233938235063 1.1222548907825987 1.121275843330136 1.1202967958776735 1.1193177484252108 1.1183387009727483 1.1173596535202857 1.116380606067823 1.1154015586153605 1.1144225111628978 1.1134434637104353 1.1124644162579727 1.11148536880551 1.1105063213530475 1.1095272739005833 1.1085482264481206
1.1240825757632054 1.1250492677083321 1.126015959653459 1.1269826515985872 1.127949343543714 1.1289160354888408 1.1298827274339676 1.1308494193790943 1.131816111324221 1.1327828032693479 1.1337494952144747 1.1347161871596014 1.1356828791047282 1.136649571049855 1.136688243694945 1.1357348427246678 1.1347814417543893 1.1338280407841121 1.1328746398138352 1.131921238843558 1.130967837873281 1.130014436903004 1.1290610359327269 1.12810763496245 1.127154233992173 1.1262008330218958 1.1252474320516188 1.1242940310813416 1.1233406301110647 1.122387229140786 1.121433828170509 1.1204804272002318 1.1195270262299548 1.1185736252596779 1.1176202242894007 1.1166668233191237 1.1157134223488467 1.1147600213785696 1.1138066204082926 1.1128532194380154 1.1118998184677384 1.1109464174974615 1.1099930165271827 1.1090396155569058
1.1246675851451666 1.1255714093066391 1.1264752334681114 1.1273790576295852 1.1282828817910577 1.12918670595253 1.1300905301140025 1.1309943542754748 1.131898178436947 1.1328020025984196 1.1337058267598918 1.1346096509213643 1.1355134750828366 1.1364172992443091 1.136435884820349 1.1355081303322576 1.1345803758441644 1.133652621356073 1.1327248668679815 1.13179711237989 1.1308693578917985 1.1299416034037069 1.1290138489156154 1.128086094427524 1.1271583399394325 1.1262305854513408 1.1253028309632493 1.1243750764751579 1.1234473219870664 1.1225195674989732 1.1215918130108817 1.1206640585227903 1.1197363040346988 1.1188085495466074 1.1178807950585157 1.1169530405704242 1.1160252860823328 1.1150975315942413 1.1141697771061496 1.1132420226180582 1.1123142681299667 1.1113865136418752 1.110458759153782 1.1095310046656905
1.1252525945271281 1.1260935509049461 1.1269345072827641 1.1277754636605835 1.1286164200384015 1.1294573764162192 1.1302983327940372 1.1311392891718552 1.1319802455496732 1.1328212019274913 1.133662158305309 1.134503114683127 1.135344071060945 1.136185027438763 1.1361835259457531 1.1352814179398472 1.1343793099339397 1.1334772019280337 1.1325750939221277 1.1316729859162218 1.1307708779103158 1.1298687699044099 1.128966661898504 1.128064553892598 1.1271624458866918 1.1262603378807858 1.1253582298748799 1.124456121868974 1.123554013863068 1.1226519058571605 1.1217497978512545 1.1208476898453485 1.1199455818394426 1.1190434738335366 1.1181413658276307 1.1172392578217247 1.1163371498158186 1.1154350418099126 1.1145329338040066 1.1136308257981007 1.1127287177921947 1.1118266097862888 1.1109245017803813 1.1100223937744753
1.1258376039090896 1.126615692503253 1.1273937810974166 1.1281718696915815 1.1289499582857452 1.1297280468799087 1.1305061354740722 1.1312842240682357 1.1320623126623992 1.132840401256563 1.1336184898507264 1.13439657844489 1.1351746670390535 1.135952755633217 1.1359311670711574 1.135054705547437 1.134178244023715 1.1333017824999945 1.132425320976274 1.1315488594525536 1.1306723979288331 1.1297959364051127 1.1289194748813922 1.1280430133576718 1.1271665518339513 1.1262900903102309 1.1254136287865104 1.12453716726279 1.1236607057390695 1.1227842442153477 1.1219077826916273 1.1210313211679068 1.1201548596441864 1.119278398120466 1.1184019365967455 1.117525475073025 1.1166490135493046 1.1157725520255841 1.1148960905018637 1.1140196289781432 1.1131431674544228 1.1122667059307023 1.1113902444069805 1.11051378288326
1.126422613291051 1.12713783410156 1.1278530549120693 1.1285682757225797 1.1292834965330887 1.129998717343598 1.1307139381541071 1.1314291589646162 1.1321443797751254 1.1328596005856344 1.1335748213961436 1.1342900422066526 1.1350052630171619 1.135720483827671 1.1356788081965614 1.1348279931550265 1.1339771781134902 1.1331263630719552 1.1322755480304203 1.1314247329888854 1.1305739179473506 1.1297231029058157 1.1288722878642807 1.1280214728227458 1.1271706577812108 1.1263198427396761 1.1254690276981412 1.1246182126566062 1.1237673976150713 1.122916582573535 1.122065767532 1.121214952490465 1.1203641374489304 1.1195133224073954 1.1186625073658605 1.1178116923243255 1.1169608772827906 1.1161100622412559 1.115259247199721 1.114408432158186 1.113557617116651 1.112706802075116 1.1118559870335798 1.1110051719920448
1.1270076226730126 1.1276599756998673 1.128312328726722 1.128964681753578 1.1296170347804324 1.1302693878072871 1.1309217408341419 1.1315740938609966 1.1322264468878513 1.132878799914706 1.1335311529415608 1.1341835059684156 1.1348358589952703 1.135488212022125 1.1354264493219655 1.1346012807626162 1.1337761122032655 1.132950943643916 1.1321257750845666 1.1313006065252174 1.130475437965868 1.1296502694065185 1.1288251008471692 1.1279999322878198 1.1271747637284704 1.1263495951691211 1.1255244266097717 1.1246992580504223 1.123874089491073 1.1230489209317223 1.1222237523723728 1.1213985838130234 1.1205734152536742 1.1197482466943247 1.1189230781349753 1.118097909575626 1.1172727410162766 1.1164475724569272 1.115622403897578 1.1147972353382285 1.113972066778879 1.1131468982195298 1.112321729660179 1.1114965611008296
1.1275926320549745 1.1281821172981747 1.128771602541375 1.1293610877845761 1.1299505730277764 1.1305400582709768 1.131129543514177 1.1317190287573773 1.1323085140005775 1.1328979992437778 1.133487484486978 1.1340769697301782 1.1346664549733785 1.1352559402165787 1.1351740904473695 1.1343745683702056 1.1335750462930405 1.1327755242158766 1.1319760021387129 1.131176480061549 1.1303769579843852 1.1295774359072213 1.1287779138300575 1.1279783917528936 1.1271788696757299 1.1263793475985662 1.1255798255214022 1.1247803034442385 1.1239807813670746 1.1231812592899095 1.1223817372127456 1.1215822151355819 1.120782693058418 1.1199831709812542 1.1191836489040905 1.1183841268269266 1.1175846047497628 1.116785082672599 1.1159855605954352 1.1151860385182712 1.1143865164411075 1.1135869943639438 1.1127874722867785 1.1119879502096148
1.128177641436936 1.1287042588964817 1.1292308763560277 1.1297574938155743 1.1302841112751203 1.130810728734666 1.1313373461942118 1.1318639636537577 1.1323905811133035 1.1329171985728494 1.1334438160323952 1.1339704334919412 1.134497050951487 1.1350236684110329 1.1349217315727735 1.1341478559777953 1.1333739803828156 1.1326001047878373 1.1318262291928591 1.131052353597881 1.1302784780029025 1.1295046024079243 1.128730726812946 1.1279568512179676 1.1271829756229894 1.1264091000280112 1.125635224433033 1.1248613488380546 1.1240874732430763 1.1233135976480968 1.1225397220531186 1.1217658464581401 1.120991970863162 1.1202180952681837 1.1194442196732055 1.118670344078227 1.1178964684832489 1.1171225928882706 1.1163487172932924 1.115574841698314 1.1148009661033358 1.1140270905083576 1.113253214913378 1.1124793393183996
1.1287626508188973 1.1292264004947887 1.1296901501706802 1.1301538998465723 1.1306176495224638 1.1310813991983553 1.1315451488742467 1.1320088985501382 1.1324726482260297 1.1329363979019211 1.1334001475778124 1.1338638972537038 1.1343276469295953 1.1347913966054868 1.1346693726981776 1.1339211435853849 1.1331729144725908 1.1324246853597981 1.1316764562470054 1.1309282271342127 1.13017999802142 1.129431768908627 1.1286835397958344 1.1279353106830416 1.127187081570249 1.1264388524574562 1.1256906233446635 1.1249423942318708 1.1241941651190779 1.123445936006284 1.1226977068934911 1.1219494777806984 1.1212012486679057 1.120453019555113 1.1197047904423203 1.1189565613295276 1.1182083322167349 1.1174601031039422 1.1167118739911492 1.1159636448783565 1.1152154157655638 1.1144671866527711 1.113718957539977 1.1129707284271844
1.1293476602008587 1.129748542093096 1.130149423985333 1.1305503058775705 1.1309511877698075 1.1313520696620447 1.1317529515542817 1.1321538334465187 1.1325547153387556 1.1329555972309926 1.1333564791232298 1.1337573610154668 1.1341582429077037 1.1345591247999407 1.1344170138235816 1.1336944311929744 1.132971848562366 1.132249265931759 1.1315266833011517 1.1308041006705445 1.1300815180399373 1.12935893540933 1.1286363527787229 1.1279137701481157 1.1271911875175085 1.1264686048869013 1.125746022256294 1.1250234396256868 1.1243008569950796 1.1235782743644713 1.1228556917338641 1.122133109103257 1.1214105264726497 1.1206879438420425 1.1199653612114353 1.119242778580828 1.118520195950221 1.1177976133196137 1.1170750306890065 1.1163524480583993 1.115629865427792 1.1149072827971849 1.1141847001665766 1.1134621175359694
1.1299326695828202 1.130270683691403 1.1306086977999854 1.1309467119085688 1.1312847260171512 1.131622740125734 1.1319607542343164 1.132298768342899 1.1326367824514818 1.1329747965600643 1.133312810668647 1.1336508247772294 1.1339888388858121 1.1343268529943948 1.1341646549489859 1.1334677188005642 1.1327707826521414 1.1320738465037197 1.131376910355298 1.1306799742068763 1.1299830380584546 1.1292861019100329 1.1285891657616114 1.1278922296131897 1.127195293464768 1.1264983573163463 1.1258014211679246 1.1251044850195029 1.1244075488710814 1.1237106127226584 1.123013676574237 1.1223167404258152 1.1216198042773935 1.1209228681289718 1.12022593198055 1.1195289958321284 1.118832059683707 1.1181351235352852 1.1174381873868635 1.1167412512384418 1.1160443150900201 1.1153473789415984 1.1146504427931756 1.113953506644754
1.1305176789647817 1.13079282528971 1.1310679716146381 1.1313431179395668 1.131618264264495 1.1318934105894232 1.1321685569143514 1.1324437032392796 1.1327188495642078 1.132993995889136 1.1332691422140642 1.1335442885389924 1.1338194348639206 1.1340945811888488 1.13391229607439 1.1332410064081537 1.1325697167419164 1.1318984270756804 1.1312271374094442 1.130555847743208 1.129884558076972 1.1292132684107359 1.1285419787444997 1.1278706890782635 1.1271993994120275 1.1265281097457913 1.1258568200795551 1.1251855304133191 1.124514240747083 1.1238429510808456 1.1231716614146094 1.1225003717483735 1.1218290820821373 1.121157792415901 1.120486502749665 1.119815213083429 1.1191439234171927 1.1184726337509565 1.1178013440847205 1.1171300544184843 1.1164587647522481 1.1157874750860122 1.1151161854197749 1.1144448957535387
1.1311026883467432 1.131314966888017 1.1315272454292908 1.131739523970565 1.1319518025118387 1.1321640810531124 1.1323763595943863 1.13258863813566 1.1328009166769337 1.1330131952182076 1.1332254737594813 1.1334377523007553 1.133650030842029 1.1338623093833027 1.133659937199794 1.1330142940157435 1.1323686508316917 1.1317230076476412 1.1310773644635905 1.13043172127954 1.1297860780954894 1.129140434911439 1.1284947917273882 1.1278491485433375 1.127203505359287 1.1265578621752363 1.1259122189911859 1.1252665758071352 1.1246209326230847 1.123975289439033 1.1233296462549824 1.1226840030709317 1.1220383598868813 1.1213927167028306 1.1207470735187801 1.1201014303347294 1.1194557871506787 1.1188101439666283 1.1181645007825776 1.117518857598527 1.1168732144144764 1.116227571230426 1.1155819280463741 1.1149362848623237
1.1316876977287051 1.1318371084863244 1.1319865192439438 1.1321359300015632 1.1322853407591826 1.1324347515168018 1.1325841622744213 1.1327335730320407 1.13288298378966 1.1330323945472793 1.1331818053048985 1.133331216062518 1.1334806268201372 1.1336300375777566 1.133407578325198 1.1327875816233328 1.1321675849214667 1.1315475882196018 1.1309275915177368 1.1303075948158716 1.1296875981140067 1.1290676014121417 1.1284476047102765 1.1278276080084115 1.1272076113065466 1.1265876146046814 1.1259676179028164 1.1253476212009514 1.1247276244990863 1.1241076277972202 1.1234876310953552 1.1228676343934902 1.122247637691625 1.12162764098976 1.1210076442878951 1.1203876475860302 1.119767650884165 1.1191476541823 1.118527657480435 1.1179076607785698 1.1172876640767049 1.11666766737484 1.1160476706729738 1.1154276739711086
