Figures/CREST_Example_wjb_NSE/PETs/wjb.pet.20100201.asc
ncols            288
nrows            254
xllcorner        113.274861
yllcorner        31.4918055
cellsize         0.008333333333
NODATA_value     -9999
[rows 19 to 37 of 254, columns 0 to 43 of 288]
-9999.0 -9999.0 -9999.0 -9999.0 -9999.0 -9999.0 -9999.0 -9999.0 -9999.0 -9999.0 -9999.0 -9999.0 -9999.0 -9999.0 -9999.0 -9999.0 -9999.0 -9999.0 -9999.0 -9999.0 -9999.0 -9999.0 -9999.0 -9999.0 -9999.0 0.8193642871774003 0.8187730133691602 0.8181817395609211 0.8175904657526819 0.8169991919444428 0.8164079181362036 0.8158166443279645 0.8152253705197254 0.8146340967114862 0.8140428229032471 0.813451549095008 -9999.0 -9999.0 -9999.0 -9999.0 -9999.0 -9999.0 0.8095325823196239 0.8093963897889139
-9999.0 -9999.0 -9999.0 -9999.0 -9999.0 -9999.0 -9999.0 -9999.0 -9999.0 -9999.0 -9999.0 -9999.0 -9999.0 -9999.0 -9999.0 -9999.0 -9999.0 -9999.0 -9999.0 -9999.0 -9999.0 -9999.0 -9999.0 0.8219294493335465 0.8212419946110647 0.820554539888583 0.8198670851661 0.8191796304436182 0.8184921757211363 0.8178047209986545 0.8171172662761728 0.816429811553691 0.8157423568312092 0.8150549021087274 0.8143674473862456 0.8136799926637638 0.812992537941282 0.8123050832188002 0.8116176284963185 0.8109301737738355 0.8102427190513537 0.8095552643288719 0.8091554386190419 0.8090630948244169
-9999.0 -9999.0 -9999.0 -9999.0 -9999.0 -9999.0 -9999.0 -9999.0 -9999.0 -9999.0 -9999.0 -9999.0 -9999.0 -9999.0 -9999.0 -9999.0 -9999.0 -9999.0 -9999.0 -9999.0 -9999.0 -9999.0 0.8240956995099376 0.8233120638732132 0.8225284282364889 0.8217447925997645 0.8209611569630387 0.8201775213263144 0.81939388568959 0.8186102500528657 0.8178266144161412 0.8170429787794169 0.8162593431426926 0.8154757075059682 0.8146920718692438 0.8139084362325194 0.8131248005957951 0.8123411649590707 0.8115575293223463 0.8107738936856206 0.8099902580488962 0.8092066224121719 0.8087782949184603 0.8087297998599201
-9999.0 -9999.0 -9999.0 -9999.0 -9999.0 -9999.0 -9999.0 -9999.0 -9999.0 -9999.0 -9999.0 -9999.0 -9999.0 -9999.0 -9999.0 -9999.0 -9999.0 -9999.0 -9999.0 -9999.0 -9999.0 -9999.0 -9999.0 0.8246946784128799 0.823814861861913 0.8229350453109461 0.8220552287599776 0.8211754122090107 0.8202955956580437 0.8194157791070767 0.8185359625561098 0.8176561460051428 0.8167763294541759 0.815896512903209 0.8150166963522419 0.814136879801275 0.8132570632503081 0.8123772466993412 0.8114974301483742 0.8106176135974057 0.8097377970464388 0.8088579804954719 0.8084011512178788 0.8083965048954234
-9999.0 -9999.0 -9999.0 -9999.0 -9999.0 -9999.0 -9999.0 -9999.0 -9999.0 -9999.0 -9999.0 -9999.0 -9999.0 -9999.0 -9999.0 -9999.0 -9999.0 -9999.0 -9999.0 -9999.0 -9999.0 -9999.0 0.8270532904177562 0.8260772929525467 0.8251012954873371 0.8241252980221276 0.8231493005569164 0.8221733030917069 0.8211973056264974 0.8202213081612878 0.8192453106960783 0.8182693132308688 0.8172933157656592 0.8163173183004497 0.8153413208352401 0.8143653233700306 0.8133893259048212 0.8124133284396116 0.8114373309744021 0.8104613335091909 0.8094853360439813 0.8085093385787718 0.8080240075172972 0.8080632099309266
-9999.0 -9999.0 -9999.0 -9999.0 -9999.0 -9999.0 -9999.0 -9999.0 -9999.0 -9999.0 -9999.0 -9999.0 -9999.0 -9999.0 -9999.0 -9999.0 -9999.0 -9999.0 -9999.0 -9999.0 -9999.0 -9999.0 0.8285320858716655 0.8274599074922134 0.8263877291127613 0.8253155507333092 0.8242433723538553 0.8231711939744032 0.822099015594951 0.821026837215499 0.8199546588360468 0.8188824804565947 0.8178103020771426 0.8167381236976905 0.8156659453182383 0.8145937669387863 0.8135215885593342 0.812449410179882 0.81137723180043 0.810305053420976 0.8092328750415239 0.8081606966620718 0.8076468638167156 0.8077299149664299
-9999.0 -9999.0 -9999.0 -9999.0 -9999.0 -9999.0 -9999.0 -9999.0 -9999.0 -9999.0 -9999.0 -9999.0 -9999.0 -9999.0 -9999.0 -9999.0 -9999.0 -9999.0 -9999.0 -9999.0 -9999.0 -9999.0 0.8300108813255748 0.8288425220318801 0.8276741627381854 0.8265058034444908 0.8253374441507941 0.8241690848570994 0.8230007255634046 0.82183236626971 0.8206640069760154 0.8194956476823206 0.8183272883886259 0.8171589290949313 0.8159905698012365 0.8148222105075419 0.8136538512138471 0.8124854919201525 0.8113171326264578 0.8101487733327611 0.8089804140390664 0.8078120547453718 0.807269720116134 0.807396620001933
-9999.0 -9999.0 -9999.0 -9999.0 -9999.0 -9999.0 -9999.0 -9999.0 -9999.0 -9999.0 -9999.0 -9999.0 -9999.0 -9999.0 -9999.0 -9999.0 0.8390769180271078 0.8378123778191705 0.8365478376112333 0.835283297403296 0.8340187571953588 0.8327542169874215 0.8314896767794842 0.830225136571547 0.8289605963636096 0.8276960561556724 0.826431515947733 0.8251669757397957 0.8239024355318584 0.8226378953239212 0.8213733551159839 0.8201088149080467 0.8188442747001093 0.817579734492172 0.8163151942842348 0.8150506540762975 0.8137861138683603 0.812521573660423 0.8112570334524857 0.8099924932445463 0.808727953036609 0.8074634128286717 0.8068925764155523 0.8070633250374363
-9999.0 -9999.0 -9999.0 -9999.0 -9999.0 -9999.0 -9999.0 -9999.0 -9999.0 -9999.0 -9999.0 -9999.0 -9999.0 -9999.0 -9999.0 -9999.0 0.8411327989664743 0.8397720778442944 0.8384113567221145 0.8370506355999345 0.8356899144777546 0.8343291933555746 0.8329684722333948 0.8316077511112149 0.8302470299890349 0.828886308866855 0.8275255877446727 0.8261648666224928 0.8248041455003129 0.8234434243781329 0.822082703255953 0.820721982133773 0.8193612610115931 0.8180005398894132 0.8166398187672332 0.8152790976450534 0.8139183765228734 0.8125576554006935 0.8111969342785136 0.8098362131563313 0.8084754920341514 0.8071147709119715 0.8065154327149704 0.8067300300729392
-9999.0 -9999.0 -9999.0 -9999.0 -9999.0 -9999.0 -9999.0 -9999.0 -9999.0 -9999.0 -9999.0 -9999.0 -9999.0 -9999.0 -9999.0 0.8433929527779305 0.8419808066072844 0.8405686604366381 0.8391565142659919 0.8377443680953458 0.8363322219246996 0.8349200757540534 0.8335079295834072 0.832095783412761 0.8306836372421148 0.8292714910714687 0.82785934490082 0.8264471987301739 0.8250350525595277 0.8236229063888815 0.8222107602182354 0.8207986140475891 0.8193864678769429 0.8179743217062968 0.8165621755356506 0.8151500293650045 0.8137378831943582 0.812325737023712 0.8109135908530659 0.8095014446824172 0.8080892985117711 0.8066771523411249 0.8060580267003266 0.8062866579289282
-9999.0 -9999.0 -9999.0 -9999.0 -9999.0 -9999.0 -9999.0 -9999.0 -9999.0 -9999.0 -9999.0 -9999.0 -9999.0 -9999.0 -9999.0 0.8429534038794702 0.8415376738586342 0.8401219438377983 0.8387062138169623 0.8372904837961265 0.8358747537752905 0.8344590237544546 0.8330432937336187 0.8316275637127828 0.8302118336919468 0.828796103671111 0.8273803736502726 0.8259646436294368 0.8245489136086008 0.8231331835877649 0.8217174535669289 0.8203017235460931 0.8188859935252571 0.8174702635044212 0.8160545334835854 0.8146388034627494 0.8132230734419135 0.8118073434210776 0.8103916134002417 0.8089758833794034 0.8075601533585675 0.8061444233377315 0.8055148253331726 0.8057256202213198
-9999.0 -9999.0 -9999.0 -9999.0 -9999.0 -9999.0 -9999.0 -9999.0 -9999.0 -9999.0 -9999.0 -9999.0 -9999.0 -9999.0 -9999.0 0.8425138549810097 0.841094541109984 0.8396752272389584 0.8382559133679328 0.8368365994969071 0.8354172856258815 0.8339979717548559 0.8325786578838302 0.8311593440128046 0.8297400301417789 0.8283207162707533 0.8269014023997252 0.8254820885286995 0.824062774657674 0.8226434607866483 0.8212241469156226 0.8198048330445971 0.8183855191735714 0.8169662053025457 0.81554689143152 0.8141275775604945 0.8127082636894688 0.8112889498184431 0.8098696359474175 0.8084503220763894 0.8070310082053638 0.8056116943343381 0.8049716239660187 0.8051645825137113
-9999.0 -9999.0 -9999.0 -9999.0 -9999.0 -9999.0 -9999.0 -9999.0 -9999.0 -9999.0 -9999.0 -9999.0 -9999.0 -9999.0 -9999.0 0.8420743060825493 0.8406514083613339 0.8392285106401186 0.8378056129189032 0.8363827151976878 0.8349598174764724 0.833536919755257 0.8321140220340417 0.8306911243128263 0.8292682265916109 0.8278453288703955 0.8264224311491778 0.8249995334279624 0.823576635706747 0.8221537379855316 0.8207308402643162 0.8193079425431009 0.8178850448218855 0.8164621471006701 0.8150392493794547 0.8136163516582393 0.812193453937024 0.8107705562158086 0.8093476584945932 0.8079247607733754 0.8065018630521601 0.8050789653309447 0.8044284225988647 0.8046035448061027
-9999.0 -9999.0 -9999.0 -9999.0 -9999.0 -9999.0 -9999.0 -9999.0 -9999.0 -9999.0 -9999.0 -9999.0 -9999.0 -9999.0 0.843061238755494 0.8416347571840889 0.8402082756126839 0.8387817940412787 0.8373553124698736 0.8359288308984685 0.8345023493270634 0.8330758677556582 0.8316493861842532 0.8302229046128481 0.828796423041443 0.8273699414700378 0.8259434598986303 0.8245169783272253 0.8230904967558201 0.821664015184415 0.8202375336130099 0.8188110520416048 0.8173845704701996 0.8159580888987946 0.8145316073273895 0.8131051257559844 0.8116786441845792 0.8102521626131741 0.808825681041769 0.8073991994703615 0.8059727178989564 0.8045462363275513 0.8038852212317107 0.8040425070984943
-9999.0 -9999.0 -9999.0 -9999.0 -9999.0 -9999.0 -9999.0 -9999.0 -9999.0 -9999.0 -9999.0 -9999.0 -9999.0 -9999.0 0.842625273707223 0.8411952082856281 0.8397651428640333 0.8383350774424384 0.8369050120208436 0.8354749465992487 0.8340448811776539 0.8326148157560591 0.8311847503344643 0.8297546849128694 0.8283246194912746 0.8268945540696797 0.8254644886480824 0.8240344232264876 0.8226043578048928 0.821174292383298 0.8197442269617031 0.8183141615401083 0.8168840961185134 0.8154540306969186 0.8140239652753237 0.8125938998537289 0.8111638344321341 0.8097337690105393 0.8083037035889444 0.8068736381673471 0.8054435727457523 0.8040135073241574 0.8033420198645563 0.8034814693908855
-9999.0 -9999.0 -9999.0 -9999.0 -9999.0 -9999.0 -9999.0 -9999.0 -9999.0 -9999.0 -9999.0 -9999.0 -9999.0 -9999.0 0.8421893086589523 0.8407556593871677 0.8393220101153831 0.8378883608435985 0.836454711571814 0.8350210623000294 0.8335874130282448 0.8321537637564602 0.8307201144846756 0.8292864652128912 0.8278528159411066 0.826419166669322 0.824985517397535 0.8235518681257504 0.8221182188539659 0.8206845695821813 0.8192509203103967 0.8178172710386121 0.8163836217668275 0.814949972495043 0.8135163232232584 0.8120826739514738 0.8106490246796892 0.8092153754079047 0.8077817261361201 0.8063480768643331 0.8049144275925485 0.803480778320764 0.8027988184974023 0.802920431683277
-9999.0 -9999.0 -9999.0 -9999.0 -9999.0 -9999.0 -9999.0 -9999.0 -9999.0 -9999.0 -9999.0 -9999.0 -9999.0 -9999.0 0.8417533436106815 0.8403161104887072 0.838878877366733 0.8374416442447586 0.8360044111227843 0.8345671780008102 0.8331299448788358 0.8316927117568615 0.8302554786348872 0.8288182455129129 0.8273810123909386 0.8259437792689643 0.8245065461469876 0.8230693130250133 0.821632079903039 0.8201948467810647 0.8187576136590904 0.8173203805371161 0.8158831474151418 0.8144459142931675 0.8130086811711932 0.8115714480492189 0.8101342149272446 0.8086969818052703 0.807259748683296 0.8058225155613192 0.8043852824393449 0.8029480493173706 0.8022556171302484 0.8023593939756686
-9999.0 -9999.0 -9999.0 -9999.0 -9999.0 -9999.0 -9999.0 -9999.0 -9999.0 -9999.0 -9999.0 -9999.0 -9999.0 0.842758195534575 0.841317378562411 0.8398765615902469 0.8384357446180829 0.8369949276459189 0.8355541106737548 0.8341132937015908 0.8326724767294268 0.8312316597572628 0.8297908427850987 0.8283500258129347 0.8269092088407707 0.8254683918686067 0.8240275748964401 0.822586757924276 0.821145940952112 0.819705123979948 0.818264307007784 0.8168234900356199 0.8153826730634559 0.8139418560912919 0.8125010391191279 0.8110602221469638 0.8096194051747998 0.8081785882026358 0.8067377712304717 0.8052969542583053 0.8038561372861412 0.8024153203139772 0.8017124157630945 0.8017983562680602
-9999.0 -9999.0 -9999.0 -9999.0 -9999.0 -9999.0 -9999.0 -9999.0 -9999.0 -9999.0 -9999.0 -9999.0 0.8437702151588502 0.842325814336494 0.8408814135141403 0.8394370126917865 0.8379926118694327 0.836548211047079 0.8351038102247252 0.8336594094023715 0.8322150085800177 0.8307706077576639 0.8293262069353101 0.8278818061129564 0.8264374052906026 0.8249930044682489 0.8235486036458927 0.8221042028235389 0.8206598020011852 0.8192154011788314 0.8177710003564775 0.8163265995341238 0.81488219871177 0.8134377978894163 0.8119933970670625 0.8105489962447088 0.809104595422355 0.8076601946000013 0.8062157937776475 0.8047713929552913 0.8033269921329375 0.8018825913105837 0.8011692143959405 0.8012373185604517
