Figures/CREST_Example_wjb_NSE/PETs/wjb.pet.20100630.asc
ncols            288
nrows            254
xllcorner        113.274861
yllcorner        31.4918055
cellsize         0.008333333333
NODATA_value     -9999
[rows 100 to 119 of 254, columns 176 to 219 of 288]
3.0676171877131115 3.0739038367475904 3.0801904857820697 3.086477134816549 3.0927637838510282 3.0990504328855075 3.1053370819199975 3.1116237309544768 3.117910379988956 3.1241970290234353 3.1304836780579146 3.136770327092394 3.143056976126873 3.1493436251613525 3.1556302741958318 3.1619169232303106 3.1644432472775854 3.162949698830139 3.1614561503826923 3.159962601935243 3.1584690534877966 3.15697550504035 3.1554819565929035 3.153988408145457 3.1524948596980105 3.151001311250564 3.1495077628031174 3.1480142143556704 3.146520665908224 3.1450271174607773 3.143533569013331 3.1420400205658843 3.140546472118435 3.1390529236709885 3.137559375223542 3.1360658267760955 3.134572278328649 3.1330787298812024 3.131585181433756 3.1300916329863093 3.1285980845388623 3.127104536091416 3.1256109876439693 3.1241174391965227
3.070198432770168 3.076572386499356 3.082946340228544 3.089320293957732 3.0956942476869203 3.102068201416108 3.108442155145307 3.1148161088744946 3.1211900626036826 3.1275640163328706 3.1339379700620587 3.1403119237912467 3.1466858775204343 3.1530598312496223 3.1594337849788103 3.1658077387079984 3.168370020991959 3.1668575402557764 3.1653450595195936 3.163832578783408 3.1623200980472252 3.1608076173110424 3.1592951365748596 3.157782655838677 3.1562701751024935 3.1547576943663107 3.153245213630128 3.151732732893945 3.1502202521577622 3.1487077714215794 3.1471952906853966 3.145682809949214 3.1441703292130283 3.1426578484768455 3.1411453677406627 3.13963288700448 3.138120406268297 3.136607925532114 3.1350954447959314 3.1335829640597486 3.1320704833235657 3.130558002587383 3.1290455218512 3.1275330411150173
3.072779677827225 3.079240936251122 3.0857021946750183 3.092163453098915 3.098624711522812 3.1050859699467086 3.111547228370616 3.118008486794513 3.124469745218409 3.130931003642306 3.1373922620662027 3.143853520490099 3.150314778913996 3.1567760373378926 3.163237295761789 3.1696985541856857 3.1722967947063325 3.1707653816814134 3.1692339686564943 3.1677025556315725 3.1661711426066534 3.1646397295817343 3.1631083165568152 3.161576903531896 3.160045490506977 3.158514077482058 3.156982664457139 3.1554512514322197 3.1539198384073006 3.1523884253823815 3.1508570123574624 3.1493255993325433 3.1477941863076215 3.1462627732827024 3.1447313602577833 3.143199947232864 3.141668534207945 3.140137121183026 3.138605708158107 3.137074295133188 3.1355428821082687 3.1340114690833496 3.1324800560584305 3.1309486430335114
3.075360922884282 3.0819094860028877 3.0884580491214932 3.0950066122400983 3.101555175358704 3.108103738477309 3.1146523015959255 3.121200864714531 3.127749427833136 3.1342979909517417 3.1408465540703467 3.1473951171889523 3.153943680307558 3.160492243426163 3.1670408065447684 3.1735893696633735 3.1762235684207067 3.1746732231070514 3.173122877793396 3.171572532479738 3.170022187166082 3.1684718418524267 3.1669214965387713 3.165371151225116 3.1638208059114605 3.162270460597805 3.1607201152841498 3.1591697699704944 3.157619424656839 3.1560690793431836 3.154518734029528 3.152968388715873 3.1514180434022148 3.1498676980885594 3.148317352774904 3.1467670074612486 3.145216662147593 3.143666316833938 3.1421159715202824 3.140565626206627 3.1390152808929717 3.1374649355793163 3.135914590265661 3.1343642449520055
3.0779421679413392 3.0845780357546535 3.0912139035679673 3.0978497713812816 3.1044856391945954 3.1111215070079092 3.1177573748212346 3.124393242634549 3.1310291104478627 3.137664978261177 3.144300846074491 3.150936713887805 3.157572581701119 3.164208449514433 3.170844317327747 3.1774801851410612 3.18015034213508 3.1785810645326884 3.1770117869302967 3.1754425093279024 3.1738732317255107 3.172303954123119 3.1707346765207274 3.1691653989183357 3.167596121315944 3.1660268437135524 3.1644575661111607 3.162888288508769 3.1613190109063773 3.1597497333039857 3.158180455701594 3.1566111780992023 3.155041900496808 3.1534726228944163 3.1519033452920246 3.150334067689633 3.1487647900872413 3.1471955124848496 3.145626234882458 3.1440569572800663 3.1424876796776746 3.140918402075283 3.1393491244728913 3.1377798468704996
3.0805234129983985 3.087246585506421 3.093969758014444 3.1006929305224666 3.1074161030304897 3.1141392755385127 3.1208624480465468 3.1275856205545693 3.1343087930625924 3.1410319655706154 3.147755138078638 3.154478310586661 3.1612014830946835 3.1679246556027065 3.174647828110729 3.181371000618752 3.184077115849457 3.182488905958329 3.180900696067201 3.1793124861760704 3.1777242762849425 3.1761360663938145 3.1745478565026866 3.172959646611559 3.171371436720431 3.169783226829303 3.168195016938175 3.1666068070470472 3.1650185971559193 3.1634303872647913 3.1618421773736634 3.1602539674825354 3.1586657575914048 3.157077547700277 3.155489337809149 3.153901127918021 3.152312918026893 3.150724708135765 3.149136498244637 3.147548288353509 3.145960078462381 3.144371868571253 3.142783658680125 3.1411954487889973
3.0831046580554555 3.089915135258187 3.096725612460918 3.10353608966365 3.1103465668663812 3.117157044069113 3.123967521271856 3.1307779984745876 3.137588475677319 3.1443989528800507 3.151209430082782 3.1580199072855133 3.164830384488245 3.1716408616909764 3.178451338893708 3.1852618160964394 3.1880038895638307 3.1863967473839665 3.1847896052041023 3.1831824630242354 3.181575320844371 3.179968178664507 3.1783610364846426 3.1767538943047784 3.175146752124914 3.17353960994505 3.1719324677651857 3.1703253255853214 3.168718183405457 3.167111041225593 3.1655038990457287 3.1638967568658645 3.1622896146859976 3.1606824725061333 3.159075330326269 3.157468188146405 3.1558610459665406 3.1542539037866764 3.152646761606812 3.151039619426948 3.1494324772470836 3.1478253350672194 3.146218192887355 3.144611050707491
3.085685903112512 3.0925836850099526 3.0994814669073927 3.1063792488048327 3.1132770307022732 3.1201748125997133 3.1270725944971653 3.1339703763946054 3.1408681582920455 3.147765940189486 3.154663722086926 3.161561503984366 3.168459285881806 3.1753570677792466 3.1822548496766867 3.1891526315741268 3.191930663278204 3.1903045888096035 3.188678514341003 3.1870524398724 3.1854263654037993 3.183800290935199 3.1821742164665987 3.180548141997998 3.1789220675293977 3.177295993060797 3.1756699185921966 3.174043844123596 3.1724177696549956 3.170791695186395 3.1691656207177945 3.167539546249194 3.165913471780591 3.1642873973119903 3.1626613228433897 3.161035248374789 3.1594091739061887 3.157783099437588 3.156157024968988 3.1545309505003876 3.152904876031787 3.1512788015631865 3.149652727094586 3.1480266526259855
3.088267148169569 3.095252234761718 3.102237321353867 3.109222407946016 3.116207494538165 3.1231925811303136 3.1301776677224744 3.137162754314623 3.144147840906772 3.1511329274989213 3.15811801409107 3.165103100683219 3.1720881872753677 3.1790732738675165 3.1860583604596653 3.1930434470518145 3.195857436992578 3.194212430235241 3.1925674234779042 3.1909224167205648 3.189277409963228 3.187632403205891 3.1859873964485543 3.1843423896912175 3.1826973829338807 3.1810523761765443 3.1794073694192075 3.1777623626618707 3.176117355904534 3.174472349147197 3.1728273423898603 3.1711823356325235 3.169537328875184 3.167892322117847 3.1662473153605104 3.1646023086031736 3.1629573018458372 3.1613122950885004 3.1596672883311636 3.158022281573827 3.15637727481649 3.154732268059153 3.1530872613018164 3.1514422545444796
3.090848393226626 3.097920784513484 3.1049931758003417 3.1120655670871993 3.119137958374057 3.1262103496609144 3.133282740947784 3.1403551322346415 3.147427523521499 3.1544999148083566 3.161572306095214 3.168644697382072 3.1757170886689297 3.182789479955787 3.1898618712426448 3.1969342625295023 3.1997842107069516 3.1981202716608785 3.1964563326148054 3.1947923935687297 3.1931284545226566 3.1914645154765835 3.189800576430511 3.1881366373844378 3.1864726983383647 3.1848087592922916 3.1831448202462185 3.1814808812001454 3.1798169421540723 3.1781530031079996 3.1764890640619265 3.1748251250158535 3.1731611859697777 3.1714972469237046 3.1698333078776315 3.1681693688315584 3.1665054297854853 3.1648414907394122 3.163177551693339 3.1615136126472665 3.1598496736011934 3.1581857345551203 3.156521795509047 3.154857856462974
3.0934296382836832 3.1005893342652495 3.107749030246816 3.114908726228382 3.1220684222099484 3.1292281181915147 3.1363878141730934 3.1435475101546597 3.1507072061362256 3.157866902117792 3.165026598099358 3.1721862940809245 3.1793459900624907 3.186505686044057 3.1936653820256233 3.2008250780071896 3.2037109844213254 3.202028113086516 3.2003452417517066 3.1986623704168946 3.1969794990820852 3.195296627747276 3.1936137564124665 3.191930885077657 3.190248013742848 3.188565142408039 3.1868822710732294 3.18519939973842 3.1835165284036107 3.1818336570688017 3.1801507857339923 3.178467914399183 3.176785043064371 3.1751021717295616 3.173419300394752 3.171736429059943 3.1700535577251334 3.168370686390324 3.166687815055515 3.1650049437207057 3.1633220723858964 3.161639201051087 3.1599563297162776 3.1582734583814687
3.0960108833407425 3.1032578840170175 3.1105048846932926 3.1177518853695676 3.1249988860458426 3.1322458867221177 3.139492887398405 3.14673988807468 3.1539868887509552 3.1612338894272303 3.1684808901035053 3.1757278907797803 3.1829748914560554 3.1902218921323304 3.1974688928086055 3.2047158934848805 3.2076377581357023 3.2059359545121566 3.204234150888611 3.2025323472650626 3.200830543641517 3.1991287400179713 3.1974269363944257 3.1957251327708804 3.1940233291473348 3.192321525523789 3.1906197219002435 3.188917918276698 3.187216114653152 3.185514311029607 3.1838125074060613 3.1821107037825156 3.180408900158967 3.1787070965354216 3.177005292911876 3.1753034892883303 3.1736016856647846 3.171899882041239 3.1701980784176933 3.168496274794148 3.1667944711706024 3.1650926675470568 3.163390863923511 3.1616890602999654
3.0985921283977995 3.1059264337687833 3.113260739139767 3.1205950445107504 3.127929349881734 3.135263655252718 3.142597960623714 3.149932265994698 3.157266571365682 3.1646008767366656 3.1719351821076494 3.179269487478633 3.186603792849617 3.1939380982206007 3.2012724035915845 3.2086067089625683 3.211564531850076 3.209843795937794 3.208123060025512 3.2064023241132276 3.2046815882009456 3.2029608522886637 3.2012401163763817 3.1995193804641 3.1977986445518183 3.1960779086395363 3.1943571727272544 3.1926364368149724 3.1909157009026905 3.189194964990409 3.187474229078127 3.185753493165845 3.1840327572535605 3.1823120213412786 3.1805912854289966 3.1788705495167147 3.1771498136044327 3.175429077692151 3.1737083417798693 3.1719876058675873 3.1702668699553054 3.1685461340430234 3.166825398130742 3.16510466221846
3.1011733734548566 3.1085949835205486 3.116016593586241 3.1234382036519337 3.1308598137176262 3.1382814237833188 3.1457030338490237 3.1531246439147163 3.1605462539804083 3.167967864046101 3.1753894741117934 3.182811084177486 3.1902326942431785 3.1976543043088705 3.205075914374563 3.2124975244402556 3.2154913055644494 3.213751637363431 3.212011969162413 3.210272300961392 3.208532632760374 3.206792964559356 3.205053296358338 3.2033136281573196 3.2015739599563013 3.199834291755283 3.1980946235542653 3.196354955353247 3.194615287152229 3.1928756189512106 3.191135950750193 3.1893962825491746 3.1876566143481537 3.1859169461471355 3.1841772779461173 3.182437609745099 3.1806979415440813 3.178958273343063 3.177218605142045 3.1754789369410266 3.1737392687400083 3.1719996005389905 3.1702599323379723 3.168520264136954
3.1037546185119136 3.1112635332723144 3.1187724480327157 3.126281362793117 3.1337902775535182 3.141299192313919 3.1488081070743332 3.1563170218347345 3.1638259365951353 3.1713348513555366 3.178843766115938 3.1863526808763387 3.19386159563674 3.2013705103971413 3.208879425157542 3.2163883399179434 3.219418079278823 3.217659478789069 3.2159008782993146 3.214142277809557 3.212383677319803 3.2106250768300484 3.208866476340294 3.2071078758505394 3.2053492753607853 3.2035906748710308 3.2018320743812763 3.2000734738915217 3.1983148734017677 3.196556272912013 3.1947976724222586 3.193039071932504 3.191280471442747 3.1895218709529924 3.187763270463238 3.186004669973484 3.1842460694837293 3.182487468993975 3.1807288685042208 3.1789702680144662 3.1772116675247117 3.175453067034957 3.173694466545203 3.1719358660554486
3.10633586356897 3.11393208302408 3.1215283024791898 3.1291245219343 3.13672074138941 3.1443169608445194 3.1519131802996423 3.159509399754752 3.167105619209862 3.174701838664972 3.1822980581200815 3.1898942775751915 3.1974904970303015 3.205086716485411 3.212682935940521 3.2202791553956307 3.223344852993197 3.221567320214706 3.2197897874362154 3.218012254657722 3.216234721879231 3.2144571891007407 3.21267965632225 3.210902123543759 3.2091245907652683 3.207347057986778 3.205569525208287 3.2037919924297964 3.202014459651306 3.2002369268728152 3.1984593940943244 3.196681861315834 3.19490432853734 3.1931267957588494 3.191349262980359 3.1895717302018682 3.1877941974233774 3.1860166646448866 3.1842391318663963 3.1824615990879055 3.1806840663094147 3.1789065335309243 3.1771290007524335 3.1753514679739427
3.108917108626027 3.1166006327758455 3.1242841569256643 3.1319676810754826 3.1396512052253014 3.1473347293751197 3.1550182535249514 3.16270177767477 3.1703853018245884 3.178068825974407 3.1857523501242255 3.1934358742740443 3.2011193984238626 3.2088029225736814 3.2164864467234997 3.2241699708733185 3.2272716267075703 3.2254751616403436 3.2236786965731166 3.2218822315058864 3.2200857664386597 3.2182893013714327 3.2164928363042056 3.214696371236979 3.212899906169752 3.2111034411025248 3.2093069760352977 3.207510510968071 3.205714045900844 3.203917580833617 3.2021211157663902 3.200324650699163 3.198528185631933 3.1967317205647063 3.1949352554974793 3.193138790430252 3.1913423253630255 3.1895458602957985 3.1877493952285714 3.1859529301613447 3.1841564650941176 3.1823600000268906 3.180563534959664 3.178767069892437
3.1114983536830843 3.1192691825276113 3.1270400113721384 3.134810840216666 3.142581669061193 3.15035249790572 3.158123326750261 3.165894155594788 3.173664984439315 3.1814358132838425 3.1892066421283696 3.1969774709728966 3.204748299817424 3.212519128661951 3.2202899575064787 3.228060786351006 3.231198400421944 3.2293830030659807 3.2275676057100173 3.2257522083540513 3.223936810998088 3.222121413642125 3.2203060162861616 3.2184906189301983 3.2166752215742354 3.214859824218272 3.2130444268623086 3.2112290295063457 3.2094136321503823 3.207598234794419 3.205782837438456 3.2039674400824927 3.202152042726526 3.2003366453705633 3.1985212480146 3.196705850658637 3.1948904533026736 3.1930750559467103 3.1912596585907473 3.189444261234784 3.1876288638788206 3.1858134665228577 3.1839980691668943 3.182182671810931
3.1135456684200844 3.1213307529747345 3.129115837529384 3.136900922084034 3.144686006638684 3.1524710911933336 3.160256175747997 3.1680412603026467 3.1758263448572963 3.1836114294119464 3.191396513966596 3.199181598521246 3.206966683075896 3.2147517676305455 3.2225368521851956 3.2303219367398452 3.2334807650372506 3.2316940207191744 3.229907276401098 3.2281205320830186 3.226333787764942 3.224547043446866 3.2227602991287894 3.2209735548107132 3.2191868104926367 3.2174000661745605 3.2156133218564844 3.213826577538408 3.2120398332203317 3.210253088902255 3.208466344584179 3.2066796002661024 3.204892855948023 3.2031061116299466 3.2013193673118705 3.199532622993794 3.197745878675718 3.1959591343576417 3.194172390039565 3.192385645721489 3.1905989014034124 3.1888121570853363 3.1870254127672597 3.1852386684491836
3.1150222453055645 3.122743500811049 3.1304647563165333 3.138186011822018 3.1459072673275026 3.153628522832987 3.1613497783384847 3.169071033843969 3.176792289349454 3.1845135448549384 3.192234800360423 3.1999560558659073 3.207677311371392 3.2153985668768765 3.223119822382361 3.230841077887846 3.2340053599943017 3.232298134428346 3.23059090886239 3.228883683296431 3.227176457730475 3.225469232164519 3.223762006598563 3.222054781032607 3.220347555466651 3.218640329900695 3.216933104334739 3.215225878768783 3.213518653202827 3.211811427636871 3.210104202070915 3.208396976504959 3.206689750939 3.2049825253730444 3.203275299807088 3.2015680742411323 3.199860848675176 3.1981536231092202 3.1964463975432644 3.194739171977308 3.1930319464113524 3.191324720845396 3.1896174952794403 3.1879102697134845
