Figures/CREST_Example_wjb_NSE/PETs/wjb.pet.20100702.asc
ncols            288
nrows            254
xllcorner        113.274861
yllcorner        31.4918055
cellsize         0.008333333333
NODATA_value     -9999
[rows 20 to 39 of 254, columns 0 to 43 of 288]
-9999.0 -9999.0 -9999.0 -9999.0 -9999.0 -9999.0 -9999.0 -9999.0 -9999.0 -9999.0 -9999.0 -9999.0 -9999.0 -9999.0 -9999.0 -9999.0 -9999.0 -9999.0 -9999.0 -9999.0 -9999.0 -9999.0 -9999.0 2.070280017752846 2.0695799147506646 2.0688798117484826 2.0681797087462996 2.067479605744118 2.066779502741936 2.0660793997397544 2.0653792967375724 2.0646791937353908 2.0639790907332087 2.063278987731027 2.062578884728845 2.0618787817266635 2.0611786787244815 2.0604785757223 2.059778472720118 2.059078369717935 2.0583782667157533 2.0576781637135713 2.0579361429969985 2.0592183338972823
-9999.0 -9999.0 -9999.0 -9999.0 -9999.0 -9999.0 -9999.0 -9999.0 -9999.0 -9999.0 -9999.0 -9999.0 -9999.0 -9999.0 -9999.0 -9999.0 -9999.0 -9999.0 -9999.0 -9999.0 -9999.0 -9999.0 2.0753098413618365 2.074485194063638 2.0736605467654403 2.072835899467242 2.072011252169043 2.0711866048708445 2.0703619575726466 2.0695373102744488 2.0687126629762504 2.0678880156780526 2.0670633683798547 2.0662387210816564 2.0654140737834585 2.0645894264852602 2.0637647791870624 2.0629401318888645 2.062115484590666 2.061290837292467 2.0604661899942687 2.059641542696071 2.059859335551866 2.061191520492386
-9999.0 -9999.0 -9999.0 -9999.0 -9999.0 -9999.0 -9999.0 -9999.0 -9999.0 -9999.0 -9999.0 -9999.0 -9999.0 -9999.0 -9999.0 -9999.0 -9999.0 -9999.0 -9999.0 -9999.0 -9999.0 -9999.0 -9999.0 2.07869037037443 2.077741178780216 2.0767919871860014 2.0758427955917855 2.0748936039975714 2.0739444124033573 2.072995220809143 2.072046029214929 2.071096837620715 2.0701476460265003 2.069198454432286 2.068249262838072 2.067300071243858 2.0663508796496437 2.065401688055429 2.064452496461215 2.063503304866999 2.062554113272785 2.061604921678571 2.0617825281067343 2.063164707087491
-9999.0 -9999.0 -9999.0 -9999.0 -9999.0 -9999.0 -9999.0 -9999.0 -9999.0 -9999.0 -9999.0 -9999.0 -9999.0 -9999.0 -9999.0 -9999.0 -9999.0 -9999.0 -9999.0 -9999.0 -9999.0 -9999.0 2.083969282575452 2.0828955466852217 2.0818218107949913 2.080748074904761 2.0796743390145287 2.0786006031242983 2.077526867234068 2.0764531313438375 2.0753793954536066 2.074305659563376 2.073231923673146 2.0721581877829154 2.071084451892685 2.0700107160024546 2.068936980112224 2.0678632442219937 2.0667895083317633 2.065715772441531 2.0646420365513007 2.0635683006610703 2.063705720661602 2.065137893682595
-9999.0 -9999.0 -9999.0 -9999.0 -9999.0 -9999.0 -9999.0 -9999.0 -9999.0 -9999.0 -9999.0 -9999.0 -9999.0 -9999.0 -9999.0 -9999.0 -9999.0 -9999.0 -9999.0 -9999.0 -9999.0 -9999.0 2.08829900318226 2.0871007229960132 2.0859024428097666 2.08470416262352 2.0835058824372714 2.0823076022510247 2.081109322064778 2.0799110418785314 2.0787127616922847 2.077514481506038 2.0763162013197913 2.075117921133545 2.0739196409472984 2.0727213607610517 2.071523080574805 2.0703248003885584 2.0691265202023117 2.0679282400160632 2.0667299598298166 2.06553167964357 2.06562891321647 2.0671110802776993
-9999.0 -9999.0 -9999.0 -9999.0 -9999.0 -9999.0 -9999.0 -9999.0 -9999.0 -9999.0 -9999.0 -9999.0 -9999.0 -9999.0 -9999.0 -9999.0 -9999.0 -9999.0 -9999.0 -9999.0 -9999.0 -9999.0 2.0926287237890677 2.0913058993068048 2.089983074824542 2.0886602503422793 2.087337425860014 2.086014601377751 2.0846917768954882 2.0833689524132257 2.0820461279309628 2.0807233034487 2.0794004789664373 2.0780776544841744 2.0767548300019114 2.0754320055196485 2.074109181037386 2.072786356555123 2.07146353207286 2.070140707590595 2.0688178831083324 2.0674950586260694 2.0675521057713375 2.0690842668728036
-9999.0 -9999.0 -9999.0 -9999.0 -9999.0 -9999.0 -9999.0 -9999.0 -9999.0 -9999.0 -9999.0 -9999.0 -9999.0 -9999.0 -9999.0 -9999.0 2.1056426570655495 2.1041952882872708 2.1027479195089915 2.1013005507307128 2.0998531819524335 2.0984058131741548 2.0969584443958755 2.0955110756175968 2.0940637068393175 2.0926163380610387 2.091168969282757 2.089721600504478 2.088274231726199 2.08682686294792 2.085379494169641 2.083932125391362 2.082484756613083 2.081037387834804 2.079590019056525 2.078142650278246 2.076695281499967 2.075247912721688 2.073800543943409 2.0723531751651274 2.070905806386848 2.0694584376085694 2.0694752983262057 2.071057453467908
-9999.0 -9999.0 -9999.0 -9999.0 -9999.0 -9999.0 -9999.0 -9999.0 -9999.0 -9999.0 -9999.0 -9999.0 -9999.0 -9999.0 -9999.0 -9999.0 2.110719643448459 2.1091477303741635 2.107575817299868 2.106003904225573 2.1044319911512774 2.1028600780769824 2.101288165002687 2.099716251928392 2.0981443388540963 2.096572425779801 2.095000512705503 2.0934285996312076 2.0918566865569126 2.090284773482617 2.0887128604083216 2.0871409473340266 2.085569034259731 2.083997121185436 2.0824252081111405 2.080853295036845 2.07928138196255 2.0777094688882545 2.0761375558139594 2.0745656427396613 2.072993729665366 2.0714218165910707 2.071398490881075 2.073030640063014
-9999.0 -9999.0 -9999.0 -9999.0 -9999.0 -9999.0 -9999.0 -9999.0 -9999.0 -9999.0 -9999.0 -9999.0 -9999.0 -9999.0 -9999.0 2.1177753334706884 2.11620095888019 2.1146265842896916 2.1130522096991933 2.1114778351086945 2.109903460518196 2.1083290859276977 2.1067547113371994 2.105180336746701 2.103605962156202 2.102031587565704 2.100457212975203 2.0988828383847045 2.097308463794206 2.0957340892037073 2.094159714613209 2.0925853400227106 2.091010965432212 2.089436590841714 2.087862216251215 2.0862878416607167 2.0847134670702183 2.08313909247972 2.0815647178892216 2.07999034329872 2.0784159687082218 2.0768415941177234 2.076827224244933 2.0784805346729125
-9999.0 -9999.0 -9999.0 -9999.0 -9999.0 -9999.0 -9999.0 -9999.0 -9999.0 -9999.0 -9999.0 -9999.0 -9999.0 -9999.0 -9999.0 2.1235608138821678 2.1221144765687274 2.1206681392552875 2.1192218019418476 2.1177754646284077 2.1163291273149674 2.1148827900015275 2.1134364526880876 2.111990115374647 2.1105437780612073 2.1090974407477674 2.107651103434325 2.106204766120885 2.1047584288074446 2.1033120914940047 2.1018657541805648 2.1004194168671244 2.0989730795536845 2.0975267422402446 2.0960804049268047 2.0946340676133643 2.0931877302999244 2.0917413929864845 2.090295055673044 2.088848718359602 2.0874023810461617 2.085956043732722 2.0860031596794086 2.0876468109145865
-9999.0 -9999.0 -9999.0 -9999.0 -9999.0 -9999.0 -9999.0 -9999.0 -9999.0 -9999.0 -9999.0 -9999.0 -9999.0 -9999.0 -9999.0 2.1293462942936467 2.1280279942572653 2.126709694220884 2.125391394184502 2.1240730941481205 2.1227547941117386 2.121436494075357 2.1201181940389757 2.118799894002594 2.1174815939662124 2.1161632939298305 2.114844993893447 2.113526693857065 2.1122083938206835 2.110890093784302 2.10957179374792 2.1082534937115387 2.106935193675157 2.1056168936387754 2.104298593602394 2.102980293566012 2.1016619935296306 2.1003436934932487 2.0990253934568672 2.0977070934204836 2.0963887933841017 2.09507049334772 2.095179095113884 2.0968130871562605
-9999.0 -9999.0 -9999.0 -9999.0 -9999.0 -9999.0 -9999.0 -9999.0 -9999.0 -9999.0 -9999.0 -9999.0 -9999.0 -9999.0 -9999.0 2.135131774705126 2.1339415119458027 2.1327512491864797 2.1315609864271563 2.1303707236678333 2.12918046090851 2.127990198149187 2.1267999353898634 2.1256096726305405 2.124419409871217 2.123229147111894 2.122038884352569 2.1208486215932454 2.1196583588339224 2.118468096074599 2.117277833315276 2.1160875705559525 2.1148973077966295 2.113707045037306 2.112516782277983 2.1113265195186597 2.1101362567593367 2.1089459940000133 2.1077557312406903 2.106565468481365 2.1053752057220416 2.1041849429627186 2.1043550305483594 2.1059793633979345
-9999.0 -9999.0 -9999.0 -9999.0 -9999.0 -9999.0 -9999.0 -9999.0 -9999.0 -9999.0 -9999.0 -9999.0 -9999.0 -9999.0 2.14197948059887 2.1409172551166056 2.1398550296343406 2.1387928041520756 2.137730578669811 2.136668353187546 2.135606127705281 2.1345439022230166 2.1334816767407516 2.132419451258487 2.131357225776222 2.130295000293957 2.129232774811691 2.128170549329426 2.1271083238471613 2.1260460983648963 2.1249838728826314 2.123921647400367 2.122859421918102 2.121797196435837 2.1207349709535723 2.1196727454713074 2.118610519989043 2.117548294506778 2.116486069024513 2.1154238435422466 2.1143616180599816 2.113299392577717 2.113530965982835 2.115145639639609
-9999.0 -9999.0 -9999.0 -9999.0 -9999.0 -9999.0 -9999.0 -9999.0 -9999.0 -9999.0 -9999.0 -9999.0 -9999.0 -9999.0 2.147636923733295 2.146702735528089 2.145768547322883 2.1448343591176764 2.1439001709124703 2.142965982707264 2.1420317945020577 2.141097606296851 2.140163418091645 2.1392292298864386 2.1382950416812325 2.1373608534760264 2.1364266652708186 2.135492477065612 2.134558288860406 2.1336241006551995 2.1326899124499934 2.131755724244787 2.130821536039581 2.1298873478343743 2.128953159629168 2.128018971423962 2.1270847832187556 2.1261505950135495 2.125216406808343 2.124282218603135 2.123348030397929 2.1224138421927226 2.122706901417318 2.1243119158812904
-9999.0 -9999.0 -9999.0 -9999.0 -9999.0 -9999.0 -9999.0 -9999.0 -9999.0 -9999.0 -9999.0 -9999.0 -9999.0 -9999.0 2.153294366867716 2.1524882159395684 2.1516820650114203 2.1508759140832727 2.1500697631551247 2.1492636122269766 2.148457461298829 2.147651310370681 2.1468451594425333 2.1460390085143852 2.1452328575862376 2.1444267066580895 2.14362055572994 2.1428144048017925 2.1420082538736445 2.141202102945497 2.140395952017349 2.139589801089201 2.138783650161053 2.1379774992329055 2.1371713483047574 2.13636519737661 2.1355590464484617 2.1347528955203137 2.133946744592166 2.1331405936640166 2.132334442735869 2.131528291807721 2.1318828368517933 2.1334781921229644
-9999.0 -9999.0 -9999.0 -9999.0 -9999.0 -9999.0 -9999.0 -9999.0 -9999.0 -9999.0 -9999.0 -9999.0 -9999.0 -9999.0 2.158951810002137 2.1582736963510474 2.157595582699958 2.1569174690488686 2.156239355397779 2.15556124174669 2.1548831280956002 2.1542050144445106 2.1535269007934215 2.152848787142332 2.1521706734912422 2.151492559840153 2.150814446189062 2.150136332537973 2.1494582188868834 2.1487801052357938 2.1481019915847046 2.147423877933615 2.1467457642825254 2.1460676506314362 2.1453895369803466 2.1447114233292575 2.144033309678168 2.1433551960270782 2.142677082375989 2.141998968724898 2.141320855073809 2.1406427414227194 2.141058772286269 2.142644468364639
-9999.0 -9999.0 -9999.0 -9999.0 -9999.0 -9999.0 -9999.0 -9999.0 -9999.0 -9999.0 -9999.0 -9999.0 -9999.0 2.1651593295105886 2.164609253136558 2.164059176762527 2.1635091003884956 2.1629590240144645 2.1624089476404333 2.1618588712664026 2.1613087948923715 2.1607587185183403 2.160208642144309 2.1596585657702785 2.1591084893962473 2.158558413022216 2.158008336648184 2.1574582602741534 2.1569081839001223 2.156358107526091 2.15580803115206 2.1552579547780293 2.154707878403998 2.154157802029967 2.153607725655936 2.153057649281905 2.152507572907874 2.151957496533843 2.1514074201598117 2.1508573437857796 2.150307267411749 2.149757191037718 2.1502347077207444 2.151810744606313
-9999.0 -9999.0 -9999.0 -9999.0 -9999.0 -9999.0 -9999.0 -9999.0 -9999.0 -9999.0 -9999.0 -9999.0 2.1711107744649247 2.170688735367951 2.1702666962709785 2.1698446571740058 2.169422618077033 2.169000578980061 2.168578539883088 2.1681565007861154 2.1677344616891427 2.16731242259217 2.1668903834951974 2.1664683443982247 2.1660463053012524 2.1656242662042797 2.165202227107306 2.1647801880103335 2.164358148913361 2.1639361098163885 2.163514070719416 2.163092031622443 2.1626699925254704 2.1622479534284977 2.161825914331525 2.161403875234553 2.16098183613758 2.1605597970406074 2.1601377579436347 2.159715718846661 2.159293679749689 2.158871640652716 2.1594106431552196 2.160977020847987
-9999.0 -9999.0 -9999.0 -9999.0 -9999.0 -9999.0 -9999.0 -9999.0 -9999.0 -9999.0 -9999.0 -9999.0 -9999.0 2.176218141225313 2.175924139405399 2.1756301375854847 2.1753361357655705 2.1750421339456563 2.174748132125742 2.174454130305828 2.1741601284859136 2.1738661266659993 2.1735721248460855 2.1732781230261713 2.172984121206257 2.172690119386343 2.172396117566428 2.172102115746514 2.1718081139265997 2.1715141121066854 2.171220110286771 2.170926108466857 2.1706321066469427 2.1703381048270285 2.1700441030071143 2.1697501011872 2.169456099367286 2.1691620975473715 2.1688680957274573 2.1685740939075426 2.1682800920876284 2.1679860902677146 2.168586578589695 2.170143297089661
-9999.0 -9999.0 -9999.0 -9999.0 -9999.0 -9999.0 -9999.0 -9999.0 -9999.0 -9999.0 -9999.0 -9999.0 -9999.0 2.1817475470826757 2.18158158253982 2.181415617996964 2.1812496534541084 2.1810836889112526 2.180917724368397 2.1807517598255406 2.180585795282685 2.180419830739829 2.1802538661969733 2.1800879016541175 2.1799219371112617 2.179755972568406 2.17959000802555 2.1794240434826944 2.1792580789398386 2.1790921143969824 2.1789261498541266 2.178760185311271 2.178594220768415 2.1784282562255592 2.1782622916827035 2.1780963271398477 2.177930362596992 2.177764398054136 2.1775984335112804 2.177432468968424 2.1772665044255683 2.1771005398827126 2.1777625140241708 2.1793095733313352
