Figures/CREST_Example_wjb_NSE/PETs/wjb.pet.20091126.asc
ncols            288
nrows            254
xllcorner        113.274861
yllcorner        31.4918055
cellsize         0.008333333333
NODATA_value     -9999
[rows 95 to 113 of 254, columns 176 to 219 of 288]
0.7473972633017806 0.7469030528789947 0.7464088424562089 0.745914632033423 0.7454204216106372 0.7449262111878513 0.7444320007650645 0.7439377903422787 0.7434435799194928 0.742949369496707 0.7424551590739211 0.7419609486511353 0.7414667382283494 0.7409725278055636 0.7404783173827777 0.7399841069599918 0.7394997237762466 0.739025846133393 0.7385519684905393 0.7380780908476848 0.7376042132048312 0.7371303355619775 0.7366564579191238 0.7361825802762701 0.7357087026334166 0.7352348249905629 0.7347609473477092 0.7342870697048556 0.7338131920620019 0.7333393144191482 0.7328654367762946 0.732391559133441 0.7319176814905864 0.7314438038477328 0.7309699262048792 0.7304960485620255 0.7300221709191719 0.7295482932763182 0.7290744156334645 0.7286005379906109 0.7281266603477572 0.7276527827049035 0.72717890506205 0.7267050274191963
0.7490876087324869 0.7485778729546146 0.7480681371767423 0.7475584013988699 0.7470486656209975 0.7465389298431251 0.7460291940652518 0.7455194582873794 0.745009722509507 0.7444999867316346 0.7439902509537623 0.7434805151758899 0.7429707793980175 0.7424610436201451 0.7419513078422727 0.7414415720644003 0.7409408830544063 0.7404498652439722 0.7399588474335379 0.7394678296231029 0.7389768118126686 0.7384857940022344 0.7379947761918002 0.737503758381366 0.7370127405709317 0.7365217227604975 0.7360307049500633 0.735539687139629 0.7350486693291948 0.7345576515187606 0.7340666337083264 0.7335756158978921 0.7330845980874571 0.7325935802770228 0.7321025624665887 0.7316115446561544 0.7311205268457202 0.7306295090352859 0.7301384912248517 0.7296474734144175 0.7291564556039832 0.7286654377935491 0.7281744199831148 0.7276834021726806
0.7507779541631934 0.7502526930302345 0.7497274318972755 0.7492021707643166 0.7486769096313577 0.7481516484983988 0.747626387365439 0.74710112623248 0.7465758650995211 0.7460506039665623 0.7455253428336034 0.7450000817006445 0.7444748205676855 0.7439495594347266 0.7434242983017677 0.7428990371688088 0.7423820423325661 0.7418738843545514 0.7413657263765365 0.7408575683985209 0.7403494104205061 0.7398412524424912 0.7393330944644765 0.7388249364864616 0.7383167785084469 0.7378086205304321 0.7373004625524172 0.7367923045744025 0.7362841465963876 0.7357759886183729 0.735267830640358 0.7347596726623433 0.7342515146843276 0.7337433567063129 0.733235198728298 0.7327270407502832 0.7322188827722684 0.7317107247942536 0.7312025668162389 0.730694408838224 0.7301862508602093 0.7296780928821944 0.7291699349041796 0.7286617769261649
0.7524682995939013 0.7519275131058558 0.7513867266178104 0.7508459401297649 0.7503051536417195 0.749764367153674 0.7492235806656276 0.7486827941775821 0.7481420076895366 0.7476012212014912 0.7470604347134457 0.7465196482254003 0.7459788617373548 0.7454380752493094 0.7448972887612639 0.7443565022732186 0.7438232016107271 0.7432979034651317 0.7427726053195364 0.74224730717394 0.7417220090283446 0.7411967108827493 0.7406714127371539 0.7401461145915585 0.7396208164459631 0.7390955183003678 0.7385702201547724 0.7380449220091769 0.7375196238635816 0.7369943257179862 0.7364690275723909 0.7359437294267954 0.7354184312811992 0.7348931331356038 0.7343678349900085 0.733842536844413 0.7333172386988176 0.7327919405532223 0.7322666424076268 0.7317413442620315 0.7312160461164361 0.7306907479708408 0.7301654498252453 0.72964015167965
0.7541586450246076 0.7536023331814756 0.7530460213383436 0.7524897094952117 0.7519333976520797 0.7513770858089477 0.7508207739658148 0.7502644621226828 0.7497081502795508 0.7491518384364189 0.7485955265932869 0.7480392147501549 0.7474829029070229 0.746926591063891 0.746370279220759 0.7458139673776271 0.7452643608888868 0.7447219225757109 0.7441794842625349 0.7436370459493581 0.7430946076361821 0.7425521693230062 0.7420097310098303 0.7414672926966542 0.7409248543834783 0.7403824160703023 0.7398399777571264 0.7392975394439505 0.7387551011307745 0.7382126628175986 0.7376702245044225 0.7371277861912466 0.7365853478780697 0.7360429095648938 0.7355004712517179 0.7349580329385419 0.734415594625366 0.73387315631219 0.7333307179990141 0.7327882796858382 0.7322458413726621 0.7317034030594862 0.7311609647463102 0.7306185264331343
0.7558489904553141 0.7552771532570955 0.754705316058877 0.7541334788606585 0.75356164166244 0.7529898044642215 0.7524179672660021 0.7518461300677836 0.751274292869565 0.7507024556713465 0.750130618473128 0.7495587812749095 0.7489869440766911 0.7484151068784726 0.747843269680254 0.7472714324820355 0.7467055201670466 0.7461459416862901 0.7455863632055335 0.7450267847247761 0.7444672062440195 0.743907627763263 0.7433480492825065 0.74278847080175 0.7422288923209934 0.7416693138402369 0.7411097353594804 0.7405501568787239 0.7399905783979674 0.7394309999172108 0.7388714214364543 0.7383118429556979 0.7377522644749404 0.7371926859941839 0.7366331075134274 0.7360735290326708 0.7355139505519143 0.7349543720711578 0.7343947935904013 0.7338352151096447 0.7332756366288882 0.7327160581481317 0.7321564796673752 0.7315969011866186
0.7575393358860204 0.7569519733327154 0.7563646107794103 0.7557772482261054 0.7551898856728003 0.7546025231194953 0.7540151605661892 0.7534277980128842 0.7528404354595792 0.7522530729062742 0.7516657103529691 0.7510783477996641 0.7504909852463592 0.7499036226930541 0.7493162601397491 0.748728897586444 0.7481466794452063 0.7475699607968692 0.7469932421485321 0.746416523500194 0.745839804851857 0.7452630862035199 0.7446863675551828 0.7441096489068457 0.7435329302585086 0.7429562116101716 0.7423794929618345 0.7418027743134973 0.7412260556651602 0.7406493370168231 0.740072618368486 0.739495899720149 0.7389191810718109 0.7383424624234738 0.7377657437751367 0.7371890251267996 0.7366123064784625 0.7360355878301255 0.7354588691817884 0.7348821505334512 0.7343054318851141 0.733728713236777 0.7331519945884399 0.7325752759401029
0.7592296813167269 0.7586267934083353 0.7580239054999437 0.7574210175915522 0.7568181296831606 0.7562152417747691 0.7556123538663765 0.7550094659579849 0.7544065780495934 0.7538036901412019 0.7532008022328103 0.7525979143244187 0.7519950264160272 0.7513921385076356 0.7507892505992441 0.7501863626908525 0.7495878387233661 0.7489939799074484 0.7484001210915308 0.7478062622756121 0.7472124034596944 0.7466185446437767 0.7460246858278591 0.7454308270119414 0.7448369681960237 0.7442431093801061 0.7436492505641885 0.7430553917482708 0.7424615329323532 0.7418676741164355 0.7412738153005178 0.7406799564846002 0.7400860976686815 0.7394922388527638 0.7388983800368462 0.7383045212209285 0.7377106624050108 0.7371168035890932 0.7365229447731755 0.7359290859572578 0.7353352271413401 0.7347413683254225 0.7341475095095048 0.7335536506935871
0.7609200267474333 0.7603016134839552 0.7596832002204771 0.759064786956999 0.758446373693521 0.7578279604300429 0.7572095471665637 0.7565911339030856 0.7559727206396075 0.7553543073761295 0.7547358941126514 0.7541174808491733 0.7534990675856953 0.7528806543222172 0.7522622410587391 0.7516438277952611 0.7510289980015259 0.7504179990180276 0.7498070000345294 0.7491960010510301 0.7485850020675319 0.7479740030840336 0.7473630041005355 0.7467520051170372 0.746141006133539 0.7455300071500407 0.7449190081665426 0.7443080091830443 0.743697010199546 0.7430860112160478 0.7424750122325495 0.7418640132490514 0.741253014265552 0.7406420152820539 0.7400310162985556 0.7394200173150574 0.7388090183315591 0.738198019348061 0.7375870203645627 0.7369760213810644 0.7363650223975662 0.735754023414068 0.7351430244305698 0.7345320254470715
0.7626103721781397 0.761976433559575 0.7613424949410105 0.7607085563224458 0.7600746177038812 0.7594406790853167 0.7588067404667509 0.7581728018481864 0.7575388632296217 0.7569049246110572 0.7562709859924925 0.7556370473739279 0.7550031087553634 0.7543691701367987 0.7537352315182341 0.7531012928996695 0.7524701572796856 0.7518420181286068 0.751213878977528 0.7505857398264482 0.7499576006753693 0.7493294615242905 0.7487013223732117 0.7480731832221329 0.747445044071054 0.7468169049199753 0.7461887657688965 0.7455606266178176 0.7449324874667389 0.7443043483156601 0.7436762091645813 0.7430480700135025 0.7424199308624226 0.7417917917113438 0.741163652560265 0.7405355134091862 0.7399073742581074 0.7392792351070285 0.7386510959559498 0.738022956804871 0.7373948176537921 0.7367666785027134 0.7361385393516345 0.7355104002005558
0.7643007176088475 0.7636512536351964 0.7630017896615452 0.7623523256878941 0.761702861714243 0.7610533977405918 0.7604039337669395 0.7597544697932884 0.7591050058196372 0.7584555418459861 0.757806077872335 0.7571566138986838 0.7565071499250327 0.7558576859513816 0.7552082219777304 0.7545587580040792 0.7539113165578466 0.7532660372391872 0.7526207579205278 0.7519754786018673 0.7513301992832079 0.7506849199645486 0.7500396406458891 0.7493943613272298 0.7487490820085704 0.748103802689911 0.7474585233712516 0.7468132440525922 0.7461679647339328 0.7455226854152734 0.744877406096614 0.7442321267779547 0.7435868474592942 0.7429415681406347 0.7422962888219754 0.741651009503316 0.7410057301846567 0.7403604508659972 0.7397151715473378 0.7390698922286785 0.738424612910019 0.7377793335913597 0.7371340542727003 0.7364887749540409
0.7659910630395539 0.7653260737108162 0.7646610843820786 0.7639960950533409 0.7633311057246032 0.7626661163958656 0.7620011270671267 0.761336137738389 0.7606711484096514 0.7600061590809137 0.759341169752176 0.7586761804234384 0.7580111910947007 0.7573462017659631 0.7566812124372254 0.7560162231084877 0.7553524758360063 0.7546900563497664 0.7540276368635264 0.7533652173772853 0.7527027978910453 0.7520403784048054 0.7513779589185654 0.7507155394323255 0.7500531199460856 0.7493907004598456 0.7487282809736057 0.7480658614873656 0.7474034420011257 0.7467410225148857 0.7460786030286458 0.7454161835424058 0.7447537640561648 0.7440913445699248 0.7434289250836849 0.7427665055974448 0.7421040861112049 0.741441666624965 0.740779247138725 0.7401168276524851 0.7394544081662451 0.7387919886800052 0.7381295691937652 0.7374671497075252
0.7676814084702603 0.7670008937864361 0.766320379102612 0.7656398644187877 0.7649593497349635 0.7642788350511394 0.763598320367314 0.7629178056834898 0.7622372909996656 0.7615567763158414 0.7608762616320172 0.760195746948193 0.7595152322643688 0.7588347175805447 0.7581542028967204 0.7574736882128963 0.7567936351141661 0.7561140754603456 0.755434515806525 0.7547549561527034 0.7540753964988828 0.7533958368450623 0.7527162771912418 0.7520367175374212 0.7513571578836007 0.7506775982297802 0.7499980385759596 0.7493184789221391 0.7486389192683186 0.747959359614498 0.7472797999606775 0.746600240306857 0.7459206806530353 0.7452411209992148 0.7445615613453942 0.7438820016915737 0.7432024420377532 0.7425228823839326 0.7418433227301121 0.7411637630762916 0.740484203422471 0.7398046437686505 0.73912508411483 0.7384455244610094
0.7693717539009668 0.768675713862056 0.7679796738231452 0.7672836337842346 0.7665875937453238 0.7658915537064132 0.7651955136675013 0.7644994736285905 0.7638034335896798 0.7631073935507691 0.7624113535118583 0.7617153134729476 0.7610192734340369 0.7603232333951262 0.7596271933562154 0.7589311533173048 0.7582347943923259 0.7575380945709247 0.7568413947495236 0.7561446949281213 0.7554479951067202 0.7547512952853191 0.7540545954639181 0.753357895642517 0.7526611958211159 0.7519644959997147 0.7512677961783136 0.7505710963569125 0.7498743965355115 0.7491776967141104 0.7484809968927093 0.7477842970713081 0.7470875972499059 0.7463908974285047 0.7456941976071036 0.7449974977857026 0.7443007979643015 0.7436040981429004 0.7429073983214993 0.7422106985000981 0.741513998678697 0.740817298857296 0.7401205990358949 0.7394238992144938
0.7710620993316731 0.7703505339376758 0.7696389685436786 0.7689274031496813 0.7682158377556841 0.767504272361687 0.7667927069676884 0.7660811415736912 0.7653695761796939 0.7646580107856967 0.7639464453916994 0.7632348799977022 0.7625233146037049 0.7618117492097077 0.7611001838157104 0.7603886184217132 0.7596759536704856 0.7589621136815039 0.7582482736925222 0.7575344337035393 0.7568205937145577 0.756106753725576 0.7553929137365943 0.7546790737476127 0.753965233758631 0.7532513937696493 0.7525375537806677 0.751823713791686 0.7511098738027043 0.7503960338137227 0.749682193824741 0.7489683538357593 0.7482545138467764 0.7475406738577948 0.7468268338688131 0.7461129938798314 0.7453991538908498 0.7446853139018681 0.7439714739128864 0.7432576339239048 0.7425437939349231 0.7418299539459414 0.7411161139569598 0.7404022739679781
0.7727524447623796 0.7720253540132958 0.771298263264212 0.7705711725151282 0.7698440817660445 0.7691169910169607 0.7683899002678757 0.767662809518792 0.7669357187697081 0.7662086280206244 0.7654815372715406 0.7647544465224568 0.764027355773373 0.7633002650242893 0.7625731742752055 0.7618460835261217 0.7611171129486454 0.7603861327920831 0.7596551526355209 0.7589241724789574 0.7581931923223951 0.7574622121658329 0.7567312320092706 0.7560002518527084 0.7552692716961462 0.754538291539584 0.7538073113830217 0.7530763312264595 0.7523453510698972 0.7516143709133349 0.7508833907567727 0.7501524106002104 0.749421430443647 0.7486904502870848 0.7479594701305226 0.7472284899739603 0.746497509817398 0.7457665296608358 0.7450355495042735 0.7443045693477113 0.743573589191149 0.7428426090345869 0.7421116288780246 0.7413806487214624
0.7744427901930874 0.773700174088917 0.7729575579847467 0.7722149418805765 0.7714723257764061 0.7707297096722359 0.7699870935680643 0.7692444774638939 0.7685018613597236 0.7677592452555533 0.767016629151383 0.7662740130472127 0.7655313969430424 0.764788780838872 0.7640461647347018 0.7633035486305315 0.7625582722268063 0.7618101519026634 0.7610620315785207 0.7603139112543765 0.7595657909302337 0.758817670606091 0.7580695502819481 0.7573214299578053 0.7565733096336624 0.7558251893095196 0.7550770689853767 0.754328948661234 0.7535808283370912 0.7528327080129483 0.7520845876888055 0.7513364673646626 0.7505883470405186 0.7498402267163757 0.7490921063922329 0.74834398606809 0.7475958657439472 0.7468477454198045 0.7460996250956616 0.7453515047715188 0.744603384447376 0.7438552641232331 0.7431071437990903 0.7423590234749475
0.7761331356237938 0.7753749941645369 0.7746168527052801 0.7738587112460232 0.7731005697867664 0.7723424283275097 0.7715842868682515 0.7708261454089946 0.7700680039497378 0.769309862490481 0.7685517210312242 0.7677935795719673 0.7670354381127105 0.7662772966534537 0.7655191551941968 0.76476101373494 0.7639994315049661 0.7632341710132426 0.7624689105215193 0.7617036500297946 0.7609383895380711 0.7601731290463478 0.7594078685546244 0.758642608062901 0.7578773475711776 0.7571120870794542 0.7563468265877308 0.7555815660960075 0.754816305604284 0.7540510451125606 0.7532857846208373 0.7525205241291139 0.7517552636373892 0.7509900031456658 0.7502247426539423 0.749459482162219 0.7486942216704956 0.7479289611787722 0.7471637006870487 0.7463984401953254 0.745633179703602 0.7448679192118786 0.7441026587201552 0.7433373982284318
0.7778234810545002 0.7770498142401568 0.7762761474258135 0.7755024806114701 0.7747288137971268 0.7739551469827834 0.7731814801684387 0.7724078133540954 0.771634146539752 0.7708604797254086 0.7700868129110653 0.7693131460967219 0.7685394792823785 0.7677658124680352 0.7669921456536918 0.7662184788393485 0.7654405907831259 0.7646581901238219 0.763875789464518 0.7630933888052126 0.7623109881459086 0.7615285874866047 0.7607461868273007 0.7599637861679968 0.7591813855086927 0.7583989848493888 0.7576165841900848 0.7568341835307809 0.7560517828714769 0.755269382212173 0.754486981552869 0.7537045808935651 0.7529221802342597 0.7521397795749558 0.7513573789156518 0.7505749782563479 0.7497925775970439 0.74901017693774 0.748227776278436 0.747445375619132 0.746662974959828 0.7458805743005241 0.7450981736412201 0.7443157729819162
