Figures/CREST_Example_wjb_NSE/PETs/wjb.pet.20100410.asc
ncols            288
nrows            254
xllcorner        113.274861
yllcorner        31.4918055
cellsize         0.008333333333
NODATA_value     -9999
[rows 100 to 119 of 254, columns 44 to 87 of 288]
1.9232832772739052 1.922753863920304 1.9222244505667028 1.9216950372131016 1.9211656238595005 1.9206362105058994 1.9201067971522983 1.9195773837986971 1.919047970445095 1.9185185570914938 1.9179891437378926 1.9174597303842915 1.9169303170306904 1.9164009036770893 1.915871490323488 1.9153420769698868 1.9148126636162857 1.9142832502626845 1.9137538369090834 1.9132244235554823 1.9126950102018812 1.912165596848279 1.9116361834946778 1.9111067701410767 1.9105773567874755 1.9100479434338744 1.9095185300802733 1.908989116726672 1.9083540068208198 1.9076059049112286 1.9068578030016374 1.906109701092046 1.9053615991824548 1.9046134972728637 1.9038653953632712 1.90311729345368 1.9023691915440888 1.9016210896344976 1.9008729877249064 1.9001248858153152 1.899376783905724 1.8986286819961329 1.8978805800865417 1.8971324781769505
1.9247937962730552 1.9242853951097016 1.9237769939463483 1.9232685927829947 1.9227601916196413 1.922251790456288 1.9217433892929343 1.921234988129581 1.9207265869662264 1.920218185802873 1.9197097846395197 1.919201383476166 1.9186929823128127 1.9181845811494591 1.9176761799861057 1.9171677788227521 1.9166593776593988 1.9161509764960454 1.9156425753326918 1.9151341741693384 1.9146257730059848 1.9141173718426305 1.9136089706792772 1.9131005695159236 1.9125921683525702 1.9120837671892166 1.9115753660258632 1.9110669648625098 1.9104797182793556 1.9098081841600503 1.9091366500407452 1.9084651159214399 1.9077935818021345 1.9071220476828294 1.906450513563523 1.9057789794442177 1.9051074453249124 1.9044359112056073 1.903764377086302 1.9030928429669969 1.9024213088476916 1.9017497747283862 1.9010782406090811 1.9004067064897758
1.9263043152722052 1.9258169262990994 1.9253295373259935 1.924842148352888 1.924354759379782 1.9238673704066762 1.9233799814335706 1.9228925924604647 1.9224052034873582 1.9219178145142524 1.9214304255411465 1.9209430365680409 1.920455647594935 1.9199682586218294 1.9194808696487236 1.9189934806756177 1.918506091702512 1.9180187027294062 1.9175313137563004 1.9170439247831947 1.916556535810089 1.9160691468369824 1.9155817578638765 1.9150943688907707 1.914606979917665 1.9141195909445592 1.9136322019714533 1.9131448129983477 1.9126054297378916 1.9120104634088724 1.9114154970798531 1.910820530750834 1.9102255644218145 1.9096305980927952 1.9090356317637749 1.9084406654347557 1.9078456991057364 1.9072507327767172 1.9066557664476977 1.9060608001186785 1.9054658337896593 1.90487086746064 1.9042759011316206 1.9036809348026014
1.9278148342713552 1.9273484574884971 1.926882080705639 1.926415703922781 1.9259493271399228 1.9254829503570647 1.9250165735742066 1.9245501967913485 1.9240838200084898 1.9236174432256317 1.9231510664427736 1.9226846896599155 1.9222183128770574 1.9217519360941993 1.9212855593113412 1.920819182528483 1.920352805745625 1.919886428962767 1.919420052179909 1.9189536753970509 1.9184872986141928 1.9180209218313338 1.9175545450484757 1.9170881682656178 1.9166217914827597 1.9161554146999016 1.9156890379170435 1.9152226611341854 1.9147311411964274 1.9142127426576943 1.9136943441189609 1.9131759455802275 1.9126575470414942 1.9121391485027608 1.9116207499640268 1.9111023514252934 1.91058395288656 1.9100655543478267 1.9095471558090933 1.9090287572703601 1.9085103587316268 1.9079919601928934 1.90747356165416 1.9069551631154267
1.9293253532705052 1.928879988677895 1.9284346240852843 1.927989259492674 1.9275438949000636 1.9270985303074533 1.926653165714843 1.9262078011222326 1.9257624365296213 1.925317071937011 1.9248717073444006 1.9244263427517903 1.92398097815918 1.9235356135665693 1.923090248973959 1.9226448843813486 1.9221995197887383 1.921754155196128 1.9213087906035176 1.9208634260109072 1.9204180614182966 1.9199726968256856 1.9195273322330753 1.919081967640465 1.9186366030478543 1.918191238455244 1.9177458738626336 1.9173005092700233 1.9168568526549636 1.9164150219065161 1.9159731911580689 1.9155313604096216 1.915089529661174 1.9146476989127268 1.9142058681642786 1.9137640374158313 1.9133222066673838 1.9128803759189366 1.9124385451704893 1.9119967144220418 1.9115548836735945 1.911113052925147 1.9106712221766997 1.9102293914282524
1.9308358722696564 1.9304115198672938 1.929987167464931 1.9295628150625683 1.9291384626602057 1.928714110257843 1.9282897578554803 1.9278654054531177 1.9274410530507542 1.9270167006483916 1.926592348246029 1.9261679958436662 1.9257436434413036 1.925319291038941 1.9248949386365781 1.9244705862342155 1.924046233831853 1.92362188142949 1.9231975290271275 1.9227731766247649 1.9223488242224023 1.9219244718200388 1.9215001194176762 1.9210757670153134 1.9206514146129507 1.9202270622105881 1.9198027098082253 1.9193783574058627 1.9189825641135012 1.91861730115534 1.9182520381971786 1.9178867752390172 1.917521512280856 1.9171562493226946 1.9167909863645327 1.9164257234063713 1.9160604604482099 1.9156951974900487 1.9153299345318873 1.914964671573726 1.9145994086155647 1.9142341456574032 1.913868882699242 1.9135036197410806
1.9323463912688064 1.9319430510566913 1.9315397108445764 1.9311363706324614 1.9307330304203465 1.9303296902082314 1.9299263499961166 1.9295230097840015 1.929119669571886 1.9287163293597709 1.9283129891476558 1.927909648935541 1.9275063087234259 1.927102968511311 1.926699628299196 1.926296288087081 1.925892947874966 1.9254896076628512 1.925086267450736 1.9246829272386212 1.9242795870265061 1.9238762468143904 1.9234729066022755 1.9230695663901605 1.9226662261780456 1.9222628859659305 1.9218595457538157 1.9214562055417006 1.9211082755720372 1.920819580404162 1.9205308852362866 1.9202421900684112 1.919953494900536 1.9196647997326604 1.9193761045647846 1.9190874093969092 1.9187987142290337 1.9185100190611584 1.918221323893283 1.9179326287254077 1.9176439335575324 1.9173552383896568 1.9170665432217815 1.9167778480539062
1.9338569102679564 1.933474582246089 1.9330922542242217 1.9327099262023546 1.9323275981804873 1.93194527015862 1.9315629421367526 1.9311806141148855 1.9307982860930175 1.9304159580711502 1.9300336300492829 1.9296513020274157 1.9292689740055484 1.928886645983681 1.9285043179618138 1.9281219899399467 1.9277396619180793 1.927357333896212 1.9269750058743447 1.9265926778524773 1.9262103498306102 1.9258280218087422 1.925445693786875 1.9250633657650076 1.9246810377431405 1.9242987097212731 1.9239163816994058 1.9235340536775385 1.9232339870305735 1.923021859652984 1.9228097322753945 1.922597604897805 1.9223854775202158 1.9221733501426264 1.9219612227650364 1.9217490953874472 1.9215369680098577 1.9213248406322683 1.9211127132546788 1.9209005858770893 1.9206884584995 1.9204763311219106 1.9202642037443212 1.9200520763667317
1.9353674292671064 1.9350061134354868 1.9346447976038672 1.9342834817722476 1.933922165940628 1.9335608501090085 1.9331995342773889 1.9328382184457693 1.932476902614149 1.9321155867825295 1.93175427095091 1.9313929551192903 1.9310316392876707 1.9306703234560512 1.9303090076244316 1.929947691792812 1.9295863759611924 1.9292250601295728 1.9288637442979533 1.9285024284663337 1.928141112634714 1.9277797968030939 1.9274184809714743 1.9270571651398547 1.9266958493082351 1.9263345334766155 1.925973217644996 1.9256119018133764 1.9253596984891093 1.9252241389018059 1.9250885793145023 1.924953019727199 1.9248174601398955 1.924681900552592 1.9245463409652883 1.9244107813779847 1.9242752217906813 1.924139662203378 1.9240041026160744 1.923868543028771 1.9237329834414676 1.923597423854164 1.9234618642668606 1.923326304679557
1.9368779482662564 1.9365376446248845 1.9361973409835125 1.9358570373421407 1.9355167337007688 1.935176430059397 1.934836126418025 1.934495822776653 1.9341555191352806 1.9338152154939088 1.933474911852537 1.933134608211165 1.932794304569793 1.9324540009284212 1.9321136972870494 1.9317733936456774 1.9314330900043055 1.9310927863629337 1.9307524827215619 1.9304121790801898 1.930071875438818 1.9297315717974455 1.9293912681560736 1.9290509645147018 1.9287106608733298 1.928370357231958 1.928030053590586 1.9276897499492143 1.9274854099476453 1.9274264181506278 1.9273674263536102 1.9273084345565927 1.9272494427595752 1.927190450962558 1.9271314591655402 1.9270724673685227 1.9270134755715052 1.9269544837744876 1.9268954919774701 1.9268365001804526 1.9267775083834353 1.9267185165864178 1.9266595247894003 1.9266005329923828
1.9383884672654064 1.938069175814282 1.937749884363158 1.9374305929120337 1.9371113014609096 1.9367920100097853 1.9364727185586612 1.936153427107537 1.9358341356564122 1.935514844205288 1.9351955527541638 1.9348762613030397 1.9345569698519154 1.9342376784007913 1.933918386949667 1.933599095498543 1.9332798040474186 1.9329605125962945 1.9326412211451702 1.932321929694046 1.9320026382429218 1.931683346791797 1.9313640553406728 1.9310447638895487 1.9307254724384244 1.9304061809873003 1.930086889536176 1.929767598085052 1.9296111214061813 1.9296286973994496 1.9296462733927182 1.9296638493859866 1.9296814253792551 1.9296990013725235 1.929716577365792 1.9297341533590604 1.929751729352329 1.9297693053455973 1.929786881338866 1.9298044573321342 1.9298220333254028 1.9298396093186712 1.9298571853119397 1.9298747613052083
1.9398989862645575 1.9396007070036811 1.9393024277428046 1.939004148481928 1.9387058692210517 1.9384075899601751 1.9381093106992986 1.9378110314384223 1.9375127521775453 1.9372144729166687 1.9369161936557922 1.9366179143949158 1.9363196351340393 1.9360213558731627 1.9357230766122864 1.9354247973514098 1.9351265180905333 1.934828238829657 1.9345299595687804 1.9342316803079038 1.9339334010470275 1.9336351217861505 1.933336842525274 1.9330385632643976 1.932740284003521 1.9324420047426445 1.9321437254817682 1.9318454462208916 1.931736832864719 1.9318309766482735 1.931925120431828 1.9320192642153826 1.932113407998937 1.9322075517824915 1.9323016955660461 1.9323958393496006 1.932489983133155 1.9325841269167097 1.932678270700264 1.9327724144838185 1.932866558267373 1.9329607020509274 1.933054845834482 1.9331489896180365
1.9414095052637075 1.9411322381930787 1.9408549711224499 1.940577704051821 1.9403004369811925 1.9400231699105637 1.9397459028399349 1.939468635769306 1.9391913686986768 1.938914101628048 1.9386368345574192 1.9383595674867904 1.9380823004161616 1.9378050333455328 1.937527766274904 1.9372504992042752 1.9369732321336464 1.9366959650630176 1.9364186979923887 1.9361414309217602 1.9358641638511314 1.935586896780502 1.9353096297098733 1.9350323626392445 1.9347550955686157 1.9344778284979869 1.934200561427358 1.9339232943567293 1.9338625443232549 1.9340332558970954 1.934203967470936 1.9343746790447762 1.9345453906186167 1.9347161021924573 1.934886813766298 1.9350575253401383 1.9352282369139788 1.9353989484878193 1.9355696600616596 1.9357403716355002 1.9359110832093407 1.936081794783181 1.9362525063570215 1.936423217930862
1.9429200242628575 1.9426637693824764 1.9424075145020954 1.9421512596217143 1.9418950047413333 1.941638749860952 1.941382494980571 1.9411262401001899 1.9408699852198084 1.9406137303394273 1.9403574754590462 1.9401012205786652 1.939844965698284 1.9395887108179029 1.9393324559375218 1.9390762010571407 1.9388199461767597 1.9385636912963786 1.9383074364159976 1.9380511815356163 1.9377949266552352 1.9375386717748537 1.9372824168944727 1.9370261620140916 1.9367699071337106 1.9365136522533295 1.9362573973729482 1.9360011424925672 1.935988255781791 1.9362355351459175 1.936482814510044 1.9367300938741703 1.9369773732382967 1.937224652602423 1.9374719319665499 1.9377192113306763 1.9379664906948026 1.938213770058929 1.9384610494230554 1.9387083287871818 1.9389556081513082 1.9392028875154346 1.939450166879561 1.9396974462436873
1.9444305432620075 1.9441953005718742 1.9439600578817406 1.9437248151916073 1.943489572501474 1.9432543298113405 1.9430190871212072 1.9427838444310737 1.94254860174094 1.9423133590508066 1.942078116360673 1.9418428736705398 1.9416076309804062 1.941372388290273 1.9411371456001396 1.940901902910006 1.9406666602198728 1.9404314175297392 1.940196174839606 1.9399609321494724 1.939725689459339 1.9394904467692053 1.9392552040790718 1.9390199613889385 1.9387847186988052 1.9385494760086717 1.9383142333185384 1.9380789906284048 1.938113967240327 1.9384378143947392 1.9387616615491516 1.9390855087035639 1.9394093558579764 1.9397332030123886 1.9400570501668015 1.940380897321214 1.9407047444756262 1.9410285916300387 1.9413524387844512 1.9416762859388634 1.942000133093276 1.9423239802476882 1.9426478274021006 1.9429716745565129
1.9459410622611575 1.945726831761272 1.9455126012613861 1.9452983707615004 1.9450841402616148 1.944869909761729 1.9446556792618432 1.9444414487619577 1.9442272182620715 1.944012987762186 1.9437987572623001 1.9435845267624143 1.9433702962625288 1.943156065762643 1.9429418352627574 1.9427276047628717 1.9425133742629859 1.9422991437631003 1.9420849132632145 1.9418706827633287 1.9416564522634432 1.941442221763557 1.9412279912636714 1.9410137607637856 1.9407995302638998 1.9405852997640143 1.9403710692641285 1.9401568387642427 1.940239678698863 1.9406400936435613 1.9410405085882596 1.941440923532958 1.9418413384776563 1.9422417534223546 1.9426421683670536 1.943042583311752 1.9434429982564503 1.9438434132011486 1.944243828145847 1.9446442430905453 1.9450446580352436 1.945445072979942 1.9458454879246403 1.9462459028693386
1.9474515812603075 1.9472583629506695 1.9470651446410316 1.9468719263313936 1.9466787080217556 1.9464854897121175 1.9462922714024795 1.9460990530928415 1.9459058347832032 1.9457126164735652 1.9455193981639272 1.9453261798542891 1.945132961544651 1.944939743235013 1.9447465249253753 1.9445533066157372 1.9443600883060992 1.9441668699964612 1.9439736516868231 1.943780433377185 1.943587215067547 1.9433939967579088 1.9432007784482708 1.9430075601386327 1.9428143418289947 1.9426211235193567 1.9424279052097186 1.9422346869000808 1.942365390157399 1.9428423728923834 1.9433193556273676 1.9437963383623518 1.9442733210973362 1.9447503038323204 1.9452272865673055 1.9457042693022897 1.946181252037274 1.9466582347722583 1.9471352175072425 1.947612200242227 1.9480891829772111 1.9485661657121955 1.9490431484471797 1.949520131182164
1.9489621002594575 1.9487898941400672 1.948617688020677 1.9484454819012866 1.9482732757818964 1.948101069662506 1.9479288635431156 1.9477566574237253 1.9475844513043348 1.9474122451849445 1.9472400390655542 1.9470678329461637 1.9468956268267734 1.9467234207073831 1.9465512145879929 1.9463790084686026 1.9462068023492123 1.946034596229822 1.9458623901104315 1.9456901839910412 1.945517977871651 1.9453457717522604 1.94517356563287 1.9450013595134796 1.9448291533940893 1.944656947274699 1.9444847411553088 1.9443125350359185 1.944491101615935 1.945044652141205 1.9455982026664753 1.9461517531917456 1.946705303717016 1.9472588542422862 1.9478124047675573 1.9483659552928276 1.9489195058180977 1.949473056343368 1.9500266068686383 1.9505801573939086 1.9511337079191788 1.951687258444449 1.9522408089697192 1.9527943594949895
1.9441326749591115 1.9439892231987042 1.9438457714382968 1.9437023196778895 1.9435588679174822 1.943415416157075 1.9432719643966676 1.9431285126362603 1.9429850608758528 1.9428416091154457 1.9426981573550384 1.942554705594631 1.9424112538342237 1.9422678020738164 1.9421243503134091 1.9419808985530018 1.9418374467925947 1.9416939950321874 1.9415505432717801 1.9414070915113728 1.9412636397509655 1.941120187990558 1.9409767362301507 1.9408332844697433 1.940689832709336 1.940546380948929 1.9404029291885216 1.9402594774281143 1.9404680426944505 1.9410529221200927 1.9416378015457352 1.9422226809713774 1.9428075603970196 1.943392439822662 1.9439773192483052 1.9445621986739476 1.9451470780995899 1.9457319575252323 1.9463168369508745 1.9469017163765168 1.9474865958021592 1.9480714752278014 1.9486563546534437 1.9492412340790861
1.9325262488923711 1.9324198273812345 1.932313405870098 1.9322069843589613 1.932100562847825 1.9319941413366883 1.9318877198255517 1.9317812983144151 1.9316748768032785 1.931568455292142 1.9314620337810053 1.9313556122698687 1.9312491907587324 1.9311427692475958 1.9310363477364592 1.9309299262253226 1.9308235047141862 1.9307170832030496 1.930610661691913 1.9305042401807764 1.93039781866964 1.9302913971585032 1.9301849756473666 1.93007855413623 1.9299721326250936 1.929865711113957 1.9297592896028204 1.9296528680916838 1.9298723358742933 1.9304401866789898 1.931008037483686 1.9315758882883822 1.9321437390930787 1.932711589897775 1.9332794407024723 1.9338472915071685 1.934415142311865 1.9349829931165612 1.9355508439212576 1.9361186947259539 1.9366865455306501 1.9372543963353466 1.9378222471400428 1.9383900979447393
