Figures/CREST_Example_wjb_NSE/PETs/wjb.pet.20090820.asc
ncols            288
nrows            254
xllcorner        113.274861
yllcorner        31.4918055
cellsize         0.008333333333
NODATA_value     -9999
[rows 180 to 199 of 254, columns 132 to 175 of 288]
3.0222437429822806 3.026395548009552 3.0305473530368237 3.0346991580640954 3.038850963091367 3.043002768118639 3.0471545731459106 3.0513063781731824 3.055458183200454 3.059609988227726 3.0637617932549976 3.0679135982822765 3.0720654033095482 3.07621720833682 3.0803690133640917 3.0845208183913635 3.0886726234186352 3.092824428445907 3.0969762334731783 3.10112803850045 3.105279843527722 3.1094316485549935 3.1135834535822653 3.117735258609537 3.121887063636816 3.1260388686640876 3.1301906736913594 3.134342478718631 3.138494283745903 3.1426460887731746 3.1452020779343286 3.1460521038349034 3.1469021297354787 3.147752155636054 3.1486021815366287 3.149452207437204 3.1503022333377793 3.151152259238356 3.1520022851389307 3.152852311039506 3.153702336940081 3.154552362840656 3.1554023887412312 3.1562524146418065
3.030495920913265 3.0346624176971275 3.0388289144809906 3.0429954112648536 3.0471619080487162 3.0513284048325793 3.055494901616442 3.059661398400305 3.063827895184168 3.0679943919680306 3.0721608887518936 3.0763273855357633 3.0804938823196264 3.0846603791034894 3.088826875887352 3.092993372671215 3.097159869455078 3.1013263662389408 3.105492863022804 3.1096593598066664 3.1138258565905295 3.1179923533743925 3.122158850158255 3.126325346942118 3.130491843725988 3.134658340509851 3.138824837293714 3.1429913340775766 3.1471578308614396 3.1513243276453027 3.1538784368908455 3.1547088673833503 3.1555392978758556 3.1563697283683605 3.1572001588608654 3.15803058935337 3.158861019845875 3.1596914503383817 3.1605218808308866 3.1613523113233915 3.1621827418158963 3.163013172308401 3.163843602800906 3.164674033293411
3.038748098844249 3.0429292873847027 3.047110475925157 3.051291664465611 3.055472853006065 3.059654041546519 3.063835230086973 3.068016418627427 3.0721976071678814 3.0763787957083353 3.080559984248789 3.0847411727892506 3.0889223613297045 3.093103549870159 3.097284738410613 3.1014659269510667 3.105647115491521 3.109828304031975 3.114009492572429 3.1181906811128832 3.122371869653337 3.126553058193791 3.1307342467342454 3.1349154352746993 3.1390966238151607 3.1432778123556147 3.1474590008960686 3.151640189436523 3.155821377976977 3.1600025665174307 3.162554795847363 3.163365630931798 3.1641764660162326 3.1649873011006675 3.165798136185102 3.166608971269537 3.1674198063539714 3.1682306414384076 3.1690414765228425 3.169852311607277 3.170663146691712 3.171473981776147 3.1722848168605813 3.173095651945016
3.0470002767752398 3.051196157072285 3.05539203736933 3.0595879176663754 3.0637837979634206 3.067979678260466 3.072175558557511 3.076371438854556 3.080567319151602 3.084763199448647 3.0889590797456923 3.0931549600427446 3.09735084033979 3.101546720636835 3.10574260093388 3.1099384812309254 3.1141343615279706 3.118330241825016 3.122526122122061 3.1267220024191062 3.1309178827161515 3.1351137630131967 3.1393096433102423 3.1435055236072875 3.14770140390434 3.151897284201385 3.1560931644984302 3.1602890447954755 3.1644849250925207 3.168680805389566 3.1712311548038876 3.172022394480252 3.1728136341566167 3.173604873832981 3.1743961135093457 3.17518735318571 3.1759785928620747 3.1767698325384406 3.177561072214805 3.1783523118911696 3.179143551567534 3.1799347912438987 3.180726030920263 3.1815172705966277
3.0552524547062236 3.05946302675986 3.0636735988134967 3.067884170867133 3.0720947429207692 3.0763053149744057 3.0805158870280422 3.0847264590816788 3.0889370311353153 3.0931476031889513 3.097358175242588 3.1015687472962314 3.105779319349868 3.1099898914035045 3.114200463457141 3.118411035510777 3.1226216075644135 3.12683217961805 3.1310427516716866 3.135253323725323 3.139463895778959 3.1436744678325956 3.147885039886232 3.1520956119398686 3.1563061839935123 3.1605167560471488 3.164727328100785 3.1689379001544213 3.173148472208058 3.1773590442616944 3.179907513760405 3.1806791580286995 3.1814508022969936 3.182222446565288 3.1829940908335823 3.183765735101877 3.184537379370171 3.185309023638467 3.186080667906761 3.1868523121750556 3.1876239564433497 3.1883956007116443 3.1891672449799384 3.189938889248233
3.0635046326372075 3.0677298964474353 3.0719551602576627 3.0761804240678905 3.080405687878118 3.0846309516883457 3.088856215498573 3.093081479308801 3.097306743119028 3.101532006929256 3.1057572707394834 3.1099825345497183 3.114207798359946 3.1184330621701735 3.1226583259804013 3.1268835897906286 3.1311088536008564 3.135334117411084 3.1395593812213116 3.143784645031539 3.148009908841767 3.152235172651994 3.156460436462222 3.1606857002724493 3.1649109640826842 3.1691362278929116 3.1733614917031394 3.1775867555133672 3.1818120193235946 3.186037283133822 3.1885838727169222 3.1893359215771464 3.1900879704373706 3.1908400192975948 3.191592068157819 3.192344117018043 3.1930961658782673 3.193848214738493 3.194600263598717 3.195352312458941 3.1961043613191653 3.1968564101793895 3.1976084590396137 3.198360507899838
3.0717568105681923 3.075996766135011 3.0802367217018296 3.0844766772686483 3.088716632835467 3.0929565884022856 3.0971965439691047 3.1014364995359234 3.105676455102742 3.1099164106695607 3.1141563662363794 3.1183963218032056 3.1226362773700242 3.126876232936843 3.1311161885036616 3.1353561440704807 3.1395960996372994 3.143836055204118 3.1480760107709367 3.1523159663377553 3.156555921904574 3.160795877471393 3.165035833038212 3.1692757886050305 3.1735157441718562 3.1777556997386753 3.181995655305494 3.1862356108723127 3.1904755664391313 3.19471552200595 3.1972602316734395 3.1979926851255933 3.1987251385777475 3.1994575920299013 3.200190045482055 3.2009224989342093 3.201654952386363 3.2023874058385187 3.2031198592906724 3.2038523127428262 3.2045847661949804 3.2053172196471342 3.2060496730992885 3.2067821265514422
3.080008988499176 3.084263635822586 3.0885182831459956 3.0927729304694056 3.0970275777928156 3.1012822251162255 3.1055368724396355 3.1097915197630455 3.1140461670864554 3.1183008144098654 3.1225554617332754 3.1268101090566924 3.1310647563801024 3.1353194037035124 3.139574051026922 3.143828698350332 3.148083345673742 3.152337992997152 3.1565926403205617 3.1608472876439717 3.1651019349673817 3.1693565822907916 3.1736112296142016 3.177865876937611 3.1821205242610286 3.186375171584438 3.190629818907848 3.194884466231258 3.199139113554668 3.203393760878078 3.2059365906299564 3.2066494486740402 3.207362306718124 3.208075164762208 3.2087880228062917 3.2095008808503755 3.2102137388944594 3.2109265969385445 3.211639454982628 3.2123523130267118 3.2130651710707956 3.2137780291148794 3.2144908871589633 3.215203745203047
3.08826116643016 3.0925305055101613 3.096799844590162 3.1010691836701634 3.105338522750164 3.1096078618301655 3.1138772009101667 3.1181465399901676 3.122415879070169 3.12668521815017 3.130954557230171 3.1352238963101793 3.1394932353901805 3.1437625744701814 3.1480319135501826 3.152301252630184 3.1565705917101847 3.160839930790186 3.165109269870187 3.169378608950188 3.1736479480301893 3.17791728711019 3.1821866261901914 3.1864559652701927 3.190725304350201 3.194994643430202 3.199263982510203 3.2035333215902044 3.2078026606702053 3.2120719997502065 3.214612949586474 3.2153062122224876 3.2159994748585015 3.216692737494515 3.2173860001305283 3.218079262766542 3.2187725254025557 3.2194657880385704 3.2201590506745843 3.2208523133105977 3.221545575946611 3.222238838582625 3.2229321012186385 3.223625363854652
3.096513344361151 3.100797375197743 3.1050814060343357 3.109365436870928 3.11364946770752 3.1179334985441125 3.1222175293807046 3.1265015602172967 3.1307855910538893 3.1350696218904814 3.1393536527270736 3.1436376835636732 3.1479217144002654 3.152205745236858 3.15648977607345 3.160773806910042 3.1650578377466347 3.169341868583227 3.173625899419819 3.1779099302564116 3.1821939610930037 3.186477991929596 3.1907620227661884 3.1950460536027805 3.19933008443938 3.2036141152759723 3.207898146112565 3.212182176949157 3.216466207785749 3.220750238622341 3.2232893085429986 3.223962975770942 3.224636642998885 3.2253103102268286 3.225983977454772 3.2266576446827155 3.2273313119106586 3.2280049791386034 3.228678646366547 3.22935231359449 3.2300259808224334 3.230699648050377 3.2313733152783204 3.232046982506264
3.104765522292135 3.1090642448853183 3.1133629674785017 3.117661690071685 3.121960412664869 3.1262591352580524 3.130557857851236 3.1348565804444193 3.1391553030376027 3.143454025630786 3.1477527482239696 3.1520514708171605 3.156350193410344 3.1606489160035274 3.164947638596711 3.1692463611898942 3.1735450837830776 3.177843806376261 3.1821425289694445 3.186441251562628 3.1907399741558113 3.1950386967489948 3.199337419342178 3.2036361419353616 3.2079348645285526 3.212233587121736 3.2165323097149194 3.220831032308103 3.2251297549012863 3.2294284774944697 3.231965667499516 3.2326197393193894 3.2332738111392625 3.2339278829591356 3.2345819547790087 3.235236026598882 3.2358900984187553 3.2365441702386297 3.237198242058503 3.237852313878376 3.238506385698249 3.239160457518122 3.2398145293379956 3.2404686011578687
3.113017700223119 3.117331114572894 3.1216445289226686 3.1259579432724434 3.1302713576222176 3.1345847719719924 3.138898186321767 3.143211600671542 3.147525015021316 3.151838429371091 3.1561518437208655 3.1604652580706474 3.164778672420422 3.169092086770197 3.173405501119971 3.177718915469746 3.1820323298195206 3.1863457441692953 3.1906591585190696 3.1949725728688443 3.199285987218619 3.2035994015683933 3.207912815918168 3.2122262302679427 3.2165396446177246 3.2208530589674993 3.225166473317274 3.2294798876670487 3.233793302016823 3.2381067163665977 3.240642026456033 3.2412765028678363 3.2419109792796394 3.242545455691442 3.2431799321032453 3.2438144085150484 3.244448884926851 3.245083361338655 3.2457178377504583 3.2463523141622614 3.2469867905740646 3.2476212669858673 3.2482557433976704 3.2488902198094736
3.1212698781541035 3.125597984260469 3.1299260903668347 3.1342541964732007 3.1385823025795663 3.1429104086859323 3.147238514792298 3.151566620898664 3.1558947270050295 3.1602228331113955 3.164550939217761 3.1688790453241342 3.1732071514305003 3.177535257536866 3.1818633636432314 3.1861914697495974 3.190519575855963 3.194847681962329 3.1991757880686946 3.2035038941750607 3.2078320002814262 3.2121601063877923 3.216488212494158 3.2208163186005234 3.2251444247068966 3.2294725308132626 3.233800636919628 3.238128743025994 3.2424568491323598 3.246784955238726 3.2493183854125505 3.249933266416283 3.250548147420016 3.2511630284237487 3.2517779094274815 3.2523927904312147 3.2530076714349474 3.253622552438681 3.2542374334424142 3.254852314446147 3.2554671954498797 3.2560820764536125 3.256696957457345 3.257311838461078
3.1295220560850874 3.1338648539480443 3.138207651811001 3.142550449673958 3.146893247536915 3.1512360453998722 3.155578843262829 3.159921641125786 3.164264438988743 3.1686072368516998 3.1729500347146566 3.177292832577621 3.181635630440578 3.185978428303535 3.190321226166492 3.194664024029449 3.199006821892406 3.203349619755363 3.2076924176183197 3.2120352154812766 3.2163780133442335 3.220720811207191 3.2250636090701477 3.2294064069331045 3.233749204796069 3.238092002659026 3.2424348005219827 3.2467775983849396 3.2511203962478965 3.2554631941108534 3.2579947443690678 3.25859002996473 3.259185315560393 3.2597806011560553 3.260375886751718 3.260971172347381 3.2615664579430432 3.262161743538707 3.2627570291343697 3.2633523147300325 3.263947600325695 3.2645428859213577 3.26513817151702 3.265733457112683
3.137774234016075 3.142131723635623 3.146489213255171 3.1508467028747194 3.155204192494267 3.1595616821138153 3.1639191717333635 3.1682766613529116 3.17263415097246 3.176991640592008 3.181349130211556 3.1857066198311115 3.1900641094506597 3.194421599070208 3.198779088689756 3.203136578309304 3.2074940679288524 3.2118515575484006 3.2162090471679488 3.220566536787497 3.2249240264070447 3.229281516026593 3.233639005646141 3.2379964952656892 3.242353984885245 3.246711474504793 3.2510689641243413 3.255426453743889 3.2597839433634372 3.2641414329829854 3.2666711033255886 3.267246793513181 3.2678224837007734 3.268398173888366 3.2689738640759582 3.269549554263551 3.2701252444511435 3.270700934638737 3.271276624826329 3.2718523150139216 3.272428005201514 3.2730036953891064 3.273579385576699 3.274155075764291
3.146026411947059 3.1503985933231986 3.1547707746993376 3.159142956075477 3.163515137451616 3.1678873188277556 3.1722595002038947 3.176631681580034 3.1810038629561737 3.1853760443323127 3.189748225708452 3.1941204070845988 3.1984925884607383 3.2028647698368773 3.2072369512130168 3.211609132589156 3.2159813139652953 3.2203534953414343 3.224725676717574 3.2290978580937133 3.2334700394698523 3.237842220845992 3.242214402222131 3.2465865835982703 3.250958764974417 3.2553309463505564 3.2597031277266955 3.264075309102835 3.268447490478974 3.2728196718551135 3.275347462282106 3.275903557061628 3.2764596518411504 3.277015746620673 3.277571841400195 3.2781279361797173 3.2786840309592393 3.2792401257387627 3.2797962205182847 3.280352315297807 3.280908410077329 3.2814645048568516 3.282020599636374 3.282576694415896
3.154278589878043 3.1586654630107738 3.163052336143504 3.1674392092762345 3.171826082408965 3.1762129555416956 3.180599828674426 3.1849867018071563 3.1893735749398866 3.1937604480726174 3.1981473212053477 3.2025341943380856 3.206921067470816 3.2113079406035467 3.215694813736277 3.2200816868690074 3.2244685600017378 3.2288554331344685 3.233242306267199 3.2376291793999292 3.2420160525326596 3.2464029256653903 3.2507897987981207 3.255176671930851 3.259563545063589 3.2639504181963197 3.26833729132905 3.2727241644617804 3.2771110375945107 3.2814979107272415 3.2840238212386232 3.2845603206100753 3.2850968199815274 3.2856333193529794 3.2861698187244315 3.2867063180958835 3.2872428174673356 3.2877793168387885 3.2883158162102406 3.2888523155816927 3.2893888149531447 3.289925314324597 3.290461813696049 3.290998313067501
3.1625307678090304 3.166932332698352 3.1713338975876737 3.1757354624769953 3.180137027366317 3.1845385922556386 3.1889401571449603 3.193341722034282 3.197743286923604 3.2021448518129256 3.2065464167022473 3.210947981591576 3.2153495464808977 3.2197511113702193 3.224152676259541 3.2285542411488626 3.232955806038184 3.237357370927506 3.2417589358168275 3.246160500706149 3.250562065595471 3.2549636304847924 3.259365195374114 3.2637667602634357 3.268168325152765 3.2725698900420865 3.276971454931408 3.28137301982073 3.2857745847100515 3.290176149599373 3.292700180195144 3.293217084158526 3.293733988121908 3.29425089208529 3.2947677960486716 3.2952847000120533 3.2958016039754354 3.296318507938818 3.2968354119022 3.2973523158655818 3.2978692198289634 3.2983861237923455 3.298903027755727 3.2994199317191093
3.1707829457400147 3.1751992023859272 3.17961545903184 3.184031715677753 3.1884479723236656 3.1928642289695786 3.1972804856154915 3.2016967422614044 3.206112998907317 3.21052925555323 3.214945512199143 3.219361768845063 3.223778025490976 3.2281942821368887 3.2326105387828017 3.237026795428714 3.241443052074627 3.24585930872054 3.2502755653664526 3.2546918220123655 3.2591080786582785 3.2635243353041914 3.267940591950104 3.272356848596017 3.2767731052419373 3.28118936188785 3.2856056185337628 3.2900218751796757 3.294438131825588 3.298854388471501 3.3013765391516614 3.301873847706973 3.302371156262285 3.3028684648175965 3.3033657733729083 3.3038630819282195 3.3043603904835313 3.304857699038844 3.3053550075941556 3.3058523161494673 3.306349624704779 3.3068469332600907 3.3073442418154024 3.3078415503707137
3.1790351236709986 3.1834660720735024 3.1878970204760066 3.1923279688785104 3.1967589172810142 3.2011898656835185 3.2056208140860223 3.2100517624885265 3.2144827108910303 3.2189136592935346 3.2233446076960384 3.2277755560985497 3.232206504501054 3.2366374529035578 3.241068401306062 3.245499349708566 3.2499302981110696 3.254361246513574 3.2587921949160776 3.263223143318582 3.2676540917210857 3.27208504012359 3.2765159885260937 3.2809469369285975 3.2853778853311093 3.289808833733613 3.2942397821361173 3.298670730538621 3.3031016789411254 3.307532627343629 3.3100528981081787 3.31053061125542 3.3110083244026614 3.311486037549903 3.3119637506971444 3.3124414638443858 3.3129191769916275 3.3133968901388697 3.313874603286111 3.314352316433353 3.314830029580594 3.3153077427278355 3.3157854558750772 3.3162631690223185
