Figures/CREST_Example_wjb_NSE/PETs/wjb.pet.20100509.asc
ncols            288
nrows            254
xllcorner        113.274861
yllcorner        31.4918055
cellsize         0.008333333333
NODATA_value     -9999
[rows 180 to 199 of 254, columns 88 to 131 of 288]
2.8201969038170955 2.817112269068419 2.814027634319742 2.81094299957106 2.8078583648223834 2.8047737300737063 2.8016890953250297 2.798604460576353 2.795519825827676 2.7924351910789995 2.789350556330323 2.786265921581646 2.7831812868329693 2.7800966520842922 2.777141396365367 2.7743244497546606 2.7715075031439493 2.768690556533243 2.7658736099225365 2.76305666331183 2.760239716701124 2.7574227700904177 2.7546058234797113 2.751788876869005 2.7489719302582984 2.746154983647592 2.7433380370368856 2.740521090426179 2.737704143815473 2.7348871972047615 2.732070250594055 2.7292533039833486 2.7264363573726422 2.723619410761936 2.72080246415123 2.7179855175405234 2.715168570929817 2.7123516243191106 2.709534677708404 2.7067177310976978 2.7039007844869913 2.701083837876285 2.6982668912655736 2.695449944654867
2.8201005112452586 2.8170816355328827 2.814062759820507 2.811043884108126 2.80802500839575 2.805006132683374 2.8019872569709983 2.7989683812586224 2.7959495055462464 2.7929306298338705 2.7899117541214946 2.7868928784091187 2.7838740026967432 2.7808551269843673 2.7779640130343837 2.7752094792972444 2.7724549455601 2.769700411822961 2.7669458780858216 2.7641913443486823 2.761436810611543 2.7586822768744037 2.755927743137264 2.7531732094001247 2.7504186756629854 2.747664141925846 2.7449096081887068 2.7421550744515675 2.739400540714428 2.736646006977284 2.7338914732401447 2.7311369395030054 2.7283824057658657 2.7256278720287264 2.722873338291587 2.7201188045544478 2.7173642708173085 2.714609737080169 2.71185520334303 2.70910066960589 2.706346135868751 2.7035916021316115 2.7008370683944674 2.698082534657328
2.8200041186734213 2.8170510019973465 2.8140978853212713 2.811144768645191 2.8081916519691164 2.805238535293041 2.8022854186169663 2.7993323019408916 2.7963791852648163 2.7934260685887415 2.7904729519126663 2.7875198352365915 2.7845667185605163 2.7816136018844415 2.7787866297034 2.7760945088398277 2.7734023879762506 2.7707102671126784 2.7680181462491062 2.7653260253855336 2.7626339045219614 2.7599417836583893 2.7572496627948166 2.7545575419312445 2.7518654210676723 2.7491733002040997 2.7464811793405275 2.743789058476955 2.7410969376133827 2.7384048167498056 2.7357126958862334 2.7330205750226613 2.7303284541590886 2.7276363332955165 2.7249442124319443 2.7222520915683717 2.7195599707047995 2.7168678498412273 2.7141757289776547 2.7114836081140825 2.7087914872505103 2.7060993663869377 2.703407245523361 2.7007151246597885
2.8199077261015844 2.8170203684618103 2.814133010822036 2.811245653182257 2.808358295542483 2.805470937902709 2.802583580262935 2.7996962226231608 2.7968088649833867 2.7939215073436126 2.7910341497038385 2.788146792064065 2.7852594344242907 2.7823720767845166 2.7796092463724174 2.776979538382412 2.7743498303924023 2.771720122402397 2.769090414412392 2.7664607064223863 2.7638309984323812 2.7612012904423757 2.7585715824523707 2.755941874462365 2.75331216647236 2.7506824584823546 2.7480527504923495 2.7454230425023445 2.742793334512339 2.7401636265223295 2.737533918532324 2.734904210542319 2.7322745025523134 2.7296447945623084 2.727015086572303 2.724385378582298 2.7217556705922923 2.7191259626022872 2.7164962546122817 2.7138665466222767 2.7112368386322716 2.708607130642266 2.705977422652256 2.703347714662251
2.8198113335297474 2.816989734926274 2.814168136322801 2.8113465377193227 2.8085249391158498 2.805703340512377 2.8028817419089034 2.8000601433054304 2.797238544701957 2.794416946098484 2.7915953474950106 2.7887737488915376 2.785952150288064 2.7831305516845912 2.780431863041434 2.7778645679249956 2.775297272808553 2.772729977692115 2.7701626825756764 2.767595387459238 2.7650280923428 2.7624607972263617 2.7598935021099233 2.7573262069934854 2.754758911877047 2.7521916167606086 2.7496243216441707 2.7470570265277323 2.744489731411294 2.7419224362948516 2.739355141178413 2.736787846061975 2.734220550945537 2.7316532558290985 2.72908596071266 2.7265186655962217 2.7239513704797838 2.7213840753633454 2.718816780246907 2.716249485130469 2.7136821900140307 2.7111148948975923 2.70854759978115 2.7059803046647115
2.81971494095791 2.816959101390738 2.8142032618235655 2.8114474222563883 2.808691582689216 2.8059357431220437 2.8031799035548715 2.800424063987699 2.797668224420527 2.7949123848533546 2.7921565452861823 2.78940070571901 2.7866448661518377 2.7838890265846654 2.78125447971045 2.778749597467579 2.7762447152247036 2.7737398329818324 2.771234950738961 2.76873006849609 2.7662251862532186 2.7637203040103473 2.761215421767476 2.7587105395246048 2.7562056572817335 2.7537007750388622 2.7511958927959914 2.74869101055312 2.746186128310249 2.743681246067373 2.741176363824502 2.7386714815816307 2.7361665993387594 2.7336617170958886 2.7311568348530173 2.728651952610146 2.7261470703672748 2.7236421881244035 2.7211373058815322 2.718632423638661 2.7161275413957897 2.7136226591529184 2.711117776910043 2.708612894667172
2.8196185483860727 2.8169284678552016 2.81423838732433 2.8115483067934544 2.8088582262625827 2.806168145731711 2.80347806520084 2.8007879846699684 2.798097904139097 2.7954078236082256 2.7927177430773544 2.790027662546483 2.7873375820156117 2.78464750148474 2.7820770963794668 2.7796346270101626 2.7771921576408545 2.77474968827155 2.7723072189022457 2.7698647495329416 2.7674222801636374 2.7649798107943333 2.762537341425029 2.760094872055725 2.7576524026864204 2.7552099333171163 2.752767463947812 2.750324994578508 2.747882525209204 2.7454400558398953 2.742997586470591 2.740555117101287 2.738112647731983 2.7356701783626787 2.7332277089933745 2.73078523962407 2.728342770254766 2.7259003008854616 2.7234578315161575 2.7210153621468534 2.718572892777549 2.716130423408245 2.7136879540389365 2.7112454846696323
2.819522155814236 2.8168978343196653 2.814273512825095 2.8116491913305195 2.809024869835949 2.8064005483413785 2.803776226846808 2.8011519053522376 2.798527583857667 2.7959032623630966 2.793278940868526 2.7906546193739556 2.7880302978793847 2.7854059763848142 2.782899713048483 2.780519656552746 2.778139600057005 2.7757595435612674 2.7733794870655304 2.7709994305697934 2.768619374074056 2.766239317578319 2.763859261082582 2.7614792045868444 2.7590991480911073 2.7567190915953703 2.754339035099633 2.751958978603896 2.749578922108159 2.7471988656124173 2.7448188091166803 2.7424387526209433 2.740058696125206 2.737678639629469 2.7352985831337318 2.7329185266379943 2.7305384701422573 2.7281584136465202 2.7257783571507828 2.7233983006550457 2.7210182441593087 2.7186381876635717 2.71625813116783 2.713878074672093
2.819425763242399 2.816867200784129 2.8143086383258598 2.8117500758675855 2.8091915134093157 2.8066329509510464 2.8040743884927766 2.8015158260345068 2.7989572635762374 2.7963987011179676 2.793840138659698 2.7912815762014285 2.7887230137431587 2.786164451284889 2.7837223297175 2.7814046860953296 2.7790870424731557 2.7767693988509854 2.774451755228815 2.772134111606645 2.769816467984475 2.767498824362305 2.7651811807401345 2.7628635371179646 2.7605458934957943 2.7582282498736244 2.755910606251454 2.7535929626292837 2.7512753190071138 2.7489576753849394 2.7466400317627695 2.744322388140599 2.7420047445184292 2.739687100896259 2.737369457274089 2.7350518136519186 2.7327341700297487 2.7304165264075784 2.728098882785408 2.725781239163238 2.7234635955410678 2.721145951918898 2.7188283082967235 2.7165106646745536
2.8193293706705616 2.816836567248593 2.814343763826624 2.811850960404651 2.8093581569826824 2.8068653535607138 2.804372550138745 2.8018797467167764 2.7993869432948078 2.796894139872839 2.7944013364508704 2.7919085330289017 2.789415729606933 2.7869229261849644 2.784544946386517 2.782289715637914 2.780034484889307 2.777779254140704 2.775524023392101 2.773268792643498 2.7710135618948946 2.7687583311462918 2.7665031003976885 2.7642478696490853 2.7619926389004825 2.7597374081518793 2.757482177403276 2.7552269466546733 2.75297171590607 2.7507164851574633 2.74846125440886 2.746206023660257 2.743950792911654 2.7416955621630508 2.7394403314144475 2.7371851006658448 2.7349298699172415 2.7326746391686383 2.7304194084200355 2.7281641776714323 2.725908946922829 2.7236537161742262 2.721398485425619 2.7191432546770162
2.819232978098724 2.8168059337130567 2.8143788893273887 2.8119518449417167 2.8095248005560487 2.807097756170381 2.804670711784713 2.8022436673990456 2.7998166230133776 2.7973895786277096 2.794962534242042 2.792535489856374 2.790108445470706 2.7876814010850386 2.7853675630555332 2.783174745180497 2.7809819273054575 2.7787891094304213 2.7765962915553852 2.774403473680349 2.772210655805313 2.7700178379302773 2.7678250200552412 2.765632202180205 2.763439384305169 2.761246566430133 2.7590537485550968 2.7568609306800607 2.7546681128050245 2.752475294929985 2.7502824770549488 2.7480896591799127 2.745896841304877 2.743704023429841 2.7415112055548048 2.7393183876797687 2.7371255698047325 2.7349327519296964 2.7327399340546603 2.730547116179624 2.7283542983045885 2.7261614804295524 2.7239686625545123 2.7217758446794766
2.8191365855268873 2.8167753001775204 2.8144140148281536 2.8120527294787827 2.8096914441294154 2.8073301587800485 2.8049688734306817 2.802607588081315 2.800246302731948 2.797885017382581 2.795523732033214 2.793162446683847 2.79080116133448 2.7884398759851132 2.78619017972455 2.784059774723081 2.7819293697216083 2.7797989647201393 2.7776685597186703 2.7755381547172013 2.773407749715732 2.771277344714263 2.769146939712794 2.767016534711325 2.764886129709856 2.762755724708387 2.760625319706918 2.758494914705449 2.75636450970398 2.754234104702507 2.752103699701038 2.749973294699569 2.7478428896981 2.745712484696631 2.743582079695162 2.741451674693693 2.7393212696922236 2.7371908646907546 2.7350604596892856 2.7329300546878166 2.7307996496863476 2.7286692446848786 2.726538839683406 2.7244084346819366
2.8190401929550504 2.816744666641984 2.814449140328918 2.8121536140158483 2.809858087702782 2.807562561389716 2.8052670350766498 2.802971508763584 2.800675982450518 2.7983804561374517 2.7960849298243855 2.7937894035113198 2.7914938771982536 2.7891983508851874 2.787012796393566 2.784944804265664 2.7828768121377587 2.780808820009857 2.7787408278819545 2.7766728357540527 2.774604843626151 2.7725368514982485 2.7704688593703466 2.7684008672424447 2.7663328751145424 2.7642648829866405 2.7621968908587387 2.7601288987308363 2.7580609066029345 2.755992914475029 2.7539249223471267 2.751856930219225 2.749788938091323 2.747720945963421 2.7456529538355188 2.743584961707617 2.741516969579715 2.7394489774518127 2.737380985323911 2.735312993196009 2.7332450010681066 2.7311770089402048 2.7291090168122993 2.727041024684397
2.8189438003832135 2.816714033106448 2.814484265829683 2.812254498552914 2.810024731276149 2.8077949639993838 2.8055651967226183 2.8033354294458532 2.801105662169088 2.7988758948923227 2.7966461276155576 2.7944163603387926 2.792186593062027 2.789956825785262 2.787835413062583 2.785829833808248 2.7838242545539096 2.7818186752995744 2.7798130960452396 2.7778075167909044 2.7758019375365697 2.7737963582822345 2.7717907790278997 2.7697851997735645 2.7677796205192298 2.7657740412648946 2.76376846201056 2.7617628827562246 2.75975730350189 2.757751724247551 2.7557461449932164 2.753740565738881 2.7517349864845464 2.749729407230211 2.7477238279758764 2.7457182487215412 2.7437126694672065 2.7417070902128713 2.7397015109585365 2.7376959317042013 2.7356903524498666 2.7336847731955314 2.731679193941193 2.729673614686858
2.818847407811376 2.8166833995709117 2.8145193913304474 2.8123553830899795 2.810191374849515 2.8080273666090507 2.805863358368587 2.8036993501281224 2.801535341887658 2.7993713336471937 2.79720732540673 2.7950433171662654 2.792879308925801 2.7907153006853367 2.7886580297315997 2.7867148633508316 2.7847716969700604 2.7828285305892924 2.7808853642085247 2.7789421978277566 2.7769990314469886 2.775055865066221 2.773112698685453 2.7711695323046848 2.7692263659239167 2.767283199543149 2.765340033162381 2.763396866781613 2.7614537004008453 2.7595105340200736 2.757567367639306 2.755624201258538 2.75368103487777 2.751737868497002 2.749794702116234 2.747851535735466 2.7459083693546984 2.7439652029739303 2.7420220365931622 2.740078870212394 2.7381357038316265 2.7361925374508584 2.7342493710700873 2.732306204689319
2.818751015239539 2.8166527660353755 2.8145545168312123 2.8124562676270455 2.810358018422882 2.8082597692187186 2.8061615200145553 2.8040632708103916 2.8019650216062284 2.799866772402065 2.7977685231979015 2.7956702739937382 2.793572024789575 2.7914737755854113 2.7894806464006163 2.7875998928934154 2.7857191393862113 2.7838383858790103 2.7819576323718094 2.7800768788646084 2.7781961253574075 2.7763153718502065 2.7744346183430055 2.7725538648358046 2.7706731113286036 2.768792357821403 2.766911604314202 2.765030850807001 2.7631500972998 2.761269343792596 2.759388590285395 2.757507836778194 2.7556270832709933 2.7537463297637923 2.7518655762565913 2.7499848227493904 2.7481040692421894 2.7462233157349885 2.7443425622277875 2.7424618087205865 2.7405810552133856 2.7387003017061846 2.7368195481989805 2.7349387946917796
2.818654622667702 2.8166221324998393 2.8145896423319767 2.8125571521641106 2.8105246619962485 2.808492171828386 2.8064596816605234 2.804427191492661 2.8023947013247983 2.8003622111569357 2.798329720989073 2.7962972308212106 2.794264740653348 2.792232250485486 2.7903032630696325 2.7884849224359987 2.7866665818023617 2.784848241168728 2.783029900535094 2.78121155990146 2.7793932192678263 2.7775748786341925 2.775756538000558 2.7739381973669244 2.7721198567332905 2.7703015160996567 2.768483175466023 2.766664834832389 2.764846494198755 2.763028153565118 2.7612098129314844 2.75939147229785 2.7575731316642162 2.7557547910305824 2.7539364503969486 2.7521181097633147 2.750299769129681 2.748481428496047 2.746663087862413 2.7448447472287794 2.743026406595145 2.7412080659615112 2.7393897253278743 2.7375713846942404
2.8185582300958645 2.816591498964303 2.8146247678327416 2.8126580367011766 2.8106913055696148 2.8087245744380533 2.8067578433064915 2.80479111217493 2.8028243810433686 2.8008576499118067 2.7988909187802453 2.7969241876486834 2.794957456517122 2.7929907253855606 2.7911258797386496 2.7893699519785824 2.7876140242185126 2.785858096458446 2.784102168698379 2.782346240938312 2.7805903131782452 2.7788343854181785 2.777078457658112 2.7753225298980446 2.773566602137978 2.771810674377911 2.770054746617844 2.7682988188577773 2.7665428910977106 2.7647869633376407 2.7630310355775736 2.761275107817507 2.75951918005744 2.7577632522973734 2.7560073245373062 2.7542513967772395 2.752495469017173 2.7507395412571056 2.748983613497039 2.747227685736972 2.7454717579769055 2.7437158302168383 2.7419599024567685 2.7402039746967017
2.8184618375240276 2.816560865428767 2.814659893333506 2.8127589212382422 2.8108579491429815 2.8089569770477207 2.80705600495246 2.8051550328571992 2.8032540607619385 2.8013530886666778 2.7994521165714175 2.7975511444761567 2.795650172380896 2.7937492002856352 2.791948496407666 2.790254981521166 2.7885614666346634 2.786867951748164 2.7851744368616638 2.783480921975164 2.781787407088664 2.7800938922021645 2.7784003773156645 2.7767068624291644 2.775013347542665 2.7733198326561648 2.771626317769665 2.769932802883165 2.7682392879966655 2.766545773110163 2.7648522582236628 2.763158743337163 2.761465228450663 2.7597717135641635 2.7580781986776635 2.756384683791164 2.754691168904664 2.752997654018164 2.751304139131664 2.7496106242451646 2.7479171093586645 2.7462235944721645 2.7445300795856618 2.742836564699162
2.81836544495219 2.8165302318932306 2.8146950188342705 2.812859805775308 2.8110245927163477 2.809189379657388 2.807354166598428 2.8055189535394685 2.8036837404805084 2.8018485274215488 2.8000133143625887 2.798178101303629 2.796342888244669 2.7945076751857094 2.7927711130766824 2.7911400110637494 2.789508909050814 2.7878778070378814 2.7862467050249484 2.7846156030120155 2.7829845009990826 2.78135339898615 2.779722296973217 2.7780911949602842 2.7764600929473517 2.774828990934419 2.773197888921486 2.7715667869085534 2.7699356848956205 2.768304582882685 2.766673480869752 2.7650423788568195 2.7634112768438865 2.7617801748309536 2.7601490728180207 2.758517970805088 2.7568868687921553 2.7552557667792223 2.75362466476629 2.751993562753357 2.750362460740424 2.7487313587274915 2.747100256714556 2.745469154701623
