Figures/CREST_Example_wjb_NSE/PETs/wjb.pet.20090118.asc
ncols            288
nrows            254
xllcorner        113.274861
yllcorner        31.4918055
cellsize         0.008333333333
NODATA_value     -9999
[rows 76 to 94 of 254, columns 176 to 219 of 288]
0.8539655495082272 0.8536822846536761 0.8533990197991249 0.8531157549445737 0.8528324900900226 0.8525492252354714 0.8522659603809197 0.8519826955263685 0.8516994306718174 0.8514161658172662 0.8511329009627151 0.8508496361081639 0.8505663712536127 0.8502831063990616 0.8499998415445104 0.8497165766899591 0.8494130284300423 0.8490877967508448 0.8487625650716473 0.8484373333924493 0.8481121017132518 0.8477868700340543 0.8474616383548568 0.8471364066756594 0.8468111749964619 0.8464859433172643 -9999.0 -9999.0 -9999.0 0.8451850166004744 0.8448597849212769 -9999.0 -9999.0 -9999.0 -9999.0 -9999.0 -9999.0 -9999.0 -9999.0 -9999.0 -9999.0 -9999.0 -9999.0 -9999.0
0.8550674907236835 0.8547986126634736 0.8545297346032636 0.8542608565430536 0.8539919784828437 0.8537231004226338 0.8534542223624233 0.8531853443022134 0.8529164662420033 0.8526475881817934 0.8523787101215835 0.8521098320613735 0.8518409540011636 0.8515720759409535 0.8513031978807436 0.8510343198205337 0.8507372092571882 0.8504099175091853 0.8500826257611822 0.8497553340131787 0.8494280422651758 0.8491007505171727 0.8487734587691698 0.8484461670211667 0.8481188752731638 0.8477915835251608 -9999.0 -9999.0 -9999.0 0.8464824165331488 0.8461551247851459 -9999.0 -9999.0 -9999.0 -9999.0 -9999.0 -9999.0 -9999.0 -9999.0 -9999.0 -9999.0 -9999.0 -9999.0 -9999.0
0.8561694319391399 0.8559149406732711 0.8556604494074023 0.8554059581415335 0.8551514668756648 0.854896975609796 0.8546424843439269 0.8543879930780581 0.8541335018121894 0.8538790105463206 0.8536245192804519 0.8533700280145832 0.8531155367487143 0.8528610454828456 0.8526065542169768 0.8523520629511081 0.8520613900843341 0.8517320382675256 0.8514026864507171 0.8510733346339081 0.8507439828170996 0.8504146310002911 0.8500852791834826 0.8497559273666742 0.8494265755498657 0.8490972237330572 -9999.0 -9999.0 0.8481091682826317 0.8477798164658232 0.8474504646490147 -9999.0 -9999.0 -9999.0 -9999.0 -9999.0 -9999.0 -9999.0 -9999.0 -9999.0 -9999.0 -9999.0 -9999.0 -9999.0
0.857271373154597 0.8570312686830696 0.856791164211542 0.8565510597400144 0.8563109552684869 0.8560708507969594 0.8558307463254314 0.8555906418539039 0.8553505373823764 0.8551104329108489 0.8548703284393213 0.8546302239677938 0.8543901194962663 0.8541500150247388 0.8539099105532112 0.8536698060816836 0.8533855709114813 0.8530541590258672 0.8527227471402532 0.8523913352546386 0.8520599233690247 0.8517285114834107 0.8513970995977966 0.8510656877121827 0.8507342758265687 0.8504028639409547 0.8500714520553407 0.8497400401697267 0.8494086282841127 0.8490772163984986 -9999.0 -9999.0 -9999.0 -9999.0 -9999.0 -9999.0 -9999.0 -9999.0 -9999.0 -9999.0 -9999.0 -9999.0 -9999.0 -9999.0
0.8583733143700533 0.858147596692867 0.8579218790156807 0.8576961613384944 0.8574704436613081 0.8572447259841217 0.857019008306935 0.8567932906297487 0.8565675729525624 0.8563418552753761 0.8561161375981897 0.8558904199210035 0.8556647022438171 0.8554389845666308 0.8552132668894444 0.8549875492122582 0.8547097517386272 0.8543762797842076 0.8540428078297881 0.8537093358753681 0.8533758639209486 0.8530423919665291 0.8527089200121096 0.85237544805769 0.8520419761032706 0.851708504148851 0.8513750321944316 0.8510415602400121 0.8507080882855925 0.8503746163311731 -9999.0 -9999.0 -9999.0 -9999.0 -9999.0 -9999.0 -9999.0 -9999.0 -9999.0 -9999.0 -9999.0 -9999.0 -9999.0 -9999.0
0.8594752555855096 0.8592639247026644 0.8590525938198194 0.8588412629369743 0.8586299320541292 0.8584186011712841 0.8582072702884386 0.8579959394055935 0.8577846085227484 0.8575732776399033 0.8573619467570581 0.857150615874213 0.856939284991368 0.8567279541085229 0.8565166232256778 0.8563052923428326 0.8560339325657731 0.8556984005425481 0.8553628685193231 0.8550273364960975 0.8546918044728725 0.8543562724496475 0.8540207404264225 0.8536852084031975 0.8533496763799725 0.8530141443567475 0.8526786123335225 0.8523430803102975 0.8520075482870725 0.8516720162638475 -9999.0 -9999.0 -9999.0 -9999.0 -9999.0 -9999.0 -9999.0 -9999.0 -9999.0 -9999.0 -9999.0 -9999.0 -9999.0 -9999.0
0.8605771968009659 0.860380252712462 0.8601833086239581 0.8599863645354542 0.8597894204469503 0.8595924763584464 0.8593955322699421 0.8591985881814382 0.8590016440929343 0.8588047000044304 0.8586077559159265 0.8584108118274226 0.8582138677389188 0.8580169236504149 0.857819979561911 0.8576230354734071 0.857358113392919 0.8570205213008886 0.856682929208858 0.8563453371168269 0.8560077450247964 0.8556701529327659 0.8553325608407354 0.8549949687487048 0.8546573766566744 0.8543197845646439 0.8539821924726133 0.8536446003805829 0.8533070082885523 -9999.0 -9999.0 -9999.0 -9999.0 -9999.0 -9999.0 -9999.0 -9999.0 -9999.0 -9999.0 -9999.0 -9999.0 -9999.0 -9999.0 -9999.0
0.8616791380164222 0.8614965807222594 0.8613140234280968 0.8611314661339341 0.8609489088397714 0.8607663515456088 0.8605837942514457 0.8604012369572831 0.8602186796631204 0.8600361223689577 0.8598535650747949 0.8596710077806323 0.8594884504864696 0.8593058931923069 0.8591233358981443 0.8589407786039815 0.8586822942200649 0.8583426420592289 0.858002989898393 0.8576633377375563 0.8573236855767203 0.8569840334158844 0.8566443812550483 0.8563047290942123 0.8559650769333763 0.8556254247725402 0.8552857726117042 0.8549461204508683 0.8546064682900322 -9999.0 -9999.0 -9999.0 -9999.0 -9999.0 -9999.0 -9999.0 -9999.0 -9999.0 -9999.0 -9999.0 -9999.0 -9999.0 -9999.0 -9999.0
0.8627810792318784 0.862612908732057 0.8624447382322354 0.862276567732414 0.8621083972325926 0.861940226732771 0.8617720562329493 0.8616038857331278 0.8614357152333063 0.8612675447334849 0.8610993742336635 0.8609312037338419 0.8607630332340205 0.8605948627341989 0.8604266922343775 0.8602585217345561 0.860006475047211 0.8596647628175694 0.8593230505879279 0.8589813383582858 0.8586396261286443 0.8582979138990028 0.8579562016693613 0.8576144894397197 0.8572727772100782 0.8569310649804367 0.8565893527507952 0.8562476405211537 0.8559059282915121 -9999.0 -9999.0 -9999.0 -9999.0 -9999.0 -9999.0 -9999.0 -9999.0 -9999.0 -9999.0 -9999.0 -9999.0 -9999.0 -9999.0 -9999.0
0.8638830204473357 0.8637292367418554 0.8635754530363752 0.8634216693308949 0.8632678856254147 0.8631141019199344 0.8629603182144538 0.8628065345089736 0.8626527508034934 0.8624989670980131 0.8623451833925329 0.8621913996870526 0.8620376159815724 0.8618838322760921 0.8617300485706119 0.8615762648651316 0.861330655874358 0.8609868835759109 0.860643111277464 0.8602993389790163 0.8599555666805693 0.8596117943821222 0.8592680220836753 0.8589242497852282 0.8585804774867811 0.8582367051883342 0.8578929328898871 0.8575491605914402 0.8572053882929931 0.856861615994546 -9999.0 -9999.0 0.8558302990992044 0.8554865268007573 -9999.0 -9999.0 -9999.0 -9999.0 -9999.0 -9999.0 -9999.0 -9999.0 -9999.0 -9999.0
0.864984961662792 0.864845564751653 0.8647061678405139 0.8645667709293748 0.8644273740182359 0.8642879771070968 0.8641485801959575 0.8640091832848185 0.8638697863736794 0.8637303894625404 0.8635909925514014 0.8634515956402623 0.8633121987291233 0.8631728018179843 0.8630334049068452 0.8628940079957061 0.862654836701504 0.8623090043342515 0.8619631719669989 0.8616173395997458 0.8612715072324933 0.8609256748652407 0.8605798424979882 0.8602340101307357 0.8598881777634831 0.8595423453962306 0.8591965130289781 0.8588506806617255 0.858504848294473 0.8581590159272205 0.857813183559968 0.8574673511927154 0.8571215188254624 0.8567756864582098 0.8564298540909573 -9999.0 -9999.0 -9999.0 -9999.0 -9999.0 -9999.0 -9999.0 -9999.0 -9999.0
0.8660869028782482 0.8659618927614504 0.8658368826446525 0.8657118725278548 0.8655868624110569 0.8654618522942591 0.8653368421774611 0.8652118320606632 0.8650868219438654 0.8649618118270676 0.8648368017102698 0.8647117915934719 0.8645867814766741 0.8644617713598763 0.8643367612430785 0.8642117511262807 0.8639790175286499 0.8636311250925919 0.8632832326565338 0.8629353402204752 0.8625874477844172 0.8622395553483592 0.8618916629123011 0.8615437704762431 0.861195878040185 0.860847985604127 0.860500093168069 0.8601522007320109 0.8598043082959529 0.859456415859895 0.8591085234238369 0.8587606309877789 0.8584127385517202 0.8580648461156621 0.8577169536796041 -9999.0 -9999.0 -9999.0 -9999.0 -9999.0 -9999.0 -9999.0 -9999.0 -9999.0
0.8676083436207125 0.8674824300942604 0.8673565165678083 0.8672306030413561 0.867104689514904 0.8669787759884519 0.8668528624619996 0.8667269489355475 0.8666010354090953 0.8664751218826432 0.8663492083561911 0.8662232948297389 0.8660973813032868 0.8659714677768346 0.8658455542503826 0.8657196407239305 0.8654865627339818 0.8651389235077872 0.8647912842815925 0.8644436450553973 0.8640960058292027 0.8637483666030079 0.8634007273768133 0.8630530881506187 0.8627054489244239 0.8623578096982293 0.8620101704720347 0.86166253124584 0.8613148920196453 0.8609672527934507 0.860619613567256 0.8602719743410614 0.8599243351148661 0.8595766958886715 0.8592290566624767 -9999.0 -9999.0 -9999.0 -9999.0 -9999.0 -9999.0 -9999.0 -9999.0 -9999.0
0.8695782029088416 0.8694350417086845 0.8692918805085272 0.8691487193083701 0.8690055581082129 0.8688623969080558 0.8687192357078983 0.8685760745077412 0.868432913307584 0.8682897521074269 0.8681465909072696 0.8680034297071125 0.8678602685069553 0.8677171073067982 0.867573946106641 0.8674307849064838 0.8671901128987933 0.866845199631511 0.8665002863642285 0.8661553730969456 0.8658104598296631 0.8654655465623807 0.8651206332950984 0.8647757200278159 0.8644308067605335 0.8640858934932512 0.8637409802259687 0.8633960669586863 0.8630511536914038 0.8627062404241215 0.8623613271568391 0.8620164138895566 0.8616715006222737 0.8613265873549912 0.8609816740877089 0.8606367608204265 -9999.0 -9999.0 -9999.0 -9999.0 -9999.0 -9999.0 -9999.0 -9999.0
0.8715480621969708 0.8713876533231085 0.8712272444492463 0.8710668355753841 0.8709064267015219 0.8707460178276597 0.8705856089537971 0.870425200079935 0.8702647912060727 0.8701043823322105 0.8699439734583483 0.869783564584486 0.8696231557106239 0.8694627468367616 0.8693023379628995 0.8691419290890372 0.8688936630636048 0.8685514757552347 0.8682092884468645 0.8678671011384937 0.8675249138301236 0.8671827265217534 0.8668405392133833 0.8664983519050132 0.866156164596643 0.8658139772882729 0.8654717899799027 0.8651296026715326 0.8647874153631624 0.8644452280547923 0.8641030407464221 0.863760853438052 0.8634186661296812 0.8630764788213111 0.8627342915129409 0.8623921042045708 -9999.0 -9999.0 -9999.0 -9999.0 -9999.0 -9999.0 -9999.0 -9999.0
0.8735179214850999 0.8733402649375326 0.8731626083899654 0.8729849518423981 0.8728072952948308 0.8726296387472635 0.872451982199696 0.8722743256521287 0.8720966691045614 0.8719190125569942 0.8717413560094269 0.8715636994618596 0.8713860429142923 0.8712083863667252 0.8710307298191579 0.8708530732715906 0.8705972132284163 0.8702577518789585 0.8699182905295005 0.869578829180042 0.8692393678305842 0.8688999064811262 0.8685604451316684 0.8682209837822105 0.8678815224327525 0.8675420610832947 0.8672025997338367 0.8668631383843789 0.866523677034921 0.8661842156854631 0.8658447543360052 0.8655052929865473 0.8651658316370888 0.8648263702876309 -9999.0 -9999.0 -9999.0 -9999.0 -9999.0 -9999.0 0.8624501408414256 -9999.0 0.8617712181425098 -9999.0
0.8754877807732306 0.8752928765519583 0.875097972330686 0.8749030681094137 0.8747081638881413 0.874513259666869 0.8743183554455963 0.874123451224324 0.8739285470030517 0.8737336427817793 0.873538738560507 0.8733438343392347 0.8731489301179624 0.87295402589669 0.8727591216754177 0.8725642174541454 0.8723007633932293 0.8719640280026837 0.871627292612138 0.8712905572215918 0.8709538218310462 0.8706170864405005 0.8702803510499548 0.8699436156594093 0.8696068802688636 0.8692701448783179 0.8689334094877723 0.8685966740972266 0.868259938706681 0.8679232033161354 0.8675864679255897 0.867249732535044 0.8669129971444979 0.8665762617539522 -9999.0 -9999.0 -9999.0 -9999.0 -9999.0 0.8645558494106783 0.8642191140201326 0.863882378629587 0.8635456432390414 -9999.0
0.8774576400613598 0.8772454881663825 0.8770333362714051 0.8768211843764276 0.8766090324814503 0.8763968805864729 0.8761847286914952 0.8759725767965179 0.8757604249015404 0.875548273006563 0.8753361211115857 0.8751239692166083 0.8749118173216309 0.8746996654266536 0.8744875135316762 0.8742753616366987 0.8740043135580408 0.8736703041264074 0.873336294694774 0.87300228526314 0.8726682758315066 0.8723342663998733 0.8720002569682399 0.8716662475366065 0.8713322381049731 0.8709982286733398 0.8706642192417063 0.8703302098100729 0.8699962003784395 0.8696621909468062 0.8693281815151728 0.8689941720835394 0.8686601626519054 0.8683261532202721 0.8679921437886386 -9999.0 -9999.0 -9999.0 -9999.0 0.8663220966304717 0.8659880871988384 0.8656540777672049 0.8653200683355715 -9999.0
0.8794274993494889 0.8791980997808064 0.878968700212124 0.8787393006434416 0.8785099010747592 0.8782805015060767 0.8780511019373939 0.8778217023687115 0.8775923028000291 0.8773629032313466 0.8771335036626642 0.8769041040939818 0.8766747045252994 0.8764453049566169 0.8762159053879345 0.8759865058192521 0.8757078637228521 0.8753765802501311 0.8750452967774099 0.8747140133046882 0.8743827298319671 0.8740514463592459 0.8737201628865249 0.8733888794138037 0.8730575959410826 0.8727263124683614 0.8723950289956404 0.8720637455229192 0.871732462050198 0.8714011785774769 0.8710698951047557 0.8707386116320347 0.870407328159313 0.8700760446865918 0.8697447612138707 0.8694134777411495 -9999.0 -9999.0 -9999.0 0.868088343850265 0.8677570603775439 0.8674257769048228 0.8670944934321017 0.8667632099593805
