Figures/CREST_Example_wjb_NSE/PETs/wjb.pet.20091114.asc
ncols            288
nrows            254
xllcorner        113.274861
yllcorner        31.4918055
cellsize         0.008333333333
NODATA_value     -9999
[rows 120 to 139 of 254, columns 132 to 175 of 288]
0.7657654826483906 0.7659333844220454 0.7661012861957003 0.7662691879693552 0.76643708974301 0.7666049915166648 0.7667728932903197 0.7669407950639746 0.7671086968376294 0.7672765986112843 0.7674445003849392 0.7676124021585943 0.7677803039322492 0.7679482057059039 0.7681161074795588 0.7682840092532137 0.7684519110268685 0.7686198128005234 0.7687877145741783 0.7689556163478332 0.7691235181214879 0.7692914198951428 0.7694593216687977 0.7696272234424525 0.7697951252161077 0.7699630269897625 0.7701309287634174 0.7702988305370723 0.7704667323107272 0.7706346340843819 0.7710432740574018 0.7717092686113945 0.7723752631653873 0.77304125771938 0.7737072522733727 0.7743732468273654 0.7750392413813582 0.775705235935352 0.7763712304893448 0.7770372250433375 0.7777032195973301 0.7783692141513229 0.7790352087053156 0.7797012032593084
0.7678903065341848 0.7680265140275871 0.7681627215209894 0.7682989290143917 0.768435136507794 0.7685713440011963 0.7687075514945986 0.768843758988001 0.7689799664814032 0.7691161739748055 0.7692523814682078 0.7693885889616103 0.7695247964550127 0.769661003948415 0.7697972114418172 0.7699334189352196 0.7700696264286219 0.7702058339220241 0.7703420414154265 0.7704782489088288 0.770614456402231 0.7707506638956334 0.7708868713890357 0.7710230788824379 0.7711592863758405 0.7712954938692428 0.771431701362645 0.7715679088560474 0.7717041163494497 0.771840323842852 0.7722175370655214 0.7728523908646809 0.7734872446638406 0.7741220984630002 0.7747569522621597 0.7753918060613193 0.7760266598604789 0.7766615136596395 0.7772963674587992 0.7779312212579587 0.7785660750571183 0.7792009288562778 0.7798357826554374 0.780470636454597
0.770015130419979 0.7701196436331288 0.7702241568462785 0.7703286700594283 0.770433183272578 0.7705376964857278 0.7706422096988775 0.7707467229120273 0.770851236125177 0.7709557493383268 0.7710602625514765 0.7711647757646264 0.7712692889777761 0.7713738021909259 0.7714783154040756 0.7715828286172254 0.7716873418303751 0.7717918550435249 0.7718963682566746 0.7720008814698243 0.772105394682974 0.7722099078961238 0.7723144211092735 0.7724189343224233 0.7725234475355732 0.772627960748723 0.7727324739618727 0.7728369871750224 0.7729415003881721 0.7730460136013219 0.773391800073641 0.7739955131179673 0.7745992261622937 0.7752029392066202 0.7758066522509466 0.7764103652952731 0.7770140783395995 0.777617791383927 0.7782215044282534 0.7788252174725798 0.7794289305169063 0.7800326435612327 0.7806363566055592 0.7812400696498856
0.7721399543057733 0.7722127732386705 0.7722855921715677 0.7723584111044649 0.772431230037362 0.7725040489702593 0.7725768679031564 0.7726496868360536 0.7727225057689507 0.772795324701848 0.7728681436347451 0.7729409625676424 0.7730137815005397 0.7730866004334368 0.773159419366334 0.7732322382992312 0.7733050572321284 0.7733778761650255 0.7734506950979227 0.7735235140308199 0.7735963329637171 0.7736691518966142 0.7737419708295115 0.7738147897624086 0.7738876086953059 0.773960427628203 0.7740332465611003 0.7741060654939974 0.7741788844268946 0.7742517033597918 0.7745660630817603 0.7751386353712537 0.775711207660747 0.7762837799502402 0.7768563522397336 0.7774289245292269 0.7780014968187201 0.7785740691082144 0.7791466413977077 0.779719213687201 0.7802917859766942 0.7808643582661876 0.7814369305556809 0.7820095028451741
0.7742647781915695 0.7743059028442141 0.7743470274968587 0.7743881521495033 0.7744292768021478 0.7744704014547924 0.774511526107437 0.7745526507600816 0.7745937754127262 0.7746349000653708 0.7746760247180153 0.77471714937066 0.7747582740233047 0.7747993986759493 0.7748405233285938 0.7748816479812384 0.774922772633883 0.7749638972865276 0.7750050219391722 0.7750461465918168 0.7750872712444613 0.7751283958971059 0.7751695205497505 0.7752106452023951 0.7752517698550397 0.7752928945076843 0.775334019160329 0.7753751438129736 0.7754162684656182 0.7754573931182628 0.7757403260898809 0.776281757624541 0.7768231891592011 0.7773646206938613 0.7779060522285214 0.7784474837631815 0.7789889152978416 0.7795303468325027 0.7800717783671628 0.7806132099018229 0.781154641436483 0.7816960729711432 0.7822375045058033 0.7827789360404634
0.7763896020773637 0.7763990324497557 0.7764084628221478 0.7764178931945398 0.7764273235669319 0.7764367539393239 0.776446184311716 0.776455614684108 0.7764650450564999 0.776474475428892 0.776483905801284 0.7764933361736761 0.7765027665460681 0.7765121969184602 0.7765216272908522 0.7765310576632442 0.7765404880356362 0.7765499184080282 0.7765593487804203 0.7765687791528123 0.7765782095252044 0.7765876398975964 0.7765970702699884 0.7766065006423805 0.7766159310147724 0.7766253613871645 0.7766347917595565 0.7766442221319486 0.7766536525043406 0.7766630828767327 0.7769145890980003 0.7774248798778273 0.7779351706576543 0.7784454614374813 0.7789557522173083 0.7794660429971353 0.7799763337769623 0.7804866245567901 0.7809969153366171 0.7815072061164441 0.7820174968962711 0.7825277876760981 0.783038078455925 0.783548369235752
0.778514425963158 0.7784921620552975 0.778469898147437 0.7784476342395764 0.7784253703317159 0.7784031064238554 0.7783808425159948 0.7783585786081343 0.7783363147002738 0.7783140507924132 0.7782917868845527 0.7782695229766922 0.7782472590688316 0.7782249951609711 0.7782027312531106 0.77818046734525 0.7781582034373895 0.778135939529529 0.7781136756216684 0.7780914117138079 0.7780691478059474 0.7780468838980868 0.7780246199902263 0.7780023560823658 0.7779800921745053 0.7779578282666447 0.7779355643587842 0.7779133004509237 0.7778910365430631 0.7778687726352026 0.7780888521061198 0.7785680021311137 0.7790471521561075 0.7795263021811013 0.7800054522060952 0.7804846022310891 0.7809637522560828 0.7814429022810775 0.7819220523060714 0.7824012023310652 0.7828803523560591 0.7833595023810529 0.7838386524060468 0.7843178024310407
0.7806392498489524 0.7805852916608392 0.7805313334727262 0.7804773752846131 0.7804234170965 0.7803694589083869 0.7803155007202738 0.7802615425321607 0.7802075843440477 0.7801536261559345 0.7800996679678215 0.7800457097797083 0.7799917515915952 0.7799377934034821 0.779883835215369 0.7798298770272559 0.7797759188391429 0.7797219606510297 0.7796680024629167 0.7796140442748035 0.7795600860866905 0.7795061278985774 0.7794521697104643 0.7793982115223512 0.7793442533342381 0.7792902951461249 0.7792363369580119 0.7791823787698987 0.7791284205817857 0.7790744623936726 0.7792631151142394 0.7797111243844 0.7801591336545608 0.7806071429247214 0.7810551521948822 0.7815031614650428 0.7819511707352036 0.782399180005365 0.7828471892755258 0.7832951985456864 0.7837432078158472 0.7841912170860078 0.7846392263561686 0.7850872356263293
0.7827640737347467 0.782678421266381 0.7825927687980153 0.7825071163296496 0.782421463861284 0.7823358113929184 0.7822501589245527 0.7821645064561871 0.7820788539878214 0.7819932015194557 0.7819075490510902 0.7818218965827243 0.7817362441143587 0.781650591645993 0.7815649391776274 0.7814792867092617 0.781393634240896 0.7813079817725305 0.7812223293041648 0.7811366768357991 0.7810510243674335 0.7809653718990678 0.7808797194307022 0.7807940669623366 0.7807084144939708 0.7806227620256051 0.7805371095572394 0.7804514570888738 0.7803658046205081 0.7802801521521425 0.7804373781223589 0.7808542466376864 0.781271115153014 0.7816879836683416 0.7821048521836691 0.7825217206989967 0.7829385892143242 0.7833554577296525 0.78377232624498 0.7841891947603077 0.7846060632756352 0.7850229317909627 0.7854398003062903 0.7858566688216179
0.7848888976205409 0.7847715508719226 0.7846542041233044 0.7845368573746863 0.7844195106260681 0.7843021638774499 0.7841848171288316 0.7840674703802134 0.7839501236315952 0.783832776882977 0.7837154301343587 0.7835980833857403 0.7834807366371221 0.783363389888504 0.7832460431398858 0.7831286963912676 0.7830113496426493 0.7828940028940311 0.7827766561454129 0.7826593093967947 0.7825419626481764 0.7824246158995583 0.7823072691509401 0.7821899224023219 0.7820725756537035 0.7819552289050853 0.781837882156467 0.7817205354078488 0.7816031886592306 0.7814858419106124 0.7816116411304783 0.7819973688909727 0.7823830966514672 0.7827688244119616 0.783154552172456 0.7835402799329505 0.7839260076934449 0.78431173545394 0.7846974632144343 0.7850831909749288 0.7854689187354232 0.7858546464959176 0.786240374256412 0.7866261020169065
0.7870137215063351 0.7868646804774644 0.7867156394485936 0.7865665984197229 0.7864175573908521 0.7862685163619813 0.7861194753331106 0.7859704343042397 0.7858213932753689 0.7856723522464982 0.7855233112176274 0.7853742701887564 0.7852252291598857 0.7850761881310149 0.7849271471021441 0.7847781060732734 0.7846290650444026 0.7844800240155319 0.784330982986661 0.7841819419577902 0.7840329009289195 0.7838838599000487 0.7837348188711779 0.7835857778423072 0.7834367368134362 0.7832876957845654 0.7831386547556947 0.7829896137268239 0.782840572697953 0.7826915316690823 0.7827859041385978 0.7831404911442591 0.7834950781499204 0.7838496651555816 0.7842042521612429 0.7845588391669043 0.7849134261725655 0.7852680131782274 0.7856226001838886 0.7859771871895499 0.7863317741952113 0.7866863612008725 0.7870409482065338 0.7873955352121951
0.7891385453921312 0.7889578100830079 0.7887770747738846 0.7885963394647612 0.7884156041556378 0.7882348688465145 0.7880541335373911 0.7878733982282677 0.7876926629191444 0.7875119276100211 0.7873311923008977 0.787150456991774 0.7869697216826507 0.7867889863735273 0.7866082510644039 0.7864275157552806 0.7862467804461573 0.7860660451370338 0.7858853098279105 0.7857045745187872 0.7855238392096637 0.7853431039005404 0.7851623685914171 0.7849816332822938 0.78480089797317 0.7846201626640467 0.7844394273549233 0.7842586920458 0.7840779567366766 0.7838972214275532 0.7839601671467182 0.7842836133975464 0.7846070596483745 0.7849305058992027 0.7852539521500307 0.7855773984008588 0.785900844651687 0.7862242909025157 0.7865477371533437 0.7868711834041718 0.787194629655 0.7875180759058281 0.7878415221566561 0.7881649684074843
0.7912633692779255 0.7910509396885497 0.7908385100991737 0.7906260805097978 0.7904136509204218 0.790201221331046 0.78998879174167 0.7897763621522941 0.7895639325629182 0.7893515029735423 0.7891390733841663 0.78892664379479 0.7887142142054142 0.7885017846160383 0.7882893550266623 0.7880769254372865 0.7878644958479105 0.7876520662585346 0.7874396366691587 0.7872272070797828 0.7870147774904068 0.786802347901031 0.786589918311655 0.7863774887222791 0.7861650591329028 0.785952629543527 0.785740199954151 0.7855277703647751 0.7853153407753992 0.7851029111860233 0.7851344301548379 0.7854267356508329 0.7857190411468278 0.7860113466428228 0.7863036521388177 0.7865959576348127 0.7868882631308077 0.7871805686268032 0.7874728741227981 0.7877651796187931 0.788057485114788 0.788349790610783 0.7886420961067779 0.788934401602773
0.7933881931637198 0.7931440692940913 0.7928999454244628 0.7926558215548344 0.7924116976852059 0.7921675738155775 0.791923449945949 0.7916793260763204 0.791435202206692 0.7911910783370635 0.790946954467435 0.7907028305978061 0.7904587067281776 0.7902145828585492 0.7899704589889207 0.7897263351192922 0.7894822112496638 0.7892380873800353 0.7889939635104068 0.7887498396407784 0.7885057157711499 0.7882615919015213 0.7880174680318929 0.7877733441622644 0.7875292202926355 0.787285096423007 0.7870409725533786 0.7867968486837501 0.7865527248141216 0.7863086009444932 0.7863086931629574 0.7865698579041192 0.786831022645281 0.7870921873864428 0.7873533521276047 0.7876145168687665 0.7878756816099284 0.7881368463510906 0.7883980110922525 0.7886591758334143 0.788920340574576 0.7891815053157379 0.7894426700568997 0.7897038347980616
0.795513017049514 0.795237198899633 0.794961380749752 0.7946855625998709 0.7944097444499899 0.7941339263001088 0.7938581081502278 0.7935822900003467 0.7933064718504658 0.7930306537005847 0.7927548355507037 0.7924790174008222 0.7922031992509412 0.7919273811010601 0.7916515629511791 0.791375744801298 0.791099926651417 0.790824108501536 0.790548290351655 0.7902724722017739 0.7899966540518929 0.7897208359020118 0.7894450177521308 0.7891691996022497 0.7888933814523683 0.7886175633024872 0.7883417451526062 0.7880659270027252 0.7877901088528442 0.7875142907029631 0.7874829561710769 0.7877129801574055 0.7879430041437342 0.7881730281300628 0.7884030521163916 0.7886330761027203 0.7888631000890489 0.789093124075378 0.7893231480617068 0.7895531720480354 0.7897831960343641 0.7900132200206929 0.7902432440070215 0.7904732679933502
0.7976378409353084 0.7973303285051748 0.7970228160750412 0.7967153036449076 0.796407791214774 0.7961002787846404 0.7957927663545068 0.7954852539243732 0.7951777414942396 0.794870229064106 0.7945627166339724 0.7942552042038383 0.7939476917737047 0.7936401793435711 0.7933326669134375 0.7930251544833039 0.7927176420531703 0.7924101296230367 0.7921026171929031 0.7917951047627695 0.7914875923326359 0.7911800799025023 0.7908725674723687 0.7905650550422351 0.790257542612101 0.7899500301819674 0.7896425177518338 0.7893350053217002 0.7890274928915666 0.788719980461433 0.7886572191791963 0.7888561024106918 0.7890549856421875 0.789253868873683 0.7894527521051785 0.789651635336674 0.7898505185681696 0.7900494017996654 0.7902482850311611 0.7904471682626566 0.7906460514941521 0.7908449347256477 0.7910438179571432 0.7912427011886388
0.7997626648211027 0.7994234581107165 0.7990842514003303 0.7987450446899442 0.798405837979558 0.7980666312691719 0.7977274245587858 0.7973882178483995 0.7970490111380134 0.7967098044276273 0.7963705977172411 0.7960313910068544 0.7956921842964682 0.795352977586082 0.7950137708756959 0.7946745641653097 0.7943353574549236 0.7939961507445374 0.7936569440341512 0.7933177373237651 0.792978530613379 0.7926393239029927 0.7923001171926066 0.7919609104822204 0.7916217037718337 0.7912824970614476 0.7909432903510614 0.7906040836406752 0.790264876930289 0.7899256702199029 0.7898314821873158 0.7899992246639782 0.7901669671406406 0.790334709617303 0.7905024520939654 0.7906701945706278 0.7908379370472902 0.791005679523953 0.7911734220006154 0.7913411644772778 0.7915089069539402 0.7916766494306026 0.791844391907265 0.7920121343839274
0.8018874887068987 0.80151658771626 0.8011456867256213 0.8007747857349825 0.8004038847443438 0.800032983753705 0.7996620827630663 0.7992911817724275 0.7989202807817888 0.79854937979115 0.7981784788005113 0.7978075778098719 0.7974366768192331 0.7970657758285944 0.7966948748379556 0.7963239738473169 0.7959530728566782 0.7955821718660395 0.7952112708754008 0.794840369884762 0.7944694688941233 0.7940985679034845 0.7937276669128458 0.793356765922207 0.7929858649315676 0.7926149639409289 0.7922440629502902 0.7918731619596514 0.7915022609690127 0.7911313599783739 0.7910057451954363 0.7911423469172656 0.7912789486390949 0.791415550360924 0.7915521520827533 0.7916887538045826 0.7918253555264118 0.7919619572482413 0.7920985589700705 0.7922351606918997 0.792371762413729 0.7925083641355583 0.7926449658573874 0.7927815675792167
0.804012312592693 0.8036097173218018 0.8032071220509105 0.8028045267800191 0.8024019315091279 0.8019993362382365 0.8015967409673452 0.801194145696454 0.8007915504255626 0.8003889551546713 0.79998635988378 0.799583764612888 0.7991811693419967 0.7987785740711054 0.7983759788002142 0.7979733835293228 0.7975707882584315 0.7971681929875402 0.7967655977166489 0.7963630024457576 0.7959604071748663 0.795557811903975 0.7951552166330836 0.7947526213621924 0.7943500260913003 0.7939474308204091 0.7935448355495178 0.7931422402786265 0.7927396450077352 0.7923370497368438 0.7921800082035558 0.792285469170552 0.792390930137548 0.7924963911045442 0.7926018520715402 0.7927073130385364 0.7928127740055324 0.7929182349725287 0.7930236959395248 0.7931291569065209 0.793234617873517 0.793340078840513 0.7934455398075092 0.7935510007745052
0.8061371364784873 0.8057028469273435 0.8052685573761996 0.8048342678250557 0.8043999782739119 0.803965688722768 0.8035313991716241 0.8030971096204803 0.8026628200693364 0.8022285305181925 0.8017942409670487 0.8013599514159041 0.8009256618647602 0.8004913723136163 0.8000570827624724 0.7996227932113286 0.7991885036601848 0.7987542141090409 0.798319924557897 0.7978856350067531 0.7974513454556093 0.7970170559044655 0.7965827663533216 0.7961484768021777 0.795714187251033 0.7952798976998893 0.7948456081487454 0.7944113185976015 0.7939770290464576 0.7935427394953137 0.7933542712116753 0.7934285914238383 0.7935029116360013 0.7935772318481642 0.7936515520603271 0.7937258722724901 0.793800192484653 0.7938745126968162 0.7939488329089791 0.794023153121142 0.794097473333305 0.794171793545468 0.7942461137576309 0.7943204339697939
