Figures/CREST_Example_wjb_NSE/PETs/wjb.pet.20100426.asc
ncols            288
nrows            254
xllcorner        113.274861
yllcorner        31.4918055
cellsize         0.008333333333
NODATA_value     -9999
[rows 180 to 199 of 254, columns 132 to 175 of 288]
2.8400880671591846 2.837925733297243 2.8357633994353013 2.8336010655733594 2.8314387317114176 2.8292763978494757 2.827114063987534 2.824951730125592 2.82278939626365 2.8206270624017082 2.8184647285397664 2.816302394677821 2.814140060815879 2.811977726953937 2.8098153930919954 2.8076530592300535 2.8054907253681116 2.8033283915061697 2.801166057644228 2.7990037237822865 2.7968413899203446 2.7946790560584027 2.792516722196461 2.790354388334519 2.7881920544725736 2.7860297206106317 2.78386738674869 2.781705052886748 2.779542719024806 2.7773803851628642 2.775064618826748 2.7725848297048716 2.7701050405829957 2.7676252514611193 2.765145462339243 2.762665673217367 2.7601858840954905 2.75770609497361 2.7552263058517337 2.7527465167298573 2.7502667276079813 2.747786938486105 2.7453071493642285 2.7428273602423525
2.83933092385665 2.8371624834922025 2.8349940431277543 2.8328256027633065 2.830657162398859 2.8284887220344106 2.826320281669963 2.824151841305515 2.821983400941067 2.819814960576619 2.8176465202121714 2.8154780798477197 2.813309639483272 2.8111411991188238 2.808972758754376 2.8068043183899283 2.80463587802548 2.8024674376610323 2.8002989972965846 2.7981305569321364 2.7959621165676887 2.793793676203241 2.7916252358387927 2.789456795474345 2.7872883551098933 2.7851199147454455 2.7829514743809978 2.7807830340165496 2.778614593652102 2.7764461532876537 2.7741274633536155 2.7716481532308186 2.7691688431080217 2.7666895329852252 2.7642102228624283 2.7617309127396314 2.7592516026168346 2.7567722924940337 2.754292982371237 2.7518136722484403 2.7493343621256434 2.7468550520028465 2.74437574188005 2.741896431757253
2.838573780554116 2.8363992336871617 2.8342246868202077 2.832050139953254 2.8298755930863 2.827701046219346 2.825526499352392 2.8233519524854382 2.821177405618484 2.81900285875153 2.816828311884576 2.8146537650176184 2.812479218150665 2.8103046712837108 2.8081301244167567 2.8059555775498026 2.803781030682849 2.801606483815895 2.799431936948941 2.7972573900819873 2.795082843215033 2.792908296348079 2.790733749481125 2.7885592026141715 2.786384655747214 2.7842101088802598 2.7820355620133057 2.7798610151463516 2.777686468279398 2.775511921412444 2.773190307880483 2.770711476756766 2.7682326456330486 2.765753814509331 2.763274983385614 2.760796152261897 2.7583173211381795 2.7558384900144577 2.7533596588907407 2.7508808277670234 2.748401996643306 2.7459231655195886 2.7434443343958717 2.7409655032721543
2.8378166372515805 2.8356359838821206 2.8334553305126606 2.8312746771432007 2.8290940237737408 2.826913370404281 2.8247327170348204 2.8225520636653605 2.8203714102959005 2.8181907569264406 2.8160101035569807 2.8138294501875167 2.811648796818057 2.809468143448597 2.807287490079137 2.805106836709677 2.802926183340217 2.800745529970757 2.7985648766012967 2.7963842232318368 2.794203569862377 2.792022916492917 2.789842263123457 2.787661609753997 2.785480956384533 2.783300303015073 2.781119649645613 2.7789389962761533 2.7767583429066933 2.7745776895372334 2.77225315240735 2.769774800282712 2.767296448158074 2.7648180960334368 2.762339743908799 2.759861391784161 2.757383039659523 2.7549046875348813 2.7524263354102434 2.7499479832856055 2.747469631160968 2.7449912790363302 2.7425129269116924 2.7400345747870545
2.837059493949046 2.83487273407708 2.832685974205114 2.8304992143331478 2.828312454461182 2.8261256945892157 2.82393893471725 2.8217521748452836 2.819565414973318 2.8173786551013515 2.8151918952293857 2.813005135357416 2.8108183754854497 2.808631615613484 2.8064448557415176 2.8042580958695518 2.8020713359975855 2.7998845761256197 2.7976978162536534 2.7955110563816876 2.7933242965097214 2.7911375366377555 2.7889507767657893 2.7867640168938235 2.7845772570218537 2.7823904971498874 2.7802037372779216 2.7780169774059553 2.7758302175339895 2.7736434576620232 2.7713159969342174 2.7688381238086595 2.766360250683101 2.7638823775575427 2.7614045044319844 2.758926631306426 2.756448758180868 2.7539708850553053 2.751493011929747 2.749015138804189 2.7465372656786307 2.7440593925530723 2.741581519427514 2.7391036463019556
2.8363023506465117 2.8341094842720396 2.8319166178975674 2.8297237515230953 2.827530885148623 2.825338018774151 2.823145152399679 2.8209522860252068 2.8187594196507346 2.8165665532762625 2.8143736869017904 2.8121808205273147 2.8099879541528425 2.8077950877783704 2.8056022214038983 2.803409355029426 2.801216488654954 2.799023622280482 2.7968307559060097 2.7946378895315376 2.7924450231570654 2.7902521567825933 2.7880592904081216 2.7858664240336495 2.7836735576591733 2.781480691284701 2.779287824910229 2.777094958535757 2.774902092161285 2.772709225786813 2.770378841461085 2.767901447334606 2.765424053208127 2.7629466590816487 2.76046926495517 2.757991870828691 2.755514476702212 2.7530370825757293 2.7505596884492505 2.7480822943227716 2.745604900196293 2.7431275060698144 2.7406501119433355 2.7381727178168567
2.835545207343977 2.833346234466999 2.831147261590021 2.8289482887130424 2.8267493158360644 2.8245503429590864 2.822351370082108 2.82015239720513 2.817953424328152 2.8157544514511734 2.8135554785741954 2.8113565056972134 2.8091575328202354 2.8069585599432574 2.804759587066279 2.802560614189301 2.800361641312323 2.7981626684353444 2.7959636955583664 2.7937647226813884 2.79156574980441 2.789366776927432 2.787167804050454 2.7849688311734755 2.782769858296494 2.7805708854195155 2.7783719125425375 2.7761729396655594 2.773973966788581 2.771774993911603 2.7694416859879527 2.7669647708605534 2.764487855733154 2.7620109406057547 2.7595340254783554 2.757057110350956 2.754580195223557 2.7521032800961533 2.749626364968754 2.747149449841355 2.744672534713956 2.7421956195865564 2.739718704459157 2.7372417893317578
2.834788064041443 2.8325829846619586 2.8303779052824742 2.8281728259029904 2.825967746523506 2.8237626671440217 2.8215575877645374 2.8193525083850535 2.817147429005569 2.814942349626085 2.8127372702466005 2.8105321908671126 2.8083271114876283 2.8061220321081444 2.80391695272866 2.8017118733491757 2.799506793969692 2.7973017145902075 2.795096635210723 2.792891555831239 2.790686476451755 2.7884813970722706 2.7862763176927863 2.784071238313302 2.781866158933814 2.77966107955433 2.777456000174846 2.7752509207953615 2.773045841415877 2.7708407620363933 2.76850453051482 2.7660280943865003 2.7635516582581805 2.761075222129861 2.7585987860015413 2.7561223498732215 2.7536459137449016 2.751169477616578 2.748693041488258 2.746216605359938 2.7437401692316183 2.7412637331032985 2.738787296974979 2.7363108608466593
2.834030920738908 2.831819734856918 2.8296085489749276 2.8273973630929374 2.8251861772109472 2.822974991328957 2.820763805446967 2.8185526195649766 2.816341433682986 2.8141302478009957 2.8119190619190055 2.8097078760370118 2.8074966901550216 2.805285504273031 2.8030743183910407 2.8008631325090505 2.7986519466270603 2.79644076074507 2.79422957486308 2.7920183889810897 2.7898072030990995 2.7875960172171093 2.7853848313351186 2.7831736454531284 2.7809624595711346 2.7787512736891444 2.776540087807154 2.7743289019251636 2.7721177160431734 2.769906530161183 2.767567375041688 2.7650914179124477 2.7626154607832074 2.760139503653967 2.757663546524727 2.7551875893954865 2.752711632266246 2.750235675137002 2.7477597180077615 2.745283760878521 2.742807803749281 2.7403318466200406 2.7378558894908007 2.7353799323615604
2.833273777436373 2.8310564850518767 2.8288391926673806 2.826621900282884 2.824404607898388 2.8221873155138915 2.8199700231293954 2.817752730744899 2.8155354383604028 2.8133181459759062 2.81110085359141 2.80888356120691 2.8066662688224135 2.8044489764379175 2.802231684053421 2.800014391668925 2.7977970992844283 2.795579806899932 2.7933625145154357 2.791145222130939 2.788927929746443 2.7867106373619466 2.7844933449774505 2.782276052592954 2.780058760208454 2.777841467823958 2.7756241754394613 2.773406883054965 2.7711895906704687 2.7689722982859726 2.7666302195685546 2.764154741438394 2.7616792633082334 2.7592037851780726 2.756728307047912 2.754252828917751 2.7517773507875902 2.7493018726574254 2.7468263945272646 2.744350916397104 2.741875438266943 2.739399960136782 2.7369244820066214 2.7344490038764606
2.832516634133839 2.8302932352468364 2.828069836359834 2.8258464374728316 2.823623038585829 2.821399639698827 2.8191762408118244 2.816952841924822 2.8147294430378196 2.812506044150817 2.8102826452638148 2.808059246376809 2.8058358474898064 2.803612448602804 2.8013890497158016 2.799165650828799 2.796942251941797 2.7947188530547944 2.792495454167792 2.7902720552807896 2.788048656393787 2.785825257506785 2.7836018586197824 2.78137845973278 2.779155060845774 2.7769316619587716 2.774708263071769 2.772484864184767 2.7702614652977644 2.768038066410762 2.765693064095422 2.7632180649643407 2.7607430658332595 2.758268066702178 2.755793067571097 2.7533180684400156 2.7508430693089343 2.748368070177849 2.7458930710467677 2.7434180719156864 2.740943072784605 2.738468073653524 2.7359930745224426 2.7335180753913617
2.831759490831304 2.8295299854417957 2.8273004800522874 2.8250709746627787 2.8228414692732704 2.820611963883762 2.8183824584942534 2.816152953104745 2.813923447715237 2.811693942325728 2.80946443693622 2.8072349315467076 2.8050054261571993 2.8027759207676906 2.8005464153781823 2.798316909988674 2.7960874045991653 2.793857899209657 2.7916283938201487 2.78939888843064 2.7871693830411317 2.7849398776516234 2.7827103722621147 2.7804808668726064 2.778251361483094 2.776021856093586 2.7737923507040776 2.771562845314569 2.7693333399250606 2.7671038345355523 2.7647559086222895 2.762281388490288 2.7598068683582864 2.7573323482262846 2.754857828094283 2.752383307962281 2.7499087878302793 2.7474342676982735 2.7449597475662717 2.74248522743427 2.740010707302268 2.7375361871702664 2.7350616670382646 2.732587146906263
2.8310023475287696 2.828766735636755 2.8265311237447404 2.824295511852726 2.8220598999607116 2.819824288068697 2.817588676176683 2.8153530642846682 2.8131174523926537 2.810881840500639 2.808646228608625 2.8064106167166063 2.804175004824592 2.8019393929325775 2.799703781040563 2.797468169148549 2.795232557256534 2.7929969453645196 2.7907613334725054 2.788525721580491 2.7862901096884762 2.7840544977964616 2.7818188859044475 2.779583274012433 2.7773476621204147 2.7751120502284 2.7728764383363855 2.7706408264443714 2.7684052145523568 2.766169602660342 2.7638187531491574 2.761344712016235 2.758870670883313 2.7563966297503906 2.7539225886174683 2.751448547484546 2.7489745063516238 2.7465004652186975 2.7440264240857752 2.741552382952853 2.7390783418199307 2.7366043006870084 2.734130259554086 2.731656218421164
2.8302452042262347 2.8280034858317142 2.8257617674371938 2.8235200490426733 2.821278330648153 2.8190366122536323 2.816794893859112 2.8145531754645914 2.812311457070071 2.8100697386755504 2.80782802028103 2.8055863018865055 2.803344583491985 2.8011028650974645 2.798861146702944 2.796619428308423 2.7943777099139027 2.792135991519382 2.7898942731248617 2.7876525547303412 2.7854108363358208 2.7831691179413003 2.78092739954678 2.7786856811522593 2.776443962757735 2.7742022443632144 2.771960525968694 2.7697188075741734 2.767477089179653 2.7652353707851325 2.7628815976760253 2.7604080355421825 2.7579344734083397 2.755460911274497 2.7529873491406542 2.7505137870068115 2.7480402248729687 2.7455666627391215 2.7430931006052788 2.740619538471436 2.7381459763375933 2.7356724142037505 2.7331988520699078 2.730725289936065
2.8294880609237003 2.8272402360266735 2.824992411129647 2.8227445862326204 2.820496761335594 2.818248936438567 2.816001111541541 2.813753286644514 2.8115054617474877 2.809257636850461 2.8070098119534346 2.804761987056404 2.8025141621593774 2.8002663372623506 2.7980185123653243 2.7957706874682975 2.793522862571271 2.7912750376742443 2.789027212777218 2.786779387880191 2.784531562983165 2.782283738086138 2.7800359131891117 2.777788088292085 2.7755402633950546 2.7732924384980278 2.7710446136010014 2.7687967887039746 2.7665489638069483 2.7643011389099215 2.761944442202892 2.7594713590681286 2.7569982759333653 2.754525192798602 2.752052109663839 2.7495790265290756 2.7471059433943124 2.744632860259545 2.742159777124782 2.7396866939900186 2.7372136108552554 2.734740527720492 2.732267444585729 2.7297943614509657
2.828730917621166 2.8264769862216332 2.8242230548221006 2.821969123422568 2.819715192023035 2.8174612606235026 2.81520732922397 2.812953397824437 2.8106994664249045 2.808445535025372 2.806191603625839 2.803937672226303 2.8016837408267703 2.7994298094272376 2.797175878027705 2.7949219466281723 2.7926680152286396 2.790414083829107 2.7881601524295743 2.785906221030042 2.7836522896305094 2.7813983582309767 2.779144426831444 2.7768904954319114 2.7746365640323747 2.772382632632842 2.7701287012333093 2.767874769833777 2.7656208384342444 2.7633669070347118 2.7610072867297597 2.758534682594076 2.7560620784583922 2.7535894743227085 2.7511168701870248 2.748644266051341 2.7461716619156573 2.743699057779969 2.7412264536442854 2.7387538495086017 2.736281245372918 2.733808641237234 2.7313360371015505 2.7288634329658668
2.827973774318631 2.8257137364165925 2.823453698514554 2.821193660612515 2.8189336227104764 2.816673584808438 2.814413546906399 2.8121535090043603 2.809893471102322 2.8076334332002832 2.8053733952982443 2.8031133573962017 2.800853319494163 2.7985932815921246 2.7963332436900856 2.794073205788047 2.7918131678860085 2.7895531299839695 2.787293092081931 2.7850330541798924 2.782773016277854 2.780512978375815 2.7782529404737764 2.775992902571738 2.7737328646696953 2.7714728267676563 2.7692127888656177 2.766952750963579 2.7646927130615406 2.7624326751595016 2.760070131256627 2.757598006120023 2.7551258809834187 2.7526537558468145 2.7501816307102103 2.747709505573606 2.745237380437002 2.7427652553003936 2.7402931301637894 2.7378210050271847 2.7353488798905805 2.7328767547539763 2.730404629617372 2.727932504480768
2.8272166310160967 2.824950486611552 2.822684342207007 2.8204181978024625 2.8181520533979176 2.8158859089933728 2.8136197645888283 2.8113536201842835 2.8090874757797386 2.8068213313751937 2.8045551869706493 2.8022890425661005 2.800022898161556 2.797756753757011 2.7954906093524663 2.7932244649479214 2.790958320543377 2.788692176138832 2.7864260317342873 2.784159887329743 2.781893742925198 2.779627598520653 2.7773614541161082 2.775095309711564 2.772829165307015 2.7705630209024705 2.7682968764979257 2.766030732093381 2.763764587688836 2.7614984432842915 2.7591329757834946 2.75666132964597 2.754189683508445 2.7517180373709205 2.7492463912333958 2.7467747450958706 2.744303098958346 2.741831452820817 2.7393598066832925 2.736888160545768 2.734416514408243 2.731944868270718 2.729473222133193 2.7270015759956685
2.826459487713562 2.824187236806511 2.8219149858994603 2.8196427349924096 2.817370484085359 2.815098233178308 2.8128259822712574 2.8105537313642066 2.808281480457156 2.806009229550105 2.8037369786430544 2.8014647277359996 2.799192476828949 2.796920225921898 2.794647975014847 2.792375724107796 2.7901034732007455 2.7878312222936947 2.785558971386644 2.7832867204795932 2.7810144695725425 2.7787422186654918 2.776469967758441 2.7741977168513903 2.7719254659443355 2.769653215037285 2.767380964130234 2.765108713223183 2.762836462316132 2.7605642114090814 2.758195820310362 2.755724653171917 2.7532534860334716 2.7507823188950264 2.7483111517565812 2.745839984618136 2.743368817479691 2.740897650341241 2.738426483202796 2.735955316064351 2.7334841489259056 2.7310129817874604 2.7285418146490152 2.72607064751057
2.8257023444110274 2.823423987001471 2.8211456295919137 2.818867272182357 2.8165889147728 2.8143105573632434 2.8120321999536864 2.8097538425441293 2.8074754851345727 2.8051971277250156 2.802918770315459 2.8006404129058984 2.7983620554963413 2.7960836980867847 2.7938053406772276 2.791526983267671 2.789248625858114 2.7869702684485573 2.7846919110390003 2.7824135536294436 2.7801351962198866 2.77785683881033 2.775578481400773 2.7733001239912163 2.771021766581655 2.7687434091720986 2.7664650517625415 2.764186694352985 2.761908336943428 2.7596299795338712 2.7572586648372295 2.754787976697864 2.752317288558498 2.7498466004191324 2.7473759122797667 2.7449052241404006 2.742434536001035 2.7399638478616652 2.7374931597222996 2.735022471582934 2.732551783443568 2.730081095304202 2.7276104071648364 2.7251397190254707
