Figures/CREST_Example_wjb_NSE/PETs/wjb.pet.20090608.asc
ncols            288
nrows            254
xllcorner        113.274861
yllcorner        31.4918055
cellsize         0.008333333333
NODATA_value     -9999
[rows 57 to 75 of 254, columns 176 to 219 of 288]
0.9880574444040477 0.9915097296154076 0.9949620148267674 0.9984143000381271 1.001866585249487 1.005318870460847 1.0087711556722125 1.0122234408835722 1.015675726094932 -9999.0 -9999.0 1.0260325817290115 -9999.0 -9999.0 -9999.0 -9999.0 -9999.0 -9999.0 1.04331788016375 -9999.0 -9999.0 -9999.0 -9999.0 -9999.0 -9999.0 -9999.0 -9999.0 1.0494515550848662 -9999.0 -9999.0 -9999.0 -9999.0 -9999.0 -9999.0 -9999.0 -9999.0 -9999.0 -9999.0 -9999.0 -9999.0 -9999.0 -9999.0 -9999.0 -9999.0
0.9828074978988612 0.9863150559032354 0.9898226139076096 0.9933301719119837 0.9968377299163579 1.000345287920732 1.0038528459251121 1.0073604039294863 1.0108679619338605 1.0143755199382347 1.0178830779426087 1.0213906359469829 1.024898193951357 1.0284057519557313 1.0319133099601054 1.0354208679644796 1.037558837050467 1.0382326845935475 1.038906532136628 1.0395803796797096 -9999.0 -9999.0 -9999.0 -9999.0 -9999.0 -9999.0 1.0442973124812729 1.0449711600243534 1.045645007567434 1.0463188551105145 1.0469927026535948 1.0476665501966753 1.048340397739757 1.0490142452828375 -9999.0 -9999.0 -9999.0 -9999.0 -9999.0 -9999.0 -9999.0 -9999.0 -9999.0 -9999.0
0.9742727039465112 0.9777101630183548 0.9811476220901983 0.9845850811620419 0.9880225402338856 0.9914599993057291 0.9948974583775786 0.9983349174494222 1.0017723765212656 1.0052098355931094 1.008647294664953 1.0120847537367965 1.01552221280864 1.0189596718804836 1.0223971309523272 1.0258345900241708 1.028013316255267 1.028846428598749 1.0296795409422315 1.0305126532857152 1.0313457656291976 1.03217887797268 1.0330119903161623 1.0338451026596445 1.0346782150031268 1.0355113273466092 1.0363444396900916 1.0371775520335738 1.0380106643770561 1.0388437767205385 1.039676889064021 1.040510001407503 1.041343113750987 1.0421762260944691 -9999.0 -9999.0 -9999.0 -9999.0 -9999.0 -9999.0 -9999.0 -9999.0 -9999.0 -9999.0
0.9657379099941682 0.9691052701334812 0.9724726302727944 0.9758399904121074 0.9792073505514205 0.9825747106907335 0.9859420708300524 0.9893094309693654 0.9926767911086785 0.9960441512479916 0.9994115113873047 1.0027788715266177 1.0061462316659309 1.0095135918052438 1.012880951944557 1.01624831208387 1.0184677954600745 1.0194601726039587 1.0204525497478427 1.0214449268917283 1.0224373040356125 1.0234296811794965 1.0244220583233805 1.0254144354672645 1.0264068126111485 1.0273991897550325 1.0283915668989165 1.0293839440428008 1.0303763211866848 1.0313686983305688 1.0323610754744528 1.0333534526183368 1.0343458297622226 1.0353382069061066 -9999.0 -9999.0 -9999.0 -9999.0 -9999.0 -9999.0 -9999.0 -9999.0 -9999.0 -9999.0
0.9572031160418253 0.9605003772486078 0.9637976384553903 0.9670948996621729 0.9703921608689555 0.973689422075738 0.9769866832825262 0.9802839444893088 0.9835812056960913 0.9868784669028738 0.9901757281096564 0.993472989316439 0.9967702505232215 1.0000675117300042 1.0033647729367867 1.0066620341435693 1.0089222746648823 1.0100739166091681 -9999.0 -9999.0 -9999.0 1.014680484386313 1.015832126330599 1.0169837682748846 1.0181354102191704 1.019287052163456 1.020438694107742 1.0215903360520275 1.0227419779963134 1.023893619940599 1.0250452618848849 1.0261969038291707 -9999.0 -9999.0 -9999.0 -9999.0 -9999.0 -9999.0 -9999.0 -9999.0 -9999.0 -9999.0 -9999.0 -9999.0
0.9486683220894823 0.9518954843637343 0.9551226466379863 0.9583498089122384 0.9615769711864904 0.9648041334607425 0.968031295735 0.971258458009252 0.974485620283504 0.9777127825577561 0.9809399448320082 0.9841671071062602 0.9873942693805122 0.9906214316547642 0.9938485939290163 0.9970757562032683 0.9993767538696899 1.0006876606143775 -9999.0 -9999.0 -9999.0 1.0059312875931297 1.0072421943378171 1.0085531010825044 1.0098640078271919 1.0111749145718794 1.0124858213165668 -9999.0 -9999.0 -9999.0 -9999.0 -9999.0 -9999.0 -9999.0 -9999.0 -9999.0 -9999.0 -9999.0 -9999.0 -9999.0 -9999.0 -9999.0 -9999.0 -9999.0
0.9401335281371394 0.9432905914788609 0.9464476548205824 0.9496047181623039 0.9527617815040255 0.955918844845747 0.9590759081874738 0.9622329715291954 0.9653900348709169 0.9685470982126384 0.9717041615543599 0.9748612248960814 0.978018288237803 0.9811753515795245 0.984332414921246 0.9874894782629675 0.9898312330744977 0.9913014046195869 -9999.0 -9999.0 -9999.0 -9999.0 -9999.0 -9999.0 -9999.0 -9999.0 -9999.0 -9999.0 -9999.0 -9999.0 -9999.0 -9999.0 -9999.0 -9999.0 -9999.0 -9999.0 -9999.0 -9999.0 -9999.0 -9999.0 -9999.0 -9999.0 -9999.0 -9999.0
0.9315987341847964 0.9346856985939874 0.9377726630031784 0.9408596274123694 0.9439465918215604 0.9470335562307515 0.9501205206399477 0.9532074850491387 0.9562944494583296 0.9593814138675207 0.9624683782767117 0.9655553426859027 0.9686423070950937 0.9717292715042847 0.9748162359134758 0.9779032003226668 0.9802857122793055 0.9819151486247965 -9999.0 -9999.0 -9999.0 -9999.0 -9999.0 -9999.0 -9999.0 -9999.0 -9999.0 -9999.0 -9999.0 -9999.0 -9999.0 -9999.0 -9999.0 -9999.0 -9999.0 -9999.0 -9999.0 -9999.0 -9999.0 -9999.0 -9999.0 -9999.0 -9999.0 -9999.0
0.9230639402324534 0.926080805709114 0.9290976711857745 0.9321145366624349 0.9351314021390954 0.9381482676157559 0.9411651330924216 0.944181998569082 0.9471988640457425 0.950215729522403 0.9532325949990635 0.956249460475724 0.9592663259523845 0.962283191429045 0.9653000569057054 0.968316922382366 0.9707401914841133 0.9725288926300059 0.9743175937758984 -9999.0 -9999.0 -9999.0 -9999.0 -9999.0 -9999.0 -9999.0 -9999.0 -9999.0 -9999.0 -9999.0 -9999.0 -9999.0 -9999.0 -9999.0 -9999.0 -9999.0 -9999.0 -9999.0 -9999.0 -9999.0 -9999.0 -9999.0 -9999.0 -9999.0
0.9145291462801032 0.9174759128242331 0.9204226793683631 0.9233694459124929 0.9263162124566229 0.9292629790007528 0.9322097455448878 0.9351565120890176 0.9381032786331476 0.9410500451772775 0.9439968117214074 0.9469435782655373 0.9498903448096673 0.9528371113537971 0.9557838778979271 0.9587306444420569 0.9611946706889128 0.9631426366352074 0.9650906025815018 -9999.0 -9999.0 -9999.0 -9999.0 -9999.0 -9999.0 -9999.0 -9999.0 -9999.0 -9999.0 -9999.0 -9999.0 -9999.0 -9999.0 -9999.0 -9999.0 -9999.0 -9999.0 -9999.0 -9999.0 -9999.0 -9999.0 -9999.0 -9999.0 -9999.0
0.9059943523277603 0.9088710199393597 0.911747687550959 0.9146243551625585 0.9175010227741579 0.9203776903857572 0.9232543579973616 0.926131025608961 0.9290076932205604 0.9318843608321598 0.9347610284437592 0.9376376960553586 0.940514363666958 0.9433910312785574 0.9462676988901568 0.9491443665017562 0.9516491498937206 0.9537563806404168 0.955863611387113 0.9579708421338128 -9999.0 -9999.0 -9999.0 -9999.0 -9999.0 -9999.0 -9999.0 -9999.0 -9999.0 -9999.0 -9999.0 -9999.0 -9999.0 -9999.0 -9999.0 -9999.0 -9999.0 -9999.0 -9999.0 -9999.0 -9999.0 -9999.0 -9999.0 -9999.0
0.8974595583754174 0.9002661270544863 0.9030726957335551 0.905879264412624 0.9086858330916929 0.9114924017707617 0.9142989704498354 0.9171055391289044 0.9199121078079732 0.9227186764870421 0.925525245166111 0.9283318138451798 0.9311383825242487 0.9339449512033177 0.9367515198823865 0.9395580885614554 0.9421036290985284 0.9443701246456263 0.9466366201927242 -9999.0 -9999.0 -9999.0 -9999.0 -9999.0 -9999.0 -9999.0 -9999.0 -9999.0 -9999.0 -9999.0 -9999.0 -9999.0 -9999.0 -9999.0 -9999.0 -9999.0 -9999.0 -9999.0 -9999.0 -9999.0 -9999.0 -9999.0 -9999.0 -9999.0
0.8889247644230743 0.8916612341696127 0.894397703916151 0.8971341736626894 0.8998706434092278 0.9026071131557662 0.9053435829023092 0.9080800526488476 0.910816522395386 0.9135529921419243 0.9162894618884627 0.9190259316350011 0.9217624013815395 0.9244988711280778 0.9272353408746162 0.9299718106211546 0.9325581083033362 0.9349838686508357 -9999.0 -9999.0 -9999.0 -9999.0 -9999.0 -9999.0 -9999.0 -9999.0 -9999.0 -9999.0 -9999.0 -9999.0 -9999.0 -9999.0 -9999.0 -9999.0 -9999.0 -9999.0 -9999.0 -9999.0 -9999.0 -9999.0 -9999.0 -9999.0 -9999.0 -9999.0
0.8803899704707314 0.8830563412847393 0.8857227120987471 0.888389082912755 0.8910554537267629 0.8937218245407706 0.8963881953547831 0.899054566168791 0.9017209369827988 0.9043873077968066 0.9070536786108145 0.9097200494248224 0.9123864202388302 0.9150527910528381 0.917719161866846 0.9203855326808539 0.9230125875081439 0.9255976126560452 -9999.0 -9999.0 -9999.0 -9999.0 -9999.0 -9999.0 -9999.0 -9999.0 -9999.0 -9999.0 -9999.0 -9999.0 -9999.0 -9999.0 -9999.0 -9999.0 -9999.0 -9999.0 -9999.0 -9999.0 -9999.0 -9999.0 -9999.0 -9999.0 -9999.0 -9999.0
0.8718551765183885 0.8744514483998658 0.8770477202813431 0.8796439921628205 0.8822402640442978 0.8848365359257752 0.887432807807257 0.8900290796887342 0.8926253515702116 0.895221623451689 0.8978178953331664 0.9004141672146436 0.903010439096121 0.9056067109775984 0.9082029828590756 0.910799254740553 0.9134670667129516 0.9162113566612546 -9999.0 -9999.0 -9999.0 -9999.0 -9999.0 -9999.0 -9999.0 -9999.0 -9999.0 -9999.0 -9999.0 -9999.0 -9999.0 -9999.0 -9999.0 -9999.0 -9999.0 -9999.0 -9999.0 -9999.0 -9999.0 -9999.0 -9999.0 -9999.0 -9999.0 -9999.0
0.8633203825660383 0.865846555514985 0.8683727284639318 0.8708989014128786 0.8734250743618254 0.8759512473107721 0.8784774202597232 0.8810035932086699 0.8835297661576168 0.8860559391065636 0.8885821120555103 0.891108285004457 0.8936344579534039 0.8961606309023507 0.8986868038512974 0.9012129768002441 0.9039215459177513 0.9068251006664563 0.9097286554151611 -9999.0 -9999.0 -9999.0 -9999.0 -9999.0 -9999.0 -9999.0 -9999.0 -9999.0 -9999.0 -9999.0 -9999.0 -9999.0 -9999.0 -9999.0 -9999.0 -9999.0 -9999.0 -9999.0 -9999.0 -9999.0 -9999.0 -9999.0 -9999.0 -9999.0
0.8547855886136954 0.8572416626301116 0.8596977366465278 0.862153810662944 0.8646098846793604 0.8670659586957766 0.8695220327121971 0.8719781067286133 0.8744341807450295 0.8768902547614459 0.8793463287778621 0.8818024027942784 0.8842584768106946 0.8867145508271108 0.8891706248435272 0.8916266988599434 0.8943760251225591 0.8974388446716657 0.9005016642207723 0.9035644837698842 0.9066273033189908 0.9096901228680974 -9999.0 -9999.0 -9999.0 -9999.0 -9999.0 -9999.0 -9999.0 -9999.0 -9999.0 -9999.0 -9999.0 -9999.0 -9999.0 -9999.0 -9999.0 -9999.0 -9999.0 -9999.0 -9999.0 -9999.0 -9999.0 -9999.0
0.8462507946613524 0.8486367697452382 0.8510227448291239 0.8534087199130096 0.8557946949968953 0.8581806700807811 0.860566645164671 0.8629526202485567 0.8653385953324424 0.8677245704163281 0.8701105455002139 0.8724965205840997 0.8748824956679854 0.8772684707518711 0.8796544458357569 0.8820404209196426 0.8848305043273669 0.8880525886768752 0.8912746730263835 0.8944967573758973 0.8977188417254056 0.9009409260749139 0.9041630104244223 0.9073850947739306 0.9106071791234389 -9999.0 -9999.0 -9999.0 -9999.0 -9999.0 -9999.0 -9999.0 -9999.0 -9999.0 -9999.0 -9999.0 -9999.0 -9999.0 -9999.0 -9999.0 -9999.0 -9999.0 -9999.0 -9999.0
0.8377160007090093 0.8400318768603645 0.8423477530117198 0.844663629163075 0.8469795053144302 0.8492953814657855 0.8516112576171446 0.8539271337684999 0.8562430099198551 0.8585588860712103 0.8608747622225655 0.8631906383739207 0.865506514525276 0.8678223906766313 0.8701382668279865 0.8724541429793418 0.8752849835321745 0.8786663326820846 0.8820476818319946 0.8854290309819104 0.8888103801318205 0.8921917292817304 0.8955730784316405 0.8989544275815505 0.9023357767314606 -9999.0 -9999.0 -9999.0 -9999.0 -9999.0 0.9226238716309207 -9999.0 -9999.0 -9999.0 -9999.0 -9999.0 -9999.0 -9999.0 -9999.0 -9999.0 -9999.0 -9999.0 -9999.0 -9999.0
