Figures/CREST_Example_wjb_NSE/PETs/wjb.pet.20100226.asc
ncols            288
nrows            254
xllcorner        113.274861
yllcorner        31.4918055
cellsize         0.008333333333
NODATA_value     -9999
[rows 152 to 170 of 254, columns 220 to 263 of 288]
0.5645660920969816 0.5642071554624308 0.564564691484197 0.565688152990588 0.566811614496979 0.56793507600337 0.5690585375097611 0.5701819990161521 0.5713054605225432 0.5724289220289341 0.5735523835353252 0.5746758450417162 0.5757993065481073 0.5769227680544983 0.5780462295608912 0.5791696910672823 0.5802931525736733 0.5814166140800644 0.5825400755864554 0.5836635370928465 0.5847869985992374 0.5859104601056285 0.5870339216120196 0.5881573831184106 0.5892808446248017 0.5904043061311927 0.5915277676375837 0.5926512291439766 0.5937746906503677 0.5948981521567588 0.5960216136631498 0.5971450751695409 0.5983148962347035 0.5995342767176288 0.6007536572005542 0.6019730376834795 0.6031924181664049 0.6044117986493303 0.6056311791322556 0.606850559615181 0.6080699400981084 0.6092893205810338 0.6105087010639592 0.6117280815468845
0.5644448865288269 0.5640833437482441 0.5644303172464239 0.5655347106815565 0.566639104116689 0.5677434975518216 0.5688478909869542 0.5699522844220868 0.5710566778572194 0.5721610712923519 0.5732654647274845 0.5743698581626171 0.5754742515977497 0.5765786450328823 0.5776830384680167 0.5787874319031493 0.5798918253382819 0.5809962187734145 0.582100612208547 0.5832050056436796 0.5843093990788122 0.5854137925139448 0.5865181859490773 0.5876225793842099 0.5887269728193425 0.5898313662544751 0.5909357596896077 0.5920401531247421 0.5931445465598747 0.5942489399950073 0.5953533334301399 0.5964577268652724 0.5975720738658026 0.5986970614530605 0.5998220490403182 0.6009470366275761 0.602072024214834 0.6031970118020918 0.6043219993893497 0.6054469869766075 0.6065719745638674 0.6076969621511251 0.608821949738383 0.6099469373256409
0.5643236809606721 0.5639595320340574 0.5642959430086508 0.5653812683725249 0.5664665937363991 0.5675519191002731 0.5686372444641473 0.5697225698280214 0.5708078951918956 0.5718932205557696 0.5729785459196438 0.5740638712835179 0.5751491966473921 0.5762345220112661 0.5773198473751421 0.5784051727390163 0.5794904981028903 0.5805758234667644 0.5816611488306386 0.5827464741945126 0.5838317995583868 0.5849171249222609 0.5860024502861351 0.5870877756500091 0.5881731010138833 0.5892584263777574 0.5903437517416316 0.5914290771055075 0.5925144024693816 0.5935997278332558 0.5946850531971298 0.595770378561004 0.5968292514969016 0.597859846188492 0.5988904408800823 0.5999210355716726 0.6009516302632629 0.6019822249548533 0.6030128196464437 0.604043414338034 0.6050740090296262 0.6061046037212164 0.6071351984128068 0.6081657931043971
0.5642024753925173 0.5638357203198705 0.5641615687708778 0.5652278260634934 0.5662940833561091 0.5673603406487248 0.5684265979413404 0.5694928552339561 0.5705591125265718 0.5716253698191874 0.5726916271118031 0.5737578844044187 0.5748241416970343 0.57589039898965 0.5769566562822676 0.5780229135748831 0.5790891708674988 0.5801554281601145 0.5812216854527301 0.5822879427453458 0.5833542000379615 0.5844204573305771 0.5854867146231928 0.5865529719158085 0.5876192292084241 0.5886854865010398 0.5897517437936555 0.5908180010862729 0.5918842583788886 0.5929505156715043 0.5940167729641199 0.5950830302567355 0.5960864291280006 0.5970226309239235 0.5979588327198463 0.5988950345157692 0.599831236311692 0.6007674381076148 0.6017036399035377 0.6026398416994605 0.603576043495385 0.6045122452913079 0.6054484470872307 0.6063846488831535
0.5640812698243626 0.5637119086056838 0.5640271945331047 0.565074383754462 0.5661215729758191 0.5671687621971764 0.5682159514185335 0.5692631406398907 0.570310329861248 0.5713575190826051 0.5724047083039623 0.5734518975253196 0.5744990867466767 0.575546275968034 0.5765934651893929 0.5776406544107501 0.5786878436321073 0.5797350328534645 0.5807822220748218 0.5818294112961789 0.5828766005175361 0.5839237897388934 0.5849709789602505 0.5860181681816077 0.587065357402965 0.5881125466243221 0.5891597358456793 0.5902069250670383 0.5912541142883955 0.5923013035097527 0.5933484927311099 0.5943956819524671 0.5953436067590997 0.596185415659355 0.5970272245596103 0.5978690334598656 0.5987108423601211 0.5995526512603764 0.6003944601606317 0.601236269060887 0.6020780779611439 0.6029198868613992 0.6037616957616545 0.6046035046619098
0.5639600642562076 0.5635880968914969 0.5638928202953316 0.5649209414454303 0.565949062595529 0.5669771837456278 0.5680053048957264 0.5690334260458252 0.570061547195924 0.5710896683460227 0.5721177894961214 0.5731459106462201 0.5741740317963189 0.5752021529464175 0.5762302740965181 0.5772583952466167 0.5782865163967155 0.5793146375468142 0.580342758696913 0.5813708798470116 0.5823990009971104 0.5834271221472092 0.5844552432973078 0.5854833644474066 0.5865114855975053 0.587539606747604 0.5885677278977027 0.5895958490478033 0.5906239701979019 0.5916520913480007 0.5926802124980994 0.5937083336481981 0.5946007843901981 0.5953482003947859 0.5960956163993736 0.5968430324039614 0.5975904484085491 0.5983378644131369 0.5990852804177246 0.5998326964223124 0.6005801124269013 0.6013275284314892 0.6020749444360769 0.6028223604406646
0.5638388586880528 0.5634642851773101 0.5637584460575585 0.5647674991363988 0.565776552215239 0.5667856052940793 0.5677946583729195 0.5688037114517599 0.5698127645306001 0.5708218176094404 0.5718308706882806 0.5728399237671209 0.5738489768459611 0.5748580299248015 0.5758670830036434 0.5768761360824837 0.577885189161324 0.5788942422401643 0.5799032953190045 0.5809123483978448 0.581921401476685 0.5829304545555253 0.5839395076343655 0.5849485607132059 0.5859576137920461 0.5869666668708864 0.5879757199497266 0.5889847730285687 0.5899938261074089 0.5910028791862492 0.5920119322650894 0.5930209853439297 0.5938579620212971 0.5945109851302174 0.5951640082391376 0.5958170313480579 0.5964700544569781 0.5971230775658984 0.5977761006748187 0.5984291237837389 0.5990821468926603 0.5997351700015805 0.6003881931105007 0.601041216219421
0.5637176531198981 0.5633404734631233 0.5636240718197855 0.5646140568273673 0.5656040418349491 0.5665940268425309 0.5675840118501128 0.5685739968576945 0.5695639818652763 0.5705539668728581 0.5715439518804399 0.5725339368880218 0.5735239218956035 0.5745139069031854 0.5755038919107689 0.5764938769183506 0.5774838619259325 0.5784738469335142 0.5794638319410961 0.5804538169486779 0.5814438019562597 0.5824337869638415 0.5834237719714234 0.5844137569790051 0.585403741986587 0.5863937269941687 0.5873837120017505 0.5883736970093341 0.5893636820169158 0.5903536670244977 0.5913436520320795 0.5923336370396612 0.5931151396523962 0.5936737698656489 0.5942324000789017 0.5947910302921544 0.5953496605054072 0.5959082907186599 0.5964669209319127 0.5970255511451654 0.5975841813584191 0.5981428115716718 0.5987014417849246 0.5992600719981773
0.5635964475517433 0.5632166617489365 0.5634896975820124 0.5644606145183357 0.5654315314546591 0.5664024483909824 0.5673733653273059 0.5683442822636292 0.5693151991999525 0.5702861161362759 0.5712570330725992 0.5722279500089226 0.5731988669452459 0.5741697838815693 0.5751407008178943 0.5761116177542176 0.5770825346905409 0.5780534516268643 0.5790243685631876 0.579995285499511 0.5809662024358344 0.5819371193721578 0.5829080363084811 0.5838789532448044 0.5848498701811278 0.5858207871174511 0.5867917040537745 0.5877626209900995 0.5887335379264228 0.5897044548627461 0.5906753717990695 0.5916462887353928 0.5923723172834953 0.5928365546010804 0.5933007919186657 0.593765029236251 0.5942292665538361 0.5946935038714214 0.5951577411890067 0.5956219785065919 0.596086215824178 0.5965504531417631 0.5970146904593484 0.5974789277769337
0.5634752419835886 0.5630928500347497 0.5633553233442393 0.5643071722093043 0.5652590210743692 0.566210869939434 0.567162718804499 0.5681145676695638 0.5690664165346287 0.5700182653996936 0.5709701142647585 0.5719219631298234 0.5728738119948883 0.5738256608599531 0.5747775097250196 0.5757293585900846 0.5766812074551495 0.5776330563202143 0.5785849051852793 0.5795367540503441 0.580488602915409 0.5814404517804739 0.5823923006455388 0.5833441495106036 0.5842959983756686 0.5852478472407334 0.5861996961057984 0.5871515449708649 0.5881033938359298 0.5890552427009946 0.5900070915660596 0.5909589404311244 0.5916294949145943 0.5919993393365119 0.5923691837584297 0.5927390281803475 0.5931088726022652 0.593478717024183 0.5938485614461007 0.5942184058680184 0.5945882502899368 0.5949580947118545 0.5953279391337722 0.59569778355569
0.5633540364154338 0.562969038320563 0.5632209491064664 0.5641537299002728 0.5650865106940792 0.5660192914878857 0.5669520722816921 0.5678848530754985 0.568817633869305 0.5697504146631114 0.5706831954569178 0.5716159762507242 0.5725487570445307 0.5734815378383371 0.5744143186321451 0.5753470994259515 0.576279880219758 0.5772126610135644 0.5781454418073708 0.5790782226011773 0.5800110033949837 0.5809437841887901 0.5818765649825965 0.582809345776403 0.5837421265702094 0.5846749073640158 0.5856076881578223 0.5865404689516303 0.5874732497454367 0.5884060305392431 0.5893388113330496 0.590271592126856 0.5908866725456933 0.5911621240719436 0.5914375755981938 0.591713027124444 0.5919884786506943 0.5922639301769445 0.5925393817031946 0.592814833229445 0.5930902847556956 0.5933657362819458 0.5936411878081961 0.5939166393344463
0.5632328308472788 0.562845226606376 0.5630865748686932 0.5640002875912411 0.564914000313789 0.565827713036337 0.566741425758885 0.5676551384814329 0.5685688512039809 0.5694825639265289 0.5703962766490768 0.5713099893716247 0.5722237020941727 0.5731374148167206 0.5740511275392701 0.5749648402618182 0.5758785529843661 0.576792265706914 0.5777059784294619 0.57861969115201 0.5795334038745579 0.5804471165971058 0.5813608293196538 0.5822745420422017 0.5831882547647497 0.5841019674872976 0.5850156802098456 0.5859293929323951 0.586843105654943 0.587756818377491 0.588670531100039 0.5895842438225869 0.5901438501767916 0.5903249088073743 0.5905059674379569 0.5906870260685396 0.5908680846991222 0.5910491433297048 0.5912302019602875 0.5914112605908701 0.5915923192214532 0.5917733778520358 0.5919544364826184 0.5921354951132011
0.5631116252791241 0.5627214148921893 0.5629522006309201 0.5638468452822096 0.5647414899334992 0.5656361345847886 0.5665307792360781 0.5674254238873676 0.5683200685386571 0.5692147131899465 0.5701093578412361 0.5710040024925256 0.571898647143815 0.5727932917951045 0.5736879364463956 0.574582581097685 0.5754772257489745 0.576371870400264 0.5772665150515536 0.578161159702843 0.5790558043541325 0.579950449005422 0.5808450936567116 0.581739738308001 0.5826343829592905 0.58352902761058 0.5844236722618695 0.5853183169131605 0.58621296156445 0.5871076062157395 0.588002250867029 0.5888968955183185 0.5894010278078906 0.5894876935428058 0.589574359277721 0.5896610250126361 0.5897476907475512 0.5898343564824664 0.5899210222173815 0.5900076879522966 0.590094353687212 0.5901810194221271 0.5902676851570422 0.5903543508919573
0.5629904197109693 0.5625976031780026 0.562817826393147 0.563693402973178 0.5645689795532092 0.5654445561332402 0.5663201327132712 0.5671957092933022 0.5680712858733332 0.5689468624533643 0.5698224390333954 0.5706980156134264 0.5715735921934574 0.5724491687734885 0.573324745353521 0.574200321933552 0.5750758985135831 0.5759514750936141 0.5768270516736451 0.5777026282536761 0.5785782048337071 0.5794537814137383 0.5803293579937693 0.5812049345738003 0.5820805111538313 0.5829560877338623 0.5838316643138934 0.5847072408939259 0.5855828174739569 0.586458394053988 0.587333970634019 0.58820954721405 0.5886582054389897 0.5886504782782374 0.588642751117485 0.5886350239567326 0.5886272967959802 0.5886195696352279 0.5886118424744755 0.5886041153137231 0.5885963881529708 0.5885886609922184 0.588580933831466 0.5885732066707137
0.5628692141428145 0.5624737914638157 0.562683452155374 0.5635399606641466 0.5643964691729192 0.5652529776816917 0.5661094861904643 0.5669659946992369 0.5678225032080094 0.568679011716782 0.5695355202255546 0.5703920287343272 0.5712485372430998 0.5721050457518724 0.5729615542606464 0.5738180627694189 0.5746745712781915 0.5755310797869642 0.5763875882957367 0.5772440968045093 0.5781006053132819 0.5789571138220544 0.579813622330827 0.5806701308395996 0.5815266393483721 0.5823831478571447 0.5832396563659173 0.5840961648746913 0.5849526733834639 0.5858091818922365 0.586665690401009 0.5875221989097816 0.5879153830700887 0.5878132630136689 0.587711142957249 0.5876090229008292 0.5875069028444093 0.5874047827879894 0.5873026627315695 0.5872005426751497 0.5870984226187296 0.5869963025623097 0.5868941825058899 0.58679206244947
0.5627480085746598 0.562349979749629 0.562549077917601 0.5633865183551151 0.5642239587926292 0.5650613992301433 0.5658988396676574 0.5667362801051715 0.5675737205426856 0.5684111609801998 0.5692486014177139 0.570086041855228 0.5709234822927421 0.5717609227302562 0.5725983631677718 0.5734358036052859 0.5742732440428 0.5751106844803141 0.5759481249178283 0.5767855653553424 0.5776230057928565 0.5784604462303706 0.5792978866678847 0.5801353271053988 0.5809727675429129 0.581810207980427 0.5826476484179413 0.5834850888554567 0.5843225292929709 0.585159969730485 0.5859974101679991 0.5868348506055132 0.5871725607011877 0.5869760477491004 0.5867795347970131 0.5865830218449256 0.5863865088928383 0.5861899959407509 0.5859934829886635 0.5857969700365762 0.5856004570844885 0.585403944132401 0.5852074311803137 0.5850109182282264
0.562626803006505 0.5622261680354422 0.5624147036798279 0.5632330760460835 0.5640514484123392 0.5648698207785949 0.5656881931448505 0.5665065655111062 0.5673249378773618 0.5681433102436175 0.5689616826098732 0.5697800549761288 0.5705984273423845 0.5714167997086401 0.5722351720748972 0.5730535444411529 0.5738719168074086 0.5746902891736642 0.5755086615399199 0.5763270339061755 0.5771454062724312 0.5779637786386869 0.5787821510049425 0.5796005233711982 0.5804188957374538 0.5812372681037095 0.582055640469965 0.5828740128362222 0.5836923852024778 0.5845107575687335 0.5853291299349891 0.5861475023012448 0.5864297383322868 0.5861388324845319 0.5858479266367771 0.5855570207890222 0.5852661149412673 0.5849752090935124 0.5846843032457576 0.5843933973980027 0.5841024915502473 0.5838115857024925 0.5835206798547375 0.5832297740069827
0.5625055974383502 0.5621023563212554 0.5622803294420549 0.563079633737052 0.5638789380320492 0.5646782423270464 0.5654775466220436 0.5662768509170408 0.567076155212038 0.5678754595070352 0.5686747638020324 0.5694740680970296 0.5702733723920269 0.5710726766870241 0.5718719809820226 0.5726712852770198 0.573470589572017 0.5742698938670142 0.5750691981620114 0.5758685024570086 0.5766678067520058 0.577467111047003 0.5782664153420002 0.5790657196369974 0.5798650239319946 0.5806643282269918 0.581463632521989 0.5822629368169876 0.5830622411119848 0.583861545406982 0.5846608497019792 0.5854601539969764 0.5856869159633858 0.5853016172199634 0.5849163184765411 0.5845310197331187 0.5841457209896963 0.5837604222462739 0.5833751235028516 0.5829898247594292 0.5826045260160061 0.5822192272725838 0.5818339285291614 0.581448629785739
0.5623843918701954 0.5619785446070686 0.5621459552042818 0.5629261914280206 0.5637064276517593 0.564486663875498 0.5652669000992367 0.5660471363229754 0.5668273725467141 0.5676076087704529 0.5683878449941916 0.5691680812179303 0.5699483174416691 0.5707285536654078 0.5715087898891478 0.5722890261128866 0.5730692623366253 0.5738494985603639 0.5746297347841027 0.5754099710078414 0.5761902072315801 0.5769704434553189 0.5777506796790576 0.5785309159027963 0.5793111521265351 0.5800913883502737 0.5808716245740124 0.5816518607977526 0.5824320970214912 0.5832123332452299 0.5839925694689687 0.5847728056927074 0.5849440935944843 0.5844644019553943 0.5839847103163044 0.5835050186772144 0.5830253270381244 0.5825456353990345 0.5820659437599445 0.5815862521208546 0.5811065604817638 0.5806268688426738 0.5801471772035838 0.5796674855644939
