Figures/CREST_Example_wjb_NSE/PETs/wjb.pet.20090619.asc
ncols            288
nrows            254
xllcorner        113.274861
yllcorner        31.4918055
cellsize         0.008333333333
NODATA_value     -9999
[rows 60 to 79 of 254, columns 132 to 175 of 288]
2.4436786139255493 2.4388886746704097 2.43409873541527 2.4293087961601305 2.424518856904991 2.4197289176498513 2.414938978394712 2.4101490391395726 2.405359099884433 2.4005691606292934 2.3957792213741538 2.390989282119006 2.3861993428638666 2.381409403608727 2.3766194643535874 2.371829525098448 2.367039585843308 2.362249646588169 2.3574597073330295 2.35266976807789 2.3478798288227503 2.3430898895676107 2.338299950312471 2.3335100110573315 2.328720071802184 2.3239301325470443 2.3191401932919047 2.314350254036765 2.309560314781626 2.3047703755264863 2.3033799216804485 2.305623594638093 2.307867267595738 2.3101109405533826 2.312354613511028 2.3145982864686725 2.316841959426317 2.319085632383966 2.3213293053416106 2.3235729782992554 2.3258166512569 2.3280603242145452 2.33030399717219 2.3325476701298347
2.442364840009961 2.437678780165569 2.4329927203211774 2.428306660476786 2.4236206006323937 2.418934540788002 2.4142484809436104 2.4095624210992184 2.4048763612548267 2.400190301410435 2.395504241566043 2.3908181817216434 2.3861321218772518 2.3814460620328597 2.376760002188468 2.3720739423440764 2.3673878824996843 2.3627018226552927 2.358015762810901 2.353329702966509 2.3486436431221174 2.3439575832777257 2.3392715234333337 2.334585463588942 2.3298994037445424 2.3252133439001503 2.3205272840557587 2.315841224211367 2.311155164366975 2.3064691045225834 2.305091511788352 2.3072507452372677 2.3094099786861837 2.3115692121350992 2.313728445584015 2.315887679032931 2.3180469124818464 2.320206145930766 2.3223653793796815 2.324524612828597 2.326683846277513 2.3288430797264286 2.331002313175344 2.33316154662426
2.4410510660943725 2.436468885660729 2.4318867052270847 2.4273045247934406 2.4227223443597965 2.4181401639261524 2.4135579834925087 2.4089758030588646 2.4043936226252205 2.3998114421915764 2.3952292617579323 2.3906470813242806 2.3860649008906365 2.381482720456993 2.3769005400233487 2.3723183595897046 2.3677361791560605 2.3631539987224164 2.3585718182887727 2.3539896378551286 2.3494074574214845 2.3448252769878404 2.3402430965541963 2.3356609161205526 2.3310787356869005 2.3264965552532564 2.3219143748196127 2.3173321943859686 2.3127500139523245 2.3081678335186804 2.306803101896256 2.3088778958364427 2.310952689776629 2.313027483716816 2.3151022776570023 2.317177071597189 2.3192518655373755 2.321326659477566 2.3234014534177523 2.325476247357939 2.3275510412981255 2.3296258352383123 2.3317006291784987 2.3337754231186856
2.4397372921787843 2.435258991155888 2.430780690132992 2.4263023891100954 2.4218240880871993 2.417345787064303 2.412867486041407 2.4083891850185104 2.4039108839956143 2.399432582972718 2.394954281949822 2.390475980926918 2.3859976799040217 2.3815193788811255 2.3770410778582294 2.372562776835333 2.3680844758124366 2.3636061747895405 2.3591278737666443 2.3546495727437478 2.3501712717208516 2.3456929706979555 2.3412146696750593 2.3367363686521627 2.332258067629259 2.327779766606363 2.3233014655834663 2.31882316456057 2.314344863537674 2.309866562514778 2.3085146920041595 2.310505046435617 2.312495400867075 2.314485755298532 2.3164761097299897 2.3184664641614474 2.3204568185929046 2.322447173024366 2.324437527455823 2.326427881887281 2.328418236318738 2.3304085907501957 2.3323989451816534 2.3343892996131106
2.438423518263196 2.4340490966510475 2.429674675038899 2.4253002534267507 2.420925831814602 2.4165514102024535 2.4121769885903053 2.4078025669781566 2.403428145366008 2.39905372375386 2.394679302141711 2.390304880529555 2.385930458917407 2.3815560373052582 2.3771816156931096 2.3728071940809614 2.368432772468813 2.364058350856664 2.359683929244516 2.3553095076323673 2.3509350860202187 2.34656066440807 2.342186242795922 2.3378118211837733 2.3334373995716176 2.329062977959469 2.3246885563473203 2.320314134735172 2.3159397131230235 2.311565291510875 2.3102262821120636 2.312132197034792 2.31403811195752 2.3159440268802487 2.317849941802977 2.3197558567257057 2.3216617716484342 2.323567686571166 2.325473601493894 2.3273795164166224 2.329285431339351 2.3311913462620795 2.333097261184808 2.335003176107536
2.437109744347608 2.432839202146207 2.428568659944806 2.4242981177434055 2.420027575542005 2.415757033340604 2.4114864911392035 2.407215948937803 2.402945406736402 2.398674864535001 2.3944043223336005 2.3901337801321927 2.3858632379307916 2.381592695729391 2.3773221535279903 2.3730516113265896 2.368781069125189 2.3645105269237883 2.360239984722387 2.3559694425209865 2.351698900319586 2.347428358118185 2.3431578159167845 2.338887273715384 2.3346167315139756 2.330346189312575 2.3260756471111743 2.3218051049097737 2.317534562708373 2.3132640205069723 2.3119378722199673 2.3137593476339666 2.315580823047966 2.3174022984619653 2.3192237738759647 2.321045249289964 2.3228667247039634 2.324688200117966 2.326509675531965 2.3283311509459645 2.330152626359964 2.3319741017739632 2.3337955771879626 2.335617052601962
2.435795970432018 2.4316293076413653 2.4274626448507126 2.4232959820600595 2.4191293192694068 2.4149626564787536 2.410795993688101 2.4066293308974482 2.402462668106795 2.3982960053161424 2.3941293425254893 2.3899626797348295 2.3857960169441768 2.3816293541535236 2.377462691362871 2.3732960285722178 2.369129365781565 2.3649627029909124 2.3607960402002592 2.3566293774096065 2.3524627146189534 2.3482960518283007 2.344129389037648 2.339962726246995 2.335796063456335 2.331629400665682 2.327462737875029 2.3232960750843765 2.3191294122937234 2.3149627495030707 2.3136494623278723 2.3153864982331425 2.3171235341384127 2.318860570043683 2.320597605948953 2.3223346418542232 2.3240716777594934 2.3258087136647667 2.327545749570037 2.329282785475307 2.3310198213805773 2.3327568572858475 2.334493893191117 2.3362309290963874
2.43448219651643 2.4304194131365247 2.4263566297566195 2.4222938463767147 2.4182310629968096 2.4141682796169044 2.410105496236999 2.406042712857094 2.401979929477189 2.3979171460972837 2.393854362717379 2.3897915793374667 2.3857287959575615 2.3816660125776563 2.3776032291977516 2.3735404458178464 2.3694776624379412 2.365414879058036 2.361352095678131 2.3572893122982257 2.3532265289183205 2.349163745538416 2.3451009621585106 2.3410381787786054 2.336975395398693 2.3329126120187884 2.3288498286388832 2.324787045258978 2.320724261879073 2.3166614784991677 2.3153610524357764 2.3170136488323174 2.3186662452288584 2.3203188416253995 2.3219714380219405 2.3236240344184815 2.3252766308150226 2.3269292272115667 2.3285818236081077 2.3302344200046488 2.33188701640119 2.333539612797731 2.335192209194272 2.336844805590813
2.4331684226008417 2.4292095186316844 2.425250614662527 2.4212917106933696 2.4173328067242124 2.4133739027550547 2.4094149987858975 2.4054560948167403 2.4014971908475826 2.3975382868784254 2.393579382909268 2.389620478940104 2.3856615749709467 2.3817026710017895 2.377743767032632 2.3737848630634746 2.3698259590943174 2.3658670551251597 2.3619081511560025 2.3579492471868453 2.3539903432176876 2.3500314392485304 2.346072535279373 2.342113631310216 2.3381547273410517 2.3341958233718945 2.330236919402737 2.3262780154335796 2.3223191114644224 2.318360207495265 2.31707264254368 2.318640799431492 2.320208956319304 2.321777113207116 2.323345270094928 2.32491342698274 2.3264815838705517 2.3280497407583667 2.3296178976461785 2.3311860545339904 2.3327542114218023 2.3343223683096146 2.3358905251974265 2.3374586820852383
2.4318546486852535 2.427999624126844 2.424144599568434 2.4202895750100244 2.416434550451615 2.4125795258932055 2.4087245013347958 2.404869476776386 2.401014452217977 2.397159427659567 2.3933044031011574 2.389449378542741 2.385594353984332 2.381739329425922 2.3778843048675125 2.3740292803091028 2.3701742557506935 2.366319231192284 2.362464206633874 2.3586091820754644 2.354754157517055 2.3508991329586455 2.347044108400236 2.343189083841826 2.33933405928341 2.3354790347250005 2.331624010166591 2.327768985608181 2.323913961049772 2.320058936491362 2.3187842326515837 2.3202679500306664 2.3217516674097496 2.3232353847888323 2.3247191021679154 2.326202819546998 2.327686536926081 2.329170254305166 2.3306539716842494 2.332137689063332 2.3336214064424152 2.335105123821498 2.3365888412005806 2.338072558579664
2.430540874769665 2.426789729622003 2.4230385844743414 2.4192874393266797 2.4155362941790175 2.4117851490313558 2.408034003883694 2.4042828587360323 2.4005317135883706 2.3967805684407084 2.3930294232930467 2.3892782781453787 2.3855271329977166 2.381775987850055 2.378024842702393 2.3742736975547314 2.3705225524070697 2.3667714072594075 2.3630202621117458 2.359269116964084 2.3555179718164223 2.35176682666876 2.3480156815210984 2.3442645363734367 2.3405133912257683 2.3367622460781066 2.333011100930445 2.329259955782783 2.325508810635121 2.321757665487459 2.3204958227594874 2.3218951006298414 2.323294378500195 2.324693656370549 2.326092934240903 2.3274922121112565 2.3288914899816104 2.3302907678519666 2.33169004572232 2.333089323592674 2.3344886014630277 2.3358878793333817 2.3372871572037353 2.3386864350740892
2.4292271008540767 2.4255798351171625 2.4219325693802487 2.4182853036433345 2.4146380379064203 2.4109907721695065 2.4073435064325923 2.403696240695678 2.4000489749587643 2.39640170922185 2.392754443484936 2.389107177748016 2.3854599120111017 2.3818126462741875 2.3781653805372738 2.3745181148003596 2.3708708490634454 2.3672235833265316 2.3635763175896174 2.359929051852703 2.3562817861157894 2.352634520378875 2.348987254641961 2.3453399889050472 2.341692723168127 2.3380454574312126 2.334398191694299 2.3307509259573846 2.3271036602204704 2.3234563944835567 2.3222074128673915 2.323522251229016 2.3248370895906407 2.3261519279522656 2.32746676631389 2.3287816046755148 2.3300964430371396 2.331411281398766 2.332726119760391 2.334040958122016 2.3353557964836402 2.336670634845265 2.33798547320689 2.3393003115685147
2.427913326938487 2.424369940612321 2.4208265542861547 2.4172831679599884 2.413739781633822 2.410196395307656 2.4066530089814897 2.4031096226553235 2.3995662363291577 2.3960228500029914 2.392479463676825 2.3889360773506527 2.3853926910244865 2.3818493046983202 2.378305918372154 2.3747625320459878 2.371219145719822 2.3676757593936557 2.3641323730674895 2.3605889867413232 2.357045600415157 2.3535022140889907 2.3499588277628245 2.3464154414366583 2.3428720551104862 2.33932866878432 2.3357852824581538 2.3322418961319875 2.3286985098058213 2.325155123479655 2.3239190029752965 2.325149401828192 2.3263798006810874 2.327610199533983 2.3288405983868787 2.330070997239774 2.3313013960926696 2.3325317949455675 2.3337621937984627 2.3349925926513584 2.336222991504254 2.3374533903571493 2.338683789210045 2.3399141880629406
2.426599553022899 2.4231600461074803 2.419720539192062 2.4162810322766437 2.412841525361225 2.4094020184458067 2.405962511530388 2.4025230046149697 2.3990834976995514 2.3956439907841327 2.3922044838687144 2.38876497695329 2.3853254700378717 2.3818859631224534 2.3784464562070347 2.3750069492916164 2.3715674423761977 2.3681279354607794 2.364688428545361 2.3612489216299424 2.357809414714524 2.354369907799106 2.350930400883687 2.347490893968269 2.3440513870528443 2.340611880137426 2.3371723732220073 2.333732866306589 2.3302933593911708 2.326853852475752 2.3256305930832 2.3267765524273667 2.327922511771533 2.3290684711156997 2.3302144304598658 2.3313603898040323 2.3325063491481988 2.333652308492367 2.3347982678365335 2.3359442271807 2.3370901865248666 2.338236145869033 2.3393821052131996 2.3405280645573656
2.4252857791073104 2.42195015160264 2.4186145240979693 2.4152788965932985 2.4119432690886278 2.408607641583957 2.4052720140792863 2.401936386574616 2.398600759069945 2.3952651315652744 2.3919295040606037 2.388593876555927 2.385258249051257 2.381922621546586 2.3785869940419153 2.3752513665372446 2.371915739032574 2.368580111527903 2.3652444840232327 2.361908856518562 2.358573229013891 2.3552376015092205 2.3519019740045497 2.3485663464998794 2.345230718995203 2.341895091490532 2.3385594639858613 2.3352238364811906 2.33188820897652 2.3285525814718495 2.327342183191104 2.328403703026541 2.3294652228619785 2.330526742697416 2.3315882625328532 2.3326497823682906 2.333711302203728 2.3347728220391675 2.335834341874605 2.336895861710042 2.3379573815454795 2.339018901380917 2.340080421216354 2.3411419410517915
2.423972005191722 2.4207402570977994 2.4175085090038766 2.4142767609099534 2.4110450128160306 2.4078132647221078 2.4045815166281845 2.4013497685342617 2.398118020440339 2.394886272346416 2.391654524252493 2.388422776158565 2.3851910280646416 2.3819592799707188 2.378727531876796 2.3754957837828727 2.37226403568895 2.369032287595027 2.3658005395011044 2.362568791407181 2.3593370433132583 2.3561052952193355 2.3528735471254123 2.3496417990314895 2.3464100509375614 2.343178302843638 2.3399465547497154 2.3367148066557926 2.3334830585618693 2.3302513104679465 2.329053773299008 2.330030853625716 2.3310079339524243 2.3319850142791325 2.3329620946058407 2.333939174932549 2.3349162552592575 2.335893335585967 2.3368704159126756 2.337847496239384 2.338824576566092 2.3398016568928 2.3407787372195084 2.3417558175462165
2.422658231276134 2.4195303625929587 2.4164024939097835 2.4132746252266086 2.4101467565434334 2.407018887860258 2.403891019177083 2.400763150493908 2.3976352818107327 2.3945074131275574 2.3913795444443826 2.388251675761202 2.3851238070780267 2.3819959383948515 2.3788680697116766 2.3757402010285014 2.372612332345326 2.369484463662151 2.366356594978976 2.3632287262958007 2.3601008576126254 2.35697298892945 2.3538451202462753 2.3507172515631 2.3475893828799195 2.344461514196744 2.3413336455135694 2.338205776830394 2.335077908147219 2.3319500394640436 2.3307653634069116 2.3316580042248907 2.33255064504287 2.333443285860849 2.334335926678828 2.335228567496807 2.3361212083147866 2.3370138491327674 2.3379064899507465 2.3387991307687255 2.3396917715867045 2.340584412404684 2.341477053222663 2.342369694040642
2.421344457360546 2.418320468088118 2.4152964788156908 2.4122724895432635 2.409248500270836 2.406224510998409 2.4032005217259815 2.400176532453554 2.3971525431811265 2.394128553908699 2.391104564636272 2.388080575363839 2.385056586091412 2.3820325968189846 2.379008607546557 2.3759846182741295 2.3729606290017022 2.369936639729275 2.3669126504568476 2.36388866118442 2.3608646719119926 2.3578406826395653 2.354816693367138 2.3517927040947106 2.348768714822278 2.3457447255498507 2.342720736277423 2.3396967470049956 2.3366727577325683 2.333648768460141 2.3324769535148153 2.3332851548240656 2.3340933561333155 2.334901557442566 2.3357097587518156 2.3365179600610655 2.337326161370316 2.338134362679567 2.3389425639888173 2.339750765298067 2.3405589666073174 2.3413671679165673 2.3421753692258176 2.3429835705350675
2.420030683444957 2.417110573583278 2.414190463721598 2.4112703538599183 2.408350243998239 2.405430134136559 2.40251002427488 2.3995899144132 2.3966698045515202 2.393749694689841 2.390829584828161 2.3879094749664764 2.3849893651047966 2.3820692552431173 2.3791491453814375 2.3762290355197577 2.3733089256580784 2.3703888157963986 2.3674687059347193 2.3645485960730395 2.3616284862113597 2.3587083763496803 2.3557882664880005 2.3528681566263208 2.349948046764636 2.3470279369029567 2.344107827041277 2.341187717179597 2.338267607317918 2.335347497456238 2.3341885436227194 2.33491230542324 2.3356360672237613 2.336359829024282 2.337083590824803 2.337807352625324 2.338531114425845 2.339254876226367 2.339978638026888 2.3407023998274092 2.34142616162793 2.342149923428451 2.3428736852289718 2.343597447029493
2.418716909529368 2.4159006790784363 2.4130844486275045 2.4102682181765727 2.4074519877256413 2.4046357572747095 2.4018195268237776 2.399003296372846 2.396187065921914 2.393370835470982 2.3905546050200503 2.3877383745691136 2.384922144118182 2.38210591366725 2.379289683216318 2.3764734527653864 2.3736572223144545 2.370840991863523 2.3680247614125913 2.3652085309616595 2.3623923005107277 2.359576070059796 2.356759839608864 2.353943609157932 2.3511273787069955 2.3483111482560637 2.345494917805132 2.3426786873542 2.339862456903268 2.3370462264523364 2.3359001337306244 2.336539456022416 2.337178778314208 2.337818100606 2.3384574228977915 2.3390967451895834 2.339736067481375 2.340375389773168 2.34101471206496 2.341654034356752 2.3422933566485433 2.3429326789403353 2.343572001232127 2.344211323523919
