Figures/CREST_Example_wjb_NSE/PETs/wjb.pet.20091226.asc
ncols            288
nrows            254
xllcorner        113.274861
yllcorner        31.4918055
cellsize         0.008333333333
NODATA_value     -9999
[rows 152 to 170 of 254, columns 132 to 175 of 288]
0.46245543067023087 0.4614597557443444 0.46046408081845797 0.4594684058925715 0.45847273096668506 0.4574770560407986 0.45648138111491215 0.4554857061890257 0.45449003126313925 0.45349435633725277 0.45249868141136634 0.4515030064854782 0.4505073315595917 0.4495116566337053 0.4485159817078188 0.4475203067819324 0.4465246318560459 0.4455289569301595 0.444533282004273 0.4435376070783866 0.4425419321525001 0.44154625722661367 0.4405505823007272 0.43955490737484076 0.4385592324489526 0.43756355752306614 0.4365678825971797 0.43557220767129323 0.4345765327454068 0.4335808578195204 0.4327718182938846 0.43216229623308366 0.43155277417228277 0.4309432521114819 0.43033373005068093 0.42972420798988004 0.42911468592907914 0.4285051638682772 0.4278956418074763 0.42728611974667535 0.42667659768587446 0.42606707562507357 0.4254575535642726 0.4248480315034717
0.4632693220187497 0.4622878188674657 0.4613063157161818 0.4603248125648979 0.4593433094136139 0.45836180626233 0.45738030311104605 0.4563987999597621 0.45541729680847814 0.4544357936571942 0.4534542905059103 0.45247278735462465 0.4514912842033407 0.4505097810520568 0.4495282779007728 0.4485467747494889 0.447565271598205 0.446583768446921 0.44560226529563707 0.44462076214435314 0.4436392589930692 0.44265775584178524 0.4416762526905013 0.4406947495392174 0.43971324638793174 0.4387317432366478 0.4377502400853639 0.4367687369340799 0.435787233782796 0.43480573063151207 0.43401058974127216 0.4334146743238765 0.43281875890648075 0.432222843489085 0.4316269280716893 0.4310310126542936 0.4304350972368979 0.42983918181950115 0.4292432664021054 0.4286473509847097 0.42805143556731395 0.4274555201499183 0.42685960473252255 0.4262636893151268
0.46408321336726854 0.4631158819905871 0.46214855061390564 0.4611812192372242 0.4602138878605428 0.45924655648386137 0.45827922510717994 0.4573118937304985 0.4563445623538171 0.45537723097713567 0.45440989960045425 0.45344256822377116 0.45247523684708973 0.4515079054704083 0.4505405740937269 0.44957324271704546 0.44860591134036404 0.4476385799636826 0.4466712485870012 0.4457039172103197 0.4447365858336383 0.44376925445695686 0.44280192308027544 0.441834591703594 0.4408672603269109 0.4398999289502295 0.4389325975735481 0.43796526619686665 0.43699793482018523 0.4360306034435038 0.4352493611886598 0.4346670524146693 0.4340847436406788 0.4335024348666882 0.4329201260926977 0.4323378173187072 0.43175550854471667 0.43117319977072516 0.4305908909967346 0.4300085822227441 0.42942627344875356 0.42884396467476305 0.4282616559007725 0.42767934712678196
0.4648971047157874 0.46394394511370846 0.46299078551162953 0.4620376259095506 0.4610844663074717 0.46013130670539276 0.45917814710331384 0.4582249875012349 0.457271827899156 0.4563186682970771 0.4553655086949982 0.4544123490929176 0.45345918949083874 0.4525060298887598 0.4515528702866809 0.450599710684602 0.44964655108252305 0.4486933914804441 0.4477402318783652 0.4467870722762863 0.44583391267420736 0.4448807530721285 0.44392759347004956 0.44297443386797064 0.4420212742658901 0.4410681146638112 0.44011495506173226 0.43916179545965334 0.4382086358575744 0.4372554762554955 0.4364881326360474 0.43591943050546206 0.4353507283748767 0.4347820262442914 0.43421332411370606 0.4336446219831207 0.4330759198525354 0.43250721772194906 0.43193851559136376 0.4313698134607784 0.43080111133019305 0.43023240919960776 0.4296637070690224 0.42909500493843705
0.46571099606430616 0.4647720082368298 0.46383302040935337 0.46289403258187695 0.4619550447544006 0.46101605692692416 0.46007706909944773 0.45913808127197137 0.45819909344449494 0.4572601056170186 0.45632111778954215 0.4553821299620641 0.45444314213458775 0.45350415430711133 0.4525651664796349 0.45162617865215854 0.4506871908246821 0.4497482029972057 0.4488092151697293 0.4478702273422529 0.4469312395147765 0.4459922516873001 0.4450532638598237 0.44411427603234727 0.4431752882048693 0.44223630037739287 0.44129731254991644 0.4403583247224401 0.43941933689496365 0.43848034906748723 0.437726904083435 0.4371718085962549 0.43661671310907474 0.4360616176218946 0.43550652213471447 0.43495142664753433 0.43439633116035414 0.43384123567317306 0.43328614018599293 0.4327310446988128 0.43217594921163266 0.4316208537244525 0.43106575823727233 0.4305106627500922
0.4665248874128257 0.4656000713599518 0.46467525530707793 0.46375043925420406 0.4628256232013302 0.46190080714845627 0.4609759910955824 0.46005117504270854 0.45912635898983467 0.45820154293696075 0.4572767268840869 0.4563519108312114 0.45542709477833754 0.45450227872546367 0.4535774626725898 0.4526526466197159 0.451727830566842 0.45080301451396815 0.4498781984610943 0.44895338240822036 0.4480285663553465 0.4471037503024726 0.44617893424959876 0.4452541181967249 0.4443293021438494 0.44340448609097555 0.4424796700381016 0.44155485398522776 0.4406300379323539 0.43970522187948 0.43896567553082366 0.43842418668704874 0.43788269784327377 0.43734120899949885 0.43679972015572394 0.43625823131194896 0.43571674246817405 0.4351752536243982 0.4346337647806232 0.4340922759368483 0.4335507870930734 0.4330092982492984 0.4324678094055235 0.4319263205617485
0.4673387787613445 0.46642813448307313 0.46551749020480176 0.4646068459265304 0.46369620164825903 0.46278555736998767 0.4618749130917163 0.46096426881344493 0.46005362453517357 0.4591429802569022 0.45823233597863083 0.4573216917003579 0.45641104742208655 0.4555004031438152 0.4545897588655438 0.45367911458727245 0.4527684703090011 0.4518578260307297 0.45094718175245835 0.450036537474187 0.4491258931959156 0.44821524891764425 0.4473046046393729 0.4463939603611015 0.4454833160828286 0.44457267180455723 0.44366202752628586 0.4427513832480145 0.44184073896974313 0.44093009469147176 0.4402044469782113 0.43967656477784156 0.4391486825774718 0.43862080037710205 0.4380929181767323 0.43756503597636254 0.43703715377599284 0.43650927157562214 0.43598138937525244 0.4354535071748827 0.4349256249745129 0.43439774277414317 0.4338698605737734 0.43334197837340366
0.46815267010986333 0.4672561976061945 0.46635972510252566 0.4654632525988568 0.4645667800951879 0.46367030759151906 0.4627738350878502 0.4618773625841814 0.4609808900805125 0.46008441757684365 0.4591879450731748 0.4582914725695044 0.45739500006583556 0.4564985275621667 0.4556020550584978 0.45470558255482896 0.45380911005116015 0.4529126375474913 0.4520161650438224 0.45111969254015355 0.4502232200364847 0.4493267475328158 0.448430275029147 0.44753380252547814 0.4466373300218077 0.44574085751813886 0.44484438501447005 0.4439479125108012 0.4430514400071323 0.44215496750346345 0.4414432184255989 0.4409289428686343 0.4404146673116698 0.43990039175470524 0.43938611619774065 0.4388718406407761 0.4383575650838116 0.43784328952684615 0.43732901396988155 0.436814738412917 0.4363004628559524 0.4357861872989879 0.43527191174202334 0.43475763618505875
0.46896656145838217 0.46808426072931586 0.4672019600002495 0.4663196592711832 0.4654373585421168 0.46455505781305045 0.46367275708398414 0.4627904563549178 0.4619081556258514 0.4610258548967851 0.46014355416771874 0.45926125343865093 0.45837895270958456 0.4574966519805182 0.4566143512514519 0.4557320505223855 0.45484974979331916 0.45396744906425285 0.4530851483351865 0.4522028476061202 0.4513205468770538 0.45043824614798744 0.44955594541892113 0.44867364468985477 0.4477913439607869 0.4469090432317206 0.4460267425026542 0.4451444417735879 0.44426214104452155 0.4433798403154552 0.4426819898729865 0.4421813209594272 0.4416806520458678 0.44117998313230844 0.44067931421874906 0.4401786453051897 0.43967797639163037 0.4391773074780701 0.4386766385645108 0.4381759696509514 0.437675300737392 0.43717463182383265 0.4366739629102733 0.4361732939967139
0.469780452806901 0.4689123238524372 0.46804419489797333 0.4671760659435095 0.4663079369890457 0.46543980803458185 0.46457167908011804 0.4637035501256542 0.46283542117119036 0.4619672922167265 0.4610991632622627 0.4602310343077974 0.4593629053533336 0.4584947763988697 0.4576266474444059 0.45675851848994203 0.4558903895354782 0.45502226058101436 0.45415413162655055 0.45328600267208674 0.4524178737176229 0.45154974476315907 0.4506816158086952 0.4498134868542314 0.4489453578997661 0.4480772289453022 0.4472090999908384 0.4463409710363746 0.44547284208191074 0.4446047131274469 0.4439207613203741 0.44343369905021995 0.4429466367800658 0.4424595745099116 0.4419725122397574 0.44148544996960326 0.44099838769944905 0.44051132542929405 0.4400242631591399 0.43953720088898574 0.4390501386188315 0.43856307634867736 0.4380760140785232 0.43758895180836904
0.47059434415541984 0.46974038697555853 0.4688864297956972 0.4680324726158359 0.46717851543597455 0.46632455825611324 0.46547060107625193 0.4646166438963906 0.4637626867165293 0.46290872953666795 0.46205477235680664 0.4612008151769439 0.4603468579970826 0.4594929008172212 0.4586389436373599 0.4577849864574986 0.4569310292776373 0.456077072097776 0.4552231149179146 0.4543691577380533 0.453515200558192 0.4526612433783307 0.4518072861984694 0.450953329018608 0.45009937183874527 0.44924541465888396 0.44839145747902265 0.4475375002991613 0.4466835431193 0.44582958593943867 0.44515953276776177 0.44468607714101277 0.4442126215142638 0.44373916588751483 0.44326571026076583 0.44279225463401684 0.44231879900726784 0.44184534338051806 0.44137188775376907 0.4408984321270201 0.4404249765002711 0.43995152087352213 0.43947806524677313 0.4390046096200242
0.4714082355039394 0.4705684500986806 0.46972866469342184 0.46888887928816303 0.4680490938829042 0.4672093084776454 0.4663695230723866 0.46552973766712785 0.46468995226186904 0.46385016685661024 0.4630103814513514 0.46217059604609123 0.4613308106408324 0.4604910252355736 0.4596512398303148 0.458811454425056 0.4579716690197972 0.45713188361453844 0.45629209820927963 0.4554523128040208 0.454612527398762 0.4537727419935032 0.45293295658824445 0.45209317118298564 0.4512533857777254 0.4504136003724666 0.44957381496720783 0.448734029561949 0.4478942441566902 0.4470544587514314 0.4463983042151504 0.44593845523180664 0.44547860624846286 0.4450187572651191 0.4445589082817753 0.4440990592984315 0.44363921031508774 0.4431793613317432 0.4427195123483994 0.4422596633650556 0.44179981438171184 0.44133996539836806 0.4408801164150243 0.4404202674316805
0.47222212685245823 0.471396513221802 0.4705708995911457 0.46974528596048937 0.4689196723298331 0.4680940586991768 0.4672684450685205 0.46644283143786425 0.46561721780720794 0.4647916041765517 0.4639659905458954 0.4631403769152377 0.4623147632845814 0.4614891496539251 0.4606635360232688 0.4598379223926125 0.45901230876195626 0.45818669513129995 0.4573610815006437 0.4565354678699874 0.4557098542393311 0.45488424060867483 0.4540586269780185 0.4532330133473622 0.4524073997167045 0.45158178608604826 0.45075617245539196 0.4499305588247357 0.4491049451940794 0.4482793315634231 0.44763707566253796 0.4471908333225994 0.4467445909826608 0.4462983486427222 0.44585210630278366 0.44540586396284504 0.4449596216229065 0.4445133792829671 0.4440671369430285 0.44362089460308995 0.44317465226315134 0.4427284099232128 0.44228216758327416 0.4418359252433356
0.47303601820097707 0.4722245763449233 0.4714131344888695 0.47060169263281576 0.469790250776762 0.4689788089207082 0.46816736706465445 0.46735592520860064 0.4665444833525469 0.46573304149649314 0.46492159964043933 0.4641101577843842 0.4632987159283304 0.46248727407227663 0.4616758322162229 0.4608643903601691 0.4600529485041153 0.4592415066480615 0.45843006479200776 0.457618622935954 0.4568071810799002 0.45599573922384645 0.45518429736779265 0.4543728555117389 0.45356141365568375 0.45274997179962995 0.4519385299435762 0.4511270880875224 0.45031564623146864 0.4495042043754149 0.4488758471099256 0.4484432114133922 0.4480105757168588 0.4475779400203254 0.447145304323792 0.4467126686272586 0.44628003293072527 0.4458473972341911 0.4454147615376577 0.4449821258411243 0.44454949014459094 0.44411685444805754 0.44368421875152414 0.44325158305499074
0.4738499095494959 0.47305263946804466 0.4722553693865934 0.4714580993051421 0.47066082922369085 0.4698635591422396 0.46906628906078834 0.4682690189793371 0.4674717488978858 0.46667447881643453 0.4658772087349833 0.46507993865353064 0.4642826685720794 0.46348539849062814 0.4626881284091769 0.4618908583277256 0.46109358824627433 0.4602963181648231 0.45949904808337183 0.4587017780019205 0.4579045079204693 0.457107237839018 0.45630996775756677 0.4555126976761155 0.4547154275946629 0.45391815751321163 0.4531208874317603 0.45232361735030907 0.4515263472688578 0.45072907718740657 0.4501146185573132 0.449695589504185 0.4492765604510568 0.4488575313979286 0.44843850234480037 0.4480194732916722 0.44760044423854395 0.44718141518541504 0.44676238613228686 0.4463433570791586 0.44592432802603044 0.44550529897290225 0.445086269919774 0.44466724086664583
0.47466380089801474 0.473880702591166 0.47309760428431724 0.4723145059774685 0.47153140767061974 0.470748309363771 0.46996521105692224 0.4691821127500735 0.46839901444322474 0.467615916136376 0.46683281782952724 0.46604971952267715 0.4652666212158284 0.46448352290897965 0.4637004246021309 0.46291732629528215 0.4621342279884334 0.46135112968158465 0.4605680313747359 0.45978493306788715 0.4590018347610384 0.45821873645418965 0.4574356381473409 0.45665253984049214 0.45586944153364206 0.4550863432267933 0.45430324491994456 0.4535201466130958 0.45273704830624706 0.4519539499993983 0.45135339000470087 0.45094796759497785 0.45054254518525483 0.4501371227755318 0.4497317003658088 0.44932627795608576 0.44892085554636274 0.44851543313663905 0.44811001072691603 0.447704588317193 0.44729916590747 0.446893743497747 0.446488321088024 0.446082898678301
0.4754776922465336 0.47470876571428733 0.4739398391820411 0.4731709126497949 0.47240198611754863 0.4716330595853024 0.47086413305305613 0.4700952065208099 0.4693262799885637 0.46855735345631744 0.4677884269240712 0.4670195003918236 0.4662505738595774 0.46548164732733116 0.4647127207950849 0.46394379426283866 0.4631748677305924 0.4624059411983462 0.46163701466609997 0.4608680881338537 0.46009916160160746 0.4593302350693612 0.458561308537115 0.45779238200486877 0.4570234554726212 0.456254528940375 0.45548560240812874 0.4547166758758825 0.45394774934363624 0.45317882281139 0.4525921614520884 0.4522003456857706 0.4518085299194528 0.45141671415313495 0.45102489838681714 0.45063308262049934 0.4502412668541815 0.449849451087863 0.4494576353215452 0.44906581955522734 0.44867400378890954 0.44828218802259173 0.4478903722562739 0.44749855648995607
0.4762915835950524 0.47553682883740866 0.47478207407976497 0.4740273193221212 0.4732725645644775 0.4725178098068338 0.47176305504919 0.47100830029154633 0.4702535455339026 0.4694987907762589 0.46874403601861514 0.4679892812609701 0.4672345265033264 0.46647977174568267 0.465725016988039 0.4649702622303952 0.4642155074727515 0.4634607527151078 0.46270599795746403 0.46195124319982034 0.4611964884421766 0.46044173368453284 0.45968697892688914 0.4589322241692454 0.45817746941160037 0.4574227146539567 0.4566679598963129 0.45591320513866923 0.4551584503810255 0.4544036956233818 0.45383093289947607 0.4534527237765634 0.4530745146536508 0.4526963055307382 0.45231809640782555 0.4519398872849129 0.45156167816200027 0.451183469039087 0.4508052599161744 0.45042705079326173 0.4500488416703491 0.44967063254743644 0.44929242342452386 0.4489142143016112
0.4771054749435719 0.4763648919605307 0.47562430897748953 0.4748837259944483 0.4741431430114071 0.4734025600283659 0.4726619770453247 0.4719213940622835 0.4711808110792423 0.4704402280962011 0.46969964511315987 0.4689590621301174 0.4682184791470762 0.467477896164035 0.4667373131809938 0.4659967301979526 0.46525614721491143 0.4645155642318702 0.463774981248829 0.4630343982657878 0.4622938152827466 0.4615532322997054 0.4608126493166642 0.46007206633362296 0.4593314833505805 0.4585909003675393 0.4578503173844981 0.4571097344014569 0.4563691514184157 0.4556285684353745 0.4550697043468647 0.4547051018673573 0.45434049938784987 0.45397589690834245 0.453611294428835 0.4532466919493276 0.45288208946982017 0.4525174869903121 0.45215288451080465 0.45178828203129723 0.4514236795517898 0.4510590770722824 0.45069447459277495 0.4503298721132675
