Figures/CREST_Example_wjb_NSE/PETs/wjb.pet.20100626.asc
ncols            288
nrows            254
xllcorner        113.274861
yllcorner        31.4918055
cellsize         0.008333333333
NODATA_value     -9999
[rows 200 to 219 of 254, columns 88 to 131 of 288]
2.7654455035030803 2.75887881501724 2.7523121265313994 2.7457454380455477 2.739178749559707 2.7326120610738664 2.726045372588026 2.7194786841021856 2.712911995616345 2.7063453071305044 2.6997786186446637 2.693211930158823 2.6866452416729825 2.6800785531871423 2.6738704881954494 2.6680457998279077 2.6622211114603562 2.6563964230928145 2.650571734725273 2.644747046357731 2.6389223579901895 2.633097669622648 2.627272981255106 2.621448292887564 2.6156236045200223 2.6097989161524806 2.603974227784939 2.5981495394173972 2.5923248510498555 2.586500162682304 2.5806754743147624 2.5748507859472207 2.5690260975796786 2.563201409212137 2.557376720844595 2.5515520324770535 2.545727344109512 2.53990265574197 2.5340779673744285 2.528253279006887 2.522428590639345 2.5166039022718034 2.5107792139042515 2.50495452553671
2.7768819358302848 2.7703512373049413 2.7638205387795978 2.757289840254243 2.7507591417289 2.7442284432035566 2.737697744678213 2.7311670461528696 2.7246363476275266 2.718105649102183 2.7115749505768396 2.705044252051496 2.698513553526153 2.6919828550008096 2.685710400873219 2.679714015846041 2.673717630818853 2.6677212457916752 2.661724860764498 2.65572847573732 2.6497320907101423 2.6437357056829645 2.6377393206557866 2.631742935628609 2.625746550601431 2.6197501655742537 2.613753780547076 2.607757395519898 2.6017610104927202 2.595764625465532 2.5897682404383544 2.5837718554111766 2.5777754703839992 2.5717790853568214 2.5657827003296436 2.559786315302466 2.553789930275288 2.54779354524811 2.5417971602209324 2.535800775193755 2.529804390166577 2.5238080051393994 2.5178116201122114 2.5118152350850336
2.788318368157489 2.781823659592643 2.7753289510277965 2.768834242462939 2.762339533898093 2.755844825333247 2.7493501167684005 2.742855408203554 2.736360699638708 2.729865991073862 2.7233712825090155 2.716876573944169 2.7103818653793232 2.703887156814477 2.6975503135509884 -9999.0 -9999.0 -9999.0 2.6728779868037225 2.666709905116909 2.660541823430095 2.654373741743281 2.6482056600564676 2.6420375783696537 2.63586949668284 2.6297014149960263 2.6235333333092123 2.617365251622399 2.611197169935585 2.605029088248761 2.598861006561947 2.592692924875133 2.5865248431883194 2.5803567615015055 2.5741886798146916 2.568020598127878 2.561852516441064 2.5556844347542507 2.5495163530674367 2.543348271380623 2.5371801896938093 2.5310121080069954 2.5248440263201712 2.5186759446333573
2.7997548004846933 2.793296081880344 2.786837363275995 2.780378644671635 2.7739199260672858 2.7674612074629366 2.761002488858588 2.7545437702542386 2.7480850516498894 2.7416263330455406 2.7351676144411914 2.728708895836842 2.7222501772324934 2.715791458628144 2.7093902262287575 -9999.0 -9999.0 -9999.0 -9999.0 2.677691334496498 2.671351556150048 -9999.0 2.658671999457148 2.6523322211106986 2.645992442764249 2.639652664417799 2.6333128860713493 2.6269731077248992 2.6206333293784496 2.614293551031989 2.6079537726855393 2.6016139943390892 2.5952742159926396 2.5889344376461896 2.58259465929974 2.5762548809532904 2.5699151026068403 2.5635753242603907 2.5572355459139406 2.550895767567491 2.544555989221041 2.5382162108745914 2.5318764325281307 2.525536654181681
2.811191232811902 2.80476850416805 2.7983457755241985 2.7919230468803353 2.7855003182364837 2.7790775895926316 2.77265486094878 2.766232132304928 2.759809403661076 2.7533866750172242 2.746963946373372 2.74054121772952 2.7341184890856685 2.7276957604418164 -9999.0 -9999.0 -9999.0 -9999.0 -9999.0 -9999.0 -9999.0 -9999.0 -9999.0 2.6626268638517474 2.6561153888456617 2.6496039138395755 2.6430924388334898 2.636580963827404 2.630069488821318 2.623558013815221 2.6170465388091353 2.610535063803049 2.6040235887969634 2.597512113790877 2.5910006387847915 2.5844891637787057 2.5779776887726196 2.571466213766534 2.564954738760448 2.558443263754362 2.551931788748276 2.5454203137421905 2.538908838736093 2.5323973637300075
2.8226276651391062 2.8162409264557517 2.809854187772397 2.8034674490890312 2.7970807104056763 2.790693971722322 2.784307233038967 2.7779204943556124 2.7715337556722575 2.7651470169889025 2.758760278305548 2.752373539622193 2.7459868009388386 2.7396000622554837 -9999.0 -9999.0 -9999.0 -9999.0 -9999.0 -9999.0 -9999.0 -9999.0 -9999.0 -9999.0 2.6662383349270704 2.6595551632613486 2.6528719915956267 2.6461888199299044 2.6395056482641825 2.632822476598449 2.6261393049327273 2.6194561332670054 2.6127729616012836 2.6060897899355617 2.59940661826984 2.5927234466041176 2.5860402749383957 2.579357103272674 2.572673931606952 2.56599075994123 2.5593075882755083 2.5526244166097865 2.545941244944053 2.539258073278331
2.8340640974663107 2.8277133487434534 2.8213626000205956 2.815011851297727 2.8086611025748693 2.802310353852012 2.795959605129154 2.789608856406297 2.783258107683439 2.7769073589605813 2.770556610237724 2.764205861514866 2.757855112792009 2.751504364069151 2.7449099642620705 -9999.0 -9999.0 -9999.0 -9999.0 -9999.0 -9999.0 -9999.0 -9999.0 -9999.0 2.676361281008479 2.669506412683121 2.662651544357763 2.655796676032405 2.6489418077070472 2.6420869393816777 2.6352320710563197 2.6283772027309618 2.621522334405604 2.614667466080246 2.607812597754888 2.60095772942953 2.594102861104172 2.587247992778814 2.580393124453456 2.5735382561280984 2.5666833878027404 2.5598285194773824 2.5529736511520125 2.5461187828266545
2.84550052979352 2.8391857710311594 2.8328710122687992 2.826556253506428 2.8202414947440677 2.813926735981707 2.807611977219347 2.801297218456986 2.794982459694626 2.7886677009322653 2.782352942169905 2.7760381834075445 2.7697234246451843 2.7634086658828236 2.756749876939845 -9999.0 -9999.0 -9999.0 -9999.0 -9999.0 -9999.0 -9999.0 -9999.0 -9999.0 -9999.0 2.679457662104898 2.672431097119904 2.6654045321349105 2.6583779671499164 2.6513514021649103 2.644324837179916 2.637298272194922 2.630271707209928 2.623245142224934 2.61621857723994 2.6091920122549457 2.602165447269952 2.595138882284958 2.588112317299964 2.5810857523149697 2.5740591873299756 2.5670326223449815 2.5600060573599754 2.5529794923749813
2.852980262412567 2.846765670168062 2.840551077923557 2.834336485679042 2.828121893434537 2.821907301190032 2.815692708945527 2.8094781167010225 2.8032635244565176 2.7970489322120127 2.7908343399675077 2.784619747723003 2.7784051554784983 2.7721905632339934 2.7656077741829597 -9999.0 -9999.0 -9999.0 -9999.0 -9999.0 -9999.0 -9999.0 -9999.0 -9999.0 -9999.0 -9999.0 -9999.0 -9999.0 -9999.0 2.660961777744186 2.6539853779816025 2.647008978219019 2.640032578456436 2.6330561786938524 2.626079778931269 2.6191033791686857 2.6121269794061024 2.605150579643519 2.5981741798809357 2.5911977801183523 2.584221380355769 2.5772449805931856 2.5702685808305903 2.563292181068007
2.8562305324252484 2.850184707393515 2.8441388823617815 2.838093057330038 2.8320472322983044 2.826001407266571 2.8199555822348374 2.8139097572031044 2.807863932171371 2.8018181071396375 2.795772282107904 2.7897264570761706 2.783680632044437 2.7776348070127037 2.7712780848759833 -9999.0 -9999.0 -9999.0 -9999.0 -9999.0 -9999.0 -9999.0 -9999.0 -9999.0 -9999.0 -9999.0 -9999.0 -9999.0 -9999.0 -9999.0 -9999.0 2.657563755956936 2.6508746777852283 2.6441855996135213 2.637496521441814 2.6308074432701063 2.6241183650983992 2.6174292869266917 2.6107402087549847 2.604051130583277 2.5973620524115697 2.5906729742398626 2.5839838960681436 2.5772948178964366
2.8594808024379317 2.8536037446189697 2.8477266868000077 2.8418496289810355 2.8359725711620736 2.8300955133431116 2.82421845552415 2.818341397705188 2.812464339886226 2.806587282067264 2.800710224248302 2.79483316642934 2.7889561086103782 2.7830790507914163 2.776948395569009 -9999.0 -9999.0 -9999.0 -9999.0 -9999.0 -9999.0 -9999.0 -9999.0 -9999.0 -9999.0 -9999.0 -9999.0 -9999.0 -9999.0 -9999.0 -9999.0 2.668118533694857 2.6617167771140258 2.6553150205331946 2.6489132639523634 2.642511507371532 2.636109750790701 2.6297079942098702 2.623306237629039 2.616904481048208 2.6105027244673766 2.6041009678865454 2.597699211305703 2.591297454724872
2.862731072450613 2.8570227818444227 2.8513144912382318 2.8456062006320315 2.839897910025841 2.8341896194196505 2.82848132881346 2.8227730382072695 2.817064747601079 2.811356456994888 2.8056481663886976 2.799939875782507 2.7942315851763166 2.788523294570126 -9999.0 -9999.0 -9999.0 -9999.0 -9999.0 -9999.0 -9999.0 -9999.0 -9999.0 -9999.0 -9999.0 -9999.0 -9999.0 -9999.0 -9999.0 -9999.0 2.684787746422729 2.678673311432774 2.6725588764428188 2.666444441452864 2.6603300064629085 2.654215571472953 2.6481011364829983 2.641986701493043 2.635872266503088 2.6297578315131327 2.623643396523178 2.6175289615332225 2.611414526543257 2.605300091553302
2.8659813424632947 2.8604418190698757 2.8549022956764567 2.849362772283028 2.843823248889609 2.8382837254961895 2.8327442021027704 2.8272046787093514 2.821665155315932 2.816125631922513 2.810586108529094 2.8050465851356745 2.7995070617422555 2.7939675383488365 -9999.0 -9999.0 -9999.0 -9999.0 -9999.0 -9999.0 -9999.0 -9999.0 -9999.0 -9999.0 -9999.0 -9999.0 -9999.0 -9999.0 -9999.0 -9999.0 2.69505520256977 2.689228089170691 2.6834009757716117 2.6775738623725323 2.671746748973453 2.665919635574374 2.660092522175295 2.654265408776216 2.648438295377137 2.6426111819780576 2.6367840685789785 2.6309569551798995 2.6251298417808107 2.619302728381731
2.869231612475978 2.8638608562953305 2.8584901001146825 2.8531193439340257 2.847748587753378 2.8423778315727306 2.8370070753920826 2.831636319211435 2.826265563030787 2.8208948068501396 2.815524050669492 2.810153294488844 2.8047825383081966 2.799411782127549 -9999.0 -9999.0 -9999.0 -9999.0 -9999.0 -9999.0 -9999.0 -9999.0 -9999.0 -9999.0 -9999.0 -9999.0 -9999.0 -9999.0 2.7164022423332304 2.710862450525018 2.7053226587168147 2.699782866908612 2.6942430751004087 2.688703283292206 2.6831634914840032 2.6776236996758 2.6720839078675973 2.666544116059394 2.6610043242511914 2.655464532442988 2.6499247406347854 2.6443849488265823 2.6388451570183697 2.633305365210167
2.8724818824886595 2.867279893520783 2.862077904552907 2.8568759155850216 2.8516739266171456 2.846471937649269 2.8412699486813926 2.8360679597135166 2.83086597074564 2.825663981777764 2.8204619928098875 2.8152600038420115 2.810058014874135 -9999.0 -9999.0 -9999.0 -9999.0 -9999.0 -9999.0 -9999.0 -9999.0 -9999.0 -9999.0 -9999.0 -9999.0 -9999.0 -9999.0 -9999.0 2.7260950552985186 2.7208425850811824 2.7155901148638555 2.7103376446465286 2.7050851744292017 2.699832704211875 2.694580233994548 2.689327763777221 2.684075293559894 2.6788228233425673 2.6735703531252404 2.6683178829079135 2.6630654126905866 2.6578129424732597 2.652560472255924 2.647308002038597
2.875732152501341 2.870698930746236 2.8656657089911315 2.860632487236018 2.855599265480913 2.850566043725808 2.8455328219707035 2.8404996002155984 2.8354663784604934 2.8304331567053884 2.825399934950284 2.820366713195179 -9999.0 -9999.0 -9999.0 -9999.0 -9999.0 -9999.0 -9999.0 -9999.0 -9999.0 -9999.0 -9999.0 -9999.0 -9999.0 -9999.0 -9999.0 -9999.0 2.7357878682638064 2.7308227196373474 2.7258575710108963 2.7208924223844453 2.7159272737579947 2.7109621251315437 2.7059969765050926 2.701031827878642 2.696066679252191 2.69110153062574 2.6861363819992894 2.6811712333728384 2.6762060847463873 2.6712409361199367 2.6662757874934773 2.6613106388670262
2.878982422514023 2.8741179679716895 2.869253513429356 2.864389058887014 2.859524604344681 2.8546601498023474 2.849795695260014 2.8449312407176803 -9999.0 -9999.0 -9999.0 -9999.0 -9999.0 -9999.0 -9999.0 -9999.0 -9999.0 -9999.0 -9999.0 -9999.0 -9999.0 -9999.0 -9999.0 -9999.0 -9999.0 -9999.0 -9999.0 -9999.0 -9999.0 2.7408028541935123 2.736125027157937 2.7314472001223624 2.7267693730867877 2.722091546051213 2.7174137190156378 2.712735891980063 2.7080580649444883 2.703380237908913 2.6987024108733384 2.6940245838377637 2.689346756802189 2.6846689297666138 2.679991102731031 2.6753132756954563
2.882232692526706 2.877537005197144 2.8728413178675822 2.868145630538012 2.86344994320845 2.858754255878888 2.854058568549326 2.849362881219764 -9999.0 -9999.0 -9999.0 -9999.0 -9999.0 -9999.0 -9999.0 -9999.0 -9999.0 -9999.0 -9999.0 -9999.0 -9999.0 -9999.0 -9999.0 -9999.0 -9999.0 -9999.0 -9999.0 -9999.0 -9999.0 2.7507829887496813 2.7463924833049824 2.7420019778602835 2.737611472415585 2.7332209669708862 2.728830461526188 2.724439956081489 2.72004945063679 2.7156589451920916 2.7112684397473927 2.7068779343026943 2.7024874288579954 2.6980969234132965 2.6937064179685906 2.6893159125238917
2.8854829625393874 2.880956042422597 2.8764291223058063 2.8719022021890077 -9999.0 2.8628483619554266 -9999.0 -9999.0 -9999.0 -9999.0 -9999.0 -9999.0 -9999.0 -9999.0 -9999.0 -9999.0 -9999.0 -9999.0 -9999.0 -9999.0 -9999.0 -9999.0 -9999.0 -9999.0 -9999.0 -9999.0 -9999.0 -9999.0 -9999.0 -9999.0 -9999.0 2.7525567555982002 2.7484535717443777 2.744350387890555 2.740247204036732 2.7361440201829095 2.732040836329087 2.7279376524752643 2.7238344686214417 2.7197312847676187 2.715628100913796 2.7115249170599736 2.707421733206144 2.7033185493523213
2.888733232552069 2.88437507964805 2.8800169267440308 2.875658773840004 -9999.0 -9999.0 -9999.0 -9999.0 -9999.0 -9999.0 -9999.0 -9999.0 -9999.0 -9999.0 -9999.0 -9999.0 -9999.0 -9999.0 -9999.0 -9999.0 -9999.0 -9999.0 -9999.0 -9999.0 -9999.0 -9999.0 -9999.0 -9999.0 -9999.0 -9999.0 -9999.0 2.7631115333361174 2.7592956710731706 2.755479808810224 2.751663946547277 2.747848084284331 2.744032222021384 2.7402163597584375 2.7364004974954907 2.732584635232544 2.7287687729695977 2.724952910706651 2.7211370484436976 2.717321186180751
