Figures/CREST_Example_wjb_NSE/PETs/wjb.pet.20100118.asc
ncols            288
nrows            254
xllcorner        113.274861
yllcorner        31.4918055
cellsize         0.008333333333
NODATA_value     -9999
[rows 100 to 119 of 254, columns 44 to 87 of 288]
1.0354645326778993 1.0349830357348426 1.0345015387917857 1.034020041848729 1.0335385449056722 1.0330570479626155 1.0325755510195587 1.032094054076502 1.0316125571334442 1.0311310601903876 1.0306495632473307 1.030168066304274 1.0296865693612172 1.0292050724181605 1.0287235754751036 1.028242078532047 1.02776058158899 1.0272790846459332 1.0267975877028765 1.0263160907598197 1.025834593816763 1.0253530968737055 1.0248715999306486 1.0243901029875917 1.023908606044535 1.0234271091014782 1.0229456121584215 1.0224641152153646 1.0219397498171916 1.0213695570714123 1.0207993643256332 1.020229171579854 1.0196589788340746 1.0190887860882956 1.0185185933425154 1.017948400596736 1.0173782078509568 1.0168080151051777 1.0162378223593984 1.0156676296136193 1.01509743686784 1.0145272441220607 1.0139570513762817 1.0133868586305024
1.0350484853619153 1.0345723706298096 1.0340962558977038 1.033620141165598 1.0331440264334921 1.0326679117013864 1.0321917969692807 1.031715682237175 1.0312395675050683 1.0307634527729623 1.0302873380408566 1.0298112233087509 1.0293351085766451 1.0288589938445392 1.0283828791124334 1.0279067643803277 1.027430649648222 1.026954534916116 1.0264784201840103 1.0260023054519045 1.0255261907197988 1.0250500759876922 1.0245739612555864 1.0240978465234805 1.0236217317913747 1.023145617059269 1.0226695023271632 1.0221933875950573 1.0216759799154749 1.021114429141569 1.020552878367663 1.019991327593757 1.0194297768198513 1.0188682260459452 1.0183066752720384 1.0177451244981324 1.0171835737242265 1.0166220229503207 1.0160604721764146 1.0154989214025087 1.014937370628603 1.014375819854697 1.013814269080791 1.0132527183068851
1.0346324380459313 1.0341617055247765 1.0336909730036217 1.0332202404824669 1.032749507961312 1.0322787754401574 1.0318080429190026 1.0313373103978478 1.0308665778766921 1.0303958453555373 1.0299251128343825 1.0294543803132277 1.0289836477920729 1.028512915270918 1.0280421827497632 1.0275714502286084 1.0271007177074536 1.0266299851862988 1.0261592526651442 1.0256885201439894 1.0252177876228346 1.0247470551016788 1.024276322580524 1.0238055900593692 1.0233348575382144 1.0228641250170596 1.0223933924959048 1.02192265997475 1.0214122100137581 1.0208593012117255 1.020306392409693 1.0197534836076603 1.0192005748056276 1.018647666003595 1.0180947572015615 1.0175418483995289 1.0169889395974963 1.0164360307954636 1.015883121993431 1.0153302131913984 1.0147773043893658 1.0142243955873331 1.0136714867853005 1.0131185779832679
1.0342163907299473 1.0337510404197436 1.0332856901095397 1.0328203397993359 1.0323549894891322 1.0318896391789283 1.0314242888687246 1.0309589385585207 1.0304935882483162 1.0300282379381123 1.0295628876279086 1.0290975373177047 1.0286321870075008 1.0281668366972971 1.0277014863870932 1.0272361360768894 1.0267707857666857 1.0263054354564818 1.0258400851462781 1.0253747348360742 1.0249093845258703 1.0244440342156658 1.0239786839054619 1.0235133335952582 1.0230479832850543 1.0225826329748506 1.0221172826646467 1.0216519323544428 1.0211484401120414 1.0206041732818822 1.0200599064517228 1.0195156396215634 1.0189713727914043 1.0184271059612449 1.0178828391310846 1.0173385723009254 1.016794305470766 1.0162500386406066 1.0157057718104474 1.015161504980288 1.0146172381501286 1.0140729713199694 1.01352870448981 1.0129844376596506
1.0338003434139633 1.0333403753147106 1.0328804072154578 1.0324204391162048 1.031960471016952 1.0315005029176993 1.0310405348184464 1.0305805667191936 1.03012059861994 1.0296606305206872 1.0292006624214343 1.0287406943221815 1.0282807262229288 1.0278207581236758 1.027360790024423 1.0269008219251703 1.0264408538259173 1.0259808857266646 1.0255209176274118 1.0250609495281588 1.024600981428906 1.0241410133296525 1.0236810452303997 1.023221077131147 1.022761109031894 1.0223011409326412 1.0218411728333885 1.0213812047341355 1.0208846702103247 1.0203490453520387 1.0198134204937528 1.0192777956354666 1.0187421707771807 1.0182065459188947 1.0176709210606076 1.0171352962023217 1.0165996713440357 1.0160640464857498 1.0155284216274636 1.0149927967691776 1.0144571719108917 1.0139215470526055 1.0133859221943196 1.0128502973360336
1.033384296097979 1.0329297102096773 1.0324751243213754 1.0320205384330736 1.0315659525447718 1.03111136665647 1.0306567807681681 1.0302021948798663 1.0297476089915638 1.0292930231032618 1.02883843721496 1.028383851326658 1.0279292654383563 1.0274746795500544 1.0270200936617526 1.0265655077734508 1.026110921885149 1.0256563359968471 1.0252017501085453 1.0247471642202435 1.0242925783319416 1.0238379924436392 1.023383406555337 1.0229288206670353 1.0224742347787334 1.0220196488904316 1.0215650630021298 1.021110477113828 1.0206209003086077 1.020093917422195 1.0195669345357823 1.0190399516493696 1.0185129687629568 1.0179859858765443 1.0174590029901307 1.016932020103718 1.0164050372173052 1.0158780543308925 1.0153510714444798 1.014824088558067 1.0142971056716543 1.0137701227852416 1.0132431398988289 1.0127161570124161
1.0329682487819951 1.0325190451046444 1.0320698414272935 1.0316206377499426 1.031171434072592 1.030722230395241 1.0302730267178901 1.0298238230405392 1.0293746193631876 1.028925415685837 1.028476212008486 1.0280270083311351 1.0275778046537842 1.0271286009764335 1.0266793972990826 1.0262301936217317 1.025780989944381 1.0253317862670301 1.0248825825896792 1.0244333789123283 1.0239841752349776 1.023534971557626 1.0230857678802752 1.0226365642029243 1.0221873605255734 1.0217381568482227 1.0212889531708718 1.0208397494935209 1.0203571304068912 1.0198387894923517 1.0193204485778125 1.018802107663273 1.0182837667487337 1.0177654258341942 1.0172470849196538 1.0167287440051145 1.016210403090575 1.0156920621760355 1.0151737212614962 1.0146553803469567 1.0141370394324174 1.013618698517878 1.0131003576033384 1.012582016688799
1.0325522014660111 1.0321083799996114 1.0316645585332116 1.0312207370668116 1.0307769156004118 1.0303330941340119 1.029889272667612 1.0294454512012121 1.0290016297348117 1.0285578082684117 1.028113986802012 1.027670165335612 1.0272263438692122 1.0267825224028124 1.0263387009364124 1.0258948794700127 1.0254510580036127 1.025007236537213 1.024563415070813 1.0241195936044132 1.0236757721380134 1.0232319506716128 1.0227881292052128 1.022344307738813 1.0219004862724133 1.0214566648060133 1.0210128433396135 1.0205690218732135 1.0200933605051745 1.0195836615625085 1.0190739626198422 1.0185642636771761 1.01805456473451 1.0175448657918438 1.0170351668491768 1.0165254679065108 1.0160157689638447 1.0155060700211784 1.0149963710785124 1.0144866721358463 1.0139769731931803 1.013467274250514 1.012957575307848 1.0124478763651819
1.0321361541500271 1.0316977148945783 1.0312592756391294 1.0308208363836806 1.0303823971282318 1.029943957872783 1.029505518617334 1.029067079361885 1.0286286401064355 1.0281902008509867 1.0277517615955378 1.027313322340089 1.02687488308464 1.026436443829191 1.0259980045737422 1.0255595653182934 1.0251211260628446 1.0246826868073957 1.0242442475519469 1.023805808296498 1.023367369041049 1.0229289297855995 1.0224904905301506 1.0220520512747018 1.021613612019253 1.021175172763804 1.020736733508355 1.0202982942529062 1.0198295906034578 1.019328533632665 1.0188274766618721 1.0183264196910793 1.0178253627202865 1.0173243057494936 1.0168232487787 1.016322191807907 1.0158211348371142 1.0153200778663214 1.0148190208955286 1.0143179639247357 1.013816906953943 1.0133158499831503 1.0128147930123574 1.0123137360415646
1.0317201068340431 1.0312870497895454 1.0308539927450475 1.0304209357005496 1.0299878786560517 1.0295548216115538 1.0291217645670558 1.0286887075225581 1.0282556504780593 1.0278225934335616 1.0273895363890637 1.0269564793445658 1.0265234223000679 1.02609036525557 1.025657308211072 1.0252242511665743 1.0247911941220764 1.0243581370775785 1.0239250800330806 1.0234920229885827 1.0230589659440847 1.0226259088995862 1.0221928518550882 1.0217597948105905 1.0213267377660926 1.0208936807215947 1.0204606236770968 1.0200275666325989 1.0195658207017408 1.0190734057028215 1.0185809907039018 1.0180885757049825 1.0175961607060628 1.0171037457071432 1.016611330708223 1.0161189157093033 1.015626500710384 1.0151340857114644 1.014641670712545 1.0141492557136254 1.0136568407147057 1.0131644257157864 1.0126720107168667 1.0121795957179474
1.0313040595180591 1.0308763846845124 1.0304487098509654 1.0300210350174186 1.0295933601838716 1.0291656853503248 1.0287380105167778 1.028310335683231 1.0278826608496834 1.0274549860161366 1.0270273111825896 1.0265996363490428 1.0261719615154958 1.025744286681949 1.025316611848402 1.0248889370148553 1.0244612621813083 1.0240335873477615 1.0236059125142145 1.0231782376806677 1.0227505628471207 1.022322888013573 1.0218952131800263 1.0214675383464793 1.0210398635129325 1.0206121886793855 1.0201845138458387 1.0197568390122917 1.0193020508000243 1.0188182777729782 1.018334504745932 1.0178507317188856 1.0173669586918395 1.0168831856647933 1.0163994126377462 1.0159156396107 1.0154318665836537 1.0149480935566075 1.0144643205295614 1.013980547502515 1.0134967744754688 1.0130130014484227 1.0125292284213763 1.01204545539433
1.030888012202075 1.030465719579479 1.0300434269568832 1.0296211343342874 1.0291988417116915 1.0287765490890954 1.0283542564664996 1.0279319638439037 1.027509671221307 1.0270873785987111 1.0266650859761153 1.0262427933535194 1.0258205007309236 1.0253982081083275 1.0249759154857316 1.0245536228631358 1.02413133024054 1.023709037617944 1.023286744995348 1.0228644523727521 1.0224421597501563 1.0220198671275595 1.0215975745049637 1.0211752818823678 1.020752989259772 1.0203306966371761 1.01990840401458 1.0194861113919842 1.0190382808983074 1.0185631498431345 1.0180880187879615 1.0176128877327886 1.0171377566776156 1.016662625622443 1.016187494567269 1.0157123635120962 1.0152372324569232 1.0147621014017503 1.0142869703465773 1.0138118392914044 1.0133367082362315 1.0128615771810585 1.0123864461258858 1.0119113150707129
1.030471964886091 1.030055054474446 1.0296381440628013 1.0292212336511564 1.0288043232395114 1.0283874128278665 1.0279705024162216 1.0275535920045766 1.027136681592931 1.026719771181286 1.0263028607696412 1.0258859503579962 1.0254690399463513 1.0250521295347064 1.0246352191230614 1.0242183087114165 1.0238013982997718 1.0233844878881269 1.022967577476482 1.022550667064837 1.022133756653192 1.0217168462415465 1.0212999358299015 1.0208830254182566 1.0204661150066117 1.0200492045949667 1.0196322941833218 1.0192153837716769 1.0187745109965907 1.018308021913291 1.0178415328299915 1.0173750437466917 1.0169085546633923 1.0164420655800925 1.0159755764967922 1.0155090874134924 1.015042598330193 1.0145761092468932 1.0141096201635937 1.013643131080294 1.0131766419969943 1.0127101529136948 1.012243663830395 1.0117771747470956
1.030055917570107 1.0296443893694132 1.0292328611687191 1.0288213329680254 1.0284098047673313 1.0279982765666373 1.0275867483659435 1.0271752201652495 1.026763691964555 1.026352163763861 1.025940635563167 1.0255291073624733 1.0251175791617793 1.0247060509610855 1.0242945227603915 1.0238829945596974 1.0234714663590037 1.0230599381583096 1.0226484099576159 1.0222368817569218 1.0218253535562278 1.0214138253555334 1.0210022971548394 1.0205907689541456 1.0201792407534516 1.0197677125527576 1.0193561843520638 1.0189446561513698 1.0185107410948742 1.018052893983448 1.0175950468720214 1.0171371997605951 1.0166793526491689 1.0162215055377424 1.0157636584263154 1.015305811314889 1.0148479642034627 1.0143901170920364 1.01393226998061 1.0134744228691837 1.0130165757577574 1.0125587286463311 1.0121008815349046 1.0116430344234784
1.029639870254123 1.02923372426438 1.0288275782746372 1.0284214322848944 1.0280152862951513 1.0276091403054084 1.0272029943156655 1.0267968483259224 1.026390702336179 1.025984556346436 1.025578410356693 1.02517226436695 1.0247661183772072 1.0243599723874641 1.0239538263977213 1.0235476804079784 1.0231415344182355 1.0227353884284924 1.0223292424387496 1.0219230964490067 1.0215169504592636 1.02111080446952 1.0207046584797772 1.0202985124900341 1.0198923665002912 1.0194862205105484 1.0190800745208053 1.0186739285310624 1.0182469711931574 1.0177977660536044 1.0173485609140513 1.0168993557744983 1.0164501506349453 1.0160009454953922 1.0155517403558385 1.0151025352162855 1.0146533300767324 1.0142041249371794 1.0137549197976263 1.0133057146580733 1.0128565095185202 1.0124073043789672 1.0119580992394142 1.0115088940998613
1.029223822938139 1.028823059159347 1.028422295380555 1.0280215316017631 1.0276207678229712 1.0272200040441792 1.0268192402653873 1.0264184764865953 1.0260177127078027 1.0256169489290108 1.0252161851502188 1.024815421371427 1.024414657592635 1.024013893813843 1.023613130035051 1.023212366256259 1.0228116024774672 1.0224108386986752 1.0220100749198833 1.0216093111410913 1.0212085473622994 1.0208077835835068 1.0204070198047148 1.0200062560259229 1.019605492247131 1.019204728468339 1.018803964689547 1.018403200910755 1.0179832012914405 1.017542638123761 1.017102074956081 1.0166615117884015 1.0162209486207217 1.015780385453042 1.0153398222853616 1.0148992591176818 1.0144586959500022 1.0140181327823223 1.0135775696146425 1.013137006446963 1.012696443279283 1.0122558801116035 1.0118153169439237 1.0113747537762439
1.028807775622155 1.0284123940543142 1.0280170124864731 1.0276216309186321 1.0272262493507913 1.0268308677829503 1.0264354862151093 1.0260401046472682 1.0256447230794268 1.0252493415115858 1.0248539599437447 1.024458578375904 1.024063196808063 1.0236678152402219 1.0232724336723809 1.02287705210454 1.022481670536699 1.022086288968858 1.0216909074010172 1.0212955258331762 1.0209001442653352 1.0205047626974935 1.0201093811296527 1.0197139995618116 1.0193186179939706 1.0189232364261298 1.0185278548582888 1.0181324732904478 1.0177194313897238 1.0172875101939174 1.016855588998111 1.0164236678023046 1.015991746606498 1.0155598254106917 1.0151279042148846 1.014695983019078 1.0142640618232717 1.0138321406274653 1.013400219431659 1.0129682982358523 1.012536377040046 1.0121044558442396 1.0116725346484332 1.0112406134526266
1.028391728306171 1.028001728949281 1.0276117295923912 1.0272217302355011 1.0268317308786112 1.0264417315217214 1.0260517321648313 1.0256617328079414 1.0252717334510506 1.0248817340941607 1.0244917347372708 1.0241017353803807 1.0237117360234909 1.0233217366666008 1.0229317373097109 1.022541737952821 1.022151738595931 1.021761739239041 1.0213717398821511 1.020981740525261 1.0205917411683711 1.0202017418114804 1.0198117424545905 1.0194217430977006 1.0190317437408105 1.0186417443839206 1.0182517450270308 1.0178617456701406 1.0174556614880073 1.017032382264074 1.016609103040141 1.0161858238162078 1.0157625445922747 1.0153392653683415 1.0149159861444077 1.0144927069204746 1.0140694276965414 1.0136461484726085 1.0132228692486753 1.0127995900247422 1.012376310800809 1.0119530315768759 1.0115297523529427 1.0111064731290096
1.0279398093831325 1.0275598956463723 1.0271799819096121 1.0268000681728522 1.026420154436092 1.0260402406993319 1.0256603269625717 1.0252804132258115 1.024900499489051 1.0245205857522908 1.0241406720155306 1.0237607582787704 1.0233808445420103 1.0230009308052503 1.0226210170684902 1.02224110333173 1.0218611895949699 1.0214812758582097 1.0211013621214498 1.0207214483846896 1.0203415346479294 1.0199616209111686 1.0195817071744084 1.0192017934376485 1.0188218797008883 1.0184419659641282 1.018062052227368 1.0176821384906078 1.0172910497229932 1.0168880145947716 1.0164849794665503 1.0160819443383287 1.015678909210107 1.0152758740818855 1.0148728389536632 1.0144698038254416 1.01406676869722 1.0136637335689984 1.013260698440777 1.0128576633125554 1.0124546281843338 1.0120515930561123 1.0116485579278907 1.011245522799669
1.0274495459736106 1.027084745504875 1.0267199450361395 1.026355144567404 1.0259903440986682 1.0256255436299326 1.025260743161197 1.0248959426924615 1.0245311422237253 1.0241663417549898 1.023801541286254 1.0234367408175185 1.023071940348783 1.0227071398800474 1.0223423394113118 1.021977538942576 1.0216127384738405 1.021247938005105 1.0208831375363694 1.0205183370676338 1.020153536598898 1.0197887361301619 1.0194239356614263 1.0190591351926908 1.0186943347239552 1.0183295342552197 1.0179647337864839 1.0175999333177483 1.0172324317548784 1.0168620426613175 1.0164916535677568 1.016121264474196 1.015750875380635 1.0153804862870743 1.0150100971935128 1.014639708099952 1.0142693190063912 1.0138989299128305 1.0135285408192696 1.0131581517257089 1.012787762632148 1.0124173735385873 1.0120469844450264 1.0116765953514655
