Figures/CREST_Example_wjb_NSE/PETs/wjb.pet.20100815.asc
ncols            288
nrows            254
xllcorner        113.274861
yllcorner        31.4918055
cellsize         0.008333333333
NODATA_value     -9999
[rows 40 to 59 of 254, columns 0 to 43 of 288]
-9999.0 -9999.0 -9999.0 -9999.0 -9999.0 -9999.0 -9999.0 -9999.0 -9999.0 -9999.0 -9999.0 -9999.0 -9999.0 -9999.0 0.878895433271248 0.8831953637182699 0.8874952941652918 0.8917952246123138 0.8960951550593357 0.9003950855063575 0.9046950159533794 0.9089949464004013 0.9132948768474233 0.9175948072944452 0.9218947377414671 0.9261946681884891 0.9304945986355183 0.9347945290825402 0.9390944595295622 0.9433943899765841 0.947694320423606 0.951994250870628 0.9562941813176499 0.9605941117646717 0.9648940422116936 0.9691939726587155 0.9734939031057375 0.9777938335527594 0.9820937639997813 0.9863936944468106 0.9906936248938325 0.9949935553408544 0.9979511181520864 0.9994736596219168
-9999.0 -9999.0 -9999.0 -9999.0 -9999.0 -9999.0 -9999.0 -9999.0 -9999.0 -9999.0 -9999.0 -9999.0 -9999.0 -9999.0 -9999.0 0.8901062106508498 0.894537619841017 0.898969029031184 0.9034004382213512 0.9078318474115182 0.9122632566016854 0.9166946657918524 0.9211260749820196 0.9255574841721866 0.9299888933623537 0.9344203025525208 0.9388517117426954 0.9432831209328626 0.9477145301230296 0.9521459393131968 0.9565773485033638 0.9610087576935309 0.965440166883698 0.9698715760738651 0.9743029852640323 0.9787343944541993 0.9831658036443665 0.9875972128345335 0.9920286220247005 0.9964600312148753 1.0008914404050424 1.0053228495952093 1.0083276755128496 1.009807451670066
-9999.0 -9999.0 -9999.0 -9999.0 -9999.0 -9999.0 -9999.0 -9999.0 -9999.0 -9999.0 -9999.0 -9999.0 -9999.0 -9999.0 -9999.0 0.89701705758343 0.9015799455167423 0.9061428334500545 0.9107057213833668 0.9152686093166791 0.9198314972499914 0.9243943851833036 0.9289572731166158 0.9335201610499281 0.9380830489832404 0.9426459369165526 0.9472088248498727 0.951771712783185 0.9563346007164972 0.9608974886498095 0.9654603765831218 0.9700232645164341 0.9745861524497463 0.9791490403830585 0.9837119283163708 0.988274816249683 0.9928377041829953 0.9974005921163076 1.00196348004962 1.00652636798294 1.0110892559162523 1.0156521438495645 1.018704232873613 1.020141243718215
-9999.0 -9999.0 -9999.0 -9999.0 -9999.0 -9999.0 -9999.0 -9999.0 -9999.0 -9999.0 -9999.0 -9999.0 -9999.0 -9999.0 -9999.0 -9999.0 0.9086222711924674 0.9133166378689248 0.9180110045453823 0.9227053712218397 0.9273997378982971 0.9320941045747546 0.936788471251212 0.9414828379276694 0.9461772046041269 0.9508715712805843 0.9555659379570498 0.9602603046335072 0.9649546713099646 0.969649037986422 0.9743434046628795 0.9790377713393369 0.9837321380157944 0.9884265046922518 0.9931208713687092 0.9978152380451667 1.0025096047216242 1.0072039713980816 1.011898338074539 1.0165927047510044 1.0212870714274618 1.0259814381039192 1.029080790234376 1.0304750357663637
-9999.0 -9999.0 -9999.0 -9999.0 -9999.0 -9999.0 -9999.0 -9999.0 -9999.0 -9999.0 -9999.0 -9999.0 -9999.0 -9999.0 -9999.0 -9999.0 -9999.0 0.9204904422877953 0.9253162877073979 0.9301421331270004 0.9349679785466031 0.9397938239662057 0.9446196693858083 0.949445514805411 0.9542713602250135 0.9590972056446161 0.9639230510642269 0.9687488964838296 0.9735747419034322 0.9784005873230348 0.9832264327426374 0.98805227816224 0.9928781235818426 0.9977039690014452 1.0025298144210477 1.0073556598406503 1.012181505260253 1.0170073506798556 1.0218331960994582 1.026659041519069 1.0314848869386717 1.0363107323582743 1.0394573475951392 1.040808827814513
-9999.0 -9999.0 -9999.0 -9999.0 -9999.0 -9999.0 -9999.0 -9999.0 -9999.0 -9999.0 -9999.0 -9999.0 -9999.0 -9999.0 -9999.0 -9999.0 -9999.0 0.9276642467066656 0.9326215708694134 0.9375788950321612 0.9425362191949089 0.9474935433576568 0.9524508675204045 0.9574081916831523 0.9623655158459001 0.9673228400086479 0.9722801641714042 0.9772374883341519 0.9821948124968997 0.9871521366596475 0.9921094608223953 0.997066784985143 1.0020241091478908 1.0069814333106386 1.0119387574733865 1.016896081636134 1.021853405798882 1.0268107299616298 1.0317680541243774 1.0367253782871337 1.0416827024498816 1.0466400266126292 1.0498339049559027 1.0511426198626619
-9999.0 -9999.0 -9999.0 -9999.0 -9999.0 -9999.0 -9999.0 -9999.0 -9999.0 -9999.0 -9999.0 -9999.0 -9999.0 -9999.0 -9999.0 -9999.0 -9999.0 -9999.0 0.9399268540314352 0.9450156569373283 0.9501044598432213 0.9551932627491144 0.9602820656550075 0.9653708685609006 0.9704596714667937 0.9755484743726867 0.9806372772785884 0.9857260801844815 0.9908148830903746 0.9959036859962677 1.0009924889021606 1.0060812918080537 1.0111700947139468 1.01625889761984 1.021347700525733 1.026436503431626 1.0315253063375192 1.0366141092434122 1.0417029121493053 1.046791715055207 1.0518805179611002 1.0569693208669932 1.0602104623166748 1.0614764119108198
-9999.0 -9999.0 -9999.0 -9999.0 -9999.0 -9999.0 -9999.0 -9999.0 -9999.0 -9999.0 -9999.0 -9999.0 -9999.0 -9999.0 -9999.0 -9999.0 -9999.0 -9999.0 0.9472321371934508 0.952452418842489 0.9576727004915272 0.9628929821405655 0.9681132637896037 0.973333545438642 0.9785538270876802 0.9837741087367184 0.9889943903857656 0.9942146720348038 0.999434953683842 1.0046552353328804 1.0098755169819187 1.0150957986309568 1.020316080279995 1.0255363619290334 1.0307566435780715 1.0359769252271098 1.0411972068761481 1.0464174885251862 1.0516377701742246 1.0568580518232717 1.0620783334723098 1.0672986151213482 1.070587019677438 1.0718102039589688
-9999.0 -9999.0 -9999.0 -9999.0 -9999.0 -9999.0 -9999.0 -9999.0 -9999.0 -9999.0 -9999.0 -9999.0 -9999.0 -9999.0 -9999.0 -9999.0 -9999.0 -9999.0 -9999.0 0.9598891807476498 0.9652409411398332 0.9705927015320166 0.9759444619242 0.9812962223163835 0.9866479827085669 0.9919997431007503 0.9973515034929428 1.0027032638851263 1.0080550242773096 1.0134067846694932 1.0187585450616765 1.0241103054538598 1.0294620658460434 1.0348138262382267 1.0401655866304103 1.0455173470225936 1.050869107414777 1.0562208678069605 1.0615726281991438 1.0669243885913364 1.0722761489835198 1.0776279093757033 1.0809635770382013 1.0821439960071177
-9999.0 -9999.0 -9999.0 -9999.0 -9999.0 -9999.0 -9999.0 -9999.0 -9999.0 -9999.0 -9999.0 -9999.0 -9999.0 -9999.0 -9999.0 -9999.0 -9999.0 -9999.0 -9999.0 0.9673259426528105 0.9728091817881391 0.9782924209234677 0.9837756600587962 0.9892588991941249 0.9947421383294535 1.000225377464782 1.00570861660012 1.0111918557354487 1.0166750948707772 1.0221583340061058 1.0276415731414343 1.033124812276763 1.0386080514120914 1.0440912905474202 1.0495745296827488 1.0550577688180773 1.060541007953406 1.0660242470887344 1.071507486224063 1.076990725359401 1.0824739644947297 1.0879572036300582 1.0913401343989646 1.0924777880552667
-9999.0 -9999.0 -9999.0 -9999.0 -9999.0 -9999.0 -9999.0 -9999.0 -9999.0 -9999.0 -9999.0 -9999.0 -9999.0 -9999.0 -9999.0 -9999.0 -9999.0 -9999.0 -9999.0 -9999.0 -9999.0 -9999.0 -9999.0 0.9972215760718663 1.0028362939503401 1.008451011828814 1.0140657297072972 1.019680447585771 1.0252951654642448 1.0309098833427186 1.0365246012211922 1.042139319099666 1.0477540369781397 1.0533687548566135 1.0589834727350873 1.064598190613561 1.0702129084920349 1.0758276263705087 1.0814423442489824 1.0870570621274658 1.0926717800059396 1.0982864978844131 1.1017166917597279 1.1028115801034157
-9999.0 -9999.0 -9999.0 -9999.0 -9999.0 -9999.0 -9999.0 -9999.0 -9999.0 -9999.0 -9999.0 -9999.0 -9999.0 -9999.0 -9999.0 -9999.0 -9999.0 -9999.0 -9999.0 -9999.0 -9999.0 -9999.0 -9999.0 1.0051842529496078 1.0109304495712268 1.0166766461928456 1.0224228428144744 1.0281690394360934 1.0339152360577122 1.0396614326793312 1.0454076293009502 1.051153825922569 1.056900022544188 1.062646219165807 1.0683924157874258 1.0741386124090448 1.0798848090306636 1.0856310056522827 1.0913772022739017 1.0971233988955305 1.1028695955171492 1.1086157921387683 1.1120932491204911 1.113145372151565
-9999.0 -9999.0 -9999.0 -9999.0 -9999.0 -9999.0 -9999.0 -9999.0 -9999.0 -9999.0 -9999.0 -9999.0 -9999.0 -9999.0 -9999.0 -9999.0 -9999.0 -9999.0 -9999.0 -9999.0 -9999.0 -9999.0 -9999.0 -9999.0 -9999.0 1.0249022805568775 1.0307799559216515 1.0366576312864157 1.0425353066511798 1.0484129820159438 1.054290657380708 1.060168332745472 1.0660460081102363 1.0719236834750003 1.0778013588397644 1.0836790342045286 1.0895567095692926 1.0954343849340569 1.101312060298821 1.1071897356635951 1.1130674110283592 1.1189450863931232 1.1224698064812544 1.123479164199714
-9999.0 -9999.0 -9999.0 -9999.0 -9999.0 -9999.0 -9999.0 -9999.0 -9999.0 -9999.0 -9999.0 -9999.0 -9999.0 -9999.0 -9999.0 -9999.0 -9999.0 -9999.0 -9999.0 -9999.0 -9999.0 -9999.0 -9999.0 -9999.0 -9999.0 1.033127914920916 1.0391370690288357 1.0451462231367452 1.0511553772446545 1.057164531352564 1.0631736854604734 1.0691828395683827 1.0751919936762921 1.0812011477842014 1.0872103018921109 1.0932194560000204 1.0992286101079296 1.105237764215839 1.1112469183237486 1.117256072431668 1.1232652265395775 1.129274380647487 1.1328463638420263 1.1338129562478716
-9999.0 -9999.0 -9999.0 -9999.0 -9999.0 -9999.0 -9999.0 -9999.0 -9999.0 -9999.0 -9999.0 -9999.0 -9999.0 -9999.0 -9999.0 -9999.0 -9999.0 -9999.0 -9999.0 -9999.0 -9999.0 -9999.0 -9999.0 -9999.0 -9999.0 1.041353549284948 1.0474941821360129 1.0536348149870676 1.059775447838122 1.0659160806891768 1.0720567135402312 1.0781973463912857 1.0843379792423404 1.090478612093395 1.0966192449444494 1.102759877795504 1.1089005106465586 1.115041143497613 1.1211817763486678 1.1273224091997327 1.1334630420507874 1.139603674901842 1.1432229212027898 1.1441467482960206
-9999.0 -9999.0 -9999.0 -9999.0 -9999.0 -9999.0 -9999.0 -9999.0 -9999.0 -9999.0 -9999.0 -9999.0 -9999.0 -9999.0 -9999.0 -9999.0 -9999.0 -9999.0 -9999.0 -9999.0 1.018218625677981 1.0244907372721808 1.0307628488663805 1.0370349604605802 1.04330707205478 1.0495791836489796 1.0558512952431902 1.06212340683739 1.0683955184315896 1.0746676300257894 1.080939741619989 1.0872118532141888 1.0934839648083885 1.0997560764025884 1.1060281879967881 1.1123002995909879 1.1185724111851876 1.1248445227793873 1.131116634373587 1.1373887459677974 1.143660857561997 1.149932969156197 1.153599478563553 1.1544805403441696
-9999.0 -9999.0 -9999.0 -9999.0 -9999.0 -9999.0 -9999.0 -9999.0 -9999.0 -9999.0 -9999.0 -9999.0 -9999.0 -9999.0 -9999.0 -9999.0 -9999.0 -9999.0 -9999.0 1.019383275988942 1.025786866326287 1.032190456663632 1.0385940470009767 1.0449976373383216 1.0514012276756666 1.0578048180130115 1.0642084083503673 1.0706119986877123 1.0770155890250572 1.0834191793624022 1.089822769699747 1.0962263600370918 1.1026299503744368 1.1090335407117817 1.1154371310491267 1.1218407213864716 1.1282443117238166 1.1346479020611615 1.1410514923985062 1.147455082735862 1.153858673073207 1.160262263410552 1.1639760359243163 1.1648143323923186
-9999.0 -9999.0 -9999.0 -9999.0 -9999.0 -9999.0 -9999.0 -9999.0 -9999.0 -9999.0 -9999.0 -9999.0 -9999.0 -9999.0 -9999.0 -9999.0 -9999.0 1.0137498997331225 1.0202849688136126 1.0268200378941028 1.0333551069745928 1.039890176055083 1.0464252451355731 1.052960314216063 1.0594953832965532 1.0660304523770432 1.0725655214575445 1.0791005905380346 1.0856356596185246 1.0921707286990148 1.098705797779505 1.105240866859995 1.111775935940485 1.118311005020975 1.1248460741014652 1.1313811431819554 1.1379162122624453 1.1444512813429355 1.1509863504234255 1.1575214195039267 1.164056488584417 1.170591557664907 1.1743525932850796 1.1751481244404676
-9999.0 -9999.0 -9999.0 -9999.0 -9999.0 -9999.0 -9999.0 -9999.0 -9999.0 -9999.0 -9999.0 -9999.0 -9999.0 -9999.0 -9999.0 1.0085594316362128 1.0151675475056596 1.0217756633751065 1.0283837792445534 1.0349918951140002 1.0416000109834471 1.0482081268528942 1.054816242722341 1.061424358591788 1.0680324744612348 1.0746405903306817 1.08124870620014 1.0878568220695868 1.0944649379390337 1.1010730538084805 1.1076811696779276 1.1142892855473745 1.1208974014168214 1.1275055172862682 1.1341136331557151 1.140721749025162 1.1473298648946089 1.153937980764056 1.1605460966335028 1.167154212502961 1.173762328372408 1.1803704442418548 1.1841538729587704 1.1849176472691048
-9999.0 -9999.0 -9999.0 -9999.0 -9999.0 -9999.0 -9999.0 -9999.0 -9999.0 -9999.0 -9999.0 -9999.0 -9999.0 -9999.0 1.0108560099565775 1.0174747125402859 1.024093415123994 1.0307121177077023 1.0373308202914107 1.0439495228751188 1.050568225458827 1.0571869280425354 1.0638056306262436 1.070424333209952 1.0770430357936602 1.0836617383773683 1.090280440961088 1.0968991435447961 1.1035178461285045 1.1101365487122128 1.1167552512959211 1.1233739538796292 1.1299926564633376 1.136611359047046 1.143230061630754 1.1498487642144624 1.1564674667981707 1.1630861693818788 1.1697048719655871 1.1763235745493068 1.182942277133015 1.1895609797167233 1.1933402170581875 1.1940840018811698
