Figures/CREST_Example_wjb_NSE/PETs/wjb.pet.20101107.asc
ncols            288
nrows            254
xllcorner        113.274861
yllcorner        31.4918055
cellsize         0.008333333333
NODATA_value     -9999
[rows 180 to 199 of 254, columns 88 to 131 of 288]
1.3645643148941755 1.361662748224803 1.3587611815554304 1.3558596148860529 1.3529580482166803 1.3500564815473077 1.3471549148779352 1.3442533482085626 1.3413517815391902 1.3384502148698176 1.335548648200445 1.3326470815310725 1.3297455148617 1.3268439481923273 1.3252163975011217 1.3249507986976035 1.3246851998940847 1.3244196010905664 1.3241540022870482 1.3238884034835297 1.3236228046800114 1.323357205876493 1.3230916070729748 1.3228260082694565 1.3225604094659382 1.3222948106624197 1.3220292118589014 1.3217636130553831 1.3214980142518649 1.3212324154483461 1.3209668166448278 1.3207012178413093 1.320435619037791 1.3201700202342728 1.3199044214307545 1.3196388226272362 1.319373223823718 1.3191076250201994 1.3188420262166811 1.3185764274131628 1.3183108286096445 1.3180452298061263 1.3177796310026075 1.317514032199089
1.3653173589482575 1.3624791321204281 1.3596409052925988 1.3568026784647649 1.3539644516369356 1.3511262248091063 1.348287997981277 1.3454497711534477 1.3426115443256184 1.339773317497789 1.33693509066996 1.3340968638421307 1.3312586370143014 1.328420410186472 1.3268013074004628 1.3264854757810134 1.3261696441615636 1.3258538125421142 1.3255379809226648 1.3252221493032157 1.3249063176837663 1.324590486064317 1.3242746544448676 1.3239588228254182 1.323642991205969 1.3233271595865197 1.3230113279670703 1.322695496347621 1.3223796647281718 1.3220638331087218 1.3217480014892726 1.3214321698698233 1.321116338250374 1.3208005066309245 1.3204846750114752 1.320168843392026 1.3198530117725766 1.3195371801531273 1.319221348533678 1.3189055169142285 1.3185896852947794 1.31827385367533 1.3179580220558802 1.3176421904364308
1.3660704030023396 1.3632955160160536 1.3605206290297676 1.3577457420434769 1.3549708550571908 1.3521959680709048 1.349421081084619 1.346646194098333 1.343871307112047 1.341096420125761 1.3383215331394749 1.3355466461531889 1.3327717591669028 1.3299968721806168 1.328386217299804 1.3280201528644235 1.3276540884290426 1.3272880239936622 1.326921959558282 1.3265558951229017 1.3261898306875213 1.325823766252141 1.3254577018167606 1.3250916373813804 1.324725572946 1.3243595085106197 1.3239934440752392 1.323627379639859 1.3232613152044788 1.3228952507690976 1.3225291863337174 1.322163121898337 1.3217970574629567 1.3214309930275765 1.321064928592196 1.3206988641568158 1.3203327997214354 1.3199667352860551 1.3196006708506747 1.3192346064152944 1.3188685419799142 1.3185024775445338 1.3181364131091529 1.3177703486737724
1.3668234470564222 1.3641118999116795 1.361400352766937 1.3586888056221895 1.355977258477447 1.3532657113327042 1.3505541641879615 1.347842617043219 1.3451310698984762 1.3424195227537334 1.339707975608991 1.3369964284642482 1.3342848813195054 1.3315733341747629 1.3299711271991461 1.3295548299478348 1.3291385326965226 1.3287222354452113 1.3283059381939 1.3278896409425887 1.3274733436912773 1.3270570464399658 1.3266407491886545 1.3262244519373432 1.3258081546860319 1.3253918574347203 1.324975560183409 1.3245592629320977 1.3241429656807864 1.3237266684294742 1.3233103711781629 1.3228940739268515 1.3224777766755402 1.3220614794242287 1.3216451821729174 1.321228884921606 1.3208125876702947 1.3203962904189834 1.319979993167672 1.3195636959163606 1.3191473986650493 1.318731101413738 1.3183148041624257 1.3178985069111144
1.3675764911105044 1.364928283807305 1.3622800765041054 1.3596318692009015 1.3569836618977023 1.3543354545945028 1.3516872472913033 1.3490390399881038 1.3463908326849046 1.343742625381705 1.3410944180785056 1.3384462107753063 1.3357980034721069 1.3331497961689074 1.3315560370984871 1.3310895070312447 1.3306229769640014 1.3301564468967593 1.3296899168295169 1.3292233867622745 1.328756856695032 1.3282903266277897 1.3278237965605473 1.327357266493305 1.3268907364260627 1.3264242063588203 1.325957676291578 1.3254911462243355 1.325024616157093 1.32455808608985 1.3240915560226076 1.3236250259553652 1.3231584958881228 1.3226919658208804 1.3222254357536383 1.3217589056863959 1.3212923756191535 1.320825845551911 1.3203593154846687 1.3198927854174263 1.319426255350184 1.3189597252829417 1.3184931952156984 1.318026665148456
1.3683295351645866 1.3657446677029303 1.3631598002412741 1.3605749327796137 1.3579900653179575 1.3554051978563013 1.3528203303946453 1.3502354629329891 1.347650595471333 1.345065728009677 1.3424808605480207 1.3398959930863645 1.3373111256247083 1.3347262581630523 1.3331409469978281 1.3326241841146549 1.3321074212314805 1.3315906583483073 1.3310738954651338 1.3305571325819605 1.330040369698787 1.3295236068156138 1.3290068439324403 1.328490081049267 1.3279733181660935 1.3274565552829203 1.3269397923997468 1.3264230295165735 1.3259062666334 1.325389503750226 1.3248727408670524 1.3243559779838792 1.3238392151007057 1.3233224522175324 1.322805689334359 1.3222889264511857 1.3217721635680122 1.321255400684839 1.3207386378016654 1.3202218749184922 1.3197051120353187 1.3191883491521454 1.318671586268971 1.3181548233857978
1.3690825792186685 1.3665610515985556 1.3640395239784429 1.3615179963583257 1.3589964687382128 1.3564749411180999 1.353953413497987 1.3514318858778742 1.3489103582577613 1.3463888306376484 1.3438673030175354 1.3413457753974227 1.3388242477773098 1.3363027201571969 1.3347258568971692 1.3341588611980648 1.3335918654989594 1.333024869799855 1.3324578741007507 1.3318908784016463 1.331323882702542 1.3307568870034376 1.3301898913043333 1.329622895605229 1.3290558999061244 1.32848890420702 1.3279219085079157 1.3273549128088113 1.326787917109707 1.3262209214106015 1.3256539257114972 1.3250869300123929 1.3245199343132885 1.3239529386141842 1.3233859429150798 1.3228189472159755 1.3222519515168711 1.3216849558177668 1.3211179601186622 1.3205509644195579 1.3199839687204535 1.3194169730213492 1.318849977322244 1.3182829816231394
1.3698356232727507 1.367377435494181 1.3649192477156114 1.3624610599370377 1.360002872158468 1.3575446843798984 1.3550864966013287 1.352628308822759 1.3501701210441897 1.34771193326562 1.3452537454870503 1.3427955577084807 1.340337369929911 1.3378791821513416 1.3363107667965102 1.3356935382814747 1.3350763097664382 1.334459081251403 1.3338418527363676 1.3332246242213321 1.3326073957062967 1.3319901671912615 1.331372938676226 1.3307557101611907 1.3301384816461554 1.32952125313112 1.3289040246160846 1.3282867961010492 1.327669567586014 1.3270523390709774 1.326435110555942 1.3258178820409068 1.3252006535258714 1.324583425010836 1.3239661964958005 1.3233489679807653 1.3227317394657299 1.3221145109506944 1.321497282435659 1.3208800539206238 1.3202628254055884 1.319645596890553 1.3190283683755166 1.3184111398604812
1.3705886673268326 1.3681938193898064 1.36579897145278 1.3634041235157497 1.3610092755787233 1.358614427641697 1.3562195797046706 1.3538247317676442 1.3514298838306178 1.3490350358935914 1.3466401879565653 1.3442453400195389 1.3418504920825125 1.3394556441454861 1.337895676695851 1.3372282153648847 1.336560754033917 1.3358932927029508 1.3352258313719845 1.334558370041018 1.3338909087100517 1.3332234473790854 1.3325559860481189 1.3318885247171526 1.3312210633861863 1.3305536020552198 1.3298861407242535 1.329218679393287 1.3285512180623207 1.3278837567313533 1.3272162954003868 1.3265488340694205 1.3258813727384542 1.3252139114074877 1.3245464500765214 1.3238789887455549 1.3232115274145886 1.3225440660836223 1.3218766047526558 1.3212091434216895 1.3205416820907232 1.3198742207597567 1.3192067594287893 1.3185392980978228
1.3713417113809154 1.3690102032854323 1.3666786951899494 1.3643471870944623 1.3620156789989795 1.3596841709034964 1.3573526628080135 1.3550211547125304 1.3526896466170473 1.3503581385215644 1.3480266304260813 1.3456951223305984 1.3433636142351153 1.3410321061396324 1.3394805865951935 1.3387628924482962 1.3380451983013975 1.3373275041545 1.3366098100076025 1.335892115860705 1.3351744217138077 1.3344567275669104 1.333739033420013 1.3330213392731154 1.332303645126218 1.3315859509793206 1.3308682568324233 1.330150562685526 1.3294328685386283 1.3287151743917298 1.3279974802448322 1.3272797860979348 1.3265620919510375 1.32584439780414 1.3251267036572425 1.3244090095103451 1.3236913153634478 1.3229736212165504 1.322255927069653 1.3215382329227554 1.320820538775858 1.3201028446289607 1.319385150482062 1.3186674563351646
1.3720947554349976 1.3698265871810578 1.367558418927118 1.3652902506731743 1.3630220824192347 1.360753914165295 1.358485745911355 1.3562175776574155 1.3539494094034756 1.351681241149536 1.3494130728955962 1.3471449046416564 1.3448767363877168 1.342608568133777 1.3410654964945345 1.340297569531706 1.3395296425688763 1.3387617156060478 1.3379937886432194 1.3372258616803911 1.3364579347175627 1.3356900077547342 1.3349220807919058 1.3341541538290773 1.333386226866249 1.3326182999034206 1.3318503729405922 1.3310824459777637 1.3303145190149352 1.3295465920521057 1.3287786650892772 1.3280107381264488 1.3272428111636203 1.3264748842007918 1.3257069572379636 1.3249390302751352 1.3241711033123067 1.3234031763494782 1.3226352493866498 1.3218673224238215 1.321099395460993 1.3203314684981646 1.3195635415353348 1.3187956145725064
1.3728477994890795 1.3706429710766832 1.3684381426642866 1.3662333142518863 1.36402848583949 1.3618236574270934 1.3596188290146969 1.3574140006023006 1.355209172189904 1.3530043437775074 1.3507995153651111 1.3485946869527146 1.346389858540318 1.3441850301279215 1.3426504063938753 1.341832246615116 1.3410140868363551 1.3401959270575958 1.3393777672788363 1.338559607500077 1.3377414477213174 1.336923287942558 1.3361051281637986 1.3352869683850392 1.33446880860628 1.3336506488275204 1.332832489048761 1.3320143292700015 1.3311961694912422 1.3303780097124813 1.329559849933722 1.3287416901549625 1.3279235303762031 1.3271053705974436 1.3262872108186843 1.325469051039925 1.3246508912611654 1.323832731482406 1.3230145717036466 1.3221964119248872 1.3213782521461277 1.3205600923673684 1.3197419325886075 1.3189237728098482
1.3736008435431615 1.3714593549723084 1.3693178664014551 1.3671763778305983 1.365034889259745 1.362893400688892 1.3607519121180387 1.3586104235471854 1.3564689349763321 1.354327446405479 1.3521859578346258 1.3500444692637725 1.3479029806929195 1.3457614921220662 1.3442353162932164 1.343366923698526 1.342498531103834 1.3416301385091436 1.3407617459144532 1.3398933533197628 1.3390249607250724 1.338156568130382 1.3372881755356916 1.3364197829410012 1.3355513903463108 1.3346829977516204 1.33381460515693 1.3329462125622396 1.332077819967549 1.3312094273728572 1.3303410347781668 1.3294726421834764 1.328604249588786 1.3277358569940956 1.3268674643994052 1.3259990718047145 1.3251306792100241 1.3242622866153337 1.3233938940206433 1.322525501425953 1.3216571088312625 1.3207887162365721 1.3199203236418802 1.3190519310471898
1.3743538875972439 1.3722757388679339 1.3701975901386239 1.3681194414093105 1.3660412926800005 1.3639631439506905 1.3618849952213805 1.3598068464920707 1.3577286977627607 1.3556505490334507 1.353572400304141 1.351494251574831 1.349416102845521 1.347337954116211 1.3458202261925574 1.344901600781936 1.343982975371313 1.3430643499606916 1.3421457245500703 1.3412270991394488 1.3403084737288273 1.3393898483182058 1.3384712229075846 1.337552597496963 1.3366339720863416 1.3357153466757203 1.3347967212650989 1.3338780958544774 1.332959470443856 1.332040845033233 1.3311222196226116 1.33020359421199 1.3292849688013688 1.3283663433907473 1.3274477179801258 1.3265290925695046 1.325610467158883 1.3246918417482616 1.3237732163376401 1.3228545909270188 1.3219359655163974 1.3210173401057759 1.320098714695153 1.3191800892845316
1.375106931651326 1.3730921227635595 1.3710773138757928 1.3690625049880227 1.367047696100256 1.3650328872124895 1.3630180783247228 1.3610032694369563 1.3589884605491895 1.3569736516614228 1.3549588427736563 1.3529440338858896 1.350929224998123 1.3489144161103563 1.347405136091899 1.3464362778653467 1.3454674196387926 1.34449856141224 1.3435297031856877 1.3425608449591353 1.3415919867325827 1.3406231285060304 1.3396542702794778 1.3386854120529255 1.337716553826373 1.3367476955998205 1.3357788373732682 1.3348099791467156 1.3338411209201633 1.3328722626936091 1.3319034044670566 1.3309345462405042 1.3299656880139519 1.3289968297873993 1.328027971560847 1.3270591133342944 1.326090255107742 1.3251213968811895 1.3241525386546371 1.3231836804280848 1.3222148222015322 1.3212459639749798 1.3202771057484257 1.3193082475218731
1.3758599757054082 1.3739085066591847 1.3719570376129615 1.3700055685667347 1.3680540995205113 1.366102630474288 1.3641511614280646 1.3621996923818411 1.360248223335618 1.3582967542893944 1.356345285243171 1.3543938161969478 1.3524423471507243 1.3504908781045009 1.34899004599124 1.3479709549487566 1.3469518639062714 1.345932772863788 1.3449136818213046 1.3438945907788211 1.3428754997363377 1.3418564086938543 1.3408373176513708 1.3398182266088872 1.3387991355664037 1.3377800445239203 1.3367609534814369 1.3357418624389534 1.33472277139647 1.3337036803539848 1.3326845893115014 1.331665498269018 1.3306464072265345 1.329627316184051 1.3286082251415676 1.3275891340990842 1.3265700430566008 1.3255509520141173 1.324531860971634 1.3235127699291505 1.322493678886667 1.3214745878441836 1.3204554968016984 1.319436405759215
1.3766130197594901 1.3747248905548102 1.37283676135013 1.3709486321454467 1.3690605029407665 1.3671723737360864 1.3652842445314064 1.3633961153267262 1.361507986122046 1.359619856917366 1.357731727712686 1.3558435985080057 1.3539554693033258 1.3520673400986456 1.3505749558905809 1.3495056320321666 1.3484363081737503 1.3473669843153357 1.3462976604569212 1.345228336598507 1.3441590127400924 1.343089688881678 1.3420203650232636 1.340951041164849 1.3398817173064346 1.3388123934480203 1.3377430695896058 1.3366737457311912 1.335604421872777 1.3345350980143607 1.3334657741559461 1.3323964502975318 1.3313271264391173 1.3302578025807028 1.3291884787222885 1.328119154863874 1.3270498310054595 1.3259805071470452 1.3249111832886307 1.3238418594302162 1.3227725355718019 1.3217032117133873 1.320633887854971 1.3195645639965565
1.3773660638135727 1.3755412744504358 1.373716485087299 1.3718916957241591 1.3700669063610222 1.3682421169978856 1.3664173276347487 1.364592538271612 1.362767748908475 1.3609429595453384 1.3591181701822015 1.3572933808190646 1.355468591455928 1.353643802092791 1.3521598657899228 1.3510403091155774 1.34992075244123 1.3488011957668844 1.347681639092539 1.3465620824181934 1.345442525743848 1.3443229690695024 1.343203412395157 1.3420838557208117 1.340964299046466 1.3398447423721207 1.338725185697775 1.3376056290234297 1.3364860723490841 1.3353665156747367 1.3342469590003914 1.333127402326046 1.3320078456517004 1.330888288977355 1.3297687323030094 1.328649175628664 1.3275296189543184 1.326410062279973 1.3252905056056277 1.324170948931282 1.3230513922569367 1.321931835582591 1.3208122789082437 1.3196927222338983
1.3781191078676547 1.3763576583460613 1.3745962088244676 1.3728347593028711 1.3710733097812775 1.369311860259684 1.3675504107380905 1.3657889612164968 1.3640275116949034 1.3622660621733098 1.3605046126517164 1.3587431631301228 1.3569817136085291 1.3552202640869357 1.3537447756892638 1.3525749861989873 1.3514051967087088 1.3502354072184322 1.3490656177281557 1.3478958282378792 1.3467260387476028 1.3455562492573263 1.3443864597670498 1.3432166702767734 1.342046880786497 1.3408770912962205 1.339707301805944 1.3385375123156675 1.337367722825391 1.3361979333351126 1.3350281438448361 1.3338583543545597 1.3326885648642832 1.3315187753740068 1.3303489858837303 1.3291791963934538 1.3280094069031774 1.326839617412901 1.3256698279226244 1.324500038432348 1.3233302489420713 1.3221604594517948 1.3209906699615164 1.31982088047124
1.3788721519217368 1.3771740422416865 1.3754759325616364 1.3737778228815831 1.3720797132015328 1.3703816035214826 1.3686834938414323 1.366985384161382 1.3652872744813318 1.3635891648012815 1.361891055121231 1.360192945441181 1.3584948357611306 1.3567967260810803 1.3553296855886046 1.3541096632823972 1.3528896409761877 1.3516696186699801 1.3504495963637726 1.3492295740575653 1.3480095517513577 1.3467895294451502 1.3455695071389429 1.3443494848327353 1.3431294625265278 1.3419094402203204 1.340689417914113 1.3394693956079053 1.338249373301698 1.3370293509954885 1.335809328689281 1.3345893063830734 1.333369284076866 1.3321492617706585 1.330929239464451 1.3297092171582436 1.328489194852036 1.3272691725458285 1.3260491502396212 1.3248291279334137 1.3236091056272061 1.3223890833209988 1.3211690610147893 1.3199490387085817
