Figures/CREST_Example_wjb_NSE/PETs/wjb.pet.20090313.asc
ncols            288
nrows            254
xllcorner        113.274861
yllcorner        31.4918055
cellsize         0.008333333333
NODATA_value     -9999
[rows 180 to 199 of 254, columns 44 to 87 of 288]
1.7075410625697254 1.709167455792107 1.7107938490144887 1.7124202422368706 1.7140466354592523 1.715673028681634 1.7172994219040159 1.7189258151263975 1.720552208348782 1.7221786015711638 1.7238049947935454 1.7254313880159273 1.727057781238309 1.7286841744606907 1.7303105676830726 1.7319369609054542 1.733563354127836 1.7351897473502178 1.7368161405725995 1.7384425337949811 1.7400689270173628 1.7416953202397474 1.7433217134621293 1.744948106684511 1.7465744999068926 1.7482008931292745 1.7498272863516562 1.7514536795740379 1.7514132457683464 1.749590936189256 1.747768626610166 1.7459463170310756 1.7441240074519853 1.742301697872895 1.7404793882938017 1.7386570787147113 1.736834769135621 1.7350124595565306 1.7331901499774405 1.7313678403983501 1.7295455308192598 1.7277232212401694 1.7259009116610793 1.724078602081989
1.7082012770219333 1.7097716227370534 1.7113419684521733 1.7129123141672935 1.7144826598824134 1.7160530055975336 1.7176233513126535 1.7191936970277737 1.7207640427428963 1.7223343884580165 1.7239047341731364 1.7254750798882565 1.7270454256033765 1.7286157713184966 1.7301861170336166 1.7317564627487367 1.7333268084638567 1.7348971541789768 1.7364674998940968 1.738037845609217 1.7396081913243369 1.7411785370394597 1.7427488827545798 1.7443192284696998 1.74588957418482 1.7474599198999399 1.74903026561506 1.75060061133018 1.7505611002502874 1.74880061586401 1.7470401314777326 1.745279647091455 1.7435191627051778 1.7417586783189003 1.73999819393262 1.7382377095463424 1.736477225160065 1.7347167407737876 1.7329562563875103 1.7311957720012328 1.7294352876149555 1.727674803228678 1.7259143188424007 1.7241538344561231
1.7088614914741413 1.7103757896819998 1.7118900878898582 1.7134043860977166 1.7149186843055748 1.7164329825134332 1.7179472807212917 1.7194615789291499 -9999.0 1.7224901753448691 1.7240044735527276 1.725518771760586 1.7270330699684442 1.7285473681763026 1.730061666384161 1.7315759645920192 1.7330902627998777 1.734604561007736 1.7361188592155943 1.7376331574234527 1.7391474556313111 1.740661753839172 1.7421760520470304 1.7436903502548886 1.745204648462747 1.7467189466706055 1.7482332448784637 1.749747543086322 1.7497089547322282 1.7480102955387637 1.7463116363452993 1.7446129771518346 1.7429143179583702 1.7412156587649057 1.7395169995714381 1.7378183403779737 1.7361196811845092 1.7344210219910445 1.73272236279758 1.7310237036041156 1.729325044410651 1.7276263852171865 1.725927726023722 1.7242290668302573
-9999.0 -9999.0 -9999.0 -9999.0 1.7153547087287364 1.716812959429333 1.7182712101299296 1.7197294608305262 -9999.0 -9999.0 1.7241042129323185 1.7255624636329152 1.7270207143335117 1.7284789650341084 1.729937215734705 1.7313954664353015 1.7328537171358982 1.7343119678364947 1.7357702185370913 1.737228469237688 1.7386867199382845 1.7401449706388836 1.7416032213394803 1.743061472040077 1.7445197227406735 1.7459779734412701 1.7474362241418666 1.7488944748424633 1.7488568092141683 1.7472199752135167 1.745583141212865 1.7439463072122137 1.742309473211562 1.7406726392109104 1.7390358052102561 1.7373989712096045 1.735762137208953 1.7341253032083013 1.7324884692076497 1.730851635206998 1.7292148012063466 1.727577967205695 1.7259411332050434 1.7243042992043918
-9999.0 -9999.0 -9999.0 -9999.0 -9999.0 1.7171929363452325 -9999.0 -9999.0 -9999.0 -9999.0 -9999.0 -9999.0 1.7270083586985794 1.7284105618919143 1.729812765085249 1.731214968278584 1.732617171471919 1.734019374665254 1.7354215778585889 1.7368237810519238 1.7382259842452585 1.739628187438596 1.7410303906319309 1.7424325938252658 1.7438347970186006 1.7452370002119355 1.7466392034052705 1.7480414065986054 1.7480046636961093 1.7464296548882705 1.7448546460804317 1.7432796372725932 1.7417046284647544 1.7401296196569158 1.7385546108490744 1.7369796020412356 1.735404593233397 1.7338295844255582 1.7322545756177197 1.7306795668098809 1.729104558002042 1.7275295491942035 1.7259545403863648 1.7243795315785262
-9999.0 -9999.0 -9999.0 -9999.0 -9999.0 -9999.0 -9999.0 -9999.0 -9999.0 -9999.0 -9999.0 -9999.0 -9999.0 1.7283421587497203 1.7296883144357935 1.7310344701218667 1.73238062580794 1.7337267814940132 1.7350729371800864 1.7364190928661596 1.7377652485522328 1.7391114042383082 1.7404575599243814 1.7418037156104547 1.7431498712965279 1.744496026982601 1.7458421826686743 1.7471883383547475 1.74715251817805 1.7456393345630243 1.7441261509479984 1.7426129673329727 1.741099783717947 1.739586600102921 1.7380734164878926 1.7365602328728669 1.735047049257841 1.7335338656428152 1.7320206820277895 1.7305074984127635 1.7289943147977378 1.7274811311827118 1.7259679475676861 1.7244547639526602
-9999.0 -9999.0 -9999.0 -9999.0 -9999.0 -9999.0 -9999.0 -9999.0 -9999.0 -9999.0 -9999.0 -9999.0 -9999.0 -9999.0 -9999.0 -9999.0 -9999.0 -9999.0 -9999.0 1.7360144046803951 1.7373045128592068 1.7385946210380205 1.739884729216832 1.7411748373956435 1.742464945574455 1.7437550537532664 1.7450451619320781 1.7463352701108896 1.746300372659991 1.7448490142377782 1.7433976558155653 1.7419462973933522 1.7404949389711393 1.7390435805489264 1.737592222126711 1.736140863704498 1.734689505282285 1.7332381468600722 1.7317867884378593 1.7303354300156464 1.7288840715934335 1.7274327131712204 1.7259813547490075 1.7245299963267946
-9999.0 -9999.0 -9999.0 -9999.0 -9999.0 -9999.0 -9999.0 -9999.0 -9999.0 -9999.0 -9999.0 -9999.0 -9999.0 -9999.0 -9999.0 -9999.0 -9999.0 -9999.0 -9999.0 1.7356097164946307 1.7368437771661807 1.7380778378377326 1.7393118985092824 1.740545959180832 1.741780019852382 1.7430140805239318 1.7442481411954815 1.7454822018670315 1.7454482271419318 1.7440586939125318 1.7426691606831317 1.7412796274537317 1.7398900942243316 1.7385005609949316 1.737111027765529 1.735721494536129 1.734331961306729 1.7329424280773291 1.731552894847929 1.730163361618529 1.728773828389129 1.727384295159729 1.7259947619303289 1.7246052287009288
-9999.0 -9999.0 -9999.0 -9999.0 -9999.0 -9999.0 -9999.0 -9999.0 -9999.0 -9999.0 -9999.0 -9999.0 -9999.0 -9999.0 -9999.0 -9999.0 -9999.0 1.7328490019802902 1.7340270151445785 1.7352050283088665 1.7363830414731547 1.7375610546374447 1.738739067801733 1.7399170809660212 1.7410950941303092 1.7422731072945974 1.7434511204588854 1.7446291336231736 1.7445960816238726 1.7432683735872854 1.7419406655506984 1.7406129575141112 1.739285249477524 1.737957541440937 1.7366298334043475 1.7353021253677603 1.733974417331173 1.732646709294586 1.7313190012579989 1.7299912932214117 1.7286635851848247 1.7273358771482374 1.7260081691116502 1.724680461075063
-9999.0 -9999.0 -9999.0 -9999.0 -9999.0 -9999.0 -9999.0 -9999.0 -9999.0 -9999.0 -9999.0 -9999.0 -9999.0 -9999.0 -9999.0 -9999.0 1.7314344431520228 1.732556408809049 1.7336783744660755 1.7348003401231018 1.7359223057801283 1.7370442714371566 1.7381662370941828 1.7392882027512093 1.7404101684082356 1.741532134065262 1.7426540997222884 1.7437760653793148 1.7437439361058127 1.7424780532620385 1.7412121704182641 1.73994628757449 1.7386804047307158 1.7374145218869417 1.7361486390431653 1.734882756199391 1.7336168733556168 1.7323509905118426 1.7310851076680684 1.729819224824294 1.72855334198052 1.7272874591367458 1.7260215762929716 1.7247556934491974
-9999.0 -9999.0 -9999.0 -9999.0 -9999.0 -9999.0 -9999.0 -9999.0 -9999.0 -9999.0 -9999.0 -9999.0 -9999.0 -9999.0 -9999.0 1.7301319793382788 1.7311978974880435 1.7322638156378083 1.7333297337875728 1.7343956519373376 1.7354615700871023 1.7365274882368689 1.7375934063866334 1.7386593245363982 1.739725242686163 1.7407911608359274 1.7418570789856922 1.742922997135457 1.7428917905877535 1.7416877329367921 1.7404836752858308 1.7392796176348695 1.7380755599839082 1.7368715023329468 1.7356674446819835 1.7344633870310222 1.7332593293800609 1.7320552717290996 1.7308512140781382 1.729647156427177 1.7284430987762156 1.7272390411252543 1.726034983474293 1.7248309258233316
-9999.0 -9999.0 -9999.0 -9999.0 -9999.0 -9999.0 -9999.0 -9999.0 -9999.0 -9999.0 -9999.0 -9999.0 -9999.0 -9999.0 -9999.0 1.7299514811815613 1.7309613518240643 1.7319712224665673 1.7329810931090703 1.7339909637515734 1.7350008343940764 1.736010705036581 1.737020575679084 1.738030446321587 1.73904031696409 1.740050187606593 1.741060058249096 1.742069928891599 1.7420396450696944 1.740897412611546 1.7397551801533977 1.7386129476952492 1.7374707152371007 1.7363284827789522 1.735186250320802 1.7340440178626535 1.732901785404505 1.7317595529463565 1.730617320488208 1.7294750880300598 1.7283328555719113 1.7271906231137628 1.7260483906556143 1.7249061581974658
-9999.0 -9999.0 -9999.0 -9999.0 -9999.0 -9999.0 -9999.0 -9999.0 -9999.0 -9999.0 -9999.0 -9999.0 -9999.0 -9999.0 -9999.0 1.729770983024844 1.7307248061600853 1.7316786292953266 1.7326324524305678 1.7335862755658091 1.7345400987010504 1.7354939218362933 1.7364477449715345 1.7374015681067758 1.738355391242017 1.7393092143772586 1.7402630375124999 1.7412168606477412 1.7411874995516354 1.7401070922862998 1.7390266850209644 1.7379462777556287 1.736865870490293 1.7357854632249576 1.7347050559596202 1.7336246486942846 1.7325442414289491 1.7314638341636135 1.730383426898278 1.7293030196329424 1.728222612367607 1.7271422051022713 1.7260617978369357 1.7249813905716003
-9999.0 -9999.0 -9999.0 -9999.0 -9999.0 -9999.0 -9999.0 -9999.0 -9999.0 -9999.0 -9999.0 -9999.0 -9999.0 1.7277949336121672 1.7286927092401467 1.7295904848681263 1.7304882604961058 1.7313860361240856 1.7322838117520651 1.7331815873800447 1.7340793630080242 1.7349771386360053 1.735874914263985 1.7367726898919646 1.7376704655199442 1.7385682411479237 1.7394660167759033 1.740363792403883 1.740335354033576 1.7393167719610534 1.7382981898885308 1.737279607816008 1.7362610257434854 1.7352424436709628 1.7342238615984382 1.7332052795259156 1.732186697453393 1.7311681153808702 1.7301495333083476 1.729130951235825 1.7281123691633022 1.7270937870907797 1.726075205018257 1.7250566229457343
-9999.0 -9999.0 -9999.0 -9999.0 -9999.0 -9999.0 -9999.0 -9999.0 -9999.0 -9999.0 -9999.0 -9999.0 -9999.0 1.727726530469973 1.728568258590691 1.7294099867114088 1.7302517148321266 1.7310934429528444 1.7319351710735624 1.7327768991942802 1.733618627314998 1.7344603554357174 1.7353020835564352 1.736143811677153 1.736985539797871 1.7378272679185889 1.7386689960393067 1.7395107241600247 1.7394832085155165 1.7385264516358068 1.737569694756097 1.7366129378763873 1.7356561809966775 1.7346994241169678 1.7337426672372565 1.7327859103575467 1.731829153477837 1.7308723965981272 1.7299156397184174 1.7289588828387077 1.728002125958998 1.7270453690792882 1.7260886121995784 1.7251318553198687
-9999.0 -9999.0 -9999.0 -9999.0 -9999.0 -9999.0 -9999.0 -9999.0 -9999.0 -9999.0 -9999.0 -9999.0 -9999.0 -9999.0 1.728443807941235 1.7292294885546913 1.7300151691681473 1.7308008497816036 1.7315865303950597 1.732372211008516 1.733157891621972 1.7339435722354297 1.7347292528488858 1.735514933462342 1.7363006140757982 1.7370862946892545 1.7378719753027105 1.7386576559161666 1.7386310629974575 1.7377361313105606 1.7368411996236637 1.7359462679367668 1.73505133624987 1.7341564045629732 1.7332614728760747 1.7323665411891778 1.731471609502281 1.7305766778153842 1.7296817461284872 1.7287868144415903 1.7278918827546936 1.7269969510677967 1.7261020193808998 1.7252070876940029
-9999.0 -9999.0 -9999.0 -9999.0 -9999.0 -9999.0 -9999.0 -9999.0 -9999.0 -9999.0 -9999.0 -9999.0 -9999.0 -9999.0 1.7283193572917792 1.7290489903979738 1.7297786235041683 1.7305082566103627 1.7312378897165572 1.7319675228227518 1.7326971559289461 1.7334267890351418 1.7341564221413364 1.734886055247531 1.7356156883537253 1.7363453214599198 1.7370749545661144 1.7378045876723087 1.7377789174793983 1.7369458109853144 1.7361127044912303 1.7352795979971465 1.7344464915030624 1.7336133850089785 1.7327802785148931 1.731947172020809 1.7311140655267252 1.7302809590326411 1.7294478525385573 1.7286147460444732 1.727781639550389 1.7269485330563052 1.7261154265622212 1.7252823200681373
-9999.0 -9999.0 -9999.0 -9999.0 -9999.0 -9999.0 -9999.0 -9999.0 -9999.0 -9999.0 -9999.0 -9999.0 -9999.0 -9999.0 1.7281949066423234 1.7288684922412563 1.7295420778401889 1.7302156634391217 1.7308892490380545 1.7315628346369871 1.73223642023592 1.7329100058348539 1.7335835914337867 1.7342571770327195 1.7349307626316521 1.735604348230585 1.7362779338295178 1.7369515194284504 1.7369267719613388 1.7361554906600678 1.7353842093587966 1.7346129280575255 1.7338416467562545 1.7330703654549835 1.7322990841537111 1.7315278028524401 1.7307565215511689 1.7299852402498979 1.7292139589486268 1.7284426776473558 1.7276713963460848 1.7269001150448136 1.7261288337435425 1.7253575524422715
-9999.0 -9999.0 -9999.0 -9999.0 -9999.0 -9999.0 -9999.0 -9999.0 -9999.0 -9999.0 -9999.0 -9999.0 -9999.0 -9999.0 1.7280704559928677 1.7286879940845388 1.7293055321762096 1.7299230702678807 1.7305406083595518 1.731158146451223 1.731775684542894 1.7323932226345662 1.7330107607262373 1.7336282988179084 1.7342458369095795 1.7348633750012503 1.7354809130929214 1.7360984511845925 1.7360746264432796 1.7353651703348216 1.7346557142263634 1.7339462581179053 1.733236802009447 1.732527345900989 1.7318178897925294 1.7311084336840712 1.730398977575613 1.7296895214671548 1.7289800653586966 1.7282706092502385 1.7275611531417803 1.726851697033322 1.726142240924864 1.7254327848164057
-9999.0 -9999.0 -9999.0 -9999.0 -9999.0 -9999.0 -9999.0 -9999.0 -9999.0 -9999.0 1.7257000430057745 1.7262615335901839 1.7268230241745932 1.7273845147590026 1.727946005343412 1.7285074959278213 1.7290689865122306 1.72963047709664 1.7301919676810493 1.7307534582654587 1.731314948849868 1.7318764394342785 1.7324379300186878 1.7329994206030972 1.7335609111875065 1.734122401771916 1.7346838923563253 1.7352453829407346 1.7352224809252206 1.7345748500095752 1.73392721909393 1.7332795881782848 1.7326319572626394 1.731984326346994 1.7313366954313478 1.7306890645157025 1.7300414336000571 1.7293938026844118 1.7287461717687667 1.7280985408531213 1.727450909937476 1.7268032790218306 1.7261556481061855 1.7255080171905401
