Figures/CREST_Example_wjb_NSE/PETs/wjb.pet.20090612.asc
ncols            288
nrows            254
xllcorner        113.274861
yllcorner        31.4918055
cellsize         0.008333333333
NODATA_value     -9999
[rows 200 to 219 of 254, columns 88 to 131 of 288]
3.290504811235077 3.283597514148599 3.276690217062121 3.269782919975631 3.262875622889153 3.255968325802675 3.2490610287161967 3.2421537316297186 3.2352464345432406 3.2283391374567625 3.2214318403702844 3.2145245432838063 3.2076172461973282 3.20070994911085 3.193738426590211 3.18669824562824 3.179658064666257 3.172617883704286 3.165577702742315 3.1585375217803437 3.151497340818373 3.144457159856402 3.137416978894431 3.1303767979324597 3.123336616970489 3.116296436008518 3.109256255046547 3.102216074084576 3.095175893122605 3.088135712160622 3.0810955311986508 3.07405535023668 3.067015169274709 3.059974988312738 3.0529348073507667 3.045894626388796 3.038854445426825 3.031814264464854 3.0247740835028827 3.017733902540912 3.010693721578941 3.0036535406169698 2.996613359654987 2.989573178693016
3.284557492044418 3.2778319073305435 3.2711063226166686 3.2643807379027825 3.2576551531889075 3.250929568475033 3.244203983761158 3.2374783990472835 3.2307528143334086 3.224027229619534 3.217301644905659 3.2105760601917845 3.2038504754779096 3.197124890764035 3.1903264115657675 3.1834500065154523 3.176573601465125 3.16969719641481 3.162820791364495 3.155944386314179 3.149067981263864 3.142191576213549 3.1353151711632337 3.1284387661129185 3.121562361062603 3.1146859560122877 3.1078095509619725 3.1009331459116574 3.094056740861342 3.087180335811015 3.0803039307607 3.0734275257103847 3.066551120660069 3.059674715609754 3.0527983105594387 3.0459219055091236 3.0390455004588084 3.032169095408493 3.0252926903581776 3.0184162853078624 3.0115398802575473 3.004663475207232 2.997787070156905 2.9909106651065898
3.278610172853759 3.2720663005124875 3.265522428171216 3.2589785558299336 3.252434683488662 3.245890811147391 3.23934693880612 3.2328030664648484 3.226259194123577 3.2197153217823056 3.213171449441034 3.2066275770997628 3.2000837047584914 3.19353983241722 3.186914396541324 -9999.0 -9999.0 -9999.0 3.1600638799866743 3.1533512508480146 3.1466386217093554 3.1399259925706957 3.133213363432036 3.126500734293377 3.119788105154717 3.113075476016058 3.1063628468773983 3.0996502177387386 3.092937588600079 3.086224959461408 3.0795123303227485 3.0727997011840893 3.0660870720454296 3.05937444290677 3.0526618137681107 3.045949184629451 3.0392365554907914 3.032523926352132 3.0258112972134725 3.019098668074813 3.0123860389361536 3.005673409797494 2.998960780658823 2.9922481515201635
3.2726628536630997 3.266300693694432 3.259938533725764 3.253576373757085 3.2472142137884172 3.240852053819749 3.234489893851081 3.2281277338824133 3.221765573913745 3.215403413945077 3.2090412539764093 3.202679094007741 3.196316934039073 3.1899547740704053 3.18350238151688 -9999.0 -9999.0 -9999.0 -9999.0 3.1507581153818505 3.1442092621548468 -9999.0 3.131111555700839 3.124562702473835 3.1180138492468314 3.1114649960198277 3.104916142792824 3.0983672895658203 3.0918184363388166 3.0852695831118018 3.0787207298847976 3.072171876657794 3.06562302343079 3.0590741702037865 3.0525253169767828 3.045976463749779 3.0394276105227753 3.0328787572957716 3.026329904068768 3.019781050841764 3.0132321976147605 3.0066833443877563 3.0001344911607415 2.9935856379337378
3.266715534472438 3.2605350868763736 3.254354639280309 3.248174191684234 3.241993744088169 3.235813296492105 3.22963284889604 3.223452401299976 3.217271953703911 3.2110915061078464 3.204911058511782 3.1987306109157174 3.192550163319653 3.1863697157235884 -9999.0 -9999.0 -9999.0 -9999.0 -9999.0 -9999.0 -9999.0 -9999.0 -9999.0 3.1226246706542926 3.116239593338945 3.109854516023597 3.103469438708249 3.097084361392901 3.0906992840775533 3.0843142067621945 3.0779291294468463 3.0715440521314985 3.0651589748161507 3.0587738975008025 3.0523888201854548 3.0460037428701066 3.039618665554759 3.033233588239411 3.026848510924063 3.020463433608715 3.0140783562933673 3.007693278978019 3.0013082016626607 2.9949231243473124
3.260768215281779 3.254769480058318 3.248770744834857 3.2427720096113855 3.2367732743879243 3.230774539164463 3.224775803941002 3.2187770687175408 3.2127783334940796 3.2067795982706184 3.2007808630471573 3.194782127823696 3.188783392600235 3.1827846573767737 -9999.0 -9999.0 -9999.0 -9999.0 -9999.0 -9999.0 -9999.0 -9999.0 -9999.0 -9999.0 3.114465337431059 3.108244036027367 3.1020227346236746 3.0958014332199824 3.08958013181629 3.0833588304125876 3.0771375290088954 3.070916227605203 3.064694926201511 3.0584736247978186 3.0522523233941268 3.0460310219904345 3.0398097205867423 3.03358841918305 3.0273671177793577 3.0211458163756655 3.0149245149719737 3.0087032135682814 3.0024819121645785 2.9962606107608862
3.25482089609112 3.249003873240262 3.2431868503894044 3.2373698275385365 3.231552804687679 3.225735781836821 3.2199187589859632 3.2141017361351056 3.2082847132842476 3.20246769043339 3.196650667582532 3.1908336447316743 3.1850166218808162 3.1791995990299586 3.173266336443548 -9999.0 -9999.0 -9999.0 -9999.0 -9999.0 -9999.0 -9999.0 -9999.0 -9999.0 3.1126910815231734 3.106633556031137 3.1005760305391004 3.094518505047064 3.0884609795550277 3.0824034540629808 3.0763459285709445 3.070288403078908 3.0642308775868714 3.058173352094835 3.052115826602799 3.0460583011107625 3.0400007756187257 3.0339432501266894 3.027885724634653 3.021828199142617 3.01577067365058 3.0097131481585437 3.003655622666497 2.9975980971744605
3.248873576900458 3.243238266422204 3.2376029559439496 3.2319676454656854 3.2263323349874313 3.220697024509177 3.2150617140309223 3.2094264035526683 3.203791093074414 3.1981557825961593 3.192520472117905 3.1868851616396507 3.1812498511613962 3.1756145406831418 3.1698543214191024 -9999.0 -9999.0 -9999.0 -9999.0 -9999.0 -9999.0 -9999.0 -9999.0 -9999.0 -9999.0 3.105023076034906 3.099129326454525 3.093235576874145 3.087341827293764 3.0814480777133735 3.0755543281329927 3.0696605785526123 3.0637668289722315 3.057873079391851 3.0519793298114704 3.0460855802310896 3.040191830650709 3.0342980810703284 3.028404331489948 3.0225105819095672 3.016616832329187 3.010723082748806 3.0048293331684155 2.9989355835880347
3.2406601464310887 3.23518636463818 3.229712582845272 3.224238801052355 3.2187650192594464 3.2132912374665383 3.2078174556736303 3.2023436738807223 3.196869892087814 3.1913961102949058 3.1859223285019977 3.1804485467090893 3.1749747649161812 3.169500983123273 3.163908711453663 -9999.0 -9999.0 -9999.0 -9999.0 -9999.0 -9999.0 -9999.0 -9999.0 -9999.0 -9999.0 -9999.0 -9999.0 -9999.0 -9999.0 3.0781246110485925 3.0724056710215892 3.066686730994586 3.0609677909675823 3.055248850940579 3.049529910913576 3.0438109708865726 3.038092030859569 3.0323730908325657 3.0266541508055624 3.0209352107785588 3.0152162707515555 3.0094973307245523 3.0037783906975393 2.9980594506705356
3.2300243858325426 3.224690557635434 3.219356729438325 3.2140229012412074 3.208689073044099 3.2033552448469904 3.198021416649882 3.192687588452773 3.1873537602556645 3.182019932058556 3.176686103861447 3.1713522756643386 3.16601844746723 3.1606846192701217 3.155254848182941 -9999.0 -9999.0 -9999.0 -9999.0 -9999.0 -9999.0 -9999.0 -9999.0 -9999.0 -9999.0 -9999.0 -9999.0 -9999.0 -9999.0 -9999.0 -9999.0 3.0612051326800587 3.0556727964740076 3.050140460267957 3.0446081240619063 3.039075787855855 3.0335434516498045 3.0280111154437535 3.022478779237703 3.016946443031652 3.011414106825601 3.0058817706195504 3.00034943441349 2.9948170982074394
3.219388625233992 3.214194750632683 3.209000876031374 3.2038070014300564 3.1986131268287474 3.1934192522274385 3.188225377626129 3.18303150302482 3.1778376284235113 3.1726437538222023 3.1674498792208934 3.162256004619584 3.157062130018275 3.151868255416966 3.146600984912216 -9999.0 -9999.0 -9999.0 -9999.0 -9999.0 -9999.0 -9999.0 -9999.0 -9999.0 -9999.0 -9999.0 -9999.0 -9999.0 -9999.0 -9999.0 -9999.0 3.0557235343655287 3.0503778019804306 3.045032069595332 3.039686337210234 3.034340604825136 3.0289948724400375 3.0236491400549395 3.0183034076698414 3.0129576752847433 3.007611942899645 3.002266210514547 2.9969204781294394 2.9915747457443413
3.208752864635447 3.203698943629937 3.1986450226244276 3.19359110161891 3.1885371806134 3.1834832596078906 3.178429338602381 3.173375417596872 3.1683214965913624 3.163267575585853 3.158213654580343 3.153159733574834 3.1481058125693244 3.143051891563815 -9999.0 -9999.0 -9999.0 -9999.0 -9999.0 -9999.0 -9999.0 -9999.0 -9999.0 -9999.0 -9999.0 -9999.0 -9999.0 -9999.0 -9999.0 -9999.0 3.0554010646151473 3.0502419360510014 3.045082807486856 3.03992367892271 3.0347645503585645 3.029605421794419 3.024446293230273 3.0192871646661277 3.014128036101982 3.0089689075378363 3.003809778973691 2.998650650409545 2.9934915218453906 2.988332393281245
3.1981171040369007 3.193203136627191 3.188289169217481 3.1833752018077623 3.1784612343980525 3.1735472669883427 3.168633299578633 3.163719332168923 3.158805364759213 3.153891397349503 3.148977429939793 3.144063462530083 3.1391494951203733 3.134235527710663 -9999.0 -9999.0 -9999.0 -9999.0 -9999.0 -9999.0 -9999.0 -9999.0 -9999.0 -9999.0 -9999.0 -9999.0 -9999.0 -9999.0 -9999.0 -9999.0 3.049732862479667 3.044760337736474 3.0397878129932807 3.034815288250088 3.0298427635068945 3.0248702387637016 3.0198977140205083 3.0149251892773155 3.009952664534122 3.0049801397909293 3.000007615047736 2.995035090304543 2.9900625655613413 2.9850900408181484
3.1874813434383507 3.1827073296244404 3.17793331581053 3.173159301996612 3.1683852881827015 3.163611274368791 3.158837260554881 3.1540632467409706 3.1492892329270603 3.1445152191131496 3.1397412052992393 3.134967191485329 3.1301931776714187 3.1254191638575084 -9999.0 -9999.0 -9999.0 -9999.0 -9999.0 -9999.0 -9999.0 -9999.0 -9999.0 -9999.0 -9999.0 -9999.0 -9999.0 -9999.0 3.0536365021886738 3.0488505812664255 3.0440646603441848 3.0392787394219445 3.0344928184997038 3.0297068975774635 3.024920976655223 3.0201350557329825 3.015349134810742 3.0105632138885015 3.005777292966261 3.000991372044021 2.99620545112178 2.99141953019954 2.986633609277291 2.9818476883550504
3.176845582839805 3.1722115226216943 3.1675774624035835 3.1629434021854648 3.158309341967354 3.1536752817492433 3.149041221531132 3.1444071613130213 3.1397731010949106 3.1351390408768 3.130504980658689 3.1258709204405783 3.1212368602224676 -9999.0 -9999.0 -9999.0 -9999.0 -9999.0 -9999.0 -9999.0 -9999.0 -9999.0 -9999.0 -9999.0 -9999.0 -9999.0 -9999.0 -9999.0 3.0475950924112882 3.0429957753099925 3.038396458208705 3.0337971411074167 3.029197824006129 3.024598506904841 3.019999189803553 3.015399872702265 3.0108005556009774 3.0062012384996892 3.0016019213984015 2.9970026042971134 2.9924032871958257 2.9878039700945376 2.983204652993242 2.9786053358919538
3.1662098222412594 3.161715715618948 3.157221608996637 3.152727502374318 3.1482333957520066 3.1437392891296954 3.139245182507384 3.134751075885073 3.1302569692627618 3.1257628626404506 3.1212687560181394 3.116774649395828 -9999.0 -9999.0 -9999.0 -9999.0 -9999.0 -9999.0 -9999.0 -9999.0 -9999.0 -9999.0 -9999.0 -9999.0 -9999.0 -9999.0 -9999.0 -9999.0 3.041553682633903 3.03714096935356 3.0327282560732245 3.0283155427928894 3.023902829512554 3.0194901162322187 3.015077402951883 3.0106646896715477 3.0062519763912126 3.001839263110877 2.9974265498305415 2.9930138365502064 2.988601123269871 2.9841884099895357 2.9797756967091926 2.975362983428857
3.1555740616427133 3.1512199086162016 3.14686575558969 3.1425116025631707 3.138157449536659 3.1338032965101474 3.129449143483636 3.125094990457124 -9999.0 -9999.0 -9999.0 -9999.0 -9999.0 -9999.0 -9999.0 -9999.0 -9999.0 -9999.0 -9999.0 -9999.0 -9999.0 -9999.0 -9999.0 -9999.0 -9999.0 -9999.0 -9999.0 -9999.0 -9999.0 3.0312861633971275 3.0270600539377446 3.022833944478362 3.018607835018979 3.014381725559596 3.0101556161002136 3.0059295066408307 3.0017033971814477 2.9974772877220652 2.9932511782626823 2.9890250688032993 2.984798959343917 2.980572849884534 2.976346740425144 2.972120630965761
3.144938301044163 3.140724101613451 3.136509902182739 3.1322957027520197 3.1280815033213076 3.1238673038905955 3.1196531044598834 3.1154389050291713 -9999.0 -9999.0 -9999.0 -9999.0 -9999.0 -9999.0 -9999.0 -9999.0 -9999.0 -9999.0 -9999.0 -9999.0 -9999.0 -9999.0 -9999.0 -9999.0 -9999.0 -9999.0 -9999.0 -9999.0 -9999.0 3.0254313574406924 3.0213918518022624 3.017352346163832 3.0133128405254017 3.009273334886972 3.0052338292485414 3.001194323610111 2.997154817971681 2.993115312333251 2.989075806694821 2.9850363010563905 2.98099679541796 2.9769572897795302 2.972917784141093 2.968878278502663
3.1343025404456175 3.130228294610705 3.1261540487757924 3.122079802940873 -9999.0 3.113931311271048 -9999.0 -9999.0 -9999.0 -9999.0 -9999.0 -9999.0 -9999.0 -9999.0 -9999.0 -9999.0 -9999.0 -9999.0 -9999.0 -9999.0 -9999.0 -9999.0 -9999.0 -9999.0 -9999.0 -9999.0 -9999.0 -9999.0 -9999.0 -9999.0 -9999.0 3.0118707478493048 3.0080178460318274 3.0041649442143497 3.000312042396872 2.996459140579394 2.992606238761917 2.988753336944439 2.9849004351269612 2.981047533309484 2.977194631492006 2.9733417296745284 2.9694888278570444 2.9656359260395666
3.123666779847072 3.119732487607959 3.115798195368846 3.111863903129726 -9999.0 -9999.0 -9999.0 -9999.0 -9999.0 -9999.0 -9999.0 -9999.0 -9999.0 -9999.0 -9999.0 -9999.0 -9999.0 -9999.0 -9999.0 -9999.0 -9999.0 -9999.0 -9999.0 -9999.0 -9999.0 -9999.0 -9999.0 -9999.0 -9999.0 -9999.0 -9999.0 3.0063891495347774 3.0027228515382522 2.999056553541727 2.995390255545202 2.9917239575486767 2.988057659552152 2.984391361555627 2.9807250635591016 2.9770587655625764 2.9733924675660512 2.969726169569526 2.966059871572995 2.96239357357647
