Figures/CREST_Example_wjb_NSE/PETs/wjb.pet.20090227.asc
ncols            288
nrows            254
xllcorner        113.274861
yllcorner        31.4918055
cellsize         0.008333333333
NODATA_value     -9999
[rows 76 to 94 of 254, columns 176 to 219 of 288]
0.6917120501236862 0.6913733836853425 0.6910347172469988 0.6906960508086551 0.6903573843703115 0.6900187179319678 0.6896800514936235 0.6893413850552798 0.6890027186169361 0.6886640521785924 0.6883253857402487 0.687986719301905 0.6876480528635613 0.6873093864252177 0.686970719986874 0.6866320535485303 0.6861955473788403 0.6856544483225596 0.685113349266279 0.6845722502099975 0.6840311511537169 0.6834900520974363 0.6829489530411558 0.6824078539848751 0.6818667549285945 0.681325655872314 -9999.0 -9999.0 -9999.0 0.6791612596471915 0.678620160590911 -9999.0 -9999.0 -9999.0 -9999.0 -9999.0 -9999.0 -9999.0 -9999.0 -9999.0 -9999.0 -9999.0 -9999.0 -9999.0
0.6856853723959002 0.6853535216379599 0.6850216708800196 0.6846898201220794 0.6843579693641391 0.6840261186061987 0.6836942678482578 0.6833624170903175 0.6830305663323772 0.682698715574437 0.6823668648164967 0.6820350140585563 0.681703163300616 0.6813713125426757 0.6810394617847354 0.6807076110267951 0.6802844089261159 0.6797635501730778 0.6792426914200397 0.6787218326670006 0.6782009739139625 0.6776801151609244 0.6771592564078862 0.6766383976548481 0.6761175389018099 0.6755966801487718 -9999.0 -9999.0 -9999.0 0.6735132451366194 0.6729923863835812 -9999.0 -9999.0 -9999.0 -9999.0 -9999.0 -9999.0 -9999.0 -9999.0 -9999.0 -9999.0 -9999.0 -9999.0 -9999.0
0.6796586946681142 0.6793336595905773 0.6790086245130404 0.6786835894355036 0.6783585543579665 0.6780335192804297 0.6777084842028922 0.6773834491253553 0.6770584140478183 0.6767333789702814 0.6764083438927445 0.6760833088152076 0.6757582737376707 0.6754332386601337 0.6751082035825968 0.6747831685050599 0.6743732704733916 0.6738726520235959 0.6733720335738003 0.6728714151240037 0.6723707966742081 0.6718701782244124 0.6713695597746168 0.6708689413248211 0.6703683228750253 0.6698677044252297 -9999.0 -9999.0 0.6683658490758427 0.6678652306260471 0.6673646121762514 -9999.0 -9999.0 -9999.0 -9999.0 -9999.0 -9999.0 -9999.0 -9999.0 -9999.0 -9999.0 -9999.0 -9999.0 -9999.0
0.673632016940323 0.6733137975431895 0.672995578146056 0.6726773587489224 0.6723591393517889 0.6720409199546554 0.6717227005575214 0.6714044811603879 0.6710862617632544 0.6707680423661208 0.6704498229689873 0.6701316035718538 0.6698133841747202 0.6694951647775866 0.6691769453804531 0.6688587259833196 0.6684621320206622 0.667981753874109 0.6675013757275557 0.6670209975810018 0.6665406194344486 0.6660602412878954 0.6655798631413422 0.6650994849947891 0.6646191068482359 0.6641387287016827 0.6636583505551296 0.6631779724085763 0.6626975942620232 0.66221721611547 -9999.0 -9999.0 -9999.0 -9999.0 -9999.0 -9999.0 -9999.0 -9999.0 -9999.0 -9999.0 -9999.0 -9999.0 -9999.0 -9999.0
0.6676053392125371 0.667293935495807 0.6669825317790767 0.6666711280623466 0.6663597243456165 0.6660483206288864 0.6657369169121558 0.6654255131954255 0.6651141094786954 0.6648027057619653 0.6644913020452352 0.664179898328505 0.6638684946117749 0.6635570908950448 0.6632456871783146 0.6629342834615845 0.6625509935679378 0.6620908557246271 0.6616307178813164 0.6611705800380049 0.6607104421946942 0.6602503043513834 0.6597901665080728 0.6593300286647621 0.6588698908214513 0.6584097529781406 0.6579496151348299 0.6574894772915192 0.6570293394482085 0.6565692016048977 -9999.0 -9999.0 -9999.0 -9999.0 -9999.0 -9999.0 -9999.0 -9999.0 -9999.0 -9999.0 -9999.0 -9999.0 -9999.0 -9999.0
0.661578661484751 0.6612740734484243 0.6609694854120974 0.6606648973757707 0.660360309339444 0.6600557213031172 0.6597511332667899 0.6594465452304632 0.6591419571941365 0.6588373691578097 0.658532781121483 0.6582281930851562 0.6579236050488294 0.6576190170125027 0.657314428976176 0.6570098409398492 0.6566398551152134 0.6561999575751452 0.6557600600350769 0.6553201624950079 0.6548802649549397 0.6544403674148714 0.6540004698748032 0.653560572334735 0.6531206747946666 0.6526807772545984 0.6522408797145302 0.6518009821744619 0.6513610846343937 0.6509211870943254 -9999.0 -9999.0 -9999.0 -9999.0 -9999.0 -9999.0 -9999.0 -9999.0 -9999.0 -9999.0 -9999.0 -9999.0 -9999.0 -9999.0
0.655551983756965 0.6552542114010417 0.6549564390451182 0.6546586666891949 0.6543608943332715 0.6540631219773482 0.6537653496214243 0.653467577265501 0.6531698049095775 0.6528720325536542 0.6525742601977308 0.6522764878418075 0.6519787154858842 0.6516809431299607 0.6513831707740374 0.651085398418114 0.6507287166624891 0.6503090594256633 0.6498894021888375 0.649469744952011 0.6490500877151852 0.6486304304783594 0.6482107732415336 0.6477911160047078 0.647371458767882 0.6469518015310564 0.6465321442942306 0.6461124870574048 0.645692829820579 -9999.0 -9999.0 -9999.0 -9999.0 -9999.0 -9999.0 -9999.0 -9999.0 -9999.0 -9999.0 -9999.0 -9999.0 -9999.0 -9999.0 -9999.0
0.649525306029179 0.649234349353659 0.648943392678139 0.6486524360026191 0.6483614793270991 0.6480705226515792 0.6477795659760587 0.6474886093005386 0.6471976526250187 0.6469066959494987 0.6466157392739788 0.6463247825984587 0.6460338259229388 0.6457428692474187 0.6454519125718988 0.6451609558963789 0.6448175782097648 0.6444181612761815 0.6440187443425981 0.6436193274090142 0.6432199104754308 0.6428204935418474 0.6424210766082642 0.6420216596746808 0.6416222427410975 0.6412228258075142 0.6408234088739309 0.6404239919403476 0.6400245750067642 -9999.0 -9999.0 -9999.0 -9999.0 -9999.0 -9999.0 -9999.0 -9999.0 -9999.0 -9999.0 -9999.0 -9999.0 -9999.0 -9999.0 -9999.0
0.6434986283013929 0.6432144873062763 0.6429303463111598 0.6426462053160431 0.6423620643209266 0.6420779233258099 0.6417937823306928 0.6415096413355763 0.6412255003404597 0.6409413593453431 0.6406572183502265 0.64037307735511 0.6400889363599933 0.6398047953648768 0.6395206543697601 0.6392365133746436 0.6389064397570403 0.6385272631266995 0.6381480864963587 0.6377689098660171 0.6373897332356763 0.6370105566053355 0.6366313799749945 0.6362522033446537 0.6358730267143129 0.635493850083972 0.6351146734536312 0.6347354968232903 0.6343563201929494 -9999.0 -9999.0 -9999.0 -9999.0 -9999.0 -9999.0 -9999.0 -9999.0 -9999.0 -9999.0 -9999.0 -9999.0 -9999.0 -9999.0 -9999.0
0.6374719505736017 0.6371946252588886 0.6369172999441753 0.6366399746294622 0.636362649314749 0.6360853240000358 0.6358079986853221 0.6355306733706089 0.6352533480558957 0.6349760227411825 0.6346986974264692 0.6344213721117561 0.6341440467970428 0.6338667214823297 0.6335893961676164 0.6333120708529033 0.6329953013043109 0.6326363649772125 0.6322774286501142 0.6319184923230152 0.6315595559959168 0.6312006196688185 0.6308416833417201 0.6304827470146217 0.6301238106875233 0.6297648743604249 0.6294059380333266 0.6290470017062282 0.6286880653791299 0.6283291290520315 -9999.0 -9999.0 0.6272523200707357 0.6268933837436373 -9999.0 -9999.0 -9999.0 -9999.0 -9999.0 -9999.0 -9999.0 -9999.0 -9999.0 -9999.0
0.6314452728458158 0.631174763211506 0.6309042535771962 0.6306337439428863 0.6303632343085765 0.6300927246742667 0.6298222150399564 0.6295517054056466 0.6292811957713368 0.629010686137027 0.6287401765027172 0.6284696668684073 0.6281991572340976 0.6279286475997877 0.6276581379654779 0.6273876283311681 0.6270841628515866 0.6267454668277307 0.6264067708038747 0.6260680747800184 0.6257293787561624 0.6253906827323065 0.6250519867084506 0.6247132906845947 0.6243745946607387 0.6240358986368829 0.623697202613027 0.623358506589171 0.6230198105653152 0.6226811145414592 0.6223424185176033 0.6220037224937475 0.621665026469891 0.621326330446035 0.6209876344221791 -9999.0 -9999.0 -9999.0 -9999.0 -9999.0 -9999.0 -9999.0 -9999.0 -9999.0
0.6254185951180298 0.6251549011641233 0.6248912072102168 0.6246275132563105 0.624363819302404 0.6241001253484976 0.6238364313945908 0.6235727374406843 0.6233090434867778 0.6230453495328715 0.622781655578965 0.6225179616250587 0.6222542676711522 0.6219905737172458 0.6217268797633394 0.6214631858094329 0.6211730243988622 0.6208545686782488 0.6205361129576354 0.6202176572370214 0.619899201516408 0.6195807457957946 0.6192622900751811 0.6189438343545677 0.6186253786339542 0.6183069229133408 0.6179884671927273 0.6176700114721139 0.6173515557515005 0.617033100030887 0.6167146443102736 0.61639618858966 0.6160777328690461 0.6157592771484327 0.6154408214278192 -9999.0 -9999.0 -9999.0 -9999.0 -9999.0 -9999.0 -9999.0 -9999.0 -9999.0
0.620897953756867 0.6206337487024881 0.6203695436481093 0.6201053385937304 0.6198411335393516 0.6195769284849727 0.6193127234305934 0.6190485183762146 0.6187843133218357 0.6185201082674568 0.618255903213078 0.6179916981586991 0.6177274931043203 0.6174632880499414 0.6171990829955626 0.6169348779411837 0.6166482869789085 0.6163377649745747 0.616027242970241 0.6157167209659068 0.615406198961573 0.6150956769572393 0.6147851549529055 0.6144746329485719 0.6141641109442382 0.6138535889399044 0.6135430669355707 0.6132325449312369 0.6129220229269032 0.6126115009225694 0.6123009789182358 0.6119904569139021 0.6116799349095677 0.611369412905234 0.6110588909009004 -9999.0 -9999.0 -9999.0 -9999.0 -9999.0 -9999.0 -9999.0 -9999.0 -9999.0
0.6179871703186828 0.6177146222970159 0.617442074275349 0.6171695262536822 0.6168969782320153 0.6166244302103484 0.6163518821886811 0.6160793341670142 0.6158067861453473 0.6155342381236805 0.6152616901020136 0.6149891420803467 0.6147165940586798 0.614444046037013 0.6141714980153461 0.6138989499936792 0.6136055248528421 0.6132897815992335 0.612974038345625 0.612658295092016 0.6123425518384074 0.6120268085847989 0.6117110653311902 0.6113953220775817 0.6110795788239731 0.6107638355703646 0.610448092316756 0.6101323490631475 0.6098166058095389 0.6095008625559304 0.6091851193023218 0.6088693760487133 0.6085536327951042 0.6082378895414956 0.6079221462878871 0.6076064030342785 -9999.0 -9999.0 -9999.0 -9999.0 -9999.0 -9999.0 -9999.0 -9999.0
0.6150763868804985 0.6147954958915436 0.6145146049025888 0.6142337139136339 0.613952822924679 0.6136719319357241 0.6133910409467687 0.6131101499578138 0.6128292589688589 0.612548367979904 0.6122674769909491 0.6119865860019943 0.6117056950130394 0.6114248040240845 0.6111439130351296 0.6108630220461747 0.6105627627267757 0.6102417982238922 0.6099208337210089 0.609599869218125 0.6092789047152416 0.6089579402123583 0.6086369757094748 0.6083160112065915 0.6079950467037081 0.6076740822008248 0.6073531176979414 0.607032153195058 0.6067111886921747 0.6063902241892912 0.6060692596864079 0.6057482951835245 0.6054273306806406 0.6051063661777571 0.6047854016748738 0.6044644371719905 -9999.0 -9999.0 -9999.0 -9999.0 -9999.0 -9999.0 -9999.0 -9999.0
0.6121656034423144 0.6118763694860715 0.6115871355298286 0.6112979015735857 0.6110086676173427 0.6107194336610998 0.6104301997048563 0.6101409657486135 0.6098517317923706 0.6095624978361277 0.6092732638798848 0.6089840299236419 0.608694795967399 0.608405562011156 0.6081163280549131 0.6078270940986702 0.6075200006007093 0.6071938148485512 0.6068676290963929 0.6065414433442342 0.606215257592076 0.6058890718399178 0.6055628860877595 0.6052367003356014 0.6049105145834431 0.604584328831285 0.6042581430791267 0.6039319573269686 0.6036057715748104 0.6032795858226522 0.602953400070494 0.6026272143183358 0.6023010285661771 0.6019748428140188 -9999.0 -9999.0 -9999.0 -9999.0 -9999.0 -9999.0 0.5996915425489114 -9999.0 0.599039171044595 -9999.0
0.6092548200041277 0.6089572430805967 0.6086596661570658 0.6083620892335349 0.6080645123100039 0.607766935386473 0.6074693584629415 0.6071717815394105 0.6068742046158796 0.6065766276923487 0.6062790507688177 0.6059814738452868 0.6056838969217558 0.6053863199982249 0.605088743074694 0.604791166151163 0.6044772384746403 0.6041458314732073 0.6038144244717742 0.6034830174703407 0.6031516104689076 0.6028202034674747 0.6024887964660416 0.6021573894646086 0.6018259824631755 0.6014945754617425 0.6011631684603095 0.6008317614588764 0.6005003544574434 0.6001689474560103 0.5998375404545774 0.5995061334531443 0.5991747264517108 0.5988433194502777 -9999.0 -9999.0 -9999.0 -9999.0 -9999.0 0.5968548774416795 0.5965234704402466 0.5961920634388135 0.5958606564373805 -9999.0
0.6063440365659435 0.6060381166751245 0.6057321967843056 0.6054262768934866 0.6051203570026676 0.6048144371118487 0.6045085172210292 0.6042025973302102 0.6038966774393912 0.6035907575485723 0.6032848376577533 0.6029789177669344 0.6026729978761154 0.6023670779852964 0.6020611580944775 0.6017552382036585 0.6014344763485739 0.6010978480978661 0.6007612198471582 0.6004245915964498 0.600087963345742 0.5997513350950341 0.5994147068443263 0.5990780785936184 0.5987414503429106 0.5984048220922027 0.5980681938414949 0.597731565590787 0.5973949373400791 0.5970583090893713 0.5967216808386634 0.5963850525879556 0.5960484243372471 0.5957117960865393 0.5953751678358314 -9999.0 -9999.0 -9999.0 -9999.0 0.5936920265822921 0.5933553983315843 0.5930187700808764 0.5926821418301687 -9999.0
0.6034332531277593 0.6031189902696523 0.6028047274115453 0.6024904645534384 0.6021762016953314 0.6018619388372244 0.6015476759791168 0.6012334131210099 0.6009191502629029 0.6006048874047959 0.6002906245466889 0.5999763616885819 0.5996620988304749 0.599347835972368 0.599033573114261 0.598719310256154 0.5983917142225075 0.5980498647225249 0.5977080152225421 0.597366165722559 0.5970243162225762 0.5966824667225935 0.5963406172226109 0.5959987677226282 0.5956569182226455 0.5953150687226628 0.5949732192226802 0.5946313697226975 0.5942895202227149 0.5939476707227321 0.5936058212227495 0.5932639717227668 0.5929221222227835 0.5925802727228009 0.5922384232228182 0.5918965737228356 -9999.0 -9999.0 -9999.0 0.5905291757229049 0.5901873262229221 0.5898454767229395 0.5895036272229568 0.5891617777229742
