Figures/CREST_Example_wjb_NSE/PETs/wjb.pet.20100210.asc
ncols            288
nrows            254
xllcorner        113.274861
yllcorner        31.4918055
cellsize         0.008333333333
NODATA_value     -9999
[rows 19 to 37 of 254, columns 88 to 131 of 288]
0.5427535266448839 0.5399451608171487 0.5371367949894137 0.5343284291616738 0.5315200633339386 0.5287116975062036 0.5259033316784685 0.5230949658507335 0.5202866000229983 0.5174782341952633 0.5146698683675281 0.511861502539793 0.509053136712058 0.5062447708843228 0.5066457334592489 0.5104775406633777 0.514309347867513 0.5181411550716419 0.5219729622757707 0.5258047694798995 0.5296365766840284 0.5334683838881572 0.5373001910922861 0.5411319982964149 0.5449638055005437 0.5487956127046725 0.5526274199088014 0.5564592271129302 0.5602910343170591 0.5641228415211944 0.5679546487253232 0.571786455929452 0.5756182631335809 -9999.0 -9999.0 -9999.0 -9999.0 -9999.0 -9999.0 -9999.0 -9999.0 -9999.0 -9999.0 -9999.0
0.5450886452087143 0.5418373714913223 0.5385860977739303 0.5353348240565328 0.5320835503391408 0.5288322766217488 0.5255810029043568 0.5223297291869649 0.5190784554695729 0.5158271817521809 0.5125759080347889 0.5093246343173969 0.506073360600005 0.502822086882613 0.5030638460251708 0.5070397362766706 0.5110156265281771 0.5149915167796769 0.5189674070311767 0.5229432972826765 0.5269191875341762 0.530895077785676 0.5348709680371758 0.5388468582886756 0.5428227485401753 0.5467986387916751 0.5507745290431749 0.5547504192946747 0.5587263095461745 0.562702199797681 0.5666780900491808 0.5706539803006806 0.5746298705521804 -9999.0 -9999.0 -9999.0 -9999.0 -9999.0 -9999.0 -9999.0 -9999.0 -9999.0 -9999.0 -9999.0
0.5474237637725428 0.5437295821654943 0.5400354005584458 0.536341218951391 0.5326470373443425 0.528952855737294 0.5252586741302454 0.5215644925231969 0.5178703109161484 0.5141761293091 0.5104819477020515 0.506787766095003 0.5030935844879545 0.49939940288090595 0.49948195859109573 0.5036019318899664 0.507721905188844 0.5118418784877146 0.5159618517865852 0.5200818250854558 0.5242017983843263 0.528321771683197 0.5324417449820676 0.5365617182809382 0.5406816915798088 0.5448016648786794 0.54892163817755 0.5530416114764206 0.5571615847752912 0.5612815580741689 0.5654015313730395 0.5695215046719101 0.5736414779707807 -9999.0 -9999.0 -9999.0 -9999.0 -9999.0 -9999.0 -9999.0 -9999.0 -9999.0 -9999.0 -9999.0
0.5497588823363712 0.5456217928396662 0.5414847033429612 0.5373476138462491 0.5332105243495441 0.5290734348528391 0.524936345356134 0.520799255859429 0.516662166362724 0.512525076866019 0.508387987369314 0.504250897872609 0.5001138083759039 0.4959767188791989 0.49590007115702067 0.5001641275032621 0.5044281838495108 0.5086922401957522 0.5129562965419937 0.5172203528882351 0.5214844092344766 0.525748465580718 0.5300125219269595 0.5342765782732009 0.5385406346194423 0.5428046909656837 0.5470687473119252 0.5513328036581666 0.5555968600044081 0.5598609163506567 0.5641249726968982 0.5683890290431396 0.5726530853893811 0.5769171417356225 0.581181198081864 0.5854452544281054 -9999.0 0.5939733671205882 -9999.0 -9999.0 -9999.0 -9999.0 -9999.0 -9999.0
0.5520940009001996 0.547514003513838 0.5429340061274766 0.5383540087411072 0.5337740113547457 0.5291940139683842 0.5246140165820227 0.5200340191956612 0.5154540218092996 0.5108740244229381 0.5062940270365766 0.501714029650215 0.4971340322638535 0.49255403487749194 0.49231818372294567 0.4967263231165579 0.5011344625101777 0.50554260190379 0.5099507412974023 0.5143588806910144 0.5187670200846267 0.523175159478239 0.5275832988718513 0.5319914382654636 0.5363995776590758 0.540807717052688 0.5452158564463003 0.5496239958399126 0.5540321352335249 0.5584402746271446 0.5628484140207569 0.5672565534143692 0.5716646928079814 0.5760728322015937 0.580480971595206 0.5848891109888182 0.5892972503824305 0.5937053897760427 0.598113529169655 -9999.0 -9999.0 -9999.0 -9999.0 -9999.0
0.5544291194640281 0.5494062141880101 0.544383308911992 0.5393604036359654 0.5343374983599474 0.5293145930839294 0.5242916878079112 0.5192687825318932 0.5142458772558752 0.5092229719798571 0.5042000667038391 0.4991771614278211 0.49415425615180303 0.48913135087578496 0.4887362962888706 0.49328851872985374 0.4978407411708446 0.5023929636118276 0.5069451860528108 0.5114974084937939 0.516049630934777 0.52060185337576 0.5251540758167431 0.5297062982577262 0.5342585206987093 0.5388107431396923 0.5433629655806754 0.5479151880216585 0.5524674104626417 0.5570196329036325 0.5615718553446156 0.5661240777855987 0.5706763002265818 0.5752285226675649 0.5797807451085479 0.584332967549531 0.5888851899905141 0.5934374124314972 0.5979896348724802 -9999.0 -9999.0 -9999.0 -9999.0 -9999.0
0.5567642380278566 0.551298424862182 0.5458326116965074 0.5403667985308236 0.534900985365149 0.5294351721994744 0.5239693590337998 0.5185035458681253 0.5130377327024507 0.5075719195367762 0.5021061063711016 0.4966402932054271 0.4911744800397525 0.485708666874078 0.48515440885479555 0.4898507143431495 0.4945470198315114 0.4992433253198653 0.5039396308082192 0.5086359362965732 0.5133322417849271 0.5180285472732811 0.5227248527616349 0.5274211582499888 0.5321174637383428 0.5368137692266967 0.5415100747150506 0.5462063802034045 0.5509026856917585 0.5555989911801203 0.5602952966684743 0.5649916021568282 0.5696879076451822 0.574384213133536 0.57908051862189 0.5837768241102439 0.5884731295985979 0.5931694350869517 0.5978657405753057 -9999.0 -9999.0 -9999.0 -9999.0 -9999.0
0.559099356591685 0.553190635536354 0.5472819144810228 0.5413731934256817 0.5354644723703507 0.5295557513150195 0.5236470302596885 0.5177383092043575 0.5118295881490263 0.5059208670936952 0.5000121460383642 0.49410342498303317 0.48819470392770203 0.482285982872371 0.48157252142072055 0.4864129099564453 0.4912532984921783 0.496093687027903 0.5009340755636278 0.5057744640993526 0.5106148526350773 0.515455241170802 0.5202956297065268 0.5251360182422515 0.5299764067779763 0.534816795313701 0.5396571838494257 0.5444975723851505 0.5493379609208753 0.5541783494566083 0.559018737992333 0.5638591265280577 0.5686995150637825 0.5735399035995072 0.578380292135232 0.5832206806709568 0.5880610692066814 0.5929014577424062 0.597741846278131 -9999.0 -9999.0 -9999.0 -9999.0 -9999.0
0.5614344751555155 0.5550828462105275 0.5487312172655395 0.5423795883205407 0.5360279593755528 0.5296763304305647 0.5233247014855769 0.5169730725405888 0.5106214435956009 0.5042698146506129 0.49791818570562496 0.491566556760637 0.485214927815649 0.47886329887066104 0.47799063398664243 0.4829751055697381 0.4879595771528423 0.492944048735938 0.49792852031903373 0.5029129919021295 0.5078974634852251 0.5128819350683208 0.5178664066514165 0.5228508782345122 0.5278353498176079 0.5328198214007036 0.5378042929837993 0.542788764566895 0.5477732361499907 0.5527577077330948 0.5577421793161905 0.5627266508992863 0.567711122482382 0.5726955940654777 0.5776800656485733 0.5826645372316691 0.5876490088147648 0.5926334803978605 0.5976179519809561 0.6026024235640519 0.6075868951471476 0.6125713667302433 -9999.0 -9999.0
0.562097016344802 0.5555801496063765 0.5490632828679509 0.5425464161295143 0.5360295493910887 0.5295126826526632 0.5229958159142376 0.516478949175812 0.5099620824373865 0.503445215698961 0.4969283489605354 0.49041148222210984 0.4838946154836843 0.4773777487452588 0.4764565184281132 0.48151714996935585 0.4865777815106071 0.49163841305184974 0.4966990445930924 0.501759676134335 0.5068203076755776 0.5118809392168202 0.5169415707580629 0.5220022022993055 0.5270628338405481 0.5321234653817908 0.5371840969230334 0.542244728464276 0.5473053600055187 0.5523659915467699 0.5574266230880125 0.5624872546292552 0.5675478861704978 0.5726085177117404 0.5776691492529831 0.5827297807942257 0.5877904123354682 0.592851043876711 0.5979116754179535 0.6029723069591961 0.6080329385004388 0.6130935700416814 0.6181542015829327 0.6232148331241752
0.5609716777909466 0.5545863850824779 0.5482010923740093 0.5418157996655297 0.5354305069570611 0.5290452142485924 0.5226599215401238 0.5162746288316551 0.5098893361231864 0.5035040434147178 0.4971187507062492 0.49073345799778056 0.4843481652893119 0.47796287258084325 0.47711134187509174 0.48217552787523 0.4872397138753769 0.49230389987551515 0.4973680858756534 0.5024322718757916 0.5074964578759299 0.5125606438760681 0.5176248298762064 0.5226890158763446 0.527753201876483 0.5328173878766213 0.5378815738767595 0.5429457598768977 0.548009945877036 0.5530741318771829 0.5581383178773212 0.5632025038774594 0.5682666898775977 0.5733308758777359 0.5783950618778742 0.5834592478780124 0.5885234338781506 0.593587619878289 0.5986518058784273 0.6037159918785655 0.6087801778787038 0.613844363878842 0.6189085498789889 0.6239727358791272
0.559846339237091 0.5535926205585793 0.5473389018800676 0.5410851832015452 0.5348314645230334 0.5285777458445217 0.5223240271660099 0.5160703084874982 0.5098165898089865 0.5035628711304747 0.497309152451963 0.4910554337734513 0.4848017150949395 0.47854799641642776 0.4777661653220703 0.4828339057811042 0.4879016462401467 0.4929693866991806 0.49803712715821447 0.5031048676172484 0.5081726080762823 0.5132403485353161 0.51830808899435 0.5233758294533839 0.5284435699124178 0.5335113103714517 0.5385790508304855 0.5436467912895194 0.5487145317485533 0.5537822722075959 0.5588500126666297 0.5639177531256636 0.5689854935846975 0.5740532340437314 0.5791209745027652 0.5841887149617991 0.589256455420833 0.594324195879867 0.5993919363389009 0.6044596767979347 0.6095274172569686 0.6145951577160025 0.619662898175045 0.624730638634079
0.5587210006832356 0.5525988560346807 0.5464767113861259 0.5403545667375607 0.5342324220890058 0.5281102774404509 0.521988132791896 0.5158659881433413 0.5097438434947864 0.5036216988462316 0.4974995541976768 0.4913774095491219 0.4852552649005671 0.47913312025201227 0.4784209887690488 0.48349228368697833 0.48856357860491645 0.49363487352284596 0.4987061684407755 0.503777463358705 0.5088487582766346 0.513920053194564 0.5189913481124936 0.524062643030423 0.5291339379483526 0.5342052328662821 0.5392765277842116 0.5443478227021411 0.5494191176200707 0.5544904125380088 0.5595617074559384 0.5646330023738678 0.5697042972917974 0.5747755922097268 0.5798468871276564 0.5849181820455859 0.5899894769635154 0.5950607718814449 0.6001320667993745 0.6052033617173039 0.6102746566352335 0.615345951553163 0.6204172464711011 0.6254885413890307
0.55759566212938 0.5516050915107822 0.5456145208921842 0.539623950273576 0.5336333796549781 0.5276428090363802 0.5216522384177823 0.5156616677991843 0.5096710971805865 0.5036805265619885 0.4976899559433905 0.49169938532479257 0.48570881470619465 0.47971824408759667 0.4790758122160273 0.4841506615928524 0.48922551096968625 0.49430036034651137 0.49937520972333654 0.5044500591001617 0.5095249084769868 0.514599757853812 0.5196746072306371 0.5247494566074623 0.5298243059842874 0.5348991553611125 0.5399740047379377 0.5450488541147629 0.550123703491588 0.5551985528684218 0.5602734022452469 0.5653482516220721 0.5704231009988973 0.5754979503757224 0.5805727997525475 0.5856476491293727 0.5907224985061978 0.595797347883023 0.6008721972598481 0.6059470466366732 0.6110218960134984 0.6160967453903236 0.6211715947671573 0.6262464441439826
0.5564703235755236 0.5506113269868828 0.5447523303982418 0.5388933338095909 0.53303433722095 0.5271753406323091 0.5213163440436681 0.5154573474550272 0.5095983508663864 0.5037393542777454 0.4978803576891045 0.4920213611004636 0.48616236451182265 0.48030336792318173 0.4797306356630064 0.48480903949872717 0.4898874433344566 0.4949658471701774 0.5000442510058982 0.505122654841619 0.5102010586773398 0.5152794625130606 0.5203578663487813 0.5254362701845021 0.5305146740202228 0.5355930778559436 0.5406714816916643 0.5457498855273851 0.5508282893631059 0.5559066931988353 0.5609850970345561 0.5660635008702769 0.5711419047059977 0.5762203085417185 0.5812987123774392 0.58637711621316 0.5914555200488808 0.5965339238846016 0.6016123277203224 0.6066907315560431 0.6117691353917639 0.6168475392274847 0.6219259430632141 0.6270043468989349
0.5553449850216682 0.5496175624629842 0.5438901399043001 0.5381627173456064 0.5324352947869223 0.5267078722282383 0.5209804496695543 0.5152530271108703 0.5095256045521863 0.5037981819935022 0.49807075943481827 0.49234333687613424 0.4866159143174502 0.4808884917587662 0.4803854591099849 0.4854674174046013 0.4905493756992264 0.4956313339938428 0.5007132922884592 0.5057952505830756 0.5108772088776921 0.5159591671723084 0.5210411254669248 0.5261230837615413 0.5312050420561576 0.536287000350774 0.5413689586453905 0.5464509169400068 0.5515328752346232 0.5566148335292483 0.5616967918238648 0.5667787501184811 0.5718607084130976 0.576942666707714 0.5820246250023303 0.5871065832969468 0.5921885415915632 0.5972704998861795 0.602352458180796 0.6074344164754124 0.6125163747700288 0.6175983330646452 0.6226802913592703 0.6277622496538867
0.5542196464678126 0.5486237979390856 0.5430279494103585 0.5374321008816217 0.5318362523528947 0.5262404038241676 0.5206445552954404 0.5150487067667133 0.5094528582379863 0.5038570097092592 0.498261161180532 0.4926653126518049 0.4870694641230778 0.48147361559435065 0.4810402825569634 0.48612579531047545 0.49121130806399615 0.4962968208175082 0.5013823335710202 0.5064678463245322 0.5115533590780443 0.5166388718315563 0.5217243845850684 0.5268098973385804 0.5318954100920925 0.5369809228456045 0.5420664355991165 0.5471519483526286 0.5522374611061406 0.5573229738596613 0.5624084866131733 0.5674939993666854 0.5725795121201974 0.5776650248737095 0.5827505376272215 0.5878360503807336 0.5929215631342456 0.5980070758877576 0.6030925886412697 0.6081781013947818 0.6132636141482938 0.6183491269018058 0.6234346396553265 0.6285201524088385
0.5530943079139572 0.5476300334151869 0.5421657589164167 0.5367014844176372 0.531237209918867 0.5257729354200968 0.5203086609213265 0.5148443864225564 0.5093801119237862 0.503915837425016 0.49845156292624576 0.4929872884274755 0.48752301392870534 0.48205873942993516 0.4816951060039419 0.4867841732163496 0.4918732404287659 0.4969623076411736 0.5020513748535813 0.507140442065989 0.5122295092783966 0.5173185764908043 0.5224076437032119 0.5274967109156196 0.5325857781280272 0.537674845340435 0.5427639125528426 0.5478529797652503 0.5529420469776579 0.5580311141900742 0.563120181402482 0.5682092486148896 0.5732983158272973 0.5783873830397049 0.5834764502521126 0.5885655174645202 0.5936545846769279 0.5987436518893356 0.6038327191017433 0.608921786314151 0.6140108535265586 0.6190999207389662 0.6241889879513827 0.6292780551637903
0.5519689693601018 0.5466362688912885 0.5413035684224751 0.5359708679536527 0.5306381674848394 0.5253054670160261 0.5199727665472128 0.5146400660783995 0.5093073656095862 0.5039746651407728 0.49864196467195954 0.49330926420314625 0.48797656373433296 0.48264386326551967 0.4823499294509205 0.48744255112222373 0.49253517279353576 0.497627794464839 0.5027204161361423 0.5078130378074456 0.5129056594787489 0.5179982811500522 0.5230909028213555 0.5281835244926588 0.5332761461639621 0.5383687678352653 0.5434613895065686 0.548554011177872 0.5536466328491753 0.5587392545204872 0.5638318761917905 0.5689244978630938 0.5740171195343972 0.5791097412057005 0.5842023628770037 0.589294984548307 0.5943876062196103 0.5994802278909136 0.6045728495622169 0.6096654712335202 0.6147580929048235 0.6198507145761267 0.6249433362474388 0.630035957918742
