Figures/CREST_Example_wjb_NSE/PETs/wjb.pet.20100510.asc
ncols            288
nrows            254
xllcorner        113.274861
yllcorner        31.4918055
cellsize         0.008333333333
NODATA_value     -9999
[rows 160 to 179 of 254, columns 176 to 219 of 288]
3.0188777905715583 3.0179954333142285 3.0171130760568987 3.016230718799569 3.0153483615422387 3.014466004284909 3.013583647027578 3.012701289770248 3.0118189325129183 3.010936575255588 3.0100542179982583 3.0091718607409286 3.008289503483599 3.007407146226269 3.0065247889689393 3.0056424317116095 3.004146322234765 3.001994097748129 2.9998418732614933 2.9976896487748537 2.9955374242882176 2.9933851998015815 2.9912329753149454 2.9890807508283093 2.9869285263416736 2.9847763018550375 2.9826240773684014 2.9804718528817653 2.9783196283951296 2.9761674039084935 2.9740151794218574 2.9718629549352213 2.9697107304485817 2.9675585059619456 2.96540628147531 2.963254056988674 2.9611018325020377 2.9589496080154016 2.956797383528766 2.95464515904213 2.9524929345554938 2.9503407100688577 2.9481884855822216 2.946036261095586
3.0109697226352754 3.0100775388833716 3.009185355131468 3.008293171379564 3.00740098762766 3.0065088038757564 3.0056166201238512 3.0047244363719474 3.0038322526200436 3.00294006886814 3.002047885116236 3.001155701364332 3.0002635176124284 2.9993713338605246 2.9984791501086208 2.9975869663567174 2.996067508015124 2.9938774789440554 2.9916874498729875 2.9894974208019156 2.9873073917308473 2.985117362659779 2.982927333588711 2.9807373045176426 2.9785472754465747 2.9763572463755064 2.974167217304438 2.97197718823337 2.9697871591623017 2.967597130091234 2.9654071010201655 2.963217071949097 2.961027042878025 2.9588370138069573 2.956646984735889 2.954456955664821 2.9522669265937527 2.9500768975226843 2.9478868684516164 2.945696839380548 2.94350681030948 2.941316781238412 2.9391267521673434 2.9369367230962755
3.0030616546989926 3.0021596444525147 3.0012576342060373 3.0003556239595595 2.9994536137130816 2.998551603466604 2.997649593220125 2.996747582973647 2.9958455727271693 2.9949435624806915 2.994041552234214 2.9931395419877362 2.9922375317412584 2.991335521494781 2.990433511248303 2.9895315010018253 2.9879886937954825 2.9857608601399823 2.9835330264844817 2.9813051928289775 2.9790773591734774 2.9768495255179768 2.9746216918624766 2.972393858206976 2.970166024551476 2.967938190895975 2.965710357240475 2.9634825235849744 2.9612546899294743 2.959026856273974 2.9567990226184735 2.9545711889629733 2.952343355307469 2.9501155216519686 2.9478876879964684 2.9456598543409678 2.9434320206854676 2.941204187029967 2.938976353374467 2.936748519718966 2.934520686063466 2.9322928524079654 2.9300650187524653 2.9278371850969647
2.995153586762703 2.9942417500216516 2.9933299132805997 2.9924180765395483 2.9915062397984964 2.990594403057445 2.9896825663163917 2.98877072957534 2.9878588928342884 2.9869470560932365 2.986035219352185 2.985123382611133 2.9842115458700817 2.98329970912903 2.9823878723879784 2.9814760356469265 2.9799098795758345 2.9776442413359017 2.9753786030959692 2.973112964856033 2.9708473266161 2.9685816883761675 2.966316050136235 2.9640504118963023 2.96178477365637 2.9595191354164374 2.9572534971765045 2.954987858936572 2.9527222206966393 2.950456582456707 2.9481909442167744 2.9459253059768415 2.943659667736905 2.9413940294969727 2.93912839125704 2.9368627530171074 2.9345971147771746 2.932331476537242 2.9300658382973097 2.927800200057377 2.9255345618174444 2.923268923577512 2.921003285337579 2.9187376470976467
2.98724551882642 2.9863238555907947 2.9854021923551692 2.9844805291195433 2.983558865883918 2.9826372026482924 2.981715539412665 2.9807938761770396 2.9798722129414137 2.978950549705788 2.9780288864701627 2.977107223234537 2.9761855599989113 2.975263896763286 2.97434223352766 2.9734205702920344 2.971831065356193 2.969527622531828 2.9672241797074634 2.9649207368830948 2.96261729405873 2.960313851234365 2.9580104084100003 2.9557069655856356 2.953403522761271 2.9511000799369063 2.948796637112541 2.9464931942881765 2.944189751463812 2.941886308639447 2.9395828658150824 2.9372794229907173 2.9349759801663486 2.932672537341984 2.9303690945176193 2.9280656516932546 2.9257622088688895 2.923458766044525 2.92115532322016 2.9188518803957955 2.916548437571431 2.9142449947470657 2.911941551922701 2.9096381090983363
2.979337450890138 2.9784059611599383 2.9774744714297388 2.9765429816995392 2.9756114919693393 2.9746800022391398 2.973748512508939 2.9728170227787394 2.97188553304854 2.97095404331834 2.9700225535881404 2.969091063857941 2.9681595741277413 2.967228084397542 2.9662965946673423 2.965365104937143 2.963752251136552 2.961411003727755 2.959069756318958 2.956728508910157 2.9543872615013598 2.952046014092563 2.949704766683766 2.947363519274969 2.945022271866172 2.942681024457375 2.940339777048578 2.9379985296397813 2.9356572822309843 2.9333160348221874 2.9309747874133905 2.928633540004593 2.926292292595792 2.9239510451869952 2.9216097977781983 2.9192685503694014 2.9169273029606044 2.9145860555518075 2.9122448081430106 2.9099035607342136 2.9075623133254167 2.9052210659166198 2.9028798185078224 2.9005385710990255
2.971429382953855 2.9704880667290814 2.969546750504308 2.9686054342795343 2.9676641180547607 2.966722801829987 2.9657814856052123 2.9648401693804387 2.963898853155665 2.9629575369308916 2.962016220706118 2.9610749044813445 2.9601335882565714 2.959192272031798 2.9582509558070242 2.9573096395822507 2.95567343691691 2.953294384923681 2.9509153329304523 2.948536280937219 2.94615722894399 2.9437781769507607 2.9413991249575315 2.9390200729643023 2.936641020971073 2.934261968977844 2.931882916984615 2.9295038649913856 2.9271248129981564 2.9247457610049272 2.9223667090116985 2.9199876570184693 2.917608605025236 2.915229553032007 2.9128505010387777 2.9104714490455486 2.9080923970523194 2.90571334505909 2.903334293065861 2.900955241072632 2.8985761890794026 2.8961971370861734 2.8938180850929442 2.8914390330997155
2.963521315017572 2.962570172298225 2.9616190295788773 2.9606678868595298 2.9597167441401826 2.958765601420835 2.957814458701486 2.9568633159821385 2.955912173262791 2.9549610305434437 2.954009887824096 2.9530587451047485 2.9521076023854014 2.9511564596660538 2.950205316946706 2.949254174227359 2.9475946226972694 2.945177766119608 2.9427609095419465 2.940344052964281 2.93792719638662 2.9355103398089586 2.933093483231297 2.9306766266536357 2.9282597700759747 2.9258429134983133 2.923426056920652 2.9210092003429904 2.9185923437653294 2.916175487187668 2.9137586306100065 2.911341774032345 2.9089249174546796 2.906508060877018 2.904091204299357 2.9016743477216957 2.8992574911440343 2.896840634566373 2.894423777988712 2.8920069214110504 2.889590064833389 2.8871732082557275 2.8847563516780665 2.882339495100405
2.9556132470812893 2.954652277867368 2.9536913086534464 2.9527303394395252 2.9517693702256036 2.9508084010116824 2.9498474317977594 2.948886462583838 2.9479254933699166 2.946964524155995 2.9460035549420738 2.945042585728152 2.944081616514231 2.9431206473003093 2.942159678086388 2.9411987088724665 2.9395158084776276 2.9370611473155344 2.9346064861534407 2.932151824991343 2.9296971638292497 2.927242502667156 2.9247878415050623 2.922333180342969 2.9198785191808754 2.917423858018782 2.9149691968566884 2.9125145356945947 2.9100598745325015 2.907605213370408 2.9051505522083145 2.902695891046221 2.900241229884123 2.8977865687220294 2.895331907559936 2.8928772463978425 2.890422585235749 2.8879679240736555 2.885513262911562 2.8830586017494686 2.880603940587375 2.878149279425281 2.875694618263188 2.8732399571010943
2.947705179145007 2.946734383436511 2.945763587728016 2.9447927920195207 2.9438219963110255 2.94285120060253 2.941880404894033 2.9409096091855376 2.9399388134770423 2.938968017768547 2.937997222060052 2.937026426351556 2.936055630643061 2.9350848349345657 2.9341140392260705 2.933143243517575 2.9314369942579868 2.9289445285114613 2.9264520627649353 2.9239595970184054 2.92146713127188 2.918974665525354 2.9164821997788284 2.9139897340323024 2.911497268285777 2.909004802539251 2.9065123367927255 2.9040198710461995 2.901527405299674 2.899034939553148 2.8965424738066226 2.894050008060097 2.891557542313567 2.889065076567041 2.8865726108205156 2.8840801450739897 2.881587679327464 2.8790952135809382 2.8766027478344127 2.8741102820878868 2.8716178163413613 2.8691253505948353 2.86663288484831 2.864140419101784
2.9397971112087173 2.938816489005648 2.937835866802579 2.9368552445995095 2.9358746223964403 2.9348940001933705 2.9339133779903 2.9329327557872307 2.9319521335841614 2.9309715113810917 2.9299908891780224 2.929010266974953 2.928029644771884 2.9270490225688146 2.9260684003657453 2.925087778162676 2.923358180038339 2.9208279097073806 2.918297639376423 2.9157673690454606 2.9132370987145024 2.9107068283835447 2.908176558052587 2.9056462877216287 2.903116017390671 2.9005857470597127 2.898055476728755 2.895525206397797 2.892994936066839 2.8904646657358812 2.8879343954049235 2.8854041250739653 2.882873854743003 2.8803435844120453 2.877813314081087 2.8752830437501293 2.8727527734191716 2.8702225030882134 2.8676922327572556 2.8651619624262974 2.8626316920953396 2.860101421764382 2.8575711514334237 2.855040881102466
2.9318890432724345 2.930898594574791 2.929908145877148 2.9289176971795046 2.9279272484818613 2.926936799784218 2.9259463510865733 2.92495590238893 2.9239654536912867 2.9229750049936434 2.921984556296 2.920994107598357 2.920003658900714 2.9190132102030706 2.9180227615054273 2.917032312807784 2.915279365818697 2.912711290903307 2.910143215987917 2.9075751410725226 2.905007066157132 2.902438991241742 2.899870916326352 2.897302841410962 2.8947347664955716 2.8921666915801816 2.8895986166647916 2.8870305417494015 2.884462466834011 2.881894391918621 2.879326317003231 2.876758242087841 2.8741901671724466 2.871622092257056 2.869054017341666 2.866485942426276 2.863917867510886 2.861349792595496 2.8587817176801056 2.8562136427647156 2.8536455678493255 2.8510774929339355 2.848509418018545 2.845941343103155
2.9239809753361516 2.9229807001439347 2.9219804249517174 2.9209801497595 2.919979874567283 2.918979599375066 2.917979324182847 2.9169790489906298 2.9159787737984124 2.9149784986061955 2.913978223413978 2.912977948221761 2.911977673029544 2.9109773978373266 2.9099771226451097 2.9089768474528923 2.907200551599056 2.904594672099234 2.9019887925994112 2.8993829130995845 2.8967770335997622 2.89417115409994 2.8915652746001177 2.8889593951002954 2.886353515600473 2.883747636100651 2.8811417566008286 2.8785358771010063 2.875929997601184 2.873324118101362 2.8707182386015395 2.868112359101717 2.86550647960189 2.862900600102068 2.8602947206022455 2.8576888411024233 2.855082961602601 2.8524770821027787 2.8498712026029565 2.847265323103134 2.844659443603312 2.8420535641034896 2.8394476846036674 2.8368418051038446
2.916072907399869 2.9150628057130774 2.9140527040262865 2.9130426023394955 2.912032500652704 2.911022398965913 2.9100122972791205 2.909002195592329 2.907992093905538 2.9069819922187468 2.905971890531956 2.9049617888451644 2.9039516871583735 2.9029415854715825 2.901931483784791 2.900921382098 2.8991217373794145 2.89647805329516 2.8938343692109054 2.8911906851266465 2.888547001042392 2.885903316958138 2.8832596328738833 2.880615948789629 2.8779722647053743 2.8753285806211197 2.872684896536865 2.8700412124526107 2.867397528368356 2.8647538442841016 2.8621101601998475 2.859466476115593 2.856822792031334 2.8541791079470795 2.851535423862825 2.8488917397785705 2.846248055694316 2.8436043716100614 2.840960687525807 2.8383170034415524 2.835673319357298 2.8330296352730437 2.830385951188789 2.8277422671045347
2.908164839463586 2.907144911282221 2.906124983100856 2.905105054919491 2.904085126738126 2.9030651985567606 2.902045270375394 2.901025342194029 2.900005414012664 2.898985485831299 2.897965557649934 2.8969456294685685 2.8959257012872035 2.8949057731058385 2.8938858449244735 2.8928659167431086 2.8910429231597736 2.888361434491087 2.8856799458224 2.882998457153709 2.880316968485022 2.8776354798163357 2.874953991147649 2.872272502478962 2.8695910138102754 2.8669095251415886 2.8642280364729023 2.8615465478042155 2.8588650591355287 2.856183570466842 2.8535020817981556 2.850820593129469 2.8481391044607776 2.8454576157920908 2.842776127123404 2.840094638454717 2.837413149786031 2.834731661117344 2.8320501724486573 2.8293686837799705 2.8266871951112837 2.8240057064425974 2.8213242177739106 2.818642729105224
2.9002567715273035 2.8992270168513645 2.8981972621754255 2.8971675074994865 2.8961377528235475 2.8951079981476084 2.8940782434716676 2.8930484887957286 2.8920187341197896 2.8909889794438506 2.889959224767911 2.888929470091972 2.887899715416033 2.886869960740094 2.885840206064155 2.884810451388216 2.882964108940132 2.8802448156870133 2.8775255224338943 2.874806229180771 2.8720869359276517 2.869367642674533 2.866648349421414 2.8639290561682955 2.8612097629151765 2.8584904696620574 2.855771176408939 2.85305188315582 2.850332589902701 2.847613296649582 2.844894003396463 2.8421747101433446 2.839455416890221 2.836736123637102 2.8340168303839834 2.8312975371308644 2.8285782438777454 2.8258589506246268 2.8231396573715077 2.820420364118389 2.81770107086527 2.814981777612151 2.8122624843590325 2.8095431911059134
2.892348703591014 2.891309122420501 2.890269541249988 2.889229960079475 2.888190378908962 2.887150797738449 2.8861112165679343 2.8850716353974213 2.8840320542269082 2.882992473056395 2.881952891885882 2.8809133107153695 2.8798737295448564 2.8788341483743434 2.8777945672038303 2.8767549860333173 2.874885294720484 2.8721281968829326 2.869371099045382 2.866614001207826 2.8638569033702748 2.861099805532724 2.8583427076951726 2.8555856098576218 2.8528285120200705 2.8500714141825196 2.8473143163449683 2.8445572185074175 2.841800120669866 2.8390430228323154 2.836285924994764 2.833528827157213 2.830771729319657 2.828014631482106 2.825257533644555 2.822500435807004 2.8197433379694528 2.816986240131902 2.8142291422943506 2.8114720444567998 2.8087149466192485 2.8059578487816976 2.8032007509441463 2.8004436531065955
2.884440635654731 2.8833912279896445 2.8823418203245574 2.8812924126594703 2.8802430049943837 2.8791935973292966 2.878144189664208 2.877094781999121 2.876045374334034 2.8749959666689473 2.87394655900386 2.8728971513387735 2.8718477436736864 2.8707983360085993 2.8697489283435127 2.8686995206784256 2.8668064805008426 2.8640115780788595 2.8612166756568764 2.858421773234888 2.855626870812905 2.852831968390922 2.8500370659689382 2.847242163546955 2.8444472611249716 2.8416523587029885 2.8388574562810054 2.836062553859022 2.8332676514370387 2.830472749015055 2.827677846593072 2.824882944171089 2.822088041749101 2.8192931393271174 2.8164982369051343 2.813703334483151 2.8109084320611677 2.8081135296391846 2.805318627217201 2.802523724795218 2.7997288223732344 2.7969339199512513 2.794139017529268 2.7913441151072846
2.881282480953755 2.8802280084446528 2.87917353593555 2.8781190634264475 2.8770645909173447 2.8760101184082423 2.8749556458991377 2.8739011733900353 2.8728467008809324 2.87179222837183 2.870737755862727 2.8696832833536243 2.868628810844522 2.867574338335419 2.8665198658263167 2.865465393317214 2.863552386973936 2.860721588536216 2.857890790098496 2.855059991660771 2.852229193223051 2.849398394785331 2.8465675963476107 2.843736797909891 2.8409059994721706 2.8380752010344508 2.8352444025967305 2.8324136041590107 2.8295828057212904 2.8267520072835706 2.8239212088458503 2.8210904104081305 2.8182596119704058 2.8154288135326855 2.8125980150949657 2.8097672166572454 2.8069364182195256 2.8041056197818053 2.8012748213440855 2.798444022906365 2.7956132244686454 2.792782426030925 2.7899516275932053 2.787120829155485
2.883201684100848 2.882147236652036 2.881092789203224 2.880038341754412 2.8789838943056 2.8779294468567884 2.8768749994079745 2.8758205519591624 2.8747661045103508 2.8737116570615386 2.872657209612727 2.871602762163915 2.870548314715103 2.869493867266291 2.868439419817479 2.8673849723686673 2.865455615751762 2.862590961437938 2.8597263071241144 2.8568616528102853 2.8539969984964615 2.8511323441826377 2.848267689868814 2.8454030355549897 2.842538381241166 2.839673726927342 2.8368090726135184 2.8339444182996942 2.8310797639858705 2.8282151096720467 2.8253504553582225 2.8224858010443987 2.81962114673057 2.8167564924167463 2.813891838102922 2.8110271837890983 2.8081625294752746 2.805297875161451 2.8024332208476266 2.799568566533803 2.796703912219979 2.7938392579061553 2.790974603592331 2.7881099492785073
