Figures/CREST_Example_wjb_NSE/PETs/wjb.pet.20090305.asc
ncols            288
nrows            254
xllcorner        113.274861
yllcorner        31.4918055
cellsize         0.008333333333
NODATA_value     -9999
[rows 160 to 179 of 254, columns 88 to 131 of 288]
1.6917394318362244 1.6898734830853295 1.6880075343344345 1.6861415855835364 1.6842756368326415 1.6824096880817465 1.6805437393308515 1.6786777905799566 1.6768118418290616 1.6749458930781667 1.6730799443272717 1.6712139955763767 1.6693480468254818 1.6674820980745868 1.6652639618208913 1.6626693291633208 1.660074696505746 1.6574800638481755 1.654885431190605 1.6522907985330344 1.6496961658754639 1.6471015332178935 1.644506900560323 1.6419122679027525 1.639317635245182 1.6367230025876114 1.634128369930041 1.6315337372724705 1.6289391046149 1.626344471957325 1.6237498392997547 1.6211552066421842 1.6185605739846136 1.615965941327043 1.6133713086694725 1.6107766760119022 1.6081820433543317 1.6055874106967611 1.6029927780391906 1.60039814538162 1.5978035127240497 1.5952088800664792 1.5926142474089042 1.5900196147513337
1.6934516279862826 1.6915681723027889 1.689684716619295 1.687801260935798 1.6859178052523043 1.6840343495688106 1.6821508938853167 1.680267438201823 1.678383982518329 1.6765005268348354 1.6746170711513417 1.6727336154678478 1.6708501597843541 1.6689667041008605 1.6667267601959235 1.6641057223216387 1.6614846844473494 1.6588636465730644 1.6562426086987796 1.6536215708244946 1.6510005329502098 1.6483794950759247 1.64575845720164 1.6431374193273551 1.64051638145307 1.6378953435787853 1.6352743057045003 1.6326532678302155 1.6300322299559307 1.6274111920816412 1.6247901542073564 1.6221691163330714 1.6195480784587866 1.6169270405845015 1.6143060027102167 1.6116849648359317 1.609063926961647 1.606442889087362 1.603821851213077 1.6012008133387923 1.5985797754645072 1.5959587375902224 1.593337699715933 1.5907166618416482
1.6951638241363405 1.6932628615202479 1.6913618989041554 1.6894609362880595 1.6875599736719669 1.6856590110558742 1.6837580484397818 1.6818570858236892 1.6799561232075966 1.678055160591504 1.6761541979754113 1.674253235359319 1.6723522727432263 1.6704513101271337 1.6681895585709556 1.6655421154799563 1.6628946723889526 1.6602472292979533 1.657599786206954 1.6549523431159547 1.6523049000249554 1.649657456933956 1.6470100138429566 1.6443625707519574 1.641715127660958 1.6390676845699588 1.6364202414789595 1.6337727983879602 1.631125355296961 1.6284779122059572 1.6258304691149579 1.6231830260239586 1.6205355829329593 1.61788813984196 1.6152406967509607 1.6125932536599614 1.6099458105689621 1.6072983674779628 1.6046509243869636 1.6020034812959643 1.599356038204965 1.5967085951139657 1.594061152022962 1.5914137089319627
1.6968760202864 1.6949575507377084 1.693039081189017 1.6911206116403223 1.689202142091631 1.6872836725429396 1.685365202994248 1.6834467334455567 1.6815282638968654 1.6796097943481738 1.6776913247994825 1.6757728552507911 1.6738543857020995 1.6719359161534082 1.669652356945989 1.6669785086382753 1.664304660330557 1.6616308120228434 1.6589569637151296 1.6562831154074158 1.6536092670997022 1.6509354187919885 1.6482615704842747 1.645587722176561 1.6429138738688474 1.6402400255611336 1.6375661772534198 1.6348923289457062 1.6322184806379925 1.6295446323302742 1.6268707840225605 1.6241969357148467 1.6215230874071331 1.6188492390994194 1.6161753907917056 1.6135015424839918 1.6108276941762782 1.6081538458685645 1.6054799975608507 1.6028061492531371 1.6001323009454234 1.5974584526377096 1.5947846043299914 1.5921107560222776
1.6985882164364579 1.6966522399551676 1.6947162634738773 1.6927802869925839 1.6908443105112936 1.6889083340300033 1.6869723575487132 1.685036381067423 1.6831004045861326 1.6811644281048423 1.6792284516235523 1.677292475142262 1.6753564986609717 1.6734205221796816 1.671115155321021 1.6684149017965928 1.66571464827216 1.663014394747732 1.660314141223304 1.657613887698876 1.6549136341744477 1.6522133806500197 1.6495131271255916 1.6468128736011636 1.6441126200767353 1.6414123665523073 1.6387121130278792 1.6360118595034512 1.633311605979023 1.6306113524545902 1.6279110989301622 1.6252108454057341 1.6225105918813059 1.6198103383568778 1.6171100848324498 1.6144098313080217 1.6117095777835935 1.6090093242591654 1.6063090707347374 1.6036088172103093 1.600908563685881 1.598208310161453 1.5955080566370203 1.5928078031125923
1.7003004125865158 1.6983469291726268 1.6963934457587377 1.6944399623448454 1.6924864789309562 1.6905329955170671 1.6885795121031781 1.6866260286892891 1.6846725452754001 1.682719061861511 1.6807655784476219 1.6788120950337329 1.6768586116198438 1.6749051282059548 1.672577953696053 1.6698512949549105 1.6671246362137635 1.664397977472621 1.6616713187314784 1.658944659990336 1.6562180012491934 1.6534913425080509 1.6507646837669083 1.648038025025766 1.6453113662846235 1.642584707543481 1.6398580488023384 1.637131390061196 1.6344047313200534 1.6316780725789062 1.6289514138377639 1.6262247550966213 1.6234980963554788 1.6207714376143363 1.6180447788731938 1.6153181201320512 1.6125914613909087 1.6098648026497662 1.6071381439086239 1.6044114851674813 1.6016848264263388 1.5989581676851963 1.596231508944049 1.5935048502029066
1.702012608736574 1.700041618390086 1.6980706280435982 1.696099637697107 1.694128647350619 1.6921576570041312 1.6901866666576433 1.6882156763111555 1.6862446859646676 1.6842736956181796 1.682302705271692 1.680331714925204 1.6783607245787162 1.6763897342322283 1.6740407520710854 1.6712876881132284 1.6685346241553667 1.66578156019751 1.663028496239653 1.660275432281796 1.6575223683239393 1.6547693043660823 1.6520162404082255 1.6492631764503685 1.6465101124925117 1.6437570485346547 1.6410039845767979 1.6382509206189408 1.635497856661084 1.6327447927032224 1.6299917287453654 1.6272386647875086 1.6244856008296518 1.6217325368717947 1.618979472913938 1.616226408956081 1.6134733449982241 1.6107202810403671 1.6079672170825103 1.6052141531246533 1.6024610891667965 1.5997080252089395 1.596954961251078 1.594201897293221
1.7037248048866318 1.7017363076075451 1.6997478103284585 1.6977593130493684 1.6957708157702818 1.693782318491195 1.6917938212121084 1.6898053239330217 1.687816826653935 1.6858283293748484 1.6838398320957617 1.681851334816675 1.6798628375375884 1.6778743402585017 1.6755035504461173 1.672724081271546 1.66994461209697 1.6671651429223986 1.6643856737478273 1.661606204573256 1.6588267353986847 1.6560472662241135 1.6532677970495422 1.650488327874971 1.6477088587003996 1.6449293895258283 1.642149920351257 1.6393704511766858 1.6365909820021145 1.6338115128275383 1.631032043652967 1.6282525744783958 1.6254731053038245 1.6226936361292532 1.619914166954682 1.6171346977801107 1.6143552286055394 1.6115757594309679 1.6087962902563966 1.6060168210818253 1.603237351907254 1.6004578827326827 1.5976784135581068 1.5948989443835355
1.7054370010366897 1.7034309968250043 1.7014249926133187 1.6994189884016297 1.6974129841899444 1.6954069799782587 1.6934009757665733 1.691394971554888 1.6893889673432023 1.687382963131517 1.6853769589198313 1.683370954708146 1.6813649504964603 1.679358946284775 1.6769663488211495 1.6741604744298637 1.6713546000385733 1.6685487256472875 1.6657428512560017 1.6629369768647162 1.6601311024734304 1.6573252280821447 1.6545193536908591 1.6517134792995734 1.6489076049082878 1.646101730517002 1.6432958561257163 1.6404899817344307 1.637684107343145 1.6348782329518545 1.6320723585605688 1.629266484169283 1.6264606097779974 1.6236547353867117 1.6208488609954261 1.6180429866041404 1.6152371122128546 1.612431237821569 1.6096253634302833 1.6068194890389975 1.604013614647712 1.6012077402564262 1.5984018658651358 1.59559599147385
1.7071491971867478 1.7051256860424635 1.7031021748981792 1.7010786637538915 1.6990551526096072 1.6970316414653228 1.6950081303210385 1.6929846191767541 1.6909611080324698 1.6889375968881857 1.6869140857439013 1.684890574599617 1.6828670634553327 1.6808435523110483 1.6784291471961816 1.6755968675881816 1.6727645879801767 1.6699323083721764 1.6671000287641764 1.6642677491561764 1.6614354695481763 1.658603189940176 1.655770910332176 1.652938630724176 1.6501063511161758 1.6472740715081757 1.6444417919001757 1.6416095122921757 1.6387772326841754 1.6359449530761705 1.6331126734681705 1.6302803938601704 1.6274481142521704 1.6246158346441701 1.62178355503617 1.61895127542817 1.6161189958201698 1.6132867162121698 1.6104544366041698 1.6076221569961697 1.6047898773881695 1.6019575977801694 1.5991253181721645 1.5962930385641645
1.7088613933368073 1.706820375259924 1.704779357183041 1.7027383391061544 1.7006973210292713 1.698656302952388 1.696615284875505 1.6945742667986219 1.6925332487217386 1.6904922306448555 1.6884512125679725 1.6864101944910892 1.6843691764142061 1.682328158337323 1.679891945571215 1.6770332607465004 1.674174575921781 1.6713158910970665 1.6684572062723522 1.6655985214476376 1.6627398366229231 1.6598811517982086 1.657022466973494 1.6541637821487796 1.651305097324065 1.6484464124993505 1.645587727674636 1.6427290428499215 1.639870358025207 1.6370116732004876 1.634152988375773 1.6312943035510585 1.628435618726344 1.6255769339016295 1.622718249076915 1.6198595642522005 1.617000879427486 1.6141421946027714 1.611283509778057 1.6084248249533424 1.6055661401286279 1.6027074553039133 1.599848770479194 1.5969900856544794
1.710573589486865 1.7085150644773832 1.7064565394679012 1.7043980144584157 1.7023394894489339 1.7002809644394519 1.6982224394299699 1.6961639144204879 1.694105389411006 1.692046864401524 1.689988339392042 1.68792981438256 1.6858712893730783 1.6838127643635963 1.681354743946247 1.678469653904818 1.6755845638633842 1.6726994738219554 1.6698143837805264 1.6669292937390976 1.6640442036976686 1.6611591136562398 1.6582740236148108 1.655388933573382 1.652503843531953 1.649618753490524 1.6467336634490952 1.6438485734076662 1.6409634833662374 1.6380783933248035 1.6351933032833745 1.6323082132419457 1.6294231232005167 1.626538033159088 1.623652943117659 1.6207678530762302 1.6178827630348012 1.6149976729933724 1.6121125829519434 1.6092274929105144 1.6063424028690856 1.6034573128276566 1.600572222786223 1.597687132744794
1.7122857856369231 1.7102097536948422 1.7081337217527615 1.7060576898106772 1.7039816578685965 1.7019056259265157 1.6998295939844348 1.697753562042354 1.6956775301002733 1.6936014981581926 1.6915254662161119 1.6894494342740312 1.6873734023319502 1.6852973703898695 1.682817542321279 1.6799060470631357 1.6769945518049876 1.674083056546844 1.6711715612887008 1.6682600660305575 1.6653485707724143 1.662437075514271 1.6595255802561277 1.6566140849979842 1.653702589739841 1.6507910944816977 1.6478795992235544 1.6449681039654112 1.6420566087072679 1.6391451134491195 1.6362336181909762 1.633322122932833 1.6304106276746897 1.6274991324165464 1.624587637158403 1.6216761419002597 1.6187646466421164 1.6158531513839731 1.6129416561258298 1.6100301608676866 1.607118665609543 1.6042071703513998 1.6012956750932517 1.5983841798351084
1.713997981786981 1.7119044429123016 1.709810904037622 1.7077173651629387 1.7056238262882593 1.7035302874135796 1.7014367485389001 1.6993432096642205 1.6972496707895408 1.6951561319148614 1.6930625930401817 1.6909690541655022 1.6888755152908226 1.686781976416143 1.6842803406963114 1.6813424402214536 1.678404539746591 1.6754666392717332 1.6725287387968755 1.6695908383220177 1.6666529378471602 1.6637150373723024 1.6607771368974447 1.657839236422587 1.6549013359477294 1.6519634354728716 1.6490255349980139 1.646087634523156 1.6431497340482986 1.6402118335734357 1.6372739330985782 1.6343360326237204 1.6313981321488626 1.6284602316740049 1.6255223311991474 1.6225844307242896 1.6196465302494318 1.616708629774574 1.6137707292997165 1.6108328288248588 1.607894928350001 1.6049570278751433 1.6020191274002806 1.5990812269254229
1.715710177937039 1.7135991321297606 1.7114880863224822 1.7093770405152002 1.7072659947079218 1.7051549489006435 1.703043903093365 1.7009328572860867 1.6988218114788083 1.69671076567153 1.6945997198642515 1.6924886740569731 1.6903776282496947 1.6882665824424163 1.6857431390713433 1.6827788333797713 1.6798145276881942 1.676850221996622 1.67388591630505 1.6709216106134779 1.6679573049219056 1.6649929992303336 1.6620286935387616 1.6590643878471893 1.6561000821556173 1.6531357764640453 1.650171470772473 1.647207165080901 1.6442428593893288 1.6412785536977517 1.6383142480061796 1.6353499423146076 1.6323856366230354 1.6294213309314634 1.6264570252398913 1.623492719548319 1.620528413856747 1.617564108165175 1.6145998024736028 1.6116354967820308 1.6086711910904588 1.6057068853988865 1.6027425797073094 1.5997782740157374
1.7174223740870969 1.7152938213472197 1.7131652686073426 1.7110367158674618 1.7089081631275844 1.7067796103877073 1.70465105764783 1.7025225049079529 1.7003939521680755 1.6982653994281984 1.6961368466883213 1.694008293948444 1.6918797412085669 1.6897511884686895 1.6872059374463755 1.684215226538089 1.6812245156297974 1.6782338047215108 1.6752430938132243 1.6722523829049378 1.6692616719966513 1.6662709610883648 1.6632802501800783 1.6602895392717918 1.6572988283635053 1.6543081174552188 1.6513174065469323 1.6483266956386458 1.6453359847303592 1.6423452738220679 1.6393545629137813 1.6363638520054948 1.6333731410972083 1.6303824301889218 1.6273917192806353 1.6244010083723488 1.6214102974640623 1.6184195865557758 1.6154288756474893 1.6124381647392028 1.6094474538309163 1.6064567429226297 1.6034660320143381 1.6004753211060516
1.7191345702371565 1.7169885105646805 1.7148424508922044 1.7126963912197246 1.7105503315472486 1.7084042718747725 1.7062582122022965 1.7041121525298204 1.7019660928573443 1.6998200331848683 1.6976739735123922 1.6955279138399162 1.6933818541674404 1.6912357944949643 1.6886687358214088 1.6856516196964078 1.6826345035714017 1.6796173874464009 1.6766002713213999 1.673583155196399 1.6705660390713981 1.6675489229463971 1.6645318068213963 1.6615146906963953 1.6584975745713944 1.6554804584463936 1.6524633423213926 1.6494462261963918 1.6464291100713908 1.6434119939463847 1.6403948778213837 1.637377761696383 1.634360645571382 1.6313435294463812 1.6283264133213802 1.6253092971963792 1.6222921810713784 1.6192750649463774 1.6162579488213764 1.6132408326963756 1.6102237165713746 1.6072066004463736 1.6041894843213678 1.6011723681963668
1.7208467663872145 1.7186831997821397 1.716519633177065 1.7143560665719864 1.7121924999669114 1.7100289333618366 1.7078653667567616 1.7057018001516868 1.703538233546612 1.701374666941537 1.6992111003364623 1.6970475337313875 1.6948839671263125 1.6927204005212377 1.690131534196441 1.6870880128547256 1.684044491513005 1.6810009701712898 1.6779574488295745 1.6749139274878593 1.6718704061461438 1.6688268848044285 1.6657833634627133 1.662739842120998 1.6596963207792825 1.6566527994375673 1.653609278095852 1.6505657567541367 1.6475222354124213 1.644478714070701 1.6414351927289854 1.6383916713872702 1.635348150045555 1.6323046287038396 1.6292611073621242 1.626217586020409 1.6231740646786936 1.6201305433369784 1.6170870219952629 1.6140435006535476 1.6109999793118324 1.607956457970117 1.6049129366283965 1.6018694152866813
1.7204170848527562 1.718264114887082 1.716111144921408 1.7139581749557302 1.711805204990056 1.7096522350243817 1.7074992650587075 1.7053462950930334 1.7031933251273592 1.701040355161685 1.698887385196011 1.6967344152303367 1.6945814452646626 1.6924284752989884 1.6898615569929953 1.6868521185513334 1.6838426801096664 1.6808332416680045 1.6778238032263426 1.6748143647846807 1.6718049263430188 1.668795487901357 1.665786049459695 1.662776611018033 1.6597671725763712 1.6567577341347093 1.6537482956930474 1.6507388572513855 1.6477294188097236 1.6447199803680566 1.6417105419263947 1.6387011034847327 1.6356916650430708 1.632682226601409 1.629672788159747 1.6266633497180851 1.6236539112764232 1.6206444728347613 1.6176350343930994 1.6146255959514375 1.6116161575097756 1.6086067190681137 1.6055972806264467 1.6025878421847848
1.7176978710821629 1.7155855387029093 1.7134732063236555 1.7113608739443982 1.7092485415651446 1.707136209185891 1.7050238768066373 1.7029115444273837 1.70079921204813 1.6986868796688763 1.6965745472896225 1.694462214910369 1.6923498825311154 1.6902375501518616 1.687739351917906 1.6848286543603852 1.6819179568028593 1.6790072592453384 1.6760965616878176 1.6731858641302966 1.6702751665727757 1.667364469015255 1.6644537714577339 1.661543073900213 1.6586323763426922 1.6557216787851712 1.6528109812276504 1.6499002836701295 1.6469895861126085 1.6440788885550828 1.6411681909975617 1.638257493440041 1.63534679588252 1.632436098324999 1.6295254007674782 1.6266147032099574 1.6237040056524363 1.6207933080949155 1.6178826105373947 1.6149719129798736 1.6120612154223528 1.609150517864832 1.606239820307306 1.6033291227497852
