Figures/CREST_Example_wjb_NSE/PETs/wjb.pet.20100318.asc
ncols            288
nrows            254
xllcorner        113.274861
yllcorner        31.4918055
cellsize         0.008333333333
NODATA_value     -9999
[rows 120 to 139 of 254, columns 176 to 219 of 288]
1.8713521973261382 1.8717905073331838 1.8722288173402293 1.8726671273472748 1.8731054373543203 1.8735437473613659 1.873982057368412 1.8744203673754576 1.8748586773825031 1.8752969873895486 1.8757352973965942 1.8761736074036397 1.8766119174106852 1.8770502274177308 1.8774885374247763 1.8779268474318218 1.8779189177430615 1.877433947722594 1.8769489777021269 1.8764640076816588 1.8759790376611913 1.8754940676407241 1.875009097620257 1.8745241275997895 1.8740391575793223 1.8735541875588548 1.8730692175383876 1.8725842475179202 1.872099277497453 1.8716143074769858 1.8711293374565183 1.8706443674360511 1.870159397415583 1.8696744273951156 1.8691894573746484 1.868704487354181 1.8682195173337137 1.8677345473132465 1.867249577292779 1.8667646072723119 1.8662796372518444 1.8657946672313772 1.8653096972109098 1.8648247271904426
1.8710400400476226 1.8714523411238382 1.8718646422000536 1.872276943276269 1.8726892443524843 1.8731015454286999 1.873513846504916 1.8739261475811313 1.874338448657347 1.8747507497335623 1.8751630508097776 1.875575351885993 1.8759876529622086 1.876399954038424 1.8768122551146393 1.8772245561908547 1.877198532312141 1.876703929138801 1.8762093259654609 1.87571472279212 1.87522011961878 1.87472551644544 1.8742309132721 1.8737363100987598 1.87324170692542 1.8727471037520798 1.8722525005787398 1.8717578974053997 1.8712632942320597 1.8707686910587196 1.8702740878853796 1.8697794847120395 1.8692848815386987 1.8687902783653587 1.8682956751920186 1.8678010720186786 1.8673064688453385 1.8668118656719985 1.8663172624986584 1.8658226593253184 1.8653280561519783 1.8648334529786383 1.8643388498052982 1.8638442466319582
1.870727882769107 1.8711141749144922 1.8715004670598776 1.871886759205263 1.8722730513506483 1.8726593434960337 1.8730456356414196 1.873431927786805 1.8738182199321902 1.8742045120775757 1.8745908042229609 1.8749770963683463 1.8753633885137315 1.875749680659117 1.8761359728045024 1.8765222649498876 1.8764781468812204 1.8759739105550075 1.8754696742287948 1.874965437902581 1.8744612015763684 1.8739569652501555 1.8734527289239429 1.87294849259773 1.8724442562715173 1.8719400199453045 1.8714357836190918 1.870931547292879 1.8704273109666663 1.8699230746404534 1.8694188383142407 1.8689146019880278 1.8684103656618143 1.8679061293356016 1.8674018930093887 1.866897656683176 1.8663934203569632 1.8658891840307505 1.8653849477045377 1.864880711378325 1.8643764750521121 1.8638722387258995 1.8633680023996866 1.862863766073474
1.8704157254905913 1.8707760087051466 1.8711362919197019 1.8714965751342572 1.8718568583488122 1.8722171415633675 1.8725774247779234 1.8729377079924787 1.873297991207034 1.8736582744215893 1.8740185576361443 1.8743788408506996 1.874739124065255 1.8750994072798102 1.8754596904943655 1.8758199737089207 1.8757577614502998 1.8752438919712144 1.8747300224921288 1.8742161530130426 1.873702283533957 1.8731884140548716 1.872674544575786 1.8721606750967004 1.871646805617615 1.8711329361385294 1.870619066659444 1.8701051971803584 1.869591327701273 1.8690774582221874 1.868563588743102 1.8680497192640164 1.86753584978493 1.8670219803058445 1.866508110826759 1.8659942413476736 1.865480371868588 1.8649665023895026 1.864452632910417 1.8639387634313316 1.863424893952246 1.8629110244731604 1.862397154994075 1.8618832855149894
1.8701035682120752 1.8704378424958004 1.8707721167795257 1.8711063910632508 1.871440665346976 1.871774939630701 1.8721092139144269 1.872443488198152 1.872777762481877 1.8731120367656022 1.8734463110493274 1.8737805853330525 1.8741148596167776 1.8744491339005027 1.874783408184228 1.8751176824679532 1.8750373760193788 1.8745138733874205 1.8739903707554624 1.8734668681235032 1.8729433654915448 1.8724198628595867 1.8718963602276284 1.87137285759567 1.870849354963712 1.8703258523317536 1.8698023496997953 1.8692788470678372 1.8687553444358789 1.8682318418039205 1.8677083391719624 1.8671848365400041 1.866661333908045 1.8661378312760868 1.8656143286441285 1.8650908260121701 1.864567323380212 1.8640438207482537 1.8635203181162954 1.8629968154843373 1.862473312852379 1.8619498102204208 1.8614263075884625 1.8609028049565042
1.8697914109335596 1.8700996762864546 1.8704079416393498 1.8707162069922447 1.87102447234514 1.8713327376980349 1.8716410030509305 1.8719492684038255 1.8722575337567207 1.8725657991096156 1.8728740644625106 1.8731823298154058 1.8734905951683007 1.873798860521196 1.874107125874091 1.8744153912269859 1.874316990588458 1.8737838548036272 1.8732507190187961 1.8727175832339642 1.8721844474491334 1.8716513116643023 1.8711181758794713 1.8705850400946404 1.8700519043098094 1.8695187685249783 1.8689856327401473 1.8684524969553165 1.8679193611704854 1.8673862253856544 1.8668530896008235 1.8663199538159925 1.8657868180311605 1.8652536822463297 1.8647205464614987 1.8641874106766676 1.8636542748918368 1.8631211391070057 1.8625880033221747 1.8620548675373438 1.8615217317525128 1.8609885959676817 1.860455460182851 1.8599223243980199
1.869479253655044 1.869761510077109 1.8700437664991738 1.8703260229212388 1.8706082793433039 1.870890535765369 1.8711727921874342 1.8714550486094992 1.8717373050315642 1.8720195614536292 1.8723018178756943 1.872584074297759 1.8728663307198241 1.8731485871418891 1.8734308435639542 1.873713099986019 1.8735966051575377 1.873053836219834 1.8725110672821301 1.8719682983444257 1.871425529406722 1.8708827604690181 1.8703399915313144 1.8697972225936108 1.869254453655907 1.8687116847182033 1.8681689157804995 1.867626146842796 1.8670833779050922 1.8665406089673884 1.8659978400296846 1.865455071091981 1.8649123021542764 1.8643695332165726 1.8638267642788688 1.8632839953411653 1.8627412264034615 1.8621984574657577 1.861655688528054 1.8611129195903504 1.8605701506526466 1.8600273817149429 1.859484612777239 1.8589418438395355
1.8691670963765283 1.8694233438677632 1.869679591358998 1.869935838850233 1.8701920863414678 1.8704483338327027 1.870704581323938 1.870960828815173 1.8712170763064078 1.8714733237976429 1.8717295712888777 1.8719858187801126 1.8722420662713475 1.8724983137625824 1.8727545612538172 1.873010808745052 1.872876219726617 1.8723238176360408 1.8717714155454643 1.871219013454887 1.8706666113643104 1.870114209273734 1.8695618071831575 1.8690094050925812 1.8684570030020047 1.8679046009114282 1.8673521988208517 1.8667997967302752 1.866247394639699 1.8656949925491224 1.865142590458546 1.8645901883679694 1.864037786277392 1.8634853841868155 1.8629329820962393 1.8623805800056628 1.8618281779150863 1.8612757758245098 1.8607233737339333 1.860170971643357 1.8596185695527805 1.859066167462204 1.8585137653716275 1.857961363281051
1.8688549390980125 1.8690851776584174 1.8693154162188221 1.8695456547792269 1.8697758933396318 1.8700061319000365 1.8702363704604417 1.8704666090208466 1.8706968475812513 1.870927086141656 1.871157324702061 1.8713875632624657 1.8716178018228706 1.8718480403832753 1.87207827894368 1.872308517504085 1.8721558342956965 1.8715937990522473 1.871031763808798 1.870469728565348 1.8699076933218988 1.8693456580784498 1.8687836228350005 1.8682215875915513 1.867659552348102 1.8670975171046529 1.8665354818612037 1.8659734466177547 1.8654114113743054 1.8648493761308562 1.864287340887407 1.8637253056439578 1.8631632704005077 1.8626012351570584 1.8620391999136094 1.8614771646701602 1.860915129426711 1.8603530941832618 1.8597910589398126 1.8592290236963633 1.8586669884529143 1.8581049532094651 1.857542917966016 1.8569808827225667
1.8685427818194968 1.8687470114490716 1.8689512410786464 1.869155470708221 1.8693597003377957 1.8695639299673705 1.8697681595969455 1.8699723892265203 1.870176618856095 1.8703808484856697 1.8705850781152444 1.8707893077448192 1.8709935373743938 1.8711977670039686 1.8714019966335433 1.8716062262631181 1.871435448864776 1.8708637804684543 1.8702921120721323 1.8697204436758093 1.8691487752794875 1.8685771068831656 1.8680054384868436 1.8674337700905217 1.8668621016941997 1.8662904332978778 1.8657187649015559 1.865147096505234 1.8645754281089122 1.8640037597125902 1.8634320913162683 1.8628604229199464 1.8622887545236235 1.8617170861273016 1.8611454177309796 1.8605737493346577 1.8600020809383357 1.8594304125420138 1.8588587441456919 1.85828707574937 1.8577154073530482 1.8571437389567262 1.8565720705604043 1.8560004021640824
1.8682306245409812 1.8684088452397258 1.8685870659384705 1.868765286637215 1.8689435073359597 1.8691217280347043 1.8692999487334492 1.8694781694321938 1.8696563901309384 1.869834610829683 1.8700128315284277 1.8701910522271723 1.870369272925917 1.8705474936246616 1.8707257143234062 1.8709039350221508 1.8707150634338554 1.8701337618846607 1.869552460335466 1.8689711587862705 1.8683898572370758 1.8678085556878812 1.8672272541386865 1.8666459525894918 1.8660646510402972 1.8654833494911025 1.8649020479419078 1.8643207463927134 1.8637394448435187 1.863158143294324 1.8625768417451294 1.8619955401959347 1.8614142386467392 1.8608329370975445 1.8602516355483498 1.8596703339991552 1.8590890324499605 1.8585077309007658 1.8579264293515712 1.8573451278023765 1.8567638262531818 1.8561825247039871 1.8556012231547927 1.855019921605598
1.8679184672624651 1.8680706790303796 1.8682228907982943 1.8683751025662088 1.8685273143341232 1.8686795261020377 1.8688317378699526 1.868983949637867 1.8691361614057815 1.8692883731736962 1.8694405849416107 1.8695927967095252 1.8697450084774396 1.8698972202453543 1.8700494320132688 1.8702016437811833 1.8699946780029342 1.8694037433008668 1.8688128085987994 1.8682218738967311 1.8676309391946637 1.8670400044925963 1.866449069790529 1.8658581350884615 1.8652672003863942 1.8646762656843268 1.8640853309822594 1.863494396280192 1.8629034615781246 1.8623125268760572 1.8617215921739898 1.8611306574719224 1.860539722769854 1.8599487880677865 1.8593578533657191 1.8587669186636517 1.8581759839615843 1.857585049259517 1.8569941145574496 1.8564031798553822 1.8558122451533148 1.8552213104512474 1.85463037574918 1.8540394410471128
1.8676063099839495 1.867732512821034 1.8678587156581183 1.8679849184952029 1.8681111213322872 1.8682373241693717 1.8683635270064565 1.8684897298435408 1.8686159326806253 1.8687421355177096 1.8688683383547942 1.8689945411918787 1.869120744028963 1.8692469468660475 1.8693731497031318 1.8694993525402164 1.8692742925720138 1.8686737247170737 1.8680731568621336 1.8674725890071924 1.8668720211522523 1.8662714532973121 1.865670885442372 1.865070317587432 1.8644697497324918 1.8638691818775517 1.8632686140226116 1.8626680461676715 1.8620674783127313 1.8614669104577912 1.860866342602851 1.860265774747911 1.8596652068929698 1.8590646390380297 1.8584640711830895 1.8578635033281494 1.8572629354732093 1.8566623676182692 1.856061799763329 1.855461231908389 1.8548606640534486 1.8542600961985085 1.8536595283435684 1.8530589604886283
1.8672941527054339 1.8673943466116882 1.8674945405179426 1.867594734424197 1.8676949283304514 1.8677951222367057 1.8678953161429601 1.8679955100492145 1.8680957039554689 1.8681958978617232 1.8682960917679776 1.868396285674232 1.8684964795804864 1.8685966734867407 1.8686968673929951 1.8687970612992495 1.8685539071410935 1.8679437061332804 1.8673335051254676 1.8667233041176536 1.8661131031098408 1.865502902102028 1.8648927010942151 1.8642825000864023 1.8636722990785894 1.8630620980707766 1.8624518970629638 1.861841696055151 1.8612314950473379 1.860621294039525 1.8600110930317122 1.8594008920238994 1.8587906910160854 1.8581804900082726 1.8575702890004597 1.856960087992647 1.856349886984834 1.8557396859770212 1.8551294849692084 1.8545192839613955 1.8539090829535825 1.8532988819457696 1.8526886809379568 1.852078479930144
1.8669819954269182 1.8670561804023424 1.8671303653777667 1.8672045503531909 1.867278735328615 1.8673529203040395 1.8674271052794638 1.8675012902548882 1.8675754752303124 1.8676496602057366 1.8677238451811609 1.8677980301565853 1.8678722151320095 1.8679464001074337 1.868020585082858 1.8680947700582824 1.8678335217101727 1.8672136875494871 1.8665938533888016 1.865974019228115 1.8653541850674293 1.8647343509067438 1.864114516746058 1.8634946825853724 1.8628748484246869 1.8622550142640013 1.8616351801033157 1.8610153459426302 1.8603955117819446 1.8597756776212588 1.8591558434605733 1.8585360092998877 1.857916175139201 1.8572963409785155 1.85667650681783 1.8560566726571444 1.8554368384964588 1.8548170043357732 1.8541971701750875 1.8535773360144019 1.8529575018537163 1.8523376676930308 1.8517178335323452 1.8510979993716596
1.8666698381484026 1.8667180141929967 1.866766190237591 1.866814366282185 1.8668625423267793 1.8669107183713733 1.8669588944159676 1.867007070460562 1.867055246505156 1.8671034225497503 1.8671515985943443 1.8671997746389386 1.8672479506835329 1.867296126728127 1.8673443027727212 1.8673924788173153 1.8671131362792524 1.8664836689656938 1.8658542016521356 1.8652247343385762 1.8645952670250179 1.8639657997114596 1.8633363323979013 1.8627068650843428 1.8620773977707845 1.8614479304572262 1.860818463143668 1.8601889958301097 1.8595595285165512 1.8589300612029929 1.8583005938894346 1.8576711265758763 1.857041659262317 1.8564121919487586 1.8557827246352 1.8551532573216418 1.8545237900080835 1.8538943226945253 1.853264855380967 1.8526353880674085 1.8520059207538502 1.851376453440292 1.8507469861267336 1.8501175188131753
1.8663576808698867 1.8663798479836509 1.866402015097415 1.8664241822111791 1.866446349324943 1.8664685164387071 1.8664906835524713 1.8665128506662354 1.8665350177799995 1.8665571848937637 1.8665793520075278 1.866601519121292 1.8666236862350558 1.86664585334882 1.866668020462584 1.8666901875763482 1.8663927508483316 1.8657536503819006 1.8651145499154695 1.8644754494490374 1.8638363489826062 1.8631972485161752 1.8625581480497442 1.8619190475833132 1.861279947116882 1.860640846650451 1.86000174618402 1.859362645717589 1.858723545251158 1.8580844447847267 1.8574453443182957 1.8568062438518647 1.8561671433854325 1.8555280429190013 1.8548889424525703 1.8542498419861393 1.8536107415197083 1.8529716410532773 1.852332540586846 1.851693440120415 1.851054339653984 1.850415239187553 1.8497761387211218 1.8491370382546908
1.8660455235913707 1.8660416817743049 1.8660378399572388 1.8660339981401728 1.8660301563231068 1.8660263145060407 1.8660224726889747 1.8660186308719087 1.8660147890548426 1.8660109472377766 1.8660071054207106 1.8660032636036445 1.8659994217865787 1.8659955799695127 1.8659917381524467 1.8659878963353806 1.8656723654174105 1.8650236317981066 1.8643748981788029 1.863726164559498 1.863077430940194 1.8624286973208903 1.8617799637015866 1.8611312300822827 1.860482496462979 1.8598337628436752 1.8591850292243712 1.8585362956050675 1.8578875619857638 1.85723882836646 1.856590094747156 1.8559413611278524 1.8552926275085475 1.8546438938892436 1.8539951602699398 1.853346426650636 1.8526976930313321 1.8520489594120284 1.8514002257927247 1.8507514921734207 1.850102758554117 1.8494540249348133 1.8488052913155093 1.8481565576962056
1.865733366312855 1.865703515564959 1.8656736648170629 1.865643814069167 1.8656139633212707 1.8655841125733748 1.8655542618254786 1.8655244110775824 1.8654945603296864 1.8654647095817902 1.8654348588338943 1.865405008085998 1.8653751573381019 1.865345306590206 1.8653154558423097 1.8652856050944138 1.86495197998649 1.8642936132143135 1.8636352464421369 1.8629768796699593 1.8623185128977828 1.8616601461256062 1.8610017793534297 1.860343412581253 1.8596850458090766 1.8590266790369 1.8583683122647234 1.857709945492547 1.8570515787203705 1.8563932119481938 1.8557348451760174 1.8550764784038407 1.8544181116316631 1.8537597448594867 1.85310137808731 1.8524430113151336 1.851784644542957 1.8511262777707804 1.850467910998604 1.8498095442264273 1.8491511774542508 1.8484928106820744 1.8478344439098977 1.8471760771377213
1.8654212090343394 1.8653653493556133 1.8653094896768871 1.865253629998161 1.8651977703194347 1.8651419106407086 1.8650860509619824 1.865030191283256 1.86497433160453 1.8649184719258038 1.8648626122470777 1.8648067525683514 1.8647508928896253 1.8646950332108991 1.864639173532173 1.8645833138534467 1.8642315945555696 1.8635635946305202 1.862895594705471 1.8622275947804205 1.8615595948553714 1.860891594930322 1.8602235950052728 1.8595555950802234 1.8588875951551742 1.858219595230125 1.8575515953050756 1.8568835953800265 1.856215595454977 1.8555475955299279 1.8548795956048785 1.8542115956798293 1.8535435957547788 1.8528755958297296 1.8522075959046804 1.851539595979631 1.8508715960545818 1.8502035961295324 1.8495355962044833 1.8488675962794339 1.8481995963543847 1.8475315964293355 1.846863596504286 1.846195596579237
