Figures/CREST_Example_wjb_NSE/PETs/wjb.pet.20090927.asc
ncols            288
nrows            254
xllcorner        113.274861
yllcorner        31.4918055
cellsize         0.008333333333
NODATA_value     -9999
[rows 100 to 119 of 254, columns 176 to 219 of 288]
1.6002292573795416 1.599557169143206 1.5988850809068702 1.5982129926705346 1.5975409044341988 1.596868816197863 1.5961967279615263 1.5955246397251905 1.5948525514888547 1.5941804632525192 1.5935083750161834 1.5928362867798478 1.592164198543512 1.5914921103071762 1.5908200220708406 1.5901479338345048 1.5900315138616994 1.5905091158354956 1.5909867178092918 1.5914643197830889 1.591941921756885 1.5924195237306813 1.5928971257044775 1.5933747276782737 1.5938523296520701 1.5943299316258663 1.5948075335996625 1.5952851355734587 1.595762737547255 1.5962403395210512 1.5967179414948476 1.5971955434686438 1.5976731454424407 1.598150747416237 1.5986283493900333 1.5991059513638295 1.5995835533376257 1.600061155311422 1.600538757285218 1.6010163592590145 1.6014939612328107 1.601971563206607 1.6024491651804031 1.6029267671541994
1.601195535425023 1.6004598349316523 1.5997241344382815 1.598988433944911 1.5982527334515404 1.5975170329581698 1.596781332464798 1.5960456319714273 1.5953099314780568 1.5945742309846862 1.5938385304913156 1.593102829997945 1.5923671295045745 1.591631429011204 1.5908957285178333 1.5901600280244625 1.5900139249405825 1.590498114828037 1.5909823047154916 1.591466494602947 1.5919506844904017 1.5924348743778562 1.5929190642653106 1.5934032541527652 1.5938874440402198 1.5943716339276743 1.594855823815129 1.5953400137025835 1.595824203590038 1.5963083934774926 1.5967925833649472 1.5972767732524018 1.5977609631398573 1.5982451530273118 1.5987293429147664 1.599213532802221 1.5996977226896756 1.6001819125771302 1.6006661024645847 1.601150292352039 1.6016344822394937 1.6021186721269483 1.6026028620144028 1.6030870519018574
1.6021618134705042 1.6013625007200987 1.6005631879696933 1.5997638752192878 1.5989645624688822 1.5981652497184768 1.59736593696807 1.5965666242176644 1.595767311467259 1.5949679987168535 1.5941686859664481 1.5933693732160426 1.5925700604656372 1.5917707477152316 1.590971434964826 1.5901721222144207 1.5899963360194658 1.5904871138205787 1.5909778916216917 1.5914686694228053 1.5919594472239182 1.5924502250250312 1.592941002826144 1.5934317806272569 1.5939225584283698 1.5944133362294828 1.5949041140305955 1.5953948918317085 1.5958856696328214 1.5963764474339344 1.596867225235047 1.59735800303616 1.5978487808372737 1.5983395586383866 1.5988303364394996 1.5993211142406125 1.5998118920417252 1.6003026698428382 1.6007934476439512 1.601284225445064 1.6017750032461768 1.6022657810472898 1.6027565588484027 1.6032473366495157
1.6031280915159853 1.602265166508545 1.6014022415011047 1.6005393164936643 1.599676391486224 1.5988134664787836 1.5979505414713417 1.5970876164639014 1.596224691456461 1.5953617664490207 1.5944988414415802 1.5936359164341398 1.5927729914266995 1.5919100664192591 1.5910471414118188 1.5901842164043785 1.5899787470983489 1.5904761128131202 1.5909734785278915 1.5914708442426635 1.5919682099574346 1.592465575672206 1.5929629413869772 1.5934603071017484 1.5939576728165197 1.5944550385312908 1.594952404246062 1.5954497699608332 1.5959471356756045 1.5964445013903756 1.596941867105147 1.597439232819918 1.5979365985346903 1.5984339642494614 1.5989313299642327 1.5994286956790038 1.5999260613937751 1.6004234271085462 1.6009207928233176 1.6014181585380889 1.60191552425286 1.6024128899676313 1.6029102556824024 1.6034076213971737
1.6040943695614667 1.6031678322969916 1.6022412950325162 1.601314757768041 1.6003882205035658 1.5994616832390904 1.5985351459746138 1.5976086087101384 1.596682071445663 1.595755534181188 1.5948289969167126 1.5939024596522375 1.5929759223877622 1.5920493851232869 1.5911228478588118 1.5901963105943364 1.5899611581772324 1.5904651118056619 1.5909690654340913 1.591473019062522 1.5919769726909514 1.5924809263193809 1.5929848799478104 1.59348883357624 1.5939927872046695 1.594496740833099 1.5950006944615287 1.5955046480899582 1.5960086017183877 1.5965125553468174 1.5970165089752468 1.5975204626036763 1.5980244162321067 1.5985283698605364 1.5990323234889658 1.5995362771173953 1.600040230745825 1.6005441843742545 1.601048138002684 1.6015520916311137 1.6020560452595431 1.6025599988879726 1.6030639525164023 1.6035679061448318
1.6050606476069489 1.6040704980854386 1.6030803485639284 1.6020901990424183 1.601100049520908 1.600109899999398 1.599119750477886 1.5981296009563757 1.5971394514348656 1.5961493019133555 1.5951591523918451 1.594169002870335 1.593178853348825 1.5921887038273146 1.5911985543058045 1.5902084047842941 1.5899435692561155 1.5904541107982033 1.5909646523402912 1.59147519388238 1.5919857354244678 1.5924962769665556 1.5930068185086437 1.5935173600507315 1.5940279015928194 1.5945384431349072 1.595048984676995 1.595559526219083 1.5960700677611708 1.5965806093032586 1.5970911508453467 1.5976016923874345 1.5981122339295233 1.5986227754716111 1.599133317013699 1.5996438585557868 1.6001544000978747 1.6006649416399625 1.6011754831820506 1.6016860247241385 1.6021965662662263 1.6027071078083142 1.603217649350402 1.6037281908924899
1.60602692565243 1.6049731638738851 1.60391940209534 1.602865640316795 1.6018118785382498 1.6007581167597047 1.5997043549811578 1.5986505932026127 1.5975968314240678 1.5965430696455227 1.5954893078669776 1.5944355460884325 1.5933817843098874 1.5923280225313423 1.5912742607527974 1.5902204989742523 1.5899259803349988 1.590443109790745 1.5909602392464912 1.5914773687022383 1.5919944981579845 1.5925116276137308 1.593028757069477 1.593545886525223 1.5940630159809692 1.5945801454367154 1.5950972748924617 1.595614404348208 1.5961315338039541 1.5966486632597003 1.5971657927154466 1.5976829221711928 1.59820005162694 1.598717181082686 1.5992343105384321 1.5997514399941783 1.6002685694499246 1.6007856989056708 1.601302828361417 1.6018199578171632 1.6023370872729095 1.6028542167286557 1.603371346184402 1.603888475640148
1.6069932036979113 1.6058758296623314 1.6047584556267513 1.6036410815911715 1.6025237075555916 1.6014063335200115 1.6002889594844296 1.5991715854488497 1.5980542114132699 1.5969368373776898 1.59581946334211 1.5947020893065298 1.59358471527095 1.59246734123537 1.59134996719979 1.59023259316421 1.5899083914138818 1.5904321087832864 1.590955826152691 1.5914795435220965 1.592003260891501 1.5925269782609055 1.59305069563031 1.5935744129997145 1.594098130369119 1.5946218477385237 1.595145565107928 1.5956692824773326 1.5961929998467372 1.5967167172161418 1.5972404345855462 1.5977641519549508 1.5982878693243563 1.5988115866937607 1.5993353040631653 1.5998590214325699 1.6003827388019745 1.6009064561713788 1.6014301735407834 1.601953890910188 1.6024776082795924 1.603001325648997 1.6035250430184016 1.6040487603878062
1.6079594817433926 1.6067784954507778 1.605597509158163 1.604416522865548 1.6032355365729334 1.6020545502803185 1.6008735639877016 1.5996925776950868 1.598511591402472 1.597330605109857 1.5961496188172422 1.5949686325246273 1.5937876462320126 1.5926066599393978 1.591425673646783 1.590244687354168 1.5898908024927654 1.5904211077758281 1.590951413058891 1.5914817183419547 1.5920120236250177 1.5925423289080805 1.5930726341911434 1.5936029394742062 1.5941332447572691 1.594663550040332 1.5951938553233949 1.5957241606064576 1.5962544658895204 1.5967847711725833 1.597315076455646 1.597845381738709 1.598375687021773 1.5989059923048357 1.5994362975878984 1.5999666028709614 1.6004969081540241 1.601027213437087 1.6015575187201498 1.6020878240032128 1.6026181292862756 1.6031484345693385 1.6036787398524013 1.6042090451354643
1.608925759788874 1.607681161239224 1.6064365626895745 1.6051919641399248 1.603947365590275 1.6027027670406253 1.6014581684909734 1.6002135699413236 1.598968971391674 1.5977243728420243 1.5964797742923744 1.5952351757427248 1.593990577193075 1.5927459786434253 1.5915013800937756 1.5902567815441258 1.5898732135716485 1.5904101067683696 1.5909469999650907 1.591483893161813 1.592020786358534 1.5925576795552552 1.5930945727519765 1.5936314659486976 1.5941683591454188 1.5947052523421401 1.5952421455388612 1.5957790387355824 1.5963159319323035 1.5968528251290248 1.597389718325746 1.597926611522467 1.5984635047191893 1.5990003979159104 1.5995372911126315 1.6000741843093529 1.600611077506074 1.6011479707027951 1.6016848638995165 1.6022217570962376 1.6027586502929587 1.6032955434896798 1.6038324366864012 1.6043693298831223
1.609892037834355 1.6085838270276707 1.607275616220986 1.6059674054143014 1.6046591946076167 1.603350983800932 1.6020427729942452 1.6007345621875606 1.5994263513808762 1.5981181405741915 1.596809929767507 1.5955017189608223 1.5941935081541376 1.592885297347453 1.5915770865407683 1.590268875734084 1.5898556246505318 1.5903991057609113 1.5909425868712908 1.5914860679816711 1.5920295490920506 1.5925730302024304 1.5931165113128098 1.5936599924231893 1.5942034735335688 1.5947469546439483 1.5952904357543278 1.5958339168647073 1.5963773979750868 1.5969208790854663 1.5974643601958458 1.5980078413062253 1.598551322416606 1.5990948035269854 1.599638284637365 1.6001817657477444 1.600725246858124 1.6012687279685034 1.6018122090788829 1.6023556901892624 1.6028991712996419 1.6034426524100214 1.6039861335204009 1.6045296146307804
1.6108583158798373 1.6094864928161177 1.6081146697523983 1.6067428466886786 1.605371023624959 1.6039992005612396 1.6026273774975177 1.601255554433798 1.5998837313700784 1.598511908306359 1.5971400852426394 1.5957682621789198 1.5943964391152003 1.5930246160514807 1.591652792987761 1.5902809699240417 1.5898380357294148 1.5903881047534527 1.5909381737774906 1.5914882428015293 1.5920383118255672 1.592588380849605 1.593138449873643 1.5936885188976808 1.5942385879217187 1.5947886569457566 1.5953387259697944 1.5958887949938323 1.59643886401787 1.5969889330419078 1.5975390020659457 1.5980890710899835 1.5986391401140223 1.5991892091380602 1.599739278162098 1.600289347186136 1.6008394162101738 1.6013894852342117 1.6019395542582495 1.6024896232822874 1.6030396923063253 1.6035897613303631 1.6041398303544008 1.6046898993784386
1.6118245939253186 1.6103891586045642 1.6089537232838098 1.6075182879630554 1.606082852642301 1.6046474173215464 1.6032119820007895 1.601776546680035 1.6003411113592807 1.5989056760385263 1.5974702407177719 1.5960348053970175 1.5945993700762628 1.5931639347555084 1.591728499434754 1.5902930641139996 1.5898204468082981 1.5903771037459944 1.5909337606836906 1.5914904176213878 1.5920470745590838 1.59260373149678 1.5931603884344763 1.5937170453721725 1.5942737023098685 1.5948303592475648 1.595387016185261 1.595943673122957 1.5965003300606533 1.5970569869983495 1.5976136439360455 1.5981703008737418 1.598726957811439 1.5992836147491352 1.5998402716868312 1.6003969286245274 1.6009535855622237 1.60151024249992 1.602066899437616 1.6026235563753122 1.6031802133130084 1.6037368702507044 1.6042935271884007 1.604850184126097
1.6127908719708 1.6112918243930106 1.6097927768152214 1.608293729237432 1.6067946816596426 1.6052956340818534 1.6037965865040615 1.6022975389262721 1.6007984913484827 1.5992994437706936 1.5978003961929041 1.596301348615115 1.5948023010373256 1.5933032534595362 1.591804205881747 1.5903051583039576 1.5898028578871817 1.590366102738536 1.5909293475898907 1.591492592441246 1.5920558372926006 1.592619082143955 1.5931823269953096 1.593745571846664 1.5943088166980186 1.594872061549373 1.5954353064007276 1.595998551252082 1.5965617961034366 1.597125040954791 1.5976882858061456 1.5982515306575 1.5988147755088555 1.59937802036021 1.5999412652115645 1.600504510062919 1.6010677549142736 1.601630999765628 1.6021942446169826 1.602757489468337 1.6033207343196916 1.603883979171046 1.6044472240224004 1.605010468873755
1.6137571500162813 1.6121944901814569 1.6106318303466327 1.6090691705118085 1.6075065106769844 1.6059438508421602 1.6043811910073333 1.6028185311725092 1.6012558713376848 1.5996932115028606 1.5981305516680364 1.5965678918332122 1.595005231998388 1.5934425721635639 1.5918799123287397 1.5903172524939153 1.5897852689660648 1.5903551017310775 1.5909249344960903 1.5914947672611042 1.592064600026117 1.59263443279113 1.5932042655561427 1.5937740983211555 1.5943439310861682 1.5949137638511812 1.595483596616194 1.5960534293812068 1.5966232621462197 1.5971930949112325 1.5977629276762453 1.598332760441258 1.598902593206272 1.5994724259712847 1.6000422587362977 1.6006120915013105 1.6011819242663232 1.601751757031336 1.602321589796349 1.6028914225613617 1.6034612553263745 1.6040310880913875 1.6046009208564003 1.605170753621413
1.6147234280617624 1.6130971559699034 1.6114708838780443 1.609844611786185 1.6082183396943261 1.606592067602467 1.6049657955106051 1.6033395234187462 1.601713251326887 1.6000869792350279 1.598460707143169 1.5968344350513097 1.5952081629594508 1.5935818908675916 1.5919556187757324 1.5903293466838735 1.589767680044948 1.5903441007236192 1.5909205214022903 1.5914969420809626 1.5920733627596337 1.5926497834383049 1.593226204116976 1.5938026247956472 1.5943790454743183 1.5949554661529894 1.5955318868316606 1.5961083075103317 1.5966847281890029 1.597261148867674 1.5978375695463451 1.5984139902250163 1.5989904109036885 1.5995668315823597 1.6001432522610308 1.600719672939702 1.601296093618373 1.6018725142970442 1.6024489349757154 1.6030253556543865 1.6036017763330577 1.6041781970117288 1.6047546176904 1.605331038369071
1.6156897061072437 1.6139998217583498 1.6123099374094558 1.6106200530605619 1.6089301687116677 1.6072402843627738 1.605550400013877 1.603860515664983 1.602170631316089 1.6004807469671951 1.5987908626183012 1.597100978269407 1.595411093920513 1.5937212095716191 1.5920313252227252 1.5903414408738312 1.5897500911238311 1.5903330997161607 1.5909161083084902 1.5914991169008206 1.59208212549315 1.5926651340854796 1.5932481426778091 1.5938311512701386 1.5944141598624681 1.5949971684547977 1.595580177047127 1.5961631856394565 1.596746194231786 1.5973292028241155 1.597912211416445 1.5984952200087745 1.599078228601105 1.5996612371934344 1.600244245785764 1.6008272543780935 1.601410262970423 1.6019932715627523 1.6025762801550818 1.6031592887474113 1.6037422973397408 1.6043253059320703 1.6049083145243999 1.6054913231167294
1.616655984152725 1.614902487546796 1.6131489909408674 1.6113954943349384 1.6096419977290095 1.6078885011230808 1.606135004517149 1.60438150791122 1.602628011305291 1.6008745146993624 1.5991210180934334 1.5973675214875047 1.5956140248815758 1.5938605282756468 1.5921070316697181 1.5903535350637892 1.5897325022027147 1.5903220987087023 1.5909116952146902 1.591501291720679 1.592090888226667 1.5926804847326546 1.5932700812386424 1.5938596777446303 1.594449274250618 1.5950388707566059 1.5956284672625936 1.5962180637685814 1.5968076602745693 1.597397256780557 1.5979868532865449 1.5985764497925328 1.5991660462985215 1.5997556428045092 1.600345239310497 1.600934835816485 1.6015244323224727 1.6021140288284605 1.6027036253344484 1.603293221840436 1.603882818346424 1.6044724148524119 1.6050620113583995 1.6056516078643874
1.6155266347522386 1.6137688456838362 1.6120110566154338 1.6102532675470314 1.6084954784786292 1.6067376894102268 1.6049799003418215 1.603222111273419 1.6014643222050167 1.5997065331366143 1.597948744068212 1.5961909549998097 1.5944331659314073 1.592675376863005 1.5909175877946027 1.5891597987262003 1.5885320494062742 1.589112338146436 1.5896926268865978 1.5902729156267605 1.5908532043669223 1.5914334931070842 1.592013781847246 1.5925940705874078 1.5931743593275693 1.5937546480677312 1.594334936807893 1.5949152255480548 1.5954955142882166 1.5960758030283784 1.59665609176854 1.5972363805087018 1.5978166692488645 1.5983969579890263 1.598977246729188 1.5995575354693499 1.6001378242095117 1.6007181129496735 1.601298401689835 1.6018786904299969 1.6024589791701587 1.6030392679103205 1.6036195566504823 1.6041998453906439
1.6121571917268702 1.6104585193166767 1.6087598469064832 1.6070611744962895 1.605362502086096 1.6036638296759025 1.6019651572657059 1.6002664848555124 1.5985678124453189 1.5968691400351251 1.5951704676249316 1.593471795214738 1.5917731228045444 1.590074450394351 1.5883757779841572 1.5866771055739637 1.5860671896985241 1.586621179193604 1.587175168688684 1.5877291581837647 1.5882831476788446 1.5888371371739245 1.5893911266690044 1.5899451161640843 1.5904991056591642 1.591053095154244 1.591607084649324 1.5921610741444039 1.5927150636394838 1.5932690531345637 1.5938230426296436 1.5943770321247235 1.5949310216198043 1.5954850111148842 1.596039000609964 1.596592990105044 1.5971469796001239 1.5977009690952038 1.5982549585902837 1.5988089480853636 1.5993629375804435 1.5999169270755234 1.6004709165706033 1.6010249060656832
