Figures/CREST_Example_wjb_NSE/PETs/wjb.pet.20090320.asc
ncols            288
nrows            254
xllcorner        113.274861
yllcorner        31.4918055
cellsize         0.008333333333
NODATA_value     -9999
[rows 220 to 239 of 254, columns 176 to 219 of 288]
1.8061836135432614 1.8034523882124196 1.8007211628815778 1.7979899375507358 1.795258712219894 1.7925274868890522 1.7897962615582055 1.7870650362273637 1.7843338108965219 1.7816025855656799 1.778871360234838 1.7761401349039962 1.7734089095731542 1.7706776842423124 1.7679464589114704 1.7652152335806286 1.7641117756288909 1.76474843783627 1.765385100043649 1.7660217622510288 1.7666584244584078 1.7672950866657868 1.7679317488731658 1.7685684110805449 1.7692050732879239 1.7698417354953029 1.7704783977026817 1.7711150599100607 1.7717517221174397 1.7723883843248187 1.7730250465321977 1.7736617087395767 1.7742983709469569 1.7749350331543357 1.7755716953617147 1.7762083575690937 1.7768450197764727 1.7774816819838517 1.7781183441912307 1.7787550063986097 1.7793916686059885 1.7800283308133675 1.7806649930207465 1.7813016552281256
1.8161137762296427 1.8131505621225557 1.8101873480154689 1.8072241339083819 1.8042609198012949 1.801297705694208 1.798334491587116 1.7953712774800292 1.7924080633729422 1.7894448492658555 1.7864816351587685 1.7835184210516815 1.7805552069445947 1.7775919928375077 1.774628778730421 1.771665564623334 1.7704210482061105 1.7710138585076503 1.7716066688091898 1.7721994791107305 1.7727922894122703 1.7733850997138099 1.7739779100153497 1.7745707203168892 1.775163530618429 1.7757563409199686 1.7763491512215084 1.776941961523048 1.7775347718245877 1.7781275821261275 1.778720392427667 1.779313202729207 1.7799060130307476 1.7804988233322872 1.781091633633827 1.7816844439353665 1.7822772542369063 1.7828700645384459 1.7834628748399857 1.7840556851415252 1.784648495443065 1.7852413057446046 1.7858341160461444 1.786426926347684
1.8260439389160237 1.8228487360326917 1.8196535331493597 1.8164583302660278 1.8132631273826958 1.810067924499364 1.8068727216160265 1.8036775187326946 1.8004823158493628 1.7972871129660308 1.7940919100826989 1.7908967071993669 1.787701504316035 1.784506301432703 1.781311098549371 1.7781158956660392 1.77673032078333 1.7772792791790306 1.777828237574731 1.7783771959704322 1.7789261543661326 1.779475112761833 1.7800240711575335 1.7805730295532338 1.7811219879489342 1.7816709463446345 1.7822199047403349 1.7827688631360352 1.7833178215317356 1.7838667799274361 1.7844157383231365 1.7849646967188368 1.785513655114538 1.7860626135102384 1.786611571905939 1.7871605303016393 1.7877094886973397 1.78825844709304 1.7888074054887404 1.7893563638844407 1.789905322280141 1.7904542806758417 1.791003239071542 1.7915521974672424
1.8359741016024091 1.832546909942832 1.829119718283255 1.8256925266236779 1.822265334964101 1.8188381433045238 1.8154109516449408 1.8119837599853639 1.8085565683257867 1.8051293766662098 1.8017021850066326 1.7982749933470557 1.7948478016874785 1.7914206100279015 1.7879934183683244 1.7845662267087474 1.7830395933605527 1.7835446998504136 1.7840498063402748 1.7845549128301366 1.7850600193199977 1.7855651258098588 1.78607023229972 1.7865753387895809 1.787080445279442 1.7875855517693031 1.788090658259164 1.7885957647490252 1.7891008712388863 1.7896059777287472 1.7901110842186083 1.7906161907084694 1.7911212971983312 1.7916264036881924 1.7921315101780533 1.7926366166679144 1.7931417231577755 1.7936468296476367 1.7941519361374976 1.7946570426273587 1.7951621491172198 1.7956672556070807 1.7961723620969419 1.796677468586803
1.8459042642887902 1.842245083852968 1.838585903417146 1.8349267229813238 1.8312675425455018 1.8276083621096797 1.8239491816738513 1.8202900012380292 1.816630820802207 1.8129716403663851 1.809312459930563 1.8056532794947409 1.801994099058919 1.7983349186230968 1.7946757381872747 1.7910165577514525 1.7893488659377723 1.789810120521794 1.7902713751058157 1.7907326296898383 1.7911938842738602 1.7916551388578819 1.7921163934419035 1.7925776480259252 1.7930389026099471 1.7935001571939688 1.7939614117779905 1.7944226663620124 1.794883920946034 1.7953451755300558 1.7958064301140777 1.7962676846980994 1.796728939282122 1.7971901938661436 1.7976514484501653 1.7981127030341872 1.798573957618209 1.7990352122022306 1.7994964667862525 1.7999577213702742 1.800418975954296 1.8008802305383176 1.8013414851223395 1.8018027397063612
1.8558344269751712 1.851943257763104 1.848052088551037 1.8441609193389699 1.8402697501269027 1.8363785809148356 1.8324874117027619 1.8285962424906947 1.8247050732786276 1.8208139040665605 1.8169227348544934 1.8130315656424263 1.8091403964303592 1.805249227218292 1.801358058006225 1.7974668887941578 1.795658138514992 1.7960755411931744 1.7964929438713568 1.79691034654954 1.7973277492277224 1.797745151905905 1.7981625545840874 1.7985799572622698 1.7989973599404523 1.7994147626186348 1.7998321652968172 1.8002495679749995 1.800666970653182 1.8010843733313644 1.8015017760095469 1.8019191786877293 1.8023365813659125 1.802753984044095 1.8031713867222774 1.8035887894004599 1.8040061920786423 1.8044235947568248 1.8048409974350073 1.8052584001131897 1.8056758027913722 1.8060932054695547 1.8065106081477371 1.8069280108259194
1.8657645896615564 1.8616414316732444 1.857518273684932 1.8533951156966197 1.8492719577083077 1.8451487997199953 1.8410256417316762 1.8369024837433638 1.8327793257550518 1.8286561677667394 1.8245330097784271 1.820409851790115 1.8162866938018027 1.8121635358134904 1.8080403778251783 1.803917219836866 1.8019674110922144 1.8023409618645576 1.8027145126369006 1.8030880634092443 1.8034616141815876 1.8038351649539306 1.8042087157262738 1.8045822664986169 1.80495581727096 1.8053293680433031 1.8057029188156464 1.8060764695879894 1.8064500203603326 1.8068235711326757 1.8071971219050187 1.807570672677362 1.8079442234497056 1.8083177742220489 1.808691324994392 1.8090648757667351 1.8094384265390782 1.8098119773114212 1.8101855280837644 1.8105590788561075 1.8109326296284507 1.8113061804007937 1.811679731173137 1.81205328194548
1.8756947523479375 1.8713396055833804 1.8669844588188231 1.8626293120542659 1.8582741652897086 1.8539190185251513 1.8495638717605867 1.8452087249960294 1.840853578231472 1.8364984314669148 1.8321432847023575 1.8277881379378003 1.823432991173243 1.8190778444086857 1.8147226976441284 1.8103675508795711 1.808276683669434 1.808606382535938 1.8089360814024418 1.809265780268946 1.8095954791354498 1.8099251780019536 1.8102548768684574 1.8105845757349615 1.8109142746014653 1.811243973467969 1.8115736723344729 1.8119033712009767 1.8122330700674805 1.8125627689339843 1.812892467800488 1.8132221666669919 1.8135518655334963 1.8138815644000001 1.814211263266504 1.8145409621330078 1.8148706609995116 1.8152003598660154 1.8155300587325192 1.815859757599023 1.8161894564655268 1.8165191553320306 1.8168488541985346 1.8171785530650384
1.8856249150343187 1.8810377794935162 1.876450643952714 1.8718635084119117 1.8672763728711095 1.8626892373303072 1.858102101789497 1.8535149662486947 1.8489278307078925 1.8443406951670902 1.839753559626288 1.8351664240854857 1.8305792885446834 1.825992153003881 1.8214050174630787 1.8168178819222764 1.8145859562466538 1.8148718032073181 1.8151576501679827 1.8154434971286477 1.8157293440893123 1.8160151910499767 1.8163010380106412 1.8165868849713058 1.8168727319319702 1.8171585788926348 1.8174444258532994 1.817730272813964 1.8180161197746283 1.8183019667352929 1.8185878136959575 1.8188736606566218 1.8191595076172868 1.8194453545779514 1.819731201538616 1.8200170484992804 1.820302895459945 1.8205887424206095 1.8208745893812741 1.8211604363419385 1.821446283302603 1.8217321302632676 1.822017977223932 1.8223038241845966
1.8955550777207 1.8907359534036525 1.8859168290866053 1.8810977047695578 1.8762785804525106 1.8714594561354634 1.8666403318184077 1.8618212075013605 1.8570020831843133 1.8521829588672658 1.8473638345502186 1.8425447102331711 1.837725585916124 1.8329064615990767 1.8280873372820292 1.823268212964982 1.8208952288238736 1.8211372238786987 1.821379218933524 1.8216212139883496 1.8218632090431748 1.822105204098 1.8223471991528253 1.8225891942076504 1.8228311892624756 1.823073184317301 1.823315179372126 1.8235571744269512 1.8237991694817766 1.8240411645366017 1.8242831595914268 1.8245251546462522 1.8247671497010778 1.825009144755903 1.8252511398107283 1.8254931348655534 1.8257351299203786 1.825977124975204 1.826219120030029 1.8264611150848542 1.8267031101396796 1.8269451051945047 1.8271871002493298 1.8274290953041552
1.905485240407085 1.9004341273137926 1.8953830142205002 1.8903319011272077 1.8852807880339153 1.8802296749406229 1.8751785618473218 1.8701274487540294 1.865076335660737 1.8600252225674445 1.854974109474152 1.8499229963808597 1.8448718832875672 1.8398207701942748 1.8347696571009824 1.82971854400769 1.8272045014010958 1.8274026445500817 1.8276007876990676 1.8277989308480538 1.8279970739970397 1.8281952171460256 1.8283933602950115 1.8285915034439975 1.8287896465929832 1.828987789741969 1.829185932890955 1.829384076039941 1.8295822191889268 1.8297803623379127 1.8299785054868987 1.8301766486358844 1.8303747917848707 1.8305729349338566 1.8307710780828426 1.8309692212318283 1.8311673643808142 1.8313655075298 1.831563650678786 1.831761793827772 1.8319599369767579 1.8321580801257435 1.8323562232747295 1.8325543664237154
1.9154154030934663 1.9101323012239289 1.9048491993543912 1.8995660974848538 1.8942829956153164 1.8889998937457788 1.8837167918762323 1.878433690006695 1.8731505881371575 1.86786748626762 1.8625843843980825 1.857301282528545 1.8520181806590075 1.84673507878947 1.8414519769199327 1.8361688750503953 1.8335137739783154 1.833668065221462 1.8338223564646086 1.8339766477077555 1.8341309389509022 1.8342852301940487 1.8344395214371954 1.8345938126803418 1.8347481039234885 1.834902395166635 1.8350566864097817 1.8352109776529282 1.8353652688960749 1.8355195601392214 1.835673851382368 1.8358281426255145 1.8359824338686614 1.836136725111808 1.8362910163549546 1.836445307598101 1.8365995988412478 1.8367538900843943 1.836908181327541 1.8370624725706877 1.8372167638138341 1.8373710550569808 1.8375253463001273 1.837679637543274
1.9253455657798473 1.9198304751340647 1.9143153844882823 1.9088002938424997 1.9032852031967173 1.8977701125509348 1.8922550219051428 1.8867399312593605 1.8812248406135779 1.8757097499677955 1.870194659322013 1.8646795686762303 1.859164478030448 1.8536493873846653 1.848134296738883 1.8426192060931004 1.8398230465555352 1.8399334858928424 1.8400439252301497 1.8401543645674572 1.8402648039047644 1.8403752432420717 1.840485682579379 1.8405961219166862 1.8407065612539937 1.840817000591301 1.8409274399286082 1.8410378792659154 1.8411483186032227 1.84125875794053 1.8413691972778372 1.8414796366151445 1.841590075952452 1.8417005152897594 1.8418109546270667 1.841921393964374 1.8420318333016812 1.8421422726389884 1.8422527119762957 1.842363151313603 1.8424735906509104 1.8425840299882177 1.842694469325525 1.8428049086628322
1.9352757284662325 1.929528649044205 1.9237815696221774 1.9180344902001498 1.9122874107781223 1.9065403313560945 1.9007932519340571 1.8950461725120296 1.889299093090002 1.8835520136679742 1.8778049342459466 1.872057854823919 1.8663107754018915 1.860563695979864 1.8548166165578361 1.8490695371358086 1.8461323191327577 1.8461989065642255 1.8462654939956935 1.8463320814271615 1.8463986688586296 1.8464652562900976 1.8465318437215654 1.8465984311530335 1.8466650185845015 1.8467316060159693 1.8467981934474373 1.8468647808789054 1.8469313683103732 1.8469979557418412 1.8470645431733093 1.847131130604777 1.847197718036245 1.8472643054677131 1.8473308928991812 1.847397480330649 1.847464067762117 1.847530655193585 1.8475972426250529 1.847663830056521 1.847730417487989 1.8477970049194568 1.8478635923509248 1.8479301797823928
1.9452058911526138 1.939226822954341 1.9332477547560685 1.9272686865577957 1.9212896183595232 1.9153105501612506 1.9093314819629676 1.903352413764695 1.8973733455664223 1.8913942773681498 1.885415209169877 1.8794361409716045 1.8734570727733317 1.8674780045750592 1.8614989363767864 1.8555198681785139 1.8524415917099772 1.8524643272356058 1.8524870627612346 1.8525097982868632 1.8525325338124918 1.8525552693381206 1.8525780048637492 1.8526007403893778 1.8526234759150064 1.8526462114406352 1.8526689469662638 1.8526916824918924 1.8527144180175212 1.8527371535431498 1.8527598890687784 1.852782624594407 1.8528053601200358 1.8528280956456644 1.8528508311712932 1.8528735666969218 1.8528963022225504 1.852919037748179 1.8529417732738078 1.8529645087994364 1.852987244325065 1.8530099798506938 1.8530327153763224 1.853055450901951
1.9551360538389946 1.948924996864477 1.9427139398899593 1.9365028829154416 1.930291825940924 1.9240807689664063 1.9178697119918782 1.9116586550173604 1.9054475980428427 1.8992365410683252 1.8930254840938074 1.8868144271192897 1.8806033701447722 1.8743923131702545 1.8681812561957367 1.8619701992212192 1.8587508642871968 1.8587297479069862 1.8587086315267756 1.858687515146565 1.8586663987663543 1.8586452823861437 1.858624166005933 1.8586030496257222 1.8585819332455116 1.858560816865301 1.8585397004850903 1.8585185841048797 1.858497467724669 1.8584763513444584 1.8584552349642478 1.8584341185840372 1.8584130022038265 1.8583918858236157 1.858370769443405 1.8583496530631944 1.8583285366829838 1.8583074203027732 1.8582863039225626 1.858265187542352 1.8582440711621413 1.8582229547819307 1.85820183840172 1.8581807220215094
1.9650662165253803 1.9586231707746173 1.9521801250238546 1.945737079273092 1.939294033522329 1.9328509877715663 1.9264079420207925 1.9199648962700295 1.9135218505192668 1.907078804768504 1.9006357590177412 1.8941927132669785 1.8877496675162158 1.8813066217654528 1.8748635760146901 1.8684205302639274 1.8650601368644193 1.8649951685783694 1.8649302002923194 1.8648652320062693 1.8648002637202195 1.8647352954341694 1.8646703271481195 1.8646053588620695 1.8645403905760194 1.8644754222899695 1.8644104540039195 1.8643454857178696 1.8642805174318196 1.8642155491457697 1.8641505808597196 1.8640856125736696 1.8640206442876195 1.8639556760015696 1.8638907077155196 1.8638257394294697 1.8637607711434196 1.8636958028573698 1.8636308345713197 1.8635658662852699 1.8635008979992198 1.8634359297131697 1.8633709614271199 1.8633059931410698
1.974996379211761 1.9683213446847534 1.9616463101577455 1.9549712756307376 1.94829624110373 1.941621206576722 1.934946172049703 1.928271137522695 1.9215961029956872 1.9149210684686795 1.9082460339416716 1.901570999414664 1.894895964887656 1.888220930360648 1.8815458958336404 1.8748708613066325 1.871369409441639 1.8712605892497498 1.8711517690578605 1.871042948865971 1.8709341286740817 1.8708253084821924 1.8707164882903031 1.8706076680984138 1.8704988479065245 1.8703900277146353 1.870281207522746 1.870172387330857 1.8700635671389676 1.8699547469470783 1.869845926755189 1.8697371065632997 1.8696282863714102 1.869519466179521 1.8694106459876316 1.8693018257957423 1.869193005603853 1.8690841854119637 1.8689753652200745 1.8688665450281852 1.868757724836296 1.8686489046444068 1.8685400844525175 1.8684312642606282
-9999.0 1.9728749466744624 1.9663283725166685 1.9597817983588746 1.9532352242010806 1.9466886500432867 1.9401420758854817 1.9335955017276878 1.9270489275698939 1.9205023534121 1.913955779254306 1.9074092050965121 1.9008626309387182 1.8943160567809243 1.8877694826231304 1.8812229084653365 1.8778393535654838 1.8778371378207677 1.8778349220760515 1.8778327063313354 1.8778304905866192 1.877828274841903 1.877826059097187 1.8778238433524708 1.8778216276077546 1.8778194118630385 1.8778171961183223 1.8778149803736062 1.87781276462889 1.8778105488841739 1.8778083331394577 1.8778061173947416 1.8778039016500254 1.8778016859053093 1.8777994701605931 1.877797254415877 1.8777950386711608 1.8777928229264447 1.8777906071817285 1.8777883914370124 1.877786175692296 1.8777839599475799 1.8777817442028637 1.8777795284581476
-9999.0 -9999.0 -9999.0 -9999.0 -9999.0 -9999.0 -9999.0 1.9357324272942327 1.9296996109257218 1.9236667945572112 1.9176339781887004 1.9116011618201898 1.905568345451679 1.8995355290831684 1.8935027127146578 1.887469896346147 1.8844810454467424 1.8847462625084257 1.8850114795701092 1.885276696631793 1.8855419136934763 1.8858071307551598 1.8860723478168433 1.8863375648785266 1.88660278194021 1.8868679990018933 1.8871332160635768 1.8873984331252602 1.8876636501869435 1.887928867248627 1.8881940843103104 1.8884593013719937 1.8887245184336776 1.888989735495361 1.8892549525570443 1.8895201696187278 1.889785386680411 1.8900506037420945 1.890315820803778 1.8905810378654613 1.8908462549271448 1.8911114719888282 1.8913766890505115 1.891641906112195
