Figures/CREST_Example_wjb_NSE/PETs/wjb.pet.20091004.asc
ncols            288
nrows            254
xllcorner        113.274861
yllcorner        31.4918055
cellsize         0.008333333333
NODATA_value     -9999
[rows 200 to 219 of 254, columns 176 to 219 of 288]
2.3419027656286646 2.341354724781745 2.340806683934825 2.3402586430879055 2.3397106022409857 2.339162561394066 2.3386145205471456 2.3380664797002257 2.337518438853306 2.3369703980063865 2.3364223571594667 2.335874316312547 2.3353262754656274 2.3347782346187076 2.334230193771788 2.3336821529248684 2.332386268331776 2.3302909218528582 2.32819557537394 2.3261002288950183 2.3240048824161006 2.3219095359371824 2.3198141894582647 2.3177188429793465 2.3156234965004288 2.3135281500215106 2.3114328035425924 2.3093374570636747 2.3072421105847565 2.3051467641058387 2.3030514176269206 2.300956071148003 2.298860724669081 2.296765378190163 2.294670031711245 2.292574685232327 2.2904793387534093 2.288383992274491 2.286288645795573 2.284193299316655 2.282097952837737 2.2800026063588192 2.277907259879901 2.275811913400983
2.345963149222668 2.3454657975123094 2.344968445801951 2.3444710940915927 2.3439737423812343 2.343476390670876 2.3429790389605167 2.3424816872501584 2.3419843355398 2.3414869838294416 2.3409896321190833 2.340492280408725 2.3399949286983666 2.3394975769880086 2.3390002252776503 2.338502873567292 2.3372181204745517 2.3350916174878233 2.332965114501095 2.330838611514363 2.3287121085276348 2.3265856055409064 2.324459102554178 2.3223325995674498 2.3202060965807214 2.318079593593993 2.3159530906072647 2.3138265876205364 2.3117000846338085 2.30957358164708 2.307447078660352 2.3053205756736235 2.303194072686891 2.3010675697001632 2.298941066713435 2.2968145637267066 2.294688060739978 2.29256155775325 2.2904350547665215 2.288308551779793 2.286182048793065 2.2840555458063365 2.281929042819608 2.27980253983288
2.350023532816671 2.349576870242874 2.3491302076690768 2.34868354509528 2.348236882521483 2.347790219947686 2.3473435573738883 2.346896894800091 2.346450232226294 2.3460035696524972 2.3455569070787003 2.345110244504903 2.344663581931106 2.3442169193573092 2.3437702567835124 2.343323594209715 2.3420499726173274 2.339892313122789 2.3377346536282504 2.335576994133708 2.3334193346391694 2.3312616751446305 2.329104015650092 2.3269463561555535 2.3247886966610145 2.322631037166476 2.3204733776719375 2.3183157181773986 2.31615805868286 2.3140003991883216 2.311842739693783 2.309685080199244 2.307527420704702 2.305369761210163 2.3032121017156246 2.301054442221086 2.298896782726547 2.2967391232320087 2.29458146373747 2.2924238042429312 2.2902661447483927 2.2881084852538542 2.2859508257593153 2.283793166264777
2.354083916410674 2.3536879429734383 2.353291969536203 2.352895996098967 2.3525000226617316 2.352104049224496 2.3517080757872595 2.3513121023500236 2.3509161289127882 2.3505201554755524 2.350124182038317 2.349728208601081 2.3493322351638457 2.34893626172661 2.348540288289374 2.3481443148521386 2.346881824760103 2.3446930087577544 2.3425041927554053 2.3403153767530527 2.3381265607507036 2.3359377447483545 2.333748928746006 2.3315601127436567 2.3293712967413076 2.327182480738959 2.32499366473661 2.3228048487342607 2.3206160327319116 2.318427216729563 2.316238400727214 2.3140495847248648 2.311860768722512 2.309671952720163 2.3074831367178144 2.3052943207154653 2.303105504713116 2.3009166887107675 2.2987278727084184 2.2965390567060693 2.2943502407037206 2.2921614247013715 2.2899726086990224 2.2877837926966733
2.358144300004679 2.3577990157040047 2.3574537314033304 2.357108447102656 2.356763162801982 2.3564178785013077 2.356072594200633 2.3557273098999585 2.355382025599284 2.3550367412986097 2.354691456997936 2.3543461726972614 2.354000888396587 2.3536556040959127 2.3533103197952383 2.3529650354945644 2.351713676902881 2.3494937043927218 2.3472737318825625 2.3450537593723992 2.34283378686224 2.3406138143520807 2.3383938418419214 2.336173869331762 2.333953896821603 2.3317339243114437 2.329513951801284 2.3272939792911247 2.3250740067809654 2.322854034270806 2.320634061760647 2.3184140892504876 2.3161941167403244 2.313974144230165 2.311754171720006 2.3095341992098466 2.3073142266996873 2.305094254189528 2.302874281679369 2.300654309169209 2.29843433665905 2.2962143641488906 2.2939943916387313 2.291774419128572
2.3622046835986823 2.3619100884345694 2.3616154932704565 2.3613208981063436 2.3610263029422307 2.3607317077781174 2.360437112614004 2.360142517449891 2.359847922285778 2.3595533271216653 2.3592587319575524 2.3589641367934395 2.3586695416293266 2.3583749464652133 2.3580803513011004 2.3577857561369875 2.3565455290456567 2.3542944000276873 2.3520432710097174 2.349792141991744 2.3475410129737746 2.3452898839558047 2.3430387549378353 2.3407876259198654 2.338536496901896 2.336285367883926 2.3340342388659563 2.331783109847987 2.329531980830017 2.3272808518120476 2.3250297227940777 2.3227785937761083 2.320527464758135 2.318276335740165 2.3160252067221956 2.3137740777042257 2.3115229486862563 2.3092718196682864 2.307020690650317 2.304769561632347 2.3025184326143777 2.300267303596408 2.2980161745784384 2.2957650455604686
2.366265067192686 2.366021161165134 2.3657772551375826 2.365533349110031 2.3652894430824793 2.365045537054928 2.3648016310273756 2.364557724999824 2.3643138189722728 2.364069912944721 2.3638260069171695 2.3635821008896176 2.363338194862066 2.3630942888345148 2.362850382806963 2.3626064767794115 2.361377381188433 2.359095095662653 2.356812810136873 2.3545305246110892 2.3522482390853092 2.349965953559529 2.347683668033749 2.345401382507969 2.343119096982189 2.340836811456409 2.3385545259306295 2.3362722404048495 2.3339899548790695 2.3317076693532894 2.3294253838275094 2.3271430983017294 2.3248608127759454 2.322578527250166 2.3202962417243858 2.3180139561986057 2.3157316706728257 2.3134493851470457 2.3111670996212657 2.3088848140954856 2.3066025285697056 2.3043202430439256 2.302037957518146 2.299755671992366
2.3703254507866904 2.3701322338957005 2.36993901700471 2.3697458001137197 2.3695525832227298 2.3693593663317394 2.369166149440749 2.3689729325497586 2.368779715658768 2.3685864987677783 2.368393281876788 2.3682000649857975 2.3680068480948075 2.367813631203817 2.3676204143128268 2.367427197421837 2.3662092333312104 2.36389579129762 2.36158234926403 2.3592689072304354 2.356955465196845 2.354642023163255 2.352328581129665 2.350015139096074 2.347701697062484 2.345388255028894 2.3430748129953036 2.340761370961713 2.338447928928123 2.3361344868945326 2.333821044860942 2.331507602827352 2.3291941607937576 2.3268807187601674 2.324567276726577 2.3222538346929866 2.3199403926593964 2.3176269506258063 2.3153135085922156 2.3130000665586254 2.3106866245250353 2.308373182491445 2.3060597404578544 2.3037462984242643
2.3751287139685844 2.3749196759904603 2.374710638012336 2.374501600034212 2.3742925620560875 2.3740835240779634 2.373874486099839 2.3736654481217148 2.3734564101435907 2.3732473721654666 2.3730383341873424 2.372829296209218 2.372620258231094 2.3724112202529697 2.3722021822748456 2.3719931442967215 2.3707899716985783 2.3685240466977406 2.3662581216969034 2.3639921966960618 2.361726271695224 2.359460346694387 2.357194421693549 2.3549284966927115 2.3526625716918743 2.3503966466910367 2.348130721690199 2.3458647966893613 2.343598871688524 2.3413329466876864 2.3390670216868488 2.336801096686011 2.33453517168517 2.332269246684332 2.330003321683495 2.3277373966826573 2.3254714716818197 2.323205546680982 2.320939621680145 2.318673696679307 2.3164077716784695 2.314141846677632 2.3118759216767946 2.309609996675957
2.3807260686079466 2.380430114305544 2.380134160003142 2.3798382057007395 2.379542251398337 2.3792462970959347 2.378950342793532 2.3786543884911295 2.3783584341887267 2.3780624798863244 2.377766525583922 2.3774705712815196 2.3771746169791172 2.376878662676715 2.3765827083743125 2.37628675407191 2.3751022852671575 2.3729679743553227 2.370833663443488 2.36869935253165 2.366565041619815 2.3644307307079804 2.362296419796146 2.360162108884311 2.358027797972477 2.355893487060642 2.3537591761488073 2.351624865236973 2.349490554325138 2.3473562434133037 2.345221932501469 2.3430876215896346 2.340953310677796 2.3388189997659614 2.336684688854127 2.3345503779422923 2.3324160670304575 2.330281756118623 2.3281474452067883 2.326013134294954 2.323878823383119 2.3217445124712843 2.31961020155945 2.317475890647615
2.386323423247312 2.385940552620631 2.3855576819939506 2.38517481136727 2.384791940740589 2.3844090701139082 2.384026199487227 2.3836433288605465 2.383260458233866 2.382877587607185 2.382494716980504 2.3821118463538236 2.381728975727143 2.3813461051004623 2.3809632344737817 2.380580363847101 2.3794145988357385 2.377411902012907 2.375409205190075 2.37340650836724 2.3714038115444085 2.369401114721577 2.367398417898745 2.3653957210759136 2.3633930242530816 2.36139032743025 2.3593876306074186 2.3573849337845867 2.355382236961755 2.3533795401389233 2.3513768433160918 2.3493741464932603 2.347371449670425 2.3453687528475933 2.343366056024762 2.34136335920193 2.3393606623790983 2.337357965556267 2.335355268733435 2.3333525719106034 2.3313498750877715 2.32934717826494 2.3273444814421085 2.3253417846192765
2.391920777886674 2.391450990935715 2.390981203984756 2.3905114170337973 2.3900416300828384 2.3895718431318795 2.3891020561809198 2.388632269229961 2.388162482279002 2.387692695328043 2.387222908377084 2.3867531214261253 2.3862833344751664 2.3858135475242075 2.3853437605732486 2.3848739736222897 2.3837269124043177 2.3818558296704886 2.37998474693666 2.378113664202828 2.376242581468999 2.3743714987351705 2.372500416001342 2.3706293332675132 2.368758250533684 2.3668871677998555 2.365016085066027 2.3631450023321983 2.361273919598369 2.3594028368645406 2.357531754130712 2.3556606713968833 2.353789588663051 2.3519185059292225 2.350047423195394 2.348176340461565 2.346305257727736 2.3444341749939075 2.342563092260079 2.3406920095262502 2.338820926792421 2.3369498440585925 2.335078761324764 2.3332076785909353
2.397518132526036 2.3969614292507995 2.3964047259755623 2.395848022700325 2.395291319425088 2.394734616149851 2.394177912874613 2.3936212095993756 2.3930645063241385 2.3925078030489013 2.391951099773664 2.391394396498427 2.39083769322319 2.3902809899479527 2.3897242866727155 2.3891675833974784 2.3880392259728964 2.3862997573280706 2.384560288683245 2.382820820038416 2.3810813513935902 2.3793418827487645 2.3776024141039387 2.375862945459113 2.374123476814287 2.372384008169461 2.370644539524635 2.3689050708798094 2.3671656022349836 2.365426133590158 2.363686664945332 2.3619471963005063 2.3602077276556774 2.3584682590108517 2.356728790366026 2.3549893217212 2.3532498530763744 2.351510384431548 2.3497709157867224 2.3480314471418966 2.346291978497071 2.344552509852245 2.3428130412074193 2.3410735725625935
2.403115487165401 2.4024718675658856 2.40182824796637 2.4011846283668548 2.4005410087673393 2.399897389167824 2.3992537695683076 2.398610149968792 2.3979665303692768 2.3973229107697613 2.396679291170246 2.3960356715707305 2.395392051971215 2.3947484323716997 2.3941048127721842 2.393461193172669 2.3923515395414774 2.3907436849856545 2.3891358304298316 2.387527975874006 2.385920121318183 2.38431226676236 2.3827044122065373 2.3810965576507144 2.379488703094892 2.377880848539069 2.376272993983246 2.374665139427423 2.3730572848716003 2.3714494303157774 2.3698415757599545 2.3682337212041316 2.366625866648306 2.3650180120924835 2.3634101575366606 2.3618023029808377 2.360194448425015 2.358586593869192 2.356978739313369 2.355370884757546 2.353763030201723 2.3521551756459007 2.350547321090078 2.348939466534255
2.4087128418047636 2.40798230588097 2.4072517699571763 2.4065212340333826 2.405790698109589 2.405060162185795 2.404329626262 2.4035990903382065 2.4028685544144133 2.4021380184906196 2.401407482566826 2.400676946643032 2.3999464107192385 2.399215874795445 2.398485338871651 2.3977548029478575 2.396663853110056 2.395187612643236 2.3937113721764165 2.392235131709594 2.390758891242774 2.389282650775954 2.387806410309134 2.386330169842314 2.3848539293754945 2.3833776889086744 2.3819014484418544 2.3804252079750343 2.3789489675082147 2.3774727270413947 2.3759964865745746 2.374520246107755 2.3730440056409323 2.3715677651741123 2.3700915247072927 2.3686152842404726 2.3671390437736526 2.365662803306833 2.364186562840013 2.362710322373193 2.361234081906373 2.3597578414395532 2.358281600972733 2.356805360505913
2.414310196444126 2.413492744196054 2.4126752919479824 2.4118578396999104 2.4110403874518385 2.4102229352037665 2.4094054829556932 2.4085880307076213 2.4077705784595493 2.4069531262114774 2.406135673963406 2.405318221715334 2.404500769467262 2.40368331721919 2.402865864971118 2.402048412723046 2.4009761666786353 2.399631540300818 2.398286913923001 2.396942287545182 2.395597661167365 2.394253034789548 2.392908408411731 2.3915637820339137 2.390219155656097 2.38887452927828 2.387529902900463 2.386185276522646 2.3848406501448287 2.383496023767012 2.382151397389195 2.380806771011378 2.3794621446335587 2.3781175182557415 2.3767728918779247 2.3754282655001075 2.374083639122291 2.3727390127444736 2.3713943863666564 2.3700497599888397 2.3687051336110225 2.367360507233206 2.3660158808553886 2.3646712544775714
2.419907551083488 2.419003182511138 2.418098813938788 2.417194445366438 2.4162900767940876 2.4153857082217374 2.414481339649386 2.4135769710770356 2.412672602504686 2.4117682339323356 2.4108638653599854 2.409959496787635 2.4090551282152854 2.4081507596429352 2.407246391070585 2.406342022498235 2.405288480247214 2.4040754679584 2.402862455669586 2.40164944338077 2.400436431091956 2.3992234188031416 2.3980104065143277 2.3967973942255134 2.3955843819366995 2.394371369647885 2.3931583573590713 2.391945345070257 2.390732332781443 2.389519320492629 2.388306308203815 2.3870932959150006 2.3858802836261845 2.3846672713373707 2.3834542590485563 2.3822412467597425 2.381028234470928 2.3798152221821143 2.3786022098933 2.377389197604486 2.3761761853156718 2.374963173026858 2.3737501607380436 2.3725371484492297
2.425504905722853 2.4245136208262243 2.423522335929596 2.422531051032968 2.4215397661363394 2.420548481239711 2.4195571963430806 2.4185659114464526 2.417574626549824 2.4165833416531957 2.415592056756567 2.4146007718599387 2.4136094869633107 2.412618202066682 2.4116269171700537 2.4106356322734253 2.409600793815795 2.4085193956159836 2.4074379974161726 2.40635659921636 2.405275201016549 2.4041938028167373 2.4031124046169263 2.4020310064171153 2.4009496082173043 2.3998682100174933 2.398786811817682 2.397705413617871 2.39662401541806 2.395542617218249 2.394461219018438 2.3933798208186263 2.3922984226188135 2.3912170244190025 2.3901356262191915 2.38905422801938 2.387972829819569 2.386891431619758 2.385810033419947 2.384728635220136 2.3836472370203245 2.3825658388205135 2.3814844406207025 2.3804030424208915
2.4311022603622154 2.4300240591413087 2.428945857920402 2.4278676566994952 2.426789455478589 2.425711254257682 2.4246330530367737 2.423554851815867 2.4224766505949606 2.421398449374054 2.420320248153147 2.4192420469322404 2.418163845711334 2.4170856444904274 2.4160074432695207 2.414929242048614 2.413913107384374 2.4129633232735657 2.4120135391627575 2.4110637550519476 2.4101139709411394 2.4091641868303313 2.408214402719523 2.407264618608715 2.406314834497907 2.4053650503870987 2.4044152662762905 2.4034654821654824 2.4025156980546742 2.401565913943866 2.400616129833058 2.3996663457222493 2.39871656161144 2.3977667775006317 2.3968169933898236 2.3958672092790154 2.394917425168207 2.3939676410573987 2.3930178569465905 2.3920680728357824 2.3911182887249742 2.390168504614166 2.389218720503358 2.38826893639255
2.436699615001578 2.435534497456393 2.434369379911208 2.4332042623660235 2.4320391448208385 2.4308740272756535 2.4297089097304667 2.428543792185282 2.427378674640097 2.426213557094912 2.4250484395497276 2.4238833220045426 2.4227182044593576 2.421553086914173 2.420387969368988 2.419222851823803 2.4182254209529535 2.417407250931148 2.416589080909343 2.415770910887536 2.4149527408657305 2.4141345708439252 2.41331640082212 2.4124982308003147 2.4116800607785094 2.410861890756704 2.410043720734899 2.4092255507130935 2.4084073806912882 2.4075892106694834 2.406771040647678 2.405952870625873 2.4051347006040658 2.4043165305822605 2.403498360560455 2.40268019053865 2.4018620205168446 2.4010438504950393 2.400225680473234 2.3994075104514287 2.3985893404296235 2.397771170407818 2.396953000386013 2.3961348303642076
