Figures/CREST_Example_wjb_NSE/PETs/wjb.pet.20101209.asc
ncols            288
nrows            254
xllcorner        113.274861
yllcorner        31.4918055
cellsize         0.008333333333
NODATA_value     -9999
[rows 171 to 189 of 254, columns 132 to 175 of 288]
0.8933731416218205 0.8923814551580544 0.8913897686942883 0.8903980822305222 0.8894063957667561 0.8884147093029899 0.8874230228392238 0.8864313363754578 0.8854396499116917 0.8844479634479255 0.8834562769841594 0.8824645905203916 0.8814729040566255 0.8804812175928594 0.8794895311290932 0.8784978446653272 0.8775061582015611 0.876514471737795 0.8755227852740288 0.8745310988102627 0.8735394123464966 0.8725477258827306 0.8715560394189644 0.8705643529551983 0.8695726664914305 0.8685809800276644 0.8675892935638982 0.8665976071001321 0.8656059206363661 0.8646142341726 0.8638734921843121 0.8634010155170432 0.8629285388497742 0.8624560621825053 0.8619835855152362 0.8615111088479673 0.8610386321806983 0.8605661555134285 0.8600936788461596 0.8596212021788906 0.8591487255116217 0.8586762488443527 0.8582037721770838 0.8577312955098148
0.8933902137592309 0.8923844113658659 0.8913786089725008 0.8903728065791356 0.8893670041857705 0.8883612017924055 0.8873553993990404 0.8863495970056753 0.8853437946123102 0.8843379922189452 0.88333218982558 0.8823263874322133 0.8813205850388481 0.880314782645483 0.879308980252118 0.8783031778587529 0.8772973754653878 0.8762915730720227 0.8752857706786576 0.8742799682852925 0.8732741658919274 0.8722683634985624 0.8712625611051973 0.8702567587118322 0.8692509563184654 0.8682451539251003 0.8672393515317351 0.8662335491383701 0.865227746745005 0.8642219443516399 0.8634681173149629 0.862983657634638 0.8624991979543132 0.8620147382739883 0.8615302785936634 0.8610458189133385 0.8605613592330137 0.860076899552688 0.8595924398723631 0.8591079801920383 0.8586235205117134 0.8581390608313886 0.8576546011510637 0.8571701414707388
0.8934072858966414 0.8923873675736774 0.8913674492507133 0.8903475309277492 0.8893276126047852 0.8883076942818211 0.8872877759588571 0.886267857635893 0.8852479393129289 0.8842280209899649 0.8832081026670008 0.882188184344035 0.8811682660210709 0.8801483476981068 0.8791284293751428 0.8781085110521787 0.8770885927292147 0.8760686744062506 0.8750487560832865 0.8740288377603225 0.8730089194373584 0.8719890011143943 0.8709690827914303 0.8699491644684662 0.8689292461455004 0.8679093278225363 0.8668894094995723 0.8658694911766082 0.864849572853644 0.8638296545306801 0.8630627424456138 0.862566299752233 0.8620698570588523 0.8615734143654715 0.8610769716720907 0.86058052897871 0.8600840862853292 0.8595876435919476 0.8590912008985668 0.858594758205186 0.8580983155118053 0.8576018728184245 0.8571054301250437 0.856608987431663
0.8934243580340518 0.8923903237814889 0.8913562895289258 0.8903222552763628 0.8892882210237997 0.8882541867712367 0.8872201525186736 0.8861861182661106 0.8851520840135475 0.8841180497609845 0.8830840155084214 0.8820499812558567 0.8810159470032936 0.8799819127507306 0.8789478784981675 0.8779138442456045 0.8768798099930414 0.8758457757404783 0.8748117414879153 0.8737777072353522 0.8727436729827892 0.8717096387302261 0.8706756044776631 0.8696415702251 0.8686075359725353 0.8675735017199722 0.8665394674674092 0.8655054332148461 0.8644713989622831 0.86343736470972 0.8626573675762645 0.8621489418698279 0.8616405161633912 0.8611320904569546 0.8606236647505179 0.8601152390440813 0.8596068133376445 0.859098387631207 0.8585899619247703 0.8580815362183337 0.857573110511897 0.8570646848054604 0.8565562590990237 0.856047833392587
0.8934414301714623 0.8923932799893003 0.8913451298071382 0.8902969796249762 0.8892488294428142 0.8882006792606522 0.8871525290784902 0.8861043788963282 0.8850562287141661 0.8840080785320041 0.882959928349842 0.8819117781676783 0.8808636279855162 0.8798154778033542 0.8787673276211923 0.8777191774390302 0.8766710272568682 0.8756228770747062 0.8745747268925441 0.8735265767103821 0.87247842652822 0.8714302763460581 0.8703821261638961 0.869333975981734 0.8682858257995703 0.8672376756174082 0.8661895254352462 0.8651413752530842 0.8640932250709221 0.8630450748887601 0.8622519927069154 0.8617315839874229 0.8612111752679303 0.8606907665484378 0.8601703578289452 0.8596499491094526 0.85912954038996 0.8586091316704666 0.858088722950974 0.8575683142314815 0.8570479055119888 0.8565274967924963 0.8560070880730037 0.8554866793535112
0.8934585023088728 0.8923962361971118 0.8913339700853508 0.8902717039735898 0.8892094378618287 0.8881471717500677 0.8870849056383068 0.8860226395265457 0.8849603734147847 0.8838981073030237 0.8828358411912627 0.8817735750794998 0.8807113089677389 0.8796490428559778 0.8785867767442168 0.8775245106324558 0.8764622445206948 0.8753999784089338 0.8743377122971727 0.8732754461854118 0.8722131800736507 0.8711509139618897 0.8700886478501287 0.8690263817383677 0.8679641156266048 0.8669018495148438 0.8658395834030829 0.8647773172913218 0.8637150511795608 0.8626527850677997 0.8618466178375659 0.8613142261050174 0.860781834372469 0.8602494426399205 0.859717050907372 0.8591846591748236 0.8586522674422751 0.8581198757097257 0.8575874839771772 0.8570550922446287 0.8565227005120802 0.8559903087795318 0.8554579170469833 0.8549255253144348
0.8934755744462832 0.8923991924049233 0.8913228103635633 0.8902464283222032 0.8891700462808433 0.8880936642394833 0.8870172821981233 0.8859409001567633 0.8848645181154033 0.8837881360740434 0.8827117540326833 0.8816353719913216 0.8805589899499615 0.8794826079086016 0.8784062258672416 0.8773298438258815 0.8762534617845216 0.8751770797431616 0.8741006977018017 0.8730243156604416 0.8719479336190816 0.8708715515777217 0.8697951695363616 0.8687187874950016 0.8676424054536398 0.8665660234122798 0.8654896413709199 0.8644132593295598 0.8633368772881999 0.8622604952468399 0.8614412429682168 0.8608968682226125 0.860352493477008 0.8598081187314037 0.8592637439857993 0.8587193692401949 0.8581749944945906 0.8576306197489852 0.8570862450033808 0.8565418702577764 0.8559974955121721 0.8554531207665677 0.8549087460209633 0.8543643712753589
0.8933544631974061 0.8922790178843384 0.8912035725712707 0.890128127258203 0.8890526819451354 0.8879772366320677 0.886901791319 0.8858263460059324 0.8847509006928647 0.8836754553797971 0.8826000100667294 0.8815245647536598 0.8804491194405922 0.8793736741275245 0.8782982288144568 0.8772227835013892 0.8761473381883215 0.8750718928752538 0.8739964475621862 0.8729210022491185 0.8718455569360508 0.8707701116229831 0.8696946663099154 0.8686192209968477 0.8675437756837783 0.8664683303707106 0.8653928850576429 0.8643174397445753 0.8632419944315076 0.8621665491184399 0.8613519793134798 0.860816291328074 0.8602806033426681 0.8597449153572622 0.8592092273718563 0.8586735393864504 0.8581378514010446 0.8576021634156378 0.8570664754302318 0.856530787444826 0.8559950994594201 0.8554594114740142 0.8549237234886083 0.8543880355032024
0.8930856426186773 0.8920272243763762 0.8909688061340749 0.8899103878917738 0.8888519696494726 0.8877935514071714 0.8867351331648702 0.885676714922569 0.8846182966802678 0.8835598784379667 0.8825014601956654 0.8814430419533625 0.8803846237110613 0.8793262054687602 0.8782677872264589 0.8772093689841578 0.8761509507418566 0.8750925324995553 0.8740341142572542 0.872975696014953 0.8719172777726518 0.8708588595303506 0.8698004412880495 0.8687420230457482 0.8676836048034453 0.8666251865611441 0.8655667683188429 0.8645083500765417 0.8634499318342406 0.8623915135919393 0.8616006186217788 0.8610957120813061 0.8605908055408333 0.8600858990003606 0.8595809924598878 0.8590760859194152 0.8585711793789425 0.8580662728384688 0.8575613662979961 0.8570564597575233 0.8565515532170506 0.8560466466765778 0.8555417401361051 0.8550368335956323
0.8928168220399486 0.8917754308684139 0.8907340396968793 0.8896926485253445 0.8886512573538098 0.8876098661822751 0.8865684750107404 0.8855270838392058 0.8844856926676711 0.8834443014961363 0.8824029103246016 0.8813615191530652 0.8803201279815305 0.8792787368099958 0.8782373456384611 0.8771959544669263 0.8761545632953917 0.875113172123857 0.8740717809523223 0.8730303897807876 0.8719889986092529 0.8709476074377182 0.8699062162661835 0.8688648250946488 0.8678234339231123 0.8667820427515777 0.865740651580043 0.8646992604085082 0.8636578692369735 0.8626164780654388 0.8618492579300779 0.8613751328345384 0.8609010077389987 0.8604268826434591 0.8599527575479196 0.8594786324523799 0.8590045073568403 0.8585303822613 0.8580562571657603 0.8575821320702207 0.8571080069746811 0.8566338818791415 0.8561597567836019 0.8556856316880623
0.8925480014612199 0.8915236373604518 0.8904992732596836 0.8894749091589154 0.8884505450581471 0.8874261809573789 0.8864018168566107 0.8853774527558425 0.8843530886550742 0.883328724554306 0.8823043604535379 0.8812799963527679 0.8802556322519997 0.8792312681512314 0.8782069040504632 0.877182539949695 0.8761581758489267 0.8751338117481586 0.8741094476473904 0.8730850835466222 0.872060719445854 0.8710363553450857 0.8700119912443175 0.8689876271435493 0.8679632630427794 0.8669388989420111 0.8659145348412429 0.8648901707404747 0.8638658066397065 0.8628414425389382 0.8620978972383769 0.8616545535877704 0.861211209937164 0.8607678662865575 0.860324522635951 0.8598811789853447 0.8594378353347382 0.8589944916841309 0.8585511480335245 0.858107804382918 0.8576644607323115 0.8572211170817051 0.8567777734310986 0.8563344297804921
0.8922791808824913 0.8912718438524895 0.8902645068224878 0.889257169792486 0.8882498327624844 0.8872424957324826 0.8862351587024808 0.8852278216724792 0.8842204846424774 0.8832131476124757 0.8822058105824739 0.8811984735524705 0.8801911365224688 0.879183799492467 0.8781764624624653 0.8771691254324636 0.8761617884024618 0.8751544513724602 0.8741471143424584 0.8731397773124567 0.872132440282455 0.8711251032524532 0.8701177662224515 0.8691104291924497 0.8681030921624463 0.8670957551324446 0.8660884181024429 0.8650810810724411 0.8640737440424394 0.8630664070124376 0.8623465365466759 0.8619339743410026 0.8615214121353293 0.861108849929656 0.8606962877239827 0.8602837255183093 0.859871163312636 0.8594586011069619 0.8590460389012886 0.8586334766956153 0.858220914489942 0.8578083522842687 0.8573957900785953 0.856983227872922
0.8920103603037622 0.891020050344527 0.8900297403852918 0.8890394304260566 0.8880491204668214 0.8870588105075862 0.886068500548351 0.8850781905891157 0.8840878806298804 0.8830975706706452 0.88210726071141 0.8811169507521731 0.8801266407929379 0.8791363308337027 0.8781460208744674 0.8771557109152321 0.8761654009559969 0.8751750909967617 0.8741847810375265 0.8731944710782913 0.8722041611190561 0.8712138511598209 0.8702235412005855 0.8692332312413503 0.8682429212821134 0.8672526113228782 0.866262301363643 0.8652719914044078 0.8642816814451725 0.8632913714859373 0.8625951758549751 0.862213395094235 0.8618316143334949 0.8614498335727547 0.8610680528120145 0.8606862720512743 0.8603044912905342 0.8599227105297934 0.8595409297690533 0.8591591490083131 0.858777368247573 0.8583955874868328 0.8580138067260926 0.8576320259653525
0.8917415397250336 0.8907682568365648 0.889794973948096 0.8888216910596274 0.8878484081711586 0.8868751252826899 0.8859018423942211 0.8849285595057523 0.8839552766172837 0.8829819937288149 0.8820087108403462 0.8810354279518757 0.8800621450634071 0.8790888621749383 0.8781155792864695 0.8771422963980008 0.876169013509532 0.8751957306210634 0.8742224477325946 0.8732491648441258 0.8722758819556571 0.8713025990671884 0.8703293161787197 0.8693560332902509 0.8683827504017805 0.8674094675133117 0.8664361846248431 0.8654629017363743 0.8644896188479055 0.8635163359594368 0.8628438151632742 0.8624928158474672 0.8621418165316602 0.8617908172158532 0.8614398179000462 0.8610888185842391 0.8607378192684322 0.8603868199526246 0.8600358206368175 0.8596848213210105 0.8593338220052035 0.8589828226893965 0.8586318233735895 0.8582808240577825
0.8914727191463048 0.8905164633286026 0.8895602075109004 0.8886039516931981 0.8876476958754959 0.8866914400577935 0.8857351842400913 0.884778928422389 0.8838226726046868 0.8828664167869845 0.8819101609692823 0.8809539051515785 0.8799976493338761 0.8790413935161739 0.8780851376984716 0.8771288818807694 0.8761726260630671 0.8752163702453649 0.8742601144276626 0.8733038586099604 0.8723476027922581 0.8713913469745559 0.8704350911568536 0.8694788353391514 0.8685225795214475 0.8675663237037452 0.866610067886043 0.8656538120683407 0.8646975562506385 0.8637413004329362 0.8630924544715732 0.8627722366006993 0.8624520187298255 0.8621318008589516 0.8618115829880777 0.8614913651172038 0.86117114724633 0.8608509293754556 0.8605307115045817 0.8602104936337078 0.8598902757628339 0.8595700578919601 0.8592498400210862 0.8589296221502123
0.8912038985675761 0.8902646698206403 0.8893254410737046 0.8883862123267688 0.887446983579833 0.8865077548328972 0.8855685260859615 0.8846292973390257 0.88369006859209 0.8827508398451542 0.8818116110982185 0.8808723823512811 0.8799331536043453 0.8789939248574096 0.8780546961104738 0.8771154673635381 0.8761762386166023 0.8752370098696665 0.8742977811227307 0.873358552375795 0.8724193236288592 0.8714800948819235 0.8705408661349877 0.869601637388052 0.8686624086411145 0.8677231798941788 0.866783951147243 0.8658447224003073 0.8649054936533715 0.8639662649064357 0.8633410937798723 0.8630516573539316 0.8627622209279908 0.8624727845020501 0.8621833480761094 0.8618939116501686 0.8616044752242279 0.8613150387982866 0.8610256023723459 0.8607361659464052 0.8604467295204645 0.8601572930945237 0.859867856668583 0.8595784202426423
0.8909350779888473 0.8900128763126781 0.8890906746365088 0.8881684729603395 0.8872462712841702 0.8863240696080009 0.8854018679318317 0.8844796662556624 0.8835574645794931 0.8826352629033238 0.8817130612271545 0.8807908595509837 0.8798686578748145 0.8789464561986452 0.8780242545224759 0.8771020528463066 0.8761798511701373 0.875257649493968 0.8743354478177988 0.8734132461416295 0.8724910444654602 0.8715688427892909 0.8706466411131216 0.8697244394369524 0.8688022377607816 0.8678800360846123 0.866957834408443 0.8660356327322737 0.8651134310561044 0.8641912293799352 0.8635897330881713 0.8633310781071637 0.8630724231261562 0.8628137681451485 0.8625551131641409 0.8622964581831334 0.8620378032021258 0.8617791482211177 0.8615204932401102 0.8612618382591025 0.8610031832780949 0.8607445282970874 0.8604858733160797 0.8602272183350722
0.8906662574101186 0.8897610828047158 0.888855908199313 0.8879507335939102 0.8870455589885075 0.8861403843831046 0.8852352097777019 0.884330035172299 0.8834248605668963 0.8825196859614934 0.8816145113560907 0.8807093367506864 0.8798041621452836 0.8788989875398808 0.877993812934478 0.8770886383290752 0.8761834637236724 0.8752782891182695 0.8743731145128668 0.8734679399074641 0.8725627653020612 0.8716575906966584 0.8707524160912556 0.8698472414858528 0.8689420668804485 0.8680368922750458 0.8671317176696429 0.8662265430642402 0.8653213684588373 0.8644161938534346 0.8638383723964703 0.8636104988603959 0.8633826253243214 0.863154751788247 0.8629268782521725 0.8626990047160981 0.8624711311800236 0.8622432576439487 0.8620153841078744 0.8617875105717999 0.8615596370357255 0.861331763499651 0.8611038899635766 0.8608760164275021
0.8903974368313897 0.8895092892967533 0.888621141762117 0.8877329942274808 0.8868448466928445 0.8859566991582082 0.8850685516235719 0.8841804040889356 0.8832922565542993 0.882404109019663 0.8815159614850268 0.8806278139503889 0.8797396664157526 0.8788515188811163 0.8779633713464801 0.8770752238118438 0.8761870762772075 0.8752989287425712 0.8744107812079349 0.8735226336732986 0.8726344861386623 0.8717463386040261 0.8708581910693898 0.8699700435347535 0.8690818960001157 0.8681937484654794 0.8673056009308431 0.8664174533962068 0.8655293058615705 0.8646411583269342 0.8640870117047695 0.8638899196136283 0.863692827522487 0.8634957354313457 0.8632986433402043 0.8631015512490631 0.8629044591579218 0.8627073670667802 0.8625102749756389 0.8623131828844977 0.8621160907933564 0.8619189987022151 0.8617219066110738 0.8615248145199326
