Figures/CREST_Example_wjb_NSE/PETs/wjb.pet.20100110.asc
ncols            288
nrows            254
xllcorner        113.274861
yllcorner        31.4918055
cellsize         0.008333333333
NODATA_value     -9999
[rows 171 to 189 of 254, columns 86 to 128 of 288]
0.27108691469951796 0.2701081493872277 0.2691293840749375 0.26815061876264734 0.2671718534503571 0.26619308813806525 0.265214322825775 0.2642355575134848 0.2632567922011946 0.2622780268889044 0.2612992615766142 0.26032049626432396 0.2593417309520338 0.25836296563974354 0.25738420032745335 0.25640543501516316 0.2554167448108449 0.254417444672535 0.25341814453422346 0.25241884439591356 0.25141954425760366 0.2504202441192938 0.2494209439809839 0.24842164384267404 0.24742234370436417 0.24642304356605427 0.2454237434277444 0.24442444328943452 0.24342514315112462 0.24242584301281475 0.24142654287450488 0.2404272427361933 0.23942794259788341 0.23842864245957351 0.23742934232126364 0.23643004218295377 0.23543074204464387 0.234431441906334 0.23343214176802413 0.23243284162971423 0.23143354149140435 0.23043424135309448 0.22943494121478458
0.2716813652000568 0.27066193393053284 0.2696425026610088 0.26862307139148484 0.2676036401219608 0.2665842088524351 0.2655647775829111 0.2645453463133871 0.2635259150438631 0.2625064837743391 0.2614870525048151 0.2604676212352911 0.25944818996576713 0.2584287586962431 0.2574093274267191 0.2563898961571951 0.2553675421180557 0.25434206357211 0.25331658502616256 0.25229110648021685 0.25126562793427115 0.25024014938832545 0.24921467084237978 0.24818919229643407 0.2471637137504884 0.2461382352045427 0.24511275665859703 0.24408727811265132 0.24306179956670562 0.24203632102075995 0.24101084247481425 0.23998536392886682 0.23895988538292112 0.23793440683697542 0.23690892829102975 0.23588344974508405 0.23485797119913837 0.23383249265319267 0.232807014107247 0.2317815355613013 0.23075605701535562 0.22973057846940992 0.22870509992346422
0.2722758157005958 0.27121571847383796 0.2701556212470802 0.2690955240203224 0.2680354267935646 0.26697532956680503 0.2659152323400472 0.26485513511328945 0.26379503788653164 0.2627349406597739 0.26167484343301606 0.2606147462062583 0.2595546489795005 0.2584945517527427 0.2574344545259849 0.25637435729922714 0.25531833942526644 0.254266682471685 0.25321502551810166 0.25216336856452015 0.25111171161093865 0.25006005465735714 0.24900839770377567 0.24795674075019417 0.24690508379661266 0.24585342684303116 0.24480176988944968 0.24375011293586818 0.24269845598228668 0.24164679902870517 0.24059514207512367 0.23954348512154036 0.23849182816795889 0.23744017121437738 0.23638851426079588 0.23533685730721438 0.23428520035363287 0.23323354340005137 0.23218188644646987 0.23113022949288836 0.23007857253930686 0.22902691558572535 0.22797525863214388
0.27287026620113464 0.2717695030171431 0.2706687398331515 0.26956797664915993 0.26846721346516833 0.2673664502811749 0.2662656870971833 0.26516492391319174 0.26406416072920014 0.2629633975452086 0.261862634361217 0.26076187117722543 0.25966110799323383 0.2585603448092423 0.2574595816252507 0.25635881844125913 0.2552691367324772 0.2541913013712599 0.25311346601004076 0.25203563064882345 0.25095779528760614 0.24987995992638884 0.24880212456517153 0.24772428920395423 0.2466464538427369 0.2455686184815196 0.24449078312030229 0.24341294775908498 0.24233511239786767 0.24125727703665037 0.24017944167543306 0.2391016063142139 0.2380237709529966 0.2369459355917793 0.23586810023056198 0.23479026486934468 0.23371242950812737 0.23263459414691004 0.23155675878569273 0.23047892342447543 0.22940108806325812 0.22832325270204082 0.2272454173408235
0.2734647167016736 0.2723232875604482 0.2711818584192228 0.2700404292779975 0.2688990001367721 0.2677575709955448 0.2666161418543194 0.2654747127130941 0.2643332835718687 0.26319185443064336 0.26205042528941797 0.2609089961481926 0.25976756700696724 0.25862613786574185 0.2574847087245165 0.2563432795832911 0.255219934039688 0.2541159202708349 0.2530119065019799 0.2519078927331268 0.25080387896427364 0.24969986519542053 0.24859585142656743 0.2474918376577143 0.24638782388886118 0.24528381012000805 0.24417979635115494 0.24307578258230184 0.2419717688134487 0.2408677550445956 0.23976374127574246 0.23865972750688746 0.23755571373803436 0.23645169996918122 0.23534768620032812 0.23424367243147498 0.23313965866262187 0.23203564489376874 0.23093163112491563 0.2298276173560625 0.2287236035872094 0.22761958981835625 0.22651557604950315
0.27405916720221296 0.2728770721037538 0.27169497700529455 0.27051288190683537 0.2693307868083762 0.26814869170991495 0.2669665966114558 0.2657845015129966 0.2646024064145374 0.26342031131607824 0.262238216217619 0.2610561211191598 0.25987402602070064 0.25869193092224146 0.2575098358237823 0.25632774072532305 0.2551707313468987 0.25404053917040975 0.2529103469939189 0.25178015481742994 0.25064996264094097 0.24951977046445203 0.2483895782879631 0.24725938611147413 0.2461291939349852 0.24499900175849623 0.2438688095820073 0.24273861740551833 0.2416084252290294 0.24047823305254043 0.2393480408760515 0.2382178486995606 0.23708765652307165 0.2359574643465827 0.23482727217009375 0.2336970799936048 0.23256688781711587 0.2314366956406269 0.23030650346413797 0.229176311287649 0.22804611911116007 0.2269159269346711 0.22578573475818217
0.2746536177027519 0.2734308566470589 0.27220809559136594 0.270985334535673 0.26976257347997995 0.2685398124242849 0.2673170513685919 0.26609429031289894 0.264871529257206 0.26364876820151295 0.26242600714582 0.261203246090127 0.25998048503443405 0.2587577239787411 0.25753496292304806 0.2563122018673551 0.25512152865410953 0.25396515806998476 0.252808787485858 0.2516524169017333 0.2504960463176085 0.24933967573348376 0.248183305149359 0.24702693456523422 0.24587056398110946 0.2447141933969847 0.24355782281285995 0.2424014522287352 0.24124508164461042 0.24008871106048565 0.23893234047636092 0.23777596989223418 0.2366195993081094 0.23546322872398465 0.23430685813985988 0.23315048755573514 0.23199411697161038 0.2308377463874856 0.22968137580336084 0.22852500521923608 0.22736863463511134 0.22621226405098657 0.2250558934668618
0.2761362498585307 0.27490594265256435 0.27367563544659806 0.2724453282406317 0.27121502103466544 0.26998471382869704 0.2687544066227307 0.2675240994167644 0.2662937922107981 0.2650634850048318 0.2638331777988655 0.26260287059289916 0.2613725633869329 0.26014225618096654 0.25891194897500025 0.2576816417690339 0.25645919961652885 0.25524516538401215 0.25403113115149334 0.25281709691897664 0.25160306268645993 0.25038902845394323 0.24917499422142653 0.2479609599889098 0.2467469257563931 0.2455328915238764 0.24431885729135966 0.24310482305884296 0.24189078882632625 0.24067675459380955 0.23946272036129282 0.23824868612877403 0.23703465189625733 0.23582061766374063 0.23460658343122393 0.2333925491987072 0.2321785149661905 0.23096448073367376 0.22975044650115706 0.22853641226864035 0.22732237803612365 0.22610834380360692 0.22489430957109022
0.27856829221915747 0.2773658418489234 0.2761633914786893 0.2749609411084552 0.2737584907382211 0.27255604036798503 0.27135358999775094 0.27015113962751686 0.26894868925728277 0.2677462388870487 0.2665437885168146 0.2653413381465805 0.2641388877763464 0.2629364374061124 0.2617339870358783 0.2605315366656442 0.2592793510977945 0.25797399747912136 0.256668643860446 0.25536329024177284 0.2540579366230997 0.25275258300442655 0.2514472293857534 0.2501418757670803 0.24883652214840712 0.247531168529734 0.24622581491106085 0.2449204612923877 0.24361510767371455 0.24230975405504143 0.24100440043636828 0.2396990468176929 0.23839369319901976 0.2370883395803466 0.2357829859616735 0.23447763234300034 0.2331722787243272 0.23186692510565404 0.23056157148698092 0.22925621786830777 0.22795086424963462 0.22664551063096147 0.22534015701228832
0.28100033457978424 0.2798257410452824 0.2786511475107806 0.2774765539762787 0.27630196044177685 0.275127366907273 0.27395277337277113 0.2727781798382693 0.27160358630376746 0.2704289927692656 0.26925439923476374 0.2680798057002619 0.26690521216576 0.2657306186312582 0.26455602509675635 0.26338143156225446 0.2620995025790602 0.2607028295742306 0.25930615656939865 0.25790948356456905 0.25651281055973946 0.2551161375549099 0.2537194645500803 0.2523227915452507 0.2509261185404212 0.2495294455355916 0.24813277253076202 0.24673609952593245 0.24533942652110285 0.2439427535162733 0.24254608051144372 0.24114940750661176 0.2397527345017822 0.2383560614969526 0.23695938849212303 0.23556271548729346 0.23416604248246387 0.2327693694776343 0.23137269647280473 0.22997602346797516 0.2285793504631456 0.227182677458316 0.22578600445348643
0.283432376940411 0.28228564024164143 0.2811389035428718 0.27999216684410216 0.27884543014533253 0.27769869344656095 0.27655195674779137 0.27540522004902174 0.2742584833502521 0.27311174665148247 0.2719650099527129 0.27081827325394325 0.2696715365551736 0.268524799856404 0.26737806315763435 0.26623132645886477 0.2649196540603258 0.2634316616693398 0.2619436692783513 0.26045567688736526 0.25896768449637925 0.25747969210539323 0.2559916997144072 0.2545037073234212 0.2530157149324352 0.25152772254144923 0.2500397301504632 0.2485517377594772 0.24706374536849118 0.24557575297750517 0.24408776058651915 0.2425997681955306 0.24111177580454463 0.2396237834135586 0.2381357910225726 0.23664779863158658 0.2351598062406006 0.23367181384961458 0.23218382145862856 0.23069582906764258 0.22920783667665656 0.22771984428567055 0.22623185189468453
0.2858644193010378 0.2847455394380004 0.283626659574963 0.28250777971192564 0.2813888998488882 0.28027001998584894 0.27915114012281156 0.2780322602597741 0.27691338039673674 0.27579450053369936 0.274675620670662 0.2735567408076246 0.2724378609445872 0.2713189810815498 0.2702001012185124 0.269081221355475 0.26773980554159144 0.266160493764449 0.2645811819873039 0.26300187021016147 0.261422558433019 0.25984324665587655 0.2582639348787341 0.2566846231015917 0.25510531132444925 0.2535259995473068 0.2519466877701644 0.25036737599302195 0.24878806421587948 0.24720875243873705 0.24562944066159462 0.24405012888444946 0.24247081710730703 0.2408915053301646 0.23931219355302216 0.2377328817758797 0.23615356999873727 0.23457425822159483 0.2329949464444524 0.23141563466730997 0.2298363228901675 0.22825701111302507 0.22667769933588264
0.28829646166166667 0.28720543863436154 0.2861144156070564 0.28502339257975123 0.2839323695524461 0.2828413465251391 0.28175032349783397 0.28065930047052884 0.2795682774432237 0.2784772544159186 0.2773862313886134 0.2762952083613083 0.27520418533400315 0.274113162306698 0.2730221392793929 0.2719311162520877 0.2705599570228595 0.26888932585956055 0.26721869469625875 0.26554806353295984 0.2638774323696609 0.2622068012063619 0.26053617004306295 0.25886553887976405 0.2571949077164651 0.2555242765531661 0.25385364538986716 0.25218301422656825 0.2505123830632693 0.24884175189997032 0.24717112073667138 0.24550048957336956 0.24382985841007063 0.2421592272467717 0.24048859608347273 0.23881796492017376 0.23714733375687483 0.2354767025935759 0.23380607143027693 0.232135440266978 0.23046480910367903 0.2287941779403801 0.22712354677708113
0.2907285040222935 0.28966533783072057 0.2886021716391477 0.28753900544757477 0.28647583925600184 0.28541267306442714 0.2843495068728542 0.28328634068128133 0.2822231744897084 0.2811600082981355 0.2800968421065626 0.2790336759149897 0.2779705097234168 0.2769073435318439 0.27584417734027095 0.2747810111486981 0.2733801085041252 0.2716181579546698 0.26985620740521143 0.26809425685575605 0.26633230630630067 0.2645703557568453 0.2628084052073899 0.2610464546579345 0.25928450410847914 0.25752255355902376 0.2557606030095684 0.253998652460113 0.2522367019106576 0.25047475136120223 0.24871280081174685 0.24695085026228847 0.24518889971283309 0.24342694916337768 0.2416649986139223 0.2399030480644669 0.23814109751501153 0.23637914696555615 0.23461719641610077 0.23285524586664538 0.23109329531719 0.22933134476773462 0.22756939421827924
0.2931605463829202 0.29212523702707954 0.29108992767123887 0.2900546183153982 0.2890193089595575 0.28798399960371507 0.2869486902478744 0.2859133808920337 0.28487807153619304 0.28384276218035237 0.2828074528245117 0.281772143468671 0.28073683411283035 0.2797015247569897 0.278666215401149 0.2776309060453083 0.2762002599853909 0.274346990049779 0.27249372011416406 0.27064045017855226 0.26878718024294046 0.2669339103073286 0.2650806403717168 0.263227370436105 0.2613741005004932 0.2595208305648814 0.25766756062926954 0.25581429069365774 0.25396102075804594 0.2521077508224341 0.2502544808868223 0.24840121095120732 0.24654794101559552 0.2446946710799837 0.24284140114437186 0.24098813120876006 0.23913486127314826 0.23728159133753643 0.2354283214019246 0.2335750514663128 0.231721781530701 0.22986851159508917 0.22801524165947734
0.29559258874354705 0.29458513622343857 0.29357768370333015 0.2925702311832217 0.29156277866311325 0.29055532614300306 0.28954787362289464 0.28854042110278616 0.28753296858267774 0.28652551606256926 0.28551806354246084 0.2845106110223524 0.28350315850224395 0.2824957059821355 0.28148825346202705 0.28048080094191863 0.2790204114666565 0.2770758221448883 0.2751312328231167 0.27318664350134847 0.2712420541795802 0.269297464857812 0.2673528755360437 0.2654082862142755 0.2634636968925072 0.261519107570739 0.2595745182489707 0.2576299289272025 0.2556853396054342 0.253740750283666 0.2517961609618977 0.24985157164012617 0.24790698231835792 0.24596239299658967 0.24401780367482143 0.24207321435305318 0.24012862503128493 0.23818403570951668 0.23623944638774844 0.2342948570659802 0.23235026774421194 0.2304056784224437 0.22846108910067545
0.2980246311041738 0.2970450354197976 0.2960654397354214 0.29508584405104515 0.29410624836666893 0.29312665268229104 0.2921470569979148 0.2911674613135386 0.2901878656291624 0.2892082699447862 0.28822867426041 0.28724907857603377 0.28626948289165755 0.2852898872072813 0.2843102915229051 0.2833306958385289 0.28184056294792215 0.2798046542399975 0.2777687455320693 0.2757328368241447 0.27369692811622 0.2716610194082953 0.2696251107003706 0.26758920199244596 0.26555329328452126 0.26351738457659657 0.2614814758686719 0.25944556716074724 0.25740965845282254 0.25537374974489785 0.2533378410369732 0.251301932329045 0.24926602362112035 0.2472301149131957 0.245194206205271 0.24315829749734633 0.24112238878942163 0.23908648008149697 0.23705057137357227 0.2350146626656476 0.2329787539577229 0.23094284524979825 0.22890693654187355
0.3004566734648006 0.2995049346161566 0.29855319576751266 0.29760145691886863 0.29664971807022467 0.2956979792215791 0.29474624037293506 0.2937945015242911 0.29284276267564713 0.2918910238270031 0.29093928497835914 0.28998754612971517 0.28903580728107114 0.2880840684324272 0.2871323295837832 0.28618059073513924 0.2846607144291879 0.2825334863351068 0.280406258241022 0.2782790301469409 0.2761518020528598 0.27402457395877866 0.27189734586469755 0.26977011777061644 0.2676428896765353 0.2655156615824542 0.2633884334883731 0.261261205394292 0.25913397730021087 0.25700674920612976 0.25487952111204865 0.2527522930179639 0.2506250649238828 0.2484978368298017 0.2463706087357206 0.24424338064163945 0.24211615254755833 0.23998892445347722 0.2378616963593961 0.235734468265315 0.23360724017123388 0.23148001207715277 0.22935278398307166
0.3028887158254295 0.30196483381251776 0.301040951799606 0.3001170697866943 0.29919318777378257 0.29826930576086924 0.2973454237479575 0.29642154173504576 0.29549765972213404 0.29457377770922233 0.29364989569631056 0.29272601368339884 0.29180213167048713 0.29087824965757536 0.28995436764466365 0.28903048563175193 0.2874808659104559 0.2852623184302183 0.2830437709499769 0.28082522346973926 0.2786066759895017 0.27638812850926403 0.2741695810290264 0.2719510335487888 0.26973248606855116 0.2675139385883135 0.26529539110807593 0.2630768436278383 0.26085829614760064 0.25863974866736306 0.2564212011871254 0.254202653706884 0.25198410622664635 0.24976555874640877 0.24754701126617112 0.2453284637859335 0.2431099163056959 0.24089136882545825 0.23867282134522064 0.23645427386498302 0.23423572638474538 0.23201717890450776 0.22979863142427015
