Figures/CREST_Example_wjb_NSE/PETs/wjb.pet.20090809.asc
ncols            288
nrows            254
xllcorner        113.274861
yllcorner        31.4918055
cellsize         0.008333333333
NODATA_value     -9999
[rows 60 to 79 of 254, columns 44 to 87 of 288]
2.0904898298705317 2.0904702380701723 2.090450646269813 2.090431054469454 2.0904114626690946 2.0903918708687357 2.0903722790683763 2.0903526872680174 2.090333095467658 2.0903135036672986 2.0902939118669397 2.0902743200665803 2.0902547282662214 2.090235136465862 2.090215544665503 2.0901959528651437 2.0901763610647843 2.0901567692644254 2.090137177464066 2.090117585663707 2.0900979938633477 2.090078402062989 2.0900588102626294 2.09003921846227 2.090019626661911 2.0900000348615517 2.089980443061193 2.0899608512608334 2.0944890689041125 2.1038789976506855 2.1132689263972586 2.1226588551438312 2.1320487838904043 2.1414387126369774 2.1508286413835664 2.1602185701301395 2.169608498876712 2.178998427623285 2.1883883563698583 2.1977782851164314 2.207168213863004 2.216558142609577 2.22594807135615 2.235338000102723
2.09344529135832 2.093445233314318 2.093445175270316 2.093445117226314 2.093445059182312 2.09344500113831 2.093444943094308 2.093444885050306 2.0934448270063037 2.0934447689623017 2.0934447109182996 2.0934446528742976 2.0934445948302955 2.0934445367862935 2.0934444787422914 2.0934444206982894 2.0934443626542873 2.0934443046102853 2.0934442465662833 2.093444188522281 2.0934441304782796 2.0934440724342775 2.0934440143902755 2.0934439563462734 2.0934438983022714 2.0934438402582694 2.0934437822142673 2.0934437241702653 2.097902358596496 2.107127436066867 2.116352513537237 2.125577591007608 2.134802668477979 2.1440277459483497 2.153252823418736 2.1624779008891064 2.1717029783594772 2.180928055829848 2.190153133300219 2.1993782107705893 2.20860328824096 2.217828365711331 2.2270534431817017 2.236278520652072
2.0964007528461086 2.096420228558464 2.0964397042708187 2.096459179983174 2.0964786556955293 2.096498131407884 2.0965176071202394 2.096537082832594 2.0965565585449495 2.0965760342573048 2.0965955099696596 2.096614985682015 2.09663446139437 2.096653937106725 2.0966734128190803 2.0966928885314355 2.0967123642437904 2.0967318399561456 2.096751315668501 2.0967707913808558 2.096790267093211 2.0968097428055663 2.096829218517921 2.0968486942302764 2.0968681699426313 2.0968876456549865 2.096907121367342 2.0969265970796966 2.101315648288879 2.1103758744830476 2.119436100677216 2.128496326871385 2.137556553065553 2.1466167792597215 2.1556770054539056 2.1647372316480737 2.1737974578422423 2.182857684036411 2.1919179102305795 2.2009781364247476 2.210038362618916 2.2190985888130847 2.2281588150072533 2.2372190412014215
2.099356214333897 2.0993952238026092 2.099434233271322 2.099473242740034 2.099512252208746 2.0995512616774583 2.0995902711461705 2.099629280614883 2.0996682900835952 2.0997072995523074 2.0997463090210196 2.099785318489732 2.0998243279584443 2.0998633374271565 2.0999023468958686 2.099941356364581 2.0999803658332934 2.1000193753020056 2.1000583847707177 2.10009739423943 2.100136403708142 2.1001754131768546 2.100214422645567 2.100253432114279 2.100292441582991 2.1003314510517037 2.100370460520416 2.100409469989128 2.104728937981262 2.1136243128992285 2.122519687817195 2.1314150627351607 2.140310437653127 2.1492058125710933 2.1581011874890748 2.166996562407041 2.175891937325007 2.1847873122429733 2.1936826871609396 2.202578062078906 2.211473436996872 2.220368811914838 2.2292641868328045 2.238159561750771
2.1023116758216855 2.102370219046755 2.1024287622718245 2.102487305496894 2.1025458487219635 2.1026043919470325 2.102662935172102 2.1027214783971715 2.102780021622241 2.1028385648473105 2.10289710807238 2.102955651297449 2.1030141945225185 2.103072737747588 2.1031312809726574 2.103189824197727 2.1032483674227964 2.1033069106478655 2.103365453872935 2.1034239970980044 2.103482540323074 2.1035410835481434 2.103599626773213 2.103658169998282 2.1037167132233514 2.103775256448421 2.1038337996734904 2.10389234289856 2.1081422276736457 2.1168727513154093 2.1256032749571734 2.1343337985989375 2.1430643222407015 2.151794845882465 2.1605253695242443 2.1692558931660084 2.177986416807772 2.186716940449536 2.1954474640913 2.2041779877330643 2.212908511374828 2.221639035016592 2.230369558658356 2.23910008230012
2.1052671373094745 2.105345214290901 2.105423291272327 2.105501368253754 2.1055794452351804 2.105657522216607 2.1057355991980335 2.10581367617946 2.1058917531608867 2.1059698301423135 2.10604790712374 2.1061259841051663 2.106204061086593 2.1062821380680194 2.1063602150494463 2.1064382920308726 2.106516369012299 2.106594445993726 2.106672522975152 2.106750599956579 2.1068286769380054 2.106906753919432 2.1069848309008585 2.1070629078822853 2.1071409848637117 2.107219061845138 2.107297138826565 2.1073752158079913 2.1115555173660288 2.1201211897315906 2.1286868620971524 2.137252534462714 2.1458182068282756 2.1543838791938374 2.162949551559414 2.1715152239249753 2.180080896290537 2.188646568656099 2.197212241021661 2.2057779133872226 2.214343585752784 2.222909258118346 2.2314749304839077 2.2400406028494695
2.108222598797265 2.108320209535049 2.1084178202728325 2.1085154310106162 2.1086130417484 2.1087106524861836 2.1088082632239673 2.108905873961751 2.109003484699535 2.109101095437319 2.1091987061751025 2.109296316912886 2.10939392765067 2.1094915383884536 2.1095891491262373 2.109686759864021 2.1097843706018047 2.1098819813395884 2.109979592077372 2.1100772028151558 2.1101748135529395 2.1102724242907236 2.1103700350285073 2.110467645766291 2.1105652565040747 2.1106628672418584 2.110760477979642 2.1108580887174258 2.114968807058415 2.123369628147774 2.1317704492371337 2.140171270326493 2.148572091415852 2.1569729125052115 2.1653737335945853 2.1737745546839444 2.182175375773304 2.190576196862663 2.1989770179520227 2.207377839041382 2.215778660130741 2.2241794812201006 2.2325803023094597 2.2409811233988193
2.1111780602850536 2.1112952047791946 2.111412349273335 2.1115294937674762 2.1116466382616172 2.111763782755758 2.111880927249899 2.11199807174404 2.112115216238181 2.1122323607323215 2.1123495052264625 2.1124666497206035 2.112583794214744 2.112700938708885 2.112818083203026 2.1129352276971667 2.1130523721913077 2.1131695166854487 2.1132866611795893 2.1134038056737303 2.113520950167871 2.1136380946620124 2.113755239156153 2.113872383650294 2.113989528144435 2.1141066726385755 2.1142238171327166 2.114340961626857 2.118382096750798 2.1266180665639554 2.1348540363771122 2.1430900061902696 2.1513259760034265 2.159561945816584 2.167797915629755 2.1760338854429118 2.184269855256069 2.192505825069226 2.200741794882383 2.20897776469554 2.217213734508697 2.2254497043218544 2.2336856741350113 2.2419216439481686
2.114133521772842 2.1142702000233404 2.1144068782738383 2.1145435565243362 2.114680234774834 2.1148169130253325 2.1149535912758304 2.1150902695263283 2.1152269477768266 2.1153636260273245 2.1155003042778224 2.1156369825283208 2.1157736607788187 2.1159103390293166 2.1160470172798145 2.116183695530313 2.1163203737808107 2.1164570520313086 2.1165937302818065 2.116730408532305 2.1168670867828028 2.117003765033301 2.117140443283799 2.117277121534297 2.117413799784795 2.117550478035293 2.117687156285791 2.117823834536289 2.1217953864431816 2.129866504980136 2.1379376235170913 2.146008742054046 2.154079860591001 2.1621509791279556 2.1702220976649245 2.178293216201879 2.1863643347388337 2.194435453275789 2.2025065718127435 2.2105776903496985 2.218648808886653 2.2267199274236082 2.234791045960563 2.242862164497518
2.1170889832606306 2.117245195267486 2.117401407274341 2.1175576192811962 2.1177138312880515 2.1178700432949067 2.1180262553017615 2.1181824673086167 2.1183386793154724 2.118494891322327 2.1186511033291824 2.1188073153360376 2.118963527342893 2.119119739349748 2.119275951356603 2.119432163363458 2.1195883753703133 2.1197445873771685 2.1199007993840238 2.120057011390879 2.1202132233977338 2.1203694354045894 2.1205256474114447 2.1206818594182995 2.1208380714251547 2.12099428343201 2.121150495438865 2.1213067074457204 2.125208676135564 2.133114943396317 2.1410212106570694 2.1489274779178222 2.1568337451785746 2.1647400124393275 2.172646279700093 2.180552546960846 2.1884588142215984 2.196365081482351 2.2042713487431036 2.2121776160038564 2.220083883264609 2.2279901505253616 2.235896417786114 2.243802685046867
2.1200444447484195 2.1202201905116316 2.120395936274844 2.1205716820380562 2.1207474278012683 2.120923173564481 2.121098919327693 2.1212746650909056 2.121450410854118 2.1216261566173302 2.121801902380543 2.121977648143755 2.122153393906967 2.1223291396701796 2.1225048854333917 2.122680631196604 2.1228563769598163 2.1230321227230284 2.123207868486241 2.123383614249453 2.1235593600126657 2.123735105775878 2.1239108515390903 2.124086597302303 2.124262343065515 2.124438088828727 2.1246138345919396 2.1247895803551518 2.1286219658279477 2.136363381812498 2.1441047977970484 2.1518462137815986 2.159587629766149 2.1673290457506993 2.1750704617352628 2.1828118777198133 2.1905532937043635 2.198294709688914 2.206036125673464 2.2137775416580148 2.221518957642565 2.2292603736271155 2.2370017896116656 2.244743205596216
2.122999906236208 2.1231951857557774 2.123390465275347 2.1235857447949162 2.1237810243144857 2.123976303834055 2.1241715833536245 2.124366862873194 2.124562142392764 2.1247574219123333 2.1249527014319027 2.125147980951472 2.1253432604710416 2.125538539990611 2.1257338195101805 2.12592909902975 2.1261243785493193 2.126319658068889 2.126514937588458 2.1267102171080277 2.126905496627597 2.127100776147167 2.1272960556667364 2.127491335186306 2.1276866147058753 2.1278818942254447 2.128077173745014 2.1282724532645836 2.1320352555203312 2.139611820228679 2.147188384937027 2.1547649496453753 2.1623415143537232 2.1699180790620716 2.1774946437704323 2.1850712084787807 2.1926477731871286 2.200224337895477 2.2078009026038248 2.215377467312173 2.222954032020521 2.2305305967288693 2.238107161437217 2.245683726145565
2.125955367723999 2.126170180999926 2.126384994275852 2.126599807551779 2.1268146208277057 2.127029434103632 2.1272442473795588 2.127459060655485 2.1276738739314123 2.127888687207339 2.1281035004832654 2.128318313759192 2.1285331270351184 2.128747940311045 2.128962753586972 2.1291775668628983 2.129392380138825 2.129607193414752 2.129822006690678 2.130036819966605 2.130251633242531 2.1304664465184584 2.1306812597943847 2.1308960730703115 2.1311108863462382 2.1313256996221646 2.1315405128980913 2.131755326174018 2.135448545212717 2.1428602586448626 2.1502719720770083 2.157683685509154 2.1650953989413 2.1725071123734456 2.1799188258056037 2.1873305392377493 2.1947422526698954 2.202153966102041 2.2095656795341867 2.2169773929663323 2.224389106398478 2.2318008198306236 2.2392125332627697 2.2466242466949153
2.1289108292117875 2.1291451762440716 2.1293795232763553 2.129613870308639 2.1298482173409226 2.130082564373206 2.1303169114054903 2.130551258437774 2.130785605470058 2.1310199525023417 2.1312542995346253 2.1314886465669094 2.131722993599193 2.1319573406314767 2.1321916876637603 2.1324260346960444 2.132660381728328 2.1328947287606117 2.1331290757928953 2.133363422825179 2.133597769857463 2.133832116889747 2.134066463922031 2.1343008109543145 2.1345351579865985 2.134769505018882 2.135003852051166 2.1352381990834495 2.1388618349051005 2.146108697061044 2.1533555592169873 2.1606024213729307 2.167849283528874 2.1750961456848175 2.1823430078407733 2.1895898699967167 2.1968367321526605 2.204083594308604 2.2113304564645473 2.2185773186204907 2.225824180776434 2.2330710429323775 2.240317905088321 2.2475647672442647
2.1318662906995764 2.132120171488217 2.132374052276858 2.132627933065499 2.13288181385414 2.133135694642781 2.133389575431422 2.1336434562200624 2.1338973370087038 2.1341512177973447 2.1344050985859857 2.1346589793746267 2.134912860163267 2.135166740951908 2.135420621740549 2.13567450252919 2.135928383317831 2.136182264106472 2.1364361448951126 2.1366900256837535 2.1369439064723945 2.137197787261036 2.137451668049677 2.1377055488383174 2.1379594296269584 2.1382133104155994 2.1384671912042403 2.1387210719928813 2.1422751245974836 2.1493571354772247 2.156439146356966 2.1635211572367075 2.1706031681164486 2.1776851789961897 2.184767189875943 2.191849200755684 2.198931211635425 2.2060132225151667 2.213095233394908 2.220177244274649 2.22725925515439 2.2343412660341313 2.2414232769138724 2.2485052877936136
2.134821752187365 2.1350951667323628 2.135368581277361 2.135641995822359 2.135915410367357 2.136188824912355 2.136462239457353 2.136735654002351 2.1370090685473495 2.137282483092348 2.1375558976373457 2.137829312182344 2.138102726727342 2.1383761412723397 2.138649555817338 2.138922970362336 2.139196384907334 2.139469799452332 2.1397432139973303 2.140016628542328 2.140290043087326 2.1405634576323247 2.1408368721773225 2.141110286722321 2.1413837012673187 2.141657115812317 2.141930530357315 2.1422039449023127 2.145688414289867 2.152605573893406 2.159522733496945 2.166439893100484 2.1733570527040227 2.1802742123075616 2.1871913719111125 2.1941085315146514 2.2010256911181902 2.2079428507217296 2.2148600103252685 2.2217771699288074 2.2286943295323463 2.235611489135885 2.242528648739424 2.249445808342963
2.1377772136751534 2.1380701619765086 2.1383631102778637 2.138656058579219 2.138949006880574 2.1392419551819293 2.1395349034832845 2.1398278517846396 2.1401208000859953 2.1404137483873504 2.1407066966887056 2.140999644990061 2.141292593291416 2.141585541592771 2.1418784898941263 2.1421714381954815 2.1424643864968367 2.142757334798192 2.143050283099547 2.143343231400902 2.1436361797022574 2.143929128003613 2.144222076304968 2.1445150246063234 2.1448079729076786 2.1451009212090337 2.145393869510389 2.145686817811744 2.1491017039822498 2.1558540123095864 2.1626063206369235 2.16935862896426 2.1761109372915968 2.1828632456189334 2.1896155539462816 2.1963678622736182 2.2031201706009553 2.209872478928292 2.2166247872556286 2.2233770955829653 2.230129403910302 2.236881712237639 2.2436340205649756 2.2503863288923123
2.1407326751629414 2.141045157220654 2.1413576392783664 2.1416701213360785 2.141982603393791 2.142295085451503 2.1426075675092155 2.142920049566928 2.1432325316246406 2.143545013682353 2.1438574957400656 2.1441699777977776 2.14448245985549 2.1447949419132026 2.1451074239709147 2.145419906028627 2.1457323880863397 2.1460448701440518 2.1463573522017643 2.1466698342594763 2.146982316317189 2.147294798374902 2.147607280432614 2.1479197624903263 2.148232244548039 2.148544726605751 2.1488572086634634 2.149169690721176 2.1525149936746333 2.1591024507257677 2.165689907776902 2.1722773648280365 2.1788648218791713 2.1854522789303057 2.192039735981451 2.1986271930325856 2.2052146500837204 2.211802107134855 2.218389564185989 2.2249770212371236 2.231564478288258 2.2381519353393924 2.244739392390527 2.2513268494416616
2.14368813665073 2.1440201524647997 2.144352168278869 2.1446841840929385 2.145016199907008 2.1453482157210777 2.145680231535147 2.1460122473492165 2.1463442631632867 2.146676278977356 2.1470082947914255 2.147340310605495 2.1476723264195647 2.148004342233634 2.1483363580477035 2.148668373861773 2.1490003896758423 2.149332405489912 2.1496644213039815 2.149996437118051 2.1503284529321203 2.1506604687461905 2.15099248456026 2.1513245003743293 2.151656516188399 2.1519885320024685 2.152320547816538 2.1526525636306073 2.1559282833670164 2.162350889141949 2.168773494916881 2.1751961006918132 2.1816187064667454 2.1880413122416775 2.1944639180166208 2.200886523791553 2.207309129566485 2.213731735341417 2.2201543411163494 2.226576946891282 2.232999552666214 2.2394221584411462 2.2458447642160784 2.2522673699910105
2.1466435981385215 2.146995147708948 2.1473466972793744 2.147698246849801 2.148049796420228 2.1484013459906546 2.1487528955610813 2.149104445131508 2.149455994701935 2.149807544272362 2.150159093842788 2.150510643413215 2.1508621929836416 2.1512137425540683 2.151565292124495 2.1519168416949217 2.152268391265348 2.1526199408357747 2.1529714904062014 2.153323039976628 2.153674589547055 2.154026139117482 2.1543776886879087 2.1547292382583354 2.1550807878287617 2.1554323373991884 2.155783886969615 2.156135436540042 2.1593415730594026 2.1655993275581324 2.1718570820568623 2.1781148365555922 2.1843725910543217 2.1906303455530516 2.196888100051792 2.203145854550522 2.209403609049252 2.215661363547982 2.2219191180467117 2.228176872545441 2.234434627044171 2.240692381542901 2.246950136041631 2.2532078905403607
