Figures/CREST_Example_wjb_NSE/PETs/wjb.pet.20100525.asc
ncols            288
nrows            254
xllcorner        113.274861
yllcorner        31.4918055
cellsize         0.008333333333
NODATA_value     -9999
[rows 160 to 179 of 254, columns 220 to 263 of 288]
3.206743949094292 3.205239794423352 3.203184114627696 3.200538841991742 3.1978935693557875 3.1952482967198335 3.1926030240838794 3.1899577514479254 3.187312478811971 3.184667206176017 3.182021933540063 3.1793766609041083 3.1767313882681543 3.1740861156322002 3.1714408429962413 3.1687955703602873 3.166150297724333 3.163505025088379 3.1608597524524247 3.1582144798164706 3.1555692071805166 3.152923934544562 3.150278661908608 3.147633389272654 3.1449881166367 3.1423428440007455 3.1396975713647914 3.1370522987288325 3.1344070260928785 3.1317617534569244 3.1291164808209704 3.126471208185016 3.1248178472047528 3.1242248622382074 3.123631877271662 3.1230388923051167 3.1224459073385713 3.121852922372026 3.1212599374054806 3.120666952438935 3.1200739674723885 3.119480982505843 3.118887997539298 3.1182950125727524
3.197180791654111 3.1955556245125134 3.1934466343151096 3.1908204263212876 3.1881942183274656 3.185568010333644 3.182941802339822 3.180315594346 3.1776893863521787 3.1750631783583567 3.1724369703645348 3.1698107623707132 3.1671845543768913 3.1645583463830693 3.1619321383892434 3.1593059303954214 3.1566797224015994 3.154053514407778 3.151427306413956 3.148801098420134 3.1461748904263125 3.1435486824324905 3.1409224744386686 3.138296266444847 3.135670058451025 3.133043850457203 3.130417642463381 3.127791434469555 3.1251652264757332 3.1225390184819113 3.1199128104880898 3.117286602494268 3.1156478978966584 3.1150648567835946 3.114481815670531 3.1138987745574678 3.1133157334444044 3.112732692331341 3.1121496512182776 3.1115666101052137 3.1109835689921495 3.110400527879086 3.1098174867660227 3.109234445652959
3.1876176342139306 3.185871454601675 3.1837091540025235 3.1811020106508336 3.178494867299144 3.1758877239474548 3.1732805805957653 3.170673437244076 3.1680662938923865 3.165459150540697 3.162852007189007 3.1602448638373177 3.1576377204856283 3.155030577133939 3.152423433782245 3.1498162904305556 3.147209147078866 3.1446020037271767 3.141994860375487 3.1393877170237974 3.136780573672108 3.1341734303204185 3.131566286968729 3.1289591436170396 3.12635200026535 3.1237448569136603 3.121137713561971 3.118530570210277 3.1159234268585876 3.113316283506898 3.1107091401552087 3.1081019968035193 3.106477948588563 3.1059048513289818 3.1053317540694003 3.1047586568098184 3.104185559550237 3.1036124622906556 3.103039365031074 3.1024662677714923 3.10189317051191 3.1013200732523285 3.1007469759927466 3.100173878733165
3.1780544767737418 3.1761872846908283 3.1739716736899286 3.1713835949803717 3.1687955162708143 3.1662074375612574 3.1636193588517 3.161031280142143 3.158443201432586 3.155855122723029 3.1532670440134716 3.1506789653039147 3.1480908865943573 3.1455028078848004 3.1429147291752386 3.1403266504656817 3.1377385717561244 3.1351504930465675 3.13256241433701 3.129974335627453 3.127386256917896 3.124798178208339 3.1222100994987816 3.1196220207892242 3.1170339420796673 3.11444586337011 3.111857784660553 3.1092697059509913 3.1066816272414344 3.104093548531877 3.10150546982232 3.0989173911127628 3.097307999280461 3.0967448458743614 3.0961816924682615 3.095618539062162 3.095055385656062 3.0944922322499626 3.093929078843863 3.0933659254377632 3.092802772031663 3.092239618625563 3.0916764652194635 3.0911133118133636
3.1684913193335613 3.16650311477999 3.1642341933773426 3.1616651793099178 3.159096165242493 3.156527151175068 3.1539581371076433 3.1513891230402185 3.1488201089727936 3.146251094905369 3.143682080837944 3.141113066770519 3.1385440527030943 3.1359750386356695 3.1334060245682407 3.130837010500816 3.128267996433391 3.125698982365966 3.1231299682985414 3.1205609542311166 3.1179919401636917 3.115422926096267 3.112853912028842 3.1102848979614173 3.1077158838939924 3.1051468698265676 3.102577855759143 3.1000088416917135 3.0974398276242887 3.094870813556864 3.092301799489439 3.0897327854220142 3.088138049972366 3.087584840419748 3.0870316308671306 3.0864784213145127 3.085925211761895 3.085372002209277 3.0848187926566597 3.0842655831040418 3.083712373551423 3.0831591639988054 3.0826059544461875 3.08205274489357
3.158928161893381 3.1568189448691517 3.1544967130647565 3.151946763639464 3.1493968142141715 3.146846864788879 3.1442969153635865 3.141746965938294 3.1391970165130014 3.136647067087709 3.1340971176624164 3.131547168237124 3.128997218811832 3.126447269386539 3.1238973199612423 3.1213473705359496 3.1187974211106573 3.116247471685365 3.1136975222600722 3.11114757283478 3.108597623409487 3.106047673984195 3.103497724558902 3.10094777513361 3.0983978257083176 3.095847876283025 3.0932979268577325 3.0907479774324353 3.088198028007143 3.0856480785818508 3.083098129156558 3.0805481797312657 3.078968100664271 3.0784248349651353 3.0778815692659993 3.0773383035668638 3.076795037867728 3.076251772168592 3.0757085064694563 3.0751652407703203 3.0746219750711834 3.074078709372048 3.073535443672912 3.0729921779737763
3.1493650044532004 3.147134774958314 3.1447592327521705 3.1422283479690103 3.13969746318585 3.13716657840269 3.1346356936195297 3.1321048088363694 3.1295739240532097 3.1270430392700495 3.1245121544868892 3.121981269703729 3.119450384920569 3.1169195001374086 3.1143886153542444 3.111857730571084 3.109326845787924 3.1067959610047637 3.1042650762216035 3.1017341914384433 3.0992033066552835 3.0966724218721233 3.094141537088963 3.091610652305803 3.0890797675226427 3.0865488827394825 3.0840179979563223 3.081487113173158 3.078956228389998 3.0764253436068376 3.0738944588236774 3.071363574040517 3.0697981513561765 3.0692648295105225 3.068731507664869 3.068198185819215 3.067664863973561 3.067131542127907 3.0665982202822533 3.0660648984365992 3.0655315765909443 3.0649982547452903 3.0644649328996367 3.0639316110539827
3.1398018470130196 3.137450605047475 3.1350217524395836 3.132509932298556 3.129998112157528 3.1274862920165005 3.1249744718754724 3.1224626517344447 3.119950831593417 3.117439011452389 3.114927191311361 3.1124153711703335 3.109903551029306 3.1073917308882777 3.1048799107472456 3.102368090606218 3.09985627046519 3.0973444503241625 3.0948326301831344 3.0923208100421067 3.089808989901079 3.087297169760051 3.084785349619023 3.0822735294779955 3.079761709336968 3.0772498891959397 3.074738069054912 3.07222624891388 3.069714428772852 3.0672026086318245 3.0646907884907963 3.0621789683497687 3.0606282020480817 3.0601048240559097 3.0595814460637376 3.0590580680715656 3.0585346900793935 3.058011312087222 3.05748793409505 3.0569645561028778 3.056441178110705 3.0559178001185328 3.0553944221263607 3.054871044134189
3.130238689572839 3.1277664351366368 3.1252842721269976 3.122791516628102 3.120298761129207 3.117806005630311 3.1153132501314156 3.1128204946325204 3.110327739133625 3.107834983634729 3.1053422281358336 3.1028494726369384 3.100356717138043 3.0978639616391472 3.0953712061402476 3.092878450641352 3.0903856951424564 3.0878929396435613 3.0854001841446657 3.08290742864577 3.0804146731468744 3.0779219176479793 3.0754291621490837 3.072936406650188 3.0704436511512925 3.0679508956523973 3.0654581401535017 3.062965384654602 3.0604726291557065 3.057979873656811 3.0554871181579157 3.05299436265902 3.0514582527399865 3.0509448186012964 3.0504313844626068 3.0499179503239167 3.0494045161852266 3.0488910820465365 3.0483776479078464 3.0478642137691563 3.0473507796304653 3.046837345491775 3.046323911353085 3.045810477214395
3.1206755321326587 3.1180822652257985 3.1155467918144115 3.1130731009576484 3.1105994101008854 3.1081257192441223 3.1056520283873588 3.1031783375305957 3.1007046466738326 3.0982309558170695 3.0957572649603065 3.0932835741035434 3.09080988324678 3.0883361923900168 3.0858625015332497 3.083388810676486 3.080915119819723 3.07844142896296 3.075967738106197 3.073494047249434 3.071020356392671 3.0685466655359077 3.066072974679144 3.063599283822381 3.061125592965618 3.058651902108855 3.056178211252092 3.0537045203953244 3.0512308295385613 3.048757138681798 3.046283447825035 3.0438097569682716 3.042288303431892 3.041784813146684 3.041281322861476 3.0407778325762678 3.0402743422910596 3.0397708520058515 3.0392673617206434 3.038763871435435 3.038260381150226 3.0377568908650177 3.0372534005798095 3.0367499102946014
3.11111237469247 3.1083980953149517 3.105809311501817 3.103354685287186 3.1009000590725555 3.0984454328579245 3.0959908066432935 3.093536180428663 3.091081554214032 3.0886269279994014 3.0861723017847704 3.08371767557014 3.081263049355509 3.078808423140878 3.076353796926243 3.0738991707116123 3.0714445444969813 3.068989918282351 3.06653529206772 3.064080665853089 3.0616260396384583 3.0591714134238273 3.0567167872091967 3.0542621609945657 3.051807534779935 3.049352908565304 3.046898282350673 3.044443656136038 3.0419890299214076 3.0395344037067766 3.037079777492146 3.034625151277515 3.0331183541237894 3.032624807692063 3.032131261260337 3.0316377148286104 3.0311441683968843 3.030650621965158 3.030157075533432 3.0296635291017058 3.0291699826699787 3.028676436238252 3.028182889806526 3.0276893433748
3.1015492172522894 3.0987139254041134 3.096071831189231 3.0936362696167325 3.0912007080442336 3.088765146471735 3.0863295848992367 3.0838940233267382 3.0814584617542398 3.0790229001817413 3.076587338609243 3.0741517770367444 3.071716215464246 3.0692806538917474 3.066845092319245 3.0644095307467465 3.061973969174248 3.0595384076017496 3.057102846029251 3.0546672844567526 3.052231722884254 3.0497961613117557 3.0473605997392568 3.0449250381667583 3.04248947659426 3.0400539150217614 3.037618353449263 3.0351827918767604 3.032747230304262 3.0303116687317635 3.027876107159265 3.0254405455867666 3.0239484048156946 3.02346480223745 3.0229811996592058 3.0224975970809616 3.0220139945027173 3.0215303919244727 3.0210467893462285 3.0205631867679843 3.020079584189739 3.0195959816114946 -9999.0 -9999.0
3.091986059812109 3.089029755493275 3.0863343508766445 3.0839178539462786 3.081501357015912 3.0790848600855463 3.07666836315518 3.074251866224814 3.071835369294448 3.0694188723640816 3.0670023754337157 3.0645858785033493 3.0621693815729834 3.059752884642617 3.057336387712247 3.0549198907818806 3.0525033938515147 3.0500868969211483 3.0476703999907824 3.045253903060416 3.04283740613005 3.0404209091996837 3.0380044122693177 3.0355879153389513 3.0331714184085854 3.030754921478219 3.028338424547853 3.0259219276174827 3.0235054306871167 3.0210889337567504 3.0186724368263844 3.016255939896018 3.0147784555076 3.0143047967828376 3.013831138058075 3.0133574793333127 3.0128838206085504 3.0124101618837877 3.0119365031590255 3.011462844434263 3.0109891857094997 -9999.0 -9999.0 -9999.0
3.082422902371928 3.0793455855824363 3.076596870564058 3.074199438275824 3.0718020059875903 3.0694045736993565 3.067007141411123 3.064609709122889 3.0622122768346554 3.0598148445464215 3.0574174122581876 3.055019979969954 3.05262254768172 3.050225115393486 3.047827683105248 3.0454302508170144 3.043032818528781 3.040635386240547 3.038237953952313 3.0358405216640794 3.0334430893758455 3.0310456570876116 3.028648224799378 3.026250792511144 3.02385336022291 3.0214559279346767 3.019058495646443 3.016661063358205 3.014263631069971 3.0118661987817372 3.0094687664935034 3.0070713342052695 3.005608506199505 3.0051447913282243 3.004681076456944 3.0042173615856633 3.003753646714383 3.0032899318431023 3.002826216971822 -9999.0 -9999.0 -9999.0 -9999.0 -9999.0
3.0728597449317476 3.069661415671598 3.066859390251472 3.0644810226053707 3.062102654959269 3.0597242873131676 3.0573459196670663 3.0549675520209645 3.052589184374863 3.050210816728762 3.04783244908266 3.0454540814365587 3.043075713790457 3.0406973461443556 3.0383189784982503 3.0359406108521485 3.033562243206047 3.031183875559946 3.028805507913844 3.0264271402677427 3.0240487726216414 3.0216704049755396 3.0192920373294383 3.016913669683337 3.014535302037235 3.012156934391134 3.0097785667450325 3.0074001990989268 3.0050218314528254 3.0026434638067236 3.0002650961606223 2.997886728514521 2.9964385568914103 2.9959847858736115 2.9955310148558127 2.9950772438380144 2.9946234728202157 2.9941697018024174 -9999.0 -9999.0 -9999.0 -9999.0 -9999.0 -9999.0
3.063296587491567 3.0599772457607597 3.057121909938886 3.0547626069349167 3.0524033039309475 3.0500440009269782 3.0476846979230094 3.04532539491904 3.042966091915071 3.0406067889111017 3.038247485907133 3.0358881829031636 3.0335288798991944 3.031169576895225 3.028810273891252 3.026450970887283 3.024091667883314 3.0217323648793446 3.0193730618753754 3.0170137588714065 3.0146544558674373 3.012295152863468 3.009935849859499 3.00757654685553 3.0052172438515607 3.0028579408475915 3.0004986378436223 2.9981393348396495 2.99578003183568 2.993420728831711 2.9910614258277417 2.9887021228237725 2.9872686075833155 2.986824780418999 2.9863809532546823 2.9859371260903655 2.9854932989260488 2.9850494717617324 -9999.0 -9999.0 -9999.0 -9999.0 -9999.0 -9999.0
3.0537334300513783 3.050293075849913 3.047384429626291 3.0450441912644544 3.0427039529026176 3.040363714540781 3.038023476178944 3.0356832378171075 3.0333429994552703 3.0310027610934336 3.028662522731597 3.02632228436976 3.0239820460079234 3.0216418076460863 3.0193015692842455 3.016961330922409 3.014621092560572 3.0122808541987354 3.0099406158368986 3.0076003774750615 3.0052601391132248 3.002919900751388 3.0005796623895513 2.9982394240277146 2.9958991856658774 2.9935589473040407 2.991218708942204 2.9888784705803633 2.9865382322185265 2.9841979938566894 2.9818577554948527 2.979517517133016 2.9780986582752127 2.977664774964378 2.977230891653543 2.9767970083427087 2.976363125031874 -9999.0 -9999.0 -9999.0 -9999.0 -9999.0 -9999.0 -9999.0
3.044170272611198 3.0406089059390746 3.037646949313705 3.035325775594001 3.033004601874296 3.0306834281545916 3.0283622544348874 3.0260410807151827 3.0237199069954785 3.021398733275774 3.0190775595560693 3.016756385836365 3.0144352121166604 3.0121140383969562 3.0097928646772476 3.007471690957543 3.0051505172378388 3.002829343518134 3.00050816979843 2.9981869960787253 2.9958658223590207 2.9935446486393165 2.991223474919612 2.9889023011999076 2.986581127480203 2.9842599537604984 2.981938780040794 2.9796176063210855 2.9772964326013813 2.9749752588816767 2.972654085161972 2.970332911442268 2.9689287089671184 2.9685047695097655 2.9680808300524126 2.9676568905950598 -9999.0 -9999.0 -9999.0 -9999.0 -9999.0 -9999.0 -9999.0 -9999.0
3.042670560659486 3.0390209173684313 3.0360302565897848 3.033744063030816 3.031457869471848 3.0291716759128793 3.0268854823539106 3.0245992887949424 3.022313095235974 3.0200269016770056 3.017740708118037 3.0154545145590688 3.0131683210001 3.0108821274411315 3.0085959338821593 3.006309740323191 3.0040235467642225 3.001737353205254 2.9994511596462856 2.997164966087317 2.9948787725283488 2.99259257896938 2.990306385410412 2.9880201918514433 2.9857339982924747 2.9834478047335065 2.981161611174538 2.9788754176155656 2.976589224056597 2.974303030497629 2.97201683693866 2.969730643379692 2.968331754873037 2.9678814155531232 2.967431076233209 -9999.0 -9999.0 -9999.0 -9999.0 -9999.0 -9999.0 -9999.0 -9999.0 -9999.0
3.049790163673158 3.046087236325233 3.043094173921923 3.0408599732098778 3.0386257724978325 3.0363915717857872 3.034157371073742 3.0319231703616967 3.029688969649651 3.0274547689376057 3.0252205682255604 3.022986367513515 3.02075216680147 3.0185179660894246 3.0162837653773757 3.0140495646653305 3.011815363953285 3.00958116324124 3.0073469625291946 3.0051127618171494 3.002878561105104 3.0006443603930584 2.998410159681013 2.996175958968968 2.9939417582569225 2.9917075575448773 2.989473356832832 2.987239156120783 2.985004955408738 2.9827707546966926 2.9805365539846473 2.978302353272602 2.9768987922825847 2.9763832039585068 2.975867615634429 -9999.0 -9999.0 -9999.0 -9999.0 -9999.0 -9999.0 -9999.0 -9999.0 -9999.0
