Figures/CREST_Example_wjb_NSE/PETs/wjb.pet.20100416.asc
ncols            288
nrows            254
xllcorner        113.274861
yllcorner        31.4918055
cellsize         0.008333333333
NODATA_value     -9999
[rows 20 to 39 of 254, columns 88 to 131 of 288]
2.7161784066367654 2.7174504806904913 2.718722554744217 2.719994628797945 2.7212667028516706 2.7225387769053966 2.723810850959122 2.725082925012848 2.726354999066574 2.7276270731202996 2.7288991471740256 2.730171221227751 2.731443295281477 2.732715369335203 2.732440085571189 2.730510641312398 2.728581197053604 2.726651752794813 2.7247223085360224 2.722792864277231 2.7208634200184405 2.71893397575965 2.7170045315008586 2.715075087242068 2.713145642983277 2.711216198724486 2.7092867544656953 2.7073573102069046 2.7054278659481135 2.703498421689319 2.7015689774305285 2.6996395331717378 2.6977100889129466 -9999.0 -9999.0 -9999.0 -9999.0 -9999.0 -9999.0 -9999.0 -9999.0 -9999.0 -9999.0 -9999.0
2.718051571503268 2.719400728796312 2.7207498860893566 2.722099043382403 2.7234482006754477 2.7247973579684923 2.7261465152615365 2.727495672554581 2.7288448298476253 2.73019398714067 2.731543144433714 2.732892301726759 2.734241459019803 2.7355906163128476 2.735367331820518 2.733463071504832 2.7315588111891427 2.7296545508734567 2.7277502905577706 2.725846030242084 2.723941769926398 2.722037509610712 2.720133249295026 2.71822898897934 2.716324728663654 2.714420468347968 2.712516208032282 2.710611947716596 2.7087076874009095 2.7068034270852204 2.7048991667695343 2.7029949064538483 2.7010906461381623 -9999.0 -9999.0 -9999.0 -9999.0 -9999.0 -9999.0 -9999.0 -9999.0 -9999.0 -9999.0 -9999.0
2.7199247363697694 2.7213509769021327 2.7227772174344955 2.724203457966861 2.7256296984992243 2.727055939031587 2.7284821795639504 2.7299084200963133 2.7313346606286766 2.7327609011610394 2.7341871416934027 2.7356133822257656 2.737039622758129 2.7384658632904917 2.7382945780698464 2.7364155016972656 2.7345364253246807 2.7326573489520998 2.7307782725795184 2.728899196206937 2.7270201198343558 2.7251410434617744 2.723261967089193 2.7213828907166118 2.719503814344031 2.7176247379714495 2.715745661598868 2.713866585226287 2.7119875088537055 2.710108432481121 2.7082293561085398 2.7063502797359584 2.7044712033633775 2.702592126990796 2.700713050618215 2.6988339742456335 -9999.0 2.695075821500471 -9999.0 -9999.0 -9999.0 -9999.0 -9999.0 -9999.0
2.721797901236272 2.7233012250079534 2.7248045487796353 2.7263078725513195 2.727811196323001 2.729314520094683 2.7308178438663644 2.7323211676380463 2.733824491409728 2.7353278151814098 2.7368311389530913 2.738334462724773 2.7398377864964547 2.7413411102681366 2.7412218243191755 2.7393679318896993 2.7375140394602195 2.735660147030743 2.7338062546012667 2.73195236217179 2.730098469742314 2.728244577312837 2.7263906848833606 2.7245367924538844 2.7226829000244077 2.7208290075949315 2.718975115165455 2.7171212227359782 2.715267330306502 2.7134134378770223 2.711559545447546 2.7097056530180694 2.707851760588593 2.7059978681591166 2.70414397572964 2.7022900833001637 2.700436190870687 2.6985822984412104 2.6967284060117342 -9999.0 -9999.0 -9999.0 -9999.0 -9999.0
2.723671066102774 2.725251473113774 2.7268318801247746 2.7284122871357774 2.729992694146778 2.731573101157778 2.733153508168779 2.734733915179779 2.7363143221907795 2.7378947292017797 2.7394751362127803 2.7410555432237804 2.742635950234781 2.744216357245781 2.7441490705685045 2.742320362082133 2.7404916535957584 2.7386629451093865 2.736834236623015 2.7350055281366434 2.7331768196502715 2.7313481111639 2.729519402677528 2.7276906941911565 2.725861985704785 2.724033277218413 2.7222045687320415 2.7203758602456696 2.718547151759298 2.7167184432729234 2.7148897347865515 2.71306102630018 2.7112323178138085 2.7094036093274365 2.707574900841065 2.705746192354693 2.7039174838683215 2.70208877538195 2.700260066895578 -9999.0 -9999.0 -9999.0 -9999.0 -9999.0
2.725544230969276 2.7272017212195947 2.728859211469914 2.7305167017202354 2.7321741919705547 2.7338316822208735 2.7354891724711927 2.7371466627215115 2.7388041529718303 2.7404616432221496 2.7421191334724684 2.7437766237227876 2.7454341139731064 2.7470916042234252 2.747076316817833 2.7452727922745663 2.7434692677312964 2.7416657431880296 2.7398622186447628 2.738058694101496 2.736255169558229 2.7344516450149623 2.7326481204716955 2.730844595928428 2.7290410713851614 2.7272375468418946 2.7254340222986277 2.723630497755361 2.721826973212094 2.720023448668824 2.7182199241255574 2.7164163995822905 2.7146128750390233 2.7128093504957564 2.7110058259524896 2.709202301409223 2.707398776865956 2.705595252322689 2.7037917277794223 -9999.0 -9999.0 -9999.0 -9999.0 -9999.0
2.727417395835778 2.7291519693254154 2.7308865428150533 2.732621116304694 2.7343556897943313 2.7360902632839688 2.7378248367736067 2.739559410263244 2.741293983752882 2.7430285572425195 2.7447631307321574 2.746497704221795 2.7482322777114323 2.74996685120107 2.750003563067162 2.7482252224670005 2.7464468818668353 2.744668541266673 2.742890200666511 2.741111860066349 2.7393335194661868 2.7375551788660246 2.7357768382658625 2.733998497665701 2.7322201570655387 2.7304418164653765 2.7286634758652144 2.7268851352650523 2.72510679466489 2.723328454064725 2.7215501134645628 2.719771772864401 2.717993432264239 2.716215091664077 2.7144367510639147 2.7126584104637526 2.7108800698635904 2.7091017292634283 2.707323388663266 -9999.0 -9999.0 -9999.0 -9999.0 -9999.0
2.7292905607022813 2.731102217431238 2.732913874160194 2.7347255308891536 2.7365371876181097 2.7383488443470663 2.740160501076023 2.741972157804979 2.7437838145339355 2.7455954712628916 2.747407127991848 2.7492187847208043 2.751030441449761 2.752842098178717 2.752930809316494 2.7511776526594365 2.7494244960023764 2.747671339345319 2.7459181826882615 2.7441650260312045 2.742411869374147 2.74065871271709 2.7389055560600326 2.7371523994029756 2.735399242745918 2.7336460860888607 2.7318929294318037 2.7301397727747463 2.7283866161176893 2.7266334594606287 2.7248803028035717 2.7231271461465143 2.7213739894894573 2.7196208328324 2.717867676175343 2.7161145195182854 2.714361362861228 2.712608206204171 2.7108550495471135 2.7091018928900565 2.707348736232999 2.705595579575942 -9999.0 -9999.0
2.7319766658389852 2.7338667150451594 2.7357567642513336 2.737646813457511 2.739536862663685 2.7414269118698593 2.7433169610760335 2.7452070102822077 2.747097059488382 2.748987108694556 2.7508771579007303 2.7527672071069045 2.7546572563130787 2.756547305519253 2.756677918036048 2.754927652948926 2.7531773878618013 2.75142712277468 2.749676857687558 2.7479265926004364 2.7461763275133144 2.744426062426193 2.742675797339071 2.7409255322519495 2.7391752671648275 2.737425002077706 2.735674736990584 2.7339244719034625 2.7321742068163406 2.730423941729216 2.728673676642094 2.7269234115549725 2.7251731464678506 2.723422881380729 2.721672616293607 2.7199223512064856 2.7181720861193637 2.716421821032242 2.71467155594512 2.7129212908579987 2.7111710257708768 2.7094207606837553 2.7076704955966306 2.7059202305095087
2.735531752861729 2.7375015940378766 2.7394714352140244 2.741441276390175 2.743411117566323 2.7453809587424707 2.7473507999186184 2.7493206410947657 2.7512904822709134 2.753260323447061 2.755230164623209 2.7572000057993566 2.7591698469755044 2.7611396881516517 2.7613014080369633 2.759530205378583 2.7577590027201997 2.7559878000618196 2.754216597403439 2.752445394745059 2.750674192086679 2.7489029894282986 2.7471317867699185 2.745360584111538 2.743589381453158 2.741818178794778 2.7400469761363975 2.7382757734780174 2.7365045708196374 2.734733368161254 2.7329621655028737 2.7311909628444937 2.729419760186113 2.727648557527733 2.725877354869353 2.7241061522109726 2.7223349495525926 2.720563746894212 2.718792544235832 2.717021341577452 2.7152501389190715 2.7134789362606915 2.7117077336023083 2.709936530943928
2.739086839884473 2.7411364730305943 2.743186106176715 2.74523573932284 2.747285372468961 2.749335005615082 2.7513846387612033 2.7534342719073246 2.7554839050534454 2.7575335381995667 2.759583171345688 2.7616328044918093 2.76368243763793 2.7657320707840514 2.765924898037879 2.76413275780824 2.7623406175785985 2.76054847734896 2.7587563371193213 2.7569641968896823 2.7551720566600437 2.753379916430405 2.751587776200766 2.7497956359711275 2.748003495741489 2.7462113555118504 2.7444192152822113 2.7426270750525727 2.740834934822934 2.7390427945932925 2.7372506543636534 2.735458514134015 2.7336663739043763 2.7318742336747373 2.7300820934450987 2.72828995321546 2.7264978129858215 2.7247056727561825 2.722913532526544 2.7211213922969053 2.7193292520672663 2.7175371118376277 2.715744971607986 2.7139528313783474
2.7426419269072166 2.7447713520233115 2.746900777139406 2.749030202255504 2.7511596273715986 2.7532890524876934 2.755418477603788 2.7575479027198826 2.7596773278359774 2.761806752952072 2.7639361780681666 2.766065603184261 2.768195028300356 2.7703244534164506 2.770548388038794 2.768735310237897 2.766922232436997 2.7651091546360997 2.7632960768352026 2.7614829990343055 2.759669921233408 2.757856843432511 2.7560437656316137 2.7542306878307166 2.7524176100298194 2.7506045322289223 2.748791454428025 2.7469783766271276 2.7451652988262305 2.7433522210253303 2.741539143224433 2.739726065423536 2.737912987622639 2.736099909821742 2.734286832020844 2.732473754219947 2.73066067641905 2.728847598618153 2.7270345208172557 2.7252214430163586 2.723408365215461 2.721595287414564 2.7197822096136637 2.7179691318127666
2.7461970139299607 2.7484062310160287 2.750615448102097 2.752824665188169 2.755033882274237 2.757243099360305 2.759452316446373 2.7616615335324415 2.7638707506185094 2.7660799677045773 2.7682891847906457 2.7704984018767136 2.772707618962782 2.77491683604885 2.77517187803971 2.7733378626675544 2.7715038472953957 2.76966983192324 2.7678358165510843 2.7660018011789287 2.764167785806773 2.7623337704346174 2.7604997550624617 2.758665739690306 2.7568317243181504 2.7549977089459947 2.7531636935738386 2.751329678201683 2.7494956628295273 2.7476616474573685 2.745827632085213 2.743993616713057 2.7421596013409015 2.740325585968746 2.73849157059659 2.7366575552244345 2.734823539852279 2.7329895244801232 2.7311555091079676 2.729321493735812 2.7274874783636562 2.7256534629915 2.7238194476193414 2.7219854322471857
2.7497521009527075 2.752041110008749 2.754330119064791 2.7566191281208363 2.758908137176878 2.7611971462329197 2.763486155288961 2.765775164345003 2.7680641734010445 2.7703531824570864 2.772642191513128 2.7749312005691698 2.777220209625211 2.779509218681253 2.7797953680406295 2.7779404150972153 2.776085462153798 2.774230509210384 2.7723755562669696 2.7705206033235554 2.7686656503801412 2.766810697436727 2.764955744493313 2.7631007915498986 2.7612458386064844 2.7593908856630702 2.757535932719656 2.755680979776242 2.7538260268328276 2.7519710738894103 2.750116120945996 2.748261168002582 2.7464062150591677 2.7445512621157535 2.7426963091723393 2.740841356228925 2.7389864032855114 2.737131450342097 2.735276497398683 2.7334215444552687 2.7315665915118545 2.7297116385684403 2.727856685625023 2.726001732681609
2.7533071879754516 2.7556759890014666 2.7580447900274816 2.760413591053501 2.762782392079516 2.765151193105531 2.7675199941315465 2.7698887951575615 2.7722575961835765 2.774626397209592 2.776995198235607 2.779363999261622 2.7817328002876374 2.7841016013136524 2.7844188580415454 2.7825429675268727 2.780667077012197 2.778791186497524 2.7769152959828514 2.7750394054681786 2.773163514953506 2.7712876244388336 2.769411733924161 2.767535843409488 2.7656599528948154 2.7637840623801426 2.76190817186547 2.760032281350797 2.7581563908361244 2.7562805003214486 2.754404609806776 2.7525287192921035 2.750652828777431 2.748776938262758 2.7469010477480853 2.7450251572334126 2.74314926671874 2.741273376204067 2.7393974856893943 2.737521595174722 2.7356457046600493 2.7337698141453766 2.7318939236307007 2.730018033116028
2.7568622749981957 2.7593108679941842 2.7617594609901728 2.7642080539861658 2.7666566469821543 2.769105239978143 2.7715538329741314 2.77400242597012 2.776451018966109 2.7788996119620974 2.781348204958086 2.7837967979540745 2.786245390950063 2.788693983946052 2.7890423480424613 2.78714551995653 2.7852486918705956 2.7833518637846644 2.781455035698733 2.7795582076128023 2.777661379526871 2.7757645514409397 2.7738677233550084 2.771970895269077 2.7700740671831463 2.768177239097215 2.7662804110112837 2.7643835829253525 2.7624867548394216 2.760589926753487 2.758693098667556 2.7567962705816247 2.7548994424956934 2.753002614409762 2.7511057863238313 2.7492089582379 2.7473121301519687 2.7454153020660375 2.743518473980106 2.7416216458941753 2.739724817808244 2.737827989722313 2.7359311616363784 2.734034333550447
2.7604173620209393 2.7629457469869014 2.7654741319528635 2.76800251691883 2.770530901884792 2.773059286850754 2.7755876718167163 2.7781160567826784 2.7806444417486404 2.7831728267146025 2.7857012116805646 2.7882295966465267 2.790757981612489 2.793286366578451 2.7936658380433768 2.791748072386187 2.789830306728994 2.787912541071804 2.785994775414615 2.784077009757425 2.7821592441002356 2.780241478443046 2.778323712785856 2.7764059471286666 2.774488181471477 2.772570415814287 2.7706526501570976 2.768734884499908 2.7668171188427184 2.7648993531855255 2.7629815875283357 2.761063821871146 2.7591460562139565 2.7572282905567667 2.755310524899577 2.7533927592423875 2.7514749935851976 2.7495572279280083 2.7476394622708185 2.7457216966136286 2.7438039309564393 2.7418861652992494 2.7399683996420565 2.7380506339848667
2.7639724490436834 2.7665806259796186 2.7691888029155542 2.7717969798514943 2.77440515678743 2.7770133337233656 2.779621510659301 2.782229687595237 2.7848378645311724 2.787446041467108 2.7900542184030437 2.7926623953389793 2.795270572274915 2.7978787492108506 2.7982893280442926 2.7963506248158443 2.794411921587393 2.792473218358945 2.7905345151304966 2.788595811902048 2.7866571086736003 2.784718405445152 2.782779702216704 2.7808409989882557 2.7789022957598077 2.7769635925313594 2.7750248893029115 2.773086186074463 2.771147482846015 2.7692087796175637 2.7672700763891154 2.7653313731606675 2.763392669932219 2.761453966703771 2.759515263475323 2.7575765602468745 2.7556378570184266 2.753699153789978 2.7517604505615303 2.749821747333082 2.747883044104634 2.7459443408761857 2.744005637647734 2.7420669344192863
2.767527536066427 2.770215504972336 2.772903473878245 2.7755914427841586 2.7782794116900678 2.780967380595977 2.783655349501886 2.7863433184077953 2.789031287313704 2.791719256219613 2.7944072251255223 2.7970951940314315 2.7997831629373406 2.8024711318432494 2.8029128180452076 2.800953177245501 2.798993536445791 2.7970338956460847 2.795074254846378 2.7931146140466714 2.7911549732469645 2.789195332447258 2.7872356916475516 2.7852760508478447 2.7833164100481382 2.7813567692484313 2.779397128448725 2.7774374876490184 2.7754778468493115 2.7735182060496015 2.771558565249895 2.769598924450188 2.7676392836504817 2.7656796428507753 2.7637200020510684 2.761760361251362 2.759800720451655 2.7578410796519486 2.755881438852242 2.7539217980525352 2.7519621572528288 2.750002516453122 2.748042875653412 2.7460832348537054
2.771082623089171 2.7738503839650535 2.776618144840936 2.7793859057168233 2.782153666592706 2.7849214274685887 2.787689188344471 2.7904569492203537 2.7932247100962364 2.7959924709721187 2.7987602318480014 2.801527992723884 2.8042957535997663 2.807063514475649 2.8075363080461235 2.8055557296751585 2.80357515130419 2.801594572933225 2.7996139945622596 2.7976334161912946 2.7956528378203296 2.7936722594493646 2.791691681078399 2.789711102707434 2.787730524336469 2.7857499459655037 2.7837693675945387 2.7817887892235738 2.7798082108526083 2.7778276324816398 2.775847054110675 2.77386647573971 2.7718858973687444 2.7699053189977794 2.7679247406268144 2.765944162255849 2.763963583884884 2.761983005513919 2.7600024271429535 2.7580218487719885 2.7560412704010235 2.7540606920300585 2.75208011365909 2.7500995352881246
