Figures/CREST_Example_wjb_NSE/PETs/wjb.pet.20101121.asc
ncols            288
nrows            254
xllcorner        113.274861
yllcorner        31.4918055
cellsize         0.008333333333
NODATA_value     -9999
[rows 152 to 170 of 254, columns 176 to 219 of 288]
0.748551545972084 0.7491565444877037 0.7497615430033234 0.7503665415189432 0.750971540034563 0.7515765385501828 0.7521815370658036 0.7527865355814234 0.7533915340970431 0.7539965326126629 0.7546015311282827 0.7552065296439024 0.7558115281595221 0.7564165266751419 0.7570215251907617 0.7576265237063815 0.7582111534716958 0.7587740085820578 0.7593368636924198 0.7598997188027828 0.7604625739131449 0.7610254290235069 0.7615882841338689 0.762151139244231 0.762713994354593 0.763276849464955 0.763839704575317 0.764402559685679 0.7649654147960411 0.7655282699064031 0.7660911250167651 0.7666539801271272 0.7672168352374902 0.7677796903478522 0.7683425454582142 0.7689054005685763 0.7694682556789383 0.7700311107893003 0.7705939658996623 0.7711568210100244 0.7717196761203864 0.7722825312307484 0.7728453863411106 0.7734082414514726
0.7472283413762157 0.7478275921659734 0.748426842955731 0.7490260937454886 0.7496253445352462 0.7502245953250037 0.7508238461147624 0.75142309690452 0.7520223476942776 0.7526215984840352 0.7532208492737927 0.7538201000635504 0.754419350853308 0.7550186016430656 0.7556178524328232 0.7562171032225807 0.7567948890676405 0.7573497284011391 0.7579045677346378 0.7584594070681373 0.759014246401636 0.7595690857351346 0.7601239250686332 0.760678764402132 0.7612336037356306 0.7617884430691293 0.7623432824026279 0.7628981217361266 0.7634529610696252 0.7640078004031239 0.7645626397366225 0.7651174790701212 0.7656723184036208 0.7662271577371195 0.7667819970706181 0.7673368364041168 0.7678916757376154 0.7684465150711141 0.7690013544046127 0.7695561937381113 0.77011103307161 0.7706658724051086 0.7712207117386074 0.771775551072106
0.7459051367803476 0.746498639844243 0.7470921429081385 0.7476856459720339 0.7482791490359293 0.7488726520998248 0.7494661551637212 0.7500596582276166 0.750653161291512 0.7512466643554074 0.7518401674193028 0.7524336704831983 0.7530271735470937 0.7536206766109891 0.7542141796748846 0.75480768273878 0.755378624663585 0.7559254482202202 0.7564722717768555 0.7570190953334918 0.757565918890127 0.7581127424467623 0.7586595660033976 0.7592063895600328 0.7597532131166681 0.7603000366733035 0.7608468602299387 0.761393683786574 0.7619405073432093 0.7624873308998446 0.7630341544564798 0.7635809780131151 0.7641278015697514 0.7646746251263866 0.7652214486830219 0.7657682722396572 0.7663150957962925 0.7668619193529278 0.7674087429095631 0.7679555664661983 0.7685023900228336 0.7690492135794689 0.7695960371361041 0.7701428606927394
0.7445819321844795 0.7451696875225128 0.745757442860546 0.7463451981985793 0.7469329535366125 0.7475207088746458 0.7481084642126801 0.7486962195507133 0.7492839748887465 0.7498717302267798 0.750459485564813 0.7510472409028462 0.7516349962408795 0.7522227515789127 0.752810506916946 0.7533982622549793 0.7539623602595296 0.7545011680393016 0.7550399758190735 0.7555787835988462 0.7561175913786181 0.75665639915839 0.757195206938162 0.7577340147179339 0.7582728224977058 0.7588116302774777 0.7593504380572496 0.7598892458370214 0.7604280536167934 0.7609668613965653 0.7615056691763372 0.7620444769561091 0.762583284735882 0.7631220925156539 0.7636609002954258 0.7641997080751977 0.7647385158549695 0.7652773236347414 0.7658161314145134 0.7663549391942853 0.7668937469740572 0.7674325547538291 0.767971362533601 0.7685101703133729
0.7432587275886114 0.7438407352007825 0.7444227428129536 0.7450047504251247 0.7455867580372958 0.7461687656494668 0.7467507732616389 0.7473327808738099 0.747914788485981 0.7484967960981521 0.7490788037103232 0.7496608113224943 0.7502428189346654 0.7508248265468364 0.7514068341590074 0.7519888417711785 0.7525460958554743 0.7530768878583828 0.7536076798612913 0.7541384718642008 0.7546692638671093 0.7552000558700178 0.7557308478729263 0.7562616398758348 0.7567924318787435 0.757323223881652 0.7578540158845605 0.758384807887469 0.7589155998903775 0.7594463918932861 0.7599771838961946 0.7605079758991031 0.7610387679020125 0.761569559904921 0.7621003519078297 0.7626311439107382 0.7631619359136467 0.7636927279165552 0.7642235199194637 0.7647543119223723 0.7652851039252808 0.7658158959281893 0.7663466879310978 0.7668774799340063
0.7419355229927422 0.7425117828790512 0.74308804276536 0.7436643026516689 0.7442405625379778 0.7448168224242867 0.7453930823105966 0.7459693421969055 0.7465456020832144 0.7471218619695232 0.7476981218558322 0.7482743817421411 0.7488506416284499 0.7494269015147589 0.7500031614010677 0.7505794212873766 0.7511298314514177 0.7516526076774628 0.752175383903508 0.752698160129554 0.7532209363555992 0.7537437125816443 0.7542664888076894 0.7547892650337347 0.7553120412597798 0.7558348174858249 0.7563575937118701 0.7568803699379152 0.7574031461639604 0.7579259223900056 0.7584486986160507 0.7589714748420958 0.7594942510681418 0.7600170272941871 0.7605398035202322 0.7610625797462773 0.7615853559723225 0.7621081321983676 0.7626309084244128 0.763153684650458 0.7636764608765031 0.7641992371025482 0.7647220133285934 0.7652447895546386
0.7406123183968741 0.7411828305573208 0.7417533427177675 0.7423238548782143 0.742894367038661 0.7434648791991078 0.7440353913595554 0.7446059035200021 0.7451764156804489 0.7457469278408956 0.7463174400013423 0.746887952161789 0.7474584643222357 0.7480289764826825 0.7485994886431292 0.749170000803576 0.7497135670473624 0.7502283274965441 0.7507430879457259 0.7512578483949085 0.7517726088440903 0.7522873692932721 0.7528021297424539 0.7533168901916356 0.7538316506408174 0.7543464110899992 0.754861171539181 0.7553759319883627 0.7558906924375445 0.7564054528867262 0.7569202133359081 0.7574349737850898 0.7579497342342725 0.7584644946834542 0.758979255132636 0.7594940155818178 0.7600087760309996 0.7605235364801813 0.7610382969293631 0.761553057378545 0.7620678178277267 0.7625825782769085 0.7630973387260902 0.7636120991752721
0.7392891138010059 0.7398538782355905 0.7404186426701751 0.7409834071047596 0.7415481715393442 0.7421129359739287 0.7426777004085142 0.7432424648430987 0.7438072292776833 0.7443719937122678 0.7449367581468523 0.745501522581437 0.7460662870160215 0.746631051450606 0.7471958158851906 0.7477605803197751 0.7482973026433068 0.7488040473156252 0.7493107919879437 0.749817536660263 0.7503242813325813 0.7508310260048997 0.7513377706772182 0.7518445153495366 0.7523512600218549 0.7528580046941733 0.7533647493664918 0.7538714940388102 0.7543782387111285 0.754884983383447 0.7553917280557654 0.7558984727280837 0.756405217400403 0.7569119620727215 0.7574187067450399 0.7579254514173582 0.7584321960896766 0.7589389407619951 0.7594456854343135 0.7599524301066318 0.7604591747789503 0.7609659194512687 0.761472664123587 0.7619794087959054
0.7379659092051378 0.7385249259138602 0.7390839426225826 0.739642959331305 0.7402019760400274 0.7407609927487497 0.741320009457473 0.7418790261661954 0.7424380428749178 0.7429970595836402 0.7435560762923625 0.7441150930010849 0.7446741097098073 0.7452331264185297 0.7457921431272521 0.7463511598359744 0.7468810382392514 0.7473797671347066 0.7478784960301615 0.7483772249256174 0.7488759538210724 0.7493746827165275 0.7498734116119825 0.7503721405074375 0.7508708694028926 0.7513695982983476 0.7518683271938026 0.7523670560892577 0.7528657849847127 0.7533645138801677 0.7538632427756228 0.7543619716710778 0.7548607005665336 0.7553594294619886 0.7558581583574437 0.7563568872528987 0.7568556161483537 0.7573543450438087 0.7578530739392638 0.7583518028347188 0.7588505317301738 0.7593492606256289 0.7598479895210839 0.7603467184165389
0.7366427046092697 0.73719597359213 0.7377492425749902 0.7383025115578503 0.7388557805407105 0.7394090495235708 0.7399623185064319 0.7405155874892921 0.7410688564721523 0.7416221254550125 0.7421753944378727 0.742728663420733 0.7432819324035931 0.7438352013864533 0.7443884703693135 0.7449417393521737 0.7454647738351962 0.7459554869537878 0.7464462000723795 0.7469369131909719 0.7474276263095636 0.7479183394281552 0.7484090525467468 0.7488997656653386 0.7493904787839302 0.7498811919025219 0.7503719050211135 0.7508626181397051 0.7513533312582968 0.7518440443768885 0.7523347574954801 0.7528254706140718 0.7533161837326643 0.7538068968512559 0.7542976099698475 0.7547883230884392 0.7552790362070309 0.7557697493256225 0.7562604624442142 0.7567511755628058 0.7572418886813974 0.7577326017999891 0.7582233149185807 0.7587140280371724
0.7353195000134016 0.7358670212703997 0.7364145425273977 0.7369620637843958 0.7375095850413937 0.7380571062983918 0.7386046275553908 0.7391521488123888 0.7396996700693869 0.7402471913263848 0.7407947125833829 0.7413422338403809 0.741889755097379 0.742437276354377 0.742984797611375 0.743532318868373 0.7440485094311408 0.7445312067728691 0.7450139041145973 0.7454966014563265 0.7459792987980547 0.746461996139783 0.7469446934815113 0.7474273908232395 0.7479100881649678 0.7483927855066961 0.7488754828484243 0.7493581801901527 0.7498408775318809 0.7503235748736092 0.7508062722153375 0.7512889695570657 0.7517716668987948 0.7522543642405232 0.7527370615822514 0.7532197589239796 0.753702456265708 0.7541851536074362 0.7546678509491644 0.7551505482908928 0.755633245632621 0.7561159429743494 0.7565986403160776 0.7570813376578058
0.7339962954175323 0.7345380689486682 0.7350798424798041 0.7356216160109399 0.7361633895420757 0.7367051630732115 0.7372469366043484 0.7377887101354842 0.73833048366662 0.738872257197756 0.7394140307288918 0.7399558042600276 0.7404975777911634 0.7410393513222993 0.7415811248534352 0.742122898384571 0.7426322450270841 0.743106926591949 0.7435816081568138 0.7440562897216796 0.7445309712865446 0.7450056528514094 0.7454803344162743 0.7459550159811392 0.7464296975460041 0.746904379110869 0.7473790606757339 0.7478537422405988 0.7483284238054637 0.7488031053703286 0.7492777869351935 0.7497524685000584 0.7502271500649241 0.750701831629789 0.751176513194654 0.7516511947595188 0.7521258763243838 0.7526005578892486 0.7530752394541135 0.7535499210189784 0.7540246025838433 0.7544992841487083 0.7549739657135731 0.755448647278438
0.7326730908216642 0.7332091166269379 0.7337451424322116 0.7342811682374852 0.7348171940427589 0.7353532198480326 0.7358892456533073 0.7364252714585809 0.7369612972638546 0.7374973230691282 0.7380333488744019 0.7385693746796755 0.7391054004849492 0.7396414262902229 0.7401774520954966 0.7407134779007702 0.7412159806230287 0.7416826464110302 0.7421493121990318 0.7426159779870342 0.7430826437750356 0.7435493095630371 0.7440159753510387 0.7444826411390402 0.7449493069270418 0.7454159727150432 0.7458826385030448 0.7463493042910463 0.7468159700790479 0.7472826358670493 0.7477493016550508 0.7482159674430524 0.7486826332310548 0.7491492990190562 0.7496159648070577 0.7500826305950593 0.7505492963830608 0.7510159621710624 0.7514826279590638 0.7519492937470654 0.7524159595350669 0.7528826253230685 0.75334929111107 0.7538159568990714
0.7313498862257962 0.7318801643052076 0.7324104423846192 0.7329407204640307 0.7334709985434422 0.7340012766228536 0.734531554702266 0.7350618327816776 0.7355921108610891 0.7361223889405005 0.736652667019912 0.7371829450993236 0.7377132231787351 0.7382435012581465 0.7387737793375581 0.7393040574169696 0.7397997162189733 0.7402583662301115 0.7407170162412496 0.7411756662523886 0.7416343162635267 0.7420929662746649 0.742551616285803 0.7430102662969412 0.7434689163080793 0.7439275663192175 0.7443862163303556 0.7448448663414938 0.7453035163526319 0.7457621663637701 0.7462208163749082 0.7466794663860464 0.7471381163971853 0.7475967664083235 0.7480554164194616 0.7485140664305998 0.7489727164417379 0.7494313664528761 0.7498900164640142 0.7503486664751524 0.7508073164862905 0.7512659664974286 0.7517246165085668 0.7521832665197049
0.7300266816299281 0.7305512119834774 0.7310757423370268 0.731600272690576 0.7321248030441254 0.7326493333976747 0.733173863751225 0.7336983941047742 0.7342229244583236 0.7347474548118729 0.7352719851654222 0.7357965155189715 0.7363210458725209 0.7368455762260703 0.7373701065796195 0.7378946369331689 0.738383451814918 0.7388340860491928 0.7392847202834676 0.7397353545177431 0.7401859887520179 0.7406366229862926 0.7410872572205675 0.7415378914548422 0.741988525689117 0.7424391599233917 0.7428897941576665 0.7433404283919413 0.7437910626262161 0.7442416968604908 0.7446923310947656 0.7451429653290403 0.745593599563316 0.7460442337975907 0.7464948680318655 0.7469455022661402 0.747396136500415 0.7478467707346897 0.7482974049689646 0.7487480392032393 0.7491986734375141 0.7496493076717888 0.7500999419060637 0.7505505761403384
0.7287034770340599 0.729222259661747 0.7297410422894343 0.7302598249171214 0.7307786075448085 0.7312973901724957 0.7318161728001837 0.7323349554278709 0.732853738055558 0.7333725206832452 0.7338913033109323 0.7344100859386195 0.7349288685663066 0.7354476511939938 0.7359664338216809 0.736485216449368 0.7369671874108625 0.737409805868274 0.7378524243256853 0.7382950427830975 0.7387376612405089 0.7391802796979203 0.7396228981553317 0.7400655166127431 0.7405081350701546 0.7409507535275659 0.7413933719849773 0.7418359904423887 0.7422786088998001 0.7427212273572115 0.7431638458146229 0.7436064642720344 0.7440490827294465 0.7444917011868579 0.7449343196442693 0.7453769381016807 0.745819556559092 0.7462621750165035 0.7467047934739148 0.7471474119313263 0.7475900303887377 0.7480326488461491 0.7484752673035605 0.7489178857609718
0.7273802724381918 0.7278933073400168 0.7284063422418418 0.7289193771436667 0.7294324120454917 0.7299454469473167 0.7304584818491425 0.7309715167509675 0.7314845516527926 0.7319975865546176 0.7325106214564425 0.7330236563582675 0.7335366912600925 0.7340497261619174 0.7345627610637424 0.7350757959655674 0.7355509230068072 0.7359855256873552 0.7364201283679033 0.736854731048452 0.7372893337290001 0.737723936409548 0.7381585390900961 0.7385931417706442 0.7390277444511921 0.7394623471317402 0.7398969498122882 0.7403315524928362 0.7407661551733843 0.7412007578539322 0.7416353605344803 0.7420699632150283 0.7425045658955771 0.7429391685761251 0.7433737712566731 0.7438083739372211 0.7442429766177692 0.7446775792983172 0.7451121819788652 0.7455467846594133 0.7459813873399612 0.7464159900205093 0.7468505927010574 0.7472851953816053
0.7260570678423237 0.7265643550182865 0.7270716421942494 0.7275789293702122 0.728086216546175 0.7285935037221377 0.7291007908981014 0.7296080780740642 0.7301153652500271 0.7306226524259899 0.7311299396019526 0.7316372267779154 0.7321445139538783 0.7326518011298411 0.7331590883058039 0.7336663754817667 0.7341346586027518 0.7345612455064365 0.7349878324101211 0.7354144193138066 0.7358410062174912 0.7362675931211758 0.7366941800248605 0.7371207669285451 0.7375473538322298 0.7379739407359145 0.7384005276395991 0.7388271145432838 0.7392537014469684 0.739680288350653 0.7401068752543377 0.7405334621580224 0.7409600490617078 0.7413866359653924 0.741813222869077 0.7422398097727617 0.7426663966764464 0.743092983580131 0.7435195704838157 0.7439461573875004 0.7443727442911849 0.7447993311948696 0.7452259180985543 0.7456525050022389
0.7247338632464545 0.7252354026965551 0.7257369421466557 0.7262384815967564 0.726740021046857 0.7272415604969577 0.7277430999470591 0.7282446393971598 0.7287461788472603 0.729247718297361 0.7297492577474616 0.7302507971975623 0.7307523366476628 0.7312538760977635 0.7317554155478642 0.7322569549979647 0.7327183941986952 0.7331369653255165 0.7335555364523378 0.7339741075791598 0.734392678705981 0.7348112498328023 0.7352298209596236 0.7356483920864448 0.7360669632132661 0.7364855343400875 0.7369041054669087 0.73732267659373 0.7377412477205512 0.7381598188473725 0.7385783899741938 0.738996961101015 0.739415532227837 0.7398341033546583 0.7402526744814796 0.7406712456083008 0.7410898167351221 0.7415083878619434 0.7419269589887646 0.7423455301155859 0.7427641012424071 0.7431826723692284 0.7436012434960497 0.7440198146228709
