Figures/CREST_Example_wjb_NSE/PETs/wjb.pet.20100115.asc
ncols            288
nrows            254
xllcorner        113.274861
yllcorner        31.4918055
cellsize         0.008333333333
NODATA_value     -9999
[rows 209 to 227 of 254, columns 172 to 214 of 288]
0.21304288098751317 0.21329245722850682 0.2135420334695005 0.21379160971049416 0.21404118595148783 0.21429076219248147 0.21454033843347514 0.2147899146744688 0.21503949091546246 0.21528906715645613 0.2155386433974502 0.21578821963844388 0.21603779587943756 0.2162873721204312 0.21653694836142487 0.21678652460241854 0.21703610084341218 0.21728567708440585 0.21753525332539952 0.21778482956639317 0.21797039976866592 0.21808754606730646 0.218204692365947 0.21832183866458774 0.21843898496322828 0.2185561312618688 0.21867327756050933 0.21879042385914987 0.21890757015779042 0.21902471645643093 0.21914186275507147 0.219259009053712 0.21937615535235255 0.21949330165099307 0.2196104479496336 0.21972759424827415 0.21984474054691489 0.2199618868455554 0.22007903314419594 0.22019617944283648 0.22031332574147702 0.22043047204011756 0.22054761833875808
0.21536943183166365 0.2155996631710964 0.21582989451052917 0.21606012584996193 0.21629035718939468 0.21652058852882744 0.21675081986826017 0.21698105120769293 0.21721128254712568 0.21744151388655844 0.2176717452259916 0.21790197656542434 0.2181322079048571 0.21836243924428986 0.21859267058372261 0.21882290192315537 0.21905313326258813 0.21928336460202089 0.21951359594145364 0.21974382728088637 0.2199211539229507 0.22004192424647429 0.2201626945699979 0.22028346489352169 0.2204042352170453 0.2205250055405689 0.22064577586409248 0.22076654618761607 0.2208873165111397 0.22100808683466328 0.22112885715818686 0.22124962748171048 0.22137039780523407 0.22149116812875766 0.22161193845228125 0.22173270877580487 0.22185347909932865 0.22197424942285227 0.22209501974637585 0.22221579006989944 0.22233656039342303 0.22245733071694665 0.22257810104047024
0.2176959826758131 0.21790686911368498 0.21811775555155682 0.2183286419894287 0.21853952842730054 0.21875041486517238 0.21896130130304425 0.2191721877409161 0.21938307417878797 0.2195939606166598 0.21980484705453202 0.2200157334924039 0.22022661993027573 0.2204375063681476 0.22064839280601944 0.22085927924389132 0.22107016568176316 0.221281052119635 0.22149193855750687 0.22170282499537872 0.22187190807723461 0.22199630242564125 0.22212069677404792 0.2222450911224548 0.22236948547086144 0.2224938798192681 0.22261827416767477 0.22274266851608143 0.2228670628644881 0.22299145721289473 0.2231158515613014 0.22324024590970806 0.22336464025811473 0.22348903460652136 0.22361342895492803 0.2237378233033347 0.22386221765174155 0.22398661200014822 0.22411100634855488 0.22423540069696155 0.22435979504536818 0.22448418939377485 0.2246085837421815
0.2200225335199626 0.22021407505627355 0.2204056165925845 0.22059715812889547 0.2207886996652064 0.22098024120151735 0.2211717827378283 0.22136332427413927 0.22155486581045022 0.22174640734676118 0.22193794888307247 0.22212949041938343 0.2223210319556944 0.22251257349200532 0.22270411502831627 0.22289565656462723 0.2230871981009382 0.22327873963724915 0.2234702811735601 0.22366182270987106 0.2238226622315185 0.22395068060480824 0.22407869897809796 0.2242067173513879 0.2243347357246776 0.22446275409796734 0.22459077247125706 0.22471879084454677 0.22484680921783648 0.22497482759112622 0.22510284596441593 0.22523086433770564 0.22535888271099536 0.2254869010842851 0.2256149194575748 0.22574293783086452 0.22587095620415445 0.2259989745774442 0.2261269929507339 0.22625501132402362 0.22638302969731333 0.22651104807060307 0.22663906644389278
0.22234908436411308 0.22252128099886312 0.22269347763361316 0.2228656742683632 0.22303787090311325 0.2232100675378633 0.22338226417261334 0.22355446080736338 0.22372665744211342 0.2238988540768635 0.22407105071161382 0.22424324734636386 0.2244154439811139 0.22458764061586395 0.22475983725061402 0.22493203388536406 0.2251042305201141 0.22527642715486415 0.2254486237896142 0.22562082042436424 0.22577341638580326 0.22590505878397604 0.22603670118214883 0.22616834358032184 0.2262999859784946 0.2264316283766674 0.22656327077484018 0.22669491317301296 0.22682655557118575 0.2269581979693585 0.2270898403675313 0.22722148276570409 0.22735312516387687 0.22748476756204966 0.22761640996022242 0.2277480523583952 0.22787969475656822 0.228011337154741 0.2281429795529138 0.22827462195108655 0.22840626434925934 0.22853790674743213 0.22866954914560492
0.22467563520826253 0.2248284869414517 0.22498133867464085 0.22513419040782998 0.22528704214101913 0.2254398938742083 0.22559274560739742 0.22574559734058658 0.2258984490737757 0.22605130080696487 0.22620415254015427 0.22635700427334343 0.22650985600653256 0.22666270773972172 0.22681555947291088 0.2269684112061 0.22712126293928916 0.22727411467247832 0.22742696640566745 0.2275798181388566 0.2277241705400872 0.22785943696314304 0.22799470338619887 0.22812996980925496 0.2282652362323108 0.22840050265536663 0.2285357690784225 0.22867103550147833 0.22880630192453416 0.22894156834759 0.22907683477064586 0.2292121011937017 0.22934736761675753 0.22948263403981337 0.22961790046286923 0.22975316688592506 0.22988843330898112 0.23002369973203698 0.23015896615509282 0.23029423257814866 0.2304294990012045 0.23056476542426035 0.2307000318473162
0.22700218605241204 0.22713569288404029 0.22726919971566853 0.22740270654729677 0.22753621337892502 0.22766972021055326 0.2278032270421815 0.22793673387380975 0.228070240705438 0.22820374753706624 0.22833725436869473 0.22847076120032297 0.22860426803195122 0.22873777486357946 0.2288712816952077 0.22900478852683595 0.2291382953584642 0.22927180219009244 0.22940530902172068 0.22953881585334895 0.2296749246943711 0.22981381514231 0.2299527055902489 0.23009159603818805 0.23023048648612696 0.23036937693406587 0.23050826738200475 0.23064715782994366 0.23078604827788257 0.23092493872582148 0.23106382917376037 0.23120271962169928 0.2313416100696382 0.2314805005175771 0.23161939096551598 0.2317582814134549 0.23189717186139402 0.23203606230933294 0.23217495275727185 0.23231384320521076 0.23245273365314964 0.23259162410108855 0.23273051454902746
0.22932873689656152 0.22944289882662888 0.2295570607566962 0.22967122268676357 0.2297853846168309 0.22989954654689826 0.23001370847696562 0.23012787040703295 0.2302420323371003 0.23035619426716764 0.2304703561972352 0.23058451812730255 0.23069868005736988 0.23081284198743723 0.23092700391750456 0.23104116584757192 0.23115532777763928 0.2312694897077066 0.23138365163777397 0.2314978135678413 0.23162567884865504 0.231768193321477 0.23191070779429898 0.2320532222671212 0.23219573673994315 0.2323382512127651 0.23248076568558707 0.23262328015840902 0.232765794631231 0.23290830910405297 0.23305082357687493 0.23319333804969689 0.23333585252251884 0.23347836699534083 0.2336208814681628 0.23376339594098475 0.23390591041380696 0.23404842488662891 0.23419093935945087 0.23433345383227286 0.23447596830509482 0.23461848277791678 0.23476099725073873
0.23165528774071198 0.23175010476921842 0.23184492179772487 0.2319397388262313 0.23203455585473773 0.23212937288324417 0.23222418991175062 0.23231900694025706 0.2324138239687635 0.23250864099726992 0.23260345802577653 0.23269827505428298 0.23279309208278942 0.23288790911129584 0.23298272613980228 0.23307754316830873 0.23317236019681517 0.23326717722532161 0.23336199425382806 0.23345681128233448 0.2335764330029398 0.23372257150064482 0.23386870999834983 0.2340148484960551 0.23416098699376015 0.23430712549146518 0.23445326398917019 0.23459940248687522 0.23474554098458025 0.2348916794822853 0.23503781797999032 0.23518395647769533 0.23533009497540036 0.2354762334731054 0.23562237197081043 0.23576851046851544 0.23591464896622072 0.23606078746392575 0.2362069259616308 0.2363530644593358 0.23649920295704083 0.23664534145474586 0.2367914799524509
0.23398183858486146 0.234057310711807 0.23413278283875252 0.23420825496569808 0.2342837270926436 0.23435919921958914 0.23443467134653467 0.23451014347348023 0.23458561560042576 0.2346610877273713 0.23473655985431696 0.23481203198126252 0.23488750410820805 0.23496297623515358 0.23503844836209914 0.23511392048904467 0.2351893926159902 0.23526486474293573 0.2353403368698813 0.23541580899682682 0.2355271871572237 0.2356769496798118 0.23582671220239987 0.23597647472498823 0.2361262372475763 0.2362759997701644 0.23642576229275247 0.23657552481534058 0.23672528733792866 0.23687504986051675 0.23702481238310483 0.23717457490569294 0.23732433742828102 0.2374740999508691 0.23762386247345718 0.2377736249960453 0.23792338751863362 0.2380731500412217 0.2382229125638098 0.2383726750863979 0.23852243760898598 0.23867220013157406 0.23882196265416217
0.23630838942901095 0.23636451665439556 0.2364206438797802 0.23647677110516485 0.2365328983305495 0.23658902555593414 0.23664515278131876 0.2367012800067034 0.23675740723208805 0.2368135344574727 0.23686966168285742 0.23692578890824206 0.23698191613362668 0.23703804335901132 0.23709417058439597 0.2371502978097806 0.23720642503516526 0.23726255226054987 0.23731867948593452 0.23737480671131916 0.2374779413115076 0.23763132785897875 0.2377847144064499 0.23793810095392132 0.23809148750139247 0.2382448740488636 0.23839826059633476 0.23855164714380592 0.23870503369127707 0.2388584202387482 0.23901180678621936 0.23916519333369052 0.23931857988116167 0.2394719664286328 0.23962535297610396 0.23977873952357512 0.23993212607104653 0.24008551261851768 0.24023889916598884 0.24039228571345997 0.24054567226093113 0.24069905880840228 0.24085244535587344
0.2386349402731614 0.23867172259698513 0.23870850492080886 0.2387452872446326 0.23878206956845632 0.23881885189228005 0.23885563421610378 0.23889241653992752 0.23892919886375125 0.23896598118757498 0.2390027635113988 0.23903954583522252 0.23907632815904625 0.23911311048286998 0.23914989280669371 0.23918667513051745 0.23922345745434118 0.2392602397781649 0.23929702210198864 0.23933380442581237 0.23942869546579237 0.23958570603814658 0.2397427166105008 0.23989972718285527 0.2400567377552095 0.2402137483275637 0.2403707588999179 0.24052776947227214 0.24068478004462635 0.24084179061698055 0.24099880118933475 0.241155811761689 0.2413128223340432 0.2414698329063974 0.24162684347875163 0.24178385405110583 0.24194086462346032 0.24209787519581452 0.24225488576816873 0.24241189634052296 0.24256890691287716 0.24272591748523137 0.24288292805758557
0.24096149111731088 0.24097892853957373 0.24099636596183655 0.2410138033840994 0.2410312408063622 0.24104867822862505 0.24106611565088787 0.2410835530731507 0.24110099049541353 0.24111842791767638 0.24113586533993922 0.24115330276220207 0.24117074018446488 0.24118817760672773 0.24120561502899054 0.2412230524512534 0.2412404898735162 0.24125792729577905 0.24127536471804187 0.2412928021403047 0.2413794496200763 0.24154008421731354 0.24170071881455082 0.24186135341178838 0.24202198800902566 0.24218262260626292 0.2423432572035002 0.24250389180073748 0.24266452639797476 0.242825160995212 0.2429857955924493 0.24314643018968657 0.24330706478692385 0.24346769938416113 0.24362833398139838 0.24378896857863566 0.24394960317587322 0.2441102377731105 0.24427087237034775 0.24443150696758503 0.2445921415648223 0.2447527761620596 0.24491341075929685
0.24328804196146037 0.2432861344821623 0.24328422700286423 0.24328231952356616 0.2432804120442681 0.24327850456497002 0.24327659708567195 0.24327468960637388 0.24327278212707582 0.24327087464777775 0.24326896716847968 0.2432670596891816 0.24326515220988354 0.24326324473058547 0.2432613372512874 0.24325942977198933 0.24325752229269126 0.2432556148133932 0.24325370733409513 0.24325179985479706 0.2433302037743602 0.24349446239648057 0.2436587210186009 0.2438229796407215 0.24398723826284183 0.24415149688496218 0.2443157555070825 0.24448001412920284 0.24464427275132317 0.24480853137344352 0.24497278999556385 0.24513704861768418 0.2453013072398045 0.24546556586192483 0.2456298244840452 0.24579408310616552 0.24595834172828612 0.24612260035040645 0.2462868589725268 0.24645111759464713 0.24661537621676746 0.2467796348388878 0.24694389346100815
0.24561459280561082 0.24559334042475187 0.24557208804389288 0.2455508356630339 0.24552958328217492 0.24550833090131596 0.24548707852045698 0.245465826139598 0.24544457375873902 0.24542332137788003 0.24540206899702102 0.24538081661616207 0.24535956423530308 0.2453383118544441 0.24531705947358512 0.24529580709272614 0.24527455471186718 0.2452533023310082 0.24523204995014922 0.24521079756929023 0.24528095792864496 0.24544884057564836 0.24561672322265177 0.24578460586965545 0.24595248851665885 0.24612037116366223 0.24628825381066563 0.24645613645766903 0.24662401910467244 0.24679190175167584 0.24695978439867922 0.24712766704568262 0.24729554969268602 0.24746343233968943 0.2476313149866928 0.2477991976336962 0.2479670802806999 0.2481349629277033 0.2483028455747067 0.2484707282217101 0.2486386108687135 0.24880649351571688 0.24897437616272028
0.2479411436497603 0.24790054636734044 0.24785994908492057 0.2478193518025007 0.2477787545200808 0.24773815723766093 0.24769755995524106 0.24765696267282117 0.2476163653904013 0.24757576810798143 0.24753517082556148 0.2474945735431416 0.24745397626072171 0.24741337897830185 0.24737278169588198 0.24733218441346208 0.2472915871310422 0.24725098984862234 0.24721039256620247 0.24716979528378258 0.24723171208292888 0.24740321875481533 0.24757472542670178 0.24774623209858854 0.247917738770475 0.24808924544236147 0.24826075211424792 0.24843225878613437 0.24860376545802085 0.2487752721299073 0.24894677880179375 0.2491182854736802 0.24928979214556668 0.24946129881745313 0.24963280548933958 0.24980431216122606 0.2499758188331128 0.25014732550499924 0.2503188321768857 0.2504903388487722 0.2506618455206586 0.2508333521925451 0.2510048588644316
0.2502676944939098 0.25020775230992903 0.2501478101259482 0.25008786794196747 0.2500279257579867 0.2499679835740059 0.24990804139002515 0.24984809920604437 0.24978815702206358 0.2497282148380828 0.24966827265410194 0.24960833047012115 0.24954838828614037 0.24948844610215962 0.24942850391817883 0.24936856173419805 0.24930861955021727 0.24924867736623652 0.24918873518225573 0.24912879299827495 0.2491824662372128 0.24935759693398232 0.24953272763075185 0.24970785832752165 0.24988298902429118 0.2500581197210607 0.25023325041783023 0.25040838111459973 0.2505835118113693 0.2507586425081388 0.2509337732049083 0.25110890390167784 0.25128403459844734 0.25145916529521684 0.2516342959919864 0.2518094266887559 0.2519845573855257 0.2521596880822952 0.2523348187790648 0.25250994947583427 0.25268508017260377 0.2528602108693733 0.2530353415661428
0.25259424533806024 0.2525149582525186 0.2524356711669769 0.2523563840814352 0.2522770969958935 0.25219780991035184 0.2521185228248101 0.25203923573926845 0.2519599486537268 0.2518806615681851 0.2518013744826433 0.25172208739710156 0.2516428003115599 0.2515635132260182 0.25148422614047655 0.25140493905493483 0.25132565196939316 0.2512463648838515 0.25116707779830977 0.2510877907127681 0.25113322039149755 0.2513119751131501 0.2514907298348027 0.2516694845564556 0.2518482392781082 0.25202699399976075 0.2522057487214133 0.2523845034430659 0.2525632581647185 0.2527420128863711 0.2529207676080237 0.25309952232967625 0.2532782770513288 0.2534570317729814 0.253635786494634 0.2538145412162866 0.25399329593793946 0.25417205065959203 0.25435080538124466 0.25452956010289723 0.2547083148245498 0.2548870695462024 0.25506582426785496
0.25492079618220975 0.25482216419510717 0.2547235322080046 0.254624900220902 0.2545262682337994 0.25442763624669684 0.25432900425959426 0.2542303722724917 0.2541317402853891 0.2540331082982865 0.25393447631118377 0.2538358443240812 0.2537372123369786 0.253638580349876 0.25353994836277344 0.2534413163756708 0.2533426843885682 0.25324405240146564 0.25314542041436305 0.25304678842726047 0.25308397454578146 0.2532663532923171 0.25344873203885276 0.25363111078538875 0.2538134895319244 0.25399586827846 0.25417824702499564 0.2543606257715313 0.25454300451806694 0.2547253832646026 0.25490776201113824 0.2550901407576739 0.25527251950420954 0.2554548982507452 0.2556372769972808 0.25581965574381643 0.2560020344903524 0.25618441323688806 0.2563667919834237 0.2565491707299593 0.25673154947649496 0.2569139282230306 0.25709630696956626
