Figures/CREST_Example_wjb_NSE/PETs/wjb.pet.20100405.asc
ncols            288
nrows            254
xllcorner        113.274861
yllcorner        31.4918055
cellsize         0.008333333333
NODATA_value     -9999
[rows 40 to 59 of 254, columns 88 to 131 of 288]
2.8711306282991726 2.872926810037243 2.874722991775314 2.876519173513388 2.878315355251459 2.8801115369895296 2.8819077187276005 2.8837039004656715 2.8855000822037424 2.8872962639418134 2.889092445679884 2.890888627417955 2.8926848091560258 2.8944809908940967 2.8943044338425348 2.8920189744188702 2.8897335149952013 2.8874480555715363 2.8851625961478713 2.8828771367242063 2.8805916773005413 2.878306217876877 2.876020758453212 2.873735299029547 2.871449839605882 2.869164380182217 2.866878920758552 2.864593461334887 2.8623080019112224 2.8600225424875534 2.8577370830638884 2.8554516236402234 2.8531661642165584 2.8508807047928935 2.848595245369229 2.846309785945564 2.844024326521899 2.841738867098234 2.839453407674569 2.837167948250904 2.834882488827239 2.832597029403574 2.8303115699799055 2.8280261105562405
2.8744114764084348 2.8762928267122536 2.878174177016073 2.880055527319895 2.8819368776237138 2.883818227927533 2.885699578231352 2.887580928535171 2.88946227883899 2.891343629142809 2.893224979446628 2.895106329750447 2.896987680054266 2.898869030358085 2.898737089285745 2.896452894209362 2.8941686991329756 2.891884504056593 2.8896003089802105 2.8873161139038275 2.885031918827445 2.8827477237510624 2.8804635286746794 2.878179333598297 2.8758951385219143 2.8736109434455317 2.8713267483691487 2.869042553292766 2.8667583582163836 2.864474163139997 2.862189968063614 2.8599057729872315 2.857621577910849 2.855337382834466 2.8530531877580834 2.850768992681701 2.848484797605318 2.8462006025289353 2.8439164074525527 2.8416322123761697 2.839348017299787 2.8370638222234046 2.834779627147018 2.832495432070635
2.877692324517697 2.879658843387264 2.8816253622568313 2.8835918811264016 2.885558399995969 2.887524918865536 2.8894914377351033 2.8914579566046705 2.8934244754742378 2.8953909943438045 2.8973575132133718 2.899324032082939 2.901290550952506 2.9032570698220734 2.903169744728955 2.9008868139998545 2.8986038832707504 2.89632095254165 2.894038021812549 2.891755091083449 2.8894721603543485 2.887189229625248 2.8849062988961474 2.882623368167047 2.8803404374379467 2.878057506708846 2.8757745759797455 2.873491645250645 2.871208714521545 2.8689257837924402 2.8666428530633397 2.8643599223342395 2.862076991605139 2.8597940608760384 2.857511130146938 2.8552281994178377 2.852945268688737 2.8506623379596365 2.848379407230536 2.8460964765014354 2.8438135457723352 2.8415306150432347 2.83924768431413 2.83696475358503
2.880973172626959 2.883024860062274 2.8850765474975897 2.8871282349329084 2.889179922368224 2.891231609803539 2.8932832972388542 2.89533498467417 2.897386672109485 2.8994383595448006 2.9014900469801157 2.9035417344154313 2.9055934218507464 2.907645109286062 2.907602400172165 2.905320733790347 2.9030390674085247 2.9007574010267065 2.8984757346448884 2.8961940682630702 2.8939124018812517 2.8916307354994335 2.8893490691176154 2.887067402735797 2.884785736353979 2.8825040699721605 2.8802224035903423 2.877940737208524 2.875659070826706 2.873377404444884 2.8710957380630657 2.868814071681247 2.866532405299429 2.864250738917611 2.8619690725357927 2.859687406153974 2.857405739772156 2.855124073390338 2.8528424070085197 2.8505607406267015 2.848279074244883 2.8459974078630648 2.8437157414812426 2.8414340750994245
2.884254020736221 2.8863908767372846 2.888527732738348 2.890664588739415 2.8928014447404786 2.894938300741542 2.8970751567426056 2.899212012743669 2.9013488687447326 2.903485724745796 2.9056225807468596 2.907759436747923 2.9098962927489866 2.91203314875005 2.9120350556153753 2.909754653580839 2.9074742515462995 2.9051938495117633 2.902913447477227 2.9006330454426914 2.8983526434081552 2.896072241373619 2.8937918393390833 2.891511437304547 2.889231035270011 2.8869506332354753 2.884670231200939 2.882389829166403 2.8801094271318672 2.877829025097327 2.8755486230627914 2.873268221028255 2.870987818993719 2.8687074169591833 2.866427014924647 2.864146612890111 2.8618662108555752 2.859585808821039 2.857305406786503 2.855025004751967 2.852744602717431 2.850464200682895 2.848183798648355 2.845903396613819
2.8875348688454827 2.8897568934122946 2.891978917979106 2.8942009425459214 2.8964229671127333 2.8986449916795447 2.9008670162463566 2.9030890408131684 2.90531106537998 2.9075330899467917 2.909755114513603 2.911977139080415 2.9141991636472264 2.9164211882140383 2.916467711058585 2.914188573371331 2.9119094356840733 2.9096302979968196 2.907351160309566 2.905072022622312 2.9027928849350584 2.9005137472478046 2.898234609560551 2.895955471873297 2.8936763341860434 2.8913971964987897 2.889118058811536 2.886838921124282 2.8845597834370285 2.8822806457497707 2.880001508062517 2.8777223703752632 2.8754432326880095 2.8731640950007558 2.870884957313502 2.8686058196262483 2.8663266819389945 2.864047544251741 2.861768406564487 2.8594892688772333 2.8572101311899796 2.854930993502726 2.852651855815468 2.8503727181282144
2.890815716954748 2.8931229100873077 2.8954301032198675 2.8977372963524317 2.9000444894849915 2.9023516826175513 2.904658875750111 2.9069660688826713 2.909273262015231 2.911580455147791 2.913887648280351 2.916194841412911 2.9185020345454706 2.920809227678031 2.9209003665017987 2.9186224931618274 2.916344619821852 2.9140667464818804 2.911788873141909 2.9095109998019373 2.907233126461966 2.904955253121994 2.9026773797820224 2.900399506442051 2.8981216331020794 2.895843759762108 2.8935658864221363 2.891288013082165 2.8890101397421932 2.886732266402218 2.8844543930622466 2.882176519722275 2.8798986463823035 2.8776207730423318 2.8753428997023605 2.8730650263623887 2.870787153022417 2.8685092796824456 2.866231406342474 2.8639535330025025 2.861675659662531 2.8593977863225595 2.857119912982584 2.8548420396426124
2.89409656506401 2.8964889267623177 2.898881288460626 2.901273650158938 2.903666011857246 2.9060583735555543 2.9084507352538624 2.91084309695217 2.9132354586504783 2.9156278203487864 2.9180201820470946 2.9204125437454027 2.9228049054437104 2.9251972671420186 2.9253330219450087 2.9230564129523193 2.920779803959626 2.9185031949669367 2.9162265859742473 2.913949976981558 2.9116733679888687 2.9093967589961793 2.9071201500034904 2.904843541010801 2.902566932018112 2.9002903230254224 2.898013714032733 2.895737105040044 2.8934604960473544 2.891183887054661 2.888907278061972 2.8866306690692825 2.884354060076593 2.8820774510839042 2.879800842091215 2.8775242330985256 2.8752476241058362 2.872971015113147 2.8706944061204576 2.8684177971277682 2.866141188135079 2.8638645791423896 2.8615879701496962 2.859311361157007
2.897377413173272 2.899854943437328 2.9023324737013843 2.9048100039654448 2.9072875342295013 2.9097650644935573 2.9122425947576134 2.91472012502167 2.917197655285726 2.919675185549782 2.9221527158138385 2.9246302460778946 2.927107776341951 2.929585306606007 2.9297656773882186 2.9274903327428117 2.9252149880974008 2.9229396434519934 2.9206642988065865 2.9183889541611796 2.9161136095157723 2.9138382648703653 2.9115629202249584 2.909287575579551 2.907012230934144 2.9047368862887373 2.90246154164333 2.900186196997923 2.8979108523525157 2.8956355077071048 2.893360163061698 2.891084818416291 2.8888094737708836 2.8865341291254767 2.88425878448007 2.8819834398346624 2.8797080951892555 2.8774327505438486 2.8751574058984413 2.8728820612530344 2.8706067166076275 2.86833137196222 2.866056027316809 2.8637806826714023
2.900658261282534 2.903220960112338 2.9057836589421426 2.9083463577719515 2.910909056601756 2.9134717554315603 2.9160344542613648 2.918597153091169 2.9211598519209736 2.923722550750778 2.9262852495805824 2.928847948410387 2.9314106472401913 2.9339733460699957 2.9341983328314285 2.931924252533304 2.929650172235175 2.92737609193705 2.9251020116389252 2.9228279313408008 2.920553851042676 2.918279770744551 2.916005690446426 2.913731610148301 2.9114575298501766 2.9091834495520517 2.9069093692539267 2.904635288955802 2.9023612086576773 2.9000871283595484 2.8978130480614235 2.8955389677632986 2.893264887465174 2.890990807167049 2.8887167268689242 2.8864426465707993 2.8841685662726744 2.88189448597455 2.879620405676425 2.8773463253783 2.875072245080175 2.87279816478205 2.8705240844839217 2.868250004185797
2.903939109391796 2.9065869767873487 2.909234844182901 2.9118827115784582 2.914530578974011 2.9171784463695634 2.919826313765116 2.9224741811606685 2.9251220485562213 2.9277699159517736 2.9304177833473264 2.9330656507428787 2.9357135181384315 2.938361385533984 2.938630988274639 2.936358172323796 2.9340853563729494 2.931812540422107 2.9295397244712644 2.927266908520422 2.9249940925695794 2.9227212766187365 2.920448460667894 2.9181756447170515 2.915902828766209 2.913630012815366 2.9113571968645235 2.909084380913681 2.9068115649628385 2.904538749011992 2.902265933061149 2.8999931171103066 2.897720301159464 2.8954474852086216 2.8931746692577787 2.890901853306936 2.8886290373560937 2.886356221405251 2.8840834054544082 2.8818105895035657 2.8795377735527232 2.8772649576018807 2.8749921416510342 2.8727193257001913
2.907219957501058 2.9099529934623587 2.9126860294236594 2.915419065384965 2.9181521013462657 2.9208851373075664 2.923618173268867 2.926351209230168 2.9290842451914685 2.9318172811527696 2.9345503171140703 2.937283353075371 2.9400163890366717 2.9427494249979724 2.943063643717849 2.9407920921142883 2.938520540510724 2.9362489889071637 2.9339774373036036 2.931705885700043 2.9294343340964826 2.927162782492922 2.924891230889362 2.9226196792858015 2.920348127682241 2.918076576078681 2.9158050244751204 2.91353347287156 2.9112619212679998 2.9089903696644352 2.906718818060875 2.9044472664573147 2.902175714853754 2.8999041632501936 2.8976326116466335 2.895361060043073 2.8930895084395125 2.8908179568359524 2.888546405232392 2.8862748536288314 2.8840033020252713 2.881731750421711 2.8794601988181467 2.8771886472145862
2.91050080561032 2.913319010137369 2.9161372146644178 2.9189554191914717 2.9217736237185203 2.9245918282455694 2.927410032772618 2.930228237299667 2.933046441826716 2.9358646463537648 2.938682850880814 2.9415010554078624 2.9443192599349115 2.9471374644619606 2.9474962991610583 2.94522601190478 2.942955724648498 2.94068543739222 2.938415150135942 2.936144862879664 2.9338745756233857 2.9316042883671076 2.9293340011108295 2.9270637138545514 2.9247934265982733 2.922523139341995 2.9202528520857167 2.9179825648294386 2.9157122775731605 2.9134419903168784 2.9111717030606004 2.9089014158043223 2.906631128548044 2.904360841291766 2.902090554035488 2.89982026677921 2.897549979522932 2.8952796922666537 2.893009405010375 2.890739117754097 2.888468830497819 2.886198543241541 2.883928255985259 2.8816579687289807
2.913781653719585 2.9166850268123823 2.9195883999051793 2.9224917729979816 2.9253951460907786 2.9282985191835755 2.931201892276373 2.93410526536917 2.937008638461967 2.9399120115547643 2.9428153846475613 2.9457187577403583 2.9486221308331557 2.9515255039259527 2.9519289546042726 2.9496599316952765 2.947390908786277 2.9451218858772807 2.942852862968285 2.940583840059289 2.9383148171502933 2.936045794241297 2.9337767713323015 2.9315077484233054 2.9292387255143093 2.9269697026053136 2.9247006796963175 2.922431656787322 2.9201626338783258 2.917893610969326 2.91562458806033 2.9133555651513343 2.911086542242338 2.9088175193333425 2.9065484964243464 2.9042794735153508 2.9020104506063547 2.899741427697359 2.897472404788363 2.8952033818793668 2.892934358970371 2.890665336061375 2.8883963131523753 2.8861272902433797
2.917062501828847 2.9200510434873923 2.9230395851459376 2.926028126804488 2.929016668463033 2.9320052101215786 2.934993751780124 2.9379822934386692 2.9409708350972146 2.9439593767557595 2.946947918414305 2.94993646007285 2.9529250017313955 2.955913543389941 2.956361610047482 2.9540938514857684 2.9518260929240507 2.949558334362337 2.9472905758006234 2.9450228172389097 2.9427550586771964 2.9404873001154828 2.938219541553769 2.9359517829920554 2.9336840244303417 2.931416265868628 2.9291485073069143 2.9268807487452007 2.924612990183487 2.9223452316217693 2.9200774730600556 2.917809714498342 2.9155419559366282 2.9132741973749146 2.911006438813201 2.908738680251487 2.9064709216897735 2.90420316312806 2.901935404566346 2.8996676460046324 2.8973998874429188 2.8951321288812055 2.892864370319488 2.890596611757774
2.920343349938109 2.9234170601624028 2.926490770386696 2.9295644806109946 2.9326381908352883 2.9357119010595816 2.938785611283875 2.9418593215081685 2.944933031732462 2.9480067419567555 2.9510804521810488 2.9541541624053425 2.9572278726296357 2.9603015828539294 2.960794265490692 2.9585277712762608 2.9562612770618255 2.953994782847394 2.9517282886329625 2.9494617944185313 2.9471953002040996 2.9449288059896683 2.9426623117752366 2.9403958175608054 2.9381293233463737 2.9358628291319424 2.933596334917511 2.9313298407030794 2.929063346488648 2.926796852274213 2.9245303580597812 2.92226386384535 2.9199973696309183 2.917730875416487 2.9154643812020558 2.913197886987624 2.910931392773193 2.908664898558761 2.90639840434433 2.9041319101298986 2.901865415915467 2.8995989217010356 2.8973324274866004 2.8950659332721687
2.923624198047371 2.926783076837413 2.9299419556274544 2.9331008344175014 2.936259713207543 2.9394185919975846 2.942577470787626 2.945736349577668 2.9488952283677095 2.952054107157751 2.9552129859477927 2.9583718647378343 2.961530743527876 2.9646896223179176 2.9652269209339024 2.962961691066753 2.9606964611996 2.9584312313324506 2.9561660014653017 2.9539007715981525 2.951635541731003 2.949370311863854 2.9471050819967046 2.9448398521295553 2.942574622262406 2.940309392395257 2.938044162528108 2.9357789326609587 2.9335137027938094 2.931248472926656 2.928983243059507 2.926718013192358 2.9244527833252087 2.9221875534580595 2.91992232359091 2.917657093723761 2.9153918638566116 2.9131266339894624 2.9108614041223135 2.9085961742551643 2.906330944388015 2.9040657145208657 2.9018004846537124 2.8995352547865636
2.9269050461566333 2.930149093512423 2.933393140868213 2.936637188224008 2.939881235579798 2.9431252829355876 2.9463693302913776 2.949613377647167 2.952857425002957 2.956101472358747 2.9593455197145366 2.9625895670703266 2.965833614426116 2.969077661781906 2.9696595763771123 2.9673956108572455 2.9651316453373746 2.9628676798175073 2.9606037142976405 2.9583397487777736 2.9560757832579063 2.9538118177380395 2.9515478522181726 2.9492838866983058 2.9470199211784385 2.9447559556585716 2.9424919901387048 2.9402280246188375 2.9379640590989706 2.9357000935791 2.933436128059233 2.9311721625393656 2.928908197019499 2.926644231499632 2.9243802659797646 2.922116300459898 2.919852334940031 2.9175883694201636 2.915324403900297 2.91306043838043 2.910796472860563 2.908532507340696 2.906268541820825 2.904004576300958
2.928078229022445 2.9313154717185945 2.934552714414744 2.937789957110899 2.9410271998070483 2.9442644425031976 2.947501685199347 2.9507389278954963 2.9539761705916456 2.9572134132877954 2.9604506559839447 2.963687898680094 2.9669251413762434 2.9701623840723927 2.970756155501233 2.968523996373269 2.9662918372453015 2.9640596781173376 2.9618275189893737 2.9595953598614098 2.957363200733446 2.955131041605482 2.952898882477518 2.950666723349554 2.9484345642215906 2.9462024050936266 2.9439702459656627 2.9417380868376988 2.939505927709735 2.9372737685817674 2.9350416094538034 2.9328094503258395 2.9305772911978756 2.9283451320699116 2.9261129729419477 2.923880813813984 2.92164865468602 2.9194164955580564 2.9171843364300925 2.9149521773021285 2.9127200181741646 2.9104878590462007 2.908255699918233 2.9060235407902693
2.926998450638415 2.9301305750962054 2.9332626995539965 2.9363948240117925 2.939526948469583 2.942659072927374 2.9457911973851645 2.948923321842955 2.9520554463007462 2.955187570758537 2.9583196952163275 2.961451819674118 2.964583944131909 2.9677160685896995 2.9682866793911153 2.9661189741749756 2.963951268958832 2.9617835637426917 2.959615858526552 2.9574481533104118 2.955280448094272 2.953112742878132 2.950945037661992 2.948777332445852 2.9466096272297118 2.944441922013572 2.942274216797432 2.940106511581292 2.937938806365152 2.935771101149008 2.9336033959328685 2.9314356907167283 2.9292679855005885 2.9271002802844484 2.9249325750683086 2.9227648698521684 2.9205971646360287 2.9184294594198885 2.916261754203749 2.9140940489876086 2.9119263437714684 2.9097586385553287 2.907590933339185 2.9054232281230448
