Figures/CREST_Example_wjb_NSE/PETs/wjb.pet.20101221.asc
ncols            288
nrows            254
xllcorner        113.274861
yllcorner        31.4918055
cellsize         0.008333333333
NODATA_value     -9999
[rows 95 to 113 of 254, columns 44 to 87 of 288]
0.7416219935818109 0.7417798917996024 0.7419377900173938 0.7420956882351851 0.7422535864529766 0.742411484670768 0.7425693828885593 0.7427272811063508 0.7428851793241424 0.7430430775419339 0.7432009757597252 0.7433588739775167 0.7435167721953081 0.7436746704130994 0.7438325686308909 0.7439904668486823 0.7441483650664736 0.7443062632842651 0.7444641615020565 0.7446220597198479 0.7447799579376393 0.744937856155431 0.7450957543732224 0.7452536525910137 0.7454115508088052 0.7455694490265966 0.7457273472443879 0.7458852454621794 0.7461645676170543 0.7465736947055882 0.746982821794122 0.7473919488826558 0.7478010759711897 0.7482102030597235 0.7486193301482581 0.7490284572367919 0.7494375843253258 0.7498467114138596 0.7502558385023934 0.7506649655909273 0.7510740926794611 0.7514832197679949 0.7518923468565288 0.7523014739450626
0.7415521995336171 0.7417146584968979 0.7418771174601786 0.7420395764234594 0.7422020353867402 0.7423644943500209 0.7425269533133018 0.7426894122765826 0.7428518712398636 0.7430143302031443 0.7431767891664252 0.7433392481297059 0.7435017070929867 0.7436641660562675 0.7438266250195482 0.743989083982829 0.7441515429461097 0.7443140019093906 0.7444764608726714 0.7446389198359521 0.7448013787992329 0.744963837762514 0.7451262967257948 0.7452887556890755 0.7454512146523563 0.745613673615637 0.7457761325789178 0.7459385915421987 0.746224211337682 0.746641492846971 0.74705877435626 0.747476055865549 0.747893337374838 0.748310618884127 0.7487279003934166 0.7491451819027056 0.7495624634119946 0.7499797449212836 0.7503970264305726 0.7508143079398616 0.7512315894491505 0.7516488709584395 0.7520661524677285 0.7524834339770174
0.7414824054854231 0.7416494251941933 0.7418164449029634 0.7419834646117336 0.7421504843205038 0.7423175040292739 0.7424845237380441 0.7426515434468142 0.7428185631555847 0.7429855828643548 0.743152602573125 0.7433196222818951 0.7434866419906653 0.7436536616994355 0.7438206814082056 0.7439877011169758 0.7441547208257459 0.744321740534516 0.7444887602432861 0.7446557799520563 0.7448227996608265 0.744989819369597 0.745156839078367 0.7453238587871373 0.7454908784959074 0.7456578982046775 0.7458249179134477 0.7459919376222178 0.7462838550583097 0.7467092909883539 0.747134726918398 0.7475601628484421 0.7479855987784862 0.7484110347085303 0.7488364706385752 0.7492619065686194 0.7496873424986634 0.7501127784287075 0.7505382143587517 0.7509636502887957 0.7513890862188399 0.751814522148884 0.7522399580789282 0.7526653940089723
0.7414126114372291 0.7415841918914887 0.7417557723457482 0.7419273528000078 0.7420989332542673 0.7422705137085268 0.7424420941627864 0.7426136746170459 0.7427852550713057 0.7429568355255652 0.7431284159798248 0.7432999964340843 0.7434715768883439 0.7436431573426033 0.7438147377968629 0.7439863182511225 0.744157898705382 0.7443294791596415 0.744501059613901 0.7446726400681606 0.74484422052242 0.74501580097668 0.7451873814309394 0.745358961885199 0.7455305423394585 0.7457021227937181 0.7458737032479776 0.7460452837022371 0.7463434987789375 0.7467770891297367 0.747210679480536 0.7476442698313353 0.7480778601821345 0.7485114505329338 0.7489450408837338 0.7493786312345331 0.7498122215853323 0.7502458119361316 0.7506794022869309 0.7511129926377301 0.7515465829885294 0.7519801733393287 0.7524137636901279 0.7528473540409272
0.7413428173890353 0.7415189585887842 0.7416950997885331 0.741871240988282 0.7420473821880309 0.7422235233877799 0.7423996645875287 0.7425758057872777 0.7427519469870268 0.7429280881867758 0.7431042293865247 0.7432803705862736 0.7434565117860225 0.7436326529857714 0.7438087941855203 0.7439849353852692 0.7441610765850181 0.744337217784767 0.7445133589845159 0.7446895001842648 0.7448656413840137 0.745041782583763 0.7452179237835118 0.7453940649832608 0.7455702061830096 0.7457463473827586 0.7459224885825074 0.7460986297822564 0.7464031424995652 0.7468448872711196 0.747286632042674 0.7477283768142284 0.7481701215857828 0.7486118663573372 0.7490536111288923 0.7494953559004468 0.7499371006720011 0.7503788454435556 0.75082059021511 0.7512623349866644 0.7517040797582188 0.7521458245297732 0.7525875693013276 0.753029314072882
0.7412730233408414 0.7414537252860797 0.741634427231318 0.7418151291765562 0.7419958311217946 0.7421765330670328 0.7423572350122711 0.7425379369575094 0.742718638902748 0.7428993408479863 0.7430800427932246 0.7432607447384628 0.7434414466837012 0.7436221486289394 0.7438028505741777 0.743983552519416 0.7441642544646542 0.7443449564098925 0.7445256583551307 0.7447063603003691 0.7448870622456073 0.745067764190846 0.7452484661360842 0.7454291680813225 0.7456098700265608 0.7457905719717991 0.7459712739170373 0.7461519758622757 0.7464627862201929 0.7469126854125024 0.747362584604812 0.7478124837971215 0.748262382989431 0.7487122821817407 0.749162181374051 0.7496120805663605 0.7500619797586701 0.7505118789509796 0.7509617781432891 0.7514116773355987 0.7518615765279082 0.7523114757202177 0.7527613749125273 0.7532112741048368
0.7412032292926475 0.7413884919833751 0.7415737546741028 0.7417590173648304 0.7419442800555581 0.7421295427462857 0.7423148054370134 0.742500068127741 0.7426853308184691 0.7428705935091967 0.7430558561999244 0.743241118890652 0.7434263815813796 0.7436116442721074 0.743796906962835 0.7439821696535627 0.7441674323442903 0.744352695035018 0.7445379577257456 0.7447232204164733 0.7449084831072009 0.7450937457979289 0.7452790084886566 0.7454642711793842 0.7456495338701119 0.7458347965608395 0.7460200592515672 0.7462053219422948 0.7465224299408206 0.7469804835538854 0.74743853716695 0.7478965907800147 0.7483546443930794 0.748812698006144 0.7492707516192095 0.7497288052322741 0.7501868588453389 0.7506449124584036 0.7511029660714682 0.7515610196845329 0.7520190732975975 0.7524771269106623 0.7529351805237269 0.7533932341367916
0.7411334352444536 0.7413232586806706 0.7415130821168877 0.7417029055531047 0.7418927289893217 0.7420825524255388 0.7422723758617558 0.7424621992979729 0.7426520227341902 0.7428418461704072 0.7430316696066243 0.7432214930428412 0.7434113164790582 0.7436011399152753 0.7437909633514923 0.7439807867877093 0.7441706102239264 0.7443604336601434 0.7445502570963605 0.7447400805325775 0.7449299039687944 0.7451197274050119 0.7453095508412289 0.7454993742774458 0.7456891977136629 0.7458790211498799 0.746068844586097 0.746258668022314 0.7465820736614482 0.747048281695268 0.7475144897290878 0.7479806977629078 0.7484469057967276 0.7489131138305474 0.749379321864368 0.7498455298981878 0.7503117379320076 0.7507779459658275 0.7512441539996473 0.7517103620334671 0.7521765700672869 0.7526427781011067 0.7531089861349265 0.7535751941687463
0.7410636411962598 0.7412580253779661 0.7414524095596725 0.741646793741379 0.7418411779230853 0.7420355621047917 0.7422299462864982 0.7424243304682046 0.7426187146499112 0.7428130988316177 0.7430074830133241 0.7432018671950305 0.7433962513767369 0.7435906355584433 0.7437850197401497 0.7439794039218561 0.7441737881035625 0.7443681722852689 0.7445625564669753 0.7447569406486817 0.7449513248303881 0.7451457090120949 0.7453400931938012 0.7455344773755076 0.7457288615572141 0.7459232457389204 0.7461176299206268 0.7463120141023333 0.746641717382076 0.747116079836651 0.7475904422912258 0.7480648047458008 0.7485391672003758 0.7490135296549507 0.7494878921095265 0.7499622545641015 0.7504366170186765 0.7509109794732514 0.7513853419278264 0.7518597043824014 0.7523340668369762 0.7528084292915512 0.7532827917461262 0.7537571542007011
0.7409938471480658 0.7411927920752616 0.7413917370024573 0.7415906819296532 0.7417896268568489 0.7419885717840446 0.7421875167112405 0.7423864616384362 0.7425854065656323 0.7427843514928282 0.7429832964200239 0.7431822413472197 0.7433811862744155 0.7435801312016113 0.743779076128807 0.7439780210560029 0.7441769659831986 0.7443759109103943 0.7445748558375902 0.7447738007647859 0.7449727456919817 0.7451716906191779 0.7453706355463736 0.7455695804735694 0.7457685254007651 0.745967470327961 0.7461664152551567 0.7463653601823524 0.7467013611027037 0.7471838779780338 0.7476663948533638 0.748148911728694 0.7486314286040241 0.7491139454793542 0.7495964623546851 0.7500789792300152 0.7505614961053453 0.7510440129806754 0.7515265298560054 0.7520090467313356 0.7524915636066657 0.7529740804819958 0.7534565973573258 0.7539391142326559
0.7409240530998719 0.741127558772557 0.7413310644452421 0.7415345701179273 0.7417380757906125 0.7419415814632976 0.7421450871359828 0.7423485928086679 0.7425520984813534 0.7427556041540386 0.7429591098267238 0.7431626154994089 0.743366121172094 0.7435696268447792 0.7437731325174644 0.7439766381901495 0.7441801438628347 0.7443836495355198 0.744587155208205 0.7447906608808902 0.7449941665535753 0.7451976722262608 0.745401177898946 0.7456046835716311 0.7458081892443162 0.7460116949170015 0.7462152005896866 0.7464187062623717 0.7467610048233314 0.7472516761194167 0.7477423474155019 0.7482330187115872 0.7487236900076724 0.7492143613037576 0.7497050325998437 0.7501957038959289 0.7506863751920142 0.7511770464880995 0.7516677177841847 0.7521583890802699 0.7526490603763552 0.7531397316724404 0.7536304029685257 0.754121074264611
0.740854259051678 0.7410623254698525 0.741270391888027 0.7414784583062015 0.7416865247243761 0.7418945911425506 0.7421026575607251 0.7423107239788996 0.7425187903970746 0.7427268568152491 0.7429349232334236 0.7431429896515982 0.7433510560697727 0.7435591224879472 0.7437671889061217 0.7439752553242963 0.7441833217424708 0.7443913881606453 0.7445994545788198 0.7448075209969944 0.7450155874151689 0.7452236538333438 0.7454317202515184 0.7456397866696929 0.7458478530878674 0.7460559195060419 0.7462639859242165 0.746472052342391 0.7468206485439591 0.7473194742607995 0.7478182999776399 0.7483171256944803 0.7488159514113206 0.7493147771281611 0.7498136028450023 0.7503124285618427 0.750811254278683 0.7513100799955235 0.7518089057123638 0.7523077314292042 0.7528065571460446 0.753305382862885 0.7538042085797253 0.7543030342965658
0.740784465003484 0.740997092167148 0.7412097193308119 0.7414223464944758 0.7416349736581397 0.7418476008218037 0.7420602279854676 0.7422728551491314 0.7424854823127957 0.7426981094764596 0.7429107366401235 0.7431233638037874 0.7433359909674513 0.7435486181311152 0.7437612452947792 0.743973872458443 0.7441864996221069 0.7443991267857708 0.7446117539494348 0.7448243811130987 0.7450370082767626 0.7452496354404268 0.7454622626040908 0.7456748897677546 0.7458875169314185 0.7461001440950824 0.7463127712587463 0.7465253984224103 0.7468802922645869 0.7473872724021824 0.7478942525397779 0.7484012326773735 0.7489082128149689 0.7494151929525644 0.7499221730901608 0.7504291532277564 0.7509361333653519 0.7514431135029473 0.7519500936405429 0.7524570737781384 0.752964053915734 0.7534710340533295 0.753978014190925 0.7544849943285205
0.7407146709552901 0.7409318588644435 0.7411490467735967 0.74136623468275 0.7415834225919032 0.7418006105010565 0.7420177984102099 0.7422349863193631 0.7424521742285167 0.7426693621376701 0.7428865500468234 0.7431037379559766 0.7433209258651299 0.7435381137742831 0.7437553016834365 0.7439724895925898 0.744189677501743 0.7444068654108963 0.7446240533200496 0.7448412412292028 0.7450584291383562 0.7452756170475098 0.745492804956663 0.7457099928658164 0.7459271807749697 0.7461443686841229 0.7463615565932762 0.7465787445024294 0.7469399359852146 0.7474550705435652 0.7479702051019159 0.7484853396602665 0.7490004742186172 0.7495156087769679 0.7500307433353194 0.75054587789367 0.7510610124520207 0.7515761470103713 0.7520912815687221 0.7526064161270727 0.7531215506854233 0.753636685243774 0.7541518198021246 0.7546669543604753
0.7406448769070962 0.7408666255617389 0.7410883742163816 0.7413101228710243 0.7415318715256669 0.7417536201803095 0.7419753688349522 0.7421971174895948 0.7424188661442379 0.7426406147988805 0.7428623634535232 0.7430841121081658 0.7433058607628085 0.7435276094174511 0.7437493580720937 0.7439711067267364 0.744192855381379 0.7444146040360218 0.7446363526906644 0.744858101345307 0.7450798499999497 0.7453015986545927 0.7455233473092354 0.7457450959638781 0.7459668446185207 0.7461885932731633 0.746410341927806 0.7466320905824486 0.7469995797058422 0.747522868684948 0.7480461576640538 0.7485694466431596 0.7490927356222654 0.7496160246013712 0.7501393135804779 0.7506626025595836 0.7511858915386894 0.7517091805177952 0.752232469496901 0.7527557584760068 0.7532790474551126 0.7538023364342185 0.7543256254133243 0.7548489143924301
0.7405750828589023 0.7408013922590343 0.7410277016591663 0.7412540110592984 0.7414803204594305 0.7417066298595625 0.7419329392596945 0.7421592486598265 0.742385558059959 0.742611867460091 0.742838176860223 0.743064486260355 0.7432907956604871 0.7435171050606191 0.7437434144607511 0.7439697238608831 0.7441960332610151 0.7444223426611472 0.7446486520612792 0.7448749614614113 0.7451012708615433 0.7453275802616757 0.7455538896618077 0.7457801990619397 0.7460065084620718 0.7462328178622039 0.7464591272623359 0.7466854366624679 0.7470592234264699 0.7475906668263308 0.7481221102261918 0.7486535536260527 0.7491849970259137 0.7497164404257746 0.7502478838256365 0.7507793272254973 0.7513107706253583 0.7518422140252192 0.7523736574250802 0.7529051008249411 0.7534365442248021 0.753967987624663 0.754499431024524 0.7550308744243849
0.7405052888107084 0.7407361589563298 0.7409670291019512 0.7411978992475727 0.7414287693931941 0.7416596395388155 0.7418905096844369 0.7421213798300583 0.7423522499756801 0.7425831201213016 0.742813990266923 0.7430448604125444 0.7432757305581658 0.7435066007037872 0.7437374708494086 0.74396834099503 0.7441992111406514 0.7444300812862727 0.7446609514318941 0.7448918215775155 0.7451226917231369 0.7453535618687588 0.7455844320143802 0.7458153021600016 0.746046172305623 0.7462770424512444 0.7465079125968658 0.7467387827424873 0.7471188671470977 0.7476584649677138 0.7481980627883299 0.748737660608946 0.749277258429562 0.7498168562501781 0.7503564540707951 0.7508960518914112 0.7514356497120273 0.7519752475326433 0.7525148453532594 0.7530544431738755 0.7535940409944917 0.7541336388151078 0.7546732366357238 0.7552128344563399
0.7404354947625145 0.7406709256536252 0.740906356544736 0.7411417874358468 0.7413772183269576 0.7416126492180684 0.7418480801091791 0.7420835110002899 0.7423189418914011 0.7425543727825119 0.7427898036736227 0.7430252345647335 0.7432606654558442 0.743496096346955 0.7437315272380658 0.7439669581291766 0.7442023890202873 0.7444378199113981 0.7446732508025089 0.7449086816936197 0.7451441125847305 0.7453795434758417 0.7456149743669525 0.7458504052580632 0.746085836149174 0.7463212670402848 0.7465566979313956 0.7467921288225063 0.7471785108677254 0.7477262631090966 0.7482740153504678 0.748821767591839 0.7493695198332102 0.7499172720745815 0.7504650243159536 0.7510127765573248 0.7515605287986961 0.7521082810400673 0.7526560332814385 0.7532037855228098 0.7537515377641809 0.7542992900055522 0.7548470422469233 0.7553947944882946
0.7403657007143206 0.7406056923509208 0.7408456839875209 0.7410856756241211 0.7413256672607212 0.7415656588973214 0.7418056505339216 0.7420456421705217 0.7422856338071223 0.7425256254437225 0.7427656170803226 0.7430056087169228 0.7432456003535229 0.7434855919901231 0.7437255836267233 0.7439655752633234 0.7442055668999235 0.7444455585365236 0.7446855501731238 0.7449255418097239 0.7451655334463241 0.7454055250829247 0.7456455167195248 0.745885508356125 0.7461254999927251 0.7463654916293253 0.7466054832659255 0.7468454749025256 0.7472381545883531 0.7477940612504794 0.7483499679126058 0.7489058745747321 0.7494617812368585 0.7500176878989848 0.7505735945611122 0.7511295012232385 0.7516854078853649 0.7522413145474912 0.7527972212096176 0.7533531278717439 0.7539090345338704 0.7544649411959967 0.7550208478581231 0.7555767545202494
