Figures/CREST_Example_wjb_NSE/PETs/wjb.pet.20090601.asc
ncols            288
nrows            254
xllcorner        113.274861
yllcorner        31.4918055
cellsize         0.008333333333
NODATA_value     -9999
[rows 40 to 59 of 254, columns 44 to 87 of 288]
3.1301482053868575 3.1275012217104186 3.1248542380339797 3.1222072543575403 3.1195602706811014 3.1169132870046625 3.1142663033282236 3.1116193196517847 3.1089723359753414 3.1063253522989025 3.1036783686224636 3.1010313849460247 3.0983844012695854 3.0957374175931465 3.0930904339167076 3.0904434502402687 3.08779646656383 3.085149482887391 3.082502499210952 3.079855515534513 3.077208531858074 3.0745615481816304 3.0719145645051915 3.0692675808287526 3.0666205971523137 3.063973613475875 3.061326629799436 3.058679646122997 3.0573821059249155 3.0575271513107967 3.057672196696678 3.0578172420825585 3.0579622874684396 3.0581073328543207 3.058252378240202 3.0583974236260825 3.0585424690119636 3.0586875143978447 3.0588325597837254 3.0589776051696065 3.0591226505554876 3.0592676959413683 3.0594127413272494 3.05955778671313
3.1215195734172343 3.1188212256982966 3.116122877979359 3.113424530260421 3.1107261825414834 3.108027834822546 3.1053294871036083 3.1026311393846706 3.099932791665728 3.0972344439467903 3.0945360962278525 3.091837748508915 3.089139400789977 3.0864410530710398 3.083742705352102 3.0810443576331643 3.0783460099142266 3.075647662195289 3.072949314476351 3.0702509667574134 3.0675526190384756 3.0648542713195335 3.0621559236005957 3.059457575881658 3.0567592281627203 3.0540608804437825 3.051362532724845 3.048664185005907 3.047415617328552 3.0477168972894595 3.0480181772503676 3.0483194572112757 3.048620737172184 3.0489220171330915 3.049223297094 3.049524577054908 3.0498258570158163 3.0501271369767244 3.050428416937632 3.0507296968985402 3.0510309768594484 3.0513322568203565 3.051633536781264 3.0519348167421723
3.112890941447611 3.1101412296861746 3.107391517924738 3.104641806163302 3.1018920944018653 3.0991423826404287 3.096392670878992 3.0936429591175556 3.0908932473561146 3.088143535594678 3.085393823833242 3.0826441120718053 3.0798944003103688 3.077144688548932 3.0743949767874956 3.0716452650260595 3.068895553264623 3.0661458415031864 3.06339612974175 3.0606464179803137 3.057896706218877 3.0551469944574356 3.0523972826959995 3.049647570934563 3.0468978591731264 3.04414814741169 3.0413984356502537 3.038648723888817 3.0374491287321876 3.0379066432681228 3.0383641578040574 3.0388216723399926 3.0392791868759277 3.039736701411863 3.040194215947799 3.040651730483734 3.041109245019669 3.041566759555604 3.0420242740915393 3.0424817886274744 3.0429393031634095 3.0433968176993447 3.04385433223528 3.044311846771215
3.104262309477988 3.101461233674053 3.0986601578701176 3.0958590820661827 3.0930580062622473 3.090256930458312 3.087455854654377 3.0846547788504415 3.0818537030465016 3.0790526272425662 3.076251551438631 3.073450475634696 3.0706493998307605 3.067848324026825 3.06504724822289 3.0622461724189547 3.0594450966150193 3.0566440208110843 3.053842945007149 3.051041869203214 3.0482407933992786 3.0454397175953387 3.0426386417914033 3.039837565987468 3.037036490183533 3.0342354143795975 3.031434338575662 3.028633262771727 3.0274826401358235 3.0280963892467856 3.0287101383577477 3.02932388746871 3.029937636579672 3.030551385690634 3.0311651348015975 3.0317788839125597 3.032392633023522 3.033006382134484 3.033620131245446 3.034233880356408 3.0348476294673707 3.035461378578333 3.036075127689295 3.036688876800257
3.0956336775083653 3.092781237661931 3.0899287978154972 3.087076357969063 3.084223918122629 3.0813714782761954 3.078519038429761 3.0756665985833274 3.0728141587368882 3.0699617188904544 3.06710927904402 3.0642568391975864 3.061404399351152 3.0585519595047184 3.055699519658284 3.0528470798118503 3.049994639965416 3.0471422001189823 3.044289760272548 3.0414373204261143 3.03858488057968 3.0357324407332413 3.032880000886807 3.0300275610403733 3.027175121193939 3.0243226813475053 3.021470241501071 3.0186178016546372 3.0175161515394593 3.0182861352254484 3.0190561189114375 3.019826102597427 3.0205960862834162 3.0213660699694054 3.0221360536553963 3.0229060373413854 3.0236760210273745 3.024446004713364 3.0252159883993532 3.0259859720853424 3.0267559557713315 3.027525939457321 3.02829592314331 3.0290659068292993
3.0870050455387426 3.0841012416498095 3.081197437760877 3.078293633871944 3.075389829983011 3.0724860260940785 3.069582222205146 3.066678418316213 3.0637746144272753 3.0608708105383426 3.0579670066494096 3.055063202760477 3.0521593988715443 3.0492555949826112 3.0463517910936786 3.043447987204746 3.040544183315813 3.0376403794268803 3.0347365755379476 3.0318327716490145 3.028928967760082 3.0260251638711444 3.0231213599822113 3.0202175560932787 3.017313752204346 3.014409948315413 3.0115061444264803 3.0086023405375477 3.0075496629430956 3.0084758812041117 3.0094020994651283 3.0103283177261444 3.011254535987161 3.012180754248177 3.013106972509195 3.0140331907702116 3.0149594090312277 3.015885627292244 3.0168118455532604 3.0177380638142766 3.018664282075293 3.0195905003363093 3.020516718597326 3.021442936858342
3.078376413569112 3.0754212456376804 3.0724660777062485 3.069510909774817 3.0665557418433855 3.0636005739119536 3.060645405980522 3.0576902380490907 3.054735070117654 3.0517799021862224 3.048824734254791 3.045869566323359 3.0429143983919276 3.039959230460496 3.0370040625290646 3.0340488945976327 3.0310937266662012 3.02813855873477 3.0251833908033383 3.0222282228719064 3.019273054940475 3.016317887009038 3.0133627190776067 3.010407551146175 3.0074523832147433 3.004497215283312 3.0015420473518803 2.998586879420449 2.9975831743467225 2.998665627182766 2.9997480800188097 3.0008305328548532 3.001912985690897 3.0029954385269404 3.0040778913629858 3.0051603441990293 3.006242797035073 3.0073252498711165 3.00840770270716 3.0094901555432036 3.010572608379247 3.0116550612152904 3.012737514051334 3.0138199668873775
3.0697477815994887 3.0667412496255584 3.063734717651628 3.0607281856776978 3.0577216537037675 3.054715121729837 3.051708589755907 3.048702057781976 3.045695525808041 3.0426889938341106 3.0396824618601803 3.0366759298862496 3.0336693979123193 3.030662865938389 3.0276563339644587 3.0246498019905284 3.021643270016598 3.0186367380426677 3.015630206068737 3.0126236740948067 3.0096171421208764 3.0066106101469408 3.0036040781730104 3.00059754619908 2.99759101422515 2.9945844822512195 2.9915779502772892 2.988571418303359 2.9876166857503583 2.988855373161429 2.9900940605724995 2.99133274798357 2.992571435394641 2.9938101228057117 2.9950488102167845 2.996287497627855 2.9975261850389257 2.9987648724499962 3.000003559861067 3.0012422472721374 3.002480934683208 3.0037196220942786 3.0049583095053496 3.00619699691642
3.061119149629866 3.058061253613437 3.0550033575970077 3.0519454615805786 3.0488875655641494 3.0458296695477203 3.042771773531291 3.039713877514862 3.036655981498428 3.033598085481999 3.0305401894655697 3.0274822934491405 3.0244243974327114 3.0213665014162823 3.018308605399853 3.015250709383424 3.012192813366995 3.0091349173505657 3.0060770213341366 3.0030191253177074 2.9999612293012783 2.996903333284844 2.9938454372684147 2.9907875412519855 2.9877296452355564 2.9846717492191273 2.981613853202698 2.9785559571862694 2.9776501971539946 2.979045119140092 2.98044004112619 2.981834963112288 2.9832298850983854 2.984624807084483 2.986019729070583 2.987414651056681 2.988809573042779 2.9902044950288764 2.991599417014974 2.9929943390010716 2.9943892609871696 2.995784182973267 2.997179104959365 2.998574026945463
3.0524905176602433 3.0493812576013153 3.0462719975423873 3.0431627374834593 3.0400534774245314 3.0369442173656034 3.033834957306676 3.030725697247748 3.0276164371888146 3.0245071771298866 3.0213979170709586 3.018288657012031 3.015179396953103 3.012070136894175 3.008960876835247 3.005851616776319 3.002742356717391 2.9996330966584637 2.9965238365995357 2.9934145765406077 2.9903053164816797 2.9871960564227464 2.984086796363819 2.980977536304891 2.977868276245963 2.974759016187035 2.971649756128107 2.9685404960691795 2.9676837085576304 2.9692348651187555 2.97078602167988 2.9723371782410046 2.9738883348021297 2.9754394913632543 2.976990647924382 2.9785418044855065 2.980092961046631 2.981644117607756 2.9831952741688808 2.984746430730006 2.9862975872911304 2.9878487438522554 2.98939990041338 2.9909510569745046
3.04386188569062 3.0407012615891933 3.037540637487767 3.03438001338634 3.0312193892849133 3.028058765183487 3.02489814108206 3.0217375169806333 3.0185768928792016 3.015416268777775 3.012255644676348 3.0090950205749216 3.005934396473495 3.002773772372068 2.999613148270641 2.996452524169215 2.993291900067788 2.990131275966361 2.986970651864935 2.983810027763508 2.980649403662081 2.9774887795606495 2.9743281554592227 2.971167531357796 2.9680069072563695 2.9648462831549427 2.961685659053516 2.958525034952089 2.9577172199612662 2.9594246110974183 2.96113200223357 2.962839393369722 2.964546784505874 2.9662541756420255 2.9679615667781802 2.9696689579143323 2.9713763490504843 2.973083740186636 2.974791131322788 2.9764985224589395 2.9782059135950916 2.9799133047312436 2.981620695867395 2.9833280870035472
3.0352332537209974 3.0320212655770717 3.0288092774331465 3.025597289289221 3.0223853011452957 3.01917331300137 3.0159613248574444 3.012749336713519 3.009537348569588 3.0063253604256626 3.0031133722817374 2.9999013841378117 2.9966893959938865 2.993477407849961 2.9902654197060357 2.98705343156211 2.983841443418185 2.980629455274259 2.977417467130334 2.9742054789864083 2.970993490842483 2.967781502698552 2.9645695145546265 2.9613575264107013 2.9581455382667756 2.9549335501228504 2.9517215619789248 2.948509573834999 2.947750731364902 2.949614357076081 2.95147798278726 2.953341608498439 2.955205234209618 2.957068859920797 2.958932485631979 2.960796111343158 2.962659737054337 2.9645233627655156 2.9663869884766947 2.9682506141878737 2.9701142398990528 2.971977865610232 2.9738414913214104 2.9757051170325894
3.026604621751374 3.0233412695649498 3.0200779173785257 3.0168145651921012 3.013551213005677 3.0102878608192527 3.0070245086328287 3.0037611564464046 3.000497804259975 2.9972344520735503 2.9939710998871263 2.9907077477007022 2.9874443955142778 2.9841810433278537 2.9809176911414297 2.977654338955005 2.974390986768581 2.971127634582157 2.9678642823957326 2.9646009302093086 2.961337578022884 2.9580742258364547 2.9548108736500303 2.951547521463606 2.9482841692771817 2.9450208170907577 2.9417574649043337 2.938494112717909 2.937784242768538 2.939804103054744 2.94182396334095 2.943843823627156 2.945863683913362 2.947883544199568 2.9499034044857777 2.9519232647719837 2.95394312505819 2.955962985344396 2.957982845630602 2.960002705916808 2.962022566203014 2.96404242648922 2.966062286775426 2.968082147061632
3.017975989781744 3.0146612735528207 3.0113465573238978 3.008031841094975 3.0047171248660516 3.0014024086371287 2.998087692408206 2.9947729761792825 2.991458259950354 2.988143543721431 2.984828827492508 2.981514111263585 2.978199395034662 2.974884678805739 2.9715699625768157 2.968255246347893 2.96494053011897 2.9616258138900466 2.9583110976611238 2.954996381432201 2.9516816652032776 2.948366948974349 2.945052232745426 2.941737516516503 2.93842280028758 2.935108084058657 2.931793367829734 2.928478651600811 2.9278177541721653 2.9299938490333988 2.932169943894632 2.9343460387558653 2.9365221336170984 2.938698228478332 2.9408743233395684 2.943050418200802 2.945226513062035 2.9474026079232685 2.9495787027845015 2.9517547976457346 2.953930892506968 2.956106987368201 2.9582830822294346 2.9604591770906676
3.009347357812121 3.005981277540699 3.0026151972692774 2.9992491169978557 2.9958830367264335 2.992516956455012 2.98915087618359 2.9857847959121684 2.982418715640741 2.979052635369319 2.975686555097897 2.9723204748264753 2.9689543945550536 2.965588314283632 2.96222223401221 2.958856153740788 2.9554900734693663 2.9521239931979446 2.948757912926523 2.945391832655101 2.9420257523836795 2.9386596721122515 2.93529359184083 2.931927511569408 2.9285614312979864 2.9251953510265647 2.921829270755143 2.918463190483721 2.9178512655758015 2.9201835950120616 2.922515924448322 2.924848253884582 2.9271805833208426 2.929512912757103 2.931845242193367 2.9341775716296277 2.9365099010658877 2.938842230502148 2.9411745599384083 2.9435068893746688 2.9458392188109292 2.9481715482471893 2.95050387768345 2.95283620711971
3.000718725842498 2.9973012815285776 2.993883837214657 2.9904663929007365 2.987048948586816 2.983631504272895 2.9802140599589744 2.976796615645054 2.9733791713311275 2.969961727017207 2.9665442827032864 2.963126838389366 2.9597093940754453 2.9562919497615248 2.952874505447604 2.9494570611336837 2.946039616819763 2.9426221725058426 2.939204728191922 2.9357872838780015 2.932369839564081 2.9289523952501546 2.925534950936234 2.922117506622313 2.9187000623083925 2.915282617994472 2.9118651736805514 2.908447729366631 2.9078847769794374 2.9103733409907244 2.912861905002012 2.9153504690132994 2.917839033024587 2.920327597035874 2.922816161047166 2.9253047250584534 2.9277932890697405 2.930281853081028 2.9327704170923155 2.935258981103603 2.93774754511489 2.9402361091261775 2.942724673137465 2.9452132371487525
2.9920900938728745 2.988621285516455 2.985152477160036 2.981683668803617 2.9782148604471974 2.974746052090778 2.9712772437343586 2.9678084353779393 2.964339627021514 2.9608708186650947 2.9574020103086753 2.953933201952256 2.950464393595837 2.9469955852394176 2.9435267768829982 2.940057968526579 2.9365891601701595 2.93312035181374 2.9296515434573207 2.9261827351009018 2.9227139267444824 2.919245118388057 2.915776310031638 2.9123075016752185 2.908838693318799 2.9053698849623797 2.9019010766059603 2.898432268249541 2.897918288383073 2.9005630869693877 2.903207885555702 2.9058526841420167 2.9084974827283308 2.9111422813146453 2.9137870799009646 2.916431878487279 2.919076677073593 2.9217214756599077 2.924366274246222 2.9270110728325367 2.929655871418851 2.9323006700051657 2.93494546859148 2.9375902671777947
2.983461461903252 2.9799412895043336 2.9764211171054153 2.9729009447064976 2.9693807723075794 2.965860599908661 2.962340427509743 2.958820255110825 2.955300082711901 2.951779910312983 2.9482597379140647 2.9447395655151465 2.9412193931162287 2.9376992207173105 2.9341790483183923 2.930658875919474 2.9271387035205563 2.923618531121638 2.92009835872272 2.916578186323802 2.913058013924884 2.90953784152596 2.9060176691270416 2.9024974967281234 2.898977324329205 2.8954571519302874 2.891936979531369 2.888416807132451 2.887951799786709 2.8907528329480505 2.893553866109392 2.8963548992707335 2.899155932432075 2.9019569655934165 2.904757998754763 2.9075590319161044 2.910360065077446 2.9131610982387874 2.9159621314001294 2.918763164561471 2.9215641977228124 2.924365230884154 2.9271662640454954 2.929967297206837
2.9724650744530563 2.9689616228891715 2.9654581713252868 2.961954719761402 2.958451268197517 2.954947816633632 2.9514443650697473 2.947940913505862 2.9444374619419715 2.9409340103780863 2.9374305588142016 2.933927107250317 2.9304236556864316 2.926920204122547 2.923416752558662 2.919913300994777 2.916409849430892 2.9129063978670073 2.9094029463031226 2.9058994947392374 2.9023960431753526 2.8988925916114616 2.895389140047577 2.891885688483692 2.888382236919807 2.884878785355922 2.8813753337920374 2.877871882228152 2.8774368138126025 2.8802819163466715 2.88312701888074 2.8859721214148086 2.888817223948877 2.8916623264829457 2.894507429017019 2.8973525315510877 2.9001976340851563 2.903042736619225 2.9058878391532934 2.908732941687362 2.911578044221431 2.9144231467554995 2.917268249289568 2.9201133518236366
2.9589377056890913 2.95552375340134 2.952109801113589 2.9486958488258375 2.9452818965380865 2.941867944250335 2.9384539919625836 2.9350400396748326 2.9316260873870754 2.928212135099324 2.924798182811573 2.9213842305238216 2.9179702782360706 2.914556325948319 2.9111423736605677 2.9077284213728167 2.9043144690850653 2.900900516797314 2.897486564509563 2.8940726122218114 2.8906586599340605 2.8872447076463033 2.883830755358552 2.880416803070801 2.8770028507830494 2.873588898495298 2.870174946207547 2.8667609939197956 2.8663355187262907 2.869104793104222 2.8718740674821537 2.874643341860085 2.8774126162380163 2.8801818906159475 2.8829511649938837 2.885720439371815 2.8884897137497463 2.891258988127678 2.8940282625056093 2.8967975368835406 2.899566811261472 2.9023360856394036 2.905105360017335 2.907874634395266
