Figures/CREST_Example_wjb_NSE/PETs/wjb.pet.20090323.asc
ncols            288
nrows            254
xllcorner        113.274861
yllcorner        31.4918055
cellsize         0.008333333333
NODATA_value     -9999
[rows 120 to 139 of 254, columns 44 to 87 of 288]
1.3002613374258356 1.2965377948501022 1.2928142522743686 1.289090709698635 1.2853671671229014 1.2816436245471678 1.2779200819714343 1.2741965393957007 1.2704729968199608 1.2667494542442272 1.2630259116684937 1.25930236909276 1.2555788265170265 1.2518552839412929 1.2481317413655593 1.244408198789826 1.2406846562140923 1.2369611136383587 1.233237571062625 1.2295140284868915 1.225790485911158 1.222066943335418 1.2183434007596845 1.214619858183951 1.2108963156082173 1.2071727730324837 1.2034492304567501 1.1997256878810165 1.1957231951163967 1.191422498293893 1.1871218014713893 1.1828211046488857 1.178520407826382 1.1742197110038786 1.1699190141813676 1.165618317358864 1.1613176205363602 1.1570169237138566 1.152716226891353 1.1484155300688492 1.1441148332463458 1.139814136423842 1.1355134396013384 1.1312127427788348
1.3000176169591675 1.2962554282376333 1.2924932395160993 1.288731050794565 1.284968862073031 1.2812066733514968 1.2774444846299629 1.2736822959084286 1.2699201071868882 1.266157918465354 1.26239572974382 1.2586335410222858 1.2548713523007518 1.2511091635792175 1.2473469748576835 1.2435847861361493 1.2398225974146153 1.236060408693081 1.232298219971547 1.2285360312500129 1.2247738425284789 1.2210116538069382 1.2172494650854042 1.21348727636387 1.209725087642336 1.2059628989208018 1.2022007101992678 1.1984385214777336 1.194435097629124 1.1901737879762957 1.1859124783234671 1.1816511686706388 1.1773898590178102 1.173128549364982 1.1688672397121462 1.1646059300593177 1.1603446204064893 1.1560833107536608 1.1518220011008324 1.1475606914480039 1.1432993817951755 1.139038072142347 1.1347767624895186 1.13051545283669
1.2997738964924992 1.2959730616251646 1.29217222675783 1.288371391890495 1.2845705570231605 1.2807697221558259 1.2769688872884912 1.2731680524211566 1.2693672175538155 1.265566382686481 1.261765547819146 1.2579647129518114 1.2541638780844768 1.2503630432171422 1.2465622083498076 1.242761373482473 1.2389605386151383 1.2351597037478037 1.231358868880469 1.2275580340131342 1.2237571991457996 1.2199563642784585 1.216155529411124 1.2123546945437893 1.2085538596764547 1.2047530248091198 1.2009521899417852 1.1971513550744506 1.1931470001418516 1.1889250776586981 1.184703155175545 1.1804812326923917 1.1762593102092385 1.1720373877260852 1.1678154652429247 1.1635935427597714 1.1593716202766182 1.155149697793465 1.1509277753103118 1.1467058528271585 1.142483930344005 1.1382620078608519 1.1340400853776986 1.1298181628945454
1.2995301760258309 1.2956906950126956 1.2918512139995606 1.2880117329864254 1.28417225197329 1.2803327709601549 1.2764932899470198 1.2726538089338846 1.268814327920743 1.2649748469076076 1.2611353658944724 1.2572958848813371 1.2534564038682021 1.2496169228550669 1.2457774418419316 1.2419379608287966 1.2380984798156613 1.234258998802526 1.2304195177893908 1.2265800367762558 1.2227405557631206 1.2189010747499789 1.2150615937368436 1.2112221127237084 1.2073826317105731 1.2035431506974381 1.1997036696843029 1.1958641886711676 1.191858902654579 1.1876763673411008 1.1834938320276227 1.1793112967141448 1.1751287614006667 1.1709462260871886 1.1667636907737033 1.1625811554602252 1.1583986201467473 1.1542160848332692 1.150033549519791 1.145851014206313 1.1416684788928348 1.137485943579357 1.1333034082658788 1.1291208729524007
1.2992864555591626 1.2954083284002267 1.291530201241291 1.2876520740823552 1.2837739469234195 1.2798958197644836 1.2760176926055478 1.272139565446612 1.2682614382876698 1.264383311128734 1.2605051839697983 1.2566270568108624 1.2527489296519265 1.2488708024929909 1.244992675334055 1.2411145481751193 1.2372364210161835 1.2333582938572478 1.229480166698312 1.2256020395393763 1.2217239123804404 1.2178457852214981 1.2139676580625622 1.2100895309036266 1.2062114037446907 1.2023332765857548 1.1984551494268192 1.1945770222678833 1.1905708051673052 1.1864276570235022 1.1822845088796994 1.1781413607358966 1.1739982125920938 1.1698550644482908 1.165711916304481 1.1615687681606781 1.1574256200168753 1.1532824718730725 1.1491393237292695 1.1449961755854667 1.140853027441664 1.136709879297861 1.1325667311540581 1.1284235830102554
1.2990427350924942 1.295125961787758 1.2912091884830217 1.2872924151782854 1.283375641873549 1.2794588685688126 1.2755420952640764 1.27162532195934 1.2677085486545971 1.2637917753498606 1.2598750020451244 1.255958228740388 1.2520414554356518 1.2481246821309155 1.2442079088261793 1.2402911355214428 1.2363743622167065 1.2324575889119702 1.228540815607234 1.2246240423024977 1.2207072689977614 1.2167904956930182 1.212873722388282 1.2089569490835457 1.2050401757788094 1.2011234024740731 1.1972066291693368 1.1932898558646003 1.1892827076800325 1.1851789467059048 1.1810751857317772 1.1769714247576495 1.1728676637835218 1.1687639028093941 1.1646601418352596 1.1605563808611319 1.1564526198870042 1.1523488589128765 1.1482450979387488 1.1441413369646214 1.1400375759904937 1.135933815016366 1.1318300540422384 1.1277262930681107
1.298799014625826 1.294843595175289 1.2908881757247523 1.2869327562742154 1.2829773368236785 1.2790219173731416 1.275066497922605 1.271111078472068 1.2671556590215245 1.2632002395709876 1.2592448201204507 1.2552894006699138 1.251333981219377 1.2473785617688402 1.2434231423183033 1.2394677228677664 1.2355123034172295 1.2315568839666928 1.227601464516156 1.223646045065619 1.2196906256150821 1.2157352061645386 1.2117797867140017 1.207824367263465 1.203868947812928 1.1999135283623912 1.1959581089118543 1.1920026894613174 1.1879946101927599 1.1839302363883075 1.179865862583855 1.1758014887794026 1.17173711497495 1.1676727411704977 1.1636083673660382 1.1595439935615857 1.1554796197571333 1.1514152459526807 1.1473508721482284 1.1432864983437758 1.1392221245393235 1.135157750734871 1.1310933769304183 1.127029003125966
1.2985552941591578 1.2945612285628205 1.290567162966483 1.2865730973701457 1.2825790317738084 1.2785849661774709 1.2745909005811336 1.270596834984796 1.2666027693884518 1.2626087037921145 1.258614638195777 1.2546205725994397 1.2506265070031024 1.2466324414067649 1.2426383758104276 1.23864431021409 1.2346502446177527 1.2306561790214152 1.226662113425078 1.2226680478287406 1.218673982232403 1.214679916636059 1.2106858510397216 1.206691785443384 1.2026977198470468 1.1987036542507092 1.194709588654372 1.1907155230580344 1.1867065127054874 1.1826815260707102 1.1786565394359327 1.1746315528011555 1.1706065661663783 1.166581579531601 1.162556592896817 1.1585316062620397 1.1545066196272622 1.150481632992485 1.1464566463577077 1.1424316597229305 1.138406673088153 1.1343816864533758 1.1303566998185985 1.1263317131838213
1.2983115736924897 1.2942788619503518 1.2902461502082136 1.2862134384660757 1.2821807267239378 1.2781480149817999 1.274115303239662 1.270082591497524 1.2660498797553792 1.2620171680132413 1.2579844562711033 1.2539517445289654 1.2499190327868275 1.2458863210446895 1.2418536093025516 1.2378208975604137 1.2337881858182758 1.2297554740761378 1.225722762334 1.221690050591862 1.217657338849724 1.2136246271075792 1.2095919153654413 1.2055592036233034 1.2015264918811654 1.1974937801390273 1.1934610683968896 1.1894283566547514 1.1854184152182148 1.1814328157531127 1.1774472162880107 1.1734616168229086 1.1694760173578065 1.1654904178927044 1.1615048184275956 1.1575192189624934 1.1535336194973913 1.1495480200322892 1.145562420567187 1.141576821102085 1.1375912216369828 1.1336056221718809 1.1296200227067787 1.1256344232416766
1.2980678532258214 1.2939964953378829 1.2899251374499443 1.285853779562006 1.2817824216740674 1.2777110637861289 1.2736397058981905 1.269568348010252 1.2654969901223065 1.2614256322343682 1.2573542743464297 1.253282916458491 1.2492115585705528 1.2451402006826142 1.2410688427946757 1.2369974849067373 1.2329261270187988 1.2288547691308602 1.224783411242922 1.2207120533549833 1.2166406954670448 1.2125693375790993 1.208497979691161 1.2044266218032225 1.200355263915284 1.1962839060273456 1.192212548139407 1.1881411902514685 1.1841303177309423 1.1801841054355153 1.1762378931400885 1.1722916808446615 1.1683454685492347 1.1643992562538077 1.160453043958374 1.1565068316629472 1.1525606193675202 1.1486144070720934 1.1446681947766664 1.1407219824812396 1.1367757701858126 1.1328295578903858 1.1288833455949587 1.124937133299532
1.297824132759153 1.2937141287254141 1.289604124691675 1.285494120657936 1.281384116624197 1.2772741125904579 1.273164108556719 1.26905410452298 1.264944100489234 1.260834096455495 1.2567240924217558 1.2526140883880168 1.2485040843542778 1.2443940803205387 1.2402840762867997 1.2361740722530608 1.2320640682193216 1.2279540641855826 1.2238440601518437 1.2197340561181047 1.2156240520843655 1.2115140480506195 1.2074040440168805 1.2032940399831416 1.1991840359494024 1.1950740319156634 1.1909640278819245 1.1868540238481855 1.1828422202436695 1.1789353951179178 1.175028569992166 1.1711217448664144 1.1672149197406627 1.163308094614911 1.1594012694891525 1.1554944443634008 1.151587619237649 1.1476807941118974 1.1437739689861457 1.139867143860394 1.1359603187346423 1.1320534936088906 1.1281466684831387 1.124239843357387
1.2975804122924848 1.2934317621129452 1.2892831119334056 1.2851344617538658 1.2809858115743262 1.2768371613947866 1.272688511215247 1.2685398610357075 1.2643912108561608 1.2602425606766212 1.2560939104970816 1.251945260317542 1.2477966101380025 1.243647959958463 1.2394993097789233 1.2353506595993835 1.231202009419844 1.2270533592403043 1.2229047090607648 1.2187560588812252 1.2146074087016856 1.210458758522139 1.2063101083425993 1.2021614581630597 1.1980128079835202 1.1938641578039806 1.189715507624441 1.1855668574449014 1.181554122756396 1.1776866848003193 1.1738192468442428 1.1699518088881664 1.1660843709320898 1.1622169329760135 1.1583494950199302 1.1544820570638539 1.1506146191077773 1.1467471811517007 1.1428797431956244 1.1390123052395478 1.1351448672834714 1.1312774293273948 1.1274099913713183 1.123542553415242
1.2973366918258165 1.2931493955004763 1.2889620991751363 1.284774802849796 1.2805875065244559 1.2764002101991156 1.2722129138737757 1.2680256175484355 1.2638383212230881 1.259651024897748 1.255463728572408 1.2512764322470677 1.2470891359217275 1.2429018395963876 1.2387145432710474 1.2345272469457071 1.2303399506203672 1.226152654295027 1.2219653579696867 1.2177780616443465 1.2135907653190066 1.2094034689936592 1.205216172668319 1.2010288763429788 1.1968415800176389 1.1926542836922986 1.1884669873669584 1.1842796910416185 1.1802660252691233 1.176437974482722 1.1726099236963208 1.1687818729099193 1.164953822123518 1.1611257713371168 1.157297720550709 1.1534696697643076 1.1496416189779064 1.145813568191505 1.1419855174051037 1.1381574666187024 1.1343294158323012 1.1305013650458997 1.1266733142594985 1.1228452634730972
1.2970929713591481 1.2928670288880075 1.288641086416867 1.284415143945726 1.2801892014745855 1.2759632590034449 1.271737316532304 1.2675113740611634 1.2632854315900155 1.2590594891188749 1.2548335466477343 1.2506076041765934 1.2463816617054528 1.2421557192343122 1.2379297767631714 1.2337038342920308 1.2294778918208902 1.2252519493497493 1.2210260068786087 1.2168000644074681 1.2125741219363273 1.2083481794651796 1.2041222369940388 1.1998962945228981 1.1956703520517575 1.1914444095806167 1.187218467109476 1.1829925246383355 1.1789779277818508 1.1751892641651247 1.1714006005483986 1.1676119369316724 1.1638232733149463 1.1600346096982201 1.1562459460814876 1.1524572824647614 1.1486686188480353 1.1448799552313091 1.141091291614583 1.1373026279978569 1.1335139643811307 1.1297253007644046 1.1259366371476787 1.1221479735309525
1.2968492508924798 1.2925846622755386 1.2883200736585976 1.2840554850416563 1.279790896424715 1.2755263078077739 1.2712617191908326 1.2669971305738914 1.2627325419569428 1.2584679533400016 1.2542033647230604 1.2499387761061191 1.245674187489178 1.2414095988722367 1.2371450102552957 1.2328804216383544 1.2286158330214132 1.224351244404472 1.2200866557875307 1.2158220671705895 1.2115574785536483 1.2072928899366997 1.2030283013197585 1.1987637127028172 1.194499124085876 1.1902345354689348 1.1859699468519938 1.1817053582350525 1.1776898302945782 1.1739405538475272 1.1701912774004763 1.1664420009534253 1.1626927245063745 1.1589434480593235 1.1551941716122662 1.1514448951652152 1.1476956187181644 1.1439463422711134 1.1401970658240623 1.1364477893770115 1.1326985129299605 1.1289492364829097 1.1251999600358586 1.1214506835888078
1.296605530425812 1.29230229566307 1.2879990609003282 1.2836958261375866 1.2793925913748447 1.275089356612103 1.2707861218493612 1.2664828870866194 1.2621796523238704 1.2578764175611286 1.253573182798387 1.249269948035645 1.2449667132729032 1.2406634785101616 1.2363602437474197 1.232057008984678 1.2277537742219362 1.2234505394591946 1.2191473046964527 1.2148440699337109 1.2105408351709692 1.20623760040822 1.2019343656454784 1.1976311308827365 1.1933278961199947 1.189024661357253 1.1847214265945112 1.1804181918317695 1.1764017328073055 1.1726918435299298 1.1689819542525541 1.1652720649751784 1.1615621756978025 1.1578522864204268 1.154142397143045 1.150432507865669 1.1467226185882933 1.1430127293109176 1.1393028400335419 1.135592950756166 1.1318830614787903 1.1281731722014146 1.1244632829240389 1.1207533936466632
1.2963618099591436 1.2920199290506014 1.2876780481420589 1.2833361672335166 1.2789942863249744 1.274652405416432 1.2703105245078898 1.2659686435993474 1.2616267626907978 1.2572848817822555 1.252943000873713 1.2486011199651708 1.2442592390566285 1.2399173581480862 1.235575477239544 1.2312335963310015 1.2268917154224592 1.222549834513917 1.2182079536053747 1.2138660726968324 1.20952419178829 1.2051823108797404 1.200840429971198 1.1964985490626556 1.1921566681541134 1.187814787245571 1.1834729063370288 1.1791310254284866 1.175113635320033 1.1714431332123325 1.167772631104632 1.1641021289969313 1.1604316268892307 1.1567611247815301 1.1530906226738233 1.149420120566123 1.1457496184584224 1.1420791163507218 1.1384086142430212 1.1347381121353206 1.13106761002762 1.1273971079199194 1.1237266058122188 1.1200561037045182
1.296118089492475 1.2917375624381322 1.2873570353837893 1.2829765083294464 1.2785959812751035 1.2742154542207607 1.2698349271664178 1.2654544001120749 1.2610738730577244 1.2566933460033816 1.2523128189490387 1.2479322918946958 1.243551764840353 1.23917123778601 1.2347907107316671 1.2304101836773242 1.2260296566229814 1.2216491295686385 1.2172686025142956 1.2128880754599527 1.2085075484056098 1.2041270213512596 1.1997464942969167 1.1953659672425738 1.190985440188231 1.186604913133888 1.1822243860795452 1.1778438590252023 1.1738255378327591 1.1701944228947339 1.1665633079567086 1.1629321930186831 1.1593010780806579 1.1556699631426326 1.152038848204601 1.1484077332665756 1.1447766183285504 1.1411455033905251 1.1375143884524996 1.1338832735144744 1.1302521585764491 1.1266210436384236 1.1229899287003984 1.1193588137623731
1.295874369025807 1.2914551958256635 1.28703602262552 1.2826168494253767 1.2781976762252332 1.2737785030250899 1.2693593298249464 1.2649401566248029 1.260520983424652 1.2561018102245085 1.251682637024365 1.2472634638242217 1.2428442906240782 1.238425117423935 1.2340059442237914 1.2295867710236479 1.2251675978235046 1.220748424623361 1.2163292514232176 1.2119100782230743 1.2074909050229308 1.20307173182278 1.1986525586226364 1.194233385422493 1.1898142122223496 1.185395039022206 1.1809758658220626 1.1765566926219193 1.1725374403454867 1.1689457125771365 1.1653539848087864 1.1617622570404362 1.158170529272086 1.154578801503736 1.1509870737353796 1.1473953459670294 1.1438036181986793 1.1402118904303291 1.136620162661979 1.1330284348936288 1.1294367071252787 1.1258449793569285 1.1222532515885786 1.1186615238202284
1.2956306485591387 1.2911728292131948 1.2867150098672506 1.2822571905213067 1.2777993711753628 1.2733415518294189 1.2688837324834747 1.2644259131375308 1.2599680937915794 1.2555102744456352 1.2510524550996913 1.2465946357537474 1.2421368164078035 1.2376789970618596 1.2332211777159154 1.2287633583699715 1.2243055390240276 1.2198477196780835 1.2153899003321396 1.2109320809861956 1.2064742616402517 1.2020164422943 1.1975586229483561 1.1931008036024122 1.1886429842564683 1.1841851649105242 1.1797273455645803 1.1752695262186363 1.171249342858214 1.1676970022595392 1.1641446616608642 1.1605923210621891 1.1570399804635143 1.1534876398648393 1.1499352992661582 1.1463829586674832 1.1428306180688084 1.1392782774701333 1.1357259368714585 1.1321735962727835 1.1286212556741084 1.1250689150754336 1.1215165744767586 1.1179642338780835
