Figures/CREST_Example_wjb_NSE/PETs/wjb.pet.20101011.asc
ncols            288
nrows            254
xllcorner        113.274861
yllcorner        31.4918055
cellsize         0.008333333333
NODATA_value     -9999
[rows 120 to 139 of 254, columns 0 to 43 of 288]
-9999.0 -9999.0 -9999.0 -9999.0 -9999.0 -9999.0 -9999.0 -9999.0 -9999.0 -9999.0 -9999.0 -9999.0 -9999.0 2.1656115077664873 2.165380075737419 2.165148643708351 2.164917211679283 2.164685779650215 -9999.0 -9999.0 -9999.0 -9999.0 -9999.0 -9999.0 -9999.0 -9999.0 -9999.0 -9999.0 -9999.0 2.1619085953013983 2.1616771632723304 2.1614457312432624 2.1612142992141945 2.1609828671851266 2.1607514351560586 2.16052000312699 2.1602885710979223 2.1600571390688543 2.1598257070397864 2.159594275010718 2.15936284298165 2.159131410952582 2.1580230365483537 2.1559771909253755
-9999.0 -9999.0 -9999.0 -9999.0 -9999.0 -9999.0 -9999.0 -9999.0 -9999.0 -9999.0 -9999.0 -9999.0 2.1692288467767353 2.1689474919633387 2.1686661371499425 2.1683847823365463 2.1681034275231506 2.1678220727097544 2.167540717896358 -9999.0 -9999.0 -9999.0 -9999.0 -9999.0 -9999.0 -9999.0 -9999.0 -9999.0 -9999.0 -9999.0 2.1641644601356047 2.1638831053222085 2.1636017505088123 2.163320395695416 2.1630390408820204 2.162757686068624 2.162476331255228 2.162194976441832 2.1619136216284356 2.1616322668150394 2.161350912001643 2.161069557188247 2.1599408312608417 2.157906246461194
-9999.0 -9999.0 -9999.0 -9999.0 -9999.0 -9999.0 -9999.0 -9999.0 -9999.0 -9999.0 -9999.0 -9999.0 2.172614753757915 2.17228347616019 2.171952198562466 2.1716209209647417 2.1712896433670177 2.1709583657692937 2.1706270881715692 2.1702958105738452 2.1699645329761212 -9999.0 -9999.0 -9999.0 -9999.0 -9999.0 -9999.0 -9999.0 -9999.0 2.166983034596603 2.1666517569988786 2.1663204794011546 2.16598920180343 2.165657924205706 2.165326646607982 2.1649953690102577 2.1646640914125337 2.1643328138148092 2.1640015362170852 2.1636702586193604 2.1633389810216364 2.1630077034239124 2.1618586259733297 2.159835301997013
-9999.0 -9999.0 -9999.0 -9999.0 -9999.0 -9999.0 -9999.0 -9999.0 -9999.0 -9999.0 -9999.0 -9999.0 2.1760006607390947 2.175619460357042 2.1752382599749898 2.1748570595929375 2.1744758592108853 2.174094658828833 2.1737134584467808 2.1733322580647285 2.172951057682676 -9999.0 -9999.0 2.171807456536519 -9999.0 -9999.0 -9999.0 -9999.0 -9999.0 2.169520254244205 2.169139053862153 2.1687578534801006 2.1683766530980484 2.167995452715996 2.167614252333944 2.1672330519518916 2.1668518515698394 2.166470651187787 2.166089450805735 2.1657082504236818 2.1653270500416295 2.1649458496595773 2.163776420685817 2.1617643575328316
-9999.0 -9999.0 -9999.0 -9999.0 -9999.0 -9999.0 -9999.0 -9999.0 -9999.0 -9999.0 -9999.0 -9999.0 2.179386567720277 2.178955444553896 2.1785243213875156 2.178093198221135 2.177662075054755 2.1772309518883746 2.176799828721994 2.176368705555614 2.1759375823892335 2.175506459222853 2.1750753360564725 2.1746442128900925 2.174213089723712 2.1737819665573315 -9999.0 -9999.0 2.17248859705819 2.1720574738918095 2.171626350725429 2.1711952275590485 2.1707641043926684 2.170332981226288 2.1699018580599074 2.1694707348935274 2.169039611727147 2.1686084885607664 2.1681773653943863 2.167746242228005 2.1673151190616244 2.1668839958952444 2.165694215398307 2.163693413068652
-9999.0 -9999.0 -9999.0 -9999.0 -9999.0 -9999.0 -9999.0 -9999.0 -9999.0 -9999.0 -9999.0 2.1832130539039394 2.1827724747014567 2.1822914287507476 2.1818103828000392 2.181329336849331 2.180848290898622 2.180367244947914 2.1798861989972056 2.179405153046497 2.1789241070957885 2.1784430611450802 2.1779620151943715 2.177480969243663 2.176999923292955 2.176518877342246 2.176037831391537 2.1755567854408286 2.17507573949012 2.1745946935394116 2.1741136475887033 2.1736326016379945 2.1731515556872862 2.172670509736578 2.172189463785869 2.171708417835161 2.1712273718844526 2.170746325933744 2.1702652799830355 2.1697842340323263 2.169303188081618 2.1688221421309093 2.167612010110795 2.1656224686044707
-9999.0 -9999.0 -9999.0 -9999.0 -9999.0 -9999.0 -9999.0 -9999.0 -9999.0 -9999.0 -9999.0 2.186601137584484 2.186158381682637 2.1856274129475994 2.185096444212563 2.1845654754775263 2.18403450674249 2.1835035380074532 2.1829725692724167 2.18244160053738 2.1819106318023436 2.181379663067307 2.1808486943322705 2.180317725597234 2.1797867568621974 2.179255788127161 2.1787248193921234 2.178193850657087 2.1776628819220503 2.1771319131870137 2.176600944451977 2.1760699757169406 2.175539006981904 2.1750080382468675 2.1744770695118314 2.173946100776795 2.1734151320417583 2.1728841633067217 2.172353194571685 2.1718222258366477 2.171291257101611 2.1707602883665746 2.169529804823283 2.1675515241402894
-9999.0 -9999.0 -9999.0 -9999.0 -9999.0 -9999.0 -9999.0 -9999.0 -9999.0 -9999.0 -9999.0 2.189989221265028 2.189544288663816 2.1889633971444504 2.1883825056250856 2.1878016141057213 2.1872207225863565 2.186639831066992 2.1860589395476273 2.185478048028263 2.184897156508898 2.184316264989534 2.183735373470169 2.1831544819508046 2.18257359043144 2.181992698912075 2.18141180739271 2.180830915873345 2.1802500243539806 2.179669132834616 2.1790882413152515 2.1785073497958867 2.177926458276522 2.1773455667571575 2.1767646752377927 2.1761837837184284 2.1756028921990636 2.175022000679699 2.1744411091603344 2.1738602176409687 2.1732793261216043 2.1726984346022395 2.171447599535771 2.1694805796761085
-9999.0 -9999.0 -9999.0 -9999.0 -9999.0 -9999.0 -9999.0 -9999.0 -9999.0 -9999.0 -9999.0 2.193377304945572 2.192930195644996 2.192299381341302 2.1916685670376093 2.1910377527339167 2.190406938430224 2.1897761241265314 2.1891453098228384 2.188514495519146 2.187883681215453 2.1872528669117606 2.186622052608068 2.1859912383043754 2.1853604240006823 2.1847296096969897 2.184098795393296 2.1834679810896036 2.1828371667859106 2.182206352482218 2.1815755381785253 2.1809447238748327 2.18031390957114 2.1796830952674475 2.1790522809637545 2.178421466660062 2.1777906523563693 2.1771598380526767 2.176529023748984 2.17589820944529 2.1752673951415975 2.174636580837905 2.173365394248259 2.171409635211927
-9999.0 -9999.0 -9999.0 -9999.0 -9999.0 -9999.0 -9999.0 -9999.0 -9999.0 -9999.0 2.196998167426871 2.1967653886261163 2.1963161026261755 2.1956353655381537 2.194954628450133 2.194273891362112 2.193593154274091 2.1929124171860708 2.19223168009805 2.191550943010029 2.190870205922008 2.190189468833988 2.189508731745967 2.188827994657946 2.1881472575699252 2.187466520481905 2.1867857833938826 2.186105046305862 2.1854243092178414 2.1847435721298205 2.1840628350417997 2.1833820979537792 2.1827013608657584 2.1820206237777375 2.1813398866897167 2.1806591496016963 2.1799784125136754 2.1792976754256546 2.1786169383376337 2.177936201249612 2.177255464161591 2.1765747270735702 2.1752831889607473 2.1733386907477463
-9999.0 -9999.0 -9999.0 -9999.0 -9999.0 -9999.0 -9999.0 -9999.0 -9999.0 2.2005340566918177 2.200343764499239 2.2001534723066603 2.199702009607355 2.198971349735005 2.1982406898626565 2.1975100299903074 2.1967793701179588 2.1960487102456097 2.195318050373261 2.1945873905009123 2.1938567306285632 2.1931260707562146 2.192395410883866 2.191664751011517 2.190934091139168 2.1902034312668195 2.189472771394469 2.1887421115221204 2.1880114516497717 2.1872807917774226 2.186550131905074 2.185819472032725 2.185088812160376 2.1843581522880275 2.1836274924156784 2.18289683254333 2.182166172670981 2.181435512798632 2.1807048529262834 2.1799741930539334 2.1792435331815843 2.1785128733092356 2.1772009836732353 2.175267746283565
-9999.0 -9999.0 -9999.0 -9999.0 -9999.0 -9999.0 -9999.0 2.204132778324817 2.2039849727404146 2.203837167156012 2.2036893615716098 2.2035415559872074 2.2030879165885375 2.2023073339318593 2.2015267512751824 2.2007461686185055 2.1999655859618286 2.1991850033051517 2.1984044206484747 2.197623837991798 2.196843255335121 2.1960626726784436 2.1952820900217667 2.1945015073650898 2.193720924708413 2.192940342051736 2.1921597593950577 2.191379176738381 2.190598594081704 2.189818011425027 2.18903742876835 2.1882568461116727 2.187476263454996 2.186695680798319 2.185915098141642 2.185134515484965 2.184353932828288 2.1835733501716112 2.1827927675149343 2.182012184858256 2.181231602201579 2.1804510195449023 2.1791187783857247 2.177196801819385
-9999.0 -9999.0 -9999.0 -9999.0 -9999.0 -9999.0 2.2074562345488826 2.2073509155726567 2.2072455965964304 2.207140277620204 2.2070349586439777 2.2069296396677514 2.206473823569717 2.205643318128711 2.204812812687706 2.203982307246701 2.2031518018056957 2.202321296364691 2.201490790923686 2.2006602854826807 2.199829780041676 2.198999274600671 2.1981687691596656 2.197338263718661 2.1965077582776558 2.1956772528366506 2.194846747395644 2.1940162419546394 2.1931857365136342 2.192355231072629 2.1915247256316244 2.190694220190619 2.189863714749614 2.1890332093086093 2.188202703867604 2.187372198426599 2.1865416929855943 2.185711187544589 2.184880682103584 2.1840501766625775 2.183219671221573 2.1823891657805676 2.181036573098213 2.179125857355204
-9999.0 -9999.0 -9999.0 2.210820382292696 2.2107575499246463 -9999.0 2.2106318851885463 2.210569052820496 2.210506220452446 2.210443388084396 2.210380555716346 2.210317723348296 2.2098597305508973 2.2089793023255626 2.2080988741002296 2.2072184458748962 2.2063380176495633 2.2054575894242303 2.204577161198897 2.203696732973564 2.202816304748231 2.2019358765228976 2.2010554482975646 2.2001750200722316 2.1992945918468987 2.1984141636215653 2.197533735396231 2.1966533071708976 2.1957728789455646 2.1948924507202316 2.1940120224948982 2.1931315942695653 2.1922511660442323 2.191370737818899 2.190490309593566 2.189609881368233 2.1887294531429 2.1878490249175666 2.1869685966922336 2.186088168466899 2.185207740241566 2.184327312016233 2.182954367810701 2.181054912891023
-9999.0 -9999.0 -9999.0 2.2138685731078307 2.213848227347957 2.2138278815880827 2.213807535828209 2.2137871900683352 2.2137668443084615 2.2137464985485873 2.2137261527887135 2.21370580702884 2.2132456375320766 2.2123152865224136 2.2113849355127524 2.210454584503091 2.2095242334934304 2.208593882483769 2.207663531474108 2.2067331804644468 2.2058028294547856 2.2048724784451244 2.203942127435463 2.203011776425802 2.2020814254161407 2.20115107440648 2.200220723396817 2.1992903723871557 2.1983600213774945 2.1974296703678333 2.1964993193581726 2.1955689683485113 2.19463861733885 2.193708266329189 2.1927779153195277 2.1918475643098665 2.1909172133002053 2.189986862290544 2.189056511280883 2.1881261602712203 2.187195809261559 2.186265458251898 2.184872162523189 2.1829839684268415
-9999.0 -9999.0 -9999.0 2.216916763922965 2.2169389047712675 2.21696104561957 2.216983186467872 2.2170053273161745 2.217027468164477 2.217049609012779 2.2170717498610815 2.217093890709384 2.2166315445132563 2.2156512707192655 2.214670996925276 2.213690723131287 2.2127104493372975 2.2117301755433085 2.210749901749319 2.20976962795533 2.2087893541613406 2.207809080367351 2.206828806573362 2.2058485327793727 2.2048682589853836 2.203887985191394 2.2029077113974034 2.2019274376034144 2.200947163809425 2.199966890015436 2.1989866162214464 2.1980063424274574 2.197026068633468 2.196045794839479 2.1950655210454895 2.1940852472515004 2.193104973457511 2.1921246996635215 2.1911444258695325 2.1901641520755417 2.1891838782815523 2.1882036044875632 2.186789957235677 2.1849130239626606
-9999.0 -9999.0 -9999.0 2.2199649547381 2.2200295821945786 2.220094209651057 2.2201588371075354 2.220223464564014 2.2202880920204926 2.220352719476971 2.22041734693345 2.2204819743899282 2.220017451494436 2.218987254916117 2.2179570583377997 2.2169268617594824 2.215896665181165 2.2148664686028474 2.21383627202453 2.212806075446213 2.2117758788678956 2.2107456822895784 2.209715485711261 2.208685289132944 2.207655092554626 2.206624895976309 2.20559469939799 2.2045645028196725 2.2035343062413553 2.202504109663038 2.2014739130847207 2.2004437165064035 2.1994135199280858 2.1983833233497685 2.1973531267714512 2.196322930193134 2.1952927336148167 2.1942625370364994 2.193232340458182 2.1922021438798627 2.1911719473015454 2.190141750723228 2.188707751948165 2.1868420794984793
-9999.0 -9999.0 -9999.0 2.2230131455532374 2.223120259617892 2.2232273736825467 2.223334487747201 2.223441601811856 2.223548715876511 2.2236558299411655 2.2237629440058204 2.223870058070475 2.2234033584756183 2.222323239112971 2.2212431197503255 2.2201630003876804 2.219082881025035 2.2180027616623894 2.216922642299744 2.2158425229370984 2.214762403574453 2.213682284211808 2.2126021648491623 2.2115220454865168 2.2104419261238712 2.2093618067612257 2.2082816873985784 2.207201568035933 2.206121448673288 2.2050413293106423 2.203961209947997 2.2028810905853513 2.201800971222706 2.2007208518600607 2.199640732497415 2.1985606131347697 2.197480493772124 2.1964003744094787 2.195320255046833 2.194240135684186 2.193160016321541 2.1920798969588953 2.1906255466606543 2.1887711350342998
-9999.0 -9999.0 -9999.0 2.226061336368372 2.226210937041203 2.226360537714034 2.226510138386865 2.226659739059696 2.2268093397325264 2.2269589404053574 2.2271085410781883 2.2272581417510193 2.226789265456798 2.225659223309823 2.224529181162849 2.223399139015876 2.222269096868902 2.2211390547219287 2.220009012574955 2.2188789704279817 2.217748928281008 2.2166188861340346 2.215488843987061 2.2143588018400875 2.213228759693114 2.2120987175461404 2.210968675399165 2.2098386332521915 2.2087085911052178 2.2075785489582445 2.206448506811271 2.2053184646642974 2.204188422517324 2.2030583803703503 2.201928338223377 2.200798296076403 2.19966825392943 2.198538211782456 2.197408169635483 2.1962781274885073 2.195148085341534 2.19401804319456 2.1925433413731423 2.1907001905701184
-9999.0 2.2287253526214923 2.2289174399025 2.229109527183507 2.229301614464514 2.229493701745521 2.229685789026528 2.229877876307535 2.230069963588542 2.230262050869549 2.2304541381505563 2.2306462254315638 2.2301751724379777 2.2289952075066743 2.227815242575373 2.226635277644071 2.2254553127127696 2.224275347781468 2.2230953828501665 2.2219154179188645 2.220735452987563 2.2195554880562613 2.21837552312496 2.217195558193658 2.2160155932623566 2.214835628331055 2.2136556633997513 2.2124756984684497 2.211295733537148 2.2101157686058466 2.208935803674545 2.2077558387432434 2.206575873811942 2.2053959088806403 2.2042159439493387 2.203035979018037 2.2018560140867356 2.200676049155434 2.1994960842241325 2.1983161192928287 2.197136154361527 2.1959561894302255 2.1944611360856303 2.192629246105937
