Figures/CREST_Example_wjb_NSE/PETs/wjb.pet.20090716.asc
ncols            288
nrows            254
xllcorner        113.274861
yllcorner        31.4918055
cellsize         0.008333333333
NODATA_value     -9999
[rows 200 to 219 of 254, columns 45 to 89 of 288]
-9999.0 -9999.0 -9999.0 -9999.0 -9999.0 -9999.0 -9999.0 -9999.0 -9999.0 4.409813952200984 4.410776076147896 4.41173820009481 4.412700324041722 4.413662447988635 4.414624571935549 4.415586695882461 4.416548819829375 4.417510943776287 4.418473067723201 4.419435191670114 4.420397315617028 4.4213594395639415 4.422321563510854 4.423283687457768 4.42424581140468 4.425207935351593 4.4261700592985065 4.424701845344857 4.420635545235147 4.4165692451254355 4.412502945015725 4.408436644906015 4.404370344796304 4.400304044686586 4.396237744576876 4.392171444467165 4.388105144357454 4.384038844247744 4.379972544138033 4.3759062440283225 4.371839943918612 4.367773643808901 4.363707343699191 4.35964104358948 4.355574743479769
-9999.0 -9999.0 -9999.0 -9999.0 -9999.0 -9999.0 -9999.0 -9999.0 4.4063787939079235 4.407364219654841 4.408349645401759 4.409335071148677 4.4103204968955945 4.411305922642512 4.41229134838943 4.413276774136348 4.414262199883265 4.415247625630183 4.416233051377101 4.417218477124019 4.418203902870938 4.419189328617856 4.420174754364774 4.421160180111691 4.422145605858609 4.423131031605527 4.4241164573524445 4.4227315418790845 4.418812678057175 4.414893814235265 4.4109749504133555 4.407056086591446 4.403137222769536 4.39921835894762 4.395299495125711 4.391380631303801 4.387461767481891 4.383542903659982 4.379624039838072 4.3757051760161625 4.371786312194253 4.367867448372343 4.3639485845504336 4.360029720728524 4.356110856906614
-9999.0 -9999.0 -9999.0 -9999.0 -9999.0 -9999.0 -9999.0 4.402897032014854 4.403905759561777 4.404914487108699 4.405923214655622 4.406931942202544 4.4079406697494665 4.408949397296389 4.409958124843311 4.410966852390234 4.411975579937156 4.412984307484079 4.413993035031001 4.415001762577924 4.416010490124848 4.41701921767177 4.418027945218693 4.419036672765615 4.420045400312538 4.421054127859461 4.4220628554063826 4.420761238413311 4.416989810879202 4.413218383345094 4.409446955810985 4.405675528276877 4.401904100742768 4.398132673208653 4.394361245674545 4.390589818140436 4.386818390606328 4.383046963072219 4.37927553553811 4.375504108004002 4.371732680469893 4.3679612529357845 4.3641898254016755 4.3604183978675675 4.3566469703334585
-9999.0 -9999.0 -9999.0 -9999.0 -9999.0 -9999.0 -9999.0 -9999.0 4.40143272521563 4.402464754562557 4.4034967839094845 4.4045288132564115 4.405560842603339 4.406592871950266 4.407624901297193 4.408656930644121 4.409688959991048 4.410720989337975 4.411753018684902 4.412785048031829 4.413817077378758 4.414849106725685 4.4158811360726125 4.4169131654195395 4.4179451947664665 4.418977224113394 4.4200092534603215 4.4187909349475385 4.415166943701231 4.411542952454923 4.407918961208615 4.404294969962308 4.4006709787160005 4.397046987469687 4.3934229962233795 4.389799004977071 4.386175013730764 4.382551022484456 4.378927031238149 4.375303039991842 4.371679048745533 4.368055057499226 4.364431066252918 4.360807075006611 4.357183083760304
-9999.0 -9999.0 -9999.0 -9999.0 -9999.0 -9999.0 -9999.0 -9999.0 -9999.0 4.400015022016414 4.401070353163346 4.4021256843102785 4.40318101545721 4.404236346604142 4.405291677751074 4.406347008898006 4.407402340044938 4.4084576711918695 4.409513002338802 4.410568333485734 4.411623664632668 4.412678995779599 4.413734326926531 4.414789658073463 4.415844989220395 4.416900320367327 4.417955651514259 4.416820631481765 4.413344076523258 4.409867521564752 4.406390966606246 4.402914411647739 4.399437856689232 4.39596130173072 4.3924847467722135 4.389008191813707 4.3855316368552 4.382055081896694 4.378578526938187 4.375101971979681 4.371625417021174 4.368148862062668 4.364672307104161 4.361195752145655 4.357719197187148
-9999.0 -9999.0 -9999.0 -9999.0 -9999.0 -9999.0 -9999.0 -9999.0 -9999.0 4.397565289470272 4.398643922417208 4.399722555364145 4.400801188311082 4.401879821258018 4.402958454204955 4.404037087151892 4.405115720098828 4.406194353045765 4.407272985992702 4.408351618939638 4.409430251886577 4.410508884833513 4.41158751778045 4.412666150727387 4.413744783674323 4.41482341662126 4.415902049568197 4.414850328015992 4.411521209345286 4.40819209067458 4.404862972003875 4.401533853333169 4.398204734662464 4.394875615991753 4.391546497321047 4.388217378650342 4.384888259979636 4.381559141308931 4.378230022638226 4.37490090396752 4.371571785296815 4.368242666626109 4.364913547955403 4.361584429284698 4.358255310613993
-9999.0 -9999.0 -9999.0 -9999.0 -9999.0 -9999.0 -9999.0 -9999.0 -9999.0 -9999.0 -9999.0 4.397319426418012 4.398421361164954 4.399523295911895 4.400625230658837 4.401727165405778 4.4028291001527196 4.403931034899661 4.405032969646602 4.406134904393544 4.407236839140487 4.4083387738874285 4.40944070863437 4.410542643381311 4.411644578128253 4.412746512875194 4.413848447622136 4.412880024550219 4.409698342167315 4.40651665978441 4.403334977401506 4.400153295018601 4.396971612635697 4.393789930252787 4.390608247869882 4.387426565486978 4.384244883104073 4.381063200721169 4.377881518338264 4.37469983595536 4.371518153572455 4.368336471189551 4.365154788806646 4.361973106423742 4.358791424040837
-9999.0 -9999.0 -9999.0 -9999.0 -9999.0 -9999.0 -9999.0 -9999.0 -9999.0 -9999.0 -9999.0 -9999.0 4.396041534018825 4.3971667705657715 4.398292007112717 4.399417243659664 4.40054248020661 4.401667716753556 4.402792953300502 4.403918189847448 4.405043426394396 4.406168662941342 4.407293899488288 4.408419136035235 4.409544372582181 4.410669609129127 4.411794845676073 4.410909721084446 4.407875474989342 4.404841228894239 4.401806982799135 4.398772736704031 4.395738490608928 4.39270424451382 4.389669998418716 4.386635752323612 4.383601506228509 4.380567260133406 4.377533014038303 4.374498767943199 4.371464521848096 4.368430275752992 4.365396029657888 4.362361783562785 4.359327537467681
-9999.0 -9999.0 -9999.0 -9999.0 -9999.0 -9999.0 -9999.0 -9999.0 -9999.0 -9999.0 -9999.0 -9999.0 4.3930964841965405 4.394174109250427 4.395251734304313 4.3963293593582 4.397406984412086 4.398484609465972 4.399562234519858 4.400639859573745 4.401717484627633 4.402795109681519 4.403872734735406 4.404950359789292 4.406027984843178 4.407105609897064 4.40818323495095 4.407307566167741 4.404343782116404 4.4013799980650665 4.3984162140137295 4.395452429962392 4.392488645911054 4.389524861859711 4.386561077808374 4.383597293757036 4.380633509705699 4.3776697256543615 4.374705941603024 4.371742157551687 4.368778373500349 4.365814589449012 4.362850805397674 4.359887021346337 4.356923237294999
-9999.0 -9999.0 -9999.0 -9999.0 -9999.0 -9999.0 -9999.0 -9999.0 -9999.0 -9999.0 -9999.0 -9999.0 -9999.0 4.390501458678168 4.3914556703982095 4.392409882118251 4.393364093838294 4.394318305558335 4.395272517278377 4.3962267289984185 4.397180940718461 4.398135152438503 4.399089364158544 4.400043575878586 4.4009977875986275 4.40195199931867 4.402906211038712 4.401961064901825 4.398985462278889 4.396009859655953 4.393034257033017 4.390058654410081 4.387083051787145 4.384107449164204 4.381131846541267 4.3781562439183315 4.375180641295396 4.372205038672459 4.369229436049523 4.366253833426587 4.363278230803651 4.360302628180715 4.357327025557779 4.354351422934843 4.351375820311907
-9999.0 -9999.0 -9999.0 -9999.0 -9999.0 -9999.0 -9999.0 -9999.0 -9999.0 -9999.0 -9999.0 -9999.0 -9999.0 -9999.0 4.387659606492105 4.3884904048783016 4.389321203264498 4.390152001650696 4.390982800036893 4.39181359842309 4.392644396809288 4.393475195195485 4.394305993581682 4.395136791967879 4.3959675903540765 4.396798388740273 4.39762918712647 4.396614563635906 4.393627142441372 4.3906397212468375 4.387652300052303 4.384664878857768 4.381677457663233 4.378690036468694 4.375702615274159 4.372715194079625 4.36972777288509 4.366740351690555 4.3637529304960205 4.360765509301486 4.357778088106952 4.354790666912416 4.351803245717882 4.3488158245233475 4.345828403328813
-9999.0 -9999.0 -9999.0 -9999.0 -9999.0 -9999.0 -9999.0 -9999.0 -9999.0 -9999.0 -9999.0 -9999.0 -9999.0 -9999.0 -9999.0 -9999.0 -9999.0 4.385985697743058 4.386693082795411 4.387400467847763 4.3881078529001165 4.3888152379524685 4.389522623004821 4.3902300080571734 4.390937393109526 4.391644778161878 4.39235216321423 4.39126806236999 4.388268822603857 4.385269582837724 4.382270343071591 4.379271103305458 4.376271863539324 4.373272623773186 4.370273384007053 4.36727414424092 4.364274904474787 4.361275664708653 4.358276424942519 4.355277185176386 4.352277945410253 4.34927870564412 4.346279465877987 4.343280226111854 4.340280986345721
-9999.0 -9999.0 -9999.0 -9999.0 -9999.0 -9999.0 -9999.0 -9999.0 -9999.0 -9999.0 -9999.0 -9999.0 -9999.0 -9999.0 -9999.0 -9999.0 -9999.0 4.381819393835421 4.3824033655539285 4.382987337272437 4.383571308990945 4.384155280709453 4.384739252427961 4.385323224146468 4.385907195864976 4.3864911675834835 4.3870751393019916 4.385921561104073 4.382910502766341 4.37989944442861 4.3768883860908785 4.373877327753147 4.370866269415415 4.367855211077678 4.364844152739947 4.361833094402215 4.358822036064483 4.355810977726751 4.352799919389019 4.349788861051287 4.3467778027135555 4.3437667443758246 4.340755686038093 4.337744627700361 4.334733569362629
-9999.0 -9999.0 -9999.0 -9999.0 -9999.0 -9999.0 -9999.0 -9999.0 -9999.0 -9999.0 -9999.0 -9999.0 -9999.0 -9999.0 -9999.0 -9999.0 -9999.0 -9999.0 -9999.0 4.378574206697108 4.379034765081772 4.379495323466435 4.379955881851098 4.380416440235761 4.380876998620424 4.381337557005088 4.38179811538975 4.380575059838155 4.377552182928825 4.374529306019494 4.371506429110164 4.368483552200834 4.365460675291503 4.362437798382168 4.359414921472838 4.356392044563507 4.353369167654177 4.350346290744847 4.347323413835516 4.344300536926186 4.341277660016856 4.3382547831075255 4.335231906198195 4.332209029288864 4.329186152379535
-9999.0 -9999.0 -9999.0 -9999.0 -9999.0 -9999.0 -9999.0 -9999.0 -9999.0 -9999.0 -9999.0 -9999.0 -9999.0 -9999.0 -9999.0 -9999.0 -9999.0 -9999.0 -9999.0 -9999.0 -9999.0 4.374835366223419 -9999.0 4.375509656325056 4.375846801375874 4.376183946426693 4.376521091477511 4.375228558572238 4.37219386309131 4.3691591676103805 4.366124472129452 4.363089776648523 4.360055081167594 4.35702038568666 4.3539856902057315 4.350950994724802 4.347916299243874 4.3448816037629445 4.341846908282016 4.338812212801087 4.3357775173201585 4.332742821839229 4.329708126358301 4.3266734308773716 4.323638735396443
-9999.0 -9999.0 -9999.0 -9999.0 -9999.0 -9999.0 -9999.0 -9999.0 -9999.0 -9999.0 -9999.0 -9999.0 -9999.0 -9999.0 -9999.0 -9999.0 -9999.0 -9999.0 -9999.0 -9999.0 -9999.0 -9999.0 -9999.0 -9999.0 -9999.0 4.371030335848298 4.3712440675652715 4.369882057306322 4.366835543253794 4.363789029201267 4.36074251514874 4.357696001096212 4.354649487043685 4.351602972991152 4.348556458938624 4.345509944886097 4.34246343083357 4.339416916781042 4.336370402728515 4.333323888675988 4.33027737462346 4.327230860570933 4.324184346518406 4.321137832465878 4.318091318413351
-9999.0 -9999.0 -9999.0 -9999.0 -9999.0 -9999.0 -9999.0 -9999.0 -9999.0 -9999.0 -9999.0 -9999.0 -9999.0 -9999.0 -9999.0 -9999.0 -9999.0 -9999.0 -9999.0 -9999.0 -9999.0 -9999.0 -9999.0 -9999.0 -9999.0 4.365876725269903 4.365967043653033 4.364535556040405 4.361477223416279 4.358418890792153 4.3553605581680275 4.352302225543902 4.349243892919776 4.346185560295644 4.343127227671518 4.340068895047392 4.337010562423266 4.333952229799141 4.330893897175015 4.327835564550889 4.324777231926762 4.3217188993026365 4.318660566678511 4.315602234054385 4.312543901430259
-9999.0 -9999.0 -9999.0 -9999.0 -9999.0 -9999.0 -9999.0 -9999.0 -9999.0 -9999.0 -9999.0 -9999.0 -9999.0 -9999.0 -9999.0 -9999.0 -9999.0 -9999.0 -9999.0 -9999.0 -9999.0 -9999.0 -9999.0 -9999.0 -9999.0 -9999.0 4.360690019740791 4.359189054774487 4.356118903578762 4.353048752383038 4.349978601187313 4.346908449991589 4.343838298795864 4.3407681476001345 4.33769799640441 4.3346278452086855 4.331557694012961 4.3284875428172365 4.325417391621512 4.322347240425787 4.319277089230063 4.316206938034338 4.313136786838614 4.310066635642889 4.306996484447165
-9999.0 -9999.0 -9999.0 -9999.0 -9999.0 -9999.0 -9999.0 -9999.0 -9999.0 -9999.0 -9999.0 -9999.0 -9999.0 -9999.0 -9999.0 -9999.0 -9999.0 -9999.0 -9999.0 -9999.0 -9999.0 -9999.0 -9999.0 -9999.0 -9999.0 -9999.0 -9999.0 4.35384255350857 4.350760583741247 4.347678613973924 4.344596644206601 4.341514674439278 4.338432704671955 4.335350734904626 4.332268765137304 4.3291867953699805 4.326104825602657 4.323022855835334 4.319940886068011 4.3168589163006885 4.313776946533365 4.310694976766042 4.307613006998719 4.304531037231396 4.301449067464073
-9999.0 -9999.0 -9999.0 -9999.0 -9999.0 -9999.0 -9999.0 -9999.0 -9999.0 -9999.0 -9999.0 -9999.0 -9999.0 -9999.0 -9999.0 -9999.0 -9999.0 -9999.0 -9999.0 -9999.0 -9999.0 -9999.0 -9999.0 -9999.0 -9999.0 -9999.0 -9999.0 -9999.0 4.345402263903732 4.34230847556481 4.339214687225889 4.336120898886967 4.333027110548045 4.3299333222091185 4.326839533870197 4.3237457455312756 4.320651957192354 4.317558168853432 4.314464380514511 4.311370592175589 4.308276803836667 4.305183015497746 4.302089227158824 4.298995438819902 4.295901650480981
