Figures/CREST_Example_wjb_NSE/PETs/wjb.pet.20100527.asc
ncols            288
nrows            254
xllcorner        113.274861
yllcorner        31.4918055
cellsize         0.008333333333
NODATA_value     -9999
[rows 114 to 132 of 254, columns 220 to 263 of 288]
0.7897872421292799 0.7892819960539608 0.7904602859508817 0.7934383139034747 0.7964163418560679 0.799394369808661 0.802372397761254 0.8053504257138472 0.8083284536664402 0.8113064816190333 0.8142845095716263 0.8172625375242195 0.8202405654768126 0.8232185934294056 0.8261966213820038 0.8291746493345968 0.83215267728719 0.835130705239783 0.8381087331923761 0.8410867611449692 0.8440647890975623 0.8470428170501554 0.8500208450027484 0.8529988729553415 0.8559769009079347 0.8589549288605277 0.8619329568131208 0.8649109847657189 0.8678890127183121 0.8708670406709051 0.8738450686234982 0.8768230965760913 0.878278049965692 0.8781048021697988 0.8779315543739056 -9999.0 -9999.0 -9999.0 -9999.0 -9999.0 -9999.0 -9999.0 -9999.0 -9999.0
0.7846713720586519 0.78402408837994 0.7851382221856815 0.788135351146245 0.7911324801068086 0.7941296090673721 0.7971267380279357 0.8001238669884991 0.8031209959490627 0.8061181249096262 0.8091152538701898 0.8121123828307533 0.8151095117913169 0.8181066407518803 0.821103769712449 0.8241008986730125 0.8270980276335761 0.8300951565941396 0.8330922855547032 0.8360894145152666 0.8390865434758302 0.8420836724363937 0.8450808013969573 0.8480779303575208 0.8510750593180844 0.8540721882786478 0.8570693172392114 0.86006644619978 0.8630635751603436 0.8660607041209071 0.8690578330814707 0.8720549620420341 0.8735122611384277 0.8733234472530808 0.8731346333677338 0.8729458194823868 0.8727570055970398 -9999.0 -9999.0 -9999.0 -9999.0 -9999.0 -9999.0 -9999.0
0.779555501988024 0.7787661807059194 0.7798161584204814 0.7828323883890154 0.7858486183575494 0.7888648483260834 0.7918810782946173 0.7948973082631513 0.7979135382316853 0.8009297682002192 0.8039459981687532 0.8069622281372872 0.8099784581058213 0.8129946880743552 0.8160109180428943 0.8190271480114283 0.8220433779799623 0.8250596079484963 0.8280758379170302 0.8310920678855642 0.8341082978540982 0.8371245278226321 0.8401407577911661 0.8431569877597002 0.8461732177282342 0.8491894476967681 0.8522056776653021 0.8552219076338412 0.8582381376023752 0.8612543675709092 0.8642705975394431 0.8672868275079771 0.8687464723111635 0.8685420923363628 0.8683377123615621 0.8681333323867614 0.8679289524119607 0.86772457243716 -9999.0 -9999.0 -9999.0 -9999.0 -9999.0 -9999.0
0.7744396319173961 0.7735082730318986 0.7744940946552812 0.7775294256317856 0.7805647566082901 0.7836000875847945 0.7866354185612989 0.7896707495378034 0.7927060805143078 0.7957414114908122 0.7987767424673167 0.8018120734438211 0.8048474044203255 0.8078827353968299 0.8109180663733395 0.813953397349844 0.8169887283263484 0.8200240593028528 0.8230593902793573 0.8260947212558617 0.8291300522323661 0.8321653832088706 0.835200714185375 0.8382360451618794 0.8412713761383839 0.8443067071148882 0.8473420380913927 0.8503773690679023 0.8534127000444067 0.8564480310209112 0.8594833619974156 0.86251869297392 0.8639806834838992 0.8637607374196448 0.8635407913553903 0.8633208452911358 0.8631008992268814 0.8628809531626269 0.8626610070983723 0.8624410610341179 -9999.0 -9999.0 -9999.0 -9999.0
0.7713095394451288 0.7702672814310341 0.7711644317577346 0.774134853492929 0.7771052752281233 0.7800756969633176 0.7830461186985119 0.7860165404337062 0.7889869621689005 0.7919573839040948 0.7949278056392891 0.7978982273744835 0.8008686491096777 0.803839070844872 0.8068094925800714 0.8097799143152657 0.81275033605046 0.8157207577856543 0.8186911795208486 0.8216616012560429 0.8246320229912372 0.8276024447264315 0.8305728664616259 0.8335432881968201 0.8365137099320145 0.8394841316672087 0.842454553402403 0.8454249751376024 0.8483953968727967 0.851365818607991 0.8543362403431853 0.8573066620783796 0.8587479967984607 0.8585547028856274 0.8583614089727942 0.8581681150599609 0.8579748211471278 0.8577815272342945 0.8575882333214612 0.857394939408628 -9999.0 -9999.0 -9999.0 -9999.0
0.7703021180359337 0.7691822459597322 0.7699645197805834 0.7727802306142536 0.7755959414479237 0.7784116522815938 0.781227363115264 0.784043073948934 0.7868587847826042 0.7896744956162743 0.7924902064499444 0.7953059172836145 0.7981216281172847 0.8009373389509548 0.8037530497846297 0.8065687606182999 0.80938447145197 0.8122001822856401 0.8150158931193102 0.8178316039529804 0.8206473147866504 0.8234630256203206 0.8262787364539907 0.8290944472876608 0.831910158121331 0.8347258689550011 0.8375415797886712 0.8403572906223461 0.8431730014560163 0.8459887122896864 0.8488044231233565 0.8516201339570266 0.8530162257373326 0.852894712613847 0.8527731994903615 0.8526516863668758 0.8525301732433902 0.8524086601199047 0.852287146996419 0.8521656338729334 0.8520441207494477 -9999.0 -9999.0 -9999.0
0.7692946966267386 0.7680972104884303 0.7687646078034323 0.7714256077355782 0.7740866076677241 0.77674760759987 0.779408607532016 0.782069607464162 0.7847306073963078 0.7873916073284538 0.7900526072605998 0.7927136071927456 0.7953746071248916 0.7980356070570376 0.800696606989188 0.803357606921334 0.8060186068534799 0.8086796067856259 0.8113406067177718 0.8140016066499177 0.8166626065820637 0.8193236065142095 0.8219846064463555 0.8246456063785015 0.8273066063106475 0.8299676062427933 0.8326286061749393 0.8352896061070898 0.8379506060392357 0.8406116059713816 0.8432726059035276 0.8459336058356736 0.8472844546762044 0.8472347223420664 0.8471849900079285 0.8471352576737906 0.8470855253396526 0.8470357930055147 0.8469860606713768 0.8469363283372389 0.8468865960031009 0.8468368636689629 0.846787131334825 -9999.0
0.7682872752175435 0.7670121750171284 0.7675646958262811 0.7700709848569027 0.7725772738875245 0.7750835629181463 0.7775898519487681 0.7800961409793898 0.7826024300100115 0.7851087190406333 0.7876150080712551 0.7901212971018768 0.7926275861324985 0.7951338751631203 0.7976401641937463 0.8001464532243681 0.8026527422549898 0.8051590312856116 0.8076653203162334 0.8101716093468551 0.8126778983774768 0.8151841874080986 0.8176904764387204 0.8201967654693421 0.8227030544999638 0.8252093435305856 0.8277156325612074 0.8302219215918334 0.8327282106224552 0.835234499653077 0.8377407886836987 0.8402470777143204 0.8415526836150761 0.8415747320702859 0.8415967805254956 0.8416188289807053 0.8416408774359151 0.8416629258911248 0.8416849743463345 0.8417070228015443 0.841729071256754 0.8417511197119637 0.8417731681671735 -9999.0
0.7672798538083484 0.7659271395458265 0.7663647838491298 0.7687163619782273 0.7710679401073249 0.7734195182364225 0.7757710963655201 0.7781226744946177 0.7804742526237153 0.7828258307528128 0.7851774088819103 0.7875289870110079 0.7898805651401055 0.7922321432692031 0.7945837213983047 0.7969352995274023 0.7992868776564999 0.8016384557855974 0.8039900339146949 0.8063416120437925 0.8086931901728901 0.8110447683019877 0.8133963464310853 0.8157479245601829 0.8180995026892804 0.820451080818378 0.8228026589474755 0.8251542370765771 0.8275058152056747 0.8298573933347723 0.8322089714638699 0.8345605495929674 0.835820912553948 0.8359147417985054 0.8360085710430628 0.8361024002876202 0.8361962295321775 0.836290058776735 0.8363838880212924 0.8364777172658497 0.8365715465104073 0.8366653757549647 0.836759204999522 0.8368530342440794
0.7662724323991533 0.7648421040745247 0.7651648718719786 0.767361739099552 0.7695586063271254 0.7717554735546988 0.7739523407822722 0.7761492080098455 0.7783460752374189 0.7805429424649923 0.7827398096925657 0.784936676920139 0.7871335441477124 0.7893304113752858 0.791527278602863 0.7937241458304364 0.7959210130580098 0.7981178802855832 0.8003147475131566 0.80251161474073 0.8047084819683034 0.8069053491958766 0.80910221642345 0.8112990836510234 0.8134959508785968 0.8156928181061702 0.8178896853337436 0.8200865525613208 0.8222834197888942 0.8244802870164676 0.826677154244041 0.8288740214716144 0.8300891414928198 0.8302547515267248 0.8304203615606299 0.830585971594535 0.83075158162844 0.830917191662345 0.8310828016962502 0.8312484117301552 0.8314140217640605 0.8315796317979656 0.8317452418318706 0.8319108518657756
0.7652650109899574 0.7637570686032218 0.7639649598948263 0.7660071162208754 0.7680492725469245 0.7700914288729735 0.7721335851990226 0.7741757415250716 0.7762178978511207 0.7782600541771698 0.7803022105032189 0.782344366829268 0.784386523155317 0.7864286794813661 0.7884708358074186 0.7905129921334677 0.7925551484595168 0.7945973047855659 0.796639461111615 0.7986816174376641 0.8007237737637131 0.8027659300897622 0.8048080864158113 0.8068502427418603 0.8088923990679094 0.8109345553939584 0.8129767117200075 0.8150188680460602 0.8170610243721091 0.8191031806981582 0.8211453370242073 0.8231874933502564 0.8243573704316867 0.8245947612549395 0.8248321520781923 0.825069542901445 0.8253069337246978 0.8255443245479506 0.8257817153712034 0.8260191061944562 0.8262564970177093 0.8264938878409621 0.8267312786642148 0.8269686694874676
0.7642575895807622 0.7626720331319199 0.7627650479176751 0.7646524933422 0.7665399387667249 0.7684273841912498 0.7703148296157747 0.7722022750402995 0.7740897204648244 0.7759771658893493 0.7778646113138742 0.7797520567383991 0.781639502162924 0.7835269475874489 0.785414393011977 0.7873018384365018 0.7891892838610267 0.7910767292855516 0.7929641747100765 0.7948516201346014 0.7967390655591263 0.7986265109836512 0.800513956408176 0.8024014018327009 0.8042888472572258 0.8061762926817507 0.8080637381062756 0.8099511835308038 0.8118386289553287 0.8137260743798536 0.8156135198043784 0.8175009652289033 0.8186255993705585 0.8189347709831589 0.8192439425957594 0.8195531142083597 0.8198622858209602 0.8201714574335607 0.8204806290461611 0.8207898006587615 0.8210989722713625 0.8214081438839629 0.8217173154965633 0.8220264871091638
0.7632501681715672 0.7615869976606181 0.761565135940524 0.7632978704635247 0.7650306049865254 0.766763339509526 0.7684960740325267 0.7702288085555274 0.7719615430785282 0.7736942776015289 0.7754270121245296 0.7771597466475303 0.778892481170531 0.7806252156935317 0.7823579502165353 0.784090684739536 0.7858234192625367 0.7875561537855374 0.7892888883085382 0.7910216228315389 0.7927543573545396 0.7944870918775402 0.7962198264005409 0.7979525609235416 0.7996852954465423 0.801418029969543 0.8031507644925437 0.8048834990155473 0.806616233538548 0.8083489680615488 0.8100817025845495 0.8118144371075502 0.8128938283094302 0.8132747807113784 0.8136557331133264 0.8140366855152745 0.8144176379172227 0.8147985903191707 0.8151795427211188 0.8155604951230669 0.8159414475250156 0.8163223999269638 0.8167033523289119 0.8170843047308599
0.7622427467623721 0.7605019621893162 0.7603652239633728 0.7619432475848493 0.7635212712063258 0.7650992948278023 0.7666773184492788 0.7682553420707553 0.7698333656922318 0.7714113893137083 0.7729894129351849 0.7745674365566614 0.7761454601781379 0.7777234837996144 0.7793015074210937 0.7808795310425702 0.7824575546640468 0.7840355782855233 0.7856136019069998 0.7871916255284763 0.7887696491499528 0.7903476727714294 0.7919256963929059 0.7935037200143824 0.7950817436358588 0.7966597672573354 0.7982377908788119 0.7998158145002912 0.8013938381217677 0.8029718617432442 0.8045498853647207 0.8061279089861972 0.8071620572483021 0.8076147904395978 0.8080675236308936 0.8085202568221894 0.8089729900134851 0.8094257232047809 0.8098784563960767 0.8103311895873724 0.810783922778669 0.8112366559699646 0.8116893891612604 0.8121421223525562
0.7612353253531771 0.7594169267180143 0.7591653119862215 0.7605886247061738 0.7620119374261262 0.7634352501460785 0.7648585628660308 0.7662818755859833 0.7677051883059356 0.7691285010258879 0.7705518137458403 0.7719751264657926 0.7733984391857449 0.7748217519056972 0.776245064625652 0.7776683773456043 0.7790916900655567 0.780515002785509 0.7819383155054613 0.7833616282254137 0.784784940945366 0.7862082536653183 0.7876315663852707 0.789054879105223 0.7904781918251753 0.7919015045451276 0.79332481726508 0.7947481299850347 0.7961714427049871 0.7975947554249394 0.7990180681448917 0.8004413808648441 0.8014302861871739 0.8019548001678173 0.8024793141484607 0.8030038281291041 0.8035283421097476 0.804052856090391 0.8045773700710344 0.8051018840516778 0.8056263980323222 0.8061509120129655 0.806675425993609 0.8071999399742524
0.760227903943982 0.7583318912467124 0.7579654000090703 0.7592340018274985 0.7605026036459266 0.7617712054643547 0.7630398072827829 0.7643084091012111 0.7655770109196393 0.7668456127380674 0.7681142145564955 0.7693828163749237 0.7706514181933518 0.77192002001178 0.7731886218302103 0.7744572236486384 0.7757258254670666 0.7769944272854947 0.7782630291039229 0.779531630922351 0.7808002327407791 0.7820688345592073 0.7833374363776355 0.7846060381960637 0.7858746400144918 0.78714324183292 0.7884118436513481 0.7896804454697784 0.7909490472882066 0.7922176491066347 0.7934862509250629 0.794754852743491 0.7956985151260456 0.7962948098960367 0.7968911046660279 0.7974873994360189 0.79808369420601 0.798679988976001 0.7992762837459921 0.7998725785159833 0.8004688732859754 0.8010651680559664 0.8016614628259575 0.8022577575959485
0.7592204825347868 0.7572468557754105 0.7567654880319191 0.7578793789488231 0.758993269865727 0.760107160782631 0.7612210516995349 0.762334942616439 0.7634488335333429 0.7645627244502469 0.7656766153671508 0.7667905062840548 0.7679043972009587 0.7690182881178628 0.7701321790347686 0.7712460699516726 0.7723599608685765 0.7734738517854804 0.7745877427023844 0.7757016336192885 0.7768155245361924 0.7779294154530964 0.7790433063700003 0.7801571972869042 0.7812710882038082 0.7823849791207123 0.7834988700376162 0.784612760954522 0.785726651871426 0.7868405427883299 0.7879544337052339 0.7890683246221379 0.7899667440649174 0.7906348196242562 0.7913028951835949 0.7919709707429337 0.7926390463022724 0.7933071218616111 0.7939751974209499 0.7946432729802886 0.7953113485396285 0.7959794240989673 0.7966474996583061 0.7973155752176447
0.7582130611255908 0.7561618203041077 0.7555655760547668 0.7565247560701465 0.7574839360855261 0.7584431161009058 0.7594022961162854 0.760361476131665 0.7613206561470447 0.7622798361624243 0.763239016177804 0.7641981961931836 0.7651573762085633 0.7661165562239429 0.7670757362393242 0.7680349162547039 0.7689940962700835 0.7699532762854632 0.7709124563008428 0.7718716363162226 0.7728308163316022 0.7737899963469819 0.7747491763623615 0.7757083563777412 0.7766675363931208 0.7776267164085005 0.7785858964238801 0.7795450764392614 0.780504256454641 0.7814634364700207 0.7824226164854003 0.78338179650078 0.7842349730037843 0.7849748293524708 0.7857146857011572 0.7864545420498438 0.7871943983985302 0.7879342547472167 0.7886741110959031 0.7894139674445896 0.7901538237932773 0.7908936801419638 0.7916335364906503 0.7923733928393367
0.7572056397163958 0.7550767848328058 0.7543656640776156 0.7551701331914711 0.7559746023053265 0.756779071419182 0.7575835405330374 0.7583880096468929 0.7591924787607485 0.7599969478746039 0.7608014169884594 0.7616058861023148 0.7624103552161703 0.7632148243300257 0.7640192934438826 0.7648237625577381 0.7656282316715936 0.766432700785449 0.7672371698993045 0.7680416390131599 0.7688461081270155 0.7696505772408709 0.7704550463547264 0.7712595154685818 0.7720639845824373 0.7728684536962928 0.7736729228101482 0.7744773919240051 0.7752818610378606 0.776086330151716 0.7768907992655715 0.7776952683794269 0.7785032019426562 0.7793148390806903 0.7801264762187244 0.7809381133567586 0.7817497504947927 0.7825613876328268 0.7833730247708609 0.784184661908895 0.7849962990469306 0.7858079361849647 0.7866195733229988 0.7874312104610329
