Figures/CREST_Example_wjb_NSE/PETs/wjb.pet.20090205.asc
ncols            288
nrows            254
xllcorner        113.274861
yllcorner        31.4918055
cellsize         0.008333333333
NODATA_value     -9999
[rows 180 to 199 of 254, columns 220 to 263 of 288]
0.918113762827854 0.9181873050249796 0.9189422747524085 0.9204257059316227 0.9219091371108368 0.9233925682900509 0.924875999469265 0.926359430648479 0.9278428618276932 0.9293262930069073 0.9308097241861214 0.9322931553653355 0.9337765865445496 0.9352600177237638 0.9367434489029804 0.9382268800821946 0.9397103112614087 0.9411937424406228 0.9426771736198369 0.9441606047990511 0.9456440359782652 0.9471274671574793 0.9486108983366934 0.9500943295159074 0.9515777606951216 0.9530611918743357 0.9545446230535498 0.9560280542327665 0.9575114854119806 0.9589949165911947 0.9604783477704089 0.961961778949623 0.9634259623461591 0.9648695694273026 0.9663131765084462 -9999.0 -9999.0 -9999.0 -9999.0 -9999.0 -9999.0 -9999.0 -9999.0 -9999.0
0.9173354061562764 0.9174337053327074 0.9182235047382103 0.919752533538445 0.9212815623386797 0.9228105911389144 0.924339619939149 0.9258686487393837 0.9273976775396183 0.9289267063398531 0.9304557351400877 0.9319847639403224 0.933513792740557 0.9350428215407917 0.936571850341029 0.9381008791412636 0.9396299079414983 0.941158936741733 0.9426879655419677 0.9442169943422023 0.9457460231424369 0.9472750519426716 0.9488040807429063 0.950333109543141 0.9518621383433756 0.9533911671436103 0.9549201959438449 0.9564492247440822 0.9579782535443169 0.9595072823445516 0.9610363111447863 0.9625653399450209 0.9640568404818028 0.965508222455431 -9999.0 -9999.0 -9999.0 -9999.0 -9999.0 -9999.0 -9999.0 -9999.0 -9999.0 -9999.0
0.916557049484699 0.9166801056404353 0.9175047347240124 0.9190793611452676 0.9206539875665227 0.922228613987778 0.9238032404090332 0.9253778668302884 0.9269524932515436 0.9285271196727988 0.930101746094054 0.9316763725153092 0.9332509989365644 0.9348256253578197 0.9364002517790775 0.9379748782003328 0.9395495046215879 0.9411241310428432 0.9426987574640984 0.9442733838853535 0.9458480103066088 0.947422636727864 0.9489972631491191 0.9505718895703744 0.9521465159916296 0.9537211424128849 0.95529576883414 0.956870395255398 0.9584450216766531 0.9600196480979083 0.9615942745191636 0.9631689009404187 0.9646877186174465 -9999.0 -9999.0 -9999.0 -9999.0 -9999.0 -9999.0 -9999.0 -9999.0 -9999.0 -9999.0 -9999.0
0.9157786928131209 0.9159265059481625 0.9167859647098137 0.9184061887520895 0.9200264127943653 0.921646636836641 0.9232668608789169 0.9248870849211926 0.9265073089634684 0.9281275330057442 0.92974775704802 0.9313679810902958 0.9329882051325716 0.9346084291748474 0.936228653217126 0.9378488772594018 0.9394691013016776 0.9410893253439534 0.9427095493862292 0.944329773428505 0.9459499974707808 0.9475702215130565 0.9491904455553323 0.9508106695976081 0.9524308936398839 0.9540511176821597 0.9556713417244355 0.957291565766714 0.9589117898089898 0.9605320138512656 0.9621522378935414 0.9637724619358172 0.9653185967530908 0.9667855285116884 -9999.0 -9999.0 -9999.0 -9999.0 -9999.0 -9999.0 -9999.0 -9999.0 -9999.0 -9999.0
0.9150003361415435 0.9151729062558904 0.9160671946956157 0.917733016358912 0.9193988380222083 0.9210646596855047 0.922730481348801 0.9243963030120973 0.9260621246753937 0.92772794633869 0.9293937680019864 0.9310595896652827 0.932725411328579 0.9343912329918753 0.9360570546551745 0.9377228763184708 0.9393886979817672 0.9410545196450635 0.9427203413083599 0.9443861629716562 0.9460519846349525 0.9477178062982489 0.9493836279615452 0.9510494496248415 0.9527152712881379 0.9543810929514343 0.9560469146147306 0.9577127362780298 0.9593785579413261 0.9610443796046224 0.9627102012679187 0.964376022931215 0.9659494748887346 0.9674241815398167 -9999.0 -9999.0 -9999.0 -9999.0 -9999.0 -9999.0 -9999.0 -9999.0 -9999.0 -9999.0
0.9142219794699661 0.9144193065636184 0.9153484246814176 0.9170598439657345 0.9187712632500514 0.9204826825343683 0.9221941018186851 0.9239055211030021 0.9256169403873189 0.9273283596716358 0.9290397789559527 0.9307511982402695 0.9324626175245865 0.9341740368089033 0.9358854560932232 0.93759687537754 0.9393082946618568 0.9410197139461738 0.9427311332304906 0.9444425525148076 0.9461539717991244 0.9478653910834413 0.9495768103677582 0.951288229652075 0.9529996489363919 0.9547110682207088 0.9564224875050257 0.9581339067893455 0.9598453260736624 0.9615567453579793 0.9632681646422961 0.964979583926613 0.9665803530243784 0.9680628345679452 -9999.0 -9999.0 -9999.0 -9999.0 -9999.0 -9999.0 -9999.0 -9999.0 -9999.0 -9999.0
0.9134436227983886 0.9136657068713463 0.9146296546672196 0.916386671572557 0.9181436884778945 0.9199007053832319 0.9216577222885693 0.9234147391939067 0.9251717560992442 0.9269287730045815 0.928685789909919 0.9304428068152564 0.9321998237205938 0.9339568406259313 0.9357138575312717 0.9374708744366091 0.9392278913419465 0.940984908247284 0.9427419251526213 0.9444989420579588 0.9462559589632962 0.9480129758686336 0.9497699927739711 0.9515270096793085 0.953284026584646 0.9550410434899833 0.9567980603953208 0.9585550773006611 0.9603120942059986 0.962069111111336 0.9638261280166734 0.9655831449220108 -9999.0 -9999.0 -9999.0 -9999.0 -9999.0 -9999.0 -9999.0 -9999.0 -9999.0 -9999.0 -9999.0 -9999.0
0.9126652661268111 0.9129121071790741 0.9139108846530215 0.9157134991793795 0.9175161137057374 0.9193187282320954 0.9211213427584534 0.9229239572848114 0.9247265718111694 0.9265291863375272 0.9283318008638852 0.9301344153902432 0.9319370299166012 0.9337396444429592 0.9355422589693202 0.9373448734956782 0.9391474880220362 0.9409501025483942 0.9427527170747521 0.94455533160111 0.946357946127468 0.948160560653826 0.949963175180184 0.9517657897065419 0.9535684042328999 0.9553710187592579 0.9571736332856159 0.9589762478119769 0.9607788623383349 0.9625814768646929 0.9643840913910509 -9999.0 -9999.0 -9999.0 -9999.0 -9999.0 -9999.0 -9999.0 -9999.0 -9999.0 -9999.0 -9999.0 -9999.0 -9999.0
0.9118869094552337 0.912158507486802 0.9131921146388234 0.915040326786202 0.9168885389335805 0.918736751080959 0.9205849632283375 0.922433175375716 0.9242813875230945 0.926129599670473 0.9279778118178516 0.9298260239652301 0.9316742361126086 0.9335224482599871 0.9353706604073688 0.9372188725547472 0.9390670847021257 0.9409152968495043 0.9427635089968828 0.9446117211442613 0.9464599332916398 0.9483081454390183 0.9501563575863968 0.9520045697337753 0.9538527818811539 0.9557009940285324 0.9575492061759109 0.9593974183232926 0.9612456304706711 0.9630938426180496 0.9649420547654282 -9999.0 -9999.0 -9999.0 -9999.0 -9999.0 -9999.0 -9999.0 -9999.0 -9999.0 -9999.0 -9999.0 -9999.0 -9999.0
0.9111085527836555 0.9114049077945293 0.9124733446246248 0.9143671543930239 0.916260964161423 0.9181547739298221 0.9200485836982212 0.9219423934666203 0.9238362032350194 0.9257300130034185 0.9276238227718175 0.9295176325402167 0.9314114423086158 0.9333052520770149 0.9351990618454172 0.9370928716138163 0.9389866813822154 0.9408804911506146 0.9427743009190136 0.9446681106874127 0.9465619204558118 0.9484557302242109 0.95034953999261 0.9522433497610091 0.9541371595294083 0.9560309692978073 0.9579247790662064 0.9598185888346087 0.9617123986030078 0.963606208371407 0.965500018139806 -9999.0 -9999.0 -9999.0 -9999.0 -9999.0 -9999.0 -9999.0 -9999.0 -9999.0 -9999.0 -9999.0 -9999.0 -9999.0
0.9103301961120781 0.9106513081022573 0.9117545746104267 0.9136939819998464 0.9156333893892661 0.9175727967786858 0.9195122041681053 0.921451611557525 0.9233910189469446 0.9253304263363643 0.9272698337257839 0.9292092411152035 0.9311486485046232 0.9330880558940429 0.9350274632834658 0.9369668706728854 0.9389062780623051 0.9408456854517246 0.9427850928411443 0.944724500230564 0.9466639076199836 0.9486033150094032 0.9505427223988229 0.9524821297882425 0.9544215371776622 0.9563609445670818 0.9583003519565014 0.9602397593459244 0.9621791667353441 0.9641185741247636 0.9660579815141833 0.967997388903603 -9999.0 -9999.0 -9999.0 -9999.0 -9999.0 -9999.0 -9999.0 -9999.0 -9999.0 -9999.0 -9999.0 -9999.0
0.9095518394405008 0.9098977084099852 0.9110358045962288 0.913020809606669 0.9150058146171092 0.9169908196275494 0.9189758246379895 0.9209608296484297 0.9229458346588699 0.92493083966931 0.9269158446797502 0.9289008496901904 0.9308858547006306 0.9328708597110708 0.9348558647215144 0.9368408697319546 0.9388258747423948 0.940810879752835 0.9427958847632751 0.9447808897737153 0.9467658947841555 0.9487508997945957 0.9507359048050359 0.9527209098154761 0.9547059148259163 0.9566909198363565 0.9586759248467966 0.9606609298572402 0.9626459348676804 0.9646309398781205 0.9666159448885607 0.9686009498990009 -9999.0 -9999.0 -9999.0 -9999.0 -9999.0 -9999.0 -9999.0 -9999.0 -9999.0 -9999.0 -9999.0 -9999.0
0.9087734827689233 0.9091441087177131 0.9103170345820307 0.9123476372134914 0.9143782398449521 0.916408842476413 0.9184394451078737 0.9204700477393344 0.9225006503707951 0.9245312530022558 0.9265618556337166 0.9285924582651773 0.930623060896638 0.9326536635280988 0.934684266159563 0.9367148687910237 0.9387454714224844 0.9407760740539451 0.9428066766854059 0.9448372793168667 0.9468678819483274 0.9488984845797881 0.9509290872112488 0.9529596898427095 0.9549902924741702 0.957020895105631 0.9590514977370918 0.9610821003685559 0.9631127030000166 0.9651433056314774 0.9671739082629381 0.9692045108943989 -9999.0 -9999.0 -9999.0 -9999.0 -9999.0 -9999.0 -9999.0 -9999.0 -9999.0 -9999.0 -9999.0 -9999.0
0.9079951260973458 0.9083905090254409 0.9095982645678325 0.9116744648203139 0.9137506650727951 0.9158268653252765 0.9179030655777577 0.919979265830239 0.9220554660827203 0.9241316663352015 0.9262078665876828 0.9282840668401641 0.9303602670926454 0.9324364673451266 0.9345126675976114 0.9365888678500928 0.938665068102574 0.9407412683550553 0.9428174686075366 0.9448936688600178 0.9469698691124991 0.9490460693649804 0.9511222696174617 0.9531984698699429 0.9552746701224242 0.9573508703749055 0.9594270706273867 0.9615032708798716 0.9635794711323529 0.9656556713848341 0.9677318716373154 0.9698080718897967 0.9716273781095288 -9999.0 -9999.0 -9999.0 -9999.0 -9999.0 -9999.0 -9999.0 -9999.0 -9999.0 -9999.0 -9999.0
0.907216769425768 0.9076369093331685 0.9088794945536343 0.9110012924271361 0.913123090300638 0.9152448881741397 0.9173666860476416 0.9194884839211435 0.9216102817946453 0.9237320796681472 0.9258538775416489 0.9279756754151508 0.9300974732886527 0.9322192711621545 0.9343410690356599 0.9364628669091618 0.9385846647826637 0.9407064626561654 0.9428282605296673 0.9449500584031691 0.947071856276671 0.9491936541501729 0.9513154520236746 0.9534372498971765 0.9555590477706783 0.9576808456441802 0.9598026435176821 0.9619244413911875 0.9640462392646894 0.9661680371381912 0.968289835011693 0.9704116328851948 0.9722582562451728 -9999.0 -9999.0 -9999.0 -9999.0 -9999.0 -9999.0 -9999.0 -9999.0 -9999.0 -9999.0 -9999.0
0.9064384127541906 0.9068833096408965 0.9081607245394362 0.9103281200339586 0.912495515528481 0.9146629110230033 0.9168303065175257 0.9189977020120481 0.9211650975065705 0.9233324930010929 0.9254998884956154 0.9276672839901378 0.9298346794846601 0.9320020749791825 0.9341694704737086 0.936336865968231 0.9385042614627533 0.9406716569572757 0.9428390524517981 0.9450064479463205 0.9471738434408429 0.9493412389353653 0.9515086344298876 0.95367602992441 0.9558434254189324 0.9580108209134548 0.9601782164079772 0.9623456119025032 0.9645130073970256 0.966680402891548 0.9688477983860704 0.9710151938805928 0.9728891343808167 -9999.0 -9999.0 -9999.0 -9999.0 -9999.0 -9999.0 -9999.0 -9999.0 -9999.0 -9999.0 -9999.0
0.9056600560826131 0.9061297099486243 0.9074419545252382 0.9096549476407811 0.911867940756324 0.914080933871867 0.91629392698741 0.9185069201029529 0.9207199132184958 0.9229329063340387 0.9251458994495816 0.9273588925651246 0.9295718856806675 0.9317848787962104 0.9339978719117571 0.9362108650273 0.938423858142843 0.9406368512583859 0.9428498443739288 0.9450628374894717 0.9472758306050146 0.9494888237205577 0.9517018168361006 0.9539148099516435 0.9561278030671864 0.9583407961827293 0.9605537892982723 0.962766782413819 0.9649797755293619 0.9671927686449048 0.9694057617604477 0.9716187548759907 0.9735200125164604 -9999.0 -9999.0 -9999.0 -9999.0 -9999.0 -9999.0 -9999.0 -9999.0 -9999.0 -9999.0 -9999.0
0.9048816994110354 0.9053761102563519 0.9067231845110398 0.9089817752476034 0.9112403659841668 0.9134989567207303 0.9157575474572939 0.9180161381938573 0.9202747289304208 0.9225333196669843 0.9247919104035478 0.9270505011401113 0.9293090918766748 0.9315676826132383 0.9338262733498056 0.9360848640863692 0.9383434548229326 0.9406020455594961 0.9428606362960595 0.9451192270326231 0.9473778177691865 0.94963640850575 0.9518949992423136 0.954153589978877 0.9564121807154405 0.958670771452004 0.9609293621885675 0.9631879529251348 0.9654465436616984 0.9677051343982618 0.9699637251348253 0.9722223158713889 0.9741508906521044 -9999.0 -9999.0 -9999.0 -9999.0 -9999.0 -9999.0 -9999.0 -9999.0 -9999.0 -9999.0 -9999.0
0.9041033427394579 0.9046225105640798 0.9060044144968419 0.9083086028544259 0.9106127912120099 0.912916979569594 0.915221167927178 0.9175253562847621 0.9198295446423461 0.9221337329999301 0.9244379213575141 0.9267421097150982 0.9290462980726822 0.9313504864302663 0.9336546747878542 0.9359588631454383 0.9382630515030222 0.9405672398606063 0.9428714282181904 0.9451756165757744 0.9474798049333584 0.9497839932909424 0.9520881816485265 0.9543923700061105 0.9566965583636946 0.9590007467212787 0.9613049350788626 0.9636091234364506 0.9659133117940346 0.9682175001516187 0.9705216885092027 -9999.0 -9999.0 -9999.0 -9999.0 -9999.0 -9999.0 -9999.0 -9999.0 -9999.0 -9999.0 -9999.0 -9999.0 -9999.0
0.9033249860678805 0.9038689108718077 0.9052856444826437 0.9076354304612483 0.9099852164398529 0.9123350024184574 0.914684788397062 0.9170345743756666 0.9193843603542712 0.9217341463328758 0.9240839323114803 0.9264337182900849 0.9287835042686895 0.9311332902472941 0.9334830762259027 0.9358328622045072 0.9381826481831119 0.9405324341617165 0.9428822201403211 0.9452320061189257 0.9475817920975302 0.9499315780761348 0.9522813640547394 0.954631150033344 0.9569809360119486 0.9593307219905531 0.9616805079691577 0.9640302939477663 0.9663800799263709 0.9687298659049755 0.97107965188358 -9999.0 -9999.0 -9999.0 -9999.0 -9999.0 -9999.0 -9999.0 -9999.0 -9999.0 -9999.0 -9999.0 -9999.0 -9999.0
