Figures/CREST_Example_wjb_NSE/PETs/wjb.pet.20101117.asc
ncols            288
nrows            254
xllcorner        113.274861
yllcorner        31.4918055
cellsize         0.008333333333
NODATA_value     -9999
[rows 171 to 189 of 254, columns 44 to 87 of 288]
0.8659835405427371 0.8646071713358388 0.8632308021289405 0.8618544329220422 0.8604780637151439 0.8591016945082456 0.8577253253013473 0.8563489560944489 0.8549725868875483 0.85359621768065 0.8522198484737518 0.8508434792668534 0.8494671100599551 0.8480907408530568 0.8467143716461585 0.8453380024392602 0.843961633232362 0.8425852640254636 0.8412088948185653 0.839832525611667 0.8384561564047687 0.837079787197868 0.8357034179909697 0.8343270487840715 0.8329506795771732 0.8315743103702748 0.8301979411633765 0.8288215719564782 0.8271826267601078 0.8252629818951834 0.8233433370302591 0.8214236921653347 0.8195040473004104 0.8175844024354861 0.8156647575705585 0.8137451127056341 0.8118254678407099 0.8099058229757855 0.8079861781108612 0.8060665332459368 0.8041468883810124 0.8022272435160882 0.8003075986511639 0.7983879537862395
0.8642316335215122 0.8628339462508682 0.8614362589802242 0.8600385717095803 0.8586408844389364 0.8572431971682923 0.8558455098976484 0.8544478226270045 0.8530501353563581 0.8516524480857142 0.8502547608150702 0.8488570735444262 0.8474593862737823 0.8460616990031383 0.8446640117324944 0.8432663244618503 0.8418686371912064 0.8404709499205625 0.8390732626499185 0.8376755753792746 0.8362778881086306 0.8348802008379843 0.8334825135673403 0.8320848262966963 0.8306871390260524 0.8292894517554085 0.8278917644847644 0.8264940772141205 0.8248178521891003 0.8228438640080113 0.8208698758269224 0.8188958876458334 0.8169218994647445 0.8149479112836555 0.8129739231025632 0.8109999349214743 0.8090259467403853 0.8070519585592963 0.8050779703782074 0.8031039821971184 0.8011299940160295 0.7991560058349405 0.7971820176538515 0.7952080294727626
0.8624797265002874 0.8610607211658977 0.8596417158315081 0.8582227104971185 0.8568037051627289 0.8553846998283392 0.8539656944939497 0.85254668915956 0.851127683825168 0.8497086784907784 0.8482896731563887 0.8468706678219992 0.8454516624876095 0.8440326571532198 0.8426136518188303 0.8411946464844406 0.839775641150051 0.8383566358156614 0.8369376304812718 0.8355186251468821 0.8340996198124926 0.8326806144781005 0.8312616091437108 0.8298426038093213 0.8284235984749316 0.827004593140542 0.8255855878061524 0.8241665824717628 0.8224530776180929 0.8204247461208394 0.8183964146235858 0.8163680831263322 0.8143397516290787 0.812311420131825 0.810283088634568 0.8082547571373144 0.8062264256400609 0.8041980941428073 0.8021697626455536 0.8001414311483 0.7981130996510465 0.7960847681537929 0.7940564366565394 0.7920281051592857
0.8607278194790625 0.8592874960809272 0.857847172682792 0.8564068492846567 0.8549665258865214 0.8535262024883861 0.8520858790902508 0.8506455556921155 0.8492052322939778 0.8477649088958426 0.8463245854977073 0.844884262099572 0.8434439387014367 0.8420036153033015 0.8405632919051662 0.8391229685070308 0.8376826451088956 0.8362423217107603 0.834801998312625 0.8333616749144898 0.8319213515163545 0.8304810281182168 0.8290407047200815 0.8276003813219461 0.8261600579238109 0.8247197345256756 0.8232794111275403 0.8218390877294051 0.8200883030470856 0.8180056282336674 0.8159229534202491 0.813840278606831 0.8117576037934128 0.8096749289799945 0.8075922541665728 0.8055095793531546 0.8034269045397363 0.8013442297263181 0.7992615549128999 0.7971788800994817 0.7950962052860635 0.7930135304726452 0.790930855659227 0.7888481808458089
0.8589759124578376 0.8575142709959567 0.8560526295340757 0.8545909880721948 0.8531293466103138 0.8516677051484329 0.8502060636865519 0.8487444222246711 0.8472827807627876 0.8458211393009066 0.8443594978390258 0.8428978563771448 0.8414362149152639 0.8399745734533829 0.838512931991502 0.837051290529621 0.8355896490677401 0.8341280076058591 0.8326663661439783 0.8312047246820973 0.8297430832202164 0.828281441758333 0.8268198002964521 0.8253581588345711 0.8238965173726902 0.8224348759108092 0.8209732344489283 0.8195115929870473 0.8177235284760782 0.8155865103464954 0.8134494922169125 0.8113124740873296 0.8091754559577469 0.807038437828164 0.8049014196985775 0.8027644015689946 0.8006273834394119 0.798490365309829 0.7963533471802462 0.7942163290506633 0.7920793109210805 0.7899422927914976 0.7878052746619147 0.785668256532332
0.8572240054366113 0.8557410459109847 0.854258086385358 0.8527751268597314 0.8512921673341048 0.8498092078084782 0.8483262482828516 0.8468432887572249 0.8453603292315959 0.8438773697059693 0.8423944101803426 0.840911450654716 0.8394284911290893 0.8379455316034627 0.8364625720778361 0.8349796125522095 0.8334966530265829 0.8320136935009563 0.8305307339753297 0.8290477744497031 0.8275648149240765 0.8260818553984474 0.8245988958728208 0.8231159363471942 0.8216329768215676 0.8201500172959408 0.8186670577703142 0.8171840982446876 0.8153587539050688 0.8131673924593213 0.8109760310135739 0.8087846695678262 0.8065933081220787 0.8044019466763312 0.80221058523058 0.8000192237848325 0.797827862339085 0.7956365008933375 0.79344513944759 0.7912537780018425 0.7890624165560949 0.7868710551103474 0.7846796936645999 0.7824883322188524
0.8554720984153863 0.8539678208260141 0.8524635432366418 0.8509592656472695 0.8494549880578972 0.847950710468525 0.8464464328791527 0.8449421552897804 0.8434378777004056 0.8419336001110334 0.840429322521661 0.8389250449322888 0.8374207673429166 0.8359164897535443 0.834412212164172 0.8329079345747997 0.8314036569854275 0.8298993793960552 0.828395101806683 0.8268908242173106 0.8253865466279384 0.8238822690385635 0.8223779914491913 0.820873713859819 0.8193694362704468 0.8178651586810745 0.8163608810917022 0.8148566035023299 0.8129939793340615 0.8107482745721493 0.8085025698102372 0.806256865048325 0.8040111602864128 0.8017654555245007 0.7995197507625847 0.7972740460006726 0.7950283412387604 0.7927826364768483 0.7905369317149362 0.788291226953024 0.7860455221911119 0.7837998174291998 0.7815541126672876 0.7793084079053755
0.8543018347233778 0.852784625254194 0.8512674157850101 0.8497502063158262 0.8482329968466423 0.8467157873774585 0.8451985779082746 0.8436813684390907 0.8421641589699043 0.8406469495007203 0.8391297400315365 0.8376125305623525 0.8360953210931686 0.8345781116239848 0.8330609021548009 0.831543692685617 0.8300264832164331 0.8285092737472493 0.8269920642780654 0.8254748548088815 0.8239576453396976 0.8224404358705112 0.8209232264013273 0.8194060169321434 0.8178888074629596 0.8163715979937757 0.8148543885245918 0.8133371790554079 0.8114580309891486 0.8091919623806105 0.8069258937720725 0.8046598251635344 0.8023937565549963 0.8001276879464583 0.7978616193379163 0.7955955507293783 0.7933294821208402 0.7910634135123021 0.7887973449037641 0.786531276295226 0.784265207686688 0.7819991390781499 0.7797330704696118 0.7774670018610738
0.8537533110876765 0.8522321340407015 0.8507109569937267 0.8491897799467517 0.8476686028997769 0.8461474258528019 0.844626248805827 0.8431050717588522 0.8415838947118747 0.8400627176648997 0.8385415406179249 0.83702036357095 0.835499186523975 0.8339780094770002 0.8324568324300252 0.8309356553830504 0.8294144783360754 0.8278933012891005 0.8263721242421256 0.8248509471951507 0.8233297701481759 0.8218085931011984 0.8202874160542234 0.8187662390072485 0.8172450619602736 0.8157238849132987 0.8142027078663239 0.8126815308193489 0.8108080456366679 0.8085579350926185 0.8063078245485693 0.8040577140045201 0.8018076034604709 0.7995574929164216 0.7973073823723685 0.7950572718283193 0.7928071612842701 0.7905570507402209 0.7883069401961716 0.7860568296521224 0.7838067191080732 0.781556608564024 0.7793064980199746 0.7770563874759254
0.853204787451975 0.8516796428272091 0.8501544982024432 0.8486293535776772 0.8471042089529113 0.8455790643281454 0.8440539197033795 0.8425287750786136 0.8410036304538451 0.8394784858290791 0.8379533412043132 0.8364281965795473 0.8349030519547814 0.8333779073300155 0.8318527627052495 0.8303276180804836 0.8288024734557177 0.8272773288309518 0.8257521842061859 0.82422703958142 0.822701894956654 0.8211767503318855 0.8196516057071196 0.8181264610823537 0.8166013164575878 0.8150761718328219 0.8135510272080559 0.81202588258329 0.8101580602841872 0.8079239078046268 0.8056897553250664 0.803455602845506 0.8012214503659455 0.7989872978863851 0.796753145406821 0.7945189929272605 0.7922848404477001 0.7900506879681397 0.7878165354885792 0.7855823830090188 0.7833482305294585 0.7811140780498981 0.7788799255703376 0.7766457730907772
0.8526562638162737 0.8511271516137167 0.8495980394111597 0.8480689272086028 0.8465398150060459 0.8450107028034889 0.843481590600932 0.8419524783983751 0.8404233661958155 0.8388942539932586 0.8373651417907017 0.8358360295881446 0.8343069173855877 0.8327778051830308 0.8312486929804739 0.829719580777917 0.8281904685753599 0.826661356372803 0.8251322441702461 0.8236031319676892 0.8220740197651322 0.8205449075625727 0.8190157953600157 0.8174866831574588 0.8159575709549018 0.8144284587523449 0.8128993465497879 0.811370234347231 0.8095080749317065 0.8072898805166349 0.8050716861015633 0.8028534916864917 0.8006352972714201 0.7984171028563486 0.7961989084412732 0.7939807140262016 0.79176251961113 0.7895443251960584 0.7873261307809869 0.7851079363659152 0.7828897419508437 0.7806715475357721 0.7784533531207005 0.776235158705629
0.8521077401805721 0.8505746604002242 0.8490415806198762 0.8475085008395283 0.8459754210591803 0.8444423412788323 0.8429092614984844 0.8413761817181364 -9999.0 0.8383100221574379 0.83677694237709 0.835243862596742 0.833710782816394 0.8321777030360461 0.8306446232556981 0.8291115434753501 0.8275784636950022 0.8260453839146542 0.8245123041343063 0.8229792243539583 0.8214461445736103 0.8199130647932598 0.8183799850129118 0.8168469052325639 0.8153138254522159 0.813780745671868 0.81224766589152 0.810714586111172 0.8088580895792258 0.806655853228643 0.8044536168780603 0.8022513805274775 0.8000491441768947 0.797846907826312 0.7956446714757255 0.7934424351251427 0.79124019877456 0.7890379624239772 0.7868357260733945 0.7846334897228117 0.7824312533722289 0.7802290170216462 0.7780267806710633 0.7758245443204806
-9999.0 -9999.0 -9999.0 -9999.0 0.8454110271123143 0.8438739797541753 0.8423369323960364 0.8407998850378974 -9999.0 -9999.0 0.8361887429634778 0.8346516956053388 0.8331146482471998 0.8315776008890609 0.8300405535309219 0.8285035061727829 0.8269664588146439 0.825429411456505 0.823892364098366 0.8223553167402269 0.8208182693820879 0.8192812220239464 0.8177441746658074 0.8162071273076684 0.8146700799495294 0.8131330325913904 0.8115959852332514 0.8100589378751124 0.8082081042267445 0.8060218259406505 0.8038355476545567 0.8016492693684627 0.7994629910823687 0.7972767127962749 0.7950904345101772 0.7929041562240833 0.7907178779379894 0.7885315996518955 0.7863453213658016 0.7841590430797076 0.7819727647936138 0.7797864865075198 0.777600208221426 0.775413929935332
-9999.0 -9999.0 -9999.0 -9999.0 -9999.0 0.8433056182295189 -9999.0 -9999.0 -9999.0 -9999.0 -9999.0 -9999.0 0.8325185136780062 0.8309774987420762 0.8294364838061462 0.8278954688702161 0.8263544539342862 0.8248134389983561 0.8232724240624261 0.8217314091264961 0.8201903941905662 0.8186493792546334 0.8171083643187035 0.8155673493827734 0.8140263344468435 0.8124853195109134 0.8109443045749835 0.8094032896390534 0.8075581188742638 0.8053877986526586 0.8032174784310535 0.8010471582094485 0.7988768379878434 0.7967065177662382 0.7945361975446295 0.7923658773230244 0.7901955571014193 0.7880252368798142 0.7858549166582092 0.783684596436604 0.7815142762149989 0.7793439559933939 0.7771736357717888 0.7750033155501836
-9999.0 -9999.0 -9999.0 -9999.0 -9999.0 -9999.0 -9999.0 -9999.0 -9999.0 -9999.0 -9999.0 -9999.0 -9999.0 0.8303773965950915 0.8288324140813704 0.8272874315676494 0.8257424490539284 0.8241974665402073 0.8226524840264863 0.8211075015127652 0.8195625189990442 0.8180175364853206 0.8164725539715996 0.8149275714578785 0.8133825889441575 0.8118376064304365 0.8102926239167154 0.8087476414029944 0.806908133521783 0.8047537713646667 0.8025994092075505 0.8004450470504342 0.7982906848933179 0.7961363227362017 0.7939819605790818 0.7918275984219655 0.7896732362648492 0.7875188741077329 0.7853645119506167 0.7832101497935005 0.7810557876363842 0.7789014254792679 0.7767470633221516 0.7745927011650354
-9999.0 -9999.0 -9999.0 -9999.0 -9999.0 -9999.0 -9999.0 -9999.0 -9999.0 -9999.0 -9999.0 -9999.0 -9999.0 -9999.0 -9999.0 -9999.0 -9999.0 -9999.0 -9999.0 0.8204835938990345 0.8189346438075223 0.8173856937160077 0.8158367436244957 0.8142877935329836 0.8127388434414715 0.8111898933499595 0.8096409432584475 0.8080919931669354 0.8062581481693023 0.8041197440766749 0.8019813399840474 0.79984293589142 0.7977045317987925 0.7955661277061651 0.793427723613534 0.7912893195209065 0.7891509154282791 0.7870125113356516 0.7848741072430242 0.7827357031503968 0.7805972990577694 0.778458894965142 0.7763204908725145 0.7741820867798871
-9999.0 -9999.0 -9999.0 -9999.0 -9999.0 -9999.0 -9999.0 -9999.0 -9999.0 -9999.0 -9999.0 -9999.0 -9999.0 -9999.0 -9999.0 -9999.0 -9999.0 -9999.0 -9999.0 0.8198596862853036 0.8183067686160005 0.8167538509466948 0.8152009332773917 0.8136480156080886 0.8120950979387856 0.8105421802694825 0.8089892626001794 0.8074363449308763 0.8056081628168216 0.8034857167886829 0.8013632707605443 0.7992408247324057 0.797118378704267 0.7949959326761284 0.7928734866479863 0.7907510406198477 0.7886285945917091 0.7865061485635705 0.7843837025354319 0.7822612565072933 0.7801388104791547 0.7780163644510161 0.7758939184228775 0.7737714723947389
-9999.0 -9999.0 -9999.0 -9999.0 -9999.0 -9999.0 -9999.0 -9999.0 -9999.0 -9999.0 -9999.0 -9999.0 -9999.0 -9999.0 -9999.0 -9999.0 -9999.0 0.822349549165761 0.8207926639186669 0.8192357786715727 0.8176788934244786 0.8161220081773819 0.8145651229302878 0.8130082376831937 0.8114513524360997 0.8098944671890056 0.8083375819419115 0.8067806966948174 0.8049581774643408 0.802851689500691 0.8007452015370412 0.7986387135733914 0.7965322256097417 0.7944257376460919 0.7923192496824385 0.7902127617187887 0.788106273755139 0.7859997857914892 0.7838932978278395 0.7817868098641896 0.7796803219005398 0.7775738339368901 0.7754673459732403 0.7733608580095905
-9999.0 -9999.0 -9999.0 -9999.0 -9999.0 -9999.0 -9999.0 -9999.0 -9999.0 -9999.0 -9999.0 -9999.0 -9999.0 -9999.0 -9999.0 -9999.0 0.8232944295324968 0.8217335767076117 0.8201727238827266 0.8186118710578414 0.8170510182329563 0.8154901654080685 0.8139293125831835 0.8123684597582983 0.8108076069334131 0.8092467541085281 0.8076859012836429 0.8061250484587579 0.8043081921118596 0.8022176622126985 0.8001271323135376 0.7980366024143767 0.7959460725152158 0.7938555426160548 0.7917650127168903 0.7896744828177293 0.7875839529185684 0.7854934230194075 0.7834028931202466 0.7813123632210857 0.7792218333219246 0.7771313034227637 0.7750407735236028 0.7729502436244419
