Figures/CREST_Example_wjb_NSE/PETs/wjb.pet.20090302.asc
ncols            288
nrows            254
xllcorner        113.274861
yllcorner        31.4918055
cellsize         0.008333333333
NODATA_value     -9999
[rows 19 to 37 of 254, columns 0 to 43 of 288]
-9999.0 -9999.0 -9999.0 -9999.0 -9999.0 -9999.0 -9999.0 -9999.0 -9999.0 -9999.0 -9999.0 -9999.0 -9999.0 -9999.0 -9999.0 -9999.0 -9999.0 -9999.0 -9999.0 -9999.0 -9999.0 -9999.0 -9999.0 -9999.0 -9999.0 0.6480290944013489 0.6508240467057415 0.6536189990101293 0.6564139513145172 0.659208903618905 0.6620038559232929 0.6647988082276808 0.6675937605320685 0.6703887128364564 0.6731836651408443 0.6759786174452321 -9999.0 -9999.0 -9999.0 -9999.0 -9999.0 -9999.0 0.6934558338769433 0.6919318055758016
-9999.0 -9999.0 -9999.0 -9999.0 -9999.0 -9999.0 -9999.0 -9999.0 -9999.0 -9999.0 -9999.0 -9999.0 -9999.0 -9999.0 -9999.0 -9999.0 -9999.0 -9999.0 -9999.0 -9999.0 -9999.0 -9999.0 -9999.0 0.6441278504652563 0.6468348034795998 0.6495417564939433 0.6522487095082913 0.6549556625226347 0.6576626155369782 0.6603695685513217 0.6630765215656651 0.6657834745800085 0.668490427594352 0.6711973806086955 0.6739043336230389 0.6766112866373823 0.6793182396517258 0.6820251926660692 0.6847321456804127 0.6874390986947607 0.6901460517091041 0.6928530047234476 0.6935539242875994 0.6921103487552972
-9999.0 -9999.0 -9999.0 -9999.0 -9999.0 -9999.0 -9999.0 -9999.0 -9999.0 -9999.0 -9999.0 -9999.0 -9999.0 -9999.0 -9999.0 -9999.0 -9999.0 -9999.0 -9999.0 -9999.0 -9999.0 -9999.0 0.6431975574136388 0.645816511137938 0.6484354648622371 0.6510544185865362 0.6536733723108398 0.656292326035139 0.6589112797594381 0.6615302334837372 0.6641491872080363 0.6667681409323355 0.6693870946566346 0.6720060483809337 0.6746250021052328 0.6772439558295319 0.6798629095538311 0.6824818632781302 0.6851008170024293 0.6877197707267328 0.6903387244510321 0.6929576781753312 0.6936520146982553 0.6922888919347926
-9999.0 -9999.0 -9999.0 -9999.0 -9999.0 -9999.0 -9999.0 -9999.0 -9999.0 -9999.0 -9999.0 -9999.0 -9999.0 -9999.0 -9999.0 -9999.0 -9999.0 -9999.0 -9999.0 -9999.0 -9999.0 -9999.0 -9999.0 0.6475051718106197 0.6500361262448745 0.6525670806791293 0.6550980351133885 0.6576289895476433 0.660159943981898 0.6626908984161528 0.6652218528504077 0.6677528072846625 0.6702837617189172 0.672814716153172 0.6753456705874269 0.6778766250216817 0.6804075794559364 0.6829385338901912 0.6854694883244461 0.6880004427587052 0.69053139719296 0.6930623516272147 0.6937501051089113 0.6924674351142881
-9999.0 -9999.0 -9999.0 -9999.0 -9999.0 -9999.0 -9999.0 -9999.0 -9999.0 -9999.0 -9999.0 -9999.0 -9999.0 -9999.0 -9999.0 -9999.0 -9999.0 -9999.0 -9999.0 -9999.0 -9999.0 -9999.0 0.646750877339091 0.6491938324833014 0.6516367876275119 0.6540797427717223 0.656522697915937 0.6589656530601475 0.661408608204358 0.6638515633485684 0.6662945184927789 0.6687374736369894 0.6711804287811999 0.6736233839254103 0.6760663390696208 0.6785092942138313 0.6809522493580418 0.6833952045022522 0.6858381596464627 0.6882811147906773 0.6907240699348878 0.6931670250790983 0.6938481955195672 0.6926459782937835
-9999.0 -9999.0 -9999.0 -9999.0 -9999.0 -9999.0 -9999.0 -9999.0 -9999.0 -9999.0 -9999.0 -9999.0 -9999.0 -9999.0 -9999.0 -9999.0 -9999.0 -9999.0 -9999.0 -9999.0 -9999.0 -9999.0 0.6485275373018169 0.6508824931559831 0.6532374490101492 0.6555924048643154 0.6579473607184856 0.6603023165726517 0.6626572724268178 0.665012228280984 0.6673671841351502 0.6697221399893164 0.6720770958434825 0.6744320516976486 0.6767870075518149 0.679141963405981 0.6814969192601471 0.6838518751143133 0.6862068309684795 0.6885617868226497 0.6909167426768158 0.6932716985309819 0.6939462859302233 0.692824521473279
-9999.0 -9999.0 -9999.0 -9999.0 -9999.0 -9999.0 -9999.0 -9999.0 -9999.0 -9999.0 -9999.0 -9999.0 -9999.0 -9999.0 -9999.0 -9999.0 -9999.0 -9999.0 -9999.0 -9999.0 -9999.0 -9999.0 0.6503041972645429 0.6525711538286648 0.6548381103927866 0.6571050669569084 0.6593720235210341 0.661638980085156 0.6639059366492778 0.6661728932133997 0.6684398497775215 0.6707068063416433 0.6729737629057652 0.675240719469887 0.6775076760340087 0.6797746325981306 0.6820415891622524 0.6843085457263742 0.6865755022904961 0.6888424588546218 0.6911094154187436 0.6933763719828655 0.6940443763408792 0.6930030646527744
-9999.0 -9999.0 -9999.0 -9999.0 -9999.0 -9999.0 -9999.0 -9999.0 -9999.0 -9999.0 -9999.0 -9999.0 -9999.0 -9999.0 -9999.0 -9999.0 0.6390071135828039 0.6411860708568814 0.643365028130959 0.6455439854050364 0.6477229426791139 0.6499018999531915 0.6520808572272689 0.6542598145013465 0.656438771775424 0.6586177290495014 0.6607966863235827 0.6629756435976601 0.6651546008717377 0.6673335581458152 0.6695125154198928 0.6716914726939702 0.6738704299680477 0.6760493872421253 0.6782283445162027 0.6804073017902802 0.6825862590643578 0.6847652163384352 0.6869441736125128 0.6891231308865939 0.6913020881606715 0.693481045434749 0.6941424667515351 0.6931816078322698
-9999.0 -9999.0 -9999.0 -9999.0 -9999.0 -9999.0 -9999.0 -9999.0 -9999.0 -9999.0 -9999.0 -9999.0 -9999.0 -9999.0 -9999.0 -9999.0 0.6413117692857978 0.6434027272698309 0.6454936852538641 0.6475846432378971 0.6496756012219302 0.6517665592059634 0.6538575171899965 0.6559484751740295 0.6580394331580627 0.6601303911420958 0.6622213491261325 0.6643123071101655 0.6664032650941987 0.6684942230782318 0.670585181062265 0.672676139046298 0.6747670970303311 0.6768580550143642 0.6789490129983974 0.6810399709824304 0.6831309289664635 0.6852218869504967 0.6873128449345298 0.6894038029185664 0.6914947609025995 0.6935857188866327 0.6942405571621912 0.6933601510117654
-9999.0 -9999.0 -9999.0 -9999.0 -9999.0 -9999.0 -9999.0 -9999.0 -9999.0 -9999.0 -9999.0 -9999.0 -9999.0 -9999.0 -9999.0 0.6391667631818222 0.6413185303770147 0.6434702975722072 0.6456220647673997 0.6477738319625922 0.6499255991577847 0.6520773663529772 0.6542291335481698 0.6563809007433623 0.6585326679385548 0.6606844351337473 0.6628362023289435 0.664987969524136 0.6671397367193285 0.6692915039145211 0.6714432711097136 0.6735950383049061 0.6757468055000986 0.6778985726952911 0.6800503398904836 0.6822021070856761 0.6843538742808686 0.6865056414760612 0.6886574086712537 0.6908091758664499 0.6929609430616424 0.6951127102568349 0.6957798796114203 0.6948599803211215
-9999.0 -9999.0 -9999.0 -9999.0 -9999.0 -9999.0 -9999.0 -9999.0 -9999.0 -9999.0 -9999.0 -9999.0 -9999.0 -9999.0 -9999.0 0.6364973437195671 0.6388689870300629 0.6412406303405587 0.6436122736510544 0.6459839169615502 0.6483555602720461 0.6507272035825419 0.6530988468930377 0.6554704902035334 0.6578421335140292 0.6602137768245251 0.6625854201350249 0.6649570634455206 0.6673287067560164 0.6697003500665123 0.6720719933770081 0.6744436366875038 0.6768152799979996 0.6791869233084954 0.6815585666189913 0.683930209929487 0.6863018532399828 0.6886734965504786 0.6910451398609744 0.6934167831714743 0.69578842648197 0.6981600697924658 0.698859788227934 0.6977721811849593
-9999.0 -9999.0 -9999.0 -9999.0 -9999.0 -9999.0 -9999.0 -9999.0 -9999.0 -9999.0 -9999.0 -9999.0 -9999.0 -9999.0 -9999.0 0.6338279242573119 0.636419443683111 0.63901096310891 0.6416024825347092 0.6441940019605082 0.6467855213863073 0.6493770408121063 0.6519685602379055 0.6545600796637046 0.6571515990895036 0.6597431185153027 0.6623346379411063 0.6649261573669053 0.6675176767927044 0.6701091962185034 0.6727007156443026 0.6752922350701016 0.6778837544959007 0.6804752739216997 0.6830667933474989 0.6856583127732979 0.688249832199097 0.6908413516248961 0.6934328710506952 0.6960243904764987 0.6986159099022977 0.7012074293280968 0.7019396968444477 0.700684382048797
-9999.0 -9999.0 -9999.0 -9999.0 -9999.0 -9999.0 -9999.0 -9999.0 -9999.0 -9999.0 -9999.0 -9999.0 -9999.0 -9999.0 -9999.0 0.6311585047950568 0.6339699003361591 0.6367812958772615 0.6395926914183638 0.6424040869594662 0.6452154825005686 0.6480268780416709 0.6508382735827732 0.6536496691238757 0.656461064664978 0.6592724602060803 0.6620838557471875 0.6648952512882899 0.6677066468293923 0.6705180423704946 0.6733294379115969 0.6761408334526994 0.6789522289938017 0.6817636245349041 0.6845750200760065 0.6873864156171088 0.6901978111582112 0.6930092066993135 0.6958206022404159 0.6986319977815231 0.7014433933226254 0.7042547888637278 0.7050196054609614 0.7035965829126347
-9999.0 -9999.0 -9999.0 -9999.0 -9999.0 -9999.0 -9999.0 -9999.0 -9999.0 -9999.0 -9999.0 -9999.0 -9999.0 -9999.0 0.625457813676396 0.6284890853328017 0.6315203569892073 0.634551628645613 0.6375829003020186 0.6406141719584242 0.6436454436148299 0.6466767152712355 0.6497079869276412 0.6527392585840468 0.6557705302404525 0.6588018018968581 0.6618330735532689 0.6648643452096745 0.6678956168660802 0.6709268885224858 0.6739581601788915 0.6769894318352971 0.6800207034917027 0.6830519751481084 0.686083246804514 0.6891145184609198 0.6921457901173254 0.695177061773731 0.6982083334301367 0.7012396050865475 0.7042708767429531 0.7073021483993588 0.7080995140774751 0.7065087837764724
-9999.0 -9999.0 -9999.0 -9999.0 -9999.0 -9999.0 -9999.0 -9999.0 -9999.0 -9999.0 -9999.0 -9999.0 -9999.0 -9999.0 0.6225685180988352 0.6258196658705443 0.6290708136422534 0.6323219614139625 0.6355731091856716 0.6388242569573807 0.6420754047290899 0.645326552500799 0.648577700272508 0.6518288480442171 0.6550799958159262 0.6583311435876353 0.6615822913593501 0.6648334391310592 0.6680845869027683 0.6713357346744774 0.6745868824461865 0.6778380302178956 0.6810891779896047 0.6843403257613139 0.687591473533023 0.6908426213047321 0.6940937690764412 0.6973449168481503 0.7005960646198595 0.7038472123915741 0.7070983601632832 0.7103495079349923 0.7111794226939914 0.7094209846403126
-9999.0 -9999.0 -9999.0 -9999.0 -9999.0 -9999.0 -9999.0 -9999.0 -9999.0 -9999.0 -9999.0 -9999.0 -9999.0 -9999.0 0.6196792225212767 0.6231502464082891 0.6266212702953015 0.6300922941823138 0.6335633180693263 0.6370343419563387 0.640505365843351 0.6439763897303634 0.6474474136173759 0.6509184375043883 0.6543894613914006 0.657860485278413 0.6613315091654314 0.6648025330524437 0.6682735569394562 0.6717445808264686 0.675215604713481 0.6786866286004933 0.6821576524875057 0.6856286763745182 0.6890997002615306 0.6925707241485429 0.6960417480355554 0.6995127719225678 0.7029837958095801 0.7064548196965985 0.7099258435836109 0.7133968674706233 0.714259331310505 0.7123331855041503
-9999.0 -9999.0 -9999.0 -9999.0 -9999.0 -9999.0 -9999.0 -9999.0 -9999.0 -9999.0 -9999.0 -9999.0 -9999.0 -9999.0 0.6167899269437184 0.620480826946034 0.6241717269483497 0.6278626269506653 0.6315535269529811 0.6352444269552967 0.6389353269576123 0.6426262269599281 0.6463171269622437 0.6500080269645594 0.6536989269668751 0.6573898269691908 0.6610807269715128 0.6647716269738284 0.6684625269761442 0.6721534269784598 0.6758443269807755 0.6795352269830912 0.6832261269854069 0.6869170269877225 0.6906079269900383 0.6942988269923539 0.6979897269946695 0.7016806269969852 0.705371526999301 0.7090624270016229 0.7127533270039386 0.7164442270062542 0.7173392399270188 0.7152453863679881
-9999.0 -9999.0 -9999.0 -9999.0 -9999.0 -9999.0 -9999.0 -9999.0 -9999.0 -9999.0 -9999.0 -9999.0 -9999.0 0.6099898552485409 0.6139006313661599 0.6178114074837788 0.6217221836013977 0.6256329597190168 0.6295437358366357 0.6334545119542547 0.6373652880718736 0.6412760641894926 0.6451868403071116 0.6490976164247305 0.6530083925423495 0.6569191686599685 0.660829944777594 0.6647407208952131 0.668651497012832 0.672562273130451 0.67647304924807 0.6803838253656889 0.6842946014833079 0.6882053776009268 0.6921161537185458 0.6960269298361648 0.6999377059537837 0.7038484820714027 0.7077592581890216 0.7116700343066473 0.7155808104242662 0.7194915865418852 0.7204191485435324 0.7181575872318258
-9999.0 -9999.0 -9999.0 -9999.0 -9999.0 -9999.0 -9999.0 -9999.0 -9999.0 -9999.0 -9999.0 -9999.0 0.6027500313227498 0.6068806835556791 0.6110113357886015 0.6151419880215236 0.619272640254446 0.6234032924873681 0.6275339447202904 0.6316645969532126 0.635795249186135 0.6399259014190571 0.6440565536519793 0.6481872058849016 0.6523178581178238 0.6564485103507461 0.6605791625836754 0.6647098148165976 0.6688404670495199 0.6729711192824421 0.6771017715153644 0.6812324237482866 0.6853630759812089 0.6894937282141311 0.6936243804470534 0.6977550326799756 0.7018856849128979 0.7060163371458201 0.7101469893787424 0.7142776416116717 0.7184082938445939 0.7225389460775162 0.7234990571600461 0.7210697880956635
