Figures/CREST_Example_wjb_NSE/PETs/wjb.pet.20100408.asc
ncols            288
nrows            254
xllcorner        113.274861
yllcorner        31.4918055
cellsize         0.008333333333
NODATA_value     -9999
[rows 200 to 219 of 254, columns 220 to 263 of 288]
1.977591987156899 1.9739908461563151 1.9708042444568523 1.968060794652027 1.9653173448472017 1.9625738950423763 1.959830445237551 1.9570869954327255 1.9543435456279001 1.9516000958230748 1.9488566460182495 1.9461131962134242 1.9433697464085988 1.9406262966037735 1.9378828467989435 1.9351393969941182 1.9323959471892929 1.9296524973844675 1.9269090475796422 1.9241655977748169 1.9214221479699916 1.9186786981651662 1.915935248360341 1.9131917985555154 1.91044834875069 1.9077048989458647 1.9049614491410394 1.9022179993362094 1.899474549531384 1.8967310997265587 1.8939876499217334 -9999.0 -9999.0 -9999.0 -9999.0 -9999.0 -9999.0 -9999.0 -9999.0 -9999.0 -9999.0 -9999.0 -9999.0 -9999.0
1.9771109851429487 1.9735065396018323 1.97035486100469 1.9676872005175534 1.9650195400304167 1.9623518795432802 1.9596842190561434 1.957016558569007 1.9543488980818702 1.9516812375947337 1.949013577107597 1.9463459166204604 1.9436782561333237 1.9410105956461872 1.938342935159046 1.9356752746719095 1.9330076141847727 1.9303399536976362 1.9276722932104995 1.925004632723363 1.9223369722362262 1.9196693117490897 1.917001651261953 1.9143339907748165 1.91166633028768 1.9089986698005432 1.9063310093134067 1.9036633488262655 1.9009956883391288 1.8983280278519923 -9999.0 -9999.0 -9999.0 -9999.0 -9999.0 -9999.0 -9999.0 -9999.0 -9999.0 -9999.0 -9999.0 -9999.0 -9999.0 -9999.0
1.9766299831289982 1.973022233047349 1.9699054775525273 1.9673136063830796 1.9647217352136317 1.9621298640441838 1.9595379928747358 1.956946121705288 1.95435425053584 1.951762379366392 1.9491705081969444 1.9465786370274965 1.9439867658580485 1.9413948946886006 1.9388030235191482 1.9362111523497003 1.9336192811802526 1.9310274100108047 1.9284355388413568 1.9258436676719088 1.923251796502461 1.920659925333013 1.918068054163565 1.9154761829941171 1.9128843118246694 1.9102924406552215 1.9077005694857736 1.9051086983163212 1.9025168271468733 1.8999249559774254 -9999.0 -9999.0 -9999.0 -9999.0 -9999.0 -9999.0 -9999.0 -9999.0 -9999.0 -9999.0 -9999.0 -9999.0 -9999.0 -9999.0
1.9761489811150477 1.972537926492866 1.969456094100365 1.9669400122486056 1.9644239303968465 1.9619078485450874 1.9593917666933283 1.9568756848415692 1.9543596029898098 1.9518435211380507 1.9493274392862916 1.9468113574345325 1.9442952755827732 1.941779193731014 1.9392631118792507 1.9367470300274916 1.9342309481757323 1.9317148663239732 1.929198784472214 1.926682702620455 1.9241666207686956 1.9216505389169365 1.9191344570651774 1.9166183752134183 1.9141022933616592 1.9115862115098998 1.9090701296581407 1.9065540478063774 1.904037965954618 1.901521884102859 1.8990058022510998 -9999.0 -9999.0 -9999.0 -9999.0 -9999.0 -9999.0 -9999.0 -9999.0 -9999.0 -9999.0 -9999.0 -9999.0 -9999.0
1.9756679791010971 1.972053619938383 1.9690067106482023 1.966566418114132 1.9641261255800615 1.9616858330459912 1.9592455405119207 1.9568052479778504 1.9543649554437799 1.9519246629097096 1.949484370375639 1.9470440778415687 1.9446037853074982 1.942163492773428 1.9397232002393532 1.9372829077052829 1.9348426151712124 1.932402322637142 1.9299620301030718 1.9275217375690012 1.925081445034931 1.9226411525008604 1.9202008599667901 1.9177605674327196 1.9153202748986493 1.9128799823645788 1.9104396898305085 1.9079993972964338 1.9055591047623635 1.9031188122282932 -9999.0 -9999.0 -9999.0 -9999.0 -9999.0 -9999.0 -9999.0 -9999.0 -9999.0 -9999.0 -9999.0 -9999.0 -9999.0 -9999.0
1.9751869770871466 1.9715693133838996 1.9685573271960397 1.966192823979658 1.9638283207632765 1.9614638175468948 1.959099314330513 1.9567348111141314 1.9543703078977497 1.952005804681368 1.9496413014649865 1.9472767982486048 1.944912295032223 1.9425477918158414 1.9401832885994557 1.937818785383074 1.9354542821666922 1.9330897789503105 1.930725275733929 1.9283607725175473 1.9259962693011656 1.923631766084784 1.9212672628684022 1.9189027596520205 1.916538256435639 1.9141737532192573 1.9118092500028756 1.90944474678649 1.9070802435701082 -9999.0 -9999.0 -9999.0 -9999.0 -9999.0 -9999.0 -9999.0 -9999.0 -9999.0 -9999.0 -9999.0 -9999.0 -9999.0 -9999.0 -9999.0
1.9747059750731961 1.9710850068294168 1.9681079437438775 1.9658192298451844 1.9635305159464915 1.9612418020477986 1.9589530881491057 1.9566643742504126 1.9543756603517197 1.9520869464530268 1.949798232554334 1.9475095186556408 1.945220804756948 1.942932090858255 1.9406433769595581 1.9383546630608652 1.9360659491621723 1.9337772352634792 1.9314885213647863 1.9291998074660934 1.9269110935674005 1.9246223796687074 1.9223336657700145 1.9200449518713216 1.9177562379726287 1.9154675240739356 1.9131788101752427 -9999.0 -9999.0 -9999.0 -9999.0 -9999.0 -9999.0 -9999.0 -9999.0 -9999.0 -9999.0 -9999.0 -9999.0 -9999.0 -9999.0 -9999.0 -9999.0 -9999.0
1.9742249730592456 1.9706007002749335 1.967658560291715 1.9654456357107106 1.9632327111297065 1.9610197865487022 1.9588068619676982 1.9565939373866938 1.9543810128056898 1.9521680882246855 1.9499551636436814 1.947742239062677 1.945529314481673 1.9433163899006687 1.9411034653196608 1.9388905407386565 1.9366776161576524 1.9344646915766481 1.932251766995644 1.9300388424146397 1.9278259178336357 1.9256129932526314 1.9234000686716273 1.921187144090623 1.9189742195096189 1.9167612949286146 -9999.0 -9999.0 -9999.0 -9999.0 -9999.0 -9999.0 -9999.0 -9999.0 -9999.0 -9999.0 -9999.0 -9999.0 -9999.0 -9999.0 -9999.0 -9999.0 -9999.0 -9999.0
1.9750187011539504 1.9714176318830743 1.968511986002233 1.9663497634639744 1.9641875409257155 1.9620253183874565 1.9598630958491978 1.957700873310939 1.95553865077268 1.9533764282344213 1.9512142056961623 1.9490519831579034 1.9468897606196447 1.9447275380813858 1.9425653155431233 1.9404030930048644 1.9382408704666056 1.9360786479283467 1.9339164253900878 1.931754202851829 1.9295919803135702 1.9274297577753112 1.9252675352370525 1.9231053126987936 1.9209430901605347 1.918780867622276 -9999.0 -9999.0 -9999.0 -9999.0 -9999.0 -9999.0 -9999.0 -9999.0 -9999.0 -9999.0 -9999.0 -9999.0 -9999.0 -9999.0 -9999.0 -9999.0 -9999.0 -9999.0
1.9771750353915094 1.97362550507302 1.9707580325946008 1.968619695383366 1.966481358172131 1.964343020960896 1.9622046837496612 1.9600663465384263 1.9579280093271914 1.9557896721159564 1.9536513349047215 1.9515129976934866 1.9493746604822517 1.9472363232710168 1.9450979860597783 1.9429596488485434 1.9408213116373085 1.9386829744260736 1.9365446372148387 1.9344063000036038 1.932267962792369 1.930129625581134 1.927991288369899 1.9258529511586642 1.9237146139474293 1.9215762767361944 1.9194379395249594 -9999.0 -9999.0 -9999.0 -9999.0 -9999.0 -9999.0 -9999.0 -9999.0 -9999.0 -9999.0 -9999.0 -9999.0 -9999.0 -9999.0 -9999.0 -9999.0 -9999.0
1.9793313696290693 1.975833378262967 1.9730040791869696 1.9708896273027587 1.9687751754185479 1.9666607235343367 1.9645462716501259 1.962431819765915 1.9603173678817039 1.958202915997493 1.956088464113282 1.9539740122290712 1.95185956034486 1.9497451084606492 1.9476306565764345 1.9455162046922236 1.9434017528080128 1.9412873009238016 1.9391728490395908 1.9370583971553799 1.934943945271169 1.9328294933869579 1.930715041502747 1.928600589618536 1.926486137734325 1.924371685850114 1.9222572339659032 -9999.0 -9999.0 -9999.0 -9999.0 -9999.0 -9999.0 -9999.0 -9999.0 -9999.0 -9999.0 -9999.0 -9999.0 -9999.0 -9999.0 -9999.0 -9999.0 -9999.0
1.9814877038666283 1.9780412514529127 1.9752501257793373 1.9731595592221505 1.9710689926649634 1.9689784261077763 1.9668878595505894 1.9647972929934023 1.9627067264362155 1.9606161598790284 1.9585255933218413 1.9564350267646544 1.9543444602074673 1.9522538936502802 1.9501633270930898 1.9480727605359027 1.9459821939787159 1.9438916274215288 1.9418010608643417 1.9397104943071548 1.9376199277499677 1.9355293611927806 1.9334387946355938 1.9313482280784067 1.9292576615212198 -9999.0 -9999.0 -9999.0 -9999.0 -9999.0 -9999.0 -9999.0 -9999.0 -9999.0 -9999.0 -9999.0 -9999.0 -9999.0 -9999.0 -9999.0 -9999.0 -9999.0 -9999.0 -9999.0
1.983644038104187 1.9802491246428584 1.977496172371705 1.975429491141542 1.973362809911379 1.9712961286812158 1.969229447451053 1.96716276622089 1.9650960849907269 1.9630294037605638 1.9609627225304007 1.9588960413002376 1.9568293600700746 1.9547626788399115 1.9526959976097449 1.9506293163795818 1.9485626351494187 1.9464959539192557 1.9444292726890926 1.9423625914589295 1.9402959102287665 1.9382292289986034 1.9361625477684403 1.9340958665382773 -9999.0 -9999.0 -9999.0 -9999.0 -9999.0 -9999.0 -9999.0 -9999.0 -9999.0 -9999.0 -9999.0 -9999.0 -9999.0 -9999.0 -9999.0 -9999.0 -9999.0 -9999.0 -9999.0 -9999.0
1.9858003723417472 1.9824569978328053 1.9797422189640739 1.9776994230609348 1.9756566271577958 1.9736138312546567 1.9715710353515175 1.9695282394483784 1.9674854435452394 1.9654426476421 1.963399851738961 1.961357055835822 1.959314259932683 1.9572714640295437 1.955228668126401 1.953185872223262 1.951143076320123 1.9491002804169837 1.9470574845138446 1.9450146886107056 1.9429718927075665 1.9409290968044273 -9999.0 -9999.0 -9999.0 -9999.0 -9999.0 -9999.0 -9999.0 -9999.0 -9999.0 -9999.0 -9999.0 -9999.0 -9999.0 -9999.0 -9999.0 -9999.0 -9999.0 -9999.0 -9999.0 -9999.0 -9999.0 -9999.0
1.987956706579306 1.984664871022751 1.9819882655564418 1.9799693549803266 1.9779504444042113 1.9759315338280963 1.973912623251981 1.9718937126758658 1.9698748020997507 1.9678558915236355 1.9658369809475202 1.9638180703714052 1.96179915979529 1.9597802492191747 1.9577613386430561 1.955742428066941 1.9537235174908258 1.9517046069147106 1.9496856963385956 1.9476667857624803 1.945647875186365 -9999.0 -9999.0 -9999.0 -9999.0 -9999.0 -9999.0 -9999.0 -9999.0 -9999.0 -9999.0 -9999.0 -9999.0 -9999.0 -9999.0 -9999.0 -9999.0 -9999.0 -9999.0 -9999.0 -9999.0 -9999.0 -9999.0 -9999.0
1.9901130408168652 1.986872744212697 1.9842343121488097 1.9822392868997185 1.980244261650627 1.9782492364015358 1.9762542111524446 1.9742591859033534 1.9722641606542621 1.970269135405171 1.9682741101560797 1.9662790849069884 1.9642840596578972 1.962289034408806 1.9602940091597114 1.9582989839106202 1.956303958661529 1.9543089334124377 1.9523139081633465 -9999.0 -9999.0 -9999.0 -9999.0 -9999.0 -9999.0 -9999.0 -9999.0 -9999.0 -9999.0 -9999.0 -9999.0 -9999.0 -9999.0 -9999.0 -9999.0 -9999.0 -9999.0 -9999.0 -9999.0 -9999.0 -9999.0 -9999.0 -9999.0 -9999.0
1.9922693750544243 1.9890806174026427 1.9864803587411775 1.98450921881911 1.9825380788970428 1.9805669389749756 1.9785957990529082 1.976624659130841 1.9746535192087737 1.9726823792867063 1.970711239364639 1.968740099442572 1.9667689595205045 1.9647978195984372 1.9628266796763665 1.9608555397542993 1.958884399832232 1.9569132599101646 -9999.0 -9999.0 -9999.0 -9999.0 -9999.0 -9999.0 -9999.0 -9999.0 -9999.0 -9999.0 -9999.0 -9999.0 -9999.0 -9999.0 -9999.0 -9999.0 -9999.0 -9999.0 -9999.0 -9999.0 -9999.0 -9999.0 -9999.0 -9999.0 -9999.0 -9999.0
1.994425709291984 1.9912884905925894 1.988726405333546 1.9867791507385026 1.9848318961434592 1.982884641548416 1.9809373869533726 1.9789901323583294 1.977042877763286 1.9750956231682426 1.9731483685731994 1.971201113978156 1.9692538593831126 1.9673066047880694 1.9653593501930227 1.9634120955979795 1.961464841002936 1.9595175864078926 -9999.0 -9999.0 -9999.0 -9999.0 -9999.0 -9999.0 -9999.0 -9999.0 -9999.0 -9999.0 -9999.0 -9999.0 -9999.0 -9999.0 -9999.0 -9999.0 -9999.0 -9999.0 -9999.0 -9999.0 -9999.0 -9999.0 -9999.0 -9999.0 -9999.0 -9999.0
1.9965820435295432 1.9934963637825354 1.990972451925914 1.9890490826578946 1.9871257133898752 1.9852023441218558 1.9832789748538364 1.981355605585817 1.9794322363177976 1.9775088670497782 1.9755854977817588 1.9736621285137395 1.97173875924572 1.9698153899777007 1.967892020709678 1.9659686514416586 1.9640452821736392 1.9621219129056198 -9999.0 -9999.0 -9999.0 -9999.0 -9999.0 -9999.0 -9999.0 -9999.0 -9999.0 -9999.0 -9999.0 -9999.0 -9999.0 -9999.0 -9999.0 -9999.0 -9999.0 -9999.0 -9999.0 -9999.0 -9999.0 -9999.0 -9999.0 -9999.0 -9999.0 -9999.0
1.998738377767102 1.9957042369724811 1.9932184985182817 1.991319014577286 1.9894195306362907 1.9875200466952954 1.9856205627542998 1.9837210788133044 1.981821594872309 1.9799221109313134 1.978022626990318 1.9761231430493225 1.974223659108327 1.9723241751673317 1.970424691226333 1.9685252072853374 1.966625723344342 -9999.0 -9999.0 -9999.0 -9999.0 -9999.0 -9999.0 -9999.0 -9999.0 -9999.0 -9999.0 -9999.0 -9999.0 -9999.0 -9999.0 -9999.0 -9999.0 -9999.0 -9999.0 -9999.0 -9999.0 -9999.0 -9999.0 -9999.0 -9999.0 -9999.0 -9999.0 -9999.0
