Figures/CREST_Example_wjb_NSE/PETs/wjb.pet.20090306.asc
ncols            288
nrows            254
xllcorner        113.274861
yllcorner        31.4918055
cellsize         0.008333333333
NODATA_value     -9999
[rows 160 to 179 of 254, columns 132 to 175 of 288]
1.6235941431879388 1.6229346416132413 1.6222751400385436 1.621615638463846 1.6209561368891483 1.6202966353144508 1.619637133739753 1.6189776321650555 1.6183181305903578 1.6176586290156603 1.6169991274409625 1.616339625866264 1.6156801242915662 1.6150206227168686 1.614361121142171 1.6137016195674734 1.6130421179927756 1.6123826164180781 1.6117231148433804 1.6110636132686829 1.6104041116939851 1.6097446101192876 1.6090851085445899 1.6084256069698921 1.6077661053951935 1.6071066038204957 1.6064471022457982 1.6057876006711005 1.605128099096403 1.6044685975217052 1.603730189940798 1.6029074300542832 1.6020846701677682 1.6012619102812533 1.6004391503947382 1.5996163905082232 1.5987936306217083 1.5979708707351918 1.597148110848677 1.596325350962162 1.595502591075647 1.594679831189132 1.593857071302617 1.593034311416102
1.6240451686577635 1.623361723693435 1.6226782787291067 1.6219948337647785 1.6213113888004502 1.6206279438361217 1.6199444988717935 1.6192610539074652 1.6185776089431367 1.6178941639788085 1.6172107190144802 1.6165272740501506 1.6158438290858224 1.615160384121494 1.6144769391571658 1.6137934941928374 1.613110049228509 1.6124266042641808 1.6117431592998523 1.611059714335524 1.6103762693711958 1.6096928244068676 1.609009379442539 1.6083259344782108 1.6076424895138812 1.606959044549553 1.6062755995852247 1.6055921546208964 1.604908709656568 1.6042252646922397 1.6034707124030896 1.6026401447751526 1.6018095771472156 1.6009790095192789 1.6001484418913419 1.5993178742634049 1.5984873066354681 1.5976567390075298 1.5968261713795928 1.5959956037516558 1.595165036123719 1.594334468495782 1.5935039008678453 1.5926733332399083
1.624496194127588 1.623788805773629 1.62308141741967 1.622374029065711 1.621666640711752 1.620959252357793 1.620251864003834 1.619544475649875 1.618837087295916 1.618129698941957 1.617422310587998 1.6167149222340376 1.6160075338800786 1.6153001455261196 1.6145927571721606 1.6138853688182015 1.6131779804642425 1.6124705921102835 1.6117632037563245 1.6110558154023655 1.6103484270484065 1.6096410386944475 1.6089336503404885 1.6082262619865295 1.6075188736325692 1.6068114852786102 1.6061040969246512 1.6053967085706922 1.6046893202167332 1.6039819318627742 1.6032112348653809 1.602372859496022 1.6015344841266632 1.6006961087573044 1.5998577333879456 1.5990193580185867 1.598180982649228 1.5973426072798678 1.5965042319105087 1.59566585654115 1.594827481171791 1.5939891058024322 1.5931507304330734 1.5923123550637146
1.6249472195974128 1.624215887853823 1.6234845561102333 1.6227532243666436 1.6220218926230539 1.621290560879464 1.6205592291358744 1.6198278973922846 1.6190965656486949 1.6183652339051051 1.6176339021615154 1.6169025704179245 1.6161712386743348 1.615439906930745 1.6147085751871553 1.6139772434435655 1.6132459116999758 1.612514579956386 1.6117832482127963 1.6110519164692065 1.6103205847256168 1.6095892529820273 1.6088579212384375 1.6081265894948478 1.6073952577512567 1.606663926007667 1.6059325942640772 1.6052012625204874 1.6044699307768977 1.6037385990333082 1.602951757327672 1.602105574216891 1.6012593911061104 1.6004132079953295 1.5995670248845488 1.598720841773768 1.5978746586629873 1.597028475552205 1.5961822924414244 1.5953361093306435 1.5944899262198629 1.593643743109082 1.5927975599983013 1.5919513768875204
1.6253982450672373 1.6246429699340168 1.6238876948007965 1.623132419667576 1.6223771445343556 1.6216218694011353 1.6208665942679148 1.6201113191346943 1.6193560440014738 1.6186007688682535 1.617845493735033 1.6170902186018115 1.616334943468591 1.6155796683353705 1.61482439320215 1.6140691180689297 1.6133138429357092 1.6125585678024887 1.6118032926692685 1.611048017536048 1.6102927424028275 1.6095374672696072 1.6087821921363867 1.6080269170031662 1.6072716418699446 1.6065163667367242 1.6057610916035037 1.6050058164702834 1.604250541337063 1.6034952662038424 1.6026922797899632 1.6018382889377605 1.600984298085558 1.6001303072333553 1.5992763163811525 1.5984223255289498 1.597568334676747 1.596714343824543 1.5958603529723403 1.5950063621201376 1.5941523712679349 1.5932983804157321 1.5924443895635294 1.5915903987113267
1.625849270537062 1.6250700520142107 1.6242908334913597 1.6235116149685085 1.6227323964456575 1.6219531779228062 1.6211739593999552 1.620394740877104 1.619615522354253 1.6188363038314018 1.6180570853085507 1.6172778667856982 1.6164986482628472 1.615719429739996 1.614940211217145 1.614160992694294 1.6133817741714427 1.6126025556485917 1.6118233371257404 1.6110441186028894 1.6102649000800382 1.6094856815571872 1.608706463034336 1.607927244511485 1.6071480259886324 1.6063688074657814 1.6055895889429301 1.6048103704200791 1.604031151897228 1.6032519333743769 1.6024328022522547 1.6015710036586301 1.6007092050650054 1.5998474064713808 1.5989856078777562 1.5981238092841314 1.5972620106905069 1.5964002120968808 1.5955384135032562 1.5946766149096316 1.5938148163160069 1.5929530177223823 1.5920912191287577 1.5912294205351332
1.6263002960068864 1.6254971340944047 1.624693972181923 1.623890810269441 1.6230876483569592 1.6222844864444774 1.6214813245319957 1.6206781626195137 1.619875000707032 1.6190718387945502 1.6182686768820684 1.6174655149695851 1.6166623530571034 1.6158591911446216 1.6150560292321396 1.614252867319658 1.6134497054071761 1.6126465434946944 1.6118433815822124 1.6110402196697307 1.610237057757249 1.6094338958447671 1.6086307339322854 1.6078275720198034 1.6070244101073203 1.6062212481948386 1.6054180862823566 1.6046149243698749 1.603811762457393 1.6030086005449113 1.602173324714546 1.6013037183794996 1.600434112044453 1.5995645057094063 1.59869489937436 1.5978252930393133 1.5969556867042667 1.5960860803692187 1.595216474034172 1.5943468676991255 1.593477261364079 1.5926076550290325 1.5917380486939858 1.5908684423589394
1.6267513214767109 1.6259242161745984 1.6250971108724859 1.6242700055703734 1.6234429002682609 1.6226157949661484 1.6217886896640359 1.6209615843619234 1.620134479059811 1.6193073737576984 1.618480268455586 1.617653163153472 1.6168260578513596 1.615998952549247 1.6151718472471344 1.6143447419450219 1.6135176366429094 1.6126905313407969 1.6118634260386844 1.6110363207365719 1.6102092154344594 1.6093821101323469 1.6085550048302344 1.607727899528122 1.606900794226008 1.6060736889238956 1.605246583621783 1.6044194783196706 1.6035923730175579 1.6027652677154454 1.6019138471768373 1.6010364331003688 1.6001590190239003 1.5992816049474319 1.5984041908709634 1.597526776794495 1.5966493627180265 1.5957719486415565 1.594894534565088 1.5940171204886195 1.593139706412151 1.5922622923356826 1.5913848782592142 1.5905074641827455
1.6272023469465355 1.6263512982547923 1.625500249563049 1.6246492008713058 1.6237981521795628 1.6229471034878196 1.6220960547960763 1.621245006104333 1.6203939574125898 1.6195429087208468 1.6186918600291036 1.6178408113373588 1.6169897626456158 1.6161387139538725 1.6152876652621293 1.614436616570386 1.6135855678786428 1.6127345191868996 1.6118834704951566 1.6110324218034133 1.61018137311167 1.6093303244199268 1.6084792757281836 1.6076282270364406 1.6067771783446958 1.6059261296529526 1.6050750809612095 1.6042240322694663 1.603372983577723 1.6025219348859798 1.6016543696391286 1.6007691478212382 1.5998839260033477 1.5989987041854574 1.5981134823675671 1.5972282605496766 1.5963430387317863 1.5954578169138942 1.594572595096004 1.5936873732781134 1.592802151460223 1.5919169296423326 1.5910317078244423 1.5901464860065517
1.62765337241636 1.6267783803349862 1.6259033882536122 1.6250283961722385 1.6241534040908645 1.6232784120094905 1.6224034199281168 1.6215284278467428 1.620653435765369 1.619778443683995 1.618903451602621 1.6180284595212457 1.617153467439872 1.616278475358498 1.615403483277124 1.6145284911957503 1.6136534991143763 1.6127785070330025 1.6119035149516285 1.6110285228702546 1.6101535307888808 1.6092785387075068 1.608403546626133 1.607528554544759 1.6066535624633838 1.6057785703820098 1.604903578300636 1.604028586219262 1.603153594137888 1.6022786020565143 1.60139489210142 1.6005018625421077 1.5996088329827953 1.598715803423483 1.5978227738641706 1.5969297443048582 1.596036714745546 1.5951436851862322 1.5942506556269198 1.5933576260676074 1.592464596508295 1.5915715669489827 1.5906785373896704 1.589785507830358
1.6281043978861849 1.6272054624151802 1.6263065269441757 1.6254075914731712 1.6245086560021664 1.623609720531162 1.6227107850601572 1.6218118495891527 1.620912914118148 1.6200139786471435 1.619115043176139 1.6182161077051327 1.6173171722341282 1.6164182367631235 1.615519301292119 1.6146203658211142 1.6137214303501097 1.6128224948791052 1.6119235594081005 1.611024623937096 1.6101256884660913 1.6092267529950868 1.6083278175240823 1.6074288820530775 1.6065299465820715 1.6056310111110668 1.6047320756400623 1.6038331401690575 1.602934204698053 1.6020352692270485 1.6011354145637111 1.600234577262977 1.5993337399622427 1.5984329026615085 1.597532065360774 1.5966312280600399 1.5957303907593057 1.5948295534585697 1.5939287161578355 1.5930278788571013 1.5921270415563669 1.5912262042556327 1.5903253669548985 1.589424529654164
1.6285554233560093 1.627632544495374 1.6267096656347388 1.6257867867741036 1.6248639079134681 1.6239410290528329 1.6230181501921976 1.6220952713315624 1.621172392470927 1.6202495136102917 1.6193266347496564 1.6184037558890196 1.6174808770283842 1.616557998167749 1.6156351193071137 1.6147122404464784 1.613789361585843 1.6128664827252077 1.6119436038645725 1.6110207250039372 1.610097846143302 1.6091749672826665 1.6082520884220313 1.607329209561396 1.606406330700759 1.6054834518401238 1.6045605729794885 1.6036376941188533 1.602714815258218 1.6017919363975825 1.6008759370260024 1.5999672919838461 1.59905864694169 1.5981500018995338 1.5972413568573776 1.5963327118152213 1.5954240667730653 1.5945154217309074 1.5936067766887512 1.5926981316465951 1.5917894866044389 1.5908808415622826 1.5899721965201266 1.5890635514779703
1.629006448825834 1.628059626575568 1.627112804325302 1.626165982075036 1.62521915982477 1.624272337574504 1.623325515324238 1.622378693073972 1.621431870823706 1.6204850485734401 1.6195382263231741 1.6185914040729064 1.6176445818226404 1.6166977595723744 1.6157509373221084 1.6148041150718424 1.6138572928215764 1.6129104705713104 1.6119636483210444 1.6110168260707785 1.6100700038205125 1.6091231815702465 1.6081763593199805 1.6072295370697145 1.606282714819447 1.605335892569181 1.604389070318915 1.603442248068649 1.602495425818383 1.601548603568117 1.600616459488294 1.5997000067047156 1.5987835539211375 1.5978671011375594 1.5969506483539813 1.5960341955704032 1.595117742786825 1.5942012900032454 1.5932848372196673 1.5923683844360892 1.591451931652511 1.5905354788689328 1.5896190260853547 1.5887025733017766
1.6294574742956585 1.6284867086557617 1.6275159430158652 1.6265451773759685 1.6255744117360718 1.624603646096175 1.6236328804562785 1.6226621148163818 1.621691349176485 1.6207205835365883 1.6197498178966916 1.6187790522567933 1.6178082866168966 1.616837520977 1.6158667553371033 1.6148959896972066 1.6139252240573099 1.6129544584174134 1.6119836927775166 1.61101292713762 1.6100421614977232 1.6090713958578264 1.60810063021793 1.6071298645780332 1.606159098938135 1.6051883332982382 1.6042175676583414 1.6032468020184447 1.602276036378548 1.6013052707386515 1.6003569819505852 1.5994327214255852 1.598508460900585 1.5975842003755851 1.596659939850585 1.5957356793255848 1.5948114188005849 1.5938871582755831 1.5929628977505832 1.592038637225583 1.591114376700583 1.590190116175583 1.589265855650583 1.5883415951255828
1.6299084997654831 1.6289137907359557 1.6279190817064284 1.626924372676901 1.6259296636473737 1.6249349546178462 1.6239402455883187 1.6229455365587915 1.621950827529264 1.6209561184997368 1.6199614094702093 1.6189667004406803 1.6179719914111528 1.6169772823816255 1.615982573352098 1.6149878643225708 1.6139931552930433 1.612998446263516 1.6120037372339886 1.6110090282044613 1.6100143191749339 1.6090196101454066 1.6080249011158791 1.6070301920863517 1.6060354830568226 1.6050407740272954 1.604046064997768 1.6030513559682407 1.6020566469387132 1.6010619379091857 1.6000975044128767 1.5991654361464547 1.5982333678800327 1.5973012996136107 1.5963692313471887 1.5954371630807667 1.5945050948143447 1.593573026547921 1.592640958281499 1.591708890015077 1.590776821748655 1.589844753482233 1.588912685215811 1.587980616949389
1.6303595252353074 1.6293408728161494 1.6283222203969914 1.6273035679778332 1.6262849155586752 1.6252662631395172 1.624247610720359 1.623228958301201 1.622210305882043 1.6211916534628847 1.6201730010437267 1.619154348624567 1.618135696205409 1.6171170437862508 1.6160983913670928 1.6150797389479348 1.6140610865287766 1.6130424341096186 1.6120237816904606 1.6110051292713023 1.6099864768521444 1.6089678244329864 1.6079491720138281 1.6069305195946701 1.6059118671755104 1.6048932147563522 1.6038745623371942 1.6028559099180362 1.601837257498878 1.60081860507972 1.5998380268751677 1.598898150867324 1.59795827485948 1.597018398851636 1.5960785228437921 1.5951386468359483 1.5941987708281042 1.5932588948202588 1.592319018812415 1.591379142804571 1.590439266796727 1.5894993907888832 1.5885595147810392 1.5876196387731953
1.6308105507051325 1.6297679548963435 1.6287253590875548 1.627682763278766 1.6266401674699773 1.6255975716611886 1.6245549758523996 1.6235123800436109 1.6224697842348221 1.6214271884260334 1.6203845926172447 1.619341996808454 1.6182994009996652 1.6172568051908764 1.6162142093820877 1.615171613573299 1.61412901776451 1.6130864219557213 1.6120438261469325 1.6110012303381438 1.609958634529355 1.608916038720566 1.6078734429117774 1.6068308471029886 1.605788251294198 1.6047456554854094 1.6037030596766204 1.6026604638678317 1.601617868059043 1.6005752722502542 1.599578549337459 1.5986308655881931 1.5976831818389272 1.5967354980896613 1.5957878143403956 1.5948401305911297 1.5938924468418638 1.5929447630925964 1.5919970793433305 1.5910493955940648 1.5901017118447989 1.589154028095533 1.588206344346267 1.5872586605970014
1.631261576174957 1.6301950369765374 1.629128497778118 1.6280619585796985 1.626995419381279 1.6259288801828595 1.62486234098444 1.6237958017860206 1.622729262587601 1.6216627233891816 1.6205961841907621 1.6195296449923409 1.6184631057939214 1.617396566595502 1.6163300273970824 1.615263488198663 1.6141969490002435 1.613130409801824 1.6120638706034045 1.610997331404985 1.6099307922065658 1.6088642530081463 1.6077977138097268 1.6067311746113073 1.6056646354128858 1.6045980962144664 1.603531557016047 1.6024650178176276 1.6013984786192081 1.6003319394207887 1.5993190717997503 1.5983635803090626 1.5974080888183748 1.596452597327687 1.5954971058369993 1.5945416143463114 1.5935861228556236 1.5926306313649343 1.5916751398742466 1.5907196483835588 1.5897641568928709 1.5888086654021831 1.5878531739114954 1.5868976824208076
1.6315884764614965 1.6305133223355985 1.6294381682097008 1.628363014083803 1.6272878599579053 1.6262127058320075 1.6251375517061097 1.624062397580212 1.6229872434543142 1.6219120893284165 1.6208369352025185 1.619761781076619 1.6186866269507212 1.6176114728248234 1.6165363186989257 1.615461164573028 1.61438601044713 1.6133108563212322 1.6122357021953344 1.6111605480694366 1.610085393943539 1.6090102398176411 1.6079350856917434 1.6068599315658456 1.6057847774399459 1.604709623314048 1.6036344691881503 1.6025593150622526 1.6014841609363548 1.600409006810457 1.5993968244224044 1.5984519602466212 1.597507096070838 1.596562231895055 1.5956173677192718 1.5946725035434886 1.5937276393677056 1.5927827751919208 1.5918379110161376 1.5908930468403544 1.5899481826645714 1.5890033184887882 1.588058454313005 1.587113590137222
1.6317826947510659 1.6307153108575343 1.6296479269640027 1.6285805430704712 1.6275131591769396 1.626445775283408 1.6253783913898765 1.624311007496345 1.6232436236028134 1.6221762397092818 1.6211088558157503 1.620041471922217 1.6189740880286854 1.6179067041351538 1.6168393202416222 1.6157719363480907 1.6147045524545591 1.6136371685610276 1.612569784667496 1.6115024007739644 1.610435016880433 1.6093676329869013 1.6083002490933698 1.6072328651998382 1.6061654813063047 1.605098097412773 1.6040307135192415 1.60296332962571 1.6018959457321784 1.6008285618386469 1.5998350548299143 1.598920523882235 1.5980059929345558 1.5970914619868768 1.5961769310391976 1.5952624000915183 1.5943478691438393 1.5934333381961585 1.5925188072484793 1.5916042763008003 1.590689745353121 1.589775214405442 1.5888606834577628 1.5879461525100835
