Figures/CREST_Example_wjb_NSE/PETs/wjb.pet.20091120.asc
ncols            288
nrows            254
xllcorner        113.274861
yllcorner        31.4918055
cellsize         0.008333333333
NODATA_value     -9999
[rows 114 to 132 of 254, columns 0 to 43 of 288]
-9999.0 -9999.0 -9999.0 -9999.0 -9999.0 -9999.0 -9999.0 -9999.0 -9999.0 -9999.0 -9999.0 -9999.0 -9999.0 -9999.0 -9999.0 -9999.0 -9999.0 -9999.0 -9999.0 -9999.0 -9999.0 -9999.0 -9999.0 -9999.0 -9999.0 -9999.0 -9999.0 -9999.0 -9999.0 -9999.0 -9999.0 -9999.0 -9999.0 0.8304805878683813 0.8310015726675474 0.8315225574667136 0.8320435422658796 0.8325645270650458 0.8330855118642119 0.8336064966633789 0.834127481462545 0.8346484662617112 0.8346402127631707 0.83406619156311
-9999.0 -9999.0 -9999.0 -9999.0 -9999.0 -9999.0 -9999.0 -9999.0 -9999.0 -9999.0 -9999.0 -9999.0 -9999.0 -9999.0 -9999.0 -9999.0 -9999.0 -9999.0 -9999.0 -9999.0 -9999.0 -9999.0 -9999.0 -9999.0 -9999.0 -9999.0 -9999.0 -9999.0 -9999.0 -9999.0 -9999.0 -9999.0 0.8295905197599028 0.8300966946288983 0.830602869497894 0.8311090443668895 0.831615219235885 0.8321213941048805 0.8326275689738761 0.8331337438428725 0.833639918711868 0.8341460935808636 0.8341408909939768 0.8335890143491513
-9999.0 -9999.0 -9999.0 -9999.0 -9999.0 -9999.0 -9999.0 -9999.0 -9999.0 -9999.0 -9999.0 -9999.0 -9999.0 -9999.0 -9999.0 -9999.0 -9999.0 -9999.0 -9999.0 -9999.0 -9999.0 -9999.0 -9999.0 -9999.0 -9999.0 -9999.0 -9999.0 -9999.0 -9999.0 -9999.0 -9999.0 -9999.0 0.8292214364505905 0.8297128013894155 0.8302041663282405 0.8306955312670654 0.8311868962058904 0.8316782611447153 0.8321696260835403 0.832660991022366 0.833152355961191 0.8336437209000159 0.8336415692247828 0.8331118371351928
-9999.0 -9999.0 -9999.0 -9999.0 -9999.0 -9999.0 -9999.0 -9999.0 -9999.0 -9999.0 -9999.0 -9999.0 -9999.0 -9999.0 -9999.0 -9999.0 -9999.0 -9999.0 -9999.0 -9999.0 -9999.0 -9999.0 -9999.0 -9999.0 -9999.0 -9999.0 -9999.0 -9999.0 -9999.0 -9999.0 -9999.0 -9999.0 0.8288523531412783 0.8293289081499327 0.829805463158587 0.8302820181672415 0.8307585731758957 0.8312351281845501 0.8317116831932045 0.8321882382018597 0.8326647932105141 0.8331413482191685 0.8331422474555891 0.8326346599212342
-9999.0 -9999.0 -9999.0 -9999.0 -9999.0 -9999.0 -9999.0 -9999.0 -9999.0 -9999.0 -9999.0 -9999.0 -9999.0 -9999.0 -9999.0 0.8210682422021789 0.8215462295538583 0.8220242169055377 -9999.0 -9999.0 -9999.0 -9999.0 -9999.0 -9999.0 -9999.0 -9999.0 -9999.0 -9999.0 -9999.0 -9999.0 0.8282380524773706 0.8287160398290501 0.8291940271807294 0.8296720145324088 0.8301500018840882 0.8306279892357676 0.831105976587447 0.8315839639391264 0.8320619512908057 0.832539938642486 0.8330179259941654 0.8334959133458447 0.8335069985579936 0.833018954830567
-9999.0 -9999.0 -9999.0 -9999.0 -9999.0 -9999.0 -9999.0 -9999.0 -9999.0 -9999.0 -9999.0 -9999.0 -9999.0 0.8208566044627019 0.8213533861234892 0.8218501677842764 0.8223469494450636 0.8228437311058509 -9999.0 -9999.0 -9999.0 -9999.0 -9999.0 -9999.0 -9999.0 -9999.0 -9999.0 -9999.0 -9999.0 0.8288051110352982 0.8293018926960855 0.8297986743568726 0.8302954560176599 0.830792237678447 0.8312890193392343 0.8317858010000214 0.8322825826608087 0.8327793643215958 0.8332761459823831 0.8337729276431711 0.8342697093039584 0.8347664909647455 0.8347953890863018 0.8343241091298224
-9999.0 -9999.0 -9999.0 -9999.0 -9999.0 -9999.0 -9999.0 -9999.0 -9999.0 -9999.0 -9999.0 -9999.0 -9999.0 0.8216009414265837 0.8221165173964787 0.8226320933663738 0.8231476693362688 0.8236632453061639 -9999.0 -9999.0 -9999.0 -9999.0 -9999.0 -9999.0 -9999.0 -9999.0 -9999.0 -9999.0 -9999.0 0.8298501569449052 0.8303657329148001 0.8308813088846951 0.8313968848545902 0.8319124608244852 0.8324280367943803 0.8329436127642753 0.8334591887341704 0.8339747647040654 0.8344903406739604 0.8350059166438563 0.8355214926137513 0.8360370685836463 0.83608377961461 0.8356292634290777
-9999.0 -9999.0 -9999.0 -9999.0 -9999.0 -9999.0 -9999.0 -9999.0 -9999.0 -9999.0 -9999.0 -9999.0 0.8218109081114617 0.8223452783904655 0.8228796486694683 0.8234140189484711 0.823948389227474 0.8244827595064769 0.8250171297854797 -9999.0 -9999.0 -9999.0 -9999.0 -9999.0 -9999.0 -9999.0 -9999.0 -9999.0 -9999.0 -9999.0 0.8314295731335148 0.8319639434125177 0.8324983136915205 0.8330326839705233 0.8335670542495263 0.8341014245285291 0.8346357948075319 0.8351701650865347 0.8357045353655376 0.8362389056445414 0.8367732759235442 0.837307646202547 0.8373721701429182 0.8369344177283329
-9999.0 -9999.0 -9999.0 -9999.0 -9999.0 -9999.0 -9999.0 -9999.0 -9999.0 -9999.0 -9999.0 -9999.0 0.8225364507662356 0.8230896153543472 0.8236427799424578 0.8241959445305685 0.8247491091186793 0.8253022737067899 0.8258554382949006 0.8264086028830112 0.8269617674711219 -9999.0 -9999.0 -9999.0 -9999.0 -9999.0 -9999.0 -9999.0 -9999.0 0.8319402487641189 0.8324934133522296 0.8330465779403402 0.8335997425284509 0.8341529071165615 0.8347060717046723 0.8352592362927829 0.8358124008808936 0.8363655654690043 0.8369187300571149 0.8374718946452265 0.8380250592333373 0.8385782238214479 0.8386605606712264 0.8382395720275883
-9999.0 -9999.0 -9999.0 -9999.0 -9999.0 -9999.0 -9999.0 -9999.0 -9999.0 -9999.0 -9999.0 -9999.0 0.8232619934210096 0.8238339523182291 0.8244059112154476 0.824977870112666 0.8255498290098845 0.826121787907103 0.8266937468043215 0.82726570570154 0.8278376645987585 -9999.0 -9999.0 0.8295535412904139 -9999.0 -9999.0 -9999.0 -9999.0 -9999.0 0.8329852946737258 0.8335572535709443 0.8341292124681629 0.8347011713653814 0.8352731302625999 0.8358450891598183 0.8364170480570368 0.8369890069542553 0.8375609658514738 0.8381329247486923 0.8387048836459117 0.8392768425431302 0.8398488014403487 0.8399489511995346 0.8395447263268436
-9999.0 -9999.0 -9999.0 -9999.0 -9999.0 -9999.0 -9999.0 -9999.0 -9999.0 -9999.0 -9999.0 -9999.0 0.823987536075784 0.8245782892821114 0.8251690424884377 0.825759795694764 0.8263505489010904 0.8269413021074167 0.827532055313743 0.8281228085200694 0.8287135617263957 0.8293043149327219 0.8298950681390483 0.8304858213453746 0.8310765745517009 0.8316673277580273 -9999.0 -9999.0 0.8334395873770073 0.8340303405833336 0.8346210937896599 0.8352118469959863 0.8358026002023126 0.8363933534086389 0.8369841066149653 0.8375748598212915 0.8381656130276178 0.8387563662339442 0.8393471194402705 0.8399378726465978 0.8405286258529242 0.8411193790592505 0.8412373417278438 0.8408498806261
-9999.0 -9999.0 -9999.0 -9999.0 -9999.0 -9999.0 -9999.0 -9999.0 -9999.0 -9999.0 -9999.0 0.8245616744595563 0.8247130787305581 0.8253226262459933 0.8259321737614274 0.8265417212768615 0.8271512687922956 0.8277608163077298 0.828370363823164 0.828979911338598 0.8295894588540322 0.8301990063694664 0.8308085538849005 0.8314181014003347 0.8320276489157687 0.8326371964312029 0.8332467439466381 0.8338562914620723 0.8344658389775064 0.8350753864929406 0.8356849340083747 0.8362944815238088 0.836904029039243 0.8375135765546772 0.8381231240701112 0.8387326715855454 0.8393422191009795 0.8399517666164137 0.8405613141318479 0.841170861647283 0.8417804091627171 0.8423899566781513 0.842525732256152 0.8421550349253554
-9999.0 -9999.0 -9999.0 -9999.0 -9999.0 -9999.0 -9999.0 -9999.0 -9999.0 -9999.0 -9999.0 0.8252891793155175 0.825438621385332 0.8260669632098749 0.8266953050344169 0.8273236468589589 0.8279519886835008 0.8285803305080428 0.8292086723325848 0.8298370141571267 0.8304653559816687 0.8310936978062107 0.8317220396307526 0.8323503814552946 0.8329787232798366 0.8336070651043785 0.8342354069289215 0.8348637487534635 0.8354920905780054 0.8361204324025474 0.8367487742270894 0.8373771160516313 0.8380054578761733 0.8386337997007153 0.8392621415252572 0.8398904833497992 0.8405188251743412 0.8411471669988831 0.841775508823425 0.8424038506479681 0.84303219247251 0.843660534297052 0.8438141227844601 0.8434601892246106
-9999.0 -9999.0 -9999.0 -9999.0 -9999.0 -9999.0 -9999.0 -9999.0 -9999.0 -9999.0 -9999.0 0.8260166841714786 0.8261641640401058 0.8268113001737567 0.8274584363074065 0.8281055724410563 0.8287527085747061 0.8293998447083558 0.8300469808420057 0.8306941169756554 0.8313412531093052 0.8319883892429549 0.8326355253766048 0.8332826615102545 0.8339297976439043 0.8345769337775542 0.835224069911205 0.8358712060448548 0.8365183421785045 0.8371654783121544 0.8378126144458041 0.8384597505794539 0.8391068867131036 0.8397540228467535 0.8404011589804032 0.841048295114053 0.8416954312477029 0.8423425673813526 0.8429897035150024 0.8436368396486532 0.8442839757823031 0.8449311119159528 0.8451025133127683 0.844765343523866
-9999.0 -9999.0 -9999.0 -9999.0 -9999.0 -9999.0 -9999.0 -9999.0 -9999.0 -9999.0 -9999.0 0.8267441890274397 0.8268897066948797 0.8275556371376385 0.8282215675803961 0.8288874980231536 0.8295534284659113 0.8302193589086689 0.8308852893514265 0.8315512197941841 0.8322171502369416 0.8328830806796993 0.8335490111224569 0.8342149415652145 0.8348808720079721 0.8355468024507297 0.8362127328934884 0.836878663336246 0.8375445937790037 0.8382105242217612 0.8388764546645189 0.8395423851072764 0.8402083155500341 0.8408742459927917 0.8415401764355492 0.8422061068783069 0.8428720373210645 0.8435379677638221 0.8442038982065797 0.8448698286493385 0.845535759092096 0.8462016895348536 0.8463909038410766 0.8460704978231213
-9999.0 -9999.0 -9999.0 -9999.0 -9999.0 -9999.0 -9999.0 -9999.0 -9999.0 -9999.0 0.8278343665247164 0.8274716938834009 0.8276152493496536 0.8282999741015202 0.8289846988533857 0.8296694236052511 0.8303541483571165 0.831038873108982 0.8317235978608473 0.8324083226127127 0.8330930473645781 0.8337777721164435 0.834462496868309 0.8351472216201744 0.8358319463720398 0.8365166711239053 0.8372013958757718 0.8378861206276372 0.8385708453795027 0.8392555701313681 0.8399402948832335 0.840625019635099 0.8413097443869644 0.8419944691388298 0.8426791938906952 0.8433639186425607 0.8440486433944261 0.8447333681462915 0.8454180928981568 0.8461028176500235 0.8467875424018889 0.8474722671537543 0.8476792943693847 0.8473756521223765
-9999.0 -9999.0 -9999.0 -9999.0 -9999.0 -9999.0 -9999.0 -9999.0 -9999.0 0.8289673011120525 0.8285832499257073 0.8281991987393622 0.8283407920044277 0.8290443110654021 0.8297478301263753 0.8304513491873485 0.8311548682483217 0.8318583873092951 0.8325619063702683 0.8332654254312415 0.8339689444922147 0.8346724635531879 0.8353759826141612 0.8360795016751345 0.8367830207361077 0.8374865397970809 0.8381900588580553 0.8388935779190286 0.8395970969800018 0.8403006160409751 0.8410041351019483 0.8417076541629216 0.8424111732238948 0.843114692284868 0.8438182113458412 0.8445217304068146 0.8452252494677878 0.845928768528761 0.8466322875897342 0.8473358066507086 0.8480393257116818 0.8487428447726552 0.8489676848976929 0.8486808064216319
-9999.0 -9999.0 -9999.0 -9999.0 -9999.0 -9999.0 -9999.0 0.8305484225208233 0.8301429927894484 0.8297375630580736 0.8293321333266988 0.8289267035953239 0.8290663346592021 0.8297886480292844 0.8305109613993654 0.8312332747694465 0.8319555881395276 0.8326779015096087 0.8334002148796897 0.8341225282497708 0.834844841619852 0.835567154989933 0.836289468360014 0.8370117817300952 0.8377340951001762 0.8384564084702573 0.8391787218403396 0.8399010352104207 0.8406233485805017 0.8413456619505828 0.8420679753206639 0.8427902886907449 0.843512602060826 0.8442349154309071 0.8449572288009882 0.8456795421710692 0.8464018555411503 0.8471241689112314 0.8478464822813124 0.8485687956513948 0.8492911090214759 0.850013422391557 0.8502560754260021 0.8499859607208883
-9999.0 -9999.0 -9999.0 -9999.0 -9999.0 -9999.0 0.8317882498333077 0.8313614415569032 0.8309346332804987 0.8305078250040941 0.8300810167276897 0.8296542084512852 0.8297918773139761 0.8305329849931663 0.8312740926723552 0.8320152003515441 0.832756308030733 0.8334974157099219 0.8342385233891108 0.8349796310682996 0.8357207387474885 0.8364618464266774 0.8372029541058663 0.8379440617850552 0.8386851694642441 0.839426277143433 0.8401673848226231 0.840908492501812 0.8416496001810009 0.8423907078601898 0.8431318155393787 0.8438729232185675 0.8446140308977564 0.8453551385769453 0.8460962462561342 0.8468373539353231 0.847578461614512 0.8483195692937009 0.8490606769728898 0.84980178465208 0.8505428923312689 0.8512840000104578 0.8515444659543103 0.8512911150201437
