Figures/CREST_Example_wjb_NSE/PETs/wjb.pet.20100907.asc
ncols            288
nrows            254
xllcorner        113.274861
yllcorner        31.4918055
cellsize         0.008333333333
NODATA_value     -9999
[rows 100 to 119 of 254, columns 44 to 87 of 288]
0.893801530277186 0.8944065421108975 0.8950115539446092 0.8956165657783207 0.8962215776120322 0.8968265894457438 0.8974316012794554 0.898036613113167 0.8986416249468795 0.8992466367805911 0.8998516486143027 0.9004566604480142 0.9010616722817257 0.9016666841154373 0.9022716959491489 0.9028767077828604 0.903481719616572 0.9040867314502835 0.9046917432839952 0.9052967551177067 0.9059017669514182 0.9065067787851309 0.9071117906188424 0.9077168024525539 0.9083218142862655 0.9089268261199771 0.9095318379536886 0.9101368497874002 0.9129580071280087 0.9181482741138042 0.9233385410995996 0.9285288080853951 0.9337190750711905 0.938909342056986 0.9440996090427902 0.9492898760285856 0.9544801430143811 0.9596704100001765 0.964860676985972 0.9700509439717675 0.9752412109575629 0.9804314779433584 0.9856217449291538 0.9908120119149493
0.8987582956513438 0.8992413979923775 0.899724500333411 0.9002076026744447 0.9006907050154783 0.9011738073565119 0.9016569096975455 0.9021400120385792 0.9026231143796136 0.9031062167206472 0.9035893190616808 0.9040724214027145 0.904555523743748 0.9050386260847817 0.9055217284258154 0.9060048307668489 0.9064879331078826 0.9069710354489161 0.9074541377899498 0.9079372401309834 0.908420342472017 0.9089034448130514 0.9093865471540851 0.9098696494951187 0.9103527518361523 0.9108358541771859 0.9113189565182196 0.9118020588592531 0.9145409974870893 0.9196914761010835 0.9248419547150778 0.929992433329072 0.9351429119430662 0.9402933905570604 0.9454438691710634 0.9505943477850576 0.9557448263990519 0.9608953050130461 0.9660457836270403 0.9711962622410345 0.9763467408550287 0.981497219469023 0.9866476980830172 0.9917981766970114
0.9037150610255016 0.9040762538738573 0.9044374467222129 0.9047986395705686 0.9051598324189243 0.90552102526728 0.9058822181156357 0.9062434109639914 0.9066046038123476 0.9069657966607033 0.907326989509059 0.9076881823574147 0.9080493752057703 0.908410568054126 0.9087717609024817 0.9091329537508374 0.909494146599193 0.9098553394475488 0.9102165322959045 0.9105777251442602 0.9109389179926158 0.9113001108409721 0.9116613036893277 0.9120224965376834 0.9123836893860391 0.9127448822343948 0.9131060750827504 0.9134672679311061 0.9161239878461699 0.9212346780883629 0.9263453683305559 0.9314560585727489 0.9365667488149418 0.9416774390571349 0.9467881292993365 0.9518988195415296 0.9570095097837226 0.9621202000259156 0.9672308902681085 0.9723415805103015 0.9774522707524945 0.9825629609946875 0.9876736512368804 0.9927843414790735
0.9086718263996594 0.9089111097553372 0.9091503931110149 0.9093896764666927 0.9096289598223704 0.9098682431780482 0.9101075265337258 0.9103468098894036 0.9105860932450818 0.9108253766007595 0.9110646599564373 0.911303943312115 0.9115432266677927 0.9117825100234704 0.9120217933791482 0.9122610767348259 0.9125003600905037 0.9127396434461814 0.9129789268018592 0.9132182101575369 0.9134574935132147 0.9136967768688928 0.9139360602245705 0.9141753435802483 0.914414626935926 0.9146539102916038 0.9148931936472815 0.9151324770029593 0.9177069782052506 0.9227778800756424 0.9278487819460342 0.932919683816426 0.9379905856868177 0.9430614875572094 0.9481323894276099 0.9532032912980016 0.9582741931683934 0.9633450950387852 0.9684159969091769 0.9734868987795686 0.9785578006499605 0.9836287025203522 0.988699604390744 0.9937705062611357
0.9136285917738173 0.913745965636817 0.9138633394998168 0.9139807133628166 0.9140980872258164 0.9142154610888162 0.914332834951816 0.9144502088148159 0.9145675826778158 0.9146849565408156 0.9148023304038154 0.9149197042668152 0.915037078129815 0.9151544519928149 0.9152718258558147 0.9153891997188144 0.9155065735818142 0.915623947444814 0.9157413213078138 0.9158586951708136 0.9159760690338135 0.9160934428968135 0.9162108167598132 0.916328190622813 0.9164455644858128 0.9165629383488126 0.9166803122118125 0.9167976860748123 0.9192899685643313 0.9243210820629219 0.9293521955615124 0.9343833090601028 0.9394144225586933 0.9444455360572839 0.9494766495558831 0.9545077630544736 0.9595388765530641 0.9645699900516547 0.9696011035502452 0.9746322170488356 0.9796633305474262 0.9846944440460167 0.9897255575446072 0.9947566710431978
0.9185853571479793 0.9185808215183011 0.9185762858886228 0.9185717502589446 0.9185672146292664 0.9185626789995881 0.9185581433699098 0.9185536077402316 0.9185490721105534 0.9185445364808751 0.9185400008511969 0.9185354652215186 0.9185309295918404 0.9185263939621622 0.9185218583324839 0.9185173227028056 0.9185127870731274 0.9185082514434492 0.9185037158137709 0.9184991801840927 0.9184946445544144 0.9184901089247361 0.918485573295058 0.9184810376653797 0.9184765020357014 0.9184719664060232 0.918467430776345 0.9184628951466667 0.9208729589234134 0.9258642840502026 0.9308556091769918 0.9358469343037811 0.9408382594305704 0.9458295845573597 0.9508209096841574 0.9558122348109467 0.9608035599377359 0.9657948850645252 0.9707862101913145 0.9757775353181037 0.980768860444893 0.9857601855716822 0.9907515106984716 0.9957428358252608
0.9235421225221371 0.9234156773997809 0.9232892322774248 0.9231627871550686 0.9230363420327123 0.9229098969103562 0.922783451788 0.9226570066656439 0.9225305615432874 0.9224041164209312 0.9222776712985751 0.9221512261762189 0.9220247810538627 0.9218983359315065 0.9217718908091503 0.9216454456867942 0.9215190005644379 0.9213925554420818 0.9212661103197256 0.9211396651973695 0.9210132200750132 0.9208867749526568 0.9207603298303007 0.9206338847079445 0.9205074395855882 0.9203809944632321 0.9202545493408759 0.9201281042185198 0.922455949282494 0.927407486037482 0.9323590227924701 0.937310559547458 0.9422620963024461 0.9472136330574341 0.9521651698124306 0.9571167065674187 0.9620682433224067 0.9670197800773948 0.9719713168323828 0.9769228535873709 0.9818743903423588 0.9868259270973468 0.9917774638523349 0.996729000607323
0.928498887896295 0.9282505332812608 0.9280021786662267 0.9277538240511926 0.9275054694361584 0.9272571148211244 0.9270087602060902 0.9267604055910561 0.9265120509760215 0.9262636963609874 0.9260153417459533 0.9257669871309192 0.9255186325158851 0.9252702779008509 0.9250219232858168 0.9247735686707826 0.9245252140557486 0.9242768594407145 0.9240285048256803 0.9237801502106462 0.923531795595612 0.9232834409805776 0.9230350863655434 0.9227867317505093 0.9225383771354752 0.922290022520441 0.922041667905407 0.9217933132903728 0.9240389396415747 0.9289506880247614 0.9338624364079483 0.9387741847911351 0.9436859331743219 0.9485976815575087 0.9535094299407039 0.9584211783238906 0.9633329267070775 0.9682446750902642 0.9731564234734511 0.9780681718566379 0.9829799202398247 0.9878916686230115 0.9928034170061983 0.9977151653893851
0.9334556532704528 0.9330853891627406 0.9327151250550286 0.9323448609473166 0.9319745968396045 0.9316043327318925 0.9312340686241803 0.9308638045164683 0.9304935404087556 0.9301232763010435 0.9297530121933315 0.9293827480856194 0.9290124839779074 0.9286422198701954 0.9282719557624832 0.9279016916547712 0.9275314275470591 0.9271611634393471 0.9267908993316349 0.9264206352239229 0.9260503711162109 0.9256801070084981 0.9253098429007861 0.9249395787930741 0.924569314685362 0.92419905057765 0.9238287864699378 0.9234585223622258 0.9256219300006553 0.9304938900120409 0.9353658500234264 0.940237810034812 0.9451097700461976 0.9499817300575832 0.954853690068977 0.9597256500803626 0.9645976100917483 0.9694695701031338 0.9743415301145194 0.979213490125905 0.9840854501372905 0.9889574101486761 0.9938293701600617 0.9987013301714472
0.9384124186446106 0.9379202450442206 0.9374280714438306 0.9369358978434406 0.9364437242430506 0.9359515506426606 0.9354593770422706 0.9349672034418806 0.9344750298414897 0.9339828562410997 0.9334906826407097 0.9329985090403197 0.9325063354399297 0.9320141618395397 0.9315219882391497 0.9310298146387597 0.9305376410383697 0.9300454674379797 0.9295532938375897 0.9290611202371997 0.9285689466368097 0.9280767730364188 0.9275845994360288 0.9270924258356388 0.9266002522352488 0.9261080786348588 0.9256159050344688 0.9251237314340788 0.9272049203597359 0.9320370919993203 0.9368692636389047 0.9417014352784889 0.9465336069180733 0.9513657785576577 0.9561979501972502 0.9610301218368346 0.9658622934764189 0.9706944651160032 0.9755266367555876 0.980358808395172 0.9851909800347562 0.9900231516743406 0.994855323313925 0.9996874949535093
0.9433691840187685 0.9427551009257005 0.9421410178326326 0.9415269347395646 0.9409128516464967 0.9402987685534288 0.9396846854603608 0.9390706023672929 0.9384565192742239 0.9378424361811559 0.9372283530880879 0.9366142699950201 0.9360001869019521 0.9353861038088841 0.9347720207158162 0.9341579376227482 0.9335438545296804 0.9329297714366124 0.9323156883435444 0.9317016052504765 0.9310875221574085 0.9304734390643395 0.9298593559712716 0.9292452728782037 0.9286311897851357 0.9280171066920677 0.9274030235989998 0.9267889405059319 0.9287879107188166 0.9335802939865998 0.9383726772543829 0.943165060522166 0.9479574437899492 0.9527498270577323 0.9575422103255236 0.9623345935933066 0.9671269768610897 0.9719193601288729 0.976711743396656 0.9815041266644391 0.9862965099322222 0.9910888932000054 0.9958812764677885 1.0006736597355717
0.9483259493929305 0.9475899568071845 0.9468539642214384 0.9461179716356924 0.9453819790499465 0.9446459864642005 0.9439099938784545 0.9431740012927086 0.9424380087069613 0.9417020161212153 0.9409660235354693 0.9402300309497233 0.9394940383639774 0.9387580457782313 0.9380220531924853 0.9372860606067394 0.9365500680209934 0.9358140754352474 0.9350780828495014 0.9343420902637554 0.9336060976780094 0.9328701050922622 0.9321341125065162 0.9313981199207703 0.9306621273350242 0.9299261347492782 0.9291901421635322 0.9284541495777863 0.9303709010778985 0.9351234959738804 0.9398760908698623 0.9446286857658441 0.949381280661826 0.9541338755578078 0.9588864704537978 0.9636390653497797 0.9683916602457615 0.9731442551417434 0.9778968500377252 0.9826494449337071 0.987402039829689 0.9921546347256708 0.9969072296216527 1.0016598245176345
0.9532827147670883 0.9524248126886643 0.9515669106102405 0.9507090085318165 0.9498511064533925 0.9489932043749686 0.9481353022965447 0.9472774002181208 0.9464194981396954 0.9455615960612714 0.9447036939828476 0.9438457919044236 0.9429878898259997 0.9421299877475757 0.9412720856691519 0.9404141835907279 0.939556281512304 0.93869837943388 0.9378404773554562 0.9369825752770322 0.9361246731986083 0.9352667711201829 0.934408869041759 0.9335509669633351 0.9326930648849111 0.9318351628064871 0.9309772607280633 0.9301193586496393 0.9319538914369793 0.93666669796116 0.9413795044853406 0.9460923110095212 0.9508051175337018 0.9555179240578824 0.9602307305820711 0.9649435371062517 0.9696563436304323 0.9743691501546129 0.9790819566787935 0.9837947632029742 0.9885075697271548 0.9932203762513354 0.997933182775516 1.0026459892996966
0.958239480141246 0.9572596685701442 0.9562798569990423 0.9553000454279404 0.9543202338568386 0.9533404222857367 0.9523606107146348 0.951380799143533 0.9504009875724294 0.9494211760013276 0.9484413644302258 0.9474615528591238 0.946481741288022 0.9455019297169202 0.9445221181458183 0.9435423065747164 0.9425624950036146 0.9415826834325127 0.9406028718614108 0.939623060290309 0.9386432487192071 0.9376634371481035 0.9366836255770017 0.9357038140058999 0.9347240024347979 0.9337441908636961 0.9327643792925943 0.9317845677214923 0.93353688179606 0.9382098999484393 0.9428829181008187 0.9475559362531981 0.9522289544055775 0.956901972557957 0.9615749907103442 0.9662480088627237 0.9709210270151031 0.9755940451674825 0.9802670633198618 0.9849400814722412 0.9896130996246206 0.994286117777 0.9989591359293795 1.0036321540817588
0.963196245515404 0.9620945244516241 0.9609928033878443 0.9598910823240645 0.9587893612602848 0.957687640196505 0.9565859191327252 0.9554841980689454 0.9543824770051637 0.9532807559413838 0.952179034877604 0.9510773138138242 0.9499755927500444 0.9488738716862646 0.9477721506224848 0.946670429558705 0.9455687084949251 0.9444669874311454 0.9433652663673656 0.9422635453035858 0.941161824239806 0.9400601031760243 0.9389583821122445 0.9378566610484647 0.9367549399846848 0.935653218920905 0.9345514978571252 0.9334497767933454 0.9351198721551407 0.9397531019357188 0.9443863317162969 0.9490195614968752 0.9536527912774533 0.9582860210580315 0.9629192508386175 0.9675524806191956 0.9721857103997739 0.976818940180352 0.9814521699609301 0.9860853997415083 0.9907186295220864 0.9953518593026647 0.9999850890832428 1.004618318863821
0.9681530108895617 0.966929380333104 0.9657057497766462 0.9644821192201886 0.9632584886637308 0.9620348581072731 0.9608112275508153 0.9595875969943576 0.9583639664378977 0.95714033588144 0.9559167053249822 0.9546930747685245 0.9534694442120667 0.952245813655609 0.9510221830991512 0.9497985525426935 0.9485749219862357 0.947351291429778 0.9461276608733202 0.9449040303168625 0.9436803997604047 0.9424567692039449 0.9412331386474871 0.9400095080910295 0.9387858775345717 0.937562246978114 0.9363386164216562 0.9351149858651985 0.9367028625142213 0.9412963039229982 0.9458897453317752 0.9504831867405521 0.955076628149329 0.959670069558106 0.9642635109668907 0.9688569523756676 0.9734503937844445 0.9780438351932215 0.9826372766019984 0.9872307180107753 0.9918241594195523 0.9964176008283292 1.0010110422371061 1.005604483645883
0.9731097762637195 0.9717642362145839 0.9704186961654482 0.9690731561163125 0.9677276160671768 0.9663820760180412 0.9650365359689055 0.9636909959197698 0.9623454558706318 0.9609999158214961 0.9596543757723605 0.9583088357232247 0.956963295674089 0.9556177556249533 0.9542722155758177 0.952926675526682 0.9515811354775463 0.9502355954284106 0.948890055379275 0.9475445153301392 0.9461989752810035 0.9448534352318656 0.9435078951827298 0.9421623551335941 0.9408168150844585 0.9394712750353228 0.9381257349861871 0.9367801949370514 0.9382858528733019 0.9428395059102777 0.9473931589472533 0.951946811984229 0.9565004650212048 0.9610541180581804 0.9656077710951639 0.9701614241321397 0.9747150771691153 0.9792687302060911 0.9838223832430668 0.9883760362800424 0.9929296893170182 0.9974833423539939 1.0020369953909696 1.0065906484279452
0.9780665416378774 0.9765990920960638 0.9751316425542501 0.9736641930124366 0.9721967434706229 0.9707292939288092 0.9692618443869956 0.967794394845182 0.9663269453033659 0.9648594957615523 0.9633920462197386 0.961924596677925 0.9604571471361114 0.9589896975942978 0.9575222480524841 0.9560547985106705 0.9545873489688569 0.9531198994270432 0.9516524498852297 0.950185000343416 0.9487175508016024 0.9472501012597863 0.9457826517179726 0.944315202176159 0.9428477526343454 0.9413803030925317 0.9399128535507182 0.9384454040089045 0.9398688432323826 0.9443827078975571 0.9488965725627316 0.9534104372279061 0.9579243018930805 0.962438166558255 0.9669520312234372 0.9714658958886117 0.9759797605537861 0.9804936252189606 0.9850074898841351 0.9895213545493096 0.994035219214484 0.9985490838796585 1.003062948544833 1.0075768132100074
0.97796818496926 0.9764765127291735 0.974984840489087 0.9734931682490005 0.972001496008914 0.9705098237688274 0.9690181515287409 0.9675264792886544 0.9660348070485654 0.9645431348084789 0.9630514625683924 0.9615597903283057 0.9600681180882192 0.9585764458481327 0.9570847736080462 0.9555931013679597 0.9541014291278732 0.9526097568877867 0.9511180846477002 0.9496264124076137 0.9481347401675271 0.946643067927438 0.9451513956873515 0.943659723447265 0.9421680512071785 0.940676378967092 0.9391847067270055 0.937693034486919 0.9390752891129072 0.9435298365268869 0.9479843839408667 0.9524389313548466 0.9568934787688264 0.9613480261828061 0.9658025735967936 0.9702571210107733 0.9747116684247532 0.979166215838733 0.9836207632527127 0.9880753106666925 0.9925298580806724 0.9969844054946522 1.001438952908632 1.0058935003226117
0.9724662215274936 0.9710547476138747 0.9696432737002557 0.9682317997866368 0.9668203258730178 0.9654088519593989 0.9639973780457799 0.9625859041321609 0.9611744302185395 0.9597629563049206 0.9583514823913016 0.9569400084776827 0.9555285345640636 0.9541170606504447 0.9527055867368257 0.9512941128232068 0.9498826389095878 0.9484711649959688 0.9470596910823499 0.9456482171687309 0.944236743255112 0.9428252693414906 0.9414137954278716 0.9400023215142527 0.9385908476006337 0.9371793736870148 0.9357678997733958 0.9343564258597767 0.9357413587705941 0.9401157137924688 0.9444900688143436 0.9488644238362184 0.9532387788580932 0.9576131338799679 0.9619874889018502 0.9663618439237249 0.9707361989455997 0.9751105539674745 0.9794849089893493 0.983859264011224 0.9882336190330988 0.9926079740549736 0.9969823290768485 1.0013566840987231
