Figures/CREST_Example_wjb_NSE/PETs/wjb.pet.20100609.asc
ncols            288
nrows            254
xllcorner        113.274861
yllcorner        31.4918055
cellsize         0.008333333333
NODATA_value     -9999
[rows 171 to 189 of 254, columns 88 to 131 of 288]
0.7007555762262702 0.6990743371327622 0.6973930980392542 0.6957118589457434 0.6940306198522354 0.6923493807587274 0.6906681416652194 0.6889869025717115 0.6873056634782034 0.6856244243846955 0.6839431852911875 0.6822619461976795 0.6805807071041716 0.6788994680106636 0.6789951580677954 0.6809904255654572 0.6829856930631223 0.684980960560784 0.6869762280584457 0.6889714955561074 0.6909667630537691 0.6929620305514308 0.6949572980490926 0.6969525655467542 0.698947833044416 0.7009431005420776 0.7029383680397394 0.7049336355374011 0.7069289030350628 0.7089241705327279 0.7109194380303897 0.7129147055280514 0.7149099730257131 0.7169052405233748 0.7189005080210366 0.7208957755186982 0.72289104301636 0.7248863105140216 0.7268815780116834 0.7288768455093451 0.7308721130070068 0.7328673805046685 0.7348626480023336 0.7368579154999954
0.7036551444763375 0.7019575341862138 0.7002599238960902 0.6985623136059637 0.69686470331584 0.6951670930257164 0.6934694827355928 0.6917718724454692 0.6900742621553456 0.688376651865222 0.6866790415750984 0.6849814312849747 0.6832838209948511 0.6815862107047275 0.6816750454188398 0.6836736302361412 0.685672215053446 0.6876707998707473 0.6896693846880487 0.69166796950535 0.6936665543226513 0.6956651391399528 0.6976637239572541 0.6996623087745554 0.7016608935918568 0.7036594784091581 0.7056580632264595 0.7076566480437608 0.7096552328610621 0.7116538176783669 0.7136524024956683 0.7156509873129696 0.7176495721302709 0.7196481569475723 0.7216467417648736 0.7236453265821751 0.7256439113994764 0.7276424962167777 0.7296410810340791 0.7316396658513804 0.7336382506686817 0.7356368354859831 0.7376354203032879 0.7396340051205892
0.7065547127264047 0.7048407312396654 0.7031267497529262 0.701412768266184 0.6996987867794447 0.6979848052927055 0.6962708238059663 0.694556842319227 0.6928428608324877 0.6911288793457484 0.6894148978590092 0.6877009163722699 0.6859869348855306 0.6842729533987915 0.6843549327698843 0.6863568349068253 0.6883587370437697 0.6903606391807107 0.6923625413176516 0.6943644434545926 0.6963663455915337 0.6983682477284746 0.7003701498654156 0.7023720520023565 0.7043739541392976 0.7063758562762386 0.7083777584131795 0.7103796605501205 0.7123815626870615 0.7143834648240059 0.7163853669609469 0.7183872690978879 0.7203891712348288 0.7223910733717698 0.7243929755087108 0.7263948776456518 0.7283967797825928 0.7303986819195337 0.7324005840564748 0.7344024861934157 0.7364043883303567 0.7384062904672977 0.7404081926042421 0.7424100947411831
0.709454280976472 0.7077239282931171 0.7059935756097622 0.7042632229264043 0.7025328702430494 0.7008025175596946 0.6990721648763396 0.6973418121929847 0.6956114595096299 0.6938811068262749 0.69215075414292 0.6904204014595652 0.6886900487762102 0.6869596960928553 0.6870348201209288 0.6890400395775094 0.6910452590340934 0.693050478490674 0.6950556979472546 0.6970609174038352 0.6990661368604159 0.7010713563169965 0.7030765757735771 0.7050817952301577 0.7070870146867383 0.709092234143319 0.7110974535998996 0.7131026730564802 0.7151078925130608 0.7171131119696449 0.7191183314262255 0.7211235508828061 0.7231287703393867 0.7251339897959673 0.7271392092525479 0.7291444287091285 0.7311496481657092 0.7331548676222899 0.7351600870788705 0.7371653065354511 0.7391705259920317 0.7411757454486123 0.7431809649051964 0.745186184361777
0.7123538492265393 0.7106071253465688 0.7088604014665982 0.7071136775866247 0.7053669537066541 0.7036202298266836 0.701873505946713 0.7001267820667425 0.698380058186772 0.6966333343068014 0.6948866104268309 0.6931398865468603 0.6913931626668898 0.6896464387869192 0.6897147074719732 0.6917232442481934 0.6937317810244171 0.6957403178006374 0.6977488545768575 0.6997573913530778 0.7017659281292981 0.7037744649055183 0.7057830016817386 0.7077915384579588 0.7098000752341791 0.7118086120103994 0.7138171487866196 0.7158256855628399 0.7178342223390601 0.7198427591152838 0.7218512958915041 0.7238598326677244 0.7258683694439446 0.7278769062201649 0.7298854429963851 0.7318939797726054 0.7339025165488257 0.7359110533250459 0.7379195901012662 0.7399281268774864 0.7419366636537067 0.743945200429927 0.7459537372061507 0.7479622739823708
0.715253417476609 0.7134903224000229 0.7117272273234366 0.7099641322468474 0.7082010371702613 0.706437942093675 0.7046748470170888 0.7029117519405027 0.7011486568639165 0.6993855617873302 0.697622466710744 0.6958593716341579 0.6940962765575717 0.6923331814809854 0.6923945948230199 0.6944064489188798 0.6964183030147431 0.698430157110603 0.7004420112064629 0.7024538653023228 0.7044657193981827 0.7064775734940426 0.7084894275899024 0.7105012816857623 0.7125131357816222 0.7145249898774821 0.716536843973342 0.718548698069202 0.7205605521650618 0.7225724062609251 0.724584260356785 0.7265961144526449 0.7286079685485048 0.7306198226443648 0.7326316767402246 0.7346435308360845 0.7366553849319444 0.7386672390278043 0.7406790931236642 0.7426909472195241 0.7447028013153839 0.7467146554112438 0.7487265095071072 0.7507383636029671
0.7181529857266763 0.7163735194534745 0.7145940531802727 0.7128145869070678 0.711035120633866 0.7092556543606641 0.7074761880874623 0.7056967218142605 0.7039172555410586 0.7021377892678567 0.700358322994655 0.698578856721453 0.6967993904482512 0.6950199241750494 0.6950744821740643 0.6970896535895639 0.6991048250050668 0.7011199964205663 0.7031351678360659 0.7051503392515653 0.7071655106670649 0.7091806820825645 0.711195853498064 0.7132110249135635 0.715226196329063 0.7172413677445626 0.719256539160062 0.7212717105755616 0.7232868819910612 0.7253020534065641 0.7273172248220636 0.7293323962375632 0.7313475676530627 0.7333627390685622 0.7353779104840618 0.7373930818995613 0.7394082533150608 0.7414234247305603 0.7434385961460599 0.7454537675615593 0.7474689389770589 0.7494841103925585 0.7514992818080615 0.7535144532235609
0.723429491324867 0.7217116280890121 0.7199937648531571 0.7182759016172993 0.7165580383814443 0.7148401751455893 0.7131223119097344 0.7114044486738794 0.7096865854380244 0.7079687222021696 0.7062508589663146 0.7045329957304596 0.7028151324946046 0.7010972692587497 0.7011589059072698 0.7031228681688102 0.705086830430354 0.7070507926918944 0.7090147549534348 0.7109787172149752 0.7129426794765156 0.714906641738056 0.7168706039995963 0.7188345662611367 0.7207985285226771 0.7227624907842175 0.724726453045758 0.7266904153072984 0.7286543775688388 0.7306183398303825 0.7325823020919229 0.7345462643534633 0.7365102266150036 0.738474188876544 0.7404381511380844 0.7424021133996248 0.7443660756611653 0.7463300379227057 0.7482940001842461 0.7502579624457865 0.7522219247073268 0.7541858869688672 0.756149849230411 0.7581138114919513
0.7312467931231134 0.7296738824657747 0.7281009718084359 0.7265280611510944 0.7249551504937556 0.7233822398364168 0.7218093291790781 0.7202364185217394 0.7186635078644006 0.7170905972070618 0.715517686549723 0.7139447758923843 0.7123718652350455 0.7107989545777067 0.7108825644354421 0.7127370321797042 0.7145914999239695 0.7164459676682317 0.7183004354124938 0.7201549031567559 0.722009370901018 0.7238638386452801 0.7257183063895423 0.7275727741338043 0.7294272418780665 0.7312817096223285 0.7331361773665908 0.7349906451108528 0.736845112855115 0.7386995805993802 0.7405540483436424 0.7424085160879045 0.7442629838321666 0.7461174515764287 0.7479719193206908 0.749826387064953 0.7516808548092151 0.7535353225534772 0.7553897902977393 0.7572442580420015 0.7590987257862636 0.7609531935305257 0.7628076612747909 0.7646621290190531
0.7390640949213598 0.7376361368425373 0.7362081787637147 0.7347802206848896 0.733352262606067 0.7319243045272444 0.7304963464484218 0.7290683883695992 0.7276404302907766 0.7262124722119541 0.7247845141331314 0.7233565560543088 0.7219285979754863 0.7205006398966637 0.7206062229636143 0.7223511961905982 0.7240961694175849 0.7258411426445688 0.7275861158715526 0.7293310890985365 0.7310760623255204 0.7328210355525042 0.7345660087794881 0.7363109820064719 0.7380559552334558 0.7398009284604397 0.7415459016874235 0.7432908749144074 0.7450358481413912 0.746780821368378 0.7485257945953618 0.7502707678223457 0.7520157410493296 0.7537607142763134 0.7555056875032973 0.7572506607302811 0.758995633957265 0.7607406071842489 0.7624855804112327 0.7642305536382166 0.7659755268652004 0.7677205000921843 0.769465473319171 0.7712104465461549
0.7468813967196062 0.7455983912192997 0.7443153857189934 0.7430323802186848 0.7417493747183783 0.7404663692180719 0.7391833637177655 0.737900358217459 0.7366173527171527 0.7353343472168462 0.7340513417165397 0.7327683362162334 0.7314853307159269 0.7302023252156206 0.7303298814917863 0.7319653602014919 0.7336008389112003 0.7352363176209059 0.7368717963306115 0.7385072750403171 0.7401427537500227 0.7417782324597283 0.7434137111694339 0.7450491898791395 0.746684668588845 0.7483201472985506 0.7499556260082562 0.7515911047179618 0.7532265834276674 0.7548620621373757 0.7564975408470813 0.7581330195567869 0.7597684982664925 0.761403976976198 0.7630394556859036 0.7646749343956092 0.7663104131053148 0.7679458918150204 0.769581370524726 0.7712168492344316 0.7728523279441372 0.7744878066538428 0.7761232853635511 0.7777587640732566
0.7546986985178527 0.7535606455960624 0.7524225926742721 0.7512845397524799 0.7501464868306897 0.7490084339088995 0.7478703809871092 0.746732328065319 0.7455942751435287 0.7444562222217385 0.7433181692999482 0.742180116378158 0.7410420634563677 0.7399040105345775 0.7400535400199586 0.7415795242123859 0.7431055084048158 0.7446314925972431 0.7461574767896705 0.7476834609820978 0.7492094451745251 0.7507354293669524 0.7522614135593797 0.753787397751807 0.7553133819442344 0.7568393661366617 0.758365350329089 0.7598913345215162 0.7614173187139436 0.7629433029063735 0.7644692870988008 0.7659952712912281 0.7675212554836555 0.7690472396760828 0.7705732238685101 0.7720992080609375 0.7736251922533647 0.775151176445792 0.7766771606382193 0.7782031448306467 0.779729129023074 0.7812551132155012 0.7827810974079312 0.7843070816003586
0.7625160003161056 0.7615228999728316 0.7605297996295577 0.7595366992862821 0.7585435989430082 0.7575504985997342 0.7565573982564602 0.7555642979131862 0.7545711975699123 0.7535780972266384 0.7525849968833644 0.7515918965400905 0.7505987961968166 0.7496056958535426 0.749777198548139 0.7511936882232879 0.7526101778984393 0.7540266675735883 0.7554431572487372 0.7568596469238862 0.7582761365990351 0.7596926262741841 0.7611091159493331 0.762525605624482 0.763942095299631 0.7653585849747799 0.7667750746499289 0.7681915643250777 0.7696080540002267 0.7710245436753781 0.772441033350527 0.773857523025676 0.775274012700825 0.7766905023759739 0.7781069920511229 0.7795234817262718 0.7809399714014208 0.7823564610765698 0.7837729507517187 0.7851894404268677 0.7866059301020165 0.7880224197771655 0.7894389094523169 0.7908553991274658
0.770333302114352 0.7694851543495942 0.7686370065848365 0.7677888588200773 0.7669407110553195 0.7660925632905617 0.765244415525804 0.7643962677610462 0.7635481199962885 0.7626999722315306 0.7618518244667729 0.7610036767020152 0.7601555289372574 0.7593073811724996 0.7595008570763112 0.7608078522341819 0.7621148473920548 0.7634218425499255 0.7647288377077962 0.7660358328656668 0.7673428280235375 0.7686498231814082 0.7699568183392789 0.7712638134971496 0.7725708086550203 0.773877803812891 0.7751847989707615 0.7764917941286322 0.7777987892865029 0.7791057844443758 0.7804127796022465 0.7817197747601172 0.7830267699179879 0.7843337650758586 0.7856407602337292 0.7869477553915999 0.7882547505494706 0.7895617457073413 0.790868740865212 0.7921757360230827 0.7934827311809534 0.7947897263388239 0.7960967214966969 0.7974037166545676
0.7781506039125984 0.7774474087263568 0.7767442135401151 0.7760410183538724 0.7753378231676308 0.7746346279813892 0.7739314327951476 0.773228237608906 0.7725250424226644 0.7718218472364229 0.7711186520501813 0.7704154568639396 0.7697122616776981 0.7690090664914565 0.7692245156044833 0.7704220162450758 0.7716195168856702 0.7728170175262626 0.774014518166855 0.7752120188074474 0.7764095194480398 0.7776070200886323 0.7788045207292247 0.7800020213698171 0.7811995220104095 0.7823970226510019 0.7835945232915943 0.7847920239321867 0.7859895245727792 0.7871870252133736 0.788384525853966 0.7895820264945584 0.7907795271351509 0.7919770277757432 0.7931745284163356 0.794372029056928 0.7955695296975205 0.7967670303381129 0.7979645309787053 0.7991620316192977 0.8003595322598901 0.8015570329004825 0.802754533541077 0.8039520341816694
0.7859679057108447 0.7854096631031193 0.7848514204953939 0.7842931778876676 0.7837349352799422 0.7831766926722168 0.7826184500644914 0.782060207456766 0.7815019648490406 0.7809437222413151 0.7803854796335897 0.7798272370258643 0.7792689944181389 0.7787107518104135 0.7789481741326555 0.7800361802559697 0.7811241863792857 0.7822121925025998 0.7833001986259139 0.7843882047492281 0.7854762108725423 0.7865642169958564 0.7876522231191705 0.7887402292424847 0.7898282353657988 0.790916241489113 0.7920042476124272 0.7930922537357412 0.7941802598590554 0.7952682659823714 0.7963562721056855 0.7974442782289997 0.7985322843523138 0.799620290475628 0.800708296598942 0.8017963027222562 0.8028843088455704 0.8039723149688845 0.8050603210921987 0.8061483272155128 0.8072363333388269 0.8083243394621411 0.8094123455854572 0.8105003517087712
0.7937852075090911 0.7933719174798819 0.7929586274506727 0.7925453374214627 0.7921320473922535 0.7917187573630442 0.791305467333835 0.7908921773046258 0.7904788872754165 0.7900655972462073 0.7896523072169981 0.7892390171877888 0.7888257271585796 0.7884124371293704 0.7886718326608276 0.7896503442668635 0.7906288558729011 0.7916073674789369 0.7925858790849728 0.7935643906910087 0.7945429022970446 0.7955214139030804 0.7964999255091163 0.7974784371151522 0.798456948721188 0.7994354603272239 0.8004139719332598 0.8013924835392957 0.8023709951453315 0.8033495067513691 0.804328018357405 0.8053065299634409 0.8062850415694767 0.8072635531755126 0.8082420647815485 0.8092205763875843 0.8101990879936202 0.8111775995996561 0.812156111205692 0.8131346228117278 0.8141131344177637 0.8150916460237996 0.8160701576298371 0.8170486692358729
0.8016025093073376 0.8013341718566445 0.8010658344059515 0.8007974969552579 0.8005291595045648 0.8002608220538718 0.7999924846031787 0.7997241471524856 0.7994558097017926 0.7991874722510995 0.7989191348004065 0.7986507973497134 0.7983824598990203 0.7981141224483274 0.7983954911889999 0.7992645082777574 0.8001335253665165 0.8010025424552741 0.8018715595440318 0.8027405766327893 0.8036095937215469 0.8044786108103046 0.8053476278990621 0.8062166449878198 0.8070856620765774 0.8079546791653349 0.8088236962540926 0.8096927133428501 0.8105617304316077 0.8114307475203668 0.8122997646091245 0.813168781697882 0.8140377987866396 0.8149068158753973 0.8157758329641548 0.8166448500529124 0.8175138671416701 0.8183828842304276 0.8192519013191852 0.8201209184079428 0.8209899354967004 0.821858952585458 0.8227279696742171 0.8235969867629747
0.8094198111055906 0.8092964262334138 0.809173041361237 0.80904965648906 0.8089262716168832 0.8088028867447066 0.8086795018725298 0.808556117000353 0.8084327321281762 0.8083093472559995 0.8081859623838227 0.808062577511646 0.8079391926394692 0.8078158077672924 0.8081191497171802 0.8088786722886595 0.80963819486014 0.8103977174316193 0.8111572400030985 0.8119167625745778 0.8126762851460569 0.8134358077175362 0.8141953302890155 0.8149548528604947 0.815714375431974 0.8164738980034532 0.8172334205749324 0.8179929431464117 0.818752465717891 0.8195119882893714 0.8202715108608507 0.82103103343233 0.8217905560038092 0.8225500785752884 0.8233096011467677 0.8240691237182469 0.8248286462897262 0.8255881688612055 0.8263476914326846 0.8271072140041639 0.8278667365756431 0.8286262591471224 0.8293857817186029 0.8301453042900822
