Figures/CREST_Example_wjb_NSE/PETs/wjb.pet.20091023.asc
ncols            288
nrows            254
xllcorner        113.274861
yllcorner        31.4918055
cellsize         0.008333333333
NODATA_value     -9999
[rows 140 to 159 of 254, columns 88 to 131 of 288]
1.6870285569059695 1.6863971232784756 1.6857656896509818 1.685134256023487 1.684502822395993 1.6838713887684993 1.6832399551410056 1.6826085215135116 1.6819770878860179 1.6813456542585241 1.6807142206310302 1.6800827870035364 1.6794513533760427 1.6788199197485487 1.6773380638949815 1.6749470874526768 1.6725561110103682 1.6701651345680635 1.6677741581257588 1.6653831816834541 1.6629922052411497 1.660601228798845 1.6582102523565403 1.6558192759142356 1.653428299471931 1.6510373230296262 1.6486463465873218 1.646255370145017 1.6438643937027124 1.6414734172604037 1.639082440818099 1.6366914643757944 1.6343004879334897 1.631909511491185 1.6295185350488806 1.6271275586065759 1.6247365821642712 1.6223456057219665 1.6199546292796618 1.6175636528373571 1.6151726763950527 1.612781699952748 1.6103907235104393 1.6079997470681346
1.6904075702632515 1.6898326013166882 1.6892576323701247 1.6886826634235605 1.688107694476997 1.6875327255304338 1.6869577565838705 1.6863827876373072 1.685807818690744 1.6852328497441804 1.6846578807976171 1.6840829118510539 1.6835079429044906 1.6829329739579273 1.6814805118242002 1.6790899896322233 1.6766994674402425 1.6743089452482658 1.671918423056289 1.6695279008643122 1.6671373786723354 1.6647468564803587 1.6623563342883818 1.6599658120964051 1.6575752899044283 1.6551847677124516 1.6527942455204747 1.650403723328498 1.6480132011365212 1.6456226789445403 1.6432321567525636 1.6408416345605867 1.63845111236861 1.6360605901766332 1.6336700679846565 1.6312795457926796 1.628889023600703 1.626498501408726 1.6241079792167494 1.6217174570247725 1.6193269348327959 1.616936412640819 1.6145458904488381 1.6121553682568615
1.6937865836205335 1.6932680793549006 1.6927495750892678 1.692231070823634 1.6917125665580013 1.6911940622923685 1.6906755580267354 1.6901570537611026 1.6896385494954698 1.689120045229837 1.6886015409642041 1.6880830366985713 1.6875645324329385 1.6870460281673056 1.6856229597534187 1.6832328918117698 1.680842823870117 1.6784527559284679 1.676062687986819 1.6736726200451701 1.6712825521035213 1.6688924841618724 1.6665024162202233 1.6641123482785745 1.6617222803369256 1.6593322123952767 1.6569421444536279 1.6545520765119788 1.65216200857033 1.649771940628677 1.647381872687028 1.644991804745379 1.6426017368037302 1.6402116688620814 1.6378216009204325 1.6354315329787834 1.6330414650371345 1.6306513970954857 1.6282613291538368 1.625871261212188 1.623481193270539 1.62109112532889 1.6187010573872371 1.6163109894455883
1.6971655969778154 1.696703557393113 1.6962415178084107 1.6957794782237077 1.6953174386390053 1.694855399054303 1.6943933594696006 1.6939313198848982 1.6934692803001958 1.6930072407154935 1.692545201130791 1.6920831615460887 1.6916211219613864 1.691159082376684 1.6897654076826374 1.6873757939913163 1.6849861802999913 1.6825965666086702 1.6802069529173491 1.677817339226028 1.675427725534707 1.673038111843386 1.6706484981520648 1.6682588844607438 1.665869270769423 1.6634796570781019 1.6610900433867808 1.6587004296954597 1.6563108160041387 1.6539212023128136 1.6515315886214925 1.6491419749301715 1.6467523612388504 1.6443627475475293 1.6419731338562082 1.6395835201648872 1.637193906473566 1.634804292782245 1.632414679090924 1.6300250653996031 1.627635451708282 1.625245838016961 1.6228562243256357 1.6204666106343149
1.7005446103351003 1.7001390354313286 1.6997334605275567 1.6993278856237841 1.6989223107200124 1.6985167358162405 1.6981111609124686 1.697705586008697 1.697300011104925 1.6968944362011533 1.6964888612973814 1.6960832863936095 1.6956777114898378 1.695272136586066 1.6939078556118596 1.6915186961708664 1.689129536729869 1.686740377288876 1.6843512178478828 1.6819620584068895 1.6795728989658965 1.6771837395249032 1.6747945800839101 1.6724054206429169 1.6700162612019236 1.6676271017609305 1.6652379423199373 1.6628487828789442 1.660459623437951 1.6580704639969537 1.6556813045559606 1.6532921451149674 1.650902985673974 1.648513826232981 1.6461246667919878 1.6437355073509947 1.6413463479100014 1.6389571884690082 1.6365680290280151 1.6341788695870219 1.6317897101460288 1.6294005507050355 1.6270113912640383 1.624622231823045
1.7039236236923823 1.703574513469541 1.7032254032466996 1.7028762930238577 1.7025271828010164 1.702178072578175 1.7018289623553338 1.7014798521324923 1.701130741909651 1.7007816316868096 1.7004325214639684 1.700083411241127 1.6997343010182857 1.6993851907954445 1.698050303541078 1.6956615983504129 1.6932728931597436 1.6908841879690781 1.6884954827784129 1.6861067775877476 1.6837180723970822 1.681329367206417 1.6789406620157517 1.6765519568250864 1.674163251634421 1.6717745464437557 1.6693858412530904 1.666997136062425 1.6646084308717597 1.6622197256810904 1.659831020490425 1.6574423152997597 1.6550536101090945 1.6526649049184292 1.6502761997277637 1.6478874945370985 1.6454987893464332 1.6431100841557678 1.6407213789651025 1.6383326737744373 1.635943968583772 1.6335552633931065 1.6311665582024373 1.6287778530117718
1.7073026370496645 1.7070099915077535 1.7067173459658427 1.7064247004239312 1.7061320548820205 1.7058394093401097 1.7055467637981987 1.705254118256288 1.7049614727143771 1.7046688271724662 1.7043761816305554 1.7040835360886446 1.7037908905467336 1.7034982450048228 1.7021927514702968 1.6998045005299594 1.697416249589618 1.6950279986492804 1.692639747708943 1.6902514967686055 1.687863245828268 1.6854749948879306 1.6830867439475932 1.6806984930072557 1.6783102420669183 1.6759219911265808 1.6735337401862433 1.671145489245906 1.6687572383055684 1.666368987365227 1.6639807364248895 1.661592485484552 1.6592042345442146 1.6568159836038772 1.6544277326635397 1.6520394817232023 1.6496512307828648 1.6472629798425273 1.6448747289021899 1.6424864779618527 1.6400982270215152 1.6377099760811777 1.635321725140836 1.6329334742004986
1.7106816504069462 1.7104454695459659 1.7102092886849856 1.7099731078240048 1.7097369269630243 1.709500746102044 1.7092645652410636 1.7090283843800833 1.7087922035191028 1.7085560226581225 1.7083198417971421 1.7080836609361618 1.7078474800751813 1.707611299214201 1.7063351993995153 1.7039474027095056 1.701559606019492 1.6991718093294825 1.6967840126394729 1.6943962159494632 1.6920084192594538 1.6896206225694441 1.6872328258794345 1.684845029189425 1.6824572324994154 1.6800694358094057 1.6776816391193963 1.6752938424293866 1.6729060457393772 1.6705182490493635 1.6681304523593539 1.6657426556693442 1.6633548589793348 1.6609670622893251 1.6585792655993155 1.656191468909306 1.6538036722192964 1.6514158755292867 1.6490280788392773 1.6466402821492676 1.644252485459258 1.6418646887692485 1.6394768920792349 1.6370890953892252
1.7140793425736591 1.7138129141896368 1.7135464858056142 1.7132800574215912 1.7130136290375688 1.7127472006535462 1.7124807722695239 1.7122143438855013 1.7119479155014787 1.7116814871174564 1.7114150587334338 1.7111486303494114 1.7108822019653889 1.7106157735813665 1.7093351868276139 1.7069704418452851 1.7046056968629522 1.7022409518806232 1.6998762068982942 1.6975114619159655 1.6951467169336365 1.6927819719513075 1.6904172269689788 1.6880524819866498 1.6856877370043208 1.6833229920219919 1.6809582470396631 1.6785935020573342 1.6762287570750052 1.6738640120926722 1.6714992671103435 1.6691345221280145 1.6667697771456855 1.6644050321633568 1.6620402871810278 1.6596755421986988 1.65731079721637 1.6549460522340411 1.6525813072517122 1.6502165622693832 1.6478518172870544 1.6454870723047255 1.6431223273223925 1.6407575823400635
1.7174970012101796 1.7171076354232293 1.7167182696362788 1.716328903849328 1.7159395380623774 1.715550172275427 1.7151608064884767 1.7147714407015262 1.714382074914576 1.7139927091276255 1.7136033433406752 1.7132139775537247 1.7128246117667743 1.712435245979824 1.7111139559984012 1.7087964179811654 1.7064788799639257 1.7041613419466897 1.701843803929454 1.6995262659122181 1.6972087278949823 1.6948911898777466 1.6925736518605108 1.6902561138432748 1.687938575826039 1.6856210378088032 1.6833034997915675 1.6809859617743317 1.678668423757096 1.6763508857398561 1.6740333477226201 1.6717158097053844 1.6693982716881486 1.6670807336709128 1.664763195653677 1.6624456576364413 1.6601281196192053 1.6578105816019695 1.6554930435847337 1.653175505567498 1.6508579675502622 1.6485404295330262 1.6462228915157864 1.6439053534985506
1.720914659846703 1.7204023566568247 1.7198900534669463 1.719377750277067 1.7188654470871887 1.7183531438973103 1.717840840707432 1.7173285375175535 1.7168162343276752 1.7163039311377968 1.7157916279479184 1.71527932475804 1.7147670215681616 1.7142547183782832 1.71289272516919 1.7106223941170473 1.7083520630649007 1.706081732012758 1.7038114009606153 1.7015410699084725 1.69927073885633 1.6970004078041871 1.6947300767520446 1.6924597456999018 1.6901894146477592 1.6879190835956164 1.6856487525434738 1.683378421491331 1.6811080904391884 1.6788377593870418 1.676567428334899 1.6742970972827564 1.6720267662306136 1.669756435178471 1.6674861041263283 1.6652157730741857 1.6629454420220429 1.6606751109699003 1.6584047799177575 1.656134448865615 1.653864117813472 1.6515937867613295 1.649323455709183 1.6470531246570401
1.7243323184832235 1.7236970778904173 1.723061837297611 1.7224265967048036 1.7217913561119973 1.721156115519191 1.7205208749263847 1.7198856343335784 1.7192503937407722 1.7186151531479659 1.7179799125551596 1.7173446719623533 1.716709431369547 1.7160741907767407 1.714671494339977 1.7124483702529274 1.710225246165874 1.7080021220788244 1.7057789979917748 1.7035558739047252 1.7013327498176756 1.6991096257306262 1.6968865016435766 1.694663377556527 1.6924402534694774 1.6902171293824277 1.6879940052953781 1.6857708812083285 1.683547757121279 1.6813246330342255 1.679101508947176 1.6768783848601263 1.6746552607730767 1.672432136686027 1.6702090125989775 1.6679858885119279 1.6657627644248783 1.6635396403378286 1.661316516250779 1.6590933921637294 1.6568702680766798 1.6546471439896302 1.6524240199025768 1.6502008958155272
1.727749977119744 1.7269917991240098 1.7262336211282756 1.72547544313254 1.724717265136806 1.7239590871410717 1.7232009091453375 1.7224427311496033 1.7216845531538691 1.720926375158135 1.7201681971624008 1.7194100191666666 1.7186518411709324 1.7178936631751982 1.7164502635107644 1.7142743463888077 1.7120984292668475 1.709922512144891 1.7077465950229345 1.705570677900978 1.7033947607790214 1.701218843657065 1.6990429265351084 1.696867009413152 1.6946910922911953 1.6925151751692389 1.6903392580472822 1.6881633409253258 1.6859874238033692 1.683811506681409 1.6816355895594526 1.679459672437496 1.6772837553155395 1.6751078381935829 1.6729319210716265 1.6707560039496698 1.6685800868277134 1.666404169705757 1.6642282525838004 1.662052335461844 1.6598764183398873 1.6577005012179309 1.6555245840959705 1.653348666974014
1.7311676357562644 1.7302865203576023 1.7294054049589402 1.7285242895602768 1.7276431741616147 1.7267620587629526 1.7258809433642905 1.7249998279656285 1.7241187125669664 1.7232375971683043 1.7223564817696422 1.72147536637098 1.720594250972318 1.719713135573656 1.7182290326815515 1.716100322524688 1.713971612367821 1.7118429022109576 1.7097141920540941 1.7075854818972307 1.7054567717403672 1.7033280615835038 1.7011993514266404 1.699070641269777 1.6969419311129135 1.69481322095605 1.6926845107991866 1.6905558006423234 1.68842709048546 1.6862983803285927 1.6841696701717292 1.6820409600148658 1.6799122498580026 1.6777835397011391 1.6756548295442757 1.6735261193874122 1.6713974092305488 1.6692686990736854 1.667139988916822 1.6650112787599585 1.662882568603095 1.6607538584462316 1.6586251482893646 1.6564964381325011
1.7345852943927849 1.7335812415911949 1.7325771887896049 1.7315731359880133 1.7305690831864233 1.7295650303848333 1.7285609775832433 1.7275569247816533 1.7265528719800634 1.7255488191784734 1.7245447663768834 1.7235407135752934 1.7225366607737034 1.7215326079721134 1.7200078018523386 1.7179262986605683 1.7158447954687943 1.713763292277024 1.7116817890852538 1.7096002858934833 1.707518782701713 1.7054372795099426 1.7033557763181724 1.701274273126402 1.6991927699346316 1.6971112667428614 1.695029763551091 1.6929482603593207 1.6908667571675502 1.6887852539757764 1.686703750784006 1.6846222475922357 1.6825407444004654 1.680459241208695 1.6783777380169247 1.6762962348251542 1.674214731633384 1.6721332284416135 1.6700517252498432 1.6679702220580728 1.6658887188663025 1.6638072156745323 1.6617257124827582 1.659644209290988
1.7380029530293053 1.7368759628247874 1.7357489726202695 1.7346219824157496 1.7334949922112317 1.7323680020067138 1.731241011802196 1.730114021597678 1.7289870313931601 1.7278600411886422 1.7267330509841243 1.7256060607796064 1.7244790705750885 1.7233520803705706 1.7217865710231257 1.7197522747964484 1.7177179785697676 1.7156836823430903 1.713649386116413 1.711615089889736 1.7095807936630587 1.7075464974363814 1.7055122012097041 1.7034779049830269 1.7014436087563496 1.6994093125296723 1.6973750163029953 1.695340720076318 1.6933064238496407 1.6912721276229599 1.6892378313962828 1.6872035351696055 1.6851692389429282 1.683134942716251 1.6811006464895737 1.6790663502628964 1.6770320540362191 1.6749977578095419 1.6729634615828648 1.6709291653561875 1.6688948691295102 1.666860572902833 1.6648262766761524 1.662791980449475
1.7414206116658257 1.74017068405838 1.7389207564509341 1.7376708288434861 1.7364209012360403 1.7351709736285947 1.733921046021149 1.7326711184137031 1.7314211908062573 1.7301712631988115 1.7289213355913657 1.72767140798392 1.7264214803764741 1.7251715527690283 1.7235653401939128 1.7215782509323285 1.719591161670741 1.717604072409157 1.7156169831475727 1.7136298938859886 1.7116428046244043 1.7096557153628202 1.7076686261012362 1.7056815368396518 1.7036944475780678 1.7017073583164837 1.6997202690548994 1.6977331797933153 1.6957460905317312 1.6937590012701436 1.6917719120085595 1.6897848227469752 1.687797733485391 1.6858106442238068 1.6838235549622227 1.6818364657006386 1.6798493764390543 1.6778622871774702 1.6758751979158861 1.6738881086543018 1.6719010193927177 1.6699139301311337 1.667926840869546 1.665939751607962
1.744838270302349 1.7434654052919754 1.7420925402816014 1.7407196752712255 1.7393468102608516 1.7379739452504779 1.736601080240104 1.7352282152297303 1.7338553502193563 1.7324824852089826 1.731109620198609 1.729736755188235 1.7283638901778613 1.7269910251674874 1.7253441093647015 1.7234042270682106 1.7214643447717162 1.719524462475225 1.7175845801787342 1.715644697882243 1.713704815585752 1.711764933289261 1.70982505099277 1.7078851686962788 1.705945286399788 1.7040054041032968 1.7020655218068057 1.7001256395103148 1.6981857572138237 1.6962458749173295 1.6943059926208384 1.6923661103243473 1.6904262280278564 1.6884863457313652 1.6865464634348741 1.6846065811383832 1.6826666988418921 1.680726816545401 1.6787869342489101 1.676847051952419 1.674907169655928 1.672967287359437 1.6710274050629426 1.6690875227664514
1.7482559289388697 1.746760126525568 1.7452643241122663 1.743768521698962 1.7422727192856604 1.7407769168723586 1.739281114459057 1.7377853120457551 1.7362895096324535 1.734793707219152 1.73329790480585 1.7318021023925485 1.7303062999792467 1.728810497565945 1.7271228785354888 1.7252302032040907 1.7233375278726897 1.7214448525412918 1.7195521772098936 1.7176595018784957 1.7157668265470978 1.7138741512156999 1.711981475884302 1.710088800552904 1.7081961252215059 1.706303449890108 1.70441077455871 1.7025180992273121 1.7006254238959142 1.698732748564513 1.696840073233115 1.6949473979017171 1.6930547225703192 1.691162047238921 1.6892693719075231 1.6873766965761252 1.6854840212447273 1.6835913459133294 1.6816986705819315 1.6798059952505333 1.6779133199191354 1.6760206445877375 1.6741279692563362 1.6722352939249383
1.7516735875753902 1.7500548477591604 1.748436107942931 1.7468173681266985 1.745198628310469 1.7435798884942393 1.7419611486780098 1.7403424088617803 1.7387236690455505 1.737104929229321 1.7354861894130913 1.7338674495968618 1.7322487097806323 1.7306299699644025 1.728901647706276 1.727056179339971 1.725210710973663 1.7233652426073582 1.7215197742410533 1.7196743058747486 1.7178288375084436 1.7159833691421387 1.714137900775834 1.712292432409529 1.710446964043224 1.7086014956769193 1.7067560273106144 1.7049105589443097 1.7030650905780047 1.7012196222116966 1.6993741538453917 1.697528685479087 1.695683217112782 1.6938377487464773 1.6919922803801724 1.6901468120138674 1.6883013436475627 1.6864558752812577 1.684610406914953 1.682764938548648 1.6809194701823431 1.6790740018160384 1.6772285334497303 1.6753830650834254
