Figures/CREST_Example_wjb_NSE/PETs/wjb.pet.20091105.asc
ncols            288
nrows            254
xllcorner        113.274861
yllcorner        31.4918055
cellsize         0.008333333333
NODATA_value     -9999
[rows 40 to 59 of 254, columns 88 to 131 of 288]
1.2198107197583186 1.2203154061815809 1.2208200926048431 1.2213247790281063 1.2218294654513686 1.2223341518746311 1.2228388382978934 1.2233435247211557 1.223848211144418 1.2243528975676803 1.2248575839909426 1.225362270414205 1.2258669568374674 1.2263716432607297 1.2260618786800233 1.2248814475603618 1.2237010164406983 1.2225205853210368 1.2213401542013755 1.220159723081714 1.2189792919620526 1.217798860842391 1.2166184297227296 1.2154379986030681 1.2142575674834069 1.2130771363637454 1.2118967052440839 1.2107162741244224 1.209535843004761 1.2083554118850974 1.2071749807654362 1.2059945496457747 1.2048141185261132 1.2036336874064517 1.2024532562867902 1.2012728251671287 1.2000923940474675 1.198911962927806 1.1977315318081445 1.196551100688483 1.1953706695688215 1.1941902384491603 1.1930098073294968 1.1918293762098353
1.2229185246656986 1.223489936723546 1.2240613487813932 1.2246327608392413 1.2252041728970886 1.2257755849549357 1.226346997012783 1.2269184090706302 1.2274898211284773 1.2280612331863245 1.2286326452441718 1.229204057302019 1.2297754693598661 1.2303468814177134 1.2300475287934538 1.2288173090349899 1.2275870892765237 1.2263568695180598 1.2251266497595958 1.223896430001132 1.2226662102426678 1.2214359904842038 1.2202057707257399 1.218975550967276 1.217745331208812 1.216515111450348 1.215284891691884 1.21405467193342 1.212824452174956 1.21159423241649 1.210364012658026 1.209133792899562 1.207903573141098 1.2066733533826342 1.20544313362417 1.204212913865706 1.2029826941072421 1.2017524743487782 1.2005222545903143 1.19929203483185 1.1980618150733862 1.1968315953149222 1.195601375556456 1.1943711557979921
1.2260263295730787 1.226664467265511 1.227302604957943 1.2279407426503761 1.2285788803428084 1.2292170180352404 1.2298551557276725 1.2304932934201045 1.2311314311125368 1.2317695688049688 1.2324077064974008 1.233045844189833 1.2336839818822651 1.2343221195746972 1.2340331789068844 1.232753170509618 1.2314731621123491 1.2301931537150828 1.2289131453178161 1.2276331369205498 1.2263531285232832 1.2250731201260165 1.2237931117287502 1.2225131033314836 1.2212330949342172 1.2199530865369506 1.2186730781396842 1.2173930697424176 1.2161130613451512 1.2148330529478824 1.213553044550616 1.2122730361533494 1.210993027756083 1.2097130193588164 1.2084330109615498 1.2071530025642834 1.2058729941670168 1.2045929857697504 1.2033129773724838 1.2020329689752174 1.2007529605779508 1.1994729521806842 1.1981929437834156 1.1969129353861492
1.229134134480459 1.229838997807476 1.230543861134493 1.2312487244615111 1.2319535877885281 1.2326584511155452 1.2333633144425622 1.2340681777695792 1.2347730410965962 1.2354779044236133 1.2361827677506303 1.2368876310776473 1.2375924944046643 1.2382973577316811 1.2380188290203151 1.236689031984246 1.2353592349481748 1.2340294379121057 1.2326996408760367 1.2313698438399676 1.2300400468038986 1.2287102497678295 1.2273804527317604 1.2260506556956914 1.2247208586596225 1.2233910616235535 1.2220612645874844 1.2207314675514154 1.2194016705153463 1.218071873479275 1.216742076443206 1.215412279407137 1.2140824823710679 1.2127526853349988 1.2114228882989297 1.2100930912628607 1.2087632942267916 1.2074334971907226 1.2061037001546535 1.2047739031185845 1.2034441060825154 1.2021143090464463 1.200784512010375 1.199454714974306
1.232241939387839 1.233013528349441 1.2337851173110428 1.2345567062726461 1.235328295234248 1.23609988419585 1.2368714731574517 1.2376430621190537 1.2384146510806555 1.2391862400422575 1.2399578290038593 1.2407294179654613 1.241501006927063 1.2422725958886651 1.2420044791337457 1.2406248934588742 1.2392453077840002 1.2378657221091287 1.2364861364342572 1.2351065507593855 1.233726965084514 1.2323473794096425 1.2309677937347707 1.2295882080598992 1.2282086223850277 1.226829036710156 1.2254494510352845 1.224069865360413 1.2226902796855412 1.2213106940106673 1.2199311083357958 1.2185515226609243 1.2171719369860525 1.215792351311181 1.2144127656363095 1.2130331799614378 1.2116535942865663 1.2102740086116948 1.208894422936823 1.2075148372619515 1.20613525158708 1.2047556659122085 1.2033760802373346 1.2019964945624628
1.2353497442952193 1.236188058891406 1.2370263734875928 1.2378646880837811 1.238703002679968 1.2395413172761547 1.2403796318723415 1.2412179464685282 1.242056261064715 1.2428945756609018 1.2437328902570888 1.2445712048532755 1.2454095194494623 1.246247834045649 1.2459901292471767 1.2445607549335025 1.2431313806198259 1.2417020063061517 1.2402726319924777 1.2388432576788035 1.2374138833651294 1.2359845090514554 1.2345551347377812 1.233125760424107 1.2316963861104329 1.230267011796759 1.2288376374830847 1.2274082631694105 1.2259788888557364 1.22454951454206 1.2231201402283858 1.2216907659147116 1.2202613916010376 1.2188320172873635 1.2174026429736893 1.215973268660015 1.2145438943463411 1.213114520032667 1.2116851457189928 1.2102557714053188 1.2088263970916446 1.2073970227779705 1.2059676484642938 1.2045382741506199
1.2384575492026022 1.239362589433374 1.2402676296641457 1.241172669894919 1.2420777101256908 1.2429827503564623 1.243887790587234 1.2447928308180058 1.2456978710487776 1.2466029112795494 1.2475079515103211 1.2484129917410929 1.2493180319718646 1.2502230722026364 1.2499757793606108 1.248496616408134 1.2470174534556548 1.245538290503178 1.2440591275507014 1.2425799645982247 1.241100801645748 1.2396216386932712 1.2381424757407946 1.236663312788318 1.2351841498358411 1.2337049868833645 1.2322258239308879 1.230746660978411 1.2292674980259344 1.2277883350734553 1.2263091721209785 1.2248300091685018 1.2233508462160252 1.2218716832635483 1.2203925203110717 1.218913357358595 1.2174341944061182 1.2159550314536416 1.214475868501165 1.2129967055486883 1.2115175425962115 1.2100383796437348 1.2085592166912555 1.207080053738779
1.2415653541099823 1.242537119975339 1.2435088858406955 1.2444806517060538 1.2454524175714106 1.246424183436767 1.2473959493021238 1.2483677151674804 1.249339481032837 1.2503112468981936 1.2512830127635504 1.2522547786289069 1.2532265444942636 1.2541983103596201 1.2539614294740413 1.252432477882762 1.2509035262914803 1.249374574700201 1.2478456231089217 1.2463166715176426 1.2447877199263633 1.243258768335084 1.241729816743805 1.2402008651525256 1.2386719135612463 1.2371429619699672 1.235614010378688 1.2340850587874086 1.2325561071961295 1.2310271556048475 1.2294982040135685 1.2279692524222892 1.2264403008310099 1.2249113492397308 1.2233823976484515 1.2218534460571722 1.220324494465893 1.2187955428746138 1.2172665912833345 1.2157376396920554 1.214208688100776 1.2126797365094968 1.211150784918215 1.2096218333269357
1.2446731590173625 1.245711650517304 1.2467501420172455 1.2477886335171888 1.2488271250171303 1.2498656165170718 1.2509041080170133 1.251942599516955 1.2529810910168966 1.254019582516838 1.2550580740167796 1.256096565516721 1.2571350570166626 1.2581735485166041 1.257947079587472 1.2563683393573903 1.254789599127306 1.2532108588972242 1.2516321186671424 1.2500533784370607 1.2484746382069787 1.246895897976897 1.2453171577468152 1.2437384175167334 1.2421596772866517 1.24058093705657 1.2390021968264882 1.2374234565964064 1.2358447163663246 1.2342659761362402 1.2326872359061585 1.2311084956760767 1.229529755445995 1.2279510152159132 1.2263722749858312 1.2247935347557495 1.2232147945256677 1.221636054295586 1.2200573140655042 1.2184785738354225 1.2168998336053407 1.215321093375259 1.2137423531451745 1.2121636129150928
1.2477809639247426 1.248886181059269 1.2499913981937953 1.2510966153283238 1.25220183246285 1.2533070495973766 1.254412266731903 1.2555174838664294 1.2566227010009559 1.2577279181354823 1.2588331352700086 1.2599383524045351 1.2610435695390616 1.2621487866735879 1.2619327297009026 1.2603042008320184 1.2586756719631313 1.257047143094247 1.2554186142253627 1.2537900853564783 1.252161556487594 1.2505330276187099 1.2489044987498255 1.2472759698809412 1.2456474410120568 1.2440189121431726 1.2423903832742882 1.240761854405404 1.2391333255365198 1.2375047966676327 1.2358762677987483 1.234247738929864 1.2326192100609796 1.2309906811920954 1.229362152323211 1.2277336234543268 1.2261050945854426 1.2244765657165582 1.222848036847674 1.2212195079787895 1.2195909791099053 1.217962450241021 1.216333921372134 1.2147053925032496
1.2508887688321229 1.252060711601234 1.2532326543703454 1.2544045971394588 1.25557653990857 1.2567484826776814 1.2579204254467928 1.259092368215904 1.2602643109850153 1.2614362537541266 1.262608196523238 1.2637801392923493 1.2649520820614606 1.266124024830572 1.2659183798143334 1.2642400623066465 1.262561744798957 1.2608834272912701 1.2592051097835832 1.2575267922758964 1.2558484747682095 1.2541701572605228 1.252491839752836 1.250813522245149 1.2491352047374622 1.2474568872297753 1.2457785697220884 1.2441002522144018 1.242421934706715 1.2407436171990252 1.2390652996913383 1.2373869821836514 1.2357086646759647 1.2340303471682779 1.232352029660591 1.230673712152904 1.2289953946452172 1.2273170771375304 1.2256387596298435 1.2239604421221568 1.22228212461447 1.220603807106783 1.2189254895990933 1.2172471720914064
1.253996573739503 1.2552352421431991 1.2564739105468954 1.2577125789505936 1.2589512473542899 1.2601899157579861 1.2614285841616824 1.2626672525653786 1.2639059209690746 1.2651445893727709 1.266383257776467 1.2676219261801633 1.2688605945838596 1.2700992629875558 1.269904029927764 1.2681759237812746 1.2664478176347824 1.264719711488293 1.2629916053418035 1.2612634991953142 1.259535393048825 1.2578072869023356 1.2560791807558462 1.2543510746093567 1.2526229684628674 1.250894862316378 1.2491667561698887 1.2474386500233994 1.2457105438769098 1.2439824377304176 1.2422543315839283 1.2405262254374387 1.2387981192909494 1.23707001314446 1.2353419069979708 1.2336138008514814 1.2318856947049919 1.2301575885585025 1.2284294824120132 1.226701376265524 1.2249732701190346 1.223245163972545 1.2215170578260528 1.2197889516795635
1.2571043786468832 1.2584097726851642 1.2597151667234454 1.2610205607617286 1.2623259548000099 1.2636313488382909 1.264936742876572 1.266242136914853 1.2675475309531343 1.2688529249914153 1.2701583190296966 1.2714637130679776 1.2727691071062588 1.2740745011445398 1.273889680041195 1.272111785255903 1.270333890470608 1.268555995685316 1.2667781009000243 1.2650002061147323 1.2632223113294403 1.2614444165441485 1.2596665217588565 1.2578886269735647 1.2561107321882727 1.2543328374029807 1.252554942617689 1.250777047832397 1.2489991530471052 1.24722125826181 1.2454433634765183 1.2436654686912263 1.2418875739059343 1.2401096791206425 1.2383317843353505 1.2365538895500587 1.2347759947647667 1.2329980999794747 1.231220205194183 1.229442310408891 1.2276644156235992 1.2258865208383072 1.2241086260530123 1.2223307312677203
1.260212183554266 1.2615843032271319 1.2629564228999979 1.2643285425728663 1.2657006622457325 1.2670727819185985 1.2684449015914645 1.2698170212643305 1.2711891409371967 1.2725612606100627 1.2739333802829287 1.275305499955795 1.2766776196286609 1.2780497393015269 1.2778753301546288 1.2760476467305344 1.2742199633064366 1.2723922798823422 1.2705645964582477 1.2687369130341533 1.2669092296100588 1.2650815461859644 1.26325386276187 1.2614261793377752 1.2595984959136808 1.2577708124895863 1.2559431290654919 1.2541154456413974 1.252287762217303 1.2504600787932054 1.2486323953691107 1.2468047119450163 1.2449770285209218 1.2431493450968274 1.241321661672733 1.2394939782486385 1.237666294824544 1.2358386114004494 1.234010927976355 1.2321832445522605 1.230355561128166 1.2285278777040716 1.226700194279974 1.2248725108558796
1.2633199884616462 1.2647588337690971 1.266197679076548 1.2676365243840013 1.2690753696914523 1.2705142149989033 1.2719530603063542 1.2733919056138052 1.2748307509212562 1.2762695962287072 1.2777084415361581 1.279147286843609 1.2805861321510599 1.2820249774585109 1.2818609802680596 1.2799835082051625 1.2781060361422623 1.2762285640793654 1.2743510920164682 1.2724736199535713 1.2705961478906742 1.2687186758277773 1.2668412037648802 1.2649637317019833 1.2630862596390862 1.261208787576189 1.2593313155132921 1.257453843450395 1.2555763713874981 1.2536988993245979 1.2518214272617008 1.2499439551988039 1.2480664831359067 1.2461890110730098 1.2443115390101127 1.2424340669472158 1.2405565948843187 1.2386791228214218 1.2368016507585247 1.2349241786956275 1.2330467066327306 1.2311692345698335 1.2292917625069333 1.2274142904440364
1.2664277933690262 1.267933364311062 1.269438935253098 1.2709445061951363 1.272450077137172 1.273955648079208 1.2754612190212438 1.2769667899632797 1.2784723609053155 1.2799779318473514 1.2814835027893872 1.282989073731423 1.2844946446734589 1.2860002156154946 1.2858466303814902 1.2839193696797906 1.2819921089780877 1.2800648482763881 1.2781375875746888 1.2762103268729892 1.2742830661712896 1.27235580546959 1.2704285447678905 1.268501284066191 1.2665740233644913 1.2646467626627917 1.2627195019610922 1.2607922412593926 1.258864980557693 1.2569377198559903 1.2550104591542908 1.2530831984525912 1.2511559377508916 1.249228677049192 1.2473014163474925 1.245374155645793 1.2434468949440933 1.241519634242394 1.2395923735406944 1.2376651128389948 1.2357378521372953 1.2338105914355957 1.2318833307338928 1.2299560700321932
1.2695355982764065 1.2711078948530272 1.272680191429648 1.2742524880062713 1.275824784582892 1.2773970811595128 1.2789693777361335 1.2805416743127542 1.282113970889375 1.2836862674659957 1.2852585640426164 1.2868308606192371 1.288403157195858 1.2899754537724788 1.289832280494921 1.287855231154419 1.2858781818139133 1.2839011324734113 1.2819240831329093 1.279947033792407 1.277969984451905 1.275992935111403 1.2740158857709007 1.2720388364303987 1.2700617870898967 1.2680847377493947 1.2661076884088924 1.2641306390683904 1.2621535897278884 1.2601765403873828 1.2581994910468808 1.2562224417063788 1.2542453923658765 1.2522683430253745 1.2502912936848725 1.2483142443443702 1.2463371950038682 1.2443601456633662 1.242383096322864 1.240406046982362 1.2384289976418599 1.2364519483013576 1.2344748989608523 1.2324978496203502
1.2726434031837865 1.2742824253949923 1.2759214476061977 1.2775604698174061 1.2791994920286118 1.2808385142398175 1.282477536451023 1.2841165586622287 1.2857555808734344 1.28739460308464 1.2890336252958456 1.2906726475070514 1.2923116697182568 1.2939506919294625 1.2938179306083515 1.291791092629047 1.2897642546497388 1.2877374166704343 1.2857105786911296 1.283683740711825 1.2816569027325204 1.2796300647532157 1.277603226773911 1.2755763887946066 1.2735495508153019 1.2715227128359972 1.2694958748566927 1.267469036877388 1.2654421988980833 1.2634153609187753 1.2613885229394706 1.259361684960166 1.2573348469808614 1.2553080090015567 1.2532811710222522 1.2512543330429475 1.2492274950636428 1.2472006570843384 1.2451738191050337 1.243146981125729 1.2411201431464245 1.2390933051671198 1.2370664671878118 1.235039629208507
1.274561939826129 1.2761882310970696 1.2778145223680104 1.279440813638954 1.2810671049098945 1.2826933961808353 1.284319687451776 1.2859459787227168 1.2875722699936576 1.2891985612645982 1.2908248525355388 1.2924511438064796 1.2940774350774205 1.295703726348361 1.2955502765141744 1.2934942431965293 1.2914382098788806 1.2893821765612352 1.28732614324359 1.2852701099259447 1.2832140766082996 1.2811580432906544 1.279102009973009 1.277045976655364 1.2749899433377185 1.2729339100200734 1.270877876702428 1.2688218433847829 1.2667658100671377 1.264709776749489 1.2626537434318437 1.2605977101141985 1.2585416767965532 1.256485643478908 1.2544296101612629 1.2523735768436175 1.2503175435259724 1.248261510208327 1.2462054768906818 1.2441494435730367 1.2420934102553913 1.2400373769377462 1.2379813436200973 1.2359253103024521
1.2752092236805241 1.2767378499426905 1.278266476204857 1.279795102467026 1.2813237287291925 1.282852354991359 1.2843809812535254 1.285909607515692 1.2874382337778583 1.2889668600400248 1.2904954863021914 1.2920241125643577 1.2935527388265242 1.2950813650886908 1.2948739823004984 1.2928107665842292 1.2907475508679567 1.2886843351516875 1.2866211194354185 1.2845579037191492 1.2824946880028802 1.280431472286611 1.2783682565703418 1.2763050408540728 1.2742418251378036 1.2721786094215346 1.2701153937052654 1.2680521779889964 1.2659889622727272 1.2639257465564546 1.2618625308401854 1.2597993151239162 1.2577360994076472 1.255672883691378 1.253609667975109 1.2515464522588398 1.2494832365425708 1.2474200208263015 1.2453568051100323 1.2432935893937633 1.2412303736774941 1.2391671579612251 1.2371039422449523 1.2350407265286834
