Figures/CREST_Example_wjb_NSE/PETs/wjb.pet.20091016.asc
ncols            288
nrows            254
xllcorner        113.274861
yllcorner        31.4918055
cellsize         0.008333333333
NODATA_value     -9999
[rows 80 to 99 of 254, columns 132 to 175 of 288]
1.6263268160935744 1.623684095454588 1.6210413748156012 1.6183986541766147 1.615755933537628 1.6131132128986414 1.6104704922596547 1.6078277716206681 1.6051850509816814 1.6025423303426949 1.5998996097037081 1.5972568890647172 1.5946141684257304 1.591971447786744 1.5893287271477572 1.5866860065087707 1.584043285869784 1.5814005652307974 1.5787578445918107 1.5761151239528242 1.5734724033138374 1.570829682674851 1.5681869620358642 1.5655442413968776 1.5629015207578865 1.5602588001189 1.5576160794799132 1.5549733588409267 1.55233063820194 1.5496879175629534 1.5484940819529962 1.5488491372149784 1.5492041924769608 1.5495592477389433 1.5499143030009257 1.5502693582629081 1.5506244135248906 1.5509794687868736 1.551334524048856 1.5516895793108385 1.552044634572821 1.5523996898348031 1.5527547450967856 1.553109800358768
1.6243583717870411 1.6217462606850916 1.6191341495831422 1.6165220384811927 1.6139099273792432 1.6112978162772937 1.6086857051753443 1.6060735940733946 1.603461482971445 1.6008493718694956 1.5982372607675461 1.5956251496655922 1.5930130385636427 1.5904009274616933 1.5877888163597438 1.5851767052577943 1.5825645941558446 1.5799524830538951 1.5773403719519457 1.5747282608499962 1.5721161497480467 1.5695040386460972 1.5668919275441477 1.5642798164421983 1.5616677053402443 1.5590555942382949 1.5564434831363452 1.5538313720343957 1.5512192609324462 1.5486071498304967 1.5474504316407747 1.5478495613973486 1.5482486911539226 1.5486478209104968 1.5490469506670708 1.5494460804236447 1.549845210180219 1.5502443399367936 1.5506434696933677 1.5510425994499417 1.5514417292065157 1.5518408589630899 1.5522399887196638 1.5526391184762378
1.6223899274805076 1.6198084259155954 1.617226924350683 1.6146454227857705 1.6120639212208583 1.6094824196559459 1.6069009180910334 1.6043194165261212 1.6017379149612088 1.5991564133962963 1.5965749118313841 1.5939934102664672 1.5914119087015548 1.5888304071366426 1.5862489055717302 1.5836674040068177 1.5810859024419055 1.578504400876993 1.5759228993120806 1.5733413977471684 1.570759896182256 1.5681783946173438 1.5655968930524313 1.563015391487519 1.5604338899226022 1.5578523883576898 1.5552708867927774 1.5526893852278651 1.5501078836629527 1.5475263820980403 1.5464067813285534 1.5468499855797189 1.5472931898308846 1.5477363940820503 1.548179598333216 1.5486228025843818 1.5490660068355473 1.549509211086714 1.5499524153378794 1.5503956195890451 1.5508388238402109 1.5512820280913766 1.5517252323425423 1.5521684365937078
1.620421483173974 1.6178705911460989 1.6153196991182237 1.6127688070903485 1.6102179150624731 1.607667023034598 1.6051161310067228 1.6025652389788476 1.6000143469509724 1.597463454923097 1.5949125628952219 1.5923616708673423 1.589810778839467 1.587259886811592 1.5847089947837167 1.5821581027558413 1.5796072107279662 1.577056318700091 1.5745054266722158 1.5719545346443404 1.5694036426164653 1.56685275058859 1.564301858560715 1.5617509665328395 1.5592000745049601 1.5566491824770847 1.5540982904492096 1.5515473984213344 1.5489965063934592 1.546445614365584 1.545363131016332 1.5458504097620893 1.5463376885078466 1.5468249672536039 1.5473122459993613 1.5477995247451186 1.5482868034908759 1.548774082236634 1.5492613609823913 1.5497486397281486 1.550235918473906 1.5507231972196633 1.5512104759654206 1.5516977547111779
1.6184530388674407 1.6159327563766028 1.6134124738857647 1.6108921913949266 1.6083719089040884 1.6058516264132503 1.6033313439224122 1.600811061431574 1.5982907789407361 1.595770496449898 1.5932502139590599 1.5907299314682175 1.5882096489773794 1.5856893664865412 1.583169083995703 1.580648801504865 1.5781285190140268 1.5756082365231887 1.5730879540323508 1.5705676715415127 1.5680473890506745 1.5655271065598364 1.5630068240689983 1.5604865415781601 1.5579662590873178 1.5554459765964797 1.5529256941056415 1.5504054116148036 1.5478851291239655 1.5453648466331273 1.5443194807041105 1.5448508339444593 1.5453821871848084 1.5459135404251574 1.5464448936655062 1.5469762469058552 1.5475076001462043 1.5480389533865542 1.548570306626903 1.549101659867252 1.549633013107601 1.5501643663479499 1.5506957195882989 1.551227072828648
1.6164845945609059 1.6139949216071048 1.611505248653304 1.609015575699503 1.606525902745702 1.604036229791901 1.6015465568381002 1.5990568838842991 1.5965672109304982 1.5940775379766974 1.5915878650228963 1.5890981920690912 1.5866085191152903 1.5841188461614892 1.5816291732076884 1.5791395002538875 1.5766498273000864 1.5741601543462855 1.5716704813924847 1.5691808084386836 1.5666911354848827 1.5642014625310818 1.5617117895772807 1.5592221166234799 1.5567324436696748 1.5542427707158737 1.5517530977620728 1.549263424808272 1.5467737518544709 1.54428407890067 1.5432758303918883 1.5438512581268289 1.5444266858617695 1.5450021135967102 1.5455775413316508 1.5461529690665914 1.546728396801532 1.5473038245364736 1.5478792522714142 1.548454680006355 1.5490301077412956 1.5496055354762361 1.5501809632111767 1.5507563909461175
1.6145161502543723 1.6120570868376085 1.6095980234208447 1.6071389600040809 1.604679896587317 1.6022208331705532 1.5997617697537894 1.5973027063370258 1.594843642920262 1.592384579503498 1.5899255160867343 1.5874664526699662 1.5850073892532024 1.5825483258364386 1.5800892624196747 1.577630199002911 1.5751711355861473 1.5727120721693835 1.5702530087526196 1.5677939453358558 1.565334881919092 1.5628758185023282 1.5604167550855643 1.5579576916688005 1.5554986282520327 1.5530395648352688 1.550580501418505 1.5481214380017412 1.5456623745849773 1.5432033111682135 1.542232180079667 1.5428516823091991 1.5434711845387314 1.5440906867682638 1.544710188997796 1.5453296912273282 1.5459491934568605 1.5465686956863938 1.547188197915926 1.5478077001454584 1.5484272023749908 1.5490467046045229 1.5496662068340552 1.5502857090635875
1.612547705947839 1.6101192520681122 1.6076907981883857 1.6052623443086589 1.6028338904289323 1.6004054365492055 1.597976982669479 1.5955485287897522 1.5931200749100256 1.5906916210302988 1.5882631671505723 1.5858347132708415 1.5834062593911147 1.5809778055113881 1.5785493516316613 1.5761208977519348 1.573692443872208 1.5712639899924814 1.5688355361127546 1.566407082233028 1.5639786283533013 1.5615501744735747 1.559121720593848 1.5566932667141213 1.5542648128343906 1.5518363589546638 1.5494079050749372 1.5469794511952104 1.5445509973154838 1.542122543435757 1.5411885297674457 1.5418521064915696 1.5425156832156934 1.5431792599398173 1.5438428366639412 1.544506413388065 1.5451699901121891 1.5458335668363141 1.546497143560438 1.5471607202845619 1.5478242970086857 1.5484878737328096 1.5491514504569337 1.5498150271810576
1.6113200972539705 1.6089365533782356 1.6065530095025007 1.6041694656267658 1.601785921751031 1.5994023778752962 1.5970188339995612 1.5946352901238263 1.5922517462480914 1.5898682023723567 1.5874846584966218 1.5851011146208829 1.582717570745148 1.580334026869413 1.5779504829936781 1.5755669391179432 1.5731833952422085 1.5707998513664736 1.5684163074907387 1.5660327636150038 1.5636492197392688 1.5612656758635342 1.5588821319877992 1.5564985881120643 1.5541150442363254 1.5517315003605905 1.5493479564848556 1.5469644126091207 1.544580868733386 1.542197324857651 1.5413032484896463 1.5420014465813479 1.5426996446730492 1.5433978427647508 1.5440960408564524 1.5447942389481537 1.5454924370398553 1.546190635131558 1.5468888332232595 1.5475870313149611 1.5482852294066625 1.548983427498364 1.5496816255900656 1.550379823681767
1.6108843951216598 1.608561047547472 1.6062376999732844 1.6039143523990964 1.6015910048249087 1.5992676572507207 1.596944309676533 1.5946209621023453 1.5922976145281573 1.5899742669539696 1.5876509193797819 1.58532757180559 1.5830042242314022 1.5806808766572145 1.5783575290830265 1.5760341815088388 1.573710833934651 1.571387486360463 1.5690641387862754 1.5667407912120876 1.5644174436378997 1.562094096063712 1.5597707484895242 1.5574474009153363 1.5551240533411446 1.5528007057669568 1.5504773581927689 1.5481540106185812 1.5458306630443934 1.5435073154702055 1.5426561906765157 1.54337890533902 1.544101620001524 1.544824334664028 1.5455470493265322 1.5462697639890364 1.5469924786515405 1.5477151933140458 1.54843790797655 1.5491606226390542 1.5498833373015581 1.5506060519640623 1.5513287666265665 1.5520514812890707
1.6104486929893493 1.6081855417167086 1.6059223904440678 1.603659239171427 1.6013960878987863 1.5991329366261455 1.5968697853535048 1.5946066340808642 1.5923434828082235 1.5900803315355827 1.587817180262942 1.5855540289902974 1.5832908777176566 1.5810277264450159 1.5787645751723751 1.5765014238997344 1.5742382726270936 1.5719751213544528 1.5697119700818123 1.5674488188091715 1.5651856675365308 1.56292251626389 1.5606593649912492 1.5583962137186085 1.556133062445964 1.5538699111733232 1.5516067599006824 1.5493436086280417 1.5470804573554011 1.5448173060827604 1.5440091328633854 1.5447563640966921 1.545503595329999 1.5462508265633055 1.5469980577966123 1.547745289029919 1.5484925202632258 1.549239751496534 1.5499869827298405 1.5507342139631473 1.551481445196454 1.5522286764297608 1.5529759076630676 1.5537231388963744
1.6100129908570386 1.607810035885945 1.6056070809148513 1.6034041259437577 1.601201170972664 1.5989982160015703 1.5967952610304765 1.594592306059383 1.5923893510882894 1.5901863961171956 1.587983441146102 1.5857804861750044 1.5835775312039109 1.5813745762328173 1.5791716212617235 1.57696866629063 1.5747657113195361 1.5725627563484426 1.570359801377349 1.5681568464062552 1.5659538914351616 1.5637509364640678 1.5615479814929742 1.5593450265218807 1.557142071550783 1.5549391165796895 1.5527361616085957 1.5505332066375022 1.5483302516664086 1.5461272966953148 1.5453620750502548 1.5461338228543642 1.5469055706584736 1.547677318462583 1.5484490662666923 1.5492208140708017 1.549992561874911 1.5507643096790216 1.551536057483131 1.5523078052872403 1.5530795530913497 1.553851300895459 1.5546230486995685 1.5553947965036778
1.6095772887247277 1.6074345300551813 1.6052917713856347 1.6031490127160881 1.6010062540465415 1.5988634953769951 1.5967207367074485 1.594577978037902 1.5924352193683555 1.590292460698809 1.5881497020292623 1.5860069433597122 1.5838641846901655 1.581721426020619 1.5795786673510726 1.577435908681526 1.5752931500119793 1.573150391342433 1.5710076326728863 1.5688648740033397 1.5667221153337931 1.5645793566642467 1.5624365979947001 1.5602938393251535 1.5581510806556034 1.5560083219860568 1.5538655633165104 1.5517228046469638 1.5495800459774172 1.5474372873078706 1.5467150172371256 1.5475112816120375 1.5483075459869495 1.5491038103618615 1.5499000747367735 1.5506963391116855 1.5514926034865975 1.552288867861511 1.553085132236423 1.553881396611335 1.554677660986247 1.555473925361159 1.556270189736071 1.5570664541109829
1.6091415865924172 1.6070590242244176 1.6049764618564182 1.6028938994884188 1.6008113371204193 1.5987287747524197 1.5966462123844203 1.5945636500164209 1.5924810876484214 1.5903985252804218 1.5883159629124224 1.5862334005444194 1.5841508381764198 1.5820682758084204 1.579985713440421 1.5779031510724215 1.5758205887044219 1.5737380263364225 1.571655463968423 1.5695729016004236 1.567490339232424 1.5654077768644246 1.5633252144964251 1.5612426521284255 1.5591600897604225 1.557077527392423 1.5549949650244237 1.552912402656424 1.5508298402884246 1.5487472779204252 1.548067959423995 1.5488887403697096 1.5497095213154242 1.5505303022611387 1.5513510832068533 1.5521718641525681 1.5529926450982827 1.5538134260439986 1.5546342069897132 1.555454987935428 1.5562757688811426 1.5570965498268572 1.5579173307725718 1.5587381117182864
1.6087058844601065 1.606683518393654 1.6046611523272016 1.6026387862607494 1.600616420194297 1.5985940541278445 1.596571688061392 1.5945493219949396 1.5925269559284874 1.590504589862035 1.5884822237955825 1.5864598577291267 1.5844374916626742 1.5824151255962218 1.5803927595297693 1.5783703934633169 1.5763480273968644 1.5743256613304122 1.5723032952639597 1.5702809291975073 1.5682585631310548 1.5662361970646024 1.56421383099815 1.5621914649316977 1.5601690988652417 1.5581467327987895 1.556124366732337 1.5541020006658846 1.552079634599432 1.5500572685329796 1.5494209016108644 1.5502661991273816 1.5511114966438988 1.551956794160416 1.5528020916769334 1.5536473891934506 1.5544926867099678 1.5553379842264865 1.5561832817430037 1.557028579259521 1.5578738767760383 1.5587191742925555 1.5595644718090729 1.56040976932559
1.6082701823277958 1.6063080125628906 1.6043458427979853 1.6023836730330798 1.6004215032681746 1.5984593335032693 1.5964971637383638 1.5945349939734585 1.5925728242085533 1.5906106544436478 1.5886484846787425 1.586686314913834 1.5847241451489285 1.5827619753840232 1.580799805619118 1.5788376358542124 1.5768754660893072 1.574913296324402 1.5729511265594964 1.5709889567945912 1.569026787029686 1.5670646172647804 1.5651024474998751 1.5631402777349699 1.561178107970061 1.5592159382051558 1.5572537684402505 1.555291598675345 1.5533294289104398 1.5513672591455345 1.5507738437977339 1.5516436578850539 1.5525134719723737 1.5533832860596937 1.5542531001470135 1.5551229142343332 1.5559927283216533 1.5568625424089746 1.5577323564962944 1.5586021705836142 1.5594719846709342 1.560341798758254 1.5612116128455737 1.5620814269328938
1.6078344801954854 1.605932506732127 1.6040305332687688 1.6021285598054105 1.6002265863420522 1.5983246128786939 1.5964226394153356 1.5945206659519775 1.5926186924886192 1.590716719025261 1.5888147455619026 1.586912772098541 1.585010798635183 1.5831088251718246 1.5812068517084663 1.579304878245108 1.5774029047817497 1.5755009313183914 1.5735989578550331 1.5716969843916748 1.5697950109283167 1.5678930374649585 1.5659910640016002 1.5640890905382419 1.5621871170748802 1.5602851436115222 1.5583831701481639 1.5564811966848056 1.5545792232214473 1.552677249758089 1.5521267859846033 1.553021116642726 1.5539154473008483 1.554809777958971 1.5557041086170933 1.556598439275216 1.5574927699333383 1.5583871005914622 1.5592814312495848 1.5601757619077072 1.5610700925658298 1.5619644232239522 1.5628587538820748 1.5637530845401972
1.6073987780631747 1.6055570009013636 1.6037152237395522 1.6018734465777411 1.60003166941593 1.5981898922541187 1.5963481150923076 1.5945063379304962 1.5926645607686851 1.590822783606874 1.5889810064450627 1.5871392292832485 1.5852974521214371 1.583455674959626 1.5816138977978147 1.5797721206360036 1.5779303434741925 1.5760885663123811 1.57424678915057 1.572405011988759 1.5705632348269476 1.5687214576651365 1.5668796805033252 1.565037903341514 1.5631961261796996 1.5613543490178885 1.5595125718560774 1.557670794694266 1.555829017532455 1.5539872403706436 1.553479728171473 1.5543985754003982 1.5553174226293232 1.5562362698582484 1.5571551170871734 1.5580739643160986 1.5589928115450236 1.5599116587739503 1.5608305060028755 1.5617493532318005 1.5626682004607257 1.5635870476896507 1.564505894918576 1.565424742147501
1.6069630759308637 1.6051814950705996 1.6033999142103355 1.6016183333500713 1.5998367524898074 1.5980551716295432 1.596273590769279 1.5944920099090152 1.592710429048751 1.590928848188487 1.589147267328223 1.5873656864679557 1.5855841056076916 1.5838025247474277 1.5820209438871635 1.5802393630268994 1.5784577821666355 1.5766762013063713 1.5748946204461072 1.5731130395858433 1.5713314587255791 1.569549877865315 1.5677682970050508 1.565986716144787 1.5642051352845197 1.5624235544242557 1.5606419735639916 1.5588603927037274 1.5570788118434633 1.5552972309831994 1.5548326703583435 1.5557760341580713 1.5567193979577991 1.5576627617575267 1.5586061255572545 1.5595494893569823 1.5604928531567102 1.5614362169564395 1.5623795807561671 1.563322944555895 1.5642663083556227 1.5652096721553506 1.5661530359550782 1.567096399754806
1.606527373798553 1.604805989239836 1.603084604681119 1.601363220122402 1.599641835563685 1.597920451004968 1.596199066446251 1.594477681887534 1.592756297328817 1.5910349127701 1.589313528211383 1.587592143652663 1.585870759093946 1.584149374535229 1.5824279899765121 1.580706605417795 1.578985220859078 1.577263836300361 1.575542451741644 1.5738210671829271 1.57209968262421 1.570378298065493 1.568656913506776 1.566935528948059 1.565214144389339 1.563492759830622 1.5617713752719051 1.5600499907131882 1.558328606154471 1.556607221595754 1.5561856125452131 1.5571534929157436 1.558121373286274 1.5590892536568044 1.5600571340273346 1.561025014397865 1.5619928947683954 1.5629607751389274 1.5639286555094578 1.5648965358799882 1.5658644162505186 1.5668322966210488 1.5678001769915793 1.5687680573621097
