Figures/CREST_Example_wjb_NSE/PETs/wjb.pet.20091005.asc
ncols            288
nrows            254
xllcorner        113.274861
yllcorner        31.4918055
cellsize         0.008333333333
NODATA_value     -9999
[rows 60 to 79 of 254, columns 88 to 131 of 288]
2.115392481457539 2.1174971768718516 2.119601872286164 2.1217065677004805 2.123811263114793 2.1259159585291054 2.1280206539434183 2.130125349357731 2.1322300447720433 2.134334740186356 2.1364394356006686 2.138544131014981 2.140648826429294 2.1427535218436065 2.1427332661847025 2.1404413897808414 2.1381495133769763 2.1358576369731153 2.1335657605692546 2.1312738841653935 2.1289820077615325 2.1266901313576714 2.1243982549538103 2.122106378549949 2.1198145021460886 2.1175226257422275 2.1152307493383664 2.1129388729345053 2.1106469965306442 2.1083551201267796 2.1060632437229185 2.1037713673190575 2.1014794909151964 2.0991876145113353 2.0968957381074746 2.0946038617036136 2.0923119852997525 2.0900201088958914 2.0877282324920303 2.0854363560881697 2.0831444796843086 2.0808526032804475 2.0785607268765824 2.0762688504727214
2.1162990040807865 2.1182061206224887 2.120113237164191 2.1220203537058966 2.1239274702475988 2.125834586789301 2.127741703331003 2.1296488198727053 2.1315559364144074 2.1334630529561096 2.135370169497812 2.1372772860395144 2.1391844025812166 2.1410915191229187 2.140972490907253 2.1386874681324026 2.1364024453575476 2.134117422582697 2.131832399807846 2.1295473770329956 2.1272623542581446 2.124977331483294 2.122692308708443 2.1204072859335925 2.1181222631587415 2.115837240383891 2.11355221760904 2.1112671948341895 2.1089821720593385 2.106697149284484 2.104412126509633 2.1021271037347824 2.0998420809599314 2.097557058185081 2.09527203541023 2.0929870126353793 2.0907019898605284 2.088416967085678 2.086131944310827 2.0838469215359763 2.0815618987611253 2.0792768759862748 2.07699185321142 2.0747068304365692
2.117205526704034 2.118915064373126 2.1206246020422177 2.1223341397113127 2.1240436773804046 2.1257532150494964 2.1274627527185883 2.1291722903876797 2.1308818280567716 2.1325913657258635 2.1343009033949554 2.1360104410640472 2.137719978733139 2.139429516402231 2.139211715629804 2.1369335464839634 2.134655377338119 2.1323772081922785 2.130099039046438 2.1278208699005976 2.1255427007547567 2.1232645316089163 2.120986362463076 2.1187081933172354 2.116430024171395 2.1141518550255545 2.1118736858797136 2.109595516733873 2.1073173475880327 2.1050391784421882 2.102761009296348 2.1004828401505073 2.0982046710046665 2.095926501858826 2.0936483327129856 2.091370163567145 2.0890919944213047 2.0868138252754638 2.0845356561296233 2.082257486983783 2.0799793178379424 2.077701148692102 2.0754229795462575 2.073144810400417
2.1181120493272814 2.119624008123763 2.1211359669202445 2.1226479257167283 2.12415988451321 2.1256718433096915 2.127183802106173 2.128695760902654 2.130207719699136 2.1317196784956174 2.133231637292099 2.13474359608858 2.1362555548850617 2.1377675136815433 2.137450940352355 2.1351796248355246 2.1329083093186902 2.13063699380186 2.12836567828503 2.1260943627681996 2.1238230472513693 2.121551731734539 2.1192804162177086 2.117009100700878 2.114737785184048 2.1124664696672175 2.110195154150387 2.1079238386335573 2.105652523116727 2.1033812075998926 2.101109892083062 2.098838576566232 2.0965672610494015 2.0942959455325716 2.0920246300157412 2.089753314498911 2.0874819989820805 2.08521068346525 2.08293936794842 2.0806680524315895 2.078396736914759 2.076125421397929 2.073854105881095 2.0715827903642645
2.1190185719505292 2.1203329518744 2.1216473317982714 2.122961711722145 2.1242760916460157 2.125590471569887 2.126904851493758 2.128219231417629 2.1295336113415 2.1308479912653713 2.132162371189242 2.1334767511131134 2.1347911310369843 2.1361055109608555 2.1356901650749056 2.133425703187086 2.1311612412992615 2.1288967794114417 2.1266323175236215 2.1243678556358017 2.1221033937479814 2.119838931860161 2.1175744699723413 2.115310008084521 2.1130455461967013 2.110781084308881 2.108516622421061 2.106252160533241 2.103987698645421 2.101723236757597 2.099458774869777 2.097194312981957 2.094929851094137 2.0926653892063167 2.0904009273184965 2.0881364654306767 2.0858720035428564 2.0836075416550366 2.0813430797672163 2.0790786178793965 2.0768141559915763 2.074549694103756 2.072285232215932 2.0700207703281124
2.1199250945737766 2.1210418956250376 2.122158696676298 2.123275497727561 2.1243922987788215 2.125509099830082 2.126625900881343 2.1277427019326036 2.128859502983864 2.1299763040351247 2.1310931050863857 2.1322099061376463 2.133326707188907 2.134443508240168 2.1339293897974563 2.1316717815386466 2.129414173279833 2.127156565021023 2.1248989567622134 2.1226413485034037 2.120383740244594 2.118126131985784 2.115868523726974 2.1136109154681644 2.1113533072093547 2.1090956989505445 2.1068380906917348 2.104580482432925 2.1023228741741153 2.1000652659153016 2.097807657656492 2.0955500493976817 2.093292441138872 2.0910348328800623 2.0887772246212526 2.086519616362443 2.0842620081036327 2.082004399844823 2.0797467915860133 2.0774891833272036 2.0752315750683934 2.0729739668095837 2.07071635855077 2.0684587502919602
2.120831617197025 2.121750839375675 2.122670061554325 2.123589283732977 2.124508505911627 2.125427728090277 2.1263469502689274 2.127266172447577 2.1281853946262275 2.1291046168048777 2.130023838983528 2.130943061162178 2.131862283340828 2.1327815055194783 2.1321686145200056 2.129917859890206 2.1276671052604024 2.125416350630603 2.1231655960008036 2.120914841371004 2.1186640867412043 2.1164133321114047 2.114162577481605 2.1119118228518055 2.1096610682220063 2.1074103135922067 2.105159558962407 2.1029088043326074 2.100658049702808 2.0984072950730046 2.096156540443205 2.0939057858134054 2.0916550311836057 2.089404276553806 2.0871535219240065 2.084902767294207 2.0826520126644072 2.080401258034608 2.0781505034048084 2.075899748775009 2.073648994145209 2.0713982395154096 2.0691474848856064 2.066896730255807
2.1217381398202724 2.1224597831263123 2.123181426432352 2.123903069738393 2.1246247130444327 2.1253463563504726 2.126067999656512 2.126789642962552 2.1275112862685917 2.1282329295746316 2.128954572880671 2.129676216186711 2.1303978594927506 2.1311195027987906 2.1304078392425563 2.128163938241767 2.1259200372409737 2.1236761362401846 2.121432235239395 2.119188334238606 2.1169444332378164 2.1147005322370274 2.112456631236238 2.1102127302354488 2.1079688292346592 2.1057249282338697 2.1034810272330806 2.101237126232291 2.098993225231502 2.096749324230709 2.0945054232299194 2.0922615222291303 2.090017621228341 2.0877737202275513 2.085529819226762 2.0832859182259726 2.0810420172251836 2.078798116224394 2.076554215223605 2.0743103142228154 2.0720664132220263 2.069822512221237 2.0675786112204437 2.065334710219654
2.1226446624435202 2.1231687268769495 2.1236927913103787 2.1242168557438093 2.1247409201772385 2.1252649846106677 2.1257890490440974 2.1263131134775266 2.126837177910956 2.1273612423443855 2.1278853067778147 2.128409371211244 2.128933435644673 2.129457500078103 2.1286470639651074 2.126410016593328 2.1241729692215454 2.121935921849766 2.119698874477987 2.117461827106208 2.115224779734429 2.1129877323626496 2.1107506849908706 2.1085136376190916 2.1062765902473126 2.104039542875533 2.101802495503754 2.099565448131975 2.097328400760196 2.0950913533884132 2.0928543060166342 2.090617258644855 2.088380211273076 2.086143163901297 2.083906116529518 2.0816690691577384 2.0794320217859594 2.0771949744141804 2.0749579270424015 2.072720879670622 2.070483832298843 2.068246784927064 2.066009737555281 2.063772690183502
2.1235511850667677 2.1238776706275866 2.1242041561884055 2.124530641749225 2.1248571273100443 2.125183612870863 2.125510098431682 2.125836583992501 2.12616306955332 2.126489555114139 2.126816040674958 2.127142526235777 2.127469011796596 2.127795497357415 2.126886288687658 2.124656094944889 2.1224259012021167 2.120195707459348 2.117965513716579 2.11573531997381 2.113505126231041 2.1112749324882722 2.1090447387455034 2.1068145450027345 2.1045843512599656 2.1023541575171967 2.100123963774428 2.097893770031659 2.09566357628889 2.0934333825461175 2.0912031888033487 2.0889729950605798 2.086742801317811 2.084512607575042 2.082282413832273 2.080052220089504 2.0778220263467353 2.0755918326039664 2.073361638861198 2.071131445118429 2.06890125137566 2.0666710576328913 2.0644408638901184 2.0622106701473495
2.124457707690015 2.1245866143782237 2.1247155210664324 2.124844427754641 2.1249733344428496 2.1251022411310583 2.125231147819267 2.1253600545074756 2.125488961195684 2.125617867883893 2.1257467745721015 2.12587568126031 2.1260045879485188 2.1261334946367274 2.1251255134102087 2.1229021732964504 2.120678833182688 2.118455493068929 2.1162321529551704 2.114008812841412 2.1117854727276533 2.109562132613895 2.107338792500136 2.1051154523863778 2.102892112272619 2.10066877215886 2.098445432045102 2.096222091931343 2.0939987518175847 2.0917754117038223 2.0895520715900635 2.0873287314763047 2.0851053913625464 2.0828820512487876 2.080658711135029 2.0784353710212704 2.0762120309075116 2.0739886907937533 2.0717653506799945 2.069542010566236 2.0673186704524773 2.065095330338719 2.062871990224956 2.060648650111198
2.1253642303132625 2.125295558128861 2.125226885944459 2.125158213760057 2.1250895415756554 2.125020869391254 2.1249521972068517 2.12488352502245 2.1248148528380484 2.1247461806536467 2.1246775084692446 2.124608836284843 2.1245401641004413 2.1244714919160397 2.12336473813276 2.121148251648011 2.1189317651632593 2.1167152786785106 2.1144987921937624 2.112282305709014 2.110065819224266 2.107849332739517 2.105632846254769 2.1034163597700206 2.1011998732852724 2.0989833868005237 2.0967669003157754 2.094550413831027 2.0923339273462784 2.0901174408615266 2.087900954376778 2.0856844678920297 2.0834679814072814 2.081251494922533 2.0790350084377844 2.076818521953036 2.074602035468288 2.0723855489835397 2.070169062498791 2.0679525760140427 2.0657360895292944 2.0635196030445457 2.061303116559794 2.059086630075045
2.1262707529365112 2.126004501879499 2.1257382508224865 2.1254719997654736 2.1252057487084612 2.124939497651449 2.124673246594437 2.1244069955374245 2.124140744480412 2.1238744934233997 2.1236082423663873 2.123341991309375 2.123075740252363 2.1228094891953506 2.121603962855309 2.119394329999571 2.1171846971438293 2.114975064288091 2.112765431432353 2.110555798576615 2.1083461657208766 2.1061365328651385 2.1039269000094003 2.101717267153662 2.099507634297924 2.097298001442186 2.0950883685864476 2.0928787357307095 2.0906691028749713 2.0884594700192296 2.0862498371634914 2.0840402043077533 2.081830571452015 2.079620938596277 2.077411305740539 2.0752016728848006 2.0729920400290625 2.0707824071733243 2.068572774317586 2.066363141461848 2.06415350860611 2.0619438757503716 2.05973424289463 2.0575246100388918
2.1271772755597587 2.126713445630136 2.1262496157005133 2.1257857857708897 2.125321955841267 2.1248581259116444 2.1243942959820217 2.123930466052399 2.1234666361227763 2.1230028061931536 2.122538976263531 2.1220751463339083 2.1216113164042856 2.121147486474663 2.11984318757786 2.117640408351132 2.1154376291244006 2.1132348498976725 2.1110320706709444 2.108829291444217 2.1066265122174888 2.1044237329907607 2.102220953764033 2.100018174537305 2.0978153953105774 2.0956126160838493 2.0934098368571212 2.0912070576303936 2.0890042784036655 2.086801499176934 2.084598719950206 2.0823959407234782 2.08019316149675 2.077990382270022 2.0757876030432945 2.0735848238165664 2.0713820445898383 2.0691792653631107 2.0669764861363826 2.064773706909655 2.062570927682927 2.060368148456199 2.0581653692294672 2.055962590002739
2.128083798183006 2.127422389380773 2.12676098057854 2.126099571776306 2.125438162974073 2.1247767541718394 2.1241153453696064 2.1234539365673735 2.1227925277651405 2.1221311189629075 2.121469710160674 2.120808301358441 2.120146892556208 2.119485483753975 2.118082412300411 2.115886486702693 2.113690561104972 2.111494635507254 2.1092987099095364 2.107102784311819 2.104906858714101 2.1027109331163834 2.100515007518666 2.098319081920948 2.0961231563232303 2.093927230725513 2.091731305127795 2.0895353795300773 2.0873394539323598 2.0851435283346382 2.0829476027369207 2.0807516771392027 2.078555751541485 2.0763598259437677 2.0741639003460497 2.071967974748332 2.0697720491506146 2.0675761235528967 2.065380197955179 2.0631842723574616 2.0609883467597436 2.058792421162026 2.0565964955643046 2.054400569966587
2.128990320806254 2.1281313331314102 2.127272345456567 2.126413357781722 2.1255543701068786 2.124695382432035 2.1238363947571917 2.122977407082348 2.1221184194075047 2.121259431732661 2.1204004440578177 2.119541456382974 2.1186824687081307 2.1178234810332874 2.1163216370229616 2.114132565054254 2.111943493085543 2.1097544211168358 2.1075653491481283 2.105376277179421 2.1031872052107135 2.100998133242006 2.0988090612732986 2.096619989304591 2.0944309173358837 2.0922418453671763 2.090052773398469 2.0878637014297614 2.085674629461054 2.083485557492343 2.0812964855236356 2.079107413554928 2.0769183415862207 2.0747292696175132 2.072540197648806 2.0703511256800984 2.068162053711391 2.0659729817426835 2.063783909773976 2.0615948378052686 2.059405765836561 2.0572166938678538 2.055027621899143 2.0528385499304354
2.1298968434295014 2.1288402768820474 2.127783710334594 2.126727143787138 2.125670577239684 2.1246140106922304 2.1235574441447764 2.1225008775973224 2.121444311049869 2.120387744502415 2.119331177954961 2.1182746114075073 2.1172180448600533 2.1161614783125993 2.1145608617455127 2.1123786434058154 2.1101964250661145 2.108014206726417 2.10583198838672 2.103649770047023 2.1014675517073256 2.0992853333676282 2.0971031150279313 2.094920896688234 2.0927386783485367 2.0905564600088398 2.0883742416691424 2.0861920233294455 2.084009804989748 2.0818275866500473 2.07964536831035 2.0774631499706526 2.0752809316309557 2.0730987132912584 2.070916494951561 2.068734276611864 2.066552058272167 2.0643698399324695 2.0621876215927726 2.0600054032530752 2.057823184913378 2.055640966573681 2.05345874823398 2.0512765298942828
2.130803366052749 2.1295492206326845 2.12829507521262 2.127040929792554 2.12578678437249 2.1245326389524255 2.123278493532361 2.122024348112297 2.120770202692233 2.1195160572721687 2.1182619118521044 2.11700776643204 2.115753621011976 2.1144994755919115 2.1128000864680634 2.1106247217573766 2.108449357046686 2.1062739923359985 2.1040986276253117 2.101923262914625 2.0997478982039377 2.097572533493251 2.095397168782564 2.093221804071877 2.09104643936119 2.0888710746505033 2.086695709939816 2.084520345229129 2.0823449805184424 2.0801696158077516 2.077994251097065 2.0758188863863776 2.0736435216756908 2.071468156965004 2.0692927922543167 2.06711742754363 2.0649420628329427 2.062766698122256 2.060591333411569 2.058415968700882 2.056240603990195 2.0540652392795082 2.0518898745688174 2.0497145098581306
2.1317098886759966 2.1302581643833216 2.128806440090647 2.12735471579797 2.1259029915052956 2.124451267212621 2.1229995429199464 2.121547818627272 2.1200960943345972 2.1186443700419226 2.117192645749248 2.115740921456573 2.1142891971638984 2.112837472871224 2.111039311190614 2.1088708001089373 2.106702289027257 2.1045337779455804 2.1023652668639037 2.100196755782227 2.0980282447005503 2.0958597336188736 2.093691222537197 2.09152271145552 2.0893542003738435 2.0871856892921667 2.0850171782104896 2.082848667128813 2.080680156047136 2.078511644965456 2.0763431338837792 2.0741746228021025 2.072006111720426 2.069837600638749 2.0676690895570724 2.0655005784753957 2.063332067393719 2.0611635563120423 2.0589950452303656 2.056826534148689 2.054658023067012 2.0524895119853355 2.0503210009036548 2.048152489821978
2.1326164112992445 2.1309671081339596 2.1293178049686743 2.1276685018033863 2.126019198638101 2.124369895472816 2.1227205923075307 2.1210712891422454 2.1194219859769605 2.117772682811675 2.11612337964639 2.114474076481105 2.1128247733158196 2.1111754701505347 2.1092785359131634 2.107116878460497 2.1049552210078266 2.10279356355516 2.100631906102494 2.0984702486498272 2.0963085911971606 2.094146933744494 2.091985276291828 2.0898236188391612 2.0876619613864946 2.0855003039338285 2.083338646481162 2.0811769890284952 2.079015331575829 2.076853674123159 2.0746920166704923 2.0725303592178257 2.0703687017651595 2.068207044312493 2.0660453868598263 2.06388372940716 2.0617220719544935 2.059560414501827 2.0573987570491603 2.055237099596494 2.0530754421438275 2.050913784691161 2.0487521272384908 2.0465904697858246
