Figures/CREST_Example_wjb_NSE/PETs/wjb.pet.20100827.asc
ncols            288
nrows            254
xllcorner        113.274861
yllcorner        31.4918055
cellsize         0.008333333333
NODATA_value     -9999
[rows 20 to 39 of 254, columns 88 to 131 of 288]
2.338341375641969 2.336350439978027 2.3343595043140852 2.33236856865014 2.330377632986198 2.3283866973222564 2.3263957616583144 2.324404825994373 2.3224138903304308 2.320422954666489 2.318432019002547 2.3164410833386055 2.3144501476746635 2.312459212010722 2.309532020291166 2.3056039496782885 2.301675879065404 2.2977478084525265 2.293819737839649 2.289891667226771 2.2859635966138936 2.2820355260010157 2.278107455388138 2.2741793847752607 2.270251314162383 2.2663232435495053 2.2623951729366274 2.25846710232375 2.2545390317108724 2.250610961097988 2.2466828904851104 2.2427548198722325 2.238826749259355 -9999.0 -9999.0 -9999.0 -9999.0 -9999.0 -9999.0 -9999.0 -9999.0 -9999.0 -9999.0 -9999.0
2.3400531502051494 2.3380210576124663 2.335988965019783 2.3339568724270965 2.3319247798344134 2.32989268724173 2.3278605946490467 2.3258285020563636 2.3237964094636805 2.321764316870997 2.319732224278314 2.3177001316856307 2.3156680390929476 2.3136359465002645 2.310709893612684 2.306828176956346 2.302946460300001 2.299064743643663 2.295183026987325 2.291301310330987 2.287419593674649 2.283537877018311 2.2796561603619727 2.275774443705635 2.271892727049297 2.268011010392959 2.264129293736621 2.260247577080283 2.2563658604239447 2.2524841437676 2.248602427111262 2.244720710454924 2.2408389937985858 -9999.0 -9999.0 -9999.0 -9999.0 -9999.0 -9999.0 -9999.0 -9999.0 -9999.0 -9999.0 -9999.0
2.34176492476833 2.3396916752469052 2.3376184257254806 2.3355451762040524 2.333471926682628 2.331398677161203 2.3293254276397786 2.327252178118354 2.3251789285969293 2.3231056790755047 2.32103242955408 2.3189591800326554 2.316885930511231 2.314812680989806 2.3118877669342015 2.308052404234403 2.304217041534598 2.3003816788347997 2.296546316135001 2.292710953435203 2.288875590735404 2.285040228035606 2.2812048653358072 2.277369502636009 2.273534139936211 2.269698777236412 2.265863414536614 2.262028051836815 2.258192689137017 2.254357326437212 2.2505219637374134 2.246686601037615 2.2428512383378165 2.2390158756380183 2.2351805129382196 2.2313451502384214 -9999.0 2.2236744248388245 -9999.0 -9999.0 -9999.0 -9999.0 -9999.0 -9999.0
2.3434766993315104 2.3413622928813447 2.3392478864311785 2.337133479981009 2.3350190735308427 2.332904667080677 2.330790260630511 2.3286758541803447 2.3265614477301786 2.324447041280013 2.3223326348298468 2.3202182283796806 2.3181038219295145 2.315989415479349 2.313065640255719 2.30927663151246 2.305487622769195 2.3016986140259363 2.2979096052826775 2.2941205965394187 2.29033158779616 2.286542579052901 2.282753570309642 2.2789645615663834 2.2751755528231246 2.2713865440798657 2.267597535336607 2.263808526593348 2.2600195178500893 2.2562305091068238 2.252441500363565 2.248652491620306 2.2448634828770473 2.2410744741337885 2.2372854653905296 2.233496456647271 2.229707447904012 2.225918439160753 2.2221294304174943 -9999.0 -9999.0 -9999.0 -9999.0 -9999.0
2.3451884738946913 2.3430329105157837 2.3408773471368765 2.3387217837579652 2.336566220379058 2.3344106570001504 2.332255093621243 2.3300995302423355 2.3279439668634283 2.3257884034845207 2.3236328401056134 2.321477276726706 2.319321713347798 2.317166149968891 2.314243513577237 2.3105008587905176 2.3067582040037924 2.303015549217073 2.2992728944303535 2.2955302396436346 2.291787584856915 2.288044930070196 2.2843022752834767 2.2805596204967578 2.2768169657100383 2.2730743109233194 2.2693316561366 2.2655890013498805 2.2618463465631615 2.258103691776436 2.2543610369897165 2.2506183822029975 2.246875727416278 2.243133072629559 2.2393904178428397 2.2356477630561207 2.2319051082694012 2.2281624534826823 2.224419798695963 -9999.0 -9999.0 -9999.0 -9999.0 -9999.0
2.346900248457872 2.344703528150223 2.3425068078425744 2.3403100875349216 2.338113367227273 2.335916646919624 2.333719926611975 2.3315232063043263 2.3293264859966776 2.327129765689029 2.3249330453813797 2.322736325073731 2.3205396047660822 2.318342884458433 2.315421386898755 2.3117250860685754 2.308028785238389 2.3043324844082096 2.30063618357803 2.2969398827478504 2.293243581917671 2.2895472810874913 2.2858509802573117 2.282154679427132 2.2784583785969525 2.274762077766773 2.2710657769365934 2.267369476106414 2.263673175276234 2.259976874446048 2.2562805736158684 2.252584272785689 2.2488879719555093 2.2451916711253297 2.24149537029515 2.2377990694649705 2.234102768634791 2.2304064678046114 2.226710166974432 -9999.0 -9999.0 -9999.0 -9999.0 -9999.0
2.3486120230210528 2.3463741457846625 2.3441362685482723 2.341898391311878 2.339660514075488 2.3374226368390976 2.3351847596027073 2.332946882366317 2.330709005129927 2.3284711278935366 2.3262332506571464 2.323995373420756 2.321757496184366 2.3195196189479756 2.3165992602202725 2.312949313346633 2.3092993664729864 2.305649419599346 2.3019994727257065 2.2983495258520663 2.2946995789784266 2.2910496321047864 2.2873996852311462 2.2837497383575065 2.2800997914838663 2.276449844610226 2.2727998977365864 2.2691499508629462 2.2655000039893065 2.26185005711566 2.25820011024202 2.25455016336838 2.25090021649474 2.2472502696211 2.24360032274746 2.23995037587382 2.2363004290001802 2.23265048212654 2.2290005352529 -9999.0 -9999.0 -9999.0 -9999.0 -9999.0
2.3503237975842346 2.348044763419103 2.3457657292539715 2.343486695088836 2.341207660923704 2.3389286267585723 2.3366495925934405 2.334370558428309 2.3320915242631775 2.3298124900980457 2.327533455932914 2.325254421767782 2.3229753876026504 2.320696353437519 2.3177771335417914 2.314173540624691 2.3105699477075845 2.306966354790484 2.303362761873384 2.2997591689562835 2.296155576039183 2.292551983122083 2.2889483902049825 2.2853447972878818 2.2817412043707814 2.278137611453681 2.2745340185365808 2.2709304256194804 2.26732683270238 2.2637232397852736 2.2601196468681732 2.256516053951073 2.2529124610339726 2.2493088681168723 2.245705275199772 2.2421016822826716 2.2384980893655713 2.2348944964484705 2.23129090353137 2.22768731061427 2.2240837176971695 2.220480124780069 -9999.0 -9999.0
2.3542029376234352 2.3519256255326035 2.3496483134417723 2.347371001350937 2.3450936892601058 2.3428163771692745 2.340539065078443 2.3382617529876115 2.3359844408967803 2.333707128805949 2.3314298167151173 2.329152504624286 2.3268751925334548 2.3245978804426235 2.3216772942879147 2.3180690336137246 2.3144607729395283 2.3108525122653383 2.3072442515911478 2.3036359909169577 2.3000277302427676 2.296419469568577 2.292811208894387 2.289202948220197 2.285594687546007 2.2819864268718164 2.2783781661976263 2.2747699055234363 2.271161644849246 2.26755338417505 2.2639451235008594 2.2603368628266693 2.2567286021524793 2.253120341478289 2.2495120808040987 2.2459038201299086 2.2422955594557186 2.238687298781528 2.235079038107338 2.231470777433148 2.227862516758958 2.2242542560847673 2.220645995410571 2.217037734736381
2.3603988546856547 2.3581690996194893 2.3559393445533234 2.353709589487154 2.3514798344209886 2.3492500793548228 2.3470203242886574 2.3447905692224915 2.3425608141563257 2.3403310590901603 2.3381013040239944 2.335871548957829 2.333641793891663 2.3314120388254977 2.328487408627543 2.3248199412017465 2.3211524737759435 2.317485006350147 2.3138175389243507 2.3101500714985543 2.306482604072758 2.3028151366469616 2.299147669221165 2.295480201795369 2.291812734369572 2.2881452669437756 2.2844777995179792 2.280810332092183 2.2771428646663865 2.273475397240584 2.2698079298147875 2.266140462388991 2.2624729949631943 2.258805527537398 2.2551380601116016 2.251470592685805 2.247803125260009 2.2441356578342124 2.240468190408416 2.2368007229826197 2.2331332555568233 2.2294657881310265 2.225798320705224 2.2221308532794275
2.366594771747875 2.364412573706375 2.362230375664875 2.3600481776233715 2.3578659795818715 2.355683781540372 2.353501583498872 2.351319385457372 2.349137187415872 2.346954989374372 2.344772791332872 2.3425905932913724 2.3404083952498724 2.3382261972083724 2.335297522967171 2.3315708487897684 2.3278441746123595 2.324117500434957 2.320390826257554 2.3166641520801514 2.3129374779027487 2.309210803725346 2.3054841295479434 2.3017574553705407 2.298030781193138 2.2943041070157353 2.2905774328383326 2.28685075866093 2.283124084483527 2.2793974103061183 2.2756707361287156 2.271944061951313 2.2682173877739102 2.2644907135965076 2.260764039419105 2.257037365241702 2.2533106910642995 2.249584016886897 2.245857342709494 2.2421306685320914 2.238403994354689 2.2346773201772865 2.230950645999877 2.2272239718224744
2.372790688810095 2.370656047793261 2.3685214067764266 2.3663867657595885 2.3642521247427544 2.3621174837259202 2.359982842709086 2.357848201692252 2.355713560675418 2.3535789196585832 2.351444278641749 2.349309637624915 2.347174996608081 2.3450403555912467 2.3421076373067993 2.3383217563777903 2.3345358754487746 2.330749994519766 2.326964113590757 2.323178232661748 2.319392351732739 2.31560647080373 2.3118205898747215 2.3080347089457125 2.3042488280167035 2.3004629470876945 2.2966770661586855 2.292891185229677 2.289105304300668 2.2853194233716523 2.2815335424426437 2.2777476615136347 2.2739617805846257 2.2701758996556167 2.2663900187266077 2.2626041377975987 2.25881825686859 2.255032375939581 2.251246495010572 2.247460614081563 2.243674733152554 2.2398888522235456 2.23610297129453 2.232317090365521
2.378986605872315 2.3768995218801465 2.374812437887978 2.372725353895806 2.3706382699036377 2.368551185911469 2.3664641019193007 2.364377017927132 2.3622899339349637 2.3602028499427954 2.3581157659506267 2.3560286819584584 2.3539415979662897 2.3518545139741214 2.3489177516464275 2.345072663965812 2.3412275762851906 2.3373824886045753 2.3335374009239604 2.329692313243345 2.32584722556273 2.3220021378821145 2.3181570502014996 2.3143119625208843 2.310466874840269 2.306621787159654 2.302776699479039 2.2989316117984235 2.2950865241178087 2.2912414364371867 2.2873963487565714 2.2835512610759565 2.279706173395341 2.275861085714726 2.272015998034111 2.2681709103534957 2.2643258226728804 2.2604807349922655 2.2566356473116502 2.252790559631035 2.24894547195042 2.2451003842698047 2.2412552965891828 2.237410208908568
2.38518252293454 2.383142995967037 2.3811034689995343 2.3790639420320283 2.3770244150645254 2.374984888097023 2.37294536112952 2.3709058341620177 2.368866307194515 2.366826780227012 2.3647872532595096 2.3627477262920067 2.3607081993245043 2.3586686723570014 2.355727865986061 2.35182357155384 2.3479192771216115 2.3440149826893903 2.3401106882571687 2.336206393824947 2.332302099392726 2.3283978049605043 2.3244935105282827 2.3205892160960615 2.31668492166384 2.3127806272316183 2.308876332799397 2.3049720383671755 2.301067743934954 2.297163449502726 2.2932591550705044 2.289354860638283 2.2854505662060616 2.28154627177384 2.2776419773416188 2.273737682909397 2.2698333884771755 2.2659290940449544 2.2620247996127327 2.258120505180511 2.25421621074829 2.2503119163160683 2.24640762188384 2.242503327451619
2.39137843999676 2.389386470053923 2.3873945001110863 2.3854025301682458 2.3834105602254088 2.3814185902825717 2.3794266203397347 2.3774346503968977 2.375442680454061 2.373450710511224 2.371458740568387 2.36946677062555 2.367474800682713 2.365482830739876 2.3625379803256896 2.3585744791418617 2.3546109779580275 2.3506474767741996 2.346683975590372 2.342720474406544 2.3387569732227167 2.3347934720388888 2.330829970855061 2.3268664696712333 2.3229029684874054 2.318939467303578 2.31497596611975 2.3110124649359225 2.3070489637520946 2.3030854625682604 2.2991219613844325 2.295158460200605 2.291194959016777 2.2872314578329496 2.2832679566491216 2.2793044554652937 2.275340954281466 2.2713774530976383 2.267413951913811 2.263450450729983 2.2594869495461554 2.2555234483623274 2.2515599471784933 2.2475964459946653
2.39757435705898 2.3956299441408087 2.3936855312226375 2.391741118304463 2.3897967053862916 2.3878522924681205 2.3859078795499493 2.3839634666317777 2.3820190537136066 2.3800746407954354 2.3781302278772642 2.376185814959093 2.3742414020409215 2.3722969891227503 2.3693480946653174 2.3653253867298836 2.3613026787944427 2.357279970859009 2.3532572629235746 2.349234554988141 2.345211847052707 2.3411891391172728 2.337166431181839 2.333143723246405 2.329121015310971 2.325098307375537 2.321075599440103 2.317052891504669 2.3130301835692353 2.3090074756337944 2.30498476769836 2.3009620597629263 2.2969393518274925 2.2929166438920583 2.2888939359566245 2.2848712280211907 2.2808485200857564 2.2768258121503226 2.272803104214889 2.2687803962794546 2.264757688344021 2.2607349804085866 2.256712272473146 2.252689564537712
2.4037702741211997 2.4018734182276944 2.399976562334189 2.3980797064406802 2.3961828505471745 2.394285994653669 2.3923891387601635 2.390492282866658 2.388595426973153 2.386698571079647 2.384801715186142 2.382904859292636 2.3810080033991308 2.379111147505625 2.376158209004946 2.372076294317906 2.3679943796308587 2.363912464943818 2.359830550256778 2.355748635569738 2.351666720882698 2.3475848061956572 2.343502891508617 2.339420976821577 2.335339062134537 2.3312571474474963 2.3271752327604562 2.323093318073416 2.319011403386376 2.314929488699329 2.3108475740122882 2.306765659325248 2.302683744638208 2.298601829951168 2.2945199152641274 2.2904380005770872 2.286356085890047 2.282274171203007 2.2781922565159665 2.2741103418289264 2.2700284271418862 2.265946512454846 2.261864597767799 2.2577826830807584
2.4099661911834196 2.4081168923145797 2.4062675934457403 2.4044182945768973 2.4025689957080574 2.4007196968392175 2.398870397970378 2.397021099101538 2.3951718002326983 2.3933225013638584 2.391473202495019 2.389623903626179 2.387774604757339 2.3859253058884993 2.3829683233445738 2.3788272019059273 2.374686080467274 2.3705449590286274 2.366403837589981 2.3622627161513345 2.358121594712688 2.3539804732740417 2.3498393518353953 2.3456982303967484 2.341557108958102 2.3374159875194556 2.333274866080809 2.3291337446421627 2.3249926232035163 2.3208515017648628 2.3167103803262163 2.31256925888757 2.3084281374489235 2.3042870160102766 2.30014589457163 2.296004773132984 2.2918636516943374 2.287722530255691 2.2835814088170445 2.279440287378398 2.2752991659397517 2.2711580445011053 2.2670169230624517 2.262875801623805
2.4161621082456395 2.4143603664014655 2.4125586245572914 2.4107568827131143 2.4089551408689402 2.407153399024766 2.405351657180592 2.403549915336418 2.401748173492244 2.39994643164807 2.398144689803896 2.396342947959722 2.394541206115548 2.3927394642713735 2.389778437684202 2.385578109493949 2.3813777813036894 2.3771774531134366 2.372977124923184 2.368776796732931 2.3645764685426784 2.3603761403524257 2.356175812162173 2.3519754839719202 2.3477751557816675 2.3435748275914148 2.339374499401162 2.3351741712109093 2.3309738430206566 2.3267735148303967 2.322573186640144 2.3183728584498913 2.3141725302596385 2.309972202069386 2.305771873879133 2.3015715456888803 2.2973712174986276 2.2931708893083753 2.2889705611181226 2.28477023292787 2.280569904737617 2.2763695765473644 2.2721692483571045 2.267968920166852
2.4223580253078594 2.420603840488351 2.418849655668843 2.4170954708493317 2.415341286029823 2.413587101210315 2.4118329163908068 2.410078731571298 2.40832454675179 2.406570361932282 2.404816177112773 2.403061992293265 2.401307807473757 2.3995536226542487 2.39658855202383 2.392329017081971 2.388069482140105 2.383809947198246 2.3795504122563873 2.3752908773145283 2.371031342372669 2.36677180743081 2.362512272488951 2.358252737547092 2.353993202605233 2.3497336676633744 2.3454741327215154 2.3412145977796563 2.3369550628377973 2.332695527895931 2.328435992954072 2.324176458012213 2.319916923070354 2.3156573881284954 2.3113978531866364 2.3071383182447773 2.3028787833029183 2.2986192483610592 2.2943597134192 2.2901001784773416 2.2858406435354826 2.2815811085936235 2.2773215736517574 2.2730620387098983
