Figures/CREST_Example_wjb_NSE/PETs/wjb.pet.20090101.asc
ncols            288
nrows            254
xllcorner        113.274861
yllcorner        31.4918055
cellsize         0.008333333333
NODATA_value     -9999
[rows 114 to 132 of 254, columns 176 to 219 of 288]
0.5927458753295933 0.5925193016372202 0.5922927279448471 0.5920661542524741 0.591839580560101 0.5916130068677279 0.5913864331753544 0.5911598594829813 0.5909332857906082 0.5907067120982351 0.590480138405862 0.590253564713489 0.5900269910211159 0.5898004173287428 0.5895738436363697 0.5893472699439966 0.5891868375787889 0.5890971117888749 0.5890073859989609 0.5889176602090468 0.5888279344191327 0.5887382086292188 0.5886484828393047 0.5885587570493908 0.5884690312594767 0.5883793054695627 0.5882895796796487 0.5881998538897347 0.5881101280998207 0.5880204023099067 0.5879306765199926 0.5878409507300787 0.5877512249401645 0.5876614991502506 0.5875717733603365 0.5874820475704225 0.5873923217805085 0.5873025959905945 0.5872128702006805 0.5871231444107665 0.5870334186208525 0.5869436928309385 0.5868539670410244 0.5867642412511105
0.5938736937756318 0.5936351550783147 0.5933966163809976 0.5931580776836805 0.5929195389863633 0.5926810002890461 0.5924424615917285 0.5922039228944114 0.5919653841970943 0.5917268454997772 0.59148830680246 0.5912497681051428 0.5910112294078257 0.5907726907105085 0.5905341520131914 0.5902956133158743 0.5901318129860378 0.590047909662114 0.5899640063381901 0.5898801030142661 0.5897961996903422 0.5897122963664183 0.5896283930424945 0.5895444897185707 0.5894605863946467 0.5893766830707229 0.5892927797467991 0.5892088764228751 0.5891249730989513 0.5890410697750275 0.5889571664511035 0.5888732631271797 0.5887893598032556 0.5887054564793318 0.588621553155408 0.588537649831484 0.5884537465075602 0.5883698431836364 0.5882859398597124 0.5882020365357886 0.5881181332118647 0.5880342298879409 0.587950326564017 0.5878664232400931
0.5950015122216705 0.5947510085194093 0.5945005048171481 0.5942500011148869 0.5939994974126257 0.5937489937103645 0.5934984900081028 0.5932479863058416 0.5929974826035804 0.5927469789013192 0.592496475199058 0.5922459714967968 0.5919954677945356 0.5917449640922744 0.5914944603900132 0.5912439566877521 0.5910767883932868 0.5909987075353531 0.5909206266774193 0.5908425458194855 0.5907644649615518 0.590686384103618 0.5906083032456843 0.5905302223877505 0.5904521415298168 0.590374060671883 0.5902959798139493 0.5902178989560156 0.5901398180980818 0.5900617372401481 0.5899836563822144 0.5899055755242807 0.5898274946663468 0.5897494138084131 0.5896713329504794 0.5895932520925455 0.5895151712346118 0.5894370903766781 0.5893590095187443 0.5892809286608106 0.5892028478028769 0.5891247669449432 0.5890466860870094 0.5889686052290757
0.596129330667709 0.5958668619605038 0.5956043932532985 0.5953419245460932 0.595079455838888 0.5948169871316827 0.594554518424477 0.5942920497172718 0.5940295810100665 0.5937671123028613 0.593504643595656 0.5932421748884508 0.5929797061812455 0.5927172374740403 0.592454768766835 0.5921923000596298 0.5920217638005357 0.5919495054085921 0.5918772470166485 0.5918049886247048 0.5917327302327612 0.5916604718408176 0.591588213448874 0.5915159550569304 0.5914436966649868 0.5913714382730432 0.5912991798810996 0.591226921489156 0.5911546630972124 0.5910824047052688 0.5910101463133253 0.5909378879213816 0.5908656295294379 0.5907933711374943 0.5907211127455507 0.5906488543536071 0.5905765959616636 0.5905043375697199 0.5904320791777763 0.5903598207858327 0.5902875623938891 0.5902153040019456 0.590143045610002 0.5900707872180584
0.5969918549876677 0.596723463573488 0.5964550721593084 0.5961866807451287 0.595918289330949 0.5956498979167694 0.5953815065025893 0.5951131150884096 0.5948447236742299 0.5945763322600502 0.5943079408458706 0.5940395494316909 0.5937711580175112 0.5935027666033316 0.5932343751891519 0.5929659837749722 0.5927900480312746 0.5927129494912802 0.5926358509512858 0.5925587524112914 0.592481653871297 0.5924045553313028 0.5923274567913084 0.5922503582513141 0.5921732597113197 0.5920961611713255 0.5920190626313311 0.5919419640913368 0.5918648655513424 0.591787767011348 0.5917106684713538 0.5916335699313594 0.591556471391365 0.5914793728513706 0.5914022743113764 0.591325175771382 0.5912480772313877 0.5911709786913933 0.5910938801513991 0.5910167816114047 0.5909396830714103 0.590862584531416 0.5907854859914217 0.5907083874514274
0.5975707966118101 0.5973029413262604 0.5970350860407106 0.5967672307551609 0.5964993754696112 0.5962315201840614 0.5959636648985113 0.5956958096129615 0.5954279543274118 0.5951600990418621 0.5948922437563123 0.5946243884707626 0.594356533185213 0.5940886778996632 0.5938208226141135 0.5935529673285638 0.5933694605334824 0.593276124183232 0.5931827878329815 0.5930894514827308 0.5929961151324804 0.59290277878223 0.5928094424319795 0.592716106081729 0.5926227697314785 0.5925294333812281 0.5924360970309777 0.5923427606807272 0.5922494243304768 0.5921560879802262 0.5920627516299758 0.5919694152797254 0.5918760789294748 0.5917827425792243 0.5916894062289738 0.5915960698787234 0.5915027335284729 0.5914093971782225 0.5913160608279721 0.5912227244777215 0.5911293881274711 0.5910360517772206 0.5909427154269702 0.5908493790767197
0.5981497382359524 0.5978824190790326 0.5976150999221128 0.597347780765193 0.5970804616082732 0.5968131424513535 0.5965458232944333 0.5962785041375135 0.5960111849805937 0.5957438658236739 0.5954765466667542 0.5952092275098344 0.5949419083529146 0.5946745891959948 0.594407270039075 0.5941399508821552 0.5939488730356902 0.5938392988751837 0.5937297247146771 0.5936201505541703 0.5935105763936638 0.5934010022331572 0.5932914280726506 0.593181853912144 0.5930722797516373 0.5929627055911308 0.5928531314306242 0.5927435572701176 0.592633983109611 0.5925244089491044 0.5924148347885979 0.5923052606280913 0.5921956864675845 0.592086112307078 0.5919765381465714 0.5918669639860648 0.5917573898255581 0.5916478156650515 0.591538241504545 0.5914286673440384 0.5913190931835318 0.5912095190230252 0.5910999448625186 0.5909903707020121
0.5987286798600947 0.598461896831805 0.5981951138035151 0.5979283307752252 0.5976615477469354 0.5973947647186456 0.5971279816903553 0.5968611986620654 0.5965944156337756 0.5963276326054858 0.596060849577196 0.5957940665489061 0.5955272835206162 0.5952605004923265 0.5949937174640366 0.5947269344357468 0.5945282855378982 0.5944024735671354 0.5942766615963727 0.5941508496256098 0.594025037654847 0.5938992256840844 0.5937734137133216 0.5936476017425589 0.5935217897717963 0.5933959778010335 0.5932701658302708 0.593144353859508 0.5930185418887454 0.5928927299179826 0.5927669179472199 0.5926411059764572 0.5925152940056942 0.5923894820349316 0.5922636700641688 0.5921378580934061 0.5920120461226435 0.5918862341518807 0.591760422181118 0.5916346102103552 0.5915087982395926 0.5913829862688298 0.5912571742980671 0.5911313623273045
0.599307621484237 0.5990413745845772 0.5987751276849173 0.5985088807852573 0.5982426338855975 0.5979763869859376 0.5977101400862773 0.5974438931866174 0.5971776462869575 0.5969113993872976 0.5966451524876377 0.5963789055879778 0.596112658688318 0.595846411788658 0.5955801648889982 0.5953139179893383 0.595107698040106 0.5949656482590872 0.5948235984780683 0.5946815486970493 0.5945394989160304 0.5943974491350116 0.5942553993539927 0.5941133495729739 0.5939712997919551 0.5938292500109362 0.5936872002299174 0.5935451504488986 0.5934031006678797 0.5932610508868608 0.5931190011058419 0.5929769513248231 0.592834901543804 0.5926928517627852 0.5925508019817664 0.5924087522007475 0.5922667024197287 0.5921246526387098 0.591982602857691 0.5918405530766722 0.5916985032956533 0.5915564535146345 0.5914144037336156 0.5912723539525968
0.5998865631083794 0.5996208523373494 0.5993551415663195 0.5990894307952895 0.5988237200242597 0.5985580092532297 0.5982922984821993 0.5980265877111693 0.5977608769401394 0.5974951661691095 0.5972294553980795 0.5969637446270496 0.5966980338560196 0.5964323230849897 0.5961666123139597 0.5959009015429299 0.5956871105423139 0.5955288229510389 0.5953705353597639 0.5952122477684887 0.5950539601772138 0.5948956725859388 0.5947373849946638 0.5945790974033889 0.5944208098121139 0.5942625222208389 0.594104234629564 0.593945947038289 0.593787659447014 0.5936293718557389 0.593471084264464 0.593312796673189 0.5931545090819138 0.5929962214906388 0.5928379338993639 0.5926796463080889 0.5925213587168139 0.592363071125539 0.592204783534264 0.592046495942989 0.5918882083517141 0.5917299207604391 0.5915716331691641 0.591413345577889
0.6004655047325222 0.6002003300901223 0.5999351554477222 0.5996699808053223 0.5994048061629222 0.5991396315205223 0.5988744568781218 0.5986092822357219 0.5983441075933218 0.5980789329509218 0.5978137583085219 0.5975485836661218 0.5972834090237219 0.5970182343813218 0.5967530597389219 0.5964878850965218 0.5962665230445223 0.5960919976429913 0.5959174722414601 0.5957429468399287 0.5955684214383976 0.5953938960368664 0.5952193706353354 0.5950448452338042 0.5948703198322731 0.5946957944307419 0.5945212690292109 0.5943467436276798 0.5941722182261486 0.5939976928246176 0.5938231674230864 0.5936486420215553 0.5934741166200239 0.5932995912184927 0.5931250658169617 0.5929505404154305 0.5927760150138994 0.5926014896123682 0.5924269642108372 0.5922524388093061 0.5920779134077749 0.5919033880062439 0.5917288626047127 0.5915543372031816
0.6010444463566645 0.6007798078428945 0.6005151693291244 0.6002505308153544 0.5999858923015844 0.5997212537878143 0.5994566152740438 0.5991919767602738 0.5989273382465037 0.5986626997327337 0.5983980612189637 0.5981334227051935 0.5978687841914235 0.5976041456776535 0.5973395071638834 0.5970748686501134 0.5968459355467303 0.596655172334943 0.5964644091231557 0.5962736459113681 0.5960828826995809 0.5958921194877936 0.5957013562760064 0.5955105930642192 0.5953198298524319 0.5951290666406447 0.5949383034288575 0.5947475402170702 0.594556777005283 0.5943660137934957 0.5941752505817085 0.5939844873699213 0.5937937241581337 0.5936029609463463 0.5934121977345591 0.5932214345227719 0.5930306713109846 0.5928399080991974 0.5926491448874102 0.5924583816756229 0.5922676184638357 0.5920768552520485 0.5918860920402612 0.591695328828474
0.601623387980807 0.6013592855956668 0.6010951832105267 0.6008310808253866 0.6005669784402465 0.6003028760551063 0.6000387736699658 0.5997746712848258 0.5995105688996857 0.5992464665145455 0.5989823641294054 0.5987182617442653 0.5984541593591252 0.5981900569739851 0.597925954588845 0.5976618522037049 0.5974253480489381 0.5972183470268947 0.5970113460048514 0.5968043449828077 0.5965973439607642 0.5963903429387208 0.5961833419166775 0.5959763408946341 0.5957693398725907 0.5955623388505474 0.595355337828504 0.5951483368064606 0.5949413357844172 0.5947343347623739 0.5945273337403305 0.5943203327182871 0.5941133316962434 0.5939063306742001 0.5936993296521567 0.5934923286301133 0.59328532760807 0.5930783265860265 0.5928713255639831 0.5926643245419397 0.5924573235198964 0.592250322497853 0.5920433214758096 0.5918363204537663
0.6022023296049492 0.6019387633484391 0.6016751970919288 0.6014116308354187 0.6011480645789086 0.6008844983223984 0.6006209320658878 0.6003573658093777 0.6000937995528675 0.5998302332963573 0.5995666670398472 0.599303100783337 0.5990395345268269 0.5987759682703168 0.5985124020138066 0.5982488357572964 0.598004760551146 0.5977815217188465 0.597558282886547 0.5973350440542471 0.5971118052219476 0.596888566389648 0.5966653275573486 0.5964420887250491 0.5962188498927495 0.5959956110604501 0.5957723722281506 0.595549133395851 0.5953258945635516 0.5951026557312521 0.5948794168989525 0.594656178066653 0.5944329392343531 0.5942097004020537 0.5939864615697542 0.5937632227374546 0.5935399839051552 0.5933167450728557 0.5930935062405561 0.5928702674082567 0.5926470285759572 0.5924237897436576 0.5922005509113581 0.5919773120790587
0.6027812712290915 0.6025182411012113 0.6022552109733311 0.6019921808454509 0.6017291507175707 0.6014661205896905 0.6012030904618099 0.6009400603339297 0.6006770302060495 0.6004140000781693 0.6001509699502889 0.5998879398224087 0.5996249096945285 0.5993618795666483 0.5990988494387681 0.5988358193108879 0.5985841730533539 0.5983446964107982 0.5981052197682426 0.5978657431256865 0.5976262664831309 0.5973867898405752 0.5971473131980196 0.596907836555464 0.5966683599129083 0.5964288832703527 0.5961894066277971 0.5959499299852414 0.5957104533426858 0.5954709767001302 0.5952315000575745 0.5949920234150189 0.5947525467724629 0.5945130701299073 0.5942735934873516 0.594034116844796 0.5937946402022404 0.5935551635596847 0.5933156869171291 0.5930762102745735 0.5928367336320178 0.5925972569894622 0.5923577803469066 0.5921183037043509
0.6033602128532339 0.6030977188539837 0.6028352248547334 0.6025727308554831 0.6023102368562329 0.6020477428569826 0.6017852488577319 0.6015227548584816 0.6012602608592313 0.6009977668599811 0.6007352728607308 0.6004727788614806 0.6002102848622304 0.5999477908629801 0.5996852968637298 0.5994228028644796 0.5991635855555618 0.5989078711027501 0.5986521566499383 0.5983964421971261 0.5981407277443144 0.5978850132915026 0.5976292988386908 0.5973735843858791 0.5971178699330673 0.5968621554802555 0.5966064410274438 0.596350726574632 0.5960950121218201 0.5958392976690084 0.5955835832161966 0.5953278687633848 0.5950721543105727 0.5948164398577609 0.5945607254049492 0.5943050109521374 0.5940492964993256 0.5937935820465139 0.5935378675937021 0.5932821531408903 0.5930264386880786 0.5927707242352668 0.592515009782455 0.5922592953296433
0.6039391544773763 0.603677196606756 0.6034152387361357 0.6031532808655153 0.602891322994895 0.6026293651242747 0.6023674072536539 0.6021054493830336 0.6018434915124133 0.601581533641793 0.6013195757711727 0.6010576179005523 0.600795660029932 0.6005337021593117 0.6002717442886913 0.600009786418071 0.5997429980577698 0.5994710457947019 0.5991990935316339 0.5989271412685656 0.5986551890054976 0.5983832367424298 0.5981112844793619 0.597839332216294 0.5975673799532261 0.5972954276901582 0.5970234754270903 0.5967515231640224 0.5964795709009545 0.5962076186378866 0.5959356663748188 0.5956637141117508 0.5953917618486825 0.5951198095856145 0.5948478573225466 0.5945759050594788 0.5943039527964109 0.5940320005333429 0.5937600482702751 0.5934880960072072 0.5932161437441392 0.5929441914810714 0.5926722392180035 0.5924002869549355
0.6045180961015191 0.6042566743595287 0.6039952526175384 0.603733830875548 0.6034724091335576 0.6032109873915672 0.6029495656495764 0.6026881439075861 0.6024267221655957 0.6021653004236053 0.6019038786816149 0.6016424569396245 0.6013810351976342 0.6011196134556438 0.6008581917136534 0.600596769971663 0.600322410559978 0.600034220486654 0.59974603041333 0.5994578403400055 0.5991696502666815 0.5988814601933574 0.5985932701200334 0.5983050800467093 0.5980168899733853 0.5977286999000613 0.5974405098267372 0.5971523197534132 0.5968641296800891 0.596575939606765 0.596287749533441 0.595999559460117 0.5957113693867925 0.5954231793134684 0.5951349892401444 0.5948467991668204 0.5945586090934963 0.5942704190201723 0.5939822289468483 0.5936940388735242 0.5934058488002002 0.5931176587268762 0.5928294686535521 0.5925412785802281
0.6050970377256614 0.604836152112301 0.6045752664989406 0.6043143808855801 0.6040534952722196 0.6037926096588593 0.6035317240454984 0.6032708384321379 0.6030099528187776 0.6027490672054171 0.6024881815920566 0.6022272959786963 0.6019664103653358 0.6017055247519754 0.601444639138615 0.6011837535252545 0.600901823062186 0.6005973951786058 0.6002929672950256 0.5999885394114449 0.5996841115278647 0.5993796836442846 0.5990752557607044 0.5987708278771242 0.5984663999935441 0.5981619721099639 0.5978575442263837 0.5975531163428036 0.5972486884592234 0.5969442605756432 0.5966398326920631 0.5963354048084829 0.5960309769249023 0.595726549041322 0.595422121157742 0.5951176932741618 0.5948132653905815 0.5945088375070015 0.5942044096234212 0.593899981739841 0.593595553856261 0.5932911259726807 0.5929866980891005 0.5926822702055204
