Figures/CREST_Example_wjb_NSE/PETs/wjb.pet.20090707.asc
ncols            288
nrows            254
xllcorner        113.274861
yllcorner        31.4918055
cellsize         0.008333333333
NODATA_value     -9999
[rows 140 to 159 of 254, columns 220 to 263 of 288]
3.310843761573447 3.3100182321436096 3.3087650158557596 3.307054592637394 3.305344169419029 3.303633746200664 3.3019233229822986 3.3002128997639333 3.2985024765455684 3.296792053327203 3.2950816301088377 3.293371206890473 3.2916607836721075 3.289950360453742 3.288239937235374 3.2865295140170088 3.284819090798644 3.2831086675802785 3.281398244361913 3.2796878211435483 3.277977397925183 3.2762669747068176 3.2745565514884527 3.2728461282700874 3.271135705051722 3.269425281833357 3.267714858614992 3.2660044353966238 3.2642940121782584 3.262583588959893 3.260873165741528 3.259162742523163 3.25674910211464 3.2535837066111952 3.2504183111077505 3.2472529156043057 3.244087520100861 3.2409221245974167 3.237756729093972 3.234591333590527 3.231425938087077 3.2282605425836324 3.225095147080188 3.2219297515767433
3.320017893534279 3.318802045450366 3.3173542119152786 3.315658380682649 3.31396254945002 3.31226671821739 3.3105708869847605 3.308875055752131 3.3071792245195017 3.305483393286872 3.3037875620542425 3.302091730821613 3.3003958995889837 3.298700068356354 3.297004237123722 3.295308405891092 3.2936125746584626 3.291916743425833 3.290220912193204 3.288525080960574 3.2868292497279445 3.285133418495315 3.2834375872626858 3.281741756030056 3.2800459247974265 3.278350093564797 3.2766542623321677 3.274958431099535 3.273262599866906 3.271566768634276 3.2698709374016466 3.268175106169017 3.2658108422947847 3.26273200879545 3.259653175296115 3.2565743417967803 3.253495508297445 3.2504166747981103 3.2473378412987755 3.2442590077994407 3.2411801743001005 3.2381013408007657 3.235022507301431 3.2319436738020957
3.329192025495111 3.3275858587571223 3.325943407974798 3.324262168727904 3.3225809294810102 3.3208996902341164 3.3192184509872225 3.317537211740329 3.315855972493435 3.314174733246541 3.3124934939996473 3.3108122547527534 3.3091310155058595 3.307449776258966 3.305768537012069 3.304087297765175 3.3024060585182817 3.300724819271388 3.299043580024494 3.2973623407776 3.295681101530706 3.2939998622838123 3.292318623036919 3.290637383790025 3.288956144543131 3.287274905296237 3.285593666049343 3.2839124268024467 3.2822311875555528 3.280549948308659 3.278868709061765 3.2771874698148715 3.27487258247493 3.2718803109797046 3.2688880394844797 3.2658957679892544 3.2629034964940296 3.2599112249988043 3.256918953503579 3.253926682008354 3.250934410513124 3.2479421390178986 3.244949867522674 3.2419575960274485
3.3383661574559422 3.3363696720638787 3.3345326040343166 3.3328659567731584 3.3311993095120007 3.3295326622508425 3.3278660149896844 3.326199367728526 3.324532720467368 3.32286607320621 3.3211994259450517 3.3195327786838935 3.3178661314227353 3.316199484161577 3.3145328369004163 3.312866189639258 3.3111995423781 3.309532895116942 3.3078662478557836 3.3061996005946255 3.3045329533334673 3.302866306072309 3.3011996588111514 3.2995330115499932 3.297866364288835 3.296199717027677 3.2945330697665187 3.292866422505358 3.2911997752441997 3.2895331279830415 3.2878664807218834 3.286199833460725 3.283934322655074 3.281028613163959 3.278122903672844 3.2752171941817285 3.272311484690613 3.269405775199498 3.2665000657083825 3.263594356217267 3.260688646726147 3.2577829372350315 3.254877227743916 3.2519715182528013
3.347540289416782 3.345153485370642 3.343121800093843 3.3414697448184207 3.3398176895429983 3.338165634267576 3.3365135789921534 3.334861523716731 3.3332094684413085 3.331557413165886 3.3299053578904636 3.328253302615041 3.3266012473396187 3.3249491920641963 3.323297136788771 3.3216450815133487 3.3199930262379262 3.318340970962504 3.3166889156870814 3.315036860411659 3.3133848051362365 3.311732749860814 3.3100806945853916 3.308428639309969 3.3067765840345467 3.305124528759124 3.3034724734837018 3.3018204182082767 3.300168362932854 3.2985163076574318 3.2968642523820093 3.295212197106587 3.292996062835227 3.2901769153482214 3.287357767861216 3.2845386203742106 3.2817194728872052 3.2789003254002 3.276081177913194 3.2732620304261886 3.2704428829391783 3.267623735452173 3.2648045879651675 3.261985440478162
3.356714421377614 3.3539372986773985 3.3517109961533627 3.3500735328636755 3.3484360695739888 3.346798606284302 3.3451611429946153 3.3435236797049286 3.341886216415242 3.340248753125555 3.3386112898358684 3.3369738265461817 3.335336363256495 3.3336988999668082 3.332061436677119 3.3304239733874317 3.328786510097745 3.3271490468080582 3.3255115835183715 3.323874120228685 3.322236656938998 3.3205991936493113 3.3189617303596246 3.317324267069938 3.315686803780251 3.3140493404905644 3.3124118772008777 3.3107744139111883 3.309136950621501 3.3074994873318144 3.3058620240421277 3.304224560752441 3.302057803015372 3.299325217532476 3.2965926320495806 3.2938600465666847 3.2911274610837893 3.2883948756008934 3.285662290117998 3.282929704635102 3.2801971191522017 3.2774645336693062 3.2747319481864103 3.271999362703515
3.3658885533384457 3.362721111984155 3.3603001922128817 3.3586773209089307 3.3570544496049797 3.3554315783010287 3.3538087069970777 3.3521858356931262 3.3505629643891752 3.3489400930852242 3.3473172217812732 3.345694350477322 3.344071479173371 3.34244860786942 3.340825736565466 3.339202865261515 3.337579993957564 3.335957122653613 3.334334251349662 3.3327113800457107 3.3310885087417597 3.3294656374378087 3.3278427661338577 3.3262198948299067 3.3245970235259557 3.3229741522220047 3.321351280918053 3.3197284096140995 3.3181055383101485 3.3164826670061975 3.3148597957022465 3.313236924398295 3.3111195431955167 3.3084735197167308 3.3058274962379453 3.3031814727591593 3.3005354492803733 3.2978894258015874 3.2952434023228014 3.2925973788440155 3.289951355365225 3.287305331886439 3.284659308407653 3.2820132849288672
3.375062685299277 3.371504925290911 3.3688893882724007 3.3672811089541854 3.3656728296359697 3.3640645503177544 3.362456270999539 3.360847991681324 3.359239712363108 3.357631433044893 3.3560231537266776 3.3544148744084623 3.3528065950902466 3.3511983157720313 3.3495900364538134 3.347981757135598 3.3463734778173824 3.344765198499167 3.343156919180952 3.3415486398627365 3.339940360544521 3.3383320812263055 3.3367238019080903 3.335115522589875 3.3335072432716597 3.331898963953444 3.3302906846352287 3.3286824053170108 3.327074125998795 3.3254658466805798 3.3238575673623645 3.322249288044149 3.3201812833756614 3.3176218219009854 3.315062360426309 3.312502898951633 3.309943437476957 3.307383976002281 3.3048245145276045 3.3022650530529285 3.299705591578248 3.297146130103572 3.294586668628896 3.2920272071542196
3.3834049041841956 3.3797066527104556 3.3770194094320845 3.3754129567954303 3.3738065041587757 3.3722000515221215 3.3705935988854674 3.368987146248813 3.3673806936121586 3.3657742409755045 3.36416778833885 3.3625613357021957 3.3609548830655416 3.359348430428887 3.35774197779223 3.356135525155576 3.3545290725189214 3.3529226198822673 3.351316167245613 3.3497097146089585 3.3481032619723043 3.34649680933565 3.3448903566989956 3.3432839040623414 3.3416774514256873 3.3400709987890327 3.3384645461523785 3.3368580935157217 3.335251640879067 3.333645188242413 3.332038735605759 3.330432282969104 3.3283732290584873 3.325830334140524 3.32328743922256 3.320744544304597 3.3182016493866335 3.3156587544686698 3.3131158595507064 3.3105729646327426 3.308030069714775 3.3054871747968115 3.302944279878848 3.3004013849608844
3.39085786043307 3.3872861670100813 3.384658601569296 3.383040330308739 3.381422059048182 3.379803787787625 3.3781855165270676 3.3765672452665108 3.3749489740059535 3.3733307027453963 3.3717124314848395 3.370094160224282 3.368475888963725 3.366857617703168 3.3652393464426082 3.363621075182051 3.3620028039214938 3.360384532660937 3.3587662614003797 3.3571479901398225 3.3555297188792657 3.3539114476187084 3.3522931763581516 3.3506749050975944 3.349056633837037 3.3474383625764803 3.345820091315923 3.344201820055363 3.342583548794806 3.340965277534249 3.339347006273692 3.3377287350131346 3.3356354192537543 3.3330342701716065 3.3304331210894587 3.3278319720073104 3.3252308229251626 3.3226296738430148 3.320028524760867 3.317427375678719 3.314826226596567 3.312225077514419 3.309623928432271 3.307022779350123
3.3983108166819505 3.394865681309713 3.392297793706514 3.390667703822054 3.389037613937594 3.3874075240531343 3.3857774341686744 3.3841473442842145 3.3825172543997546 3.3808871645152947 3.379257074630835 3.377626984746375 3.375996894861915 3.3743668049774547 3.372736715092992 3.371106625208532 3.3694765353240723 3.3678464454396124 3.3662163555551525 3.3645862656706926 3.3629561757862327 3.361326085901773 3.359695996017313 3.358065906132853 3.356435816248393 3.3548057263639333 3.3531756364794734 3.351545546595011 3.349915456710551 3.348285366826091 3.346655276941631 3.3450251870571712 3.342897609449027 3.3402382062026947 3.3375788029563624 3.33491939971003 3.332259996463698 3.3296005932173656 3.3269411899710333 3.324281786724701 3.3216223834783642 3.318962980232032 3.3163035769856997 3.3136441737393674
3.405763772930825 3.4024451956093387 3.3999369858437256 3.3982950773353626 3.396653168827 3.3950112603186375 3.3933693518102745 3.391727443301912 3.390085534793549 3.3884436262851865 3.386801717776824 3.385159809268461 3.3835179007600984 3.381875992251736 3.38023408374337 3.3785921752350077 3.3769502667266447 3.375308358218282 3.3736664497099196 3.3720245412015566 3.370382632693194 3.3687407241848315 3.3670988156764685 3.365456907168106 3.363814998659743 3.3621730901513804 3.360531181643018 3.3588892731346522 3.3572473646262897 3.3556054561179267 3.353963547609564 3.3523216391012016 3.3501597996442936 3.3474421422337772 3.3447244848232605 3.3420068274127437 3.339289170002227 3.3365715125917106 3.333853855181194 3.331136197770677 3.328418540360156 3.325700882949639 3.3229832255391227 3.320265568128606
3.413216729179699 3.4100247099089636 3.407576177980937 3.405922450848671 3.4042687237164055 3.4026149965841403 3.4009612694518747 3.399307542319609 3.397653815187344 3.3960000880550782 3.3943463609228126 3.3926926337905474 3.391038906658282 3.389385179526016 3.387731452393748 3.3860777252614827 3.384423998129217 3.3827702709969514 3.381116543864686 3.3794628167324205 3.377809089600155 3.3761553624678897 3.374501635335624 3.3728479082033584 3.3711941810710933 3.3695404539388276 3.367886726806562 3.3662329996742937 3.3645792725420285 3.362925545409763 3.361271818277497 3.359618091145232 3.3574219898395605 3.3546460782648597 3.3518701666901585 3.3490942551154577 3.3463183435407564 3.3435424319660556 3.3407665203913544 3.3379906088166535 3.335214697241948 3.3324387856672466 3.329662874092546 3.3268869625178445
3.4206696854285736 3.4176042242085893 3.415215370118148 3.4135498243619797 3.4118842786058114 3.410218732849643 3.408553187093475 3.4068876413373066 3.4052220955811383 3.40355654982497 3.4018910040688017 3.4002254583126335 3.398559912556465 3.3968943668002973 3.395228821044126 3.3935632752879576 3.3918977295317894 3.390232183775621 3.388566638019453 3.3869010922632845 3.3852355465071162 3.383570000750948 3.3819044549947797 3.3802389092386114 3.378573363482443 3.376907817726275 3.3752422719701065 3.3735767262139356 3.3719111804577673 3.370245634701599 3.3685800889454307 3.3669145431892624 3.3646841800348275 3.361850014295942 3.3590158485570565 3.356181682818171 3.353347517079286 3.3505133513404006 3.3476791856015153 3.34484501986263 3.3420108541237394 3.339176688384854 3.336342522645969 3.3335083569070836
3.428122641677448 3.4251837385082147 3.4228545622553592 3.4211771978752883 3.4194998334952174 3.417822469115146 3.416145104735075 3.414467740355004 3.412790375974933 3.411113011594862 3.409435647214791 3.40775828283472 3.4060809184546486 3.4044035540745776 3.4027261896945036 3.4010488253144326 3.3993714609343617 3.3976940965542908 3.3960167321742194 3.3943393677941485 3.3926620034140775 3.390984639034006 3.389307274653935 3.3876299102738643 3.385952545893793 3.384275181513722 3.382597817133651 3.380920452753577 3.379243088373506 3.377565723993435 3.3758883596133638 3.374210995233293 3.3719463702300945 3.3690539503270247 3.366161530423955 3.363269110520885 3.3603766906178154 3.3574842707147456 3.354591850811676 3.351699430908606 3.3488070110055315 3.3459145911024617 3.343022171199392 3.340129751296322
3.4355755979263227 3.43276325280784 3.430493754392571 3.428804571388597 3.4271153883846233 3.4254262053806492 3.4237370223766757 3.4220478393727016 3.4203586563687276 3.418669473364754 3.41698029036078 3.4152911073568064 3.4136019243528324 3.4119127413488584 3.4102235583448817 3.408534375340908 3.406845192336934 3.40515600933296 3.4034668263289864 3.4017776433250124 3.4000884603210384 3.398399277317065 3.396710094313091 3.395020911309117 3.393331728305143 3.391642545301169 3.3899533622971956 3.388264179293219 3.386574996289245 3.384885813285271 3.3831966302812972 3.381507447277323 3.379208560425361 3.376257886358107 3.373307212290853 3.3703565382235987 3.367405864156345 3.3644551900890907 3.3615045160218364 3.3585538419545826 3.3556031678873235 3.3526524938200692 3.349701819752815 3.3467511456855608
3.4430285541751973 3.440342767107466 3.4381329465297825 3.436431944901906 3.434730943274029 3.4330299416461525 3.431328940018276 3.429627938390399 3.4279269367625225 3.426225935134646 3.424524933506769 3.4228239318788924 3.4211229302510158 3.419421928623139 3.4177209269952598 3.416019925367383 3.4143189237395064 3.4126179221116297 3.410916920483753 3.4092159188558764 3.4075149172279997 3.405813915600123 3.4041129139722464 3.4024119123443697 3.400710910716493 3.3990099090886163 3.3973089074607397 3.39560790583286 3.393906904204983 3.3922059025771065 3.39050490094923 3.388803899321353 3.3864707506206275 3.3834618223891892 3.3804528941577505 3.3774439659263122 3.374435037694874 3.3714261094634352 3.368417181231997 3.3654082530005582 3.3623993247691146 3.3593903965376763 3.356381468306238 3.3533725400747993
3.4504815104240776 3.4479222814070973 3.4457721386670004 3.4440593184152206 3.4423464981634413 3.440633677911662 3.4389208576598826 3.437208037408103 3.4354952171563236 3.4337823969045442 3.4320695766527645 3.430356756400985 3.428643936149206 3.426931115897426 3.4252182956456436 3.4235054753938643 3.421792655142085 3.4200798348903056 3.418367014638526 3.4166541943867466 3.4149413741349672 3.4132285538831875 3.411515733631408 3.409802913379629 3.408090093127849 3.4063772728760697 3.4046644526242904 3.402951632372508 3.401238812120728 3.399525991868949 3.3978131716171696 3.39610035136539 3.3937329408159007 3.390665758420278 3.3875985760246548 3.384531393629032 3.3814642112334092 3.3783970288377865 3.3753298464421633 3.3722626640465405 3.3691954816509124 3.3661282992552897 3.3630611168596665 3.3599939344640437
3.4579344666729517 3.4555017957067227 3.4534113308042116 3.451686691928529 3.4499620530528468 3.448237414177165 3.4465127753014824 3.4447881364258004 3.443063497550118 3.4413388586744356 3.4396142197987536 3.437889580923071 3.436164942047389 3.434440303171707 3.4327156642960217 3.4309910254203393 3.429266386544657 3.427541747668975 3.4258171087932925 3.4240924699176105 3.422367831041928 3.4206431921662457 3.4189185532905637 3.4171939144148813 3.4154692755391993 3.413744636663517 3.4120199977878345 3.4102953589121494 3.408570720036467 3.406846081160785 3.4051214422851026 3.4033968034094206 3.4009951310111677 3.3978696944513604 3.394744257891553 3.391618821331746 3.3884933847719387 3.3853679482121315 3.3822425116523243 3.379117075092517 3.3759916385327045 3.372866201972897 3.36974076541309 3.3666153288532827
3.465387422921826 3.463081310006348 3.4610505229414232 3.459314065441838 3.457577607942253 3.455841150442668 3.454104692943083 3.452368235443498 3.450631777943913 3.448895320444328 3.4471588629447427 3.4454224054451577 3.4436859479455726 3.4419494904459875 3.4402130329464 3.4384765754468147 3.4367401179472297 3.4350036604476446 3.4332672029480595 3.4315307454484745 3.4297942879488894 3.4280578304493043 3.4263213729497193 3.424584915450134 3.422848457950549 3.421112000450964 3.419375542951379 3.4176390854517913 3.4159026279522062 3.414166170452621 3.412429712953036 3.410693255453451 3.408257321206434 3.405073630482443 3.401889939758451 3.3987062490344595 3.395522558310468 3.3923388675864765 3.389155176862485 3.385971486138493 3.382787795414496 3.3796041046905043 3.376420413966513 3.3732367232425213
