Figures/CREST_Example_wjb_NSE/PETs/wjb.pet.20090509.asc
ncols            288
nrows            254
xllcorner        113.274861
yllcorner        31.4918055
cellsize         0.008333333333
NODATA_value     -9999
[rows 180 to 199 of 254, columns 88 to 131 of 288]
3.499118940843952 3.490217335016451 3.48131572918895 3.472414123361434 3.463512517533933 3.4546109117064323 3.4457093058789314 3.4368077000514305 3.4279060942239297 3.419004488396429 3.4101028825689275 3.4012012767414266 3.3922996709139257 3.383398065086425 3.3776873606807447 3.3753878020450934 3.3730882434094376 3.370788684773786 3.3684891261381344 3.3661895675024827 3.363890008866831 3.361590450231179 3.3592908915955277 3.356991332959876 3.354691774324224 3.352392215688573 3.350092657052921 3.3477930984172692 3.3454935397816175 3.343193981145962 3.3408944225103103 3.3385948638746585 3.336295305239007 3.3339957466033554 3.3316961879677036 3.329396629332052 3.3270970706964005 3.3247975120607487 3.322497953425097 3.3201983947894456 3.3178988361537938 3.315599277518142 3.3132997188824866 3.311000160246835
3.5039023616024396 3.495137845532055 3.486373329461671 3.4776088133912717 3.4688442973208873 3.460079781250503 3.4513152651801184 3.442550749109734 3.43378623303935 3.4250217169689656 3.416257200898581 3.407492684828197 3.3987281687578124 3.3899636526874284 3.384185691976647 3.3816004264748747 3.3790151609730974 3.376429895471325 3.3738446299695526 3.3712593644677797 3.3686740989660073 3.366088833464235 3.3635035679624625 3.3609183024606897 3.3583330369589173 3.355747771457145 3.3531625059553725 3.3505772404535996 3.347991974951827 3.3454067094500504 3.342821443948278 3.340236178446505 3.3376509129447327 3.3350656474429603 3.3324803819411875 3.329895116439415 3.3273098509376426 3.3247245854358702 3.3221393199340974 3.319554054432325 3.3169687889305526 3.3143835234287797 3.311798257927003 3.3092129924252305
3.508685782360927 3.5000583560476595 3.4914309297343915 3.482803503421109 3.4741760771078414 3.465548650794574 3.456921224481306 3.448293798168038 3.4396663718547704 3.431038945541503 3.422411519228235 3.4137840929149674 3.4051566666016995 3.396529240288432 3.3906840232725495 3.387813050904656 3.3849420785367577 3.3820711061688646 3.379200133800971 3.3763291614330777 3.3734581890651842 3.3705872166972908 3.3677162443293973 3.364845271961504 3.361974299593611 3.3591033272257174 3.356232354857824 3.3533613824899304 3.350490410122037 3.3476194377541386 3.344748465386245 3.341877493018352 3.3390065206504587 3.336135548282565 3.3332645759146717 3.3303936035467783 3.327522631178885 3.3246516588109913 3.3217806864430983 3.318909714075205 3.3160387417073114 3.313167769339418 3.3102967969715196 3.307425824603626
3.513469203119419 3.5049788665632677 3.496488530007117 3.4879981934509514 3.4795078568948004 3.4710175203386493 3.4625271837824982 3.454036847226347 3.445546510670196 3.437056174114045 3.428565837557894 3.420075501001743 3.411585164445592 3.403094827889441 3.3971823545684576 3.394025675334443 3.3908689961004232 3.3877123168664087 3.384555637632394 3.3813989583983797 3.378242279164365 3.3750855999303506 3.371928920696336 3.3687722414623216 3.365615562228307 3.3624588829942925 3.359302203760278 3.3561455245262635 3.352988845292249 3.349832166058229 3.3466754868242146 3.3435188075902 3.3403621283561855 3.337205449122171 3.3340487698881565 3.330892090654142 3.3277354114201274 3.324578732186113 3.3214220529520984 3.318265373718084 3.3151086944840693 3.311952015250055 3.308795336016035 3.3056386567820204
3.5182526238779066 3.509899377078872 3.501546130279838 3.493192883480789 3.4848396366817544 3.4764863898827203 3.4681331430836857 3.459779896284651 3.451426649485617 3.4430734026865824 3.434720155887548 3.4263669090885136 3.418013662289479 3.409660415490445 3.4036806858643605 3.400238299764225 3.3967959136640835 3.3933535275639484 3.389911141463813 3.3864687553636776 3.383026369263542 3.3795839831634065 3.3761415970632713 3.3726992109631357 3.3692568248630006 3.365814438762865 3.3623720526627294 3.3589296665625943 3.3554872804624587 3.3520448943623173 3.348602508262182 3.3451601221620466 3.3417177360619115 3.338275349961776 3.3348329638616407 3.331390577761505 3.3279481916613696 3.3245058055612344 3.321063419461099 3.3176210333609637 3.314178647260828 3.3107362611606925 3.3072938750605516 3.303851488960416
3.5230360446363944 3.5148198875944763 3.5066037305525586 3.4983875735106267 3.490171416468709 3.481955259426791 3.473739102384873 3.4655229453429555 3.4573067883010373 3.4490906312591196 3.440874474217202 3.432658317175284 3.424442160133366 3.4162260030914484 3.410179017160263 3.4064509241940066 3.4027228312277438 3.3989947382614876 3.3952666452952314 3.391538552328975 3.387810459362719 3.3840823663964628 3.380354273430206 3.37662618046395 3.3728980874976937 3.3691699945314375 3.3654419015651813 3.361713808598925 3.3579857156326685 3.354257622666406 3.35052952970015 3.3468014367338936 3.343073343767637 3.339345250801381 3.3356171578351246 3.3318890648688684 3.328160971902612 3.324432878936356 3.3207047859700993 3.316976693003843 3.313248600037587 3.3095205070713307 3.305792414105068 3.3020643211388117
3.527819465394882 3.5197403981100805 3.5116613308252793 3.5035822635404643 3.495503196255663 3.4874241289708614 3.47934506168606 3.471265994401259 3.4631869271164577 3.4551078598316565 3.4470287925468552 3.438949725262054 3.4308706579772528 3.4227915906924515 3.4166773484561648 3.412663548623788 3.408649748791404 3.4046359489590268 3.4006221491266495 3.3966083492942722 3.3925945494618954 3.388580749629518 3.384566949797141 3.380553149964764 3.376539350132387 3.3725255503000096 3.3685117504676323 3.3644979506352555 3.360484150802878 3.3564703509704943 3.352456551138117 3.3484427513057398 3.344428951473363 3.3404151516409857 3.3364013518086084 3.3323875519762316 3.3283737521438543 3.324359952311477 3.3203461524791 3.316332352646723 3.3123185528143457 3.3083047529819685 3.3042909531495845 3.3002771533172073
3.532602886153369 3.524660908625685 3.516718931098 3.508776953570302 3.500834976042617 3.4928929985149324 3.4849510209872476 3.4770090434595633 3.4690670659318785 3.4611250884041938 3.453183110876509 3.4452411333488246 3.43729915582114 3.429357178293455 3.4231756797520676 3.4188761730535697 3.4145766663550643 3.410277159656566 3.405977652958068 3.40167814625957 3.3973786395610723 3.393079132862574 3.388779626164076 3.3844801194655783 3.38018061276708 3.375881106068582 3.371581599370084 3.367282092671586 3.362982585973088 3.3586830792745825 3.3543835725760847 3.350084065877587 3.345784559179089 3.3414850524805906 3.3371855457820927 3.332886039083595 3.3285865323850965 3.3242870256865986 3.3199875189881007 3.3156880122896024 3.3113885055911045 3.3070889988926067 3.3027894921941012 3.2984899854956033
3.537386306911857 3.529581419141289 3.5217765313707208 3.5139716436001396 3.5061667558295713 3.4983618680590034 3.490556980288435 3.482752092517867 3.4749472047472993 3.467142316976731 3.4593374292061627 3.451532541435595 3.443727653665027 3.4359227658944587 3.42967401104797 3.425088797483351 3.4205035839187246 3.4159183703541056 3.4113331567894867 3.4067479432248677 3.402162729660249 3.39757751609563 3.3929923025310114 3.3884070889663924 3.3838218754017735 3.3792366618371545 3.3746514482725356 3.3700662347079167 3.3654810211432977 3.3608958075786712 3.3563105940140523 3.3517253804494334 3.3471401668848144 3.3425549533201955 3.3379697397555765 3.333384526190958 3.328799312626339 3.32421409906172 3.3196288854971012 3.3150436719324823 3.3104584583678633 3.3058732448032444 3.301288031238618 3.296702817673999
3.5421697276703488 3.5345019296568974 3.5268341316434464 3.5191663336299817 3.5114985356165302 3.503830737603079 3.4961629395896274 3.488495141576176 3.480827343562725 3.4731595455492736 3.4654917475358222 3.457823949522371 3.4501561515089194 3.442488353495468 3.436172342343878 3.431301421913138 3.42643050148239 3.42155958105165 3.41668866062091 3.41181774019017 3.40694681975943 3.40207589932869 3.39720497889795 3.39233405846721 3.38746313803647 3.38259221760573 3.37772129717499 3.37285037674425 3.36797945631351 3.3631085358827617 3.3582376154520217 3.3533666950212817 3.3484957745905417 3.3436248541598017 3.3387539337290617 3.3338830132983217 3.3290120928675817 3.3241411724368417 3.3192702520061017 3.3143993315753617 3.3095284111446217 3.3046574907138817 3.2997865702831337 3.2949156498523937
3.5469531484288366 3.5394224401725016 3.531891731916167 3.5243610236598193 3.5168303154034843 3.50929960714715 3.501768898890815 3.4942381906344804 3.4867074823781454 3.479176774121811 3.471646065865476 3.464115357609141 3.4565846493528065 3.4490539410964716 3.442670673639781 3.43751404634292 3.4323574190460504 3.4272007917491893 3.4220441644523287 3.4168875371554677 3.4117309098586066 3.406574282561746 3.401417655264885 3.3962610279680243 3.3911044006711633 3.3859477733743026 3.3807911460774416 3.375634518780581 3.37047789148372 3.3653212641868504 3.3601646368899893 3.3550080095931283 3.3498513822962677 3.3446947549994066 3.339538127702546 3.334381500405685 3.3292248731088243 3.3240682458119633 3.318911618515102 3.3137549912182416 3.3085983639213805 3.30344173662452 3.29828510932765 3.2931284820307893
3.551736569187324 3.544342950688106 3.536949332188888 3.529555713689657 3.5221620951904384 3.5147684766912204 3.5073748581920023 3.499981239692784 3.492587621193566 3.4851940026943478 3.4778003841951293 3.470406765695911 3.463013147196693 3.4556195286974747 3.449169004935683 3.4437266707727012 3.4382843366097102 3.4328420024467285 3.427399668283747 3.421957334120765 3.4165149999577835 3.4110726657948014 3.4056303316318197 3.400187997468838 3.3947456633058564 3.3893033291428747 3.383860994979893 3.3784186608169113 3.3729763266539297 3.3675339924909387 3.3620916583279565 3.356649324164975 3.351206990001993 3.3457646558390115 3.34032232167603 3.334879987513048 3.3294376533500665 3.323995319187085 3.3185529850241027 3.313110650861121 3.3076683166981393 3.3022259825351576 3.2967836483721666 3.291341314209185
3.5565199899458118 3.54926346120371 3.5420069324616086 3.5347504037194946 3.527493874977393 3.5202373462352914 3.51298081749319 3.505724288751088 3.4984677600089866 3.4912112312668846 3.483954702524783 3.4766981737826814 3.46944164504058 3.4621851162984782 3.4556673362315857 3.449939295202483 3.4442112541733705 3.4384832131442677 3.4327551721151655 3.4270271310860627 3.42129909005696 3.4155710490278577 3.409843007998755 3.404114966969652 3.3983869259405495 3.392658884911447 3.3869308438823444 3.3812028028532417 3.3754747618241394 3.369746720795027 3.364018679765924 3.358290638736822 3.352562597707719 3.3468345566786164 3.341106515649514 3.3353784746204114 3.3296504335913086 3.323922392562206 3.3181943515331036 3.312466310504001 3.306738269474898 3.301010228445796 3.2952821874166833 3.2895541463875806
3.561303410704299 3.5541839717193144 3.5470645327343293 3.539945093749332 3.532825654764347 3.525706215779362 3.5185867767943773 3.511467337809392 3.504347898824407 3.497228459839422 3.490109020854437 3.482989581869452 3.475870142884467 3.468750703899482 3.462165667527488 3.4561519196322648 3.4501381717370307 3.4441244238418074 3.438110675946584 3.4320969280513602 3.426083180156137 3.4200694322609135 3.41405568436569 3.4080419364704664 3.402028188575243 3.3960144406800197 3.390000692784796 3.3839869448895725 3.377973196994349 3.371959449099115 3.365945701203892 3.3599319533086685 3.353918205413445 3.3479044575182213 3.341890709622998 3.3358769617277746 3.3298632138325512 3.3238494659373274 3.317835718042104 3.3118219701468807 3.305808222251657 3.2997944743564336 3.2937807264612 3.287766978565976
3.5660868314627887 3.5591044822349205 3.5521221330070523 3.545139783779172 3.5381574345513034 3.531175085323435 3.524192736095567 3.5172103868676983 3.51022803763983 3.503245688411962 3.496263339184093 3.489280989956225 3.4822986407283567 3.475316291500488 3.468663998823393 3.4623645440620487 3.4560650893006937 3.4497656345393493 3.4434661797780044 3.43716672501666 3.4308672702553156 3.424567815493971 3.4182683607326267 3.4119689059712823 3.405669451209938 3.3993699964485935 3.3930705416872486 3.3867710869259042 3.38047163216456 3.3741721774032047 3.3678727226418603 3.361573267880516 3.355273813119171 3.3489743583578266 3.3426749035964822 3.336375448835138 3.3300759940737934 3.323776539312449 3.3174770845511046 3.3111776297897597 3.3048781750284153 3.298578720267071 3.292279265505716 3.2859798107443714
3.5708702522212765 3.5640249927505248 3.557179733279773 3.5503344738090097 3.543489214338258 3.536643954867506 3.5297986953967544 3.5229534359260026 3.516108176455251 3.509262916984499 3.5024176575137473 3.4955723980429956 3.488727138572244 3.481881879101492 3.475162330119296 3.4685771684918305 3.461992006864354 3.4554068452368885 3.448821683609423 3.442236521981958 3.4356513603544925 3.429066198727027 3.422481037099562 3.4158958754720965 3.409310713844631 3.4027255522171655 3.3961403905897005 3.389555228962235 3.3829700673347696 3.376384905707293 3.369799744079828 3.3632145824523625 3.356629420824897 3.3500442591974315 3.3434590975699665 3.336873935942501 3.3302887743150356 3.3237036126875705 3.317118451060105 3.3105332894326396 3.303948127805174 3.297362966177709 3.2907778045502325 3.284192642922767
3.5756536729797643 3.568945503266129 3.5622373335524937 3.5555291638388473 3.548820994125212 3.5421128244115767 3.535404654697942 3.5286964849843065 3.5219883152706712 3.5152801455570364 3.508571975843401 3.5018638061297658 3.4951556364161305 3.4884474667024956 3.4816606614151984 3.4747897929216123 3.467918924428014 3.461048055934428 3.4541771874408416 3.4473063189472555 3.4404354504536694 3.4335645819600833 3.4266937134664968 3.4198228449729107 3.4129519764793246 3.406081107985738 3.399210239492152 3.392339370998566 3.3854685025049793 3.3785976340113817 3.371726765517795 3.364855897024209 3.357985028530623 3.351114160037037 3.3442432915434503 3.3373724230498643 3.330501554556278 3.3236306860626916 3.3167598175691055 3.3098889490755194 3.3030180805819334 3.296147212088347 3.289276343594749 3.2824054751011627
3.580437093738254 3.5738660137817355 3.5672949338252167 3.560723853868687 3.5541527739121688 3.54758169395565 3.5410106139991315 3.534439534042613 3.5278684540860943 3.521297374129576 3.5147262941730575 3.5081552142165386 3.5015841342600202 3.495013054303502 3.4881589927111034 3.4810024173513963 3.473845841991677 3.4666892666319695 3.4595326912722624 3.452376115912555 3.445219540552848 3.438062965193141 3.4309063898334338 3.4237498144737266 3.4165932391140195 3.4094366637543123 3.4022800883946047 3.3951235130348976 3.3879669376751904 3.3808103623154713 3.3736537869557637 3.3664972115960565 3.3593406362363494 3.3521840608766422 3.345027485516935 3.337870910157228 3.3307143347975208 3.3235577594378136 3.3164011840781065 3.3092446087183993 3.3020880333586917 3.2949314579989846 3.2877748826392654 3.2806183072795583
3.5852205144967417 3.57878652429734 3.572352534097938 3.565918543898525 3.559484553699123 3.553050563499721 3.546616573300319 3.540182583100917 3.533748592901515 3.527314602702113 3.5208806125027112 3.5144466223033093 3.5080126321039073 3.5015786419045054 3.4946573240070062 3.487215041781178 3.4797727595553374 3.472330477329509 3.464888195103681 3.457445912877853 3.450003630652025 3.4425613484261968 3.435119066200369 3.427676783974541 3.4202345017487126 3.4127922195228844 3.4053499372970566 3.3979076550712284 3.3904653728454 3.3830230906195595 3.3755808083937313 3.3681385261679035 3.3606962439420753 3.353253961716247 3.3458116794904194 3.338369397264591 3.330927115038763 3.323484832812935 3.316042550587107 3.3086002683612787 3.3011579861354505 3.2937157039096228 3.286273421683782 3.278831139457954
3.5900039352552295 3.583707034812944 3.5774101343706586 3.5711132339283624 3.564816333486077 3.558519433043792 3.5522225326015064 3.545925632159221 3.5396287317169355 3.5333318312746504 3.527034930832365 3.5207380303900795 3.5144411299477945 3.508144229505509 3.5011556553029086 3.49342766621096 3.4856996771189976 3.4779716880270484 3.4702436989350995 3.4625157098431507 3.454787720751202 3.4470597316592526 3.439331742567304 3.431603753475355 3.423875764383406 3.416147775291457 3.408419786199508 3.400691797107559 3.39296380801561 3.385235818923648 3.377507829831699 3.36977984073975 3.3620518516478013 3.3543238625558525 3.346595873463903 3.3388678843719544 3.3311398952800055 3.3234119061880563 3.3156839170961074 3.3079559280041586 3.30022793891221 3.2924999498202605 3.2847719607282984 3.2770439716363495
