Figures/CREST_Example_wjb_NSE/PETs/wjb.pet.20101015.asc
ncols            288
nrows            254
xllcorner        113.274861
yllcorner        31.4918055
cellsize         0.008333333333
NODATA_value     -9999
[rows 120 to 139 of 254, columns 132 to 175 of 288]
1.818540072037739 1.8184014023039805 1.8182627325702223 1.818124062836464 1.8179853931027057 1.8178467233689475 1.817708053635189 1.8175693839014309 1.8174307141676727 1.8172920444339142 1.817153374700156 1.8170147049663974 1.8168760352326392 1.816737365498881 1.8165986957651226 1.8164600260313644 1.816321356297606 1.8161826865638477 1.8160440168300895 1.8159053470963311 1.815766677362573 1.8156280076288145 1.8154893378950563 1.815350668161298 1.8152119984275394 1.8150733286937812 1.8149346589600228 1.8147959892262646 1.8146573194925062 1.814518649758748 1.8145498857812172 1.8147627549006113 1.8149756240200055 1.8151884931393996 1.8154013622587937 1.8156142313781878 1.815827100497582 1.8160399696169762 1.8162528387363703 1.8164657078557644 1.8166785769751586 1.8168914460945527 1.8171043152139468 1.8173171843333409
1.822062635060488 1.8218812050808042 1.8216997751011204 1.8215183451214365 1.8213369151417527 1.8211554851620688 1.820974055182385 1.8207926252027011 1.8206111952230173 1.8204297652433334 1.8202483352636496 1.8200669052839655 1.8198854753042817 1.8197040453245978 1.819522615344914 1.8193411853652302 1.8191597553855463 1.8189783254058625 1.8187968954261786 1.8186154654464948 1.818434035466811 1.818252605487127 1.8180711755074432 1.8178897455277594 1.8177083155480753 1.8175268855683915 1.8173454555887076 1.8171640256090238 1.81698259562934 1.816801165649656 1.8167926837246315 1.816969087182377 1.817145490640122 1.8173218940978675 1.8174982975556127 1.817674701013358 1.8178511044711032 1.8180275079288488 1.8182039113865942 1.8183803148443394 1.8185567183020848 1.81873312175983 1.8189095252175753 1.8190859286753205
1.8255851980832374 1.8253610078576281 1.8251368176320186 1.8249126274064091 1.8246884371807999 1.8244642469551904 1.8242400567295811 1.8240158665039716 1.8237916762783621 1.8235674860527529 1.8233432958271434 1.8231191056015337 1.8228949153759242 1.822670725150315 1.8224465349247054 1.8222223446990962 1.8219981544734867 1.8217739642478774 1.821549774022268 1.8213255837966584 1.8211013935710492 1.8208772033454397 1.8206530131198304 1.820428822894221 1.8202046326686112 1.8199804424430017 1.8197562522173925 1.819532061991783 1.8193078717661735 1.8190836815405642 1.8190354816680459 1.8191754194641423 1.8193153572602387 1.8194552950563352 1.8195952328524319 1.8197351706485283 1.8198751084446247 1.8200150462407214 1.8201549840368179 1.8202949218329143 1.8204348596290107 1.8205747974251072 1.8207147352212036 1.8208546730173
1.8291077611059865 1.8288408106344516 1.8285738601629167 1.8283069096913818 1.8280399592198469 1.827773008748312 1.827506058276777 1.827239107805242 1.826972157333707 1.826705206862172 1.8264382563906372 1.8261713059191018 1.825904355447567 1.825637404976032 1.825370454504497 1.825103504032962 1.824836553561427 1.8245696030898921 1.8243026526183572 1.8240357021468223 1.8237687516752874 1.8235018012037525 1.8232348507322176 1.8229679002606827 1.822700949789147 1.8224339993176122 1.8221670488460773 1.8219000983745424 1.8216331479030075 1.8213661974314725 1.8212782796114606 1.821381751745908 1.8214852238803558 1.8215886960148033 1.821692168149251 1.8217956402836986 1.8218991124181463 1.822002584552594 1.8221060566870417 1.8222095288214895 1.822313000955937 1.8224164730903847 1.8225199452248322 1.82262341735928
1.8326303241287387 1.8323206134112784 1.8320109026938178 1.8317011919763573 1.8313914812588967 1.8310817705414362 1.8307720598239756 1.830462349106515 1.8301526383890547 1.8298429276715942 1.8295332169541336 1.8292235062366726 1.828913795519212 1.8286040848017515 1.828294374084291 1.8279846633668304 1.8276749526493699 1.8273652419319093 1.827055531214449 1.8267458204969884 1.8264361097795279 1.8261263990620673 1.8258166883446068 1.8255069776271462 1.8251972669096852 1.8248875561922246 1.824577845474764 1.8242681347573035 1.8239584240398432 1.8236487133223827 1.823521077554877 1.8235880840276757 1.8236550905004745 1.8237220969732733 1.823789103446072 1.8238561099188708 1.8239231163916696 1.8239901228644684 1.8240571293372672 1.824124135810066 1.8241911422828647 1.8242581487556635 1.8243251552284623 1.824392161701261
1.836152887151488 1.8358004161881019 1.8354479452247159 1.8350954742613297 1.8347430032979437 1.8343905323345575 1.8340380613711715 1.8336855904077856 1.8333331194443994 1.8329806484810134 1.8326281775176272 1.8322757065542405 1.8319232355908546 1.8315707646274684 1.8312182936640824 1.8308658227006962 1.8305133517373102 1.8301608807739242 1.829808409810538 1.829455938847152 1.8291034678837659 1.82875099692038 1.8283985259569937 1.8280460549936077 1.827693584030221 1.8273411130668349 1.826988642103449 1.826636171140063 1.8262837001766767 1.8259312292132908 1.8257638754982912 1.8257944163094413 1.8258249571205911 1.8258554979317412 1.825886038742891 1.825916579554041 1.825947120365191 1.825977661176341 1.8260082019874908 1.8260387427986409 1.8260692836097907 1.8260998244209408 1.8261303652320906 1.8261609060432407
1.8396754501742372 1.8392802189649256 1.838884987755614 1.8384897565463023 1.8380945253369907 1.837699294127679 1.8373040629183675 1.8369088317090558 1.8365136004997442 1.8361183692904326 1.835723138081121 1.8353279068718087 1.834932675662497 1.8345374444531855 1.8341422132438738 1.8337469820345622 1.8333517508252506 1.832956519615939 1.8325612884066274 1.8321660571973157 1.8317708259880041 1.8313755947786925 1.8309803635693809 1.8305851323600693 1.830189901150757 1.8297946699414454 1.8293994387321337 1.8290042075228221 1.8286089763135105 1.8282137451041989 1.8280066734417055 1.8280007485912069 1.827994823740708 1.827988898890209 1.8279829740397102 1.8279770491892113 1.8279711243387124 1.8279651994882136 1.8279592746377147 1.8279533497872158 1.827947424936717 1.827941500086218 1.8279355752357191 1.8279296503852203
1.8431980131969865 1.8427600217417492 1.8423220302865122 1.841884038831275 1.8414460473760377 1.8410080559208006 1.8405700644655634 1.8401320730103263 1.839694081555089 1.8392560900998518 1.8388180986446148 1.8383801071893768 1.8379421157341396 1.8375041242789025 1.8370661328236653 1.836628141368428 1.836190149913191 1.8357521584579537 1.8353141670027167 1.8348761755474794 1.8344381840922421 1.834000192637005 1.8335622011817678 1.8331242097265306 1.8326862182712929 1.8322482268160556 1.8318102353608183 1.8313722439055813 1.830934252450344 1.830496260995107 1.83024947138512 1.8302070808729722 1.8301646903608246 1.8301222998486768 1.8300799093365292 1.8300375188243816 1.8299951283122338 1.829952737800086 1.8299103472879383 1.8298679567757907 1.829825566263643 1.8297831757514953 1.8297407852393475 1.8296983947271999
1.8467205762197356 1.846239824518573 1.8457590728174103 1.8452783211162476 1.8447975694150847 1.844316817713922 1.8438360660127593 1.8433553143115966 1.842874562610434 1.8423938109092712 1.8419130592081085 1.841432307506945 1.8409515558057823 1.8404708041046194 1.8399900524034567 1.839509300702294 1.8390285490011313 1.8385477972999686 1.838067045598806 1.8375862938976433 1.8371055421964804 1.8366247904953177 1.836144038794155 1.8356632870929923 1.8351825353918287 1.834701783690666 1.8342210319895034 1.8337402802883407 1.833259528587178 1.832778776886015 1.8324922693285346 1.832413413154738 1.8323345569809415 1.832255700807145 1.8321768446333484 1.8320979884595519 1.8320191322857555 1.8319402761119588 1.8318614199381622 1.8317825637643657 1.831703707590569 1.8316248514167726 1.831545995242976 1.8314671390691797
1.8502431392424847 1.8497196272953964 1.8491961153483083 1.84867260340122 1.8481490914541316 1.8476255795070435 1.8471020675599552 1.8465785556128669 1.8460550436657786 1.8455315317186904 1.8450080197716021 1.844484507824513 1.8439609958774246 1.8434374839303365 1.8429139719832481 1.8423904600361598 1.8418669480890717 1.8413434361419834 1.840819924194895 1.8402964122478067 1.8397729003007186 1.8392493883536303 1.838725876406542 1.8382023644594538 1.8376788525123646 1.8371553405652763 1.836631828618188 1.8361083166710999 1.8355848047240115 1.8350612927769232 1.834735067271949 1.8346197454365036 1.8345044236010584 1.8343891017656129 1.8342737799301676 1.834158458094722 1.8340431362592768 1.8339278144238313 1.8338124925883859 1.8336971707529406 1.8335818489174953 1.8334665270820498 1.8333512052466046 1.833235883411159
1.8537657022652339 1.85319943007222 1.8526331578792063 1.8520668856861924 1.8515006134931786 1.8509343413001649 1.8503680691071511 1.8498017969141372 1.8492355247211234 1.8486692525281097 1.8481029803350957 1.847536708142081 1.846970435949067 1.8464041637560533 1.8458378915630396 1.8452716193700258 1.8447053471770118 1.844139074983998 1.8435728027909843 1.8430065305979704 1.8424402584049566 1.8418739862119429 1.8413077140189291 1.8407414418259151 1.8401751696329005 1.8396088974398865 1.8390426252468728 1.838476353053859 1.837910080860845 1.8373438086678313 1.8369778652153634 1.8368260777182692 1.836674290221175 1.8365225027240808 1.8363707152269866 1.8362189277298924 1.8360671402327984 1.835915352735704 1.8357635652386097 1.8356117777415155 1.8354599902444213 1.835308202747327 1.835156415250233 1.8350046277531389
1.857288265287986 1.8566792328490467 1.8560702004101073 1.855461167971168 1.8548521355322285 1.854243103093289 1.8536340706543497 1.8530250382154103 1.852416005776471 1.8518069733375315 1.8511979408985921 1.8505889084596516 1.8499798760207122 1.8493708435817728 1.8487618111428334 1.848152778703894 1.8475437462649547 1.8469347138260153 1.8463256813870759 1.8457166489481365 1.845107616509197 1.8444985840702577 1.8438895516313183 1.843280519192379 1.8426714867534384 1.842062454314499 1.8414534218755596 1.8408443894366202 1.8402353569976808 1.8396263245587414 1.8392206631587797 1.8390324100000366 1.8388441568412937 1.8386559036825507 1.8384676505238076 1.8382793973650646 1.8380911442063215 1.837902891047578 1.8377146378888352 1.837526384730092 1.837338131571349 1.8371498784126061 1.836961625253863 1.83677337209512
1.8608108283107352 1.8601590356258704 1.8595072429410053 1.8588554502561405 1.8582036575712755 1.8575518648864104 1.8569000722015456 1.8562482795166806 1.8555964868318158 1.8549446941469507 1.8542929014620857 1.8536411087772198 1.8529893160923547 1.85233752340749 1.8516857307226249 1.8510339380377598 1.850382145352895 1.84973035266803 1.8490785599831652 1.8484267672983001 1.847774974613435 1.8471231819285703 1.8464713892437052 1.8458195965588404 1.8451678038739743 1.8445160111891092 1.8438642185042444 1.8432124258193794 1.8425606331345146 1.8419088404496495 1.841463461102194 1.8412387422818022 1.8410140234614103 1.8407893046410186 1.8405645858206268 1.8403398670002349 1.840115148179843 1.8398904293594507 1.8396657105390588 1.8394409917186672 1.8392162728982753 1.8389915540778834 1.8387668352574915 1.8385421164370996
1.8643333913334847 1.863638838402694 1.8629442854719036 1.8622497325411131 1.8615551796103227 1.8608606266795322 1.8601660737487418 1.859471520817951 1.8587769678871606 1.8580824149563702 1.8573878620255797 1.856693309094788 1.8559987561639975 1.855304203233207 1.8546096503024165 1.853915097371626 1.8532205444408356 1.852525991510045 1.8518314385792545 1.851136885648464 1.8504423327176736 1.849747779786883 1.8490532268560926 1.848358673925302 1.8476641209945104 1.84696956806372 1.8462750151329295 1.8455804622021388 1.8448859092713483 1.8441913563405579 1.8437062590456086 1.843445074563568 1.8431838900815274 1.8429227055994866 1.842661521117446 1.8424003366354054 1.8421391521533645 1.8418779676713235 1.8416167831892827 1.841355598707242 1.8410944142252015 1.8408332297431607 1.84057204526112 1.8403108607790792
1.8678559543562339 1.8671186411795178 1.8663813280028017 1.8656440148260858 1.8649067016493697 1.8641693884726536 1.8634320752959375 1.8626947621192216 1.8619574489425055 1.8612201357657894 1.8604828225890733 1.859745509412356 1.85900819623564 1.8582708830589239 1.857533569882208 1.8567962567054919 1.8560589435287758 1.8553216303520597 1.8545843171753438 1.8538470039986277 1.8531096908219116 1.8523723776451957 1.8516350644684796 1.8508977512917635 1.8501604381150463 1.8494231249383302 1.848685811761614 1.847948498584898 1.847211185408182 1.846473872231466 1.8459490569890231 1.8456514068453336 1.845353756701644 1.8450561065579545 1.844758456414265 1.8444608062705756 1.844163156126886 1.843865505983196 1.8435678558395066 1.843270205695817 1.8429725555521275 1.842674905408438 1.8423772552647484 1.842079605121059
1.871378517378983 1.8705984439563415 1.8698183705336997 1.8690382971110582 1.8682582236884167 1.867478150265775 1.8666980768431334 1.8659180034204919 1.86513792999785 1.8643578565752086 1.863577783152567 1.862797709729924 1.8620176363072825 1.861237562884641 1.8604574894619994 1.8596774160393577 1.8588973426167161 1.8581172691940746 1.8573371957714329 1.8565571223487913 1.8557770489261498 1.854996975503508 1.8542169020808665 1.853436828658225 1.852656755235582 1.8518766818129404 1.8510966083902989 1.8503165349676571 1.8495364615450156 1.848756388122374 1.8481918549324374 1.8478577391270992 1.8475236233217607 1.8471895075164224 1.8468553917110841 1.8465212759057459 1.8461871601004074 1.8458530442950685 1.8455189284897302 1.845184812684392 1.8448506968790535 1.8445165810737152 1.844182465268377 1.8438483494630384
1.874901080401732 1.874078246733165 1.8732554130645978 1.8724325793960306 1.8716097457274636 1.8707869120588965 1.8699640783903293 1.8691412447217621 1.868318411053195 1.8674955773846278 1.8666727437160606 1.8658499100474921 1.865027076378925 1.8642042427103578 1.8633814090417906 1.8625585753732234 1.8617357417046565 1.8609129080360893 1.8600900743675222 1.859267240698955 1.8584444070303878 1.8576215733618207 1.8567987396932535 1.8559759060246863 1.8551530723561178 1.8543302386875506 1.8535074050189835 1.8526845713504165 1.8518617376818494 1.8510389040132822 1.8504346528758517 1.8500640714088648 1.8496934899418775 1.8493229084748903 1.8489523270079031 1.8485817455409161 1.848211164073929 1.847840582606941 1.8474700011399539 1.8470994196729669 1.8467288382059797 1.8463582567389925 1.8459876752720052 1.8456170938050183
1.8784236434244843 1.8775580495099915 1.876692455595499 1.875826861681006 1.8749612677665135 1.8740956738520207 1.8732300799375279 1.8723644860230353 1.8714988921085425 1.8706332981940497 1.869767704279557 1.868902110365063 1.8680365164505701 1.8671709225360773 1.8663053286215847 1.865439734707092 1.864574140792599 1.8637085468781065 1.8628429529636137 1.861977359049121 1.8611117651346283 1.8602461712201355 1.8593805773056429 1.85851498339115 1.857649389476656 1.856783795562163 1.8559182016476705 1.8550526077331777 1.854187013818685 1.8533214199041923 1.8526774508192683 1.8522704036906321 1.8518633565619962 1.8514563094333603 1.851049262304724 1.8506422151760882 1.850235168047452 1.8498281209188154 1.8494210737901795 1.8490140266615434 1.8486069795329074 1.8481999324042713 1.8477928852756353 1.8473858381469994
1.8819462064472334 1.8810378522868152 1.880129498126397 1.8792211439659787 1.8783127898055605 1.877404435645142 1.8764960814847238 1.8755877273243056 1.8746793731638873 1.873771019003469 1.8728626648430509 1.871954310682631 1.8710459565222126 1.8701376023617944 1.8692292482013761 1.868320894040958 1.8674125398805397 1.8665041857201214 1.865595831559703 1.8646874773992848 1.8637791232388665 1.8628707690784483 1.86196241491803 1.8610540607576118 1.8601457065971918 1.8592373524367736 1.8583289982763553 1.857420644115937 1.8565122899555189 1.8556039357951006 1.8549202487626828 1.854476735972398 1.854033223182113 1.8535897103918282 1.8531461976015433 1.8527026848112587 1.8522591720209738 1.851815659230688 1.8513721464404032 1.8509286336501185 1.8504851208598336 1.8500416080695488 1.8495980952792639 1.849154582488979
1.8854687694699828 1.884517655063639 1.8835665406572952 1.8826154262509514 1.8816643118446075 1.8807131974382638 1.87976208303192 1.878810968625576 1.8778598542192322 1.8769087398128885 1.8759576254065446 1.8750065110001992 1.8740553965938553 1.8731042821875115 1.8721531677811676 1.871202053374824 1.87025093896848 1.8692998245621362 1.8683487101557923 1.8673975957494486 1.8664464813431048 1.8654953669367609 1.864544252530417 1.8635931381240731 1.8626420237177277 1.861690909311384 1.8607397949050402 1.8597886804986963 1.8588375660923524 1.8578864516860087 1.857163046706097 1.8566830682541635 1.85620308980223 1.855723111350296 1.8552431328983625 1.854763154446429 1.854283175994495 1.8538031975425606 1.853323219090627 1.8528432406386934 1.8523632621867596 1.851883283734826 1.8514033052828924 1.8509233268309586
