Figures/CREST_Example_wjb_NSE/PETs/wjb.pet.20091215.asc
ncols            288
nrows            254
xllcorner        113.274861
yllcorner        31.4918055
cellsize         0.008333333333
NODATA_value     -9999
[rows 228 to 246 of 254, columns 172 to 214 of 288]
0.41968529705865604 0.4178761177690258 0.4160669384793955 0.41425775918976526 0.412448579900135 0.41063940061050475 0.4088302213208745 0.40702104203124423 0.4052118627416139 0.40340268345198366 0.40159350416235035 0.3997843248727201 0.3979751455830898 0.3961659662934595 0.39435678700382926 0.392547607714199 0.39073842842456874 0.3889292491349385 0.3871200698453082 0.38531089055567797 0.38519263850652746 0.3868820259373977 0.38857141336826795 0.3902608007991411 0.3919501882300114 0.3936395756608816 0.39532896309175186 0.39701835052262213 0.3987077379534924 0.4003971253843626 0.4020865128152329 0.40377590024610316 0.40546528767697343 0.40715467510784364 0.4088440625387139 0.4105334499695842 0.41222283740045734 0.4139122248313276 0.41560161226219783 0.4172909996930681 0.41898038712393837 0.4206697745548086 0.42235916198567885
0.4275479454152059 0.42572216598816137 0.4238963865611168 0.42207060713407224 0.42024482770702765 0.4184190482799831 0.4165932688529385 0.414767489425894 0.4129417099988494 0.41111593057180484 0.40929015114475714 0.40746437171771255 0.405638592290668 0.4038128128636234 0.4019870334365789 0.4001612540095343 0.39833547458248975 0.39650969515544515 0.3946839157284006 0.392858136301356 0.3927802744866416 0.39457097614895476 0.3963616778112679 0.3981523794735841 0.39994308113589727 0.4017337827982105 0.40352448446052364 0.4053151861228368 0.40710588778514994 0.4088965894474631 0.4106872911097763 0.41247799277208946 0.4142686944344026 0.4160593960967158 0.4178500977590289 0.41964079942134214 0.42143150108365834 0.4232222027459715 0.42501290440828465 0.4268036060705978 0.42859430773291096 0.43038500939522417 0.4321757110575373
0.4354105937717591 0.43356821420730024 0.43172583464284137 0.4298834550783825 0.4280410755139236 0.42619869594946475 0.42435631638500587 0.42251393682054694 0.42067155725608807 0.4188291776916292 0.4169867981271672 0.41514441856270834 0.4133020389982494 0.41145965943379054 0.40961727986933166 0.4077749003048728 0.4059325207404139 0.40409014117595504 0.40224776161149617 0.4004053820470373 0.4003679104667589 0.402259926360515 0.40415194225427115 0.40604395814803046 0.4079359740417866 0.4098279899355427 0.41172000582929885 0.41361202172305495 0.4155040376168111 0.4173960535105672 0.4192880694043233 0.42118008529807943 0.4230721011918355 0.4249641170855917 0.42685613297934777 0.42874814887310386 0.43064016476686323 0.4325321806606193 0.4344241965543755 0.43631621244813157 0.4382082283418877 0.4401002442356438 0.4419922601293999
0.44327324212830893 0.4414142624264358 0.43955528272456257 0.4376963030226894 0.4358373233208162 0.43397834361894305 0.43211936391706984 0.4302603842151967 0.4284014045133235 0.4265424248114503 0.42468344510957395 0.42282446540770074 0.4209654857058276 0.4191065060039544 0.41724752630208123 0.415388546600208 0.41352956689833487 0.41167058719646166 0.4098116074945885 0.4079526277927153 0.407955546446873 0.409948876572072 0.41194220669727105 0.41393553682247347 0.4159288669476725 0.41792219707287154 0.41991552719807057 0.42190885732326955 0.4239021874484686 0.4258955175736676 0.42788884769886665 0.4298821778240657 0.4318755079492647 0.43386883807446375 0.4358621681996627 0.43785549832486176 0.43984882845006423 0.4418421585752632 0.44383548870046224 0.4458288188256613 0.4478221489508603 0.44981547907605934 0.4518088092012584
0.4511358904848588 0.4492603106455713 0.4473847308062838 0.4455091509669964 0.4436335711277089 0.4417579912884214 0.4398824114491339 0.43800683160984644 0.43613125177055895 0.43425567193127146 0.43238009209198075 0.43050451225269326 0.42862893241340577 0.4267533525741183 0.4248777727348308 0.4230021928955433 0.4211266130562558 0.4192510332169683 0.4173754533776809 0.41549987353839335 0.4155431824269871 0.41763782678362904 0.419732471140271 0.4218271154969165 0.4239217598535584 0.4260164042102004 0.4281110485668423 0.4302056929234842 0.4323003372801262 0.4343949816367681 0.43648962599341 0.43858427035005193 0.4406789147066939 0.4427735590633358 0.44486820341997774 0.44696284777661965 0.4490574921332652 0.4511521364899071 0.453246780846549 0.455341425203191 0.4574360695598329 0.4595307139164748 0.4616253582731168
0.458998538841412 0.45710635886471024 0.4552141788880084 0.45332199891130665 0.4514298189346048 0.44953763895790305 0.4476454589812012 0.44575327900449946 0.44386109902779763 0.4419689190510958 0.4400767390743908 0.438184559097689 0.43629237912098723 0.4344001991442854 0.43250801916758363 0.4306158391908818 0.42872365921418004 0.4268314792374782 0.42493929926077645 0.4230471192840746 0.4231308184071045 0.42532677699518934 0.42752273558327425 0.4297186941713628 0.43191465275944774 0.4341106113475326 0.4363065699356175 0.43850252852370236 0.4406984871117873 0.44289444569987213 0.44509040428795704 0.4472863628760419 0.4494823214641268 0.45167828005221167 0.4538742386402966 0.45607019722838144 0.45826615581647007 0.460462114404555 0.46265807299263983 0.46485403158072475 0.4670499901688096 0.4692459487568945 0.47144190734497937
0.4668611871979619 0.4649524070838458 0.46304362696972967 0.46113484685561357 0.45922606674149746 0.45731728662738136 0.4554085065132653 0.4534997263991492 0.4515909462850331 0.449682166170917 0.4477733860567976 0.4458646059426815 0.4439558258285654 0.4420470457144493 0.4401382656003332 0.4382294854862171 0.436320705372101 0.4344119252579849 0.4325031451438688 0.4305943650297527 0.4307184543872186 0.43301572720674636 0.43531300002627416 0.4376102728458059 0.4399075456653337 0.4422048184848615 0.4445020913043893 0.446799364123917 0.4490966369434448 0.4513939097629726 0.4536911825825004 0.4559884554020282 0.458285728221556 0.4605830010410838 0.4628802738606116 0.4651775466801394 0.46747481949967107 0.46977209231919886 0.47206936513872666 0.47436663795825446 0.47666391077778225 0.47896118359731005 0.48125845641683784
0.4747238355545117 0.4727984553029813 0.47087307505145093 0.4689476947999205 0.4670223145483901 0.4650969342968597 0.4631715540453293 0.4612461737937989 0.45932079354226846 0.4573954132907381 0.45547003303920436 0.453544652787674 0.4516192725361436 0.44969389228461315 0.44776851203308277 0.4458431317815523 0.44391775153002194 0.44199237127849156 0.4400669910269611 0.43814161077543073 0.4383060903673327 0.4407046774183034 0.44310326446927406 0.44550185152024885 0.4479004385712196 0.45029902562219026 0.45269761267316094 0.4550961997241317 0.45749478677510236 0.4598933738260731 0.4622919608770438 0.46469054792801445 0.4670891349789852 0.46948772202995587 0.47188630908092655 0.4742848961318973 0.47668348318287207 0.47908207023384275 0.48148065728481343 0.48387924433578416 0.48627783138675484 0.4886764184377256 0.49107500548869626
0.48258648391106496 0.48064450352212024 0.4787025231331755 0.4767605427442308 0.4748185623552861 0.47287658196634136 0.47093460157739664 0.4689926211884519 0.4670506407995072 0.4651086604105625 0.46316668002161443 0.4612246996326697 0.459282719243725 0.45734073885478027 0.45539875846583555 0.45345677807689083 0.4515147976879461 0.4495728172990014 0.4476308369100567 0.44568885652111195 0.44589372634745 0.4483936276298637 0.4508935289122773 0.45339343019469525 0.45589333147710887 0.45839323275952254 0.46089313404193616 0.46339303532434983 0.46589293660676345 0.4683928378891771 0.4708927391715908 0.4733926404540044 0.4758925417364181 0.4783924430188317 0.4808923443012454 0.483392245583659 0.48589214686607696 0.4883920481484906 0.49089194943090425 0.4933918507133179 0.49589175199573154 0.4983916532781452 0.5008915545605589
0.49044913226761483 0.48849055174125583 0.4865319712148968 0.4845733906885378 0.4826148101621787 0.4806562296358197 0.47869764910946067 0.47673906858310167 0.47478048805674267 0.4728219075303836 0.4708633270040213 0.4689047464776622 0.4669461659513032 0.46498758542494417 0.4630290048985852 0.4610704243722261 0.4591118438458671 0.4571532633195081 0.45519468279314906 0.45323610226679006 0.45348136232756414 0.4560825778414207 0.45868379335527726 0.46128500886913826 0.4638862243829948 0.4664874398968514 0.46908865541070793 0.4716898709245645 0.47429108643842105 0.4768923019522776 0.47949351746613417 0.4820947329799907 0.4846959484938473 0.48729716400770384 0.48989837952156035 0.49249959503541696 0.4951008105492779 0.49770202606313446 0.500303241576991 0.5029044570908476 0.5055056726047041 0.5081068881185608 0.5107081036324173
0.49314407880172717 0.49122534692621483 0.48930661505070244 -9999.0 -9999.0 0.4835504194241653 0.48163168754865293 0.47971295567314054 0.47779422379762815 0.4758754919221158 0.47395676004660015 0.47203802817108775 0.47011929629557536 0.468200564420063 0.46628183254455063 0.46436310066903824 0.46244436879352585 0.4605256369180135 0.4586069050425011 0.45668817316698873 0.45700922035081426 0.45972464202767493 0.4624400637045356 0.4651554853814009 0.46787090705826156 0.47058632873512224 0.47330175041198286 0.47601717208884353 0.4787325937657042 0.4814480154425649 0.48416343711942555 0.4868788587962862 0.48959428047314685 0.4923097021500075 0.4950251238268682 0.49774054550372887 0.5004559671805942 0.5031713888574548 0.5058868105343155 0.5086022322111762 0.5113176538880368 0.5140330755648974 0.5167484972417581
-9999.0 -9999.0 -9999.0 -9999.0 -9999.0 -9999.0 -9999.0 -9999.0 -9999.0 -9999.0 -9999.0 0.4703111044662493 0.46849256143868767 0.466674018411126 0.4648554753835643 0.4630369323560027 0.461218389328441 0.4593998463008794 0.4575813032733177 0.455762760245756 0.45619743159576054 0.4590408400979818 0.46188424860020305 0.46472765710242914 0.46757106560465045 0.4704144741068717 0.47325788260909296 0.4761012911113142 0.4789446996135355 0.48178810811575673 0.484631516617978 0.4874749251201993 0.49031833362242055 0.4931617421246418 0.49600515062686307 0.4988485591290843 0.5016919676313104 0.5045353761335317 0.5073787846357529 0.5102221931379742 0.5130656016401955 0.5159090101424167 0.5187524186446381
-9999.0 -9999.0 -9999.0 -9999.0 -9999.0 -9999.0 -9999.0 -9999.0 -9999.0 -9999.0 -9999.0 -9999.0 0.46686582658180065 0.4651474724021897 0.46342911822257865 0.4617107640429677 0.4599924098633567 0.4582740556837457 0.4565557015041347 0.45483734732452374 0.45538564284070715 0.45835703816828893 0.4613284334958707 0.4642998288234576 0.46727122415103944 0.4702426194786212 0.47321401480620306 0.47618541013378485 0.47915680546136663 0.48212820078894847 0.48509959611653025 0.4880709914441121 0.4910423867716939 0.4940137820992757 0.4969851774268575 0.49995657275443933 0.5029279680820262 0.505899363409608 0.5088707587371898 0.5118421540647716 0.5148135493923535 0.5177849447199352 0.520756340047517
-9999.0 -9999.0 -9999.0 -9999.0 -9999.0 -9999.0 -9999.0 -9999.0 -9999.0 -9999.0 -9999.0 -9999.0 -9999.0 0.4636209263932533 0.462002761061593 0.46038459572993273 0.45876643039827236 0.4571482650666121 0.4555300997349518 0.4539119344032915 0.45457385408565376 0.45767323623859607 0.46077261839153844 0.4638720005444861 0.46697138269742844 0.4700707648503708 0.47317014700331317 0.47626952915625553 0.47936891130919784 0.4824682934621402 0.4855676756150826 0.48866705776802494 0.4917664399209673 0.4948658220739096 0.497965204226852 0.5010645863797943 0.504163968532742 0.5072633506856843 0.5103627328386267 0.513462114991569 0.5165614971445114 0.5196608792974537 0.5227602614503961
-9999.0 -9999.0 -9999.0 -9999.0 -9999.0 -9999.0 -9999.0 -9999.0 -9999.0 -9999.0 -9999.0 -9999.0 -9999.0 0.46209438038431694 0.46057640390060733 0.45905842741689773 0.45754045093318807 0.4560224744494784 0.4545044979657688 0.45298652148205915 0.4537620653306004 0.45698943430890326 0.46021680328720616 0.46344417226551454 0.46667154124381743 0.4698989102221204 0.47312627920042327 0.47635364817872616 0.47958101715702905 0.48280838613533195 0.4860357551136349 0.4892631240919378 0.4924904930702407 0.49571786204854357 0.49894523102684646 0.5021726000051494 0.5053999689834577 0.5086273379617607 0.5118547069400636 0.5150820759183665 0.5183094448966694 0.5215368138749723 0.5247641828532752
-9999.0 -9999.0 -9999.0 -9999.0 -9999.0 -9999.0 -9999.0 -9999.0 -9999.0 -9999.0 -9999.0 -9999.0 -9999.0 0.46056783437537996 0.45915004673962106 0.4577322591038621 0.4563144714681032 0.45489668383234433 0.4534788961965854 0.4520611085608265 0.4529502765755466 0.45630563237921007 0.4596609881828736 0.46301634398654284 0.4663716997902063 0.46972705559386985 0.4730824113975333 0.47643776720119685 0.4797931230048603 0.48314847880852385 0.4865038346121873 0.48985919041585085 0.4932145462195143 0.49656990202317786 0.4999252578268414 0.5032806136305048 0.5066359694341741 0.5099913252378376 0.513346681041501 0.5167020368451646 0.5200573926488281 0.5234127484524916 0.5267681042561551
-9999.0 -9999.0 -9999.0 -9999.0 -9999.0 -9999.0 -9999.0 -9999.0 -9999.0 -9999.0 -9999.0 -9999.0 -9999.0 -9999.0 -9999.0 0.45640609079082717 0.45508849200301893 0.4537708932152107 0.45245329442740245 0.45113569563959416 0.4521384878204932 0.45562183044951726 0.4591051730785413 0.4625885157075713 0.46607185833659537 0.46955520096561937 0.4730385435946434 0.4765218862236675 0.48000522885269153 0.4834885714817156 0.48697191411073965 0.4904552567397637 0.49393859936878776 0.4974219419978118 0.5009052846268358 0.5043886272558599 0.5078719698848899 0.511355312513914 0.514838655142938 0.518321997771962 0.5218053404009861 0.5252886830300101 0.5287720256590341
-9999.0 -9999.0 -9999.0 -9999.0 -9999.0 -9999.0 -9999.0 -9999.0 -9999.0 -9999.0 -9999.0 -9999.0 -9999.0 -9999.0 -9999.0 -9999.0 0.4538625125379346 0.452645102598077 0.45142769265821947 0.4502102827183619 0.4513266990654398 0.4549380285198244 0.458549357974209 0.4621606874285997 0.46577201688298436 0.46938334633736895 0.4729946757917535 0.4766060052461381 0.4802173347005227 0.48382866415490733 0.4874399936092919 0.4910513230636765 0.4946626525180611 0.49827398197244566 0.5018853114268302 0.5054966408812149 0.5091079703356056 0.5127192997899902 0.5163306292443748 0.5199419586987594 0.523553288153144 0.5271646176075286 -9999.0
-9999.0 -9999.0 -9999.0 -9999.0 -9999.0 -9999.0 -9999.0 -9999.0 -9999.0 -9999.0 -9999.0 -9999.0 -9999.0 -9999.0 -9999.0 -9999.0 0.45263653307284973 0.4515193119809429 0.45040209088903604 0.44928486979712917 0.45051491031038604 0.45425422659013126 0.4579935428698764 0.461732859149628 0.4654721754293732 0.4692114917091184 0.4729508079888636 0.4766901242686088 0.480429440548354 0.4841687568280992 0.4879080731078444 0.49164738938758956 0.4953867056673348 0.49912602194707995 0.5028653382268251 0.5066046545065703 0.5103439707863219 0.5140832870660671 0.5178226033458123 0.5215619196255575 -9999.0 -9999.0 -9999.0
