Figures/CREST_Example_wjb_NSE/PETs/wjb.pet.20101006.asc
ncols            288
nrows            254
xllcorner        113.274861
yllcorner        31.4918055
cellsize         0.008333333333
NODATA_value     -9999
[rows 140 to 159 of 254, columns 44 to 87 of 288]
2.385214295235939 2.3847465482606274 2.3842788012853156 2.3838110543100037 2.3833433073346924 2.3828755603593805 2.3824078133840687 2.381940066408757 2.3814723194334446 2.381004572458133 2.380536825482821 2.380069078507509 2.3796013315321978 2.379133584556886 2.378665837581574 2.3781980906062623 2.377730343630951 2.377262596655639 2.3767948496803273 2.3763271027050155 2.375859355729704 2.3753916087543914 2.3749238617790795 2.3744561148037677 2.3739883678284563 2.3735206208531445 2.3730528738778327 2.372585126902521 2.3710872701869583 2.368488202872346 2.365889135557734 2.363290068243122 2.3606910009285103 2.358091933613898 2.3554928662992816 2.3528937989846694 2.3502947316700578 2.3476956643554456 2.3450965970408335 2.3424975297262214 2.3398984624116097 2.3372993950969976 2.3347003277823855 2.3321012604677733
2.38591216489511 2.385496179461343 2.3850801940275765 2.3846642085938097 2.3842482231600433 2.3838322377262764 2.38341625229251 2.383000266858743 2.382584281424976 2.382168295991209 2.3817523105574425 2.3813363251236757 2.380920339689909 2.3805043542561424 2.3800883688223755 2.379672383388609 2.3792563979548422 2.378840412521076 2.378424427087309 2.378008441653542 2.3775924562197757 2.3771764707860084 2.3767604853522415 2.376344499918475 2.375928514484708 2.3755125290509413 2.375096543617175 2.374680558183408 2.3732181945776962 2.3706372290516895 2.3680562635256828 2.3654752979996756 2.362894332473669 2.360313366947662 2.3577324014216505 2.355151435895644 2.352570470369637 2.34998950484363 2.347408539317623 2.3448275737916164 2.3422466082656093 2.3396656427396025 2.337084677213596 2.3345037116875886
2.3866100345542804 2.386245810662059 2.385881586769837 2.3855173628776156 2.385153138985394 2.3847889150931723 2.384424691200951 2.3840604673087293 2.383696243416507 2.383332019524285 2.3829677956320636 2.382603571739842 2.3822393478476203 2.381875123955399 2.381510900063177 2.3811466761709554 2.380782452278734 2.380418228386512 2.3800540044942906 2.379689780602069 2.3793255567098472 2.378961332817625 2.3785971089254034 2.378232885033182 2.37786866114096 2.3775044372487386 2.3771402133565167 2.3767759894642952 2.3753491189684346 2.372786255231033 2.370223391493631 2.3676605277562293 2.3650976640188275 2.3625348002814257 2.35997193654402 2.357409072806618 2.3548462090692164 2.3522833453318146 2.349720481594413 2.347157617857011 2.3445947541196093 2.3420318903822075 2.3394690266448057 2.336906162907404
2.387307904213452 2.386995441862775 2.3866829795120985 2.386370517161422 2.3860580548107455 2.385745592460069 2.385433130109392 2.3851206677587156 2.3848082054080386 2.384495743057362 2.384183280706685 2.3838708183560087 2.383558356005332 2.3832458936546557 2.382933431303979 2.382620968953302 2.3823085066026257 2.381996044251949 2.3816835819012727 2.381371119550596 2.3810586571999193 2.3807461948492423 2.380433732498566 2.3801212701478893 2.3798088077972124 2.379496345446536 2.3791838830958594 2.378871420745183 2.3774800433591734 2.3749352814103766 2.3723905194615797 2.3698457575127834 2.3673009955639865 2.36475623361519 2.3622114716663893 2.3596667097175925 2.3571219477687957 2.3545771858199993 2.3520324238712025 2.349487661922406 2.3469428999736093 2.344398138024813 2.341853376076016 2.3393086141272197
2.388005773872623 2.3877450730634915 2.38748437225436 2.3872236714452284 2.386962970636097 2.3867022698269658 2.386441569017834 2.3861808682087027 2.3859201673995707 2.385659466590439 2.3853987657813076 2.385138064972176 2.3848773641630445 2.384616663353913 2.3843559625447814 2.38409526173565 2.383834560926519 2.3835738601173873 2.3833131593082557 2.383052458499124 2.3827917576899926 2.3825310568808606 2.382270356071729 2.3820096552625976 2.381748954453466 2.3814882536443345 2.3812275528352034 2.380966852026072 2.379610967749913 2.3770843075897217 2.3745576474295302 2.372030987269339 2.3695043271091474 2.366977666948956 2.36445100678876 2.3619243466285686 2.359397686468377 2.356871026308186 2.3543443661479944 2.351817705987803 2.3492910458276115 2.34676438566742 2.344237725507228 2.3417110653470368
2.388703643531794 2.388494704264208 2.3882857649966214 2.388076825729035 2.387867886461448 2.387658947193862 2.3874500079262755 2.387241068658689 2.3870321293911023 2.3868231901235157 2.386614250855929 2.3864053115883426 2.3861963723207564 2.38598743305317 2.3857784937855833 2.3855695545179967 2.3853606152504105 2.385151675982824 2.3849427367152374 2.384733797447651 2.384524858180064 2.3843159189124776 2.384106979644891 2.3838980403773045 2.3836891011097183 2.3834801618421317 2.383271222574545 2.3830622833069586 2.3817418921406515 2.379233333769065 2.3767247753974785 2.3742162170258925 2.371707658654306 2.3691991002827195 2.366690541911129 2.3641819835395426 2.3616734251679565 2.35916486679637 2.3566563084247836 2.3541477500531975 2.351639191681611 2.3491306333100246 2.3466220749384386 2.344113516566852
2.389401513190965 2.3892443354649235 2.3890871577388824 2.3889299800128407 2.388772802286799 2.388615624560758 2.3884584468347163 2.388301269108675 2.3881440913826335 2.387986913656592 2.3878297359305503 2.387672558204509 2.3875153804784675 2.3873582027524263 2.3872010250263846 2.3870438473003435 2.386886669574302 2.38672949184826 2.386572314122219 2.3864151363961774 2.3862579586701362 2.3861007809440946 2.385943603218053 2.3857864254920114 2.38562924776597 2.3854720700399286 2.3853148923138874 2.3851577145878458 2.3838728165313894 2.3813823599484083 2.378891903365427 2.376401446782446 2.3739109901994646 2.3714205336164835 2.368930077033498 2.366439620450517 2.363949163867536 2.3614587072845548 2.3589682507015732 2.356477794118592 2.353987337535611 2.35149688095263 2.3490064243696485 2.3465159677866674
2.3900993828501362 2.3899939666656396 2.3898885504811433 2.389783134296647 2.3896777181121505 2.3895723019276542 2.3894668857431576 2.3893614695586614 2.3892560533741647 2.3891506371896685 2.389045221005172 2.3889398048206756 2.3888343886361794 2.3887289724516827 2.3886235562671865 2.38851814008269 2.3884127238981936 2.3883073077136974 2.3882018915292007 2.3880964753447045 2.387991059160208 2.387885642975711 2.387780226791215 2.3876748106067187 2.387569394422222 2.387463978237726 2.387358562053229 2.387253145868733 2.3860037409221277 2.3835313861277516 2.3810590313333755 2.3785866765389994 2.3761143217446237 2.3736419669502475 2.3711696121558674 2.3686972573614913 2.366224902567115 2.363752547772739 2.361280192978363 2.358807838183987 2.356335483389611 2.353863128595235 2.351390773800859 2.3489184190064827
2.3912161177202886 2.391172456020748 2.391128794321207 2.391085132621667 2.391041470922126 2.3909978092225854 2.3909541475230447 2.390910485823504 2.3908668241239632 2.390823162424423 2.390779500724882 2.3907358390253415 2.3906921773258007 2.39064851562626 2.3906048539267193 2.390561192227179 2.3905175305276383 2.3904738688280975 2.390430207128557 2.390386545429016 2.3903428837294753 2.3902992220299346 2.3902555603303943 2.3902118986308536 2.390168236931313 2.390124575231772 2.3900809135322314 2.390037251832691 2.388814562039812 2.3863314645619766 2.3838483670841413 2.381365269606306 2.378882172128471 2.3763990746506356 2.373915977172796 2.371432879694961 2.3689497822171255 2.36646668473929 2.3639835872614547 2.3615004897836194 2.3590173923057844 2.356534294827949 2.3540511973501137 2.3515680998722783
2.3927805930965698 2.392809367708556 2.3928381423205423 2.3928669169325287 2.3928956915445148 2.3929244661565012 2.3929532407684877 2.3929820153804737 2.39301078999246 2.3930395646044467 2.3930683392164327 2.393097113828419 2.3931258884404056 2.3931546630523917 2.393183437664378 2.393212212276364 2.3932409868883506 2.393269761500337 2.393298536112323 2.3933273107243096 2.393356085336296 2.393384859948282 2.3934136345602686 2.393442409172255 2.393471183784241 2.3934999583962275 2.393528733008214 2.3935575076202 2.3923521498992946 2.3898274768156598 2.3873028037320254 2.384778130648391 2.3822534575647567 2.379728784481122 2.377204111397483 2.3746794383138488 2.3721547652302144 2.36963009214658 2.3671054190629452 2.364580745979311 2.3620560728956765 2.359531399812042 2.3570067267284074 2.354482053644773
2.3943450684728522 2.3944462793963655 2.3945474903198787 2.3946487012433924 2.3947499121669056 2.394851123090419 2.394952334013932 2.3950535449374457 2.395154755860959 2.395255966784472 2.395357177707986 2.395458388631499 2.3955595995550123 2.3956608104785255 2.3957620214020388 2.3958632323255524 2.3959644432490657 2.396065654172579 2.396166865096092 2.396268076019606 2.396369286943119 2.3964704978666322 2.396571708790146 2.396672919713659 2.3967741306371724 2.3968753415606856 2.396976552484199 2.3970777634077125 2.3958897377587802 2.3933234890693464 2.3907572403799127 2.388190991690479 2.385624743001045 2.3830584943116118 2.3804922456221735 2.3779259969327398 2.375359748243306 2.3727934995538726 2.370227250864439 2.367661002175005 2.3650947534855713 2.3625285047961375 2.359962256106704 2.3573960074172704
2.395909543849134 2.396083191084174 2.396256838319214 2.3964304855542546 2.3966041327892946 2.396777780024335 2.3969514272593755 2.3971250744944155 2.3972987217294564 2.3974723689644963 2.3976460161995368 2.397819663434577 2.3979933106696176 2.3981669579046576 2.398340605139698 2.3985142523747385 2.3986878996097785 2.398861546844819 2.3990351940798593 2.3992088413148993 2.3993824885499397 2.39955613578498 2.3997297830200206 2.399903430255061 2.400077077490101 2.4002507247251414 2.400424371960182 2.400598019195222 2.3994273256182628 2.39681950132303 2.3942116770277972 2.391603852732564 2.3889960284373313 2.3863882041420985 2.3837803798468613 2.381172555551628 2.3785647312563953 2.3759569069611626 2.3733490826659294 2.3707412583706966 2.368133434075464 2.3655256097802306 2.362917785484998 2.360309961189765
2.397474019225415 2.397720102771982 2.3979661863185493 2.3982122698651165 2.3984583534116837 2.398704436958251 2.398950520504818 2.3991966040513852 2.3994426875979533 2.3996887711445205 2.3999348546910877 2.400180938237655 2.400427021784222 2.4006731053307893 2.4009191888773564 2.4011652724239236 2.4014113559704913 2.4016574395170585 2.4019035230636256 2.402149606610193 2.40239569015676 2.4026417737033277 2.402887857249895 2.403133940796462 2.4033800243430297 2.403626107889597 2.403872191436164 2.4041182749827312 2.4029649134777453 2.400315513576713 2.3976661136756814 2.395016713774649 2.392367313873617 2.389717913972585 2.387068514071548 2.3844191141705164 2.3817697142694843 2.379120314368452 2.37647091446742 2.3738215145663877 2.371172114665356 2.3685227147643237 2.3658733148632916 2.3632239149622594
2.399038494601696 2.3993570144597904 2.3996755343178844 2.3999940541759788 2.4003125740340727 2.400631093892167 2.4009496137502615 2.4012681336083554 2.4015866534664503 2.4019051733245442 2.4022236931826386 2.402542213040733 2.402860732898827 2.4031792527569213 2.4034977726150153 2.4038162924731097 2.4041348123312036 2.404453332189298 2.404771852047392 2.4050903719054864 2.4054088917635803 2.405727411621675 2.4060459314797695 2.4063644513378635 2.406682971195958 2.407001491054052 2.407320010912146 2.4076385307702406 2.406502501337228 2.4038115258303967 2.4011205503235655 2.398429574816734 2.3957385993099027 2.3930476238030716 2.3903566482962355 2.3876656727894043 2.384974697282573 2.382283721775742 2.379592746268911 2.376901770762079 2.374210795255248 2.371519819748417 2.3688288442415857 2.366137868734754
2.400602969977977 2.4009939261475983 2.4013848823172195 2.4017758384868406 2.4021667946564618 2.402557750826083 2.402948706995704 2.403339663165325 2.4037306193349472 2.4041215755045684 2.4045125316741895 2.4049034878438107 2.405294444013432 2.405685400183053 2.406076356352674 2.4064673125222953 2.4068582686919164 2.4072492248615376 2.4076401810311587 2.40803113720078 2.408422093370401 2.408813049540023 2.409204005709644 2.4095949618792654 2.4099859180488865 2.4103768742185077 2.410767830388129 2.41115878655775 2.410040089196711 2.4073075380840803 2.40457498697145 2.4018424358588195 2.399109884746189 2.3963773336335583 2.3936447825209233 2.3909122314082927 2.3881796802956625 2.385447129183032 2.3827145780704013 2.3799820269577707 2.3772494758451406 2.37451692473251 2.3717843736198794 2.3690518225072488
2.4021674453542587 2.4026308378354067 2.403094230316555 2.403557622797703 2.4040210152788513 2.404484407759999 2.4049478002411475 2.4054111927222954 2.405874585203444 2.4063379776845926 2.4068013701657405 2.407264762646889 2.4077281551280367 2.408191547609185 2.408654940090333 2.409118332571481 2.4095817250526292 2.410045117533777 2.4105085100149255 2.4109719024960734 2.4114352949772218 2.4118986874583705 2.4123620799395185 2.412825472420667 2.4132888649018147 2.413752257382963 2.414215649864111 2.4146790423452593 2.4135776770561934 2.410803550337764 2.408029423619334 2.4052552969009042 2.4024811701824746 2.399707043464045 2.3969329167456106 2.394158790027181 2.3913846633087514 2.3886105365903214 2.385836409871892 2.3830622831534622 2.3802881564350327 2.3775140297166026 2.374739902998173 2.3719657762797435
2.40373192073054 2.404267749523215 2.4048035783158896 2.4053394071085648 2.40587523590124 2.406411064693915 2.40694689348659 2.407482722279265 2.408018551071941 2.4085543798646163 2.4090902086572914 2.4096260374499665 2.4101618662426416 2.4106976950353167 2.4112335238279914 2.4117693526206665 2.4123051814133416 2.4128410102060167 2.413376838998692 2.413912667791367 2.414448496584042 2.414984325376718 2.415520154169393 2.4160559829620682 2.4165918117547434 2.4171276405474185 2.417663469340093 2.4181992981327682 2.417115264915676 2.414299562591447 2.411483860267218 2.4086681579429894 2.4058524556187604 2.4030367532945314 2.400221050970298 2.397405348646069 2.3945896463218403 2.3917739439976113 2.3889582416733823 2.3861425393491538 2.3833268370249248 2.3805111347006958 2.377695432376467 2.374879730052238
2.4052963961068223 2.405904661211024 2.4065129263152265 2.4071211914194284 2.4077294565236307 2.4083377216278326 2.408945986732035 2.409554251836237 2.41016251694044 2.4107707820446422 2.411379047148844 2.4119873122530464 2.4125955773572487 2.4132038424614506 2.413812107565653 2.4144203726698548 2.415028637774057 2.415636902878259 2.4162451679824613 2.416853433086663 2.4174616981908654 2.4180699632950686 2.4186782283992705 2.419286493503473 2.4198947586076747 2.420503023711877 2.421111288816079 2.421719553920281 2.420652852775162 2.4177955748451336 2.4149382969151056 2.4120810189850777 2.4092237410550497 2.4063664631250212 2.4035091851949884 2.4006519072649604 2.3977946293349324 2.3949373514049044 2.392080073474876 2.389222795544848 2.38636551761482 2.383508239684792 2.3806509617547635 2.3777936838247355
2.406860871483104 2.4075415728988325 2.4082222743145616 2.4089029757302907 2.4095836771460197 2.410264378561749 2.410945079977478 2.411625781393207 2.4123064828089373 2.4129871842246664 2.4136678856403955 2.4143485870561245 2.4150292884718536 2.4157099898875827 2.4163906913033113 2.4170713927190404 2.4177520941347694 2.4184327955504985 2.4191134969662276 2.4197941983819566 2.4204748997976857 2.421155601213416 2.421836302629145 2.4225170040448742 2.4231977054606033 2.4238784068763324 2.4245591082920614 2.42523980970779 2.424190440634644 2.421291587098817 2.41839273356299 2.4154938800271624 2.4125950264913354 2.409696172955508 2.4067973194196757 2.4038984658838483 2.4009996123480213 2.398100758812194 2.3952019052763664 2.3923030517405395 2.389404198204712 2.3865053446688846 2.3836064911330572 2.3807076375972303
2.4084253468593846 2.409178484586641 2.4099316223138967 2.410684760041153 2.4114378977684088 2.4121910354956646 2.412944173222921 2.4136973109501767 2.414450448677434 2.41520358640469 2.415956724131946 2.4167098618592022 2.417462999586458 2.418216137313714 2.41896927504097 2.419722412768226 2.4204755504954822 2.421228688222738 2.4219818259499943 2.42273496367725 2.423488101404506 2.4242412391317636 2.4249943768590194 2.4257475145862752 2.4265006523135315 2.4272537900407873 2.4280069277680436 2.4287600654952994 2.4277280284941267 2.4247875993525003 2.421847170210874 2.4189067410692475 2.415966311927621 2.4130258827859943 2.410085453644363 2.4071450245027366 2.40420459536111 2.4012641662194834 2.398323737077857 2.3953833079362306 2.392442878794604 2.3895024496529778 2.386562020511351 2.3836215913697245
