Figures/CREST_Example_wjb_NSE/PETs/wjb.pet.20090207.asc
ncols            288
nrows            254
xllcorner        113.274861
yllcorner        31.4918055
cellsize         0.008333333333
NODATA_value     -9999
[rows 57 to 75 of 254, columns 88 to 131 of 288]
0.5802040510118291 0.5799960994916897 0.5797881479715502 0.5795801964514103 0.5793722449312709 0.5791642934111314 0.5789563418909919 0.5787483903708525 0.5785404388507129 0.5783324873305734 0.578124535810434 0.5779165842902945 0.5777086327701549 0.5775006812500155 0.5787933190075965 0.5816901206331809 0.5845869222587703 0.5874837238843548 0.5903805255099392 0.5932773271355237 0.5961741287611082 0.5990709303866927 0.601967732012277 0.6048645336378615 0.607761335263446 0.6106581368890305 0.613554938514615 0.6164517401401994 0.6193485417657839 0.6222453433913733 0.6251421450169578 0.6280389466425422 0.6309357482681267 0.6338325498937112 0.6367293515192957 0.6396261531448801 0.6425229547704646 0.6454197563960491 0.6483165580216336 0.651213359647218 0.6541101612728024 0.657006962898387 0.6599037645239764 0.6628005661495608
0.5778446070128664 0.5776298663619337 0.5774151257110011 0.577200385060068 0.5769856444091352 0.5767709037582026 0.5765561631072699 0.5763414224563372 0.5761266818054045 0.5759119411544719 0.5756972005035391 0.5754824598526064 0.5752677192016737 0.575052978550741 0.5763268041629442 0.5791919407687052 0.5820570773744711 0.5849222139802321 0.5877873505859932 0.5906524871917542 0.5935176237975153 0.5963827604032762 0.5992478970090372 0.6021130336147983 0.6049781702205593 0.6078433068263204 0.6107084434320814 0.6135735800378423 0.6164387166436034 0.6193038532493693 0.6221689898551304 0.6250341264608914 0.6278992630666524 0.6307643996724134 0.6336295362781744 0.6364946728839355 0.6393598094896965 0.6422249460954575 0.6450900827012185 0.6479552193069795 0.6508203559127406 0.6536854925185016 0.6565506291242675 0.6594157657300286
0.5742130644122238 0.5739968366592847 0.5737806089063457 0.5735643811534064 0.5733481534004673 0.5731319256475284 0.5729156978945893 0.5726994701416503 0.5724832423887114 0.5722670146357723 0.5720507868828334 0.5718345591298943 0.5716183313769554 0.5714021036240163 0.5726248976079119 0.5753860383664882 0.5781471791250691 0.5809083198836453 0.5836694606422216 0.5864306014007978 0.5891917421593741 0.5919528829179503 0.5947140236765266 0.5974751644351028 0.6002363051936791 0.6029974459522554 0.6057585867108316 0.6085197274694079 0.6112808682279841 0.614042008986565 0.6168031497451414 0.6195642905037175 0.6223254312622939 0.62508657202087 0.6278477127794464 0.6306088535380225 0.6333699942965988 0.636131135055175 0.6388922758137514 0.6416534165723276 0.6444145573309038 0.6471756980894801 0.6499368388480611 0.6526979796066373
0.5705815218115841 0.5703638069566387 0.5701460921016934 0.5699283772467477 0.5697106623918025 0.5694929475368572 0.5692752326819118 0.5690575178269666 0.5688398029720213 0.5686220881170759 0.5684043732621307 0.5681866584071854 0.56796894355224 0.5677512286972948 0.5689229910528827 0.5715801359642743 0.5742372808756704 0.576894425787062 0.5795515706984535 0.5822087156098451 0.5848658605212367 0.5875230054326283 0.5901801503440198 0.5928372952554114 0.5954944401668029 0.5981515850781944 0.600808729989586 0.6034658749009776 0.6061230198123692 0.6087801647237653 0.6114373096351569 0.6140944545465484 0.61675159945794 0.6194087443693316 0.622065889280723 0.6247230341921146 0.6273801791035062 0.6300373240148978 0.6326944689262893 0.6353516138376809 0.6380087587490725 0.640665903660464 0.6433230485718602 0.6459801934832516
0.5669499792109444 0.5667307772539928 0.5665115752970412 0.5662923733400892 0.5660731713831376 0.565853969426186 0.5656347674692344 0.5654155655122828 0.5651963635553312 0.5649771615983796 0.5647579596414279 0.5645387576844764 0.5643195557275248 0.5641003537705732 0.5652210844978536 0.5677742335620605 0.5703273826262717 0.5728805316904786 0.5754336807546855 0.5779868298188924 0.5805399788830992 0.5830931279473061 0.585646277011513 0.5881994260757198 0.5907525751399267 0.5933057242041336 0.5958588732683404 0.5984120223325473 0.6009651713967542 0.6035183204609654 0.6060714695251723 0.6086246185893792 0.6111777676535861 0.613730916717793 0.6162840657819998 0.6188372148462067 0.6213903639104136 0.6239435129746205 0.6264966620388274 0.6290498111030343 0.631602960167241 0.6341561092314479 0.6367092582956592 0.6392624073598661
0.5633184366103048 0.5630977475513469 0.562877058492389 0.5626563694334308 0.5624356803744728 0.5622149913155149 0.561994302256557 0.5617736131975991 0.5615529241386412 0.5613322350796833 0.5611115460207254 0.5608908569617675 0.5606701679028097 0.5604494788438518 0.5615191779428246 0.5639683311598468 0.5664174843768731 0.5688666375938953 0.5713157908109174 0.5737649440279396 0.5762140972449619 0.5786632504619841 0.5811124036790063 0.5835615568960284 0.5860107101130506 0.5884598633300728 0.590909016547095 0.5933581697641171 0.5958073229811394 0.5982564761981658 0.6007056294151879 0.6031547826322101 0.6056039358492323 0.6080530890662545 0.6105022422832767 0.6129513955002989 0.6154005487173211 0.6178497019343433 0.6202988551513654 0.6227480083683876 0.6251971615854098 0.627646314802432 0.6300954680194584 0.6325446212364806
0.5596868940096652 0.559464717848701 0.5592425416877368 0.5590203655267721 0.5587981893658079 0.5585760132048437 0.5583538370438795 0.5581316608829153 0.5579094847219511 0.5576873085609869 0.5574651324000227 0.5572429562390585 0.5570207800780943 0.5567986039171301 0.5578172713877954 0.5601624287576329 0.5625075861274744 0.564852743497312 0.5671979008671494 0.5695430582369869 0.5718882156068245 0.5742333729766619 0.5765785303464994 0.578923687716337 0.5812688450861744 0.5836140024560119 0.5859591598258495 0.588304317195687 0.5906494745655244 0.592994631935366 0.5953397893052035 0.5976849466750409 0.6000301040448784 0.602375261414716 0.6047204187845534 0.6070655761543909 0.6094107335242285 0.6117558908940659 0.6141010482639034 0.616446205633741 0.6187913630035784 0.6211365203734159 0.6234816777432575 0.625826835113095
0.5560553514090255 0.555831688146055 0.5556080248830845 0.5553843616201136 0.5551606983571431 0.5549370350941726 0.5547133718312021 0.5544897085682317 0.5542660453052611 0.5540423820422906 0.5538187187793201 0.5535950555163496 0.5533713922533791 0.5531477289904085 0.5541153648327662 0.5563565263554191 0.5585976878780757 0.5608388494007285 0.5630800109233813 0.5653211724460342 0.5675623339686869 0.5698034954913398 0.5720446570139925 0.5742858185366454 0.5765269800592983 0.578768141581951 0.5810093031046039 0.5832504646272567 0.5854916261499095 0.5877327876725661 0.589973949195219 0.5922151107178717 0.5944562722405246 0.5966974337631774 0.5989385952858302 0.601179756808483 0.6034209183311359 0.6056620798537886 0.6079032413764415 0.6101444028990942 0.6123855644217471 0.6146267259443999 0.6168678874670566 0.6191090489897093
0.5524238088083859 0.5521986584434091 0.5519735080784323 0.5517483577134551 0.5515232073484783 0.5512980569835014 0.5510729066185247 0.5508477562535479 0.550622605888571 0.5503974555235942 0.5501723051586174 0.5499471547936406 0.5497220044286638 0.549496854063687 0.5504134582777371 0.5525506239532052 0.554687789628677 0.5568249553041451 0.5589621209796133 0.5610992866550815 0.5632364523305495 0.5653736180060177 0.5675107836814858 0.569647949356954 0.571785115032422 0.5739222807078902 0.5760594463833584 0.5781966120588264 0.5803337777342946 0.5824709434097664 0.5846081090852345 0.5867452747607026 0.5888824404361708 0.5910196061116388 0.593156771787107 0.5952939374625752 0.5974311031380433 0.5995682688135114 0.6017054344889795 0.6038426001644477 0.6059797658399158 0.6081169315153839 0.6102540971908557 0.6123912628663238
0.5487922662077431 0.54856562874076 0.5483389912737769 0.5481123538067935 0.5478857163398103 0.5476590788728272 0.5474324414058441 0.547205803938861 0.5469791664718778 0.5467525290048948 0.5465258915379116 0.5462992540709285 0.5460726166039455 0.5458459791369623 0.5467115517227048 0.5487447215509882 0.550777891379275 0.5528110612075583 0.5548442310358417 0.5568774008641251 0.5589105706924085 0.5609437405206917 0.5629769103489751 0.5650100801772585 0.5670432500055418 0.5690764198338252 0.5711095896621086 0.5731427594903918 0.5751759293186752 0.5772090991469621 0.5792422689752454 0.5812754388035287 0.5833086086318121 0.5853417784600955 0.5873749482883789 0.5894081181166622 0.5914412879449455 0.5934744577732289 0.5955076276015122 0.5975407974297956 0.599573967258079 0.6016071370863623 0.6036403069146491 0.6056734767429325
0.5451607236071035 0.5449325990381141 0.5447044744691246 0.5444763499001348 0.5442482253311455 0.544020100762156 0.5437919761931667 0.5435638516241772 0.5433357270551878 0.5431076024861984 0.5428794779172089 0.5426513533482196 0.5424232287792301 0.5421951042102408 0.5430096451676757 0.5449388191487743 0.5468679931298763 0.5487971671109749 0.5507263410920736 0.5526555150731723 0.5545846890542709 0.5565138630353696 0.5584430370164682 0.560372210997567 0.5623013849786657 0.5642305589597643 0.566159732940863 0.5680889069219617 0.5700180809030603 0.5719472548841622 0.5738764288652609 0.5758056028463596 0.5777347768274582 0.5796639508085569 0.5815931247896555 0.5835222987707542 0.5854514727518529 0.5873806467329515 0.5893098207140502 0.591238994695149 0.5931681686762476 0.5950973426573463 0.5970265166384482 0.5989556906195469
0.5415291810064639 0.5412995693354682 0.5410699576644724 0.5408403459934763 0.5406107343224806 0.5403811226514849 0.5401515109804892 0.5399218993094934 0.5396922876384977 0.539462675967502 0.5392330642965063 0.5390034526255105 0.5387738409545149 0.5385442292835191 0.5393077386126465 0.5411329167465605 0.5429580948804776 0.5447832730143916 0.5466084511483056 0.5484336292822195 0.5502588074161335 0.5520839855500476 0.5539091636839615 0.5557343418178755 0.5575595199517894 0.5593846980857035 0.5612098762196174 0.5630350543535314 0.5648602324874454 0.5666854106213625 0.5685105887552765 0.5703357668891904 0.5721609450231044 0.5739861231570185 0.5758113012909324 0.5776364794248464 0.5794616575587603 0.5812868356926744 0.5831120138265884 0.5849371919605023 0.5867623700944163 0.5885875482283303 0.5904127263622474 0.5922379044961613
0.5378976384058243 0.5376665396328222 0.5374354408598202 0.5372043420868178 0.5369732433138158 0.5367421445408138 0.5365110457678117 0.5362799469948097 0.5360488482218078 0.5358177494488057 0.5355866506758037 0.5353555519028017 0.5351244531297997 0.5348933543567976 0.5356058320576175 0.5373270143443468 0.539048196631079 0.5407693789178083 0.5424905612045375 0.5442117434912669 0.5459329257779961 0.5476541080647255 0.5493752903514547 0.5510964726381841 0.5528176549249133 0.5545388372116427 0.5562600194983719 0.5579812017851012 0.5597023840718305 0.5614235663585627 0.5631447486452921 0.5648659309320213 0.5665871132187505 0.5683082955054799 0.5700294777922091 0.5717506600789385 0.5734718423656677 0.5751930246523971 0.5769142069391263 0.5786353892258557 0.5803565715125849 0.5820777537993143 0.5837989360860465 0.5855201183727757
0.5342660958051846 0.5340335099301763 0.533800924055168 0.5335683381801593 0.533335752305151 0.5331031664301427 0.5328705805551343 0.532637994680126 0.5324054088051177 0.5321728229301094 0.5319402370551011 0.5317076511800927 0.5314750653050844 0.5312424794300761 0.5319039255025884 0.5335211119421329 0.5351382983816803 0.5367554848212249 0.5383726712607695 0.5399898577003142 0.5416070441398587 0.5432242305794033 0.544841417018948 0.5464586034584925 0.5480757898980372 0.5496929763375817 0.5513101627771263 0.552927349216671 0.5545445356562155 0.5561617220957629 0.5577789085353075 0.5593960949748521 0.5610132814143968 0.5626304678539413 0.5642476542934859 0.5658648407330306 0.5674820271725751 0.5690992136121198 0.5707164000516644 0.5723335864912089 0.5739507729307536 0.5755679593702981 0.5771851458098455 0.5788023322493902
0.530634553204545 0.5304004802275304 0.5301664072505157 0.5299323342735007 0.5296982612964861 0.5294641883194715 0.5292301153424569 0.5289960423654422 0.5287619693884276 0.528527896411413 0.5282938234343983 0.5280597504573837 0.5278256774803691 0.5275916045033545 0.5282020189475591 0.5297152095399191 0.5312284001322816 0.5327415907246416 0.5342547813170014 0.5357679719093613 0.5372811625017213 0.5387943530940812 0.5403075436864412 0.5418207342788011 0.543333924871161 0.5448471154635209 0.5463603060558808 0.5478734966482407 0.5493866872406007 0.5508998778329631 0.5524130684253231 0.553926259017683 0.5554394496100429 0.5569526402024029 0.5584658307947628 0.5599790213871226 0.5614922119794826 0.5630054025718425 0.5645185931642025 0.5660317837565624 0.5675449743489223 0.5690581649412823 0.5705713555336447 0.5720845461260047
0.5270030106039022 0.5267674505248813 0.5265318904458604 0.5262963303668391 0.5260607702878182 0.5258252102087972 0.5255896501297763 0.5253540900507554 0.5251185299717345 0.5248829698927135 0.5246474098136926 0.5244118497346717 0.5241762896556508 0.5239407295766298 0.5245001123925269 0.525909307137702 0.5273185018828795 0.5287276966280547 0.5301368913732298 0.531546086118405 0.5329552808635801 0.5343644756087553 0.5357736703539304 0.5371828650991056 0.5385920598442807 0.5400012545894559 0.541410449334631 0.5428196440798062 0.5442288388249813 0.5456380335701588 0.547047228315334 0.5484564230605091 0.5498656178056843 0.5512748125508594 0.5526840072960346 0.5540932020412097 0.5555023967863849 0.55691159153156 0.5583207862767352 0.5597299810219103 0.5611391757670855 0.5625483705122606 0.5639575652574381 0.5653667600026133
0.5233714680032626 0.5231344208222354 0.5228973736412081 0.5226603264601805 0.5224232792791532 0.5221862320981261 0.5219491849170989 0.5217121377360716 0.5214750905550444 0.5212380433740171 0.5210009961929899 0.5207639490119627 0.5205269018309354 0.5202898546499083 0.5207982058374977 0.5221034047354882 0.5234086036334809 0.5247138025314714 0.5260190014294618 0.5273242003274522 0.5286293992254427 0.5299345981234331 0.5312397970214237 0.5325449959194141 0.5338501948174046 0.535155393715395 0.5364605926133854 0.5377657915113759 0.5390709904093663 0.5403761893073591 0.5416813882053495 0.5429865871033399 0.5442917860013304 0.5455969848993208 0.5469021837973114 0.5482073826953018 0.5495125815932922 0.5508177804912827 0.5521229793892731 0.5534281782872637 0.5547333771852541 0.5560385760832445 0.5573437749812372 0.5586489738792276
0.5197399254026229 0.5195013911195894 0.5192628568365559 0.5190243225535219 0.5187857882704884 0.5185472539874549 0.5183087197044214 0.5180701854213878 0.5178316511383543 0.5175931168553207 0.5173545825722873 0.5171160482892537 0.5168775140062202 0.5166389797231866 0.5170962992824686 0.5182975023332743 0.5194987053840822 0.520699908434888 0.5219011114856937 0.5231023145364995 0.5243035175873053 0.525504720638111 0.5267059236889168 0.5279071267397226 0.5291083297905284 0.5303095328413342 0.5315107358921399 0.5327119389429457 0.5339131419937515 0.5351143450445592 0.5363155480953651 0.5375167511461708 0.5387179541969767 0.5399191572477824 0.5411203602985881 0.542321563349394 0.5435227664001997 0.5447239694510054 0.5459251725018113 0.547126375552617 0.5483275786034227 0.5495287816542286 0.5507299847050364 0.5519311877558422
0.5161083828019833 0.5158683614169435 0.5156283400319036 0.5153883186468634 0.5151482972618235 0.5149082758767838 0.5146682544917439 0.514428233106704 0.5141882117216643 0.5139481903366244 0.5137081689515846 0.5134681475665448 0.5132281261815049 0.5129881047964651 0.5133943927274395 0.5144915999310605 0.5155888071346835 0.5166860143383045 0.5177832215419257 0.5188804287455467 0.5199776359491678 0.521074843152789 0.52217205035641 0.5232692575600311 0.5243664647636521 0.5254636719672733 0.5265608791708943 0.5276580863745154 0.5287552935781366 0.5298525007817595 0.5309497079853805 0.5320469151890016 0.5331441223926228 0.5342413295962438 0.5353385367998649 0.536435744003486 0.5375329512071071 0.5386301584107281 0.5397273656143492 0.5408245728179704 0.5419217800215914 0.5430189872252125 0.5441161944288354 0.5452134016324566
