Figures/CREST_Example_wjb_NSE/PETs/wjb.pet.20100124.asc
ncols            288
nrows            254
xllcorner        113.274861
yllcorner        31.4918055
cellsize         0.008333333333
NODATA_value     -9999
[rows 190 to 208 of 254, columns 176 to 219 of 288]
0.6197581270761268 0.6188990052069958 0.6180398833378647 0.6171807614687337 0.6163216395996027 0.6154625177304717 0.6146033958613392 0.6137442739922082 0.6128851521230771 0.6120260302539461 0.6111669083848151 0.6103077865156841 0.609448664646553 0.608589542777422 0.607730420908291 0.60687129903916 0.6059490253672936 0.604959240989392 0.6039694566114905 0.6029796722335873 0.6019898878556856 0.6010001034777841 0.6000103190998826 0.599020534721981 0.5980307503440794 0.5970409659661778 0.5960511815882763 0.5950613972103748 0.5940716128324732 0.5930818284545716 0.59209204407667 0.5911022596987685 0.5901124753208652 0.5891226909429637 0.5881329065650621 0.5871431221871606 0.586153337809259 0.5851635534313574 0.5841737690534559 0.5831839846755543 0.5821942002976528 0.5812044159197511 0.5802146315418496 0.5792248471639481
0.6167671702118156 0.615945767017098 0.6151243638223803 0.6143029606276628 0.6134815574329452 0.6126601542382275 0.6118387510435085 0.6110173478487909 0.6101959446540733 0.6093745414593557 0.6085531382646381 0.6077317350699204 0.6069103318752028 0.6060889286804853 0.6052675254857676 0.60444612229105 0.6035556768740292 0.602591423759175 0.6016271706443208 0.600662917529465 0.5996986644146107 0.5987344112997566 0.5977701581849024 0.5968059050700482 0.595841651955194 0.5948773988403399 0.5939131457254856 0.5929488926106314 0.5919846394957773 0.591020386380923 0.5900561332660689 0.5890918801512147 0.5881276270363588 0.5871633739215046 0.5861991208066505 0.5852348676917962 0.5842706145769421 0.5833063614620879 0.5823421083472337 0.5813778552323795 0.5804136021175254 0.5794493490026711 0.5784850958878169 0.5775208427729628
0.6137762133475044 0.6129925288272002 0.612208844306896 0.6114251597865918 0.6106414752662876 0.6098577907459835 0.6090741062256779 0.6082904217053737 0.6075067371850695 0.6067230526647653 0.6059393681444611 0.605155683624157 0.6043719991038526 0.6035883145835484 0.6028046300632443 0.6020209455429401 0.6011623283807649 0.600223606528958 0.5992848846771512 0.5983461628253428 0.5974074409735359 0.5964687191217292 0.5955299972699223 0.5945912754181155 0.5936525535663086 0.5927138317145019 0.591775109862695 0.5908363880108882 0.5898976661590813 0.5889589443072746 0.5880202224554677 0.5870815006036609 0.5861427787518525 0.5852040569000456 0.5842653350482389 0.583326613196432 0.5823878913446252 0.5814491694928183 0.5805104476410116 0.5795717257892047 0.5786330039373979 0.577694282085591 0.5767555602337843 0.5758168383819774
0.6107852564831933 0.6100392906373024 0.6092933247914117 0.6085473589455209 0.6078013930996301 0.6070554272537393 0.6063094614078472 0.6055634955619564 0.6048175297160656 0.6040715638701748 0.6033255980242841 0.6025796321783933 0.6018336663325025 0.6010877004866116 0.6003417346407208 0.59959576879483 0.5987689798875004 0.597855789298741 0.5969425987099816 0.5960294081212205 0.595116217532461 0.5942030269437016 0.5932898363549421 0.5923766457661827 0.5914634551774233 0.5905502645886638 0.5896370739999044 0.5887238834111449 0.5878106928223854 0.586897502233626 0.5859843116448665 0.585071121056107 0.5841579304673461 0.5832447398785866 0.5823315492898271 0.5814183587010677 0.5805051681123082 0.5795919775235487 0.5786787869347894 0.5777655963460299 0.5768524057572705 0.575939215168511 0.5750260245797515 0.5741128339909921
0.6077942996188809 0.6070860524474035 0.6063778052759261 0.6056695581044488 0.6049613109329713 0.604253063761494 0.6035448165900155 0.602836569418538 0.6021283222470607 0.6014200750755833 0.6007118279041059 0.6000035807326285 0.5992953335611512 0.5985870863896738 0.5978788392181964 0.5971705920467191 0.596375631394235 0.595487972068523 0.5946003127428109 0.5937126534170973 0.5928249940913852 0.5919373347656731 0.591049675439961 0.590162016114249 0.5892743567885369 0.5883866974628248 0.5874990381371128 0.5866113788114007 0.5857237194856886 0.5848360601599765 0.5839484008342645 0.5830607415085524 0.5821730821828388 0.5812854228571267 0.5803977635314146 0.5795101042057026 0.5786224448799905 0.5777347855542784 0.5768471262285664 0.5759594669028543 0.5750718075771422 0.57418414825143 0.573296488925718 0.5724088296000059
0.6048033427545697 0.6041328142575058 0.6034622857604418 0.6027917572633779 0.6021212287663139 0.60145070026925 0.6007801717721848 0.6001096432751208 0.5994391147780569 0.5987685862809929 0.598098057783929 0.597427529286865 0.596757000789801 0.596086472292737 0.5954159437956731 0.5947454152986091 0.5939822829009707 0.593120154838306 0.5922580267756413 0.5913958987129752 0.5905337706503104 0.5896716425876457 0.588809514524981 0.5879473864623163 0.5870852583996515 0.5862231303369868 0.5853610022743222 0.5844988742116575 0.5836367461489927 0.582774618086328 0.5819124900236633 0.5810503619609986 0.5801882338983324 0.5793261058356677 0.578463977773003 0.5776018497103383 0.5767397216476736 0.5758775935850089 0.5750154655223442 0.5741533374596794 0.5732912093970147 0.57242908133435 0.5715669532716853 0.5707048252090207
0.6018123858902585 0.601179576067608 0.6005467662449574 0.5999139564223068 0.5992811465996564 0.5986483367770058 0.5980155269543541 0.5973827171317035 0.596749907309053 0.5961170974864025 0.5954842876637519 0.5948514778411014 0.5942186680184508 0.5935858581958002 0.5929530483731497 0.5923202385504991 0.5915889344077063 0.590752337608089 0.5899157408084716 0.5890791440088529 0.5882425472092355 0.5874059504096182 0.5865693536100008 0.5857327568103835 0.5848961600107662 0.5840595632111488 0.5832229664115315 0.5823863696119141 0.5815497728122968 0.5807131760126795 0.5798765792130621 0.5790399824134448 0.578203385613826 0.5773667888142087 0.5765301920145913 0.575693595214974 0.5748569984153566 0.5740204016157393 0.573183804816122 0.5723472080165046 0.5715106112168873 0.57067401441727 0.5698374176176526 0.5690008208180353
0.598821429025946 0.598226337877709 0.5976312467294718 0.5970361555812347 0.5964410644329975 0.5958459732847604 0.5952508821365222 0.5946557909882851 0.5940606998400481 0.5934656086918109 0.5928705175435738 0.5922754263953366 0.5916803352470995 0.5910852440988623 0.5904901529506252 0.5898950618023882 0.5891955859144409 0.5883845203778709 0.587573454841301 0.5867623893047296 0.5859513237681596 0.5851402582315897 0.5843291926950197 0.5835181271584498 0.5827070616218798 0.5818959960853098 0.5810849305487399 0.5802738650121699 0.5794627994756 0.57865173393903 0.5778406684024601 0.5770296028658901 0.5762185373293187 0.5754074717927488 0.5745964062561788 0.5737853407196088 0.5729742751830389 0.5721632096464689 0.571352144109899 0.570541078573329 0.5697300130367591 0.5689189475001891 0.5681078819636192 0.5672968164270491
0.5958304721616349 0.5952730996878112 0.5947157272139875 0.5941583547401638 0.5936009822663401 0.5930436097925164 0.5924862373186917 0.591928864844868 0.5913714923710442 0.5908141198972205 0.5902567474233968 0.589699374949573 0.5891420024757493 0.5885846300019256 0.5880272575281019 0.5874698850542782 0.5868022374211765 0.586016703147654 0.5852311688741314 0.5844456346006074 0.5836601003270848 0.5828745660535622 0.5820890317800397 0.581303497506517 0.5805179632329944 0.5797324289594719 0.5789468946859493 0.5781613604124267 0.577375826138904 0.5765902918653815 0.5758047575918589 0.5750192233183363 0.5742336890448123 0.5734481547712897 0.5726626204977672 0.5718770862242446 0.571091551950722 0.5703060176771994 0.5695204834036768 0.5687349491301542 0.5679494148566316 0.567163880583109 0.5663783463095864 0.5655928120360638
0.5928395152973237 0.5923198614979134 0.5918002076985031 0.5912805538990928 0.5907609000996825 0.5902412463002722 0.589721592500861 0.5892019387014507 0.5886822849020403 0.58816263110263 0.5876429773032198 0.5871233235038095 0.5866036697043991 0.5860840159049888 0.5855643621055785 0.5850447083061682 0.5844088889279121 0.5836488859174369 0.5828888829069617 0.5821288798964852 0.5813688768860099 0.5806088738755347 0.5798488708650595 0.5790888678545842 0.5783288648441091 0.5775688618336338 0.5768088588231586 0.5760488558126834 0.5752888528022081 0.5745288497917329 0.5737688467812577 0.5730088437707824 0.5722488407603059 0.5714888377498307 0.5707288347393555 0.5699688317288802 0.5692088287184051 0.5684488257079299 0.5676888226974546 0.5669288196869794 0.5661688166765042 0.5654088136660289 0.5646488106555537 0.5638888076450785
0.5898485584330113 0.5893666233080144 0.5888846881830175 0.5884027530580207 0.5879208179330238 0.5874388828080269 0.5869569476830292 0.5864750125580324 0.5859930774330354 0.5855111423080386 0.5850292071830416 0.5845472720580448 0.584065336933048 0.583583401808051 0.5831014666830542 0.5826195315580573 0.5820155404346469 0.581281068687219 0.5805465969397912 0.579812125192362 0.5790776534449342 0.5783431816975063 0.5776087099500785 0.5768742382026506 0.5761397664552228 0.575405294707795 0.5746708229603671 0.5739363512129393 0.5732018794655114 0.5724674077180836 0.5717329359706558 0.5709984642232279 0.5702639924757987 0.5695295207283709 0.5687950489809431 0.5680605772335152 0.5673261054860874 0.5665916337386595 0.5658571619912317 0.5651226902438039 0.564388218496376 0.5636537467489482 0.5629192750015203 0.5621848032540925
0.5868576015687001 0.5864133851181166 0.5859691686675331 0.5855249522169497 0.5850807357663662 0.5846365193157828 0.5841923028651985 0.5837480864146151 0.5833038699640316 0.5828596535134482 0.5824154370628647 0.5819712206122811 0.5815270041616977 0.5810827877111142 0.5806385712605308 0.5801943548099473 0.5796221919413824 0.5789132514570019 0.5782043109726215 0.5774953704882397 0.5767864300038593 0.5760774895194788 0.5753685490350983 0.5746596085507178 0.5739506680663373 0.5732417275819569 0.5725327870975764 0.571823846613196 0.5711149061288154 0.5704059656444349 0.5696970251600545 0.568988084675674 0.5682791441912923 0.5675702037069118 0.5668612632225314 0.5661523227381509 0.5654433822537704 0.5647344417693899 0.5640255012850094 0.563316560800629 0.5626076203162484 0.561898679831868 0.5611897393474875 0.5604807988631071
0.583866644704389 0.5834601469282189 0.5830536491520488 0.5826471513758787 0.5822406535997088 0.5818341558235387 0.581427658047368 0.5810211602711979 0.5806146624950278 0.5802081647188577 0.5798016669426876 0.5793951691665176 0.5789886713903476 0.5785821736141775 0.5781756758380074 0.5777691780618374 0.5772288434481181 0.576545434226785 0.5758620250054518 0.5751786157841176 0.5744952065627844 0.5738117973414514 0.5731283881201182 0.5724449788987851 0.5717615696774521 0.5710781604561189 0.5703947512347858 0.5697113420134526 0.5690279327921196 0.5683445235707865 0.5676611143494533 0.5669777051281202 0.5662942959067859 0.5656108866854528 0.5649274774641198 0.5642440682427866 0.5635606590214535 0.5628772498001204 0.5621938405787873 0.5615104313574542 0.560827022136121 0.560143612914788 0.5594602036934548 0.5587767944721217
0.5808756878400778 0.5805069087383211 0.5801381296365645 0.5797693505348078 0.5794005714330511 0.5790317923312945 0.5786630132295373 0.5782942341277806 0.5779254550260239 0.5775566759242673 0.5771878968225106 0.576819117720754 0.5764503386189973 0.5760815595172407 0.575712780415484 0.5753440013137274 0.5748354949548536 0.5741776169965679 0.5735197390382821 0.5728618610799953 0.5722039831217096 0.5715461051634239 0.5708882272051381 0.5702303492468523 0.5695724712885666 0.5689145933302808 0.5682567153719951 0.5675988374137094 0.5669409594554237 0.5662830814971379 0.5656252035388522 0.5649673255805664 0.5643094476222795 0.5636515696639938 0.562993691705708 0.5623358137474224 0.5616779357891366 0.5610200578308508 0.5603621798725651 0.5597043019142793 0.5590464239559936 0.5583885459977078 0.5577306680394221 0.5570727900811364
0.5778847309757653 0.5775536705484221 0.5772226101210789 0.5768915496937356 0.5765604892663924 0.5762294288390492 0.5758983684117054 0.5755673079843622 0.575236247557019 0.5749051871296758 0.5745741267023324 0.5742430662749892 0.573912005847646 0.5735809454203028 0.5732498849929596 0.5729188245656164 0.5724421464615882 0.5718097997663498 0.5711774530711116 0.5705451063758721 0.5699127596806337 0.5692804129853953 0.568648066290157 0.5680157195949186 0.5673833728996803 0.566751026204442 0.5661186795092036 0.5654863328139652 0.5648539861187268 0.5642216394234885 0.5635892927282501 0.5629569460330117 0.5623245993377723 0.561692252642534 0.5610599059472956 0.5604275592520572 0.5597952125568189 0.5591628658615805 0.5585305191663421 0.5578981724711037 0.5572658257758655 0.5566334790806271 0.5560011323853887 0.5553687856901504
0.5748937741114541 0.5746004323585243 0.5743070906055945 0.5740137488526648 0.5737204070997349 0.5734270653468051 0.5731337235938748 0.572840381840945 0.5725470400880152 0.5722536983350853 0.5719603565821555 0.5716670148292257 0.5713736730762959 0.5710803313233661 0.5707869895704363 0.5704936478175064 0.570048797968324 0.5694419825361329 0.5688351671039419 0.5682283516717499 0.5676215362395589 0.5670147208073679 0.5664079053751769 0.565801089942986 0.565194274510795 0.5645874590786039 0.5639806436464129 0.5633738282142219 0.5627670127820309 0.5621601973498399 0.5615533819176489 0.5609465664854579 0.5603397510532659 0.5597329356210748 0.5591261201888839 0.5585193047566929 0.5579124893245019 0.5573056738923109 0.5566988584601199 0.5560920430279289 0.5554852275957379 0.5548784121635469 0.554271596731356 0.553664781299165
0.571902817247143 0.5716471941686265 0.5713915710901102 0.5711359480115937 0.5708803249330774 0.5706247018545609 0.5703690787760441 0.5701134556975277 0.5698578326190112 0.5696022095404949 0.5693465864619784 0.5690909633834621 0.5688353403049456 0.5685797172264293 0.5683240941479129 0.5680684710693964 0.5676554494750595 0.5670741653059159 0.5664928811367722 0.5659115969676276 0.565330312798484 0.5647490286293404 0.5641677444601968 0.5635864602910531 0.5630051761219095 0.5624238919527659 0.5618426077836223 0.5612613236144786 0.560680039445335 0.5600987552761914 0.5595174711070477 0.5589361869379041 0.5583549027687594 0.5577736185996158 0.5571923344304722 0.5566110502613286 0.556029766092185 0.5554484819230413 0.5548671977538977 0.5542859135847541 0.5537046294156105 0.5531233452464669 0.5525420610773232 0.5519607769081796
0.5689118603828306 0.5686939559787276 0.5684760515746247 0.5682581471705217 0.5680402427664186 0.5678223383623157 0.5676044339582124 0.5673865295541094 0.5671686251500064 0.5669507207459034 0.5667328163418004 0.5665149119376974 0.5662970075335945 0.5660791031294915 0.5658611987253885 0.5656432943212856 0.5652621009817942 0.564706348075698 0.5641505951696016 0.5635948422635045 0.5630390893574082 0.562483336451312 0.5619275835452158 0.5613718306391196 0.5608160777330232 0.560260324826927 0.5597045719208308 0.5591488190147345 0.5585930661086382 0.558037313202542 0.5574815602964458 0.5569258073903495 0.5563700544842523 0.555814301578156 0.5552585486720598 0.5547027957659636 0.5541470428598673 0.553591289953771 0.5530355370476748 0.5524797841415786 0.5519240312354823 0.5513682783293861 0.5508125254232898 0.5502567725171935
0.5672754837146788 0.5670701541342207 0.5668648245537625 0.5666594949733045 0.5664541653928463 0.5662488358123882 0.5660435062319297 0.5658381766514715 0.5656328470710134 0.5654275174905552 0.5652221879100972 0.565016858329639 0.5648115287491808 0.5646061991687227 0.5644008695882645 0.5641955400078064 0.5638341971478763 0.5633060725621395 0.5627779479764027 0.5622498233906649 0.5617216988049281 0.5611935742191912 0.5606654496334543 0.5601373250477175 0.5596092004619807 0.5590810758762439 0.558552951290507 0.5580248267047702 0.5574967021190333 0.5569685775332964 0.5564404529475596 0.5559123283618228 0.555384203776085 0.5548560791903482 0.5543279546046114 0.5537998300188745 0.5532717054331376 0.5527435808474008 0.552215456261664 0.5516873316759271 0.5511592070901903 0.5506310825044535 0.5501029579187166 0.5495748333329797
