Figures/CREST_Example_wjb_NSE/PETs/wjb.pet.20090213.asc
ncols            288
nrows            254
xllcorner        113.274861
yllcorner        31.4918055
cellsize         0.008333333333
NODATA_value     -9999
[rows 100 to 119 of 254, columns 132 to 175 of 288]
0.985038722281517 0.9830602318757923 0.9810817414700675 0.9791032510643427 0.977124760658618 0.9751462702528932 0.9731677798471685 0.9711892894414438 0.969210799035719 0.9672323086299942 0.9652538182242695 0.9632753278185414 0.9612968374128166 0.9593183470070918 0.9573398566013671 0.9553613661956424 0.9533828757899176 0.9514043853841929 0.9494258949784682 0.9474474045727433 0.9454689141670186 0.9434904237612939 0.9415119333555692 0.9395334429498444 0.9375549525441162 0.9355764621383915 0.9335979717326668 0.9316194813269421 0.9296409909212173 0.9276625005154925 0.9261834728363185 0.9252383821104078 0.924293291384497 0.9233482006585862 0.9224031099326755 0.9214580192067647 0.920512928480854 0.9195678377549417 0.9186227470290309 0.9176776563031201 0.9167325655772094 0.9157874748512985 0.9148423841253878 0.913897293399477
0.9859358053500097 0.9839456535213104 0.9819555016926109 0.9799653498639116 0.9779751980352122 0.9759850462065127 0.9739948943778134 0.972004742549114 0.9700145907204145 0.9680244388917152 0.9660342870630158 0.964044135234313 0.9620539834056135 0.9600638315769141 0.9580736797482148 0.9560835279195153 0.9540933760908159 0.9521032242621166 0.9501130724334171 0.9481229206047178 0.9461327687760184 0.9441426169473189 0.9421524651186196 0.9401623132899202 0.9381721614612174 0.936182009632518 0.9341918578038185 0.9322017059751192 0.9302115541464198 0.9282214023177204 0.9266957310836479 0.9256666001124649 0.924637469141282 0.9236083381700989 0.922579207198916 0.921550076227733 0.9205209452565499 0.9194918142853652 0.9184626833141822 0.9174335523429993 0.9164044213718162 0.9153752904006333 0.9143461594294503 0.9133170284582672
0.9868328884185024 0.9848310751668283 0.9828292619151543 0.9808274486634803 0.9788256354118062 0.9768238221601321 0.974822008908458 0.972820195656784 0.97081838240511 0.968816569153436 0.9668147559017619 0.9648129426500844 0.9628111293984104 0.9608093161467364 0.9588075028950622 0.9568056896433882 0.9548038763917142 0.9528020631400401 0.9508002498883661 0.948798436636692 0.946796623385018 0.9447948101333439 0.9427929968816698 0.9407911836299958 0.9387893703783183 0.9367875571266443 0.9347857438749703 0.9327839306232962 0.9307821173716222 0.9287803041199482 0.9272079893309773 0.926094818114522 0.9249816468980667 0.9238684756816116 0.9227553044651563 0.921642133248701 0.9205289620322459 0.9194157908157887 0.9183026195993336 0.9171894483828783 0.916076277166423 0.9149631059499679 0.9138499347335126 0.9127367635170573
0.987729971486995 0.9857164968123463 0.9837030221376976 0.9816895474630489 0.9796760727884002 0.9776625981137516 0.9756491234391028 0.9736356487644541 0.9716221740898054 0.9696086994151567 0.967595224740508 0.9655817500658559 0.9635682753912072 0.9615548007165585 0.9595413260419098 0.957527851367261 0.9555143766926124 0.9535009020179637 0.951487427343315 0.9494739526686663 0.9474604779940176 0.9454470033193689 0.9434335286447202 0.9414200539700714 0.9394065792954194 0.9373931046207706 0.935379629946122 0.9333661552714733 0.9313526805968245 0.9293392059221759 0.9277202475783065 0.926523036116579 0.9253258246548516 0.9241286131931241 0.9229314017313967 0.9217341902696692 0.9205369788079417 0.9193397673462123 0.9181425558844848 0.9169453444227573 0.9157481329610299 0.9145509214993024 0.913353710037575 0.9121564985758476
0.9886270545554876 0.9866019184578643 0.9845767823602409 0.9825516462626176 0.9805265101649943 0.9785013740673709 0.9764762379697476 0.9744511018721242 0.9724259657745008 0.9704008296768775 0.9683756935792541 0.9663505574816273 0.964325421384004 0.9623002852863807 0.9602751491887573 0.958250013091134 0.9562248769935107 0.9541997408958872 0.9521746047982639 0.9501494687006405 0.9481243326030172 0.9460991965053939 0.9440740604077705 0.9420489243101472 0.9400237882125204 0.937998652114897 0.9359735160172736 0.9339483799196503 0.931923243822027 0.9298981077244036 0.9282325058256358 0.9269512541186361 0.9256700024116364 0.9243887507046367 0.923107498997637 0.9218262472906373 0.9205449955836377 0.9192637438766358 0.9179824921696361 0.9167012404626365 0.9154199887556367 0.914138737048637 0.9128574853416374 0.9115762336346377
0.9895241376239811 0.987487340103383 0.985450542582785 0.983413745062187 0.981376947541589 0.979340150020991 0.977303352500393 0.975266554979795 0.9732297574591969 0.971192959938599 0.969156162418001 0.9671193648973995 0.9650825673768014 0.9630457698562035 0.9610089723356054 0.9589721748150074 0.9569353772944094 0.9548985797738114 0.9528617822532134 0.9508249847326153 0.9487881872120174 0.9467513896914194 0.9447145921708213 0.9426777946502234 0.9406409971296219 0.9386041996090239 0.9365674020884258 0.9345306045678279 0.9324938070472298 0.9304570095266318 0.9287447640729655 0.9273794721206935 0.9260141801684215 0.9246488882161495 0.9232835962638775 0.9219183043116055 0.9205530123593335 0.9191877204070592 0.9178224284547872 0.9164571365025153 0.9150918445502433 0.9137265525979713 0.9123612606456993 0.9109959686934272
0.9904212206924736 0.988372761748901 0.9863243028053283 0.9842758438617557 0.9822273849181831 0.9801789259746103 0.9781304670310377 0.976082008087465 0.9740335491438924 0.9719850902003198 0.9699366312567471 0.9678881723131709 0.9658397133695983 0.9637912544260256 0.9617427954824529 0.9596943365388803 0.9576458775953076 0.955597418651735 0.9535489597081623 0.9515005007645897 0.949452041821017 0.9474035828774443 0.9453551239338717 0.943306664990299 0.9412582060467228 0.9392097471031502 0.9371612881595776 0.9351128292160049 0.9330643702724323 0.9310159113288595 0.9292570223202947 0.9278076901227506 0.9263583579252063 0.9249090257276621 0.9234596935301179 0.9220103613325736 0.9205610291350295 0.9191116969374827 0.9176623647399386 0.9162130325423943 0.9147637003448501 0.9133143681473058 0.9118650359497616 0.9104157037522175
0.9913183037609663 0.989258183394419 0.9871980630278717 0.9851379426613244 0.983077822294777 0.9810177019282298 0.9789575815616824 0.9768974611951351 0.9748373408285879 0.9727772204620405 0.9707171000954932 0.9686569797289424 0.966596859362395 0.9645367389958478 0.9624766186293005 0.9604164982627531 0.9583563778962059 0.9562962575296585 0.9542361371631112 0.9521760167965639 0.9501158964300166 0.9480557760634694 0.945995655696922 0.9439355353303747 0.9418754149638239 0.9398152945972765 0.9377551742307293 0.935695053864182 0.9336349334976346 0.9315748131310874 0.929769280567624 0.9282359081248076 0.9267025356819911 0.9251691632391746 0.9236357907963583 0.9221024183535418 0.9205690459107253 0.9190356734679063 0.9175023010250898 0.9159689285822734 0.9144355561394569 0.9129021836966404 0.9113688112538241 0.9098354388110076
0.992215386829459 0.9901436050399369 0.988071823250415 0.986000041460893 0.9839282596713711 0.9818564778818492 0.9797846960923272 0.9777129143028053 0.9756411325132832 0.9735693507237613 0.9714975689342393 0.9694257871447138 0.9673540053551919 0.96528222356567 0.963210441776148 0.9611386599866261 0.959066878197104 0.9569950964075821 0.9549233146180601 0.9528515328285382 0.9507797510390162 0.9487079692494943 0.9466361874599724 0.9445644056704503 0.9424926238809248 0.9404208420914029 0.9383490603018809 0.936277278512359 0.934205496722837 0.9321337149333151 0.9302815388149533 0.9286641261268647 0.927046713438776 0.9254293007506873 0.9238118880625986 0.9221944753745099 0.9205770626864213 0.9189596499983298 0.9173422373102411 0.9157248246221524 0.9141074119340638 0.9124899992459751 0.9108725865578864 0.9092551738697977
0.9931124698979515 0.991029026685455 0.9889455834729584 0.9868621402604617 0.9847786970479652 0.9826952538354685 0.9806118106229719 0.9785283674104753 0.9764449241979787 0.9743614809854821 0.9722780377729855 0.9701945945604853 0.9681111513479888 0.9660277081354921 0.9639442649229955 0.9618608217104989 0.9597773784980023 0.9576939352855056 0.9556104920730091 0.9535270488605124 0.9514436056480159 0.9493601624355192 0.9472767192230226 0.945193276010526 0.9431098327980258 0.9410263895855293 0.9389429463730327 0.936859503160536 0.9347760599480395 0.9326926167355428 0.9307937970622826 0.9290923441289217 0.9273908911955607 0.9256894382621998 0.923987985328839 0.9222865323954781 0.9205850794621171 0.9188836265287533 0.9171821735953924 0.9154807206620315 0.9137792677286706 0.9120778147953097 0.9103763618619488 0.9086749089285878
0.9940095529664442 0.991914448330973 0.9898193436955017 0.9877242390600304 0.9856291344245591 0.9835340297890879 0.9814389251536166 0.9793438205181454 0.9772487158826741 0.9751536112472029 0.9730585066117317 0.9709634019762567 0.9688682973407855 0.9667731927053143 0.964678088069843 0.9625829834343718 0.9604878787989005 0.9583927741634293 0.956297669527958 0.9542025648924867 0.9521074602570154 0.9500123556215442 0.9479172509860729 0.9458221463506017 0.9437270417151269 0.9416319370796556 0.9395368324441844 0.937441727808713 0.9353466231732418 0.9332515185377706 0.9313060553096119 0.9295205621309788 0.9277350689523456 0.9259495757737124 0.9241640825950793 0.9223785894164461 0.920593096237813 0.9188076030591769 0.9170221098805437 0.9152366167019106 0.9134511235232774 0.9116656303446443 0.9098801371660111 0.9080946439873779
0.9949066360349376 0.9927998699764917 0.9906931039180458 0.9885863378595998 0.986479571801154 0.984372805742708 0.9822660396842621 0.9801592736258162 0.9780525075673703 0.9759457415089243 0.9738389754504785 0.971732209392029 0.969625443333583 0.9675186772751371 0.9654119112166912 0.9633051451582453 0.9611983790997993 0.9590916130413535 0.9569848469829075 0.9548780809244616 0.9527713148660157 0.9506645488075698 0.9485577827491238 0.946451016690678 0.9443442506322285 0.9422374845737825 0.9401307185153366 0.9380239524568907 0.9359171863984448 0.9338104203399988 0.9318183135569417 0.9299487801330363 0.9280792467091308 0.9262097132852254 0.9243401798613199 0.9224706464374144 0.920601113013509 0.9187315795896004 0.9168620461656949 0.9149925127417895 0.913122979317884 0.9112534458939786 0.9093839124700731 0.9075143790461677
0.9958037191034302 0.9936852916220097 0.9915668641405891 0.9894484366591685 0.9873300091777479 0.9852115816963274 0.9830931542149068 0.9809747267334863 0.9788562992520657 0.9767378717706452 0.9746194442892245 0.9725010168078004 0.9703825893263799 0.9682641618449592 0.9661457343635387 0.9640273068821181 0.9619088794006976 0.959790451919277 0.9576720244378565 0.9555535969564359 0.9534351694750153 0.9513167419935947 0.9491983145121742 0.9470798870307536 0.9449614595493294 0.9428430320679089 0.9407246045864883 0.9386061771050678 0.9364877496236472 0.9343693221422267 0.9323305718042709 0.9303769981350932 0.9284234244659156 0.9264698507967379 0.9245162771275602 0.9225627034583825 0.9206091297892048 0.9186555561200238 0.9167019824508462 0.9147484087816685 0.9127948351124908 0.9108412614433131 0.9088876877741354 0.9069341141049577
0.9967008021719228 0.9945707132675277 0.9924406243631324 0.9903105354587373 0.988180446554342 0.9860503576499468 0.9839202687455516 0.9817901798411564 0.9796600909367611 0.977530002032366 0.9753999131279707 0.9732698242235719 0.9711397353191766 0.9690096464147815 0.9668795575103862 0.964749468605991 0.9626193797015958 0.9604892907972006 0.9583592018928053 0.9562291129884102 0.9540990240840149 0.9519689351796197 0.9498388462752245 0.9477087573708293 0.9455786684664305 0.9434485795620352 0.9413184906576401 0.9391884017532448 0.9370583128488496 0.9349282239444544 0.9328428300516003 0.9308052161371503 0.9287676022227004 0.9267299883082505 0.9246923743938006 0.9226547604793507 0.9206171465649008 0.9185795326504473 0.9165419187359974 0.9145043048215475 0.9124666909070976 0.9104290769926477 0.9083914630781978 0.906353849163748
0.9975978852404156 0.9954561349130457 0.9933143845856759 0.991172634258306 0.9890308839309361 0.9868891336035662 0.9847473832761964 0.9826056329488265 0.9804638826214567 0.9783221322940868 0.976180381966717 0.9740386316393435 0.9718968813119735 0.9697551309846036 0.9676133806572338 0.9654716303298639 0.9633298800024941 0.9611881296751242 0.9590463793477543 0.9569046290203844 0.9547628786930146 0.9526211283656447 0.9504793780382749 0.948337627710905 0.9461958773835315 0.9440541270561615 0.9419123767287917 0.9397706264014218 0.937628876074052 0.9354871257466821 0.9333550882989295 0.9312334341392073 0.9291117799794852 0.9269901258197631 0.9248684716600409 0.9227468175003188 0.9206251633405966 0.9185035091808709 0.9163818550211488 0.9142602008614266 0.9121385467017045 0.9100168925419824 0.9078952383822602 0.9057735842225381
0.9984949683089083 0.9963415565585637 0.9941881448082192 0.9920347330578747 0.9898813213075301 0.9877279095571856 0.9855744978068411 0.9834210860564966 0.9812676743061521 0.9791142625558076 0.976960850805463 0.9748074390551149 0.9726540273047704 0.9705006155544258 0.9683472038040813 0.9661937920537368 0.9640403803033922 0.9618869685530478 0.9597335568027032 0.9575801450523587 0.9554267333020142 0.9532733215516697 0.9511199098013252 0.9489664980509807 0.9468130863006324 0.944659674550288 0.9425062627999434 0.9403528510495989 0.9381994392992544 0.9360460275489099 0.9338673465462588 0.9316616521412644 0.9294559577362701 0.9272502633312757 0.9250445689262813 0.9228388745212869 0.9206331801162926 0.9184274857112944 0.9162217913063 0.9140160969013057 0.9118104024963113 0.9096047080913169 0.9073990136863226 0.9051933192813282
0.9993920513774008 0.9972269782040817 0.9950619050307625 0.9928968318574434 0.9907317586841242 0.9885666855108051 0.9864016123374859 0.9842365391641666 0.9820714659908475 0.9799063928175283 0.9777413196442092 0.9755762464708864 0.9734111732975672 0.971246100124248 0.9690810269509288 0.9669159537776096 0.9647508806042905 0.9625858074309713 0.9604207342576522 0.958255661084333 0.9560905879110139 0.9539255147376946 0.9517604415643754 0.9495953683910563 0.9474302952177335 0.9452652220444143 0.9431001488710952 0.9409350756977759 0.9387700025244567 0.9366049293511376 0.9343796047935881 0.9320898701433215 0.9298001354930548 0.9275104008427882 0.9252206661925216 0.922930931542255 0.9206411968919884 0.9183514622417179 0.9160617275914513 0.9137719929411847 0.9114822582909181 0.9091925236406515 0.9069027889903849 0.9046130543401183
1.0002891344458935 0.9981123998495997 0.9959356652533059 0.993758930657012 0.9915821960607182 0.9894054614644244 0.9872287268681306 0.9850519922718368 0.982875257675543 0.9806985230792491 0.9785217884829553 0.9763450538866578 0.974168319290364 0.9719915846940702 0.9698148500977763 0.9676381155014825 0.9654613809051887 0.9632846463088949 0.9611079117126011 0.9589311771163073 0.9567544425200134 0.9545777079237197 0.9524009733274258 0.9502242387311319 0.9480475041348344 0.9458707695385407 0.9436940349422468 0.941517300345953 0.9393405657496592 0.9371638311533653 0.9348918630409173 0.9325180881453785 0.9301443132498397 0.9277705383543009 0.925396763458762 0.9230229885632232 0.9206492136676844 0.9182754387721415 0.9159016638766027 0.9135278889810639 0.9111541140855249 0.9087803391899861 0.9064065642944473 0.9040327893989084
1.0002110738936276 0.9980391218815758 0.9958671698695242 0.9936952178574726 0.9915232658454209 0.9893513138333693 0.9871793618213176 0.9850074098092659 0.9828354577972143 0.9806635057851627 0.978491553773111 0.9763196017610557 0.974147649749004 0.9719756977369524 0.9698037457249007 0.967631793712849 0.9654598417007973 0.9632878896887458 0.9611159376766941 0.9589439856646425 0.9567720336525908 0.9546000816405391 0.9524281296284874 0.9502561776164358 0.9480842256043804 0.9459122735923289 0.9437403215802772 0.9415683695682255 0.9393964175561739 0.9372244655441222 0.9349427875344666 0.932543809951209 0.9301448323679514 0.9277458547846938 0.9253468772014362 0.9229478996181786 0.920548922034921 0.9181499444516593 0.9157509668684017 0.9133519892851442 0.9109530117018866 0.908554034118629 0.9061550565353714 0.9037560789521139
0.9990906462868502 0.9969410544660742 0.9947914626452983 0.9926418708245224 0.9904922790037464 0.9883426871829705 0.9861930953621945 0.9840435035414186 0.9818939117206426 0.9797443198998667 0.9775947280790906 0.9754451362583111 0.9732955444375351 0.9711459526167592 0.9689963607959832 0.9668467689752073 0.9646971771544313 0.9625475853336554 0.9603979935128794 0.9582484016921035 0.9560988098713274 0.9539492180505516 0.9517996262297755 0.9496500344089996 0.94750044258822 0.9453508507674441 0.9432012589466681 0.9410516671258922 0.9389020753051162 0.9367524834843403 0.934500575329136 0.9321392886978822 0.9297780020666284 0.9274167154353746 0.9250554288041208 0.922694142172867 0.9203328555416133 0.9179715689103554 0.9156102822791016 0.9132489956478478 0.910887709016594 0.9085264223853402 0.9061651357540864 0.9038038491228326
