Figures/CREST_Example_wjb_NSE/PETs/wjb.pet.20091121.asc
ncols            288
nrows            254
xllcorner        113.274861
yllcorner        31.4918055
cellsize         0.008333333333
NODATA_value     -9999
[rows 114 to 132 of 254, columns 220 to 263 of 288]
0.7450524497722968 0.7445784138752755 0.7442844487228124 0.7441829832715955 0.7440815178203786 0.7439800523691618 0.7438785869179448 0.7437771214667279 0.743675656015511 0.7435741905642941 0.7434727251130772 0.7433712596618602 0.7432697942106433 0.7431683287594264 0.7430668633082094 0.7429653978569924 0.7428639324057755 0.7427624669545586 0.7426610015033417 0.7425595360521249 0.742458070600908 0.742356605149691 0.7422551396984741 0.7421536742472572 0.7420522087960403 0.7419507433448234 0.7418492778936064 0.7417478124423894 0.7416463469911725 0.7415448815399556 0.7414434160887386 0.7413419506375217 0.7413521118870625 0.7414816046065933 0.7416110973261241 -9999.0 -9999.0 -9999.0 -9999.0 -9999.0 -9999.0 -9999.0 -9999.0 -9999.0
0.7456691715439857 0.7452025649358939 0.7449065814853155 0.7447929980516171 0.7446794146179188 0.7445658311842204 0.7444522477505219 0.7443386643168235 0.7442250808831251 0.7441114974494267 0.7439979140157283 0.74388433058203 0.7437707471483316 0.7436571637146331 0.7435435802809346 0.7434299968472361 0.7433164134135377 0.7432028299798393 0.743089246546141 0.7429756631124426 0.7428620796787442 0.7427484962450458 0.7426349128113473 0.7425213293776489 0.7424077459439505 0.7422941625102522 0.7421805790765538 0.7420669956428552 0.7419534122091568 0.7418398287754584 0.74172624534176 0.7416126619080615 0.7416133968036072 0.7417363405809249 0.7418592843582424 0.7419822281355601 0.7421051719128778 -9999.0 -9999.0 -9999.0 -9999.0 -9999.0 -9999.0 -9999.0
0.7462858933156746 0.7458267159965124 0.7455287142478187 0.7454030128316388 0.7452773114154589 0.7451516099992791 0.7450259085830991 0.7449002071669193 0.7447745057507393 0.7446488043345595 0.7445231029183795 0.7443974015021997 0.7442717000860198 0.7441459986698399 0.7440202972536598 0.7438945958374799 0.7437688944213 0.74364319300512 0.7435174915889402 0.7433917901727604 0.7432660887565804 0.7431403873404006 0.7430146859242206 0.7428889845080408 0.7427632830918608 0.742637581675681 0.7425118802595011 0.7423861788433209 0.7422604774271411 0.7421347760109611 0.7420090745947813 0.7418833731786014 0.7418746817201518 0.7419910765552564 0.7421074713903609 0.7422238662254654 0.7423402610605699 0.7424566558956744 -9999.0 -9999.0 -9999.0 -9999.0 -9999.0 -9999.0
0.7469026150873637 0.7464508670571308 0.746150847010322 0.7460130276116606 0.7458752082129991 0.7457373888143378 0.7455995694156764 0.745461750017015 0.7453239306183537 0.7451861112196922 0.7450482918210308 0.7449104724223694 0.7447726530237081 0.7446348336250467 0.744497014226385 0.7443591948277237 0.7442213754290623 0.7440835560304009 0.7439457366317396 0.7438079172330782 0.7436700978344167 0.7435322784357554 0.743394459037094 0.7432566396384326 0.7431188202397713 0.7429810008411099 0.7428431814424484 0.7427053620437868 0.7425675426451255 0.7424297232464641 0.7422919038478026 0.7421540844491413 0.7421359666366967 0.742245812529588 0.7423556584224794 0.7424655043153708 0.7425753502082622 0.7426851961011536 0.742795041994045 0.7429048878869364 -9999.0 -9999.0 -9999.0 -9999.0
0.7474661575709753 0.7470207931213041 0.7467195894426162 0.7465724968907178 0.7464254043388194 0.7462783117869212 0.7461312192350228 0.7459841266831244 0.745837034131226 0.7456899415793277 0.7455428490274294 0.745395756475531 0.7452486639236326 0.7451015713717343 0.7449544788198357 0.7448073862679373 0.744660293716039 0.7445132011641407 0.7443661086122423 0.7442190160603439 0.7440719235084455 0.7439248309565473 0.7437777384046489 0.7436306458527505 0.7434835533008521 0.7433364607489538 0.7431893681970555 0.7430422756451569 0.7428951830932585 0.7427480905413602 0.7426009979894618 0.7424539054375634 0.7424295523314254 0.7425364104712431 0.7426432686110607 0.7427501267508784 0.7428569848906961 0.7429638430305138 0.7430707011703314 0.7431775593101491 -9999.0 -9999.0 -9999.0 -9999.0
0.7479728547482187 0.7475327560827882 0.7472312609778081 0.7470779362157884 0.7469246114537686 0.7467712866917489 0.7466179619297292 0.7464646371677094 0.7463113124056896 0.7461579876436698 0.7460046628816501 0.7458513381196303 0.7456980133576105 0.7455446885955908 0.7453913638335707 0.745238039071551 0.7450847143095313 0.7449313895475115 0.7447780647854917 0.7446247400234719 0.7444714152614522 0.7443180904994324 0.7441647657374126 0.744011440975393 0.7438581162133732 0.7437047914513534 0.7435514666893336 0.7433981419273136 0.7432448171652938 0.7430914924032741 0.7429381676412543 0.7427848428792345 0.7427576655216912 0.7428653425951168 0.7429730196685423 0.7430806967419679 0.7431883738153935 0.743296050888819 0.7434037279622446 0.7435114050356701 0.7436190821090959 -9999.0 -9999.0 -9999.0
0.7484795519254621 0.7480447190442725 0.7477429325130002 0.747583375540859 0.7474238185687179 0.7472642615965767 0.7471047046244355 0.7469451476522943 0.7467855906801532 0.746626033708012 0.7464664767358707 0.7463069197637296 0.7461473627915884 0.7459878058194472 0.7458282488473058 0.7456686918751647 0.7455091349030235 0.7453495779308823 0.7451900209587411 0.7450304639866 0.7448709070144588 0.7447113500423176 0.7445517930701765 0.7443922360980353 0.7442326791258941 0.744073122153753 0.7439135651816118 0.7437540082094704 0.7435944512373291 0.7434348942651879 0.7432753372930468 0.7431157803209056 0.743085778711957 0.7431942747189906 0.743302770726024 0.7434112667330575 0.7435197627400909 0.7436282587471243 0.7437367547541578 0.7438452507611912 0.7439537467682249 0.7440622427752583 0.7441707387822919 -9999.0
0.7489862491027055 0.7485566820057568 0.7482546040481921 0.7480888148659296 0.747923025683667 0.7477572365014044 0.7475914473191418 0.7474256581368792 0.7472598689546166 0.7470940797723541 0.7469282905900915 0.7467625014078288 0.7465967122255663 0.7464309230433037 0.7462651338610409 0.7460993446787783 0.7459335554965156 0.7457677663142531 0.7456019771319905 0.7454361879497279 0.7452703987674654 0.7451046095852027 0.7449388204029401 0.7447730312206776 0.744607242038415 0.7444414528561524 0.7442756636738899 0.744109874491627 0.7439440853093644 0.7437782961271018 0.7436125069448392 0.7434467177625766 0.7434138919022228 0.7435232068428642 0.7436325217835055 0.7437418367241468 0.7438511516647882 0.7439604666054296 0.744069781546071 0.7441790964867123 0.7442884114273538 0.7443977263679952 0.7445070413086365 -9999.0
0.7494929462799488 0.7490686449672409 0.748766275583384 0.748594254191 0.7484222327986161 0.748250211406232 0.7480781900138481 0.7479061686214641 0.74773414722908 0.7475621258366961 0.7473901044443121 0.7472180830519282 0.7470460616595441 0.7468740402671601 0.7467020188747758 0.7465299974823919 0.7463579760900079 0.7461859546976238 0.7460139333052399 0.7458419119128559 0.745669890520472 0.7454978691280879 0.7453258477357039 0.74515382634332 0.7449818049509359 0.744809783558552 0.744637762166168 0.7444657407737837 0.7442937193813997 0.7441216979890157 0.7439496765966317 0.7437776552042478 0.7437420050924887 0.743852138966738 0.7439622728409871 0.7440724067152364 0.7441825405894856 0.7442926744637349 0.7444028083379841 0.7445129422122334 0.7446230760864828 0.7447332099607321 0.7448433438349813 0.7449534777092306
0.7499996434571923 0.749580607928725 0.749277947118576 0.7490996935160706 0.7489214399135652 0.7487431863110598 0.7485649327085544 0.748386679106049 0.7482084255035436 0.7480301719010382 0.7478519182985328 0.7476736646960274 0.747495411093522 0.7473171574910166 0.7471389038885109 0.7469606502860054 0.7467823966835001 0.7466041430809947 0.7464258894784892 0.7462476358759839 0.7460693822734784 0.7458911286709731 0.7457128750684676 0.7455346214659623 0.7453563678634568 0.7451781142609515 0.744999860658446 0.7448216070559404 0.7446433534534349 0.7444650998509296 0.7442868462484241 0.7441085926459187 0.7440701182827544 0.7441810710906116 0.7442920238984687 0.7444029767063258 0.744513929514183 0.7446248823220402 0.7447358351298973 0.7448467879377544 0.7449577407456117 0.7450686935534689 0.745179646361326 0.7452905991691832
0.7505063406344361 0.7500925708902098 0.7497896186537685 0.7496051328411416 0.7494206470285149 0.749236161215888 0.7490516754032612 0.7488671895906344 0.7486827037780075 0.7484982179653807 0.7483137321527539 0.7481292463401271 0.7479447605275003 0.7477602747148735 0.7475757889022463 0.7473913030896195 0.7472068172769927 0.7470223314643659 0.746837845651739 0.7466533598391123 0.7464688740264854 0.7462843882138587 0.7460999024012318 0.7459154165886049 0.7457309307759782 0.7455464449633513 0.7453619591507246 0.7451774733380974 0.7449929875254706 0.7448085017128437 0.744624015900217 0.7444395300875901 0.7443982314730206 0.7445100032144857 0.7446217749559507 0.7447335466974158 0.7448453184388808 0.7449570901803458 0.7450688619218108 0.7451806336632758 0.7452924054047411 0.7454041771462061 0.7455159488876711 0.7456277206291362
0.7510130378116795 0.750604533851694 0.7503012901889604 0.7501105721662122 0.749919854143464 0.7497291361207158 0.7495384180979675 0.7493477000752193 0.749156982052471 0.7489662640297228 0.7487755460069746 0.7485848279842263 0.7483941099614781 0.7482033919387299 0.7480126739159814 0.7478219558932331 0.7476312378704849 0.7474405198477366 0.7472498018249885 0.7470590838022402 0.746868365779492 0.7466776477567437 0.7464869297339956 0.7462962117112473 0.7461054936884991 0.7459147756657508 0.7457240576430026 0.745533339620254 0.7453426215975059 0.7451519035747576 0.7449611855520094 0.7447704675292611 0.7447263446632864 0.7448389353383593 0.7449515260134322 0.7450641166885051 0.7451767073635781 0.7452892980386511 0.7454018887137239 0.7455144793887969 0.74562707006387 0.7457396607389429 0.7458522514140159 0.7459648420890888
0.7515197349889229 0.7511164968131782 0.7508129617241525 0.7506160114912828 0.7504190612584132 0.7502221110255435 0.7500251607926739 0.7498282105598042 0.7496312603269346 0.7494343100940649 0.7492373598611953 0.7490404096283256 0.748843459395456 0.7486465091625863 0.7484495589297164 0.7482526086968467 0.7480556584639771 0.7478587082311074 0.7476617579982379 0.7474648077653683 0.7472678575324986 0.747070907299629 0.7468739570667593 0.7466770068338897 0.74648005660102 0.7462831063681504 0.7460861561352807 0.7458892059024108 0.7456922556695411 0.7454953054366715 0.7452983552038018 0.7451014049709322 0.7450544578535522 0.7451678674622331 0.7452812770709139 0.7453946866795946 0.7455080962882755 0.7456215058969563 0.7457349155056372 0.745848325114318 0.745961734722999 0.7460751443316798 0.7461885539403607 0.7463019635490414
0.7520264321661663 0.7516284597746624 0.7513246332593444 0.7511214508163534 0.7509182683733623 0.7507150859303713 0.7505119034873802 0.7503087210443892 0.7501055386013982 0.7499023561584071 0.7496991737154161 0.7494959912724249 0.7492928088294339 0.7490896263864428 0.7488864439434515 0.7486832615004604 0.7484800790574694 0.7482768966144784 0.7480737141714873 0.7478705317284963 0.7476673492855052 0.7474641668425142 0.7472609843995232 0.747057801956532 0.746854619513541 0.7466514370705499 0.7464482546275589 0.7462450721845675 0.7460418897415765 0.7458387072985854 0.7456355248555944 0.7454323424126034 0.7453825710438181 0.7454967995861068 0.7456110281283955 0.7457252566706842 0.7458394852129729 0.7459537137552616 0.7460679422975504 0.7461821708398391 0.746296399382128 0.7464106279244167 0.7465248564667054 0.7466390850089941
0.7525331293434097 0.7521404227361467 0.7518363047945364 0.7516268901414239 0.7514174754883115 0.751208060835199 0.7509986461820866 0.7507892315289741 0.7505798168758616 0.7503704022227492 0.7501609875696367 0.7499515729165243 0.7497421582634117 0.7495327436102993 0.7493233289571865 0.749113914304074 0.7489044996509616 0.7486950849978491 0.7484856703447367 0.7482762556916241 0.7480668410385117 0.7478574263853993 0.7476480117322868 0.7474385970791744 0.7472291824260618 0.7470197677729494 0.746810353119837 0.7466009384667242 0.7463915238136117 0.7461821091604992 0.7459726945073868 0.7457632798542743 0.7457106842340838 0.7458257317099805 0.7459407791858771 0.7460558266617736 0.7461708741376702 0.7462859216135669 0.7464009690894635 0.7465160165653602 0.7466310640412569 0.7467461115171535 0.7468611589930502 0.7469762064689468
0.753039826520653 0.7526523856976308 0.7523479763297284 0.7521323294664946 0.7519166826032606 0.7517010357400268 0.751485388876793 0.751269742013559 0.7510540951503252 0.7508384482870913 0.7506228014238574 0.7504071545606236 0.7501915076973896 0.7499758608341558 0.7497602139709215 0.7495445671076877 0.7493289202444539 0.7491132733812199 0.7488976265179861 0.7486819796547522 0.7484663327915183 0.7482506859282845 0.7480350390650506 0.7478193922018167 0.7476037453385829 0.747388098475349 0.7471724516121151 0.7469568047488809 0.746741157885647 0.7465255110224132 0.7463098641591793 0.7460942172959454 0.7460387974243496 0.7461546638338542 0.7462705302433587 0.7463863966528632 0.7465022630623677 0.7466181294718722 0.7467339958813767 0.7468498622908812 0.7469657287003859 0.7470815951098904 0.7471974615193949 0.7473133279288994
0.7535465236978963 0.753164348659115 0.7528596478649202 0.752637768791565 0.7524158897182097 0.7521940106448545 0.7519721315714991 0.7517502524981439 0.7515283734247886 0.7513064943514333 0.751084615278078 0.7508627362047228 0.7506408571313674 0.7504189780580122 0.7501970989846565 0.7499752199113012 0.749753340837946 0.7495314617645907 0.7493095826912354 0.7490877036178801 0.7488658245445249 0.7486439454711695 0.7484220663978143 0.748200187324459 0.7479783082511037 0.7477564291777484 0.7475345501043932 0.7473126710310375 0.7470907919576822 0.746868912884327 0.7466470338109716 0.7464251547376164 0.7463669106146155 0.7464835959577278 0.7466002813008402 0.7467169666439526 0.746833651987065 0.7469503373301775 0.7470670226732898 0.7471837080164022 0.7473003933595148 0.7474170787026272 0.7475337640457397 0.7476504493888521
0.7540532208751402 0.7536763116205997 0.7533713194001127 0.753143208116636 0.7529150968331593 0.7526869855496826 0.752458874266206 0.7522307629827292 0.7520026516992525 0.7517745404157758 0.7515464291322992 0.7513183178488224 0.7510902065653458 0.7508620952818691 0.750633983998392 0.7504058727149153 0.7501777614314386 0.7499496501479619 0.7497215388644852 0.7494934275810086 0.7492653162975318 0.7490372050140551 0.7488090937305785 0.7485809824471018 0.748352871163625 0.7481247598801484 0.7478966485966717 0.7476685373131946 0.7474404260297179 0.7472123147462412 0.7469842034627645 0.7467560921792878 0.7466950238048816 0.7468125280816019 0.7469300323583222 0.7470475366350425 0.7471650409117628 0.747282545188483 0.7474000494652033 0.7475175537419236 0.7476350580186442 0.7477525622953645 0.7478700665720848 0.7479875708488051
0.7545599180523835 0.7541882745820838 0.7538829909353046 0.7536486474417066 0.7534143039481085 0.7531799604545104 0.7529456169609122 0.7527112734673141 0.7524769299737161 0.752242586480118 0.7520082429865198 0.7517738994929217 0.7515395559993236 0.7513052125057255 0.751070869012127 0.7508365255185289 0.7506021820249308 0.7503678385313327 0.7501334950377346 0.7498991515441364 0.7496648080505384 0.7494304645569403 0.7491961210633422 0.748961777569744 0.748727434076146 0.7484930905825479 0.7482587470889498 0.7480244035953513 0.7477900601017531 0.747555716608155 0.7473213731145569 0.7470870296209589 0.7470231369951473 0.7471414602054756 0.7472597834158037 0.7473781066261319 0.7474964298364601 0.7476147530467883 0.7477330762571165 0.7478513994674447 0.7479697226777731 0.7480880458881013 0.7482063690984294 0.7483246923087576
