Figures/CREST_Example_wjb_NSE/PETs/wjb.pet.20100807.asc
ncols            288
nrows            254
xllcorner        113.274861
yllcorner        31.4918055
cellsize         0.008333333333
NODATA_value     -9999
[rows 60 to 79 of 254, columns 44 to 87 of 288]
1.9460258539737256 1.945126340912089 1.944226827850452 1.9433273147888153 1.9424278017271785 1.9415282886655416 1.940628775603905 1.9397292625422682 1.93882974948063 1.937930236418993 1.9370307233573563 1.9361312102957196 1.9352316972340826 1.934332184172446 1.9334326711108092 1.9325331580491723 1.9316336449875355 1.9307341319258988 1.9298346188642619 1.9289351058026252 1.9280355927409885 1.92713607967935 1.9262365666177133 1.9253370535560765 1.9244375404944396 1.9235380274328029 1.9226385143711662 1.9217390013095292 1.9227906168169349 1.9259280328719728 1.9290654489270105 1.9322028649820484 1.935340281037086 1.9384776970921238 1.941615113147167 1.9447525292022048 1.9478899452572427 1.9510273613122804 1.954164777367318 1.957302193422356 1.9604396094773937 1.9635770255324316 1.9667144415874693 1.969851857642507
1.9461927569546817 1.945236932975577 1.9442811089964724 1.9433252850173677 1.942369461038263 1.9414136370591581 1.9404578130800534 1.9395019891009486 1.9385461651218423 1.9375903411427375 1.9366345171636328 1.935678693184528 1.9347228692054232 1.9337670452263187 1.932811221247214 1.9318553972681092 1.9308995732890044 1.9299437493098996 1.9289879253307949 1.9280321013516901 1.9270762773725854 1.926120453393479 1.9251646294143743 1.9242088054352695 1.923252981456165 1.9222971574770602 1.9213413334979554 1.9203855095188507 1.9213929217664079 1.924499077921299 1.9276052340761902 1.9307113902310813 1.9338175463859724 1.9369237025408637 1.94002985869576 1.9431360148506511 1.9462421710055422 1.9493483271604335 1.9524544833153246 1.9555606394702156 1.958666795625107 1.961772951779998 1.964879107934889 1.9679852640897804
1.9463596599356379 1.945347525039065 1.9443353901424925 1.9433232552459196 1.942311120349347 1.9412989854527742 1.9402868505562016 1.939274715659629 1.9382625807630545 1.9372504458664819 1.9362383109699093 1.9352261760733365 1.9342140411767639 1.933201906280191 1.9321897713836185 1.9311776364870457 1.930165501590473 1.9291533666939003 1.9281412317973277 1.927129096900755 1.9261169620041823 1.9251048271076079 1.924092692211035 1.9230805573144625 1.9220684224178899 1.921056287521317 1.9200441526247445 1.9190320177281717 1.9199952267158806 1.923070122970625 1.9261450192253697 1.9292199154801142 1.9322948117348586 1.935369707989603 1.9384446042443528 1.9415195004990975 1.944594396753842 1.9476692930085864 1.950744189263331 1.9538190855180755 1.95689398177282 1.9599688780275646 1.963043774282309 1.9661186705370535
1.946526562916594 1.9454581171025533 1.9443896712885127 1.943321225474472 1.9422527796604314 1.9411843338463908 1.9401158880323501 1.9390474422183095 1.937978996404267 1.9369105505902264 1.9358421047761858 1.9347736589621451 1.9337052131481045 1.9326367673340639 1.9315683215200232 1.9304998757059826 1.929431429891942 1.9283629840779013 1.9272945382638607 1.92622609244982 1.9251576466357794 1.924089200821737 1.9230207550076963 1.9219523091936557 1.920883863379615 1.9198154175655744 1.9187469717515337 1.917678525937493 1.9185975316653536 1.9216411680199514 1.9246848043745493 1.927728440729147 1.930772077083745 1.933815713438343 1.9368593497929458 1.9399029861475439 1.9429466225021417 1.9459902588567395 1.9490338952113373 1.9520775315659353 1.9551211679205331 1.958164804275131 1.9612084406297288 1.9642520769843268
1.94669346589755 1.9455687091660416 1.944443952434533 1.9433191957030242 1.9421944389715158 1.941069682240007 1.9399449255084986 1.93882016877699 1.9376954120454795 1.9365706553139708 1.9354458985824623 1.9343211418509536 1.9331963851194451 1.9320716283879364 1.9309468716564278 1.9298221149249193 1.9286973581934106 1.9275726014619021 1.9264478447303934 1.9253230879988847 1.9241983312673763 1.9230735745358658 1.9219488178043571 1.9208240610728486 1.91969930434134 1.9185745476098313 1.9174497908783228 1.916325034146814 1.9171998366148262 1.9202122130692774 1.9232245895237288 1.92623696597818 1.9292493424326311 1.9322617188870823 1.9352740953415388 1.93828647179599 1.9412988482504412 1.9443112247048924 1.9473236011593436 1.9503359776137947 1.9533483540682461 1.9563607305226973 1.9593731069771485 1.9623854834315997
1.9468603688785062 1.9456793012295297 1.9444982335805532 1.9433171659315767 1.9421360982826001 1.9409550306336236 1.939773962984647 1.9385928953356704 1.9374118276866918 1.9362307600377153 1.9350496923887388 1.9338686247397623 1.9326875570907858 1.9315064894418092 1.9303254217928325 1.929144354143856 1.9279632864948795 1.926782218845903 1.9256011511969264 1.92442008354795 1.9232390158989734 1.9220579482499947 1.9208768806010181 1.9196958129520416 1.918514745303065 1.9173336776540886 1.916152610005112 1.9149715423561355 1.9158021415642992 1.9187832581186037 1.9217643746729083 1.924745491227213 1.9277266077815176 1.9307077243358222 1.9336888408901318 1.9366699574444364 1.939651073998741 1.9426321905530455 1.9456133071073503 1.9485944236616548 1.9515755402159594 1.954556656770264 1.9575377733245685 1.960518889878873
1.9470272718594626 1.945789893293018 1.9445525147265734 1.9433151361601289 1.9420777575936843 1.94084037902724 1.9396030004607954 1.9383656218943508 1.937128243327904 1.9358908647614594 1.9346534861950149 1.9334161076285703 1.932178729062126 1.9309413504956814 1.9297039719292368 1.9284665933627922 1.9272292147963477 1.925991836229903 1.9247544576634585 1.923517079097014 1.9222797005305694 1.9210423219641228 1.9198049433976783 1.9185675648312337 1.9173301862647891 1.9160928076983446 1.9148554291319 1.9136180505654554 1.9144044465137708 1.9173543031679288 1.9203041598220867 1.9232540164762446 1.9262038731304025 1.9291537297845605 1.9321035864387233 1.9350534430928812 1.9380032997470393 1.9409531564011973 1.9439030130553552 1.946852869709513 1.949802726363671 1.952752583017829 1.9557024396719869 1.9586522963261448
1.9471941748404187 1.9459004853565063 1.9446067958725939 1.9433131063886813 1.9420194169047689 1.9407257274208563 1.9394320379369439 1.9381383484530312 1.9368446589691166 1.935550969485204 1.9342572800012916 1.932963590517379 1.9316699010334666 1.930376211549554 1.9290825220656416 1.927788832581729 1.9264951430978166 1.925201453613904 1.9239077641299915 1.922614074646079 1.9213203851621665 1.9200266956782517 1.9187330061943393 1.9174393167104267 1.9161456272265143 1.9148519377426019 1.9135582482586893 1.9122645587747769 1.9130067514632436 1.915925348217255 1.9188439449712662 1.9217625417252775 1.9246811384792888 1.9275997352333 1.9305183319873163 1.9334369287413276 1.9363555254953388 1.9392741222493501 1.9421927190033614 1.9451113157573727 1.948029912511384 1.9509485092653953 1.9538671060194066 1.956785702773418
1.947361077821375 1.9460110774199946 1.9446610770186141 1.9433110766172335 1.941961076215853 1.9406110758144726 1.9392610754130921 1.9379110750117117 1.936561074610329 1.9352110742089486 1.933861073807568 1.9325110734061877 1.931161073004807 1.9298110726034265 1.928461072202046 1.9271110718006657 1.9257610713992852 1.9244110709979048 1.9230610705965243 1.9217110701951439 1.9203610697937634 1.9190110693923805 1.917661068991 1.9163110685896196 1.9149610681882392 1.9136110677868587 1.9122610673854783 1.9109110669840979 1.9116090564127164 1.914496393266581 1.9173837301204457 1.9202710669743104 1.923158403828175 1.9260457406820397 1.9289330775359093 1.931820414389774 1.9347077512436386 1.9375950880975032 1.9404824249513677 1.9433697618052324 1.946257098659097 1.9491444355129617 1.9520317723668263 1.954919109220691
1.9475279808023311 1.9461216694834826 1.9447153581646344 1.9433090468457859 1.9419027355269374 1.940496424208089 1.9390901128892406 1.9376838015703923 1.9362774902515414 1.9348711789326931 1.9334648676138446 1.9320585562949961 1.9306522449761478 1.9292459336572994 1.9278396223384509 1.9264333110196026 1.925026999700754 1.9236206883819058 1.9222143770630573 1.9208080657442088 1.9194017544253605 1.9179954431065096 1.9165891317876613 1.9151828204688128 1.9137765091499643 1.912370197831116 1.9109638865122676 1.909557575193419 1.9102113613621894 1.9130674383159074 1.9159235152696252 1.9187795922233433 1.9216356691770613 1.9244917461307793 1.9273478230845023 1.9302039000382203 1.933059976991938 1.9359160539456561 1.9387721308993742 1.9416282078530922 1.9444842848068102 1.9473403617605283 1.950196438714246 1.9530525156679641
1.9476948837832873 1.946232261546971 1.9447696393106546 1.9433070170743383 1.941844394838022 1.9403817726017054 1.938919150365389 1.9374565281290728 1.935993905892754 1.9345312836564375 1.9330686614201211 1.9316060391838048 1.9301434169474885 1.9286807947111722 1.9272181724748556 1.9257555502385393 1.924292928002223 1.9228303057659066 1.9213676835295903 1.919905061293274 1.9184424390569574 1.9169798168206387 1.9155171945843223 1.914054572348006 1.9125919501116895 1.9111293278753732 1.9096667056390568 1.9082040834027405 1.9088136663116622 1.9116384833652336 1.914463300418805 1.9172881174723764 1.9201129345259478 1.922937751579519 1.9257625686330953 1.9285873856866667 1.9314122027402378 1.9342370197938092 1.9370618368473806 1.939886653900952 1.9427114709545235 1.9455362880080946 1.948361105061666 1.9511859221152374
1.9478617867642434 1.9463428536104592 1.9448239204566748 1.9433049873028905 1.941786054149106 1.940267120995322 1.9387481878415376 1.9372292546877532 1.9357103215339664 1.934191388380182 1.9326724552263976 1.9311535220726133 1.929634588918829 1.9281156557650447 1.9265967226112604 1.925077789457476 1.9235588563036916 1.9220399231499075 1.920520989996123 1.9190020568423387 1.9174831236885543 1.9159641905347675 1.9144452573809831 1.9129263242271988 1.9114073910734146 1.9098884579196302 1.9083695247658459 1.9068505916120615 1.907415971261135 1.9102095284145597 1.9130030855679845 1.9157966427214093 1.9185901998748338 1.9213837570282586 1.924177314181688 1.9269708713351128 1.9297644284885376 1.9325579856419624 1.935351542795387 1.9381450999488117 1.9409386571022365 1.9437322142556612 1.9465257714090858 1.9493193285625106
1.9480286897451997 1.9464534456739475 1.944878201602695 1.9433029575314429 1.9417277134601905 1.940152469388938 1.9385772253176858 1.9370019812464334 1.9354267371751785 1.9338514931039261 1.9322762490326737 1.9307010049614215 1.929125760890169 1.9275505168189169 1.9259752727476644 1.9244000286764122 1.9228247846051598 1.9212495405339076 1.9196742964626552 1.9180990523914028 1.9165238083201506 1.9149485642488955 1.9133733201776433 1.9117980761063909 1.9102228320351387 1.9086475879638862 1.9070723438926338 1.9054970998213816 1.9060182762106066 1.9087805734638845 1.9115428707171627 1.9143051679704408 1.9170674652237187 1.9198297624769969 1.9225920597302797 1.9253543569835576 1.9281166542368358 1.930878951490114 1.9336412487433918 1.93640354599667 1.9391658432499481 1.941928140503226 1.9446904377565042 1.947452735009782
1.948195592726156 1.9465640377374356 1.9449324827487153 1.943300927759995 1.9416693727712748 1.9400378177825546 1.9384062627938343 1.936774707805114 1.935143152816391 1.9335115978276707 1.9318800428389504 1.9302484878502302 1.92861693286151 1.9269853778727895 1.9253538228840692 1.923722267895349 1.9220907129066287 1.9204591579179084 1.9188276029291882 1.917196047940468 1.9155644929517477 1.9139329379630245 1.9123013829743043 1.910669827985584 1.9090382729968638 1.9074067180081433 1.905775163019423 1.9041436080307028 1.9046205811600796 1.907351618513211 1.9100826558663424 1.9128136932194737 1.9155447305726052 1.9182757679257365 1.9210068052788727 1.923737842632004 1.9264688799851355 1.9291999173382668 1.9319309546913983 1.9346619920445296 1.9373930293976611 1.9401240667507924 1.942855104103924 1.9455861414570554
1.9483624957071122 1.9466746298009239 1.9449867638947356 1.9432988979885475 1.9416110320823592 1.9399231661761709 1.9382353002699828 1.9365474343637945 1.9348595684576033 1.9331717025514152 1.931483836645227 1.9297959707390386 1.9281081048328506 1.9264202389266623 1.924732373020474 1.9230445071142859 1.9213566412080976 1.9196687753019093 1.9179809093957212 1.9162930434895329 1.9146051775833446 1.9129173116771536 1.9112294457709653 1.909541579864777 1.907853713958589 1.9061658480524006 1.9044779821462123 1.9027901162400243 1.9032228861095524 1.9059226635625373 1.908622441015522 1.9113222184685068 1.9140219959214915 1.9167217733744764 1.9194215508274657 1.9221213282804503 1.9248211057334352 1.92752088318642 1.9302206606394048 1.9329204380923894 1.9356202155453743 1.938319992998359 1.9410197704513439 1.9437195479043285
1.9485293986880683 1.9467852218644122 1.9450410450407558 1.9432968682170997 1.9415526913934436 1.9398085145697874 1.938064337746131 1.936320160922475 1.934575984098816 1.9328318072751596 1.9310876304515034 1.9293434536278473 1.927599276804191 1.9258550999805348 1.9241109231568787 1.9223667463332226 1.9206225695095662 1.91887839268591 1.917134215862254 1.9153900390385978 1.9136458622149415 1.9119016853912825 1.9101575085676261 1.90841333174397 1.9066691549203139 1.9049249780966577 1.9031808012730014 1.9014366244493452 1.9018251910590251 1.9044937086118632 1.9071622261647014 1.9098307437175395 1.9124992612703777 1.9151677788232158 1.9178362963760585 1.9205048139288967 1.9231733314817347 1.925841849034573 1.928510366587411 1.9311788841402493 1.9338474016930873 1.9365159192459256 1.9391844367987636 1.9418529543516019
1.9486963016690244 1.9468958139279002 1.9450953261867763 1.943294838445652 1.941494350704528 1.9396938629634037 1.9378933752222796 1.9360928874811556 1.9342923997400283 1.9324919119989041 1.93069142425778 1.9288909365166558 1.9270904487755318 1.9252899610344076 1.9234894732932835 1.9216889855521593 1.919888497811035 1.9180880100699111 1.916287522328787 1.9144870345876628 1.9126865468465386 1.9108860591054113 1.9090855713642874 1.9072850836231632 1.905484595882039 1.9036841081409148 1.9018836203997906 1.9000831326586667 1.9004274960084981 1.9030647536611895 1.905702011313881 1.9083392689665726 1.910976526619264 1.9136137842719556 1.9162510419246515 1.918888299577343 1.9215255572300345 1.924162814882726 1.9268000725354175 1.929437330188109 1.9320745878408006 1.934711845493492 1.9373491031461834 1.939986360798875
1.9488632046499808 1.9470064059913885 1.9451496073327965 1.9432928086742043 1.9414360100156123 1.93957921135702 1.937722412698428 1.935865614039836 1.9340088153812407 1.9321520167226487 1.9302952180640565 1.9284384194054645 1.9265816207468722 1.9247248220882802 1.9228680234296882 1.921011224771096 1.919154426112504 1.9172976274539117 1.9154408287953197 1.9135840301367275 1.9117272314781355 1.9098704328195402 1.9080136341609482 1.9061568355023562 1.904300036843764 1.902443238185172 1.9005864395265797 1.8987296408679877 1.8990298009579707 1.9016357987105157 1.9042417964630605 1.9068477942156055 1.9094537919681502 1.912059789720695 1.9146657874732445 1.9172717852257892 1.919877782978334 1.922483780730879 1.9250897784834238 1.9276957762359685 1.9303017739885135 1.9329077717410583 1.9355137694936033 1.938119767246148
1.9490301076309369 1.9471169980548768 1.9452038884788168 1.9432907789027567 1.9413776693266966 1.9394645597506366 1.9375514501745765 1.9356383405985165 1.933725231022453 1.931812121446393 1.929899011870333 1.9279859022942731 1.926072792718213 1.924159683142153 1.922246573566093 1.920333463990033 1.9184203544139729 1.9165072448379128 1.9145941352618527 1.9126810256857927 1.9107679161097326 1.9088548065336692 1.9069416969576092 1.9050285873815491 1.903115477805489 1.901202368229429 1.899289258653369 1.897376149077309 1.8976321059074437 1.9002068437598418 1.9027815816122402 1.9053563194646383 1.9079310573170365 1.9105057951694349 1.9130805330218374 1.9156552708742356 1.9182300087266337 1.920804746579032 1.9233794844314303 1.9259542222838284 1.9285289601362268 1.931103697988625 1.933678435841023 1.9362531736934214
1.9491970106118932 1.947227590118365 1.945258169624837 1.943288749131309 1.941319328637781 1.939349908144253 1.9373804876507248 1.9354110671571967 1.9334416466636652 1.9314722261701374 1.9295028056766093 1.9275333851830811 1.925563964689553 1.9235945441960252 1.921625123702497 1.919655703208969 1.9176862827154408 1.915716862221913 1.9137474417283848 1.9117780212348567 1.9098086007413286 1.9078391802477972 1.9058697597542693 1.9039003392607412 1.901930918767213 1.899961498273685 1.897992077780157 1.896022657286629 1.8962344108569154 1.8987778888091669 1.9013213667614184 1.90386484471367 1.9064083226659214 1.9089518006181732 1.911495278570429 1.9140387565226804 1.9165822344749321 1.9191257124271837 1.9216691903794352 1.9242126683316867 1.9267561462839382 1.9292996242361897 1.9318431021884415 1.934386580140693
