Figures/CREST_Example_wjb_NSE/PETs/wjb.pet.20090120.asc
ncols            288
nrows            254
xllcorner        113.274861
yllcorner        31.4918055
cellsize         0.008333333333
NODATA_value     -9999
[rows 114 to 132 of 254, columns 220 to 263 of 288]
0.5202195604332417 0.5226607183463765 0.5244159372717926 0.525437871895349 0.5264598065189053 0.5274817411424617 0.5285036757660181 0.5295256103895745 0.5305475450131308 0.5315694796366872 0.5325914142602436 0.5336133488838 0.5346352835073563 0.5356572181309127 0.5366791527544709 0.5377010873780272 0.5387230220015836 0.53974495662514 0.5407668912486964 0.5417888258722527 0.5428107604958091 0.5438326951193655 0.5448546297429219 0.5458765643664782 0.5468984989900346 0.547920433613591 0.5489423682371474 0.5499643028607055 0.5509862374842619 0.5520081721078183 0.5530301067313746 0.554052041354931 0.5555432705571737 0.5575361862873969 0.5595291020176201 -9999.0 -9999.0 -9999.0 -9999.0 -9999.0 -9999.0 -9999.0 -9999.0 -9999.0
0.5228285447193668 0.5253251570109904 0.5271236623255791 0.5281758754823463 0.5292280886391137 0.530280301795881 0.5313325149526483 0.5323847281094157 0.533436941266183 0.5344891544229504 0.5355413675797177 0.5365935807364851 0.5376457938932524 0.5386980070500197 0.5397502202067889 0.5408024333635562 0.5418546465203236 0.5429068596770908 0.5439590728338582 0.5450112859906255 0.5460634991473929 0.5471157123041602 0.5481679254609275 0.5492201386176949 0.5502723517744622 0.5513245649312296 0.5523767780879969 0.5534289912447661 0.5544812044015334 0.5555334175583007 0.5565856307150681 0.5576378438718353 0.5591711952530702 0.5612188942877289 0.5632665933223874 0.565314292357046 0.5673619913917045 -9999.0 -9999.0 -9999.0 -9999.0 -9999.0 -9999.0 -9999.0
0.5254375290054918 0.5279895956756041 0.5298313873793654 0.5309138790693437 0.531996370759322 0.5330788624493004 0.5341613541392787 0.5352438458292569 0.5363263375192352 0.5374088292092135 0.5384913208991918 0.5395738125891701 0.5406563042791483 0.5417387959691267 0.5428212876591069 0.5439037793490851 0.5449862710390634 0.5460687627290417 0.54715125441902 0.5482337461089983 0.5493162377989766 0.5503987294889549 0.5514812211789332 0.5525637128689115 0.5536462045588898 0.5547286962488681 0.5558111879388463 0.5568936796288265 0.5579761713188048 0.559058663008783 0.5601411546987614 0.5612236463887397 0.5627991199489667 0.5649016022880606 0.5670040846271546 0.5691065669662486 0.5712090493053426 0.5733115316444365 -9999.0 -9999.0 -9999.0 -9999.0 -9999.0 -9999.0
0.5280465132916168 0.5306540343402179 0.5325391124331518 0.533651882656341 0.5347646528795302 0.5358774231027195 0.5369901933259088 0.538102963549098 0.5392157337722873 0.5403285039954765 0.5414412742186658 0.5425540444418551 0.5436668146650443 0.5447795848882335 0.5458923551114248 0.547005125334614 0.5481178955578032 0.5492306657809924 0.5503434360041818 0.551456206227371 0.5525689764505602 0.5536817466737495 0.5547945168969388 0.555907287120128 0.5570200573433173 0.5581328275665065 0.5592455977896957 0.560358368012887 0.5614711382360762 0.5625839084592654 0.5636966786824547 0.564809448905644 0.566427044644863 0.5685843102883924 0.5707415759319218 0.5728988415754512 0.5750561072189806 0.57721337286251 0.5793706385060393 0.5815279041495687 -9999.0 -9999.0 -9999.0 -9999.0
0.5301811477528061 0.5327556346153457 0.534623773111586 0.5357368092183645 0.5368498453251431 0.5379628814319217 0.5390759175387003 0.5401889536454788 0.5413019897522574 0.542415025859036 0.5435280619658146 0.5446410980725932 0.5457541341793717 0.5468671702861503 0.5479802063929308 0.5490932424997094 0.5502062786064879 0.5513193147132665 0.552432350820045 0.5535453869268236 0.5546584230336022 0.5557714591403807 0.5568844952471593 0.5579975313539379 0.5591105674607165 0.560223603567495 0.5613366396742736 0.5624496757810541 0.5635627118878327 0.5646757479946113 0.5657887841013898 0.5669018202081684 0.5685435657087338 0.570750513519588 0.5729574613304425 0.5751644091412967 0.577371356952151 0.5795783047630053 0.5817852525738597 0.583992200384714 -9999.0 -9999.0 -9999.0 -9999.0
0.53180873215562 0.5342555961351876 0.5360424172526765 0.5371236376126894 0.5382048579727023 0.5392860783327152 0.5403672986927281 0.541448519052741 0.542529739412754 0.5436109597727669 0.5446921801327798 0.5457734004927927 0.5468546208528055 0.5479358412128184 0.5490170615728331 0.550098281932846 0.551179502292859 0.5522607226528718 0.5533419430128848 0.5544231633728977 0.5555043837329106 0.5565856040929235 0.5576668244529364 0.5587480448129493 0.5598292651729622 0.5609104855329751 0.561991705892988 0.5630729262530026 0.5641541466130156 0.5652353669730285 0.5663165873330414 0.5673978076930543 0.5690444915735395 0.5712956687577391 0.5735468459419387 0.5757980231261384 0.5780492003103379 0.5803003774945376 0.5825515546787372 0.5848027318629369 0.5870539090471403 -9999.0 -9999.0 -9999.0
0.5334363165584338 0.5357555576550294 0.5374610613937669 0.5385104660070141 0.5395598706202613 0.5406092752335087 0.5416586798467559 0.5427080844600031 0.5437574890732503 0.5448068936864975 0.5458562982997448 0.546905702912992 0.5479551075262392 0.5490045121394864 0.5500539167527355 0.5511033213659827 0.5521527259792299 0.5532021305924771 0.5542515352057243 0.5553009398189717 0.5563503444322189 0.5573997490454661 0.5584491536587133 0.5594985582719605 0.5605479628852078 0.561597367498455 0.5626467721117022 0.5636961767249512 0.5647455813381985 0.5657949859514457 0.5668443905646929 0.5678937951779401 0.5695454174383452 0.5718408239958901 0.574136230553435 0.5764316371109799 0.5787270436685249 0.5810224502260698 0.5833178567836147 0.5856132633411596 0.5879086698987085 0.5902040764562534 0.5924994830137983 -9999.0
0.5350639009612477 0.5372555191748712 0.5388797055348574 0.539897294401339 0.5409148832678206 0.5419324721343021 0.5429500610007837 0.5439676498672652 0.5449852387337467 0.5460028276002283 0.5470204164667098 0.5480380053331915 0.549055594199673 0.5500731830661545 0.5510907719326378 0.5521083607991194 0.5531259496656009 0.5541435385320824 0.555161127398564 0.5561787162650456 0.5571963051315271 0.5582138939980087 0.5592314828644902 0.5602490717309718 0.5612666605974533 0.5622842494639348 0.5633018383304165 0.5643194271968998 0.5653370160633813 0.5663546049298628 0.5673721937963444 0.5683897826628259 0.5700463433031507 0.572385979234041 0.5747256151649313 0.5770652510958214 0.5794048870267117 0.5817445229576019 0.5840841588884921 0.5864237948193823 0.5887634307502766 0.5911030666811669 0.593442702612057 -9999.0
0.5366914853640615 0.5387554806947131 0.5402983496759478 0.5412841227956637 0.5422698959153797 0.5432556690350955 0.5442414421548114 0.5452272152745272 0.5462129883942431 0.5471987615139591 0.5481845346336749 0.5491703077533908 0.5501560808731066 0.5511418539928226 0.5521276271125402 0.553113400232256 0.5540991733519719 0.5550849464716878 0.5560707195914036 0.5570564927111196 0.5580422658308354 0.5590280389505513 0.5600138120702672 0.560999585189983 0.561985358309699 0.5629711314294148 0.5639569045491307 0.5649426776688483 0.5659284507885641 0.5669142239082801 0.567899997027996 0.5688857701477118 0.5705472691679564 0.572931134472192 0.5753149997764275 0.577698865080663 0.5800827303848985 0.5824665956891341 0.5848504609933697 0.5872343262976052 0.5896181916018448 0.5920020569060803 0.5943859222103158 0.5967697875145513
0.5383190697668754 0.540255442214555 0.5417169938170384 0.5426709511899885 0.5436249085629388 0.544578865935889 0.5455328233088392 0.5464867806817895 0.5474407380547396 0.5483946954276898 0.54934865280064 0.5503026101735903 0.5512565675465405 0.5522105249194906 0.5531644822924425 0.5541184396653928 0.5550723970383429 0.5560263544112931 0.5569803117842433 0.5579342691571936 0.5588882265301438 0.559842183903094 0.5607961412760442 0.5617500986489944 0.5627040560219446 0.5636580133948949 0.5646119707678451 0.5655659281407969 0.5665198855137471 0.5674738428866973 0.5684278002596475 0.5693817576325977 0.5710481950327622 0.5734762897103429 0.5759043843879238 0.5783324790655047 0.5807605737430854 0.5831886684206663 0.5856167630982472 0.5880448577758279 0.5904729524534129 0.5929010471309938 0.5953291418085747 0.5977572364861554
0.5399466541696906 0.5417554037343981 0.54313563795813 0.5440577795843144 0.544979921210499 0.5459020628366835 0.5468242044628681 0.5477463460890526 0.5486684877152371 0.5495906293414216 0.5505127709676061 0.5514349125937906 0.5523570542199752 0.5532791958461597 0.5542013374723458 0.5551234790985302 0.5560456207247148 0.5569677623508993 0.5578899039770838 0.5588120456032684 0.5597341872294528 0.5606563288556373 0.5615784704818219 0.5625006121080064 0.5634227537341909 0.5643448953603754 0.5652670369865599 0.566189178612746 0.5671113202389305 0.568033461865115 0.5689556034912996 0.569877745117484 0.5715491208975683 0.5740214449484945 0.5764937689994206 0.5789660930503469 0.581438417101273 0.5839107411521992 0.5863830652031253 0.5888553892540516 0.5913277133049819 0.5938000373559081 0.5962723614068343 0.5987446854577605
0.5415742385725045 0.54325536525424 0.5445542820992205 0.5454446079786394 0.5463349338580582 0.547225259737477 0.5481155856168959 0.5490059114963147 0.5498962373757336 0.5507865632551524 0.5516768891345712 0.5525672150139901 0.5534575408934089 0.5543478667728278 0.5552381926522482 0.556128518531667 0.5570188444110858 0.5579091702905047 0.5587994961699235 0.5596898220493424 0.5605801479287612 0.56147047380818 0.5623607996875989 0.5632511255670177 0.5641414514464366 0.5650317773258554 0.5659221032052743 0.5668124290846945 0.5677027549641134 0.5685930808435322 0.5694834067229511 0.5703737326023699 0.5720500467623739 0.5745666001866454 0.5770831536109169 0.5795997070351884 0.5821162604594599 0.5846328138837313 0.5871493673080028 0.5896659207322743 0.5921824741565501 0.5946990275808216 0.5972155810050931 0.5997321344293646
0.5432018229753183 0.5447553267740818 0.5459729262403109 0.546831436372964 0.5476899465056172 0.5485484566382705 0.5494069667709236 0.5502654769035767 0.5511239870362299 0.5519824971688831 0.5528410073015363 0.5536995174341894 0.5545580275668426 0.5554165376994957 0.5562750478321504 0.5571335579648036 0.5579920680974567 0.5588505782301099 0.5597090883627631 0.5605675984954163 0.5614261086280694 0.5622846187607226 0.5631431288933757 0.564001639026029 0.5648601491586821 0.5657186592913352 0.5665771694239884 0.5674356795566431 0.5682941896892962 0.5691526998219494 0.5700112099546025 0.5708697200872557 0.5725509726271796 0.5751117554247963 0.5776725382224132 0.5802333210200299 0.5827941038176467 0.5853548866152635 0.5879156694128803 0.590476452210497 0.5930372350081182 0.595598017805735 0.5981588006033518 0.6007195834009685
0.5448294073781321 0.5462552882939237 0.5473915703814014 0.548218264767289 0.5490449591531764 0.5498716535390639 0.5506983479249514 0.5515250423108389 0.5523517366967264 0.5531784310826139 0.5540051254685014 0.5548318198543889 0.5556585142402763 0.5564852086261639 0.5573119030120528 0.5581385973979403 0.5589652917838278 0.5597919861697153 0.5606186805556027 0.5614453749414903 0.5622720693273777 0.5630987637132653 0.5639254580991527 0.5647521524850403 0.5655788468709277 0.5664055412568152 0.5672322356427028 0.5680589300285916 0.5688856244144791 0.5697123188003667 0.5705390131862541 0.5713657075721416 0.5730518984919852 0.5756569106629473 0.5782619228339094 0.5808669350048715 0.5834719471758336 0.5860769593467957 0.5886819715177578 0.5912869836887199 0.5938919958596864 0.5964970080306485 0.5991020202016106 0.6017070323725727
0.546456991780946 0.5477552498137654 0.5488102145224918 0.5496050931616137 0.5503999718007355 0.5511948504398573 0.5519897290789791 0.552784607718101 0.5535794863572228 0.5543743649963446 0.5551692436354665 0.5559641222745882 0.5567590009137101 0.5575538795528319 0.5583487581919551 0.5591436368310769 0.5599385154701988 0.5607333941093205 0.5615282727484424 0.5623231513875643 0.563118030026686 0.5639129086658079 0.5647077873049297 0.5655026659440515 0.5662975445831734 0.5670924232222951 0.567887301861417 0.5686821805005402 0.5694770591396621 0.5702719377787838 0.5710668164179057 0.5718616950570274 0.5735528243567909 0.5762020659010983 0.5788513074454057 0.5815005489897132 0.5841497905340205 0.586799032078328 0.5894482736226353 0.5920975151669428 0.5947467567112547 0.597395998255562 0.6000452397998695 0.6026944813441768
0.5480845761837598 0.5492552113336074 0.5502288586635824 0.5509919215559385 0.5517549844482946 0.5525180473406508 0.553281110233007 0.5540441731253631 0.5548072360177193 0.5555702989100755 0.5563333618024315 0.5570964246947877 0.5578594875871439 0.5586225504795 0.5593856133718574 0.5601486762642136 0.5609117391565698 0.561674802048926 0.5624378649412821 0.5632009278336383 0.5639639907259943 0.5647270536183505 0.5654901165107067 0.5662531794030629 0.567016242295419 0.5677793051877752 0.5685423680801314 0.5693054309724888 0.5700684938648449 0.5708315567572011 0.5715946196495573 0.5723576825419133 0.5740537502215967 0.5767472211392494 0.579440692056902 0.5821341629745547 0.5848276338922074 0.5875211048098601 0.5902145757275128 0.5929080466451655 0.5956015175628229 0.5982949884804756 0.6009884593981283 0.6036819303157809
0.5497121605865737 0.5507551728534492 0.5516475028046728 0.5523787499502633 0.5531099970958537 0.5538412442414442 0.5545724913870347 0.5553037385326252 0.5560349856782156 0.5567662328238061 0.5574974799693966 0.5582287271149872 0.5589599742605776 0.5596912214061681 0.5604224685517598 0.5611537156973503 0.5618849628429408 0.5626162099885312 0.5633474571341217 0.5640787042797122 0.5648099514253027 0.5655411985708932 0.5662724457164837 0.5670036928620742 0.5677349400076647 0.5684661871532551 0.5691974342988456 0.5699286814444373 0.5706599285900278 0.5713911757356183 0.5721224228812087 0.5728536700267992 0.5745546760864023 0.5772923763774003 0.5800300766683983 0.5827677769593963 0.5855054772503944 0.5882431775413923 0.5909808778323903 0.5937185781233884 0.596456278414391 0.599193978705389 0.601931678996387 0.6046693792873851
0.551339744989389 0.5522551343732924 0.5530661469457645 0.5537655783445893 0.5544650097434141 0.5551644411422388 0.5558638725410636 0.5565633039398884 0.5572627353387132 0.557962166737538 0.5586615981363627 0.5593610295351875 0.5600604609340123 0.5607598923328371 0.5614593237316631 0.5621587551304879 0.5628581865293126 0.5635576179281374 0.5642570493269622 0.564956480725787 0.5656559121246117 0.5663553435234365 0.5670547749222613 0.5677542063210861 0.5684536377199109 0.5691530691187356 0.5698525005175604 0.5705519319163864 0.5712513633152112 0.571950794714036 0.5726502261128608 0.5733496575116855 0.5750556019512083 0.5778375316155517 0.580619461279895 0.5834013909442384 0.5861833206085817 0.5889652502729251 0.5917471799372684 0.5945291096016118 0.5973110392659599 0.6000929689303033 0.6028748985946466 0.6056568282589899
0.5529673293922027 0.5537550958931342 0.5544847910868549 0.555152406738914 0.5558200223909732 0.5564876380430323 0.5571552536950913 0.5578228693471504 0.5584904849992096 0.5591581006512687 0.5598257163033278 0.5604933319553869 0.5611609476074461 0.5618285632595051 0.5624961789115653 0.5631637945636245 0.5638314102156836 0.5644990258677427 0.5651666415198018 0.5658342571718609 0.5665018728239201 0.5671694884759791 0.5678371041280382 0.5685047197800973 0.5691723354321565 0.5698399510842156 0.5705075667362747 0.571175182388335 0.5718427980403941 0.5725104136924531 0.5731780293445122 0.5738456449965714 0.5755565278160141 0.5783826868537026 0.5812088458913913 0.58403500492908 0.5868611639667687 0.5896873230044573 0.5925134820421459 0.5953396410798346 0.5981658001175281 0.6009919591552167 0.6038181181929054 0.606644277230594
