Figures/CREST_Example_wjb_NSE/PETs/wjb.pet.20090422.asc
ncols            288
nrows            254
xllcorner        113.274861
yllcorner        31.4918055
cellsize         0.008333333333
NODATA_value     -9999
[rows 20 to 39 of 254, columns 88 to 131 of 288]
2.4339872490066985 2.4361499391583696 2.438312629310041 2.440475319461716 2.442638009613387 2.444800699765058 2.4469633899167293 2.4491260800684005 2.4512887702200716 2.4534514603717428 2.4556141505234144 2.4577768406750855 2.4599395308267566 2.462102220978428 2.4645337991090623 2.467252824569088 2.4699718500291183 2.472690875489144 2.4754099009491695 2.478128926409195 2.4808479518692206 2.483566977329246 2.486286002789272 2.4890050282492977 2.4917240537093233 2.494443079169349 2.4971621046293744 2.4998811300894 2.5026001555494255 2.505319181009456 2.5080382064694815 2.510757231929507 2.513476257389533 -9999.0 -9999.0 -9999.0 -9999.0 -9999.0 -9999.0 -9999.0 -9999.0 -9999.0 -9999.0 -9999.0
2.4360575788562513 2.4381378062656998 2.440218033675148 2.4422982610845994 2.4443784884940474 2.446458715903496 2.448538943312944 2.450619170722392 2.4526993981318403 2.4547796255412884 2.4568598529507364 2.458940080360185 2.461020307769633 2.463100535179081 2.4655275791534077 2.468325377877527 2.471123176601651 2.4739209753257705 2.47671877404989 2.4795165727740094 2.482314371498129 2.4851121702222483 2.4879099689463673 2.4907077676704867 2.493505566394606 2.4963033651187256 2.499101163842845 2.5018989625669645 2.504696761291084 2.507494560015208 2.5102923587393273 2.5130901574634468 2.515887956187566 -9999.0 -9999.0 -9999.0 -9999.0 -9999.0 -9999.0 -9999.0 -9999.0 -9999.0 -9999.0 -9999.0
2.4381279087058045 2.4401256733730294 2.442123438040255 2.4441212027074832 2.446118967374708 2.4481167320419335 2.4501144967091584 2.4521122613763837 2.4541100260436086 2.456107790710834 2.458105555378059 2.460103320045284 2.462101084712509 2.4640988493797344 2.466521359197753 2.469397931185966 2.472274503174184 2.475151075162397 2.4780276471506104 2.4809042191388233 2.4837807911270366 2.4866573631152495 2.489533935103463 2.492410507091676 2.495287079079889 2.4981636510681025 2.5010402230563153 2.5039167950445287 2.5067933670327416 2.50966993902096 2.5125465110091727 2.515423082997386 2.5182996549855994 2.5211762269738123 2.5240527989620256 2.5269293709502385 -9999.0 2.5326825149266647 -9999.0 -9999.0 -9999.0 -9999.0 -9999.0 -9999.0
2.4401982385553573 2.4421135404803596 2.4440288424053613 2.4459441443303667 2.447859446255369 2.449774748180371 2.451690050105373 2.453605352030375 2.4555206539553773 2.457435955880379 2.4593512578053813 2.4612665597303836 2.4631818616553858 2.4650971635803876 2.467515139242098 2.470470484494405 2.473425829746717 2.4763811749990237 2.479336520251331 2.4822918655036377 2.4852472107559445 2.4882025560082512 2.4911579012605585 2.4941132465128653 2.497068591765172 2.500023937017479 2.5029792822697856 2.505934627522093 2.5088899727743996 2.5118453180267117 2.5148006632790185 2.5177560085313253 2.520711353783632 2.523666699035939 2.526622044288246 2.529577389540553 2.5325327347928597 2.5354880800451665 2.5384434252974737 -9999.0 -9999.0 -9999.0 -9999.0 -9999.0
2.44226856840491 2.4441014075876892 2.445934246770468 2.44776708595325 2.449599925136029 2.4514327643188083 2.4532656035015874 2.4550984426843665 2.456931281867145 2.4587641210499243 2.4605969602327034 2.4624297994154825 2.4642626385982616 2.4660954777810407 2.468508919286443 2.4715430378028436 2.4745771563192496 2.4776112748356502 2.480645393352051 2.4836795118684516 2.4867136303848523 2.489747748901253 2.4927818674176536 2.4958159859340543 2.498850104450455 2.5018842229668556 2.5049183414832563 2.507952459999657 2.5109865785160577 2.5140206970324632 2.517054815548864 2.5200889340652646 2.5231230525816652 2.526157171098066 2.5291912896144666 2.5322254081308673 2.535259526647268 2.5382936451636686 2.5413277636800693 -9999.0 -9999.0 -9999.0 -9999.0 -9999.0
2.444338898254463 2.446089274695019 2.447839651135575 2.449590027576134 2.45134040401669 2.453090780457246 2.454841156897802 2.456591533338358 2.458341909778914 2.46009228621947 2.461842662660026 2.463593039100582 2.465343415541138 2.4670937919816938 2.4695026993307883 2.472615591111283 2.4757284828917823 2.478841374672277 2.4819542664527714 2.4850671582332655 2.48818005001376 2.4912929417942546 2.4944058335747488 2.4975187253552433 2.500631617135738 2.503744508916232 2.5068574006967266 2.509970292477221 2.5130831842577153 2.516196076038215 2.5193089678187093 2.522421859599204 2.5255347513796984 2.5286476431601925 2.531760534940687 2.5348734267211817 2.5379863185016758 2.5410992102821703 2.544212102062665 -9999.0 -9999.0 -9999.0 -9999.0 -9999.0
2.4464092281040157 2.4480771418023486 2.449745055500682 2.4514129691990174 2.4530808828973503 2.4547487965956836 2.4564167102940164 2.4580846239923493 2.459752537690682 2.4614204513890154 2.4630883650873483 2.464756278785681 2.466424192484014 2.4680921061823473 2.4704964793751336 2.4736881444197216 2.4768798094643154 2.4800714745089034 2.4832631395534914 2.48645480459808 2.489646469642668 2.492838134687256 2.4960297997318444 2.4992214647764324 2.5024131298210204 2.505604794865609 2.508796459910197 2.511988124954785 2.5151797899993733 2.5183714550439666 2.521563120088555 2.524754785133143 2.527946450177731 2.5311381152223196 2.5343297802669076 2.537521445311496 2.540713110356084 2.543904775400672 2.5470964404452605 -9999.0 -9999.0 -9999.0 -9999.0 -9999.0
2.4484795579535708 2.4500650089096805 2.45165045986579 2.453235910821903 2.454821361778013 2.4564068127341225 2.4579922636902323 2.4595777146463425 2.461163165602452 2.462748616558562 2.4643340675146717 2.465919518470782 2.4675049694268916 2.4690904203830013 2.47149025941948 2.4747606977281618 2.4780311360368494 2.4813015743455313 2.4845720126542132 2.487842450962895 2.491112889271577 2.4943833275802594 2.4976537658889413 2.500924204197623 2.504194642506305 2.507465080814987 2.5107355191236693 2.5140059574323512 2.517276395741033 2.520546834049721 2.5238172723584027 2.5270877106670846 2.5303581489757665 2.5336285872844484 2.5368990255931307 2.5401694639018126 2.5434399022104945 2.5467103405191764 2.5499807788278583 2.5532512171365407 2.5565216554452226 2.5597920937539045 -9999.0 -9999.0
2.4506449181931536 2.45219753747774 2.453750156762327 2.455302776046916 2.4568553953315027 2.4584080146160896 2.459960633900676 2.461513253185263 2.4630658724698495 2.4646184917544365 2.466171111039023 2.46772373032361 2.4692763496081964 2.4708289688927834 2.4732406465058507 2.4765706768964018 2.4799007072869585 2.4832307376775096 2.4865607680680606 2.4898907984586116 2.4932208288491626 2.4965508592397136 2.4998808896302642 2.5032109200208152 2.5065409504113663 2.5098709808019173 2.5132010111924683 2.5165310415830193 2.5198610719735703 2.523191102364127 2.526521132754678 2.529851163145229 2.53318119353578 2.536511223926331 2.5398412543168822 2.5431712847074333 2.5465013150979843 2.5498313454885353 2.5531613758790863 2.5564914062696373 2.5598214366601884 2.5631514670507394 2.5664814974412957 2.5698115278318467
2.452911859927203 2.454484700025183 2.456057540123163 2.457630380221146 2.459203220319126 2.4607760604171065 2.4623489005150865 2.463921740613067 2.465494580711047 2.4670674208090273 2.4686402609070073 2.4702131010049873 2.4717859411029677 2.4733587812009477 2.475799798809631 2.47916891780779 2.482538036805954 2.485907155804113 2.4892762748022714 2.49264539380043 2.4960145127985887 2.4993836317967473 2.502752750794906 2.5061218697930645 2.509490988791223 2.5128601077893817 2.5162292267875404 2.519598345785699 2.5229674647838576 2.526336583782022 2.5297057027801806 2.533074821778339 2.536443940776498 2.5398130597746564 2.543182178772815 2.5465512977709737 2.5499204167691323 2.553289535767291 2.5566586547654495 2.560027773763608 2.5633968927617667 2.5667660117599254 2.5701351307580897 2.5735042497562484
2.4551788016612526 2.456771862572626 2.4583649234839995 2.459957984395376 2.4615510453067495 2.4631441062181234 2.464737167129497 2.4663302280408703 2.467923288952244 2.4695163498636177 2.4711094107749916 2.472702471686365 2.474295532597739 2.4758885935091124 2.478358951113412 2.4817671587191783 2.4851753663249503 2.4885835739307165 2.4919917815364827 2.495399989142249 2.498808196748015 2.5022164043537813 2.5056246119595476 2.5090328195653138 2.5124410271710804 2.5158492347768466 2.519257442382613 2.522665649988379 2.5260738575941453 2.5294820651999173 2.5328902728056835 2.5362984804114497 2.539706688017216 2.543114895622982 2.5465231032287483 2.5499313108345145 2.553339518440281 2.5567477260460474 2.5601559336518136 2.56356414125758 2.566972348863346 2.5703805564691122 2.573788764074884 2.5771969716806504
2.4574457433953016 2.459059025120069 2.460672306844836 2.462285588569606 2.463898870294373 2.4655121520191403 2.4671254337439072 2.468738715468674 2.4703519971934416 2.4719652789182085 2.4735785606429754 2.475191842367743 2.4768051240925097 2.478418405817277 2.4809181034171925 2.4843653996305664 2.4878126958439464 2.49125999205732 2.494707288270694 2.498154584484068 2.5016018806974416 2.5050491769108154 2.5084964731241897 2.5119437693375635 2.5153910655509373 2.518838361764311 2.522285657977685 2.5257329541910587 2.5291802504044325 2.5326275466178125 2.5360748428311863 2.53952213904456 2.542969435257934 2.5464167314713078 2.5498640276846816 2.553311323898056 2.5567586201114296 2.5602059163248034 2.5636532125381772 2.567100508751551 2.570547804964925 2.5739951011782987 2.5774423973916787 2.5808896936050525
2.459712685129351 2.461346187667512 2.4629796902056724 2.464613192743836 2.4662466952819964 2.4678801978201568 2.4695137003583176 2.471147202896478 2.472780705434639 2.4744142079727993 2.4760477105109597 2.4776812130491206 2.479314715587281 2.4809482181254414 2.4834772557209734 2.486963640541955 2.490450025362942 2.4939364101839234 2.4974227950049053 2.5009091798258867 2.504395564646868 2.5078819494678495 2.511368334288831 2.5148547191098127 2.518341103930794 2.5218274887517755 2.525313873572757 2.5288002583937383 2.5322866432147197 2.5357730280357074 2.5392594128566888 2.54274579767767 2.546232182498652 2.5497185673196334 2.553204952140615 2.5566913369615962 2.5601777217825776 2.563664106603559 2.567150491424541 2.5706368762455223 2.5741232610665037 2.577609645887485 2.5810960307084727 2.584582415529454
2.461979626863403 2.4636333502149568 2.465287073566511 2.466940796918068 2.468594520269622 2.470248243621176 2.4719019669727302 2.473555690324284 2.4752094136758385 2.4768631370273924 2.4785168603789467 2.4801705837305006 2.4818243070820545 2.483478030433609 2.4860364080247566 2.4895618814533456 2.4930873548819408 2.4966128283105298 2.500138301739119 2.503663775167708 2.507189248596297 2.510714722024886 2.5142401954534757 2.5177656688820647 2.5212911423106537 2.524816615739243 2.528342089167832 2.531867562596421 2.53539303602501 2.5389185094536053 2.5424439828821948 2.5459694563107838 2.5494949297393728 2.5530204031679617 2.556545876596551 2.56007135002514 2.563596823453729 2.567122296882318 2.5706477703109076 2.5741732437394966 2.5776987171680856 2.581224190596675 2.58474966402527 2.5882751374538593
2.4642465685974524 2.4659205127623998 2.4675944569273476 2.469268401092298 2.4709423452572454 2.472616289422193 2.4742902335871406 2.475964177752088 2.477638121917036 2.479312066081983 2.4809860102469306 2.4826599544118784 2.4843338985768257 2.4860078427417736 2.488595560328537 2.492160122364734 2.495724684400937 2.4992892464371335 2.5028538084733305 2.506418370509527 2.5099829325457237 2.5135474945819207 2.5171120566181173 2.520676618654314 2.524241180690511 2.5278057427267075 2.531370304762904 2.534934866799101 2.5384994288352978 2.5420639908715006 2.545628552907697 2.5491931149438942 2.552757676980091 2.5563222390162874 2.5598868010524845 2.563451363088681 2.5670159251248776 2.5705804871610747 2.5741450491972713 2.577709611233468 2.581274173269665 2.5848387353058615 2.5884032973420643 2.5919678593782614
2.466513510331502 2.4682076753098428 2.469901840288184 2.471596005266528 2.473290170244869 2.4749843352232097 2.476678500201551 2.478372665179892 2.4800668301582327 2.481760995136574 2.483455160114915 2.4851493250932557 2.486843490071597 2.488537655049938 2.491154712632318 2.494758363276122 2.498362013919933 2.501965664563737 2.5055693152075413 2.509172965851346 2.51277661649515 2.516380267138955 2.519983917782759 2.523587568426563 2.527191219070368 2.530794869714172 2.5343985203579766 2.538002171001781 2.541605821645585 2.545209472289396 2.5488131229332 2.5524167735770047 2.556020424220809 2.559624074864613 2.5632277255084177 2.566831376152222 2.5704350267960265 2.5740386774398307 2.577642328083635 2.5812459787274395 2.5848496293712437 2.5884532800150484 2.592056930658859 2.595660581302663
2.4687804520655514 2.4704948378572857 2.4722092236490205 2.4739236094407575 2.4756379952324923 2.4773523810242266 2.479066766815961 2.4807811526076957 2.48249553839943 2.484209924191165 2.485924309982899 2.4876386957746335 2.4893530815663683 2.4910674673581026 2.4937138649360984 2.4973566041875106 2.5009993434389286 2.504642082690341 2.5082848219417526 2.5119275611931644 2.5155703004445766 2.5192130396959884 2.5228557789474007 2.5264985181988124 2.5301412574502247 2.5337839967016365 2.5374267359530487 2.5410694752044605 2.5447122144558723 2.5483549537072907 2.5519976929587025 2.5556404322101147 2.5592831714615265 2.5629259107129387 2.5665686499643505 2.5702113892157628 2.5738541284671745 2.5774968677185868 2.5811396069699986 2.5847823462214103 2.5884250854728226 2.5920678247242344 2.595710563975653 2.5993533032270646
2.471047393799601 2.472782000404729 2.474516607009857 2.476251213614988 2.4779858202201157 2.479720426825244 2.4814550334303718 2.4831896400354996 2.484924246640628 2.4866588532457556 2.4883934598508834 2.4901280664560117 2.4918626730611395 2.4935972796662678 2.4962730172398797 2.499954845098899 2.503636672957925 2.5073185008169445 2.5110003286759643 2.5146821565349837 2.5183639843940036 2.522045812253023 2.5257276401120428 2.529409467971062 2.533091295830082 2.5367731236891014 2.540454951548121 2.5441367794071406 2.5478186072661604 2.551500435125186 2.555182262984206 2.558864090843225 2.562545918702245 2.5662277465612644 2.5699095744202842 2.5735914022793036 2.5772732301383234 2.580955057997343 2.584636885856362 2.588318713715382 2.5920005415744014 2.5956823694334212 2.5993641972924473 2.6030460251514667
2.4733143355336504 2.475069162952172 2.4768239903706935 2.478578817789218 2.480333645207739 2.482088472626261 2.483843300044782 2.4855981274633034 2.487352954881825 2.4891077823003465 2.4908626097188677 2.4926174371373895 2.4943722645559108 2.496127091974432 2.49883216954366 2.5025530860102876 2.506274002476921 2.509994918943548 2.5137158354101756 2.5174367518768026 2.52115766834343 2.524878584810057 2.5285995012766844 2.5323204177433114 2.536041334209939 2.539762250676566 2.5434831671431932 2.5472040836098206 2.5509250000764476 2.5546459165430813 2.5583668330097082 2.5620877494763357 2.565808665942963 2.56952958240959 2.5732504988762175 2.5769714153428445 2.580692331809472 2.584413248276099 2.5881341647427263 2.5918550812093533 2.5955759976759807 2.5992969141426077 2.6030178306092413 2.6067387470758687
2.4755812772677 2.477356325499615 2.47913137373153 2.480906421963448 2.4826814701953626 2.4844565184272778 2.4862315666591925 2.4880066148911073 2.489781663123022 2.4915567113549373 2.493331759586852 2.495106807818767 2.496881856050682 2.498656904282597 2.501391321847441 2.5051513269216756 2.508911331995917 2.512671337070152 2.5164313421443865 2.5201913472186215 2.523951352292856 2.527711357367091 2.531471362441326 2.5352313675155607 2.5389913725897957 2.5427513776640303 2.5465113827382653 2.5502713878125003 2.554031392886735 2.557791397960976 2.561551403035211 2.5653114081094457 2.5690714131836807 2.5728314182579153 2.5765914233321503 2.5803514284063853 2.58411143348062 2.587871438554855 2.5916314436290895 2.5953914487033245 2.5991514537775595 2.602911458851794 2.6066714639260353 2.6104314690002703
