Figures/CREST_Example_wjb_NSE/PETs/wjb.pet.20100217.asc
ncols            288
nrows            254
xllcorner        113.274861
yllcorner        31.4918055
cellsize         0.008333333333
NODATA_value     -9999
[rows 133 to 151 of 254, columns 220 to 263 of 288]
0.8036141277334959 0.8033748486231271 0.8033677139840384 0.8036087470385809 0.8038497800931234 0.8040908131476658 0.8043318462022083 0.8045728792567509 0.8048139123112934 0.8050549453658359 0.8052959784203784 0.8055370114749208 0.8057780445294634 0.8060190775840059 0.8062601106385489 0.8065011436930913 0.8067421767476338 0.8069832098021763 0.8072242428567188 0.8074652759112613 0.8077063089658039 0.8079473420203463 0.8081883750748888 0.8084294081294313 0.8086704411839738 0.8089114742385163 0.8091525072930589 0.8093935403476018 0.8096345734021443 0.8098756064566868 0.8101166395112293 0.8103576725657717 0.8110545289641239 0.8122386708354266 0.8134228127067293 0.814606954578032 0.8157910964493347 0.8169752383206375 0.8181593801919401 0.8193435220632428 0.8205276639345476 0.8217118058058502 0.8228959476771529 0.8240800895484557
0.8021031183650446 0.8018739944171757 0.8018691707601749 0.8021041291904177 0.8023390876206605 0.8025740460509034 0.8028090044811462 0.803043962911389 0.8032789213416319 0.8035138797718747 0.8037488382021175 0.8039837966323604 0.8042187550626032 0.804453713492846 0.8046886719230892 0.8049236303533321 0.8051585887835749 0.8053935472138177 0.8056285056440606 0.8058634640743034 0.8060984225045462 0.8063333809347891 0.8065683393650319 0.8068032977952747 0.8070382562255176 0.8072732146557604 0.8075081730860032 0.8077431315162464 0.8079780899464893 0.8082130483767321 0.8084480068069749 0.8086829652372178 0.8093746293341294 0.8105545221271011 0.8117344149200728 0.8129143077130445 0.8140942005060162 0.8152740932989878 0.8164539860919595 0.8176338788849312 0.8188137716779049 0.8199936644708766 0.8211735572638483 0.82235345005682
0.8005921089965933 0.8003731402112242 0.8003706275363115 0.8005995113422546 0.8008283951481977 0.8010572789541409 0.801286162760084 0.8015150465660272 0.8017439303719703 0.8019728141779136 0.8022016979838567 0.8024305817897999 0.802659465595743 0.8028883494016862 0.8031172332076297 0.8033461170135728 0.803575000819516 0.8038038846254592 0.8040327684314023 0.8042616522373455 0.8044905360432886 0.8047194198492318 0.8049483036551749 0.8051771874611181 0.8054060712670612 0.8056349550730044 0.8058638388789475 0.8060927226848911 0.8063216064908343 0.8065504902967774 0.8067793741027206 0.8070082579086637 0.8076947297041348 0.8088703734187755 0.8100460171334162 0.8112216608480569 0.8123973045626975 0.8135729482773382 0.8147485919919789 0.8159242357066195 0.8170998794212623 0.8182755231359029 0.8194511668505435 0.8206268105651843
0.7990810996281419 0.7988722860052727 0.7988720843124479 0.7990948934940915 0.799317702675735 0.7995405118573784 0.7997633210390219 0.7999861302206654 0.8002089394023089 0.8004317485839524 0.8006545577655958 0.8008773669472393 0.8011001761288828 0.8013229853105263 0.8015457944921701 0.8017686036738136 0.8019914128554572 0.8022142220371006 0.8024370312187441 0.8026598404003875 0.802882649582031 0.8031054587636746 0.803328267945318 0.8035510771269615 0.803773886308605 0.8039966954902484 0.804219504671892 0.8044423138535358 0.8046651230351793 0.8048879322168228 0.8051107413984663 0.8053335505801097 0.8060148300741404 0.80718622471045 0.8083576193467596 0.8095290139830693 0.810700408619379 0.8118718032556886 0.8130431978919983 0.814214592528308 0.8153859871646196 0.8165573818009293 0.817728776437239 0.8189001710735486
0.7975700902596894 0.79737143179932 0.7973735410885833 0.7975902756459271 0.7978070102032709 0.7980237447606147 0.7982404793179585 0.7984572138753023 0.798673948432646 0.7988906829899899 0.7991074175473337 0.7993241521046774 0.7995408866620213 0.7997576212193651 0.7999743557767093 0.8001910903340531 0.8004078248913968 0.8006245594487407 0.8008412940060845 0.8010580285634282 0.8012747631207721 0.8014914976781159 0.8017082322354596 0.8019249667928035 0.8021417013501473 0.802358435907491 0.8025751704648348 0.802791905022179 0.8030086395795228 0.8032253741368667 0.8034421086942104 0.8036588432515542 0.8043349304441444 0.805502076002123 0.8066692215601017 0.8078363671180803 0.809003512676059 0.8101706582340376 0.8113378037920163 0.8125049493499948 0.8136720949079755 0.8148392404659541 0.8160063860239328 0.8171735315819115
0.796059080891238 0.7958705775933685 0.7958749978647198 0.796085657797764 0.7962963177308081 0.7965069776638523 0.7967176375968964 0.7969282975299404 0.7971389574629846 0.7973496173960287 0.7975602773290729 0.797770937262117 0.7979815971951612 0.7981922571282052 0.7984029170612498 0.7986135769942938 0.798824236927338 0.7990348968603821 0.7992455567934262 0.7994562167264704 0.7996668766595145 0.7998775365925587 0.8000881965256027 0.8002988564586468 0.800509516391691 0.8007201763247351 0.8009308362577793 0.8011414961908238 0.8013521561238679 0.801562816056912 0.8017734759899561 0.8019841359230002 0.8026550308141499 0.8038179272937975 0.8049808237734452 0.8061437202530928 0.8073066167327404 0.808469513212388 0.8096324096920356 0.8107953061716833 0.8119582026513329 0.8131210991309805 0.8142839956106281 0.8154468920902758
0.7945480715227867 0.7943697233874171 0.7943764546408564 0.7945810399496008 0.7947856252583453 0.7949902105670897 0.7951947958758342 0.7953993811845786 0.7956039664933231 0.7958085518020676 0.796013137110812 0.7962177224195565 0.7964223077283009 0.7966268930370454 0.7968314783457902 0.7970360636545346 0.7972406489632791 0.7974452342720235 0.797649819580768 0.7978544048895124 0.7980589901982569 0.7982635755070013 0.7984681608157458 0.7986727461244902 0.7988773314332347 0.7990819167419791 0.7992865020507236 0.7994910873594684 0.7996956726682128 0.7999002579769573 0.8001048432857018 0.8003094285944462 0.8009751311841553 0.802133778585472 0.8032924259867885 0.8044510733881052 0.8056097207894217 0.8067683681907384 0.807927015592055 0.8090856629933716 0.8102443103946902 0.8114029577960069 0.8125616051973235 0.8137202525986401
0.7930370621543353 0.7928688691814656 0.7928779114169929 0.7930764221014377 0.7932749327858825 0.7934734434703272 0.793671954154772 0.7938704648392169 0.7940689755236616 0.7942674862081064 0.7944659968925512 0.7946645075769959 0.7948630182614407 0.7950615289458854 0.7952600396303307 0.7954585503147754 0.7956570609992202 0.7958555716836649 0.7960540823681097 0.7962525930525545 0.7964511037369992 0.7966496144214441 0.7968481251058889 0.7970466357903336 0.7972451464747784 0.7974436571592232 0.7976421678436679 0.7978406785281131 0.7980391892125579 0.7982376998970027 0.7984362105814474 0.7986347212658922 0.7992952315541608 0.8004496298771464 0.801604028200132 0.8027584265231177 0.8039128248461033 0.8050672231690889 0.8062216214920744 0.8073760198150601 0.8085304181380476 0.8096848164610333 0.8108392147840189 0.8119936131070045
0.7915260527858841 0.7913680149755141 0.7913793681931295 0.7915718042532746 0.7917642403134196 0.7919566763735648 0.7921491124337099 0.792341548493855 0.792533984554 0.7927264206141452 0.7929188566742903 0.7931112927344354 0.7933037287945804 0.7934961648547256 0.793688600914871 0.7938810369750161 0.7940734730351612 0.7942659090953064 0.7944583451554514 0.7946507812155965 0.7948432172757417 0.7950356533358868 0.7952280893960318 0.7954205254561769 0.7956129615163221 0.7958053975764672 0.7959978336366123 0.7961902696967577 0.7963827057569028 0.7965751418170479 0.796767577877193 0.7969600139373382 0.7976153319241662 0.7987654811688208 0.7999156304134755 0.80106577965813 0.8022159289027846 0.8033660781474392 0.8045162273920938 0.8056663766367484 0.806816525881405 0.8079666751260596 0.8091168243707142 0.8102669736153687
0.7900150434174327 0.7898671607695626 0.789880824969266 0.7900671864051114 0.7902535478409568 0.7904399092768023 0.7906262707126477 0.7908126321484932 0.7909989935843386 0.7911853550201841 0.7913717164560294 0.7915580778918749 0.7917444393277203 0.7919308007635657 0.7921171621994115 0.7923035236352569 0.7924898850711024 0.7926762465069478 0.7928626079427932 0.7930489693786387 0.793235330814484 0.7934216922503295 0.7936080536861749 0.7937944151220204 0.7939807765578658 0.7941671379937112 0.7943534994295567 0.7945398608654024 0.7947262223012479 0.7949125837370933 0.7950989451729388 0.7952853066087842 0.7959354322941717 0.7970813324604954 0.7982272326268189 0.7993731327931425 0.8005190329594661 0.8016649331257897 0.8028108332921132 0.8039567334584369 0.8051026336247624 0.806248533791086 0.8073944339574095 0.8085403341237332
0.7885040340489814 0.7883663065636111 0.7883822817454025 0.7885625685569483 0.7887428553684941 0.7889231421800398 0.7891034289915856 0.7892837158031313 0.7894640026146771 0.7896442894262228 0.7898245762377686 0.7900048630493144 0.7901851498608601 0.7903654366724059 0.7905457234839519 0.7907260102954977 0.7909062971070434 0.7910865839185892 0.7912668707301349 0.7914471575416807 0.7916274443532264 0.7918077311647722 0.791988017976318 0.7921683047878637 0.7923485915994095 0.7925288784109552 0.792709165222501 0.792889452034047 0.7930697388455928 0.7932500256571385 0.7934303124686843 0.79361059928023 0.7942555326641771 0.7953971837521697 0.7965388348401623 0.7976804859281549 0.7988221370161475 0.79996378810414 0.8011054391921326 0.8022470902801252 0.8033887413681197 0.8045303924561122 0.8056720435441048 0.8068136946320974
0.7869930246805287 0.7868654523576583 0.7868837385215377 0.7870579507087838 0.7872321628960299 0.7874063750832759 0.787580587270522 0.7877547994577682 0.7879290116450142 0.7881032238322603 0.7882774360195064 0.7884516482067525 0.7886258603939985 0.7888000725812446 0.788974284768491 0.7891484969557371 0.7893227091429832 0.7894969213302292 0.7896711335174753 0.7898453457047214 0.7900195578919674 0.7901937700792135 0.7903679822664597 0.7905421944537058 0.7907164066409518 0.7908906188281979 0.791064831015444 0.7912390432026903 0.7914132553899365 0.7915874675771825 0.7917616797644286 0.7919358919516747 0.7925756330341812 0.7937130350438428 0.7948504370535043 0.795987839063166 0.7971252410728275 0.7982626430824891 0.7994000450921506 0.8005374471018122 0.8016748491114757 0.8028122511211372 0.8039496531307988 0.8050870551404603
0.7854820153120773 0.7853645981517068 0.7853851952976743 0.7855533328606207 0.7857214704235671 0.7858896079865135 0.7860577455494598 0.7862258831124063 0.7863940206753527 0.7865621582382991 0.7867302958012455 0.786898433364192 0.7870665709271383 0.7872347084900847 0.7874028460530315 0.7875709836159778 0.7877391211789242 0.7879072587418706 0.788075396304817 0.7882435338677635 0.7884116714307099 0.7885798089936562 0.7887479465566026 0.788916084119549 0.7890842216824955 0.7892523592454419 0.7894204968083883 0.789588634371335 0.7897567719342814 0.7899249094972278 0.7900930470601741 0.7902611846231206 0.7908957334041867 0.7920288863355173 0.7931620392668478 0.7942951921981783 0.7954283451295089 0.7965614980608394 0.79769465099217 0.7988278039235005 0.7999609568548329 0.8010941097861635 0.802227262717494 0.8033604156488245
0.783971005943626 0.7838637439457553 0.7838866520738108 0.7840487150124575 0.7842107779511043 0.784372840889751 0.7845349038283977 0.7846969667670445 0.7848590297056912 0.785021092644338 0.7851831555829847 0.7853452185216314 0.7855072814602782 0.7856693443989249 0.7858314073375718 0.7859934702762186 0.7861555332148653 0.786317596153512 0.7864796590921588 0.7866417220308055 0.7868037849694522 0.786965847908099 0.7871279108467457 0.7872899737853924 0.7874520367240392 0.7876140996626859 0.7877761626013327 0.7879382255399797 0.7881002884786265 0.7882623514172732 0.7884244143559199 0.7885864772945667 0.7892158337741922 0.7903447376271917 0.7914736414801913 0.7926025453331909 0.7937314491861903 0.7948603530391899 0.7959892568921894 0.7971181607451889 0.7982470645981904 0.7993759684511899 0.8005048723041894 0.801633776157189
0.7824599965751746 0.7823628897398038 0.7823881088499474 0.7825440971642944 0.7827000854786414 0.7828560737929885 0.7830120621073355 0.7831680504216826 0.7833240387360297 0.7834800270503768 0.7836360153647238 0.7837920036790709 0.7839479919934179 0.784103980307765 0.7842599686221123 0.7844159569364594 0.7845719452508064 0.7847279335651535 0.7848839218795005 0.7850399101938476 0.7851958985081946 0.7853518868225416 0.7855078751368888 0.7856638634512358 0.7858198517655829 0.7859758400799299 0.786131828394277 0.7862878167086244 0.7864438050229714 0.7865997933373184 0.7867557816516655 0.7869117699660125 0.7875359341441976 0.7886605889188661 0.7897852436935346 0.7909098984682031 0.7920345532428718 0.7931592080175403 0.7942838627922088 0.7954085175668772 0.7965331723415476 0.7976578271162162 0.7987824818908847 0.7999071366655532
0.7812200053491103 0.7811278114047258 0.7811484436857278 0.781289689755122 0.7814309358245162 0.7815721818939103 0.7817134279633046 0.7818546740326987 0.7819959201020928 0.7821371661714871 0.7822784122408812 0.7824196583102754 0.7825609043796696 0.7827021504490638 0.7828433965184582 0.7829846425878524 0.7831258886572465 0.7832671347266408 0.7834083807960349 0.7835496268654291 0.7836908729348233 0.7838321190042175 0.7839733650736116 0.7841146111430058 0.7842558572124 0.7843971032817941 0.7845383493511884 0.7846795954205827 0.784820841489977 0.7849620875593711 0.7851033336287653 0.7852445796981595 0.785856017492572 0.7869701008847021 0.7880841842768324 0.7891982676689626 0.7903123510610929 0.7914264344532231 0.7925405178453534 0.7936546012374837 0.7947686846296158 0.7958827680217461 0.7969968514138763 0.7981109348060065
0.7802697154328253 0.7801768307216408 0.7801855028481213 0.7803027415324735 0.7804199802168257 0.7805372189011779 0.7806544575855301 0.7807716962698823 0.7808889349542345 0.7810061736385867 0.7811234123229389 0.7812406510072911 0.7813578896916433 0.7814751283759955 0.781592367060348 0.7817096057447002 0.7818268444290523 0.7819440831134045 0.7820613217977567 0.7821785604821089 0.7822957991664611 0.7824130378508133 0.7825302765351655 0.7826475152195177 0.7827647539038699 0.7828819925882221 0.7829992312725743 0.7831164699569267 0.783233708641279 0.7833509473256312 0.7834681860099834 0.7835854246943356 0.7841760826458953 0.785272836510835 0.7863695903757746 0.7874663442407142 0.7885630981056538 0.7896598519705934 0.7907566058355331 0.7918533597004727 0.7929501135654141 0.7940468674303538 0.7951436212952934 0.796240375160233
0.7793194255165395 0.7792258500385552 0.779222562010514 0.7793157933098243 0.7794090246091344 0.7795022559084446 0.7795954872077548 0.779688718507065 0.7797819498063753 0.7798751811056854 0.7799684124049956 0.7800616437043059 0.780154875003616 0.7802481063029263 0.7803413376022366 0.7804345689015468 0.780527800200857 0.7806210315001673 0.7807142627994774 0.7808074940987876 0.7809007253980979 0.780993956697408 0.7810871879967183 0.7811804192960284 0.7812736505953386 0.7813668818946489 0.781460113193959 0.7815533444932694 0.7816465757925796 0.7817398070918898 0.7818330383912 0.7819262696905103 0.7824961477992175 0.7835755721369664 0.7846549964747154 0.7857344208124644 0.7868138451502134 0.7878932694879623 0.7889726938257112 0.7900521181634602 0.791131542501211 0.79221096683896 0.793290391176709 0.794369815514458
0.7783691356002544 0.7782748693554702 0.7782596211729075 0.7783288450871757 0.7783980690014439 0.7784672929157122 0.7785365168299804 0.7786057407442486 0.7786749646585168 0.778744188572785 0.7788134124870534 0.7788826364013216 0.7789518603155898 0.779021084229858 0.7790903081441264 0.7791595320583946 0.7792287559726628 0.7792979798869311 0.7793672038011993 0.7794364277154675 0.7795056516297357 0.779574875544004 0.7796440994582722 0.7797133233725404 0.7797825472868086 0.7798517712010768 0.7799209951153451 0.7799902190296134 0.7800594429438816 0.7801286668581499 0.7801978907724182 0.7802671146866864 0.780816212952541 0.7818783077630993 0.7829404025736577 0.784002497384216 0.7850645921947743 0.7861266870053327 0.787188781815891 0.7882508766264493 0.7893129714370095 0.7903750662475678 0.7914371610581261 0.7924992558686845
