Figures/CREST_Example_wjb_NSE/PETs/wjb.pet.20090924.asc
ncols            288
nrows            254
xllcorner        113.274861
yllcorner        31.4918055
cellsize         0.008333333333
NODATA_value     -9999
[rows 200 to 219 of 254, columns 44 to 87 of 288]
-9999.0 -9999.0 -9999.0 -9999.0 -9999.0 -9999.0 -9999.0 -9999.0 -9999.0 -9999.0 1.7666726734699583 1.7655213841454978 1.764370094821037 1.7632188054965765 1.762067516172116 1.7609162268476555 1.759764937523195 1.7586136481987344 1.757462358874274 1.7563110695498134 1.755159780225353 1.7540084909008904 1.7528572015764299 1.7517059122519694 1.7505546229275089 1.7494033336030483 1.7482520442785876 1.747100754954127 1.7420157274291432 1.7327254448414853 1.7234351622538273 1.7141448796661694 1.7048545970785114 1.6955643144908534 1.6862740319031797 1.6769837493155217 1.6676934667278638 1.6584031841402058 1.6491129015525479 1.63982261896489 1.630532336377232 1.6212420537895742 1.6119517712019162 1.6026614886142583
-9999.0 -9999.0 -9999.0 -9999.0 -9999.0 -9999.0 -9999.0 -9999.0 -9999.0 1.7798796015416882 1.7792021156432751 1.7785246297448618 1.7778471438464487 1.7771696579480354 1.776492172049622 1.775814686151209 1.7751372002527956 1.7744597143543825 1.7737822284559692 1.773104742557556 1.7724272566591428 1.7717497707607284 1.7710722848623153 1.770394798963902 1.7697173130654886 1.7690398271670755 1.7683623412686622 1.767684855370249 1.7627831806957777 1.7533657527274433 1.743948324759109 1.7345308967907747 1.7251134688224403 1.715696040854106 1.7062786128857554 1.696861184917421 1.6874437569490868 1.6780263289807524 1.668608901012418 1.6591914730440835 1.6497740450757492 1.6403566171074149 1.6309391891390805 1.6215217611707462
-9999.0 -9999.0 -9999.0 -9999.0 -9999.0 -9999.0 -9999.0 -9999.0 1.7921389227613236 1.7919352402889577 1.7917315578165918 1.7915278753442259 1.79132419287186 1.791120510399494 1.7909168279271281 1.7907131454547622 1.7905094629823963 1.7903057805100304 1.7901020980376645 1.7898984155652986 1.7896947330929327 1.7894910506205663 1.7892873681482004 1.7890836856758345 1.7888800032034686 1.7886763207311027 1.7884726382587368 1.788268955786371 1.7835506339624123 1.7740060606134014 1.7644614872643907 1.75491691391538 1.745372340566369 1.7358277672173583 1.7262831938683312 1.7167386205193205 1.7071940471703095 1.6976494738212988 1.688104900472288 1.6785603271232772 1.6690157537742665 1.6594711804252555 1.6499266070762448 1.6403820337272341
-9999.0 -9999.0 -9999.0 -9999.0 -9999.0 -9999.0 -9999.0 -9999.0 -9999.0 1.8039908790362273 1.8042609999899086 1.8045311209435901 1.8048012418972714 1.805071362850953 1.8053414838046342 1.8056116047583157 1.805881725711997 1.8061518466656785 1.8064219676193598 1.806692088573041 1.8069622095267226 1.8072323304804043 1.8075024514340858 1.8077725723877671 1.8080426933414486 1.80831281429513 1.8085829352488114 1.8088530562024927 1.8043180872290467 1.7946463684993597 1.7849746497696724 1.775302931039985 1.765631212310298 1.7559594935806107 1.746287774850907 1.7366160561212198 1.7269443373915325 1.7172726186618452 1.7076008999321581 1.6979291812024708 1.6882574624727837 1.6785857437430964 1.6689140250134091 1.659242306283722
-9999.0 -9999.0 -9999.0 -9999.0 -9999.0 -9999.0 -9999.0 -9999.0 -9999.0 -9999.0 1.8167904421632308 1.8175343665429597 1.8182782909226887 1.8190222153024176 1.8197661396821465 1.8205100640618754 1.8212539884416041 1.821997912821333 1.822741837201062 1.823485761580791 1.8242296859605198 1.82497361034025 1.8257175347199788 1.8264614590997077 1.8272053834794366 1.8279493078591655 1.8286932322388945 1.8294371566186234 1.8250855404956903 1.8152866763853264 1.8054878122749627 1.795688948164599 1.7858900840542353 1.7760912199438716 1.7662923558334913 1.7564934917231276 1.7466946276127637 1.7368957635024 1.7270968993920364 1.7172980352816727 1.707499171171309 1.6977003070609453 1.6879014429505816 1.678102578840218
-9999.0 -9999.0 -9999.0 -9999.0 -9999.0 -9999.0 -9999.0 -9999.0 -9999.0 -9999.0 1.8293198843365477 1.830537612142324 1.8317553399481001 1.8329730677538763 1.8341907955596526 1.8354085233654287 1.836626251171205 1.8378439789769812 1.8390617067827573 1.8402794345885336 1.8414971623943097 1.842714890200088 1.8439326180058642 1.8451503458116405 1.8463680736174166 1.8475858014231927 1.848803529228969 1.8500212570347452 1.8458529937623247 1.8359269842712846 1.8260009747802444 1.8160749652892043 1.8061489557981643 1.796222946307124 1.786296936816067 1.776370927325027 1.7664449178339867 1.7565189083429467 1.7465928988519066 1.7366668893608663 1.7267408798698263 1.7168148703787862 1.706888860887746 1.6969628513967059
-9999.0 -9999.0 -9999.0 -9999.0 -9999.0 -9999.0 -9999.0 -9999.0 -9999.0 -9999.0 -9999.0 -9999.0 1.8452323889735116 1.8469239202053351 1.8486154514371584 1.850306982668982 1.8519985139008055 1.853690045132629 1.8553815763644526 1.857073107596276 1.8587646388280996 1.860456170059926 1.8621477012917496 1.863839232523573 1.8655307637553966 1.86722229498722 1.8689138262190435 1.870605357450867 1.8666204470289591 1.8565672921572427 1.846514137285526 1.8364609824138096 1.826407827542093 1.8163546726703765 1.8063015177986428 1.7962483629269261 1.7861952080552097 1.776142053183493 1.7660888983117766 1.75603574344006 1.7459825885683435 1.735929433696627 1.7258762788249105 1.7158231239531938
-9999.0 -9999.0 -9999.0 -9999.0 -9999.0 -9999.0 -9999.0 -9999.0 -9999.0 -9999.0 -9999.0 -9999.0 -9999.0 1.8608747726567998 1.8630401073146707 1.865205441972542 1.8673707766304128 1.8695361112882838 1.871701445946155 1.873866780604026 1.8760321152618968 1.8781974499197716 1.8803627845776427 1.8825281192355137 1.8846934538933846 1.8868587885512556 1.8890241232091267 1.8911894578669977 1.8873879002956027 1.8772076000432096 1.8670272997908166 1.8568469995384236 1.8466666992860306 1.8364863990336375 1.826306098781227 1.8161257985288342 1.805945498276441 1.7957651980240479 1.7855848977716549 1.7754045975192618 1.7652242972668688 1.7550439970144758 1.7448636967620827 1.7346833965096897
-9999.0 -9999.0 -9999.0 -9999.0 -9999.0 -9999.0 -9999.0 -9999.0 -9999.0 -9999.0 -9999.0 -9999.0 -9999.0 1.8665835574888932 1.8689933924410247 1.8714032273931562 1.8738130623452878 1.8762228972974193 1.8786327322495509 1.8810425672016824 1.883452402153814 1.8858622371059497 1.8882720720580812 1.8906819070102128 1.8930917419623443 1.8955015769144758 1.8979114118666074 1.900321246818739 1.8966386811852005 1.886443201600419 1.8762477220156373 1.8660522424308559 1.8558567628460743 1.8456612832612926 1.8354658036764937 1.825270324091712 1.8150748445069307 1.804879364922149 1.7946838853373674 1.784488405752586 1.7742929261678044 1.7640974465830228 1.7539019669982412 1.7437064874134598
-9999.0 -9999.0 -9999.0 -9999.0 -9999.0 -9999.0 -9999.0 -9999.0 -9999.0 -9999.0 -9999.0 -9999.0 -9999.0 -9999.0 1.865891316165353 1.8683005408163125 1.870709765467272 1.8731189901182315 1.875528214769191 1.8779374394201502 1.8803466640711097 1.8827558887220732 1.8851651133730327 1.8875743380239922 1.8899835626749517 1.8923927873259112 1.8948020119768705 1.89721123662783 1.8935788651730385 1.8834878909045265 1.8733969166360145 1.8633059423675025 1.8532149680989902 1.8431239938304782 1.833033019561949 1.822942045293437 1.812851071024925 1.8027600967564128 1.7926691224879008 1.7825781482193888 1.7724871739508767 1.7623961996823647 1.7523052254138527 1.7422142511453407
-9999.0 -9999.0 -9999.0 -9999.0 -9999.0 -9999.0 -9999.0 -9999.0 -9999.0 -9999.0 -9999.0 -9999.0 -9999.0 -9999.0 -9999.0 1.8651978542394676 1.8676064685892548 1.8700150829390423 1.8724236972888297 1.874832311638617 1.8772409259884044 1.8796495403381959 1.882058154687983 1.8844667690377706 1.886875383387558 1.8892839977373452 1.8916926120871327 1.89410122643692 1.8905190491608754 1.880532580208633 1.8705461112563904 1.860559642304148 1.8505731733519055 1.8405867043996629 1.8306002354474034 1.820613766495161 1.8106272975429185 1.8006408285906759 1.7906543596384334 1.7806678906861908 1.7706814217339484 1.760694952781706 1.7507084838294635 1.740722014877221
-9999.0 -9999.0 -9999.0 -9999.0 -9999.0 -9999.0 -9999.0 -9999.0 -9999.0 -9999.0 -9999.0 -9999.0 -9999.0 -9999.0 -9999.0 -9999.0 -9999.0 -9999.0 1.8693191798084696 1.8717271838570848 1.8741351879057002 1.8765431919543194 1.8789511960029348 1.88135920005155 1.8837672041001652 1.8861752081487806 1.8885832121973958 1.890991216246011 1.8874592331487134 1.8775772695127406 1.8676953058767676 1.8578133422407945 1.8479313786048215 1.8380494149688487 1.8281674513328587 1.8182854876968857 1.8084035240609126 1.7985215604249398 1.7886395967889668 1.7787576331529937 1.768875669517021 1.7589937058810479 1.7491117422450748 1.7392297786091018
-9999.0 -9999.0 -9999.0 -9999.0 -9999.0 -9999.0 -9999.0 -9999.0 -9999.0 -9999.0 -9999.0 -9999.0 -9999.0 -9999.0 -9999.0 -9999.0 -9999.0 -9999.0 1.8662146623281097 1.8686220560755529 1.871029449822996 1.8734368435704434 1.8758442373178865 1.8782516310653297 1.8806590248127728 1.883066418560216 1.885473812307659 1.8878812060551025 1.8843994171365517 1.8746219588168482 1.8648445004971448 1.8550670421774413 1.845289583857738 1.8355121255380344 1.8257346672183141 1.8159572088986107 1.8061797505789072 1.7964022922592038 1.7866248339395003 1.7768473756197969 1.7670699173000932 1.7572924589803898 1.7475150006606863 1.7377375423409829
-9999.0 -9999.0 -9999.0 -9999.0 -9999.0 -9999.0 -9999.0 -9999.0 -9999.0 -9999.0 -9999.0 -9999.0 -9999.0 -9999.0 -9999.0 -9999.0 -9999.0 -9999.0 -9999.0 -9999.0 1.8679237117402905 1.8703304951865658 1.8727372786328367 1.8751440620791078 1.8775508455253789 1.87995762897165 1.882364412417921 1.8847711958641922 1.8813396011243886 1.8716666481209545 1.8619936951175207 1.8523207421140868 1.8426477891106527 1.832974836107219 1.8233018831037684 1.8136289301003345 1.8039559770969007 1.7942830240934666 1.7846100710900328 1.774937118086599 1.7652641650831649 1.755591212079731 1.745918259076297 1.736245306072863
-9999.0 -9999.0 -9999.0 -9999.0 -9999.0 -9999.0 -9999.0 -9999.0 -9999.0 -9999.0 -9999.0 -9999.0 -9999.0 -9999.0 -9999.0 -9999.0 -9999.0 -9999.0 -9999.0 -9999.0 -9999.0 -9999.0 1.8696303199477884 -9999.0 1.8744426662379865 1.8768488393830853 1.8792550125281844 1.8816611856732834 1.8782797851122268 1.8687113374250623 1.8591428897378979 1.8495744420507336 1.8400059943635692 1.8304375466764047 1.820869098989224 1.8113006513020595 1.801732203614895 1.7921637559277306 1.7825953082405663 1.7730268605534019 1.7634584128662374 1.753889965179073 1.7443215174919087 1.7347530698047442
-9999.0 -9999.0 -9999.0 -9999.0 -9999.0 -9999.0 -9999.0 -9999.0 -9999.0 -9999.0 -9999.0 -9999.0 -9999.0 -9999.0 -9999.0 -9999.0 -9999.0 -9999.0 -9999.0 -9999.0 -9999.0 -9999.0 -9999.0 -9999.0 -9999.0 -9999.0 1.8761456126384477 1.8785511754823747 1.875219969100065 1.8657560267291702 1.8562920843582753 1.8468281419873802 1.8373641996164853 1.8279002572455905 1.8184363148746794 1.8089723725037845 1.7995084301328896 1.7900444877619945 1.7805805453910997 1.7711166030202048 1.76165266064931 1.7521887182784148 1.74272477590752 1.733260833536625
-9999.0 -9999.0 -9999.0 -9999.0 -9999.0 -9999.0 -9999.0 -9999.0 -9999.0 -9999.0 -9999.0 -9999.0 -9999.0 -9999.0 -9999.0 -9999.0 -9999.0 -9999.0 -9999.0 -9999.0 -9999.0 -9999.0 -9999.0 -9999.0 -9999.0 -9999.0 1.873036212748711 1.8754411652914658 1.872160153087903 1.8628007160332778 1.8534412789786523 1.8440818419240268 1.8347224048694015 1.825362967814776 1.8160035307601348 1.8066440937055093 1.7972846566508838 1.7879252195962585 1.778565782541633 1.7692063454870077 1.7598469084323822 1.7504874713777567 1.7411280343231315 1.731768597268506
-9999.0 -9999.0 -9999.0 -9999.0 -9999.0 -9999.0 -9999.0 -9999.0 -9999.0 -9999.0 -9999.0 -9999.0 -9999.0 -9999.0 -9999.0 -9999.0 -9999.0 -9999.0 -9999.0 -9999.0 -9999.0 -9999.0 -9999.0 -9999.0 -9999.0 -9999.0 -9999.0 1.8723311551005557 1.86910033707574 1.8598454053373843 1.8505904735990284 1.8413355418606725 1.8320806101223166 1.8228256783839607 1.813570746645589 1.8043158149072334 1.7950608831688775 1.7858059514305216 1.7765510196921657 1.7672960879538098 1.7580411562154539 1.7487862244770982 1.7395312927387423 1.7302763610003864
-9999.0 -9999.0 -9999.0 -9999.0 -9999.0 -9999.0 -9999.0 -9999.0 -9999.0 -9999.0 -9999.0 -9999.0 -9999.0 -9999.0 -9999.0 -9999.0 -9999.0 -9999.0 -9999.0 -9999.0 -9999.0 -9999.0 -9999.0 -9999.0 -9999.0 -9999.0 -9999.0 -9999.0 1.8660405210635782 1.8568900946414917 1.8477396682194054 1.838589241797319 1.8294388153752328 1.8202883889531465 1.8111379625310444 1.8019875361089581 1.7928371096868718 1.7836866832647853 1.774536256842699 1.7653858304206127 1.7562354039985264 1.7470849775764399 1.7379345511543536 1.7287841247322673
-9999.0 -9999.0 -9999.0 -9999.0 -9999.0 -9999.0 -9999.0 -9999.0 -9999.0 -9999.0 -9999.0 -9999.0 -9999.0 -9999.0 -9999.0 -9999.0 -9999.0 -9999.0 -9999.0 -9999.0 -9999.0 -9999.0 -9999.0 -9999.0 -9999.0 -9999.0 -9999.0 -9999.0 -9999.0 1.8539347839455995 1.8448888628397826 1.835842941733966 1.826797020628149 1.817751099522332 1.8087051784164998 1.799659257310683 1.7906133362048662 1.7815674150990493 1.7725214939932326 1.7634755728874156 1.7544296517815987 1.745383730675782 1.736337809569965 1.7272918884641482
