Figures/CREST_Example_wjb_NSE/PETs/wjb.pet.20090531.asc
ncols            288
nrows            254
xllcorner        113.274861
yllcorner        31.4918055
cellsize         0.008333333333
NODATA_value     -9999
[rows 60 to 79 of 254, columns 44 to 87 of 288]
3.613579194031293 3.610858151942358 3.6081371098534234 3.6054160677644886 3.6026950256755543 3.5999739835866196 3.597252941497685 3.59453189940875 3.591810857319811 3.589089815230876 3.5863687731419414 3.5836477310530066 3.580926688964072 3.578205646875137 3.5754846047862023 3.572763562697268 3.5700425206083333 3.5673214785193985 3.5646004364304638 3.561879394341529 3.5591583522525942 3.556437310163655 3.5537162680747203 3.5509952259857855 3.548274183896851 3.545553141807916 3.5428320997189817 3.540111057630047 3.5401058872107396 3.543004045001417 3.5459022027920946 3.548800360582772 3.5516985183734495 3.554596676164127 3.5574948339548094 3.560392991745487 3.5632911495361648 3.5661893073268423 3.5690874651175197 3.571985622908197 3.5748837806988747 3.577781938489552 3.5806800962802297 3.583578254070907
3.6109452184861066 3.608235721332564 3.6055262241790214 3.6028167270254787 3.6001072298719365 3.597397732718394 3.5946882355648513 3.5919787384113087 3.5892692412577616 3.5865597441042194 3.5838502469506768 3.581140749797134 3.5784312526435915 3.5757217554900493 3.5730122583365067 3.570302761182964 3.5675932640294215 3.5648837668758793 3.5621742697223366 3.559464772568794 3.5567552754152514 3.5540457782617043 3.5513362811081617 3.5486267839546195 3.545917286801077 3.5432077896475342 3.5404982924939916 3.5377887953404494 3.5377128777819755 3.5404523163454833 3.5431917549089915 3.5459311934724993 3.548670632036007 3.5514100705995153 3.554149509163028 3.5568889477265357 3.559628386290044 3.5623678248535517 3.5651072634170595 3.5678467019805677 3.5705861405440755 3.5733255791075837 3.5760650176710915 3.5788044562345993
3.6083112429409203 3.6056132907227703 3.6029153385046198 3.6002173862864693 3.597519434068319 3.5948214818501687 3.5921235296320186 3.589425577413868 3.586727625195713 3.5840296729775627 3.5813317207594126 3.578633768541262 3.5759358163231116 3.5732378641049616 3.570539911886811 3.567841959668661 3.5651440074505105 3.56244605523236 3.55974810301421 3.5570501507960595 3.554352198577909 3.551654246359754 3.548956294141604 3.5462583419234535 3.5435603897053034 3.540862437487153 3.5381644852690024 3.5354665330508523 3.535319868353212 3.53790058768955 3.5404813070258885 3.543062026362227 3.545642745698565 3.5482234650349036 3.5508041843712466 3.5533849037075846 3.555965623043923 3.5585463423802617 3.5611270617166 3.5637077810529383 3.566288500389277 3.5688692197256153 3.571449939061954 3.574030658398292
3.6056772673957345 3.602990860112976 3.600304452830218 3.59761804554746 3.594931638264702 3.5922452309819435 3.5895588236991856 3.586872416416427 3.5841860091336644 3.5814996018509064 3.578813194568148 3.57612678728539 3.5734403800026318 3.570753972719874 3.5680675654371155 3.565381158154357 3.562694750871599 3.5600083435888408 3.557321936306083 3.5546355290233245 3.5519491217405665 3.5492627144578037 3.5465763071750454 3.5438898998922874 3.541203492609529 3.538517085326771 3.5358306780440127 3.533144270761255 3.5329268589244474 3.535348859033616 3.537770859142785 3.540192859251954 3.5426148593611226 3.545036859470292 3.5474588595794647 3.5498808596886335 3.5523028597978024 3.554724859906971 3.55714686001614 3.559568860125309 3.5619908602344776 3.5644128603436465 3.5668348604528153 3.569256860561984
3.6030432918505477 3.600368429503182 3.597693567155816 3.59501870480845 3.592343842461084 3.5896689801137183 3.586994117766352 3.584319255418986 3.5816443930716155 3.5789695307242497 3.5762946683768835 3.5736198060295177 3.570944943682152 3.5682700813347856 3.56559521898742 3.562920356640054 3.5602454942926878 3.557570631945322 3.5548957695979557 3.55222090725059 3.549546044903224 3.5468711825558534 3.5441963202084876 3.5415214578611214 3.5388465955137556 3.5361717331663893 3.5334968708190235 3.5308220084716577 3.5305338494956837 3.532797130377683 3.5350604112596824 3.5373236921416815 3.539586973023681 3.54185025390568 3.5441135347876833 3.5463768156696824 3.548640096551682 3.550903377433681 3.5531666583156807 3.55542993919768 3.557693220079679 3.5599565009616785 3.5622197818436776 3.564483062725677
3.600409316305362 3.597745998893388 3.595082681481414 3.5924193640694404 3.5897560466574667 3.587092729245493 3.584429411833519 3.5817660944215453 3.5791027770095667 3.576439459597593 3.5737761421856193 3.5711128247736457 3.5684495073616715 3.565786189949698 3.563122872537724 3.56045955512575 3.5577962377137764 3.5551329203018027 3.552469602889829 3.549806285477855 3.5471429680658813 3.544479650653903 3.541816333241929 3.5391530158299553 3.5364896984179817 3.5338263810060075 3.531163063594034 3.52849974618206 3.5281408400669196 3.530245401721749 3.532349963376579 3.534454525031409 3.5365590866862386 3.538663648341068 3.5407682099959015 3.5428727716507313 3.544977333305561 3.5470818949603906 3.5491864566152205 3.5512910182700503 3.55339557992488 3.5555001415797096 3.5576047032345395 3.5597092648893693
3.597775340760174 3.5951235682835923 3.5924717958070103 3.5898200233304287 3.587168250853847 3.5845164783772656 3.581864705900684 3.5792129334241025 3.576561160947516 3.5739093884709345 3.571257615994353 3.5686058435177714 3.56595407104119 3.5633022985646083 3.560650526088027 3.5579987536114452 3.5553469811348632 3.5526952086582817 3.5500434361817 3.5473916637051186 3.544739891228537 3.542088118751951 3.539436346275369 3.5367845737987875 3.534132801322206 3.5314810288456244 3.528829256369043 3.5261774838924613 3.525747830638154 3.527693673065814 3.529639515493474 3.531585357921134 3.533531200348794 3.535477042776454 3.5374228852041174 3.5393687276317776 3.5413145700594377 3.5432604124870974 3.5452062549147576 3.5471520973424178 3.549097939770078 3.5510437821977376 3.552989624625398 3.554935467053058
3.595141365214987 3.5925011376737976 3.589860910132608 3.587220682591419 3.5845804550502294 3.58194022750904 3.5792999999678505 3.576659772426661 3.5740195448854672 3.571379317344278 3.5687390898030884 3.566098862261899 3.5634586347207096 3.56081840717952 3.5581781796383307 3.5555379520971413 3.552897724555952 3.5502574970147625 3.547617269473573 3.5449770419323836 3.542336814391194 3.5396965868500003 3.537056359308811 3.5344161317676215 3.531775904226432 3.5291356766852426 3.526495449144053 3.523855221602864 3.5233548212093897 3.52514194440988 3.5269290676103706 3.528716190810861 3.5305033140113515 3.5322904372118424 3.534077560412336 3.5358646836128265 3.537651806813317 3.5394389300138074 3.541226053214298 3.5430131764147883 3.5448002996152788 3.546587422815769 3.54837454601626 3.5501616692167506
3.592507389669801 3.589878707064004 3.5872500244582066 3.5846213418524093 3.581992659246612 3.5793639766408147 3.576735294035018 3.5741066114292206 3.571477928823419 3.5688492462176216 3.5662205636118243 3.563591881006027 3.5609631984002297 3.5583345157944324 3.555705833188635 3.5530771505828382 3.550448467977041 3.5478197853712437 3.5451911027654464 3.542562420159649 3.5399337375538518 3.53730505494805 3.5346763723422527 3.5320476897364554 3.529419007130658 3.5267903245248613 3.524161641919064 3.5215329593132667 3.520961811780626 3.522590215753947 3.5242186197272676 3.525847023700589 3.5274754276739095 3.5291038316472307 3.530732235620554 3.5323606395938754 3.533989043567196 3.5356174475405173 3.537245851513838 3.5388742554871593 3.54050265946048 3.5421310634338012 3.543759467407122 3.5453878713804428
3.589873414124615 3.58725627645421 3.584639138783805 3.5820220011134 3.5794048634429947 3.5767877257725895 3.574170588102185 3.5715534504317796 3.56893631276137 3.566319175090965 3.5637020374205597 3.561084899750155 3.55846776207975 3.5558506244093446 3.5532334867389395 3.5506163490685343 3.5479992113981296 3.5453820737277244 3.5427649360573192 3.540147798386914 3.537530660716509 3.5349135230460997 3.5322963853756946 3.5296792477052894 3.5270621100348842 3.524444972364479 3.5218278346940743 3.519210697023669 3.5185688023518615 3.520038487098013 3.5215081718441645 3.522977856590316 3.524447541336467 3.5259172260826186 3.5273869108287728 3.528856595574924 3.5303262803210753 3.531795965067227 3.5332656498133783 3.53473533455953 3.536205019305681 3.5376747040518324 3.539144388797984 3.5406140735441354
3.5872394385794286 3.5846338458444156 3.582028253109403 3.57942266037439 3.5768170676393773 3.5742114749043643 3.5716058821693513 3.5690002894343387 3.566394696699321 3.563789103964308 3.5611835112292956 3.5585779184942825 3.5559723257592695 3.553366733024257 3.550761140289244 3.5481555475542312 3.545549954819218 3.542944362084205 3.5403387693491926 3.5377331766141795 3.5351275838791665 3.5325219911441494 3.5299163984091364 3.5273108056741234 3.5247052129391108 3.5220996202040977 3.5194940274690847 3.516888434734072 3.516175792923098 3.5174867584420797 3.5187977239610615 3.5201086894800433 3.521419654999025 3.5227306205180073 3.5240415860369914 3.525352551555973 3.526663517074955 3.5279744825939368 3.5292854481129186 3.5305964136319004 3.5319073791508826 3.5332183446698644 3.534529310188846 3.535840275707828
3.5846054630342428 3.582011415234622 3.5794173674350014 3.5768233196353805 3.5742292718357596 3.571635224036139 3.569041176236518 3.5664471284368977 3.5638530806372724 3.561259032837652 3.558664985038031 3.5560709372384105 3.5534768894387896 3.550882841639169 3.548288793839548 3.5456947460399273 3.543100698240307 3.540506650440686 3.5379126026410654 3.5353185548414445 3.532724507041824 3.5301304592421987 3.5275364114425782 3.5249423636429573 3.522348315843337 3.519754268043716 3.517160220244095 3.5145661724444746 3.513782783494334 3.514935029786146 3.5160872760779585 3.5172395223697706 3.518391768661583 3.519544014953395 3.5206962612452095 3.5218485075370216 3.523000753828834 3.5241530001206463 3.525305246412459 3.526457492704271 3.5276097389960834 3.5287619852878955 3.529914231579708 3.53106647787152
3.581971487489054 3.5793889846248255 3.576806481760597 3.5742239788963683 3.57164147603214 3.569058973167911 3.566476470303683 3.5638939674394545 3.5613114645752213 3.558728961710993 3.556146458846764 3.553563955982536 3.5509814531183075 3.5483989502540787 3.5458164473898504 3.543233944525622 3.5406514416613932 3.538068938797165 3.535486435932936 3.5329039330687078 3.5303214302044794 3.527738927340246 3.525156424476018 3.522573921611789 3.5199914187475607 3.5174089158833324 3.5148264130191036 3.5122439101548752 3.5113897740655675 3.5123833011302104 3.5133768281948528 3.5143703552594956 3.515363882324138 3.516357409388781 3.517350936453425 3.518344463518068 3.5193379905827102 3.520331517647353 3.5213250447119955 3.5223185717766383 3.5233120988412807 3.5243056259059236 3.525299152970566 3.526292680035209
3.579337511943868 3.5767665540150317 3.574195596086195 3.571624638157359 3.5690536802285227 3.5664827222996864 3.5639117643708498 3.5613408064420136 3.558769848513173 3.5561988905843367 3.5536279326555 3.551056974726664 3.5484860167978276 3.5459150588689914 3.5433441009401547 3.5407731430113185 3.5382021850824823 3.5356312271536456 3.5330602692248094 3.530489311295973 3.527918353367137 3.5253473954382963 3.5227764375094597 3.5202054795806235 3.5176345216517872 3.5150635637229506 3.5124926057941144 3.509921647865278 3.508996764636804 3.509831572474277 3.51066638031175 3.511501188149223 3.512335995986696 3.513170803824169 3.5140056116616436 3.5148404194991167 3.51567522733659 3.516510035174063 3.5173448430115357 3.518179650849009 3.519014458686482 3.519849266523955 3.5206840743614283 3.5215188821989014
3.5767035363986817 3.5741441234052376 3.5715847104117935 3.5690252974183494 3.5664658844249053 3.563906471431461 3.5613470584380167 3.5587876454445726 3.556228232451124 3.55366881945768 3.551109406464236 3.548549993470792 3.5459905804773473 3.543431167483903 3.540871754490459 3.538312341497015 3.535752928503571 3.533193515510127 3.5306341025166823 3.528074689523238 3.525515276529794 3.5229558635363456 3.5203964505429015 3.5178370375494574 3.5152776245560133 3.512718211562569 3.5101587985691247 3.5075993855756806 3.50660375520804 3.5072798438183432 3.5079559324286467 3.50863202103895 3.5093081096492535 3.5099841982595574 3.5106602868698618 3.5113363754801656 3.512012464090469 3.5126885527007725 3.513364641311076 3.5140407299213794 3.5147168185316833 3.5153929071419867 3.51606899575229 3.5167450843625936
3.5740695608534954 3.5715216927954434 3.5689738247373914 3.5664259566793395 3.5638780886212875 3.5613302205632356 3.5587823525051836 3.5562344844471316 3.5536866163890752 3.5511387483310233 3.5485908802729713 3.5460430122149194 3.5434951441568674 3.5409472760988154 3.5383994080407635 3.5358515399827115 3.5333036719246596 3.5307558038666076 3.5282079358085556 3.5256600677505037 3.5231121996924517 3.5205643316343953 3.5180164635763433 3.5154685955182914 3.5129207274602394 3.5103728594021875 3.5078249913441355 3.5052771232860835 3.5042107457792757 3.50472811516241 3.5052454845455436 3.505762853928678 3.5062802233118116 3.5067975926949457 3.5073149620780804 3.5078323314612145 3.5083497008443483 3.5088670702274825 3.509384439610616 3.5099018089937504 3.510419178376884 3.5109365477600183 3.511453917143152 3.511971286526286
3.5714355853083095 3.5688992621856497 3.56636293906299 3.56382661594033 3.56129029281767 3.5587539696950103 3.5562176465723505 3.5536813234496907 3.5511450003270264 3.548608677204367 3.546072354081707 3.5435360309590473 3.5409997078363875 3.5384633847137277 3.535927061591068 3.533390738468408 3.530854415345748 3.5283180922230883 3.5257817691004285 3.5232454459777687 3.520709122855109 3.518172799732445 3.515636476609785 3.5131001534871253 3.5105638303644655 3.5080275072418057 3.505491184119146 3.502954860996486 3.5018177363505116 3.502176386506476 3.5025350366624406 3.502893686818405 3.5032523369743696 3.5036109871303336 3.503969637286299 3.5043282874422634 3.504686937598228 3.505045587754192 3.5054042379101564 3.505762888066121 3.5061215382220854 3.50648018837805 3.5068388385340143 3.507197488689979
3.568801609763123 3.5662768315758555 3.5637520533885882 3.5612272752013205 3.558702497014053 3.556177718826785 3.5536529406395174 3.55112816245225 3.548603384264978 3.5460786060777103 3.5435538278904426 3.5410290497031753 3.5385042715159076 3.53597949332864 3.533454715141372 3.5309299369541045 3.5284051587668372 3.5258803805795695 3.523355602392302 3.520830824205034 3.5183060460177664 3.5157812678304947 3.513256489643227 3.5107317114559593 3.5082069332686916 3.5056821550814243 3.5031573768941566 3.500632598706889 3.499424726921748 3.4996246578505428 3.4998245887793376 3.5000245197081323 3.500224450636927 3.5004243815657223 3.5006243124945176 3.5008242434233123 3.501024174352107 3.501224105280902 3.5014240362096967 3.501623967138492 3.5018238980672867 3.5020238289960814 3.5022237599248762 3.502423690853671
3.566167634217937 3.5636544009660613 3.5611411677141858 3.5586279344623106 3.556114701210435 3.5536014679585595 3.5510882347066843 3.5485750014548088 3.546061768202929 3.5435485349510536 3.541035301699178 3.538522068447303 3.5360088351954273 3.5334956019435517 3.5309823686916766 3.528469135439801 3.5259559021879254 3.5234426689360503 3.5209294356841747 3.518416202432299 3.5159029691804236 3.513389735928544 3.5108765026766684 3.5083632694247933 3.5058500361729177 3.503336802921042 3.500823569669167 3.4983103364172914 3.4970317174929835 3.497072929194609 3.497114140896234 3.4971553525978596 3.497196564299485 3.49723777600111 3.4972789877027357 3.497320199404361 3.4973614111059863 3.4974026228076114 3.497443834509237 3.4974850462108624 3.4975262579124875 3.497567469614113 3.497608681315738 3.4976498930173636
3.5635336586727484 3.5610319703562654 3.558530282039782 3.556028593723299 3.5535269054068155 3.5510252170903325 3.548523528773849 3.546021840457366 3.543520152140878 3.541018463824395 3.5385167755079117 3.5360150871914287 3.533513398874945 3.531011710558462 3.5285100222419787 3.5260083339254953 3.5235066456090123 3.521004957292529 3.518503268976046 3.5160015806595624 3.5134998923430794 3.5109982040265915 3.5084965157101085 3.505994827393625 3.503493139077142 3.5009914507606585 3.4984897624441755 3.495988074127692 3.4946387080642176 3.4945212005386734 3.494403693013129 3.4942861854875846 3.49416867796204 3.494051170436496 3.493933662910951 3.493816155385407 3.4936986478598624 3.493581140334318 3.4934636328087736 3.4933461252832294 3.4932286177576852 3.4931111102321406 3.4929936027065964 3.492876095181052
