Figures/CREST_Example_wjb_NSE/PETs/wjb.pet.20090102.asc
ncols            288
nrows            254
xllcorner        113.274861
yllcorner        31.4918055
cellsize         0.008333333333
NODATA_value     -9999
[rows 95 to 113 of 254, columns 88 to 131 of 288]
0.6530018182367763 0.6527243094232701 0.652446800609764 0.6521692917962575 0.6518917829827514 0.6516142741692452 0.6513367653557391 0.6510592565422331 0.650781747728727 0.6505042389152208 0.6502267301017147 0.6499492212882086 0.6496717124747026 0.6493942036611965 0.6492802358594968 0.6493410970972765 0.6494019583350563 0.6494628195728359 0.6495236808106156 0.6495845420483952 0.6496454032861749 0.6497062645239546 0.6497671257617342 0.6498279869995139 0.6498888482372935 0.6499497094750732 0.650010570712853 0.6500714319506326 0.6501322931884123 0.650193154426192 0.6502540156639717 0.6503148769017514 0.650375738139531 0.6504365993773107 0.6504974606150903 0.65055832185287 0.6506191830906497 0.6506800443284293 0.650740905566209 0.6508017668039886 0.6508626280417683 0.650923489279548 0.6509843505173277 0.6510452117551074
0.6536349565561915 0.6533660052230075 0.6530970538898235 0.652828102556639 0.6525591512234551 0.6522901998902711 0.6520212485570871 0.6517522972239032 0.6514833458907191 0.6512143945575352 0.6509454432243512 0.6506764918911672 0.6504075405579832 0.6501385892247992 0.650035252955736 0.650108962934973 0.6501826729142101 0.650256382893447 0.650330092872684 0.6504038028519208 0.6504775128311577 0.6505512228103947 0.6506249327896316 0.6506986427688686 0.6507723527481055 0.6508460627273425 0.6509197727065793 0.6509934826858162 0.6510671926650532 0.6511409026442903 0.6512146126235272 0.6512883226027641 0.6513620325820011 0.6514357425612379 0.6515094525404749 0.6515831625197118 0.6516568724989488 0.6517305824781857 0.6518042924574227 0.6518780024366596 0.6519517124158964 0.6520254223951334 0.6520991323743704 0.6521728423536074
0.6542680948756068 0.654007701022745 0.653747307169883 0.6534869133170208 0.6532265194641589 0.652966125611297 0.6527057317584352 0.6524453379055732 0.6521849440527113 0.6519245501998495 0.6516641563469876 0.6514037624941257 0.6511433686412639 0.650882974788402 0.6507902700519752 0.6508768287726695 0.6509633874933638 0.651049946214058 0.6511365049347522 0.6512230636554464 0.6513096223761405 0.6513961810968348 0.651482739817529 0.6515692985382232 0.6516558572589174 0.6517424159796116 0.6518289747003058 0.651915533421 0.6520020921416941 0.6520886508623885 0.6521752095830827 0.6522617683037769 0.6523483270244711 0.6524348857451653 0.6525214444658595 0.6526080031865537 0.652694561907248 0.6527811206279421 0.6528676793486363 0.6529542380693305 0.6530407967900247 0.6531273555107189 0.6532139142314133 0.6533004729521075
0.6549012331950227 0.6546493968224829 0.6543975604499431 0.6541457240774029 0.6538938877048631 0.6536420513323234 0.6533902149597837 0.6531383785872439 0.6528865422147041 0.6526347058421643 0.6523828694696245 0.6521310330970849 0.6518791967245451 0.6516273603520053 0.651545287148215 0.6516446946103666 0.6517441020725181 0.6518435095346696 0.651942916996821 0.6520423244589726 0.652141731921124 0.6522411393832755 0.652340546845427 0.6524399543075785 0.6525393617697299 0.6526387692318815 0.6527381766940329 0.6528375841561844 0.6529369916183358 0.6530363990804875 0.653135806542639 0.6532352140047905 0.6533346214669419 0.6534340289290934 0.6535334363912448 0.6536328438533964 0.6537322513155478 0.6538316587776993 0.6539310662398508 0.6540304737020023 0.6541298811641537 0.6542292886263052 0.6543286960884569 0.6544281035506083
0.6555343715144378 0.6552910926222202 0.6550478137300025 0.6548045348377844 0.6545612559455668 0.6543179770533492 0.6540746981611315 0.6538314192689139 0.6535881403766962 0.6533448614844786 0.6531015825922609 0.6528583037000433 0.6526150248078256 0.652371745915608 0.6523003042444542 0.6524125604480628 0.6525248166516718 0.6526370728552806 0.6527493290588893 0.652861585262498 0.6529738414661068 0.6530860976697156 0.6531983538733243 0.653310610076933 0.6534228662805418 0.6535351224841506 0.6536473786877592 0.653759634891368 0.6538718910949768 0.6539841472985857 0.6540964035021944 0.6542086597058032 0.654320915909412 0.6544331721130207 0.6545454283166294 0.6546576845202382 0.654769940723847 0.6548821969274556 0.6549944531310644 0.6551067093346732 0.655218965538282 0.6553312217418906 0.6554434779454996 0.6555557341491084
0.6561675098338532 0.6559327884219577 0.6556980670100621 0.6554633455981661 0.6552286241862706 0.6549939027743751 0.6547591813624796 0.654524459950584 0.6542897385386884 0.6540550171267929 0.6538202957148973 0.6535855743030018 0.6533508528911063 0.6531161314792108 0.6530553213406933 0.6531804262857593 0.6533055312308256 0.6534306361758916 0.6535557411209576 0.6536808460660236 0.6538059510110896 0.6539310559561556 0.6540561609012217 0.6541812658462877 0.6543063707913537 0.6544314757364197 0.6545565806814857 0.6546816856265517 0.6548067905716177 0.654931895516684 0.65505700046175 0.655182105406816 0.655307210351882 0.6554323152969479 0.6555574202420139 0.6556825251870799 0.6558076301321459 0.655932735077212 0.656057840022278 0.656182944967344 0.65630804991241 0.656433154857476 0.6565582598025422 0.6566833647476082
0.6568006481532686 0.6565744842216951 0.6563483202901216 0.6561221563585478 0.6558959924269744 0.6556698284954009 0.6554436645638275 0.655217500632254 0.6549913367006807 0.6547651727691072 0.6545390088375338 0.6543128449059603 0.6540866809743869 0.6538605170428134 0.6538103384369326 0.6539482921234558 0.6540862458099793 0.6542241994965026 0.6543621531830259 0.6545001068695492 0.6546380605560724 0.6547760142425957 0.654913967929119 0.6550519216156423 0.6551898753021655 0.6553278289886888 0.6554657826752122 0.6556037363617354 0.6557416900482587 0.6558796437347821 0.6560175974213055 0.6561555511078287 0.656293504794352 0.6564314584808753 0.6565694121673985 0.6567073658539219 0.6568453195404451 0.6569832732269684 0.6571212269134916 0.657259180600015 0.6573971342865382 0.6575350879730615 0.657673041659585 0.6578109953461083
0.6574337864726838 0.6572161800214325 0.6569985735701811 0.6567809671189294 0.6565633606676781 0.6563457542164267 0.6561281477651755 0.6559105413139241 0.6556929348626728 0.6554753284114214 0.6552577219601701 0.6550401155089188 0.6548225090576675 0.6546049026064161 0.6545653555331716 0.6547161579611522 0.654866960389133 0.6550177628171135 0.6551685652450941 0.6553193676730746 0.6554701701010552 0.6556209725290357 0.6557717749570163 0.6559225773849968 0.6560733798129774 0.6562241822409579 0.6563749846689385 0.656525787096919 0.6566765895248996 0.6568273919528804 0.6569781943808609 0.6571289968088415 0.657279799236822 0.6574306016648026 0.6575814040927831 0.6577322065207637 0.6578830089487442 0.6580338113767248 0.6581846138047053 0.6583354162326859 0.6584862186606664 0.658637021088647 0.6587878235166278 0.6589386259446083
0.658066924792099 0.6578578758211698 0.6576488268502406 0.6574397778793111 0.6572307289083819 0.6570216799374526 0.6568126309665234 0.6566035819955942 0.656394533024665 0.6561854840537358 0.6559764350828066 0.6557673861118773 0.6555583371409481 0.6553492881700189 0.6553203726294109 0.6554840237988486 0.6556476749682868 0.6558113261377245 0.6559749773071624 0.6561386284766002 0.656302279646038 0.6564659308154759 0.6566295819849136 0.6567932331543515 0.6569568843237893 0.6571205354932271 0.6572841866626649 0.6574478378321027 0.6576114890015405 0.6577751401709786 0.6579387913404164 0.6581024425098543 0.6582660936792921 0.6584297448487298 0.6585933960181677 0.6587570471876055 0.6589206983570434 0.6590843495264812 0.6592480006959189 0.6594116518653568 0.6595753030347946 0.6597389542042325 0.6599026053736705 0.6600662565431084
0.6587000631115143 0.6584995716209072 0.6582990801303 0.6580985886396926 0.6578980971490855 0.6576976056584785 0.6574971141678713 0.6572966226772642 0.6570961311866571 0.65689563969605 0.6566951482054428 0.6564946567148358 0.6562941652242287 0.6560936737336216 0.6560753897256499 0.656251889636545 0.6564283895474404 0.6566048894583355 0.6567813893692306 0.6569578892801257 0.6571343891910207 0.6573108891019158 0.6574873890128109 0.657663888923706 0.657840388834601 0.6580168887454961 0.6581933886563912 0.6583698885672863 0.6585463884781814 0.6587228883890768 0.6588993882999719 0.6590758882108669 0.659252388121762 0.6594288880326571 0.6596053879435522 0.6597818878544472 0.6599583877653423 0.6601348876762374 0.6603113875871325 0.6604878874980276 0.6606643874089226 0.6608408873198177 0.6610173872307131 0.6611938871416082
0.6593332014309302 0.6591412674206452 0.6589493334103602 0.6587573994000748 0.6585654653897899 0.6583735313795049 0.6581815973692199 0.6579896633589349 0.6577977293486499 0.6576057953383649 0.65741386132808 0.6572219273177949 0.65702999330751 0.656838059297225 0.6568304068218899 0.6570197554742422 0.6572091041265948 0.6573984527789473 0.6575878014312996 0.657777150083652 0.6579664987360043 0.6581558473883566 0.6583451960407091 0.6585345446930614 0.6587238933454138 0.6589132419977661 0.6591025906501184 0.6592919393024709 0.6594812879548232 0.6596706366071758 0.6598599852595283 0.6600493339118806 0.660238682564233 0.6604280312165853 0.6606173798689376 0.6608067285212901 0.6609960771736424 0.6611854258259947 0.6613747744783471 0.6615641231306995 0.6617534717830519 0.6619428204354042 0.6621321690877568 0.6623215177401093
0.6599663397503454 0.6597829632203825 0.6595995866904196 0.6594162101604565 0.6592328336304936 0.6590494571005306 0.6588660805705678 0.6586827040406049 0.658499327510642 0.6583159509806792 0.6581325744507163 0.6579491979207535 0.6577658213907905 0.6575824448608276 0.6575854239181289 0.6577876213119386 0.6579898187057486 0.6581920160995581 0.6583942134933678 0.6585964108871775 0.658798608280987 0.6590008056747967 0.6592030030686062 0.6594052004624159 0.6596073978562256 0.6598095952500351 0.6600117926438448 0.6602139900376545 0.660416187431464 0.660618384825274 0.6608205822190837 0.6610227796128932 0.6612249770067029 0.6614271744005126 0.6616293717943221 0.6618315691881318 0.6620337665819415 0.662235963975751 0.6624381613695607 0.6626403587633704 0.6628425561571799 0.6630447535509896 0.6632469509447996 0.6634491483386091
0.6605994780697607 0.6604246590201199 0.6602498399704791 0.6600750209208381 0.6599002018711974 0.6597253828215566 0.6595505637719158 0.659375744722275 0.6592009256726342 0.6590261066229935 0.6588512875733528 0.658676468523712 0.6585016494740712 0.6583268304244304 0.6583404410143682 0.6585554871496351 0.6587705332849023 0.6589855794201692 0.6592006255554361 0.659415671690703 0.6596307178259698 0.6598457639612367 0.6600608100965036 0.6602758562317705 0.6604909023670374 0.6607059485023044 0.6609209946375713 0.6611360407728382 0.6613510869081051 0.6615661330433723 0.6617811791786392 0.6619962253139061 0.662211271449173 0.6624263175844398 0.6626413637197067 0.6628564098549736 0.6630714559902405 0.6632865021255074 0.6635015482607743 0.6637165943960412 0.6639316405313082 0.6641466866665751 0.6643617328018423 0.6645767789371092
0.661232616389176 0.6610663548198573 0.6609000932505387 0.6607338316812197 0.660567570111901 0.6604013085425824 0.6602350469732637 0.6600687854039451 0.6599025238346264 0.6597362622653077 0.659570000695989 0.6594037391266704 0.6592374775573517 0.6590712159880331 0.6590954581106072 0.6593233529873314 0.659551247864056 0.6597791427407801 0.6600070376175043 0.6602349324942285 0.6604628273709526 0.6606907222476768 0.6609186171244009 0.6611465120011251 0.6613744068778493 0.6616023017545735 0.6618301966312976 0.6620580915080218 0.6622859863847459 0.6625138812614705 0.6627417761381946 0.6629696710149189 0.663197565891643 0.6634254607683672 0.6636533556450913 0.6638812505218155 0.6641091453985396 0.6643370402752639 0.664564935151988 0.6647928300287121 0.6650207249054363 0.6652486197821604 0.665476514658885 0.6657044095356092
0.6618657547085912 0.6617080506195947 0.6615503465305981 0.6613926424416013 0.6612349383526047 0.6610772342636082 0.6609195301746117 0.6607618260856152 0.6606041219966186 0.660446417907622 0.6602887138186255 0.6601310097296289 0.6599733056406324 0.6598156015516359 0.6598504752068465 0.6600912188250279 0.6603319624432097 0.6605727060613912 0.6608134496795726 0.6610541932977541 0.6612949369159354 0.6615356805341168 0.6617764241522983 0.6620171677704797 0.6622579113886612 0.6624986550068426 0.662739398625024 0.6629801422432055 0.6632208858613868 0.6634616294795687 0.6637023730977502 0.6639431167159315 0.664183860334113 0.6644246039522944 0.6646653475704758 0.6649060911886573 0.6651468348068387 0.6653875784250202 0.6656283220432015 0.6658690656613829 0.6661098092795644 0.6663505528977458 0.6665912965159276 0.6668320401341091
0.6624988930280065 0.6623497464193321 0.6622005998106576 0.6620514532019829 0.6619023065933085 0.661753159984634 0.6616040133759596 0.6614548667672852 0.6613057201586107 0.6611565735499363 0.6610074269412618 0.6608582803325874 0.6607091337239129 0.6605599871152386 0.6606054923030855 0.6608590846627242 0.6611126770223634 0.661366269382002 0.6616198617416408 0.6618734541012795 0.6621270464609181 0.6623806388205569 0.6626342311801956 0.6628878235398343 0.663141415899473 0.6633950082591117 0.6636486006187504 0.663902192978389 0.6641557853380278 0.664409377697667 0.6646629700573056 0.6649165624169443 0.665170154776583 0.6654237471362217 0.6656773394958604 0.6659309318554991 0.6661845242151379 0.6664381165747765 0.6666917089344152 0.6669453012940539 0.6671988936536926 0.6674524860133313 0.6677060783729705 0.6679596707326091
0.6631320313474224 0.66299144221907 0.6628508530907177 0.6627102639623652 0.6625696748340129 0.6624290857056605 0.6622884965773082 0.6621479074489559 0.6620073183206036 0.6618667291922512 0.661726140063899 0.6615855509355466 0.6614449618071943 0.6613043726788419 0.6613605093993254 0.6616269505004214 0.6618933916015178 0.6621598327026138 0.6624262738037098 0.6626927149048057 0.6629591560059017 0.6632255971069977 0.6634920382080937 0.6637584793091896 0.6640249204102856 0.6642913615113816 0.6645578026124775 0.6648242437135735 0.6650906848146695 0.6653571259157659 0.6656235670168619 0.6658900081179578 0.6661564492190538 0.6664228903201498 0.6666893314212459 0.6669557725223418 0.6672222136234378 0.6674886547245338 0.6677550958256298 0.6680215369267257 0.6682879780278217 0.6685544191289177 0.6688208602300141 0.66908730133111
0.6637651696668375 0.6636331380188074 0.6635011063707772 0.6633690747227468 0.6632370430747165 0.6631050114266863 0.6629729797786561 0.6628409481306259 0.6627089164825957 0.6625768848345654 0.6624448531865352 0.662312821538505 0.6621807898904748 0.6620487582424446 0.6621155264955645 0.6623948163381178 0.6626741061806715 0.6629533960232248 0.663232685865778 0.6635119757083312 0.6637912655508845 0.6640705553934377 0.6643498452359909 0.6646291350785442 0.6649084249210975 0.6651877147636507 0.6654670046062039 0.6657462944487572 0.6660255842913104 0.6663048741338642 0.6665841639764174 0.6668634538189706 0.6671427436615239 0.6674220335040771 0.6677013233466303 0.6679806131891837 0.6682599030317369 0.6685391928742901 0.6688184827168433 0.6690977725593966 0.6693770624019498 0.669656352244503 0.6699356420870568 0.67021493192961
0.6643983079862529 0.6642748338185448 0.6641513596508367 0.6640278854831284 0.6639044113154203 0.6637809371477121 0.663657462980004 0.663533988812296 0.6634105146445879 0.6632870404768798 0.6631635663091717 0.6630400921414635 0.6629166179737555 0.6627931438060474 0.6628705435918038 0.6631626821758142 0.6634548207598253 0.6637469593438358 0.6640390979278463 0.6643312365118568 0.6646233750958673 0.6649155136798778 0.6652076522638883 0.6654997908478989 0.6657919294319093 0.6660840680159199 0.6663762065999304 0.6666683451839409 0.6669604837679514 0.6672526223519624 0.6675447609359729 0.6678368995199835 0.6681290381039939 0.6684211766880045 0.6687133152720149 0.6690054538560255 0.669297592440036 0.6695897310240465 0.6698818696080571 0.6701740081920675 0.6704661467760781 0.6707582853600885 0.6710504239440995 0.6713425625281101
