Figures/CREST_Example_wjb_NSE/PETs/wjb.pet.20100227.asc
ncols            288
nrows            254
xllcorner        113.274861
yllcorner        31.4918055
cellsize         0.008333333333
NODATA_value     -9999
[rows 200 to 219 of 254, columns 176 to 219 of 288]
1.1344835772711972 1.1303266341532443 1.1261696910352912 1.122012747917338 1.117855804799385 1.113698861681432 1.1095419185634718 1.105384975445519 1.1012280323275658 1.0970710892096127 1.0929141460916598 1.0887572029737067 1.0846002598557536 1.0804433167378007 1.0762863736198476 1.0721294305018945 1.0677287021949449 1.063067362004926 1.0584060218149072 1.0537446816248803 1.0490833414348615 1.0444220012448426 1.0397606610548238 1.035099320864805 1.030437980674786 1.0257766404847672 1.0211153002947484 1.0164539601047295 1.0117926199147107 1.0071312797246916 1.0024699395346728 0.997808599344654 0.9931472591546272 0.9884859189646084 0.9838245787745895 0.9791632385845705 0.9745018983945517 0.9698405582045329 0.965179218014514 0.9605178778244952 0.9558565376344763 0.9511951974444575 0.9465338572544385 0.9418725170644197
1.1342313522205694 1.1300988897085158 1.1259664271964624 1.1218339646844089 1.1177015021723555 1.113569039660302 1.1094365771482415 1.1053041146361882 1.1011716521241346 1.0970391896120812 1.0929067271000277 1.0887742645879743 1.0846418020759208 1.0805093395638674 1.0763768770518138 1.0722444145397605 1.067841584369148 1.063149725054033 1.0584578657389179 1.0537660064237948 1.0490741471086797 1.0443822877935647 1.0396904284784494 1.0349985691633343 1.0303067098482193 1.0256148505331042 1.0209229912179891 1.016231131902874 1.011539272587759 1.006847413272644 1.0021555539575289 0.9974636946424138 0.9927718353272906 0.9880799760121756 0.9833881166970605 0.9786962573819454 0.9740043980668304 0.9693125387517152 0.9646206794366001 0.9599288201214851 0.95523696080637 0.9505451014912549 0.9458532421761399 0.9411613828610248
1.1339791271699413 1.1298711452637875 1.1257631633576337 1.12165518145148 1.1175471995453259 1.113439217639172 1.1093312357330112 1.1052232538268574 1.1011152719207034 1.0970072900145496 1.0928993081083958 1.088791326202242 1.084683344296088 1.0805753623899341 1.0764673804837803 1.0723593985776263 1.0679544665433511 1.0632320881031398 1.0585097096629286 1.053787331222709 1.0490649527824978 1.0443425743422865 1.0396201959020752 1.034897817461864 1.0301754390216527 1.0254530605814414 1.02073068214123 1.0160083037010188 1.0112859252608075 1.0065635468205962 1.001841168380385 0.9971187899401736 0.9923964114999542 0.9876740330597429 0.9829516546195316 0.9782292761793203 0.973506897739109 0.9687845192988978 0.9640621408586865 0.9593397624184751 0.9546173839782638 0.9498950055380525 0.9451726270978412 0.9404502486576299
1.1337269021193137 1.1296434008190595 1.125559899518805 1.1214763982185507 1.1173928969182965 1.1133093956180422 1.109225894317781 1.1051423930175268 1.1010588917172726 1.096975390417018 1.0928918891167638 1.0888083878165096 1.0847248865162553 1.080641385216001 1.0765578839157468 1.0724743826154925 1.0680673487175543 1.0633144511522468 1.0585615535869393 1.0538086560216238 1.049055758456316 1.0443028608910085 1.039549963325701 1.0347970657603935 1.030044168195086 1.0252912706297785 1.020538373064471 1.0157854754991635 1.011032577933856 1.0062796803685485 1.001526782803241 0.9967738852379334 0.9920209876726178 0.9872680901073102 0.9825151925420027 0.9777622949766952 0.9730093974113877 0.9682564998460802 0.9635036022807726 0.9587507047154651 0.9539978071501576 0.9492449095848501 0.9444920120195426 0.9397391144542351
1.1334746770686857 1.129415656374331 1.1253566356799762 1.1212976149856215 1.1172385942912668 1.113179573596912 1.1091205529025505 1.1050615322081958 1.1010025115138413 1.0969434908194866 1.092884470125132 1.0888254494307772 1.0847664287364225 1.0807074080420678 1.076648387347713 1.0725893666533584 1.0681802308917574 1.0633968142013537 1.05861339751095 1.053829980820538 1.0490465641301343 1.0442631474397306 1.0394797307493266 1.034696314058923 1.0299128973685192 1.0251294806781155 1.0203460639877118 1.015562647297308 1.0107792306069041 1.0059958139165004 1.0012123972260967 0.996428980535693 0.991645563845281 0.9868621471548773 0.9820787304644736 0.9772953137740698 0.972511897083666 0.9677284803932623 0.9629450637028585 0.9581616470124548 0.953378230322051 0.9485948136316473 0.9438113969412435 0.9390279802508398
1.1332224520180578 1.1291879119296027 1.1251533718411477 1.1211188317526926 1.1170842916642374 1.1130497515757825 1.1090152114873204 1.1049806713988652 1.10094613131041 1.0969115912219551 1.0928770511335 1.0888425110450448 1.0848079709565899 1.0807734308681347 1.0767388907796795 1.0727043506912246 1.0682931130659608 1.0634791772504606 1.0586652414349607 1.0538513056194525 1.0490373698039526 1.0442234339884526 1.0394094981729527 1.0345955623574528 1.0297816265419526 1.0249676907264527 1.0201537549109527 1.0153398190954528 1.0105258832799529 1.005711947464453 1.0008980116489528 0.9960840758334528 0.9912701400179447 0.9864562042024447 0.9816422683869448 0.9768283325714447 0.9720143967559448 0.9672004609404448 0.9623865251249448 0.9575725893094449 0.952758653493945 0.9479447176784449 0.943130781862945 0.9383168460474449
1.13297022696743 1.1289601674848746 1.124950108002319 1.1209400485197634 1.116929989037208 1.1129199295546524 1.10890987007209 1.1048998105895347 1.100889751106979 1.0968796916244234 1.092869632141868 1.0888595726593124 1.084849513176757 1.0808394536942014 1.076829394211646 1.0728193347290904 1.0684059952401637 1.0635615402995675 1.0587170853589714 1.053872630418367 1.0490281754777706 1.0441837205371745 1.0393392655965783 1.0344948106559821 1.029650355715386 1.0248059007747898 1.0199614458341935 1.0151169908935973 1.0102725359530011 1.005428081012405 1.0005836260718088 0.9957391711312126 0.9908947161906081 0.9860502612500119 0.9812058063094158 0.9763613513688196 0.9715168964282234 0.9666724414876272 0.961827986547031 0.9569835316064348 0.9521390766658386 0.9472946217252425 0.9424501667846462 0.9376057118440501
1.132718001916802 1.128732423040146 1.1247468441634902 1.1207612652868342 1.1167756864101783 1.1127901075335225 1.1088045286568597 1.1048189497802037 1.1008333709035478 1.096847792026892 1.092862213150236 1.08887663427358 1.0848910553969242 1.0809054765202681 1.0769198976436123 1.0729343187669564 1.0685188774143668 1.0636439033486744 1.058768929282982 1.0538939552172812 1.0490189811515889 1.0441440070858963 1.039269033020204 1.0343940589545115 1.0295190848888192 1.0246441108231268 1.0197691367574342 1.0148941626917418 1.0100191886260494 1.005144214560357 1.0002692404946645 0.9953942664289722 0.9905192923632714 0.985644318297579 0.9807693442318866 0.9758943701661942 0.9710193961005018 0.9661444220348093 0.961269447969117 0.9563944739034245 0.9515194998377321 0.9466445257720396 0.9417695517063472 0.9368945776406548
1.1343305866973314 1.1303359023712918 1.1263412180452523 1.122346533719213 1.1183518493931732 1.1143571650671338 1.1103624807410875 1.1063677964150478 1.1023731120890083 1.098378427762969 1.0943837434369292 1.0903890591108898 1.0863943747848503 1.0823996904588107 1.0784050061327712 1.0744103218067316 1.0699861628898564 1.0651028859178246 1.0602196089457927 1.0553363319737525 1.0504530550017206 1.0455697780296889 1.040686501057657 1.0358032240856252 1.0309199471135932 1.0260366701415615 1.0211533931695296 1.0162701161974976 1.011386839225466 1.006503562253434 1.0016202852814022 0.9967370083093703 0.9918537313373301 0.9869704543652983 0.9820871773932665 0.9772039004212346 0.9723206234492028 0.967437346477171 0.9625540695051391 0.9576707925331072 0.9527875155610753 0.9479042385890435 0.9430209616170117 0.9381376846449798
1.137936535652706 1.1338968445010367 1.1298571533493673 1.125817462197698 1.1217777710460288 1.1177380798943595 1.1136983887426832 1.109658697591014 1.1056190064393447 1.1015793152876754 1.097539624136006 1.093499932984337 1.0894602418326675 1.0854205506809982 1.081380859529329 1.0773411683776597 1.0729012201295054 1.068033387988748 1.0631655558479907 1.058297723707225 1.053429891566468 1.0485620594257106 1.0436942272849534 1.038826395144196 1.0339585630034387 1.0290907308626815 1.0242228987219242 1.0193550665811668 1.0144872344404097 1.0096194022996523 1.0047515701588952 0.9998837380181378 0.9950159058773722 0.990148073736615 0.9852802415958576 0.9804124094551003 0.9755445773143431 0.9706767451735858 0.9658089130328285 0.9609410808920712 0.9560732487513139 0.9512054166105567 0.9463375844697994 0.9414697523290421
1.141542484608082 1.137457786630783 1.1333730886534839 1.1292883906761848 1.1252036926988858 1.1211189947215867 1.1170342967442806 1.1129495987669815 1.1088649007896825 1.1047802028123834 1.1006955048350844 1.0966108068577853 1.0925261088804863 1.0884414109031872 1.084356712925888 1.080272014948589 1.0758162773691555 1.070963890059673 1.0661115027501902 1.0612591154406992 1.0564067281312164 1.0515543408217338 1.046701953512251 1.0418495662027683 1.0369971788932857 1.032144791583803 1.0272924042743201 1.0224400169648376 1.0175876296553548 1.012735242345872 1.0078828550363894 1.0030304677269066 0.9981780804174156 0.993325693107933 0.9884733057984502 0.9836209184889675 0.9787685311794848 0.973916143870002 0.9690637565605194 0.9642113692510367 0.9593589819415539 0.9545065946320712 0.9496542073225885 0.9448018200131059
1.1451484335634567 1.1410187287605278 1.136889023957599 1.13275931915467 1.1286296143517414 1.1244999095488126 1.1203702047458766 1.1162404999429478 1.112110795140019 1.1079810903370901 1.1038513855341614 1.0997216807312324 1.0955919759283037 1.091462271125375 1.087332566322446 1.0832028615195173 1.0787313346088048 1.0738943921305966 1.0690574496523884 1.064220507174172 1.0593835646959637 1.0545466222177557 1.0497096797395475 1.0448727372613393 1.0400357947831311 1.0351988523049231 1.030361909826715 1.0255249673485067 1.0206880248702985 1.0158510823920905 1.0110141399138823 1.0061771974356741 1.0013402549574577 0.9965033124792495 0.9916663700010414 0.9868294275228332 0.9819924850446251 0.9771555425664169 0.9723186000882088 0.9674816576100006 0.9626447151317925 0.9578077726535843 0.9529708301753761 0.948133887697168
1.148754382518831 1.1445796708902727 1.140404959261714 1.1362302476331554 1.132055536004597 1.1278808243760383 1.1237061127474726 1.119531401118914 1.1153566894903553 1.1111819778617968 1.1070072662332382 1.1028325546046795 1.098657842976121 1.0944831313475625 1.0903084197190038 1.0861337080904452 1.0816463918484536 1.07682489420152 1.0720033965545865 1.0671818989076447 1.062360401260711 1.0575389036137774 1.0527174059668438 1.0478959083199102 1.0430744106729768 1.0382529130260432 1.0334314153791095 1.028609917732176 1.0237884200852423 1.0189669224383087 1.014145424791375 1.0093239271444416 1.0045024294974998 0.9996809318505662 0.9948594342036325 0.990037936556699 0.9852164389097654 0.9803949412628318 0.9755734436158983 0.9707519459689646 0.965930448322031 0.9611089506750975 0.9562874530281639 0.9514659553812302
1.1523603314742075 1.1481406130200191 1.1439208945658306 1.1397011761116422 1.135481457657454 1.1312617392032656 1.12704202074907 1.1228223022948816 1.1186025838406932 1.1143828653865049 1.1101631469323165 1.105943428478128 1.1017237100239397 1.0975039915697513 1.093284273115563 1.0890645546613746 1.084561449088104 1.0797553962724449 1.0749493434567858 1.0701432906411186 1.0653372378254595 1.0605311850098005 1.0557251321941417 1.0509190793784826 1.0461130265628236 1.0413069737471645 1.0365009209315055 1.0316948681158464 1.0268888153001874 1.0220827624845283 1.0172767096688695 1.0124706568532105 1.0076646040375432 1.0028585512218842 0.9980524984062251 0.9932464455905661 0.9884403927749071 0.9836343399592481 0.978828287143589 0.9740222343279301 0.9692161815122711 0.964410128696612 0.959604075880953 0.9547980230652939
1.155966280429582 1.1517015551497638 1.1474368298699458 1.1431721045901275 1.1389073793103095 1.1346426540304912 1.130377928750666 1.1261132034708476 1.1218484781910296 1.1175837529112114 1.1133190276313933 1.109054302351575 1.104789577071757 1.1005248517919388 1.0962601265121208 1.0919954012323025 1.0874765063277527 1.0826858983433683 1.0778952903589838 1.0731046823745913 1.0683140743902069 1.0635234664058224 1.058732858421438 1.0539422504370535 1.049151642452669 1.0443610344682845 1.0395704264839 1.0347798184995156 1.0299892105151311 1.0251986025307467 1.0204079945463622 1.0156173865619778 1.0108267785775853 1.0060361705932008 1.0012455626088164 0.9964549546244319 0.9916643466400474 0.986873738655663 0.9820831306712785 0.977292522686894 0.9725019147025096 0.9677113067181252 0.9629206987337408 0.9581300907493563
1.1595722293849564 1.1552624972795087 1.1509527651740608 1.1466430330686128 1.1423333009631649 1.138023568857717 1.1337138367522617 1.1294041046468137 1.125094372541366 1.120784640435918 1.1164749083304701 1.1121651762250222 1.1078554441195743 1.1035457120141263 1.0992359799086784 1.0949262478032307 1.0903915635674017 1.0856164004142919 1.080841237261182 1.0760660741080639 1.071290910954954 1.066515747801844 1.0617405846487342 1.0569654214956243 1.0521902583425145 1.0474150951894046 1.0426399320362947 1.0378647688831848 1.033089605730075 1.028314442576965 1.0235392794238551 1.0187641162707453 1.0139889531176272 1.0092137899645173 1.0044386268114074 0.9996634636582975 0.9948883005051876 0.9901131373520777 0.9853379741989678 0.980562811045858 0.9757876478927481 0.9710124847396382 0.9662373215865283 0.9614621584334184
1.1631781783403312 1.1588234394092534 1.1544687004781757 1.150113961547098 1.1457592226160205 1.1414044836849428 1.1370497447538577 1.13269500582278 1.1283402668917024 1.1239855279606248 1.1196307890295472 1.1152760500984695 1.1109213111673917 1.106566572236314 1.1022118333052364 1.0978570943741588 1.0933066208070508 1.0885469024852155 1.0837871841633802 1.0790274658415366 1.0742677475197013 1.069508029197866 1.0647483108760307 1.0599885925541954 1.0552288742323601 1.0504691559105248 1.0457094375886895 1.0409497192668542 1.0361900009450187 1.0314302826231834 1.026670564301348 1.0219108459795128 1.0171511276576695 1.012391409335834 1.0076316910139986 1.0028719726921633 0.998112254370328 0.9933525360484927 0.9885928177266574 0.9838330994048221 0.9790733810829867 0.9743136627611514 0.9695539444393161 0.9647942261174808
1.1667841272957071 1.1623843815389998 1.1579846357822923 1.153584890025585 1.1491851442688774 1.14478539851217 1.140385652755455 1.1359859069987477 1.1315861612420401 1.1271864154853328 1.1227866697286253 1.118386923971918 1.1139871782152104 1.109587432458503 1.1051876867017956 1.100787940945088 1.0962216780467011 1.0914774045561404 1.0867331310655794 1.0819888575750107 1.07724458408445 1.0725003105938893 1.0677560371033283 1.0630117636127676 1.0582674901222069 1.0535232166316462 1.0487789431410854 1.0440346696505247 1.039290396159964 1.034546122669403 1.0298018491788423 1.0250575756882816 1.0203133021977129 1.015569028707152 1.0108247552165912 1.0060804817260305 1.0013362082354698 0.996591934744909 0.9918476612543483 0.9871033877637875 0.9823591142732268 0.977614840782666 0.9728705672921052 0.9681262938015445
1.1703900762510817 1.1659453236687445 1.1615005710864073 1.1570558185040702 1.152611065921733 1.1481663133393958 1.143721560757051 1.1392768081747138 1.1348320555923765 1.1303873030100393 1.125942550427702 1.1214977978453649 1.1170530452630278 1.1126082926806906 1.1081635400983534 1.1037187875160162 1.09913673528635 1.0944079066270638 1.0896790779677776 1.0849502493084833 1.0802214206491971 1.075492591989911 1.0707637633306248 1.0660349346713385 1.0613061060120523 1.0565772773527662 1.05184844869348 1.0471196200341937 1.0423907913749075 1.0376619627156214 1.0329331340563352 1.028204305397049 1.0234754767377547 1.0187466480784686 1.0140178194191825 1.009288990759896 1.00456016210061 0.9998313334413238 0.9951025047820377 0.9903736761227514 0.9856448474634653 0.980916018804179 0.9761871901448929 0.9714583614856067
1.1739960252064563 1.1695062657984894 1.1650165063905225 1.1605267469825555 1.1560369875745886 1.1515472281666215 1.147057468758647 1.1425677093506799 1.138077949942713 1.133588190534746 1.129098431126779 1.124608671718812 1.120118912310845 1.1156291529028781 1.1111393934949112 1.1066496340869443 1.102051792525999 1.0973384086979872 1.0926250248699756 1.087911641041956 1.0831982572139442 1.0784848733859327 1.0737714895579211 1.0690581057299096 1.0643447219018978 1.0596313380738862 1.0549179542458746 1.0502045704178629 1.0454911865898513 1.0407778027618397 1.0360644189338282 1.0313510351058164 1.0266376512777968 1.0219242674497853 1.0172108836217735 1.012497499793762 1.0077841159657503 1.0030707321377388 0.998357348309727 0.9936439644817154 0.9889305806537039 0.9842171968256922 0.9795038129976805 0.974790429169669
